Tick,NewlyInfected,NewlyRecovered,TotalSusceptible,TotalInfected,TotalRecovered,StepTimeNanos
0,5,0,999990,10,0,2110700
1,7,0,999983,17,0,1977700
2,3,2,999980,18,2,1951600
3,5,2,999975,21,4,1950300
4,4,1,999971,24,5,1825900
5,5,1,999966,28,6,1783300
6,7,2,999959,33,8,1717900
7,4,3,999955,34,11,1761600
8,7,0,999948,41,11,1820800
9,7,2,999941,46,13,1804400
10,7,3,999934,50,16,1770400
11,11,3,999923,58,19,1732700
12,2,2,999921,58,21,1884300
13,7,4,999914,61,25,1846500
14,10,2,999904,69,27,1749600
15,7,2,999897,74,29,1776100
16,14,7,999883,81,36,1758700
17,13,4,999870,90,40,1938800
18,9,4,999861,95,44,1919400
19,13,5,999848,103,49,1909100
20,11,4,999837,110,53,1768300
21,16,10,999821,116,63,1760000
22,9,3,999812,122,66,1726600
23,12,3,999800,131,69,1819600
24,16,3,999784,144,72,1813700
25,12,11,999772,145,83,1804100
26,18,9,999754,154,92,1773700
27,12,12,999742,154,104,1789600
28,14,6,999728,162,110,1799400
29,15,9,999713,168,119,1774600
30,17,3,999696,182,122,1792600
31,16,3,999680,195,125,1742500
32,18,9,999662,204,134,1848100
33,24,7,999638,221,141,1754700
34,19,8,999619,232,149,1869400
35,19,11,999600,240,160,1782900
36,22,12,999578,250,172,1722300
37,18,10,999560,258,182,1710700
38,22,14,999538,266,196,1702900
39,21,18,999517,269,214,1698800
40,18,11,999499,276,225,1814600
41,20,8,999479,288,233,1673700
42,27,17,999452,298,250,1728100
43,20,15,999432,303,265,1670100
44,23,19,999409,307,284,1655500
45,22,14,999387,315,298,1939400
46,17,17,999370,315,315,1697000
47,27,25,999343,317,340,1778900
48,26,19,999317,324,359,1892200
49,26,18,999291,332,377,1674700
50,22,14,999269,340,391,1665400
51,24,17,999245,347,408,1828000
52,28,15,999217,360,423,1700200
53,27,12,999190,375,435,1779100
54,36,19,999154,392,454,1781100
55,33,24,999121,401,478,1814800
56,27,15,999094,413,493,1984300
57,46,22,999048,437,515,1894600
58,33,21,999015,449,536,1797700
59,44,26,998971,467,562,1744400
60,27,20,998944,474,582,1700600
61,31,23,998913,482,605,1658900
62,35,28,998878,489,633,1685900
63,32,15,998846,506,648,1977900
64,38,32,998808,512,680,1784100
65,44,31,998764,525,711,1980400
66,53,25,998711,553,736,2090700
67,43,30,998668,566,766,1697600
68,38,31,998630,573,797,1987200
69,35,32,998595,576,829,2072100
70,43,30,998552,589,859,1898100
71,49,32,998503,606,891,1663200
72,45,25,998458,626,916,1661700
73,45,20,998413,651,936,2217700
74,48,30,998365,669,966,1889500
75,52,40,998313,681,1006,1788700
76,39,36,998274,684,1042,1820800
77,47,26,998227,705,1068,1693200
78,57,43,998170,719,1111,1789800
79,38,44,998132,713,1155,1780900
80,47,40,998085,720,1195,1748200
81,58,36,998027,742,1231,1690500
82,50,51,997977,741,1282,1759900
83,42,40,997935,743,1322,1664900
84,49,28,997886,764,1350,1721800
85,56,42,997830,778,1392,1779000
86,53,42,997777,789,1434,1892400
87,62,40,997715,811,1474,1684300
88,53,36,997662,828,1510,1934700
89,56,42,997606,842,1552,1735800
90,57,42,997549,857,1594,1774100
91,56,51,997493,862,1645,1699600
92,60,36,997433,886,1681,1920900
93,56,39,997377,903,1720,1697500
94,72,48,997305,927,1768,1718600
95,64,54,997241,937,1822,1810000
96,59,44,997182,952,1866,1742700
97,47,54,997135,945,1920,1763800
98,55,42,997080,958,1962,1916900
99,49,44,997031,963,2006,1738200
100,65,55,996966,973,2061,1771200
101,54,55,996912,972,2116,1681800
102,56,65,996856,963,2181,2130000
103,79,42,996777,1000,2223,1937700
104,73,61,996704,1012,2284,1760200
105,73,54,996631,1031,2338,1759900
106,79,57,996552,1053,2395,1771800
107,81,47,996471,1087,2442,1752100
108,74,48,996397,1113,2490,1803700
109,73,57,996324,1129,2547,1747100
110,79,68,996245,1140,2615,1694000
111,78,59,996167,1159,2674,1822200
112,81,67,996086,1173,2741,1929400
113,79,58,996007,1194,2799,1721100
114,72,60,995935,1206,2859,1866200
115,75,54,995860,1227,2913,1699100
116,80,47,995780,1260,2960,1782100
117,80,55,995700,1285,3015,1766300
118,94,53,995606,1326,3068,1681800
119,78,67,995528,1337,3135,1926000
120,81,53,995447,1365,3188,1729100
121,73,61,995374,1377,3249,1707800
122,78,60,995296,1395,3309,1703000
123,77,73,995219,1399,3382,1770300
124,103,77,995116,1425,3459,1710700
125,98,68,995018,1455,3527,1677300
126,106,58,994912,1503,3585,1841500
127,101,64,994811,1540,3649,1998000
128,108,70,994703,1578,3719,1702500
129,108,86,994595,1600,3805,1738000
130,110,70,994485,1640,3875,1864400
131,104,78,994381,1666,3953,1828200
132,103,97,994278,1672,4050,1762300
133,110,74,994168,1708,4124,1817000
134,107,86,994061,1729,4210,1853200
135,99,83,993962,1745,4293,1740400
136,100,80,993862,1765,4373,1951100
137,91,83,993771,1773,4456,1786900
138,120,91,993651,1802,4547,1771600
139,103,84,993548,1821,4631,1774000
140,90,101,993458,1810,4732,1744900
141,113,80,993345,1843,4812,1748700
142,94,91,993251,1846,4903,1838800
143,96,91,993155,1851,4994,1742700
144,106,74,993049,1883,5068,1814300
145,113,108,992936,1888,5176,1737400
146,115,95,992821,1908,5271,1738400
147,116,80,992705,1944,5351,1746700
148,111,103,992594,1952,5454,1733600
149,108,98,992486,1962,5552,1725200
150,115,116,992371,1961,5668,1742300
151,102,82,992269,1981,5750,1811100
152,94,102,992175,1973,5852,1769000
153,102,84,992073,1991,5936,1754800
154,105,107,991968,1989,6043,1691700
155,117,104,991851,2002,6147,1717700
156,98,83,991753,2017,6230,2045600
157,112,107,991641,2022,6337,1998700
158,112,102,991529,2032,6439,1746700
159,123,102,991406,2053,6541,1818200
160,97,98,991309,2052,6639,1797700
161,125,104,991184,2073,6743,1721400
162,108,108,991076,2073,6851,1801200
163,115,86,990961,2102,6937,1694600
164,107,114,990854,2095,7051,1931500
165,134,113,990720,2116,7164,1898700
166,124,123,990596,2117,7287,2065800
167,107,103,990489,2121,7390,1718200
168,131,102,990358,2150,7492,1689900
169,123,106,990235,2167,7598,1800900
170,130,113,990105,2184,7711,1804100
171,113,114,989992,2183,7825,1686800
172,143,107,989849,2219,7932,1675500
173,153,111,989696,2261,8043,1638400
174,136,121,989560,2276,8164,1724900
175,134,108,989426,2302,8272,1749400
176,137,121,989289,2318,8393,1765300
177,153,113,989136,2358,8506,1701900
178,127,115,989009,2370,8621,1791200
179,129,116,988880,2383,8737,1945100
180,128,117,988752,2394,8854,1931200
181,148,118,988604,2424,8972,1950000
182,130,107,988474,2447,9079,1727000
183,151,133,988323,2465,9212,1716900
184,141,110,988182,2496,9322,2012200
185,137,126,988045,2507,9448,1822300
186,132,114,987913,2525,9562,1806500
187,165,132,987748,2558,9694,1810300
188,145,128,987603,2575,9822,1810900
189,138,145,987465,2568,9967,1759000
190,150,137,987315,2581,10104,1673900
191,153,142,987162,2592,10246,1694800
192,153,127,987009,2618,10373,1814500
193,172,126,986837,2664,10499,1808900
194,150,120,986687,2694,10619,1804000
195,158,129,986529,2723,10748,1734100
196,157,147,986372,2733,10895,1891700
197,143,160,986229,2716,11055,1730900
198,136,150,986093,2702,11205,1746900
199,153,145,985940,2710,11350,1725600
200,175,145,985765,2740,11495,2184100
201,165,153,985600,2752,11648,1822000
202,173,134,985427,2791,11782,1710100
203,165,152,985262,2804,11934,1708700
204,166,135,985096,2835,12069,1784600
205,158,165,984938,2828,12234,1760400
206,184,120,984754,2892,12354,1695600
207,180,136,984574,2936,12490,1728800
208,166,159,984408,2943,12649,1841200
209,193,135,984215,3001,12784,1740700
210,207,154,984008,3054,12938,1825700
211,190,163,983818,3081,13101,1978300
212,201,158,983617,3124,13259,1747500
213,174,139,983443,3159,13398,1793900
214,190,163,983253,3186,13561,1876200
215,199,155,983054,3230,13716,1801500
216,193,151,982861,3272,13867,1778500
217,210,142,982651,3340,14009,2025800
218,190,152,982461,3378,14161,1811300
219,184,165,982277,3397,14326,1851600
220,201,181,982076,3417,14507,1806700
221,196,181,981880,3432,14688,1848000
222,194,177,981686,3449,14865,1897600
223,179,180,981507,3448,15045,1811200
224,181,175,981326,3454,15220,1796000
225,178,178,981148,3454,15398,1818100
226,184,181,980964,3457,15579,1860500
227,186,184,980778,3459,15763,1792600
228,189,183,980589,3465,15946,1819700
229,192,171,980397,3486,16117,1987400
230,185,184,980212,3487,16301,1857200
231,197,190,980015,3494,16491,1803200
232,185,200,979830,3479,16691,1737300
233,206,187,979624,3498,16878,1784500
234,188,183,979436,3503,17061,1788100
235,214,178,979222,3539,17239,1767200
236,201,200,979021,3540,17439,1747600
237,191,193,978830,3538,17632,2119900
238,185,178,978645,3545,17810,1810000
239,183,188,978462,3540,17998,1952800
240,173,171,978289,3542,18169,1965000
241,156,162,978133,3536,18331,1805100
242,200,184,977933,3552,18515,1772400
243,195,185,977738,3562,18700,2246200
244,193,178,977545,3577,18878,1902000
245,199,195,977346,3581,19073,1865200
246,186,147,977160,3620,19220,1893800
247,201,169,976959,3652,19389,1824600
248,187,167,976772,3672,19556,1843500
249,206,190,976566,3688,19746,1757500
250,207,191,976359,3704,19937,1717500
251,208,182,976151,3730,20119,1768400
252,194,205,975957,3719,20324,1862200
253,203,197,975754,3725,20521,1803000
254,201,171,975553,3755,20692,1745600
255,204,190,975349,3769,20882,1827300
256,190,201,975159,3758,21083,1820200
257,226,179,974933,3805,21262,2057200
258,219,204,974714,3820,21466,1771900
259,204,164,974510,3860,21630,1768200
260,238,193,974272,3905,21823,1782200
261,216,195,974056,3926,22018,1861300
262,225,211,973831,3940,22229,1817800
263,237,207,973594,3970,22436,1849900
264,241,235,973353,3976,22671,2125000
265,238,201,973115,4013,22872,2075800
266,210,192,972905,4031,23064,2103200
267,252,169,972653,4114,23233,1958100
268,234,195,972419,4153,23428,1968800
269,221,209,972198,4165,23637,1871800
270,228,207,971970,4186,23844,1804200
271,226,233,971744,4179,24077,1824800
272,224,199,971520,4204,24276,2053200
273,255,192,971265,4267,24468,1803900
274,226,187,971039,4306,24655,1871600
275,234,208,970805,4332,24863,1996100
276,215,213,970590,4334,25076,1960000
277,243,210,970347,4367,25286,2035800
278,217,217,970130,4367,25503,2042000
279,223,221,969907,4369,25724,2125000
280,233,201,969674,4401,25925,2021600
281,264,219,969410,4446,26144,2018200
282,253,203,969157,4496,26347,1952600
283,268,208,968889,4556,26555,1862400
284,270,248,968619,4578,26803,1938400
285,253,224,968366,4607,27027,1961400
286,235,230,968131,4612,27257,1895400
287,249,224,967882,4637,27481,1885300
288,276,234,967606,4679,27715,1908500
289,258,231,967348,4706,27946,1917700
290,252,227,967096,4731,28173,1968400
291,271,240,966825,4762,28413,1932300
292,255,208,966570,4809,28621,1983400
293,243,234,966327,4818,28855,1919100
294,237,227,966090,4828,29082,1943900
295,266,234,965824,4860,29316,1910000
296,282,233,965542,4909,29549,1945300
297,258,264,965284,4903,29813,1940000
298,247,243,965037,4907,30056,2024900
299,245,226,964792,4926,30282,1906000
300,270,232,964522,4964,30514,1970400
301,288,268,964234,4984,30782,2065500
302,281,229,963953,5036,31011,2018000
303,259,267,963694,5028,31278,2068300
304,271,245,963423,5054,31523,1991300
305,277,234,963146,5097,31757,1980300
306,265,241,962881,5121,31998,1994200
307,246,281,962635,5086,32279,2004800
308,266,242,962369,5110,32521,1947200
309,283,296,962086,5097,32817,2421800
310,261,248,961825,5110,33065,2323900
311,254,263,961571,5101,33328,2164800
312,243,248,961328,5096,33576,2141700
313,288,261,961040,5123,33837,2087900
314,265,244,960775,5144,34081,2095500
315,291,279,960484,5156,34360,2100500
316,260,245,960224,5171,34605,2058000
317,269,280,959955,5160,34885,2113800
318,275,252,959680,5183,35137,2090900
319,263,254,959417,5192,35391,2215200
320,272,259,959145,5205,35650,2107200
321,265,249,958880,5221,35899,2166700
322,287,254,958593,5254,36153,2255700
323,277,265,958316,5266,36418,2076900
324,276,279,958040,5263,36697,2055400
325,250,240,957790,5273,36937,2006800
326,253,260,957537,5266,37197,2080600
327,290,275,957247,5281,37472,2144200
328,266,245,956981,5302,37717,2075800
329,272,258,956709,5316,37975,2111800
330,264,277,956445,5303,38252,2014400
331,264,290,956181,5277,38542,2127900
332,260,244,955921,5293,38786,2112100
333,274,253,955647,5314,39039,2092600
334,292,269,955355,5337,39308,2026700
335,269,273,955086,5333,39581,2084200
336,286,284,954800,5335,39865,2071900
337,289,281,954511,5343,40146,1941400
338,267,257,954244,5353,40403,1990100
339,288,246,953956,5395,40649,1991700
340,299,265,953657,5429,40914,2136800
341,313,251,953344,5491,41165,1990200
342,296,288,953048,5499,41453,2063200
343,253,277,952795,5475,41730,2033100
344,303,286,952492,5492,42016,2027200
345,289,268,952203,5513,42284,2077500
346,284,278,951919,5519,42562,2086000
347,306,273,951613,5552,42835,1972600
348,326,292,951287,5586,43127,1932900
349,327,263,950960,5650,43390,1989300
350,325,279,950635,5696,43669,2011400
351,313,296,950322,5713,43965,2022900
352,310,307,950012,5716,44272,1942300
353,318,305,949694,5729,44577,2026000
354,314,294,949380,5749,44871,2005300
355,326,288,949054,5787,45159,2001400
356,320,291,948734,5816,45450,1957000
357,331,272,948403,5875,45722,1940900
358,328,285,948075,5918,46007,1875600
359,333,309,947742,5942,46316,1899100
360,326,299,947416,5969,46615,1932000
361,356,296,947060,6029,46911,1913000
362,315,300,946745,6044,47211,2301300
363,324,315,946421,6053,47526,2148200
364,320,298,946101,6075,47824,1968200
365,332,295,945769,6112,48119,2017300
366,338,316,945431,6134,48435,1922400
367,317,293,945114,6158,48728,2012500
368,306,331,944808,6133,49059,2135400
369,356,322,944452,6167,49381,1985400
370,348,309,944104,6206,49690,2234400
371,367,338,943737,6235,50028,1891100
372,323,281,943414,6277,50309,1982300
373,317,306,943097,6288,50615,2228400
374,358,299,942739,6347,50914,2053300
375,304,317,942435,6334,51231,1993100
376,325,301,942110,6358,51532,1931700
377,347,293,941763,6412,51825,1933000
378,344,332,941419,6424,52157,1903500
379,345,319,941074,6450,52476,1908300
380,345,302,940729,6493,52778,1923900
381,320,337,940409,6476,53115,1985100
382,330,306,940079,6500,53421,1918100
383,339,348,939740,6491,53769,2015600
384,334,361,939406,6464,54130,1990300
385,326,312,939080,6478,54442,1966300
386,325,364,938755,6439,54806,1924000
387,326,315,938429,6450,55121,1892200
388,319,333,938110,6436,55454,2029800
389,326,329,937784,6433,55783,2124000
390,346,296,937438,6483,56079,1984100
391,347,309,937091,6521,56388,1995700
392,346,337,936745,6530,56725,1921000
393,355,370,936390,6515,57095,2099400
394,328,297,936062,6546,57392,1989700
395,338,350,935724,6534,57742,1976100
396,332,362,935392,6504,58104,2005800
397,331,307,935061,6528,58411,1967600
398,352,322,934709,6558,58733,1954400
399,386,321,934323,6623,59054,1955600
400,367,306,933956,6684,59360,2100700
401,358,322,933598,6720,59682,1924300
402,327,355,933271,6692,60037,1934700
403,355,351,932916,6696,60388,2222000
404,350,369,932566,6677,60757,1981400
405,396,353,932170,6720,61110,2000400
406,362,325,931808,6757,61435,1974100
407,391,344,931417,6804,61779,1925500
408,373,379,931044,6798,62158,1903500
409,349,323,930695,6824,62481,1905500
410,370,340,930325,6854,62821,1982700
411,361,359,929964,6856,63180,2175300
412,349,343,929615,6862,63523,2018100
413,335,374,929280,6823,63897,1963200
414,350,330,928930,6843,64227,1953900
415,358,337,928572,6864,64564,1937000
416,360,362,928212,6862,64926,2007500
417,385,324,927827,6923,65250,2015600
418,377,362,927450,6938,65612,1947500
419,410,362,927040,6986,65974,2067700
420,349,358,926691,6977,66332,2033700
421,353,373,926338,6957,66705,2023900
422,371,322,925967,7006,67027,2023700
423,330,357,925637,6979,67384,1998900
424,375,350,925262,7004,67734,1980900
425,373,361,924889,7016,68095,1974900
426,352,339,924537,7029,68434,2189700
427,374,354,924163,7049,68788,1956000
428,356,364,923807,7041,69152,2031400
429,389,328,923418,7102,69480,2011900
430,359,355,923059,7106,69835,1986500
431,368,355,922691,7119,70190,1939600
432,358,372,922333,7105,70562,2120600
433,356,329,921977,7132,70891,2285400
434,348,336,921629,7144,71227,2000800
435,382,370,921247,7156,71597,1984300
436,378,336,920869,7198,71933,1944400
437,350,370,920519,7178,72303,1937700
438,397,329,920122,7246,72632,1961800
439,396,361,919726,7281,72993,2314600
440,363,373,919363,7271,73366,2068900
441,386,337,918977,7320,73703,2044900
442,391,365,918586,7346,74068,1972800
443,399,356,918187,7389,74424,2031100
444,384,349,917803,7424,74773,2124800
445,409,374,917394,7459,75147,2094500
446,407,372,916987,7494,75519,2111600
447,371,375,916616,7490,75894,2274600
448,410,371,916206,7529,76265,2329800
449,397,358,915809,7568,76623,2212600
450,399,388,915410,7579,77011,2123700
451,396,395,915014,7580,77406,2133500
452,396,393,914618,7583,77799,2043700
453,415,364,914203,7634,78163,1986400
454,396,378,913807,7652,78541,1956800
455,405,422,913402,7635,78963,1948900
456,352,363,913050,7624,79326,2026300
457,382,376,912668,7630,79702,2026100
458,424,397,912244,7657,80099,1951000
459,416,366,911828,7707,80465,1970100
460,428,439,911400,7696,80904,1940800
461,411,383,910989,7724,81287,1912400
462,435,407,910554,7752,81694,1934600
463,411,395,910143,7768,82089,2035100
464,388,369,909755,7787,82458,2242400
465,426,429,909329,7784,82887,2146800
466,427,372,908902,7839,83259,1996000
467,433,386,908469,7886,83645,2036100
468,406,391,908063,7901,84036,2093000
469,419,347,907644,7973,84383,1950500
470,438,417,907206,7994,84800,2069100
471,440,391,906766,8043,85191,2243300
472,407,372,906359,8078,85563,2242100
473,417,421,905942,8074,85984,2152200
474,443,401,905499,8116,86385,2239100
475,415,408,905084,8123,86793,2097300
476,403,399,904681,8127,87192,2123500
477,406,405,904275,8128,87597,1984600
478,416,370,903859,8174,87967,1956700
479,408,410,903451,8172,88377,2010400
480,413,446,903038,8139,88823,2019000
481,432,352,902606,8219,89175,2037500
482,455,439,902151,8235,89614,1973700
483,420,404,901731,8251,90018,1974100
484,453,395,901278,8309,90413,1938100
485,408,460,900870,8257,90873,1977300
486,379,407,900491,8229,91280,2006100
487,420,381,900071,8268,91661,1955200
488,425,425,899646,8268,92086,2047400
489,387,422,899259,8233,92508,2265600
490,411,407,898848,8237,92915,2244600
491,435,434,898413,8238,93349,2034400
492,416,412,897997,8242,93761,1993000
493,415,388,897582,8269,94149,2147000
494,420,403,897162,8286,94552,2029100
495,434,400,896728,8320,94952,2024000
496,422,397,896306,8345,95349,1983800
497,430,439,895876,8336,95788,1963800
498,413,409,895463,8340,96197,1941400
499,410,428,895053,8322,96625,1975700
500,431,402,894622,8351,97027,2123400
501,441,422,894181,8370,97449,1989100
502,418,403,893763,8385,97852,1968200
503,436,430,893327,8391,98282,2005000
504,448,420,892879,8419,98702,1980600
505,446,412,892433,8453,99114,2010700
506,451,424,891982,8480,99538,1998400
507,433,419,891549,8494,99957,2191500
508,428,477,891121,8445,100434,2248400
509,458,418,890663,8485,100852,2069300
510,434,437,890229,8482,101289,2127000
511,479,406,889750,8555,101695,2306300
512,455,418,889295,8592,102113,3421100
513,480,411,888815,8661,102524,3825800
514,432,419,888383,8674,102943,2606100
515,477,410,887906,8741,103353,4432000
516,459,429,887447,8771,103782,2663300
517,471,409,886976,8833,104191,8403300
518,466,431,886510,8868,104622,3150900
519,432,473,886078,8827,105095,3391200
520,452,420,885626,8859,105515,3781700
521,473,462,885153,8870,105977,3435600
522,458,425,884695,8903,106402,2964200
523,457,462,884238,8898,106864,2741000
524,467,444,883771,8921,107308,2540200
525,449,429,883322,8941,107737,2811400
526,466,418,882856,8989,108155,2348600
527,468,451,882388,9006,108606,2429400
528,492,466,881896,9032,109072,2344500
529,460,443,881436,9049,109515,2224700
530,483,410,880953,9122,109925,2484500
531,462,473,880491,9111,110398,2464900
532,447,431,880044,9127,110829,2537000
533,472,439,879572,9160,111268,2317100
534,480,450,879092,9190,111718,2387400
535,445,489,878647,9146,112207,2261200
536,448,460,878199,9134,112667,2277700
537,439,480,877760,9093,113147,2343700
538,458,440,877302,9111,113587,2220500
539,421,439,876881,9093,114026,2287500
540,469,453,876412,9109,114479,2234300
541,463,402,875949,9170,114881,2243000
542,445,435,875504,9180,115316,2117200
543,451,479,875053,9152,115795,2181400
544,448,460,874605,9140,116255,2398100
545,477,490,874128,9127,116745,2185400
546,414,464,873714,9077,117209,2133900
547,447,443,873267,9081,117652,2215800
548,448,447,872819,9082,118099,2204200
549,462,441,872357,9103,118540,2098400
550,448,449,871909,9102,118989,2055800
551,435,475,871474,9062,119464,1999900
552,456,433,871018,9085,119897,2056300
553,438,429,870580,9094,120326,1952000
554,466,494,870114,9066,120820,2045900
555,461,477,869653,9050,121297,2032000
556,441,443,869212,9048,121740,2015500
557,436,424,868776,9060,122164,2068100
558,474,449,868302,9085,122613,1969800
559,445,471,867857,9059,123084,2098900
560,488,435,867369,9112,123519,2034000
561,474,462,866895,9124,123981,2092200
562,481,470,866414,9135,124451,2191700
563,468,438,865946,9165,124889,2221100
564,484,486,865462,9163,125375,2297800
565,476,472,864986,9167,125847,2318200
566,483,457,864503,9193,126304,2416500
567,505,456,863998,9242,126760,2408200
568,464,432,863534,9274,127192,2488300
569,443,467,863091,9250,127659,2373700
570,462,489,862629,9223,128148,2389500
571,482,480,862147,9225,128628,2482500
572,467,494,861680,9198,129122,2383600
573,523,450,861157,9271,129572,2385600
574,482,460,860675,9293,130032,2459800
575,461,452,860214,9302,130484,8153800
576,492,474,859722,9320,130958,2966800
577,504,462,859218,9362,131420,2431100
578,493,467,858725,9388,131887,2378200
579,495,484,858230,9399,132371,2651600
580,480,449,857750,9430,132820,2483800
581,438,495,857312,9373,133315,2447600
582,485,480,856827,9378,133795,2314300
583,453,461,856374,9370,134256,2260100
584,439,442,855935,9367,134698,2170800
585,462,450,855473,9379,135148,2518800
586,464,493,855009,9350,135641,2232300
587,497,453,854512,9394,136094,2107300
588,486,461,854026,9419,136555,2111600
589,456,466,853570,9409,137021,2036200
590,458,468,853112,9399,137489,2030400
591,434,453,852678,9380,137942,2126700
592,450,504,852228,9326,138446,2138900
593,457,501,851771,9282,138947,2102900
594,443,455,851328,9270,139402,2244800
595,434,484,850894,9220,139886,2048100
596,464,458,850430,9226,140344,2411800
597,488,484,849942,9230,140828,2247400
598,427,457,849515,9200,141285,1981300
599,466,458,849049,9208,141743,1958800
600,500,449,848549,9259,142192,2224700
601,461,460,848088,9260,142652,1953400
602,493,465,847595,9288,143117,1975000
603,473,489,847122,9272,143606,1965900
604,454,473,846668,9253,144079,1947200
605,460,460,846208,9253,144539,2096300
606,463,462,845745,9254,145001,1953800
607,449,462,845296,9241,145463,2146100
608,450,482,844846,9209,145945,2135300
609,444,482,844402,9171,146427,2271500
610,493,441,843909,9223,146868,2060700
611,477,456,843432,9244,147324,2035600
612,463,445,842969,9262,147769,2004300
613,482,464,842487,9280,148233,1982900
614,469,436,842018,9313,148669,2019800
615,432,477,841586,9268,149146,2006200
616,474,458,841112,9284,149604,2067700
617,487,448,840625,9323,150052,2062400
618,490,494,840135,9319,150546,1986000
619,469,468,839666,9320,151014,1953100
620,473,473,839193,9320,151487,2074100
621,505,457,838688,9368,151944,2000300
622,467,469,838221,9366,152413,1957600
623,460,477,837761,9349,152890,1988300
624,484,456,837277,9377,153346,2141000
625,446,454,836831,9369,153800,1982800
626,473,479,836358,9363,154279,1957500
627,495,485,835863,9373,154764,1941000
628,461,498,835402,9336,155262,1954500
629,465,488,834937,9313,155750,1917100
630,435,456,834502,9292,156206,2094300
631,466,466,834036,9292,156672,1987800
632,467,491,833569,9268,157163,1898500
633,468,476,833101,9260,157639,2013700
634,454,461,832647,9253,158100,1932700
635,467,459,832180,9261,158559,1978200
636,456,439,831724,9278,158998,1891600
637,466,460,831258,9284,159458,1879900
638,460,474,830798,9270,159932,1965100
639,427,481,830371,9216,160413,1944600
640,417,470,829954,9163,160883,1940000
641,452,496,829502,9119,161379,1965400
642,484,471,829018,9132,161850,1973000
643,482,472,828536,9142,162322,1948800
644,518,471,828018,9189,162793,2001000
645,481,452,827537,9218,163245,1974900
646,468,450,827069,9236,163695,2009900
647,486,503,826583,9219,164198,2035300
648,503,434,826080,9288,164632,1892700
649,467,429,825613,9326,165061,1936600
650,490,487,825123,9329,165548,1872400
651,442,477,824681,9294,166025,1916300
652,476,436,824205,9334,166461,1847500
653,486,469,823719,9351,166930,2148600
654,474,472,823245,9353,167402,1911900
655,500,482,822745,9371,167884,1917700
656,486,418,822259,9439,168302,1863300
657,458,484,821801,9413,168786,1929700
658,500,506,821301,9407,169292,1907200
659,502,472,820799,9437,169764,1879300
660,476,451,820323,9462,170215,1873500
661,463,478,819860,9447,170693,2062100
662,481,446,819379,9482,171139,2136300
663,501,497,818878,9486,171636,1914200
664,506,476,818372,9516,172112,1963000
665,521,482,817851,9555,172594,1928000
666,482,522,817369,9515,173116,1902800
667,485,459,816884,9541,173575,1797000
668,536,442,816348,9635,174017,1842900
669,457,494,815891,9598,174511,1907400
670,478,473,815413,9603,174984,2010900
671,499,470,814914,9632,175454,1995100
672,504,485,814410,9651,175939,2182200
673,467,488,813943,9630,176427,1949200
674,475,489,813468,9616,176916,1938300
675,454,475,813014,9595,177391,2142300
676,508,467,812506,9636,177858,1955900
677,500,502,812006,9634,178360,1870700
678,486,511,811520,9609,178871,2066100
679,460,506,811060,9563,179377,2033400
680,538,499,810522,9602,179876,1963700
681,520,454,810002,9668,180330,1985300
682,504,472,809498,9700,180802,2119400
683,477,468,809021,9709,181270,1950000
684,477,488,808544,9698,181758,2019700
685,496,476,808048,9718,182234,1964200
686,479,479,807569,9718,182713,2067200
687,480,493,807089,9705,183206,2154600
688,466,506,806623,9665,183712,2163500
689,498,509,806125,9654,184221,2079300
690,507,473,805618,9688,184694,1973300
691,451,499,805167,9640,185193,1960700
692,463,468,804704,9635,185661,1965000
693,537,457,804167,9715,186118,2021000
694,494,472,803673,9737,186590,2125600
695,482,490,803191,9729,187080,1984900
696,499,474,802692,9754,187554,2032100
697,514,476,802178,9792,188030,1945600
698,499,478,801679,9813,188508,1954600
699,467,509,801212,9771,189017,2058900
700,468,562,800744,9677,189579,2130700
701,494,481,800250,9690,190060,2143000
702,514,506,799736,9698,190566,2137300
703,500,471,799236,9727,191037,1975100
704,510,510,798726,9727,191547,1911500
705,468,489,798258,9706,192036,1825300
706,465,458,797793,9713,192494,1920700
707,497,464,797296,9746,192958,1924100
708,491,507,796805,9730,193465,1929500
709,496,508,796309,9718,193973,1936100
710,490,495,795819,9713,194468,1945300
711,481,466,795338,9728,194934,2175200
712,513,473,794825,9768,195407,1923900
713,507,482,794318,9793,195889,1945000
714,494,492,793824,9795,196381,1923500
715,444,496,793380,9743,196877,1839200
716,517,458,792863,9802,197335,2049000
717,435,496,792428,9741,197831,1966900
718,491,487,791937,9745,198318,1941000
719,459,472,791478,9732,198790,1864600
720,510,488,790968,9754,199278,1904500
721,543,483,790425,9814,199761,2173400
722,515,480,789910,9849,200241,1892700
723,463,476,789447,9836,200717,1854900
724,479,511,788968,9804,201228,2010300
725,530,488,788438,9846,201716,1911200
726,502,464,787936,9884,202180,1908400
727,500,522,787436,9862,202702,1919900
728,496,479,786940,9879,203181,1904500
729,497,480,786443,9896,203661,1930300
730,463,487,785980,9872,204148,1893900
731,490,473,785490,9889,204621,1834800
732,473,511,785017,9851,205132,1843700
733,518,515,784499,9854,205647,1892300
734,538,486,783961,9906,206133,1929400
735,486,454,783475,9938,206587,2133400
736,490,497,782985,9931,207084,1870600
737,498,502,782487,9927,207586,2008800
738,491,484,781996,9934,208070,1928400
739,517,522,781479,9929,208592,1880600
740,472,445,781007,9956,209037,1877100
741,533,478,780474,10011,209515,2079400
742,489,525,779985,9975,210040,1933200
743,465,467,779520,9973,210507,1986900
744,490,502,779030,9961,211009,1942300
745,518,500,778512,9979,211509,2383800
746,511,472,778001,10018,211981,2077200
747,502,498,777499,10022,212479,1934700
748,511,512,776988,10021,212991,1909100
749,477,481,776511,10017,213472,1903600
750,510,494,776001,10033,213966,1809000
751,505,533,775496,10005,214499,1918300
752,521,480,774975,10046,214979,1979100
753,489,502,774486,10033,215481,1922700
754,487,508,773999,10012,215989,1903600
755,499,505,773500,10006,216494,1899100
756,505,475,772995,10036,216969,1916800
757,520,512,772475,10044,217481,1970800
758,493,518,771982,10019,217999,1918400
759,538,519,771444,10038,218518,1935200
760,473,467,770971,10044,218985,1896700
761,494,505,770477,10033,219490,1879800
762,468,483,770009,10018,219973,1899300
763,516,497,769493,10037,220470,1936100
764,454,487,769039,10004,220957,1901100
765,488,492,768551,10000,221449,1927900
766,544,495,768007,10049,221944,1929900
767,502,531,767505,10020,222475,1906900
768,498,537,767007,9981,223012,1975800
769,481,484,766526,9978,223496,1875000
770,480,493,766046,9965,223989,1929400
771,479,492,765567,9952,224481,1924900
772,558,494,765009,10016,224975,1968100
773,497,472,764512,10041,225447,1947000
774,526,487,763986,10080,225934,1926800
775,466,512,763520,10034,226446,1860800
776,464,492,763056,10006,226938,1855900
777,475,474,762581,10007,227412,2429400
778,469,480,762112,9996,227892,2149000
779,485,512,761627,9969,228404,1996900
780,511,528,761116,9952,228932,2015300
781,488,485,760628,9955,229417,1942400
782,466,479,760162,9942,229896,1936400
783,495,503,759667,9934,230399,2074200
784,505,479,759162,9960,230878,1958400
785,473,500,758689,9933,231378,1886300
786,486,479,758203,9940,231857,1964000
787,516,491,757687,9965,232348,2096000
788,500,513,757187,9952,232861,2040500
789,462,491,756725,9923,233352,2055200
790,516,497,756209,9942,233849,2096500
791,511,487,755698,9966,234336,2068700
792,511,499,755187,9978,234835,2076200
793,514,537,754673,9955,235372,2199800
794,519,495,754154,9979,235867,2084100
795,530,494,753624,10015,236361,2119100
796,487,543,753137,9959,236904,2080400
797,518,511,752619,9966,237415,2211300
798,522,466,752097,10022,237881,2012000
799,513,494,751584,10041,238375,2240100
800,513,508,751071,10046,238883,2104200
801,533,535,750538,10044,239418,2163000
802,491,493,750047,10042,239911,2028400
803,476,510,749571,10008,240421,2073500
804,497,510,749074,9995,240931,2227600
805,548,489,748526,10054,241420,2055900
806,513,500,748013,10067,241920,2190200
807,552,531,747461,10088,242451,2183000
808,510,513,746951,10085,242964,2025300
809,514,513,746437,10086,243477,2085500
810,536,517,745901,10105,243994,2077000
811,565,509,745336,10161,244503,2217800
812,537,560,744799,10138,245063,2067000
813,533,498,744266,10173,245561,2124500
814,561,524,743705,10210,246085,2220500
815,557,494,743148,10273,246579,2179500
816,521,491,742627,10303,247070,2190000
817,555,520,742072,10338,247590,2100400
818,549,543,741523,10344,248133,2030100
819,531,496,740992,10379,248629,2045100
820,556,518,740436,10417,249147,2269700
821,492,522,739944,10387,249669,2019500
822,542,489,739402,10440,250158,2021200
823,562,568,738840,10434,250726,2067300
824,543,529,738297,10448,251255,1997900
825,513,488,737784,10473,251743,2042200
826,533,510,737251,10496,252253,2039900
827,537,545,736714,10488,252798,2120000
828,560,534,736154,10514,253332,2057500
829,520,543,735634,10491,253875,2042800
830,536,525,735098,10502,254400,2080500
831,531,511,734567,10522,254911,2054100
832,512,519,734055,10515,255430,2202300
833,535,504,733520,10546,255934,2142800
834,514,549,733006,10511,256483,2026000
835,545,511,732461,10545,256994,2071900
836,522,526,731939,10541,257520,2030300
837,488,558,731451,10471,258078,2050600
838,518,513,730933,10476,258591,2160800
839,508,523,730425,10461,259114,2116300
840,523,501,729902,10483,259615,2186700
841,497,517,729405,10463,260132,2027700
842,504,552,728901,10415,260684,2366700
843,531,453,728370,10493,261137,1997400
844,532,521,727838,10504,261658,1987400
845,542,536,727296,10510,262194,2007000
846,516,491,726780,10535,262685,2068300
847,519,478,726261,10576,263163,2007900
848,565,531,725696,10610,263694,2356300
849,561,545,725135,10626,264239,2101000
850,488,560,724647,10554,264799,2059300
851,496,526,724151,10524,265325,2056600
852,518,532,723633,10510,265857,2052700
853,504,524,723129,10490,266381,2016900
854,558,523,722571,10525,266904,2081300
855,533,528,722038,10530,267432,2010200
856,556,510,721482,10576,267942,2053800
857,518,518,720964,10576,268460,2036900
858,554,517,720410,10613,268977,2069400
859,499,537,719911,10575,269514,2074400
860,535,527,719376,10583,270041,2029800
861,512,523,718864,10572,270564,2008800
862,548,514,718316,10606,271078,2097100
863,557,533,717759,10630,271611,2070700
864,528,540,717231,10618,272151,2025400
865,519,509,716712,10628,272660,2069900
866,503,532,716209,10599,273192,1990300
867,487,555,715722,10531,273747,2131700
868,531,509,715191,10553,274256,2032600
869,524,576,714667,10501,274832,2207700
870,538,523,714129,10516,275355,2038000
871,532,514,713597,10534,275869,2040400
872,507,512,713090,10529,276381,2063600
873,509,524,712581,10514,276905,2058000
874,528,533,712053,10509,277438,2006400
875,505,513,711548,10501,277951,2086000
876,528,520,711020,10509,278471,2071200
877,505,564,710515,10450,279035,2077700
878,521,514,709994,10457,279549,2104100
879,498,510,709496,10445,280059,2186700
880,537,485,708959,10497,280544,2042900
881,545,519,708414,10523,281063,2149900
882,548,541,707866,10530,281604,2121700
883,526,498,707340,10558,282102,2131400
884,528,522,706812,10564,282624,2073400
885,509,540,706303,10533,283164,2231600
886,527,528,705776,10532,283692,2023300
887,556,493,705220,10595,284185,2180700
888,531,539,704689,10587,284724,2095100
889,513,526,704176,10574,285250,2222400
890,513,492,703663,10595,285742,2196200
891,534,486,703129,10643,286228,2070300
892,520,554,702609,10609,286782,2009600
893,551,499,702058,10661,287281,2008500
894,566,511,701492,10716,287792,2048900
895,509,571,700983,10654,288363,2017900
896,557,556,700426,10655,288919,2209600
897,514,559,699912,10610,289478,2070100
898,502,519,699410,10593,289997,2091400
899,522,547,698888,10568,290544,2137500
900,516,557,698372,10527,291101,2041300
901,555,540,697817,10542,291641,2036600
902,502,578,697315,10466,292219,2038000
903,541,553,696774,10454,292772,2014400
904,532,531,696242,10455,293303,2071700
905,504,516,695738,10443,293819,2249200
906,513,534,695225,10422,294353,2353700
907,532,523,694693,10431,294876,2273400
908,522,533,694171,10420,295409,2069300
909,521,537,693650,10404,295946,2200700
910,531,521,693119,10414,296467,2047200
911,535,539,692584,10410,297006,2061300
912,544,553,692040,10401,297559,2089300
913,506,536,691534,10371,298095,1963200
914,525,529,691009,10367,298624,1941000
915,502,499,690507,10370,299123,2179300
916,533,481,689974,10422,299604,2115100
917,530,522,689444,10430,300126,2305000
918,522,516,688922,10436,300642,1971900
919,551,518,688371,10469,301160,2113900
920,590,521,687781,10538,301681,2064600
921,546,546,687235,10538,302227,2038800
922,566,523,686669,10581,302750,2264300
923,537,518,686132,10600,303268,1968200
924,555,523,685577,10632,303791,1950200
925,530,562,685047,10600,304353,1981300
926,491,543,684556,10548,304896,1940300
927,514,555,684042,10507,305451,1981600
928,546,565,683496,10488,306016,1962700
929,551,520,682945,10519,306536,1958700
930,551,542,682394,10528,307078,1979100
931,505,510,681889,10523,307588,2064500
932,541,539,681348,10525,308127,2208600
933,539,548,680809,10516,308675,2038600
934,542,548,680267,10510,309223,1964300
935,534,574,679733,10470,309797,2016300
936,540,529,679193,10481,310326,1965800
937,534,546,678659,10469,310872,2254200
938,498,541,678161,10426,311413,1984900
939,513,485,677648,10454,311898,1930700
940,496,504,677152,10446,312402,1952600
941,546,529,676606,10463,312931,1940800
942,527,548,676079,10442,313479,1931300
943,548,502,675531,10488,313981,2028000
944,545,516,674986,10517,314497,2152400
945,524,542,674462,10499,315039,2061700
946,516,488,673946,10527,315527,1961800
947,493,518,673453,10502,316045,2051200
948,498,541,672955,10459,316586,1993200
949,538,513,672417,10484,317099,2090600
950,513,564,671904,10433,317663,2116500
951,522,557,671382,10398,318220,2123900
952,547,542,670835,10403,318762,2205500
953,560,468,670275,10495,319230,11523400
954,542,531,669733,10506,319761,2543700
955,533,474,669200,10565,320235,2482300
956,551,509,668649,10607,320744,2424700
957,515,564,668134,10558,321308,2269800
958,564,532,667570,10590,321840,2282700
959,536,530,667034,10596,322370,2213100
960,576,541,666458,10631,322911,2288100
961,559,534,665899,10656,323445,2162400
962,582,560,665317,10678,324005,2245700
963,562,512,664755,10728,324517,2470400
964,541,545,664214,10724,325062,2214300
965,559,534,663655,10749,325596,2420400
966,531,531,663124,10749,326127,2485800
967,547,507,662577,10789,326634,2343600
968,554,512,662023,10831,327146,2224400
969,539,537,661484,10833,327683,2102400
970,521,568,660963,10786,328251,2184200
971,535,543,660428,10778,328794,2328400
972,528,547,659900,10759,329341,2230600
973,561,541,659339,10779,329882,2196500
974,582,553,658757,10808,330435,2201200
975,570,562,658187,10816,330997,2500000
976,563,541,657624,10838,331538,2165600
977,581,548,657043,10871,332086,2577100
978,563,555,656480,10879,332641,2136800
979,545,545,655935,10879,333186,2168300
980,527,545,655408,10861,333731,2214800
981,578,544,654830,10895,334275,2178800
982,568,510,654262,10953,334785,2215700
983,523,533,653739,10943,335318,2119200
984,564,563,653175,10944,335881,2213000
985,556,598,652619,10902,336479,2213500
986,529,565,652090,10866,337044,2113300
987,550,527,651540,10889,337571,2432700
988,525,548,651015,10866,338119,2153700
989,548,538,650467,10876,338657,2307200
990,554,583,649913,10847,339240,2165300
991,514,508,649399,10853,339748,2139000
992,502,520,648897,10835,340268,2240800
993,539,514,648358,10860,340782,2180200
994,500,559,647858,10801,341341,2332500
995,517,521,647341,10797,341862,2203100
996,483,546,646858,10734,342408,2214300
997,533,565,646325,10702,342973,2295100
998,532,540,645793,10694,343513,2215500
999,513,532,645280,10675,344045,2160400
1000,500,559,644780,10616,344604,2192200
1001,530,527,644250,10619,345131,2178800
1002,531,534,643719,10616,345665,2193600
1003,512,544,643207,10584,346209,2134500
1004,505,533,642702,10556,346742,2176000
1005,488,504,642214,10540,347246,2183000
1006,532,501,641682,10571,347747,2087000
1007,505,510,641177,10566,348257,2508000
1008,486,509,640691,10543,348766,2178200
1009,521,533,640170,10531,349299,2174900
1010,494,523,639676,10502,349822,2109600
1011,541,517,639135,10526,350339,2176100
1012,503,524,638632,10505,350863,2205100
1013,470,516,638162,10459,351379,2123700
1014,537,524,637625,10472,351903,2056800
1015,514,544,637111,10442,352447,2201300
1016,542,509,636569,10475,352956,2077200
1017,535,515,636034,10495,353471,2198500
1018,496,500,635538,10491,353971,2069100
1019,536,497,635002,10530,354468,2083700
1020,516,518,634486,10528,354986,2149500
1021,519,523,633967,10524,355509,2120500
1022,524,553,633443,10495,356062,2191200
1023,519,559,632924,10455,356621,2117200
1024,560,551,632364,10464,357172,2084600
1025,550,532,631814,10482,357704,2091000
1026,490,561,631324,10411,358265,2083500
1027,518,535,630806,10394,358800,2122600
1028,528,515,630278,10407,359315,2086600
1029,546,524,629732,10429,359839,2148100
1030,540,549,629192,10420,360388,2291700
1031,520,524,628672,10416,360912,2064200
1032,550,528,628122,10438,361440,2058200
1033,559,509,627563,10488,361949,2160300
1034,548,514,627015,10522,362463,2117200
1035,538,536,626477,10524,362999,2098100
1036,520,530,625957,10514,363529,2067000
1037,537,514,625420,10537,364043,2155100
1038,476,522,624944,10491,364565,2399900
1039,509,533,624435,10467,365098,2060300
1040,512,542,623923,10437,365640,2110700
1041,520,520,623403,10437,366160,2118600
1042,509,552,622894,10394,366712,2077900
1043,510,461,622384,10443,367173,2185600
1044,514,561,621870,10396,367734,2298300
1045,524,533,621346,10387,368267,2105000
1046,517,533,620829,10371,368800,2116300
1047,507,493,620322,10385,369293,2068700
1048,481,540,619841,10326,369833,2154200
1049,517,532,619324,10311,370365,2352600
1050,522,516,618802,10317,370881,2027200
1051,534,510,618268,10341,371391,2103000
1052,522,501,617746,10362,371892,2060800
1053,502,544,617244,10320,372436,2056700
1054,540,511,616704,10349,372947,2134700
1055,536,505,616168,10380,373452,2075100
1056,548,520,615620,10408,373972,2158500
1057,514,553,615106,10369,374525,2081700
1058,543,493,614563,10419,375018,2297500
1059,514,508,614049,10425,375526,2147900
1060,489,508,613560,10406,376034,2084400
1061,560,504,613000,10462,376538,2210300
1062,533,508,612467,10487,377046,2116100
1063,542,523,611925,10506,377569,2028600
1064,519,590,611406,10435,378159,2132700
1065,542,515,610864,10462,378674,2086300
1066,537,522,610327,10477,379196,2123500
1067,522,524,609805,10475,379720,2155300
1068,531,542,609274,10464,380262,2064300
1069,524,499,608750,10489,380761,2107600
1070,533,523,608217,10499,381284,2068100
1071,551,526,607666,10524,381810,2112300
1072,560,486,607106,10598,382296,2232600
1073,549,506,606557,10641,382802,2299900
1074,531,549,606026,10623,383351,2403900
1075,546,549,605480,10620,383900,2114300
1076,556,552,604924,10624,384452,2063900
1077,535,499,604389,10660,384951,2172300
1078,525,568,603864,10617,385519,2181400
1079,554,491,603310,10680,386010,2226300
1080,523,565,602787,10638,386575,2100800
1081,537,496,602250,10679,387071,2149300
1082,586,515,601664,10750,387586,2205700
1083,550,539,601114,10761,388125,2042000
1084,546,543,600568,10764,388668,2045000
1085,558,577,600010,10745,389245,2096200
1086,527,558,599483,10714,389803,2014200
1087,543,576,598940,10681,390379,2060000
1088,545,515,598395,10711,390894,2106600
1089,479,546,597916,10644,391440,2137800
1090,533,517,597383,10660,391957,1975100
1091,516,537,596867,10639,392494,1913700
1092,537,553,596330,10623,393047,1943500
1093,553,545,595777,10631,393592,1910200
1094,543,579,595234,10595,394171,1844200
1095,548,517,594686,10626,394688,2038000
1096,607,544,594079,10689,395232,2084800
1097,532,549,593547,10672,395781,1913400
1098,564,518,592983,10718,396299,1984100
1099,551,551,592432,10718,396850,2261500
1100,516,530,591916,10704,397380,1944600
1101,521,529,591395,10696,397909,1923400
1102,515,543,590880,10668,398452,1857000
1103,543,556,590337,10655,399008,2002700
1104,581,516,589756,10720,399524,2026500
1105,565,570,589191,10715,400094,1958400
1106,498,500,588693,10713,400594,1969200
1107,526,537,588167,10702,401131,1930400
1108,503,545,587664,10660,401676,1952100
1109,491,591,587173,10560,402267,2016000
1110,521,516,586652,10565,402783,1848200
1111,530,494,586122,10601,403277,1944600
1112,488,533,585634,10556,403810,1892600
1113,499,557,585135,10498,404367,2025900
1114,530,579,584605,10449,404946,1975400
1115,496,517,584109,10428,405463,1951000
1116,489,570,583620,10347,406033,1826500
1117,514,519,583106,10342,406552,1902200
1118,485,526,582621,10301,407078,1947700
1119,483,531,582138,10253,407609,1964400
1120,504,507,581634,10250,408116,1910800
1121,496,519,581138,10227,408635,2073600
1122,546,485,580592,10288,409120,1945400
1123,507,522,580085,10273,409642,1912500
1124,554,504,579531,10323,410146,1909700
1125,501,535,579030,10289,410681,1907100
1126,522,505,578508,10306,411186,1978500
1127,503,501,578005,10308,411687,1950400
1128,522,493,577483,10337,412180,1924400
1129,519,540,576964,10316,412720,2082000
1130,536,532,576428,10320,413252,2123000
1131,518,532,575910,10306,413784,1903200
1132,519,516,575391,10309,414300,1914500
1133,559,491,574832,10377,414791,1932900
1134,510,506,574322,10381,415297,1934800
1135,516,522,573806,10375,415819,2225600
1136,531,516,573275,10390,416335,1928300
1137,527,511,572748,10406,416846,1960300
1138,528,529,572220,10405,417375,2149800
1139,559,531,571661,10433,417906,2021800
1140,508,553,571153,10388,418459,2134400
1141,536,505,570617,10419,418964,1926400
1142,537,548,570080,10408,419512,1933800
1143,522,485,569558,10445,419997,2029900
1144,535,507,569023,10473,420504,1941900
1145,571,554,568452,10490,421058,1939900
1146,550,489,567902,10551,421547,1935600
1147,528,493,567374,10586,422040,2166400
1148,547,493,566827,10640,422533,2045700
1149,534,510,566293,10664,423043,1973600
1150,526,532,565767,10658,423575,2013000
1151,539,516,565228,10681,424091,2353400
1152,533,550,564695,10664,424641,2194000
1153,565,523,564130,10706,425164,2069500
1154,553,535,563577,10724,425699,2196200
1155,513,529,563064,10708,426228,2141700
1156,513,526,562551,10695,426754,2445700
1157,546,476,562005,10765,427230,2147100
1158,536,534,561469,10767,427764,2036400
1159,542,554,560927,10755,428318,2165800
1160,523,589,560404,10689,428907,2123200
1161,533,497,559871,10725,429404,2100900
1162,539,556,559332,10708,429960,2079100
1163,523,552,558809,10679,430512,2036000
1164,520,508,558289,10691,431020,2076800
1165,536,542,557753,10685,431562,2400200
1166,499,511,557254,10673,432073,2178800
1167,517,547,556737,10643,432620,2206000
1168,506,526,556231,10623,433146,2091600
1169,558,561,555673,10620,433707,2230100
1170,526,569,555147,10577,434276,2173300
1171,524,537,554623,10564,434813,2159400
1172,531,529,554092,10566,435342,2349300
1173,547,504,553545,10609,435846,2069800
1174,565,543,552980,10631,436389,2288000
1175,553,546,552427,10638,436935,2193100
1176,578,525,551849,10691,437460,2125900
1177,565,545,551284,10711,438005,2383200
1178,532,550,550752,10693,438555,2210500
1179,546,520,550206,10719,439075,2653800
1180,550,514,549656,10755,439589,2129800
1181,562,522,549094,10795,440111,2162100
1182,535,531,548559,10799,440642,2226700
1183,507,559,548052,10747,441201,2142900
1184,506,555,547546,10698,441756,2133700
1185,547,530,546999,10715,442286,2042600
1186,545,516,546454,10744,442802,2141300
1187,502,542,545952,10704,443344,2099900
1188,541,544,545411,10701,443888,2113000
1189,508,565,544903,10644,444453,2254000
1190,535,569,544368,10610,445022,2096500
1191,524,526,543844,10608,445548,2056000
1192,549,509,543295,10648,446057,2103200
1193,515,531,542780,10632,446588,2076900
1194,526,551,542254,10607,447139,2045600
1195,519,528,541735,10598,447667,2029300
1196,560,479,541175,10679,448146,2036900
1197,510,522,540665,10667,448668,2176600
1198,487,531,540178,10623,449199,2075000
1199,538,563,539640,10598,449762,2047700
1200,531,531,539109,10598,450293,2120400
1201,526,513,538583,10611,450806,2037400
1202,550,541,538033,10620,451347,2065300
1203,524,535,537509,10609,451882,2068400
1204,530,513,536979,10626,452395,2003600
1205,537,532,536442,10631,452927,2126600
1206,559,553,535883,10637,453480,2043000
1207,532,526,535351,10643,454006,2157900
1208,504,545,534847,10602,454551,2122700
1209,519,516,534328,10605,455067,2046900
1210,566,496,533762,10675,455563,2049700
1211,543,545,533219,10673,456108,2034900
1212,548,541,532671,10680,456649,2051900
1213,527,511,532144,10696,457160,2125900
1214,530,519,531614,10707,457679,2033900
1215,490,550,531124,10647,458229,2090600
1216,538,543,530586,10642,458772,2220400
1217,546,558,530040,10630,459330,2129600
1218,525,548,529515,10607,459878,2078500
1219,532,544,528983,10595,460422,2055100
1220,542,539,528441,10598,460961,2028300
1221,518,500,527923,10616,461461,2047300
1222,515,516,527408,10615,461977,2040300
1223,546,559,526862,10602,462536,2155400
1224,535,514,526327,10623,463050,2214000
1225,511,507,525816,10627,463557,2206500
1226,573,544,525243,10656,464101,2146500
1227,527,565,524716,10618,464666,2081300
1228,503,534,524213,10587,465200,2271000
1229,508,503,523705,10592,465703,2136700
1230,591,507,523114,10676,466210,2223700
1231,546,527,522568,10695,466737,2290700
1232,531,558,522037,10668,467295,2230500
1233,552,516,521485,10704,467811,2354500
1234,534,532,520951,10706,468343,2082300
1235,561,487,520390,10780,468830,2028500
1236,567,511,519823,10836,469341,2310900
1237,528,512,519295,10852,469853,2129400
1238,502,522,518793,10832,470375,2169600
1239,570,512,518223,10890,470887,2278300
1240,539,548,517684,10881,471435,2090800
1241,538,563,517146,10856,471998,2076700
1242,550,492,516596,10914,472490,2051600
1243,540,543,516056,10911,473033,2182200
1244,531,538,515525,10904,473571,2342600
1245,531,539,514994,10896,474110,2240000
1246,528,524,514466,10900,474634,2189100
1247,542,568,513924,10874,475202,2098000
1248,578,599,513346,10853,475801,2067900
1249,491,593,512855,10751,476394,2140500
1250,567,546,512288,10772,476940,2090100
1251,539,506,511749,10805,477446,2518000
1252,530,530,511219,10805,477976,2092600
1253,545,579,510674,10771,478555,2306400
1254,563,570,510111,10764,479125,2178200
1255,527,519,509584,10772,479644,2091500
1256,512,530,509072,10754,480174,2164800
1257,549,556,508523,10747,480730,2145000
1258,546,543,507977,10750,481273,2231300
1259,551,521,507426,10780,481794,2338800
1260,540,521,506886,10799,482315,2106000
1261,512,522,506374,10789,482837,2143400
1262,555,527,505819,10817,483364,2087400
1263,540,544,505279,10813,483908,2080500
1264,547,542,504732,10818,484450,2252000
1265,509,540,504223,10787,484990,2186000
1266,511,544,503712,10754,485534,2159000
1267,579,556,503133,10777,486090,2315200
1268,517,504,502616,10790,486594,2267200
1269,550,524,502066,10816,487118,2239200
1270,514,552,501552,10778,487670,2109200
1271,515,576,501037,10717,488246,2041500
1272,553,545,500484,10725,488791,2280000
1273,508,508,499976,10725,489299,2131200
1274,520,531,499456,10714,489830,2158200
1275,529,472,498927,10771,490302,2123100
1276,506,552,498421,10725,490854,2084700
1277,540,499,497881,10766,491353,2181600
1278,565,553,497316,10778,491906,2107200
1279,593,524,496723,10847,492430,2301700
1280,525,535,496198,10837,492965,2204200
1281,573,508,495625,10902,493473,2200700
1282,559,481,495066,10980,493954,2148400
1283,550,545,494516,10985,494499,2100300
1284,580,554,493936,11011,495053,2269500
1285,538,506,493398,11043,495559,2120400
1286,562,590,492836,11015,496149,2060600
1287,588,561,492248,11042,496710,2179200
1288,569,564,491679,11047,497274,2149600
1289,577,555,491102,11069,497829,2369400
1290,531,519,490571,11081,498348,2124500
1291,566,526,490005,11121,498874,2104200
1292,514,564,489491,11071,499438,2120600
1293,487,567,489004,10991,500005,2088100
1294,549,551,488455,10989,500556,2074500
1295,563,530,487892,11022,501086,2042400
1296,563,580,487329,11005,501666,1978400
1297,570,557,486759,11018,502223,2229400
1298,512,497,486247,11033,502720,1892300
1299,549,605,485698,10977,503325,2028500
1300,538,566,485160,10949,503891,2096200
1301,557,604,484603,10902,504495,1970700
1302,562,582,484041,10882,505077,1980000
1303,577,520,483464,10939,505597,1947500
1304,577,562,482887,10954,506159,2054800
1305,547,539,482340,10962,506698,2171100
1306,560,549,481780,10973,507247,2021600
1307,554,530,481226,10997,507777,2033900
1308,569,572,480657,10994,508349,2138500
1309,560,552,480097,11002,508901,1974700
1310,591,540,479506,11053,509441,2257200
1311,573,545,478933,11081,509986,1977000
1312,574,554,478359,11101,510540,2131700
1313,576,569,477783,11108,511109,1876600
1314,549,561,477234,11096,511670,1993300
1315,571,542,476663,11125,512212,1959300
1316,551,580,476112,11096,512792,1938300
1317,558,542,475554,11112,513334,2378300
1318,559,542,474995,11129,513876,2148200
1319,525,538,474470,11116,514414,1927600
1320,564,497,473906,11183,514911,1847800
1321,541,583,473365,11141,515494,1851500
1322,528,553,472837,11116,516047,1958800
1323,535,539,472302,11112,516586,2001200
1324,543,532,471759,11123,517118,2095200
1325,546,580,471213,11089,517698,1979600
1326,541,556,470672,11074,518254,2078500
1327,568,530,470104,11112,518784,1918700
1328,549,565,469555,11096,519349,1956300
1329,549,539,469006,11106,519888,1953500
1330,596,543,468410,11159,520431,1964700
1331,519,543,467891,11135,520974,1915900
1332,545,548,467346,11132,521522,1955000
1333,563,539,466783,11156,522061,2140000
1334,553,533,466230,11176,522594,1998700
1335,570,580,465660,11166,523174,2054200
1336,561,507,465099,11220,523681,1953800
1337,539,557,464560,11202,524238,2036000
1338,546,579,464014,11169,524817,1940800
1339,544,545,463470,11168,525362,2283800
1340,535,541,462935,11162,525903,2065600
1341,582,567,462353,11177,526470,1964500
1342,550,573,461803,11154,527043,1851300
1343,540,557,461263,11137,527600,1944000
1344,608,585,460655,11160,528185,1998200
1345,543,558,460112,11145,528743,1947700
1346,570,551,459542,11164,529294,2178700
1347,554,572,458988,11146,529866,1980200
1348,599,543,458389,11202,530409,2073500
1349,549,579,457840,11172,530988,1989600
1350,571,576,457269,11167,531564,1964200
1351,533,563,456736,11137,532127,1993000
1352,554,570,456182,11121,532697,1986500
1353,560,539,455622,11142,533236,1881400
1354,586,577,455036,11151,533813,1859300
1355,544,558,454492,11137,534371,1956600
1356,540,539,453952,11138,534910,1912400
1357,548,556,453404,11130,535466,1913500
1358,542,593,452862,11079,536059,2028200
1359,533,556,452329,11056,536615,2092700
1360,584,558,451745,11082,537173,1965200
1361,542,547,451203,11077,537720,1934000
1362,580,566,450623,11091,538286,2071700
1363,530,564,450093,11057,538850,1953200
1364,523,588,449570,10992,539438,1926600
1365,515,539,449055,10968,539977,2104900
1366,539,556,448516,10951,540533,2002400
1367,522,568,447994,10905,541101,2023800
1368,536,535,447458,10906,541636,2007600
1369,555,561,446903,10900,542197,1928500
1370,561,552,446342,10909,542749,1960200
1371,552,547,445790,10914,543296,2304100
1372,521,548,445269,10887,543844,2237000
1373,533,533,444736,10887,544377,2201000
1374,556,523,444180,10920,544900,2133400
1375,516,526,443664,10910,545426,1983400
1376,548,535,443116,10923,545961,1979800
1377,559,547,442557,10935,546508,1997800
1378,544,568,442013,10911,547076,1930000
1379,555,559,441458,10907,547635,2182900
1380,580,539,440878,10948,548174,2407700
1381,570,540,440308,10978,548714,2032700
1382,566,546,439742,10998,549260,1928000
1383,577,575,439165,11000,549835,1988700
1384,565,545,438600,11020,550380,1833700
1385,531,588,438069,10963,550968,2253400
1386,594,505,437475,11052,551473,1948900
1387,550,538,436925,11064,552011,2144300
1388,584,554,436341,11094,552565,2145500
1389,541,540,435800,11095,553105,1881400
1390,592,539,435208,11148,553644,1878700
1391,570,568,434638,11150,554212,1876100
1392,592,565,434046,11177,554777,1932800
1393,575,522,433471,11230,555299,1887800
1394,584,525,432887,11289,555824,2157200
1395,569,561,432318,11297,556385,1947400
1396,600,550,431718,11347,556935,2033100
1397,582,557,431136,11372,557492,1936100
1398,576,549,430560,11399,558041,1928400
1399,550,613,430010,11336,558654,1934800
1400,594,580,429416,11350,559234,2022400
1401,527,547,428889,11330,559781,2135900
1402,608,570,428281,11368,560351,1921400
1403,571,565,427710,11374,560916,1936800
1404,560,561,427150,11373,561477,1964700
1405,591,566,426559,11398,562043,2102000
1406,546,549,426013,11395,562592,1989800
1407,578,540,425435,11433,563132,2057500
1408,531,579,424904,11385,563711,2130000
1409,548,574,424356,11359,564285,1978000
1410,540,571,423816,11328,564856,1947500
1411,533,547,423283,11314,565403,2003400
1412,572,598,422711,11288,566001,2036200
1413,524,538,422187,11274,566539,1961500
1414,531,572,421656,11233,567111,1842100
1415,548,538,421108,11243,567649,1975300
1416,509,564,420599,11188,568213,1999200
1417,595,575,420004,11208,568788,2020100
1418,557,570,419447,11195,569358,2165800
1419,521,586,418926,11130,569944,2086900
1420,532,569,418394,11093,570513,2005200
1421,498,550,417896,11041,571063,2157500
1422,541,565,417355,11017,571628,2073600
1423,519,540,416836,10996,572168,2056200
1424,502,564,416334,10934,572732,2228200
1425,535,555,415799,10914,573287,2010700
1426,557,490,415242,10981,573777,2527000
1427,553,541,414689,10993,574318,2049800
1428,500,567,414189,10926,574885,2241200
1429,567,598,413622,10895,575483,2113400
1430,511,518,413111,10888,576001,2085900
1431,535,543,412576,10880,576544,2331900
1432,522,563,412054,10839,577107,2075200
1433,496,549,411558,10786,577656,2022500
1434,502,547,411056,10741,578203,2095300
1435,525,572,410531,10694,578775,2060500
1436,521,560,410010,10655,579335,2016200
1437,499,546,409511,10608,579881,2070900
1438,524,531,408987,10601,580412,2017500
1439,488,518,408499,10571,580930,2387300
1440,501,535,407998,10537,581465,2109100
1441,498,521,407500,10514,581986,2087300
1442,531,503,406969,10542,582489,2080900
1443,506,496,406463,10552,582985,2058400
1444,506,529,405957,10529,583514,2148500
1445,514,511,405443,10532,584025,2077800
1446,477,541,404966,10468,584566,2144900
1447,571,500,404395,10539,585066,2158100
1448,532,491,403863,10580,585557,2135600
1449,523,521,403340,10582,586078,2074800
1450,521,489,402819,10614,586567,2129600
1451,544,510,402275,10648,587077,2070000
1452,552,527,401723,10673,587604,2268900
1453,508,563,401215,10618,588167,2100300
1454,544,568,400671,10594,588735,2042600
1455,577,523,400094,10648,589258,2080900
1456,565,555,399529,10658,589813,2069600
1457,541,534,398988,10665,590347,2016300
1458,582,548,398406,10699,590895,2059800
1459,488,542,397918,10645,591437,2211900
1460,515,508,397403,10652,591945,2217400
1461,506,526,396897,10632,592471,2045300
1462,516,532,396381,10616,593003,2018000
1463,493,529,395888,10580,593532,2015800
1464,504,490,395384,10594,594022,2003800
1465,493,510,394891,10577,594532,2015100
1466,517,550,394374,10544,595082,2026800
1467,487,530,393887,10501,595612,1993100
1468,475,524,393412,10452,596136,2146900
1469,501,548,392911,10405,596684,2116500
1470,530,515,392381,10420,597199,2083100
1471,496,512,391885,10404,597711,2814000
1472,496,541,391389,10359,598252,3549000
1473,539,507,390850,10391,598759,2270800
1474,515,487,390335,10419,599246,2107500
1475,555,521,389780,10453,599767,2362200
1476,528,537,389252,10444,600304,2102900
1477,487,549,388765,10382,600853,2104300
1478,514,517,388251,10379,601370,2091100
1479,493,540,387758,10332,601910,2012700
1480,548,474,387210,10406,602384,2103800
1481,509,487,386701,10428,602871,2140400
1482,513,511,386188,10430,603382,2114200
1483,483,475,385705,10438,603857,2130600
1484,512,479,385193,10471,604336,2042200
1485,518,494,384675,10495,604830,2081300
1486,514,535,384161,10474,605365,2053400
1487,571,482,383590,10563,605847,2048100
1488,511,494,383079,10580,606341,2147400
1489,500,540,382579,10540,606881,2068200
1490,481,487,382098,10534,607368,2058500
1491,470,545,381628,10459,607913,2080000
1492,503,526,381125,10436,608439,2093100
1493,527,527,380598,10436,608966,2113100
1494,480,537,380118,10379,609503,2090900
1495,502,491,379616,10390,609994,1984200
1496,526,483,379090,10433,610477,2169100
1497,521,525,378569,10429,611002,2104500
1498,496,470,378073,10455,611472,2144900
1499,520,534,377553,10441,612006,2179600
1500,515,507,377038,10449,612513,2201200
1501,516,501,376522,10464,613014,2159100
1502,529,488,375993,10505,613502,2047200
1503,518,527,375475,10496,614029,2140700
1504,526,493,374949,10529,614522,2042700
1505,491,552,374458,10468,615074,2004700
1506,508,519,373950,10457,615593,1983100
1507,550,493,373400,10514,616086,2058800
1508,545,493,372855,10566,616579,2053600
1509,510,501,372345,10575,617080,2016900
1510,530,549,371815,10556,617629,2031900
1511,506,507,371309,10555,618136,2002900
1512,526,537,370783,10544,618673,2035800
1513,521,542,370262,10523,619215,2050600
1514,507,517,369755,10513,619732,1962100
1515,537,513,369218,10537,620245,1938500
1516,517,492,368701,10562,620737,1969000
1517,494,515,368207,10541,621252,1999700
1518,557,498,367650,10600,621750,1923400
1519,515,550,367135,10565,622300,1948700
1520,553,527,366582,10591,622827,1958100
1521,502,518,366080,10575,623345,1962400
1522,497,496,365583,10576,623841,1958100
1523,541,533,365042,10584,624374,1999300
1524,525,520,364517,10589,624894,1977800
1525,497,482,364020,10604,625376,1949100
1526,496,541,363524,10559,625917,1927100
1527,480,504,363044,10535,626421,1937600
1528,492,488,362552,10539,626909,2119500
1529,477,528,362075,10488,627437,1941700
1530,513,566,361562,10435,628003,1949900
1531,552,540,361010,10447,628543,1936400
1532,489,528,360521,10408,629071,1990700
1533,490,499,360031,10399,629570,1970900
1534,514,526,359517,10387,630096,1991100
1535,520,545,358997,10362,630641,1991000
1536,504,526,358493,10340,631167,1978100
1537,530,525,357963,10345,631692,2121200
1538,527,547,357436,10325,632239,1990400
1539,476,532,356960,10269,632771,1918100
1540,534,531,356426,10272,633302,1954400
1541,520,501,355906,10291,633803,1939300
1542,493,493,355413,10291,634296,1944800
1543,519,563,354894,10247,634859,1951100
1544,528,490,354366,10285,635349,1941800
1545,518,495,353848,10308,635844,1949900
1546,519,547,353329,10280,636391,1999400
1547,486,541,352843,10225,636932,1979800
1548,469,503,352374,10191,637435,2215100
1549,481,512,351893,10160,637947,2244600
1550,462,510,351431,10112,638457,1974100
1551,472,510,350959,10074,638967,2266800
1552,476,497,350483,10053,639464,1992200
1553,471,470,350012,10054,639934,2047400
1554,483,560,349529,9977,640494,1913700
1555,481,471,349048,9987,640965,1920400
1556,537,521,348511,10003,641486,1944800
1557,473,493,348038,9983,641979,1929300
1558,464,491,347574,9956,642470,1924300
1559,495,488,347079,9963,642958,2223400
1560,475,477,346604,9961,643435,1964400
1561,489,495,346115,9955,643930,1982700
1562,484,481,345631,9958,644411,1982500
1563,452,467,345179,9943,644878,2101700
1564,479,548,344700,9874,645426,1964700
1565,500,480,344200,9894,645906,11199500
1566,497,535,343703,9856,646441,2285200
1567,494,499,343209,9851,646940,2266700
1568,526,505,342683,9872,647445,2051500
1569,505,473,342178,9904,647918,2215900
1570,460,486,341718,9878,648404,1987000
1571,519,519,341199,9878,648923,1983100
1572,502,462,340697,9918,649385,1978000
1573,478,515,340219,9881,649900,1979300
1574,521,501,339698,9901,650401,1995300
1575,522,505,339176,9918,650906,1921200
1576,509,500,338667,9927,651406,2075900
1577,477,511,338190,9893,651917,1972300
1578,505,459,337685,9939,652376,1972100
1579,486,521,337199,9904,652897,1973100
1580,470,462,336729,9912,653359,1935300
1581,473,511,336256,9874,653870,1893100
1582,464,510,335792,9828,654380,1842200
1583,474,528,335318,9774,654908,1912000
1584,467,457,334851,9784,655365,1951100
1585,487,461,334364,9810,655826,2139300
1586,466,451,333898,9825,656277,1862700
1587,461,462,333437,9824,656739,1977700
1588,462,462,332975,9824,657201,1958200
1589,494,492,332481,9826,657693,1930900
1590,458,523,332023,9761,658216,1891300
1591,514,488,331509,9787,658704,1893700
1592,511,571,330998,9727,659275,1931700
1593,498,469,330500,9756,659744,1926300
1594,491,465,330009,9782,660209,1852400
1595,443,508,329566,9717,660717,2208400
1596,482,498,329084,9701,661215,1944300
1597,477,447,328607,9731,661662,2107200
1598,481,511,328126,9701,662173,2182800
1599,449,527,327677,9623,662700,1950700
1600,496,513,327181,9606,663213,1972400
1601,515,475,326666,9646,663688,1954200
1602,527,485,326139,9688,664173,2116700
1603,488,537,325651,9639,664710,1971800
1604,487,478,325164,9648,665188,1975800
1605,465,521,324699,9592,665709,1935200
1606,471,469,324228,9594,666178,2017100
1607,493,491,323735,9596,666669,1965200
1608,504,490,323231,9610,667159,1914300
1609,511,465,322720,9656,667624,2034700
1610,478,467,322242,9667,668091,2004300
1611,482,494,321760,9655,668585,1910900
1612,496,471,321264,9680,669056,2062300
1613,454,523,320810,9611,669579,2054500
1614,459,513,320351,9557,670092,1939700
1615,524,461,319827,9620,670553,1910800
1616,467,475,319360,9612,671028,1938900
1617,470,495,318890,9587,671523,2083100
1618,482,471,318408,9598,671994,1956600
1619,473,498,317935,9573,672492,1908600
1620,478,498,317457,9553,672990,1894900
1621,490,463,316967,9580,673453,1895500
1622,466,493,316501,9553,673946,1814100
1623,455,478,316046,9530,674424,1835200
1624,473,480,315573,9523,674904,1958600
1625,447,476,315126,9494,675380,2005900
1626,514,469,314612,9539,675849,1864300
1627,455,476,314157,9518,676325,2204400
1628,447,433,313710,9532,676758,1945100
1629,490,450,313220,9572,677208,1909800
1630,511,506,312709,9577,677714,1960400
1631,485,483,312224,9579,678197,1867200
1632,502,497,311722,9584,678694,1854800
1633,485,481,311237,9588,679175,1957000
1634,482,483,310755,9587,679658,1937500
1635,470,466,310285,9591,680124,1943500
1636,485,438,309800,9638,680562,1876600
1637,495,499,309305,9634,681061,1774800
1638,547,461,308758,9720,681522,2051100
1639,500,469,308258,9751,681991,1959800
1640,479,463,307779,9767,682454,2053000
1641,480,458,307299,9789,682912,2284400
1642,490,482,306809,9797,683394,2029700
1643,492,469,306317,9820,683863,1960900
1644,499,514,305818,9805,684377,2096300
1645,462,481,305356,9786,684858,1954400
1646,461,478,304895,9769,685336,1927200
1647,503,474,304392,9798,685810,2095800
1648,484,476,303908,9806,686286,2035400
1649,527,496,303381,9837,686782,2093400
1650,521,472,302860,9886,687254,2002500
1651,489,458,302371,9917,687712,1950300
1652,498,471,301873,9944,688183,1999800
1653,479,503,301394,9920,688686,1998200
1654,485,450,300909,9955,689136,2082100
1655,465,477,300444,9943,689613,1987000
1656,478,515,299966,9906,690128,2003700
1657,515,497,299451,9924,690625,2228200
1658,457,474,298994,9907,691099,1839000
1659,465,503,298529,9869,691602,1951600
1660,440,472,298089,9837,692074,2079500
1661,493,526,297596,9804,692600,1955400
1662,517,532,297079,9789,693132,1978800
1663,481,492,296598,9778,693624,1954000
1664,455,515,296143,9718,694139,2259200
1665,485,517,295658,9686,694656,1828100
1666,488,504,295170,9670,695160,1969600
1667,450,478,294720,9642,695638,1830600
1668,461,496,294259,9607,696134,1880900
1669,467,485,293792,9589,696619,1820000
1670,454,495,293338,9548,697114,1814400
1671,469,465,292869,9552,697579,1885800
1672,479,489,292390,9542,698068,1950700
1673,471,510,291919,9503,698578,1941200
1674,485,489,291434,9499,699067,1918800
1675,471,450,290963,9520,699517,1920500
1676,460,466,290503,9514,699983,1923600
1677,482,469,290021,9527,700452,1956200
1678,483,444,289538,9566,700896,1954100
1679,460,463,289078,9563,701359,1925700
1680,463,492,288615,9534,701851,1928500
1681,443,469,288172,9508,702320,1805100
1682,465,465,287707,9508,702785,1842300
1683,476,501,287231,9483,703286,1996700
1684,466,504,286765,9445,703790,1997300
1685,465,486,286300,9424,704276,1933100
1686,418,494,285882,9348,704770,2071400
1687,487,468,285395,9367,705238,2109200
1688,451,473,284944,9345,705711,2162800
1689,438,428,284506,9355,706139,1940400
1690,475,463,284031,9367,706602,2042700
1691,480,454,283551,9393,707056,1845100
1692,486,485,283065,9394,707541,1847100
1693,482,480,282583,9396,708021,2115300
1694,494,465,282089,9425,708486,2123500
1695,497,468,281592,9454,708954,1832900
1696,523,483,281069,9494,709437,1974900
1697,477,459,280592,9512,709896,1903500
1698,469,445,280123,9536,710341,2152600
1699,499,484,279624,9551,710825,1995100
1700,487,443,279137,9595,711268,2131500
1701,489,453,278648,9631,711721,2149700
1702,492,452,278156,9671,712173,2299000
1703,474,471,277682,9674,712644,2034200
1704,517,485,277165,9706,713129,2043200
1705,476,491,276689,9691,713620,2074000
1706,490,485,276199,9696,714105,1926400
1707,517,488,275682,9725,714593,1923700
1708,504,467,275178,9762,715060,2032700
1709,478,511,274700,9729,715571,1925400
1710,519,500,274181,9748,716071,1959300
1711,478,484,273703,9742,716555,2358900
1712,504,489,273199,9757,717044,1973300
1713,477,497,272722,9737,717541,1928600
1714,468,479,272254,9726,718020,1903700
1715,470,500,271784,9696,718520,1960100
1716,480,522,271304,9654,719042,1949200
1717,478,486,270826,9646,719528,1929700
1718,483,469,270343,9660,719997,1843700
1719,489,475,269854,9674,720472,2043400
1720,459,494,269395,9639,720966,1944100
1721,466,498,268929,9607,721464,1942900
1722,461,487,268468,9581,721951,1914900
1723,448,455,268020,9574,722406,2094400
1724,456,482,267564,9548,722888,1939300
1725,466,499,267098,9515,723387,1964000
1726,429,480,266669,9464,723867,2072300
1727,489,465,266180,9488,724332,2095000
1728,477,410,265703,9555,724742,2008600
1729,470,509,265233,9516,725251,2026200
1730,483,447,264750,9552,725698,2108100
1731,474,483,264276,9543,726181,2023400
1732,468,455,263808,9556,726636,2009000
1733,503,490,263305,9569,727126,2204600
1734,473,496,262832,9546,727622,2118100
1735,465,492,262367,9519,728114,2121800
1736,446,507,261921,9458,728621,2346800
1737,430,453,261491,9435,729074,2123800
1738,465,490,261026,9410,729564,1954300
1739,455,468,260571,9397,730032,1935200
1740,465,484,260106,9378,730516,1903100
1741,512,449,259594,9441,730965,1918400
1742,477,444,259117,9474,731409,2241800
1743,481,465,258636,9490,731874,1923900
1744,458,461,258178,9487,732335,1910900
1745,465,503,257713,9449,732838,1922100
1746,447,468,257266,9428,733306,1917400
1747,475,497,256791,9406,733803,1954900
1748,490,482,256301,9414,734285,1923100
1749,457,469,255844,9402,734754,1931700
1750,457,477,255387,9382,735231,2041900
1751,446,461,254941,9367,735692,1935200
1752,448,505,254493,9310,736197,2094900
1753,426,447,254067,9289,736644,1842400
1754,457,494,253610,9252,737138,1833300
1755,467,430,253143,9289,737568,1849800
1756,465,442,252678,9312,738010,1840000
1757,427,447,252251,9292,738457,1919200
1758,502,438,251749,9356,738895,2016100
1759,442,470,251307,9328,739365,1829100
1760,488,480,250819,9336,739845,1899200
1761,473,476,250346,9333,740321,1962000
1762,425,483,249921,9275,740804,1952200
1763,438,488,249483,9225,741292,1853500
1764,398,493,249085,9130,741785,1913600
1765,469,461,248616,9138,742246,1851300
1766,467,457,248149,9148,742703,1844600
1767,405,461,247744,9092,743164,1830700
1768,448,445,247296,9095,743609,1935500
1769,463,476,246833,9082,744085,1960500
1770,452,420,246381,9114,744505,1936700
1771,438,476,245943,9076,744981,1901800
1772,438,450,245505,9064,745431,1820100
1773,423,475,245082,9012,745906,1837100
1774,443,426,244639,9029,746332,1878900
1775,433,418,244206,9044,746750,1899100
1776,446,484,243760,9006,747234,1922500
1777,486,456,243274,9036,747690,1946100
1778,472,461,242802,9047,748151,1963200
1779,470,436,242332,9081,748587,1908300
1780,445,461,241887,9065,749048,2179000
1781,430,446,241457,9049,749494,1941600
1782,413,449,241044,9013,749943,1974200
1783,435,418,240609,9030,750361,1877200
1784,489,441,240120,9078,750802,2025400
1785,500,457,239620,9121,751259,2005500
1786,443,442,239177,9122,751701,1934700
1787,456,451,238721,9127,752152,1917200
1788,463,434,238258,9156,752586,1999900
1789,459,468,237799,9147,753054,1949300
1790,462,432,237337,9177,753486,2438800
1791,446,420,236891,9203,753906,1890900
1792,417,480,236474,9140,754386,1962500
1793,416,469,236058,9087,754855,1914600
1794,427,464,235631,9050,755319,1910800
1795,442,472,235189,9020,755791,1939200
1796,410,457,234779,8973,756248,1913200
1797,453,442,234326,8984,756690,1922600
1798,445,441,233881,8988,757131,2010200
1799,477,473,233404,8992,757604,1876900
1800,421,491,232983,8922,758095,1862700
1801,436,459,232547,8899,758554,1844500
1802,443,404,232104,8938,758958,1794600
1803,419,418,231685,8939,759376,1932700
1804,448,475,231237,8912,759851,1898600
1805,426,443,230811,8895,760294,1938600
1806,446,440,230365,8901,760734,1944300
1807,421,468,229944,8854,761202,1843500
1808,443,480,229501,8817,761682,1836800
1809,416,426,229085,8807,762108,1808800
1810,412,485,228673,8734,762593,1853200
1811,445,420,228228,8759,763013,1893400
1812,472,472,227756,8759,763485,1930200
1813,420,412,227336,8767,763897,1886100
1814,419,463,226917,8723,764360,1793300
1815,411,435,226506,8699,764795,2163000
1816,435,434,226071,8700,765229,2195300
1817,432,459,225639,8673,765688,1956900
1818,424,429,225215,8668,766117,2070400
1819,408,421,224807,8655,766538,1986700
1820,441,438,224366,8658,766976,1935600
1821,412,447,223954,8623,767423,1975700
1822,397,446,223557,8574,767869,1984300
1823,399,450,223158,8523,768319,1913200
1824,424,424,222734,8523,768743,1962800
1825,417,415,222317,8525,769158,1932900
1826,474,431,221843,8568,769589,1939200
1827,389,458,221454,8499,770047,1894600
1828,418,453,221036,8464,770500,1830600
1829,403,386,220633,8481,770886,1824500
1830,390,428,220243,8443,771314,1940300
1831,417,383,219826,8477,771697,2210800
1832,396,410,219430,8463,772107,1925500
1833,404,438,219026,8429,772545,1964800
1834,382,427,218644,8384,772972,2249100
1835,431,402,218213,8413,773374,2140800
1836,443,403,217770,8453,773777,2104200
1837,425,409,217345,8469,774186,2045600
1838,400,406,216945,8463,774592,1971800
1839,419,393,216526,8489,774985,1966200
1840,383,449,216143,8423,775434,2155900
1841,405,430,215738,8398,775864,1973500
1842,402,398,215336,8402,776262,1929700
1843,409,387,214927,8424,776649,1915000
1844,388,410,214539,8402,777059,1833000
1845,398,440,214141,8360,777499,1866700
1846,389,392,213752,8357,777891,1886600
1847,366,411,213386,8312,778302,1768900
1848,345,448,213041,8209,778750,1814000
1849,369,432,212672,8146,779182,1927800
1850,376,432,212296,8090,779614,1841600
1851,375,405,211921,8060,780019,1909900
1852,379,385,211542,8054,780404,1873600
1853,357,426,211185,7985,780830,1815500
1854,420,407,210765,7998,781237,1846100
1855,358,431,210407,7925,781668,1902500
1856,357,411,210050,7871,782079,1824500
1857,359,411,209691,7819,782490,1898000
1858,379,393,209312,7805,782883,1916000
1859,388,408,208924,7785,783291,1928900
1860,399,345,208525,7839,783636,2361500
1861,351,404,208174,7786,784040,2183200
1862,340,394,207834,7732,784434,1967800
1863,385,382,207449,7735,784816,1851400
1864,383,391,207066,7727,785207,1856700
1865,371,396,206695,7702,785603,1916400
1866,386,425,206309,7663,786028,1927500
1867,392,361,205917,7694,786389,1944700
1868,348,380,205569,7662,786769,1813800
1869,347,378,205222,7631,787147,2042200
1870,372,371,204850,7632,787518,1860200
1871,384,359,204466,7657,787877,1832900
1872,378,352,204088,7683,788229,1806400
1873,379,330,203709,7732,788559,1792500
1874,384,390,203325,7726,788949,1752700
1875,435,356,202890,7805,789305,1864300
1876,375,375,202515,7805,789680,1879800
1877,393,388,202122,7810,790068,1857900
1878,367,414,201755,7763,790482,1787100
1879,377,427,201378,7713,790909,2119600
1880,408,370,200970,7751,791279,1938500
1881,389,422,200581,7718,791701,1916000
1882,402,415,200179,7705,792116,1902800
1883,370,389,199809,7686,792505,1912000
1884,367,379,199442,7674,792884,1901800
1885,388,361,199054,7701,793245,1967900
1886,364,397,198690,7668,793642,2053500
1887,381,383,198309,7666,794025,1905400
1888,386,366,197923,7686,794391,1959100
1889,367,393,197556,7660,794784,1894400
1890,385,371,197171,7674,795155,1849200
1891,394,384,196777,7684,795539,1830000
1892,378,413,196399,7649,795952,1807500
1893,389,412,196010,7626,796364,1925300
1894,389,408,195621,7607,796772,1920000
1895,398,364,195223,7641,797136,1986600
1896,367,418,194856,7590,797554,1884900
1897,390,383,194466,7597,797937,1874400
1898,380,372,194086,7605,798309,1925000
1899,377,400,193709,7582,798709,1882300
1900,369,371,193340,7580,799080,1844400
1901,371,377,192969,7574,799457,2150500
1902,365,362,192604,7577,799819,1852000
1903,387,338,192217,7626,800157,1862800
1904,412,414,191805,7624,800571,1862600
1905,356,400,191449,7580,800971,1770200
1906,380,381,191069,7579,801352,1904200
1907,373,365,190696,7587,801717,1991900
1908,374,364,190322,7597,802081,1914400
1909,390,374,189932,7613,802455,1845200
1910,371,381,189561,7603,802836,1787600
1911,418,368,189143,7653,803204,1841400
1912,377,368,188766,7662,803572,1855500
1913,381,401,188385,7642,803973,1838700
1914,387,398,187998,7631,804371,1913400
1915,368,356,187630,7643,804727,1858400
1916,380,371,187250,7652,805098,2052300
1917,371,355,186879,7668,805453,2177600
1918,354,356,186525,7666,805809,1901500
1919,386,351,186139,7701,806160,1917700
1920,365,397,185774,7669,806557,2206000
1921,411,393,185363,7687,806950,2115100
1922,377,400,184986,7664,807350,1964800
1923,372,382,184614,7654,807732,1987500
1924,390,373,184224,7671,808105,1917600
1925,400,378,183824,7693,808483,1922300
1926,390,382,183434,7701,808865,1888600
1927,368,389,183066,7680,809254,2168200
1928,348,349,182718,7679,809603,2095300
1929,408,391,182310,7696,809994,2041000
1930,362,379,181948,7679,810373,2039700
1931,365,393,181583,7651,810766,1917200
1932,362,365,181221,7648,811131,1955200
1933,396,401,180825,7643,811532,1896200
1934,365,398,180460,7610,811930,1863200
1935,383,364,180077,7629,812294,1855900
1936,372,365,179705,7636,812659,1993300
1937,406,363,179299,7679,813022,1869900
1938,391,391,178908,7679,813413,1920600
1939,375,390,178533,7664,813803,1888200
1940,370,353,178163,7681,814156,1838600
1941,336,387,177827,7630,814543,1903400
1942,354,395,177473,7589,814938,1900500
1943,399,377,177074,7611,815315,1915600
1944,361,388,176713,7584,815703,2219600
1945,394,411,176319,7567,816114,1932500
1946,406,395,175913,7578,816509,1971000
1947,390,385,175523,7583,816894,1909500
1948,396,375,175127,7604,817269,1907900
1949,349,372,174778,7581,817641,1893500
1950,355,384,174423,7552,818025,2024500
1951,339,422,174084,7469,818447,2034400
1952,370,367,173714,7472,818814,2228100
1953,383,389,173331,7466,819203,2074900
1954,372,362,172959,7476,819565,2138600
1955,343,365,172616,7454,819930,1940000
1956,339,373,172277,7420,820303,2075200
1957,335,371,171942,7384,820674,1873100
1958,379,369,171563,7394,821043,1955100
1959,365,383,171198,7376,821426,1973900
1960,376,350,170822,7402,821776,1916000
1961,421,376,170401,7447,822152,1888200
1962,385,381,170016,7451,822533,1925100
1963,378,385,169638,7444,822918,1846400
1964,365,364,169273,7445,823282,1856100
1965,378,370,168895,7453,823652,1784400
1966,354,356,168541,7451,824008,1840400
1967,349,353,168192,7447,824361,1822100
1968,374,349,167818,7472,824710,2332600
1969,347,377,167471,7442,825087,2292500
1970,358,369,167113,7431,825456,2021800
1971,331,369,166782,7393,825825,1902900
1972,348,377,166434,7364,826202,1849500
1973,378,378,166056,7364,826580,1847100
1974,330,386,165726,7308,826966,1802400
1975,342,369,165384,7281,827335,1902000
1976,337,332,165047,7286,827667,2421400
1977,355,379,164692,7262,828046,2102200
1978,361,332,164331,7291,828378,1912900
1979,357,381,163974,7267,828759,2084600
1980,324,339,163650,7252,829098,1862400
1981,325,381,163325,7196,829479,1853100
1982,333,376,162992,7153,829855,1864500
1983,316,345,162676,7124,830200,1917800
1984,365,387,162311,7102,830587,1893800
1985,367,334,161944,7135,830921,1892900
1986,314,381,161630,7068,831302,1901700
1987,342,356,161288,7054,831658,2158000
1988,351,334,160937,7071,831992,1838300
1989,365,377,160572,7059,832369,1907600
1990,366,345,160206,7080,832714,1873500
1991,345,343,159861,7082,833057,1833200
1992,364,349,159497,7097,833406,1841900
1993,344,338,159153,7103,833744,1845400
1994,323,370,158830,7056,834114,1891700
1995,344,352,158486,7048,834466,1904600
1996,346,365,158140,7029,834831,1885200
1997,347,367,157793,7009,835198,1889700
1998,324,370,157469,6963,835568,1889300
1999,306,366,157163,6903,835934,2244900
2000,313,368,156850,6848,836302,1897200
2001,322,322,156528,6848,836624,1849700
2002,352,315,156176,6885,836939,1856000
2003,319,351,155857,6853,837290,1858400
2004,339,348,155518,6844,837638,1890600
2005,309,339,155209,6814,837977,1896600
2006,394,349,154815,6859,838326,1899000
2007,335,306,154480,6888,838632,1884500
2008,331,363,154149,6856,838995,1909500
2009,327,329,153822,6854,839324,1825700
2010,341,332,153481,6863,839656,1827500
2011,387,358,153094,6892,840014,1801800
2012,329,344,152765,6877,840358,1828200
2013,319,390,152446,6806,840748,1899500
2014,336,333,152110,6809,841081,1889900
2015,343,332,151767,6820,841413,1869200
2016,322,320,151445,6822,841733,1923600
2017,319,343,151126,6798,842076,1883500
2018,331,347,150795,6782,842423,1830300
2019,323,366,150472,6739,842789,1760100
2020,312,352,150160,6699,843141,1818100
2021,328,363,149832,6664,843504,1907600
2022,339,319,149493,6684,843823,1885000
2023,322,328,149171,6678,844151,1871700
2024,311,336,148860,6653,844487,1811900
2025,339,343,148521,6649,844830,1996400
2026,312,363,148209,6598,845193,1855700
2027,346,310,147863,6634,845503,1841400
2028,329,312,147534,6651,845815,1880800
2029,321,318,147213,6654,846133,2067600
2030,344,362,146869,6636,846495,1887900
2031,314,347,146555,6603,846842,1875700
2032,324,282,146231,6645,847124,1833200
2033,344,335,145887,6654,847459,2000500
2034,332,293,145555,6693,847752,1879100
2035,348,356,145207,6685,848108,1913400
2036,331,337,144876,6679,848445,1933900
2037,331,341,144545,6669,848786,1899900
2038,318,337,144227,6650,849123,1998100
2039,361,353,143866,6658,849476,2005300
2040,309,330,143557,6637,849806,1995000
2041,353,314,143204,6676,850120,1963000
2042,347,332,142857,6691,850452,1954300
2043,339,328,142518,6702,850780,1954300
2044,348,354,142170,6696,851134,1917100
2045,334,358,141836,6672,851492,1896900
2046,336,337,141500,6671,851829,1905400
2047,320,347,141180,6644,852176,1936400
2048,352,336,140828,6660,852512,1938400
2049,365,313,140463,6712,852825,1925900
2050,319,305,140144,6726,853130,1956600
2051,319,372,139825,6673,853502,1936400
2052,331,326,139494,6678,853828,1874000
2053,301,341,139193,6638,854169,1927900
2054,329,369,138864,6598,854538,1956100
2055,318,338,138546,6578,854876,1903600
2056,346,275,138200,6649,855151,1892700
2057,337,342,137863,6644,855493,1987600
2058,332,344,137531,6632,855837,1867600
2059,350,331,137181,6651,856168,1866100
2060,349,318,136832,6682,856486,1867700
2061,320,341,136512,6661,856827,1875600
2062,340,332,136172,6669,857159,1873800
2063,320,325,135852,6664,857484,1908600
2064,337,337,135515,6664,857821,1935600
2065,352,308,135163,6708,858129,2045200
2066,327,341,134836,6694,858470,1912300
2067,339,335,134497,6698,858805,2050600
2068,330,332,134167,6696,859137,1873800
2069,309,336,133858,6669,859473,1876700
2070,345,347,133513,6667,859820,1850600
2071,330,329,133183,6668,860149,1899800
2072,332,315,132851,6685,860464,1868100
2073,356,348,132495,6693,860812,1939100
2074,345,306,132150,6732,861118,1930100
2075,330,345,131820,6717,861463,1894700
2076,316,349,131504,6684,861812,1917800
2077,332,309,131172,6707,862121,1970200
2078,335,315,130837,6727,862436,1974100
2079,334,358,130503,6703,862794,2045900
2080,352,346,130151,6709,863140,2419100
2081,311,348,129840,6672,863488,2249500
2082,315,319,129525,6668,863807,2145100
2083,311,365,129214,6614,864172,2209200
2084,327,334,128887,6607,864506,2438200
2085,331,325,128556,6613,864831,2152200
2086,334,328,128222,6619,865159,2381100
2087,342,300,127880,6661,865459,2058400
2088,315,336,127565,6640,865795,2222100
2089,355,331,127210,6664,866126,2053200
2090,324,337,126886,6651,866463,1980900
2091,298,307,126588,6642,866770,1972700
2092,312,355,126276,6599,867125,2054500
2093,330,313,125946,6616,867438,1915000
2094,302,312,125644,6606,867750,2092400
2095,302,340,125342,6568,868090,2130000
2096,297,331,125045,6534,868421,2256000
2097,312,299,124733,6547,868720,2636900
2098,319,302,124414,6564,869022,2261600
2099,314,344,124100,6534,869366,2160900
2100,285,326,123815,6493,869692,2209800
2101,301,306,123514,6488,869998,2144800
2102,300,339,123214,6449,870337,2359900
2103,311,317,122903,6443,870654,2112400
2104,307,341,122596,6409,870995,2060500
2105,296,298,122300,6407,871293,2230000
2106,297,276,122003,6428,871569,2001100
2107,295,319,121708,6404,871888,2093200
2108,280,340,121428,6344,872228,2063600
2109,282,315,121146,6311,872543,2419200
2110,281,335,120865,6257,872878,2584400
2111,314,319,120551,6252,873197,2267500
2112,326,285,120225,6293,873482,2479600
2113,281,300,119944,6274,873782,2381400
2114,294,292,119650,6276,874074,2076300
2115,292,348,119358,6220,874422,1966500
2116,319,322,119039,6217,874744,2014100
2117,263,314,118776,6166,875058,2000500
2118,268,320,118508,6114,875378,1932500
2119,303,300,118205,6117,875678,1904500
2120,297,319,117908,6095,875997,1919400
2121,281,289,117627,6087,876286,2117500
2122,278,316,117349,6049,876602,2199800
2123,305,333,117044,6021,876935,2168100
2124,271,312,116773,5980,877247,2057300
2125,284,312,116489,5952,877559,2393900
2126,293,321,116196,5924,877880,2227200
2127,283,310,115913,5897,878190,2849700
2128,313,274,115600,5936,878464,2501400
2129,287,275,115313,5948,878739,2363700
2130,285,285,115028,5948,879024,2546200
2131,272,295,114756,5925,879319,5182000
2132,281,300,114475,5906,879619,4580600
2133,297,293,114178,5910,879912,3933800
2134,309,303,113869,5916,880215,2896500
2135,290,284,113579,5922,880499,2502600
2136,298,243,113281,5977,880742,2598600
2137,324,318,112957,5983,881060,2300000
2138,276,306,112681,5953,881366,2507000
2139,300,328,112381,5925,881694,2458600
2140,290,308,112091,5907,882002,2432100
2141,300,308,111791,5899,882310,2785100
2142,305,283,111486,5921,882593,3213700
2143,312,297,111174,5936,882890,2636600
2144,303,298,110871,5941,883188,2538400
2145,290,319,110581,5912,883507,2479800
2146,299,296,110282,5915,883803,2763100
2147,300,325,109982,5890,884128,2467200
2148,296,278,109686,5908,884406,2385000
2149,295,288,109391,5915,884694,2247200
2150,285,291,109106,5909,884985,2610900
2151,324,287,108782,5946,885272,2505500
2152,300,301,108482,5945,885573,2416000
2153,296,311,108186,5930,885884,2577200
2154,316,319,107870,5927,886203,2303000
2155,295,263,107575,5959,886466,2663800
2156,272,288,107303,5943,886754,2421700
2157,285,297,107018,5931,887051,3099400
2158,314,283,106704,5962,887334,2681200
2159,308,341,106396,5929,887675,3454800
2160,304,305,106092,5928,887980,2980700
2161,268,308,105824,5888,888288,2657900
2162,308,261,105516,5935,888549,2642200
2163,292,292,105224,5935,888841,2939700
2164,278,297,104946,5916,889138,2442800
2165,314,276,104632,5954,889414,2212300
2166,273,287,104359,5940,889701,2338500
2167,272,281,104087,5931,889982,2352300
2168,273,279,103814,5925,890261,2296300
2169,297,277,103517,5945,890538,2703300
2170,314,272,103203,5987,890810,2254600
2171,265,295,102938,5957,891105,2093500
2172,297,294,102641,5960,891399,2185800
2173,297,286,102344,5971,891685,2068300
2174,280,286,102064,5965,891971,2010100
2175,276,283,101788,5958,892254,2065500
2176,268,300,101520,5926,892554,1991500
2177,306,290,101214,5942,892844,2024600
2178,294,307,100920,5929,893151,2004600
2179,291,297,100629,5923,893448,1925100
2180,307,284,100322,5946,893732,1994800
2181,276,300,100046,5922,894032,1988300
2182,255,296,99791,5881,894328,1944800
2183,274,280,99517,5875,894608,2229400
2184,294,285,99223,5884,894893,2276700
2185,282,254,98941,5912,895147,2258200
2186,279,321,98662,5870,895468,2032400
2187,283,308,98379,5845,895776,1977200
2188,298,267,98081,5876,896043,2018100
2189,277,286,97804,5867,896329,1937500
2190,257,266,97547,5858,896595,1889400
2191,288,300,97259,5846,896895,2070800
2192,284,293,96975,5837,897188,1937500
2193,317,283,96658,5871,897471,1973500
2194,279,299,96379,5851,897770,2044500
2195,283,276,96096,5858,898046,1937900
2196,295,314,95801,5839,898360,1935300
2197,290,271,95511,5858,898631,1920700
2198,276,314,95235,5820,898945,1917200
2199,263,302,94972,5781,899247,2041600
2200,285,271,94687,5795,899518,2640500
2201,271,309,94416,5757,899827,2070800
2202,237,276,94179,5718,900103,2031400
2203,279,262,93900,5735,900365,1939700
2204,285,268,93615,5752,900633,1912800
2205,294,312,93321,5734,900945,1931600
2206,246,265,93075,5715,901210,1925100
2207,240,261,92835,5694,901471,1977300
2208,247,292,92588,5649,901763,2081300
2209,268,276,92320,5641,902039,1995300
2210,257,283,92063,5615,902322,2054700
2211,274,301,91789,5588,902623,2315200
2212,265,292,91524,5561,902915,2327700
2213,292,277,91232,5576,903192,2546200
2214,247,300,90985,5523,903492,2428400
2215,261,265,90724,5519,903757,2277300
2216,268,266,90456,5521,904023,2198000
2217,234,271,90222,5484,904294,2579400
2218,295,274,89927,5505,904568,2071600
2219,264,262,89663,5507,904830,2307500
2220,316,274,89347,5549,905104,2271000
2221,279,280,89068,5548,905384,2451800
2222,289,282,88779,5555,905666,9587900
2223,268,287,88511,5536,905953,19233400
2224,276,281,88235,5531,906234,4009500
2225,261,279,87974,5513,906513,2913700
2226,271,272,87703,5512,906785,2664700
2227,293,275,87410,5530,907060,3383800
2228,254,249,87156,5535,907309,2475600
2229,251,280,86905,5506,907589,2440500
2230,281,280,86624,5507,907869,2583300
2231,276,273,86348,5510,908142,2344900
2232,266,276,86082,5500,908418,2220400
2233,265,248,85817,5517,908666,2158700
2234,262,289,85555,5490,908955,2093600
2235,258,266,85297,5482,909221,2037200
2236,297,271,85000,5508,909492,1963600
2237,288,264,84712,5532,909756,1925000
2238,255,259,84457,5528,910015,1905600
2239,260,266,84197,5522,910281,1955900
2240,257,292,83940,5487,910573,1919300
2241,269,277,83671,5479,910850,2588300
2242,252,265,83419,5466,911115,3161900
2243,262,274,83157,5454,911389,3314000
2244,259,255,82898,5458,911644,2101900
2245,238,285,82660,5411,911929,2126400
2246,233,263,82427,5381,912192,2248100
2247,255,292,82172,5344,912484,2070200
2248,248,292,81924,5300,912776,2082900
2249,245,251,81679,5294,913027,2078900
2250,257,256,81422,5295,913283,2034700
2251,239,249,81183,5285,913532,2210700
2252,248,274,80935,5259,913806,2010000
2253,253,271,80682,5241,914077,2035600
2254,263,283,80419,5221,914360,2216300
2255,241,258,80178,5204,914618,1945600
2256,266,267,79912,5203,914885,1879300
2257,260,224,79652,5239,915109,1971300
2258,235,280,79417,5194,915389,1878300
2259,251,263,79166,5182,915652,1901300
2260,233,262,78933,5153,915914,1842400
2261,253,267,78680,5139,916181,1857600
2262,254,279,78426,5114,916460,1908800
2263,234,265,78192,5083,916725,1873800
2264,244,238,77948,5089,916963,2322900
2265,227,228,77721,5088,917191,1957600
2266,253,252,77468,5089,917443,2095000
2267,223,270,77245,5042,917713,1814800
2268,224,255,77021,5011,917968,2094200
2269,236,262,76785,4985,918230,1874800
2270,239,231,76546,4993,918461,1870600
2271,243,253,76303,4983,918714,1807600
2272,220,234,76083,4969,918948,1779000
2273,234,243,75849,4960,919191,1965800
2274,215,227,75634,4948,919418,1845600
2275,234,258,75400,4924,919676,1819100
2276,255,245,75145,4934,919921,1808700
2277,247,241,74898,4940,920162,1858100
2278,262,233,74636,4969,920395,1853900
2279,209,266,74427,4912,920661,2001200
2280,268,233,74159,4947,920894,1896200
2281,256,228,73903,4975,921122,2105900
2282,256,245,73647,4986,921367,1888800
2283,242,243,73405,4985,921610,1854300
2284,225,228,73180,4982,921838,1751400
2285,250,243,72930,4989,922081,1775300
2286,262,273,72668,4978,922354,1815500
2287,237,245,72431,4970,922599,1809300
2288,259,251,72172,4978,922850,1767400
2289,237,237,71935,4978,923087,1864600
2290,255,257,71680,4976,923344,1921800
2291,264,281,71416,4959,923625,1892700
2292,258,229,71158,4988,923854,1859400
2293,257,242,70901,5003,924096,1867600
2294,204,250,70697,4957,924346,2190000
2295,210,226,70487,4941,924572,1847400
2296,212,240,70275,4913,924812,1833900
2297,216,270,70059,4859,925082,1810500
2298,220,235,69839,4844,925317,1783600
2299,237,220,69602,4861,925537,1833500
2300,205,271,69397,4795,925808,1916300
2301,217,241,69180,4771,926049,1820400
2302,214,238,68966,4747,926287,1976100
2303,224,229,68742,4742,926516,1812600
2304,233,219,68509,4756,926735,1757600
2305,225,253,68284,4728,926988,1810100
2306,220,244,68064,4704,927232,1900000
2307,230,226,67834,4708,927458,1874000
2308,216,247,67618,4677,927705,1815600
2309,220,230,67398,4667,927935,1868200
2310,210,237,67188,4640,928172,1797100
2311,245,219,66943,4666,928391,1912100
2312,244,240,66699,4670,928631,1871600
2313,228,227,66471,4671,928858,1915300
2314,233,237,66238,4667,929095,1918000
2315,194,217,66044,4644,929312,1844500
2316,209,230,65835,4623,929542,1879000
2317,225,230,65610,4618,929772,2009600
2318,233,221,65377,4630,929993,1996700
2319,197,232,65180,4595,930225,2051000
2320,231,239,64949,4587,930464,2045300
2321,212,238,64737,4561,930702,1835200
2322,189,228,64548,4522,930930,2174600
2323,232,229,64316,4525,931159,1821900
2324,213,237,64103,4501,931396,1840800
2325,214,233,63889,4482,931629,1850000
2326,211,221,63678,4472,931850,1843200
2327,211,244,63467,4439,932094,2012800
2328,206,227,63261,4418,932321,2054400
2329,197,217,63064,4398,932538,1852600
2330,201,241,62863,4358,932779,1814700
2331,215,233,62648,4340,933012,1737500
2332,209,190,62439,4359,933202,1814900
2333,205,219,62234,4345,933421,1832400
2334,177,214,62057,4308,933635,2064900
2335,187,229,61870,4266,933864,1822000
2336,211,199,61659,4278,934063,1832800
2337,183,216,61476,4245,934279,1737400
2338,186,230,61290,4201,934509,1916900
2339,178,231,61112,4148,934740,1832800
2340,197,224,60915,4121,934964,1855700
2341,180,216,60735,4085,935180,1789700
2342,175,233,60560,4027,935413,1766400
2343,198,204,60362,4021,935617,1830400
2344,162,206,60200,3977,935823,1850100
2345,186,200,60014,3963,936023,1842300
2346,202,185,59812,3980,936208,1744200
2347,198,185,59614,3993,936393,1911600
2348,182,196,59432,3979,936589,1795400
2349,188,193,59244,3974,936782,1875900
2350,198,202,59046,3970,936984,1850400
2351,166,205,58880,3931,937189,1838500
2352,201,191,58679,3941,937380,1826200
2353,178,192,58501,3927,937572,1790100
2354,184,213,58317,3898,937785,1792900
2355,187,203,58130,3882,937988,2194600
2356,203,190,57927,3895,938178,2068100
2357,195,206,57732,3884,938384,1775500
2358,185,214,57547,3855,938598,1832200
2359,189,183,57358,3861,938781,1793700
2360,153,190,57205,3824,938971,1811100
2361,185,181,57020,3828,939152,1709400
2362,188,177,56832,3839,939329,1735600
2363,172,209,56660,3802,939538,1781000
2364,173,182,56487,3793,939720,1728600
2365,183,170,56304,3806,939890,1762600
2366,170,210,56134,3766,940100,1846600
2367,170,189,55964,3747,940289,1870500
2368,153,184,55811,3716,940473,1837000
2369,189,210,55622,3695,940683,1778700
2370,183,172,55439,3706,940855,1782400
2371,171,183,55268,3694,941038,1751500
2372,195,166,55073,3723,941204,2069300
2373,166,190,54907,3699,941394,1768500
2374,186,190,54721,3695,941584,1845000
2375,179,170,54542,3704,941754,1838500
2376,159,180,54383,3683,941934,1755900
2377,190,193,54193,3680,942127,1707400
2378,200,189,53993,3691,942316,1831100
2379,169,187,53824,3673,942503,1738900
2380,179,165,53645,3687,942668,1853000
2381,162,177,53483,3672,942845,2099900
2382,181,201,53302,3652,943046,1861400
2383,173,177,53129,3648,943223,1994500
2384,173,185,52956,3636,943408,1889600
2385,177,184,52779,3629,943592,1845800
2386,172,176,52607,3625,943768,1821700
2387,183,200,52424,3608,943968,1860900
2388,166,199,52258,3575,944167,1844800
2389,164,178,52094,3561,944345,1924400
2390,187,183,51907,3565,944528,1822700
2391,164,164,51743,3565,944692,1814900
2392,148,167,51595,3546,944859,1816900
2393,171,186,51424,3531,945045,1811400
2394,151,168,51273,3514,945213,1947100
2395,156,168,51117,3502,945381,1869800
2396,161,182,50956,3481,945563,1842100
2397,160,197,50796,3444,945760,1856000
2398,159,156,50637,3447,945916,1839800
2399,146,173,50491,3420,946089,1810400
2400,167,170,50324,3417,946259,1858500
2401,153,154,50171,3416,946413,1890300
2402,149,178,50022,3387,946591,1917500
2403,155,168,49867,3374,946759,1825800
2404,173,175,49694,3372,946934,1812200
2405,186,172,49508,3386,947106,1834500
2406,174,147,49334,3413,947253,1839400
2407,156,171,49178,3398,947424,1839600
2408,152,161,49026,3389,947585,1854800
2409,178,162,48848,3405,947747,1903300
2410,152,178,48696,3379,947925,1801900
2411,180,161,48516,3398,948086,1888700
2412,152,184,48364,3366,948270,1857600
2413,162,181,48202,3347,948451,2038400
2414,156,148,48046,3355,948599,1911400
2415,152,186,47894,3321,948785,1914000
2416,150,165,47744,3306,948950,1930100
2417,171,154,47573,3323,949104,1903200
2418,139,175,47434,3287,949279,1937700
2419,157,157,47277,3287,949436,1863800
2420,156,150,47121,3293,949586,1739100
2421,162,174,46959,3281,949760,1836600
2422,185,186,46774,3280,949946,1885900
2423,175,159,46599,3296,950105,1765300
2424,161,190,46438,3267,950295,1785100
2425,149,177,46289,3239,950472,1808400
2426,145,167,46144,3217,950639,1803400
2427,171,142,45973,3246,950781,1777800
2428,165,142,45808,3269,950923,1775800
2429,170,173,45638,3266,951096,1795500
2430,146,162,45492,3250,951258,1804800
2431,152,161,45340,3241,951419,1795000
2432,153,171,45187,3223,951590,1757200
2433,140,150,45047,3213,951740,1772100
2434,149,169,44898,3193,951909,1763900
2435,154,152,44744,3195,952061,1881800
2436,174,143,44570,3226,952204,1785300
2437,146,156,44424,3216,952360,1711000
2438,151,156,44273,3211,952516,1760900
2439,149,163,44124,3197,952679,1762000
2440,146,160,43978,3183,952839,1735200
2441,166,161,43812,3188,953000,1804100
2442,149,157,43663,3180,953157,1782000
2443,152,158,43511,3174,953315,1814200
2444,147,149,43364,3172,953464,1850000
2445,152,149,43212,3175,953613,1861600
2446,148,159,43064,3164,953772,1995600
2447,152,159,42912,3157,953931,1844900
2448,151,170,42761,3138,954101,1954400
2449,133,133,42628,3138,954234,1794700
2450,146,149,42482,3135,954383,1997400
2451,120,140,42362,3115,954523,1725800
2452,112,148,42250,3079,954671,1718700
2453,138,156,42112,3061,954827,1756900
2454,137,155,41975,3043,954982,1776500
2455,136,135,41839,3044,955117,1714900
2456,130,155,41709,3019,955272,1900100
2457,127,147,41582,2999,955419,1860300
2458,130,153,41452,2976,955572,1988800
2459,119,145,41333,2950,955717,1809200
2460,128,136,41205,2942,955853,1851100
2461,139,139,41066,2942,955992,1837300
2462,119,127,40947,2934,956119,1783900
2463,134,138,40813,2930,956257,1709100
2464,129,150,40684,2909,956407,1831100
2465,123,135,40561,2897,956542,1995400
2466,126,156,40435,2867,956698,1758300
2467,125,132,40310,2860,956830,1689900
2468,136,146,40174,2850,956976,1854600
2469,126,163,40048,2813,957139,1820900
2470,130,123,39918,2820,957262,1713500
2471,122,127,39796,2815,957389,1773400
2472,112,164,39684,2763,957553,1721400
2473,136,154,39548,2745,957707,1727000
2474,135,137,39413,2743,957844,1702900
2475,113,122,39300,2734,957966,1724500
2476,125,146,39175,2713,958112,1732200
2477,112,150,39063,2675,958262,1843200
2478,119,143,38944,2651,958405,1762800
2479,109,146,38835,2614,958551,1738200
2480,105,136,38730,2583,958687,1705100
2481,120,111,38610,2592,958798,1728000
2482,114,130,38496,2576,958928,1805500
2483,95,144,38401,2527,959072,1802000
2484,113,116,38288,2524,959188,1801100
2485,115,134,38173,2505,959322,1707300
2486,123,137,38050,2491,959459,1829400
2487,118,125,37932,2484,959584,1748500
2488,115,138,37817,2461,959722,1766700
2489,116,112,37701,2465,959834,1698800
2490,119,129,37582,2455,959963,1844000
2491,109,122,37473,2442,960085,1826600
2492,104,109,37369,2437,960194,1946700
2493,111,122,37258,2426,960316,1804200
2494,120,109,37138,2437,960425,1677400
2495,90,115,37048,2412,960540,1688400
2496,101,120,36947,2393,960660,1887000
2497,115,115,36832,2393,960775,1733900
2498,116,135,36716,2374,960910,1699000
2499,110,119,36606,2365,961029,1705900
2500,102,119,36504,2348,961148,1716700
2501,101,126,36403,2323,961274,1698600
2502,143,113,36260,2353,961387,1706500
2503,122,116,36138,2359,961503,1781400
2504,123,110,36015,2372,961613,1766500
2505,113,119,35902,2366,961732,1725800
2506,118,115,35784,2369,961847,1736100
2507,112,108,35672,2373,961955,1816800
2508,126,108,35546,2391,962063,1825700
2509,119,105,35427,2405,962168,1763900
2510,111,132,35316,2384,962300,1777300
2511,105,122,35211,2367,962422,1684700
2512,122,126,35089,2363,962548,1805700
2513,103,110,34986,2356,962658,1689100
2514,111,107,34875,2360,962765,1682900
2515,108,124,34767,2344,962889,2117900
2516,123,112,34644,2355,963001,1814500
2517,121,111,34523,2365,963112,2602200
2518,111,131,34412,2345,963243,2119000
2519,108,128,34304,2325,963371,1800300
2520,120,114,34184,2331,963485,1719700
2521,111,121,34073,2321,963606,1755600
2522,136,118,33937,2339,963724,1821600
2523,114,124,33823,2329,963848,1795000
2524,118,137,33705,2310,963985,1707500
2525,116,114,33589,2312,964099,1736100
2526,137,112,33452,2337,964211,1738000
2527,111,114,33341,2334,964325,1747700
2528,134,122,33207,2346,964447,1723200
2529,146,128,33061,2364,964575,1711200
2530,139,125,32922,2378,964700,1945300
2531,109,127,32813,2360,964827,1828700
2532,102,122,32711,2340,964949,1777500
2533,111,119,32600,2332,965068,1801700
2534,101,107,32499,2326,965175,1839300
2535,110,108,32389,2328,965283,1711900
2536,101,117,32288,2312,965400,2034700
2537,99,123,32189,2288,965523,1788700
2538,104,107,32085,2285,965630,1833400
2539,119,117,31966,2287,965747,1844200
2540,114,118,31852,2283,965865,1690600
2541,107,115,31745,2275,965980,1700700
2542,111,114,31634,2272,966094,2213700
2543,116,137,31518,2251,966231,1724600
2544,122,115,31396,2258,966346,1801000
2545,98,112,31298,2244,966458,1903000
2546,91,118,31207,2217,966576,1750200
2547,105,117,31102,2205,966693,1704400
2548,92,100,31010,2197,966793,2014900
2549,111,106,30899,2202,966899,1759200
2550,107,96,30792,2213,966995,1786900
2551,115,125,30677,2203,967120,1714400
2552,88,98,30589,2193,967218,1671400
2553,119,115,30470,2197,967333,1725700
2554,97,105,30373,2189,967438,1785400
2555,118,111,30255,2196,967549,1743800
2556,83,118,30172,2161,967667,1704800
2557,102,101,30070,2162,967768,1842800
2558,91,106,29979,2147,967874,1765300
2559,82,120,29897,2109,967994,1716200
2560,101,104,29796,2106,968098,1696600
2561,100,106,29696,2100,968204,1709900
2562,92,109,29604,2083,968313,1732700
2563,82,126,29522,2039,968439,1716800
2564,95,113,29427,2021,968552,1731700
2565,93,88,29334,2026,968640,2039500
2566,80,97,29254,2009,968737,1822900
2567,82,104,29172,1987,968841,1867700
2568,115,92,29057,2010,968933,1819400
2569,79,98,28978,1991,969031,1877700
2570,85,98,28893,1978,969129,1790600
2571,99,89,28794,1988,969218,1796900
2572,107,109,28687,1986,969327,1802200
2573,100,94,28587,1992,969421,1816200
2574,78,93,28509,1977,969514,1873100
2575,80,88,28429,1969,969602,1874900
2576,85,99,28344,1955,969701,1917700
2577,81,98,28263,1938,969799,1848900
2578,80,102,28183,1916,969901,1762900
2579,86,97,28097,1905,969998,1833000
2580,93,93,28004,1905,970091,1718600
2581,79,91,27925,1893,970182,1747500
2582,79,85,27846,1887,970267,1962900
2583,91,86,27755,1892,970353,2062600
2584,89,104,27666,1877,970457,2043000
2585,90,91,27576,1876,970548,2018600
2586,89,94,27487,1871,970642,1806500
2587,90,95,27397,1866,970737,1797400
2588,84,78,27313,1872,970815,1815300
2589,91,84,27222,1879,970899,1899300
2590,74,107,27148,1846,971006,1762200
2591,86,101,27062,1831,971107,1747200
2592,67,94,26995,1804,971201,1878000
2593,75,99,26920,1780,971300,1840300
2594,93,89,26827,1784,971389,1769400
2595,76,94,26751,1766,971483,1722700
2596,81,82,26670,1765,971565,1706100
2597,83,107,26587,1741,971672,1855200
2598,86,91,26501,1736,971763,1818900
2599,67,77,26434,1726,971840,1747100
2600,82,79,26352,1729,971919,1731400
2601,75,106,26277,1698,972025,1716900
2602,74,81,26203,1691,972106,1828000
2603,76,64,26127,1703,972170,2115700
2604,80,94,26047,1689,972264,1824900
2605,79,102,25968,1666,972366,1737000
2606,67,77,25901,1656,972443,1976900
2607,89,86,25812,1659,972529,1918000
2608,74,74,25738,1659,972603,1707000
2609,70,84,25668,1645,972687,1843200
2610,61,80,25607,1626,972767,1724400
2611,66,72,25541,1620,972839,1916200
2612,76,72,25465,1624,972911,1777000
2613,81,72,25384,1633,972983,1662800
2614,82,73,25302,1642,973056,1811300
2615,72,72,25230,1642,973128,1792800
2616,77,96,25153,1623,973224,1692200
2617,78,88,25075,1613,973312,1681900
2618,81,70,24994,1624,973382,1826200
2619,84,88,24910,1620,973470,1834000
2620,70,70,24840,1620,973540,1694000
2621,87,86,24753,1621,973626,1697100
2622,75,92,24678,1604,973718,1819600
2623,83,98,24595,1589,973816,1704900
2624,77,88,24518,1578,973904,1695200
2625,70,86,24448,1562,973990,1738500
2626,65,71,24383,1556,974061,1707900
2627,87,84,24296,1559,974145,2306700
2628,80,71,24216,1568,974216,1738200
2629,54,76,24162,1546,974292,1822100
2630,66,73,24096,1539,974365,1698300
2631,69,73,24027,1535,974438,1717200
2632,78,69,23949,1544,974507,1810800
2633,70,69,23879,1545,974576,1795500
2634,75,79,23804,1541,974655,1757900
2635,66,81,23738,1526,974736,1687500
2636,80,83,23658,1523,974819,1860200
2637,72,85,23586,1510,974904,1758100
2638,87,71,23499,1526,974975,1929800
2639,84,75,23415,1535,975050,1759100
2640,71,83,23344,1523,975133,1778800
2641,81,91,23263,1513,975224,1713200
2642,70,81,23193,1502,975305,1717900
2643,64,76,23129,1490,975381,1754500
2644,74,79,23055,1485,975460,1755000
2645,75,66,22980,1494,975526,1877100
2646,83,74,22897,1503,975600,1885200
2647,89,85,22808,1507,975685,2080300
2648,73,80,22735,1500,975765,1979400
2649,79,72,22656,1507,975837,1922800
2650,101,72,22555,1536,975909,1853200
2651,76,66,22479,1546,975975,1781500
2652,63,84,22416,1525,976059,1966300
2653,80,69,22336,1536,976128,1878300
2654,74,85,22262,1525,976213,1791800
2655,71,86,22191,1510,976299,1820100
2656,63,79,22128,1494,976378,1788200
2657,62,76,22066,1480,976454,1799600
2658,74,77,21992,1477,976531,1947700
2659,77,74,21915,1480,976605,1901800
2660,60,69,21855,1471,976674,1831200
2661,72,84,21783,1459,976758,1919300
2662,69,85,21714,1443,976843,1784900
2663,70,73,21644,1440,976916,1805800
2664,68,76,21576,1432,976992,1864800
2665,81,55,21495,1458,977047,1818200
2666,74,72,21421,1460,977119,1726900
2667,66,95,21355,1431,977214,1815200
2668,64,78,21291,1417,977292,1716900
2669,62,55,21229,1424,977347,1931600
2670,58,84,21171,1398,977431,1763500
2671,75,65,21096,1408,977496,1818600
2672,73,75,21023,1406,977571,1754900
2673,65,60,20958,1411,977631,1940900
2674,55,66,20903,1400,977697,1663000
2675,64,81,20839,1383,977778,1694500
2676,69,63,20770,1389,977841,1908100
2677,69,71,20701,1387,977912,1812100
2678,71,67,20630,1391,977979,1763200
2679,60,83,20570,1368,978062,1966300
2680,59,69,20511,1358,978131,1823800
2681,56,68,20455,1346,978199,1696900
2682,66,78,20389,1334,978277,2141300
2683,57,65,20332,1326,978342,1732500
2684,49,62,20283,1313,978404,1811700
2685,51,65,20232,1299,978469,1903500
2686,68,68,20164,1299,978537,1735200
2687,53,54,20111,1298,978591,1692900
2688,50,73,20061,1275,978664,1739200
2689,57,52,20004,1280,978716,1817700
2690,37,61,19967,1256,978777,1788800
2691,55,58,19912,1253,978835,1700400
2692,52,64,19860,1241,978899,1699400
2693,54,54,19806,1241,978953,1805500
2694,48,53,19758,1236,979006,1798800
2695,61,57,19697,1240,979063,2094500
2696,56,65,19641,1231,979128,1915600
2697,54,76,19587,1209,979204,1742800
2698,41,70,19546,1180,979274,1706500
2699,47,57,19499,1170,979331,1720600
2700,55,48,19444,1177,979379,1833300
2701,45,44,19399,1178,979423,1706400
2702,58,52,19341,1184,979475,1743100
2703,42,74,19299,1152,979549,1956000
2704,52,54,19247,1150,979603,1708700
2705,49,58,19198,1141,979661,1689700
2706,46,66,19152,1121,979727,1776800
2707,35,52,19117,1104,979779,1742400
2708,48,62,19069,1090,979841,1696400
2709,44,49,19025,1085,979890,1691700
2710,39,61,18986,1063,979951,1768300
2711,38,40,18948,1061,979991,1770200
2712,48,57,18900,1052,980048,1941600
2713,43,42,18857,1053,980090,1737300
2714,44,50,18813,1047,980140,1695000
2715,38,59,18775,1026,980199,1811800
2716,50,51,18725,1025,980250,1973700
2717,43,61,18682,1007,980311,1814000
2718,37,52,18645,992,980363,1801300
2719,27,63,18618,956,980426,1783400
2720,37,46,18581,947,980472,1722700
2721,33,43,18548,937,980515,1689900
2722,47,45,18501,939,980560,1796900
2723,46,49,18455,936,980609,1802100
2724,47,51,18408,932,980660,1747900
2725,51,53,18357,930,980713,1715800
2726,46,51,18311,925,980764,1711900
2727,43,45,18268,923,980809,1949700
2728,42,43,18226,922,980852,1836700
2729,46,45,18180,923,980897,1757400
2730,38,41,18142,920,980938,1801100
2731,40,49,18102,911,980987,1782200
2732,51,45,18051,917,981032,1739800
2733,39,46,18012,910,981078,2097700
2734,47,36,17965,921,981114,2074600
2735,45,40,17920,926,981154,2036400
2736,43,45,17877,924,981199,2081500
2737,49,52,17828,921,981251,1807400
2738,40,38,17788,923,981289,1833400
2739,48,39,17740,932,981328,1976800
2740,47,46,17693,933,981374,1804300
2741,44,49,17649,928,981423,1782800
2742,45,50,17604,923,981473,1878300
2743,45,42,17559,926,981515,1780100
2744,42,47,17517,921,981562,1895200
2745,45,52,17472,914,981614,2037800
2746,48,40,17424,922,981654,1757300
2747,38,39,17386,921,981693,1847400
2748,42,46,17344,917,981739,1792700
2749,43,48,17301,912,981787,1814900
2750,40,33,17261,919,981820,1917300
2751,40,48,17221,911,981868,1800900
2752,37,53,17184,895,981921,1796400
2753,35,36,17149,894,981957,1864000
2754,40,42,17109,892,981999,1912500
2755,52,39,17057,905,982038,1820500
2756,36,47,17021,894,982085,1808700
2757,42,39,16979,897,982124,1788400
2758,31,43,16948,885,982167,1823700
2759,30,42,16918,873,982209,1833100
2760,39,50,16879,862,982259,1783400
2761,40,48,16839,854,982307,1764600
2762,36,44,16803,846,982351,1944500
2763,24,29,16779,841,982380,1780300
2764,34,41,16745,834,982421,1844900
2765,34,40,16711,828,982461,1798600
2766,37,33,16674,832,982494,1923700
2767,35,52,16639,815,982546,1828100
2768,44,48,16595,811,982594,1785800
2769,28,35,16567,804,982629,1768700
2770,28,40,16539,792,982669,1760900
2771,28,39,16511,781,982708,1772300
2772,26,44,16485,763,982752,1769900
2773,25,32,16460,756,982784,1867400
2774,29,41,16431,744,982825,2239400
2775,23,39,16408,728,982864,2015900
2776,33,32,16375,729,982896,1836800
2777,22,41,16353,710,982937,1808500
2778,32,40,16321,702,982977,1712400
2779,19,29,16302,692,983006,1707300
2780,15,28,16287,679,983034,1754500
2781,15,36,16272,658,983070,1745600
2782,23,26,16249,655,983096,1747000
2783,26,31,16223,650,983127,1823300
2784,17,33,16206,634,983160,1836000
2785,24,39,16182,619,983199,1703600
2786,24,37,16158,606,983236,2057700
2787,24,31,16134,599,983267,1755900
2788,30,35,16104,594,983302,1721000
2789,25,32,16079,587,983334,1741700
2790,24,24,16055,587,983358,1842500
2791,24,32,16031,579,983390,1826300
2792,16,28,16015,567,983418,1854800
2793,13,33,16002,547,983451,1829800
2794,15,26,15987,536,983477,1940300
2795,22,26,15965,532,983503,1861800
2796,14,34,15951,512,983537,1761600
2797,21,25,15930,508,983562,1753100
2798,22,24,15908,506,983586,1757900
2799,17,20,15891,503,983606,1958200
2800,17,21,15874,499,983627,2110300
2801,17,23,15857,493,983650,1762300
2802,10,30,15847,473,983680,2178900
2803,25,16,15822,482,983696,1787900
2804,19,21,15803,480,983717,1866300
2805,16,26,15787,470,983743,1891100
2806,26,25,15761,471,983768,1733000
2807,16,18,15745,469,983786,1813800
2808,19,22,15726,466,983808,1950100
2809,20,22,15706,464,983830,1776500
2810,8,29,15698,443,983859,1720900
2811,16,10,15682,449,983869,1760900
2812,13,22,15669,440,983891,1721400
2813,10,19,15659,431,983910,1732300
2814,17,12,15642,436,983922,1720600
2815,26,29,15616,433,983951,1804800
2816,16,17,15600,432,983968,2017100
2817,19,16,15581,435,983984,1814500
2818,16,13,15565,438,983997,1718000
2819,16,28,15549,426,984025,1753400
2820,17,18,15532,425,984043,1759300
2821,19,20,15513,424,984063,1721300
2822,16,18,15497,422,984081,1762400
2823,17,28,15480,411,984109,1706900
2824,12,18,15468,405,984127,1836900
2825,17,29,15451,393,984156,1811300
2826,11,24,15440,380,984180,1733400
2827,10,20,15430,370,984200,2105400
2828,10,28,15420,352,984228,1746400
2829,7,16,15413,343,984244,1709400
2830,10,19,15403,334,984263,1823000
2831,16,12,15387,338,984275,1790800
2832,15,16,15372,337,984291,1794400
2833,8,23,15364,322,984314,1840500
2834,10,23,15354,309,984337,1689500
2835,7,15,15347,301,984352,1670300
2836,11,24,15336,288,984376,1925600
2837,14,11,15322,291,984387,1791600
2838,8,9,15314,290,984396,1984600
2839,8,14,15306,284,984410,1798100
2840,7,8,15299,283,984418,1824900
2841,12,14,15287,281,984432,1878800
2842,8,13,15279,276,984445,1724500
2843,3,12,15276,267,984457,2256800
2844,11,17,15265,261,984474,1839500
2845,10,19,15255,252,984493,1987700
2846,8,11,15247,249,984504,2003600
2847,5,11,15242,243,984515,2002800
2848,9,12,15233,240,984527,1789000
2849,6,7,15227,239,984534,1743800
2850,7,13,15220,233,984547,1822100
2851,10,10,15210,233,984557,2119900
2852,6,16,15204,223,984573,1695400
2853,10,12,15194,221,984585,1690700
2854,11,10,15183,222,984595,1723200
2855,10,9,15173,223,984604,2018700
2856,2,13,15171,212,984617,1688600
2857,2,9,15169,205,984626,1716500
2858,9,11,15160,203,984637,1675400
2859,6,6,15154,203,984643,1815200
2860,11,12,15143,202,984655,1761000
2861,11,18,15132,195,984673,1802300
2862,13,11,15119,197,984684,1710200
2863,9,11,15110,195,984695,1827000
2864,6,9,15104,192,984704,1713100
2865,8,10,15096,190,984714,1731400
2866,7,14,15089,183,984728,1802200
2867,3,2,15086,184,984730,1794900
2868,5,12,15081,177,984742,1851100
2869,4,7,15077,174,984749,1811400
2870,4,8,15073,170,984757,1831900
2871,9,8,15064,171,984765,1751100
2872,8,2,15056,177,984767,1805500
2873,4,6,15052,175,984773,1803400
2874,4,11,15048,168,984784,1675800
2875,3,8,15045,163,984792,1790900
2876,3,12,15042,154,984804,2105100
2877,5,8,15037,151,984812,1806000
2878,1,10,15036,142,984822,1720500
2879,3,5,15033,140,984827,1716100
2880,3,7,15030,136,984834,1780200
2881,2,6,15028,132,984840,1798600
2882,1,13,15027,120,984853,1709800
2883,4,8,15023,116,984861,1788800
2884,1,3,15022,114,984864,1795400
2885,2,7,15020,109,984871,1696200
2886,1,10,15019,100,984881,1738600
2887,2,8,15017,94,984889,1815600
2888,1,7,15016,88,984896,1686400
2889,2,6,15014,84,984902,1670200
2890,1,4,15013,81,984906,1889300
2891,2,2,15011,81,984908,1671900
2892,1,5,15010,77,984913,1692100
2893,0,6,15010,71,984919,1749500
2894,4,1,15006,74,984920,1686100
2895,2,2,15004,74,984922,1683400
2896,2,2,15002,74,984924,1796000
2897,2,7,15000,69,984931,1774300
2898,3,3,14997,69,984934,1704900
2899,3,1,14994,71,984935,1791600
2900,1,1,14993,71,984936,1732400
2901,3,1,14990,73,984937,1792800
2902,1,2,14989,72,984939,1698500
2903,2,4,14987,70,984943,1725700
2904,1,1,14986,70,984944,1794300
2905,1,5,14985,66,984949,1781300
2906,3,0,14982,69,984949,1730500
2907,0,1,14982,68,984950,1742700
2908,0,7,14982,61,984957,1821500
2909,1,5,14981,57,984962,1817500
2910,3,4,14978,56,984966,1769000
2911,0,1,14978,55,984967,1789200
2912,2,2,14976,55,984969,1786200
2913,1,3,14975,53,984972,1797700
2914,0,2,14975,51,984974,1818800
2915,1,2,14974,50,984976,1686000
2916,2,2,14972,50,984978,1793700
2917,0,1,14972,49,984979,1985100
2918,0,4,14972,45,984983,1686400
2919,0,3,14972,42,984986,1683800
2920,0,1,14972,41,984987,1714700
2921,1,1,14971,41,984988,1786800
2922,1,3,14970,39,984991,1789500
2923,0,3,14970,36,984994,1708800
2924,1,2,14969,35,984996,2032000
2925,1,0,14968,36,984996,1683300
2926,0,4,14968,32,985000,1691800
2927,0,2,14968,30,985002,1690700
2928,0,1,14968,29,985003,1739900
2929,0,1,14968,28,985004,1878300
2930,0,0,14968,28,985004,1711500
2931,0,1,14968,27,985005,1668100
2932,1,0,14967,28,985005,1809800
2933,0,1,14967,27,985006,2083800
2934,1,4,14966,24,985010,1705400
2935,0,1,14966,23,985011,1958500
2936,0,0,14966,23,985011,1806300
2937,0,0,14966,23,985011,1851800
2938,0,2,14966,21,985013,1762500
2939,0,1,14966,20,985014,1706800
2940,0,1,14966,19,985015,1676100
2941,0,2,14966,17,985017,1991700
2942,0,1,14966,16,985018,1691200
2943,0,1,14966,15,985019,1711200
2944,0,0,14966,15,985019,1720000
2945,0,0,14966,15,985019,1778500
2946,0,3,14966,12,985022,1878500
2947,0,0,14966,12,985022,1743700
2948,0,0,14966,12,985022,1798100
2949,0,0,14966,12,985022,1836000
2950,0,0,14966,12,985022,1755700
2951,0,0,14966,12,985022,1787500
2952,0,1,14966,11,985023,1789700
2953,0,0,14966,11,985023,1779400
2954,0,1,14966,10,985024,1792300
2955,0,0,14966,10,985024,1668300
2956,0,0,14966,10,985024,1673400
2957,0,0,14966,10,985024,1750200
2958,0,0,14966,10,985024,1742600
2959,0,0,14966,10,985024,1765200
2960,0,0,14966,10,985024,1787100
2961,0,0,14966,10,985024,1795400
2962,0,0,14966,10,985024,1668900
2963,0,1,14966,9,985025,1781300
2964,0,0,14966,9,985025,1638800
2965,0,3,14966,6,985028,1687500
2966,0,0,14966,6,985028,1899900
2967,0,0,14966,6,985028,1754500
2968,0,1,14966,5,985029,1803900
2969,0,1,14966,4,985030,1685400
2970,0,0,14966,4,985030,1792600
2971,0,0,14966,4,985030,1782700
2972,0,0,14966,4,985030,1699500
2973,0,1,14966,3,985031,1698600
2974,0,0,14966,3,985031,1672300
2975,0,0,14966,3,985031,2149400
2976,0,0,14966,3,985031,1838900
2977,0,0,14966,3,985031,1757700
2978,0,0,14966,3,985031,1818000
2979,0,0,14966,3,985031,1870700
2980,0,1,14966,2,985032,1785900
2981,0,1,14966,1,985033,1841300
2982,0,0,14966,1,985033,1719100
2983,0,0,14966,1,985033,1730200
2984,0,0,14966,1,985033,1800800
2985,0,0,14966,1,985033,1815900
2986,0,0,14966,1,985033,1807600
2987,0,0,14966,1,985033,1725300
2988,0,1,14966,0,985034,1938400
