Tick,NewlyInfected,NewlyRecovered,TotalSusceptible,TotalInfected,TotalRecovered,StepTimeNanos
0,1,1,1562494,5,1,3259700
1,2,0,1562492,7,1,3001000
2,3,1,1562489,9,2,2875700
3,0,2,1562489,7,4,2832300
4,1,0,1562488,8,4,2841700
5,1,2,1562487,7,6,2867500
6,2,0,1562485,9,6,2928900
7,1,2,1562484,8,8,2922200
8,1,0,1562483,9,8,2831600
9,3,0,1562480,12,8,2814700
10,5,0,1562475,17,8,2882600
11,7,1,1562468,23,9,2923000
12,3,0,1562465,26,9,2810100
13,5,1,1562460,30,10,2720100
14,3,1,1562457,32,11,2762000
15,2,1,1562455,33,12,2759000
16,4,0,1562451,37,12,2907700
17,7,1,1562444,43,13,2743500
18,5,4,1562439,44,17,3032700
19,5,0,1562434,49,17,3147800
20,4,1,1562430,52,18,2978700
21,5,4,1562425,53,22,2815000
22,7,1,1562418,59,23,2732300
23,7,1,1562411,65,24,3010700
24,5,4,1562406,66,28,3001600
25,7,6,1562399,67,34,2791600
26,12,4,1562387,75,38,2720100
27,10,2,1562377,83,40,2798000
28,11,2,1562366,92,42,2801900
29,8,2,1562358,98,44,2791600
30,7,3,1562351,102,47,2731500
31,7,3,1562344,106,50,2772700
32,10,7,1562334,109,57,2735200
33,11,1,1562323,119,58,2995000
34,15,4,1562308,130,62,3110600
35,12,8,1562296,134,70,3106900
36,15,6,1562281,143,76,2949400
37,17,8,1562264,152,84,2963400
38,20,6,1562244,166,90,2863300
39,21,8,1562223,179,98,2862700
40,9,9,1562214,179,107,2982800
41,13,9,1562201,183,116,3068300
42,17,6,1562184,194,122,2920700
43,19,13,1562165,200,135,3074500
44,15,10,1562150,205,145,2752400
45,21,10,1562129,216,155,3029300
46,14,14,1562115,216,169,2703600
47,13,9,1562102,220,178,2819200
48,24,9,1562078,235,187,2885000
49,23,14,1562055,244,201,2837900
50,14,17,1562041,241,218,2761800
51,16,16,1562025,241,234,2765300
52,20,15,1562005,246,249,2837000
53,14,5,1561991,255,254,2723600
54,21,9,1561970,267,263,3170700
55,23,20,1561947,270,283,2806600
56,25,15,1561922,280,298,3096200
57,31,14,1561891,297,312,3305400
58,25,11,1561866,311,323,3372400
59,28,16,1561838,323,339,3045100
60,16,14,1561822,325,353,2890600
61,17,14,1561805,328,367,3110400
62,23,12,1561782,339,379,2928200
63,24,14,1561758,349,393,3172800
64,25,21,1561733,353,414,3049000
65,29,24,1561704,358,438,3179300
66,25,17,1561679,366,455,3283900
67,22,20,1561657,368,475,3327600
68,27,15,1561630,380,490,3101800
69,24,13,1561606,391,503,3041100
70,25,23,1561581,393,526,2931300
71,25,26,1561556,392,552,2962500
72,22,18,1561534,396,570,3176900
73,24,19,1561510,401,589,3301300
74,28,15,1561482,414,604,3069000
75,22,20,1561460,416,624,2991100
76,34,20,1561426,430,644,2899400
77,26,22,1561400,434,666,3102900
78,30,20,1561370,444,686,2822800
79,27,27,1561343,444,713,3035900
80,29,32,1561314,441,745,2832600
81,26,19,1561288,448,764,2815200
82,27,20,1561261,455,784,3130000
83,34,23,1561227,466,807,2878100
84,33,20,1561194,479,827,2864800
85,45,24,1561149,500,851,3048800
86,34,21,1561115,513,872,2892100
87,36,33,1561079,516,905,2894300
88,41,19,1561038,538,924,2879100
89,34,24,1561004,548,948,2812700
90,40,24,1560964,564,972,2985400
91,41,22,1560923,583,994,2994700
92,39,27,1560884,595,1021,3223500
93,42,25,1560842,612,1046,3012400
94,50,29,1560792,633,1075,2821600
95,51,21,1560741,663,1096,2908000
96,45,30,1560696,678,1126,3050400
97,40,29,1560656,689,1155,3190700
98,55,36,1560601,708,1191,3054100
99,42,26,1560559,724,1217,2886900
100,41,46,1560518,719,1263,2818000
101,40,31,1560478,728,1294,2797500
102,35,40,1560443,723,1334,2776700
103,48,39,1560395,732,1373,3054200
104,54,34,1560341,752,1407,2956900
105,41,50,1560300,743,1457,2898500
106,49,44,1560251,748,1501,2950100
107,52,34,1560199,766,1535,3060000
108,48,35,1560151,779,1570,3031400
109,50,43,1560101,786,1613,2994200
110,45,40,1560056,791,1653,2930400
111,59,33,1559997,817,1686,2957300
112,60,47,1559937,830,1733,2822000
113,53,45,1559884,838,1778,2835600
114,59,47,1559825,850,1825,2861700
115,43,44,1559782,849,1869,3017400
116,41,32,1559741,858,1901,2760000
117,48,37,1559693,869,1938,2805400
118,62,32,1559631,899,1970,2851200
119,68,52,1559563,915,2022,2829200
120,49,42,1559514,922,2064,2816100
121,49,40,1559465,931,2104,3006800
122,62,48,1559403,945,2152,3007800
123,54,57,1559349,942,2209,2816900
124,55,44,1559294,953,2253,3050400
125,55,59,1559239,949,2312,3013900
126,57,46,1559182,960,2358,3104000
127,57,40,1559125,977,2398,3022000
128,66,54,1559059,989,2452,2923400
129,49,54,1559010,984,2506,2901000
130,52,55,1558958,981,2561,2898800
131,69,49,1558889,1001,2610,2851000
132,64,61,1558825,1004,2671,3079000
133,73,47,1558752,1030,2718,2859500
134,64,53,1558688,1041,2771,2871400
135,66,51,1558622,1056,2822,2815900
136,68,54,1558554,1070,2876,2870300
137,59,59,1558495,1070,2935,2823800
138,65,55,1558430,1080,2990,2856200
139,76,53,1558354,1103,3043,2955200
140,65,54,1558289,1114,3097,2774600
141,66,71,1558223,1109,3168,2792900
142,57,73,1558166,1093,3241,2837100
143,49,66,1558117,1076,3307,3148200
144,53,43,1558064,1086,3350,3245800
145,70,64,1557994,1092,3414,3195500
146,64,51,1557930,1105,3465,2982800
147,63,45,1557867,1123,3510,2923600
148,69,57,1557798,1135,3567,2930900
149,70,68,1557728,1137,3635,3206000
150,78,65,1557650,1150,3700,3081600
151,67,49,1557583,1168,3749,3054300
152,76,63,1557507,1181,3812,2860100
153,56,66,1557451,1171,3878,2792000
154,63,58,1557388,1176,3936,2818200
155,68,65,1557320,1179,4001,2898700
156,76,54,1557244,1201,4055,2897600
157,76,65,1557168,1212,4120,3049300
158,80,67,1557088,1225,4187,3055100
159,84,53,1557004,1256,4240,3057800
160,80,66,1556924,1270,4306,2908400
161,70,87,1556854,1253,4393,3133700
162,82,53,1556772,1282,4446,3091600
163,74,60,1556698,1296,4506,2911500
164,77,62,1556621,1311,4568,2985800
165,71,75,1556550,1307,4643,2955600
166,73,73,1556477,1307,4716,2955700
167,66,61,1556411,1312,4777,2892800
168,64,75,1556347,1301,4852,2782500
169,71,70,1556276,1302,4922,2812800
170,70,68,1556206,1304,4990,2922300
171,78,62,1556128,1320,5052,2979100
172,69,56,1556059,1333,5108,2964900
173,86,73,1555973,1346,5181,2875600
174,80,73,1555893,1353,5254,2899400
175,57,61,1555836,1349,5315,2889600
176,83,70,1555753,1362,5385,2951600
177,87,69,1555666,1380,5454,3088000
178,83,65,1555583,1398,5519,2892700
179,80,68,1555503,1410,5587,2884100
180,74,71,1555429,1413,5658,3083900
181,93,76,1555336,1430,5734,2967900
182,92,84,1555244,1438,5818,3076200
183,92,75,1555152,1455,5893,2836500
184,81,72,1555071,1464,5965,2865100
185,95,67,1554976,1492,6032,2795100
186,89,71,1554887,1510,6103,2905500
187,92,75,1554795,1527,6178,3217800
188,91,80,1554704,1538,6258,2891800
189,79,83,1554625,1534,6341,3042500
190,93,90,1554532,1537,6431,3068100
191,95,88,1554437,1544,6519,3040700
192,101,75,1554336,1570,6594,2979700
193,100,94,1554236,1576,6688,2811900
194,92,75,1554144,1593,6763,2855400
195,117,63,1554027,1647,6826,3029100
196,108,86,1553919,1669,6912,3101500
197,104,86,1553815,1687,6998,2926100
198,110,98,1553705,1699,7096,2880100
199,117,91,1553588,1725,7187,2883100
200,112,100,1553476,1737,7287,2882100
201,122,91,1553354,1768,7378,2898000
202,115,93,1553239,1790,7471,2944300
203,93,89,1553146,1794,7560,2880700
204,103,78,1553043,1819,7638,2905300
205,100,88,1552943,1831,7726,2887300
206,111,91,1552832,1851,7817,2882000
207,101,93,1552731,1859,7910,2828900
208,114,103,1552617,1870,8013,2980400
209,117,97,1552500,1890,8110,2801900
210,105,80,1552395,1915,8190,2822700
211,110,95,1552285,1930,8285,2871500
212,100,99,1552185,1931,8384,2894000
213,103,93,1552082,1941,8477,2986300
214,110,100,1551972,1951,8577,2901400
215,109,103,1551863,1957,8680,2883300
216,124,88,1551739,1993,8768,2877800
217,122,98,1551617,2017,8866,2887800
218,95,88,1551522,2024,8954,3153200
219,105,98,1551417,2031,9052,2964000
220,108,94,1551309,2045,9146,3007600
221,112,99,1551197,2058,9245,2872500
222,117,105,1551080,2070,9350,2999400
223,121,106,1550959,2085,9456,2809600
224,118,91,1550841,2112,9547,2886600
225,118,129,1550723,2101,9676,2833000
226,111,102,1550612,2110,9778,2756700
227,99,112,1550513,2097,9890,2807300
228,97,107,1550416,2087,9997,2952700
229,98,89,1550318,2096,10086,2857800
230,117,93,1550201,2120,10179,2854800
231,130,108,1550071,2142,10287,2803600
232,108,100,1549963,2150,10387,2812600
233,111,111,1549852,2150,10498,2888500
234,122,106,1549730,2166,10604,2679000
235,116,118,1549614,2164,10722,2841900
236,127,112,1549487,2179,10834,2836200
237,116,108,1549371,2187,10942,2888700
238,120,104,1549251,2203,11046,2824700
239,119,102,1549132,2220,11148,2793800
240,120,104,1549012,2236,11252,2798000
241,113,100,1548899,2249,11352,3009400
242,134,104,1548765,2279,11456,2893800
243,135,130,1548630,2284,11586,2943700
244,104,112,1548526,2276,11698,2944500
245,140,116,1548386,2300,11814,2923900
246,119,99,1548267,2320,11913,2871000
247,135,120,1548132,2335,12033,2848100
248,144,99,1547988,2380,12132,2839600
249,141,135,1547847,2386,12267,2878500
250,114,121,1547733,2379,12388,2790400
251,144,112,1547589,2411,12500,2783800
252,151,123,1547438,2439,12623,2849600
253,126,131,1547312,2434,12754,2744400
254,129,109,1547183,2454,12863,2934400
255,133,113,1547050,2474,12976,2944700
256,139,121,1546911,2492,13097,2890600
257,134,122,1546777,2504,13219,2867500
258,141,156,1546636,2489,13375,2751800
259,139,133,1546497,2495,13508,2812900
260,153,127,1546344,2521,13635,2755000
261,126,128,1546218,2519,13763,2698400
262,149,135,1546069,2533,13898,2841500
263,130,130,1545939,2533,14028,2809200
264,130,145,1545809,2518,14173,2839900
265,158,121,1545651,2555,14294,2918100
266,158,115,1545493,2598,14409,2964700
267,147,147,1545346,2598,14556,2812500
268,170,116,1545176,2652,14672,2921400
269,125,144,1545051,2633,14816,2835500
270,166,151,1544885,2648,14967,2965300
271,156,126,1544729,2678,15093,3127400
272,143,111,1544586,2710,15204,2901700
273,150,130,1544436,2730,15334,2918600
274,161,142,1544275,2749,15476,3117000
275,165,142,1544110,2772,15618,2968900
276,148,152,1543962,2768,15770,3198800
277,145,136,1543817,2777,15906,3103500
278,157,138,1543660,2796,16044,2920900
279,147,155,1543513,2788,16199,2873000
280,137,121,1543376,2804,16320,3119200
281,142,153,1543234,2793,16473,3079700
282,129,124,1543105,2798,16597,2803600
283,166,134,1542939,2830,16731,2874900
284,158,149,1542781,2839,16880,2878300
285,152,122,1542629,2869,17002,2880600
286,136,101,1542493,2904,17103,2742600
287,146,128,1542347,2922,17231,2984100
288,147,142,1542200,2927,17373,2840800
289,151,141,1542049,2937,17514,2912200
290,139,155,1541910,2921,17669,3008200
291,155,154,1541755,2922,17823,3039100
292,145,158,1541610,2909,17981,3078400
293,144,137,1541466,2916,18118,3045900
294,148,113,1541318,2951,18231,2731100
295,153,138,1541165,2966,18369,3057400
296,173,140,1540992,2999,18509,2875500
297,146,160,1540846,2985,18669,2987500
298,170,149,1540676,3006,18818,3096100
299,147,155,1540529,2998,18973,3001300
300,168,158,1540361,3008,19131,2981900
301,170,145,1540191,3033,19276,3064900
302,166,138,1540025,3061,19414,2937700
303,165,139,1539860,3087,19553,3020700
304,154,152,1539706,3089,19705,2927700
305,154,148,1539552,3095,19853,2985600
306,163,138,1539389,3120,19991,2948100
307,158,161,1539231,3117,20152,3087400
308,167,137,1539064,3147,20289,3027500
309,162,146,1538902,3163,20435,3151800
310,134,165,1538768,3132,20600,3099900
311,172,162,1538596,3142,20762,3020500
312,171,150,1538425,3163,20912,2956500
313,178,161,1538247,3180,21073,3134000
314,164,152,1538083,3192,21225,3128500
315,160,143,1537923,3209,21368,3004000
316,147,155,1537776,3201,21523,2968300
317,166,177,1537610,3190,21700,2905100
318,158,151,1537452,3197,21851,3244900
319,166,148,1537286,3215,21999,2892100
320,138,184,1537148,3169,22183,2975600
321,156,153,1536992,3172,22336,2961700
322,182,148,1536810,3206,22484,2878600
323,168,148,1536642,3226,22632,2978500
324,164,167,1536478,3223,22799,2882500
325,154,163,1536324,3214,22962,2801100
326,178,157,1536146,3235,23119,2825500
327,176,175,1535970,3236,23294,2884200
328,178,176,1535792,3238,23470,3068500
329,178,148,1535614,3268,23618,2893500
330,179,169,1535435,3278,23787,3119700
331,170,163,1535265,3285,23950,2888700
332,174,139,1535091,3320,24089,2918800
333,179,175,1534912,3324,24264,2865500
334,173,155,1534739,3342,24419,2929800
335,176,163,1534563,3355,24582,3022100
336,188,188,1534375,3355,24770,2880600
337,175,192,1534200,3338,24962,2875000
338,196,172,1534004,3362,25134,2757000
339,198,155,1533806,3405,25289,3053500
340,174,166,1533632,3413,25455,3009800
341,197,160,1533435,3450,25615,2819700
342,174,203,1533261,3421,25818,2839600
343,165,172,1533096,3414,25990,2854900
344,191,181,1532905,3424,26171,2854800
345,175,181,1532730,3418,26352,2873500
346,177,169,1532553,3426,26521,3085400
347,186,166,1532367,3446,26687,3123000
348,177,195,1532190,3428,26882,2868100
349,201,173,1531989,3456,27055,2918100
350,193,172,1531796,3477,27227,2928600
351,187,175,1531609,3489,27402,2859300
352,195,170,1531414,3514,27572,2788800
353,170,189,1531244,3495,27761,2838300
354,190,174,1531054,3511,27935,2927700
355,179,169,1530875,3521,28104,3047800
356,170,172,1530705,3519,28276,3135600
357,158,157,1530547,3520,28433,2874800
358,192,157,1530355,3555,28590,2902800
359,207,171,1530148,3591,28761,3226800
360,193,180,1529955,3604,28941,3296700
361,189,218,1529766,3575,29159,3245500
362,181,184,1529585,3572,29343,3052900
363,194,169,1529391,3597,29512,3276400
364,171,177,1529220,3591,29689,3360300
365,194,174,1529026,3611,29863,3325300
366,189,174,1528837,3626,30037,3485900
367,173,186,1528664,3613,30223,3422200
368,190,179,1528474,3624,30402,3262200
369,206,183,1528268,3647,30585,3259600
370,198,207,1528070,3638,30792,3108800
371,209,203,1527861,3644,30995,3059600
372,187,176,1527674,3655,31171,3077300
373,207,160,1527467,3702,31331,3086100
374,225,185,1527242,3742,31516,3234200
375,219,189,1527023,3772,31705,3188600
376,191,176,1526832,3787,31881,3154900
377,221,177,1526611,3831,32058,3108800
378,205,204,1526406,3832,32262,3052800
379,196,217,1526210,3811,32479,3357800
380,196,187,1526014,3820,32666,3069400
381,190,167,1525824,3843,32833,3029600
382,197,190,1525627,3850,33023,3075900
383,180,203,1525447,3827,33226,3091000
384,183,207,1525264,3803,33433,3086500
385,201,189,1525063,3815,33622,3150000
386,212,184,1524851,3843,33806,3317700
387,189,181,1524662,3851,33987,3041400
388,200,176,1524462,3875,34163,3000400
389,175,208,1524287,3842,34371,2940700
390,185,175,1524102,3852,34546,3149800
391,199,195,1523903,3856,34741,3062000
392,199,188,1523704,3867,34929,2952300
393,213,216,1523491,3864,35145,3166600
394,204,218,1523287,3850,35363,3158500
395,203,196,1523084,3857,35559,3173100
396,193,204,1522891,3846,35763,3143200
397,184,209,1522707,3821,35972,3134300
398,176,184,1522531,3813,36156,3127600
399,190,187,1522341,3816,36343,3488700
400,163,176,1522178,3803,36519,3518600
401,186,172,1521992,3817,36691,3199500
402,168,205,1521824,3780,36896,3302800
403,161,198,1521663,3743,37094,3247400
404,196,197,1521467,3742,37291,3182300
405,196,200,1521271,3738,37491,3093200
406,198,168,1521073,3768,37659,2979900
407,179,190,1520894,3757,37849,3127800
408,185,211,1520709,3731,38060,2914000
409,174,166,1520535,3739,38226,2961700
410,214,199,1520321,3754,38425,3037900
411,184,208,1520137,3730,38633,3106000
412,189,194,1519948,3725,38827,2881800
413,197,189,1519751,3733,39016,2916100
414,211,165,1519540,3779,39181,2884900
415,219,158,1519321,3840,39339,2772300
416,211,214,1519110,3837,39553,2878800
417,204,189,1518906,3852,39742,3170800
418,208,220,1518698,3840,39962,2968800
419,233,207,1518465,3866,40169,3027600
420,214,182,1518251,3898,40351,2891600
421,191,203,1518060,3886,40554,2886500
422,176,203,1517884,3859,40757,2855700
423,208,171,1517676,3896,40928,2832900
424,214,192,1517462,3918,41120,2878000
425,220,206,1517242,3932,41326,3132100
426,208,189,1517034,3951,41515,3052100
427,207,219,1516827,3939,41734,2875400
428,193,170,1516634,3962,41904,2924500
429,195,185,1516439,3972,42089,2883900
430,198,190,1516241,3980,42279,2931500
431,202,200,1516039,3982,42479,2870100
432,189,214,1515850,3957,42693,2930500
433,217,182,1515633,3992,42875,2874400
434,212,183,1515421,4021,43058,2895500
435,212,225,1515209,4008,43283,3166900
436,214,177,1514995,4045,43460,3013000
437,213,186,1514782,4072,43646,2947800
438,197,187,1514585,4082,43833,2876300
439,224,209,1514361,4097,44042,2905500
440,198,208,1514163,4087,44250,3013100
441,227,189,1513936,4125,44439,3002000
442,222,194,1513714,4153,44633,2905800
443,218,212,1513496,4159,44845,3175400
444,211,226,1513285,4144,45071,3187400
445,226,204,1513059,4166,45275,2792900
446,213,213,1512846,4166,45488,2932900
447,202,197,1512644,4171,45685,2966900
448,250,231,1512394,4190,45916,2953200
449,223,195,1512171,4218,46111,2937300
450,212,220,1511959,4210,46331,2854700
451,229,232,1511730,4207,46563,3008900
452,210,214,1511520,4203,46777,2870100
453,207,208,1511313,4202,46985,3275600
454,217,209,1511096,4210,47194,2916600
455,201,233,1510895,4178,47427,2952200
456,213,225,1510682,4166,47652,2970200
457,206,216,1510476,4156,47868,2976200
458,238,192,1510238,4202,48060,3035400
459,212,206,1510026,4208,48266,2999300
460,233,207,1509793,4234,48473,2993100
461,212,206,1509581,4240,48679,3046300
462,239,214,1509342,4265,48893,3247600
463,235,216,1509107,4284,49109,3050400
464,231,205,1508876,4310,49314,2939000
465,225,230,1508651,4305,49544,3110000
466,193,203,1508458,4295,49747,3098400
467,253,223,1508205,4325,49970,2872600
468,221,226,1507984,4320,50196,2889200
469,233,210,1507751,4343,50406,2834800
470,236,230,1507515,4349,50636,2785900
471,219,237,1507296,4331,50873,2885600
472,207,199,1507089,4339,51072,2987000
473,237,225,1506852,4351,51297,3065000
474,217,221,1506635,4347,51518,3034000
475,245,203,1506390,4389,51721,2830100
476,230,209,1506160,4410,51930,3050000
477,236,211,1505924,4435,52141,3019400
478,214,186,1505710,4463,52327,3005700
479,239,204,1505471,4498,52531,3015800
480,242,223,1505229,4517,52754,2841100
481,234,217,1504995,4534,52971,2867700
482,263,217,1504732,4580,53188,2875800
483,233,220,1504499,4593,53408,2885000
484,264,229,1504235,4628,53637,2902000
485,244,238,1503991,4634,53875,3016300
486,243,237,1503748,4640,54112,3039100
487,258,216,1503490,4682,54328,3115800
488,213,246,1503277,4649,54574,2930700
489,223,232,1503054,4640,54806,3129100
490,251,244,1502803,4647,55050,3008700
491,270,231,1502533,4686,55281,2937300
492,250,230,1502283,4706,55511,2929600
493,233,226,1502050,4713,55737,2946800
494,238,213,1501812,4738,55950,3078700
495,234,242,1501578,4730,56192,3179900
496,242,236,1501336,4736,56428,2965900
497,257,259,1501079,4734,56687,2936500
498,258,220,1500821,4772,56907,2911400
499,249,239,1500572,4782,57146,3222000
500,272,230,1500300,4824,57376,3146100
501,215,245,1500085,4794,57621,2989500
502,237,235,1499848,4796,57856,2843900
503,235,246,1499613,4785,58102,2879100
504,224,219,1499389,4790,58321,2921900
505,265,254,1499124,4801,58575,2870700
506,248,236,1498876,4813,58811,2752600
507,262,238,1498614,4837,59049,2801300
508,234,270,1498380,4801,59319,3207800
509,252,257,1498128,4796,59576,3189100
510,261,233,1497867,4824,59809,3141700
511,260,247,1497607,4837,60056,2953600
512,265,240,1497342,4862,60296,2893500
513,277,244,1497065,4895,60540,2909200
514,261,213,1496804,4943,60753,3056400
515,273,242,1496531,4974,60995,2908300
516,257,222,1496274,5009,61217,2881600
517,238,262,1496036,4985,61479,3122900
518,271,241,1495765,5015,61720,3154100
519,244,270,1495521,4989,61990,2906800
520,239,234,1495282,4994,62224,2801200
521,259,253,1495023,5000,62477,2932300
522,262,234,1494761,5028,62711,2948100
523,256,243,1494505,5041,62954,2891200
524,301,245,1494204,5097,63199,2831200
525,262,248,1493942,5111,63447,3168300
526,281,242,1493661,5150,63689,3169200
527,290,256,1493371,5184,63945,3107100
528,309,273,1493062,5220,64218,3161600
529,280,263,1492782,5237,64481,2925600
530,295,267,1492487,5265,64748,3262600
531,306,261,1492181,5310,65009,2985800
532,276,279,1491905,5307,65288,3081100
533,283,277,1491622,5313,65565,2925000
534,271,267,1491351,5317,65832,2900200
535,267,260,1491084,5324,66092,3083300
536,265,282,1490819,5307,66374,3152600
537,269,293,1490550,5283,66667,2884900
538,250,260,1490300,5273,66927,2917700
539,304,246,1489996,5331,67173,2861300
540,258,267,1489738,5322,67440,2904400
541,253,254,1489485,5321,67694,2832800
542,272,262,1489213,5331,67956,2892500
543,264,258,1488949,5337,68214,2844600
544,249,256,1488700,5330,68470,2807800
545,278,268,1488422,5340,68738,3079100
546,275,254,1488147,5361,68992,3056600
547,269,241,1487878,5389,69233,2840500
548,249,273,1487629,5365,69506,2892100
549,267,276,1487362,5356,69782,3030200
550,223,248,1487139,5331,70030,3095200
551,252,290,1486887,5293,70320,3097800
552,247,249,1486640,5291,70569,3069900
553,220,258,1486420,5253,70827,3041400
554,305,281,1486115,5277,71108,3151500
555,285,260,1485830,5302,71368,3161500
556,262,251,1485568,5313,71619,2855000
557,277,246,1485291,5344,71865,3312400
558,283,264,1485008,5363,72129,2979900
559,271,268,1484737,5366,72397,2907800
560,265,248,1484472,5383,72645,3013000
561,257,284,1484215,5356,72929,3257100
562,316,300,1483899,5372,73229,2967700
563,292,261,1483607,5403,73490,2978600
564,291,281,1483316,5413,73771,2940900
565,263,283,1483053,5393,74054,2957000
566,312,268,1482741,5437,74322,2992400
567,302,280,1482439,5459,74602,3144800
568,265,250,1482174,5474,74852,2940900
569,276,259,1481898,5491,75111,2822100
570,316,277,1481582,5530,75388,2943800
571,295,249,1481287,5576,75637,2957300
572,294,290,1480993,5580,75927,2918100
573,291,305,1480702,5566,76232,2831000
574,289,253,1480413,5602,76485,2990800
575,281,272,1480132,5611,76757,2954200
576,298,289,1479834,5620,77046,2889200
577,292,281,1479542,5631,77327,3070000
578,307,325,1479235,5613,77652,2940600
579,294,284,1478941,5623,77936,2876900
580,266,265,1478675,5624,78201,2911600
581,282,287,1478393,5619,78488,2906000
582,321,276,1478072,5664,78764,2945000
583,288,261,1477784,5691,79025,2948100
584,298,260,1477486,5729,79285,2940800
585,303,256,1477183,5776,79541,3126300
586,301,302,1476882,5775,79843,3162100
587,296,303,1476586,5768,80146,2967200
588,294,290,1476292,5772,80436,3072800
589,279,300,1476013,5751,80736,3057500
590,268,288,1475745,5731,81024,3157300
591,293,273,1475452,5751,81297,2845100
592,270,317,1475182,5704,81614,2869200
593,294,290,1474888,5708,81904,3077300
594,281,308,1474607,5681,82212,2953100
595,277,271,1474330,5687,82483,2939900
596,286,262,1474044,5711,82745,3062800
597,302,299,1473742,5714,83044,3069500
598,291,273,1473451,5732,83317,3046100
599,301,266,1473150,5767,83583,2924500
600,277,290,1472873,5754,83873,3005500
601,279,272,1472594,5761,84145,2961200
602,319,293,1472275,5787,84438,2863900
603,322,302,1471953,5807,84740,2843700
604,276,297,1471677,5786,85037,2913000
605,283,300,1471394,5769,85337,3090900
606,315,299,1471079,5785,85636,2996300
607,269,281,1470810,5773,85917,2945200
608,301,274,1470509,5800,86191,3074800
609,266,286,1470243,5780,86477,3050500
610,294,281,1469949,5793,86758,3040200
611,297,308,1469652,5782,87066,2903700
612,288,282,1469364,5788,87348,2920900
613,308,307,1469056,5789,87655,2985300
614,292,285,1468764,5796,87940,2974900
615,280,307,1468484,5769,88247,2903300
616,291,302,1468193,5758,88549,2955400
617,298,303,1467895,5753,88852,2987100
618,278,282,1467617,5749,89134,3064200
619,314,277,1467303,5786,89411,3217500
620,302,271,1467001,5817,89682,3083500
621,310,310,1466691,5817,89992,2980800
622,292,306,1466399,5803,90298,2928100
623,302,309,1466097,5796,90607,2907700
624,307,294,1465790,5809,90901,2928100
625,283,291,1465507,5801,91192,2851100
626,321,286,1465186,5836,91478,2934900
627,280,302,1464906,5814,91780,2939700
628,278,316,1464628,5776,92096,3157500
629,330,303,1464298,5803,92399,2916100
630,325,270,1463973,5858,92669,2964400
631,341,303,1463632,5896,92972,2939000
632,319,308,1463313,5907,93280,2903000
633,338,296,1462975,5949,93576,2918800
634,315,290,1462660,5974,93866,2924800
635,323,323,1462337,5974,94189,2941500
636,301,280,1462036,5995,94469,2842700
637,334,302,1461702,6027,94771,2913300
638,351,296,1461351,6082,95067,2860100
639,303,306,1461048,6079,95373,2895900
640,319,322,1460729,6076,95695,2906100
641,326,292,1460403,6110,95987,2928000
642,319,328,1460084,6101,96315,3037600
643,342,312,1459742,6131,96627,2994700
644,349,304,1459393,6176,96931,3244700
645,337,282,1459056,6231,97213,3246800
646,342,280,1458714,6293,97493,3066600
647,360,363,1458354,6290,97856,3226300
648,299,319,1458055,6270,98175,3001700
649,311,300,1457744,6281,98475,2962700
650,333,318,1457411,6296,98793,2967100
651,368,308,1457043,6356,99101,3145000
652,336,293,1456707,6399,99394,2963300
653,329,320,1456378,6408,99714,2927600
654,350,335,1456028,6423,100049,2964800
655,339,338,1455689,6424,100387,3077600
656,375,312,1455314,6487,100699,3091400
657,307,355,1455007,6439,101054,2905100
658,326,324,1454681,6441,101378,2913700
659,366,344,1454315,6463,101722,2952500
660,338,308,1453977,6493,102030,2898100
661,341,317,1453636,6517,102347,2980900
662,354,328,1453282,6543,102675,2946400
663,374,342,1452908,6575,103017,3035300
664,369,345,1452539,6599,103362,2995400
665,373,326,1452166,6646,103688,3197100
666,346,336,1451820,6656,104024,3141900
667,310,300,1451510,6666,104324,3156300
668,368,325,1451142,6709,104649,3105600
669,342,327,1450800,6724,104976,3046900
670,327,327,1450473,6724,105303,2905400
671,329,367,1450144,6686,105670,2947800
672,354,334,1449790,6706,106004,2900500
673,306,363,1449484,6649,106367,3117500
674,340,337,1449144,6652,106704,3049100
675,330,349,1448814,6633,107053,3062800
676,344,330,1448470,6647,107383,2979400
677,376,339,1448094,6684,107722,2970000
678,372,349,1447722,6707,108071,2893900
679,344,337,1447378,6714,108408,3029300
680,342,334,1447036,6722,108742,2932300
681,356,328,1446680,6750,109070,3042800
682,362,339,1446318,6773,109409,3027700
683,359,338,1445959,6794,109747,3025500
684,333,323,1445626,6804,110070,3380100
685,335,348,1445291,6791,110418,3313800
686,351,353,1444940,6789,110771,3024500
687,355,381,1444585,6763,111152,2934300
688,351,315,1444234,6799,111467,3125500
689,347,347,1443887,6799,111814,3079800
690,347,386,1443540,6760,112200,2908000
691,325,342,1443215,6743,112542,2902800
692,362,324,1442853,6781,112866,2928700
693,343,373,1442510,6751,113239,2978100
694,305,341,1442205,6715,113580,2904000
695,357,313,1441848,6759,113893,2915700
696,338,347,1441510,6750,114240,2912300
697,346,361,1441164,6735,114601,2972600
698,328,335,1440836,6728,114936,3075500
699,336,342,1440500,6722,115278,2924300
700,372,337,1440128,6757,115615,3143600
701,337,313,1439791,6781,115928,3163400
702,356,353,1439435,6784,116281,2943700
703,384,331,1439051,6837,116612,2941100
704,354,344,1438697,6847,116956,2928900
705,349,342,1438348,6854,117298,3084900
706,358,309,1437990,6903,117607,2909500
707,369,362,1437621,6910,117969,3137100
708,359,360,1437262,6909,118329,2937800
709,402,368,1436860,6943,118697,2967300
710,362,373,1436498,6932,119070,2921100
711,341,341,1436157,6932,119411,3204800
712,344,349,1435813,6927,119760,3116000
713,344,355,1435469,6916,120115,2952900
714,317,388,1435152,6845,120503,3081200
715,335,334,1434817,6846,120837,3048600
716,355,358,1434462,6843,121195,2953000
717,344,312,1434118,6875,121507,2861200
718,339,351,1433779,6863,121858,2858100
719,352,297,1433427,6918,122155,2909900
720,354,334,1433073,6938,122489,2905300
721,363,325,1432710,6976,122814,2974800
722,332,354,1432378,6954,123168,3064100
723,308,341,1432070,6921,123509,3079200
724,366,349,1431704,6938,123858,3013500
725,364,384,1431340,6918,124242,2930700
726,330,329,1431010,6919,124571,2998200
727,359,357,1430651,6921,124928,2960600
728,364,329,1430287,6956,125257,3083600
729,369,337,1429918,6988,125594,3484900
730,363,356,1429555,6995,125950,3710100
731,356,348,1429199,7003,126298,3958600
732,365,344,1428834,7024,126642,3446600
733,422,356,1428412,7090,126998,3172700
734,416,336,1427996,7170,127334,3255700
735,382,339,1427614,7213,127673,3236100
736,381,331,1427233,7263,128004,3472400
737,386,399,1426847,7250,128403,3273000
738,392,324,1426455,7318,128727,3285100
739,373,391,1426082,7300,129118,3556600
740,393,350,1425689,7343,129468,3257700
741,401,368,1425288,7376,129836,3100300
742,406,370,1424882,7412,130206,3171100
743,389,350,1424493,7451,130556,3133700
744,367,371,1424126,7447,130927,3189300
745,389,371,1423737,7465,131298,3154400
746,398,376,1423339,7487,131674,3122800
747,394,365,1422945,7516,132039,3081400
748,379,374,1422566,7521,132413,3217300
749,368,331,1422198,7558,132744,3124300
750,373,368,1421825,7563,133112,3181600
751,388,395,1421437,7556,133507,3124400
752,377,380,1421060,7553,133887,3063400
753,356,382,1420704,7527,134269,3169700
754,365,396,1420339,7496,134665,3083500
755,353,392,1419986,7457,135057,3146800
756,374,371,1419612,7460,135428,3029300
757,353,393,1419259,7420,135821,3015400
758,380,385,1418879,7415,136206,3044900
759,377,392,1418502,7400,136598,3149100
760,350,349,1418152,7401,136947,3060000
761,382,356,1417770,7427,137303,3037400
762,394,355,1417376,7466,137658,3150600
763,390,410,1416986,7446,138068,3246700
764,370,349,1416616,7467,138417,3148200
765,393,376,1416223,7484,138793,3291300
766,372,386,1415851,7470,139179,3028200
767,395,356,1415456,7509,139535,3228700
768,402,397,1415054,7514,139932,3126200
769,385,365,1414669,7534,140297,3051400
770,372,387,1414297,7519,140684,2988600
771,368,371,1413929,7516,141055,3179100
772,413,371,1413516,7558,141426,3097900
773,390,397,1413126,7551,141823,3045300
774,392,392,1412734,7551,142215,3048300
775,381,415,1412353,7517,142630,3297300
776,367,388,1411986,7496,143018,3116300
777,350,352,1411636,7494,143370,3067300
778,384,388,1411252,7490,143758,3043000
779,380,364,1410872,7506,144122,2912500
780,429,413,1410443,7522,144535,3113200
781,409,379,1410034,7552,144914,3104900
782,414,368,1409620,7598,145282,3138200
783,397,395,1409223,7600,145677,3035300
784,411,351,1408812,7660,146028,2912600
785,406,357,1408406,7709,146385,3186800
786,411,367,1407995,7753,146752,3117900
787,410,413,1407585,7750,147165,3156700
788,410,378,1407175,7782,147543,3018300
789,389,388,1406786,7783,147931,3163100
790,411,412,1406375,7782,148343,3036900
791,424,389,1405951,7817,148732,3107000
792,402,393,1405549,7826,149125,3013300
793,426,401,1405123,7851,149526,3244500
794,397,373,1404726,7875,149899,3195700
795,366,383,1404360,7858,150282,3081900
796,428,357,1403932,7929,150639,3081400
797,400,415,1403532,7914,151054,3300600
798,414,367,1403118,7961,151421,3105300
799,387,398,1402731,7950,151819,2949200
800,411,425,1402320,7936,152244,3031400
801,400,442,1401920,7894,152686,3049400
802,408,410,1401512,7892,153096,3222400
803,373,412,1401139,7853,153508,3029500
804,387,397,1400752,7843,153905,3047200
805,407,402,1400345,7848,154307,2970200
806,405,375,1399940,7878,154682,3333200
807,435,406,1399505,7907,155088,3220100
808,412,385,1399093,7934,155473,3293600
809,415,390,1398678,7959,155863,3103800
810,399,410,1398279,7948,156273,3251600
811,422,446,1397857,7924,156719,3224700
812,417,396,1397440,7945,157115,3142900
813,428,375,1397012,7998,157490,3266800
814,431,392,1396581,8037,157882,3206200
815,418,399,1396163,8056,158281,3254200
816,374,352,1395789,8078,158633,3362200
817,428,392,1395361,8114,159025,5060900
818,456,393,1394905,8177,159418,5721400
819,394,413,1394511,8158,159831,6523800
820,404,419,1394107,8143,160250,3917600
821,424,422,1393683,8145,160672,4584300
822,433,384,1393250,8194,161056,8545000
823,400,418,1392850,8176,161474,9080500
824,407,391,1392443,8192,161865,5181500
825,392,398,1392051,8186,162263,4396200
826,425,386,1391626,8225,162649,4168200
827,435,421,1391191,8239,163070,4308400
828,448,430,1390743,8257,163500,4323600
829,436,401,1390307,8292,163901,4545800
830,415,441,1389892,8266,164342,4206700
831,451,395,1389441,8322,164737,9637200
832,435,392,1389006,8365,165129,3892900
833,409,394,1388597,8380,165523,3702600
834,422,448,1388175,8354,165971,3921400
835,429,420,1387746,8363,166391,3780900
836,416,392,1387330,8387,166783,3411000
837,408,431,1386922,8364,167214,3704100
838,430,412,1386492,8382,167626,3416400
839,430,431,1386062,8381,168057,3426400
840,406,430,1385656,8357,168487,3214400
841,405,414,1385251,8348,168901,3324700
842,423,411,1384828,8360,169312,3476500
843,412,396,1384416,8376,169708,3324500
844,426,428,1383990,8374,170136,3366700
845,423,430,1383567,8367,170566,3267900
846,418,403,1383149,8382,170969,3469900
847,386,377,1382763,8391,171346,3694600
848,398,432,1382365,8357,171778,3437800
849,407,403,1381958,8361,172181,4072700
850,420,440,1381538,8341,172621,12286600
851,418,388,1381120,8371,173009,3925000
852,453,436,1380667,8388,173445,3606400
853,378,423,1380289,8343,173868,3642100
854,412,424,1379877,8331,174292,3257600
855,393,396,1379484,8328,174688,4094800
856,417,417,1379067,8328,175105,15749600
857,374,381,1378693,8321,175486,6792300
858,421,445,1378272,8297,175931,3998600
859,396,400,1377876,8293,176331,3430800
860,430,411,1377446,8312,176742,3326000
861,400,402,1377046,8310,177144,3463800
862,416,413,1376630,8313,177557,4693000
863,391,454,1376239,8250,178011,4318800
864,417,401,1375822,8266,178412,3928700
865,398,432,1375424,8232,178844,3588900
866,394,420,1375030,8206,179264,3516200
867,402,444,1374628,8164,179708,3499900
868,437,387,1374191,8214,180095,3540700
869,416,406,1373775,8224,180501,3585000
870,396,412,1373379,8208,180913,3593200
871,393,399,1372986,8202,181312,3531200
872,408,432,1372578,8178,181744,3405700
873,418,404,1372160,8192,182148,3404500
874,412,400,1371748,8204,182548,3438600
875,406,384,1371342,8226,182932,3305300
876,422,414,1370920,8234,183346,3408900
877,391,394,1370529,8231,183740,3386600
878,399,433,1370130,8197,184173,4020300
879,374,380,1369756,8191,184553,3754700
880,384,386,1369372,8189,184939,3574800
881,431,439,1368941,8181,185378,3662900
882,420,439,1368521,8162,185817,4148400
883,382,391,1368139,8153,186208,3756200
884,380,413,1367759,8120,186621,3459400
885,409,376,1367350,8153,186997,3723100
886,390,427,1366960,8116,187424,3500000
887,416,405,1366544,8127,187829,3510500
888,396,383,1366148,8140,188212,3402500
889,343,382,1365805,8101,188594,3173100
890,382,389,1365423,8094,188983,3239300
891,387,398,1365036,8083,189381,3304200
892,365,407,1364671,8041,189788,3325900
893,376,417,1364295,8000,190205,3976800
894,373,421,1363922,7952,190626,3203200
895,390,398,1363532,7944,191024,3335200
896,412,398,1363120,7958,191422,3203200
897,373,440,1362747,7891,191862,3303300
898,392,397,1362355,7886,192259,3116700
899,349,406,1362006,7829,192665,3607100
900,413,409,1361593,7833,193074,3263300
901,409,378,1361184,7864,193452,3344000
902,415,394,1360769,7885,193846,3154300
903,377,408,1360392,7854,194254,2931600
904,400,394,1359992,7860,194648,3055200
905,419,390,1359573,7889,195038,3140600
906,420,375,1359153,7934,195413,3189700
907,387,415,1358766,7906,195828,2962100
908,411,354,1358355,7963,196182,3018500
909,410,382,1357945,7991,196564,3235500
910,408,404,1357537,7995,196968,3572800
911,412,416,1357125,7991,197384,3319600
912,396,384,1356729,8003,197768,3298100
913,382,409,1356347,7976,198177,3292400
914,408,426,1355939,7958,198603,3139900
915,410,420,1355529,7948,199023,3092800
916,392,379,1355137,7961,199402,3106700
917,380,381,1354757,7960,199783,2945900
918,382,373,1354375,7969,200156,2914900
919,370,410,1354005,7929,200566,2938000
920,445,405,1353560,7969,200971,3422200
921,405,397,1353155,7977,201368,3157400
922,426,394,1352729,8009,201762,3019500
923,421,393,1352308,8037,202155,3032500
924,431,394,1351877,8074,202549,3099200
925,423,419,1351454,8078,202968,3099800
926,419,412,1351035,8085,203380,3183500
927,416,404,1350619,8097,203784,3279700
928,407,457,1350212,8047,204241,3072000
929,429,383,1349783,8093,204624,3173100
930,426,421,1349357,8098,205045,3221100
931,404,394,1348953,8108,205439,3018100
932,421,412,1348532,8117,205851,3050400
933,409,420,1348123,8106,206271,3109900
934,421,369,1347702,8158,206640,3135200
935,422,410,1347280,8170,207050,3079500
936,455,381,1346825,8244,207431,3340700
937,445,448,1346380,8241,207879,12440300
938,399,429,1345981,8211,208308,3734200
939,390,431,1345591,8170,208739,3504800
940,399,400,1345192,8169,209139,3420300
941,408,415,1344784,8162,209554,3671200
942,383,452,1344401,8093,210006,3333400
943,407,402,1343994,8098,210408,3143100
944,400,452,1343594,8046,210860,3153800
945,397,376,1343197,8067,211236,3077800
946,405,401,1342792,8071,211637,3293200
947,427,365,1342365,8133,212002,3179900
948,409,406,1341956,8136,212408,3289100
949,393,396,1341563,8133,212804,3262700
950,374,404,1341189,8103,213208,3382400
951,410,349,1340779,8164,213557,3423200
952,403,426,1340376,8141,213983,3650500
953,420,408,1339956,8153,214391,3179600
954,413,417,1339543,8149,214808,3237100
955,404,367,1339139,8186,215175,3119800
956,401,419,1338738,8168,215594,3307300
957,418,409,1338320,8177,216003,3140700
958,414,388,1337906,8203,216391,3100500
959,359,398,1337547,8164,216789,3111200
960,398,420,1337149,8142,217209,3400000
961,412,433,1336737,8121,217642,3153000
962,398,396,1336339,8123,218038,3097800
963,429,395,1335910,8157,218433,3337000
964,429,385,1335481,8201,218818,3327400
965,360,429,1335121,8132,219247,3128600
966,372,411,1334749,8093,219658,3156400
967,366,384,1334383,8075,220042,3116900
968,389,381,1333994,8083,220423,3161400
969,360,396,1333634,8047,220819,3388400
970,413,394,1333221,8066,221213,3420100
971,376,388,1332845,8054,221601,3133400
972,405,410,1332440,8049,222011,3000300
973,398,378,1332042,8069,222389,3037200
974,385,430,1331657,8024,222819,3370400
975,388,422,1331269,7990,223241,3310100
976,410,381,1330859,8019,223622,3214000
977,425,421,1330434,8023,224043,3403700
978,400,410,1330034,8013,224453,3172100
979,418,393,1329616,8038,224846,3242400
980,401,375,1329215,8064,225221,3300400
981,434,363,1328781,8135,225584,3362200
982,407,387,1328374,8155,225971,3315400
983,424,415,1327950,8164,226386,3399500
984,416,378,1327534,8202,226764,3167200
985,449,419,1327085,8232,227183,3005300
986,410,431,1326675,8211,227614,3236800
987,419,441,1326256,8189,228055,3150500
988,396,399,1325860,8186,228454,3421000
989,379,425,1325481,8140,228879,3134300
990,399,425,1325082,8114,229304,3444100
991,396,384,1324686,8126,229688,3110600
992,368,421,1324318,8073,230109,3259600
993,397,418,1323921,8052,230527,3201700
994,366,416,1323555,8002,230943,3262500
995,378,367,1323177,8013,231310,2998400
996,405,347,1322772,8071,231657,3061200
997,376,397,1322396,8050,232054,3105600
998,407,403,1321989,8054,232457,3062900
999,363,397,1321626,8020,232854,3179700
1000,391,422,1321235,7989,233276,3027300
1001,396,428,1320839,7957,233704,3310600
1002,381,420,1320458,7918,234124,3158900
1003,414,392,1320044,7940,234516,3161700
1004,372,396,1319672,7916,234912,3159900
1005,400,417,1319272,7899,235329,3180700
1006,377,388,1318895,7888,235717,3126300
1007,393,371,1318502,7910,236088,3109300
1008,384,351,1318118,7943,236439,3193300
1009,426,374,1317692,7995,236813,3114800
1010,391,415,1317301,7971,237228,3362300
1011,379,361,1316922,7989,237589,3816300
1012,382,380,1316540,7991,237969,3945300
1013,396,389,1316144,7998,238358,3422700
1014,394,388,1315750,8004,238746,3158300
1015,405,433,1315345,7976,239179,3084200
1016,423,385,1314922,8014,239564,3106600
1017,402,415,1314520,8001,239979,3112600
1018,378,396,1314142,7983,240375,3032400
1019,384,390,1313758,7977,240765,3038000
1020,354,438,1313404,7893,241203,3043900
1021,400,386,1313004,7907,241589,2982000
1022,374,384,1312630,7897,241973,3008600
1023,401,410,1312229,7888,242383,2993300
1024,373,404,1311856,7857,242787,3122200
1025,385,407,1311471,7835,243194,3015100
1026,385,419,1311086,7801,243613,3241500
1027,386,368,1310700,7819,243981,3299600
1028,380,384,1310320,7815,244365,3208700
1029,405,380,1309915,7840,244745,3058200
1030,409,394,1309506,7855,245139,3323400
1031,382,389,1309124,7848,245528,3264400
1032,368,379,1308756,7837,245907,3362400
1033,361,391,1308395,7807,246298,3329300
1034,369,371,1308026,7805,246669,3399200
1035,361,381,1307665,7785,247050,3199600
1036,380,355,1307285,7810,247405,3402000
1037,392,388,1306893,7814,247793,3183300
1038,376,378,1306517,7812,248171,3094700
1039,400,396,1306117,7816,248567,3078100
1040,382,353,1305735,7845,248920,3062000
1041,346,384,1305389,7807,249304,3220800
1042,380,420,1305009,7767,249724,3350400
1043,354,398,1304655,7723,250122,2988600
1044,373,406,1304282,7690,250528,3174800
1045,373,384,1303909,7679,250912,3014600
1046,385,368,1303524,7696,251280,2998000
1047,374,388,1303150,7682,251668,3123400
1048,390,396,1302760,7676,252064,3103200
1049,363,392,1302397,7647,252456,3194600
1050,360,387,1302037,7620,252843,3104600
1051,372,371,1301665,7621,253214,3241500
1052,361,374,1301304,7608,253588,3076600
1053,358,379,1300946,7587,253967,3301100
1054,359,360,1300587,7586,254327,3181500
1055,358,370,1300229,7574,254697,3069500
1056,361,357,1299868,7578,255054,3135400
1057,370,379,1299498,7569,255433,3101000
1058,360,376,1299138,7553,255809,3047700
1059,321,394,1298817,7480,256203,3022900
1060,348,348,1298469,7480,256551,3254200
1061,373,384,1298096,7469,256935,3071200
1062,385,348,1297711,7506,257283,3115300
1063,350,382,1297361,7474,257665,3075000
1064,377,393,1296984,7458,258058,3117000
1065,350,360,1296634,7448,258418,3015100
1066,371,389,1296263,7430,258807,3088900
1067,332,407,1295931,7355,259214,3197000
1068,366,379,1295565,7342,259593,3126800
1069,354,367,1295211,7329,259960,3174800
1070,370,349,1294841,7350,260309,2995500
1071,348,373,1294493,7325,260682,3017100
1072,360,353,1294133,7332,261035,3045800
1073,361,358,1293772,7335,261393,3210200
1074,370,359,1293402,7346,261752,3127900
1075,353,376,1293049,7323,262128,3051800
1076,371,378,1292678,7316,262506,3356500
1077,364,337,1292314,7343,262843,3156800
1078,380,362,1291934,7361,263205,2962100
1079,374,350,1291560,7385,263555,2973100
1080,353,423,1291207,7315,263978,3073000
1081,375,364,1290832,7326,264342,3175700
1082,363,397,1290469,7292,264739,2964600
1083,348,387,1290121,7253,265126,3017100
1084,350,389,1289771,7214,265515,3054200
1085,364,372,1289407,7206,265887,2959400
1086,319,356,1289088,7169,266243,2979500
1087,344,361,1288744,7152,266604,2919600
1088,338,363,1288406,7127,266967,3228700
1089,321,358,1288085,7090,267325,3260200
1090,352,323,1287733,7119,267648,3345800
1091,339,350,1287394,7108,267998,3317700
1092,352,336,1287042,7124,268334,3197100
1093,347,340,1286695,7131,268674,3080900
1094,323,390,1286372,7064,269064,3257300
1095,352,366,1286020,7050,269430,3300700
1096,355,349,1285665,7056,269779,3428200
1097,372,371,1285293,7057,270150,3484400
1098,359,369,1284934,7047,270519,3444600
1099,349,343,1284585,7053,270862,3461200
1100,355,350,1284230,7058,271212,3292600
1101,368,366,1283862,7060,271578,3140900
1102,352,356,1283510,7056,271934,3359500
1103,366,365,1283144,7057,272299,3253900
1104,366,369,1282778,7054,272668,3565800
1105,374,371,1282404,7057,273039,3381600
1106,339,364,1282065,7032,273403,3387800
1107,367,338,1281698,7061,273741,3359700
1108,362,361,1281336,7062,274102,3352900
1109,372,351,1280964,7083,274453,3150800
1110,379,352,1280585,7110,274805,3361300
1111,379,347,1280206,7142,275152,3102500
1112,352,365,1279854,7129,275517,3048500
1113,364,338,1279490,7155,275855,3320600
1114,368,363,1279122,7160,276218,3428900
1115,377,382,1278745,7155,276600,3303500
1116,345,369,1278400,7131,276969,3215400
1117,382,318,1278018,7195,277287,3244900
1118,361,372,1277657,7184,277659,3095700
1119,332,337,1277325,7179,277996,2995900
1120,340,353,1276985,7166,278349,3327300
1121,350,353,1276635,7163,278702,3143200
1122,375,361,1276260,7177,279063,3441900
1123,364,355,1275896,7186,279418,3178500
1124,354,365,1275542,7175,279783,3182800
1125,365,340,1275177,7200,280123,3039600
1126,353,379,1274824,7174,280502,3186400
1127,341,334,1274483,7181,280836,3180800
1128,349,375,1274134,7155,281211,3060100
1129,390,341,1273744,7204,281552,3035700
1130,360,348,1273384,7216,281900,3768200
1131,332,341,1273052,7207,282241,3472900
1132,362,369,1272690,7200,282610,3242500
1133,326,374,1272364,7152,282984,3224200
1134,340,383,1272024,7109,283367,3299900
1135,360,374,1271664,7095,283741,3234900
1136,331,366,1271333,7060,284107,3184700
1137,317,366,1271016,7011,284473,3507100
1138,312,370,1270704,6953,284843,3169700
1139,361,390,1270343,6924,285233,3289600
1140,329,387,1270014,6866,285620,3252500
1141,301,319,1269713,6848,285939,3341200
1142,315,406,1269398,6757,286345,3354400
1143,313,342,1269085,6728,286687,3366700
1144,344,324,1268741,6748,287011,3174600
1145,354,340,1268387,6762,287351,2980900
1146,352,328,1268035,6786,287679,3322600
1147,286,306,1267749,6766,287985,3345100
1148,336,369,1267413,6733,288354,3016800
1149,360,330,1267053,6763,288684,2988300
1150,324,336,1266729,6751,289020,2999800
1151,319,353,1266410,6717,289373,3159300
1152,321,327,1266089,6711,289700,3057600
1153,349,331,1265740,6729,290031,3109300
1154,367,365,1265373,6731,290396,3105400
1155,352,334,1265021,6749,290730,3347600
1156,350,320,1264671,6779,291050,3103000
1157,320,332,1264351,6767,291382,3045400
1158,354,357,1263997,6764,291739,3060000
1159,322,338,1263675,6748,292077,3284400
1160,357,339,1263318,6766,292416,3319600
1161,356,346,1262962,6776,292762,3215400
1162,357,365,1262605,6768,293127,3360900
1163,355,357,1262250,6766,293484,3142500
1164,339,341,1261911,6764,293825,3256400
1165,336,351,1261575,6749,294176,3032300
1166,367,324,1261208,6792,294500,3015500
1167,339,326,1260869,6805,294826,2990600
1168,341,298,1260528,6848,295124,3264400
1169,372,344,1260156,6876,295468,3233300
1170,344,330,1259812,6890,295798,3039400
1171,330,361,1259482,6859,296159,3015700
1172,324,351,1259158,6832,296510,3368000
1173,348,367,1258810,6813,296877,3204000
1174,343,359,1258467,6797,297236,3207000
1175,341,368,1258126,6770,297604,3156700
1176,342,339,1257784,6773,297943,3273300
1177,329,325,1257455,6777,298268,3127100
1178,348,321,1257107,6804,298589,3162400
1179,358,337,1256749,6825,298926,3059300
1180,364,311,1256385,6878,299237,3385900
1181,305,352,1256080,6831,299589,3199100
1182,347,352,1255733,6826,299941,3041100
1183,321,360,1255412,6787,300301,3065500
1184,327,341,1255085,6773,300642,3035600
1185,327,304,1254758,6796,300946,3105900
1186,399,320,1254359,6875,301266,3052200
1187,317,356,1254042,6836,301622,3295900
1188,320,363,1253722,6793,301985,3227300
1189,346,312,1253376,6827,302297,3431200
1190,323,360,1253053,6790,302657,3175400
1191,332,352,1252721,6770,303009,3226900
1192,336,340,1252385,6766,303349,3353900
1193,324,324,1252061,6766,303673,3336100
1194,375,364,1251686,6777,304037,3256700
1195,342,301,1251344,6818,304338,3132400
1196,348,335,1250996,6831,304673,3092300
1197,329,330,1250667,6830,305003,3460200
1198,335,306,1250332,6859,305309,3286100
1199,318,370,1250014,6807,305679,3287500
1200,344,330,1249670,6821,306009,3398300
1201,306,324,1249364,6803,306333,3360200
1202,290,349,1249074,6744,306682,3341200
1203,326,377,1248748,6693,307059,3299400
1204,334,339,1248414,6688,307398,3282800
1205,342,342,1248072,6688,307740,3384400
1206,339,357,1247733,6670,308097,5069600
1207,320,338,1247413,6652,308435,5985200
1208,333,349,1247080,6636,308784,3373400
1209,344,321,1246736,6659,309105,3307100
1210,322,349,1246414,6632,309454,4208200
1211,338,341,1246076,6629,309795,16089600
1212,311,337,1245765,6603,310132,4675800
1213,347,312,1245418,6638,310444,4160000
1214,318,328,1245100,6628,310772,3627800
1215,345,308,1244755,6665,311080,3768900
1216,343,308,1244412,6700,311388,4565000
1217,344,329,1244068,6715,311717,3606100
1218,343,333,1243725,6725,312050,3578500
1219,349,359,1243376,6715,312409,3381300
1220,366,334,1243010,6747,312743,3277000
1221,314,322,1242696,6739,313065,3595200
1222,337,316,1242359,6760,313381,3512400
1223,376,337,1241983,6799,313718,3342600
1224,342,366,1241641,6775,314084,3815800
1225,326,299,1241315,6802,314383,3498500
1226,334,346,1240981,6790,314729,3570700
1227,333,375,1240648,6748,315104,3632800
1228,337,372,1240311,6713,315476,3444000
1229,302,317,1240009,6698,315793,3219200
1230,329,325,1239680,6702,316118,3198100
1231,330,360,1239350,6672,316478,3229100
1232,319,325,1239031,6666,316803,3139400
1233,315,349,1238716,6632,317152,3096000
1234,340,341,1238376,6631,317493,3090500
1235,319,303,1238057,6647,317796,3147800
1236,323,318,1237734,6652,318114,3625800
1237,323,308,1237411,6667,318422,3338700
1238,325,320,1237086,6672,318742,3216600
1239,358,314,1236728,6716,319056,3514700
1240,300,336,1236428,6680,319392,3569900
1241,336,331,1236092,6685,319723,3173400
1242,332,328,1235760,6689,320051,3178700
1243,325,333,1235435,6681,320384,3114200
1244,338,338,1235097,6681,320722,3064700
1245,320,305,1234777,6696,321027,3114200
1246,313,317,1234464,6692,321344,2985700
1247,319,311,1234145,6700,321655,3043000
1248,333,367,1233812,6666,322022,3022400
1249,293,334,1233519,6625,322356,3001100
1250,345,320,1233174,6650,322676,3209500
1251,279,361,1232895,6568,323037,3058800
1252,317,319,1232578,6566,323356,3093100
1253,302,357,1232276,6511,323713,3018100
1254,334,354,1231942,6491,324067,3104400
1255,288,306,1231654,6473,324373,2998800
1256,335,298,1231319,6510,324671,3099900
1257,319,320,1231000,6509,324991,2921200
1258,327,329,1230673,6507,325320,2835600
1259,318,316,1230355,6509,325636,2976000
1260,350,303,1230005,6556,325939,3106600
1261,326,330,1229679,6552,326269,2957700
1262,327,308,1229352,6571,326577,3225600
1263,342,331,1229010,6582,326908,3068800
1264,334,337,1228676,6579,327245,3044300
1265,320,330,1228356,6569,327575,3047600
1266,333,306,1228023,6596,327881,2992100
1267,334,340,1227689,6590,328221,2947200
1268,318,307,1227371,6601,328528,2892500
1269,307,308,1227064,6600,328836,2890000
1270,343,335,1226721,6608,329171,2934000
1271,319,363,1226402,6564,329534,2918500
1272,323,318,1226079,6569,329852,2951300
1273,316,289,1225763,6596,330141,3034400
1274,325,352,1225438,6569,330493,3132000
1275,317,300,1225121,6586,330793,2970400
1276,335,317,1224786,6604,331110,2991600
1277,335,300,1224451,6639,331410,2942900
1278,345,336,1224106,6648,331746,3156300
1279,355,351,1223751,6652,332097,2885300
1280,320,296,1223431,6676,332393,2968300
1281,337,303,1223094,6710,332696,2918100
1282,352,347,1222742,6715,333043,2961100
1283,319,339,1222423,6695,333382,3087900
1284,312,351,1222111,6656,333733,3001700
1285,319,325,1221792,6650,334058,3275200
1286,341,365,1221451,6626,334423,3047500
1287,328,354,1221123,6600,334777,2972100
1288,347,342,1220776,6605,335119,2992700
1289,333,340,1220443,6598,335459,2921700
1290,304,309,1220139,6593,335768,3089500
1291,312,328,1219827,6577,336096,3009400
1292,318,330,1219509,6565,336426,2957800
1293,331,351,1219178,6545,336777,2999500
1294,311,315,1218867,6541,337092,3250500
1295,315,345,1218552,6511,337437,3300600
1296,347,341,1218205,6517,337778,3097300
1297,331,347,1217874,6501,338125,3013000
1298,329,300,1217545,6530,338425,3212000
1299,338,309,1217207,6559,338734,3162500
1300,331,366,1216876,6524,339100,3016800
1301,299,343,1216577,6480,339443,3042600
1302,331,327,1216246,6484,339770,3083800
1303,327,344,1215919,6467,340114,3110600
1304,324,356,1215595,6435,340470,2972700
1305,333,298,1215262,6470,340768,3006100
1306,339,324,1214923,6485,341092,3065800
1307,327,314,1214596,6498,341406,3023200
1308,340,307,1214256,6531,341713,3057800
1309,347,321,1213909,6557,342034,3307200
1310,346,310,1213563,6593,342344,3260800
1311,346,342,1213217,6597,342686,3384100
1312,359,297,1212858,6659,342983,3223800
1313,344,337,1212514,6666,343320,3095500
1314,335,342,1212179,6659,343662,3128900
1315,296,349,1211883,6606,344011,3332900
1316,353,332,1211530,6627,344343,3239000
1317,338,289,1211192,6676,344632,3474400
1318,335,349,1210857,6662,344981,3782500
1319,364,267,1210493,6759,345248,3360600
1320,320,332,1210173,6747,345580,3222600
1321,315,359,1209858,6703,345939,3148200
1322,348,305,1209510,6746,346244,3100000
1323,321,348,1209189,6719,346592,3152100
1324,347,338,1208842,6728,346930,3165500
1325,343,353,1208499,6718,347283,3070700
1326,340,348,1208159,6710,347631,3088800
1327,315,364,1207844,6661,347995,3327800
1328,303,331,1207541,6633,348326,3036900
1329,326,341,1207215,6618,348667,3175900
1330,314,336,1206901,6596,349003,3208100
1331,337,318,1206564,6615,349321,3221800
1332,340,338,1206224,6617,349659,3136100
1333,313,364,1205911,6566,350023,3100300
1334,327,327,1205584,6566,350350,3166300
1335,344,344,1205240,6566,350694,3053600
1336,367,326,1204873,6607,351020,3044400
1337,348,319,1204525,6636,351339,3450200
1338,346,355,1204179,6627,351694,3614900
1339,330,355,1203849,6602,352049,3482700
1340,344,309,1203505,6637,352358,3458700
1341,373,330,1203132,6680,352688,3379000
1342,345,319,1202787,6706,353007,3249700
1343,345,339,1202442,6712,353346,3254500
1344,350,332,1202092,6730,353678,3240100
1345,372,332,1201720,6770,354010,3366600
1346,326,314,1201394,6782,354324,3127000
1347,330,318,1201064,6794,354642,3123500
1348,331,339,1200733,6786,354981,3076500
1349,322,335,1200411,6773,355316,3282600
1350,330,340,1200081,6763,355656,3213100
1351,338,342,1199743,6759,355998,3139400
1352,361,337,1199382,6783,356335,3191800
1353,323,315,1199059,6791,356650,3121000
1354,361,334,1198698,6818,356984,3171800
1355,315,307,1198383,6826,357291,3188700
1356,317,377,1198066,6766,357668,3108700
1357,329,321,1197737,6774,357989,3166900
1358,319,351,1197418,6742,358340,3419800
1359,298,360,1197120,6680,358700,3141700
1360,308,359,1196812,6629,359059,3095300
1361,319,335,1196493,6613,359394,3197500
1362,333,371,1196160,6575,359765,3190100
1363,313,321,1195847,6567,360086,3075600
1364,336,332,1195511,6571,360418,3210500
1365,336,321,1195175,6586,360739,3096200
1366,315,351,1194860,6550,361090,3148900
1367,305,311,1194555,6544,361401,3013900
1368,328,353,1194227,6519,361754,2964500
1369,314,348,1193913,6485,362102,2996700
1370,324,330,1193589,6479,362432,2966800
1371,311,290,1193278,6500,362722,3292500
1372,327,326,1192951,6501,363048,3190300
1373,312,351,1192639,6462,363399,2993000
1374,319,314,1192320,6467,363713,2997900
1375,338,325,1191982,6480,364038,3164000
1376,314,346,1191668,6448,364384,3181000
1377,334,330,1191334,6452,364714,3055500
1378,339,325,1190995,6466,365039,3284000
1379,314,344,1190681,6436,365383,3095400
1380,334,311,1190347,6459,365694,2970100
1381,335,347,1190012,6447,366041,3708400
1382,296,317,1189716,6426,366358,3044100
1383,322,309,1189394,6439,366667,3013000
1384,327,287,1189067,6479,366954,3010600
1385,302,317,1188765,6464,367271,3003500
1386,307,293,1188458,6478,367564,3041700
1387,302,302,1188156,6478,367866,2973500
1388,320,326,1187836,6472,368192,2981800
1389,329,321,1187507,6480,368513,3151500
1390,307,336,1187200,6451,368849,3137900
1391,340,333,1186860,6458,369182,3436000
1392,325,334,1186535,6449,369516,3289800
1393,296,321,1186239,6424,369837,3037500
1394,336,306,1185903,6454,370143,3017000
1395,310,321,1185593,6443,370464,3296700
1396,329,328,1185264,6444,370792,3587700
1397,318,333,1184946,6429,371125,3226600
1398,310,350,1184636,6389,371475,12535900
1399,317,330,1184319,6376,371805,4036800
1400,326,316,1183993,6386,372121,3516000
1401,310,314,1183683,6382,372435,3438900
1402,332,309,1183351,6405,372744,3647300
1403,328,307,1183023,6426,373051,3495800
1404,338,328,1182685,6436,373379,3442200
1405,324,368,1182361,6392,373747,3349800
1406,307,296,1182054,6403,374043,3448900
1407,349,326,1181705,6426,374369,3338400
1408,296,323,1181409,6399,374692,4151800
1409,362,314,1181047,6447,375006,3205500
1410,347,316,1180700,6478,375322,3543800
1411,315,300,1180385,6493,375622,3300800
1412,338,356,1180047,6475,375978,3298100
1413,323,302,1179724,6496,376280,3111900
1414,329,337,1179395,6488,376617,3124200
1415,346,298,1179049,6536,376915,3198700
1416,314,330,1178735,6520,377245,3370100
1417,335,309,1178400,6546,377554,3606500
1418,319,316,1178081,6549,377870,3180000
1419,319,332,1177762,6536,378202,3005100
1420,324,348,1177438,6512,378550,3143200
1421,319,322,1177119,6509,378872,3404900
1422,342,342,1176777,6509,379214,3116800
1423,332,297,1176445,6544,379511,3243300
1424,331,329,1176114,6546,379840,3153200
1425,304,349,1175810,6501,380189,3257500
1426,324,333,1175486,6492,380522,3118100
1427,324,314,1175162,6502,380836,3036500
1428,324,330,1174838,6496,381166,3016000
1429,325,332,1174513,6489,381498,3195500
1430,322,284,1174191,6527,381782,3226900
1431,317,327,1173874,6517,382109,3293500
1432,318,369,1173556,6466,382478,3149600
1433,355,325,1173201,6496,382803,3309900
1434,311,344,1172890,6463,383147,3189600
1435,297,305,1172593,6455,383452,3172900
1436,361,312,1172232,6504,383764,3205200
1437,323,329,1171909,6498,384093,3435000
1438,300,317,1171609,6481,384410,3243000
1439,313,330,1171296,6464,384740,3443800
1440,303,329,1170993,6438,385069,3974400
1441,305,304,1170688,6439,385373,3448300
1442,319,314,1170369,6444,385687,3262600
1443,333,308,1170036,6469,385995,3176700
1444,328,313,1169708,6484,386308,3295300
1445,310,307,1169398,6487,386615,3343400
1446,283,325,1169115,6445,386940,3455300
1447,293,327,1168822,6411,387267,3326700
1448,298,306,1168524,6403,387573,3271200
1449,336,319,1168188,6420,387892,3351400
1450,322,299,1167866,6443,388191,3253800
1451,289,342,1167577,6390,388533,3324900
1452,303,353,1167274,6340,388886,3235700
1453,297,335,1166977,6302,389221,3206100
1454,330,342,1166647,6290,389563,3281500
1455,333,303,1166314,6320,389866,3152100
1456,292,308,1166022,6304,390174,3177100
1457,289,350,1165733,6243,390524,3473400
1458,331,350,1165402,6224,390874,3306900
1459,298,324,1165104,6198,391198,3275800
1460,306,313,1164798,6191,391511,3579900
1461,306,290,1164492,6207,391801,3158700
1462,317,338,1164175,6186,392139,3260100
1463,293,287,1163882,6192,392426,3379700
1464,305,282,1163577,6215,392708,3075100
1465,340,312,1163237,6243,393020,3304600
1466,352,328,1162885,6267,393348,3126500
1467,308,305,1162577,6270,393653,3065000
1468,322,318,1162255,6274,393971,3285500
1469,396,336,1161859,6334,394307,3080300
1470,357,324,1161502,6367,394631,3207800
1471,316,318,1161186,6365,394949,3270000
1472,336,309,1160850,6392,395258,3118200
1473,326,339,1160524,6379,395597,3062700
1474,337,308,1160187,6408,395905,3293600
1475,342,331,1159845,6419,396236,3210700
1476,360,322,1159485,6457,396558,3117800
1477,315,318,1159170,6454,396876,3114500
1478,305,300,1158865,6459,397176,3179600
1479,376,332,1158489,6503,397508,3274300
1480,320,322,1158169,6501,397830,3186900
1481,335,291,1157834,6545,398121,3029000
1482,321,326,1157513,6540,398447,3127700
1483,330,302,1157183,6568,398749,3196100
1484,308,305,1156875,6571,399054,3043300
1485,298,315,1156577,6554,399369,3030200
1486,354,357,1156223,6551,399726,3068300
1487,323,317,1155900,6557,400043,3018800
1488,320,328,1155580,6549,400371,3154900
1489,314,340,1155266,6523,400711,3472300
1490,330,322,1154936,6531,401033,3138300
1491,330,315,1154606,6546,401348,3165000
1492,325,361,1154281,6510,401709,3285000
1493,316,331,1153965,6495,402040,3171700
1494,318,338,1153647,6475,402378,3210900
1495,324,314,1153323,6485,402692,3298000
1496,349,276,1152974,6558,402968,3250800
1497,364,327,1152610,6595,403295,3041600
1498,332,319,1152278,6608,403614,3085900
1499,357,333,1151921,6632,403947,3415600
1500,348,314,1151573,6666,404261,3186800
1501,316,343,1151257,6639,404604,3073100
1502,357,329,1150900,6667,404933,3256900
1503,354,336,1150546,6685,405269,3211500
1504,384,322,1150162,6747,405591,3171100
1505,344,320,1149818,6771,405911,3058800
1506,354,350,1149464,6775,406261,3047400
1507,340,344,1149124,6771,406605,3039300
1508,314,342,1148810,6743,406947,3281900
1509,316,325,1148494,6734,407272,3101200
1510,330,354,1148164,6710,407626,3199700
1511,340,312,1147824,6738,407938,3135200
1512,379,345,1147445,6772,408283,3074700
1513,303,350,1147142,6725,408633,3190700
1514,333,347,1146809,6711,408980,3073900
1515,312,339,1146497,6684,409319,3020100
1516,329,331,1146168,6682,409650,3027400
1517,318,315,1145850,6685,409965,3189000
1518,331,341,1145519,6675,410306,3226400
1519,342,319,1145177,6698,410625,3157100
1520,346,354,1144831,6690,410979,3416900
1521,285,300,1144546,6675,411279,3106300
1522,314,304,1144232,6685,411583,3478400
1523,353,338,1143879,6700,411921,3145500
1524,338,332,1143541,6706,412253,3354200
1525,319,302,1143222,6723,412555,3113800
1526,308,356,1142914,6675,412911,3078000
1527,320,348,1142594,6647,413259,3364100
1528,312,307,1142282,6652,413566,3178300
1529,320,328,1141962,6644,413894,3125900
1530,349,370,1141613,6623,414264,3250200
1531,378,350,1141235,6651,414614,3155400
1532,328,305,1140907,6674,414919,3063500
1533,312,329,1140595,6657,415248,3190100
1534,325,331,1140270,6651,415579,3273500
1535,353,333,1139917,6671,415912,3132100
1536,329,352,1139588,6648,416264,3093600
1537,334,331,1139254,6651,416595,3169700
1538,317,341,1138937,6627,416936,3453900
1539,327,343,1138610,6611,417279,3192300
1540,343,368,1138267,6586,417647,3131400
1541,329,346,1137938,6569,417993,3187200
1542,347,301,1137591,6615,418294,3479200
1543,360,349,1137231,6626,418643,3282600
1544,334,336,1136897,6624,418979,3063400
1545,356,329,1136541,6651,419308,3019000
1546,323,365,1136218,6609,419673,3032400
1547,329,324,1135889,6614,419997,3035600
1548,325,349,1135564,6590,420346,2983600
1549,317,326,1135247,6581,420672,2993100
1550,307,322,1134940,6566,420994,2980700
1551,351,307,1134589,6610,421301,3056200
1552,343,320,1134246,6633,421621,3182500
1553,331,323,1133915,6641,421944,3010400
1554,346,361,1133569,6626,422305,2968200
1555,319,334,1133250,6611,422639,3105500
1556,338,330,1132912,6619,422969,3446700
1557,290,316,1132622,6593,423285,3051000
1558,343,329,1132279,6607,423614,3029800
1559,288,350,1131991,6545,423964,3007900
1560,295,325,1131696,6515,424289,3004200
1561,304,322,1131392,6497,424611,3073900
1562,344,333,1131048,6508,424944,3323900
1563,334,297,1130714,6545,425241,3183200
1564,310,336,1130404,6519,425577,3120400
1565,336,300,1130068,6555,425877,3219200
1566,347,344,1129721,6558,426221,3413000
1567,356,309,1129365,6605,426530,3274600
1568,330,350,1129035,6585,426880,3033400
1569,318,318,1128717,6585,427198,3028000
1570,313,326,1128404,6572,427524,3138000
1571,333,348,1128071,6557,427872,3031200
1572,314,303,1127757,6568,428175,3167900
1573,328,339,1127429,6557,428514,3115200
1574,334,330,1127095,6561,428844,3316500
1575,309,344,1126786,6526,429188,3242400
1576,338,349,1126448,6515,429537,3062600
1577,326,325,1126122,6516,429862,3118000
1578,300,334,1125822,6482,430196,2984000
1579,342,324,1125480,6500,430520,2992600
1580,310,293,1125170,6517,430813,2966500
1581,323,314,1124847,6526,431127,3011900
1582,337,327,1124510,6536,431454,3177000
1583,335,329,1124175,6542,431783,3389800
1584,301,318,1123874,6525,432101,3128800
1585,317,291,1123557,6551,432392,3226900
1586,307,312,1123250,6546,432704,3040000
1587,314,336,1122936,6524,433040,3210500
1588,303,314,1122633,6513,433354,3144500
1589,332,336,1122301,6509,433690,3091800
1590,331,345,1121970,6495,434035,3050500
1591,332,327,1121638,6500,434362,3027500
1592,398,346,1121240,6552,434708,3051600
1593,330,293,1120910,6589,435001,3039300
1594,310,331,1120600,6568,435332,3023600
1595,326,320,1120274,6574,435652,3033500
1596,344,339,1119930,6579,435991,3024200
1597,322,297,1119608,6604,436288,3375900
1598,319,344,1119289,6579,436632,3321600
1599,306,344,1118983,6541,436976,3123200
1600,323,367,1118660,6497,437343,3084000
1601,341,335,1118319,6503,437678,3067200
1602,331,351,1117988,6483,438029,3266700
1603,347,329,1117641,6501,438358,3196000
1604,310,329,1117331,6482,438687,3157600
1605,350,351,1116981,6481,439038,3168700
1606,298,307,1116683,6472,439345,3090900
1607,336,326,1116347,6482,439671,3347900
1608,321,338,1116026,6465,440009,3614900
1609,313,322,1115713,6456,440331,3395100
1610,316,322,1115397,6450,440653,3073900
1611,324,344,1115073,6430,440997,3200900
1612,336,334,1114737,6432,441331,3172300
1613,306,311,1114431,6427,441642,3111700
1614,336,320,1114095,6443,441962,3142000
1615,307,350,1113788,6400,442312,3259600
1616,319,313,1113469,6406,442625,3288500
1617,317,326,1113152,6397,442951,3577800
1618,320,320,1112832,6397,443271,3312600
1619,344,313,1112488,6428,443584,3311300
1620,351,303,1112137,6476,443887,3180300
1621,307,335,1111830,6448,444222,3246700
1622,324,308,1111506,6464,444530,3408100
1623,305,316,1111201,6453,444846,3247700
1624,331,309,1110870,6475,445155,3325200
1625,347,324,1110523,6498,445479,3495600
1626,324,333,1110199,6489,445812,3444400
1627,312,337,1109887,6464,446149,3228100
1628,296,316,1109591,6444,446465,3446300
1629,315,298,1109276,6461,446763,3143300
1630,325,358,1108951,6428,447121,3228700
1631,304,319,1108647,6413,447440,3059200
1632,315,351,1108332,6377,447791,3221600
1633,335,324,1107997,6388,448115,3358700
1634,331,313,1107666,6406,448428,3219900
1635,320,329,1107346,6397,448757,3209800
1636,311,313,1107035,6395,449070,3122400
1637,300,324,1106735,6371,449394,3102300
1638,311,341,1106424,6341,449735,3043700
1639,329,298,1106095,6372,450033,3167000
1640,310,315,1105785,6367,450348,3331400
1641,293,317,1105492,6343,450665,3415000
1642,308,301,1105184,6350,450966,3614900
1643,306,302,1104878,6354,451268,3634200
1644,355,324,1104523,6385,451592,3435200
1645,328,333,1104195,6380,451925,3968300
1646,322,318,1103873,6384,452243,3618200
1647,346,339,1103527,6391,452582,3577600
1648,308,326,1103219,6373,452908,3516900
1649,354,308,1102865,6419,453216,3689600
1650,350,327,1102515,6442,453543,3748000
1651,329,310,1102186,6461,453853,3392100
1652,348,309,1101838,6500,454162,3376300
1653,340,339,1101498,6501,454501,4066300
1654,347,312,1101151,6536,454813,3560000
1655,332,331,1100819,6537,455144,3670400
1656,313,339,1100506,6511,455483,3559300
1657,356,345,1100150,6522,455828,3759900
1658,343,316,1099807,6549,456144,3456400
1659,354,329,1099453,6574,456473,3520700
1660,334,314,1099119,6594,456787,3489500
1661,340,329,1098779,6605,457116,3501000
1662,333,365,1098446,6573,457481,3786100
1663,313,335,1098133,6551,457816,3613200
1664,311,358,1097822,6504,458174,3796700
1665,332,353,1097490,6483,458527,3584600
1666,323,339,1097167,6467,458866,3437600
1667,334,302,1096833,6499,459168,3551200
1668,316,325,1096517,6490,459493,3614900
1669,316,350,1096201,6456,459843,3359500
1670,346,313,1095855,6489,460156,3580100
1671,295,349,1095560,6435,460505,3506500
1672,356,325,1095204,6466,460830,3359900
1673,336,373,1094868,6429,461203,3358900
1674,308,325,1094560,6412,461528,3588300
1675,340,308,1094220,6444,461836,3684500
1676,308,326,1093912,6426,462162,3598300
1677,355,295,1093557,6486,462457,3616700
1678,309,344,1093248,6451,462801,3581600
1679,322,319,1092926,6454,463120,3638700
1680,319,294,1092607,6479,463414,3803500
1681,324,311,1092283,6492,463725,3637100
1682,303,328,1091980,6467,464053,3635300
1683,315,344,1091665,6438,464397,3751200
1684,341,326,1091324,6453,464723,3637100
1685,330,309,1090994,6474,465032,3555900
1686,322,329,1090672,6467,465361,3399000
1687,320,344,1090352,6443,465705,3356800
1688,320,325,1090032,6438,466030,3443500
1689,311,281,1089721,6468,466311,3518200
1690,342,322,1089379,6488,466633,3263100
1691,333,326,1089046,6495,466959,3246800
1692,322,332,1088724,6485,467291,3517900
1693,371,324,1088353,6532,467615,3267900
1694,348,341,1088005,6539,467956,3200700
1695,341,312,1087664,6568,468268,3214700
1696,366,332,1087298,6602,468600,3197900
1697,318,334,1086980,6586,468934,3330400
1698,338,331,1086642,6593,469265,3334600
1699,341,337,1086301,6597,469602,3431400
1700,317,291,1085984,6623,469893,3373000
1701,319,313,1085665,6629,470206,3336900
1702,345,289,1085320,6685,470495,3262900
1703,337,314,1084983,6708,470809,3285000
1704,348,320,1084635,6736,471129,3603700
1705,330,316,1084305,6750,471445,3251100
1706,329,299,1083976,6780,471744,3462300
1707,339,328,1083637,6791,472072,3252300
1708,360,348,1083277,6803,472420,3419800
1709,359,349,1082918,6813,472769,3295200
1710,350,386,1082568,6777,473155,3525300
1711,342,333,1082226,6786,473488,3383300
1712,334,345,1081892,6775,473833,3429900
1713,358,331,1081534,6802,474164,3242100
1714,349,334,1081185,6817,474498,3370600
1715,330,360,1080855,6787,474858,3465700
1716,390,351,1080465,6826,475209,3287300
1717,360,344,1080105,6842,475553,3262100
1718,342,345,1079763,6839,475898,3301700
1719,346,347,1079417,6838,476245,3386900
1720,349,347,1079068,6840,476592,3300000
1721,324,355,1078744,6809,476947,3537800
1722,325,359,1078419,6775,477306,3502100
1723,319,302,1078100,6792,477608,3275800
1724,333,342,1077767,6783,477950,3355100
1725,326,352,1077441,6757,478302,3411900
1726,340,291,1077101,6806,478593,3376400
1727,346,356,1076755,6796,478949,3352600
1728,342,330,1076413,6808,479279,3304200
1729,356,351,1076057,6813,479630,3565400
1730,335,333,1075722,6815,479963,3316800
1731,332,367,1075390,6780,480330,3322900
1732,341,312,1075049,6809,480642,3638300
1733,354,328,1074695,6835,480970,3227200
1734,354,355,1074341,6834,481325,3321200
1735,343,349,1073998,6828,481674,3243100
1736,339,377,1073659,6790,482051,3301000
1737,320,330,1073339,6780,482381,3067200
1738,326,338,1073013,6768,482719,3268500
1739,318,366,1072695,6720,483085,3147200
1740,324,329,1072371,6715,483414,3109500
1741,333,328,1072038,6720,483742,3108300
1742,328,323,1071710,6725,484065,3066100
1743,347,333,1071363,6739,484398,3088400
1744,319,359,1071044,6699,484757,3281200
1745,355,368,1070689,6686,485125,3217500
1746,336,321,1070353,6701,485446,3243300
1747,334,366,1070019,6669,485812,3080200
1748,354,342,1069665,6681,486154,3080100
1749,322,308,1069343,6695,486462,3489700
1750,340,338,1069003,6697,486800,3468000
1751,317,325,1068686,6689,487125,3142800
1752,319,352,1068367,6656,487477,3141500
1753,305,313,1068062,6648,487790,3268600
1754,329,347,1067733,6630,488137,3306500
1755,328,309,1067405,6649,488446,3038200
1756,315,331,1067090,6633,488777,3068100
1757,313,309,1066777,6637,489086,3003900
1758,341,328,1066436,6650,489414,3062100
1759,345,329,1066091,6666,489743,3248700
1760,336,339,1065755,6663,490082,3130600
1761,357,354,1065398,6666,490436,3805900
1762,347,298,1065051,6715,490734,3336700
1763,331,355,1064720,6691,491089,3455200
1764,344,331,1064376,6704,491420,3358800
1765,334,336,1064042,6702,491756,3164200
1766,325,344,1063717,6683,492100,3585900
1767,313,358,1063404,6638,492458,3272300
1768,347,327,1063057,6658,492785,3201500
1769,350,353,1062707,6655,493138,3206800
1770,361,315,1062346,6701,493453,3166000
1771,365,337,1061981,6729,493790,3139800
1772,362,346,1061619,6745,494136,3125400
1773,356,349,1061263,6752,494485,3339300
1774,347,319,1060916,6780,494804,3096400
1775,350,354,1060566,6776,495158,3287900
1776,365,356,1060201,6785,495514,3568900
1777,367,333,1059834,6819,495847,3363400
1778,355,350,1059479,6824,496197,3164400
1779,351,348,1059128,6827,496545,3384600
1780,352,330,1058776,6849,496875,3434900
1781,336,327,1058440,6858,497202,3184900
1782,328,355,1058112,6831,497557,3331800
1783,330,321,1057782,6840,497878,3195800
1784,341,325,1057441,6856,498203,3135700
1785,336,374,1057105,6818,498577,3175700
1786,364,301,1056741,6881,498878,3199600
1787,301,347,1056440,6835,499225,3217600
1788,332,344,1056108,6823,499569,3184900
1789,355,371,1055753,6807,499940,3193500
1790,324,367,1055429,6764,500307,3118500
1791,336,326,1055093,6774,500633,3190800
1792,348,328,1054745,6794,500961,3240500
1793,332,358,1054413,6768,501319,3575600
1794,310,309,1054103,6769,501628,3296400
1795,357,326,1053746,6800,501954,3134500
1796,335,356,1053411,6779,502310,3519400
1797,352,353,1053059,6778,502663,3258200
1798,313,318,1052746,6773,502981,3211700
1799,330,353,1052416,6750,503334,3232900
1800,327,346,1052089,6731,503680,3529700
1801,351,307,1051738,6775,503987,3181300
1802,307,329,1051431,6753,504316,3316100
1803,293,346,1051138,6700,504662,3219100
1804,342,338,1050796,6704,505000,3215900
1805,316,338,1050480,6682,505338,3162500
1806,315,313,1050165,6684,505651,3440300
1807,314,340,1049851,6658,505991,3460200
1808,339,347,1049512,6650,506338,3218900
1809,307,318,1049205,6639,506656,3399600
1810,342,338,1048863,6643,506994,3325400
1811,319,337,1048544,6625,507331,3297900
1812,313,381,1048231,6557,507712,3221500
1813,320,333,1047911,6544,508045,3313500
1814,336,355,1047575,6525,508400,3200600
1815,329,324,1047246,6530,508724,3494900
1816,340,313,1046906,6557,509037,3264700
1817,324,339,1046582,6542,509376,3260300
1818,336,318,1046246,6560,509694,3176700
1819,311,318,1045935,6553,510012,3206600
1820,366,326,1045569,6593,510338,3365400
1821,327,331,1045242,6589,510669,3220100
1822,340,359,1044902,6570,511028,3724100
1823,324,350,1044578,6544,511378,3257500
1824,329,320,1044249,6553,511698,3311700
1825,326,321,1043923,6558,512019,3540000
1826,316,326,1043607,6548,512345,3355100
1827,339,295,1043268,6592,512640,3263000
1828,331,342,1042937,6581,512982,3301400
1829,332,295,1042605,6618,513277,3383700
1830,320,326,1042285,6612,513603,3253900
1831,352,307,1041933,6657,513910,3301600
1832,311,341,1041622,6627,514251,3230100
1833,322,342,1041300,6607,514593,3249500
1834,327,326,1040973,6608,514919,3265200
1835,315,338,1040658,6585,515257,3181600
1836,323,327,1040335,6581,515584,3199600
1837,298,337,1040037,6542,515921,3222900
1838,317,310,1039720,6549,516231,3369800
1839,323,304,1039397,6568,516535,3303600
1840,316,299,1039081,6585,516834,3583100
1841,322,334,1038759,6573,517168,3286400
1842,303,323,1038456,6553,517491,3331800
1843,298,327,1038158,6524,517818,3257500
1844,321,327,1037837,6518,518145,3253500
1845,328,308,1037509,6538,518453,3174800
1846,328,308,1037181,6558,518761,3243800
1847,304,327,1036877,6535,519088,3295800
1848,311,335,1036566,6511,519423,3141900
1849,325,347,1036241,6489,519770,3231400
1850,373,299,1035868,6563,520069,3177300
1851,348,322,1035520,6589,520391,3157800
1852,299,337,1035221,6551,520728,3112600
1853,316,314,1034905,6553,521042,3333400
1854,328,366,1034577,6515,521408,3191300
1855,322,318,1034255,6519,521726,3438100
1856,340,340,1033915,6519,522066,3161900
1857,309,354,1033606,6474,522420,3251500
1858,335,340,1033271,6469,522760,3073400
1859,307,309,1032964,6467,523069,3113600
1860,317,299,1032647,6485,523368,3282100
1861,341,353,1032306,6473,523721,3157100
1862,310,315,1031996,6468,524036,3118200
1863,324,330,1031672,6462,524366,3144800
1864,321,303,1031351,6480,524669,3308400
1865,343,344,1031008,6479,525013,3195800
1866,331,330,1030677,6480,525343,3083700
1867,318,335,1030359,6463,525678,3238700
1868,321,315,1030038,6469,525993,3104700
1869,324,327,1029714,6466,526320,3196000
1870,315,332,1029399,6449,526652,3228900
1871,346,317,1029053,6478,526969,3096400
1872,313,320,1028740,6471,527289,3265200
1873,328,320,1028412,6479,527609,3042400
1874,304,324,1028108,6459,527933,3023700
1875,323,339,1027785,6443,528272,2984400
1876,333,334,1027452,6442,528606,3000800
1877,350,329,1027102,6463,528935,3082800
1878,330,330,1026772,6463,529265,3256900
1879,363,353,1026409,6473,529618,3156300
1880,350,318,1026059,6505,529936,3053600
1881,347,333,1025712,6519,530269,3225700
1882,377,321,1025335,6575,530590,3347500
1883,333,334,1025002,6574,530924,3269600
1884,329,365,1024673,6538,531289,3537500
1885,313,310,1024360,6541,531599,3458500
1886,336,336,1024024,6541,531935,3548500
1887,365,378,1023659,6528,532313,3673300
1888,343,329,1023316,6542,532642,3274100
1889,340,334,1022976,6548,532976,3280100
1890,328,325,1022648,6551,533301,3237500
1891,348,329,1022300,6570,533630,3093400
1892,349,331,1021951,6588,533961,3136900
1893,338,320,1021613,6606,534281,3428500
1894,347,328,1021266,6625,534609,3106600
1895,358,310,1020908,6673,534919,3145800
1896,369,332,1020539,6710,535251,3152600
1897,352,329,1020187,6733,535580,3066300
1898,342,337,1019845,6738,535917,3247100
1899,309,344,1019536,6703,536261,3028200
1900,332,324,1019204,6711,536585,3003100
1901,351,348,1018853,6714,536933,3288400
1902,336,336,1018517,6714,537269,3406400
1903,331,310,1018186,6735,537579,3217600
1904,340,364,1017846,6711,537943,3371000
1905,356,326,1017490,6741,538269,3144300
1906,335,349,1017155,6727,538618,3405500
1907,329,339,1016826,6717,538957,3280800
1908,347,310,1016479,6754,539267,3096200
1909,338,330,1016141,6762,539597,3111100
1910,331,337,1015810,6756,539934,3152200
1911,356,351,1015454,6761,540285,3083400
1912,318,333,1015136,6746,540618,3052700
1913,353,341,1014783,6758,540959,3036600
1914,342,388,1014441,6712,541347,3041600
1915,319,353,1014122,6678,541700,3035100
1916,311,335,1013811,6654,542035,3214900
1917,337,338,1013474,6653,542373,3449700
1918,330,337,1013144,6646,542710,3468300
1919,307,359,1012837,6594,543069,3183600
1920,355,326,1012482,6623,543395,3169100
1921,358,325,1012124,6656,543720,3152200
1922,306,352,1011818,6610,544072,3334800
1923,312,332,1011506,6590,544404,3225800
1924,292,333,1011214,6549,544737,3254600
1925,360,326,1010854,6583,545063,3494500
1926,305,324,1010549,6564,545387,3932000
1927,338,355,1010211,6547,545742,3455800
1928,338,311,1009873,6574,546053,3222100
1929,348,336,1009525,6586,546389,3199800
1930,329,319,1009196,6596,546708,3177000
1931,343,335,1008853,6604,547043,3282700
1932,318,332,1008535,6590,547375,3234300
1933,341,334,1008194,6597,547709,3226300
1934,327,346,1007867,6578,548055,3543700
1935,342,342,1007525,6578,548397,3239800
1936,328,323,1007197,6583,548720,3199200
1937,350,326,1006847,6607,549046,3250100
1938,321,347,1006526,6581,549393,3104900
1939,297,347,1006229,6531,549740,3081200
1940,321,327,1005908,6525,550067,3142200
1941,335,310,1005573,6550,550377,3278200
1942,344,330,1005229,6564,550707,3117500
1943,303,341,1004926,6526,551048,3065700
1944,357,310,1004569,6573,551358,3296800
1945,341,343,1004228,6571,551701,3449600
1946,317,352,1003911,6536,552053,3437400
1947,355,343,1003556,6548,552396,3314900
1948,331,351,1003225,6528,552747,3334000
1949,335,322,1002890,6541,553069,3281900
1950,340,339,1002550,6542,553408,3092900
1951,344,335,1002206,6551,553743,3024900
1952,348,331,1001858,6568,554074,3198500
1953,342,311,1001516,6599,554385,3101500
1954,326,346,1001190,6579,554731,3174800
1955,319,355,1000871,6543,555086,3152700
1956,345,332,1000526,6556,555418,3113900
1957,343,347,1000183,6552,555765,3187300
1958,335,325,999848,6562,556090,3464400
1959,349,362,999499,6549,556452,3544200
1960,383,314,999116,6618,556766,3601600
1961,367,357,998749,6628,557123,3479000
1962,357,317,998392,6668,557440,3173600
1963,382,351,998010,6699,557791,3380800
1964,339,316,997671,6722,558107,3317700
1965,351,361,997320,6712,558468,3410200
1966,331,310,996989,6733,558778,3289600
1967,343,314,996646,6762,559092,3225700
1968,368,310,996278,6820,559402,3152600
1969,378,322,995900,6876,559724,3117800
1970,359,347,995541,6888,560071,3127100
1971,352,313,995189,6927,560384,3116100
1972,334,329,994855,6932,560713,3052700
1973,349,385,994506,6896,561098,3130700
1974,317,355,994189,6858,561453,3094200
1975,345,331,993844,6872,561784,3074200
1976,310,331,993534,6851,562115,2996800
1977,350,344,993184,6857,562459,3095700
1978,347,338,992837,6866,562797,3234000
1979,334,358,992503,6842,563155,3252100
1980,317,315,992186,6844,563470,3223600
1981,345,350,991841,6839,563820,3087000
1982,349,350,991492,6838,564170,3044400
1983,312,332,991180,6818,564502,3059500
1984,311,375,990869,6754,564877,3386600
1985,320,353,990549,6721,565230,3382500
1986,315,336,990234,6700,565566,3517600
1987,311,352,989923,6659,565918,3152900
1988,327,305,989596,6681,566223,3268800
1989,332,360,989264,6653,566583,3150100
1990,321,347,988943,6627,566930,3202200
1991,344,329,988599,6642,567259,3080600
1992,348,331,988251,6659,567590,3164000
1993,310,341,987941,6628,567931,3051200
1994,293,322,987648,6599,568253,4049900
1995,309,342,987339,6566,568595,3072200
1996,340,340,986999,6566,568935,3037900
1997,348,304,986651,6610,569239,3117200
1998,322,339,986329,6593,569578,3227200
1999,342,345,985987,6590,569923,3420600
2000,344,343,985643,6591,570266,2985000
2001,316,322,985327,6585,570588,3026500
2002,338,340,984989,6583,570928,3132800
2003,347,361,984642,6569,571289,3250300
2004,332,306,984310,6595,571595,3241100
2005,326,301,983984,6620,571896,3744600
2006,328,327,983656,6621,572223,3473600
2007,337,286,983319,6672,572509,3589000
2008,346,355,982973,6663,572864,3191100
2009,308,327,982665,6644,573191,3102800
2010,351,311,982314,6684,573502,3064500
2011,345,333,981969,6696,573835,3128200
2012,328,336,981641,6688,574171,3501400
2013,370,357,981271,6701,574528,3272100
2014,319,337,980952,6683,574865,3150800
2015,314,360,980638,6637,575225,3105200
2016,339,321,980299,6655,575546,3305700
2017,358,329,979941,6684,575875,3264100
2018,315,349,979626,6650,576224,3071100
2019,308,350,979318,6608,576574,3159700
2020,338,348,978980,6598,576922,3056700
2021,326,343,978654,6581,577265,3105800
2022,317,324,978337,6574,577589,3147200
2023,323,317,978014,6580,577906,3036800
2024,343,344,977671,6579,578250,3083100
2025,337,325,977334,6591,578575,3093800
2026,340,341,976994,6590,578916,3179400
2027,331,344,976663,6577,579260,3400200
2028,329,336,976334,6570,579596,3189300
2029,343,303,975991,6610,579899,3316600
2030,327,339,975664,6598,580238,3285100
2031,326,330,975338,6594,580568,3504800
2032,354,285,974984,6663,580853,3121400
2033,359,331,974625,6691,581184,3036800
2034,317,336,974308,6672,581520,3196500
2035,330,332,973978,6670,581852,3245900
2036,343,325,973635,6688,582177,3272900
2037,317,303,973318,6702,582480,3359000
2038,339,339,972979,6702,582819,3217200
2039,353,364,972626,6691,583183,3329200
2040,358,318,972268,6731,583501,3239500
2041,345,351,971923,6725,583852,3403700
2042,350,346,971573,6729,584198,3132500
2043,343,318,971230,6754,584516,3165000
2044,388,369,970842,6773,584885,3140400
2045,335,343,970507,6765,585228,3371000
2046,344,353,970163,6756,585581,3586000
2047,347,343,969816,6760,585924,3349900
2048,354,336,969462,6778,586260,3355400
2049,351,329,969111,6800,586589,3343500
2050,327,289,968784,6838,586878,3461400
2051,362,351,968422,6849,587229,3394300
2052,334,331,968088,6852,587560,3473200
2053,320,363,967768,6809,587923,3150800
2054,339,317,967429,6831,588240,3483800
2055,342,317,967087,6856,588557,3337200
2056,329,337,966758,6848,588894,3291500
2057,324,372,966434,6800,589266,3287300
2058,319,375,966115,6744,589641,3217700
2059,349,331,965766,6762,589972,3259000
2060,321,323,965445,6760,590295,3367000
2061,341,358,965104,6743,590653,3389000
2062,359,300,964745,6802,590953,3285200
2063,330,367,964415,6765,591320,3124000
2064,349,348,964066,6766,591668,3154500
2065,342,339,963724,6769,592007,3175800
2066,320,360,963404,6729,592367,3221800
2067,332,328,963072,6733,592695,3309100
2068,323,330,962749,6726,593025,3206800
2069,334,340,962415,6720,593365,3566800
2070,351,330,962064,6741,593695,3192300
2071,331,355,961733,6717,594050,3261500
2072,329,326,961404,6720,594376,3206200
2073,371,330,961033,6761,594706,3239100
2074,349,328,960684,6782,595034,3290800
2075,352,320,960332,6814,595354,3455500
2076,338,329,959994,6823,595683,3443700
2077,321,313,959673,6831,595996,3358200
2078,352,345,959321,6838,596341,3191300
2079,345,337,958976,6846,596678,3404100
2080,369,356,958607,6859,597034,3241200
2081,317,358,958290,6818,597392,3167200
2082,327,320,957963,6825,597712,3172000
2083,326,353,957637,6798,598065,3129400
2084,332,333,957305,6797,598398,3111800
2085,334,328,956971,6803,598726,3221700
2086,337,322,956634,6818,599048,3233900
2087,351,326,956283,6843,599374,3163500
2088,314,347,955969,6810,599721,3315100
2089,334,350,955635,6794,600071,3216200
2090,294,339,955341,6749,600410,3200500
2091,356,302,954985,6803,600712,3195000
2092,333,336,954652,6800,601048,3106800
2093,333,351,954319,6782,601399,3167400
2094,337,352,953982,6767,601751,3235800
2095,345,338,953637,6774,602089,3117800
2096,346,331,953291,6789,602420,3524100
2097,333,316,952958,6806,602736,3160100
2098,313,338,952645,6781,603074,3247400
2099,331,355,952314,6757,603429,3358100
2100,325,322,951989,6760,603751,3157500
2101,341,333,951648,6768,604084,3327300
2102,335,368,951313,6735,604452,3207800
2103,352,340,950961,6747,604792,3159600
2104,331,342,950630,6736,605134,3276800
2105,348,351,950282,6733,605485,3326300
2106,322,340,949960,6715,605825,3202000
2107,332,341,949628,6706,606166,3288900
2108,335,336,949293,6705,606502,3180400
2109,350,322,948943,6733,606824,3133000
2110,353,345,948590,6741,607169,3210300
2111,316,336,948274,6721,607505,3200000
2112,337,314,947937,6744,607819,3397700
2113,294,340,947643,6698,608159,3230900
2114,334,321,947309,6711,608480,3183600
2115,358,343,946951,6726,608823,3156400
2116,338,334,946613,6730,609157,3153200
2117,381,319,946232,6792,609476,3297600
2118,345,339,945887,6798,609815,3120400
2119,365,353,945522,6810,610168,3064700
2120,360,325,945162,6845,610493,3012200
2121,346,372,944816,6819,610865,3041200
2122,358,335,944458,6842,611200,3068400
2123,326,325,944132,6843,611525,3318800
2124,318,361,943814,6800,611886,3097400
2125,325,335,943489,6790,612221,3124400
2126,362,336,943127,6816,612557,3079800
2127,317,327,942810,6806,612884,3148600
2128,337,370,942473,6773,613254,3453800
2129,322,368,942151,6727,613622,3386800
2130,337,334,941814,6730,613956,3178700
2131,311,323,941503,6718,614279,3169200
2132,335,319,941168,6734,614598,3330900
2133,338,318,940830,6754,614916,3140700
2134,328,337,940502,6745,615253,3175100
2135,319,341,940183,6723,615594,3121600
2136,346,309,939837,6760,615903,3389800
2137,355,354,939482,6761,616257,3391300
2138,346,336,939136,6771,616593,3246000
2139,346,344,938790,6773,616937,3255800
2140,349,330,938441,6792,617267,3406600
2141,329,356,938112,6765,617623,3413700
2142,337,308,937775,6794,617931,3365800
2143,358,329,937417,6823,618260,3565300
2144,356,320,937061,6859,618580,3462800
2145,348,340,936713,6867,618920,3208700
2146,357,335,936356,6889,619255,3189800
2147,355,356,936001,6888,619611,3186300
2148,316,323,935685,6881,619934,3382100
2149,346,351,935339,6876,620285,3137500
2150,336,349,935003,6863,620634,3399700
2151,354,371,934649,6846,621005,3327600
2152,360,318,934289,6888,621323,3337400
2153,371,368,933918,6891,621691,3337000
2154,358,376,933560,6873,622067,3126400
2155,350,348,933210,6875,622415,3197200
2156,364,323,932846,6916,622738,3283700
2157,352,320,932494,6948,623058,3177100
2158,334,331,932160,6951,623389,3255700
2159,372,359,931788,6964,623748,3177000
2160,373,358,931415,6979,624106,3103900
2161,363,342,931052,7000,624448,3197100
2162,353,325,930699,7028,624773,3192200
2163,356,302,930343,7082,625075,3089100
2164,362,350,929981,7094,625425,3111300
2165,351,369,929630,7076,625794,3200000
2166,370,323,929260,7123,626117,3203100
2167,368,355,928892,7136,626472,3039500
2168,360,342,928532,7154,626814,3110400
2169,356,341,928176,7169,627155,3460400
2170,381,346,927795,7204,627501,3558600
2171,341,356,927454,7189,627857,3386100
2172,367,341,927087,7215,628198,3255500
2173,364,336,926723,7243,628534,3154600
2174,363,330,926360,7276,628864,3293400
2175,369,354,925991,7291,629218,3074400
2176,361,365,925630,7287,629583,3051600
2177,364,371,925266,7280,629954,3048800
2178,371,357,924895,7294,630311,3037300
2179,390,368,924505,7316,630679,3014400
2180,366,394,924139,7288,631073,3195200
2181,331,350,923808,7269,631423,3251100
2182,361,346,923447,7284,631769,3066400
2183,358,378,923089,7264,632147,3085500
2184,342,365,922747,7241,632512,3063100
2185,365,351,922382,7255,632863,3090500
2186,406,359,921976,7302,633222,3045800
2187,398,380,921578,7320,633602,3018400
2188,376,379,921202,7317,633981,3026000
2189,361,369,920841,7309,634350,3051300
2190,319,334,920522,7294,634684,3320000
2191,363,357,920159,7300,635041,3216800
2192,361,346,919798,7315,635387,3350100
2193,339,373,919459,7281,635760,3101300
2194,360,363,919099,7278,636123,3183700
2195,354,350,918745,7282,636473,3050600
2196,388,375,918357,7295,636848,3403100
2197,350,351,918007,7294,637199,3077700
2198,355,391,917652,7258,637590,3045100
2199,342,385,917310,7215,637975,3028900
2200,321,370,916989,7166,638345,3102500
2201,339,337,916650,7168,638682,3202900
2202,333,347,916317,7154,639029,3117000
2203,324,351,915993,7127,639380,3273800
2204,327,378,915666,7076,639758,3200200
2205,309,361,915357,7024,640119,3111600
2206,338,354,915019,7008,640473,3233400
2207,313,355,914706,6966,640828,3271300
2208,355,362,914351,6959,641190,3296800
2209,361,307,913990,7013,641497,3171800
2210,346,368,913644,6991,641865,3001700
2211,313,390,913331,6914,642255,3103300
2212,336,324,912995,6926,642579,3083000
2213,308,360,912687,6874,642939,3252400
2214,344,347,912343,6871,643286,3499900
2215,307,351,912036,6827,643637,3200900
2216,324,322,911712,6829,643959,3036900
2217,329,312,911383,6846,644271,3126500
2218,360,363,911023,6843,644634,3148300
2219,330,333,910693,6840,644967,3103600
2220,375,340,910318,6875,645307,3088500
2221,347,358,909971,6864,645665,3227800
2222,357,386,909614,6835,646051,3217000
2223,337,354,909277,6818,646405,2985500
2224,362,342,908915,6838,646747,3184100
2225,346,333,908569,6851,647080,3144400
2226,351,332,908218,6870,647412,3137400
2227,342,365,907876,6847,647777,3090900
2228,360,358,907516,6849,648135,3057700
2229,319,357,907197,6811,648492,3159000
2230,341,345,906856,6807,648837,3428500
2231,351,388,906505,6770,649225,3362600
2232,350,338,906155,6782,649563,3289800
2233,342,329,905813,6795,649892,3168100
2234,327,349,905486,6773,650241,3371100
2235,321,346,905165,6748,650587,3253100
2236,341,335,904824,6754,650922,3144300
2237,333,327,904491,6760,651249,3241000
2238,358,325,904133,6793,651574,3278100
2239,343,381,903790,6755,651955,3502000
2240,363,351,903427,6767,652306,3274300
2241,360,329,903067,6798,652635,3146300
2242,367,310,902700,6855,652945,3286500
2243,374,341,902326,6888,653286,3281100
2244,380,334,901946,6934,653620,3081900
2245,371,334,901575,6971,653954,3133800
2246,353,337,901222,6987,654291,3266400
2247,384,377,900838,6994,654668,3188600
2248,397,356,900441,7035,655024,3277800
2249,346,331,900095,7050,655355,3276500
2250,359,334,899736,7075,655689,3084800
2251,362,355,899374,7082,656044,3128300
2252,353,371,899021,7064,656415,3268100
2253,346,387,898675,7023,656802,3388500
2254,339,368,898336,6994,657170,3219300
2255,316,356,898020,6954,657526,3592100
2256,384,356,897636,6982,657882,3411700
2257,351,345,897285,6988,658227,3354000
2258,360,359,896925,6989,658586,3343700
2259,324,326,896601,6987,658912,3450000
2260,353,335,896248,7005,659247,3243800
2261,348,333,895900,7020,659580,3207100
2262,351,361,895549,7010,659941,3351100
2263,332,356,895217,6986,660297,3543000
2264,327,326,894890,6987,660623,3358700
2265,364,342,894526,7009,660965,3214000
2266,343,358,894183,6994,661323,3372200
2267,350,373,893833,6971,661696,3265200
2268,349,344,893484,6976,662040,3451300
2269,339,356,893145,6959,662396,3242400
2270,339,327,892806,6971,662723,3306700
2271,344,339,892462,6976,663062,3296100
2272,342,365,892120,6953,663427,3475000
2273,310,349,891810,6914,663776,3770300
2274,288,345,891522,6857,664121,3170000
2275,366,319,891156,6904,664440,3252700
2276,334,350,890822,6888,664790,3230700
2277,344,360,890478,6872,665150,3253500
2278,332,355,890146,6849,665505,3164100
2279,344,332,889802,6861,665837,3165400
2280,334,309,889468,6886,666146,3217000
2281,320,353,889148,6853,666499,3540100
2282,358,344,888790,6867,666843,3348300
2283,336,321,888454,6882,667164,3241800
2284,333,306,888121,6909,667470,3210100
2285,320,352,887801,6877,667822,3216300
2286,337,362,887464,6852,668184,3282500
2287,358,348,887106,6862,668532,3148400
2288,351,338,886755,6875,668870,3136900
2289,320,326,886435,6869,669196,3222500
2290,370,357,886065,6882,669553,3153700
2291,376,353,885689,6905,669906,3175500
2292,367,348,885322,6924,670254,3140800
2293,334,321,884988,6937,670575,3163200
2294,337,329,884651,6945,670904,3230500
2295,354,346,884297,6953,671250,3133100
2296,384,330,883913,7007,671580,3330700
2297,348,367,883565,6988,671947,3375600
2298,354,366,883211,6976,672313,3380900
2299,345,352,882866,6969,672665,3062800
2300,337,383,882529,6923,673048,3038800
2301,338,309,882191,6952,673357,3043900
2302,353,358,881838,6947,673715,3317500
2303,348,370,881490,6925,674085,3160100
2304,334,341,881156,6918,674426,3127800
2305,332,350,880824,6900,674776,3293300
2306,338,389,880486,6849,675165,3214100
2307,338,371,880148,6816,675536,3052500
2308,340,363,879808,6793,675899,3142400
2309,342,331,879466,6804,676230,3065200
2310,332,323,879134,6813,676553,3646200
2311,366,335,878768,6844,676888,3097900
2312,373,334,878395,6883,677222,3321400
2313,364,329,878031,6918,677551,3243600
2314,356,371,877675,6903,677922,3274700
2315,339,299,877336,6943,678221,3126800
2316,317,340,877019,6920,678561,3240300
2317,344,333,876675,6931,678894,3104300
2318,353,354,876322,6930,679248,3063000
2319,335,311,875987,6954,679559,3062700
2320,365,329,875622,6990,679888,3082700
2321,375,362,875247,7003,680250,3121400
2322,374,364,874873,7013,680614,3032000
2323,356,353,874517,7016,680967,3134300
2324,384,376,874133,7024,681343,3300400
2325,361,387,873772,6998,681730,3134200
2326,372,327,873400,7043,682057,3241100
2327,365,348,873035,7060,682405,3186500
2328,341,324,872694,7077,682729,3183500
2329,351,349,872343,7079,683078,3094200
2330,358,355,871985,7082,683433,3113700
2331,364,365,871621,7081,683798,3377700
2332,336,371,871285,7046,684169,3048700
2333,373,356,870912,7063,684525,3035900
2334,370,344,870542,7089,684869,3052500
2335,348,323,870194,7114,685192,3136400
2336,351,350,869843,7115,685542,3131400
2337,338,359,869505,7094,685901,3147800
2338,344,366,869161,7072,686267,3121700
2339,333,361,868828,7044,686628,3095700
2340,352,348,868476,7048,686976,3289600
2341,330,365,868146,7013,687341,3374600
2342,379,362,867767,7030,687703,3041900
2343,339,382,867428,6987,688085,3070300
2344,341,358,867087,6970,688443,3297400
2345,325,365,866762,6930,688808,3339400
2346,367,338,866395,6959,689146,3084800
2347,356,338,866039,6977,689484,3176200
2348,341,354,865698,6964,689838,3052200
2349,330,348,865368,6946,690186,3320300
2350,318,351,865050,6913,690537,3429100
2351,343,334,864707,6922,690871,3380800
2352,357,355,864350,6924,691226,3206800
2353,337,333,864013,6928,691559,3144700
2354,323,360,863690,6891,691919,3314500
2355,327,373,863363,6845,692292,3148800
2356,342,366,863021,6821,692658,3298400
2357,323,344,862698,6800,693002,3177300
2358,333,365,862365,6768,693367,3127400
2359,350,324,862015,6794,693691,3279300
2360,321,345,861694,6770,694036,3236100
2361,338,329,861356,6779,694365,3171900
2362,310,333,861046,6756,694698,3365200
2363,335,329,860711,6762,695027,3253000
2364,350,295,860361,6817,695322,3161900
2365,335,323,860026,6829,695645,3239200
2366,386,350,859640,6865,695995,3164200
2367,364,342,859276,6887,696337,3153000
2368,366,326,858910,6927,696663,3308800
2369,334,385,858576,6876,697048,3148200
2370,340,321,858236,6895,697369,3388600
2371,338,346,857898,6887,697715,3066400
2372,329,346,857569,6870,698061,3242300
2373,345,313,857224,6902,698374,3232300
2374,381,349,856843,6934,698723,3227100
2375,351,359,856492,6926,699082,3184100
2376,328,336,856164,6918,699418,3205200
2377,319,361,855845,6876,699779,3301400
2378,358,339,855487,6895,700118,3411400
2379,318,320,855169,6893,700438,3194500
2380,323,366,854846,6850,700804,3159200
2381,354,313,854492,6891,701117,3147800
2382,377,338,854115,6930,701455,3137700
2383,353,306,853762,6977,701761,3159600
2384,359,363,853403,6973,702124,3139700
2385,386,327,853017,7032,702451,3130100
2386,335,337,852682,7030,702788,3213400
2387,405,327,852277,7108,703115,3296700
2388,396,393,851881,7111,703508,3141100
2389,391,320,851490,7182,703828,3167300
2390,368,391,851122,7159,704219,3158600
2391,380,348,850742,7191,704567,3431800
2392,401,332,850341,7260,704899,3387200
2393,413,356,849928,7317,705255,3192300
2394,339,374,849589,7282,705629,3171700
2395,387,355,849202,7314,705984,3241300
2396,334,386,848868,7262,706370,3159100
2397,363,406,848505,7219,706776,3345600
2398,337,346,848168,7210,707122,3369800
2399,339,366,847829,7183,707488,3257300
2400,347,343,847482,7187,707831,3265500
2401,345,350,847137,7182,708181,3253300
2402,371,350,846766,7203,708531,3299500
2403,339,346,846427,7196,708877,3249100
2404,375,352,846052,7219,709229,3251500
2405,386,345,845666,7260,709574,3260300
2406,363,341,845303,7282,709915,3226700
2407,368,340,844935,7310,710255,3271300
2408,354,332,844581,7332,710587,3183600
2409,383,363,844198,7352,710950,3191500
2410,418,377,843780,7393,711327,3403600
2411,369,372,843411,7390,711699,3197300
2412,386,353,843025,7423,712052,3254900
2413,362,388,842663,7397,712440,3238400
2414,394,382,842269,7409,712822,3282000
2415,355,373,841914,7391,713195,3193100
2416,364,361,841550,7394,713556,3298600
2417,376,353,841174,7417,713909,3233200
2418,402,361,840772,7458,714270,3296000
2419,376,392,840396,7442,714662,3213600
2420,350,371,840046,7421,715033,3228800
2421,366,365,839680,7422,715398,3286300
2422,343,396,839337,7369,715794,3288600
2423,355,360,838982,7364,716154,3331200
2424,366,366,838616,7364,716520,3307000
2425,390,370,838226,7384,716890,3437400
2426,327,360,837899,7351,717250,3514700
2427,372,370,837527,7353,717620,3371000
2428,369,352,837158,7370,717972,3340300
2429,330,370,836828,7330,718342,3268300
2430,352,356,836476,7326,718698,3277400
2431,353,386,836123,7293,719084,3280000
2432,352,342,835771,7303,719426,3370800
2433,362,356,835409,7309,719782,3478300
2434,348,364,835061,7293,720146,3330600
2435,305,343,834756,7255,720489,3312100
2436,394,332,834362,7317,720821,3351700
2437,386,356,833976,7347,721177,3302500
2438,360,374,833616,7333,721551,3346400
2439,346,361,833270,7318,721912,3418100
2440,329,379,832941,7268,722291,3255500
2441,343,347,832598,7264,722638,3269300
2442,389,352,832209,7301,722990,3279000
2443,349,379,831860,7271,723369,3293900
2444,374,350,831486,7295,723719,3193100
2445,362,342,831124,7315,724061,3327300
2446,355,423,830769,7247,724484,3328100
2447,332,361,830437,7218,724845,3318000
2448,350,368,830087,7200,725213,3168600
2449,334,316,829753,7218,725529,3293000
2450,319,352,829434,7185,725881,3287800
2451,326,356,829108,7155,726237,3338200
2452,338,360,828770,7133,726597,3215700
2453,336,350,828434,7119,726947,3172700
2454,355,335,828079,7139,727282,3265300
2455,354,347,827725,7146,727629,3313800
2456,378,348,827347,7176,727977,3150900
2457,368,366,826979,7178,728343,3238700
2458,351,379,826628,7150,728722,3174900
2459,356,361,826272,7145,729083,3335300
2460,360,321,825912,7184,729404,3285000
2461,364,353,825548,7195,729757,3126700
2462,345,367,825203,7173,730124,3137300
2463,399,337,824804,7235,730461,3261800
2464,411,350,824393,7296,730811,3193600
2465,383,376,824010,7303,731187,3181200
2466,373,358,823637,7318,731545,3204100
2467,409,357,823228,7370,731902,3405200
2468,351,369,822877,7352,732271,3197700
2469,367,342,822510,7377,732613,3319200
2470,360,349,822150,7388,732962,3298900
2471,342,359,821808,7371,733321,3227000
2472,356,370,821452,7357,733691,3171800
2473,398,387,821054,7368,734078,3161700
2474,361,376,820693,7353,734454,3156800
2475,351,334,820342,7370,734788,3201900
2476,363,358,819979,7375,735146,3088600
2477,339,402,819640,7312,735548,3194600
2478,380,356,819260,7336,735904,3459400
2479,348,353,818912,7331,736257,3372000
2480,379,369,818533,7341,736626,3372000
2481,340,355,818193,7326,736981,3327600
2482,319,383,817874,7262,737364,3189700
2483,360,374,817514,7248,737738,3421000
2484,320,389,817194,7179,738127,3248900
2485,368,373,816826,7174,738500,3315100
2486,370,342,816456,7202,738842,3057100
2487,343,375,816113,7170,739217,3116400
2488,351,381,815762,7140,739598,3113100
2489,342,359,815420,7123,739957,3044800
2490,344,380,815076,7087,740337,3054500
2491,380,338,814696,7129,740675,3092600
2492,330,330,814366,7129,741005,3055800
2493,340,372,814026,7097,741377,3005800
2494,335,356,813691,7076,741733,3238000
2495,336,366,813355,7046,742099,3026100
2496,341,348,813014,7039,742447,3121700
2497,348,331,812666,7056,742778,3116500
2498,373,389,812293,7040,743167,3148600
2499,369,328,811924,7081,743495,3294000
2500,357,359,811567,7079,743854,3113700
2501,341,341,811226,7079,744195,3118700
2502,378,359,810848,7098,744554,3295000
2503,363,354,810485,7107,744908,3398000
2504,340,373,810145,7074,745281,3062600
2505,356,329,809789,7101,745610,3039200
2506,352,370,809437,7083,745980,3032800
2507,351,355,809086,7079,746335,3379600
2508,345,372,808741,7052,746707,3199500
2509,354,343,808387,7063,747050,3137400
2510,365,382,808022,7046,747432,3110600
2511,362,343,807660,7065,747775,3078600
2512,370,345,807290,7090,748120,3377600
2513,351,341,806939,7100,748461,3464400
2514,330,355,806609,7075,748816,3418900
2515,367,364,806242,7078,749180,3350800
2516,365,344,805877,7099,749524,3192700
2517,391,311,805486,7179,749835,3308900
2518,343,372,805143,7150,750207,3138300
2519,358,387,804785,7121,750594,3380900
2520,331,378,804454,7074,750972,3435700
2521,332,377,804122,7029,751349,3598300
2522,373,343,803749,7059,751692,3362800
2523,347,359,803402,7047,752051,3227900
2524,343,357,803059,7033,752408,3243500
2525,334,321,802725,7046,752729,3458200
2526,352,371,802373,7027,753100,3459300
2527,349,320,802024,7056,753420,3256600
2528,359,359,801665,7056,753779,3360000
2529,361,361,801304,7056,754140,3260700
2530,371,375,800933,7052,754515,3214800
2531,377,336,800556,7093,754851,3186600
2532,401,324,800155,7170,755175,3265600
2533,367,399,799788,7138,755574,3222700
2534,394,338,799394,7194,755912,3107400
2535,368,371,799026,7191,756283,3533700
2536,379,386,798647,7184,756669,3544600
2537,381,374,798266,7191,757043,3251100
2538,380,358,797886,7213,757401,3278300
2539,383,361,797503,7235,757762,3321100
2540,391,382,797112,7244,758144,3556900
2541,375,387,796737,7232,758531,3293800
2542,376,349,796361,7259,758880,3377400
2543,372,399,795989,7232,759279,3662200
2544,377,349,795612,7260,759628,3929700
2545,384,363,795228,7281,759991,3564900
2546,399,395,794829,7285,760386,3275300
2547,364,390,794465,7259,760776,3329100
2548,373,350,794092,7282,761126,3432200
2549,335,376,793757,7241,761502,3317700
2550,372,338,793385,7275,761840,3355000
2551,358,382,793027,7251,762222,3081700
2552,359,314,792668,7296,762536,3070400
2553,377,351,792291,7322,762887,3194200
2554,367,349,791924,7340,763236,3819500
2555,379,368,791545,7351,763604,3713800
2556,356,351,791189,7356,763955,3904600
2557,359,401,790830,7314,764356,4097700
2558,352,355,790478,7311,764711,3613100
2559,369,338,790109,7342,765049,3668400
2560,367,368,789742,7341,765417,3583500
2561,371,395,789371,7317,765812,3557000
2562,366,335,789005,7348,766147,3994300
2563,342,417,788663,7273,766564,3899200
2564,375,364,788288,7284,766928,3754900
2565,375,353,787913,7306,767281,3746400
2566,361,355,787552,7312,767636,3760900
2567,388,347,787164,7353,767983,4649100
2568,389,334,786775,7408,768317,4656900
2569,350,386,786425,7372,768703,4280700
2570,378,373,786047,7377,769076,5919500
2571,354,358,785693,7373,769434,5481000
2572,367,366,785326,7374,769800,5997700
2573,360,379,784966,7355,770179,4994800
2574,348,336,784618,7367,770515,11890500
2575,353,358,784265,7362,770873,6884900
2576,367,361,783898,7368,771234,6628600
2577,362,358,783536,7372,771592,5832900
2578,362,371,783174,7363,771963,5100200
2579,357,381,782817,7339,772344,4435800
2580,379,371,782438,7347,772715,5061400
2581,384,379,782054,7352,773094,4103400
2582,361,408,781693,7305,773502,4358100
2583,359,373,781334,7291,773875,4210100
2584,347,368,780987,7270,774243,3856400
2585,400,383,780587,7287,774626,4673200
2586,345,399,780242,7233,775025,4210700
2587,338,365,779904,7206,775390,3760400
2588,369,364,779535,7211,775754,3796500
2589,358,349,779177,7220,776103,3554000
2590,334,367,778843,7187,776470,3822200
2591,390,369,778453,7208,776839,3477200
2592,356,377,778097,7187,777216,3578300
2593,375,382,777722,7180,777598,3346800
2594,380,350,777342,7210,777948,3415700
2595,354,342,776988,7222,778290,4530900
2596,353,375,776635,7200,778665,4948100
2597,368,379,776267,7189,779044,3624900
2598,350,381,775917,7158,779425,3563100
2599,343,359,775574,7142,779784,3457200
2600,351,373,775223,7120,780157,3284100
2601,357,389,774866,7088,780546,3429500
2602,350,347,774516,7091,780893,3265000
2603,382,341,774134,7132,781234,3271000
2604,384,368,773750,7148,781602,4121100
2605,359,378,773391,7129,781980,3475300
2606,366,341,773025,7154,782321,3484700
2607,389,368,772636,7175,782689,3451900
2608,383,354,772253,7204,783043,3144500
2609,336,369,771917,7171,783412,3250700
2610,348,383,771569,7136,783795,3280300
2611,359,364,771210,7131,784159,3299700
2612,363,322,770847,7172,784481,3523100
2613,355,319,770492,7208,784800,3268500
2614,364,354,770128,7218,785154,3309300
2615,333,376,769795,7175,785530,3538600
2616,350,341,769445,7184,785871,3307500
2617,357,363,769088,7178,786234,3646200
2618,351,338,768737,7191,786572,3275100
2619,358,343,768379,7206,786915,3409900
2620,349,340,768030,7215,787255,3253900
2621,362,314,767668,7263,787569,3385800
2622,393,352,767275,7304,787921,3331300
2623,353,393,766922,7264,788314,3330700
2624,378,372,766544,7270,788686,3320200
2625,389,401,766155,7258,789087,3433800
2626,371,355,765784,7274,789442,3299900
2627,375,378,765409,7271,789820,3290900
2628,364,339,765045,7296,790159,3313700
2629,370,350,764675,7316,790509,3324600
2630,380,351,764295,7345,790860,3509100
2631,369,356,763926,7358,791216,3220000
2632,394,354,763532,7398,791570,3169000
2633,369,325,763163,7442,791895,3295600
2634,369,406,762794,7405,792301,3227800
2635,380,382,762414,7403,792683,3451200
2636,379,392,762035,7390,793075,3990800
2637,406,346,761629,7450,793421,3664300
2638,349,388,761280,7411,793809,3526000
2639,362,386,760918,7387,794195,3323600
2640,359,378,760559,7368,794573,3886400
2641,395,365,760164,7398,794938,3776100
2642,357,346,759807,7409,795284,3490400
2643,393,352,759414,7450,795636,3570300
2644,354,387,759060,7417,796023,3665000
2645,392,376,758668,7433,796399,3480500
2646,343,383,758325,7393,796782,3644800
2647,362,376,757963,7379,797158,3584700
2648,347,369,757616,7357,797527,3939800
2649,368,394,757248,7331,797921,3633700
2650,388,360,756860,7359,798281,3397600
2651,377,374,756483,7362,798655,3334100
2652,389,372,756094,7379,799027,3615500
2653,375,360,755719,7394,799387,3584100
2654,379,371,755340,7402,799758,3615200
2655,389,358,754951,7433,800116,3342600
2656,379,391,754572,7421,800507,3279900
2657,367,362,754205,7426,800869,3475400
2658,352,372,753853,7406,801241,4068300
2659,361,383,753492,7384,801624,3597900
2660,355,372,753137,7367,801996,3674700
2661,379,377,752758,7369,802373,3696700
2662,350,386,752408,7333,802759,3416500
2663,369,383,752039,7319,803142,3548300
2664,377,362,751662,7334,803504,3453300
2665,389,365,751273,7358,803869,3562100
2666,406,355,750867,7409,804224,3494900
2667,391,384,750476,7416,804608,3457100
2668,393,344,750083,7465,804952,3569800
2669,359,353,749724,7471,805305,3567800
2670,387,356,749337,7502,805661,3725500
2671,359,374,748978,7487,806035,3260100
2672,401,393,748577,7495,806428,3509400
2673,361,364,748216,7492,806792,3361300
2674,388,348,747828,7532,807140,3300700
2675,368,387,747460,7513,807527,3391700
2676,335,389,747125,7459,807916,3304700
2677,361,362,746764,7458,808278,3454900
2678,342,395,746422,7405,808673,3278700
2679,336,389,746086,7352,809062,3327900
2680,377,353,745709,7376,809415,3786000
2681,370,368,745339,7378,809783,3699700
2682,344,359,744995,7363,810142,3388000
2683,363,365,744632,7361,810507,3545400
2684,387,344,744245,7404,810851,3379500
2685,349,390,743896,7363,811241,3272800
2686,338,366,743558,7335,811607,3412200
2687,370,358,743188,7347,811965,3304500
2688,348,354,742840,7341,812319,3331900
2689,342,370,742498,7313,812689,3456500
2690,368,353,742130,7328,813042,3513700
2691,366,346,741764,7348,813388,3539100
2692,330,349,741434,7329,813737,3551500
2693,358,390,741076,7297,814127,3638600
2694,333,334,740743,7296,814461,3687600
2695,336,366,740407,7266,814827,4598800
2696,359,359,740048,7266,815186,3465300
2697,361,377,739687,7250,815563,3441600
2698,379,388,739308,7241,815951,3286600
2699,351,348,738957,7244,816299,3186100
2700,344,378,738613,7210,816677,3145400
2701,323,340,738290,7193,817017,3189200
2702,362,368,737928,7187,817385,3302700
2703,350,372,737578,7165,817757,3248600
2704,365,389,737213,7141,818146,3233100
2705,366,371,736847,7136,818517,3478200
2706,357,378,736490,7115,818895,3242800
2707,367,336,736123,7146,819231,3129600
2708,379,354,735744,7171,819585,3099700
2709,372,311,735372,7232,819896,3334300
2710,382,360,734990,7254,820256,3293700
2711,380,342,734610,7292,820598,3230500
2712,367,423,734243,7236,821021,3332700
2713,364,371,733879,7229,821392,3361200
2714,338,342,733541,7225,821734,3066900
2715,343,336,733198,7232,822070,2997100
2716,369,379,732829,7222,822449,3347000
2717,335,370,732494,7187,822819,3200300
2718,369,342,732125,7214,823161,3297900
2719,336,364,731789,7186,823525,3400500
2720,362,352,731427,7196,823877,3174100
2721,343,330,731084,7209,824207,3575400
2722,356,357,730728,7208,824564,3248100
2723,384,350,730344,7242,824914,3276500
2724,360,376,729984,7226,825290,3291300
2725,347,342,729637,7231,825632,3160800
2726,365,353,729272,7243,825985,3184700
2727,348,354,728924,7237,826339,3174900
2728,354,377,728570,7214,826716,3202000
2729,357,369,728213,7202,827085,3062200
2730,357,367,727856,7192,827452,3257100
2731,377,332,727479,7237,827784,3025300
2732,367,358,727112,7246,828142,3035000
2733,375,342,726737,7279,828484,3142800
2734,346,377,726391,7248,828861,3040200
2735,373,373,726018,7248,829234,3321100
2736,389,363,725629,7274,829597,3207600
2737,349,351,725280,7272,829948,3145800
2738,370,352,724910,7290,830300,3130100
2739,384,349,724526,7325,830649,3135600
2740,403,375,724123,7353,831024,3357100
2741,371,354,723752,7370,831378,3252800
2742,395,368,723357,7397,831746,3184600
2743,376,380,722981,7393,832126,3092700
2744,337,371,722644,7359,832497,3071000
2745,366,362,722278,7363,832859,3098000
2746,372,388,721906,7347,833247,3126100
2747,348,344,721558,7351,833591,3223300
2748,358,368,721200,7341,833959,3037300
2749,365,362,720835,7344,834321,3028800
2750,349,372,720486,7321,834693,3115200
2751,375,357,720111,7339,835050,3117700
2752,358,321,719753,7376,835371,3018100
2753,324,345,719429,7355,835716,3020300
2754,357,408,719072,7304,836124,3064000
2755,380,351,718692,7333,836475,3258700
2756,362,387,718330,7308,836862,3255800
2757,353,359,717977,7302,837221,3042700
2758,385,368,717592,7319,837589,3134800
2759,341,322,717251,7338,837911,3093300
2760,376,380,716875,7334,838291,3081700
2761,394,375,716481,7353,838666,3140600
2762,352,338,716129,7367,839004,3080700
2763,360,377,715769,7350,839381,3179600
2764,355,370,715414,7335,839751,3284000
2765,358,354,715056,7339,840105,3218500
2766,353,353,714703,7339,840458,3138700
2767,383,365,714320,7357,840823,3060400
2768,359,366,713961,7350,841189,3098400
2769,362,370,713599,7342,841559,3478600
2770,399,349,713200,7392,841908,3403600
2771,342,357,712858,7377,842265,3260200
2772,357,362,712501,7372,842627,3137600
2773,333,356,712168,7349,842983,3353000
2774,362,398,711806,7313,843381,3371100
2775,369,402,711437,7280,843783,3273600
2776,362,358,711075,7284,844141,3376000
2777,355,375,710720,7264,844516,3359900
2778,362,346,710358,7280,844862,3321700
2779,340,359,710018,7261,845221,3188100
2780,393,366,709625,7288,845587,3459400
2781,364,354,709261,7298,845941,3544800
2782,316,355,708945,7259,846296,3411300
2783,346,385,708599,7220,846681,3450200
2784,377,371,708222,7226,847052,3436700
2785,363,364,707859,7225,847416,3215800
2786,331,383,707528,7173,847799,3262600
2787,343,401,707185,7115,848200,3253700
2788,338,347,706847,7106,848547,3378000
2789,368,361,706479,7113,848908,3473300
2790,370,357,706109,7126,849265,3268100
2791,362,337,705747,7151,849602,3293900
2792,340,345,705407,7146,849947,3518400
2793,363,333,705044,7176,850280,3346900
2794,385,332,704659,7229,850612,3261500
2795,398,350,704261,7277,850962,3280800
2796,390,368,703871,7299,851330,3193300
2797,397,372,703474,7324,851702,3359400
2798,384,353,703090,7355,852055,3231800
2799,380,379,702710,7356,852434,3243800
2800,375,404,702335,7327,852838,3263000
2801,364,342,701971,7349,853180,3488500
2802,354,392,701617,7311,853572,3376700
2803,371,347,701246,7335,853919,3155000
2804,365,349,700881,7351,854268,3220800
2805,367,360,700514,7358,854628,3275400
2806,342,394,700172,7306,855022,3395100
2807,359,362,699813,7303,855384,3603700
2808,398,379,699415,7322,855763,3369500
2809,384,340,699031,7366,856103,3351700
2810,353,365,698678,7354,856468,3460300
2811,339,356,698339,7337,856824,3319900
2812,377,350,697962,7364,857174,3252400
2813,375,371,697587,7368,857545,3375400
2814,352,364,697235,7356,857909,3191400
2815,363,377,696872,7342,858286,3113000
2816,378,371,696494,7349,858657,3537100
2817,363,354,696131,7358,859011,3287600
2818,361,402,695770,7317,859413,3436200
2819,376,371,695394,7322,859784,3424500
2820,396,366,694998,7352,860150,3202300
2821,358,368,694640,7342,860518,3493600
2822,385,360,694255,7367,860878,3718500
2823,343,390,693912,7320,861268,3408300
2824,357,375,693555,7302,861643,3552600
2825,362,361,693193,7303,862004,3453600
2826,389,348,692804,7344,862352,3387800
2827,383,372,692421,7355,862724,3265200
2828,391,374,692030,7372,863098,3275200
2829,342,344,691688,7370,863442,3371400
2830,380,367,691308,7383,863809,3801800
2831,355,394,690953,7344,864203,3421800
2832,359,374,690594,7329,864577,3501900
2833,384,359,690210,7354,864936,3443000
2834,347,357,689863,7344,865293,3457200
2835,336,372,689527,7308,865665,3474000
2836,361,366,689166,7303,866031,3284500
2837,363,379,688803,7287,866410,3183500
2838,369,333,688434,7323,866743,3192400
2839,340,356,688094,7307,867099,3312800
2840,341,375,687753,7273,867474,4416700
2841,390,336,687363,7327,867810,3954000
2842,358,371,687005,7314,868181,3667500
2843,352,386,686653,7280,868567,3633600
2844,359,338,686294,7301,868905,4291900
2845,354,337,685940,7318,869242,3932900
2846,361,396,685579,7283,869638,3823000
2847,368,381,685211,7270,870019,4109600
2848,363,359,684848,7274,870378,4189400
2849,336,359,684512,7251,870737,3519400
2850,341,347,684171,7245,871084,3462000
2851,355,356,683816,7244,871440,3482000
2852,374,388,683442,7230,871828,3549800
2853,361,374,683081,7217,872202,3643700
2854,375,359,682706,7233,872561,3608400
2855,328,365,682378,7196,872926,3358200
2856,373,312,682005,7257,873238,3549900
2857,376,324,681629,7309,873562,3430600
2858,365,359,681264,7315,873921,3389800
2859,408,357,680856,7366,874278,3397100
2860,381,379,680475,7368,874657,3414100
2861,387,356,680088,7399,875013,3465500
2862,366,382,679722,7383,875395,3292300
2863,358,344,679364,7397,875739,3336800
2864,376,402,678988,7371,876141,3424100
2865,376,390,678612,7357,876531,3484000
2866,384,357,678228,7384,876888,3351800
2867,360,342,677868,7402,877230,3311900
2868,364,387,677504,7379,877617,3434100
2869,419,363,677085,7435,877980,3594100
2870,371,406,676714,7400,878386,3305600
2871,385,353,676329,7432,878739,3242700
2872,376,402,675953,7406,879141,3368500
2873,367,367,675586,7406,879508,3454700
2874,389,337,675197,7458,879845,3491900
2875,375,358,674822,7475,880203,3440200
2876,348,345,674474,7478,880548,3474100
2877,381,365,674093,7494,880913,3680000
2878,406,373,673687,7527,881286,3387700
2879,378,347,673309,7558,881633,3283600
2880,379,383,672930,7554,882016,3628500
2881,379,388,672551,7545,882404,3512500
2882,387,381,672164,7551,882785,3590500
2883,408,394,671756,7565,883179,3525600
2884,369,395,671387,7539,883574,3543400
2885,396,381,670991,7554,883955,3584600
2886,367,386,670624,7535,884341,3324000
2887,348,381,670276,7502,884722,3289100
2888,364,372,669912,7494,885094,3548300
2889,387,385,669525,7496,885479,3463500
2890,352,363,669173,7485,885842,3269700
2891,369,349,668804,7505,886191,3315700
2892,351,407,668453,7449,886598,3377000
2893,386,384,668067,7451,886982,3446300
2894,356,396,667711,7411,887378,3455900
2895,346,387,667365,7370,887765,3557400
2896,383,357,666982,7396,888122,3734900
2897,378,375,666604,7399,888497,3754100
2898,368,360,666236,7407,888857,3408900
2899,356,360,665880,7403,889217,3378300
2900,381,348,665499,7436,889565,3533700
2901,352,395,665147,7393,889960,3584400
2902,389,348,664758,7434,890308,3490300
2903,401,361,664357,7474,890669,3516500
2904,378,375,663979,7477,891044,3676000
2905,363,374,663616,7466,891418,3499800
2906,365,374,663251,7457,891792,3270700
2907,374,370,662877,7461,892162,3342000
2908,407,345,662470,7523,892507,3458100
2909,356,374,662114,7505,892881,3360200
2910,359,376,661755,7488,893257,3337800
2911,352,345,661403,7495,893602,3324700
2912,376,382,661027,7489,893984,3540000
2913,367,385,660660,7471,894369,3442600
2914,367,398,660293,7440,894767,3459900
2915,394,375,659899,7459,895142,3585500
2916,363,384,659536,7438,895526,3581400
2917,374,386,659162,7426,895912,3442500
2918,389,351,658773,7464,896263,3398100
2919,397,382,658376,7479,896645,3641300
2920,393,377,657983,7495,897022,3923100
2921,368,392,657615,7471,897414,7439700
2922,397,397,657218,7471,897811,5234000
2923,382,365,656836,7488,898176,5536400
2924,388,354,656448,7522,898530,4612400
2925,369,376,656079,7515,898906,4182900
2926,363,350,655716,7528,899256,4023100
2927,353,349,655363,7532,899605,5106500
2928,387,389,654976,7530,899994,4261500
2929,365,366,654611,7529,900360,4109100
2930,424,366,654187,7587,900726,3701200
2931,405,407,653782,7585,901133,3661900
2932,396,385,653386,7596,901518,3548800
2933,390,386,652996,7600,901904,3841500
2934,369,415,652627,7554,902319,3446000
2935,405,372,652222,7587,902691,3523500
2936,383,365,651839,7605,903056,3514700
2937,391,390,651448,7606,903446,3549800
2938,399,403,651049,7602,903849,3634200
2939,363,342,650686,7623,904191,3645800
2940,364,391,650322,7596,904582,3501400
2941,411,381,649911,7626,904963,3780100
2942,356,375,649555,7607,905338,3546600
2943,345,377,649210,7575,905715,4124700
2944,356,353,648854,7578,906068,5593900
2945,368,384,648486,7562,906452,4001800
2946,368,352,648118,7578,906804,3740400
2947,402,436,647716,7544,907240,4655100
2948,379,359,647337,7564,907599,4679000
2949,340,366,646997,7538,907965,5369600
2950,339,380,646658,7497,908345,4554400
2951,364,373,646294,7488,908718,4951600
2952,360,384,645934,7464,909102,5297500
2953,358,348,645576,7474,909450,4976700
2954,375,393,645201,7456,909843,6029700
2955,337,405,644864,7388,910248,5261900
2956,378,387,644486,7379,910635,4140700
2957,361,357,644125,7383,910992,3575800
2958,397,350,643728,7430,911342,4520800
2959,368,353,643360,7445,911695,4431800
2960,374,388,642986,7431,912083,4419500
2961,392,358,642594,7465,912441,4101300
2962,396,390,642198,7471,912831,4930600
2963,379,379,641819,7471,913210,3749400
2964,374,392,641445,7453,913602,3674200
2965,360,354,641085,7459,913956,3856000
2966,375,393,640710,7441,914349,3507100
2967,347,397,640363,7391,914746,3542400
2968,428,345,639935,7474,915091,3644100
2969,343,381,639592,7436,915472,3622000
2970,370,360,639222,7446,915832,3859200
2971,372,396,638850,7422,916228,3586600
2972,360,358,638490,7424,916586,3537200
2973,375,369,638115,7430,916955,4491600
2974,351,372,637764,7409,917327,3720400
2975,372,372,637392,7409,917699,3655200
2976,391,385,637001,7415,918084,4062600
2977,352,358,636649,7409,918442,3846200
2978,364,370,636285,7403,918812,3996200
2979,360,378,635925,7385,919190,3743700
2980,325,389,635600,7321,919579,4029800
2981,368,336,635232,7353,919915,4025400
2982,380,370,634852,7363,920285,4299900
2983,369,419,634483,7313,920704,3867400
2984,387,356,634096,7344,921060,3721700
2985,391,394,633705,7341,921454,3668800
2986,317,372,633388,7286,921826,3680900
2987,349,353,633039,7282,922179,3764800
2988,345,404,632694,7223,922583,3496100
2989,356,363,632338,7216,922946,3570600
2990,361,392,631977,7185,923338,3437700
2991,386,396,631591,7175,923734,3496000
2992,352,338,631239,7189,924072,3566900
2993,385,357,630854,7217,924429,3390900
2994,367,373,630487,7211,924802,3173300
2995,355,376,630132,7190,925178,3281900
2996,374,358,629758,7206,925536,3263600
2997,390,336,629368,7260,925872,3210900
2998,375,399,628993,7236,926271,3475300
2999,366,347,628627,7255,926618,3146400
3000,350,362,628277,7243,926980,3327300
3001,357,359,627920,7241,927339,3236600
3002,401,358,627519,7284,927697,3135400
3003,374,356,627145,7302,928053,3121600
3004,389,384,626756,7307,928437,3272600
3005,391,357,626365,7341,928794,3234700
3006,399,375,625966,7365,929169,3154200
3007,351,380,625615,7336,929549,3135900
3008,369,384,625246,7321,929933,3093900
3009,370,380,624876,7311,930313,3292900
3010,363,372,624513,7302,930685,3199400
3011,409,370,624104,7341,931055,3191300
3012,391,352,623713,7380,931407,3245200
3013,403,362,623310,7421,931769,3296600
3014,345,353,622965,7413,932122,3337600
3015,409,333,622556,7489,932455,3562100
3016,374,413,622182,7450,932868,3345400
3017,385,361,621797,7474,933229,3983600
3018,384,361,621413,7497,933590,3872000
3019,366,362,621047,7501,933952,3838600
3020,388,336,620659,7553,934288,3473400
3021,385,376,620274,7562,934664,3551400
3022,360,423,619914,7499,935087,3600200
3023,376,371,619538,7504,935458,3417800
3024,399,396,619139,7507,935854,3397300
3025,395,354,618744,7548,936208,3489900
3026,402,374,618342,7576,936582,3266900
3027,390,365,617952,7601,936947,3268400
3028,409,369,617543,7641,937316,3618000
3029,404,388,617139,7657,937704,3417000
3030,359,376,616780,7640,938080,3370800
3031,391,442,616389,7589,938522,3482900
3032,407,389,615982,7607,938911,3240800
3033,416,358,615566,7665,939269,3365800
3034,393,381,615173,7677,939650,3289300
3035,386,362,614787,7701,940012,3336800
3036,397,372,614390,7726,940384,3313700
3037,391,386,613999,7731,940770,3234000
3038,397,378,613602,7750,941148,3422000
3039,373,375,613229,7748,941523,3239800
3040,391,356,612838,7783,941879,3322100
3041,381,377,612457,7787,942256,3356000
3042,383,407,612074,7763,942663,3249500
3043,383,406,611691,7740,943069,3309800
3044,381,394,611310,7727,943463,3220900
3045,395,412,610915,7710,943875,3336800
3046,405,412,610510,7703,944287,3375300
3047,385,399,610125,7689,944686,3405600
3048,384,366,609741,7707,945052,3228000
3049,428,390,609313,7745,945442,3194100
3050,368,413,608945,7700,945855,3426600
3051,425,377,608520,7748,946232,3505900
3052,395,374,608125,7769,946606,3368500
3053,401,383,607724,7787,946989,3428300
3054,397,384,607327,7800,947373,3475400
3055,388,397,606939,7791,947770,3354700
3056,376,430,606563,7737,948200,3300400
3057,350,379,606213,7708,948579,3439600
3058,398,348,605815,7758,948927,3533000
3059,386,407,605429,7737,949334,3450000
3060,383,378,605046,7742,949712,3394600
3061,363,419,604683,7686,950131,3549400
3062,392,387,604291,7691,950518,3381000
3063,384,377,603907,7698,950895,3532300
3064,368,406,603539,7660,951301,3457600
3065,404,409,603135,7655,951710,3437400
3066,391,357,602744,7689,952067,3655600
3067,386,400,602358,7675,952467,3445800
3068,390,407,601968,7658,952874,3431500
3069,413,379,601555,7692,953253,3454100
3070,410,397,601145,7705,953650,3594900
3071,379,410,600766,7674,954060,3610100
3072,394,380,600372,7688,954440,3448400
3073,405,391,599967,7702,954831,3636100
3074,407,422,599560,7687,955253,3501200
3075,379,408,599181,7658,955661,3452500
3076,344,410,598837,7592,956071,3402800
3077,368,370,598469,7590,956441,3553100
3078,376,378,598093,7588,956819,3451400
3079,386,379,597707,7595,957198,3479200
3080,392,333,597315,7654,957531,3468800
3081,389,346,596926,7697,957877,3381600
3082,350,392,596576,7655,958269,3594200
3083,394,385,596182,7664,958654,3376100
3084,366,376,595816,7654,959030,3404000
3085,389,376,595427,7667,959406,3507000
3086,392,431,595035,7628,959837,3452600
3087,372,391,594663,7609,960228,3475100
3088,350,374,594313,7585,960602,3459500
3089,410,378,593903,7617,960980,3362600
3090,394,360,593509,7651,961340,3442700
3091,389,428,593120,7612,961768,3434900
3092,374,401,592746,7585,962169,3360900
3093,377,358,592369,7604,962527,3413400
3094,356,383,592013,7577,962910,3270500
3095,405,359,591608,7623,963269,3690000
3096,383,401,591225,7605,963670,3664400
3097,370,402,590855,7573,964072,3404600
3098,382,370,590473,7585,964442,3367200
3099,387,386,590086,7586,964828,3458900
3100,364,382,589722,7568,965210,3581700
3101,371,367,589351,7572,965577,3551100
3102,372,387,588979,7557,965964,3278600
3103,388,328,588591,7617,966292,3460300
3104,402,377,588189,7642,966669,3659100
3105,383,369,587806,7656,967038,3312700
3106,409,357,587397,7708,967395,3532500
3107,381,392,587016,7697,967787,3303800
3108,394,370,586622,7721,968157,3171100
3109,440,387,586182,7774,968544,3498700
3110,399,363,585783,7810,968907,3570300
3111,402,363,585381,7849,969270,3151700
3112,364,365,585017,7848,969635,3280900
3113,389,373,584628,7864,970008,3149100
3114,384,407,584244,7841,970415,3399800
3115,376,436,583868,7781,970851,3383600
3116,387,383,583481,7785,971234,3262400
3117,378,392,583103,7771,971626,3258400
3118,413,384,582690,7800,972010,3427400
3119,383,423,582307,7760,972433,3567100
3120,390,395,581917,7755,972828,3209500
3121,398,387,581519,7766,973215,3507800
3122,352,413,581167,7705,973628,3684800
3123,406,394,580761,7717,974022,3508200
3124,381,397,580380,7701,974419,3228600
3125,375,419,580005,7657,974838,3296600
3126,380,392,579625,7645,975230,3291800
3127,402,391,579223,7656,975621,3270000
3128,387,370,578836,7673,975991,3328100
3129,396,379,578440,7690,976370,3360100
3130,382,389,578058,7683,976759,3406400
3131,406,393,577652,7696,977152,3205700
3132,356,416,577296,7636,977568,3532700
3133,387,404,576909,7619,977972,3766700
3134,387,404,576522,7602,978376,4238400
3135,401,400,576121,7603,978776,3503000
3136,404,366,575717,7641,979142,3786100
3137,383,423,575334,7601,979565,3340800
3138,385,408,574949,7578,979973,3473800
3139,402,378,574547,7602,980351,3413000
3140,407,352,574140,7657,980703,3420100
3141,411,381,573729,7687,981084,3775900
3142,374,412,573355,7649,981496,3474800
3143,385,348,572970,7686,981844,3374100
3144,379,415,572591,7650,982259,3426000
3145,397,394,572194,7653,982653,3374600
3146,417,388,571777,7682,983041,3421000
3147,408,416,571369,7674,983457,3523500
3148,394,391,570975,7677,983848,3323600
3149,414,392,570561,7699,984240,3398300
3150,402,361,570159,7740,984601,3221900
3151,398,380,569761,7758,984981,3254800
3152,375,370,569386,7763,985351,3309000
3153,424,395,568962,7792,985746,3185700
3154,404,381,568558,7815,986127,3617500
3155,357,394,568201,7778,986521,3413900
3156,380,390,567821,7768,986911,3219300
3157,371,400,567450,7739,987311,3235200
3158,349,385,567101,7703,987696,3270800
3159,387,396,566714,7694,988092,3271100
3160,387,402,566327,7679,988494,3182600
3161,403,398,565924,7684,988892,3203900
3162,358,375,565566,7667,989267,3338000
3163,416,376,565150,7707,989643,3152300
3164,375,388,564775,7694,990031,3189800
3165,402,399,564373,7697,990430,3174800
3166,391,388,563982,7700,990818,3255300
3167,404,420,563578,7684,991238,3234000
3168,369,397,563209,7656,991635,3233100
3169,373,380,562836,7649,992015,3235800
3170,372,397,562464,7624,992412,3213200
3171,381,389,562083,7616,992801,3078100
3172,387,366,561696,7637,993167,3074300
3173,383,360,561313,7660,993527,3276000
3174,394,411,560919,7643,993938,3370200
3175,375,380,560544,7638,994318,3157000
3176,427,381,560117,7684,994699,3097500
3177,377,383,559740,7678,995082,3677700
3178,377,391,559363,7664,995473,3289800
3179,395,372,558968,7687,995845,3284300
3180,380,389,558588,7678,996234,3217300
3181,398,395,558190,7681,996629,3254600
3182,409,388,557781,7702,997017,3231100
3183,360,404,557421,7658,997421,3455200
3184,372,412,557049,7618,997833,3272200
3185,414,370,556635,7662,998203,3307000
3186,387,375,556248,7674,998578,3510200
3187,371,419,555877,7626,998997,3285000
3188,365,368,555512,7623,999365,3313400
3189,365,406,555147,7582,999771,3163300
3190,353,406,554794,7529,1000177,3245800
3191,385,380,554409,7534,1000557,3293000
3192,361,375,554048,7520,1000932,3185100
3193,380,372,553668,7528,1001304,3142800
3194,391,390,553277,7529,1001694,3233400
3195,363,361,552914,7531,1002055,3203300
3196,403,379,552511,7555,1002434,3067100
3197,407,374,552104,7588,1002808,3285400
3198,377,388,551727,7577,1003196,3351800
3199,384,376,551343,7585,1003572,3158200
3200,380,370,550963,7595,1003942,3157700
3201,382,376,550581,7601,1004318,3114000
3202,382,380,550199,7603,1004698,3202500
3203,384,378,549815,7609,1005076,3175000
3204,412,383,549403,7638,1005459,3102200
3205,365,391,549038,7612,1005850,3087000
3206,373,359,548665,7626,1006209,3083400
3207,374,399,548291,7601,1006608,3196000
3208,380,419,547911,7562,1007027,3021100
3209,368,369,547543,7561,1007396,3200300
3210,401,409,547142,7553,1007805,3212900
3211,409,386,546733,7576,1008191,3135000
3212,430,413,546303,7593,1008604,3311200
3213,406,400,545897,7599,1009004,3152700
3214,391,422,545506,7568,1009426,3198400
3215,398,399,545108,7567,1009825,3354100
3216,413,415,544695,7565,1010240,3397000
3217,392,379,544303,7578,1010619,3279300
3218,400,396,543903,7582,1011015,3252400
3219,399,387,543504,7594,1011402,3199500
3220,396,371,543108,7619,1011773,3223900
3221,381,407,542727,7593,1012180,3145800
3222,370,389,542357,7574,1012569,3314500
3223,372,340,541985,7606,1012909,3209600
3224,383,391,541602,7598,1013300,3026600
3225,398,360,541204,7636,1013660,3071100
3226,394,366,540810,7664,1014026,3055800
3227,410,369,540400,7705,1014395,3426100
3228,375,400,540025,7680,1014795,3316900
3229,389,378,539636,7691,1015173,3216300
3230,373,409,539263,7655,1015582,3141900
3231,419,358,538844,7716,1015940,3249500
3232,396,373,538448,7739,1016313,3145600
3233,389,430,538059,7698,1016743,3476700
3234,404,385,537655,7717,1017128,3284000
3235,391,407,537264,7701,1017535,3496600
3236,421,382,536843,7740,1017917,3420100
3237,422,380,536421,7782,1018297,3344000
3238,405,398,536016,7789,1018695,3163900
3239,436,378,535580,7847,1019073,3107400
3240,417,365,535163,7899,1019438,3084300
3241,383,380,534780,7902,1019818,3179900
3242,432,387,534348,7947,1020205,3055600
3243,424,388,533924,7983,1020593,3119200
3244,408,406,533516,7985,1020999,3261500
3245,418,420,533098,7983,1021419,3400400
3246,448,399,532650,8032,1021818,3050800
3247,392,370,532258,8054,1022188,3148200
3248,403,417,531855,8040,1022605,3153500
3249,402,413,531453,8029,1023018,3157300
3250,450,411,531003,8068,1023429,3206500
3251,434,402,530569,8100,1023831,3175800
3252,424,421,530145,8103,1024252,3078800
3253,406,414,529739,8095,1024666,3162700
3254,430,420,529309,8105,1025086,3161800
3255,400,401,528909,8104,1025487,3314100
3256,415,389,528494,8130,1025876,3473400
3257,418,394,528076,8154,1026270,3238300
3258,413,423,527663,8144,1026693,3319400
3259,425,370,527238,8199,1027063,3379000
3260,444,451,526794,8192,1027514,3480000
3261,382,434,526412,8140,1027948,3797600
3262,404,390,526008,8154,1028338,3477200
3263,384,418,525624,8120,1028756,3394200
3264,408,398,525216,8130,1029154,3600800
3265,356,436,524860,8050,1029590,3728900
3266,360,433,524500,7977,1030023,3473200
3267,386,396,524114,7967,1030419,3521200
3268,391,360,523723,7998,1030779,3694800
3269,385,410,523338,7973,1031189,3712100
3270,386,410,522952,7949,1031599,3618900
3271,373,385,522579,7937,1031984,3632000
3272,382,373,522197,7946,1032357,3614900
3273,365,384,521832,7927,1032741,3604300
3274,357,377,521475,7907,1033118,3695600
3275,369,377,521106,7899,1033495,3376900
3276,377,377,520729,7899,1033872,3552300
3277,380,366,520349,7913,1034238,3760600
3278,358,414,519991,7857,1034652,3496400
3279,378,391,519613,7844,1035043,3200900
3280,361,399,519252,7806,1035442,3136200
3281,366,376,518886,7796,1035818,3162300
3282,388,379,518498,7805,1036197,3263700
3283,351,378,518147,7778,1036575,3123800
3284,359,387,517788,7750,1036962,3227000
3285,388,415,517400,7723,1037377,3212600
3286,374,386,517026,7711,1037763,3381600
3287,392,419,516634,7684,1038182,3191800
3288,389,378,516245,7695,1038560,3329100
3289,367,408,515878,7654,1038968,3401500
3290,352,349,515526,7657,1039317,3155900
3291,387,403,515139,7641,1039720,3320500
3292,353,385,514786,7609,1040105,3568900
3293,365,375,514421,7599,1040480,3252900
3294,420,400,514001,7619,1040880,3424800
3295,391,360,513610,7650,1041240,3297000
3296,398,411,513212,7637,1041651,3468300
3297,384,355,512828,7666,1042006,3223400
3298,368,398,512460,7636,1042404,3181500
3299,377,388,512083,7625,1042792,3276700
3300,392,411,511691,7606,1043203,3265700
3301,376,387,511315,7595,1043590,3270900
3302,389,365,510926,7619,1043955,3470000
3303,367,363,510559,7623,1044318,3212300
3304,366,353,510193,7636,1044671,3265600
3305,379,394,509814,7621,1045065,3162300
3306,421,384,509393,7658,1045449,3124900
3307,383,381,509010,7660,1045830,3173000
3308,401,374,508609,7687,1046204,3085600
3309,430,384,508179,7733,1046588,3111900
3310,360,427,507819,7666,1047015,3249700
3311,388,390,507431,7664,1047405,3338500
3312,382,389,507049,7657,1047794,3343200
3313,398,394,506651,7661,1048188,3110000
3314,368,389,506283,7640,1048577,3016400
3315,387,369,505896,7658,1048946,3532400
3316,428,380,505468,7706,1049326,3341400
3317,403,397,505065,7712,1049723,3180500
3318,403,362,504662,7753,1050085,3453100
3319,409,380,504253,7782,1050465,3177900
3320,419,412,503834,7789,1050877,3320100
3321,428,395,503406,7822,1051272,3252900
3322,437,350,502969,7909,1051622,3175200
3323,401,376,502568,7934,1051998,3078800
3324,429,356,502139,8007,1052354,3110200
3325,369,406,501770,7970,1052760,3051300
3326,408,407,501362,7971,1053167,3123800
3327,374,412,500988,7933,1053579,3254600
3328,426,394,500562,7965,1053973,3196100
3329,413,373,500149,8005,1054346,3416300
3330,431,399,499718,8037,1054745,3466900
3331,433,396,499285,8074,1055141,3338400
3332,388,440,498897,8022,1055581,3373400
3333,420,394,498477,8048,1055975,3265200
3334,398,431,498079,8015,1056406,3216900
3335,426,398,497653,8043,1056804,3260000
3336,371,436,497282,7978,1057240,3554900
3337,408,404,496874,7982,1057644,3292900
3338,384,413,496490,7953,1058057,3307500
3339,367,402,496123,7918,1058459,3273400
3340,400,353,495723,7965,1058812,3090200
3341,433,397,495290,8001,1059209,3211900
3342,404,440,494886,7965,1059649,3106100
3343,389,407,494497,7947,1060056,3236600
3344,425,405,494072,7967,1060461,3339000
3345,399,390,493673,7976,1060851,3156400
3346,410,359,493263,8027,1061210,3473000
3347,409,424,492854,8012,1061634,3134700
3348,369,393,492485,7988,1062027,4269900
3349,378,415,492107,7951,1062442,3071800
3350,420,369,491687,8002,1062811,3271900
3351,396,423,491291,7975,1063234,3348100
3352,393,394,490898,7974,1063628,3500400
3353,400,427,490498,7947,1064055,3363200
3354,391,404,490107,7934,1064459,3338900
3355,404,368,489703,7970,1064827,3525400
3356,385,387,489318,7968,1065214,3490700
3357,368,395,488950,7941,1065609,3565200
3358,376,401,488574,7916,1066010,3812000
3359,384,401,488190,7899,1066411,3565200
3360,381,392,487809,7888,1066803,3539400
3361,415,423,487394,7880,1067226,3677900
3362,412,407,486982,7885,1067633,3557200
3363,396,378,486586,7903,1068011,3575800
3364,365,383,486221,7885,1068394,3522600
3365,374,402,485847,7857,1068796,3426500
3366,379,421,485468,7815,1069217,3788100
3367,375,377,485093,7813,1069594,3689800
3368,413,365,484680,7861,1069959,3341900
3369,411,421,484269,7851,1070380,3321100
3370,375,385,483894,7841,1070765,3337500
3371,416,364,483478,7893,1071129,3383800
3372,404,397,483074,7900,1071526,3289700
3373,384,428,482690,7856,1071954,3225500
3374,394,377,482296,7873,1072331,3336400
3375,368,392,481928,7849,1072723,3354600
3376,421,419,481507,7851,1073142,3476600
3377,398,391,481109,7858,1073533,3354200
3378,404,396,480705,7866,1073929,3381100
3379,387,385,480318,7868,1074314,3470400
3380,377,421,479941,7824,1074735,3264700
3381,401,374,479540,7851,1075109,3175000
3382,418,401,479122,7868,1075510,3251700
3383,391,387,478731,7872,1075897,3436500
3384,382,392,478349,7862,1076289,3604600
3385,422,399,477927,7885,1076688,3381400
3386,407,377,477520,7915,1077065,3352700
3387,391,415,477129,7891,1077480,3421300
3388,382,422,476747,7851,1077902,3278100
3389,405,444,476342,7812,1078346,3210700
3390,432,390,475910,7854,1078736,3239200
3391,405,386,475505,7873,1079122,3450100
3392,410,412,475095,7871,1079534,3206300
3393,421,396,474674,7896,1079930,3414600
3394,380,396,474294,7880,1080326,3757300
3395,405,406,473889,7879,1080732,3628700
3396,395,391,473494,7883,1081123,3558100
3397,383,391,473111,7875,1081514,3471300
3398,382,404,472729,7853,1081918,3524200
3399,426,399,472303,7880,1082317,3687500
3400,395,385,471908,7890,1082702,3523700
3401,414,379,471494,7925,1083081,3741500
3402,406,417,471088,7914,1083498,4033100
3403,397,384,470691,7927,1083882,3660600
3404,412,422,470279,7917,1084304,3323900
3405,380,420,469899,7877,1084724,3250300
3406,381,399,469518,7859,1085123,3339800
3407,357,376,469161,7840,1085499,3214500
3408,383,425,468778,7798,1085924,3467300
3409,393,408,468385,7783,1086332,3525100
3410,401,373,467984,7811,1086705,3238600
3411,390,372,467594,7829,1087077,3358400
3412,429,405,467165,7853,1087482,3301900
3413,418,388,466747,7883,1087870,3415500
3414,382,400,466365,7865,1088270,3357900
3415,438,430,465927,7873,1088700,3287800
3416,412,384,465515,7901,1089084,3455600
3417,396,404,465119,7893,1089488,3407600
3418,376,414,464743,7855,1089902,3320800
3419,407,391,464336,7871,1090293,3309600
3420,420,368,463916,7923,1090661,3320300
3421,417,357,463499,7983,1091018,3349400
3422,401,402,463098,7982,1091420,3384300
3423,413,392,462685,8003,1091812,3296900
3424,410,431,462275,7982,1092243,3303000
3425,424,409,461851,7997,1092652,3373600
3426,418,387,461433,8028,1093039,3315500
3427,417,388,461016,8057,1093427,3330900
3428,413,396,460603,8074,1093823,3333700
3429,428,396,460175,8106,1094219,3499200
3430,449,382,459726,8173,1094601,3563200
3431,390,383,459336,8180,1094984,3848800
3432,435,434,458901,8181,1095418,3786100
3433,404,413,458497,8172,1095831,3729300
3434,411,435,458086,8148,1096266,3578700
3435,418,394,457668,8172,1096660,3508600
3436,405,400,457263,8177,1097060,3777600
3437,441,408,456822,8210,1097468,3684400
3438,404,411,456418,8203,1097879,3686400
3439,422,414,455996,8211,1098293,3607800
3440,418,403,455578,8226,1098696,3750100
3441,410,393,455168,8243,1099089,3720700
3442,402,421,454766,8224,1099510,3616500
3443,429,409,454337,8244,1099919,3645700
3444,400,399,453937,8245,1100318,3615700
3445,408,414,453529,8239,1100732,3644200
3446,441,452,453088,8228,1101184,3776700
3447,440,416,452648,8252,1101600,4533500
3448,397,404,452251,8245,1102004,5231800
3449,412,398,451839,8259,1102402,4783900
3450,430,409,451409,8280,1102811,4842000
3451,416,397,450993,8299,1103208,4089300
3452,391,416,450602,8274,1103624,3464100
3453,405,412,450197,8267,1104036,4725900
3454,425,419,449772,8273,1104455,3837800
3455,411,422,449361,8262,1104877,3376300
3456,417,438,448944,8241,1105315,3481500
3457,412,383,448532,8270,1105698,3399200
3458,438,421,448094,8287,1106119,3230500
3459,433,407,447661,8313,1106526,3405400
3460,430,414,447231,8329,1106940,3169000
3461,385,398,446846,8316,1107338,3353800
3462,410,394,446436,8332,1107732,3283400
3463,420,428,446016,8324,1108160,3314600
3464,363,443,445653,8244,1108603,3386000
3465,406,415,445247,8235,1109018,3102200
3466,348,423,444899,8160,1109441,3096200
3467,359,408,444540,8111,1109849,3340700
3468,456,404,444084,8163,1110253,3422900
3469,382,435,443702,8110,1110688,3425700
3470,384,427,443318,8067,1111115,3384400
3471,428,434,442890,8061,1111549,3475300
3472,397,380,442493,8078,1111929,3501100
3473,412,407,442081,8083,1112336,3317100
3474,397,418,441684,8062,1112754,3283900
3475,407,382,441277,8087,1113136,3221200
3476,384,408,440893,8063,1113544,3430100
3477,408,432,440485,8039,1113976,3259600
3478,439,407,440046,8071,1114383,3318700
3479,427,394,439619,8104,1114777,3504300
3480,405,398,439214,8111,1115175,3332100
3481,409,424,438805,8096,1115599,3349600
3482,437,401,438368,8132,1116000,3465900
3483,406,424,437962,8114,1116424,3231500
3484,438,402,437524,8150,1116826,3393400
3485,416,440,437108,8126,1117266,3241100
3486,428,428,436680,8126,1117694,3229800
3487,417,396,436263,8147,1118090,3163600
3488,438,413,435825,8172,1118503,3535800
3489,388,404,435437,8156,1118907,3470200
3490,409,443,435028,8122,1119350,3546600
3491,424,435,434604,8111,1119785,3312400
3492,442,405,434162,8148,1120190,3225600
3493,354,414,433808,8088,1120604,3211200
3494,419,377,433389,8130,1120981,3166600
3495,392,403,432997,8119,1121384,3293600
3496,375,407,432622,8087,1121791,3381900
3497,391,392,432231,8086,1122183,3120300
3498,374,391,431857,8069,1122574,3257000
3499,412,428,431445,8053,1123002,3403600
3500,406,400,431039,8059,1123402,3186300
3501,403,384,430636,8078,1123786,3264000
3502,399,378,430237,8099,1124164,3250800
3503,397,415,429840,8081,1124579,3493800
3504,367,407,429473,8041,1124986,3347600
3505,402,394,429071,8049,1125380,3163100
3506,377,390,428694,8036,1125770,3339900
3507,400,386,428294,8050,1126156,3562900
3508,384,436,427910,7998,1126592,3792800
3509,363,408,427547,7953,1127000,3647300
3510,382,415,427165,7920,1127415,3586300
3511,378,391,426787,7907,1127806,3535000
3512,401,403,426386,7905,1128209,3735000
3513,387,375,425999,7917,1128584,3724500
3514,386,443,425613,7860,1129027,3822800
3515,450,397,425163,7913,1129424,3758300
3516,367,400,424796,7880,1129824,3917200
3517,385,382,424411,7883,1130206,3821700
3518,398,415,424013,7866,1130621,3699600
3519,419,394,423594,7891,1131015,3674400
3520,451,421,423143,7921,1131436,3737100
3521,437,403,422706,7955,1131839,3853700
3522,425,397,422281,7983,1132236,3782800
3523,446,427,421835,8002,1132663,3533200
3524,400,356,421435,8046,1133019,3719500
3525,427,397,421008,8076,1133416,3577800
3526,411,397,420597,8090,1133813,3480200
3527,398,386,420199,8102,1134199,3489100
3528,399,384,419800,8117,1134583,3298600
3529,394,389,419406,8122,1134972,3235200
3530,364,408,419042,8078,1135380,3099000
3531,418,399,418624,8097,1135779,3041200
3532,399,398,418225,8098,1136177,3071900
3533,397,395,417828,8100,1136572,3334300
3534,395,384,417433,8111,1136956,3369200
3535,412,407,417021,8116,1137363,3115000
3536,395,380,416626,8131,1137743,3082200
3537,410,405,416216,8136,1138148,3050400
3538,402,430,415814,8108,1138578,3057500
3539,420,412,415394,8116,1138990,3178800
3540,452,373,414942,8195,1139363,3115800
3541,413,390,414529,8218,1139753,3177800
3542,419,415,414110,8222,1140168,3130000
3543,422,424,413688,8220,1140592,3182700
3544,409,409,413279,8220,1141001,3210400
3545,391,415,412888,8196,1141416,3064100
3546,428,397,412460,8227,1141813,3053000
3547,423,417,412037,8233,1142230,3173800
3548,405,404,411632,8234,1142634,3268200
3549,458,419,411174,8273,1143053,3260000
3550,393,411,410781,8255,1143464,3145100
3551,379,422,410402,8212,1143886,3089500
3552,437,402,409965,8247,1144288,3126000
3553,413,402,409552,8258,1144690,3246700
3554,413,378,409139,8293,1145068,3313200
3555,397,416,408742,8274,1145484,3167200
3556,441,443,408301,8272,1145927,3093900
3557,405,401,407896,8276,1146328,3041500
3558,396,434,407500,8238,1146762,3192000
3559,412,387,407088,8263,1147149,3263800
3560,422,415,406666,8270,1147564,3055800
3561,400,396,406266,8274,1147960,3144000
3562,432,412,405834,8294,1148372,3123000
3563,398,417,405436,8275,1148789,3102800
3564,378,415,405058,8238,1149204,3258800
3565,397,420,404661,8215,1149624,3348200
3566,419,416,404242,8218,1150040,3285000
3567,446,432,403796,8232,1150472,3355400
3568,419,432,403377,8219,1150904,3653100
3569,393,409,402984,8203,1151313,3506500
3570,395,410,402589,8188,1151723,3502900
3571,401,448,402188,8141,1152171,3284600
3572,386,441,401802,8086,1152612,3278900
3573,387,408,401415,8065,1153020,3264100
3574,379,412,401036,8032,1153432,3275100
3575,426,396,400610,8062,1153828,3242700
3576,393,391,400217,8064,1154219,3222700
3577,416,417,399801,8063,1154636,3155200
3578,394,405,399407,8052,1155041,3139400
3579,416,436,398991,8032,1155477,3245200
3580,405,379,398586,8058,1155856,3131400
3581,379,392,398207,8045,1156248,3247900
3582,401,414,397806,8032,1156662,3055900
3583,403,375,397403,8060,1157037,3157700
3584,365,414,397038,8011,1157451,3278600
3585,399,389,396639,8021,1157840,3059300
3586,393,379,396246,8035,1158219,3168400
3587,403,379,395843,8059,1158598,3155400
3588,398,409,395445,8048,1159007,3252900
3589,429,398,395016,8079,1159405,3330000
3590,384,375,394632,8088,1159780,3295800
3591,425,403,394207,8110,1160183,3196200
3592,435,388,393772,8157,1160571,3053800
3593,454,416,393318,8195,1160987,3162400
3594,411,397,392907,8209,1161384,3153300
3595,415,430,392492,8194,1161814,3277000
3596,436,377,392056,8253,1162191,3328900
3597,450,431,391606,8272,1162622,3727900
3598,409,403,391197,8278,1163025,3558300
3599,452,441,390745,8289,1163466,3487300
3600,391,422,390354,8258,1163888,3806500
3601,420,396,389934,8282,1164284,3712600
3602,451,420,389483,8313,1164704,3777100
3603,393,394,389090,8312,1165098,3800700
3604,390,436,388700,8266,1165534,3842600
3605,425,399,388275,8292,1165933,4036100
3606,404,416,387871,8280,1166349,3808700
3607,380,412,387491,8248,1166761,3715000
3608,428,421,387063,8255,1167182,4052700
3609,386,437,386677,8204,1167619,3807900
3610,372,417,386305,8159,1168036,4077500
3611,393,423,385912,8129,1168459,3765100
3612,390,401,385522,8118,1168860,3522000
3613,420,414,385102,8124,1169274,3420900
3614,424,403,384678,8145,1169677,3461800
3615,426,428,384252,8143,1170105,3280400
3616,419,378,383833,8184,1170483,3204300
3617,440,401,383393,8223,1170884,3339100
3618,431,400,382962,8254,1171284,3130000
3619,430,424,382532,8260,1171708,3235900
3620,420,415,382112,8265,1172123,3148000
3621,430,388,381682,8307,1172511,3371900
3622,405,463,381277,8249,1172974,3113700
3623,378,398,380899,8229,1173372,3059900
3624,392,400,380507,8221,1173772,3483800
3625,423,402,380084,8242,1174174,3383300
3626,415,413,379669,8244,1174587,3172900
3627,383,396,379286,8231,1174983,3294200
3628,384,440,378902,8175,1175423,3475300
3629,440,418,378462,8197,1175841,3321800
3630,397,372,378065,8222,1176213,3221400
3631,406,427,377659,8201,1176640,3203800
3632,423,406,377236,8218,1177046,3159700
3633,388,385,376848,8221,1177431,3241000
3634,416,380,376432,8257,1177811,3109700
3635,406,422,376026,8241,1178233,3452300
3636,407,458,375619,8190,1178691,3325500
3637,454,433,375165,8211,1179124,3099400
3638,414,426,374751,8199,1179550,3273400
3639,394,413,374357,8180,1179963,3233300
3640,415,433,373942,8162,1180396,3171800
3641,352,392,373590,8122,1180788,3118800
3642,404,393,373186,8133,1181181,3061300
3643,399,398,372787,8134,1181579,3114300
3644,368,408,372419,8094,1181987,3215700
3645,375,380,372044,8089,1182367,3241900
3646,381,382,371663,8088,1182749,3201700
3647,360,431,371303,8017,1183180,3155300
3648,438,395,370865,8060,1183575,3277200
3649,411,415,370454,8056,1183990,3116200
3650,374,386,370080,8044,1184376,3226900
3651,432,423,369648,8053,1184799,3160000
3652,380,374,369268,8059,1185173,3186000
3653,375,396,368893,8038,1185569,3109800
3654,394,437,368499,7995,1186006,3109700
3655,378,391,368121,7982,1186397,3186600
3656,369,400,367752,7951,1186797,3203600
3657,387,393,367365,7945,1187190,3125800
3658,377,381,366988,7941,1187571,3308200
3659,366,375,366622,7932,1187946,3188900
3660,411,396,366211,7947,1188342,3420200
3661,363,428,365848,7882,1188770,3317200
3662,395,380,365453,7897,1189150,3104000
3663,399,380,365054,7916,1189530,3228100
3664,384,442,364670,7858,1189972,3196500
3665,388,375,364282,7871,1190347,3157700
3666,372,374,363910,7869,1190721,3084100
3667,394,408,363516,7855,1191129,3111300
3668,401,403,363115,7853,1191532,3229600
3669,395,403,362720,7845,1191935,3140600
3670,370,398,362350,7817,1192333,3221300
3671,390,378,361960,7829,1192711,3197900
3672,393,401,361567,7821,1193112,3241400
3673,391,414,361176,7798,1193526,3095000
3674,384,387,360792,7795,1193913,3184000
3675,408,376,360384,7827,1194289,3219400
3676,403,400,359981,7830,1194689,3320100
3677,381,381,359600,7830,1195070,3335800
3678,420,375,359180,7875,1195445,3204100
3679,430,389,358750,7916,1195834,3211900
3680,387,406,358363,7897,1196240,3208000
3681,381,415,357982,7863,1196655,3046900
3682,397,400,357585,7860,1197055,3281900
3683,357,416,357228,7801,1197471,3354600
3684,408,423,356820,7786,1197894,3370900
3685,400,414,356420,7772,1198308,3130000
3686,421,380,355999,7813,1198688,3301800
3687,432,384,355567,7861,1199072,3519000
3688,426,400,355141,7887,1199472,3571000
3689,385,411,354756,7861,1199883,3549900
3690,392,387,354364,7866,1200270,3588800
3691,424,425,353940,7865,1200695,3689500
3692,402,385,353538,7882,1201080,3809500
3693,405,404,353133,7883,1201484,3789100
3694,388,419,352745,7852,1201903,3797900
3695,362,397,352383,7817,1202300,3995500
3696,383,430,352000,7770,1202730,3922500
3697,370,364,351630,7776,1203094,4147100
3698,367,410,351263,7733,1203504,4301800
3699,361,354,350902,7740,1203858,3945600
3700,371,429,350531,7682,1204287,3779800
3701,392,421,350139,7653,1204708,3738000
3702,368,375,349771,7646,1205083,3696100
3703,365,395,349406,7616,1205478,3735600
3704,415,391,348991,7640,1205869,3681600
3705,395,393,348596,7642,1206262,3640400
3706,371,375,348225,7638,1206637,3374900
3707,389,364,347836,7663,1207001,3385900
3708,390,414,347446,7639,1207415,3204300
3709,379,386,347067,7632,1207801,3591700
3710,377,396,346690,7613,1208197,3250800
3711,367,408,346323,7572,1208605,3333200
3712,375,394,345948,7553,1208999,3286800
3713,385,394,345563,7544,1209393,3335600
3714,424,343,345139,7625,1209736,3279300
3715,392,364,344747,7653,1210100,3277900
3716,349,412,344398,7590,1210512,3200800
3717,393,377,344005,7606,1210889,3217500
3718,386,372,343619,7620,1211261,3315200
3719,401,392,343218,7629,1211653,3375300
3720,341,394,342877,7576,1212047,3304900
3721,410,375,342467,7611,1212422,3408200
3722,377,388,342090,7600,1212810,3232500
3723,395,370,341695,7625,1213180,3160000
3724,374,370,341321,7629,1213550,3249200
3725,403,361,340918,7671,1213911,3558900
3726,397,381,340521,7687,1214292,3413700
3727,391,363,340130,7715,1214655,3534800
3728,399,356,339731,7758,1215011,3159600
3729,362,380,339369,7740,1215391,3220000
3730,408,379,338961,7769,1215770,3463800
3731,405,357,338556,7817,1216127,3381600
3732,373,380,338183,7810,1216507,3501500
3733,396,404,337787,7802,1216911,3165700
3734,384,397,337403,7789,1217308,3128500
3735,362,401,337041,7750,1217709,3092000
3736,396,386,336645,7760,1218095,3144300
3737,378,366,336267,7772,1218461,3200000
3738,385,383,335882,7774,1218844,3151200
3739,426,369,335456,7831,1219213,3307900
3740,432,421,335024,7842,1219634,3426400
3741,427,405,334597,7864,1220039,3104600
3742,417,387,334180,7894,1220426,3250700
3743,395,383,333785,7906,1220809,3195800
3744,377,393,333408,7890,1221202,3146000
3745,425,385,332983,7930,1221587,3190900
3746,393,424,332590,7899,1222011,3320400
3747,390,375,332200,7914,1222386,3408300
3748,406,397,331794,7923,1222783,3191900
3749,414,408,331380,7929,1223191,3095100
3750,395,435,330985,7889,1223626,3247000
3751,396,404,330589,7881,1224030,3091800
3752,395,369,330194,7907,1224399,3199500
3753,404,398,329790,7913,1224797,3150700
3754,380,384,329410,7909,1225181,3226300
3755,403,413,329007,7899,1225594,3274700
3756,386,379,328621,7906,1225973,3052500
3757,414,393,328207,7927,1226366,3195600
3758,390,445,327817,7872,1226811,3329900
3759,383,414,327434,7841,1227225,3222800
3760,363,382,327071,7822,1227607,3383700
3761,391,376,326680,7837,1227983,3202900
3762,394,405,326286,7826,1228388,3246300
3763,382,424,325904,7784,1228812,3205900
3764,386,362,325518,7808,1229174,3082400
3765,392,419,325126,7781,1229593,3148300
3766,408,388,324718,7801,1229981,3202500
3767,368,362,324350,7807,1230343,3463200
3768,385,385,323965,7807,1230728,3559500
3769,405,405,323560,7807,1231133,3234500
3770,389,407,323171,7789,1231540,3247900
3771,406,359,322765,7836,1231899,3174500
3772,364,384,322401,7816,1232283,3311000
3773,385,459,322016,7742,1232742,3342000
3774,359,390,321657,7711,1233132,3548300
3775,352,406,321305,7657,1233538,3464200
3776,350,382,320955,7625,1233920,3537400
3777,360,383,320595,7602,1234303,3520400
3778,374,370,320221,7606,1234673,3729400
3779,340,391,319881,7555,1235064,3615900
3780,350,381,319531,7524,1235445,3580100
3781,371,392,319160,7503,1235837,3692700
3782,373,381,318787,7495,1236218,3834200
3783,347,348,318440,7494,1236566,3700000
3784,342,370,318098,7466,1236936,3540000
3785,334,376,317764,7424,1237312,3542100
3786,365,355,317399,7434,1237667,3672200
3787,366,342,317033,7458,1238009,3629400
3788,376,361,316657,7473,1238370,3756700
3789,341,365,316316,7449,1238735,3736100
3790,352,409,315964,7392,1239144,3673400
3791,404,363,315560,7433,1239507,3712400
3792,319,389,315241,7363,1239896,3824200
3793,379,363,314862,7379,1240259,3850200
3794,371,371,314491,7379,1240630,3741900
3795,332,364,314159,7347,1240994,3646100
3796,362,358,313797,7351,1241352,3433200
3797,347,376,313450,7322,1241728,3551200
3798,355,369,313095,7308,1242097,3286600
3799,409,355,312686,7362,1242452,3304400
3800,367,359,312319,7370,1242811,3364000
3801,331,361,311988,7340,1243172,3147400
3802,372,352,311616,7360,1243524,3110200
3803,383,337,311233,7406,1243861,3136400
3804,381,361,310852,7426,1244222,3601400
3805,343,390,310509,7379,1244612,3212500
3806,354,343,310155,7390,1244955,3327000
3807,351,405,309804,7336,1245360,3318500
3808,367,337,309437,7366,1245697,3223200
3809,387,360,309050,7393,1246057,3296500
3810,367,396,308683,7364,1246453,3367300
3811,377,371,308306,7370,1246824,3143600
3812,341,392,307965,7319,1247216,3281200
3813,369,341,307596,7347,1247557,3267300
3814,347,364,307249,7330,1247921,3498300
3815,335,371,306914,7294,1248292,3400100
3816,343,365,306571,7272,1248657,3265800
3817,344,385,306227,7231,1249042,3201700
3818,340,351,305887,7220,1249393,3351700
3819,359,338,305528,7241,1249731,3269700
3820,365,378,305163,7228,1250109,3189900
3821,342,349,304821,7221,1250458,3116800
3822,356,359,304465,7218,1250817,3116400
3823,366,344,304099,7240,1251161,3273300
3824,370,364,303729,7246,1251525,3245500
3825,352,375,303377,7223,1251900,3316200
3826,330,352,303047,7201,1252252,3273400
3827,335,373,302712,7163,1252625,3253800
3828,360,371,302352,7152,1252996,3321000
3829,331,376,302021,7107,1253372,3258700
3830,355,353,301666,7109,1253725,3145800
3831,339,381,301327,7067,1254106,3133500
3832,373,342,300954,7098,1254448,3249300
3833,331,338,300623,7091,1254786,3265200
3834,332,336,300291,7087,1255122,3195700
3835,352,391,299939,7048,1255513,3241600
3836,338,342,299601,7044,1255855,3186000
3837,339,327,299262,7056,1256182,3110900
3838,343,352,298919,7047,1256534,3270000
3839,334,360,298585,7021,1256894,3180700
3840,336,352,298249,7005,1257246,3207900
3841,307,346,297942,6966,1257592,3299900
3842,321,335,297621,6952,1257927,3508700
3843,317,329,297304,6940,1258256,3227900
3844,321,373,296983,6888,1258629,3228700
3845,338,361,296645,6865,1258990,3224900
3846,318,345,296327,6838,1259335,3252300
3847,340,360,295987,6818,1259695,3352000
3848,359,323,295628,6854,1260018,3447700
3849,349,379,295279,6824,1260397,3434700
3850,338,347,294941,6815,1260744,3256600
3851,351,344,294590,6822,1261088,3471500
3852,339,341,294251,6820,1261429,3670500
3853,351,339,293900,6832,1261768,3308000
3854,343,351,293557,6824,1262119,3290100
3855,334,351,293223,6807,1262470,3170900
3856,344,373,292879,6778,1262843,3372500
3857,352,334,292527,6796,1263177,3288400
3858,347,333,292180,6810,1263510,3314800
3859,325,322,291855,6813,1263832,3251900
3860,353,313,291502,6853,1264145,3240300
3861,308,352,291194,6809,1264497,3145700
3862,358,330,290836,6837,1264827,3293000
3863,336,335,290500,6838,1265162,3198600
3864,365,330,290135,6873,1265492,3170600
3865,321,342,289814,6852,1265834,3464200
3866,348,348,289466,6852,1266182,3765900
3867,328,375,289138,6805,1266557,3691600
3868,362,327,288776,6840,1266884,3651800
3869,326,322,288450,6844,1267206,3501100
3870,327,319,288123,6852,1267525,3697200
3871,355,342,287768,6865,1267867,3637600
3872,330,308,287438,6887,1268175,3707600
3873,363,316,287075,6934,1268491,3834400
3874,350,379,286725,6905,1268870,3899400
3875,362,388,286363,6879,1269258,3700600
3876,330,351,286033,6858,1269609,3733800
3877,353,363,285680,6848,1269972,4012700
3878,322,312,285358,6858,1270284,3811200
3879,328,313,285030,6873,1270597,3677000
3880,359,359,284671,6873,1270956,3613000
3881,359,351,284312,6881,1271307,3748200
3882,354,360,283958,6875,1271667,3760500
3883,323,380,283635,6818,1272047,3863200
3884,319,332,283316,6805,1272379,3632600
3885,314,326,283002,6793,1272705,3840200
3886,322,343,282680,6772,1273048,3606600
3887,343,309,282337,6806,1273357,3533800
3888,343,316,281994,6833,1273673,3577200
3889,331,360,281663,6804,1274033,3213800
3890,316,371,281347,6749,1274404,3280600
3891,346,330,281001,6765,1274734,3205300
3892,322,335,280679,6752,1275069,3146500
3893,323,348,280356,6727,1275417,3087900
3894,325,342,280031,6710,1275759,3069100
3895,324,291,279707,6743,1276050,3083300
3896,350,311,279357,6782,1276361,3373400
3897,330,335,279027,6777,1276696,3329600
3898,334,356,278693,6755,1277052,3297300
3899,313,349,278380,6719,1277401,3330300
3900,321,328,278059,6712,1277729,3495200
3901,354,363,277705,6703,1278092,3335300
3902,338,324,277367,6717,1278416,3453200
3903,323,388,277044,6652,1278804,3317300
3904,316,322,276728,6646,1279126,3253200
3905,330,345,276398,6631,1279471,3283300
3906,293,326,276105,6598,1279797,3229800
3907,286,314,275819,6570,1280111,3160300
3908,317,311,275502,6576,1280422,3284600
3909,348,360,275154,6564,1280782,3198900
3910,324,378,274830,6510,1281160,3541200
3911,331,332,274499,6509,1281492,3381500
3912,319,322,274180,6506,1281814,3482900
3913,336,317,273844,6525,1282131,3425300
3914,321,337,273523,6509,1282468,3356100
3915,315,308,273208,6516,1282776,3272300
3916,327,320,272881,6523,1283096,3230500
3917,369,309,272512,6583,1283405,3219700
3918,327,298,272185,6612,1283703,3263200
3919,348,327,271837,6633,1284030,3272500
3920,334,318,271503,6649,1284348,3091000
3921,358,319,271145,6688,1284667,3176600
3922,342,350,270803,6680,1285017,3238400
3923,352,318,270451,6714,1285335,3204300
3924,373,352,270078,6735,1285687,3350200
3925,344,347,269734,6732,1286034,3142500
3926,378,343,269356,6767,1286377,3219100
3927,340,339,269016,6768,1286716,3210500
3928,340,324,268676,6784,1287040,3142100
3929,323,329,268353,6778,1287369,3305600
3930,336,335,268017,6779,1287704,3203700
3931,337,369,267680,6747,1288073,3141300
3932,308,335,267372,6720,1288408,3155100
3933,337,327,267035,6730,1288735,3130800
3934,312,330,266723,6712,1289065,3209700
3935,293,313,266430,6692,1289378,3182100
3936,335,335,266095,6692,1289713,3172700
3937,320,325,265775,6687,1290038,3184800
3938,319,314,265456,6692,1290352,3271700
3939,310,320,265146,6682,1290672,3158000
3940,326,334,264820,6674,1291006,3227100
3941,313,329,264507,6658,1291335,3092700
3942,358,305,264149,6711,1291640,3118000
3943,369,308,263780,6772,1291948,3094800
3944,323,349,263457,6746,1292297,3377000
3945,304,339,263153,6711,1292636,3338600
3946,328,340,262825,6699,1292976,3233600
3947,331,314,262494,6716,1293290,3202700
3948,332,351,262162,6697,1293641,3137800
3949,329,347,261833,6679,1293988,3353800
3950,307,320,261526,6666,1294308,3169200
3951,328,296,261198,6698,1294604,3121100
3952,330,312,260868,6716,1294916,3156200
3953,320,353,260548,6683,1295269,3141600
3954,325,335,260223,6673,1295604,3195800
3955,313,342,259910,6644,1295946,3109100
3956,328,321,259582,6651,1296267,3190400
3957,321,332,259261,6640,1296599,3124400
3958,299,330,258962,6609,1296929,3206600
3959,302,332,258660,6579,1297261,3240500
3960,347,345,258313,6581,1297606,3223600
3961,334,311,257979,6604,1297917,3102500
3962,341,364,257638,6581,1298281,3252900
3963,302,328,257336,6555,1298609,3515500
3964,319,322,257017,6552,1298931,3632800
3965,330,307,256687,6575,1299238,3528500
3966,324,321,256363,6578,1299559,3494800
3967,337,298,256026,6617,1299857,3642000
3968,321,314,255705,6624,1300171,3750500
3969,305,333,255400,6596,1300504,3819300
3970,322,344,255078,6574,1300848,3556800
3971,319,317,254759,6576,1301165,3645100
3972,304,312,254455,6568,1301477,3782700
3973,310,315,254145,6563,1301792,3692600
3974,310,289,253835,6584,1302081,3583300
3975,324,343,253511,6565,1302424,3413000
3976,320,327,253191,6558,1302751,3587300
3977,325,310,252866,6573,1303061,3655000
3978,298,342,252568,6529,1303403,3529600
3979,360,353,252208,6536,1303756,3526100
3980,331,331,251877,6536,1304087,3525100
3981,325,310,251552,6551,1304397,3249200
3982,288,339,251264,6500,1304736,3258800
3983,323,309,250941,6514,1305045,3307800
3984,374,323,250567,6565,1305368,3462200
3985,306,318,250261,6553,1305686,3496800
3986,325,307,249936,6571,1305993,3536300
3987,337,325,249599,6583,1306318,3394500
3988,335,363,249264,6555,1306681,3379400
3989,324,306,248940,6573,1306987,3612600
3990,335,349,248605,6559,1307336,3340800
3991,315,359,248290,6515,1307695,3251000
3992,334,331,247956,6518,1308026,3308100
3993,340,311,247616,6547,1308337,3824200
3994,353,329,247263,6571,1308666,3656900
3995,321,329,246942,6563,1308995,4361700
3996,346,315,246596,6594,1309310,3297200
3997,360,307,246236,6647,1309617,3170800
3998,345,367,245891,6625,1309984,3235600
3999,320,359,245571,6586,1310343,3574000
4000,352,320,245219,6618,1310663,3821600
4001,333,279,244886,6672,1310942,3544500
4002,327,340,244559,6659,1311282,3342900
4003,334,342,244225,6651,1311624,3803600
4004,316,367,243909,6600,1311991,3615200
4005,310,323,243599,6587,1312314,3764900
4006,328,314,243271,6601,1312628,3276800
4007,307,340,242964,6568,1312968,3437700
4008,347,292,242617,6623,1313260,3209100
4009,307,316,242310,6614,1313576,3612400
4010,351,315,241959,6650,1313891,3255500
4011,335,304,241624,6681,1314195,3672900
4012,316,314,241308,6683,1314509,3248300
4013,357,332,240951,6708,1314841,3233200
4014,369,341,240582,6736,1315182,3550300
4015,365,345,240217,6756,1315527,3699900
4016,329,313,239888,6772,1315840,3436400
4017,352,331,239536,6793,1316171,3400700
4018,325,322,239211,6796,1316493,3644200
4019,315,331,238896,6780,1316824,3858100
4020,324,367,238572,6737,1317191,3820900
4021,296,338,238276,6695,1317529,3688000
4022,325,334,237951,6686,1317863,3239400
4023,334,372,237617,6648,1318235,3152700
4024,318,354,237299,6612,1318589,3756400
4025,299,298,237000,6613,1318887,3636800
4026,322,322,236678,6613,1319209,3556500
4027,300,331,236378,6582,1319540,3118200
4028,310,319,236068,6573,1319859,3324000
4029,317,298,235751,6592,1320157,3192500
4030,308,317,235443,6583,1320474,3379400
4031,335,332,235108,6586,1320806,3403800
4032,316,327,234792,6575,1321133,3537500
4033,328,332,234464,6571,1321465,3276900
4034,328,317,234136,6582,1321782,3911300
4035,308,310,233828,6580,1322092,3143800
4036,292,337,233536,6535,1322429,3552400
4037,327,345,233209,6517,1322774,3786300
4038,334,321,232875,6530,1323095,3435900
4039,306,326,232569,6510,1323421,3580400
4040,313,309,232256,6514,1323730,3881900
4041,318,312,231938,6520,1324042,3763500
4042,344,326,231594,6538,1324368,3442700
4043,307,324,231287,6521,1324692,3864600
4044,310,349,230977,6482,1325041,3243100
4045,317,318,230660,6481,1325359,3407300
4046,302,330,230358,6453,1325689,3199800
4047,334,338,230024,6449,1326027,3242800
4048,305,313,229719,6441,1326340,3965200
4049,341,326,229378,6456,1326666,3902100
4050,332,327,229046,6461,1326993,3424500
4051,332,318,228714,6475,1327311,3449400
4052,363,291,228351,6547,1327602,3688600
4053,314,309,228037,6552,1327911,3620800
4054,314,324,227723,6542,1328235,4005600
4055,342,308,227381,6576,1328543,3899500
4056,320,306,227061,6590,1328849,3680800
4057,338,318,226723,6610,1329167,4173800
4058,338,333,226385,6615,1329500,3603900
4059,321,313,226064,6623,1329813,3787000
4060,334,352,225730,6605,1330165,3723400
4061,326,309,225404,6622,1330474,3935600
4062,315,301,225089,6636,1330775,3983200
4063,328,346,224761,6618,1331121,3743800
4064,332,299,224429,6651,1331420,3571500
4065,339,333,224090,6657,1331753,3577800
4066,312,314,223778,6655,1332067,3407100
4067,355,347,223423,6663,1332414,3457100
4068,349,371,223074,6641,1332785,3601000
4069,334,321,222740,6654,1333106,3676300
4070,317,347,222423,6624,1333453,3287600
4071,333,344,222090,6613,1333797,3235000
4072,327,340,221763,6600,1334137,3502800
4073,285,303,221478,6582,1334440,3406100
4074,305,349,221173,6538,1334789,3697300
4075,292,346,220881,6484,1335135,3671000
4076,316,315,220565,6485,1335450,3472000
4077,329,319,220236,6495,1335769,3584900
4078,322,345,219914,6472,1336114,4084200
4079,316,321,219598,6467,1336435,3413200
4080,295,334,219303,6428,1336769,3460600
4081,313,322,218990,6419,1337091,3339300
4082,312,324,218678,6407,1337415,3651100
4083,309,302,218369,6414,1337717,3379300
4084,319,306,218050,6427,1338023,3660500
4085,321,321,217729,6427,1338344,3491700
4086,341,308,217388,6460,1338652,3200400
4087,319,342,217069,6437,1338994,3169000
4088,336,298,216733,6475,1339292,3437400
4089,299,330,216434,6444,1339622,3123100
4090,312,306,216122,6450,1339928,3731600
4091,317,317,215805,6450,1340245,3235500
4092,336,300,215469,6486,1340545,3195000
4093,285,284,215184,6487,1340829,3549000
4094,314,344,214870,6457,1341173,3160500
4095,323,315,214547,6465,1341488,3255000
4096,301,319,214246,6447,1341807,3173000
4097,329,345,213917,6431,1342152,3558800
4098,314,346,213603,6399,1342498,3202400
4099,310,316,213293,6393,1342814,3468300
4100,312,344,212981,6361,1343158,3379300
4101,312,310,212669,6363,1343468,3513000
4102,306,304,212363,6365,1343772,3153300
4103,334,291,212029,6408,1344063,3712200
4104,313,340,211716,6381,1344403,3779900
4105,291,333,211425,6339,1344736,3486400
4106,291,337,211134,6293,1345073,3218900
4107,282,324,210852,6251,1345397,3169100
4108,307,316,210545,6242,1345713,3867200
4109,302,314,210243,6230,1346027,3504500
4110,283,298,209960,6215,1346325,3304500
4111,312,301,209648,6226,1346626,3236000
4112,344,317,209304,6253,1346943,3210800
4113,343,343,208961,6253,1347286,3621800
4114,292,296,208669,6249,1347582,3162200
4115,327,338,208342,6238,1347920,3227400
4116,345,324,207997,6259,1348244,3277900
4117,305,327,207692,6237,1348571,3314800
4118,332,290,207360,6279,1348861,3227100
4119,318,327,207042,6270,1349188,3616700
4120,324,293,206718,6301,1349481,3157700
4121,314,299,206404,6316,1349780,3146600
4122,305,297,206099,6324,1350077,3238000
4123,332,306,205767,6350,1350383,3162400
4124,325,307,205442,6368,1350690,3266300
4125,317,305,205125,6380,1350995,3733800
4126,292,300,204833,6372,1351295,3119300
4127,298,324,204535,6346,1351619,3950600
4128,306,303,204229,6349,1351922,3501100
4129,303,315,203926,6337,1352237,3312400
4130,319,302,203607,6354,1352539,3628300
4131,324,278,203283,6400,1352817,3245000
4132,319,313,202964,6406,1353130,3166500
4133,281,337,202683,6350,1353467,3436200
4134,308,332,202375,6326,1353799,3380400
4135,289,317,202086,6298,1354116,3323400
4136,270,329,201816,6239,1354445,3428400
4137,309,302,201507,6246,1354747,3257800
4138,331,340,201176,6237,1355087,3729600
4139,292,300,200884,6229,1355387,3500100
4140,308,328,200576,6209,1355715,3243200
4141,303,290,200273,6222,1356005,3210600
4142,303,291,199970,6234,1356296,3139700
4143,327,283,199643,6278,1356579,3241800
4144,288,314,199355,6252,1356893,3161700
4145,318,327,199037,6243,1357220,3512800
4146,280,336,198757,6187,1357556,3326600
4147,311,312,198446,6186,1357868,3228000
4148,272,317,198174,6141,1358185,3192300
4149,288,287,197886,6142,1358472,3267600
4150,309,322,197577,6129,1358794,3420900
4151,325,294,197252,6160,1359088,3348300
4152,314,338,196938,6136,1359426,3442400
4153,285,317,196653,6104,1359743,3381400
4154,320,304,196333,6120,1360047,3891700
4155,270,297,196063,6093,1360344,3965100
4156,332,308,195731,6117,1360652,3587000
4157,282,299,195449,6100,1360951,3502300
4158,271,312,195178,6059,1361263,3559400
4159,331,338,194847,6052,1361601,3842800
4160,290,331,194557,6011,1361932,3419800
4161,302,306,194255,6007,1362238,3561900
4162,281,288,193974,6000,1362526,3443700
4163,313,278,193661,6035,1362804,3429300
4164,317,305,193344,6047,1363109,3273600
4165,301,282,193043,6066,1363391,3260400
4166,276,276,192767,6066,1363667,3181100
4167,291,322,192476,6035,1363989,3188800
4168,318,310,192158,6043,1364299,3286100
4169,303,313,191855,6033,1364612,3468500
4170,303,286,191552,6050,1364898,3218900
4171,314,286,191238,6078,1365184,3154000
4172,302,364,190936,6016,1365548,3207300
4173,304,282,190632,6038,1365830,3193300
4174,301,301,190331,6038,1366131,3155700
4175,314,299,190017,6053,1366430,3228600
4176,300,319,189717,6034,1366749,3258900
4177,310,297,189407,6047,1367046,3250500
4178,309,288,189098,6068,1367334,3207600
4179,289,272,188809,6085,1367606,3763700
4180,315,313,188494,6087,1367919,3175500
4181,301,294,188193,6094,1368213,3167000
4182,307,285,187886,6116,1368498,3451600
4183,294,272,187592,6138,1368770,3371300
4184,328,287,187264,6179,1369057,3525500
4185,309,297,186955,6191,1369354,3403000
4186,293,312,186662,6172,1369666,3284300
4187,283,296,186379,6159,1369962,3301100
4188,294,332,186085,6121,1370294,3396500
4189,328,321,185757,6128,1370615,3325800
4190,292,306,185465,6114,1370921,3246400
4191,316,292,185149,6138,1371213,3339200
4192,299,291,184850,6146,1371504,3284800
4193,294,308,184556,6132,1371812,3272800
4194,279,314,184277,6097,1372126,3292400
4195,312,314,183965,6095,1372440,3333100
4196,274,298,183691,6071,1372738,3805500
4197,317,290,183374,6098,1373028,3831200
4198,314,292,183060,6120,1373320,3474300
4199,282,285,182778,6117,1373605,3436100
4200,343,327,182435,6133,1373932,3363700
4201,309,275,182126,6167,1374207,3434200
4202,306,306,181820,6167,1374513,3305300
4203,307,299,181513,6175,1374812,3273000
4204,319,290,181194,6204,1375102,3270200
4205,327,322,180867,6209,1375424,3733900
4206,331,309,180536,6231,1375733,3719600
4207,309,315,180227,6225,1376048,3435000
4208,277,307,179950,6195,1376355,3834200
4209,356,312,179594,6239,1376667,3436200
4210,289,294,179305,6234,1376961,3729800
4211,295,307,179010,6222,1377268,3740700
4212,313,296,178697,6239,1377564,3454100
4213,333,324,178364,6248,1377888,3658200
4214,340,305,178024,6283,1378193,3854000
4215,303,344,177721,6242,1378537,3571300
4216,318,294,177403,6266,1378831,3519200
4217,321,340,177082,6247,1379171,3416200
4218,317,313,176765,6251,1379484,3802400
4219,284,313,176481,6222,1379797,3362000
4220,303,306,176178,6219,1380103,3661300
4221,323,317,175855,6225,1380420,3289300
4222,295,329,175560,6191,1380749,3346500
4223,308,317,175252,6182,1381066,3299800
4224,301,270,174951,6213,1381336,3217600
4225,314,282,174637,6245,1381618,3227900
4226,282,335,174355,6192,1381953,3220700
4227,297,303,174058,6186,1382256,3318400
4228,296,301,173762,6181,1382557,3317200
4229,293,335,173469,6139,1382892,3281800
4230,295,290,173174,6144,1383182,3252700
4231,260,281,172914,6123,1383463,3234300
4232,302,296,172612,6129,1383759,3358000
4233,302,333,172310,6098,1384092,3516700
4234,301,314,172009,6085,1384406,3461000
4235,298,289,171711,6094,1384695,3302100
4236,274,314,171437,6054,1385009,3485200
4237,292,301,171145,6045,1385310,3298700
4238,276,309,170869,6012,1385619,3261900
4239,313,293,170556,6032,1385912,3238800
4240,298,298,170258,6032,1386210,3232000
4241,298,299,169960,6031,1386509,3241400
4242,274,296,169686,6009,1386805,3212400
4243,283,336,169403,5956,1387141,3186800
4244,290,299,169113,5947,1387440,3153800
4245,298,313,168815,5932,1387753,3191400
4246,286,275,168529,5943,1388028,3263500
4247,313,293,168216,5963,1388321,3229900
4248,288,312,167928,5939,1388633,3358200
4249,294,320,167634,5913,1388953,3217600
4250,278,316,167356,5875,1389269,3190200
4251,284,283,167072,5876,1389552,3255300
4252,311,278,166761,5909,1389830,3210600
4253,273,335,166488,5847,1390165,3285300
4254,285,292,166203,5840,1390457,3269300
4255,272,297,165931,5815,1390754,3245500
4256,299,303,165632,5811,1391057,3548700
4257,281,301,165351,5791,1391358,3235000
4258,334,250,165017,5875,1391608,3226600
4259,303,301,164714,5877,1391909,3191200
4260,318,290,164396,5905,1392199,3150100
4261,291,306,164105,5890,1392505,3414600
4262,280,258,163825,5912,1392763,3436500
4263,299,296,163526,5915,1393059,3529200
4264,273,285,163253,5903,1393344,4003800
4265,294,293,162959,5904,1393637,3375700
4266,324,322,162635,5906,1393959,3345700
4267,289,292,162346,5903,1394251,3237300
4268,303,287,162043,5919,1394538,3333400
4269,293,300,161750,5912,1394838,3532300
4270,290,273,161460,5929,1395111,3461400
4271,297,276,161163,5950,1395387,3420500
4272,305,283,160858,5972,1395670,3561300
4273,293,283,160565,5982,1395953,3768200
4274,271,301,160294,5952,1396254,3797000
4275,273,280,160021,5945,1396534,3824000
4276,296,321,159725,5920,1396855,3704800
4277,270,301,159455,5889,1397156,3540200
4278,277,293,159178,5873,1397449,3932200
4279,272,290,158906,5855,1397739,4148200
4280,280,284,158626,5851,1398023,3652500
4281,265,259,158361,5857,1398282,3642800
4282,292,278,158069,5871,1398560,3731300
4283,270,315,157799,5826,1398875,3787700
4284,257,263,157542,5820,1399138,3859100
4285,273,270,157269,5823,1399408,3554000
4286,254,298,157015,5779,1399706,3700900
4287,275,263,156740,5791,1399969,3577700
4288,268,297,156472,5762,1400266,3529900
4289,228,283,156244,5707,1400549,3748800
4290,231,287,156013,5651,1400836,3916600
4291,261,289,155752,5623,1401125,4064200
4292,269,301,155483,5591,1401426,3751300
4293,255,281,155228,5565,1401707,3940800
4294,260,291,154968,5534,1401998,3749700
4295,281,277,154687,5538,1402275,3829600
4296,270,267,154417,5541,1402542,3727500
4297,273,286,154144,5528,1402828,3604900
4298,282,277,153862,5533,1403105,3548200
4299,294,257,153568,5570,1403362,3664400
4300,269,263,153299,5576,1403625,3664800
4301,265,271,153034,5570,1403896,3583600
4302,271,296,152763,5545,1404192,3779900
4303,288,275,152475,5558,1404467,3685900
4304,279,299,152196,5538,1404766,3551000
4305,267,290,151929,5515,1405056,3656500
4306,293,288,151636,5520,1405344,3759700
4307,256,270,151380,5506,1405614,3873100
4308,295,283,151085,5518,1405897,3797200
4309,248,269,150837,5497,1406166,3844700
4310,272,265,150565,5504,1406431,3864900
4311,267,270,150298,5501,1406701,3490200
4312,258,278,150040,5481,1406979,3556800
4313,275,315,149765,5441,1407294,3422500
4314,260,294,149505,5407,1407588,3612800
4315,232,273,149273,5366,1407861,3500200
4316,256,269,149017,5353,1408130,3710300
4317,261,292,148756,5322,1408422,3642800
4318,268,274,148488,5316,1408696,3435400
4319,254,274,148234,5296,1408970,3660400
4320,268,269,147966,5295,1409239,3682600
4321,255,257,147711,5293,1409496,3579600
4322,253,218,147458,5328,1409714,3522900
4323,274,269,147184,5333,1409983,3552000
4324,269,272,146915,5330,1410255,3527800
4325,222,275,146693,5277,1410530,3495800
4326,238,254,146455,5261,1410784,3819000
4327,265,269,146190,5257,1411053,4213600
4328,237,265,145953,5229,1411318,3545700
4329,234,263,145719,5200,1411581,3418000
4330,238,264,145481,5174,1411845,3351200
4331,240,259,145241,5155,1412104,3315300
4332,270,268,144971,5157,1412372,3299000
4333,282,280,144689,5159,1412652,3458800
4334,285,250,144404,5194,1412902,3320900
4335,264,261,144140,5197,1413163,3309100
4336,232,267,143908,5162,1413430,3798200
4337,246,294,143662,5114,1413724,3466400
4338,260,210,143402,5164,1413934,3954800
4339,265,237,143137,5192,1414171,3346800
4340,271,234,142866,5229,1414405,3283500
4341,274,264,142592,5239,1414669,3428700
4342,248,275,142344,5212,1414944,3323600
4343,271,256,142073,5227,1415200,3332400
4344,267,268,141806,5226,1415468,3312300
4345,241,257,141565,5210,1415725,3304300
4346,260,267,141305,5203,1415992,3580400
4347,263,274,141042,5192,1416266,3397600
4348,246,276,140796,5162,1416542,3468000
4349,241,258,140555,5145,1416800,3379500
4350,240,252,140315,5133,1417052,3409700
4351,243,258,140072,5118,1417310,3608600
4352,248,254,139824,5112,1417564,3857000
4353,254,247,139570,5119,1417811,3416800
4354,248,273,139322,5094,1418084,3342900
4355,248,247,139074,5095,1418331,3438700
4356,247,286,138827,5056,1418617,3260600
4357,252,260,138575,5048,1418877,3259300
4358,255,269,138320,5034,1419146,3295700
4359,238,250,138082,5022,1419396,3498900
4360,217,239,137865,5000,1419635,3354400
4361,227,257,137638,4970,1419892,3490500
4362,234,240,137404,4964,1420132,3268900
4363,221,238,137183,4947,1420370,3368800
4364,217,241,136966,4923,1420611,3332900
4365,220,242,136746,4901,1420853,3841800
4366,226,221,136520,4906,1421074,3521400
4367,228,248,136292,4886,1421322,3574800
4368,229,253,136063,4862,1421575,3495700
4369,213,271,135850,4804,1421846,3363500
4370,225,230,135625,4799,1422076,3352600
4371,242,233,135383,4808,1422309,3439800
4372,218,260,135165,4766,1422569,3271700
4373,220,232,134945,4754,1422801,3335300
4374,264,229,134681,4789,1423030,3277100
4375,246,260,134435,4775,1423290,3538900
4376,213,248,134222,4740,1423538,3417300
4377,212,235,134010,4717,1423773,3293300
4378,225,239,133785,4703,1424012,3296600
4379,230,222,133555,4711,1424234,3785300
4380,215,213,133340,4713,1424447,3233800
4381,233,267,133107,4679,1424714,3317600
4382,191,211,132916,4659,1424925,3492100
4383,206,247,132710,4618,1425172,3413600
4384,232,264,132478,4586,1425436,3585600
4385,240,227,132238,4599,1425663,3467700
4386,220,228,132018,4591,1425891,3419600
4387,218,225,131800,4584,1426116,3461300
4388,223,254,131577,4553,1426370,3335400
4389,214,244,131363,4523,1426614,3418000
4390,212,225,131151,4510,1426839,3504700
4391,212,218,130939,4504,1427057,3632200
4392,206,242,130733,4468,1427299,3678500
4393,201,229,130532,4440,1427528,3426900
4394,219,222,130313,4437,1427750,3418700
4395,203,227,130110,4413,1427977,3453200
4396,200,204,129910,4409,1428181,3447900
4397,199,220,129711,4388,1428401,3904600
4398,190,209,129521,4369,1428610,3429900
4399,207,235,129314,4341,1428845,3387200
4400,196,217,129118,4320,1429062,3831300
4401,217,195,128901,4342,1429257,3689400
4402,214,216,128687,4340,1429473,3711000
4403,205,232,128482,4313,1429705,3673400
4404,195,219,128287,4289,1429924,3603300
4405,223,220,128064,4292,1430144,3434300
4406,223,177,127841,4338,1430321,3641900
4407,206,189,127635,4355,1430510,3447600
4408,219,221,127416,4353,1430731,3562200
4409,221,222,127195,4352,1430953,3558700
4410,218,215,126977,4355,1431168,3750800
4411,197,231,126780,4321,1431399,4007300
4412,206,207,126574,4320,1431606,3579600
4413,199,226,126375,4293,1431832,3589200
4414,214,203,126161,4304,1432035,3433300
4415,217,221,125944,4300,1432256,3410100
4416,206,208,125738,4298,1432464,3333100
4417,200,212,125538,4286,1432676,3493400
4418,202,227,125336,4261,1432903,3395400
4419,219,205,125117,4275,1433108,3469200
4420,231,220,124886,4286,1433328,3502200
4421,220,221,124666,4285,1433549,3298100
4422,205,216,124461,4274,1433765,3806500
4423,188,216,124273,4246,1433981,3779400
4424,212,241,124061,4217,1434222,3334800
4425,224,209,123837,4232,1434431,3262300
4426,228,212,123609,4248,1434643,3346900
4427,202,219,123407,4231,1434862,3797500
4428,185,194,123222,4222,1435056,3284900
4429,222,198,123000,4246,1435254,3241100
4430,190,207,122810,4229,1435461,3518200
4431,182,206,122628,4205,1435667,3277800
4432,219,202,122409,4222,1435869,3191000
4433,199,211,122210,4210,1436080,3281300
4434,209,209,122001,4210,1436289,3121100
4435,183,227,121818,4166,1436516,3198900
4436,192,193,121626,4165,1436709,3163900
4437,189,189,121437,4165,1436898,3106400
4438,223,216,121214,4172,1437114,3086400
4439,194,225,121020,4141,1437339,3095100
4440,182,208,120838,4115,1437547,3328100
4441,204,215,120634,4104,1437762,3258000
4442,188,201,120446,4091,1437963,3290300
4443,222,204,120224,4109,1438167,3155400
4444,191,200,120033,4100,1438367,3098500
4445,214,232,119819,4082,1438599,3443600
4446,197,206,119622,4073,1438805,3207700
4447,178,222,119444,4029,1439027,3117900
4448,188,198,119256,4019,1439225,3136200
4449,197,201,119059,4015,1439426,3090200
4450,176,198,118883,3993,1439624,3309100
4451,163,213,118720,3943,1439837,3185400
4452,189,197,118531,3935,1440034,3112300
4453,181,166,118350,3950,1440200,3053400
4454,202,201,118148,3951,1440401,3110800
4455,190,210,117958,3931,1440611,3192600
4456,169,208,117789,3892,1440819,3129500
4457,193,194,117596,3891,1441013,3088700
4458,189,192,117407,3888,1441205,3118400
4459,195,201,117212,3882,1441406,3214700
4460,176,198,117036,3860,1441604,3346700
4461,174,184,116862,3850,1441788,3302400
4462,168,184,116694,3834,1441972,3279000
4463,171,198,116523,3807,1442170,3256200
4464,170,220,116353,3757,1442390,3162000
4465,192,171,116161,3778,1442561,3267000
4466,179,173,115982,3784,1442734,3153500
4467,188,205,115794,3767,1442939,3132200
4468,190,180,115604,3777,1443119,3109600
4469,210,222,115394,3765,1443341,3074400
4470,195,172,115199,3788,1443513,3190900
4471,203,192,114996,3799,1443705,3097100
4472,161,188,114835,3772,1443893,3064900
4473,207,219,114628,3760,1444112,3122700
4474,196,206,114432,3750,1444318,3096600
4475,205,213,114227,3742,1444531,3128500
4476,167,187,114060,3722,1444718,3114000
4477,202,167,113858,3757,1444885,3181300
4478,191,171,113667,3777,1445056,3399400
4479,204,181,113463,3800,1445237,3355900
4480,203,182,113260,3821,1445419,3599300
4481,190,189,113070,3822,1445608,3427400
4482,186,175,112884,3833,1445783,3257600
4483,209,200,112675,3842,1445983,3412000
4484,167,169,112508,3840,1446152,3806200
4485,199,192,112309,3847,1446344,3313500
4486,188,199,112121,3836,1446543,3409800
4487,173,190,111948,3819,1446733,3385000
4488,157,192,111791,3784,1446925,3417000
4489,185,206,111606,3763,1447131,3491700
4490,192,208,111414,3747,1447339,3257200
4491,167,186,111247,3728,1447525,3154000
4492,156,169,111091,3715,1447694,3106500
4493,180,167,110911,3728,1447861,3350700
4494,188,175,110723,3741,1448036,3302900
4495,188,202,110535,3727,1448238,3428500
4496,168,187,110367,3708,1448425,3228200
4497,183,181,110184,3710,1448606,3219700
4498,198,183,109986,3725,1448789,3287800
4499,167,178,109819,3714,1448967,3217100
4500,180,193,109639,3701,1449160,3251400
4501,177,163,109462,3715,1449323,3202300
4502,170,208,109292,3677,1449531,3273400
4503,191,169,109101,3699,1449700,3373300
4504,178,176,108923,3701,1449876,3750600
4505,181,187,108742,3695,1450063,3407300
4506,184,195,108558,3684,1450258,3227600
4507,216,178,108342,3722,1450436,3525500
4508,190,195,108152,3717,1450631,3162900
4509,189,157,107963,3749,1450788,3244100
4510,178,194,107785,3733,1450982,3174400
4511,180,203,107605,3710,1451185,3087800
4512,176,182,107429,3704,1451367,3585600
4513,178,201,107251,3681,1451568,3460300
4514,155,197,107096,3639,1451765,3561000
4515,177,210,106919,3606,1451975,3556300
4516,200,185,106719,3621,1452160,3775600
4517,175,179,106544,3617,1452339,3492800
4518,172,184,106372,3605,1452523,3374500
4519,161,176,106211,3590,1452699,3297000
4520,182,184,106029,3588,1452883,3219600
4521,176,187,105853,3577,1453070,3272400
4522,188,188,105665,3577,1453258,3150800
4523,168,169,105497,3576,1453427,3295400
4524,187,158,105310,3605,1453585,3200800
4525,183,171,105127,3617,1453756,3114500
4526,172,187,104955,3602,1453943,3152400
4527,195,192,104760,3605,1454135,3129900
4528,193,188,104567,3610,1454323,3133500
4529,176,183,104391,3603,1454506,3102700
4530,179,192,104212,3590,1454698,3107600
4531,177,184,104035,3583,1454882,3267100
4532,168,188,103867,3563,1455070,3422600
4533,159,175,103708,3547,1455245,3671600
4534,168,173,103540,3542,1455418,3411200
4535,170,189,103370,3523,1455607,3544100
4536,193,166,103177,3550,1455773,3235200
4537,169,184,103008,3535,1455957,3386200
4538,171,193,102837,3513,1456150,3191900
4539,152,184,102685,3481,1456334,3241600
4540,176,158,102509,3499,1456492,3269100
4541,174,171,102335,3502,1456663,3251300
4542,177,172,102158,3507,1456835,3376500
4543,186,192,101972,3501,1457027,3384400
4544,182,166,101790,3517,1457193,3314200
4545,180,160,101610,3537,1457353,3782200
4546,177,186,101433,3528,1457539,3418500
4547,180,179,101253,3529,1457718,3212000
4548,166,151,101087,3544,1457869,3208000
4549,180,189,100907,3535,1458058,3301500
4550,160,169,100747,3526,1458227,3349600
4551,149,165,100598,3510,1458392,3305500
4552,187,162,100411,3535,1458554,3309300
4553,163,169,100248,3529,1458723,3415100
4554,152,186,100096,3495,1458909,3615900
4555,186,167,99910,3514,1459076,3902200
4556,162,215,99748,3461,1459291,4002900
4557,151,168,99597,3444,1459459,3773000
4558,173,201,99424,3416,1459660,3627100
4559,151,184,99273,3383,1459844,3746300
4560,151,172,99122,3362,1460016,4203300
4561,150,166,98972,3346,1460182,3583000
4562,150,180,98822,3316,1460362,4020400
4563,146,154,98676,3308,1460516,3818000
4564,151,156,98525,3303,1460672,3613000
4565,155,168,98370,3290,1460840,3478100
4566,154,174,98216,3270,1461014,3764800
4567,138,156,98078,3252,1461170,4036900
4568,152,162,97926,3242,1461332,4479000
4569,128,165,97798,3205,1461497,4044500
4570,158,159,97640,3204,1461656,4894100
4571,150,155,97490,3199,1461811,4466300
4572,142,142,97348,3199,1461953,4370300
4573,146,186,97202,3159,1462139,4416500
4574,162,148,97040,3173,1462287,4792700
4575,166,151,96874,3188,1462438,4333600
4576,142,148,96732,3182,1462586,4057500
4577,164,164,96568,3182,1462750,4115600
4578,167,160,96401,3189,1462910,3796900
4579,154,147,96247,3196,1463057,3670700
4580,148,145,96099,3199,1463202,3615300
4581,161,150,95938,3210,1463352,3372100
4582,146,153,95792,3203,1463505,3428700
4583,175,153,95617,3225,1463658,3333900
4584,161,195,95456,3191,1463853,3432700
4585,155,153,95301,3193,1464006,3390900
4586,164,142,95137,3215,1464148,3533100
4587,173,160,94964,3228,1464308,3632100
4588,185,159,94779,3254,1464467,3620000
4589,154,156,94625,3252,1464623,3781200
4590,166,145,94459,3273,1464768,3730600
4591,167,163,94292,3277,1464931,3504300
4592,183,184,94109,3276,1465115,3468300
4593,158,177,93951,3257,1465292,3524800
4594,168,172,93783,3253,1465464,3741800
4595,176,146,93607,3283,1465610,3632800
4596,162,161,93445,3284,1465771,3559700
4597,154,164,93291,3274,1465935,3630300
4598,139,176,93152,3237,1466111,3402300
4599,151,169,93001,3219,1466280,3439800
4600,149,171,92852,3197,1466451,3296900
4601,145,168,92707,3174,1466619,3409400
4602,147,159,92560,3162,1466778,3350500
4603,143,152,92417,3153,1466930,3711500
4604,180,144,92237,3189,1467074,3778000
4605,146,144,92091,3191,1467218,3577600
4606,161,164,91930,3188,1467382,3398300
4607,155,157,91775,3186,1467539,3328500
4608,167,177,91608,3176,1467716,3434400
4609,158,151,91450,3183,1467867,3220300
4610,137,175,91313,3145,1468042,3184900
4611,160,148,91153,3157,1468190,3122200
4612,158,177,90995,3138,1468367,3459700
4613,130,147,90865,3121,1468514,3276800
4614,141,160,90724,3102,1468674,3109400
4615,155,150,90569,3107,1468824,3108900
4616,159,157,90410,3109,1468981,3221700
4617,155,185,90255,3079,1469166,3277200
4618,154,138,90101,3095,1469304,3124900
4619,132,143,89969,3084,1469447,3270500
4620,150,174,89819,3060,1469621,3059300
4621,165,153,89654,3072,1469774,3113300
4622,151,145,89503,3078,1469919,3393100
4623,155,152,89348,3081,1470071,3151400
4624,137,142,89211,3076,1470213,3095300
4625,140,148,89071,3068,1470361,3507500
4626,145,146,88926,3067,1470507,3047300
4627,157,156,88769,3068,1470663,3235100
4628,157,153,88612,3072,1470816,3156900
4629,159,147,88453,3084,1470963,3721800
4630,159,158,88294,3085,1471121,3055200
4631,170,128,88124,3127,1471249,3141500
4632,152,169,87972,3110,1471418,3165100
4633,166,151,87806,3125,1471569,3091300
4634,140,176,87666,3089,1471745,3131700
4635,168,164,87498,3093,1471909,3100400
4636,140,153,87358,3080,1472062,3142200
4637,148,165,87210,3063,1472227,3261300
4638,137,157,87073,3043,1472384,3178800
4639,158,127,86915,3074,1472511,3089500
4640,144,153,86771,3065,1472664,3064100
4641,169,154,86602,3080,1472818,3150400
4642,154,155,86448,3079,1472973,3081600
4643,145,167,86303,3057,1473140,3281700
4644,160,161,86143,3056,1473301,3072000
4645,165,149,85978,3072,1473450,3042100
4646,139,151,85839,3060,1473601,3088000
4647,151,152,85688,3059,1473753,3100200
4648,140,135,85548,3064,1473888,3109000
4649,142,138,85406,3068,1474026,3050800
4650,144,162,85262,3050,1474188,3064100
4651,150,140,85112,3060,1474328,3388000
4652,134,161,84978,3033,1474489,3418400
4653,137,169,84841,3001,1474658,3525400
4654,142,132,84699,3011,1474790,3196300
4655,143,146,84556,3008,1474936,3050700
4656,147,157,84409,2998,1475093,3394700
4657,138,154,84271,2982,1475247,4159100
4658,152,147,84119,2987,1475394,3766000
4659,136,146,83983,2977,1475540,3446100
4660,152,150,83831,2979,1475690,3710600
4661,152,165,83679,2966,1475855,3764700
4662,150,144,83529,2972,1475999,3536400
4663,128,143,83401,2957,1476142,3898600
4664,156,150,83245,2963,1476292,3397200
4665,133,139,83112,2957,1476431,3521100
4666,134,146,82978,2945,1476577,3823200
4667,137,144,82841,2938,1476721,3952200
4668,140,153,82701,2925,1476874,3977400
4669,142,128,82559,2939,1477002,3881400
4670,126,137,82433,2928,1477139,3536500
4671,147,164,82286,2911,1477303,3528900
4672,144,142,82142,2913,1477445,4255600
4673,140,153,82002,2900,1477598,3439000
4674,128,155,81874,2873,1477753,3468600
4675,138,121,81736,2890,1477874,3914400
4676,145,142,81591,2893,1478016,3601400
4677,132,159,81459,2866,1478175,3580100
4678,126,141,81333,2851,1478316,3411000
4679,131,157,81202,2825,1478473,3720400
4680,135,144,81067,2816,1478617,3420300
4681,150,148,80917,2818,1478765,3478500
4682,127,145,80790,2800,1478910,3171200
4683,123,148,80667,2775,1479058,3571900
4684,126,139,80541,2762,1479197,3141400
4685,120,150,80421,2732,1479347,3158000
4686,114,129,80307,2717,1479476,3081300
4687,123,134,80184,2706,1479610,3260900
4688,123,126,80061,2703,1479736,3183600
4689,115,132,79946,2686,1479868,3115100
4690,141,124,79805,2703,1479992,3558000
4691,141,134,79664,2710,1480126,3199200
4692,132,135,79532,2707,1480261,3138100
4693,130,137,79402,2700,1480398,3169600
4694,131,145,79271,2686,1480543,3136200
4695,129,126,79142,2689,1480669,3091400
4696,140,131,79002,2698,1480800,3106400
4697,140,144,78862,2694,1480944,3143600
4698,151,145,78711,2700,1481089,3112200
4699,134,113,78577,2721,1481202,3117800
4700,132,159,78445,2694,1481361,3136500
4701,133,123,78312,2704,1481484,3625500
4702,143,145,78169,2702,1481629,3974300
4703,141,141,78028,2702,1481770,3491100
4704,139,134,77889,2707,1481904,3173400
4705,129,138,77760,2698,1482042,3487400
4706,126,131,77634,2693,1482173,3349200
4707,137,151,77497,2679,1482324,3386100
4708,134,143,77363,2670,1482467,3304500
4709,142,121,77221,2691,1482588,3874700
4710,111,134,77110,2668,1482722,3550300
4711,133,136,76977,2665,1482858,3342600
4712,132,129,76845,2668,1482987,3293800
4713,117,131,76728,2654,1483118,3199700
4714,139,127,76589,2666,1483245,3239300
4715,124,141,76465,2649,1483386,3610600
4716,122,135,76343,2636,1483521,3800200
4717,117,136,76226,2617,1483657,3359400
4718,106,134,76120,2589,1483791,3519900
4719,148,132,75972,2605,1483923,3164200
4720,138,140,75834,2603,1484063,3102400
4721,131,151,75703,2583,1484214,3142000
4722,125,133,75578,2575,1484347,3132000
4723,132,141,75446,2566,1484488,3110600
4724,121,127,75325,2560,1484615,3223700
4725,130,128,75195,2562,1484743,3172500
4726,126,141,75069,2547,1484884,3243900
4727,146,116,74923,2577,1485000,3160300
4728,134,109,74789,2602,1485109,3209000
4729,145,127,74644,2620,1485236,3387100
4730,116,131,74528,2605,1485367,3726000
4731,125,123,74403,2607,1485490,3747000
4732,137,127,74266,2617,1485617,3722000
4733,137,129,74129,2625,1485746,3597000
4734,146,147,73983,2624,1485893,3869600
4735,141,120,73842,2645,1486013,3774900
4736,137,156,73705,2626,1486169,3808500
4737,144,118,73561,2652,1486287,3828700
4738,129,132,73432,2649,1486419,3658400
4739,126,135,73306,2640,1486554,3971500
4740,132,150,73174,2622,1486704,3670700
4741,125,127,73049,2620,1486831,3735900
4742,113,121,72936,2612,1486952,3688800
4743,123,126,72813,2609,1487078,3533500
4744,134,122,72679,2621,1487200,3627400
4745,130,115,72549,2636,1487315,3636500
4746,125,117,72424,2644,1487432,3677800
4747,142,131,72282,2655,1487563,3670900
4748,125,122,72157,2658,1487685,3479000
4749,150,128,72007,2680,1487813,3644300
4750,142,128,71865,2694,1487941,3495400
4751,124,148,71741,2670,1488089,3561600
4752,133,126,71608,2677,1488215,3697000
4753,135,147,71473,2665,1488362,3608400
4754,129,138,71344,2656,1488500,3575800
4755,102,151,71242,2607,1488651,3568400
4756,130,130,71112,2607,1488781,3567800
4757,141,132,70971,2616,1488913,3542800
4758,104,114,70867,2606,1489027,3393700
4759,147,125,70720,2628,1489152,3487900
4760,106,126,70614,2608,1489278,3651200
4761,108,112,70506,2604,1489390,3557700
4762,119,144,70387,2579,1489534,3503400
4763,140,107,70247,2612,1489641,3527800
4764,120,122,70127,2610,1489763,3583200
4765,124,135,70003,2599,1489898,3756700
4766,121,136,69882,2584,1490034,3693000
4767,115,138,69767,2561,1490172,3891200
4768,137,142,69630,2556,1490314,3910600
4769,108,137,69522,2527,1490451,3685700
4770,137,121,69385,2543,1490572,3718900
4771,115,115,69270,2543,1490687,3696200
4772,111,133,69159,2521,1490820,3845800
4773,114,107,69045,2528,1490927,3545300
4774,142,144,68903,2526,1491071,3637200
4775,144,134,68759,2536,1491205,3697200
4776,118,121,68641,2533,1491326,3482800
4777,153,123,68488,2563,1491449,3568600
4778,133,122,68355,2574,1491571,3634000
4779,158,133,68197,2599,1491704,3632200
4780,131,140,68066,2590,1491844,3547600
4781,134,122,67932,2602,1491966,3619700
4782,122,119,67810,2605,1492085,3595400
4783,125,122,67685,2608,1492207,3659300
4784,130,133,67555,2605,1492340,3598900
4785,141,136,67414,2610,1492476,3485000
4786,129,122,67285,2617,1492598,3646500
4787,132,132,67153,2617,1492730,3678600
4788,141,128,67012,2630,1492858,3714400
4789,117,121,66895,2626,1492979,3721300
4790,132,126,66763,2632,1493105,3715400
4791,137,134,66626,2635,1493239,3654700
4792,118,134,66508,2619,1493373,3939100
4793,140,119,66368,2640,1493492,3855000
4794,133,132,66235,2641,1493624,3733100
4795,139,128,66096,2652,1493752,3591100
4796,135,141,65961,2646,1493893,3798400
4797,129,126,65832,2649,1494019,3933500
4798,144,126,65688,2667,1494145,3937700
4799,112,129,65576,2650,1494274,3995900
4800,152,122,65424,2680,1494396,3932300
4801,135,142,65289,2673,1494538,4035700
4802,130,133,65159,2670,1494671,4335700
4803,123,135,65036,2658,1494806,4185900
4804,117,132,64919,2643,1494938,4074900
4805,122,132,64797,2633,1495070,4027000
4806,115,129,64682,2619,1495199,4158800
4807,107,136,64575,2590,1495335,4308100
4808,114,116,64461,2588,1495451,4430000
4809,117,136,64344,2569,1495587,3811100
4810,118,138,64226,2549,1495725,4039700
4811,109,116,64117,2542,1495841,4228500
4812,110,131,64007,2521,1495972,3911700
4813,116,112,63891,2525,1496084,4146000
4814,128,116,63763,2537,1496200,4018800
4815,113,105,63650,2545,1496305,3729900
4816,108,122,63542,2531,1496427,3774000
4817,124,119,63418,2536,1496546,3797100
4818,104,124,63314,2516,1496670,3762000
4819,112,116,63202,2512,1496786,3883500
4820,117,126,63085,2503,1496912,3840500
4821,121,129,62964,2495,1497041,3811000
4822,119,128,62845,2486,1497169,3715600
4823,105,123,62740,2468,1497292,4028400
4824,117,145,62623,2440,1497437,3712100
4825,110,132,62513,2418,1497569,3674600
4826,117,117,62396,2418,1497686,3840200
4827,102,96,62294,2424,1497782,3793200
4828,103,108,62191,2419,1497890,3637900
4829,109,118,62082,2410,1498008,3867100
4830,93,107,61989,2396,1498115,3475700
4831,116,93,61873,2419,1498208,3575200
4832,113,102,61760,2430,1498310,3433300
4833,113,121,61647,2422,1498431,3728200
4834,109,130,61538,2401,1498561,3576200
4835,102,141,61436,2362,1498702,3653200
4836,114,103,61322,2373,1498805,3411200
4837,108,116,61214,2365,1498921,3425400
4838,109,121,61105,2353,1499042,3480600
4839,97,134,61008,2316,1499176,3471800
4840,103,129,60905,2290,1499305,3654300
4841,101,126,60804,2265,1499431,3665700
4842,104,99,60700,2270,1499530,3846700
4843,102,121,60598,2251,1499651,3869500
4844,130,93,60468,2288,1499744,3925300
4845,126,121,60342,2293,1499865,3973600
4846,126,129,60216,2290,1499994,3826000
4847,116,99,60100,2307,1500093,3784500
4848,117,108,59983,2316,1500201,3488100
4849,112,111,59871,2317,1500312,3803800
4850,106,106,59765,2317,1500418,3561500
4851,100,128,59665,2289,1500546,3698100
4852,101,104,59564,2286,1500650,3807700
4853,110,125,59454,2271,1500775,3708600
4854,117,134,59337,2254,1500909,3857500
4855,91,123,59246,2222,1501032,3923400
4856,108,110,59138,2220,1501142,4013400
4857,120,104,59018,2236,1501246,3955900
4858,106,122,58912,2220,1501368,3905900
4859,98,104,58814,2214,1501472,4130900
4860,99,105,58715,2208,1501577,4077800
4861,84,126,58631,2166,1501703,4173000
4862,103,107,58528,2162,1501810,4272000
4863,94,100,58434,2156,1501910,4133200
4864,102,104,58332,2154,1502014,4340700
4865,99,96,58233,2157,1502110,4250100
4866,100,113,58133,2144,1502223,4238700
4867,84,75,58049,2153,1502298,3768400
4868,114,111,57935,2156,1502409,4012400
4869,98,120,57837,2134,1502529,3968200
4870,101,113,57736,2122,1502642,4059500
4871,115,98,57621,2139,1502740,3866100
4872,105,118,57516,2126,1502858,3852100
4873,103,103,57413,2126,1502961,3390500
4874,108,107,57305,2127,1503068,3208300
4875,111,114,57194,2124,1503182,3166600
4876,87,107,57107,2104,1503289,3099200
4877,100,95,57007,2109,1503384,3175500
4878,97,99,56910,2107,1503483,3248300
4879,100,107,56810,2100,1503590,3174400
4880,92,107,56718,2085,1503697,3246800
4881,90,103,56628,2072,1503800,3183600
4882,94,112,56534,2054,1503912,3114000
4883,95,89,56439,2060,1504001,3250400
4884,92,100,56347,2052,1504101,3156900
4885,104,84,56243,2072,1504185,3124400
4886,82,101,56161,2053,1504286,3254800
4887,92,110,56069,2035,1504396,3203300
4888,100,118,55969,2017,1504514,3122800
4889,82,91,55887,2008,1504605,3100600
4890,88,111,55799,1985,1504716,3133500
4891,102,101,55697,1986,1504817,3094800
4892,96,78,55601,2004,1504895,3238300
4893,94,108,55507,1990,1505003,3434500
4894,104,116,55403,1978,1505119,3219200
4895,108,94,55295,1992,1505213,3091900
4896,93,105,55202,1980,1505318,3162900
4897,108,109,55094,1979,1505427,3102700
4898,90,103,55004,1966,1505530,3082500
4899,91,95,54913,1962,1505625,3509600
4900,86,95,54827,1953,1505720,3192400
4901,88,105,54739,1936,1505825,3115300
4902,96,119,54643,1913,1505944,3747700
4903,106,99,54537,1920,1506043,3220600
4904,111,81,54426,1950,1506124,3237600
4905,108,92,54318,1966,1506216,3448900
4906,110,112,54208,1964,1506328,3256100
4907,106,85,54102,1985,1506413,3223900
4908,109,99,53993,1995,1506512,3761400
4909,91,98,53902,1988,1506610,3218400
4910,106,109,53796,1985,1506719,3097500
4911,96,88,53700,1993,1506807,3272400
4912,93,96,53607,1990,1506903,3116900
4913,84,107,53523,1967,1507010,3386600
4914,102,99,53421,1970,1507109,3523200
4915,83,87,53338,1966,1507196,3310100
4916,87,84,53251,1969,1507280,3536800
4917,102,90,53149,1981,1507370,3504300
4918,112,97,53037,1996,1507467,3281000
4919,89,94,52948,1991,1507561,3122100
4920,88,109,52860,1970,1507670,3154900
4921,80,91,52780,1959,1507761,3117300
4922,89,97,52691,1951,1507858,3070600
4923,88,88,52603,1951,1507946,3081500
4924,87,96,52516,1942,1508042,3146200
4925,73,103,52443,1912,1508145,3096000
4926,89,108,52354,1893,1508253,3131200
4927,81,100,52273,1874,1508353,3357700
4928,80,107,52193,1847,1508460,3719600
4929,74,112,52119,1809,1508572,3390800
4930,69,110,52050,1768,1508682,3683500
4931,86,90,51964,1764,1508772,3594100
4932,69,81,51895,1752,1508853,4466900
4933,75,94,51820,1733,1508947,4230600
4934,78,88,51742,1723,1509035,4047600
4935,67,83,51675,1707,1509118,3689500
4936,76,92,51599,1691,1509210,3910800
4937,89,85,51510,1695,1509295,3909800
4938,75,87,51435,1683,1509382,4174200
4939,66,55,51369,1694,1509437,3952800
4940,72,65,51297,1701,1509502,3873900
4941,82,97,51215,1686,1509599,3634600
4942,72,93,51143,1665,1509692,3559800
4943,67,77,51076,1655,1509769,3383900
4944,81,73,50995,1663,1509842,3203400
4945,89,81,50906,1671,1509923,3134400
4946,80,92,50826,1659,1510015,3164900
4947,84,82,50742,1661,1510097,3077900
4948,58,94,50684,1625,1510191,3094300
4949,68,91,50616,1602,1510282,3163300
4950,70,78,50546,1594,1510360,3173400
4951,85,93,50461,1586,1510453,3167900
4952,85,88,50376,1583,1510541,3235500
4953,74,77,50302,1580,1510618,3186100
4954,78,75,50224,1583,1510693,3148700
4955,81,90,50143,1574,1510783,3285300
4956,78,80,50065,1572,1510863,3119400
4957,74,66,49991,1580,1510929,3063000
4958,82,65,49909,1597,1510994,3166800
4959,80,85,49829,1592,1511079,3197400
4960,85,81,49744,1596,1511160,3144400
4961,76,74,49668,1598,1511234,3211500
4962,81,74,49587,1605,1511308,3443700
4963,87,76,49500,1616,1511384,3675500
4964,94,80,49406,1630,1511464,3222500
4965,82,84,49324,1628,1511548,3087800
4966,93,89,49231,1632,1511637,3057200
4967,76,85,49155,1623,1511722,3133400
4968,78,67,49077,1634,1511789,3238100
4969,93,79,48984,1648,1511868,3082600
4970,77,86,48907,1639,1511954,3148200
4971,88,83,48819,1644,1512037,3120100
4972,83,93,48736,1634,1512130,3165000
4973,83,76,48653,1641,1512206,3234900
4974,79,82,48574,1638,1512288,3359600
4975,84,74,48490,1648,1512362,3359900
4976,82,68,48408,1662,1512430,3816500
4977,99,78,48309,1683,1512508,3421000
4978,80,91,48229,1672,1512599,3501000
4979,76,91,48153,1657,1512690,3915300
4980,79,96,48074,1640,1512786,3290100
4981,83,93,47991,1630,1512879,3785400
4982,75,91,47916,1614,1512970,3327800
4983,79,78,47837,1615,1513048,3457500
4984,87,82,47750,1620,1513130,3348200
4985,78,91,47672,1607,1513221,3318400
4986,81,88,47591,1600,1513309,3207000
4987,91,74,47500,1617,1513383,3237300
4988,64,88,47436,1593,1513471,3165300
4989,69,88,47367,1574,1513559,3139300
4990,88,87,47279,1575,1513646,3367300
4991,79,93,47200,1561,1513739,3176400
4992,83,81,47117,1563,1513820,3178800
4993,78,82,47039,1559,1513902,3311500
4994,77,74,46962,1562,1513976,3199700
4995,66,92,46896,1536,1514068,3077800
4996,88,73,46808,1551,1514141,3087800
4997,78,75,46730,1554,1514216,3145500
4998,70,88,46660,1536,1514304,3197200
4999,81,88,46579,1529,1514392,3091300
5000,86,83,46493,1532,1514475,3174200
5001,75,81,46418,1526,1514556,3087400
5002,86,67,46332,1545,1514623,3590000
5003,79,98,46253,1526,1514721,3300900
5004,68,63,46185,1531,1514784,3136000
5005,88,78,46097,1541,1514862,3096600
5006,74,77,46023,1538,1514939,3320500
5007,70,81,45953,1527,1515020,3130700
5008,80,74,45873,1533,1515094,3298100
5009,80,74,45793,1539,1515168,3339200
5010,83,67,45710,1555,1515235,3533200
5011,84,74,45626,1565,1515309,3267100
5012,74,74,45552,1565,1515383,3181000
5013,67,88,45485,1544,1515471,3133900
5014,94,88,45391,1550,1515559,3547000
5015,75,91,45316,1534,1515650,3641200
5016,75,82,45241,1527,1515732,3842500
5017,80,72,45161,1535,1515804,3750900
5018,73,54,45088,1554,1515858,3713600
5019,93,78,44995,1569,1515936,3754800
5020,79,81,44916,1567,1516017,3691100
5021,84,74,44832,1577,1516091,3999700
5022,84,57,44748,1604,1516148,3304600
5023,64,56,44684,1612,1516204,3351900
5024,76,91,44608,1597,1516295,3161500
5025,68,74,44540,1591,1516369,3221500
5026,89,90,44451,1590,1516459,3478700
5027,86,90,44365,1586,1516549,3104800
5028,77,84,44288,1579,1516633,3060600
5029,95,73,44193,1601,1516706,3418800
5030,78,84,44115,1595,1516790,3229100
5031,85,72,44030,1608,1516862,3210600
5032,85,80,43945,1613,1516942,3257600
5033,74,74,43871,1613,1517016,3119500
5034,80,93,43791,1600,1517109,3106800
5035,76,82,43715,1594,1517191,3298800
5036,85,96,43630,1583,1517287,3218800
5037,81,66,43549,1598,1517353,3075200
5038,74,78,43475,1594,1517431,3267900
5039,88,69,43387,1613,1517500,3153500
5040,74,58,43313,1629,1517558,3224600
5041,90,83,43223,1636,1517641,3346800
5042,72,83,43151,1625,1517724,3143200
5043,58,92,43093,1591,1517816,3046700
5044,68,89,43025,1570,1517905,3177500
5045,85,77,42940,1578,1517982,3258900
5046,82,91,42858,1569,1518073,3214200
5047,69,75,42789,1563,1518148,3209700
5048,70,80,42719,1553,1518228,3296700
5049,77,76,42642,1554,1518304,3225800
5050,70,88,42572,1536,1518392,3161600
5051,64,88,42508,1512,1518480,3157000
5052,62,75,42446,1499,1518555,3262400
5053,65,75,42381,1489,1518630,3186400
5054,62,70,42319,1481,1518700,3172500
5055,58,74,42261,1465,1518774,3169700
5056,74,66,42187,1473,1518840,3133900
5057,50,87,42137,1436,1518927,3731600
5058,61,83,42076,1414,1519010,4918100
5059,64,80,42012,1398,1519090,4685400
5060,74,72,41938,1400,1519162,4637100
5061,66,76,41872,1390,1519238,4775400
5062,48,78,41824,1360,1519316,4614000
5063,72,74,41752,1358,1519390,4754700
5064,60,79,41692,1339,1519469,4493700
5065,58,71,41634,1326,1519540,3912900
5066,61,71,41573,1316,1519611,3780500
5067,66,69,41507,1313,1519680,3697900
5068,75,72,41432,1316,1519752,4273700
5069,61,65,41371,1312,1519817,4375600
5070,51,68,41320,1295,1519885,5425900
5071,53,65,41267,1283,1519950,3782700
5072,62,74,41205,1271,1520024,4062300
5073,61,60,41144,1272,1520084,3910100
5074,69,67,41075,1274,1520151,3678100
5075,50,61,41025,1263,1520212,3599100
5076,54,65,40971,1252,1520277,3732900
5077,61,52,40910,1261,1520329,3469200
5078,60,65,40850,1256,1520394,3700800
5079,63,67,40787,1252,1520461,3520900
5080,64,68,40723,1248,1520529,3808800
5081,49,49,40674,1248,1520578,3897700
5082,54,69,40620,1233,1520647,4505100
5083,55,58,40565,1230,1520705,3914200
5084,60,55,40505,1235,1520760,4138400
5085,54,59,40451,1230,1520819,4074400
5086,51,74,40400,1207,1520893,3783400
5087,64,58,40336,1213,1520951,3827700
5088,55,70,40281,1198,1521021,3594100
5089,68,50,40213,1216,1521071,3568900
5090,47,59,40166,1204,1521130,3980600
5091,53,55,40113,1202,1521185,3251700
5092,55,66,40058,1191,1521251,3292100
5093,68,66,39990,1193,1521317,3214700
5094,62,58,39928,1197,1521375,3194900
5095,54,51,39874,1200,1521426,3370700
5096,59,63,39815,1196,1521489,3526900
5097,47,60,39768,1183,1521549,3598400
5098,70,61,39698,1192,1521610,3358400
5099,54,61,39644,1185,1521671,3683700
5100,48,73,39596,1160,1521744,3334000
5101,65,64,39531,1161,1521808,3226800
5102,65,54,39466,1172,1521862,3489500
5103,62,53,39404,1181,1521915,3350600
5104,63,57,39341,1187,1521972,3650700
5105,66,41,39275,1212,1522013,3246700
5106,58,61,39217,1209,1522074,3756900
5107,62,66,39155,1205,1522140,3438300
5108,59,51,39096,1213,1522191,3752900
5109,78,52,39018,1239,1522243,3298600
5110,67,56,38951,1250,1522299,3436200
5111,73,67,38878,1256,1522366,3583800
5112,60,59,38818,1257,1522425,3230300
5113,65,69,38753,1253,1522494,3198400
5114,71,63,38682,1261,1522557,3674100
5115,81,62,38601,1280,1522619,3260500
5116,61,58,38540,1283,1522677,3196000
5117,61,80,38479,1264,1522757,3410000
5118,64,56,38415,1272,1522813,3270700
5119,67,59,38348,1280,1522872,3656300
5120,59,69,38289,1270,1522941,3287300
5121,69,63,38220,1276,1523004,3213400
5122,53,75,38167,1254,1523079,3612500
5123,54,69,38113,1239,1523148,3851600
5124,60,69,38053,1230,1523217,3994500
5125,68,61,37985,1237,1523278,4009900
5126,62,59,37923,1240,1523337,3787700
5127,46,69,37877,1217,1523406,3615300
5128,57,68,37820,1206,1523474,3566300
5129,53,56,37767,1203,1523530,3287700
5130,53,62,37714,1194,1523592,3184600
5131,46,47,37668,1193,1523639,3219600
5132,63,77,37605,1179,1523716,3108000
5133,47,62,37558,1164,1523778,3141500
5134,66,58,37492,1172,1523836,3455900
5135,46,52,37446,1166,1523888,3511500
5136,58,61,37388,1163,1523949,3378200
5137,61,45,37327,1179,1523994,3590600
5138,34,64,37293,1149,1524058,3270100
5139,54,44,37239,1159,1524102,3409300
5140,44,57,37195,1146,1524159,3245200
5141,54,63,37141,1137,1524222,3166900
5142,61,62,37080,1136,1524284,3688500
5143,67,53,37013,1150,1524337,3702800
5144,44,48,36969,1146,1524385,6217700
5145,51,61,36918,1136,1524446,5510700
5146,48,45,36870,1139,1524491,11404900
5147,38,53,36832,1124,1524544,4175400
5148,50,45,36782,1129,1524589,4096700
5149,49,54,36733,1124,1524643,4006400
5150,47,57,36686,1114,1524700,4830500
5151,49,67,36637,1096,1524767,4278600
5152,37,59,36600,1074,1524826,7229900
5153,49,56,36551,1067,1524882,4760500
5154,53,45,36498,1075,1524927,4496200
5155,51,48,36447,1078,1524975,3461200
5156,55,55,36392,1078,1525030,3706000
5157,41,46,36351,1073,1525076,3282500
5158,52,47,36299,1078,1525123,3450500
5159,39,49,36260,1068,1525172,3265200
5160,65,55,36195,1078,1525227,3624500
5161,46,51,36149,1073,1525278,3644700
5162,51,57,36098,1067,1525335,3758600
5163,60,55,36038,1072,1525390,3343600
5164,70,59,35968,1083,1525449,3568200
5165,48,58,35920,1073,1525507,3375100
5166,59,55,35861,1077,1525562,3252100
5167,48,39,35813,1086,1525601,3115400
5168,60,67,35753,1079,1525668,3464500
5169,63,57,35690,1085,1525725,3913000
5170,56,47,35634,1094,1525772,4180600
5171,39,41,35595,1092,1525813,3947200
5172,67,42,35528,1117,1525855,4195400
5173,59,53,35469,1123,1525908,3471100
5174,42,60,35427,1105,1525968,3570600
5175,48,50,35379,1103,1526018,3370600
5176,51,40,35328,1114,1526058,3150400
5177,64,57,35264,1121,1526115,3059300
5178,70,51,35194,1140,1526166,3209800
5179,68,60,35126,1148,1526226,3093100
5180,40,46,35086,1142,1526272,3065000
5181,37,73,35049,1106,1526345,3208400
5182,48,62,35001,1092,1526407,3080600
5183,52,47,34949,1097,1526454,3111800
5184,47,51,34902,1093,1526505,3723800
5185,49,55,34853,1087,1526560,3557100
5186,43,44,34810,1086,1526604,3480800
5187,43,54,34767,1075,1526658,3969300
5188,64,48,34703,1091,1526706,3587500
5189,52,53,34651,1090,1526759,3761500
5190,52,49,34599,1093,1526808,3789000
5191,75,69,34524,1099,1526877,3504200
5192,39,54,34485,1084,1526931,3296400
5193,57,51,34428,1090,1526982,3135300
5194,40,54,34388,1076,1527036,3089300
5195,46,54,34342,1068,1527090,3091500
5196,41,48,34301,1061,1527138,3089800
5197,42,56,34259,1047,1527194,3120500
5198,43,51,34216,1039,1527245,3072200
5199,51,57,34165,1033,1527302,3128000
5200,45,58,34120,1020,1527360,3209900
5201,38,52,34082,1006,1527412,3370500
5202,50,58,34032,998,1527470,3083300
5203,39,43,33993,994,1527513,3081000
5204,48,45,33945,997,1527558,3129000
5205,58,64,33887,991,1527622,3098400
5206,43,53,33844,981,1527675,3023100
5207,44,53,33800,972,1527728,3245900
5208,56,60,33744,968,1527788,3505700
5209,54,40,33690,982,1527828,3672700
5210,49,38,33641,993,1527866,3859800
5211,51,46,33590,998,1527912,3727900
5212,61,38,33529,1021,1527950,3765000
5213,53,52,33476,1022,1528002,3398700
5214,40,54,33436,1008,1528056,3237300
5215,40,43,33396,1005,1528099,3145400
5216,59,67,33337,997,1528166,3145900
5217,52,42,33285,1007,1528208,3351800
5218,48,58,33237,997,1528266,3109300
5219,60,54,33177,1003,1528320,3105400
5220,36,38,33141,1001,1528358,3066200
5221,44,37,33097,1008,1528395,3034300
5222,65,44,33032,1029,1528439,3139800
5223,34,57,32998,1006,1528496,3088500
5224,46,39,32952,1013,1528535,3049700
5225,45,44,32907,1014,1528579,3320400
5226,47,55,32860,1006,1528634,3089200
5227,40,55,32820,991,1528689,3060100
5228,49,43,32771,997,1528732,3460400
5229,59,43,32712,1013,1528775,3157900
5230,41,51,32671,1003,1528826,3410300
5231,34,62,32637,975,1528888,3511100
5232,61,52,32576,984,1528940,3417600
5233,59,56,32517,987,1528996,3769100
5234,51,45,32466,993,1529041,3486800
5235,50,46,32416,997,1529087,3305700
5236,45,50,32371,992,1529137,3262300
5237,49,52,32322,989,1529189,3509200
5238,45,52,32277,982,1529241,4398600
5239,44,50,32233,976,1529291,3319700
5240,46,59,32187,963,1529350,3239100
5241,37,67,32150,933,1529417,3227400
5242,48,44,32102,937,1529461,3718700
5243,51,56,32051,932,1529517,3528600
5244,55,49,31996,938,1529566,3527700
5245,39,38,31957,939,1529604,3506400
5246,42,42,31915,939,1529646,3505300
5247,49,51,31866,937,1529697,3755200
5248,45,50,31821,932,1529747,3624500
5249,39,50,31782,921,1529797,4016400
5250,38,46,31744,913,1529843,3981700
5251,50,44,31694,919,1529887,3927500
5252,49,45,31645,923,1529932,3949800
5253,37,42,31608,918,1529974,3865500
5254,58,45,31550,931,1530019,3778300
5255,38,44,31512,925,1530063,3739000
5256,35,35,31477,925,1530098,3963200
5257,52,55,31425,922,1530153,4275000
5258,32,36,31393,918,1530189,4128100
5259,46,50,31347,914,1530239,3762200
5260,31,47,31316,898,1530286,3938300
5261,46,38,31270,906,1530324,3806100
5262,38,35,31232,909,1530359,3736900
5263,39,57,31193,891,1530416,3542400
5264,44,36,31149,899,1530452,4165700
5265,43,34,31106,908,1530486,3781300
5266,42,43,31064,907,1530529,3704900
5267,50,54,31014,903,1530583,3815600
5268,36,41,30978,898,1530624,3611200
5269,42,41,30936,899,1530665,3705500
5270,38,31,30898,906,1530696,4080100
5271,45,50,30853,901,1530746,3515600
5272,37,45,30816,893,1530791,3673200
5273,48,51,30768,890,1530842,3870100
5274,43,44,30725,889,1530886,3593000
5275,45,39,30680,895,1530925,3410300
5276,53,42,30627,906,1530967,3349100
5277,38,48,30589,896,1531015,3699200
5278,42,36,30547,902,1531051,3615600
5279,43,54,30504,891,1531105,3720800
5280,49,43,30455,897,1531148,3531900
5281,52,33,30403,916,1531181,3431000
5282,42,38,30361,920,1531219,4122100
5283,35,48,30326,907,1531267,3462300
5284,47,36,30279,918,1531303,3836700
5285,57,43,30222,932,1531346,3538600
5286,41,52,30181,921,1531398,3720600
5287,35,40,30146,916,1531438,4392700
5288,39,53,30107,902,1531491,3626000
5289,34,55,30073,881,1531546,3459300
5290,43,47,30030,877,1531593,3355900
5291,40,51,29990,866,1531644,3734700
5292,44,38,29946,872,1531682,3680000
5293,43,40,29903,875,1531722,3402600
5294,39,41,29864,873,1531763,3255500
5295,43,40,29821,876,1531803,4042000
5296,46,47,29775,875,1531850,3488900
5297,40,48,29735,867,1531898,3382600
5298,40,48,29695,859,1531946,3452800
5299,52,38,29643,873,1531984,3342400
5300,34,41,29609,866,1532025,3311700
5301,32,36,29577,862,1532061,3255900
5302,32,37,29545,857,1532098,3325000
5303,36,40,29509,853,1532138,3500600
5304,35,46,29474,842,1532184,3376800
5305,37,46,29437,833,1532230,3257200
5306,45,38,29392,840,1532268,3409300
5307,42,48,29350,834,1532316,3244600
5308,30,37,29320,827,1532353,3342400
5309,31,35,29289,823,1532388,3221600
5310,43,51,29246,815,1532439,3192800
5311,34,34,29212,815,1532473,3179700
5312,40,35,29172,820,1532508,3284900
5313,42,48,29130,814,1532556,3206500
5314,33,43,29097,804,1532599,3309200
5315,40,44,29057,800,1532643,3217900
5316,39,38,29018,801,1532681,3182800
5317,29,42,28989,788,1532723,3314500
5318,33,39,28956,782,1532762,3217700
5319,42,49,28914,775,1532811,3207000
5320,36,31,28878,780,1532842,3412900
5321,33,26,28845,787,1532868,3246300
5322,37,35,28808,789,1532903,3457800
5323,25,45,28783,769,1532948,3412700
5324,43,33,28740,779,1532981,3569500
5325,39,40,28701,778,1533021,3693400
5326,17,40,28684,755,1533061,3669800
5327,36,44,28648,747,1533105,4130300
5328,27,36,28621,738,1533141,3913100
5329,32,41,28589,729,1533182,3486100
5330,26,40,28563,715,1533222,3403500
5331,25,31,28538,709,1533253,3441400
5332,38,32,28500,715,1533285,3293000
5333,31,28,28469,718,1533313,3373900
5334,28,39,28441,707,1533352,3303500
5335,31,36,28410,702,1533388,3534900
5336,33,34,28377,701,1533422,3535900
5337,32,44,28345,689,1533466,3607200
5338,38,33,28307,694,1533499,4317400
5339,34,28,28273,700,1533527,3486900
5340,28,37,28245,691,1533564,3368500
5341,32,34,28213,689,1533598,3464900
5342,27,34,28186,682,1533632,3377700
5343,18,44,28168,656,1533676,3379900
5344,25,31,28143,650,1533707,3271500
5345,26,38,28117,638,1533745,3264100
5346,28,30,28089,636,1533775,3386500
5347,29,25,28060,640,1533800,3329700
5348,28,35,28032,633,1533835,3226000
5349,39,35,27993,637,1533870,3361700
5350,26,35,27967,628,1533905,3321600
5351,22,42,27945,608,1533947,3198200
5352,26,37,27919,597,1533984,3370600
5353,28,26,27891,599,1534010,3276800
5354,26,30,27865,595,1534040,3457900
5355,26,29,27839,592,1534069,3745300
5356,36,25,27803,603,1534094,3446500
5357,32,29,27771,606,1534123,3220300
5358,34,25,27737,615,1534148,3376300
5359,22,19,27715,618,1534167,3215200
5360,25,36,27690,607,1534203,3291300
5361,33,38,27657,602,1534241,3218500
5362,25,33,27632,594,1534274,3205800
5363,34,34,27598,594,1534308,3439400
5364,37,24,27561,607,1534332,3534900
5365,27,41,27534,593,1534373,3261700
5366,28,27,27506,594,1534400,3450300
5367,23,27,27483,590,1534427,3203200
5368,32,34,27451,588,1534461,3169300
5369,24,32,27427,580,1534493,3189200
5370,21,31,27406,570,1534524,3208300
5371,25,25,27381,570,1534549,3160500
5372,27,38,27354,559,1534587,3292500
5373,16,28,27338,547,1534615,3203500
5374,17,21,27321,543,1534636,3349100
5375,18,30,27303,531,1534666,3263300
5376,27,30,27276,528,1534696,3229300
5377,20,24,27256,524,1534720,3350700
5378,21,22,27235,523,1534742,3305900
5379,18,31,27217,510,1534773,3620000
5380,20,28,27197,502,1534801,3428500
5381,19,25,27178,496,1534826,3271400
5382,27,18,27151,505,1534844,3184200
5383,22,22,27129,505,1534866,3254200
5384,23,35,27106,493,1534901,3255500
5385,18,13,27088,498,1534914,3178500
5386,14,23,27074,489,1534937,3485600
5387,23,16,27051,496,1534953,3201700
5388,16,21,27035,491,1534974,3190300
5389,18,30,27017,479,1535004,3364600
5390,26,32,26991,473,1535036,3257000
5391,17,20,26974,470,1535056,3301900
5392,15,18,26959,467,1535074,3575300
5393,24,17,26935,474,1535091,3597500
5394,20,21,26915,473,1535112,3609800
5395,25,24,26890,474,1535136,3523800
5396,20,21,26870,473,1535157,3565100
5397,16,34,26854,455,1535191,3488000
5398,13,27,26841,441,1535218,3351500
5399,18,25,26823,434,1535243,3316700
5400,20,21,26803,433,1535264,3381100
5401,20,17,26783,436,1535281,3267100
5402,18,22,26765,432,1535303,3269200
5403,17,30,26748,419,1535333,3319300
5404,18,13,26730,424,1535346,3227100
5405,19,19,26711,424,1535365,3325900
5406,15,24,26696,415,1535389,3299300
5407,19,13,26677,421,1535402,3582300
5408,20,16,26657,425,1535418,3925400
5409,15,20,26642,420,1535438,4620200
5410,16,21,26626,415,1535459,4005400
5411,19,17,26607,417,1535476,3617300
5412,23,23,26584,417,1535499,3562600
5413,12,24,26572,405,1535523,3507900
5414,16,21,26556,400,1535544,3500800
5415,20,16,26536,404,1535560,3639300
5416,22,22,26514,404,1535582,3901400
5417,18,20,26496,402,1535602,3749700
5418,19,23,26477,398,1535625,4178800
5419,21,16,26456,403,1535641,3759500
5420,16,16,26440,403,1535657,3873500
5421,21,25,26419,399,1535682,4169800
5422,19,14,26400,404,1535696,3625600
5423,22,20,26378,406,1535716,3648400
5424,16,20,26362,402,1535736,3989400
5425,19,25,26343,396,1535761,4092000
5426,23,24,26320,395,1535785,3489200
5427,16,19,26304,392,1535804,3396600
5428,20,16,26284,396,1535820,3479700
5429,20,20,26264,396,1535840,3303200
5430,19,15,26245,400,1535855,3302300
5431,16,29,26229,387,1535884,3468500
5432,25,26,26204,386,1535910,3304500
5433,13,10,26191,389,1535920,3725400
5434,21,11,26170,399,1535931,3203600
5435,22,21,26148,400,1535952,3120000
5436,14,18,26134,396,1535970,3448700
5437,16,14,26118,398,1535984,3346800
5438,16,21,26102,393,1536005,3253000
5439,18,19,26084,392,1536024,3291200
5440,23,15,26061,400,1536039,3146300
5441,16,17,26045,399,1536056,3099800
5442,24,21,26021,402,1536077,3652100
5443,19,20,26002,401,1536097,3529900
5444,15,18,25987,398,1536115,3654400
5445,20,30,25967,388,1536145,3615400
5446,12,18,25955,382,1536163,3616300
5447,18,27,25937,373,1536190,3315900
5448,18,16,25919,375,1536206,3253400
5449,17,16,25902,376,1536222,3481700
5450,13,16,25889,373,1536238,3283100
5451,20,24,25869,369,1536262,3187800
5452,12,22,25857,359,1536284,3995100
5453,18,26,25839,351,1536310,3365900
5454,18,16,25821,353,1536326,3171700
5455,18,10,25803,361,1536336,3298000
5456,17,21,25786,357,1536357,3224500
5457,16,24,25770,349,1536381,3689500
5458,22,19,25748,352,1536400,3431600
5459,20,14,25728,358,1536414,3143900
5460,18,16,25710,360,1536430,3139200
5461,13,17,25697,356,1536447,3731000
5462,13,16,25684,353,1536463,3758200
5463,16,17,25668,352,1536480,3289300
5464,14,15,25654,351,1536495,3274700
5465,21,13,25633,359,1536508,3166300
5466,19,16,25614,362,1536524,3297000
5467,18,14,25596,366,1536538,3328200
5468,20,17,25576,369,1536555,3273100
5469,18,20,25558,367,1536575,3535200
5470,21,12,25537,376,1536587,3233400
5471,20,19,25517,377,1536606,3218100
5472,11,17,25506,371,1536623,3782300
5473,21,13,25485,379,1536636,3288800
5474,17,17,25468,379,1536653,3133400
5475,18,24,25450,373,1536677,3858600
5476,17,19,25433,371,1536696,3557100
5477,18,15,25415,374,1536711,3637500
5478,17,16,25398,375,1536727,4325500
5479,13,14,25385,374,1536741,4455600
5480,16,19,25369,371,1536760,3654000
5481,21,21,25348,371,1536781,5489800
5482,16,19,25332,368,1536800,3828200
5483,21,17,25311,372,1536817,3686400
5484,13,20,25298,365,1536837,4003200
5485,19,13,25279,371,1536850,3623700
5486,20,17,25259,374,1536867,4008100
5487,17,11,25242,380,1536878,3925500
5488,21,16,25221,385,1536894,25886000
5489,22,21,25199,386,1536915,4424200
5490,14,22,25185,378,1536937,4073400
5491,14,22,25171,370,1536959,4025100
5492,20,19,25151,371,1536978,4626700
5493,19,24,25132,366,1537002,16852400
5494,14,16,25118,364,1537018,10302800
5495,17,14,25101,367,1537032,5030600
5496,19,20,25082,366,1537052,3938400
5497,18,17,25064,367,1537069,3653500
5498,27,23,25037,371,1537092,4842200
5499,18,19,25019,370,1537111,4746300
5500,21,23,24998,368,1537134,4043900
5501,9,17,24989,360,1537151,3925900
5502,20,18,24969,362,1537169,3844500
5503,20,21,24949,361,1537190,3760500
5504,20,13,24929,368,1537203,3634400
5505,24,23,24905,369,1537226,3501800
5506,22,16,24883,375,1537242,3485200
5507,17,15,24866,377,1537257,3446600
5508,21,13,24845,385,1537270,3733500
5509,11,19,24834,377,1537289,3723900
5510,19,10,24815,386,1537299,3498600
5511,12,20,24803,378,1537319,3502500
5512,18,26,24785,370,1537345,3387700
5513,10,16,24775,364,1537361,3681200
5514,17,17,24758,364,1537378,3643100
5515,19,12,24739,371,1537390,3454300
5516,9,15,24730,365,1537405,3362200
5517,13,8,24717,370,1537413,3375200
5518,13,19,24704,364,1537432,3564000
5519,18,16,24686,366,1537448,3696400
5520,9,21,24677,354,1537469,4199700
5521,11,14,24666,351,1537483,3349900
5522,13,18,24653,346,1537501,12658300
5523,17,17,24636,346,1537518,6026800
5524,12,12,24624,346,1537530,4996900
5525,14,19,24610,341,1537549,4059600
5526,9,14,24601,336,1537563,5673800
5527,20,13,24581,343,1537576,4415000
5528,13,20,24568,336,1537596,4728600
5529,16,18,24552,334,1537614,4378000
5530,12,18,24540,328,1537632,7232100
5531,9,13,24531,324,1537645,5373900
5532,10,10,24521,324,1537655,5358300
5533,10,18,24511,316,1537673,4433100
5534,11,20,24500,307,1537693,4314000
5535,13,21,24487,299,1537714,3894700
5536,4,18,24483,285,1537732,4005800
5537,13,13,24470,285,1537745,4900100
5538,9,20,24461,274,1537765,4381600
5539,13,15,24448,272,1537780,5513200
5540,10,13,24438,269,1537793,4788900
5541,10,8,24428,271,1537801,4795100
5542,5,12,24423,264,1537813,4166800
5543,6,8,24417,262,1537821,4478000
5544,13,12,24404,263,1537833,3777900
5545,11,13,24393,261,1537846,3756600
5546,9,12,24384,258,1537858,3690100
5547,10,10,24374,258,1537868,3732500
5548,7,13,24367,252,1537881,3830900
5549,10,20,24357,242,1537901,3673900
5550,6,15,24351,233,1537916,3823000
5551,11,12,24340,232,1537928,4144800
5552,5,11,24335,226,1537939,13410200
5553,11,8,24324,229,1537947,7565000
5554,6,12,24318,223,1537959,3920400
5555,5,10,24313,218,1537969,3723800
5556,10,8,24303,220,1537977,4088500
5557,7,11,24296,216,1537988,4141200
5558,4,7,24292,213,1537995,3632800
5559,8,9,24284,212,1538004,3852900
5560,12,6,24272,218,1538010,3739800
5561,6,15,24266,209,1538025,16901900
5562,6,11,24260,204,1538036,3852000
5563,7,9,24253,202,1538045,3349400
5564,14,8,24239,208,1538053,3822200
5565,9,8,24230,209,1538061,3638900
5566,11,13,24219,207,1538074,3679300
5567,6,7,24213,206,1538081,3572200
5568,10,11,24203,205,1538092,3350400
5569,7,10,24196,202,1538102,3449500
5570,9,10,24187,201,1538112,3495900
5571,6,9,24181,198,1538121,3174100
5572,7,7,24174,198,1538128,3511200
5573,9,14,24165,193,1538142,3392600
5574,5,9,24160,189,1538151,3682500
5575,3,9,24157,183,1538160,3494100
5576,5,9,24152,179,1538169,3233000
5577,10,10,24142,179,1538179,3169200
5578,8,8,24134,179,1538187,3546800
5579,7,5,24127,181,1538192,3217300
5580,9,13,24118,177,1538205,3529700
5581,6,11,24112,172,1538216,3192000
5582,4,8,24108,168,1538224,3319500
5583,3,9,24105,162,1538233,3435100
5584,5,13,24100,154,1538246,3310200
5585,3,12,24097,145,1538258,3397600
5586,6,7,24091,144,1538265,3396000
5587,5,8,24086,141,1538273,3249300
5588,7,7,24079,141,1538280,3235600
5589,5,8,24074,138,1538288,3153800
5590,6,7,24068,137,1538295,3240600
5591,3,8,24065,132,1538303,3194100
5592,8,10,24057,130,1538313,3185300
5593,6,3,24051,133,1538316,3063600
5594,6,5,24045,134,1538321,3096900
5595,6,6,24039,134,1538327,3149000
5596,2,8,24037,128,1538335,3050000
5597,4,10,24033,122,1538345,3325300
5598,4,3,24029,123,1538348,3547400
5599,7,9,24022,121,1538357,3622700
5600,7,11,24015,117,1538368,3420100
5601,4,6,24011,115,1538374,3402300
5602,11,7,24000,119,1538381,4073700
5603,11,4,23989,126,1538385,4170100
5604,6,5,23983,127,1538390,3594200
5605,5,6,23978,126,1538396,3327400
5606,8,4,23970,130,1538400,3463100
5607,4,7,23966,127,1538407,3553700
5608,9,9,23957,127,1538416,3397500
5609,3,10,23954,120,1538426,3640300
5610,6,4,23948,122,1538430,3570300
5611,3,9,23945,116,1538439,3549600
5612,7,4,23938,119,1538443,3589600
5613,7,4,23931,122,1538447,3836500
5614,5,5,23926,122,1538452,3480500
5615,5,11,23921,116,1538463,3447000
5616,7,6,23914,117,1538469,3497300
5617,5,5,23909,117,1538474,3574300
5618,7,2,23902,122,1538476,3383700
5619,5,4,23897,123,1538480,3461400
5620,7,7,23890,123,1538487,3454200
5621,5,7,23885,121,1538494,3609900
5622,6,7,23879,120,1538501,3590500
5623,6,4,23873,122,1538505,3287100
5624,4,8,23869,118,1538513,3460900
5625,7,5,23862,120,1538518,3330300
5626,6,9,23856,117,1538527,3447000
5627,4,3,23852,118,1538530,3175500
5628,5,4,23847,119,1538534,3677100
5629,4,5,23843,118,1538539,3751300
5630,6,3,23837,121,1538542,3525100
5631,2,8,23835,115,1538550,3360200
5632,5,5,23830,115,1538555,3096900
5633,4,5,23826,114,1538560,3350500
5634,4,4,23822,114,1538564,3117600
5635,6,4,23816,116,1538568,3110900
5636,2,11,23814,107,1538579,3714400
5637,5,2,23809,110,1538581,3437500
5638,3,7,23806,106,1538588,3550800
5639,3,4,23803,105,1538592,3483500
5640,3,3,23800,105,1538595,3524800
5641,4,4,23796,105,1538599,3525600
5642,3,6,23793,102,1538605,3235700
5643,1,3,23792,100,1538608,3328600
5644,2,4,23790,98,1538612,3095900
5645,1,4,23789,95,1538616,3363600
5646,0,5,23789,90,1538621,3296700
5647,1,5,23788,86,1538626,3764900
5648,0,1,23788,85,1538627,3366500
5649,1,4,23787,82,1538631,3245700
5650,0,4,23787,78,1538635,3421600
5651,2,5,23785,75,1538640,3417500
5652,2,4,23783,73,1538644,3222400
5653,0,5,23783,68,1538649,3178300
5654,1,5,23782,64,1538654,3452800
5655,1,5,23781,60,1538659,3383100
5656,1,3,23780,58,1538662,3220100
5657,1,2,23779,57,1538664,3261300
5658,2,2,23777,57,1538666,3412200
5659,1,4,23776,54,1538670,3406800
5660,0,3,23776,51,1538673,3223200
5661,0,2,23776,49,1538675,3277800
5662,0,2,23776,47,1538677,3382600
5663,2,2,23774,47,1538679,3229100
5664,1,2,23773,46,1538681,3155400
5665,0,5,23773,41,1538686,3389000
5666,0,2,23773,39,1538688,3237200
5667,0,2,23773,37,1538690,3201700
5668,0,3,23773,34,1538693,3270100
5669,0,2,23773,32,1538695,3275300
5670,0,1,23773,31,1538696,3452200
5671,0,2,23773,29,1538698,3264300
5672,0,1,23773,28,1538699,3288200
5673,1,3,23772,26,1538702,3731600
5674,0,1,23772,25,1538703,4101200
5675,0,2,23772,23,1538705,3656900
5676,0,1,23772,22,1538706,3440600
5677,0,0,23772,22,1538706,4019600
5678,0,1,23772,21,1538707,3601600
5679,0,0,23772,21,1538707,3718300
5680,1,1,23771,21,1538708,3850000
5681,0,0,23771,21,1538708,3539400
5682,0,2,23771,19,1538710,3363800
5683,0,0,23771,19,1538710,3579600
5684,0,0,23771,19,1538710,3668800
5685,0,1,23771,18,1538711,3364600
5686,0,2,23771,16,1538713,3486700
5687,0,0,23771,16,1538713,3572500
5688,0,0,23771,16,1538713,3399700
5689,0,0,23771,16,1538713,3342500
5690,0,0,23771,16,1538713,3415800
5691,0,0,23771,16,1538713,3399000
5692,0,4,23771,12,1538717,3668600
5693,0,0,23771,12,1538717,3756900
5694,0,0,23771,12,1538717,3426200
5695,1,3,23770,10,1538720,3482600
5696,0,0,23770,10,1538720,3332800
5697,0,0,23770,10,1538720,3566300
5698,0,1,23770,9,1538721,3668800
5699,0,0,23770,9,1538721,3575900
5700,0,1,23770,8,1538722,3296800
5701,0,0,23770,8,1538722,3697800
5702,0,0,23770,8,1538722,3519600
5703,0,0,23770,8,1538722,3727700
5704,0,3,23770,5,1538725,3645200
5705,0,0,23770,5,1538725,3468100
5706,0,0,23770,5,1538725,3539100
5707,0,0,23770,5,1538725,3444100
5708,0,0,23770,5,1538725,3156200
5709,0,0,23770,5,1538725,3433400
5710,0,0,23770,5,1538725,3253600
5711,0,0,23770,5,1538725,3237600
5712,0,0,23770,5,1538725,3332600
5713,0,0,23770,5,1538725,3065900
5714,0,0,23770,5,1538725,3433600
5715,0,0,23770,5,1538725,3361100
5716,0,0,23770,5,1538725,3404200
5717,0,0,23770,5,1538725,3264800
5718,0,0,23770,5,1538725,3211300
5719,0,0,23770,5,1538725,3474800
5720,0,0,23770,5,1538725,3589800
5721,0,0,23770,5,1538725,4175400
5722,0,0,23770,5,1538725,4200600
5723,0,0,23770,5,1538725,3316000
5724,0,1,23770,4,1538726,3788200
5725,0,0,23770,4,1538726,3661200
5726,0,0,23770,4,1538726,3837500
5727,0,0,23770,4,1538726,3773900
5728,0,0,23770,4,1538726,3898100
5729,0,0,23770,4,1538726,3672800
5730,0,0,23770,4,1538726,3693000
5731,0,0,23770,4,1538726,3929100
5732,0,0,23770,4,1538726,3898900
5733,0,0,23770,4,1538726,3945800
5734,0,2,23770,2,1538728,3971100
5735,0,0,23770,2,1538728,3441100
5736,0,0,23770,2,1538728,3791800
5737,0,0,23770,2,1538728,3721500
5738,0,0,23770,2,1538728,3612000
5739,0,1,23770,1,1538729,3457800
5740,0,1,23770,0,1538730,3401600
