Tick,NewlyInfected,NewlyRecovered,TotalSusceptible,TotalInfected,TotalRecovered,StepTimeNanos
0,1,1,1562494,5,1,62368500
1,2,0,1562492,7,1,8632700
2,3,1,1562489,9,2,8930000
3,0,2,1562489,7,4,25885100
4,1,0,1562488,8,4,5330300
5,1,2,1562487,7,6,3734000
6,2,0,1562485,9,6,3831000
7,1,2,1562484,8,8,3769900
8,1,0,1562483,9,8,3774500
9,3,0,1562480,12,8,3787300
10,5,0,1562475,17,8,3949700
11,7,1,1562468,23,9,2888300
12,3,0,1562465,26,9,3520800
13,5,1,1562460,30,10,3273300
14,3,1,1562457,32,11,3015400
15,2,1,1562455,33,12,3016000
16,4,0,1562451,37,12,3609300
17,7,1,1562444,43,13,3193100
18,5,4,1562439,44,17,3043500
19,5,0,1562434,49,17,3154700
20,4,1,1562430,52,18,3066300
21,5,4,1562425,53,22,3213600
22,7,1,1562418,59,23,3391100
23,7,1,1562411,65,24,3003100
24,5,4,1562406,66,28,3018100
25,7,6,1562399,67,34,3000400
26,12,4,1562387,75,38,3479400
27,10,2,1562377,83,40,3202900
28,11,2,1562366,92,42,2987600
29,8,2,1562358,98,44,3002000
30,7,3,1562351,102,47,3348200
31,7,3,1562344,106,50,3258500
32,10,7,1562334,109,57,3350200
33,11,1,1562323,119,58,3388100
34,15,4,1562308,130,62,3129800
35,12,8,1562296,134,70,3460600
36,15,6,1562281,143,76,3193900
37,17,8,1562264,152,84,3169700
38,20,6,1562244,166,90,3223000
39,21,8,1562223,179,98,3556000
40,9,9,1562214,179,107,3006200
41,13,9,1562201,183,116,3015600
42,17,6,1562184,194,122,3209200
43,19,13,1562165,200,135,3205600
44,15,10,1562150,205,145,3438000
45,21,10,1562129,216,155,3046300
46,14,14,1562115,216,169,3020500
47,13,9,1562102,220,178,3148100
48,24,9,1562078,235,187,3066600
49,23,14,1562055,244,201,3028500
50,14,17,1562041,241,218,3107000
51,16,16,1562025,241,234,3012200
52,20,15,1562005,246,249,3582500
53,14,5,1561991,255,254,3085000
54,21,9,1561970,267,263,3039200
55,23,20,1561947,270,283,3163300
56,25,15,1561922,280,298,3055300
57,31,14,1561891,297,312,2957300
58,25,11,1561866,311,323,2967500
59,28,16,1561838,323,339,3014100
60,16,14,1561822,325,353,3096000
61,17,14,1561805,328,367,3195100
62,23,12,1561782,339,379,3055900
63,24,14,1561758,349,393,3187300
64,25,21,1561733,353,414,3031900
65,29,24,1561704,358,438,2939200
66,25,17,1561679,366,455,3176500
67,22,20,1561657,368,475,2957100
68,27,15,1561630,380,490,3054900
69,24,13,1561606,391,503,2925100
70,25,23,1561581,393,526,2990000
71,25,26,1561556,392,552,3227800
72,22,18,1561534,396,570,3006000
73,24,19,1561510,401,589,3078700
74,28,15,1561482,414,604,2894600
75,22,20,1561460,416,624,2982800
76,34,20,1561426,430,644,3233500
77,26,22,1561400,434,666,2989700
78,30,20,1561370,444,686,3369600
79,27,27,1561343,444,713,3321200
80,29,32,1561314,441,745,3061500
81,26,19,1561288,448,764,3132600
82,27,20,1561261,455,784,3461300
83,34,23,1561227,466,807,2951100
84,33,20,1561194,479,827,3217400
85,45,24,1561149,500,851,3042500
86,34,21,1561115,513,872,3039100
87,36,33,1561079,516,905,3449900
88,41,19,1561038,538,924,2926100
89,34,24,1561004,548,948,2966400
90,40,24,1560964,564,972,3160900
91,41,22,1560923,583,994,3177900
92,39,27,1560884,595,1021,3244600
93,42,25,1560842,612,1046,3058000
94,50,29,1560792,633,1075,3506700
95,51,21,1560741,663,1096,3062900
96,45,30,1560696,678,1126,3214400
97,40,29,1560656,689,1155,3258800
98,55,36,1560601,708,1191,2898100
99,42,26,1560559,724,1217,3041000
100,41,46,1560518,719,1263,3188800
101,40,31,1560478,728,1294,3542200
102,35,40,1560443,723,1334,3067600
103,48,39,1560395,732,1373,3127500
104,54,34,1560341,752,1407,3540700
105,41,50,1560300,743,1457,3276400
106,49,44,1560251,748,1501,3223300
107,52,34,1560199,766,1535,3021600
108,48,35,1560151,779,1570,3107100
109,50,43,1560101,786,1613,2999600
110,45,40,1560056,791,1653,3026400
111,59,33,1559997,817,1686,3179000
112,60,47,1559937,830,1733,3113400
113,53,45,1559884,838,1778,2972800
114,59,47,1559825,850,1825,2982700
115,43,44,1559782,849,1869,2941700
116,41,32,1559741,858,1901,3234000
117,48,37,1559693,869,1938,3136100
118,62,32,1559631,899,1970,2954700
119,68,52,1559563,915,2022,3100300
120,49,42,1559514,922,2064,3065100
121,49,40,1559465,931,2104,3338600
122,62,48,1559403,945,2152,2992800
123,54,57,1559349,942,2209,3294200
124,55,44,1559294,953,2253,3191800
125,55,59,1559239,949,2312,3177700
126,57,46,1559182,960,2358,3283000
127,57,40,1559125,977,2398,3033100
128,66,54,1559059,989,2452,3241300
129,49,54,1559010,984,2506,2923200
130,52,55,1558958,981,2561,2976500
131,69,49,1558889,1001,2610,3071000
132,64,61,1558825,1004,2671,3462600
133,73,47,1558752,1030,2718,2977500
134,64,53,1558688,1041,2771,3101400
135,66,51,1558622,1056,2822,3014900
136,68,54,1558554,1070,2876,3021300
137,59,59,1558495,1070,2935,2979900
138,65,55,1558430,1080,2990,2990300
139,76,53,1558354,1103,3043,3119600
140,65,54,1558289,1114,3097,3016800
141,66,71,1558223,1109,3168,2965600
142,57,73,1558166,1093,3241,3043000
143,49,66,1558117,1076,3307,3222500
144,53,43,1558064,1086,3350,3296900
145,70,64,1557994,1092,3414,3035800
146,64,51,1557930,1105,3465,3084700
147,63,45,1557867,1123,3510,3095800
148,69,57,1557798,1135,3567,3147200
149,70,68,1557728,1137,3635,3541200
150,78,65,1557650,1150,3700,3049400
151,67,49,1557583,1168,3749,2974100
152,76,63,1557507,1181,3812,3046300
153,56,66,1557451,1171,3878,3105700
154,63,58,1557388,1176,3936,2980800
155,68,65,1557320,1179,4001,3089900
156,76,54,1557244,1201,4055,2981800
157,76,65,1557168,1212,4120,2986300
158,80,67,1557088,1225,4187,2975100
159,84,53,1557004,1256,4240,3033000
160,80,66,1556924,1270,4306,2969100
161,70,87,1556854,1253,4393,2936900
162,82,53,1556772,1282,4446,2939900
163,74,60,1556698,1296,4506,3224700
164,77,62,1556621,1311,4568,3096500
165,71,75,1556550,1307,4643,3101800
166,73,73,1556477,1307,4716,3000600
167,66,61,1556411,1312,4777,3246900
168,64,75,1556347,1301,4852,3007300
169,71,70,1556276,1302,4922,3383600
170,70,68,1556206,1304,4990,3140700
171,78,62,1556128,1320,5052,3016700
172,69,56,1556059,1333,5108,3248300
173,86,73,1555973,1346,5181,3028600
174,80,73,1555893,1353,5254,3094700
175,57,61,1555836,1349,5315,2992400
176,83,70,1555753,1362,5385,3088300
177,87,69,1555666,1380,5454,3184400
178,83,65,1555583,1398,5519,3007100
179,80,68,1555503,1410,5587,3239100
180,74,71,1555429,1413,5658,3123200
181,93,76,1555336,1430,5734,3268300
182,92,84,1555244,1438,5818,2991200
183,92,75,1555152,1455,5893,3168800
184,81,72,1555071,1464,5965,3240700
185,95,67,1554976,1492,6032,3165100
186,89,71,1554887,1510,6103,3066900
187,92,75,1554795,1527,6178,3375300
188,91,80,1554704,1538,6258,3070900
189,79,83,1554625,1534,6341,3045900
190,93,90,1554532,1537,6431,2999000
191,95,88,1554437,1544,6519,3349700
192,101,75,1554336,1570,6594,3207700
193,100,94,1554236,1576,6688,3290600
194,92,75,1554144,1593,6763,3547400
195,117,63,1554027,1647,6826,3509400
196,108,86,1553919,1669,6912,3033700
197,104,86,1553815,1687,6998,3513000
198,110,98,1553705,1699,7096,3364700
199,117,91,1553588,1725,7187,3175000
200,112,100,1553476,1737,7287,3063100
201,122,91,1553354,1768,7378,2957500
202,115,93,1553239,1790,7471,3211200
203,93,89,1553146,1794,7560,3294400
204,103,78,1553043,1819,7638,3477200
205,100,88,1552943,1831,7726,3083800
206,111,91,1552832,1851,7817,3057900
207,101,93,1552731,1859,7910,3210400
208,114,103,1552617,1870,8013,4317400
209,117,97,1552500,1890,8110,3435800
210,105,80,1552395,1915,8190,4362600
211,110,95,1552285,1930,8285,4830900
212,100,99,1552185,1931,8384,4026400
213,103,93,1552082,1941,8477,3341500
214,110,100,1551972,1951,8577,3243400
215,109,103,1551863,1957,8680,3261500
216,124,88,1551739,1993,8768,3909200
217,122,98,1551617,2017,8866,3360100
218,95,88,1551522,2024,8954,3410000
219,105,98,1551417,2031,9052,3445500
220,108,94,1551309,2045,9146,3025100
221,112,99,1551197,2058,9245,3184700
222,117,105,1551080,2070,9350,3088700
223,121,106,1550959,2085,9456,3080100
224,118,91,1550841,2112,9547,3200800
225,118,129,1550723,2101,9676,3020100
226,111,102,1550612,2110,9778,3201200
227,99,112,1550513,2097,9890,3156000
228,97,107,1550416,2087,9997,3255000
229,98,89,1550318,2096,10086,3197000
230,117,93,1550201,2120,10179,3075900
231,130,108,1550071,2142,10287,3020200
232,108,100,1549963,2150,10387,2905400
233,111,111,1549852,2150,10498,3129700
234,122,106,1549730,2166,10604,3092700
235,116,118,1549614,2164,10722,3076100
236,127,112,1549487,2179,10834,3473300
237,116,108,1549371,2187,10942,3084500
238,120,104,1549251,2203,11046,3181600
239,119,102,1549132,2220,11148,3237200
240,120,104,1549012,2236,11252,3189000
241,113,100,1548899,2249,11352,3120100
242,134,104,1548765,2279,11456,3308300
243,135,130,1548630,2284,11586,3253500
244,104,112,1548526,2276,11698,3121700
245,140,116,1548386,2300,11814,3265500
246,119,99,1548267,2320,11913,3277600
247,135,120,1548132,2335,12033,3096900
248,144,99,1547988,2380,12132,2982300
249,141,135,1547847,2386,12267,3042500
250,114,121,1547733,2379,12388,3031800
251,144,112,1547589,2411,12500,2960800
252,151,123,1547438,2439,12623,2926500
253,126,131,1547312,2434,12754,3017000
254,129,109,1547183,2454,12863,3107300
255,133,113,1547050,2474,12976,3218500
256,139,121,1546911,2492,13097,3026400
257,134,122,1546777,2504,13219,3028200
258,141,156,1546636,2489,13375,3033900
259,139,133,1546497,2495,13508,2977800
260,153,127,1546344,2521,13635,2980200
261,126,128,1546218,2519,13763,2993000
262,149,135,1546069,2533,13898,3011800
263,130,130,1545939,2533,14028,3055400
264,130,145,1545809,2518,14173,3162500
265,158,121,1545651,2555,14294,3072100
266,158,115,1545493,2598,14409,3420400
267,147,147,1545346,2598,14556,3125800
268,170,116,1545176,2652,14672,3084800
269,125,144,1545051,2633,14816,2991800
270,166,151,1544885,2648,14967,2934700
271,156,126,1544729,2678,15093,3059400
272,143,111,1544586,2710,15204,3564300
273,150,130,1544436,2730,15334,3662000
274,161,142,1544275,2749,15476,3118300
275,165,142,1544110,2772,15618,3048800
276,148,152,1543962,2768,15770,2986200
277,145,136,1543817,2777,15906,3391400
278,157,138,1543660,2796,16044,3205100
279,147,155,1543513,2788,16199,3232700
280,137,121,1543376,2804,16320,3127500
281,142,153,1543234,2793,16473,2987800
282,129,124,1543105,2798,16597,3297500
283,166,134,1542939,2830,16731,3278000
284,158,149,1542781,2839,16880,3527200
285,152,122,1542629,2869,17002,2993500
286,136,101,1542493,2904,17103,3171800
287,146,128,1542347,2922,17231,3258400
288,147,142,1542200,2927,17373,3422400
289,151,141,1542049,2937,17514,3251900
290,139,155,1541910,2921,17669,3047700
291,155,154,1541755,2922,17823,3097800
292,145,158,1541610,2909,17981,3346500
293,144,137,1541466,2916,18118,3206400
294,148,113,1541318,2951,18231,3190600
295,153,138,1541165,2966,18369,3159600
296,173,140,1540992,2999,18509,3203100
297,146,160,1540846,2985,18669,3653400
298,170,149,1540676,3006,18818,3093700
299,147,155,1540529,2998,18973,3049100
300,168,158,1540361,3008,19131,3088100
301,170,145,1540191,3033,19276,3333400
302,166,138,1540025,3061,19414,3220500
303,165,139,1539860,3087,19553,3394800
304,154,152,1539706,3089,19705,24814400
305,154,148,1539552,3095,19853,7086300
306,163,138,1539389,3120,19991,3396700
307,158,161,1539231,3117,20152,3333000
308,167,137,1539064,3147,20289,3144900
309,162,146,1538902,3163,20435,3179900
310,134,165,1538768,3132,20600,3181900
311,172,162,1538596,3142,20762,3055800
312,171,150,1538425,3163,20912,3479900
313,178,161,1538247,3180,21073,3523300
314,164,152,1538083,3192,21225,3045000
315,160,143,1537923,3209,21368,3069500
316,147,155,1537776,3201,21523,3207100
317,166,177,1537610,3190,21700,3516200
318,158,151,1537452,3197,21851,3089900
319,166,148,1537286,3215,21999,3026300
320,138,184,1537148,3169,22183,3120100
321,156,153,1536992,3172,22336,3055700
322,182,148,1536810,3206,22484,3279000
323,168,148,1536642,3226,22632,3321600
324,164,167,1536478,3223,22799,3171500
325,154,163,1536324,3214,22962,3206100
326,178,157,1536146,3235,23119,3205200
327,176,175,1535970,3236,23294,3083600
328,178,176,1535792,3238,23470,3281000
329,178,148,1535614,3268,23618,3149900
330,179,169,1535435,3278,23787,3082800
331,170,163,1535265,3285,23950,3082000
332,174,139,1535091,3320,24089,3071700
333,179,175,1534912,3324,24264,3001200
334,173,155,1534739,3342,24419,3041700
335,176,163,1534563,3355,24582,3045400
336,188,188,1534375,3355,24770,3188900
337,175,192,1534200,3338,24962,3076000
338,196,172,1534004,3362,25134,3679400
339,198,155,1533806,3405,25289,3067600
340,174,166,1533632,3413,25455,3024900
341,197,160,1533435,3450,25615,3122100
342,174,203,1533261,3421,25818,3103200
343,165,172,1533096,3414,25990,3165300
344,191,181,1532905,3424,26171,3115900
345,175,181,1532730,3418,26352,3244800
346,177,169,1532553,3426,26521,3216300
347,186,166,1532367,3446,26687,3093400
348,177,195,1532190,3428,26882,3019600
349,201,173,1531989,3456,27055,3151400
350,193,172,1531796,3477,27227,3109900
351,187,175,1531609,3489,27402,3111500
352,195,170,1531414,3514,27572,3197100
353,170,189,1531244,3495,27761,3022600
354,190,174,1531054,3511,27935,3015900
355,179,169,1530875,3521,28104,3017100
356,170,172,1530705,3519,28276,3067900
357,158,157,1530547,3520,28433,3143200
358,192,157,1530355,3555,28590,3022100
359,207,171,1530148,3591,28761,3375200
360,193,180,1529955,3604,28941,3145400
361,189,218,1529766,3575,29159,3242000
362,181,184,1529585,3572,29343,3020600
363,194,169,1529391,3597,29512,2964900
364,171,177,1529220,3591,29689,3607300
365,194,174,1529026,3611,29863,3383900
366,189,174,1528837,3626,30037,3287500
367,173,186,1528664,3613,30223,3256400
368,190,179,1528474,3624,30402,2995000
369,206,183,1528268,3647,30585,3065900
370,198,207,1528070,3638,30792,3143300
371,209,203,1527861,3644,30995,3218600
372,187,176,1527674,3655,31171,3135700
373,207,160,1527467,3702,31331,3084100
374,225,185,1527242,3742,31516,3253900
375,219,189,1527023,3772,31705,3017800
376,191,176,1526832,3787,31881,3071100
377,221,177,1526611,3831,32058,3307200
378,205,204,1526406,3832,32262,3231900
379,196,217,1526210,3811,32479,2958100
380,196,187,1526014,3820,32666,3366500
381,190,167,1525824,3843,32833,2983500
382,197,190,1525627,3850,33023,3175900
383,180,203,1525447,3827,33226,3489600
384,183,207,1525264,3803,33433,3180200
385,201,189,1525063,3815,33622,3332800
386,212,184,1524851,3843,33806,3073100
387,189,181,1524662,3851,33987,2967400
388,200,176,1524462,3875,34163,3123500
389,175,208,1524287,3842,34371,2953300
390,185,175,1524102,3852,34546,3508100
391,199,195,1523903,3856,34741,3123500
392,199,188,1523704,3867,34929,3536600
393,213,216,1523491,3864,35145,3049700
394,204,218,1523287,3850,35363,3070200
395,203,196,1523084,3857,35559,3018500
396,193,204,1522891,3846,35763,2939900
397,184,209,1522707,3821,35972,3040800
398,176,184,1522531,3813,36156,3006000
399,190,187,1522341,3816,36343,3155900
400,163,176,1522178,3803,36519,3076000
401,186,172,1521992,3817,36691,3186100
402,168,205,1521824,3780,36896,2975800
403,161,198,1521663,3743,37094,3147800
404,196,197,1521467,3742,37291,3077400
405,196,200,1521271,3738,37491,3000900
406,198,168,1521073,3768,37659,3355200
407,179,190,1520894,3757,37849,3059400
408,185,211,1520709,3731,38060,3007400
409,174,166,1520535,3739,38226,3320100
410,214,199,1520321,3754,38425,3190100
411,184,208,1520137,3730,38633,3123500
412,189,194,1519948,3725,38827,3002700
413,197,189,1519751,3733,39016,3023000
414,211,165,1519540,3779,39181,3251900
415,219,158,1519321,3840,39339,3215600
416,211,214,1519110,3837,39553,3148400
417,204,189,1518906,3852,39742,3116000
418,208,220,1518698,3840,39962,3219300
419,233,207,1518465,3866,40169,3238500
420,214,182,1518251,3898,40351,3058700
421,191,203,1518060,3886,40554,3121900
422,176,203,1517884,3859,40757,3249600
423,208,171,1517676,3896,40928,3125000
424,214,192,1517462,3918,41120,3387100
425,220,206,1517242,3932,41326,2991000
426,208,189,1517034,3951,41515,3038100
427,207,219,1516827,3939,41734,3167500
428,193,170,1516634,3962,41904,3110100
429,195,185,1516439,3972,42089,3131900
430,198,190,1516241,3980,42279,3025000
431,202,200,1516039,3982,42479,3137300
432,189,214,1515850,3957,42693,3098600
433,217,182,1515633,3992,42875,2998500
434,212,183,1515421,4021,43058,3093000
435,212,225,1515209,4008,43283,3260500
436,214,177,1514995,4045,43460,3250400
437,213,186,1514782,4072,43646,3161200
438,197,187,1514585,4082,43833,3018500
439,224,209,1514361,4097,44042,3261900
440,198,208,1514163,4087,44250,3019000
441,227,189,1513936,4125,44439,3054000
442,222,194,1513714,4153,44633,2956700
443,218,212,1513496,4159,44845,3069000
444,211,226,1513285,4144,45071,3242600
445,226,204,1513059,4166,45275,3135200
446,213,213,1512846,4166,45488,3356900
447,202,197,1512644,4171,45685,2924700
448,250,231,1512394,4190,45916,3367400
449,223,195,1512171,4218,46111,3155900
450,212,220,1511959,4210,46331,3067700
451,229,232,1511730,4207,46563,3157000
452,210,214,1511520,4203,46777,3354500
453,207,208,1511313,4202,46985,3740200
454,217,209,1511096,4210,47194,3050200
455,201,233,1510895,4178,47427,3220300
456,213,225,1510682,4166,47652,3083700
457,206,216,1510476,4156,47868,3181300
458,238,192,1510238,4202,48060,3181600
459,212,206,1510026,4208,48266,3176000
460,233,207,1509793,4234,48473,3238200
461,212,206,1509581,4240,48679,3077300
462,239,214,1509342,4265,48893,3103000
463,235,216,1509107,4284,49109,3190500
464,231,205,1508876,4310,49314,3137100
465,225,230,1508651,4305,49544,3174800
466,193,203,1508458,4295,49747,3144700
467,253,223,1508205,4325,49970,3299200
468,221,226,1507984,4320,50196,3190500
469,233,210,1507751,4343,50406,3345500
470,236,230,1507515,4349,50636,3317500
471,219,237,1507296,4331,50873,3179400
472,207,199,1507089,4339,51072,3127400
473,237,225,1506852,4351,51297,3086300
474,217,221,1506635,4347,51518,3250200
475,245,203,1506390,4389,51721,3056200
476,230,209,1506160,4410,51930,3147200
477,236,211,1505924,4435,52141,3131100
478,214,186,1505710,4463,52327,3234900
479,239,204,1505471,4498,52531,3092000
480,242,223,1505229,4517,52754,3120900
481,234,217,1504995,4534,52971,3055600
482,263,217,1504732,4580,53188,3358300
483,233,220,1504499,4593,53408,3252100
484,264,229,1504235,4628,53637,3111700
485,244,238,1503991,4634,53875,3232700
486,243,237,1503748,4640,54112,3072200
487,258,216,1503490,4682,54328,3083300
488,213,246,1503277,4649,54574,3180400
489,223,232,1503054,4640,54806,3298300
490,251,244,1502803,4647,55050,3204700
491,270,231,1502533,4686,55281,3192600
492,250,230,1502283,4706,55511,3050500
493,233,226,1502050,4713,55737,3074200
494,238,213,1501812,4738,55950,2982400
495,234,242,1501578,4730,56192,3238800
496,242,236,1501336,4736,56428,3098900
497,257,259,1501079,4734,56687,3262200
498,258,220,1500821,4772,56907,3292500
499,249,239,1500572,4782,57146,3117900
500,272,230,1500300,4824,57376,3047500
501,215,245,1500085,4794,57621,3065700
502,237,235,1499848,4796,57856,3070600
503,235,246,1499613,4785,58102,3192000
504,224,219,1499389,4790,58321,3459700
505,265,254,1499124,4801,58575,3167000
506,248,236,1498876,4813,58811,3019400
507,262,238,1498614,4837,59049,3069000
508,234,270,1498380,4801,59319,3094000
509,252,257,1498128,4796,59576,3140600
510,261,233,1497867,4824,59809,3114700
511,260,247,1497607,4837,60056,3018900
512,265,240,1497342,4862,60296,3548100
513,277,244,1497065,4895,60540,3404800
514,261,213,1496804,4943,60753,3128900
515,273,242,1496531,4974,60995,3158700
516,257,222,1496274,5009,61217,3270100
517,238,262,1496036,4985,61479,3265800
518,271,241,1495765,5015,61720,3116600
519,244,270,1495521,4989,61990,3383800
520,239,234,1495282,4994,62224,3067500
521,259,253,1495023,5000,62477,3062000
522,262,234,1494761,5028,62711,3221300
523,256,243,1494505,5041,62954,3005000
524,301,245,1494204,5097,63199,3198700
525,262,248,1493942,5111,63447,3003600
526,281,242,1493661,5150,63689,3244000
527,290,256,1493371,5184,63945,3119600
528,309,273,1493062,5220,64218,3030700
529,280,263,1492782,5237,64481,3003300
530,295,267,1492487,5265,64748,3164200
531,306,261,1492181,5310,65009,3323300
532,276,279,1491905,5307,65288,3006200
533,283,277,1491622,5313,65565,3139000
534,271,267,1491351,5317,65832,3149200
535,267,260,1491084,5324,66092,3254400
536,265,282,1490819,5307,66374,3161800
537,269,293,1490550,5283,66667,3251800
538,250,260,1490300,5273,66927,3361100
539,304,246,1489996,5331,67173,3074600
540,258,267,1489738,5322,67440,3169600
541,253,254,1489485,5321,67694,3059100
542,272,262,1489213,5331,67956,3207300
543,264,258,1488949,5337,68214,3105600
544,249,256,1488700,5330,68470,3169500
545,278,268,1488422,5340,68738,3481200
546,275,254,1488147,5361,68992,3371400
547,269,241,1487878,5389,69233,3558400
548,249,273,1487629,5365,69506,3240600
549,267,276,1487362,5356,69782,3067900
550,223,248,1487139,5331,70030,3114500
551,252,290,1486887,5293,70320,3116100
552,247,249,1486640,5291,70569,3082900
553,220,258,1486420,5253,70827,2985600
554,305,281,1486115,5277,71108,3100400
555,285,260,1485830,5302,71368,3008800
556,262,251,1485568,5313,71619,3056200
557,277,246,1485291,5344,71865,3100500
558,283,264,1485008,5363,72129,3006200
559,271,268,1484737,5366,72397,3758400
560,265,248,1484472,5383,72645,3140000
561,257,284,1484215,5356,72929,3538000
562,316,300,1483899,5372,73229,3211300
563,292,261,1483607,5403,73490,3654600
564,291,281,1483316,5413,73771,3429200
565,263,283,1483053,5393,74054,3197000
566,312,268,1482741,5437,74322,3220500
567,302,280,1482439,5459,74602,3199500
568,265,250,1482174,5474,74852,2990900
569,276,259,1481898,5491,75111,3550400
570,316,277,1481582,5530,75388,3003900
571,295,249,1481287,5576,75637,3110300
572,294,290,1480993,5580,75927,3054400
573,291,305,1480702,5566,76232,2978800
574,289,253,1480413,5602,76485,3178300
575,281,272,1480132,5611,76757,2997800
576,298,289,1479834,5620,77046,3212800
577,292,281,1479542,5631,77327,2970600
578,307,325,1479235,5613,77652,3329500
579,294,284,1478941,5623,77936,3276600
580,266,265,1478675,5624,78201,3214100
581,282,287,1478393,5619,78488,3185900
582,321,276,1478072,5664,78764,3043100
583,288,261,1477784,5691,79025,3153600
584,298,260,1477486,5729,79285,3427600
585,303,256,1477183,5776,79541,3670700
586,301,302,1476882,5775,79843,3109000
587,296,303,1476586,5768,80146,3218100
588,294,290,1476292,5772,80436,3146700
589,279,300,1476013,5751,80736,3018600
590,268,288,1475745,5731,81024,3448400
591,293,273,1475452,5751,81297,3077900
592,270,317,1475182,5704,81614,3169600
593,294,290,1474888,5708,81904,3555600
594,281,308,1474607,5681,82212,3198800
595,277,271,1474330,5687,82483,3141000
596,286,262,1474044,5711,82745,3017800
597,302,299,1473742,5714,83044,3012200
598,291,273,1473451,5732,83317,2968800
599,301,266,1473150,5767,83583,3040500
600,277,290,1472873,5754,83873,3055300
601,279,272,1472594,5761,84145,2987800
602,319,293,1472275,5787,84438,3131600
603,322,302,1471953,5807,84740,3093200
604,276,297,1471677,5786,85037,3266500
605,283,300,1471394,5769,85337,3057800
606,315,299,1471079,5785,85636,3059200
607,269,281,1470810,5773,85917,3257200
608,301,274,1470509,5800,86191,3071600
609,266,286,1470243,5780,86477,3205400
610,294,281,1469949,5793,86758,3087600
611,297,308,1469652,5782,87066,3265800
612,288,282,1469364,5788,87348,3023700
613,308,307,1469056,5789,87655,3078700
614,292,285,1468764,5796,87940,3349700
615,280,307,1468484,5769,88247,3153200
616,291,302,1468193,5758,88549,3300100
617,298,303,1467895,5753,88852,3034400
618,278,282,1467617,5749,89134,3133000
619,314,277,1467303,5786,89411,3055400
620,302,271,1467001,5817,89682,3626500
621,310,310,1466691,5817,89992,3120700
622,292,306,1466399,5803,90298,3007100
623,302,309,1466097,5796,90607,3201300
624,307,294,1465790,5809,90901,3179400
625,283,291,1465507,5801,91192,3079500
626,321,286,1465186,5836,91478,3041700
627,280,302,1464906,5814,91780,3026900
628,278,316,1464628,5776,92096,3024100
629,330,303,1464298,5803,92399,3378800
630,325,270,1463973,5858,92669,3224700
631,341,303,1463632,5896,92972,2991800
632,319,308,1463313,5907,93280,3596200
633,338,296,1462975,5949,93576,3202800
634,315,290,1462660,5974,93866,3187500
635,323,323,1462337,5974,94189,3258100
636,301,280,1462036,5995,94469,3663100
637,334,302,1461702,6027,94771,3118500
638,351,296,1461351,6082,95067,3046600
639,303,306,1461048,6079,95373,3145500
640,319,322,1460729,6076,95695,3084200
641,326,292,1460403,6110,95987,3345200
642,319,328,1460084,6101,96315,3261300
643,342,312,1459742,6131,96627,3147700
644,349,304,1459393,6176,96931,3144400
645,337,282,1459056,6231,97213,3476000
646,342,280,1458714,6293,97493,3045100
647,360,363,1458354,6290,97856,3308700
648,299,319,1458055,6270,98175,3272100
649,311,300,1457744,6281,98475,3281900
650,333,318,1457411,6296,98793,3018900
651,368,308,1457043,6356,99101,3092000
652,336,293,1456707,6399,99394,3528600
653,329,320,1456378,6408,99714,3534000
654,350,335,1456028,6423,100049,3140400
655,339,338,1455689,6424,100387,3264500
656,375,312,1455314,6487,100699,3244600
657,307,355,1455007,6439,101054,3430500
658,326,324,1454681,6441,101378,3158600
659,366,344,1454315,6463,101722,6497000
660,338,308,1453977,6493,102030,5084000
661,341,317,1453636,6517,102347,6486700
662,354,328,1453282,6543,102675,5789500
663,374,342,1452908,6575,103017,3477100
664,369,345,1452539,6599,103362,3666100
665,373,326,1452166,6646,103688,3270500
666,346,336,1451820,6656,104024,4913300
667,310,300,1451510,6666,104324,3799900
668,368,325,1451142,6709,104649,3522200
669,342,327,1450800,6724,104976,3543000
670,327,327,1450473,6724,105303,3284600
671,329,367,1450144,6686,105670,3092100
672,354,334,1449790,6706,106004,3158900
673,306,363,1449484,6649,106367,3033300
674,340,337,1449144,6652,106704,3359800
675,330,349,1448814,6633,107053,3302900
676,344,330,1448470,6647,107383,3060000
677,376,339,1448094,6684,107722,3422400
678,372,349,1447722,6707,108071,3751100
679,344,337,1447378,6714,108408,3370700
680,342,334,1447036,6722,108742,3407200
681,356,328,1446680,6750,109070,3086100
682,362,339,1446318,6773,109409,3333100
683,359,338,1445959,6794,109747,3287500
684,333,323,1445626,6804,110070,3174700
685,335,348,1445291,6791,110418,3232400
686,351,353,1444940,6789,110771,3227700
687,355,381,1444585,6763,111152,3341800
688,351,315,1444234,6799,111467,3339900
689,347,347,1443887,6799,111814,3215000
690,347,386,1443540,6760,112200,3519800
691,325,342,1443215,6743,112542,3251100
692,362,324,1442853,6781,112866,3491600
693,343,373,1442510,6751,113239,3312500
694,305,341,1442205,6715,113580,3149900
695,357,313,1441848,6759,113893,3187400
696,338,347,1441510,6750,114240,3212400
697,346,361,1441164,6735,114601,3326400
698,328,335,1440836,6728,114936,3086400
699,336,342,1440500,6722,115278,3310800
700,372,337,1440128,6757,115615,3083700
701,337,313,1439791,6781,115928,3109900
702,356,353,1439435,6784,116281,3333400
703,384,331,1439051,6837,116612,3224200
704,354,344,1438697,6847,116956,3336900
705,349,342,1438348,6854,117298,3082300
706,358,309,1437990,6903,117607,3229100
707,369,362,1437621,6910,117969,3474300
708,359,360,1437262,6909,118329,3608500
709,402,368,1436860,6943,118697,3276300
710,362,373,1436498,6932,119070,3115300
711,341,341,1436157,6932,119411,3237300
712,344,349,1435813,6927,119760,3248500
713,344,355,1435469,6916,120115,3282800
714,317,388,1435152,6845,120503,3379600
715,335,334,1434817,6846,120837,3079200
716,355,358,1434462,6843,121195,3210100
717,344,312,1434118,6875,121507,3157100
718,339,351,1433779,6863,121858,3380600
719,352,297,1433427,6918,122155,3502000
720,354,334,1433073,6938,122489,3142500
721,363,325,1432710,6976,122814,3205700
722,332,354,1432378,6954,123168,3149000
723,308,341,1432070,6921,123509,3308600
724,366,349,1431704,6938,123858,3146100
725,364,384,1431340,6918,124242,3219800
726,330,329,1431010,6919,124571,3166700
727,359,357,1430651,6921,124928,3164700
728,364,329,1430287,6956,125257,3201100
729,369,337,1429918,6988,125594,3284600
730,363,356,1429555,6995,125950,3050600
731,356,348,1429199,7003,126298,3700600
732,365,344,1428834,7024,126642,3102600
733,422,356,1428412,7090,126998,3078100
734,416,336,1427996,7170,127334,3040100
735,382,339,1427614,7213,127673,3589200
736,381,331,1427233,7263,128004,3553200
737,386,399,1426847,7250,128403,3160800
738,392,324,1426455,7318,128727,3117100
739,373,391,1426082,7300,129118,3331100
740,393,350,1425689,7343,129468,3182000
741,401,368,1425288,7376,129836,3176000
742,406,370,1424882,7412,130206,3239600
743,389,350,1424493,7451,130556,3485300
744,367,371,1424126,7447,130927,3068600
745,389,371,1423737,7465,131298,3701400
746,398,376,1423339,7487,131674,3239400
747,394,365,1422945,7516,132039,3458500
748,379,374,1422566,7521,132413,3473000
749,368,331,1422198,7558,132744,3238200
750,373,368,1421825,7563,133112,3322200
751,388,395,1421437,7556,133507,3623900
752,377,380,1421060,7553,133887,3085300
753,356,382,1420704,7527,134269,3186900
754,365,396,1420339,7496,134665,3400100
755,353,392,1419986,7457,135057,3098800
756,374,371,1419612,7460,135428,3715100
757,353,393,1419259,7420,135821,3010400
758,380,385,1418879,7415,136206,3598100
759,377,392,1418502,7400,136598,3339300
760,350,349,1418152,7401,136947,3013500
761,382,356,1417770,7427,137303,3147300
762,394,355,1417376,7466,137658,3607700
763,390,410,1416986,7446,138068,3206800
764,370,349,1416616,7467,138417,3340100
765,393,376,1416223,7484,138793,3262000
766,372,386,1415851,7470,139179,3358200
767,395,356,1415456,7509,139535,3049800
768,402,397,1415054,7514,139932,3354100
769,385,365,1414669,7534,140297,3183000
770,372,387,1414297,7519,140684,3387700
771,368,371,1413929,7516,141055,3277200
772,413,371,1413516,7558,141426,3062800
773,390,397,1413126,7551,141823,3206200
774,392,392,1412734,7551,142215,3305800
775,381,415,1412353,7517,142630,3138400
776,367,388,1411986,7496,143018,3008000
777,350,352,1411636,7494,143370,3063000
778,384,388,1411252,7490,143758,3112600
779,380,364,1410872,7506,144122,3090300
780,429,413,1410443,7522,144535,3443600
781,409,379,1410034,7552,144914,3254800
782,414,368,1409620,7598,145282,3092200
783,397,395,1409223,7600,145677,3240900
784,411,351,1408812,7660,146028,3458000
785,406,357,1408406,7709,146385,3326900
786,411,367,1407995,7753,146752,3074000
787,410,413,1407585,7750,147165,3273800
788,410,378,1407175,7782,147543,3082100
789,389,388,1406786,7783,147931,3190000
790,411,412,1406375,7782,148343,3386800
791,424,389,1405951,7817,148732,3196400
792,402,393,1405549,7826,149125,3428000
793,426,401,1405123,7851,149526,3059700
794,397,373,1404726,7875,149899,3400100
795,366,383,1404360,7858,150282,3581600
796,428,357,1403932,7929,150639,3087200
797,400,415,1403532,7914,151054,3197800
798,414,367,1403118,7961,151421,3189700
799,387,398,1402731,7950,151819,3253100
800,411,425,1402320,7936,152244,3373900
801,400,442,1401920,7894,152686,3140900
802,408,410,1401512,7892,153096,3298000
803,373,412,1401139,7853,153508,3136400
804,387,397,1400752,7843,153905,3401500
805,407,402,1400345,7848,154307,3322800
806,405,375,1399940,7878,154682,3161600
807,435,406,1399505,7907,155088,3393800
808,412,385,1399093,7934,155473,3126700
809,415,390,1398678,7959,155863,3346000
810,399,410,1398279,7948,156273,3299500
811,422,446,1397857,7924,156719,3107400
812,417,396,1397440,7945,157115,3311300
813,428,375,1397012,7998,157490,3456500
814,431,392,1396581,8037,157882,3630400
815,418,399,1396163,8056,158281,3256700
816,374,352,1395789,8078,158633,3658600
817,428,392,1395361,8114,159025,3123200
818,456,393,1394905,8177,159418,3390700
819,394,413,1394511,8158,159831,3000800
820,404,419,1394107,8143,160250,3547600
821,424,422,1393683,8145,160672,3524300
822,433,384,1393250,8194,161056,3254200
823,400,418,1392850,8176,161474,3379200
824,407,391,1392443,8192,161865,3188500
825,392,398,1392051,8186,162263,3202500
826,425,386,1391626,8225,162649,3290400
827,435,421,1391191,8239,163070,3199300
828,448,430,1390743,8257,163500,3181000
829,436,401,1390307,8292,163901,3466700
830,415,441,1389892,8266,164342,3367000
831,451,395,1389441,8322,164737,3309300
832,435,392,1389006,8365,165129,3354600
833,409,394,1388597,8380,165523,3102100
834,422,448,1388175,8354,165971,3155800
835,429,420,1387746,8363,166391,3167200
836,416,392,1387330,8387,166783,3313000
837,408,431,1386922,8364,167214,3440700
838,430,412,1386492,8382,167626,3262200
839,430,431,1386062,8381,168057,3386600
840,406,430,1385656,8357,168487,3208700
841,405,414,1385251,8348,168901,3251000
842,423,411,1384828,8360,169312,3311500
843,412,396,1384416,8376,169708,3148600
844,426,428,1383990,8374,170136,3484100
845,423,430,1383567,8367,170566,3250800
846,418,403,1383149,8382,170969,3162600
847,386,377,1382763,8391,171346,3346800
848,398,432,1382365,8357,171778,3694100
849,407,403,1381958,8361,172181,3394400
850,420,440,1381538,8341,172621,3340000
851,418,388,1381120,8371,173009,3640100
852,453,436,1380667,8388,173445,3251500
853,378,423,1380289,8343,173868,3114100
854,412,424,1379877,8331,174292,3185500
855,393,396,1379484,8328,174688,3236400
856,417,417,1379067,8328,175105,3322700
857,374,381,1378693,8321,175486,3206600
858,421,445,1378272,8297,175931,3116700
859,396,400,1377876,8293,176331,3107000
860,430,411,1377446,8312,176742,3342400
861,400,402,1377046,8310,177144,3560900
862,416,413,1376630,8313,177557,3285300
863,391,454,1376239,8250,178011,3311600
864,417,401,1375822,8266,178412,3491100
865,398,432,1375424,8232,178844,3122100
866,394,420,1375030,8206,179264,3645900
867,402,444,1374628,8164,179708,3324500
868,437,387,1374191,8214,180095,3140100
869,416,406,1373775,8224,180501,3337600
870,396,412,1373379,8208,180913,3109400
871,393,399,1372986,8202,181312,3136600
872,408,432,1372578,8178,181744,3347800
873,418,404,1372160,8192,182148,3115300
874,412,400,1371748,8204,182548,3346100
875,406,384,1371342,8226,182932,3114600
876,422,414,1370920,8234,183346,3433200
877,391,394,1370529,8231,183740,3242800
878,399,433,1370130,8197,184173,3416000
879,374,380,1369756,8191,184553,3317700
880,384,386,1369372,8189,184939,3127000
881,431,439,1368941,8181,185378,3094200
882,420,439,1368521,8162,185817,3057300
883,382,391,1368139,8153,186208,3488500
884,380,413,1367759,8120,186621,3270700
885,409,376,1367350,8153,186997,3458400
886,390,427,1366960,8116,187424,3119400
887,416,405,1366544,8127,187829,3037800
888,396,383,1366148,8140,188212,3077200
889,343,382,1365805,8101,188594,3729900
890,382,389,1365423,8094,188983,3158200
891,387,398,1365036,8083,189381,3195700
892,365,407,1364671,8041,189788,3139700
893,376,417,1364295,8000,190205,3141900
894,373,421,1363922,7952,190626,3191900
895,390,398,1363532,7944,191024,3121700
896,412,398,1363120,7958,191422,3539200
897,373,440,1362747,7891,191862,3092000
898,392,397,1362355,7886,192259,3246900
899,349,406,1362006,7829,192665,3218700
900,413,409,1361593,7833,193074,3332800
901,409,378,1361184,7864,193452,3743100
902,415,394,1360769,7885,193846,3105100
903,377,408,1360392,7854,194254,3097100
904,400,394,1359992,7860,194648,3039300
905,419,390,1359573,7889,195038,3090100
906,420,375,1359153,7934,195413,3072200
907,387,415,1358766,7906,195828,3463000
908,411,354,1358355,7963,196182,3413100
909,410,382,1357945,7991,196564,3200300
910,408,404,1357537,7995,196968,3160300
911,412,416,1357125,7991,197384,3168900
912,396,384,1356729,8003,197768,3610700
913,382,409,1356347,7976,198177,3474700
914,408,426,1355939,7958,198603,3086500
915,410,420,1355529,7948,199023,3302000
916,392,379,1355137,7961,199402,3586200
917,380,381,1354757,7960,199783,3312500
918,382,373,1354375,7969,200156,3452100
919,370,410,1354005,7929,200566,3189500
920,445,405,1353560,7969,200971,3489300
921,405,397,1353155,7977,201368,3475200
922,426,394,1352729,8009,201762,3092500
923,421,393,1352308,8037,202155,3272400
924,431,394,1351877,8074,202549,3159600
925,423,419,1351454,8078,202968,3188600
926,419,412,1351035,8085,203380,3297600
927,416,404,1350619,8097,203784,3125900
928,407,457,1350212,8047,204241,3234400
929,429,383,1349783,8093,204624,3441900
930,426,421,1349357,8098,205045,3061000
931,404,394,1348953,8108,205439,3114000
932,421,412,1348532,8117,205851,3106000
933,409,420,1348123,8106,206271,3295900
934,421,369,1347702,8158,206640,3047600
935,422,410,1347280,8170,207050,3330900
936,455,381,1346825,8244,207431,3227000
937,445,448,1346380,8241,207879,3081700
938,399,429,1345981,8211,208308,3152800
939,390,431,1345591,8170,208739,3061900
940,399,400,1345192,8169,209139,3101900
941,408,415,1344784,8162,209554,3255100
942,383,452,1344401,8093,210006,3191100
943,407,402,1343994,8098,210408,3187800
944,400,452,1343594,8046,210860,3171900
945,397,376,1343197,8067,211236,3172500
946,405,401,1342792,8071,211637,3342900
947,427,365,1342365,8133,212002,3399000
948,409,406,1341956,8136,212408,3056200
949,393,396,1341563,8133,212804,3546900
950,374,404,1341189,8103,213208,3348300
951,410,349,1340779,8164,213557,3137300
952,403,426,1340376,8141,213983,3390500
953,420,408,1339956,8153,214391,22301400
954,413,417,1339543,8149,214808,3511100
955,404,367,1339139,8186,215175,3365500
956,401,419,1338738,8168,215594,3351100
957,418,409,1338320,8177,216003,3220900
958,414,388,1337906,8203,216391,3341900
959,359,398,1337547,8164,216789,3256900
960,398,420,1337149,8142,217209,3232500
961,412,433,1336737,8121,217642,3518600
962,398,396,1336339,8123,218038,3377700
963,429,395,1335910,8157,218433,3378900
964,429,385,1335481,8201,218818,3137600
965,360,429,1335121,8132,219247,3586900
966,372,411,1334749,8093,219658,3301700
967,366,384,1334383,8075,220042,3348700
968,389,381,1333994,8083,220423,3566800
969,360,396,1333634,8047,220819,3269200
970,413,394,1333221,8066,221213,3586800
971,376,388,1332845,8054,221601,3295500
972,405,410,1332440,8049,222011,3248500
973,398,378,1332042,8069,222389,3363800
974,385,430,1331657,8024,222819,3354700
975,388,422,1331269,7990,223241,3234600
976,410,381,1330859,8019,223622,3387200
977,425,421,1330434,8023,224043,3118900
978,400,410,1330034,8013,224453,3340000
979,418,393,1329616,8038,224846,3363700
980,401,375,1329215,8064,225221,3169000
981,434,363,1328781,8135,225584,3326600
982,407,387,1328374,8155,225971,3524000
983,424,415,1327950,8164,226386,3228800
984,416,378,1327534,8202,226764,3271600
985,449,419,1327085,8232,227183,3268600
986,410,431,1326675,8211,227614,3422300
987,419,441,1326256,8189,228055,3222100
988,396,399,1325860,8186,228454,3235900
989,379,425,1325481,8140,228879,3308500
990,399,425,1325082,8114,229304,3189600
991,396,384,1324686,8126,229688,3476100
992,368,421,1324318,8073,230109,3291700
993,397,418,1323921,8052,230527,3350900
994,366,416,1323555,8002,230943,3395900
995,378,367,1323177,8013,231310,3370300
996,405,347,1322772,8071,231657,3367500
997,376,397,1322396,8050,232054,3330100
998,407,403,1321989,8054,232457,3746800
999,363,397,1321626,8020,232854,3321800
1000,391,422,1321235,7989,233276,3129300
1001,396,428,1320839,7957,233704,3508600
1002,381,420,1320458,7918,234124,3203500
1003,414,392,1320044,7940,234516,3197500
1004,372,396,1319672,7916,234912,3094100
1005,400,417,1319272,7899,235329,3593100
1006,377,388,1318895,7888,235717,3254900
1007,393,371,1318502,7910,236088,3113900
1008,384,351,1318118,7943,236439,3529900
1009,426,374,1317692,7995,236813,3439000
1010,391,415,1317301,7971,237228,3161800
1011,379,361,1316922,7989,237589,3331100
1012,382,380,1316540,7991,237969,3450200
1013,396,389,1316144,7998,238358,3658600
1014,394,388,1315750,8004,238746,3206200
1015,405,433,1315345,7976,239179,3356400
1016,423,385,1314922,8014,239564,3423900
1017,402,415,1314520,8001,239979,3353000
1018,378,396,1314142,7983,240375,3148200
1019,384,390,1313758,7977,240765,3287400
1020,354,438,1313404,7893,241203,3458300
1021,400,386,1313004,7907,241589,3439200
1022,374,384,1312630,7897,241973,3503600
1023,401,410,1312229,7888,242383,3318000
1024,373,404,1311856,7857,242787,3680700
1025,385,407,1311471,7835,243194,3207600
1026,385,419,1311086,7801,243613,3296100
1027,386,368,1310700,7819,243981,3308000
1028,380,384,1310320,7815,244365,3320900
1029,405,380,1309915,7840,244745,3295800
1030,409,394,1309506,7855,245139,3426900
1031,382,389,1309124,7848,245528,3194800
1032,368,379,1308756,7837,245907,3158900
1033,361,391,1308395,7807,246298,3519200
1034,369,371,1308026,7805,246669,3871800
1035,361,381,1307665,7785,247050,3424900
1036,380,355,1307285,7810,247405,3379800
1037,392,388,1306893,7814,247793,3445300
1038,376,378,1306517,7812,248171,5595400
1039,400,396,1306117,7816,248567,6083400
1040,382,353,1305735,7845,248920,4994700
1041,346,384,1305389,7807,249304,4671200
1042,380,420,1305009,7767,249724,3939900
1043,354,398,1304655,7723,250122,3368200
1044,373,406,1304282,7690,250528,3542200
1045,373,384,1303909,7679,250912,4250600
1046,385,368,1303524,7696,251280,3918900
1047,374,388,1303150,7682,251668,3707300
1048,390,396,1302760,7676,252064,3473400
1049,363,392,1302397,7647,252456,3274400
1050,360,387,1302037,7620,252843,3286100
1051,372,371,1301665,7621,253214,3263500
1052,361,374,1301304,7608,253588,3280200
1053,358,379,1300946,7587,253967,3474500
1054,359,360,1300587,7586,254327,3225200
1055,358,370,1300229,7574,254697,3362400
1056,361,357,1299868,7578,255054,3250900
1057,370,379,1299498,7569,255433,3420700
1058,360,376,1299138,7553,255809,3163500
1059,321,394,1298817,7480,256203,3363300
1060,348,348,1298469,7480,256551,3515300
1061,373,384,1298096,7469,256935,3220600
1062,385,348,1297711,7506,257283,3383400
1063,350,382,1297361,7474,257665,3427900
1064,377,393,1296984,7458,258058,3258100
1065,350,360,1296634,7448,258418,3157900
1066,371,389,1296263,7430,258807,3565800
1067,332,407,1295931,7355,259214,3408500
1068,366,379,1295565,7342,259593,3117200
1069,354,367,1295211,7329,259960,3236400
1070,370,349,1294841,7350,260309,3217100
1071,348,373,1294493,7325,260682,3195600
1072,360,353,1294133,7332,261035,3372900
1073,361,358,1293772,7335,261393,3110800
1074,370,359,1293402,7346,261752,3332300
1075,353,376,1293049,7323,262128,3306200
1076,371,378,1292678,7316,262506,3209600
1077,364,337,1292314,7343,262843,3577900
1078,380,362,1291934,7361,263205,3152000
1079,374,350,1291560,7385,263555,3173100
1080,353,423,1291207,7315,263978,3326200
1081,375,364,1290832,7326,264342,3390100
1082,363,397,1290469,7292,264739,3385200
1083,348,387,1290121,7253,265126,3199800
1084,350,389,1289771,7214,265515,3708700
1085,364,372,1289407,7206,265887,3387900
1086,319,356,1289088,7169,266243,3449700
1087,344,361,1288744,7152,266604,3354500
1088,338,363,1288406,7127,266967,3130400
1089,321,358,1288085,7090,267325,3287400
1090,352,323,1287733,7119,267648,3732900
1091,339,350,1287394,7108,267998,3177600
1092,352,336,1287042,7124,268334,3594200
1093,347,340,1286695,7131,268674,3338600
1094,323,390,1286372,7064,269064,3324200
1095,352,366,1286020,7050,269430,3310300
1096,355,349,1285665,7056,269779,3288900
1097,372,371,1285293,7057,270150,3279200
1098,359,369,1284934,7047,270519,3238100
1099,349,343,1284585,7053,270862,3454800
1100,355,350,1284230,7058,271212,3551300
1101,368,366,1283862,7060,271578,3262700
1102,352,356,1283510,7056,271934,3635000
1103,366,365,1283144,7057,272299,3355100
1104,366,369,1282778,7054,272668,3145500
1105,374,371,1282404,7057,273039,3311200
1106,339,364,1282065,7032,273403,3210000
1107,367,338,1281698,7061,273741,3509900
1108,362,361,1281336,7062,274102,3445600
1109,372,351,1280964,7083,274453,3258000
1110,379,352,1280585,7110,274805,3441900
1111,379,347,1280206,7142,275152,3276200
1112,352,365,1279854,7129,275517,3301800
1113,364,338,1279490,7155,275855,3233900
1114,368,363,1279122,7160,276218,3101400
1115,377,382,1278745,7155,276600,3377800
1116,345,369,1278400,7131,276969,3084300
1117,382,318,1278018,7195,277287,3355000
1118,361,372,1277657,7184,277659,3343400
1119,332,337,1277325,7179,277996,3490500
1120,340,353,1276985,7166,278349,3521400
1121,350,353,1276635,7163,278702,3634700
1122,375,361,1276260,7177,279063,3530900
1123,364,355,1275896,7186,279418,3728900
1124,354,365,1275542,7175,279783,3190800
1125,365,340,1275177,7200,280123,3440700
1126,353,379,1274824,7174,280502,3522200
1127,341,334,1274483,7181,280836,3261900
1128,349,375,1274134,7155,281211,3606300
1129,390,341,1273744,7204,281552,3148500
1130,360,348,1273384,7216,281900,3501900
1131,332,341,1273052,7207,282241,3351700
1132,362,369,1272690,7200,282610,3329000
1133,326,374,1272364,7152,282984,3371500
1134,340,383,1272024,7109,283367,3343300
1135,360,374,1271664,7095,283741,3628700
1136,331,366,1271333,7060,284107,3268900
1137,317,366,1271016,7011,284473,3384300
1138,312,370,1270704,6953,284843,3361800
1139,361,390,1270343,6924,285233,3646900
1140,329,387,1270014,6866,285620,3407300
1141,301,319,1269713,6848,285939,3825200
1142,315,406,1269398,6757,286345,3423800
1143,313,342,1269085,6728,286687,3606200
1144,344,324,1268741,6748,287011,3264800
1145,354,340,1268387,6762,287351,3329100
1146,352,328,1268035,6786,287679,3080000
1147,286,306,1267749,6766,287985,3237100
1148,336,369,1267413,6733,288354,3211500
1149,360,330,1267053,6763,288684,3405800
1150,324,336,1266729,6751,289020,3473800
1151,319,353,1266410,6717,289373,3102700
1152,321,327,1266089,6711,289700,3292700
1153,349,331,1265740,6729,290031,3584100
1154,367,365,1265373,6731,290396,3194400
1155,352,334,1265021,6749,290730,3265100
1156,350,320,1264671,6779,291050,3208700
1157,320,332,1264351,6767,291382,3144800
1158,354,357,1263997,6764,291739,3488200
1159,322,338,1263675,6748,292077,3207400
1160,357,339,1263318,6766,292416,3384900
1161,356,346,1262962,6776,292762,3334800
1162,357,365,1262605,6768,293127,3218000
1163,355,357,1262250,6766,293484,3318900
1164,339,341,1261911,6764,293825,3342700
1165,336,351,1261575,6749,294176,3221200
1166,367,324,1261208,6792,294500,3367200
1167,339,326,1260869,6805,294826,3232900
1168,341,298,1260528,6848,295124,3471300
1169,372,344,1260156,6876,295468,3330100
1170,344,330,1259812,6890,295798,3167400
1171,330,361,1259482,6859,296159,3337500
1172,324,351,1259158,6832,296510,3400600
1173,348,367,1258810,6813,296877,3363400
1174,343,359,1258467,6797,297236,3146500
1175,341,368,1258126,6770,297604,3134200
1176,342,339,1257784,6773,297943,3118600
1177,329,325,1257455,6777,298268,3506400
1178,348,321,1257107,6804,298589,3683700
1179,358,337,1256749,6825,298926,3255800
1180,364,311,1256385,6878,299237,3089900
1181,305,352,1256080,6831,299589,3179600
1182,347,352,1255733,6826,299941,3169900
1183,321,360,1255412,6787,300301,3146100
1184,327,341,1255085,6773,300642,3270000
1185,327,304,1254758,6796,300946,3680600
1186,399,320,1254359,6875,301266,3180000
1187,317,356,1254042,6836,301622,3371000
1188,320,363,1253722,6793,301985,3547100
1189,346,312,1253376,6827,302297,3416700
1190,323,360,1253053,6790,302657,3135700
1191,332,352,1252721,6770,303009,3248500
1192,336,340,1252385,6766,303349,3080800
1193,324,324,1252061,6766,303673,3198200
1194,375,364,1251686,6777,304037,3278700
1195,342,301,1251344,6818,304338,3524200
1196,348,335,1250996,6831,304673,3187500
1197,329,330,1250667,6830,305003,3338200
1198,335,306,1250332,6859,305309,3274000
1199,318,370,1250014,6807,305679,3319000
1200,344,330,1249670,6821,306009,3408600
1201,306,324,1249364,6803,306333,3130800
1202,290,349,1249074,6744,306682,3238900
1203,326,377,1248748,6693,307059,3285500
1204,334,339,1248414,6688,307398,3377700
1205,342,342,1248072,6688,307740,3370700
1206,339,357,1247733,6670,308097,3385300
1207,320,338,1247413,6652,308435,3231900
1208,333,349,1247080,6636,308784,3163400
1209,344,321,1246736,6659,309105,3226200
1210,322,349,1246414,6632,309454,3273900
1211,338,341,1246076,6629,309795,3286800
1212,311,337,1245765,6603,310132,3370700
1213,347,312,1245418,6638,310444,3130400
1214,318,328,1245100,6628,310772,3265200
1215,345,308,1244755,6665,311080,3318600
1216,343,308,1244412,6700,311388,3338700
1217,344,329,1244068,6715,311717,3261900
1218,343,333,1243725,6725,312050,3320000
1219,349,359,1243376,6715,312409,3369800
1220,366,334,1243010,6747,312743,3249900
1221,314,322,1242696,6739,313065,3093800
1222,337,316,1242359,6760,313381,3205000
1223,376,337,1241983,6799,313718,3202000
1224,342,366,1241641,6775,314084,3205700
1225,326,299,1241315,6802,314383,3555700
1226,334,346,1240981,6790,314729,3246100
1227,333,375,1240648,6748,315104,3214600
1228,337,372,1240311,6713,315476,3361800
1229,302,317,1240009,6698,315793,3135400
1230,329,325,1239680,6702,316118,3403700
1231,330,360,1239350,6672,316478,3640600
1232,319,325,1239031,6666,316803,3683100
1233,315,349,1238716,6632,317152,3307200
1234,340,341,1238376,6631,317493,3565500
1235,319,303,1238057,6647,317796,3266700
1236,323,318,1237734,6652,318114,3187200
1237,323,308,1237411,6667,318422,3124400
1238,325,320,1237086,6672,318742,3334300
1239,358,314,1236728,6716,319056,3396300
1240,300,336,1236428,6680,319392,3215700
1241,336,331,1236092,6685,319723,3454100
1242,332,328,1235760,6689,320051,3392600
1243,325,333,1235435,6681,320384,3245200
1244,338,338,1235097,6681,320722,3302000
1245,320,305,1234777,6696,321027,3140600
1246,313,317,1234464,6692,321344,3369300
1247,319,311,1234145,6700,321655,3172000
1248,333,367,1233812,6666,322022,3304300
1249,293,334,1233519,6625,322356,3478200
1250,345,320,1233174,6650,322676,3144800
1251,279,361,1232895,6568,323037,3288700
1252,317,319,1232578,6566,323356,3612800
1253,302,357,1232276,6511,323713,3153500
1254,334,354,1231942,6491,324067,3128700
1255,288,306,1231654,6473,324373,3089200
1256,335,298,1231319,6510,324671,3337600
1257,319,320,1231000,6509,324991,3164700
1258,327,329,1230673,6507,325320,3232300
1259,318,316,1230355,6509,325636,3166200
1260,350,303,1230005,6556,325939,3044600
1261,326,330,1229679,6552,326269,3417500
1262,327,308,1229352,6571,326577,3468300
1263,342,331,1229010,6582,326908,3558400
1264,334,337,1228676,6579,327245,4827400
1265,320,330,1228356,6569,327575,4878100
1266,333,306,1228023,6596,327881,4372300
1267,334,340,1227689,6590,328221,4426300
1268,318,307,1227371,6601,328528,4234800
1269,307,308,1227064,6600,328836,3433400
1270,343,335,1226721,6608,329171,3403700
1271,319,363,1226402,6564,329534,4139100
1272,323,318,1226079,6569,329852,3589200
1273,316,289,1225763,6596,330141,3426100
1274,325,352,1225438,6569,330493,3363100
1275,317,300,1225121,6586,330793,3244000
1276,335,317,1224786,6604,331110,3378700
1277,335,300,1224451,6639,331410,3486000
1278,345,336,1224106,6648,331746,3138400
1279,355,351,1223751,6652,332097,3269500
1280,320,296,1223431,6676,332393,3191800
1281,337,303,1223094,6710,332696,3223400
1282,352,347,1222742,6715,333043,3187500
1283,319,339,1222423,6695,333382,3554300
1284,312,351,1222111,6656,333733,3384700
1285,319,325,1221792,6650,334058,3200100
1286,341,365,1221451,6626,334423,3162600
1287,328,354,1221123,6600,334777,3234300
1288,347,342,1220776,6605,335119,3531200
1289,333,340,1220443,6598,335459,3217900
1290,304,309,1220139,6593,335768,3158000
1291,312,328,1219827,6577,336096,3506600
1292,318,330,1219509,6565,336426,3451900
1293,331,351,1219178,6545,336777,3088100
1294,311,315,1218867,6541,337092,3605000
1295,315,345,1218552,6511,337437,3103300
1296,347,341,1218205,6517,337778,3385000
1297,331,347,1217874,6501,338125,3593400
1298,329,300,1217545,6530,338425,3114100
1299,338,309,1217207,6559,338734,3381200
1300,331,366,1216876,6524,339100,3463100
1301,299,343,1216577,6480,339443,3499300
1302,331,327,1216246,6484,339770,3337900
1303,327,344,1215919,6467,340114,3173100
1304,324,356,1215595,6435,340470,3492700
1305,333,298,1215262,6470,340768,3252400
1306,339,324,1214923,6485,341092,3605400
1307,327,314,1214596,6498,341406,3219900
1308,340,307,1214256,6531,341713,3752400
1309,347,321,1213909,6557,342034,3763600
1310,346,310,1213563,6593,342344,3365900
1311,346,342,1213217,6597,342686,3440500
1312,359,297,1212858,6659,342983,3202000
1313,344,337,1212514,6666,343320,3410100
1314,335,342,1212179,6659,343662,3264400
1315,296,349,1211883,6606,344011,3471300
1316,353,332,1211530,6627,344343,3246500
1317,338,289,1211192,6676,344632,3458800
1318,335,349,1210857,6662,344981,3347200
1319,364,267,1210493,6759,345248,3522500
1320,320,332,1210173,6747,345580,3150000
1321,315,359,1209858,6703,345939,3161900
1322,348,305,1209510,6746,346244,3312300
1323,321,348,1209189,6719,346592,3419900
1324,347,338,1208842,6728,346930,3078900
1325,343,353,1208499,6718,347283,3585100
1326,340,348,1208159,6710,347631,3272700
1327,315,364,1207844,6661,347995,3244300
1328,303,331,1207541,6633,348326,3588600
1329,326,341,1207215,6618,348667,3644500
1330,314,336,1206901,6596,349003,3158800
1331,337,318,1206564,6615,349321,3358400
1332,340,338,1206224,6617,349659,3532000
1333,313,364,1205911,6566,350023,3277700
1334,327,327,1205584,6566,350350,3304400
1335,344,344,1205240,6566,350694,3231100
1336,367,326,1204873,6607,351020,3088200
1337,348,319,1204525,6636,351339,3396700
1338,346,355,1204179,6627,351694,3382500
1339,330,355,1203849,6602,352049,3485500
1340,344,309,1203505,6637,352358,3259000
1341,373,330,1203132,6680,352688,3218500
1342,345,319,1202787,6706,353007,3235100
1343,345,339,1202442,6712,353346,3646400
1344,350,332,1202092,6730,353678,3332200
1345,372,332,1201720,6770,354010,3128900
1346,326,314,1201394,6782,354324,3222400
1347,330,318,1201064,6794,354642,3681700
1348,331,339,1200733,6786,354981,3711900
1349,322,335,1200411,6773,355316,3389600
1350,330,340,1200081,6763,355656,3697000
1351,338,342,1199743,6759,355998,3482500
1352,361,337,1199382,6783,356335,3319600
1353,323,315,1199059,6791,356650,3196700
1354,361,334,1198698,6818,356984,3402800
1355,315,307,1198383,6826,357291,3096900
1356,317,377,1198066,6766,357668,4162300
1357,329,321,1197737,6774,357989,3303300
1358,319,351,1197418,6742,358340,3760200
1359,298,360,1197120,6680,358700,3465600
1360,308,359,1196812,6629,359059,3192200
1361,319,335,1196493,6613,359394,3161700
1362,333,371,1196160,6575,359765,3427300
1363,313,321,1195847,6567,360086,3491100
1364,336,332,1195511,6571,360418,3273000
1365,336,321,1195175,6586,360739,3084900
1366,315,351,1194860,6550,361090,3375700
1367,305,311,1194555,6544,361401,3150400
1368,328,353,1194227,6519,361754,3543100
1369,314,348,1193913,6485,362102,3468000
1370,324,330,1193589,6479,362432,3553300
1371,311,290,1193278,6500,362722,3470200
1372,327,326,1192951,6501,363048,3572100
1373,312,351,1192639,6462,363399,3272400
1374,319,314,1192320,6467,363713,3240000
1375,338,325,1191982,6480,364038,3226700
1376,314,346,1191668,6448,364384,3568500
1377,334,330,1191334,6452,364714,3376400
1378,339,325,1190995,6466,365039,3172400
1379,314,344,1190681,6436,365383,3342000
1380,334,311,1190347,6459,365694,3298900
1381,335,347,1190012,6447,366041,3490100
1382,296,317,1189716,6426,366358,3393500
1383,322,309,1189394,6439,366667,3223200
1384,327,287,1189067,6479,366954,3383900
1385,302,317,1188765,6464,367271,3318700
1386,307,293,1188458,6478,367564,3314300
1387,302,302,1188156,6478,367866,3394800
1388,320,326,1187836,6472,368192,3242000
1389,329,321,1187507,6480,368513,3209300
1390,307,336,1187200,6451,368849,3384600
1391,340,333,1186860,6458,369182,3504500
1392,325,334,1186535,6449,369516,3470000
1393,296,321,1186239,6424,369837,3361100
1394,336,306,1185903,6454,370143,3240600
1395,310,321,1185593,6443,370464,3347800
1396,329,328,1185264,6444,370792,3315900
1397,318,333,1184946,6429,371125,3578500
1398,310,350,1184636,6389,371475,3275500
1399,317,330,1184319,6376,371805,3334100
1400,326,316,1183993,6386,372121,3303700
1401,310,314,1183683,6382,372435,3129600
1402,332,309,1183351,6405,372744,3333800
1403,328,307,1183023,6426,373051,3304700
1404,338,328,1182685,6436,373379,3222900
1405,324,368,1182361,6392,373747,3378000
1406,307,296,1182054,6403,374043,3198800
1407,349,326,1181705,6426,374369,3661000
1408,296,323,1181409,6399,374692,3184000
1409,362,314,1181047,6447,375006,3151200
1410,347,316,1180700,6478,375322,3322800
1411,315,300,1180385,6493,375622,3211800
1412,338,356,1180047,6475,375978,3584600
1413,323,302,1179724,6496,376280,3254300
1414,329,337,1179395,6488,376617,3279400
1415,346,298,1179049,6536,376915,3305900
1416,314,330,1178735,6520,377245,3543400
1417,335,309,1178400,6546,377554,3545700
1418,319,316,1178081,6549,377870,3531700
1419,319,332,1177762,6536,378202,3320300
1420,324,348,1177438,6512,378550,3362700
1421,319,322,1177119,6509,378872,3171600
1422,342,342,1176777,6509,379214,3277400
1423,332,297,1176445,6544,379511,3171400
1424,331,329,1176114,6546,379840,3226900
1425,304,349,1175810,6501,380189,3835800
1426,324,333,1175486,6492,380522,3363100
1427,324,314,1175162,6502,380836,3247500
1428,324,330,1174838,6496,381166,3348400
1429,325,332,1174513,6489,381498,3287100
1430,322,284,1174191,6527,381782,3408000
1431,317,327,1173874,6517,382109,3151700
1432,318,369,1173556,6466,382478,3236100
1433,355,325,1173201,6496,382803,3345700
1434,311,344,1172890,6463,383147,3388900
1435,297,305,1172593,6455,383452,3735800
1436,361,312,1172232,6504,383764,3406000
1437,323,329,1171909,6498,384093,3416000
1438,300,317,1171609,6481,384410,3105800
1439,313,330,1171296,6464,384740,3488800
1440,303,329,1170993,6438,385069,3557000
1441,305,304,1170688,6439,385373,3559400
1442,319,314,1170369,6444,385687,3263700
1443,333,308,1170036,6469,385995,3464400
1444,328,313,1169708,6484,386308,3355200
1445,310,307,1169398,6487,386615,3613200
1446,283,325,1169115,6445,386940,3549300
1447,293,327,1168822,6411,387267,3396900
1448,298,306,1168524,6403,387573,3263700
1449,336,319,1168188,6420,387892,3403500
1450,322,299,1167866,6443,388191,3265500
1451,289,342,1167577,6390,388533,3416500
1452,303,353,1167274,6340,388886,3240200
1453,297,335,1166977,6302,389221,3257700
1454,330,342,1166647,6290,389563,3203100
1455,333,303,1166314,6320,389866,3258600
1456,292,308,1166022,6304,390174,3402700
1457,289,350,1165733,6243,390524,3315500
1458,331,350,1165402,6224,390874,3360700
1459,298,324,1165104,6198,391198,3885300
1460,306,313,1164798,6191,391511,3296000
1461,306,290,1164492,6207,391801,3773700
1462,317,338,1164175,6186,392139,3503100
1463,293,287,1163882,6192,392426,3444600
1464,305,282,1163577,6215,392708,3152100
1465,340,312,1163237,6243,393020,3034800
1466,352,328,1162885,6267,393348,3014900
1467,308,305,1162577,6270,393653,3669000
1468,322,318,1162255,6274,393971,3153700
1469,396,336,1161859,6334,394307,3539700
1470,357,324,1161502,6367,394631,3213200
1471,316,318,1161186,6365,394949,3617400
1472,336,309,1160850,6392,395258,3385000
1473,326,339,1160524,6379,395597,3158400
1474,337,308,1160187,6408,395905,3104200
1475,342,331,1159845,6419,396236,3035100
1476,360,322,1159485,6457,396558,3209500
1477,315,318,1159170,6454,396876,3097800
1478,305,300,1158865,6459,397176,3064100
1479,376,332,1158489,6503,397508,3129300
1480,320,322,1158169,6501,397830,3531400
1481,335,291,1157834,6545,398121,3637400
1482,321,326,1157513,6540,398447,3425800
1483,330,302,1157183,6568,398749,3203200
1484,308,305,1156875,6571,399054,3316400
1485,298,315,1156577,6554,399369,3230700
1486,354,357,1156223,6551,399726,3149000
1487,323,317,1155900,6557,400043,3099200
1488,320,328,1155580,6549,400371,3353800
1489,314,340,1155266,6523,400711,3544900
1490,330,322,1154936,6531,401033,3688400
1491,330,315,1154606,6546,401348,3255900
1492,325,361,1154281,6510,401709,3394500
1493,316,331,1153965,6495,402040,3476100
1494,318,338,1153647,6475,402378,3615300
1495,324,314,1153323,6485,402692,3361500
1496,349,276,1152974,6558,402968,3478200
1497,364,327,1152610,6595,403295,3486000
1498,332,319,1152278,6608,403614,3236100
1499,357,333,1151921,6632,403947,3607900
1500,348,314,1151573,6666,404261,3314500
1501,316,343,1151257,6639,404604,3263200
1502,357,329,1150900,6667,404933,3464400
1503,354,336,1150546,6685,405269,3846200
1504,384,322,1150162,6747,405591,3508600
1505,344,320,1149818,6771,405911,3533700
1506,354,350,1149464,6775,406261,3462900
1507,340,344,1149124,6771,406605,3245800
1508,314,342,1148810,6743,406947,3572500
1509,316,325,1148494,6734,407272,3321300
1510,330,354,1148164,6710,407626,3418900
1511,340,312,1147824,6738,407938,3417600
1512,379,345,1147445,6772,408283,3394000
1513,303,350,1147142,6725,408633,3527100
1514,333,347,1146809,6711,408980,3319200
1515,312,339,1146497,6684,409319,3298300
1516,329,331,1146168,6682,409650,3153700
1517,318,315,1145850,6685,409965,3389600
1518,331,341,1145519,6675,410306,3553000
1519,342,319,1145177,6698,410625,3395400
1520,346,354,1144831,6690,410979,3314100
1521,285,300,1144546,6675,411279,3174700
1522,314,304,1144232,6685,411583,3368400
1523,353,338,1143879,6700,411921,3325100
1524,338,332,1143541,6706,412253,3621000
1525,319,302,1143222,6723,412555,3670800
1526,308,356,1142914,6675,412911,3452100
1527,320,348,1142594,6647,413259,3916300
1528,312,307,1142282,6652,413566,3331700
1529,320,328,1141962,6644,413894,3297100
1530,349,370,1141613,6623,414264,3431100
1531,378,350,1141235,6651,414614,3506500
1532,328,305,1140907,6674,414919,3203100
1533,312,329,1140595,6657,415248,3266000
1534,325,331,1140270,6651,415579,3254000
1535,353,333,1139917,6671,415912,3683400
1536,329,352,1139588,6648,416264,3560800
1537,334,331,1139254,6651,416595,3152100
1538,317,341,1138937,6627,416936,3277800
1539,327,343,1138610,6611,417279,3210600
1540,343,368,1138267,6586,417647,3424300
1541,329,346,1137938,6569,417993,3438500
1542,347,301,1137591,6615,418294,3151900
1543,360,349,1137231,6626,418643,3173000
1544,334,336,1136897,6624,418979,3322500
1545,356,329,1136541,6651,419308,3515600
1546,323,365,1136218,6609,419673,3458300
1547,329,324,1135889,6614,419997,3133300
1548,325,349,1135564,6590,420346,3279700
1549,317,326,1135247,6581,420672,3520600
1550,307,322,1134940,6566,420994,3271200
1551,351,307,1134589,6610,421301,3380300
1552,343,320,1134246,6633,421621,3126200
1553,331,323,1133915,6641,421944,3564800
1554,346,361,1133569,6626,422305,3261400
1555,319,334,1133250,6611,422639,3231100
1556,338,330,1132912,6619,422969,3299800
1557,290,316,1132622,6593,423285,3369300
1558,343,329,1132279,6607,423614,3203400
1559,288,350,1131991,6545,423964,3563000
1560,295,325,1131696,6515,424289,3650700
1561,304,322,1131392,6497,424611,3152900
1562,344,333,1131048,6508,424944,3366200
1563,334,297,1130714,6545,425241,3484100
1564,310,336,1130404,6519,425577,3547600
1565,336,300,1130068,6555,425877,3106100
1566,347,344,1129721,6558,426221,3105500
1567,356,309,1129365,6605,426530,3134900
1568,330,350,1129035,6585,426880,3159700
1569,318,318,1128717,6585,427198,3452800
1570,313,326,1128404,6572,427524,3245900
1571,333,348,1128071,6557,427872,3267300
1572,314,303,1127757,6568,428175,3068500
1573,328,339,1127429,6557,428514,3204600
1574,334,330,1127095,6561,428844,14701800
1575,309,344,1126786,6526,429188,4060100
1576,338,349,1126448,6515,429537,3331500
1577,326,325,1126122,6516,429862,3308700
1578,300,334,1125822,6482,430196,3546600
1579,342,324,1125480,6500,430520,3465000
1580,310,293,1125170,6517,430813,3275900
1581,323,314,1124847,6526,431127,3315900
1582,337,327,1124510,6536,431454,3513200
1583,335,329,1124175,6542,431783,3626000
1584,301,318,1123874,6525,432101,3320900
1585,317,291,1123557,6551,432392,3265900
1586,307,312,1123250,6546,432704,3231400
1587,314,336,1122936,6524,433040,3506900
1588,303,314,1122633,6513,433354,3250100
1589,332,336,1122301,6509,433690,3326500
1590,331,345,1121970,6495,434035,3531400
1591,332,327,1121638,6500,434362,3293900
1592,398,346,1121240,6552,434708,3506200
1593,330,293,1120910,6589,435001,3458500
1594,310,331,1120600,6568,435332,3425700
1595,326,320,1120274,6574,435652,3416900
1596,344,339,1119930,6579,435991,3540300
1597,322,297,1119608,6604,436288,5385400
1598,319,344,1119289,6579,436632,5073400
1599,306,344,1118983,6541,436976,4598800
1600,323,367,1118660,6497,437343,4724300
1601,341,335,1118319,6503,437678,3693600
1602,331,351,1117988,6483,438029,3879100
1603,347,329,1117641,6501,438358,4038500
1604,310,329,1117331,6482,438687,4989800
1605,350,351,1116981,6481,439038,3792900
1606,298,307,1116683,6472,439345,3500200
1607,336,326,1116347,6482,439671,3352600
1608,321,338,1116026,6465,440009,3929600
1609,313,322,1115713,6456,440331,3506800
1610,316,322,1115397,6450,440653,3343200
1611,324,344,1115073,6430,440997,3278100
1612,336,334,1114737,6432,441331,3690900
1613,306,311,1114431,6427,441642,3411500
1614,336,320,1114095,6443,441962,3522400
1615,307,350,1113788,6400,442312,3267500
1616,319,313,1113469,6406,442625,3511800
1617,317,326,1113152,6397,442951,3664300
1618,320,320,1112832,6397,443271,3434300
1619,344,313,1112488,6428,443584,3590100
1620,351,303,1112137,6476,443887,3218700
1621,307,335,1111830,6448,444222,3406200
1622,324,308,1111506,6464,444530,3291600
1623,305,316,1111201,6453,444846,3359000
1624,331,309,1110870,6475,445155,3322600
1625,347,324,1110523,6498,445479,3241700
1626,324,333,1110199,6489,445812,3560700
1627,312,337,1109887,6464,446149,3220600
1628,296,316,1109591,6444,446465,3335800
1629,315,298,1109276,6461,446763,3467200
1630,325,358,1108951,6428,447121,3309900
1631,304,319,1108647,6413,447440,3353900
1632,315,351,1108332,6377,447791,3308300
1633,335,324,1107997,6388,448115,3375500
1634,331,313,1107666,6406,448428,3455000
1635,320,329,1107346,6397,448757,3390500
1636,311,313,1107035,6395,449070,3461900
1637,300,324,1106735,6371,449394,3168200
1638,311,341,1106424,6341,449735,3417500
1639,329,298,1106095,6372,450033,3553100
1640,310,315,1105785,6367,450348,3401300
1641,293,317,1105492,6343,450665,3487300
1642,308,301,1105184,6350,450966,3489400
1643,306,302,1104878,6354,451268,3440700
1644,355,324,1104523,6385,451592,3328800
1645,328,333,1104195,6380,451925,3241200
1646,322,318,1103873,6384,452243,3206100
1647,346,339,1103527,6391,452582,3308800
1648,308,326,1103219,6373,452908,3541600
1649,354,308,1102865,6419,453216,3403400
1650,350,327,1102515,6442,453543,3302500
1651,329,310,1102186,6461,453853,3385200
1652,348,309,1101838,6500,454162,3351000
1653,340,339,1101498,6501,454501,3272000
1654,347,312,1101151,6536,454813,3213600
1655,332,331,1100819,6537,455144,3327700
1656,313,339,1100506,6511,455483,3168300
1657,356,345,1100150,6522,455828,3587300
1658,343,316,1099807,6549,456144,3398700
1659,354,329,1099453,6574,456473,3241400
1660,334,314,1099119,6594,456787,3189800
1661,340,329,1098779,6605,457116,3236800
1662,333,365,1098446,6573,457481,3422900
1663,313,335,1098133,6551,457816,3341200
1664,311,358,1097822,6504,458174,3159900
1665,332,353,1097490,6483,458527,3246200
1666,323,339,1097167,6467,458866,3290000
1667,334,302,1096833,6499,459168,3284900
1668,316,325,1096517,6490,459493,3266200
1669,316,350,1096201,6456,459843,3336400
1670,346,313,1095855,6489,460156,3272200
1671,295,349,1095560,6435,460505,3235600
1672,356,325,1095204,6466,460830,3334300
1673,336,373,1094868,6429,461203,3399700
1674,308,325,1094560,6412,461528,3544000
1675,340,308,1094220,6444,461836,3544000
1676,308,326,1093912,6426,462162,3713200
1677,355,295,1093557,6486,462457,3358900
1678,309,344,1093248,6451,462801,3294800
1679,322,319,1092926,6454,463120,3181000
1680,319,294,1092607,6479,463414,3422700
1681,324,311,1092283,6492,463725,3281100
1682,303,328,1091980,6467,464053,3565300
1683,315,344,1091665,6438,464397,3304400
1684,341,326,1091324,6453,464723,3580400
1685,330,309,1090994,6474,465032,3599900
1686,322,329,1090672,6467,465361,3177300
1687,320,344,1090352,6443,465705,3260400
1688,320,325,1090032,6438,466030,3277700
1689,311,281,1089721,6468,466311,3445000
1690,342,322,1089379,6488,466633,3451400
1691,333,326,1089046,6495,466959,3241400
1692,322,332,1088724,6485,467291,3403500
1693,371,324,1088353,6532,467615,3427200
1694,348,341,1088005,6539,467956,3597600
1695,341,312,1087664,6568,468268,3934200
1696,366,332,1087298,6602,468600,3323100
1697,318,334,1086980,6586,468934,3624700
1698,338,331,1086642,6593,469265,3379600
1699,341,337,1086301,6597,469602,3476600
1700,317,291,1085984,6623,469893,3301000
1701,319,313,1085665,6629,470206,3311000
1702,345,289,1085320,6685,470495,3668800
1703,337,314,1084983,6708,470809,3222100
1704,348,320,1084635,6736,471129,3224000
1705,330,316,1084305,6750,471445,3293400
1706,329,299,1083976,6780,471744,3391800
1707,339,328,1083637,6791,472072,3218000
1708,360,348,1083277,6803,472420,3429500
1709,359,349,1082918,6813,472769,3367500
1710,350,386,1082568,6777,473155,3321200
1711,342,333,1082226,6786,473488,3536400
1712,334,345,1081892,6775,473833,3494200
1713,358,331,1081534,6802,474164,3405800
1714,349,334,1081185,6817,474498,3398200
1715,330,360,1080855,6787,474858,3704500
1716,390,351,1080465,6826,475209,3494700
1717,360,344,1080105,6842,475553,3531100
1718,342,345,1079763,6839,475898,3307200
1719,346,347,1079417,6838,476245,3715100
1720,349,347,1079068,6840,476592,3536600
1721,324,355,1078744,6809,476947,3394100
1722,325,359,1078419,6775,477306,3482000
1723,319,302,1078100,6792,477608,3506200
1724,333,342,1077767,6783,477950,3260200
1725,326,352,1077441,6757,478302,3282900
1726,340,291,1077101,6806,478593,3502900
1727,346,356,1076755,6796,478949,3556600
1728,342,330,1076413,6808,479279,3481600
1729,356,351,1076057,6813,479630,3587700
1730,335,333,1075722,6815,479963,3750100
1731,332,367,1075390,6780,480330,3474400
1732,341,312,1075049,6809,480642,3575400
1733,354,328,1074695,6835,480970,3690300
1734,354,355,1074341,6834,481325,3448400
1735,343,349,1073998,6828,481674,3590300
1736,339,377,1073659,6790,482051,3417300
1737,320,330,1073339,6780,482381,3234600
1738,326,338,1073013,6768,482719,3449300
1739,318,366,1072695,6720,483085,3367900
1740,324,329,1072371,6715,483414,3361100
1741,333,328,1072038,6720,483742,3236500
1742,328,323,1071710,6725,484065,3496100
1743,347,333,1071363,6739,484398,3398100
1744,319,359,1071044,6699,484757,3269200
1745,355,368,1070689,6686,485125,3323500
1746,336,321,1070353,6701,485446,3473900
1747,334,366,1070019,6669,485812,3405600
1748,354,342,1069665,6681,486154,3394900
1749,322,308,1069343,6695,486462,3548100
1750,340,338,1069003,6697,486800,3604900
1751,317,325,1068686,6689,487125,3515900
1752,319,352,1068367,6656,487477,3235300
1753,305,313,1068062,6648,487790,3318000
1754,329,347,1067733,6630,488137,3437300
1755,328,309,1067405,6649,488446,3453200
1756,315,331,1067090,6633,488777,3580100
1757,313,309,1066777,6637,489086,3462500
1758,341,328,1066436,6650,489414,3605400
1759,345,329,1066091,6666,489743,3474300
1760,336,339,1065755,6663,490082,3295100
1761,357,354,1065398,6666,490436,3479500
1762,347,298,1065051,6715,490734,3554000
1763,331,355,1064720,6691,491089,3299400
1764,344,331,1064376,6704,491420,3773700
1765,334,336,1064042,6702,491756,3470100
1766,325,344,1063717,6683,492100,3478100
1767,313,358,1063404,6638,492458,3365400
1768,347,327,1063057,6658,492785,3335800
1769,350,353,1062707,6655,493138,3556200
1770,361,315,1062346,6701,493453,3533800
1771,365,337,1061981,6729,493790,3335800
1772,362,346,1061619,6745,494136,3379000
1773,356,349,1061263,6752,494485,3416100
1774,347,319,1060916,6780,494804,3679900
1775,350,354,1060566,6776,495158,3502600
1776,365,356,1060201,6785,495514,3283400
1777,367,333,1059834,6819,495847,3544500
1778,355,350,1059479,6824,496197,3582000
1779,351,348,1059128,6827,496545,3664400
1780,352,330,1058776,6849,496875,3304700
1781,336,327,1058440,6858,497202,3437300
1782,328,355,1058112,6831,497557,3301000
1783,330,321,1057782,6840,497878,3376700
1784,341,325,1057441,6856,498203,3398700
1785,336,374,1057105,6818,498577,3817900
1786,364,301,1056741,6881,498878,3293000
1787,301,347,1056440,6835,499225,3354700
1788,332,344,1056108,6823,499569,3421200
1789,355,371,1055753,6807,499940,3262000
1790,324,367,1055429,6764,500307,3679700
1791,336,326,1055093,6774,500633,3379600
1792,348,328,1054745,6794,500961,3641400
1793,332,358,1054413,6768,501319,3423600
1794,310,309,1054103,6769,501628,3609500
1795,357,326,1053746,6800,501954,3406900
1796,335,356,1053411,6779,502310,3723700
1797,352,353,1053059,6778,502663,3744300
1798,313,318,1052746,6773,502981,3366800
1799,330,353,1052416,6750,503334,3596100
1800,327,346,1052089,6731,503680,3702700
1801,351,307,1051738,6775,503987,3452700
1802,307,329,1051431,6753,504316,3424000
1803,293,346,1051138,6700,504662,3602000
1804,342,338,1050796,6704,505000,3375900
1805,316,338,1050480,6682,505338,3804300
1806,315,313,1050165,6684,505651,3358600
1807,314,340,1049851,6658,505991,3468100
1808,339,347,1049512,6650,506338,3780900
1809,307,318,1049205,6639,506656,3591300
1810,342,338,1048863,6643,506994,3577100
1811,319,337,1048544,6625,507331,3527600
1812,313,381,1048231,6557,507712,3436800
1813,320,333,1047911,6544,508045,3645900
1814,336,355,1047575,6525,508400,3383700
1815,329,324,1047246,6530,508724,3350600
1816,340,313,1046906,6557,509037,3329800
1817,324,339,1046582,6542,509376,3336500
1818,336,318,1046246,6560,509694,3561600
1819,311,318,1045935,6553,510012,3661700
1820,366,326,1045569,6593,510338,3328100
1821,327,331,1045242,6589,510669,3425300
1822,340,359,1044902,6570,511028,3631200
1823,324,350,1044578,6544,511378,3397500
1824,329,320,1044249,6553,511698,3563300
1825,326,321,1043923,6558,512019,3431000
1826,316,326,1043607,6548,512345,3384000
1827,339,295,1043268,6592,512640,3625000
1828,331,342,1042937,6581,512982,3339300
1829,332,295,1042605,6618,513277,3492100
1830,320,326,1042285,6612,513603,3470900
1831,352,307,1041933,6657,513910,3396800
1832,311,341,1041622,6627,514251,3484300
1833,322,342,1041300,6607,514593,3691800
1834,327,326,1040973,6608,514919,3376700
1835,315,338,1040658,6585,515257,3609500
1836,323,327,1040335,6581,515584,3462400
1837,298,337,1040037,6542,515921,3400800
1838,317,310,1039720,6549,516231,3323000
1839,323,304,1039397,6568,516535,3440900
1840,316,299,1039081,6585,516834,3411100
1841,322,334,1038759,6573,517168,3359500
1842,303,323,1038456,6553,517491,3779800
1843,298,327,1038158,6524,517818,3668300
1844,321,327,1037837,6518,518145,3434800
1845,328,308,1037509,6538,518453,3364400
1846,328,308,1037181,6558,518761,3438500
1847,304,327,1036877,6535,519088,3456600
1848,311,335,1036566,6511,519423,3379000
1849,325,347,1036241,6489,519770,3439300
1850,373,299,1035868,6563,520069,3662500
1851,348,322,1035520,6589,520391,3432500
1852,299,337,1035221,6551,520728,3699100
1853,316,314,1034905,6553,521042,3475900
1854,328,366,1034577,6515,521408,4119000
1855,322,318,1034255,6519,521726,3481400
1856,340,340,1033915,6519,522066,3439700
1857,309,354,1033606,6474,522420,3502700
1858,335,340,1033271,6469,522760,3511900
1859,307,309,1032964,6467,523069,3345400
1860,317,299,1032647,6485,523368,3519100
1861,341,353,1032306,6473,523721,3395900
1862,310,315,1031996,6468,524036,3484700
1863,324,330,1031672,6462,524366,3428100
1864,321,303,1031351,6480,524669,3352900
1865,343,344,1031008,6479,525013,3475900
1866,331,330,1030677,6480,525343,3334100
1867,318,335,1030359,6463,525678,3593300
1868,321,315,1030038,6469,525993,3561200
1869,324,327,1029714,6466,526320,4516600
1870,315,332,1029399,6449,526652,5259500
1871,346,317,1029053,6478,526969,5675600
1872,313,320,1028740,6471,527289,5319700
1873,328,320,1028412,6479,527609,4172700
1874,304,324,1028108,6459,527933,3682200
1875,323,339,1027785,6443,528272,3775200
1876,333,334,1027452,6442,528606,4955400
1877,350,329,1027102,6463,528935,3783600
1878,330,330,1026772,6463,529265,3780400
1879,363,353,1026409,6473,529618,3485800
1880,350,318,1026059,6505,529936,3592600
1881,347,333,1025712,6519,530269,3427800
1882,377,321,1025335,6575,530590,3445200
1883,333,334,1025002,6574,530924,3354800
1884,329,365,1024673,6538,531289,3376000
1885,313,310,1024360,6541,531599,3818900
1886,336,336,1024024,6541,531935,3333200
1887,365,378,1023659,6528,532313,3570600
1888,343,329,1023316,6542,532642,3394000
1889,340,334,1022976,6548,532976,3596700
1890,328,325,1022648,6551,533301,3353200
1891,348,329,1022300,6570,533630,3817700
1892,349,331,1021951,6588,533961,3669200
1893,338,320,1021613,6606,534281,3667800
1894,347,328,1021266,6625,534609,3408500
1895,358,310,1020908,6673,534919,3430500
1896,369,332,1020539,6710,535251,3407200
1897,352,329,1020187,6733,535580,3482400
1898,342,337,1019845,6738,535917,3285400
1899,309,344,1019536,6703,536261,3310600
1900,332,324,1019204,6711,536585,3734700
1901,351,348,1018853,6714,536933,3304000
1902,336,336,1018517,6714,537269,3657700
1903,331,310,1018186,6735,537579,3527700
1904,340,364,1017846,6711,537943,3272900
1905,356,326,1017490,6741,538269,3407000
1906,335,349,1017155,6727,538618,3318500
1907,329,339,1016826,6717,538957,3563300
1908,347,310,1016479,6754,539267,3671100
1909,338,330,1016141,6762,539597,3439100
1910,331,337,1015810,6756,539934,3406800
1911,356,351,1015454,6761,540285,3457900
1912,318,333,1015136,6746,540618,3323100
1913,353,341,1014783,6758,540959,3372600
1914,342,388,1014441,6712,541347,3522800
1915,319,353,1014122,6678,541700,3658800
1916,311,335,1013811,6654,542035,3423300
1917,337,338,1013474,6653,542373,3381700
1918,330,337,1013144,6646,542710,3406300
1919,307,359,1012837,6594,543069,3423500
1920,355,326,1012482,6623,543395,3270300
1921,358,325,1012124,6656,543720,3468900
1922,306,352,1011818,6610,544072,3427300
1923,312,332,1011506,6590,544404,3366800
1924,292,333,1011214,6549,544737,3403100
1925,360,326,1010854,6583,545063,3612800
1926,305,324,1010549,6564,545387,3679800
1927,338,355,1010211,6547,545742,3600900
1928,338,311,1009873,6574,546053,3411900
1929,348,336,1009525,6586,546389,3271300
1930,329,319,1009196,6596,546708,3441800
1931,343,335,1008853,6604,547043,3442900
1932,318,332,1008535,6590,547375,3659100
1933,341,334,1008194,6597,547709,3383100
1934,327,346,1007867,6578,548055,3426500
1935,342,342,1007525,6578,548397,3721500
1936,328,323,1007197,6583,548720,3461600
1937,350,326,1006847,6607,549046,3631700
1938,321,347,1006526,6581,549393,3778200
1939,297,347,1006229,6531,549740,3590500
1940,321,327,1005908,6525,550067,3494300
1941,335,310,1005573,6550,550377,3609800
1942,344,330,1005229,6564,550707,3589500
1943,303,341,1004926,6526,551048,3534500
1944,357,310,1004569,6573,551358,3507800
1945,341,343,1004228,6571,551701,3542400
1946,317,352,1003911,6536,552053,3520700
1947,355,343,1003556,6548,552396,3379400
1948,331,351,1003225,6528,552747,3630800
1949,335,322,1002890,6541,553069,3483000
1950,340,339,1002550,6542,553408,3432300
1951,344,335,1002206,6551,553743,3726000
1952,348,331,1001858,6568,554074,3452400
1953,342,311,1001516,6599,554385,3478200
1954,326,346,1001190,6579,554731,3320700
1955,319,355,1000871,6543,555086,3543600
1956,345,332,1000526,6556,555418,3266800
1957,343,347,1000183,6552,555765,3335700
1958,335,325,999848,6562,556090,3303900
1959,349,362,999499,6549,556452,3542000
1960,383,314,999116,6618,556766,3334700
1961,367,357,998749,6628,557123,3247600
1962,357,317,998392,6668,557440,3369200
1963,382,351,998010,6699,557791,3249400
1964,339,316,997671,6722,558107,3224900
1965,351,361,997320,6712,558468,3365600
1966,331,310,996989,6733,558778,3654200
1967,343,314,996646,6762,559092,3854400
1968,368,310,996278,6820,559402,3438300
1969,378,322,995900,6876,559724,3660400
1970,359,347,995541,6888,560071,3313500
1971,352,313,995189,6927,560384,3499100
1972,334,329,994855,6932,560713,3663100
1973,349,385,994506,6896,561098,3386800
1974,317,355,994189,6858,561453,3297200
1975,345,331,993844,6872,561784,3696500
1976,310,331,993534,6851,562115,3492900
1977,350,344,993184,6857,562459,3675100
1978,347,338,992837,6866,562797,3195700
1979,334,358,992503,6842,563155,3349700
1980,317,315,992186,6844,563470,3317700
1981,345,350,991841,6839,563820,3493800
1982,349,350,991492,6838,564170,3252200
1983,312,332,991180,6818,564502,3377200
1984,311,375,990869,6754,564877,3379900
1985,320,353,990549,6721,565230,3627700
1986,315,336,990234,6700,565566,3382900
1987,311,352,989923,6659,565918,3260300
1988,327,305,989596,6681,566223,3566300
1989,332,360,989264,6653,566583,3376800
1990,321,347,988943,6627,566930,3406100
1991,344,329,988599,6642,567259,3299700
1992,348,331,988251,6659,567590,3286000
1993,310,341,987941,6628,567931,3791000
1994,293,322,987648,6599,568253,3661700
1995,309,342,987339,6566,568595,3387600
1996,340,340,986999,6566,568935,3163000
1997,348,304,986651,6610,569239,3329300
1998,322,339,986329,6593,569578,3307400
1999,342,345,985987,6590,569923,3527800
2000,344,343,985643,6591,570266,3450500
2001,316,322,985327,6585,570588,3634000
2002,338,340,984989,6583,570928,3448600
2003,347,361,984642,6569,571289,3301100
2004,332,306,984310,6595,571595,3401200
2005,326,301,983984,6620,571896,3328300
2006,328,327,983656,6621,572223,3514000
2007,337,286,983319,6672,572509,3597800
2008,346,355,982973,6663,572864,3403500
2009,308,327,982665,6644,573191,3359900
2010,351,311,982314,6684,573502,3620800
2011,345,333,981969,6696,573835,3444700
2012,328,336,981641,6688,574171,3448100
2013,370,357,981271,6701,574528,3649700
2014,319,337,980952,6683,574865,3722000
2015,314,360,980638,6637,575225,3612600
2016,339,321,980299,6655,575546,3872500
2017,358,329,979941,6684,575875,3539200
2018,315,349,979626,6650,576224,3418900
2019,308,350,979318,6608,576574,3241300
2020,338,348,978980,6598,576922,3708900
2021,326,343,978654,6581,577265,3880000
2022,317,324,978337,6574,577589,3332200
2023,323,317,978014,6580,577906,3639100
2024,343,344,977671,6579,578250,3442000
2025,337,325,977334,6591,578575,3627000
2026,340,341,976994,6590,578916,3490200
2027,331,344,976663,6577,579260,3474800
2028,329,336,976334,6570,579596,3332100
2029,343,303,975991,6610,579899,3673300
2030,327,339,975664,6598,580238,3266700
2031,326,330,975338,6594,580568,3598600
2032,354,285,974984,6663,580853,3416500
2033,359,331,974625,6691,581184,3235600
2034,317,336,974308,6672,581520,3264200
2035,330,332,973978,6670,581852,3543000
2036,343,325,973635,6688,582177,3681600
2037,317,303,973318,6702,582480,3753900
2038,339,339,972979,6702,582819,3516700
2039,353,364,972626,6691,583183,3489900
2040,358,318,972268,6731,583501,3742400
2041,345,351,971923,6725,583852,3524400
2042,350,346,971573,6729,584198,3484300
2043,343,318,971230,6754,584516,3633600
2044,388,369,970842,6773,584885,3735000
2045,335,343,970507,6765,585228,3361100
2046,344,353,970163,6756,585581,3624300
2047,347,343,969816,6760,585924,3606600
2048,354,336,969462,6778,586260,3420000
2049,351,329,969111,6800,586589,3623200
2050,327,289,968784,6838,586878,3381400
2051,362,351,968422,6849,587229,3461400
2052,334,331,968088,6852,587560,3800800
2053,320,363,967768,6809,587923,3503700
2054,339,317,967429,6831,588240,3916400
2055,342,317,967087,6856,588557,5224700
2056,329,337,966758,6848,588894,5292800
2057,324,372,966434,6800,589266,5165600
2058,319,375,966115,6744,589641,4196700
2059,349,331,965766,6762,589972,3646800
2060,321,323,965445,6760,590295,3332400
2061,341,358,965104,6743,590653,5248000
2062,359,300,964745,6802,590953,3799700
2063,330,367,964415,6765,591320,3505100
2064,349,348,964066,6766,591668,3491200
2065,342,339,963724,6769,592007,3213600
2066,320,360,963404,6729,592367,3576500
2067,332,328,963072,6733,592695,3308800
2068,323,330,962749,6726,593025,3635400
2069,334,340,962415,6720,593365,3240100
2070,351,330,962064,6741,593695,3520300
2071,331,355,961733,6717,594050,3312500
2072,329,326,961404,6720,594376,3336900
2073,371,330,961033,6761,594706,3289400
2074,349,328,960684,6782,595034,3415500
2075,352,320,960332,6814,595354,3402500
2076,338,329,959994,6823,595683,3388800
2077,321,313,959673,6831,595996,4016200
2078,352,345,959321,6838,596341,3486100
2079,345,337,958976,6846,596678,3598300
2080,369,356,958607,6859,597034,3862000
2081,317,358,958290,6818,597392,3364500
2082,327,320,957963,6825,597712,3312600
2083,326,353,957637,6798,598065,3691100
2084,332,333,957305,6797,598398,3346200
2085,334,328,956971,6803,598726,3369300
2086,337,322,956634,6818,599048,3422300
2087,351,326,956283,6843,599374,3390200
2088,314,347,955969,6810,599721,3440400
2089,334,350,955635,6794,600071,3265300
2090,294,339,955341,6749,600410,3451400
2091,356,302,954985,6803,600712,3452000
2092,333,336,954652,6800,601048,3239800
2093,333,351,954319,6782,601399,3354100
2094,337,352,953982,6767,601751,3390900
2095,345,338,953637,6774,602089,3276600
2096,346,331,953291,6789,602420,3976800
2097,333,316,952958,6806,602736,3531900
2098,313,338,952645,6781,603074,3436300
2099,331,355,952314,6757,603429,3396400
2100,325,322,951989,6760,603751,3528400
2101,341,333,951648,6768,604084,3409200
2102,335,368,951313,6735,604452,3619300
2103,352,340,950961,6747,604792,3530800
2104,331,342,950630,6736,605134,3610700
2105,348,351,950282,6733,605485,3435900
2106,322,340,949960,6715,605825,3480900
2107,332,341,949628,6706,606166,3719500
2108,335,336,949293,6705,606502,3368100
2109,350,322,948943,6733,606824,3467500
2110,353,345,948590,6741,607169,3857000
2111,316,336,948274,6721,607505,3698000
2112,337,314,947937,6744,607819,3598300
2113,294,340,947643,6698,608159,3798300
2114,334,321,947309,6711,608480,3475300
2115,358,343,946951,6726,608823,3583400
2116,338,334,946613,6730,609157,3615900
2117,381,319,946232,6792,609476,3427200
2118,345,339,945887,6798,609815,3478600
2119,365,353,945522,6810,610168,3431600
2120,360,325,945162,6845,610493,3568600
2121,346,372,944816,6819,610865,3590900
2122,358,335,944458,6842,611200,3621300
2123,326,325,944132,6843,611525,3413000
2124,318,361,943814,6800,611886,3707300
2125,325,335,943489,6790,612221,3404700
2126,362,336,943127,6816,612557,3505600
2127,317,327,942810,6806,612884,3698100
2128,337,370,942473,6773,613254,3451600
2129,322,368,942151,6727,613622,3879200
2130,337,334,941814,6730,613956,3616500
2131,311,323,941503,6718,614279,3480600
2132,335,319,941168,6734,614598,3546100
2133,338,318,940830,6754,614916,3635000
2134,328,337,940502,6745,615253,3435400
2135,319,341,940183,6723,615594,3400900
2136,346,309,939837,6760,615903,3503600
2137,355,354,939482,6761,616257,3444700
2138,346,336,939136,6771,616593,3664200
2139,346,344,938790,6773,616937,3360200
2140,349,330,938441,6792,617267,3701700
2141,329,356,938112,6765,617623,3858400
2142,337,308,937775,6794,617931,3398000
2143,358,329,937417,6823,618260,3381300
2144,356,320,937061,6859,618580,3556000
2145,348,340,936713,6867,618920,3497900
2146,357,335,936356,6889,619255,3682300
2147,355,356,936001,6888,619611,3522900
2148,316,323,935685,6881,619934,3508100
2149,346,351,935339,6876,620285,3550800
2150,336,349,935003,6863,620634,3475200
2151,354,371,934649,6846,621005,3300300
2152,360,318,934289,6888,621323,3433300
2153,371,368,933918,6891,621691,3408700
2154,358,376,933560,6873,622067,3360300
2155,350,348,933210,6875,622415,3472900
2156,364,323,932846,6916,622738,3321400
2157,352,320,932494,6948,623058,3421400
2158,334,331,932160,6951,623389,3245700
2159,372,359,931788,6964,623748,3393700
2160,373,358,931415,6979,624106,3477600
2161,363,342,931052,7000,624448,3647900
2162,353,325,930699,7028,624773,3347000
2163,356,302,930343,7082,625075,3437800
2164,362,350,929981,7094,625425,3899800
2165,351,369,929630,7076,625794,3391900
2166,370,323,929260,7123,626117,3324900
2167,368,355,928892,7136,626472,3150500
2168,360,342,928532,7154,626814,3383900
2169,356,341,928176,7169,627155,3317400
2170,381,346,927795,7204,627501,3630200
2171,341,356,927454,7189,627857,3342200
2172,367,341,927087,7215,628198,3673200
2173,364,336,926723,7243,628534,3361100
2174,363,330,926360,7276,628864,3471100
2175,369,354,925991,7291,629218,3683300
2176,361,365,925630,7287,629583,3392300
2177,364,371,925266,7280,629954,3385000
2178,371,357,924895,7294,630311,3498200
2179,390,368,924505,7316,630679,3583400
2180,366,394,924139,7288,631073,3759300
2181,331,350,923808,7269,631423,3442600
2182,361,346,923447,7284,631769,3417400
2183,358,378,923089,7264,632147,3290500
2184,342,365,922747,7241,632512,3366200
2185,365,351,922382,7255,632863,3353200
2186,406,359,921976,7302,633222,3598700
2187,398,380,921578,7320,633602,3385600
2188,376,379,921202,7317,633981,3575200
2189,361,369,920841,7309,634350,3436100
2190,319,334,920522,7294,634684,3565600
2191,363,357,920159,7300,635041,3253000
2192,361,346,919798,7315,635387,3779600
2193,339,373,919459,7281,635760,3778100
2194,360,363,919099,7278,636123,3290300
2195,354,350,918745,7282,636473,3497300
2196,388,375,918357,7295,636848,3434500
2197,350,351,918007,7294,637199,3459300
2198,355,391,917652,7258,637590,3352000
2199,342,385,917310,7215,637975,3397100
2200,321,370,916989,7166,638345,3407100
2201,339,337,916650,7168,638682,3272000
2202,333,347,916317,7154,639029,3214700
2203,324,351,915993,7127,639380,3398500
2204,327,378,915666,7076,639758,3468700
2205,309,361,915357,7024,640119,3836900
2206,338,354,915019,7008,640473,3388700
2207,313,355,914706,6966,640828,3315400
2208,355,362,914351,6959,641190,3742400
2209,361,307,913990,7013,641497,3458600
2210,346,368,913644,6991,641865,3372700
2211,313,390,913331,6914,642255,3528600
2212,336,324,912995,6926,642579,3338100
2213,308,360,912687,6874,642939,3300500
2214,344,347,912343,6871,643286,3266000
2215,307,351,912036,6827,643637,3185900
2216,324,322,911712,6829,643959,3415500
2217,329,312,911383,6846,644271,3216000
2218,360,363,911023,6843,644634,3776100
2219,330,333,910693,6840,644967,3511900
2220,375,340,910318,6875,645307,3409700
2221,347,358,909971,6864,645665,3536600
2222,357,386,909614,6835,646051,3330100
2223,337,354,909277,6818,646405,3266300
2224,362,342,908915,6838,646747,3491500
2225,346,333,908569,6851,647080,3628000
2226,351,332,908218,6870,647412,3323100
2227,342,365,907876,6847,647777,3723200
2228,360,358,907516,6849,648135,3217700
2229,319,357,907197,6811,648492,3439800
2230,341,345,906856,6807,648837,3542600
2231,351,388,906505,6770,649225,3516400
2232,350,338,906155,6782,649563,3530500
2233,342,329,905813,6795,649892,3205900
2234,327,349,905486,6773,650241,3283700
2235,321,346,905165,6748,650587,3449100
2236,341,335,904824,6754,650922,3721500
2237,333,327,904491,6760,651249,3457800
2238,358,325,904133,6793,651574,3454600
2239,343,381,903790,6755,651955,3550600
2240,363,351,903427,6767,652306,3644800
2241,360,329,903067,6798,652635,3254500
2242,367,310,902700,6855,652945,3291700
2243,374,341,902326,6888,653286,3545700
2244,380,334,901946,6934,653620,3230800
2245,371,334,901575,6971,653954,3682200
2246,353,337,901222,6987,654291,3376400
2247,384,377,900838,6994,654668,3361100
2248,397,356,900441,7035,655024,3279100
2249,346,331,900095,7050,655355,3443600
2250,359,334,899736,7075,655689,3365500
2251,362,355,899374,7082,656044,3273600
2252,353,371,899021,7064,656415,3559000
2253,346,387,898675,7023,656802,3732500
2254,339,368,898336,6994,657170,3327200
2255,316,356,898020,6954,657526,3862500
2256,384,356,897636,6982,657882,3669900
2257,351,345,897285,6988,658227,3507200
2258,360,359,896925,6989,658586,3820300
2259,324,326,896601,6987,658912,3558000
2260,353,335,896248,7005,659247,3536500
2261,348,333,895900,7020,659580,3698000
2262,351,361,895549,7010,659941,3370200
2263,332,356,895217,6986,660297,3350700
2264,327,326,894890,6987,660623,3362000
2265,364,342,894526,7009,660965,3438900
2266,343,358,894183,6994,661323,3546100
2267,350,373,893833,6971,661696,3565100
2268,349,344,893484,6976,662040,3237000
2269,339,356,893145,6959,662396,3323100
2270,339,327,892806,6971,662723,3410100
2271,344,339,892462,6976,663062,3546800
2272,342,365,892120,6953,663427,3440100
2273,310,349,891810,6914,663776,3377000
2274,288,345,891522,6857,664121,3758500
2275,366,319,891156,6904,664440,3549700
2276,334,350,890822,6888,664790,3553600
2277,344,360,890478,6872,665150,3455800
2278,332,355,890146,6849,665505,3450700
2279,344,332,889802,6861,665837,3480000
2280,334,309,889468,6886,666146,3527900
2281,320,353,889148,6853,666499,3655300
2282,358,344,888790,6867,666843,3308000
2283,336,321,888454,6882,667164,3873400
2284,333,306,888121,6909,667470,3863500
2285,320,352,887801,6877,667822,3361100
2286,337,362,887464,6852,668184,3795600
2287,358,348,887106,6862,668532,3303000
2288,351,338,886755,6875,668870,3672000
2289,320,326,886435,6869,669196,3537600
2290,370,357,886065,6882,669553,3387900
2291,376,353,885689,6905,669906,3398500
2292,367,348,885322,6924,670254,3343900
2293,334,321,884988,6937,670575,3528100
2294,337,329,884651,6945,670904,3610100
2295,354,346,884297,6953,671250,3444700
2296,384,330,883913,7007,671580,3504900
2297,348,367,883565,6988,671947,3876100
2298,354,366,883211,6976,672313,3491500
2299,345,352,882866,6969,672665,3491400
2300,337,383,882529,6923,673048,3567000
2301,338,309,882191,6952,673357,3422400
2302,353,358,881838,6947,673715,4041100
2303,348,370,881490,6925,674085,3878000
2304,334,341,881156,6918,674426,4647700
2305,332,350,880824,6900,674776,3511700
2306,338,389,880486,6849,675165,3652000
2307,338,371,880148,6816,675536,3494200
2308,340,363,879808,6793,675899,3518000
2309,342,331,879466,6804,676230,3417200
2310,332,323,879134,6813,676553,3592500
2311,366,335,878768,6844,676888,3489400
2312,373,334,878395,6883,677222,3648100
2313,364,329,878031,6918,677551,3296500
2314,356,371,877675,6903,677922,3263600
2315,339,299,877336,6943,678221,3796200
2316,317,340,877019,6920,678561,3361400
2317,344,333,876675,6931,678894,3243800
2318,353,354,876322,6930,679248,3383100
2319,335,311,875987,6954,679559,3471300
2320,365,329,875622,6990,679888,3625000
2321,375,362,875247,7003,680250,3393600
2322,374,364,874873,7013,680614,3413000
2323,356,353,874517,7016,680967,3452600
2324,384,376,874133,7024,681343,3376900
2325,361,387,873772,6998,681730,3457100
2326,372,327,873400,7043,682057,3500500
2327,365,348,873035,7060,682405,3653500
2328,341,324,872694,7077,682729,3610100
2329,351,349,872343,7079,683078,3326000
2330,358,355,871985,7082,683433,3472200
2331,364,365,871621,7081,683798,3860500
2332,336,371,871285,7046,684169,3364800
2333,373,356,870912,7063,684525,3390000
2334,370,344,870542,7089,684869,3779600
2335,348,323,870194,7114,685192,3834100
2336,351,350,869843,7115,685542,3584600
2337,338,359,869505,7094,685901,3428300
2338,344,366,869161,7072,686267,3550800
2339,333,361,868828,7044,686628,3368300
2340,352,348,868476,7048,686976,3301500
2341,330,365,868146,7013,687341,3472400
2342,379,362,867767,7030,687703,3498600
2343,339,382,867428,6987,688085,3331100
2344,341,358,867087,6970,688443,3372200
2345,325,365,866762,6930,688808,3566800
2346,367,338,866395,6959,689146,3311400
2347,356,338,866039,6977,689484,3445100
2348,341,354,865698,6964,689838,3292300
2349,330,348,865368,6946,690186,3282000
2350,318,351,865050,6913,690537,3722300
2351,343,334,864707,6922,690871,3604000
2352,357,355,864350,6924,691226,3317600
2353,337,333,864013,6928,691559,5430600
2354,323,360,863690,6891,691919,5033700
2355,327,373,863363,6845,692292,5537300
2356,342,366,863021,6821,692658,4533800
2357,323,344,862698,6800,693002,3844600
2358,333,365,862365,6768,693367,3542400
2359,350,324,862015,6794,693691,5060000
2360,321,345,861694,6770,694036,3809300
2361,338,329,861356,6779,694365,3743200
2362,310,333,861046,6756,694698,3545600
2363,335,329,860711,6762,695027,3469600
2364,350,295,860361,6817,695322,3265100
2365,335,323,860026,6829,695645,3818500
2366,386,350,859640,6865,695995,3276400
2367,364,342,859276,6887,696337,3216300
2368,366,326,858910,6927,696663,3642800
2369,334,385,858576,6876,697048,3355700
2370,340,321,858236,6895,697369,3369100
2371,338,346,857898,6887,697715,3201500
2372,329,346,857569,6870,698061,3675200
2373,345,313,857224,6902,698374,3984200
2374,381,349,856843,6934,698723,3512800
2375,351,359,856492,6926,699082,3249000
2376,328,336,856164,6918,699418,3492000
2377,319,361,855845,6876,699779,3292600
2378,358,339,855487,6895,700118,3342300
2379,318,320,855169,6893,700438,3247000
2380,323,366,854846,6850,700804,3115100
2381,354,313,854492,6891,701117,3536100
2382,377,338,854115,6930,701455,3254200
2383,353,306,853762,6977,701761,3724700
2384,359,363,853403,6973,702124,3487000
2385,386,327,853017,7032,702451,3233200
2386,335,337,852682,7030,702788,3515000
2387,405,327,852277,7108,703115,3318900
2388,396,393,851881,7111,703508,3268800
2389,391,320,851490,7182,703828,3421000
2390,368,391,851122,7159,704219,3245100
2391,380,348,850742,7191,704567,3449200
2392,401,332,850341,7260,704899,3487400
2393,413,356,849928,7317,705255,3350100
2394,339,374,849589,7282,705629,3606200
2395,387,355,849202,7314,705984,3298400
2396,334,386,848868,7262,706370,3468800
2397,363,406,848505,7219,706776,3588800
2398,337,346,848168,7210,707122,3308500
2399,339,366,847829,7183,707488,3251500
2400,347,343,847482,7187,707831,3264500
2401,345,350,847137,7182,708181,3624700
2402,371,350,846766,7203,708531,3449600
2403,339,346,846427,7196,708877,3439100
2404,375,352,846052,7219,709229,3768600
2405,386,345,845666,7260,709574,3737000
2406,363,341,845303,7282,709915,3414900
2407,368,340,844935,7310,710255,3338200
2408,354,332,844581,7332,710587,3194400
2409,383,363,844198,7352,710950,3537700
2410,418,377,843780,7393,711327,3409000
2411,369,372,843411,7390,711699,3432600
2412,386,353,843025,7423,712052,3395000
2413,362,388,842663,7397,712440,3594900
2414,394,382,842269,7409,712822,3726900
2415,355,373,841914,7391,713195,3349700
2416,364,361,841550,7394,713556,3354100
2417,376,353,841174,7417,713909,3472300
2418,402,361,840772,7458,714270,3335900
2419,376,392,840396,7442,714662,3440500
2420,350,371,840046,7421,715033,3208300
2421,366,365,839680,7422,715398,3424700
2422,343,396,839337,7369,715794,3607100
2423,355,360,838982,7364,716154,3374700
2424,366,366,838616,7364,716520,3424700
2425,390,370,838226,7384,716890,3554600
2426,327,360,837899,7351,717250,3436900
2427,372,370,837527,7353,717620,3298600
2428,369,352,837158,7370,717972,3555900
2429,330,370,836828,7330,718342,3416600
2430,352,356,836476,7326,718698,3361400
2431,353,386,836123,7293,719084,3440100
2432,352,342,835771,7303,719426,3434200
2433,362,356,835409,7309,719782,3370700
2434,348,364,835061,7293,720146,3646500
2435,305,343,834756,7255,720489,3194500
2436,394,332,834362,7317,720821,3370700
2437,386,356,833976,7347,721177,3224100
2438,360,374,833616,7333,721551,3615800
2439,346,361,833270,7318,721912,3477700
2440,329,379,832941,7268,722291,3512600
2441,343,347,832598,7264,722638,3787900
2442,389,352,832209,7301,722990,3517800
2443,349,379,831860,7271,723369,3405500
2444,374,350,831486,7295,723719,3371800
2445,362,342,831124,7315,724061,3357400
2446,355,423,830769,7247,724484,3470100
2447,332,361,830437,7218,724845,3626800
2448,350,368,830087,7200,725213,3475700
2449,334,316,829753,7218,725529,3546900
2450,319,352,829434,7185,725881,3456600
2451,326,356,829108,7155,726237,3491000
2452,338,360,828770,7133,726597,3559400
2453,336,350,828434,7119,726947,3424100
2454,355,335,828079,7139,727282,3619100
2455,354,347,827725,7146,727629,3394100
2456,378,348,827347,7176,727977,3530400
2457,368,366,826979,7178,728343,3511000
2458,351,379,826628,7150,728722,3472900
2459,356,361,826272,7145,729083,3492600
2460,360,321,825912,7184,729404,3319600
2461,364,353,825548,7195,729757,3488000
2462,345,367,825203,7173,730124,3249500
2463,399,337,824804,7235,730461,3866200
2464,411,350,824393,7296,730811,3419100
2465,383,376,824010,7303,731187,3378800
2466,373,358,823637,7318,731545,3394000
2467,409,357,823228,7370,731902,3494900
2468,351,369,822877,7352,732271,3360500
2469,367,342,822510,7377,732613,3490900
2470,360,349,822150,7388,732962,3235400
2471,342,359,821808,7371,733321,3559300
2472,356,370,821452,7357,733691,3539800
2473,398,387,821054,7368,734078,3392100
2474,361,376,820693,7353,734454,3393700
2475,351,334,820342,7370,734788,3313400
2476,363,358,819979,7375,735146,3412100
2477,339,402,819640,7312,735548,3576700
2478,380,356,819260,7336,735904,3310100
2479,348,353,818912,7331,736257,3419200
2480,379,369,818533,7341,736626,3782800
2481,340,355,818193,7326,736981,3264700
2482,319,383,817874,7262,737364,3557900
2483,360,374,817514,7248,737738,3242200
2484,320,389,817194,7179,738127,3282600
2485,368,373,816826,7174,738500,3749800
2486,370,342,816456,7202,738842,3620300
2487,343,375,816113,7170,739217,3460800
2488,351,381,815762,7140,739598,3448400
2489,342,359,815420,7123,739957,3724200
2490,344,380,815076,7087,740337,3571500
2491,380,338,814696,7129,740675,3465100
2492,330,330,814366,7129,741005,3418400
2493,340,372,814026,7097,741377,3525600
2494,335,356,813691,7076,741733,3463500
2495,336,366,813355,7046,742099,3476300
2496,341,348,813014,7039,742447,3513700
2497,348,331,812666,7056,742778,3320800
2498,373,389,812293,7040,743167,3414900
2499,369,328,811924,7081,743495,3502600
2500,357,359,811567,7079,743854,3355400
2501,341,341,811226,7079,744195,3701600
2502,378,359,810848,7098,744554,3403400
2503,363,354,810485,7107,744908,3577400
2504,340,373,810145,7074,745281,3622500
2505,356,329,809789,7101,745610,3497700
2506,352,370,809437,7083,745980,3472400
2507,351,355,809086,7079,746335,3642000
2508,345,372,808741,7052,746707,3542500
2509,354,343,808387,7063,747050,3325000
2510,365,382,808022,7046,747432,3335700
2511,362,343,807660,7065,747775,3345700
2512,370,345,807290,7090,748120,3823000
2513,351,341,806939,7100,748461,3295700
2514,330,355,806609,7075,748816,3392800
2515,367,364,806242,7078,749180,3327400
2516,365,344,805877,7099,749524,3329700
2517,391,311,805486,7179,749835,3399700
2518,343,372,805143,7150,750207,3388800
2519,358,387,804785,7121,750594,3355600
2520,331,378,804454,7074,750972,3535100
2521,332,377,804122,7029,751349,3439300
2522,373,343,803749,7059,751692,3493300
2523,347,359,803402,7047,752051,3328100
2524,343,357,803059,7033,752408,3170600
2525,334,321,802725,7046,752729,3582100
2526,352,371,802373,7027,753100,3385200
2527,349,320,802024,7056,753420,3662000
2528,359,359,801665,7056,753779,3453100
2529,361,361,801304,7056,754140,3624400
2530,371,375,800933,7052,754515,3381100
2531,377,336,800556,7093,754851,3439800
2532,401,324,800155,7170,755175,3346100
2533,367,399,799788,7138,755574,3527200
2534,394,338,799394,7194,755912,3374000
2535,368,371,799026,7191,756283,3287100
2536,379,386,798647,7184,756669,3416900
2537,381,374,798266,7191,757043,3214300
2538,380,358,797886,7213,757401,3451100
2539,383,361,797503,7235,757762,3263400
2540,391,382,797112,7244,758144,3376400
2541,375,387,796737,7232,758531,3516700
2542,376,349,796361,7259,758880,3459700
2543,372,399,795989,7232,759279,3282900
2544,377,349,795612,7260,759628,3448300
2545,384,363,795228,7281,759991,3545500
2546,399,395,794829,7285,760386,3473500
2547,364,390,794465,7259,760776,3386700
2548,373,350,794092,7282,761126,3251600
2549,335,376,793757,7241,761502,3362000
2550,372,338,793385,7275,761840,3565900
2551,358,382,793027,7251,762222,3377400
2552,359,314,792668,7296,762536,3343300
2553,377,351,792291,7322,762887,3361800
2554,367,349,791924,7340,763236,3512100
2555,379,368,791545,7351,763604,3660600
2556,356,351,791189,7356,763955,3423000
2557,359,401,790830,7314,764356,3521000
2558,352,355,790478,7311,764711,3314500
2559,369,338,790109,7342,765049,3475300
2560,367,368,789742,7341,765417,3641900
2561,371,395,789371,7317,765812,3457300
2562,366,335,789005,7348,766147,3619300
2563,342,417,788663,7273,766564,3672000
2564,375,364,788288,7284,766928,3598800
2565,375,353,787913,7306,767281,3625900
2566,361,355,787552,7312,767636,3523400
2567,388,347,787164,7353,767983,3636700
2568,389,334,786775,7408,768317,3730200
2569,350,386,786425,7372,768703,3344500
2570,378,373,786047,7377,769076,3707900
2571,354,358,785693,7373,769434,3668100
2572,367,366,785326,7374,769800,3359300
2573,360,379,784966,7355,770179,3488200
2574,348,336,784618,7367,770515,3411800
2575,353,358,784265,7362,770873,3537800
2576,367,361,783898,7368,771234,3772800
2577,362,358,783536,7372,771592,3461700
2578,362,371,783174,7363,771963,5383500
2579,357,381,782817,7339,772344,7704900
2580,379,371,782438,7347,772715,7090600
2581,384,379,782054,7352,773094,5067000
2582,361,408,781693,7305,773502,3930500
2583,359,373,781334,7291,773875,4014800
2584,347,368,780987,7270,774243,5544800
2585,400,383,780587,7287,774626,4323100
2586,345,399,780242,7233,775025,3883400
2587,338,365,779904,7206,775390,3700700
2588,369,364,779535,7211,775754,3520400
2589,358,349,779177,7220,776103,3424500
2590,334,367,778843,7187,776470,3366900
2591,390,369,778453,7208,776839,3379000
2592,356,377,778097,7187,777216,3454800
2593,375,382,777722,7180,777598,3602800
2594,380,350,777342,7210,777948,3648400
2595,354,342,776988,7222,778290,3465700
2596,353,375,776635,7200,778665,3390200
2597,368,379,776267,7189,779044,3378900
2598,350,381,775917,7158,779425,3389500
2599,343,359,775574,7142,779784,3381000
2600,351,373,775223,7120,780157,3465100
2601,357,389,774866,7088,780546,3370500
2602,350,347,774516,7091,780893,3399800
2603,382,341,774134,7132,781234,3518200
2604,384,368,773750,7148,781602,3458100
2605,359,378,773391,7129,781980,3290100
2606,366,341,773025,7154,782321,3549900
2607,389,368,772636,7175,782689,3511100
2608,383,354,772253,7204,783043,3489000
2609,336,369,771917,7171,783412,3410600
2610,348,383,771569,7136,783795,3626600
2611,359,364,771210,7131,784159,3466900
2612,363,322,770847,7172,784481,3723800
2613,355,319,770492,7208,784800,3556400
2614,364,354,770128,7218,785154,3548500
2615,333,376,769795,7175,785530,3408600
2616,350,341,769445,7184,785871,3513900
2617,357,363,769088,7178,786234,3578000
2618,351,338,768737,7191,786572,3712800
2619,358,343,768379,7206,786915,3405000
2620,349,340,768030,7215,787255,3333900
2621,362,314,767668,7263,787569,3349200
2622,393,352,767275,7304,787921,3534600
2623,353,393,766922,7264,788314,3428200
2624,378,372,766544,7270,788686,3299800
2625,389,401,766155,7258,789087,3290500
2626,371,355,765784,7274,789442,3214700
2627,375,378,765409,7271,789820,3557700
2628,364,339,765045,7296,790159,3300500
2629,370,350,764675,7316,790509,3228500
2630,380,351,764295,7345,790860,3458000
2631,369,356,763926,7358,791216,3586300
2632,394,354,763532,7398,791570,3400000
2633,369,325,763163,7442,791895,3296600
2634,369,406,762794,7405,792301,3245700
2635,380,382,762414,7403,792683,3457700
2636,379,392,762035,7390,793075,3608400
2637,406,346,761629,7450,793421,4099300
2638,349,388,761280,7411,793809,3282100
2639,362,386,760918,7387,794195,3584300
2640,359,378,760559,7368,794573,3661400
2641,395,365,760164,7398,794938,3459300
2642,357,346,759807,7409,795284,3595800
2643,393,352,759414,7450,795636,3549300
2644,354,387,759060,7417,796023,3273100
2645,392,376,758668,7433,796399,3449800
2646,343,383,758325,7393,796782,3483100
2647,362,376,757963,7379,797158,3645900
2648,347,369,757616,7357,797527,3647500
2649,368,394,757248,7331,797921,3777600
2650,388,360,756860,7359,798281,3410400
2651,377,374,756483,7362,798655,3425400
2652,389,372,756094,7379,799027,3546200
2653,375,360,755719,7394,799387,3287600
2654,379,371,755340,7402,799758,3494600
2655,389,358,754951,7433,800116,3148500
2656,379,391,754572,7421,800507,3283800
2657,367,362,754205,7426,800869,3560200
2658,352,372,753853,7406,801241,3525500
2659,361,383,753492,7384,801624,3444200
2660,355,372,753137,7367,801996,3290300
2661,379,377,752758,7369,802373,3435300
2662,350,386,752408,7333,802759,3733800
2663,369,383,752039,7319,803142,3260500
2664,377,362,751662,7334,803504,3348800
2665,389,365,751273,7358,803869,3410100
2666,406,355,750867,7409,804224,3295700
2667,391,384,750476,7416,804608,3441500
2668,393,344,750083,7465,804952,3412700
2669,359,353,749724,7471,805305,3335700
2670,387,356,749337,7502,805661,3354600
2671,359,374,748978,7487,806035,3359000
2672,401,393,748577,7495,806428,3612800
2673,361,364,748216,7492,806792,3648500
2674,388,348,747828,7532,807140,3403200
2675,368,387,747460,7513,807527,3520700
2676,335,389,747125,7459,807916,3294700
2677,361,362,746764,7458,808278,3722200
2678,342,395,746422,7405,808673,3633900
2679,336,389,746086,7352,809062,3262500
2680,377,353,745709,7376,809415,3918800
2681,370,368,745339,7378,809783,3512600
2682,344,359,744995,7363,810142,3243800
2683,363,365,744632,7361,810507,3465800
2684,387,344,744245,7404,810851,3223600
2685,349,390,743896,7363,811241,3703900
2686,338,366,743558,7335,811607,3511300
2687,370,358,743188,7347,811965,3464500
2688,348,354,742840,7341,812319,3438000
2689,342,370,742498,7313,812689,3301700
2690,368,353,742130,7328,813042,3599600
2691,366,346,741764,7348,813388,3384700
2692,330,349,741434,7329,813737,3410300
2693,358,390,741076,7297,814127,3502100
2694,333,334,740743,7296,814461,3367200
2695,336,366,740407,7266,814827,3385200
2696,359,359,740048,7266,815186,3409100
2697,361,377,739687,7250,815563,3371700
2698,379,388,739308,7241,815951,3476900
2699,351,348,738957,7244,816299,3359300
2700,344,378,738613,7210,816677,3379300
2701,323,340,738290,7193,817017,3328900
2702,362,368,737928,7187,817385,3452700
2703,350,372,737578,7165,817757,3266400
2704,365,389,737213,7141,818146,3521400
2705,366,371,736847,7136,818517,3441300
2706,357,378,736490,7115,818895,3296500
2707,367,336,736123,7146,819231,3503700
2708,379,354,735744,7171,819585,3303700
2709,372,311,735372,7232,819896,3262700
2710,382,360,734990,7254,820256,3442500
2711,380,342,734610,7292,820598,3342500
2712,367,423,734243,7236,821021,3393200
2713,364,371,733879,7229,821392,3498400
2714,338,342,733541,7225,821734,3371700
2715,343,336,733198,7232,822070,3303200
2716,369,379,732829,7222,822449,3260400
2717,335,370,732494,7187,822819,3533300
2718,369,342,732125,7214,823161,3395400
2719,336,364,731789,7186,823525,3154400
2720,362,352,731427,7196,823877,3392200
2721,343,330,731084,7209,824207,3348300
2722,356,357,730728,7208,824564,3379100
2723,384,350,730344,7242,824914,3343500
2724,360,376,729984,7226,825290,3501100
2725,347,342,729637,7231,825632,3481900
2726,365,353,729272,7243,825985,3494100
2727,348,354,728924,7237,826339,3273700
2728,354,377,728570,7214,826716,3404100
2729,357,369,728213,7202,827085,3472600
2730,357,367,727856,7192,827452,3547800
2731,377,332,727479,7237,827784,3417800
2732,367,358,727112,7246,828142,3406300
2733,375,342,726737,7279,828484,3291700
2734,346,377,726391,7248,828861,3315700
2735,373,373,726018,7248,829234,3605300
2736,389,363,725629,7274,829597,3437500
2737,349,351,725280,7272,829948,3358800
2738,370,352,724910,7290,830300,3527200
2739,384,349,724526,7325,830649,3370700
2740,403,375,724123,7353,831024,3408100
2741,371,354,723752,7370,831378,3473500
2742,395,368,723357,7397,831746,3502900
2743,376,380,722981,7393,832126,3807600
2744,337,371,722644,7359,832497,3480400
2745,366,362,722278,7363,832859,3559100
2746,372,388,721906,7347,833247,3365300
2747,348,344,721558,7351,833591,3311100
2748,358,368,721200,7341,833959,3356000
2749,365,362,720835,7344,834321,3323700
2750,349,372,720486,7321,834693,3160100
2751,375,357,720111,7339,835050,3400200
2752,358,321,719753,7376,835371,3429000
2753,324,345,719429,7355,835716,3386200
2754,357,408,719072,7304,836124,3487100
2755,380,351,718692,7333,836475,3288400
2756,362,387,718330,7308,836862,3429500
2757,353,359,717977,7302,837221,3221300
2758,385,368,717592,7319,837589,3523200
2759,341,322,717251,7338,837911,3990300
2760,376,380,716875,7334,838291,3295300
2761,394,375,716481,7353,838666,3630700
2762,352,338,716129,7367,839004,3931600
2763,360,377,715769,7350,839381,3318700
2764,355,370,715414,7335,839751,3315600
2765,358,354,715056,7339,840105,3434600
2766,353,353,714703,7339,840458,3577400
2767,383,365,714320,7357,840823,3670200
2768,359,366,713961,7350,841189,3277900
2769,362,370,713599,7342,841559,3537300
2770,399,349,713200,7392,841908,3380900
2771,342,357,712858,7377,842265,3451700
2772,357,362,712501,7372,842627,3569500
2773,333,356,712168,7349,842983,3455900
2774,362,398,711806,7313,843381,3277300
2775,369,402,711437,7280,843783,3463700
2776,362,358,711075,7284,844141,3423400
2777,355,375,710720,7264,844516,3522600
2778,362,346,710358,7280,844862,3527800
2779,340,359,710018,7261,845221,3328400
2780,393,366,709625,7288,845587,3567100
2781,364,354,709261,7298,845941,3453700
2782,316,355,708945,7259,846296,3408600
2783,346,385,708599,7220,846681,3396900
2784,377,371,708222,7226,847052,3633000
2785,363,364,707859,7225,847416,3440000
2786,331,383,707528,7173,847799,3660800
2787,343,401,707185,7115,848200,3495600
2788,338,347,706847,7106,848547,3578500
2789,368,361,706479,7113,848908,3465100
2790,370,357,706109,7126,849265,3213900
2791,362,337,705747,7151,849602,3630100
2792,340,345,705407,7146,849947,3357300
2793,363,333,705044,7176,850280,3436800
2794,385,332,704659,7229,850612,3425700
2795,398,350,704261,7277,850962,3391400
2796,390,368,703871,7299,851330,3360700
2797,397,372,703474,7324,851702,3446700
2798,384,353,703090,7355,852055,3327500
2799,380,379,702710,7356,852434,3237300
2800,375,404,702335,7327,852838,3500500
2801,364,342,701971,7349,853180,3672200
2802,354,392,701617,7311,853572,3416900
2803,371,347,701246,7335,853919,3561800
2804,365,349,700881,7351,854268,3381700
2805,367,360,700514,7358,854628,3573100
2806,342,394,700172,7306,855022,3533100
2807,359,362,699813,7303,855384,3711600
2808,398,379,699415,7322,855763,3507200
2809,384,340,699031,7366,856103,3258100
2810,353,365,698678,7354,856468,3743300
2811,339,356,698339,7337,856824,3527900
2812,377,350,697962,7364,857174,3376600
2813,375,371,697587,7368,857545,3529100
2814,352,364,697235,7356,857909,3338400
2815,363,377,696872,7342,858286,3375900
2816,378,371,696494,7349,858657,3404500
2817,363,354,696131,7358,859011,3278100
2818,361,402,695770,7317,859413,3436400
2819,376,371,695394,7322,859784,3310400
2820,396,366,694998,7352,860150,3406800
2821,358,368,694640,7342,860518,3570200
2822,385,360,694255,7367,860878,3474600
2823,343,390,693912,7320,861268,3837200
2824,357,375,693555,7302,861643,3891700
2825,362,361,693193,7303,862004,4027300
2826,389,348,692804,7344,862352,4403000
2827,383,372,692421,7355,862724,3513400
2828,391,374,692030,7372,863098,4163600
2829,342,344,691688,7370,863442,3827400
2830,380,367,691308,7383,863809,3896800
2831,355,394,690953,7344,864203,3991400
2832,359,374,690594,7329,864577,3557000
2833,384,359,690210,7354,864936,4158100
2834,347,357,689863,7344,865293,3597700
2835,336,372,689527,7308,865665,3736100
2836,361,366,689166,7303,866031,3645800
2837,363,379,688803,7287,866410,3531100
2838,369,333,688434,7323,866743,4217800
2839,340,356,688094,7307,867099,3836400
2840,341,375,687753,7273,867474,3852500
2841,390,336,687363,7327,867810,3705100
2842,358,371,687005,7314,868181,3528200
2843,352,386,686653,7280,868567,3718300
2844,359,338,686294,7301,868905,11003000
2845,354,337,685940,7318,869242,5825200
2846,361,396,685579,7283,869638,5329900
2847,368,381,685211,7270,870019,4422400
2848,363,359,684848,7274,870378,3776400
2849,336,359,684512,7251,870737,5215200
2850,341,347,684171,7245,871084,3659800
2851,355,356,683816,7244,871440,3711400
2852,374,388,683442,7230,871828,3500000
2853,361,374,683081,7217,872202,3700800
2854,375,359,682706,7233,872561,3751300
2855,328,365,682378,7196,872926,3528500
2856,373,312,682005,7257,873238,3436500
2857,376,324,681629,7309,873562,3731400
2858,365,359,681264,7315,873921,3483800
2859,408,357,680856,7366,874278,3597500
2860,381,379,680475,7368,874657,3649300
2861,387,356,680088,7399,875013,4059600
2862,366,382,679722,7383,875395,3889500
2863,358,344,679364,7397,875739,3724300
2864,376,402,678988,7371,876141,3602000
2865,376,390,678612,7357,876531,3953000
2866,384,357,678228,7384,876888,3503400
2867,360,342,677868,7402,877230,3402300
2868,364,387,677504,7379,877617,3796400
2869,419,363,677085,7435,877980,3431600
2870,371,406,676714,7400,878386,3287100
2871,385,353,676329,7432,878739,3389200
2872,376,402,675953,7406,879141,3513600
2873,367,367,675586,7406,879508,3642700
2874,389,337,675197,7458,879845,3427900
2875,375,358,674822,7475,880203,3333000
2876,348,345,674474,7478,880548,3723700
2877,381,365,674093,7494,880913,3325600
2878,406,373,673687,7527,881286,3257800
2879,378,347,673309,7558,881633,3684600
2880,379,383,672930,7554,882016,3285300
2881,379,388,672551,7545,882404,3299300
2882,387,381,672164,7551,882785,3506500
2883,408,394,671756,7565,883179,3493300
2884,369,395,671387,7539,883574,3626600
2885,396,381,670991,7554,883955,3432500
2886,367,386,670624,7535,884341,3303500
2887,348,381,670276,7502,884722,3727100
2888,364,372,669912,7494,885094,3570600
2889,387,385,669525,7496,885479,3366700
2890,352,363,669173,7485,885842,3462700
2891,369,349,668804,7505,886191,3254100
2892,351,407,668453,7449,886598,3404500
2893,386,384,668067,7451,886982,3481800
2894,356,396,667711,7411,887378,3189900
2895,346,387,667365,7370,887765,3205300
2896,383,357,666982,7396,888122,3258600
2897,378,375,666604,7399,888497,3974500
2898,368,360,666236,7407,888857,3600800
2899,356,360,665880,7403,889217,3412600
2900,381,348,665499,7436,889565,3849300
2901,352,395,665147,7393,889960,3760600
2902,389,348,664758,7434,890308,3310600
2903,401,361,664357,7474,890669,3326700
2904,378,375,663979,7477,891044,3324900
2905,363,374,663616,7466,891418,3661200
2906,365,374,663251,7457,891792,3297400
2907,374,370,662877,7461,892162,3216100
2908,407,345,662470,7523,892507,3545600
2909,356,374,662114,7505,892881,3420500
2910,359,376,661755,7488,893257,3459900
2911,352,345,661403,7495,893602,3332300
2912,376,382,661027,7489,893984,3462100
2913,367,385,660660,7471,894369,3190200
2914,367,398,660293,7440,894767,3679800
2915,394,375,659899,7459,895142,3561000
2916,363,384,659536,7438,895526,3523300
2917,374,386,659162,7426,895912,3382500
2918,389,351,658773,7464,896263,3542500
2919,397,382,658376,7479,896645,3840500
2920,393,377,657983,7495,897022,3455100
2921,368,392,657615,7471,897414,3363600
2922,397,397,657218,7471,897811,3379100
2923,382,365,656836,7488,898176,3369700
2924,388,354,656448,7522,898530,3264400
2925,369,376,656079,7515,898906,3318700
2926,363,350,655716,7528,899256,3222400
2927,353,349,655363,7532,899605,3572000
2928,387,389,654976,7530,899994,3389500
2929,365,366,654611,7529,900360,3430700
2930,424,366,654187,7587,900726,3496700
2931,405,407,653782,7585,901133,3331900
2932,396,385,653386,7596,901518,3482900
2933,390,386,652996,7600,901904,3508000
2934,369,415,652627,7554,902319,3410400
2935,405,372,652222,7587,902691,3404900
2936,383,365,651839,7605,903056,3656700
2937,391,390,651448,7606,903446,3535400
2938,399,403,651049,7602,903849,3455000
2939,363,342,650686,7623,904191,3281700
2940,364,391,650322,7596,904582,3287400
2941,411,381,649911,7626,904963,3432000
2942,356,375,649555,7607,905338,3429900
2943,345,377,649210,7575,905715,3331700
2944,356,353,648854,7578,906068,3227200
2945,368,384,648486,7562,906452,3339600
2946,368,352,648118,7578,906804,3839000
2947,402,436,647716,7544,907240,3525000
2948,379,359,647337,7564,907599,3457500
2949,340,366,646997,7538,907965,3582200
2950,339,380,646658,7497,908345,3360100
2951,364,373,646294,7488,908718,3619800
2952,360,384,645934,7464,909102,3312000
2953,358,348,645576,7474,909450,3429800
2954,375,393,645201,7456,909843,3739400
2955,337,405,644864,7388,910248,3309600
2956,378,387,644486,7379,910635,3310000
2957,361,357,644125,7383,910992,3514300
2958,397,350,643728,7430,911342,3280200
2959,368,353,643360,7445,911695,3510500
2960,374,388,642986,7431,912083,4443900
2961,392,358,642594,7465,912441,3406300
2962,396,390,642198,7471,912831,3326200
2963,379,379,641819,7471,913210,3442600
2964,374,392,641445,7453,913602,3421600
2965,360,354,641085,7459,913956,3510600
2966,375,393,640710,7441,914349,3711900
2967,347,397,640363,7391,914746,3870300
2968,428,345,639935,7474,915091,3419200
2969,343,381,639592,7436,915472,3400800
2970,370,360,639222,7446,915832,3284900
2971,372,396,638850,7422,916228,3561800
2972,360,358,638490,7424,916586,3445500
2973,375,369,638115,7430,916955,3631200
2974,351,372,637764,7409,917327,3503200
2975,372,372,637392,7409,917699,3298300
2976,391,385,637001,7415,918084,3578200
2977,352,358,636649,7409,918442,3507900
2978,364,370,636285,7403,918812,3533500
2979,360,378,635925,7385,919190,3505200
2980,325,389,635600,7321,919579,3416100
2981,368,336,635232,7353,919915,3352100
2982,380,370,634852,7363,920285,3445400
2983,369,419,634483,7313,920704,3365600
2984,387,356,634096,7344,921060,3613000
2985,391,394,633705,7341,921454,3515300
2986,317,372,633388,7286,921826,3582200
2987,349,353,633039,7282,922179,3656100
2988,345,404,632694,7223,922583,3167500
2989,356,363,632338,7216,922946,3521400
2990,361,392,631977,7185,923338,3685900
2991,386,396,631591,7175,923734,3386500
2992,352,338,631239,7189,924072,3499700
2993,385,357,630854,7217,924429,3404900
2994,367,373,630487,7211,924802,3387200
2995,355,376,630132,7190,925178,3602900
2996,374,358,629758,7206,925536,3368800
2997,390,336,629368,7260,925872,3285200
2998,375,399,628993,7236,926271,3467100
2999,366,347,628627,7255,926618,3623200
3000,350,362,628277,7243,926980,3241700
3001,357,359,627920,7241,927339,3383800
3002,401,358,627519,7284,927697,3690900
3003,374,356,627145,7302,928053,3312400
3004,389,384,626756,7307,928437,3174300
3005,391,357,626365,7341,928794,3356600
3006,399,375,625966,7365,929169,3237300
3007,351,380,625615,7336,929549,3718800
3008,369,384,625246,7321,929933,4004300
3009,370,380,624876,7311,930313,3285800
3010,363,372,624513,7302,930685,3189700
3011,409,370,624104,7341,931055,3743900
3012,391,352,623713,7380,931407,3191700
3013,403,362,623310,7421,931769,3351700
3014,345,353,622965,7413,932122,3607900
3015,409,333,622556,7489,932455,3575600
3016,374,413,622182,7450,932868,3417900
3017,385,361,621797,7474,933229,3446000
3018,384,361,621413,7497,933590,3227500
3019,366,362,621047,7501,933952,3416400
3020,388,336,620659,7553,934288,3377400
3021,385,376,620274,7562,934664,3399200
3022,360,423,619914,7499,935087,3356000
3023,376,371,619538,7504,935458,3296500
3024,399,396,619139,7507,935854,3800900
3025,395,354,618744,7548,936208,3457800
3026,402,374,618342,7576,936582,3936000
3027,390,365,617952,7601,936947,3446800
3028,409,369,617543,7641,937316,3374800
3029,404,388,617139,7657,937704,3216300
3030,359,376,616780,7640,938080,3501200
3031,391,442,616389,7589,938522,3574700
3032,407,389,615982,7607,938911,3448400
3033,416,358,615566,7665,939269,3357000
3034,393,381,615173,7677,939650,3818100
3035,386,362,614787,7701,940012,3628800
3036,397,372,614390,7726,940384,3464800
3037,391,386,613999,7731,940770,3242000
3038,397,378,613602,7750,941148,3353900
3039,373,375,613229,7748,941523,3396600
3040,391,356,612838,7783,941879,3318600
3041,381,377,612457,7787,942256,3304900
3042,383,407,612074,7763,942663,3241400
3043,383,406,611691,7740,943069,3361200
3044,381,394,611310,7727,943463,3452900
3045,395,412,610915,7710,943875,3670400
3046,405,412,610510,7703,944287,3411600
3047,385,399,610125,7689,944686,3385200
3048,384,366,609741,7707,945052,3474100
3049,428,390,609313,7745,945442,3422900
3050,368,413,608945,7700,945855,3286200
3051,425,377,608520,7748,946232,3676500
3052,395,374,608125,7769,946606,3520400
3053,401,383,607724,7787,946989,3727000
3054,397,384,607327,7800,947373,3432700
3055,388,397,606939,7791,947770,3646100
3056,376,430,606563,7737,948200,3335200
3057,350,379,606213,7708,948579,3503600
3058,398,348,605815,7758,948927,3469200
3059,386,407,605429,7737,949334,3498800
3060,383,378,605046,7742,949712,3519200
3061,363,419,604683,7686,950131,3433800
3062,392,387,604291,7691,950518,3368400
3063,384,377,603907,7698,950895,3526900
3064,368,406,603539,7660,951301,3367700
3065,404,409,603135,7655,951710,3285400
3066,391,357,602744,7689,952067,3194000
3067,386,400,602358,7675,952467,3390000
3068,390,407,601968,7658,952874,3356000
3069,413,379,601555,7692,953253,3877400
3070,410,397,601145,7705,953650,3342800
3071,379,410,600766,7674,954060,3739100
3072,394,380,600372,7688,954440,3300700
3073,405,391,599967,7702,954831,3443200
3074,407,422,599560,7687,955253,3256300
3075,379,408,599181,7658,955661,3516300
3076,344,410,598837,7592,956071,3516300
3077,368,370,598469,7590,956441,3345700
3078,376,378,598093,7588,956819,3627500
3079,386,379,597707,7595,957198,3422100
3080,392,333,597315,7654,957531,3393400
3081,389,346,596926,7697,957877,3385400
3082,350,392,596576,7655,958269,3273400
3083,394,385,596182,7664,958654,3380400
3084,366,376,595816,7654,959030,3367100
3085,389,376,595427,7667,959406,3456100
3086,392,431,595035,7628,959837,3592800
3087,372,391,594663,7609,960228,3626400
3088,350,374,594313,7585,960602,3903600
3089,410,378,593903,7617,960980,3337800
3090,394,360,593509,7651,961340,3696000
3091,389,428,593120,7612,961768,3390100
3092,374,401,592746,7585,962169,3446200
3093,377,358,592369,7604,962527,3393700
3094,356,383,592013,7577,962910,3471400
3095,405,359,591608,7623,963269,3410800
3096,383,401,591225,7605,963670,3221500
3097,370,402,590855,7573,964072,3583800
3098,382,370,590473,7585,964442,3509000
3099,387,386,590086,7586,964828,3671000
3100,364,382,589722,7568,965210,3165800
3101,371,367,589351,7572,965577,3543900
3102,372,387,588979,7557,965964,3503600
3103,388,328,588591,7617,966292,3727000
3104,402,377,588189,7642,966669,3209400
3105,383,369,587806,7656,967038,3398000
3106,409,357,587397,7708,967395,3325600
3107,381,392,587016,7697,967787,3512300
3108,394,370,586622,7721,968157,3406800
3109,440,387,586182,7774,968544,3343900
3110,399,363,585783,7810,968907,3424700
3111,402,363,585381,7849,969270,3883900
3112,364,365,585017,7848,969635,3508900
3113,389,373,584628,7864,970008,3722500
3114,384,407,584244,7841,970415,3569500
3115,376,436,583868,7781,970851,3963900
3116,387,383,583481,7785,971234,3435800
3117,378,392,583103,7771,971626,3566000
3118,413,384,582690,7800,972010,3692000
3119,383,423,582307,7760,972433,3570100
3120,390,395,581917,7755,972828,3244300
3121,398,387,581519,7766,973215,3543000
3122,352,413,581167,7705,973628,3468200
3123,406,394,580761,7717,974022,4113200
3124,381,397,580380,7701,974419,3673700
3125,375,419,580005,7657,974838,3535400
3126,380,392,579625,7645,975230,3258900
3127,402,391,579223,7656,975621,3485400
3128,387,370,578836,7673,975991,3497800
3129,396,379,578440,7690,976370,3496900
3130,382,389,578058,7683,976759,3656200
3131,406,393,577652,7696,977152,3347500
3132,356,416,577296,7636,977568,3428600
3133,387,404,576909,7619,977972,3308500
3134,387,404,576522,7602,978376,3651900
3135,401,400,576121,7603,978776,3510700
3136,404,366,575717,7641,979142,3752300
3137,383,423,575334,7601,979565,3726000
3138,385,408,574949,7578,979973,3523400
3139,402,378,574547,7602,980351,3651500
3140,407,352,574140,7657,980703,3734500
3141,411,381,573729,7687,981084,4116700
3142,374,412,573355,7649,981496,3630500
3143,385,348,572970,7686,981844,3359100
3144,379,415,572591,7650,982259,3495400
3145,397,394,572194,7653,982653,3343300
3146,417,388,571777,7682,983041,3852500
3147,408,416,571369,7674,983457,3586000
3148,394,391,570975,7677,983848,3496000
3149,414,392,570561,7699,984240,3647000
3150,402,361,570159,7740,984601,3493700
3151,398,380,569761,7758,984981,3756100
3152,375,370,569386,7763,985351,3547100
3153,424,395,568962,7792,985746,3919200
3154,404,381,568558,7815,986127,3908200
3155,357,394,568201,7778,986521,6016900
3156,380,390,567821,7768,986911,5817700
3157,371,400,567450,7739,987311,7415700
3158,349,385,567101,7703,987696,5123200
3159,387,396,566714,7694,988092,4039300
3160,387,402,566327,7679,988494,3663100
3161,403,398,565924,7684,988892,5385400
3162,358,375,565566,7667,989267,3929700
3163,416,376,565150,7707,989643,3638300
3164,375,388,564775,7694,990031,3516800
3165,402,399,564373,7697,990430,3585900
3166,391,388,563982,7700,990818,3353000
3167,404,420,563578,7684,991238,3481100
3168,369,397,563209,7656,991635,3563900
3169,373,380,562836,7649,992015,3416200
3170,372,397,562464,7624,992412,3532300
3171,381,389,562083,7616,992801,3304000
3172,387,366,561696,7637,993167,3429700
3173,383,360,561313,7660,993527,3509400
3174,394,411,560919,7643,993938,3638000
3175,375,380,560544,7638,994318,3509100
3176,427,381,560117,7684,994699,3615400
3177,377,383,559740,7678,995082,3432500
3178,377,391,559363,7664,995473,3428900
3179,395,372,558968,7687,995845,3923100
3180,380,389,558588,7678,996234,3419000
3181,398,395,558190,7681,996629,3793400
3182,409,388,557781,7702,997017,3680400
3183,360,404,557421,7658,997421,3508900
3184,372,412,557049,7618,997833,3609200
3185,414,370,556635,7662,998203,3684800
3186,387,375,556248,7674,998578,3424300
3187,371,419,555877,7626,998997,3645700
3188,365,368,555512,7623,999365,3319100
3189,365,406,555147,7582,999771,3483100
3190,353,406,554794,7529,1000177,3643500
3191,385,380,554409,7534,1000557,3346700
3192,361,375,554048,7520,1000932,3331700
3193,380,372,553668,7528,1001304,3501100
3194,391,390,553277,7529,1001694,3430700
3195,363,361,552914,7531,1002055,3382400
3196,403,379,552511,7555,1002434,3402900
3197,407,374,552104,7588,1002808,3591000
3198,377,388,551727,7577,1003196,3723400
3199,384,376,551343,7585,1003572,3352000
3200,380,370,550963,7595,1003942,3435800
3201,382,376,550581,7601,1004318,3379300
3202,382,380,550199,7603,1004698,3472300
3203,384,378,549815,7609,1005076,3475000
3204,412,383,549403,7638,1005459,3538100
3205,365,391,549038,7612,1005850,3285300
3206,373,359,548665,7626,1006209,3530100
3207,374,399,548291,7601,1006608,3362200
3208,380,419,547911,7562,1007027,3735400
3209,368,369,547543,7561,1007396,3499500
3210,401,409,547142,7553,1007805,3457400
3211,409,386,546733,7576,1008191,3781600
3212,430,413,546303,7593,1008604,3759500
3213,406,400,545897,7599,1009004,3443500
3214,391,422,545506,7568,1009426,3440500
3215,398,399,545108,7567,1009825,3578600
3216,413,415,544695,7565,1010240,3996600
3217,392,379,544303,7578,1010619,3522500
3218,400,396,543903,7582,1011015,3694400
3219,399,387,543504,7594,1011402,3507700
3220,396,371,543108,7619,1011773,3438100
3221,381,407,542727,7593,1012180,3454500
3222,370,389,542357,7574,1012569,3544200
3223,372,340,541985,7606,1012909,3634200
3224,383,391,541602,7598,1013300,3328500
3225,398,360,541204,7636,1013660,3688800
3226,394,366,540810,7664,1014026,3554400
3227,410,369,540400,7705,1014395,3435100
3228,375,400,540025,7680,1014795,3718800
3229,389,378,539636,7691,1015173,3708200
3230,373,409,539263,7655,1015582,3529000
3231,419,358,538844,7716,1015940,3406800
3232,396,373,538448,7739,1016313,3527600
3233,389,430,538059,7698,1016743,3366100
3234,404,385,537655,7717,1017128,3501700
3235,391,407,537264,7701,1017535,3341600
3236,421,382,536843,7740,1017917,3318000
3237,422,380,536421,7782,1018297,3595200
3238,405,398,536016,7789,1018695,3445000
3239,436,378,535580,7847,1019073,4002100
3240,417,365,535163,7899,1019438,3407700
3241,383,380,534780,7902,1019818,3235300
3242,432,387,534348,7947,1020205,3424400
3243,424,388,533924,7983,1020593,3531100
3244,408,406,533516,7985,1020999,3330100
3245,418,420,533098,7983,1021419,3494800
3246,448,399,532650,8032,1021818,3422700
3247,392,370,532258,8054,1022188,3427200
3248,403,417,531855,8040,1022605,3756700
3249,402,413,531453,8029,1023018,3427400
3250,450,411,531003,8068,1023429,3538300
3251,434,402,530569,8100,1023831,3494300
3252,424,421,530145,8103,1024252,3752500
3253,406,414,529739,8095,1024666,3792000
3254,430,420,529309,8105,1025086,3459600
3255,400,401,528909,8104,1025487,3377000
3256,415,389,528494,8130,1025876,3419400
3257,418,394,528076,8154,1026270,3341100
3258,413,423,527663,8144,1026693,3345200
3259,425,370,527238,8199,1027063,3463900
3260,444,451,526794,8192,1027514,3756400
3261,382,434,526412,8140,1027948,3384300
3262,404,390,526008,8154,1028338,3508500
3263,384,418,525624,8120,1028756,3160200
3264,408,398,525216,8130,1029154,4207600
3265,356,436,524860,8050,1029590,3624000
3266,360,433,524500,7977,1030023,3366600
3267,386,396,524114,7967,1030419,3485100
3268,391,360,523723,7998,1030779,3420700
3269,385,410,523338,7973,1031189,3383500
3270,386,410,522952,7949,1031599,3436000
3271,373,385,522579,7937,1031984,3210400
3272,382,373,522197,7946,1032357,3709600
3273,365,384,521832,7927,1032741,3629900
3274,357,377,521475,7907,1033118,3414700
3275,369,377,521106,7899,1033495,3683600
3276,377,377,520729,7899,1033872,3562300
3277,380,366,520349,7913,1034238,3507900
3278,358,414,519991,7857,1034652,3508900
3279,378,391,519613,7844,1035043,3312900
3280,361,399,519252,7806,1035442,3574300
3281,366,376,518886,7796,1035818,3782900
3282,388,379,518498,7805,1036197,3717000
3283,351,378,518147,7778,1036575,3386600
3284,359,387,517788,7750,1036962,3708700
3285,388,415,517400,7723,1037377,3270200
3286,374,386,517026,7711,1037763,3548800
3287,392,419,516634,7684,1038182,3286700
3288,389,378,516245,7695,1038560,3240800
3289,367,408,515878,7654,1038968,3621700
3290,352,349,515526,7657,1039317,3371100
3291,387,403,515139,7641,1039720,3296000
3292,353,385,514786,7609,1040105,3485300
3293,365,375,514421,7599,1040480,3612400
3294,420,400,514001,7619,1040880,3533100
3295,391,360,513610,7650,1041240,3464900
3296,398,411,513212,7637,1041651,3269800
3297,384,355,512828,7666,1042006,3457400
3298,368,398,512460,7636,1042404,3470000
3299,377,388,512083,7625,1042792,3358300
3300,392,411,511691,7606,1043203,3485600
3301,376,387,511315,7595,1043590,3213600
3302,389,365,510926,7619,1043955,3455400
3303,367,363,510559,7623,1044318,3206700
3304,366,353,510193,7636,1044671,3397800
3305,379,394,509814,7621,1045065,3408000
3306,421,384,509393,7658,1045449,3206200
3307,383,381,509010,7660,1045830,3513100
3308,401,374,508609,7687,1046204,3492300
3309,430,384,508179,7733,1046588,3255500
3310,360,427,507819,7666,1047015,3438500
3311,388,390,507431,7664,1047405,3259000
3312,382,389,507049,7657,1047794,3443400
3313,398,394,506651,7661,1048188,3340100
3314,368,389,506283,7640,1048577,3294200
3315,387,369,505896,7658,1048946,3515400
3316,428,380,505468,7706,1049326,3275700
3317,403,397,505065,7712,1049723,3322600
3318,403,362,504662,7753,1050085,3322500
3319,409,380,504253,7782,1050465,3330700
3320,419,412,503834,7789,1050877,3524800
3321,428,395,503406,7822,1051272,3203100
3322,437,350,502969,7909,1051622,3538300
3323,401,376,502568,7934,1051998,3518100
3324,429,356,502139,8007,1052354,3806500
3325,369,406,501770,7970,1052760,3398000
3326,408,407,501362,7971,1053167,3449000
3327,374,412,500988,7933,1053579,3269100
3328,426,394,500562,7965,1053973,3401100
3329,413,373,500149,8005,1054346,3324000
3330,431,399,499718,8037,1054745,3425100
3331,433,396,499285,8074,1055141,3360200
3332,388,440,498897,8022,1055581,3581600
3333,420,394,498477,8048,1055975,3417100
3334,398,431,498079,8015,1056406,3735200
3335,426,398,497653,8043,1056804,3323900
3336,371,436,497282,7978,1057240,3638900
3337,408,404,496874,7982,1057644,3376100
3338,384,413,496490,7953,1058057,3365500
3339,367,402,496123,7918,1058459,3883800
3340,400,353,495723,7965,1058812,3258200
3341,433,397,495290,8001,1059209,3613500
3342,404,440,494886,7965,1059649,3655700
3343,389,407,494497,7947,1060056,3261700
3344,425,405,494072,7967,1060461,3392200
3345,399,390,493673,7976,1060851,3258600
3346,410,359,493263,8027,1061210,3484700
3347,409,424,492854,8012,1061634,3410600
3348,369,393,492485,7988,1062027,3395200
3349,378,415,492107,7951,1062442,3746900
3350,420,369,491687,8002,1062811,3509000
3351,396,423,491291,7975,1063234,3742900
3352,393,394,490898,7974,1063628,3491400
3353,400,427,490498,7947,1064055,3329200
3354,391,404,490107,7934,1064459,3556700
3355,404,368,489703,7970,1064827,3508900
3356,385,387,489318,7968,1065214,3861300
3357,368,395,488950,7941,1065609,3559400
3358,376,401,488574,7916,1066010,3509200
3359,384,401,488190,7899,1066411,3461900
3360,381,392,487809,7888,1066803,3509100
3361,415,423,487394,7880,1067226,3935700
3362,412,407,486982,7885,1067633,3484000
3363,396,378,486586,7903,1068011,3859500
3364,365,383,486221,7885,1068394,3631000
3365,374,402,485847,7857,1068796,3549700
3366,379,421,485468,7815,1069217,3610500
3367,375,377,485093,7813,1069594,4051000
3368,413,365,484680,7861,1069959,3238300
3369,411,421,484269,7851,1070380,3737700
3370,375,385,483894,7841,1070765,3406900
3371,416,364,483478,7893,1071129,3244100
3372,404,397,483074,7900,1071526,3497600
3373,384,428,482690,7856,1071954,3230100
3374,394,377,482296,7873,1072331,3320000
3375,368,392,481928,7849,1072723,3343000
3376,421,419,481507,7851,1073142,3313800
3377,398,391,481109,7858,1073533,3526700
3378,404,396,480705,7866,1073929,3409600
3379,387,385,480318,7868,1074314,3324900
3380,377,421,479941,7824,1074735,3644000
3381,401,374,479540,7851,1075109,3487500
3382,418,401,479122,7868,1075510,3442100
3383,391,387,478731,7872,1075897,3398300
3384,382,392,478349,7862,1076289,3241900
3385,422,399,477927,7885,1076688,3452800
3386,407,377,477520,7915,1077065,3564800
3387,391,415,477129,7891,1077480,3258100
3388,382,422,476747,7851,1077902,3404500
3389,405,444,476342,7812,1078346,3501500
3390,432,390,475910,7854,1078736,3467000
3391,405,386,475505,7873,1079122,3355800
3392,410,412,475095,7871,1079534,3241000
3393,421,396,474674,7896,1079930,3440400
3394,380,396,474294,7880,1080326,3506700
3395,405,406,473889,7879,1080732,3686900
3396,395,391,473494,7883,1081123,3407400
3397,383,391,473111,7875,1081514,3258000
3398,382,404,472729,7853,1081918,3465600
3399,426,399,472303,7880,1082317,3550100
3400,395,385,471908,7890,1082702,3233500
3401,414,379,471494,7925,1083081,3499000
3402,406,417,471088,7914,1083498,3251100
3403,397,384,470691,7927,1083882,3330100
3404,412,422,470279,7917,1084304,3228800
3405,380,420,469899,7877,1084724,3236600
3406,381,399,469518,7859,1085123,3437600
3407,357,376,469161,7840,1085499,3279500
3408,383,425,468778,7798,1085924,3551200
3409,393,408,468385,7783,1086332,3625600
3410,401,373,467984,7811,1086705,3359100
3411,390,372,467594,7829,1087077,3648200
3412,429,405,467165,7853,1087482,3857000
3413,418,388,466747,7883,1087870,3784000
3414,382,400,466365,7865,1088270,3479000
3415,438,430,465927,7873,1088700,3613300
3416,412,384,465515,7901,1089084,3396700
3417,396,404,465119,7893,1089488,3587700
3418,376,414,464743,7855,1089902,3221100
3419,407,391,464336,7871,1090293,3300300
3420,420,368,463916,7923,1090661,3362100
3421,417,357,463499,7983,1091018,3662300
3422,401,402,463098,7982,1091420,3424700
3423,413,392,462685,8003,1091812,3402200
3424,410,431,462275,7982,1092243,3642000
3425,424,409,461851,7997,1092652,3596400
3426,418,387,461433,8028,1093039,3551700
3427,417,388,461016,8057,1093427,3344300
3428,413,396,460603,8074,1093823,3698100
3429,428,396,460175,8106,1094219,3606600
3430,449,382,459726,8173,1094601,3445800
3431,390,383,459336,8180,1094984,3535500
3432,435,434,458901,8181,1095418,3399500
3433,404,413,458497,8172,1095831,3617600
3434,411,435,458086,8148,1096266,3630000
3435,418,394,457668,8172,1096660,3805300
3436,405,400,457263,8177,1097060,3803900
3437,441,408,456822,8210,1097468,3567700
3438,404,411,456418,8203,1097879,7497700
3439,422,414,455996,8211,1098293,4378700
3440,418,403,455578,8226,1098696,4761900
3441,410,393,455168,8243,1099089,4829500
3442,402,421,454766,8224,1099510,3844000
3443,429,409,454337,8244,1099919,3639500
3444,400,399,453937,8245,1100318,5459200
3445,408,414,453529,8239,1100732,3722500
3446,441,452,453088,8228,1101184,3814100
3447,440,416,452648,8252,1101600,3758700
3448,397,404,452251,8245,1102004,3831500
3449,412,398,451839,8259,1102402,3452900
3450,430,409,451409,8280,1102811,3380000
3451,416,397,450993,8299,1103208,3602300
3452,391,416,450602,8274,1103624,3513500
3453,405,412,450197,8267,1104036,3876000
3454,425,419,449772,8273,1104455,3450600
3455,411,422,449361,8262,1104877,3488600
3456,417,438,448944,8241,1105315,3489600
3457,412,383,448532,8270,1105698,3473000
3458,438,421,448094,8287,1106119,3480700
3459,433,407,447661,8313,1106526,3575000
3460,430,414,447231,8329,1106940,3451500
3461,385,398,446846,8316,1107338,3550400
3462,410,394,446436,8332,1107732,3493200
3463,420,428,446016,8324,1108160,3608500
3464,363,443,445653,8244,1108603,3627100
3465,406,415,445247,8235,1109018,3379400
3466,348,423,444899,8160,1109441,3384800
3467,359,408,444540,8111,1109849,3397500
3468,456,404,444084,8163,1110253,3850900
3469,382,435,443702,8110,1110688,3387000
3470,384,427,443318,8067,1111115,3500700
3471,428,434,442890,8061,1111549,3441300
3472,397,380,442493,8078,1111929,3461700
3473,412,407,442081,8083,1112336,3414800
3474,397,418,441684,8062,1112754,3372300
3475,407,382,441277,8087,1113136,3684100
3476,384,408,440893,8063,1113544,3305100
3477,408,432,440485,8039,1113976,3368400
3478,439,407,440046,8071,1114383,3735200
3479,427,394,439619,8104,1114777,3483500
3480,405,398,439214,8111,1115175,3465000
3481,409,424,438805,8096,1115599,3313500
3482,437,401,438368,8132,1116000,3575700
3483,406,424,437962,8114,1116424,3687800
3484,438,402,437524,8150,1116826,3449900
3485,416,440,437108,8126,1117266,3524500
3486,428,428,436680,8126,1117694,3364100
3487,417,396,436263,8147,1118090,3494500
3488,438,413,435825,8172,1118503,3789900
3489,388,404,435437,8156,1118907,3432400
3490,409,443,435028,8122,1119350,3228400
3491,424,435,434604,8111,1119785,3615300
3492,442,405,434162,8148,1120190,3262000
3493,354,414,433808,8088,1120604,3638800
3494,419,377,433389,8130,1120981,3391400
3495,392,403,432997,8119,1121384,3256900
3496,375,407,432622,8087,1121791,3695600
3497,391,392,432231,8086,1122183,3581400
3498,374,391,431857,8069,1122574,3365800
3499,412,428,431445,8053,1123002,3487300
3500,406,400,431039,8059,1123402,3331200
3501,403,384,430636,8078,1123786,3561800
3502,399,378,430237,8099,1124164,3657400
3503,397,415,429840,8081,1124579,3315000
3504,367,407,429473,8041,1124986,3576800
3505,402,394,429071,8049,1125380,3564100
3506,377,390,428694,8036,1125770,3539500
3507,400,386,428294,8050,1126156,3464400
3508,384,436,427910,7998,1126592,3447800
3509,363,408,427547,7953,1127000,3542000
3510,382,415,427165,7920,1127415,3813300
3511,378,391,426787,7907,1127806,3578600
3512,401,403,426386,7905,1128209,3453800
3513,387,375,425999,7917,1128584,3604400
3514,386,443,425613,7860,1129027,3521400
3515,450,397,425163,7913,1129424,3574400
3516,367,400,424796,7880,1129824,3539500
3517,385,382,424411,7883,1130206,3444200
3518,398,415,424013,7866,1130621,3428000
3519,419,394,423594,7891,1131015,3651300
3520,451,421,423143,7921,1131436,3564700
3521,437,403,422706,7955,1131839,3502600
3522,425,397,422281,7983,1132236,3349900
3523,446,427,421835,8002,1132663,3549400
3524,400,356,421435,8046,1133019,3505600
3525,427,397,421008,8076,1133416,3243400
3526,411,397,420597,8090,1133813,3334100
3527,398,386,420199,8102,1134199,3618500
3528,399,384,419800,8117,1134583,3465800
3529,394,389,419406,8122,1134972,3569200
3530,364,408,419042,8078,1135380,3614600
3531,418,399,418624,8097,1135779,3397800
3532,399,398,418225,8098,1136177,3827000
3533,397,395,417828,8100,1136572,3372800
3534,395,384,417433,8111,1136956,3362300
3535,412,407,417021,8116,1137363,3559100
3536,395,380,416626,8131,1137743,3638900
3537,410,405,416216,8136,1138148,3504300
3538,402,430,415814,8108,1138578,3701000
3539,420,412,415394,8116,1138990,3376600
3540,452,373,414942,8195,1139363,3579900
3541,413,390,414529,8218,1139753,4441900
3542,419,415,414110,8222,1140168,3578900
3543,422,424,413688,8220,1140592,3565700
3544,409,409,413279,8220,1141001,3542600
3545,391,415,412888,8196,1141416,3440100
3546,428,397,412460,8227,1141813,3486800
3547,423,417,412037,8233,1142230,3624200
3548,405,404,411632,8234,1142634,3380400
3549,458,419,411174,8273,1143053,3644500
3550,393,411,410781,8255,1143464,3657200
3551,379,422,410402,8212,1143886,3738800
3552,437,402,409965,8247,1144288,3727200
3553,413,402,409552,8258,1144690,3431600
3554,413,378,409139,8293,1145068,3466400
3555,397,416,408742,8274,1145484,3581400
3556,441,443,408301,8272,1145927,3384000
3557,405,401,407896,8276,1146328,3533600
3558,396,434,407500,8238,1146762,3603000
3559,412,387,407088,8263,1147149,3450300
3560,422,415,406666,8270,1147564,3438700
3561,400,396,406266,8274,1147960,3715200
3562,432,412,405834,8294,1148372,3350500
3563,398,417,405436,8275,1148789,3559100
3564,378,415,405058,8238,1149204,3372300
3565,397,420,404661,8215,1149624,3318700
3566,419,416,404242,8218,1150040,3529800
3567,446,432,403796,8232,1150472,3405100
3568,419,432,403377,8219,1150904,3393400
3569,393,409,402984,8203,1151313,3623100
3570,395,410,402589,8188,1151723,3581500
3571,401,448,402188,8141,1152171,3873200
3572,386,441,401802,8086,1152612,3520800
3573,387,408,401415,8065,1153020,6392300
3574,379,412,401036,8032,1153432,5160800
3575,426,396,400610,8062,1153828,4583300
3576,393,391,400217,8064,1154219,4316200
3577,416,417,399801,8063,1154636,3583700
3578,394,405,399407,8052,1155041,3757300
3579,416,436,398991,8032,1155477,4790300
3580,405,379,398586,8058,1155856,3742800
3581,379,392,398207,8045,1156248,4084100
3582,401,414,397806,8032,1156662,3525900
3583,403,375,397403,8060,1157037,3621800
3584,365,414,397038,8011,1157451,3960700
3585,399,389,396639,8021,1157840,3666800
3586,393,379,396246,8035,1158219,3598800
3587,403,379,395843,8059,1158598,3879500
3588,398,409,395445,8048,1159007,3566100
3589,429,398,395016,8079,1159405,3426000
3590,384,375,394632,8088,1159780,3495400
3591,425,403,394207,8110,1160183,3727300
3592,435,388,393772,8157,1160571,3769800
3593,454,416,393318,8195,1160987,3525100
3594,411,397,392907,8209,1161384,3425400
3595,415,430,392492,8194,1161814,3651300
3596,436,377,392056,8253,1162191,3422500
3597,450,431,391606,8272,1162622,3334800
3598,409,403,391197,8278,1163025,3469600
3599,452,441,390745,8289,1163466,3372800
3600,391,422,390354,8258,1163888,3713700
3601,420,396,389934,8282,1164284,3482800
3602,451,420,389483,8313,1164704,3379100
3603,393,394,389090,8312,1165098,3714800
3604,390,436,388700,8266,1165534,3499100
3605,425,399,388275,8292,1165933,3307100
3606,404,416,387871,8280,1166349,3476800
3607,380,412,387491,8248,1166761,3532200
3608,428,421,387063,8255,1167182,3403300
3609,386,437,386677,8204,1167619,3357200
3610,372,417,386305,8159,1168036,3240700
3611,393,423,385912,8129,1168459,3430300
3612,390,401,385522,8118,1168860,3681100
3613,420,414,385102,8124,1169274,3447500
3614,424,403,384678,8145,1169677,3395300
3615,426,428,384252,8143,1170105,3402200
3616,419,378,383833,8184,1170483,3786200
3617,440,401,383393,8223,1170884,3797600
3618,431,400,382962,8254,1171284,3297300
3619,430,424,382532,8260,1171708,3750600
3620,420,415,382112,8265,1172123,3398300
3621,430,388,381682,8307,1172511,3529800
3622,405,463,381277,8249,1172974,3319100
3623,378,398,380899,8229,1173372,3574500
3624,392,400,380507,8221,1173772,3214800
3625,423,402,380084,8242,1174174,3346400
3626,415,413,379669,8244,1174587,3528900
3627,383,396,379286,8231,1174983,3316700
3628,384,440,378902,8175,1175423,3522200
3629,440,418,378462,8197,1175841,3260200
3630,397,372,378065,8222,1176213,3711500
3631,406,427,377659,8201,1176640,3692400
3632,423,406,377236,8218,1177046,3477800
3633,388,385,376848,8221,1177431,3832600
3634,416,380,376432,8257,1177811,3445300
3635,406,422,376026,8241,1178233,3302400
3636,407,458,375619,8190,1178691,3393200
3637,454,433,375165,8211,1179124,3268300
3638,414,426,374751,8199,1179550,3867200
3639,394,413,374357,8180,1179963,3428000
3640,415,433,373942,8162,1180396,3241600
3641,352,392,373590,8122,1180788,3322400
3642,404,393,373186,8133,1181181,3416500
3643,399,398,372787,8134,1181579,3313700
3644,368,408,372419,8094,1181987,3584800
3645,375,380,372044,8089,1182367,3389000
3646,381,382,371663,8088,1182749,3300700
3647,360,431,371303,8017,1183180,3416000
3648,438,395,370865,8060,1183575,3253000
3649,411,415,370454,8056,1183990,3312900
3650,374,386,370080,8044,1184376,3364100
3651,432,423,369648,8053,1184799,3419300
3652,380,374,369268,8059,1185173,3462800
3653,375,396,368893,8038,1185569,3827900
3654,394,437,368499,7995,1186006,3491100
3655,378,391,368121,7982,1186397,3522500
3656,369,400,367752,7951,1186797,3269700
3657,387,393,367365,7945,1187190,3520000
3658,377,381,366988,7941,1187571,3462800
3659,366,375,366622,7932,1187946,3228900
3660,411,396,366211,7947,1188342,3937100
3661,363,428,365848,7882,1188770,3288300
3662,395,380,365453,7897,1189150,3385800
3663,399,380,365054,7916,1189530,23501800
3664,384,442,364670,7858,1189972,6010100
3665,388,375,364282,7871,1190347,6702000
3666,372,374,363910,7869,1190721,3542100
3667,394,408,363516,7855,1191129,3470100
3668,401,403,363115,7853,1191532,3416200
3669,395,403,362720,7845,1191935,3418100
3670,370,398,362350,7817,1192333,3746900
3671,390,378,361960,7829,1192711,3584000
3672,393,401,361567,7821,1193112,3284500
3673,391,414,361176,7798,1193526,3386300
3674,384,387,360792,7795,1193913,3240500
3675,408,376,360384,7827,1194289,3422700
3676,403,400,359981,7830,1194689,3407500
3677,381,381,359600,7830,1195070,3842700
3678,420,375,359180,7875,1195445,3522300
3679,430,389,358750,7916,1195834,3425600
3680,387,406,358363,7897,1196240,3322500
3681,381,415,357982,7863,1196655,3769300
3682,397,400,357585,7860,1197055,3450400
3683,357,416,357228,7801,1197471,3870800
3684,408,423,356820,7786,1197894,3378600
3685,400,414,356420,7772,1198308,3221600
3686,421,380,355999,7813,1198688,3724200
3687,432,384,355567,7861,1199072,3825000
3688,426,400,355141,7887,1199472,3397700
3689,385,411,354756,7861,1199883,3569600
3690,392,387,354364,7866,1200270,3564700
3691,424,425,353940,7865,1200695,3853300
3692,402,385,353538,7882,1201080,3775100
3693,405,404,353133,7883,1201484,3389600
3694,388,419,352745,7852,1201903,3367600
3695,362,397,352383,7817,1202300,3707700
3696,383,430,352000,7770,1202730,3596000
3697,370,364,351630,7776,1203094,3417900
3698,367,410,351263,7733,1203504,3578100
3699,361,354,350902,7740,1203858,3471700
3700,371,429,350531,7682,1204287,3893600
3701,392,421,350139,7653,1204708,3846100
3702,368,375,349771,7646,1205083,5733700
3703,365,395,349406,7616,1205478,7935600
3704,415,391,348991,7640,1205869,5385900
3705,395,393,348596,7642,1206262,4459400
3706,371,375,348225,7638,1206637,3880600
3707,389,364,347836,7663,1207001,3598200
3708,390,414,347446,7639,1207415,4910600
3709,379,386,347067,7632,1207801,3705500
3710,377,396,346690,7613,1208197,3781700
3711,367,408,346323,7572,1208605,3364900
3712,375,394,345948,7553,1208999,3693200
3713,385,394,345563,7544,1209393,3507500
3714,424,343,345139,7625,1209736,3419500
3715,392,364,344747,7653,1210100,3611500
3716,349,412,344398,7590,1210512,3442500
3717,393,377,344005,7606,1210889,3411200
3718,386,372,343619,7620,1211261,3716800
3719,401,392,343218,7629,1211653,3380000
3720,341,394,342877,7576,1212047,3298200
3721,410,375,342467,7611,1212422,3388300
3722,377,388,342090,7600,1212810,3398700
3723,395,370,341695,7625,1213180,3505200
3724,374,370,341321,7629,1213550,3422500
3725,403,361,340918,7671,1213911,3597700
3726,397,381,340521,7687,1214292,3666000
3727,391,363,340130,7715,1214655,3447700
3728,399,356,339731,7758,1215011,3505500
3729,362,380,339369,7740,1215391,3624600
3730,408,379,338961,7769,1215770,3431100
3731,405,357,338556,7817,1216127,3434300
3732,373,380,338183,7810,1216507,3355800
3733,396,404,337787,7802,1216911,3547000
3734,384,397,337403,7789,1217308,3923900
3735,362,401,337041,7750,1217709,3512800
3736,396,386,336645,7760,1218095,3538100
3737,378,366,336267,7772,1218461,3457300
3738,385,383,335882,7774,1218844,3751200
3739,426,369,335456,7831,1219213,3413900
3740,432,421,335024,7842,1219634,3676900
3741,427,405,334597,7864,1220039,3250400
3742,417,387,334180,7894,1220426,3470200
3743,395,383,333785,7906,1220809,3258600
3744,377,393,333408,7890,1221202,3700100
3745,425,385,332983,7930,1221587,3499400
3746,393,424,332590,7899,1222011,3264000
3747,390,375,332200,7914,1222386,3303800
3748,406,397,331794,7923,1222783,3437900
3749,414,408,331380,7929,1223191,3274300
3750,395,435,330985,7889,1223626,3535100
3751,396,404,330589,7881,1224030,3307300
3752,395,369,330194,7907,1224399,3307400
3753,404,398,329790,7913,1224797,3437400
3754,380,384,329410,7909,1225181,3440000
3755,403,413,329007,7899,1225594,3601100
3756,386,379,328621,7906,1225973,3552800
3757,414,393,328207,7927,1226366,3655700
3758,390,445,327817,7872,1226811,3494200
3759,383,414,327434,7841,1227225,3519800
3760,363,382,327071,7822,1227607,3343800
3761,391,376,326680,7837,1227983,3544900
3762,394,405,326286,7826,1228388,3470700
3763,382,424,325904,7784,1228812,3731000
3764,386,362,325518,7808,1229174,3495000
3765,392,419,325126,7781,1229593,3315000
3766,408,388,324718,7801,1229981,3733200
3767,368,362,324350,7807,1230343,3607200
3768,385,385,323965,7807,1230728,3335300
3769,405,405,323560,7807,1231133,3720500
3770,389,407,323171,7789,1231540,3878500
3771,406,359,322765,7836,1231899,3735200
3772,364,384,322401,7816,1232283,3582700
3773,385,459,322016,7742,1232742,3626500
3774,359,390,321657,7711,1233132,3495600
3775,352,406,321305,7657,1233538,3662700
3776,350,382,320955,7625,1233920,3541500
3777,360,383,320595,7602,1234303,3473400
3778,374,370,320221,7606,1234673,3637600
3779,340,391,319881,7555,1235064,3480400
3780,350,381,319531,7524,1235445,3483300
3781,371,392,319160,7503,1235837,3768300
3782,373,381,318787,7495,1236218,3316300
3783,347,348,318440,7494,1236566,3315800
3784,342,370,318098,7466,1236936,3480900
3785,334,376,317764,7424,1237312,3625400
3786,365,355,317399,7434,1237667,3579900
3787,366,342,317033,7458,1238009,3339900
3788,376,361,316657,7473,1238370,3493200
3789,341,365,316316,7449,1238735,3724700
3790,352,409,315964,7392,1239144,3367300
3791,404,363,315560,7433,1239507,3763500
3792,319,389,315241,7363,1239896,3585000
3793,379,363,314862,7379,1240259,3560500
3794,371,371,314491,7379,1240630,3425600
3795,332,364,314159,7347,1240994,3452700
3796,362,358,313797,7351,1241352,3640300
3797,347,376,313450,7322,1241728,3713200
3798,355,369,313095,7308,1242097,3625600
3799,409,355,312686,7362,1242452,3235000
3800,367,359,312319,7370,1242811,3463500
3801,331,361,311988,7340,1243172,3750500
3802,372,352,311616,7360,1243524,3554300
3803,383,337,311233,7406,1243861,3463400
3804,381,361,310852,7426,1244222,3284900
3805,343,390,310509,7379,1244612,3850500
3806,354,343,310155,7390,1244955,3554400
3807,351,405,309804,7336,1245360,3267400
3808,367,337,309437,7366,1245697,3412700
3809,387,360,309050,7393,1246057,3418200
3810,367,396,308683,7364,1246453,3367600
3811,377,371,308306,7370,1246824,3503600
3812,341,392,307965,7319,1247216,3397800
3813,369,341,307596,7347,1247557,3399500
3814,347,364,307249,7330,1247921,3539500
3815,335,371,306914,7294,1248292,3471300
3816,343,365,306571,7272,1248657,3438300
3817,344,385,306227,7231,1249042,3286200
3818,340,351,305887,7220,1249393,3672500
3819,359,338,305528,7241,1249731,3455000
3820,365,378,305163,7228,1250109,3434700
3821,342,349,304821,7221,1250458,3319000
3822,356,359,304465,7218,1250817,3351900
3823,366,344,304099,7240,1251161,3740600
3824,370,364,303729,7246,1251525,3554900
3825,352,375,303377,7223,1251900,3571000
3826,330,352,303047,7201,1252252,3401300
3827,335,373,302712,7163,1252625,3397400
3828,360,371,302352,7152,1252996,3335300
3829,331,376,302021,7107,1253372,3450500
3830,355,353,301666,7109,1253725,3504300
3831,339,381,301327,7067,1254106,3386600
3832,373,342,300954,7098,1254448,3545900
3833,331,338,300623,7091,1254786,3398700
3834,332,336,300291,7087,1255122,3410800
3835,352,391,299939,7048,1255513,3843700
3836,338,342,299601,7044,1255855,3405900
3837,339,327,299262,7056,1256182,3310100
3838,343,352,298919,7047,1256534,3453600
3839,334,360,298585,7021,1256894,3298800
3840,336,352,298249,7005,1257246,3409200
3841,307,346,297942,6966,1257592,3470200
3842,321,335,297621,6952,1257927,3416900
3843,317,329,297304,6940,1258256,3685700
3844,321,373,296983,6888,1258629,3770300
3845,338,361,296645,6865,1258990,4858800
3846,318,345,296327,6838,1259335,6776700
3847,340,360,295987,6818,1259695,6401800
3848,359,323,295628,6854,1260018,6026400
3849,349,379,295279,6824,1260397,3990000
3850,338,347,294941,6815,1260744,4174500
3851,351,344,294590,6822,1261088,5643400
3852,339,341,294251,6820,1261429,3903200
3853,351,339,293900,6832,1261768,3898600
3854,343,351,293557,6824,1262119,3860000
3855,334,351,293223,6807,1262470,3717300
3856,344,373,292879,6778,1262843,3738000
3857,352,334,292527,6796,1263177,3693600
3858,347,333,292180,6810,1263510,4028400
3859,325,322,291855,6813,1263832,3749500
3860,353,313,291502,6853,1264145,3760600
3861,308,352,291194,6809,1264497,3565200
3862,358,330,290836,6837,1264827,3565400
3863,336,335,290500,6838,1265162,3556300
3864,365,330,290135,6873,1265492,3566800
3865,321,342,289814,6852,1265834,3695200
3866,348,348,289466,6852,1266182,3594700
3867,328,375,289138,6805,1266557,3686700
3868,362,327,288776,6840,1266884,3796000
3869,326,322,288450,6844,1267206,3638000
3870,327,319,288123,6852,1267525,3489000
3871,355,342,287768,6865,1267867,3711600
3872,330,308,287438,6887,1268175,3736400
3873,363,316,287075,6934,1268491,3764300
3874,350,379,286725,6905,1268870,3683600
3875,362,388,286363,6879,1269258,3829000
3876,330,351,286033,6858,1269609,3604800
3877,353,363,285680,6848,1269972,3655700
3878,322,312,285358,6858,1270284,3471100
3879,328,313,285030,6873,1270597,3547700
3880,359,359,284671,6873,1270956,3849000
3881,359,351,284312,6881,1271307,3539700
3882,354,360,283958,6875,1271667,3635900
3883,323,380,283635,6818,1272047,3567400
3884,319,332,283316,6805,1272379,3651700
3885,314,326,283002,6793,1272705,3491800
3886,322,343,282680,6772,1273048,3549500
3887,343,309,282337,6806,1273357,3431100
3888,343,316,281994,6833,1273673,3608200
3889,331,360,281663,6804,1274033,3683700
3890,316,371,281347,6749,1274404,3389400
3891,346,330,281001,6765,1274734,3408800
3892,322,335,280679,6752,1275069,3294300
3893,323,348,280356,6727,1275417,3391900
3894,325,342,280031,6710,1275759,3540300
3895,324,291,279707,6743,1276050,3474000
3896,350,311,279357,6782,1276361,3468800
3897,330,335,279027,6777,1276696,3659600
3898,334,356,278693,6755,1277052,3599200
3899,313,349,278380,6719,1277401,3468100
3900,321,328,278059,6712,1277729,3700000
3901,354,363,277705,6703,1278092,3765100
3902,338,324,277367,6717,1278416,3398600
3903,323,388,277044,6652,1278804,3809900
3904,316,322,276728,6646,1279126,3464500
3905,330,345,276398,6631,1279471,3477700
3906,293,326,276105,6598,1279797,3467300
3907,286,314,275819,6570,1280111,3512900
3908,317,311,275502,6576,1280422,3368600
3909,348,360,275154,6564,1280782,3729900
3910,324,378,274830,6510,1281160,3552900
3911,331,332,274499,6509,1281492,3605100
3912,319,322,274180,6506,1281814,3568300
3913,336,317,273844,6525,1282131,3686400
3914,321,337,273523,6509,1282468,3753500
3915,315,308,273208,6516,1282776,3642300
3916,327,320,272881,6523,1283096,3670300
3917,369,309,272512,6583,1283405,3502900
3918,327,298,272185,6612,1283703,3766500
3919,348,327,271837,6633,1284030,3512900
3920,334,318,271503,6649,1284348,3497700
3921,358,319,271145,6688,1284667,3377800
3922,342,350,270803,6680,1285017,3420200
3923,352,318,270451,6714,1285335,3349600
3924,373,352,270078,6735,1285687,3355700
3925,344,347,269734,6732,1286034,3568000
3926,378,343,269356,6767,1286377,3853200
3927,340,339,269016,6768,1286716,3363500
3928,340,324,268676,6784,1287040,3458900
3929,323,329,268353,6778,1287369,3658300
3930,336,335,268017,6779,1287704,3412200
3931,337,369,267680,6747,1288073,3361100
3932,308,335,267372,6720,1288408,3743500
3933,337,327,267035,6730,1288735,3414000
3934,312,330,266723,6712,1289065,3282100
3935,293,313,266430,6692,1289378,3406100
3936,335,335,266095,6692,1289713,3700700
3937,320,325,265775,6687,1290038,3438300
3938,319,314,265456,6692,1290352,3582400
3939,310,320,265146,6682,1290672,3303500
3940,326,334,264820,6674,1291006,3508300
3941,313,329,264507,6658,1291335,3486600
3942,358,305,264149,6711,1291640,3464000
3943,369,308,263780,6772,1291948,3391500
3944,323,349,263457,6746,1292297,3459100
3945,304,339,263153,6711,1292636,3565800
3946,328,340,262825,6699,1292976,3450400
3947,331,314,262494,6716,1293290,3343500
3948,332,351,262162,6697,1293641,3754200
3949,329,347,261833,6679,1293988,3450900
3950,307,320,261526,6666,1294308,3649200
3951,328,296,261198,6698,1294604,3275900
3952,330,312,260868,6716,1294916,3488200
3953,320,353,260548,6683,1295269,3465800
3954,325,335,260223,6673,1295604,3523000
3955,313,342,259910,6644,1295946,3453900
3956,328,321,259582,6651,1296267,3746500
3957,321,332,259261,6640,1296599,3500800
3958,299,330,258962,6609,1296929,3462600
3959,302,332,258660,6579,1297261,3456800
3960,347,345,258313,6581,1297606,3549100
3961,334,311,257979,6604,1297917,3527000
3962,341,364,257638,6581,1298281,3365000
3963,302,328,257336,6555,1298609,3692600
3964,319,322,257017,6552,1298931,3553200
3965,330,307,256687,6575,1299238,3352800
3966,324,321,256363,6578,1299559,3593900
3967,337,298,256026,6617,1299857,3850000
3968,321,314,255705,6624,1300171,3836600
3969,305,333,255400,6596,1300504,3656200
3970,322,344,255078,6574,1300848,3388200
3971,319,317,254759,6576,1301165,3481500
3972,304,312,254455,6568,1301477,3679000
3973,310,315,254145,6563,1301792,3456200
3974,310,289,253835,6584,1302081,3518400
3975,324,343,253511,6565,1302424,3633900
3976,320,327,253191,6558,1302751,4002000
3977,325,310,252866,6573,1303061,3578900
3978,298,342,252568,6529,1303403,3674200
3979,360,353,252208,6536,1303756,3735800
3980,331,331,251877,6536,1304087,3543500
3981,325,310,251552,6551,1304397,3403700
3982,288,339,251264,6500,1304736,3374400
3983,323,309,250941,6514,1305045,3425000
3984,374,323,250567,6565,1305368,3567700
3985,306,318,250261,6553,1305686,3420400
3986,325,307,249936,6571,1305993,3492500
3987,337,325,249599,6583,1306318,3530300
3988,335,363,249264,6555,1306681,3743400
3989,324,306,248940,6573,1306987,3573700
3990,335,349,248605,6559,1307336,3654800
3991,315,359,248290,6515,1307695,5035000
3992,334,331,247956,6518,1308026,4791000
3993,340,311,247616,6547,1308337,5338800
3994,353,329,247263,6571,1308666,4920000
3995,321,329,246942,6563,1308995,4280400
3996,346,315,246596,6594,1309310,3818700
3997,360,307,246236,6647,1309617,3869600
3998,345,367,245891,6625,1309984,5324700
3999,320,359,245571,6586,1310343,3885700
4000,352,320,245219,6618,1310663,3869700
4001,333,279,244886,6672,1310942,3846800
4002,327,340,244559,6659,1311282,3710100
4003,334,342,244225,6651,1311624,3952800
4004,316,367,243909,6600,1311991,3490700
4005,310,323,243599,6587,1312314,3539600
4006,328,314,243271,6601,1312628,3667000
4007,307,340,242964,6568,1312968,3700900
4008,347,292,242617,6623,1313260,3701500
4009,307,316,242310,6614,1313576,3630600
4010,351,315,241959,6650,1313891,3553400
4011,335,304,241624,6681,1314195,3432000
4012,316,314,241308,6683,1314509,3613500
4013,357,332,240951,6708,1314841,3579500
4014,369,341,240582,6736,1315182,3757200
4015,365,345,240217,6756,1315527,3544800
4016,329,313,239888,6772,1315840,3556000
4017,352,331,239536,6793,1316171,3699000
4018,325,322,239211,6796,1316493,3612700
4019,315,331,238896,6780,1316824,3436800
4020,324,367,238572,6737,1317191,3543500
4021,296,338,238276,6695,1317529,3511500
4022,325,334,237951,6686,1317863,3453000
4023,334,372,237617,6648,1318235,3328700
4024,318,354,237299,6612,1318589,3645800
4025,299,298,237000,6613,1318887,3504100
4026,322,322,236678,6613,1319209,3400000
4027,300,331,236378,6582,1319540,3381800
4028,310,319,236068,6573,1319859,3383100
4029,317,298,235751,6592,1320157,3397100
4030,308,317,235443,6583,1320474,3711200
4031,335,332,235108,6586,1320806,3301100
4032,316,327,234792,6575,1321133,3528700
4033,328,332,234464,6571,1321465,3826500
4034,328,317,234136,6582,1321782,3534800
4035,308,310,233828,6580,1322092,3630800
4036,292,337,233536,6535,1322429,3819600
4037,327,345,233209,6517,1322774,3338800
4038,334,321,232875,6530,1323095,3462300
4039,306,326,232569,6510,1323421,3454100
4040,313,309,232256,6514,1323730,3410900
4041,318,312,231938,6520,1324042,3599400
4042,344,326,231594,6538,1324368,3456100
4043,307,324,231287,6521,1324692,3825900
4044,310,349,230977,6482,1325041,3436800
4045,317,318,230660,6481,1325359,3450000
4046,302,330,230358,6453,1325689,3615700
4047,334,338,230024,6449,1326027,4106400
4048,305,313,229719,6441,1326340,3857200
4049,341,326,229378,6456,1326666,3446600
4050,332,327,229046,6461,1326993,3517000
4051,332,318,228714,6475,1327311,3596000
4052,363,291,228351,6547,1327602,3476700
4053,314,309,228037,6552,1327911,3591500
4054,314,324,227723,6542,1328235,3379200
4055,342,308,227381,6576,1328543,3783300
4056,320,306,227061,6590,1328849,3516700
4057,338,318,226723,6610,1329167,3844200
4058,338,333,226385,6615,1329500,3513200
4059,321,313,226064,6623,1329813,3468800
4060,334,352,225730,6605,1330165,3620600
4061,326,309,225404,6622,1330474,3391100
4062,315,301,225089,6636,1330775,3577200
4063,328,346,224761,6618,1331121,3615300
4064,332,299,224429,6651,1331420,3674400
4065,339,333,224090,6657,1331753,3549600
4066,312,314,223778,6655,1332067,3556800
4067,355,347,223423,6663,1332414,3887100
4068,349,371,223074,6641,1332785,3441400
4069,334,321,222740,6654,1333106,3520800
4070,317,347,222423,6624,1333453,3489500
4071,333,344,222090,6613,1333797,3357600
4072,327,340,221763,6600,1334137,3406300
4073,285,303,221478,6582,1334440,3460100
4074,305,349,221173,6538,1334789,3713100
4075,292,346,220881,6484,1335135,3400200
4076,316,315,220565,6485,1335450,3402900
4077,329,319,220236,6495,1335769,3652200
4078,322,345,219914,6472,1336114,3597000
4079,316,321,219598,6467,1336435,3669900
4080,295,334,219303,6428,1336769,3599400
4081,313,322,218990,6419,1337091,3743600
4082,312,324,218678,6407,1337415,3485800
4083,309,302,218369,6414,1337717,3702300
4084,319,306,218050,6427,1338023,3440400
4085,321,321,217729,6427,1338344,3463800
4086,341,308,217388,6460,1338652,3595600
4087,319,342,217069,6437,1338994,3693000
4088,336,298,216733,6475,1339292,3498700
4089,299,330,216434,6444,1339622,3798500
4090,312,306,216122,6450,1339928,3659000
4091,317,317,215805,6450,1340245,3598500
4092,336,300,215469,6486,1340545,3829400
4093,285,284,215184,6487,1340829,3515600
4094,314,344,214870,6457,1341173,3516400
4095,323,315,214547,6465,1341488,3841800
4096,301,319,214246,6447,1341807,4138700
4097,329,345,213917,6431,1342152,4044500
4098,314,346,213603,6399,1342498,3745800
4099,310,316,213293,6393,1342814,3831500
4100,312,344,212981,6361,1343158,3489200
4101,312,310,212669,6363,1343468,3923200
4102,306,304,212363,6365,1343772,3578000
4103,334,291,212029,6408,1344063,3521800
4104,313,340,211716,6381,1344403,3940700
4105,291,333,211425,6339,1344736,3502600
4106,291,337,211134,6293,1345073,3507400
4107,282,324,210852,6251,1345397,3536600
4108,307,316,210545,6242,1345713,3587900
4109,302,314,210243,6230,1346027,3681200
4110,283,298,209960,6215,1346325,3753800
4111,312,301,209648,6226,1346626,3859700
4112,344,317,209304,6253,1346943,3521800
4113,343,343,208961,6253,1347286,3448600
4114,292,296,208669,6249,1347582,4029500
4115,327,338,208342,6238,1347920,3536900
4116,345,324,207997,6259,1348244,3773200
4117,305,327,207692,6237,1348571,3499900
4118,332,290,207360,6279,1348861,3378900
4119,318,327,207042,6270,1349188,3580100
4120,324,293,206718,6301,1349481,3484600
4121,314,299,206404,6316,1349780,3626200
4122,305,297,206099,6324,1350077,3966800
4123,332,306,205767,6350,1350383,3595300
4124,325,307,205442,6368,1350690,3685500
4125,317,305,205125,6380,1350995,3763200
4126,292,300,204833,6372,1351295,3838400
4127,298,324,204535,6346,1351619,3721700
4128,306,303,204229,6349,1351922,3406700
4129,303,315,203926,6337,1352237,3649700
4130,319,302,203607,6354,1352539,3724400
4131,324,278,203283,6400,1352817,4054200
4132,319,313,202964,6406,1353130,3699500
4133,281,337,202683,6350,1353467,3465600
4134,308,332,202375,6326,1353799,5118300
4135,289,317,202086,6298,1354116,5863100
4136,270,329,201816,6239,1354445,4839500
4137,309,302,201507,6246,1354747,4700400
4138,331,340,201176,6237,1355087,4054500
4139,292,300,200884,6229,1355387,3943700
4140,308,328,200576,6209,1355715,3737300
4141,303,290,200273,6222,1356005,3801200
4142,303,291,199970,6234,1356296,3673900
4143,327,283,199643,6278,1356579,4279800
4144,288,314,199355,6252,1356893,4634100
4145,318,327,199037,6243,1357220,4283600
4146,280,336,198757,6187,1357556,3771200
4147,311,312,198446,6186,1357868,3568200
4148,272,317,198174,6141,1358185,3498900
4149,288,287,197886,6142,1358472,3517500
4150,309,322,197577,6129,1358794,3575200
4151,325,294,197252,6160,1359088,3913500
4152,314,338,196938,6136,1359426,4122100
4153,285,317,196653,6104,1359743,3467500
4154,320,304,196333,6120,1360047,3585400
4155,270,297,196063,6093,1360344,3467500
4156,332,308,195731,6117,1360652,3475500
4157,282,299,195449,6100,1360951,3545800
4158,271,312,195178,6059,1361263,3460000
4159,331,338,194847,6052,1361601,4025500
4160,290,331,194557,6011,1361932,3566700
4161,302,306,194255,6007,1362238,3644400
4162,281,288,193974,6000,1362526,3492500
4163,313,278,193661,6035,1362804,3756100
4164,317,305,193344,6047,1363109,3524900
4165,301,282,193043,6066,1363391,3510300
4166,276,276,192767,6066,1363667,3540000
4167,291,322,192476,6035,1363989,3844200
4168,318,310,192158,6043,1364299,3442800
4169,303,313,191855,6033,1364612,3530600
4170,303,286,191552,6050,1364898,3483600
4171,314,286,191238,6078,1365184,3627500
4172,302,364,190936,6016,1365548,3605700
4173,304,282,190632,6038,1365830,3499500
4174,301,301,190331,6038,1366131,3391500
4175,314,299,190017,6053,1366430,3325100
4176,300,319,189717,6034,1366749,3384100
4177,310,297,189407,6047,1367046,3443100
4178,309,288,189098,6068,1367334,3422900
4179,289,272,188809,6085,1367606,3680000
4180,315,313,188494,6087,1367919,4010300
4181,301,294,188193,6094,1368213,3508000
4182,307,285,187886,6116,1368498,3438000
4183,294,272,187592,6138,1368770,3500200
4184,328,287,187264,6179,1369057,3455900
4185,309,297,186955,6191,1369354,3710700
4186,293,312,186662,6172,1369666,3596700
4187,283,296,186379,6159,1369962,3425800
4188,294,332,186085,6121,1370294,3590300
4189,328,321,185757,6128,1370615,3543500
4190,292,306,185465,6114,1370921,3709500
4191,316,292,185149,6138,1371213,3527200
4192,299,291,184850,6146,1371504,3495300
4193,294,308,184556,6132,1371812,3491700
4194,279,314,184277,6097,1372126,3622000
4195,312,314,183965,6095,1372440,3465600
4196,274,298,183691,6071,1372738,3440400
4197,317,290,183374,6098,1373028,3483700
4198,314,292,183060,6120,1373320,3688000
4199,282,285,182778,6117,1373605,4008200
4200,343,327,182435,6133,1373932,3560900
4201,309,275,182126,6167,1374207,3507500
4202,306,306,181820,6167,1374513,3517900
4203,307,299,181513,6175,1374812,3666400
4204,319,290,181194,6204,1375102,3432500
4205,327,322,180867,6209,1375424,3563600
4206,331,309,180536,6231,1375733,3705300
4207,309,315,180227,6225,1376048,3491800
4208,277,307,179950,6195,1376355,3625000
4209,356,312,179594,6239,1376667,3636900
4210,289,294,179305,6234,1376961,3489500
4211,295,307,179010,6222,1377268,3650400
4212,313,296,178697,6239,1377564,3884200
4213,333,324,178364,6248,1377888,3524000
4214,340,305,178024,6283,1378193,3697300
4215,303,344,177721,6242,1378537,3714800
4216,318,294,177403,6266,1378831,3933100
4217,321,340,177082,6247,1379171,3603600
4218,317,313,176765,6251,1379484,3501200
4219,284,313,176481,6222,1379797,3610700
4220,303,306,176178,6219,1380103,3634900
4221,323,317,175855,6225,1380420,3608700
4222,295,329,175560,6191,1380749,3914200
4223,308,317,175252,6182,1381066,3810900
4224,301,270,174951,6213,1381336,3730600
4225,314,282,174637,6245,1381618,3536300
4226,282,335,174355,6192,1381953,3567500
4227,297,303,174058,6186,1382256,3531000
4228,296,301,173762,6181,1382557,3656500
4229,293,335,173469,6139,1382892,3480300
4230,295,290,173174,6144,1383182,3548700
4231,260,281,172914,6123,1383463,3675400
4232,302,296,172612,6129,1383759,3551500
4233,302,333,172310,6098,1384092,3751100
4234,301,314,172009,6085,1384406,3557900
4235,298,289,171711,6094,1384695,3809300
4236,274,314,171437,6054,1385009,3699400
4237,292,301,171145,6045,1385310,4020900
4238,276,309,170869,6012,1385619,3689500
4239,313,293,170556,6032,1385912,3698700
4240,298,298,170258,6032,1386210,3650200
4241,298,299,169960,6031,1386509,3897900
4242,274,296,169686,6009,1386805,3656800
4243,283,336,169403,5956,1387141,3482400
4244,290,299,169113,5947,1387440,3895300
4245,298,313,168815,5932,1387753,3517400
4246,286,275,168529,5943,1388028,3661300
4247,313,293,168216,5963,1388321,3866000
4248,288,312,167928,5939,1388633,4459700
4249,294,320,167634,5913,1388953,25733000
4250,278,316,167356,5875,1389269,6034400
4251,284,283,167072,5876,1389552,3710300
4252,311,278,166761,5909,1389830,3637800
4253,273,335,166488,5847,1390165,3443900
4254,285,292,166203,5840,1390457,3833800
4255,272,297,165931,5815,1390754,3865200
4256,299,303,165632,5811,1391057,3604000
4257,281,301,165351,5791,1391358,3591700
4258,334,250,165017,5875,1391608,3622900
4259,303,301,164714,5877,1391909,7252100
4260,318,290,164396,5905,1392199,4932100
4261,291,306,164105,5890,1392505,4798200
4262,280,258,163825,5912,1392763,4354300
4263,299,296,163526,5915,1393059,3751500
4264,273,285,163253,5903,1393344,3697500
4265,294,293,162959,5904,1393637,5077200
4266,324,322,162635,5906,1393959,4841900
4267,289,292,162346,5903,1394251,3647000
4268,303,287,162043,5919,1394538,3675500
4269,293,300,161750,5912,1394838,3542000
4270,290,273,161460,5929,1395111,3439000
4271,297,276,161163,5950,1395387,3487600
4272,305,283,160858,5972,1395670,3352900
4273,293,283,160565,5982,1395953,3371300
4274,271,301,160294,5952,1396254,3394300
4275,273,280,160021,5945,1396534,3447900
4276,296,321,159725,5920,1396855,3395200
4277,270,301,159455,5889,1397156,3306800
4278,277,293,159178,5873,1397449,3963600
4279,272,290,158906,5855,1397739,3628500
4280,280,284,158626,5851,1398023,3344600
4281,265,259,158361,5857,1398282,3632500
4282,292,278,158069,5871,1398560,3552800
4283,270,315,157799,5826,1398875,3674100
4284,257,263,157542,5820,1399138,3721300
4285,273,270,157269,5823,1399408,3443600
4286,254,298,157015,5779,1399706,3848800
4287,275,263,156740,5791,1399969,3515700
4288,268,297,156472,5762,1400266,3579200
4289,228,283,156244,5707,1400549,3435800
4290,231,287,156013,5651,1400836,3569700
4291,261,289,155752,5623,1401125,3641000
4292,269,301,155483,5591,1401426,3502900
4293,255,281,155228,5565,1401707,3498400
4294,260,291,154968,5534,1401998,3655600
4295,281,277,154687,5538,1402275,3552500
4296,270,267,154417,5541,1402542,3851600
4297,273,286,154144,5528,1402828,3795700
4298,282,277,153862,5533,1403105,3455800
4299,294,257,153568,5570,1403362,3609100
4300,269,263,153299,5576,1403625,3949400
4301,265,271,153034,5570,1403896,3486100
4302,271,296,152763,5545,1404192,3469700
4303,288,275,152475,5558,1404467,3482700
4304,279,299,152196,5538,1404766,3742100
4305,267,290,151929,5515,1405056,3604300
4306,293,288,151636,5520,1405344,4026000
4307,256,270,151380,5506,1405614,3952500
4308,295,283,151085,5518,1405897,3634700
4309,248,269,150837,5497,1406166,3635100
4310,272,265,150565,5504,1406431,3964100
4311,267,270,150298,5501,1406701,3695200
4312,258,278,150040,5481,1406979,4414200
4313,275,315,149765,5441,1407294,3792200
4314,260,294,149505,5407,1407588,3793400
4315,232,273,149273,5366,1407861,4215900
4316,256,269,149017,5353,1408130,4454900
4317,261,292,148756,5322,1408422,3650900
4318,268,274,148488,5316,1408696,3642000
4319,254,274,148234,5296,1408970,3937800
4320,268,269,147966,5295,1409239,3724600
4321,255,257,147711,5293,1409496,3591500
4322,253,218,147458,5328,1409714,3552400
4323,274,269,147184,5333,1409983,3500700
4324,269,272,146915,5330,1410255,3669800
4325,222,275,146693,5277,1410530,3586000
4326,238,254,146455,5261,1410784,3771400
4327,265,269,146190,5257,1411053,3814400
4328,237,265,145953,5229,1411318,3693100
4329,234,263,145719,5200,1411581,3400800
4330,238,264,145481,5174,1411845,3480700
4331,240,259,145241,5155,1412104,3528500
4332,270,268,144971,5157,1412372,3476800
4333,282,280,144689,5159,1412652,3871800
4334,285,250,144404,5194,1412902,3567900
4335,264,261,144140,5197,1413163,3690400
4336,232,267,143908,5162,1413430,3417800
4337,246,294,143662,5114,1413724,3525200
4338,260,210,143402,5164,1413934,3523500
4339,265,237,143137,5192,1414171,3690000
4340,271,234,142866,5229,1414405,3545700
4341,274,264,142592,5239,1414669,3450100
4342,248,275,142344,5212,1414944,3593200
4343,271,256,142073,5227,1415200,3439400
4344,267,268,141806,5226,1415468,3793800
4345,241,257,141565,5210,1415725,3853500
4346,260,267,141305,5203,1415992,3608400
4347,263,274,141042,5192,1416266,3733300
4348,246,276,140796,5162,1416542,3588000
4349,241,258,140555,5145,1416800,3424700
4350,240,252,140315,5133,1417052,3673100
4351,243,258,140072,5118,1417310,3680300
4352,248,254,139824,5112,1417564,3487700
4353,254,247,139570,5119,1417811,3577900
4354,248,273,139322,5094,1418084,3612700
4355,248,247,139074,5095,1418331,3777300
4356,247,286,138827,5056,1418617,3702900
4357,252,260,138575,5048,1418877,3637300
4358,255,269,138320,5034,1419146,3365000
4359,238,250,138082,5022,1419396,3574900
4360,217,239,137865,5000,1419635,3312500
4361,227,257,137638,4970,1419892,3482300
4362,234,240,137404,4964,1420132,3994300
4363,221,238,137183,4947,1420370,3548200
4364,217,241,136966,4923,1420611,3381900
4365,220,242,136746,4901,1420853,3470500
4366,226,221,136520,4906,1421074,3585700
4367,228,248,136292,4886,1421322,3627700
4368,229,253,136063,4862,1421575,3500800
4369,213,271,135850,4804,1421846,3332100
4370,225,230,135625,4799,1422076,3467900
4371,242,233,135383,4808,1422309,3529300
4372,218,260,135165,4766,1422569,3366900
4373,220,232,134945,4754,1422801,3453800
4374,264,229,134681,4789,1423030,3460400
4375,246,260,134435,4775,1423290,3647300
4376,213,248,134222,4740,1423538,3500000
4377,212,235,134010,4717,1423773,3286600
4378,225,239,133785,4703,1424012,3353900
4379,230,222,133555,4711,1424234,3485400
4380,215,213,133340,4713,1424447,3419500
4381,233,267,133107,4679,1424714,3444600
4382,191,211,132916,4659,1424925,3455700
4383,206,247,132710,4618,1425172,3726100
4384,232,264,132478,4586,1425436,3456900
4385,240,227,132238,4599,1425663,3338000
4386,220,228,132018,4591,1425891,3334700
4387,218,225,131800,4584,1426116,3259200
4388,223,254,131577,4553,1426370,3602100
4389,214,244,131363,4523,1426614,3600800
4390,212,225,131151,4510,1426839,3519800
4391,212,218,130939,4504,1427057,3687100
4392,206,242,130733,4468,1427299,3391600
4393,201,229,130532,4440,1427528,3646300
4394,219,222,130313,4437,1427750,3531000
4395,203,227,130110,4413,1427977,3443500
4396,200,204,129910,4409,1428181,3422900
4397,199,220,129711,4388,1428401,3721500
4398,190,209,129521,4369,1428610,3387900
4399,207,235,129314,4341,1428845,3600400
4400,196,217,129118,4320,1429062,3450700
4401,217,195,128901,4342,1429257,3397200
4402,214,216,128687,4340,1429473,3467800
4403,205,232,128482,4313,1429705,3548500
4404,195,219,128287,4289,1429924,3393800
4405,223,220,128064,4292,1430144,3354900
4406,223,177,127841,4338,1430321,3513600
4407,206,189,127635,4355,1430510,3400000
4408,219,221,127416,4353,1430731,3798300
4409,221,222,127195,4352,1430953,3448500
4410,218,215,126977,4355,1431168,3438800
4411,197,231,126780,4321,1431399,3674000
4412,206,207,126574,4320,1431606,3348200
4413,199,226,126375,4293,1431832,3519700
4414,214,203,126161,4304,1432035,3406200
4415,217,221,125944,4300,1432256,3385100
4416,206,208,125738,4298,1432464,3813800
4417,200,212,125538,4286,1432676,3580100
4418,202,227,125336,4261,1432903,3836200
4419,219,205,125117,4275,1433108,3900800
4420,231,220,124886,4286,1433328,3433600
4421,220,221,124666,4285,1433549,3360000
4422,205,216,124461,4274,1433765,3370200
4423,188,216,124273,4246,1433981,3400000
4424,212,241,124061,4217,1434222,3626300
4425,224,209,123837,4232,1434431,3453400
4426,228,212,123609,4248,1434643,3477500
4427,202,219,123407,4231,1434862,3457900
4428,185,194,123222,4222,1435056,3518400
4429,222,198,123000,4246,1435254,3435700
4430,190,207,122810,4229,1435461,3392000
4431,182,206,122628,4205,1435667,3518200
4432,219,202,122409,4222,1435869,3354500
4433,199,211,122210,4210,1436080,3389000
4434,209,209,122001,4210,1436289,3385400
4435,183,227,121818,4166,1436516,3350000
4436,192,193,121626,4165,1436709,3453200
4437,189,189,121437,4165,1436898,3392300
4438,223,216,121214,4172,1437114,3436800
4439,194,225,121020,4141,1437339,3382600
4440,182,208,120838,4115,1437547,3400400
4441,204,215,120634,4104,1437762,3500000
4442,188,201,120446,4091,1437963,4763200
4443,222,204,120224,4109,1438167,5884400
4444,191,200,120033,4100,1438367,4938900
4445,214,232,119819,4082,1438599,4984500
4446,197,206,119622,4073,1438805,4913000
4447,178,222,119444,4029,1439027,3683000
4448,188,198,119256,4019,1439225,3739200
4449,197,201,119059,4015,1439426,3787500
4450,176,198,118883,3993,1439624,3710300
4451,163,213,118720,3943,1439837,3618300
4452,189,197,118531,3935,1440034,3490900
4453,181,166,118350,3950,1440200,3671500
4454,202,201,118148,3951,1440401,3528900
4455,190,210,117958,3931,1440611,3504300
4456,169,208,117789,3892,1440819,3592500
4457,193,194,117596,3891,1441013,3677300
4458,189,192,117407,3888,1441205,3665200
4459,195,201,117212,3882,1441406,3522400
4460,176,198,117036,3860,1441604,3915400
4461,174,184,116862,3850,1441788,4513300
4462,168,184,116694,3834,1441972,3783800
4463,171,198,116523,3807,1442170,3891900
4464,170,220,116353,3757,1442390,3645600
4465,192,171,116161,3778,1442561,3751900
4466,179,173,115982,3784,1442734,3684300
4467,188,205,115794,3767,1442939,3922800
4468,190,180,115604,3777,1443119,3635100
4469,210,222,115394,3765,1443341,3589200
4470,195,172,115199,3788,1443513,3493100
4471,203,192,114996,3799,1443705,3464000
4472,161,188,114835,3772,1443893,3456400
4473,207,219,114628,3760,1444112,3579800
4474,196,206,114432,3750,1444318,3575300
4475,205,213,114227,3742,1444531,3565400
4476,167,187,114060,3722,1444718,3575100
4477,202,167,113858,3757,1444885,3347700
4478,191,171,113667,3777,1445056,3270000
4479,204,181,113463,3800,1445237,3820900
4480,203,182,113260,3821,1445419,3475300
4481,190,189,113070,3822,1445608,3231200
4482,186,175,112884,3833,1445783,3376100
4483,209,200,112675,3842,1445983,3443500
4484,167,169,112508,3840,1446152,3534500
4485,199,192,112309,3847,1446344,3477500
4486,188,199,112121,3836,1446543,3462500
4487,173,190,111948,3819,1446733,3996700
4488,157,192,111791,3784,1446925,3452100
4489,185,206,111606,3763,1447131,3419700
4490,192,208,111414,3747,1447339,3303200
4491,167,186,111247,3728,1447525,3387200
4492,156,169,111091,3715,1447694,3606200
4493,180,167,110911,3728,1447861,3835800
4494,188,175,110723,3741,1448036,3461600
4495,188,202,110535,3727,1448238,3367400
4496,168,187,110367,3708,1448425,3442800
4497,183,181,110184,3710,1448606,3490500
4498,198,183,109986,3725,1448789,3360600
4499,167,178,109819,3714,1448967,3382000
4500,180,193,109639,3701,1449160,3470000
4501,177,163,109462,3715,1449323,6005700
4502,170,208,109292,3677,1449531,5484800
4503,191,169,109101,3699,1449700,4275000
4504,178,176,108923,3701,1449876,6508500
4505,181,187,108742,3695,1450063,4479400
4506,184,195,108558,3684,1450258,3768000
4507,216,178,108342,3722,1450436,6555700
4508,190,195,108152,3717,1450631,3973600
4509,189,157,107963,3749,1450788,3599600
4510,178,194,107785,3733,1450982,3478200
4511,180,203,107605,3710,1451185,4161400
4512,176,182,107429,3704,1451367,4029300
4513,178,201,107251,3681,1451568,3542600
4514,155,197,107096,3639,1451765,3479800
4515,177,210,106919,3606,1451975,3517100
4516,200,185,106719,3621,1452160,3423900
4517,175,179,106544,3617,1452339,3446800
4518,172,184,106372,3605,1452523,3415100
4519,161,176,106211,3590,1452699,3496000
4520,182,184,106029,3588,1452883,3525600
4521,176,187,105853,3577,1453070,3374000
4522,188,188,105665,3577,1453258,3448600
4523,168,169,105497,3576,1453427,3382400
4524,187,158,105310,3605,1453585,3623900
4525,183,171,105127,3617,1453756,3648000
4526,172,187,104955,3602,1453943,3416700
4527,195,192,104760,3605,1454135,3376000
4528,193,188,104567,3610,1454323,3453300
4529,176,183,104391,3603,1454506,3389700
4530,179,192,104212,3590,1454698,3353800
4531,177,184,104035,3583,1454882,3429100
4532,168,188,103867,3563,1455070,3384600
4533,159,175,103708,3547,1455245,3713600
4534,168,173,103540,3542,1455418,3425300
4535,170,189,103370,3523,1455607,3420700
4536,193,166,103177,3550,1455773,3457200
4537,169,184,103008,3535,1455957,3478900
4538,171,193,102837,3513,1456150,3501000
4539,152,184,102685,3481,1456334,3454800
4540,176,158,102509,3499,1456492,3375900
4541,174,171,102335,3502,1456663,3690300
4542,177,172,102158,3507,1456835,3439000
4543,186,192,101972,3501,1457027,3377200
4544,182,166,101790,3517,1457193,3524100
4545,180,160,101610,3537,1457353,3346300
4546,177,186,101433,3528,1457539,3502000
4547,180,179,101253,3529,1457718,3678100
4548,166,151,101087,3544,1457869,3397000
4549,180,189,100907,3535,1458058,3466100
4550,160,169,100747,3526,1458227,3494400
4551,149,165,100598,3510,1458392,3652800
4552,187,162,100411,3535,1458554,3492500
4553,163,169,100248,3529,1458723,3426300
4554,152,186,100096,3495,1458909,3493500
4555,186,167,99910,3514,1459076,3585500
4556,162,215,99748,3461,1459291,3524000
4557,151,168,99597,3444,1459459,3528400
4558,173,201,99424,3416,1459660,3594800
4559,151,184,99273,3383,1459844,3543500
4560,151,172,99122,3362,1460016,3633000
4561,150,166,98972,3346,1460182,3567300
4562,150,180,98822,3316,1460362,3536300
4563,146,154,98676,3308,1460516,3568200
4564,151,156,98525,3303,1460672,3488700
4565,155,168,98370,3290,1460840,3751600
4566,154,174,98216,3270,1461014,3528000
4567,138,156,98078,3252,1461170,3398500
4568,152,162,97926,3242,1461332,3610800
4569,128,165,97798,3205,1461497,3725300
4570,158,159,97640,3204,1461656,3511200
4571,150,155,97490,3199,1461811,3607300
4572,142,142,97348,3199,1461953,3472100
4573,146,186,97202,3159,1462139,3411300
4574,162,148,97040,3173,1462287,3352700
4575,166,151,96874,3188,1462438,3302800
4576,142,148,96732,3182,1462586,3365100
4577,164,164,96568,3182,1462750,3410300
4578,167,160,96401,3189,1462910,3300700
4579,154,147,96247,3196,1463057,3320200
4580,148,145,96099,3199,1463202,3306100
4581,161,150,95938,3210,1463352,3460400
4582,146,153,95792,3203,1463505,3560300
4583,175,153,95617,3225,1463658,3445500
4584,161,195,95456,3191,1463853,3704000
4585,155,153,95301,3193,1464006,3546300
4586,164,142,95137,3215,1464148,3486000
4587,173,160,94964,3228,1464308,3330500
4588,185,159,94779,3254,1464467,3377200
4589,154,156,94625,3252,1464623,3335600
4590,166,145,94459,3273,1464768,3620900
4591,167,163,94292,3277,1464931,3396900
4592,183,184,94109,3276,1465115,3524000
4593,158,177,93951,3257,1465292,3487700
4594,168,172,93783,3253,1465464,3712500
4595,176,146,93607,3283,1465610,3531400
4596,162,161,93445,3284,1465771,3561300
4597,154,164,93291,3274,1465935,3394100
4598,139,176,93152,3237,1466111,3437900
4599,151,169,93001,3219,1466280,3625700
4600,149,171,92852,3197,1466451,3424900
4601,145,168,92707,3174,1466619,4021100
4602,147,159,92560,3162,1466778,3786000
4603,143,152,92417,3153,1466930,3783000
4604,180,144,92237,3189,1467074,3355100
4605,146,144,92091,3191,1467218,3586000
4606,161,164,91930,3188,1467382,3449700
4607,155,157,91775,3186,1467539,3572000
4608,167,177,91608,3176,1467716,3369800
4609,158,151,91450,3183,1467867,3357700
4610,137,175,91313,3145,1468042,3364600
4611,160,148,91153,3157,1468190,3265600
4612,158,177,90995,3138,1468367,3424900
4613,130,147,90865,3121,1468514,3329500
4614,141,160,90724,3102,1468674,3317600
4615,155,150,90569,3107,1468824,3382700
4616,159,157,90410,3109,1468981,3513800
4617,155,185,90255,3079,1469166,3396400
4618,154,138,90101,3095,1469304,3376700
4619,132,143,89969,3084,1469447,3355400
4620,150,174,89819,3060,1469621,3651400
4621,165,153,89654,3072,1469774,3488400
4622,151,145,89503,3078,1469919,3520200
4623,155,152,89348,3081,1470071,3441800
4624,137,142,89211,3076,1470213,3306600
4625,140,148,89071,3068,1470361,3515500
4626,145,146,88926,3067,1470507,3469300
4627,157,156,88769,3068,1470663,3273600
4628,157,153,88612,3072,1470816,3365400
4629,159,147,88453,3084,1470963,3272800
4630,159,158,88294,3085,1471121,3440700
4631,170,128,88124,3127,1471249,3294200
4632,152,169,87972,3110,1471418,3288100
4633,166,151,87806,3125,1471569,4004500
4634,140,176,87666,3089,1471745,3275000
4635,168,164,87498,3093,1471909,3303100
4636,140,153,87358,3080,1472062,3369000
4637,148,165,87210,3063,1472227,3308300
4638,137,157,87073,3043,1472384,3349200
4639,158,127,86915,3074,1472511,3346000
4640,144,153,86771,3065,1472664,3321600
4641,169,154,86602,3080,1472818,3352300
4642,154,155,86448,3079,1472973,3269600
4643,145,167,86303,3057,1473140,3376400
4644,160,161,86143,3056,1473301,3278400
4645,165,149,85978,3072,1473450,3270300
4646,139,151,85839,3060,1473601,3291100
4647,151,152,85688,3059,1473753,3278500
4648,140,135,85548,3064,1473888,3581300
4649,142,138,85406,3068,1474026,3293700
4650,144,162,85262,3050,1474188,3297800
4651,150,140,85112,3060,1474328,3461000
4652,134,161,84978,3033,1474489,3242100
4653,137,169,84841,3001,1474658,3385500
4654,142,132,84699,3011,1474790,3264900
4655,143,146,84556,3008,1474936,3249400
4656,147,157,84409,2998,1475093,3326200
4657,138,154,84271,2982,1475247,3457000
4658,152,147,84119,2987,1475394,3318000
4659,136,146,83983,2977,1475540,3306400
4660,152,150,83831,2979,1475690,3297900
4661,152,165,83679,2966,1475855,3365100
4662,150,144,83529,2972,1475999,3378200
4663,128,143,83401,2957,1476142,3655700
4664,156,150,83245,2963,1476292,3379200
4665,133,139,83112,2957,1476431,3493600
4666,134,146,82978,2945,1476577,3406600
4667,137,144,82841,2938,1476721,3275400
4668,140,153,82701,2925,1476874,3284400
4669,142,128,82559,2939,1477002,3453700
4670,126,137,82433,2928,1477139,3294700
4671,147,164,82286,2911,1477303,3401900
4672,144,142,82142,2913,1477445,3429800
4673,140,153,82002,2900,1477598,3442200
4674,128,155,81874,2873,1477753,3437900
4675,138,121,81736,2890,1477874,3375600
4676,145,142,81591,2893,1478016,3448900
4677,132,159,81459,2866,1478175,3562300
4678,126,141,81333,2851,1478316,3434400
4679,131,157,81202,2825,1478473,3441600
4680,135,144,81067,2816,1478617,3433500
4681,150,148,80917,2818,1478765,3510400
4682,127,145,80790,2800,1478910,3378000
4683,123,148,80667,2775,1479058,3534200
4684,126,139,80541,2762,1479197,3460700
4685,120,150,80421,2732,1479347,3450300
4686,114,129,80307,2717,1479476,3481600
4687,123,134,80184,2706,1479610,3302700
4688,123,126,80061,2703,1479736,3264500
4689,115,132,79946,2686,1479868,3362700
4690,141,124,79805,2703,1479992,3309100
4691,141,134,79664,2710,1480126,3305700
4692,132,135,79532,2707,1480261,3700800
4693,130,137,79402,2700,1480398,3362800
4694,131,145,79271,2686,1480543,3273200
4695,129,126,79142,2689,1480669,3480400
4696,140,131,79002,2698,1480800,3420400
4697,140,144,78862,2694,1480944,3379200
4698,151,145,78711,2700,1481089,3395800
4699,134,113,78577,2721,1481202,3373300
4700,132,159,78445,2694,1481361,3362300
4701,133,123,78312,2704,1481484,3286900
4702,143,145,78169,2702,1481629,3272000
4703,141,141,78028,2702,1481770,3279800
4704,139,134,77889,2707,1481904,3927500
4705,129,138,77760,2698,1482042,3308400
4706,126,131,77634,2693,1482173,3282700
4707,137,151,77497,2679,1482324,3364600
4708,134,143,77363,2670,1482467,3308100
4709,142,121,77221,2691,1482588,3454400
4710,111,134,77110,2668,1482722,3440700
4711,133,136,76977,2665,1482858,3621400
4712,132,129,76845,2668,1482987,3500200
4713,117,131,76728,2654,1483118,3462100
4714,139,127,76589,2666,1483245,3315300
4715,124,141,76465,2649,1483386,3290300
4716,122,135,76343,2636,1483521,3536900
4717,117,136,76226,2617,1483657,3546400
4718,106,134,76120,2589,1483791,3366500
4719,148,132,75972,2605,1483923,3728400
4720,138,140,75834,2603,1484063,3360600
4721,131,151,75703,2583,1484214,3314800
4722,125,133,75578,2575,1484347,3330400
4723,132,141,75446,2566,1484488,3293000
4724,121,127,75325,2560,1484615,3280800
4725,130,128,75195,2562,1484743,3499900
4726,126,141,75069,2547,1484884,3444200
4727,146,116,74923,2577,1485000,3819500
4728,134,109,74789,2602,1485109,3568900
4729,145,127,74644,2620,1485236,3427500
4730,116,131,74528,2605,1485367,3591700
4731,125,123,74403,2607,1485490,3899600
4732,137,127,74266,2617,1485617,3475100
4733,137,129,74129,2625,1485746,4701800
4734,146,147,73983,2624,1485893,4378200
4735,141,120,73842,2645,1486013,4245200
4736,137,156,73705,2626,1486169,3711400
4737,144,118,73561,2652,1486287,4610100
4738,129,132,73432,2649,1486419,3802600
4739,126,135,73306,2640,1486554,3323900
4740,132,150,73174,2622,1486704,3496000
4741,125,127,73049,2620,1486831,3427500
4742,113,121,72936,2612,1486952,3511000
4743,123,126,72813,2609,1487078,3335000
4744,134,122,72679,2621,1487200,3507700
4745,130,115,72549,2636,1487315,3326600
4746,125,117,72424,2644,1487432,3877600
4747,142,131,72282,2655,1487563,3446700
4748,125,122,72157,2658,1487685,3406900
4749,150,128,72007,2680,1487813,4023700
4750,142,128,71865,2694,1487941,3608200
4751,124,148,71741,2670,1488089,3575600
4752,133,126,71608,2677,1488215,3517100
4753,135,147,71473,2665,1488362,3487400
4754,129,138,71344,2656,1488500,3741500
4755,102,151,71242,2607,1488651,3575100
4756,130,130,71112,2607,1488781,3471400
4757,141,132,70971,2616,1488913,3698400
4758,104,114,70867,2606,1489027,3507400
4759,147,125,70720,2628,1489152,3577500
4760,106,126,70614,2608,1489278,3850400
4761,108,112,70506,2604,1489390,3442700
4762,119,144,70387,2579,1489534,3296500
4763,140,107,70247,2612,1489641,3788300
4764,120,122,70127,2610,1489763,3410800
4765,124,135,70003,2599,1489898,3334500
4766,121,136,69882,2584,1490034,3513100
4767,115,138,69767,2561,1490172,3304800
4768,137,142,69630,2556,1490314,3275500
4769,108,137,69522,2527,1490451,3285900
4770,137,121,69385,2543,1490572,3358300
4771,115,115,69270,2543,1490687,3301300
4772,111,133,69159,2521,1490820,3320700
4773,114,107,69045,2528,1490927,3316400
4774,142,144,68903,2526,1491071,3423700
4775,144,134,68759,2536,1491205,3701200
4776,118,121,68641,2533,1491326,3497100
4777,153,123,68488,2563,1491449,3375000
4778,133,122,68355,2574,1491571,3398400
4779,158,133,68197,2599,1491704,3331700
4780,131,140,68066,2590,1491844,3308400
4781,134,122,67932,2602,1491966,3265300
4782,122,119,67810,2605,1492085,3320800
4783,125,122,67685,2608,1492207,3257100
4784,130,133,67555,2605,1492340,3263700
4785,141,136,67414,2610,1492476,3311400
4786,129,122,67285,2617,1492598,3284600
4787,132,132,67153,2617,1492730,3324400
4788,141,128,67012,2630,1492858,3357100
4789,117,121,66895,2626,1492979,3349900
4790,132,126,66763,2632,1493105,3525000
4791,137,134,66626,2635,1493239,3566200
4792,118,134,66508,2619,1493373,3431400
4793,140,119,66368,2640,1493492,3335700
4794,133,132,66235,2641,1493624,3292000
4795,139,128,66096,2652,1493752,3320900
4796,135,141,65961,2646,1493893,3318200
4797,129,126,65832,2649,1494019,3381800
4798,144,126,65688,2667,1494145,3283100
4799,112,129,65576,2650,1494274,3270400
4800,152,122,65424,2680,1494396,3508100
4801,135,142,65289,2673,1494538,3482100
4802,130,133,65159,2670,1494671,3526800
4803,123,135,65036,2658,1494806,3386100
4804,117,132,64919,2643,1494938,3331600
4805,122,132,64797,2633,1495070,3441300
4806,115,129,64682,2619,1495199,3397200
4807,107,136,64575,2590,1495335,3621100
4808,114,116,64461,2588,1495451,3514700
4809,117,136,64344,2569,1495587,3699900
4810,118,138,64226,2549,1495725,3511600
4811,109,116,64117,2542,1495841,3530000
4812,110,131,64007,2521,1495972,3582100
4813,116,112,63891,2525,1496084,3613500
4814,128,116,63763,2537,1496200,3743400
4815,113,105,63650,2545,1496305,3631400
4816,108,122,63542,2531,1496427,3552700
4817,124,119,63418,2536,1496546,3434600
4818,104,124,63314,2516,1496670,3500200
4819,112,116,63202,2512,1496786,3420800
4820,117,126,63085,2503,1496912,3562300
4821,121,129,62964,2495,1497041,3634000
4822,119,128,62845,2486,1497169,3613900
4823,105,123,62740,2468,1497292,3624300
4824,117,145,62623,2440,1497437,3604800
4825,110,132,62513,2418,1497569,3845200
4826,117,117,62396,2418,1497686,3645400
4827,102,96,62294,2424,1497782,3707600
4828,103,108,62191,2419,1497890,3742600
4829,109,118,62082,2410,1498008,3490600
4830,93,107,61989,2396,1498115,3485500
4831,116,93,61873,2419,1498208,3781700
4832,113,102,61760,2430,1498310,3572300
4833,113,121,61647,2422,1498431,3531800
4834,109,130,61538,2401,1498561,3404100
4835,102,141,61436,2362,1498702,3481500
4836,114,103,61322,2373,1498805,7125400
4837,108,116,61214,2365,1498921,5638600
4838,109,121,61105,2353,1499042,4820200
4839,97,134,61008,2316,1499176,3807300
4840,103,129,60905,2290,1499305,3985700
4841,101,126,60804,2265,1499431,3695400
4842,104,99,60700,2270,1499530,3625000
4843,102,121,60598,2251,1499651,3508100
4844,130,93,60468,2288,1499744,3410000
4845,126,121,60342,2293,1499865,3334500
4846,126,129,60216,2290,1499994,3430400
4847,116,99,60100,2307,1500093,3309400
4848,117,108,59983,2316,1500201,3274800
4849,112,111,59871,2317,1500312,3402100
4850,106,106,59765,2317,1500418,3292200
4851,100,128,59665,2289,1500546,3297200
4852,101,104,59564,2286,1500650,3366800
4853,110,125,59454,2271,1500775,3283700
4854,117,134,59337,2254,1500909,3299000
4855,91,123,59246,2222,1501032,3511000
4856,108,110,59138,2220,1501142,3315000
4857,120,104,59018,2236,1501246,3303800
4858,106,122,58912,2220,1501368,3494500
4859,98,104,58814,2214,1501472,3456900
4860,99,105,58715,2208,1501577,3483300
4861,84,126,58631,2166,1501703,3563200
4862,103,107,58528,2162,1501810,3438100
4863,94,100,58434,2156,1501910,3514700
4864,102,104,58332,2154,1502014,3321600
4865,99,96,58233,2157,1502110,3257700
4866,100,113,58133,2144,1502223,3236000
4867,84,75,58049,2153,1502298,3417000
4868,114,111,57935,2156,1502409,3492300
4869,98,120,57837,2134,1502529,3294300
4870,101,113,57736,2122,1502642,3512200
4871,115,98,57621,2139,1502740,3892700
4872,105,118,57516,2126,1502858,3307700
4873,103,103,57413,2126,1502961,3286900
4874,108,107,57305,2127,1503068,3275100
4875,111,114,57194,2124,1503182,3659600
4876,87,107,57107,2104,1503289,3252800
4877,100,95,57007,2109,1503384,3301500
4878,97,99,56910,2107,1503483,3302100
4879,100,107,56810,2100,1503590,3374100
4880,92,107,56718,2085,1503697,3392100
4881,90,103,56628,2072,1503800,3626600
4882,94,112,56534,2054,1503912,3574100
4883,95,89,56439,2060,1504001,3552200
4884,92,100,56347,2052,1504101,3370700
4885,104,84,56243,2072,1504185,3386700
4886,82,101,56161,2053,1504286,3428800
4887,92,110,56069,2035,1504396,3394200
4888,100,118,55969,2017,1504514,3360500
4889,82,91,55887,2008,1504605,3277700
4890,88,111,55799,1985,1504716,3390300
4891,102,101,55697,1986,1504817,3358300
4892,96,78,55601,2004,1504895,3347300
4893,94,108,55507,1990,1505003,3628700
4894,104,116,55403,1978,1505119,3289000
4895,108,94,55295,1992,1505213,3416000
4896,93,105,55202,1980,1505318,3389000
4897,108,109,55094,1979,1505427,3274200
4898,90,103,55004,1966,1505530,3262800
4899,91,95,54913,1962,1505625,3370500
4900,86,95,54827,1953,1505720,3340400
4901,88,105,54739,1936,1505825,3377000
4902,96,119,54643,1913,1505944,3969500
4903,106,99,54537,1920,1506043,3302300
4904,111,81,54426,1950,1506124,3307300
4905,108,92,54318,1966,1506216,3493600
4906,110,112,54208,1964,1506328,3494800
4907,106,85,54102,1985,1506413,3337000
4908,109,99,53993,1995,1506512,3686300
4909,91,98,53902,1988,1506610,3395600
4910,106,109,53796,1985,1506719,3235100
4911,96,88,53700,1993,1506807,3504400
4912,93,96,53607,1990,1506903,3247400
4913,84,107,53523,1967,1507010,3235700
4914,102,99,53421,1970,1507109,3258800
4915,83,87,53338,1966,1507196,3298800
4916,87,84,53251,1969,1507280,3286600
4917,102,90,53149,1981,1507370,3341500
4918,112,97,53037,1996,1507467,3376000
4919,89,94,52948,1991,1507561,3341200
4920,88,109,52860,1970,1507670,3437300
4921,80,91,52780,1959,1507761,3830200
4922,89,97,52691,1951,1507858,3364000
4923,88,88,52603,1951,1507946,3684500
4924,87,96,52516,1942,1508042,3498400
4925,73,103,52443,1912,1508145,3401100
4926,89,108,52354,1893,1508253,3399100
4927,81,100,52273,1874,1508353,3517100
4928,80,107,52193,1847,1508460,3392100
4929,74,112,52119,1809,1508572,3408900
4930,69,110,52050,1768,1508682,3369700
4931,86,90,51964,1764,1508772,3309600
4932,69,81,51895,1752,1508853,3266900
4933,75,94,51820,1733,1508947,3248800
4934,78,88,51742,1723,1509035,3623700
4935,67,83,51675,1707,1509118,3324400
4936,76,92,51599,1691,1509210,3297600
4937,89,85,51510,1695,1509295,3597100
4938,75,87,51435,1683,1509382,3294100
4939,66,55,51369,1694,1509437,3291300
4940,72,65,51297,1701,1509502,3624300
4941,82,97,51215,1686,1509599,3618000
4942,72,93,51143,1665,1509692,3534700
4943,67,77,51076,1655,1509769,3492700
4944,81,73,50995,1663,1509842,3532600
4945,89,81,50906,1671,1509923,3904900
4946,80,92,50826,1659,1510015,5468400
4947,84,82,50742,1661,1510097,4577200
4948,58,94,50684,1625,1510191,4428600
4949,68,91,50616,1602,1510282,3569600
4950,70,78,50546,1594,1510360,3977800
4951,85,93,50461,1586,1510453,3690800
4952,85,88,50376,1583,1510541,3671900
4953,74,77,50302,1580,1510618,3409300
4954,78,75,50224,1583,1510693,3376900
4955,81,90,50143,1574,1510783,3332400
4956,78,80,50065,1572,1510863,3261400
4957,74,66,49991,1580,1510929,3242000
4958,82,65,49909,1597,1510994,3336900
4959,80,85,49829,1592,1511079,3280600
4960,85,81,49744,1596,1511160,3280100
4961,76,74,49668,1598,1511234,3330000
4962,81,74,49587,1605,1511308,3272600
4963,87,76,49500,1616,1511384,3705200
4964,94,80,49406,1630,1511464,3489100
4965,82,84,49324,1628,1511548,3343800
4966,93,89,49231,1632,1511637,3333900
4967,76,85,49155,1623,1511722,3516400
4968,78,67,49077,1634,1511789,3676200
4969,93,79,48984,1648,1511868,3450900
4970,77,86,48907,1639,1511954,3394200
4971,88,83,48819,1644,1512037,3344500
4972,83,93,48736,1634,1512130,3324100
4973,83,76,48653,1641,1512206,3414100
4974,79,82,48574,1638,1512288,3249600
4975,84,74,48490,1648,1512362,3301200
4976,82,68,48408,1662,1512430,3289100
4977,99,78,48309,1683,1512508,3242500
4978,80,91,48229,1672,1512599,3239900
4979,76,91,48153,1657,1512690,3353900
4980,79,96,48074,1640,1512786,3260700
4981,83,93,47991,1630,1512879,3247900
4982,75,91,47916,1614,1512970,3290600
4983,79,78,47837,1615,1513048,3263900
4984,87,82,47750,1620,1513130,3390700
4985,78,91,47672,1607,1513221,3364700
4986,81,88,47591,1600,1513309,3370900
4987,91,74,47500,1617,1513383,3452400
4988,64,88,47436,1593,1513471,3450600
4989,69,88,47367,1574,1513559,3447400
4990,88,87,47279,1575,1513646,3339400
4991,79,93,47200,1561,1513739,3375200
4992,83,81,47117,1563,1513820,3560600
4993,78,82,47039,1559,1513902,4059400
4994,77,74,46962,1562,1513976,3493100
4995,66,92,46896,1536,1514068,3498300
4996,88,73,46808,1551,1514141,3430300
4997,78,75,46730,1554,1514216,3488900
4998,70,88,46660,1536,1514304,3576000
4999,81,88,46579,1529,1514392,3521700
5000,86,83,46493,1532,1514475,3436900
5001,75,81,46418,1526,1514556,3489200
5002,86,67,46332,1545,1514623,3390600
5003,79,98,46253,1526,1514721,3331600
5004,68,63,46185,1531,1514784,3278000
5005,88,78,46097,1541,1514862,3371700
5006,74,77,46023,1538,1514939,3327200
5007,70,81,45953,1527,1515020,3285300
5008,80,74,45873,1533,1515094,3682600
5009,80,74,45793,1539,1515168,3287100
5010,83,67,45710,1555,1515235,3817700
5011,84,74,45626,1565,1515309,3342700
5012,74,74,45552,1565,1515383,3316900
5013,67,88,45485,1544,1515471,3277500
5014,94,88,45391,1550,1515559,3599900
5015,75,91,45316,1534,1515650,3395700
5016,75,82,45241,1527,1515732,3398500
5017,80,72,45161,1535,1515804,3606100
5018,73,54,45088,1554,1515858,3363800
5019,93,78,44995,1569,1515936,3399300
5020,79,81,44916,1567,1516017,3299700
5021,84,74,44832,1577,1516091,3262100
5022,84,57,44748,1604,1516148,3306400
5023,64,56,44684,1612,1516204,3579600
5024,76,91,44608,1597,1516295,3390800
5025,68,74,44540,1591,1516369,3486800
5026,89,90,44451,1590,1516459,3393300
5027,86,90,44365,1586,1516549,3394100
5028,77,84,44288,1579,1516633,3734900
5029,95,73,44193,1601,1516706,3824800
5030,78,84,44115,1595,1516790,3575900
5031,85,72,44030,1608,1516862,3469700
5032,85,80,43945,1613,1516942,3364200
5033,74,74,43871,1613,1517016,3401800
5034,80,93,43791,1600,1517109,3492600
5035,76,82,43715,1594,1517191,3408800
5036,85,96,43630,1583,1517287,3576600
5037,81,66,43549,1598,1517353,3470100
5038,74,78,43475,1594,1517431,3571800
5039,88,69,43387,1613,1517500,3392000
5040,74,58,43313,1629,1517558,3454500
5041,90,83,43223,1636,1517641,3606100
5042,72,83,43151,1625,1517724,5646900
5043,58,92,43093,1591,1517816,4768500
5044,68,89,43025,1570,1517905,4531700
5045,85,77,42940,1578,1517982,3925400
5046,82,91,42858,1569,1518073,5184400
5047,69,75,42789,1563,1518148,3908500
5048,70,80,42719,1553,1518228,3635300
5049,77,76,42642,1554,1518304,3566500
5050,70,88,42572,1536,1518392,3525400
5051,64,88,42508,1512,1518480,3421000
5052,62,75,42446,1499,1518555,3354800
5053,65,75,42381,1489,1518630,3413000
5054,62,70,42319,1481,1518700,3537600
5055,58,74,42261,1465,1518774,3499700
5056,74,66,42187,1473,1518840,3538800
5057,50,87,42137,1436,1518927,3924700
5058,61,83,42076,1414,1519010,3538000
5059,64,80,42012,1398,1519090,3384900
5060,74,72,41938,1400,1519162,3368700
5061,66,76,41872,1390,1519238,3422700
5062,48,78,41824,1360,1519316,3505200
5063,72,74,41752,1358,1519390,3477200
5064,60,79,41692,1339,1519469,3385700
5065,58,71,41634,1326,1519540,3601400
5066,61,71,41573,1316,1519611,3535800
5067,66,69,41507,1313,1519680,3399900
5068,75,72,41432,1316,1519752,3655000
5069,61,65,41371,1312,1519817,3300800
5070,51,68,41320,1295,1519885,3306100
5071,53,65,41267,1283,1519950,3295100
5072,62,74,41205,1271,1520024,3278200
5073,61,60,41144,1272,1520084,3209700
5074,69,67,41075,1274,1520151,3463800
5075,50,61,41025,1263,1520212,3293000
5076,54,65,40971,1252,1520277,3390100
5077,61,52,40910,1261,1520329,3286800
5078,60,65,40850,1256,1520394,3349000
5079,63,67,40787,1252,1520461,3353000
5080,64,68,40723,1248,1520529,3687100
5081,49,49,40674,1248,1520578,3272900
5082,54,69,40620,1233,1520647,3357400
5083,55,58,40565,1230,1520705,3347700
5084,60,55,40505,1235,1520760,3239100
5085,54,59,40451,1230,1520819,3305900
5086,51,74,40400,1207,1520893,3313000
5087,64,58,40336,1213,1520951,3355200
5088,55,70,40281,1198,1521021,3315000
5089,68,50,40213,1216,1521071,3254100
5090,47,59,40166,1204,1521130,3341400
5091,53,55,40113,1202,1521185,3315200
5092,55,66,40058,1191,1521251,3330600
5093,68,66,39990,1193,1521317,3371800
5094,62,58,39928,1197,1521375,3509900
5095,54,51,39874,1200,1521426,3457300
5096,59,63,39815,1196,1521489,3511900
5097,47,60,39768,1183,1521549,3350000
5098,70,61,39698,1192,1521610,3265600
5099,54,61,39644,1185,1521671,3222900
5100,48,73,39596,1160,1521744,3336300
5101,65,64,39531,1161,1521808,3241400
5102,65,54,39466,1172,1521862,3249100
5103,62,53,39404,1181,1521915,3244100
5104,63,57,39341,1187,1521972,3258800
5105,66,41,39275,1212,1522013,3245400
5106,58,61,39217,1209,1522074,3317500
5107,62,66,39155,1205,1522140,3287800
5108,59,51,39096,1213,1522191,3320100
5109,78,52,39018,1239,1522243,3397600
5110,67,56,38951,1250,1522299,3258400
5111,73,67,38878,1256,1522366,3600200
5112,60,59,38818,1257,1522425,3409000
5113,65,69,38753,1253,1522494,3714600
5114,71,63,38682,1261,1522557,3682700
5115,81,62,38601,1280,1522619,3557100
5116,61,58,38540,1283,1522677,3317000
5117,61,80,38479,1264,1522757,3575300
5118,64,56,38415,1272,1522813,3351700
5119,67,59,38348,1280,1522872,3300400
5120,59,69,38289,1270,1522941,3547500
5121,69,63,38220,1276,1523004,3561600
5122,53,75,38167,1254,1523079,3473500
5123,54,69,38113,1239,1523148,3603200
5124,60,69,38053,1230,1523217,3528800
5125,68,61,37985,1237,1523278,3682700
5126,62,59,37923,1240,1523337,3510600
5127,46,69,37877,1217,1523406,3424100
5128,57,68,37820,1206,1523474,3390500
5129,53,56,37767,1203,1523530,3340500
5130,53,62,37714,1194,1523592,3291200
5131,46,47,37668,1193,1523639,3268100
5132,63,77,37605,1179,1523716,3266000
5133,47,62,37558,1164,1523778,3268500
5134,66,58,37492,1172,1523836,3268100
5135,46,52,37446,1166,1523888,3262400
5136,58,61,37388,1163,1523949,3309600
5137,61,45,37327,1179,1523994,3588400
5138,34,64,37293,1149,1524058,3254500
5139,54,44,37239,1159,1524102,3329300
5140,44,57,37195,1146,1524159,3275500
5141,54,63,37141,1137,1524222,3262700
5142,61,62,37080,1136,1524284,3219200
5143,67,53,37013,1150,1524337,3355100
5144,44,48,36969,1146,1524385,3330500
5145,51,61,36918,1136,1524446,3623100
5146,48,45,36870,1139,1524491,3299900
5147,38,53,36832,1124,1524544,3304600
5148,50,45,36782,1129,1524589,3252200
5149,49,54,36733,1124,1524643,3224500
5150,47,57,36686,1114,1524700,3305700
5151,49,67,36637,1096,1524767,3552600
5152,37,59,36600,1074,1524826,3352500
5153,49,56,36551,1067,1524882,3509800
5154,53,45,36498,1075,1524927,3343200
5155,51,48,36447,1078,1524975,3431900
5156,55,55,36392,1078,1525030,3276300
5157,41,46,36351,1073,1525076,3574300
5158,52,47,36299,1078,1525123,3570000
5159,39,49,36260,1068,1525172,3333900
5160,65,55,36195,1078,1525227,3454400
5161,46,51,36149,1073,1525278,3528600
5162,51,57,36098,1067,1525335,3504900
5163,60,55,36038,1072,1525390,3648000
5164,70,59,35968,1083,1525449,3618900
5165,48,58,35920,1073,1525507,3316400
5166,59,55,35861,1077,1525562,3550400
5167,48,39,35813,1086,1525601,4645800
5168,60,67,35753,1079,1525668,4893200
5169,63,57,35690,1085,1525725,4212100
5170,56,47,35634,1094,1525772,3844300
5171,39,41,35595,1092,1525813,4682700
5172,67,42,35528,1117,1525855,3517400
5173,59,53,35469,1123,1525908,3449400
5174,42,60,35427,1105,1525968,3320900
5175,48,50,35379,1103,1526018,3271900
5176,51,40,35328,1114,1526058,3325400
5177,64,57,35264,1121,1526115,3335700
5178,70,51,35194,1140,1526166,3365700
5179,68,60,35126,1148,1526226,3544700
5180,40,46,35086,1142,1526272,3639200
5181,37,73,35049,1106,1526345,3416600
5182,48,62,35001,1092,1526407,3342600
5183,52,47,34949,1097,1526454,3316200
5184,47,51,34902,1093,1526505,3243800
5185,49,55,34853,1087,1526560,3254500
5186,43,44,34810,1086,1526604,3718800
5187,43,54,34767,1075,1526658,3520500
5188,64,48,34703,1091,1526706,3498900
5189,52,53,34651,1090,1526759,3352800
5190,52,49,34599,1093,1526808,3277200
5191,75,69,34524,1099,1526877,3235800
5192,39,54,34485,1084,1526931,3599000
5193,57,51,34428,1090,1526982,3474200
5194,40,54,34388,1076,1527036,3282900
5195,46,54,34342,1068,1527090,3280900
5196,41,48,34301,1061,1527138,3253600
5197,42,56,34259,1047,1527194,3715500
5198,43,51,34216,1039,1527245,3400700
5199,51,57,34165,1033,1527302,3354300
5200,45,58,34120,1020,1527360,3571200
5201,38,52,34082,1006,1527412,3575200
5202,50,58,34032,998,1527470,3314500
5203,39,43,33993,994,1527513,3299600
5204,48,45,33945,997,1527558,3506700
5205,58,64,33887,991,1527622,3483700
5206,43,53,33844,981,1527675,3370300
5207,44,53,33800,972,1527728,3281500
5208,56,60,33744,968,1527788,3255200
5209,54,40,33690,982,1527828,3228400
5210,49,38,33641,993,1527866,3290400
5211,51,46,33590,998,1527912,3290200
5212,61,38,33529,1021,1527950,3935300
5213,53,52,33476,1022,1528002,3257600
5214,40,54,33436,1008,1528056,3267700
5215,40,43,33396,1005,1528099,3755700
5216,59,67,33337,997,1528166,3314600
5217,52,42,33285,1007,1528208,3251200
5218,48,58,33237,997,1528266,3285500
5219,60,54,33177,1003,1528320,3316300
5220,36,38,33141,1001,1528358,3305200
5221,44,37,33097,1008,1528395,3356500
5222,65,44,33032,1029,1528439,3294300
5223,34,57,32998,1006,1528496,3278200
5224,46,39,32952,1013,1528535,3420800
5225,45,44,32907,1014,1528579,3281300
5226,47,55,32860,1006,1528634,3384200
5227,40,55,32820,991,1528689,3301200
5228,49,43,32771,997,1528732,3413100
5229,59,43,32712,1013,1528775,3450900
5230,41,51,32671,1003,1528826,3400400
5231,34,62,32637,975,1528888,3443600
5232,61,52,32576,984,1528940,3381400
5233,59,56,32517,987,1528996,3488800
5234,51,45,32466,993,1529041,3309100
5235,50,46,32416,997,1529087,3309100
5236,45,50,32371,992,1529137,3280100
5237,49,52,32322,989,1529189,3205800
5238,45,52,32277,982,1529241,3271200
5239,44,50,32233,976,1529291,3620100
5240,46,59,32187,963,1529350,3510200
5241,37,67,32150,933,1529417,3391400
5242,48,44,32102,937,1529461,3303100
5243,51,56,32051,932,1529517,3354600
5244,55,49,31996,938,1529566,3326800
5245,39,38,31957,939,1529604,3383500
5246,42,42,31915,939,1529646,3468100
5247,49,51,31866,937,1529697,3384600
5248,45,50,31821,932,1529747,3603000
5249,39,50,31782,921,1529797,3514400
5250,38,46,31744,913,1529843,3328400
5251,50,44,31694,919,1529887,5020400
5252,49,45,31645,923,1529932,4801500
5253,37,42,31608,918,1529974,4619000
5254,58,45,31550,931,1530019,3629300
5255,38,44,31512,925,1530063,5267500
5256,35,35,31477,925,1530098,3758300
5257,52,55,31425,922,1530153,3346100
5258,32,36,31393,918,1530189,3362200
5259,46,50,31347,914,1530239,3353800
5260,31,47,31316,898,1530286,3282600
5261,46,38,31270,906,1530324,3654700
5262,38,35,31232,909,1530359,3709100
5263,39,57,31193,891,1530416,3349300
5264,44,36,31149,899,1530452,3346000
5265,43,34,31106,908,1530486,3553600
5266,42,43,31064,907,1530529,3355800
5267,50,54,31014,903,1530583,3328500
5268,36,41,30978,898,1530624,3277400
5269,42,41,30936,899,1530665,3315900
5270,38,31,30898,906,1530696,3333000
5271,45,50,30853,901,1530746,3400400
5272,37,45,30816,893,1530791,3388000
5273,48,51,30768,890,1530842,3346400
5274,43,44,30725,889,1530886,3387500
5275,45,39,30680,895,1530925,3456300
5276,53,42,30627,906,1530967,3391600
5277,38,48,30589,896,1531015,3363400
5278,42,36,30547,902,1531051,3451900
5279,43,54,30504,891,1531105,3350300
5280,49,43,30455,897,1531148,3594300
5281,52,33,30403,916,1531181,3410900
5282,42,38,30361,920,1531219,3427000
5283,35,48,30326,907,1531267,3313600
5284,47,36,30279,918,1531303,3362400
5285,57,43,30222,932,1531346,3395900
5286,41,52,30181,921,1531398,3359400
5287,35,40,30146,916,1531438,3419400
5288,39,53,30107,902,1531491,3376900
5289,34,55,30073,881,1531546,3542600
5290,43,47,30030,877,1531593,3326300
5291,40,51,29990,866,1531644,3273800
5292,44,38,29946,872,1531682,3353500
5293,43,40,29903,875,1531722,3262400
5294,39,41,29864,873,1531763,3308900
5295,43,40,29821,876,1531803,3295500
5296,46,47,29775,875,1531850,3256100
5297,40,48,29735,867,1531898,3218000
5298,40,48,29695,859,1531946,3327600
5299,52,38,29643,873,1531984,3405700
5300,34,41,29609,866,1532025,3395500
5301,32,36,29577,862,1532061,3912700
5302,32,37,29545,857,1532098,3443500
5303,36,40,29509,853,1532138,4172800
5304,35,46,29474,842,1532184,4102000
5305,37,46,29437,833,1532230,3614600
5306,45,38,29392,840,1532268,3717500
5307,42,48,29350,834,1532316,3392700
5308,30,37,29320,827,1532353,3315700
5309,31,35,29289,823,1532388,3296900
5310,43,51,29246,815,1532439,3329100
5311,34,34,29212,815,1532473,3286400
5312,40,35,29172,820,1532508,3283100
5313,42,48,29130,814,1532556,3271500
5314,33,43,29097,804,1532599,3263400
5315,40,44,29057,800,1532643,3301800
5316,39,38,29018,801,1532681,3188600
5317,29,42,28989,788,1532723,3254300
5318,33,39,28956,782,1532762,3244600
5319,42,49,28914,775,1532811,3229800
5320,36,31,28878,780,1532842,3273300
5321,33,26,28845,787,1532868,3228700
5322,37,35,28808,789,1532903,3271500
5323,25,45,28783,769,1532948,3319600
5324,43,33,28740,779,1532981,3244600
5325,39,40,28701,778,1533021,3498200
5326,17,40,28684,755,1533061,3463700
5327,36,44,28648,747,1533105,3320700
5328,27,36,28621,738,1533141,3261400
5329,32,41,28589,729,1533182,3551400
5330,26,40,28563,715,1533222,3414200
5331,25,31,28538,709,1533253,3328300
5332,38,32,28500,715,1533285,3466200
5333,31,28,28469,718,1533313,3311100
5334,28,39,28441,707,1533352,3222400
5335,31,36,28410,702,1533388,3327700
5336,33,34,28377,701,1533422,3301500
5337,32,44,28345,689,1533466,3232500
5338,38,33,28307,694,1533499,3224400
5339,34,28,28273,700,1533527,3207200
5340,28,37,28245,691,1533564,3281000
5341,32,34,28213,689,1533598,3264700
5342,27,34,28186,682,1533632,3174800
5343,18,44,28168,656,1533676,3244100
5344,25,31,28143,650,1533707,3506100
5345,26,38,28117,638,1533745,3324700
5346,28,30,28089,636,1533775,3262600
5347,29,25,28060,640,1533800,3548100
5348,28,35,28032,633,1533835,3321500
5349,39,35,27993,637,1533870,3548600
5350,26,35,27967,628,1533905,3561500
5351,22,42,27945,608,1533947,3310400
5352,26,37,27919,597,1533984,3360200
5353,28,26,27891,599,1534010,3374400
5354,26,30,27865,595,1534040,3428900
5355,26,29,27839,592,1534069,3421700
5356,36,25,27803,603,1534094,3563600
5357,32,29,27771,606,1534123,3417600
5358,34,25,27737,615,1534148,3445700
5359,22,19,27715,618,1534167,3452500
5360,25,36,27690,607,1534203,3365400
5361,33,38,27657,602,1534241,3425000
5362,25,33,27632,594,1534274,3450600
5363,34,34,27598,594,1534308,3535800
5364,37,24,27561,607,1534332,3869200
5365,27,41,27534,593,1534373,3492000
5366,28,27,27506,594,1534400,3427000
5367,23,27,27483,590,1534427,3363800
5368,32,34,27451,588,1534461,3227300
5369,24,32,27427,580,1534493,3561400
5370,21,31,27406,570,1534524,3356100
5371,25,25,27381,570,1534549,3234100
5372,27,38,27354,559,1534587,3442200
5373,16,28,27338,547,1534615,3265000
5374,17,21,27321,543,1534636,3649500
5375,18,30,27303,531,1534666,3727300
5376,27,30,27276,528,1534696,3539500
5377,20,24,27256,524,1534720,3445900
5378,21,22,27235,523,1534742,3506000
5379,18,31,27217,510,1534773,3333600
5380,20,28,27197,502,1534801,3385900
5381,19,25,27178,496,1534826,3345100
5382,27,18,27151,505,1534844,3320000
5383,22,22,27129,505,1534866,3235900
5384,23,35,27106,493,1534901,3486000
5385,18,13,27088,498,1534914,4737000
5386,14,23,27074,489,1534937,5151400
5387,23,16,27051,496,1534953,4843900
5388,16,21,27035,491,1534974,3728800
5389,18,30,27017,479,1535004,3760200
5390,26,32,26991,473,1535036,4845200
5391,17,20,26974,470,1535056,3579600
5392,15,18,26959,467,1535074,3509500
5393,24,17,26935,474,1535091,3384100
5394,20,21,26915,473,1535112,3674500
5395,25,24,26890,474,1535136,3376000
5396,20,21,26870,473,1535157,3433900
5397,16,34,26854,455,1535191,3240400
5398,13,27,26841,441,1535218,3246200
5399,18,25,26823,434,1535243,3300300
5400,20,21,26803,433,1535264,3277300
5401,20,17,26783,436,1535281,3183600
5402,18,22,26765,432,1535303,3281800
5403,17,30,26748,419,1535333,3270500
5404,18,13,26730,424,1535346,3452800
5405,19,19,26711,424,1535365,3273600
5406,15,24,26696,415,1535389,3324600
5407,19,13,26677,421,1535402,3460400
5408,20,16,26657,425,1535418,3375500
5409,15,20,26642,420,1535438,3396200
5410,16,21,26626,415,1535459,3324600
5411,19,17,26607,417,1535476,3241100
5412,23,23,26584,417,1535499,3621300
5413,12,24,26572,405,1535523,3558100
5414,16,21,26556,400,1535544,3264700
5415,20,16,26536,404,1535560,3213600
5416,22,22,26514,404,1535582,3557600
5417,18,20,26496,402,1535602,3239600
5418,19,23,26477,398,1535625,3194500
5419,21,16,26456,403,1535641,3650400
5420,16,16,26440,403,1535657,3251900
5421,21,25,26419,399,1535682,3499900
5422,19,14,26400,404,1535696,3220100
5423,22,20,26378,406,1535716,3461000
5424,16,20,26362,402,1535736,3345100
5425,19,25,26343,396,1535761,3246100
5426,23,24,26320,395,1535785,3240200
5427,16,19,26304,392,1535804,3358700
5428,20,16,26284,396,1535820,3248500
5429,20,20,26264,396,1535840,3269300
5430,19,15,26245,400,1535855,3302800
5431,16,29,26229,387,1535884,3244800
5432,25,26,26204,386,1535910,3247900
5433,13,10,26191,389,1535920,3275200
5434,21,11,26170,399,1535931,3326300
5435,22,21,26148,400,1535952,3269500
5436,14,18,26134,396,1535970,3421300
5437,16,14,26118,398,1535984,3302900
5438,16,21,26102,393,1536005,3218400
5439,18,19,26084,392,1536024,3321100
5440,23,15,26061,400,1536039,3395400
5441,16,17,26045,399,1536056,3337700
5442,24,21,26021,402,1536077,3269100
5443,19,20,26002,401,1536097,3219000
5444,15,18,25987,398,1536115,3243600
5445,20,30,25967,388,1536145,3874700
5446,12,18,25955,382,1536163,3350600
5447,18,27,25937,373,1536190,3367000
5448,18,16,25919,375,1536206,3363200
5449,17,16,25902,376,1536222,3336300
5450,13,16,25889,373,1536238,3241600
5451,20,24,25869,369,1536262,3349700
5452,12,22,25857,359,1536284,3440900
5453,18,26,25839,351,1536310,3287200
5454,18,16,25821,353,1536326,3251200
5455,18,10,25803,361,1536336,3339800
5456,17,21,25786,357,1536357,4784400
5457,16,24,25770,349,1536381,4532600
5458,22,19,25748,352,1536400,3696700
5459,20,14,25728,358,1536414,3572600
5460,18,16,25710,360,1536430,3621800
5461,13,17,25697,356,1536447,3624400
5462,13,16,25684,353,1536463,3413800
5463,16,17,25668,352,1536480,3321600
5464,14,15,25654,351,1536495,3258100
5465,21,13,25633,359,1536508,3207600
5466,19,16,25614,362,1536524,3225300
5467,18,14,25596,366,1536538,3226300
5468,20,17,25576,369,1536555,3217100
5469,18,20,25558,367,1536575,3301300
5470,21,12,25537,376,1536587,3304900
5471,20,19,25517,377,1536606,3278100
5472,11,17,25506,371,1536623,3420600
5473,21,13,25485,379,1536636,3696900
5474,17,17,25468,379,1536653,3302500
5475,18,24,25450,373,1536677,3566700
5476,17,19,25433,371,1536696,3380400
5477,18,15,25415,374,1536711,3254800
5478,17,16,25398,375,1536727,3757200
5479,13,14,25385,374,1536741,3337400
5480,16,19,25369,371,1536760,3353400
5481,21,21,25348,371,1536781,3381200
5482,16,19,25332,368,1536800,3367500
5483,21,17,25311,372,1536817,3856500
5484,13,20,25298,365,1536837,3656800
5485,19,13,25279,371,1536850,3601800
5486,20,17,25259,374,1536867,3846500
5487,17,11,25242,380,1536878,3752400
5488,21,16,25221,385,1536894,3605200
5489,22,21,25199,386,1536915,3704100
5490,14,22,25185,378,1536937,3510700
5491,14,22,25171,370,1536959,3450800
5492,20,19,25151,371,1536978,3440600
5493,19,24,25132,366,1537002,3380100
5494,14,16,25118,364,1537018,3492200
5495,17,14,25101,367,1537032,3463600
5496,19,20,25082,366,1537052,3396400
5497,18,17,25064,367,1537069,3567500
5498,27,23,25037,371,1537092,3564100
5499,18,19,25019,370,1537111,3385100
5500,21,23,24998,368,1537134,3365500
5501,9,17,24989,360,1537151,3486400
5502,20,18,24969,362,1537169,3349900
5503,20,21,24949,361,1537190,3484700
5504,20,13,24929,368,1537203,3444000
5505,24,23,24905,369,1537226,3501700
5506,22,16,24883,375,1537242,3388100
5507,17,15,24866,377,1537257,3499000
5508,21,13,24845,385,1537270,3517100
5509,11,19,24834,377,1537289,3365300
5510,19,10,24815,386,1537299,3381600
5511,12,20,24803,378,1537319,3347100
5512,18,26,24785,370,1537345,3319300
5513,10,16,24775,364,1537361,3368300
5514,17,17,24758,364,1537378,3592600
5515,19,12,24739,371,1537390,3420900
5516,9,15,24730,365,1537405,3306500
5517,13,8,24717,370,1537413,3255400
5518,13,19,24704,364,1537432,3215700
5519,18,16,24686,366,1537448,3171500
5520,9,21,24677,354,1537469,3243300
5521,11,14,24666,351,1537483,3350200
5522,13,18,24653,346,1537501,3251700
5523,17,17,24636,346,1537518,3321100
5524,12,12,24624,346,1537530,3230100
5525,14,19,24610,341,1537549,3245800
5526,9,14,24601,336,1537563,3233200
5527,20,13,24581,343,1537576,3241000
5528,13,20,24568,336,1537596,3223700
5529,16,18,24552,334,1537614,3364000
5530,12,18,24540,328,1537632,3405600
5531,9,13,24531,324,1537645,3576000
5532,10,10,24521,324,1537655,3258500
5533,10,18,24511,316,1537673,3428500
5534,11,20,24500,307,1537693,3665100
5535,13,21,24487,299,1537714,3374200
5536,4,18,24483,285,1537732,3442700
5537,13,13,24470,285,1537745,3299800
5538,9,20,24461,274,1537765,3338100
5539,13,15,24448,272,1537780,3494800
5540,10,13,24438,269,1537793,3476300
5541,10,8,24428,271,1537801,3283000
5542,5,12,24423,264,1537813,3445700
5543,6,8,24417,262,1537821,3743400
5544,13,12,24404,263,1537833,3337400
5545,11,13,24393,261,1537846,3391800
5546,9,12,24384,258,1537858,3345900
5547,10,10,24374,258,1537868,3244800
5548,7,13,24367,252,1537881,3308200
5549,10,20,24357,242,1537901,3536300
5550,6,15,24351,233,1537916,3554200
5551,11,12,24340,232,1537928,3416100
5552,5,11,24335,226,1537939,3259400
5553,11,8,24324,229,1537947,3282000
5554,6,12,24318,223,1537959,3378300
5555,5,10,24313,218,1537969,3285600
5556,10,8,24303,220,1537977,3205000
5557,7,11,24296,216,1537988,3303000
5558,4,7,24292,213,1537995,3249500
5559,8,9,24284,212,1538004,3212700
5560,12,6,24272,218,1538010,3933600
5561,6,15,24266,209,1538025,3342800
5562,6,11,24260,204,1538036,3180600
5563,7,9,24253,202,1538045,3178300
5564,14,8,24239,208,1538053,3209900
5565,9,8,24230,209,1538061,3199900
5566,11,13,24219,207,1538074,3245600
5567,6,7,24213,206,1538081,3416900
5568,10,11,24203,205,1538092,3292500
5569,7,10,24196,202,1538102,3359800
5570,9,10,24187,201,1538112,3383200
5571,6,9,24181,198,1538121,3643700
5572,7,7,24174,198,1538128,3609200
5573,9,14,24165,193,1538142,3500700
5574,5,9,24160,189,1538151,3432900
5575,3,9,24157,183,1538160,3353800
5576,5,9,24152,179,1538169,3523100
5577,10,10,24142,179,1538179,3442400
5578,8,8,24134,179,1538187,3446600
5579,7,5,24127,181,1538192,3504400
5580,9,13,24118,177,1538205,3502600
5581,6,11,24112,172,1538216,3828800
5582,4,8,24108,168,1538224,3680100
5583,3,9,24105,162,1538233,3861700
5584,5,13,24100,154,1538246,3808300
5585,3,12,24097,145,1538258,3463700
5586,6,7,24091,144,1538265,3405900
5587,5,8,24086,141,1538273,3448300
5588,7,7,24079,141,1538280,3440200
5589,5,8,24074,138,1538288,3416600
5590,6,7,24068,137,1538295,3370400
5591,3,8,24065,132,1538303,3372100
5592,8,10,24057,130,1538313,4540700
5593,6,3,24051,133,1538316,4535300
5594,6,5,24045,134,1538321,4102700
5595,6,6,24039,134,1538327,3659400
5596,2,8,24037,128,1538335,4361700
5597,4,10,24033,122,1538345,3636200
5598,4,3,24029,123,1538348,3313000
5599,7,9,24022,121,1538357,3440700
5600,7,11,24015,117,1538368,3265300
5601,4,6,24011,115,1538374,3254200
5602,11,7,24000,119,1538381,3205100
5603,11,4,23989,126,1538385,3457700
5604,6,5,23983,127,1538390,3267800
5605,5,6,23978,126,1538396,3204400
5606,8,4,23970,130,1538400,3217400
5607,4,7,23966,127,1538407,3252800
5608,9,9,23957,127,1538416,3191500
5609,3,10,23954,120,1538426,3291900
5610,6,4,23948,122,1538430,3245000
5611,3,9,23945,116,1538439,3264400
5612,7,4,23938,119,1538443,3286000
5613,7,4,23931,122,1538447,3561700
5614,5,5,23926,122,1538452,3792600
5615,5,11,23921,116,1538463,3387100
5616,7,6,23914,117,1538469,3215400
5617,5,5,23909,117,1538474,3452100
5618,7,2,23902,122,1538476,3308900
5619,5,4,23897,123,1538480,3261300
5620,7,7,23890,123,1538487,3957400
5621,5,7,23885,121,1538494,3291000
5622,6,7,23879,120,1538501,3386700
5623,6,4,23873,122,1538505,3360400
5624,4,8,23869,118,1538513,3312500
5625,7,5,23862,120,1538518,3245200
5626,6,9,23856,117,1538527,3289300
5627,4,3,23852,118,1538530,3208800
5628,5,4,23847,119,1538534,3466600
5629,4,5,23843,118,1538539,3560400
5630,6,3,23837,121,1538542,3888700
5631,2,8,23835,115,1538550,3534000
5632,5,5,23830,115,1538555,3497500
5633,4,5,23826,114,1538560,3551400
5634,4,4,23822,114,1538564,3299400
5635,6,4,23816,116,1538568,3253500
5636,2,11,23814,107,1538579,3291500
5637,5,2,23809,110,1538581,3392600
5638,3,7,23806,106,1538588,3375800
5639,3,4,23803,105,1538592,3293100
5640,3,3,23800,105,1538595,3658200
5641,4,4,23796,105,1538599,3578500
5642,3,6,23793,102,1538605,3379600
5643,1,3,23792,100,1538608,3444200
5644,2,4,23790,98,1538612,3362000
5645,1,4,23789,95,1538616,3323500
5646,0,5,23789,90,1538621,3407700
5647,1,5,23788,86,1538626,3301900
5648,0,1,23788,85,1538627,3322700
5649,1,4,23787,82,1538631,3338500
5650,0,4,23787,78,1538635,3236300
5651,2,5,23785,75,1538640,3293800
5652,2,4,23783,73,1538644,3393600
5653,0,5,23783,68,1538649,3229300
5654,1,5,23782,64,1538654,3265000
5655,1,5,23781,60,1538659,3266900
5656,1,3,23780,58,1538662,3211800
5657,1,2,23779,57,1538664,3627500
5658,2,2,23777,57,1538666,3389000
5659,1,4,23776,54,1538670,3596600
5660,0,3,23776,51,1538673,3420900
5661,0,2,23776,49,1538675,3491700
5662,0,2,23776,47,1538677,3261100
5663,2,2,23774,47,1538679,3754000
5664,1,2,23773,46,1538681,3427100
5665,0,5,23773,41,1538686,3625500
5666,0,2,23773,39,1538688,3507300
5667,0,2,23773,37,1538690,3543900
5668,0,3,23773,34,1538693,3602400
5669,0,2,23773,32,1538695,3380800
5670,0,1,23773,31,1538696,3364400
5671,0,2,23773,29,1538698,3344100
5672,0,1,23773,28,1538699,3581200
5673,1,3,23772,26,1538702,3528700
5674,0,1,23772,25,1538703,3513200
5675,0,2,23772,23,1538705,4756800
5676,0,1,23772,22,1538706,4293000
5677,0,0,23772,22,1538706,4473100
5678,0,1,23772,21,1538707,3884400
5679,0,0,23772,21,1538707,3720300
5680,1,1,23771,21,1538708,3623000
5681,0,0,23771,21,1538708,3460000
5682,0,2,23771,19,1538710,3326100
5683,0,0,23771,19,1538710,3472400
5684,0,0,23771,19,1538710,3252800
5685,0,1,23771,18,1538711,3198100
5686,0,2,23771,16,1538713,3350000
5687,0,0,23771,16,1538713,3406700
5688,0,0,23771,16,1538713,3163100
5689,0,0,23771,16,1538713,3214600
5690,0,0,23771,16,1538713,3201500
5691,0,0,23771,16,1538713,3219400
5692,0,4,23771,12,1538717,3352800
5693,0,0,23771,12,1538717,3262800
5694,0,0,23771,12,1538717,3344100
5695,1,3,23770,10,1538720,3491800
5696,0,0,23770,10,1538720,3350200
5697,0,0,23770,10,1538720,3302000
5698,0,1,23770,9,1538721,3216500
5699,0,0,23770,9,1538721,3244300
5700,0,1,23770,8,1538722,3830200
5701,0,0,23770,8,1538722,3412000
5702,0,0,23770,8,1538722,3224400
5703,0,0,23770,8,1538722,3317000
5704,0,3,23770,5,1538725,3232100
5705,0,0,23770,5,1538725,3294400
5706,0,0,23770,5,1538725,3429800
5707,0,0,23770,5,1538725,3262500
5708,0,0,23770,5,1538725,3429600
5709,0,0,23770,5,1538725,3329200
5710,0,0,23770,5,1538725,3274500
5711,0,0,23770,5,1538725,3496800
5712,0,0,23770,5,1538725,3281100
5713,0,0,23770,5,1538725,3262900
5714,0,0,23770,5,1538725,3367500
5715,0,0,23770,5,1538725,3411000
5716,0,0,23770,5,1538725,3263900
5717,0,0,23770,5,1538725,3351600
5718,0,0,23770,5,1538725,3350400
5719,0,0,23770,5,1538725,3407800
5720,0,0,23770,5,1538725,3233100
5721,0,0,23770,5,1538725,3336800
5722,0,0,23770,5,1538725,3463900
5723,0,0,23770,5,1538725,3377600
5724,0,1,23770,4,1538726,3405700
5725,0,0,23770,4,1538726,3487200
5726,0,0,23770,4,1538726,3476400
5727,0,0,23770,4,1538726,3255600
5728,0,0,23770,4,1538726,3533700
5729,0,0,23770,4,1538726,3404900
5730,0,0,23770,4,1538726,3270400
5731,0,0,23770,4,1538726,3263200
5732,0,0,23770,4,1538726,3272800
5733,0,0,23770,4,1538726,3174800
5734,0,2,23770,2,1538728,3419400
5735,0,0,23770,2,1538728,3292600
5736,0,0,23770,2,1538728,3249300
5737,0,0,23770,2,1538728,3426400
5738,0,0,23770,2,1538728,3248800
5739,0,1,23770,1,1538729,3376900
5740,0,1,23770,0,1538730,3351600
