Tick,NewlyInfected,NewlyRecovered,TotalSusceptible,TotalInfected,TotalRecovered,StepTimeNanos
0,2,0,562493,7,0,1684500
1,2,0,562491,9,0,1080600
2,1,1,562490,9,1,1019000
3,3,0,562487,12,1,994300
4,1,1,562486,12,2,954500
5,7,0,562479,19,2,952600
6,4,1,562475,22,3,974200
7,4,0,562471,26,3,958900
8,6,0,562465,32,3,930700
9,9,0,562456,41,3,927500
10,11,4,562445,48,7,932100
11,10,3,562435,55,10,930800
12,8,1,562427,62,11,917600
13,9,5,562418,66,16,924300
14,7,2,562411,71,18,931500
15,7,6,562404,72,24,964800
16,6,5,562398,73,29,938400
17,13,1,562385,85,30,933300
18,7,7,562378,85,37,939200
19,8,2,562370,91,39,930200
20,10,1,562360,100,40,1113400
21,8,7,562352,101,47,933400
22,17,3,562335,115,50,998700
23,15,4,562320,126,54,933500
24,15,5,562305,136,59,929600
25,8,7,562297,137,66,927200
26,18,7,562279,148,73,942400
27,17,10,562262,155,83,944500
28,16,6,562246,165,89,936400
29,14,10,562232,169,99,1166100
30,21,6,562211,184,105,940400
31,13,5,562198,192,110,938000
32,11,13,562187,190,123,931400
33,22,12,562165,200,135,987000
34,20,15,562145,205,150,990800
35,16,5,562129,216,155,939800
36,25,9,562104,232,164,926700
37,19,8,562085,243,172,934300
38,36,10,562049,269,182,1115300
39,31,9,562018,291,191,934900
40,20,8,561998,303,199,931400
41,38,16,561960,325,215,928700
42,30,20,561930,335,235,929000
43,28,17,561902,346,252,932800
44,29,21,561873,354,273,930200
45,22,19,561851,357,292,1146400
46,21,15,561830,363,307,1012800
47,24,22,561806,365,329,935600
48,26,18,561780,373,347,933500
49,20,19,561760,374,366,932500
50,29,16,561731,387,382,931000
51,21,19,561710,389,401,928100
52,32,17,561678,404,418,936800
53,28,20,561650,412,438,1033200
54,34,15,561616,431,453,1300000
55,36,28,561580,439,481,963900
56,28,14,561552,453,495,931200
57,42,21,561510,474,516,933200
58,39,21,561471,492,537,933900
59,41,28,561430,505,565,950000
60,33,26,561397,512,591,983900
61,40,28,561357,524,619,977700
62,44,22,561313,546,641,1144900
63,44,24,561269,566,665,952400
64,41,42,561228,565,707,935800
65,38,30,561190,573,737,936400
66,41,20,561149,594,757,1047600
67,36,37,561113,593,794,932900
68,43,23,561070,613,817,937800
69,41,21,561029,633,838,1114800
70,43,35,560986,641,873,958100
71,51,42,560935,650,915,974400
72,36,34,560899,652,949,966000
73,38,20,560861,670,969,981100
74,50,31,560811,689,1000,941500
75,47,34,560764,702,1034,947000
76,53,35,560711,720,1069,982200
77,48,36,560663,732,1105,994400
78,61,34,560602,759,1139,977900
79,49,43,560553,765,1182,1236700
80,52,54,560501,763,1236,964500
81,51,42,560450,772,1278,954100
82,69,43,560381,798,1321,944300
83,54,35,560327,817,1356,1237400
84,59,44,560268,832,1400,993400
85,67,35,560201,864,1435,1014700
86,38,52,560163,850,1487,945800
87,63,35,560100,878,1522,952300
88,58,43,560042,893,1565,956900
89,56,36,559986,913,1601,957000
90,63,51,559923,925,1652,989600
91,64,46,559859,943,1698,952100
92,58,51,559801,950,1749,936900
93,58,45,559743,963,1794,924000
94,57,63,559686,957,1857,938300
95,74,42,559612,989,1899,938700
96,61,53,559551,997,1952,990500
97,63,42,559488,1018,1994,943300
98,77,51,559411,1044,2045,952100
99,66,54,559345,1056,2099,1164100
100,59,59,559286,1056,2158,945100
101,63,56,559223,1063,2214,932700
102,61,48,559162,1076,2262,927900
103,67,59,559095,1084,2321,933200
104,77,50,559018,1111,2371,936300
105,79,49,558939,1141,2420,940300
106,78,67,558861,1152,2487,936300
107,67,53,558794,1166,2540,942600
108,79,68,558715,1177,2608,998300
109,82,62,558633,1197,2670,936300
110,71,69,558562,1199,2739,1284600
111,93,47,558469,1245,2786,1002800
112,84,71,558385,1258,2857,934600
113,79,57,558306,1280,2914,937500
114,86,69,558220,1297,2983,935900
115,86,60,558134,1323,3043,938600
116,82,44,558052,1361,3087,934000
117,78,63,557974,1376,3150,939400
118,82,75,557892,1383,3225,933400
119,75,71,557817,1387,3296,942400
120,76,68,557741,1395,3364,942200
121,75,58,557666,1412,3422,932200
122,92,67,557574,1437,3489,932000
123,85,78,557489,1444,3567,1011800
124,74,93,557415,1425,3660,1001300
125,90,85,557325,1430,3745,960200
126,98,74,557227,1454,3819,959000
127,94,75,557133,1473,3894,957200
128,86,78,557047,1481,3972,938700
129,96,71,556951,1506,4043,931100
130,86,67,556865,1525,4110,930700
131,100,75,556765,1550,4185,935900
132,97,80,556668,1567,4265,935500
133,102,78,556566,1591,4343,939100
134,100,68,556466,1623,4411,942200
135,107,68,556359,1662,4479,938100
136,87,75,556272,1674,4554,940300
137,102,76,556170,1700,4630,933200
138,97,82,556073,1715,4712,1127700
139,109,76,555964,1748,4788,1070400
140,97,80,555867,1765,4868,944100
141,116,93,555751,1788,4961,1046400
142,104,107,555647,1785,5068,946100
143,112,73,555535,1824,5141,945000
144,114,77,555421,1861,5218,952500
145,122,95,555299,1888,5313,952400
146,106,95,555193,1899,5408,941200
147,109,91,555084,1917,5499,941000
148,123,96,554961,1944,5595,948000
149,117,107,554844,1954,5702,1278000
150,118,109,554726,1963,5811,964300
151,107,86,554619,1984,5897,989100
152,125,104,554494,2005,6001,1130500
153,121,111,554373,2015,6112,1079700
154,115,107,554258,2023,6219,1133200
155,131,121,554127,2033,6340,948000
156,131,85,553996,2079,6425,947100
157,122,104,553874,2097,6529,943700
158,113,104,553761,2106,6633,998100
159,116,98,553645,2124,6731,1170600
160,106,118,553539,2112,6849,963300
161,118,120,553421,2110,6969,943800
162,105,101,553316,2114,7070,947600
163,116,102,553200,2128,7172,1228900
164,109,118,553091,2119,7290,970900
165,129,105,552962,2143,7395,971800
166,130,134,552832,2139,7529,940800
167,99,94,552733,2144,7623,1148600
168,109,99,552624,2154,7722,962700
169,125,98,552499,2181,7820,963100
170,161,107,552338,2235,7927,946100
171,128,107,552210,2256,8034,963300
172,119,107,552091,2268,8141,1079100
173,128,125,551963,2271,8266,986300
174,139,107,551824,2303,8373,975600
175,147,111,551677,2339,8484,989300
176,128,122,551549,2345,8606,968000
177,145,116,551404,2374,8722,1024700
178,134,104,551270,2404,8826,998600
179,133,123,551137,2414,8949,949100
180,160,133,550977,2441,9082,939800
181,152,130,550825,2463,9212,972800
182,140,120,550685,2483,9332,997500
183,151,126,550534,2508,9458,947900
184,144,117,550390,2535,9575,1010400
185,158,123,550232,2570,9698,974300
186,143,143,550089,2570,9841,954200
187,135,137,549954,2568,9978,1181400
188,146,136,549808,2578,10114,970300
189,160,154,549648,2584,10268,969000
190,150,127,549498,2607,10395,942400
191,167,122,549331,2652,10517,981100
192,157,135,549174,2674,10652,1004800
193,156,163,549018,2667,10815,960200
194,146,120,548872,2693,10935,943800
195,159,136,548713,2716,11071,958700
196,164,137,548549,2743,11208,994300
197,143,149,548406,2737,11357,955600
198,159,147,548247,2749,11504,946700
199,150,137,548097,2762,11641,960100
200,179,174,547918,2767,11815,991000
201,172,144,547746,2795,11959,954200
202,171,144,547575,2822,12103,997600
203,158,114,547417,2866,12217,978400
204,178,145,547239,2899,12362,1009500
205,166,156,547073,2909,12518,970800
206,158,128,546915,2939,12646,992100
207,182,130,546733,2991,12776,981200
208,181,166,546552,3006,12942,968100
209,174,157,546378,3023,13099,953000
210,155,148,546223,3030,13247,983100
211,180,151,546043,3059,13398,971600
212,168,156,545875,3071,13554,957600
213,159,138,545716,3092,13692,965400
214,165,181,545551,3076,13873,968600
215,189,141,545362,3124,14014,966100
216,167,160,545195,3131,14174,988700
217,186,158,545009,3159,14332,1169200
218,191,136,544818,3214,14468,1028100
219,192,156,544626,3250,14624,1014700
220,173,178,544453,3245,14802,983300
221,176,178,544277,3243,14980,961600
222,192,154,544085,3281,15134,966200
223,204,163,543881,3322,15297,948400
224,177,163,543704,3336,15460,1003900
225,178,164,543526,3350,15624,965400
226,211,155,543315,3406,15779,946800
227,196,190,543119,3412,15969,1035800
228,211,170,542908,3453,16139,975200
229,208,167,542700,3494,16306,984100
230,222,151,542478,3565,16457,980800
231,202,168,542276,3599,16625,961900
232,220,181,542056,3638,16806,977800
233,228,183,541828,3683,16989,989200
234,180,175,541648,3688,17164,970300
235,216,179,541432,3725,17343,973600
236,211,190,541221,3746,17533,968300
237,233,206,540988,3773,17739,982400
238,199,187,540789,3785,17926,957700
239,225,181,540564,3829,18107,967900
240,198,191,540366,3836,18298,955100
241,211,163,540155,3884,18461,951800
242,217,206,539938,3895,18667,1014700
243,251,206,539687,3940,18873,968800
244,216,186,539471,3970,19059,1230200
245,233,191,539238,4012,19250,992000
246,220,186,539018,4046,19436,969000
247,217,200,538801,4063,19636,1024000
248,202,203,538599,4062,19839,968000
249,211,193,538388,4080,20032,960800
250,232,193,538156,4119,20225,953600
251,222,180,537934,4161,20405,971700
252,215,199,537719,4177,20604,981400
253,249,214,537470,4212,20818,1176500
254,216,205,537254,4223,21023,992500
255,210,204,537044,4229,21227,1000900
256,222,193,536822,4258,21420,1201800
257,248,220,536574,4286,21640,955300
258,227,221,536347,4292,21861,960600
259,205,216,536142,4281,22077,963300
260,243,220,535899,4304,22297,1015800
261,247,198,535652,4353,22495,1081200
262,259,238,535393,4374,22733,988400
263,238,207,535155,4405,22940,971800
264,266,234,534889,4437,23174,974200
265,254,230,534635,4461,23404,967900
266,208,198,534427,4471,23602,977500
267,232,225,534195,4478,23827,1013000
268,228,235,533967,4471,24062,957000
269,199,232,533768,4438,24294,969000
270,239,227,533529,4450,24521,984200
271,253,247,533276,4456,24768,1060200
272,229,242,533047,4443,25010,957800
273,246,239,532801,4450,25249,958200
274,228,210,532573,4468,25459,1192700
275,256,209,532317,4515,25668,989100
276,259,205,532058,4569,25873,985000
277,244,227,531814,4586,26100,973300
278,213,233,531601,4566,26333,967700
279,233,217,531368,4582,26550,967500
280,219,202,531149,4599,26752,964700
281,247,224,530902,4622,26976,978800
282,233,219,530669,4636,27195,987000
283,244,225,530425,4655,27420,971100
284,248,262,530177,4641,27682,1022000
285,237,236,529940,4642,27918,968700
286,261,213,529679,4690,28131,968700
287,267,200,529412,4757,28331,1176600
288,255,230,529157,4782,28561,995000
289,279,248,528878,4813,28809,1034200
290,234,257,528644,4790,29066,988500
291,268,243,528376,4815,29309,997200
292,236,257,528140,4794,29566,967600
293,257,221,527883,4830,29787,969600
294,261,259,527622,4832,30046,961700
295,274,246,527348,4860,30292,991600
296,269,251,527079,4878,30543,979300
297,274,229,526805,4923,30772,973400
298,298,269,526507,4952,31041,1207000
299,256,231,526251,4977,31272,1018500
300,236,236,526015,4977,31508,966700
301,289,286,525726,4980,31794,1101000
302,281,231,525445,5030,32025,978200
303,296,245,525149,5081,32270,966700
304,275,211,524874,5145,32481,971800
305,274,254,524600,5165,32735,1008400
306,255,251,524345,5169,32986,968600
307,262,256,524083,5175,33242,976600
308,251,271,523832,5155,33513,1195600
309,273,251,523559,5177,33764,990600
310,281,257,523278,5201,34021,973200
311,255,278,523023,5178,34299,971500
312,261,250,522762,5189,34549,973100
313,287,282,522475,5194,34831,976200
314,272,260,522203,5206,35091,973900
315,252,278,521951,5180,35369,970600
316,255,273,521696,5162,35642,1302600
317,267,299,521429,5130,35941,981500
318,272,223,521157,5179,36164,987600
319,284,259,520873,5204,36423,985400
320,269,259,520604,5214,36682,981300
321,276,242,520328,5248,36924,1019700
322,283,257,520045,5274,37181,978800
323,307,226,519738,5355,37407,979500
324,307,256,519431,5406,37663,971100
325,281,255,519150,5432,37918,1267300
326,314,287,518836,5459,38205,998600
327,305,272,518531,5492,38477,980100
328,285,258,518246,5519,38735,968100
329,301,252,517945,5568,38987,965600
330,279,273,517666,5574,39260,1065000
331,299,300,517367,5573,39560,969100
332,289,276,517078,5586,39836,1182700
333,303,269,516775,5620,40105,997200
334,282,282,516493,5620,40387,985900
335,283,274,516210,5629,40661,1013800
336,305,296,515905,5638,40957,990500
337,304,312,515601,5630,41269,984000
338,349,294,515252,5685,41563,982700
339,322,268,514930,5739,41831,985500
340,301,292,514629,5748,42123,984000
341,297,272,514332,5773,42395,986200
342,338,290,513994,5821,42685,984900
343,289,273,513705,5837,42958,988500
344,307,295,513398,5849,43253,1094200
345,328,317,513070,5860,43570,975200
346,311,302,512759,5869,43872,982900
347,307,270,512452,5906,44142,1239000
348,311,282,512141,5935,44424,981500
349,330,279,511811,5986,44703,1031600
350,354,282,511457,6058,44985,989800
351,298,300,511159,6056,45285,981200
352,298,312,510861,6042,45597,985000
353,290,297,510571,6035,45894,982600
354,330,292,510241,6073,46186,984000
355,280,277,509961,6076,46463,987100
356,318,298,509643,6096,46761,984200
357,301,297,509342,6100,47058,986900
358,318,313,509024,6105,47371,1017800
359,289,328,508735,6066,47699,990900
360,328,307,508407,6087,48006,982600
361,337,307,508070,6117,48313,979700
362,313,307,507757,6123,48620,983400
363,353,299,507404,6177,48919,997100
364,329,302,507075,6204,49221,988400
365,311,295,506764,6220,49516,971900
366,330,321,506434,6229,49837,979000
367,292,286,506142,6235,50123,974900
368,325,314,505817,6246,50437,988900
369,341,342,505476,6245,50779,987200
370,316,335,505160,6226,51114,999100
371,340,319,504820,6247,51433,995800
372,322,286,504498,6283,51719,994400
373,308,293,504190,6298,52012,1017000
374,320,327,503870,6291,52339,998300
375,327,327,503543,6291,52666,987200
376,295,304,503248,6282,52970,992000
377,314,318,502934,6278,53288,1005200
378,313,308,502621,6283,53596,1001500
379,342,311,502279,6314,53907,1003300
380,305,342,501974,6277,54249,991600
381,311,296,501663,6292,54545,1006800
382,329,294,501334,6327,54839,988400
383,319,316,501015,6330,55155,990200
384,326,319,500689,6337,55474,984600
385,330,285,500359,6382,55759,989000
386,349,301,500010,6430,56060,1093300
387,307,301,499703,6436,56361,1067200
388,327,317,499376,6446,56678,1025500
389,321,338,499055,6429,57016,980700
390,325,331,498730,6423,57347,969100
391,315,322,498415,6416,57669,1120200
392,330,328,498085,6418,57997,1007200
393,357,354,497728,6421,58351,994500
394,350,327,497378,6444,58678,989400
395,337,326,497041,6455,59004,997500
396,338,341,496703,6452,59345,1131500
397,339,343,496364,6448,59688,1000900
398,342,296,496022,6494,59984,989600
399,350,324,495672,6520,60308,997600
400,334,341,495338,6513,60649,997300
401,336,341,495002,6508,60990,1014500
402,359,322,494643,6545,61312,987700
403,322,326,494321,6541,61638,1176800
404,342,341,493979,6542,61979,992200
405,355,308,493624,6589,62287,978700
406,326,369,493298,6546,62656,971300
407,383,331,492915,6598,62987,985000
408,370,347,492545,6621,63334,989100
409,345,302,492200,6664,63636,982000
410,388,347,491812,6705,63983,988800
411,343,345,491469,6703,64328,983500
412,327,342,491142,6688,64670,1011300
413,396,319,490746,6765,64989,1005900
414,371,330,490375,6806,65319,998300
415,365,327,490010,6844,65646,1095700
416,377,346,489633,6875,65992,1176300
417,385,328,489248,6932,66320,1253800
418,397,335,488851,6994,66655,1013200
419,341,354,488510,6981,67009,1023200
420,360,340,488150,7001,67349,990900
421,368,320,487782,7049,67669,1012300
422,358,335,487424,7072,68004,1011800
423,369,362,487055,7079,68366,1016200
424,380,367,486675,7092,68733,1048700
425,374,360,486301,7106,69093,998700
426,377,336,485924,7147,69429,1052500
427,370,385,485554,7132,69814,1042700
428,387,347,485167,7172,70161,1061300
429,359,354,484808,7177,70515,1000800
430,365,348,484443,7194,70863,1012200
431,351,350,484092,7195,71213,1049000
432,383,341,483709,7237,71554,1009900
433,381,337,483328,7281,71891,1006200
434,385,323,482943,7343,72214,1006100
435,379,375,482564,7347,72589,1006800
436,411,371,482153,7387,72960,1004100
437,382,360,481771,7409,73320,1007500
438,402,346,481369,7465,73666,1010700
439,395,397,480974,7463,74063,1040800
440,415,399,480559,7479,74462,1006700
441,380,365,480179,7494,74827,1009600
442,395,394,479784,7495,75221,1013600
443,388,377,479396,7506,75598,1014600
444,403,431,478993,7478,76029,1030500
445,429,371,478564,7536,76400,1097800
446,401,393,478163,7544,76793,1139200
447,421,365,477742,7600,77158,1022500
448,421,389,477321,7632,77547,1008500
449,393,346,476928,7679,77893,1005500
450,432,387,476496,7724,78280,1015500
451,398,412,476098,7710,78692,1015000
452,395,386,475703,7719,79078,1017100
453,424,351,475279,7792,79429,1006700
454,412,400,474867,7804,79829,1022300
455,444,414,474423,7834,80243,1191300
456,434,349,473989,7919,80592,1029700
457,402,400,473587,7921,80992,1012100
458,402,420,473185,7903,81412,1063100
459,384,424,472801,7863,81836,1026300
460,406,411,472395,7858,82247,998500
461,390,391,472005,7857,82638,1016100
462,418,386,471587,7889,83024,994300
463,417,360,471170,7946,83384,994000
464,391,387,470779,7950,83771,1003800
465,432,435,470347,7947,84206,1046900
466,402,397,469945,7952,84603,1210100
467,429,403,469516,7978,85006,1014100
468,417,409,469099,7986,85415,1011300
469,396,388,468703,7994,85803,1027400
470,426,399,468277,8021,86202,1005100
471,437,382,467840,8076,86584,1018500
472,456,394,467384,8138,86978,1051900
473,418,422,466966,8134,87400,1040700
474,412,419,466554,8127,87819,1024700
475,433,403,466121,8157,88222,1025500
476,447,373,465674,8231,88595,1017300
477,421,389,465253,8263,88984,1011000
478,399,393,464854,8269,89377,1009600
479,415,397,464439,8287,89774,1047700
480,435,416,464004,8306,90190,1001000
481,414,430,463590,8290,90620,1027500
482,447,452,463143,8285,91072,1023900
483,407,427,462736,8265,91499,1021700
484,439,438,462297,8266,91937,1011500
485,442,421,461855,8287,92358,1013000
486,391,435,461464,8243,92793,1046200
487,409,392,461055,8260,93185,1144400
488,434,431,460621,8263,93616,1098800
489,460,406,460161,8317,94022,1032600
490,431,388,459730,8360,94410,994400
491,420,422,459310,8358,94832,1037400
492,436,434,458874,8360,95266,1030200
493,371,416,458503,8315,95682,1015500
494,420,403,458083,8332,96085,1049400
495,413,440,457670,8305,96525,1063500
496,419,431,457251,8293,96956,1018500
497,427,428,456824,8292,97384,1190300
498,439,393,456385,8338,97777,1020500
499,448,421,455937,8365,98198,1025800
500,421,414,455516,8372,98612,1068500
501,451,425,455065,8398,99037,1033400
502,410,414,454655,8394,99451,1046000
503,442,448,454213,8388,99899,1033700
504,426,358,453787,8456,100257,1038500
505,490,464,453297,8482,100721,1013200
506,441,395,452856,8528,101116,1016500
507,438,381,452418,8585,101497,1017700
508,424,475,451994,8534,101972,1220400
509,466,461,451528,8539,102433,1201400
510,429,401,451099,8567,102834,999500
511,448,404,450651,8611,103238,1032400
512,469,402,450182,8678,103640,1020300
513,460,446,449722,8692,104086,1030000
514,494,434,449228,8752,104520,1042000
515,479,436,448749,8795,104956,1095000
516,462,466,448287,8791,105422,1202500
517,467,428,447820,8830,105850,1034900
518,396,421,447424,8805,106271,1005700
519,431,441,446993,8795,106712,1020000
520,446,419,446547,8822,107131,1019700
521,451,441,446096,8832,107572,1020800
522,458,420,445638,8870,107992,1012800
523,479,432,445159,8917,108424,1017800
524,472,449,444687,8940,108873,1032800
525,451,441,444236,8950,109314,1034400
526,459,461,443777,8948,109775,1044000
527,474,427,443303,8995,110202,1058000
528,462,495,442841,8962,110697,1084800
529,482,444,442359,9000,111141,1055300
530,484,447,441875,9037,111588,1060900
531,450,456,441425,9031,112044,1037500
532,453,411,440972,9073,112455,1020300
533,465,468,440507,9070,112923,1028100
534,492,454,440015,9108,113377,1022500
535,452,462,439563,9098,113839,1038900
536,449,486,439114,9061,114325,1250100
537,458,453,438656,9066,114778,1037800
538,485,463,438171,9088,115241,1041000
539,519,421,437652,9186,115662,1037400
540,473,484,437179,9175,116146,1031200
541,474,440,436705,9209,116586,1021800
542,491,449,436214,9251,117035,1039500
543,468,489,435746,9230,117524,1035400
544,497,471,435249,9256,117995,1088600
545,484,485,434765,9255,118480,1122800
546,464,471,434301,9248,118951,1128900
547,485,465,433816,9268,119416,1111400
548,507,480,433309,9295,119896,1123800
549,531,451,432778,9375,120347,1109700
550,469,478,432309,9366,120825,1132200
551,498,480,431811,9384,121305,1180700
552,467,459,431344,9392,121764,1143800
553,497,475,430847,9414,122239,1199600
554,499,484,430348,9429,122723,1103500
555,484,484,429864,9429,123207,1115300
556,485,445,429379,9469,123652,1053900
557,463,428,428916,9504,124080,1077100
558,504,467,428412,9541,124547,1061200
559,451,493,427961,9499,125040,1041000
560,472,458,427489,9513,125498,1057600
561,436,510,427053,9439,126008,1104300
562,522,471,426531,9490,126479,1094600
563,483,483,426048,9490,126962,1102600
564,488,488,425560,9490,127450,1119500
565,497,476,425063,9511,127926,1100700
566,484,467,424579,9528,128393,1164300
567,525,494,424054,9559,128887,1153300
568,448,432,423606,9575,129319,1166600
569,491,462,423115,9604,129781,1143600
570,469,492,422646,9581,130273,1083500
571,484,485,422162,9580,130758,1121600
572,497,504,421665,9573,131262,1095300
573,485,472,421180,9586,131734,1105000
574,447,482,420733,9551,132216,1074600
575,476,466,420257,9561,132682,1090300
576,490,448,419767,9603,133130,1086100
577,502,459,419265,9646,133589,1057200
578,481,499,418784,9628,134088,1060300
579,489,482,418295,9635,134570,1043700
580,471,443,417824,9663,135013,1089500
581,497,464,417327,9696,135477,1055700
582,477,495,416850,9678,135972,1087300
583,504,457,416346,9725,136429,1164700
584,522,436,415824,9811,136865,1091500
585,536,487,415288,9860,137352,1061700
586,511,481,414777,9890,137833,1087900
587,505,487,414272,9908,138320,1096100
588,491,516,413781,9883,138836,1228200
589,515,471,413266,9927,139307,1091700
590,481,525,412785,9883,139832,1090600
591,515,467,412270,9931,140299,1055100
592,508,507,411762,9932,140806,1233100
593,512,550,411250,9894,141356,1105100
594,469,526,410781,9837,141882,1072800
595,503,503,410278,9837,142385,1095000
596,507,494,409771,9850,142879,1054600
597,493,509,409278,9834,143388,1061200
598,515,480,408763,9869,143868,1054600
599,486,492,408277,9863,144360,1092100
600,469,468,407808,9864,144828,1095400
601,490,460,407318,9894,145288,1051400
602,507,472,406811,9929,145760,1223900
603,535,540,406276,9924,146300,1114200
604,486,495,405790,9915,146795,1062800
605,518,505,405272,9928,147300,1073500
606,540,476,404732,9992,147776,1030800
607,517,477,404215,10032,148253,1034300
608,510,509,403705,10033,148762,1056400
609,531,504,403174,10060,149266,1059900
610,549,526,402625,10083,149792,1066600
611,511,490,402114,10104,150282,1047000
612,500,490,401614,10114,150772,1045200
613,537,507,401077,10144,151279,1084900
614,508,493,400569,10159,151772,1043900
615,502,512,400067,10149,152284,1069700
616,513,526,399554,10136,152810,1069300
617,492,532,399062,10096,153342,1305000
618,521,528,398541,10089,153870,1132700
619,473,539,398068,10023,154409,1060800
620,517,497,397551,10043,154906,1091800
621,545,545,397006,10043,155451,1058300
622,524,536,396482,10031,155987,1055700
623,505,525,395977,10011,156512,1366600
624,532,518,395445,10025,157030,1170200
625,498,520,394947,10003,157550,1059500
626,492,508,394455,9987,158058,1105900
627,529,543,393926,9973,158601,1232700
628,518,519,393408,9972,159120,1101700
629,523,521,392885,9974,159641,1072500
630,456,498,392429,9932,160139,1048600
631,502,495,391927,9939,160634,1050900
632,493,505,391434,9927,161139,1063200
633,553,502,390881,9978,161641,1059300
634,494,495,390387,9977,162136,1086200
635,528,486,389859,10019,162622,1105200
636,450,482,389409,9987,163104,1125800
637,532,514,388877,10005,163618,1089300
638,514,492,388363,10027,164110,1070600
639,487,524,387876,9990,164634,1087900
640,468,485,387408,9973,165119,1064500
641,496,515,386912,9954,165634,1175700
642,504,527,386408,9931,166161,1187200
643,496,516,385912,9911,166677,1248100
644,464,558,385448,9817,167235,1128200
645,487,516,384961,9788,167751,1081600
646,476,458,384485,9806,168209,1193000
647,510,484,383975,9832,168693,1123500
648,499,466,383476,9865,169159,1060600
649,457,458,383019,9864,169617,1066200
650,545,484,382474,9925,170101,1118900
651,495,484,381979,9936,170585,1058100
652,522,479,381457,9979,171064,1085200
653,503,509,380954,9973,171573,1069500
654,490,507,380464,9956,172080,1082500
655,477,463,379987,9970,172543,1068800
656,531,517,379456,9984,173060,1172900
657,463,449,378993,9998,173509,1097400
658,521,513,378472,10006,174022,1125500
659,503,527,377969,9982,174549,1087000
660,510,460,377459,10032,175009,1099700
661,483,526,376976,9989,175535,1100700
662,451,504,376525,9936,176039,1131100
663,533,491,375992,9978,176530,1125300
664,509,482,375483,10005,177012,1096100
665,546,470,374937,10081,177482,1095200
666,514,498,374423,10097,177980,1098100
667,519,465,373904,10151,178445,1121300
668,517,514,373387,10154,178959,1085300
669,544,495,372843,10203,179454,1079900
670,500,530,372343,10173,179984,1085700
671,512,516,371831,10169,180500,1088800
672,492,520,371339,10141,181020,1075600
673,475,509,370864,10107,181529,1066600
674,480,492,370384,10095,182021,1063000
675,500,487,369884,10108,182508,1068600
676,495,513,369389,10090,183021,1075000
677,495,507,368894,10078,183528,1066200
678,481,541,368413,10018,184069,1074300
679,470,539,367943,9949,184608,1096000
680,461,539,367482,9871,185147,1088100
681,503,474,366979,9900,185621,1061300
682,474,487,366505,9887,186108,1310700
683,481,504,366024,9864,186612,1293700
684,461,481,365563,9844,187093,1119300
685,473,496,365090,9821,187589,1216500
686,470,473,364620,9818,188062,1073800
687,488,488,364132,9818,188550,1203100
688,482,517,363650,9783,189067,1074900
689,473,522,363177,9734,189589,1121500
690,475,517,362702,9692,190106,1093400
691,483,457,362219,9718,190563,1074000
692,523,480,361696,9761,191043,1068500
693,485,484,361211,9762,191527,1059900
694,492,475,360719,9779,192002,1060900
695,500,463,360219,9816,192465,1056000
696,503,485,359716,9834,192950,1082200
697,521,477,359195,9878,193427,1269100
698,519,520,358676,9877,193947,1112600
699,495,481,358181,9891,194428,1086800
700,506,524,357675,9873,194952,1071900
701,515,489,357160,9899,195441,1085700
702,518,507,356642,9910,195948,1084200
703,482,495,356160,9897,196443,1115600
704,517,533,355643,9881,196976,1076400
705,493,497,355150,9877,197473,1106900
706,467,477,354683,9867,197950,1264500
707,504,466,354179,9905,198416,1082300
708,511,477,353668,9939,198893,1075100
709,490,484,353178,9945,199377,1067800
710,493,492,352685,9946,199869,1060800
711,482,482,352203,9946,200351,1088600
712,480,519,351723,9907,200870,1096600
713,475,489,351248,9893,201359,1087200
714,490,486,350758,9897,201845,1098100
715,468,482,350290,9883,202327,1079400
716,491,510,349799,9864,202837,1075700
717,461,466,349338,9859,203303,1294100
718,493,476,348845,9876,203779,1077700
719,486,506,348359,9856,204285,1194600
720,489,506,347870,9839,204791,1079400
721,505,503,347365,9841,205294,1069300
722,499,522,346866,9818,205816,1065700
723,475,465,346391,9828,206281,1070800
724,468,526,345923,9770,206807,1061600
725,501,506,345422,9765,207313,1076500
726,492,456,344930,9801,207769,1084500
727,495,484,344435,9812,208253,1081900
728,464,523,343971,9753,208776,1095100
729,486,451,343485,9788,209227,1065000
730,498,473,342987,9813,209700,1074300
731,488,491,342499,9810,210191,1056900
732,496,497,342003,9809,210688,1072100
733,471,529,341532,9751,211217,1086300
734,508,499,341024,9760,211716,1057200
735,502,473,340522,9789,212189,1071800
736,457,496,340065,9750,212685,1067700
737,505,490,339560,9765,213175,1059200
738,483,490,339077,9758,213665,1063700
739,468,515,338609,9711,214180,1137200
740,443,467,338166,9687,214647,1194600
741,455,509,337711,9633,215156,1143000
742,474,503,337237,9604,215659,1082500
743,486,414,336751,9676,216073,1125300
744,477,476,336274,9677,216549,1091600
745,467,495,335807,9649,217044,1070600
746,461,511,335346,9599,217555,1076100
747,467,474,334879,9592,218029,1082800
748,473,490,334406,9575,218519,1091600
749,472,463,333934,9584,218982,1079200
750,516,496,333418,9604,219478,1075000
751,500,501,332918,9603,219979,1060200
752,537,470,332381,9670,220449,1147600
753,473,458,331908,9685,220907,1121300
754,499,489,331409,9695,221396,1140100
755,487,477,330922,9705,221873,1323300
756,502,443,330420,9764,222316,1087300
757,441,521,329979,9684,222837,1283200
758,447,491,329532,9640,223328,1091100
759,480,488,329052,9632,223816,1070900
760,454,460,328598,9626,224276,1066700
761,498,468,328100,9656,224744,1078900
762,447,479,327653,9624,225223,1069200
763,455,483,327198,9596,225706,1071400
764,452,464,326746,9584,226170,1067300
765,465,462,326281,9587,226632,1137400
766,481,492,325800,9576,227124,1302300
767,462,481,325338,9557,227605,1197700
768,468,497,324870,9528,228102,1170700
769,428,471,324442,9485,228573,1124300
770,460,456,323982,9489,229029,1183100
771,484,451,323498,9522,229480,1113400
772,543,505,322955,9560,229985,1112100
773,477,493,322478,9544,230478,1079900
774,481,460,321997,9565,230938,1101000
775,463,497,321534,9531,231435,1137200
776,472,491,321062,9512,231926,1091800
777,483,443,320579,9552,232369,1100000
778,453,465,320126,9540,232834,1135500
779,458,487,319668,9511,233321,1127800
780,513,482,319155,9542,233803,1274800
781,473,506,318682,9509,234309,1129000
782,485,472,318197,9522,234781,1143200
783,451,498,317746,9475,235279,1132000
784,458,480,317288,9453,235759,1119800
785,460,454,316828,9459,236213,1123500
786,452,460,316376,9451,236673,1110200
787,516,464,315860,9503,237137,1126500
788,428,461,315432,9470,237598,1140700
789,465,457,314967,9478,238055,1239300
790,482,452,314485,9508,238507,1174300
791,461,473,314024,9496,238980,1144100
792,474,483,313550,9487,239463,1155400
793,504,502,313046,9489,239965,1112000
794,486,480,312560,9495,240445,1126000
795,466,454,312094,9507,240899,1085900
796,489,482,311605,9514,241381,1073800
797,484,502,311121,9496,241883,1074300
798,456,483,310665,9469,242366,1073900
799,469,463,310196,9475,242829,1154500
800,459,478,309737,9456,243307,1089900
801,483,486,309254,9453,243793,1084900
802,442,467,308812,9428,244260,1059900
803,436,498,308376,9366,244758,1074000
804,478,474,307898,9370,245232,1126500
805,458,446,307440,9382,245678,1091800
806,446,475,306994,9353,246153,1088800
807,468,511,306526,9310,246664,1120600
808,471,442,306055,9339,247106,1279400
809,454,471,305601,9322,247577,1126600
810,504,464,305097,9362,248041,1191600
811,467,491,304630,9338,248532,1142000
812,479,504,304151,9313,249036,1143600
813,478,477,303673,9314,249513,1093900
814,435,511,303238,9238,250024,1113200
815,420,462,302818,9196,250486,1235600
816,446,433,302372,9209,250919,1091700
817,498,464,301874,9243,251383,1095800
818,463,484,301411,9222,251867,1087100
819,443,457,300968,9208,252324,1068100
820,454,488,300514,9174,252812,1115000
821,451,469,300063,9156,253281,1192000
822,429,465,299634,9120,253746,1142400
823,464,471,299170,9113,254217,1094200
824,466,473,298704,9106,254690,1209300
825,437,445,298267,9098,255135,1110700
826,463,462,297804,9099,255597,1089000
827,483,454,297321,9128,256051,1091100
828,487,478,296834,9137,256529,1094300
829,421,466,296413,9092,256995,1099100
830,445,482,295968,9055,257477,1109700
831,445,477,295523,9023,257954,1090000
832,481,431,295042,9073,258385,1085700
833,462,433,294580,9102,258818,1090600
834,497,441,294083,9158,259259,1060000
835,456,484,293627,9130,259743,1109200
836,479,445,293148,9164,260188,1087400
837,463,479,292685,9148,260667,1066500
838,511,450,292174,9209,261117,1067800
839,499,445,291675,9263,261562,1186300
840,471,475,291204,9259,262037,1081000
841,489,475,290715,9273,262512,1060400
842,477,475,290238,9275,262987,1059100
843,507,406,289731,9376,263393,1062100
844,499,460,289232,9415,263853,1084300
845,464,484,288768,9395,264337,1057700
846,463,447,288305,9411,264784,1091400
847,471,420,287834,9462,265204,1087000
848,497,479,287337,9480,265683,1083300
849,447,496,286890,9431,266179,1064900
850,450,451,286440,9430,266630,1183900
851,427,475,286013,9382,267105,1093800
852,462,465,285551,9379,267570,1088900
853,470,484,285081,9365,268054,1097900
854,416,496,284665,9285,268550,1078800
855,472,435,284193,9322,268985,1061200
856,423,472,283770,9273,269457,1091300
857,448,460,283322,9261,269917,1064800
858,426,469,282896,9218,270386,1078300
859,420,468,282476,9170,270854,1088400
860,440,466,282036,9144,271320,1085600
861,411,457,281625,9098,271777,1101000
862,442,455,281183,9085,272232,1113700
863,478,473,280705,9090,272705,1096200
864,434,440,280271,9084,273145,1132600
865,452,417,279819,9119,273562,1101900
866,455,418,279364,9156,273980,1166100
867,457,468,278907,9145,274448,1137800
868,498,426,278409,9217,274874,1084900
869,467,485,277942,9199,275359,1082500
870,471,440,277471,9230,275799,1361400
871,427,446,277044,9211,276245,1080700
872,477,413,276567,9275,276658,1073400
873,426,495,276141,9206,277153,1089400
874,483,446,275658,9243,277599,1116500
875,434,437,275224,9240,278036,1104300
876,456,442,274768,9254,278478,1119600
877,468,487,274300,9235,278965,1109100
878,452,446,273848,9241,279411,1158400
879,485,451,273363,9275,279862,1103700
880,429,448,272934,9256,280310,1057600
881,476,493,272458,9239,280803,1060900
882,469,490,271989,9218,281293,1088200
883,437,485,271552,9170,281778,1078400
884,470,448,271082,9192,282226,1074000
885,472,458,270610,9206,282684,1080800
886,439,447,270171,9198,283131,1071400
887,438,471,269733,9165,283602,1071100
888,451,442,269282,9174,284044,1092600
889,461,457,268821,9178,284501,1095700
890,456,426,268365,9208,284927,1077900
891,448,464,267917,9192,285391,1138000
892,438,490,267479,9140,285881,1087100
893,452,451,267027,9141,286332,1081900
894,454,485,266573,9110,286817,1085700
895,467,468,266106,9109,287285,1088200
896,454,461,265652,9102,287746,1102400
897,437,465,265215,9074,288211,1079300
898,461,436,264754,9099,288647,1073200
899,435,455,264319,9079,289102,1058600
900,450,426,263869,9103,289528,1097200
901,479,452,263390,9130,289980,1071200
902,469,521,262921,9078,290501,1293200
903,485,451,262436,9112,290952,1090600
904,490,488,261946,9114,291440,1115400
905,428,458,261518,9084,291898,1075000
906,477,479,261041,9082,292377,1104200
907,484,468,260557,9098,292845,1083000
908,467,458,260090,9107,293303,1092700
909,474,468,259616,9113,293771,1068000
910,455,461,259161,9107,294232,1079100
911,489,434,258672,9162,294666,1089900
912,484,477,258188,9169,295143,1083900
913,462,457,257726,9174,295600,1073200
914,482,469,257244,9187,296069,1070500
915,459,424,256785,9222,296493,1113000
916,472,432,256313,9262,296925,1078000
917,466,461,255847,9267,297386,1100600
918,436,470,255411,9233,297856,1085000
919,472,454,254939,9251,298310,1120600
920,465,467,254474,9249,298777,1199600
921,467,485,254007,9231,299262,1102200
922,445,451,253562,9225,299713,1084000
923,487,430,253075,9282,300143,1098400
924,477,476,252598,9283,300619,1094600
925,484,499,252114,9268,301118,1285100
926,434,449,251680,9253,301567,1139200
927,413,497,251267,9169,302064,1095700
928,485,481,250782,9173,302545,1084600
929,503,462,250279,9214,303007,1072100
930,440,495,249839,9159,303502,1112800
931,477,447,249362,9189,303949,1130700
932,483,443,248879,9229,304392,1167700
933,475,444,248404,9260,304836,1091200
934,437,448,247967,9249,305284,1326300
935,464,478,247503,9235,305762,1110500
936,464,454,247039,9245,306216,1090500
937,440,475,246599,9210,306691,1104200
938,444,436,246155,9218,307127,1098700
939,408,463,245747,9163,307590,1111200
940,440,462,245307,9141,308052,1084900
941,453,501,244854,9093,308553,1067600
942,483,489,244371,9087,309042,1073000
943,477,443,243894,9121,309485,1062800
944,464,460,243430,9125,309945,1123800
945,467,441,242963,9151,310386,1070400
946,461,426,242502,9186,310812,1086800
947,468,448,242034,9206,311260,1154100
948,473,450,241561,9229,311710,1149700
949,476,430,241085,9275,312140,1126200
950,451,452,240634,9274,312592,1105700
951,474,473,240160,9275,313065,1087700
952,450,473,239710,9252,313538,1139700
953,478,460,239232,9270,313998,1126400
954,452,484,238780,9238,314482,1079600
955,436,420,238344,9254,314902,1101100
956,440,439,237904,9255,315341,1112500
957,435,478,237469,9212,315819,1097400
958,461,489,237008,9184,316308,1099100
959,458,419,236550,9223,316727,1093900
960,474,474,236076,9223,317201,1093900
961,460,476,235616,9207,317677,1168200
962,476,478,235140,9205,318155,1110200
963,460,448,234680,9217,318603,1109000
964,478,467,234202,9228,319070,1103900
965,445,460,233757,9213,319530,1188700
966,476,483,233281,9206,320013,1101900
967,456,413,232825,9249,320426,1137800
968,482,434,232343,9297,320860,1108200
969,487,447,231856,9337,321307,1082600
970,465,479,231391,9323,321786,1079700
971,477,467,230914,9333,322253,1087600
972,479,475,230435,9337,322728,1074500
973,455,458,229980,9334,323186,1086800
974,514,474,229466,9374,323660,1089700
975,460,491,229006,9343,324151,1197700
976,488,474,228518,9357,324625,1131300
977,483,527,228035,9313,325152,1134200
978,483,480,227552,9316,325632,1422500
979,477,479,227075,9314,326111,1148700
980,471,433,226604,9352,326544,1107000
981,475,482,226129,9345,327026,1138400
982,477,401,225652,9421,327427,1205500
983,505,466,225147,9460,327893,1127900
984,496,483,224651,9473,328376,1153300
985,499,511,224152,9461,328887,1135900
986,503,456,223649,9508,329343,1114500
987,489,463,223160,9534,329806,1079500
988,492,491,222668,9535,330297,1107100
989,463,486,222205,9512,330783,1230300
990,493,476,221712,9529,331259,1090200
991,462,473,221250,9518,331732,1112100
992,490,431,220760,9577,332163,1111500
993,502,488,220258,9591,332651,1135400
994,497,437,219761,9651,333088,1093500
995,464,476,219297,9639,333564,1101100
996,491,470,218806,9660,334034,1136400
997,492,489,218314,9663,334523,1170900
998,468,497,217846,9634,335020,1115600
999,456,507,217390,9583,335527,1127900
1000,463,487,216927,9559,336014,1107900
1001,476,451,216451,9584,336465,1091600
1002,487,469,215964,9602,336934,1143500
1003,512,444,215452,9670,337378,1109300
1004,508,506,214944,9672,337884,1139000
1005,461,485,214483,9648,338369,1093500
1006,474,466,214009,9656,338835,1080200
1007,418,454,213591,9620,339289,1112400
1008,464,427,213127,9657,339716,1114200
1009,446,508,212681,9595,340224,1216400
1010,465,504,212216,9556,340728,1135800
1011,457,473,211759,9540,341201,1096500
1012,411,487,211348,9464,341688,1112000
1013,448,463,210900,9449,342151,1098700
1014,459,502,210441,9406,342653,1126000
1015,469,471,209972,9404,343124,1092200
1016,454,507,209518,9351,343631,1164900
1017,468,470,209050,9349,344101,1204400
1018,421,460,208629,9310,344561,1104500
1019,446,465,208183,9291,345026,1170700
1020,432,457,207751,9266,345483,1094800
1021,445,459,207306,9252,345942,1074500
1022,457,519,206849,9190,346461,1085800
1023,476,459,206373,9207,346920,1093200
1024,467,439,205906,9235,347359,1247400
1025,486,466,205420,9255,347825,1095600
1026,446,467,204974,9234,348292,1097200
1027,477,465,204497,9246,348757,1070500
1028,476,438,204021,9284,349195,1252200
1029,490,448,203531,9326,349643,1091400
1030,497,493,203034,9330,350136,1098900
1031,467,516,202567,9281,350652,1087000
1032,458,446,202109,9293,351098,1067600
1033,458,469,201651,9282,351567,1122500
1034,486,464,201165,9304,352031,1090200
1035,484,464,200681,9324,352495,1104500
1036,487,467,200194,9344,352962,1075700
1037,483,471,199711,9356,353433,1089600
1038,442,457,199269,9341,353890,1102000
1039,425,464,198844,9302,354354,1113700
1040,461,445,198383,9318,354799,1095600
1041,470,421,197913,9367,355220,1083300
1042,477,493,197436,9351,355713,1093000
1043,429,418,197007,9362,356131,1391700
1044,456,486,196551,9332,356617,1184800
1045,445,483,196106,9294,357100,1110300
1046,450,449,195656,9295,357549,1092800
1047,417,421,195239,9291,357970,1110900
1048,455,452,194784,9294,358422,1089500
1049,468,476,194316,9286,358898,1084500
1050,447,477,193869,9256,359375,1105100
1051,459,446,193410,9269,359821,1086200
1052,408,440,193002,9237,360261,1084500
1053,448,455,192554,9230,360716,1100500
1054,419,484,192135,9165,361200,1109400
1055,427,471,191708,9121,361671,1123500
1056,433,460,191275,9094,362131,1107300
1057,413,459,190862,9048,362590,1100200
1058,414,418,190448,9044,363008,1119500
1059,424,447,190024,9021,363455,1112400
1060,454,406,189570,9069,363861,1084800
1061,438,428,189132,9079,364289,1108100
1062,449,434,188683,9094,364723,1129500
1063,431,464,188252,9061,365187,1092800
1064,389,486,187863,8964,365673,1092600
1065,456,459,187407,8961,366132,1110100
1066,426,441,186981,8946,366573,1095200
1067,447,459,186534,8934,367032,1122300
1068,440,442,186094,8932,367474,1116700
1069,439,397,185655,8974,367871,1129500
1070,417,437,185238,8954,368308,1160800
1071,432,425,184806,8961,368733,1140300
1072,444,399,184362,9006,369132,1145500
1073,451,432,183911,9025,369564,1163300
1074,437,450,183474,9012,370014,1176300
1075,471,455,183003,9028,370469,1108200
1076,484,453,182519,9059,370922,1102000
1077,446,438,182073,9067,371360,1155600
1078,435,465,181638,9037,371825,1129300
1079,448,433,181190,9052,372258,1182900
1080,432,465,180758,9019,372723,1123700
1081,441,426,180317,9034,373149,1109200
1082,473,439,179844,9068,373588,1099500
1083,448,468,179396,9048,374056,1092500
1084,419,497,178977,8970,374553,1073400
1085,437,455,178540,8952,375008,1124500
1086,449,468,178091,8933,375476,1096600
1087,467,434,177624,8966,375910,1093800
1088,455,451,177169,8970,376361,1106000
1089,421,432,176748,8959,376793,1128800
1090,476,444,176272,8991,377237,1064300
1091,430,447,175842,8974,377684,1127500
1092,452,453,175390,8973,378137,1154200
1093,413,443,174977,8943,378580,1131400
1094,430,490,174547,8883,379070,1100800
1095,421,452,174126,8852,379522,1182100
1096,443,442,173683,8853,379964,1132500
1097,462,442,173221,8873,380406,1088500
1098,449,436,172772,8886,380842,1111500
1099,432,459,172340,8859,381301,1312000
1100,399,474,171941,8784,381775,1189200
1101,430,427,171511,8787,382202,1116000
1102,453,428,171058,8812,382630,1203100
1103,450,447,170608,8815,383077,1120300
1104,468,413,170140,8870,383490,1159500
1105,439,436,169701,8873,383926,1073500
1106,396,432,169305,8837,384358,1109700
1107,404,438,168901,8803,384796,1128400
1108,460,423,168441,8840,385219,1120500
1109,425,440,168016,8825,385659,1119500
1110,435,428,167581,8832,386087,1098700
1111,419,445,167162,8806,386532,1164900
1112,426,437,166736,8795,386969,1018900
1113,463,434,166273,8824,387403,1078600
1114,446,451,165827,8819,387854,1013900
1115,426,454,165401,8791,388308,1007100
1116,417,461,164984,8747,388769,1026200
1117,456,411,164528,8792,389180,998600
1118,426,433,164102,8785,389613,1032100
1119,397,426,163705,8756,390039,1006300
1120,422,433,163283,8745,390472,1002100
1121,426,456,162857,8715,390928,1006000
1122,461,442,162396,8734,391370,1008600
1123,432,426,161964,8740,391796,1013400
1124,405,414,161559,8731,392210,1010700
1125,418,429,161141,8720,392639,1358600
1126,429,430,160712,8719,393069,1019100
1127,405,434,160307,8690,393503,1037900
1128,423,460,159884,8653,393963,1066000
1129,426,429,159458,8650,394392,1040200
1130,404,455,159054,8599,394847,1057000
1131,443,433,158611,8609,395280,1035700
1132,428,435,158183,8602,395715,1035500
1133,424,402,157759,8624,396117,1033000
1134,417,423,157342,8618,396540,1026900
1135,429,444,156913,8603,396984,1032500
1136,429,424,156484,8608,397408,1034200
1137,429,424,156055,8613,397832,1031200
1138,450,417,155605,8646,398249,1026200
1139,428,420,155177,8654,398669,1030600
1140,432,443,154745,8643,399112,1033600
1141,441,454,154304,8630,399566,1032000
1142,448,445,153856,8633,400011,1026000
1143,443,423,153413,8653,400434,1027200
1144,451,381,152962,8723,400815,1379000
1145,452,481,152510,8694,401296,1066800
1146,450,432,152060,8712,401728,1025900
1147,398,422,151662,8688,402150,1024500
1148,414,432,151248,8670,402582,1040600
1149,457,412,150791,8715,402994,1042600
1150,421,409,150370,8727,403403,1036200
1151,448,417,149922,8758,403820,1039600
1152,453,445,149469,8766,404265,1047700
1153,446,430,149023,8782,404695,1039400
1154,447,441,148576,8788,405136,1042800
1155,437,451,148139,8774,405587,1044300
1156,425,423,147714,8776,406010,1042300
1157,440,390,147274,8826,406400,1040100
1158,446,463,146828,8809,406863,1120200
1159,463,418,146365,8854,407281,1116600
1160,452,442,145913,8864,407723,1102600
1161,415,444,145498,8835,408167,1064300
1162,431,439,145067,8827,408606,1013600
1163,422,435,144645,8814,409041,1009000
1164,408,432,144237,8790,409473,1001200
1165,416,439,143821,8767,409912,1128200
1166,429,446,143392,8750,410358,1102500
1167,456,445,142936,8761,410803,1041300
1168,439,403,142497,8797,411206,1008200
1169,428,443,142069,8782,411649,1044100
1170,411,441,141658,8752,412090,1148900
1171,396,461,141262,8687,412551,1015600
1172,438,441,140824,8684,412992,1057200
1173,390,434,140434,8640,413426,1084000
1174,447,449,139987,8638,413875,1016400
1175,429,431,139558,8636,414306,1001600
1176,407,439,139151,8604,414745,1005000
1177,391,458,138760,8537,415203,1005100
1178,401,402,138359,8536,415605,999900
1179,408,434,137951,8510,416039,1002000
1180,394,425,137557,8479,416464,1006700
1181,393,433,137164,8439,416897,1015900
1182,376,456,136788,8359,417353,1002900
1183,365,428,136423,8296,417781,1002700
1184,399,416,136024,8279,418197,1003900
1185,381,405,135643,8255,418602,993200
1186,374,421,135269,8208,419023,999300
1187,344,409,134925,8143,419432,998900
1188,383,438,134542,8088,419870,1114100
1189,362,402,134180,8048,420272,1025800
1190,363,444,133817,7967,420716,1034000
1191,368,412,133449,7923,421128,992100
1192,419,378,133030,7964,421506,996700
1193,352,404,132678,7912,421910,993400
1194,371,404,132307,7879,422314,1026600
1195,368,362,131939,7885,422676,1019600
1196,357,347,131582,7895,423023,1023500
1197,384,359,131198,7920,423382,1020400
1198,371,401,130827,7890,423783,1023500
1199,353,428,130474,7815,424211,1017900
1200,358,398,130116,7775,424609,1025400
1201,366,367,129750,7774,424976,1019700
1202,372,391,129378,7755,425367,1023300
1203,366,405,129012,7716,425772,1030600
1204,357,387,128655,7686,426159,1255700
1205,351,389,128304,7648,426548,1269400
1206,340,426,127964,7562,426974,1190700
1207,347,358,127617,7551,427332,1074400
1208,346,401,127271,7496,427733,1032300
1209,372,382,126899,7486,428115,1060900
1210,354,361,126545,7479,428476,1049700
1211,390,391,126155,7478,428867,1022400
1212,335,378,125820,7435,429245,1022800
1213,351,357,125469,7429,429602,1018100
1214,374,362,125095,7441,429964,1027200
1215,359,380,124736,7420,430344,1028800
1216,364,361,124372,7423,430705,1024200
1217,369,363,124003,7429,431068,1025800
1218,388,373,123615,7444,431441,1064400
1219,377,381,123238,7440,431822,1043100
1220,387,351,122851,7476,432173,1048400
1221,327,354,122524,7449,432527,1059800
1222,371,370,122153,7450,432897,1006300
1223,363,387,121790,7426,433284,1030500
1224,367,400,121423,7393,433684,1037400
1225,343,328,121080,7408,434012,1044100
1226,370,407,120710,7371,434419,1010300
1227,342,383,120368,7330,434802,1034000
1228,356,388,120012,7298,435190,1011100
1229,360,373,119652,7285,435563,1040200
1230,331,390,119321,7226,435953,1057200
1231,354,380,118967,7200,436333,1032400
1232,317,370,118650,7147,436703,1036800
1233,344,361,118306,7130,437064,1009100
1234,327,359,117979,7098,437423,1077900
1235,345,305,117634,7138,437728,1001800
1236,343,354,117291,7127,438082,1007100
1237,353,345,116938,7135,438427,1020800
1238,343,358,116595,7120,438785,1148300
1239,345,349,116250,7116,439134,1041800
1240,340,356,115910,7100,439490,1015900
1241,354,363,115556,7091,439853,1026300
1242,343,336,115213,7098,440189,1023600
1243,347,361,114866,7084,440550,1025900
1244,342,345,114524,7081,440895,1026400
1245,352,344,114172,7089,441239,1037500
1246,298,327,113874,7060,441566,1034300
1247,343,351,113531,7052,441917,1061700
1248,353,380,113178,7025,442297,1044900
1249,315,357,112863,6983,442654,1020400
1250,339,347,112524,6975,443001,1032500
1251,353,341,112171,6987,443342,1029900
1252,337,361,111834,6963,443703,1028200
1253,340,391,111494,6912,444094,1025600
1254,346,369,111148,6889,444463,1030100
1255,308,325,110840,6872,444788,1028600
1256,336,321,110504,6887,445109,1026400
1257,329,351,110175,6865,445460,1028700
1258,328,367,109847,6826,445827,1023600
1259,327,328,109520,6825,446155,1010600
1260,330,369,109190,6786,446524,1040400
1261,307,327,108883,6766,446851,996700
1262,311,351,108572,6726,447202,1016200
1263,339,298,108233,6767,447500,1025300
1264,346,347,107887,6766,447847,1037900
1265,336,336,107551,6766,448183,997400
1266,310,316,107241,6760,448499,991100
1267,358,334,106883,6784,448833,1005100
1268,289,341,106594,6732,449174,998500
1269,308,338,106286,6702,449512,999100
1270,342,358,105944,6686,449870,999900
1271,332,341,105612,6677,450211,999200
1272,328,354,105284,6651,450565,1000700
1273,296,303,104988,6644,450868,998000
1274,288,345,104700,6587,451213,1000500
1275,328,312,104372,6603,451525,1008600
1276,355,326,104017,6632,451851,1003500
1277,322,291,103695,6663,452142,1042700
1278,303,345,103392,6621,452487,1023800
1279,300,332,103092,6589,452819,1003300
1280,310,320,102782,6579,453139,1000000
1281,292,308,102490,6563,453447,1006600
1282,299,309,102191,6553,453756,1063700
1283,299,331,101892,6521,454087,1003300
1284,324,324,101568,6521,454411,999600
1285,354,308,101214,6567,454719,1008000
1286,306,347,100908,6526,455066,1043900
1287,306,327,100602,6505,455393,1031300
1288,298,331,100304,6472,455724,1004800
1289,336,314,99968,6494,456038,1086400
1290,296,317,99672,6473,456355,1012700
1291,301,305,99371,6469,456660,1039500
1292,326,313,99045,6482,456973,1086700
1293,315,314,98730,6483,457287,1011900
1294,316,318,98414,6481,457605,1048300
1295,318,317,98096,6482,457922,1007800
1296,332,344,97764,6470,458266,1010400
1297,328,306,97436,6492,458572,1003300
1298,295,284,97141,6503,458856,1100800
1299,327,298,96814,6532,459154,1003300
1300,306,344,96508,6494,459498,1006900
1301,291,324,96217,6461,459822,1010000
1302,304,333,95913,6432,460155,1001200
1303,312,330,95601,6414,460485,1013800
1304,322,330,95279,6406,460815,1006300
1305,280,346,94999,6340,461161,997300
1306,300,321,94699,6319,461482,1005400
1307,296,316,94403,6299,461798,1009400
1308,259,308,94144,6250,462106,1148400
1309,291,298,93853,6243,462404,1066200
1310,313,317,93540,6239,462721,1011300
1311,300,322,93240,6217,463043,998300
1312,273,317,92967,6173,463360,1015200
1313,318,320,92649,6171,463680,1000600
1314,289,309,92360,6151,463989,1004700
1315,314,317,92046,6148,464306,1006800
1316,324,298,91722,6174,464604,1039400
1317,295,318,91427,6151,464922,1094500
1318,299,321,91128,6129,465243,1031400
1319,304,268,90824,6165,465511,1017200
1320,279,304,90545,6140,465815,1007300
1321,295,292,90250,6143,466107,1030500
1322,301,278,89949,6166,466385,1069600
1323,317,290,89632,6193,466675,1065600
1324,302,289,89330,6206,466964,1040900
1325,299,311,89031,6194,467275,1048500
1326,319,306,88712,6207,467581,1038100
1327,314,329,88398,6192,467910,1040200
1328,291,312,88107,6171,468222,1039700
1329,316,310,87791,6177,468532,1041300
1330,289,304,87502,6162,468836,1005400
1331,296,324,87206,6134,469160,1038700
1332,303,308,86903,6129,469468,1019700
1333,306,325,86597,6110,469793,1038800
1334,312,307,86285,6115,470100,1032900
1335,289,331,85996,6073,470431,1036500
1336,252,296,85744,6029,470727,1032600
1337,307,279,85437,6057,471006,1030500
1338,286,325,85151,6018,471331,1054700
1339,297,290,84854,6025,471621,1065400
1340,309,304,84545,6030,471925,1087500
1341,298,293,84247,6035,472218,1104300
1342,299,309,83948,6025,472527,1062400
1343,301,308,83647,6018,472835,1019500
1344,280,318,83367,5980,473153,1011000
1345,299,279,83068,6000,473432,1004100
1346,305,295,82763,6010,473727,1002600
1347,288,278,82475,6020,474005,1011600
1348,295,289,82180,6026,474294,1020100
1349,256,285,81924,5997,474579,1009600
1350,294,310,81630,5981,474889,1249700
1351,257,326,81373,5912,475215,1026900
1352,280,300,81093,5892,475515,1039600
1353,281,282,80812,5891,475797,1062700
1354,304,284,80508,5911,476081,1079600
1355,249,283,80259,5877,476364,1044000
1356,230,317,80029,5790,476681,1008100
1357,256,283,79773,5763,476964,1006800
1358,272,293,79501,5742,477257,1063400
1359,244,271,79257,5715,477528,1008200
1360,268,258,78989,5725,477786,1002600
1361,261,290,78728,5696,478076,1011500
1362,262,310,78466,5648,478386,1047100
1363,265,292,78201,5621,478678,1007100
1364,244,267,77957,5598,478945,998100
1365,251,279,77706,5570,479224,1074100
1366,246,282,77460,5534,479506,1008400
1367,245,274,77215,5505,479780,1035500
1368,243,293,76972,5455,480073,1080400
1369,238,281,76734,5412,480354,1005500
1370,261,294,76473,5379,480648,1003600
1371,238,247,76235,5370,480895,1238300
1372,236,252,75999,5354,481147,1110300
1373,249,239,75750,5364,481386,1011500
1374,239,243,75511,5360,481629,1015400
1375,273,294,75238,5339,481923,1009000
1376,242,273,74996,5308,482196,1002100
1377,249,281,74747,5276,482477,998600
1378,210,281,74537,5205,482758,996100
1379,272,264,74265,5213,483022,998700
1380,240,253,74025,5200,483275,995600
1381,234,268,73791,5166,483543,1001000
1382,281,239,73510,5208,483782,995100
1383,223,268,73287,5163,484050,1045500
1384,228,273,73059,5118,484323,1003800
1385,233,292,72826,5059,484615,1001400
1386,239,232,72587,5066,484847,992000
1387,231,271,72356,5026,485118,1002100
1388,237,248,72119,5015,485366,1007500
1389,253,236,71866,5032,485602,997900
1390,237,228,71629,5041,485830,1012500
1391,236,295,71393,4982,486125,1043500
1392,251,237,71142,4996,486362,1056100
1393,217,251,70925,4962,486613,1000300
1394,257,242,70668,4977,486855,993800
1395,224,238,70444,4963,487093,1119000
1396,220,258,70224,4925,487351,1032800
1397,215,252,70009,4888,487603,1031700
1398,231,221,69778,4898,487824,1062800
1399,256,243,69522,4911,488067,1121900
1400,227,237,69295,4901,488304,1030000
1401,230,249,69065,4882,488553,989100
1402,265,251,68800,4896,488804,1000500
1403,212,246,68588,4862,489050,994800
1404,246,230,68342,4878,489280,991500
1405,236,266,68106,4848,489546,1010300
1406,228,254,67878,4822,489800,1025900
1407,256,235,67622,4843,490035,1021800
1408,233,247,67389,4829,490282,1022500
1409,209,258,67180,4780,490540,1020100
1410,229,227,66951,4782,490767,1014300
1411,241,215,66710,4808,490982,1011000
1412,262,280,66448,4790,491262,1013400
1413,205,249,66243,4746,491511,1011000
1414,239,227,66004,4758,491738,1087300
1415,196,235,65808,4719,491973,1072700
1416,206,251,65602,4674,492224,996900
1417,228,228,65374,4674,492452,1082600
1418,229,246,65145,4657,492698,1029300
1419,260,240,64885,4677,492938,1029200
1420,228,244,64657,4661,493182,987100
1421,203,244,64454,4620,493426,1019200
1422,231,190,64223,4661,493616,1038800
1423,213,220,64010,4654,493836,1020000
1424,220,245,63790,4629,494081,1010700
1425,212,234,63578,4607,494315,1019200
1426,228,215,63350,4620,494530,1056200
1427,225,220,63125,4625,494750,1019900
1428,222,219,62903,4628,494969,1050500
1429,249,229,62654,4648,495198,1038000
1430,229,245,62425,4632,495443,1026200
1431,233,230,62192,4635,495673,1027200
1432,215,253,61977,4597,495926,1018900
1433,221,215,61756,4603,496141,1092400
1434,217,241,61539,4579,496382,1020500
1435,199,222,61340,4556,496604,1018400
1436,217,239,61123,4534,496843,1014000
1437,213,232,60910,4515,497075,1015600
1438,225,221,60685,4519,497296,1016000
1439,225,229,60460,4515,497525,1020300
1440,222,213,60238,4524,497738,1024300
1441,223,234,60015,4513,497972,1018200
1442,219,209,59796,4523,498181,1015000
1443,218,225,59578,4516,498406,1011400
1444,234,238,59344,4512,498644,1037100
1445,225,234,59119,4503,498878,1019200
1446,196,240,58923,4459,499118,1010300
1447,218,232,58705,4445,499350,982100
1448,206,213,58499,4438,499563,1015600
1449,229,203,58270,4464,499766,981600
1450,213,214,58057,4463,499980,981100
1451,221,205,57836,4479,500185,975600
1452,233,210,57603,4502,500395,1185300
1453,204,238,57399,4468,500633,996000
1454,224,237,57175,4455,500870,976900
1455,242,209,56933,4488,501079,984000
1456,214,222,56719,4480,501301,981100
1457,242,215,56477,4507,501516,1032000
1458,226,226,56251,4507,501742,1017500
1459,197,206,56054,4498,501948,1042200
1460,194,214,55860,4478,502162,995100
1461,203,220,55657,4461,502382,979500
1462,211,211,55446,4461,502593,1003600
1463,202,212,55244,4451,502805,980000
1464,209,219,55035,4441,503024,980300
1465,209,222,54826,4428,503246,1018200
1466,211,245,54615,4394,503491,982300
1467,226,222,54389,4398,503713,1010600
1468,203,191,54186,4410,503904,1010700
1469,219,231,53967,4398,504135,1018800
1470,202,222,53765,4378,504357,1021100
1471,225,233,53540,4370,504590,1011800
1472,194,234,53346,4330,504824,1036600
1473,210,226,53136,4314,505050,1062200
1474,192,200,52944,4306,505250,1036200
1475,218,210,52726,4314,505460,1017700
1476,221,221,52505,4314,505681,1073300
1477,206,220,52299,4300,505901,1024700
1478,198,213,52101,4285,506114,994500
1479,209,228,51892,4266,506342,1022200
1480,226,217,51666,4275,506559,1028300
1481,197,206,51469,4266,506765,1009900
1482,197,212,51272,4251,506977,1070000
1483,218,201,51054,4268,507178,1011600
1484,227,208,50827,4287,507386,981300
1485,203,216,50624,4274,507602,1012900
1486,200,241,50424,4233,507843,1010200
1487,225,193,50199,4265,508036,1032600
1488,233,228,49966,4270,508264,1044900
1489,207,204,49759,4273,508468,1006600
1490,205,194,49554,4284,508662,1013500
1491,199,212,49355,4271,508874,1025800
1492,231,208,49124,4294,509082,1016000
1493,213,217,48911,4290,509299,1016000
1494,209,226,48702,4273,509525,999900
1495,191,224,48511,4240,509749,999600
1496,204,216,48307,4228,509965,1016000
1497,212,227,48095,4213,510192,1013900
1498,187,203,47908,4197,510395,1009500
1499,206,196,47702,4207,510591,997300
1500,200,208,47502,4199,510799,1001700
1501,209,205,47293,4203,511004,994200
1502,216,222,47077,4197,511226,1015500
1503,221,226,46856,4192,511452,978300
1504,207,189,46649,4210,511641,1034900
1505,202,201,46447,4211,511842,996300
1506,186,236,46261,4161,512078,981600
1507,181,210,46080,4132,512288,982800
1508,190,204,45890,4118,512492,971000
1509,187,188,45703,4117,512680,965900
1510,175,204,45528,4088,512884,974800
1511,189,201,45339,4076,513085,1053900
1512,175,205,45164,4046,513290,980800
1513,185,222,44979,4009,513512,1003800
1514,207,203,44772,4013,513715,1178700
1515,186,198,44586,4001,513913,1077700
1516,173,207,44413,3967,514120,1042500
1517,163,194,44250,3936,514314,977700
1518,184,205,44066,3915,514519,973200
1519,193,208,43873,3900,514727,1001500
1520,189,205,43684,3884,514932,968500
1521,166,173,43518,3877,515105,962500
1522,161,211,43357,3827,515316,980100
1523,198,196,43159,3829,515512,1004600
1524,204,198,42955,3835,515710,997600
1525,175,186,42780,3824,515896,1002800
1526,160,199,42620,3785,516095,1001200
1527,171,168,42449,3788,516263,994500
1528,180,155,42269,3813,516418,996200
1529,182,192,42087,3803,516610,999100
1530,175,210,41912,3768,516820,1001000
1531,187,192,41725,3763,517012,995800
1532,169,196,41556,3736,517208,993400
1533,175,190,41381,3721,517398,995600
1534,159,199,41222,3681,517597,994100
1535,159,208,41063,3632,517805,1023400
1536,161,192,40902,3601,517997,1240500
1537,140,184,40762,3557,518181,1035500
1538,159,179,40603,3537,518360,1025700
1539,171,177,40432,3531,518537,1014000
1540,160,192,40272,3499,518729,1009400
1541,175,173,40097,3501,518902,1004300
1542,159,200,39938,3460,519102,1008400
1543,150,200,39788,3410,519302,1002500
1544,152,165,39636,3397,519467,1004000
1545,176,169,39460,3404,519636,1017900
1546,174,188,39286,3390,519824,1008400
1547,163,180,39123,3373,520004,1007700
1548,174,167,38949,3380,520171,981900
1549,153,160,38796,3373,520331,1004100
1550,136,166,38660,3343,520497,1007500
1551,154,145,38506,3352,520642,998800
1552,156,159,38350,3349,520801,991700
1553,147,166,38203,3330,520967,998100
1554,171,167,38032,3334,521134,986000
1555,173,168,37859,3339,521302,993400
1556,188,179,37671,3348,521481,1002500
1557,147,182,37524,3313,521663,999000
1558,144,173,37380,3284,521836,1014600
1559,149,174,37231,3259,522010,998900
1560,167,185,37064,3241,522195,1203300
1561,160,152,36904,3249,522347,1022700
1562,171,163,36733,3257,522510,1009400
1563,181,134,36552,3304,522644,989200
1564,151,159,36401,3296,522803,1100900
1565,164,172,36237,3288,522975,1043800
1566,163,170,36074,3281,523145,1023500
1567,161,150,35913,3292,523295,1003100
1568,186,164,35727,3314,523459,969300
1569,179,157,35548,3336,523616,1006300
1570,166,186,35382,3316,523802,1032000
1571,153,198,35229,3271,524000,1004600
1572,140,166,35089,3245,524166,1179700
1573,152,176,34937,3221,524342,1028100
1574,153,159,34784,3215,524501,1012600
1575,153,166,34631,3202,524667,969100
1576,137,151,34494,3188,524818,1019400
1577,165,163,34329,3190,524981,1006000
1578,143,144,34186,3189,525125,1007800
1579,147,181,34039,3155,525306,987300
1580,137,171,33902,3121,525477,1282300
1581,140,158,33762,3103,525635,1219700
1582,150,152,33612,3101,525787,1104500
1583,137,167,33475,3071,525954,991600
1584,142,162,33333,3051,526116,1024100
1585,132,140,33201,3043,526256,1030900
1586,122,161,33079,3004,526417,1009800
1587,136,135,32943,3005,526552,988100
1588,139,138,32804,3006,526690,994500
1589,154,136,32650,3024,526826,963800
1590,157,171,32493,3010,526997,1010900
1591,104,170,32389,2944,527167,1014400
1592,126,170,32263,2900,527337,980900
1593,131,148,32132,2883,527485,1004100
1594,147,137,31985,2893,527622,1008200
1595,119,134,31866,2878,527756,999000
1596,121,145,31745,2854,527901,965600
1597,149,126,31596,2877,528027,1013900
1598,141,136,31455,2882,528163,993500
1599,146,159,31309,2869,528322,1019100
1600,139,150,31170,2858,528472,1011400
1601,141,135,31029,2864,528607,989700
1602,141,127,30888,2878,528734,1043100
1603,143,161,30745,2860,528895,976200
1604,148,141,30597,2867,529036,988500
1605,130,149,30467,2848,529185,1029500
1606,135,143,30332,2840,529328,991200
1607,118,152,30214,2806,529480,1005500
1608,136,156,30078,2786,529636,984800
1609,130,140,29948,2776,529776,1020300
1610,128,145,29820,2759,529921,984000
1611,162,144,29658,2777,530065,986300
1612,126,139,29532,2764,530204,967200
1613,142,135,29390,2771,530339,981900
1614,131,146,29259,2756,530485,1035300
1615,151,145,29108,2762,530630,988900
1616,130,143,28978,2749,530773,987600
1617,125,148,28853,2726,530921,997600
1618,147,119,28706,2754,531040,1003600
1619,121,147,28585,2728,531187,1016600
1620,158,135,28427,2751,531322,989300
1621,120,121,28307,2750,531443,994500
1622,144,128,28163,2766,531571,1010100
1623,155,131,28008,2790,531702,1090000
1624,124,157,27884,2757,531859,1004600
1625,123,134,27761,2746,531993,1073000
1626,124,135,27637,2735,532128,1002400
1627,126,124,27511,2737,532252,993000
1628,146,109,27365,2774,532361,970400
1629,114,136,27251,2752,532497,1002600
1630,151,157,27100,2746,532654,993200
1631,124,152,26976,2718,532806,984200
1632,110,134,26866,2694,532940,990800
1633,131,138,26735,2687,533078,984300
1634,143,111,26592,2719,533189,1002800
1635,126,115,26466,2730,533304,979700
1636,133,135,26333,2728,533439,977800
1637,142,128,26191,2742,533567,976100
1638,127,135,26064,2734,533702,991800
1639,134,133,25930,2735,533835,1038300
1640,120,153,25810,2702,533988,995200
1641,154,142,25656,2714,534130,1027800
1642,128,132,25528,2710,534262,993100
1643,131,129,25397,2712,534391,956300
1644,141,132,25256,2721,534523,992800
1645,127,137,25129,2711,534660,962300
1646,124,128,25005,2707,534788,958200
1647,105,132,24900,2680,534920,965500
1648,118,117,24782,2681,535037,986600
1649,119,130,24663,2670,535167,990200
1650,105,149,24558,2626,535316,1102300
1651,119,140,24439,2605,535456,1016800
1652,114,112,24325,2607,535568,975400
1653,135,132,24190,2610,535700,994300
1654,116,123,24074,2603,535823,983800
1655,120,121,23954,2602,535944,1051800
1656,103,156,23851,2549,536100,1205300
1657,114,117,23737,2546,536217,1030800
1658,121,133,23616,2534,536350,1015300
1659,114,124,23502,2524,536474,993200
1660,94,120,23408,2498,536594,987100
1661,110,143,23298,2465,536737,992800
1662,110,136,23188,2439,536873,998400
1663,108,136,23080,2411,537009,972300
1664,107,127,22973,2391,537136,984000
1665,113,135,22860,2369,537271,969100
1666,94,110,22766,2353,537381,994800
1667,112,109,22654,2356,537490,965800
1668,110,108,22544,2358,537598,1002600
1669,117,114,22427,2361,537712,984800
1670,112,119,22315,2354,537831,983200
1671,136,102,22179,2388,537933,975300
1672,117,116,22062,2389,538049,1118300
1673,113,122,21949,2380,538171,998800
1674,96,124,21853,2352,538295,982500
1675,108,90,21745,2370,538385,993000
1676,107,122,21638,2355,538507,1044300
1677,85,122,21553,2318,538629,977000
1678,105,113,21448,2310,538742,998000
1679,103,101,21345,2312,538843,983600
1680,98,98,21247,2312,538941,1002400
1681,102,117,21145,2297,539058,1022300
1682,94,123,21051,2268,539181,978900
1683,95,116,20956,2247,539297,956800
1684,94,117,20862,2224,539414,981000
1685,81,116,20781,2189,539530,986200
1686,97,108,20684,2178,539638,950600
1687,98,97,20586,2179,539735,1003300
1688,96,107,20490,2168,539842,1154500
1689,109,98,20381,2179,539940,999300
1690,103,99,20278,2183,540039,983200
1691,99,94,20179,2188,540133,995700
1692,97,117,20082,2168,540250,952300
1693,94,120,19988,2142,540370,984100
1694,78,83,19910,2137,540453,975400
1695,105,111,19805,2131,540564,1008400
1696,85,123,19720,2093,540687,1283800
1697,83,101,19637,2075,540788,959300
1698,88,106,19549,2057,540894,972500
1699,79,103,19470,2033,540997,1014700
1700,85,105,19385,2013,541102,1248300
1701,92,88,19293,2017,541190,1017700
1702,98,95,19195,2020,541285,966700
1703,85,120,19110,1985,541405,980300
1704,89,110,19021,1964,541515,1093700
1705,87,76,18934,1975,541591,982200
1706,85,88,18849,1972,541679,942900
1707,74,94,18775,1952,541773,930500
1708,76,105,18699,1923,541878,931200
1709,76,96,18623,1903,541974,958300
1710,71,97,18552,1877,542071,957200
1711,74,108,18478,1843,542179,961900
1712,82,93,18396,1832,542272,952200
1713,72,94,18324,1810,542366,954200
1714,64,90,18260,1784,542456,1008200
1715,68,96,18192,1756,542552,950500
1716,63,107,18129,1712,542659,958300
1717,72,85,18057,1699,542744,1284400
1718,72,86,17985,1685,542830,1015000
1719,62,78,17923,1669,542908,985200
1720,67,83,17856,1653,542991,1032600
1721,74,72,17782,1655,543063,968500
1722,63,81,17719,1637,543144,969300
1723,65,73,17654,1629,543217,1303600
1724,71,73,17583,1627,543290,976000
1725,70,101,17513,1596,543391,971400
1726,60,80,17453,1576,543471,976100
1727,79,89,17374,1566,543560,973600
1728,71,75,17303,1562,543635,973800
1729,71,86,17232,1547,543721,976000
1730,66,80,17166,1533,543801,1182900
1731,61,71,17105,1523,543872,975200
1732,64,66,17041,1521,543938,1071600
1733,84,72,16957,1533,544010,1017500
1734,91,80,16866,1544,544090,1077000
1735,88,79,16778,1553,544169,976500
1736,64,83,16714,1534,544252,968600
1737,64,72,16650,1526,544324,982800
1738,81,87,16569,1520,544411,968900
1739,66,59,16503,1527,544470,987900
1740,76,73,16427,1530,544543,983100
1741,87,83,16340,1534,544626,1163500
1742,66,70,16274,1530,544696,1047400
1743,67,77,16207,1520,544773,1075000
1744,66,92,16141,1494,544865,984500
1745,79,89,16062,1484,544954,981400
1746,66,65,15996,1485,545019,947200
1747,83,90,15913,1478,545109,966000
1748,78,77,15835,1479,545186,928500
1749,71,87,15764,1463,545273,934800
1750,78,66,15686,1475,545339,1016000
1751,63,65,15623,1473,545404,975200
1752,55,69,15568,1459,545473,954200
1753,69,66,15499,1462,545539,930500
1754,61,53,15438,1470,545592,950800
1755,73,76,15365,1467,545668,1016100
1756,69,58,15296,1478,545726,948000
1757,56,70,15240,1464,545796,965300
1758,66,58,15174,1472,545854,947300
1759,47,62,15127,1457,545916,927200
1760,60,67,15067,1450,545983,940200
1761,65,70,15002,1445,546053,938700
1762,56,84,14946,1417,546137,943400
1763,65,68,14881,1414,546205,1025300
1764,52,64,14829,1402,546269,977200
1765,59,74,14770,1387,546343,962600
1766,52,62,14718,1377,546405,974100
1767,56,59,14662,1374,546464,969100
1768,44,71,14618,1347,546535,964000
1769,53,74,14565,1326,546609,972500
1770,58,57,14507,1327,546666,972500
1771,52,80,14455,1299,546746,961800
1772,45,76,14410,1268,546822,959400
1773,45,73,14365,1240,546895,975300
1774,48,65,14317,1223,546960,970900
1775,43,62,14274,1204,547022,971500
1776,51,59,14223,1196,547081,970000
1777,53,52,14170,1197,547133,1007600
1778,57,63,14113,1191,547196,1100200
1779,53,57,14060,1187,547253,1019600
1780,50,72,14010,1165,547325,981700
1781,48,50,13962,1163,547375,980300
1782,44,53,13918,1154,547428,968800
1783,38,60,13880,1132,547488,983800
1784,62,52,13818,1142,547540,964200
1785,46,61,13772,1127,547601,958400
1786,48,49,13724,1126,547650,956600
1787,48,66,13676,1108,547716,945600
1788,36,59,13640,1085,547775,992100
1789,42,56,13598,1071,547831,977300
1790,40,66,13558,1045,547897,964600
1791,47,49,13511,1043,547946,942000
1792,41,53,13470,1031,547999,915200
1793,42,51,13428,1022,548050,928700
1794,35,41,13393,1016,548091,1084600
1795,35,69,13358,982,548160,948000
1796,33,57,13325,958,548217,923900
1797,43,48,13282,953,548265,936500
1798,39,48,13243,944,548313,937600
1799,47,61,13196,930,548374,943500
1800,41,48,13155,923,548422,948000
1801,40,38,13115,925,548460,951000
1802,54,39,13061,940,548499,952300
1803,37,37,13024,940,548536,943700
1804,39,57,12985,922,548593,950100
1805,50,53,12935,919,548646,943200
1806,51,36,12884,934,548682,932900
1807,45,49,12839,930,548731,931500
1808,55,46,12784,939,548777,952400
1809,35,53,12749,921,548830,937700
1810,43,64,12706,900,548894,1134700
1811,40,50,12666,890,548944,1019500
1812,48,53,12618,885,548997,953900
1813,43,48,12575,880,549045,956100
1814,38,44,12537,874,549089,955200
1815,45,38,12492,881,549127,932100
1816,34,42,12458,873,549169,945600
1817,33,50,12425,856,549219,954700
1818,48,32,12377,872,549251,1012300
1819,39,45,12338,866,549296,985500
1820,41,41,12297,866,549337,956300
1821,38,42,12259,862,549379,923300
1822,31,35,12228,858,549414,927500
1823,38,42,12190,854,549456,928700
1824,49,40,12141,863,549496,923900
1825,36,30,12105,869,549526,946900
1826,51,43,12054,877,549569,946400
1827,27,47,12027,857,549616,980400
1828,44,37,11983,864,549653,950900
1829,33,28,11950,869,549681,949900
1830,37,57,11913,849,549738,948000
1831,38,43,11875,844,549781,946000
1832,44,41,11831,847,549822,923300
1833,37,38,11794,846,549860,925200
1834,31,38,11763,839,549898,925100
1835,33,44,11730,828,549942,932800
1836,25,40,11705,813,549982,948300
1837,33,39,11672,807,550021,948000
1838,32,43,11640,796,550064,945400
1839,32,43,11608,785,550107,941800
1840,31,30,11577,786,550137,928000
1841,26,38,11551,774,550175,940100
1842,32,44,11519,762,550219,937400
1843,29,40,11490,751,550259,965300
1844,47,38,11443,760,550297,945200
1845,33,32,11410,761,550329,935000
1846,36,44,11374,753,550373,938200
1847,29,35,11345,747,550408,937100
1848,34,44,11311,737,550452,957300
1849,33,36,11278,734,550488,943500
1850,31,37,11247,728,550525,945700
1851,27,35,11220,720,550560,948200
1852,29,41,11191,708,550601,952800
1853,30,35,11161,703,550636,924500
1854,36,36,11125,703,550672,918100
1855,32,39,11093,696,550711,922600
1856,30,31,11063,695,550742,921200
1857,30,34,11033,691,550776,924500
1858,29,31,11004,689,550807,928200
1859,40,38,10964,691,550845,940500
1860,27,35,10937,683,550880,985600
1861,17,29,10920,671,550909,956700
1862,32,35,10888,668,550944,943800
1863,35,40,10853,663,550984,943800
1864,26,34,10827,655,551018,945600
1865,26,35,10801,646,551053,931100
1866,25,29,10776,642,551082,931200
1867,30,29,10746,643,551111,926600
1868,26,25,10720,644,551136,943300
1869,27,36,10693,635,551172,942400
1870,27,33,10666,629,551205,946000
1871,25,35,10641,619,551240,937400
1872,18,30,10623,607,551270,933300
1873,22,20,10601,609,551290,965900
1874,33,37,10568,605,551327,946800
1875,25,26,10543,604,551353,948500
1876,17,30,10526,591,551383,1142600
1877,22,35,10504,578,551418,922600
1878,28,26,10476,580,551444,916400
1879,21,28,10455,573,551472,928000
1880,23,27,10432,569,551499,956100
1881,23,33,10409,559,551532,925000
1882,27,25,10382,561,551557,1125100
1883,26,27,10356,560,551584,969000
1884,23,31,10333,552,551615,944200
1885,28,26,10305,554,551641,943700
1886,19,12,10286,561,551653,965000
1887,26,28,10260,559,551681,945200
1888,29,22,10231,566,551703,947800
1889,23,21,10208,568,551724,954800
1890,18,25,10190,561,551749,937700
1891,30,38,10160,553,551787,938200
1892,33,32,10127,554,551819,1161900
1893,24,22,10103,556,551841,941500
1894,19,26,10084,549,551867,948900
1895,23,25,10061,547,551892,1202900
1896,26,31,10035,542,551923,973000
1897,27,28,10008,541,551951,948800
1898,28,23,9980,546,551974,988100
1899,19,21,9961,544,551995,955100
1900,18,27,9943,535,552022,954000
1901,28,36,9915,527,552058,957900
1902,18,21,9897,524,552079,958200
1903,21,25,9876,520,552104,1142300
1904,24,30,9852,514,552134,966800
1905,20,29,9832,505,552163,945600
1906,30,27,9802,508,552190,960800
1907,26,19,9776,515,552209,1004200
1908,17,32,9759,500,552241,954700
1909,29,29,9730,500,552270,949500
1910,20,21,9710,499,552291,965400
1911,27,26,9683,500,552317,962400
1912,25,23,9658,502,552340,960200
1913,27,26,9631,503,552366,969300
1914,26,28,9605,501,552394,994600
1915,29,25,9576,505,552419,953800
1916,22,25,9554,502,552444,957800
1917,23,26,9531,499,552470,957200
1918,18,19,9513,498,552489,961000
1919,25,19,9488,504,552508,963000
1920,30,34,9458,500,552542,1131300
1921,23,22,9435,501,552564,968700
1922,19,27,9416,493,552591,963300
1923,19,24,9397,488,552615,996700
1924,17,19,9380,486,552634,945700
1925,17,18,9363,485,552652,948600
1926,15,26,9348,474,552678,948200
1927,22,28,9326,468,552706,948100
1928,23,17,9303,474,552723,954900
1929,24,24,9279,474,552747,960100
1930,14,19,9265,469,552766,943100
1931,19,30,9246,458,552796,954400
1932,12,21,9234,449,552817,953200
1933,18,22,9216,445,552839,975400
1934,15,29,9201,431,552868,1123700
1935,18,23,9183,426,552891,981400
1936,16,26,9167,416,552917,951100
1937,18,30,9149,404,552947,1108900
1938,18,21,9131,401,552968,1018800
1939,16,19,9115,398,552987,1241200
1940,15,18,9100,395,553005,975300
1941,12,20,9088,387,553025,948600
1942,17,23,9071,381,553048,956300
1943,10,18,9061,373,553066,959000
1944,18,15,9043,376,553081,963900
1945,14,17,9029,373,553098,982200
1946,20,25,9009,368,553123,958900
1947,21,20,8988,369,553143,956600
1948,19,21,8969,367,553164,950600
1949,13,18,8956,362,553182,941100
1950,16,24,8940,354,553206,993100
1951,14,26,8926,342,553232,988800
1952,15,15,8911,342,553247,947900
1953,12,17,8899,337,553264,1142900
1954,15,18,8884,334,553282,991700
1955,16,19,8868,331,553301,1013000
1956,10,22,8858,319,553323,956100
1957,15,19,8843,315,553342,945600
1958,9,21,8834,303,553363,940600
1959,15,17,8819,301,553380,923000
1960,11,13,8808,299,553393,930300
1961,7,19,8801,287,553412,970800
1962,15,19,8786,283,553431,935900
1963,20,19,8766,284,553450,938500
1964,11,14,8755,281,553464,938400
1965,13,17,8742,277,553481,932600
1966,10,12,8732,275,553493,936600
1967,14,11,8718,278,553504,933700
1968,18,13,8700,283,553517,934000
1969,8,11,8692,280,553528,932400
1970,11,10,8681,281,553538,966600
1971,10,11,8671,280,553549,929300
1972,12,11,8659,281,553560,935200
1973,10,16,8649,275,553576,919800
1974,13,14,8636,274,553590,946800
1975,8,16,8628,266,553606,944800
1976,3,17,8625,252,553623,943100
1977,7,9,8618,250,553632,939800
1978,4,10,8614,244,553642,943400
1979,8,9,8606,243,553651,935200
1980,10,15,8596,238,553666,922500
1981,8,14,8588,232,553680,918600
1982,7,12,8581,227,553692,927500
1983,11,9,8570,229,553701,1117500
1984,8,12,8562,225,553713,1049300
1985,6,9,8556,222,553722,943400
1986,9,11,8547,220,553733,969100
1987,4,15,8543,209,553748,947300
1988,5,13,8538,201,553761,949700
1989,9,9,8529,201,553770,932400
1990,6,14,8523,193,553784,934600
1991,10,9,8513,194,553793,941600
1992,7,10,8506,191,553803,937700
1993,3,8,8503,186,553811,946500
1994,5,8,8498,183,553819,923900
1995,3,5,8495,181,553824,911900
1996,1,7,8494,175,553831,918100
1997,3,8,8491,170,553839,922100
1998,3,11,8488,162,553850,936100
1999,1,8,8487,155,553858,930800
2000,2,6,8485,151,553864,932300
2001,1,5,8484,147,553869,932000
2002,0,6,8484,141,553875,932900
2003,0,7,8484,134,553882,927000
2004,1,5,8483,130,553887,987600
2005,1,4,8482,127,553891,962100
2006,0,10,8482,117,553901,948000
2007,0,8,8482,109,553909,958200
2008,0,5,8482,104,553914,1115400
2009,0,4,8482,100,553918,1061600
2010,0,6,8482,94,553924,967700
2011,0,7,8482,87,553931,934000
2012,0,2,8482,85,553933,941000
2013,0,6,8482,79,553939,936200
2014,0,7,8482,72,553946,934700
2015,0,5,8482,67,553951,948000
2016,0,3,8482,64,553954,952200
2017,0,4,8482,60,553958,964200
2018,0,6,8482,54,553964,925300
2019,0,2,8482,52,553966,937000
2020,0,4,8482,48,553970,1125800
2021,0,4,8482,44,553974,1149800
2022,0,5,8482,39,553979,950100
2023,0,2,8482,37,553981,945500
2024,0,2,8482,35,553983,945100
2025,0,0,8482,35,553983,963700
2026,0,2,8482,33,553985,954500
2027,0,0,8482,33,553985,941600
2028,0,2,8482,31,553987,945600
2029,0,1,8482,30,553988,983100
2030,0,0,8482,30,553988,931200
2031,0,5,8482,25,553993,930800
2032,0,1,8482,24,553994,933300
2033,0,3,8482,21,553997,925800
2034,0,0,8482,21,553997,925300
2035,0,2,8482,19,553999,924200
2036,0,2,8482,17,554001,970000
2037,0,0,8482,17,554001,953500
2038,0,2,8482,15,554003,941900
2039,0,0,8482,15,554003,928500
2040,0,0,8482,15,554003,924900
2041,0,0,8482,15,554003,938400
2042,0,1,8482,14,554004,935100
2043,0,2,8482,12,554006,932600
2044,0,0,8482,12,554006,940400
2045,0,2,8482,10,554008,936700
2046,0,0,8482,10,554008,933400
2047,0,0,8482,10,554008,931300
2048,0,0,8482,10,554008,907100
2049,0,0,8482,10,554008,929100
2050,0,0,8482,10,554008,922500
2051,0,0,8482,10,554008,932200
2052,0,0,8482,10,554008,970300
2053,0,0,8482,10,554008,949300
2054,0,0,8482,10,554008,931700
2055,0,1,8482,9,554009,929100
2056,0,1,8482,8,554010,931900
2057,0,1,8482,7,554011,926700
2058,0,2,8482,5,554013,929000
2059,0,1,8482,4,554014,924000
2060,0,1,8482,3,554015,922700
2061,0,0,8482,3,554015,926000
2062,0,0,8482,3,554015,923200
2063,0,0,8482,3,554015,928000
2064,0,0,8482,3,554015,936900
2065,0,0,8482,3,554015,933000
2066,0,0,8482,3,554015,929000
2067,0,0,8482,3,554015,931500
2068,0,1,8482,2,554016,1156900
2069,0,0,8482,2,554016,935500
2070,0,0,8482,2,554016,910700
2071,0,0,8482,2,554016,922000
2072,0,0,8482,2,554016,921600
2073,0,0,8482,2,554016,911400
2074,0,0,8482,2,554016,922600
2075,0,0,8482,2,554016,915700
2076,0,0,8482,2,554016,927100
2077,0,0,8482,2,554016,930300
2078,0,0,8482,2,554016,934100
2079,0,0,8482,2,554016,939900
2080,0,0,8482,2,554016,926300
2081,0,0,8482,2,554016,927000
2082,0,0,8482,2,554016,939300
2083,0,0,8482,2,554016,959600
2084,0,0,8482,2,554016,946600
2085,0,0,8482,2,554016,929800
2086,0,0,8482,2,554016,925800
2087,0,0,8482,2,554016,938400
2088,0,0,8482,2,554016,935500
2089,0,0,8482,2,554016,932300
2090,0,1,8482,1,554017,925600
2091,0,0,8482,1,554017,924500
2092,0,0,8482,1,554017,932500
2093,0,0,8482,1,554017,930300
2094,0,0,8482,1,554017,1104600
2095,0,0,8482,1,554017,942200
2096,0,0,8482,1,554017,917200
2097,0,0,8482,1,554017,937400
2098,0,0,8482,1,554017,1135800
2099,0,0,8482,1,554017,1072700
2100,0,0,8482,1,554017,929700
2101,0,0,8482,1,554017,927400
2102,0,0,8482,1,554017,936000
2103,0,0,8482,1,554017,926000
2104,0,0,8482,1,554017,930600
2105,0,0,8482,1,554017,940300
2106,0,0,8482,1,554017,920300
2107,0,0,8482,1,554017,925100
2108,0,0,8482,1,554017,908000
2109,0,0,8482,1,554017,915500
2110,0,0,8482,1,554017,919100
2111,0,0,8482,1,554017,925900
2112,0,0,8482,1,554017,923500
2113,0,0,8482,1,554017,926400
2114,0,0,8482,1,554017,924800
2115,0,0,8482,1,554017,951700
2116,0,0,8482,1,554017,1119500
2117,0,0,8482,1,554017,939000
2118,0,0,8482,1,554017,929000
2119,0,0,8482,1,554017,929800
2120,0,0,8482,1,554017,932100
2121,0,0,8482,1,554017,929500
2122,0,0,8482,1,554017,933800
2123,0,0,8482,1,554017,928800
2124,0,1,8482,0,554018,937700
