Tick,NewlyInfected,NewlyRecovered,TotalSusceptible,TotalInfected,TotalRecovered,StepTimeNanos
0,2,0,562493,7,0,1515500
1,4,0,562489,11,0,1013700
2,2,0,562487,13,0,1082600
3,2,0,562485,15,0,958600
4,2,0,562483,17,0,981500
5,5,1,562478,21,1,962600
6,4,2,562474,23,3,954100
7,1,4,562473,20,7,940100
8,3,1,562470,22,8,950300
9,5,0,562465,27,8,990200
10,9,1,562456,35,9,1069000
11,7,3,562449,39,12,1243900
12,5,1,562444,43,13,995300
13,7,3,562437,47,16,1076400
14,6,2,562431,51,18,970000
15,4,4,562427,51,22,948400
16,6,0,562421,57,22,1157400
17,11,2,562410,66,24,955500
18,5,6,562405,65,30,963600
19,7,3,562398,69,33,951300
20,5,4,562393,70,37,940100
21,5,1,562388,74,38,960000
22,5,5,562383,74,43,938600
23,3,4,562380,73,47,933000
24,7,3,562373,77,50,941300
25,7,4,562366,80,54,939300
26,12,0,562354,92,54,932400
27,12,9,562342,95,63,934800
28,9,1,562333,103,64,935200
29,10,4,562323,109,68,936300
30,11,5,562312,115,73,953800
31,13,1,562299,127,74,954400
32,9,11,562290,125,85,938600
33,15,6,562275,134,91,936200
34,16,11,562259,139,102,1006100
35,15,3,562244,151,105,933300
36,19,5,562225,165,110,932500
37,19,4,562206,180,114,1089700
38,20,6,562186,194,120,961100
39,18,9,562168,203,129,951300
40,11,3,562157,211,132,934200
41,26,15,562131,222,147,934200
42,19,13,562112,228,160,938300
43,13,15,562099,226,175,933500
44,19,14,562080,231,189,933100
45,20,11,562060,240,200,933500
46,15,11,562045,244,211,932700
47,18,10,562027,252,221,932100
48,23,10,562004,265,231,932500
49,24,11,561980,278,242,933300
50,17,11,561963,284,253,1119700
51,23,14,561940,293,267,975100
52,30,15,561910,308,282,946100
53,21,12,561889,317,294,942300
54,21,13,561868,325,307,932800
55,40,12,561828,353,319,948100
56,22,8,561806,367,327,946100
57,40,13,561766,394,340,933200
58,30,22,561736,402,362,935400
59,39,16,561697,425,378,928000
60,26,24,561671,427,402,936900
61,35,23,561636,439,425,936100
62,25,18,561611,446,443,944100
63,35,29,561576,452,472,937800
64,37,30,561539,459,502,938800
65,36,21,561503,474,523,930200
66,31,25,561472,480,548,950800
67,29,24,561443,485,572,943600
68,38,20,561405,503,592,944000
69,34,23,561371,514,615,938100
70,41,27,561330,528,642,1126400
71,39,26,561291,541,668,975900
72,36,20,561255,557,688,941400
73,35,23,561220,569,711,942800
74,35,20,561185,584,731,1021100
75,29,33,561156,580,764,960300
76,37,28,561119,589,792,936400
77,30,32,561089,587,824,957000
78,45,21,561044,611,845,955600
79,49,34,560995,626,879,963200
80,44,32,560951,638,911,941300
81,48,36,560903,650,947,941600
82,46,34,560857,662,981,952300
83,35,25,560822,672,1006,954500
84,53,33,560769,692,1039,975800
85,47,47,560722,692,1086,941500
86,40,36,560682,696,1122,1018400
87,51,39,560631,708,1161,943700
88,55,26,560576,737,1187,939900
89,47,44,560529,740,1231,940400
90,51,46,560478,745,1277,1131600
91,59,46,560419,758,1323,1000900
92,50,42,560369,766,1365,1153500
93,45,24,560324,787,1389,1047200
94,41,27,560283,801,1416,939600
95,68,39,560215,830,1455,949900
96,64,44,560151,850,1499,949600
97,50,45,560101,855,1544,942400
98,57,52,560044,860,1596,939600
99,63,44,559981,879,1640,936600
100,54,50,559927,883,1690,959100
101,58,48,559869,893,1738,945000
102,52,36,559817,909,1774,941400
103,55,49,559762,915,1823,938400
104,56,46,559706,925,1869,1122800
105,59,40,559647,944,1909,959000
106,74,53,559573,965,1962,939300
107,70,42,559503,993,2004,936300
108,58,57,559445,994,2061,937000
109,58,47,559387,1005,2108,936400
110,63,46,559324,1022,2154,942600
111,73,44,559251,1051,2198,938800
112,70,49,559181,1072,2247,940600
113,78,46,559103,1104,2293,976900
114,75,57,559028,1122,2350,946400
115,64,62,558964,1124,2412,940300
116,73,43,558891,1154,2455,940200
117,67,44,558824,1177,2499,934400
118,80,61,558744,1196,2560,1040200
119,71,57,558673,1210,2617,960500
120,77,60,558596,1227,2677,949200
121,76,55,558520,1248,2732,945600
122,76,77,558444,1247,2809,945600
123,80,63,558364,1264,2872,943200
124,75,64,558289,1275,2936,952200
125,73,83,558216,1265,3019,947600
126,91,52,558125,1304,3071,939500
127,90,63,558035,1331,3134,944300
128,86,71,557949,1346,3205,944800
129,88,65,557861,1369,3270,958400
130,82,69,557779,1382,3339,975300
131,90,56,557689,1416,3395,940600
132,92,69,557597,1439,3464,953300
133,112,74,557485,1477,3538,978600
134,90,69,557395,1498,3607,948700
135,95,83,557300,1510,3690,946500
136,88,61,557212,1537,3751,975500
137,87,71,557125,1553,3822,948800
138,89,87,557036,1555,3909,948400
139,86,88,556950,1553,3997,950500
140,81,68,556869,1566,4065,990900
141,105,77,556764,1594,4142,964700
142,107,89,556657,1612,4231,949100
143,100,80,556557,1632,4311,948600
144,104,69,556453,1667,4380,943000
145,99,84,556354,1682,4464,1092000
146,106,88,556248,1700,4552,946100
147,103,108,556145,1695,4660,1052100
148,107,76,556038,1726,4736,1006000
149,117,83,555921,1760,4819,1068200
150,131,98,555790,1793,4917,1042100
151,106,73,555684,1826,4990,985300
152,114,84,555570,1856,5074,978500
153,106,98,555464,1864,5172,1008200
154,124,88,555340,1900,5260,1014300
155,127,87,555213,1940,5347,979900
156,100,94,555113,1946,5441,981100
157,120,92,554993,1974,5533,1147300
158,132,98,554861,2008,5631,1020700
159,118,85,554743,2041,5716,978900
160,108,105,554635,2044,5821,1002900
161,144,116,554491,2072,5937,1007100
162,119,87,554372,2104,6024,987600
163,128,105,554244,2127,6129,978500
164,126,109,554118,2144,6238,994500
165,108,115,554010,2137,6353,997700
166,136,106,553874,2167,6459,1016600
167,121,110,553753,2178,6569,1082600
168,101,106,553652,2173,6675,1088300
169,110,87,553542,2196,6762,1026500
170,125,118,553417,2203,6880,980400
171,109,104,553308,2208,6984,978400
172,110,109,553198,2209,7093,974300
173,133,104,553065,2238,7197,979100
174,120,129,552945,2229,7326,1009200
175,125,104,552820,2250,7430,1022800
176,132,133,552688,2249,7563,980000
177,114,113,552574,2250,7676,981700
178,118,103,552456,2265,7779,965700
179,148,116,552308,2297,7895,1190400
180,149,115,552159,2331,8010,1052200
181,141,142,552018,2330,8152,1040000
182,145,112,551873,2363,8264,1007900
183,141,135,551732,2369,8399,1178100
184,119,121,551613,2367,8520,1004700
185,135,125,551478,2377,8645,982400
186,154,124,551324,2407,8769,1016800
187,141,131,551183,2417,8900,1026500
188,143,112,551040,2448,9012,996500
189,142,138,550898,2452,9150,1044400
190,151,129,550747,2474,9279,989300
191,170,114,550577,2530,9393,1003300
192,166,121,550411,2575,9514,979400
193,159,157,550252,2577,9671,978700
194,145,141,550107,2581,9812,1043000
195,147,122,549960,2606,9934,981900
196,163,134,549797,2635,10068,966600
197,150,127,549647,2658,10195,989300
198,160,141,549487,2677,10336,991800
199,145,134,549342,2688,10470,1015400
200,172,159,549170,2701,10629,1068700
201,175,138,548995,2738,10767,968800
202,162,158,548833,2742,10925,997000
203,145,132,548688,2755,11057,1072800
204,156,161,548532,2750,11218,992900
205,155,127,548377,2778,11345,974400
206,174,112,548203,2840,11457,968300
207,135,125,548068,2850,11582,963900
208,179,145,547889,2884,11727,1024600
209,165,122,547724,2927,11849,999000
210,173,142,547551,2958,11991,985200
211,171,159,547380,2970,12150,1010700
212,163,128,547217,3005,12278,965700
213,171,169,547046,3007,12447,1057200
214,181,177,546865,3011,12624,992700
215,179,161,546686,3029,12785,976700
216,211,139,546475,3101,12924,959800
217,197,143,546278,3155,13067,960500
218,174,154,546104,3175,13221,1003300
219,172,167,545932,3180,13388,968400
220,189,144,545743,3225,13532,1000400
221,198,156,545545,3267,13688,966400
222,215,171,545330,3311,13859,974000
223,183,187,545147,3307,14046,995500
224,174,152,544973,3329,14198,986500
225,176,149,544797,3356,14347,1187600
226,205,147,544592,3414,14494,973600
227,202,180,544390,3436,14674,982900
228,209,185,544181,3460,14859,981600
229,178,169,544003,3469,15028,986800
230,190,165,543813,3494,15193,967200
231,207,184,543606,3517,15377,966300
232,204,176,543402,3545,15553,1043900
233,187,188,543215,3544,15741,976000
234,168,173,543047,3539,15914,977800
235,185,169,542862,3555,16083,958900
236,186,196,542676,3545,16279,994400
237,195,162,542481,3578,16441,1008500
238,197,155,542284,3620,16596,981900
239,201,176,542083,3645,16772,980100
240,210,192,541873,3663,16964,1172600
241,175,157,541698,3681,17121,979900
242,211,184,541487,3708,17305,1007700
243,211,202,541276,3717,17507,1030500
244,183,187,541093,3713,17694,1022000
245,202,171,540891,3744,17865,1021300
246,190,162,540701,3772,18027,988200
247,215,185,540486,3802,18212,1015300
248,177,188,540309,3791,18400,1042100
249,202,176,540107,3817,18576,1006500
250,220,164,539887,3873,18740,1007400
251,183,188,539704,3868,18928,991300
252,217,207,539487,3878,19135,997800
253,222,224,539265,3876,19359,1026100
254,196,197,539069,3875,19556,992700
255,189,207,538880,3857,19763,981500
256,208,189,538672,3876,19952,981800
257,216,205,538456,3887,20157,992700
258,218,203,538238,3902,20360,975700
259,205,194,538033,3913,20554,971100
260,217,195,537816,3935,20749,969000
261,198,190,537618,3943,20939,1089700
262,235,211,537383,3967,21150,1012200
263,228,206,537155,3989,21356,985300
264,225,219,536930,3995,21575,983800
265,221,189,536709,4027,21764,979800
266,195,189,536514,4033,21953,982400
267,221,189,536293,4065,22142,992700
268,203,191,536090,4077,22333,1001900
269,177,204,535913,4050,22537,983200
270,230,184,535683,4096,22721,978400
271,224,207,535459,4113,22928,983300
272,208,212,535251,4109,23140,984100
273,214,213,535037,4110,23353,973900
274,204,225,534833,4089,23578,974100
275,242,207,534591,4124,23785,978700
276,211,202,534380,4133,23987,987700
277,219,220,534161,4132,24207,975700
278,213,192,533948,4153,24399,987500
279,216,218,533732,4151,24617,1183200
280,202,193,533530,4160,24810,1198800
281,226,207,533304,4179,25017,1023700
282,231,187,533073,4223,25204,1008100
283,228,194,532845,4257,25398,978600
284,228,247,532617,4238,25645,992500
285,211,239,532406,4210,25884,1024300
286,224,207,532182,4227,26091,1036500
287,231,195,531951,4263,26286,989000
288,236,220,531715,4279,26506,1021400
289,230,208,531485,4301,26714,1002000
290,223,224,531262,4300,26938,993500
291,225,224,531037,4301,27162,996300
292,218,205,530819,4314,27367,996300
293,220,201,530599,4333,27568,993300
294,237,213,530362,4357,27781,1007900
295,224,230,530138,4351,28011,997400
296,212,209,529926,4354,28220,988100
297,219,214,529707,4359,28434,991600
298,241,208,529466,4392,28642,994900
299,224,209,529242,4407,28851,989200
300,236,221,529006,4422,29072,987400
301,265,252,528741,4435,29324,1002700
302,256,214,528485,4477,29538,1019200
303,243,214,528242,4506,29752,982700
304,246,204,527996,4548,29956,1210900
305,243,237,527753,4554,30193,988400
306,259,208,527494,4605,30401,989400
307,245,233,527249,4617,30634,989400
308,242,252,527007,4607,30886,986600
309,243,242,526764,4608,31128,987500
310,261,211,526503,4658,31339,977400
311,263,236,526240,4685,31575,993000
312,248,209,525992,4724,31784,994900
313,265,263,525727,4726,32047,987000
314,277,212,525450,4791,32259,997400
315,262,225,525188,4828,32484,1227700
316,271,240,524917,4859,32724,1145200
317,281,266,524636,4874,32990,1039700
318,281,231,524355,4924,33221,991100
319,269,244,524086,4949,33465,986700
320,283,235,523803,4997,33700,1099100
321,255,243,523548,5009,33943,1022400
322,289,240,523259,5058,34183,1117000
323,279,248,522980,5089,34431,1025900
324,285,249,522695,5125,34680,1013400
325,292,223,522403,5194,34903,988000
326,284,275,522119,5203,35178,1004900
327,289,260,521830,5232,35438,1010800
328,282,241,521548,5273,35679,979800
329,281,232,521267,5322,35911,986800
330,291,271,520976,5342,36182,1022500
331,267,311,520709,5298,36493,1025600
332,289,256,520420,5331,36749,1024100
333,281,252,520139,5360,37001,1023800
334,260,252,519879,5368,37253,1005400
335,279,262,519600,5385,37515,1010000
336,286,309,519314,5362,37824,1017900
337,282,307,519032,5337,38131,1017600
338,267,281,518765,5323,38412,1011900
339,276,256,518489,5343,38668,1015600
340,272,259,518217,5356,38927,1008900
341,269,276,517948,5349,39203,1013400
342,272,239,517676,5382,39442,990500
343,283,268,517393,5397,39710,1004400
344,300,258,517093,5439,39968,1020900
345,299,290,516794,5448,40258,1031300
346,297,270,516497,5475,40528,1042300
347,256,236,516241,5495,40764,1040300
348,283,305,515958,5473,41069,1040900
349,302,278,515656,5497,41347,1041200
350,324,260,515332,5561,41607,1063500
351,302,285,515030,5578,41892,1043400
352,289,268,514741,5599,42160,1010900
353,316,292,514425,5623,42452,1018700
354,307,291,514118,5639,42743,1006900
355,273,274,513845,5638,43017,1003300
356,274,296,513571,5616,43313,1028100
357,291,266,513280,5641,43579,1008700
358,310,314,512970,5637,43893,1048500
359,303,285,512667,5655,44178,1045800
360,323,287,512344,5691,44465,1050100
361,326,293,512018,5724,44758,1043900
362,300,283,511718,5741,45041,1051300
363,326,272,511392,5795,45313,1059100
364,299,277,511093,5817,45590,1131100
365,298,300,510795,5815,45890,1023900
366,289,316,510506,5788,46206,1011800
367,283,282,510223,5789,46488,1029300
368,319,281,509904,5827,46769,1070700
369,331,297,509573,5861,47066,1042400
370,312,310,509261,5863,47376,1028900
371,343,298,508918,5908,47674,1031800
372,326,297,508592,5937,47971,1023200
373,330,275,508262,5992,48246,1024800
374,329,271,507933,6050,48517,1016400
375,320,330,507613,6040,48847,1042900
376,315,285,507298,6070,49132,1000400
377,335,334,506963,6071,49466,1004900
378,342,287,506621,6126,49753,1045700
379,342,283,506279,6185,50036,1099700
380,328,319,505951,6194,50355,1093900
381,324,298,505627,6220,50653,1022700
382,329,321,505298,6228,50974,1008600
383,340,320,504958,6248,51294,1003800
384,366,312,504592,6302,51606,998300
385,331,297,504261,6336,51903,1001200
386,342,349,503919,6329,52252,1022900
387,346,308,503573,6367,52560,1014800
388,368,302,503205,6433,52862,999300
389,332,341,502873,6424,53203,997000
390,325,338,502548,6411,53541,995400
391,338,329,502210,6420,53870,1004000
392,326,331,501884,6415,54201,1022000
393,357,342,501527,6430,54543,1047800
394,346,322,501181,6454,54865,1006900
395,318,323,500863,6449,55188,1035100
396,348,341,500515,6456,55529,1079800
397,334,359,500181,6431,55888,1061300
398,355,287,499826,6499,56175,1066300
399,358,323,499468,6534,56498,1062600
400,327,328,499141,6533,56826,1059900
401,342,308,498799,6567,57134,1022900
402,363,317,498436,6613,57451,1000400
403,334,326,498102,6621,57777,1036800
404,360,326,497742,6655,58103,1025300
405,353,319,497389,6689,58422,1001600
406,343,338,497046,6694,58760,1016200
407,350,353,496696,6691,59113,1019200
408,355,359,496341,6687,59472,1027700
409,326,317,496015,6696,59789,1022400
410,362,334,495653,6724,60123,1047900
411,348,366,495305,6706,60489,1024400
412,314,315,494991,6705,60804,1190300
413,363,329,494628,6739,61133,1050500
414,354,322,494274,6771,61455,1047300
415,365,324,493909,6812,61779,1042700
416,340,333,493569,6819,62112,1035000
417,349,331,493220,6837,62443,1020100
418,370,344,492850,6863,62787,1036900
419,392,307,492458,6948,63094,1090800
420,336,346,492122,6938,63440,1098200
421,378,357,491744,6959,63797,1137100
422,368,336,491376,6991,64133,1088000
423,348,346,491028,6993,64479,1063900
424,364,374,490664,6983,64853,1046300
425,368,342,490296,7009,65195,1056500
426,340,332,489956,7017,65527,1047800
427,371,372,489585,7016,65899,1061200
428,370,368,489215,7018,66267,1017700
429,366,359,488849,7025,66626,1030000
430,371,335,488478,7061,66961,1046800
431,351,347,488127,7065,67308,1038200
432,381,349,487746,7097,67657,1033500
433,386,343,487360,7140,68000,1148400
434,379,323,486981,7196,68323,1049000
435,362,365,486619,7193,68688,1038500
436,367,365,486252,7195,69053,1038800
437,389,337,485863,7247,69390,1032600
438,397,333,485466,7311,69723,1035400
439,425,364,485041,7372,70087,1034300
440,417,384,484624,7405,70471,1025100
441,397,374,484227,7428,70845,1010300
442,393,378,483834,7443,71223,1042600
443,370,368,483464,7445,71591,1025900
444,375,411,483089,7409,72002,1009100
445,384,365,482705,7428,72367,1150600
446,379,372,482326,7435,72739,1049400
447,339,371,481987,7403,73110,1056100
448,398,374,481589,7427,73484,1057900
449,385,353,481204,7459,73837,1036300
450,397,389,480807,7467,74226,1051400
451,400,374,480407,7493,74600,1041400
452,377,373,480030,7497,74973,1008100
453,386,362,479644,7521,75335,1014600
454,413,372,479231,7562,75707,1013500
455,409,387,478822,7584,76094,1012200
456,392,364,478430,7612,76458,1010400
457,394,383,478036,7623,76841,1009700
458,367,389,477669,7601,77230,1056600
459,397,399,477272,7599,77629,1015500
460,371,406,476901,7564,78035,1045400
461,396,376,476505,7584,78411,1064600
462,374,412,476131,7546,78823,1046200
463,365,389,475766,7522,79212,1038100
464,381,361,475385,7542,79573,1031900
465,384,411,475001,7515,79984,1035500
466,378,382,474623,7511,80366,1032400
467,405,402,474218,7514,80768,1032300
468,378,395,473840,7497,81163,1030500
469,386,369,473454,7514,81532,1053800
470,391,390,473063,7515,81922,1036200
471,389,364,472674,7540,82286,1033500
472,401,384,472273,7557,82670,1079400
473,399,393,471874,7563,83063,1040600
474,357,390,471517,7530,83453,1015400
475,372,373,471145,7529,83826,1022300
476,379,359,470766,7549,84185,1097200
477,403,367,470363,7585,84552,1314400
478,391,347,469972,7629,84899,1026100
479,395,374,469577,7650,85273,1013000
480,382,392,469195,7640,85665,1005200
481,362,393,468833,7609,86058,1033300
482,407,411,468426,7605,86469,1050700
483,399,388,468027,7616,86857,1024900
484,394,420,467633,7590,87277,1023400
485,439,372,467194,7657,87649,1036000
486,398,436,466796,7619,88085,1045200
487,409,364,466387,7664,88449,1043500
488,396,384,465991,7676,88833,1039000
489,418,402,465573,7692,89235,1069600
490,405,397,465168,7700,89632,1116500
491,404,368,464764,7736,90000,1054400
492,405,409,464359,7732,90409,1039200
493,414,389,463945,7757,90798,1035900
494,423,408,463522,7772,91206,1097000
495,396,396,463126,7772,91602,1056100
496,448,372,462678,7848,91974,1048100
497,413,402,462265,7859,92376,1058600
498,428,377,461837,7910,92753,1048600
499,426,394,461411,7942,93147,1051700
500,405,401,461006,7946,93548,1033100
501,429,417,460577,7958,93965,1052400
502,451,375,460126,8034,94340,1079300
503,423,396,459703,8061,94736,1075000
504,388,380,459315,8069,95116,1060000
505,425,421,458890,8073,95537,1037200
506,413,377,458477,8109,95914,1033500
507,395,413,458082,8091,96327,1039900
508,412,426,457670,8077,96753,1036900
509,472,438,457198,8111,97191,1035300
510,393,418,456805,8086,97609,1036400
511,421,383,456384,8124,97992,1037700
512,430,390,455954,8164,98382,1041000
513,411,451,455543,8124,98833,1034200
514,416,399,455127,8141,99232,1042100
515,400,407,454727,8134,99639,1038400
516,418,431,454309,8121,100070,1046900
517,448,388,453861,8181,100458,1030800
518,396,399,453465,8178,100857,1044600
519,444,422,453021,8200,101279,1043300
520,421,408,452600,8213,101687,1037100
521,432,417,452168,8228,102104,1034700
522,422,402,451746,8248,102506,1008400
523,456,388,451290,8316,102894,1040600
524,441,436,450849,8321,103330,1036000
525,436,413,450413,8344,103743,1039800
526,417,419,449996,8342,104162,1035700
527,419,439,449577,8322,104601,1031600
528,426,444,449151,8304,105045,1039100
529,461,405,448690,8360,105450,1040300
530,440,395,448250,8405,105845,1031900
531,443,441,447807,8407,106286,1055100
532,431,407,447376,8431,106693,1058300
533,429,433,446947,8427,107126,1051700
534,440,442,446507,8425,107568,1144900
535,419,430,446088,8414,107998,1048600
536,474,419,445614,8469,108417,1018900
537,432,453,445182,8448,108870,1030700
538,455,443,444727,8460,109313,1030300
539,470,412,444257,8518,109725,1372200
540,449,455,443808,8512,110180,1047500
541,444,406,443364,8550,110586,1040500
542,485,416,442879,8619,111002,1043500
543,448,425,442431,8642,111427,1048300
544,485,394,441946,8733,111821,1060700
545,451,446,441495,8738,112267,1037800
546,471,398,441024,8811,112665,1239700
547,487,440,440537,8858,113105,1073800
548,495,417,440042,8936,113522,1040600
549,504,440,439538,9000,113962,1179000
550,452,464,439086,8988,114426,1083200
551,498,453,438588,9033,114879,1091300
552,457,426,438131,9064,115305,1029100
553,455,445,437676,9074,115750,1027100
554,481,486,437195,9069,116236,1099400
555,475,459,436720,9085,116695,1031300
556,461,450,436259,9096,117145,1026100
557,453,440,435806,9109,117585,1069100
558,504,442,435302,9171,118027,1059500
559,455,449,434847,9177,118476,1172900
560,482,409,434365,9250,118885,1048500
561,465,491,433900,9224,119376,1042900
562,460,474,433440,9210,119850,1024500
563,497,456,432943,9251,120306,1025900
564,476,456,432467,9271,120762,1022700
565,485,448,431982,9308,121210,1030600
566,517,463,431465,9362,121673,1051200
567,502,496,430963,9368,122169,1050600
568,469,426,430494,9411,122595,1056300
569,506,444,429988,9473,123039,1052200
570,477,501,429511,9449,123540,1055700
571,482,496,429029,9435,124036,1054300
572,504,487,428525,9452,124523,1061400
573,515,439,428010,9528,124962,1072700
574,480,455,427530,9553,125417,1064800
575,464,445,427066,9572,125862,1139100
576,428,480,426638,9520,126342,1066500
577,496,466,426142,9550,126808,1060900
578,459,500,425683,9509,127308,1059000
579,460,485,425223,9484,127793,1058900
580,489,459,424734,9514,128252,1029400
581,474,494,424260,9494,128746,1140500
582,483,465,423777,9512,129211,1045100
583,479,467,423298,9524,129678,1035500
584,459,469,422839,9514,130147,1057300
585,495,434,422344,9575,130581,1050700
586,481,522,421863,9534,131103,1050000
587,496,461,421367,9569,131564,1061000
588,476,501,420891,9544,132065,1145300
589,483,465,420408,9562,132530,1071700
590,500,509,419908,9553,133039,1060100
591,474,455,419434,9572,133494,1062200
592,480,500,418954,9552,133994,1057000
593,482,488,418472,9546,134482,1096400
594,498,456,417974,9588,134938,1061700
595,466,485,417508,9569,135423,1061600
596,485,496,417023,9558,135919,1048200
597,502,495,416521,9565,136414,1040900
598,474,490,416047,9549,136904,1034200
599,513,471,415534,9591,137375,1035600
600,472,442,415062,9621,137817,1033000
601,463,458,414599,9626,138275,1043900
602,470,489,414129,9607,138764,1038100
603,513,516,413616,9604,139280,1085500
604,477,449,413139,9632,139729,1065400
605,469,500,412670,9601,140229,1055100
606,486,478,412184,9609,140707,1061900
607,446,430,411738,9625,141137,1074600
608,462,491,411276,9596,141628,1056800
609,454,519,410822,9531,142147,1056600
610,502,504,410320,9529,142651,1058100
611,487,500,409833,9516,143151,1070400
612,456,466,409377,9506,143617,1065200
613,515,483,408862,9538,144100,1063100
614,470,500,408392,9508,144600,1055800
615,528,477,407864,9559,145077,1085400
616,516,490,407348,9585,145567,1053100
617,482,505,406866,9562,146072,1060400
618,496,498,406370,9560,146570,1059700
619,462,473,405908,9549,147043,1079700
620,488,470,405420,9567,147513,1056900
621,489,510,404931,9546,148023,1083400
622,520,473,404411,9593,148496,1029600
623,454,467,403957,9580,148963,1036000
624,496,471,403461,9605,149434,1037500
625,469,454,402992,9620,149888,1024700
626,504,478,402488,9646,150366,1029600
627,507,508,401981,9645,150874,1051200
628,494,511,401487,9628,151385,1035000
629,529,528,400958,9629,151913,1032100
630,491,477,400467,9643,152390,1050000
631,502,493,399965,9652,152883,1096200
632,502,470,399463,9684,153353,1049700
633,568,480,398895,9772,153833,1049000
634,521,473,398374,9820,154306,1036300
635,564,511,397810,9873,154817,1051800
636,476,471,397334,9878,155288,1045700
637,504,505,396830,9877,155793,1063400
638,517,501,396313,9893,156294,1055700
639,468,510,395845,9851,156804,1053000
640,492,501,395353,9842,157305,1060800
641,496,500,394857,9838,157805,1068000
642,562,489,394295,9911,158294,1067300
643,522,497,393773,9936,158791,1048300
644,530,541,393243,9925,159332,1059100
645,536,507,392707,9954,159839,1050700
646,486,506,392221,9934,160345,1065300
647,493,527,391728,9900,160872,1058400
648,487,498,391241,9889,161370,1048100
649,465,446,390776,9908,161816,1052400
650,494,513,390282,9889,162329,1057700
651,469,505,389813,9853,162834,1065800
652,509,463,389304,9899,163297,1058400
653,504,495,388800,9908,163792,1051200
654,526,492,388274,9942,164284,1054600
655,518,468,387756,9992,164752,1062500
656,502,510,387254,9984,165262,1060300
657,475,522,386779,9937,165784,1055900
658,555,489,386224,10003,166273,1053300
659,533,541,385691,9995,166814,1072400
660,526,490,385165,10031,167304,1184800
661,512,500,384653,10043,167804,1098400
662,487,495,384166,10035,168299,1058400
663,496,507,383670,10024,168806,1042900
664,533,485,383137,10072,169291,1045800
665,523,504,382614,10091,169795,1047900
666,493,500,382121,10084,170295,1044300
667,506,500,381615,10090,170795,1087200
668,536,508,381079,10118,171303,1073300
669,501,503,380578,10116,171806,1067500
670,490,505,380088,10101,172311,1055900
671,505,488,379583,10118,172799,1073800
672,475,515,379108,10078,173314,1065000
673,490,522,378618,10046,173836,1058300
674,541,477,378077,10110,174313,1053900
675,466,495,377611,10081,174808,1204900
676,479,512,377132,10048,175320,1064000
677,553,524,376579,10077,175844,1063600
678,474,522,376105,10029,176366,1046500
679,510,532,375595,10007,176898,1061700
680,532,535,375063,10004,177433,1052600
681,498,482,374565,10020,177915,1046700
682,547,488,374018,10079,178403,1052000
683,531,479,373487,10131,178882,1063100
684,501,521,372986,10111,179403,1055400
685,467,545,372519,10033,179948,1050900
686,465,485,372054,10013,180433,1056300
687,514,513,371540,10014,180946,1048900
688,493,493,371047,10014,181439,1054900
689,529,502,370518,10041,181941,1049800
690,496,514,370022,10023,182455,1048600
691,483,492,369539,10014,182947,1050500
692,506,498,369033,10022,183445,1046200
693,505,498,368528,10029,183943,1044300
694,490,518,368038,10001,184461,1035800
695,470,524,367568,9947,184985,1089600
696,526,483,367042,9990,185468,1080400
697,498,505,366544,9983,185973,1040600
698,498,494,366046,9987,186467,1035500
699,491,512,365555,9966,186979,1037000
700,530,512,365025,9984,187491,1063100
701,503,484,364522,10003,187975,1060000
702,484,550,364038,9937,188525,1035600
703,476,517,363562,9896,189042,1054500
704,520,541,363042,9875,189583,1268900
705,457,536,362585,9796,190119,1062600
706,503,469,362082,9830,190588,1053400
707,502,482,361580,9850,191070,1045300
708,469,509,361111,9810,191579,1049000
709,498,494,360613,9814,192073,1047000
710,507,472,360106,9849,192545,1071400
711,455,472,359651,9832,193017,1071400
712,480,495,359171,9817,193512,1050500
713,515,463,358656,9869,193975,1041500
714,455,497,358201,9827,194472,1046500
715,481,442,357720,9866,194914,1048200
716,480,478,357240,9868,195392,1043000
717,449,500,356791,9817,195892,1041200
718,469,468,356322,9818,196360,1044400
719,436,509,355886,9745,196869,1062400
720,486,467,355400,9764,197336,1055800
721,459,494,354941,9729,197830,1044300
722,479,496,354462,9712,198326,1043200
723,454,488,354008,9678,198814,1042500
724,462,528,353546,9612,199342,1050800
725,460,484,353086,9588,199826,1054900
726,445,464,352641,9569,200290,1037500
727,491,461,352150,9599,200751,1044300
728,486,492,351664,9593,201243,1041400
729,507,448,351157,9652,201691,1040800
730,441,493,350716,9600,202184,1104100
731,437,465,350279,9572,202649,1053700
732,469,477,349810,9564,203126,1056500
733,478,506,349332,9536,203632,1097500
734,459,495,348873,9500,204127,1097400
735,465,472,348408,9493,204599,1051100
736,437,449,347971,9481,205048,1058200
737,463,488,347508,9456,205536,1032400
738,431,480,347077,9407,206016,1030800
739,454,486,346623,9375,206502,1077500
740,444,432,346179,9387,206934,1028500
741,430,462,345749,9355,207396,1024700
742,480,493,345269,9342,207889,1022700
743,461,446,344808,9357,208335,1024800
744,440,455,344368,9342,208790,1026600
745,481,467,343887,9356,209257,1024000
746,454,444,343433,9366,209701,1024200
747,463,462,342970,9367,210163,1044300
748,479,478,342491,9368,210641,1024000
749,426,455,342065,9339,211096,1056700
750,448,477,341617,9310,211573,1225000
751,457,492,341160,9275,212065,1031600
752,468,475,340692,9268,212540,1030800
753,439,433,340253,9274,212973,1050600
754,486,461,339767,9299,213434,1038700
755,433,450,339334,9282,213884,1033400
756,425,467,338909,9240,214351,1032400
757,435,498,338474,9177,214849,1032000
758,431,462,338043,9146,215311,1035200
759,463,446,337580,9163,215757,1035800
760,425,439,337155,9149,216196,1042200
761,429,437,336726,9141,216633,1029700
762,459,453,336267,9147,217086,1045400
763,464,424,335803,9187,217510,1057500
764,454,442,335349,9199,217952,1052900
765,445,446,334904,9198,218398,1098400
766,447,497,334457,9148,218895,1092700
767,439,477,334018,9110,219372,1227600
768,445,459,333573,9096,219831,1071200
769,404,445,333169,9055,220276,1056300
770,440,431,332729,9064,220707,1038500
771,449,436,332280,9077,221143,1014500
772,489,442,331791,9124,221585,1107300
773,454,444,331337,9134,222029,1044800
774,450,483,330887,9101,222512,1045100
775,469,469,330418,9101,222981,1040200
776,433,460,329985,9074,223441,1041700
777,437,441,329548,9070,223882,1052800
778,440,447,329108,9063,224329,1040800
779,408,460,328700,9011,224789,1065800
780,473,473,328227,9011,225262,1033300
781,419,473,327808,8957,225735,1001200
782,442,419,327366,8980,226154,1021200
783,482,479,326884,8983,226633,1007200
784,463,431,326421,9015,227064,1039900
785,458,442,325963,9031,227506,1034700
786,462,435,325501,9058,227941,1035400
787,493,428,325008,9123,228369,1036000
788,431,474,324577,9080,228843,1066100
789,435,454,324142,9061,229297,1042300
790,462,470,323680,9053,229767,1033000
791,459,495,323221,9017,230262,1042900
792,450,448,322771,9019,230710,1055300
793,462,491,322309,8990,231201,1077300
794,446,441,321863,8995,231642,1257400
795,477,454,321386,9018,232096,1047800
796,453,479,320933,8992,232575,1085100
797,502,431,320431,9063,233006,1081200
798,454,437,319977,9080,233443,1066300
799,439,430,319538,9089,233873,1053300
800,460,470,319078,9079,234343,1036400
801,452,469,318626,9062,234812,1171400
802,479,445,318147,9096,235257,1030000
803,461,453,317686,9104,235710,1048800
804,449,466,317237,9087,236176,1039500
805,437,463,316800,9061,236639,1049100
806,453,456,316347,9058,237095,1049900
807,508,513,315839,9053,237608,1053200
808,446,428,315393,9071,238036,1150200
809,466,473,314927,9064,238509,1103700
810,472,433,314455,9103,238942,1055800
811,499,467,313956,9135,239409,1049700
812,482,499,313474,9118,239908,1049300
813,438,481,313036,9075,240389,1068800
814,482,445,312554,9112,240834,1069900
815,469,455,312085,9126,241289,1053800
816,441,453,311644,9114,241742,1047000
817,519,459,311125,9174,242201,1052100
818,498,477,310627,9195,242678,1053500
819,435,478,310192,9152,243156,1046400
820,458,472,309734,9138,243628,1049500
821,443,491,309291,9090,244119,1052100
822,463,418,308828,9135,244537,1018100
823,443,426,308385,9152,244963,1029800
824,448,489,307937,9111,245452,1028300
825,427,421,307510,9117,245873,1013500
826,447,451,307063,9113,246324,1014800
827,457,463,306606,9107,246787,1048900
828,468,451,306138,9124,247238,1050900
829,417,473,305721,9068,247711,1041800
830,388,469,305333,8987,248180,1017600
831,435,440,304898,8982,248620,1049400
832,446,460,304452,8968,249080,1020000
833,439,447,304013,8960,249527,1018800
834,471,430,303542,9001,249957,1036300
835,431,485,303111,8947,250442,1049600
836,457,424,302654,8980,250866,1065500
837,439,477,302215,8942,251343,1181300
838,456,444,301759,8954,251787,1069300
839,457,446,301302,8965,252233,1073000
840,407,473,300895,8899,252706,1061400
841,428,428,300467,8899,253134,1071900
842,421,436,300046,8884,253570,1070900
843,446,397,299600,8933,253967,1066900
844,465,435,299135,8963,254402,1059500
845,461,446,298674,8978,254848,1055600
846,425,441,298249,8962,255289,1057600
847,448,404,297801,9006,255693,1063100
848,471,452,297330,9025,256145,1068700
849,452,468,296878,9009,256613,1067000
850,426,466,296452,8969,257079,1075000
851,424,455,296028,8938,257534,1064200
852,445,461,295583,8922,257995,1062800
853,443,455,295140,8910,258450,1086200
854,479,455,294661,8934,258905,1070400
855,455,444,294206,8945,259349,1088100
856,471,440,293735,8976,259789,1080000
857,443,455,293292,8964,260244,1076100
858,453,454,292839,8963,260698,1035400
859,449,456,292390,8956,261154,1086700
860,448,449,291942,8955,261603,1073200
861,426,423,291516,8958,262026,1032000
862,412,469,291104,8901,262495,1023800
863,432,468,290672,8865,262963,1022300
864,433,431,290239,8867,263394,1044300
865,436,426,289803,8877,263820,1036400
866,431,414,289372,8894,264234,1050100
867,435,461,288937,8868,264695,1059900
868,441,429,288496,8880,265124,1051000
869,433,471,288063,8842,265595,1041800
870,427,442,287636,8827,266037,1007900
871,419,425,287217,8821,266462,1025400
872,412,405,286805,8828,266867,1049500
873,436,455,286369,8809,267322,1039300
874,432,448,285937,8793,267770,1022900
875,384,416,285553,8761,268186,1036200
876,441,405,285112,8797,268591,1036100
877,442,428,284670,8811,269019,1035600
878,456,417,284214,8850,269436,1035100
879,410,420,283804,8840,269856,1035600
880,435,395,283369,8880,270251,1044200
881,459,450,282910,8889,270701,1049300
882,456,444,282454,8901,271145,1096900
883,419,442,282035,8878,271587,1081300
884,428,452,281607,8854,272039,1126100
885,458,430,281149,8882,272469,1071700
886,414,449,280735,8847,272918,1064000
887,461,432,280274,8876,273350,1207500
888,462,405,279812,8933,273755,1034300
889,469,444,279343,8958,274199,1042600
890,460,406,278883,9012,274605,1041400
891,450,435,278433,9027,275040,1041100
892,439,461,277994,9005,275501,1043100
893,445,432,277549,9018,275933,1044400
894,454,492,277095,8980,276425,1111600
895,434,481,276661,8933,276906,1047400
896,418,458,276243,8893,277364,1048400
897,443,458,275800,8878,277822,1281500
898,454,424,275346,8908,278246,1048100
899,428,466,274918,8870,278712,1040800
900,454,461,274464,8863,279173,1039800
901,433,471,274031,8825,279644,1042000
902,478,474,273553,8829,280118,1039400
903,435,466,273118,8798,280584,1037200
904,472,441,272646,8829,281025,1035500
905,405,442,272241,8792,281467,1034900
906,443,422,271798,8813,281889,1035400
907,441,430,271357,8824,282319,1034000
908,423,444,270934,8803,282763,1129000
909,446,430,270488,8819,283193,1037900
910,455,414,270033,8860,283607,1025000
911,433,438,269600,8855,284045,1050700
912,452,444,269148,8863,284489,1057500
913,420,435,268728,8848,284924,1040800
914,473,452,268255,8869,285376,1033700
915,430,440,267825,8859,285816,1049600
916,413,418,267412,8854,286234,1038700
917,417,419,266995,8852,286653,1042300
918,409,444,266586,8817,287097,1046200
919,416,433,266170,8800,287530,1044400
920,455,475,265715,8780,288005,1032000
921,407,482,265308,8705,288487,1032200
922,430,458,264878,8677,288945,1095000
923,415,421,264463,8671,289366,1061200
924,456,423,264007,8704,289789,1040200
925,391,447,263616,8648,290236,1041000
926,409,440,263207,8617,290676,1042800
927,432,445,262775,8604,291121,1043900
928,433,473,262342,8564,291594,1030700
929,428,432,261914,8560,292026,1069400
930,431,438,261483,8553,292464,1037300
931,404,421,261079,8536,292885,1038100
932,429,447,260650,8518,293332,1034500
933,421,432,260229,8507,293764,1030100
934,425,408,259804,8524,294172,1030900
935,424,457,259380,8491,294629,1025200
936,452,439,258928,8504,295068,1026200
937,476,464,258452,8516,295532,1041100
938,410,413,258042,8513,295945,1025100
939,391,391,257651,8513,296336,1024700
940,431,424,257220,8520,296760,1028100
941,424,434,256796,8510,297194,1164300
942,431,435,256365,8506,297629,1051000
943,438,396,255927,8548,298025,1038100
944,445,393,255482,8600,298418,1033600
945,436,418,255046,8618,298836,1029000
946,426,418,254620,8626,299254,1029300
947,421,428,254199,8619,299682,1030200
948,413,415,253786,8617,300097,1025600
949,437,399,253349,8655,300496,1028500
950,463,442,252886,8676,300938,1227600
951,490,422,252396,8744,301360,1068400
952,430,413,251966,8761,301773,1039600
953,462,463,251504,8760,302236,1038000
954,460,441,251044,8779,302677,1037600
955,440,408,250604,8811,303085,1160500
956,441,426,250163,8826,303511,1046400
957,455,430,249708,8851,303941,1035100
958,430,460,249278,8821,304401,1031300
959,441,422,248837,8840,304823,1032400
960,451,445,248386,8846,305268,1027800
961,445,452,247941,8839,305720,1030900
962,414,448,247527,8805,306168,1025200
963,408,448,247119,8765,306616,1026900
964,461,420,246658,8806,307036,1026900
965,389,469,246269,8726,307505,1034000
966,431,460,245838,8697,307965,1056000
967,438,403,245400,8732,308368,1052900
968,423,425,244977,8730,308793,1038000
969,432,385,244545,8777,309178,1030500
970,467,451,244078,8793,309629,1222000
971,419,438,243659,8774,310067,1034300
972,447,410,243212,8811,310477,1026600
973,440,436,242772,8815,310913,1012400
974,457,435,242315,8837,311348,1036100
975,456,433,241859,8860,311781,1024600
976,462,432,241397,8890,312213,1027800
977,464,455,240933,8899,312668,1025000
978,441,463,240492,8877,313131,1028000
979,455,457,240037,8875,313588,1021400
980,436,420,239601,8891,314008,1032300
981,451,446,239150,8896,314454,1074000
982,432,442,238718,8886,314896,1017000
983,416,456,238302,8846,315352,1025000
984,442,451,237860,8837,315803,1231100
985,469,476,237391,8830,316279,1094300
986,466,457,236925,8839,316736,1014700
987,478,448,236447,8869,317184,1055300
988,441,449,236006,8861,317633,1061700
989,453,430,235553,8884,318063,1048500
990,462,470,235091,8876,318533,1041500
991,422,463,234669,8835,318996,1029900
992,426,428,234243,8833,319424,1047100
993,402,447,233841,8788,319871,1043200
994,446,408,233395,8826,320279,1045200
995,458,417,232937,8867,320696,1040500
996,474,418,232463,8923,321114,1038900
997,471,452,231992,8942,321566,1048800
998,489,481,231503,8950,322047,1054600
999,464,426,231039,8988,322473,1085900
1000,454,486,230585,8956,322959,1239200
1001,462,420,230123,8998,323379,1231200
1002,474,432,229649,9040,323811,1078300
1003,481,458,229168,9063,324269,1084600
1004,477,485,228691,9055,324754,1091500
1005,460,472,228231,9043,325226,1031500
1006,449,398,227782,9094,325624,1025400
1007,441,419,227341,9116,326043,1026500
1008,454,438,226887,9132,326481,1041200
1009,476,448,226411,9160,326929,1097700
1010,421,499,225990,9082,327428,1033600
1011,422,451,225568,9053,327879,1099400
1012,430,447,225138,9036,328326,1039300
1013,405,447,224733,8994,328773,1043100
1014,435,457,224298,8972,329230,1132100
1015,442,463,223856,8951,329693,1137700
1016,459,447,223397,8963,330140,1134700
1017,454,473,222943,8944,330613,1072700
1018,411,436,222532,8919,331049,1086900
1019,438,434,222094,8923,331483,1075700
1020,420,462,221674,8881,331945,1079100
1021,451,443,221223,8889,332388,1063700
1022,438,450,220785,8877,332838,1081700
1023,464,479,220321,8862,333317,1082600
1024,437,485,219884,8814,333802,1090200
1025,441,474,219443,8781,334276,1061500
1026,446,429,218997,8798,334705,1038800
1027,448,437,218549,8809,335142,1031600
1028,449,460,218100,8798,335602,1098200
1029,439,440,217661,8797,336042,1045600
1030,463,473,217198,8787,336515,1029500
1031,463,439,216735,8811,336954,1046000
1032,428,458,216307,8781,337412,1036800
1033,460,433,215847,8808,337845,1111000
1034,439,424,215408,8823,338269,1195500
1035,451,434,214957,8840,338703,1070900
1036,457,443,214500,8854,339146,1119700
1037,445,420,214055,8879,339566,1080400
1038,461,436,213594,8904,340002,1111300
1039,464,426,213130,8942,340428,1081100
1040,462,447,212668,8957,340875,1073600
1041,469,435,212199,8991,341310,1265900
1042,444,475,211755,8960,341785,1184000
1043,466,412,211289,9014,342197,1197000
1044,448,468,210841,8994,342665,1104000
1045,479,408,210362,9065,343073,1123100
1046,433,427,209929,9071,343500,1113600
1047,477,418,209452,9130,343918,1128400
1048,451,463,209001,9118,344381,1245300
1049,488,459,208513,9147,344840,1183700
1050,482,443,208031,9186,345283,1127800
1051,464,463,207567,9187,345746,1124000
1052,457,454,207110,9190,346200,1077400
1053,465,478,206645,9177,346678,1081700
1054,466,437,206179,9206,347115,1062600
1055,470,475,205709,9201,347590,1087700
1056,479,492,205230,9188,348082,1135800
1057,436,482,204794,9142,348564,1078900
1058,473,455,204321,9160,349019,1069300
1059,450,450,203871,9160,349469,1081200
1060,425,454,203446,9131,349923,1064300
1061,451,440,202995,9142,350363,1096400
1062,473,456,202522,9159,350819,1093300
1063,440,464,202082,9135,351283,1078300
1064,461,489,201621,9107,351772,1086900
1065,476,437,201145,9146,352209,1087500
1066,477,469,200668,9154,352678,1053700
1067,457,466,200211,9145,353144,1075900
1068,455,464,199756,9136,353608,1063900
1069,421,445,199335,9112,354053,1070800
1070,454,456,198881,9110,354509,1204500
1071,450,456,198431,9104,354965,1193100
1072,455,413,197976,9146,355378,1129100
1073,440,456,197536,9130,355834,1138100
1074,459,436,197077,9153,356270,1102200
1075,473,476,196604,9150,356746,1104100
1076,466,471,196138,9145,357217,1098700
1077,421,449,195717,9117,357666,1101400
1078,437,498,195280,9056,358164,1284600
1079,421,430,194859,9047,358594,1098400
1080,444,452,194415,9039,359046,1100100
1081,441,440,193974,9040,359486,1185700
1082,436,453,193538,9023,359939,1098800
1083,428,478,193110,8973,360417,1104800
1084,431,462,192679,8942,360879,1103900
1085,454,472,192225,8924,361351,1095800
1086,442,462,191783,8904,361813,1085200
1087,445,447,191338,8902,362260,1171800
1088,445,416,190893,8931,362676,1183700
1089,451,419,190442,8963,363095,1070100
1090,445,431,189997,8977,363526,1103500
1091,466,447,189531,8996,363973,1112700
1092,449,455,189082,8990,364428,1105400
1093,453,422,188629,9021,364850,1159800
1094,453,477,188176,8997,365327,1336200
1095,453,458,187723,8992,365785,1330500
1096,436,482,187287,8946,366267,1381600
1097,490,433,186797,9003,366700,1276100
1098,476,468,186321,9011,367168,1173100
1099,469,474,185852,9006,367642,1159700
1100,441,445,185411,9002,368087,1193600
1101,458,463,184953,8997,368550,1161700
1102,481,448,184472,9030,368998,1284500
1103,468,475,184004,9023,369473,1223300
1104,480,447,183524,9056,369920,1254200
1105,486,471,183038,9071,370391,1161800
1106,405,467,182633,9009,370858,1255400
1107,457,449,182176,9017,371307,1146800
1108,441,473,181735,8985,371780,1120000
1109,450,442,181285,8993,372222,1124000
1110,430,494,180855,8929,372716,1406400
1111,445,446,180410,8928,373162,1128400
1112,476,440,179934,8964,373602,1115600
1113,475,426,179459,9013,374028,1094700
1114,466,484,178993,8995,374512,1132900
1115,484,444,178509,9035,374956,1126500
1116,448,482,178061,9001,375438,1091900
1117,450,466,177611,8985,375904,1092800
1118,503,428,177108,9060,376332,1095500
1119,435,441,176673,9054,376773,1067500
1120,455,457,176218,9052,377230,1085200
1121,427,469,175791,9010,377699,1047100
1122,441,493,175350,8958,378192,1039500
1123,470,439,174880,8989,378631,1120000
1124,463,464,174417,8988,379095,1093800
1125,455,443,173962,9000,379538,1119500
1126,477,412,173485,9065,379950,1117400
1127,464,450,173021,9079,380400,1060000
1128,478,444,172543,9113,380844,1063400
1129,473,446,172070,9140,381290,1054800
1130,459,469,171611,9130,381759,1047800
1131,477,453,171134,9154,382212,1103600
1132,480,465,170654,9169,382677,1095400
1133,461,440,170193,9190,383117,1074500
1134,440,459,169753,9171,383576,1051200
1135,451,470,169302,9152,384046,1055500
1136,450,474,168852,9128,384520,1066700
1137,465,442,168387,9151,384962,1333500
1138,444,465,167943,9130,385427,1105700
1139,480,452,167463,9158,385879,1107100
1140,475,478,166988,9155,386357,1107700
1141,450,436,166538,9169,386793,1063700
1142,457,484,166081,9142,387277,1099400
1143,472,434,165609,9180,387711,1047200
1144,464,421,165145,9223,388132,1039900
1145,469,482,164676,9210,388614,1063500
1146,450,445,164226,9215,389059,1048000
1147,447,435,163779,9227,389494,1048700
1148,451,447,163328,9231,389941,1076200
1149,452,442,162876,9241,390383,1053600
1150,442,443,162434,9240,390826,1065300
1151,472,434,161962,9278,391260,1124100
1152,462,431,161500,9309,391691,1118100
1153,420,468,161080,9261,392159,1055200
1154,466,477,160614,9250,392636,1062100
1155,429,451,160185,9228,393087,1097400
1156,426,436,159759,9218,393523,1113000
1157,446,435,159313,9229,393958,1093600
1158,441,483,158872,9187,394441,1116200
1159,428,477,158444,9138,394918,1163100
1160,444,460,158000,9122,395378,1116600
1161,446,464,157554,9104,395842,1072100
1162,442,453,157112,9093,396295,1117400
1163,434,465,156678,9062,396760,1095700
1164,441,453,156237,9050,397213,1087400
1165,434,448,155803,9036,397661,1058100
1166,429,448,155374,9017,398109,1109200
1167,440,433,154934,9024,398542,1095700
1168,431,435,154503,9020,398977,1098500
1169,452,478,154051,8994,399455,1069800
1170,449,467,153602,8976,399922,1087200
1171,406,441,153196,8941,400363,1313900
1172,437,481,152759,8897,400844,1092100
1173,438,437,152321,8898,401281,1053800
1174,434,473,151887,8859,401754,1054500
1175,458,447,151429,8870,402201,1087200
1176,420,460,151009,8830,402661,1057000
1177,413,459,150596,8784,403120,1050800
1178,411,447,150185,8748,403567,1081600
1179,441,434,149744,8755,404001,1059300
1180,427,398,149317,8784,404399,1086800
1181,414,434,148903,8764,404833,1212600
1182,416,449,148487,8731,405282,1088000
1183,413,450,148074,8694,405732,1167400
1184,419,428,147655,8685,406160,1093200
1185,390,446,147265,8629,406606,1148000
1186,445,405,146820,8669,407011,1098600
1187,426,434,146394,8661,407445,1055600
1188,421,429,145973,8653,407874,1074100
1189,442,410,145531,8685,408284,1043400
1190,432,456,145099,8661,408740,1047300
1191,429,426,144670,8664,409166,1069300
1192,419,459,144251,8624,409625,1065700
1193,410,436,143841,8598,410061,1083100
1194,427,454,143414,8571,410515,1145800
1195,417,430,142997,8558,410945,1130600
1196,397,388,142600,8567,411333,1051100
1197,387,436,142213,8518,411769,1080300
1198,382,418,141831,8482,412187,1088500
1199,416,430,141415,8468,412617,1057400
1200,390,417,141025,8441,413034,1090900
1201,401,384,140624,8458,413418,1101700
1202,415,414,140209,8459,413832,1171100
1203,382,458,139827,8383,414290,1222400
1204,371,435,139456,8319,414725,1260400
1205,386,403,139070,8302,415128,1208000
1206,401,437,138669,8266,415565,1153100
1207,405,399,138264,8272,415964,1194500
1208,374,411,137890,8235,416375,1103400
1209,411,394,137479,8252,416769,1150800
1210,377,418,137102,8211,417187,1128500
1211,400,403,136702,8208,417590,1115900
1212,379,404,136323,8183,417994,1127100
1213,355,416,135968,8122,418410,1131100
1214,372,400,135596,8094,418810,1080500
1215,340,416,135256,8018,419226,1089500
1216,344,380,134912,7982,419606,1063600
1217,367,399,134545,7950,420005,1082100
1218,346,429,134199,7867,420434,1128400
1219,345,435,133854,7777,420869,1169900
1220,342,406,133512,7713,421275,1091100
1221,368,356,133144,7725,421631,1156800
1222,357,367,132787,7715,421998,1163000
1223,386,419,132401,7682,422417,1070300
1224,379,377,132022,7684,422794,1067700
1225,359,362,131663,7681,423156,1097300
1226,355,393,131308,7643,423549,1104900
1227,384,403,130924,7624,423952,1121700
1228,379,379,130545,7624,424331,1084700
1229,371,377,130174,7618,424708,1159700
1230,387,391,129787,7614,425099,1107000
1231,364,392,129423,7586,425491,1109700
1232,368,397,129055,7557,425888,1156600
1233,376,369,128679,7564,426257,1199500
1234,332,414,128347,7482,426671,1193800
1235,361,340,127986,7503,427011,1416100
1236,375,350,127611,7528,427361,1118500
1237,371,353,127240,7546,427714,1303400
1238,391,365,126849,7572,428079,1114200
1239,352,383,126497,7541,428462,1088400
1240,377,353,126120,7565,428815,1105700
1241,392,388,125728,7569,429203,1072000
1242,381,347,125347,7603,429550,1111100
1243,338,376,125009,7565,429926,1095600
1244,356,371,124653,7550,430297,1129000
1245,340,377,124313,7513,430674,1097200
1246,342,330,123971,7525,431004,1148400
1247,357,400,123614,7482,431404,1113400
1248,357,433,123257,7406,431837,1145800
1249,343,374,122914,7375,432211,1097400
1250,355,348,122559,7382,432559,1080900
1251,346,382,122213,7346,432941,1102000
1252,372,356,121841,7362,433297,1089500
1253,357,386,121484,7333,433683,1111200
1254,372,393,121112,7312,434076,1081600
1255,310,366,120802,7256,434442,1109800
1256,368,335,120434,7289,434777,1086500
1257,333,383,120101,7239,435160,1062200
1258,362,339,119739,7262,435499,1077000
1259,364,364,119375,7262,435863,1082000
1260,367,370,119008,7259,436233,1039900
1261,346,355,118662,7250,436588,1130800
1262,345,381,118317,7214,436969,1097300
1263,342,348,117975,7208,437317,1102200
1264,346,380,117629,7174,437697,1073300
1265,334,349,117295,7159,438046,1068300
1266,335,373,116960,7121,438419,1088700
1267,358,356,116602,7123,438775,1094100
1268,334,374,116268,7083,439149,1074300
1269,342,354,115926,7071,439503,1125600
1270,367,376,115559,7062,439879,1058400
1271,345,367,115214,7040,440246,1086800
1272,334,379,114880,6995,440625,1076000
1273,355,326,114525,7024,440951,1047100
1274,336,345,114189,7015,441296,1094000
1275,321,323,113868,7013,441619,1268200
1276,337,350,113531,7000,441969,1159600
1277,320,334,113211,6986,442303,1055600
1278,355,329,112856,7012,442632,1109100
1279,338,345,112518,7005,442977,1119700
1280,323,345,112195,6983,443322,1121800
1281,320,346,111875,6957,443668,1083300
1282,323,339,111552,6941,444007,1071700
1283,323,330,111229,6934,444337,1075000
1284,320,354,110909,6900,444691,1077000
1285,344,299,110565,6945,444990,1133000
1286,381,361,110184,6965,445351,1153600
1287,325,381,109859,6909,445732,1100200
1288,342,349,109517,6902,446081,1092100
1289,342,349,109175,6895,446430,1093900
1290,308,345,108867,6858,446775,1169400
1291,325,346,108542,6837,447121,1196600
1292,331,364,108211,6804,447485,1082200
1293,330,343,107881,6791,447828,1084600
1294,330,351,107551,6770,448179,1062400
1295,328,329,107223,6769,448508,1080000
1296,387,370,106836,6786,448878,1042800
1297,323,335,106513,6774,449213,1068400
1298,320,313,106193,6781,449526,1040200
1299,327,342,105866,6766,449868,1240300
1300,329,320,105537,6775,450188,1059600
1301,322,320,105215,6777,450508,1071700
1302,315,379,104900,6713,450887,1049500
1303,327,312,104573,6728,451199,1104600
1304,338,370,104235,6696,451569,1270400
1305,312,355,103923,6653,451924,1130500
1306,319,348,103604,6624,452272,1073400
1307,321,328,103283,6617,452600,1087300
1308,320,363,102963,6574,452963,1074300
1309,343,350,102620,6567,453313,1056800
1310,309,332,102311,6544,453645,1054400
1311,314,357,101997,6501,454002,1037400
1312,305,335,101692,6471,454337,1069400
1313,327,351,101365,6447,454688,1090800
1314,315,303,101050,6459,454991,1068800
1315,287,336,100763,6410,455327,1057000
1316,287,324,100476,6373,455651,1058400
1317,301,293,100175,6381,455944,1045900
1318,286,343,99889,6324,456287,1080100
1319,336,275,99553,6385,456562,1005700
1320,312,317,99241,6380,456879,1042800
1321,294,337,98947,6337,457216,1063500
1322,318,305,98629,6350,457521,1077100
1323,314,283,98315,6381,457804,1058800
1324,312,297,98003,6396,458101,1069200
1325,306,330,97697,6372,458431,1062800
1326,303,303,97394,6372,458734,1068400
1327,344,306,97050,6410,459040,1072100
1328,335,318,96715,6427,459358,1059800
1329,295,321,96420,6401,459679,1075700
1330,340,292,96080,6449,459971,1085500
1331,308,299,95772,6458,460270,1021300
1332,320,332,95452,6446,460602,1039300
1333,304,320,95148,6430,460922,1066800
1334,274,318,94874,6386,461240,1029600
1335,310,320,94564,6376,461560,1062300
1336,307,321,94257,6362,461881,1060600
1337,310,312,93947,6360,462193,1047800
1338,276,315,93671,6321,462508,1085100
1339,292,336,93379,6277,462844,1076200
1340,281,320,93098,6238,463164,1087000
1341,273,304,92825,6207,463468,1063800
1342,278,316,92547,6169,463784,1054100
1343,292,303,92255,6158,464087,1100300
1344,278,303,91977,6133,464390,1150000
1345,286,296,91691,6123,464686,1131900
1346,297,294,91394,6126,464980,1181100
1347,291,291,91103,6126,465271,1283700
1348,306,328,90797,6104,465599,1074500
1349,296,280,90501,6120,465879,1067800
1350,293,308,90208,6105,466187,1020700
1351,281,302,89927,6084,466489,1075200
1352,292,305,89635,6071,466794,1062100
1353,277,289,89358,6059,467083,1045800
1354,299,302,89059,6056,467385,1028300
1355,252,267,88807,6041,467652,1024000
1356,293,301,88514,6033,467953,1064500
1357,276,301,88238,6008,468254,1035900
1358,274,315,87964,5967,468569,1040400
1359,302,286,87662,5983,468855,1013500
1360,302,306,87360,5979,469161,1025500
1361,263,314,87097,5928,469475,1017000
1362,293,273,86804,5948,469748,1047300
1363,273,298,86531,5923,470046,1052900
1364,309,295,86222,5937,470341,1046400
1365,306,281,85916,5962,470622,1064200
1366,265,286,85651,5941,470908,1046800
1367,279,327,85372,5893,471235,1048400
1368,281,297,85091,5877,471532,1042600
1369,275,302,84816,5850,471834,1050900
1370,294,308,84522,5836,472142,1049400
1371,280,303,84242,5813,472445,1034400
1372,271,285,83971,5799,472730,1035600
1373,272,299,83699,5772,473029,1020400
1374,265,236,83434,5801,473265,1006700
1375,266,315,83168,5752,473580,1029200
1376,264,313,82904,5703,473893,1039800
1377,259,280,82645,5682,474173,1058100
1378,280,289,82365,5673,474462,1016100
1379,281,288,82084,5666,474750,1032800
1380,290,269,81794,5687,475019,1022900
1381,257,289,81537,5655,475308,1014800
1382,281,275,81256,5661,475583,1018100
1383,268,289,80988,5640,475872,1009700
1384,285,285,80703,5640,476157,1221000
1385,282,285,80421,5637,476442,1048500
1386,286,278,80135,5645,476720,1043200
1387,282,266,79853,5661,476986,1024800
1388,283,293,79570,5651,477279,1026600
1389,302,265,79268,5688,477544,1035000
1390,284,269,78984,5703,477813,1013600
1391,250,302,78734,5651,478115,1024300
1392,267,291,78467,5627,478406,1030600
1393,240,307,78227,5560,478713,1044600
1394,270,272,77957,5558,478985,1077500
1395,271,274,77686,5555,479259,1043300
1396,257,292,77429,5520,479551,1066200
1397,274,282,77155,5512,479833,1233900
1398,263,289,76892,5486,480122,1057700
1399,237,287,76655,5436,480409,1052500
1400,265,275,76390,5426,480684,1061000
1401,261,278,76129,5409,480962,1048600
1402,252,270,75877,5391,481232,1007900
1403,246,258,75631,5379,481490,1041100
1404,252,263,75379,5368,481753,1031900
1405,269,253,75110,5384,482006,1059000
1406,240,263,74870,5361,482269,1052600
1407,254,272,74616,5343,482541,1061500
1408,262,266,74354,5339,482807,1054600
1409,251,293,74103,5297,483100,1068300
1410,252,255,73851,5294,483355,1058200
1411,256,255,73595,5295,483610,1045600
1412,279,259,73316,5315,483869,1008600
1413,253,281,73063,5287,484150,1048100
1414,258,270,72805,5275,484420,1058600
1415,248,271,72557,5252,484691,1008300
1416,227,273,72330,5206,484964,1064300
1417,246,287,72084,5165,485251,1021400
1418,289,290,71795,5164,485541,1072400
1419,261,264,71534,5161,485805,1247000
1420,253,261,71281,5153,486066,1075200
1421,253,246,71028,5160,486312,1098200
1422,240,255,70788,5145,486567,1066700
1423,227,225,70561,5147,486792,1047600
1424,262,261,70299,5148,487053,1020700
1425,238,273,70061,5113,487326,1061900
1426,262,259,69799,5116,487585,1034100
1427,238,248,69561,5106,487833,1221900
1428,238,258,69323,5086,488091,1071900
1429,231,259,69092,5058,488350,1049700
1430,245,258,68847,5045,488608,1038200
1431,273,266,68574,5052,488874,1051400
1432,247,235,68327,5064,489109,1050400
1433,238,276,68089,5026,489385,1055600
1434,256,268,67833,5014,489653,1079100
1435,230,242,67603,5002,489895,1064200
1436,267,240,67336,5029,490135,1023600
1437,217,251,67119,4995,490386,1078400
1438,224,264,66895,4955,490650,1078600
1439,215,241,66680,4929,490891,1046200
1440,222,271,66458,4880,491162,1028500
1441,227,250,66231,4857,491412,1028200
1442,217,254,66014,4820,491666,1048800
1443,200,234,65814,4786,491900,1053700
1444,206,255,65608,4737,492155,1057500
1445,238,236,65370,4739,492391,1072100
1446,207,233,65163,4713,492624,1116700
1447,226,240,64937,4699,492864,1065900
1448,223,230,64714,4692,493094,1075500
1449,248,238,64466,4702,493332,1060700
1450,219,220,64247,4701,493552,1068700
1451,213,236,64034,4678,493788,1079200
1452,215,238,63819,4655,494026,1072600
1453,225,225,63594,4655,494251,1034700
1454,231,237,63363,4649,494488,1063100
1455,231,252,63132,4628,494740,1060000
1456,223,253,62909,4598,494993,1050300
1457,236,213,62673,4621,495206,1049600
1458,242,246,62431,4617,495452,1048100
1459,229,224,62202,4622,495676,1067500
1460,229,227,61973,4624,495903,1058100
1461,221,227,61752,4618,496130,1073800
1462,231,241,61521,4608,496371,1043600
1463,242,203,61279,4647,496574,1047700
1464,220,223,61059,4644,496797,1058900
1465,229,225,60830,4648,497022,1021200
1466,226,237,60604,4637,497259,1084900
1467,241,233,60363,4645,497492,1088800
1468,229,227,60134,4647,497719,1089900
1469,245,240,59889,4652,497959,1096800
1470,234,235,59655,4651,498194,1054400
1471,221,227,59434,4645,498421,1098400
1472,208,225,59226,4628,498646,1068200
1473,201,250,59025,4579,498896,1068000
1474,235,210,58790,4604,499106,1054600
1475,218,225,58572,4597,499331,1066900
1476,210,226,58362,4581,499557,1081500
1477,208,236,58154,4553,499793,1075500
1478,205,230,57949,4528,500023,1071300
1479,246,228,57703,4546,500251,1073500
1480,197,236,57506,4507,500487,1069000
1481,212,219,57294,4500,500706,1463500
1482,218,236,57076,4482,500942,1400000
1483,210,200,56866,4492,501142,1276100
1484,212,193,56654,4511,501335,1350800
1485,225,238,56429,4498,501573,1332800
1486,223,226,56206,4495,501799,1310000
1487,236,235,55970,4496,502034,1252000
1488,222,226,55748,4492,502260,1142400
1489,227,246,55521,4473,502506,1080900
1490,241,224,55280,4490,502730,1062100
1491,235,213,55045,4512,502943,1094200
1492,215,231,54830,4496,503174,1064800
1493,208,225,54622,4479,503399,1056200
1494,207,216,54415,4470,503615,1060100
1495,224,242,54191,4452,503857,1130200
1496,227,208,53964,4471,504065,1048400
1497,220,201,53744,4490,504266,1005100
1498,191,225,53553,4456,504491,1005200
1499,197,234,53356,4419,504725,1032400
1500,202,226,53154,4395,504951,1030300
1501,215,210,52939,4400,505161,1039500
1502,212,208,52727,4404,505369,1026400
1503,188,233,52539,4359,505602,993500
1504,212,211,52327,4360,505813,1014800
1505,222,222,52105,4360,506035,1196000
1506,194,198,51911,4356,506233,1021300
1507,206,210,51705,4352,506443,1022100
1508,208,213,51497,4347,506656,1035500
1509,206,218,51291,4335,506874,1030900
1510,219,239,51072,4315,507113,1024100
1511,215,225,50857,4305,507338,1220500
1512,204,227,50653,4282,507565,1023500
1513,216,239,50437,4259,507804,1016000
1514,192,216,50245,4235,508020,1168600
1515,189,218,50056,4206,508238,1024200
1516,191,206,49865,4191,508444,1018100
1517,209,217,49656,4183,508661,1012300
1518,205,178,49451,4210,508839,1013400
1519,219,189,49232,4240,509028,994000
1520,178,221,49054,4197,509249,1029800
1521,201,221,48853,4177,509470,1002100
1522,184,234,48669,4127,509704,1027600
1523,200,198,48469,4129,509902,984900
1524,182,199,48287,4112,510101,1135800
1525,169,189,48118,4092,510290,1122200
1526,187,203,47931,4076,510493,1008500
1527,177,183,47754,4070,510676,1277100
1528,178,197,47576,4051,510873,1036700
1529,163,191,47413,4023,511064,1033400
1530,187,208,47226,4002,511272,1002900
1531,200,205,47026,3997,511477,1013900
1532,188,195,46838,3990,511672,1032100
1533,194,231,46644,3953,511903,1064600
1534,176,203,46468,3926,512106,1024500
1535,198,220,46270,3904,512326,1021000
1536,200,188,46070,3916,512514,992500
1537,169,188,45901,3897,512702,1153600
1538,203,235,45698,3865,512937,1088600
1539,192,203,45506,3854,513140,1018800
1540,170,203,45336,3821,513343,1024400
1541,186,209,45150,3798,513552,1013400
1542,174,162,44976,3810,513714,1192500
1543,178,192,44798,3796,513906,1000100
1544,174,177,44624,3793,514083,1014200
1545,169,203,44455,3759,514286,991800
1546,180,222,44275,3717,514508,1012800
1547,173,211,44102,3679,514719,1006600
1548,171,186,43931,3664,514905,1012000
1549,166,184,43765,3646,515089,1013400
1550,168,186,43597,3628,515275,978900
1551,164,179,43433,3613,515454,987900
1552,151,172,43282,3592,515626,1007000
1553,180,187,43102,3585,515813,991000
1554,192,196,42910,3581,516009,1014000
1555,175,188,42735,3568,516197,984600
1556,177,172,42558,3573,516369,970200
1557,174,192,42384,3555,516561,992700
1558,157,171,42227,3541,516732,960200
1559,145,179,42082,3507,516911,1006600
1560,179,145,41903,3541,517056,996700
1561,182,196,41721,3527,517252,1017900
1562,171,178,41550,3520,517430,999400
1563,161,158,41389,3523,517588,1191500
1564,173,179,41216,3517,517767,980500
1565,185,169,41031,3533,517936,1009700
1566,179,156,40852,3556,518092,1023600
1567,161,193,40691,3524,518285,998600
1568,170,172,40521,3522,518457,1023800
1569,167,169,40354,3520,518626,1193400
1570,164,158,40190,3526,518784,1021500
1571,155,178,40035,3503,518962,1006300
1572,166,187,39869,3482,519149,1030300
1573,170,168,39699,3484,519317,1000600
1574,147,177,39552,3454,519494,988600
1575,176,180,39376,3450,519674,1000400
1576,154,173,39222,3431,519847,995400
1577,149,159,39073,3421,520006,998000
1578,159,201,38914,3379,520207,972500
1579,146,160,38768,3365,520367,1002800
1580,162,177,38606,3350,520544,1202000
1581,173,173,38433,3350,520717,1104100
1582,165,166,38268,3349,520883,993000
1583,160,183,38108,3326,521066,1001300
1584,143,151,37965,3318,521217,1034600
1585,146,159,37819,3305,521376,1061700
1586,158,169,37661,3294,521545,986300
1587,148,151,37513,3291,521696,1003700
1588,138,146,37375,3283,521842,996300
1589,151,153,37224,3281,521995,977600
1590,143,170,37081,3254,522165,1000200
1591,150,156,36931,3248,522321,1185500
1592,166,177,36765,3237,522498,986800
1593,161,149,36604,3249,522647,1049200
1594,156,156,36448,3249,522803,994100
1595,160,177,36288,3232,522980,1187000
1596,126,157,36162,3201,523137,1035500
1597,152,152,36010,3201,523289,1002800
1598,153,154,35857,3200,523443,984700
1599,151,164,35706,3187,523607,994300
1600,142,176,35564,3153,523783,1018000
1601,149,134,35415,3168,523917,1001600
1602,145,139,35270,3174,524056,1013500
1603,135,174,35135,3135,524230,999800
1604,150,167,34985,3118,524397,1010600
1605,170,146,34815,3142,524543,996400
1606,147,162,34668,3127,524705,1001600
1607,145,160,34523,3112,524865,993000
1608,182,157,34341,3137,525022,1007500
1609,162,158,34179,3141,525180,994500
1610,177,169,34002,3149,525349,1045100
1611,152,135,33850,3166,525484,1038800
1612,161,160,33689,3167,525644,984000
1613,143,157,33546,3153,525801,974900
1614,175,143,33371,3185,525944,1152800
1615,146,176,33225,3155,526120,1160700
1616,146,140,33079,3161,526260,1001400
1617,179,147,32900,3193,526407,977700
1618,155,150,32745,3198,526557,966900
1619,145,140,32600,3203,526697,962800
1620,165,161,32435,3207,526858,1046200
1621,153,138,32282,3222,526996,963200
1622,144,158,32138,3208,527154,963600
1623,137,169,32001,3176,527323,971700
1624,137,146,31864,3167,527469,966600
1625,146,161,31718,3152,527630,1066500
1626,166,156,31552,3162,527786,1176700
1627,136,160,31416,3138,527946,981000
1628,145,145,31271,3138,528091,963900
1629,147,166,31124,3119,528257,962000
1630,155,164,30969,3110,528421,980900
1631,145,166,30824,3089,528587,970400
1632,148,146,30676,3091,528733,966100
1633,129,173,30547,3047,528906,943400
1634,135,153,30412,3029,529059,944900
1635,147,144,30265,3032,529203,943400
1636,161,156,30104,3037,529359,944500
1637,140,150,29964,3027,529509,947500
1638,138,155,29826,3010,529664,963200
1639,148,129,29678,3029,529793,959000
1640,143,147,29535,3025,529940,955800
1641,128,148,29407,3005,530088,957000
1642,154,154,29253,3005,530242,960000
1643,142,158,29111,2989,530400,952000
1644,148,146,28963,2991,530546,966100
1645,133,156,28830,2968,530702,958400
1646,134,155,28696,2947,530857,1096300
1647,138,153,28558,2932,531010,945700
1648,141,155,28417,2918,531165,945400
1649,124,149,28293,2893,531314,947100
1650,128,164,28165,2857,531478,940200
1651,118,145,28047,2830,531623,954900
1652,119,137,27928,2812,531760,943600
1653,110,122,27818,2800,531882,945800
1654,125,108,27693,2817,531990,989200
1655,106,126,27587,2797,532116,967700
1656,128,122,27459,2803,532238,960400
1657,115,149,27344,2769,532387,963300
1658,113,132,27231,2750,532519,955900
1659,135,125,27096,2760,532644,1069900
1660,118,130,26978,2748,532774,971300
1661,99,145,26879,2702,532919,953400
1662,116,158,26763,2660,533077,1000000
1663,114,137,26649,2637,533214,958400
1664,113,133,26536,2617,533347,980300
1665,116,138,26420,2595,533485,958200
1666,111,127,26309,2579,533612,978700
1667,109,128,26200,2560,533740,1272000
1668,120,106,26080,2574,533846,969000
1669,124,135,25956,2563,533981,1012300
1670,118,135,25838,2546,534116,928600
1671,116,116,25722,2546,534232,969300
1672,127,141,25595,2532,534373,947500
1673,119,145,25476,2506,534518,957000
1674,127,124,25349,2509,534642,962700
1675,110,116,25239,2503,534758,962800
1676,108,117,25131,2494,534875,958500
1677,113,124,25018,2483,534999,958400
1678,130,126,24888,2487,535125,1203400
1679,106,108,24782,2485,535233,988900
1680,110,145,24672,2450,535378,970500
1681,111,123,24561,2438,535501,953800
1682,101,122,24460,2417,535623,951200
1683,110,138,24350,2389,535761,953100
1684,118,124,24232,2383,535885,981600
1685,94,123,24138,2354,536008,944000
1686,86,130,24052,2310,536138,941100
1687,102,101,23950,2311,536239,938500
1688,94,100,23856,2305,536339,975600
1689,123,106,23733,2322,536445,938000
1690,112,122,23621,2312,536567,951200
1691,115,104,23506,2323,536671,952100
1692,106,106,23400,2323,536777,964500
1693,101,133,23299,2291,536910,993900
1694,96,110,23203,2277,537020,1058100
1695,103,121,23100,2259,537141,997300
1696,123,119,22977,2263,537260,975300
1697,93,107,22884,2249,537367,954400
1698,106,94,22778,2261,537461,969200
1699,92,118,22686,2235,537579,953500
1700,98,117,22588,2216,537696,959200
1701,126,107,22462,2235,537803,957300
1702,102,106,22360,2231,537909,967900
1703,103,132,22257,2202,538041,1017400
1704,100,102,22157,2200,538143,940500
1705,102,95,22055,2207,538238,942300
1706,105,100,21950,2212,538338,942800
1707,93,116,21857,2189,538454,956700
1708,95,119,21762,2165,538573,1046000
1709,100,115,21662,2150,538688,955300
1710,104,102,21558,2152,538790,1172900
1711,120,92,21438,2180,538882,964200
1712,111,130,21327,2161,539012,951000
1713,122,91,21205,2192,539103,948600
1714,106,113,21099,2185,539216,950000
1715,99,97,21000,2187,539313,958000
1716,114,97,20886,2204,539410,953800
1717,91,124,20795,2171,539534,956300
1718,89,124,20706,2136,539658,959700
1719,98,95,20608,2139,539753,937700
1720,93,98,20515,2134,539851,1061800
1721,100,120,20415,2114,539971,947000
1722,98,99,20317,2113,540070,1126000
1723,108,98,20209,2123,540168,953400
1724,101,111,20108,2113,540279,1057900
1725,101,122,20007,2092,540401,955100
1726,95,96,19912,2091,540497,954300
1727,91,103,19821,2079,540600,939600
1728,85,99,19736,2065,540699,1020000
1729,96,99,19640,2062,540798,958400
1730,104,111,19536,2055,540909,998700
1731,92,106,19444,2041,541015,1080600
1732,92,97,19352,2036,541112,968500
1733,77,115,19275,1998,541227,962700
1734,77,123,19198,1952,541350,952900
1735,91,106,19107,1937,541456,955200
1736,85,105,19022,1917,541561,954600
1737,84,87,18938,1914,541648,968600
1738,92,88,18846,1918,541736,936500
1739,91,93,18755,1916,541829,930300
1740,91,97,18664,1910,541926,954900
1741,87,98,18577,1899,542024,937100
1742,80,98,18497,1881,542122,935400
1743,85,96,18412,1870,542218,1159800
1744,82,92,18330,1860,542310,961800
1745,82,109,18248,1833,542419,947700
1746,68,89,18180,1812,542508,941800
1747,71,90,18109,1793,542598,941300
1748,84,86,18025,1791,542684,947200
1749,76,89,17949,1778,542773,963400
1750,73,94,17876,1757,542867,951700
1751,79,86,17797,1750,542953,955800
1752,86,88,17711,1748,543041,950500
1753,75,82,17636,1741,543123,948700
1754,75,77,17561,1739,543200,932800
1755,73,79,17488,1733,543279,925800
1756,67,73,17421,1727,543352,1127100
1757,82,105,17339,1704,543457,987300
1758,79,71,17260,1712,543528,960300
1759,52,87,17208,1677,543615,933400
1760,89,72,17119,1694,543687,945000
1761,72,87,17047,1679,543774,933000
1762,87,75,16960,1691,543849,957500
1763,72,87,16888,1676,543936,959600
1764,71,93,16817,1654,544029,961400
1765,75,85,16742,1644,544114,967800
1766,82,72,16660,1654,544186,958000
1767,62,88,16598,1628,544274,928200
1768,81,91,16517,1618,544365,931300
1769,67,87,16450,1598,544452,927600
1770,69,82,16381,1585,544534,932600
1771,62,92,16319,1555,544626,934400
1772,57,68,16262,1544,544694,939800
1773,77,84,16185,1537,544778,931400
1774,60,62,16125,1535,544840,988800
1775,68,71,16057,1532,544911,952700
1776,72,65,15985,1539,544976,943100
1777,70,78,15915,1531,545054,944900
1778,77,72,15838,1536,545126,950200
1779,82,82,15756,1536,545208,954600
1780,78,64,15678,1550,545272,948600
1781,75,70,15603,1555,545342,935900
1782,52,66,15551,1541,545408,928800
1783,71,64,15480,1548,545472,932200
1784,77,67,15403,1558,545539,1150500
1785,87,83,15316,1562,545622,959600
1786,62,80,15254,1544,545702,954700
1787,63,73,15191,1534,545775,1093400
1788,90,73,15101,1551,545848,951300
1789,72,59,15029,1564,545907,981100
1790,75,73,14954,1566,545980,968400
1791,68,77,14886,1557,546057,947300
1792,68,74,14818,1551,546131,944100
1793,71,75,14747,1547,546206,949900
1794,72,55,14675,1564,546261,959000
1795,70,72,14605,1562,546333,934100
1796,63,78,14542,1547,546411,942200
1797,80,91,14462,1536,546502,942600
1798,56,87,14406,1505,546589,1063200
1799,64,70,14342,1499,546659,945100
1800,61,70,14281,1490,546729,966200
1801,66,66,14215,1490,546795,932900
1802,68,70,14147,1488,546865,936100
1803,63,93,14084,1458,546958,954900
1804,70,66,14014,1462,547024,947400
1805,59,82,13955,1439,547106,950400
1806,57,72,13898,1424,547178,950600
1807,51,75,13847,1400,547253,951300
1808,46,82,13801,1364,547335,1135600
1809,58,82,13743,1340,547417,954200
1810,61,62,13682,1339,547479,939200
1811,61,71,13621,1329,547550,964500
1812,48,64,13573,1313,547614,932200
1813,43,88,13530,1268,547702,938400
1814,66,67,13464,1267,547769,928500
1815,59,58,13405,1268,547827,943700
1816,51,65,13354,1254,547892,942800
1817,62,50,13292,1266,547942,938900
1818,56,72,13236,1250,548014,949200
1819,50,61,13186,1239,548075,949600
1820,41,57,13145,1223,548132,946700
1821,54,63,13091,1214,548195,947000
1822,48,63,13043,1199,548258,1036300
1823,58,53,12985,1204,548311,1065000
1824,50,54,12935,1200,548365,974000
1825,49,64,12886,1185,548429,1139700
1826,57,83,12829,1159,548512,944400
1827,42,64,12787,1137,548576,929600
1828,39,62,12748,1114,548638,932400
1829,52,55,12696,1111,548693,937800
1830,48,50,12648,1109,548743,945700
1831,38,44,12610,1103,548787,931600
1832,33,56,12577,1080,548843,946200
1833,40,58,12537,1062,548901,967600
1834,47,53,12490,1056,548954,949900
1835,41,46,12449,1051,549000,953000
1836,25,57,12424,1019,549057,949400
1837,38,51,12386,1006,549108,964200
1838,43,47,12343,1002,549155,946300
1839,42,49,12301,995,549204,926200
1840,39,59,12262,975,549263,920500
1841,42,57,12220,960,549320,948600
1842,43,46,12177,957,549366,926600
1843,45,49,12132,953,549415,945600
1844,40,54,12092,939,549469,943400
1845,35,47,12057,927,549516,946800
1846,35,57,12022,905,549573,943900
1847,31,52,11991,884,549625,942200
1848,45,39,11946,890,549664,943900
1849,42,56,11904,876,549720,936400
1850,46,48,11858,874,549768,925100
1851,29,48,11829,855,549816,1124600
1852,31,41,11798,845,549857,1012400
1853,28,36,11770,837,549893,935800
1854,41,37,11729,841,549930,1141600
1855,41,43,11688,839,549973,959900
1856,35,38,11653,836,550011,948300
1857,28,40,11625,824,550051,940300
1858,34,41,11591,817,550092,948000
1859,38,31,11553,824,550123,943400
1860,32,35,11521,821,550158,946200
1861,42,42,11479,821,550200,942800
1862,39,40,11440,820,550240,957300
1863,46,31,11394,835,550271,946000
1864,26,41,11368,820,550312,939500
1865,45,35,11323,830,550347,953200
1866,41,35,11282,836,550382,954300
1867,39,57,11243,818,550439,932900
1868,47,35,11196,830,550474,933500
1869,29,39,11167,820,550513,945700
1870,46,41,11121,825,550554,1157300
1871,40,42,11081,823,550596,1141500
1872,42,38,11039,827,550634,982600
1873,33,42,11006,818,550676,980900
1874,33,40,10973,811,550716,957500
1875,39,39,10934,811,550755,1144600
1876,40,34,10894,817,550789,934000
1877,35,42,10859,810,550831,945400
1878,35,45,10824,800,550876,944900
1879,34,36,10790,798,550912,946000
1880,32,48,10758,782,550960,1097600
1881,35,38,10723,779,550998,943200
1882,27,45,10696,761,551043,935800
1883,25,28,10671,758,551071,945000
1884,26,37,10645,747,551108,941500
1885,35,32,10610,750,551140,978700
1886,45,47,10565,748,551187,973900
1887,28,40,10537,736,551227,930800
1888,28,40,10509,724,551267,933200
1889,25,48,10484,701,551315,953500
1890,29,27,10455,703,551342,961300
1891,27,37,10428,693,551379,931700
1892,33,38,10395,688,551417,1112700
1893,21,38,10374,671,551455,941400
1894,37,38,10337,670,551493,940000
1895,33,36,10304,667,551529,940800
1896,33,31,10271,669,551560,952300
1897,34,35,10237,668,551595,944700
1898,24,32,10213,660,551627,944800
1899,25,31,10188,654,551658,943000
1900,21,22,10167,653,551680,943400
1901,33,30,10134,656,551710,940700
1902,26,25,10108,657,551735,972500
1903,34,25,10074,666,551760,924400
1904,31,34,10043,663,551794,945600
1905,23,32,10020,654,551826,945700
1906,29,28,9991,655,551854,949700
1907,27,36,9964,646,551890,941900
1908,22,35,9942,633,551925,941800
1909,23,29,9919,627,551954,942400
1910,17,29,9902,615,551983,941800
1911,28,31,9874,612,552014,921500
1912,16,30,9858,598,552044,937600
1913,27,17,9831,608,552061,917900
1914,22,37,9809,593,552098,925000
1915,21,30,9788,584,552128,949500
1916,23,20,9765,587,552148,936100
1917,21,30,9744,578,552178,948400
1918,19,23,9725,574,552201,967600
1919,26,19,9699,581,552220,950900
1920,19,22,9680,578,552242,954800
1921,29,28,9651,579,552270,946300
1922,28,36,9623,571,552306,939900
1923,17,21,9606,567,552327,924000
1924,16,26,9590,557,552353,922000
1925,22,32,9568,547,552385,928600
1926,18,18,9550,547,552403,941600
1927,11,23,9539,535,552426,945300
1928,15,18,9524,532,552444,933400
1929,10,26,9514,516,552470,936900
1930,23,29,9491,510,552499,935000
1931,23,33,9468,500,552532,945200
1932,10,15,9458,495,552547,943700
1933,19,37,9439,477,552584,943900
1934,15,24,9424,468,552608,960500
1935,15,19,9409,464,552627,941300
1936,12,18,9397,458,552645,952700
1937,20,36,9377,442,552681,937000
1938,15,32,9362,425,552713,939800
1939,17,30,9345,412,552743,1137700
1940,12,19,9333,405,552762,952300
1941,15,15,9318,405,552777,939300
1942,16,22,9302,399,552799,938100
1943,11,16,9291,394,552815,1021000
1944,19,24,9272,389,552839,1124500
1945,14,27,9258,376,552866,940400
1946,15,17,9243,374,552883,933900
1947,14,20,9229,368,552903,924400
1948,14,20,9215,362,552923,940200
1949,14,28,9201,348,552951,944100
1950,11,20,9190,339,552971,1128100
1951,16,19,9174,336,552990,1026600
1952,9,9,9165,336,552999,961400
1953,11,15,9154,332,553014,972400
1954,9,15,9145,326,553029,959400
1955,8,12,9137,322,553041,948100
1956,7,18,9130,311,553059,928500
1957,13,10,9117,314,553069,940200
1958,12,12,9105,314,553081,944200
1959,11,11,9094,314,553092,934800
1960,9,21,9085,302,553113,933200
1961,8,17,9077,293,553130,936400
1962,7,20,9070,280,553150,939800
1963,17,13,9053,284,553163,941800
1964,14,20,9039,278,553183,935900
1965,14,9,9025,283,553192,918700
1966,16,12,9009,287,553204,1011400
1967,8,10,9001,285,553214,1126600
1968,13,24,8988,274,553238,944900
1969,14,17,8974,271,553255,951200
1970,10,13,8964,268,553268,934900
1971,10,11,8954,267,553279,938300
1972,9,10,8945,266,553289,946700
1973,11,18,8934,259,553307,939200
1974,9,11,8925,257,553318,932200
1975,10,15,8915,252,553333,938400
1976,7,14,8908,245,553347,937900
1977,2,7,8906,240,553354,939500
1978,6,9,8900,237,553363,925000
1979,8,19,8892,226,553382,1128900
1980,8,9,8884,225,553391,937200
1981,5,8,8879,222,553399,945100
1982,9,15,8870,216,553414,981700
1983,9,14,8861,211,553428,1144700
1984,6,10,8855,207,553438,999800
1985,7,10,8848,204,553448,946200
1986,3,14,8845,193,553462,926400
1987,3,12,8842,184,553474,936600
1988,4,8,8838,180,553482,928400
1989,3,7,8835,176,553489,929900
1990,2,4,8833,174,553493,933300
1991,5,10,8828,169,553503,937300
1992,4,8,8824,165,553511,941700
1993,9,6,8815,168,553517,929300
1994,6,6,8809,168,553523,953500
1995,7,8,8802,167,553531,922600
1996,7,7,8795,167,553538,931400
1997,2,13,8793,156,553551,951300
1998,7,9,8786,154,553560,932800
1999,4,7,8782,151,553567,926600
2000,3,10,8779,144,553577,979300
2001,5,6,8774,143,553583,962100
2002,3,9,8771,137,553592,945500
2003,5,7,8766,135,553599,937000
2004,3,9,8763,129,553608,940100
2005,4,6,8759,127,553614,960000
2006,1,14,8758,114,553628,925300
2007,3,7,8755,110,553635,931800
2008,4,3,8751,111,553638,1262200
2009,1,3,8750,109,553641,940700
2010,3,11,8747,101,553652,945800
2011,1,5,8746,97,553657,934200
2012,6,7,8740,96,553664,947100
2013,5,7,8735,94,553671,1008800
2014,6,9,8729,91,553680,931000
2015,3,3,8726,91,553683,964200
2016,1,2,8725,90,553685,1122800
2017,2,5,8723,87,553690,939400
2018,4,2,8719,89,553692,915200
2019,0,6,8719,83,553698,934100
2020,2,2,8717,83,553700,937700
2021,2,5,8715,80,553705,923900
2022,0,3,8715,77,553708,945800
2023,1,1,8714,77,553709,915400
2024,4,2,8710,79,553711,943000
2025,1,4,8709,76,553715,977600
2026,1,5,8708,72,553720,945900
2027,2,7,8706,67,553727,998800
2028,1,5,8705,63,553732,948400
2029,0,1,8705,62,553733,943800
2030,1,0,8704,63,553733,925400
2031,3,3,8701,63,553736,943900
2032,0,4,8701,59,553740,1098200
2033,2,1,8699,60,553741,1020700
2034,1,4,8698,57,553745,971000
2035,2,7,8696,52,553752,971300
2036,1,2,8695,51,553754,1016300
2037,0,1,8695,50,553755,946000
2038,0,2,8695,48,553757,953900
2039,1,2,8694,47,553759,958500
2040,1,2,8693,46,553761,965300
2041,3,1,8690,48,553762,955200
2042,1,1,8689,48,553763,958800
2043,1,2,8688,47,553765,960300
2044,0,5,8688,42,553770,978100
2045,1,1,8687,42,553771,956300
2046,0,3,8687,39,553774,943800
2047,0,1,8687,38,553775,968600
2048,0,2,8687,36,553777,955600
2049,1,3,8686,34,553780,1113800
2050,1,1,8685,34,553781,1007000
2051,0,1,8685,33,553782,958500
2052,0,4,8685,29,553786,961700
2053,0,2,8685,27,553788,948700
2054,0,0,8685,27,553788,966800
2055,0,2,8685,25,553790,956600
2056,0,2,8685,23,553792,961300
2057,0,2,8685,21,553794,963200
2058,0,0,8685,21,553794,975300
2059,0,1,8685,20,553795,1028200
2060,0,0,8685,20,553795,989900
2061,0,2,8685,18,553797,946600
2062,0,0,8685,18,553797,936600
2063,0,0,8685,18,553797,1194300
2064,1,1,8684,18,553798,960500
2065,0,1,8684,17,553799,957600
2066,0,2,8684,15,553801,953300
2067,0,0,8684,15,553801,949900
2068,0,1,8684,14,553802,953200
2069,0,1,8684,13,553803,952000
2070,0,1,8684,12,553804,970000
2071,0,0,8684,12,553804,943200
2072,0,0,8684,12,553804,951700
2073,0,0,8684,12,553804,959400
2074,0,2,8684,10,553806,968900
2075,0,0,8684,10,553806,944600
2076,0,1,8684,9,553807,977400
2077,0,0,8684,9,553807,950900
2078,0,0,8684,9,553807,990600
2079,0,1,8684,8,553808,972200
2080,0,0,8684,8,553808,955200
2081,0,0,8684,8,553808,949700
2082,0,0,8684,8,553808,956800
2083,0,0,8684,8,553808,956600
2084,0,0,8684,8,553808,950300
2085,0,1,8684,7,553809,944300
2086,0,0,8684,7,553809,948300
2087,0,0,8684,7,553809,956700
2088,0,0,8684,7,553809,929900
2089,0,0,8684,7,553809,938100
2090,0,0,8684,7,553809,950600
2091,0,0,8684,7,553809,940400
2092,0,0,8684,7,553809,931800
2093,0,1,8684,6,553810,940900
2094,0,0,8684,6,553810,951600
2095,0,2,8684,4,553812,952200
2096,0,0,8684,4,553812,940200
2097,0,0,8684,4,553812,979900
2098,0,0,8684,4,553812,931000
2099,0,0,8684,4,553812,937200
2100,0,0,8684,4,553812,941700
2101,0,0,8684,4,553812,943400
2102,0,0,8684,4,553812,942700
2103,0,0,8684,4,553812,940400
2104,0,0,8684,4,553812,935800
2105,0,0,8684,4,553812,929600
2106,0,0,8684,4,553812,972700
2107,0,0,8684,4,553812,926400
2108,0,0,8684,4,553812,933900
2109,0,0,8684,4,553812,926600
2110,0,0,8684,4,553812,931800
2111,0,0,8684,4,553812,980300
2112,0,0,8684,4,553812,945100
2113,0,0,8684,4,553812,941500
2114,0,0,8684,4,553812,951600
2115,0,1,8684,3,553813,971100
2116,0,0,8684,3,553813,927900
2117,0,0,8684,3,553813,936000
2118,0,0,8684,3,553813,932700
2119,0,0,8684,3,553813,933700
2120,0,0,8684,3,553813,940300
2121,0,0,8684,3,553813,936100
2122,0,0,8684,3,553813,943800
2123,0,0,8684,3,553813,931400
2124,0,0,8684,3,553813,945400
2125,0,0,8684,3,553813,943300
2126,0,0,8684,3,553813,940600
2127,0,0,8684,3,553813,979500
2128,0,0,8684,3,553813,969700
2129,0,0,8684,3,553813,936500
2130,0,0,8684,3,553813,942600
2131,0,0,8684,3,553813,943600
2132,0,0,8684,3,553813,932500
2133,0,0,8684,3,553813,928200
2134,0,0,8684,3,553813,925300
2135,0,0,8684,3,553813,942000
2136,0,0,8684,3,553813,1009300
2137,0,0,8684,3,553813,972700
2138,0,0,8684,3,553813,1112800
2139,0,0,8684,3,553813,952600
2140,0,0,8684,3,553813,942300
2141,0,0,8684,3,553813,931300
2142,0,0,8684,3,553813,934900
2143,0,0,8684,3,553813,959600
2144,0,0,8684,3,553813,1059900
2145,0,0,8684,3,553813,1261000
2146,0,0,8684,3,553813,1006600
2147,0,1,8684,2,553814,955500
2148,0,1,8684,1,553815,932100
2149,0,0,8684,1,553815,932700
2150,0,0,8684,1,553815,1106400
2151,0,0,8684,1,553815,935400
2152,0,0,8684,1,553815,928400
2153,0,0,8684,1,553815,948200
2154,0,1,8684,0,553816,937900
