Tick,NewlyInfected,NewlyRecovered,TotalSusceptible,TotalInfected,TotalRecovered,StepTimeNanos
0,4,0,562491,9,0,1484300
1,3,0,562488,12,0,996300
2,1,1,562487,12,1,933200
3,3,0,562484,15,1,965200
4,2,1,562482,16,2,1069600
5,6,1,562476,21,3,1047000
6,5,1,562471,25,4,1129000
7,1,4,562470,22,8,951600
8,3,1,562467,24,9,929300
9,6,0,562461,30,9,918000
10,10,2,562451,38,11,900700
11,11,3,562440,46,14,942000
12,6,2,562434,50,16,941100
13,8,4,562426,54,20,954900
14,7,1,562419,60,21,1109600
15,5,6,562414,59,27,929500
16,5,5,562409,59,32,933300
17,10,2,562399,67,34,937900
18,4,6,562395,65,40,925200
19,5,2,562390,68,42,1025400
20,7,3,562383,72,45,950200
21,6,4,562377,74,49,957300
22,7,1,562370,80,50,933100
23,6,3,562364,83,53,930100
24,9,5,562355,87,58,979800
25,8,4,562347,91,62,1020800
26,13,2,562334,102,64,933400
27,13,4,562321,111,68,929900
28,10,4,562311,117,72,928900
29,12,7,562299,122,79,945800
30,11,7,562288,126,86,919100
31,9,3,562279,132,89,925500
32,10,7,562269,135,96,927900
33,15,8,562254,142,104,985800
34,18,8,562236,152,112,947600
35,13,2,562223,163,114,940900
36,17,7,562206,173,121,965000
37,19,6,562187,186,127,967100
38,23,8,562164,201,135,942600
39,22,9,562142,214,144,947000
40,13,7,562129,220,151,999000
41,20,16,562109,224,167,948600
42,25,8,562084,241,175,930000
43,24,10,562060,255,185,930500
44,18,16,562042,257,201,988900
45,19,10,562023,266,211,927500
46,19,13,562004,272,224,933300
47,24,13,561980,283,237,1127600
48,29,8,561951,304,245,943000
49,24,19,561927,309,264,939100
50,18,13,561909,314,277,1093200
51,21,14,561888,321,291,947900
52,24,21,561864,324,312,939200
53,28,10,561836,342,322,931100
54,26,11,561810,357,333,925300
55,36,17,561774,376,350,931400
56,19,11,561755,384,361,946100
57,44,11,561711,417,372,935300
58,28,16,561683,429,388,929400
59,33,21,561650,441,409,1028000
60,26,22,561624,445,431,1150200
61,35,16,561589,464,447,960400
62,30,23,561559,471,470,971600
63,34,18,561525,487,488,927600
64,30,33,561495,484,521,927100
65,32,28,561463,488,549,927300
66,33,17,561430,504,566,937000
67,30,29,561400,505,595,927200
68,36,23,561364,518,618,929600
69,27,19,561337,526,637,929200
70,39,26,561298,539,663,936200
71,39,41,561259,537,704,932200
72,24,31,561235,530,735,929100
73,29,19,561206,540,754,997300
74,39,27,561167,552,781,935000
75,34,25,561133,561,806,920000
76,39,29,561094,571,835,930000
77,40,22,561054,589,857,929300
78,41,29,561013,601,886,930600
79,46,25,560967,622,911,939700
80,42,36,560925,628,947,929300
81,50,28,560875,650,975,929000
82,45,40,560830,655,1015,928300
83,39,30,560791,664,1045,931400
84,48,33,560743,679,1078,934200
85,54,35,560689,698,1113,932600
86,46,35,560643,709,1148,950700
87,41,34,560602,716,1182,992700
88,55,36,560547,735,1218,1173800
89,51,30,560496,756,1248,942100
90,63,45,560433,774,1293,918800
91,64,41,560369,797,1334,930000
92,58,40,560311,815,1374,932800
93,50,33,560261,832,1407,996300
94,66,40,560195,858,1447,932600
95,54,39,560141,873,1486,935600
96,60,37,560081,896,1523,1019300
97,61,40,560020,917,1563,943100
98,65,52,559955,930,1615,933500
99,57,47,559898,940,1662,943200
100,46,51,559852,935,1713,934600
101,62,47,559790,950,1760,932600
102,51,49,559739,952,1809,934500
103,72,45,559667,979,1854,1002000
104,72,37,559595,1014,1891,923500
105,74,64,559521,1024,1955,931200
106,76,55,559445,1045,2010,946700
107,83,43,559362,1085,2053,936500
108,89,54,559273,1120,2107,933700
109,82,58,559191,1144,2165,931000
110,70,57,559121,1157,2222,930000
111,84,46,559037,1195,2268,952400
112,91,67,558946,1219,2335,933900
113,77,66,558869,1230,2401,942200
114,89,62,558780,1257,2463,971100
115,82,54,558698,1285,2517,1129100
116,85,46,558613,1324,2563,948500
117,89,55,558524,1358,2618,947900
118,93,65,558431,1386,2683,935300
119,87,71,558344,1402,2754,975300
120,105,68,558239,1439,2822,1035300
121,88,59,558151,1468,2881,937800
122,98,74,558053,1492,2955,935900
123,93,84,557960,1501,3039,958000
124,95,95,557865,1501,3134,937900
125,91,89,557774,1503,3223,940200
126,100,81,557674,1522,3304,937100
127,96,80,557578,1538,3384,935400
128,89,81,557489,1546,3465,939800
129,84,88,557405,1542,3553,976200
130,77,74,557328,1545,3627,1117100
131,101,62,557227,1584,3689,954400
132,97,91,557130,1590,3780,960100
133,106,70,557024,1626,3850,941200
134,91,81,556933,1636,3931,940200
135,108,69,556825,1675,4000,937900
136,96,68,556729,1703,4068,960200
137,97,78,556632,1722,4146,940000
138,111,80,556521,1753,4226,938000
139,123,81,556398,1795,4307,943300
140,107,88,556291,1814,4395,940600
141,112,96,556179,1830,4491,953900
142,112,98,556067,1844,4589,988700
143,108,91,555959,1861,4680,947900
144,103,93,555856,1871,4773,954300
145,113,95,555743,1889,4868,943000
146,120,89,555623,1920,4957,945000
147,101,99,555522,1922,5056,943800
148,110,102,555412,1930,5158,944900
149,115,103,555297,1942,5261,943200
150,119,109,555178,1952,5370,1127500
151,97,86,555081,1963,5456,944700
152,114,99,554967,1978,5555,943800
153,103,111,554864,1970,5666,941500
154,96,108,554768,1958,5774,936400
155,108,120,554660,1946,5894,946400
156,124,86,554536,1984,5980,947200
157,112,102,554424,1994,6082,1100500
158,109,103,554315,2000,6185,990600
159,110,92,554205,2018,6277,959400
160,117,103,554088,2032,6380,961100
161,122,111,553966,2043,6491,948800
162,132,92,553834,2083,6583,941900
163,126,93,553708,2116,6676,943400
164,118,116,553590,2118,6792,966000
165,119,83,553471,2154,6875,995100
166,117,125,553354,2146,7000,942100
167,102,96,553252,2152,7096,939800
168,93,121,553159,2124,7217,939600
169,113,97,553046,2140,7314,968300
170,137,116,552909,2161,7430,979300
171,116,107,552793,2170,7537,953500
172,118,91,552675,2197,7628,943100
173,128,110,552547,2215,7738,972400
174,126,116,552421,2225,7854,1012500
175,126,122,552295,2229,7976,935000
176,116,135,552179,2210,8111,985400
177,129,107,552050,2232,8218,973100
178,129,105,551921,2256,8323,945800
179,134,123,551787,2267,8446,989500
180,134,114,551653,2287,8560,949900
181,139,133,551514,2293,8693,1172000
182,136,116,551378,2313,8809,955800
183,147,116,551231,2344,8925,947300
184,135,130,551096,2349,9055,1035200
185,148,125,550948,2372,9180,1012900
186,144,131,550804,2385,9311,1196300
187,140,124,550664,2401,9435,1035000
188,135,140,550529,2396,9575,964500
189,156,142,550373,2410,9717,1014000
190,144,125,550229,2429,9842,956600
191,129,126,550100,2432,9968,958900
192,149,120,549951,2461,10088,1000700
193,147,158,549804,2450,10246,952400
194,130,123,549674,2457,10369,951600
195,164,122,549510,2499,10491,1013500
196,163,127,549347,2535,10618,962700
197,152,138,549195,2549,10756,968300
198,149,125,549046,2573,10881,1035700
199,141,133,548905,2581,11014,981500
200,186,150,548719,2617,11164,985000
201,157,141,548562,2633,11305,1033500
202,161,137,548401,2657,11442,985200
203,150,127,548251,2680,11569,964300
204,163,139,548088,2704,11708,949400
205,174,134,547914,2744,11842,946700
206,151,128,547763,2767,11970,950900
207,166,126,547597,2807,12096,943300
208,172,149,547425,2830,12245,951000
209,159,145,547266,2844,12390,948900
210,147,138,547119,2853,12528,1200900
211,177,153,546942,2877,12681,1095500
212,162,135,546780,2904,12816,1010600
213,148,135,546632,2917,12951,994500
214,178,165,546454,2930,13116,996200
215,166,122,546288,2974,13238,1086600
216,171,129,546117,3016,13367,1265600
217,189,155,545928,3050,13522,1314900
218,167,147,545761,3070,13669,1054700
219,174,155,545587,3089,13824,1359300
220,164,174,545423,3079,13998,1171700
221,181,149,545242,3111,14147,1067100
222,169,157,545073,3123,14304,1173500
223,173,173,544900,3123,14477,1121900
224,166,154,544734,3135,14631,1106900
225,178,152,544556,3161,14783,968600
226,179,151,544377,3189,14934,1002700
227,182,170,544195,3201,15104,1007700
228,208,153,543987,3256,15257,1048600
229,171,158,543816,3269,15415,998500
230,188,146,543628,3311,15561,977300
231,193,158,543435,3346,15719,971400
232,189,174,543246,3361,15893,1085700
233,185,176,543061,3370,16069,992400
234,184,135,542877,3419,16204,967400
235,169,158,542708,3430,16362,963300
236,179,186,542529,3423,16548,1163100
237,164,202,542365,3385,16750,987900
238,186,156,542179,3415,16906,1029600
239,183,182,541996,3416,17088,1268300
240,189,163,541807,3442,17251,1112500
241,188,148,541619,3482,17399,1046500
242,199,175,541420,3506,17574,1012000
243,210,190,541210,3526,17764,991200
244,184,175,541026,3535,17939,1039500
245,191,177,540835,3549,18116,972800
246,202,156,540633,3595,18272,985500
247,202,157,540431,3640,18429,1042800
248,190,179,540241,3651,18608,972000
249,191,173,540050,3669,18781,1004600
250,200,171,539850,3698,18952,1048700
251,197,176,539653,3719,19128,1027100
252,212,178,539441,3753,19306,959200
253,198,186,539243,3765,19492,1007900
254,179,182,539064,3762,19674,981700
255,218,183,538846,3797,19857,950100
256,214,188,538632,3823,20045,977700
257,234,181,538398,3876,20226,954400
258,202,217,538196,3861,20443,970400
259,214,189,537982,3886,20632,1001400
260,230,203,537752,3913,20835,973100
261,213,195,537539,3931,21030,979500
262,249,202,537290,3978,21232,963700
263,231,190,537059,4019,21422,955700
264,269,200,536790,4088,21622,1088000
265,239,216,536551,4111,21838,988400
266,232,190,536319,4153,22028,980700
267,218,230,536101,4141,22258,977800
268,227,211,535874,4157,22469,1035700
269,206,209,535668,4154,22678,1035800
270,247,208,535421,4193,22886,1027700
271,261,245,535160,4209,23131,957900
272,220,222,534940,4207,23353,964300
273,246,216,534694,4237,23569,967900
274,229,197,534465,4269,23766,1138700
275,222,220,534243,4271,23986,960100
276,226,214,534017,4283,24200,956800
277,233,222,533784,4294,24422,957600
278,226,188,533558,4332,24610,1142800
279,213,211,533345,4334,24821,1028200
280,204,207,533141,4331,25028,980500
281,241,206,532900,4366,25234,1001600
282,228,184,532672,4410,25418,978900
283,208,211,532464,4407,25629,1015500
284,224,243,532240,4388,25872,1014100
285,225,228,532015,4385,26100,1023600
286,239,210,531776,4414,26310,993400
287,260,209,531516,4465,26519,995100
288,230,222,531286,4473,26741,1011800
289,259,225,531027,4507,26966,1013700
290,260,219,530767,4548,27185,1022400
291,244,245,530523,4547,27430,1042200
292,256,231,530267,4572,27661,1052100
293,265,220,530002,4617,27881,1058600
294,281,233,529721,4665,28114,1002700
295,269,255,529452,4679,28369,1012700
296,247,243,529205,4683,28612,998400
297,238,233,528967,4688,28845,987000
298,248,267,528719,4669,29112,977900
299,232,228,528487,4673,29340,992600
300,248,215,528239,4706,29555,964700
301,265,273,527974,4698,29828,974500
302,262,216,527712,4744,30044,1136400
303,277,227,527435,4794,30271,1027000
304,236,213,527199,4817,30484,1105100
305,245,246,526954,4816,30730,1036700
306,254,222,526700,4848,30952,1017400
307,269,241,526431,4876,31193,1000600
308,248,259,526183,4865,31452,1046000
309,275,240,525908,4900,31692,996000
310,266,242,525642,4924,31934,993200
311,286,242,525356,4968,32176,966400
312,250,242,525106,4976,32418,977500
313,295,266,524811,5005,32684,968300
314,249,259,524562,4995,32943,1107000
315,238,255,524324,4978,33198,973100
316,267,248,524057,4997,33446,989900
317,278,277,523779,4998,33723,983900
318,270,231,523509,5037,33954,960200
319,271,251,523238,5057,34205,973000
320,255,249,522983,5063,34454,1041200
321,262,234,522721,5091,34688,985300
322,283,243,522438,5131,34931,1047900
323,282,242,522156,5171,35173,977500
324,275,256,521881,5190,35429,965500
325,282,240,521599,5232,35669,960700
326,307,275,521292,5264,35944,968700
327,310,262,520982,5312,36206,1096400
328,277,244,520705,5345,36450,970200
329,285,258,520420,5372,36708,987200
330,287,265,520133,5394,36973,992900
331,284,281,519849,5397,37254,1028500
332,288,246,519561,5439,37500,1066100
333,254,270,519307,5423,37770,1163800
334,268,271,519039,5420,38041,1044000
335,275,241,518764,5454,38282,978300
336,302,297,518462,5459,38579,974400
337,292,290,518170,5461,38869,1079400
338,274,290,517896,5445,39159,974300
339,268,272,517628,5441,39431,971100
340,281,276,517347,5446,39707,974700
341,295,274,517052,5467,39981,1014200
342,279,282,516773,5464,40263,1207200
343,276,263,516497,5477,40526,1054800
344,297,279,516200,5495,40805,1027800
345,307,287,515893,5515,41092,998600
346,295,294,515598,5516,41386,991300
347,269,243,515329,5542,41629,1032900
348,285,278,515044,5549,41907,1053600
349,301,261,514743,5589,42168,1057000
350,350,259,514393,5680,42427,1020500
351,326,270,514067,5736,42697,995600
352,297,290,513770,5743,42987,1044600
353,310,272,513460,5781,43259,988700
354,305,305,513155,5781,43564,995800
355,300,257,512855,5824,43821,992500
356,291,310,512564,5805,44131,1180500
357,318,266,512246,5857,44397,1010200
358,327,305,511919,5879,44702,1040700
359,312,300,511607,5891,45002,980400
360,323,284,511284,5930,45286,982200
361,330,299,510954,5961,45585,990000
362,277,317,510677,5921,45902,1008500
363,312,293,510365,5940,46195,978800
364,336,276,510029,6000,46471,980100
365,318,283,509711,6035,46754,978900
366,352,286,509359,6101,47040,985200
367,291,289,509068,6103,47329,978500
368,305,309,508763,6099,47638,1002400
369,322,320,508441,6101,47958,982800
370,348,318,508093,6131,48276,978400
371,329,330,507764,6130,48606,977700
372,319,293,507445,6156,48899,1126400
373,304,306,507141,6154,49205,1185200
374,313,334,506828,6133,49539,1212400
375,349,301,506479,6181,49840,1026300
376,291,328,506188,6144,50168,1041700
377,298,317,505890,6125,50485,997900
378,329,289,505561,6165,50774,1003500
379,334,313,505227,6186,51087,983800
380,310,333,504917,6163,51420,987900
381,327,276,504590,6214,51696,978000
382,327,291,504263,6250,51987,981100
383,329,328,503934,6251,52315,990100
384,339,336,503595,6254,52651,1010800
385,354,275,503241,6333,52926,1017900
386,355,321,502886,6367,53247,1028800
387,363,283,502523,6447,53530,1013100
388,352,340,502171,6459,53870,1012300
389,328,331,501843,6456,54201,1011900
390,334,346,501509,6444,54547,1039800
391,356,323,501153,6477,54870,1017300
392,329,333,500824,6473,55203,1063800
393,378,356,500446,6495,55559,1005600
394,332,329,500114,6498,55888,1012300
395,332,305,499782,6525,56193,1010200
396,359,331,499423,6553,56524,988600
397,371,331,499052,6593,56855,1027700
398,319,308,498733,6604,57163,981300
399,350,338,498383,6616,57501,1014300
400,335,339,498048,6612,57840,990700
401,350,319,497698,6643,58159,992600
402,347,318,497351,6672,58477,986100
403,353,339,496998,6686,58816,993600
404,368,334,496630,6720,59150,1005800
405,314,340,496316,6694,59490,998200
406,344,346,495972,6692,59836,1019400
407,339,335,495633,6696,60171,1012200
408,340,377,495293,6659,60548,1021300
409,354,319,494939,6694,60867,1013100
410,375,345,494564,6724,61212,1002000
411,340,330,494224,6734,61542,1015000
412,356,322,493868,6768,61864,1293500
413,357,322,493511,6803,62186,1012600
414,372,321,493139,6854,62507,1002100
415,364,327,492775,6891,62834,1029500
416,353,364,492422,6880,63198,987500
417,372,356,492050,6896,63554,987500
418,368,340,491682,6924,63894,987200
419,399,320,491283,7003,64214,991800
420,356,326,490927,7033,64540,1184100
421,381,342,490546,7072,64882,1007100
422,342,359,490204,7055,65241,991200
423,367,352,489837,7070,65593,1030100
424,387,345,489450,7112,65938,1043100
425,360,351,489090,7121,66289,1046800
426,375,341,488715,7155,66630,1040300
427,377,391,488338,7141,67021,1046000
428,351,333,487987,7159,67354,1036000
429,371,329,487616,7201,67683,1097600
430,381,345,487235,7237,68028,1044200
431,360,346,486875,7251,68374,1020000
432,362,354,486513,7259,68728,1031700
433,373,339,486140,7293,69067,1021000
434,360,317,485780,7336,69384,1007000
435,345,375,485435,7306,69759,1071900
436,376,405,485059,7277,70164,1055600
437,396,334,484663,7339,70498,1061900
438,385,352,484278,7372,70850,1091300
439,382,396,483896,7358,71246,1069600
440,375,399,483521,7334,71645,1039800
441,379,348,483142,7365,71993,1030000
442,404,367,482738,7402,72360,1028800
443,381,377,482357,7406,72737,1028800
444,404,391,481953,7419,73128,1050000
445,406,371,481547,7454,73499,1054900
446,411,380,481136,7485,73879,1197500
447,374,358,480762,7501,74237,1019300
448,405,392,480357,7514,74629,1018100
449,390,347,479967,7557,74976,1001700
450,383,401,479584,7539,75377,1028700
451,397,403,479187,7533,75780,1024800
452,404,350,478783,7587,76130,1037800
453,407,367,478376,7627,76497,1066400
454,410,396,477966,7641,76893,1050600
455,426,414,477540,7653,77307,1034900
456,389,379,477151,7663,77686,1032300
457,374,374,476777,7663,78060,1084700
458,352,407,476425,7608,78467,1041700
459,369,405,476056,7572,78872,1029500
460,373,423,475683,7522,79295,1035900
461,399,351,475284,7570,79646,1026100
462,422,382,474862,7610,80028,1025900
463,390,387,474472,7613,80415,1016600
464,413,351,474059,7675,80766,1015600
465,429,433,473630,7671,81199,1023900
466,416,380,473214,7707,81579,1019800
467,430,395,472784,7742,81974,1034600
468,441,380,472343,7803,82354,1019800
469,410,376,471933,7837,82730,1036700
470,425,389,471508,7873,83119,1075900
471,400,402,471108,7871,83521,1056100
472,444,398,470664,7917,83919,1250300
473,460,413,470204,7964,84332,1288300
474,422,399,469782,7987,84731,1061400
475,435,385,469347,8037,85116,1051100
476,387,390,468960,8034,85506,1038600
477,403,404,468557,8033,85910,1122400
478,395,391,468162,8037,86301,1043400
479,389,400,467773,8026,86701,1031800
480,454,375,467319,8105,87076,1025900
481,398,405,466921,8098,87481,1028100
482,452,421,466469,8129,87902,1025800
483,450,392,466019,8187,88294,1025200
484,419,434,465600,8172,88728,1021000
485,440,431,465160,8181,89159,1030800
486,426,415,464734,8192,89574,1012600
487,426,404,464308,8214,89978,1001000
488,434,427,463874,8221,90405,1031000
489,465,434,463409,8252,90839,1015100
490,430,423,462979,8259,91262,1009900
491,456,405,462523,8310,91667,1004600
492,453,420,462070,8343,92087,1006300
493,435,388,461635,8390,92475,1007600
494,431,414,461204,8407,92889,1025000
495,443,410,460761,8440,93299,1008100
496,470,416,460291,8494,93715,1005700
497,426,455,459865,8465,94170,1010200
498,447,402,459418,8510,94572,1007900
499,429,445,458989,8494,95017,1031900
500,458,423,458531,8529,95440,1007900
501,481,398,458050,8612,95838,1012500
502,438,413,457612,8637,96251,1008000
503,445,452,457167,8630,96703,1019200
504,416,401,456751,8645,97104,1011500
505,483,475,456268,8653,97579,1047700
506,413,409,455855,8657,97988,1040100
507,409,423,455446,8643,98411,1036900
508,491,424,454955,8710,98835,1037300
509,491,475,454464,8726,99310,1042100
510,454,409,454010,8771,99719,1033700
511,432,457,453578,8746,100176,1048400
512,441,442,453137,8745,100618,1044700
513,454,452,452683,8747,101070,1039100
514,456,429,452227,8774,101499,1053000
515,459,457,451768,8776,101956,1018900
516,447,468,451321,8755,102424,1035100
517,433,431,450888,8757,102855,1034200
518,420,399,450468,8778,103254,1033400
519,466,433,450002,8811,103687,1160400
520,452,433,449550,8830,104120,1050100
521,453,437,449097,8846,104557,1041400
522,459,418,448638,8887,104975,1017200
523,438,447,448200,8878,105422,1025600
524,450,454,447750,8874,105876,1005500
525,461,426,447289,8909,106302,1003600
526,489,442,446800,8956,106744,1014000
527,456,441,446344,8971,107185,1007800
528,421,503,445923,8889,107688,1003800
529,463,455,445460,8897,108143,1002400
530,462,441,444998,8918,108584,1013100
531,461,438,444537,8941,109022,1027200
532,428,421,444109,8948,109443,1009300
533,437,469,443672,8916,109912,1027900
534,494,464,443178,8946,110376,1097200
535,449,458,442729,8937,110834,1013400
536,466,470,442263,8933,111304,1038200
537,497,444,441766,8986,111748,1045400
538,471,468,441295,8989,112216,1036800
539,487,440,440808,9036,112656,1038500
540,483,437,440325,9082,113093,1084500
541,463,421,439862,9124,113514,1052100
542,450,429,439412,9145,113943,1036100
543,439,446,438973,9138,114389,1038400
544,452,475,438521,9115,114864,1035100
545,503,457,438018,9161,115321,1035400
546,491,440,437527,9212,115761,1031900
547,517,442,437010,9287,116203,1045600
548,505,469,436505,9323,116672,1203800
549,487,483,436018,9327,117155,1068600
550,465,490,435553,9302,117645,1041100
551,507,449,435046,9360,118094,1088100
552,493,435,434553,9418,118529,1006000
553,461,479,434092,9400,119008,1016400
554,515,471,433577,9444,119479,1011500
555,478,472,433099,9450,119951,1016400
556,489,436,432610,9503,120387,1013800
557,481,432,432129,9552,120819,1007000
558,497,482,431632,9567,121301,1001700
559,460,500,431172,9527,121801,1042100
560,453,454,430719,9526,122255,1021000
561,485,480,430234,9531,122735,1019600
562,507,486,429727,9552,123221,1017100
563,480,494,429247,9538,123715,1047000
564,498,491,428749,9545,124206,1054800
565,510,475,428239,9580,124681,1029600
566,460,488,427779,9552,125169,1038900
567,522,527,427257,9547,125696,1072500
568,502,449,426755,9600,126145,1051300
569,508,451,426247,9657,126596,1036800
570,511,476,425736,9692,127072,1050500
571,521,536,425215,9677,127608,1116400
572,529,512,424686,9694,128120,1041200
573,515,468,424171,9741,128588,1087500
574,507,480,423664,9768,129068,1072800
575,502,437,423162,9833,129505,1045300
576,508,473,422654,9868,129978,1045500
577,511,498,422143,9881,130476,1078300
578,491,522,421652,9850,130998,1076500
579,501,476,421151,9875,131474,1037400
580,457,476,420694,9856,131950,1011100
581,486,480,420208,9862,132430,1011600
582,521,490,419687,9893,132920,1131900
583,501,484,419186,9910,133404,1019500
584,468,466,418718,9912,133870,1022700
585,482,487,418236,9907,134357,1009800
586,496,510,417740,9893,134867,1017600
587,491,500,417249,9884,135367,1023700
588,481,540,416768,9825,135907,1010200
589,481,480,416287,9826,136387,1010300
590,476,497,415811,9805,136884,1007700
591,505,472,415306,9838,137356,1139400
592,508,515,414798,9831,137871,1049400
593,496,525,414302,9802,138396,1062200
594,494,466,413808,9830,138862,1023400
595,525,461,413283,9894,139323,1012200
596,527,501,412756,9920,139824,1066700
597,500,528,412256,9892,140352,1016700
598,531,483,411725,9940,140835,1018600
599,532,488,411193,9984,141323,1019100
600,507,473,410686,10018,141796,1021500
601,499,468,410187,10049,142264,1021900
602,537,481,409650,10105,142745,1009900
603,564,536,409086,10133,143281,1009600
604,508,490,408578,10151,143771,1007700
605,517,541,408061,10127,144312,1013000
606,532,508,407529,10151,144820,1028700
607,463,510,407066,10104,145330,1081100
608,505,519,406561,10090,145849,1016300
609,484,521,406077,10053,146370,1016100
610,517,520,405560,10050,146890,1041600
611,531,498,405029,10083,147388,1043000
612,483,488,404546,10078,147876,1049200
613,487,526,404059,10039,148402,1037000
614,511,487,403548,10063,148889,1084700
615,500,520,403048,10043,149409,1057800
616,545,520,402503,10068,149929,1044700
617,536,496,401967,10108,150425,1038100
618,527,540,401440,10095,150965,1039500
619,499,505,400941,10089,151470,1061000
620,547,501,400394,10135,151971,1045900
621,529,575,399865,10089,152546,1052200
622,539,516,399326,10112,153062,1291000
623,488,532,398838,10068,153594,1066300
624,506,505,398332,10069,154099,1039700
625,507,506,397825,10070,154605,1043200
626,514,492,397311,10092,155097,1035300
627,505,515,396806,10082,155612,1064800
628,506,520,396300,10068,156132,1052400
629,532,513,395768,10087,156645,1049300
630,470,505,395298,10052,157150,1059200
631,528,486,394770,10094,157636,1048600
632,484,490,394286,10088,158126,1050500
633,527,531,393759,10084,158657,1044800
634,526,494,393233,10116,159151,1047000
635,487,538,392746,10065,159689,1044900
636,484,466,392262,10083,160155,1061900
637,522,529,391740,10076,160684,1065300
638,533,484,391207,10125,161168,1052600
639,485,523,390722,10087,161691,1070100
640,447,511,390275,10023,162202,1074000
641,473,537,389802,9959,162739,1083500
642,488,508,389314,9939,163247,1065400
643,524,488,388790,9975,163735,1269100
644,537,523,388253,9989,164258,1098700
645,498,532,387755,9955,164790,1257400
646,440,495,387315,9900,165285,1111900
647,484,509,386831,9875,165794,1044300
648,502,500,386329,9877,166294,1044100
649,495,434,385834,9938,166728,1043000
650,499,522,385335,9915,167250,1039000
651,478,482,384857,9911,167732,1102400
652,459,516,384398,9854,168248,1059100
653,480,506,383918,9828,168754,1045300
654,514,477,383404,9865,169231,1037100
655,476,480,382928,9861,169711,1075200
656,503,518,382425,9846,170229,1053400
657,472,459,381953,9859,170688,1037500
658,532,479,381421,9912,171167,1064200
659,510,519,380911,9903,171686,1181700
660,474,504,380437,9873,172190,1046700
661,454,526,379983,9801,172716,1029900
662,494,452,379489,9843,173168,1080200
663,538,504,378951,9877,173672,1054000
664,499,481,378452,9895,174153,1046200
665,499,509,377953,9885,174662,1047300
666,477,482,377476,9880,175144,1090300
667,488,472,376988,9896,175616,1065500
668,468,524,376520,9840,176140,1068000
669,468,507,376052,9801,176647,1059600
670,477,514,375575,9764,177161,1053700
671,502,489,375073,9777,177650,1046500
672,506,477,374567,9806,178127,1069200
673,442,484,374125,9764,178611,1051800
674,472,465,373653,9771,179076,1054300
675,471,498,373182,9744,179574,1047200
676,500,450,372682,9794,180024,1096000
677,508,509,372174,9793,180533,1048800
678,490,533,371684,9750,181066,1049900
679,467,531,371217,9686,181597,1052700
680,510,507,370707,9689,182104,1278300
681,481,476,370226,9694,182580,1077100
682,515,458,369711,9751,183038,1064700
683,493,502,369218,9742,183540,1049500
684,466,462,368752,9746,184002,1042000
685,478,515,368274,9709,184517,1020900
686,471,489,367803,9691,185006,1050900
687,502,482,367301,9711,185488,1058300
688,486,501,366815,9696,185989,1053900
689,462,535,366353,9623,186524,1045100
690,490,485,365863,9628,187009,1044500
691,482,451,365381,9659,187460,1041700
692,479,472,364902,9666,187932,1044100
693,508,468,364394,9706,188400,1051300
694,491,471,363903,9726,188871,1067500
695,486,475,363417,9737,189346,1119000
696,485,465,362932,9757,189811,1067900
697,486,501,362446,9742,190312,1062800
698,503,485,361943,9760,190797,1055200
699,513,474,361430,9799,191271,1058100
700,467,540,360963,9726,191811,1056500
701,493,483,360470,9736,192294,1056000
702,493,490,359977,9739,192784,1054800
703,514,475,359463,9778,193259,1051900
704,503,532,358960,9749,193791,1065900
705,468,518,358492,9699,194309,1079900
706,479,442,358013,9736,194751,1068200
707,488,484,357525,9740,195235,1060200
708,482,459,357043,9763,195694,1062600
709,490,478,356553,9775,196172,1058700
710,452,499,356101,9728,196671,1094300
711,481,450,355620,9759,197121,1067200
712,481,488,355139,9752,197609,1054800
713,476,468,354663,9760,198077,1045400
714,466,496,354197,9730,198573,1049900
715,480,446,353717,9764,199019,1037000
716,532,497,353185,9799,199516,1045700
717,450,476,352735,9773,199992,1052600
718,452,474,352283,9751,200466,1105900
719,441,497,351842,9695,200963,1050400
720,493,457,351349,9731,201420,1045700
721,474,501,350875,9704,201921,1144900
722,479,507,350396,9676,202428,1088500
723,439,471,349957,9644,202899,1037600
724,468,494,349489,9618,203393,1029500
725,487,520,349002,9585,203913,1116800
726,491,419,348511,9657,204332,1100900
727,503,486,348008,9674,204818,1077800
728,503,492,347505,9685,205310,1060900
729,500,431,347005,9754,205741,1073500
730,498,503,346507,9749,206244,1066400
731,439,513,346068,9675,206757,1057900
732,501,470,345567,9706,207227,1056400
733,474,525,345093,9655,207752,1055200
734,508,465,344585,9698,208217,1048700
735,476,482,344109,9692,208699,1065300
736,436,496,343673,9632,209195,1247300
737,514,503,343159,9643,209698,1062800
738,500,479,342659,9664,210177,1120200
739,509,504,342150,9669,210681,1083800
740,494,440,341656,9723,211121,1079000
741,481,511,341175,9693,211632,1043200
742,482,512,340693,9663,212144,1043600
743,470,440,340223,9693,212584,1041600
744,438,493,339785,9638,213077,1043400
745,457,494,339328,9601,213571,1033500
746,472,481,338856,9592,214052,1261300
747,484,463,338372,9613,214515,1053000
748,513,495,337859,9631,215010,1063300
749,466,481,337393,9616,215491,1054700
750,475,497,336918,9594,215988,1064700
751,486,501,336432,9579,216489,1051500
752,466,520,335966,9525,217009,1063500
753,438,466,335528,9497,217475,1056500
754,462,480,335066,9479,217955,1064000
755,437,480,334629,9436,218435,1065300
756,447,468,334182,9415,218903,1178800
757,462,479,333720,9398,219382,1075300
758,469,445,333251,9422,219827,1105800
759,478,476,332773,9424,220303,1369500
760,427,445,332346,9406,220748,1127600
761,457,459,331889,9404,221207,1140600
762,430,464,331459,9370,221671,1264300
763,465,462,330994,9373,222133,1042700
764,439,472,330555,9340,222605,1085000
765,469,428,330086,9381,223033,1083400
766,476,476,329610,9381,223509,1068300
767,485,462,329125,9404,223971,1071500
768,475,490,328650,9389,224461,1082900
769,412,468,328238,9333,224929,1105800
770,429,479,327809,9283,225408,1037600
771,426,460,327383,9249,225868,1072300
772,492,483,326891,9258,226351,1072700
773,455,478,326436,9235,226829,1118200
774,455,448,325981,9242,227277,1044400
775,444,479,325537,9207,227756,1034900
776,436,442,325101,9201,228198,1036400
777,466,446,324635,9221,228644,1041300
778,463,439,324172,9245,229083,1075700
779,429,480,323743,9194,229563,1068700
780,492,464,323251,9222,230027,1076800
781,473,464,322778,9231,230491,1056000
782,428,450,322350,9209,230941,1058200
783,462,465,321888,9206,231406,1108200
784,501,449,321387,9258,231855,1081100
785,448,445,320939,9261,232300,1066600
786,422,440,320517,9243,232740,1071600
787,458,472,320059,9229,233212,1041800
788,406,445,319653,9190,233657,1040000
789,422,444,319231,9168,234101,1064300
790,455,467,318776,9156,234568,1018600
791,444,455,318332,9145,235023,1059900
792,456,452,317876,9149,235475,1065600
793,470,504,317406,9115,235979,1063000
794,427,476,316979,9066,236455,1056900
795,445,447,316534,9064,236902,1060300
796,478,470,316056,9072,237372,1061800
797,479,459,315577,9092,237831,1079900
798,442,420,315135,9114,238251,1065000
799,461,419,314674,9156,238670,1055600
800,449,464,314225,9141,239134,1020900
801,483,471,313742,9153,239605,1040200
802,462,431,313280,9184,240036,1018500
803,450,469,312830,9165,240505,1013700
804,477,461,312353,9181,240966,1019300
805,453,462,311900,9172,241428,1032700
806,437,492,311463,9117,241920,1018800
807,485,510,310978,9092,242430,1019800
808,445,441,310533,9096,242871,1016700
809,465,476,310068,9085,243347,1021600
810,475,457,309593,9103,243804,1020500
811,437,503,309156,9037,244307,1018700
812,465,516,308691,8986,244823,1024500
813,477,442,308214,9021,245265,1017900
814,481,451,307733,9051,245716,1022100
815,463,439,307270,9075,246155,1020100
816,436,429,306834,9082,246584,1021200
817,507,458,306327,9131,247042,1021600
818,484,473,305843,9142,247515,1021300
819,444,430,305399,9156,247945,1014500
820,459,483,304940,9132,248428,1026900
821,434,465,304506,9101,248893,1020400
822,448,450,304058,9099,249343,1021200
823,478,465,303580,9112,249808,1019400
824,466,467,303114,9111,250275,1020600
825,408,438,302706,9081,250713,1018200
826,454,445,302252,9090,251158,1022000
827,448,497,301804,9041,251655,1020700
828,479,447,301325,9073,252102,1017400
829,434,455,300891,9052,252557,1013600
830,439,461,300452,9030,253018,1019300
831,453,454,299999,9029,253472,1014600
832,425,469,299574,8985,253941,1043800
833,443,439,299131,8989,254380,1045300
834,458,442,298673,9005,254822,1040800
835,466,462,298207,9009,255284,1039700
836,432,449,297775,8992,255733,1039800
837,426,490,297349,8928,256223,1012000
838,438,433,296911,8933,256656,1038100
839,426,452,296485,8907,257108,1034100
840,434,459,296051,8882,257567,1038100
841,458,442,295593,8898,258009,1037600
842,433,458,295160,8873,258467,1045100
843,438,417,294722,8894,258884,1266300
844,444,478,294278,8860,259362,1033400
845,464,448,293814,8876,259810,1042500
846,421,434,293393,8863,260244,1059300
847,422,422,292971,8863,260666,1055300
848,464,461,292507,8866,261127,1030900
849,474,437,292033,8903,261564,1028000
850,422,449,291611,8876,262013,1049300
851,446,433,291165,8889,262446,1040700
852,472,440,290693,8921,262886,1031300
853,419,483,290274,8857,263369,1026800
854,453,469,289821,8841,263838,1024200
855,447,425,289374,8863,264263,1023100
856,469,422,288905,8910,264685,1025800
857,450,421,288455,8939,265106,1048700
858,448,471,288007,8916,265577,1030800
859,448,442,287559,8922,266019,1039600
860,468,449,287091,8941,266468,1029900
861,440,436,286651,8945,266904,1024800
862,438,459,286213,8924,267363,1022700
863,467,445,285746,8946,267808,1025000
864,433,441,285313,8938,268249,1024800
865,454,423,284859,8969,268672,1023900
866,443,413,284416,8999,269085,1022400
867,444,469,283972,8974,269554,1026900
868,480,434,283492,9020,269988,1053100
869,461,473,283031,9008,270461,1028600
870,442,439,282589,9011,270900,1026500
871,442,419,282147,9034,271319,1021400
872,440,413,281707,9061,271732,1030200
873,468,451,281239,9078,272183,1031200
874,456,465,280783,9069,272648,1044200
875,434,423,280349,9080,273071,1027600
876,486,424,279863,9142,273495,1027700
877,500,446,279363,9196,273941,1053600
878,453,429,278910,9220,274370,1035500
879,432,443,278478,9209,274813,1031200
880,446,411,278032,9244,275224,1029200
881,481,489,277551,9236,275713,1030400
882,483,491,277068,9228,276204,1032800
883,469,459,276599,9238,276663,1033200
884,455,468,276144,9225,277131,1035100
885,475,474,275669,9226,277605,1034800
886,457,455,275212,9228,278060,1032700
887,417,460,274795,9185,278520,1034100
888,437,442,274358,9180,278962,1054100
889,459,464,273899,9175,279426,1047500
890,484,420,273415,9239,279846,1039400
891,496,459,272919,9276,280305,1066400
892,476,483,272443,9269,280788,1056500
893,496,442,271947,9323,281230,1082900
894,474,457,271473,9340,281687,1053200
895,457,492,271016,9305,282179,1038800
896,462,488,270554,9279,282667,1064800
897,454,460,270100,9273,283127,1050900
898,469,449,269631,9293,283576,1040300
899,440,470,269191,9263,284046,1035400
900,454,437,268737,9280,284483,1036300
901,431,475,268306,9236,284958,1036300
902,491,512,267815,9215,285470,1038600
903,459,470,267356,9204,285940,1064900
904,489,482,266867,9211,286422,1084400
905,439,433,266428,9217,286855,1050000
906,453,474,265975,9196,287329,1042000
907,456,449,265519,9203,287778,1065100
908,442,441,265077,9204,288219,1041900
909,459,449,264618,9214,288668,1046200
910,442,473,264176,9183,289141,1053400
911,444,452,263732,9175,289593,1060000
912,455,493,263277,9137,290086,1044800
913,428,459,262849,9106,290545,1035900
914,451,457,262398,9100,291002,1048200
915,422,406,261976,9116,291408,1172600
916,455,414,261521,9157,291822,1048200
917,465,464,261056,9158,292286,1346300
918,440,450,260616,9148,292736,1081400
919,457,476,260159,9129,293212,1032500
920,454,445,259705,9138,293657,1024500
921,429,473,259276,9094,294130,1027200
922,424,446,258852,9072,294576,1023200
923,436,420,258416,9088,294996,1010400
924,452,472,257964,9068,295468,1034600
925,445,474,257519,9039,295942,1023200
926,406,412,257113,9033,296354,1008800
927,428,476,256685,8985,296830,1093700
928,442,469,256243,8958,297299,1034300
929,470,448,255773,8980,297747,1031400
930,464,479,255309,8965,298226,1033200
931,451,426,254858,8990,298652,1042700
932,437,433,254421,8994,299085,1055300
933,425,460,253996,8959,299545,1008900
934,433,429,253563,8963,299974,1030600
935,450,448,253113,8965,300422,1045500
936,455,444,252658,8976,300866,1026900
937,476,430,252182,9022,301296,1009300
938,447,416,251735,9053,301712,1030800
939,420,421,251315,9052,302133,1031100
940,434,466,250881,9020,302599,1034600
941,475,462,250406,9033,303061,1031900
942,485,471,249921,9047,303532,1027900
943,448,445,249473,9050,303977,1238000
944,449,471,249024,9028,304448,1064900
945,429,479,248595,8978,304927,1059500
946,428,436,248167,8970,305363,1059900
947,442,447,247725,8965,305810,1175100
948,429,483,247296,8911,306293,1069000
949,470,431,246826,8950,306724,1042100
950,450,445,246376,8955,307169,1039800
951,456,441,245920,8970,307610,1031100
952,451,437,245469,8984,308047,1032500
953,443,461,245026,8966,308508,1034800
954,459,462,244567,8963,308970,1054400
955,419,416,244148,8966,309386,1031700
956,467,412,243681,9021,309798,1065200
957,443,455,243238,9009,310253,1064200
958,435,488,242803,8956,310741,1055000
959,445,418,242358,8983,311159,1058400
960,439,444,241919,8978,311603,1056100
961,433,483,241486,8928,312086,1089900
962,452,462,241034,8918,312548,1073500
963,433,438,240601,8913,312986,1062000
964,437,466,240164,8884,313452,1034600
965,464,440,239700,8908,313892,1028400
966,447,448,239253,8907,314340,1029800
967,408,427,238845,8888,314767,1056700
968,475,402,238370,8961,315169,1026600
969,422,454,237948,8929,315623,1062000
970,422,471,237526,8880,316094,1031100
971,443,454,237083,8869,316548,1041400
972,454,429,236629,8894,316977,1097700
973,409,433,236220,8870,317410,1258400
974,461,468,235759,8863,317878,1048900
975,439,467,235320,8835,318345,1030000
976,474,420,234846,8889,318765,1046400
977,463,486,234383,8866,319251,1047000
978,462,450,233921,8878,319701,1024900
979,435,458,233486,8855,320159,1014900
980,437,436,233049,8856,320595,1026100
981,447,446,232602,8857,321041,1030300
982,430,423,232172,8864,321464,1027800
983,434,432,231738,8866,321896,1025200
984,462,450,231276,8878,322346,1023100
985,491,473,230785,8896,322819,1026100
986,449,442,230336,8903,323261,1023500
987,483,408,229853,8978,323669,1021400
988,478,438,229375,9018,324107,1038400
989,460,440,228915,9038,324547,1023500
990,479,453,228436,9064,325000,1054500
991,453,438,227983,9079,325438,1032400
992,462,435,227521,9106,325873,1037600
993,464,477,227057,9093,326350,1030900
994,432,429,226625,9096,326779,1022300
995,429,430,226196,9095,327209,1022500
996,452,459,225744,9088,327668,1235800
997,434,474,225310,9048,328142,1034000
998,436,467,224874,9017,328609,1051600
999,435,467,224439,8985,329076,1055700
1000,425,458,224014,8952,329534,1056800
1001,450,443,223564,8959,329977,1071600
1002,449,429,223115,8979,330406,1059800
1003,461,431,222654,9009,330837,1064200
1004,473,463,222181,9019,331300,1063700
1005,428,463,221753,8984,331763,1064100
1006,480,417,221273,9047,332180,1084600
1007,420,421,220853,9046,332601,1064400
1008,453,404,220400,9095,333005,1055500
1009,466,454,219934,9107,333459,1060000
1010,464,449,219470,9122,333908,1072600
1011,462,440,219008,9144,334348,1062500
1012,413,464,218595,9093,334812,1061300
1013,443,455,218152,9081,335267,1061700
1014,461,459,217691,9083,335726,1062000
1015,438,459,217253,9062,336185,1064400
1016,474,478,216779,9058,336663,1072300
1017,442,467,216337,9033,337130,1063300
1018,429,444,215908,9018,337574,1062000
1019,469,417,215439,9070,337991,1031200
1020,432,436,215007,9066,338427,1040400
1021,436,429,214571,9073,338856,1031100
1022,451,512,214120,9012,339368,1024900
1023,441,468,213679,8985,339836,1030500
1024,449,442,213230,8992,340278,1027400
1025,448,473,212782,8967,340751,1092800
1026,460,426,212322,9001,341177,1032200
1027,467,460,211855,9008,341637,1062100
1028,460,438,211395,9030,342075,1032300
1029,437,481,210958,8986,342556,1228000
1030,443,486,210515,8943,343042,1170700
1031,464,484,210051,8923,343526,1057700
1032,445,432,209606,8936,343958,1248800
1033,427,473,209179,8890,344431,1078300
1034,471,425,208708,8936,344856,1086400
1035,447,433,208261,8950,345289,1313900
1036,490,454,207771,8986,345743,1086400
1037,447,476,207324,8957,346219,1053300
1038,435,434,206889,8958,346653,1027700
1039,463,421,206426,9000,347074,1028100
1040,461,435,205965,9026,347509,1110400
1041,486,410,205479,9102,347919,1028700
1042,442,482,205037,9062,348401,1029200
1043,450,390,204587,9122,348791,1030800
1044,489,449,204098,9162,349240,1039100
1045,465,485,203633,9142,349725,1029100
1046,446,467,203187,9121,350192,1073100
1047,431,403,202756,9149,350595,1038600
1048,463,453,202293,9159,351048,1031500
1049,529,473,201764,9215,351521,1039500
1050,450,488,201314,9177,352009,1048300
1051,472,453,200842,9196,352462,1032200
1052,450,430,200392,9216,352892,1034000
1053,489,451,199903,9254,353343,1032400
1054,484,459,199419,9279,353802,1033700
1055,512,467,198907,9324,354269,1039300
1056,489,462,198418,9351,354731,1038500
1057,480,458,197938,9373,355189,1039900
1058,510,423,197428,9460,355612,1049500
1059,469,466,196959,9463,356078,1042500
1060,506,436,196453,9533,356514,1039500
1061,469,447,195984,9555,356961,1038300
1062,490,447,195494,9598,357408,1039400
1063,455,496,195039,9557,357904,1067100
1064,454,495,194585,9516,358399,1074600
1065,488,476,194097,9528,358875,1062900
1066,460,466,193637,9522,359341,1071300
1067,462,491,193175,9493,359832,1030800
1068,458,476,192717,9475,360308,1042300
1069,422,433,192295,9464,360741,1031100
1070,440,452,191855,9452,361193,1033500
1071,462,453,191393,9461,361646,1032400
1072,446,447,190947,9460,362093,1049000
1073,485,429,190462,9516,362522,1035300
1074,429,503,190033,9442,363025,1037700
1075,456,495,189577,9403,363520,1038600
1076,476,463,189101,9416,363983,1036600
1077,460,479,188641,9397,364462,1033800
1078,468,479,188173,9386,364941,1041000
1079,438,477,187735,9347,365418,1055100
1080,398,496,187337,9249,365914,1037100
1081,459,434,186878,9274,366348,1034600
1082,468,446,186410,9296,366794,1037000
1083,438,466,185972,9268,367260,1042400
1084,464,482,185508,9250,367742,1037500
1085,468,448,185040,9270,368190,1035300
1086,452,486,184588,9236,368676,1043800
1087,478,461,184110,9253,369137,1039200
1088,436,487,183674,9202,369624,1068800
1089,452,435,183222,9219,370059,1070700
1090,482,460,182740,9241,370519,1069500
1091,434,462,182306,9213,370981,1064700
1092,424,471,181882,9166,371452,1065700
1093,448,446,181434,9168,371898,1065900
1094,424,515,181010,9077,372413,1071200
1095,448,435,180562,9090,372848,1098700
1096,427,496,180135,9021,373344,1079400
1097,461,456,179674,9026,373800,1071400
1098,446,451,179228,9021,374251,1206300
1099,482,425,178746,9078,374676,1078100
1100,409,466,178337,9021,375142,1068700
1101,434,432,177903,9023,375574,1037400
1102,457,442,177446,9038,376016,1033900
1103,450,468,176996,9020,376484,1272800
1104,494,416,176502,9098,376900,1043900
1105,471,456,176031,9113,377356,1038300
1106,422,446,175609,9089,377802,1040700
1107,467,430,175142,9126,378232,1059100
1108,430,480,174712,9076,378712,1080000
1109,448,455,174264,9069,379167,1047500
1110,465,425,173799,9109,379592,1041400
1111,477,455,173322,9131,380047,1038700
1112,469,454,172853,9146,380501,1042200
1113,458,468,172395,9136,380969,1035100
1114,485,474,171910,9147,381443,1044400
1115,461,452,171449,9156,381895,1038000
1116,455,471,170994,9140,382366,1034300
1117,462,454,170532,9148,382820,1035900
1118,427,445,170105,9130,383265,1040000
1119,415,439,169690,9106,383704,1031900
1120,409,478,169281,9037,384182,1032900
1121,437,462,168844,9012,384644,1032300
1122,446,446,168398,9012,385090,1275300
1123,413,459,167985,8966,385549,1062500
1124,401,422,167584,8945,385971,1061800
1125,417,450,167167,8912,386421,1077400
1126,471,421,166696,8962,386842,1081900
1127,427,454,166269,8935,387296,1098800
1128,431,456,165838,8910,387752,1072900
1129,414,465,165424,8859,388217,1073300
1130,414,460,165010,8813,388677,1065700
1131,414,479,164596,8748,389156,1069400
1132,434,428,164162,8754,389584,1067100
1133,425,440,163737,8739,390024,1074100
1134,451,428,163286,8762,390452,1075800
1135,438,429,162848,8771,390881,1033200
1136,411,443,162437,8739,391324,1080000
1137,419,459,162018,8699,391783,1051300
1138,411,433,161607,8677,392216,1035200
1139,432,415,161175,8694,392631,1038900
1140,445,440,160730,8699,393071,1033200
1141,426,445,160304,8680,393516,1031000
1142,418,462,159886,8636,393978,1050100
1143,420,424,159466,8632,394402,1032900
1144,395,416,159071,8611,394818,1028000
1145,459,473,158612,8597,395291,1032500
1146,400,419,158212,8578,395710,1028900
1147,407,415,157805,8570,396125,1034400
1148,408,415,157397,8563,396540,1026500
1149,406,438,156991,8531,396978,1024900
1150,405,384,156586,8552,397362,1023700
1151,426,409,156160,8569,397771,1058600
1152,403,430,155757,8542,398201,1088600
1153,446,422,155311,8566,398623,1029800
1154,409,430,154902,8545,399053,1244800
1155,395,421,154507,8519,399474,1045400
1156,437,398,154070,8558,399872,1035100
1157,407,387,153663,8578,400259,1060200
1158,465,443,153198,8600,400702,1035900
1159,416,417,152782,8599,401119,1027600
1160,460,413,152322,8646,401532,1065800
1161,463,419,151859,8690,401951,1128100
1162,476,393,151383,8773,402344,1039400
1163,415,437,150968,8751,402781,1057700
1164,387,407,150581,8731,403188,1062000
1165,387,461,150194,8657,403649,1058800
1166,404,434,149790,8627,404083,1080900
1167,399,448,149391,8578,404531,1069100
1168,395,417,148996,8556,404948,1064900
1169,374,469,148622,8461,405417,1058900
1170,412,433,148210,8440,405850,1057400
1171,400,427,147810,8413,406277,1062000
1172,404,455,147406,8362,406732,1058600
1173,391,404,147015,8349,407136,1058000
1174,425,422,146590,8352,407558,1053000
1175,370,425,146220,8297,407983,1053200
1176,391,432,145829,8256,408415,1056000
1177,350,435,145479,8171,408850,1054400
1178,375,394,145104,8152,409244,1094800
1179,381,409,144723,8124,409653,1067000
1180,388,392,144335,8120,410045,1057500
1181,367,413,143968,8074,410458,1061600
1182,409,426,143559,8057,410884,1108500
1183,370,393,143189,8034,411277,1061600
1184,406,399,142783,8041,411676,1053500
1185,370,396,142413,8015,412072,1033600
1186,383,399,142030,7999,412471,1023200
1187,377,402,141653,7974,412873,1060800
1188,407,430,141246,7951,413303,1032300
1189,389,391,140857,7949,413694,1067900
1190,409,414,140448,7944,414108,1028200
1191,400,423,140048,7921,414531,1026800
1192,415,400,139633,7936,414931,1020200
1193,394,392,139239,7938,415323,1024800
1194,400,427,138839,7911,415750,1023600
1195,381,391,138458,7901,416141,1021400
1196,361,372,138097,7890,416513,1018200
1197,395,366,137702,7919,416879,1249700
1198,412,388,137290,7943,417267,1038900
1199,399,428,136891,7914,417695,1024600
1200,379,400,136512,7893,418095,1011000
1201,373,391,136139,7875,418486,1018400
1202,423,375,135716,7923,418861,1026600
1203,394,399,135322,7918,419260,1024000
1204,421,381,134901,7958,419641,1027700
1205,427,394,134474,7991,420035,1023800
1206,415,422,134059,7984,420457,1022400
1207,413,392,133646,8005,420849,1018000
1208,434,405,133212,8034,421254,1057400
1209,423,418,132789,8039,421672,1028200
1210,385,405,132404,8019,422077,1024200
1211,424,398,131980,8045,422475,1031200
1212,379,402,131601,8022,422877,1203000
1213,363,393,131238,7992,423270,1121200
1214,393,380,130845,8005,423650,1090900
1215,367,417,130478,7955,424067,1137000
1216,398,388,130080,7965,424455,1090900
1217,388,373,129692,7980,424828,1076800
1218,405,402,129287,7983,425230,1075300
1219,387,407,128900,7963,425637,1095100
1220,408,392,128492,7979,426029,1322600
1221,393,367,128099,8005,426396,1077500
1222,402,396,127697,8011,426792,1107500
1223,375,431,127322,7955,427223,1078300
1224,388,435,126934,7908,427658,1096200
1225,383,364,126551,7927,428022,1116500
1226,389,430,126162,7886,428452,1213100
1227,397,397,125765,7886,428849,1130400
1228,390,411,125375,7865,429260,1112500
1229,398,394,124977,7869,429654,1068200
1230,377,388,124600,7858,430042,1085300
1231,398,406,124202,7850,430448,1027700
1232,364,418,123838,7796,430866,1043900
1233,368,385,123470,7779,431251,1050200
1234,350,401,123120,7728,431652,1074900
1235,357,328,122763,7757,431980,1082600
1236,352,391,122411,7718,432371,1074000
1237,378,366,122033,7730,432737,1094300
1238,381,398,121652,7713,433135,1110700
1239,353,353,121299,7713,433488,1225800
1240,392,375,120907,7730,433863,1135300
1241,365,398,120542,7697,434261,1105000
1242,334,354,120208,7677,434615,1075800
1243,327,393,119881,7611,435008,1091100
1244,314,408,119567,7517,435416,1061400
1245,341,369,119226,7489,435785,1032300
1246,318,342,118908,7465,436127,1026200
1247,346,384,118562,7427,436511,1025600
1248,388,386,118174,7429,436897,1033100
1249,335,368,117839,7396,437265,1032200
1250,325,373,117514,7348,437638,1034800
1251,342,380,117172,7310,438018,1031600
1252,364,378,116808,7296,438396,1032400
1253,377,366,116431,7307,438762,1031400
1254,356,373,116075,7290,439135,1098500
1255,305,344,115770,7251,439479,1045500
1256,341,371,115429,7221,439850,1044500
1257,334,362,115095,7193,440212,1036700
1258,357,361,114738,7189,440573,1032900
1259,340,358,114398,7171,440931,1108800
1260,349,368,114049,7152,441299,1036900
1261,336,352,113713,7136,441651,1033200
1262,328,365,113385,7099,442016,1023900
1263,352,329,113033,7122,442345,1033600
1264,327,388,112706,7061,442733,1029900
1265,355,337,112351,7079,443070,1031700
1266,307,333,112044,7053,443403,1032500
1267,365,353,111679,7065,443756,1034300
1268,332,340,111347,7057,444096,1116400
1269,307,350,111040,7014,444446,1116600
1270,357,367,110683,7004,444813,1074000
1271,336,363,110347,6977,445176,1073400
1272,324,377,110023,6924,445553,1073500
1273,324,327,109699,6921,445880,1063000
1274,329,346,109370,6904,446226,1066300
1275,319,330,109051,6893,446556,1065200
1276,356,364,108695,6885,446920,1066400
1277,326,300,108369,6911,447220,1100100
1278,317,365,108052,6863,447585,1064000
1279,318,350,107734,6831,447935,1064400
1280,334,339,107400,6826,448274,1061000
1281,301,317,107099,6810,448591,1077300
1282,311,325,106788,6796,448916,1120100
1283,319,340,106469,6775,449256,1322300
1284,285,375,106184,6685,449631,1161000
1285,332,322,105852,6695,449953,1066000
1286,312,341,105540,6666,450294,1124800
1287,296,355,105244,6607,450649,1056700
1288,320,335,104924,6592,450984,1074800
1289,299,335,104625,6556,451319,1075100
1290,295,294,104330,6557,451613,1019100
1291,294,282,104036,6569,451895,1009600
1292,286,329,103750,6526,452224,1003000
1293,291,323,103459,6494,452547,1012700
1294,325,312,103134,6507,452859,1010800
1295,313,311,102821,6509,453170,1011600
1296,303,364,102518,6448,453534,1011800
1297,281,322,102237,6407,453856,1020900
1298,257,303,101980,6361,454159,1264700
1299,315,316,101665,6360,454475,1126700
1300,296,327,101369,6329,454802,1110100
1301,272,328,101097,6273,455130,1089100
1302,291,313,100806,6251,455443,1131000
1303,306,323,100500,6234,455766,1106800
1304,308,349,100192,6193,456115,1079100
1305,290,323,99902,6160,456438,1126800
1306,280,314,99622,6126,456752,1112000
1307,299,298,99323,6127,457050,1062300
1308,279,289,99044,6117,457339,1005000
1309,263,313,98781,6067,457652,1054000
1310,274,323,98507,6018,457975,994000
1311,266,312,98241,5972,458287,1000000
1312,280,285,97961,5967,458572,1047500
1313,293,312,97668,5948,458884,1010700
1314,273,290,97395,5931,459174,1005300
1315,277,318,97118,5890,459492,1011400
1316,294,308,96824,5876,459800,1057700
1317,272,304,96552,5844,460104,1035600
1318,272,315,96280,5801,460419,1025000
1319,281,253,95999,5829,460672,1028300
1320,274,256,95725,5847,460928,1020400
1321,275,292,95450,5830,461220,1018800
1322,295,257,95155,5868,461477,1019100
1323,283,316,94872,5835,461793,1024300
1324,290,285,94582,5840,462078,1007600
1325,285,285,94297,5840,462363,1034400
1326,276,289,94021,5827,462652,1018900
1327,298,319,93723,5806,462971,1187700
1328,278,308,93445,5776,463279,1051300
1329,303,300,93142,5779,463579,1117500
1330,282,283,92860,5778,463862,992300
1331,276,302,92584,5752,464164,992500
1332,297,291,92287,5758,464455,1022900
1333,279,316,92008,5721,464771,1021000
1334,271,271,91737,5721,465042,1020400
1335,283,304,91454,5700,465346,1019600
1336,254,292,91200,5662,465638,1021900
1337,278,287,90922,5653,465925,1014600
1338,271,280,90651,5644,466205,1087600
1339,282,274,90369,5652,466479,1036900
1340,261,294,90108,5619,466773,1020600
1341,281,273,89827,5627,467046,1027900
1342,287,279,89540,5635,467325,1032700
1343,292,284,89248,5643,467609,1022400
1344,283,274,88965,5652,467883,1023300
1345,271,260,88694,5663,468143,1046800
1346,292,285,88402,5670,468428,1028700
1347,270,270,88132,5670,468698,1024800
1348,266,285,87866,5651,468983,1144200
1349,269,260,87597,5660,469243,1106100
1350,293,266,87304,5687,469509,1099300
1351,275,304,87029,5658,469813,1029200
1352,287,301,86742,5644,470114,1022800
1353,282,265,86460,5661,470379,1116700
1354,299,276,86161,5684,470655,1024100
1355,280,270,85881,5694,470925,1080800
1356,271,291,85610,5674,471216,1054900
1357,264,285,85346,5653,471501,998500
1358,266,288,85080,5631,471789,993700
1359,258,267,84822,5622,472056,1037200
1360,297,246,84525,5673,472302,1090100
1361,260,289,84265,5644,472591,1048700
1362,283,270,83982,5657,472861,1043000
1363,263,284,83719,5636,473145,1045700
1364,259,265,83460,5630,473410,1054600
1365,280,272,83180,5638,473682,1046200
1366,261,299,82919,5600,473981,1039400
1367,251,290,82668,5561,474271,1076000
1368,243,300,82425,5504,474571,1045400
1369,243,288,82182,5459,474859,1047300
1370,266,291,81916,5434,475150,1238600
1371,255,256,81661,5433,475406,1395100
1372,268,251,81393,5450,475657,1080900
1373,247,261,81146,5436,475918,1058600
1374,264,256,80882,5444,476174,1048900
1375,263,301,80619,5406,476475,1046900
1376,265,277,80354,5394,476752,1047600
1377,281,270,80073,5405,477022,1044300
1378,259,284,79814,5380,477306,1048200
1379,279,282,79535,5377,477588,1047000
1380,239,277,79296,5339,477865,1046000
1381,266,272,79030,5333,478137,1041100
1382,279,283,78751,5329,478420,1044800
1383,259,266,78492,5322,478686,1038000
1384,294,266,78198,5350,478952,1061100
1385,265,298,77933,5317,479250,1103900
1386,277,237,77656,5357,479487,1067000
1387,284,250,77372,5391,479737,1101400
1388,261,264,77111,5388,480001,1050300
1389,246,257,76865,5377,480258,1049200
1390,258,246,76607,5389,480504,1043400
1391,274,281,76333,5382,480785,1054300
1392,255,279,76078,5358,481064,1043000
1393,272,259,75806,5371,481323,1041900
1394,271,263,75535,5379,481586,1052700
1395,269,257,75266,5391,481843,1056300
1396,273,264,74993,5400,482107,1046800
1397,274,267,74719,5407,482374,1046000
1398,252,254,74467,5405,482628,1047800
1399,277,278,74190,5404,482906,1052600
1400,288,269,73902,5423,483175,1064900
1401,303,249,73599,5477,483424,1059100
1402,291,294,73308,5474,483718,1005400
1403,275,254,73033,5495,483972,1048900
1404,265,256,72768,5504,484228,1046600
1405,290,279,72478,5515,484507,1046600
1406,242,286,72236,5471,484793,1048500
1407,270,264,71966,5477,485057,1074800
1408,274,284,71692,5467,485341,1064600
1409,261,272,71431,5456,485613,1008100
1410,249,291,71182,5414,485904,1048700
1411,254,244,70928,5424,486148,1003800
1412,283,297,70645,5410,486445,1002600
1413,264,268,70381,5406,486713,996200
1414,283,250,70098,5439,486963,1003500
1415,241,259,69857,5421,487222,1085100
1416,262,273,69595,5410,487495,1054500
1417,270,269,69325,5411,487764,998400
1418,281,247,69044,5445,488011,996800
1419,262,281,68782,5426,488292,997800
1420,276,269,68506,5433,488561,995500
1421,242,296,68264,5379,488857,1000200
1422,247,250,68017,5376,489107,1004800
1423,217,274,67800,5319,489381,1037900
1424,263,275,67537,5307,489656,999800
1425,252,261,67285,5298,489917,1011400
1426,256,238,67029,5316,490155,995700
1427,264,283,66765,5297,490438,993000
1428,241,260,66524,5278,490698,1226400
1429,253,264,66271,5267,490962,1007500
1430,239,273,66032,5233,491235,1082600
1431,242,260,65790,5215,491495,1005100
1432,264,286,65526,5193,491781,1000700
1433,239,253,65287,5179,492034,997600
1434,255,274,65032,5160,492308,996100
1435,238,245,64794,5153,492553,1000400
1436,256,269,64538,5140,492822,1014400
1437,259,261,64279,5138,493083,999100
1438,235,243,64044,5130,493326,999000
1439,268,266,63776,5132,493592,1216100
1440,245,243,63531,5134,493835,1020400
1441,236,262,63295,5108,494097,1030200
1442,232,242,63063,5098,494339,988200
1443,241,238,62822,5101,494577,1045900
1444,254,273,62568,5082,494850,1232300
1445,242,258,62326,5066,495108,1052800
1446,235,257,62091,5044,495365,1032400
1447,252,247,61839,5049,495612,995000
1448,249,238,61590,5060,495850,996800
1449,266,261,61324,5065,496111,998100
1450,240,246,61084,5059,496357,994200
1451,229,244,60855,5044,496601,990900
1452,254,244,60601,5054,496845,1040400
1453,234,258,60367,5030,497103,1001600
1454,232,273,60135,4989,497376,994200
1455,239,261,59896,4967,497637,1002000
1456,251,242,59645,4976,497879,995700
1457,252,247,59393,4981,498126,991800
1458,247,244,59146,4984,498370,996300
1459,244,222,58902,5006,498592,1030700
1460,233,240,58669,4999,498832,1063000
1461,245,246,58424,4998,499078,1052800
1462,216,245,58208,4969,499323,1015500
1463,226,221,57982,4974,499544,1034300
1464,233,238,57749,4969,499782,1027100
1465,248,254,57501,4963,500036,1019000
1466,247,260,57254,4950,500296,1017000
1467,219,262,57035,4907,500558,1026100
1468,234,206,56801,4935,500764,1016400
1469,235,265,56566,4905,501029,1016900
1470,213,245,56353,4873,501274,1024900
1471,192,258,56161,4807,501532,1015700
1472,222,261,55939,4768,501793,1023300
1473,228,252,55711,4744,502045,1018000
1474,206,218,55505,4732,502263,1016800
1475,220,245,55285,4707,502508,1090900
1476,251,254,55034,4704,502762,1041400
1477,218,244,54816,4678,503006,1019500
1478,212,248,54604,4642,503254,1016600
1479,227,228,54377,4641,503482,1010500
1480,215,230,54162,4626,503712,1015500
1481,202,242,53960,4586,503954,1011100
1482,205,206,53755,4585,504160,1023600
1483,188,218,53567,4555,504378,1012100
1484,206,231,53361,4530,504609,1009800
1485,205,237,53156,4498,504846,1011900
1486,207,228,52949,4477,505074,1032800
1487,205,210,52744,4472,505284,1014600
1488,221,236,52523,4457,505520,1007600
1489,195,216,52328,4436,505736,1011400
1490,171,209,52157,4398,505945,1026100
1491,184,203,51973,4379,506148,1069400
1492,184,232,51789,4331,506380,1038600
1493,217,225,51572,4323,506605,978500
1494,197,222,51375,4298,506827,987400
1495,230,204,51145,4324,507031,974200
1496,174,222,50971,4276,507253,1020900
1497,214,223,50757,4267,507476,1289100
1498,187,197,50570,4257,507673,1029100
1499,216,197,50354,4276,507870,1024800
1500,195,205,50159,4266,508075,1011400
1501,196,214,49963,4248,508289,1002600
1502,201,230,49762,4219,508519,1003300
1503,199,222,49563,4196,508741,1004200
1504,197,183,49366,4210,508924,974600
1505,179,221,49187,4168,509145,979600
1506,184,222,49003,4130,509367,1178900
1507,187,208,48816,4109,509575,990400
1508,165,218,48651,4056,509793,973300
1509,158,201,48493,4013,509994,967400
1510,169,188,48324,3994,510182,961700
1511,178,191,48146,3981,510373,1004400
1512,170,194,47976,3957,510567,975800
1513,187,204,47789,3940,510771,976500
1514,182,209,47607,3913,510980,963300
1515,185,184,47422,3914,511164,973000
1516,168,203,47254,3879,511367,966900
1517,168,189,47086,3858,511556,1223800
1518,181,189,46905,3850,511745,1151800
1519,170,218,46735,3802,511963,1132300
1520,172,213,46563,3761,512176,1065400
1521,159,174,46404,3746,512350,1071100
1522,161,206,46243,3701,512556,1038500
1523,191,199,46052,3693,512755,1056800
1524,204,168,45848,3729,512923,1073400
1525,176,177,45672,3728,513100,1066500
1526,181,192,45491,3717,513292,979500
1527,163,164,45328,3716,513456,961000
1528,159,170,45169,3705,513626,955500
1529,170,187,44999,3688,513813,1011100
1530,164,216,44835,3636,514029,1004900
1531,176,185,44659,3627,514214,963500
1532,157,178,44502,3606,514392,981500
1533,177,177,44325,3606,514569,1000500
1534,166,182,44159,3590,514751,961800
1535,179,180,43980,3589,514931,958700
1536,201,167,43779,3623,515098,1203900
1537,160,191,43619,3592,515289,1200800
1538,175,181,43444,3586,515470,1016300
1539,181,187,43263,3580,515657,1008300
1540,197,187,43066,3590,515844,1005900
1541,183,175,42883,3598,516019,1199200
1542,186,196,42697,3588,516215,971300
1543,183,196,42514,3575,516411,961100
1544,173,171,42341,3577,516582,981100
1545,172,179,42169,3570,516761,1263000
1546,193,174,41976,3589,516935,967900
1547,185,201,41791,3573,517136,952800
1548,179,173,41612,3579,517309,951100
1549,166,173,41446,3572,517482,1001300
1550,156,164,41290,3564,517646,996000
1551,179,171,41111,3572,517817,970900
1552,195,151,40916,3616,517968,964500
1553,185,177,40731,3624,518145,956200
1554,207,173,40524,3658,518318,1149700
1555,171,207,40353,3622,518525,995200
1556,186,203,40167,3605,518728,1228200
1557,179,181,39988,3603,518909,1004300
1558,202,155,39786,3650,519064,991800
1559,174,183,39612,3641,519247,989100
1560,194,197,39418,3638,519444,994200
1561,173,167,39245,3644,519611,990800
1562,181,190,39064,3635,519801,989100
1563,171,173,38893,3633,519974,982400
1564,182,173,38711,3642,520147,988700
1565,167,188,38544,3621,520335,1056200
1566,180,180,38364,3621,520515,988900
1567,165,172,38199,3614,520687,993600
1568,185,185,38014,3614,520872,995900
1569,191,168,37823,3637,521040,1038800
1570,158,201,37665,3594,521241,994800
1571,180,202,37485,3572,521443,987000
1572,146,178,37339,3540,521621,979600
1573,169,191,37170,3518,521812,981800
1574,174,162,36996,3530,521974,983400
1575,163,175,36833,3518,522149,979600
1576,147,173,36686,3492,522322,979400
1577,164,183,36522,3473,522505,946600
1578,142,160,36380,3455,522665,956200
1579,153,204,36227,3404,522869,983800
1580,171,168,36056,3407,523037,957900
1581,145,174,35911,3378,523211,1190900
1582,161,178,35750,3361,523389,968300
1583,162,178,35588,3345,523567,988500
1584,163,178,35425,3330,523745,950200
1585,160,159,35265,3331,523904,969700
1586,149,172,35116,3308,524076,958600
1587,151,159,34965,3300,524235,988000
1588,153,151,34812,3302,524386,1034000
1589,130,157,34682,3275,524543,980800
1590,166,188,34516,3253,524731,981200
1591,144,164,34372,3233,524895,980600
1592,138,205,34234,3166,525100,977000
1593,144,174,34090,3136,525274,975800
1594,144,158,33946,3122,525432,971600
1595,130,149,33816,3103,525581,974100
1596,154,142,33662,3115,525723,981900
1597,140,152,33522,3103,525875,993900
1598,156,145,33366,3114,526020,999700
1599,147,160,33219,3101,526180,998500
1600,151,174,33068,3078,526354,995300
1601,160,154,32908,3084,526508,994200
1602,154,132,32754,3106,526640,1206800
1603,155,159,32599,3102,526799,999800
1604,178,148,32421,3132,526947,966200
1605,159,153,32262,3138,527100,1050100
1606,135,162,32127,3111,527262,1241600
1607,148,153,31979,3106,527415,987700
1608,153,173,31826,3086,527588,997700
1609,132,161,31694,3057,527749,972000
1610,132,150,31562,3039,527899,984700
1611,157,162,31405,3034,528061,1133400
1612,119,146,31286,3007,528207,1024400
1613,132,149,31154,2990,528356,972500
1614,127,166,31027,2951,528522,990000
1615,150,165,30877,2936,528687,985300
1616,139,159,30738,2916,528846,961000
1617,161,140,30577,2937,528986,1000100
1618,113,145,30464,2905,529131,995100
1619,133,135,30331,2903,529266,994100
1620,136,157,30195,2882,529423,993600
1621,122,141,30073,2863,529564,962700
1622,137,154,29936,2846,529718,966000
1623,129,140,29807,2835,529858,963600
1624,125,161,29682,2799,530019,965400
1625,136,133,29546,2802,530152,965200
1626,139,146,29407,2795,530298,966000
1627,122,128,29285,2789,530426,968800
1628,135,126,29150,2798,530552,966600
1629,120,128,29030,2790,530680,970700
1630,140,159,28890,2771,530839,953800
1631,141,136,28749,2776,530975,974300
1632,124,128,28625,2772,531103,1132800
1633,126,137,28499,2761,531240,970100
1634,101,150,28398,2712,531390,964800
1635,113,106,28285,2719,531496,958300
1636,107,148,28178,2678,531644,974000
1637,125,134,28053,2669,531778,962300
1638,110,129,27943,2650,531907,961600
1639,99,144,27844,2605,532051,958500
1640,119,122,27725,2602,532173,957100
1641,141,129,27584,2614,532302,961900
1642,114,131,27470,2597,532433,968100
1643,133,132,27337,2598,532565,973300
1644,128,138,27209,2588,532703,966900
1645,123,117,27086,2594,532820,964100
1646,121,122,26965,2593,532942,967400
1647,126,119,26839,2600,533061,967700
1648,122,126,26717,2596,533187,930100
1649,129,140,26588,2585,533327,959900
1650,120,129,26468,2576,533456,959100
1651,145,129,26323,2592,533585,933200
1652,137,106,26186,2623,533691,1149600
1653,124,151,26062,2596,533842,971600
1654,136,112,25926,2620,533954,958500
1655,122,133,25804,2609,534087,957200
1656,125,139,25679,2595,534226,963200
1657,126,124,25553,2597,534350,961900
1658,106,157,25447,2546,534507,962400
1659,115,122,25332,2539,534629,1014400
1660,109,113,25223,2535,534742,975100
1661,131,126,25092,2540,534868,961500
1662,109,139,24983,2510,535007,955800
1663,112,140,24871,2482,535147,962100
1664,107,139,24764,2450,535286,961400
1665,124,141,24640,2433,535427,959500
1666,104,114,24536,2423,535541,925800
1667,109,126,24427,2406,535667,958200
1668,91,114,24336,2383,535781,956600
1669,100,118,24236,2365,535899,958500
1670,111,119,24125,2357,536018,969400
1671,113,132,24012,2338,536150,969300
1672,108,110,23904,2336,536260,955000
1673,105,129,23799,2312,536389,956700
1674,103,120,23696,2295,536509,973100
1675,98,96,23598,2297,536605,967500
1676,98,116,23500,2279,536721,967200
1677,101,103,23399,2277,536824,958300
1678,105,115,23294,2267,536939,954400
1679,105,105,23189,2267,537044,1162100
1680,102,94,23087,2275,537138,932400
1681,103,113,22984,2265,537251,927700
1682,129,109,22855,2285,537360,930000
1683,109,119,22746,2275,537479,958900
1684,91,122,22655,2244,537601,954900
1685,90,111,22565,2223,537712,954900
1686,87,117,22478,2193,537829,955500
1687,105,95,22373,2203,537924,953900
1688,89,106,22284,2186,538030,952000
1689,94,97,22190,2183,538127,954100
1690,98,101,22092,2180,538228,949600
1691,86,108,22006,2158,538336,995600
1692,94,102,21912,2150,538438,965100
1693,99,111,21813,2138,538549,949100
1694,74,87,21739,2125,538636,927700
1695,85,119,21654,2091,538755,927900
1696,91,103,21563,2079,538858,958400
1697,72,104,21491,2047,538962,953100
1698,94,103,21397,2038,539065,960000
1699,90,107,21307,2021,539172,957800
1700,93,102,21214,2012,539274,952400
1701,91,99,21123,2004,539373,954300
1702,83,102,21040,1985,539475,955000
1703,88,121,20952,1952,539596,952900
1704,80,111,20872,1921,539707,951200
1705,79,93,20793,1907,539800,949700
1706,83,96,20710,1894,539896,922700
1707,81,92,20629,1883,539988,947200
1708,97,88,20532,1892,540076,1040600
1709,93,84,20439,1901,540160,952400
1710,78,99,20361,1880,540259,953000
1711,83,104,20278,1859,540363,973000
1712,82,89,20196,1852,540452,948100
1713,92,92,20104,1852,540544,1122600
1714,72,70,20032,1854,540614,964400
1715,78,106,19954,1826,540720,972500
1716,76,103,19878,1799,540823,951900
1717,89,78,19789,1810,540901,949200
1718,81,102,19708,1789,541003,949900
1719,67,80,19641,1776,541083,952300
1720,81,90,19560,1767,541173,951400
1721,100,84,19460,1783,541257,950000
1722,76,86,19384,1773,541343,928800
1723,72,83,19312,1762,541426,945000
1724,86,86,19226,1762,541512,982800
1725,90,105,19136,1747,541617,974700
1726,74,85,19062,1736,541702,1135800
1727,91,95,18971,1732,541797,1166200
1728,87,85,18884,1734,541882,981500
1729,74,90,18810,1718,541972,979100
1730,72,82,18738,1708,542054,940600
1731,71,77,18667,1702,542131,944300
1732,64,80,18603,1686,542211,938700
1733,79,93,18524,1672,542304,948400
1734,85,88,18439,1669,542392,945800
1735,84,90,18355,1663,542482,953700
1736,79,85,18276,1657,542567,1078300
1737,70,85,18206,1642,542652,951600
1738,81,88,18125,1635,542740,951100
1739,62,82,18063,1615,542822,963400
1740,72,75,17991,1612,542897,954500
1741,91,87,17900,1616,542984,923100
1742,74,71,17826,1619,543055,1154500
1743,67,75,17759,1611,543130,1060900
1744,80,87,17679,1604,543217,930700
1745,84,96,17595,1592,543313,924000
1746,62,71,17533,1583,543384,918800
1747,76,93,17457,1566,543477,962600
1748,75,83,17382,1558,543560,955400
1749,72,88,17310,1542,543648,952300
1750,64,61,17246,1545,543709,1003800
1751,63,81,17183,1527,543790,949500
1752,62,63,17121,1526,543853,941500
1753,67,73,17054,1520,543926,950700
1754,62,64,16992,1518,543990,946100
1755,76,92,16916,1502,544082,947700
1756,67,70,16849,1499,544152,944600
1757,48,78,16801,1469,544230,923200
1758,54,64,16747,1459,544294,914200
1759,55,66,16692,1448,544360,928800
1760,55,74,16637,1429,544434,928400
1761,67,65,16570,1431,544499,941000
1762,60,85,16510,1406,544584,944800
1763,76,69,16434,1413,544653,949800
1764,65,70,16369,1408,544723,943000
1765,70,78,16299,1400,544801,942300
1766,65,68,16234,1397,544869,947400
1767,58,61,16176,1394,544930,919800
1768,64,71,16112,1387,545001,949300
1769,63,73,16049,1377,545074,954800
1770,66,72,15983,1371,545146,945700
1771,70,77,15913,1364,545223,949700
1772,74,74,15839,1364,545297,1032100
1773,67,80,15772,1351,545377,1152300
1774,62,67,15710,1346,545444,1084900
1775,64,65,15646,1345,545509,995700
1776,79,62,15567,1362,545571,1017200
1777,66,66,15501,1362,545637,1008800
1778,85,64,15416,1383,545701,1012400
1779,67,67,15349,1383,545768,959800
1780,78,76,15271,1385,545844,959700
1781,66,58,15205,1393,545902,962000
1782,59,65,15146,1387,545967,967400
1783,65,70,15081,1382,546037,960700
1784,70,76,15011,1376,546113,963800
1785,63,74,14948,1365,546187,961700
1786,50,81,14898,1334,546268,983700
1787,59,75,14839,1318,546343,978600
1788,81,52,14758,1347,546395,970900
1789,70,64,14688,1353,546459,968700
1790,70,82,14618,1341,546541,969400
1791,67,68,14551,1340,546609,967900
1792,52,78,14499,1314,546687,967900
1793,65,67,14434,1312,546754,970300
1794,44,67,14390,1289,546821,975300
1795,63,64,14327,1288,546885,982600
1796,46,72,14281,1262,546957,965100
1797,59,61,14222,1260,547018,961300
1798,61,58,14161,1263,547076,953100
1799,64,75,14097,1252,547151,959600
1800,56,68,14041,1240,547219,962200
1801,57,50,13984,1247,547269,969900
1802,57,56,13927,1248,547325,989000
1803,60,49,13867,1259,547374,969900
1804,55,76,13812,1238,547450,961800
1805,57,61,13755,1234,547511,953100
1806,50,53,13705,1231,547564,959000
1807,51,66,13654,1216,547630,978800
1808,67,61,13587,1222,547691,952700
1809,56,62,13531,1216,547753,966500
1810,72,77,13459,1211,547830,963900
1811,45,71,13414,1185,547901,962900
1812,52,60,13362,1177,547961,1000900
1813,55,55,13307,1177,548016,966100
1814,39,66,13268,1150,548082,968000
1815,59,49,13209,1160,548131,958300
1816,45,53,13164,1152,548184,967600
1817,48,58,13116,1142,548242,962600
1818,46,54,13070,1134,548296,978200
1819,39,50,13031,1123,548346,1210100
1820,46,48,12985,1121,548394,1023400
1821,37,62,12948,1096,548456,927200
1822,38,46,12910,1088,548502,966700
1823,38,58,12872,1068,548560,945100
1824,41,56,12831,1053,548616,941500
1825,28,41,12803,1040,548657,953700
1826,40,59,12763,1021,548716,959500
1827,34,50,12729,1005,548766,961600
1828,36,51,12693,990,548817,962300
1829,36,38,12657,988,548855,953600
1830,48,65,12609,971,548920,961500
1831,47,40,12562,978,548960,939300
1832,46,58,12516,966,549018,959100
1833,40,51,12476,955,549069,959000
1834,36,40,12440,951,549109,967400
1835,42,49,12398,944,549158,962700
1836,34,39,12364,939,549197,940100
1837,31,41,12333,929,549238,954100
1838,32,51,12301,910,549289,953700
1839,42,38,12259,914,549327,955000
1840,29,40,12230,903,549367,943300
1841,37,47,12193,893,549414,1163200
1842,32,53,12161,872,549467,1093900
1843,32,40,12129,864,549507,1143400
1844,37,44,12092,857,549551,1145400
1845,42,44,12050,855,549595,1093200
1846,43,41,12007,857,549636,1139000
1847,32,36,11975,853,549672,1005700
1848,33,49,11942,837,549721,948300
1849,46,41,11896,842,549762,957700
1850,27,40,11869,829,549802,1139500
1851,38,40,11831,827,549842,1012700
1852,39,48,11792,818,549890,969300
1853,35,34,11757,819,549924,946200
1854,31,46,11726,804,549970,958000
1855,37,47,11689,794,550017,956600
1856,34,33,11655,795,550050,968200
1857,35,40,11620,790,550090,1138000
1858,38,35,11582,793,550125,967500
1859,43,42,11539,794,550167,963800
1860,36,39,11503,791,550206,952600
1861,24,33,11479,782,550239,940200
1862,25,41,11454,766,550280,952600
1863,33,44,11421,755,550324,946000
1864,37,34,11384,758,550358,951800
1865,41,34,11343,765,550392,946100
1866,34,37,11309,762,550429,963500
1867,32,48,11277,746,550477,944100
1868,36,29,11241,753,550506,962300
1869,36,34,11205,755,550540,937100
1870,30,34,11175,751,550574,953200
1871,35,39,11140,747,550613,952700
1872,32,34,11108,745,550647,945800
1873,31,22,11077,754,550669,952800
1874,42,49,11035,747,550718,953900
1875,40,35,10995,752,550753,979000
1876,30,45,10965,737,550798,965200
1877,34,47,10931,724,550845,954700
1878,32,30,10899,726,550875,969400
1879,29,37,10870,718,550912,987100
1880,32,40,10838,710,550952,972800
1881,39,39,10799,710,550991,952500
1882,34,42,10765,702,551033,953400
1883,23,41,10742,684,551074,951000
1884,31,31,10711,684,551105,952700
1885,30,35,10681,679,551140,953900
1886,26,24,10655,681,551164,950900
1887,39,35,10616,685,551199,955200
1888,31,38,10585,678,551237,951900
1889,21,25,10564,674,551262,939800
1890,24,32,10540,666,551294,952800
1891,34,39,10506,661,551333,963900
1892,26,44,10480,643,551377,969100
1893,26,30,10454,639,551407,926400
1894,16,31,10438,624,551438,941100
1895,24,30,10414,618,551468,985700
1896,41,32,10373,627,551500,946600
1897,22,36,10351,613,551536,951700
1898,26,25,10325,614,551561,965500
1899,30,27,10295,617,551588,937600
1900,30,23,10265,624,551611,951000
1901,36,34,10229,626,551645,942000
1902,20,21,10209,625,551666,928300
1903,20,27,10189,618,551693,928600
1904,24,38,10165,604,551731,921100
1905,20,41,10145,583,551772,941900
1906,21,35,10124,569,551807,1164500
1907,21,28,10103,562,551835,1039600
1908,17,39,10086,540,551874,949400
1909,24,23,10062,541,551897,958500
1910,18,17,10044,542,551914,953200
1911,21,22,10023,541,551936,948600
1912,15,30,10008,526,551966,946800
1913,19,32,9989,513,551998,945500
1914,29,29,9960,513,552027,954000
1915,20,26,9940,507,552053,952100
1916,19,21,9921,505,552074,954400
1917,25,23,9896,507,552097,1045200
1918,17,24,9879,500,552121,927000
1919,22,23,9857,499,552144,925700
1920,30,31,9827,498,552175,949100
1921,18,34,9809,482,552209,943400
1922,12,27,9797,467,552236,954600
1923,9,27,9788,449,552263,952000
1924,15,20,9773,444,552283,926800
1925,13,16,9760,441,552299,919200
1926,16,21,9744,436,552320,1234100
1927,18,19,9726,435,552339,969600
1928,22,18,9704,439,552357,1119200
1929,12,21,9692,430,552378,961300
1930,10,21,9682,419,552399,965600
1931,18,26,9664,411,552425,1186700
1932,16,23,9648,404,552448,962200
1933,17,25,9631,396,552473,952300
1934,16,27,9615,385,552500,950400
1935,20,19,9595,386,552519,951000
1936,20,26,9575,380,552545,952600
1937,18,23,9557,375,552568,982600
1938,16,19,9541,372,552587,946300
1939,10,25,9531,357,552612,951900
1940,7,18,9524,346,552630,931300
1941,18,10,9506,354,552640,949700
1942,15,21,9491,348,552661,954000
1943,11,13,9480,346,552674,940800
1944,17,14,9463,349,552688,927500
1945,18,13,9445,354,552701,962600
1946,20,25,9425,349,552726,991400
1947,16,27,9409,338,552753,935200
1948,15,20,9394,333,552773,1155900
1949,15,17,9379,331,552790,942000
1950,26,13,9353,344,552803,932800
1951,18,19,9335,343,552822,926900
1952,17,19,9318,341,552841,931600
1953,16,16,9302,341,552857,930100
1954,12,25,9290,328,552882,954100
1955,17,17,9273,328,552899,927100
1956,16,17,9257,327,552916,928900
1957,13,15,9244,325,552931,926400
1958,16,19,9228,322,552950,922000
1959,18,24,9210,316,552974,929100
1960,11,15,9199,312,552989,917500
1961,18,12,9181,318,553001,925100
1962,13,23,9168,308,553024,932100
1963,13,20,9155,301,553044,960100
1964,11,12,9144,300,553056,928500
1965,13,16,9131,297,553072,926100
1966,16,9,9115,304,553081,931000
1967,12,19,9103,297,553100,921200
1968,14,19,9089,292,553119,918900
1969,20,13,9069,299,553132,928200
1970,17,14,9052,302,553146,1118300
1971,16,8,9036,310,553154,924500
1972,17,12,9019,315,553166,931200
1973,20,21,8999,314,553187,932700
1974,17,15,8982,316,553202,928100
1975,17,13,8965,320,553215,927500
1976,17,13,8948,324,553228,927600
1977,9,18,8939,315,553246,928700
1978,12,11,8927,316,553257,924000
1979,14,11,8913,319,553268,1122900
1980,13,20,8900,312,553288,940500
1981,15,16,8885,311,553304,917700
1982,13,16,8872,308,553320,1103700
1983,14,15,8858,307,553335,930800
1984,13,14,8845,306,553349,921900
1985,9,18,8836,297,553367,931000
1986,13,17,8823,293,553384,929000
1987,9,10,8814,292,553394,932000
1988,9,14,8805,287,553408,926900
1989,10,13,8795,284,553421,940200
1990,7,18,8788,273,553439,939500
1991,11,19,8777,265,553458,918100
1992,6,16,8771,255,553474,918300
1993,10,13,8761,252,553487,923800
1994,12,14,8749,250,553501,926100
1995,4,9,8745,245,553510,1066600
1996,6,12,8739,239,553522,933900
1997,7,13,8732,233,553535,932200
1998,11,10,8721,234,553545,938100
1999,9,11,8712,232,553556,926300
2000,4,7,8708,229,553563,924300
2001,6,12,8702,223,553575,932600
2002,11,11,8691,223,553586,1122400
2003,8,9,8683,222,553595,911100
2004,7,11,8676,218,553606,923000
2005,8,7,8668,219,553613,981400
2006,7,16,8661,210,553629,925400
2007,7,15,8654,202,553644,926600
2008,6,7,8648,201,553651,928500
2009,15,6,8633,210,553657,925900
2010,7,8,8626,209,553665,950100
2011,5,12,8621,202,553677,927600
2012,4,10,8617,196,553687,1122200
2013,7,13,8610,190,553700,935300
2014,8,13,8602,185,553713,920600
2015,4,6,8598,183,553719,929800
2016,8,11,8590,180,553730,938500
2017,6,10,8584,176,553740,924500
2018,8,11,8576,173,553751,960200
2019,5,9,8571,169,553760,924400
2020,6,12,8565,163,553772,925700
2021,6,12,8559,157,553784,919000
2022,6,10,8553,153,553794,925200
2023,5,11,8548,147,553805,926500
2024,9,6,8539,150,553811,921100
2025,4,7,8535,147,553818,926800
2026,2,7,8533,142,553825,913200
2027,1,7,8532,136,553832,925400
2028,5,11,8527,130,553843,1030800
2029,4,5,8523,129,553848,970100
2030,1,13,8522,117,553861,926600
2031,2,13,8520,106,553874,931400
2032,0,3,8520,103,553877,932300
2033,7,8,8513,102,553885,926500
2034,2,1,8511,103,553886,922300
2035,1,5,8510,99,553891,922800
2036,1,6,8509,94,553897,929900
2037,3,3,8506,94,553900,913900
2038,2,6,8504,90,553906,909900
2039,2,5,8502,87,553911,920500
2040,2,9,8500,80,553920,932600
2041,3,8,8497,75,553928,1002500
2042,1,7,8496,69,553935,924500
2043,0,3,8496,66,553938,921900
2044,0,2,8496,64,553940,920700
2045,1,4,8495,61,553944,937100
2046,3,2,8492,62,553946,965200
2047,1,5,8491,58,553951,1076000
2048,1,3,8490,56,553954,989600
2049,0,2,8490,54,553956,932600
2050,3,2,8487,55,553958,920500
2051,1,2,8486,54,553960,915500
2052,1,2,8485,53,553962,924600
2053,1,4,8484,50,553966,936400
2054,1,5,8483,46,553971,932900
2055,0,3,8483,43,553974,935000
2056,0,2,8483,41,553976,922400
2057,0,0,8483,41,553976,929100
2058,0,4,8483,37,553980,933200
2059,1,3,8482,35,553983,909800
2060,1,3,8481,33,553986,921900
2061,2,1,8479,34,553987,924000
2062,0,0,8479,34,553987,933400
2063,3,2,8476,35,553989,932000
2064,1,4,8475,32,553993,940600
2065,2,2,8473,32,553995,929300
2066,0,1,8473,31,553996,922000
2067,1,3,8472,29,553999,909700
2068,1,3,8471,27,554002,918000
2069,2,0,8469,29,554002,911000
2070,0,2,8469,27,554004,928500
2071,0,1,8469,26,554005,920500
2072,0,0,8469,26,554005,926700
2073,0,3,8469,23,554008,941700
2074,1,0,8468,24,554008,929000
2075,0,1,8468,23,554009,1032900
2076,0,0,8468,23,554009,928300
2077,0,1,8468,22,554010,926200
2078,0,0,8468,22,554010,927100
2079,0,1,8468,21,554011,1159800
2080,0,2,8468,19,554013,928400
2081,0,0,8468,19,554013,927700
2082,0,0,8468,19,554013,922400
2083,0,0,8468,19,554013,930400
2084,0,2,8468,17,554015,931400
2085,0,0,8468,17,554015,945300
2086,0,0,8468,17,554015,942000
2087,0,0,8468,17,554015,930100
2088,0,1,8468,16,554016,947000
2089,0,0,8468,16,554016,937500
2090,0,3,8468,13,554019,936300
2091,0,0,8468,13,554019,909600
2092,0,0,8468,13,554019,920800
2093,0,1,8468,12,554020,935700
2094,0,2,8468,10,554022,1114900
2095,0,1,8468,9,554023,941700
2096,0,0,8468,9,554023,927600
2097,0,1,8468,8,554024,928700
2098,0,1,8468,7,554025,927200
2099,0,1,8468,6,554026,943100
2100,0,0,8468,6,554026,921600
2101,0,0,8468,6,554026,926000
2102,0,0,8468,6,554026,905700
2103,0,0,8468,6,554026,911700
2104,0,2,8468,4,554028,922900
2105,0,0,8468,4,554028,924400
2106,0,1,8468,3,554029,928100
2107,0,0,8468,3,554029,926000
2108,0,0,8468,3,554029,926900
2109,0,0,8468,3,554029,927300
2110,0,1,8468,2,554030,926600
2111,0,0,8468,2,554030,905700
2112,0,0,8468,2,554030,1170100
2113,0,0,8468,2,554030,926900
2114,0,0,8468,2,554030,918500
2115,0,1,8468,1,554031,919000
2116,0,0,8468,1,554031,925500
2117,0,0,8468,1,554031,928800
2118,0,0,8468,1,554031,926800
2119,0,0,8468,1,554031,927900
2120,0,0,8468,1,554031,929800
2121,0,0,8468,1,554031,928700
2122,0,0,8468,1,554031,928700
2123,0,0,8468,1,554031,912000
2124,0,1,8468,0,554032,921800
