Tick,NewlyInfected,NewlyRecovered,TotalSusceptible,TotalInfected,TotalRecovered,StepTimeNanos
0,1,0,562494,6,0,25268600
1,4,0,562490,10,0,6616500
2,2,0,562488,12,0,21754800
3,2,0,562486,14,0,873200
4,1,1,562485,14,1,11239400
5,9,0,562476,23,1,4244500
6,6,2,562470,27,3,4386900
7,2,2,562468,27,5,2110400
8,6,1,562462,32,6,1067200
9,7,0,562455,39,6,816900
10,13,2,562442,50,8,911200
11,11,2,562431,59,10,885300
12,5,4,562426,60,14,895900
13,7,6,562419,61,20,870800
14,7,3,562412,65,23,841300
15,7,7,562405,65,30,867700
16,6,5,562399,66,35,852400
17,14,3,562385,77,38,869000
18,7,4,562378,80,42,836300
19,5,4,562373,81,46,901400
20,5,5,562368,81,51,918100
21,7,4,562361,84,55,891800
22,7,3,562354,88,58,918900
23,9,2,562345,95,60,935900
24,10,8,562335,97,68,854600
25,12,3,562323,106,71,834100
26,12,5,562311,113,76,822400
27,14,5,562297,122,81,843800
28,12,5,562285,129,86,878600
29,11,9,562274,131,95,854100
30,15,7,562259,139,102,1010500
31,9,4,562250,144,106,944500
32,11,11,562239,144,117,1070600
33,16,6,562223,154,123,936200
34,15,14,562208,155,137,975100
35,8,9,562200,154,146,926300
36,17,7,562183,164,153,957800
37,25,5,562158,184,158,938900
38,24,10,562134,198,168,935500
39,28,12,562106,214,180,943800
40,15,8,562091,221,188,969500
41,27,12,562064,236,200,938100
42,25,14,562039,247,214,942000
43,19,11,562020,255,225,956800
44,22,14,561998,263,239,966600
45,17,16,561981,264,255,991700
46,15,10,561966,269,265,935100
47,23,13,561943,279,278,932400
48,22,17,561921,284,295,948700
49,24,13,561897,295,308,935600
50,24,9,561873,310,317,930000
51,16,17,561857,309,334,930300
52,32,11,561825,330,345,929600
53,25,16,561800,339,361,960300
54,23,12,561777,350,373,1024700
55,28,20,561749,358,393,938200
56,20,8,561729,370,401,932000
57,36,11,561693,395,412,931700
58,35,13,561658,417,425,978400
59,35,18,561623,434,443,924200
60,33,18,561590,449,461,920800
61,36,23,561554,462,484,931100
62,38,19,561516,481,503,929600
63,53,24,561463,510,527,1114300
64,45,33,561418,522,560,934000
65,42,30,561376,534,590,939100
66,31,36,561345,529,626,930500
67,28,25,561317,532,651,969300
68,36,24,561281,544,675,961500
69,44,24,561237,564,699,932800
70,45,27,561192,582,726,930900
71,36,29,561156,589,755,921100
72,34,29,561122,594,784,932800
73,33,32,561089,595,816,937500
74,43,21,561046,617,837,1124800
75,47,26,560999,638,863,1054400
76,39,32,560960,645,895,957800
77,46,28,560914,663,923,937700
78,42,36,560872,669,959,984400
79,51,33,560821,687,992,940600
80,48,33,560773,702,1025,933800
81,54,38,560719,718,1063,935500
82,53,32,560666,739,1095,935100
83,43,29,560623,753,1124,932100
84,50,40,560573,763,1164,938500
85,69,40,560504,792,1204,941300
86,57,38,560447,811,1242,932700
87,61,47,560386,825,1289,940300
88,62,34,560324,853,1323,931300
89,66,41,560258,878,1364,951200
90,58,51,560200,885,1415,933800
91,67,58,560133,894,1473,935300
92,58,52,560075,900,1525,933300
93,50,32,560025,918,1557,935800
94,47,38,559978,927,1595,992600
95,77,51,559901,953,1646,956600
96,61,56,559840,958,1702,940500
97,47,50,559793,955,1752,933600
98,70,55,559723,970,1807,971400
99,67,54,559656,983,1861,965700
100,68,46,559588,1005,1907,938300
101,75,53,559513,1027,1960,936100
102,54,51,559459,1030,2011,1114900
103,69,54,559390,1045,2065,1020900
104,61,61,559329,1045,2126,961500
105,75,48,559254,1072,2174,964500
106,78,71,559176,1079,2245,1142500
107,65,53,559111,1091,2298,947700
108,64,55,559047,1100,2353,935400
109,71,44,558976,1127,2397,969900
110,77,52,558899,1152,2449,938800
111,86,53,558813,1185,2502,948900
112,73,60,558740,1198,2562,948200
113,86,59,558654,1225,2621,956800
114,81,63,558573,1243,2684,941700
115,85,58,558488,1270,2742,914900
116,73,55,558415,1288,2797,953800
117,82,52,558333,1318,2849,994600
118,96,55,558237,1359,2904,965100
119,87,62,558150,1384,2966,979300
120,78,67,558072,1395,3033,945600
121,87,70,557985,1412,3103,972400
122,85,85,557900,1412,3188,976500
123,84,72,557816,1424,3260,933500
124,84,84,557732,1424,3344,1144600
125,87,80,557645,1431,3424,1001100
126,92,69,557553,1454,3493,1087700
127,83,67,557470,1470,3560,986000
128,97,89,557373,1478,3649,982400
129,82,69,557291,1491,3718,943100
130,99,70,557192,1520,3788,938900
131,104,82,557088,1542,3870,941500
132,85,82,557003,1545,3952,957100
133,122,82,556881,1585,4034,943000
134,106,73,556775,1618,4107,931700
135,114,81,556661,1651,4188,937700
136,125,71,556536,1705,4259,965900
137,100,77,556436,1728,4336,939900
138,133,83,556303,1778,4419,941100
139,122,92,556181,1808,4511,989200
140,107,91,556074,1824,4602,961700
141,105,106,555969,1823,4708,940600
142,107,100,555862,1830,4808,1016800
143,119,83,555743,1866,4891,969300
144,115,86,555628,1895,4977,982100
145,132,97,555496,1930,5074,983500
146,104,101,555392,1933,5175,954300
147,121,109,555271,1945,5284,1020200
148,119,112,555152,1952,5396,939400
149,123,92,555029,1983,5488,983800
150,112,113,554917,1982,5601,1001400
151,129,90,554788,2021,5691,952900
152,108,103,554680,2026,5794,970000
153,100,105,554580,2021,5899,958800
154,113,95,554467,2039,5994,949100
155,120,119,554347,2040,6113,973700
156,120,98,554227,2062,6211,958000
157,123,101,554104,2084,6312,951000
158,108,113,553996,2079,6425,957400
159,111,104,553885,2086,6529,941400
160,133,110,553752,2109,6639,955300
161,127,103,553625,2133,6742,937300
162,106,100,553519,2139,6842,936900
163,108,116,553411,2131,6958,958300
164,106,106,553305,2131,7064,949700
165,104,121,553201,2114,7185,947800
166,122,109,553079,2127,7294,962700
167,101,103,552978,2125,7397,967800
168,97,110,552881,2112,7507,946100
169,117,97,552764,2132,7604,949300
170,128,125,552636,2135,7729,1020800
171,126,85,552510,2176,7814,962100
172,122,117,552388,2181,7931,946700
173,140,106,552248,2215,8037,946700
174,127,114,552121,2228,8151,989300
175,130,102,551991,2256,8253,937600
176,110,134,551881,2232,8387,938400
177,121,94,551760,2259,8481,948300
178,128,132,551632,2255,8613,1006200
179,110,118,551522,2247,8731,959400
180,129,105,551393,2271,8836,1055400
181,119,120,551274,2270,8956,969700
182,144,110,551130,2304,9066,1186600
183,127,105,551003,2326,9171,975100
184,138,119,550865,2345,9290,960200
185,144,98,550721,2391,9388,944100
186,130,126,550591,2395,9514,954000
187,148,105,550443,2438,9619,946800
188,158,150,550285,2446,9769,948700
189,139,135,550146,2450,9904,958000
190,138,134,550008,2454,10038,965100
191,159,122,549849,2491,10160,947300
192,146,124,549703,2513,10284,948800
193,148,151,549555,2510,10435,982000
194,153,129,549402,2534,10564,1154600
195,139,104,549263,2569,10668,956900
196,137,144,549126,2562,10812,1013900
197,133,119,548993,2576,10931,951500
198,152,135,548841,2593,11066,1102300
199,153,124,548688,2622,11190,961200
200,155,163,548533,2614,11353,957000
201,142,125,548391,2631,11478,953400
202,177,137,548214,2671,11615,949400
203,126,137,548088,2660,11752,1232500
204,148,148,547940,2660,11900,1012500
205,154,121,547786,2693,12021,949000
206,164,136,547622,2721,12157,950700
207,160,130,547462,2751,12287,978600
208,149,156,547313,2744,12443,953500
209,181,144,547132,2781,12587,969400
210,170,143,546962,2808,12730,950200
211,166,155,546796,2819,12885,955200
212,154,153,546642,2820,13038,951400
213,171,146,546471,2845,13184,952600
214,162,144,546309,2863,13328,948000
215,166,162,546143,2867,13490,948400
216,163,148,545980,2882,13638,952500
217,160,133,545820,2909,13771,989900
218,175,127,545645,2957,13898,1141100
219,164,129,545481,2992,14027,959400
220,160,146,545321,3006,14173,967400
221,184,143,545137,3047,14316,969400
222,171,144,544966,3074,14460,971300
223,178,152,544788,3100,14612,956400
224,169,159,544619,3110,14771,973300
225,193,155,544426,3148,14926,977400
226,177,150,544249,3175,15076,957500
227,196,156,544053,3215,15232,955700
228,181,146,543872,3250,15378,1006000
229,172,161,543700,3261,15539,954900
230,174,176,543526,3259,15715,953600
231,199,178,543327,3280,15893,955200
232,182,177,543145,3285,16070,954800
233,183,189,542962,3279,16259,958500
234,172,162,542790,3289,16421,956400
235,182,170,542608,3301,16591,1201800
236,201,164,542407,3338,16755,991100
237,201,180,542206,3359,16935,972700
238,199,180,542007,3378,17115,1000700
239,201,147,541806,3432,17262,969000
240,205,185,541601,3452,17447,965600
241,186,150,541415,3488,17597,956900
242,193,182,541222,3499,17779,954100
243,208,183,541014,3524,17962,954900
244,203,155,540811,3572,18117,954200
245,214,196,540597,3590,18313,1189800
246,199,193,540398,3596,18506,986100
247,187,169,540211,3614,18675,975200
248,200,173,540011,3641,18848,985800
249,200,198,539811,3643,19046,952800
250,187,180,539624,3650,19226,957800
251,199,160,539425,3689,19386,971800
252,219,207,539206,3701,19593,969700
253,203,202,539003,3702,19795,978300
254,212,181,538791,3733,19976,958500
255,192,189,538599,3736,20165,961900
256,204,179,538395,3761,20344,968400
257,204,199,538191,3766,20543,970800
258,210,201,537981,3775,20744,962100
259,198,190,537783,3783,20934,960700
260,198,186,537585,3795,21120,961300
261,226,175,537359,3846,21295,973000
262,238,210,537121,3874,21505,1002100
263,218,195,536903,3897,21700,1010200
264,214,228,536689,3883,21928,997900
265,240,202,536449,3921,22130,973700
266,217,182,536232,3956,22312,962500
267,233,188,535999,4001,22500,969400
268,211,201,535788,4011,22701,965300
269,226,174,535562,4063,22875,965400
270,254,204,535308,4113,23079,964200
271,222,229,535086,4106,23308,978200
272,207,230,534879,4083,23538,976800
273,215,187,534664,4111,23725,962800
274,229,186,534435,4154,23911,1109200
275,234,199,534201,4189,24110,964100
276,213,216,533988,4186,24326,976300
277,229,210,533759,4205,24536,991300
278,222,212,533537,4215,24748,1081600
279,224,209,533313,4230,24957,999600
280,223,206,533090,4247,25163,989600
281,249,222,532841,4274,25385,974900
282,232,196,532609,4310,25581,980700
283,245,209,532364,4346,25790,1117400
284,252,228,532112,4370,26018,977100
285,239,196,531873,4413,26214,973100
286,212,211,531661,4414,26425,970300
287,237,215,531424,4436,26640,968600
288,253,214,531171,4475,26854,1051400
289,267,240,530904,4502,27094,1149400
290,235,251,530669,4486,27345,993600
291,245,216,530424,4515,27561,977200
292,259,222,530165,4552,27783,983900
293,240,211,529925,4581,27994,1047300
294,235,213,529690,4603,28207,1182400
295,262,234,529428,4631,28441,978200
296,257,243,529171,4645,28684,975800
297,269,240,528902,4674,28924,1172300
298,257,245,528645,4686,29169,988300
299,253,233,528392,4706,29402,971200
300,261,218,528131,4749,29620,966100
301,280,275,527851,4754,29895,966200
302,243,238,527608,4759,30133,979900
303,272,230,527336,4801,30363,984400
304,264,238,527072,4827,30601,988300
305,275,224,526797,4878,30825,976900
306,253,248,526544,4883,31073,975800
307,220,236,526324,4867,31309,988400
308,270,251,526054,4886,31560,994600
309,245,244,525809,4887,31804,995000
310,284,245,525525,4926,32049,978100
311,261,256,525264,4931,32305,978900
312,246,218,525018,4959,32523,976300
313,264,250,524754,4973,32773,1189900
314,257,251,524497,4979,33024,972500
315,284,224,524213,5039,33248,978200
316,261,246,523952,5054,33494,988700
317,292,260,523660,5086,33754,997200
318,261,240,523399,5107,33994,1011200
319,260,254,523139,5113,34248,979000
320,239,297,522900,5055,34545,969900
321,280,232,522620,5103,34777,967300
322,264,238,522356,5129,35015,1002400
323,281,282,522075,5128,35297,1001400
324,291,265,521784,5154,35562,984800
325,237,244,521547,5147,35806,982400
326,259,262,521288,5144,36068,986500
327,274,273,521014,5145,36341,993600
328,294,263,520720,5176,36604,981000
329,295,252,520425,5219,36856,981700
330,251,269,520174,5201,37125,989900
331,270,279,519904,5192,37404,992200
332,261,223,519643,5230,37627,994000
333,270,248,519373,5252,37875,1038100
334,256,221,519117,5287,38096,993500
335,277,264,518840,5300,38360,1020000
336,289,270,518551,5319,38630,974600
337,261,310,518290,5270,38940,966400
338,282,267,518008,5285,39207,969500
339,285,258,517723,5312,39465,973700
340,303,240,517420,5375,39705,977900
341,301,250,517119,5426,39955,972600
342,286,288,516833,5424,40243,1188200
343,292,291,516541,5425,40534,985800
344,273,249,516268,5449,40783,1008100
345,264,293,516004,5420,41076,997500
346,302,265,515702,5457,41341,1025300
347,316,260,515386,5513,41601,1014000
348,292,298,515094,5507,41899,987100
349,288,277,514806,5518,42176,986200
350,326,275,514480,5569,42451,988300
351,285,291,514195,5563,42742,989700
352,274,294,513921,5543,43036,999300
353,306,321,513615,5528,43357,992100
354,308,273,513307,5563,43630,987600
355,300,276,513007,5587,43906,991400
356,323,290,512684,5620,44196,991700
357,293,298,512391,5615,44494,992000
358,325,273,512066,5667,44767,1011500
359,306,281,511760,5692,45048,975600
360,319,306,511441,5705,45354,976500
361,307,316,511134,5696,45670,1004000
362,301,288,510833,5709,45958,1009100
363,337,281,510496,5765,46239,1002600
364,296,294,510200,5767,46533,972800
365,319,281,509881,5805,46814,979500
366,292,304,509589,5793,47118,974600
367,314,279,509275,5828,47397,977800
368,310,289,508965,5849,47686,975900
369,317,298,508648,5868,47984,1002000
370,312,309,508336,5871,48293,997400
371,363,308,507973,5926,48601,1002500
372,306,272,507667,5960,48873,1001800
373,315,299,507352,5976,49172,1005900
374,332,301,507020,6007,49473,1036300
375,336,333,506684,6010,49806,999300
376,308,292,506376,6026,50098,1014400
377,317,300,506059,6043,50398,1042800
378,327,288,505732,6082,50686,1038600
379,360,316,505372,6126,51002,1017300
380,333,305,505039,6154,51307,985200
381,318,293,504721,6179,51600,1027400
382,328,292,504393,6215,51892,989600
383,320,315,504073,6220,52207,983200
384,350,340,503723,6230,52547,987100
385,309,323,503414,6216,52870,993800
386,309,342,503105,6183,53212,988300
387,316,300,502789,6199,53512,983000
388,337,307,502452,6229,53819,981700
389,355,316,502097,6268,54135,994900
390,336,312,501761,6292,54447,1032300
391,317,302,501444,6307,54749,1012600
392,351,318,501093,6340,55067,1025600
393,375,338,500718,6377,55405,995000
394,350,325,500368,6402,55730,1004800
395,335,325,500033,6412,56055,1002900
396,373,343,499660,6442,56398,1005500
397,340,318,499320,6464,56716,1208700
398,324,341,498996,6447,57057,1110300
399,386,311,498610,6522,57368,16384300
400,373,308,498237,6587,57676,3625100
401,387,299,497850,6675,57975,7190700
402,353,344,497497,6684,58319,1029300
403,353,324,497144,6713,58643,987200
404,357,368,496787,6702,59011,1012600
405,361,351,496426,6712,59362,1034400
406,350,321,496076,6741,59683,1008200
407,340,350,495736,6731,60033,1002300
408,379,344,495357,6766,60377,1005600
409,335,333,495022,6768,60710,1007800
410,371,335,494651,6804,61045,1023500
411,336,367,494315,6773,61412,991000
412,334,339,493981,6768,61751,984500
413,355,347,493626,6776,62098,1070800
414,368,322,493258,6822,62420,1025800
415,365,338,492893,6849,62758,991900
416,347,350,492546,6846,63108,1011300
417,344,319,492202,6871,63427,1036400
418,375,353,491827,6893,63780,1004000
419,361,356,491466,6898,64136,1049900
420,360,342,491106,6916,64478,1027400
421,373,347,490733,6942,64825,989000
422,383,336,490350,6989,65161,984600
423,357,345,489993,7001,65506,979300
424,366,320,489627,7047,65826,1034800
425,355,391,489272,7011,66217,1274500
426,338,344,488934,7005,66561,1106700
427,387,386,488547,7006,66947,1067000
428,363,358,488184,7011,67305,1044200
429,378,358,487806,7031,67663,1061400
430,357,354,487449,7034,68017,1048100
431,365,311,487084,7088,68328,1111300
432,407,366,486677,7129,68694,1128100
433,344,347,486333,7126,69041,1037200
434,345,338,485988,7133,69379,1029600
435,379,345,485609,7167,69724,1237100
436,368,364,485241,7171,70088,1056600
437,404,368,484837,7207,70456,1054800
438,371,347,484466,7231,70803,1003600
439,402,354,484064,7279,71157,1107600
440,380,370,483684,7289,71527,1109800
441,359,380,483325,7268,71907,1073000
442,362,357,482963,7273,72264,1022200
443,387,370,482576,7290,72634,1083600
444,416,384,482160,7322,73018,1126800
445,410,373,481750,7359,73391,1098900
446,388,370,481362,7377,73761,1144700
447,374,363,480988,7388,74124,1250400
448,424,378,480564,7434,74502,1142500
449,401,354,480163,7481,74856,1079900
450,387,383,479776,7485,75239,1082200
451,385,391,479391,7479,75630,1086700
452,387,373,479004,7493,76003,1249500
453,407,370,478597,7530,76373,1045400
454,381,355,478216,7556,76728,1038300
455,421,354,477795,7623,77082,1046700
456,424,354,477371,7693,77436,1025300
457,376,400,476995,7669,77836,1145000
458,377,418,476618,7628,78254,1061800
459,383,365,476235,7646,78619,1046800
460,390,420,475845,7616,79039,1070200
461,387,369,475458,7634,79408,1094200
462,393,418,475065,7609,79826,1048500
463,410,369,474655,7650,80195,1034500
464,433,341,474222,7742,80536,1003800
465,398,404,473824,7736,80940,1021400
466,404,380,473420,7760,81320,1193800
467,371,422,473049,7709,81742,1023000
468,392,380,472657,7721,82122,1072000
469,398,370,472259,7749,82492,1111900
470,411,380,471848,7780,82872,1034300
471,399,388,471449,7791,83260,1079200
472,388,369,471061,7810,83629,1033900
473,401,382,470660,7829,84011,1261100
474,410,387,470250,7852,84398,1077900
475,412,388,469838,7876,84786,1031800
476,417,401,469421,7892,85187,1041300
477,407,399,469014,7900,85586,1035700
478,425,313,468589,8012,85899,1201000
479,425,405,468164,8032,86304,1044500
480,424,391,467740,8065,86695,1084600
481,404,420,467336,8049,87115,1030500
482,435,402,466901,8082,87517,1031900
483,460,396,466441,8146,87913,1021900
484,442,436,465999,8152,88349,1064700
485,422,395,465577,8179,88744,1177500
486,435,426,465142,8188,89170,1031900
487,448,400,464694,8236,89570,1002900
488,415,419,464279,8232,89989,1003200
489,461,417,463818,8276,90406,1005100
490,413,411,463405,8278,90817,1004000
491,432,435,462973,8275,91252,1007600
492,449,411,462524,8313,91663,1005100
493,406,409,462118,8310,92072,1026500
494,407,408,461711,8309,92480,1034100
495,398,391,461313,8316,92871,1021900
496,431,412,460882,8335,93283,1018100
497,426,431,460456,8330,93714,998200
498,435,397,460021,8368,94111,1009200
499,448,405,459573,8411,94516,1000400
500,419,415,459154,8415,94931,1004000
501,409,410,458745,8414,95341,1025500
502,420,419,458325,8415,95760,1025800
503,455,404,457870,8466,96164,1019700
504,419,407,457451,8478,96571,1017600
505,460,418,456991,8520,96989,1014200
506,453,398,456538,8575,97387,1011900
507,415,413,456123,8577,97800,1022300
508,428,479,455695,8526,98279,1055300
509,488,455,455207,8559,98734,1020500
510,456,415,454751,8600,99149,1014900
511,441,433,454310,8608,99582,1015900
512,445,419,453865,8634,100001,1019800
513,443,451,453422,8626,100452,1033600
514,418,427,453004,8617,100879,1012200
515,451,438,452553,8630,101317,1014000
516,476,443,452077,8663,101760,1014800
517,434,412,451643,8685,102172,996000
518,430,430,451213,8685,102602,991700
519,437,450,450776,8672,103052,992000
520,429,448,450347,8653,103500,992700
521,441,412,449906,8682,103912,991500
522,418,406,449488,8694,104318,988900
523,456,402,449032,8748,104720,1017700
524,471,440,448561,8779,105160,999400
525,470,427,448091,8822,105587,995400
526,447,438,447644,8831,106025,997400
527,431,465,447213,8797,106490,990900
528,453,423,446760,8827,106913,1230300
529,457,468,446303,8816,107381,998500
530,426,433,445877,8809,107814,1017200
531,471,431,445406,8849,108245,1020800
532,453,436,444953,8866,108681,1233700
533,459,435,444494,8890,109116,1056800
534,441,451,444053,8880,109567,1053800
535,450,466,443603,8864,110033,1039800
536,472,414,443131,8922,110447,1048700
537,480,467,442651,8935,110914,1030400
538,438,450,442213,8923,111364,1021700
539,437,439,441776,8921,111803,1036500
540,439,449,441337,8911,112252,1004400
541,430,424,440907,8917,112676,1029900
542,435,448,440472,8904,113124,1023600
543,452,421,440020,8935,113545,1026800
544,441,496,439579,8880,114041,1019600
545,473,483,439106,8870,114524,1013900
546,462,429,438644,8903,114953,1009500
547,486,401,438158,8988,115354,1011100
548,463,440,437695,9011,115794,1033100
549,472,459,437223,9024,116253,1026400
550,475,432,436748,9067,116685,1024400
551,471,465,436277,9073,117150,1012500
552,467,423,435810,9117,117573,1038500
553,436,453,435374,9100,118026,1017400
554,508,486,434866,9122,118512,1011700
555,437,459,434429,9100,118971,1012000
556,473,445,433956,9128,119416,1024100
557,452,440,433504,9140,119856,1032800
558,513,421,432991,9232,120277,997800
559,469,450,432522,9251,120727,1024700
560,445,444,432077,9252,121171,999600
561,433,458,431644,9227,121629,1063100
562,528,439,431116,9316,122068,1002000
563,456,479,430660,9293,122547,996900
564,506,500,430154,9299,123047,1021800
565,493,483,429661,9309,123530,1022400
566,489,471,429172,9327,124001,1033500
567,475,529,428697,9273,124530,1042600
568,478,426,428219,9325,124956,1026400
569,475,450,427744,9350,125406,1047200
570,486,463,427258,9373,125869,1001200
571,471,480,426787,9364,126349,998500
572,479,504,426308,9339,126853,1002600
573,528,482,425780,9385,127335,999700
574,480,441,425300,9424,127776,997900
575,500,453,424800,9471,128229,1042300
576,462,459,424338,9474,128688,1013600
577,529,474,423809,9529,129162,995600
578,467,482,423342,9514,129644,1028900
579,529,499,422813,9544,130143,1012300
580,470,467,422343,9547,130610,1020300
581,486,498,421857,9535,131108,1214900
582,503,466,421354,9572,131574,1043300
583,490,462,420864,9600,132036,1006900
584,498,444,420366,9654,132480,1016500
585,473,444,419893,9683,132924,1004200
586,477,528,419416,9632,133452,1002100
587,480,465,418936,9647,133917,1000800
588,478,487,418458,9638,134404,1050100
589,463,519,417995,9582,134923,1000400
590,486,484,417509,9584,135407,998000
591,480,498,417029,9566,135905,1001500
592,486,488,416543,9564,136393,1049300
593,508,475,416035,9597,136868,1033900
594,496,480,415539,9613,137348,1028800
595,521,461,415018,9673,137809,1049000
596,455,464,414563,9664,138273,1052600
597,505,503,414058,9666,138776,1010100
598,489,479,413569,9676,139255,1020300
599,468,476,413101,9668,139731,1022900
600,482,468,412619,9682,140199,1030200
601,480,444,412139,9718,140643,1030500
602,483,500,411656,9701,141143,1030400
603,452,536,411204,9617,141679,1088600
604,462,463,410742,9616,142142,1093400
605,506,490,410236,9632,142632,1004500
606,540,468,409696,9704,143100,1003500
607,478,448,409218,9734,143548,1012100
608,503,514,408715,9723,144062,1040700
609,494,485,408221,9732,144547,1363300
610,530,496,407691,9766,145043,3435300
611,505,494,407186,9777,145537,5156900
612,472,478,406714,9771,146015,3402500
613,527,484,406187,9814,146499,5823400
614,480,519,405707,9775,147018,1071000
615,487,494,405220,9768,147512,1023000
616,497,513,404723,9752,148025,1024800
617,495,483,404228,9764,148508,1037300
618,485,455,403743,9794,148963,1026200
619,456,520,403287,9730,149483,1036300
620,470,484,402817,9716,149967,1031700
621,493,520,402324,9689,150487,1034400
622,481,492,401843,9678,150979,1036000
623,477,494,401366,9661,151473,1022200
624,473,478,400893,9656,151951,1047300
625,435,496,400458,9595,152447,1050900
626,484,486,399974,9593,152933,1050700
627,489,507,399485,9575,153440,1051100
628,472,525,399013,9522,153965,1061400
629,480,508,398533,9494,154473,1244200
630,430,490,398103,9434,154963,1050500
631,475,460,397628,9449,155423,1016900
632,453,512,397175,9390,155935,1016000
633,501,514,396674,9377,156449,1031400
634,447,469,396227,9355,156918,1008200
635,502,458,395725,9399,157376,1007400
636,460,409,395265,9450,157785,1007800
637,485,458,394780,9477,158243,1010100
638,509,476,394271,9510,158719,1014400
639,470,454,393801,9526,159173,1009700
640,477,493,393324,9510,159666,1007100
641,447,500,392877,9457,160166,1037100
642,480,487,392397,9450,160653,1066500
643,481,478,391916,9453,161131,1128900
644,479,496,391437,9436,161627,1028300
645,479,483,390958,9432,162110,1255000
646,466,463,390492,9435,162573,1035700
647,495,501,389997,9429,163074,1012800
648,484,456,389513,9457,163530,1032000
649,483,422,389030,9518,163952,1010100
650,524,501,388506,9541,164453,1021000
651,507,478,387999,9570,164931,1077300
652,472,461,387527,9581,165392,1066900
653,498,474,387029,9605,165866,4550600
654,523,485,386506,9643,166351,15343500
655,499,489,386007,9653,166840,4450800
656,514,481,385493,9686,167321,5330400
657,464,492,385029,9658,167813,1119100
658,535,471,384494,9722,168284,1033400
659,512,529,383982,9705,168813,1020100
660,518,482,383464,9741,169295,1019400
661,461,495,383003,9707,169790,1024800
662,489,484,382514,9712,170274,1052000
663,516,449,381998,9779,170723,1062700
664,531,498,381467,9812,171221,1043400
665,517,505,380950,9824,171726,1045300
666,500,469,380450,9855,172195,1035300
667,453,480,379997,9828,172675,1036000
668,501,499,379496,9830,173174,1039400
669,453,505,379043,9778,173679,1035000
670,496,482,378547,9792,174161,1033600
671,491,494,378056,9789,174655,1025000
672,482,462,377574,9809,175117,1043100
673,468,512,377106,9765,175629,1035300
674,475,492,376631,9748,176121,1032300
675,456,483,376175,9721,176604,1032500
676,458,487,375717,9692,177091,1053300
677,527,509,375190,9710,177600,1053500
678,484,522,374706,9672,178122,1055600
679,455,501,374251,9626,178623,1036700
680,468,479,373783,9615,179102,1039600
681,467,483,373316,9599,179585,1036400
682,493,469,372823,9623,180054,1043800
683,491,470,372332,9644,180524,1043300
684,469,486,371863,9627,181010,1233500
685,466,507,371397,9586,181517,1062800
686,464,456,370933,9594,181973,1043000
687,486,508,370447,9572,182481,1022600
688,455,497,369992,9530,182978,1040300
689,480,511,369512,9499,183489,1034200
690,484,507,369028,9476,183996,1018900
691,408,428,368620,9456,184424,1008700
692,484,443,368136,9497,184867,1015600
693,442,489,367694,9450,185356,1081400
694,416,471,367278,9395,185827,1043100
695,439,480,366839,9354,186307,1030300
696,464,511,366375,9307,186818,1021700
697,461,480,365914,9288,187298,1042700
698,459,429,365455,9318,187727,1017700
699,443,463,365012,9298,188190,1003200
700,467,471,364545,9294,188661,1002500
701,494,462,364051,9326,189123,1004200
702,493,474,363558,9345,189597,1004600
703,451,472,363107,9324,190069,1009400
704,434,492,362673,9266,190561,1018700
705,411,490,362262,9187,191051,1018100
706,413,438,361849,9162,191489,1034900
707,463,456,361386,9169,191945,1052500
708,450,441,360936,9178,192386,1025100
709,452,495,360484,9135,192881,1028800
710,438,483,360046,9090,193364,1034600
711,440,419,359606,9111,193783,1037300
712,448,438,359158,9121,194221,1036800
713,470,468,358688,9123,194689,1037600
714,435,473,358253,9085,195162,1033900
715,417,442,357836,9060,195604,1034400
716,440,458,357396,9042,196062,1037000
717,444,431,356952,9055,196493,1033100
718,442,444,356510,9053,196937,1029700
719,458,415,356052,9096,197352,1050600
720,476,448,355576,9124,197800,1031900
721,479,425,355097,9178,198225,1036300
722,444,476,354653,9146,198701,1041200
723,442,418,354211,9170,199119,1033600
724,483,450,353728,9203,199569,1035500
725,486,488,353242,9201,200057,1031500
726,460,435,352782,9226,200492,1036300
727,482,464,352300,9244,200956,1033200
728,481,442,351819,9283,201398,1033200
729,457,427,351362,9313,201825,1039500
730,434,489,350928,9258,202314,1037000
731,445,441,350483,9262,202755,1038700
732,455,481,350028,9236,203236,1043400
733,502,469,349526,9269,203705,1031500
734,496,471,349030,9294,204176,1018200
735,455,460,348575,9289,204636,1038400
736,425,444,348150,9270,205080,1045800
737,479,494,347671,9255,205574,1044100
738,461,446,347210,9270,206020,1039100
739,458,470,346752,9258,206490,1036300
740,441,439,346311,9260,206929,1034500
741,434,471,345877,9223,207400,1031000
742,453,473,345424,9203,207873,1038200
743,459,438,344965,9224,208311,1031400
744,465,427,344500,9262,208738,1028900
745,469,463,344031,9268,209201,1036700
746,442,482,343589,9228,209683,1030400
747,424,453,343165,9199,210136,1050900
748,474,456,342691,9217,210592,1042600
749,450,453,342241,9214,211045,1051600
750,460,457,341781,9217,211502,1041300
751,487,478,341294,9226,211980,1360600
752,475,468,340819,9233,212448,1030400
753,416,438,340403,9211,212886,1022900
754,451,464,339952,9198,213350,1006500
755,448,450,339504,9196,213800,1007900
756,476,441,339028,9231,214241,1004900
757,418,473,338610,9176,214714,1014100
758,464,438,338146,9202,215152,1008500
759,444,490,337702,9156,215642,1012800
760,412,441,337290,9127,216083,1005700
761,447,434,336843,9140,216517,1052600
762,429,435,336414,9134,216952,1039000
763,446,453,335968,9127,217405,1002900
764,444,409,335524,9162,217814,993300
765,449,435,335075,9176,218249,1000200
766,443,455,334632,9164,218704,1071900
767,445,444,334187,9165,219148,1018500
768,474,479,333713,9160,219627,1002800
769,446,448,333267,9158,220075,1001300
770,415,460,332852,9113,220535,1005000
771,458,430,332394,9141,220965,1006100
772,448,490,331946,9099,221455,1038600
773,490,444,331456,9145,221899,1036500
774,449,458,331007,9136,222357,1036900
775,459,478,330548,9117,222835,1035900
776,450,452,330098,9115,223287,1050900
777,460,420,329638,9155,223707,1035700
778,459,475,329179,9139,224182,1036400
779,426,475,328753,9090,224657,1038600
780,516,475,328237,9131,225132,1031400
781,443,485,327794,9089,225617,1033900
782,438,456,327356,9071,226073,1041600
783,443,469,326913,9045,226542,1036100
784,434,444,326479,9035,226986,1037900
785,447,463,326032,9019,227449,1037700
786,412,440,325620,8991,227889,1037900
787,384,487,325236,8888,228376,1035900
788,423,440,324813,8871,228816,1034000
789,424,450,324389,8845,229266,1037900
790,482,443,323907,8884,229709,1039600
791,460,424,323447,8920,230133,1031600
792,481,429,322966,8972,230562,1035000
793,476,470,322490,8978,231032,1034500
794,482,417,322008,9043,231449,1033900
795,462,463,321546,9042,231912,1200000
796,465,455,321081,9052,232367,1066200
797,489,458,320592,9083,232825,1053800
798,433,419,320159,9097,233244,1059800
799,451,452,319708,9096,233696,1093000
800,477,461,319231,9112,234157,1094100
801,452,489,318779,9075,234646,1077900
802,439,434,318340,9080,235080,1018600
803,448,446,317892,9082,235526,1017500
804,479,434,317413,9127,235960,1016400
805,462,451,316951,9138,236411,1022100
806,468,434,316483,9172,236845,1013000
807,501,498,315982,9175,237343,1015800
808,456,460,315526,9171,237803,1015000
809,491,456,315035,9206,238259,1016500
810,481,464,314554,9223,238723,1023200
811,517,478,314037,9262,239201,1042800
812,511,471,313526,9302,239672,1049900
813,492,469,313034,9325,240141,1026000
814,478,460,312556,9343,240601,1018700
815,467,458,312089,9352,241059,1043400
816,477,444,311612,9385,241503,1019900
817,513,460,311099,9438,241963,1019300
818,518,471,310581,9485,242434,1019500
819,458,470,310123,9473,242904,1019500
820,483,514,309640,9442,243418,1015800
821,461,480,309179,9423,243898,1055500
822,465,450,308714,9438,244348,1031800
823,483,482,308231,9439,244830,1022800
824,478,487,307753,9430,245317,1022800
825,470,440,307283,9460,245757,1036800
826,430,475,306853,9415,246232,1026900
827,449,462,306404,9402,246694,1020700
828,487,463,305917,9426,247157,1030000
829,487,469,305430,9444,247626,1033900
830,458,502,304972,9400,248128,1024500
831,451,463,304521,9388,248591,1009000
832,455,478,304066,9365,249069,997900
833,482,472,303584,9375,249541,1009000
834,448,466,303136,9357,250007,1049800
835,488,464,302648,9381,250471,1037700
836,465,449,302183,9397,250920,1035500
837,474,449,301709,9422,251369,1040300
838,447,505,301262,9364,251874,1001600
839,500,444,300762,9420,252318,1034400
840,459,469,300303,9410,252787,1050700
841,445,443,299858,9412,253230,1016500
842,482,465,299376,9429,253695,1006500
843,463,467,298913,9425,254162,1037000
844,473,471,298440,9427,254633,1039000
845,493,498,297947,9422,255131,1007400
846,452,484,297495,9390,255615,1245700
847,441,394,297054,9437,256009,1052500
848,495,463,296559,9469,256472,1055900
849,467,488,296092,9448,256960,1030000
850,468,462,295624,9454,257422,1023500
851,437,474,295187,9417,257896,1021400
852,480,484,294707,9413,258380,1023200
853,452,459,294255,9406,258839,1022400
854,464,504,293791,9366,259343,1022400
855,467,474,293324,9359,259817,1026500
856,500,466,292824,9393,260283,1026400
857,473,456,292351,9410,260739,1022300
858,502,453,291849,9459,261192,1004500
859,498,486,291351,9471,261678,998400
860,489,457,290862,9503,262135,998400
861,450,496,290412,9457,262631,1010900
862,483,476,289929,9464,263107,1017900
863,483,453,289446,9494,263560,1041200
864,457,476,288989,9475,264036,1037500
865,481,466,288508,9490,264502,1035700
866,467,446,288041,9511,264948,1034300
867,438,495,287603,9454,265443,1035100
868,460,449,287143,9465,265892,1030700
869,476,491,286667,9450,266383,1033700
870,486,486,286181,9450,266869,1056400
871,470,441,285711,9479,267310,1049800
872,485,454,285226,9510,267764,1037500
873,444,484,284782,9470,268248,1036600
874,456,478,284326,9448,268726,1040300
875,455,465,283871,9438,269191,1037400
876,475,445,283396,9468,269636,1022100
877,466,480,282930,9454,270116,1020800
878,422,497,282508,9379,270613,1033000
879,443,438,282065,9384,271051,1013500
880,438,441,281627,9381,271492,1045000
881,447,481,281180,9347,271973,1079700
882,476,483,280704,9340,272456,998500
883,446,449,280258,9337,272905,1030800
884,420,490,279838,9267,273395,1034600
885,437,440,279401,9264,273835,1022300
886,439,467,278962,9236,274302,1043500
887,459,479,278503,9216,274781,1009700
888,433,436,278070,9213,275217,1014200
889,454,459,277616,9208,275676,1025700
890,461,431,277155,9238,276107,1029400
891,438,425,276717,9251,276532,1040100
892,445,460,276272,9236,276992,1030200
893,425,466,275847,9195,277458,1031600
894,484,473,275363,9206,277931,1127800
895,423,478,274940,9151,278409,1011600
896,456,492,274484,9115,278901,994800
897,445,470,274039,9090,279371,1001800
898,434,443,273605,9081,279814,1024900
899,452,467,273153,9066,280281,1025800
900,471,454,272682,9083,280735,1026800
901,456,461,272226,9078,281196,1031300
902,456,489,271770,9045,281685,1029900
903,448,460,271322,9033,282145,1024300
904,432,466,270890,8999,282611,1023600
905,451,424,270439,9026,283035,1026700
906,429,467,270010,8988,283502,1026400
907,441,453,269569,8976,283955,1025400
908,482,478,269087,8980,284433,1016100
909,486,458,268601,9008,284891,1009700
910,441,464,268160,8985,285355,1018600
911,444,470,267716,8959,285825,1008700
912,461,453,267255,8967,286278,1007500
913,434,424,266821,8977,286702,1010000
914,449,438,266372,8988,287140,1005200
915,465,452,265907,9001,287592,1010900
916,454,400,265453,9055,287992,1004100
917,435,407,265018,9083,288399,1090800
918,476,462,264542,9097,288861,1048300
919,438,466,264104,9069,289327,1030600
920,457,490,263647,9036,289817,1021800
921,463,475,263184,9024,290292,1026000
922,452,466,262732,9010,290758,1021800
923,416,469,262316,8957,291227,1022000
924,417,496,261899,8878,291723,1020600
925,461,454,261438,8885,292177,1024600
926,457,454,260981,8888,292631,1015700
927,444,464,260537,8868,293095,1032800
928,434,490,260103,8812,293585,1035100
929,472,438,259631,8846,294023,1031000
930,480,460,259151,8866,294483,1044700
931,434,413,258717,8887,294896,1042000
932,417,449,258300,8855,295345,1047300
933,444,483,257856,8816,295828,1035900
934,431,449,257425,8798,296277,1022500
935,444,433,256981,8809,296710,1148100
936,431,448,256550,8792,297158,1054600
937,475,473,256075,8794,297631,1036700
938,423,430,255652,8787,298061,1012000
939,424,445,255228,8766,298506,1013100
940,416,448,254812,8734,298954,1102100
941,447,430,254365,8751,299384,1036900
942,455,460,253910,8746,299844,1018800
943,417,426,253493,8737,300270,1052300
944,434,457,253059,8714,300727,1040200
945,412,441,252647,8685,301168,1045800
946,458,431,252189,8712,301599,1025700
947,416,437,251773,8691,302036,1011800
948,417,443,251356,8665,302479,1027600
949,427,437,250929,8655,302916,1038200
950,428,448,250501,8635,303364,1009000
951,445,441,250056,8639,303805,1007700
952,416,411,249640,8644,304216,1011700
953,422,446,249218,8620,304662,1012800
954,466,430,248752,8656,305092,1016400
955,450,451,248302,8655,305543,1037900
956,436,427,247866,8664,305970,1037700
957,444,455,247422,8653,306425,1009800
958,432,447,246990,8638,306872,1013500
959,445,398,246545,8685,307270,1015400
960,452,425,246093,8712,307695,1035100
961,445,441,245648,8716,308136,1051400
962,446,439,245202,8723,308575,1042700
963,464,423,244738,8764,308998,1044100
964,473,440,244265,8797,309438,1043200
965,447,428,243818,8816,309866,1037500
966,475,424,243343,8867,310290,1030200
967,457,443,242886,8881,310733,1016500
968,449,439,242437,8891,311172,1037200
969,447,421,241990,8917,311593,1012400
970,458,425,241532,8950,312018,1034500
971,454,435,241078,8969,312453,1036100
972,469,454,240609,8984,312907,1041400
973,432,414,240177,9002,313321,1038100
974,442,485,239735,8959,313806,1037300
975,462,440,239273,8981,314246,1082100
976,487,465,238786,9003,314711,1085100
977,481,468,238305,9016,315179,1060500
978,465,440,237840,9041,315619,1016500
979,444,475,237396,9010,316094,1033300
980,424,434,236972,9000,316528,1030400
981,435,474,236537,8961,317002,1020500
982,489,430,236048,9020,317432,1025100
983,453,434,235595,9039,317866,1015200
984,467,451,235128,9055,318317,1020500
985,437,452,234691,9040,318769,1012100
986,478,466,234213,9052,319235,1015200
987,438,469,233775,9021,319704,1017900
988,426,423,233349,9024,320127,1008900
989,467,409,232882,9082,320536,1010800
990,442,492,232440,9032,321028,1279600
991,462,428,231978,9066,321456,1075200
992,426,453,231552,9039,321909,1056400
993,447,460,231105,9026,322369,1059200
994,441,462,230664,9005,322831,1054900
995,441,444,230223,9002,323275,1009600
996,412,433,229811,8981,323708,1039800
997,464,455,229347,8990,324163,1039000
998,432,496,228915,8926,324659,1041600
999,421,437,228494,8910,325096,1032600
1000,487,459,228007,8938,325555,1011000
1001,455,442,227552,8951,325997,1018200
1002,446,450,227106,8947,326447,1046200
1003,434,474,226672,8907,326921,1033800
1004,448,442,226224,8913,327363,1030300
1005,440,462,225784,8891,327825,1079100
1006,434,406,225350,8919,328231,1287700
1007,420,424,224930,8915,328655,1121300
1008,457,405,224473,8967,329060,1118700
1009,448,420,224025,8995,329480,1149200
1010,478,465,223547,9008,329945,1213500
1011,420,435,223127,8993,330380,1038000
1012,446,451,222681,8988,330831,1025200
1013,418,440,222263,8966,331271,1049200
1014,451,434,221812,8983,331705,1144200
1015,454,458,221358,8979,332163,1055500
1016,478,429,220880,9028,332592,1030300
1017,463,486,220417,9005,333078,1030700
1018,444,437,219973,9012,333515,1029500
1019,462,418,219511,9056,333933,1025200
1020,452,439,219059,9069,334372,1124900
1021,423,481,218636,9011,334853,1045500
1022,460,457,218176,9014,335310,1061900
1023,456,494,217720,8976,335804,1032900
1024,490,433,217230,9033,336237,1017300
1025,467,479,216763,9021,336716,1017500
1026,472,457,216291,9036,337173,1013700
1027,453,442,215838,9047,337615,1006300
1028,462,462,215376,9047,338077,1008900
1029,476,438,214900,9085,338515,1061300
1030,462,465,214438,9082,338980,1064700
1031,441,446,213997,9077,339426,1017400
1032,493,435,213504,9135,339861,1009100
1033,468,457,213036,9146,340318,1017300
1034,481,451,212555,9176,340769,1030900
1035,480,478,212075,9178,341247,1101200
1036,486,415,211589,9249,341662,1021100
1037,442,446,211147,9245,342108,1011800
1038,448,443,210699,9250,342551,1015400
1039,467,444,210232,9273,342995,1013000
1040,454,454,209778,9273,343449,1025700
1041,464,472,209314,9265,343921,1011800
1042,472,460,208842,9277,344381,1056800
1043,447,447,208395,9277,344828,1017500
1044,438,495,207957,9220,345323,1148000
1045,486,430,207471,9276,345753,1014900
1046,473,481,206998,9268,346234,1010200
1047,452,450,206546,9270,346684,1012100
1048,449,423,206097,9296,347107,1008600
1049,459,463,205638,9292,347570,1035300
1050,453,476,205185,9269,348046,1043900
1051,459,447,204726,9281,348493,1015900
1052,476,437,204250,9320,348930,1023900
1053,443,493,203807,9270,349423,1022500
1054,493,459,203314,9304,349882,1082100
1055,469,449,202845,9324,350331,1014900
1056,469,480,202376,9313,350811,1021200
1057,412,491,201964,9234,351302,1018500
1058,494,468,201470,9260,351770,1073400
1059,411,454,201059,9217,352224,1019200
1060,431,431,200628,9217,352655,1083400
1061,473,451,200155,9239,353106,1025800
1062,437,416,199718,9260,353522,1040500
1063,448,485,199270,9223,354007,1019600
1064,452,505,198818,9170,354512,1036000
1065,464,460,198354,9174,354972,1042400
1066,471,470,197883,9175,355442,1016300
1067,434,437,197449,9172,355879,1050800
1068,436,447,197013,9161,356326,1019900
1069,452,462,196561,9151,356788,1003400
1070,461,446,196100,9166,357234,1019800
1071,470,441,195630,9195,357675,1078500
1072,442,444,195188,9193,358119,1019100
1073,448,443,194740,9198,358562,1012900
1074,442,464,194298,9176,359026,1008700
1075,468,444,193830,9200,359470,1011900
1076,503,462,193327,9241,359932,1019700
1077,468,405,192859,9304,360337,1013500
1078,477,468,192382,9313,360805,1040000
1079,472,435,191910,9350,361240,7386900
1080,473,479,191437,9344,361719,8508600
1081,471,440,190966,9375,362159,4676800
1082,492,454,190474,9413,362613,3084600
1083,472,448,190002,9437,363061,1034900
1084,450,523,189552,9364,363584,1022800
1085,491,494,189061,9361,364078,1015900
1086,440,489,188621,9312,364567,1018900
1087,445,468,188176,9289,365035,1010100
1088,461,456,187715,9294,365491,1055600
1089,438,453,187277,9279,365944,1068300
1090,425,482,186852,9222,366426,1228100
1091,415,511,186437,9126,366937,1074500
1092,473,467,185964,9132,367404,1063900
1093,446,468,185518,9110,367872,1033600
1094,460,459,185058,9111,368331,1036600
1095,451,492,184607,9070,368823,1019600
1096,486,466,184121,9090,369289,1015100
1097,467,462,183654,9095,369751,1014600
1098,476,450,183178,9121,370201,1015300
1099,455,468,182723,9108,370669,1011400
1100,441,440,182282,9109,371109,1058000
1101,440,441,181842,9108,371550,1018400
1102,423,463,181419,9068,372013,1053500
1103,430,473,180989,9025,372486,1029900
1104,457,451,180532,9031,372937,1011600
1105,462,458,180070,9035,373395,1092100
1106,440,422,179630,9053,373817,1083600
1107,435,454,179195,9034,374271,1037500
1108,416,464,178779,8986,374735,1062600
1109,412,463,178367,8935,375198,1017900
1110,416,472,177951,8879,375670,1015200
1111,486,395,177465,8970,376065,1013000
1112,453,436,177012,8987,376501,1120900
1113,405,458,176607,8934,376959,1216300
1114,490,466,176117,8958,377425,1035600
1115,475,449,175642,8984,377874,1043400
1116,441,480,175201,8945,378354,1321400
1117,481,442,174720,8984,378796,1048300
1118,468,459,174252,8993,379255,1069900
1119,457,425,173795,9025,379680,1055000
1120,435,459,173360,9001,380139,1099800
1121,455,456,172905,9000,380595,1093400
1122,443,453,172462,8990,381048,1060900
1123,455,444,172007,9001,381492,1094500
1124,465,453,171542,9013,381945,1088200
1125,427,438,171115,9002,382383,1072700
1126,458,446,170657,9014,382829,1056200
1127,412,447,170245,8979,383276,1050400
1128,423,486,169822,8916,383762,1053400
1129,435,445,169387,8906,384207,1051800
1130,470,432,168917,8944,384639,1019500
1131,431,471,168486,8904,385110,1061000
1132,433,455,168053,8882,385565,1024500
1133,416,450,167637,8848,386015,1012600
1134,438,462,167199,8824,386477,1192500
1135,441,449,166758,8816,386926,1038400
1136,428,422,166330,8822,387348,1015900
1137,451,418,165879,8855,387766,1012400
1138,429,444,165450,8840,388210,1018600
1139,446,455,165004,8831,388665,1008700
1140,451,442,164553,8840,389107,1009500
1141,439,404,164114,8875,389511,1007300
1142,424,503,163690,8796,390014,1015400
1143,428,426,163262,8798,390440,1028100
1144,440,395,162822,8843,390835,1042300
1145,459,489,162363,8813,391324,1070200
1146,440,461,161923,8792,391785,1043700
1147,394,401,161529,8785,392186,1164500
1148,432,446,161097,8771,392632,1007700
1149,402,439,160695,8734,393071,1043000
1150,398,433,160297,8699,393504,1227700
1151,436,406,159861,8729,393910,1039400
1152,396,403,159465,8722,394313,1086400
1153,440,460,159025,8702,394773,1034000
1154,407,456,158618,8653,395229,1031500
1155,398,444,158220,8607,395673,1047300
1156,417,424,157803,8600,396097,1041300
1157,416,406,157387,8610,396503,1075300
1158,411,416,156976,8605,396919,1049800
1159,433,432,156543,8606,397351,1038600
1160,427,429,156116,8604,397780,1029800
1161,422,440,155694,8586,398220,1041100
1162,450,438,155244,8598,398658,1041200
1163,432,438,154812,8592,399096,1079400
1164,437,397,154375,8632,399493,1047200
1165,392,435,153983,8589,399928,1038500
1166,402,420,153581,8571,400348,1035000
1167,441,446,153140,8566,400794,1039200
1168,430,409,152710,8587,401203,1085100
1169,432,441,152278,8578,401644,1038900
1170,444,458,151834,8564,402102,1039600
1171,438,404,151396,8598,402506,1041100
1172,424,438,150972,8584,402944,1239800
1173,438,415,150534,8607,403359,1048300
1174,441,443,150093,8605,403802,1044400
1175,452,452,149641,8605,404254,1049400
1176,417,441,149224,8581,404695,1051600
1177,430,442,148794,8569,405137,1043400
1178,433,429,148361,8573,405566,1110600
1179,412,441,147949,8544,406007,1092900
1180,408,419,147541,8533,406426,1121500
1181,405,361,147136,8577,406787,1042700
1182,426,441,146710,8562,407228,1045800
1183,383,457,146327,8488,407685,1010100
1184,405,428,145922,8465,408113,1005300
1185,393,413,145529,8445,408526,1003600
1186,439,415,145090,8469,408941,1002900
1187,397,437,144693,8429,409378,1004900
1188,417,416,144276,8430,409794,1038100
1189,399,439,143877,8390,410233,1039900
1190,413,430,143464,8373,410663,1038900
1191,402,413,143062,8362,411076,1059700
1192,442,428,142620,8376,411504,1038800
1193,422,432,142198,8366,411936,1149400
1194,427,429,141771,8364,412365,1012500
1195,429,411,141342,8382,412776,1013100
1196,426,398,140916,8410,413174,1002600
1197,406,397,140510,8419,413571,1002300
1198,415,373,140095,8461,413944,999200
1199,452,448,139643,8465,414392,1036400
1200,406,435,139237,8436,414827,1035100
1201,379,411,138858,8404,415238,1056400
1202,417,424,138441,8397,415662,1070300
1203,404,444,138037,8357,416106,1038200
1204,411,432,137626,8336,416538,1037600
1205,409,404,137217,8341,416942,1037800
1206,431,450,136786,8322,417392,1004800
1207,418,382,136368,8358,417774,1038800
1208,396,418,135972,8336,418192,1289600
1209,407,427,135565,8316,418619,1053500
1210,408,422,135157,8302,419041,1033600
1211,395,420,134762,8277,419461,1007800
1212,387,435,134375,8229,419896,1005100
1213,358,426,134017,8161,420322,1003200
1214,394,356,133623,8199,420678,1000800
1215,380,388,133243,8191,421066,1000000
1216,423,421,132820,8193,421487,1018500
1217,417,401,132403,8209,421888,1000200
1218,391,423,132012,8177,422311,1004900
1219,419,412,131593,8184,422723,1003900
1220,416,412,131177,8188,423135,1006300
1221,390,391,130787,8187,423526,1015700
1222,404,372,130383,8219,423898,1016000
1223,453,429,129930,8243,424327,1035300
1224,434,409,129496,8268,424736,1033000
1225,372,418,129124,8222,425154,1028000
1226,384,439,128740,8167,425593,1027900
1227,435,428,128305,8174,426021,1026400
1228,404,430,127901,8148,426451,1030100
1229,412,364,127489,8196,426815,1022800
1230,417,394,127072,8219,427209,1025900
1231,378,427,126694,8170,427636,1037300
1232,406,431,126288,8145,428067,1027500
1233,393,422,125895,8116,428489,1026700
1234,396,400,125499,8112,428889,1026100
1235,354,370,125145,8096,429259,1021700
1236,384,362,124761,8118,429621,1019000
1237,397,397,124364,8118,430018,1048800
1238,369,363,123995,8124,430381,1027500
1239,386,416,123609,8094,430797,1042000
1240,382,356,123227,8120,431153,1022400
1241,380,444,122847,8056,431597,1024200
1242,362,388,122485,8030,431985,1078900
1243,392,412,122093,8010,432397,1031500
1244,383,391,121710,8002,432788,1019900
1245,373,394,121337,7981,433182,1037500
1246,362,382,120975,7961,433564,1023200
1247,391,367,120584,7985,433931,1017300
1248,436,422,120148,7999,434353,1021900
1249,392,399,119756,7992,434752,1021100
1250,385,379,119371,7998,435131,1016100
1251,389,375,118982,8012,435506,1021700
1252,380,384,118602,8008,435890,1033100
1253,366,444,118236,7930,436334,1018300
1254,378,408,117858,7900,436742,1014300
1255,390,380,117468,7910,437122,1008600
1256,348,385,117120,7873,437507,1010600
1257,370,418,116750,7825,437925,1379500
1258,370,388,116380,7807,438313,1052300
1259,374,374,116006,7807,438687,1018300
1260,368,387,115638,7788,439074,1012000
1261,350,407,115288,7731,439481,1035800
1262,354,382,114934,7703,439863,1011800
1263,371,389,114563,7685,440252,1010900
1264,349,356,114214,7678,440608,1008600
1265,351,395,113863,7634,441003,1003700
1266,353,384,113510,7603,441387,1023500
1267,320,399,113190,7524,441786,1120200
1268,354,348,112836,7530,442134,1034600
1269,354,370,112482,7514,442504,1025100
1270,340,390,112142,7464,442894,1023000
1271,354,402,111788,7416,443296,1018400
1272,340,397,111448,7359,443693,1019200
1273,329,335,111119,7353,444028,1013000
1274,341,352,110778,7342,444380,1013700
1275,329,353,110449,7318,444733,1014200
1276,328,357,110121,7289,445090,1018100
1277,312,388,109809,7213,445478,1067300
1278,356,348,109453,7221,445826,1016800
1279,372,338,109081,7255,446164,1013600
1280,310,344,108771,7221,446508,1013100
1281,364,327,108407,7258,446835,1040400
1282,352,355,108055,7255,447190,1061500
1283,328,396,107727,7187,447586,1014600
1284,320,371,107407,7136,447957,1006900
1285,326,334,107081,7128,448291,998800
1286,327,371,106754,7084,448662,1000000
1287,322,385,106432,7021,449047,1037300
1288,380,360,106052,7041,449407,1005000
1289,335,343,105717,7033,449750,1007900
1290,317,348,105400,7002,450098,998900
1291,312,361,105088,6953,450459,1002700
1292,315,312,104773,6956,450771,1000800
1293,315,351,104458,6920,451122,1036700
1294,301,337,104157,6884,451459,1008500
1295,315,353,103842,6846,451812,1015900
1296,324,355,103518,6815,452167,1014800
1297,333,363,103185,6785,452530,1255500
1298,307,345,102878,6747,452875,1022400
1299,300,319,102578,6728,453194,1023100
1300,298,337,102280,6689,453531,1005300
1301,312,338,101968,6663,453869,990800
1302,308,340,101660,6631,454209,993500
1303,322,338,101338,6615,454547,1043800
1304,302,348,101036,6569,454895,995400
1305,290,333,100746,6526,455228,992000
1306,296,336,100450,6486,455564,1038500
1307,276,317,100174,6445,455881,1077600
1308,294,312,99880,6427,456193,993900
1309,299,350,99581,6376,456543,991600
1310,289,299,99292,6366,456842,989900
1311,280,369,99012,6277,457211,1236400
1312,286,319,98726,6244,457530,1066800
1313,274,316,98452,6202,457846,1031500
1314,282,335,98170,6149,458181,996900
1315,259,334,97911,6074,458515,986200
1316,268,315,97643,6027,458830,998800
1317,259,293,97384,5993,459123,1123900
1318,252,286,97132,5959,459409,1085500
1319,289,298,96843,5950,459707,1083500
1320,277,283,96566,5944,459990,1075600
1321,273,292,96293,5925,460282,1070700
1322,272,307,96021,5890,460589,1052500
1323,266,275,95755,5881,460864,1265000
1324,243,280,95512,5844,461144,1084500
1325,257,284,95255,5817,461428,1276300
1326,283,285,94972,5815,461713,1067900
1327,254,284,94718,5785,461997,1070100
1328,276,295,94442,5766,462292,1015400
1329,266,300,94176,5732,462592,1016700
1330,280,264,93896,5748,462856,1017900
1331,286,271,93610,5763,463127,1027600
1332,277,300,93333,5740,463427,1040000
1333,257,279,93076,5718,463706,1070200
1334,261,278,92815,5701,463984,1179400
1335,281,289,92534,5693,464273,1034300
1336,284,288,92250,5689,464561,1061500
1337,287,299,91963,5677,464860,1019700
1338,282,289,91681,5670,465149,1032100
1339,266,297,91415,5639,465446,1065200
1340,262,266,91153,5635,465712,1094300
1341,316,304,90837,5647,466016,1263800
1342,296,282,90541,5661,466298,1094500
1343,281,272,90260,5670,466570,1099400
1344,324,290,89936,5704,466860,1084600
1345,308,254,89628,5758,467114,1066400
1346,278,281,89350,5755,467395,1057200
1347,281,286,89069,5750,467681,1040700
1348,298,318,88771,5730,467999,1054300
1349,290,287,88481,5733,468286,1216300
1350,283,282,88198,5734,468568,1027300
1351,292,280,87906,5746,468848,1021000
1352,265,306,87641,5705,469154,1047900
1353,271,286,87370,5690,469440,1067900
1354,272,289,87098,5673,469729,1021400
1355,271,275,86827,5669,470004,1063900
1356,275,282,86552,5662,470286,1022700
1357,268,274,86284,5656,470560,1016900
1358,261,296,86023,5621,470856,1067900
1359,270,273,85753,5618,471129,1015000
1360,298,312,85455,5604,471441,1008900
1361,272,231,85183,5645,471672,1005000
1362,288,280,84895,5653,471952,1059200
1363,281,287,84614,5647,472239,1069400
1364,292,282,84322,5657,472521,1040300
1365,263,299,84059,5621,472820,1032600
1366,268,287,83791,5602,473107,1012300
1367,266,284,83525,5584,473391,1000200
1368,297,283,83228,5598,473674,1011600
1369,252,266,82976,5584,473940,1096900
1370,271,302,82705,5553,474242,980800
1371,289,287,82416,5555,474529,973000
1372,248,282,82168,5521,474811,1006800
1373,268,277,81900,5512,475088,1004500
1374,257,254,81643,5515,475342,1044400
1375,278,281,81365,5512,475623,1013700
1376,292,275,81073,5529,475898,1013700
1377,295,269,80778,5555,476167,1005600
1378,248,275,80530,5528,476442,1004600
1379,289,273,80241,5544,476715,1007400
1380,251,290,79990,5505,477005,1002500
1381,271,276,79719,5500,477281,1006800
1382,253,265,79466,5488,477546,1016700
1383,278,304,79188,5462,477850,1004900
1384,234,275,78954,5421,478125,1032600
1385,261,280,78693,5402,478405,1024800
1386,240,275,78453,5367,478680,1035600
1387,247,257,78206,5357,478937,1010900
1388,235,263,77971,5329,479200,1015500
1389,246,262,77725,5313,479462,1022400
1390,250,252,77475,5311,479714,1018600
1391,232,285,77243,5258,479999,1017700
1392,249,254,76994,5253,480253,1021500
1393,244,236,76750,5261,480489,1019400
1394,235,267,76515,5229,480756,1018900
1395,241,265,76274,5205,481021,1026200
1396,252,219,76022,5238,481240,1014100
1397,235,272,75787,5201,481512,1011500
1398,246,248,75541,5199,481760,1027300
1399,222,268,75319,5153,482028,1017700
1400,263,265,75056,5151,482293,1048800
1401,264,238,74792,5177,482531,1035200
1402,231,271,74561,5137,482802,1064700
1403,230,236,74331,5131,483038,1020800
1404,265,267,74066,5129,483305,1023300
1405,206,291,73860,5044,483596,1020500
1406,234,268,73626,5010,483864,1011900
1407,237,249,73389,4998,484113,1025800
1408,239,260,73150,4977,484373,1038100
1409,232,225,72918,4984,484598,1023400
1410,254,251,72664,4987,484849,1015800
1411,239,234,72425,4992,485083,1090800
1412,236,258,72189,4970,485341,1019100
1413,244,242,71945,4972,485583,1016100
1414,240,256,71705,4956,485839,1016100
1415,222,253,71483,4925,486092,1016300
1416,210,247,71273,4888,486339,1084700
1417,243,279,71030,4852,486618,1031400
1418,230,253,70800,4829,486871,1020500
1419,257,263,70543,4823,487134,1051500
1420,214,246,70329,4791,487380,1017800
1421,215,290,70114,4716,487670,1000700
1422,227,226,69887,4717,487896,992200
1423,213,201,69674,4729,488097,1014300
1424,212,243,69462,4698,488340,1019600
1425,231,252,69231,4677,488592,1049000
1426,201,238,69030,4640,488830,1029300
1427,234,231,68796,4643,489061,1022300
1428,242,219,68554,4666,489280,1000900
1429,245,253,68309,4658,489533,978600
1430,235,241,68074,4652,489774,1034200
1431,252,217,67822,4687,489991,1227100
1432,267,239,67555,4715,490230,1088300
1433,232,242,67323,4705,490472,1034100
1434,213,247,67110,4671,490719,1043700
1435,215,239,66895,4647,490958,1029900
1436,228,246,66667,4629,491204,1018800
1437,251,253,66416,4627,491457,992600
1438,219,236,66197,4610,491693,1022600
1439,233,250,65964,4593,491943,1035700
1440,208,216,65756,4585,492159,1153700
1441,218,239,65538,4564,492398,1052600
1442,233,223,65305,4574,492621,1009000
1443,225,223,65080,4576,492844,1084100
1444,223,239,64857,4560,493083,1078500
1445,195,241,64662,4514,493324,1021200
1446,231,199,64431,4546,493523,1056400
1447,200,227,64231,4519,493750,1021800
1448,219,217,64012,4521,493967,1006900
1449,205,206,63807,4520,494173,1022200
1450,202,216,63605,4506,494389,982900
1451,205,242,63400,4469,494631,981300
1452,253,219,63147,4503,494850,976900
1453,220,240,62927,4483,495090,983800
1454,229,218,62698,4494,495308,978800
1455,247,240,62451,4501,495548,980200
1456,246,230,62205,4517,495778,1017200
1457,228,235,61977,4510,496013,1036700
1458,225,237,61752,4498,496250,1023500
1459,192,218,61560,4472,496468,1011700
1460,215,199,61345,4488,496667,1092500
1461,210,214,61135,4484,496881,1001100
1462,192,212,60943,4464,497093,1032900
1463,208,206,60735,4466,497299,1024200
1464,204,205,60531,4465,497504,1179600
1465,183,242,60348,4406,497746,1073400
1466,194,206,60154,4394,497952,978700
1467,188,220,59966,4362,498172,975600
1468,197,214,59769,4345,498386,998600
1469,213,193,59556,4365,498579,983600
1470,194,241,59362,4318,498820,989400
1471,213,223,59149,4308,499043,989200
1472,190,223,58959,4275,499266,978700
1473,199,210,58760,4264,499476,987900
1474,199,201,58561,4262,499677,987800
1475,196,197,58365,4261,499874,981100
1476,201,207,58164,4255,500081,1066800
1477,199,206,57965,4248,500287,987300
1478,216,223,57749,4241,500510,1009800
1479,224,194,57525,4271,500704,1003700
1480,223,185,57302,4309,500889,978300
1481,210,220,57092,4299,501109,994600
1482,204,212,56888,4291,501321,1004300
1483,214,218,56674,4287,501539,1049400
1484,181,204,56493,4264,501743,1007900
1485,193,214,56300,4243,501957,993400
1486,212,217,56088,4238,502174,981400
1487,189,192,55899,4235,502366,1001500
1488,216,207,55683,4244,502573,981500
1489,208,219,55475,4233,502792,1014100
1490,210,221,55265,4222,503013,1020300
1491,196,201,55069,4217,503214,1060800
1492,193,221,54876,4189,503435,990900
1493,178,213,54698,4154,503648,1012100
1494,210,225,54488,4139,503873,1011700
1495,206,197,54282,4148,504070,1019000
1496,200,188,54082,4160,504258,1167700
1497,182,254,53900,4088,504512,1029700
1498,208,191,53692,4105,504703,1021300
1499,188,179,53504,4114,504882,1026000
1500,188,212,53316,4090,505094,997700
1501,183,208,53133,4065,505302,1013300
1502,192,185,52941,4072,505487,970500
1503,176,194,52765,4054,505681,1013800
1504,178,214,52587,4018,505895,1012600
1505,191,210,52396,3999,506105,1028500
1506,214,193,52182,4020,506298,994100
1507,185,190,51997,4015,506488,1011400
1508,196,185,51801,4026,506673,1013300
1509,192,203,51609,4015,506876,993100
1510,219,195,51390,4039,507071,1167400
1511,186,194,51204,4031,507265,1212300
1512,176,204,51028,4003,507469,1017900
1513,209,191,50819,4021,507660,1028000
1514,197,225,50622,3993,507885,1025200
1515,190,185,50432,3998,508070,1030100
1516,200,204,50232,3994,508274,1008800
1517,187,182,50045,3999,508456,1007700
1518,164,204,49881,3959,508660,1019600
1519,183,179,49698,3963,508839,1017000
1520,173,220,49525,3916,509059,1047500
1521,179,208,49346,3887,509267,1225100
1522,162,191,49184,3858,509458,1042900
1523,162,188,49022,3832,509646,1013000
1524,169,200,48853,3801,509846,1020600
1525,181,148,48672,3834,509994,1042000
1526,184,198,48488,3820,510192,1041200
1527,190,188,48298,3822,510380,1026400
1528,186,169,48112,3839,510549,1015400
1529,161,171,47951,3829,510720,1006400
1530,196,174,47755,3851,510894,1176000
1531,187,184,47568,3854,511078,1019000
1532,178,187,47390,3845,511265,1028400
1533,195,196,47195,3844,511461,1026100
1534,180,210,47015,3814,511671,1027300
1535,203,164,46812,3853,511835,1018900
1536,191,202,46621,3842,512037,1038800
1537,186,178,46435,3850,512215,1032900
1538,180,226,46255,3804,512441,1037600
1539,168,236,46087,3736,512677,1028900
1540,178,175,45909,3739,512852,1011400
1541,182,187,45727,3734,513039,1039200
1542,184,180,45543,3738,513219,1029700
1543,181,197,45362,3722,513416,1043800
1544,190,179,45172,3733,513595,1030200
1545,179,191,44993,3721,513786,1030800
1546,169,188,44824,3702,513974,1023300
1547,194,214,44630,3682,514188,1024300
1548,182,179,44448,3685,514367,1064900
1549,185,183,44263,3687,514550,1062000
1550,207,189,44056,3705,514739,1016800
1551,181,181,43875,3705,514920,1033200
1552,172,195,43703,3682,515115,1025900
1553,182,190,43521,3674,515305,1034900
1554,185,206,43336,3653,515511,1037400
1555,181,195,43155,3639,515706,1129200
1556,158,160,42997,3637,515866,1027300
1557,181,178,42816,3640,516044,1052800
1558,175,206,42641,3609,516250,1032600
1559,180,159,42461,3630,516409,1003000
1560,162,150,42299,3642,516559,1021300
1561,176,185,42123,3633,516744,1142600
1562,173,185,41950,3621,516929,1065500
1563,171,156,41779,3636,517085,1008300
1564,166,189,41613,3613,517274,1035300
1565,188,197,41425,3604,517471,1066800
1566,184,202,41241,3586,517673,1067100
1567,168,201,41073,3553,517874,1048600
1568,192,170,40881,3575,518044,980700
1569,178,172,40703,3581,518216,978200
1570,167,164,40536,3584,518380,964700
1571,173,194,40363,3563,518574,968800
1572,166,190,40197,3539,518764,951700
1573,165,167,40032,3537,518931,976100
1574,187,168,39845,3556,519099,969500
1575,196,178,39649,3574,519277,970500
1576,183,191,39466,3566,519468,963700
1577,173,159,39293,3580,519627,947900
1578,162,206,39131,3536,519833,959900
1579,154,165,38977,3525,519998,946000
1580,166,194,38811,3497,520192,944000
1581,165,190,38646,3472,520382,994700
1582,176,188,38470,3460,520570,982900
1583,149,183,38321,3426,520753,967000
1584,152,169,38169,3409,520922,965300
1585,151,194,38018,3366,521116,965400
1586,153,183,37865,3336,521299,967100
1587,137,160,37728,3313,521459,965400
1588,166,159,37562,3320,521618,967400
1589,145,155,37417,3310,521773,949400
1590,145,161,37272,3294,521934,944200
1591,141,161,37131,3274,522095,967500
1592,176,145,36955,3305,522240,945100
1593,160,195,36795,3270,522435,961100
1594,137,162,36658,3245,522597,1140600
1595,157,165,36501,3237,522762,973400
1596,156,149,36345,3244,522911,988600
1597,130,170,36215,3204,523081,965400
1598,164,149,36051,3219,523230,976300
1599,151,151,35900,3219,523381,973000
1600,166,155,35734,3230,523536,962900
1601,151,179,35583,3202,523715,961400
1602,148,164,35435,3186,523879,960700
1603,174,162,35261,3198,524041,959000
1604,153,172,35108,3179,524213,960800
1605,170,160,34938,3189,524373,964400
1606,158,148,34780,3199,524521,963900
1607,174,155,34606,3218,524676,991300
1608,172,152,34434,3238,524828,946600
1609,136,164,34298,3210,524992,948400
1610,173,163,34125,3220,525155,946600
1611,133,153,33992,3200,525308,944000
1612,140,131,33852,3209,525439,960800
1613,153,157,33699,3205,525596,963700
1614,131,169,33568,3167,525765,1003100
1615,141,167,33427,3141,525932,964600
1616,151,144,33276,3148,526076,960100
1617,135,170,33141,3113,526246,960100
1618,147,149,32994,3111,526395,961700
1619,144,159,32850,3096,526554,961500
1620,140,157,32710,3079,526711,957000
1621,150,143,32560,3086,526854,957200
1622,140,154,32420,3072,527008,948300
1623,146,172,32274,3046,527180,958400
1624,140,142,32134,3044,527322,945300
1625,143,166,31991,3021,527488,945000
1626,126,151,31865,2996,527639,942700
1627,150,151,31715,2995,527790,961800
1628,130,141,31585,2984,527931,1001900
1629,135,150,31450,2969,528081,969900
1630,145,144,31305,2970,528225,960700
1631,130,144,31175,2956,528369,963200
1632,131,143,31044,2944,528512,958800
1633,148,160,30896,2932,528672,956100
1634,125,154,30771,2903,528826,954100
1635,158,143,30613,2918,528969,943300
1636,127,141,30486,2904,529110,944500
1637,128,140,30358,2892,529250,977800
1638,153,132,30205,2913,529382,951700
1639,137,142,30068,2908,529524,956300
1640,130,121,29938,2917,529645,964400
1641,130,153,29808,2894,529798,1270700
1642,133,120,29675,2907,529918,962400
1643,137,135,29538,2909,530053,962200
1644,131,134,29407,2906,530187,958900
1645,128,131,29279,2903,530318,968700
1646,116,131,29163,2888,530449,1007100
1647,117,138,29046,2867,530587,958400
1648,122,140,28924,2849,530727,952300
1649,144,137,28780,2856,530864,952600
1650,126,151,28654,2831,531015,956500
1651,136,144,28518,2823,531159,953300
1652,127,146,28391,2804,531305,950200
1653,106,128,28285,2782,531433,942000
1654,105,142,28180,2745,531575,951600
1655,124,118,28056,2751,531693,937400
1656,120,129,27936,2742,531822,953800
1657,123,157,27813,2708,531979,955100
1658,121,152,27692,2677,532131,997000
1659,95,134,27597,2638,532265,950400
1660,126,126,27471,2638,532391,950800
1661,103,115,27368,2626,532506,1173000
1662,126,141,27242,2611,532647,964800
1663,135,137,27107,2609,532784,962300
1664,116,125,26991,2600,532909,950300
1665,98,114,26893,2584,533023,948700
1666,129,138,26764,2575,533161,951900
1667,106,117,26658,2564,533278,952000
1668,115,135,26543,2544,533413,955700
1669,112,119,26431,2537,533532,948900
1670,105,154,26326,2488,533686,937500
1671,103,118,26223,2473,533804,935900
1672,115,136,26108,2452,533940,952000
1673,94,137,26014,2409,534077,950300
1674,104,125,25910,2388,534202,952100
1675,105,123,25805,2370,534325,957200
1676,97,117,25708,2350,534442,951700
1677,89,114,25619,2325,534556,959400
1678,108,110,25511,2323,534666,965000
1679,104,113,25407,2314,534779,951100
1680,102,127,25305,2289,534906,948400
1681,105,115,25200,2279,535021,934600
1682,102,102,25098,2279,535123,935300
1683,108,98,24990,2289,535221,933900
1684,92,108,24898,2273,535329,958900
1685,104,132,24794,2245,535461,951200
1686,97,137,24697,2205,535598,962400
1687,97,110,24600,2192,535708,948400
1688,108,98,24492,2202,535806,948700
1689,88,120,24404,2170,535926,947600
1690,98,105,24306,2163,536031,950700
1691,97,101,24209,2159,536132,970300
1692,97,113,24112,2143,536245,947600
1693,99,127,24013,2115,536372,927300
1694,95,104,23918,2106,536476,977500
1695,88,118,23830,2076,536594,944500
1696,100,111,23730,2065,536705,930900
1697,94,106,23636,2053,536811,953300
1698,94,115,23542,2032,536926,952900
1699,97,83,23445,2046,537009,951600
1700,100,85,23345,2061,537094,950300
1701,90,119,23255,2032,537213,973300
1702,91,90,23164,2033,537303,952800
1703,97,102,23067,2028,537405,953400
1704,107,110,22960,2025,537515,944800
1705,86,103,22874,2008,537618,945600
1706,95,102,22779,2001,537720,984000
1707,93,101,22686,1993,537821,952800
1708,111,81,22575,2023,537902,938400
1709,106,94,22469,2035,537996,1143200
1710,96,112,22373,2019,538108,1012700
1711,111,105,22262,2025,538213,990900
1712,93,93,22169,2025,538306,1014400
1713,89,90,22080,2024,538396,1009900
1714,111,99,21969,2036,538495,1012000
1715,92,108,21877,2020,538603,952800
1716,102,102,21775,2020,538705,952400
1717,99,85,21676,2034,538790,986100
1718,76,93,21600,2017,538883,947400
1719,88,108,21512,1997,538991,951500
1720,99,96,21413,2000,539087,945800
1721,94,111,21319,1983,539198,947200
1722,89,101,21230,1971,539299,946300
1723,104,115,21126,1960,539414,945400
1724,94,89,21032,1965,539503,936700
1725,91,111,20941,1945,539614,931100
1726,96,115,20845,1926,539729,1003200
1727,101,97,20744,1930,539826,1000500
1728,85,87,20659,1928,539913,941600
1729,95,96,20564,1927,540009,949900
1730,108,93,20456,1942,540102,949300
1731,102,93,20354,1951,540195,950300
1732,105,99,20249,1957,540294,952900
1733,87,109,20162,1935,540403,962800
1734,127,97,20035,1965,540500,959100
1735,119,98,19916,1986,540598,1142000
1736,88,101,19828,1973,540699,954800
1737,87,81,19741,1979,540780,955000
1738,100,93,19641,1986,540873,948900
1739,94,104,19547,1976,540977,925100
1740,95,94,19452,1977,541071,936400
1741,97,97,19355,1977,541168,937700
1742,75,109,19280,1943,541277,953600
1743,72,102,19208,1913,541379,958000
1744,86,86,19122,1913,541465,953400
1745,89,112,19033,1890,541577,953500
1746,98,91,18935,1897,541668,962100
1747,84,99,18851,1882,541767,950500
1748,74,95,18777,1861,541862,953100
1749,82,94,18695,1849,541956,949400
1750,83,86,18612,1846,542042,962000
1751,75,102,18537,1819,542144,938700
1752,72,79,18465,1812,542223,926600
1753,65,83,18400,1794,542306,931100
1754,76,77,18324,1793,542383,948900
1755,77,103,18247,1767,542486,948700
1756,68,77,18179,1758,542563,951100
1757,89,91,18090,1756,542654,947700
1758,87,88,18003,1755,542742,1068300
1759,79,90,17924,1744,542832,1060000
1760,82,77,17842,1749,542909,939900
1761,84,97,17758,1736,543006,981900
1762,83,96,17675,1723,543102,968100
1763,84,79,17591,1728,543181,968200
1764,74,79,17517,1723,543260,964600
1765,90,88,17427,1725,543348,929500
1766,93,85,17334,1733,543433,930700
1767,86,80,17248,1739,543513,978000
1768,78,98,17170,1719,543611,924200
1769,82,93,17088,1708,543704,942200
1770,97,81,16991,1724,543785,951000
1771,83,80,16908,1727,543865,957100
1772,78,90,16830,1715,543955,949600
1773,92,77,16738,1730,544032,946000
1774,62,85,16676,1707,544117,941000
1775,71,79,16605,1699,544196,998000
1776,73,73,16532,1699,544269,960700
1777,100,103,16432,1696,544372,924600
1778,89,81,16343,1704,544453,925300
1779,85,88,16258,1701,544541,980800
1780,82,75,16176,1708,544616,972100
1781,91,80,16085,1719,544696,958900
1782,84,80,16001,1723,544776,946000
1783,68,85,15933,1706,544861,946500
1784,91,88,15842,1709,544949,943000
1785,74,97,15768,1686,545046,947900
1786,86,80,15682,1692,545126,954000
1787,79,81,15603,1690,545207,947800
1788,84,98,15519,1676,545305,944700
1789,90,89,15429,1677,545394,923000
1790,72,80,15357,1669,545474,942500
1791,76,89,15281,1656,545563,944400
1792,77,78,15204,1655,545641,939800
1793,77,81,15127,1651,545722,943300
1794,85,73,15042,1663,545795,952300
1795,75,95,14967,1643,545890,954800
1796,78,91,14889,1630,545981,1141300
1797,72,81,14817,1621,546062,949000
1798,62,74,14755,1609,546136,934000
1799,72,75,14683,1606,546211,941800
1800,70,77,14613,1599,546288,937900
1801,63,80,14550,1582,546368,938500
1802,60,80,14490,1562,546448,943000
1803,66,90,14424,1538,546538,940700
1804,65,78,14359,1525,546616,925000
1805,83,81,14276,1527,546697,924300
1806,59,68,14217,1518,546765,948400
1807,77,79,14140,1516,546844,945100
1808,74,74,14066,1516,546918,962500
1809,67,82,13999,1501,547000,944500
1810,55,80,13944,1476,547080,943400
1811,58,90,13886,1444,547170,953400
1812,60,65,13826,1439,547235,942300
1813,67,81,13759,1425,547316,939200
1814,66,70,13693,1421,547386,923600
1815,68,71,13625,1418,547457,932000
1816,73,71,13552,1420,547528,968200
1817,61,68,13491,1413,547596,959600
1818,78,64,13413,1427,547660,922100
1819,66,77,13347,1416,547737,930800
1820,63,67,13284,1412,547804,943900
1821,70,78,13214,1404,547882,940900
1822,55,76,13159,1383,547958,942300
1823,47,60,13112,1370,548018,942300
1824,54,76,13058,1348,548094,1055300
1825,60,70,12998,1338,548164,947100
1826,52,70,12946,1320,548234,930500
1827,57,79,12889,1298,548313,925600
1828,65,62,12824,1301,548375,921200
1829,53,55,12771,1299,548430,920400
1830,49,73,12722,1275,548503,939600
1831,38,62,12684,1251,548565,938400
1832,51,54,12633,1248,548619,939200
1833,58,60,12575,1246,548679,942800
1834,55,72,12520,1229,548751,963600
1835,44,57,12476,1216,548808,938400
1836,47,61,12429,1202,548869,946100
1837,68,62,12361,1208,548931,929300
1838,61,76,12300,1193,549007,923200
1839,56,54,12244,1195,549061,922100
1840,54,62,12190,1187,549123,1242200
1841,64,58,12126,1193,549181,945700
1842,49,53,12077,1189,549234,967400
1843,59,49,12018,1199,549283,942600
1844,51,58,11967,1192,549341,1028100
1845,44,58,11923,1178,549399,968700
1846,51,65,11872,1164,549464,943900
1847,44,54,11828,1154,549518,936500
1848,47,75,11781,1126,549593,936400
1849,37,66,11744,1097,549659,937800
1850,43,66,11701,1074,549725,938900
1851,52,50,11649,1076,549775,969100
1852,40,50,11609,1066,549825,918100
1853,52,48,11557,1070,549873,1111700
1854,39,57,11518,1052,549930,929400
1855,40,56,11478,1036,549986,937800
1856,42,42,11436,1036,550028,965600
1857,33,51,11403,1018,550079,948000
1858,28,42,11375,1004,550121,934000
1859,42,53,11333,993,550174,931000
1860,38,51,11295,980,550225,935600
1861,42,43,11253,979,550268,933400
1862,34,49,11219,964,550317,961800
1863,39,51,11180,952,550368,944300
1864,38,41,11142,949,550409,928700
1865,28,44,11114,933,550453,918700
1866,32,50,11082,915,550503,941300
1867,33,53,11049,895,550556,921100
1868,37,42,11012,890,550598,934700
1869,38,43,10974,885,550641,934100
1870,33,33,10941,885,550674,935200
1871,22,31,10919,876,550705,947100
1872,33,36,10886,873,550741,939200
1873,26,40,10860,859,550781,1085500
1874,33,34,10827,858,550815,923300
1875,33,48,10794,843,550863,930700
1876,26,35,10768,834,550898,932100
1877,27,36,10741,825,550934,917500
1878,31,59,10710,797,550993,928800
1879,25,29,10685,793,551022,920300
1880,24,48,10661,769,551070,971700
1881,30,40,10631,759,551110,926800
1882,20,47,10611,732,551157,930000
1883,35,25,10576,742,551182,1107300
1884,20,56,10556,706,551238,932300
1885,26,33,10530,699,551271,930200
1886,35,36,10495,698,551307,931800
1887,22,35,10473,685,551342,931000
1888,28,27,10445,686,551369,953500
1889,30,34,10415,682,551403,960100
1890,31,32,10384,681,551435,936000
1891,28,34,10356,675,551469,930000
1892,20,19,10336,676,551488,935300
1893,26,32,10310,670,551520,936800
1894,27,40,10283,657,551560,936300
1895,27,37,10256,647,551597,934200
1896,29,21,10227,655,551618,932900
1897,23,34,10204,644,551652,936500
1898,26,32,10178,638,551684,935000
1899,29,26,10149,641,551710,919300
1900,17,26,10132,632,551736,942700
1901,32,21,10100,643,551757,939500
1902,25,31,10075,637,551788,934200
1903,15,30,10060,622,551818,933700
1904,31,28,10029,625,551846,934800
1905,37,28,9992,634,551874,959000
1906,26,33,9966,627,551907,945700
1907,29,35,9937,621,551942,937400
1908,22,37,9915,606,551979,940600
1909,28,22,9887,612,552001,948700
1910,17,27,9870,602,552028,947200
1911,26,30,9844,598,552058,954000
1912,36,25,9808,609,552083,931900
1913,31,27,9777,613,552110,930900
1914,29,20,9748,622,552130,933400
1915,22,25,9726,619,552155,1138600
1916,29,23,9697,625,552178,930900
1917,45,26,9652,644,552204,922700
1918,23,31,9629,636,552235,922900
1919,22,30,9607,628,552265,951500
1920,25,33,9582,620,552298,936900
1921,15,30,9567,605,552328,923900
1922,25,27,9542,603,552355,997200
1923,23,33,9519,593,552388,937300
1924,23,34,9496,582,552422,924200
1925,18,25,9478,575,552447,927100
1926,17,21,9461,571,552468,929400
1927,17,22,9444,566,552490,925500
1928,12,23,9432,555,552513,921800
1929,15,19,9417,551,552532,919300
1930,17,32,9400,536,552564,923700
1931,16,30,9384,522,552594,925400
1932,15,32,9369,505,552626,914400
1933,13,18,9356,500,552644,917200
1934,15,29,9341,486,552673,924200
1935,19,19,9322,486,552692,924600
1936,12,25,9310,473,552717,1127800
1937,13,29,9297,457,552746,934200
1938,20,33,9277,444,552779,965400
1939,24,22,9253,446,552801,990500
1940,22,25,9231,443,552826,932900
1941,12,16,9219,439,552842,932800
1942,16,18,9203,437,552860,1018000
1943,15,23,9188,429,552883,935300
1944,8,22,9180,415,552905,933400
1945,10,22,9170,403,552927,932900
1946,21,22,9149,402,552949,911800
1947,15,26,9134,391,552975,923100
1948,13,14,9121,390,552989,936600
1949,13,17,9108,386,553006,933900
1950,9,12,9099,383,553018,934800
1951,7,18,9092,372,553036,940500
1952,12,20,9080,364,553056,931200
1953,12,19,9068,357,553075,933100
1954,16,21,9052,352,553096,933100
1955,9,18,9043,343,553114,930800
1956,10,15,9033,338,553129,955900
1957,15,9,9018,344,553138,941300
1958,17,15,9001,346,553153,926000
1959,18,12,8983,352,553165,933900
1960,16,19,8967,349,553184,925300
1961,13,14,8954,348,553198,925200
1962,14,11,8940,351,553209,922700
1963,11,16,8929,346,553225,924800
1964,12,14,8917,344,553239,941300
1965,8,27,8909,325,553266,932700
1966,9,10,8900,324,553276,922100
1967,6,13,8894,317,553289,917000
1968,10,14,8884,313,553303,931900
1969,8,12,8876,309,553315,923400
1970,6,17,8870,298,553332,929000
1971,12,15,8858,295,553347,928100
1972,12,18,8846,289,553365,931200
1973,9,14,8837,284,553379,980000
1974,9,15,8828,278,553394,942600
1975,12,14,8816,276,553408,920500
1976,7,8,8809,275,553416,922200
1977,8,15,8801,268,553431,917200
1978,14,9,8787,273,553440,927900
1979,6,9,8781,270,553449,929900
1980,10,10,8771,270,553459,921900
1981,6,14,8765,262,553473,932100
1982,5,15,8760,252,553488,945800
1983,6,14,8754,244,553502,953400
1984,4,12,8750,236,553514,923700
1985,8,10,8742,234,553524,939500
1986,7,12,8735,229,553536,1006500
1987,6,15,8729,220,553551,931300
1988,7,12,8722,215,553563,925800
1989,7,10,8715,212,553573,1172300
1990,7,14,8708,205,553587,944700
1991,3,15,8705,193,553602,926400
1992,5,7,8700,191,553609,923100
1993,5,10,8695,186,553619,927600
1994,7,6,8688,187,553625,926000
1995,1,15,8687,173,553640,922700
1996,6,7,8681,172,553647,923600
1997,9,5,8672,176,553652,933900
1998,8,13,8664,171,553665,921800
1999,6,7,8658,170,553672,926600
2000,5,5,8653,170,553677,934200
2001,4,10,8649,164,553687,924100
2002,3,11,8646,156,553698,928700
2003,5,10,8641,151,553708,931000
2004,2,7,8639,146,553715,932100
2005,6,11,8633,141,553726,983600
2006,6,4,8627,143,553730,931700
2007,7,7,8620,143,553737,1072200
2008,5,5,8615,143,553742,927400
2009,7,4,8608,146,553746,926800
2010,6,7,8602,145,553753,1043700
2011,4,7,8598,142,553760,914300
2012,8,6,8590,144,553766,932400
2013,6,7,8584,143,553773,926500
2014,5,11,8579,137,553784,1119600
2015,2,7,8577,132,553791,1018000
2016,11,9,8566,134,553800,944000
2017,0,7,8566,127,553807,926800
2018,2,6,8564,123,553813,923500
2019,4,4,8560,123,553817,923000
2020,4,3,8556,124,553820,924700
2021,4,6,8552,122,553826,1069900
2022,4,7,8548,119,553833,928100
2023,2,3,8546,118,553836,968100
2024,4,10,8542,112,553846,926900
2025,3,2,8539,113,553848,939000
2026,4,9,8535,108,553857,919500
2027,2,4,8533,106,553861,923200
2028,2,7,8531,101,553868,923700
2029,2,6,8529,97,553874,933200
2030,1,5,8528,93,553879,955500
2031,0,4,8528,89,553883,956100
2032,3,6,8525,86,553889,928100
2033,2,4,8523,84,553893,931600
2034,0,3,8523,81,553896,925700
2035,0,2,8523,79,553898,923100
2036,3,6,8520,76,553904,919000
2037,1,4,8519,73,553908,966300
2038,0,2,8519,71,553910,978000
2039,1,2,8518,70,553912,1121000
2040,0,2,8518,68,553914,1014300
2041,2,3,8516,67,553917,937200
2042,1,5,8515,63,553922,942600
2043,0,2,8515,61,553924,933500
2044,0,1,8515,60,553925,923600
2045,0,0,8515,60,553925,939400
2046,0,5,8515,55,553930,937600
2047,0,3,8515,52,553933,1082200
2048,1,4,8514,49,553937,934600
2049,0,3,8514,46,553940,929500
2050,0,3,8514,43,553943,933100
2051,0,1,8514,42,553944,948300
2052,0,3,8514,39,553947,958500
2053,0,2,8514,37,553949,922600
2054,0,0,8514,37,553949,936900
2055,0,3,8514,34,553952,978300
2056,0,3,8514,31,553955,925300
2057,0,2,8514,29,553957,925300
2058,0,4,8514,25,553961,920900
2059,0,0,8514,25,553961,923500
2060,0,2,8514,23,553963,927700
2061,0,3,8514,20,553966,924400
2062,0,1,8514,19,553967,923900
2063,0,2,8514,17,553969,931800
2064,0,0,8514,17,553969,923700
2065,0,0,8514,17,553969,928300
2066,0,1,8514,16,553970,934200
2067,0,0,8514,16,553970,931400
2068,0,1,8514,15,553971,932100
2069,0,3,8514,12,553974,932400
2070,0,2,8514,10,553976,939100
2071,0,1,8514,9,553977,926500
2072,0,1,8514,8,553978,926900
2073,0,2,8514,6,553980,922400
2074,0,0,8514,6,553980,937400
2075,0,0,8514,6,553980,926100
2076,0,1,8514,5,553981,945000
2077,0,0,8514,5,553981,923200
2078,0,1,8514,4,553982,939800
2079,0,1,8514,3,553983,932000
2080,0,0,8514,3,553983,963500
2081,0,0,8514,3,553983,922700
2082,0,0,8514,3,553983,917100
2083,0,0,8514,3,553983,921100
2084,0,0,8514,3,553983,928700
2085,0,0,8514,3,553983,1110400
2086,0,0,8514,3,553983,1106800
2087,0,0,8514,3,553983,938200
2088,0,0,8514,3,553983,935100
2089,0,0,8514,3,553983,923500
2090,0,0,8514,3,553983,921300
2091,0,0,8514,3,553983,921100
2092,0,0,8514,3,553983,921900
2093,0,1,8514,2,553984,926100
2094,0,0,8514,2,553984,921500
2095,0,0,8514,2,553984,922500
2096,0,0,8514,2,553984,921300
2097,0,0,8514,2,553984,932900
2098,0,0,8514,2,553984,930100
2099,0,0,8514,2,553984,926400
2100,0,0,8514,2,553984,926800
2101,0,0,8514,2,553984,931100
2102,0,0,8514,2,553984,930600
2103,0,0,8514,2,553984,925300
2104,0,0,8514,2,553984,947000
2105,0,0,8514,2,553984,938300
2106,0,0,8514,2,553984,931500
2107,0,0,8514,2,553984,931700
2108,0,0,8514,2,553984,932200
2109,0,0,8514,2,553984,921800
2110,0,0,8514,2,553984,937300
2111,0,0,8514,2,553984,924500
2112,0,0,8514,2,553984,951900
2113,0,1,8514,1,553985,928800
2114,0,0,8514,1,553985,919800
2115,0,0,8514,1,553985,923400
2116,0,0,8514,1,553985,932700
2117,0,0,8514,1,553985,930900
2118,0,0,8514,1,553985,937700
2119,0,0,8514,1,553985,936800
2120,0,0,8514,1,553985,939800
2121,0,0,8514,1,553985,960700
2122,0,0,8514,1,553985,933400
2123,0,0,8514,1,553985,923200
2124,0,0,8514,1,553985,921300
2125,0,0,8514,1,553985,965300
2126,0,0,8514,1,553985,980100
2127,0,0,8514,1,553985,926200
2128,0,0,8514,1,553985,923500
2129,0,0,8514,1,553985,926100
2130,0,0,8514,1,553985,968000
2131,0,0,8514,1,553985,960400
2132,0,0,8514,1,553985,925400
2133,0,0,8514,1,553985,923500
2134,0,0,8514,1,553985,925600
2135,0,0,8514,1,553985,928600
2136,0,0,8514,1,553985,1036300
2137,0,0,8514,1,553985,1197300
2138,0,0,8514,1,553985,1035600
2139,0,0,8514,1,553985,934200
2140,0,0,8514,1,553985,936000
2141,0,0,8514,1,553985,937000
2142,0,0,8514,1,553985,917200
2143,0,0,8514,1,553985,923900
2144,0,0,8514,1,553985,920400
2145,0,0,8514,1,553985,931200
2146,0,0,8514,1,553985,933400
2147,0,0,8514,1,553985,931700
2148,0,0,8514,1,553985,965600
2149,0,0,8514,1,553985,943000
2150,0,0,8514,1,553985,1052600
2151,0,1,8514,0,553986,920800
