Tick,NewlyInfected,NewlyRecovered,TotalSusceptible,TotalInfected,TotalRecovered,StepTimeNanos
0,2,0,562493,7,0,1550000
1,3,0,562490,10,0,1018400
2,1,1,562489,10,1,965700
3,3,0,562486,13,1,966400
4,2,1,562484,14,2,942200
5,6,1,562478,19,3,964200
6,4,1,562474,22,4,938500
7,1,3,562473,20,7,932700
8,4,0,562469,24,7,1088400
9,7,0,562462,31,7,955400
10,9,2,562453,38,9,1099100
11,10,3,562443,45,12,945300
12,7,1,562436,51,13,940700
13,9,3,562427,57,16,943200
14,7,1,562420,63,17,949100
15,5,7,562415,61,24,974800
16,6,3,562409,64,27,964900
17,11,1,562398,74,28,938800
18,5,6,562393,73,34,944200
19,6,0,562387,79,34,959200
20,9,1,562378,87,35,1135900
21,7,4,562371,90,39,1067400
22,11,3,562360,98,42,1012100
23,11,4,562349,105,46,952000
24,11,3,562338,113,49,940500
25,6,6,562332,113,55,952500
26,17,3,562315,127,58,948300
27,17,8,562298,136,66,949500
28,10,6,562288,140,72,1129600
29,13,9,562275,144,81,1056700
30,18,4,562257,158,85,938400
31,15,3,562242,170,88,939500
32,13,12,562229,171,100,1122900
33,24,7,562205,188,107,1039000
34,21,13,562184,196,120,942900
35,16,5,562168,207,125,957600
36,23,8,562145,222,133,939800
37,21,7,562124,236,140,1124500
38,34,7,562090,263,147,963200
39,28,10,562062,281,157,942600
40,17,7,562045,291,164,953500
41,31,18,562014,304,182,942200
42,31,17,561983,318,199,1034000
43,25,14,561958,329,213,953600
44,22,21,561936,330,234,941100
45,25,13,561911,342,247,938500
46,19,15,561892,346,262,943500
47,19,21,561873,344,283,935000
48,26,15,561847,355,298,947400
49,23,14,561824,364,312,938600
50,24,15,561800,373,327,943200
51,22,19,561778,376,346,939600
52,31,10,561747,397,356,948400
53,28,14,561719,411,370,938000
54,33,17,561686,427,387,953300
55,44,30,561642,441,417,944300
56,36,20,561606,457,437,979800
57,39,20,561567,476,457,958800
58,36,24,561531,488,481,946900
59,38,23,561493,503,504,951500
60,43,17,561450,529,521,941200
61,31,31,561419,529,552,941900
62,30,22,561389,537,574,937900
63,44,31,561345,550,605,939000
64,46,30,561299,566,635,940000
65,39,31,561260,574,666,946500
66,39,37,561221,576,703,948100
67,38,28,561183,586,731,939800
68,38,26,561145,598,757,952500
69,41,30,561104,609,787,1007500
70,44,31,561060,622,818,1008200
71,49,32,561011,639,850,1002100
72,52,23,560959,668,873,1182900
73,55,30,560904,693,903,1049300
74,38,25,560866,706,928,992400
75,47,36,560819,717,964,973800
76,39,41,560780,715,1005,956700
77,51,31,560729,735,1036,953100
78,60,32,560669,763,1068,973700
79,66,48,560603,781,1116,941000
80,61,37,560542,805,1153,947400
81,61,39,560481,827,1192,959900
82,69,34,560412,862,1226,939600
83,37,49,560375,850,1275,958600
84,61,42,560314,869,1317,982900
85,59,57,560255,871,1374,941600
86,56,41,560199,886,1415,942500
87,59,51,560140,894,1466,944500
88,55,36,560085,913,1502,952400
89,63,49,560022,927,1551,953000
90,58,50,559964,935,1601,948800
91,73,49,559891,959,1650,941800
92,62,44,559829,977,1694,951600
93,49,45,559780,981,1739,1130700
94,59,37,559721,1003,1776,1073300
95,75,50,559646,1028,1826,949800
96,63,57,559583,1034,1883,947200
97,64,52,559519,1046,1935,984200
98,57,67,559462,1036,2002,945500
99,54,60,559408,1030,2062,973000
100,53,58,559355,1025,2120,949400
101,65,58,559290,1032,2178,946100
102,44,50,559246,1026,2228,945400
103,70,47,559176,1049,2275,947900
104,69,49,559107,1069,2324,948800
105,52,59,559055,1062,2383,944100
106,61,68,558994,1055,2451,954400
107,52,52,558942,1055,2503,948800
108,58,59,558884,1054,2562,1133600
109,61,43,558823,1072,2605,949100
110,59,51,558764,1080,2656,943200
111,58,55,558706,1083,2711,955100
112,62,51,558644,1094,2762,946600
113,70,58,558574,1106,2820,952900
114,76,51,558498,1131,2871,951500
115,58,57,558440,1132,2928,948300
116,66,47,558374,1151,2975,948600
117,72,47,558302,1176,3022,952000
118,77,55,558225,1198,3077,950300
119,78,48,558147,1228,3125,949700
120,74,54,558073,1248,3179,1139300
121,75,56,557998,1267,3235,1000800
122,81,79,557917,1269,3314,954500
123,64,66,557853,1267,3380,957600
124,76,71,557777,1272,3451,1028700
125,80,76,557697,1276,3527,962700
126,95,46,557602,1325,3573,950100
127,92,58,557510,1359,3631,962800
128,88,61,557422,1386,3692,989100
129,80,83,557342,1383,3775,956800
130,78,79,557264,1382,3854,952500
131,88,68,557176,1402,3922,1251700
132,96,71,557080,1427,3993,957400
133,110,72,556970,1465,4065,964600
134,79,79,556891,1465,4144,1002700
135,85,76,556806,1474,4220,947200
136,88,64,556718,1498,4284,945500
137,100,68,556618,1530,4352,993300
138,105,89,556513,1546,4441,975200
139,95,84,556418,1557,4525,954600
140,81,68,556337,1570,4593,952100
141,99,74,556238,1595,4667,956700
142,96,83,556142,1608,4750,951500
143,107,74,556035,1641,4824,943600
144,98,82,555937,1657,4906,950500
145,103,74,555834,1686,4980,941600
146,103,82,555731,1707,5062,971900
147,120,85,555611,1742,5147,968500
148,106,91,555505,1757,5238,952000
149,122,83,555383,1796,5321,954300
150,100,119,555283,1777,5440,956400
151,116,75,555167,1818,5515,955800
152,116,68,555051,1866,5583,991700
153,100,100,554951,1866,5683,1305700
154,103,86,554848,1883,5769,1002600
155,114,86,554734,1911,5855,959000
156,99,99,554635,1911,5954,957900
157,104,109,554531,1906,6063,950800
158,110,97,554421,1919,6160,959200
159,109,84,554312,1944,6244,954600
160,110,99,554202,1955,6343,966900
161,127,116,554075,1966,6459,958900
162,93,93,553982,1966,6552,957700
163,128,100,553854,1994,6652,990300
164,130,87,553724,2037,6739,1011100
165,115,98,553609,2054,6837,968800
166,126,115,553483,2065,6952,978800
167,111,97,553372,2079,7049,957000
168,108,96,553264,2091,7145,949600
169,124,88,553140,2127,7233,1032700
170,132,114,553008,2145,7347,1000700
171,132,99,552876,2178,7446,1248800
172,103,117,552773,2164,7563,991800
173,130,100,552643,2194,7663,1035400
174,129,125,552514,2198,7788,960000
175,127,100,552387,2225,7888,976300
176,125,138,552262,2212,8026,980700
177,122,107,552140,2227,8133,961400
178,123,98,552017,2252,8231,966400
179,153,109,551864,2296,8340,982500
180,146,120,551718,2322,8460,1025000
181,137,130,551581,2329,8590,964400
182,133,115,551448,2347,8705,987700
183,121,131,551327,2337,8836,995200
184,133,120,551194,2350,8956,988500
185,132,128,551062,2354,9084,980900
186,130,119,550932,2365,9203,1223200
187,136,125,550796,2376,9328,1085500
188,118,118,550678,2376,9446,1000800
189,148,129,550530,2395,9575,1073500
190,142,124,550388,2413,9699,980200
191,147,119,550241,2441,9818,961400
192,144,118,550097,2467,9936,993800
193,148,148,549949,2467,10084,1245000
194,135,123,549814,2479,10207,998000
195,153,112,549661,2520,10319,974900
196,179,126,549482,2573,10445,986900
197,156,128,549326,2601,10573,1286100
198,176,130,549150,2647,10703,1024400
199,175,120,548975,2702,10823,986700
200,172,152,548803,2722,10975,965200
201,160,147,548643,2735,11122,1328300
202,181,160,548462,2756,11282,987100
203,155,120,548307,2791,11402,1039500
204,182,150,548125,2823,11552,1006600
205,170,138,547955,2855,11690,962700
206,155,128,547800,2882,11818,1057700
207,162,131,547638,2913,11949,987700
208,169,142,547469,2940,12091,988200
209,160,146,547309,2954,12237,982300
210,161,152,547148,2963,12389,1014800
211,163,173,546985,2953,12562,1000100
212,153,143,546832,2963,12705,1069000
213,181,155,546651,2989,12860,1013500
214,175,168,546476,2996,13028,1031900
215,171,146,546305,3021,13174,970000
216,191,147,546114,3065,13321,994400
217,173,157,545941,3081,13478,1015000
218,183,145,545758,3119,13623,971200
219,172,172,545586,3119,13795,969800
220,172,149,545414,3142,13944,1027300
221,177,156,545237,3163,14100,1134700
222,209,168,545028,3204,14268,1030900
223,197,162,544831,3239,14430,1189000
224,152,160,544679,3231,14590,998400
225,187,140,544492,3278,14730,1204300
226,184,141,544308,3321,14871,1061400
227,164,183,544144,3302,15054,1226000
228,188,184,543956,3306,15238,1019500
229,173,161,543783,3318,15399,987300
230,190,156,543593,3352,15555,1052600
231,186,176,543407,3362,15731,988800
232,188,178,543219,3372,15909,984500
233,205,165,543014,3412,16074,986500
234,171,156,542843,3427,16230,1095100
235,189,175,542654,3441,16405,1031200
236,203,173,542451,3471,16578,1003000
237,181,180,542270,3472,16758,993800
238,193,174,542077,3491,16932,1007900
239,214,163,541863,3542,17095,1217800
240,216,184,541647,3574,17279,995700
241,178,144,541469,3608,17423,1033500
242,214,203,541255,3619,17626,1014900
243,204,201,541051,3622,17827,1047500
244,212,182,540839,3652,18009,1008300
245,196,175,540643,3673,18184,1031500
246,173,176,540470,3670,18360,974200
247,210,174,540260,3706,18534,1096600
248,187,178,540073,3715,18712,1104600
249,181,186,539892,3710,18898,1021300
250,196,177,539696,3729,19075,1088700
251,208,161,539488,3776,19236,1013900
252,194,214,539294,3756,19450,1182100
253,216,206,539078,3766,19656,1015500
254,196,182,538882,3780,19838,1002400
255,193,204,538689,3769,20042,999100
256,208,185,538481,3792,20227,971000
257,211,191,538270,3812,20418,1003200
258,203,192,538067,3823,20610,1223400
259,192,200,537875,3815,20810,1013400
260,226,192,537649,3849,21002,1031100
261,210,193,537439,3866,21195,1010600
262,226,219,537213,3873,21414,997700
263,207,206,537006,3874,21620,1005100
264,229,214,536777,3889,21834,1000600
265,228,182,536549,3935,22016,979200
266,190,202,536359,3923,22218,968800
267,211,191,536148,3943,22409,1010000
268,208,176,535940,3975,22585,986900
269,182,203,535758,3954,22788,1006300
270,240,190,535518,4004,22978,999500
271,215,201,535303,4018,23179,999400
272,223,196,535080,4045,23375,998400
273,238,178,534842,4105,23553,1087400
274,242,195,534600,4152,23748,1272300
275,245,214,534355,4183,23962,1018000
276,225,209,534130,4199,24171,1001800
277,220,230,533910,4189,24401,1002400
278,226,194,533684,4221,24595,999900
279,252,202,533432,4271,24797,1002300
280,215,200,533217,4286,24997,1001100
281,247,218,532970,4315,25215,1003200
282,246,200,532724,4361,25415,1000900
283,249,207,532475,4403,25622,1009800
284,267,243,532208,4427,25865,1010800
285,255,223,531953,4459,26088,1005600
286,262,213,531691,4508,26301,1009000
287,240,201,531451,4547,26502,1032300
288,246,242,531205,4551,26744,1011200
289,259,229,530946,4581,26973,984700
290,266,234,530680,4613,27207,988200
291,252,238,530428,4627,27445,1008200
292,260,216,530168,4671,27661,1010300
293,261,239,529907,4693,27900,1014600
294,262,244,529645,4711,28144,1010700
295,263,243,529382,4731,28387,1013500
296,234,244,529148,4721,28631,1006900
297,265,229,528883,4757,28860,1009800
298,276,239,528607,4794,29099,1017400
299,230,250,528377,4774,29349,1006000
300,245,225,528132,4794,29574,1182700
301,257,322,527875,4729,29896,1079000
302,266,235,527609,4760,30131,1050000
303,271,197,527338,4834,30328,1024200
304,258,211,527080,4881,30539,1016700
305,255,256,526825,4880,30795,1226100
306,273,230,526552,4923,31025,1017200
307,249,241,526303,4931,31266,1023300
308,241,264,526062,4908,31530,1012200
309,237,249,525825,4896,31779,982700
310,242,233,525583,4905,32012,995800
311,251,260,525332,4896,32272,1004300
312,257,207,525075,4946,32479,1073500
313,282,259,524793,4969,32738,1013900
314,241,238,524552,4972,32976,1013400
315,249,250,524303,4971,33226,1057400
316,245,250,524058,4966,33476,1027500
317,288,276,523770,4978,33752,1014200
318,285,243,523485,5020,33995,1017100
319,273,251,523212,5042,34246,1004300
320,257,261,522955,5038,34507,993700
321,269,246,522686,5061,34753,1002200
322,292,269,522394,5084,35022,992300
323,259,264,522135,5079,35286,1061200
324,292,252,521843,5119,35538,1032800
325,255,242,521588,5132,35780,1094400
326,305,278,521283,5159,36058,1029700
327,314,261,520969,5212,36319,1029800
328,270,245,520699,5237,36564,1100600
329,277,250,520422,5264,36814,1045100
330,271,251,520151,5284,37065,1003400
331,287,284,519864,5287,37349,998800
332,254,268,519610,5273,37617,1060200
333,254,267,519356,5260,37884,1029200
334,266,238,519090,5288,38122,1026900
335,269,251,518821,5306,38373,1036200
336,282,295,518539,5293,38668,1021800
337,320,277,518219,5336,38945,1018100
338,266,280,517953,5322,39225,1025000
339,277,252,517676,5347,39477,1016100
340,286,254,517390,5379,39731,1013500
341,293,258,517097,5414,39989,1012000
342,274,259,516823,5429,40248,1055200
343,272,271,516551,5430,40519,1035700
344,278,271,516273,5437,40790,1013700
345,296,270,515977,5463,41060,1025900
346,270,280,515707,5453,41340,1037700
347,255,236,515452,5472,41576,1027100
348,270,283,515182,5459,41859,1018600
349,295,287,514887,5467,42146,1021000
350,307,282,514580,5492,42428,1024000
351,301,264,514279,5529,42692,1016400
352,296,264,513983,5561,42956,1022100
353,308,283,513675,5586,43239,1019900
354,322,265,513353,5643,43504,1019500
355,290,268,513063,5665,43772,1033600
356,288,285,512775,5668,44057,1074700
357,298,265,512477,5701,44322,1138400
358,315,317,512162,5699,44639,1171600
359,292,297,511870,5694,44936,1039600
360,305,283,511565,5716,45219,1168100
361,314,292,511251,5738,45511,1036300
362,329,287,510922,5780,45798,1073700
363,295,301,510627,5774,46099,1069500
364,257,311,510370,5720,46410,1021900
365,293,303,510077,5710,46713,1061100
366,300,296,509777,5714,47009,1048400
367,290,265,509487,5739,47274,1020700
368,311,273,509176,5777,47547,1031000
369,313,314,508863,5776,47861,1131300
370,327,290,508536,5813,48151,1261100
371,322,285,508214,5850,48436,1032400
372,301,266,507913,5885,48702,1044900
373,315,272,507598,5928,48974,1012100
374,313,280,507285,5961,49254,1008600
375,338,323,506947,5976,49577,1016600
376,303,284,506644,5995,49861,1011000
377,316,298,506328,6013,50159,1025900
378,319,295,506009,6037,50454,1028400
379,323,309,505686,6051,50763,1029600
380,316,314,505370,6053,51077,1030400
381,297,296,505073,6054,51373,1028900
382,311,311,504762,6054,51684,1040900
383,307,309,504455,6052,51993,1026100
384,355,310,504100,6097,52303,1091400
385,311,284,503789,6124,52587,1070900
386,354,321,503435,6157,52908,1016400
387,356,284,503079,6229,53192,1002700
388,325,306,502754,6248,53498,1010200
389,323,333,502431,6238,53831,1014000
390,326,326,502105,6238,54157,1020800
391,367,289,501738,6316,54446,1035400
392,375,297,501363,6394,54743,1033000
393,377,348,500986,6423,55091,1039500
394,347,320,500639,6450,55411,1032000
395,349,302,500290,6497,55713,1047600
396,352,349,499938,6500,56062,1029500
397,356,357,499582,6499,56419,1038600
398,308,312,499274,6495,56731,1058300
399,364,321,498910,6538,57052,1067800
400,351,326,498559,6563,57378,1048100
401,377,315,498182,6625,57693,1038800
402,340,329,497842,6636,58022,1047200
403,334,344,497508,6626,58366,1006500
404,358,344,497150,6640,58710,1050300
405,363,341,496787,6662,59051,1036600
406,354,345,496433,6671,59396,1043200
407,341,358,496092,6654,59754,1040500
408,371,345,495721,6680,60099,1035300
409,351,318,495370,6713,60417,1247600
410,385,336,494985,6762,60753,1049200
411,376,331,494609,6807,61084,1037900
412,328,309,494281,6826,61393,1047600
413,319,355,493962,6790,61748,1018900
414,348,312,493614,6826,62060,1196700
415,386,323,493228,6889,62383,1054200
416,363,330,492865,6922,62713,1088200
417,354,334,492511,6942,63047,1041900
418,355,386,492156,6911,63433,1039300
419,340,352,491816,6899,63785,1050300
420,340,326,491476,6913,64111,1045500
421,362,330,491114,6945,64441,1026800
422,350,349,490764,6946,64790,1037700
423,387,342,490377,6991,65132,1037400
424,357,355,490020,6993,65487,1081300
425,361,361,489659,6993,65848,1047500
426,339,335,489320,6997,66183,1073400
427,367,383,488953,6981,66566,1052000
428,366,338,488587,7009,66904,1037700
429,389,321,488198,7077,67225,1105700
430,358,343,487840,7092,67568,1036600
431,358,346,487482,7104,67914,1039500
432,373,362,487109,7115,68276,1035300
433,361,347,486748,7129,68623,1046400
434,366,318,486382,7177,68941,1039200
435,350,350,486032,7177,69291,1032000
436,334,359,485698,7152,69650,1016200
437,349,347,485349,7154,69997,1020000
438,351,325,484998,7180,70322,1034200
439,358,391,484640,7147,70713,1019000
440,369,378,484271,7138,71091,1073600
441,332,376,483939,7094,71467,1057000
442,370,354,483569,7110,71821,1042800
443,371,335,483198,7146,72156,1045600
444,379,371,482819,7154,72527,1047100
445,394,366,482425,7182,72893,1041300
446,343,392,482082,7133,73285,1040300
447,346,350,481736,7129,73635,1035300
448,408,350,481328,7187,73985,1042200
449,357,361,480971,7183,74346,1064200
450,375,376,480596,7182,74722,1014600
451,414,351,480182,7245,75073,1012200
452,359,367,479823,7237,75440,1028000
453,383,344,479440,7276,75784,1028100
454,368,383,479072,7261,76167,1039000
455,390,379,478682,7272,76546,1049200
456,400,347,478282,7325,76893,1043500
457,368,367,477914,7326,77260,1047100
458,389,364,477525,7351,77624,1042500
459,408,372,477117,7387,77996,1046800
460,396,417,476721,7366,78413,1045700
461,396,370,476325,7392,78783,1045800
462,431,351,475894,7472,79134,1078400
463,380,392,475514,7460,79526,1048700
464,402,372,475112,7490,79898,1030800
465,420,411,474692,7499,80309,1037400
466,439,364,474253,7574,80673,1031500
467,464,386,473789,7652,81059,1019100
468,398,419,473391,7631,81478,1064900
469,405,370,472986,7666,81848,1018600
470,405,391,472581,7680,82239,1051300
471,404,379,472177,7705,82618,1051300
472,434,392,471743,7747,83010,1049100
473,403,411,471340,7739,83421,1050600
474,408,378,470932,7769,83799,1071400
475,383,402,470549,7750,84201,1055100
476,430,360,470119,7820,84561,1056700
477,456,399,469663,7877,84960,1046500
478,406,345,469257,7938,85305,1050100
479,398,411,468859,7925,85716,1061700
480,404,395,468455,7934,86111,1069000
481,460,361,467995,8033,86472,1036900
482,444,429,467551,8048,86901,1106100
483,436,390,467115,8094,87291,1032500
484,438,432,466677,8100,87723,1095100
485,451,409,466226,8142,88132,1082400
486,465,431,465761,8176,88563,1066500
487,410,414,465351,8172,88977,1061200
488,397,428,464954,8141,89405,1052200
489,453,432,464501,8162,89837,1127600
490,472,406,464029,8228,90243,1250700
491,419,418,463610,8229,90661,1036900
492,418,422,463192,8225,91083,1031200
493,425,406,462767,8244,91489,1049800
494,432,432,462335,8244,91921,1053600
495,444,390,461891,8298,92311,1227100
496,432,419,461459,8311,92730,1074800
497,412,441,461047,8282,93171,1063300
498,444,411,460603,8315,93582,1066100
499,446,407,460157,8354,93989,1049800
500,406,403,459751,8357,94392,1049100
501,433,423,459318,8367,94815,1028200
502,456,384,458862,8439,95199,1048700
503,471,410,458391,8500,95609,1052400
504,445,390,457946,8555,95999,1051200
505,448,442,457498,8561,96441,1037000
506,470,397,457028,8634,96838,1030700
507,468,390,456560,8712,97228,1027200
508,484,463,456076,8733,97691,1055700
509,468,484,455608,8717,98175,1247200
510,456,418,455152,8755,98593,1150600
511,484,417,454668,8822,99010,1079200
512,437,446,454231,8813,99456,1066800
513,445,467,453786,8791,99923,1066200
514,440,451,453346,8780,100374,1097400
515,466,441,452880,8805,100815,1095500
516,456,470,452424,8791,101285,1074800
517,470,414,451954,8847,101699,1074400
518,439,421,451515,8865,102120,1075200
519,457,471,451058,8851,102591,1076400
520,477,421,450581,8907,103012,1069700
521,471,424,450110,8954,103436,1074200
522,460,419,449650,8995,103855,1057400
523,472,441,449178,9026,104296,1294900
524,472,463,448706,9035,104759,1126100
525,473,463,448233,9045,105222,1141500
526,464,453,447769,9056,105675,1181600
527,449,484,447320,9021,106159,1085700
528,454,488,446866,8987,106647,1104600
529,485,450,446381,9022,107097,1108600
530,479,439,445902,9062,107536,1195600
531,485,471,445417,9076,108007,1104000
532,445,446,444972,9075,108453,1094500
533,462,494,444510,9043,108947,1136600
534,470,457,444040,9056,109404,1161200
535,446,451,443594,9051,109855,1103900
536,464,466,443130,9049,110321,1160600
537,449,483,442681,9015,110804,1140500
538,454,465,442227,9004,111269,1180400
539,464,425,441763,9043,111694,1124800
540,464,461,441299,9046,112155,1103600
541,428,447,440871,9027,112602,1161400
542,457,440,440414,9044,113042,1157300
543,444,455,439970,9033,113497,1151400
544,466,441,439504,9058,113938,1128800
545,512,427,438992,9143,114365,1478100
546,478,440,438514,9181,114805,1155200
547,467,461,438047,9187,115266,1122300
548,451,459,437596,9179,115725,1239600
549,508,459,437088,9228,116184,1107800
550,493,448,436595,9273,116632,1114900
551,522,451,436073,9344,117083,1124800
552,446,451,435627,9339,117534,1090100
553,449,467,435178,9321,118001,1099200
554,501,499,434677,9323,118500,1089000
555,493,456,434184,9360,118956,1080500
556,480,472,433704,9368,119428,1084800
557,463,447,433241,9384,119875,1080200
558,492,482,432749,9394,120357,1086600
559,437,497,432312,9334,120854,1081000
560,472,427,431840,9379,121281,1090300
561,509,494,431331,9394,121775,1089500
562,473,466,430858,9401,122241,1117300
563,483,488,430375,9396,122729,1124100
564,450,482,429925,9364,123211,1122600
565,514,450,429411,9428,123661,1099400
566,475,473,428936,9430,124134,1111000
567,487,498,428449,9419,124632,1096400
568,449,433,428000,9435,125065,1102100
569,470,465,427530,9440,125530,1104100
570,514,467,427016,9487,125997,1099500
571,482,503,426534,9466,126500,1108000
572,500,512,426034,9454,127012,1123000
573,498,457,425536,9495,127469,1105800
574,473,480,425063,9488,127949,1125100
575,473,442,424590,9519,128391,1111000
576,489,464,424101,9544,128855,1138000
577,492,482,423609,9554,129337,1115000
578,470,518,423139,9506,129855,1098900
579,485,475,422654,9516,130330,1108700
580,455,465,422199,9506,130795,1161600
581,448,496,421751,9458,131291,1101700
582,487,465,421264,9480,131756,1109500
583,485,465,420779,9500,132221,1108500
584,499,433,420280,9566,132654,1092900
585,474,434,419806,9606,133088,1062100
586,511,497,419295,9620,133585,1084100
587,488,468,418807,9640,134053,1097000
588,475,523,418332,9592,134576,1095300
589,468,480,417864,9580,135056,1107100
590,498,502,417366,9576,135558,1153500
591,459,480,416907,9555,136038,1125700
592,470,482,416437,9543,136520,1111100
593,479,485,415958,9537,137005,1261400
594,498,460,415460,9575,137465,1104100
595,467,476,414993,9566,137941,1097600
596,507,467,414486,9606,138408,1096600
597,501,485,413985,9622,138893,1083500
598,499,487,413486,9634,139380,1088600
599,501,455,412985,9680,139835,1104500
600,498,443,412487,9735,140278,1119200
601,474,491,412013,9718,140769,1106200
602,530,477,411483,9771,141246,1274400
603,550,530,410933,9791,141776,1136000
604,445,478,410488,9758,142254,1203500
605,543,478,409945,9823,142732,1085600
606,517,496,409428,9844,143228,1134700
607,489,466,408939,9867,143694,1100900
608,526,505,408413,9888,144199,1104800
609,513,478,407900,9923,144677,1094100
610,552,517,407348,9958,145194,1084300
611,552,503,406796,10007,145697,1097700
612,478,519,406318,9966,146216,1120700
613,562,484,405756,10044,146700,1111200
614,541,504,405215,10081,147204,1091900
615,518,518,404697,10081,147722,1099700
616,567,534,404130,10114,148256,1108200
617,546,530,403584,10130,148786,1142300
618,542,521,403042,10151,149307,1120500
619,515,510,402527,10156,149817,1121600
620,486,519,402041,10123,150336,1239200
621,550,529,401491,10144,150865,1125200
622,529,519,400962,10154,151384,1117900
623,523,491,400439,10186,151875,1085100
624,525,503,399914,10208,152378,1089000
625,499,502,399415,10205,152880,1092700
626,518,502,398897,10221,153382,1083700
627,547,514,398350,10254,153896,1119500
628,525,533,397825,10246,154429,1111000
629,556,580,397269,10222,155009,1106000
630,506,495,396763,10233,155504,1158000
631,538,529,396225,10242,156033,1134700
632,511,515,395714,10238,156548,1125900
633,548,553,395166,10233,157101,1099600
634,514,512,394652,10235,157613,1103700
635,552,554,394100,10233,158167,1149500
636,482,489,393618,10226,158656,1093200
637,566,511,393052,10281,159167,1087700
638,508,517,392544,10272,159684,1104900
639,517,496,392027,10293,160180,1107900
640,507,531,391520,10269,160711,1108700
641,516,552,391004,10233,161263,1122700
642,544,529,390460,10248,161792,1112200
643,548,515,389912,10281,162307,1116200
644,530,575,389382,10236,162882,1110300
645,521,547,388861,10210,163429,1178800
646,511,505,388350,10216,163934,1110100
647,538,529,387812,10225,164463,1082900
648,498,502,387314,10221,164965,1075400
649,495,468,386819,10248,165433,1074900
650,522,515,386297,10255,165948,1219800
651,493,511,385804,10237,166459,1222300
652,508,497,385296,10248,166956,1120500
653,504,523,384792,10229,167479,1131300
654,492,494,384300,10227,167973,1082000
655,471,505,383829,10193,168478,1087000
656,514,526,383315,10181,169004,1073600
657,476,534,382839,10123,169538,1087900
658,491,547,382348,10067,170085,1123900
659,525,521,381823,10071,170606,1317600
660,486,495,381337,10062,171101,1121200
661,532,510,380805,10084,171611,1086600
662,493,491,380312,10086,172102,1141700
663,512,482,379800,10116,172584,1162500
664,499,512,379301,10103,173096,1611800
665,498,526,378803,10075,173622,1124000
666,488,495,378315,10068,174117,1107500
667,481,473,377834,10076,174590,1151500
668,504,520,377330,10060,175110,1095100
669,489,509,376841,10040,175619,1105400
670,489,499,376352,10030,176118,1107700
671,492,503,375860,10019,176621,1075100
672,528,493,375332,10054,177114,1157100
673,480,539,374852,9995,177653,1078200
674,525,503,374327,10017,178156,1079700
675,464,507,373863,9974,178663,1073300
676,476,482,373387,9968,179145,1100000
677,540,526,372847,9982,179671,1110700
678,525,518,372322,9989,180189,1103300
679,523,525,371799,9987,180714,1106100
680,507,530,371292,9964,181244,1105200
681,467,498,370825,9933,181742,1107000
682,483,504,370342,9912,182246,1104400
683,489,507,369853,9894,182753,1106600
684,493,479,369360,9908,183232,1099100
685,446,538,368914,9816,183770,1114400
686,470,470,368444,9816,184240,1125100
687,516,499,367928,9833,184739,1108600
688,469,473,367459,9829,185212,1075400
689,499,490,366960,9838,185702,1070500
690,472,509,366488,9801,186211,1080500
691,504,461,365984,9844,186672,1093600
692,472,485,365512,9831,187157,1106600
693,509,499,365003,9841,187656,1100400
694,474,506,364529,9809,188162,1100800
695,495,493,364034,9811,188655,1095800
696,510,518,363524,9803,189173,1105600
697,513,506,363011,9810,189679,1100700
698,514,493,362497,9831,190172,1115900
699,509,489,361988,9851,190661,1147800
700,502,515,361486,9838,191176,1115900
701,502,489,360984,9851,191665,1081400
702,512,502,360472,9861,192167,1277400
703,513,477,359959,9897,192644,1080300
704,523,535,359436,9885,193179,1101400
705,483,505,358953,9863,193684,1083300
706,455,470,358498,9848,194154,1096700
707,474,504,358024,9818,194658,1111100
708,465,487,357559,9796,195145,1107100
709,479,476,357080,9799,195621,1090200
710,503,478,356577,9824,196099,1380000
711,473,478,356104,9819,196577,1133200
712,472,491,355632,9800,197068,1111600
713,473,497,355159,9776,197565,1176500
714,455,476,354704,9755,198041,1083900
715,494,457,354210,9792,198498,1115100
716,466,495,353744,9763,198993,1114500
717,468,500,353276,9731,199493,1121600
718,488,462,352788,9757,199955,1116100
719,520,479,352268,9798,200434,1081000
720,505,470,351763,9833,200904,1098200
721,461,519,351302,9775,201423,1095000
722,518,531,350784,9762,201954,1116600
723,458,488,350326,9732,202442,1103500
724,505,499,349821,9738,202941,1110600
725,477,498,349344,9717,203439,1090600
726,511,445,348833,9783,203884,1103000
727,521,475,348312,9829,204359,1127500
728,511,471,347801,9869,204830,1070700
729,475,511,347326,9833,205341,1062300
730,470,494,346856,9809,205835,1080200
731,500,463,346356,9846,206298,1079500
732,527,482,345829,9891,206780,1077800
733,510,501,345319,9900,207281,1069200
734,533,484,344786,9949,207765,1072000
735,546,472,344240,10023,208237,1069600
736,461,480,343779,10004,208717,1067100
737,546,503,343233,10047,209220,1324200
738,481,534,342752,9994,209754,1138600
739,502,522,342250,9974,210276,1108300
740,467,479,341783,9962,210755,1132600
741,516,443,341267,10035,211198,1080200
742,537,515,340730,10057,211713,1070500
743,483,491,340247,10049,212204,1071000
744,483,483,339764,10049,212687,1068600
745,492,522,339272,10019,213209,1065600
746,471,502,338801,9988,213711,1067100
747,471,513,338330,9946,214224,1066400
748,537,481,337793,10002,214705,1069100
749,495,484,337298,10013,215189,1072900
750,478,501,336820,9990,215690,1066500
751,515,502,336305,10003,216192,1102200
752,514,489,335791,10028,216681,1082100
753,464,499,335327,9993,217180,1106100
754,506,518,334821,9981,217698,1096500
755,494,493,334327,9982,218191,1317900
756,505,477,333822,10010,218668,1118500
757,488,524,333334,9974,219192,1103200
758,497,507,332837,9964,219699,1103900
759,521,468,332316,10017,220167,1086400
760,505,460,331811,10062,220627,1069000
761,463,478,331348,10047,221105,1068800
762,486,478,330862,10055,221583,1072200
763,468,501,330394,10022,222084,1069300
764,476,465,329918,10033,222549,1065400
765,462,489,329456,10006,223038,1077900
766,494,519,328962,9981,223557,1088700
767,492,478,328470,9995,224035,1106500
768,490,513,327980,9972,224548,1151600
769,462,471,327518,9963,225019,1333700
770,473,478,327045,9958,225497,1112400
771,488,468,326557,9978,225965,1111200
772,475,513,326082,9940,226478,1070200
773,457,501,325625,9896,226979,1073000
774,496,539,325129,9853,227518,1071800
775,478,542,324651,9789,228060,1072000
776,467,477,324184,9779,228537,1077800
777,469,481,323715,9767,229018,1120800
778,481,454,323234,9794,229472,1089000
779,479,479,322755,9794,229951,1071900
780,501,507,322254,9788,230458,1101000
781,486,500,321768,9774,230958,1106400
782,444,487,321324,9731,231445,1150600
783,466,518,320858,9679,231963,1123300
784,449,462,320409,9666,232425,1250200
785,455,498,319954,9623,232923,1091700
786,440,470,319514,9593,233393,1107500
787,448,458,319066,9583,233851,1079300
788,436,475,318630,9544,234326,1091300
789,447,451,318183,9540,234777,1110800
790,485,484,317698,9541,235261,1112800
791,454,533,317244,9462,235794,1131100
792,455,459,316789,9458,236253,1118800
793,469,491,316320,9436,236744,1134000
794,472,473,315848,9435,237217,1118000
795,465,474,315383,9426,237691,1098900
796,484,482,314899,9428,238173,1108000
797,490,472,314409,9446,238645,1097900
798,479,454,313930,9471,239099,1086200
799,441,460,313489,9452,239559,1084500
800,466,525,313023,9393,240084,1079400
801,476,495,312547,9374,240579,1128100
802,465,460,312082,9379,241039,1115500
803,501,466,311581,9414,241505,1116600
804,466,477,311115,9403,241982,1135400
805,472,456,310643,9419,242438,1091700
806,448,483,310195,9384,242921,1106000
807,480,540,309715,9324,243461,1100700
808,432,465,309283,9291,243926,1101200
809,461,484,308822,9268,244410,1097700
810,454,463,308368,9259,244873,1319400
811,487,470,307881,9276,245343,1113500
812,501,479,307380,9298,245822,1077500
813,488,468,306892,9318,246290,1077200
814,473,470,306419,9321,246760,1081700
815,458,479,305961,9300,247239,1073900
816,471,455,305490,9316,247694,1072500
817,490,500,305000,9306,248194,1067900
818,501,488,304499,9319,248682,1073100
819,483,455,304016,9347,249137,1075400
820,460,458,303556,9349,249595,1099100
821,467,508,303089,9308,250103,1110400
822,458,434,302631,9332,250537,1105900
823,449,482,302182,9299,251019,1132800
824,469,501,301713,9267,251520,1102900
825,459,441,301254,9285,251961,1097100
826,455,481,300799,9259,252442,1100700
827,468,476,300331,9251,252918,1066300
828,476,499,299855,9228,253417,1106600
829,435,452,299420,9211,253869,1106000
830,464,463,298956,9212,254332,1099400
831,478,445,298478,9245,254777,1080000
832,426,471,298052,9200,255248,1111100
833,432,483,297620,9149,255731,1083900
834,441,461,297179,9129,256192,1070400
835,480,469,296699,9140,256661,1061100
836,486,448,296213,9178,257109,1087900
837,460,484,295753,9154,257593,1130600
838,437,485,295316,9106,258078,1109500
839,469,445,294847,9130,258523,1097000
840,477,454,294370,9153,258977,1096300
841,483,436,293887,9200,259413,1126400
842,478,434,293409,9244,259847,1094700
843,468,438,292941,9274,260285,1094100
844,454,474,292487,9254,260759,1093500
845,481,484,292006,9251,261243,1101300
846,453,456,291553,9248,261699,1083100
847,473,431,291080,9290,262130,1069100
848,475,468,290605,9297,262598,1069700
849,464,498,290141,9263,263096,1073000
850,448,483,289693,9228,263579,1067500
851,488,410,289205,9306,263989,1098000
852,461,482,288744,9285,264471,1087600
853,427,488,288317,9224,264959,1067300
854,477,484,287840,9217,265443,1097400
855,465,453,287375,9229,265896,1097300
856,478,447,286897,9260,266343,1091200
857,449,462,286448,9247,266805,1100100
858,461,471,285987,9237,267276,1099300
859,442,474,285545,9205,267750,1102600
860,463,474,285082,9194,268224,1107300
861,465,446,284617,9213,268670,1095500
862,450,477,284167,9186,269147,1096800
863,486,481,283681,9191,269628,1071800
864,465,442,283216,9214,270070,1061700
865,459,425,282757,9248,270495,1073000
866,450,431,282307,9267,270926,1070600
867,436,487,281871,9216,271413,1068300
868,476,440,281395,9252,271853,1052400
869,442,499,280953,9195,272352,1066500
870,469,449,280484,9215,272801,1066300
871,471,442,280013,9244,273243,1062900
872,435,435,279578,9244,273678,1063500
873,465,456,279113,9253,274134,1061800
874,432,466,278681,9219,274600,1066800
875,451,417,278230,9253,275017,1063500
876,439,463,277791,9229,275480,1071400
877,458,456,277333,9231,275936,1069000
878,455,451,276878,9235,276387,1088400
879,453,449,276425,9239,276836,1093900
880,464,429,275961,9274,277265,1123700
881,462,501,275499,9235,277766,1107900
882,467,475,275032,9227,278241,1090300
883,491,428,274541,9290,278669,1096200
884,445,463,274096,9272,279132,1087500
885,444,462,273652,9254,279594,1096000
886,465,450,273187,9269,280044,1089000
887,432,473,272755,9228,280517,1090600
888,459,454,272296,9233,280971,1067500
889,442,467,271854,9208,281438,1055300
890,444,436,271410,9216,281874,1082400
891,445,461,270965,9200,282335,1071300
892,428,467,270537,9161,282802,1071500
893,463,437,270074,9187,283239,1100700
894,477,497,269597,9167,283736,1100600
895,488,471,269109,9184,284207,1067500
896,447,472,268662,9159,284679,1066700
897,428,503,268234,9084,285182,1090000
898,443,469,267791,9058,285651,1102000
899,471,468,267320,9061,286119,1100200
900,469,474,266851,9056,286593,1095900
901,452,454,266399,9054,287047,1105600
902,459,519,265940,8994,287566,1166700
903,468,480,265472,8982,288046,1097100
904,455,472,265017,8965,288518,1085600
905,431,454,264586,8942,288972,1085300
906,414,440,264172,8916,289412,1094300
907,421,469,263751,8868,289881,1054000
908,448,452,263303,8864,290333,1095700
909,449,456,262854,8857,290789,1070700
910,444,436,262410,8865,291225,1049200
911,461,449,261949,8877,291674,1082100
912,475,448,261474,8904,292122,1053400
913,461,420,261013,8945,292542,1055100
914,464,482,260549,8927,293024,1068600
915,473,427,260076,8973,293451,1064300
916,464,424,259612,9013,293875,1058300
917,462,426,259150,9049,294301,1054700
918,438,439,258712,9048,294740,1057500
919,474,432,258238,9090,295172,1079700
920,493,476,257745,9107,295648,1090700
921,437,493,257308,9051,296141,1083500
922,442,476,256866,9017,296617,1129300
923,469,410,256397,9076,297027,1099900
924,472,460,255925,9088,297487,1089600
925,473,440,255452,9121,297927,1088000
926,487,434,254965,9174,298361,1086900
927,437,489,254528,9122,298850,1087500
928,491,480,254037,9133,299330,1292100
929,500,450,253537,9183,299780,1093500
930,513,465,253024,9231,300245,1074300
931,471,464,252553,9238,300709,1064800
932,470,483,252083,9225,301192,1082500
933,432,488,251651,9169,301680,1055800
934,445,456,251206,9158,302136,1064600
935,458,510,250748,9106,302646,1080600
936,459,464,250289,9101,303110,1123300
937,486,492,249803,9095,303602,1096400
938,452,463,249351,9084,304065,1076600
939,449,414,248902,9119,304479,1086100
940,453,449,248449,9123,304928,1086800
941,490,469,247959,9144,305397,1086000
942,462,470,247497,9136,305867,1089300
943,434,443,247063,9127,306310,1080200
944,450,461,246613,9116,306771,1084100
945,447,435,246166,9128,307206,1081400
946,451,457,245715,9122,307663,1043000
947,467,441,245248,9148,308104,1052000
948,447,461,244801,9134,308565,1051300
949,446,466,244355,9114,309031,1052300
950,482,472,243873,9124,309503,1128600
951,474,474,243399,9124,309977,1176500
952,430,464,242969,9090,310441,1081600
953,487,454,242482,9123,310895,1071800
954,457,476,242025,9104,311371,1105100
955,451,444,241574,9111,311815,1073700
956,469,430,241105,9150,312245,1091300
957,432,467,240673,9115,312712,1075400
958,469,431,240204,9153,313143,1120900
959,454,439,239750,9168,313582,1077500
960,464,470,239286,9162,314052,1088600
961,446,479,238840,9129,314531,1082900
962,452,488,238388,9093,315019,1095700
963,441,441,237947,9093,315460,1074500
964,464,458,237483,9099,315918,1076400
965,448,453,237035,9094,316371,1309200
966,498,446,236537,9146,316817,1134800
967,455,461,236082,9140,317278,1085000
968,479,417,235603,9202,317695,1099200
969,452,419,235151,9235,318114,1107800
970,486,486,234665,9235,318600,1091500
971,447,437,234218,9245,319037,1066600
972,468,460,233750,9253,319497,1063700
973,439,447,233311,9245,319944,1069300
974,483,442,232828,9286,320386,1068800
975,455,445,232373,9296,320831,1065800
976,501,460,231872,9337,321291,1064100
977,467,472,231405,9332,321763,1073600
978,451,483,230954,9300,322246,1066300
979,475,486,230479,9289,322732,1119100
980,424,443,230055,9270,323175,1071900
981,488,435,229567,9323,323610,1079800
982,435,449,229132,9309,324059,1045500
983,474,461,228658,9322,324520,1056100
984,478,455,228180,9345,324975,1074400
985,472,510,227708,9307,325485,1047700
986,458,484,227250,9281,325969,1063200
987,470,466,226780,9285,326435,1071200
988,461,437,226319,9309,326872,1062400
989,429,464,225890,9274,327336,1068400
990,512,477,225378,9309,327813,1061900
991,452,453,224926,9308,328266,1066900
992,433,425,224493,9316,328691,1066000
993,437,454,224056,9299,329145,1106200
994,423,436,223633,9286,329581,1069200
995,438,465,223195,9259,330046,1065800
996,457,457,222738,9259,330503,1069600
997,430,489,222308,9200,330992,1073100
998,471,471,221837,9200,331463,1067200
999,449,433,221388,9216,331896,1068700
1000,444,486,220944,9174,332382,1071000
1001,435,433,220509,9176,332815,1066900
1002,419,468,220090,9127,333283,1067900
1003,481,439,219609,9169,333722,1061100
1004,444,508,219165,9105,334230,1070900
1005,415,455,218750,9065,334685,1067100
1006,414,438,218336,9041,335123,1064300
1007,452,406,217884,9087,335529,1116100
1008,471,442,217413,9116,335971,1084300
1009,474,445,216939,9145,336416,1067900
1010,462,450,216477,9157,336866,1060000
1011,457,440,216020,9174,337306,1071900
1012,437,433,215583,9178,337739,1066300
1013,435,429,215148,9184,338168,1081700
1014,462,454,214686,9192,338622,1077900
1015,477,474,214209,9195,339096,1101400
1016,461,452,213748,9204,339548,1069800
1017,473,494,213275,9183,340042,1073500
1018,436,457,212839,9162,340499,1071000
1019,445,447,212394,9160,340946,1064800
1020,446,465,211948,9141,341411,1064700
1021,444,456,211504,9129,341867,1128400
1022,481,468,211023,9142,342335,1074600
1023,482,475,210541,9149,342810,1062400
1024,482,476,210059,9155,343286,1109100
1025,469,489,209590,9135,343775,1076600
1026,432,470,209158,9097,344245,1084300
1027,488,454,208670,9131,344699,1064200
1028,469,479,208201,9121,345178,1059900
1029,454,459,207747,9116,345637,1063300
1030,482,468,207265,9130,346105,1061200
1031,468,443,206797,9155,346548,1062600
1032,488,463,206309,9180,347011,1057700
1033,454,450,205855,9184,347461,1066200
1034,459,451,205396,9192,347912,1058300
1035,465,478,204931,9179,348390,1107200
1036,455,470,204476,9164,348860,1063500
1037,437,447,204039,9154,349307,1061600
1038,471,441,203568,9184,349748,1049000
1039,431,483,203137,9132,350231,1065900
1040,476,438,202661,9170,350669,1068300
1041,436,454,202225,9152,351123,1072900
1042,480,470,201745,9162,351593,1081600
1043,440,412,201305,9190,352005,1064000
1044,462,470,200843,9182,352475,1061600
1045,434,475,200409,9141,352950,1066400
1046,439,418,199970,9162,353368,1061500
1047,431,452,199539,9141,353820,1054600
1048,457,462,199082,9136,354282,1062200
1049,471,444,198611,9163,354726,1059800
1050,418,468,198193,9113,355194,1123300
1051,453,431,197740,9135,355625,1282000
1052,404,448,197336,9091,356073,1081900
1053,462,466,196874,9087,356539,1078500
1054,440,437,196434,9090,356976,1059700
1055,432,465,196002,9057,357441,1055500
1056,448,486,195554,9019,357927,1052300
1057,427,474,195127,8972,358401,1049200
1058,413,454,194714,8931,358855,1050500
1059,435,437,194279,8929,359292,1048100
1060,440,426,193839,8943,359718,1058000
1061,415,433,193424,8925,360151,1062400
1062,457,432,192967,8950,360583,1021600
1063,469,435,192498,8984,361018,1061900
1064,459,470,192039,8973,361488,1094400
1065,446,441,191593,8978,361929,1063200
1066,480,450,191113,9008,362379,1067200
1067,409,462,190704,8955,362841,1076800
1068,450,460,190254,8945,363301,1066900
1069,431,459,189823,8917,363760,1065400
1070,438,461,189385,8894,364221,1060700
1071,457,436,188928,8915,364657,1058100
1072,430,425,188498,8920,365082,1056900
1073,450,429,188048,8941,365511,1058300
1074,465,445,187583,8961,365956,1064600
1075,470,470,187113,8961,366426,1081800
1076,505,458,186608,9008,366884,1069400
1077,460,412,186148,9056,367296,1070000
1078,452,503,185696,9005,367799,1121600
1079,469,414,185227,9060,368213,1074900
1080,469,465,184758,9064,368678,1084900
1081,490,444,184268,9110,369122,1078300
1082,479,441,183789,9148,369563,1305400
1083,473,479,183316,9142,370042,1077600
1084,495,460,182821,9177,370502,1066400
1085,493,483,182328,9187,370985,1058800
1086,488,452,181840,9223,371437,1162200
1087,497,463,181343,9257,371900,1074900
1088,496,438,180847,9315,372338,1032400
1089,476,443,180371,9348,372781,1063000
1090,478,464,179893,9362,373245,1073800
1091,445,479,179448,9328,373724,1075700
1092,490,464,178958,9354,374188,1113500
1093,410,473,178548,9291,374661,1117300
1094,491,496,178057,9286,375157,1083400
1095,410,487,177647,9209,375644,1072000
1096,476,484,177171,9201,376128,1077300
1097,464,439,176707,9226,376567,1085300
1098,484,468,176223,9242,377035,1056900
1099,465,498,175758,9209,377533,1068600
1100,434,445,175324,9198,377978,1054800
1101,462,464,174862,9196,378442,1052000
1102,474,452,174388,9218,378894,1064400
1103,460,474,173928,9204,379368,1056200
1104,484,448,173444,9240,379816,1051600
1105,480,497,172964,9223,380313,1053900
1106,451,441,172513,9233,380754,1061000
1107,456,450,172057,9239,381204,1201600
1108,468,482,171589,9225,381686,1096900
1109,447,488,171142,9184,382174,1094300
1110,428,500,170714,9112,382674,1058400
1111,447,469,170267,9090,383143,1065800
1112,448,470,169819,9068,383613,1091200
1113,445,456,169374,9057,384069,1075400
1114,443,488,168931,9012,384557,1072700
1115,451,455,168480,9008,385012,1094900
1116,418,489,168062,8937,385501,1082100
1117,456,441,167606,8952,385942,1072000
1118,464,443,167142,8973,386385,1076300
1119,410,463,166732,8920,386848,1086900
1120,451,445,166281,8926,387293,1074700
1121,425,455,165856,8896,387748,1236600
1122,476,486,165380,8886,388234,1068700
1123,461,431,164919,8916,388665,1035800
1124,491,415,164428,8992,389080,1069400
1125,450,416,163978,9026,389496,1058300
1126,462,451,163516,9037,389947,1051500
1127,460,449,163056,9048,390396,1048100
1128,475,441,162581,9082,390837,1054600
1129,444,460,162137,9066,391297,1054000
1130,455,445,161682,9076,391742,1050600
1131,430,476,161252,9030,392218,1051900
1132,422,451,160830,9001,392669,1052300
1133,426,432,160404,8995,393101,1116400
1134,439,441,159965,8993,393542,1048100
1135,489,427,159476,9055,393969,1086700
1136,485,456,158991,9084,394425,1114600
1137,433,493,158558,9024,394918,1102300
1138,455,438,158103,9041,395356,1077500
1139,464,473,157639,9032,395829,1082900
1140,495,457,157144,9070,396286,1079000
1141,441,452,156703,9059,396738,1076700
1142,455,471,156248,9043,397209,1071100
1143,400,455,155848,8988,397664,1076600
1144,441,395,155407,9034,398059,1129500
1145,453,481,154954,9006,398540,1075700
1146,442,432,154512,9016,398972,1069300
1147,427,404,154085,9039,399376,1058400
1148,446,449,153639,9036,399825,1055500
1149,479,426,153160,9089,400251,1052300
1150,459,419,152701,9129,400670,1138400
1151,422,423,152279,9128,401093,1044000
1152,413,428,151866,9113,401521,1040900
1153,427,443,151439,9097,401964,1036600
1154,452,495,150987,9054,402459,1052300
1155,426,450,150561,9030,402909,1032400
1156,423,417,150138,9036,403326,1051400
1157,425,437,149713,9024,403763,1055300
1158,434,470,149279,8988,404233,1045300
1159,454,448,148825,8994,404681,1049200
1160,466,440,148359,9020,405121,1045900
1161,444,442,147915,9022,405563,1057500
1162,454,471,147461,9005,406034,1050300
1163,423,465,147038,8963,406499,1049200
1164,427,442,146611,8948,406941,1098900
1165,423,447,146188,8924,407388,1263100
1166,421,464,145767,8881,407852,1109300
1167,449,433,145318,8897,408285,1067900
1168,400,448,144918,8849,408733,1104100
1169,407,484,144511,8772,409217,1272000
1170,411,461,144100,8722,409678,1080700
1171,419,429,143681,8712,410107,1084000
1172,359,489,143322,8582,410596,1062100
1173,413,407,142909,8588,411003,1054500
1174,382,486,142527,8484,411489,1051000
1175,420,434,142107,8470,411923,1045700
1176,405,434,141702,8441,412357,1046100
1177,408,430,141294,8419,412787,1042000
1178,376,401,140918,8394,413188,1045500
1179,382,416,140536,8360,413604,1085500
1180,398,376,140138,8382,413980,1088700
1181,370,423,139768,8329,414403,1046400
1182,386,426,139382,8289,414829,1073700
1183,371,416,139011,8244,415245,1059200
1184,342,416,138669,8170,415661,1055100
1185,342,417,138327,8095,416078,1051800
1186,378,381,137949,8092,416459,1051600
1187,389,418,137560,8063,416877,1049900
1188,391,394,137169,8060,417271,1049800
1189,365,403,136804,8022,417674,1058100
1190,410,389,136394,8043,418063,1193700
1191,383,418,136011,8008,418481,1070300
1192,388,418,135623,7978,418899,1052700
1193,376,391,135247,7963,419290,1085700
1194,362,424,134885,7901,419714,1053200
1195,356,387,134529,7870,420101,1043000
1196,369,364,134160,7875,420465,1043600
1197,371,373,133789,7873,420838,1042500
1198,346,409,133443,7810,421247,1049100
1199,375,377,133068,7808,421624,1092500
1200,372,379,132696,7801,422003,1047500
1201,336,383,132360,7754,422386,1031300
1202,406,371,131954,7789,422757,1032400
1203,372,405,131582,7756,423162,1097300
1204,365,369,131217,7752,423531,1046400
1205,382,364,130835,7770,423895,1028400
1206,394,402,130441,7762,424297,1051000
1207,418,373,130023,7807,424670,1033700
1208,368,399,129655,7776,425069,1089100
1209,424,377,129231,7823,425446,1112400
1210,371,410,128860,7784,425856,1097400
1211,406,373,128454,7817,426229,1052500
1212,371,406,128083,7782,426635,1047400
1213,377,384,127706,7775,427019,1054700
1214,402,362,127304,7815,427381,1086900
1215,397,366,126907,7846,427747,1088600
1216,357,382,126550,7821,428129,1298200
1217,388,380,126162,7829,428509,1051900
1218,404,392,125758,7841,428901,1099900
1219,385,389,125373,7837,429290,1082800
1220,358,423,125015,7772,429713,1058000
1221,377,398,124638,7751,430111,1051700
1222,360,375,124278,7736,430486,1079100
1223,380,435,123898,7681,430921,1112800
1224,381,400,123517,7662,431321,1254000
1225,365,378,123152,7649,431699,1055700
1226,374,376,122778,7647,432075,1052200
1227,403,392,122375,7658,432467,1054400
1228,386,369,121989,7675,432836,1113100
1229,375,376,121614,7674,433212,1061600
1230,381,401,121233,7654,433613,1049200
1231,382,381,120851,7655,433994,1052200
1232,368,418,120483,7605,434412,1084500
1233,354,365,120129,7594,434777,1093200
1234,378,384,119751,7588,435161,1046400
1235,344,341,119407,7591,435502,1049700
1236,363,372,119044,7582,435874,1078300
1237,373,378,118671,7577,436252,1081900
1238,363,353,118308,7587,436605,1046400
1239,369,353,117939,7603,436958,1045000
1240,358,362,117581,7599,437320,1028000
1241,377,395,117204,7581,437715,1118600
1242,349,354,116855,7576,438069,1031200
1243,348,380,116507,7544,438449,1038300
1244,365,368,116142,7541,438817,1047600
1245,338,384,115804,7495,439201,1044300
1246,325,343,115479,7477,439544,1055700
1247,341,384,115138,7434,439928,1050900
1248,335,415,114803,7354,440343,1034600
1249,323,367,114480,7310,440710,1028600
1250,310,383,114170,7237,441093,1027000
1251,345,374,113825,7208,441467,1031500
1252,343,357,113482,7194,441824,1150100
1253,360,369,113122,7185,442193,1042100
1254,341,389,112781,7137,442582,1048200
1255,335,359,112446,7113,442941,1033700
1256,344,337,112102,7120,443278,1036700
1257,349,356,111753,7113,443634,1024400
1258,299,386,111454,7026,444020,1029500
1259,357,349,111097,7034,444369,1031000
1260,333,377,110764,6990,444746,1028900
1261,331,332,110433,6989,445078,1089000
1262,318,351,110115,6956,445429,1033900
1263,309,359,109806,6906,445788,1024200
1264,316,372,109490,6850,446160,1237800
1265,315,343,109175,6822,446503,1099900
1266,340,316,108835,6846,446819,1173300
1267,314,343,108521,6817,447162,1034000
1268,316,324,108205,6809,447486,1041800
1269,336,331,107869,6814,447817,1047900
1270,329,353,107540,6790,448170,1052400
1271,321,331,107219,6780,448501,1046500
1272,316,349,106903,6747,448850,1170300
1273,294,333,106609,6708,449183,1055500
1274,318,328,106291,6698,449511,1067300
1275,327,296,105964,6729,449807,1040900
1276,317,347,105647,6699,450154,1030500
1277,329,312,105318,6716,450466,1302100
1278,337,316,104981,6737,450782,1057900
1279,339,341,104642,6735,451123,1033000
1280,333,318,104309,6750,451441,1104900
1281,330,338,103979,6742,451779,1088600
1282,310,325,103669,6727,452104,1035700
1283,314,321,103355,6720,452425,1047700
1284,328,354,103027,6694,452779,1027400
1285,318,314,102709,6698,453093,1004800
1286,332,343,102377,6687,453436,1092000
1287,340,349,102037,6678,453785,1145200
1288,344,359,101693,6663,454144,1053900
1289,336,356,101357,6643,454500,1074400
1290,319,334,101038,6628,454834,1063200
1291,343,335,100695,6636,455169,1048700
1292,326,335,100369,6627,455504,1046100
1293,324,357,100045,6594,455861,1092700
1294,300,345,99745,6549,456206,1062700
1295,315,323,99430,6541,456529,1066200
1296,334,369,99096,6506,456898,1071300
1297,304,317,98792,6493,457215,1038100
1298,288,314,98504,6467,457529,1049500
1299,287,312,98217,6442,457841,1170900
1300,295,309,97922,6428,458150,1107300
1301,275,334,97647,6369,458484,1122400
1302,325,301,97322,6393,458785,1093900
1303,304,307,97018,6390,459092,1076000
1304,323,350,96695,6363,459442,1088300
1305,305,333,96390,6335,459775,1087100
1306,287,326,96103,6296,460101,1047700
1307,308,299,95795,6305,460400,1025100
1308,309,319,95486,6295,460719,1122500
1309,297,348,95189,6244,461067,1218300
1310,310,291,94879,6263,461358,1153100
1311,269,341,94610,6191,461699,1079000
1312,285,312,94325,6164,462011,1048300
1313,304,319,94021,6149,462330,1085700
1314,268,309,93753,6108,462639,1061000
1315,286,312,93467,6082,462951,1070700
1316,277,303,93190,6056,463254,1073600
1317,258,297,92932,6017,463551,1048700
1318,267,333,92665,5951,463884,1056500
1319,282,284,92383,5949,464168,1030000
1320,291,291,92092,5949,464459,1040900
1321,275,321,91817,5903,464780,1039300
1322,266,290,91551,5879,465070,1082500
1323,270,257,91281,5892,465327,1147900
1324,261,272,91020,5881,465599,1045600
1325,258,287,90762,5852,465886,1060700
1326,267,281,90495,5838,466167,1075400
1327,266,305,90229,5799,466472,1058400
1328,279,316,89950,5762,466788,1210600
1329,276,281,89674,5757,467069,1062100
1330,288,267,89386,5778,467336,1069100
1331,245,278,89141,5745,467614,1025300
1332,278,318,88863,5705,467932,1020100
1333,249,274,88614,5680,468206,1023700
1334,257,261,88357,5676,468467,1016700
1335,266,301,88091,5641,468768,1026600
1336,265,305,87826,5601,469073,1034700
1337,268,274,87558,5595,469347,1036300
1338,248,279,87310,5564,469626,1060900
1339,253,292,87057,5525,469918,1096400
1340,281,285,86776,5521,470203,1117700
1341,268,271,86508,5518,470474,1080200
1342,281,269,86227,5530,470743,1080800
1343,263,293,85964,5500,471036,1063800
1344,256,259,85708,5497,471295,1056100
1345,269,273,85439,5493,471568,1065100
1346,267,265,85172,5495,471833,1073300
1347,260,269,84912,5486,472102,1045300
1348,268,306,84644,5448,472408,1033200
1349,272,255,84372,5465,472663,1019400
1350,294,274,84078,5485,472937,1020900
1351,283,259,83795,5509,473196,1069200
1352,259,294,83536,5474,473490,1080300
1353,274,270,83262,5478,473760,1064400
1354,275,276,82987,5477,474036,1020200
1355,265,246,82722,5496,474282,1075900
1356,291,264,82431,5523,474546,1094200
1357,278,277,82153,5524,474823,1080800
1358,263,278,81890,5509,475101,1069500
1359,261,273,81629,5497,475374,1052600
1360,264,269,81365,5492,475643,1063400
1361,271,270,81094,5493,475913,1013800
1362,267,279,80827,5481,476192,1007800
1363,259,283,80568,5457,476475,1009800
1364,297,288,80271,5466,476763,1026500
1365,255,265,80016,5456,477028,1002800
1366,270,246,79746,5480,477274,1005600
1367,282,295,79464,5467,477569,1121800
1368,279,248,79185,5498,477817,1342200
1369,229,305,78956,5422,478122,1039800
1370,271,291,78685,5402,478413,1073000
1371,264,266,78421,5400,478679,1025800
1372,242,247,78179,5395,478926,993500
1373,266,276,77913,5385,479202,999000
1374,244,250,77669,5379,479452,988900
1375,263,275,77406,5367,479727,990900
1376,260,271,77146,5356,479998,990200
1377,274,249,76872,5381,480247,992800
1378,256,288,76616,5349,480535,1188300
1379,243,281,76373,5311,480816,1023300
1380,261,273,76112,5299,481089,993700
1381,228,270,75884,5257,481359,1018100
1382,247,255,75637,5249,481614,1070600
1383,243,274,75394,5218,481888,998100
1384,260,256,75134,5222,482144,1051700
1385,240,271,74894,5191,482415,996500
1386,254,271,74640,5174,482686,1024800
1387,240,252,74400,5162,482938,997200
1388,245,279,74155,5128,483217,1071100
1389,261,252,73894,5137,483469,1006500
1390,234,272,73660,5099,483741,1061700
1391,250,262,73410,5087,484003,1050100
1392,236,269,73174,5054,484272,1013100
1393,215,268,72959,5001,484540,986800
1394,243,239,72716,5005,484779,998900
1395,268,248,72448,5025,485027,992600
1396,264,231,72184,5058,485258,1086300
1397,262,254,71922,5066,485512,1109700
1398,251,253,71671,5064,485765,1010700
1399,235,265,71436,5034,486030,1004200
1400,244,281,71192,4997,486311,1001300
1401,254,266,70938,4985,486577,1011000
1402,244,249,70694,4980,486826,1001500
1403,230,258,70464,4952,487084,996000
1404,243,265,70221,4930,487349,997700
1405,244,243,69977,4931,487592,1002100
1406,223,239,69754,4915,487831,998000
1407,265,236,69489,4944,488067,999700
1408,237,247,69252,4934,488314,999100
1409,229,252,69023,4911,488566,999200
1410,248,229,68775,4930,488795,995400
1411,247,234,68528,4943,489029,1008100
1412,227,260,68301,4910,489289,1046700
1413,241,261,68060,4890,489550,1010400
1414,249,244,67811,4895,489794,996800
1415,245,240,67566,4900,490034,1011200
1416,227,241,67339,4886,490275,993900
1417,246,250,67093,4882,490525,1010700
1418,240,274,66853,4848,490799,1025500
1419,237,245,66616,4840,491044,1029200
1420,224,253,66392,4811,491297,1003800
1421,193,258,66199,4746,491555,1026400
1422,212,234,65987,4724,491789,1024000
1423,218,202,65769,4740,491991,1029100
1424,209,262,65560,4687,492253,1027900
1425,210,234,65350,4663,492487,1014800
1426,252,225,65098,4690,492712,1019700
1427,216,238,64882,4668,492950,1074000
1428,219,217,64663,4670,493167,1110900
1429,237,233,64426,4674,493400,1082400
1430,208,258,64218,4624,493658,1085600
1431,231,246,63987,4609,493904,1125500
1432,230,232,63757,4607,494136,1210000
1433,233,236,63524,4604,494372,1066300
1434,218,241,63306,4581,494613,1223200
1435,219,230,63087,4570,494843,1089000
1436,214,248,62873,4536,495091,1066300
1437,235,225,62638,4546,495316,1106700
1438,230,244,62408,4532,495560,1074500
1439,213,246,62195,4499,495806,1072800
1440,228,229,61967,4498,496035,1089400
1441,248,223,61719,4523,496258,1050400
1442,235,209,61484,4549,496467,1083200
1443,214,223,61270,4540,496690,1117900
1444,227,234,61043,4533,496924,1098500
1445,248,236,60795,4545,497160,1077700
1446,221,233,60574,4533,497393,1059700
1447,207,238,60367,4502,497631,1065000
1448,211,226,60156,4487,497857,1171800
1449,202,244,59954,4445,498101,1104500
1450,212,216,59742,4441,498317,1122900
1451,212,210,59530,4443,498527,1209400
1452,246,209,59284,4480,498736,1130900
1453,220,239,59064,4461,498975,1095800
1454,235,228,58829,4468,499203,1112500
1455,221,226,58608,4463,499429,1132800
1456,212,243,58396,4432,499672,1095700
1457,216,213,58180,4435,499885,1057200
1458,237,217,57943,4455,500102,1032100
1459,209,205,57734,4459,500307,1027300
1460,236,198,57498,4497,500505,1053000
1461,224,197,57274,4524,500702,1195500
1462,241,249,57033,4516,500951,1041800
1463,233,218,56800,4531,501169,1038200
1464,189,223,56611,4497,501392,1022500
1465,233,231,56378,4499,501623,1050200
1466,221,250,56157,4470,501873,999600
1467,211,239,55946,4442,502112,989800
1468,228,218,55718,4452,502330,991900
1469,217,208,55501,4461,502538,994900
1470,215,225,55286,4451,502763,1093400
1471,196,239,55090,4408,503002,1039000
1472,225,230,54865,4403,503232,1009200
1473,200,220,54665,4383,503452,987000
1474,222,218,54443,4387,503670,1015500
1475,247,205,54196,4429,503875,1020400
1476,228,224,53968,4433,504099,1049100
1477,224,249,53744,4408,504348,998100
1478,223,214,53521,4417,504562,1023200
1479,215,197,53306,4435,504759,1019500
1480,193,238,53113,4390,504997,1011500
1481,203,209,52910,4384,505206,1044200
1482,204,213,52706,4375,505419,1018800
1483,199,205,52507,4369,505624,1017000
1484,212,218,52295,4363,505842,1016900
1485,214,201,52081,4376,506043,1056700
1486,235,224,51846,4387,506267,1323200
1487,220,234,51626,4373,506501,1115800
1488,221,226,51405,4368,506727,1069700
1489,210,225,51195,4353,506952,1067900
1490,231,205,50964,4379,507157,1053800
1491,242,200,50722,4421,507357,1049800
1492,234,211,50488,4444,507568,1051900
1493,234,216,50254,4462,507784,1048200
1494,229,220,50025,4471,508004,1046900
1495,231,233,49794,4469,508237,1046200
1496,234,219,49560,4484,508456,1049100
1497,226,264,49334,4446,508720,1047400
1498,229,212,49105,4463,508932,1058300
1499,250,222,48855,4491,509154,1059200
1500,209,219,48646,4481,509373,1104200
1501,216,242,48430,4455,509615,1086000
1502,245,228,48185,4472,509843,1055200
1503,218,235,47967,4455,510078,1046800
1504,230,228,47737,4457,510306,1053600
1505,207,214,47530,4450,510520,1040900
1506,193,234,47337,4409,510754,1047100
1507,205,240,47132,4374,510994,1048600
1508,206,222,46926,4358,511216,1046200
1509,224,208,46702,4374,511424,1077600
1510,215,205,46487,4384,511629,1018500
1511,191,219,46296,4356,511848,1028900
1512,196,231,46100,4321,512079,1065200
1513,197,215,45903,4303,512294,1066800
1514,206,226,45697,4283,512520,1046600
1515,200,204,45497,4279,512724,1098900
1516,206,213,45291,4272,512937,1042100
1517,199,210,45092,4261,513147,999100
1518,185,208,44907,4238,513355,996800
1519,195,231,44712,4202,513586,1026700
1520,208,244,44504,4166,513830,1040000
1521,183,204,44321,4145,514034,1050400
1522,175,208,44146,4112,514242,1021100
1523,191,225,43955,4078,514467,1015100
1524,212,215,43743,4075,514682,1016500
1525,193,179,43550,4089,514861,1005900
1526,185,183,43365,4091,515044,1012700
1527,155,199,43210,4047,515243,1002900
1528,189,192,43021,4044,515435,1073300
1529,179,192,42842,4031,515627,1052900
1530,182,206,42660,4007,515833,1035900
1531,174,224,42486,3957,516057,1013400
1532,203,202,42283,3958,516259,1008800
1533,182,186,42101,3954,516445,998800
1534,204,219,41897,3939,516664,1008400
1535,178,216,41719,3901,516880,1010800
1536,200,160,41519,3941,517040,1009600
1537,187,234,41332,3894,517274,978500
1538,186,204,41146,3876,517478,1019700
1539,199,192,40947,3883,517670,999200
1540,206,205,40741,3884,517875,1008400
1541,194,174,40547,3904,518049,1011800
1542,177,191,40370,3890,518240,972700
1543,191,197,40179,3884,518437,967000
1544,181,182,39998,3883,518619,973400
1545,200,193,39798,3890,518812,1249700
1546,185,215,39613,3860,519027,1001700
1547,197,200,39416,3857,519227,979600
1548,201,203,39215,3855,519430,977700
1549,180,173,39035,3862,519603,969300
1550,180,176,38855,3866,519779,985000
1551,179,177,38676,3868,519956,969800
1552,176,174,38500,3870,520130,975600
1553,196,178,38304,3888,520308,992500
1554,175,207,38129,3856,520515,972800
1555,183,179,37946,3860,520694,974100
1556,199,210,37747,3849,520904,982800
1557,171,204,37576,3816,521108,976500
1558,179,196,37397,3799,521304,1214700
1559,143,162,37254,3780,521466,1009300
1560,169,188,37085,3761,521654,1054300
1561,170,207,36915,3724,521861,1036300
1562,163,171,36752,3716,522032,1010000
1563,175,163,36577,3728,522195,977200
1564,173,185,36404,3716,522380,998200
1565,178,174,36226,3720,522554,992200
1566,173,195,36053,3698,522749,1042200
1567,179,183,35874,3694,522932,999300
1568,161,174,35713,3681,523106,990400
1569,196,189,35517,3688,523295,1011800
1570,189,181,35328,3696,523476,1003200
1571,188,172,35140,3712,523648,972100
1572,183,200,34957,3695,523848,1014300
1573,191,177,34766,3709,524025,1027500
1574,146,209,34620,3646,524234,1036500
1575,172,208,34448,3610,524442,1048000
1576,169,181,34279,3598,524623,1078800
1577,150,176,34129,3572,524799,1114400
1578,174,164,33955,3582,524963,1240000
1579,182,188,33773,3576,525151,1030700
1580,171,192,33602,3555,525343,1051200
1581,176,169,33426,3562,525512,1008300
1582,156,177,33270,3541,525689,990300
1583,174,151,33096,3564,525840,1017200
1584,163,188,32933,3539,526028,1009000
1585,163,192,32770,3510,526220,1044600
1586,167,168,32603,3509,526388,1049200
1587,162,181,32441,3490,526569,1042800
1588,143,171,32298,3462,526740,1091900
1589,147,161,32151,3448,526901,1113000
1590,159,182,31992,3425,527083,1083200
1591,162,187,31830,3400,527270,1048100
1592,146,184,31684,3362,527454,1042500
1593,170,172,31514,3360,527626,1043000
1594,152,201,31362,3311,527827,1069400
1595,145,148,31217,3308,527975,1057900
1596,161,169,31056,3300,528144,1042400
1597,151,168,30905,3283,528312,1048600
1598,150,162,30755,3271,528474,1040600
1599,160,164,30595,3267,528638,1045400
1600,152,163,30443,3256,528801,1037700
1601,144,151,30299,3249,528952,1076900
1602,142,162,30157,3229,529114,1051700
1603,138,148,30019,3219,529262,1063400
1604,132,178,29887,3173,529440,1057300
1605,163,200,29724,3136,529640,1064300
1606,148,152,29576,3132,529792,1101200
1607,160,149,29416,3143,529941,1067100
1608,151,157,29265,3137,530098,1067100
1609,157,170,29108,3124,530268,1065200
1610,128,148,28980,3104,530416,1074000
1611,151,139,28829,3116,530555,1062500
1612,133,151,28696,3098,530706,1048600
1613,134,150,28562,3082,530856,1156200
1614,134,154,28428,3062,531010,1038700
1615,149,144,28279,3067,531154,1069600
1616,123,162,28156,3028,531316,1082900
1617,120,147,28036,3001,531463,1060100
1618,134,147,27902,2988,531610,1071900
1619,125,135,27777,2978,531745,1067900
1620,114,152,27663,2940,531897,1068300
1621,116,128,27547,2928,532025,1067900
1622,127,145,27420,2910,532170,1046800
1623,128,158,27292,2880,532328,1040100
1624,111,153,27181,2838,532481,1037800
1625,132,153,27049,2817,532634,1039300
1626,130,146,26919,2801,532780,1051300
1627,141,130,26778,2812,532910,1076700
1628,130,131,26648,2811,533041,1047100
1629,139,145,26509,2805,533186,1059800
1630,125,149,26384,2781,533335,1035300
1631,135,138,26249,2778,533473,1037100
1632,109,144,26140,2743,533617,1037900
1633,119,162,26021,2700,533779,1049200
1634,145,136,25876,2709,533915,1075100
1635,130,125,25746,2714,534040,1050400
1636,131,125,25615,2720,534165,1068200
1637,123,149,25492,2694,534314,1089200
1638,140,128,25352,2706,534442,1052900
1639,133,140,25219,2699,534582,1039500
1640,114,154,25105,2659,534736,1091800
1641,132,131,24973,2660,534867,1200300
1642,121,127,24852,2654,534994,1069400
1643,109,139,24743,2624,535133,1061600
1644,137,143,24606,2618,535276,1065100
1645,116,104,24490,2630,535380,1050400
1646,123,138,24367,2615,535518,1061700
1647,131,138,24236,2608,535656,1071600
1648,112,136,24124,2584,535792,1029600
1649,109,120,24015,2573,535912,1060700
1650,130,151,23885,2552,536063,1036500
1651,137,136,23748,2553,536199,1035400
1652,115,116,23633,2552,536315,1048900
1653,128,113,23505,2567,536428,1008900
1654,126,119,23379,2574,536547,1007100
1655,103,114,23276,2563,536661,1012500
1656,106,123,23170,2546,536784,1003400
1657,130,134,23040,2542,536918,1048400
1658,117,117,22923,2542,537035,1033900
1659,129,138,22794,2533,537173,1050300
1660,113,93,22681,2553,537266,1037400
1661,125,147,22556,2531,537413,1025400
1662,129,120,22427,2540,537533,1031800
1663,136,142,22291,2534,537675,1059800
1664,101,128,22190,2507,537803,1077800
1665,124,137,22066,2494,537940,1020400
1666,113,105,21953,2502,538045,1020700
1667,128,133,21825,2497,538178,999200
1668,107,124,21718,2480,538302,1040100
1669,125,148,21593,2457,538450,1039400
1670,135,111,21458,2481,538561,1019100
1671,148,119,21310,2510,538680,1006100
1672,137,123,21173,2524,538803,999800
1673,115,131,21058,2508,538934,1008000
1674,117,136,20941,2489,539070,1000500
1675,98,132,20843,2455,539202,1034600
1676,112,132,20731,2435,539334,1028000
1677,115,90,20616,2460,539424,1084700
1678,112,126,20504,2446,539550,1024500
1679,119,115,20385,2450,539665,1044700
1680,107,120,20278,2437,539785,1042800
1681,118,120,20160,2435,539905,1043100
1682,87,108,20073,2414,540013,1015000
1683,105,120,19968,2399,540133,1023200
1684,104,126,19864,2377,540259,1011200
1685,98,112,19766,2363,540371,1021600
1686,105,118,19661,2350,540489,997900
1687,91,107,19570,2334,540596,1020000
1688,103,125,19467,2312,540721,1032500
1689,87,111,19380,2288,540832,1022700
1690,96,117,19284,2267,540949,1020400
1691,83,108,19201,2242,541057,1010900
1692,81,108,19120,2215,541165,1043900
1693,74,114,19046,2175,541279,1014400
1694,79,101,18967,2153,541380,1029300
1695,88,102,18879,2139,541482,995100
1696,89,124,18790,2104,541606,1035300
1697,90,92,18700,2102,541698,1105900
1698,82,86,18618,2098,541784,1042800
1699,78,110,18540,2066,541894,1039000
1700,77,97,18463,2046,541991,1020800
1701,90,97,18373,2039,542088,1065000
1702,69,96,18304,2012,542184,1025700
1703,86,106,18218,1992,542290,1030500
1704,94,107,18124,1979,542397,1031700
1705,70,105,18054,1944,542502,1031700
1706,93,99,17961,1938,542601,1002900
1707,74,82,17887,1930,542683,1032200
1708,91,96,17796,1925,542779,1037000
1709,91,97,17705,1919,542876,1036400
1710,100,89,17605,1930,542965,1147000
1711,81,101,17524,1910,543066,1026200
1712,104,89,17420,1925,543155,1056500
1713,79,90,17341,1914,543245,1038000
1714,78,103,17263,1889,543348,1018300
1715,79,104,17184,1864,543452,1015400
1716,85,91,17099,1858,543543,1018800
1717,79,80,17020,1857,543623,1033000
1718,82,92,16938,1847,543715,981500
1719,88,103,16850,1832,543818,1025200
1720,71,78,16779,1825,543896,1009400
1721,80,82,16699,1823,543978,1016100
1722,71,100,16628,1794,544078,1018100
1723,78,78,16550,1794,544156,1020500
1724,82,97,16468,1779,544253,1005100
1725,79,103,16389,1755,544356,1016000
1726,67,95,16322,1727,544451,1015700
1727,73,109,16249,1691,544560,1014300
1728,88,83,16161,1696,544643,1020800
1729,73,97,16088,1672,544740,1019900
1730,75,102,16013,1645,544842,1083000
1731,79,75,15934,1649,544917,1007800
1732,73,69,15861,1653,544986,1011800
1733,76,84,15785,1645,545070,989100
1734,65,95,15720,1615,545165,1039400
1735,71,99,15649,1587,545264,1018100
1736,79,83,15570,1583,545347,1077000
1737,60,70,15510,1573,545417,1008400
1738,72,82,15438,1563,545499,1030500
1739,72,81,15366,1554,545580,1015500
1740,74,74,15292,1554,545654,1009100
1741,71,108,15221,1517,545762,1004200
1742,73,67,15148,1523,545829,982100
1743,79,70,15069,1532,545899,995500
1744,79,76,14990,1535,545975,1004400
1745,81,105,14909,1511,546080,1013700
1746,71,63,14838,1519,546143,1009300
1747,57,78,14781,1498,546221,998100
1748,66,80,14715,1484,546301,981400
1749,68,76,14647,1476,546377,1020800
1750,82,84,14565,1474,546461,1027300
1751,75,77,14490,1472,546538,1268600
1752,61,81,14429,1452,546619,1124600
1753,71,73,14358,1450,546692,1019000
1754,61,65,14297,1446,546757,1036400
1755,58,81,14239,1423,546838,1005700
1756,49,62,14190,1410,546900,1015000
1757,55,56,14135,1409,546956,1007300
1758,67,63,14068,1413,547019,1172300
1759,57,71,14011,1399,547090,1061100
1760,51,59,13960,1391,547149,991600
1761,62,74,13898,1379,547223,1015900
1762,48,59,13850,1368,547282,1041000
1763,50,77,13800,1341,547359,1011000
1764,55,76,13745,1320,547435,1030000
1765,61,75,13684,1306,547510,992200
1766,50,75,13634,1281,547585,1021100
1767,65,51,13569,1295,547636,988900
1768,60,75,13509,1280,547711,987800
1769,50,66,13459,1264,547777,1175600
1770,51,54,13408,1261,547831,1032600
1771,50,64,13358,1247,547895,1056100
1772,63,68,13295,1242,547963,1061700
1773,47,68,13248,1221,548031,998100
1774,37,55,13211,1203,548086,981800
1775,57,61,13154,1199,548147,998700
1776,60,59,13094,1200,548206,1025400
1777,44,78,13050,1166,548284,992000
1778,59,50,12991,1175,548334,977900
1779,49,65,12942,1159,548399,971700
1780,51,56,12891,1154,548455,979900
1781,50,61,12841,1143,548516,990900
1782,48,60,12793,1131,548576,988500
1783,47,55,12746,1123,548631,994500
1784,49,57,12697,1115,548688,1013400
1785,48,70,12649,1093,548758,992200
1786,51,51,12598,1093,548809,982900
1787,42,51,12556,1084,548860,1001200
1788,55,55,12501,1084,548915,991200
1789,40,50,12461,1074,548965,983500
1790,40,60,12421,1054,549025,957100
1791,46,64,12375,1036,549089,998200
1792,37,53,12338,1020,549142,984400
1793,50,51,12288,1019,549193,977700
1794,46,54,12242,1011,549247,966600
1795,41,54,12201,998,549301,970400
1796,52,53,12149,997,549354,967500
1797,36,62,12113,971,549416,955700
1798,44,49,12069,966,549465,961700
1799,43,45,12026,964,549510,960200
1800,42,61,11984,945,549571,953700
1801,40,45,11944,940,549616,949200
1802,48,43,11896,945,549659,945000
1803,40,49,11856,936,549708,949000
1804,36,46,11820,926,549754,937500
1805,36,49,11784,913,549803,930900
1806,53,43,11731,923,549846,939900
1807,39,39,11692,923,549885,949400
1808,45,50,11647,918,549935,951200
1809,44,43,11603,919,549978,956400
1810,33,47,11570,905,550025,953200
1811,31,57,11539,879,550082,955300
1812,30,44,11509,865,550126,949600
1813,35,52,11474,848,550178,934700
1814,42,38,11432,852,550216,937200
1815,31,49,11401,834,550265,943300
1816,32,38,11369,828,550303,986100
1817,39,36,11330,831,550339,1142800
1818,40,48,11290,823,550387,966700
1819,39,28,11251,834,550415,950700
1820,37,40,11214,831,550455,951000
1821,34,43,11180,822,550498,1125100
1822,31,42,11149,811,550540,950900
1823,25,30,11124,806,550570,957300
1824,35,37,11089,804,550607,946600
1825,32,43,11057,793,550650,945700
1826,37,26,11020,804,550676,947200
1827,44,50,10976,798,550726,954800
1828,34,39,10942,793,550765,966600
1829,38,43,10904,788,550808,950500
1830,29,25,10875,792,550833,944100
1831,26,38,10849,780,550871,934000
1832,32,33,10817,779,550904,969700
1833,36,39,10781,776,550943,971900
1834,39,40,10742,775,550983,1012200
1835,28,31,10714,772,551014,958300
1836,33,43,10681,762,551057,944800
1837,37,32,10644,767,551089,988000
1838,29,34,10615,762,551123,990700
1839,35,40,10580,757,551163,964000
1840,40,34,10540,763,551197,1054600
1841,34,31,10506,766,551228,992800
1842,27,33,10479,760,551261,953000
1843,40,31,10439,769,551292,950900
1844,36,40,10403,765,551332,949800
1845,39,42,10364,762,551374,944400
1846,34,36,10330,760,551410,947900
1847,23,49,10307,734,551459,956200
1848,34,31,10273,737,551490,936000
1849,35,36,10238,736,551526,1155200
1850,27,31,10211,732,551557,938200
1851,22,44,10189,710,551601,941300
1852,31,36,10158,705,551637,943100
1853,24,41,10134,688,551678,1136900
1854,29,47,10105,670,551725,949700
1855,23,25,10082,668,551750,971800
1856,29,36,10053,661,551786,1133700
1857,32,33,10021,660,551819,957000
1858,29,26,9992,663,551845,943500
1859,35,38,9957,660,551883,952700
1860,42,28,9915,674,551911,950100
1861,24,28,9891,670,551939,948300
1862,22,33,9869,659,551972,948200
1863,32,29,9837,662,552001,955700
1864,22,48,9815,636,552049,961700
1865,20,32,9795,624,552081,952000
1866,31,33,9764,622,552114,949800
1867,26,38,9738,610,552152,935300
1868,18,30,9720,598,552182,935800
1869,26,29,9694,595,552211,948500
1870,15,24,9679,586,552235,935500
1871,21,34,9658,573,552269,942000
1872,15,29,9643,559,552298,948700
1873,18,33,9625,544,552331,948400
1874,14,22,9611,536,552353,945300
1875,18,29,9593,525,552382,951700
1876,23,23,9570,525,552405,951400
1877,21,26,9549,520,552431,945400
1878,15,16,9534,519,552447,936700
1879,21,30,9513,510,552477,929300
1880,19,26,9494,503,552503,1189400
1881,24,26,9470,501,552529,952600
1882,13,27,9457,487,552556,956300
1883,18,28,9439,477,552584,942800
1884,16,23,9423,470,552607,1132400
1885,16,30,9407,456,552637,950400
1886,15,15,9392,456,552652,961800
1887,10,16,9382,450,552668,940100
1888,15,27,9367,438,552695,941000
1889,12,26,9355,424,552721,945400
1890,16,22,9339,418,552743,948400
1891,15,18,9324,415,552761,947400
1892,12,37,9312,390,552798,948600
1893,11,23,9301,378,552821,944800
1894,10,15,9291,373,552836,932700
1895,11,18,9280,366,552854,937700
1896,13,19,9267,360,552873,1088100
1897,6,24,9261,342,552897,970700
1898,11,17,9250,336,552914,934200
1899,6,17,9244,325,552931,947400
1900,14,16,9230,323,552947,951800
1901,12,16,9218,319,552963,949400
1902,18,18,9200,319,552981,1013100
1903,11,12,9189,318,552993,963500
1904,10,21,9179,307,553014,952000
1905,5,9,9174,303,553023,954600
1906,9,7,9165,305,553030,983900
1907,9,20,9156,294,553050,959400
1908,10,13,9146,291,553063,939600
1909,9,12,9137,288,553075,942600
1910,9,10,9128,287,553085,964300
1911,7,12,9121,282,553097,947200
1912,9,9,9112,282,553106,1014100
1913,8,11,9104,279,553117,952700
1914,9,11,9095,277,553128,945000
1915,8,10,9087,275,553138,949200
1916,13,15,9074,273,553153,957700
1917,9,10,9065,272,553163,1139700
1918,11,8,9054,275,553171,957000
1919,8,11,9046,272,553182,940500
1920,8,8,9038,272,553190,944500
1921,10,17,9028,265,553207,952000
1922,9,9,9019,265,553216,963200
1923,12,17,9007,260,553233,971200
1924,10,18,8997,252,553251,943100
1925,6,7,8991,251,553258,939800
1926,7,11,8984,247,553269,943800
1927,10,15,8974,242,553284,943200
1928,12,15,8962,239,553299,1087900
1929,11,15,8951,235,553314,1117500
1930,9,13,8942,231,553327,980300
1931,6,8,8936,229,553335,969400
1932,4,9,8932,224,553344,1073100
1933,4,8,8928,220,553352,1005200
1934,9,9,8919,220,553361,976400
1935,4,9,8915,215,553370,956300
1936,4,12,8911,207,553382,952200
1937,6,7,8905,206,553389,954900
1938,8,10,8897,204,553399,958100
1939,3,9,8894,198,553408,958700
1940,6,10,8888,194,553418,1145800
1941,9,11,8879,192,553429,964700
1942,5,14,8874,183,553443,953500
1943,5,8,8869,180,553451,950500
1944,8,12,8861,176,553463,962100
1945,7,8,8854,175,553471,961400
1946,8,11,8846,172,553482,983700
1947,2,11,8844,163,553493,950500
1948,5,8,8839,160,553501,940800
1949,3,10,8836,153,553511,1146100
1950,4,11,8832,146,553522,979000
1951,1,9,8831,138,553531,1002300
1952,3,5,8828,136,553536,952700
1953,8,8,8820,136,553544,949900
1954,1,6,8819,131,553550,956200
1955,4,10,8815,125,553560,966700
1956,3,6,8812,122,553566,1035400
1957,4,10,8808,116,553576,970500
1958,2,7,8806,111,553583,967500
1959,2,7,8804,106,553590,982400
1960,2,8,8802,100,553598,991500
1961,3,4,8799,99,553602,988600
1962,1,4,8798,96,553606,966400
1963,2,6,8796,92,553612,949000
1964,3,9,8793,86,553621,963600
1965,0,4,8793,82,553625,959200
1966,4,7,8789,79,553632,947000
1967,1,6,8788,74,553638,995600
1968,0,2,8788,72,553640,992700
1969,0,3,8788,69,553643,960200
1970,1,0,8787,70,553643,957600
1971,0,2,8787,68,553645,960900
1972,0,6,8787,62,553651,966600
1973,0,2,8787,60,553653,949900
1974,0,1,8787,59,553654,951800
1975,1,3,8786,57,553657,956000
1976,1,6,8785,52,553663,987200
1977,1,4,8784,49,553667,984700
1978,0,2,8784,47,553669,963100
1979,2,1,8782,48,553670,940200
1980,1,1,8781,48,553671,938500
1981,3,2,8778,49,553673,983100
1982,1,3,8777,47,553676,1020600
1983,0,2,8777,45,553678,972400
1984,0,4,8777,41,553682,947700
1985,0,4,8777,37,553686,920200
1986,2,2,8775,37,553688,1163200
1987,0,1,8775,36,553689,1060700
1988,2,3,8773,35,553692,970600
1989,0,2,8773,33,553694,980000
1990,2,3,8771,32,553697,1071300
1991,0,4,8771,28,553701,953400
1992,1,0,8770,29,553701,948100
1993,2,4,8768,27,553705,997800
1994,1,1,8767,27,553706,955600
1995,1,0,8766,28,553706,959300
1996,1,1,8765,28,553707,966600
1997,0,0,8765,28,553707,994200
1998,0,1,8765,27,553708,969200
1999,0,1,8765,26,553709,942400
2000,0,0,8765,26,553709,956300
2001,2,1,8763,27,553710,1001200
2002,1,1,8762,27,553711,956000
2003,1,1,8761,27,553712,957900
2004,1,1,8760,27,553713,1136400
2005,0,1,8760,26,553714,986700
2006,1,1,8759,26,553715,968800
2007,0,3,8759,23,553718,971100
2008,0,2,8759,21,553720,954000
2009,1,1,8758,21,553721,963500
2010,0,1,8758,20,553722,939500
2011,0,2,8758,18,553724,953600
2012,1,1,8757,18,553725,1158600
2013,0,0,8757,18,553725,956400
2014,0,1,8757,17,553726,942600
2015,0,2,8757,15,553728,947400
2016,0,3,8757,12,553731,964000
2017,0,2,8757,10,553733,962800
2018,0,0,8757,10,553733,983800
2019,1,1,8756,10,553734,977900
2020,0,0,8756,10,553734,960100
2021,0,1,8756,9,553735,1144500
2022,1,0,8755,10,553735,1144300
2023,1,1,8754,10,553736,989300
2024,0,0,8754,10,553736,962900
2025,0,0,8754,10,553736,970400
2026,0,0,8754,10,553736,954400
2027,0,1,8754,9,553737,977200
2028,1,0,8753,10,553737,990400
2029,0,0,8753,10,553737,988000
2030,0,1,8753,9,553738,991100
2031,0,0,8753,9,553738,964300
2032,0,1,8753,8,553739,934800
2033,0,0,8753,8,553739,930600
2034,0,1,8753,7,553740,942700
2035,0,0,8753,7,553740,980100
2036,0,0,8753,7,553740,953700
2037,0,1,8753,6,553741,1159500
2038,0,0,8753,6,553741,975200
2039,0,0,8753,6,553741,964000
2040,0,0,8753,6,553741,956800
2041,0,0,8753,6,553741,978400
2042,0,0,8753,6,553741,954600
2043,0,0,8753,6,553741,962700
2044,0,1,8753,5,553742,950500
2045,0,0,8753,5,553742,988700
2046,0,1,8753,4,553743,987500
2047,0,0,8753,4,553743,946000
2048,0,0,8753,4,553743,925000
2049,0,0,8753,4,553743,951700
2050,0,0,8753,4,553743,952500
2051,0,0,8753,4,553743,974800
2052,0,0,8753,4,553743,1108100
2053,0,0,8753,4,553743,950900
2054,0,0,8753,4,553743,955900
2055,0,0,8753,4,553743,972300
2056,0,1,8753,3,553744,1000700
2057,0,0,8753,3,553744,949700
2058,0,1,8753,2,553745,944000
2059,0,1,8753,1,553746,944500
2060,0,0,8753,1,553746,945100
2061,0,0,8753,1,553746,943500
2062,0,0,8753,1,553746,956400
2063,0,0,8753,1,553746,967500
2064,0,0,8753,1,553746,994200
2065,0,0,8753,1,553746,957000
2066,0,0,8753,1,553746,946600
2067,0,0,8753,1,553746,939900
2068,0,0,8753,1,553746,957100
2069,0,0,8753,1,553746,944100
2070,0,0,8753,1,553746,981300
2071,0,0,8753,1,553746,977300
2072,0,0,8753,1,553746,1016300
2073,0,0,8753,1,553746,988000
2074,0,0,8753,1,553746,942100
2075,0,0,8753,1,553746,1013500
2076,0,0,8753,1,553746,950100
2077,0,0,8753,1,553746,945100
2078,0,0,8753,1,553746,946900
2079,0,0,8753,1,553746,961200
2080,0,0,8753,1,553746,941900
2081,0,0,8753,1,553746,961100
2082,0,0,8753,1,553746,998200
2083,0,0,8753,1,553746,955400
2084,0,0,8753,1,553746,974500
2085,0,0,8753,1,553746,966500
2086,0,0,8753,1,553746,991300
2087,0,0,8753,1,553746,990300
2088,0,0,8753,1,553746,1006100
2089,0,0,8753,1,553746,966300
2090,0,0,8753,1,553746,1127700
2091,0,1,8753,0,553747,943700
