Tick,NewlyInfected,NewlyRecovered,TotalSusceptible,TotalInfected,TotalRecovered,StepTimeNanos
0,2,1,1562493,6,1,3907600
1,2,0,1562491,8,1,3393300
2,4,2,1562487,10,3,2918300
3,1,2,1562486,9,5,2926300
4,1,0,1562485,10,5,3362600
5,2,2,1562483,10,7,3413900
6,4,0,1562479,14,7,2976400
7,0,2,1562479,12,9,2906600
8,2,0,1562477,14,9,3362300
9,4,0,1562473,18,9,3191800
10,8,0,1562465,26,9,3047200
11,6,2,1562459,30,11,3226300
12,4,1,1562455,33,12,3153200
13,4,1,1562451,36,13,3146200
14,4,1,1562447,39,14,3030300
15,3,2,1562444,40,16,3024000
16,4,2,1562440,42,18,2775900
17,6,2,1562434,46,20,2882000
18,6,3,1562428,49,23,2760300
19,5,0,1562423,54,23,3255200
20,6,1,1562417,59,24,3013100
21,8,2,1562409,65,26,2825100
22,6,2,1562403,69,28,3285000
23,8,2,1562395,75,30,2889100
24,6,6,1562389,75,36,3013300
25,9,5,1562380,79,41,2779600
26,15,5,1562365,89,46,2733100
27,10,4,1562355,95,50,2961900
28,11,4,1562344,102,54,2969500
29,13,3,1562331,112,57,2749400
30,7,8,1562324,111,65,2894000
31,10,2,1562314,119,67,2767500
32,12,7,1562302,124,74,3095500
33,10,4,1562292,130,78,3524600
34,14,6,1562278,138,84,2824800
35,11,5,1562267,144,89,3044500
36,17,5,1562250,156,94,3386200
37,19,10,1562231,165,104,2858800
38,22,8,1562209,179,112,2861500
39,22,11,1562187,190,123,3432000
40,13,10,1562174,193,133,3486400
41,17,9,1562157,201,142,3059700
42,18,8,1562139,211,150,3138500
43,24,13,1562115,222,163,3107100
44,20,11,1562095,231,174,2975000
45,28,6,1562067,253,180,3219200
46,17,17,1562050,253,197,2878100
47,19,12,1562031,260,209,3363000
48,28,10,1562003,278,219,2939400
49,29,18,1561974,289,237,2916400
50,18,14,1561956,293,251,2765800
51,27,17,1561929,303,268,2911800
52,23,16,1561906,310,284,3489600
53,19,9,1561887,320,293,3191100
54,24,13,1561863,331,306,2947700
55,34,21,1561829,344,327,2883800
56,33,17,1561796,360,344,3136200
57,33,29,1561763,364,373,3002300
58,25,16,1561738,373,389,3179300
59,31,24,1561707,380,413,3062900
60,21,14,1561686,387,427,3112300
61,20,18,1561666,389,445,2986400
62,29,12,1561637,406,457,3170400
63,24,20,1561613,410,477,3075900
64,25,23,1561588,412,500,2877800
65,32,26,1561556,418,526,3531000
66,30,16,1561526,432,542,2936400
67,29,21,1561497,440,563,2835700
68,35,18,1561462,457,581,3077100
69,28,16,1561434,469,597,2775300
70,35,27,1561399,477,624,2975800
71,31,33,1561368,475,657,3082000
72,31,21,1561337,485,678,2871000
73,35,22,1561302,498,700,3439000
74,30,21,1561272,507,721,3070700
75,29,30,1561243,506,751,2912600
76,34,27,1561209,513,778,2925600
77,35,24,1561174,524,802,3001900
78,30,29,1561144,525,831,2896700
79,27,37,1561117,515,868,3101200
80,38,31,1561079,522,899,2917200
81,35,22,1561044,535,921,3221600
82,31,25,1561013,541,946,3196700
83,40,24,1560973,557,970,2981400
84,39,25,1560934,571,995,3037600
85,53,32,1560881,592,1027,3094900
86,37,29,1560844,600,1056,3455000
87,44,30,1560800,614,1086,3008800
88,52,29,1560748,637,1115,3133400
89,46,31,1560702,652,1146,3423400
90,47,29,1560655,670,1175,3037800
91,41,30,1560614,681,1205,2988400
92,42,30,1560572,693,1235,3070000
93,41,27,1560531,707,1262,3092800
94,56,29,1560475,734,1291,2989100
95,59,35,1560416,758,1326,2949000
96,55,30,1560361,783,1356,3443600
97,35,38,1560326,780,1394,3021600
98,56,47,1560270,789,1441,3489900
99,53,35,1560217,807,1476,3302100
100,38,52,1560179,793,1528,2970000
101,45,36,1560134,802,1564,3450200
102,36,40,1560098,798,1604,3054900
103,54,47,1560044,805,1651,3091900
104,57,35,1559987,827,1686,3312000
105,51,49,1559936,829,1735,3201500
106,52,49,1559884,832,1784,3126100
107,50,39,1559834,843,1823,3287600
108,50,40,1559784,853,1863,3338300
109,56,44,1559728,865,1907,3315900
110,53,40,1559675,878,1947,3293600
111,66,39,1559609,905,1986,3007900
112,70,42,1559539,933,2028,3055600
113,55,52,1559484,936,2080,3200400
114,64,53,1559420,947,2133,3047800
115,53,47,1559367,953,2180,3048900
116,43,41,1559324,955,2221,3144200
117,57,36,1559267,976,2257,3012600
118,56,44,1559211,988,2301,3125400
119,64,54,1559147,998,2355,3250500
120,57,44,1559090,1011,2399,3069500
121,54,45,1559036,1020,2444,3501900
122,68,50,1558968,1038,2494,3061100
123,64,60,1558904,1042,2554,3344700
124,55,52,1558849,1045,2606,3206900
125,63,59,1558786,1049,2665,3064900
126,61,47,1558725,1063,2712,3021000
127,54,48,1558671,1069,2760,3188300
128,69,69,1558602,1069,2829,3142800
129,56,59,1558546,1066,2888,3211800
130,60,56,1558486,1070,2944,2974700
131,70,48,1558416,1092,2992,3149600
132,71,64,1558345,1099,3056,3122300
133,74,56,1558271,1117,3112,3055400
134,67,56,1558204,1128,3168,3141400
135,72,53,1558132,1147,3221,3097400
136,62,68,1558070,1141,3289,3452400
137,67,42,1558003,1166,3331,3182800
138,73,53,1557930,1186,3384,3270500
139,66,64,1557864,1188,3448,3151300
140,54,67,1557810,1175,3515,3142500
141,65,74,1557745,1166,3589,3188200
142,63,71,1557682,1158,3660,3208900
143,61,51,1557621,1168,3711,2977100
144,59,49,1557562,1178,3760,3165100
145,69,63,1557493,1184,3823,3030200
146,68,57,1557425,1195,3880,3128300
147,75,54,1557350,1216,3934,3047400
148,78,67,1557272,1227,4001,3112500
149,74,76,1557198,1225,4077,3125000
150,84,64,1557114,1245,4141,3057500
151,74,51,1557040,1268,4192,3181200
152,86,66,1556954,1288,4258,3317000
153,66,70,1556888,1284,4328,3147000
154,67,53,1556821,1298,4381,3109400
155,82,71,1556739,1309,4452,3181800
156,73,66,1556666,1316,4518,3232100
157,74,66,1556592,1324,4584,3063400
158,91,70,1556501,1345,4654,3166900
159,92,54,1556409,1383,4708,3132900
160,94,65,1556315,1412,4773,3098900
161,80,96,1556235,1396,4869,3196700
162,76,63,1556159,1409,4932,3158800
163,86,62,1556073,1433,4994,3216600
164,82,71,1555991,1444,5065,3125000
165,82,86,1555909,1440,5151,2977200
166,70,93,1555839,1417,5244,3435100
167,78,66,1555761,1429,5310,3196200
168,77,72,1555684,1434,5382,3229400
169,97,64,1555587,1467,5446,3188200
170,92,70,1555495,1489,5516,3225600
171,84,82,1555411,1491,5598,3196700
172,68,84,1555343,1475,5682,3102100
173,97,81,1555246,1491,5763,3163000
174,88,88,1555158,1491,5851,3343200
175,87,63,1555071,1515,5914,3332300
176,100,76,1554971,1539,5990,3427500
177,90,81,1554881,1548,6071,3549700
178,95,76,1554786,1567,6147,3196500
179,91,90,1554695,1568,6237,3288000
180,95,73,1554600,1590,6310,3127000
181,100,90,1554500,1600,6400,3093300
182,105,94,1554395,1611,6494,3084200
183,94,87,1554301,1618,6581,3028700
184,101,67,1554200,1652,6648,3230800
185,112,68,1554088,1696,6716,3040200
186,105,79,1553983,1722,6795,3562600
187,98,93,1553885,1727,6888,3039700
188,96,90,1553789,1733,6978,3040400
189,100,86,1553689,1747,7064,3572100
190,111,88,1553578,1770,7152,3063400
191,126,99,1553452,1797,7251,3195600
192,108,101,1553344,1804,7352,3242700
193,120,99,1553224,1825,7451,3091500
194,111,92,1553113,1844,7543,3430200
195,105,81,1553008,1868,7624,3030500
196,109,107,1552899,1870,7731,3171000
197,115,94,1552784,1891,7825,3020600
198,131,103,1552653,1919,7928,3388300
199,115,108,1552538,1926,8036,3006900
200,108,120,1552430,1914,8156,5054600
201,125,96,1552305,1943,8252,3967700
202,133,110,1552172,1966,8362,3612600
203,100,106,1552072,1960,8468,4977400
204,121,88,1551951,1993,8556,4261100
205,114,106,1551837,2001,8662,3754700
206,115,98,1551722,2018,8760,3374600
207,107,107,1551615,2018,8867,3354000
208,115,113,1551500,2020,8980,3515700
209,130,109,1551370,2041,9089,3561100
210,110,97,1551260,2054,9186,3863800
211,106,110,1551154,2050,9296,3137200
212,114,109,1551040,2055,9405,3308800
213,117,100,1550923,2072,9505,3464000
214,128,104,1550795,2096,9609,3130700
215,114,116,1550681,2094,9725,3354800
216,136,109,1550545,2121,9834,3100800
217,136,111,1550409,2146,9945,3569300
218,111,93,1550298,2164,10038,3084500
219,117,99,1550181,2182,10137,3343300
220,132,104,1550049,2210,10241,3163000
221,128,112,1549921,2226,10353,3060400
222,130,114,1549791,2242,10467,3155600
223,143,115,1549648,2270,10582,3426700
224,127,102,1549521,2295,10684,3211700
225,137,131,1549384,2301,10815,3220600
226,124,114,1549260,2311,10929,3331100
227,138,110,1549122,2339,11039,3114400
228,132,131,1548990,2340,11170,3006400
229,129,96,1548861,2373,11266,3229400
230,130,115,1548731,2388,11381,3538900
231,143,136,1548588,2395,11517,3480600
232,118,128,1548470,2385,11645,3147200
233,116,129,1548354,2372,11774,3190400
234,161,109,1548193,2424,11883,3057700
235,140,114,1548053,2450,11997,3076200
236,148,129,1547905,2469,12126,3065400
237,138,117,1547767,2490,12243,3193400
238,150,111,1547617,2529,12354,3301700
239,150,116,1547467,2563,12470,3247600
240,140,130,1547327,2573,12600,3090800
241,139,108,1547188,2604,12708,3073700
242,141,128,1547047,2617,12836,3206600
243,138,145,1546909,2610,12981,3229300
244,145,104,1546764,2651,13085,3070200
245,154,137,1546610,2668,13222,3521100
246,142,114,1546468,2696,13336,3059900
247,160,133,1546308,2723,13469,3055000
248,136,133,1546172,2726,13602,3214600
249,152,144,1546020,2734,13746,3120100
250,122,115,1545898,2741,13861,3060400
251,142,123,1545756,2760,13984,3117000
252,151,155,1545605,2756,14139,3024900
253,130,131,1545475,2755,14270,3079100
254,140,138,1545335,2757,14408,3192900
255,135,123,1545200,2769,14531,3026000
256,145,131,1545055,2783,14662,3172600
257,153,130,1544902,2806,14792,3662100
258,156,149,1544746,2813,14941,3227500
259,140,154,1544606,2799,15095,3119700
260,156,156,1544450,2799,15251,3114700
261,140,135,1544310,2804,15386,3323100
262,150,149,1544160,2805,15535,3232300
263,162,146,1543998,2821,15681,3092500
264,159,156,1543839,2824,15837,3028100
265,161,124,1543678,2861,15961,3061300
266,157,140,1543521,2878,16101,3201900
267,145,160,1543376,2863,16261,3140800
268,152,153,1543224,2862,16414,3186900
269,125,166,1543099,2821,16580,3128100
270,175,156,1542924,2840,16736,3024900
271,175,140,1542749,2875,16876,3071800
272,146,144,1542603,2877,17020,3103900
273,145,134,1542458,2888,17154,2897400
274,162,136,1542296,2914,17290,3096700
275,170,149,1542126,2935,17439,3264600
276,169,148,1541957,2956,17587,3611200
277,171,127,1541786,3000,17714,3105400
278,162,158,1541624,3004,17872,3235400
279,165,153,1541459,3016,18025,3171500
280,136,136,1541323,3016,18161,3230300
281,164,166,1541159,3014,18327,3132400
282,158,131,1541001,3041,18458,3291300
283,168,161,1540833,3048,18619,3712900
284,163,166,1540670,3045,18785,3196400
285,161,150,1540509,3056,18935,3142500
286,150,122,1540359,3084,19057,3167700
287,155,151,1540204,3088,19208,3819800
288,172,150,1540032,3110,19358,3289700
289,157,152,1539875,3115,19510,3228100
290,160,147,1539715,3128,19657,3426600
291,172,149,1539543,3151,19806,3188700
292,183,168,1539360,3166,19974,3084200
293,175,152,1539185,3189,20126,3125000
294,146,158,1539039,3177,20284,3197200
295,173,145,1538866,3205,20429,3052200
296,182,178,1538684,3209,20607,3148500
297,163,162,1538521,3210,20769,3078500
298,185,162,1538336,3233,20931,3127300
299,186,158,1538150,3261,21089,3182400
300,177,171,1537973,3267,21260,3120500
301,190,165,1537783,3292,21425,3604700
302,190,133,1537593,3349,21558,3160500
303,183,155,1537410,3377,21713,3169700
304,175,173,1537235,3379,21886,3113200
305,180,163,1537055,3396,22049,3080200
306,192,163,1536863,3425,22212,3375300
307,173,176,1536690,3422,22388,3184000
308,169,166,1536521,3425,22554,3225000
309,188,156,1536333,3457,22710,3094400
310,194,163,1536139,3488,22873,3188400
311,190,172,1535949,3506,23045,3213300
312,180,157,1535769,3529,23202,3158700
313,199,199,1535570,3529,23401,3242400
314,204,166,1535366,3567,23567,3047500
315,192,167,1535174,3592,23734,3120400
316,181,182,1534993,3591,23916,3688400
317,211,202,1534782,3600,24118,3175700
318,191,177,1534591,3614,24295,3224400
319,188,181,1534403,3621,24476,3218700
320,184,184,1534219,3621,24660,3294800
321,186,175,1534033,3632,24835,3300300
322,216,162,1533817,3686,24997,3163200
323,185,179,1533632,3692,25176,3218200
324,202,178,1533430,3716,25354,3431000
325,185,176,1533245,3725,25530,3171900
326,185,188,1533060,3722,25718,3153000
327,219,173,1532841,3768,25891,3139800
328,193,192,1532648,3769,26083,3266600
329,206,185,1532442,3790,26268,3174600
330,207,196,1532235,3801,26464,3194100
331,217,181,1532018,3837,26645,3579100
332,197,180,1531821,3854,26825,3017900
333,188,194,1531633,3848,27019,3360500
334,218,165,1531415,3901,27184,3079100
335,202,182,1531213,3921,27366,3182400
336,230,210,1530983,3941,27576,3258200
337,211,227,1530772,3925,27803,3192200
338,207,206,1530565,3926,28009,3079800
339,217,202,1530348,3941,28211,3282900
340,221,178,1530127,3984,28389,3138800
341,218,184,1529909,4018,28573,3289500
342,231,197,1529678,4052,28770,3375300
343,225,206,1529453,4071,28976,3024700
344,230,196,1529223,4105,29172,3077600
345,220,228,1529003,4097,29400,3141700
346,215,219,1528788,4093,29619,3158300
347,215,183,1528573,4125,29802,3022700
348,236,212,1528337,4149,30014,2993400
349,212,194,1528125,4167,30208,3187800
350,228,195,1527897,4200,30403,3060900
351,209,221,1527688,4188,30624,3208800
352,239,194,1527449,4233,30818,3248200
353,214,207,1527235,4240,31025,3146400
354,240,203,1526995,4277,31228,3022400
355,205,230,1526790,4252,31458,3219700
356,223,217,1526567,4258,31675,3197800
357,209,203,1526358,4264,31878,3113400
358,209,213,1526149,4260,32091,3303300
359,198,218,1525951,4240,32309,3213800
360,204,221,1525747,4223,32530,3255900
361,201,255,1525546,4169,32785,3165900
362,195,203,1525351,4161,32988,3347500
363,208,213,1525143,4156,33201,3139600
364,193,189,1524950,4160,33390,3022800
365,173,232,1524777,4101,33622,3247700
366,221,191,1524556,4131,33813,3075300
367,203,206,1524353,4128,34019,3266500
368,200,218,1524153,4110,34237,3238600
369,219,218,1523934,4111,34455,3081100
370,223,235,1523711,4099,34690,3225800
371,207,225,1523504,4081,34915,3265700
372,220,190,1523284,4111,35105,3153900
373,201,202,1523083,4110,35307,3029600
374,236,218,1522847,4128,35525,3247100
375,232,228,1522615,4132,35753,3428700
376,206,182,1522409,4156,35935,3270600
377,225,200,1522184,4181,36135,3369900
378,214,202,1521970,4193,36337,3006100
379,220,233,1521750,4180,36570,3374900
380,213,206,1521537,4187,36776,3168800
381,216,195,1521321,4208,36971,3089100
382,224,212,1521097,4220,37183,3100600
383,209,230,1520888,4199,37413,3072800
384,230,218,1520658,4211,37631,3091100
385,228,188,1520430,4251,37819,3007700
386,233,212,1520197,4272,38031,3538400
387,224,217,1519973,4279,38248,3155400
388,225,215,1519748,4289,38463,3131900
389,243,243,1519505,4289,38706,3210400
390,222,201,1519283,4310,38907,3179200
391,228,209,1519055,4329,39116,3380000
392,248,207,1518807,4370,39323,3175100
393,254,243,1518553,4381,39566,3244100
394,243,232,1518310,4392,39798,3144300
395,225,213,1518085,4404,40011,3306700
396,248,235,1517837,4417,40246,3380700
397,235,229,1517602,4423,40475,3031900
398,230,207,1517372,4446,40682,3160600
399,231,226,1517141,4451,40908,3635700
400,227,220,1516914,4458,41128,3096000
401,233,213,1516681,4478,41341,3239300
402,242,223,1516439,4497,41564,3090000
403,226,226,1516213,4497,41790,3210700
404,253,240,1515960,4510,42030,3103900
405,229,230,1515731,4509,42260,3264900
406,227,217,1515504,4519,42477,3232600
407,228,217,1515276,4530,42694,3150300
408,235,247,1515041,4518,42941,3235500
409,222,208,1514819,4532,43149,3155700
410,232,257,1514587,4507,43406,3206500
411,226,238,1514361,4495,43644,3303400
412,255,216,1514106,4534,43860,3318200
413,235,228,1513871,4541,44088,3446200
414,252,213,1513619,4580,44301,3239300
415,246,203,1513373,4623,44504,3190100
416,240,239,1513133,4624,44743,3124300
417,234,226,1512899,4632,44969,3292500
418,270,245,1512629,4657,45214,3236800
419,248,251,1512381,4654,45465,3206600
420,257,229,1512124,4682,45694,3345600
421,235,218,1511889,4699,45912,3106000
422,256,228,1511633,4727,46140,3243200
423,244,240,1511389,4731,46380,3286100
424,277,231,1511112,4777,46611,3196500
425,260,240,1510852,4797,46851,3383900
426,244,228,1510608,4813,47079,3107400
427,260,247,1510348,4826,47326,3447300
428,233,230,1510115,4829,47556,3473800
429,277,234,1509838,4872,47790,3104700
430,240,235,1509598,4877,48025,3236300
431,236,238,1509362,4875,48263,3175700
432,250,269,1509112,4856,48532,3575600
433,252,243,1508860,4865,48775,3186800
434,236,234,1508624,4867,49009,3158600
435,254,261,1508370,4860,49270,3245200
436,264,223,1508106,4901,49493,3035500
437,251,223,1507855,4929,49716,3367300
438,247,215,1507608,4961,49931,3038900
439,279,252,1507329,4988,50183,3080200
440,234,262,1507095,4960,50445,3097500
441,259,243,1506836,4976,50688,3455600
442,246,238,1506590,4984,50926,3123900
443,276,240,1506314,5020,51166,3182200
444,272,262,1506042,5030,51428,3227800
445,263,268,1505779,5025,51696,3071900
446,259,252,1505520,5032,51948,3256400
447,253,240,1505267,5045,52188,3248400
448,264,279,1505003,5030,52467,3225900
449,258,232,1504745,5056,52699,3259700
450,282,259,1504463,5079,52958,3091600
451,288,251,1504175,5116,53209,3169400
452,292,231,1503883,5177,53440,3134200
453,280,267,1503603,5190,53707,3341400
454,285,264,1503318,5211,53971,3099500
455,252,292,1503066,5171,54263,3123500
456,264,252,1502802,5183,54515,3266900
457,260,274,1502542,5169,54789,3209100
458,286,258,1502256,5197,55047,3185100
459,247,273,1502009,5171,55320,3106500
460,275,275,1501734,5171,55595,3111500
461,254,260,1501480,5165,55855,3327700
462,281,276,1501199,5170,56131,3216200
463,290,248,1500909,5212,56379,3335900
464,272,251,1500637,5233,56630,3148800
465,281,269,1500356,5245,56899,3333900
466,281,227,1500075,5299,57126,3091900
467,288,273,1499787,5314,57399,3234100
468,289,270,1499498,5333,57669,3264600
469,274,268,1499224,5339,57937,3688000
470,278,292,1498946,5325,58229,3151100
471,281,246,1498665,5360,58475,3065900
472,270,246,1498395,5384,58721,3065600
473,294,272,1498101,5406,58993,3098000
474,270,268,1497831,5408,59261,3010900
475,292,261,1497539,5439,59522,3333400
476,296,276,1497243,5459,59798,3143700
477,276,271,1496967,5464,60069,3109400
478,274,233,1496693,5505,60302,3157500
479,279,288,1496414,5496,60590,3190700
480,256,286,1496158,5466,60876,3365200
481,259,264,1495899,5461,61140,3104000
482,284,275,1495615,5470,61415,3021000
483,272,257,1495343,5485,61672,3067100
484,288,267,1495055,5506,61939,3306800
485,285,270,1494770,5521,62209,3088700
486,252,282,1494518,5491,62491,3167800
487,254,269,1494264,5476,62760,3635400
488,270,266,1493994,5480,63026,3405200
489,267,259,1493727,5488,63285,3388300
490,275,271,1493452,5492,63556,3281200
491,277,267,1493175,5502,63823,3209300
492,284,285,1492891,5501,64108,3368100
493,262,271,1492629,5492,64379,3222900
494,268,286,1492361,5474,64665,3541800
495,260,271,1492101,5463,64936,3117100
496,271,281,1491830,5453,65217,3280400
497,299,284,1491531,5468,65501,3220900
498,270,279,1491261,5459,65780,3022600
499,288,272,1490973,5475,66052,3289800
500,272,281,1490701,5466,66333,3181700
501,273,265,1490428,5474,66598,3208000
502,268,291,1490160,5451,66889,2976600
503,287,276,1489873,5462,67165,3091800
504,273,254,1489600,5481,67419,3175300
505,278,282,1489322,5477,67701,3004800
506,281,265,1489041,5493,67966,3401300
507,272,268,1488769,5497,68234,2992400
508,282,308,1488487,5471,68542,3155800
509,308,293,1488179,5486,68835,3137200
510,273,269,1487906,5490,69104,3340500
511,304,273,1487602,5521,69377,3366500
512,298,269,1487304,5550,69646,3184600
513,314,267,1486990,5597,69913,3134900
514,288,266,1486702,5619,70179,3388000
515,298,267,1486404,5650,70446,2987700
516,276,300,1486128,5626,70746,3242400
517,311,267,1485817,5670,71013,3220800
518,283,292,1485534,5661,71305,3309800
519,297,317,1485237,5641,71622,3094000
520,293,292,1484944,5642,71914,3097900
521,309,274,1484635,5677,72188,3090700
522,300,257,1484335,5720,72445,3100200
523,301,290,1484034,5731,72735,3135100
524,310,284,1483724,5757,73019,3139900
525,325,267,1483399,5815,73286,3226200
526,298,297,1483101,5816,73583,3170000
527,303,310,1482798,5809,73893,3353900
528,303,298,1482495,5814,74191,3100300
529,294,307,1482201,5801,74498,3138200
530,321,282,1481880,5840,74780,3093200
531,311,294,1481569,5857,75074,3138000
532,304,295,1481265,5866,75369,3093200
533,320,308,1480945,5878,75677,3052400
534,315,283,1480630,5910,75960,3262800
535,295,297,1480335,5908,76257,3264600
536,326,295,1480009,5939,76552,3328400
537,311,332,1479698,5918,76884,3387200
538,309,267,1479389,5960,77151,3142000
539,309,280,1479080,5989,77431,3187700
540,313,302,1478767,6000,77733,3036200
541,281,278,1478486,6003,78011,3146300
542,283,295,1478203,5991,78306,3134900
543,271,313,1477932,5949,78619,3046500
544,290,311,1477642,5928,78930,3132700
545,316,309,1477326,5935,79239,3289700
546,307,290,1477019,5952,79529,3235200
547,268,312,1476751,5908,79841,2994300
548,295,293,1476456,5910,80134,3293700
549,302,302,1476154,5910,80436,3325600
550,288,277,1475866,5921,80713,3335800
551,335,310,1475531,5946,81023,3220400
552,277,289,1475254,5934,81312,3323200
553,277,274,1474977,5937,81586,3128700
554,303,327,1474674,5913,81913,3148500
555,293,302,1474381,5904,82215,3191800
556,280,284,1474101,5900,82499,3466200
557,283,296,1473818,5887,82795,3057000
558,310,300,1473508,5897,83095,3261700
559,323,276,1473185,5944,83371,3181600
560,308,273,1472877,5979,83644,3107400
561,311,293,1472566,5997,83937,3015200
562,341,319,1472225,6019,84256,3279500
563,325,321,1471900,6023,84577,3351200
564,291,325,1471609,5989,84902,3148400
565,313,299,1471296,6003,85201,3218200
566,336,310,1470960,6029,85511,3203500
567,313,317,1470647,6025,85828,3115800
568,285,288,1470362,6022,86116,3248400
569,309,284,1470053,6047,86400,3120800
570,310,323,1469743,6034,86723,3146900
571,295,280,1469448,6049,87003,3071400
572,328,306,1469120,6071,87309,3205600
573,315,315,1468805,6071,87624,3333900
574,311,306,1468494,6076,87930,3251700
575,319,295,1468175,6100,88225,3274700
576,320,303,1467855,6117,88528,3188100
577,306,326,1467549,6097,88854,3059500
578,334,297,1467215,6134,89151,3217100
579,334,314,1466881,6154,89465,3267300
580,308,277,1466573,6185,89742,3155400
581,337,301,1466236,6221,90043,3071700
582,340,322,1465896,6239,90365,3542200
583,323,287,1465573,6275,90652,3084900
584,322,280,1465251,6317,90932,3318300
585,341,302,1464910,6356,91234,3188100
586,356,326,1464554,6386,91560,3209400
587,328,343,1464226,6371,91903,3326000
588,324,317,1463902,6378,92220,3063700
589,308,338,1463594,6348,92558,3384100
590,320,325,1463274,6343,92883,3147700
591,349,324,1462925,6368,93207,3521400
592,346,316,1462579,6398,93523,3097200
593,360,314,1462219,6444,93837,3159000
594,351,330,1461868,6465,94167,3315500
595,380,299,1461488,6546,94466,3277900
596,362,293,1461126,6615,94759,3191100
597,371,324,1460755,6662,95083,3018200
598,354,315,1460401,6701,95398,3293300
599,375,316,1460026,6760,95714,3195400
600,372,333,1459654,6799,96047,3092000
601,335,339,1459319,6795,96386,3407700
602,368,343,1458951,6820,96729,3276900
603,400,342,1458551,6878,97071,3181300
604,334,347,1458217,6865,97418,3161400
605,357,374,1457860,6848,97792,3020900
606,369,340,1457491,6877,98132,3240800
607,355,321,1457136,6911,98453,3049600
608,343,365,1456793,6889,98818,3089400
609,365,333,1456428,6921,99151,3057500
610,383,358,1456045,6946,99509,3163300
611,381,347,1455664,6980,99856,2991300
612,363,354,1455301,6989,100210,3164300
613,388,342,1454913,7035,100552,3564400
614,340,374,1454573,7001,100926,3325600
615,363,347,1454210,7017,101273,3132500
616,359,344,1453851,7032,101617,3178300
617,395,357,1453456,7070,101974,3105200
618,351,368,1453105,7053,102342,3123600
619,372,342,1452733,7083,102684,3177700
620,360,356,1452373,7087,103040,3076100
621,379,368,1451994,7098,103408,3171000
622,344,361,1451650,7081,103769,3328900
623,375,353,1451275,7103,104122,3203500
624,364,361,1450911,7106,104483,3118000
625,370,342,1450541,7134,104825,3491900
626,392,349,1450149,7177,105174,3060400
627,405,342,1449744,7240,105516,3153500
628,369,378,1449375,7231,105894,3260800
629,393,355,1448982,7269,106249,3114800
630,353,352,1448629,7270,106601,3170700
631,387,379,1448242,7278,106980,3054300
632,348,373,1447894,7253,107353,3233600
633,411,375,1447483,7289,107728,3111100
634,321,382,1447162,7228,108110,3339300
635,392,396,1446770,7224,108506,3184600
636,345,342,1446425,7227,108848,3204300
637,358,371,1446067,7214,109219,3055300
638,376,364,1445691,7226,109583,3109700
639,368,346,1445323,7248,109929,3160300
640,378,366,1444945,7260,110295,3073400
641,370,350,1444575,7280,110645,3180600
642,346,382,1444229,7244,111027,3033600
643,386,359,1443843,7271,111386,3237700
644,406,374,1443437,7303,111760,3154900
645,359,353,1443078,7309,112113,3371500
646,397,332,1442681,7374,112445,3302700
647,385,415,1442296,7344,112860,3159000
648,366,369,1441930,7341,113229,3346300
649,340,350,1441590,7331,113579,3660900
650,406,345,1441184,7392,113924,3170400
651,376,361,1440808,7407,114285,3185100
652,370,332,1440438,7445,114617,3157100
653,373,385,1440065,7433,115002,3232700
654,405,373,1439660,7465,115375,3229000
655,379,371,1439281,7473,115746,3141700
656,414,364,1438867,7523,116110,2992400
657,361,396,1438506,7488,116506,3179900
658,390,361,1438116,7517,116867,3336900
659,400,399,1437716,7518,117266,3025100
660,389,357,1437327,7550,117623,3554300
661,386,387,1436941,7549,118010,3170400
662,387,392,1436554,7544,118402,3191800
663,390,385,1436164,7549,118787,3297300
664,423,387,1435741,7585,119174,3127000
665,377,400,1435364,7562,119574,3390300
666,360,383,1435004,7539,119957,3060500
667,363,336,1434641,7566,120293,3221900
668,402,360,1434239,7608,120653,3382900
669,371,401,1433868,7578,121054,3134500
670,357,361,1433511,7574,121415,3291700
671,418,368,1433093,7624,121783,3184800
672,392,376,1432701,7640,122159,3154800
673,405,361,1432296,7684,122520,3105300
674,395,387,1431901,7692,122907,3064700
675,422,363,1431479,7751,123270,3136400
676,424,371,1431055,7804,123641,3186600
677,399,418,1430656,7785,124059,3341600
678,438,402,1430218,7821,124461,3013900
679,432,387,1429786,7866,124848,3360800
680,410,382,1429376,7894,125230,3016900
681,423,385,1428953,7932,125615,3318300
682,421,407,1428532,7946,126022,3001200
683,420,408,1428112,7958,126430,3117400
684,416,376,1427696,7998,126806,3261300
685,401,423,1427295,7976,127229,3026900
686,392,401,1426903,7967,127630,3233100
687,440,403,1426463,8004,128033,3055800
688,377,412,1426086,7969,128445,3263800
689,421,411,1425665,7979,128856,3109700
690,412,461,1425253,7930,129317,3097900
691,416,376,1424837,7970,129693,3485100
692,401,396,1424436,7975,130089,3055000
693,395,423,1424041,7947,130512,3212900
694,398,393,1423643,7952,130905,3016400
695,399,389,1423244,7962,131294,3120700
696,396,421,1422848,7937,131715,3075800
697,437,411,1422411,7963,132126,3098300
698,424,368,1421987,8019,132494,3349500
699,420,387,1421567,8052,132881,3064000
700,429,424,1421138,8057,133305,3217200
701,389,386,1420749,8060,133691,3066700
702,445,402,1420304,8103,134093,3198200
703,421,418,1419883,8106,134511,3358700
704,395,430,1419488,8071,134941,3111200
705,403,420,1419085,8054,135361,3436600
706,391,366,1418694,8079,135727,3101000
707,414,410,1418280,8083,136137,3108700
708,397,419,1417883,8061,136556,3065000
709,443,396,1417440,8108,136952,3396200
710,411,426,1417029,8093,137378,3171100
711,446,373,1416583,8166,137751,3104600
712,386,414,1416197,8138,138165,3414800
713,416,395,1415781,8159,138560,3115500
714,411,434,1415370,8136,138994,3082500
715,386,397,1414984,8125,139391,3184300
716,418,406,1414566,8137,139797,3120300
717,403,400,1414163,8140,140197,3003500
718,391,409,1413772,8122,140606,3101900
719,401,392,1413371,8131,140998,3329200
720,411,386,1412960,8156,141384,3187600
721,405,401,1412555,8160,141785,3415500
722,371,385,1412184,8146,142170,3197900
723,394,376,1411790,8164,142546,3241500
724,430,417,1411360,8177,142963,3093100
725,413,440,1410947,8150,143403,3148700
726,398,390,1410549,8158,143793,3171000
727,393,433,1410156,8118,144226,3023100
728,433,391,1409723,8160,144617,3361400
729,446,389,1409277,8217,145006,3337100
730,390,436,1408887,8171,145442,3271900
731,406,412,1408481,8165,145854,3229000
732,435,412,1408046,8188,146266,3154700
733,440,423,1407606,8205,146689,3235900
734,442,426,1407164,8221,147115,3073900
735,439,385,1406725,8275,147500,3156600
736,390,395,1406335,8270,147895,3157600
737,447,455,1405888,8262,148350,3082500
738,419,405,1405469,8276,148755,3399700
739,437,420,1405032,8293,149175,3331900
740,430,375,1404602,8348,149550,3388300
741,452,425,1404150,8375,149975,3250300
742,480,430,1403670,8425,150405,3129100
743,449,387,1403221,8487,150792,3217400
744,457,398,1402764,8546,151190,3139300
745,424,468,1402340,8502,151658,3319300
746,431,452,1401909,8481,152110,3319300
747,459,425,1401450,8515,152535,3237600
748,458,411,1400992,8562,152946,3109300
749,423,405,1400569,8580,153351,3186700
750,405,433,1400164,8552,153784,3435100
751,464,426,1399700,8590,154210,3161100
752,474,443,1399226,8621,154653,3338200
753,399,434,1398827,8586,155087,3669800
754,422,468,1398405,8540,155555,3215100
755,443,422,1397962,8561,155977,3278500
756,454,409,1397508,8606,156386,3124400
757,410,461,1397098,8555,156847,3251400
758,476,415,1396622,8616,157262,3190500
759,466,459,1396156,8623,157721,3376900
760,408,414,1395748,8617,158135,3277000
761,470,408,1395278,8679,158543,3229000
762,438,412,1394840,8705,158955,3418400
763,434,481,1394406,8658,159436,3242800
764,389,410,1394017,8637,159846,3311100
765,443,442,1393574,8638,160288,3328300
766,464,450,1393110,8652,160738,3339400
767,472,409,1392638,8715,161147,3489800
768,451,474,1392187,8692,161621,3172800
769,424,435,1391763,8681,162056,3404600
770,426,437,1391337,8670,162493,3289000
771,425,425,1390912,8670,162918,3331300
772,460,422,1390452,8708,163340,3390500
773,458,436,1389994,8730,163776,3800800
774,438,461,1389556,8707,164237,3416900
775,433,462,1389123,8678,164699,3399800
776,437,449,1388686,8666,165148,3108300
777,422,416,1388264,8672,165564,3451000
778,426,444,1387838,8654,166008,3275900
779,419,461,1387419,8612,166469,3246700
780,481,465,1386938,8628,166934,3186100
781,452,450,1386486,8630,167384,3279600
782,444,430,1386042,8644,167814,3402700
783,442,462,1385600,8624,168276,3229200
784,427,425,1385173,8626,168701,3367500
785,420,434,1384753,8612,169135,3284500
786,453,392,1384300,8673,169527,3121700
787,446,443,1383854,8676,169970,3229900
788,452,421,1383402,8707,170391,3132400
789,427,436,1382975,8698,170827,3171600
790,465,450,1382510,8713,171277,3343100
791,479,444,1382031,8748,171721,3326600
792,445,433,1381586,8760,172154,3574700
793,457,460,1381129,8757,172614,3257500
794,455,423,1380674,8789,173037,3261100
795,441,431,1380233,8799,173468,3235800
796,491,421,1379742,8869,173889,3430500
797,480,446,1379262,8903,174335,3495100
798,453,457,1378809,8899,174792,3311800
799,470,437,1378339,8932,175229,3651900
800,472,482,1377867,8922,175711,3550600
801,452,476,1377415,8898,176187,3328600
802,478,431,1376937,8945,176618,3262800
803,476,459,1376461,8962,177077,3161300
804,456,455,1376005,8963,177532,3261900
805,463,435,1375542,8991,177967,3511500
806,474,443,1375068,9022,178410,3458100
807,478,475,1374590,9025,178885,3213300
808,500,442,1374090,9083,179327,3438500
809,472,452,1373618,9103,179779,3080900
810,479,457,1373139,9125,180236,3423400
811,512,479,1372627,9158,180715,3742700
812,494,447,1372133,9205,181162,3224100
813,468,444,1371665,9229,181606,3195000
814,496,463,1371169,9262,182069,3227000
815,460,473,1370709,9249,182542,3482000
816,427,443,1370282,9233,182985,3061000
817,463,470,1369819,9226,183455,3196500
818,506,480,1369313,9252,183935,3179100
819,476,449,1368837,9279,184384,3171300
820,479,467,1368358,9291,184851,3391900
821,475,491,1367883,9275,185342,3069300
822,495,438,1367388,9332,185780,3264300
823,524,443,1366864,9413,186223,3045700
824,474,468,1366390,9419,186691,3226400
825,483,452,1365907,9450,187143,3599700
826,456,473,1365451,9433,187616,3096800
827,491,477,1364960,9447,188093,3264100
828,485,516,1364475,9416,188609,3213800
829,466,494,1364009,9388,189103,3423100
830,476,501,1363533,9363,189604,3411100
831,473,454,1363060,9382,190058,3253700
832,485,450,1362575,9417,190508,3175200
833,498,461,1362077,9454,190969,3266600
834,490,527,1361587,9417,191496,3352100
835,523,492,1361064,9448,191988,3204500
836,489,446,1360575,9491,192434,3282100
837,468,475,1360107,9484,192909,3546300
838,516,467,1359591,9533,193376,3281700
839,503,484,1359088,9552,193860,3251300
840,523,493,1358565,9582,194353,3093600
841,497,460,1358068,9619,194813,3210200
842,512,466,1357556,9665,195279,3434300
843,502,454,1357054,9713,195733,3096800
844,518,493,1356536,9738,196226,3276500
845,507,496,1356029,9749,196722,3081300
846,506,474,1355523,9781,197196,3195100
847,494,407,1355029,9868,197603,3445000
848,479,525,1354550,9822,198128,3188900
849,505,489,1354045,9838,198617,3449700
850,504,540,1353541,9802,199157,3153500
851,471,505,1353070,9768,199662,3163000
852,557,496,1352513,9829,200158,3243400
853,494,475,1352019,9848,200633,3144200
854,512,492,1351507,9868,201125,3374300
855,503,484,1351004,9887,201609,3226900
856,503,503,1350501,9887,202112,3364100
857,473,463,1350028,9897,202575,3373600
858,499,505,1349529,9891,203080,3362900
859,477,481,1349052,9887,203561,3180600
860,499,475,1348553,9911,204036,3071200
861,482,513,1348071,9880,204549,3280600
862,484,477,1347587,9887,205026,3370400
863,526,490,1347061,9923,205516,3223400
864,519,458,1346542,9984,205974,3192000
865,507,487,1346035,10004,206461,3213900
866,451,492,1345584,9963,206953,3312600
867,517,503,1345067,9977,207456,3068600
868,513,475,1344554,10015,207931,3487200
869,495,503,1344059,10007,208434,3076700
870,509,494,1343550,10022,208928,3134300
871,535,457,1343015,10100,209385,3376300
872,520,515,1342495,10105,209900,3136500
873,492,510,1342003,10087,210410,3247200
874,513,502,1341490,10098,210912,3200700
875,488,473,1341002,10113,211385,3311800
876,537,501,1340465,10149,211886,3376500
877,509,499,1339956,10159,212385,3210400
878,510,518,1339446,10151,212903,3252700
879,482,476,1338964,10157,213379,3289300
880,449,501,1338515,10105,213880,3167400
881,529,550,1337986,10084,214430,3409800
882,534,524,1337452,10094,214954,3143800
883,501,484,1336951,10111,215438,3158800
884,477,524,1336474,10064,215962,3048400
885,544,470,1335930,10138,216432,3364500
886,501,525,1335429,10114,216957,3367100
887,532,510,1334897,10136,217467,3136700
888,477,482,1334420,10131,217949,3423400
889,476,502,1333944,10105,218451,3094400
890,505,513,1333439,10097,218964,3306200
891,474,483,1332965,10088,219447,3225100
892,462,533,1332503,10017,219980,3082100
893,487,499,1332016,10005,220479,3459900
894,464,513,1331552,9956,220992,3163000
895,477,497,1331075,9936,221489,3396900
896,475,492,1330600,9919,221981,3195800
897,481,554,1330119,9846,222535,3168100
898,499,478,1329620,9867,223013,3321300
899,473,476,1329147,9864,223489,3203800
900,477,508,1328670,9833,223997,3457300
901,461,504,1328209,9790,224501,3293200
902,459,518,1327750,9731,225019,3273000
903,479,510,1327271,9700,225529,3187300
904,468,506,1326803,9662,226035,3177800
905,484,493,1326319,9653,226528,3413000
906,491,454,1325828,9690,226982,3319600
907,482,485,1325346,9687,227467,3293500
908,495,484,1324851,9698,227951,3201300
909,474,520,1324377,9652,228471,3329700
910,463,506,1323914,9609,228977,3285000
911,500,506,1323414,9603,229483,3206800
912,482,476,1322932,9609,229959,3408400
913,464,496,1322468,9577,230455,3173400
914,517,491,1321951,9603,230946,3111100
915,520,465,1321431,9658,231411,3307100
916,479,447,1320952,9690,231858,3124900
917,494,450,1320458,9734,232308,3335100
918,491,449,1319967,9776,232757,3296300
919,480,475,1319487,9781,233232,3387100
920,527,521,1318960,9787,233753,3443800
921,517,494,1318443,9810,234247,3251400
922,494,496,1317949,9808,234743,3398100
923,478,486,1317471,9800,235229,3393400
924,485,505,1316986,9780,235734,3158900
925,486,491,1316500,9775,236225,3368800
926,483,506,1316017,9752,236731,3126700
927,470,500,1315547,9722,237231,3344700
928,491,520,1315056,9693,237751,3281300
929,465,482,1314591,9676,238233,3768300
930,470,507,1314121,9639,238740,3285000
931,470,488,1313651,9621,239228,3097100
932,484,480,1313167,9625,239708,3425400
933,481,507,1312686,9599,240215,3130500
934,516,447,1312170,9668,240662,3127000
935,494,485,1311676,9677,241147,3365500
936,468,480,1311208,9665,241627,3125600
937,524,511,1310684,9678,242138,3460200
938,516,478,1310168,9716,242616,3099200
939,487,475,1309681,9728,243091,3292100
940,467,470,1309214,9725,243561,3031600
941,507,483,1308707,9749,244044,3091700
942,522,503,1308185,9768,244547,3468900
943,492,489,1307693,9771,245036,3219500
944,452,525,1307241,9698,245561,3538200
945,489,456,1306752,9731,246017,3438900
946,507,466,1306245,9772,246483,3233500
947,498,473,1305747,9797,246956,3538800
948,481,494,1305266,9784,247450,3106800
949,488,447,1304778,9825,247897,3414700
950,498,505,1304280,9818,248402,3291700
951,490,459,1303790,9849,248861,3284300
952,509,504,1303281,9854,249365,3594200
953,525,481,1302756,9898,249846,3234900
954,498,521,1302258,9875,250367,3374600
955,500,438,1301758,9937,250805,3269300
956,517,486,1301241,9968,251291,3255900
957,542,516,1300699,9994,251807,3383600
958,489,500,1300210,9983,252307,3327300
959,489,454,1299721,10018,252761,3169000
960,493,528,1299228,9983,253289,3204000
961,503,534,1298725,9952,253823,3264200
962,518,476,1298207,9994,254299,3359900
963,503,502,1297704,9995,254801,3362200
964,502,469,1297202,10028,255270,3254600
965,497,512,1296705,10013,255782,3248100
966,472,474,1296233,10011,256256,3200300
967,483,475,1295750,10019,256731,3143000
968,506,455,1295244,10070,257186,3236400
969,478,496,1294766,10052,257682,3530100
970,500,496,1294266,10056,258178,3344300
971,488,538,1293778,10006,258716,3248100
972,508,489,1293270,10025,259205,3302200
973,485,475,1292785,10035,259680,3068500
974,500,523,1292285,10012,260203,3324100
975,518,526,1291767,10004,260729,3162000
976,485,496,1291282,9993,261225,3289900
977,511,528,1290771,9976,261753,3247000
978,494,466,1290277,10004,262219,3076200
979,482,521,1289795,9965,262740,3287500
980,435,487,1289360,9913,263227,3166400
981,506,476,1288854,9943,263703,3385200
982,449,497,1288405,9895,264200,3098500
983,462,496,1287943,9861,264696,3170900
984,505,469,1287438,9897,265165,3208800
985,484,497,1286954,9884,265662,3273200
986,412,507,1286542,9789,266169,3442900
987,441,491,1286101,9739,266660,3179600
988,451,486,1285650,9704,267146,3367800
989,451,480,1285199,9675,267626,3137400
990,435,503,1284764,9607,268129,3132300
991,411,477,1284353,9541,268606,3309100
992,458,488,1283895,9511,269094,3183800
993,446,470,1283449,9487,269564,3445500
994,476,472,1282973,9491,270036,3296200
995,446,420,1282527,9517,270456,3353600
996,428,426,1282099,9519,270882,3252700
997,465,487,1281634,9497,271369,3205200
998,463,508,1281171,9452,271877,3623700
999,457,467,1280714,9442,272344,3211800
1000,457,487,1280257,9412,272831,3103600
1001,485,503,1279772,9394,273334,3412500
1002,505,465,1279267,9434,273799,3149600
1003,483,478,1278784,9439,274277,3490800
1004,463,439,1278321,9463,274716,3242600
1005,467,479,1277854,9451,275195,3258500
1006,495,430,1277359,9516,275625,3143300
1007,437,438,1276922,9515,276063,3053100
1008,470,437,1276452,9548,276500,3275100
1009,483,451,1275969,9580,276951,3215700
1010,452,493,1275517,9539,277444,3202300
1011,459,444,1275058,9554,277888,3159100
1012,436,474,1274622,9516,278362,3152300
1013,477,456,1274145,9537,278818,3343500
1014,465,472,1273680,9530,279290,3153800
1015,484,479,1273196,9535,279769,3318900
1016,502,468,1272694,9569,280237,3269900
1017,461,522,1272233,9508,280759,3094200
1018,450,484,1271783,9474,281243,3062900
1019,470,462,1271313,9482,281705,3198800
1020,446,493,1270867,9435,282198,3175000
1021,469,484,1270398,9420,282682,3202400
1022,456,459,1269942,9417,283141,3319300
1023,498,462,1269444,9453,283603,3146200
1024,457,482,1268987,9428,284085,3110800
1025,505,482,1268482,9451,284567,3467900
1026,495,466,1267987,9480,285033,3173700
1027,446,478,1267541,9448,285511,3285600
1028,500,450,1267041,9498,285961,3163000
1029,509,448,1266532,9559,286409,3136400
1030,492,485,1266040,9566,286894,3263300
1031,451,481,1265589,9536,287375,3090800
1032,511,443,1265078,9604,287818,3364800
1033,470,482,1264608,9592,288300,3208300
1034,474,444,1264134,9622,288744,3377600
1035,501,471,1263633,9652,289215,3014000
1036,468,445,1263165,9675,289660,3286200
1037,491,451,1262674,9715,290111,3218800
1038,452,478,1262222,9689,290589,3236500
1039,489,496,1261733,9682,291085,3486600
1040,456,465,1261277,9673,291550,3210600
1041,470,455,1260807,9688,292005,3194500
1042,447,532,1260360,9603,292537,3206300
1043,456,488,1259904,9571,293025,3320600
1044,495,500,1259409,9566,293525,3269700
1045,474,458,1258935,9582,293983,3169900
1046,487,430,1258448,9639,294413,3200500
1047,459,457,1257989,9641,294870,3088700
1048,466,496,1257523,9611,295366,3088300
1049,466,499,1257057,9578,295865,3490800
1050,460,469,1256597,9569,296334,3142400
1051,472,459,1256125,9582,296793,3370400
1052,482,453,1255643,9611,297246,3124600
1053,501,490,1255142,9622,297736,3188400
1054,432,493,1254710,9561,298229,3076600
1055,470,468,1254240,9563,298697,3365200
1056,452,450,1253788,9565,299147,3292600
1057,453,488,1253335,9530,299635,3245500
1058,455,502,1252880,9483,300137,3245800
1059,447,462,1252433,9468,300599,3236700
1060,466,449,1251967,9485,301048,3097200
1061,460,510,1251507,9435,301558,3340300
1062,442,459,1251065,9418,302017,3359700
1063,467,457,1250598,9428,302474,3331200
1064,494,499,1250104,9423,302973,3348800
1065,439,488,1249665,9374,303461,3163200
1066,437,488,1249228,9323,303949,3241800
1067,501,476,1248727,9348,304425,3305500
1068,490,459,1248237,9379,304884,3319200
1069,411,460,1247826,9330,305344,3210900
1070,454,485,1247372,9299,305829,3419700
1071,454,477,1246918,9276,306306,3270300
1072,449,436,1246469,9289,306742,3159400
1073,421,473,1246048,9237,307215,3411800
1074,429,459,1245619,9207,307674,3108500
1075,437,481,1245182,9163,308155,3335600
1076,461,459,1244721,9165,308614,3183400
1077,420,459,1244301,9126,309073,3199900
1078,468,433,1243833,9161,309506,3249200
1079,453,458,1243380,9156,309964,3225600
1080,446,495,1242934,9107,310459,3234700
1081,451,455,1242483,9103,310914,3161200
1082,509,479,1241974,9133,311393,3271300
1083,449,466,1241525,9116,311859,3043400
1084,468,466,1241057,9118,312325,3132400
1085,495,479,1240562,9134,312804,3454700
1086,426,455,1240136,9105,313259,3310600
1087,507,408,1239629,9204,313667,3120100
1088,480,447,1239149,9237,314114,3117400
1089,410,459,1238739,9188,314573,3467700
1090,469,443,1238270,9214,315016,3152500
1091,475,426,1237795,9263,315442,3143600
1092,490,442,1237305,9311,315884,3203100
1093,477,464,1236828,9324,316348,3267500
1094,446,510,1236382,9260,316858,3249500
1095,446,469,1235936,9237,317327,3171600
1096,480,480,1235456,9237,317807,3301600
1097,463,480,1234993,9220,318287,3522100
1098,460,469,1234533,9211,318756,3407400
1099,462,460,1234071,9213,319216,3393600
1100,430,442,1233641,9201,319658,3437400
1101,449,469,1233192,9181,320127,3194000
1102,468,448,1232724,9201,320575,3558500
1103,451,464,1232273,9188,321039,3574000
1104,443,479,1231830,9152,321518,3545400
1105,443,497,1231387,9098,322015,3465400
1106,444,451,1230943,9091,322466,3312700
1107,468,453,1230475,9106,322919,3425800
1108,429,446,1230046,9089,323365,3170000
1109,428,468,1229618,9049,323833,3105300
1110,463,451,1229155,9061,324284,3288900
1111,474,428,1228681,9107,324712,3180800
1112,441,469,1228240,9079,325181,3322900
1113,438,452,1227802,9065,325633,3369100
1114,459,483,1227343,9041,326116,3260400
1115,469,479,1226874,9031,326595,3321500
1116,449,469,1226425,9011,327064,3150100
1117,457,411,1225968,9057,327475,3338600
1118,486,486,1225482,9057,327961,3053800
1119,474,423,1225008,9108,328384,3162800
1120,460,433,1224548,9135,328817,3167800
1121,495,453,1224053,9177,329270,3121000
1122,467,473,1223586,9171,329743,3259700
1123,458,457,1223128,9172,330200,3211800
1124,464,474,1222664,9162,330674,3342700
1125,445,463,1222219,9144,331137,3093000
1126,465,457,1221754,9152,331594,3334400
1127,385,443,1221369,9094,332037,3519900
1128,483,447,1220886,9130,332484,3276600
1129,455,475,1220431,9110,332959,3384900
1130,426,473,1220005,9063,333432,3101900
1131,468,444,1219537,9087,333876,3312200
1132,434,468,1219103,9053,334344,3231000
1133,450,444,1218653,9059,334788,3158500
1134,450,460,1218203,9049,335248,3377200
1135,477,460,1217726,9066,335708,3201100
1136,482,461,1217244,9087,336169,3122500
1137,439,473,1216805,9053,336642,3164400
1138,481,465,1216324,9069,337107,3318700
1139,484,508,1215840,9045,337615,3355300
1140,460,495,1215380,9010,338110,3265600
1141,453,426,1214927,9037,338536,3529900
1142,479,481,1214448,9035,339017,3508000
1143,469,435,1213979,9069,339452,3271500
1144,467,432,1213512,9104,339884,3280900
1145,476,470,1213036,9110,340354,3231400
1146,466,439,1212570,9137,340793,3275100
1147,451,404,1212119,9184,341197,3450400
1148,500,469,1211619,9215,341666,3268700
1149,470,478,1211149,9207,342144,3357600
1150,434,459,1210715,9182,342603,3218300
1151,503,435,1210212,9250,343038,3261300
1152,449,443,1209763,9256,343481,3168800
1153,483,469,1209280,9270,343950,3404000
1154,493,480,1208787,9283,344430,3356000
1155,475,471,1208312,9287,344901,3176000
1156,469,473,1207843,9283,345374,3643500
1157,468,439,1207375,9312,345813,3126700
1158,473,489,1206902,9296,346302,3229500
1159,469,469,1206433,9296,346771,3482900
1160,476,420,1205957,9352,347191,3341600
1161,466,467,1205491,9351,347658,3250800
1162,495,484,1204996,9362,348142,3127800
1163,498,482,1204498,9378,348624,3273200
1164,445,461,1204053,9362,349085,3287000
1165,449,480,1203604,9331,349565,3581900
1166,448,428,1203156,9351,349993,3387200
1167,491,473,1202665,9369,350466,3228400
1168,454,420,1202211,9403,350886,3125500
1169,496,482,1201715,9417,351368,3151000
1170,469,476,1201246,9410,351844,3148600
1171,489,481,1200757,9418,352325,3318400
1172,456,489,1200301,9385,352814,3667000
1173,434,471,1199867,9348,353285,3369000
1174,481,487,1199386,9342,353772,3193400
1175,487,495,1198899,9334,354267,3429000
1176,474,487,1198425,9321,354754,3376800
1177,475,444,1197950,9352,355198,3159100
1178,505,445,1197445,9412,355643,3376500
1179,475,479,1196970,9408,356122,3179400
1180,466,455,1196504,9419,356577,3139600
1181,490,432,1196014,9477,357009,3482700
1182,450,477,1195564,9450,357486,3786600
1183,510,468,1195054,9492,357954,3264000
1184,481,474,1194573,9499,358428,3506600
1185,452,473,1194121,9478,358901,3302600
1186,481,455,1193640,9504,359356,3141200
1187,504,453,1193136,9555,359809,3036400
1188,468,485,1192668,9538,360294,3358200
1189,451,515,1192217,9474,360809,3489800
1190,473,470,1191744,9477,361279,3167100
1191,471,452,1191273,9496,361731,3254500
1192,474,465,1190799,9505,362196,3057900
1193,428,499,1190371,9434,362695,3358000
1194,483,508,1189888,9409,363203,3652500
1195,470,429,1189418,9450,363632,3239600
1196,458,473,1188960,9435,364105,3333000
1197,472,426,1188488,9481,364531,3135100
1198,450,431,1188038,9500,364962,3249300
1199,473,500,1187565,9473,365462,3422300
1200,443,489,1187122,9427,365951,3163600
1201,467,438,1186655,9456,366389,3178400
1202,462,480,1186193,9438,366869,3114400
1203,467,503,1185726,9402,367372,3251900
1204,472,464,1185254,9410,367836,3274300
1205,495,466,1184759,9439,368302,3129200
1206,481,505,1184278,9415,368807,3733400
1207,457,485,1183821,9387,369292,3230100
1208,470,480,1183351,9377,369772,3213500
1209,470,486,1182881,9361,370258,3415800
1210,465,484,1182416,9342,370742,3302300
1211,509,478,1181907,9373,371220,3368400
1212,483,462,1181424,9394,371682,3349200
1213,459,449,1180965,9404,372131,3659200
1214,434,463,1180531,9375,372594,5524700
1215,474,436,1180057,9413,373030,4569900
1216,470,446,1179587,9437,373476,4056300
1217,490,469,1179097,9458,373945,4438500
1218,531,499,1178566,9490,374444,4209000
1219,498,473,1178068,9515,374917,3569400
1220,472,509,1177596,9478,375426,3234300
1221,463,432,1177133,9509,375858,3579100
1222,440,485,1176693,9464,376343,4371700
1223,470,512,1176223,9422,376855,3499500
1224,512,482,1175711,9452,377337,3440700
1225,455,475,1175256,9432,377812,3274100
1226,486,456,1174770,9462,378268,3203200
1227,483,499,1174287,9446,378767,3395800
1228,483,506,1173804,9423,379273,3323500
1229,471,471,1173333,9423,379744,3128900
1230,477,453,1172856,9447,380197,3483300
1231,462,491,1172394,9418,380688,3504300
1232,458,466,1171936,9410,381154,3333200
1233,451,487,1171485,9374,381641,3157600
1234,480,465,1171005,9389,382106,3175500
1235,430,440,1170575,9379,382546,3431100
1236,464,463,1170111,9380,383009,3116200
1237,429,437,1169682,9372,383446,3387700
1238,472,440,1169210,9404,383886,3381400
1239,460,469,1168750,9395,384355,3419200
1240,449,450,1168301,9394,384805,3278000
1241,504,454,1167797,9444,385259,3174800
1242,425,477,1167372,9392,385736,3162000
1243,476,474,1166896,9394,386210,3044100
1244,443,479,1166453,9358,386689,3151400
1245,441,485,1166012,9314,387174,3314200
1246,465,455,1165547,9324,387629,3315000
1247,438,452,1165109,9310,388081,3321700
1248,465,486,1164644,9289,388567,3191600
1249,440,454,1164204,9275,389021,3223700
1250,446,454,1163758,9267,389475,3191400
1251,464,467,1163294,9264,389942,3177800
1252,435,472,1162859,9227,390414,3172400
1253,437,477,1162422,9187,390891,3160600
1254,460,472,1161962,9175,391363,3487500
1255,436,422,1161526,9189,391785,3087700
1256,455,433,1161071,9211,392218,3273700
1257,464,461,1160607,9214,392679,3276000
1258,452,455,1160155,9211,393134,3272500
1259,447,480,1159708,9178,393614,3410700
1260,449,446,1159259,9181,394060,3235300
1261,442,452,1158817,9171,394512,3413000
1262,460,440,1158357,9191,394952,3324200
1263,461,432,1157896,9220,395384,3125400
1264,477,469,1157419,9228,395853,3480400
1265,424,458,1156995,9194,396311,3239500
1266,449,454,1156546,9189,396765,3254400
1267,476,452,1156070,9213,397217,3310000
1268,454,457,1155616,9210,397674,3262500
1269,487,443,1155129,9254,398117,3362300
1270,465,473,1154664,9246,398590,3203200
1271,471,477,1154193,9240,399067,3186800
1272,452,455,1153741,9237,399522,3590500
1273,450,424,1153291,9263,399946,3255100
1274,476,457,1152815,9282,400403,3333000
1275,431,433,1152384,9280,400836,3258800
1276,463,457,1151921,9286,401293,3341100
1277,453,453,1151468,9286,401746,3317400
1278,479,455,1150989,9310,402201,3365100
1279,481,492,1150508,9299,402693,3178700
1280,445,432,1150063,9312,403125,3406800
1281,451,458,1149612,9305,403583,3480300
1282,458,477,1149154,9286,404060,3138100
1283,465,459,1148689,9292,404519,3437900
1284,447,494,1148242,9245,405013,3413500
1285,470,416,1147772,9299,405429,3168300
1286,511,450,1147261,9360,405879,3433600
1287,501,511,1146760,9350,406390,3335200
1288,479,471,1146281,9358,406861,3263700
1289,488,481,1145793,9365,407342,3301900
1290,470,422,1145323,9413,407764,3386100
1291,453,457,1144870,9409,408221,3310500
1292,464,487,1144406,9386,408708,3229100
1293,473,471,1143933,9388,409179,3141700
1294,468,464,1143465,9392,409643,3347900
1295,455,485,1143010,9362,410128,3252700
1296,464,482,1142546,9344,410610,3576900
1297,469,461,1142077,9352,411071,3178800
1298,429,449,1141648,9332,411520,3250700
1299,467,495,1141181,9304,412015,3385200
1300,462,486,1140719,9280,412501,3153300
1301,456,463,1140263,9273,412964,3223100
1302,464,468,1139799,9269,413432,3256900
1303,441,473,1139358,9237,413905,3440800
1304,471,466,1138887,9242,414371,3499700
1305,433,465,1138454,9210,414836,3440100
1306,423,476,1138031,9157,415312,3306100
1307,439,438,1137592,9158,415750,3416900
1308,461,437,1137131,9182,416187,3449500
1309,461,488,1136670,9155,416675,3522100
1310,471,407,1136199,9219,417082,3173100
1311,447,501,1135752,9165,417583,3231700
1312,441,431,1135311,9175,418014,3260700
1313,462,467,1134849,9170,418481,3294300
1314,460,457,1134389,9173,418938,3396200
1315,438,458,1133951,9153,419396,3138500
1316,457,455,1133494,9155,419851,3443200
1317,430,445,1133064,9140,420296,3288900
1318,482,446,1132582,9176,420742,3387500
1319,485,395,1132097,9266,421137,3354700
1320,424,454,1131673,9236,421591,3136300
1321,457,480,1131216,9213,422071,3242200
1322,453,454,1130763,9212,422525,3071500
1323,456,446,1130307,9222,422971,3459000
1324,432,451,1129875,9203,423422,3307400
1325,463,483,1129412,9183,423905,3297200
1326,457,496,1128955,9144,424401,3399600
1327,450,474,1128505,9120,424875,3260900
1328,446,470,1128059,9096,425345,3524700
1329,434,464,1127625,9066,425809,3222700
1330,472,435,1127153,9103,426244,3202100
1331,460,455,1126693,9108,426699,3463300
1332,456,474,1126237,9090,427173,3105600
1333,473,442,1125764,9121,427615,3378100
1334,438,446,1125326,9113,428061,3309500
1335,470,487,1124856,9096,428548,3204200
1336,467,450,1124389,9113,428998,3292700
1337,492,459,1123897,9146,429457,3579000
1338,488,463,1123409,9171,429920,3116800
1339,479,469,1122930,9181,430389,3390700
1340,441,450,1122489,9172,430839,3318000
1341,482,444,1122007,9210,431283,3429000
1342,433,495,1121574,9148,431778,3175600
1343,441,481,1121133,9108,432259,3269900
1344,450,452,1120683,9106,432711,3461600
1345,482,469,1120201,9119,433180,3385300
1346,448,469,1119753,9098,433649,3204300
1347,475,465,1119278,9108,434114,3276400
1348,442,469,1118836,9081,434583,3199900
1349,472,443,1118364,9110,435026,3477300
1350,447,462,1117917,9095,435488,3201000
1351,458,459,1117459,9094,435947,3496300
1352,460,478,1116999,9076,436425,3201400
1353,439,448,1116560,9067,436873,3321100
1354,480,449,1116080,9098,437322,3201700
1355,415,457,1115665,9056,437779,3123700
1356,471,471,1115194,9056,438250,3322000
1357,498,447,1114696,9107,438697,3073800
1358,450,473,1114246,9084,439170,3271800
1359,433,460,1113813,9057,439630,3189500
1360,499,477,1113314,9079,440107,3238200
1361,434,426,1112880,9087,440533,3232900
1362,466,482,1112414,9071,441015,3223000
1363,455,437,1111959,9089,441452,3424200
1364,431,465,1111528,9055,441917,3426300
1365,490,446,1111038,9099,442363,3130000
1366,452,471,1110586,9080,442834,3101400
1367,447,437,1110139,9090,443271,3148200
1368,452,457,1109687,9085,443728,3306400
1369,498,446,1109189,9137,444174,3187000
1370,442,483,1108747,9096,444657,3201000
1371,458,429,1108289,9125,445086,3090600
1372,435,431,1107854,9129,445517,3306900
1373,438,475,1107416,9092,445992,3411000
1374,460,424,1106956,9128,446416,3148600
1375,450,487,1106506,9091,446903,3437000
1376,439,469,1106067,9061,447372,3290900
1377,458,496,1105609,9023,447868,3237200
1378,463,413,1105146,9073,448281,3480500
1379,449,470,1104697,9052,448751,3305600
1380,498,435,1104199,9115,449186,3466800
1381,481,461,1103718,9135,449647,3233500
1382,495,430,1103223,9200,450077,3229600
1383,458,456,1102765,9202,450533,3292200
1384,488,426,1102277,9264,450959,3246900
1385,416,466,1101861,9214,451425,3607400
1386,458,426,1101403,9246,451851,3066300
1387,433,437,1100970,9242,452288,3227700
1388,440,465,1100530,9217,452753,3276300
1389,438,469,1100092,9186,453222,3117200
1390,443,443,1099649,9186,453665,3182400
1391,464,467,1099185,9183,454132,3136900
1392,484,452,1098701,9215,454584,3371700
1393,463,433,1098238,9245,455017,3735100
1394,448,457,1097790,9236,455474,3093900
1395,454,477,1097336,9213,455951,3244900
1396,465,465,1096871,9213,456416,3428700
1397,493,463,1096378,9243,456879,3273800
1398,404,529,1095974,9118,457408,3070300
1399,461,471,1095513,9108,457879,3208000
1400,450,459,1095063,9099,458338,3487000
1401,442,442,1094621,9099,458780,3199100
1402,483,479,1094138,9103,459259,3365500
1403,428,424,1093710,9107,459683,3109500
1404,478,458,1093232,9127,460141,3126800
1405,469,495,1092763,9101,460636,3154800
1406,438,464,1092325,9075,461100,3368500
1407,479,431,1091846,9123,461531,3729100
1408,452,473,1091394,9102,462004,3765300
1409,458,475,1090936,9085,462479,3386000
1410,454,459,1090482,9080,462938,3656500
1411,468,460,1090014,9088,463398,3565900
1412,482,450,1089532,9120,463848,3392400
1413,455,413,1089077,9162,464261,3406700
1414,472,437,1088605,9197,464698,3130800
1415,457,432,1088148,9222,465130,3227300
1416,458,441,1087690,9239,465571,3343300
1417,458,469,1087232,9228,466040,3145600
1418,474,444,1086758,9258,466484,3384700
1419,428,468,1086330,9218,466952,3129200
1420,458,468,1085872,9208,467420,3412900
1421,425,446,1085447,9187,467866,3213700
1422,422,486,1085025,9123,468352,3126600
1423,434,454,1084591,9103,468806,3334100
1424,459,454,1084132,9108,469260,3302800
1425,475,450,1083657,9133,469710,3456500
1426,450,455,1083207,9128,470165,3224800
1427,426,433,1082781,9121,470598,3116800
1428,470,451,1082311,9140,471049,3259500
1429,471,476,1081840,9135,471525,3296100
1430,470,422,1081370,9183,471947,3603800
1431,430,452,1080940,9161,472399,3323100
1432,494,491,1080446,9164,472890,3244300
1433,450,454,1079996,9160,473344,3226300
1434,465,476,1079531,9149,473820,3364700
1435,445,451,1079086,9143,474271,3311600
1436,474,444,1078612,9173,474715,3126500
1437,470,472,1078142,9171,475187,3271300
1438,475,443,1077667,9203,475630,3245700
1439,480,467,1077187,9216,476097,3203500
1440,446,470,1076741,9192,476567,3260400
1441,470,453,1076271,9209,477020,3089200
1442,435,447,1075836,9197,477467,3293100
1443,444,468,1075392,9173,477935,3244600
1444,455,454,1074937,9174,478389,3236100
1445,432,472,1074505,9134,478861,3300600
1446,451,479,1074054,9106,479340,3299000
1447,462,457,1073592,9111,479797,3697200
1448,425,439,1073167,9097,480236,3231200
1449,471,448,1072696,9120,480684,3270900
1450,438,430,1072258,9128,481114,3250600
1451,481,444,1071777,9165,481558,3121700
1452,456,475,1071321,9146,482033,3452900
1453,458,467,1070863,9137,482500,3188600
1454,497,451,1070366,9183,482951,3331200
1455,477,440,1069889,9220,483391,3357400
1456,467,450,1069422,9237,483841,3157400
1457,438,478,1068984,9197,484319,3424100
1458,466,509,1068518,9154,484828,3237900
1459,419,472,1068099,9101,485300,3262100
1460,450,425,1067649,9126,485725,3196300
1461,431,444,1067218,9113,486169,3222000
1462,441,481,1066777,9073,486650,3728900
1463,436,411,1066341,9098,487061,3134600
1464,401,461,1065940,9038,487522,3235300
1465,427,445,1065513,9020,487967,3151100
1466,467,452,1065046,9035,488419,3221000
1467,418,462,1064628,8991,488881,3207300
1468,447,457,1064181,8981,489338,3205600
1469,475,485,1063706,8971,489823,3125700
1470,485,449,1063221,9007,490272,3147100
1471,458,436,1062763,9029,490708,3208000
1472,451,455,1062312,9025,491163,3286900
1473,465,461,1061847,9029,491624,3152200
1474,419,428,1061428,9020,492052,3316100
1475,466,452,1060962,9034,492504,3159600
1476,466,469,1060496,9031,492973,3187300
1477,482,457,1060014,9056,493430,3163100
1478,440,447,1059574,9049,493877,3237000
1479,451,504,1059123,8996,494381,3435900
1480,452,443,1058671,9005,494824,3125500
1481,447,431,1058224,9021,495255,3172500
1482,435,446,1057789,9010,495701,3182300
1483,437,447,1057352,9000,496148,3429600
1484,450,420,1056902,9030,496568,3624600
1485,403,429,1056499,9004,496997,3275900
1486,426,522,1056073,8908,497519,3569300
1487,441,429,1055632,8920,497948,3398800
1488,455,436,1055177,8939,498384,3299900
1489,436,439,1054741,8936,498823,3361400
1490,440,441,1054301,8935,499264,3411800
1491,441,434,1053860,8942,499698,3309200
1492,462,441,1053398,8963,500139,3323500
1493,444,445,1052954,8962,500584,3124900
1494,451,455,1052503,8958,501039,3461300
1495,468,415,1052035,9011,501454,3097700
1496,423,402,1051612,9032,501856,3313700
1497,475,479,1051137,9028,502335,3411000
1498,468,443,1050669,9053,502778,3223100
1499,498,451,1050171,9100,503229,3381600
1500,483,438,1049688,9145,503667,3300000
1501,471,453,1049217,9163,504120,3371900
1502,465,439,1048752,9189,504559,3102300
1503,461,447,1048291,9203,505006,3278200
1504,473,468,1047818,9208,505474,3383900
1505,465,465,1047353,9208,505939,3180200
1506,460,479,1046893,9189,506418,3474400
1507,503,450,1046390,9242,506868,3219800
1508,464,456,1045926,9250,507324,3285500
1509,471,405,1045455,9316,507729,3380200
1510,475,501,1044980,9290,508230,3271600
1511,456,457,1044524,9289,508687,3476600
1512,462,494,1044062,9257,509181,3128900
1513,478,432,1043584,9303,509613,3217400
1514,494,454,1043090,9343,510067,3344800
1515,477,499,1042613,9321,510566,3143400
1516,439,480,1042174,9280,511046,3541300
1517,460,443,1041714,9297,511489,3138300
1518,476,456,1041238,9317,511945,3774800
1519,468,454,1040770,9331,512399,3338800
1520,513,480,1040257,9364,512879,3160300
1521,416,442,1039841,9338,513321,3318200
1522,480,433,1039361,9385,513754,3427100
1523,489,451,1038872,9423,514205,3194600
1524,463,501,1038409,9385,514706,3098200
1525,475,454,1037934,9406,515160,3225600
1526,470,502,1037464,9374,515662,3256400
1527,478,471,1036986,9381,516133,3159800
1528,477,458,1036509,9400,516591,3325000
1529,512,456,1035997,9456,517047,3169000
1530,470,532,1035527,9394,517579,3351300
1531,476,503,1035051,9367,518082,3480000
1532,446,460,1034605,9353,518542,3391500
1533,437,482,1034168,9308,519024,3480100
1534,479,422,1033689,9365,519446,3242000
1535,465,487,1033224,9343,519933,3150800
1536,446,491,1032778,9298,520424,3505600
1537,458,461,1032320,9295,520885,3266100
1538,455,488,1031865,9262,521373,3291100
1539,453,492,1031412,9223,521865,3286800
1540,477,482,1030935,9218,522347,3124500
1541,435,506,1030500,9147,522853,3614200
1542,439,461,1030061,9125,523314,3275600
1543,493,473,1029568,9145,523787,3334500
1544,497,448,1029071,9194,524235,3303800
1545,469,486,1028602,9177,524721,3205100
1546,453,478,1028149,9152,525199,3527300
1547,480,466,1027669,9166,525665,3192200
1548,453,452,1027216,9167,526117,3331700
1549,439,463,1026777,9143,526580,3099800
1550,467,454,1026310,9156,527034,3185300
1551,449,442,1025861,9163,527476,3550700
1552,447,442,1025414,9168,527918,3195700
1553,436,438,1024978,9166,528356,3428500
1554,476,491,1024502,9151,528847,3123200
1555,451,465,1024051,9137,529312,3261500
1556,445,462,1023606,9120,529774,3500300
1557,459,399,1023147,9180,530173,3575600
1558,424,484,1022723,9120,530657,3271400
1559,437,446,1022286,9111,531103,3127900
1560,462,439,1021824,9134,531542,3357600
1561,425,470,1021399,9089,532012,3309600
1562,471,488,1020928,9072,532500,3237200
1563,471,414,1020457,9129,532914,3274700
1564,476,452,1019981,9153,533366,3399900
1565,468,447,1019513,9174,533813,3231300
1566,449,518,1019064,9105,534331,3347500
1567,455,473,1018609,9087,534804,3190800
1568,443,455,1018166,9075,535259,3231300
1569,473,420,1017693,9128,535679,3215300
1570,462,441,1017231,9149,536120,3172700
1571,505,473,1016726,9181,536593,3415100
1572,468,443,1016258,9206,537036,3191500
1573,474,457,1015784,9223,537493,3249400
1574,451,466,1015333,9208,537959,3207200
1575,493,455,1014840,9246,538414,3281500
1576,484,508,1014356,9222,538922,3175900
1577,476,462,1013880,9236,539384,3349900
1578,466,457,1013414,9245,539841,3254800
1579,418,476,1012996,9187,540317,3074100
1580,469,403,1012527,9253,540720,3236100
1581,465,440,1012062,9278,541160,3455100
1582,497,488,1011565,9287,541648,3110600
1583,491,482,1011074,9296,542130,3375800
1584,456,448,1010618,9304,542578,3340500
1585,474,449,1010144,9329,543027,3238700
1586,470,451,1009674,9348,543478,3312100
1587,484,457,1009190,9375,543935,3467600
1588,475,442,1008715,9408,544377,3181200
1589,504,490,1008211,9422,544867,3355500
1590,469,495,1007742,9396,545362,3300500
1591,474,465,1007268,9405,545827,3261200
1592,490,505,1006778,9390,546332,3210800
1593,517,465,1006261,9442,546797,3569500
1594,469,440,1005792,9471,547237,3160100
1595,441,490,1005351,9422,547727,3359500
1596,474,490,1004877,9406,548217,3142000
1597,489,411,1004388,9484,548628,3187900
1598,483,461,1003905,9506,549089,3125000
1599,480,492,1003425,9494,549581,3234300
1600,506,495,1002919,9505,550076,3426100
1601,527,476,1002392,9556,550552,3276300
1602,506,471,1001886,9591,551023,3130500
1603,504,466,1001382,9629,551489,3235300
1604,479,493,1000903,9615,551982,3294100
1605,524,498,1000379,9641,552480,3262400
1606,477,464,999902,9654,552944,3400900
1607,517,481,999385,9690,553425,3359500
1608,492,475,998893,9707,553900,3239100
1609,491,475,998402,9723,554375,3093400
1610,472,471,997930,9724,554846,3151200
1611,479,516,997451,9687,555362,3190500
1612,488,512,996963,9663,555874,3277200
1613,497,477,996466,9683,556351,3170700
1614,471,496,995995,9658,556847,3273800
1615,502,475,995493,9685,557322,3179900
1616,507,452,994986,9740,557774,3158800
1617,512,491,994474,9761,558265,3345000
1618,499,469,993975,9791,558734,3104700
1619,485,504,993490,9772,559238,3190100
1620,512,483,992978,9801,559721,3171500
1621,493,486,992485,9808,560207,3363300
1622,451,494,992034,9765,560701,3437600
1623,467,497,991567,9735,561198,3178900
1624,473,474,991094,9734,561672,3148000
1625,536,483,990558,9787,562155,3196000
1626,519,475,990039,9831,562630,3226500
1627,489,500,989550,9820,563130,3065000
1628,478,447,989072,9851,563577,3179700
1629,500,437,988572,9914,564014,3111600
1630,493,520,988079,9887,564534,3139800
1631,494,470,987585,9911,565004,3144200
1632,499,560,987086,9850,565564,3167700
1633,537,499,986549,9888,566063,3287800
1634,520,499,986029,9909,566562,3208500
1635,496,473,985533,9932,567035,3131800
1636,497,467,985036,9962,567502,3438900
1637,494,518,984542,9938,568020,3199500
1638,490,518,984052,9910,568538,3475400
1639,508,496,983544,9922,569034,3376500
1640,503,491,983041,9934,569525,3123200
1641,492,481,982549,9945,570006,3415600
1642,484,487,982065,9942,570493,3234400
1643,482,460,981583,9964,570953,3581500
1644,505,501,981078,9968,571454,3146100
1645,511,508,980567,9971,571962,3228800
1646,473,504,980094,9940,572466,3598000
1647,510,510,979584,9940,572976,3258700
1648,495,511,979089,9924,573487,3217200
1649,487,505,978602,9906,573992,3088000
1650,476,505,978126,9877,574497,3273700
1651,487,471,977639,9893,574968,3345200
1652,492,496,977147,9889,575464,3235400
1653,429,536,976718,9782,576000,3342300
1654,468,493,976250,9757,576493,3207500
1655,466,480,975784,9743,576973,3778100
1656,448,498,975336,9693,577471,3358600
1657,464,511,974872,9646,577982,3491000
1658,444,465,974428,9625,578447,3531200
1659,456,494,973972,9587,578941,3175500
1660,463,482,973509,9568,579423,3111200
1661,502,467,973007,9603,579890,3305200
1662,504,492,972503,9615,580382,3268500
1663,480,472,972023,9623,580854,3525000
1664,503,483,971520,9643,581337,3870900
1665,524,476,970996,9691,581813,3671200
1666,513,481,970483,9723,582294,3237300
1667,489,448,969994,9764,582742,3074600
1668,515,469,969479,9810,583211,3104600
1669,506,459,968973,9857,583670,3227900
1670,479,507,968494,9829,584177,3131500
1671,488,495,968006,9822,584672,3358700
1672,514,506,967492,9830,585178,3281100
1673,536,522,966956,9844,585700,3161100
1674,515,509,966441,9850,586209,3580300
1675,509,476,965932,9883,586685,3249600
1676,493,489,965439,9887,587174,3489300
1677,470,491,964969,9866,587665,3168100
1678,469,515,964500,9820,588180,3272900
1679,441,498,964059,9763,588678,3357700
1680,471,480,963588,9754,589158,3212500
1681,471,468,963117,9757,589626,3625500
1682,496,464,962621,9789,590090,3125200
1683,475,508,962146,9756,590598,3348300
1684,506,495,961640,9767,591093,3115300
1685,460,504,961180,9723,591597,3198100
1686,474,519,960706,9678,592116,3450200
1687,518,481,960188,9715,592597,3208000
1688,457,507,959731,9665,593104,3440300
1689,501,442,959230,9724,593546,3218800
1690,502,488,958728,9738,594034,3126200
1691,481,481,958247,9738,594515,3376800
1692,512,488,957735,9762,595003,3076100
1693,519,485,957216,9796,595488,3274800
1694,517,492,956699,9821,595980,3280000
1695,518,494,956181,9845,596474,3172700
1696,507,520,955674,9832,596994,3575400
1697,500,477,955174,9855,597471,3217300
1698,494,486,954680,9863,597957,3346900
1699,518,515,954162,9866,598472,3297300
1700,508,465,953654,9909,598937,3211900
1701,487,474,953167,9922,599411,3116400
1702,461,460,952706,9923,599871,3136200
1703,496,475,952210,9944,600346,3546200
1704,506,494,951704,9956,600840,3336300
1705,481,486,951223,9951,601326,3343500
1706,487,493,950736,9945,601819,3133700
1707,492,524,950244,9913,602343,3502900
1708,509,477,949735,9945,602820,3659100
1709,477,504,949258,9918,603324,3371800
1710,501,544,948757,9875,603868,3388100
1711,469,478,948288,9866,604346,3464200
1712,451,495,947837,9822,604841,3465200
1713,493,484,947344,9831,605325,3944600
1714,509,478,946835,9862,605803,3634500
1715,476,528,946359,9810,606331,3135500
1716,534,486,945825,9858,606817,3354600
1717,504,513,945321,9849,607330,3139400
1718,497,489,944824,9857,607819,3183000
1719,509,508,944315,9858,608327,3308500
1720,532,494,943783,9896,608821,3241000
1721,450,509,943333,9837,609330,3359500
1722,501,489,942832,9849,609819,3237600
1723,474,456,942358,9867,610275,3220700
1724,525,495,941833,9897,610770,3589100
1725,480,514,941353,9863,611284,3163300
1726,469,500,940884,9832,611784,3478100
1727,512,473,940372,9871,612257,3359600
1728,517,458,939855,9930,612715,3212200
1729,493,490,939362,9933,613205,3299600
1730,473,479,938889,9927,613684,3145200
1731,517,504,938372,9940,614188,3294400
1732,471,485,937901,9926,614673,3224400
1733,499,497,937402,9928,615170,3182800
1734,488,535,936914,9881,615705,3023700
1735,465,502,936449,9844,616207,3197100
1736,483,523,935966,9804,616730,3488300
1737,480,457,935486,9827,617187,3286200
1738,481,496,935005,9812,617683,3291500
1739,504,498,934501,9818,618181,3155700
1740,460,498,934041,9780,618679,3532700
1741,471,494,933570,9757,619173,3314700
1742,418,488,933152,9687,619661,3116600
1743,488,494,932664,9681,620155,3578800
1744,419,526,932245,9574,620681,3468600
1745,494,499,931751,9569,621180,3335100
1746,498,473,931253,9594,621653,3202200
1747,503,467,930750,9630,622120,3248100
1748,506,484,930244,9652,622604,3328900
1749,451,471,929793,9632,623075,3315900
1750,467,500,929326,9599,623575,3355900
1751,427,479,928899,9547,624054,3248500
1752,455,469,928444,9533,624523,3144300
1753,424,436,928020,9521,624959,3226700
1754,431,499,927589,9453,625458,3278800
1755,418,453,927171,9418,625911,3452900
1756,440,456,926731,9402,626367,3284300
1757,428,463,926303,9367,626830,3153400
1758,458,480,925845,9345,627310,3483200
1759,427,454,925418,9318,627764,3303000
1760,483,483,924935,9318,628247,3235700
1761,460,487,924475,9291,628734,3163400
1762,437,445,924038,9283,629179,3091900
1763,446,512,923592,9217,629691,3497100
1764,453,448,923139,9222,630139,3217800
1765,432,474,922707,9180,630613,3318500
1766,441,475,922266,9146,631088,3228500
1767,460,446,921806,9160,631534,3254800
1768,465,450,921341,9175,631984,3393700
1769,458,479,920883,9154,632463,3435300
1770,456,451,920427,9159,632914,3218000
1771,441,465,919986,9135,633379,3363300
1772,424,469,919562,9090,633848,3260400
1773,456,477,919106,9069,634325,3326700
1774,437,443,918669,9063,634768,3076500
1775,428,474,918241,9017,635242,3308900
1776,451,470,917790,8998,635712,3143700
1777,464,454,917326,9008,636166,3141600
1778,441,453,916885,8996,636619,3286700
1779,485,464,916400,9017,637083,3076100
1780,446,440,915954,9023,637523,3364200
1781,434,439,915520,9018,637962,3053400
1782,441,433,915079,9026,638395,3468500
1783,422,433,914657,9015,638828,3358900
1784,465,437,914192,9043,639265,3165000
1785,452,473,913740,9022,639738,3248100
1786,437,455,913303,9004,640193,3219000
1787,444,450,912859,8998,640643,3278000
1788,416,434,912443,8980,641077,3159200
1789,464,431,911979,9013,641508,3157800
1790,421,464,911558,8970,641972,3474400
1791,449,434,911109,8985,642406,3228400
1792,419,437,910690,8967,642843,3330100
1793,426,487,910264,8906,643330,3238600
1794,414,434,909850,8886,643764,3041700
1795,450,453,909400,8883,644217,3706000
1796,416,471,908984,8828,644688,3203500
1797,431,482,908553,8777,645170,3211600
1798,388,465,908165,8700,645635,3239400
1799,450,432,907715,8718,646067,3264300
1800,426,438,907289,8706,646505,3360800
1801,451,424,906838,8733,646929,3349100
1802,436,414,906402,8755,647343,3370200
1803,417,448,905985,8724,647791,3138300
1804,436,439,905549,8721,648230,3200400
1805,433,440,905116,8714,648670,3097400
1806,468,419,904648,8763,649089,3397000
1807,453,425,904195,8791,649514,3354400
1808,458,448,903737,8801,649962,3195600
1809,410,440,903327,8771,650402,3349500
1810,445,473,902882,8743,650875,3152100
1811,477,458,902405,8762,651333,3306600
1812,451,462,901954,8751,651795,3341600
1813,431,444,901523,8738,652239,3244300
1814,410,451,901113,8697,652690,3269000
1815,409,436,900704,8670,653126,3149300
1816,417,429,900287,8658,653555,3119500
1817,441,470,899846,8629,654025,3399600
1818,412,423,899434,8618,654448,3419900
1819,410,393,899024,8635,654841,3605900
1820,438,444,898586,8629,655285,3340000
1821,423,410,898163,8642,655695,3091300
1822,445,424,897718,8663,656119,3430800
1823,407,463,897311,8607,656582,3207400
1824,407,433,896904,8581,657015,3399300
1825,431,411,896473,8601,657426,3155800
1826,411,441,896062,8571,657867,3043500
1827,384,404,895678,8551,658271,3260700
1828,405,439,895273,8517,658710,3319400
1829,371,401,894902,8487,659111,3391400
1830,403,438,894499,8452,659549,3103900
1831,394,415,894105,8431,659964,3188700
1832,423,413,893682,8441,660377,3157100
1833,406,448,893276,8399,660825,3187200
1834,396,426,892880,8369,661251,3316900
1835,387,415,892493,8341,661666,3168600
1836,381,436,892112,8286,662102,3200600
1837,411,391,891701,8306,662493,3267400
1838,416,406,891285,8316,662899,3064300
1839,386,402,890899,8300,663301,3665200
1840,413,393,890486,8320,663694,3229500
1841,416,426,890070,8310,664120,3235700
1842,371,408,889699,8273,664528,3189300
1843,397,389,889302,8281,664917,3346100
1844,392,427,888910,8246,665344,3211100
1845,392,424,888518,8214,665768,3405800
1846,388,402,888130,8200,666170,3250800
1847,407,429,887723,8178,666599,3113700
1848,411,405,887312,8184,667004,3463700
1849,392,436,886920,8140,667440,3346100
1850,372,423,886548,8089,667863,3219800
1851,400,402,886148,8087,668265,3153300
1852,353,416,885795,8024,668681,3106200
1853,370,374,885425,8020,669055,3207700
1854,403,420,885022,8003,669475,3244700
1855,363,405,884659,7961,669880,3103600
1856,360,443,884299,7878,670323,3493200
1857,373,398,883926,7853,670721,3120400
1858,385,397,883541,7841,671118,3339300
1859,363,367,883178,7837,671485,3238500
1860,388,390,882790,7835,671875,3077900
1861,382,405,882408,7812,672280,3590000
1862,399,382,882009,7829,672662,3165100
1863,405,386,881604,7848,673048,3309300
1864,403,388,881201,7863,673436,3158900
1865,421,407,880780,7877,673843,3206300
1866,399,393,880381,7883,674236,3234600
1867,387,386,879994,7884,674622,3636700
1868,352,393,879642,7843,675015,3254700
1869,375,366,879267,7852,675381,3216000
1870,383,387,878884,7848,675768,3201000
1871,372,391,878512,7829,676159,3070800
1872,385,377,878127,7837,676536,3242600
1873,383,368,877744,7852,676904,3229700
1874,381,396,877363,7837,677300,3757600
1875,385,389,876978,7833,677689,3250900
1876,380,400,876598,7813,678089,3057400
1877,378,431,876220,7760,678520,3257100
1878,357,372,875863,7745,678892,3183800
1879,368,407,875495,7706,679299,3204800
1880,362,364,875133,7704,679663,3606200
1881,397,394,874736,7707,680057,3141000
1882,362,410,874374,7659,680467,3322500
1883,355,378,874019,7636,680845,3241700
1884,382,378,873637,7640,681223,3343800
1885,340,347,873297,7633,681570,3460100
1886,376,366,872921,7643,681936,3375800
1887,346,410,872575,7579,682346,3177300
1888,361,371,872214,7569,682717,3270600
1889,320,402,871894,7487,683119,3239800
1890,342,341,871552,7488,683460,3339700
1891,318,389,871234,7417,683849,3354000
1892,354,379,870880,7392,684228,3236000
1893,333,375,870547,7350,684603,3163300
1894,369,356,870178,7363,684959,3133500
1895,311,341,869867,7333,685300,3140900
1896,328,367,869539,7294,685667,3320400
1897,340,393,869199,7241,686060,3431500
1898,360,333,868839,7268,686393,3091900
1899,342,335,868497,7275,686728,3158800
1900,345,348,868152,7272,687076,3094600
1901,336,382,867816,7226,687458,3348100
1902,326,357,867490,7195,687815,3681400
1903,320,374,867170,7141,688189,3113700
1904,341,391,866829,7091,688580,3376000
1905,342,346,866487,7087,688926,3379600
1906,318,364,866169,7041,689290,3301600
1907,322,331,865847,7032,689621,3427000
1908,323,342,865524,7013,689963,3194400
1909,319,349,865205,6983,690312,3285100
1910,309,314,864896,6978,690626,3470200
1911,354,355,864542,6977,690981,3212300
1912,330,340,864212,6967,691321,3345400
1913,349,353,863863,6963,691674,3188900
1914,327,383,863536,6907,692057,3330000
1915,347,338,863189,6916,692395,3378500
1916,353,310,862836,6959,692705,3328600
1917,347,328,862489,6978,693033,3448400
1918,330,352,862159,6956,693385,3135300
1919,345,363,861814,6938,693748,3258300
1920,319,369,861495,6888,694117,3612700
1921,325,352,861170,6861,694469,3109600
1922,362,330,860808,6893,694799,3394200
1923,338,361,860470,6870,695160,3173500
1924,342,321,860128,6891,695481,3300400
1925,329,368,859799,6852,695849,3223000
1926,316,337,859483,6831,696186,3205800
1927,317,353,859166,6795,696539,3281800
1928,318,347,858848,6766,696886,3187900
1929,355,331,858493,6790,697217,3553400
1930,318,337,858175,6771,697554,3127500
1931,320,349,857855,6742,697903,3253500
1932,343,326,857512,6759,698229,3258800
1933,336,335,857176,6760,698564,3254500
1934,358,334,856818,6784,698898,3389700
1935,348,375,856470,6757,699273,3083500
1936,341,321,856129,6777,699594,3144600
1937,363,334,855766,6806,699928,3074600
1938,319,363,855447,6762,700291,3242400
1939,332,330,855115,6764,700621,3407000
1940,318,298,854797,6784,700919,3095700
1941,308,311,854489,6781,701230,3215000
1942,291,358,854198,6714,701588,3015500
1943,308,339,853890,6683,701927,3279100
1944,324,321,853566,6686,702248,3191900
1945,326,342,853240,6670,702590,3064600
1946,327,349,852913,6648,702939,3680400
1947,355,324,852558,6679,703263,3085100
1948,309,328,852249,6660,703591,3130300
1949,316,317,851933,6659,703908,3033600
1950,314,363,851619,6610,704271,3338100
1951,327,339,851292,6598,704610,3251900
1952,328,355,850964,6571,704965,3180100
1953,325,317,850639,6579,705282,3566100
1954,309,329,850330,6559,705611,3215900
1955,347,330,849983,6576,705941,3214600
1956,304,328,849679,6552,706269,3329800
1957,315,324,849364,6543,706593,3169200
1958,330,359,849034,6514,706952,3242200
1959,340,348,848694,6506,707300,3321400
1960,300,331,848394,6475,707631,3335200
1961,351,345,848043,6481,707976,3273800
1962,301,316,847742,6466,708292,3124400
1963,330,349,847412,6447,708641,3401700
1964,363,275,847049,6535,708916,3138100
1965,333,330,846716,6538,709246,3081300
1966,330,304,846386,6564,709550,2977300
1967,327,330,846059,6561,709880,3272400
1968,311,291,845748,6581,710171,3560400
1969,329,347,845419,6563,710518,3427900
1970,329,310,845090,6582,710828,3846100
1971,308,327,844782,6563,711155,3403900
1972,316,324,844466,6555,711479,3192100
1973,340,324,844126,6571,711803,3274800
1974,310,340,843816,6541,712143,3283700
1975,327,301,843489,6567,712444,3206400
1976,314,325,843175,6556,712769,3378600
1977,324,318,842851,6562,713087,3489200
1978,344,325,842507,6581,713412,3457400
1979,322,311,842185,6592,713723,3328100
1980,328,316,841857,6604,714039,3307600
1981,345,323,841512,6626,714362,3420900
1982,320,352,841192,6594,714714,3386700
1983,334,328,840858,6600,715042,3492200
1984,316,339,840542,6577,715381,3299700
1985,340,326,840202,6591,715707,3355200
1986,328,321,839874,6598,716028,3371300
1987,349,311,839525,6636,716339,3342700
1988,333,361,839192,6608,716700,3437700
1989,340,332,838852,6616,717032,3556300
1990,333,354,838519,6595,717386,3589500
1991,323,297,838196,6621,717683,3479600
1992,347,345,837849,6623,718028,3269300
1993,342,345,837507,6620,718373,3292000
1994,306,303,837201,6623,718676,3112700
1995,325,345,836876,6603,719021,3396000
1996,334,341,836542,6596,719362,3363800
1997,337,317,836205,6616,719679,3276300
1998,335,343,835870,6608,720022,3298800
1999,340,326,835530,6622,720348,3181600
2000,317,315,835213,6624,720663,3247600
2001,341,304,834872,6661,720967,3364500
2002,315,339,834557,6637,721306,3208900
2003,316,320,834241,6633,721626,3391100
2004,324,323,833917,6634,721949,3372500
2005,290,314,833627,6610,722263,3535900
2006,305,331,833322,6584,722594,3527800
2007,327,327,832995,6584,722921,3668400
2008,333,346,832662,6571,723267,3624100
2009,342,330,832320,6583,723597,3763400
2010,309,314,832011,6578,723911,3588000
2011,325,338,831686,6565,724249,3472300
2012,299,322,831387,6542,724571,3908300
2013,307,352,831080,6497,724923,4050800
2014,261,341,830819,6417,725264,3779300
2015,313,339,830506,6391,725603,3867700
2016,309,343,830197,6357,725946,3698300
2017,323,330,829874,6350,726276,3596100
2018,303,307,829571,6346,726583,3652700
2019,299,330,829272,6315,726913,3439000
2020,313,321,828959,6307,727234,3544000
2021,316,316,828643,6307,727550,3920700
2022,297,318,828346,6286,727868,3471100
2023,306,323,828040,6269,728191,3610800
2024,290,318,827750,6241,728509,3650700
2025,340,307,827410,6274,728816,3552200
2026,307,326,827103,6255,729142,3369300
2027,313,318,826790,6250,729460,3231700
2028,309,296,826481,6263,729756,3260600
2029,313,294,826168,6282,730050,3535300
2030,322,339,825846,6265,730389,3372300
2031,334,317,825512,6282,730706,3231100
2032,305,303,825207,6284,731009,3179400
2033,319,290,824888,6313,731299,3699500
2034,297,354,824591,6256,731653,3705500
2035,348,311,824243,6293,731964,3647800
2036,355,301,823888,6347,732265,3501000
2037,308,324,823580,6331,732589,3598100
2038,311,326,823269,6316,732915,3396600
2039,289,344,822980,6261,733259,3405400
2040,335,305,822645,6291,733564,3684000
2041,324,291,822321,6324,733855,3415100
2042,312,304,822009,6332,734159,3698900
2043,291,322,821718,6301,734481,3720100
2044,363,354,821355,6310,734835,3455800
2045,323,323,821032,6310,735158,3250500
2046,307,308,820725,6309,735466,3592900
2047,297,310,820428,6296,735776,3313200
2048,289,310,820139,6275,736086,3985100
2049,301,321,819838,6255,736407,3288400
2050,280,305,819558,6230,736712,3268200
2051,311,329,819247,6212,737041,3737700
2052,299,313,818948,6198,737354,3690500
2053,303,332,818645,6169,737686,3534700
2054,279,316,818366,6132,738002,3555700
2055,297,323,818069,6106,738325,3773300
2056,304,288,817765,6122,738613,3500600
2057,315,295,817450,6142,738908,3763100
2058,317,341,817133,6118,739249,3534700
2059,310,295,816823,6133,739544,3451200
2060,303,319,816520,6117,739863,3820300
2061,302,329,816218,6090,740192,3270500
2062,285,290,815933,6085,740482,3637100
2063,292,307,815641,6070,740789,3845800
2064,299,311,815342,6058,741100,3463400
2065,300,312,815042,6046,741412,3786800
2066,293,306,814749,6033,741718,3529300
2067,275,284,814474,6024,742002,3520100
2068,287,291,814187,6020,742293,3602700
2069,334,296,813853,6058,742589,3617400
2070,336,325,813517,6069,742914,3463900
2071,329,298,813188,6100,743212,3582800
2072,323,301,812865,6122,743513,3407800
2073,294,325,812571,6091,743838,3376800
2074,316,274,812255,6133,744112,3473000
2075,294,295,811961,6132,744407,3322500
2076,276,280,811685,6128,744687,3659100
2077,289,317,811396,6100,745004,3441200
2078,328,304,811068,6124,745308,3446000
2079,315,316,810753,6123,745624,3566200
2080,309,299,810444,6133,745923,3424700
2081,302,299,810142,6136,746222,3443200
2082,298,275,809844,6159,746497,3438300
2083,294,330,809550,6123,746827,3462800
2084,285,308,809265,6100,747135,3642600
2085,317,295,808948,6122,747430,3337000
2086,311,275,808637,6158,747705,3499700
2087,304,281,808333,6181,747986,3701800
2088,295,307,808038,6169,748293,3440400
2089,317,327,807721,6159,748620,3408800
2090,314,305,807407,6168,748925,3451400
2091,323,295,807084,6196,749220,3740600
2092,312,319,806772,6189,749539,3574800
2093,330,316,806442,6203,749855,3440900
2094,308,310,806134,6201,750165,3416300
2095,325,321,805809,6205,750486,3522100
2096,321,319,805488,6207,750805,3613200
2097,304,283,805184,6228,751088,3468900
2098,330,307,804854,6251,751395,3430300
2099,337,308,804517,6280,751703,3228500
2100,295,306,804222,6269,752009,3343800
2101,330,306,803892,6293,752315,3453000
2102,324,335,803568,6282,752650,3428500
2103,335,311,803233,6306,752961,3562600
2104,335,294,802898,6347,753255,3362500
2105,306,342,802592,6311,753597,3395300
2106,291,326,802301,6276,753923,3582600
2107,310,305,801991,6281,754228,3442100
2108,317,303,801674,6295,754531,3550100
2109,311,339,801363,6267,754870,3511100
2110,354,319,801009,6302,755189,3517500
2111,308,330,800701,6280,755519,3667900
2112,320,325,800381,6275,755844,3388300
2113,334,314,800047,6295,756158,3432500
2114,336,301,799711,6330,756459,3718200
2115,328,308,799383,6350,756767,3479900
2116,309,321,799074,6338,757088,3485300
2117,319,317,798755,6340,757405,3427900
2118,316,315,798439,6341,757720,3611300
2119,313,353,798126,6301,758073,3505500
2120,312,328,797814,6285,758401,3635400
2121,301,335,797513,6251,758736,3524200
2122,345,309,797168,6287,759045,3756300
2123,342,305,796826,6324,759350,3428900
2124,299,331,796527,6292,759681,3465400
2125,306,311,796221,6287,759992,3806500
2126,308,323,795913,6272,760315,3486800
2127,309,301,795604,6280,760616,3611400
2128,348,298,795256,6330,760914,3772100
2129,340,335,794916,6335,761249,3382700
2130,320,314,794596,6341,761563,3442200
2131,336,303,794260,6374,761866,3582700
2132,319,302,793941,6391,762168,3449600
2133,319,303,793622,6407,762471,3543200
2134,315,320,793307,6402,762791,3488900
2135,335,337,792972,6400,763128,3492000
2136,318,316,792654,6402,763444,3718800
2137,319,339,792335,6382,763783,3417300
2138,279,331,792056,6330,764114,3362500
2139,329,331,791727,6328,764445,3553400
2140,304,295,791423,6337,764740,3315900
2141,338,300,791085,6375,765040,3491000
2142,333,310,790752,6398,765350,3393700
2143,295,321,790457,6372,765671,3403100
2144,292,322,790165,6342,765993,3644700
2145,311,299,789854,6354,766292,3394900
2146,322,322,789532,6354,766614,3484500
2147,333,307,789199,6380,766921,3432500
2148,328,325,788871,6383,767246,3393200
2149,314,325,788557,6372,767571,3279700
2150,329,301,788228,6400,767872,3574300
2151,357,313,787871,6444,768185,3478500
2152,315,299,787556,6460,768484,3468400
2153,337,328,787219,6469,768812,3825400
2154,318,347,786901,6440,769159,3502400
2155,331,314,786570,6457,769473,3462500
2156,320,334,786250,6443,769807,3346200
2157,286,329,785964,6400,770136,3606500
2158,321,285,785643,6436,770421,4202000
2159,323,341,785320,6418,770762,3474700
2160,339,361,784981,6396,771123,3568700
2161,327,319,784654,6404,771442,3609600
2162,305,303,784349,6406,771745,3394800
2163,282,325,784067,6363,772070,3244000
2164,311,341,783756,6333,772411,3390100
2165,357,303,783399,6387,772714,3548900
2166,306,299,783093,6394,773013,3606100
2167,321,310,782772,6405,773323,3283900
2168,311,320,782461,6396,773643,3402100
2169,336,307,782125,6425,773950,3692400
2170,331,296,781794,6460,774246,3569900
2171,326,299,781468,6487,774545,3502500
2172,314,334,781154,6467,774879,3428400
2173,318,302,780836,6483,775181,3302000
2174,295,308,780541,6470,775489,3711800
2175,358,303,780183,6525,775792,3352100
2176,345,306,779838,6564,776098,3430700
2177,321,346,779517,6539,776444,3457600
2178,328,319,779189,6548,776763,3434500
2179,308,336,778881,6520,777099,3438600
2180,311,347,778570,6484,777446,3387100
2181,282,333,778288,6433,777779,3513400
2182,306,318,777982,6421,778097,3653200
2183,306,317,777676,6410,778414,3511900
2184,287,302,777389,6395,778716,3428400
2185,301,309,777088,6387,779025,3636000
2186,347,316,776741,6418,779341,3415700
2187,304,377,776437,6345,779718,3252700
2188,286,324,776151,6307,780042,3251600
2189,295,322,775856,6280,780364,3466900
2190,282,275,775574,6287,780639,3650700
2191,309,319,775265,6277,780958,3591900
2192,333,300,774932,6310,781258,3223600
2193,325,329,774607,6306,781587,3405600
2194,335,313,774272,6328,781900,3554400
2195,318,310,773954,6336,782210,3555800
2196,336,317,773618,6355,782527,3494800
2197,332,307,773286,6380,782834,3522900
2198,338,354,772948,6364,783188,3589100
2199,306,344,772642,6326,783532,3759500
2200,284,340,772358,6270,783872,3769400
2201,295,322,772063,6243,784194,3588700
2202,314,292,771749,6265,784486,3578000
2203,270,333,771479,6202,784819,3531900
2204,310,301,771169,6211,785120,3655400
2205,301,301,770868,6211,785421,3385100
2206,326,309,770542,6228,785730,3722600
2207,307,283,770235,6252,786013,3697500
2208,338,323,769897,6267,786336,3566300
2209,318,290,769579,6295,786626,3566700
2210,319,315,769260,6299,786941,3673600
2211,308,332,768952,6275,787273,3423800
2212,306,308,768646,6273,787581,3431300
2213,324,287,768322,6310,787868,3667000
2214,303,332,768019,6281,788200,3334700
2215,294,313,767725,6262,788513,3317200
2216,321,299,767404,6284,788812,3410700
2217,329,307,767075,6306,789119,3507400
2218,342,323,766733,6325,789442,3489000
2219,314,313,766419,6326,789755,3274400
2220,355,324,766064,6357,790079,3415900
2221,362,320,765702,6399,790399,3483800
2222,339,354,765363,6384,790753,3554500
2223,330,335,765033,6379,791088,3399700
2224,326,301,764707,6404,791389,3302000
2225,330,314,764377,6420,791703,3572700
2226,330,326,764047,6424,792029,3295700
2227,369,333,763678,6460,792362,3370300
2228,347,352,763331,6455,792714,3170200
2229,336,320,762995,6471,793034,3255000
2230,299,327,762696,6443,793361,3132600
2231,316,328,762380,6431,793689,3164600
2232,330,321,762050,6440,794010,3449700
2233,348,330,761702,6458,794340,3219100
2234,289,345,761413,6402,794685,3474100
2235,331,320,761082,6413,795005,3730700
2236,333,313,760749,6433,795318,3211000
2237,325,311,760424,6447,795629,3128900
2238,309,327,760115,6429,795956,3301000
2239,355,300,759760,6484,796256,3249100
2240,342,336,759418,6490,796592,3170600
2241,327,328,759091,6489,796920,3392800
2242,340,313,758751,6516,797233,3182800
2243,316,335,758435,6497,797568,3651100
2244,335,323,758100,6509,797891,3631300
2245,332,304,757768,6537,798195,3305200
2246,320,336,757448,6521,798531,3301500
2247,345,339,757103,6527,798870,3176800
2248,324,303,756779,6548,799173,3383900
2249,328,294,756451,6582,799467,3164600
2250,319,320,756132,6581,799787,3169000
2251,336,327,755796,6590,800114,3357200
2252,297,326,755499,6561,800440,3110300
2253,340,332,755159,6569,800772,3483300
2254,315,348,754844,6536,801120,3159400
2255,317,313,754527,6540,801433,3335700
2256,339,345,754188,6534,801778,3420300
2257,338,314,753850,6558,802092,3150400
2258,304,347,753546,6515,802439,3413900
2259,345,312,753201,6548,802751,3174400
2260,322,326,752879,6544,803077,3299100
2261,326,316,752553,6554,803393,3275700
2262,296,323,752257,6527,803716,3544600
2263,324,318,751933,6533,804034,3459000
2264,326,331,751607,6528,804365,3199300
2265,320,335,751287,6513,804700,3161900
2266,315,332,750972,6496,805032,3455600
2267,307,342,750665,6461,805374,3225100
2268,294,312,750371,6443,805686,3421100
2269,301,321,750070,6423,806007,3059500
2270,293,310,749777,6406,806317,3626200
2271,300,338,749477,6368,806655,3441300
2272,310,297,749167,6381,806952,3383900
2273,289,330,748878,6340,807282,3249000
2274,319,317,748559,6342,807599,3110600
2275,296,295,748263,6343,807894,3310900
2276,290,348,747973,6285,808242,3283900
2277,293,324,747680,6254,808566,3238700
2278,293,298,747387,6249,808864,3341800
2279,310,320,747077,6239,809184,3220700
2280,306,284,746771,6261,809468,3312900
2281,295,329,746476,6227,809797,3293000
2282,315,312,746161,6230,810109,3532600
2283,300,289,745861,6241,810398,3275800
2284,301,305,745560,6237,810703,3147700
2285,292,317,745268,6212,811020,3165900
2286,313,326,744955,6199,811346,3212600
2287,339,332,744616,6206,811678,3141300
2288,305,321,744311,6190,811999,3329500
2289,329,311,743982,6208,812310,3108000
2290,334,328,743648,6214,812638,3632600
2291,314,344,743334,6184,812982,3233800
2292,334,315,743000,6203,813297,3254000
2293,293,299,742707,6197,813596,3503400
2294,327,297,742380,6227,813893,3152800
2295,310,299,742070,6238,814192,3577800
2296,351,310,741719,6279,814502,3213800
2297,321,331,741398,6269,814833,3230000
2298,326,315,741072,6280,815148,3564200
2299,319,356,740753,6243,815504,3287600
2300,324,319,740429,6248,815823,3582500
2301,307,301,740122,6254,816124,3597600
2302,320,309,739802,6265,816433,3400800
2303,300,324,739502,6241,816757,3435900
2304,312,314,739190,6239,817071,3191600
2305,345,338,738845,6246,817409,3155700
2306,342,316,738503,6272,817725,3207500
2307,306,288,738197,6290,818013,3335600
2308,320,320,737877,6290,818333,3256600
2309,346,296,737531,6340,818629,3438400
2310,325,320,737206,6345,818949,3190900
2311,330,327,736876,6348,819276,3301500
2312,362,316,736514,6394,819592,3251200
2313,328,323,736186,6399,819915,3281400
2314,339,329,735847,6409,820244,3095200
2315,291,313,735556,6387,820557,3255600
2316,283,330,735273,6340,820887,3058100
2317,311,352,734962,6299,821239,3182600
2318,339,347,734623,6291,821586,3312300
2319,280,308,734343,6263,821894,3188300
2320,312,298,734031,6277,822192,3193800
2321,340,310,733691,6307,822502,3170000
2322,341,330,733350,6318,822832,3127600
2323,334,310,733016,6342,823142,3213500
2324,324,355,732692,6311,823497,3233600
2325,320,340,732372,6291,823837,3645600
2326,337,321,732035,6307,824158,3032200
2327,348,328,731687,6327,824486,3106600
2328,306,298,731381,6335,824784,3068400
2329,335,312,731046,6358,825096,3240900
2330,344,310,730702,6392,825406,3145000
2331,297,321,730405,6368,825727,3417400
2332,296,324,730109,6340,826051,3164900
2333,319,300,729790,6359,826351,3238600
2334,307,309,729483,6357,826660,3638000
2335,279,257,729204,6379,826917,3212500
2336,326,309,728878,6396,827226,3141100
2337,305,328,728573,6373,827554,3217900
2338,315,327,728258,6361,827881,3349900
2339,327,342,727931,6346,828223,3373600
2340,287,341,727644,6292,828564,3170000
2341,302,334,727342,6260,828898,3136100
2342,303,341,727039,6222,829239,3383000
2343,323,309,726716,6236,829548,3162400
2344,346,301,726370,6281,829849,3270200
2345,285,319,726085,6247,830168,3076600
2346,299,294,725786,6252,830462,3142500
2347,297,330,725489,6219,830792,3385000
2348,305,301,725184,6223,831093,3464600
2349,310,302,724874,6231,831395,3300300
2350,286,310,724588,6207,831705,3318400
2351,328,317,724260,6218,832022,3246200
2352,318,330,723942,6206,832352,3296100
2353,329,284,723613,6251,832636,3366600
2354,295,336,723318,6210,832972,3486800
2355,328,338,722990,6200,833310,3174100
2356,321,306,722669,6215,833616,3306100
2357,346,291,722323,6270,833907,3467300
2358,332,331,721991,6271,834238,3111500
2359,352,294,721639,6329,834532,3171500
2360,342,299,721297,6372,834831,3099000
2361,342,298,720955,6416,835129,3316200
2362,326,327,720629,6415,835456,3288600
2363,308,322,720321,6401,835778,3195200
2364,320,315,720001,6406,836093,3478200
2365,311,306,719690,6411,836399,3147000
2366,325,340,719365,6396,836739,3371500
2367,328,307,719037,6417,837046,3291500
2368,350,308,718687,6459,837354,3103700
2369,281,336,718406,6404,837690,3332800
2370,285,291,718121,6398,837981,3086100
2371,312,330,717809,6380,838311,3248400
2372,291,330,717518,6341,838641,3090900
2373,303,314,717215,6330,838955,3095600
2374,337,301,716878,6366,839256,2951300
2375,312,312,716566,6366,839568,3094500
2376,314,309,716252,6371,839877,3215500
2377,331,287,715921,6415,840164,3208900
2378,313,326,715608,6402,840490,3159100
2379,291,316,715317,6377,840806,3218400
2380,319,311,714998,6385,841117,3577100
2381,309,326,714689,6368,841443,3292900
2382,334,315,714355,6387,841758,3123800
2383,317,311,714038,6393,842069,3347300
2384,335,319,713703,6409,842388,3041700
2385,323,334,713380,6398,842722,3217000
2386,343,284,713037,6457,843006,3407700
2387,340,346,712697,6451,843352,3162600
2388,355,344,712342,6462,843696,3336800
2389,335,299,712007,6498,843995,3305500
2390,316,350,711691,6464,844345,3753800
2391,328,334,711363,6458,844679,3225100
2392,337,317,711026,6478,844996,3083900
2393,337,325,710689,6490,845321,3673600
2394,342,320,710347,6512,845641,3126400
2395,358,304,709989,6566,845945,3134400
2396,327,331,709662,6562,846276,3254200
2397,355,353,709307,6564,846629,3212600
2398,346,330,708961,6580,846959,3144900
2399,349,333,708612,6596,847292,3208300
2400,306,317,708306,6585,847609,3191900
2401,345,321,707961,6609,847930,3314300
2402,332,326,707629,6615,848256,3669700
2403,331,307,707298,6639,848563,3059200
2404,340,342,706958,6637,848905,3163800
2405,331,334,706627,6634,849239,3245500
2406,353,342,706274,6645,849581,3045100
2407,342,304,705932,6683,849885,3417300
2408,319,338,705613,6664,850223,3164600
2409,346,321,705267,6689,850544,3211400
2410,345,345,704922,6689,850889,3339900
2411,386,330,704536,6745,851219,3559300
2412,367,320,704169,6792,851539,3268600
2413,364,334,703805,6822,851873,3083400
2414,351,338,703454,6835,852211,3595000
2415,358,336,703096,6857,852547,3416500
2416,353,358,702743,6852,852905,3104000
2417,365,348,702378,6869,853253,3250300
2418,330,327,702048,6872,853580,3088800
2419,340,350,701708,6862,853930,3220300
2420,350,333,701358,6879,854263,3410700
2421,327,332,701031,6874,854595,3256600
2422,338,339,700693,6873,854934,3157600
2423,348,331,700345,6890,855265,3081000
2424,362,348,699983,6904,855613,3115500
2425,366,306,699617,6964,855919,2999000
2426,345,333,699272,6976,856252,3108300
2427,386,327,698886,7035,856579,3333300
2428,373,350,698513,7058,856929,3108200
2429,353,337,698160,7074,857266,3297200
2430,389,355,697771,7108,857621,3118500
2431,370,373,697401,7105,857994,3275500
2432,328,355,697073,7078,858349,3252300
2433,322,359,696751,7041,858708,3237700
2434,347,353,696404,7035,859061,3414000
2435,361,306,696043,7090,859367,3073100
2436,344,360,695699,7074,859727,3371100
2437,373,353,695326,7094,860080,3139300
2438,365,333,694961,7126,860413,3297100
2439,352,351,694609,7127,860764,3237200
2440,364,337,694245,7154,861101,3512400
2441,341,345,693904,7150,861446,3295900
2442,324,357,693580,7117,861803,3031300
2443,360,359,693220,7118,862162,3158500
2444,357,338,692863,7137,862500,3454900
2445,320,359,692543,7098,862859,3185000
2446,324,373,692219,7049,863232,3142100
2447,315,347,691904,7017,863579,3054900
2448,333,337,691571,7013,863916,3358400
2449,335,331,691236,7017,864247,3068700
2450,303,336,690933,6984,864583,3185500
2451,322,346,690611,6960,864929,3347300
2452,332,336,690279,6956,865265,3064100
2453,332,331,689947,6957,865596,3236800
2454,347,322,689600,6982,865918,3178000
2455,388,320,689212,7050,866238,3120500
2456,324,348,688888,7026,866586,3528900
2457,346,355,688542,7017,866941,3267100
2458,336,371,688206,6982,867312,3345300
2459,337,347,687869,6972,867659,3111800
2460,313,330,687556,6955,867989,3471300
2461,345,342,687211,6958,868331,3244600
2462,325,321,686886,6962,868652,3144300
2463,328,360,686558,6930,869012,3199300
2464,351,361,686207,6920,869373,3649600
2465,323,347,685884,6896,869720,3103400
2466,339,308,685545,6927,870028,3080800
2467,350,360,685195,6917,870388,3105400
2468,339,338,684856,6918,870726,3401400
2469,336,358,684520,6896,871084,3216200
2470,374,351,684146,6919,871435,3158300
2471,335,327,683811,6927,871762,3185700
2472,368,349,683443,6946,872111,3184000
2473,365,357,683078,6954,872468,3133400
2474,349,368,682729,6935,872836,3286800
2475,336,304,682393,6967,873140,3702900
2476,331,336,682062,6962,873476,3314900
2477,363,383,681699,6942,873859,3251400
2478,337,321,681362,6958,874180,3247100
2479,328,332,681034,6954,874512,3158800
2480,353,341,680681,6966,874853,3156300
2481,309,349,680372,6926,875202,3129300
2482,343,353,680029,6916,875555,4211500
2483,374,351,679655,6939,875906,3172700
2484,327,349,679328,6917,876255,3072700
2485,322,344,679006,6895,876599,3188000
2486,342,343,678664,6894,876942,3124400
2487,352,344,678312,6902,877286,3291700
2488,353,341,677959,6914,877627,3039200
2489,343,339,677616,6918,877966,3139500
2490,301,347,677315,6872,878313,3077100
2491,347,338,676968,6881,878651,3202700
2492,331,310,676637,6902,878961,3410200
2493,321,349,676316,6874,879310,3159200
2494,304,358,676012,6820,879668,3255000
2495,321,345,675691,6796,880013,3104300
2496,313,321,675378,6788,880334,3208300
2497,311,317,675067,6782,880651,3137900
2498,353,370,674714,6765,881021,3234500
2499,349,337,674365,6777,881358,3354900
2500,339,347,674026,6769,881705,3082100
2501,337,346,673689,6760,882051,3242200
2502,324,353,673365,6731,882404,3294900
2503,330,338,673035,6723,882742,3697300
2504,313,306,672722,6730,883048,3467100
2505,342,320,672380,6752,883368,3175800
2506,336,324,672044,6764,883692,3215100
2507,349,325,671695,6788,884017,3022400
2508,317,354,671378,6751,884371,3137800
2509,320,328,671058,6743,884699,3306700
2510,340,349,670718,6734,885048,3606100
2511,322,350,670396,6706,885398,3368100
2512,316,340,670080,6682,885738,3001500
2513,347,293,669733,6736,886031,3102800
2514,321,328,669412,6729,886359,3321500
2515,329,353,669083,6705,886712,3388500
2516,342,335,668741,6712,887047,3491800
2517,365,347,668376,6730,887394,3219000
2518,318,364,668058,6684,887758,3153300
2519,342,350,667716,6676,888108,3447400
2520,366,330,667350,6712,888438,3140600
2521,337,335,667013,6714,888773,3262500
2522,339,325,666674,6728,889098,3058600
2523,336,322,666338,6742,889420,3407100
2524,329,332,666009,6739,889752,3115100
2525,340,312,665669,6767,890064,3430400
2526,366,359,665303,6774,890423,3239700
2527,341,326,664962,6789,890749,3214100
2528,349,354,664613,6784,891103,3729800
2529,340,355,664273,6769,891458,3570600
2530,350,362,663923,6757,891820,3143300
2531,342,345,663581,6754,892165,3361000
2532,315,332,663266,6737,892497,3121500
2533,325,347,662941,6715,892844,3496400
2534,336,320,662605,6731,893164,3372500
2535,320,337,662285,6714,893501,3713300
2536,323,357,661962,6680,893858,3530600
2537,309,354,661653,6635,894212,2992700
2538,333,327,661320,6641,894539,3105000
2539,342,329,660978,6654,894868,3500300
2540,342,321,660636,6675,895189,3366700
2541,389,333,660247,6731,895522,3233400
2542,344,310,659903,6765,895832,3226400
2543,369,327,659534,6807,896159,3532900
2544,363,344,659171,6826,896503,3088700
2545,360,342,658811,6844,896845,3251500
2546,333,363,658478,6814,897208,3147400
2547,322,364,658156,6772,897572,3236300
2548,325,349,657831,6748,897921,3354600
2549,345,347,657486,6746,898268,3231500
2550,316,337,657170,6725,898605,3367000
2551,332,343,656838,6714,898948,3336400
2552,328,305,656510,6737,899253,3147300
2553,318,351,656192,6704,899604,3300100
2554,372,301,655820,6775,899905,3012100
2555,317,354,655503,6738,900259,3126700
2556,333,313,655170,6758,900572,3172500
2557,322,374,654848,6706,900946,3744400
2558,324,336,654524,6694,901282,3906500
2559,340,329,654184,6705,901611,3103200
2560,336,335,653848,6706,901946,3213200
2561,377,343,653471,6740,902289,3339700
2562,333,348,653138,6725,902637,3141600
2563,356,342,652782,6739,902979,3370000
2564,361,357,652421,6743,903336,3167600
2565,352,347,652069,6748,903683,3149500
2566,349,315,651720,6782,903998,3234300
2567,368,338,651352,6812,904336,3160900
2568,361,344,650991,6829,904680,3426700
2569,336,348,650655,6817,905028,3018000
2570,343,332,650312,6828,905360,3628600
2571,327,300,649985,6855,905660,3305700
2572,324,342,649661,6837,906002,3441300
2573,327,362,649334,6802,906364,3191800
2574,319,328,649015,6793,906692,3168800
2575,326,346,648689,6773,907038,3128500
2576,310,331,648379,6752,907369,3268300
2577,339,322,648040,6769,907691,3182400
2578,341,340,647699,6770,908031,3425300
2579,356,342,647343,6784,908373,3080800
2580,358,334,646985,6808,908707,3784200
2581,349,329,646636,6828,909036,3250600
2582,333,333,646303,6828,909369,3150600
2583,334,356,645969,6806,909725,3341500
2584,299,341,645670,6764,910066,3519600
2585,335,368,645335,6731,910434,3171000
2586,340,327,644995,6744,910761,3259300
2587,305,356,644690,6693,911117,3217000
2588,308,353,644382,6648,911470,3267000
2589,336,334,644046,6650,911804,3288800
2590,299,320,643747,6629,912124,3538000
2591,323,370,643424,6582,912494,3031700
2592,329,327,643095,6584,912821,3269100
2593,327,340,642768,6571,913161,3337300
2594,335,352,642433,6554,913513,3032600
2595,321,313,642112,6562,913826,4128400
2596,335,333,641777,6564,914159,3148000
2597,351,324,641426,6591,914483,3186900
2598,331,356,641095,6566,914839,3825000
2599,333,326,640762,6573,915165,3120900
2600,314,320,640448,6567,915485,3295500
2601,362,339,640086,6590,915824,3229100
2602,354,330,639732,6614,916154,3277500
2603,336,322,639396,6628,916476,3320100
2604,314,363,639082,6579,916839,3287300
2605,349,349,638733,6579,917188,3315800
2606,373,321,638360,6631,917509,3279400
2607,347,362,638013,6616,917871,3232500
2608,348,324,637665,6640,918195,3456200
2609,333,320,637332,6653,918515,3272100
2610,322,355,637010,6620,918870,3883300
2611,332,340,636678,6612,919210,3396600
2612,338,318,636340,6632,919528,3259700
2613,318,347,636022,6603,919875,3224300
2614,331,315,635691,6619,920190,3237800
2615,357,315,635334,6661,920505,3150500
2616,324,335,635010,6650,920840,3058100
2617,328,330,634682,6648,921170,3635700
2618,326,307,634356,6667,921477,3411000
2619,334,314,634022,6687,921791,3226800
2620,331,325,633691,6693,922116,3244500
2621,334,341,633357,6686,922457,3078500
2622,333,324,633024,6695,922781,3693000
2623,352,337,632672,6710,923118,3501500
2624,335,332,632337,6713,923450,3254400
2625,354,385,631983,6682,923835,3219700
2626,353,338,631630,6697,924173,3107100
2627,355,347,631275,6705,924520,3327800
2628,318,333,630957,6690,924853,3389900
2629,320,332,630637,6678,925185,3271700
2630,345,318,630292,6705,925503,3206400
2631,350,338,629942,6717,925841,3113100
2632,336,336,629606,6717,926177,3693800
2633,350,302,629256,6765,926479,3504700
2634,350,332,628906,6783,926811,3402000
2635,354,339,628552,6798,927150,3353700
2636,363,351,628189,6810,927501,3250000
2637,347,335,627842,6822,927836,3205900
2638,347,344,627495,6825,928180,3604300
2639,357,324,627138,6858,928504,3205200
2640,331,335,626807,6854,928839,3267600
2641,358,369,626449,6843,929208,3167100
2642,332,320,626117,6855,929528,3394600
2643,352,307,625765,6900,929835,3274200
2644,323,356,625442,6867,930191,3176900
2645,342,310,625100,6899,930501,3183300
2646,349,330,624751,6918,930831,3205200
2647,326,350,624425,6894,931181,3420000
2648,327,346,624098,6875,931527,3254700
2649,346,328,623752,6893,931855,3207900
2650,345,333,623407,6905,932188,3328500
2651,350,341,623057,6914,932529,3124400
2652,342,330,622715,6926,932859,3655100
2653,352,360,622363,6918,933219,3355300
2654,353,355,622010,6916,933574,3307300
2655,343,350,621667,6909,933924,3262200
2656,309,355,621358,6863,934279,3232500
2657,317,339,621041,6841,934618,3376400
2658,351,342,620690,6850,934960,3239500
2659,335,358,620355,6827,935318,3213400
2660,328,326,620027,6829,935644,3236300
2661,339,344,619688,6824,935988,3217600
2662,327,349,619361,6802,936337,3491700
2663,312,358,619049,6756,936695,3152500
2664,365,324,618684,6797,937019,3221200
2665,341,359,618343,6779,937378,3231700
2666,337,343,618006,6773,937721,3647700
2667,360,336,617646,6797,938057,3665600
2668,352,327,617294,6822,938384,3596100
2669,343,313,616951,6852,938697,3208900
2670,336,330,616615,6858,939027,3473100
2671,304,334,616311,6828,939361,3240800
2672,317,363,615994,6782,939724,3492000
2673,335,329,615659,6788,940053,3369800
2674,299,322,615360,6765,940375,3165300
2675,335,338,615025,6762,940713,3220900
2676,316,321,614709,6757,941034,3109600
2677,308,359,614401,6706,941393,3193900
2678,317,341,614084,6682,941734,3185300
2679,318,335,613766,6665,942069,3645900
2680,322,325,613444,6662,942394,3290300
2681,332,345,613112,6649,942739,3105900
2682,328,331,612784,6646,943070,3299700
2683,307,352,612477,6601,943422,3117300
2684,315,313,612162,6603,943735,3226500
2685,325,333,611837,6595,944068,3511700
2686,326,310,611511,6611,944378,3672400
2687,344,333,611167,6622,944711,3252500
2688,324,329,610843,6617,945040,3220100
2689,317,323,610526,6611,945363,3458100
2690,333,315,610193,6629,945678,3177900
2691,319,326,609874,6622,946004,3023500
2692,347,301,609527,6668,946305,3147400
2693,352,361,609175,6659,946666,2968300
2694,324,327,608851,6656,946993,3189600
2695,318,343,608533,6631,947336,3277600
2696,333,346,608200,6618,947682,3206500
2697,338,316,607862,6640,947998,3646400
2698,300,361,607562,6579,948359,3319000
2699,335,311,607227,6603,948670,3261400
2700,331,337,606896,6597,949007,3165500
2701,288,290,606608,6595,949297,3126500
2702,342,356,606266,6581,949653,3190300
2703,334,339,605932,6576,949992,3320900
2704,348,347,605584,6577,950339,3476200
2705,310,372,605274,6515,950711,3117300
2706,340,318,604934,6537,951029,3340100
2707,318,307,604616,6548,951336,3239000
2708,321,353,604295,6516,951689,3198900
2709,331,295,603964,6552,951984,3234900
2710,331,342,603633,6541,952326,3320300
2711,312,335,603321,6518,952661,3083300
2712,332,360,602989,6490,953021,3239600
2713,332,312,602657,6510,953333,3249400
2714,314,271,602343,6553,953604,3421700
2715,331,310,602012,6574,953914,3199000
2716,349,333,601663,6590,954247,3085600
2717,295,353,601368,6532,954600,3229700
2718,317,308,601051,6541,954908,3214100
2719,297,337,600754,6501,955245,3149000
2720,293,322,600461,6472,955567,3459700
2721,304,282,600157,6494,955849,3115400
2722,324,278,599833,6540,956127,3012000
2723,309,310,599524,6539,956437,3205400
2724,302,340,599222,6501,956777,3350100
2725,322,342,598900,6481,957119,3093000
2726,310,362,598590,6429,957481,3272700
2727,286,332,598304,6383,957813,3242100
2728,313,321,597991,6375,958134,3298700
2729,342,313,597649,6404,958447,3503400
2730,347,322,597302,6429,958769,3167400
2731,317,296,596985,6450,959065,3256100
2732,319,364,596666,6405,959429,3500400
2733,297,312,596369,6390,959741,3368900
2734,332,321,596037,6401,960062,3363000
2735,303,343,595734,6361,960405,3223200
2736,328,317,595406,6372,960722,3300600
2737,310,312,595096,6370,961034,3098600
2738,332,312,594764,6390,961346,3204300
2739,330,342,594434,6378,961688,3178100
2740,351,321,594083,6408,962009,3606300
2741,316,313,593767,6411,962322,3377800
2742,349,346,593418,6414,962668,3042700
2743,363,298,593055,6479,962966,3204500
2744,348,297,592707,6530,963263,3167800
2745,338,317,592369,6551,963580,3425700
2746,367,308,592002,6610,963888,3432700
2747,349,320,591653,6639,964208,3148500
2748,349,326,591304,6662,964534,3137200
2749,331,331,590973,6662,964865,3216700
2750,336,346,590637,6652,965211,3168200
2751,331,327,590306,6656,965538,3275800
2752,359,317,589947,6698,965855,3336600
2753,330,337,589617,6691,966192,3233500
2754,377,325,589240,6743,966517,3207000
2755,337,344,588903,6736,966861,3075900
2756,346,335,588557,6747,967196,3311100
2757,340,331,588217,6756,967527,3162200
2758,347,341,587870,6762,967868,3630700
2759,322,322,587548,6762,968190,3185600
2760,330,357,587218,6735,968547,3421600
2761,352,334,586866,6753,968881,3401400
2762,330,306,586536,6777,969187,3264900
2763,331,335,586205,6773,969522,3519000
2764,333,341,585872,6765,969863,3153600
2765,331,322,585541,6774,970185,3251500
2766,333,341,585208,6766,970526,2987200
2767,348,310,584860,6804,970836,3246900
2768,347,349,584513,6802,971185,3258700
2769,373,340,584140,6835,971525,3459300
2770,325,349,583815,6811,971874,3426800
2771,347,326,583468,6832,972200,3172000
2772,351,334,583117,6849,972534,3134000
2773,338,318,582779,6869,972852,3267400
2774,340,369,582439,6840,973221,3100500
2775,357,376,582082,6821,973597,3361800
2776,362,348,581720,6835,973945,3115500
2777,347,376,581373,6806,974321,3130100
2778,339,353,581034,6792,974674,3329700
2779,328,324,580706,6796,974998,3252400
2780,337,353,580369,6780,975351,3359100
2781,331,337,580038,6774,975688,3218700
2782,311,310,579727,6775,975998,3285300
2783,323,363,579404,6735,976361,3051300
2784,364,350,579040,6749,976711,3533200
2785,351,338,578689,6762,977049,3441900
2786,342,351,578347,6753,977400,3333100
2787,348,362,577999,6739,977762,3136100
2788,322,330,577677,6731,978092,3061500
2789,328,348,577349,6711,978440,3099600
2790,351,333,576998,6729,978773,3242400
2791,331,315,576667,6745,979088,3261600
2792,342,335,576325,6752,979423,3435100
2793,344,318,575981,6778,979741,3209100
2794,360,311,575621,6827,980052,3480800
2795,351,335,575270,6843,980387,3353500
2796,341,343,574929,6841,980730,3119400
2797,345,353,574584,6833,981083,3290200
2798,329,360,574255,6802,981443,3026500
2799,346,356,573909,6792,981799,3402400
2800,339,346,573570,6785,982145,3134000
2801,325,308,573245,6802,982453,3484600
2802,352,358,572893,6796,982811,3252000
2803,352,312,572541,6836,983123,3314800
2804,359,334,572182,6861,983457,3397900
2805,333,338,571849,6856,983795,3172300
2806,370,370,571479,6856,984165,3284600
2807,352,331,571127,6877,984496,3972000
2808,373,357,570754,6893,984853,3558400
2809,371,332,570383,6932,985185,3192700
2810,344,357,570039,6919,985542,3253400
2811,327,329,569712,6917,985871,3153600
2812,339,343,569373,6913,986214,3508100
2813,345,362,569028,6896,986576,3102000
2814,354,318,568674,6932,986894,3126500
2815,379,323,568295,6988,987217,3029200
2816,373,366,567922,6995,987583,3458600
2817,374,362,567548,7007,987945,3321100
2818,380,345,567168,7042,988290,3273800
2819,377,349,566791,7070,988639,3464600
2820,371,385,566420,7056,989024,3250200
2821,384,347,566036,7093,989371,3438100
2822,356,360,565680,7089,989731,3405700
2823,377,373,565303,7093,990104,3256100
2824,375,365,564928,7103,990469,3171400
2825,337,348,564591,7092,990817,3060700
2826,343,353,564248,7082,991170,3237800
2827,379,351,563869,7110,991521,3175700
2828,380,341,563489,7149,991862,3376600
2829,331,354,563158,7126,992216,3291400
2830,334,388,562824,7072,992604,3058500
2831,376,348,562448,7100,992952,3157700
2832,371,347,562077,7124,993299,3347400
2833,356,365,561721,7115,993664,3136200
2834,317,379,561404,7053,994043,3427300
2835,333,336,561071,7050,994379,3042700
2836,349,353,560722,7046,994732,3382400
2837,323,381,560399,6988,995113,3033000
2838,312,349,560087,6951,995462,3119800
2839,345,326,559742,6970,995788,3142000
2840,318,361,559424,6927,996149,3079900
2841,333,336,559091,6924,996485,3609800
2842,325,333,558766,6916,996818,3211700
2843,330,341,558436,6905,997159,3137400
2844,326,318,558110,6913,997477,3325800
2845,313,325,557797,6901,997802,3235300
2846,343,339,557454,6905,998141,3596700
2847,365,357,557089,6913,998498,3196400
2848,348,346,556741,6915,998844,3209200
2849,331,329,556410,6917,999173,3074200
2850,326,320,556084,6923,999493,3200000
2851,321,341,555763,6903,999834,3302900
2852,338,358,555425,6883,1000192,3145900
2853,304,353,555121,6834,1000545,3495000
2854,326,346,554795,6814,1000891,3394700
2855,350,356,554445,6808,1001247,3234500
2856,342,297,554103,6853,1001544,3416500
2857,331,334,553772,6850,1001878,3252100
2858,341,326,553431,6865,1002204,3470100
2859,338,332,553093,6871,1002536,3434900
2860,350,354,552743,6867,1002890,3364400
2861,359,350,552384,6876,1003240,3339300
2862,348,333,552036,6891,1003573,3110500
2863,325,333,551711,6883,1003906,3271000
2864,343,365,551368,6861,1004271,3048500
2865,340,370,551028,6831,1004641,3313500
2866,357,372,550671,6816,1005013,3469900
2867,343,304,550328,6855,1005317,3139800
2868,374,349,549954,6880,1005666,3282100
2869,353,374,549601,6859,1006040,3141100
2870,334,367,549267,6826,1006407,3234200
2871,338,320,548929,6844,1006727,3100700
2872,366,403,548563,6807,1007130,3148600
2873,308,342,548255,6773,1007472,3173500
2874,331,330,547924,6774,1007802,3287600
2875,320,337,547604,6757,1008139,3356300
2876,339,316,547265,6780,1008455,3025200
2877,357,344,546908,6793,1008799,3158200
2878,372,332,546536,6833,1009131,3310800
2879,379,314,546157,6898,1009445,3125600
2880,353,368,545804,6883,1009813,3354500
2881,341,368,545463,6856,1010181,3203300
2882,346,344,545117,6858,1010525,3187100
2883,376,354,544741,6880,1010879,2998900
2884,352,319,544389,6913,1011198,3123200
2885,347,362,544042,6898,1011560,3285400
2886,317,349,543725,6866,1011909,3182000
2887,346,379,543379,6833,1012288,3397800
2888,352,328,543027,6857,1012616,3064100
2889,340,340,542687,6857,1012956,3474900
2890,343,349,542344,6851,1013305,3859700
2891,328,327,542016,6852,1013632,3355800
2892,338,362,541678,6828,1013994,3355200
2893,341,303,541337,6866,1014297,3234100
2894,317,338,541020,6845,1014635,3318100
2895,354,332,540666,6867,1014967,3282900
2896,323,344,540343,6846,1015311,3284700
2897,303,366,540040,6783,1015677,3319200
2898,322,345,539718,6760,1016022,3139100
2899,350,339,539368,6771,1016361,3112100
2900,335,315,539033,6791,1016676,3217000
2901,347,363,538686,6775,1017039,3596400
2902,344,311,538342,6808,1017350,3128200
2903,334,339,538008,6803,1017689,3193600
2904,341,360,537667,6784,1018049,3311300
2905,347,330,537320,6801,1018379,3268000
2906,354,318,536966,6837,1018697,3229600
2907,358,326,536608,6869,1019023,3460700
2908,347,350,536261,6866,1019373,3178000
2909,330,346,535931,6850,1019719,3488400
2910,343,327,535588,6866,1020046,3430200
2911,319,330,535269,6855,1020376,3469800
2912,347,382,534922,6820,1020758,3296900
2913,349,346,534573,6823,1021104,3289600
2914,357,354,534216,6826,1021458,3473100
2915,324,315,533892,6835,1021773,3468700
2916,345,367,533547,6813,1022140,3365000
2917,326,342,533221,6797,1022482,3293000
2918,350,346,532871,6801,1022828,3132100
2919,335,342,532536,6794,1023170,3158200
2920,337,353,532199,6778,1023523,2984900
2921,342,344,531857,6776,1023867,3136100
2922,355,337,531502,6794,1024204,3278200
2923,372,339,531130,6827,1024543,3249300
2924,356,337,530774,6846,1024880,3294900
2925,345,359,530429,6832,1025239,3040000
2926,345,334,530084,6843,1025573,3294200
2927,357,308,529727,6892,1025881,3488000
2928,357,375,529370,6874,1026256,3156900
2929,342,353,529028,6863,1026609,3537100
2930,362,359,528666,6866,1026968,3179800
2931,344,351,528322,6859,1027319,3506600
2932,365,358,527957,6866,1027677,3204200
2933,364,343,527593,6887,1028020,3098300
2934,350,348,527243,6889,1028368,3484800
2935,368,332,526875,6925,1028700,3026100
2936,384,345,526491,6964,1029045,3205200
2937,337,368,526154,6933,1029413,3437900
2938,395,342,525759,6986,1029755,3129600
2939,330,325,525429,6991,1030080,3367500
2940,353,350,525076,6994,1030430,3093100
2941,349,391,524727,6952,1030821,3450500
2942,346,339,524381,6959,1031160,3322800
2943,364,309,524017,7014,1031469,3193800
2944,328,328,523689,7014,1031797,3583000
2945,355,370,523334,6999,1032167,3219900
2946,352,333,522982,7018,1032500,3383700
2947,368,400,522614,6986,1032900,3457900
2948,354,356,522260,6984,1033256,3213200
2949,342,349,521918,6977,1033605,3199900
2950,318,372,521600,6923,1033977,3355300
2951,359,326,521241,6956,1034303,3180900
2952,369,352,520872,6973,1034655,3295000
2953,340,323,520532,6990,1034978,3467900
2954,358,358,520174,6990,1035336,3182100
2955,352,370,519822,6972,1035706,3254200
2956,323,366,519499,6929,1036072,3222600
2957,333,344,519166,6918,1036416,3494100
2958,303,356,518863,6865,1036772,3332000
2959,325,338,518538,6852,1037110,3496000
2960,351,348,518187,6855,1037458,3318600
2961,337,323,517850,6869,1037781,3206300
2962,359,349,517491,6879,1038130,3011200
2963,364,376,517127,6867,1038506,3134300
2964,336,372,516791,6831,1038878,3335300
2965,339,337,516452,6833,1039215,3174400
2966,366,337,516086,6862,1039552,3321900
2967,318,345,515768,6835,1039897,3111100
2968,345,326,515423,6854,1040223,3082700
2969,351,337,515072,6868,1040560,3054800
2970,298,338,514774,6828,1040898,3418300
2971,354,345,514420,6837,1041243,3208300
2972,331,331,514089,6837,1041574,3151900
2973,349,341,513740,6845,1041915,3262900
2974,385,317,513355,6913,1042232,3212300
2975,377,322,512978,6968,1042554,3208700
2976,341,367,512637,6942,1042921,3165800
2977,333,355,512304,6920,1043276,3232900
2978,364,353,511940,6931,1043629,3231400
2979,364,349,511576,6946,1043978,3216600
2980,379,329,511197,6996,1044307,3327200
2981,323,350,510874,6969,1044657,3160300
2982,337,359,510537,6947,1045016,3267300
2983,371,378,510166,6940,1045394,3080400
2984,352,352,509814,6940,1045746,3110800
2985,388,356,509426,6972,1046102,3345700
2986,358,360,509068,6970,1046462,3157300
2987,331,339,508737,6962,1046801,3450600
2988,352,364,508385,6950,1047165,3217100
2989,335,343,508050,6942,1047508,3278400
2990,324,358,507726,6908,1047866,3219900
2991,371,367,507355,6912,1048233,3151900
2992,329,326,507026,6915,1048559,3217500
2993,332,358,506694,6889,1048917,3289400
2994,323,336,506371,6876,1049253,3357100
2995,341,351,506030,6866,1049604,3142400
2996,321,315,505709,6872,1049919,3145800
2997,303,328,505406,6847,1050247,3362400
2998,345,347,505061,6845,1050594,3268800
2999,321,348,504740,6818,1050942,3238300
3000,341,312,504399,6847,1051254,3466400
3001,349,325,504050,6871,1051579,3174500
3002,322,356,503728,6837,1051935,3473500
3003,332,353,503396,6816,1052288,3435700
3004,341,369,503055,6788,1052657,3214000
3005,340,327,502715,6801,1052984,3430300
3006,339,379,502376,6761,1053363,3243000
3007,357,322,502019,6796,1053685,3386200
3008,364,345,501655,6815,1054030,3265000
3009,386,321,501269,6880,1054351,3456100
3010,361,325,500908,6916,1054676,3344000
3011,345,390,500563,6871,1055066,3741900
3012,329,377,500234,6823,1055443,3320500
3013,345,340,499889,6828,1055783,3436800
3014,319,336,499570,6811,1056119,3441800
3015,368,342,499202,6837,1056461,3333100
3016,386,352,498816,6871,1056813,3189800
3017,348,334,498468,6885,1057147,3204800
3018,331,361,498137,6855,1057508,3217700
3019,364,350,497773,6869,1057858,3356500
3020,356,328,497417,6897,1058186,3421500
3021,328,334,497089,6891,1058520,3460700
3022,356,377,496733,6870,1058897,3143800
3023,311,364,496422,6817,1059261,3128700
3024,361,334,496061,6844,1059595,3229300
3025,342,296,495719,6890,1059891,3231700
3026,355,321,495364,6924,1060212,3534600
3027,371,351,494993,6944,1060563,3274400
3028,356,335,494637,6965,1060898,3398600
3029,346,328,494291,6983,1061226,3413100
3030,342,326,493949,6999,1061552,3241700
3031,356,371,493593,6984,1061923,3478300
3032,355,371,493238,6968,1062294,3474500
3033,345,350,492893,6963,1062644,3309000
3034,371,314,492522,7020,1062958,3325900
3035,349,318,492173,7051,1063276,3319300
3036,373,385,491800,7039,1063661,3127400
3037,388,346,491412,7081,1064007,3395800
3038,344,373,491068,7052,1064380,3070500
3039,385,339,490683,7098,1064719,3253500
3040,352,334,490331,7116,1065053,3753100
3041,370,346,489961,7140,1065399,3237000
3042,393,361,489568,7172,1065760,3207500
3043,342,354,489226,7160,1066114,3103300
3044,383,383,488843,7160,1066497,3153500
3045,360,376,488483,7144,1066873,3412400
3046,388,377,488095,7155,1067250,3267100
3047,382,336,487713,7201,1067586,3308100
3048,379,355,487334,7225,1067941,3172000
3049,377,372,486957,7230,1068313,3246400
3050,408,356,486549,7282,1068669,3416100
3051,392,371,486157,7303,1069040,3239500
3052,354,345,485803,7312,1069385,3649600
3053,353,377,485450,7288,1069762,3122500
3054,371,382,485079,7277,1070144,3399500
3055,370,372,484709,7275,1070516,5587700
3056,359,371,484350,7263,1070887,5055400
3057,335,368,484015,7230,1071255,6440700
3058,371,333,483644,7268,1071588,4805000
3059,360,389,483284,7239,1071977,4424500
3060,369,341,482915,7267,1072318,3632900
3061,367,370,482548,7264,1072688,3287600
3062,363,375,482185,7252,1073063,3440000
3063,392,345,481793,7299,1073408,4652300
3064,338,403,481455,7234,1073811,3651500
3065,358,375,481097,7217,1074186,3560000
3066,329,344,480768,7202,1074530,3346200
3067,378,345,480390,7235,1074875,3491000
3068,372,361,480018,7246,1075236,3316400
3069,350,353,479668,7243,1075589,3213200
3070,339,391,479329,7191,1075980,3246600
3071,344,364,478985,7171,1076344,3516300
3072,346,364,478639,7153,1076708,3702800
3073,347,352,478292,7148,1077060,3317500
3074,359,382,477933,7125,1077442,3215200
3075,345,378,477588,7092,1077820,3377600
3076,338,343,477250,7087,1078163,3127500
3077,353,355,476897,7085,1078518,3160600
3078,358,367,476539,7076,1078885,3483800
3079,337,333,476202,7080,1079218,3276000
3080,357,307,475845,7130,1079525,3453800
3081,329,368,475516,7091,1079893,3005700
3082,351,358,475165,7084,1080251,3189900
3083,333,356,474832,7061,1080607,3413400
3084,357,364,474475,7054,1080971,3210900
3085,382,357,474093,7079,1081328,3504700
3086,333,393,473760,7019,1081721,3166500
3087,363,346,473397,7036,1082067,3537500
3088,328,322,473069,7042,1082389,3347200
3089,315,381,472754,6976,1082770,3338000
3090,352,345,472402,6983,1083115,3926600
3091,347,370,472055,6960,1083485,3422500
3092,342,382,471713,6920,1083867,3183900
3093,344,348,471369,6916,1084215,3427000
3094,341,328,471028,6929,1084543,3101700
3095,351,321,470677,6959,1084864,3091100
3096,359,377,470318,6941,1085241,3106300
3097,322,385,469996,6878,1085626,3284500
3098,347,338,469649,6887,1085964,3448600
3099,348,319,469301,6916,1086283,3151100
3100,372,288,468929,7000,1086571,3755300
3101,341,361,468588,6980,1086932,3129400
3102,347,389,468241,6938,1087321,3286700
3103,348,328,467893,6958,1087649,3300500
3104,358,351,467535,6965,1088000,3300100
3105,334,323,467201,6976,1088323,3309500
3106,323,340,466878,6959,1088663,3174400
3107,330,364,466548,6925,1089027,3223600
3108,342,340,466206,6927,1089367,3409500
3109,405,359,465801,6973,1089726,3665500
3110,363,341,465438,6995,1090067,3245400
3111,339,326,465099,7008,1090393,3106400
3112,348,312,464751,7044,1090705,3295100
3113,336,341,464415,7039,1091046,3466100
3114,345,349,464070,7035,1091395,3743900
3115,364,381,463706,7018,1091776,3418000
3116,362,358,463344,7022,1092134,3198000
3117,401,341,462943,7082,1092475,3595900
3118,348,371,462595,7059,1092846,3501700
3119,380,359,462215,7080,1093205,3127200
3120,371,327,461844,7124,1093532,3291900
3121,355,331,461489,7148,1093863,3089400
3122,341,372,461148,7117,1094235,3321800
3123,385,352,460763,7150,1094587,3241200
3124,385,346,460378,7189,1094933,3162700
3125,364,376,460014,7177,1095309,3261700
3126,379,378,459635,7178,1095687,3133800
3127,371,349,459264,7200,1096036,3159600
3128,374,339,458890,7235,1096375,3312400
3129,348,360,458542,7223,1096735,3141100
3130,355,389,458187,7189,1097124,4074400
3131,358,388,457829,7159,1097512,3081300
3132,374,338,457455,7195,1097850,3222700
3133,364,381,457091,7178,1098231,3264300
3134,369,369,456722,7178,1098600,3206400
3135,382,373,456340,7187,1098973,3522600
3136,389,347,455951,7229,1099320,3101100
3137,338,380,455613,7187,1099700,3189300
3138,369,380,455244,7176,1100080,2993500
3139,384,371,454860,7189,1100451,3327300
3140,345,338,454515,7196,1100789,3181400
3141,360,338,454155,7218,1101127,3199800
3142,365,370,453790,7213,1101497,3245900
3143,364,318,453426,7259,1101815,3098700
3144,369,378,453057,7250,1102193,3207800
3145,373,392,452684,7231,1102585,3244500
3146,373,351,452311,7253,1102936,3040600
3147,335,392,451976,7196,1103328,3347900
3148,347,349,451629,7194,1103677,3108400
3149,378,351,451251,7221,1104028,3325800
3150,342,375,450909,7188,1104403,3467400
3151,358,357,450551,7189,1104760,3300900
3152,354,348,450197,7195,1105108,3479300
3153,350,352,449847,7193,1105460,3094800
3154,346,343,449501,7196,1105803,3339500
3155,353,333,449148,7216,1106136,3394300
3156,327,362,448821,7181,1106498,3234500
3157,332,381,448489,7132,1106879,3532300
3158,360,330,448129,7162,1107209,3484800
3159,346,361,447783,7147,1107570,3698500
3160,342,360,447441,7129,1107930,3387600
3161,363,361,447078,7131,1108291,3325900
3162,351,333,446727,7149,1108624,3449600
3163,364,336,446363,7177,1108960,3253000
3164,374,364,445989,7187,1109324,3471900
3165,338,395,445651,7130,1109719,3473800
3166,309,405,445342,7034,1110124,3155800
3167,345,371,444997,7008,1110495,3283500
3168,353,371,444644,6990,1110866,3068200
3169,345,344,444299,6991,1111210,3193700
3170,351,359,443948,6983,1111569,3187700
3171,379,327,443569,7035,1111896,3217000
3172,349,360,443220,7024,1112256,3553100
3173,359,332,442861,7051,1112588,3317300
3174,378,374,442483,7055,1112962,3299800
3175,358,340,442125,7073,1113302,3307600
3176,369,334,441756,7108,1113636,3103900
3177,352,359,441404,7101,1113995,3403100
3178,341,350,441063,7092,1114345,3298400
3179,382,354,440681,7120,1114699,3332500
3180,385,350,440296,7155,1115049,3430700
3181,347,372,439949,7130,1115421,3134700
3182,345,371,439604,7104,1115792,3404900
3183,401,378,439203,7127,1116170,3296700
3184,379,378,438824,7128,1116548,3394800
3185,397,341,438427,7184,1116889,3269400
3186,421,366,438006,7239,1117255,3627500
3187,387,358,437619,7268,1117613,3307700
3188,403,346,437216,7325,1117959,3250500
3189,404,342,436812,7387,1118301,3188300
3190,361,385,436451,7363,1118686,3386700
3191,392,354,436059,7401,1119040,3301000
3192,406,353,435653,7454,1119393,3524100
3193,357,380,435296,7431,1119773,3183600
3194,401,373,434895,7459,1120146,3182500
3195,367,360,434528,7466,1120506,3210400
3196,403,386,434125,7483,1120892,3323100
3197,357,378,433768,7462,1121270,3284200
3198,358,375,433410,7445,1121645,3271400
3199,387,383,433023,7449,1122028,3230600
3200,353,347,432670,7455,1122375,3162300
3201,363,366,432307,7452,1122741,3348700
3202,341,364,431966,7429,1123105,3626100
3203,366,379,431600,7416,1123484,3288700
3204,376,371,431224,7421,1123855,3273500
3205,368,381,430856,7408,1124236,3215800
3206,372,331,430484,7449,1124567,3585700
3207,387,367,430097,7469,1124934,3512800
3208,386,394,429711,7461,1125328,3296900
3209,343,352,429368,7452,1125680,3388000
3210,374,376,428994,7450,1126056,3688300
3211,372,391,428622,7431,1126447,3609600
3212,381,390,428241,7422,1126837,3354600
3213,367,391,427874,7398,1127228,3177200
3214,376,375,427498,7399,1127603,3173700
3215,358,407,427140,7350,1128010,3257100
3216,390,397,426750,7343,1128407,3189300
3217,346,361,426404,7328,1128768,3267800
3218,360,389,426044,7299,1129157,3421600
3219,333,373,425711,7259,1129530,3509400
3220,352,327,425359,7284,1129857,3270000
3221,362,381,424997,7265,1130238,3463700
3222,339,371,424658,7233,1130609,3291100
3223,362,363,424296,7232,1130972,3382500
3224,357,376,423939,7213,1131348,3288700
3225,365,375,423574,7203,1131723,3569700
3226,345,343,423229,7205,1132066,3223200
3227,352,363,422877,7194,1132429,3526500
3228,375,379,422502,7190,1132808,3557700
3229,339,339,422163,7190,1133147,3286700
3230,375,367,421788,7198,1133514,3415900
3231,345,368,421443,7175,1133882,3162200
3232,366,348,421077,7193,1134230,3265300
3233,353,393,420724,7153,1134623,3380500
3234,364,354,420360,7163,1134977,3310100
3235,346,364,420014,7145,1135341,3234000
3236,358,356,419656,7147,1135697,3145700
3237,344,352,419312,7139,1136049,3124200
3238,387,361,418925,7165,1136410,3117200
3239,357,344,418568,7178,1136754,3212200
3240,367,366,418201,7179,1137120,3705100
3241,371,349,417830,7201,1137469,3350200
3242,377,350,417453,7228,1137819,3263400
3243,360,362,417093,7226,1138181,3480300
3244,359,396,416734,7189,1138577,3712500
3245,404,342,416330,7251,1138919,3313700
3246,358,347,415972,7262,1139266,3162200
3247,329,332,415643,7259,1139598,3243700
3248,371,359,415272,7271,1139957,3252400
3249,354,352,414918,7273,1140309,3162200
3250,369,387,414549,7255,1140696,3492100
3251,351,368,414198,7238,1141064,3306200
3252,382,355,413816,7265,1141419,3253500
3253,347,373,413469,7239,1141792,3454400
3254,392,362,413077,7269,1142154,3160200
3255,384,351,412693,7302,1142505,3476900
3256,361,387,412332,7276,1142892,3208100
3257,359,364,411973,7271,1143256,3663700
3258,381,371,411592,7281,1143627,3506600
3259,384,361,411208,7304,1143988,3769600
3260,382,379,410826,7307,1144367,3307600
3261,391,376,410435,7322,1144743,3844400
3262,344,369,410091,7297,1145112,3223000
3263,382,360,409709,7319,1145472,3486200
3264,374,359,409335,7334,1145831,3129100
3265,367,351,408968,7350,1146182,3761000
3266,366,383,408602,7333,1146565,3313900
3267,365,357,408237,7341,1146922,3502700
3268,371,347,407866,7365,1147269,3404700
3269,376,385,407490,7356,1147654,3498100
3270,349,404,407141,7301,1148058,3461700
3271,350,369,406791,7282,1148427,3361900
3272,367,362,406424,7287,1148789,3141600
3273,362,346,406062,7303,1149135,3284600
3274,363,339,405699,7327,1149474,3281400
3275,374,353,405325,7348,1149827,3406700
3276,369,334,404956,7383,1150161,3483100
3277,377,346,404579,7414,1150507,3106700
3278,361,372,404218,7403,1150879,3143500
3279,391,360,403827,7434,1151239,2992300
3280,405,374,403422,7465,1151613,3393100
3281,366,359,403056,7472,1151972,3354600
3282,376,410,402680,7438,1152382,3113300
3283,356,349,402324,7445,1152731,3222900
3284,374,330,401950,7489,1153061,3206400
3285,378,415,401572,7452,1153476,3246000
3286,380,390,401192,7442,1153866,3132900
3287,378,393,400814,7427,1154259,3157400
3288,389,356,400425,7460,1154615,3341600
3289,382,402,400043,7440,1155017,4054200
3290,331,355,399712,7416,1155372,3232100
3291,369,345,399343,7440,1155717,3688700
3292,341,380,399002,7401,1156097,3415700
3293,364,380,398638,7385,1156477,3282600
3294,377,386,398261,7376,1156863,3754700
3295,390,348,397871,7418,1157211,3619700
3296,393,376,397478,7435,1157587,3371800
3297,366,336,397112,7465,1157923,3254800
3298,387,378,396725,7474,1158301,3204700
3299,352,387,396373,7439,1158688,3269400
3300,372,362,396001,7449,1159050,3286400
3301,369,394,395632,7424,1159444,3607100
3302,374,379,395258,7419,1159823,3230800
3303,364,356,394894,7427,1160179,3471100
3304,356,372,394538,7411,1160551,3057600
3305,357,377,394181,7391,1160928,3260700
3306,385,358,393796,7418,1161286,3317300
3307,372,359,393424,7431,1161645,3161500
3308,382,351,393042,7462,1161996,3531000
3309,404,365,392638,7501,1162361,3225900
3310,368,393,392270,7476,1162754,3346100
3311,365,387,391905,7454,1163141,3291800
3312,354,379,391551,7429,1163520,3294200
3313,336,378,391215,7387,1163898,3208700
3314,353,362,390862,7378,1164260,3052400
3315,334,335,390528,7377,1164595,3605900
3316,366,373,390162,7370,1164968,3428600
3317,331,404,389831,7297,1165372,3222100
3318,356,352,389475,7301,1165724,3168500
3319,365,359,389110,7307,1166083,3146100
3320,319,399,388791,7227,1166482,3306300
3321,373,390,388418,7210,1166872,3383400
3322,304,372,388114,7142,1167244,3182900
3323,342,357,387772,7127,1167601,3239800
3324,351,331,387421,7147,1167932,3240500
3325,344,359,387077,7132,1168291,3220900
3326,360,373,386717,7119,1168664,3250000
3327,343,351,386374,7111,1169015,3187100
3328,343,349,386031,7105,1169364,3641900
3329,336,383,385695,7058,1169747,3695400
3330,371,366,385324,7063,1170113,3348700
3331,344,336,384980,7071,1170449,3240400
3332,401,352,384579,7120,1170801,3156700
3333,363,368,384216,7115,1171169,3186600
3334,370,356,383846,7129,1171525,3333600
3335,347,365,383499,7111,1171890,3218300
3336,350,377,383149,7084,1172267,3137700
3337,362,345,382787,7101,1172612,3518500
3338,336,370,382451,7067,1172982,3404300
3339,358,316,382093,7109,1173298,3264600
3340,328,327,381765,7110,1173625,3215900
3341,349,358,381416,7101,1173983,3252300
3342,380,364,381036,7117,1174347,3144500
3343,365,347,380671,7135,1174694,3264500
3344,375,340,380296,7170,1175034,3136300
3345,376,373,379920,7173,1175407,3267600
3346,358,333,379562,7198,1175740,3067700
3347,368,400,379194,7166,1176140,3147300
3348,365,343,378829,7188,1176483,3073300
3349,382,373,378447,7197,1176856,3320900
3350,367,346,378080,7218,1177202,3307300
3351,372,357,377708,7233,1177559,3382900
3352,392,360,377316,7265,1177919,3156100
3353,369,384,376947,7250,1178303,3457300
3354,355,366,376592,7239,1178669,3407000
3355,345,349,376247,7235,1179018,3798400
3356,351,340,375896,7246,1179358,3121800
3357,342,388,375554,7200,1179746,3125900
3358,326,361,375228,7165,1180107,3372000
3359,337,378,374891,7124,1180485,3232700
3360,363,332,374528,7155,1180817,3296000
3361,359,372,374169,7142,1181189,3048600
3362,335,368,373834,7109,1181557,3177800
3363,358,336,373476,7131,1181893,3053300
3364,303,333,373173,7101,1182226,3258500
3365,369,338,372804,7132,1182564,3618700
3366,383,394,372421,7121,1182958,3264600
3367,347,312,372074,7156,1183270,3750600
3368,353,328,371721,7181,1183598,3233400
3369,359,381,371362,7159,1183979,3501100
3370,335,329,371027,7165,1184308,3310800
3371,356,353,370671,7168,1184661,3254700
3372,338,373,370333,7133,1185034,3203600
3373,331,353,370002,7111,1185387,3379200
3374,360,363,369642,7108,1185750,3192500
3375,335,372,369307,7071,1186122,3330400
3376,388,378,368919,7081,1186500,3256200
3377,372,350,368547,7103,1186850,3317300
3378,367,359,368180,7111,1187209,3281400
3379,365,349,367815,7127,1187558,3233600
3380,346,376,367469,7097,1187934,3324400
3381,348,361,367121,7084,1188295,3151500
3382,344,340,366777,7088,1188635,3251000
3383,342,367,366435,7063,1189002,3298700
3384,344,347,366091,7060,1189349,3546200
3385,352,343,365739,7069,1189692,3373400
3386,338,346,365401,7061,1190038,3289200
3387,322,377,365079,7006,1190415,3300500
3388,322,378,364757,6950,1190793,3342700
3389,316,365,364441,6901,1191158,3409000
3390,322,383,364119,6840,1191541,3316100
3391,327,348,363792,6819,1191889,3288300
3392,328,359,363464,6788,1192248,3260900
3393,315,355,363149,6748,1192603,3117000
3394,335,330,362814,6753,1192933,3208300
3395,313,327,362501,6739,1193260,3353600
3396,301,334,362200,6706,1193594,3206100
3397,340,324,361860,6722,1193918,3370300
3398,355,343,361505,6734,1194261,3153600
3399,334,338,361171,6730,1194599,3615600
3400,335,332,360836,6733,1194931,3284800
3401,306,346,360530,6693,1195277,3117400
3402,336,382,360194,6647,1195659,3396600
3403,346,321,359848,6672,1195980,3239100
3404,349,341,359499,6680,1196321,3255400
3405,345,333,359154,6692,1196654,3351800
3406,337,319,358817,6710,1196973,3403500
3407,350,334,358467,6726,1197307,3443600
3408,348,360,358119,6714,1197667,3266700
3409,381,348,357738,6747,1198015,3207400
3410,332,334,357406,6745,1198349,3268500
3411,331,308,357075,6768,1198657,3396100
3412,335,372,356740,6731,1199029,3387900
3413,358,331,356382,6758,1199360,3269500
3414,360,309,356022,6809,1199669,3231500
3415,362,363,355660,6808,1200032,3401300
3416,334,363,355326,6779,1200395,3494500
3417,344,360,354982,6763,1200755,3371700
3418,332,347,354650,6748,1201102,3293600
3419,319,346,354331,6721,1201448,3181700
3420,318,305,354013,6734,1201753,3326900
3421,350,305,353663,6779,1202058,3488300
3422,328,349,353335,6758,1202407,3257300
3423,350,337,352985,6771,1202744,3405700
3424,340,367,352645,6744,1203111,3539400
3425,356,371,352289,6729,1203482,3417800
3426,315,340,351974,6704,1203822,3145400
3427,320,343,351654,6681,1204165,3462700
3428,340,323,351314,6698,1204488,3306100
3429,331,320,350983,6709,1204808,3174300
3430,377,339,350606,6747,1205147,3357600
3431,337,336,350269,6748,1205483,3199200
3432,357,339,349912,6766,1205822,3284100
3433,312,318,349600,6760,1206140,3124300
3434,320,353,349280,6727,1206493,3406700
3435,377,334,348903,6770,1206827,3475700
3436,320,333,348583,6757,1207160,3261300
3437,345,341,348238,6761,1207501,3350500
3438,332,334,347906,6759,1207835,3213700
3439,333,361,347573,6731,1208196,3428500
3440,326,306,347247,6751,1208502,3363900
3441,300,358,346947,6693,1208860,3459900
3442,332,326,346615,6699,1209186,3655800
3443,340,310,346275,6729,1209496,3229600
3444,328,313,345947,6744,1209809,3270300
3445,337,320,345610,6761,1210129,3350200
3446,338,358,345272,6741,1210487,3333500
3447,340,368,344932,6713,1210855,3149900
3448,346,326,344586,6733,1211181,3123100
3449,336,335,344250,6734,1211516,3135900
3450,342,346,343908,6730,1211862,3161200
3451,336,326,343572,6740,1212188,3229500
3452,319,339,343253,6720,1212527,3246300
3453,332,326,342921,6726,1212853,3396000
3454,336,386,342585,6676,1213239,3176200
3455,305,346,342280,6635,1213585,3203200
3456,330,329,341950,6636,1213914,3187400
3457,302,321,341648,6617,1214235,3224100
3458,321,345,341327,6593,1214580,3138800
3459,325,327,341002,6591,1214907,3219100
3460,343,319,340659,6615,1215226,3399300
3461,307,320,340352,6602,1215546,3192600
3462,325,307,340027,6620,1215853,3438800
3463,331,328,339696,6623,1216181,3548600
3464,338,314,339358,6647,1216495,3299000
3465,323,347,339035,6623,1216842,3273600
3466,358,308,338677,6673,1217150,3887400
3467,316,327,338361,6662,1217477,3679000
3468,303,355,338058,6610,1217832,3378500
3469,338,333,337720,6615,1218165,3246700
3470,352,345,337368,6622,1218510,3247600
3471,360,351,337008,6631,1218861,3364200
3472,346,289,336662,6688,1219150,3422600
3473,347,325,336315,6710,1219475,3256500
3474,368,332,335947,6746,1219807,3293700
3475,335,326,335612,6755,1220133,3399700
3476,363,341,335249,6777,1220474,3676700
3477,340,349,334909,6768,1220823,3328300
3478,331,350,334578,6749,1221173,3215700
3479,324,355,334254,6718,1221528,3510600
3480,326,330,333928,6714,1221858,3512400
3481,347,371,333581,6690,1222229,3533500
3482,369,329,333212,6730,1222558,3410400
3483,319,330,332893,6719,1222888,3419400
3484,326,366,332567,6679,1223254,3252200
3485,359,332,332208,6706,1223586,3228500
3486,341,356,331867,6691,1223942,3156700
3487,326,338,331541,6679,1224280,3240300
3488,338,373,331203,6644,1224653,3322300
3489,297,320,330906,6621,1224973,3305700
3490,340,337,330566,6624,1225310,3638900
3491,330,358,330236,6596,1225668,3318100
3492,345,318,329891,6623,1225986,3273600
3493,324,313,329567,6634,1226299,3173400
3494,321,332,329246,6623,1226631,3185300
3495,329,292,328917,6660,1226923,3762400
3496,309,310,328608,6659,1227233,3449700
3497,378,322,328230,6715,1227555,3384700
3498,329,313,327901,6731,1227868,3607100
3499,321,372,327580,6680,1228240,3404500
3500,354,326,327226,6708,1228566,3351700
3501,360,317,326866,6751,1228883,3981600
3502,344,329,326522,6766,1229212,3394100
3503,342,353,326180,6755,1229565,3354900
3504,356,327,325824,6784,1229892,3719700
3505,338,317,325486,6805,1230209,3570100
3506,378,330,325108,6853,1230539,3298000
3507,345,335,324763,6863,1230874,3379500
3508,374,373,324389,6864,1231247,3478000
3509,354,339,324035,6879,1231586,3342600
3510,373,328,323662,6924,1231914,3722400
3511,350,326,323312,6948,1232240,3699200
3512,337,374,322975,6911,1232614,3317900
3513,358,340,322617,6929,1232954,3516200
3514,378,353,322239,6954,1233307,3541100
3515,369,364,321870,6959,1233671,3080000
3516,305,354,321565,6910,1234025,3435100
3517,313,335,321252,6888,1234360,3270800
3518,343,352,320909,6879,1234712,3174600
3519,359,362,320550,6876,1235074,3295000
3520,345,389,320205,6832,1235463,2999000
3521,311,336,319894,6807,1235799,3444900
3522,370,339,319524,6838,1236138,3491900
3523,341,341,319183,6838,1236479,3276600
3524,321,342,318862,6817,1236821,3262500
3525,358,325,318504,6850,1237146,3102000
3526,347,359,318157,6838,1237505,3172500
3527,333,333,317824,6838,1237838,3281600
3528,340,338,317484,6840,1238176,3221500
3529,311,313,317173,6838,1238489,3275400
3530,340,361,316833,6817,1238850,3215800
3531,334,346,316499,6805,1239196,3124300
3532,328,371,316171,6762,1239567,3118200
3533,385,327,315786,6820,1239894,3248500
3534,313,347,315473,6786,1240241,3266500
3535,341,347,315132,6780,1240588,3046500
3536,341,356,314791,6765,1240944,3372900
3537,331,348,314460,6748,1241292,3305700
3538,343,326,314117,6765,1241618,3235700
3539,345,366,313772,6744,1241984,3178700
3540,344,326,313428,6762,1242310,3357300
3541,328,326,313100,6764,1242636,3158700
3542,352,343,312748,6773,1242979,3306400
3543,351,340,312397,6784,1243319,3572900
3544,351,302,312046,6833,1243621,3242300
3545,351,334,311695,6850,1243955,3328700
3546,348,339,311347,6859,1244294,3632100
3547,380,343,310967,6896,1244637,3206200
3548,370,327,310597,6939,1244964,3340400
3549,345,374,310252,6910,1245338,3105200
3550,339,338,309913,6911,1245676,3235000
3551,336,337,309577,6910,1246013,3474300
3552,354,349,309223,6915,1246362,3250900
3553,338,347,308885,6906,1246709,3227800
3554,324,302,308561,6928,1247011,3645400
3555,389,306,308172,7011,1247317,3419000
3556,364,380,307808,6995,1247697,3436500
3557,345,345,307463,6995,1248042,3291300
3558,333,358,307130,6970,1248400,3196500
3559,352,348,306778,6974,1248748,3110400
3560,350,343,306428,6981,1249091,3204900
3561,371,348,306057,7004,1249439,3151900
3562,339,368,305718,6975,1249807,3119300
3563,354,307,305364,7022,1250114,3351200
3564,356,345,305008,7033,1250459,3410000
3565,362,389,304646,7006,1250848,3271500
3566,325,343,304321,6988,1251191,3377300
3567,377,345,303944,7020,1251536,3422800
3568,338,335,303606,7023,1251871,3278600
3569,341,344,303265,7020,1252215,3110700
3570,346,315,302919,7051,1252530,3751800
3571,341,378,302578,7014,1252908,3428600
3572,359,366,302219,7007,1253274,3156500
3573,315,384,301904,6938,1253658,3215000
3574,332,316,301572,6954,1253974,3182700
3575,315,356,301257,6913,1254330,3241400
3576,311,344,300946,6880,1254674,3304800
3577,361,362,300585,6879,1255036,3214100
3578,348,361,300237,6866,1255397,3370800
3579,339,360,299898,6845,1255757,3302800
3580,342,333,299556,6854,1256090,3565200
3581,341,361,299215,6834,1256451,3242500
3582,349,321,298866,6862,1256772,3267700
3583,340,326,298526,6876,1257098,3701000
3584,353,348,298173,6881,1257446,3349300
3585,343,361,297830,6863,1257807,3240600
3586,348,356,297482,6855,1258163,3260500
3587,368,328,297114,6895,1258491,3213100
3588,379,306,296735,6968,1258797,3388800
3589,373,363,296362,6978,1259160,3210500
3590,334,354,296028,6958,1259514,3240200
3591,348,355,295680,6951,1259869,3244100
3592,385,342,295295,6994,1260211,3477300
3593,358,347,294937,7005,1260558,3634600
3594,327,369,294610,6963,1260927,3161000
3595,356,356,294254,6963,1261283,3549800
3596,353,331,293901,6985,1261614,3257500
3597,373,332,293528,7026,1261946,3460200
3598,340,351,293188,7015,1262297,3277000
3599,391,378,292797,7028,1262675,3604000
3600,334,343,292463,7019,1263018,3212100
3601,345,323,292118,7041,1263341,3322000
3602,342,357,291776,7026,1263698,3473300
3603,324,342,291452,7008,1264040,3301800
3604,371,356,291081,7023,1264396,3274900
3605,342,339,290739,7026,1264735,3348300
3606,341,350,290398,7017,1265085,3322900
3607,322,331,290076,7008,1265416,3164600
3608,356,362,289720,7002,1265778,3270600
3609,330,332,289390,7000,1266110,3159400
3610,345,373,289045,6972,1266483,3157600
3611,327,354,288718,6945,1266837,3280200
3612,330,351,288388,6924,1267188,3369200
3613,370,355,288018,6939,1267543,3361300
3614,317,356,287701,6900,1267899,3471500
3615,350,346,287351,6904,1268245,3190200
3616,346,347,287005,6903,1268592,3414800
3617,335,330,286670,6908,1268922,3172200
3618,341,354,286329,6895,1269276,3358100
3619,340,332,285989,6903,1269608,3432500
3620,356,350,285633,6909,1269958,3380800
3621,343,313,285290,6939,1270271,3643900
3622,350,362,284940,6927,1270633,3263900
3623,338,323,284602,6942,1270956,3283500
3624,306,340,284296,6908,1271296,3234500
3625,302,350,283994,6860,1271646,3168100
3626,328,345,283666,6843,1271991,3383700
3627,336,326,283330,6853,1272317,3178200
3628,349,348,282981,6854,1272665,3312200
3629,329,343,282652,6840,1273008,3176000
3630,274,327,282378,6787,1273335,3388900
3631,318,350,282060,6755,1273685,3242300
3632,337,335,281723,6757,1274020,3300000
3633,325,309,281398,6773,1274329,3427000
3634,307,326,281091,6754,1274655,3137000
3635,322,364,280769,6712,1275019,3265900
3636,328,365,280441,6675,1275384,3244900
3637,340,359,280101,6656,1275743,3159200
3638,299,349,279802,6606,1276092,3249600
3639,322,335,279480,6593,1276427,3151800
3640,339,336,279141,6596,1276763,3261500
3641,324,320,278817,6600,1277083,3144900
3642,330,305,278487,6625,1277388,3117100
3643,343,306,278144,6662,1277694,3354000
3644,319,335,277825,6646,1278029,3223000
3645,313,284,277512,6675,1278313,3380200
3646,323,343,277189,6655,1278656,3120700
3647,309,349,276880,6615,1279005,3296100
3648,304,354,276576,6565,1279359,3099200
3649,283,337,276293,6511,1279696,3358900
3650,300,316,275993,6495,1280012,3265800
3651,348,322,275645,6521,1280334,3056800
3652,290,358,275355,6453,1280692,3283900
3653,320,297,275035,6476,1280989,3175500
3654,305,339,274730,6442,1281328,3191200
3655,315,332,274415,6425,1281660,3193200
3656,294,320,274121,6399,1281980,3154700
3657,309,321,273812,6387,1282301,3221000
3658,293,313,273519,6367,1282614,3037800
3659,316,311,273203,6372,1282925,3335800
3660,312,317,272891,6367,1283242,3309100
3661,332,352,272559,6347,1283594,3157100
3662,305,302,272254,6350,1283896,3383400
3663,317,319,271937,6348,1284215,3170600
3664,322,325,271615,6345,1284540,3333400
3665,305,298,271310,6352,1284838,3075200
3666,310,312,271000,6350,1285150,3197500
3667,335,315,270665,6370,1285465,3240700
3668,317,328,270348,6359,1285793,3199000
3669,322,312,270026,6369,1286105,3479300
3670,309,337,269717,6341,1286442,3118600
3671,321,308,269396,6354,1286750,3129800
3672,319,322,269077,6351,1287072,3009100
3673,334,336,268743,6349,1287408,3371700
3674,342,325,268401,6366,1287733,3168000
3675,326,303,268075,6389,1288036,3116200
3676,359,339,267716,6409,1288375,3182800
3677,328,328,267388,6409,1288703,3154600
3678,334,316,267054,6427,1289019,3411900
3679,343,334,266711,6436,1289353,3178000
3680,341,347,266370,6430,1289700,3178900
3681,331,338,266039,6423,1290038,3227300
3682,336,311,265703,6448,1290349,3130100
3683,303,345,265400,6406,1290694,3260000
3684,350,342,265050,6414,1291036,3086100
3685,319,334,264731,6399,1291370,3269100
3686,308,316,264423,6391,1291686,3432300
3687,345,289,264078,6447,1291975,3432400
3688,348,319,263730,6476,1292294,3342200
3689,358,329,263372,6505,1292623,3291400
3690,338,343,263034,6500,1292966,3735300
3691,347,358,262687,6489,1293324,3343400
3692,324,351,262363,6462,1293675,3163600
3693,303,331,262060,6434,1294006,3191700
3694,329,350,261731,6413,1294356,3558000
3695,340,307,261391,6446,1294663,3162000
3696,321,349,261070,6418,1295012,3699500
3697,324,285,260746,6457,1295297,3490900
3698,338,327,260408,6468,1295624,3189900
3699,329,302,260079,6495,1295926,3064500
3700,324,314,259755,6505,1296240,3201300
3701,345,346,259410,6504,1296586,3148500
3702,315,330,259095,6489,1296916,3304200
3703,329,330,258766,6488,1297246,3285500
3704,355,291,258411,6552,1297537,3098200
3705,320,326,258091,6546,1297863,3213400
3706,320,326,257771,6540,1298189,3348300
3707,321,319,257450,6542,1298508,3319700
3708,301,328,257149,6515,1298836,3270300
3709,316,335,256833,6496,1299171,3106200
3710,298,323,256535,6471,1299494,3209800
3711,319,336,256216,6454,1299830,2991500
3712,345,324,255871,6475,1300154,3215600
3713,345,331,255526,6489,1300485,3195900
3714,338,339,255188,6488,1300824,3081400
3715,329,332,254859,6485,1301156,3174800
3716,355,309,254504,6531,1301465,3130800
3717,310,331,254194,6510,1301796,3396700
3718,335,295,253859,6550,1302091,3166000
3719,354,335,253505,6569,1302426,3162200
3720,296,339,253209,6526,1302765,3516600
3721,324,330,252885,6520,1303095,3316300
3722,318,326,252567,6512,1303421,3325800
3723,352,304,252215,6560,1303725,3184200
3724,315,323,251900,6552,1304048,3342000
3725,286,329,251614,6509,1304377,3270700
3726,323,333,251291,6499,1304710,3235100
3727,306,325,250985,6480,1305035,3232700
3728,330,306,250655,6504,1305341,3040600
3729,338,313,250317,6529,1305654,3226000
3730,329,314,249988,6544,1305968,3060800
3731,326,324,249662,6546,1306292,3141700
3732,327,332,249335,6541,1306624,3441900
3733,320,328,249015,6533,1306952,3306800
3734,288,345,248727,6476,1307297,3114700
3735,307,358,248420,6425,1307655,3030100
3736,323,328,248097,6420,1307983,3240200
3737,341,312,247756,6449,1308295,3481100
3738,327,317,247429,6459,1308612,3219900
3739,316,316,247113,6459,1308928,3305300
3740,321,313,246792,6467,1309241,3021700
3741,331,351,246461,6447,1309592,3396700
3742,296,331,246165,6412,1309923,3376900
3743,274,301,245891,6385,1310224,3152700
3744,295,312,245596,6368,1310536,3313600
3745,322,344,245274,6346,1310880,3456000
3746,325,317,244949,6354,1311197,3403600
3747,321,311,244628,6364,1311508,3389500
3748,318,296,244310,6386,1311804,3285500
3749,368,345,243942,6409,1312149,3541400
3750,324,306,243618,6427,1312455,3259000
3751,294,314,243324,6407,1312769,3199700
3752,316,306,243008,6417,1313075,3566800
3753,326,341,242682,6402,1313416,3370600
3754,337,313,242345,6426,1313729,3419900
3755,330,332,242015,6424,1314061,3389300
3756,324,309,241691,6439,1314370,3404800
3757,333,334,241358,6438,1314704,3369700
3758,318,363,241040,6393,1315067,3208800
3759,323,326,240717,6390,1315393,3368100
3760,312,293,240405,6409,1315686,3221900
3761,285,330,240120,6364,1316016,3224400
3762,340,338,239780,6366,1316354,3412700
3763,331,333,239449,6364,1316687,3204000
3764,325,336,239124,6353,1317023,3477200
3765,337,322,238787,6368,1317345,3375700
3766,339,310,238448,6397,1317655,3414700
3767,333,283,238115,6447,1317938,3379200
3768,329,316,237786,6460,1318254,3276900
3769,294,332,237492,6422,1318586,3436600
3770,327,355,237165,6394,1318941,3535300
3771,316,337,236849,6373,1319278,3245400
3772,330,316,236519,6387,1319594,3474800
3773,334,334,236185,6387,1319928,3403900
3774,282,357,235903,6312,1320285,3197700
3775,312,329,235591,6295,1320614,3386300
3776,307,318,235284,6284,1320932,3398300
3777,316,312,234968,6288,1321244,3525900
3778,308,322,234660,6274,1321566,3198100
3779,305,294,234355,6285,1321860,3203400
3780,281,358,234074,6208,1322218,3416600
3781,275,340,233799,6143,1322558,3137300
3782,288,287,233511,6144,1322845,3490500
3783,301,245,233210,6200,1323090,3280800
3784,320,298,232890,6222,1323388,3284400
3785,281,301,232609,6202,1323689,3482500
3786,311,297,232298,6216,1323986,3247800
3787,286,275,232012,6227,1324261,3412300
3788,283,320,231729,6190,1324581,3181500
3789,297,318,231432,6169,1324899,3256900
3790,304,316,231128,6157,1325215,3362700
3791,323,320,230805,6160,1325535,3329200
3792,282,307,230523,6135,1325842,3387100
3793,306,331,230217,6110,1326173,3185100
3794,264,299,229953,6075,1326472,3202500
3795,303,295,229650,6083,1326767,3419400
3796,312,292,229338,6103,1327059,3150500
3797,277,298,229061,6082,1327357,3256700
3798,292,307,228769,6067,1327664,3129600
3799,331,315,228438,6083,1327979,3194300
3800,279,325,228159,6037,1328304,3261200
3801,272,292,227887,6017,1328596,3432900
3802,290,297,227597,6010,1328893,3478600
3803,298,323,227299,5985,1329216,3760400
3804,305,271,226994,6019,1329487,3484100
3805,298,315,226696,6002,1329802,3483800
3806,288,289,226408,6001,1330091,3367400
3807,336,303,226072,6034,1330394,3468100
3808,295,304,225777,6025,1330698,3513400
3809,290,308,225487,6007,1331006,3461500
3810,291,309,225196,5989,1331315,4028500
3811,284,284,224912,5989,1331599,3922000
3812,288,305,224624,5972,1331904,3302000
3813,288,303,224336,5957,1332207,3359200
3814,293,286,224043,5964,1332493,3186400
3815,301,253,223742,6012,1332746,3227700
3816,293,294,223449,6011,1333040,3150800
3817,296,280,223153,6027,1333320,3198800
3818,297,341,222856,5983,1333661,3460200
3819,296,265,222560,6014,1333926,3195000
3820,313,311,222247,6016,1334237,3210500
3821,268,305,221979,5979,1334542,3027200
3822,298,286,221681,5991,1334828,3326300
3823,297,295,221384,5993,1335123,3221700
3824,284,295,221100,5982,1335418,3154700
3825,289,302,220811,5969,1335720,3209000
3826,277,295,220534,5951,1336015,3331800
3827,290,291,220244,5950,1336306,3316600
3828,335,322,219909,5963,1336628,3160200
3829,303,276,219606,5990,1336904,3220700
3830,302,302,219304,5990,1337206,3176200
3831,311,310,218993,5991,1337516,3093500
3832,304,310,218689,5985,1337826,3273300
3833,281,279,218408,5987,1338105,3184700
3834,307,273,218101,6021,1338378,3189400
3835,312,318,217789,6015,1338696,3455200
3836,305,280,217484,6040,1338976,3264700
3837,298,313,217186,6025,1339289,3220700
3838,306,309,216880,6022,1339598,3143600
3839,318,308,216562,6032,1339906,3244100
3840,294,317,216268,6009,1340223,3191300
3841,305,279,215963,6035,1340502,3218400
3842,275,271,215688,6039,1340773,3429300
3843,275,298,215413,6016,1341071,3486700
3844,303,329,215110,5990,1341400,3450600
3845,306,297,214804,5999,1341697,3459500
3846,286,289,214518,5996,1341986,3234000
3847,309,322,214209,5983,1342308,3471000
3848,309,316,213900,5976,1342624,3512600
3849,285,306,213615,5955,1342930,3267100
3850,296,303,213319,5948,1343233,3170100
3851,288,272,213031,5964,1343505,3332100
3852,324,275,212707,6013,1343780,3311500
3853,306,336,212401,5983,1344116,3445700
3854,292,302,212109,5973,1344418,3148300
3855,299,315,211810,5957,1344733,3320900
3856,281,319,211529,5919,1345052,3245500
3857,281,309,211248,5891,1345361,3442100
3858,272,313,210976,5850,1345674,3274000
3859,290,292,210686,5848,1345966,3404600
3860,241,292,210445,5797,1346258,3580600
3861,270,299,210175,5768,1346557,3394900
3862,289,268,209886,5789,1346825,3363600
3863,286,294,209600,5781,1347119,3546600
3864,293,308,209307,5766,1347427,3108300
3865,265,268,209042,5763,1347695,3096300
3866,265,298,208777,5730,1347993,3328100
3867,256,297,208521,5689,1348290,3462700
3868,245,298,208276,5636,1348588,3102800
3869,280,282,207996,5634,1348870,3301800
3870,261,270,207735,5625,1349140,3232600
3871,255,264,207480,5616,1349404,3302100
3872,296,289,207184,5623,1349693,3260300
3873,280,298,206904,5605,1349991,3110500
3874,289,293,206615,5601,1350284,3154300
3875,266,303,206349,5564,1350587,3382700
3876,260,279,206089,5545,1350866,3220300
3877,258,278,205831,5525,1351144,3264800
3878,275,283,205556,5517,1351427,3111000
3879,260,276,205296,5501,1351703,3201100
3880,272,289,205024,5484,1351992,3068900
3881,256,277,204768,5463,1352269,3166600
3882,258,274,204510,5447,1352543,3024800
3883,287,278,204223,5456,1352821,3166600
3884,250,260,203973,5446,1353081,3063700
3885,242,255,203731,5433,1353336,3314800
3886,280,252,203451,5461,1353588,3536900
3887,267,289,203184,5439,1353877,3099800
3888,259,265,202925,5433,1354142,3219600
3889,241,233,202684,5441,1354375,3252800
3890,262,302,202422,5401,1354677,3448800
3891,243,271,202179,5373,1354948,3234700
3892,244,272,201935,5345,1355220,3127500
3893,262,268,201673,5339,1355488,3225300
3894,271,265,201402,5345,1355753,3121800
3895,271,246,201131,5370,1355999,3229200
3896,244,278,200887,5336,1356277,3215000
3897,249,274,200638,5311,1356551,3138700
3898,262,272,200376,5301,1356823,3385400
3899,272,262,200104,5311,1357085,3116400
3900,232,266,199872,5277,1357351,3179200
3901,267,285,199605,5259,1357636,3283300
3902,253,235,199352,5277,1357871,3409600
3903,263,278,199089,5262,1358149,3200500
3904,274,243,198815,5293,1358392,3217900
3905,241,266,198574,5268,1358658,3163400
3906,280,263,198294,5285,1358921,3081800
3907,235,237,198059,5283,1359158,3233500
3908,259,251,197800,5291,1359409,3105800
3909,273,279,197527,5285,1359688,3444300
3910,262,269,197265,5278,1359957,3294100
3911,277,288,196988,5267,1360245,3173100
3912,259,272,196729,5254,1360517,3185300
3913,261,256,196468,5259,1360773,3428700
3914,249,256,196219,5252,1361029,3160000
3915,246,275,195973,5223,1361304,3279300
3916,248,251,195725,5220,1361555,3278200
3917,271,242,195454,5249,1361797,3099500
3918,252,266,195202,5235,1362063,3053100
3919,254,267,194948,5222,1362330,3382300
3920,262,229,194686,5255,1362559,3481000
3921,270,259,194416,5266,1362818,3162700
3922,260,235,194156,5291,1363053,3175500
3923,238,239,193918,5290,1363292,3079500
3924,261,269,193657,5282,1363561,3230500
3925,254,297,193403,5239,1363858,3148200
3926,263,270,193140,5232,1364128,3221600
3927,260,277,192880,5215,1364405,3348900
3928,273,265,192607,5223,1364670,3120800
3929,267,264,192340,5226,1364934,3181800
3930,252,280,192088,5198,1365214,3128700
3931,258,274,191830,5182,1365488,3083700
3932,266,238,191564,5210,1365726,3357300
3933,257,249,191307,5218,1365975,3284400
3934,248,249,191059,5217,1366224,3346300
3935,268,259,190791,5226,1366483,3102200
3936,250,270,190541,5206,1366753,3342500
3937,280,254,190261,5232,1367007,3408500
3938,250,244,190011,5238,1367251,3346500
3939,263,236,189748,5265,1367487,3438900
3940,246,234,189502,5277,1367721,3403900
3941,232,253,189270,5256,1367974,3312300
3942,262,265,189008,5253,1368239,3181900
3943,258,252,188750,5259,1368491,3319900
3944,261,260,188489,5260,1368751,3387300
3945,244,264,188245,5240,1369015,3161400
3946,250,246,187995,5244,1369261,3202000
3947,251,235,187744,5260,1369496,3116600
3948,242,284,187502,5218,1369780,3421700
3949,270,264,187232,5224,1370044,3290800
3950,227,263,187005,5188,1370307,3221100
3951,262,230,186743,5220,1370537,3261100
3952,229,248,186514,5201,1370785,3203700
3953,266,259,186248,5208,1371044,3165100
3954,283,243,185965,5248,1371287,3221100
3955,256,237,185709,5267,1371524,3145500
3956,287,261,185422,5293,1371785,3483300
3957,282,259,185140,5316,1372044,3083400
3958,251,284,184889,5283,1372328,3226400
3959,249,301,184640,5231,1372629,3363500
3960,241,283,184399,5189,1372912,3104900
3961,280,246,184119,5223,1373158,3286000
3962,246,281,183873,5188,1373439,3239600
3963,258,272,183615,5174,1373711,3168000
3964,236,243,183379,5167,1373954,3761000
3965,285,253,183094,5199,1374207,3224500
3966,245,266,182849,5178,1374473,3561400
3967,255,250,182594,5183,1374723,3317600
3968,250,235,182344,5198,1374958,3347400
3969,239,247,182105,5190,1375205,3074800
3970,255,252,181850,5193,1375457,3235100
3971,260,257,181590,5196,1375714,3303300
3972,242,254,181348,5184,1375968,3279900
3973,255,281,181093,5158,1376249,3100100
3974,240,261,180853,5137,1376510,3613100
3975,256,248,180597,5145,1376758,3113600
3976,234,247,180363,5132,1377005,3583500
3977,241,268,180122,5105,1377273,3125800
3978,273,236,179849,5142,1377509,3524300
3979,257,269,179592,5130,1377778,3058400
3980,251,272,179341,5109,1378050,3466400
3981,253,266,179088,5096,1378316,3727200
3982,204,228,178884,5072,1378544,3353400
3983,266,248,178618,5090,1378792,3161300
3984,223,250,178395,5063,1379042,3363000
3985,237,254,178158,5046,1379296,3224100
3986,260,252,177898,5054,1379548,3393700
3987,244,274,177654,5024,1379822,3327000
3988,245,254,177409,5015,1380076,3278100
3989,230,236,177179,5009,1380312,3147600
3990,251,258,176928,5002,1380570,3707600
3991,245,257,176683,4990,1380827,3236400
3992,239,265,176444,4964,1381092,3181700
3993,242,269,176202,4937,1381361,3268700
3994,237,255,175965,4919,1381616,3198500
3995,226,233,175739,4912,1381849,3302700
3996,228,270,175511,4870,1382119,3125400
3997,248,231,175263,4887,1382350,3072500
3998,230,230,175033,4887,1382580,3382500
3999,260,242,174773,4905,1382822,3116500
4000,231,230,174542,4906,1383052,3215500
4001,247,221,174295,4932,1383273,3164400
4002,237,258,174058,4911,1383531,3118700
4003,219,241,173839,4889,1383772,3246100
4004,251,214,173588,4926,1383986,3254200
4005,234,215,173354,4945,1384201,3440400
4006,261,244,173093,4962,1384445,3233400
4007,252,243,172841,4971,1384688,3164000
4008,227,250,172614,4948,1384938,3197200
4009,222,217,172392,4953,1385155,3414700
4010,216,231,172176,4938,1385386,3263000
4011,237,256,171939,4919,1385642,3073600
4012,240,242,171699,4917,1385884,3101900
4013,256,270,171443,4903,1386154,3462400
4014,258,225,171185,4936,1386379,3303800
4015,257,258,170928,4935,1386637,3275600
4016,250,246,170678,4939,1386883,3070900
4017,244,230,170434,4953,1387113,3190600
4018,237,243,170197,4947,1387356,3004000
4019,240,248,169957,4939,1387604,3394300
4020,242,282,169715,4899,1387886,3375300
4021,256,240,169459,4915,1388126,3178600
4022,231,246,169228,4900,1388372,3371500
4023,216,248,169012,4868,1388620,3284000
4024,266,263,168746,4871,1388883,3315200
4025,245,217,168501,4899,1389100,3204200
4026,243,222,168258,4920,1389322,3192400
4027,244,250,168014,4914,1389572,3224000
4028,230,235,167784,4909,1389807,3131400
4029,241,248,167543,4902,1390055,3202900
4030,261,240,167282,4923,1390295,3219500
4031,239,250,167043,4912,1390545,3164600
4032,231,246,166812,4897,1390791,3413000
4033,247,250,166565,4894,1391041,3410200
4034,250,223,166315,4921,1391264,3220800
4035,233,238,166082,4916,1391502,3225100
4036,247,263,165835,4900,1391765,3102400
4037,234,239,165601,4895,1392004,3428200
4038,244,254,165357,4885,1392258,3166200
4039,267,231,165090,4921,1392489,3245400
4040,240,266,164850,4895,1392755,3017100
4041,252,254,164598,4893,1393009,3217900
4042,236,221,164362,4908,1393230,2980100
4043,226,249,164136,4885,1393479,3184000
4044,215,238,163921,4862,1393717,3072000
4045,221,216,163700,4867,1393933,3077400
4046,211,235,163489,4843,1394168,3150200
4047,213,268,163276,4788,1394436,3161800
4048,221,234,163055,4775,1394670,3589900
4049,205,207,162850,4773,1394877,3038700
4050,238,236,162612,4775,1395113,3261400
4051,199,259,162413,4715,1395372,3167700
4052,234,199,162179,4750,1395571,3292400
4053,222,240,161957,4732,1395811,3346900
4054,197,237,161760,4692,1396048,3083300
4055,206,220,161554,4678,1396268,3133700
4056,194,221,161360,4651,1396489,3431100
4057,225,217,161135,4659,1396706,3115100
4058,216,229,160919,4646,1396935,3500600
4059,216,231,160703,4631,1397166,3188900
4060,237,210,160466,4658,1397376,3171700
4061,241,241,160225,4658,1397617,3280500
4062,222,244,160003,4636,1397861,3111200
4063,222,244,159781,4614,1398105,3289800
4064,201,245,159580,4570,1398350,3050200
4065,222,246,159358,4546,1398596,3226300
4066,189,232,159169,4503,1398828,3278500
4067,211,236,158958,4478,1399064,3435200
4068,214,236,158744,4456,1399300,3185000
4069,217,250,158527,4423,1399550,3143600
4070,216,197,158311,4442,1399747,3454000
4071,226,219,158085,4449,1399966,3238900
4072,209,214,157876,4444,1400180,3154900
4073,215,212,157661,4447,1400392,3169700
4074,224,247,157437,4424,1400639,3098200
4075,238,229,157199,4433,1400868,3204900
4076,207,234,156992,4406,1401102,3123400
4077,172,247,156820,4331,1401349,3490700
4078,198,213,156622,4316,1401562,3067800
4079,223,193,156399,4346,1401755,3171100
4080,236,224,156163,4358,1401979,3440700
4081,234,218,155929,4374,1402197,3119800
4082,220,223,155709,4371,1402420,3364000
4083,228,224,155481,4375,1402644,3264900
4084,206,208,155275,4373,1402852,3408300
4085,219,233,155056,4359,1403085,3386300
4086,227,212,154829,4374,1403297,3224000
4087,221,197,154608,4398,1403494,3162000
4088,199,241,154409,4356,1403735,3031400
4089,187,198,154222,4345,1403933,3298100
4090,194,190,154028,4349,1404123,3001600
4091,192,224,153836,4317,1404347,3170800
4092,203,231,153633,4289,1404578,3237400
4093,227,209,153406,4307,1404787,3082800
4094,236,226,153170,4317,1405013,3199800
4095,215,207,152955,4325,1405220,3120100
4096,234,199,152721,4360,1405419,3201100
4097,209,229,152512,4340,1405648,3096700
4098,225,204,152287,4361,1405852,3101400
4099,228,224,152059,4365,1406076,3268400
4100,238,215,151821,4388,1406291,3229200
4101,222,233,151599,4377,1406524,3058200
4102,223,223,151376,4377,1406747,3207700
4103,214,241,151162,4350,1406988,3243700
4104,219,199,150943,4370,1407187,3068800
4105,219,221,150724,4368,1407408,3433600
4106,235,202,150489,4401,1407610,3382100
4107,226,182,150263,4445,1407792,3595300
4108,210,219,150053,4436,1408011,3303300
4109,226,203,149827,4459,1408214,3263900
4110,206,212,149621,4453,1408426,3801400
4111,204,204,149417,4453,1408630,3608800
4112,239,213,149178,4479,1408843,10088100
4113,228,201,148950,4506,1409044,11509500
4114,211,260,148739,4457,1409304,6411400
4115,186,242,148553,4401,1409546,3639600
4116,221,217,148332,4405,1409763,3464600
4117,206,221,148126,4390,1409984,3331700
4118,244,196,147882,4438,1410180,3297900
4119,195,228,147687,4405,1410408,3576000
4120,188,248,147499,4345,1410656,4174900
4121,224,221,147275,4348,1410877,3657500
4122,223,199,147052,4372,1411076,3335700
4123,217,197,146835,4392,1411273,3529400
4124,179,209,146656,4362,1411482,3818900
4125,202,218,146454,4346,1411700,3249400
4126,215,212,146239,4349,1411912,3605500
4127,216,222,146023,4343,1412134,4338800
4128,198,205,145825,4336,1412339,3280400
4129,202,212,145623,4326,1412551,3575100
4130,211,195,145412,4342,1412746,3520000
4131,201,216,145211,4327,1412962,3324900
4132,220,228,144991,4319,1413190,3381500
4133,208,225,144783,4302,1413415,3188200
4134,195,205,144588,4292,1413620,3102400
4135,205,211,144383,4286,1413831,3512900
4136,214,210,144169,4290,1414041,3367800
4137,213,212,143956,4291,1414253,3252300
4138,228,229,143728,4290,1414482,3216400
4139,225,207,143503,4308,1414689,3119400
4140,201,229,143302,4280,1414918,3155000
4141,208,202,143094,4286,1415120,3267400
4142,228,199,142866,4315,1415319,3448600
4143,194,226,142672,4283,1415545,3250600
4144,200,209,142472,4274,1415754,3295600
4145,193,210,142279,4257,1415964,3270100
4146,217,216,142062,4258,1416180,3304600
4147,206,221,141856,4243,1416401,3238400
4148,204,211,141652,4236,1416612,3166100
4149,195,187,141457,4244,1416799,3189100
4150,185,201,141272,4228,1417000,3248100
4151,210,234,141062,4204,1417234,3340200
4152,189,245,140873,4148,1417479,3818300
4153,185,208,140688,4125,1417687,3199000
4154,201,191,140487,4135,1417878,3277300
4155,202,215,140285,4122,1418093,3472500
4156,211,194,140074,4139,1418287,3298800
4157,201,210,139873,4130,1418497,3629800
4158,199,199,139674,4130,1418696,3257800
4159,215,225,139459,4120,1418921,3836400
4160,203,215,139256,4108,1419136,3224900
4161,166,192,139090,4082,1419328,3313800
4162,223,194,138867,4111,1419522,3212400
4163,214,204,138653,4121,1419726,3247200
4164,215,207,138438,4129,1419933,3205800
4165,199,218,138239,4110,1420151,3338300
4166,183,181,138056,4112,1420332,3243600
4167,205,208,137851,4109,1420540,3703300
4168,182,190,137669,4101,1420730,3328300
4169,200,204,137469,4097,1420934,3568600
4170,195,173,137274,4119,1421107,3292400
4171,200,198,137074,4121,1421305,3170900
4172,205,222,136869,4104,1421527,3194500
4173,199,194,136670,4109,1421721,3229000
4174,213,195,136457,4127,1421916,3259100
4175,208,204,136249,4131,1422120,3188200
4176,192,178,136057,4145,1422298,3213300
4177,217,212,135840,4150,1422510,3309400
4178,194,217,135646,4127,1422727,3416700
4179,186,224,135460,4089,1422951,3327600
4180,198,215,135262,4072,1423166,3330500
4181,198,181,135064,4089,1423347,3191300
4182,195,187,134869,4097,1423534,3433500
4183,210,189,134659,4118,1423723,3272200
4184,160,194,134499,4084,1423917,3300700
4185,213,190,134286,4107,1424107,3195300
4186,200,203,134086,4104,1424310,3198400
4187,196,216,133890,4084,1424526,3405700
4188,181,206,133709,4059,1424732,3185500
4189,174,203,133535,4030,1424935,3315900
4190,213,209,133322,4034,1425144,3238900
4191,189,182,133133,4041,1425326,3280200
4192,216,202,132917,4055,1425528,3311700
4193,245,199,132672,4101,1425727,3356600
4194,218,194,132454,4125,1425921,3132300
4195,203,205,132251,4123,1426126,3145300
4196,228,195,132023,4156,1426321,3177100
4197,214,224,131809,4146,1426545,3288500
4198,218,187,131591,4177,1426732,3560400
4199,203,220,131388,4160,1426952,3075200
4200,201,213,131187,4148,1427165,3178200
4201,200,207,130987,4141,1427372,3334200
4202,181,232,130806,4090,1427604,3395600
4203,237,184,130569,4143,1427788,3256100
4204,200,191,130369,4152,1427979,3157800
4205,192,185,130177,4159,1428164,3278300
4206,219,221,129958,4157,1428385,2984700
4207,202,218,129756,4141,1428603,3348100
4208,191,185,129565,4147,1428788,3159100
4209,186,202,129379,4131,1428990,3078300
4210,177,229,129202,4079,1429219,3349200
4211,201,176,129001,4104,1429395,3155500
4212,196,209,128805,4091,1429604,3115900
4213,193,204,128612,4080,1429808,3356600
4214,210,199,128402,4091,1430007,3171200
4215,205,200,128197,4096,1430207,3270700
4216,172,206,128025,4062,1430413,3147600
4217,163,216,127862,4009,1430629,3082500
4218,180,190,127682,3999,1430819,3030500
4219,197,195,127485,4001,1431014,3192600
4220,191,201,127294,3991,1431215,3324100
4221,191,190,127103,3992,1431405,3144700
4222,206,198,126897,4000,1431603,3168600
4223,201,184,126696,4017,1431787,3277800
4224,206,210,126490,4013,1431997,3079300
4225,206,209,126284,4010,1432206,3014500
4226,203,191,126081,4022,1432397,3403600
4227,180,194,125901,4008,1432591,3179100
4228,181,184,125720,4005,1432775,3198200
4229,190,205,125530,3990,1432980,3309200
4230,204,184,125326,4010,1433164,3066500
4231,201,220,125125,3991,1433384,3116900
4232,192,177,124933,4006,1433561,3033200
4233,208,211,124725,4003,1433772,3172900
4234,187,207,124538,3983,1433979,3232000
4235,199,193,124339,3989,1434172,3133000
4236,190,218,124149,3961,1434390,3243000
4237,197,176,123952,3982,1434566,3180400
4238,217,181,123735,4018,1434747,3166900
4239,192,205,123543,4005,1434952,3021800
4240,183,205,123360,3983,1435157,3222200
4241,205,203,123155,3985,1435360,3542400
4242,188,174,122967,3999,1435534,3177800
4243,183,194,122784,3988,1435728,3189000
4244,182,204,122602,3966,1435932,3063200
4245,192,202,122410,3956,1436134,3247900
4246,205,208,122205,3953,1436342,3269400
4247,202,156,122003,3999,1436498,3175500
4248,192,189,121811,4002,1436687,3252400
4249,196,175,121615,4023,1436862,3078600
4250,194,219,121421,3998,1437081,3337100
4251,208,178,121213,4028,1437259,3381100
4252,182,187,121031,4023,1437446,3069900
4253,193,203,120838,4013,1437649,3085900
4254,194,217,120644,3990,1437866,3460300
4255,170,196,120474,3964,1438062,3395500
4256,203,237,120271,3930,1438299,3168300
4257,177,210,120094,3897,1438509,3150600
4258,207,174,119887,3930,1438683,2975400
4259,184,206,119703,3908,1438889,3163600
4260,191,193,119512,3906,1439082,3398400
4261,201,197,119311,3910,1439279,3324600
4262,203,197,119108,3916,1439476,3213400
4263,182,175,118926,3923,1439651,2998600
4264,189,216,118737,3896,1439867,3172000
4265,188,194,118549,3890,1440061,3198900
4266,194,209,118355,3875,1440270,3114800
4267,196,193,118159,3878,1440463,3224700
4268,176,203,117983,3851,1440666,3446600
4269,173,181,117810,3843,1440847,3232000
4270,196,200,117614,3839,1441047,3429200
4271,183,220,117431,3802,1441267,3170700
4272,172,189,117259,3785,1441456,3319100
4273,179,183,117080,3781,1441639,3522600
4274,179,178,116901,3782,1441817,3200200
4275,172,201,116729,3753,1442018,3215300
4276,180,168,116549,3765,1442186,3119400
4277,190,207,116359,3748,1442393,3069600
4278,212,179,116147,3781,1442572,3361200
4279,163,206,115984,3738,1442778,3474500
4280,177,162,115807,3753,1442940,3075600
4281,185,183,115622,3755,1443123,3291500
4282,185,176,115437,3764,1443299,3269900
4283,163,194,115274,3733,1443493,3160200
4284,203,172,115071,3764,1443665,3279900
4285,160,192,114911,3732,1443857,3665700
4286,181,187,114730,3726,1444044,3156500
4287,195,180,114535,3741,1444224,3338500
4288,174,201,114361,3714,1444425,3128800
4289,186,189,114175,3711,1444614,3279900
4290,172,201,114003,3682,1444815,3293200
4291,185,159,113818,3708,1444974,3114000
4292,171,172,113647,3707,1445146,2995700
4293,180,189,113467,3698,1445335,3641900
4294,174,190,113293,3682,1445525,3300700
4295,173,164,113120,3691,1445689,3161200
4296,170,195,112950,3666,1445884,3133000
4297,166,179,112784,3653,1446063,3132700
4298,166,201,112618,3618,1446264,3214500
4299,179,170,112439,3627,1446434,3164600
4300,135,179,112304,3583,1446613,3059100
4301,177,139,112127,3621,1446752,3231400
4302,167,173,111960,3615,1446925,3178000
4303,167,181,111793,3601,1447106,3191200
4304,179,167,111614,3613,1447273,3019400
4305,176,176,111438,3613,1447449,3119200
4306,187,175,111251,3625,1447624,3097600
4307,160,179,111091,3606,1447803,3179100
4308,170,200,110921,3576,1448003,3244500
4309,181,176,110740,3581,1448179,3231700
4310,176,193,110564,3564,1448372,3178700
4311,161,170,110403,3555,1448542,3170600
4312,174,172,110229,3557,1448714,3118100
4313,213,156,110016,3614,1448870,3127000
4314,206,184,109810,3636,1449054,3171700
4315,169,163,109641,3642,1449217,3338500
4316,189,182,109452,3649,1449399,3187700
4317,185,161,109267,3673,1449560,3210200
4318,178,193,109089,3658,1449753,3196900
4319,194,197,108895,3655,1449950,3204300
4320,171,176,108724,3650,1450126,3075200
4321,191,180,108533,3661,1450306,3139700
4322,185,181,108348,3665,1450487,3250300
4323,165,180,108183,3650,1450667,3216100
4324,182,168,108001,3664,1450835,3236700
4325,184,187,107817,3661,1451022,3121300
4326,167,175,107650,3653,1451197,3111900
4327,202,185,107448,3670,1451382,3136100
4328,191,190,107257,3671,1451572,3478900
4329,164,198,107093,3637,1451770,3272000
4330,171,188,106922,3620,1451958,3183700
4331,180,189,106742,3611,1452147,3489000
4332,177,193,106565,3595,1452340,3244900
4333,172,193,106393,3574,1452533,3188900
4334,177,189,106216,3562,1452722,3158900
4335,175,191,106041,3546,1452913,2976300
4336,158,189,105883,3515,1453102,3118200
4337,165,188,105718,3492,1453290,3295500
4338,177,170,105541,3499,1453460,3424900
4339,160,184,105381,3475,1453644,3404900
4340,172,145,105209,3502,1453789,3343000
4341,173,169,105036,3506,1453958,3104000
4342,175,177,104861,3504,1454135,3178700
4343,165,191,104696,3478,1454326,3190300
4344,206,178,104490,3506,1454504,3143300
4345,185,180,104305,3511,1454684,3169500
4346,181,209,104124,3483,1454893,3206000
4347,174,164,103950,3493,1455057,3196400
4348,172,152,103778,3513,1455209,3440800
4349,174,157,103604,3530,1455366,3090700
4350,161,175,103443,3516,1455541,3161400
4351,172,189,103271,3499,1455730,3180700
4352,159,169,103112,3489,1455899,3202800
4353,161,183,102951,3467,1456082,3208500
4354,166,152,102785,3481,1456234,3066000
4355,173,157,102612,3497,1456391,3117900
4356,163,189,102449,3471,1456580,3037500
4357,160,178,102289,3453,1456758,3253100
4358,156,181,102133,3428,1456939,3241900
4359,164,157,101969,3435,1457096,3148900
4360,143,161,101826,3417,1457257,3278100
4361,168,159,101658,3426,1457416,3011600
4362,158,162,101500,3422,1457578,3366100
4363,156,172,101344,3406,1457750,3104500
4364,167,183,101177,3390,1457933,3139200
4365,152,172,101025,3370,1458105,3150800
4366,163,157,100862,3376,1458262,3244500
4367,154,159,100708,3371,1458421,3223600
4368,157,173,100551,3355,1458594,3132800
4369,179,179,100372,3355,1458773,3134000
4370,167,196,100205,3326,1458969,3314400
4371,163,169,100042,3320,1459138,3726400
4372,165,177,99877,3308,1459315,3212500
4373,165,159,99712,3314,1459474,3075300
4374,164,175,99548,3303,1459649,3223500
4375,160,169,99388,3294,1459818,3015800
4376,165,180,99223,3279,1459998,3267500
4377,164,168,99059,3275,1460166,3280400
4378,166,158,98893,3283,1460324,3354700
4379,170,180,98723,3273,1460504,3469700
4380,156,162,98567,3267,1460666,2995400
4381,163,154,98404,3276,1460820,3294000
4382,165,150,98239,3291,1460970,3635300
4383,166,173,98073,3284,1461143,3254100
4384,161,167,97912,3278,1461310,3312700
4385,168,155,97744,3291,1461465,3157100
4386,196,154,97548,3333,1461619,3235600
4387,167,166,97381,3334,1461785,3141300
4388,187,186,97194,3335,1461971,3128600
4389,175,149,97019,3361,1462120,3519900
4390,164,153,96855,3372,1462273,3295400
4391,152,172,96703,3352,1462445,3238100
4392,164,157,96539,3359,1462602,3030500
4393,167,168,96372,3358,1462770,3101600
4394,170,168,96202,3360,1462938,3046600
4395,150,175,96052,3335,1463113,3652400
4396,136,161,95916,3310,1463274,3263100
4397,151,158,95765,3303,1463432,3236000
4398,171,164,95594,3310,1463596,3163600
4399,147,173,95447,3284,1463769,3064300
4400,149,164,95298,3269,1463933,3269900
4401,147,146,95151,3270,1464079,3154800
4402,153,153,94998,3270,1464232,3054800
4403,160,185,94838,3245,1464417,3291400
4404,163,162,94675,3246,1464579,3027200
4405,163,160,94512,3249,1464739,3321000
4406,130,157,94382,3222,1464896,3192400
4407,166,163,94216,3225,1465059,3196200
4408,156,162,94060,3219,1465221,3227900
4409,148,151,93912,3216,1465372,3199900
4410,140,158,93772,3198,1465530,3346000
4411,155,172,93617,3181,1465702,3296600
4412,125,148,93492,3158,1465850,3272400
4413,130,149,93362,3139,1465999,3367500
4414,147,160,93215,3126,1466159,3343700
4415,124,139,93091,3111,1466298,3659600
4416,142,155,92949,3098,1466453,3361100
4417,119,156,92830,3061,1466609,3783800
4418,129,181,92701,3009,1466790,3383700
4419,145,137,92556,3017,1466927,3439600
4420,125,162,92431,2980,1467089,3709400
4421,120,158,92311,2942,1467247,3445200
4422,135,159,92176,2918,1467406,3195100
4423,125,137,92051,2906,1467543,3294300
4424,132,148,91919,2890,1467691,3303500
4425,130,124,91789,2896,1467815,3244200
4426,120,145,91669,2871,1467960,3272100
4427,130,152,91539,2849,1468112,3199300
4428,128,128,91411,2849,1468240,3195600
4429,114,150,91297,2813,1468390,3040100
4430,124,137,91173,2800,1468527,3152300
4431,101,141,91072,2760,1468668,3342000
4432,114,160,90958,2714,1468828,3280500
4433,117,159,90841,2672,1468987,3228900
4434,119,146,90722,2645,1469133,3230600
4435,103,121,90619,2627,1469254,3260500
4436,112,130,90507,2609,1469384,3006600
4437,114,118,90393,2605,1469502,3135500
4438,124,113,90269,2616,1469615,3285000
4439,110,127,90159,2599,1469742,3188400
4440,111,138,90048,2572,1469880,3200000
4441,118,124,89930,2566,1470004,3097800
4442,118,125,89812,2559,1470129,3084000
4443,116,133,89696,2542,1470262,3209700
4444,121,111,89575,2552,1470373,3129200
4445,126,113,89449,2565,1470486,3167900
4446,116,131,89333,2550,1470617,3133900
4447,113,118,89220,2545,1470735,3231400
4448,103,129,89117,2519,1470864,3394200
4449,127,123,88990,2523,1470987,3150100
4450,132,122,88858,2533,1471109,3430000
4451,123,141,88735,2515,1471250,3449500
4452,106,119,88629,2502,1471369,3261300
4453,112,136,88517,2478,1471505,3284200
4454,149,136,88368,2491,1471641,3312300
4455,119,136,88249,2474,1471777,3108200
4456,116,128,88133,2462,1471905,3078200
4457,143,114,87990,2491,1472019,3337200
4458,116,122,87874,2485,1472141,3296200
4459,122,125,87752,2482,1472266,3327000
4460,94,131,87658,2445,1472397,3118400
4461,125,126,87533,2444,1472523,3181000
4462,140,114,87393,2470,1472637,3517200
4463,126,118,87267,2478,1472755,3472400
4464,126,126,87141,2478,1472881,3219800
4465,112,126,87029,2464,1473007,3217300
4466,110,113,86919,2461,1473120,3202400
4467,118,121,86801,2458,1473241,3126600
4468,119,116,86682,2461,1473357,3130900
4469,117,126,86565,2452,1473483,3128900
4470,112,136,86453,2428,1473619,3097600
4471,112,127,86341,2413,1473746,3277100
4472,119,114,86222,2418,1473860,3164500
4473,118,112,86104,2424,1473972,3198800
4474,96,118,86008,2402,1474090,3173200
4475,111,119,85897,2394,1474209,3092400
4476,101,106,85796,2389,1474315,3213200
4477,108,125,85688,2372,1474440,3062400
4478,130,102,85558,2400,1474542,3114000
4479,99,123,85459,2376,1474665,3033800
4480,120,119,85339,2377,1474784,3161200
4481,120,115,85219,2382,1474899,3066800
4482,108,125,85111,2365,1475024,3066000
4483,121,109,84990,2377,1475133,3405600
4484,99,118,84891,2358,1475251,3098100
4485,116,125,84775,2349,1475376,3364100
4486,94,113,84681,2330,1475489,3315600
4487,108,110,84573,2328,1475599,3159100
4488,121,133,84452,2316,1475732,3292200
4489,100,134,84352,2282,1475866,3218500
4490,112,101,84240,2293,1475967,3145700
4491,105,121,84135,2277,1476088,3251000
4492,115,110,84020,2282,1476198,3393900
4493,105,109,83915,2278,1476307,3106200
4494,108,111,83807,2275,1476418,3212300
4495,94,127,83713,2242,1476545,3276300
4496,102,105,83611,2239,1476650,3115000
4497,99,103,83512,2235,1476753,3160600
4498,109,132,83403,2212,1476885,3016700
4499,108,135,83295,2185,1477020,3092000
4500,122,106,83173,2201,1477126,2999100
4501,111,103,83062,2209,1477229,3145900
4502,110,114,82952,2205,1477343,3248300
4503,103,90,82849,2218,1477433,3065200
4504,99,113,82750,2204,1477546,3115100
4505,107,118,82643,2193,1477664,3422600
4506,118,104,82525,2207,1477768,3236800
4507,105,115,82420,2197,1477883,3202400
4508,98,110,82322,2185,1477993,3156200
4509,108,118,82214,2175,1478111,3374100
4510,92,109,82122,2158,1478220,3175300
4511,100,104,82022,2154,1478324,3202700
4512,83,92,81939,2145,1478416,3187900
4513,90,119,81849,2116,1478535,3288100
4514,97,130,81752,2083,1478665,3471000
4515,95,119,81657,2059,1478784,3337900
4516,88,100,81569,2047,1478884,3168700
4517,89,107,81480,2029,1478991,3076300
4518,88,88,81392,2029,1479079,3123300
4519,100,100,81292,2029,1479179,3020500
4520,87,111,81205,2005,1479290,3168100
4521,93,78,81112,2020,1479368,3284100
4522,93,117,81019,1996,1479485,3133800
4523,100,108,80919,1988,1479593,3420900
4524,100,114,80819,1974,1479707,3281900
4525,99,88,80720,1985,1479795,3322600
4526,91,103,80629,1973,1479898,3481400
4527,96,118,80533,1951,1480016,3145200
4528,83,113,80450,1921,1480129,3177000
4529,87,107,80363,1901,1480236,3126400
4530,80,108,80283,1873,1480344,3211400
4531,99,93,80184,1879,1480437,3091900
4532,78,88,80106,1869,1480525,3203400
4533,77,89,80029,1857,1480614,3331100
4534,89,104,79940,1842,1480718,3147500
4535,105,91,79835,1856,1480809,3230900
4536,90,86,79745,1860,1480895,3213400
4537,95,97,79650,1858,1480992,3117500
4538,95,99,79555,1854,1481091,3257100
4539,97,114,79458,1837,1481205,3205800
4540,110,81,79348,1866,1481286,3210900
4541,113,98,79235,1881,1481384,3691100
4542,114,85,79121,1910,1481469,3145800
4543,102,82,79019,1930,1481551,3121900
4544,118,112,78901,1936,1481663,3328500
4545,93,104,78808,1925,1481767,3240700
4546,110,95,78698,1940,1481862,3180100
4547,98,105,78600,1933,1481967,3237200
4548,111,95,78489,1949,1482062,2989500
4549,117,113,78372,1953,1482175,3255100
4550,115,90,78257,1978,1482265,3356000
4551,124,90,78133,2012,1482355,3192100
4552,113,90,78020,2035,1482445,3154100
4553,98,102,77922,2031,1482547,3268000
4554,90,106,77832,2015,1482653,3234100
4555,117,80,77715,2052,1482733,3091200
4556,100,103,77615,2049,1482836,3751600
4557,94,98,77521,2045,1482934,3217200
4558,122,95,77399,2072,1483029,3329000
4559,94,99,77305,2067,1483128,3189400
4560,91,112,77214,2046,1483240,3123000
4561,103,93,77111,2056,1483333,3158700
4562,90,131,77021,2015,1483464,3261000
4563,106,94,76915,2027,1483558,3427700
4564,96,90,76819,2033,1483648,3120800
4565,90,105,76729,2018,1483753,3080600
4566,103,91,76626,2030,1483844,3301600
4567,93,95,76533,2028,1483939,3108300
4568,96,116,76437,2008,1484055,3453800
4569,104,114,76333,1998,1484169,3369200
4570,93,104,76240,1987,1484273,3099600
4571,99,94,76141,1992,1484367,3165800
4572,119,109,76022,2002,1484476,3084800
4573,87,109,75935,1980,1484585,3175500
4574,88,86,75847,1982,1484671,3304000
4575,105,115,75742,1972,1484786,3170200
4576,95,89,75647,1978,1484875,3540200
4577,83,90,75564,1971,1484965,3205000
4578,100,100,75464,1971,1485065,3117500
4579,81,89,75383,1963,1485154,3146700
4580,80,96,75303,1947,1485250,3189800
4581,94,117,75209,1924,1485367,3212800
4582,86,89,75123,1921,1485456,3082000
4583,95,88,75028,1928,1485544,3193300
4584,92,95,74936,1925,1485639,3056200
4585,102,103,74834,1924,1485742,3104200
4586,72,87,74762,1909,1485829,3407900
4587,75,72,74687,1912,1485901,3258900
4588,88,96,74599,1904,1485997,3270300
4589,77,87,74522,1894,1486084,3309200
4590,93,80,74429,1907,1486164,3058300
4591,96,93,74333,1910,1486257,3135600
4592,95,87,74238,1918,1486344,3103300
4593,98,78,74140,1938,1486422,3085200
4594,117,89,74023,1966,1486511,3158300
4595,111,77,73912,2000,1486588,3367000
4596,80,92,73832,1988,1486680,3027500
4597,95,88,73737,1995,1486768,3164600
4598,100,86,73637,2009,1486854,3177800
4599,93,106,73544,1996,1486960,3117300
4600,90,97,73454,1989,1487057,3360600
4601,91,105,73363,1975,1487162,3090700
4602,93,99,73270,1969,1487261,3274500
4603,97,95,73173,1971,1487356,3219000
4604,96,92,73077,1975,1487448,3168300
4605,103,105,72974,1973,1487553,3009500
4606,93,101,72881,1965,1487654,3082100
4607,103,91,72778,1977,1487745,3214200
4608,97,84,72681,1990,1487829,3115100
4609,95,112,72586,1973,1487941,3177200
4610,127,91,72459,2009,1488032,3168100
4611,110,110,72349,2009,1488142,3171500
4612,103,100,72246,2012,1488242,3062900
4613,88,92,72158,2008,1488334,3128200
4614,90,98,72068,2000,1488432,3453700
4615,98,94,71970,2004,1488526,3136900
4616,90,102,71880,1992,1488628,3174000
4617,95,115,71785,1972,1488743,3167900
4618,87,81,71698,1978,1488824,3199400
4619,100,90,71598,1988,1488914,3150700
4620,92,95,71506,1985,1489009,3137000
4621,84,78,71422,1991,1489087,3129200
4622,75,120,71347,1946,1489207,3242900
4623,103,92,71244,1957,1489299,3158800
4624,95,98,71149,1954,1489397,3085500
4625,93,94,71056,1953,1489491,3083800
4626,96,91,70960,1958,1489582,3331800
4627,99,106,70861,1951,1489688,3232500
4628,106,95,70755,1962,1489783,3160400
4629,95,95,70660,1962,1489878,3161800
4630,97,103,70563,1956,1489981,3121800
4631,114,104,70449,1966,1490085,3158500
4632,101,104,70348,1963,1490189,3218200
4633,84,113,70264,1934,1490302,3343500
4634,90,96,70174,1928,1490398,3322600
4635,108,111,70066,1925,1490509,3301300
4636,98,109,69968,1914,1490618,3371400
4637,102,93,69866,1923,1490711,3341000
4638,85,96,69781,1912,1490807,3440800
4639,102,93,69679,1921,1490900,3337000
4640,81,100,69598,1902,1491000,3330600
4641,81,116,69517,1867,1491116,3350000
4642,85,93,69432,1859,1491209,3583100
4643,80,86,69352,1853,1491295,3378600
4644,91,107,69261,1837,1491402,3236200
4645,93,90,69168,1840,1491492,3316000
4646,75,107,69093,1808,1491599,3263400
4647,69,78,69024,1799,1491677,3311500
4648,84,85,68940,1798,1491762,3340500
4649,77,92,68863,1783,1491854,3317500
4650,62,94,68801,1751,1491948,3280000
4651,89,104,68712,1736,1492052,3333700
4652,70,90,68642,1716,1492142,3350600
4653,90,98,68552,1708,1492240,3209100
4654,87,83,68465,1712,1492323,3265400
4655,88,87,68377,1713,1492410,3179100
4656,91,71,68286,1733,1492481,3452600
4657,87,94,68199,1726,1492575,3592900
4658,74,81,68125,1719,1492656,3488100
4659,84,78,68041,1725,1492734,3432500
4660,80,87,67961,1718,1492821,3263600
4661,89,72,67872,1735,1492893,3310500
4662,93,81,67779,1747,1492974,3240700
4663,100,81,67679,1766,1493055,3281500
4664,101,74,67578,1793,1493129,3234900
4665,102,100,67476,1795,1493229,3341100
4666,92,87,67384,1800,1493316,3347600
4667,104,92,67280,1812,1493408,3330400
4668,92,75,67188,1829,1493483,3393100
4669,81,105,67107,1805,1493588,3300600
4670,105,77,67002,1833,1493665,3348800
4671,87,84,66915,1836,1493749,3307600
4672,110,80,66805,1866,1493829,3318600
4673,116,85,66689,1897,1493914,3408300
4674,93,85,66596,1905,1493999,3539600
4675,101,97,66495,1909,1494096,3370000
4676,99,89,66396,1919,1494185,3435500
4677,108,94,66288,1933,1494279,3287000
4678,91,104,66197,1920,1494383,3251400
4679,108,87,66089,1941,1494470,3342900
4680,105,101,65984,1945,1494571,3460700
4681,85,72,65899,1958,1494643,3401700
4682,92,96,65807,1954,1494739,3383300
4683,109,88,65698,1975,1494827,3347100
4684,95,93,65603,1977,1494920,3510400
4685,71,112,65532,1936,1495032,3865100
4686,86,106,65446,1916,1495138,3575300
4687,80,99,65366,1897,1495237,3347400
4688,103,94,65263,1906,1495331,3277800
4689,92,96,65171,1902,1495427,3456200
4690,100,93,65071,1909,1495520,3264800
4691,90,82,64981,1917,1495602,3710100
4692,103,92,64878,1928,1495694,3228300
4693,79,91,64799,1916,1495785,3380700
4694,94,95,64705,1915,1495880,3381900
4695,98,93,64607,1920,1495973,3616200
4696,101,83,64506,1938,1496056,3508700
4697,106,96,64400,1948,1496152,3434900
4698,94,91,64306,1951,1496243,3608200
4699,101,99,64205,1953,1496342,3476300
4700,114,99,64091,1968,1496441,3674100
4701,100,97,63991,1971,1496538,3331400
4702,101,101,63890,1971,1496639,3230700
4703,109,90,63781,1990,1496729,3588700
4704,103,78,63678,2015,1496807,3430100
4705,86,107,63592,1994,1496914,3293200
4706,85,98,63507,1981,1497012,3296700
4707,101,117,63406,1965,1497129,3453100
4708,82,90,63324,1957,1497219,3283500
4709,79,112,63245,1924,1497331,3479500
4710,85,96,63160,1913,1497427,3339500
4711,93,96,63067,1910,1497523,3487600
4712,83,94,62984,1899,1497617,3271700
4713,98,95,62886,1902,1497712,3272800
4714,76,108,62810,1870,1497820,3255800
4715,72,86,62738,1856,1497906,3267700
4716,71,83,62667,1844,1497989,3291100
4717,90,94,62577,1840,1498083,3300800
4718,80,80,62497,1840,1498163,3399200
4719,70,96,62427,1814,1498259,3201500
4720,92,104,62335,1802,1498363,3516400
4721,69,82,62266,1789,1498445,3517900
4722,72,96,62194,1765,1498541,3451000
4723,74,94,62120,1745,1498635,3487000
4724,82,93,62038,1734,1498728,3219400
4725,79,87,61959,1726,1498815,3300300
4726,89,72,61870,1743,1498887,3215600
4727,76,95,61794,1724,1498982,3247300
4728,73,91,61721,1706,1499073,3375000
4729,76,75,61645,1707,1499148,3420000
4730,91,79,61554,1719,1499227,3321600
4731,60,97,61494,1682,1499324,3303400
4732,78,84,61416,1676,1499408,3432900
4733,63,82,61353,1657,1499490,3479100
4734,71,80,61282,1648,1499570,3490300
4735,79,67,61203,1660,1499637,3381300
4736,71,93,61132,1638,1499730,3208700
4737,68,81,61064,1625,1499811,3270400
4738,75,65,60989,1635,1499876,3216000
4739,67,98,60922,1604,1499974,3299100
4740,59,73,60863,1590,1500047,3370600
4741,46,77,60817,1559,1500124,3207000
4742,80,80,60737,1559,1500204,3224800
4743,80,75,60657,1564,1500279,3241500
4744,63,79,60594,1548,1500358,3272500
4745,78,62,60516,1564,1500420,3579400
4746,71,67,60445,1568,1500487,3139400
4747,89,72,60356,1585,1500559,3485700
4748,74,96,60282,1563,1500655,3357900
4749,57,65,60225,1555,1500720,3275500
4750,72,83,60153,1544,1500803,3194900
4751,81,76,60072,1549,1500879,3218700
4752,64,83,60008,1530,1500962,3316000
4753,67,85,59941,1512,1501047,3397400
4754,65,78,59876,1499,1501125,3267300
4755,71,79,59805,1491,1501204,3319900
4756,80,67,59725,1504,1501271,3323100
4757,66,83,59659,1487,1501354,3403000
4758,54,77,59605,1464,1501431,3248400
4759,93,73,59512,1484,1501504,3229200
4760,68,84,59444,1468,1501588,3296300
4761,76,70,59368,1474,1501658,3486700
4762,76,60,59292,1490,1501718,3289900
4763,71,76,59221,1485,1501794,3434200
4764,67,95,59154,1457,1501889,3145100
4765,74,65,59080,1466,1501954,3175500
4766,69,66,59011,1469,1502020,3252900
4767,62,76,58949,1455,1502096,3248100
4768,82,76,58867,1461,1502172,3215000
4769,71,77,58796,1455,1502249,3387100
4770,79,77,58717,1457,1502326,3340500
4771,66,75,58651,1448,1502401,3396000
4772,78,70,58573,1456,1502471,3413600
4773,66,79,58507,1443,1502550,3492400
4774,69,77,58438,1435,1502627,3430300
4775,66,65,58372,1436,1502692,3502100
4776,67,89,58305,1414,1502781,3311800
4777,71,87,58234,1398,1502868,3409600
4778,64,73,58170,1389,1502941,3464200
4779,72,58,58098,1403,1502999,3410100
4780,78,77,58020,1404,1503076,3380000
4781,70,60,57950,1414,1503136,3312500
4782,78,64,57872,1428,1503200,3499900
4783,80,77,57792,1431,1503277,3302200
4784,84,68,57708,1447,1503345,3766100
4785,79,67,57629,1459,1503412,3423600
4786,67,75,57562,1451,1503487,3247200
4787,90,85,57472,1456,1503572,3251700
4788,68,79,57404,1445,1503651,3594100
4789,75,84,57329,1436,1503735,3679600
4790,66,78,57263,1424,1503813,3368200
4791,70,76,57193,1418,1503889,3496300
4792,72,59,57121,1431,1503948,3538300
4793,82,75,57039,1438,1504023,3425900
4794,79,75,56960,1442,1504098,3443900
4795,92,76,56868,1458,1504174,3314700
4796,80,81,56788,1457,1504255,3348300
4797,90,63,56698,1484,1504318,3433800
4798,67,68,56631,1483,1504386,3434900
4799,87,81,56544,1489,1504467,3357100
4800,88,86,56456,1491,1504553,3388800
4801,81,73,56375,1499,1504626,3371500
4802,78,87,56297,1490,1504713,3516300
4803,90,62,56207,1518,1504775,3414500
4804,63,72,56144,1509,1504847,3340200
4805,87,62,56057,1534,1504909,3245800
4806,93,76,55964,1551,1504985,3466400
4807,74,81,55890,1544,1505066,3432500
4808,69,84,55821,1529,1505150,3355800
4809,67,79,55754,1517,1505229,3225200
4810,78,77,55676,1518,1505306,3462700
4811,78,90,55598,1506,1505396,3444500
4812,60,75,55538,1491,1505471,3603700
4813,65,73,55473,1483,1505544,3249800
4814,83,63,55390,1503,1505607,3289600
4815,58,83,55332,1478,1505690,3563900
4816,60,82,55272,1456,1505772,3366400
4817,79,85,55193,1450,1505857,3328800
4818,78,63,55115,1465,1505920,3343100
4819,72,57,55043,1480,1505977,3150600
4820,65,77,54978,1468,1506054,3367400
4821,74,89,54904,1453,1506143,3482000
4822,71,68,54833,1456,1506211,3535900
4823,89,80,54744,1465,1506291,3434400
4824,60,70,54684,1455,1506361,3225100
4825,82,80,54602,1457,1506441,3349400
4826,63,71,54539,1449,1506512,3211200
4827,74,84,54465,1439,1506596,3237600
4828,68,85,54397,1422,1506681,3302100
4829,90,75,54307,1437,1506756,3318200
4830,70,80,54237,1427,1506836,3324500
4831,72,66,54165,1433,1506902,3346700
4832,63,68,54102,1428,1506970,3375900
4833,67,63,54035,1432,1507033,3353800
4834,81,81,53954,1432,1507114,3471500
4835,70,68,53884,1434,1507182,3450900
4836,71,68,53813,1437,1507250,3310100
4837,75,82,53738,1430,1507332,3272000
4838,92,60,53646,1462,1507392,3379900
4839,68,71,53578,1459,1507463,3362100
4840,85,64,53493,1480,1507527,3246600
4841,82,67,53411,1495,1507594,3406700
4842,83,75,53328,1503,1507669,3180500
4843,70,84,53258,1489,1507753,3431900
4844,75,80,53183,1484,1507833,3393700
4845,84,73,53099,1495,1507906,3343300
4846,61,76,53038,1480,1507982,3415300
4847,79,72,52959,1487,1508054,3252300
4848,75,89,52884,1473,1508143,3385700
4849,71,79,52813,1465,1508222,3449100
4850,64,73,52749,1456,1508295,3548100
4851,78,63,52671,1471,1508358,3933400
4852,71,78,52600,1464,1508436,3209400
4853,66,62,52534,1468,1508498,3387400
4854,65,89,52469,1444,1508587,3303900
4855,71,79,52398,1436,1508666,3321300
4856,68,73,52330,1431,1508739,3341900
4857,72,58,52258,1445,1508797,3281600
4858,70,83,52188,1432,1508880,3243900
4859,72,74,52116,1430,1508954,3289100
4860,79,58,52037,1451,1509012,3403900
4861,82,69,51955,1464,1509081,3611400
4862,56,81,51899,1439,1509162,3379200
4863,70,71,51829,1438,1509233,3470300
4864,72,82,51757,1428,1509315,3315800
4865,70,80,51687,1418,1509395,3493100
4866,68,70,51619,1416,1509465,3792800
4867,76,65,51543,1427,1509530,3562800
4868,72,70,51471,1429,1509600,3605700
4869,66,73,51405,1422,1509673,3436900
4870,61,98,51344,1385,1509771,3360200
4871,83,73,51261,1395,1509844,3353100
4872,75,68,51186,1402,1509912,3443800
4873,69,67,51117,1404,1509979,3397000
4874,86,69,51031,1421,1510048,3471200
4875,78,74,50953,1425,1510122,3262800
4876,67,69,50886,1423,1510191,3416700
4877,60,85,50826,1398,1510276,3298100
4878,74,56,50752,1416,1510332,3310900
4879,64,63,50688,1417,1510395,3544100
4880,83,71,50605,1429,1510466,3236100
4881,58,74,50547,1413,1510540,3325300
4882,58,68,50489,1403,1510608,3223800
4883,58,68,50431,1393,1510676,3232400
4884,52,77,50379,1368,1510753,3253100
4885,64,60,50315,1372,1510813,3304900
4886,61,63,50254,1370,1510876,3442400
4887,64,64,50190,1370,1510940,3292300
4888,57,67,50133,1360,1511007,3508400
4889,69,81,50064,1348,1511088,3776400
4890,65,62,49999,1351,1511150,3390400
4891,51,72,49948,1330,1511222,3234400
4892,56,64,49892,1322,1511286,3312900
4893,66,68,49826,1320,1511354,3292300
4894,63,70,49763,1313,1511424,3217500
4895,53,71,49710,1295,1511495,3237900
4896,54,64,49656,1285,1511559,3242100
4897,65,71,49591,1279,1511630,3422900
4898,69,49,49522,1299,1511679,3307600
4899,82,64,49440,1317,1511743,3450900
4900,74,58,49366,1333,1511801,3374900
4901,61,81,49305,1313,1511882,3337600
4902,69,64,49236,1318,1511946,3260200
4903,55,64,49181,1309,1512010,3276200
4904,50,81,49131,1278,1512091,3658400
4905,67,56,49064,1289,1512147,3282100
4906,58,65,49006,1282,1512212,3348500
4907,68,70,48938,1280,1512282,3291300
4908,61,69,48877,1272,1512351,3184700
4909,61,76,48816,1257,1512427,3322800
4910,65,55,48751,1267,1512482,3435000
4911,65,61,48686,1271,1512543,3424800
4912,50,57,48636,1264,1512600,3680400
4913,61,62,48575,1263,1512662,3395700
4914,61,61,48514,1263,1512723,3188800
4915,59,71,48455,1251,1512794,3496300
4916,60,69,48395,1242,1512863,3310800
4917,59,65,48336,1236,1512928,3349100
4918,49,73,48287,1212,1513001,3307400
4919,61,67,48226,1206,1513068,3222500
4920,49,70,48177,1185,1513138,3279900
4921,53,63,48124,1175,1513201,3309000
4922,54,63,48070,1166,1513264,3409500
4923,56,47,48014,1175,1513311,3276500
4924,56,58,47958,1173,1513369,3342700
4925,72,67,47886,1178,1513436,3245800
4926,66,63,47820,1181,1513499,3280800
4927,56,54,47764,1183,1513553,3319000
4928,64,68,47700,1179,1513621,3292400
4929,67,69,47633,1177,1513690,3384300
4930,67,58,47566,1186,1513748,3232200
4931,61,54,47505,1193,1513802,3214900
4932,49,64,47456,1178,1513866,3496400
4933,53,56,47403,1175,1513922,3452500
4934,55,61,47348,1169,1513983,3316700
4935,55,60,47293,1164,1514043,3270200
4936,61,61,47232,1164,1514104,3384300
4937,53,69,47179,1148,1514173,3257000
4938,70,48,47109,1170,1514221,3496800
4939,48,52,47061,1166,1514273,3460000
4940,55,53,47006,1168,1514326,3317300
4941,59,57,46947,1170,1514383,3326900
4942,62,54,46885,1178,1514437,3391800
4943,56,50,46829,1184,1514487,3260200
4944,57,47,46772,1194,1514534,3526700
4945,56,63,46716,1187,1514597,3605300
4946,68,54,46648,1201,1514651,4188500
4947,68,63,46580,1206,1514714,3640500
4948,58,71,46522,1193,1514785,3411300
4949,56,68,46466,1181,1514853,4735800
4950,53,66,46413,1168,1514919,3658300
4951,43,62,46370,1149,1514981,3458300
4952,52,53,46318,1148,1515034,3343800
4953,57,62,46261,1143,1515096,3588600
4954,49,55,46212,1137,1515151,3163000
4955,56,61,46156,1132,1515212,3335200
4956,48,63,46108,1117,1515275,3305400
4957,56,49,46052,1124,1515324,3599900
4958,52,59,46000,1117,1515383,3346300
4959,46,60,45954,1103,1515443,3383200
4960,40,60,45914,1083,1515503,3343300
4961,50,55,45864,1078,1515558,3296600
4962,47,56,45817,1069,1515614,3407200
4963,46,45,45771,1070,1515659,3365300
4964,52,52,45719,1070,1515711,3321000
4965,41,53,45678,1058,1515764,3423900
4966,52,44,45626,1066,1515808,3454600
4967,64,52,45562,1078,1515860,3410800
4968,52,71,45510,1059,1515931,3491400
4969,37,49,45473,1047,1515980,3388100
4970,56,53,45417,1050,1516033,3406000
4971,49,51,45368,1048,1516084,3342300
4972,48,58,45320,1038,1516142,3328700
4973,50,52,45270,1036,1516194,3605900
4974,52,46,45218,1042,1516240,3298600
4975,58,49,45160,1051,1516289,3346100
4976,52,60,45108,1043,1516349,3404800
4977,54,66,45054,1031,1516415,3352700
4978,56,30,44998,1057,1516445,3407500
4979,56,55,44942,1058,1516500,3284700
4980,66,57,44876,1067,1516557,3544900
4981,44,60,44832,1051,1516617,3502800
4982,53,49,44779,1055,1516666,3348900
4983,48,55,44731,1048,1516721,3414700
4984,46,58,44685,1036,1516779,3371900
4985,51,63,44634,1024,1516842,3311100
4986,49,57,44585,1016,1516899,3211700
4987,55,49,44530,1022,1516948,3393300
4988,40,50,44490,1012,1516998,3315900
4989,48,66,44442,994,1517064,4044700
4990,43,44,44399,993,1517108,3666900
4991,38,51,44361,980,1517159,3333500
4992,44,40,44317,984,1517199,3383600
4993,43,60,44274,967,1517259,3636000
4994,54,51,44220,970,1517310,3430900
4995,40,59,44180,951,1517369,3428900
4996,34,49,44146,936,1517418,3528800
4997,31,50,44115,917,1517468,3444600
4998,48,46,44067,919,1517514,3632800
4999,45,42,44022,922,1517556,3385000
5000,53,43,43969,932,1517599,3316900
5001,45,42,43924,935,1517641,3354400
5002,51,35,43873,951,1517676,3265200
5003,52,45,43821,958,1517721,3232800
5004,57,50,43764,965,1517771,3332000
5005,41,58,43723,948,1517829,3381700
5006,50,45,43673,953,1517874,3257900
5007,55,42,43618,966,1517916,3385000
5008,36,60,43582,942,1517976,3354500
5009,38,60,43544,920,1518036,3504500
5010,57,52,43487,925,1518088,3666600
5011,51,41,43436,935,1518129,3316700
5012,53,40,43383,948,1518169,3519400
5013,48,34,43335,962,1518203,3481800
5014,51,52,43284,961,1518255,3349100
5015,50,50,43234,961,1518305,3671800
5016,47,44,43187,964,1518349,3839900
5017,52,42,43135,974,1518391,3398000
5018,47,49,43088,972,1518440,3395200
5019,53,50,43035,975,1518490,3476600
5020,37,72,42998,940,1518562,3532200
5021,47,64,42951,923,1518626,3326900
5022,43,32,42908,934,1518658,3092600
5023,40,43,42868,931,1518701,3584200
5024,33,41,42835,923,1518742,3442800
5025,46,47,42789,922,1518789,3312800
5026,50,44,42739,928,1518833,3260500
5027,43,50,42696,921,1518883,3375500
5028,48,57,42648,912,1518940,3501300
5029,47,47,42601,912,1518987,3371200
5030,49,48,42552,913,1519035,3304900
5031,46,48,42506,911,1519083,3350300
5032,30,62,42476,879,1519145,3306700
5033,36,43,42440,872,1519188,3997300
5034,45,61,42395,856,1519249,3230800
5035,55,45,42340,866,1519294,3329800
5036,44,52,42296,858,1519346,3132400
5037,38,33,42258,863,1519379,3519600
5038,45,41,42213,867,1519420,3466700
5039,42,38,42171,871,1519458,3458900
5040,40,34,42131,877,1519492,3354500
5041,45,31,42086,891,1519523,3466200
5042,45,45,42041,891,1519568,3438300
5043,43,51,41998,883,1519619,3622400
5044,47,37,41951,893,1519656,3309400
5045,47,49,41904,891,1519705,3294800
5046,41,40,41863,892,1519745,3499600
5047,44,43,41819,893,1519788,3339800
5048,39,43,41780,889,1519831,3361100
5049,47,46,41733,890,1519877,3316800
5050,51,49,41682,892,1519926,3511000
5051,35,47,41647,880,1519973,3200600
5052,36,39,41611,877,1520012,3346500
5053,37,38,41574,876,1520050,3166400
5054,43,41,41531,878,1520091,3190100
5055,47,48,41484,877,1520139,3353800
5056,44,37,41440,884,1520176,3240400
5057,42,38,41398,888,1520214,3379400
5058,44,56,41354,876,1520270,3162500
5059,46,45,41308,877,1520315,3436000
5060,47,45,41261,879,1520360,3462200
5061,40,55,41221,864,1520415,3312600
5062,43,48,41178,859,1520463,3238100
5063,45,49,41133,855,1520512,3276600
5064,39,38,41094,856,1520550,3257000
5065,40,46,41054,850,1520596,3662100
5066,48,34,41006,864,1520630,3269700
5067,40,37,40966,867,1520667,3276900
5068,55,49,40911,873,1520716,3340700
5069,41,45,40870,869,1520761,3403500
5070,40,50,40830,859,1520811,3410900
5071,42,39,40788,862,1520850,3290800
5072,43,45,40745,860,1520895,3189800
5073,35,44,40710,851,1520939,3212100
5074,37,43,40673,845,1520982,3284400
5075,39,37,40634,847,1521019,3443100
5076,40,46,40594,841,1521065,3233900
5077,48,49,40546,840,1521114,3470400
5078,35,40,40511,835,1521154,3348100
5079,43,34,40468,844,1521188,3365800
5080,62,32,40406,874,1521220,3376600
5081,44,51,40362,867,1521271,3437900
5082,41,38,40321,870,1521309,3363500
5083,54,44,40267,880,1521353,3425800
5084,45,42,40222,883,1521395,3324700
5085,40,39,40182,884,1521434,3518000
5086,33,41,40149,876,1521475,3315800
5087,46,49,40103,873,1521524,3411800
5088,37,43,40066,867,1521567,3413600
5089,54,46,40012,875,1521613,3345200
5090,39,36,39973,878,1521649,3463900
5091,40,49,39933,869,1521698,3340200
5092,49,43,39884,875,1521741,3316100
5093,49,37,39835,887,1521778,3347100
5094,44,38,39791,893,1521816,3362200
5095,51,51,39740,893,1521867,3741000
5096,60,48,39680,905,1521915,3470200
5097,59,49,39621,915,1521964,3299100
5098,45,43,39576,917,1522007,3123300
5099,65,42,39511,940,1522049,3517400
5100,49,53,39462,936,1522102,3569900
5101,51,37,39411,950,1522139,3242300
5102,41,47,39370,944,1522186,3254500
5103,38,53,39332,929,1522239,3147400
5104,36,44,39296,921,1522283,3311700
5105,44,51,39252,914,1522334,3350900
5106,40,49,39212,905,1522383,3262600
5107,28,43,39184,890,1522426,3866700
5108,45,32,39139,903,1522458,3367300
5109,35,46,39104,892,1522504,3464400
5110,39,53,39065,878,1522557,3409300
5111,44,44,39021,878,1522601,3383800
5112,35,41,38986,872,1522642,3585400
5113,42,39,38944,875,1522681,3265300
5114,41,32,38903,884,1522713,3350300
5115,39,46,38864,877,1522759,3346700
5116,42,50,38822,869,1522809,3389000
5117,39,43,38783,865,1522852,3322800
5118,44,41,38739,868,1522893,3250100
5119,39,42,38700,865,1522935,3268800
5120,43,49,38657,859,1522984,3289100
5121,39,54,38618,844,1523038,3453300
5122,31,35,38587,840,1523073,3226300
5123,40,46,38547,834,1523119,3289100
5124,46,41,38501,839,1523160,3354100
5125,34,49,38467,824,1523209,3339000
5126,45,46,38422,823,1523255,3375400
5127,38,40,38384,821,1523295,3285000
5128,41,37,38343,825,1523332,3257900
5129,47,43,38296,829,1523375,3373400
5130,53,46,38243,836,1523421,3444200
5131,45,33,38198,848,1523454,3348500
5132,30,40,38168,838,1523494,3225000
5133,47,48,38121,837,1523542,3251000
5134,33,35,38088,835,1523577,3474000
5135,48,32,38040,851,1523609,3411700
5136,43,38,37997,856,1523647,3273100
5137,44,39,37953,861,1523686,3325000
5138,45,39,37908,867,1523725,3475200
5139,50,34,37858,883,1523759,3541700
5140,42,42,37816,883,1523801,3313900
5141,45,46,37771,882,1523847,3298200
5142,43,47,37728,878,1523894,3373000
5143,44,33,37684,889,1523927,3433200
5144,41,42,37643,888,1523969,3228700
5145,45,48,37598,885,1524017,3290200
5146,48,42,37550,891,1524059,3321300
5147,50,56,37500,885,1524115,3424700
5148,42,53,37458,874,1524168,3212300
5149,52,41,37406,885,1524209,3298300
5150,33,29,37373,889,1524238,3353400
5151,51,52,37322,888,1524290,3564400
5152,58,48,37264,898,1524338,3657800
5153,36,50,37228,884,1524388,3335700
5154,47,38,37181,893,1524426,3539200
5155,48,47,37133,894,1524473,3241300
5156,32,42,37101,884,1524515,3269400
5157,42,49,37059,877,1524564,3300900
5158,41,41,37018,877,1524605,3327700
5159,45,38,36973,884,1524643,3428100
5160,46,48,36927,882,1524691,3454700
5161,39,36,36888,885,1524727,3255300
5162,29,49,36859,865,1524776,3425500
5163,34,55,36825,844,1524831,3212600
5164,39,42,36786,841,1524873,3361000
5165,36,44,36750,833,1524917,3487400
5166,37,38,36713,832,1524955,3362500
5167,40,41,36673,831,1524996,3187600
5168,34,39,36639,826,1525035,3260700
5169,43,42,36596,827,1525077,4119000
5170,47,39,36549,835,1525116,3497300
5171,44,43,36505,836,1525159,3471200
5172,41,40,36464,837,1525199,3420000
5173,47,46,36417,838,1525245,3427500
5174,43,37,36374,844,1525282,3551600
5175,35,40,36339,839,1525322,3368500
5176,43,45,36296,837,1525367,3835800
5177,46,40,36250,843,1525407,3548500
5178,29,52,36221,820,1525459,3292900
5179,45,36,36176,829,1525495,3139500
5180,36,42,36140,823,1525537,3385000
5181,38,37,36102,824,1525574,3326000
5182,37,36,36065,825,1525610,3167800
5183,40,44,36025,821,1525654,3526600
5184,37,50,35988,808,1525704,3397000
5185,45,43,35943,810,1525747,3466800
5186,38,47,35905,801,1525794,3546700
5187,31,35,35874,797,1525829,3318700
5188,36,35,35838,798,1525864,3497100
5189,30,43,35808,785,1525907,3484200
5190,46,41,35762,790,1525948,3630300
5191,43,31,35719,802,1525979,3669300
5192,35,34,35684,803,1526013,3363400
5193,40,42,35644,801,1526055,3545900
5194,33,43,35611,791,1526098,3478100
5195,35,47,35576,779,1526145,3377000
5196,28,36,35548,771,1526181,3451400
5197,41,38,35507,774,1526219,3366600
5198,39,41,35468,772,1526260,3310800
5199,32,38,35436,766,1526298,3334400
5200,25,47,35411,744,1526345,3246700
5201,36,25,35375,755,1526370,3209600
5202,32,30,35343,757,1526400,3191200
5203,34,35,35309,756,1526435,3307900
5204,39,30,35270,765,1526465,3407700
5205,32,45,35238,752,1526510,3625500
5206,28,37,35210,743,1526547,3449400
5207,23,31,35187,735,1526578,3340000
5208,37,41,35150,731,1526619,3329200
5209,39,33,35111,737,1526652,3292000
5210,43,36,35068,744,1526688,3213300
5211,35,42,35033,737,1526730,3181800
5212,35,40,34998,732,1526770,3434700
5213,33,40,34965,725,1526810,3282200
5214,37,34,34928,728,1526844,3619100
5215,35,32,34893,731,1526876,3435100
5216,35,44,34858,722,1526920,3413600
5217,38,31,34820,729,1526951,3369500
5218,41,37,34779,733,1526988,3611700
5219,40,30,34739,743,1527018,3161600
5220,31,39,34708,735,1527057,3427900
5221,38,35,34670,738,1527092,3197900
5222,26,35,34644,729,1527127,3403000
5223,32,46,34612,715,1527173,3530000
5224,39,31,34573,723,1527204,3200400
5225,25,37,34548,711,1527241,3429200
5226,30,35,34518,706,1527276,3154800
5227,32,29,34486,709,1527305,3337700
5228,34,33,34452,710,1527338,3538500
5229,33,37,34419,706,1527375,3306900
5230,46,41,34373,711,1527416,3355700
5231,51,33,34322,729,1527449,3199000
5232,36,33,34286,732,1527482,3301700
5233,21,49,34265,704,1527531,3685500
5234,24,38,34241,690,1527569,3461900
5235,33,38,34208,685,1527607,3430400
5236,39,36,34169,688,1527643,3408000
5237,37,33,34132,692,1527676,3298900
5238,26,26,34106,692,1527702,3441900
5239,30,38,34076,684,1527740,3287000
5240,33,31,34043,686,1527771,3413500
5241,31,23,34012,694,1527794,3326500
5242,40,34,33972,700,1527828,3387300
5243,33,30,33939,703,1527858,3306000
5244,29,35,33910,697,1527893,3463600
5245,38,31,33872,704,1527924,3354800
5246,30,41,33842,693,1527965,3548400
5247,27,44,33815,676,1528009,3358200
5248,31,40,33784,667,1528049,3341400
5249,33,37,33751,663,1528086,3239000
5250,40,39,33711,664,1528125,3459100
5251,30,27,33681,667,1528152,3401600
5252,33,30,33648,670,1528182,3474400
5253,38,37,33610,671,1528219,3124600
5254,34,33,33576,672,1528252,3372900
5255,27,38,33549,661,1528290,3450300
5256,39,34,33510,666,1528324,3349100
5257,25,33,33485,658,1528357,3509400
5258,32,40,33453,650,1528397,3430800
5259,29,29,33424,650,1528426,3350100
5260,31,35,33393,646,1528461,3302300
5261,37,38,33356,645,1528499,3292600
5262,31,36,33325,640,1528535,3389900
5263,25,31,33300,634,1528566,3546800
5264,33,28,33267,639,1528594,3474100
5265,45,25,33222,659,1528619,3491000
5266,23,37,33199,645,1528656,3394400
5267,41,27,33158,659,1528683,3279500
5268,33,34,33125,658,1528717,3417100
5269,30,37,33095,651,1528754,3383600
5270,28,28,33067,651,1528782,3554000
5271,33,35,33034,649,1528817,3219400
5272,27,34,33007,642,1528851,3470100
5273,33,33,32974,642,1528884,3282500
5274,39,37,32935,644,1528921,3352600
5275,41,26,32894,659,1528947,3330600
5276,40,36,32854,663,1528983,3328000
5277,38,25,32816,676,1529008,3873500
5278,32,36,32784,672,1529044,3284700
5279,49,40,32735,681,1529084,3353900
5280,37,29,32698,689,1529113,3332700
5281,29,44,32669,674,1529157,3389600
5282,41,29,32628,686,1529186,3392000
5283,36,29,32592,693,1529215,3300500
5284,38,40,32554,691,1529255,3354900
5285,29,33,32525,687,1529288,3324900
5286,36,34,32489,689,1529322,3547000
5287,28,37,32461,680,1529359,3352700
5288,37,25,32424,692,1529384,3316800
5289,38,37,32386,693,1529421,3301800
5290,36,32,32350,697,1529453,3647500
5291,33,30,32317,700,1529483,3429700
5292,31,39,32286,692,1529522,3295100
5293,37,40,32249,689,1529562,3292100
5294,40,35,32209,694,1529597,3188400
5295,33,34,32176,693,1529631,3349300
5296,33,27,32143,699,1529658,3334600
5297,36,32,32107,703,1529690,3290200
5298,32,40,32075,695,1529730,3273800
5299,40,29,32035,706,1529759,3291900
5300,42,44,31993,704,1529803,3353600
5301,36,36,31957,704,1529839,3258700
5302,37,44,31920,697,1529883,3341500
5303,25,36,31895,686,1529919,3435600
5304,31,45,31864,672,1529964,3106900
5305,28,36,31836,664,1530000,3229300
5306,30,37,31806,657,1530037,3890300
5307,28,32,31778,653,1530069,3428100
5308,40,30,31738,663,1530099,3499500
5309,30,41,31708,652,1530140,3203600
5310,24,39,31684,637,1530179,3375400
5311,33,24,31651,646,1530203,3246600
5312,31,39,31620,638,1530242,3401000
5313,27,33,31593,632,1530275,3394500
5314,27,26,31566,633,1530301,3555300
5315,21,35,31545,619,1530336,3509400
5316,28,29,31517,618,1530365,3352500
5317,26,19,31491,625,1530384,3243100
5318,20,26,31471,619,1530410,3198500
5319,25,24,31446,620,1530434,3333100
5320,26,29,31420,617,1530463,3359100
5321,20,41,31400,596,1530504,3343000
5322,23,32,31377,587,1530536,3389100
5323,25,31,31352,581,1530567,3488400
5324,23,27,31329,577,1530594,3418800
5325,34,28,31295,583,1530622,3370900
5326,27,31,31268,579,1530653,3580400
5327,29,36,31239,572,1530689,3458900
5328,27,35,31212,564,1530724,3747100
5329,22,23,31190,563,1530747,3514100
5330,25,29,31165,559,1530776,3286100
5331,24,29,31141,554,1530805,3278800
5332,24,23,31117,555,1530828,3235400
5333,33,28,31084,560,1530856,3353400
5334,23,31,31061,552,1530887,3701500
5335,22,31,31039,543,1530918,3364800
5336,22,26,31017,539,1530944,3619800
5337,36,21,30981,554,1530965,3361800
5338,28,34,30953,548,1530999,3449600
5339,31,21,30922,558,1531020,3491400
5340,26,28,30896,556,1531048,3185900
5341,29,36,30867,549,1531084,3386000
5342,28,21,30839,556,1531105,3329100
5343,25,31,30814,550,1531136,3235500
5344,18,31,30796,537,1531167,3434900
5345,32,25,30764,544,1531192,3512300
5346,27,31,30737,540,1531223,3903400
5347,23,21,30714,542,1531244,3601000
5348,19,20,30695,541,1531264,3910000
5349,27,29,30668,539,1531293,3833500
5350,23,22,30645,540,1531315,3911800
5351,25,29,30620,536,1531344,3352800
5352,26,28,30594,534,1531372,3289600
5353,29,31,30565,532,1531403,3492700
5354,22,31,30543,523,1531434,4049600
5355,20,31,30523,512,1531465,4842900
5356,20,22,30503,510,1531487,3656300
5357,28,20,30475,518,1531507,3807700
5358,33,26,30442,525,1531533,3639700
5359,40,14,30402,551,1531547,4496000
5360,24,29,30378,546,1531576,3440600
5361,21,31,30357,536,1531607,3363000
5362,24,22,30333,538,1531629,3159100
5363,25,23,30308,540,1531652,3264500
5364,25,28,30283,537,1531680,3436300
5365,29,25,30254,541,1531705,3309500
5366,30,24,30224,547,1531729,3125000
5367,33,20,30191,560,1531749,3557200
5368,27,24,30164,563,1531773,3267200
5369,22,27,30142,558,1531800,3639800
5370,33,22,30109,569,1531822,3656900
5371,32,30,30077,571,1531852,3159500
5372,23,34,30054,560,1531886,3238100
5373,24,31,30030,553,1531917,3430500
5374,23,32,30007,544,1531949,3387600
5375,20,26,29987,538,1531975,3355900
5376,31,27,29956,542,1532002,3240300
5377,28,27,29928,543,1532029,3147100
5378,21,31,29907,533,1532060,3493200
5379,29,22,29878,540,1532082,3558500
5380,30,33,29848,537,1532115,3568100
5381,33,24,29815,546,1532139,3338700
5382,25,25,29790,546,1532164,3269500
5383,35,30,29755,551,1532194,3236900
5384,31,32,29724,550,1532226,3424300
5385,28,33,29696,545,1532259,3144700
5386,23,27,29673,541,1532286,2966000
5387,26,21,29647,546,1532307,3178300
5388,27,27,29620,546,1532334,3363600
5389,34,25,29586,555,1532359,3161200
5390,27,25,29559,557,1532384,3716100
5391,32,25,29527,564,1532409,3153500
5392,24,32,29503,556,1532441,3218200
5393,31,29,29472,558,1532470,3424000
5394,29,22,29443,565,1532492,3131300
5395,25,28,29418,562,1532520,3060200
5396,31,15,29387,578,1532535,3053500
5397,38,36,29349,580,1532571,3164300
5398,27,22,29322,585,1532593,3244600
5399,23,32,29299,576,1532625,3403900
5400,31,23,29268,584,1532648,3053700
5401,32,22,29236,594,1532670,3048000
5402,38,31,29198,601,1532701,3076500
5403,39,33,29159,607,1532734,3262400
5404,30,41,29129,596,1532775,3255500
5405,26,28,29103,594,1532803,3337000
5406,34,38,29069,590,1532841,3447800
5407,34,18,29035,606,1532859,3538700
5408,25,26,29010,605,1532885,3338400
5409,30,38,28980,597,1532923,3550700
5410,27,43,28953,581,1532966,3245700
5411,29,22,28924,588,1532988,3614300
5412,25,36,28899,577,1533024,3418800
5413,31,32,28868,576,1533056,3625000
5414,17,26,28851,567,1533082,3380500
5415,27,27,28824,567,1533109,3356100
5416,22,30,28802,559,1533139,3185600
5417,26,41,28776,544,1533180,3267400
5418,18,28,28758,534,1533208,3251900
5419,21,39,28737,516,1533247,3232200
5420,22,22,28715,516,1533269,3061900
5421,26,27,28689,515,1533296,3270200
5422,25,23,28664,517,1533319,3093600
5423,23,35,28641,505,1533354,3108000
5424,14,17,28627,502,1533371,3127700
5425,25,25,28602,502,1533396,3535400
5426,24,23,28578,503,1533419,3248000
5427,17,31,28561,489,1533450,3285200
5428,20,20,28541,489,1533470,3230500
5429,27,30,28514,486,1533500,3096200
5430,28,19,28486,495,1533519,3033400
5431,23,23,28463,495,1533542,3156400
5432,21,35,28442,481,1533577,3140000
5433,27,18,28415,490,1533595,3676200
5434,32,26,28383,496,1533621,3106500
5435,22,25,28361,493,1533646,3083700
5436,33,21,28328,505,1533667,3170300
5437,26,23,28302,508,1533690,3189200
5438,24,26,28278,506,1533716,3144700
5439,21,15,28257,512,1533731,3276200
5440,31,33,28226,510,1533764,3170200
5441,28,26,28198,512,1533790,3060100
5442,23,23,28175,512,1533813,3042800
5443,21,30,28154,503,1533843,3208700
5444,22,20,28132,505,1533863,3073400
5445,17,37,28115,485,1533900,3328600
5446,21,14,28094,492,1533914,3178700
5447,27,18,28067,501,1533932,3479000
5448,23,20,28044,504,1533952,3513300
5449,24,22,28020,506,1533974,3705600
5450,27,22,27993,511,1533996,3265300
5451,30,29,27963,512,1534025,3263500
5452,17,26,27946,503,1534051,3295000
5453,25,30,27921,498,1534081,3081300
5454,24,24,27897,498,1534105,3270800
5455,35,28,27862,505,1534133,3301700
5456,20,26,27842,499,1534159,3312800
5457,20,20,27822,499,1534179,3322600
5458,30,33,27792,496,1534212,3139500
5459,27,28,27765,495,1534240,3152000
5460,19,31,27746,483,1534271,3411700
5461,18,26,27728,475,1534297,3193200
5462,17,30,27711,462,1534327,3021000
5463,17,18,27694,461,1534345,3277500
5464,24,19,27670,466,1534364,3283300
5465,23,22,27647,467,1534386,3181500
5466,27,20,27620,474,1534406,3393500
5467,22,18,27598,478,1534424,3182500
5468,20,23,27578,475,1534447,3329700
5469,19,23,27559,471,1534470,3225100
5470,17,36,27542,452,1534506,3334600
5471,17,23,27525,446,1534529,3369700
5472,14,26,27511,434,1534555,3315500
5473,22,19,27489,437,1534574,3192500
5474,17,21,27472,433,1534595,3107200
5475,27,24,27445,436,1534619,3333800
5476,19,23,27426,432,1534642,3256000
5477,18,24,27408,426,1534666,3289800
5478,21,19,27387,428,1534685,3510600
5479,20,26,27367,422,1534711,3715500
5480,24,21,27343,425,1534732,3679800
5481,30,24,27313,431,1534756,3839900
5482,18,22,27295,427,1534778,3346100
5483,22,19,27273,430,1534797,3389200
5484,24,21,27249,433,1534818,3216300
5485,17,30,27232,420,1534848,3322300
5486,23,18,27209,425,1534866,3311700
5487,29,26,27180,428,1534892,3428300
5488,17,23,27163,422,1534915,3211500
5489,22,17,27141,427,1534932,3255200
5490,18,20,27123,425,1534952,3316100
5491,11,20,27112,416,1534972,3258800
5492,23,20,27089,419,1534992,3105600
5493,21,23,27068,417,1535015,3222800
5494,24,15,27044,426,1535030,3176300
5495,20,20,27024,426,1535050,3229100
5496,23,21,27001,428,1535071,3248400
5497,20,16,26981,432,1535087,3368300
5498,14,28,26967,418,1535115,3389100
5499,23,19,26944,422,1535134,3515700
5500,19,23,26925,418,1535157,3286100
5501,23,18,26902,423,1535175,3022300
5502,21,13,26881,431,1535188,3414600
5503,26,10,26855,447,1535198,3490300
5504,19,20,26836,446,1535218,2930100
5505,19,21,26817,444,1535239,3111800
5506,24,21,26793,447,1535260,3098100
5507,18,19,26775,446,1535279,3312900
5508,18,21,26757,443,1535300,2869600
5509,25,26,26732,442,1535326,3408700
5510,19,15,26713,446,1535341,3777100
5511,26,25,26687,447,1535366,3283400
5512,14,34,26673,427,1535400,3431100
5513,13,25,26660,415,1535425,3475000
5514,23,17,26637,421,1535442,3563300
5515,18,22,26619,417,1535464,3331800
5516,13,27,26606,403,1535491,3142700
5517,13,25,26593,391,1535516,3660800
5518,17,26,26576,382,1535542,3307300
5519,24,20,26552,386,1535562,3289300
5520,19,21,26533,384,1535583,3459200
5521,22,24,26511,382,1535607,3115700
5522,14,16,26497,380,1535623,3400400
5523,16,26,26481,370,1535649,3095500
5524,17,22,26464,365,1535671,3241600
5525,21,23,26443,363,1535694,3334400
5526,18,15,26425,366,1535709,3320400
5527,21,22,26404,365,1535731,3455400
5528,25,22,26379,368,1535753,3581400
5529,19,15,26360,372,1535768,3529600
5530,30,19,26330,383,1535787,3250000
5531,28,20,26302,391,1535807,3596200
5532,21,16,26281,396,1535823,3304700
5533,14,24,26267,386,1535847,3698400
5534,27,20,26240,393,1535867,2875600
5535,26,18,26214,401,1535885,3564100
5536,21,35,26193,387,1535920,3447200
5537,21,26,26172,382,1535946,3358900
5538,30,16,26142,396,1535962,3572700
5539,19,25,26123,390,1535987,3626700
5540,23,14,26100,399,1536001,3496600
5541,25,19,26075,405,1536020,3246700
5542,23,26,26052,402,1536046,3572800
5543,10,18,26042,394,1536064,3224300
5544,13,23,26029,384,1536087,3593800
5545,19,16,26010,387,1536103,3722900
5546,21,19,25989,389,1536122,3737300
5547,19,15,25970,393,1536137,4181100
5548,19,24,25951,388,1536161,3705300
5549,21,17,25930,392,1536178,3498700
5550,23,16,25907,399,1536194,3752000
5551,20,25,25887,394,1536219,3283700
5552,22,27,25865,389,1536246,3133700
5553,18,14,25847,393,1536260,3252800
5554,22,20,25825,395,1536280,3355500
5555,22,23,25803,394,1536303,3176500
5556,23,24,25780,393,1536327,3131200
5557,18,22,25762,389,1536349,3249900
5558,30,18,25732,401,1536367,3384100
5559,25,22,25707,404,1536389,3184800
5560,13,22,25694,395,1536411,3297900
5561,22,17,25672,400,1536428,3323800
5562,17,24,25655,393,1536452,3160000
5563,22,15,25633,400,1536467,3034600
5564,14,20,25619,394,1536487,3447600
5565,13,24,25606,383,1536511,3173000
5566,13,16,25593,380,1536527,3382100
5567,19,24,25574,375,1536551,3162000
5568,17,29,25557,363,1536580,3074600
5569,12,13,25545,362,1536593,3199500
5570,15,13,25530,364,1536606,3488000
5571,17,18,25513,363,1536624,3058000
5572,20,13,25493,370,1536637,3115600
5573,22,17,25471,375,1536654,2954500
5574,26,22,25445,379,1536676,3131200
5575,19,22,25426,376,1536698,3252100
5576,20,20,25406,376,1536718,3194200
5577,24,20,25382,380,1536738,3089900
5578,19,22,25363,377,1536760,3068400
5579,18,24,25345,371,1536784,3145100
5580,21,20,25324,372,1536804,3105600
5581,18,19,25306,371,1536823,3107600
5582,23,19,25283,375,1536842,3557800
5583,23,18,25260,380,1536860,3529800
5584,16,24,25244,372,1536884,3072600
5585,14,19,25230,367,1536903,3657300
5586,13,16,25217,364,1536919,3139900
5587,22,17,25195,369,1536936,3480300
5588,16,23,25179,362,1536959,3101800
5589,23,16,25156,369,1536975,3185900
5590,15,19,25141,365,1536994,3179300
5591,14,19,25127,360,1537013,3134700
5592,11,17,25116,354,1537030,2888900
5593,19,19,25097,354,1537049,3129400
5594,19,24,25078,349,1537073,3386800
5595,12,11,25066,350,1537084,3405200
5596,16,12,25050,354,1537096,3110200
5597,23,13,25027,364,1537109,3181800
5598,14,15,25013,363,1537124,3252900
5599,18,18,24995,363,1537142,3302100
5600,14,24,24981,353,1537166,3068900
5601,16,14,24965,355,1537180,3217400
5602,9,20,24956,344,1537200,3236000
5603,18,13,24938,349,1537213,3065100
5604,15,17,24923,347,1537230,3263900
5605,9,14,24914,342,1537244,3192600
5606,16,16,24898,342,1537260,3501500
5607,15,22,24883,335,1537282,3161200
5608,15,15,24868,335,1537297,3081800
5609,14,15,24854,334,1537312,3367000
5610,15,17,24839,332,1537329,3209100
5611,11,14,24828,329,1537343,3123700
5612,12,20,24816,321,1537363,2994900
5613,15,15,24801,321,1537378,3491500
5614,9,15,24792,315,1537393,3206000
5615,13,14,24779,314,1537407,3197700
5616,15,8,24764,321,1537415,3149200
5617,7,15,24757,313,1537430,3142800
5618,10,17,24747,306,1537447,3205000
5619,14,17,24733,303,1537464,2999800
5620,12,9,24721,306,1537473,2974000
5621,10,13,24711,303,1537486,3179000
5622,11,17,24700,297,1537503,3174200
5623,17,18,24683,296,1537521,3206300
5624,6,19,24677,283,1537540,3207500
5625,13,17,24664,279,1537557,3623900
5626,10,7,24654,282,1537564,3377500
5627,20,18,24634,284,1537582,3095600
5628,14,21,24620,277,1537603,3310700
5629,10,15,24610,272,1537618,3141700
5630,13,11,24597,274,1537629,3194400
5631,15,13,24582,276,1537642,3127000
5632,17,6,24565,287,1537648,3073700
5633,17,17,24548,287,1537665,3081000
5634,15,10,24533,292,1537675,3453700
5635,11,13,24522,290,1537688,3264700
5636,9,20,24513,279,1537708,3198700
5637,16,14,24497,281,1537722,3130200
5638,15,9,24482,287,1537731,3186500
5639,19,9,24463,297,1537740,3079400
5640,15,18,24448,294,1537758,3093500
5641,16,6,24432,304,1537764,3054700
5642,16,11,24416,309,1537775,3202100
5643,14,24,24402,299,1537799,3204500
5644,20,19,24382,300,1537818,3056800
5645,9,19,24373,290,1537837,2924200
5646,11,11,24362,290,1537848,3160100
5647,11,10,24351,291,1537858,3217500
5648,10,16,24341,285,1537874,3100300
5649,15,11,24326,289,1537885,3049500
5650,13,13,24313,289,1537898,3140300
5651,16,18,24297,287,1537916,3336300
5652,7,11,24290,283,1537927,3140600
5653,9,12,24281,280,1537939,3033100
5654,11,19,24270,272,1537958,3088700
5655,9,18,24261,263,1537976,3149700
5656,6,7,24255,262,1537983,3126800
5657,12,14,24243,260,1537997,2997800
5658,11,12,24232,259,1538009,3078300
5659,12,15,24220,256,1538024,2988600
5660,10,12,24210,254,1538036,3113200
5661,17,16,24193,255,1538052,3091000
5662,8,10,24185,253,1538062,2993800
5663,11,11,24174,253,1538073,3146700
5664,5,17,24169,241,1538090,3316200
5665,11,15,24158,237,1538105,3197400
5666,4,13,24154,228,1538118,3143800
5667,9,7,24145,230,1538125,3308700
5668,7,16,24138,221,1538141,3380800
5669,8,12,24130,217,1538153,3191000
5670,8,16,24122,209,1538169,3054900
5671,7,13,24115,203,1538182,3458200
5672,4,17,24111,190,1538199,3235900
5673,7,9,24104,188,1538208,3217000
5674,10,14,24094,184,1538222,3195700
5675,4,12,24090,176,1538234,3123400
5676,5,9,24085,172,1538243,2949900
5677,6,4,24079,174,1538247,3160900
5678,6,10,24073,170,1538257,3146500
5679,5,3,24068,172,1538260,3081500
5680,5,9,24063,168,1538269,3001100
5681,2,7,24061,163,1538276,3004100
5682,8,5,24053,166,1538281,3272900
5683,8,6,24045,168,1538287,3554300
5684,1,12,24044,157,1538299,3249900
5685,5,3,24039,159,1538302,3159600
5686,6,12,24033,153,1538314,3150900
5687,8,4,24025,157,1538318,3221900
5688,6,6,24019,157,1538324,3023000
5689,7,5,24012,159,1538329,3096700
5690,4,8,24008,155,1538337,3284000
5691,5,6,24003,154,1538343,3234800
5692,6,7,23997,153,1538350,2970500
5693,5,9,23992,149,1538359,3175500
5694,6,7,23986,148,1538366,3271200
5695,6,11,23980,143,1538377,3137400
5696,5,3,23975,145,1538380,3085700
5697,4,5,23971,144,1538385,3252900
5698,3,11,23968,136,1538396,3201100
5699,5,7,23963,134,1538403,3359300
5700,4,5,23959,133,1538408,3150500
5701,4,3,23955,134,1538411,3045000
5702,8,4,23947,138,1538415,3696700
5703,6,5,23941,139,1538420,3411500
5704,9,9,23932,139,1538429,3040800
5705,5,2,23927,142,1538431,3238500
5706,2,2,23925,142,1538433,3285100
5707,4,11,23921,135,1538444,3081000
5708,4,5,23917,134,1538449,3047700
5709,8,11,23909,131,1538460,3276800
5710,6,8,23903,129,1538468,3074600
5711,4,6,23899,127,1538474,3091300
5712,8,6,23891,129,1538480,3352900
5713,4,8,23887,125,1538488,3026500
5714,7,6,23880,126,1538494,3048800
5715,5,8,23875,123,1538502,3107200
5716,12,8,23863,127,1538510,3068400
5717,9,11,23854,125,1538521,3139500
5718,2,3,23852,124,1538524,3089600
5719,4,7,23848,121,1538531,3239100
5720,4,7,23844,118,1538538,3339200
5721,4,7,23840,115,1538545,3163800
5722,4,8,23836,111,1538553,3031700
5723,5,5,23831,111,1538558,3255400
5724,4,4,23827,111,1538562,3270300
5725,3,4,23824,110,1538566,3158300
5726,2,4,23822,108,1538570,3064500
5727,1,6,23821,103,1538576,3068900
5728,5,7,23816,101,1538583,3217000
5729,5,4,23811,102,1538587,3233500
5730,5,2,23806,105,1538589,3046600
5731,5,3,23801,107,1538592,3230300
5732,3,4,23798,106,1538596,3311600
5733,6,2,23792,110,1538598,3186200
5734,2,4,23790,108,1538602,3662600
5735,5,6,23785,107,1538608,3143900
5736,5,3,23780,109,1538611,3557600
5737,4,4,23776,109,1538615,3158900
5738,3,4,23773,108,1538619,3252600
5739,3,10,23770,101,1538629,3244400
5740,3,7,23767,97,1538636,3093100
5741,1,1,23766,97,1538637,3119100
5742,2,8,23764,91,1538645,3121000
5743,3,6,23761,88,1538651,3165100
5744,3,1,23758,90,1538652,3183500
5745,1,10,23757,81,1538662,3310400
5746,4,6,23753,79,1538668,3142900
5747,1,4,23752,76,1538672,2949500
5748,2,4,23750,74,1538676,2945500
5749,2,4,23748,72,1538680,3305300
5750,1,4,23747,69,1538684,3265200
5751,2,5,23745,66,1538689,3062700
5752,3,5,23742,64,1538694,3056000
5753,1,2,23741,63,1538696,3140900
5754,4,7,23737,60,1538703,3166700
5755,4,4,23733,60,1538707,3134200
5756,2,5,23731,57,1538712,2980500
5757,3,4,23728,56,1538716,3431300
5758,2,3,23726,55,1538719,3053100
5759,1,1,23725,55,1538720,3301700
5760,2,7,23723,50,1538727,3038600
5761,2,1,23721,51,1538728,3123500
5762,1,1,23720,51,1538729,3178100
5763,0,6,23720,45,1538735,3096000
5764,1,2,23719,44,1538737,3081700
5765,2,1,23717,45,1538738,3048500
5766,2,5,23715,42,1538743,3097900
5767,3,1,23712,44,1538744,3129000
5768,1,0,23711,45,1538744,3235600
5769,1,1,23710,45,1538745,3194900
5770,2,4,23708,43,1538749,3317600
5771,4,3,23704,44,1538752,3096300
5772,3,2,23701,45,1538754,2992300
5773,3,4,23698,44,1538758,2936200
5774,1,3,23697,42,1538761,3146800
5775,0,3,23697,39,1538764,3185600
5776,0,2,23697,37,1538766,3386300
5777,1,3,23696,35,1538769,3251500
5778,1,0,23695,36,1538769,3310000
5779,2,4,23693,34,1538773,3195500
5780,2,2,23691,34,1538775,3258700
5781,0,0,23691,34,1538775,3328300
5782,1,0,23690,35,1538775,3149100
5783,0,0,23690,35,1538775,4181700
5784,1,3,23689,33,1538778,3181600
5785,1,1,23688,33,1538779,3107500
5786,2,1,23686,34,1538780,3121700
5787,0,1,23686,33,1538781,3128100
5788,1,2,23685,32,1538783,3191400
5789,1,0,23684,33,1538783,3133800
5790,2,0,23682,35,1538783,3151900
5791,1,2,23681,34,1538785,3113400
5792,1,2,23680,33,1538787,3072900
5793,1,1,23679,33,1538788,3007300
5794,0,4,23679,29,1538792,3026000
5795,1,1,23678,29,1538793,3321400
5796,0,1,23678,28,1538794,3088800
5797,0,1,23678,27,1538795,2945000
5798,0,0,23678,27,1538795,2940000
5799,0,2,23678,25,1538797,3113800
5800,0,1,23678,24,1538798,3229600
5801,1,0,23677,25,1538798,3057200
5802,0,2,23677,23,1538800,3028800
5803,0,0,23677,23,1538800,2993800
5804,0,3,23677,20,1538803,3140500
5805,0,0,23677,20,1538803,3039500
5806,0,2,23677,18,1538805,3103000
5807,0,2,23677,16,1538807,3177000
5808,0,1,23677,15,1538808,3217700
5809,0,0,23677,15,1538808,3223100
5810,0,0,23677,15,1538808,2986800
5811,0,0,23677,15,1538808,3301800
5812,0,0,23677,15,1538808,3333900
5813,0,1,23677,14,1538809,3221900
5814,0,0,23677,14,1538809,3044000
5815,0,0,23677,14,1538809,2973000
5816,0,1,23677,13,1538810,3057100
5817,0,1,23677,12,1538811,3069400
5818,0,1,23677,11,1538812,2997000
5819,0,0,23677,11,1538812,3475900
5820,0,1,23677,10,1538813,3441000
5821,0,1,23677,9,1538814,3226800
5822,0,0,23677,9,1538814,3154500
5823,0,0,23677,9,1538814,3365300
5824,0,0,23677,9,1538814,3302000
5825,0,0,23677,9,1538814,3161700
5826,0,0,23677,9,1538814,3175100
5827,0,0,23677,9,1538814,2993200
5828,0,0,23677,9,1538814,2999600
5829,0,0,23677,9,1538814,3168900
5830,0,0,23677,9,1538814,3036400
5831,0,0,23677,9,1538814,3221600
5832,0,2,23677,7,1538816,3017600
5833,0,0,23677,7,1538816,3048400
5834,0,0,23677,7,1538816,3070700
5835,0,0,23677,7,1538816,3024700
5836,0,0,23677,7,1538816,3211500
5837,0,1,23677,6,1538817,3205900
5838,0,0,23677,6,1538817,3114700
5839,0,0,23677,6,1538817,3253100
5840,0,0,23677,6,1538817,3059800
5841,0,0,23677,6,1538817,3270700
5842,0,0,23677,6,1538817,3084200
5843,0,0,23677,6,1538817,3145200
5844,0,0,23677,6,1538817,3024900
5845,0,2,23677,4,1538819,3290800
5846,0,0,23677,4,1538819,3206800
5847,0,1,23677,3,1538820,3654700
5848,0,0,23677,3,1538820,2880400
5849,0,0,23677,3,1538820,3164600
5850,0,1,23677,2,1538821,3333000
5851,0,0,23677,2,1538821,3090300
5852,0,0,23677,2,1538821,2964700
5853,0,0,23677,2,1538821,3025300
5854,0,0,23677,2,1538821,3036000
5855,0,0,23677,2,1538821,3158600
5856,0,0,23677,2,1538821,3227600
5857,0,0,23677,2,1538821,3061900
5858,0,0,23677,2,1538821,3178800
5859,0,0,23677,2,1538821,3372300
5860,0,0,23677,2,1538821,3016200
5861,0,0,23677,2,1538821,3054800
5862,0,0,23677,2,1538821,3330100
5863,0,0,23677,2,1538821,2958900
5864,0,1,23677,1,1538822,3067200
5865,0,0,23677,1,1538822,3010600
5866,0,0,23677,1,1538822,2990600
5867,0,1,23677,0,1538823,3087500
