Tick,NewlyInfected,NewlyRecovered,TotalSusceptible,TotalInfected,TotalRecovered,StepTimeNanos
0,1,1,1562494,5,1,63910900
1,2,0,1562492,7,1,28162500
2,3,1,1562489,9,2,3105100
3,0,2,1562489,7,4,3147400
4,1,0,1562488,8,4,2805600
5,1,2,1562487,7,6,3023300
6,2,0,1562485,9,6,2738500
7,1,2,1562484,8,8,3057100
8,1,0,1562483,9,8,2973100
9,3,0,1562480,12,8,2862900
10,5,0,1562475,17,8,3168200
11,7,1,1562468,23,9,3339300
12,3,0,1562465,26,9,3409100
13,5,1,1562460,30,10,3288500
14,3,1,1562457,32,11,3083400
15,2,1,1562455,33,12,3523400
16,4,0,1562451,37,12,2999800
17,7,1,1562444,43,13,3065600
18,5,4,1562439,44,17,2992100
19,5,0,1562434,49,17,3110500
20,4,1,1562430,52,18,3130800
21,5,4,1562425,53,22,3120000
22,7,1,1562418,59,23,3341300
23,7,1,1562411,65,24,3071000
24,5,4,1562406,66,28,3020400
25,7,6,1562399,67,34,3064300
26,12,4,1562387,75,38,2986000
27,10,2,1562377,83,40,3130400
28,11,2,1562366,92,42,3074100
29,8,2,1562358,98,44,3259400
30,7,3,1562351,102,47,2990000
31,7,3,1562344,106,50,3054300
32,12,5,1562332,113,55,3189900
33,9,7,1562323,115,62,3022400
34,10,6,1562313,119,68,3169300
35,15,4,1562298,130,72,3007900
36,13,6,1562285,137,78,2931300
37,19,8,1562266,148,86,3312000
38,19,7,1562247,160,93,3241100
39,21,7,1562226,174,100,3050900
40,7,8,1562219,173,108,2991400
41,11,8,1562208,176,116,3012400
42,13,8,1562195,181,124,2975800
43,17,13,1562178,185,137,3138500
44,21,8,1562157,198,145,3041900
45,22,12,1562135,208,157,3156900
46,14,13,1562121,209,170,3199700
47,12,11,1562109,210,181,2906100
48,18,9,1562091,219,190,2991100
49,21,10,1562070,230,200,3162500
50,20,13,1562050,237,213,3096900
51,18,14,1562032,241,227,3061600
52,16,13,1562016,244,240,3005600
53,13,6,1562003,251,246,3006200
54,23,9,1561980,265,255,2899000
55,26,17,1561954,274,272,3069900
56,23,11,1561931,286,283,2936800
57,25,19,1561906,292,302,3121000
58,27,9,1561879,310,311,3185700
59,27,20,1561852,317,331,3026500
60,11,14,1561841,314,345,3022000
61,14,14,1561827,314,359,2948500
62,29,8,1561798,335,367,2990300
63,22,16,1561776,341,383,3237900
64,20,24,1561756,337,407,2996900
65,33,21,1561723,349,428,2958200
66,25,16,1561698,358,444,3428500
67,32,19,1561666,371,463,3047400
68,30,16,1561636,385,479,3151000
69,31,12,1561605,404,491,3227300
70,34,25,1561571,413,516,3130800
71,31,27,1561540,417,543,3561700
72,32,18,1561508,431,561,3332300
73,24,19,1561484,436,580,3229600
74,33,21,1561451,448,601,2973700
75,28,24,1561423,452,625,2998000
76,38,23,1561385,467,648,2981900
77,31,21,1561354,477,669,3026400
78,37,20,1561317,494,689,3151200
79,31,31,1561286,494,720,3239200
80,35,31,1561251,498,751,3001000
81,33,22,1561218,509,773,2968700
82,29,25,1561189,513,798,3125200
83,42,27,1561147,528,825,3061200
84,29,27,1561118,530,852,3107400
85,40,29,1561078,541,881,3030200
86,31,17,1561047,555,898,3398300
87,31,33,1561016,553,931,3203100
88,44,26,1560972,571,957,2932500
89,43,22,1560929,592,979,3077900
90,43,22,1560886,613,1001,3348700
91,35,26,1560851,622,1027,3229900
92,36,31,1560815,627,1058,3227900
93,42,27,1560773,642,1085,2962800
94,45,39,1560728,648,1124,2969500
95,53,23,1560675,678,1147,3169200
96,43,36,1560632,685,1183,3331600
97,34,33,1560598,686,1216,3032700
98,42,42,1560556,686,1258,2924200
99,43,32,1560513,697,1290,2975100
100,37,42,1560476,692,1332,3113100
101,43,35,1560433,700,1367,3007100
102,33,35,1560400,698,1402,3259500
103,40,38,1560360,700,1440,2984600
104,45,41,1560315,704,1481,2974500
105,38,43,1560277,699,1524,2972200
106,50,38,1560227,711,1562,3170800
107,43,35,1560184,719,1597,3151200
108,39,39,1560145,719,1636,3055300
109,50,34,1560095,735,1670,3167600
110,46,28,1560049,753,1698,2978900
111,55,36,1559994,772,1734,3006500
112,58,38,1559936,792,1772,2893300
113,57,42,1559879,807,1814,3008500
114,57,47,1559822,817,1861,3094500
115,50,41,1559772,826,1902,3156300
116,38,29,1559734,835,1931,3148100
117,58,25,1559676,868,1956,3061400
118,64,36,1559612,896,1992,3038900
119,69,41,1559543,924,2033,2978400
120,50,48,1559493,926,2081,3064900
121,58,41,1559435,943,2122,3117100
122,70,41,1559365,972,2163,3204400
123,65,55,1559300,982,2218,3206300
124,54,45,1559246,991,2263,3081500
125,54,58,1559192,987,2321,3103300
126,70,44,1559122,1013,2365,3181400
127,63,47,1559059,1029,2412,3084700
128,74,58,1558985,1045,2470,3239300
129,63,56,1558922,1052,2526,3392300
130,62,52,1558860,1062,2578,3046000
131,71,56,1558789,1077,2634,3282200
132,66,57,1558723,1086,2691,3298900
133,72,52,1558651,1106,2743,3127700
134,64,51,1558587,1119,2794,3063900
135,58,54,1558529,1123,2848,3036400
136,65,64,1558464,1124,2912,2927200
137,70,51,1558394,1143,2963,3116100
138,60,55,1558334,1148,3018,3331000
139,62,67,1558272,1143,3085,3169800
140,52,75,1558220,1120,3160,3036600
141,63,72,1558157,1111,3232,2991800
142,66,63,1558091,1114,3295,3108200
143,60,55,1558031,1119,3350,3321200
144,62,46,1557969,1135,3396,3090200
145,68,63,1557901,1140,3459,3171000
146,67,50,1557834,1157,3509,3328800
147,67,51,1557767,1173,3560,3043400
148,70,59,1557697,1184,3619,3245100
149,67,66,1557630,1185,3685,3075400
150,71,63,1557559,1193,3748,3040200
151,61,55,1557498,1199,3803,2982900
152,75,65,1557423,1209,3868,2982900
153,68,61,1557355,1216,3929,2978100
154,83,52,1557272,1247,3981,3135900
155,59,66,1557213,1240,4047,3186200
156,75,61,1557138,1254,4108,3252900
157,66,72,1557072,1248,4180,3232700
158,75,72,1556997,1251,4252,3041900
159,78,55,1556919,1274,4307,3092200
160,90,66,1556829,1298,4373,3236400
161,72,79,1556757,1291,4452,3093300
162,67,61,1556690,1297,4513,3301500
163,74,56,1556616,1315,4569,3230600
164,76,59,1556540,1332,4628,3090900
165,74,83,1556466,1323,4711,3147200
166,70,76,1556396,1317,4787,3261800
167,74,62,1556322,1329,4849,3301500
168,71,74,1556251,1326,4923,3208600
169,75,76,1556176,1325,4999,3093000
170,89,68,1556087,1346,5067,3057200
171,76,72,1556011,1350,5139,3036100
172,75,71,1555936,1354,5210,3158000
173,90,69,1555846,1375,5279,3183200
174,78,73,1555768,1380,5352,3306100
175,64,64,1555704,1380,5416,3223900
176,92,66,1555612,1406,5482,3135500
177,89,66,1555523,1429,5548,3198600
178,90,61,1555433,1458,5609,3369700
179,72,76,1555361,1454,5685,3093200
180,85,65,1555276,1474,5750,2917700
181,94,78,1555182,1490,5828,3107500
182,80,92,1555102,1478,5920,3088000
183,89,81,1555013,1486,6001,3174400
184,88,64,1554925,1510,6065,3176900
185,90,67,1554835,1533,6132,2998900
186,89,72,1554746,1550,6204,3103400
187,86,78,1554660,1558,6282,2942100
188,83,82,1554577,1559,6364,3073500
189,93,77,1554484,1575,6441,3181200
190,96,79,1554388,1592,6520,3234500
191,100,91,1554288,1601,6611,3246400
192,92,81,1554196,1612,6692,3467800
193,99,83,1554097,1628,6775,3133100
194,93,75,1554004,1646,6850,3137500
195,98,77,1553906,1667,6927,3061300
196,109,78,1553797,1698,7005,3120500
197,107,80,1553690,1725,7085,3015800
198,104,102,1553586,1727,7187,3236800
199,99,97,1553487,1729,7284,3314700
200,98,99,1553389,1728,7383,3013100
201,112,88,1553277,1752,7471,3181100
202,115,95,1553162,1772,7566,3178400
203,91,89,1553071,1774,7655,3221500
204,106,78,1552965,1802,7733,3028200
205,101,88,1552864,1815,7821,3120700
206,100,95,1552764,1820,7916,3121400
207,83,97,1552681,1806,8013,3312600
208,96,109,1552585,1793,8122,3097500
209,96,105,1552489,1784,8227,3312500
210,95,79,1552394,1800,8306,3082400
211,88,91,1552306,1797,8397,2909900
212,88,91,1552218,1794,8488,3166200
213,95,90,1552123,1799,8578,3307700
214,95,101,1552028,1793,8679,3106500
215,92,101,1551936,1784,8780,3020500
216,103,85,1551833,1802,8865,2933400
217,96,86,1551737,1812,8951,3219600
218,82,75,1551655,1819,9026,2892800
219,84,89,1551571,1814,9115,3005600
220,96,90,1551475,1820,9205,2987900
221,95,89,1551380,1826,9294,3047700
222,101,102,1551279,1825,9396,3139000
223,106,86,1551173,1845,9482,3083100
224,94,83,1551079,1856,9565,3261100
225,100,101,1550979,1855,9666,3181100
226,90,92,1550889,1853,9758,3198600
227,81,99,1550808,1835,9857,3087800
228,85,106,1550723,1814,9963,2978900
229,94,79,1550629,1829,10042,3146800
230,113,74,1550516,1868,10116,3080000
231,117,97,1550399,1888,10213,3196400
232,105,93,1550294,1900,10306,3329400
233,102,97,1550192,1905,10403,3256200
234,119,95,1550073,1929,10498,3251700
235,104,109,1549969,1924,10607,3104400
236,118,96,1549851,1946,10703,3594100
237,95,105,1549756,1936,10808,3229600
238,116,93,1549640,1959,10901,3181400
239,112,90,1549528,1981,10991,3341100
240,103,101,1549425,1983,11092,3315500
241,113,76,1549312,2020,11168,3099000
242,117,99,1549195,2038,11267,3068100
243,126,103,1549069,2061,11370,3062600
244,107,94,1548962,2074,11464,3406600
245,123,103,1548839,2094,11567,3203200
246,128,93,1548711,2129,11660,3248000
247,128,113,1548583,2144,11773,3178800
248,126,94,1548457,2176,11867,3027600
249,127,106,1548330,2197,11973,3104500
250,121,102,1548209,2216,12075,3059500
251,137,100,1548072,2253,12175,3166900
252,134,130,1547938,2257,12305,3011900
253,133,101,1547805,2289,12406,3273200
254,121,108,1547684,2302,12514,2997200
255,120,111,1547564,2311,12625,3111600
256,122,115,1547442,2318,12740,3136400
257,133,115,1547309,2336,12855,3298500
258,150,138,1547159,2348,12993,3194800
259,154,122,1547005,2380,13115,3331300
260,146,116,1546859,2410,13231,3155800
261,141,112,1546718,2439,13343,3143800
262,136,133,1546582,2442,13476,3008500
263,133,118,1546449,2457,13594,3048600
264,131,133,1546318,2455,13727,3130800
265,130,123,1546188,2462,13850,3265900
266,141,116,1546047,2487,13966,3153100
267,132,145,1545915,2474,14111,3146100
268,127,128,1545788,2473,14239,3009800
269,124,132,1545664,2465,14371,3097400
270,147,154,1545517,2458,14525,2992900
271,151,114,1545366,2495,14639,3061500
272,139,105,1545227,2529,14744,3254900
273,128,136,1545099,2521,14880,3282000
274,142,135,1544957,2528,15015,3118000
275,146,130,1544811,2544,15145,3136300
276,150,137,1544661,2557,15282,3147300
277,138,122,1544523,2573,15404,3019900
278,152,132,1544371,2593,15536,3294500
279,128,138,1544243,2583,15674,3056800
280,141,112,1544102,2612,15786,3311100
281,156,134,1543946,2634,15920,3573800
282,126,127,1543820,2633,16047,3238300
283,167,130,1543653,2670,16177,3217600
284,147,135,1543506,2682,16312,3091300
285,148,128,1543358,2702,16440,3156700
286,130,105,1543228,2727,16545,3264600
287,140,115,1543088,2752,16660,3116900
288,136,134,1542952,2754,16794,3131900
289,149,124,1542803,2779,16918,3167700
290,129,145,1542674,2763,17063,3034200
291,152,153,1542522,2762,17216,3028100
292,144,158,1542378,2748,17374,3061000
293,144,132,1542234,2760,17506,3166700
294,152,115,1542082,2797,17621,3110200
295,152,123,1541930,2826,17744,3270000
296,168,150,1541762,2844,17894,3157200
297,175,150,1541587,2869,18044,3165400
298,172,134,1541415,2907,18178,3019100
299,145,161,1541270,2891,18339,3054800
300,170,147,1541100,2914,18486,3339000
301,165,149,1540935,2930,18635,2989900
302,171,137,1540764,2964,18772,3296900
303,165,154,1540599,2975,18926,3060300
304,179,149,1540420,3005,19075,3130000
305,163,157,1540257,3011,19232,2947000
306,177,153,1540080,3035,19385,3241500
307,164,155,1539916,3044,19540,3242000
308,164,144,1539752,3064,19684,3244400
309,157,139,1539595,3082,19823,3293500
310,166,153,1539429,3095,19976,3035500
311,175,159,1539254,3111,20135,3096900
312,172,157,1539082,3126,20292,3088100
313,162,168,1538920,3120,20460,3041900
314,170,146,1538750,3144,20606,3157300
315,168,147,1538582,3165,20753,3077600
316,158,147,1538424,3176,20900,3141700
317,188,174,1538236,3190,21074,3135200
318,161,149,1538075,3202,21223,3040900
319,178,155,1537897,3225,21378,3167600
320,176,170,1537721,3231,21548,3039700
321,161,163,1537560,3229,21711,3158100
322,184,161,1537376,3252,21872,3227900
323,160,158,1537216,3254,22030,3277800
324,179,167,1537037,3266,22197,3091300
325,175,167,1536862,3274,22364,3071600
326,191,155,1536671,3310,22519,3072200
327,207,156,1536464,3361,22675,3171500
328,185,188,1536279,3358,22863,3102900
329,181,165,1536098,3374,23028,3104200
330,183,176,1535915,3381,23204,3188500
331,181,172,1535734,3390,23376,2955500
332,172,151,1535562,3411,23527,3099600
333,174,178,1535388,3407,23705,2893900
334,167,164,1535221,3410,23869,3055500
335,161,179,1535060,3392,24048,3020900
336,200,184,1534860,3408,24232,3137600
337,204,194,1534656,3418,24426,3082500
338,191,183,1534465,3426,24609,3033600
339,189,171,1534276,3444,24780,3271500
340,190,177,1534086,3457,24957,3039000
341,196,160,1533890,3493,25117,3283000
342,198,200,1533692,3491,25317,3033300
343,177,170,1533515,3498,25487,3045800
344,208,172,1533307,3534,25659,3008200
345,209,179,1533098,3564,25838,2993600
346,174,181,1532924,3557,26019,3000600
347,182,183,1532742,3556,26202,3005400
348,173,205,1532569,3524,26407,3136700
349,192,182,1532377,3534,26589,3102200
350,207,153,1532170,3588,26742,3196700
351,197,180,1531973,3605,26922,3008900
352,195,181,1531778,3619,27103,2998100
353,184,184,1531594,3619,27287,2939500
354,208,181,1531386,3646,27468,2984700
355,200,162,1531186,3684,27630,3038800
356,192,162,1530994,3714,27792,2969600
357,192,167,1530802,3739,27959,3311700
358,190,181,1530612,3748,28140,3281500
359,196,187,1530416,3757,28327,3105200
360,184,200,1530232,3741,28527,2966600
361,209,214,1530023,3736,28741,3019300
362,201,185,1529822,3752,28926,3151700
363,206,209,1529616,3749,29135,3107500
364,204,172,1529412,3781,29307,3125700
365,182,198,1529230,3765,29505,3240500
366,203,174,1529027,3794,29679,3419300
367,188,185,1528839,3797,29864,3091200
368,190,195,1528649,3792,30059,3106800
369,209,188,1528440,3813,30247,3055500
370,187,218,1528253,3782,30465,3000300
371,198,214,1528055,3766,30679,3424000
372,208,175,1527847,3799,30854,3038000
373,190,173,1527657,3816,31027,3027200
374,199,202,1527458,3813,31229,3138300
375,210,202,1527248,3821,31431,3132600
376,177,179,1527071,3819,31610,2967800
377,209,182,1526862,3846,31792,3093400
378,204,181,1526658,3869,31973,2934600
379,198,224,1526460,3843,32197,3000400
380,183,210,1526277,3816,32407,3158800
381,188,172,1526089,3832,32579,3280200
382,217,177,1525872,3872,32756,3270700
383,174,217,1525698,3829,32973,3053900
384,196,204,1525502,3821,33177,3128700
385,202,194,1525300,3829,33371,3183300
386,208,195,1525092,3842,33566,3156400
387,202,183,1524890,3861,33749,3170600
388,225,171,1524665,3915,33920,3012500
389,190,207,1524475,3898,34127,3071900
390,205,181,1524270,3922,34308,2990300
391,195,204,1524075,3913,34512,3393200
392,203,196,1523872,3920,34708,2976000
393,233,224,1523639,3929,34932,3034100
394,235,206,1523404,3958,35138,2943500
395,236,198,1523168,3996,35336,3022500
396,201,218,1522967,3979,35554,3183800
397,199,206,1522768,3972,35760,3016400
398,171,194,1522597,3949,35954,3098800
399,202,192,1522395,3959,36146,2957500
400,194,186,1522201,3967,36332,3096000
401,214,173,1521987,4008,36505,3002500
402,207,216,1521780,3999,36721,3095900
403,197,203,1521583,3993,36924,3457200
404,212,199,1521371,4006,37123,3110500
405,213,191,1521158,4028,37314,3093100
406,203,196,1520955,4035,37510,3286900
407,208,207,1520747,4036,37717,3202300
408,224,210,1520523,4050,37927,3073900
409,196,186,1520327,4060,38113,3028100
410,228,205,1520099,4083,38318,3013400
411,204,221,1519895,4066,38539,3081600
412,223,204,1519672,4085,38743,3057900
413,232,189,1519440,4128,38932,3091400
414,204,192,1519236,4140,39124,3131500
415,190,195,1519046,4135,39319,3162900
416,218,217,1518828,4136,39536,3016400
417,212,194,1518616,4154,39730,2998300
418,233,207,1518383,4180,39937,3015600
419,221,232,1518162,4169,40169,3141000
420,212,205,1517950,4176,40374,3027900
421,208,223,1517742,4161,40597,3202500
422,213,188,1517529,4186,40785,3069900
423,233,199,1517296,4220,40984,3192300
424,228,214,1517068,4234,41198,3249700
425,240,221,1516828,4253,41419,3020200
426,229,195,1516599,4287,41614,3285200
427,226,231,1516373,4282,41845,3274600
428,223,177,1516150,4328,42022,3114700
429,231,218,1515919,4341,42240,3096300
430,205,232,1515714,4314,42472,3164500
431,248,201,1515466,4361,42673,3121700
432,236,227,1515230,4370,42900,3053300
433,238,200,1514992,4408,43100,2959500
434,223,212,1514769,4419,43312,3013000
435,243,237,1514526,4425,43549,3261900
436,234,200,1514292,4459,43749,3315900
437,220,220,1514072,4459,43969,3370600
438,240,197,1513832,4502,44166,3212100
439,260,224,1513572,4538,44390,3090000
440,226,228,1513346,4536,44618,2956100
441,216,226,1513130,4526,44844,3139800
442,213,226,1512917,4513,45070,3425600
443,245,230,1512672,4528,45300,3215400
444,243,218,1512429,4553,45518,3101800
445,229,220,1512200,4562,45738,3027400
446,224,242,1511976,4544,45980,3192800
447,240,188,1511736,4596,46168,3057600
448,240,258,1511496,4578,46426,3119700
449,249,214,1511247,4613,46640,3218700
450,212,251,1511035,4574,46891,3103200
451,242,243,1510793,4573,47134,3325600
452,241,229,1510552,4585,47363,3077600
453,232,225,1510320,4592,47588,3031900
454,224,244,1510096,4572,47832,2997000
455,243,238,1509853,4577,48070,3037800
456,234,213,1509619,4598,48283,3162700
457,232,236,1509387,4594,48519,3044400
458,246,232,1509141,4608,48751,3409400
459,214,229,1508927,4593,48980,3071500
460,221,252,1508706,4562,49232,3196300
461,208,238,1508498,4532,49470,3512000
462,223,237,1508275,4518,49707,3228000
463,242,235,1508033,4525,49942,3249900
464,212,229,1507821,4508,50171,3155400
465,232,237,1507589,4503,50408,3181400
466,205,213,1507384,4495,50621,2998500
467,240,240,1507144,4495,50861,3036300
468,236,226,1506908,4505,51087,3191600
469,238,233,1506670,4510,51320,3227000
470,225,240,1506445,4495,51560,3330300
471,224,229,1506221,4490,51789,3307600
472,227,216,1505994,4501,52005,3023900
473,232,252,1505762,4481,52257,3148000
474,243,224,1505519,4500,52481,2998100
475,256,209,1505263,4547,52690,2912300
476,226,228,1505037,4545,52918,3153700
477,227,223,1504810,4549,53141,3382400
478,231,185,1504579,4595,53326,3085900
479,231,210,1504348,4616,53536,3092400
480,239,222,1504109,4633,53758,3316200
481,225,226,1503884,4632,53984,3205200
482,232,238,1503652,4626,54222,3081400
483,221,220,1503431,4627,54442,3120700
484,254,230,1503177,4651,54672,3116900
485,245,242,1502932,4654,54914,3095900
486,234,229,1502698,4659,55143,3503200
487,265,226,1502433,4698,55369,3148100
488,224,228,1502209,4694,55597,3152900
489,237,230,1501972,4701,55827,3196700
490,244,265,1501728,4680,56092,3186900
491,261,224,1501467,4717,56316,3604200
492,258,234,1501209,4741,56550,3238800
493,225,232,1500984,4734,56782,3182400
494,250,226,1500734,4758,57008,3008600
495,240,225,1500494,4773,57233,2994400
496,239,236,1500255,4776,57469,3181000
497,238,273,1500017,4741,57742,2993100
498,244,225,1499773,4760,57967,3102200
499,265,215,1499508,4810,58182,3111400
500,232,252,1499276,4790,58434,3098000
501,233,228,1499043,4795,58662,3036400
502,223,237,1498820,4781,58899,3137300
503,229,236,1498591,4774,59135,3001600
504,218,227,1498373,4765,59362,3003900
505,248,245,1498125,4768,59607,3226800
506,247,215,1497878,4800,59822,3041700
507,255,227,1497623,4828,60049,3154800
508,237,246,1497386,4819,60295,2961500
509,267,255,1497119,4831,60550,3133500
510,248,224,1496871,4855,60774,3078300
511,240,250,1496631,4845,61024,3124100
512,253,243,1496378,4855,61267,3103700
513,258,231,1496120,4882,61498,3058900
514,234,232,1495886,4884,61730,3177300
515,262,234,1495624,4912,61964,3026000
516,240,229,1495384,4923,62193,3252000
517,257,249,1495127,4931,62442,2994500
518,268,248,1494859,4951,62690,3038300
519,252,262,1494607,4941,62952,2985500
520,220,256,1494387,4905,63208,3052300
521,253,250,1494134,4908,63458,2972500
522,236,235,1493898,4909,63693,3060100
523,246,235,1493652,4920,63928,3306900
524,261,238,1493391,4943,64166,3348100
525,259,243,1493132,4959,64409,3138000
526,252,256,1492880,4955,64665,3115900
527,250,253,1492630,4952,64918,3118900
528,270,248,1492360,4974,65166,2980400
529,255,261,1492105,4968,65427,3131300
530,285,246,1491820,5007,65673,3079000
531,276,247,1491544,5036,65920,3341900
532,283,246,1491261,5073,66166,3369800
533,254,271,1491007,5056,66437,3197100
534,282,252,1490725,5086,66689,3166900
535,239,251,1490486,5074,66940,3189000
536,270,271,1490216,5073,67211,3138000
537,267,311,1489949,5029,67522,3197000
538,247,250,1489702,5026,67772,3290800
539,279,235,1489423,5070,68007,3183000
540,276,260,1489147,5086,68267,3444600
541,260,233,1488887,5113,68500,3198100
542,259,258,1488628,5114,68758,3143000
543,279,242,1488349,5151,69000,3366600
544,235,255,1488114,5131,69255,3073000
545,294,265,1487820,5160,69520,2990700
546,258,244,1487562,5174,69764,3111600
547,252,251,1487310,5175,70015,2942300
548,268,246,1487042,5197,70261,3127700
549,274,259,1486768,5212,70520,3111900
550,230,233,1486538,5209,70753,3097800
551,255,278,1486283,5186,71031,3355700
552,267,240,1486016,5213,71271,3078000
553,241,244,1485775,5210,71515,3113500
554,310,279,1485465,5241,71794,3071300
555,263,258,1485202,5246,72052,3206400
556,273,225,1484929,5294,72277,3071400
557,268,249,1484661,5313,72526,3006600
558,264,261,1484397,5316,72787,3068800
559,270,259,1484127,5327,73046,3080700
560,260,267,1483867,5320,73313,3308500
561,251,266,1483616,5305,73579,3165700
562,297,282,1483319,5320,73861,2985500
563,260,280,1483059,5300,74141,2951700
564,272,299,1482787,5273,74440,2999700
565,287,264,1482500,5296,74704,3007500
566,288,247,1482212,5337,74951,2975100
567,296,265,1481916,5368,75216,3085400
568,267,240,1481649,5395,75456,3197000
569,269,260,1481380,5404,75716,3219600
570,295,275,1481085,5424,75991,3013000
571,269,260,1480816,5433,76251,3081600
572,297,275,1480519,5455,76526,2920500
573,298,287,1480221,5466,76813,3035600
574,270,268,1479951,5468,77081,3052600
575,288,251,1479663,5505,77332,3031000
576,287,272,1479376,5520,77604,3207700
577,288,285,1479088,5523,77889,3007400
578,316,292,1478772,5547,78181,3191300
579,287,279,1478485,5555,78460,3218200
580,307,251,1478178,5611,78711,3141900
581,300,280,1477878,5631,78991,2995800
582,302,305,1477576,5628,79296,3015400
583,273,259,1477303,5642,79555,3207000
584,287,266,1477016,5663,79821,3077400
585,304,254,1476712,5713,80075,3296800
586,301,304,1476411,5710,80379,3036800
587,282,302,1476129,5690,80681,3062300
588,303,269,1475826,5724,80950,2877300
589,307,286,1475519,5745,81236,3205800
590,277,298,1475242,5724,81534,2962600
591,304,296,1474938,5732,81830,3250200
592,305,289,1474633,5748,82119,3177200
593,314,288,1474319,5774,82407,3169400
594,312,276,1474007,5810,82683,3252900
595,303,287,1473704,5826,82970,3090600
596,302,266,1473402,5862,83236,3063600
597,319,312,1473083,5869,83548,3071500
598,320,282,1472763,5907,83830,3093500
599,341,270,1472422,5978,84100,3125500
600,290,301,1472132,5967,84401,3028400
601,299,269,1471833,5997,84670,3311500
602,329,307,1471504,6019,84977,3171300
603,334,332,1471170,6021,85309,3261700
604,309,301,1470861,6029,85610,2975600
605,311,313,1470550,6027,85923,3051000
606,308,316,1470242,6019,86239,2982400
607,291,289,1469951,6021,86528,3007700
608,344,288,1469607,6077,86816,3221200
609,272,298,1469335,6051,87114,3280100
610,314,315,1469021,6050,87429,3214700
611,318,294,1468703,6074,87723,2932200
612,291,308,1468412,6057,88031,3090200
613,315,321,1468097,6051,88352,3152200
614,328,296,1467769,6083,88648,3236100
615,297,329,1467472,6051,88977,3062900
616,285,328,1467187,6008,89305,3144200
617,337,312,1466850,6033,89617,3449300
618,308,289,1466542,6052,89906,3225800
619,326,299,1466216,6079,90205,3178100
620,300,318,1465916,6061,90523,3114200
621,318,321,1465598,6058,90844,3050600
622,299,300,1465299,6057,91144,3350300
623,323,318,1464976,6062,91462,3200700
624,327,307,1464649,6082,91769,3384400
625,303,282,1464346,6103,92051,3229600
626,330,321,1464016,6112,92372,3110000
627,306,310,1463710,6108,92682,3320400
628,312,300,1463398,6120,92982,3352700
629,328,326,1463070,6122,93308,3303600
630,317,278,1462753,6161,93586,3140400
631,353,315,1462400,6199,93901,3115500
632,345,319,1462055,6225,94220,3281700
633,359,321,1461696,6263,94541,3255100
634,317,309,1461379,6271,94850,3606200
635,356,318,1461023,6309,95168,6292800
636,303,282,1460720,6330,95450,5465900
637,306,326,1460414,6310,95776,6434100
638,313,332,1460101,6291,96108,4307300
639,333,317,1459768,6307,96425,3952100
640,310,323,1459458,6294,96748,3232200
641,321,314,1459137,6301,97062,3772300
642,336,327,1458801,6310,97389,4453000
643,358,305,1458443,6363,97694,3734600
644,362,330,1458081,6395,98024,3558000
645,345,293,1457736,6447,98317,3707600
646,341,272,1457395,6516,98589,3218500
647,334,383,1457061,6467,98972,3358900
648,318,317,1456743,6468,99289,3220300
649,318,285,1456425,6501,99574,3177100
650,327,345,1456098,6483,99919,3693600
651,337,330,1455761,6490,100249,3076900
652,312,308,1455449,6494,100557,3248200
653,301,360,1455148,6435,100917,3108900
654,376,316,1454772,6495,101233,3163400
655,318,335,1454454,6478,101568,3000000
656,335,326,1454119,6487,101894,3181700
657,336,329,1453783,6494,102223,3172000
658,344,308,1453439,6530,102531,3142700
659,329,377,1453110,6482,102908,3375200
660,329,311,1452781,6500,103219,3362800
661,337,316,1452444,6521,103535,3143000
662,341,341,1452103,6521,103876,3072000
663,352,332,1451751,6541,104208,3150500
664,311,352,1451440,6500,104560,3241000
665,339,333,1451101,6506,104893,3377200
666,311,345,1450790,6472,105238,3277300
667,323,277,1450467,6518,105515,3663000
668,349,298,1450118,6569,105813,3116200
669,341,332,1449777,6578,106145,3304000
670,313,311,1449464,6580,106456,3092100
671,320,352,1449144,6548,106808,3225300
672,311,349,1448833,6510,107157,3003800
673,314,347,1448519,6477,107504,3138500
674,307,344,1448212,6440,107848,3030400
675,317,341,1447895,6416,108189,3026800
676,351,295,1447544,6472,108484,3223300
677,338,315,1447206,6495,108799,3142800
678,318,365,1446888,6448,109164,3224700
679,330,320,1446558,6458,109484,3070000
680,334,322,1446224,6470,109806,3108600
681,310,319,1445914,6461,110125,3539200
682,342,333,1445572,6470,110458,3391800
683,348,319,1445224,6499,110777,3225800
684,336,313,1444888,6522,111090,3073600
685,359,300,1444529,6581,111390,3149300
686,341,325,1444188,6597,111715,3088300
687,354,363,1443834,6588,112078,3146200
688,315,341,1443519,6562,112419,3332900
689,348,336,1443171,6574,112755,3111600
690,369,356,1442802,6587,113111,3344600
691,307,340,1442495,6554,113451,3106500
692,361,308,1442134,6607,113759,3226400
693,360,347,1441774,6620,114106,3167900
694,320,340,1441454,6600,114446,3306500
695,343,340,1441111,6603,114786,3326300
696,345,339,1440766,6609,115125,3284800
697,367,331,1440399,6645,115456,3188500
698,363,309,1440036,6699,115765,3566400
699,330,331,1439706,6698,116096,3060100
700,348,356,1439358,6690,116452,3229200
701,342,300,1439016,6732,116752,3058800
702,355,348,1438661,6739,117100,3079300
703,378,311,1438283,6806,117411,2964300
704,346,342,1437937,6810,117753,3205600
705,370,336,1437567,6844,118089,3340000
706,343,311,1437224,6876,118400,3089500
707,380,343,1436844,6913,118743,3106700
708,360,367,1436484,6906,119110,3033600
709,350,382,1436134,6874,119492,3359800
710,384,355,1435750,6903,119847,3030600
711,354,335,1435396,6922,120182,3325100
712,360,361,1435036,6921,120543,3005200
713,346,350,1434690,6917,120893,3054400
714,324,388,1434366,6853,121281,3019700
715,348,347,1434018,6854,121628,3070200
716,360,343,1433658,6871,121971,3183000
717,351,336,1433307,6886,122307,3078900
718,334,363,1432973,6857,122670,3159200
719,344,297,1432629,6904,122967,2947000
720,357,334,1432272,6927,123301,3159200
721,383,325,1431889,6985,123626,3070300
722,353,339,1431536,6999,123965,3042800
723,323,348,1431213,6974,124313,3047200
724,322,377,1430891,6919,124690,3105000
725,364,372,1430527,6911,125062,3482000
726,357,313,1430170,6955,125375,3037900
727,372,343,1429798,6984,125718,3247400
728,369,327,1429429,7026,126045,3041300
729,383,349,1429046,7060,126394,3010800
730,360,358,1428686,7062,126752,3150700
731,364,356,1428322,7070,127108,3044400
732,364,358,1427958,7076,127466,3366100
733,392,363,1427566,7105,127829,3383400
734,363,356,1427203,7112,128185,3108400
735,350,335,1426853,7127,128520,3038200
736,371,338,1426482,7160,128858,3048100
737,395,378,1426087,7177,129236,3155900
738,371,350,1425716,7198,129586,3039700
739,352,377,1425364,7173,129963,3201700
740,358,336,1425006,7195,130299,3107700
741,383,362,1424623,7216,130661,3162000
742,372,357,1424251,7231,131018,3174200
743,402,343,1423849,7290,131361,3183100
744,354,363,1423495,7281,131724,3106300
745,389,373,1423106,7297,132097,3196400
746,380,385,1422726,7292,132482,3269900
747,387,359,1422339,7320,132841,3126600
748,389,354,1421950,7355,133195,3241700
749,343,339,1421607,7359,133534,3168500
750,375,340,1421232,7394,133874,3129600
751,376,394,1420856,7376,134268,3220000
752,361,397,1420495,7340,134665,3078100
753,372,363,1420123,7349,135028,3166800
754,376,394,1419747,7331,135422,3545300
755,383,364,1419364,7350,135786,3146200
756,394,369,1418970,7375,136155,2982900
757,402,375,1418568,7402,136530,3107200
758,404,365,1418164,7441,136895,3031700
759,405,379,1417759,7467,137274,3225900
760,334,379,1417425,7422,137653,3267400
761,402,352,1417023,7472,138005,3220900
762,368,356,1416655,7484,138361,3236000
763,422,402,1416233,7504,138763,3213100
764,368,360,1415865,7512,139123,3388700
765,394,394,1415471,7512,139517,3368400
766,393,384,1415078,7521,139901,3751500
767,395,349,1414683,7567,140250,3355600
768,399,401,1414284,7565,140651,4038300
769,386,377,1413898,7574,141028,3534200
770,400,362,1413498,7612,141390,3365800
771,382,364,1413116,7630,141754,3640100
772,415,370,1412701,7675,142124,3325400
773,433,399,1412268,7709,142523,3588600
774,415,391,1411853,7733,142914,3150000
775,416,419,1411437,7730,143333,3226200
776,395,413,1411042,7712,143746,3281200
777,391,338,1410651,7765,144084,3249700
778,442,371,1410209,7836,144455,3436400
779,392,398,1409817,7830,144853,3211600
780,414,416,1409403,7828,145269,3567900
781,404,398,1408999,7834,145667,3473700
782,412,399,1408587,7847,146066,3683200
783,385,432,1408202,7800,146498,3716800
784,407,347,1407795,7860,146845,3504800
785,420,359,1407375,7921,147204,3831300
786,400,380,1406975,7941,147584,4454700
787,389,430,1406586,7900,148014,4396200
788,386,378,1406200,7908,148392,3621000
789,387,398,1405813,7897,148790,3501900
790,367,433,1405446,7831,149223,3565700
791,383,402,1405063,7812,149625,3686400
792,365,390,1404698,7787,150015,3213300
793,406,382,1404292,7811,150397,3316800
794,388,379,1403904,7820,150776,3430600
795,372,377,1403532,7815,151153,3192200
796,399,373,1403133,7841,151526,3098200
797,399,409,1402734,7831,151935,2940200
798,381,390,1402353,7822,152325,2838400
799,407,389,1401946,7840,152714,3035300
800,412,415,1401534,7837,153129,3165600
801,379,421,1401155,7795,153550,3090700
802,406,372,1400749,7829,153922,2910700
803,399,411,1400350,7817,154333,2938600
804,405,379,1399945,7843,154712,2970800
805,388,399,1399557,7832,155111,3006400
806,391,396,1399166,7827,155507,3257800
807,383,438,1398783,7772,155945,3337600
808,371,374,1398412,7769,156319,3189600
809,421,377,1397991,7813,156696,3183100
810,379,380,1397612,7812,157076,2904400
811,417,432,1397195,7797,157508,3008400
812,390,395,1396805,7792,157903,2910300
813,403,395,1396402,7800,158298,2891400
814,410,398,1395992,7812,158696,3028100
815,375,433,1395617,7754,159129,3125200
816,376,332,1395241,7798,159461,3258300
817,419,395,1394822,7822,159856,3072600
818,400,407,1394422,7815,160263,3267200
819,415,364,1394007,7866,160627,2962700
820,441,397,1393566,7910,161024,3115500
821,404,405,1393162,7909,161429,2996700
822,398,377,1392764,7930,161806,2966000
823,402,398,1392362,7934,162204,2969000
824,406,387,1391956,7953,162591,3091800
825,383,396,1391573,7940,162987,3008600
826,397,382,1391176,7955,163369,2909100
827,410,398,1390766,7967,163767,2851900
828,422,405,1390344,7984,164172,3124200
829,410,398,1389934,7996,164570,3037000
830,404,446,1389530,7954,165016,2912900
831,412,391,1389118,7975,165407,3071900
832,388,376,1388730,7987,165783,3062300
833,388,391,1388342,7984,166174,2917400
834,420,404,1387922,8000,166578,2815500
835,398,429,1387524,7969,167007,3067600
836,417,375,1387107,8011,167382,2915700
837,412,397,1386695,8026,167779,3023400
838,413,404,1386282,8035,168183,3015000
839,432,393,1385850,8074,168576,3234400
840,430,399,1385420,8105,168975,3133600
841,414,413,1385006,8106,169388,3065400
842,407,406,1384599,8107,169794,3062600
843,389,408,1384210,8088,170202,2907100
844,422,417,1383788,8093,170619,2999700
845,385,460,1383403,8018,171079,3414000
846,401,378,1383002,8041,171457,3026900
847,385,369,1382617,8057,171826,3437400
848,433,394,1382184,8096,172220,2963500
849,412,428,1381772,8080,172648,3116900
850,422,446,1381350,8056,173094,3214800
851,428,379,1380922,8105,173473,2981900
852,413,447,1380509,8071,173920,2947400
853,404,387,1380105,8088,174307,3015200
854,460,394,1379645,8154,174701,2894700
855,418,391,1379227,8181,175092,3230600
856,445,400,1378782,8226,175492,2958200
857,379,388,1378403,8217,175880,2989900
858,407,448,1377996,8176,176328,3208800
859,406,401,1377590,8181,176729,2831100
860,393,429,1377197,8145,177158,2944500
861,396,397,1376801,8144,177555,2952400
862,400,411,1376401,8133,177966,3220000
863,414,432,1375987,8115,178398,3234100
864,368,405,1375619,8078,178803,2957000
865,402,398,1375217,8082,179201,3088900
866,383,403,1374834,8062,179604,2887500
867,407,435,1374427,8034,180039,2938100
868,386,396,1374041,8024,180435,2898300
869,384,400,1373657,8008,180835,3055400
870,403,401,1373254,8010,181236,2794800
871,423,387,1372831,8046,181623,3200200
872,446,398,1372385,8094,182021,2980100
873,410,396,1371975,8108,182417,3151700
874,380,414,1371595,8074,182831,3089200
875,407,383,1371188,8098,183214,2911200
876,410,424,1370778,8084,183638,2854300
877,402,402,1370376,8084,184040,2978800
878,437,416,1369939,8105,184456,2912900
879,407,371,1369532,8141,184827,2816100
880,405,391,1369127,8155,185218,3068400
881,430,444,1368697,8141,185662,3054300
882,368,433,1368329,8076,186095,3234100
883,383,388,1367946,8071,186483,3144300
884,409,402,1367537,8078,186885,3147000
885,387,403,1367150,8062,187288,3001100
886,370,435,1366780,7997,187723,3187400
887,421,399,1366359,8019,188122,2885300
888,382,386,1365977,8015,188508,3069900
889,382,402,1365595,7995,188910,3212400
890,392,395,1365203,7992,189305,3316300
891,372,389,1364831,7975,189694,3163500
892,357,407,1364474,7925,190101,3041800
893,358,404,1364116,7879,190505,2974900
894,371,415,1363745,7835,190920,3191600
895,390,384,1363355,7841,191304,3181000
896,389,389,1362966,7841,191693,3020000
897,386,420,1362580,7807,192113,2994100
898,370,395,1362210,7782,192508,2877100
899,383,378,1361827,7787,192886,3022900
900,381,428,1361446,7740,193314,3617300
901,381,388,1361065,7733,193702,3574600
902,396,401,1360669,7728,194103,3390500
903,390,397,1360279,7721,194500,3252800
904,405,398,1359874,7728,194898,3183500
905,390,402,1359484,7716,195300,3061200
906,421,377,1359063,7760,195677,3199800
907,380,381,1358683,7759,196058,3366600
908,389,371,1358294,7777,196429,3595000
909,383,396,1357911,7764,196825,3569100
910,386,385,1357525,7765,197210,3632600
911,389,388,1357136,7766,197598,3490000
912,381,385,1356755,7762,197983,3272900
913,380,386,1356375,7756,198369,3430900
914,417,411,1355958,7762,198780,3058000
915,394,390,1355564,7766,199170,3075800
916,414,343,1355150,7837,199513,3105300
917,399,365,1354751,7871,199878,3899800
918,392,362,1354359,7901,200240,3387100
919,380,388,1353979,7893,200628,3095800
920,420,424,1353559,7889,201052,3110000
921,410,407,1353149,7892,201459,2994500
922,424,403,1352725,7913,201862,2934800
923,398,387,1352327,7924,202249,2999800
924,424,399,1351903,7949,202648,2910400
925,412,398,1351491,7963,203046,3147000
926,397,406,1351094,7954,203452,3223900
927,391,410,1350703,7935,203862,3111500
928,383,460,1350320,7858,204322,2879100
929,397,370,1349923,7885,204692,2901600
930,373,433,1349550,7825,205125,2951800
931,380,376,1349170,7829,205501,3169000
932,423,375,1348747,7877,205876,3085700
933,375,419,1348372,7833,206295,3022100
934,411,380,1347961,7864,206675,2840000
935,370,415,1347591,7819,207090,3130100
936,416,382,1347175,7853,207472,3178800
937,402,438,1346773,7817,207910,3041300
938,379,410,1346394,7786,208320,3212800
939,401,396,1345993,7791,208716,3152200
940,383,369,1345610,7805,209085,3394900
941,368,391,1345242,7782,209476,2913100
942,415,399,1344827,7798,209875,3062300
943,405,402,1344422,7801,210277,3057400
944,394,421,1344028,7774,210698,2829000
945,383,371,1343645,7786,211069,3176900
946,375,382,1343270,7779,211451,3073700
947,379,366,1342891,7792,211817,3103400
948,394,371,1342497,7815,212188,3055200
949,373,393,1342124,7795,212581,3229900
950,380,382,1341744,7793,212963,3230700
951,413,343,1341331,7863,213306,3162900
952,432,395,1340899,7900,213701,3052200
953,418,410,1340481,7908,214111,2863600
954,410,419,1340071,7899,214530,2849300
955,409,341,1339662,7967,214871,2893800
956,418,403,1339244,7982,215274,3193300
957,423,423,1338821,7982,215697,3113200
958,427,401,1338394,8008,216098,2953800
959,405,357,1337989,8056,216455,3222200
960,435,402,1337554,8089,216857,2995200
961,421,424,1337133,8086,217281,3175700
962,409,401,1336724,8094,217682,2931100
963,402,406,1336322,8090,218088,2884100
964,399,389,1335923,8100,218477,2795100
965,421,401,1335502,8120,218878,2881600
966,416,401,1335086,8135,219279,3343800
967,403,406,1334683,8132,219685,2924900
968,400,386,1334283,8146,220071,2960300
969,426,364,1333857,8208,220435,2990000
970,409,440,1333448,8177,220875,2794800
971,404,391,1333044,8190,221266,2864100
972,399,401,1332645,8188,221667,2957200
973,430,369,1332215,8249,222036,2855800
974,397,444,1331818,8202,222480,2845200
975,411,434,1331407,8179,222914,2860500
976,424,394,1330983,8209,223308,2847500
977,414,447,1330569,8176,223755,2856300
978,400,433,1330169,8143,224188,2816800
979,393,437,1329776,8099,224625,2930900
980,399,368,1329377,8130,224993,2911400
981,410,396,1328967,8144,225389,2843800
982,412,388,1328555,8168,225777,2852700
983,396,420,1328159,8144,226197,2822800
984,422,388,1327737,8178,226585,2756700
985,406,438,1327331,8146,227023,2822500
986,407,423,1326924,8130,227446,2840100
987,391,441,1326533,8080,227887,2853400
988,429,383,1326104,8126,228270,3140700
989,471,370,1325633,8227,228640,2986800
990,428,420,1325205,8235,229060,3073300
991,422,414,1324783,8243,229474,2997200
992,408,408,1324375,8243,229882,2997400
993,429,411,1323946,8261,230293,3166100
994,422,421,1323524,8262,230714,3001800
995,361,381,1323163,8242,231095,2995600
996,403,366,1322760,8279,231461,3012300
997,397,405,1322363,8271,231866,2897600
998,451,417,1321912,8305,232283,3009500
999,387,403,1321525,8289,232686,3089200
1000,417,419,1321108,8287,233105,3014500
1001,418,438,1320690,8267,233543,2974000
1002,429,418,1320261,8278,233961,2936400
1003,424,431,1319837,8271,234392,2926300
1004,386,426,1319451,8231,234818,2939400
1005,430,434,1319021,8227,235252,2921300
1006,431,388,1318590,8270,235640,3002800
1007,390,396,1318200,8264,236036,2931700
1008,418,381,1317782,8301,236417,3070800
1009,384,408,1317398,8277,236825,2962800
1010,401,430,1316997,8248,237255,2973100
1011,401,386,1316596,8263,237641,3046500
1012,383,401,1316213,8245,238042,3068700
1013,418,418,1315795,8245,238460,3067700
1014,378,427,1315417,8196,238887,3219700
1015,404,435,1315013,8165,239322,3153600
1016,421,393,1314592,8193,239715,2924300
1017,406,429,1314186,8170,240144,2924400
1018,400,396,1313786,8174,240540,2917200
1019,431,392,1313355,8213,240932,3021100
1020,421,398,1312934,8236,241330,2987900
1021,392,414,1312542,8214,241744,3168100
1022,387,400,1312155,8201,242144,3093600
1023,413,457,1311742,8157,242601,3060900
1024,414,390,1311328,8181,242991,3466800
1025,382,444,1310946,8119,243435,2918600
1026,401,417,1310545,8103,243852,2956200
1027,400,389,1310145,8114,244241,3045500
1028,397,385,1309748,8126,244626,2965300
1029,366,406,1309382,8086,245032,2996100
1030,387,427,1308995,8046,245459,2940300
1031,415,364,1308580,8097,245823,3072900
1032,356,418,1308224,8035,246241,3125900
1033,366,397,1307858,8004,246638,3045500
1034,377,365,1307481,8016,247003,3507700
1035,396,389,1307085,8023,247392,3329300
1036,373,383,1306712,8013,247775,2988300
1037,399,397,1306313,8015,248172,3042700
1038,405,355,1305908,8065,248527,3111100
1039,397,416,1305511,8046,248943,3122100
1040,377,350,1305134,8073,249293,3064300
1041,386,355,1304748,8104,249648,3091700
1042,427,419,1304321,8112,250067,3057300
1043,413,394,1303908,8131,250461,3027800
1044,405,412,1303503,8124,250873,3008500
1045,414,401,1303089,8137,251274,3205600
1046,418,384,1302671,8171,251658,3113200
1047,376,409,1302295,8138,252067,3039600
1048,411,431,1301884,8118,252498,3048000
1049,394,422,1301490,8090,252920,3117300
1050,395,383,1301095,8102,253303,3088300
1051,392,387,1300703,8107,253690,3133400
1052,368,418,1300335,8057,254108,3281300
1053,351,441,1299984,7967,254549,3572000
1054,383,398,1299601,7952,254947,3834200
1055,374,398,1299227,7928,255345,3371700
1056,385,368,1298842,7945,255713,3105300
1057,366,402,1298476,7909,256115,3016200
1058,395,399,1298081,7905,256514,3358300
1059,359,406,1297722,7858,256920,3116900
1060,381,360,1297341,7879,257280,3067100
1061,412,402,1296929,7889,257682,2945400
1062,394,372,1296535,7911,258054,2937400
1063,373,402,1296162,7882,258456,2991300
1064,384,421,1295778,7845,258877,3107400
1065,396,378,1295382,7863,259255,3043900
1066,431,390,1294951,7904,259645,3004200
1067,406,421,1294545,7889,260066,3008300
1068,421,388,1294124,7922,260454,3042500
1069,375,354,1293749,7943,260808,3134600
1070,372,419,1293377,7896,261227,3050700
1071,410,403,1292967,7903,261630,3259900
1072,394,361,1292573,7936,261991,3442800
1073,393,395,1292180,7934,262386,3188100
1074,369,393,1291811,7910,262779,3185800
1075,419,368,1291392,7961,263147,3207800
1076,379,420,1291013,7920,263567,2962200
1077,392,372,1290621,7940,263939,3020100
1078,387,411,1290234,7916,264350,3187900
1079,363,407,1289871,7872,264757,3134200
1080,357,444,1289514,7785,265201,3023600
1081,395,394,1289119,7786,265595,3076100
1082,400,399,1288719,7787,265994,3020300
1083,429,393,1288290,7823,266387,3293800
1084,387,410,1287903,7800,266797,3138000
1085,388,437,1287515,7751,267234,3143300
1086,363,349,1287152,7765,267583,3227800
1087,403,387,1286749,7781,267970,3547700
1088,396,381,1286353,7796,268351,3332800
1089,374,377,1285979,7793,268728,3080500
1090,354,385,1285625,7762,269113,3008600
1091,372,370,1285253,7764,269483,3061500
1092,344,387,1284909,7721,269870,3150800
1093,373,378,1284536,7716,270248,2965500
1094,372,408,1284164,7680,270656,2917200
1095,380,385,1283784,7675,271041,2925900
1096,404,351,1283380,7728,271392,3001400
1097,381,413,1282999,7696,271805,2956000
1098,378,387,1282621,7687,272192,3145900
1099,369,390,1282252,7666,272582,3039300
1100,348,375,1281904,7639,272957,3047500
1101,373,385,1281531,7627,273342,3224300
1102,353,368,1281178,7612,273710,2962000
1103,389,390,1280789,7611,274100,3056500
1104,387,389,1280402,7609,274489,2975300
1105,381,395,1280021,7595,274884,2906300
1106,335,389,1279686,7541,275273,2916300
1107,384,365,1279302,7560,275638,2960900
1108,370,373,1278932,7557,276011,3036800
1109,377,373,1278555,7561,276384,3089400
1110,354,393,1278201,7522,276777,3068800
1111,333,392,1277868,7463,277169,3039700
1112,351,380,1277517,7434,277549,3150600
1113,372,357,1277145,7449,277906,3214900
1114,341,403,1276804,7387,278309,3353800
1115,369,403,1276435,7353,278712,3188300
1116,380,363,1276055,7370,279075,3305800
1117,352,369,1275703,7353,279444,3288400
1118,397,366,1275306,7384,279810,3629500
1119,332,357,1274974,7359,280167,3208600
1120,322,376,1274652,7305,280543,3021000
1121,356,377,1274296,7284,280920,2981000
1122,368,379,1273928,7273,281299,2961400
1123,382,367,1273546,7288,281666,2948300
1124,341,373,1273205,7256,282039,2910600
1125,341,379,1272864,7218,282418,2944100
1126,362,356,1272502,7224,282774,3029900
1127,331,348,1272171,7207,283122,2889600
1128,347,385,1271824,7169,283507,3084000
1129,336,372,1271488,7133,283879,2928200
1130,381,332,1271107,7182,284211,2884400
1131,337,340,1270770,7179,284551,2916500
1132,350,346,1270420,7183,284897,2943400
1133,365,350,1270055,7198,285247,2843000
1134,351,379,1269704,7170,285626,2910400
1135,409,381,1269295,7198,286007,2827800
1136,357,389,1268938,7166,286396,2892700
1137,372,369,1268566,7169,286765,2837500
1138,383,372,1268183,7180,287137,2762200
1139,403,383,1267780,7200,287520,2953900
1140,385,398,1267395,7187,287918,2889300
1141,350,338,1267045,7199,288256,3028100
1142,400,403,1266645,7196,288659,3040300
1143,373,339,1266272,7230,288998,3254300
1144,373,351,1265899,7252,289349,2934700
1145,384,370,1265515,7266,289719,2999600
1146,375,342,1265140,7299,290061,2801600
1147,359,298,1264781,7360,290359,2832500
1148,407,367,1264374,7400,290726,2853500
1149,388,380,1263986,7408,291106,3065600
1150,356,347,1263630,7417,291453,2905700
1151,371,362,1263259,7426,291815,3105000
1152,378,339,1262881,7465,292154,2843500
1153,394,365,1262487,7494,292519,2845800
1154,369,419,1262118,7444,292938,2870000
1155,373,369,1261745,7448,293307,2990000
1156,375,355,1261370,7468,293662,2858300
1157,355,365,1261015,7458,294027,2811100
1158,363,395,1260652,7426,294422,2833900
1159,357,368,1260295,7415,294790,2844100
1160,340,378,1259955,7377,295168,2953100
1161,380,373,1259575,7384,295541,2903900
1162,388,397,1259187,7375,295938,2954800
1163,357,391,1258830,7341,296329,2848700
1164,346,363,1258484,7324,296692,2912300
1165,316,388,1258168,7252,297080,3197800
1166,342,356,1257826,7238,297436,2966600
1167,325,361,1257501,7202,297797,3151800
1168,350,322,1257151,7230,298119,2849000
1169,361,372,1256790,7219,298491,2979800
1170,335,357,1256455,7197,298848,2948800
1171,375,354,1256080,7218,299202,2885100
1172,324,363,1255756,7179,299565,2851400
1173,335,387,1255421,7127,299952,2785500
1174,345,359,1255076,7113,300311,2811300
1175,337,380,1254739,7070,300691,2863400
1176,334,351,1254405,7053,301042,2796300
1177,318,345,1254087,7026,301387,2898000
1178,338,327,1253749,7037,301714,2883400
1179,335,359,1253414,7013,302073,2823900
1180,321,320,1253093,7014,302393,2783200
1181,318,326,1252775,7006,302719,3059600
1182,353,333,1252422,7026,303052,3119800
1183,345,334,1252077,7037,303386,2806000
1184,334,329,1251743,7042,303715,2890900
1185,324,333,1251419,7033,304048,2876400
1186,365,349,1251054,7049,304397,2975200
1187,318,355,1250736,7012,304752,2989100
1188,315,340,1250421,6987,305092,2856600
1189,310,346,1250111,6951,305438,2880700
1190,366,344,1249745,6973,305782,2760300
1191,336,352,1249409,6957,306134,2888600
1192,351,352,1249058,6956,306486,3209700
1193,322,349,1248736,6929,306835,3123800
1194,344,369,1248392,6904,307204,2850700
1195,329,309,1248063,6924,307513,2751800
1196,362,331,1247701,6955,307844,2840600
1197,324,341,1247377,6938,308185,3028900
1198,333,315,1247044,6956,308500,2885000
1199,345,374,1246699,6927,308874,3066200
1200,347,344,1246352,6930,309218,2884500
1201,340,328,1246012,6942,309546,2864700
1202,301,343,1245711,6900,309889,2993500
1203,324,380,1245387,6844,310269,3121000
1204,346,329,1245041,6861,310598,3088300
1205,352,334,1244689,6879,310932,2954700
1206,326,359,1244363,6846,311291,2944200
1207,352,339,1244011,6859,311630,3245300
1208,361,348,1243650,6872,311978,2832300
1209,340,349,1243310,6863,312327,2946200
1210,339,361,1242971,6841,312688,2795000
1211,398,333,1242573,6906,313021,2843400
1212,319,362,1242254,6863,313383,2837900
1213,371,321,1241883,6913,313704,2911300
1214,356,329,1241527,6940,314033,2870600
1215,339,336,1241188,6943,314369,2800200
1216,346,336,1240842,6953,314705,2863300
1217,358,360,1240484,6951,315065,2829800
1218,378,352,1240106,6977,315417,3041600
1219,384,381,1239722,6980,315798,3186900
1220,329,358,1239393,6951,316156,2890000
1221,360,324,1239033,6987,316480,2856100
1222,364,324,1238669,7027,316804,2924600
1223,381,393,1238288,7015,317197,2962800
1224,376,381,1237912,7010,317578,2992200
1225,317,338,1237595,6989,317916,3211600
1226,346,347,1237249,6988,318263,2858000
1227,362,372,1236887,6978,318635,2842500
1228,334,397,1236553,6915,319032,2863400
1229,331,327,1236222,6919,319359,2805500
1230,350,332,1235872,6937,319691,2822900
1231,380,354,1235492,6963,320045,2865700
1232,354,331,1235138,6986,320376,3005900
1233,372,338,1234766,7020,320714,2765700
1234,349,375,1234417,6994,321089,3048800
1235,347,324,1234070,7017,321413,3181800
1236,363,327,1233707,7053,321740,2897200
1237,335,323,1233372,7065,322063,2908700
1238,339,347,1233033,7057,322410,2895100
1239,371,338,1232662,7090,322748,2939900
1240,332,380,1232330,7042,323128,2992100
1241,343,351,1231987,7034,323479,2932300
1242,332,340,1231655,7026,323819,2864000
1243,375,338,1231280,7063,324157,2836400
1244,331,374,1230949,7020,324531,2823800
1245,311,355,1230638,6976,324886,2951300
1246,332,336,1230306,6972,325222,2914000
1247,349,339,1229957,6982,325561,2902000
1248,335,384,1229622,6933,325945,2888400
1249,316,318,1229306,6931,326263,2865200
1250,312,346,1228994,6897,326609,2861400
1251,332,345,1228662,6884,326954,2809200
1252,309,342,1228353,6851,327296,2784700
1253,335,350,1228018,6836,327646,2827500
1254,321,367,1227697,6790,328013,3139500
1255,264,330,1227433,6724,328343,3440000
1256,311,319,1227122,6716,328662,3005100
1257,323,323,1226799,6716,328985,2955800
1258,295,335,1226504,6676,329320,3088800
1259,343,315,1226161,6704,329635,2845400
1260,344,322,1225817,6726,329957,2864100
1261,337,329,1225480,6734,330286,3424800
1262,320,329,1225160,6725,330615,2974200
1263,328,326,1224832,6727,330941,2877800
1264,325,341,1224507,6711,331282,2867000
1265,316,335,1224191,6692,331617,2847700
1266,294,324,1223897,6662,331941,2978700
1267,326,362,1223571,6626,332303,2983600
1268,313,326,1223258,6613,332629,3162300
1269,323,309,1222935,6627,332938,2973000
1270,332,327,1222603,6632,333265,2886300
1271,321,332,1222282,6621,333597,3322600
1272,334,323,1221948,6632,333920,3189700
1273,320,287,1221628,6665,334207,2890200
1274,326,328,1221302,6663,334535,2969900
1275,313,312,1220989,6664,334847,3005100
1276,310,357,1220679,6617,335204,3181500
1277,292,314,1220387,6595,335518,3475800
1278,337,323,1220050,6609,335841,3020900
1279,348,367,1219702,6590,336208,2940600
1280,300,299,1219402,6591,336507,2869600
1281,325,308,1219077,6608,336815,2922300
1282,336,335,1218741,6609,337150,2929100
1283,318,325,1218423,6602,337475,2861900
1284,313,348,1218110,6567,337823,2917100
1285,312,307,1217798,6572,338130,2850900
1286,333,354,1217465,6551,338484,2901300
1287,325,355,1217140,6521,338839,3165600
1288,329,326,1216811,6524,339165,3003700
1289,337,327,1216474,6534,339492,3011800
1290,301,306,1216173,6529,339798,2970400
1291,318,306,1215855,6541,340104,2938400
1292,323,312,1215532,6552,340416,3114100
1293,353,344,1215179,6561,340760,2989900
1294,326,319,1214853,6568,341079,2899300
1295,347,340,1214506,6575,341419,2905400
1296,324,361,1214182,6538,341780,2895600
1297,311,325,1213871,6524,342105,2976300
1298,303,295,1213568,6532,342400,2921900
1299,322,312,1213246,6542,342712,2969000
1300,324,380,1212922,6486,343092,3017100
1301,326,314,1212596,6498,343406,2851800
1302,339,321,1212257,6516,343727,2770700
1303,357,335,1211900,6538,344062,2851600
1304,325,343,1211575,6520,344405,3012700
1305,314,308,1211261,6526,344713,2887300
1306,284,324,1210977,6486,345037,3096400
1307,299,305,1210678,6480,345342,2891900
1308,321,310,1210357,6491,345652,3124700
1309,330,302,1210027,6519,345954,2958800
1310,328,305,1209699,6542,346259,2859100
1311,313,336,1209386,6519,346595,2836200
1312,319,308,1209067,6530,346903,2887200
1313,345,320,1208722,6555,347223,3056600
1314,325,325,1208397,6555,347548,3201900
1315,323,325,1208074,6553,347873,3114400
1316,329,330,1207745,6552,348203,3107500
1317,313,300,1207432,6565,348503,2935300
1318,309,332,1207123,6542,348835,3195500
1319,312,292,1206811,6562,349127,2972200
1320,328,295,1206483,6595,349422,3119900
1321,310,339,1206173,6566,349761,3282900
1322,327,307,1205846,6586,350068,3098300
1323,315,324,1205531,6577,350392,3033300
1324,303,308,1205228,6572,350700,2975500
1325,336,336,1204892,6572,351036,2954000
1326,333,329,1204559,6576,351365,2908300
1327,309,351,1204250,6534,351716,3110000
1328,317,327,1203933,6524,352043,3203000
1329,345,319,1203588,6550,352362,3168000
1330,346,312,1203242,6584,352674,3038700
1331,341,332,1202901,6593,353006,3028000
1332,309,334,1202592,6568,353340,2971100
1333,316,345,1202276,6539,353685,3023100
1334,313,315,1201963,6537,354000,3125300
1335,329,338,1201634,6528,354338,2954300
1336,327,348,1201307,6507,354686,2927000
1337,326,321,1200981,6512,355007,2863500
1338,352,339,1200629,6525,355346,3022000
1339,333,342,1200296,6516,355688,2875000
1340,323,328,1199973,6511,356016,3148700
1341,344,334,1199629,6521,356350,2894700
1342,294,346,1199335,6469,356696,2884400
1343,340,330,1198995,6479,357026,3024000
1344,327,330,1198668,6476,357356,3092600
1345,369,331,1198299,6514,357687,2866200
1346,323,328,1197976,6509,358015,2889900
1347,347,316,1197629,6540,358331,2893900
1348,338,312,1197291,6566,358643,2909700
1349,324,333,1196967,6557,358976,2990800
1350,330,312,1196637,6575,359288,2937000
1351,330,351,1196307,6554,359639,2954900
1352,333,352,1195974,6535,359991,2998000
1353,317,305,1195657,6547,360296,2963800
1354,373,318,1195284,6602,360614,2956300
1355,328,313,1194956,6617,360927,3047300
1356,356,336,1194600,6637,361263,2852600
1357,315,327,1194285,6625,361590,2830000
1358,338,347,1193947,6616,361937,2881700
1359,309,351,1193638,6574,362288,3105600
1360,327,350,1193311,6551,362638,2904200
1361,335,320,1192976,6566,362958,3027500
1362,313,367,1192663,6512,363325,2961700
1363,303,325,1192360,6490,363650,2828000
1364,329,337,1192031,6482,363987,3019100
1365,297,325,1191734,6454,364312,3277900
1366,306,332,1191428,6428,364644,3097200
1367,345,299,1191083,6474,364943,3039900
1368,342,327,1190741,6489,365270,3034100
1369,330,338,1190411,6481,365608,3018000
1370,334,310,1190077,6505,365918,3004300
1371,322,292,1189755,6535,366210,2921100
1372,305,318,1189450,6522,366528,2909800
1373,314,355,1189136,6481,366883,2943700
1374,300,316,1188836,6465,367199,3163200
1375,300,327,1188536,6438,367526,2984300
1376,326,331,1188210,6433,367857,2895500
1377,340,320,1187870,6453,368177,2880500
1378,309,350,1187561,6412,368527,2933300
1379,293,344,1187268,6361,368871,2923800
1380,318,320,1186950,6359,369191,3041100
1381,306,356,1186644,6309,369547,3089800
1382,320,294,1186324,6335,369841,2873400
1383,327,298,1185997,6364,370139,2843300
1384,309,315,1185688,6358,370454,2887200
1385,303,346,1185385,6315,370800,3289000
1386,281,306,1185104,6290,371106,2987300
1387,289,304,1184815,6275,371410,3062900
1388,319,310,1184496,6284,371720,2986500
1389,309,318,1184187,6275,372038,2996000
1390,343,299,1183844,6319,372337,3048100
1391,337,333,1183507,6323,372670,3004900
1392,333,317,1183174,6339,372987,3053400
1393,321,291,1182853,6369,373278,3051200
1394,295,324,1182558,6340,373602,2839100
1395,334,284,1182224,6390,373886,3015300
1396,363,325,1181861,6428,374211,3116000
1397,346,332,1181515,6442,374543,2921200
1398,332,325,1181183,6449,374868,2908900
1399,312,356,1180871,6405,375224,3003400
1400,319,324,1180552,6400,375548,2913700
1401,316,306,1180236,6410,375854,2966000
1402,323,323,1179913,6410,376177,3024100
1403,315,310,1179598,6415,376487,2818500
1404,353,323,1179245,6445,376810,2837000
1405,354,336,1178891,6463,377146,3097500
1406,311,316,1178580,6458,377462,2900900
1407,375,334,1178205,6499,377796,2949500
1408,315,343,1177890,6471,378139,2856800
1409,363,338,1177527,6496,378477,2900600
1410,322,320,1177205,6498,378797,2928000
1411,323,323,1176882,6498,379120,2943800
1412,342,335,1176540,6505,379455,3101400
1413,324,292,1176216,6537,379747,2843000
1414,354,324,1175862,6567,380071,2980200
1415,339,331,1175523,6575,380402,2916400
1416,363,291,1175160,6647,380693,3098300
1417,370,324,1174790,6693,381017,3308500
1418,367,311,1174423,6749,381328,2968600
1419,356,306,1174067,6799,381634,3158000
1420,356,348,1173711,6807,381982,2828800
1421,337,323,1173374,6821,382305,3095600
1422,325,351,1173049,6795,382656,2968300
1423,351,310,1172698,6836,382966,2954000
1424,337,349,1172361,6824,383315,2923500
1425,322,358,1172039,6788,383673,2966600
1426,341,314,1171698,6815,383987,2948600
1427,344,327,1171354,6832,384314,3164100
1428,327,337,1171027,6822,384651,2941300
1429,346,357,1170681,6811,385008,2860100
1430,335,313,1170346,6833,385321,2888000
1431,335,343,1170011,6825,385664,2825300
1432,320,372,1169691,6773,386036,3003700
1433,353,349,1169338,6777,386385,2912700
1434,329,350,1169009,6756,386735,2895700
1435,329,313,1168680,6772,387048,2943600
1436,354,331,1168326,6795,387379,3075300
1437,359,331,1167967,6823,387710,3029000
1438,344,333,1167623,6834,388043,2974600
1439,368,342,1167255,6860,388385,2872600
1440,334,341,1166921,6853,388726,2816100
1441,371,330,1166550,6894,389056,3061200
1442,328,357,1166222,6865,389413,3145200
1443,349,342,1165873,6872,389755,3037300
1444,337,338,1165536,6871,390093,3298600
1445,347,330,1165189,6888,390423,3451800
1446,331,336,1164858,6883,390759,3118000
1447,376,330,1164482,6929,391089,3409200
1448,319,336,1164163,6912,391425,3317100
1449,353,338,1163810,6927,391763,3158300
1450,348,328,1163462,6947,392091,3185300
1451,349,349,1163113,6947,392440,3466500
1452,360,345,1162753,6962,392785,3230000
1453,366,346,1162387,6982,393131,3296200
1454,325,383,1162062,6924,393514,3114700
1455,366,334,1161696,6956,393848,3014000
1456,298,349,1161398,6905,394197,3183200
1457,328,355,1161070,6878,394552,3150400
1458,344,378,1160726,6844,394930,3000200
1459,310,339,1160416,6815,395269,3152000
1460,300,326,1160116,6789,395595,3078800
1461,307,309,1159809,6787,395904,3536600
1462,325,354,1159484,6758,396258,3277900
1463,314,317,1159170,6755,396575,3203100
1464,328,321,1158842,6762,396896,3118100
1465,329,331,1158513,6760,397227,3014300
1466,336,358,1158177,6738,397585,3571900
1467,332,324,1157845,6746,397909,3180800
1468,316,336,1157529,6726,398245,3101000
1469,327,380,1157202,6673,398625,3233300
1470,320,360,1156882,6633,398985,3029500
1471,329,295,1156553,6667,399280,3363700
1472,317,351,1156236,6633,399631,2882700
1473,310,352,1155926,6591,399983,2836500
1474,281,325,1155645,6547,400308,2969400
1475,330,342,1155315,6535,400650,3050400
1476,337,346,1154978,6526,400996,2987000
1477,315,321,1154663,6520,401317,2937400
1478,327,295,1154336,6552,401612,3296500
1479,339,355,1153997,6536,401967,2896300
1480,315,320,1153682,6531,402287,2916300
1481,312,312,1153370,6531,402599,2979400
1482,312,306,1153058,6537,402905,2808500
1483,299,309,1152759,6527,403214,2842500
1484,277,329,1152482,6475,403543,3427300
1485,296,322,1152186,6449,403865,2898200
1486,328,355,1151858,6422,404220,3131300
1487,288,301,1151570,6409,404521,2991600
1488,316,322,1151254,6403,404843,2961800
1489,304,344,1150950,6363,405187,3093900
1490,347,299,1150603,6411,405486,3158300
1491,317,317,1150286,6411,405803,3281000
1492,337,328,1149949,6420,406131,4553900
1493,345,287,1149604,6478,406418,11756500
1494,337,330,1149267,6485,406748,4052700
1495,328,300,1148939,6513,407048,3391300
1496,309,327,1148630,6495,407375,3308800
1497,336,339,1148294,6492,407714,3409200
1498,312,301,1147982,6503,408015,3221400
1499,346,339,1147636,6510,408354,3215200
1500,300,314,1147336,6496,408668,3129700
1501,332,304,1147004,6524,408972,3174500
1502,322,339,1146682,6507,409311,3155500
1503,322,284,1146360,6545,409595,3508400
1504,339,315,1146021,6569,409910,3188400
1505,317,334,1145704,6552,410244,3237500
1506,317,346,1145387,6523,410590,2990000
1507,329,321,1145058,6531,410911,3400000
1508,317,330,1144741,6518,411241,11414500
1509,296,302,1144445,6512,411543,5740400
1510,305,351,1144140,6466,411894,4725000
1511,300,324,1143840,6442,412218,3612800
1512,331,347,1143509,6426,412565,3888500
1513,300,318,1143209,6408,412883,3759800
1514,294,322,1142915,6380,413205,4145900
1515,300,320,1142615,6360,413525,10992500
1516,305,301,1142310,6364,413826,4738400
1517,317,324,1141993,6357,414150,5633400
1518,339,312,1141654,6384,414462,5544100
1519,314,298,1141340,6400,414760,3998600
1520,345,341,1140995,6404,415101,3271400
1521,280,294,1140715,6390,415395,3173000
1522,275,334,1140440,6331,415729,3372600
1523,334,301,1140106,6364,416030,3401300
1524,288,331,1139818,6321,416361,3182400
1525,311,300,1139507,6332,416661,3169200
1526,299,324,1139208,6307,416985,3078500
1527,288,316,1138920,6279,417301,3095900
1528,277,302,1138643,6254,417603,3172600
1529,280,299,1138363,6235,417902,3068400
1530,311,329,1138052,6217,418231,3048100
1531,322,327,1137730,6212,418558,3212100
1532,320,288,1137410,6244,418846,3346400
1533,310,317,1137100,6237,419163,3182800
1534,321,305,1136779,6253,419468,3133900
1535,297,313,1136482,6237,419781,3132300
1536,316,341,1136166,6212,420122,3355600
1537,299,329,1135867,6182,420451,3035300
1538,311,306,1135556,6187,420757,3067000
1539,303,309,1135253,6181,421066,2996300
1540,318,354,1134935,6145,421420,2992800
1541,324,313,1134611,6156,421733,3096300
1542,272,303,1134339,6125,422036,3023500
1543,329,342,1134010,6112,422378,3040500
1544,294,313,1133716,6093,422691,3062600
1545,323,324,1133393,6092,423015,3045600
1546,352,300,1133041,6144,423315,3120300
1547,321,310,1132720,6155,423625,3348200
1548,307,304,1132413,6158,423929,3372600
1549,325,304,1132088,6179,424233,3065900
1550,302,292,1131786,6189,424525,2979700
1551,352,294,1131434,6247,424819,3075400
1552,285,309,1131149,6223,425128,2941700
1553,324,291,1130825,6256,425419,2920200
1554,336,354,1130489,6238,425773,2924600
1555,336,317,1130153,6257,426090,2856700
1556,367,325,1129786,6299,426415,2837500
1557,331,272,1129455,6358,426687,2876300
1558,352,300,1129103,6410,426987,2887300
1559,318,287,1128785,6441,427274,2863100
1560,362,302,1128423,6501,427576,2846700
1561,354,313,1128069,6542,427889,2852700
1562,334,322,1127735,6554,428211,2863300
1563,330,303,1127405,6581,428514,2829600
1564,326,337,1127079,6570,428851,2828300
1565,317,301,1126762,6586,429152,2836100
1566,322,341,1126440,6567,429493,2833700
1567,337,327,1126103,6577,429820,2833200
1568,373,309,1125730,6641,430129,3543100
1569,318,323,1125412,6636,430452,3001800
1570,315,320,1125097,6631,430772,2909100
1571,317,360,1124780,6588,431132,3079200
1572,317,339,1124463,6566,431471,2878300
1573,332,324,1124131,6574,431795,2907200
1574,336,329,1123795,6581,432124,3142600
1575,326,325,1123469,6582,432449,2848700
1576,362,376,1123107,6568,432825,3121500
1577,327,329,1122780,6566,433154,2853500
1578,347,335,1122433,6578,433489,2973000
1579,334,350,1122099,6562,433839,2876500
1580,313,324,1121786,6551,434163,2831000
1581,326,331,1121460,6546,434494,2859500
1582,340,336,1121120,6550,434830,2895000
1583,384,338,1120736,6596,435168,2835400
1584,315,315,1120421,6596,435483,2889900
1585,329,323,1120092,6602,435806,2873300
1586,352,287,1119740,6667,436093,2864300
1587,346,336,1119394,6677,436429,2855800
1588,347,315,1119047,6709,436744,2869800
1589,378,341,1118669,6746,437085,2888300
1590,354,349,1118315,6751,437434,3256300
1591,305,333,1118010,6723,437767,3016300
1592,366,363,1117644,6726,438130,2974300
1593,347,330,1117297,6743,438460,2944000
1594,347,317,1116950,6773,438777,3329700
1595,335,342,1116615,6766,439119,2947500
1596,359,342,1116256,6783,439461,3158000
1597,350,333,1115906,6800,439794,2972800
1598,336,351,1115570,6785,440145,2961500
1599,344,358,1115226,6771,440503,3076000
1600,377,374,1114849,6774,440877,3030600
1601,369,343,1114480,6800,441220,2995400
1602,356,351,1114124,6805,441571,2968200
1603,343,364,1113781,6784,441935,2983600
1604,349,340,1113432,6793,442275,3134700
1605,343,382,1113089,6754,442657,3174200
1606,317,332,1112772,6739,442989,3114700
1607,336,366,1112436,6709,443355,3107700
1608,346,318,1112090,6737,443673,3100200
1609,347,355,1111743,6729,444028,3096700
1610,347,325,1111396,6751,444353,3257400
1611,346,328,1111050,6769,444681,3291100
1612,357,345,1110693,6781,445026,3116500
1613,328,327,1110365,6782,445353,3176200
1614,345,337,1110020,6790,445690,3070300
1615,363,348,1109657,6805,446038,3023100
1616,368,341,1109289,6832,446379,2993600
1617,383,313,1108906,6902,446692,3084500
1618,347,327,1108559,6922,447019,2981100
1619,343,351,1108216,6914,447370,2887800
1620,353,352,1107863,6915,447722,3097800
1621,311,360,1107552,6866,448082,3078600
1622,348,327,1107204,6887,448409,2920400
1623,334,351,1106870,6870,448760,2920800
1624,301,340,1106569,6831,449100,2825300
1625,303,354,1106266,6780,449454,2911400
1626,313,316,1105953,6777,449770,2980200
1627,332,346,1105621,6763,450116,2981400
1628,294,310,1105327,6747,450426,2931700
1629,303,322,1105024,6728,450748,2897100
1630,328,346,1104696,6710,451094,2939500
1631,326,333,1104370,6703,451427,2925000
1632,327,344,1104043,6686,451771,2870400
1633,351,354,1103692,6683,452125,2847600
1634,300,323,1103392,6660,452448,2904900
1635,353,337,1103039,6676,452785,3089700
1636,360,311,1102679,6725,453096,3170000
1637,326,350,1102353,6701,453446,3031500
1638,349,358,1102004,6692,453804,2913600
1639,359,326,1101645,6725,454130,2885100
1640,344,311,1101301,6758,454441,2888800
1641,331,326,1100970,6763,454767,3022800
1642,331,303,1100639,6791,455070,2945300
1643,328,347,1100311,6772,455417,2851600
1644,315,366,1099996,6721,455783,2824400
1645,328,323,1099668,6726,456106,2852500
1646,322,321,1099346,6727,456427,3090300
1647,322,360,1099024,6689,456787,3039200
1648,328,331,1098696,6686,457118,2901000
1649,357,327,1098339,6716,457445,2965200
1650,330,346,1098009,6700,457791,3046300
1651,331,311,1097678,6720,458102,2957600
1652,349,322,1097329,6747,458424,2948600
1653,329,339,1097000,6737,458763,3085200
1654,337,344,1096663,6730,459107,2852600
1655,300,352,1096363,6678,459459,2823100
1656,298,337,1096065,6639,459796,2806400
1657,303,359,1095762,6583,460155,2945800
1658,321,285,1095441,6619,460440,2877600
1659,327,355,1095114,6591,460795,2848800
1660,314,323,1094800,6582,461118,3079100
1661,311,316,1094489,6577,461434,2897100
1662,357,335,1094132,6599,461769,2994300
1663,337,300,1093795,6636,462069,2933100
1664,341,359,1093454,6618,462428,3024200
1665,378,369,1093076,6627,462797,3095400
1666,365,320,1092711,6672,463117,3172000
1667,320,362,1092391,6630,463479,3120000
1668,319,330,1092072,6619,463809,2947100
1669,356,346,1091716,6629,464155,3001100
1670,329,322,1091387,6636,464477,2906900
1671,338,317,1091049,6657,464794,2863000
1672,340,351,1090709,6646,465145,3072500
1673,363,365,1090346,6644,465510,3077600
1674,338,339,1090008,6643,465849,3123700
1675,339,341,1089669,6641,466190,3056600
1676,312,325,1089357,6628,466515,2954800
1677,360,326,1088997,6662,466841,2822400
1678,321,341,1088676,6642,467182,3046700
1679,327,293,1088349,6676,467475,3069000
1680,323,337,1088026,6662,467812,3074300
1681,336,309,1087690,6689,468121,2902300
1682,335,302,1087355,6722,468423,3120700
1683,356,361,1086999,6717,468784,3284900
1684,334,343,1086665,6708,469127,3078200
1685,323,311,1086342,6720,469438,2933100
1686,323,359,1086019,6684,469797,2871800
1687,329,322,1085690,6691,470119,2923000
1688,327,302,1085363,6716,470421,2959700
1689,323,294,1085040,6745,470715,2976700
1690,366,338,1084674,6773,471053,2822300
1691,363,324,1084311,6812,471377,2831500
1692,343,330,1083968,6825,471707,2853500
1693,381,352,1083587,6854,472059,3095700
1694,372,326,1083215,6900,472385,2902000
1695,352,337,1082863,6915,472722,3096400
1696,386,370,1082477,6931,473092,3136600
1697,348,344,1082129,6935,473436,2863200
1698,349,336,1081780,6948,473772,2963300
1699,378,373,1081402,6953,474145,2881100
1700,330,328,1081072,6955,474473,2926400
1701,337,333,1080735,6959,474806,2883500
1702,349,348,1080386,6960,475154,3338500
1703,350,331,1080036,6979,475485,3305300
1704,384,328,1079652,7035,475813,3192800
1705,364,313,1079288,7086,476126,2909400
1706,352,346,1078936,7092,476472,3034100
1707,361,343,1078575,7110,476815,2890500
1708,369,380,1078206,7099,477195,2910100
1709,325,388,1077881,7036,477583,3018900
1710,323,364,1077558,6995,477947,2887700
1711,340,345,1077218,6990,478292,3052500
1712,318,372,1076900,6936,478664,2970000
1713,338,319,1076562,6955,478983,3214900
1714,346,325,1076216,6976,479308,3037000
1715,313,346,1075903,6943,479654,2931000
1716,348,357,1075555,6934,480011,2882400
1717,319,347,1075236,6906,480358,2796900
1718,339,342,1074897,6903,480700,3008400
1719,338,344,1074559,6897,481044,2926200
1720,313,312,1074246,6898,481356,2809500
1721,351,340,1073895,6909,481696,3101000
1722,351,335,1073544,6925,482031,3050800
1723,324,318,1073220,6931,482349,2841800
1724,326,365,1072894,6892,482714,3034900
1725,339,356,1072555,6875,483070,3003200
1726,310,335,1072245,6850,483405,2969400
1727,336,369,1071909,6817,483774,2930400
1728,336,311,1071573,6842,484085,2889000
1729,326,325,1071247,6843,484410,2945700
1730,341,327,1070906,6857,484737,3096300
1731,352,344,1070554,6865,485081,3167900
1732,300,338,1070254,6827,485419,3079600
1733,356,342,1069898,6841,485761,2776400
1734,358,364,1069540,6835,486125,2890900
1735,326,356,1069214,6805,486481,2993600
1736,320,382,1068894,6743,486863,3015200
1737,313,317,1068581,6739,487180,2891900
1738,358,343,1068223,6754,487523,2987500
1739,341,365,1067882,6730,487888,3153900
1740,366,312,1067516,6784,488200,3205100
1741,375,338,1067141,6821,488538,3055400
1742,330,336,1066811,6815,488874,2816500
1743,348,365,1066463,6798,489239,2862700
1744,313,341,1066150,6770,489580,2850300
1745,327,362,1065823,6735,489942,3093600
1746,329,340,1065494,6724,490282,3010000
1747,330,328,1065164,6726,490610,2811700
1748,354,355,1064810,6725,490965,3125100
1749,330,329,1064480,6726,491294,3080700
1750,328,352,1064152,6702,491646,3237300
1751,305,343,1063847,6664,491989,2938800
1752,337,365,1063510,6636,492354,2905600
1753,305,315,1063205,6626,492669,2878300
1754,324,341,1062881,6609,493010,2897600
1755,302,325,1062579,6586,493335,2856400
1756,302,293,1062277,6595,493628,3217400
1757,303,323,1061974,6575,493951,3062700
1758,308,333,1061666,6550,494284,2928400
1759,323,340,1061343,6533,494624,2922900
1760,310,336,1061033,6507,494960,2862000
1761,336,357,1060697,6486,495317,3015000
1762,293,317,1060404,6462,495634,3129100
1763,323,326,1060081,6459,495960,3019900
1764,309,317,1059772,6451,496277,3032600
1765,332,324,1059440,6459,496601,3012500
1766,323,333,1059117,6449,496934,3155600
1767,328,290,1058789,6487,497224,3172600
1768,303,328,1058486,6462,497552,2931600
1769,320,335,1058166,6447,497887,3037500
1770,306,321,1057860,6432,498208,3021500
1771,315,356,1057545,6391,498564,3226400
1772,295,312,1057250,6374,498876,3178700
1773,308,350,1056942,6332,499226,2958200
1774,331,308,1056611,6355,499534,2930300
1775,310,318,1056301,6347,499852,2809800
1776,303,333,1055998,6317,500185,2891600
1777,340,351,1055658,6306,500536,2823400
1778,324,315,1055334,6315,500851,2782500
1779,326,310,1055008,6331,501161,2808600
1780,343,312,1054665,6362,501473,2950800
1781,350,298,1054315,6414,501771,2816000
1782,329,292,1053986,6451,502063,2967100
1783,352,301,1053634,6502,502364,2940800
1784,310,337,1053324,6475,502701,2941400
1785,340,342,1052984,6473,503043,2846800
1786,330,321,1052654,6482,503364,2815800
1787,285,322,1052369,6445,503686,3051000
1788,320,314,1052049,6451,504000,2946200
1789,315,340,1051734,6426,504340,3086900
1790,337,323,1051397,6440,504663,2848100
1791,328,310,1051069,6458,504973,2975500
1792,327,297,1050742,6488,505270,2880100
1793,330,334,1050412,6484,505604,3200300
1794,315,297,1050097,6502,505901,2922200
1795,344,362,1049753,6484,506263,2893500
1796,341,318,1049412,6507,506581,2815100
1797,351,348,1049061,6510,506929,3163000
1798,332,344,1048729,6498,507273,3147400
1799,331,333,1048398,6496,507606,3003300
1800,323,362,1048075,6457,507968,3114200
1801,344,329,1047731,6472,508297,2908500
1802,344,301,1047387,6515,508598,2838900
1803,329,317,1047058,6527,508915,3176600
1804,351,315,1046707,6563,509230,3135700
1805,332,344,1046375,6551,509574,2907000
1806,316,337,1046059,6530,509911,2960600
1807,311,337,1045748,6504,510248,2846400
1808,300,342,1045448,6462,510590,2948200
1809,321,335,1045127,6448,510925,3142400
1810,345,326,1044782,6467,511251,3103700
1811,329,367,1044453,6429,511618,2790900
1812,324,329,1044129,6424,511947,2795700
1813,317,323,1043812,6418,512270,2984800
1814,330,333,1043482,6415,512603,3340200
1815,323,334,1043159,6404,512937,3282300
1816,349,307,1042810,6446,513244,3035100
1817,332,337,1042478,6441,513581,2967400
1818,350,330,1042128,6461,513911,3038600
1819,313,301,1041815,6473,514212,3260000
1820,341,314,1041474,6500,514526,3104000
1821,338,347,1041136,6491,514873,3089400
1822,333,341,1040803,6483,515214,2915800
1823,345,344,1040458,6484,515558,2851100
1824,339,301,1040119,6522,515859,2996000
1825,345,312,1039774,6555,516171,2926600
1826,331,339,1039443,6547,516510,3003200
1827,329,325,1039114,6551,516835,2889800
1828,381,327,1038733,6605,517162,2878300
1829,351,316,1038382,6640,517478,2890300
1830,385,310,1037997,6715,517788,2975500
1831,361,325,1037636,6751,518113,2821700
1832,375,325,1037261,6801,518438,2872500
1833,349,324,1036912,6826,518762,2815900
1834,361,338,1036551,6849,519100,3050800
1835,332,338,1036219,6843,519438,3103100
1836,351,351,1035868,6843,519789,3116400
1837,361,327,1035507,6877,520116,2867900
1838,347,319,1035160,6905,520435,2874000
1839,346,333,1034814,6918,520768,2955000
1840,382,345,1034432,6955,521113,3078900
1841,319,345,1034113,6929,521458,3161200
1842,344,342,1033769,6931,521800,2982100
1843,343,348,1033426,6926,522148,2846400
1844,343,327,1033083,6942,522475,2981000
1845,346,358,1032737,6930,522833,2986300
1846,339,343,1032398,6926,523176,3025000
1847,377,355,1032021,6948,523531,2927100
1848,359,338,1031662,6969,523869,2910400
1849,362,343,1031300,6988,524212,2880100
1850,352,341,1030948,6999,524553,3008200
1851,370,341,1030578,7028,524894,3258800
1852,339,343,1030239,7024,525237,3106400
1853,365,361,1029874,7028,525598,2882800
1854,378,369,1029496,7037,525967,2878900
1855,333,379,1029163,6991,526346,2844600
1856,359,367,1028804,6983,526713,2984200
1857,355,356,1028449,6982,527069,3021600
1858,388,341,1028061,7029,527410,3311900
1859,342,364,1027719,7007,527774,3214100
1860,335,347,1027384,6995,528121,3077600
1861,334,367,1027050,6962,528488,3280700
1862,364,345,1026686,6981,528833,3133200
1863,336,343,1026350,6974,529176,3119000
1864,371,342,1025979,7003,529518,3166200
1865,355,351,1025624,7007,529869,3040700
1866,354,360,1025270,7001,530229,3049700
1867,358,338,1024912,7021,530567,3034400
1868,350,332,1024562,7039,530899,2811800
1869,325,351,1024237,7013,531250,2902700
1870,348,342,1023889,7019,531592,2886200
1871,328,371,1023561,6976,531963,2941600
1872,362,310,1023199,7028,532273,2915000
1873,325,313,1022874,7040,532586,2915900
1874,327,332,1022547,7035,532918,2919400
1875,357,362,1022190,7030,533280,2886200
1876,339,338,1021851,7031,533618,2910300
1877,346,332,1021505,7045,533950,3267600
1878,353,357,1021152,7041,534307,3005700
1879,366,362,1020786,7045,534669,3240100
1880,352,359,1020434,7038,535028,2925700
1881,390,365,1020044,7063,535393,3013500
1882,382,382,1019662,7063,535775,3030600
1883,359,353,1019303,7069,536128,2916800
1884,342,372,1018961,7039,536500,3074600
1885,358,329,1018603,7068,536829,2975800
1886,347,316,1018256,7099,537145,2998400
1887,346,354,1017910,7091,537499,3015500
1888,370,319,1017540,7142,537818,2905800
1889,350,363,1017190,7129,538181,2951200
1890,329,344,1016861,7114,538525,2908900
1891,335,354,1016526,7095,538879,3019600
1892,373,358,1016153,7110,539237,3168600
1893,348,374,1015805,7084,539611,3141700
1894,336,344,1015469,7076,539955,3056600
1895,313,380,1015156,7009,540335,3096400
1896,350,346,1014806,7013,540681,2820500
1897,386,346,1014420,7053,541027,2962600
1898,338,363,1014082,7028,541390,3061900
1899,345,360,1013737,7013,541750,2892200
1900,352,337,1013385,7028,542087,2891800
1901,357,339,1013028,7046,542426,2942400
1902,357,352,1012671,7051,542778,3116600
1903,312,336,1012359,7027,543114,3043800
1904,340,387,1012019,6980,543501,2975900
1905,339,342,1011680,6977,543843,3105800
1906,326,348,1011354,6955,544191,2965900
1907,316,357,1011038,6914,544548,3206200
1908,326,313,1010712,6927,544861,2961900
1909,354,343,1010358,6938,545204,2988600
1910,321,329,1010037,6930,545533,2982500
1911,325,373,1009712,6882,545906,3016300
1912,338,326,1009374,6894,546232,2968900
1913,354,344,1009020,6904,546576,2986400
1914,344,366,1008676,6882,546942,3057000
1915,316,308,1008360,6890,547250,2941000
1916,337,358,1008023,6869,547608,2898400
1917,319,339,1007704,6849,547947,2920200
1918,337,336,1007367,6850,548283,3290300
1919,300,352,1007067,6798,548635,3129100
1920,314,338,1006753,6774,548973,3280500
1921,308,370,1006445,6712,549343,3094300
1922,312,338,1006133,6686,549681,3111500
1923,337,329,1005796,6694,550010,3072900
1924,330,330,1005466,6694,550340,2960400
1925,317,340,1005149,6671,550680,2952200
1926,297,333,1004852,6635,551013,2942400
1927,314,333,1004538,6616,551346,2935800
1928,314,319,1004224,6611,551665,2986000
1929,320,350,1003904,6581,552015,2878300
1930,319,329,1003585,6571,552344,2840700
1931,314,320,1003271,6565,552664,2837200
1932,323,314,1002948,6574,552978,3253400
1933,337,328,1002611,6583,553306,3195300
1934,325,336,1002286,6572,553642,2894200
1935,320,353,1001966,6539,553995,2862100
1936,325,323,1001641,6541,554318,2848500
1937,348,322,1001293,6567,554640,2840300
1938,337,317,1000956,6587,554957,3116800
1939,328,320,1000628,6595,555277,2842200
1940,353,308,1000275,6640,555585,2766500
1941,338,346,999937,6632,555931,2827200
1942,318,331,999619,6619,556262,2840300
1943,332,310,999287,6641,556572,2858400
1944,343,346,998944,6638,556918,3104900
1945,334,340,998610,6632,557258,2939200
1946,344,358,998266,6618,557616,2946600
1947,373,345,997893,6646,557961,3206800
1948,338,327,997555,6657,558288,2986600
1949,321,341,997234,6637,558629,3001100
1950,347,336,996887,6648,558965,2878500
1951,344,344,996543,6648,559309,2840000
1952,347,319,996196,6676,559628,2860400
1953,351,323,995845,6704,559951,2843600
1954,322,352,995523,6674,560303,2784300
1955,341,319,995182,6696,560622,2744500
1956,319,349,994863,6666,560971,2833500
1957,336,316,994527,6686,561287,2856300
1958,326,342,994201,6670,561629,2871300
1959,358,347,993843,6681,561976,2868900
1960,363,369,993480,6675,562345,3135100
1961,356,346,993124,6685,562691,2977200
1962,352,360,992772,6677,563051,2846400
1963,375,334,992397,6718,563385,2770000
1964,357,299,992040,6776,563684,2840000
1965,354,362,991686,6768,564046,3173800
1966,326,327,991360,6767,564373,2783400
1967,310,351,991050,6726,564724,2864300
1968,312,339,990738,6699,565063,2850200
1969,367,313,990371,6753,565376,2912500
1970,346,322,990025,6777,565698,2851200
1971,313,337,989712,6753,566035,3085200
1972,343,339,989369,6757,566374,2895600
1973,337,349,989032,6745,566723,2792800
1974,339,317,988693,6767,567040,2812600
1975,323,341,988370,6749,567381,2842200
1976,331,330,988039,6750,567711,2871100
1977,325,355,987714,6720,568066,2883200
1978,328,332,987386,6716,568398,2855200
1979,338,346,987048,6708,568744,2754800
1980,305,324,986743,6689,569068,2809800
1981,352,332,986391,6709,569400,2873300
1982,337,336,986054,6710,569736,2822100
1983,337,304,985717,6743,570040,2878700
1984,371,366,985346,6748,570406,2848500
1985,367,321,984979,6794,570727,2851500
1986,353,341,984626,6806,571068,2778500
1987,341,321,984285,6826,571389,2916100
1988,344,361,983941,6809,571750,2923900
1989,367,344,983574,6832,572094,2836500
1990,337,348,983237,6821,572442,2866300
1991,331,334,982906,6818,572776,2860100
1992,345,330,982561,6833,573106,2840800
1993,332,365,982229,6800,573471,2821500
1994,313,334,981916,6779,573805,2841500
1995,303,347,981613,6735,574152,2897400
1996,327,352,981286,6710,574504,2958000
1997,317,317,980969,6710,574821,2876600
1998,316,350,980653,6676,575171,2865600
1999,328,364,980325,6640,575535,2857500
2000,326,337,979999,6629,575872,2835700
2001,328,311,979671,6646,576183,2775300
2002,370,326,979301,6690,576509,2854900
2003,359,329,978942,6720,576838,2952200
2004,355,311,978587,6764,577149,2757200
2005,336,314,978251,6786,577463,2839600
2006,343,355,977908,6774,577818,2867500
2007,365,320,977543,6819,578138,2752300
2008,325,371,977218,6773,578509,2800600
2009,356,326,976862,6803,578835,3168200
2010,353,335,976509,6821,579170,3030400
2011,370,362,976139,6829,579532,2851700
2012,349,363,975790,6815,579895,2864700
2013,366,361,975424,6820,580256,2864600
2014,362,340,975062,6842,580596,2883200
2015,335,327,974727,6850,580923,2934400
2016,363,329,974364,6884,581252,2820100
2017,351,342,974013,6893,581594,2915900
2018,358,354,973655,6897,581948,2765400
2019,354,344,973301,6907,582292,2838000
2020,331,363,972970,6875,582655,2751100
2021,362,346,972608,6891,583001,2972700
2022,337,325,972271,6903,583326,2876000
2023,323,340,971948,6886,583666,2832600
2024,332,350,971616,6868,584016,2748100
2025,308,342,971308,6834,584358,3009600
2026,337,362,970971,6809,584720,3013500
2027,348,336,970623,6821,585056,3101600
2028,328,328,970295,6821,585384,2799300
2029,334,341,969961,6814,585725,3000800
2030,351,357,969610,6808,586082,2838700
2031,343,358,969267,6793,586440,2859300
2032,328,314,968939,6807,586754,2898000
2033,325,341,968614,6791,587095,2836700
2034,324,359,968290,6756,587454,2748800
2035,335,309,967955,6782,587763,2797000
2036,362,321,967593,6823,588084,2729400
2037,309,337,967284,6795,588421,2859800
2038,320,345,966964,6770,588766,3078500
2039,349,375,966615,6744,589141,2935300
2040,352,326,966263,6770,589467,2938500
2041,315,340,965948,6745,589807,2896900
2042,322,354,965626,6713,590161,2872400
2043,323,340,965303,6696,590501,2838100
2044,374,358,964929,6712,590859,2860700
2045,329,336,964600,6705,591195,2911400
2046,302,351,964298,6656,591546,3108600
2047,319,354,963979,6621,591900,2844300
2048,323,339,963656,6605,592239,2880200
2049,334,321,963322,6618,592560,2890400
2050,339,293,962983,6664,592853,2937500
2051,353,361,962630,6656,593214,3075100
2052,334,352,962296,6638,593566,3034700
2053,342,347,961954,6633,593913,2913900
2054,332,322,961622,6643,594235,2938300
2055,317,318,961305,6642,594553,3146300
2056,326,292,960979,6676,594845,2999000
2057,323,342,960656,6657,595187,2971800
2058,330,339,960326,6648,595526,2971900
2059,316,301,960010,6663,595827,2995600
2060,338,330,959672,6671,596157,2969200
2061,309,355,959363,6625,596512,2956300
2062,322,340,959041,6607,596852,3051200
2063,306,338,958735,6575,597190,2944000
2064,318,321,958417,6572,597511,3196700
2065,291,326,958126,6537,597837,3097300
2066,308,318,957818,6527,598155,3151600
2067,331,324,957487,6534,598479,3026600
2068,274,321,957213,6487,598800,2892800
2069,308,358,956905,6437,599158,3009600
2070,328,320,956577,6445,599478,3166100
2071,299,327,956278,6417,599805,3179500
2072,295,320,955983,6392,600125,2951300
2073,329,319,955654,6402,600444,2927600
2074,303,306,955351,6399,600750,2906000
2075,325,304,955026,6420,601054,2841000
2076,301,316,954725,6405,601370,3106200
2077,312,286,954413,6431,601656,2881800
2078,322,313,954091,6440,601969,2880400
2079,350,312,953741,6478,602281,2863200
2080,365,325,953376,6518,602606,2894400
2081,324,325,953052,6517,602931,2997900
2082,331,297,952721,6551,603228,3057000
2083,306,364,952415,6493,603592,3231400
2084,322,306,952093,6509,603898,2980600
2085,351,310,951742,6550,604208,2879300
2086,346,321,951396,6575,604529,3118500
2087,325,315,951071,6585,604844,3078000
2088,327,335,950744,6577,605179,2857700
2089,365,351,950379,6591,605530,2886700
2090,359,293,950020,6657,605823,2795000
2091,364,318,949656,6703,606141,2889700
2092,381,338,949275,6746,606479,3307300
2093,365,339,948910,6772,606818,2874100
2094,349,349,948561,6772,607167,2935200
2095,351,344,948210,6779,607511,2908400
2096,352,315,947858,6816,607826,3072400
2097,329,333,947529,6812,608159,2993800
2098,333,337,947196,6808,608496,3081800
2099,362,331,946834,6839,608827,2913100
2100,320,354,946514,6805,609181,2925300
2101,344,332,946170,6817,609513,3196000
2102,326,332,945844,6811,609845,3201700
2103,372,347,945472,6836,610192,3112300
2104,330,337,945142,6829,610529,2948900
2105,359,342,944783,6846,610871,3093400
2106,342,319,944441,6869,611190,3086700
2107,337,343,944104,6863,611533,3098500
2108,350,358,943754,6855,611891,3054800
2109,355,354,943399,6856,612245,2964700
2110,350,365,943049,6841,612610,3229900
2111,355,327,942694,6869,612937,3503300
2112,368,339,942326,6898,613276,3363500
2113,340,346,941986,6892,613622,3332600
2114,350,340,941636,6902,613962,3673600
2115,394,349,941242,6947,614311,3053600
2116,350,372,940892,6925,614683,3356700
2117,347,364,940545,6908,615047,3014100
2118,339,361,940206,6886,615408,3167700
2119,356,342,939850,6900,615750,3553600
2120,313,368,939537,6845,616118,3471000
2121,356,330,939181,6871,616448,3070900
2122,352,371,938829,6852,616819,3169000
2123,334,336,938495,6850,617155,2884600
2124,371,317,938124,6904,617472,3011300
2125,325,340,937799,6889,617812,2863500
2126,355,358,937444,6886,618170,3165900
2127,331,316,937113,6901,618486,3244200
2128,346,359,936767,6888,618845,2903100
2129,348,321,936419,6915,619166,2871400
2130,341,318,936078,6938,619484,2854400
2131,387,324,935691,7001,619808,2907200
2132,347,339,935344,7009,620147,2781000
2133,357,327,934987,7039,620474,2845800
2134,360,335,934627,7064,620809,2857700
2135,337,376,934290,7025,621185,2860100
2136,361,327,933929,7059,621512,2864400
2137,359,373,933570,7045,621885,3257100
2138,320,356,933250,7009,622241,3127600
2139,375,363,932875,7021,622604,2870400
2140,333,356,932542,6998,622960,2855700
2141,358,368,932184,6988,623328,2885400
2142,368,341,931816,7015,623669,2980000
2143,384,356,931432,7043,624025,3054400
2144,380,336,931052,7087,624361,2864800
2145,363,355,930689,7095,624716,2850200
2146,361,368,930328,7088,625084,2776800
2147,354,365,929974,7077,625449,2815100
2148,328,359,929646,7046,625808,3043400
2149,358,337,929288,7067,626145,2951700
2150,344,376,928944,7035,626521,2890400
2151,385,372,928559,7048,626893,2931900
2152,377,343,928182,7082,627236,2898500
2153,345,386,927837,7041,627622,3308300
2154,348,393,927489,6996,628015,3235900
2155,361,304,927128,7053,628319,2926000
2156,358,331,926770,7080,628650,2970100
2157,324,346,926446,7058,628996,2896500
2158,348,337,926098,7069,629333,3004700
2159,410,348,925688,7131,629681,3024300
2160,379,368,925309,7142,630049,3148600
2161,356,337,924953,7161,630386,2918600
2162,316,340,924637,7137,630726,2929500
2163,326,328,924311,7135,631054,3032000
2164,326,352,923985,7109,631406,3104000
2165,352,356,923633,7105,631762,3034700
2166,326,342,923307,7089,632104,2993100
2167,335,343,922972,7081,632447,3018300
2168,331,360,922641,7052,632807,3010700
2169,351,324,922290,7079,633131,2996400
2170,348,323,921942,7104,633454,3117100
2171,327,338,921615,7093,633792,2963100
2172,327,353,921288,7067,634145,3056300
2173,326,342,920962,7051,634487,3189700
2174,324,339,920638,7036,634826,3053300
2175,357,342,920281,7051,635168,3077600
2176,327,325,919954,7053,635493,3263100
2177,325,337,919629,7041,635830,3040000
2178,321,348,919308,7014,636178,2934500
2179,353,342,918955,7025,636520,2889600
2180,344,346,918611,7023,636866,3079200
2181,330,354,918281,6999,637220,2900600
2182,330,338,917951,6991,637558,2894000
2183,333,361,917618,6963,637919,3025100
2184,357,342,917261,6978,638261,2961000
2185,357,351,916904,6984,638612,2879400
2186,373,371,916531,6986,638983,2986100
2187,391,373,916140,7004,639356,2949500
2188,375,339,915765,7040,639695,2942500
2189,356,328,915409,7068,640023,3229900
2190,343,323,915066,7088,640346,2968100
2191,366,360,914700,7094,640706,2987400
2192,354,341,914346,7107,641047,3189500
2193,337,364,914009,7080,641411,3127600
2194,362,362,913647,7080,641773,3097900
2195,338,348,913309,7070,642121,2877200
2196,369,348,912940,7091,642469,2873600
2197,360,357,912580,7094,642826,2963600
2198,382,367,912198,7109,643193,3157600
2199,304,356,911894,7057,643549,3019400
2200,343,360,911551,7040,643909,3028600
2201,327,362,911224,7005,644271,3008600
2202,367,339,910857,7033,644610,2859500
2203,330,360,910527,7003,644970,3045700
2204,321,336,910206,6988,645306,3124800
2205,340,354,909866,6974,645660,3049100
2206,349,350,909517,6973,646010,2971800
2207,311,327,909206,6957,646337,3228000
2208,346,359,908860,6944,646696,3021400
2209,296,336,908564,6904,647032,3198700
2210,334,343,908230,6895,647375,3068300
2211,334,347,907896,6882,647722,3120700
2212,308,331,907588,6859,648053,3023800
2213,347,342,907241,6864,648395,3052400
2214,346,340,906895,6870,648735,3148600
2215,306,341,906589,6835,649076,3259300
2216,315,334,906274,6816,649410,3059200
2217,303,306,905971,6813,649716,3114200
2218,346,349,905625,6810,650065,3138200
2219,324,334,905301,6800,650399,3165400
2220,363,353,904938,6810,650752,3040000
2221,353,320,904585,6843,651072,2902900
2222,345,350,904240,6838,651422,2873600
2223,326,349,903914,6815,651771,2769900
2224,342,328,903572,6829,652099,2916000
2225,311,364,903261,6776,652463,2887500
2226,330,333,902931,6773,652796,2776000
2227,342,369,902589,6746,653165,2825500
2228,356,322,902233,6780,653487,2851900
2229,336,345,901897,6771,653832,3160000
2230,320,353,901577,6738,654185,3096600
2231,327,355,901250,6710,654540,2861700
2232,313,342,900937,6681,654882,2913000
2233,361,329,900576,6713,655211,2865800
2234,339,326,900237,6726,655537,2885000
2235,328,337,899909,6717,655874,2791200
2236,336,327,899573,6726,656201,3222300
2237,357,305,899216,6778,656506,3173000
2238,363,323,898853,6818,656829,3027700
2239,359,381,898494,6796,657210,2968100
2240,351,339,898143,6808,657549,3182000
2241,369,346,897774,6831,657895,3162100
2242,355,331,897419,6855,658226,2982300
2243,357,339,897062,6873,658565,2941800
2244,340,334,896722,6879,658899,2882900
2245,334,313,896388,6900,659212,2977200
2246,345,331,896043,6914,659543,2987500
2247,388,342,895655,6960,659885,2930100
2248,351,360,895304,6951,660245,2849500
2249,336,314,894968,6973,660559,3351800
2250,324,339,894644,6958,660898,2938300
2251,342,351,894302,6949,661249,3010100
2252,341,338,893961,6952,661587,2890700
2253,344,355,893617,6941,661942,2908000
2254,344,353,893273,6932,662295,3206400
2255,326,340,892947,6918,662635,3132700
2256,398,366,892549,6950,663001,3084300
2257,335,339,892214,6946,663340,2907300
2258,326,334,891888,6938,663674,2922400
2259,324,350,891564,6912,664024,3032100
2260,353,314,891211,6951,664338,3134500
2261,318,358,890893,6911,664696,3025000
2262,354,355,890539,6910,665051,3333100
2263,313,353,890226,6870,665404,3076700
2264,326,335,889900,6861,665739,2783100
2265,355,333,889545,6883,666072,3088100
2266,344,328,889201,6899,666400,3025100
2267,403,334,888798,6968,666734,3036600
2268,355,346,888443,6977,667080,3110500
2269,340,365,888103,6952,667445,2932300
2270,318,342,887785,6928,667787,3110200
2271,345,346,887440,6927,668133,2937100
2272,344,337,887096,6934,668470,2918800
2273,345,317,886751,6962,668787,2917900
2274,330,339,886421,6953,669126,2906100
2275,332,320,886089,6965,669446,3078000
2276,335,332,885754,6968,669778,2956800
2277,335,360,885419,6943,670138,2903900
2278,311,357,885108,6897,670495,3062700
2279,320,334,884788,6883,670829,2865000
2280,318,323,884470,6878,671152,2895600
2281,340,331,884130,6887,671483,3103400
2282,340,327,883790,6900,671810,3215900
2283,364,335,883426,6929,672145,3018800
2284,358,330,883068,6957,672475,3117300
2285,337,355,882731,6939,672830,3083400
2286,365,362,882366,6942,673192,2976900
2287,357,366,882009,6933,673558,2963100
2288,375,331,881634,6977,673889,3264000
2289,354,334,881280,6997,674223,3150300
2290,351,362,880929,6986,674585,3234800
2291,385,341,880544,7030,674926,2925400
2292,365,377,880179,7018,675303,2900000
2293,333,347,879846,7004,675650,2895400
2294,349,336,879497,7017,675986,2891600
2295,368,304,879129,7081,676290,2902300
2296,381,348,878748,7114,676638,2868200
2297,385,372,878363,7127,677010,3014600
2298,359,348,878004,7138,677358,3149500
2299,373,370,877631,7141,677728,3257000
2300,357,371,877274,7127,678099,2918200
2301,355,352,876919,7130,678451,2897700
2302,349,377,876570,7102,678828,3276000
2303,375,361,876195,7116,679189,2951900
2304,360,353,875835,7123,679542,3043200
2305,386,360,875449,7149,679902,2979800
2306,372,367,875077,7154,680269,2995300
2307,350,355,874727,7149,680624,2957300
2308,376,380,874351,7145,681004,2909800
2309,363,345,873988,7163,681349,3107600
2310,362,332,873626,7193,681681,3137300
2311,352,368,873274,7177,682049,2865000
2312,380,360,872894,7197,682409,2969400
2313,382,332,872512,7247,682741,3190000
2314,374,377,872138,7244,683118,2903900
2315,348,335,871790,7257,683453,2836000
2316,340,346,871450,7251,683799,2891400
2317,373,364,871077,7260,684163,2872400
2318,369,361,870708,7268,684524,2871100
2319,360,342,870348,7286,684866,2813600
2320,375,350,869973,7311,685216,3000000
2321,373,354,869600,7330,685570,2980800
2322,399,379,869201,7350,685949,2894400
2323,367,364,868834,7353,686313,2879600
2324,390,388,868444,7355,686701,3090000
2325,363,375,868081,7343,687076,3067200
2326,355,389,867726,7309,687465,2950400
2327,403,376,867323,7336,687841,2901500
2328,367,357,866956,7346,688198,2917200
2329,386,383,866570,7349,688581,2861500
2330,383,363,866187,7369,688944,2923700
2331,329,378,865858,7320,689322,2905700
2332,361,360,865497,7321,689682,2808500
2333,374,364,865123,7331,690046,3152300
2334,342,354,864781,7319,690400,2910300
2335,342,325,864439,7336,690725,3246700
2336,369,363,864070,7342,691088,2879700
2337,364,361,863706,7345,691449,2878200
2338,348,386,863358,7307,691835,3250100
2339,327,387,863031,7247,692222,3098300
2340,364,358,862667,7253,692580,2920500
2341,339,359,862328,7233,692939,2859200
2342,341,393,861987,7181,693332,2764400
2343,338,359,861649,7160,693691,2915500
2344,345,357,861304,7148,694048,2821300
2345,349,333,860955,7164,694381,2802500
2346,333,363,860622,7134,694744,2841300
2347,350,362,860272,7122,695106,3122900
2348,321,363,859951,7080,695469,3102300
2349,336,321,859615,7095,695790,2885300
2350,345,340,859270,7100,696130,2901300
2351,331,350,858939,7081,696480,2934400
2352,350,365,858589,7066,696845,2872400
2353,354,326,858235,7094,697171,2988600
2354,351,387,857884,7058,697558,2958600
2355,340,394,857544,7004,697952,2901600
2356,359,337,857185,7026,698289,2846500
2357,350,330,856835,7046,698619,2840000
2358,351,370,856484,7027,698989,2774800
2359,371,320,856113,7078,699309,2884100
2360,361,335,855752,7104,699644,2780500
2361,368,347,855384,7125,699991,2858300
2362,347,369,855037,7103,700360,2877500
2363,349,339,854688,7113,700699,2851200
2364,358,349,854330,7122,701048,2774400
2365,355,348,853975,7129,701396,2881900
2366,392,379,853583,7142,701775,2920200
2367,353,342,853230,7153,702117,2873500
2368,369,353,852861,7169,702470,2838100
2369,354,387,852507,7136,702857,2857100
2370,333,359,852174,7110,703216,2947200
2371,386,350,851788,7146,703566,2815500
2372,357,355,851431,7148,703921,2818000
2373,339,371,851092,7116,704292,2887500
2374,352,356,850740,7112,704648,2868200
2375,348,351,850392,7109,704999,2871900
2376,305,351,850087,7063,705350,3098600
2377,336,325,849751,7074,705675,2889800
2378,373,352,849378,7095,706027,2866900
2379,352,364,849026,7083,706391,2847200
2380,346,343,848680,7086,706734,2789000
2381,325,362,848355,7049,707096,2860700
2382,360,366,847995,7043,707462,3018100
2383,330,330,847665,7043,707792,2904700
2384,354,355,847311,7042,708147,3087300
2385,364,346,846947,7060,708493,2934600
2386,376,332,846571,7104,708825,3132800
2387,340,384,846231,7060,709209,3051300
2388,378,387,845853,7051,709596,3004200
2389,366,338,845487,7079,709934,2820800
2390,344,358,845143,7065,710292,3014500
2391,350,357,844793,7058,710649,3209200
2392,398,346,844395,7110,710995,3129300
2393,387,351,844008,7146,711346,2910800
2394,361,349,843647,7158,711695,2858000
2395,393,340,843254,7211,712035,2848000
2396,375,354,842879,7232,712389,2975800
2397,388,380,842491,7240,712769,2971200
2398,357,352,842134,7245,713121,2861700
2399,365,375,841769,7235,713496,2855600
2400,395,345,841374,7285,713841,2880700
2401,396,354,840978,7327,714195,2873200
2402,387,387,840591,7327,714582,3042200
2403,371,356,840220,7342,714938,2974100
2404,384,375,839836,7351,715313,2898800
2405,382,358,839454,7375,715671,2763300
2406,384,360,839070,7399,716031,2825400
2407,373,357,838697,7415,716388,2948500
2408,361,362,838336,7414,716750,2864800
2409,415,359,837921,7470,717109,2914600
2410,387,368,837534,7489,717477,3071000
2411,355,400,837179,7444,717877,2892700
2412,337,384,836842,7397,718261,2844600
2413,393,412,836449,7378,718673,3016500
2414,369,385,836080,7362,719058,2897300
2415,354,369,835726,7347,719427,2898200
2416,330,364,835396,7313,719791,2872800
2417,369,374,835027,7308,720165,2851000
2418,354,364,834673,7298,720529,3011500
2419,359,360,834314,7297,720889,3032200
2420,358,363,833956,7292,721252,2762400
2421,370,364,833586,7298,721616,2885200
2422,400,332,833186,7366,721948,2860800
2423,364,362,832822,7368,722310,2918000
2424,353,415,832469,7306,722725,3129900
2425,339,371,832130,7274,723096,3163700
2426,378,336,831752,7316,723432,2915900
2427,389,380,831363,7325,723812,2874600
2428,392,337,830971,7380,724149,2883600
2429,339,382,830632,7337,724531,2778700
2430,367,404,830265,7300,724935,2865500
2431,382,359,829883,7323,725294,3129300
2432,357,366,829526,7314,725660,3103800
2433,366,347,829160,7333,726007,2791000
2434,368,365,828792,7336,726372,2822600
2435,377,323,828415,7390,726695,2910500
2436,355,383,828060,7362,727078,2871800
2437,343,364,827717,7341,727442,2902000
2438,380,343,827337,7378,727785,2879300
2439,388,363,826949,7403,728148,3155100
2440,402,359,826547,7446,728507,3223100
2441,338,388,826209,7396,728895,3396300
2442,342,404,825867,7334,729299,3102300
2443,381,371,825486,7344,729670,2953500
2444,350,335,825136,7359,730005,3147400
2445,331,351,824805,7339,730356,3011100
2446,364,372,824441,7331,730728,3017300
2447,379,350,824062,7360,731078,2968500
2448,386,371,823676,7375,731449,3271300
2449,368,355,823308,7388,731804,3088400
2450,343,392,822965,7339,732196,2914800
2451,370,348,822595,7361,732544,3076700
2452,362,349,822233,7374,732893,2819500
2453,381,356,821852,7399,733249,2973000
2454,354,360,821498,7393,733609,2953200
2455,339,377,821159,7355,733986,2979900
2456,373,366,820786,7362,734352,2897800
2457,357,377,820429,7342,734729,2904700
2458,355,378,820074,7319,735107,2867700
2459,345,389,819729,7275,735496,2785300
2460,359,333,819370,7301,735829,2804800
2461,374,377,818996,7298,736206,2883600
2462,376,338,818620,7336,736544,3110100
2463,354,371,818266,7319,736915,2917500
2464,364,386,817902,7297,737301,2892900
2465,344,374,817558,7267,737675,2914500
2466,376,335,817182,7308,738010,2912100
2467,363,384,816819,7287,738394,2930800
2468,323,377,816496,7233,738771,2859300
2469,361,343,816135,7251,739114,2874300
2470,348,375,815787,7224,739489,3287700
2471,357,357,815430,7224,739846,3028100
2472,388,355,815042,7257,740201,2920800
2473,363,381,814679,7239,740582,2767300
2474,358,391,814321,7206,740973,2957300
2475,382,330,813939,7258,741303,3062300
2476,354,353,813585,7259,741656,2871200
2477,364,375,813221,7248,742031,2899900
2478,355,374,812866,7229,742405,2760200
2479,343,361,812523,7211,742766,2832400
2480,376,383,812147,7204,743149,2903600
2481,356,350,811791,7210,743499,2921400
2482,395,362,811396,7243,743861,2859300
2483,371,368,811025,7246,744229,3067400
2484,377,348,810648,7275,744577,3087500
2485,376,381,810272,7270,744958,2907900
2486,371,366,809901,7275,745324,2922300
2487,373,380,809528,7268,745704,3096800
2488,381,359,809147,7290,746063,2841100
2489,383,343,808764,7330,746406,2892100
2490,370,370,808394,7330,746776,2850400
2491,377,367,808017,7340,747143,2830500
2492,357,373,807660,7324,747516,2868300
2493,360,360,807300,7324,747876,3062400
2494,389,332,806911,7381,748208,2961400
2495,362,353,806549,7390,748561,2840300
2496,357,343,806192,7404,748904,2898500
2497,367,353,805825,7418,749257,2977400
2498,355,404,805470,7369,749661,2938100
2499,354,361,805116,7362,750022,2907800
2500,374,383,804742,7353,750405,2896700
2501,350,375,804392,7328,750780,2877300
2502,378,364,804014,7342,751144,2810500
2503,361,378,803653,7325,751522,2806500
2504,348,367,803305,7306,751889,2837600
2505,347,359,802958,7294,752248,2903100
2506,398,363,802560,7329,752611,2886800
2507,346,356,802214,7319,752967,2966200
2508,352,356,801862,7315,753323,3250400
2509,349,369,801513,7295,753692,3104900
2510,342,401,801171,7236,754093,2818900
2511,373,344,800798,7265,754437,2866400
2512,333,391,800465,7207,754828,2861500
2513,325,354,800140,7178,755182,3136300
2514,366,312,799774,7232,755494,2859800
2515,370,351,799404,7251,755845,2896300
2516,356,359,799048,7248,756204,2879500
2517,356,360,798692,7244,756564,2846300
2518,375,348,798317,7271,756912,2831400
2519,359,410,797958,7220,757322,3064900
2520,365,339,797593,7246,757661,2910400
2521,326,377,797267,7195,758038,2832300
2522,383,359,796884,7219,758397,2899300
2523,366,347,796518,7238,758744,2936800
2524,338,367,796180,7209,759111,2823400
2525,353,319,795827,7243,759430,2778700
2526,385,364,795442,7264,759794,2920500
2527,350,323,795092,7291,760117,2783200
2528,376,373,794716,7294,760490,2862100
2529,387,371,794329,7310,760861,2948600
2530,392,389,793937,7313,761250,2972700
2531,378,350,793559,7341,761600,2900900
2532,377,370,793182,7348,761970,2977000
2533,377,399,792805,7326,762369,2808400
2534,398,344,792407,7380,762713,2924900
2535,364,385,792043,7359,763098,3043100
2536,394,370,791649,7383,763468,2888700
2537,376,365,791273,7394,763833,2891700
2538,409,392,790864,7411,764225,2811700
2539,394,345,790470,7460,764570,2885800
2540,346,407,790124,7399,764977,2917500
2541,402,347,789722,7454,765324,2972800
2542,396,370,789326,7480,765694,2888300
2543,364,361,788962,7483,766055,3116100
2544,362,412,788600,7433,766467,3028200
2545,376,382,788224,7427,766849,3094600
2546,415,385,787809,7457,767234,2890400
2547,374,387,787435,7444,767621,2918800
2548,348,369,787087,7423,767990,2902500
2549,365,381,786722,7407,768371,2893300
2550,355,356,786367,7406,768727,2790400
2551,374,373,785993,7407,769100,2914100
2552,346,354,785647,7399,769454,2881100
2553,368,367,785279,7400,769821,2852700
2554,364,346,784915,7418,770167,2904900
2555,417,375,784498,7460,770542,2972300
2556,370,353,784128,7477,770895,3077500
2557,350,398,783778,7429,771293,2912800
2558,378,396,783400,7411,771689,3057100
2559,359,390,783041,7380,772079,2968700
2560,373,379,782668,7374,772458,3203100
2561,396,412,782272,7358,772870,3120600
2562,396,338,781876,7416,773208,2953900
2563,381,387,781495,7410,773595,2880900
2564,369,398,781126,7381,773993,2841600
2565,376,366,780750,7391,774359,2891700
2566,373,339,780377,7425,774698,2927900
2567,398,367,779979,7456,775065,2810400
2568,375,363,779604,7468,775428,2904900
2569,370,383,779234,7455,775811,2855900
2570,384,384,778850,7455,776195,2979300
2571,365,366,778485,7454,776561,3130300
2572,405,382,778080,7477,776943,3053700
2573,380,364,777700,7493,777307,2914900
2574,364,363,777336,7494,777670,2958200
2575,375,356,776961,7513,778026,3008400
2576,346,394,776615,7465,778420,3095700
2577,366,377,776249,7454,778797,2933800
2578,374,403,775875,7425,779200,3098700
2579,346,408,775529,7363,779608,3115100
2580,377,363,775152,7377,779971,2859300
2581,372,366,774780,7383,780337,2981200
2582,368,373,774412,7378,780710,2949700
2583,369,377,774043,7370,781087,2933300
2584,357,369,773686,7358,781456,2859600
2585,378,387,773308,7349,781843,2856900
2586,397,359,772911,7387,782202,2822300
2587,383,377,772528,7393,782579,3046900
2588,363,382,772165,7374,782961,3048700
2589,354,355,771811,7373,783316,2987100
2590,359,353,771452,7379,783669,2998600
2591,384,387,771068,7376,784056,2852200
2592,351,360,770717,7367,784416,2908500
2593,336,401,770381,7302,784817,2857200
2594,370,370,770011,7302,785187,2863700
2595,355,345,769656,7312,785532,2887100
2596,370,389,769286,7293,785921,2863100
2597,385,387,768901,7291,786308,3270500
2598,399,368,768502,7322,786676,2929100
2599,391,353,768111,7360,787029,2961000
2600,390,364,767721,7386,787393,3293200
2601,399,394,767322,7391,787787,3084100
2602,394,331,766928,7454,788118,3099700
2603,370,364,766558,7460,788482,2878600
2604,365,382,766193,7443,788864,2833600
2605,372,402,765821,7413,789266,2914900
2606,398,356,765423,7455,789622,2836100
2607,387,391,765036,7451,790013,2843300
2608,353,372,764683,7432,790385,2925100
2609,413,335,764270,7510,790720,3388100
2610,364,377,763906,7497,791097,4931100
2611,367,401,763539,7463,791498,3160600
2612,390,370,763149,7483,791868,3059200
2613,372,381,762777,7474,792249,2961400
2614,392,364,762385,7502,792613,2935300
2615,384,355,762001,7531,792968,2927900
2616,359,379,761642,7511,793347,2937500
2617,349,374,761293,7486,793721,2921400
2618,343,365,760950,7464,794086,3084900
2619,378,355,760572,7487,794441,2992800
2620,349,375,760223,7461,794816,3022800
2621,368,344,759855,7485,795160,2939100
2622,364,360,759491,7489,795520,2926100
2623,374,386,759117,7477,795906,3026800
2624,362,366,758755,7473,796272,3305100
2625,373,406,758382,7440,796678,3182000
2626,353,356,758029,7437,797034,3191300
2627,355,396,757674,7396,797430,3153800
2628,335,334,757339,7397,797764,3101800
2629,344,360,756995,7381,798124,3074300
2630,328,382,756667,7327,798506,3075300
2631,326,354,756341,7299,798860,3086600
2632,357,375,755984,7281,799235,3076600
2633,345,344,755639,7282,799579,3379000
2634,349,396,755290,7235,799975,3253100
2635,374,353,754916,7256,800328,3158200
2636,398,378,754518,7276,800706,2947200
2637,367,372,754151,7271,801078,3135500
2638,368,375,753783,7264,801453,3154000
2639,385,362,753398,7287,801815,3489800
2640,372,374,753026,7285,802189,3352600
2641,382,384,752644,7283,802573,3241600
2642,379,349,752265,7313,802922,3008300
2643,390,326,751875,7377,803248,3046900
2644,431,391,751444,7417,803639,3125000
2645,397,350,751047,7464,803989,3000200
2646,357,364,750690,7457,804353,3015500
2647,379,384,750311,7452,804737,3044900
2648,400,375,749911,7477,805112,3078900
2649,381,395,749530,7463,805507,3376900
2650,409,377,749121,7495,805884,3053800
2651,405,364,748716,7536,806248,3030200
2652,391,377,748325,7550,806625,3121500
2653,398,351,747927,7597,806976,3069000
2654,350,392,747577,7555,807368,2947200
2655,385,414,747192,7526,807782,3097000
2656,356,384,746836,7498,808166,2966900
2657,353,389,746483,7462,808555,2975700
2658,339,372,746144,7429,808927,3115500
2659,367,404,745777,7392,809331,3100000
2660,358,379,745419,7371,809710,3305200
2661,377,364,745042,7384,810074,2984200
2662,347,382,744695,7349,810456,3256000
2663,353,388,744342,7314,810844,3159800
2664,360,364,743982,7310,811208,3058200
2665,349,396,743633,7263,811604,3028600
2666,354,377,743279,7240,811981,3007500
2667,370,353,742909,7257,812334,3219800
2668,356,360,742553,7253,812694,2988200
2669,354,347,742199,7260,813041,3123600
2670,364,367,741835,7257,813408,2972000
2671,353,356,741482,7254,813764,3023400
2672,356,391,741126,7219,814155,3006800
2673,357,334,740769,7242,814489,3004400
2674,320,370,740449,7192,814859,3080700
2675,373,347,740076,7218,815206,3064100
2676,365,329,739711,7254,815535,3035600
2677,343,360,739368,7237,815895,2975600
2678,392,337,738976,7292,816232,3237800
2679,361,364,738615,7289,816596,3070200
2680,369,359,738246,7299,816955,3124700
2681,372,362,737874,7309,817317,3072800
2682,357,377,737517,7289,817694,3106600
2683,368,379,737149,7278,818073,3116800
2684,355,326,736794,7307,818399,3489200
2685,365,380,736429,7292,818779,3139300
2686,341,367,736088,7266,819146,3073400
2687,336,365,735752,7237,819511,2967200
2688,382,346,735370,7273,819857,3135200
2689,384,331,734986,7326,820188,3040500
2690,348,371,734638,7303,820559,3179700
2691,360,363,734278,7300,820922,3311400
2692,342,370,733936,7272,821292,3721900
2693,365,385,733571,7252,821677,3463000
2694,353,350,733218,7255,822027,3267000
2695,350,373,732868,7232,822400,3319600
2696,371,368,732497,7235,822768,3220400
2697,387,322,732110,7300,823090,3082500
2698,394,384,731716,7310,823474,3245300
2699,389,345,731327,7354,823819,3178600
2700,352,379,730975,7327,824198,3318100
2701,367,321,730608,7373,824519,3141600
2702,363,377,730245,7359,824896,3321000
2703,372,382,729873,7349,825278,3797300
2704,397,384,729476,7362,825662,4907300
2705,377,403,729099,7336,826065,3841400
2706,340,400,728759,7276,826465,3536500
2707,325,379,728434,7222,826844,3380200
2708,415,360,728019,7277,827204,3283100
2709,337,356,727682,7258,827560,3241700
2710,394,356,727288,7296,827916,4497900
2711,358,335,726930,7319,828251,5422100
2712,354,398,726576,7275,828649,3341100
2713,379,371,726197,7283,829020,4444700
2714,354,332,725843,7305,829352,4849200
2715,381,335,725462,7351,829687,3913900
2716,373,404,725089,7320,830091,3749300
2717,346,389,724743,7277,830480,3415500
2718,381,330,724362,7328,830810,3365000
2719,367,364,723995,7331,831174,3203900
2720,372,338,723623,7365,831512,3392900
2721,355,305,723268,7415,831817,3326300
2722,381,372,722887,7424,832189,3262600
2723,351,360,722536,7415,832549,3481600
2724,372,395,722164,7392,832944,3206300
2725,367,390,721797,7369,833334,3557800
2726,374,386,721423,7357,833720,3203500
2727,364,371,721059,7350,834091,3330300
2728,367,374,720692,7343,834465,3192300
2729,384,366,720308,7361,834831,3226700
2730,371,393,719937,7339,835224,3149900
2731,380,341,719557,7378,835565,3169200
2732,386,396,719171,7368,835961,3311200
2733,379,353,718792,7394,836314,3228000
2734,404,371,718388,7427,836685,3505500
2735,364,373,718024,7418,837058,3233200
2736,352,375,717672,7395,837433,3393900
2737,367,374,717305,7388,837807,3626400
2738,358,371,716947,7375,838178,3722900
2739,369,395,716578,7349,838573,3278400
2740,404,346,716174,7407,838919,3337700
2741,350,363,715824,7394,839282,3649900
2742,374,363,715450,7405,839645,3729600
2743,347,396,715103,7356,840041,3291300
2744,368,358,714735,7366,840399,3303100
2745,377,359,714358,7384,840758,3308400
2746,371,384,713987,7371,841142,3222000
2747,347,365,713640,7353,841507,3230000
2748,373,353,713267,7373,841860,3098800
2749,369,380,712898,7362,842240,3929400
2750,346,378,712552,7330,842618,3295200
2751,373,355,712179,7348,842973,3208900
2752,357,375,711822,7330,843348,3065000
2753,376,353,711446,7353,843701,3286200
2754,375,392,711071,7336,844093,2974000
2755,383,384,710688,7335,844477,3002400
2756,364,382,710324,7317,844859,2951400
2757,354,370,709970,7301,845229,2874200
2758,398,341,709572,7358,845570,2893100
2759,358,355,709214,7361,845925,2879400
2760,392,367,708822,7386,846292,2829300
2761,416,352,708406,7450,846644,3174800
2762,377,344,708029,7483,846988,3125200
2763,343,390,707686,7436,847378,3070500
2764,373,387,707313,7422,847765,3017600
2765,366,362,706947,7426,848127,3109200
2766,376,346,706571,7456,848473,3115200
2767,386,385,706185,7457,848858,3036900
2768,371,373,705814,7455,849231,2901200
2769,417,387,705397,7485,849618,2922300
2770,382,391,705015,7476,850009,3166500
2771,395,368,704620,7503,850377,3359500
2772,368,394,704252,7477,850771,3182500
2773,388,346,703864,7519,851117,3069000
2774,382,391,703482,7510,851508,2979100
2775,381,427,703101,7464,851935,2926700
2776,380,389,702721,7455,852324,3178900
2777,382,392,702339,7445,852716,3079200
2778,352,372,701987,7425,853088,2890100
2779,367,351,701620,7441,853439,2735600
2780,359,362,701261,7438,853801,2777900
2781,364,376,700897,7426,854177,3070200
2782,374,351,700523,7449,854528,3001500
2783,379,398,700144,7430,854926,2985700
2784,399,368,699745,7461,855294,3137400
2785,390,391,699355,7460,855685,2998300
2786,342,376,699013,7426,856061,3000900
2787,386,377,698627,7435,856438,2804300
2788,355,355,698272,7435,856793,2942700
2789,376,363,697896,7448,857156,3041700
2790,345,376,697551,7417,857532,2996200
2791,369,347,697182,7439,857879,3031100
2792,378,357,696804,7460,858236,2896800
2793,374,360,696430,7474,858596,2818900
2794,383,369,696047,7488,858965,2877700
2795,413,377,695634,7524,859342,2741800
2796,366,360,695268,7530,859702,2885500
2797,372,393,694896,7509,860095,2748200
2798,367,378,694529,7498,860473,2761700
2799,384,378,694145,7504,860851,2876300
2800,398,366,693747,7536,861217,2841700
2801,386,346,693361,7576,861563,2887000
2802,404,387,692957,7593,861950,3058900
2803,369,379,692588,7583,862329,2788500
2804,393,350,692195,7626,862679,2756500
2805,387,368,691808,7645,863047,2833700
2806,412,379,691396,7678,863426,2857100
2807,399,376,690997,7701,863802,2859800
2808,375,435,690622,7641,864237,2934500
2809,406,365,690216,7682,864602,2875500
2810,400,384,689816,7698,864986,2946800
2811,376,347,689440,7727,865333,3001400
2812,380,378,689060,7729,865711,2870400
2813,370,411,688690,7688,866122,2828600
2814,365,388,688325,7665,866510,2838900
2815,371,380,687954,7656,866890,2881300
2816,369,394,687585,7631,867284,2793700
2817,351,392,687234,7590,867676,2937500
2818,362,385,686872,7567,868061,2882800
2819,392,388,686480,7571,868449,3030400
2820,366,384,686114,7553,868833,2865000
2821,386,352,685728,7587,869185,2839000
2822,349,385,685379,7551,869570,2785400
2823,380,379,684999,7552,869949,2830400
2824,362,392,684637,7522,870341,2898100
2825,358,373,684279,7507,870714,2776200
2826,356,382,683923,7481,871096,3016500
2827,360,391,683563,7450,871487,3085900
2828,363,367,683200,7446,871854,3144700
2829,336,361,682864,7421,872215,3135200
2830,374,409,682490,7386,872624,2907700
2831,348,402,682142,7332,873026,2870700
2832,355,363,681787,7324,873389,2996500
2833,375,375,681412,7324,873764,2875200
2834,370,347,681042,7347,874111,3038100
2835,334,371,680708,7310,874482,3173400
2836,339,365,680369,7284,874847,2969900
2837,383,379,679986,7288,875226,2898300
2838,340,352,679646,7276,875578,2871300
2839,350,348,679296,7278,875926,2861800
2840,372,373,678924,7277,876299,3129900
2841,361,346,678563,7292,876645,2871300
2842,389,377,678174,7304,877022,2885000
2843,364,387,677810,7281,877409,2779100
2844,384,315,677426,7350,877724,2810000
2845,400,343,677026,7407,878067,2921300
2846,370,376,676656,7401,878443,2884000
2847,398,362,676258,7437,878805,3073500
2848,385,364,675873,7458,879169,3046700
2849,363,325,675510,7496,879494,2931700
2850,382,332,675128,7546,879826,2888200
2851,365,371,674763,7540,880197,3079500
2852,381,406,674382,7515,880603,2951500
2853,371,372,674011,7514,880975,2946100
2854,358,368,673653,7504,881343,2924500
2855,391,381,673262,7514,881724,2851300
2856,367,357,672895,7524,882081,3181100
2857,373,350,672522,7547,882431,3076500
2858,375,359,672147,7563,882790,2909100
2859,381,374,671766,7570,883164,2878000
2860,385,396,671381,7559,883560,2883100
2861,440,354,670941,7645,883914,3079000
2862,384,404,670557,7625,884318,3135800
2863,367,384,670190,7608,884702,3211800
2864,420,380,669770,7648,885082,3025900
2865,404,396,669366,7656,885478,2902500
2866,389,376,668977,7669,885854,2951000
2867,394,343,668583,7720,886197,3041600
2868,375,396,668208,7699,886593,2878700
2869,400,406,667808,7693,886999,2917000
2870,387,391,667421,7689,887390,2909900
2871,360,382,667061,7667,887772,2829500
2872,387,423,666674,7631,888195,2878300
2873,386,387,666288,7630,888582,2910900
2874,415,345,665873,7700,888927,2910100
2875,387,383,665486,7704,889310,2987100
2876,374,370,665112,7708,889680,2966200
2877,382,387,664730,7703,890067,3048900
2878,426,376,664304,7753,890443,2903800
2879,386,362,663918,7777,890805,2932100
2880,399,419,663519,7757,891224,3105400
2881,430,361,663089,7826,891585,2947500
2882,382,385,662707,7823,891970,2998800
2883,411,417,662296,7817,892387,2933500
2884,427,396,661869,7848,892783,3114200
2885,404,393,661465,7859,893176,2933300
2886,392,384,661073,7867,893560,2897700
2887,394,412,660679,7849,893972,2976700
2888,401,378,660278,7872,894350,3076300
2889,380,392,659898,7860,894742,2955700
2890,384,366,659514,7878,895108,2972000
2891,373,356,659141,7895,895464,3093000
2892,370,408,658771,7857,895872,3030000
2893,358,377,658413,7838,896249,2948400
2894,368,402,658045,7804,896651,3087500
2895,369,391,657676,7782,897042,3182500
2896,349,391,657327,7740,897433,3088400
2897,377,401,656950,7716,897834,3155300
2898,349,379,656601,7686,898213,3017300
2899,364,374,656237,7676,898587,2975800
2900,362,352,655875,7686,898939,3199500
2901,351,410,655524,7627,899349,2921400
2902,378,362,655146,7643,899711,2996200
2903,378,383,654768,7638,900094,3115300
2904,391,376,654377,7653,900470,3092600
2905,361,350,654016,7664,900820,3039500
2906,361,384,653655,7641,901204,2962700
2907,340,380,653315,7601,901584,3022000
2908,400,376,652915,7625,901960,2957400
2909,405,370,652510,7660,902330,2923700
2910,361,370,652149,7651,902700,2944400
2911,339,357,651810,7633,903057,2890300
2912,396,401,651414,7628,903458,2932800
2913,344,394,651070,7578,903852,3042300
2914,365,372,650705,7571,904224,2980800
2915,346,357,650359,7560,904581,2943100
2916,353,403,650006,7510,904984,2841400
2917,343,377,649663,7476,905361,2950700
2918,386,368,649277,7494,905729,2884400
2919,376,374,648901,7496,906103,3166000
2920,369,385,648532,7480,906488,2951800
2921,347,383,648185,7444,906871,3065700
2922,386,395,647799,7435,907266,2918800
2923,388,355,647411,7468,907621,3250100
2924,378,377,647033,7469,907998,2947600
2925,383,375,646650,7477,908373,2918600
2926,396,370,646254,7503,908743,3175200
2927,361,368,645893,7496,909111,3201300
2928,386,393,645507,7489,909504,2958700
2929,425,349,645082,7565,909853,3120400
2930,388,399,644694,7554,910252,2985000
2931,392,382,644302,7564,910634,2987200
2932,414,385,643888,7593,911019,3051300
2933,420,369,643468,7644,911388,3574300
2934,404,398,643064,7650,911786,2961300
2935,373,372,642691,7651,912158,3036000
2936,375,376,642316,7650,912534,4605100
2937,380,411,641936,7619,912945,3135300
2938,440,398,641496,7661,913343,3038900
2939,362,359,641134,7664,913702,2919200
2940,372,414,640762,7622,914116,2969700
2941,397,388,640365,7631,914504,2967900
2942,369,367,639996,7633,914871,3062300
2943,400,338,639596,7695,915209,2890700
2944,371,366,639225,7700,915575,2775900
2945,390,376,638835,7714,915951,2842300
2946,392,377,638443,7729,916328,2868600
2947,419,419,638024,7729,916747,2903900
2948,405,394,637619,7740,917141,2883500
2949,392,393,637227,7739,917534,3041500
2950,357,380,636870,7716,917914,3433800
2951,375,389,636495,7702,918303,3056500
2952,411,397,636084,7716,918700,3209600
2953,394,350,635690,7760,919050,2955700
2954,410,406,635280,7764,919456,3275700
2955,366,417,634914,7713,919873,3152500
2956,393,404,634521,7702,920277,3168300
2957,365,345,634156,7722,920622,2982600
2958,388,363,633768,7747,920985,2878300
2959,377,384,633391,7740,921369,2783600
2960,376,422,633015,7694,921791,2847200
2961,380,396,632635,7678,922187,2922300
2962,368,384,632267,7662,922571,3342700
2963,386,382,631881,7666,922953,3130100
2964,379,388,631502,7657,923341,3138900
2965,404,347,631098,7714,923688,2914700
2966,387,414,630711,7687,924102,2924800
2967,356,399,630355,7644,924501,2847800
2968,385,380,629970,7649,924881,2903600
2969,347,396,629623,7600,925277,2895900
2970,362,366,629261,7596,925643,2777800
2971,367,368,628894,7595,926011,2859400
2972,379,358,628515,7616,926369,3469100
2973,362,396,628153,7582,926765,3191600
2974,368,381,627785,7569,927146,3255200
2975,386,384,627399,7571,927530,3675800
2976,374,408,627025,7537,927938,3517100
2977,363,382,626662,7518,928320,3492300
2978,348,416,626314,7450,928736,3658500
2979,372,362,625942,7460,929098,3318200
2980,408,369,625534,7499,929467,3080500
2981,374,367,625160,7506,929834,3299700
2982,346,387,624814,7465,930221,3282100
2983,376,380,624438,7461,930601,3176200
2984,378,383,624060,7456,930984,3162700
2985,378,397,623682,7437,931381,3044800
2986,369,386,623313,7420,931767,3166500
2987,320,365,622993,7375,932132,3245500
2988,371,376,622622,7370,932508,3199100
2989,371,373,622251,7368,932881,3344400
2990,356,379,621895,7345,933260,3352200
2991,373,367,621522,7351,933627,3375100
2992,327,367,621195,7311,933994,3457900
2993,355,383,620840,7283,934377,3157200
2994,363,346,620477,7300,934723,3315700
2995,352,388,620125,7264,935111,3327100
2996,363,353,619762,7274,935464,3427000
2997,357,340,619405,7291,935804,3425400
2998,377,391,619028,7277,936195,3616900
2999,383,369,618645,7291,936564,3930700
3000,329,370,618316,7250,936934,3730700
3001,369,348,617947,7271,937282,4181800
3002,373,360,617574,7284,937642,3889700
3003,380,368,617194,7296,938010,3642800
3004,382,375,616812,7303,938385,3377400
3005,367,373,616445,7297,938758,3410500
3006,367,416,616078,7248,939174,3338000
3007,391,365,615687,7274,939539,3110100
3008,345,383,615342,7236,939922,3242300
3009,373,325,614969,7284,940247,3361600
3010,339,390,614630,7233,940637,3566500
3011,384,366,614246,7251,941003,3410500
3012,399,343,613847,7307,941346,3131500
3013,391,348,613456,7350,941694,3017300
3014,372,332,613084,7390,942026,3001600
3015,363,376,612721,7377,942402,2947300
3016,402,373,612319,7406,942775,3087400
3017,388,389,611931,7405,943164,2916800
3018,401,359,611530,7447,943523,3036300
3019,389,354,611141,7482,943877,2941500
3020,396,352,610745,7526,944229,3247700
3021,351,370,610394,7507,944599,3270800
3022,416,408,609978,7515,945007,3113600
3023,392,379,609586,7528,945386,2916800
3024,402,376,609184,7554,945762,3212600
3025,380,349,608804,7585,946111,3090300
3026,370,367,608434,7588,946478,3301800
3027,404,380,608030,7612,946858,3240000
3028,381,379,607649,7614,947237,3172400
3029,389,378,607260,7625,947615,3323400
3030,371,357,606889,7639,947972,3234200
3031,432,386,606457,7685,948358,3338900
3032,398,355,606059,7728,948713,3180700
3033,375,395,605684,7708,949108,3095200
3034,384,363,605300,7729,949471,3224800
3035,359,359,604941,7729,949830,3974900
3036,398,374,604543,7753,950204,3332800
3037,375,364,604168,7764,950568,3260000
3038,374,407,603794,7731,950975,3173400
3039,386,383,603408,7734,951358,3517300
3040,384,393,603024,7725,951751,3268800
3041,405,366,602619,7764,952117,3124900
3042,406,389,602213,7781,952506,3311100
3043,371,391,601842,7761,952897,3312600
3044,362,409,601480,7714,953306,3686300
3045,396,374,601084,7736,953680,3230800
3046,394,385,600690,7745,954065,3095600
3047,399,400,600291,7744,954465,3260300
3048,397,386,599894,7755,954851,3225900
3049,390,402,599504,7743,955253,3448800
3050,398,418,599106,7723,955671,3152200
3051,403,383,598703,7743,956054,3252400
3052,390,377,598313,7756,956431,3046400
3053,369,390,597944,7735,956821,3173700
3054,402,377,597542,7760,957198,3423200
3055,436,346,597106,7850,957544,3203100
3056,392,429,596714,7813,957973,3267600
3057,343,387,596371,7769,958360,3280500
3058,398,358,595973,7809,958718,3216500
3059,425,405,595548,7829,959123,3206200
3060,423,373,595125,7879,959496,3226200
3061,424,393,594701,7910,959889,3523000
3062,435,380,594266,7965,960269,3274300
3063,433,391,593833,8007,960660,3484300
3064,423,430,593410,8000,961090,3467800
3065,412,425,592998,7987,961515,3111100
3066,374,391,592624,7970,961906,3290900
3067,397,400,592227,7967,962306,3063100
3068,420,407,591807,7980,962713,3327900
3069,420,401,591387,7999,963114,3340700
3070,394,410,590993,7983,963524,3142600
3071,396,386,590597,7993,963910,3602700
3072,398,386,590199,8005,964296,3410900
3073,404,362,589795,8047,964658,3293200
3074,387,422,589408,8012,965080,3154100
3075,388,423,589020,7977,965503,3553500
3076,410,405,588610,7982,965908,3409900
3077,415,403,588195,7994,966311,3289500
3078,425,443,587770,7976,966754,3284500
3079,384,355,587386,8005,967109,3352100
3080,394,375,586992,8024,967484,3123600
3081,435,400,586557,8059,967884,3236800
3082,400,402,586157,8057,968286,3282100
3083,416,402,585741,8071,968688,3452500
3084,425,411,585316,8085,969099,3389200
3085,409,411,584907,8083,969510,3346500
3086,387,421,584520,8049,969931,3490900
3087,378,428,584142,7999,970359,3519000
3088,382,357,583760,8024,970716,3296000
3089,377,422,583383,7979,971138,3892600
3090,355,401,583028,7933,971539,3660900
3091,373,404,582655,7902,971943,3416600
3092,364,433,582291,7833,972376,3424500
3093,366,388,581925,7811,972764,3759600
3094,350,365,581575,7796,973129,3261900
3095,374,373,581201,7797,973502,3804100
3096,385,399,580816,7783,973901,3389200
3097,392,403,580424,7772,974304,3417800
3098,376,395,580048,7753,974699,3236900
3099,363,404,579685,7712,975103,3208800
3100,393,365,579292,7740,975468,3553500
3101,353,362,578939,7731,975830,3217200
3102,393,392,578546,7732,976222,3293100
3103,361,392,578185,7701,976614,3199300
3104,377,370,577808,7708,976984,3265800
3105,349,377,577459,7680,977361,3381000
3106,388,345,577071,7723,977706,3324300
3107,404,395,576667,7732,978101,3259000
3108,382,385,576285,7729,978486,3644800
3109,419,387,575866,7761,978873,3181800
3110,375,386,575491,7750,979259,3270900
3111,411,388,575080,7773,979647,3196100
3112,368,367,574712,7774,980014,3412300
3113,387,379,574325,7782,980393,3103500
3114,386,400,573939,7768,980793,3303300
3115,413,400,573526,7781,981193,3408400
3116,374,413,573152,7742,981606,3165700
3117,392,400,572760,7734,982006,3374500
3118,391,387,572369,7738,982393,3365800
3119,399,377,571970,7760,982770,3194300
3120,372,381,571598,7751,983151,3315900
3121,369,363,571229,7757,983514,3098500
3122,382,395,570847,7744,983909,3420200
3123,399,396,570448,7747,984305,3741800
3124,398,389,570050,7756,984694,3533900
3125,399,428,569651,7727,985122,3605900
3126,395,395,569256,7727,985517,3271800
3127,397,382,568859,7742,985899,3302200
3128,405,385,568454,7762,986284,3164700
3129,361,369,568093,7754,986653,3134200
3130,372,435,567721,7691,987088,3257400
3131,410,429,567311,7672,987517,3239600
3132,396,373,566915,7695,987890,3377100
3133,382,400,566533,7677,988290,3096900
3134,372,419,566161,7630,988709,3206100
3135,395,387,565766,7638,989096,3251900
3136,434,397,565332,7675,989493,3242900
3137,377,391,564955,7661,989884,3221100
3138,386,379,564569,7668,990263,3214300
3139,379,413,564190,7634,990676,3181800
3140,385,375,563805,7644,991051,3082900
3141,375,379,563430,7640,991430,3269700
3142,377,408,563053,7609,991838,3709700
3143,397,341,562656,7665,992179,3472500
3144,397,390,562259,7672,992569,3207200
3145,364,390,561895,7646,992959,3150700
3146,411,389,561484,7668,993348,3177000
3147,387,401,561097,7654,993749,3521600
3148,328,383,560769,7599,994132,3613000
3149,392,373,560377,7618,994505,3179200
3150,398,367,559979,7649,994872,3213600
3151,372,362,559607,7659,995234,3138800
3152,354,400,559253,7613,995634,3286900
3153,393,372,558860,7634,996006,3381600
3154,371,375,558489,7630,996381,3182800
3155,397,349,558092,7678,996730,3079900
3156,369,393,557723,7654,997123,3118900
3157,396,385,557327,7665,997508,3461100
3158,383,369,556944,7679,997877,3229200
3159,399,387,556545,7691,998264,3241300
3160,362,396,556183,7657,998660,3063000
3161,374,397,555809,7634,999057,3152800
3162,365,380,555444,7619,999437,3256200
3163,378,349,555066,7648,999786,3183200
3164,353,424,554713,7577,1000210,3314800
3165,375,379,554338,7573,1000589,3110200
3166,389,401,553949,7561,1000990,3272600
3167,362,421,553587,7502,1001411,3221200
3168,376,374,553211,7504,1001785,3098000
3169,368,341,552843,7531,1002126,2989600
3170,345,395,552498,7481,1002521,3031000
3171,383,361,552115,7503,1002882,3372900
3172,345,365,551770,7483,1003247,3012000
3173,388,378,551382,7493,1003625,3231200
3174,396,376,550986,7513,1004001,3006300
3175,387,363,550599,7537,1004364,3110800
3176,369,438,550230,7468,1004802,3275100
3177,382,351,549848,7499,1005153,3169300
3178,349,374,549499,7474,1005527,3312900
3179,388,390,549111,7472,1005917,3175100
3180,384,393,548727,7463,1006310,3273200
3181,381,385,548346,7459,1006695,3299400
3182,399,393,547947,7465,1007088,3292100
3183,413,389,547534,7489,1007477,3506900
3184,388,406,547146,7471,1007883,3242000
3185,373,377,546773,7467,1008260,3336000
3186,379,412,546394,7434,1008672,3106400
3187,387,373,546007,7448,1009045,3268900
3188,402,351,545605,7499,1009396,3034300
3189,372,373,545233,7498,1009769,3195100
3190,394,389,544839,7503,1010158,3122000
3191,379,351,544460,7531,1010509,3156000
3192,397,380,544063,7548,1010889,3223900
3193,374,364,543689,7558,1011253,3040100
3194,451,379,543238,7630,1011632,3078100
3195,359,383,542879,7606,1012015,3664500
3196,424,381,542455,7649,1012396,3130200
3197,400,384,542055,7665,1012780,3224800
3198,388,395,541667,7658,1013175,3222800
3199,395,421,541272,7632,1013596,3232200
3200,391,384,540881,7639,1013980,3138100
3201,367,397,540514,7609,1014377,3261900
3202,386,390,540128,7605,1014767,3221600
3203,370,388,539758,7587,1015155,3195000
3204,398,389,539360,7596,1015544,3369100
3205,394,388,538966,7602,1015932,3434000
3206,353,356,538613,7599,1016288,3298700
3207,400,364,538213,7635,1016652,3310200
3208,359,418,537854,7576,1017070,3295700
3209,409,362,537445,7623,1017432,3304600
3210,378,368,537067,7633,1017800,3317700
3211,368,446,536699,7555,1018246,3245000
3212,401,365,536298,7591,1018611,3477800
3213,360,400,535938,7551,1019011,3498200
3214,419,374,535519,7596,1019385,3454100
3215,381,382,535138,7595,1019767,3217900
3216,402,386,534736,7611,1020153,3645900
3217,410,381,534326,7640,1020534,9310100
3218,385,423,533941,7602,1020957,5105100
3219,399,378,533542,7623,1021335,6060000
3220,397,374,533145,7646,1021709,4208700
3221,391,378,532754,7659,1022087,3278700
3222,405,366,532349,7698,1022453,3822400
3223,386,384,531963,7700,1022837,4291100
3224,410,413,531553,7697,1023250,3408800
3225,380,378,531173,7699,1023628,3304200
3226,374,420,530799,7653,1024048,3666400
3227,398,376,530401,7675,1024424,3112300
3228,362,401,530039,7636,1024825,3193200
3229,387,349,529652,7674,1025174,3083800
3230,388,382,529264,7680,1025556,3297400
3231,376,383,528888,7673,1025939,3046400
3232,435,392,528453,7716,1026331,3112600
3233,416,389,528037,7743,1026720,3065700
3234,399,430,527638,7712,1027150,3249400
3235,364,406,527274,7670,1027556,3363000
3236,394,413,526880,7651,1027969,3147600
3237,368,376,526512,7643,1028345,3309200
3238,382,360,526130,7665,1028705,3096000
3239,423,362,525707,7726,1029067,3233200
3240,403,366,525304,7763,1029433,3436900
3241,395,399,524909,7759,1029832,3155800
3242,383,381,524526,7761,1030213,3328000
3243,387,396,524139,7752,1030609,3083700
3244,423,377,523716,7798,1030986,3151200
3245,386,372,523330,7812,1031358,3137400
3246,367,383,522963,7796,1031741,3047500
3247,381,370,522582,7807,1032111,3120500
3248,379,383,522203,7803,1032494,3102200
3249,401,398,521802,7806,1032892,3281600
3250,398,416,521404,7788,1033308,3026200
3251,397,415,521007,7770,1033723,3156800
3252,439,388,520568,7821,1034111,3001700
3253,408,380,520160,7849,1034491,3144400
3254,419,361,519741,7907,1034852,3222400
3255,403,413,519338,7897,1035265,3378400
3256,395,365,518943,7927,1035630,3363600
3257,415,394,518528,7948,1036024,3170400
3258,419,443,518109,7924,1036467,3203400
3259,407,405,517702,7926,1036872,3067000
3260,433,419,517269,7940,1037291,3153800
3261,406,425,516863,7921,1037716,3296400
3262,390,407,516473,7904,1038123,3113500
3263,394,400,516079,7898,1038523,3334800
3264,389,399,515690,7888,1038922,3088600
3265,396,403,515294,7881,1039325,3133900
3266,365,408,514929,7838,1039733,3058500
3267,406,409,514523,7835,1040142,3088300
3268,421,366,514102,7890,1040508,3303400
3269,432,363,513670,7959,1040871,3377000
3270,439,396,513231,8002,1041267,3263000
3271,389,414,512842,7977,1041681,2989000
3272,419,418,512423,7978,1042099,3122700
3273,384,376,512039,7986,1042475,3369700
3274,393,382,511646,7997,1042857,3156400
3275,419,380,511227,8036,1043237,3209600
3276,413,374,510814,8075,1043611,3183900
3277,420,412,510394,8083,1044023,3248200
3278,432,397,509962,8118,1044420,3089700
3279,392,436,509570,8074,1044856,3070200
3280,402,398,509168,8078,1045254,3306900
3281,396,385,508772,8089,1045639,3072100
3282,439,418,508333,8110,1046057,3531200
3283,375,406,507958,8079,1046463,3068800
3284,375,399,507583,8055,1046862,3108500
3285,394,423,507189,8026,1047285,3410200
3286,407,406,506782,8027,1047691,3250200
3287,405,383,506377,8049,1048074,3297500
3288,399,415,505978,8033,1048489,3147300
3289,393,410,505585,8016,1048899,3294500
3290,382,373,505203,8025,1049272,3040900
3291,399,400,504804,8024,1049672,3118500
3292,408,404,504396,8028,1050076,3265500
3293,382,397,504014,8013,1050473,3274900
3294,411,369,503603,8055,1050842,3234800
3295,385,389,503218,8051,1051231,3209500
3296,400,397,502818,8054,1051628,3118600
3297,413,369,502405,8098,1051997,3116200
3298,389,414,502016,8073,1052411,3212700
3299,425,389,501591,8109,1052800,3393500
3300,385,398,501206,8096,1053198,3204100
3301,410,431,500796,8075,1053629,3485800
3302,382,408,500414,8049,1054037,3149500
3303,390,386,500024,8053,1054423,3085300
3304,403,390,499621,8066,1054813,3318600
3305,430,410,499191,8086,1055223,3116600
3306,409,420,498782,8075,1055643,3259300
3307,407,401,498375,8081,1056044,3272700
3308,397,394,497978,8084,1056438,3241700
3309,420,426,497558,8078,1056864,3013700
3310,390,423,497168,8045,1057287,3095100
3311,415,394,496753,8066,1057681,3359900
3312,400,418,496353,8048,1058099,3170200
3313,428,410,495925,8066,1058509,3344700
3314,393,385,495532,8074,1058894,3021600
3315,404,395,495128,8083,1059289,3081000
3316,393,434,494735,8042,1059723,3098800
3317,368,412,494367,7998,1060135,3108300
3318,410,370,493957,8038,1060505,3244300
3319,401,402,493556,8037,1060907,3134500
3320,412,428,493144,8021,1061335,3433700
3321,419,436,492725,8004,1061771,3290500
3322,406,406,492319,8004,1062177,3132500
3323,390,412,491929,7982,1062589,3142800
3324,364,379,491565,7967,1062968,3070000
3325,394,393,491171,7968,1063361,3365100
3326,396,427,490775,7937,1063788,3107600
3327,401,419,490374,7919,1064207,3235400
3328,360,377,490014,7902,1064584,3104500
3329,405,368,489609,7939,1064952,3098200
3330,393,410,489216,7922,1065362,2984000
3331,395,387,488821,7930,1065749,3072900
3332,393,418,488428,7905,1066167,3357300
3333,399,398,488029,7906,1066565,3145300
3334,401,399,487628,7908,1066964,3225600
3335,376,387,487252,7897,1067351,3158200
3336,392,412,486860,7877,1067763,3123100
3337,403,384,486457,7896,1068147,3014400
3338,369,407,486088,7858,1068554,3142500
3339,368,415,485720,7811,1068969,3319600
3340,354,341,485366,7824,1069310,3330100
3341,408,380,484958,7852,1069690,3370500
3342,388,388,484570,7852,1070078,3179300
3343,382,408,484188,7826,1070486,3057200
3344,403,382,483785,7847,1070868,3098600
3345,381,359,483404,7869,1071227,3069800
3346,408,404,482996,7873,1071631,3449400
3347,398,416,482598,7855,1072047,3345200
3348,397,382,482201,7870,1072429,3134000
3349,403,412,481798,7861,1072841,3315900
3350,379,369,481419,7871,1073210,3207200
3351,371,374,481048,7868,1073584,3235000
3352,379,403,480669,7844,1073987,3162100
3353,388,405,480281,7827,1074392,3255800
3354,354,403,479927,7778,1074795,3070400
3355,365,400,479562,7743,1075195,3092300
3356,402,350,479160,7795,1075545,3296800
3357,400,395,478760,7800,1075940,3282200
3358,376,392,478384,7784,1076332,3358000
3359,396,406,477988,7774,1076738,3168700
3360,394,366,477594,7802,1077104,3281600
3361,405,393,477189,7814,1077497,3402900
3362,392,387,476797,7819,1077884,3096100
3363,387,389,476410,7817,1078273,3337300
3364,342,361,476068,7798,1078634,3394200
3365,361,376,475707,7783,1079010,3244600
3366,396,413,475311,7766,1079423,3117900
3367,378,388,474933,7756,1079811,3162200
3368,397,401,474536,7752,1080212,3207200
3369,401,381,474135,7772,1080593,3259700
3370,360,386,473775,7746,1080979,3324000
3371,402,382,473373,7766,1081361,3276100
3372,352,378,473021,7740,1081739,3334300
3373,389,383,472632,7746,1082122,3314700
3374,379,383,472253,7742,1082505,3292100
3375,340,396,471913,7686,1082901,3345200
3376,365,409,471548,7642,1083310,3297900
3377,406,373,471142,7675,1083683,3156600
3378,409,379,470733,7705,1084062,3437700
3379,409,364,470324,7750,1084426,3402900
3380,385,389,469939,7746,1084815,3985000
3381,394,362,469545,7778,1085177,3313500
3382,366,387,469179,7757,1085564,3198900
3383,375,387,468804,7745,1085951,3404200
3384,391,348,468413,7788,1086299,3254600
3385,365,406,468048,7747,1086705,3676300
3386,391,392,467657,7746,1087097,3381400
3387,375,432,467282,7689,1087529,3629300
3388,376,400,466906,7665,1087929,3577300
3389,394,395,466512,7664,1088324,3387200
3390,406,378,466106,7692,1088702,3596100
3391,395,367,465711,7720,1089069,3746600
3392,415,388,465296,7747,1089457,3754200
3393,385,371,464911,7761,1089828,3797100
3394,409,395,464502,7775,1090223,3712200
3395,432,394,464070,7813,1090617,3413100
3396,392,383,463678,7822,1091000,3308300
3397,422,374,463256,7870,1091374,3546000
3398,434,411,462822,7893,1091785,3303400
3399,386,402,462436,7877,1092187,3337400
3400,403,366,462033,7914,1092553,3222300
3401,367,389,461666,7892,1092942,3149000
3402,401,419,461265,7874,1093361,3319600
3403,391,399,460874,7866,1093760,3227600
3404,396,395,460478,7867,1094155,3448600
3405,387,395,460091,7859,1094550,3426400
3406,423,382,459668,7900,1094932,3333900
3407,373,402,459295,7871,1095334,3431300
3408,436,391,458859,7916,1095725,3162300
3409,405,397,458454,7924,1096122,3386900
3410,409,388,458045,7945,1096510,3121800
3411,367,396,457678,7916,1096906,3114600
3412,431,403,457247,7944,1097309,3061100
3413,410,396,456837,7958,1097705,3212100
3414,412,405,456425,7965,1098110,3256500
3415,441,415,455984,7991,1098525,3144200
3416,399,429,455585,7961,1098954,3282100
3417,378,400,455207,7939,1099354,3098000
3418,408,393,454799,7954,1099747,3085700
3419,433,409,454366,7978,1100156,3167600
3420,400,389,453966,7989,1100545,3076600
3421,397,363,453569,8023,1100908,3258300
3422,421,397,453148,8047,1101305,3104300
3423,445,403,452703,8089,1101708,3217000
3424,389,416,452314,8062,1102124,3150400
3425,427,396,451887,8093,1102520,3227300
3426,410,397,451477,8106,1102917,3635700
3427,397,417,451080,8086,1103334,3251800
3428,414,385,450666,8115,1103719,3304400
3429,411,375,450255,8151,1104094,3142500
3430,405,425,449850,8131,1104519,3457300
3431,406,419,449444,8118,1104938,3300200
3432,422,407,449022,8133,1105345,3191200
3433,401,407,448621,8127,1105752,3289500
3434,410,393,448211,8144,1106145,3216200
3435,427,412,447784,8159,1106557,3254500
3436,397,396,447387,8160,1106953,3060800
3437,402,400,446985,8162,1107353,3430600
3438,424,390,446561,8196,1107743,3355200
3439,401,427,446160,8170,1108170,3284900
3440,394,380,445766,8184,1108550,3212400
3441,421,398,445345,8207,1108948,3183300
3442,419,408,444926,8218,1109356,3175600
3443,412,428,444514,8202,1109784,3382700
3444,392,401,444122,8193,1110185,3245900
3445,422,416,443700,8199,1110601,3406700
3446,421,396,443279,8224,1110997,3201200
3447,420,436,442859,8208,1111433,3268200
3448,401,385,442458,8224,1111818,3131100
3449,365,430,442093,8159,1112248,3252800
3450,393,418,441700,8134,1112666,3432400
3451,349,421,441351,8062,1113087,3119400
3452,409,380,440942,8091,1113467,3093900
3453,410,407,440532,8094,1113874,3450700
3454,409,462,440123,8041,1114336,3231400
3455,408,396,439715,8053,1114732,3396300
3456,408,407,439307,8054,1115139,3332900
3457,371,406,438936,8019,1115545,3189800
3458,413,399,438523,8033,1115944,3291200
3459,376,418,438147,7991,1116362,3546500
3460,384,411,437763,7964,1116773,3736600
3461,381,407,437382,7938,1117180,3356900
3462,380,374,437002,7944,1117554,3224100
3463,404,376,436598,7972,1117930,3426800
3464,400,384,436198,7988,1118314,3265900
3465,374,413,435824,7949,1118727,3384400
3466,389,370,435435,7968,1119097,3280700
3467,370,411,435065,7927,1119508,3320300
3468,391,398,434674,7920,1119906,3394600
3469,410,402,434264,7928,1120308,3252500
3470,412,408,433852,7932,1120716,3594800
3471,423,390,433429,7965,1121106,3659300
3472,353,377,433076,7941,1121483,3192000
3473,367,405,432709,7903,1121888,3602100
3474,377,424,432332,7856,1122312,3545900
3475,397,372,431935,7881,1122684,3230600
3476,383,395,431552,7869,1123079,3333100
3477,406,404,431146,7871,1123483,3381900
3478,362,419,430784,7814,1123902,3429600
3479,385,400,430399,7799,1124302,3176600
3480,392,392,430007,7799,1124694,3151000
3481,428,418,429579,7809,1125112,3173800
3482,402,386,429177,7825,1125498,3167400
3483,372,396,428805,7801,1125894,3249700
3484,383,412,428422,7772,1126306,3263100
3485,427,384,427995,7815,1126690,3318200
3486,411,398,427584,7828,1127088,3282600
3487,386,430,427198,7784,1127518,3470400
3488,392,445,426806,7731,1127963,3464700
3489,374,370,426432,7735,1128333,3677300
3490,433,391,425999,7777,1128724,3206700
3491,398,396,425601,7779,1129120,3297000
3492,403,374,425198,7808,1129494,3158300
3493,397,356,424801,7849,1129850,3320900
3494,393,405,424408,7837,1130255,3192000
3495,384,348,424024,7873,1130603,3334200
3496,388,381,423636,7880,1130984,3488700
3497,381,420,423255,7841,1131404,3404000
3498,361,394,422894,7808,1131798,3325700
3499,386,404,422508,7790,1132202,3230400
3500,404,368,422104,7826,1132570,3337400
3501,399,372,421705,7853,1132942,3419000
3502,383,367,421322,7869,1133309,3375300
3503,386,414,420936,7841,1133723,3400200
3504,359,417,420577,7783,1134140,3492000
3505,365,391,420212,7757,1134531,3340800
3506,397,415,419815,7739,1134946,3669200
3507,417,362,419398,7794,1135308,3464400
3508,418,409,418980,7803,1135717,3461200
3509,412,384,418568,7831,1136101,3706700
3510,399,385,418169,7845,1136486,3592300
3511,389,391,417780,7843,1136877,3405100
3512,392,410,417388,7825,1137287,3303100
3513,381,409,417007,7797,1137696,3430700
3514,415,375,416592,7837,1138071,3330800
3515,381,383,416211,7835,1138454,3345700
3516,391,404,415820,7822,1138858,3332900
3517,381,370,415439,7833,1139228,3658000
3518,377,404,415062,7806,1139632,3383800
3519,376,401,414686,7781,1140033,3528700
3520,401,447,414285,7735,1140480,3243100
3521,376,379,413909,7732,1140859,3335300
3522,398,399,413511,7731,1141258,3405800
3523,399,414,413112,7716,1141672,3311300
3524,391,340,412721,7767,1142012,3385700
3525,394,390,412327,7771,1142402,3210200
3526,392,397,411935,7766,1142799,3347700
3527,342,375,411593,7733,1143174,3135200
3528,388,396,411205,7725,1143570,3226600
3529,396,367,410809,7754,1143937,3434700
3530,422,410,410387,7766,1144347,3158900
3531,372,409,410015,7729,1144756,3293000
3532,404,393,409611,7740,1145149,3324800
3533,401,365,409210,7776,1145514,3333100
3534,419,410,408791,7785,1145924,3311200
3535,425,435,408366,7775,1146359,3249600
3536,401,386,407965,7790,1146745,3200700
3537,416,382,407549,7824,1147127,3316800
3538,397,403,407152,7818,1147530,3263400
3539,407,433,406745,7792,1147963,3421400
3540,402,343,406343,7851,1148306,3254200
3541,402,375,405941,7878,1148681,3129200
3542,439,393,405502,7924,1149074,3095400
3543,437,397,405065,7964,1149471,3240900
3544,398,405,404667,7957,1149876,3392100
3545,395,392,404272,7960,1150268,3803100
3546,404,366,403868,7998,1150634,3382300
3547,426,417,403442,8007,1151051,3187500
3548,427,373,403015,8061,1151424,3383900
3549,423,400,402592,8084,1151824,3253400
3550,392,379,402200,8097,1152203,3151900
3551,432,444,401768,8085,1152647,3258500
3552,433,424,401335,8094,1153071,3461700
3553,425,405,400910,8114,1153476,3232500
3554,411,361,400499,8164,1153837,3324900
3555,397,412,400102,8149,1154249,3370200
3556,402,419,399700,8132,1154668,3296100
3557,409,394,399291,8147,1155062,3366800
3558,400,428,398891,8119,1155490,3256900
3559,425,413,398466,8131,1155903,3791900
3560,357,409,398109,8079,1156312,3753700
3561,394,422,397715,8051,1156734,3290800
3562,380,421,397335,8010,1157155,3447800
3563,371,360,396964,8021,1157515,3334400
3564,396,431,396568,7986,1157946,3452000
3565,421,423,396147,7984,1158369,3222700
3566,406,399,395741,7991,1158768,3233000
3567,410,400,395331,8001,1159168,3074500
3568,403,376,394928,8028,1159544,3283400
3569,390,396,394538,8022,1159940,3326800
3570,394,371,394144,8045,1160311,3164700
3571,434,400,393710,8079,1160711,3489700
3572,421,406,393289,8094,1161117,3375300
3573,424,402,392865,8116,1161519,3304800
3574,384,408,392481,8092,1161927,3308400
3575,396,379,392085,8109,1162306,3263300
3576,373,398,391712,8084,1162704,3136400
3577,402,453,391310,8033,1163157,3304100
3578,413,420,390897,8026,1163577,3133000
3579,413,392,390484,8047,1163969,3553300
3580,399,412,390085,8034,1164381,3272000
3581,424,364,389661,8094,1164745,3125300
3582,353,418,389308,8029,1165163,3107600
3583,394,365,388914,8058,1165528,3199200
3584,392,400,388522,8050,1165928,3561400
3585,402,404,388120,8048,1166332,3308200
3586,391,404,387729,8035,1166736,3221800
3587,397,368,387332,8064,1167104,3149900
3588,402,381,386930,8085,1167485,3233300
3589,433,414,386497,8104,1167899,3314000
3590,403,375,386094,8132,1168274,3114700
3591,397,402,385697,8127,1168676,3233400
3592,406,399,385291,8134,1169075,3057700
3593,399,399,384892,8134,1169474,3313200
3594,412,403,384480,8143,1169877,3369600
3595,408,392,384072,8159,1170269,3580900
3596,373,386,383699,8146,1170655,3343700
3597,399,406,383300,8139,1171061,3124200
3598,388,400,382912,8127,1171461,3118700
3599,419,418,382493,8128,1171879,3142900
3600,412,411,382081,8129,1172290,3082800
3601,412,387,381669,8154,1172677,3441900
3602,410,426,381259,8138,1173103,3208000
3603,398,369,380861,8167,1173472,3391300
3604,413,402,380448,8178,1173874,3385700
3605,399,399,380049,8178,1174273,3175600
3606,413,419,379636,8172,1174692,3164200
3607,357,421,379279,8108,1175113,3154600
3608,414,429,378865,8093,1175542,3276700
3609,418,382,378447,8129,1175924,3149800
3610,413,410,378034,8132,1176334,3238500
3611,404,415,377630,8121,1176749,3162600
3612,403,412,377227,8112,1177161,3148800
3613,440,407,376787,8145,1177568,3620900
3614,407,432,376380,8120,1178000,3185600
3615,397,382,375983,8135,1178382,3170900
3616,376,402,375607,8109,1178784,3106600
3617,418,374,375189,8153,1179158,3185300
3618,406,440,374783,8119,1179598,3391600
3619,428,401,374355,8146,1179999,3225600
3620,391,398,373964,8139,1180397,3365700
3621,399,401,373565,8137,1180798,3140000
3622,442,416,373123,8163,1181214,3145900
3623,400,413,372723,8150,1181627,3396500
3624,397,410,372326,8137,1182037,3344500
3625,401,398,371925,8140,1182435,3345900
3626,379,430,371546,8089,1182865,3322500
3627,375,370,371171,8094,1183235,3218200
3628,398,394,370773,8098,1183629,3242700
3629,368,418,370405,8048,1184047,3215600
3630,346,403,370059,7991,1184450,3377300
3631,366,380,369693,7977,1184830,3186700
3632,375,428,369318,7924,1185258,3118300
3633,359,377,368959,7906,1185635,3064800
3634,340,365,368619,7881,1186000,3138700
3635,407,404,368212,7884,1186404,3317400
3636,397,428,367815,7853,1186832,3240500
3637,383,411,367432,7825,1187243,3326900
3638,396,369,367036,7852,1187612,3366900
3639,386,395,366650,7843,1188007,3192000
3640,412,396,366238,7859,1188403,3217600
3641,380,379,365858,7860,1188782,3103800
3642,406,375,365452,7891,1189157,3423000
3643,385,393,365067,7883,1189550,3392500
3644,365,402,364702,7846,1189952,3211900
3645,416,350,364286,7912,1190302,3223200
3646,434,386,363852,7960,1190688,3448000
3647,418,395,363434,7983,1191083,3562100
3648,406,423,363028,7966,1191506,6004700
3649,400,401,362628,7965,1191907,9779400
3650,383,371,362245,7977,1192278,5842500
3651,455,400,361790,8032,1192678,5492900
3652,378,445,361412,7965,1193123,3346700
3653,418,362,360994,8021,1193485,3296900
3654,397,413,360597,8005,1193898,3248200
3655,419,399,360178,8025,1194297,3294100
3656,393,387,359785,8031,1194684,3271300
3657,425,366,359360,8090,1195050,3295400
3658,390,404,358970,8076,1195454,5341500
3659,416,418,358554,8074,1195872,4516100
3660,402,399,358152,8077,1196271,4288900
3661,403,404,357749,8076,1196675,4262000
3662,395,415,357354,8056,1197090,4308000
3663,408,402,356946,8062,1197492,3900300
3664,431,401,356515,8092,1197893,3474800
3665,409,405,356106,8096,1198298,3458100
3666,397,434,355709,8059,1198732,3784900
3667,397,395,355312,8061,1199127,4762700
3668,410,438,354902,8033,1199565,3842100
3669,436,373,354466,8096,1199938,3684300
3670,412,402,354054,8106,1200340,3529900
3671,386,397,353668,8095,1200737,3304600
3672,430,394,353238,8131,1201131,3414500
3673,428,402,352810,8157,1201533,3690500
3674,408,436,352402,8129,1201969,3520100
3675,379,386,352023,8122,1202355,3160200
3676,408,404,351615,8126,1202759,3234000
3677,390,411,351225,8105,1203170,4092700
3678,384,426,350841,8063,1203596,3659900
3679,390,413,350451,8040,1204009,3431400
3680,404,421,350047,8023,1204430,3463300
3681,406,414,349641,8015,1204844,3768500
3682,392,401,349249,8006,1205245,3644700
3683,363,397,348886,7972,1205642,3516700
3684,410,436,348476,7946,1206078,3363600
3685,401,408,348075,7939,1206486,3265500
3686,358,385,347717,7912,1206871,3210800
3687,393,405,347324,7900,1207276,3439900
3688,406,355,346918,7951,1207631,3490400
3689,393,416,346525,7928,1208047,3495800
3690,401,390,346124,7939,1208437,3486000
3691,413,423,345711,7929,1208860,3180300
3692,378,418,345333,7889,1209278,3492300
3693,350,406,344983,7833,1209684,3182100
3694,403,421,344580,7815,1210105,3336600
3695,406,388,344174,7833,1210493,3185400
3696,428,374,343746,7887,1210867,3079200
3697,359,361,343387,7885,1211228,3214800
3698,371,413,343016,7843,1211641,3187900
3699,387,368,342629,7862,1212009,3322900
3700,391,384,342238,7869,1212393,3316100
3701,419,428,341819,7860,1212821,3279800
3702,393,373,341426,7880,1213194,3154600
3703,398,402,341028,7876,1213596,3140900
3704,382,361,340646,7897,1213957,3392600
3705,425,409,340221,7913,1214366,3195100
3706,413,397,339808,7929,1214763,3309700
3707,397,381,339411,7945,1215144,3316900
3708,386,391,339025,7940,1215535,3077100
3709,396,396,338629,7940,1215931,3168100
3710,374,387,338255,7927,1216318,3402900
3711,378,429,337877,7876,1216747,3417400
3712,389,397,337488,7868,1217144,3084100
3713,407,378,337081,7897,1217522,3077800
3714,382,413,336699,7866,1217935,3647100
3715,375,409,336324,7832,1218344,3233100
3716,341,397,335983,7776,1218741,3368300
3717,366,392,335617,7750,1219133,3200900
3718,347,382,335270,7715,1219515,3321500
3719,380,422,334890,7673,1219937,3147300
3720,378,368,334512,7683,1220305,3207800
3721,379,370,334133,7692,1220675,3420800
3722,374,352,333759,7714,1221027,3192500
3723,386,360,333373,7740,1221387,3331000
3724,357,394,333016,7703,1221781,3171800
3725,350,368,332666,7685,1222149,3196600
3726,381,410,332285,7656,1222559,3403900
3727,356,363,331929,7649,1222922,3593800
3728,378,370,331551,7657,1223292,3367500
3729,369,386,331182,7640,1223678,3070100
3730,386,373,330796,7653,1224051,3248400
3731,362,379,330434,7636,1224430,3282700
3732,408,391,330026,7653,1224821,3480200
3733,387,372,329639,7668,1225193,3367300
3734,385,386,329254,7667,1225579,3364500
3735,381,388,328873,7660,1225967,3322800
3736,369,388,328504,7641,1226355,3615000
3737,361,377,328143,7625,1226732,3465700
3738,382,408,327761,7599,1227140,3328600
3739,387,351,327374,7635,1227491,3826300
3740,384,382,326990,7637,1227873,3236000
3741,384,396,326606,7625,1228269,3359200
3742,393,349,326213,7669,1228618,3371000
3743,380,369,325833,7680,1228987,3265100
3744,406,354,325427,7732,1229341,3202900
3745,385,387,325042,7730,1229728,3277000
3746,388,401,324654,7717,1230129,3439000
3747,357,370,324297,7704,1230499,3337500
3748,357,343,323940,7718,1230842,3225400
3749,361,409,323579,7670,1231251,3375300
3750,353,374,323226,7649,1231625,3208500
3751,347,375,322879,7621,1232000,3375300
3752,366,380,322513,7607,1232380,3162800
3753,380,367,322133,7620,1232747,3200400
3754,389,387,321744,7622,1233134,3145300
3755,348,406,321396,7564,1233540,3160300
3756,362,380,321034,7546,1233920,3464000
3757,337,386,320697,7497,1234306,3170400
3758,346,373,320351,7470,1234679,3345800
3759,358,358,319993,7470,1235037,3119600
3760,335,376,319658,7429,1235413,3322400
3761,349,365,319309,7413,1235778,3382900
3762,372,386,318937,7399,1236164,3221400
3763,362,381,318575,7380,1236545,3319200
3764,353,382,318222,7351,1236927,3138200
3765,328,406,317894,7273,1237333,3143100
3766,330,386,317564,7217,1237719,3926900
3767,344,320,317220,7241,1238039,3262300
3768,332,355,316888,7218,1238394,3237400
3769,338,375,316550,7181,1238769,3030200
3770,329,388,316221,7122,1239157,3106500
3771,334,334,315887,7122,1239491,3711900
3772,332,386,315555,7068,1239877,3380600
3773,330,395,315225,7003,1240272,3288000
3774,384,352,314841,7035,1240624,3052600
3775,343,364,314498,7014,1240988,3154100
3776,335,365,314163,6984,1241353,3316900
3777,358,364,313805,6978,1241717,3326700
3778,355,343,313450,6990,1242060,3545700
3779,308,320,313142,6978,1242380,3027200
3780,310,361,312832,6927,1242741,3290900
3781,326,345,312506,6908,1243086,3402600
3782,309,340,312197,6877,1243426,3325700
3783,317,306,311880,6888,1243732,3275400
3784,341,355,311539,6874,1244087,3510400
3785,321,319,311218,6876,1244406,3308200
3786,338,334,310880,6880,1244740,3159400
3787,312,318,310568,6874,1245058,3178300
3788,313,331,310255,6856,1245389,3373600
3789,354,331,309901,6879,1245720,3206700
3790,339,357,309562,6861,1246077,3183600
3791,342,359,309220,6844,1246436,3094200
3792,347,314,308873,6877,1246750,3206100
3793,357,361,308516,6873,1247111,3180500
3794,345,300,308171,6918,1247411,3069400
3795,335,334,307836,6919,1247745,3351800
3796,331,351,307505,6899,1248096,3092300
3797,338,333,307167,6904,1248429,3224800
3798,330,366,306837,6868,1248795,3420400
3799,355,352,306482,6871,1249147,3278300
3800,328,346,306154,6853,1249493,3483600
3801,370,350,305784,6873,1249843,3315700
3802,335,372,305449,6836,1250215,3169600
3803,326,379,305123,6783,1250594,3249500
3804,364,300,304759,6847,1250894,3233100
3805,360,354,304399,6853,1251248,3308300
3806,352,322,304047,6883,1251570,3322800
3807,356,340,303691,6899,1251910,3231800
3808,355,372,303336,6882,1252282,3174500
3809,332,337,303004,6877,1252619,3210200
3810,340,372,302664,6845,1252991,3273700
3811,329,348,302335,6826,1253339,3189800
3812,341,343,301994,6824,1253682,3215900
3813,332,351,301662,6805,1254033,3612700
3814,354,338,301308,6821,1254371,3326900
3815,325,326,300983,6820,1254697,3430600
3816,311,352,300672,6779,1255049,3581400
3817,340,317,300332,6802,1255366,3315200
3818,336,359,299996,6779,1255725,3289200
3819,347,309,299649,6817,1256034,3592800
3820,362,343,299287,6836,1256377,3296400
3821,356,321,298931,6871,1256698,3103800
3822,338,350,298593,6859,1257048,3207100
3823,371,326,298222,6904,1257374,3211500
3824,358,357,297864,6905,1257731,3389000
3825,323,337,297541,6891,1258068,3255800
3826,352,341,297189,6902,1258409,3228400
3827,346,307,296843,6941,1258716,3329600
3828,359,385,296484,6915,1259101,3277800
3829,353,328,296131,6940,1259429,3294200
3830,345,347,295786,6938,1259776,3315400
3831,360,336,295426,6962,1260112,3394000
3832,338,340,295088,6960,1260452,3337600
3833,343,335,294745,6968,1260787,3264200
3834,315,342,294430,6941,1261129,3219200
3835,343,356,294087,6928,1261485,3230400
3836,337,328,293750,6937,1261813,3486800
3837,309,363,293441,6883,1262176,3413600
3838,319,333,293122,6869,1262509,3754100
3839,335,337,292787,6867,1262846,3356100
3840,345,351,292442,6861,1263197,3667600
3841,314,346,292128,6829,1263543,3281400
3842,314,329,291814,6814,1263872,3225500
3843,359,319,291455,6854,1264191,3364800
3844,356,354,291099,6856,1264545,3261300
3845,321,364,290778,6813,1264909,3540500
3846,346,320,290432,6839,1265229,3247300
3847,340,357,290092,6822,1265586,3318400
3848,375,327,289717,6870,1265913,3341300
3849,344,357,289373,6857,1266270,3385800
3850,334,350,289039,6841,1266620,3373500
3851,305,338,288734,6808,1266958,3320700
3852,327,334,288407,6801,1267292,3340700
3853,339,369,288068,6771,1267661,3219900
3854,317,324,287751,6764,1267985,3325300
3855,326,336,287425,6754,1268321,3381300
3856,327,355,287098,6726,1268676,3370600
3857,329,348,286769,6707,1269024,3207500
3858,363,339,286406,6731,1269363,3766400
3859,334,341,286072,6724,1269704,3507100
3860,310,314,285762,6720,1270018,3404600
3861,323,346,285439,6697,1270364,3659600
3862,353,332,285086,6718,1270696,3287800
3863,372,341,284714,6749,1271037,3432500
3864,335,341,284379,6743,1271378,3322200
3865,367,302,284012,6808,1271680,3223600
3866,350,338,283662,6820,1272018,3193400
3867,324,362,283338,6782,1272380,3183900
3868,356,335,282982,6803,1272715,3277400
3869,340,346,282642,6797,1273061,3231700
3870,341,309,282301,6829,1273370,3141000
3871,329,329,281972,6829,1273699,3325300
3872,364,359,281608,6834,1274058,3176800
3873,349,343,281259,6840,1274401,3467900
3874,337,348,280922,6829,1274749,3242200
3875,374,351,280548,6852,1275100,3172900
3876,338,331,280210,6859,1275431,3079200
3877,376,315,279834,6920,1275746,3220700
3878,337,345,279497,6912,1276091,3364000
3879,320,349,279177,6883,1276440,3313300
3880,327,391,278850,6819,1276831,3391000
3881,324,345,278526,6798,1277176,3727300
3882,342,346,278184,6794,1277522,3339400
3883,358,361,277826,6791,1277883,3287100
3884,346,328,277480,6809,1278211,3275900
3885,320,324,277160,6805,1278535,3278700
3886,337,336,276823,6806,1278871,3113800
3887,346,349,276477,6803,1279220,3394200
3888,328,349,276149,6782,1279569,3503600
3889,328,312,275821,6798,1279881,3682300
3890,316,363,275505,6751,1280244,3345500
3891,337,342,275168,6746,1280586,3343200
3892,319,356,274849,6709,1280942,3441400
3893,317,340,274532,6686,1281282,3446600
3894,330,352,274202,6664,1281634,3400300
3895,308,337,273894,6635,1281971,3162000
3896,302,308,273592,6629,1282279,3211900
3897,326,341,273266,6614,1282620,3261200
3898,342,320,272924,6636,1282940,3239100
3899,347,332,272577,6651,1283272,3820600
3900,309,346,272268,6614,1283618,3245400
3901,349,336,271919,6627,1283954,3193300
3902,308,289,271611,6646,1284243,3268800
3903,335,331,271276,6650,1284574,3466200
3904,340,320,270936,6670,1284894,3255300
3905,329,306,270607,6693,1285200,3391200
3906,303,343,270304,6653,1285543,3156100
3907,310,281,269994,6682,1285824,3446000
3908,307,339,269687,6650,1286163,3257400
3909,367,316,269320,6701,1286479,3202300
3910,329,323,268991,6707,1286802,3280100
3911,345,359,268646,6693,1287161,3280000
3912,342,317,268304,6718,1287478,3248600
3913,336,312,267968,6742,1287790,3264200
3914,322,331,267646,6733,1288121,3203600
3915,340,346,267306,6727,1288467,3203700
3916,327,338,266979,6716,1288805,3256200
3917,324,333,266655,6707,1289138,3221200
3918,316,363,266339,6660,1289501,3254500
3919,333,327,266006,6666,1289828,3177000
3920,323,342,265683,6647,1290170,3286800
3921,301,343,265382,6605,1290513,3300100
3922,311,305,265071,6611,1290818,3459300
3923,338,275,264733,6674,1291093,3220400
3924,318,345,264415,6647,1291438,3660500
3925,344,355,264071,6636,1291793,5087800
3926,350,313,263721,6673,1292106,4832100
3927,321,330,263400,6664,1292436,4944100
3928,344,350,263056,6658,1292786,4594200
3929,295,357,262761,6596,1293143,4154000
3930,316,352,262445,6560,1293495,3395200
3931,342,347,262103,6555,1293842,3337400
3932,328,308,261775,6575,1294150,3821200
3933,311,311,261464,6575,1294461,4326500
3934,297,327,261167,6545,1294788,3474500
3935,303,327,260864,6521,1295115,3379400
3936,315,330,260549,6506,1295445,3228400
3937,332,318,260217,6520,1295763,3315200
3938,301,303,259916,6518,1296066,3420900
3939,310,322,259606,6506,1296388,3334600
3940,289,292,259317,6503,1296680,3160000
3941,321,325,258996,6499,1297005,3246800
3942,342,299,258654,6542,1297304,3306000
3943,325,321,258329,6546,1297625,3088700
3944,342,323,257987,6565,1297948,3277000
3945,316,314,257671,6567,1298262,3391100
3946,328,321,257343,6574,1298583,3194500
3947,303,289,257040,6588,1298872,3183000
3948,350,332,256690,6606,1299204,3275100
3949,334,331,256356,6609,1299535,3435800
3950,339,295,256017,6653,1299830,3319900
3951,320,318,255697,6655,1300148,3197400
3952,354,300,255343,6709,1300448,3219500
3953,320,300,255023,6729,1300748,3181700
3954,321,320,254702,6730,1301068,3302700
3955,329,318,254373,6741,1301386,3151600
3956,324,369,254049,6696,1301755,3235400
3957,332,320,253717,6708,1302075,3120500
3958,356,307,253361,6757,1302382,3162300
3959,324,329,253037,6752,1302711,3381500
3960,331,329,252706,6754,1303040,3286900
3961,318,334,252388,6738,1303374,3317700
3962,343,333,252045,6748,1303707,3106200
3963,294,385,251751,6657,1304092,3150400
3964,311,312,251440,6656,1304404,3141600
3965,311,343,251129,6624,1304747,3290100
3966,300,325,250829,6599,1305072,3320300
3967,321,329,250508,6591,1305401,3171800
3968,303,320,250205,6574,1305721,3219500
3969,307,312,249898,6569,1306033,3206800
3970,320,340,249578,6549,1306373,3266200
3971,337,297,249241,6589,1306670,3490500
3972,303,326,248938,6566,1306996,3252700
3973,327,339,248611,6554,1307335,3440900
3974,327,322,248284,6559,1307657,3209300
3975,315,358,247969,6516,1308015,3208000
3976,295,339,247674,6472,1308354,3283300
3977,331,343,247343,6460,1308697,3107800
3978,344,307,246999,6497,1309004,3493700
3979,314,351,246685,6460,1309355,3720600
3980,298,347,246387,6411,1309702,3338500
3981,317,344,246070,6384,1310046,3572000
3982,340,296,245730,6428,1310342,3230600
3983,331,349,245399,6410,1310691,3244700
3984,333,308,245066,6435,1310999,3233800
3985,290,326,244776,6399,1311325,3303400
3986,337,328,244439,6408,1311653,3411100
3987,294,342,244145,6360,1311995,3361900
3988,317,307,243828,6370,1312302,3415000
3989,300,294,243528,6376,1312596,3262400
3990,321,333,243207,6364,1312929,3267600
3991,293,299,242914,6358,1313228,3343800
3992,297,337,242617,6318,1313565,3155900
3993,296,354,242321,6260,1313919,3268800
3994,299,326,242022,6233,1314245,3031400
3995,259,294,241763,6198,1314539,3144200
3996,317,332,241446,6183,1314871,3055200
3997,309,294,241137,6198,1315165,3272500
3998,285,318,240852,6165,1315483,3334400
3999,324,304,240528,6185,1315787,3153300
4000,298,309,240230,6174,1316096,3176200
4001,316,293,239914,6197,1316389,3223800
4002,299,316,239615,6180,1316705,3259000
4003,282,310,239333,6152,1317015,3734700
4004,326,319,239007,6159,1317334,3348200
4005,329,290,238678,6198,1317624,3175800
4006,294,313,238384,6179,1317937,3067900
4007,303,322,238081,6160,1318259,3317400
4008,322,294,237759,6188,1318553,3284700
4009,313,303,237446,6198,1318856,3162600
4010,325,277,237121,6246,1319133,3359500
4011,331,306,236790,6271,1319439,3285500
4012,306,312,236484,6265,1319751,3237800
4013,324,346,236160,6243,1320097,3529200
4014,332,291,235828,6284,1320388,3717400
4015,372,312,235456,6344,1320700,3820900
4016,351,305,235105,6390,1321005,3387400
4017,335,309,234770,6416,1321314,3310900
4018,295,330,234475,6381,1321644,3492600
4019,317,304,234158,6394,1321948,3413300
4020,330,351,233828,6373,1322299,3371000
4021,293,315,233535,6351,1322614,3501100
4022,319,321,233216,6349,1322935,3608000
4023,302,301,232914,6350,1323236,3457100
4024,340,347,232574,6343,1323583,3716200
4025,292,288,232282,6347,1323871,3473800
4026,308,313,231974,6342,1324184,3414900
4027,315,323,231659,6334,1324507,3787500
4028,300,315,231359,6319,1324822,3384000
4029,342,325,231017,6336,1325147,3322300
4030,322,329,230695,6329,1325476,3407900
4031,326,322,230369,6333,1325798,3311700
4032,313,318,230056,6328,1326116,3440700
4033,316,328,229740,6316,1326444,3316700
4034,317,322,229423,6311,1326766,3331200
4035,314,286,229109,6339,1327052,3237300
4036,339,351,228770,6327,1327403,3374700
4037,304,337,228466,6294,1327740,3500400
4038,333,318,228133,6309,1328058,3370700
4039,289,309,227844,6289,1328367,3484000
4040,284,350,227560,6223,1328717,3459800
4041,299,325,227261,6197,1329042,3284800
4042,334,287,226927,6244,1329329,3338400
4043,306,323,226621,6227,1329652,3279500
4044,290,312,226331,6205,1329964,3515500
4045,290,308,226041,6187,1330272,3794100
4046,296,291,225745,6192,1330563,3634900
4047,297,318,225448,6171,1330881,3504100
4048,304,310,225144,6165,1331191,3435700
4049,305,273,224839,6197,1331464,3732300
4050,310,320,224529,6187,1331784,3830200
4051,297,311,224232,6173,1332095,4019500
4052,288,305,223944,6156,1332400,3717000
4053,288,322,223656,6122,1332722,3565700
4054,283,288,223373,6117,1333010,3976700
4055,302,298,223071,6121,1333308,3598200
4056,277,268,222794,6130,1333576,3721100
4057,338,283,222456,6185,1333859,3956500
4058,296,278,222160,6203,1334137,4206400
4059,289,315,221871,6177,1334452,3456600
4060,342,304,221529,6215,1334756,3733300
4061,328,314,221201,6229,1335070,3848200
4062,301,331,220900,6199,1335401,3408900
4063,323,315,220577,6207,1335716,3549700
4064,273,332,220304,6148,1336048,3460400
4065,330,321,219974,6157,1336369,3560200
4066,297,291,219677,6163,1336660,3516900
4067,275,315,219402,6123,1336975,3319700
4068,340,303,219062,6160,1337278,3741600
4069,287,342,218775,6105,1337620,3409600
4070,282,285,218493,6102,1337905,3635800
4071,281,318,218212,6065,1338223,3532200
4072,282,290,217930,6057,1338513,3627100
4073,270,293,217660,6034,1338806,3365800
4074,295,341,217365,5988,1339147,3385200
4075,279,319,217086,5948,1339466,3241300
4076,319,287,216767,5980,1339753,3419200
4077,290,300,216477,5970,1340053,3425600
4078,290,296,216187,5964,1340349,3584500
4079,293,292,215894,5965,1340641,3631700
4080,302,328,215592,5939,1340969,3321000
4081,291,311,215301,5919,1341280,3398300
4082,303,311,214998,5911,1341591,3783700
4083,287,303,214711,5895,1341894,3522100
4084,307,283,214404,5919,1342177,3362600
4085,307,314,214097,5912,1342491,3795000
4086,347,292,213750,5967,1342783,3322500
4087,278,295,213472,5950,1343078,3639500
4088,305,297,213167,5958,1343375,3895200
4089,265,284,212902,5939,1343659,3320800
4090,303,270,212599,5972,1343929,3769100
4091,287,301,212312,5958,1344230,3622700
4092,299,316,212013,5941,1344546,3332800
4093,281,277,211732,5945,1344823,3756100
4094,315,318,211417,5942,1345141,3733700
4095,322,276,211095,5988,1345417,3460500
4096,287,291,210808,5984,1345708,3843000
4097,289,305,210519,5968,1346013,3669700
4098,286,323,210233,5931,1346336,3363900
4099,300,308,209933,5923,1346644,3455300
4100,300,298,209633,5925,1346942,3792000
4101,278,329,209355,5874,1347271,3405300
4102,300,294,209055,5880,1347565,3393300
4103,286,299,208769,5867,1347864,3331500
4104,285,282,208484,5870,1348146,3919700
4105,319,282,208165,5907,1348428,3916500
4106,326,288,207839,5945,1348716,3645400
4107,292,271,207547,5966,1348987,3583200
4108,316,293,207231,5989,1349280,3631500
4109,319,304,206912,6004,1349584,4134500
4110,269,301,206643,5972,1349885,3716200
4111,293,281,206350,5984,1350166,3912200
4112,293,309,206057,5968,1350475,3541600
4113,302,288,205755,5982,1350763,3371200
4114,286,339,205469,5929,1351102,3485400
4115,315,270,205154,5974,1351372,3321300
4116,312,299,204842,5987,1351671,3449400
4117,294,324,204548,5957,1351995,3340500
4118,308,287,204240,5978,1352282,3348200
4119,303,282,203937,5999,1352564,3476300
4120,310,297,203627,6012,1352861,3350300
4121,279,302,203348,5989,1353163,3624300
4122,284,304,203064,5969,1353467,3329000
4123,288,301,202776,5956,1353768,3369300
4124,306,283,202470,5979,1354051,3456100
4125,289,290,202181,5978,1354341,3242800
4126,278,306,201903,5950,1354647,3633200
4127,288,318,201615,5920,1354965,3352200
4128,286,292,201329,5914,1355257,3603200
4129,276,303,201053,5887,1355560,3522900
4130,295,255,200758,5927,1355815,3401700
4131,284,290,200474,5921,1356105,3455000
4132,337,290,200137,5968,1356395,3567700
4133,302,293,199835,5977,1356688,3302800
4134,306,289,199529,5994,1356977,3337700
4135,282,313,199247,5963,1357290,3819800
4136,302,296,198945,5969,1357586,3477800
4137,299,292,198646,5976,1357878,3439800
4138,295,326,198351,5945,1358204,3422600
4139,280,295,198071,5930,1358499,3763200
4140,300,309,197771,5921,1358808,3565200
4141,298,279,197473,5940,1359087,3505700
4142,298,293,197175,5945,1359380,3409700
4143,286,317,196889,5914,1359697,3479300
4144,302,282,196587,5934,1359979,3498200
4145,329,312,196258,5951,1360291,3402300
4146,315,292,195943,5974,1360583,3802100
4147,303,290,195640,5987,1360873,3460200
4148,321,320,195319,5988,1361193,3627000
4149,287,277,195032,5998,1361470,3714200
4150,278,285,194754,5991,1361755,3593000
4151,329,311,194425,6009,1362066,3583900
4152,306,328,194119,5987,1362394,3974500
4153,283,306,193836,5964,1362700,3686100
4154,304,313,193532,5955,1363013,3538600
4155,299,333,193233,5921,1363346,4121400
4156,294,277,192939,5938,1363623,3492100
4157,289,293,192650,5934,1363916,3446300
4158,283,291,192367,5926,1364207,3770100
4159,302,292,192065,5936,1364499,3620600
4160,286,281,191779,5941,1364780,3573000
4161,283,283,191496,5941,1365063,3441000
4162,292,310,191204,5923,1365373,3359500
4163,304,280,190900,5947,1365653,3780600
4164,277,320,190623,5904,1365973,3958600
4165,291,343,190332,5852,1366316,3336000
4166,281,256,190051,5877,1366572,3573500
4167,308,313,189743,5872,1366885,3648800
4168,280,285,189463,5867,1367170,3542800
4169,304,293,189159,5878,1367463,3483000
4170,276,272,188883,5882,1367735,3375700
4171,274,291,188609,5865,1368026,3397100
4172,311,321,188298,5855,1368347,3398000
4173,289,342,188009,5802,1368689,3346000
4174,289,271,187720,5820,1368960,3545400
4175,324,277,187396,5867,1369237,3421200
4176,288,259,187108,5896,1369496,3419200
4177,295,299,186813,5892,1369795,3403400
4178,300,307,186513,5885,1370102,3331400
4179,307,280,186206,5912,1370382,3924100
4180,299,317,185907,5894,1370699,3536300
4181,313,263,185594,5944,1370962,3408000
4182,287,277,185307,5954,1371239,3496500
4183,310,261,184997,6003,1371500,3454300
4184,256,296,184741,5963,1371796,3355700
4185,283,292,184458,5954,1372088,3848000
4186,280,311,184178,5923,1372399,3632800
4187,290,312,183888,5901,1372711,3416900
4188,296,288,183592,5909,1372999,3650900
4189,293,263,183299,5939,1373262,3469700
4190,281,320,183018,5900,1373582,3384900
4191,268,278,182750,5890,1373860,3903900
4192,291,293,182459,5888,1374153,3664900
4193,271,303,182188,5856,1374456,3612300
4194,305,288,181883,5873,1374744,3697500
4195,305,285,181578,5893,1375029,3451900
4196,283,293,181295,5883,1375322,3807600
4197,286,288,181009,5881,1375610,3655100
4198,290,268,180719,5903,1375878,3464800
4199,305,306,180414,5902,1376184,3548800
4200,295,294,180119,5903,1376478,3432000
4201,289,290,179830,5902,1376768,3664300
4202,289,305,179541,5886,1377073,3571800
4203,281,299,179260,5868,1377372,3492300
4204,244,265,179016,5847,1377637,3491200
4205,294,260,178722,5881,1377897,3741900
4206,320,290,178402,5911,1378187,3525200
4207,277,318,178125,5870,1378505,3380400
4208,285,259,177840,5896,1378764,3430000
4209,275,269,177565,5902,1379033,3455700
4210,311,271,177254,5942,1379304,3706700
4211,260,264,176994,5938,1379568,3562300
4212,280,338,176714,5880,1379906,3410600
4213,306,270,176408,5916,1380176,3712300
4214,297,284,176111,5929,1380460,3684000
4215,295,288,175816,5936,1380748,3386300
4216,289,291,175527,5934,1381039,3579900
4217,289,303,175238,5920,1381342,3471300
4218,250,290,174988,5880,1381632,3315300
4219,276,303,174712,5853,1381935,3699500
4220,254,310,174458,5797,1382245,3442600
4221,269,294,174189,5772,1382539,3357100
4222,280,296,173909,5756,1382835,3488400
4223,284,265,173625,5775,1383100,3346200
4224,307,302,173318,5780,1383402,3548700
4225,309,285,173009,5804,1383687,3661500
4226,278,281,172731,5801,1383968,3344400
4227,262,273,172469,5790,1384241,3984500
4228,296,249,172173,5837,1384490,3536500
4229,275,317,171898,5795,1384807,3397500
4230,268,278,171630,5785,1385085,3579000
4231,278,316,171352,5747,1385401,3657300
4232,272,258,171080,5761,1385659,3605800
4233,261,285,170819,5737,1385944,3686200
4234,271,294,170548,5714,1386238,3840300
4235,266,269,170282,5711,1386507,3608500
4236,278,290,170004,5699,1386797,3872500
4237,272,289,169732,5682,1387086,3678800
4238,273,277,169459,5678,1387363,3875600
4239,255,291,169204,5642,1387654,3930700
4240,258,284,168946,5616,1387938,3805600
4241,269,287,168677,5598,1388225,3471600
4242,270,259,168407,5609,1388484,3304400
4243,274,283,168133,5600,1388767,3629000
4244,259,278,167874,5581,1389045,3562900
4245,273,293,167601,5561,1389338,3655000
4246,272,288,167329,5545,1389626,3325500
4247,240,252,167089,5533,1389878,3432600
4248,298,255,166791,5576,1390133,3382200
4249,257,285,166534,5548,1390418,3378100
4250,293,286,166241,5555,1390704,3708700
4251,282,255,165959,5582,1390959,3401400
4252,274,277,165685,5579,1391236,3355800
4253,299,283,165386,5595,1391519,3662300
4254,310,268,165076,5637,1391787,3450800
4255,262,268,164814,5631,1392055,3479600
4256,321,283,164493,5669,1392338,3417400
4257,287,281,164206,5675,1392619,3331200
4258,301,260,163905,5716,1392879,3645200
4259,288,314,163617,5690,1393193,3661500
4260,282,309,163335,5663,1393502,3358100
4261,307,275,163028,5695,1393777,3574400
4262,290,300,162738,5685,1394077,3560300
4263,256,264,162482,5677,1394341,3427500
4264,267,276,162215,5668,1394617,3397200
4265,280,294,161935,5654,1394911,3301400
4266,270,272,161665,5652,1395183,3394900
4267,290,265,161375,5677,1395448,3594700
4268,274,300,161101,5651,1395748,3354900
4269,287,266,160814,5672,1396014,3550000
4270,293,292,160521,5673,1396306,3393700
4271,289,311,160232,5651,1396617,3630900
4272,303,291,159929,5663,1396908,3882600
4273,268,263,159661,5668,1397171,3574800
4274,285,269,159376,5684,1397440,20921400
4275,274,269,159102,5689,1397709,6474400
4276,257,282,158845,5664,1397991,7000400
4277,272,280,158573,5656,1398271,3293800
4278,280,285,158293,5651,1398556,3385900
4279,265,286,158028,5630,1398842,3316600
4280,275,270,157753,5635,1399112,3331100
4281,284,244,157469,5675,1399356,3072000
4282,274,271,157195,5678,1399627,3125900
4283,285,304,156910,5659,1399931,3182500
4284,303,313,156607,5649,1400244,3444600
4285,301,263,156306,5687,1400507,3343500
4286,283,283,156023,5687,1400790,3182900
4287,279,301,155744,5665,1401091,3265700
4288,266,285,155478,5646,1401376,3646300
4289,281,293,155197,5634,1401669,3447700
4290,295,259,154902,5670,1401928,3212800
4291,270,245,154632,5695,1402173,3280500
4292,289,291,154343,5693,1402464,3271800
4293,294,292,154049,5695,1402756,3268600
4294,270,268,153779,5697,1403024,3280400
4295,286,312,153493,5671,1403336,3360700
4296,269,275,153224,5665,1403611,3232900
4297,284,307,152940,5642,1403918,3310700
4298,274,269,152666,5647,1404187,3361200
4299,269,272,152397,5644,1404459,3206000
4300,291,268,152106,5667,1404727,3310600
4301,260,256,151846,5671,1404983,3256700
4302,262,235,151584,5698,1405218,3315100
4303,267,281,151317,5684,1405499,3205100
4304,261,256,151056,5689,1405755,3335600
4305,270,302,150786,5657,1406057,3173700
4306,301,279,150485,5679,1406336,3379900
4307,267,268,150218,5678,1406604,3201100
4308,259,291,149959,5646,1406895,3244100
4309,261,289,149698,5618,1407184,3188100
4310,282,270,149416,5630,1407454,3292700
4311,292,306,149124,5616,1407760,3475400
4312,272,291,148852,5597,1408051,3389700
4313,240,255,148612,5582,1408306,3335800
4314,246,303,148366,5525,1408609,3250300
4315,248,268,148118,5505,1408877,3337900
4316,265,256,147853,5514,1409133,3184500
4317,285,272,147568,5527,1409405,3379800
4318,236,271,147332,5492,1409676,3159200
4319,264,282,147068,5474,1409958,3244200
4320,255,264,146813,5465,1410222,3386400
4321,276,295,146537,5446,1410517,3278300
4322,281,275,146256,5452,1410792,3481100
4323,251,257,146005,5446,1411049,3133200
4324,253,275,145752,5424,1411324,3112600
4325,271,266,145481,5429,1411590,3070700
4326,284,244,145197,5469,1411834,3217700
4327,275,276,144922,5468,1412110,3375700
4328,295,276,144627,5487,1412386,3149300
4329,283,290,144344,5480,1412676,3193200
4330,278,273,144066,5485,1412949,3137800
4331,260,297,143806,5448,1413246,3212100
4332,275,275,143531,5448,1413521,3348600
4333,254,305,143277,5397,1413826,3357000
4334,264,298,143013,5363,1414124,3269100
4335,283,293,142730,5353,1414417,3347400
4336,261,308,142469,5306,1414725,3165100
4337,258,282,142211,5282,1415007,3265700
4338,265,274,141946,5273,1415281,3224000
4339,270,261,141676,5282,1415542,3410600
4340,244,262,141432,5264,1415804,3322200
4341,239,250,141193,5253,1416054,3179900
4342,225,280,140968,5198,1416334,3196400
4343,223,267,140745,5154,1416601,3141200
4344,251,262,140494,5143,1416863,3406400
4345,249,283,140245,5109,1417146,3147900
4346,270,267,139975,5112,1417413,3229500
4347,260,255,139715,5117,1417668,3380300
4348,238,274,139477,5081,1417942,3210100
4349,289,249,139188,5121,1418191,3323100
4350,242,255,138946,5108,1418446,3352500
4351,260,255,138686,5113,1418701,3388600
4352,240,278,138446,5075,1418979,3171000
4353,240,256,138206,5059,1419235,3162500
4354,218,270,137988,5007,1419505,3200400
4355,228,236,137760,4999,1419741,3359000
4356,243,263,137517,4979,1420004,3264900
4357,204,243,137313,4940,1420247,3103900
4358,229,250,137084,4919,1420497,3255800
4359,236,244,136848,4911,1420741,3166200
4360,219,235,136629,4895,1420976,3108600
4361,235,249,136394,4881,1421225,3163000
4362,235,254,136159,4862,1421479,3229300
4363,240,222,135919,4880,1421701,3226000
4364,224,263,135695,4841,1421964,3180500
4365,210,243,135485,4808,1422207,3220400
4366,230,244,135255,4794,1422451,3357800
4367,212,241,135043,4765,1422692,3247500
4368,238,235,134805,4768,1422927,3348800
4369,211,254,134594,4725,1423181,3246300
4370,234,269,134360,4690,1423450,3332000
4371,217,249,134143,4658,1423699,3044200
4372,204,230,133939,4632,1423929,3147900
4373,232,246,133707,4618,1424175,3818200
4374,228,239,133479,4607,1424414,3351800
4375,208,225,133271,4590,1424639,3325100
4376,208,223,133063,4575,1424862,3254900
4377,217,220,132846,4572,1425082,3110000
4378,198,239,132648,4531,1425321,3476600
4379,250,214,132398,4567,1425535,3330300
4380,208,236,132190,4539,1425771,3211400
4381,222,204,131968,4557,1425975,3225100
4382,229,207,131739,4579,1426182,3237900
4383,205,222,131534,4562,1426404,3297000
4384,224,226,131310,4560,1426630,3290900
4385,218,225,131092,4553,1426855,3183400
4386,210,250,130882,4513,1427105,3224800
4387,223,218,130659,4518,1427323,3443800
4388,227,226,130432,4519,1427549,3379200
4389,202,237,130230,4484,1427786,3362700
4390,190,215,130040,4459,1428001,3248700
4391,211,208,129829,4462,1428209,3306100
4392,204,208,129625,4458,1428417,3237600
4393,203,205,129422,4456,1428622,3693100
4394,207,220,129215,4443,1428842,3281900
4395,188,238,129027,4393,1429080,3258400
4396,213,224,128814,4382,1429304,3097800
4397,210,225,128604,4367,1429529,3249900
4398,218,219,128386,4366,1429748,3205400
4399,198,216,128188,4348,1429964,3140000
4400,207,215,127981,4340,1430179,3329500
4401,193,204,127788,4329,1430383,3583700
4402,173,231,127615,4271,1430614,3199800
4403,215,234,127400,4252,1430848,3196000
4404,191,221,127209,4222,1431069,3057100
4405,201,219,127008,4204,1431288,3198000
4406,202,211,126806,4195,1431499,3117800
4407,211,210,126595,4196,1431709,3271000
4408,204,197,126391,4203,1431906,3122000
4409,213,199,126178,4217,1432105,3201000
4410,211,179,125967,4249,1432284,3260400
4411,217,194,125750,4272,1432478,3360500
4412,197,195,125553,4274,1432673,3438500
4413,190,206,125363,4258,1432879,3214700
4414,186,204,125177,4240,1433083,3229100
4415,213,213,124964,4240,1433296,3391400
4416,183,235,124781,4188,1433531,3291500
4417,182,206,124599,4164,1433737,3264900
4418,190,223,124409,4131,1433960,3159700
4419,197,199,124212,4129,1434159,3143700
4420,192,210,124020,4111,1434369,3075600
4421,218,207,123802,4122,1434576,3184600
4422,210,225,123592,4107,1434801,3302300
4423,178,211,123414,4074,1435012,3145100
4424,199,201,123215,4072,1435213,3297700
4425,182,211,123033,4043,1435424,3124900
4426,181,198,122852,4026,1435622,3162800
4427,173,202,122679,3997,1435824,3268300
4428,178,212,122501,3963,1436036,3231100
4429,192,184,122309,3971,1436220,3205900
4430,191,250,122118,3912,1436470,3126000
4431,167,198,121951,3881,1436668,3097500
4432,188,189,121763,3880,1436857,3085700
4433,179,195,121584,3864,1437052,3174500
4434,193,207,121391,3850,1437259,3205300
4435,190,194,121201,3846,1437453,3152300
4436,183,189,121018,3840,1437642,3440000
4437,179,176,120839,3843,1437818,3265600
4438,187,189,120652,3841,1438007,3325200
4439,191,199,120461,3833,1438206,3393200
4440,195,185,120266,3843,1438391,3284700
4441,184,202,120082,3825,1438593,3547600
4442,184,200,119898,3809,1438793,3416500
4443,182,204,119716,3787,1438997,3357400
4444,154,177,119562,3764,1439174,3537400
4445,153,167,119409,3750,1439341,3496800
4446,178,217,119231,3711,1439558,3624400
4447,158,177,119073,3692,1439735,3707300
4448,160,174,118913,3678,1439909,3728500
4449,185,157,118728,3706,1440066,3997000
4450,186,190,118542,3702,1440256,3485000
4451,173,207,118369,3668,1440463,3744400
4452,154,208,118215,3614,1440671,3556100
4453,166,198,118049,3582,1440869,3560900
4454,166,182,117883,3566,1441051,3367700
4455,168,208,117715,3526,1441259,3331600
4456,189,195,117526,3520,1441454,3271700
4457,187,196,117339,3511,1441650,3382300
4458,180,172,117159,3519,1441822,3171900
4459,190,162,116969,3547,1441984,3242600
4460,199,184,116770,3562,1442168,3224900
4461,167,198,116603,3531,1442366,3268500
4462,203,169,116400,3565,1442535,3422100
4463,179,177,116221,3567,1442712,3334700
4464,199,173,116022,3593,1442885,3115100
4465,179,162,115843,3610,1443047,3239900
4466,187,186,115656,3611,1443233,3188700
4467,185,187,115471,3609,1443420,3329700
4468,174,196,115297,3587,1443616,3277900
4469,191,183,115106,3595,1443799,3204100
4470,179,191,114927,3583,1443990,3562800
4471,187,182,114740,3588,1444172,3426900
4472,183,172,114557,3599,1444344,3321400
4473,176,185,114381,3590,1444529,3122200
4474,202,157,114179,3635,1444686,3250400
4475,184,165,113995,3654,1444851,3220400
4476,171,182,113824,3643,1445033,3344400
4477,176,186,113648,3633,1445219,3250500
4478,209,203,113439,3639,1445422,3439600
4479,163,177,113276,3625,1445599,3345900
4480,180,186,113096,3619,1445785,3288900
4481,180,178,112916,3621,1445963,3259700
4482,190,191,112726,3620,1446154,3165000
4483,193,179,112533,3634,1446333,3313800
4484,174,193,112359,3615,1446526,3175500
4485,170,171,112189,3614,1446697,3380200
4486,181,189,112008,3606,1446886,3245500
4487,153,202,111855,3557,1447088,3304700
4488,166,196,111689,3527,1447284,3255200
4489,165,185,111524,3507,1447469,3192400
4490,176,185,111348,3498,1447654,3522900
4491,180,189,111168,3489,1447843,3263000
4492,155,169,111013,3475,1448012,3261200
4493,181,154,110832,3502,1448166,3142600
4494,170,181,110662,3491,1448347,3193200
4495,173,174,110489,3490,1448521,3302000
4496,155,154,110334,3491,1448675,3369600
4497,167,181,110167,3477,1448856,3457700
4498,199,185,109968,3491,1449041,3195900
4499,167,179,109801,3479,1449220,3678300
4500,193,186,109608,3486,1449406,3223200
4501,172,180,109436,3478,1449586,3599400
4502,187,182,109249,3483,1449768,3217100
4503,180,174,109069,3489,1449942,3853600
4504,159,193,108910,3455,1450135,6197000
4505,154,163,108756,3446,1450298,4486900
4506,160,160,108596,3446,1450458,4838000
4507,167,184,108429,3429,1450642,4104600
4508,185,165,108244,3449,1450807,3978300
4509,168,187,108076,3430,1450994,3416900
4510,175,163,107901,3442,1451157,3783100
4511,145,163,107756,3424,1451320,3941500
4512,165,155,107591,3434,1451475,4564200
4513,177,166,107414,3445,1451641,3455800
4514,162,183,107252,3424,1451824,3555800
4515,160,170,107092,3414,1451994,3289600
4516,150,170,106942,3394,1452164,3321600
4517,159,158,106783,3395,1452322,3358600
4518,160,146,106623,3409,1452468,3194400
4519,156,160,106467,3405,1452628,3266500
4520,157,207,106310,3355,1452835,3818300
4521,147,160,106163,3342,1452995,3230400
4522,156,165,106007,3333,1453160,3452000
4523,169,159,105838,3343,1453319,3186600
4524,163,193,105675,3313,1453512,3166900
4525,175,148,105500,3340,1453660,3477600
4526,174,166,105326,3348,1453826,3422500
4527,169,169,105157,3348,1453995,3455700
4528,159,152,104998,3355,1454147,3211200
4529,167,169,104831,3353,1454316,3417600
4530,162,167,104669,3348,1454483,3389900
4531,165,183,104504,3330,1454666,3256700
4532,145,145,104359,3330,1454811,3197900
4533,161,139,104198,3352,1454950,3536400
4534,152,174,104046,3330,1455124,3296500
4535,169,184,103877,3315,1455308,3186900
4536,157,155,103720,3317,1455463,3217400
4537,196,142,103524,3371,1455605,3248600
4538,169,197,103355,3343,1455802,3149300
4539,173,199,103182,3317,1456001,3284800
4540,166,155,103016,3328,1456156,3337500
4541,167,156,102849,3339,1456312,3234600
4542,158,191,102691,3306,1456503,3411900
4543,165,147,102526,3324,1456650,3576200
4544,165,159,102361,3330,1456809,3171100
4545,156,155,102205,3331,1456964,3273100
4546,162,159,102043,3334,1457123,3049000
4547,158,164,101885,3328,1457287,3383800
4548,162,165,101723,3325,1457452,3329300
4549,146,170,101577,3301,1457622,3627300
4550,155,152,101422,3304,1457774,3159200
4551,164,144,101258,3324,1457918,3243400
4552,165,176,101093,3313,1458094,3480300
4553,150,164,100943,3299,1458258,3643000
4554,134,159,100809,3274,1458417,3304400
4555,155,149,100654,3280,1458566,3252000
4556,153,165,100501,3268,1458731,3185800
4557,136,179,100365,3225,1458910,3263500
4558,152,156,100213,3221,1459066,3225200
4559,121,145,100092,3197,1459211,3345300
4560,145,175,99947,3167,1459386,3453400
4561,151,156,99796,3162,1459542,3397700
4562,161,177,99635,3146,1459719,3643900
4563,138,166,99497,3118,1459885,3672600
4564,145,159,99352,3104,1460044,3411800
4565,143,147,99209,3100,1460191,3295200
4566,153,146,99056,3107,1460337,3157300
4567,177,153,98879,3131,1460490,3530500
4568,149,144,98730,3136,1460634,3262900
4569,152,166,98578,3122,1460800,3252000
4570,166,156,98412,3132,1460956,3482200
4571,140,163,98272,3109,1461119,3277000
4572,150,140,98122,3119,1461259,3286500
4573,164,153,97958,3130,1461412,3199300
4574,149,128,97809,3151,1461540,3279900
4575,187,164,97622,3174,1461704,3671100
4576,168,168,97454,3174,1461872,3348300
4577,138,154,97316,3158,1462026,3248600
4578,160,167,97156,3151,1462193,3146800
4579,157,152,96999,3156,1462345,3212500
4580,168,156,96831,3168,1462501,3240700
4581,132,162,96699,3138,1462663,3203900
4582,144,148,96555,3134,1462811,3338600
4583,148,156,96407,3126,1462967,3231100
4584,153,146,96254,3133,1463113,3230800
4585,163,145,96091,3151,1463258,3484800
4586,144,136,95947,3159,1463394,3317700
4587,142,172,95805,3129,1463566,3239800
4588,139,155,95666,3113,1463721,3872200
4589,134,169,95532,3078,1463890,3513400
4590,136,157,95396,3057,1464047,3698500
4591,164,154,95232,3067,1464201,3288100
4592,145,166,95087,3046,1464367,3429200
4593,162,152,94925,3056,1464519,3503600
4594,153,183,94772,3026,1464702,3365900
4595,139,140,94633,3025,1464842,3285200
4596,153,154,94480,3024,1464996,3266500
4597,128,148,94352,3004,1465144,3217500
4598,139,135,94213,3008,1465279,3467700
4599,155,156,94058,3007,1465435,3215500
4600,146,147,93912,3006,1465582,3329600
4601,141,141,93771,3006,1465723,3299000
4602,155,140,93616,3021,1465863,3402400
4603,143,148,93473,3016,1466011,3375700
4604,143,152,93330,3007,1466163,3384300
4605,152,151,93178,3008,1466314,3241400
4606,162,164,93016,3006,1466478,3438000
4607,162,157,92854,3011,1466635,3229600
4608,149,148,92705,3012,1466783,3478900
4609,153,148,92552,3017,1466931,3343300
4610,134,161,92418,2990,1467092,3475500
4611,155,138,92263,3007,1467230,3316300
4612,151,144,92112,3014,1467374,3444500
4613,155,157,91957,3012,1467531,3444600
4614,155,155,91802,3012,1467686,3296600
4615,140,160,91662,2992,1467846,3330500
4616,134,136,91528,2990,1467982,3555200
4617,157,141,91371,3006,1468123,3421800
4618,140,147,91231,2999,1468270,3320600
4619,145,154,91086,2990,1468424,3609900
4620,174,152,90912,3012,1468576,3298600
4621,143,159,90769,2996,1468735,3534100
4622,156,147,90613,3005,1468882,3363500
4623,157,178,90456,2984,1469060,3292200
4624,142,144,90314,2982,1469204,3347300
4625,156,155,90158,2983,1469359,3267700
4626,132,143,90026,2972,1469502,3589900
4627,157,160,89869,2969,1469662,3391300
4628,139,152,89730,2956,1469814,3360600
4629,158,168,89572,2946,1469982,3411700
4630,142,147,89430,2941,1470129,3486000
4631,150,151,89280,2940,1470280,3384600
4632,138,163,89142,2915,1470443,3446700
4633,169,149,88973,2935,1470592,3351700
4634,163,166,88810,2932,1470758,3392200
4635,130,153,88680,2909,1470911,3230400
4636,135,136,88545,2908,1471047,3354700
4637,141,149,88404,2900,1471196,3476300
4638,149,132,88255,2917,1471328,3337200
4639,136,136,88119,2917,1471464,3407400
4640,136,139,87983,2914,1471603,3153500
4641,134,126,87849,2922,1471729,3408700
4642,147,135,87702,2934,1471864,3239100
4643,155,157,87547,2932,1472021,3386800
4644,142,151,87405,2923,1472172,3316400
4645,134,161,87271,2896,1472333,3505200
4646,134,149,87137,2881,1472482,3592900
4647,125,149,87012,2857,1472631,3628900
4648,146,145,86866,2858,1472776,3530900
4649,110,141,86756,2827,1472917,3549100
4650,123,146,86633,2804,1473063,3337600
4651,136,156,86497,2784,1473219,3415700
4652,124,146,86373,2762,1473365,3353800
4653,135,142,86238,2755,1473507,3769200
4654,142,147,86096,2750,1473654,3389900
4655,125,153,85971,2722,1473807,3454200
4656,115,138,85856,2699,1473945,3317100
4657,124,146,85732,2677,1474091,3458300
4658,113,141,85619,2649,1474232,3404200
4659,120,120,85499,2649,1474352,3460800
4660,147,144,85352,2652,1474496,3369600
4661,112,116,85240,2648,1474612,3471000
4662,134,122,85106,2660,1474734,3376600
4663,140,133,84966,2667,1474867,3468600
4664,123,117,84843,2673,1474984,3437400
4665,145,130,84698,2688,1475114,3423200
4666,134,125,84564,2697,1475239,3594600
4667,145,137,84419,2705,1475376,3534100
4668,139,132,84280,2712,1475508,3464000
4669,130,133,84150,2709,1475641,3419000
4670,125,140,84025,2694,1475781,3446700
4671,137,134,83888,2697,1475915,3801600
4672,117,140,83771,2674,1476055,3581000
4673,134,142,83637,2666,1476197,3695200
4674,137,134,83500,2669,1476331,3373000
4675,113,155,83387,2627,1476486,3464700
4676,136,119,83251,2644,1476605,3713700
4677,144,134,83107,2654,1476739,3384000
4678,126,147,82981,2633,1476886,3445700
4679,120,135,82861,2618,1477021,3553400
4680,135,147,82726,2606,1477168,3267400
4681,114,138,82612,2582,1477306,3478000
4682,152,126,82460,2608,1477432,3449300
4683,139,118,82321,2629,1477550,3340300
4684,154,132,82167,2651,1477682,3706200
4685,138,159,82029,2630,1477841,3549400
4686,151,140,81878,2641,1477981,3365500
4687,142,128,81736,2655,1478109,3382900
4688,135,128,81601,2662,1478237,3420700
4689,159,134,81442,2687,1478371,3516800
4690,160,132,81282,2715,1478503,3390600
4691,136,134,81146,2717,1478637,3487500
4692,136,133,81010,2720,1478770,3568100
4693,131,159,80879,2692,1478929,3520300
4694,151,125,80728,2718,1479054,3575600
4695,132,130,80596,2720,1479184,3385200
4696,136,140,80460,2716,1479324,3625400
4697,137,138,80323,2715,1479462,3356700
4698,142,151,80181,2706,1479613,3350900
4699,146,134,80035,2718,1479747,3588700
4700,134,134,79901,2718,1479881,3503400
4701,126,124,79775,2720,1480005,3514800
4702,150,125,79625,2745,1480130,3402200
4703,141,134,79484,2752,1480264,3465100
4704,138,112,79346,2778,1480376,3385700
4705,125,140,79221,2763,1480516,3505700
4706,141,138,79080,2766,1480654,3410600
4707,140,131,78940,2775,1480785,3636900
4708,122,142,78818,2755,1480927,3405800
4709,114,141,78704,2728,1481068,3925000
4710,125,132,78579,2721,1481200,3299900
4711,120,129,78459,2712,1481329,3319800
4712,116,130,78343,2698,1481459,3269600
4713,109,140,78234,2667,1481599,3493800
4714,113,152,78121,2628,1481751,3755700
4715,114,114,78007,2628,1481865,3435900
4716,105,128,77902,2605,1481993,3470700
4717,141,121,77761,2625,1482114,3402100
4718,118,137,77643,2606,1482251,3549300
4719,130,123,77513,2613,1482374,3621500
4720,134,123,77379,2624,1482497,3387700
4721,127,117,77252,2634,1482614,3595800
4722,118,139,77134,2613,1482753,3600600
4723,123,146,77011,2590,1482899,3697700
4724,129,161,76882,2558,1483060,3410100
4725,132,129,76750,2561,1483189,3541500
4726,113,125,76637,2549,1483314,3345500
4727,137,136,76500,2550,1483450,3565000
4728,130,124,76370,2556,1483574,3452600
4729,139,122,76231,2573,1483696,3655200
4730,127,125,76104,2575,1483821,3576500
4731,122,116,75982,2581,1483937,3521700
4732,118,131,75864,2568,1484068,3328900
4733,122,131,75742,2559,1484199,3484100
4734,140,141,75602,2558,1484340,3671600
4735,119,111,75483,2566,1484451,3551300
4736,104,128,75379,2542,1484579,3418100
4737,122,126,75257,2538,1484705,3425900
4738,118,121,75139,2535,1484826,3894800
4739,126,134,75013,2527,1484960,3259400
4740,123,103,74890,2547,1485063,3528000
4741,120,130,74770,2537,1485193,3306900
4742,134,136,74636,2535,1485329,3380300
4743,143,125,74493,2553,1485454,3532300
4744,134,128,74359,2559,1485582,3416800
4745,133,126,74226,2566,1485708,3208400
4746,132,124,74094,2574,1485832,3464800
4747,130,118,73964,2586,1485950,3636000
4748,149,131,73815,2604,1486081,3191700
4749,105,113,73710,2596,1486194,3395900
4750,128,131,73582,2593,1486325,3575600
4751,135,118,73447,2610,1486443,3707900
4752,118,148,73329,2580,1486591,3482300
4753,137,139,73192,2578,1486730,3498300
4754,137,129,73055,2586,1486859,3495900
4755,114,146,72941,2554,1487005,3242200
4756,129,131,72812,2552,1487136,3268200
4757,131,117,72681,2566,1487253,3275700
4758,128,122,72553,2572,1487375,3129200
4759,141,122,72412,2591,1487497,3240100
4760,126,130,72286,2587,1487627,3015000
4761,111,135,72175,2563,1487762,3343200
4762,137,128,72038,2572,1487890,3206600
4763,125,124,71913,2573,1488014,3207200
4764,120,126,71793,2567,1488140,3322200
4765,135,127,71658,2575,1488267,3067100
4766,119,114,71539,2580,1488381,3141000
4767,116,144,71423,2552,1488525,3311200
4768,122,145,71301,2529,1488670,3343300
4769,121,150,71180,2500,1488820,3082200
4770,136,125,71044,2511,1488945,3335000
4771,121,134,70923,2498,1489079,3191700
4772,149,123,70774,2524,1489202,3190600
4773,129,127,70645,2526,1489329,3264500
4774,140,131,70505,2535,1489460,3096100
4775,136,109,70369,2562,1489569,3277500
4776,131,124,70238,2569,1489693,3542100
4777,117,138,70121,2548,1489831,3403400
4778,171,126,69950,2593,1489957,3475100
4779,152,137,69798,2608,1490094,3309100
4780,141,134,69657,2615,1490228,3593100
4781,128,141,69529,2602,1490369,3342500
4782,125,121,69404,2606,1490490,3257700
4783,144,135,69260,2615,1490625,3142400
4784,131,138,69129,2608,1490763,3371500
4785,131,140,68998,2599,1490903,3292800
4786,128,116,68870,2611,1491019,3323000
4787,131,143,68739,2599,1491162,3163200
4788,133,145,68606,2587,1491307,3485100
4789,135,147,68471,2575,1491454,3334100
4790,122,114,68349,2583,1491568,3260300
4791,127,119,68222,2591,1491687,3207900
4792,152,148,68070,2595,1491835,3423400
4793,140,128,67930,2607,1491963,3314900
4794,150,147,67780,2610,1492110,3247400
4795,134,129,67646,2615,1492239,3490300
4796,141,133,67505,2623,1492372,3358200
4797,133,138,67372,2618,1492510,3346000
4798,124,125,67248,2617,1492635,3478000
4799,132,126,67116,2623,1492761,3675400
4800,145,141,66971,2627,1492902,3305000
4801,150,129,66821,2648,1493031,3407100
4802,132,135,66689,2645,1493166,3361200
4803,107,131,66582,2621,1493297,3285200
4804,131,129,66451,2623,1493426,3199300
4805,122,108,66329,2637,1493534,3412000
4806,130,125,66199,2642,1493659,3315400
4807,142,128,66057,2656,1493787,3392500
4808,140,148,65917,2648,1493935,3475000
4809,112,134,65805,2626,1494069,3421600
4810,147,124,65658,2649,1494193,3370700
4811,116,137,65542,2628,1494330,3256100
4812,137,129,65405,2636,1494459,3559200
4813,125,121,65280,2640,1494580,3431300
4814,115,121,65165,2634,1494701,3395100
4815,125,128,65040,2631,1494829,3270000
4816,127,120,64913,2638,1494949,3348500
4817,127,136,64786,2629,1495085,3285300
4818,121,129,64665,2621,1495214,3561000
4819,112,129,64553,2604,1495343,3427300
4820,129,118,64424,2615,1495461,3295000
4821,123,117,64301,2621,1495578,3320600
4822,123,126,64178,2618,1495704,3270900
4823,117,144,64061,2591,1495848,3334700
4824,121,117,63940,2595,1495965,3180500
4825,105,132,63835,2568,1496097,3131000
4826,94,97,63741,2565,1496194,3323600
4827,121,138,63620,2548,1496332,3238300
4828,105,126,63515,2527,1496458,3350000
4829,95,137,63420,2485,1496595,3286200
4830,114,123,63306,2476,1496718,3317500
4831,94,111,63212,2459,1496829,3160900
4832,114,108,63098,2465,1496937,3240700
4833,97,124,63001,2438,1497061,3145300
4834,104,116,62897,2426,1497177,3465000
4835,110,113,62787,2423,1497290,3202500
4836,105,130,62682,2398,1497420,3173900
4837,108,128,62574,2378,1497548,3211300
4838,109,117,62465,2370,1497665,3334000
4839,104,118,62361,2356,1497783,3358400
4840,111,117,62250,2350,1497900,3160600
4841,126,111,62124,2365,1498011,3236300
4842,119,115,62005,2369,1498126,3366600
4843,136,113,61869,2392,1498239,3256900
4844,108,112,61761,2388,1498351,3117700
4845,112,125,61649,2375,1498476,3259500
4846,124,138,61525,2361,1498614,3234200
4847,114,107,61411,2368,1498721,3452100
4848,106,129,61305,2345,1498850,3183300
4849,105,133,61200,2317,1498983,3233300
4850,96,106,61104,2307,1499089,3054500
4851,121,124,60983,2304,1499213,3477700
4852,107,102,60876,2309,1499315,3334400
4853,122,109,60754,2322,1499424,3417300
4854,120,131,60634,2311,1499555,3211700
4855,118,137,60516,2292,1499692,3273800
4856,110,111,60406,2291,1499803,3175900
4857,98,118,60308,2271,1499921,3414400
4858,113,130,60195,2254,1500051,3272900
4859,116,127,60079,2243,1500178,3369700
4860,109,91,59970,2261,1500269,3335800
4861,102,121,59868,2242,1500390,3575600
4862,115,92,59753,2265,1500482,3536300
4863,105,124,59648,2246,1500606,3227200
4864,101,117,59547,2230,1500723,3529500
4865,97,111,59450,2216,1500834,3421200
4866,105,94,59345,2227,1500928,3458100
4867,111,104,59234,2234,1501032,3565500
4868,109,111,59125,2232,1501143,3419600
4869,104,118,59021,2218,1501261,3275500
4870,84,114,58937,2188,1501375,3317000
4871,107,113,58830,2182,1501488,3512900
4872,103,103,58727,2182,1501591,3482400
4873,96,93,58631,2185,1501684,3192600
4874,101,115,58530,2171,1501799,3583800
4875,106,117,58424,2160,1501916,3461100
4876,94,124,58330,2130,1502040,3857900
4877,82,104,58248,2108,1502144,3483700
4878,101,95,58147,2114,1502239,3215300
4879,114,120,58033,2108,1502359,3173700
4880,98,107,57935,2099,1502466,3429800
4881,95,125,57840,2069,1502591,3260300
4882,105,107,57735,2067,1502698,3381700
4883,84,103,57651,2048,1502801,3385200
4884,115,96,57536,2067,1502897,3536900
4885,104,114,57432,2057,1503011,3600500
4886,92,100,57340,2049,1503111,3568400
4887,93,101,57247,2041,1503212,3476400
4888,102,111,57145,2032,1503323,3451300
4889,105,106,57040,2031,1503429,3357100
4890,104,91,56936,2044,1503520,3333200
4891,107,102,56829,2049,1503622,3158700
4892,106,109,56723,2046,1503731,3644400
4893,96,100,56627,2042,1503831,3186000
4894,106,107,56521,2041,1503938,3360300
4895,91,108,56430,2024,1504046,3221400
4896,99,86,56331,2037,1504132,3316800
4897,108,97,56223,2048,1504229,3269400
4898,106,111,56117,2043,1504340,3298400
4899,104,105,56013,2042,1504445,3364800
4900,109,91,55904,2060,1504536,3467900
4901,94,102,55810,2052,1504638,3344200
4902,98,109,55712,2041,1504747,3465800
4903,96,92,55616,2045,1504839,3481400
4904,104,96,55512,2053,1504935,3779100
4905,93,99,55419,2047,1505034,3588000
4906,91,110,55328,2028,1505144,3593800
4907,113,94,55215,2047,1505238,3352600
4908,102,96,55113,2053,1505334,3385300
4909,88,100,55025,2041,1505434,3403200
4910,94,117,54931,2018,1505551,3295100
4911,84,105,54847,1997,1505656,3233900
4912,102,95,54745,2004,1505751,3169400
4913,98,96,54647,2006,1505847,3497900
4914,94,101,54553,1999,1505948,3288300
4915,114,98,54439,2015,1506046,3146500
4916,106,91,54333,2030,1506137,3327900
4917,113,97,54220,2046,1506234,3517800
4918,96,112,54124,2030,1506346,3553600
4919,96,95,54028,2031,1506441,3348000
4920,97,117,53931,2011,1506558,3643300
4921,96,102,53835,2005,1506660,3484200
4922,93,90,53742,2008,1506750,3422300
4923,96,110,53646,1994,1506860,3452400
4924,91,104,53555,1981,1506964,3542500
4925,86,104,53469,1963,1507068,3494100
4926,105,84,53364,1984,1507152,3555500
4927,90,85,53274,1989,1507237,3741100
4928,99,90,53175,1998,1507327,3471000
4929,111,84,53064,2025,1507411,3863300
4930,108,90,52956,2043,1507501,3436000
4931,102,96,52854,2049,1507597,3302800
4932,101,91,52753,2059,1507688,3520300
4933,102,101,52651,2060,1507789,3554800
4934,106,100,52545,2066,1507889,3529200
4935,104,98,52441,2072,1507987,3493700
4936,87,111,52354,2048,1508098,3643100
4937,82,100,52272,2030,1508198,3518800
4938,102,87,52170,2045,1508285,3311900
4939,98,112,52072,2031,1508397,3374200
4940,93,99,51979,2025,1508496,3560600
4941,95,107,51884,2013,1508603,3472800
4942,88,95,51796,2006,1508698,3594400
4943,98,96,51698,2008,1508794,3606000
4944,97,113,51601,1992,1508907,3670800
4945,92,91,51509,1993,1508998,3692100
4946,90,103,51419,1980,1509101,3690300
4947,81,103,51338,1958,1509204,3714900
4948,86,93,51252,1951,1509297,3652300
4949,89,101,51163,1939,1509398,3538200
4950,93,91,51070,1941,1509489,3652700
4951,87,89,50983,1939,1509578,3942900
4952,91,92,50892,1938,1509670,3521800
4953,97,101,50795,1934,1509771,3341500
4954,98,116,50697,1916,1509887,3624900
4955,79,108,50618,1887,1509995,3753400
4956,81,106,50537,1862,1510101,3354600
4957,93,87,50444,1868,1510188,3371100
4958,89,89,50355,1868,1510277,3502500
4959,101,74,50254,1895,1510351,3514400
4960,96,110,50158,1881,1510461,3535400
4961,90,90,50068,1881,1510551,3280600
4962,92,106,49976,1867,1510657,3454400
4963,77,102,49899,1842,1510759,3331100
4964,87,84,49812,1845,1510843,3341300
4965,86,92,49726,1839,1510935,3281300
4966,84,99,49642,1824,1511034,3433300
4967,96,97,49546,1823,1511131,3536000
4968,78,87,49468,1814,1511218,3320100
4969,80,108,49388,1786,1511326,3503000
4970,78,65,49310,1799,1511391,3557800
4971,85,90,49225,1794,1511481,3435700
4972,88,83,49137,1799,1511564,3266700
4973,90,83,49047,1806,1511647,3277300
4974,85,91,48962,1800,1511738,3506000
4975,80,76,48882,1804,1511814,3639500
4976,90,87,48792,1807,1511901,3370400
4977,99,94,48693,1812,1511995,3367100
4978,81,86,48612,1807,1512081,3267600
4979,88,88,48524,1807,1512169,3487900
4980,65,78,48459,1794,1512247,3251700
4981,71,90,48388,1775,1512337,3216500
4982,88,100,48300,1763,1512437,3189800
4983,79,91,48221,1751,1512528,3307200
4984,87,88,48134,1750,1512616,3313700
4985,82,78,48052,1754,1512694,3254000
4986,87,102,47965,1739,1512796,3284400
4987,73,88,47892,1724,1512884,3207400
4988,86,76,47806,1734,1512960,3286500
4989,79,82,47727,1731,1513042,3119300
4990,91,100,47636,1722,1513142,3228300
4991,65,86,47571,1701,1513228,3343200
4992,89,94,47482,1696,1513322,3321000
4993,76,73,47406,1699,1513395,3259100
4994,78,85,47328,1692,1513480,3263900
4995,74,86,47254,1680,1513566,3283200
4996,81,94,47173,1667,1513660,3477300
4997,84,100,47089,1651,1513760,3751200
4998,68,69,47021,1650,1513829,3702400
4999,75,80,46946,1645,1513909,3715600
5000,77,77,46869,1645,1513986,3418200
5001,87,76,46782,1656,1514062,3235200
5002,94,69,46688,1681,1514131,3401500
5003,72,68,46616,1685,1514199,3390500
5004,80,75,46536,1690,1514274,3404500
5005,86,90,46450,1686,1514364,3193600
5006,78,82,46372,1682,1514446,3370300
5007,74,78,46298,1678,1514524,3296300
5008,83,82,46215,1679,1514606,3472700
5009,74,88,46141,1665,1514694,3289400
5010,94,84,46047,1675,1514778,3149700
5011,88,95,45959,1668,1514873,3170500
5012,86,86,45873,1668,1514959,3677200
5013,70,97,45803,1641,1515056,3157000
5014,81,94,45722,1628,1515150,3409700
5015,80,65,45642,1643,1515215,3242800
5016,80,77,45562,1646,1515292,3322900
5017,76,75,45486,1647,1515367,3177400
5018,69,82,45417,1634,1515449,3304600
5019,75,103,45342,1606,1515552,3018900
5020,60,93,45282,1573,1515645,3462100
5021,64,70,45218,1567,1515715,3242900
5022,63,64,45155,1566,1515779,3245700
5023,65,80,45090,1551,1515859,3231200
5024,78,89,45012,1540,1515948,3451800
5025,68,79,44944,1529,1516027,3092700
5026,78,64,44866,1543,1516091,3464400
5027,70,76,44796,1537,1516167,3281700
5028,89,90,44707,1536,1516257,3642300
5029,64,61,44643,1539,1516318,3467800
5030,73,73,44570,1539,1516391,3200100
5031,72,74,44498,1537,1516465,3161900
5032,67,63,44431,1541,1516528,3356100
5033,66,86,44365,1521,1516614,3218000
5034,70,79,44295,1512,1516693,3070900
5035,73,79,44222,1506,1516772,3138500
5036,78,81,44144,1503,1516853,3401300
5037,66,68,44078,1501,1516921,3214500
5038,76,77,44002,1500,1516998,3177800
5039,68,85,43934,1483,1517083,3009400
5040,83,72,43851,1494,1517155,3252700
5041,73,73,43778,1494,1517228,3271400
5042,81,74,43697,1501,1517302,3451500
5043,81,68,43616,1514,1517370,3429500
5044,75,78,43541,1511,1517448,3309500
5045,72,67,43469,1516,1517515,3213200
5046,81,86,43388,1511,1517601,3435200
5047,87,77,43301,1521,1517678,3288000
5048,70,71,43231,1520,1517749,3415800
5049,69,69,43162,1520,1517818,3074700
5050,84,91,43078,1513,1517909,3145400
5051,89,80,42989,1522,1517989,3087800
5052,68,69,42921,1521,1518058,3366100
5053,78,62,42843,1537,1518120,3360800
5054,60,66,42783,1531,1518186,3182600
5055,78,67,42705,1542,1518253,3463900
5056,73,87,42632,1528,1518340,3246900
5057,70,69,42562,1529,1518409,3312700
5058,70,64,42492,1535,1518473,3368300
5059,65,80,42427,1520,1518553,3263900
5060,63,72,42364,1511,1518625,3523900
5061,85,81,42279,1515,1518706,3613600
5062,62,81,42217,1496,1518787,3457700
5063,52,88,42165,1460,1518875,3276200
5064,70,80,42095,1450,1518955,3125300
5065,66,76,42029,1440,1519031,3215500
5066,68,79,41961,1429,1519110,3321900
5067,70,68,41891,1431,1519178,3079800
5068,64,83,41827,1412,1519261,3205800
5069,66,69,41761,1409,1519330,3220100
5070,64,58,41697,1415,1519388,3187000
5071,74,67,41623,1422,1519455,3297300
5072,64,76,41559,1410,1519531,3113400
5073,53,73,41506,1390,1519604,3441200
5074,60,61,41446,1389,1519665,3208100
5075,67,70,41379,1386,1519735,3131300
5076,67,72,41312,1381,1519807,3558200
5077,61,70,41251,1372,1519877,3436400
5078,62,56,41189,1378,1519933,3276800
5079,60,63,41129,1375,1519996,3233300
5080,70,72,41059,1373,1520068,3244100
5081,65,69,40994,1369,1520137,3104500
5082,74,68,40920,1375,1520205,3273900
5083,61,54,40859,1382,1520259,3389800
5084,58,69,40801,1371,1520328,3021100
5085,71,64,40730,1378,1520392,3344100
5086,60,59,40670,1379,1520451,3094400
5087,49,59,40621,1369,1520510,3318400
5088,64,65,40557,1368,1520575,2972600
5089,58,64,40499,1362,1520639,3566900
5090,55,63,40444,1354,1520702,3375300
5091,65,67,40379,1352,1520769,3509200
5092,60,62,40319,1350,1520831,3171900
5093,67,62,40252,1355,1520893,3242300
5094,61,84,40191,1332,1520977,3554300
5095,60,54,40131,1338,1521031,3092300
5096,66,62,40065,1342,1521093,3114500
5097,60,77,40005,1325,1521170,3580700
5098,69,56,39936,1338,1521226,3128200
5099,72,76,39864,1334,1521302,3493300
5100,70,75,39794,1329,1521377,3110100
5101,61,62,39733,1328,1521439,3486400
5102,66,68,39667,1326,1521507,3684400
5103,63,76,39604,1313,1521583,3269200
5104,52,78,39552,1287,1521661,3192400
5105,49,54,39503,1282,1521715,3297200
5106,57,79,39446,1260,1521794,3563000
5107,55,68,39391,1247,1521862,3432900
5108,59,69,39332,1237,1521931,3245000
5109,61,72,39271,1226,1522003,3164800
5110,50,59,39221,1217,1522062,3283900
5111,50,68,39171,1199,1522130,3332600
5112,61,70,39110,1190,1522200,3399500
5113,51,74,39059,1167,1522274,3513500
5114,54,47,39005,1174,1522321,3334700
5115,68,59,38937,1183,1522380,3111800
5116,48,64,38889,1167,1522444,3385100
5117,61,58,38828,1170,1522502,3314000
5118,50,62,38778,1158,1522564,3283300
5119,57,67,38721,1148,1522631,3264200
5120,50,50,38671,1148,1522681,3244300
5121,67,56,38604,1159,1522737,3431700
5122,51,69,38553,1141,1522806,6610000
5123,59,62,38494,1138,1522868,5828100
5124,51,65,38443,1124,1522933,4982500
5125,49,54,38394,1119,1522987,3717600
5126,63,59,38331,1123,1523046,3637600
5127,56,58,38275,1121,1523104,3710100
5128,61,57,38214,1125,1523161,4244700
5129,63,56,38151,1132,1523217,3922400
5130,61,59,38090,1134,1523276,6814200
5131,49,51,38041,1132,1523327,5101500
5132,53,69,37988,1116,1523396,4282300
5133,53,42,37935,1127,1523438,4125900
5134,51,58,37884,1120,1523496,3750200
5135,48,58,37836,1110,1523554,3559700
5136,47,59,37789,1098,1523613,3373100
5137,56,64,37733,1090,1523677,3419500
5138,49,55,37684,1084,1523732,3654600
5139,51,38,37633,1097,1523770,3614600
5140,46,49,37587,1094,1523819,4008000
5141,64,51,37523,1107,1523870,3915300
5142,46,50,37477,1103,1523920,3956800
5143,68,56,37409,1115,1523976,3367200
5144,59,58,37350,1116,1524034,3393200
5145,50,58,37300,1108,1524092,3309900
5146,61,59,37239,1110,1524151,3418600
5147,49,67,37190,1092,1524218,3414400
5148,55,60,37135,1087,1524278,3334100
5149,52,54,37083,1085,1524332,3346000
5150,48,60,37035,1073,1524392,3265000
5151,48,55,36987,1066,1524447,3296000
5152,59,53,36928,1072,1524500,3233000
5153,50,59,36878,1063,1524559,3392200
5154,59,57,36819,1065,1524616,3342400
5155,75,56,36744,1084,1524672,3288200
5156,66,53,36678,1097,1524725,3225500
5157,67,58,36611,1106,1524783,3221000
5158,54,57,36557,1103,1524840,3404200
5159,56,49,36501,1110,1524889,3479200
5160,55,61,36446,1104,1524950,3693400
5161,52,51,36394,1105,1525001,3487300
5162,54,64,36340,1095,1525065,3303600
5163,58,54,36282,1099,1525119,3379000
5164,55,48,36227,1106,1525167,3268200
5165,50,50,36177,1106,1525217,3172800
5166,47,61,36130,1092,1525278,3364700
5167,47,61,36083,1078,1525339,3211300
5168,50,50,36033,1078,1525389,3171300
5169,52,53,35981,1077,1525442,3417900
5170,50,60,35931,1067,1525502,3693300
5171,53,50,35878,1070,1525552,3504200
5172,30,52,35848,1048,1525604,3365700
5173,59,57,35789,1050,1525661,3605500
5174,50,51,35739,1049,1525712,3191800
5175,47,55,35692,1041,1525767,3255300
5176,47,49,35645,1039,1525816,3629700
5177,42,44,35603,1037,1525860,3480100
5178,47,53,35556,1031,1525913,3286100
5179,45,66,35511,1010,1525979,3333400
5180,53,53,35458,1010,1526032,3387600
5181,61,50,35397,1021,1526082,3153400
5182,44,48,35353,1017,1526130,3333200
5183,57,54,35296,1020,1526184,3428200
5184,55,46,35241,1029,1526230,3762700
5185,58,43,35183,1044,1526273,3516000
5186,47,68,35136,1023,1526341,3548800
5187,49,43,35087,1029,1526384,3157500
5188,48,53,35039,1024,1526437,3316300
5189,48,51,34991,1021,1526488,3365900
5190,53,52,34938,1022,1526540,3482000
5191,49,55,34889,1016,1526595,3635000
5192,54,56,34835,1014,1526651,3415400
5193,48,39,34787,1023,1526690,3230400
5194,55,50,34732,1028,1526740,3303100
5195,52,48,34680,1032,1526788,3445300
5196,56,40,34624,1048,1526828,3440300
5197,52,50,34572,1050,1526878,3228700
5198,57,54,34515,1053,1526932,3100700
5199,56,52,34459,1057,1526984,3243000
5200,59,51,34400,1065,1527035,3019600
5201,57,49,34343,1073,1527084,3140700
5202,61,52,34282,1082,1527136,3462500
5203,61,46,34221,1097,1527182,3597200
5204,58,51,34163,1104,1527233,3300400
5205,51,65,34112,1090,1527298,3325100
5206,53,60,34059,1083,1527358,3279300
5207,41,64,34018,1060,1527422,3268900
5208,60,66,33958,1054,1527488,3037400
5209,56,51,33902,1059,1527539,3087400
5210,56,58,33846,1057,1527597,3464900
5211,54,43,33792,1068,1527640,3503000
5212,58,58,33734,1068,1527698,3333900
5213,49,56,33685,1061,1527754,3254300
5214,58,40,33627,1079,1527794,3295200
5215,61,45,33566,1095,1527839,3274600
5216,63,60,33503,1098,1527899,3172000
5217,59,56,33444,1101,1527955,3248900
5218,65,59,33379,1107,1528014,3714900
5219,71,58,33308,1120,1528072,3298300
5220,66,64,33242,1122,1528136,3866900
5221,67,65,33175,1124,1528201,3216600
5222,58,55,33117,1127,1528256,3496400
5223,58,48,33059,1137,1528304,3614700
5224,43,53,33016,1127,1528357,3547900
5225,59,62,32957,1124,1528419,3419300
5226,34,57,32923,1101,1528476,3428700
5227,57,62,32866,1096,1528538,3421400
5228,52,50,32814,1098,1528588,3342900
5229,57,55,32757,1100,1528643,3337000
5230,68,61,32689,1107,1528704,3593100
5231,38,64,32651,1081,1528768,3400300
5232,45,49,32606,1077,1528817,3455000
5233,53,45,32553,1085,1528862,3441900
5234,62,44,32491,1103,1528906,3605600
5235,48,59,32443,1092,1528965,3322800
5236,42,48,32401,1086,1529013,3123900
5237,48,55,32353,1079,1529068,3528000
5238,38,58,32315,1059,1529126,3272000
5239,38,40,32277,1057,1529166,3341200
5240,32,49,32245,1040,1529215,3240900
5241,45,57,32200,1028,1529272,3199500
5242,38,57,32162,1009,1529329,3210600
5243,33,51,32129,991,1529380,3205200
5244,32,50,32097,973,1529430,3296200
5245,37,55,32060,955,1529485,3282300
5246,40,29,32020,966,1529514,3327900
5247,56,53,31964,969,1529567,3319700
5248,35,52,31929,952,1529619,3185200
5249,46,57,31883,941,1529676,3303300
5250,34,34,31849,941,1529710,3383800
5251,37,60,31812,918,1529770,3182300
5252,46,44,31766,920,1529814,2853700
5253,36,44,31730,912,1529858,3141800
5254,30,45,31700,897,1529903,3257400
5255,45,38,31655,904,1529941,3267700
5256,33,45,31622,892,1529986,3471400
5257,31,50,31591,873,1530036,3225700
5258,34,40,31557,867,1530076,3102300
5259,35,38,31522,864,1530114,3484000
5260,50,35,31472,879,1530149,3108800
5261,39,51,31433,867,1530200,3619000
5262,43,37,31390,873,1530237,3690800
5263,31,31,31359,873,1530268,3720100
5264,39,51,31320,861,1530319,3491900
5265,55,39,31265,877,1530358,3650700
5266,33,37,31232,873,1530395,3419200
5267,33,36,31199,870,1530431,3401900
5268,42,38,31157,874,1530469,3239700
5269,42,32,31115,884,1530501,3238500
5270,51,40,31064,895,1530541,3272900
5271,34,46,31030,883,1530587,3209300
5272,43,30,30987,896,1530617,3341300
5273,50,42,30937,904,1530659,3624900
5274,40,47,30897,897,1530706,3442300
5275,44,44,30853,897,1530750,3280900
5276,51,43,30802,905,1530793,3222900
5277,34,44,30768,895,1530837,3634900
5278,30,35,30738,890,1530872,3447400
5279,41,42,30697,889,1530914,3172300
5280,33,58,30664,864,1530972,3376600
5281,44,48,30620,860,1531020,3676200
5282,29,42,30591,847,1531062,3357400
5283,45,49,30546,843,1531111,3305600
5284,32,43,30514,832,1531154,3235900
5285,32,48,30482,816,1531202,3248800
5286,32,45,30450,803,1531247,3254100
5287,23,31,30427,795,1531278,3303300
5288,41,33,30386,803,1531311,3497200
5289,31,37,30355,797,1531348,3494200
5290,34,34,30321,797,1531382,3246000
5291,38,32,30283,803,1531414,3346700
5292,36,41,30247,798,1531455,3369700
5293,37,48,30210,787,1531503,3326200
5294,34,39,30176,782,1531542,3167400
5295,25,50,30151,757,1531592,3189200
5296,39,40,30112,756,1531632,3117900
5297,32,29,30080,759,1531661,3315800
5298,28,34,30052,753,1531695,3327500
5299,27,32,30025,748,1531727,3297700
5300,22,37,30003,733,1531764,3325400
5301,24,38,29979,719,1531802,3865900
5302,26,34,29953,711,1531836,3646600
5303,23,32,29930,702,1531868,3490600
5304,16,26,29914,692,1531894,3356900
5305,24,34,29890,682,1531928,3835100
5306,37,29,29853,690,1531957,3816800
5307,26,30,29827,686,1531987,3494100
5308,28,44,29799,670,1532031,3821700
5309,28,25,29771,673,1532056,3678800
5310,30,37,29741,666,1532093,3672400
5311,28,28,29713,666,1532121,3606700
5312,24,40,29689,650,1532161,3490200
5313,27,25,29662,652,1532186,4281300
5314,26,37,29636,641,1532223,4018500
5315,37,29,29599,649,1532252,3344400
5316,18,42,29581,625,1532294,3518100
5317,37,34,29544,628,1532328,3358300
5318,29,31,29515,626,1532359,3349000
5319,27,33,29488,620,1532392,3670500
5320,33,39,29455,614,1532431,3222700
5321,25,21,29430,618,1532452,3153700
5322,25,29,29405,614,1532481,3328700
5323,32,27,29373,619,1532508,4133900
5324,34,29,29339,624,1532537,3593300
5325,39,39,29300,624,1532576,3517000
5326,44,35,29256,633,1532611,3602700
5327,24,32,29232,625,1532643,3900000
5328,32,32,29200,625,1532675,3626700
5329,35,33,29165,627,1532708,3574900
5330,37,34,29128,630,1532742,3467500
5331,32,28,29096,634,1532770,3608700
5332,28,29,29068,633,1532799,3409900
5333,28,28,29040,633,1532827,4188500
5334,28,30,29012,631,1532857,13507600
5335,25,33,28987,623,1532890,4032300
5336,30,30,28957,623,1532920,3582100
5337,43,27,28914,639,1532947,3522500
5338,31,40,28883,630,1532987,3306300
5339,31,32,28852,629,1533019,3802600
5340,27,27,28825,629,1533046,3290500
5341,31,34,28794,626,1533080,3460500
5342,32,29,28762,629,1533109,3357700
5343,30,33,28732,626,1533142,3427300
5344,36,32,28696,630,1533174,3407700
5345,28,34,28668,624,1533208,3274000
5346,27,39,28641,612,1533247,3288800
5347,34,33,28607,613,1533280,3354700
5348,26,25,28581,614,1533305,3244200
5349,26,31,28555,609,1533336,3314900
5350,30,49,28525,590,1533385,3141900
5351,22,30,28503,582,1533415,3304900
5352,33,33,28470,582,1533448,3111200
5353,31,30,28439,583,1533478,3378700
5354,26,26,28413,583,1533504,3263100
5355,29,31,28384,581,1533535,3461700
5356,25,30,28359,576,1533565,3205600
5357,29,28,28330,577,1533593,3143800
5358,25,27,28305,575,1533620,3164700
5359,21,30,28284,566,1533650,3584100
5360,30,16,28254,580,1533666,3153400
5361,24,31,28230,573,1533697,3164500
5362,39,38,28191,574,1533735,3138700
5363,22,36,28169,560,1533771,3570600
5364,26,32,28143,554,1533803,3225000
5365,21,28,28122,547,1533831,3721900
5366,23,34,28099,536,1533865,3451200
5367,27,24,28072,539,1533889,3762000
5368,22,22,28050,539,1533911,3243400
5369,27,37,28023,529,1533948,3100800
5370,27,23,27996,533,1533971,3279700
5371,25,28,27971,530,1533999,3422500
5372,19,27,27952,522,1534026,3196300
5373,28,36,27924,514,1534062,3264800
5374,24,22,27900,516,1534084,3274800
5375,14,22,27886,508,1534106,3364000
5376,14,29,27872,493,1534135,3417500
5377,21,32,27851,482,1534167,3386700
5378,26,19,27825,489,1534186,3391100
5379,18,22,27807,485,1534208,3348700
5380,23,26,27784,482,1534234,3510200
5381,19,23,27765,478,1534257,3172000
5382,20,23,27745,475,1534280,3100700
5383,28,17,27717,486,1534297,3641300
5384,34,16,27683,504,1534313,3454700
5385,26,31,27657,499,1534344,3242100
5386,17,19,27640,497,1534363,3388400
5387,20,19,27620,498,1534382,3158300
5388,20,24,27600,494,1534406,3110200
5389,16,27,27584,483,1534433,3216900
5390,25,29,27559,479,1534462,3250300
5391,35,27,27524,487,1534489,3248800
5392,21,16,27503,492,1534505,3375000
5393,23,14,27480,501,1534519,3164100
5394,18,20,27462,499,1534539,3019000
5395,27,19,27435,507,1534558,3677900
5396,29,22,27406,514,1534580,3293500
5397,17,24,27389,507,1534604,2947400
5398,28,28,27361,507,1534632,3410900
5399,22,26,27339,503,1534658,3169800
5400,26,19,27313,510,1534677,3476400
5401,19,24,27294,505,1534701,3102600
5402,23,24,27271,504,1534725,3715000
5403,30,25,27241,509,1534750,3167600
5404,30,35,27211,504,1534785,3362400
5405,27,20,27184,511,1534805,3093400
5406,23,24,27161,510,1534829,3392000
5407,24,27,27137,507,1534856,3385300
5408,19,23,27118,503,1534879,3258200
5409,29,16,27089,516,1534895,3048800
5410,27,24,27062,519,1534919,3317400
5411,31,20,27031,530,1534939,3294100
5412,30,25,27001,535,1534964,3170600
5413,26,35,26975,526,1534999,3454900
5414,25,30,26950,521,1535029,3234000
5415,23,24,26927,520,1535053,3284400
5416,27,20,26900,527,1535073,3444300
5417,26,32,26874,521,1535105,3929700
5418,16,25,26858,512,1535130,3162600
5419,27,28,26831,511,1535158,2869700
5420,21,33,26810,499,1535191,2949300
5421,26,15,26784,510,1535206,2828300
5422,29,28,26755,511,1535234,2924100
5423,17,15,26738,513,1535249,3354200
5424,19,29,26719,503,1535278,2993100
5425,12,28,26707,487,1535306,3227900
5426,18,29,26689,476,1535335,3024300
5427,25,31,26664,470,1535366,3288000
5428,23,22,26641,471,1535388,3089300
5429,20,24,26621,467,1535412,3097000
5430,15,25,26606,457,1535437,3447800
5431,19,25,26587,451,1535462,3025700
5432,22,28,26565,445,1535490,3137800
5433,32,27,26533,450,1535517,3249500
5434,18,10,26515,458,1535527,3383600
5435,20,17,26495,461,1535544,3181900
5436,20,30,26475,451,1535574,3152200
5437,18,17,26457,452,1535591,3449300
5438,19,11,26438,460,1535602,3356400
5439,28,18,26410,470,1535620,3155800
5440,19,26,26391,463,1535646,3091100
5441,23,15,26368,471,1535661,3252400
5442,19,22,26349,468,1535683,3235000
5443,23,26,26326,465,1535709,3272600
5444,21,23,26305,463,1535732,3307300
5445,17,24,26288,456,1535756,3237000
5446,29,29,26259,456,1535785,3422100
5447,23,15,26236,464,1535800,3166200
5448,34,28,26202,470,1535828,2974000
5449,21,18,26181,473,1535846,3459200
5450,19,21,26162,471,1535867,3026400
5451,21,20,26141,472,1535887,3558100
5452,31,32,26110,471,1535919,3093500
5453,24,21,26086,474,1535940,2973400
5454,21,34,26065,461,1535974,3273400
5455,20,23,26045,458,1535997,3254600
5456,23,15,26022,466,1536012,3158200
5457,17,22,26005,461,1536034,3232400
5458,25,21,25980,465,1536055,3640300
5459,15,33,25965,447,1536088,3426700
5460,22,20,25943,449,1536108,3533200
5461,21,24,25922,446,1536132,3241100
5462,27,19,25895,454,1536151,3178800
5463,18,15,25877,457,1536166,3267100
5464,11,28,25866,440,1536194,3411500
5465,13,22,25853,431,1536216,3300500
5466,14,22,25839,423,1536238,3239200
5467,17,16,25822,424,1536254,3236700
5468,10,21,25812,413,1536275,3265500
5469,17,17,25795,413,1536292,3428500
5470,16,21,25779,408,1536313,3429800
5471,15,22,25764,401,1536335,3272000
5472,17,21,25747,397,1536356,2994000
5473,15,13,25732,399,1536369,3123600
5474,16,19,25716,396,1536388,3625300
5475,11,18,25705,389,1536406,3251300
5476,23,17,25682,395,1536423,3298100
5477,15,19,25667,391,1536442,3231100
5478,19,9,25648,401,1536451,3121300
5479,13,20,25635,394,1536471,3127100
5480,9,13,25626,390,1536484,3702900
5481,10,20,25616,380,1536504,3010800
5482,15,25,25601,370,1536529,3102200
5483,9,22,25592,357,1536551,3093200
5484,10,18,25582,349,1536569,3211600
5485,13,13,25569,349,1536582,3755800
5486,11,14,25558,346,1536596,3162100
5487,15,13,25543,348,1536609,3514300
5488,9,10,25534,347,1536619,3174500
5489,10,13,25524,344,1536632,3424500
5490,14,20,25510,338,1536652,3108100
5491,17,14,25493,341,1536666,3312500
5492,15,21,25478,335,1536687,3251500
5493,15,16,25463,334,1536703,3153700
5494,15,23,25448,326,1536726,3211100
5495,10,16,25438,320,1536742,3588100
5496,12,12,25426,320,1536754,3233400
5497,14,17,25412,317,1536771,3167100
5498,17,17,25395,317,1536788,2907500
5499,17,21,25378,313,1536809,3107000
5500,21,11,25357,323,1536820,3132800
5501,15,19,25342,319,1536839,3046500
5502,11,11,25331,319,1536850,3012400
5503,13,17,25318,315,1536867,3518900
5504,19,17,25299,317,1536884,3115500
5505,11,14,25288,314,1536898,3327300
5506,14,17,25274,311,1536915,3258200
5507,6,17,25268,300,1536932,3202900
5508,10,12,25258,298,1536944,3144200
5509,18,11,25240,305,1536955,3036500
5510,8,14,25232,299,1536969,3010100
5511,14,11,25218,302,1536980,3033100
5512,13,10,25205,305,1536990,3335500
5513,17,19,25188,303,1537009,3041600
5514,9,15,25179,297,1537024,3229300
5515,14,12,25165,299,1537036,3362700
5516,10,16,25155,293,1537052,3162900
5517,13,13,25142,293,1537065,3505700
5518,14,10,25128,297,1537075,3264400
5519,9,16,25119,290,1537091,3201500
5520,16,13,25103,293,1537104,3223800
5521,12,9,25091,296,1537113,3050600
5522,11,13,25080,294,1537126,2946100
5523,11,12,25069,293,1537138,2984400
5524,13,18,25056,288,1537156,3177200
5525,8,15,25048,281,1537171,3294100
5526,14,13,25034,282,1537184,3197000
5527,19,8,25015,293,1537192,3139200
5528,12,16,25003,289,1537208,3029700
5529,12,15,24991,286,1537223,3204700
5530,13,13,24978,286,1537236,3385400
5531,12,22,24966,276,1537258,3441200
5532,10,8,24956,278,1537266,3076100
5533,11,14,24945,275,1537280,3123700
5534,11,16,24934,270,1537296,2811500
5535,19,19,24915,270,1537315,3129100
5536,20,20,24895,270,1537335,3193000
5537,13,13,24882,270,1537348,3341800
5538,14,14,24868,270,1537362,3212200
5539,15,16,24853,269,1537378,3015500
5540,19,11,24834,277,1537389,3348200
5541,10,12,24824,275,1537401,3009900
5542,18,12,24806,281,1537413,3128000
5543,10,13,24796,278,1537426,3278400
5544,12,4,24784,286,1537430,3199600
5545,9,16,24775,279,1537446,3333500
5546,11,13,24764,277,1537459,3201100
5547,15,13,24749,279,1537472,3205100
5548,15,13,24734,281,1537485,3184800
5549,19,11,24715,289,1537496,3094400
5550,20,21,24695,288,1537517,3354000
5551,15,13,24680,290,1537530,3109300
5552,11,13,24669,288,1537543,3172100
5553,14,20,24655,282,1537563,3423200
5554,11,13,24644,280,1537576,3244700
5555,15,7,24629,288,1537583,3540400
5556,15,7,24614,296,1537590,3703100
5557,18,14,24596,300,1537604,3208200
5558,12,14,24584,298,1537618,3014200
5559,7,10,24577,295,1537628,3064500
5560,12,10,24565,297,1537638,2978300
5561,7,13,24558,291,1537651,3037400
5562,16,17,24542,290,1537668,3075000
5563,9,15,24533,284,1537683,3194800
5564,11,12,24522,283,1537695,3259300
5565,15,14,24507,284,1537709,3384900
5566,14,10,24493,288,1537719,3272900
5567,17,17,24476,288,1537736,3228400
5568,5,11,24471,282,1537747,3457000
5569,15,14,24456,283,1537761,3443100
5570,10,9,24446,284,1537770,3369700
5571,12,9,24434,287,1537779,3230000
5572,11,13,24423,285,1537792,3273000
5573,10,12,24413,283,1537804,3241300
5574,11,19,24402,275,1537823,3411500
5575,10,15,24392,270,1537838,3357600
5576,13,6,24379,277,1537844,3512900
5577,10,15,24369,272,1537859,3317000
5578,15,11,24354,276,1537870,3228900
5579,8,13,24346,271,1537883,3455500
5580,6,8,24340,269,1537891,3014900
5581,14,16,24326,267,1537907,3247400
5582,14,14,24312,267,1537921,3003900
5583,8,9,24304,266,1537930,3107600
5584,6,15,24298,257,1537945,3102100
5585,13,14,24285,256,1537959,3142700
5586,14,14,24271,256,1537973,3322000
5587,8,10,24263,254,1537983,3403700
5588,11,16,24252,249,1537999,3115600
5589,9,7,24243,251,1538006,3189000
5590,13,15,24230,249,1538021,2944000
5591,6,12,24224,243,1538033,3609000
5592,7,13,24217,237,1538046,3313500
5593,11,18,24206,230,1538064,3094500
5594,8,10,24198,228,1538074,3155800
5595,14,12,24184,230,1538086,3384600
5596,6,14,24178,222,1538100,3254300
5597,12,10,24166,224,1538110,3223300
5598,8,10,24158,222,1538120,3371800
5599,5,4,24153,223,1538124,3201800
5600,12,6,24141,229,1538130,3364600
5601,12,16,24129,225,1538146,3128000
5602,13,7,24116,231,1538153,3256500
5603,14,14,24102,231,1538167,3410800
5604,8,9,24094,230,1538176,3260500
5605,11,9,24083,232,1538185,3405000
5606,10,9,24073,233,1538194,3010700
5607,9,11,24064,231,1538205,2956400
5608,4,12,24060,223,1538217,3352500
5609,8,16,24052,215,1538233,3509500
5610,7,14,24045,208,1538247,3141900
5611,13,6,24032,215,1538253,3448100
5612,10,12,24022,213,1538265,3185200
5613,10,6,24012,217,1538271,3264000
5614,9,7,24003,219,1538278,3631600
5615,12,10,23991,221,1538288,3254400
5616,10,16,23981,215,1538304,3359600
5617,11,10,23970,216,1538314,3090700
5618,12,11,23958,217,1538325,3137000
5619,8,7,23950,218,1538332,3142000
5620,10,10,23940,218,1538342,3577000
5621,13,9,23927,222,1538351,3307500
5622,11,10,23916,223,1538361,3272800
5623,13,10,23903,226,1538371,3154700
5624,7,15,23896,218,1538386,3316000
5625,4,10,23892,212,1538396,3581100
5626,10,12,23882,210,1538408,3040400
5627,9,13,23873,206,1538421,3048400
5628,10,6,23863,210,1538427,3259200
5629,4,4,23859,210,1538431,3342800
5630,6,9,23853,207,1538440,3366500
5631,6,5,23847,208,1538445,3568300
5632,7,12,23840,203,1538457,3204000
5633,7,11,23833,199,1538468,2970400
5634,6,10,23827,195,1538478,3471200
5635,8,9,23819,194,1538487,3476600
5636,5,18,23814,181,1538505,3171000
5637,8,13,23806,176,1538518,3106800
5638,6,4,23800,178,1538522,3483700
5639,6,10,23794,174,1538532,3329000
5640,7,11,23787,170,1538543,2939500
5641,4,8,23783,166,1538551,3100500
5642,1,9,23782,158,1538560,3050800
5643,3,8,23779,153,1538568,3148300
5644,5,6,23774,152,1538574,3190500
5645,3,4,23771,151,1538578,3103400
5646,1,10,23770,142,1538588,3056300
5647,8,6,23762,144,1538594,3064100
5648,5,6,23757,143,1538600,3024600
5649,6,7,23751,142,1538607,3617000
5650,7,4,23744,145,1538611,3386700
5651,3,8,23741,140,1538619,3289400
5652,5,7,23736,138,1538626,3476800
5653,4,10,23732,132,1538636,3391200
5654,3,7,23729,128,1538643,3197700
5655,10,8,23719,130,1538651,3294200
5656,5,10,23714,125,1538661,3267200
5657,8,9,23706,124,1538670,3222700
5658,6,5,23700,125,1538675,3347300
5659,5,5,23695,125,1538680,3582700
5660,6,5,23689,126,1538685,3111900
5661,6,7,23683,125,1538692,3258700
5662,7,4,23676,128,1538696,3321800
5663,12,8,23664,132,1538704,3023200
5664,4,7,23660,129,1538711,3380200
5665,5,8,23655,126,1538719,3014900
5666,9,11,23646,124,1538730,3447800
5667,7,4,23639,127,1538734,3219100
5668,4,4,23635,127,1538738,3055800
5669,10,7,23625,130,1538745,3146800
5670,9,5,23616,134,1538750,2854300
5671,7,6,23609,135,1538756,3018300
5672,6,4,23603,137,1538760,2977900
5673,4,2,23599,139,1538762,2982500
5674,5,10,23594,134,1538772,3398300
5675,6,8,23588,132,1538780,3166900
5676,6,6,23582,132,1538786,3353300
5677,8,7,23574,133,1538793,3396600
5678,3,8,23571,128,1538801,3036400
5679,1,9,23570,120,1538810,3082200
5680,5,5,23565,120,1538815,3126400
5681,4,7,23561,117,1538822,3541800
5682,4,6,23557,115,1538828,3458000
5683,3,8,23554,110,1538836,3119100
5684,6,10,23548,106,1538846,2978500
5685,2,2,23546,106,1538848,3254700
5686,1,5,23545,102,1538853,3067800
5687,3,8,23542,97,1538861,2988800
5688,0,4,23542,93,1538865,3099500
5689,1,1,23541,93,1538866,3221900
5690,3,6,23538,90,1538872,3036600
5691,4,5,23534,89,1538877,3019900
5692,5,5,23529,89,1538882,3217200
5693,3,6,23526,86,1538888,3007400
5694,3,2,23523,87,1538890,3018500
5695,2,1,23521,88,1538891,3194900
5696,4,7,23517,85,1538898,3103100
5697,4,5,23513,84,1538903,3142700
5698,2,6,23511,80,1538909,3118300
5699,5,5,23506,80,1538914,3186400
5700,2,9,23504,73,1538923,3168200
5701,2,3,23502,72,1538926,3162500
5702,3,3,23499,72,1538929,3119400
5703,3,3,23496,72,1538932,2900500
5704,3,2,23493,73,1538934,2809100
5705,3,2,23490,74,1538936,2996700
5706,2,1,23488,75,1538937,2884200
5707,4,3,23484,76,1538940,2903800
5708,2,3,23482,75,1538943,2850600
5709,3,3,23479,75,1538946,2771700
5710,1,4,23478,72,1538950,2752300
5711,1,6,23477,67,1538956,2851700
5712,0,7,23477,60,1538963,3154500
5713,1,3,23476,58,1538966,2941600
5714,2,4,23474,56,1538970,2777400
5715,4,4,23470,56,1538974,2922500
5716,3,3,23467,56,1538977,3032800
5717,3,3,23464,56,1538980,3231300
5718,3,2,23461,57,1538982,2914300
5719,1,2,23460,56,1538984,3047500
5720,1,3,23459,54,1538987,3067100
5721,4,1,23455,57,1538988,3070100
5722,2,0,23453,59,1538988,3163600
5723,1,1,23452,59,1538989,3018200
5724,3,3,23449,59,1538992,2843100
5725,2,8,23447,53,1539000,2941200
5726,3,0,23444,56,1539000,3006400
5727,3,3,23441,56,1539003,2907200
5728,3,3,23438,56,1539006,2849600
5729,5,4,23433,57,1539010,2773200
5730,4,2,23429,59,1539012,2721400
5731,2,3,23427,58,1539015,2820500
5732,2,1,23425,59,1539016,2814100
5733,4,2,23421,61,1539018,2999900
5734,4,5,23417,60,1539023,3096800
5735,0,3,23417,57,1539026,2971600
5736,2,0,23415,59,1539026,2824200
5737,0,2,23415,57,1539028,2844100
5738,1,0,23414,58,1539028,2957700
5739,7,1,23407,64,1539029,2823700
5740,5,6,23402,63,1539035,2869100
5741,2,2,23400,63,1539037,3168200
5742,2,2,23398,63,1539039,3045000
5743,3,2,23395,64,1539041,3140600
5744,2,5,23393,61,1539046,3052700
5745,3,4,23390,60,1539050,3232100
5746,4,4,23386,60,1539054,2866800
5747,0,4,23386,56,1539058,2875100
5748,4,0,23382,60,1539058,2990400
5749,1,3,23381,58,1539061,2899500
5750,2,4,23379,56,1539065,2864400
5751,1,2,23378,55,1539067,2831000
5752,2,3,23376,54,1539070,2860700
5753,1,0,23375,55,1539070,2822900
5754,0,4,23375,51,1539074,3010300
5755,0,3,23375,48,1539077,3476300
5756,0,3,23375,45,1539080,6737700
5757,1,5,23374,41,1539085,6208000
5758,1,0,23373,42,1539085,3644000
5759,0,1,23373,41,1539086,3335100
5760,0,0,23373,41,1539086,3493100
5761,0,3,23373,38,1539089,3608300
5762,1,1,23372,38,1539090,3650200
5763,1,3,23371,36,1539093,3486600
5764,0,1,23371,35,1539094,3270400
5765,0,1,23371,34,1539095,3268700
5766,0,1,23371,33,1539096,3173900
5767,0,1,23371,32,1539097,3477800
5768,0,1,23371,31,1539098,3391000
5769,0,2,23371,29,1539100,3384000
5770,1,3,23370,27,1539103,3585000
5771,1,0,23369,28,1539103,3166600
5772,1,5,23368,24,1539108,3397600
5773,0,1,23368,23,1539109,3186900
5774,0,0,23368,23,1539109,3016100
5775,0,0,23368,23,1539109,2991600
5776,0,4,23368,19,1539113,3062600
5777,1,1,23367,19,1539114,3077200
5778,1,1,23366,19,1539115,3057200
5779,0,1,23366,18,1539116,3080200
5780,0,2,23366,16,1539118,2990900
5781,0,2,23366,14,1539120,2952500
5782,0,0,23366,14,1539120,3103000
5783,0,0,23366,14,1539120,3138200
5784,0,3,23366,11,1539123,3024100
5785,0,0,23366,11,1539123,3312600
5786,0,0,23366,11,1539123,3596000
5787,0,0,23366,11,1539123,3394200
5788,0,0,23366,11,1539123,3461700
5789,0,0,23366,11,1539123,3978000
5790,0,0,23366,11,1539123,2997600
5791,0,0,23366,11,1539123,3136800
5792,0,3,23366,8,1539126,3042400
5793,0,0,23366,8,1539126,3189000
5794,0,0,23366,8,1539126,3533600
5795,0,0,23366,8,1539126,3372500
5796,0,1,23366,7,1539127,3204000
5797,0,0,23366,7,1539127,3186500
5798,0,0,23366,7,1539127,3206800
5799,0,0,23366,7,1539127,3274600
5800,0,0,23366,7,1539127,3060300
5801,0,1,23366,6,1539128,2949100
5802,0,0,23366,6,1539128,2967600
5803,0,0,23366,6,1539128,2966400
5804,0,0,23366,6,1539128,2946400
5805,0,0,23366,6,1539128,2965700
5806,0,1,23366,5,1539129,3019700
5807,0,1,23366,4,1539130,3171400
5808,0,0,23366,4,1539130,3052300
5809,0,1,23366,3,1539131,3007100
5810,0,0,23366,3,1539131,2971700
5811,0,0,23366,3,1539131,3033800
5812,0,0,23366,3,1539131,2913900
5813,0,0,23366,3,1539131,2913200
5814,0,0,23366,3,1539131,2830500
5815,0,1,23366,2,1539132,2861800
5816,0,0,23366,2,1539132,3018800
5817,0,0,23366,2,1539132,2990300
5818,0,0,23366,2,1539132,3007800
5819,0,0,23366,2,1539132,3061300
5820,0,0,23366,2,1539132,3136500
5821,0,0,23366,2,1539132,3065700
5822,0,0,23366,2,1539132,2988700
5823,0,0,23366,2,1539132,2751600
5824,0,0,23366,2,1539132,2822700
5825,0,0,23366,2,1539132,2866700
5826,0,0,23366,2,1539132,2958300
5827,0,0,23366,2,1539132,2914400
5828,0,0,23366,2,1539132,3003500
5829,0,0,23366,2,1539132,3140500
5830,0,0,23366,2,1539132,3094100
5831,0,0,23366,2,1539132,2994900
5832,0,0,23366,2,1539132,3206500
5833,0,0,23366,2,1539132,3142600
5834,0,0,23366,2,1539132,3100600
5835,0,0,23366,2,1539132,3015000
5836,0,0,23366,2,1539132,2960100
5837,0,0,23366,2,1539132,3076700
5838,0,0,23366,2,1539132,3154400
5839,0,0,23366,2,1539132,2927200
5840,0,0,23366,2,1539132,3097600
5841,0,1,23366,1,1539133,3472100
5842,0,0,23366,1,1539133,3128700
5843,0,1,23366,0,1539134,3110000
