Tick,NewlyInfected,NewlyRecovered,TotalSusceptible,TotalInfected,TotalRecovered,StepTimeNanos
0,1,1,1562494,5,1,3754200
1,2,0,1562492,7,1,3209900
2,3,1,1562489,9,2,2887000
3,0,2,1562489,7,4,2850300
4,1,0,1562488,8,4,3418500
5,1,2,1562487,7,6,2928900
6,2,0,1562485,9,6,2998800
7,1,2,1562484,8,8,2922600
8,1,0,1562483,9,8,2798100
9,3,0,1562480,12,8,2806200
10,5,0,1562475,17,8,2829800
11,7,1,1562468,23,9,3000000
12,3,0,1562465,26,9,3371200
13,5,1,1562460,30,10,3183900
14,3,1,1562457,32,11,3013100
15,2,1,1562455,33,12,2758700
16,4,0,1562451,37,12,2749100
17,7,1,1562444,43,13,2971600
18,5,4,1562439,44,17,2744000
19,5,0,1562434,49,17,3032400
20,4,1,1562430,52,18,2771500
21,5,4,1562425,53,22,2754200
22,7,1,1562418,59,23,2794900
23,7,1,1562411,65,24,2841600
24,5,4,1562406,66,28,2745900
25,7,6,1562399,67,34,2886300
26,12,4,1562387,75,38,2844000
27,10,2,1562377,83,40,2933700
28,11,2,1562366,92,42,3160900
29,8,2,1562358,98,44,2874000
30,7,3,1562351,102,47,3010800
31,7,3,1562344,106,50,2800000
32,10,7,1562334,109,57,2906700
33,11,1,1562323,119,58,2773100
34,15,4,1562308,130,62,2703700
35,12,8,1562296,134,70,2723900
36,15,6,1562281,143,76,2738300
37,17,8,1562264,152,84,2805600
38,20,6,1562244,166,90,2734000
39,21,8,1562223,179,98,3028600
40,9,9,1562214,179,107,3005400
41,13,9,1562201,183,116,2720000
42,17,6,1562184,194,122,2730800
43,19,13,1562165,200,135,2752700
44,15,10,1562150,205,145,2695600
45,21,10,1562129,216,155,2731100
46,14,14,1562115,216,169,2653600
47,13,9,1562102,220,178,2723800
48,24,9,1562078,235,187,2725300
49,23,14,1562055,244,201,2706600
50,14,17,1562041,241,218,2726000
51,16,16,1562025,241,234,2703200
52,20,15,1562005,246,249,2632500
53,14,5,1561991,255,254,2824700
54,21,9,1561970,267,263,2911200
55,23,20,1561947,270,283,2743000
56,25,15,1561922,280,298,2881000
57,31,14,1561891,297,312,2929200
58,25,11,1561866,311,323,2929000
59,28,16,1561838,323,339,2919800
60,16,14,1561822,325,353,3068100
61,17,14,1561805,328,367,2906600
62,23,12,1561782,339,379,2699300
63,24,14,1561758,349,393,3004500
64,25,21,1561733,353,414,3190800
65,29,24,1561704,358,438,3168500
66,25,17,1561679,366,455,2698700
67,22,20,1561657,368,475,2752200
68,27,15,1561630,380,490,2737200
69,24,13,1561606,391,503,2674700
70,25,23,1561581,393,526,2702100
71,25,26,1561556,392,552,2769100
72,22,18,1561534,396,570,2742500
73,24,19,1561510,401,589,2729400
74,28,15,1561482,414,604,2783200
75,22,20,1561460,416,624,2759300
76,34,20,1561426,430,644,2674300
77,26,22,1561400,434,666,2900100
78,30,20,1561370,444,686,2942400
79,27,27,1561343,444,713,3035200
80,29,32,1561314,441,745,2920400
81,26,19,1561288,448,764,2759400
82,27,20,1561261,455,784,2753700
83,34,23,1561227,466,807,2776800
84,33,20,1561194,479,827,2726100
85,45,24,1561149,500,851,2958900
86,34,21,1561115,513,872,3497200
87,36,33,1561079,516,905,2901300
88,41,19,1561038,538,924,2770800
89,34,24,1561004,548,948,2748300
90,40,24,1560964,564,972,2883800
91,41,22,1560923,583,994,3024900
92,39,27,1560884,595,1021,3091800
93,42,25,1560842,612,1046,2832700
94,50,29,1560792,633,1075,2882100
95,51,21,1560741,663,1096,3149500
96,45,30,1560696,678,1126,2871300
97,40,29,1560656,689,1155,2805300
98,55,36,1560601,708,1191,2969400
99,42,26,1560559,724,1217,2992500
100,41,46,1560518,719,1263,3057600
101,40,31,1560478,728,1294,3033200
102,35,40,1560443,723,1334,2872100
103,48,39,1560395,732,1373,3001400
104,54,34,1560341,752,1407,2908400
105,41,50,1560300,743,1457,2922800
106,48,38,1560252,753,1495,2792600
107,49,31,1560203,771,1526,2671200
108,47,46,1560156,772,1572,2922200
109,46,43,1560110,775,1615,2901500
110,34,44,1560076,765,1659,2744700
111,45,43,1560031,767,1702,2774300
112,53,42,1559978,778,1744,2999000
113,42,44,1559936,776,1788,2934000
114,70,37,1559866,809,1825,2760100
115,51,38,1559815,822,1863,2781400
116,39,25,1559776,836,1888,2727500
117,42,30,1559734,848,1918,2840500
118,56,34,1559678,870,1952,2747600
119,58,55,1559620,873,2007,2978300
120,49,41,1559571,881,2048,2694900
121,59,32,1559512,908,2080,2957400
122,52,46,1559460,914,2126,3036600
123,57,50,1559403,921,2176,3176300
124,46,47,1559357,920,2223,3210100
125,52,52,1559305,920,2275,2927900
126,62,44,1559243,938,2319,2885800
127,57,39,1559186,956,2358,3082500
128,55,62,1559131,949,2420,3093600
129,46,46,1559085,949,2466,3021900
130,57,45,1559028,961,2511,2943400
131,56,54,1558972,963,2565,2917500
132,51,57,1558921,957,2622,3130800
133,73,39,1558848,991,2661,3097700
134,66,47,1558782,1010,2708,2909500
135,61,49,1558721,1022,2757,3166800
136,63,58,1558658,1027,2815,3100100
137,71,45,1558587,1053,2860,3025200
138,62,53,1558525,1062,2913,2826200
139,73,55,1558452,1080,2968,2827500
140,58,63,1558394,1075,3031,2798700
141,70,66,1558324,1079,3097,2888900
142,74,64,1558250,1089,3161,2900800
143,61,56,1558189,1094,3217,2777300
144,59,50,1558130,1103,3267,2999000
145,63,64,1558067,1102,3331,2915300
146,64,50,1558003,1116,3381,3152500
147,59,48,1557944,1127,3429,2777400
148,56,62,1557888,1121,3491,2983700
149,58,69,1557830,1110,3560,2742000
150,73,67,1557757,1116,3627,2749400
151,56,46,1557701,1126,3673,2634100
152,60,62,1557641,1124,3735,2786800
153,56,58,1557585,1122,3793,2802900
154,64,51,1557521,1135,3844,2737900
155,74,41,1557447,1168,3885,2755600
156,58,59,1557389,1167,3944,2950000
157,74,57,1557315,1184,4001,2631500
158,74,74,1557241,1184,4075,2685200
159,67,52,1557174,1199,4127,2722400
160,70,70,1557104,1199,4197,2744700
161,68,68,1557036,1199,4265,2760300
162,59,57,1556977,1201,4322,2848000
163,76,52,1556901,1225,4374,2832500
164,57,57,1556844,1225,4431,2661700
165,74,58,1556770,1241,4489,3001200
166,60,74,1556710,1227,4563,3114300
167,56,49,1556654,1234,4612,2764500
168,48,76,1556606,1206,4688,2746500
169,61,66,1556545,1201,4754,2754200
170,61,66,1556484,1196,4820,2756500
171,52,64,1556432,1184,4884,2741800
172,62,54,1556370,1192,4938,2731400
173,64,61,1556306,1195,4999,2834600
174,70,62,1556236,1203,5061,2685500
175,62,58,1556174,1207,5119,2730500
176,76,60,1556098,1223,5179,2756200
177,84,51,1556014,1256,5230,2744000
178,64,66,1555950,1254,5296,2640300
179,66,66,1555884,1254,5362,2648600
180,59,77,1555825,1236,5439,2739400
181,79,82,1555746,1233,5521,2746600
182,89,64,1555657,1258,5585,2737400
183,75,68,1555582,1265,5653,2660900
184,71,61,1555511,1275,5714,2639200
185,76,56,1555435,1295,5770,2727800
186,79,54,1555356,1320,5824,2700000
187,70,62,1555286,1328,5886,2751500
188,69,79,1555217,1318,5965,2825100
189,82,58,1555135,1342,6023,2853800
190,82,68,1555053,1356,6091,2840300
191,95,80,1554958,1371,6171,2856100
192,79,65,1554879,1385,6236,2870400
193,88,79,1554791,1394,6315,2865400
194,57,71,1554734,1380,6386,3073800
195,81,69,1554653,1392,6455,3018600
196,83,69,1554570,1406,6524,2756600
197,78,77,1554492,1407,6601,2733600
198,80,87,1554412,1400,6688,2989400
199,90,71,1554322,1419,6759,2753200
200,89,85,1554233,1423,6844,2828600
201,100,71,1554133,1452,6915,2734800
202,98,82,1554035,1468,6997,2762300
203,86,68,1553949,1486,7065,2757300
204,78,78,1553871,1486,7143,2733400
205,89,75,1553782,1500,7218,2769600
206,101,74,1553681,1527,7292,2700700
207,88,77,1553593,1538,7369,2702700
208,94,100,1553499,1532,7469,2962500
209,97,78,1553402,1551,7547,2723600
210,103,62,1553299,1592,7609,2597700
211,104,80,1553195,1616,7689,2903300
212,91,78,1553104,1629,7767,2744100
213,114,73,1552990,1670,7840,2734100
214,114,87,1552876,1697,7927,2977400
215,102,76,1552774,1723,8003,2719700
216,118,83,1552656,1758,8086,2716100
217,110,98,1552546,1770,8184,2844000
218,98,80,1552448,1788,8264,2830200
219,107,83,1552341,1812,8347,2635600
220,89,91,1552252,1810,8438,2718400
221,89,103,1552163,1796,8541,2773500
222,108,91,1552055,1813,8632,2764900
223,108,102,1551947,1819,8734,2768000
224,112,73,1551835,1858,8807,2680700
225,103,104,1551732,1857,8911,2726500
226,93,101,1551639,1849,9012,2853700
227,97,101,1551542,1845,9113,2940800
228,100,99,1551442,1846,9212,3024800
229,84,87,1551358,1843,9299,2767100
230,107,84,1551251,1866,9383,2859300
231,114,106,1551137,1874,9489,2750500
232,106,89,1551031,1891,9578,2654900
233,107,92,1550924,1906,9670,2810500
234,99,106,1550825,1899,9776,2757900
235,116,98,1550709,1917,9874,2984900
236,107,94,1550602,1930,9968,2950100
237,105,101,1550497,1934,10069,2796300
238,113,83,1550384,1964,10152,3181900
239,108,86,1550276,1986,10238,2713600
240,108,92,1550168,2002,10330,2776400
241,115,92,1550053,2025,10422,3161000
242,115,95,1549938,2045,10517,2785800
243,130,106,1549808,2069,10623,2935800
244,122,94,1549686,2097,10717,3001400
245,121,103,1549565,2115,10820,2759900
246,110,96,1549455,2129,10916,2670300
247,133,100,1549322,2162,11016,2752600
248,117,107,1549205,2172,11123,2782600
249,124,109,1549081,2187,11232,2822300
250,122,88,1548959,2221,11320,2858800
251,116,109,1548843,2228,11429,2767100
252,142,123,1548701,2247,11552,3052100
253,133,103,1548568,2277,11655,2696900
254,119,105,1548449,2291,11760,2763100
255,120,107,1548329,2304,11867,2639400
256,136,111,1548193,2329,11978,2736700
257,134,113,1548059,2350,12091,2690200
258,154,126,1547905,2378,12217,2852900
259,138,121,1547767,2395,12338,2929700
260,124,137,1547643,2382,12475,2978200
261,137,110,1547506,2409,12585,2865900
262,152,136,1547354,2425,12721,2778700
263,135,119,1547219,2441,12840,2737400
264,142,136,1547077,2447,12976,2701300
265,150,117,1546927,2480,13093,2772100
266,126,121,1546801,2485,13214,2656500
267,140,125,1546661,2500,13339,2762600
268,139,130,1546522,2509,13469,2702200
269,123,136,1546399,2496,13605,2760300
270,167,138,1546232,2525,13743,2747500
271,147,124,1546085,2548,13867,2972000
272,141,120,1545944,2569,13987,3160700
273,158,120,1545786,2607,14107,2965200
274,160,135,1545626,2632,14242,2811300
275,156,126,1545470,2662,14368,2741600
276,174,146,1545296,2690,14514,2795900
277,133,130,1545163,2693,14644,2778700
278,155,129,1545008,2719,14773,2780500
279,157,141,1544851,2735,14914,2816200
280,145,125,1544706,2755,15039,2767900
281,168,140,1544538,2783,15179,2693800
282,143,130,1544395,2796,15309,2910500
283,159,136,1544236,2819,15445,3000100
284,161,147,1544075,2833,15592,2805300
285,124,142,1543951,2815,15734,2766900
286,135,121,1543816,2829,15855,2961800
287,149,125,1543667,2853,15980,2834400
288,153,130,1543514,2876,16110,2670600
289,154,116,1543360,2914,16226,2889100
290,133,158,1543227,2889,16384,3099500
291,154,157,1543073,2886,16541,2716500
292,166,157,1542907,2895,16698,2771500
293,148,148,1542759,2895,16846,2725700
294,139,140,1542620,2894,16986,2766200
295,130,141,1542490,2883,17127,2683700
296,178,153,1542312,2908,17280,2767200
297,152,159,1542160,2901,17439,2777500
298,155,133,1542005,2923,17572,2696000
299,163,138,1541842,2948,17710,2799000
300,156,145,1541686,2959,17855,2743100
301,152,160,1541534,2951,18015,2781700
302,150,144,1541384,2957,18159,2782900
303,176,126,1541208,3007,18285,2718200
304,166,144,1541042,3029,18429,2747100
305,153,151,1540889,3031,18580,2774500
306,165,142,1540724,3054,18722,2793700
307,161,154,1540563,3061,18876,2781000
308,164,148,1540399,3077,19024,2734800
309,136,156,1540263,3057,19180,2870300
310,141,151,1540122,3047,19331,2698100
311,151,167,1539971,3031,19498,2778800
312,145,153,1539826,3023,19651,2774100
313,177,144,1539649,3056,19795,2708100
314,144,165,1539505,3035,19960,2773300
315,163,143,1539342,3055,20103,2781200
316,156,147,1539186,3064,20250,2759000
317,162,181,1539024,3045,20431,2739500
318,174,121,1538850,3098,20552,2765900
319,171,135,1538679,3134,20687,2790700
320,174,161,1538505,3147,20848,2784900
321,145,161,1538360,3131,21009,3059200
322,162,152,1538198,3141,21161,2955100
323,148,145,1538050,3144,21306,2772400
324,144,177,1537906,3111,21483,2681900
325,147,158,1537759,3100,21641,2780100
326,169,144,1537590,3125,21785,2826600
327,176,158,1537414,3143,21943,2778400
328,173,167,1537241,3149,22110,2729600
329,164,150,1537077,3163,22260,2977500
330,165,159,1536912,3169,22419,2802200
331,167,144,1536745,3192,22563,2804300
332,158,142,1536587,3208,22705,2734100
333,163,160,1536424,3211,22865,2765600
334,178,131,1536246,3258,22996,2746600
335,166,151,1536080,3273,23147,2982300
336,174,188,1535906,3259,23335,2982700
337,181,180,1535725,3260,23515,2993800
338,196,164,1535529,3292,23679,3000000
339,172,170,1535357,3294,23849,2792600
340,167,166,1535190,3295,24015,2788400
341,175,164,1535015,3306,24179,2775700
342,183,170,1534832,3319,24349,2762700
343,156,159,1534676,3316,24508,2769200
344,185,151,1534491,3350,24659,2775600
345,186,178,1534305,3358,24837,2849900
346,163,176,1534142,3345,25013,2799300
347,184,161,1533958,3368,25174,2723000
348,178,190,1533780,3356,25364,2792500
349,194,174,1533586,3376,25538,2661200
350,172,170,1533414,3378,25708,2675500
351,182,176,1533232,3384,25884,2748000
352,180,163,1533052,3401,26047,2770200
353,179,169,1532873,3411,26216,2720600
354,197,161,1532676,3447,26377,2853500
355,171,165,1532505,3453,26542,2853300
356,156,174,1532349,3435,26716,2806000
357,142,172,1532207,3405,26888,2812700
358,177,157,1532030,3425,27045,2878400
359,183,162,1531847,3446,27207,2799600
360,182,170,1531665,3458,27377,3048400
361,176,212,1531489,3422,27589,3173500
362,182,171,1531307,3433,27760,2730000
363,183,167,1531124,3449,27927,2760500
364,163,171,1530961,3441,28098,2814000
365,183,177,1530778,3447,28275,2955800
366,189,167,1530589,3469,28442,3015100
367,181,192,1530408,3458,28634,2799300
368,178,175,1530230,3461,28809,2782600
369,177,171,1530053,3467,28980,3176500
370,190,191,1529863,3466,29171,3040400
371,207,197,1529656,3476,29368,2884200
372,202,165,1529454,3513,29533,2783200
373,167,181,1529287,3499,29714,2783500
374,193,181,1529094,3511,29895,2781700
375,202,192,1528892,3521,30087,2765600
376,179,160,1528713,3540,30247,2970700
377,198,158,1528515,3580,30405,2920100
378,195,167,1528320,3608,30572,2998800
379,191,212,1528129,3587,30784,2813500
380,192,189,1527937,3590,30973,2829200
381,193,161,1527744,3622,31134,2869200
382,207,182,1527537,3647,31316,2973800
383,186,194,1527351,3639,31510,2763600
384,187,193,1527164,3633,31703,2959400
385,167,184,1526997,3616,31887,2798300
386,210,162,1526787,3664,32049,2791800
387,192,161,1526595,3695,32210,2795100
388,204,183,1526391,3716,32393,2779800
389,185,198,1526206,3703,32591,2732400
390,191,173,1526015,3721,32764,2877100
391,192,187,1525823,3726,32951,2953100
392,187,191,1525636,3722,33142,3185400
393,221,200,1525415,3743,33342,2792400
394,226,197,1525189,3772,33539,2789200
395,202,198,1524987,3776,33737,2784800
396,213,200,1524774,3789,33937,2736100
397,201,211,1524573,3779,34148,2826800
398,198,173,1524375,3804,34321,2705500
399,217,180,1524158,3841,34501,3220700
400,214,173,1523944,3882,34674,3064300
401,210,185,1523734,3907,34859,2837100
402,198,217,1523536,3888,35076,2844000
403,197,200,1523339,3885,35276,2771100
404,204,203,1523135,3886,35479,2718500
405,209,195,1522926,3900,35674,2726900
406,206,171,1522720,3935,35845,2773400
407,201,198,1522519,3938,36043,2781300
408,215,213,1522304,3940,36256,2716300
409,191,180,1522113,3951,36436,2729000
410,218,193,1521895,3976,36629,2776600
411,228,194,1521667,4010,36823,2761100
412,197,209,1521470,3998,37032,2685200
413,203,206,1521267,3995,37238,2789200
414,224,179,1521043,4040,37417,2768100
415,209,175,1520834,4074,37592,2737000
416,226,215,1520608,4085,37807,2893500
417,218,197,1520390,4106,38004,2916300
418,223,233,1520167,4096,38237,2733000
419,232,221,1519935,4107,38458,2866900
420,217,205,1519718,4119,38663,2685000
421,206,214,1519512,4111,38877,2778200
422,219,199,1519293,4131,39076,2716100
423,216,195,1519077,4152,39271,2801300
424,250,209,1518827,4193,39480,2919800
425,240,232,1518587,4201,39712,2851200
426,219,202,1518368,4218,39914,2888300
427,243,218,1518125,4243,40132,2894400
428,225,185,1517900,4283,40317,2746600
429,226,214,1517674,4295,40531,2863700
430,209,224,1517465,4280,40755,2766700
431,217,215,1517248,4282,40970,2693200
432,241,218,1517007,4305,41188,2899400
433,226,210,1516781,4321,41398,2899800
434,229,199,1516552,4351,41597,2744900
435,267,225,1516285,4393,41822,3014500
436,234,208,1516051,4419,42030,3054500
437,247,213,1515804,4453,42243,3003500
438,233,195,1515571,4491,42438,2816900
439,239,230,1515332,4500,42668,2825000
440,233,217,1515099,4516,42885,2868600
441,219,208,1514880,4527,43093,2851500
442,216,223,1514664,4520,43316,2959700
443,243,230,1514421,4533,43546,2832700
444,238,247,1514183,4524,43793,2853900
445,249,220,1513934,4553,44013,3017100
446,237,221,1513697,4569,44234,3508900
447,204,201,1513493,4572,44435,3025200
448,231,248,1513262,4555,44683,3016000
449,238,204,1513024,4589,44887,2859700
450,218,237,1512806,4570,45124,2883700
451,249,245,1512557,4574,45369,2813500
452,229,210,1512328,4593,45579,2938700
453,232,237,1512096,4588,45816,2902700
454,219,247,1511877,4560,46063,2778900
455,253,220,1511624,4593,46283,2842200
456,243,220,1511381,4616,46503,2779000
457,233,228,1511148,4621,46731,2874100
458,231,228,1510917,4624,46959,2796800
459,202,240,1510715,4586,47199,2716200
460,249,247,1510466,4588,47446,2789600
461,224,217,1510242,4595,47663,2983000
462,246,235,1509996,4606,47898,2779700
463,247,257,1509749,4596,48155,3058500
464,241,219,1509508,4618,48374,2820700
465,244,244,1509264,4618,48618,2785400
466,253,215,1509011,4656,48833,2744800
467,259,252,1508752,4663,49085,3010400
468,231,241,1508521,4653,49326,2834900
469,247,224,1508274,4676,49550,3010800
470,250,246,1508024,4680,49796,2772500
471,279,226,1507745,4733,50022,2958000
472,253,220,1507492,4766,50242,3220400
473,237,259,1507255,4744,50501,3080800
474,237,251,1507018,4730,50752,3008300
475,251,223,1506767,4758,50975,2812500
476,231,246,1506536,4743,51221,2780800
477,254,228,1506282,4769,51449,2777600
478,226,207,1506056,4788,51656,2987800
479,235,231,1505821,4792,51887,2874300
480,242,245,1505579,4789,52132,2790000
481,218,224,1505361,4783,52356,2833800
482,238,247,1505123,4774,52603,2792200
483,236,224,1504887,4786,52827,2812400
484,243,257,1504644,4772,53084,2882000
485,247,247,1504397,4772,53331,2867700
486,231,236,1504166,4767,53567,2867300
487,217,232,1503949,4752,53799,2806200
488,232,223,1503717,4761,54022,2813300
489,242,237,1503475,4766,54259,2853700
490,248,251,1503227,4763,54510,2945700
491,255,220,1502972,4798,54730,2988500
492,243,242,1502729,4799,54972,2871000
493,223,236,1502506,4786,55208,2822200
494,222,230,1502284,4778,55438,2765800
495,220,242,1502064,4756,55680,2848300
496,242,232,1501822,4766,55912,2870800
497,244,268,1501578,4742,56180,2864500
498,267,210,1501311,4799,56390,2812500
499,244,239,1501067,4804,56629,2823400
500,263,241,1500804,4826,56870,2729000
501,238,242,1500566,4822,57112,2750200
502,232,226,1500334,4828,57338,2826500
503,246,234,1500088,4840,57572,2718800
504,222,223,1499866,4839,57795,2728400
505,251,250,1499615,4840,58045,2731400
506,242,230,1499373,4852,58275,2847400
507,208,245,1499165,4815,58520,2821900
508,239,260,1498926,4794,58780,2821800
509,269,253,1498657,4810,59033,2694000
510,236,239,1498421,4807,59272,2712800
511,256,238,1498165,4825,59510,2815600
512,231,245,1497934,4811,59755,2957600
513,256,244,1497678,4823,59999,3054700
514,249,214,1497429,4858,60213,2806700
515,243,249,1497186,4852,60462,3006200
516,233,237,1496953,4848,60699,2952400
517,238,249,1496715,4837,60948,3191800
518,243,233,1496472,4847,61181,2944500
519,233,257,1496239,4823,61438,2810100
520,234,229,1496005,4828,61667,2903900
521,252,243,1495753,4837,61910,2953600
522,249,215,1495504,4871,62125,3071500
523,238,243,1495266,4866,62368,2871400
524,263,241,1495003,4888,62609,2939100
525,253,248,1494750,4893,62857,2963800
526,248,248,1494502,4893,63105,2799700
527,229,263,1494273,4859,63368,2871800
528,253,273,1494020,4839,63641,2863700
529,239,240,1493781,4838,63881,2821400
530,254,248,1493527,4844,64129,2805000
531,274,245,1493253,4873,64374,2736100
532,265,251,1492988,4887,64625,2771900
533,263,256,1492725,4894,64881,2909500
534,261,250,1492464,4905,65131,2998900
535,266,227,1492198,4944,65358,2821100
536,245,280,1491953,4909,65638,2912700
537,267,270,1491686,4906,65908,2828300
538,264,240,1491422,4930,66148,3018200
539,269,224,1491153,4975,66372,2908800
540,277,248,1490876,5004,66620,2878200
541,272,227,1490604,5049,66847,2908600
542,267,258,1490337,5058,67105,3097300
543,258,250,1490079,5066,67355,3013700
544,237,254,1489842,5049,67609,2886500
545,302,268,1489540,5083,67877,2794400
546,294,235,1489246,5142,68112,3063900
547,275,242,1488971,5175,68354,2875600
548,278,248,1488693,5205,68602,2919800
549,273,288,1488420,5190,68890,2956300
550,244,241,1488176,5193,69131,2998900
551,275,273,1487901,5195,69404,2759300
552,265,239,1487636,5221,69643,2765200
553,255,232,1487381,5244,69875,2767300
554,299,290,1487082,5253,70165,2822000
555,278,255,1486804,5276,70420,2942500
556,293,238,1486511,5331,70658,2822500
557,266,266,1486245,5331,70924,2817900
558,254,272,1485991,5313,71196,2731700
559,249,258,1485742,5304,71454,2808900
560,281,249,1485461,5336,71703,2885500
561,259,257,1485202,5338,71960,2803600
562,271,293,1484931,5316,72253,2976700
563,261,271,1484670,5306,72524,2787900
564,238,290,1484432,5254,72814,2772500
565,257,268,1484175,5243,73082,2820900
566,282,257,1483893,5268,73339,2704100
567,252,280,1483641,5240,73619,2794300
568,259,232,1483382,5267,73851,2781000
569,244,261,1483138,5250,74112,2722900
570,280,267,1482858,5263,74379,2858800
571,272,251,1482586,5284,74630,2822300
572,292,270,1482294,5306,74900,2803600
573,274,283,1482020,5297,75183,2784700
574,255,265,1481765,5287,75448,2694800
575,264,260,1481501,5291,75708,2772100
576,286,264,1481215,5313,75972,2690300
577,256,282,1480959,5287,76254,2738100
578,307,275,1480652,5319,76529,2733200
579,264,277,1480388,5306,76806,2778300
580,280,245,1480108,5341,77051,2781900
581,280,253,1479828,5368,77304,2799800
582,276,291,1479552,5353,77595,2948800
583,264,271,1479288,5346,77866,2784400
584,287,248,1479001,5385,78114,2798200
585,303,241,1478698,5447,78355,3083000
586,305,280,1478393,5472,78635,2895600
587,278,290,1478115,5460,78925,3038400
588,259,274,1477856,5445,79199,2814400
589,289,279,1477567,5455,79478,2972300
590,280,269,1477287,5466,79747,2826900
591,301,285,1476986,5482,80032,2802800
592,334,265,1476652,5551,80297,2708500
593,303,273,1476349,5581,80570,2993900
594,297,276,1476052,5602,80846,3003100
595,296,268,1475756,5630,81114,2825700
596,296,257,1475460,5669,81371,2787700
597,315,293,1475145,5691,81664,2660100
598,285,291,1474860,5685,81955,2808100
599,307,269,1474553,5723,82224,2803100
600,323,267,1474230,5779,82491,2803400
601,293,269,1473937,5803,82760,2842700
602,316,300,1473621,5819,83060,3082100
603,298,317,1473323,5800,83377,3056900
604,273,295,1473050,5778,83672,3058000
605,293,317,1472757,5754,83989,2929200
606,301,298,1472456,5757,84287,2834900
607,298,259,1472158,5796,84546,2811900
608,315,282,1471843,5829,84828,2911600
609,292,275,1471551,5846,85103,3002400
610,325,300,1471226,5871,85403,2916000
611,328,291,1470898,5908,85694,2799100
612,300,300,1470598,5908,85994,2849000
613,311,314,1470287,5905,86308,2789000
614,292,305,1469995,5892,86613,2949400
615,322,287,1469673,5927,86900,2997100
616,296,306,1469377,5917,87206,2802400
617,304,306,1469073,5915,87512,2802800
618,301,293,1468772,5923,87805,2723500
619,325,288,1468447,5960,88093,2773900
620,300,309,1468147,5951,88402,2804200
621,313,321,1467834,5943,88723,2702800
622,318,296,1467516,5965,89019,2913400
623,305,326,1467211,5944,89345,2929400
624,308,322,1466903,5930,89667,2768200
625,295,285,1466608,5940,89952,2795200
626,314,308,1466294,5946,90260,2880300
627,302,305,1465992,5943,90565,2934100
628,303,296,1465689,5950,90861,2782000
629,325,319,1465364,5956,91180,2727900
630,289,282,1465075,5963,91462,2789100
631,342,303,1464733,6002,91765,2824100
632,329,286,1464404,6045,92051,2868000
633,348,305,1464056,6088,92356,2904600
634,315,292,1463741,6111,92648,2784700
635,347,313,1463394,6145,92961,2774300
636,314,275,1463080,6184,93236,2692100
637,329,314,1462751,6199,93550,2921300
638,341,305,1462410,6235,93855,3244000
639,335,311,1462075,6259,94166,2832500
640,321,326,1461754,6254,94492,2873000
641,296,316,1461458,6234,94808,2820200
642,325,312,1461133,6247,95120,2802300
643,352,311,1460781,6288,95431,2724100
644,320,344,1460461,6264,95775,2806400
645,312,307,1460149,6269,96082,2795300
646,312,299,1459837,6282,96381,2720100
647,328,376,1459509,6234,96757,2719100
648,320,304,1459189,6250,97061,2978600
649,308,281,1458881,6277,97342,3004700
650,311,331,1458570,6257,97673,2812700
651,336,328,1458234,6265,98001,2816300
652,299,295,1457935,6269,98296,2766100
653,359,308,1457576,6320,98604,3195200
654,391,301,1457185,6410,98905,2715900
655,340,327,1456845,6423,99232,2871600
656,353,308,1456492,6468,99540,2952700
657,320,345,1456172,6443,99885,2796800
658,348,311,1455824,6480,100196,2811600
659,361,367,1455463,6474,100563,2788000
660,356,329,1455107,6501,100892,2815300
661,362,309,1454745,6554,101201,2804600
662,355,335,1454390,6574,101536,2756600
663,363,312,1454027,6625,101848,2811000
664,369,330,1453658,6664,102178,2849800
665,360,327,1453298,6697,102505,2798500
666,350,328,1452948,6719,102833,2679500
667,313,308,1452635,6724,103141,2759900
668,361,325,1452274,6760,103466,2831700
669,336,340,1451938,6756,103806,2816000
670,321,333,1451617,6744,104139,2720200
671,383,330,1451234,6797,104469,2746500
672,351,337,1450883,6811,104806,2785800
673,357,336,1450526,6832,105142,2824800
674,339,349,1450187,6822,105491,3015200
675,342,347,1449845,6817,105838,2986300
676,350,345,1449495,6822,106183,2831700
677,324,363,1449171,6783,106546,2801400
678,373,352,1448798,6804,106898,2782200
679,343,352,1448455,6795,107250,2823100
680,340,344,1448115,6791,107594,2858400
681,354,344,1447761,6801,107938,3149000
682,374,365,1447387,6810,108303,3118200
683,351,358,1447036,6803,108661,2765900
684,346,331,1446690,6818,108992,2851300
685,337,341,1446353,6814,109333,2827300
686,354,328,1445999,6840,109661,3082200
687,328,389,1445671,6779,110050,3005800
688,344,326,1445327,6797,110376,2830600
689,337,365,1444990,6769,110741,2811900
690,332,382,1444658,6719,111123,2742700
691,312,341,1444346,6690,111464,3024400
692,323,336,1444023,6677,111800,2711400
693,318,364,1443705,6631,112164,2832300
694,318,331,1443387,6618,112495,2790800
695,359,338,1443028,6639,112833,2666800
696,332,339,1442696,6632,113172,2817500
697,365,357,1442331,6640,113529,3037800
698,336,332,1441995,6644,113861,3043900
699,354,329,1441641,6669,114190,2793200
700,343,344,1441298,6668,114534,2787500
701,336,296,1440962,6708,114830,2670200
702,334,361,1440628,6681,115191,2942500
703,352,333,1440276,6700,115524,2827200
704,331,342,1439945,6689,115866,2820100
705,338,320,1439607,6707,116186,3139200
706,342,305,1439265,6744,116491,3043200
707,351,349,1438914,6746,116840,2821200
708,351,352,1438563,6745,117192,3050400
709,365,344,1438198,6766,117536,3010900
710,377,366,1437821,6777,117902,2967400
711,338,331,1437483,6784,118233,2802100
712,322,340,1437161,6766,118573,2820800
713,362,334,1436799,6794,118907,2816600
714,377,339,1436422,6832,119246,2782600
715,344,347,1436078,6829,119593,2782900
716,317,351,1435761,6795,119944,2800600
717,319,332,1435442,6782,120276,2856900
718,311,361,1435131,6732,120637,2795500
719,303,312,1434828,6723,120949,2954100
720,343,338,1434485,6728,121287,2874800
721,351,309,1434134,6770,121596,2776400
722,310,361,1433824,6719,121957,2803000
723,294,325,1433530,6688,122282,2815900
724,334,361,1433196,6661,122643,2849900
725,364,348,1432832,6677,122991,2963600
726,323,317,1432509,6683,123308,2949400
727,363,331,1432146,6715,123639,3017600
728,344,310,1431802,6749,123949,2841600
729,348,328,1431454,6769,124277,2825500
730,311,355,1431143,6725,124632,3098900
731,322,342,1430821,6705,124974,3013100
732,338,338,1430483,6705,125312,2807500
733,374,354,1430109,6725,125666,2939500
734,342,341,1429767,6726,126007,2810600
735,367,313,1429400,6780,126320,2873700
736,293,344,1429107,6729,126664,3087500
737,346,380,1428761,6695,127044,2956900
738,348,310,1428413,6733,127354,2941300
739,385,324,1428028,6794,127678,2802700
740,351,299,1427677,6846,127977,2874900
741,394,354,1427283,6886,128331,2753300
742,365,351,1426918,6900,128682,2824000
743,375,329,1426543,6946,129011,2843200
744,364,310,1426179,7000,129321,2830500
745,362,381,1425817,6981,129702,3301500
746,363,364,1425454,6980,130066,3086900
747,391,339,1425063,7032,130405,2883900
748,361,352,1424702,7041,130757,2900400
749,343,325,1424359,7059,131082,3188400
750,332,342,1424027,7049,131424,3051000
751,371,365,1423656,7055,131789,2769800
752,379,361,1423277,7073,132150,2857700
753,355,361,1422922,7067,132511,2956300
754,335,372,1422587,7030,132883,3004000
755,344,356,1422243,7018,133239,2844900
756,362,352,1421881,7028,133591,2826600
757,346,363,1421535,7011,133954,2806500
758,358,358,1421177,7011,134312,2809600
759,361,375,1420816,6997,134687,2803900
760,318,342,1420498,6973,135029,2798300
761,381,338,1420117,7016,135367,2990600
762,330,340,1419787,7006,135707,2713700
763,362,390,1419425,6978,136097,2729000
764,341,330,1419084,6989,136427,2818100
765,366,352,1418718,7003,136779,2793100
766,384,343,1418334,7044,137122,2796300
767,348,329,1417986,7063,137451,2699700
768,380,370,1417606,7073,137821,2818200
769,360,339,1417246,7094,138160,2811800
770,355,365,1416891,7084,138525,2841600
771,354,344,1416537,7094,138869,2802700
772,346,369,1416191,7071,139238,3047900
773,384,361,1415807,7094,139599,3013000
774,347,370,1415460,7071,139969,2819500
775,387,389,1415073,7069,140358,2732500
776,391,351,1414682,7109,140709,2782300
777,321,340,1414361,7090,141049,2937800
778,386,361,1413975,7115,141410,2833300
779,379,347,1413596,7147,141757,2750500
780,410,384,1413186,7173,142141,2851800
781,372,368,1412814,7177,142509,3096600
782,378,365,1412436,7190,142874,3032400
783,393,383,1412043,7200,143257,2854900
784,380,338,1411663,7242,143595,3014700
785,376,340,1411287,7278,143935,3064000
786,386,341,1410901,7323,144276,3018800
787,383,389,1410518,7317,144665,2868100
788,396,363,1410122,7350,145028,2876000
789,405,346,1409717,7409,145374,3018800
790,390,379,1409327,7420,145753,2928300
791,419,359,1408908,7480,146112,2872900
792,385,377,1408523,7488,146489,2921700
793,440,364,1408083,7564,146853,3106900
794,381,352,1407702,7593,147205,2977400
795,390,344,1407312,7639,147549,2861500
796,387,387,1406925,7639,147936,3095000
797,422,383,1406503,7678,148319,3076000
798,372,364,1406131,7686,148683,2809300
799,413,384,1405718,7715,149067,2842200
800,381,417,1405337,7679,149484,2830200
801,394,416,1404943,7657,149900,2834100
802,375,373,1404568,7659,150273,2813100
803,383,386,1404185,7656,150659,2729800
804,387,380,1403798,7663,151039,2827500
805,338,391,1403460,7610,151430,2799400
806,357,394,1403103,7573,151824,2833100
807,386,406,1402717,7553,152230,2818800
808,393,383,1402324,7563,152613,2753000
809,388,392,1401936,7559,153005,2811000
810,352,378,1401584,7533,153383,2818500
811,406,425,1401178,7514,153808,2750700
812,400,380,1400778,7534,154188,3124500
813,390,379,1400388,7545,154567,3050700
814,391,365,1399997,7571,154932,2805400
815,408,380,1399589,7599,155312,2923400
816,356,354,1399233,7601,155666,2756600
817,402,383,1398831,7620,156049,2823000
818,404,375,1398427,7649,156424,2978800
819,397,374,1398030,7672,156798,2890300
820,386,390,1397644,7668,157188,3140800
821,400,374,1397244,7694,157562,2770000
822,422,347,1396822,7769,157909,2879100
823,388,399,1396434,7758,158308,2849600
824,388,385,1396046,7761,158693,2812600
825,365,380,1395681,7746,159073,2942500
826,363,388,1395318,7721,159461,2935600
827,395,388,1394923,7728,159849,2799700
828,395,412,1394528,7711,160261,2850200
829,390,380,1394138,7721,160641,2816700
830,406,408,1393732,7719,161049,2832600
831,383,388,1393349,7714,161437,2855400
832,390,365,1392959,7739,161802,2792700
833,396,372,1392563,7763,162174,2986600
834,399,417,1392164,7745,162591,2967300
835,399,410,1391765,7734,163001,2808600
836,392,363,1391373,7763,163364,2812500
837,386,402,1390987,7747,163766,2865100
838,412,388,1390575,7771,164154,2937300
839,372,399,1390203,7744,164553,3022300
840,391,383,1389812,7752,164936,3105100
841,392,386,1389420,7758,165322,3041200
842,396,386,1389024,7768,165708,2864700
843,402,354,1388622,7816,166062,2915500
844,386,430,1388236,7772,166492,2751400
845,397,412,1387839,7757,166904,2761300
846,380,383,1387459,7754,167287,2829400
847,407,340,1387052,7821,167627,2701200
848,423,378,1386629,7866,168005,2871700
849,382,394,1386247,7854,168399,2817000
850,432,403,1385815,7883,168802,2689900
851,387,379,1385428,7891,169181,2840600
852,405,432,1385023,7864,169613,2814700
853,392,374,1384631,7882,169987,2860400
854,405,401,1384226,7886,170388,2731800
855,380,385,1383846,7881,170773,2749900
856,410,398,1383436,7893,171171,2822700
857,361,390,1383075,7864,171561,2813300
858,444,413,1382631,7895,171974,2831200
859,381,402,1382250,7874,172376,2842400
860,383,420,1381867,7837,172796,2750400
861,403,367,1381464,7873,173163,2903500
862,411,371,1381053,7913,173534,3026000
863,401,430,1380652,7884,173964,2898600
864,382,364,1380270,7902,174328,2822200
865,393,394,1379877,7901,174722,2784900
866,357,415,1379520,7843,175137,2764000
867,397,427,1379123,7813,175564,3104200
868,395,391,1378728,7817,175955,2744800
869,370,399,1378358,7788,176354,2771800
870,402,384,1377956,7806,176738,2975400
871,417,378,1377539,7845,177116,3075800
872,407,410,1377132,7842,177526,2759800
873,394,374,1376738,7862,177900,2816600
874,393,381,1376345,7874,178281,2806300
875,380,350,1375965,7904,178631,2742100
876,378,436,1375587,7846,179067,2795400
877,369,391,1375218,7824,179458,2830400
878,404,405,1374814,7823,179863,2883100
879,336,382,1374478,7777,180245,2920600
880,386,347,1374092,7816,180592,2965000
881,399,426,1373693,7789,181018,3091200
882,384,419,1373309,7754,181437,3020400
883,363,377,1372946,7740,181814,2864400
884,373,402,1372573,7711,182216,2834900
885,384,368,1372189,7727,182584,2978100
886,375,415,1371814,7687,182999,2934000
887,423,366,1371391,7744,183365,3152000
888,376,370,1371015,7750,183735,3074900
889,374,379,1370641,7745,184114,2889000
890,415,354,1370226,7806,184468,2942200
891,412,371,1369814,7847,184839,2883500
892,366,406,1369448,7807,185245,2791900
893,387,377,1369061,7817,185622,2830900
894,385,394,1368676,7808,186016,2853600
895,386,399,1368290,7795,186415,2834300
896,373,411,1367917,7757,186826,2870000
897,421,400,1367496,7778,187226,2852900
898,411,377,1367085,7812,187603,2962000
899,393,380,1366692,7825,187983,2828400
900,429,411,1366263,7843,188394,2820600
901,407,388,1365856,7862,188782,3129200
902,422,393,1365434,7891,189175,2937100
903,369,421,1365065,7839,189596,2882400
904,411,404,1364654,7846,190000,2883200
905,397,386,1364257,7857,190386,2848800
906,395,367,1363862,7885,190753,2833300
907,399,398,1363463,7886,191151,2921200
908,375,413,1363088,7848,191564,3026400
909,412,386,1362676,7874,191950,2842700
910,417,382,1362259,7909,192332,3011500
911,411,411,1361848,7909,192743,3112100
912,387,380,1361461,7916,193123,3021800
913,410,385,1361051,7941,193508,2831700
914,414,439,1360637,7916,193947,2855400
915,411,406,1360226,7921,194353,2835000
916,386,390,1359840,7917,194743,2943900
917,397,368,1359443,7946,195111,3056600
918,393,374,1359050,7965,195485,2866600
919,376,390,1358674,7951,195875,2836900
920,452,421,1358222,7982,196296,2856400
921,394,416,1357828,7960,196712,2825800
922,403,417,1357425,7946,197129,2969100
923,415,360,1357010,8001,197489,2910100
924,404,408,1356606,7997,197897,2799800
925,385,407,1356221,7975,198304,2819400
926,371,432,1355850,7914,198736,3034100
927,387,417,1355463,7884,199153,3060400
928,432,415,1355031,7901,199568,2882800
929,413,391,1354618,7923,199959,2854000
930,404,421,1354214,7906,200380,2868100
931,411,396,1353803,7921,200776,2839500
932,430,378,1353373,7973,201154,2805800
933,428,400,1352945,8001,201554,2853700
934,411,388,1352534,8024,201942,2875700
935,440,398,1352094,8066,202340,3030000
936,430,399,1351664,8097,202739,2932700
937,458,461,1351206,8094,203200,2870000
938,433,395,1350773,8132,203595,3048200
939,395,390,1350378,8137,203985,2875200
940,371,390,1350007,8118,204375,2818200
941,403,398,1349604,8123,204773,2882000
942,436,406,1349168,8153,205179,2824600
943,396,402,1348772,8147,205581,2789500
944,397,442,1348375,8102,206023,3005000
945,403,387,1347972,8118,206410,2844900
946,395,393,1347577,8120,206803,2744600
947,388,398,1347189,8110,207201,3000100
948,413,393,1346776,8130,207594,2907400
949,385,372,1346391,8143,207966,2894700
950,409,380,1345982,8172,208346,2883100
951,387,396,1345595,8163,208742,2851100
952,422,407,1345173,8178,209149,2821100
953,423,432,1344750,8169,209581,2838000
954,423,414,1344327,8178,209995,2939800
955,397,379,1343930,8196,210374,2847300
956,413,426,1343517,8183,210800,2920500
957,407,423,1343110,8167,211223,2943500
958,387,413,1342723,8141,211636,2874600
959,387,395,1342336,8133,212031,2915900
960,386,410,1341950,8109,212441,2831100
961,414,410,1341536,8113,212851,2855100
962,390,391,1341146,8112,213242,2820600
963,382,406,1340764,8088,213648,3043600
964,374,405,1340390,8057,214053,3033500
965,374,423,1340016,8008,214476,2877900
966,402,393,1339614,8017,214869,3079100
967,374,397,1339240,7994,215266,2910000
968,402,389,1338838,8007,215655,2892000
969,369,376,1338469,8000,216031,3088400
970,423,407,1338046,8016,216438,2880200
971,416,394,1337630,8038,216832,2889800
972,407,395,1337223,8050,217227,3121700
973,406,378,1336817,8078,217605,2822600
974,404,414,1336413,8068,218019,2985500
975,394,441,1336019,8021,218460,3097400
976,416,367,1335603,8070,218827,2905200
977,426,432,1335177,8064,219259,3085900
978,437,419,1334740,8082,219678,3145500
979,423,404,1334317,8101,220082,2885200
980,430,359,1333887,8172,220441,2886600
981,407,410,1333480,8169,220851,2848800
982,378,403,1333102,8144,221254,2817000
983,414,397,1332688,8161,221651,2834500
984,399,396,1332289,8164,222047,2753000
985,433,444,1331856,8153,222491,2830600
986,417,401,1331439,8169,222892,2834200
987,428,398,1331011,8199,223290,2777400
988,379,409,1330632,8169,223699,2822000
989,421,416,1330211,8174,224115,2745200
990,424,416,1329787,8182,224531,2820500
991,384,396,1329403,8170,224927,2861500
992,402,383,1329001,8189,225310,2954100
993,414,403,1328587,8200,225713,3013600
994,375,424,1328212,8151,226137,2856200
995,374,373,1327838,8152,226510,2815000
996,368,369,1327470,8151,226879,2779700
997,368,410,1327102,8109,227289,2769300
998,391,434,1326711,8066,227723,2977600
999,393,372,1326318,8087,228095,2894600
1000,415,414,1325903,8088,228509,2826000
1001,404,410,1325499,8082,228919,2840000
1002,427,400,1325072,8109,229319,2855700
1003,385,435,1324687,8059,229754,2803300
1004,399,362,1324288,8096,230116,2771000
1005,391,432,1323897,8055,230548,2764600
1006,410,388,1323487,8077,230936,2849100
1007,374,390,1323113,8061,231326,2889300
1008,367,388,1322746,8040,231714,3105800
1009,382,388,1322364,8034,232102,2957400
1010,393,400,1321971,8027,232502,2840300
1011,379,381,1321592,8025,232883,2735400
1012,370,403,1321222,7992,233286,2797900
1013,387,407,1320835,7972,233693,2817100
1014,360,413,1320475,7919,234106,2837600
1015,378,429,1320097,7868,234535,2812600
1016,386,394,1319711,7860,234929,2747100
1017,376,418,1319335,7818,235347,2788100
1018,378,376,1318957,7820,235723,2818500
1019,384,390,1318573,7814,236113,2821900
1020,409,385,1318164,7838,236498,3216800
1021,386,389,1317778,7835,236887,3092200
1022,363,391,1317415,7807,237278,2879600
1023,399,421,1317016,7785,237699,2845400
1024,393,396,1316623,7782,238095,2836900
1025,409,408,1316214,7783,238503,2965500
1026,380,418,1315834,7745,238921,3111700
1027,376,386,1315458,7735,239307,2875900
1028,375,368,1315083,7742,239675,2744800
1029,414,369,1314669,7787,240044,2789000
1030,429,388,1314240,7828,240432,2879500
1031,374,396,1313866,7806,240828,3100100
1032,363,408,1313503,7761,241236,2972900
1033,385,388,1313118,7758,241624,2689200
1034,385,349,1312733,7794,241973,3166100
1035,402,369,1312331,7827,242342,2841700
1036,392,370,1311939,7849,242712,2868000
1037,401,390,1311538,7860,243102,2824100
1038,396,370,1311142,7886,243472,2759800
1039,396,398,1310746,7884,243870,2796000
1040,384,356,1310362,7912,244226,2818500
1041,340,382,1310022,7870,244608,2833900
1042,420,435,1309602,7855,245043,3021600
1043,396,406,1309206,7845,245449,3167300
1044,397,406,1308809,7836,245855,2839400
1045,367,401,1308442,7802,246256,2802500
1046,405,363,1308037,7844,246619,2821800
1047,414,395,1307623,7863,247014,2815200
1048,413,424,1307210,7852,247438,2849700
1049,372,414,1306838,7810,247852,2888200
1050,370,387,1306468,7793,248239,2860400
1051,389,372,1306079,7810,248611,3043200
1052,392,387,1305687,7815,248998,2850800
1053,410,406,1305277,7819,249404,2879400
1054,389,349,1304888,7859,249753,2829900
1055,366,391,1304522,7834,250144,2757800
1056,386,369,1304136,7851,250513,2818300
1057,386,406,1303750,7831,250919,2846400
1058,394,388,1303356,7837,251307,2875100
1059,355,395,1303001,7797,251702,2819500
1060,399,365,1302602,7831,252067,2806800
1061,375,415,1302227,7791,252482,2779200
1062,398,348,1301829,7841,252830,2805100
1063,409,387,1301420,7863,253217,2845700
1064,389,444,1301031,7808,253661,2857500
1065,401,355,1300630,7854,254016,2814100
1066,402,436,1300228,7820,254452,2821600
1067,417,406,1299811,7831,254858,2766200
1068,403,394,1299408,7840,255252,2900200
1069,371,365,1299037,7846,255617,2732400
1070,406,372,1298631,7880,255989,2828400
1071,429,397,1298202,7912,256386,3255000
1072,378,372,1297824,7918,256758,3162400
1073,379,384,1297445,7913,257142,2869300
1074,362,403,1297083,7872,257545,3056600
1075,403,390,1296680,7885,257935,2871900
1076,395,409,1296285,7871,258344,2855600
1077,401,368,1295884,7904,258712,3268000
1078,391,401,1295493,7894,259113,3018500
1079,401,381,1295092,7914,259494,2922100
1080,400,432,1294692,7882,259926,3045500
1081,373,401,1294319,7854,260327,3124900
1082,416,388,1293903,7882,260715,3063000
1083,395,393,1293508,7884,261108,2852600
1084,368,425,1293140,7827,261533,3222600
1085,397,428,1292743,7796,261961,3248700
1086,352,363,1292391,7785,262324,3179700
1087,380,396,1292011,7769,262720,2812100
1088,364,393,1291647,7740,263113,2720300
1089,391,369,1291256,7762,263482,3031200
1090,387,370,1290869,7779,263852,2962100
1091,393,362,1290476,7810,264214,3006000
1092,387,370,1290089,7827,264584,2825300
1093,364,407,1289725,7784,264991,2863200
1094,406,396,1289319,7794,265387,2875000
1095,417,378,1288902,7833,265765,2799200
1096,382,412,1288520,7803,266177,2862800
1097,382,427,1288138,7758,266604,2736800
1098,390,391,1287748,7757,266995,2811500
1099,379,389,1287369,7747,267384,2831600
1100,383,357,1286986,7773,267741,2859700
1101,400,381,1286586,7792,268122,2882700
1102,399,386,1286187,7805,268508,2850600
1103,386,412,1285801,7779,268920,2819000
1104,389,408,1285412,7760,269328,2822700
1105,393,406,1285019,7747,269734,3060400
1106,354,383,1284665,7718,270117,2863800
1107,398,363,1284267,7753,270480,2891300
1108,353,399,1283914,7707,270879,2867300
1109,376,396,1283538,7687,271275,2873100
1110,386,385,1283152,7688,271660,2842100
1111,369,393,1282783,7664,272053,2734300
1112,351,417,1282432,7598,272470,2862100
1113,338,385,1282094,7551,272855,2830300
1114,375,390,1281719,7536,273245,2814200
1115,392,390,1281327,7538,273635,2825900
1116,363,400,1280964,7501,274035,3116900
1117,350,354,1280614,7497,274389,2911600
1118,386,384,1280228,7499,274773,2855000
1119,363,353,1279865,7509,275126,2821000
1120,355,391,1279510,7473,275517,2727900
1121,367,380,1279143,7460,275897,2822300
1122,384,361,1278759,7483,276258,2702000
1123,375,363,1278384,7495,276621,2690100
1124,363,360,1278021,7498,276981,2771600
1125,386,372,1277635,7512,277353,2826200
1126,364,385,1277271,7491,277738,3064900
1127,359,343,1276912,7507,278081,2861300
1128,347,392,1276565,7462,278473,3164100
1129,368,374,1276197,7456,278847,2882600
1130,348,389,1275849,7415,279236,2903600
1131,367,352,1275482,7430,279588,3026300
1132,376,354,1275106,7452,279942,2960900
1133,385,352,1274721,7485,280294,2972400
1134,405,368,1274316,7522,280662,2887100
1135,419,395,1273897,7546,281057,3096800
1136,382,400,1273515,7528,281457,3353900
1137,368,374,1273147,7522,281831,3052800
1138,365,384,1272782,7503,282215,2952000
1139,402,414,1272380,7491,282629,2798300
1140,377,423,1272003,7445,283052,2864200
1141,338,365,1271665,7418,283417,2887400
1142,377,441,1271288,7354,283858,2840500
1143,372,344,1270916,7382,284202,2804200
1144,372,340,1270544,7414,284542,2777700
1145,369,382,1270175,7401,284924,2803800
1146,360,359,1269815,7402,285283,2820600
1147,342,316,1269473,7428,285599,3086900
1148,364,381,1269109,7411,285980,2946700
1149,376,383,1268733,7404,286363,2720600
1150,357,363,1268376,7398,286726,2810600
1151,346,359,1268030,7385,287085,2770200
1152,356,339,1267674,7402,287424,2811300
1153,389,346,1267285,7445,287770,2817300
1154,391,384,1266894,7452,288154,2824200
1155,379,370,1266515,7461,288524,2807100
1156,344,378,1266171,7427,288902,2740700
1157,363,350,1265808,7440,289252,2819600
1158,385,372,1265423,7453,289624,2802900
1159,359,380,1265064,7432,290004,2814900
1160,359,378,1264705,7413,290382,2848900
1161,380,380,1264325,7413,290762,2881500
1162,360,396,1263965,7377,291158,2795800
1163,374,380,1263591,7371,291538,2841300
1164,388,361,1263203,7398,291899,2878000
1165,365,385,1262838,7378,292284,2903900
1166,353,362,1262485,7369,292646,2741700
1167,321,366,1262164,7324,293012,2829000
1168,355,353,1261809,7326,293365,2845200
1169,353,389,1261456,7290,293754,2777000
1170,367,361,1261089,7296,294115,2846400
1171,347,391,1260742,7252,294506,2812800
1172,325,357,1260417,7220,294863,2836500
1173,358,380,1260059,7198,295243,2740100
1174,360,370,1259699,7188,295613,2762900
1175,365,381,1259334,7172,295994,2676900
1176,366,354,1258968,7184,296348,2834800
1177,333,345,1258635,7172,296693,2818400
1178,344,351,1258291,7165,297044,2741300
1179,346,370,1257945,7141,297414,2815400
1180,335,324,1257610,7152,297738,2670800
1181,332,332,1257278,7152,298070,2817500
1182,337,373,1256941,7116,298443,2711500
1183,333,383,1256608,7066,298826,2846000
1184,313,359,1256295,7020,299185,2788000
1185,344,327,1255951,7037,299512,3164000
1186,391,344,1255560,7084,299856,3028800
1187,345,360,1255215,7069,300216,2872700
1188,339,338,1254876,7070,300554,2912500
1189,348,336,1254528,7082,300890,2849700
1190,379,329,1254149,7132,301219,2838000
1191,340,355,1253809,7117,301574,3052200
1192,349,350,1253460,7116,301924,3090100
1193,334,340,1253126,7110,302264,3217800
1194,354,381,1252772,7083,302645,2819100
1195,333,316,1252439,7100,302961,2821500
1196,373,332,1252066,7141,303293,2671900
1197,342,328,1251724,7155,303621,2859700
1198,326,338,1251398,7143,303959,2725400
1199,364,346,1251034,7161,304305,3239900
1200,331,363,1250703,7129,304668,2803100
1201,335,337,1250368,7127,305005,3068600
1202,324,360,1250044,7091,305365,3100000
1203,368,357,1249676,7102,305722,2877700
1204,325,354,1249351,7073,306076,2830700
1205,331,379,1249020,7025,306455,2813800
1206,339,367,1248681,6997,306822,2720400
1207,352,345,1248329,7004,307167,2801200
1208,347,351,1247982,7000,307518,2840900
1209,336,352,1247646,6984,307870,2894400
1210,334,372,1247312,6946,308242,2856500
1211,336,368,1246976,6914,308610,2838400
1212,288,351,1246688,6851,308961,2839500
1213,345,330,1246343,6866,309291,2758900
1214,343,330,1246000,6879,309621,2860600
1215,322,338,1245678,6863,309959,2712700
1216,334,325,1245344,6872,310284,2830700
1217,337,341,1245007,6868,310625,2797800
1218,335,340,1244672,6863,310965,2752800
1219,314,391,1244358,6786,311356,2821600
1220,323,360,1244035,6749,311716,3085100
1221,328,304,1243707,6773,312020,2871400
1222,310,329,1243397,6754,312349,3028600
1223,350,384,1243047,6720,312733,3225400
1224,347,350,1242700,6717,313083,3204600
1225,307,319,1242393,6705,313402,2807100
1226,357,320,1242036,6742,313722,2836100
1227,331,361,1241705,6712,314083,2799200
1228,355,377,1241350,6690,314460,2808500
1229,327,315,1241023,6702,314775,2798200
1230,343,319,1240680,6726,315094,3143700
1231,357,347,1240323,6736,315441,2888400
1232,353,322,1239970,6767,315763,2940600
1233,344,350,1239626,6761,316113,2879600
1234,349,348,1239277,6762,316461,2910800
1235,338,329,1238939,6771,316790,2918400
1236,360,333,1238579,6798,317123,2877900
1237,326,315,1238253,6809,317438,2858500
1238,333,333,1237920,6809,317771,2814500
1239,351,352,1237569,6808,318123,2816700
1240,332,346,1237237,6794,318469,2798900
1241,389,318,1236848,6865,318787,2825000
1242,342,335,1236506,6872,319122,2840100
1243,357,341,1236149,6888,319463,2840300
1244,355,366,1235794,6877,319829,2827100
1245,335,340,1235459,6872,320169,2847100
1246,350,328,1235109,6894,320497,2795500
1247,342,345,1234767,6891,320842,3039900
1248,378,369,1234389,6900,321211,3103800
1249,328,335,1234061,6893,321546,2797300
1250,347,362,1233714,6878,321908,2812100
1251,363,341,1233351,6900,322249,2706600
1252,346,351,1233005,6895,322600,2943300
1253,341,344,1232664,6892,322944,2805000
1254,366,357,1232298,6901,323301,3084300
1255,310,339,1231988,6872,323640,3075300
1256,337,327,1231651,6882,323967,2848500
1257,360,330,1231291,6912,324297,2954300
1258,325,335,1230966,6902,324632,2799500
1259,341,327,1230625,6916,324959,2783800
1260,351,351,1230274,6916,325310,2833700
1261,353,339,1229921,6930,325649,2823900
1262,357,330,1229564,6957,325979,2811200
1263,366,341,1229198,6982,326320,2714300
1264,351,370,1228847,6963,326690,2763200
1265,344,363,1228503,6944,327053,2814800
1266,327,344,1228176,6927,327397,2834400
1267,353,350,1227823,6930,327747,2816700
1268,356,332,1227467,6954,328079,2834600
1269,356,317,1227111,6993,328396,2752500
1270,362,330,1226749,7025,328726,2821300
1271,350,344,1226399,7031,329070,2807400
1272,306,395,1226093,6942,329465,2820300
1273,328,332,1225765,6938,329797,2804200
1274,328,355,1225437,6911,330152,2702000
1275,320,328,1225117,6903,330480,2807700
1276,353,337,1224764,6919,330817,2797200
1277,309,336,1224455,6892,331153,2841200
1278,361,339,1224094,6914,331492,2928200
1279,356,371,1223738,6899,331863,3314700
1280,332,298,1223406,6933,332161,3215000
1281,309,337,1223097,6905,332498,2984200
1282,370,341,1222727,6934,332839,2968700
1283,336,338,1222391,6932,333177,3071400
1284,326,343,1222065,6915,333520,2857000
1285,352,329,1221713,6938,333849,2838300
1286,350,375,1221363,6913,334224,2864000
1287,354,355,1221009,6912,334579,2790900
1288,339,359,1220670,6892,334938,2752400
1289,355,356,1220315,6891,335294,2963800
1290,311,314,1220004,6888,335608,2866500
1291,309,347,1219695,6850,335955,2998200
1292,301,347,1219394,6804,336302,2848700
1293,355,356,1219039,6803,336658,2805600
1294,354,303,1218685,6854,336961,2859300
1295,339,376,1218346,6817,337337,3030300
1296,335,350,1218011,6802,337687,2838800
1297,321,343,1217690,6780,338030,2750900
1298,330,322,1217360,6788,338352,2807000
1299,339,330,1217021,6797,338682,2812500
1300,357,357,1216664,6797,339039,2810000
1301,348,355,1216316,6790,339394,2833100
1302,346,351,1215970,6785,339745,2782300
1303,353,331,1215617,6807,340076,3027900
1304,350,351,1215267,6806,340427,2989100
1305,323,317,1214944,6812,340744,2893700
1306,333,316,1214611,6829,341060,2699100
1307,343,303,1214268,6869,341363,2882300
1308,320,341,1213948,6848,341704,2808100
1309,343,338,1213605,6853,342042,2791700
1310,328,327,1213277,6854,342369,2746300
1311,313,364,1212964,6803,342733,3039600
1312,331,326,1212633,6808,343059,2992600
1313,326,369,1212307,6765,343428,2853800
1314,305,345,1212002,6725,343773,2809500
1315,309,334,1211693,6700,344107,2790700
1316,329,343,1211364,6686,344450,3216600
1317,319,318,1211045,6687,344768,3010800
1318,312,335,1210733,6664,345103,2879700
1319,284,300,1210449,6648,345403,2792300
1320,276,334,1210173,6590,345737,2695400
1321,299,347,1209874,6542,346084,2774800
1322,314,319,1209560,6537,346403,2965100
1323,285,328,1209275,6494,346731,2793900
1324,299,310,1208976,6483,347041,2945600
1325,314,336,1208662,6461,347377,2876700
1326,299,327,1208363,6433,347704,3040300
1327,318,340,1208045,6411,348044,3156800
1328,318,326,1207727,6403,348370,3147500
1329,325,315,1207402,6413,348685,2859900
1330,321,317,1207081,6417,349002,2828500
1331,311,331,1206770,6397,349333,2819200
1332,294,338,1206476,6353,349671,2853800
1333,310,334,1206166,6329,350005,2832300
1334,282,309,1205884,6302,350314,2829600
1335,305,318,1205579,6289,350632,3070700
1336,328,313,1205251,6304,350945,2976600
1337,322,316,1204929,6310,351261,3060600
1338,293,351,1204636,6252,351612,3046500
1339,307,332,1204329,6227,351944,2808000
1340,272,307,1204057,6192,352251,3133300
1341,303,295,1203754,6200,352546,2805500
1342,291,317,1203463,6174,352863,2972700
1343,303,324,1203160,6153,353187,2901000
1344,310,324,1202850,6139,353511,3048700
1345,317,320,1202533,6136,353831,2873600
1346,290,302,1202243,6124,354133,2863100
1347,283,303,1201960,6104,354436,2830700
1348,280,304,1201680,6080,354740,2945700
1349,302,288,1201378,6094,355028,2946100
1350,316,304,1201062,6106,355332,2804200
1351,317,316,1200745,6107,355648,2819800
1352,319,335,1200426,6091,355983,2845500
1353,289,286,1200137,6094,356269,2843000
1354,343,305,1199794,6132,356574,3146300
1355,306,283,1199488,6155,356857,2876900
1356,309,332,1199179,6132,357189,2727400
1357,300,305,1198879,6127,357494,2842900
1358,321,322,1198558,6126,357816,2978600
1359,286,328,1198272,6084,358144,3007200
1360,344,311,1197928,6117,358455,2988300
1361,303,324,1197625,6096,358779,2977800
1362,345,321,1197280,6120,359100,2817000
1363,318,281,1196962,6157,359381,2872100
1364,301,320,1196661,6138,359701,2888600
1365,309,300,1196352,6147,360001,3073900
1366,298,329,1196054,6116,360330,3077600
1367,302,301,1195752,6117,360631,2897900
1368,324,330,1195428,6111,360961,2875600
1369,308,321,1195120,6098,361282,2985800
1370,313,306,1194807,6105,361588,2949400
1371,315,276,1194492,6144,361864,2929400
1372,290,317,1194202,6117,362181,3307500
1373,319,316,1193883,6120,362497,3002400
1374,310,291,1193573,6139,362788,3081200
1375,323,312,1193250,6150,363100,2802100
1376,276,315,1192974,6111,363415,2861700
1377,278,330,1192696,6059,363745,2850300
1378,312,321,1192384,6050,364066,2866200
1379,316,310,1192068,6056,364376,2784100
1380,318,299,1191750,6075,364675,2806000
1381,332,325,1191418,6082,365000,2987500
1382,325,288,1191093,6119,365288,3048600
1383,307,321,1190786,6105,365609,2844400
1384,323,298,1190463,6130,365907,2863400
1385,326,297,1190137,6159,366204,2763000
1386,335,276,1189802,6218,366480,2918600
1387,310,296,1189492,6232,366776,2921800
1388,345,317,1189147,6260,367093,2939700
1389,332,329,1188815,6263,367422,3002000
1390,337,310,1188478,6290,367732,2848800
1391,325,353,1188153,6262,368085,2880400
1392,331,335,1187822,6258,368420,2760000
1393,330,290,1187492,6298,368710,2853400
1394,318,308,1187174,6308,369018,2819900
1395,350,301,1186824,6357,369319,2865900
1396,350,327,1186474,6380,369646,3000700
1397,358,322,1186116,6416,369968,2777200
1398,331,325,1185785,6422,370293,2772100
1399,334,338,1185451,6418,370631,2759000
1400,338,339,1185113,6417,370970,2846300
1401,335,303,1184778,6449,371273,2802500
1402,321,329,1184457,6441,371602,2750100
1403,300,335,1184157,6406,371937,2778800
1404,337,337,1183820,6406,372274,2717300
1405,295,363,1183525,6338,372637,2838800
1406,312,283,1183213,6367,372920,2904900
1407,353,308,1182860,6412,373228,2878100
1408,337,296,1182523,6453,373524,2782600
1409,356,334,1182167,6475,373858,2817300
1410,346,314,1181821,6507,374172,2840900
1411,304,317,1181517,6494,374489,2803800
1412,338,349,1181179,6483,374838,2795400
1413,302,287,1180877,6498,375125,2824700
1414,346,320,1180531,6524,375445,2719700
1415,320,332,1180211,6512,375777,2827900
1416,317,314,1179894,6515,376091,2848500
1417,340,327,1179554,6528,376418,2816700
1418,336,335,1179218,6529,376753,2811100
1419,340,318,1178878,6551,377071,2806900
1420,327,328,1178551,6550,377399,2731400
1421,301,327,1178250,6524,377726,2835900
1422,313,336,1177937,6501,378062,2814100
1423,334,304,1177603,6531,378366,2739500
1424,316,323,1177287,6524,378689,2795100
1425,319,323,1176968,6520,379012,2925800
1426,335,320,1176633,6535,379332,2852400
1427,326,317,1176307,6544,379649,2824100
1428,327,329,1175980,6542,379978,2806200
1429,331,354,1175649,6519,380332,2860700
1430,291,304,1175358,6506,380636,2899100
1431,312,340,1175046,6478,380976,3030400
1432,329,347,1174717,6460,381323,3023700
1433,326,302,1174391,6484,381625,3009200
1434,332,318,1174059,6498,381943,2795800
1435,308,301,1173751,6505,382244,2823100
1436,318,344,1173433,6479,382588,2710500
1437,338,323,1173095,6494,382911,2810900
1438,316,323,1172779,6487,383234,2723500
1439,330,329,1172449,6488,383563,2791900
1440,296,327,1172153,6457,383890,2829400
1441,298,313,1171855,6442,384203,2863500
1442,338,312,1171517,6468,384515,2903400
1443,325,316,1171192,6477,384831,2924900
1444,324,318,1170868,6483,385149,2937100
1445,311,306,1170557,6488,385455,2725600
1446,324,313,1170233,6499,385768,2840900
1447,337,302,1169896,6534,386070,2814400
1448,328,313,1169568,6549,386383,2830400
1449,339,346,1169229,6542,386729,2815300
1450,321,332,1168908,6531,387061,2710400
1451,334,330,1168574,6535,387391,2792300
1452,352,344,1168222,6543,387735,2906000
1453,366,336,1167856,6573,388071,2837800
1454,342,348,1167514,6567,388419,2811900
1455,330,324,1167184,6573,388743,2706900
1456,340,303,1166844,6610,389046,2687700
1457,351,354,1166493,6607,389400,2876200
1458,347,363,1166146,6591,389763,2990700
1459,325,331,1165821,6585,390094,2759300
1460,323,321,1165498,6587,390415,2843500
1461,306,313,1165192,6580,390728,3090800
1462,338,343,1164854,6575,391071,3047700
1463,355,287,1164499,6643,391358,2977400
1464,309,324,1164190,6628,391682,2880500
1465,349,321,1163841,6656,392003,2873200
1466,335,357,1163506,6634,392360,2806200
1467,303,321,1163203,6616,392681,2888500
1468,344,317,1162859,6643,392998,2894800
1469,331,367,1162528,6607,393365,2839500
1470,339,355,1162189,6591,393720,2830600
1471,316,330,1161873,6577,394050,2764700
1472,325,320,1161548,6582,394370,2873500
1473,340,318,1161208,6604,394688,2941400
1474,330,304,1160878,6630,394992,3005700
1475,342,340,1160536,6632,395332,3403100
1476,336,373,1160200,6595,395705,2887700
1477,323,317,1159877,6601,396022,2936100
1478,319,316,1159558,6604,396338,3022700
1479,367,366,1159191,6605,396704,2911900
1480,319,338,1158872,6586,397042,3016100
1481,319,308,1158553,6597,397350,2818200
1482,328,306,1158225,6619,397656,2963900
1483,304,328,1157921,6595,397984,3278500
1484,319,312,1157602,6602,398296,3189400
1485,305,305,1157297,6602,398601,3040000
1486,336,357,1156961,6581,398958,2910900
1487,319,290,1156642,6610,399248,2798900
1488,335,328,1156307,6617,399576,2775900
1489,297,336,1156010,6578,399912,2723200
1490,311,341,1155699,6548,400253,3097100
1491,335,325,1155364,6558,400578,3061200
1492,329,339,1155035,6548,400917,2997600
1493,319,307,1154716,6560,401224,2804000
1494,307,342,1154409,6525,401566,2965800
1495,311,310,1154098,6526,401876,2975800
1496,295,312,1153803,6509,402188,2720700
1497,335,341,1153468,6503,402529,2932700
1498,316,311,1153152,6508,402840,2726700
1499,343,340,1152809,6511,403180,2797200
1500,305,312,1152504,6504,403492,2761400
1501,327,317,1152177,6514,403809,2871000
1502,322,318,1151855,6518,404127,2970600
1503,324,312,1151531,6530,404439,2895200
1504,331,317,1151200,6544,404756,2804300
1505,315,340,1150885,6519,405096,2736800
1506,324,336,1150561,6507,405432,2911000
1507,344,298,1150217,6553,405730,2707100
1508,319,326,1149898,6546,406056,2773500
1509,279,319,1149619,6506,406375,2823000
1510,318,345,1149301,6479,406720,3060000
1511,294,313,1149007,6460,407033,2907800
1512,304,366,1148703,6398,407399,2797500
1513,307,309,1148396,6396,407708,2821400
1514,302,321,1148094,6377,408029,2826800
1515,285,332,1147809,6330,408361,2837500
1516,306,309,1147503,6327,408670,2754200
1517,289,312,1147214,6304,408982,2749200
1518,298,342,1146916,6260,409324,2700400
1519,301,298,1146615,6263,409622,2802400
1520,345,323,1146270,6285,409945,2831100
1521,276,297,1145994,6264,410242,2803800
1522,317,279,1145677,6302,410521,2755100
1523,350,296,1145327,6356,410817,2876500
1524,323,338,1145004,6341,411155,2820300
1525,320,281,1144684,6380,411436,2825300
1526,332,323,1144352,6389,411759,2694700
1527,316,314,1144036,6391,412073,2796500
1528,327,289,1143709,6429,412362,2799300
1529,308,323,1143401,6414,412685,2716500
1530,351,331,1143050,6434,413016,2848300
1531,347,347,1142703,6434,413363,2780100
1532,308,302,1142395,6440,413665,3062300
1533,357,293,1142038,6504,413958,3123600
1534,314,336,1141724,6482,414294,2996600
1535,336,341,1141388,6477,414635,3184200
1536,343,353,1141045,6467,414988,2829300
1537,336,321,1140709,6482,415309,2944100
1538,338,320,1140371,6500,415629,2904500
1539,350,323,1140021,6527,415952,2986100
1540,350,332,1139671,6545,416284,2819900
1541,331,338,1139340,6538,416622,2820400
1542,332,328,1139008,6542,416950,2840100
1543,325,350,1138683,6517,417300,2795600
1544,331,344,1138352,6504,417644,2962000
1545,348,355,1138004,6497,417999,2783400
1546,335,362,1137669,6470,418361,2962700
1547,346,301,1137323,6515,418662,2911900
1548,350,331,1136973,6534,418993,2926400
1549,309,318,1136664,6525,419311,2851600
1550,329,291,1136335,6563,419602,2912500
1551,321,325,1136014,6559,419927,2810100
1552,341,325,1135673,6575,420252,2857400
1553,315,312,1135358,6578,420564,2896200
1554,317,363,1135041,6532,420927,2783400
1555,312,343,1134729,6501,421270,2994100
1556,293,337,1134436,6457,421607,3130800
1557,302,280,1134134,6479,421887,2900400
1558,305,324,1133829,6460,422211,2851100
1559,316,320,1133513,6456,422531,2869600
1560,330,304,1133183,6482,422835,2820800
1561,319,307,1132864,6494,423142,2824400
1562,334,317,1132530,6511,423459,2922400
1563,313,295,1132217,6529,423754,2785000
1564,311,343,1131906,6497,424097,2778500
1565,299,300,1131607,6496,424397,2807700
1566,321,345,1131286,6472,424742,3040200
1567,337,302,1130949,6507,425044,2977200
1568,355,332,1130594,6530,425376,2815300
1569,303,338,1130291,6495,425714,2838100
1570,294,321,1129997,6468,426035,2809200
1571,320,335,1129677,6453,426370,2895500
1572,289,326,1129388,6416,426696,2884200
1573,340,318,1129048,6438,427014,2902200
1574,306,343,1128742,6401,427357,2768800
1575,299,330,1128443,6370,427687,2771000
1576,352,333,1128091,6389,428020,2865300
1577,302,318,1127789,6373,428338,2982900
1578,311,313,1127478,6371,428651,2960000
1579,337,329,1127141,6379,428980,2979900
1580,318,282,1126823,6415,429262,2976100
1581,284,335,1126539,6364,429597,2942900
1582,323,323,1126216,6364,429920,2929300
1583,323,331,1125893,6356,430251,2944100
1584,314,293,1125579,6377,430544,2883900
1585,318,290,1125261,6405,430834,2965600
1586,308,288,1124953,6425,431122,3048700
1587,330,323,1124623,6432,431445,2902700
1588,303,315,1124320,6420,431760,2916100
1589,310,332,1124010,6398,432092,2867400
1590,295,335,1123715,6358,432427,2906000
1591,340,286,1123375,6412,432713,2909200
1592,353,356,1123022,6409,433069,3055900
1593,310,304,1122712,6415,433373,2893800
1594,309,316,1122403,6408,433689,2898300
1595,321,302,1122082,6427,433991,2891100
1596,323,334,1121759,6416,434325,2847300
1597,311,287,1121448,6440,434612,2835400
1598,311,326,1121137,6425,434938,2864000
1599,310,345,1120827,6390,435283,2886000
1600,329,340,1120498,6379,435623,2958100
1601,338,326,1120160,6391,435949,2868700
1602,308,325,1119852,6374,436274,2961800
1603,316,326,1119536,6364,436600,2855700
1604,313,300,1119223,6377,436900,2870100
1605,297,355,1118926,6319,437255,2866700
1606,264,308,1118662,6275,437563,2779000
1607,339,295,1118323,6319,437858,2955000
1608,295,314,1118028,6300,438172,2976600
1609,306,312,1117722,6294,438484,2829900
1610,320,311,1117402,6303,438795,2898400
1611,306,336,1117096,6273,439131,2783900
1612,308,329,1116788,6252,439460,2759600
1613,306,303,1116482,6255,439763,2848900
1614,328,319,1116154,6264,440082,2886900
1615,292,335,1115862,6221,440417,2767400
1616,336,301,1115526,6256,440718,2759700
1617,294,309,1115232,6241,441027,2765700
1618,289,316,1114943,6214,441343,2770500
1619,299,316,1114644,6197,441659,2908100
1620,320,299,1114324,6218,441958,2821000
1621,294,310,1114030,6202,442268,2822600
1622,303,291,1113727,6214,442559,2750600
1623,300,302,1113427,6212,442861,2774800
1624,295,315,1113132,6192,443176,2829800
1625,303,327,1112829,6168,443503,2890800
1626,295,313,1112534,6150,443816,2844400
1627,323,283,1112211,6190,444099,2798800
1628,319,273,1111892,6236,444372,2797500
1629,296,300,1111596,6232,444672,2877500
1630,318,323,1111278,6227,444995,2928400
1631,322,303,1110956,6246,445298,2807000
1632,329,329,1110627,6246,445627,2810100
1633,302,339,1110325,6209,445966,2807900
1634,288,317,1110037,6180,446283,2986900
1635,304,298,1109733,6186,446581,2809600
1636,316,272,1109417,6230,446853,2826100
1637,332,305,1109085,6257,447158,2755800
1638,292,343,1108793,6206,447501,2764700
1639,295,296,1108498,6205,447797,2779800
1640,314,293,1108184,6226,448090,2850200
1641,296,312,1107888,6210,448402,3200200
1642,300,301,1107588,6209,448703,3082100
1643,290,295,1107298,6204,448998,2774200
1644,333,320,1106965,6217,449318,2786500
1645,329,316,1106636,6230,449634,2747200
1646,300,311,1106336,6219,449945,2818900
1647,344,309,1105992,6254,450254,2835500
1648,315,317,1105677,6252,450571,3082800
1649,338,314,1105339,6276,450885,2955700
1650,327,310,1105012,6293,451195,2904500
1651,311,288,1104701,6316,451483,2875100
1652,340,319,1104361,6337,451802,2844100
1653,324,340,1104037,6321,452142,2880200
1654,341,292,1103696,6370,452434,2801300
1655,298,326,1103398,6342,452760,2725700
1656,296,305,1103102,6333,453065,2790800
1657,341,347,1102761,6327,453412,2857600
1658,327,295,1102434,6359,453707,2810800
1659,314,309,1102120,6364,454016,2798500
1660,313,318,1101807,6359,454334,2698600
1661,327,307,1101480,6379,454641,2806400
1662,349,339,1101131,6389,454980,2831600
1663,335,305,1100796,6419,455285,2701800
1664,332,321,1100464,6430,455606,2816300
1665,352,359,1100112,6423,455965,2740600
1666,317,328,1099795,6412,456293,2810700
1667,293,300,1099502,6405,456593,2793800
1668,300,327,1099202,6378,456920,2872600
1669,341,315,1098861,6404,457235,2979100
1670,310,320,1098551,6394,457555,2771100
1671,306,315,1098245,6385,457870,2782000
1672,347,332,1097898,6400,458202,3006600
1673,352,345,1097546,6407,458547,3116800
1674,350,314,1097196,6443,458861,2741900
1675,324,344,1096872,6423,459205,2862000
1676,314,323,1096558,6414,459528,2833300
1677,308,325,1096250,6397,459853,2812900
1678,298,314,1095952,6381,460167,2778000
1679,324,310,1095628,6395,460477,2870800
1680,312,303,1095316,6404,460780,2822800
1681,302,312,1095014,6394,461092,2864100
1682,318,289,1094696,6423,461381,2829300
1683,333,323,1094363,6433,461704,2800200
1684,341,326,1094022,6448,462030,2842200
1685,319,319,1093703,6448,462349,2712900
1686,315,328,1093388,6435,462677,2804800
1687,325,315,1093063,6445,462992,2837800
1688,320,320,1092743,6445,463312,2823600
1689,303,287,1092440,6461,463599,2987900
1690,312,325,1092128,6448,463924,3059100
1691,335,329,1091793,6454,464253,3002500
1692,323,316,1091470,6461,464569,2822400
1693,322,340,1091148,6443,464909,2897800
1694,330,317,1090818,6456,465226,2945000
1695,296,317,1090522,6435,465543,2790500
1696,329,332,1090193,6432,465875,2860300
1697,319,308,1089874,6443,466183,2851500
1698,334,313,1089540,6464,466496,2825200
1699,317,345,1089223,6436,466841,2808900
1700,287,289,1088936,6434,467130,2782000
1701,320,310,1088616,6444,467440,2896400
1702,313,296,1088303,6461,467736,2932900
1703,329,303,1087974,6487,468039,2970900
1704,341,312,1087633,6516,468351,2975200
1705,330,293,1087303,6553,468644,2860000
1706,322,313,1086981,6562,468957,2844000
1707,327,324,1086654,6565,469281,2792700
1708,358,320,1086296,6603,469601,2933800
1709,327,349,1085969,6581,469950,2780900
1710,338,370,1085631,6549,470320,2892900
1711,326,330,1085305,6545,470650,2807300
1712,323,329,1084982,6539,470979,2886400
1713,348,323,1084634,6564,471302,2770700
1714,331,324,1084303,6571,471626,2807100
1715,325,326,1083978,6570,471952,2747200
1716,357,352,1083621,6575,472304,2770200
1717,375,319,1083246,6631,472623,3088900
1718,323,360,1082923,6594,472983,2937900
1719,342,322,1082581,6614,473305,2995600
1720,341,325,1082240,6630,473630,2998000
1721,333,337,1081907,6626,473967,2814600
1722,353,334,1081554,6645,474301,3071900
1723,291,298,1081263,6638,474599,3249100
1724,309,321,1080954,6626,474920,2905100
1725,309,342,1080645,6593,475262,3222100
1726,309,300,1080336,6602,475562,3119800
1727,324,351,1080012,6575,475913,2823000
1728,321,298,1079691,6598,476211,2967100
1729,315,339,1079376,6574,476550,2997100
1730,311,307,1079065,6578,476857,3031200
1731,361,334,1078704,6605,477191,3028100
1732,338,295,1078366,6648,477486,2911100
1733,333,321,1078033,6660,477807,3062300
1734,329,359,1077704,6630,478166,3149800
1735,327,333,1077377,6624,478499,2877100
1736,349,333,1077028,6640,478832,2879400
1737,312,304,1076716,6648,479136,2867700
1738,329,333,1076387,6644,479469,3026800
1739,320,350,1076067,6614,479819,2906600
1740,315,322,1075752,6607,480141,3101600
1741,296,343,1075456,6560,480484,3032000
1742,292,311,1075164,6541,480795,2956300
1743,332,315,1074832,6558,481110,3054800
1744,345,298,1074487,6605,481408,2922200
1745,342,344,1074145,6603,481752,3056800
1746,308,316,1073837,6595,482068,3069300
1747,316,352,1073521,6559,482420,2922100
1748,338,332,1073183,6565,482752,3009200
1749,351,285,1072832,6631,483037,3083800
1750,332,326,1072500,6637,483363,2977000
1751,321,322,1072179,6636,483685,2980200
1752,332,348,1071847,6620,484033,2991900
1753,312,295,1071535,6637,484328,2941600
1754,315,347,1071220,6605,484675,2956800
1755,319,312,1070901,6612,484987,3038800
1756,327,317,1070574,6622,485304,2943500
1757,319,311,1070255,6630,485615,2988400
1758,316,313,1069939,6633,485928,2959100
1759,334,330,1069605,6637,486258,3009400
1760,342,337,1069263,6642,486595,2925800
1761,322,345,1068941,6619,486940,2979600
1762,298,318,1068643,6599,487258,2995000
1763,313,363,1068330,6549,487621,2924000
1764,313,329,1068017,6533,487950,2996100
1765,318,336,1067699,6515,488286,2971600
1766,321,336,1067378,6500,488622,2918700
1767,327,306,1067051,6521,488928,2951100
1768,300,329,1066751,6492,489257,2966600
1769,349,326,1066402,6515,489583,2952000
1770,351,322,1066051,6544,489905,2945300
1771,329,340,1065722,6533,490245,2922000
1772,333,338,1065389,6528,490583,3009900
1773,344,318,1065045,6554,490901,2918300
1774,334,327,1064711,6561,491228,2945600
1775,327,350,1064384,6538,491578,2976000
1776,342,336,1064042,6544,491914,2970900
1777,320,329,1063722,6535,492243,3048400
1778,299,339,1063423,6495,492582,2930600
1779,332,327,1063091,6500,492909,3056000
1780,292,331,1062799,6461,493240,3135800
1781,341,285,1062458,6517,493525,3044800
1782,338,305,1062120,6550,493830,2956300
1783,324,296,1061796,6578,494126,3006100
1784,328,324,1061468,6582,494450,2937100
1785,332,356,1061136,6558,494806,3173000
1786,333,313,1060803,6578,495119,2992500
1787,304,314,1060499,6568,495433,2946900
1788,333,311,1060166,6590,495744,3085000
1789,341,342,1059825,6589,496086,2906800
1790,314,330,1059511,6573,496416,2890500
1791,302,330,1059209,6545,496746,2959300
1792,318,317,1058891,6546,497063,3114900
1793,343,335,1058548,6554,497398,2916500
1794,305,310,1058243,6549,497708,2925600
1795,349,313,1057894,6585,498021,3114500
1796,350,331,1057544,6604,498352,3020000
1797,339,338,1057205,6605,498690,2909700
1798,324,317,1056881,6612,499007,3105800
1799,323,338,1056558,6597,499345,2876800
1800,347,333,1056211,6611,499678,2898700
1801,340,336,1055871,6615,500014,2931800
1802,319,333,1055552,6601,500347,3154900
1803,324,297,1055228,6628,500644,3089100
1804,348,336,1054880,6640,500980,3108300
1805,346,334,1054534,6652,501314,3202600
1806,355,312,1054179,6695,501626,2986500
1807,352,318,1053827,6729,501944,3059700
1808,350,372,1053477,6707,502316,3025100
1809,324,341,1053153,6690,502657,2940400
1810,315,373,1052838,6632,503030,2953100
1811,326,366,1052512,6592,503396,2995400
1812,351,344,1052161,6599,503740,3012800
1813,317,331,1051844,6585,504071,2988400
1814,323,356,1051521,6552,504427,2948000
1815,329,325,1051192,6556,504752,3136100
1816,355,324,1050837,6587,505076,3023300
1817,349,350,1050488,6586,505426,3024100
1818,351,322,1050137,6615,505748,3053800
1819,339,320,1049798,6634,506068,2897500
1820,329,326,1049469,6637,506394,3043600
1821,340,322,1049129,6655,506716,3079200
1822,346,354,1048783,6647,507070,3043100
1823,334,334,1048449,6647,507404,2908000
1824,335,315,1048114,6667,507719,2952700
1825,339,311,1047775,6695,508030,2948000
1826,360,338,1047415,6717,508368,2938700
1827,326,316,1047089,6727,508684,3166500
1828,340,347,1046749,6720,509031,2930400
1829,334,317,1046415,6737,509348,3057900
1830,371,324,1046044,6784,509672,3222400
1831,356,328,1045688,6812,510000,3326000
1832,341,343,1045347,6810,510343,3088800
1833,358,331,1044989,6837,510674,3112600
1834,334,338,1044655,6833,511012,2829000
1835,354,349,1044301,6838,511361,2967600
1836,332,321,1043969,6849,511682,3059700
1837,316,335,1043653,6830,512017,2904600
1838,338,336,1043315,6832,512353,2974600
1839,341,331,1042974,6842,512684,3037300
1840,335,315,1042639,6862,512999,2825000
1841,337,354,1042302,6845,513353,2938100
1842,318,331,1041984,6832,513684,2917000
1843,335,335,1041649,6832,514019,2884200
1844,338,339,1041311,6831,514358,2859500
1845,317,328,1040994,6820,514686,2891900
1846,323,331,1040671,6812,515017,2837000
1847,321,349,1040350,6784,515366,2982500
1848,346,329,1040004,6801,515695,2837500
1849,333,346,1039671,6788,516041,2836900
1850,352,359,1039319,6781,516400,3212900
1851,343,320,1038976,6804,516720,2891500
1852,335,312,1038641,6827,517032,2919700
1853,344,319,1038297,6852,517351,2970800
1854,354,370,1037943,6836,517721,2929000
1855,314,358,1037629,6792,518079,2902300
1856,325,364,1037304,6753,518443,2938800
1857,357,327,1036947,6783,518770,2963100
1858,344,352,1036603,6775,519122,2941000
1859,319,318,1036284,6776,519440,2833800
1860,313,333,1035971,6756,519773,2967500
1861,362,341,1035609,6777,520114,2989100
1862,355,332,1035254,6800,520446,2879600
1863,343,341,1034911,6802,520787,3021900
1864,351,321,1034560,6832,521108,2941400
1865,343,350,1034217,6825,521458,3056000
1866,328,351,1033889,6802,521809,2848000
1867,347,320,1033542,6829,522129,2856500
1868,292,340,1033250,6781,522469,2864100
1869,338,314,1032912,6805,522783,3248000
1870,318,349,1032594,6774,523132,2975900
1871,317,357,1032277,6734,523489,2946200
1872,324,343,1031953,6715,523832,2756100
1873,321,319,1031632,6717,524151,2896700
1874,315,337,1031317,6695,524488,2921200
1875,338,346,1030979,6687,524834,3126600
1876,303,342,1030676,6648,525176,3012500
1877,320,343,1030356,6625,525519,2755800
1878,321,326,1030035,6620,525845,2854800
1879,352,337,1029683,6635,526182,2980000
1880,355,310,1029328,6680,526492,3140800
1881,353,358,1028975,6675,526850,2733900
1882,378,336,1028597,6717,527186,2995900
1883,337,333,1028260,6721,527519,2969300
1884,383,338,1027877,6766,527857,3094500
1885,327,306,1027550,6787,528163,2959800
1886,353,336,1027197,6804,528499,2803900
1887,331,382,1026866,6753,528881,2861400
1888,331,322,1026535,6762,529203,3209000
1889,321,353,1026214,6730,529556,3444000
1890,347,320,1025867,6757,529876,3072400
1891,320,363,1025547,6714,530239,3186000
1892,353,344,1025194,6723,530583,3221000
1893,326,336,1024868,6713,530919,3510600
1894,324,343,1024544,6694,531262,3230800
1895,310,331,1024234,6673,531593,3123300
1896,337,344,1023897,6666,531937,3054600
1897,360,339,1023537,6687,532276,2967500
1898,334,330,1023203,6691,532606,3308400
1899,303,325,1022900,6669,532931,3140300
1900,334,331,1022566,6672,533262,3339900
1901,327,353,1022239,6646,533615,3098800
1902,329,343,1021910,6632,533958,2898300
1903,335,336,1021575,6631,534294,2960800
1904,352,334,1021223,6649,534628,3002800
1905,349,339,1020874,6659,534967,3655800
1906,336,329,1020538,6666,535296,3323300
1907,309,336,1020229,6639,535632,3398600
1908,316,324,1019913,6631,535956,3105300
1909,363,314,1019550,6680,536270,3109600
1910,330,333,1019220,6677,536603,3852100
1911,350,339,1018870,6688,536942,3526400
1912,301,317,1018569,6672,537259,3375900
1913,348,340,1018221,6680,537599,3200000
1914,358,352,1017863,6686,537951,3451200
1915,328,341,1017535,6673,538292,3946800
1916,323,308,1017212,6688,538600,3571700
1917,316,350,1016896,6654,538950,3381700
1918,313,331,1016583,6636,539281,3169700
1919,336,339,1016247,6633,539620,3365300
1920,331,343,1015916,6621,539963,3064500
1921,355,321,1015561,6655,540284,3115200
1922,328,336,1015233,6647,540620,3146900
1923,349,327,1014884,6669,540947,3039300
1924,356,316,1014528,6709,541263,3050700
1925,351,353,1014177,6707,541616,3186900
1926,331,338,1013846,6700,541954,2998000
1927,364,355,1013482,6709,542309,3038800
1928,335,344,1013147,6700,542653,3236200
1929,360,348,1012787,6712,543001,3070800
1930,320,316,1012467,6716,543317,3051900
1931,350,337,1012117,6729,543654,3061400
1932,311,345,1011806,6695,543999,3105300
1933,338,362,1011468,6671,544361,3063900
1934,355,346,1011113,6680,544707,3057700
1935,350,349,1010763,6681,545056,2875400
1936,343,320,1010420,6704,545376,3282400
1937,353,333,1010067,6724,545709,2965500
1938,339,343,1009728,6720,546052,3179400
1939,349,334,1009379,6735,546386,3189300
1940,347,332,1009032,6750,546718,3051400
1941,351,307,1008681,6794,547025,3021600
1942,323,362,1008358,6755,547387,3053100
1943,337,318,1008021,6774,547705,3073900
1944,370,318,1007651,6826,548023,2898400
1945,333,365,1007318,6794,548388,2994400
1946,314,364,1007004,6744,548752,3077400
1947,373,324,1006631,6793,549076,3254400
1948,344,358,1006287,6779,549434,3015300
1949,318,322,1005969,6775,549756,2880800
1950,317,347,1005652,6745,550103,2987700
1951,326,356,1005326,6715,550459,2992300
1952,346,339,1004980,6722,550798,2893100
1953,346,339,1004634,6729,551137,2845600
1954,336,336,1004298,6729,551473,3031600
1955,345,331,1003953,6743,551804,2928500
1956,326,345,1003627,6724,552149,3058700
1957,338,351,1003289,6711,552500,2996200
1958,345,339,1002944,6717,552839,3043000
1959,372,327,1002572,6762,553166,2815700
1960,371,313,1002201,6820,553479,2909700
1961,360,368,1001841,6812,553847,2911800
1962,383,322,1001458,6873,554169,3046300
1963,359,371,1001099,6861,554540,2968900
1964,331,312,1000768,6880,554852,2950800
1965,353,379,1000415,6854,555231,2989900
1966,329,333,1000086,6850,555564,2967900
1967,350,333,999736,6867,555897,3173400
1968,347,336,999389,6878,556233,2954200
1969,341,360,999048,6859,556593,3053500
1970,332,368,998716,6823,556961,3004200
1971,324,317,998392,6830,557278,2847600
1972,313,340,998079,6803,557618,2918900
1973,347,349,997732,6801,557967,3062000
1974,372,348,997360,6825,558315,2967500
1975,314,377,997046,6762,558692,2915300
1976,302,338,996744,6726,559030,2857500
1977,347,328,996397,6745,559358,3152900
1978,374,340,996023,6779,559698,2991700
1979,337,358,995686,6758,560056,3142900
1980,317,327,995369,6748,560383,3160300
1981,361,354,995008,6755,560737,2990300
1982,355,351,994653,6759,561088,2939900
1983,331,311,994322,6779,561399,3067600
1984,341,368,993981,6752,561767,3051500
1985,359,329,993622,6782,562096,2970800
1986,335,339,993287,6778,562435,2943700
1987,347,345,992940,6780,562780,3079100
1988,331,344,992609,6767,563124,3069800
1989,350,355,992259,6762,563479,3008800
1990,353,344,991906,6771,563823,2992400
1991,333,325,991573,6779,564148,3040300
1992,342,338,991231,6783,564486,2962800
1993,342,342,990889,6783,564828,3008300
1994,324,314,990565,6793,565142,2962400
1995,349,341,990216,6801,565483,3092300
1996,363,348,989853,6816,565831,2996200
1997,346,328,989507,6834,566159,3104500
1998,334,360,989173,6808,566519,3096300
1999,355,356,988818,6807,566875,3099700
2000,312,384,988506,6735,567259,3157100
2001,306,322,988200,6719,567581,2927800
2002,339,352,987861,6706,567933,3091600
2003,343,372,987518,6677,568305,2969300
2004,322,331,987196,6668,568636,3171000
2005,328,310,986868,6686,568946,3126300
2006,306,324,986562,6668,569270,3139300
2007,348,285,986214,6731,569555,2992800
2008,378,356,985836,6753,569911,3043400
2009,327,335,985509,6745,570246,3076400
2010,346,321,985163,6770,570567,3138700
2011,362,355,984801,6777,570922,3069900
2012,343,361,984458,6759,571283,3063300
2013,359,364,984099,6754,571647,3052300
2014,350,322,983749,6782,571969,3018700
2015,313,361,983436,6734,572330,3156400
2016,350,320,983086,6764,572650,3039900
2017,373,320,982713,6817,572970,3219100
2018,323,364,982390,6776,573334,2969400
2019,333,348,982057,6761,573682,3034200
2020,332,337,981725,6756,574019,3216700
2021,349,320,981376,6785,574339,3194900
2022,319,323,981057,6781,574662,3258300
2023,349,310,980708,6820,574972,3096100
2024,348,337,980360,6831,575309,3179200
2025,358,324,980002,6865,575633,3152900
2026,335,355,979667,6845,575988,3192500
2027,324,362,979343,6807,576350,3291600
2028,351,321,978992,6837,576671,3188000
2029,338,318,978654,6857,576989,3462500
2030,349,346,978305,6860,577335,3101200
2031,358,350,977947,6868,577685,3095300
2032,351,314,977596,6905,577999,3134200
2033,368,364,977228,6909,578363,3025900
2034,348,327,976880,6930,578690,3024100
2035,346,353,976534,6923,579043,3033100
2036,338,343,976196,6918,579386,3181700
2037,350,325,975846,6943,579711,3133900
2038,356,340,975490,6959,580051,3138700
2039,358,374,975132,6943,580425,3204200
2040,352,337,974780,6958,580762,3110200
2041,356,345,974424,6969,581107,3024100
2042,357,356,974067,6970,581463,2996700
2043,343,354,973724,6959,581817,3442800
2044,374,364,973350,6969,582181,3065400
2045,333,356,973017,6946,582537,3268200
2046,365,345,972652,6966,582882,3026700
2047,350,340,972302,6976,583222,3076000
2048,343,337,971959,6982,583559,3127300
2049,343,350,971616,6975,583909,2984500
2050,322,309,971294,6988,584218,3140200
2051,348,371,970946,6965,584589,2931600
2052,317,336,970629,6946,584925,3219500
2053,375,361,970254,6960,585286,3013800
2054,349,325,969905,6984,585611,3094500
2055,329,339,969576,6974,585950,3071300
2056,347,336,969229,6985,586286,3098300
2057,321,352,968908,6954,586638,3007200
2058,347,348,968561,6953,586986,3017100
2059,328,319,968233,6962,587305,3059100
2060,318,330,967915,6950,587635,3000400
2061,340,345,967575,6945,587980,3080900
2062,341,329,967234,6957,588309,3026000
2063,355,347,966879,6965,588656,3133400
2064,333,361,966546,6937,589017,3124300
2065,326,369,966220,6894,589386,3253400
2066,333,359,965887,6868,589745,3189200
2067,337,334,965550,6871,590079,3066800
2068,331,335,965219,6867,590414,3128100
2069,316,356,964903,6827,590770,2971000
2070,307,368,964596,6766,591138,2955000
2071,336,349,964260,6753,591487,2869500
2072,327,340,963933,6740,591827,3058100
2073,336,353,963597,6723,592180,3111700
2074,314,351,963283,6686,592531,2945400
2075,354,301,962929,6739,592832,3094300
2076,320,324,962609,6735,593156,3057300
2077,336,320,962273,6751,593476,3061800
2078,359,348,961914,6762,593824,2961200
2079,323,343,961591,6742,594167,3025100
2080,323,373,961268,6692,594540,2902700
2081,349,332,960919,6709,594872,3050400
2082,332,323,960587,6718,595195,2940100
2083,328,323,960259,6723,595518,3009000
2084,342,324,959917,6741,595842,3157600
2085,358,323,959559,6776,596165,2949900
2086,361,333,959198,6804,596498,3078500
2087,326,339,958872,6791,596837,2989200
2088,357,315,958515,6833,597152,3193000
2089,340,340,958175,6833,597492,3161800
2090,321,329,957854,6825,597821,3123900
2091,325,321,957529,6829,598142,3112200
2092,360,337,957169,6852,598479,3158800
2093,360,362,956809,6850,598841,3013400
2094,325,343,956484,6832,599184,2985400
2095,338,362,956146,6808,599546,3093000
2096,347,324,955799,6831,599870,3033700
2097,346,326,955453,6851,600196,3244700
2098,365,320,955088,6896,600516,3203700
2099,356,341,954732,6911,600857,3059300
2100,340,319,954392,6932,601176,2889500
2101,340,331,954052,6941,601507,2966700
2102,334,367,953718,6908,601874,3091700
2103,353,347,953365,6914,602221,3112300
2104,352,354,953013,6912,602575,3114500
2105,364,368,952649,6908,602943,3214700
2106,327,340,952322,6895,603283,3108500
2107,327,335,951995,6887,603618,3257800
2108,365,359,951630,6893,603977,3074000
2109,329,365,951301,6857,604342,3313000
2110,358,333,950943,6882,604675,3116600
2111,332,347,950611,6867,605022,3085800
2112,348,327,950263,6888,605349,3027300
2113,359,322,949904,6925,605671,3025600
2114,340,327,949564,6938,605998,2877400
2115,368,379,949196,6927,606377,3062900
2116,362,330,948834,6959,606707,2980200
2117,358,364,948476,6953,607071,3008600
2118,329,366,948147,6916,607437,3349400
2119,387,332,947760,6971,607769,3053300
2120,344,331,947416,6984,608100,2935700
2121,343,363,947073,6964,608463,2852100
2122,354,364,946719,6954,608827,2793000
2123,342,325,946377,6971,609152,2776700
2124,356,353,946021,6974,609505,2699600
2125,358,343,945663,6989,609848,3110700
2126,332,357,945331,6964,610205,3012300
2127,315,353,945016,6926,610558,3017100
2128,375,363,944641,6938,610921,2824500
2129,355,355,944286,6938,611276,2827000
2130,321,344,943965,6915,611620,2730200
2131,347,335,943618,6927,611955,2783200
2132,336,350,943282,6913,612305,2893900
2133,321,351,942961,6883,612656,2845700
2134,333,350,942628,6866,613006,2820100
2135,337,353,942291,6850,613359,3105400
2136,327,343,941964,6834,613702,3183400
2137,347,366,941617,6815,614068,3053200
2138,333,332,941284,6816,614400,3049800
2139,343,355,940941,6804,614755,2824300
2140,309,337,940632,6776,615092,2975100
2141,332,351,940300,6757,615443,3043100
2142,319,313,939981,6763,615756,3151500
2143,302,365,939679,6700,616121,2730600
2144,314,318,939365,6696,616439,3212400
2145,330,333,939035,6693,616772,3139900
2146,341,329,938694,6705,617101,3361100
2147,317,328,938377,6694,617429,3068200
2148,333,315,938044,6712,617744,2960800
2149,349,332,937695,6729,618076,2973100
2150,325,340,937370,6714,618416,3172000
2151,366,345,937004,6735,618761,2952700
2152,334,332,936670,6737,619093,3260800
2153,364,359,936306,6742,619452,3454600
2154,359,335,935947,6766,619787,3462200
2155,320,334,935627,6752,620121,3191900
2156,335,324,935292,6763,620445,3054600
2157,350,321,934942,6792,620766,3018800
2158,321,314,934621,6799,621080,3021500
2159,373,334,934248,6838,621414,2902500
2160,349,377,933899,6810,621791,2928400
2161,334,354,933565,6790,622145,3092700
2162,335,331,933230,6794,622476,3067000
2163,316,340,932914,6770,622816,2886400
2164,332,345,932582,6757,623161,2873600
2165,401,319,932181,6839,623480,2888100
2166,368,307,931813,6900,623787,2977400
2167,345,327,931468,6918,624114,2889000
2168,337,359,931131,6896,624473,2834700
2169,345,344,930786,6897,624817,2783000
2170,354,333,930432,6918,625150,2825600
2171,348,337,930084,6929,625487,3101200
2172,372,335,929712,6966,625822,3041400
2173,334,336,929378,6964,626158,2876800
2174,356,323,929022,6997,626481,2861200
2175,369,358,928653,7008,626839,3095100
2176,358,334,928295,7032,627173,3064100
2177,366,362,927929,7036,627535,2899900
2178,368,350,927561,7054,627885,2765500
2179,374,381,927187,7047,628266,2794600
2180,383,352,926804,7078,628618,2862900
2181,357,333,926447,7102,628951,2760400
2182,325,359,926122,7068,629310,2878700
2183,355,374,925767,7049,629684,2848700
2184,355,335,925412,7069,630019,2884600
2185,369,341,925043,7097,630360,2944900
2186,380,373,924663,7104,630733,2919400
2187,372,369,924291,7107,631102,2957000
2188,365,360,923926,7112,631462,3145300
2189,345,358,923581,7099,631820,3130800
2190,306,324,923275,7081,632144,2832700
2191,345,355,922930,7071,632499,3066600
2192,358,338,922572,7091,632837,3110200
2193,344,356,922228,7079,633193,3126700
2194,355,373,921873,7061,633566,2923300
2195,334,357,921539,7038,633923,2904300
2196,371,374,921168,7035,634297,2816100
2197,346,343,920822,7038,634640,2857200
2198,361,373,920461,7026,635013,3236400
2199,352,356,920109,7022,635369,3085900
2200,341,369,919768,6994,635738,3034500
2201,366,343,919402,7017,636081,2834800
2202,354,329,919048,7042,636410,2852400
2203,353,334,918695,7061,636744,3007800
2204,385,357,918310,7089,637101,2875300
2205,354,349,917956,7094,637450,2967100
2206,376,347,917580,7123,637797,2936800
2207,355,333,917225,7145,638130,2869100
2208,379,376,916846,7148,638506,2840700
2209,363,323,916483,7188,638829,2983100
2210,349,380,916134,7157,639209,2972700
2211,384,369,915750,7172,639578,2806700
2212,392,321,915358,7243,639899,2885300
2213,367,331,914991,7279,640230,2848100
2214,394,344,914597,7329,640574,2802400
2215,372,359,914225,7342,640933,3133600
2216,342,356,913883,7328,641289,3173000
2217,335,356,913548,7307,641645,2890700
2218,397,367,913151,7337,642012,2986000
2219,345,395,912806,7287,642407,3053700
2220,346,392,912460,7241,642799,3176100
2221,390,351,912070,7280,643150,2969400
2222,348,417,911722,7211,643567,2892300
2223,370,344,911352,7237,643911,2918600
2224,352,377,911000,7212,644288,2998200
2225,338,369,910662,7181,644657,2874400
2226,333,349,910329,7165,645006,3182500
2227,351,367,909978,7149,645373,3074400
2228,356,356,909622,7149,645729,2851700
2229,378,356,909244,7171,646085,2845500
2230,346,354,908898,7163,646439,2827700
2231,337,405,908561,7095,646844,2839800
2232,351,354,908210,7092,647198,2847100
2233,344,342,907866,7094,647540,3136100
2234,342,371,907524,7065,647911,3064800
2235,334,338,907190,7061,648249,2916600
2236,330,356,906860,7035,648605,2865500
2237,332,343,906528,7024,648948,2973400
2238,354,356,906174,7022,649304,2857900
2239,362,370,905812,7014,649674,2798900
2240,364,358,905448,7020,650032,2776900
2241,369,339,905079,7050,650371,2925100
2242,353,319,904726,7084,650690,2887900
2243,354,356,904372,7082,651046,3325900
2244,367,335,904005,7114,651381,3123000
2245,344,340,903661,7118,651721,2921500
2246,338,349,903323,7107,652070,2879100
2247,372,355,902951,7124,652425,3036500
2248,358,364,902593,7118,652789,2867800
2249,343,318,902250,7143,653107,2866000
2250,358,356,901892,7145,653463,2950400
2251,378,357,901514,7166,653820,2981300
2252,337,375,901177,7128,654195,2879400
2253,367,370,900810,7125,654565,2849100
2254,331,373,900479,7083,654938,2815500
2255,335,342,900144,7076,655280,3183800
2256,366,390,899778,7052,655670,2914000
2257,373,350,899405,7075,656020,3049200
2258,343,359,899062,7059,656379,3062400
2259,360,336,898702,7083,656715,3014300
2260,356,336,898346,7103,657051,2953300
2261,362,359,897984,7106,657410,3067700
2262,360,374,897624,7092,657784,2843700
2263,365,346,897259,7111,658130,3124100
2264,339,344,896920,7106,658474,2763600
2265,363,350,896557,7119,658824,3193500
2266,346,359,896211,7106,659183,2974200
2267,391,351,895820,7146,659534,2794100
2268,369,359,895451,7156,659893,3002300
2269,362,357,895089,7161,660250,2889700
2270,330,348,894759,7143,660598,2829800
2271,365,356,894394,7152,660954,2884200
2272,336,368,894058,7120,661322,2854400
2273,345,349,893713,7116,661671,2815400
2274,359,331,893354,7144,662002,2741400
2275,353,352,893001,7145,662354,2799400
2276,317,374,892684,7088,662728,2862100
2277,329,375,892355,7042,663103,3090600
2278,378,334,891977,7086,663437,2936000
2279,331,361,891646,7056,663798,2853900
2280,314,354,891332,7016,664152,2829600
2281,340,343,890992,7013,664495,2845800
2282,345,345,890647,7013,664840,2893800
2283,324,333,890323,7004,665173,2895700
2284,344,315,889979,7033,665488,2798000
2285,350,352,889629,7031,665840,3045700
2286,359,373,889270,7017,666213,2852500
2287,345,361,888925,7001,666574,3185400
2288,355,324,888570,7032,666898,3079800
2289,350,333,888220,7049,667231,3280900
2290,398,356,887822,7091,667587,2935000
2291,350,396,887472,7045,667983,2893500
2292,365,361,887107,7049,668344,2820000
2293,360,340,886747,7069,668684,2744100
2294,338,339,886409,7068,669023,2930900
2295,381,347,886028,7102,669370,2964400
2296,374,359,885654,7117,669729,2694900
2297,380,377,885274,7120,670106,2747700
2298,361,378,884913,7103,670484,3019700
2299,370,348,884543,7125,670832,3285500
2300,377,393,884166,7109,671225,3092900
2301,349,327,883817,7131,671552,2857400
2302,364,361,883453,7134,671913,2797800
2303,350,371,883103,7113,672284,2840200
2304,333,362,882770,7084,672646,3010900
2305,371,362,882399,7093,673008,2825600
2306,336,390,882063,7039,673398,2852600
2307,378,337,881685,7080,673735,2851600
2308,359,367,881326,7072,674102,2851800
2309,330,352,880996,7050,674454,2701400
2310,332,365,880664,7017,674819,2712200
2311,342,365,880322,6994,675184,2900100
2312,370,322,879952,7042,675506,2880800
2313,354,337,879598,7059,675843,3305900
2314,357,367,879241,7049,676210,3054800
2315,343,314,878898,7078,676524,3012200
2316,318,352,878580,7044,676876,2838500
2317,329,361,878251,7012,677237,2841000
2318,365,370,877886,7007,677607,2831500
2319,333,314,877553,7026,677921,2790000
2320,323,345,877230,7004,678266,3131300
2321,359,366,876871,6997,678632,2854800
2322,352,372,876519,6977,679004,2817400
2323,344,337,876175,6984,679341,2953200
2324,366,385,875809,6965,679726,2791000
2325,386,365,875423,6986,680091,2974600
2326,354,341,875069,6999,680432,2841900
2327,363,332,874706,7030,680764,2727800
2328,335,334,874371,7031,681098,2847600
2329,378,347,873993,7062,681445,2741200
2330,380,337,873613,7105,681782,2821900
2331,356,365,873257,7096,682147,2876500
2332,362,377,872895,7081,682524,2722200
2333,360,364,872535,7077,682888,2870000
2334,348,356,872187,7069,683244,2886100
2335,332,331,871855,7070,683575,2787700
2336,330,346,871525,7054,683921,3035800
2337,350,347,871175,7057,684268,3027100
2338,345,358,870830,7044,684626,2838600
2339,333,356,870497,7021,684982,2839500
2340,335,349,870162,7007,685331,2823400
2341,350,379,869812,6978,685710,2839600
2342,375,377,869437,6976,686087,2764500
2343,339,366,869098,6949,686453,2761500
2344,356,361,868742,6944,686814,2855900
2345,353,349,868389,6948,687163,2821100
2346,368,349,868021,6967,687512,2819600
2347,355,344,867666,6978,687856,2830000
2348,387,321,867279,7044,688177,2706700
2349,351,334,866928,7061,688511,2817200
2350,343,356,866585,7048,688867,2825600
2351,368,352,866217,7064,689219,2835600
2352,392,358,865825,7098,689577,2812700
2353,367,334,865458,7131,689911,2924600
2354,352,379,865106,7104,690290,2942400
2355,369,388,864737,7085,690678,2768200
2356,361,385,864376,7061,691063,2819200
2357,381,341,863995,7101,691404,3058500
2358,381,364,863614,7118,691768,3038800
2359,400,350,863214,7168,692118,2904000
2360,374,345,862840,7197,692463,3048700
2361,388,339,862452,7246,692802,2901100
2362,387,369,862065,7264,693171,2929200
2363,388,346,861677,7306,693517,2889300
2364,361,340,861316,7327,693857,2754400
2365,359,370,860957,7316,694227,2761700
2366,406,416,860551,7306,694643,2799900
2367,394,357,860157,7343,695000,2833000
2368,357,383,859800,7317,695383,2829900
2369,396,382,859404,7331,695765,3089700
2370,387,342,859017,7376,696107,3132400
2371,392,358,858625,7410,696465,2834600
2372,344,346,858281,7408,696811,2792900
2373,340,353,857941,7395,697164,2960300
2374,348,399,857593,7344,697563,2749300
2375,374,383,857219,7335,697946,2718500
2376,363,331,856856,7367,698277,2818500
2377,381,357,856475,7391,698634,2841100
2378,347,379,856128,7359,699013,2804600
2379,368,352,855760,7375,699365,2818700
2380,324,389,855436,7310,699754,2943500
2381,349,356,855087,7303,700110,2786900
2382,381,361,854706,7323,700471,2853800
2383,315,351,854391,7287,700822,2834500
2384,356,384,854035,7259,701206,2839200
2385,351,379,853684,7231,701585,2858400
2386,327,340,853357,7218,701925,2697600
2387,368,372,852989,7214,702297,2807700
2388,384,372,852605,7226,702669,2852100
2389,405,319,852200,7312,702988,2806500
2390,382,384,851818,7310,703372,2821300
2391,353,366,851465,7297,703738,2887800
2392,375,341,851090,7331,704079,2926200
2393,391,371,850699,7351,704450,2790100
2394,364,358,850335,7357,704808,2820200
2395,390,356,849945,7391,705164,2831100
2396,345,382,849600,7354,705546,2843400
2397,359,391,849241,7322,705937,2778300
2398,350,346,848891,7326,706283,2754200
2399,366,347,848525,7345,706630,2816800
2400,348,365,848177,7328,706995,2822900
2401,325,385,847852,7268,707380,2873300
2402,330,391,847522,7207,707771,2811500
2403,354,342,847168,7219,708113,2788600
2404,373,356,846795,7236,708469,2947400
2405,327,368,846468,7195,708837,2825700
2406,334,349,846134,7180,709186,2919300
2407,354,357,845780,7177,709543,2855300
2408,343,341,845437,7179,709884,3054600
2409,333,362,845104,7150,710246,2719900
2410,349,371,844755,7128,710617,3027100
2411,344,351,844411,7121,710968,2731300
2412,365,344,844046,7142,711312,2824300
2413,372,342,843674,7172,711654,2814600
2414,367,378,843307,7161,712032,2834500
2415,395,354,842912,7202,712386,2867700
2416,358,357,842554,7203,712743,2778200
2417,358,352,842196,7209,713095,2824100
2418,338,364,841858,7183,713459,2938000
2419,356,365,841502,7174,713824,2907100
2420,360,377,841142,7157,714201,2977700
2421,371,344,840771,7184,714545,2828500
2422,382,357,840389,7209,714902,2912700
2423,362,353,840027,7218,715255,2991600
2424,378,381,839649,7215,715636,2760200
2425,381,362,839268,7234,715998,2827500
2426,330,350,838938,7214,716348,2839500
2427,397,358,838541,7253,716706,3025500
2428,357,346,838184,7264,717052,2935600
2429,350,348,837834,7266,717400,2991400
2430,377,361,837457,7282,717761,2965100
2431,365,370,837092,7277,718131,2781700
2432,365,358,836727,7284,718489,2838600
2433,355,349,836372,7290,718838,2758700
2434,360,378,836012,7272,719216,2704500
2435,332,339,835680,7265,719555,2874600
2436,335,369,835345,7231,719924,2814600
2437,345,373,835000,7203,720297,2831200
2438,359,353,834641,7209,720650,2832700
2439,344,362,834297,7191,721012,2831500
2440,351,374,833946,7168,721386,2775100
2441,336,361,833610,7143,721747,2929500
2442,329,357,833281,7115,722104,2958700
2443,334,380,832947,7069,722484,2785000
2444,349,334,832598,7084,722818,2823400
2445,357,363,832241,7078,723181,2813600
2446,404,361,831837,7121,723542,3182400
2447,369,343,831468,7147,723885,3111700
2448,345,379,831123,7113,724264,3184400
2449,327,333,830796,7107,724597,2992200
2450,334,338,830462,7103,724935,3141100
2451,349,333,830113,7119,725268,3197100
2452,356,337,829757,7138,725605,3474800
2453,355,344,829402,7149,725949,3202200
2454,345,327,829057,7167,726276,3115000
2455,370,356,828687,7181,726632,3094000
2456,349,359,828338,7171,726991,2934500
2457,325,382,828013,7114,727373,2845500
2458,368,367,827645,7115,727740,3081100
2459,346,369,827299,7092,728109,3012600
2460,357,328,826942,7121,728437,3060500
2461,375,348,826567,7148,728785,3292400
2462,346,365,826221,7129,729150,2948800
2463,359,332,825862,7156,729482,2915400
2464,355,374,825507,7137,729856,2869600
2465,378,352,825129,7163,730208,2983100
2466,345,357,824784,7151,730565,2882800
2467,359,381,824425,7129,730946,3122800
2468,351,362,824074,7118,731308,2964600
2469,367,312,823707,7173,731620,2929700
2470,346,352,823361,7167,731972,2868800
2471,362,337,822999,7192,732309,3187100
2472,349,357,822650,7184,732666,3166600
2473,364,393,822286,7155,733059,3336000
2474,339,372,821947,7122,733431,3171800
2475,343,319,821604,7146,733750,3041000
2476,364,335,821240,7175,734085,2983400
2477,371,372,820869,7174,734457,2955500
2478,352,335,820517,7191,734792,3207800
2479,348,353,820169,7186,735145,3071500
2480,363,388,819806,7161,735533,2973500
2481,305,366,819501,7100,735899,3166600
2482,351,368,819150,7083,736267,2996400
2483,349,364,818801,7068,736631,2966600
2484,358,342,818443,7084,736973,3072900
2485,337,363,818106,7058,737336,3066100
2486,358,338,817748,7078,737674,2995000
2487,351,370,817397,7059,738044,3071700
2488,369,360,817028,7068,738404,3078000
2489,327,364,816701,7031,738768,2944200
2490,344,374,816357,7001,739142,3029900
2491,343,358,816014,6986,739500,3147000
2492,314,323,815700,6977,739823,3454200
2493,329,377,815371,6929,740200,3480300
2494,309,363,815062,6875,740563,3304700
2495,363,343,814699,6895,740906,3231700
2496,360,330,814339,6925,741236,3175400
2497,343,341,813996,6927,741577,3172100
2498,380,361,813616,6946,741938,2965500
2499,355,341,813261,6960,742279,3114300
2500,326,357,812935,6929,742636,3061600
2501,322,353,812613,6898,742989,3152300
2502,338,364,812275,6872,743353,3047900
2503,370,337,811905,6905,743690,3070500
2504,322,373,811583,6854,744063,3082200
2505,325,322,811258,6857,744385,3169400
2506,372,335,810886,6894,744720,3100000
2507,361,335,810525,6920,745055,3315300
2508,363,335,810162,6948,745390,2967300
2509,344,325,809818,6967,745715,3169800
2510,372,374,809446,6965,746089,2960900
2511,371,322,809075,7014,746411,3269000
2512,348,381,808727,6981,746792,2949100
2513,363,312,808364,7032,747104,3264800
2514,339,339,808025,7032,747443,2987400
2515,347,362,807678,7017,747805,3342400
2516,361,331,807317,7047,748136,3063000
2517,365,344,806952,7068,748480,2989800
2518,369,340,806583,7097,748820,2966000
2519,367,398,806216,7066,749218,2928100
2520,372,335,805844,7103,749553,3065100
2521,331,386,805513,7048,749939,3210100
2522,367,340,805146,7075,750279,3203900
2523,348,347,804798,7076,750626,3214600
2524,360,321,804438,7115,750947,3121600
2525,326,331,804112,7110,751278,3078900
2526,362,369,803750,7103,751647,3023500
2527,360,325,803390,7138,751972,3036300
2528,350,364,803040,7124,752336,2977800
2529,352,353,802688,7123,752689,3093000
2530,349,385,802339,7087,753074,2978700
2531,348,357,801991,7078,753431,3033400
2532,362,344,801629,7096,753775,2988600
2533,370,396,801259,7070,754171,2980300
2534,320,376,800939,7014,754547,3184900
2535,338,343,800601,7009,754890,2901100
2536,351,386,800250,6974,755276,3035100
2537,375,355,799875,6994,755631,2863900
2538,388,363,799487,7019,755994,3040000
2539,343,375,799144,6987,756369,2963800
2540,398,349,798746,7036,756718,2988800
2541,374,384,798372,7026,757102,2855900
2542,362,357,798010,7031,757459,2879400
2543,346,379,797664,6998,757838,2827900
2544,349,349,797315,6998,758187,2790100
2545,367,363,796948,7002,758550,2805400
2546,368,378,796580,6992,758928,2848400
2547,378,369,796202,7001,759297,2824500
2548,354,324,795848,7031,759621,2891200
2549,368,337,795480,7062,759958,2815000
2550,339,328,795141,7073,760286,2735500
2551,385,354,794756,7104,760640,2846500
2552,363,315,794393,7152,760955,2855300
2553,377,368,794016,7161,761323,2861400
2554,380,327,793636,7214,761650,2846500
2555,358,387,793278,7185,762037,2833800
2556,375,366,792903,7194,762403,2736800
2557,356,398,792547,7152,762801,2720800
2558,350,362,792197,7140,763163,2830500
2559,367,341,791830,7166,763504,2917700
2560,359,364,791471,7161,763868,2986400
2561,371,384,791100,7148,764252,2867600
2562,322,361,790778,7109,764613,2839100
2563,367,390,790411,7086,765003,2855500
2564,370,377,790041,7079,765380,3073500
2565,371,353,789670,7097,765733,2898800
2566,362,354,789308,7105,766087,3079600
2567,382,352,788926,7135,766439,3135600
2568,373,340,788553,7168,766779,2940800
2569,367,393,788186,7142,767172,2946000
2570,366,363,787820,7145,767535,3205500
2571,362,343,787458,7164,767878,3267200
2572,365,376,787093,7153,768254,3159000
2573,380,343,786713,7190,768597,2850400
2574,321,325,786392,7186,768922,2802100
2575,357,356,786035,7187,769278,2997500
2576,348,371,785687,7164,769649,3241400
2577,355,349,785332,7170,769998,2925800
2578,350,346,784982,7174,770344,3002300
2579,335,403,784647,7106,770747,2950400
2580,383,357,784264,7132,771104,3045800
2581,404,341,783860,7195,771445,3236600
2582,358,380,783502,7173,771825,3014300
2583,375,363,783127,7185,772188,2964500
2584,342,339,782785,7188,772527,2889100
2585,365,384,782420,7169,772911,3004400
2586,389,374,782031,7184,773285,3069100
2587,358,340,781673,7202,773625,3042400
2588,348,364,781325,7186,773989,3095600
2589,380,323,780945,7243,774312,3101300
2590,354,312,780591,7285,774624,3019100
2591,352,375,780239,7262,774999,3137100
2592,340,395,779899,7207,775394,3050700
2593,390,372,779509,7225,775766,3022900
2594,395,369,779114,7251,776135,2969400
2595,358,326,778756,7283,776461,3035100
2596,367,381,778389,7269,776842,3030700
2597,387,369,778002,7287,777211,3155500
2598,375,387,777627,7275,777598,2949500
2599,369,354,777258,7290,777952,3443800
2600,407,346,776851,7351,778298,3307700
2601,395,385,776456,7361,778683,3007500
2602,383,377,776073,7367,779060,2853100
2603,399,346,775674,7420,779406,2880500
2604,418,380,775256,7458,779786,2960800
2605,403,364,774853,7497,780150,3032500
2606,359,378,774494,7478,780528,3431600
2607,402,398,774092,7482,780926,3156800
2608,351,394,773741,7439,781320,2829100
2609,335,379,773406,7395,781699,2904700
2610,346,381,773060,7360,782080,2939200
2611,356,407,772704,7309,782487,2909200
2612,366,332,772338,7343,782819,2797300
2613,358,335,771980,7366,783154,3041100
2614,369,370,771611,7365,783524,3002300
2615,363,375,771248,7353,783899,3008300
2616,353,356,770895,7350,784255,2883200
2617,380,360,770515,7370,784615,2870400
2618,389,344,770126,7415,784959,2918600
2619,374,367,769752,7422,785326,2825700
2620,379,346,769373,7455,785672,2840200
2621,379,344,768994,7490,786016,2904200
2622,381,392,768613,7479,786408,2996100
2623,424,350,768189,7553,786758,2904900
2624,401,379,767788,7575,787137,2971800
2625,367,411,767421,7531,787548,3025200
2626,404,359,767017,7576,787907,2971000
2627,405,381,766612,7600,788288,3020100
2628,353,361,766259,7592,788649,2844700
2629,388,343,765871,7637,788992,2921600
2630,357,365,765514,7629,789357,2792700
2631,398,373,765116,7654,789730,2915400
2632,394,376,764722,7672,790106,2807700
2633,403,362,764319,7713,790468,2793900
2634,393,401,763926,7705,790869,2779900
2635,403,389,763523,7719,791258,2764700
2636,416,383,763107,7752,791641,2852500
2637,390,398,762717,7744,792039,2935200
2638,358,403,762359,7699,792442,3145400
2639,394,399,761965,7694,792841,3122700
2640,408,373,761557,7729,793214,2795700
2641,425,386,761132,7768,793600,3038400
2642,392,341,760740,7819,793941,3029200
2643,396,381,760344,7834,794322,2832700
2644,418,396,759926,7856,794718,2757500
2645,411,401,759515,7866,795119,2956300
2646,400,372,759115,7894,795491,2989600
2647,408,392,758707,7910,795883,3013100
2648,387,384,758320,7913,796267,3209600
2649,411,385,757909,7939,796652,3062100
2650,369,416,757540,7892,797068,3139600
2651,407,390,757133,7909,797458,2872700
2652,428,381,756705,7956,797839,2894600
2653,389,378,756316,7967,798217,2880200
2654,402,400,755914,7969,798617,2866700
2655,393,400,755521,7962,799017,2775600
2656,362,415,755159,7909,799432,2732200
2657,401,397,754758,7913,799829,2838500
2658,371,391,754387,7893,800220,2808000
2659,386,398,754001,7881,800618,2895500
2660,381,380,753620,7882,800998,2845400
2661,361,422,753259,7821,801420,2910400
2662,373,393,752886,7801,801813,2784800
2663,411,379,752475,7833,802192,2768300
2664,385,413,752090,7805,802605,2818200
2665,369,423,751721,7751,803028,2855700
2666,389,392,751332,7748,803420,3062300
2667,401,391,750931,7758,803811,3052800
2668,350,369,750581,7739,804180,2839500
2669,334,376,750247,7697,804556,2825600
2670,350,394,749897,7653,804950,2829900
2671,364,365,749533,7652,805315,2876500
2672,355,404,749178,7603,805719,2845200
2673,376,383,748802,7596,806102,2820300
2674,334,353,748468,7577,806455,2800900
2675,354,371,748114,7560,806826,2804100
2676,367,374,747747,7553,807200,3091800
2677,379,371,747368,7561,807571,3127900
2678,351,394,747017,7518,807965,2734000
2679,359,373,746658,7504,808338,2777400
2680,344,374,746314,7474,808712,2785100
2681,384,368,745930,7490,809080,2838200
2682,338,371,745592,7457,809451,2824000
2683,352,378,745240,7431,809829,2855300
2684,352,363,744888,7420,810192,2797500
2685,360,377,744528,7403,810569,2710100
2686,331,368,744197,7366,810937,2821000
2687,332,377,743865,7321,811314,2889600
2688,318,371,743547,7268,811685,2713200
2689,360,356,743187,7272,812041,2774700
2690,355,364,742832,7263,812405,2733800
2691,370,337,742462,7296,812742,2700200
2692,362,344,742100,7314,813086,3014600
2693,370,391,741730,7293,813477,3027200
2694,351,345,741379,7299,813822,2999100
2695,338,396,741041,7241,814218,2907000
2696,350,356,740691,7235,814574,2798800
2697,381,352,740310,7264,814926,2860300
2698,380,370,739930,7274,815296,2849500
2699,354,338,739576,7290,815634,2782400
2700,347,353,739229,7284,815987,2859900
2701,350,315,738879,7319,816302,2793800
2702,348,389,738531,7278,816691,3003900
2703,372,380,738159,7270,817071,3141700
2704,405,367,737754,7308,817438,3053400
2705,365,411,737389,7262,817849,3087600
2706,396,382,736993,7276,818231,2928100
2707,380,370,736613,7286,818601,3053200
2708,386,373,736227,7299,818974,2859500
2709,353,346,735874,7306,819320,2852400
2710,376,361,735498,7321,819681,2845100
2711,343,338,735155,7326,820019,2839700
2712,373,396,734782,7303,820415,2914200
2713,378,377,734404,7304,820792,2716100
2714,356,342,734048,7318,821134,2944500
2715,352,348,733696,7322,821482,2840200
2716,389,401,733307,7310,821883,2832200
2717,365,352,732942,7323,822235,2864400
2718,354,354,732588,7323,822589,2887600
2719,338,369,732250,7292,822958,2800800
2720,354,375,731896,7271,823333,3075900
2721,341,338,731555,7274,823671,3029000
2722,365,345,731190,7294,824016,2836000
2723,385,352,730805,7327,824368,2827500
2724,370,379,730435,7318,824747,2820700
2725,323,383,730112,7258,825130,2942200
2726,336,358,729776,7236,825488,2829400
2727,363,335,729413,7264,825823,2775800
2728,359,385,729054,7238,826208,2814400
2729,351,361,728703,7228,826569,2773700
2730,342,369,728361,7201,826938,2884200
2731,363,341,727998,7223,827279,2733200
2732,355,360,727643,7218,827639,2804100
2733,345,360,727298,7203,827999,2742200
2734,346,361,726952,7188,828360,2907300
2735,362,340,726590,7210,828700,2855700
2736,350,358,726240,7202,829058,3159200
2737,361,327,725879,7236,829385,2849500
2738,345,347,725534,7234,829732,2827200
2739,367,362,725167,7239,830094,2846900
2740,381,342,724786,7278,830436,2870600
2741,345,370,724441,7253,830806,3011700
2742,372,360,724069,7265,831166,3041600
2743,363,387,723706,7241,831553,3110900
2744,359,362,723347,7238,831915,3019100
2745,351,356,722996,7233,832271,2879800
2746,375,399,722621,7209,832670,2846800
2747,309,347,722312,7171,833017,2931600
2748,364,347,721948,7188,833364,2829600
2749,360,371,721588,7177,833735,3150300
2750,400,366,721188,7211,834101,2803600
2751,366,343,720822,7234,834444,2797800
2752,356,338,720466,7252,834782,2891900
2753,340,315,720126,7277,835097,2852700
2754,379,394,719747,7262,835491,2831500
2755,386,354,719361,7294,835845,2800200
2756,376,363,718985,7307,836208,2784500
2757,392,363,718593,7336,836571,2833800
2758,391,361,718202,7366,836932,2768300
2759,392,328,717810,7430,837260,3086600
2760,385,372,717425,7443,837632,2840300
2761,390,389,717035,7444,838021,2867400
2762,394,349,716641,7489,838370,3204800
2763,370,384,716271,7475,838754,3119100
2764,397,366,715874,7506,839120,3089800
2765,391,354,715483,7543,839474,3043200
2766,397,368,715086,7572,839842,2871400
2767,393,379,714693,7586,840221,3055400
2768,370,397,714323,7559,840618,2958300
2769,399,382,713924,7576,841000,3073900
2770,372,373,713552,7575,841373,2830800
2771,377,352,713175,7600,841725,2843400
2772,368,380,712807,7588,842105,2840800
2773,372,367,712435,7593,842472,3042100
2774,386,416,712049,7563,842888,3084500
2775,440,405,711609,7598,843293,3012800
2776,409,387,711200,7620,843680,3012800
2777,386,400,710814,7606,844080,3153000
2778,380,370,710434,7616,844450,3066700
2779,371,372,710063,7615,844822,2999700
2780,398,398,709665,7615,845220,2889900
2781,390,383,709275,7622,845603,3067000
2782,352,366,708923,7608,845969,2881100
2783,348,402,708575,7554,846371,2845200
2784,388,391,708187,7551,846762,2882600
2785,370,405,707817,7516,847167,2959700
2786,358,369,707459,7505,847536,2973200
2787,352,415,707107,7442,847951,3167100
2788,339,378,706768,7403,848329,3204200
2789,381,354,706387,7430,848683,2944500
2790,369,375,706018,7424,849058,3090400
2791,335,353,705683,7406,849411,3125200
2792,365,344,705318,7427,849755,2876800
2793,395,339,704923,7483,850094,2841800
2794,396,349,704527,7530,850443,2940200
2795,417,353,704110,7594,850796,3054800
2796,380,378,703730,7596,851174,3010100
2797,382,390,703348,7588,851564,2835500
2798,390,369,702958,7609,851933,2904700
2799,410,385,702548,7634,852318,3100600
2800,398,402,702150,7630,852720,3090200
2801,378,348,701772,7660,853068,3068500
2802,369,404,701403,7625,853472,3131400
2803,397,359,701006,7663,853831,3093400
2804,374,376,700632,7661,854207,3040500
2805,371,395,700261,7637,854602,3060900
2806,387,391,699874,7633,854993,2960400
2807,351,389,699523,7595,855382,3140300
2808,372,391,699151,7576,855773,3085600
2809,382,393,698769,7565,856166,3047600
2810,408,373,698361,7600,856539,3101500
2811,355,367,698006,7588,856906,3039400
2812,362,385,697644,7565,857291,3010300
2813,400,387,697244,7578,857678,2946600
2814,373,387,696871,7564,858065,3004200
2815,395,375,696476,7584,858440,2933000
2816,387,375,696089,7596,858815,3089500
2817,379,372,695710,7603,859187,3060600
2818,353,391,695357,7565,859578,2871200
2819,360,363,694997,7562,859941,3363800
2820,365,384,694632,7543,860325,3022300
2821,389,356,694243,7576,860681,3153900
2822,390,376,693853,7590,861057,3040400
2823,385,401,693468,7574,861458,3230300
2824,387,365,693081,7596,861823,3035700
2825,375,397,692706,7574,862220,2930200
2826,404,378,692302,7600,862598,3033400
2827,384,393,691918,7591,862991,3164800
2828,379,391,691539,7579,863382,3084600
2829,368,337,691171,7610,863719,3110800
2830,395,375,690776,7630,864094,3327500
2831,379,402,690397,7607,864496,3129300
2832,391,386,690006,7612,864882,3071800
2833,369,377,689637,7604,865259,2919600
2834,409,360,689228,7653,865619,2957500
2835,388,355,688840,7686,865974,3017200
2836,372,410,688468,7648,866384,2962200
2837,381,386,688087,7643,866770,3174600
2838,363,357,687724,7649,867127,3054500
2839,374,356,687350,7667,867483,3218400
2840,387,381,686963,7673,867864,3064700
2841,385,381,686578,7677,868245,3097800
2842,395,401,686183,7671,868646,2967200
2843,379,381,685804,7669,869027,2975800
2844,367,353,685437,7683,869380,2933700
2845,370,341,685067,7712,869721,2962200
2846,376,366,684691,7722,870087,3162600
2847,372,422,684319,7672,870509,3003300
2848,371,384,683948,7659,870893,3126700
2849,382,370,683566,7671,871263,3200400
2850,380,366,683186,7685,871629,3124500
2851,392,351,682794,7726,871980,3078000
2852,406,404,682388,7728,872384,2963000
2853,383,392,682005,7719,872776,2852300
2854,386,383,681619,7722,873159,2989000
2855,366,384,681253,7704,873543,2890100
2856,360,359,680893,7705,873902,2970500
2857,377,368,680516,7714,874270,3039200
2858,336,394,680180,7656,874664,2933800
2859,365,408,679815,7613,875072,3211000
2860,384,402,679431,7595,875474,2925400
2861,371,369,679060,7597,875843,3039500
2862,377,382,678683,7592,876225,2949200
2863,397,372,678286,7617,876597,3166000
2864,400,380,677886,7637,876977,2928200
2865,396,392,677490,7641,877369,2989000
2866,369,399,677121,7611,877768,2918700
2867,337,344,676784,7604,878112,2946200
2868,381,376,676403,7609,878488,3232000
2869,373,405,676030,7577,878893,3072900
2870,369,381,675661,7565,879274,3117200
2871,343,360,675318,7548,879634,3324400
2872,380,396,674938,7532,880030,2958400
2873,349,379,674589,7502,880409,2897600
2874,373,351,674216,7524,880760,3045400
2875,370,386,673846,7508,881146,2987400
2876,364,341,673482,7531,881487,3076000
2877,393,367,673089,7557,881854,3205000
2878,414,368,672675,7603,882222,3144000
2879,357,345,672318,7615,882567,3258300
2880,379,407,671939,7587,882974,3013500
2881,387,369,671552,7605,883343,3214900
2882,391,366,671161,7630,883709,2960200
2883,418,384,670743,7664,884093,3119600
2884,388,381,670355,7671,884474,3167200
2885,401,378,669954,7694,884852,3017800
2886,384,383,669570,7695,885235,3403800
2887,367,388,669203,7674,885623,3088500
2888,396,374,668807,7696,885997,3118000
2889,426,399,668381,7723,886396,3057400
2890,386,343,667995,7766,886739,3193700
2891,383,365,667612,7784,887104,3017400
2892,384,435,667228,7733,887539,2956200
2893,426,359,666802,7800,887898,3138200
2894,411,369,666391,7842,888267,2994000
2895,378,401,666013,7819,888668,3168400
2896,393,366,665620,7846,889034,2929400
2897,404,407,665216,7843,889441,3137200
2898,354,406,664862,7791,889847,3024300
2899,403,351,664459,7843,890198,3016400
2900,370,371,664089,7842,890569,2827200
2901,397,405,663692,7834,890974,2896200
2902,406,379,663286,7861,891353,2991400
2903,377,389,662909,7849,891742,2967500
2904,397,399,662512,7847,892141,3020400
2905,371,382,662141,7836,892523,2859400
2906,395,381,661746,7850,892904,2910800
2907,381,384,661365,7847,893288,2938100
2908,351,410,661014,7788,893698,2956600
2909,377,395,660637,7770,894093,2766200
2910,403,384,660234,7789,894477,2932900
2911,372,371,659862,7790,894848,2928000
2912,393,397,659469,7786,895245,2885100
2913,377,431,659092,7732,895676,2876700
2914,421,382,658671,7771,896058,2936000
2915,409,384,658262,7796,896442,2931400
2916,396,378,657866,7814,896820,3247000
2917,350,390,657516,7774,897210,3066000
2918,368,372,657148,7770,897582,3108000
2919,395,405,656753,7760,897987,3063500
2920,358,412,656395,7706,898399,3057700
2921,393,377,656002,7722,898776,3195200
2922,343,410,655659,7655,899186,3181200
2923,392,375,655267,7672,899561,3303100
2924,353,373,654914,7652,899934,3071900
2925,385,355,654529,7682,900289,2982700
2926,361,365,654168,7678,900654,2951400
2927,377,374,653791,7681,901028,2994700
2928,389,383,653402,7687,901411,3238800
2929,378,379,653024,7686,901790,2976600
2930,410,401,652614,7695,902191,3070000
2931,385,406,652229,7674,902597,3220800
2932,373,380,651856,7667,902977,3272500
2933,394,401,651462,7660,903378,3070500
2934,404,381,651058,7683,903759,2999300
2935,415,363,650643,7735,904122,2871800
2936,405,352,650238,7788,904474,2876900
2937,388,402,649850,7774,904876,3066900
2938,383,424,649467,7733,905300,2997400
2939,341,356,649126,7718,905656,2997200
2940,411,368,648715,7761,906024,2966700
2941,360,393,648355,7728,906417,3217900
2942,382,380,647973,7730,906797,2858800
2943,394,368,647579,7756,907165,3071700
2944,343,379,647236,7720,907544,2930800
2945,385,393,646851,7712,907937,2882900
2946,369,373,646482,7708,908310,2996700
2947,380,459,646102,7629,908769,3133800
2948,384,376,645718,7637,909145,2995800
2949,358,374,645360,7621,909519,3023300
2950,348,398,645012,7571,909917,3159000
2951,377,363,644635,7585,910280,2993500
2952,396,388,644239,7593,910668,3180400
2953,379,338,643860,7634,911006,3136900
2954,403,430,643457,7607,911436,3132100
2955,405,388,643052,7624,911824,2976000
2956,405,401,642647,7628,912225,2928900
2957,367,372,642280,7623,912597,2918900
2958,420,373,641860,7670,912970,2976900
2959,397,378,641463,7689,913348,3064800
2960,419,393,641044,7715,913741,2935200
2961,397,386,640647,7726,914127,3358900
2962,423,380,640224,7769,914507,2974300
2963,418,390,639806,7797,914897,3160900
2964,407,388,639399,7816,915285,3008500
2965,387,370,639012,7833,915655,2911000
2966,420,407,638592,7846,916062,2937700
2967,441,416,638151,7871,916478,2948200
2968,426,372,637725,7925,916850,2906300
2969,382,391,637343,7916,917241,3145300
2970,397,402,636946,7911,917643,3057900
2971,408,410,636538,7909,918053,2943900
2972,406,376,636132,7939,918429,2834700
2973,408,399,635724,7948,918828,3055200
2974,411,391,635313,7968,919219,2971600
2975,409,414,634904,7963,919633,2980600
2976,394,427,634510,7930,920060,2812600
2977,364,411,634146,7883,920471,2897700
2978,387,389,633759,7881,920860,2992900
2979,425,365,633334,7941,921225,2952900
2980,384,387,632950,7938,921612,2890000
2981,384,381,632566,7941,921993,2961900
2982,411,383,632155,7969,922376,2893500
2983,378,454,631777,7893,922830,3105200
2984,410,393,631367,7910,923223,3032400
2985,405,404,630962,7911,923627,3073300
2986,359,393,630603,7877,924020,2784100
2987,365,387,630238,7855,924407,2864200
2988,377,401,629861,7831,924808,3068100
2989,399,387,629462,7843,925195,2844600
2990,388,423,629074,7808,925618,2846600
2991,388,420,628686,7776,926038,2958400
2992,393,362,628293,7807,926400,2793600
2993,394,390,627899,7811,926790,2896200
2994,383,391,627516,7803,927181,3236000
2995,384,378,627132,7809,927559,3122900
2996,384,395,626748,7798,927954,3233300
2997,383,383,626365,7798,928337,3026900
2998,391,421,625974,7768,928758,2979400
2999,398,351,625576,7815,929109,2932300
3000,364,375,625212,7804,929484,3150500
3001,393,376,624819,7821,929860,3005600
3002,383,418,624436,7786,930278,2860100
3003,391,374,624045,7803,930652,2904900
3004,428,401,623617,7830,931053,2924900
3005,416,379,623201,7867,931432,3290300
3006,412,416,622789,7863,931848,3109500
3007,398,391,622391,7870,932239,3086400
3008,391,379,622000,7882,932618,3231400
3009,379,418,621621,7843,933036,3108500
3010,367,420,621254,7790,933456,3129500
3011,385,417,620869,7758,933873,3134500
3012,392,381,620477,7769,934254,2985700
3013,408,374,620069,7803,934628,2933200
3014,360,370,619709,7793,934998,2913700
3015,382,400,619327,7775,935398,3083100
3016,404,385,618923,7794,935783,3210100
3017,360,395,618563,7759,936178,2924000
3018,428,357,618135,7830,936535,2890000
3019,397,388,617738,7839,936923,3016900
3020,394,362,617344,7871,937285,2893800
3021,409,391,616935,7889,937676,3251400
3022,366,439,616569,7816,938115,2936000
3023,362,401,616207,7777,938516,2844600
3024,428,413,615779,7792,938929,3066000
3025,408,377,615371,7823,939306,2916400
3026,403,369,614968,7857,939675,2879100
3027,382,373,614586,7866,940048,2964000
3028,406,395,614180,7877,940443,3080400
3029,405,402,613775,7880,940845,2940300
3030,374,376,613401,7878,941221,2911700
3031,390,424,613011,7844,941645,2995100
3032,392,423,612619,7813,942068,3123500
3033,387,386,612232,7814,942454,2921600
3034,404,365,611828,7853,942819,3067800
3035,381,354,611447,7880,943173,2883200
3036,381,399,611066,7862,943572,3011800
3037,396,398,610670,7860,943970,2906500
3038,407,377,610263,7890,944347,2775800
3039,364,389,609899,7865,944736,2883200
3040,379,354,609520,7890,945090,2863300
3041,374,387,609146,7877,945477,2858500
3042,410,391,608736,7896,945868,2750900
3043,408,399,608328,7905,946267,2856500
3044,381,426,607947,7860,946693,2896700
3045,381,426,607566,7815,947119,3014900
3046,425,417,607141,7823,947536,3147500
3047,397,381,606744,7839,947917,2800800
3048,368,364,606376,7843,948281,2889100
3049,389,424,605987,7808,948705,3222000
3050,387,408,605600,7787,949113,3258800
3051,391,397,605209,7781,949510,3172300
3052,374,401,604835,7754,949911,3089200
3053,385,390,604450,7749,950301,3031700
3054,411,390,604039,7770,950691,3056100
3055,376,402,603663,7744,951093,3047200
3056,386,391,603277,7739,951484,3105200
3057,354,402,602923,7691,951886,2931100
3058,375,370,602548,7696,952256,2908500
3059,389,374,602159,7711,952630,2860500
3060,367,378,601792,7700,953008,2807400
3061,385,381,601407,7704,953389,2840900
3062,377,407,601030,7674,953796,2782200
3063,379,357,600651,7696,954153,2958600
3064,379,382,600272,7693,954535,2892600
3065,388,406,599884,7675,954941,2848200
3066,380,363,599504,7692,955304,2900600
3067,382,380,599122,7694,955684,2896500
3068,371,431,598751,7634,956115,2820700
3069,397,384,598354,7647,956499,2762400
3070,380,429,597974,7598,956928,2873900
3071,392,384,597582,7606,957312,2892400
3072,362,397,597220,7571,957709,2881800
3073,386,392,596834,7565,958101,3016200
3074,393,400,596441,7558,958501,2934400
3075,396,391,596045,7563,958892,2992300
3076,382,374,595663,7571,959266,3094300
3077,355,376,595308,7550,959642,2894100
3078,381,371,594927,7560,960013,3262700
3079,394,351,594533,7603,960364,3006800
3080,391,317,594142,7677,960681,2906200
3081,365,365,593777,7677,961046,2873000
3082,388,366,593389,7699,961412,2730500
3083,407,378,592982,7728,961790,2887800
3084,394,378,592588,7744,962168,3074500
3085,426,360,592162,7810,962528,3227600
3086,427,377,591735,7860,962905,3225900
3087,422,371,591313,7911,963276,3437800
3088,392,382,590921,7921,963658,3345600
3089,398,414,590523,7905,964072,3150200
3090,394,388,590129,7911,964460,3182600
3091,386,429,589743,7868,964889,3176400
3092,375,425,589368,7818,965314,2963000
3093,395,372,588973,7841,965686,2976900
3094,406,365,588567,7882,966051,3153400
3095,406,376,588161,7912,966427,2871400
3096,398,400,587763,7910,966827,3029000
3097,385,419,587378,7876,967246,2842400
3098,412,386,586966,7902,967632,2908700
3099,408,396,586558,7914,968028,3125700
3100,404,389,586154,7929,968417,3075000
3101,398,378,585756,7949,968795,2887700
3102,419,389,585337,7979,969184,2796100
3103,368,381,584969,7966,969565,2915700
3104,375,408,584594,7933,969973,2936500
3105,413,399,584181,7947,970372,2949900
3106,411,386,583770,7972,970758,2886500
3107,414,381,583356,8005,971139,3311200
3108,389,375,582967,8019,971514,3081800
3109,420,415,582547,8024,971929,3107000
3110,408,383,582139,8049,972312,3090000
3111,389,378,581750,8060,972690,2933000
3112,394,368,581356,8086,973058,2907800
3113,420,387,580936,8119,973445,2927800
3114,373,419,580563,8073,973864,3007600
3115,389,427,580174,8035,974291,3202900
3116,401,406,579773,8030,974697,3021300
3117,398,400,579375,8028,975097,2953900
3118,404,410,578971,8022,975507,2905500
3119,403,422,578568,8003,975929,2934600
3120,402,400,578166,8005,976329,3110400
3121,381,398,577785,7988,976727,3107000
3122,398,405,577387,7981,977132,2872200
3123,414,408,576973,7987,977540,3060600
3124,406,410,576567,7983,977950,2899700
3125,402,426,576165,7959,978376,2963100
3126,427,416,575738,7970,978792,2908100
3127,396,406,575342,7960,979198,2900900
3128,431,361,574911,8030,979559,2893900
3129,405,384,574506,8051,979943,2848600
3130,385,418,574121,8018,980361,2904800
3131,402,435,573719,7985,980796,2845200
3132,387,401,573332,7971,981197,2833100
3133,410,408,572922,7973,981605,2871400
3134,366,414,572556,7925,982019,2891100
3135,384,402,572172,7907,982421,2986900
3136,384,399,571788,7892,982820,3071900
3137,400,429,571388,7863,983249,2932300
3138,374,406,571014,7831,983655,3194000
3139,380,412,570634,7799,984067,3200800
3140,363,380,570271,7782,984447,3277700
3141,369,399,569902,7752,984846,3370600
3142,373,396,569529,7729,985242,3019200
3143,358,347,569171,7740,985589,3013700
3144,386,415,568785,7711,986004,2935500
3145,376,416,568409,7671,986420,2934700
3146,373,367,568036,7677,986787,3195500
3147,383,396,567653,7664,987183,3063600
3148,344,408,567309,7600,987591,2980100
3149,368,399,566941,7569,987990,3063600
3150,365,372,566576,7562,988362,2892900
3151,391,374,566185,7579,988736,2949700
3152,369,342,565816,7606,989078,3132200
3153,377,381,565439,7602,989459,2945300
3154,384,378,565055,7608,989837,2925600
3155,393,362,564662,7639,990199,2902900
3156,372,401,564290,7610,990600,3087900
3157,378,387,563912,7601,990987,3028900
3158,379,352,563533,7628,991339,3036900
3159,380,378,563153,7630,991717,2998600
3160,381,396,562772,7615,992113,2963400
3161,401,411,562371,7605,992524,3356000
3162,370,374,562001,7601,992898,3067600
3163,370,383,561631,7588,993281,2895700
3164,402,370,561229,7620,993651,2855300
3165,391,410,560838,7601,994061,2894700
3166,397,394,560441,7604,994455,2885500
3167,408,391,560033,7621,994846,2925200
3168,366,400,559667,7587,995246,2822600
3169,371,379,559296,7579,995625,3107900
3170,357,398,558939,7538,996023,3101900
3171,371,384,558568,7525,996407,2876500
3172,375,380,558193,7520,996787,2864100
3173,380,349,557813,7551,997136,2804500
3174,409,407,557404,7553,997543,2909400
3175,378,384,557026,7547,997927,2791600
3176,415,397,556611,7565,998324,2983700
3177,370,386,556241,7549,998710,2969000
3178,414,381,555827,7582,999091,3240600
3179,402,391,555425,7593,999482,3068000
3180,407,388,555018,7612,999870,2817000
3181,391,406,554627,7597,1000276,2891200
3182,407,374,554220,7630,1000650,3121600
3183,407,377,553813,7660,1001027,3131500
3184,411,392,553402,7679,1001419,3173500
3185,417,403,552985,7693,1001822,2860100
3186,391,391,552594,7693,1002213,2904400
3187,412,414,552182,7691,1002627,2904700
3188,430,367,551752,7754,1002994,3034200
3189,407,391,551345,7770,1003385,3268500
3190,396,391,550949,7775,1003776,2900200
3191,392,368,550557,7799,1004144,2890200
3192,384,386,550173,7797,1004530,2755000
3193,417,382,549756,7832,1004912,2968000
3194,449,404,549307,7877,1005316,2777800
3195,397,369,548910,7905,1005685,2751400
3196,427,388,548483,7944,1006073,2886400
3197,412,404,548071,7952,1006477,2886500
3198,378,400,547693,7930,1006877,2857500
3199,405,401,547288,7934,1007278,3123100
3200,395,360,546893,7969,1007638,3021000
3201,370,394,546523,7945,1008032,2812800
3202,402,397,546121,7950,1008429,2959500
3203,373,406,545748,7917,1008835,2836700
3204,425,395,545323,7947,1009230,3005100
3205,382,424,544941,7905,1009654,3196400
3206,406,380,544535,7931,1010034,3256500
3207,401,406,544134,7926,1010440,3159400
3208,443,424,543691,7945,1010864,2830000
3209,383,391,543308,7937,1011255,2870900
3210,441,399,542867,7979,1011654,3168100
3211,429,403,542438,8005,1012057,2971700
3212,426,439,542012,7992,1012496,2855200
3213,426,400,541586,8018,1012896,2910500
3214,400,423,541186,7995,1013319,2917900
3215,421,408,540765,8008,1013727,2950900
3216,425,416,540340,8017,1014143,2815800
3217,425,386,539915,8056,1014529,2841700
3218,412,421,539503,8047,1014950,2900200
3219,391,426,539112,8012,1015376,2822600
3220,408,415,538704,8005,1015791,3116200
3221,388,426,538316,7967,1016217,2956600
3222,387,403,537929,7951,1016620,2913300
3223,371,412,537558,7910,1017032,2783500
3224,394,411,537164,7893,1017443,2920400
3225,398,370,536766,7921,1017813,2941400
3226,392,392,536374,7921,1018205,2828400
3227,424,387,535950,7958,1018592,2970200
3228,390,396,535560,7952,1018988,3090700
3229,382,388,535178,7946,1019376,2881300
3230,389,404,534789,7931,1019780,2832100
3231,385,393,534404,7923,1020173,2888100
3232,355,385,534049,7893,1020558,2980000
3233,425,417,533624,7901,1020975,2948000
3234,368,401,533256,7868,1021376,2917600
3235,390,383,532866,7875,1021759,2901600
3236,394,407,532472,7862,1022166,3012600
3237,410,373,532062,7899,1022539,2921100
3238,371,406,531691,7864,1022945,2891900
3239,379,379,531312,7864,1023324,2895700
3240,386,380,530926,7870,1023704,2998800
3241,394,361,530532,7903,1024065,2944400
3242,414,374,530118,7943,1024439,2835500
3243,391,397,529727,7937,1024836,2778800
3244,422,414,529305,7945,1025250,3271400
3245,397,409,528908,7933,1025659,2986200
3246,410,387,528498,7956,1026046,2868400
3247,409,349,528089,8016,1026395,2821200
3248,382,398,527707,8000,1026793,2889400
3249,427,392,527280,8035,1027185,2910100
3250,439,428,526841,8046,1027613,3061000
3251,374,431,526467,7989,1028044,2930200
3252,405,421,526062,7973,1028465,2929100
3253,401,401,525661,7973,1028866,2911900
3254,458,382,525203,8049,1029248,2906300
3255,408,401,524795,8056,1029649,3177000
3256,389,405,524406,8040,1030054,3146100
3257,419,381,523987,8078,1030435,3038400
3258,439,411,523548,8106,1030846,3110200
3259,435,396,523113,8145,1031242,2902500
3260,447,438,522666,8154,1031680,2878100
3261,432,427,522234,8159,1032107,2902000
3262,425,406,521809,8178,1032513,3116800
3263,427,423,521382,8182,1032936,2851200
3264,419,426,520963,8175,1033362,3214900
3265,404,408,520559,8171,1033770,2904800
3266,433,419,520126,8185,1034189,3047900
3267,441,399,519685,8227,1034588,3117000
3268,419,384,519266,8262,1034972,2936100
3269,415,388,518851,8289,1035360,2912900
3270,435,434,518416,8290,1035794,2751000
3271,411,396,518005,8305,1036190,2862200
3272,444,394,517561,8355,1036584,2876500
3273,389,421,517172,8323,1037005,2849900
3274,434,380,516738,8377,1037385,2934200
3275,391,424,516347,8344,1037809,2855200
3276,398,402,515949,8340,1038211,2920400
3277,407,406,515542,8341,1038617,3041600
3278,390,438,515152,8293,1039055,2987200
3279,427,391,514725,8329,1039446,3006300
3280,417,397,514308,8349,1039843,2907600
3281,440,390,513868,8399,1040233,2956800
3282,443,413,513425,8429,1040646,2914300
3283,412,418,513013,8423,1041064,2909400
3284,423,388,512590,8458,1041452,3015200
3285,445,443,512145,8460,1041895,2902000
3286,400,437,511745,8423,1042332,3134100
3287,443,421,511302,8445,1042753,2903600
3288,392,451,510910,8386,1043204,2909300
3289,418,431,510492,8373,1043635,3054900
3290,407,386,510085,8394,1044021,3154600
3291,448,418,509637,8424,1044439,3011800
3292,421,412,509216,8433,1044851,2895600
3293,426,416,508790,8443,1045267,2861100
3294,433,436,508357,8440,1045703,2971400
3295,410,424,507947,8426,1046127,2885600
3296,416,456,507531,8386,1046583,2989700
3297,403,393,507128,8396,1046976,2970800
3298,400,432,506728,8364,1047408,2840900
3299,405,423,506323,8346,1047831,2878500
3300,426,411,505897,8361,1048242,2840700
3301,388,426,505509,8323,1048668,2880300
3302,394,426,505115,8291,1049094,2881500
3303,380,388,504735,8283,1049482,2877100
3304,410,388,504325,8305,1049870,2891200
3305,417,409,503908,8313,1050279,3204200
3306,415,418,503493,8310,1050697,2996700
3307,426,413,503067,8323,1051110,3070100
3308,424,387,502643,8360,1051497,3140200
3309,443,423,502200,8380,1051920,2790600
3310,374,463,501826,8291,1052383,3292300
3311,388,425,501438,8254,1052808,2917500
3312,390,413,501048,8231,1053221,2893100
3313,388,407,500660,8212,1053628,2905500
3314,364,412,500296,8164,1054040,2919400
3315,360,413,499936,8111,1054453,2817800
3316,389,428,499547,8072,1054881,2899000
3317,394,429,499153,8037,1055310,2847500
3318,397,368,498756,8066,1055678,3127800
3319,417,404,498339,8079,1056082,2881100
3320,394,449,497945,8024,1056531,3081800
3321,422,420,497523,8026,1056951,2838000
3322,414,394,497109,8046,1057345,3014200
3323,418,382,496691,8082,1057727,2846200
3324,379,399,496312,8062,1058126,2843600
3325,401,387,495911,8076,1058513,2874100
3326,372,436,495539,8012,1058949,2865900
3327,399,389,495140,8022,1059338,2848800
3328,387,413,494753,7996,1059751,2870600
3329,416,392,494337,8020,1060143,2781600
3330,436,419,493901,8037,1060562,2830300
3331,460,388,493441,8109,1060950,2883800
3332,454,399,492987,8164,1061349,2865600
3333,413,428,492574,8149,1061777,2859200
3334,396,418,492178,8127,1062195,2877000
3335,425,416,491753,8136,1062611,2905300
3336,427,433,491326,8130,1063044,2815600
3337,443,378,490883,8195,1063422,2732100
3338,421,431,490462,8185,1063853,2870900
3339,405,393,490057,8197,1064246,3161100
3340,389,404,489668,8182,1064650,3102000
3341,420,406,489248,8196,1065056,3126400
3342,458,410,488790,8244,1065466,3081400
3343,431,415,488359,8260,1065881,3543300
3344,434,442,487925,8252,1066323,2967100
3345,408,421,487517,8239,1066744,2841400
3346,404,384,487113,8259,1067128,2921800
3347,437,444,486676,8252,1067572,2943400
3348,406,404,486270,8254,1067976,3035200
3349,451,407,485819,8298,1068383,3140300
3350,428,360,485391,8366,1068743,3100900
3351,429,428,484962,8367,1069171,2866400
3352,420,441,484542,8346,1069612,2940800
3353,418,422,484124,8342,1070034,2929200
3354,447,406,483677,8383,1070440,2870600
3355,432,409,483245,8406,1070849,2890500
3356,405,399,482840,8412,1071248,2773900
3357,447,388,482393,8471,1071636,2940500
3358,423,426,481970,8468,1072062,2790600
3359,429,450,481541,8447,1072512,2876400
3360,421,426,481120,8442,1072938,2883700
3361,422,442,480698,8422,1073380,2877800
3362,425,411,480273,8436,1073791,2986800
3363,420,403,479853,8453,1074194,2927400
3364,387,379,479466,8461,1074573,3205300
3365,403,401,479063,8463,1074974,3180000
3366,417,440,478646,8440,1075414,3099100
3367,386,410,478260,8416,1075824,3112300
3368,375,416,477885,8375,1076240,2847500
3369,437,436,477448,8376,1076676,2889400
3370,386,389,477062,8373,1077065,3016400
3371,385,419,476677,8339,1077484,2870400
3372,378,413,476299,8304,1077897,2850000
3373,374,453,475925,8225,1078350,2911100
3374,390,375,475535,8240,1078725,2881200
3375,372,427,475163,8185,1079152,2882300
3376,405,434,474758,8156,1079586,2876300
3377,384,401,474374,8139,1079987,3189700
3378,397,395,473977,8141,1080382,3215300
3379,415,420,473562,8136,1080802,3254000
3380,424,396,473138,8164,1081198,3164800
3381,389,397,472749,8156,1081595,3015100
3382,351,410,472398,8097,1082005,3170300
3383,396,408,472002,8085,1082413,3108900
3384,396,408,471606,8073,1082821,3339000
3385,379,422,471227,8030,1083243,3279700
3386,398,377,470829,8051,1083620,3148500
3387,383,412,470446,8022,1084032,2979600
3388,406,417,470040,8011,1084449,3141100
3389,419,412,469621,8018,1084861,2817100
3390,407,397,469214,8028,1085258,2947900
3391,409,381,468805,8056,1085639,2928300
3392,402,421,468403,8037,1086060,2789600
3393,416,407,467987,8046,1086467,2805700
3394,391,424,467596,8013,1086891,3022200
3395,402,409,467194,8006,1087300,2984100
3396,416,413,466778,8009,1087713,2955800
3397,403,391,466375,8021,1088104,2850500
3398,399,410,465976,8010,1088514,2855000
3399,405,421,465571,7994,1088935,3076300
3400,402,386,465169,8010,1089321,3023800
3401,368,427,464801,7951,1089748,2858500
3402,395,415,464406,7931,1090163,2867600
3403,407,380,463999,7958,1090543,2892700
3404,428,389,463571,7997,1090932,2906100
3405,379,430,463192,7946,1091362,2950700
3406,403,385,462789,7964,1091747,2947200
3407,382,371,462407,7975,1092118,2871900
3408,415,424,461992,7966,1092542,3098700
3409,384,434,461608,7916,1092976,3151700
3410,364,407,461244,7873,1093383,2952800
3411,400,350,460844,7923,1093733,2830800
3412,400,412,460444,7911,1094145,2913100
3413,417,387,460027,7941,1094532,2787900
3414,412,360,459615,7993,1094892,3136600
3415,447,429,459168,8011,1095321,3057300
3416,393,407,458775,7997,1095728,2963800
3417,413,417,458362,7993,1096145,2930900
3418,403,387,457959,8009,1096532,2889200
3419,431,392,457528,8048,1096924,3176600
3420,390,381,457138,8057,1097305,3155100
3421,405,372,456733,8090,1097677,2872000
3422,403,405,456330,8088,1098082,3263500
3423,391,427,455939,8052,1098509,2876500
3424,405,428,455534,8029,1098937,3153400
3425,402,421,455132,8010,1099358,3159000
3426,394,391,454738,8013,1099749,3206700
3427,401,398,454337,8016,1100147,3137400
3428,382,409,453955,7989,1100556,2833200
3429,400,422,453555,7967,1100978,3053000
3430,391,383,453164,7975,1101361,3022700
3431,381,395,452783,7961,1101756,3411200
3432,411,430,452372,7942,1102186,3210300
3433,390,395,451982,7937,1102581,2919000
3434,396,415,451586,7918,1102996,2842600
3435,387,404,451199,7901,1103400,2853900
3436,369,365,450830,7905,1103765,2879400
3437,428,393,450402,7940,1104158,2967600
3438,405,385,449997,7960,1104543,3097500
3439,406,404,449591,7962,1104947,2973100
3440,381,401,449210,7942,1105348,2948200
3441,371,402,448839,7911,1105750,2853800
3442,368,395,448471,7884,1106145,2831200
3443,393,389,448078,7888,1106534,2859400
3444,380,375,447698,7893,1106909,2864100
3445,394,380,447304,7907,1107289,2896200
3446,402,417,446902,7892,1107706,2945600
3447,404,398,446498,7898,1108104,3182200
3448,385,384,446113,7899,1108488,2883600
3449,375,409,445738,7865,1108897,2717200
3450,403,427,445335,7841,1109324,2863300
3451,375,413,444960,7803,1109737,3123000
3452,422,372,444538,7853,1110109,2985400
3453,400,383,444138,7870,1110492,2907600
3454,411,413,443727,7868,1110905,3025600
3455,422,395,443305,7895,1111300,2888600
3456,395,416,442910,7874,1111716,2966700
3457,350,384,442560,7840,1112100,2901900
3458,399,399,442161,7840,1112499,2841400
3459,397,378,441764,7859,1112877,2948100
3460,400,385,441364,7874,1113262,3092300
3461,345,374,441019,7845,1113636,2866500
3462,358,385,440661,7818,1114021,3102600
3463,378,398,440283,7798,1114419,2932300
3464,389,393,439894,7794,1114812,2876500
3465,391,406,439503,7779,1115218,2888200
3466,405,354,439098,7830,1115572,2749300
3467,386,388,438712,7828,1115960,2849000
3468,397,414,438315,7811,1116374,2838600
3469,429,384,437886,7856,1116758,2813200
3470,410,415,437476,7851,1117173,2856600
3471,441,404,437035,7888,1117577,2871900
3472,390,373,436645,7905,1117950,2890700
3473,416,416,436229,7905,1118366,2740400
3474,428,410,435801,7923,1118776,2872900
3475,422,378,435379,7967,1119154,2796400
3476,374,402,435005,7939,1119556,2920700
3477,402,447,434603,7894,1120003,2962800
3478,396,402,434207,7888,1120405,2915400
3479,391,414,433816,7865,1120819,2965800
3480,383,412,433433,7836,1121231,2874900
3481,377,409,433056,7804,1121640,2878100
3482,427,380,432629,7851,1122020,2986200
3483,417,401,432212,7867,1122421,2899000
3484,393,420,431819,7840,1122841,2863200
3485,413,409,431406,7844,1123250,3143900
3486,413,404,430993,7853,1123654,3382200
3487,413,374,430580,7892,1124028,2759600
3488,423,398,430157,7917,1124426,3103300
3489,384,394,429773,7907,1124820,2904800
3490,412,403,429361,7916,1125223,3013400
3491,418,419,428943,7915,1125642,2904400
3492,402,392,428541,7925,1126034,2865100
3493,386,402,428155,7909,1126436,3053100
3494,393,378,427762,7924,1126814,3172700
3495,402,382,427360,7944,1127196,2987200
3496,378,374,426982,7948,1127570,2982600
3497,419,396,426563,7971,1127966,2934900
3498,410,378,426153,8003,1128344,3218700
3499,416,420,425737,7999,1128764,3233000
3500,417,394,425320,8022,1129158,3219300
3501,418,390,424902,8050,1129548,2964900
3502,409,364,424493,8095,1129912,3250700
3503,438,421,424055,8112,1130333,3259400
3504,395,393,423660,8114,1130726,3145400
3505,421,377,423239,8158,1131103,3185800
3506,398,384,422841,8172,1131487,2874100
3507,397,392,422444,8177,1131879,2929300
3508,396,422,422048,8151,1132301,2893900
3509,370,421,421678,8100,1132722,2928500
3510,385,431,421293,8054,1133153,2878100
3511,402,398,420891,8058,1133551,2947700
3512,378,413,420513,8023,1133964,2910700
3513,394,384,420119,8033,1134348,2873700
3514,424,413,419695,8044,1134761,3055300
3515,417,429,419278,8032,1135190,2885600
3516,427,362,418851,8097,1135552,2802400
3517,389,384,418462,8102,1135936,2836200
3518,407,423,418055,8086,1136359,2869400
3519,461,388,417594,8159,1136747,2898300
3520,384,482,417210,8061,1137229,2877700
3521,405,410,416805,8056,1137639,2973200
3522,416,415,416389,8057,1138054,3061400
3523,440,427,415949,8070,1138481,2904400
3524,376,404,415573,8042,1138885,2901900
3525,439,392,415134,8089,1139277,2978400
3526,402,403,414732,8088,1139680,2939200
3527,400,381,414332,8107,1140061,2894200
3528,396,361,413936,8142,1140422,2793900
3529,440,373,413496,8209,1140795,2849800
3530,405,395,413091,8219,1141190,2899300
3531,391,411,412700,8199,1141601,2897000
3532,435,381,412265,8253,1141982,2855600
3533,426,418,411839,8261,1142400,2862000
3534,397,377,411442,8281,1142777,2881100
3535,403,414,411039,8270,1143191,2801200
3536,393,391,410646,8272,1143582,3017300
3537,420,419,410226,8273,1144001,2866800
3538,433,391,409793,8315,1144392,2859200
3539,409,416,409384,8308,1144808,2904000
3540,417,401,408967,8324,1145209,2883800
3541,373,409,408594,8288,1145618,2871600
3542,411,412,408183,8287,1146030,2789800
3543,438,430,407745,8295,1146460,2927400
3544,421,410,407324,8306,1146870,3351300
3545,410,418,406914,8298,1147288,3169900
3546,440,372,406474,8366,1147660,2955900
3547,415,418,406059,8363,1148078,2931500
3548,444,404,405615,8403,1148482,2976900
3549,438,437,405177,8404,1148919,2929000
3550,401,410,404776,8395,1149329,3266500
3551,398,420,404378,8373,1149749,3228800
3552,389,412,403989,8350,1150161,2896100
3553,414,395,403575,8369,1150556,2886200
3554,405,402,403170,8372,1150958,2878500
3555,418,409,402752,8381,1151367,2931100
3556,392,465,402360,8308,1151832,2828200
3557,403,384,401957,8327,1152216,3201100
3558,364,431,401593,8260,1152647,3036600
3559,368,426,401225,8202,1153073,3272700
3560,376,420,400849,8158,1153493,3243300
3561,380,379,400469,8159,1153872,3186600
3562,367,391,400102,8135,1154263,3507300
3563,389,407,399713,8117,1154670,3285500
3564,375,411,399338,8081,1155081,3634900
3565,359,441,398979,7999,1155522,3273500
3566,378,414,398601,7963,1155936,3241100
3567,418,394,398183,7987,1156330,3137500
3568,380,414,397803,7953,1156744,3291400
3569,404,379,397399,7978,1157123,3205600
3570,392,390,397007,7980,1157513,3042900
3571,378,418,396629,7940,1157931,3100100
3572,390,418,396239,7912,1158349,2945400
3573,396,397,395843,7911,1158746,2985500
3574,376,421,395467,7866,1159167,3169600
3575,382,403,395085,7845,1159570,3282500
3576,416,349,394669,7912,1159919,3226800
3577,426,401,394243,7937,1160320,3129800
3578,414,383,393829,7968,1160703,3053000
3579,430,408,393399,7990,1161111,3137300
3580,410,355,392989,8045,1161466,3060500
3581,385,406,392604,8024,1161872,2954900
3582,414,405,392190,8033,1162277,3109000
3583,379,370,391811,8042,1162647,3285600
3584,400,393,391411,8049,1163040,3008900
3585,403,389,391008,8063,1163429,3348300
3586,373,408,390635,8028,1163837,3103000
3587,354,380,390281,8002,1164217,3158100
3588,397,400,389884,7999,1164617,3190800
3589,426,405,389458,8020,1165022,2913900
3590,399,365,389059,8054,1165387,3307500
3591,420,412,388639,8062,1165799,2940800
3592,420,392,388219,8090,1166191,3024500
3593,423,426,387796,8087,1166617,3095100
3594,406,388,387390,8105,1167005,2990200
3595,385,430,387005,8060,1167435,3323900
3596,388,404,386617,8044,1167839,3061700
3597,390,448,386227,7986,1168287,3006200
3598,397,374,385830,8009,1168661,3261300
3599,430,398,385400,8041,1169059,3403700
3600,395,414,385005,8022,1169473,3127100
3601,408,390,384597,8040,1169863,3172500
3602,401,451,384196,7990,1170314,3279300
3603,393,395,383803,7988,1170709,3215900
3604,371,405,383432,7954,1171114,3211600
3605,403,399,383029,7958,1171513,2947900
3606,404,379,382625,7983,1171892,3200600
3607,379,416,382246,7946,1172308,3132900
3608,390,413,381856,7923,1172721,3249500
3609,393,417,381463,7899,1173138,3147000
3610,388,401,381075,7886,1173539,3113900
3611,408,420,380667,7874,1173959,3221200
3612,390,395,380277,7869,1174354,3137800
3613,387,404,379890,7852,1174758,3037700
3614,399,383,379491,7868,1175141,2841800
3615,399,418,379092,7849,1175559,3102800
3616,384,360,378708,7873,1175919,3095500
3617,415,387,378293,7901,1176306,3029800
3618,426,409,377867,7918,1176715,3161700
3619,426,387,377441,7957,1177102,2951000
3620,417,389,377024,7985,1177491,3451100
3621,415,368,376609,8032,1177859,3257700
3622,423,426,376186,8029,1178285,3214700
3623,386,387,375800,8028,1178672,3235500
3624,379,400,375421,8007,1179072,3118100
3625,407,387,375014,8027,1179459,3341400
3626,390,406,374624,8011,1179865,3288300
3627,410,372,374214,8049,1180237,3075800
3628,387,432,373827,8004,1180669,2990000
3629,403,428,373424,7979,1181097,3256600
3630,366,356,373058,7989,1181453,3405200
3631,381,421,372677,7949,1181874,3131800
3632,385,415,372292,7919,1182289,3055800
3633,359,391,371933,7887,1182680,3211900
3634,408,375,371525,7920,1183055,3433800
3635,400,411,371125,7909,1183466,3003800
3636,424,431,370701,7902,1183897,2988500
3637,394,432,370307,7864,1184329,3185200
3638,390,432,369917,7822,1184761,3031400
3639,381,405,369536,7798,1185166,3148200
3640,428,411,369108,7815,1185577,3005200
3641,382,363,368726,7834,1185940,3184600
3642,418,369,368308,7883,1186309,3199300
3643,385,391,367923,7877,1186700,3279600
3644,343,413,367580,7807,1187113,3260700
3645,378,381,367202,7804,1187494,3052000
3646,382,363,366820,7823,1187857,3202800
3647,398,398,366422,7823,1188255,3364500
3648,417,369,366005,7871,1188624,3243900
3649,401,399,365604,7873,1189023,3350100
3650,387,382,365217,7878,1189405,3109200
3651,437,403,364780,7912,1189808,3146400
3652,396,386,364384,7922,1190194,2998800
3653,399,346,363985,7975,1190540,3292500
3654,410,419,363575,7966,1190959,3320300
3655,376,395,363199,7947,1191354,3153700
3656,394,394,362805,7947,1191748,3174700
3657,376,408,362429,7915,1192156,3268500
3658,393,375,362036,7933,1192531,3227400
3659,393,371,361643,7955,1192902,3202800
3660,403,424,361240,7934,1193326,3121400
3661,414,392,360826,7956,1193718,3290100
3662,391,371,360435,7976,1194089,3076400
3663,391,382,360044,7985,1194471,3224400
3664,419,437,359625,7967,1194908,2981900
3665,417,389,359208,7995,1195297,3021700
3666,380,391,358828,7984,1195688,3142700
3667,423,398,358405,8009,1196086,3073700
3668,390,411,358015,7988,1196497,3009600
3669,445,377,357570,8056,1196874,3247500
3670,392,402,357178,8046,1197276,3113900
3671,382,383,356796,8045,1197659,3151600
3672,437,403,356359,8079,1198062,3164100
3673,410,428,355949,8061,1198490,3159200
3674,375,419,355574,8017,1198909,3109200
3675,373,400,355201,7990,1199309,3297900
3676,400,424,354801,7966,1199733,3065700
3677,365,389,354436,7942,1200122,3395000
3678,436,373,354000,8005,1200495,3479000
3679,403,400,353597,8008,1200895,3079400
3680,388,405,353209,7991,1201300,3340400
3681,400,393,352809,7998,1201693,3190600
3682,390,378,352419,8010,1202071,3070100
3683,387,410,352032,7987,1202481,3149300
3684,426,415,351606,7998,1202896,3461500
3685,408,422,351198,7984,1203318,3209600
3686,406,393,350792,7997,1203711,3229900
3687,413,412,350379,7998,1204123,3190000
3688,440,397,349939,8041,1204520,3231700
3689,414,440,349525,8015,1204960,3247400
3690,371,410,349154,7976,1205370,3191200
3691,427,420,348727,7983,1205790,3043000
3692,365,411,348362,7937,1206201,2964300
3693,389,425,347973,7901,1206626,3373400
3694,394,408,347579,7887,1207034,3119400
3695,393,366,347186,7914,1207400,3312600
3696,394,416,346792,7892,1207816,3251400
3697,359,392,346433,7859,1208208,3277500
3698,410,399,346023,7870,1208607,3369400
3699,365,360,345658,7875,1208967,3271400
3700,414,410,345244,7879,1209377,2860700
3701,403,431,344841,7851,1209808,3198200
3702,380,371,344461,7860,1210179,3135800
3703,370,397,344091,7833,1210576,3202800
3704,389,398,343702,7824,1210974,3144100
3705,429,388,343273,7865,1211362,3029700
3706,365,371,342908,7859,1211733,3220000
3707,381,370,342527,7870,1212103,3098300
3708,398,394,342129,7874,1212497,3162300
3709,375,385,341754,7864,1212882,3061600
3710,376,374,341378,7866,1213256,2930500
3711,385,407,340993,7844,1213663,3065300
3712,405,380,340588,7869,1214043,3161700
3713,374,411,340214,7832,1214454,3619900
3714,386,385,339828,7833,1214839,3269500
3715,354,388,339474,7799,1215227,3151500
3716,331,408,339143,7722,1215635,3360100
3717,353,398,338790,7677,1216033,3185100
3718,361,360,338429,7678,1216393,3134000
3719,376,396,338053,7658,1216789,2974500
3720,379,362,337674,7675,1217151,3086000
3721,339,379,337335,7635,1217530,3184900
3722,389,377,336946,7647,1217907,3365500
3723,353,381,336593,7619,1218288,3090000
3724,369,346,336224,7642,1218634,3218900
3725,353,395,335871,7600,1219029,3051800
3726,370,389,335501,7581,1219418,3069000
3727,351,364,335150,7568,1219782,3011300
3728,362,397,334788,7533,1220179,3024200
3729,372,339,334416,7566,1220518,3033400
3730,377,387,334039,7556,1220905,3125800
3731,391,377,333648,7570,1221282,3294400
3732,392,341,333256,7621,1221623,3217200
3733,385,390,332871,7616,1222013,3149600
3734,380,388,332491,7608,1222401,3141500
3735,385,369,332106,7624,1222770,3265100
3736,393,369,331713,7648,1223139,3097100
3737,353,365,331360,7636,1223504,3209100
3738,337,368,331023,7605,1223872,3041200
3739,388,350,330635,7643,1224222,2916600
3740,369,407,330266,7605,1224629,3024900
3741,355,401,329911,7559,1225030,3269400
3742,378,382,329533,7555,1225412,3275500
3743,343,380,329190,7518,1225792,3209400
3744,368,382,328822,7504,1226174,3326600
3745,382,381,328440,7505,1226555,3255800
3746,376,380,328064,7501,1226935,3213300
3747,344,386,327720,7459,1227321,3056000
3748,365,390,327355,7434,1227711,3097900
3749,382,385,326973,7431,1228096,3124400
3750,381,399,326592,7413,1228495,2885900
3751,368,381,326224,7400,1228876,3297100
3752,362,353,325862,7409,1229229,3101900
3753,344,394,325518,7359,1229623,3282200
3754,398,352,325120,7405,1229975,3303500
3755,377,394,324743,7388,1230369,3042600
3756,331,351,324412,7368,1230720,3246600
3757,363,378,324049,7353,1231098,3588100
3758,390,392,323659,7351,1231490,3294700
3759,396,361,323263,7386,1231851,3239300
3760,342,366,322921,7362,1232217,2943300
3761,369,365,322552,7366,1232582,3182300
3762,374,361,322178,7379,1232943,3113300
3763,411,367,321767,7423,1233310,3089700
3764,366,360,321401,7429,1233670,3106100
3765,385,388,321016,7426,1234058,3284100
3766,402,407,320614,7421,1234465,3124300
3767,359,357,320255,7423,1234822,3097100
3768,341,374,319914,7390,1235196,3093000
3769,387,381,319527,7396,1235577,3030200
3770,395,379,319132,7412,1235956,3040600
3771,380,367,318752,7425,1236323,3166900
3772,356,366,318396,7415,1236689,2998500
3773,387,424,318009,7378,1237113,3071700
3774,338,396,317671,7320,1237509,3044700
3775,354,351,317317,7323,1237860,2995700
3776,385,345,316932,7363,1238205,3323300
3777,362,364,316570,7361,1238569,3035700
3778,377,344,316193,7394,1238913,2988400
3779,380,371,315813,7403,1239284,3208800
3780,396,360,315417,7439,1239644,2976700
3781,383,368,315034,7454,1240012,3256900
3782,365,376,314669,7443,1240388,3091700
3783,357,347,314312,7453,1240735,3151400
3784,369,371,313943,7451,1241106,3162000
3785,387,347,313556,7491,1241453,3265300
3786,334,379,313222,7446,1241832,3195500
3787,367,340,312855,7473,1242172,3187500
3788,361,370,312494,7464,1242542,3191800
3789,371,363,312123,7472,1242905,2994700
3790,378,399,311745,7451,1243304,3078000
3791,367,385,311378,7433,1243689,3510800
3792,389,354,310989,7468,1244043,2955000
3793,366,373,310623,7461,1244416,3158900
3794,388,349,310235,7500,1244765,3054800
3795,348,354,309887,7494,1245119,3040500
3796,375,351,309512,7518,1245470,2936700
3797,354,386,309158,7486,1245856,3141500
3798,351,380,308807,7457,1246236,3200700
3799,365,354,308442,7468,1246590,3076300
3800,359,352,308083,7475,1246942,3248900
3801,336,372,307747,7439,1247314,3011700
3802,369,340,307378,7468,1247654,2989800
3803,376,358,307002,7486,1248012,3135400
3804,394,363,306608,7517,1248375,3079500
3805,353,379,306255,7491,1248754,3022300
3806,338,351,305917,7478,1249105,3143200
3807,365,386,305552,7457,1249491,3070000
3808,320,372,305232,7405,1249863,2936100
3809,336,378,304896,7363,1250241,2979200
3810,359,411,304537,7311,1250652,3132400
3811,348,398,304189,7261,1251050,3044300
3812,348,365,303841,7244,1251415,3166400
3813,357,350,303484,7251,1251765,3354900
3814,329,381,303155,7199,1252146,3218100
3815,332,365,302823,7166,1252511,3298800
3816,317,352,302506,7131,1252863,3325900
3817,357,363,302149,7125,1253226,3320600
3818,326,327,301823,7124,1253553,3263000
3819,342,354,301481,7112,1253907,3256900
3820,344,364,301137,7092,1254271,3439000
3821,349,349,300788,7092,1254620,3500900
3822,324,386,300464,7030,1255006,3195400
3823,318,344,300146,7004,1255350,3297200
3824,349,362,299797,6991,1255712,3127900
3825,341,349,299456,6983,1256061,3469000
3826,335,320,299121,6998,1256381,3015500
3827,355,354,298766,6999,1256735,3217500
3828,375,369,298391,7005,1257104,3086200
3829,340,352,298051,6993,1257456,3087800
3830,350,357,297701,6986,1257813,3227000
3831,345,360,297356,6971,1258173,3187300
3832,352,350,297004,6973,1258523,2927800
3833,337,333,296667,6977,1258856,3205800
3834,334,333,296333,6978,1259189,3264700
3835,351,359,295982,6970,1259548,3511100
3836,355,347,295627,6978,1259895,2969300
3837,333,356,295294,6955,1260251,3244700
3838,363,341,294931,6977,1260592,2960100
3839,338,341,294593,6974,1260933,3211000
3840,347,346,294246,6975,1261279,3016800
3841,356,342,293890,6989,1261621,3124300
3842,306,360,293584,6935,1261981,3221300
3843,336,335,293248,6936,1262316,3055700
3844,366,353,292882,6949,1262669,3153600
3845,356,373,292526,6932,1263042,3495100
3846,339,334,292187,6937,1263376,3031700
3847,356,383,291831,6910,1263759,3484800
3848,344,354,291487,6900,1264113,3277900
3849,353,382,291134,6871,1264495,3436100
3850,318,344,290816,6845,1264839,3251700
3851,333,339,290483,6839,1265178,3408100
3852,338,360,290145,6817,1265538,3015100
3853,342,352,289803,6807,1265890,3420100
3854,358,352,289445,6813,1266242,3145800
3855,337,337,289108,6813,1266579,3044800
3856,384,348,288724,6849,1266927,3134400
3857,358,369,288366,6838,1267296,3249900
3858,369,325,287997,6882,1267621,3240100
3859,341,326,287656,6897,1267947,3063200
3860,319,351,287337,6865,1268298,3173500
3861,339,341,286998,6863,1268639,3213500
3862,366,359,286632,6870,1268998,2963600
3863,342,349,286290,6863,1269347,3345900
3864,359,334,285931,6888,1269681,3196800
3865,365,320,285566,6933,1270001,3238200
3866,350,330,285216,6953,1270331,3149800
3867,347,361,284869,6939,1270692,3087000
3868,335,345,284534,6929,1271037,3086700
3869,313,315,284221,6927,1271352,3073200
3870,326,327,283895,6926,1271679,3245100
3871,392,343,283503,6975,1272022,3193600
3872,319,329,283184,6965,1272351,3154600
3873,347,342,282837,6970,1272693,3149600
3874,348,370,282489,6948,1273063,3438000
3875,348,381,282141,6915,1273444,3118400
3876,340,350,281801,6905,1273794,3239000
3877,367,368,281434,6904,1274162,3141900
3878,352,312,281082,6944,1274474,3182300
3879,344,336,280738,6952,1274810,3236200
3880,372,381,280366,6943,1275191,3124600
3881,338,367,280028,6914,1275558,3294400
3882,331,346,279697,6899,1275904,3403200
3883,334,361,279363,6872,1276265,3294500
3884,349,354,279014,6867,1276619,3379300
3885,311,335,278703,6843,1276954,3684000
3886,321,345,278382,6819,1277299,3223600
3887,319,337,278063,6801,1277636,3286400
3888,352,308,277711,6845,1277944,3059400
3889,328,336,277383,6837,1278280,3304900
3890,311,385,277072,6763,1278665,3104900
3891,333,335,276739,6761,1279000,3416000
3892,315,336,276424,6740,1279336,2888500
3893,356,323,276068,6773,1279659,3371600
3894,344,336,275724,6781,1279995,3257800
3895,313,320,275411,6774,1280315,3176700
3896,361,322,275050,6813,1280637,3047800
3897,306,350,274744,6769,1280987,3150800
3898,356,331,274388,6794,1281318,3228900
3899,304,356,274084,6742,1281674,3292800
3900,327,321,273757,6748,1281995,3255600
3901,365,349,273392,6764,1282344,3033800
3902,331,335,273061,6760,1282679,2916900
3903,339,373,272722,6726,1283052,3237300
3904,300,332,272422,6694,1283384,2994600
3905,331,342,272091,6683,1283726,2899400
3906,327,308,271764,6702,1284034,3023400
3907,325,317,271439,6710,1284351,3343300
3908,314,353,271125,6671,1284704,3008300
3909,351,346,270774,6676,1285050,3160700
3910,324,364,270450,6636,1285414,3137600
3911,333,338,270117,6631,1285752,2984700
3912,324,316,269793,6639,1286068,3105700
3913,317,324,269476,6632,1286392,3092900
3914,308,346,269168,6594,1286738,2870800
3915,310,325,268858,6579,1287063,3075400
3916,326,339,268532,6566,1287402,3001700
3917,327,344,268205,6549,1287746,3067800
3918,310,308,267895,6551,1288054,3231300
3919,320,346,267575,6525,1288400,2924900
3920,316,318,267259,6523,1288718,3135200
3921,325,307,266934,6541,1289025,3182300
3922,340,342,266594,6539,1289367,3092800
3923,333,298,266261,6574,1289665,3234800
3924,369,348,265892,6595,1290013,2920900
3925,329,322,265563,6602,1290335,3046800
3926,355,318,265208,6639,1290653,3062700
3927,365,324,264843,6680,1290977,2975200
3928,356,327,264487,6709,1291304,3124500
3929,324,319,264163,6714,1291623,3010600
3930,340,352,263823,6702,1291975,3173100
3931,361,348,263462,6715,1292323,3282800
3932,339,334,263123,6720,1292657,3282100
3933,356,316,262767,6760,1292973,3132000
3934,359,343,262408,6776,1293316,3189800
3935,312,326,262096,6762,1293642,3185500
3936,350,334,261746,6778,1293976,3336400
3937,341,342,261405,6777,1294318,3224500
3938,331,329,261074,6779,1294647,3212800
3939,317,336,260757,6760,1294983,3136400
3940,331,344,260426,6747,1295327,3271700
3941,319,344,260107,6722,1295671,2990000
3942,346,329,259761,6739,1296000,3254600
3943,335,316,259426,6758,1296316,3391300
3944,324,368,259102,6714,1296684,3244700
3945,330,326,258772,6718,1297010,3178600
3946,352,330,258420,6740,1297340,3138900
3947,335,320,258085,6755,1297660,2955600
3948,337,351,257748,6741,1298011,2998300
3949,346,356,257402,6731,1298367,3192000
3950,353,309,257049,6775,1298676,3235100
3951,325,338,256724,6762,1299014,2969700
3952,349,322,256375,6789,1299336,3044100
3953,345,355,256030,6779,1299691,3162800
3954,340,338,255690,6781,1300029,3114100
3955,346,341,255344,6786,1300370,3039800
3956,333,356,255011,6763,1300726,2874100
3957,318,337,254693,6744,1301063,3239700
3958,332,331,254361,6745,1301394,3247400
3959,325,345,254036,6725,1301739,2994700
3960,360,362,253676,6723,1302101,3005900
3961,324,340,253352,6707,1302441,3007900
3962,361,368,252991,6700,1302809,3075300
3963,318,297,252673,6721,1303106,3206900
3964,332,316,252341,6737,1303422,2997300
3965,326,309,252015,6754,1303731,3084400
3966,336,339,251679,6751,1304070,3169800
3967,355,327,251324,6779,1304397,3075300
3968,330,323,250994,6786,1304720,3357400
3969,325,362,250669,6749,1305082,3127600
3970,326,352,250343,6723,1305434,3082600
3971,368,311,249975,6780,1305745,3047800
3972,326,324,249649,6782,1306069,3094900
3973,340,351,249309,6771,1306420,3128400
3974,332,317,248977,6786,1306737,3073800
3975,350,358,248627,6778,1307095,3254800
3976,331,332,248296,6777,1307427,3302800
3977,333,329,247963,6781,1307756,3375500
3978,310,360,247653,6731,1308116,3191500
3979,407,378,247246,6760,1308494,3118400
3980,360,355,246886,6765,1308849,3217700
3981,353,315,246533,6803,1309164,3319700
3982,330,318,246203,6815,1309482,3170300
3983,349,292,245854,6872,1309774,3016600
3984,336,362,245518,6846,1310136,3073000
3985,338,307,245180,6877,1310443,3111600
3986,340,314,244840,6903,1310757,3171600
3987,310,351,244530,6862,1311108,3100000
3988,337,376,244193,6823,1311484,3086200
3989,331,326,243862,6828,1311810,3072300
3990,322,369,243540,6781,1312179,3032100
3991,307,377,243233,6711,1312556,3079500
3992,334,319,242899,6726,1312875,3074400
3993,335,319,242564,6742,1313194,3508900
3994,317,334,242247,6725,1313528,3012600
3995,299,327,241948,6697,1313855,3155700
3996,338,325,241610,6710,1314180,3080100
3997,325,311,241285,6724,1314491,2929400
3998,310,364,240975,6670,1314855,3103100
3999,327,327,240648,6670,1315182,3078400
4000,319,329,240329,6660,1315511,3361500
4001,304,298,240025,6666,1315809,3293700
4002,298,345,239727,6619,1316154,3125500
4003,351,332,239376,6638,1316486,3230200
4004,321,343,239055,6616,1316829,2918600
4005,310,328,238745,6598,1317157,3010500
4006,335,316,238410,6617,1317473,3048800
4007,319,332,238091,6604,1317805,3030200
4008,331,316,237760,6619,1318121,2900900
4009,293,341,237467,6571,1318462,3405700
4010,329,317,237138,6583,1318779,3123300
4011,321,299,236817,6605,1319078,3222700
4012,325,308,236492,6622,1319386,3125200
4013,352,334,236140,6640,1319720,2940400
4014,357,306,235783,6691,1320026,3294400
4015,360,324,235423,6727,1320350,3148600
4016,314,324,235109,6717,1320674,3068500
4017,336,344,234773,6709,1321018,3178800
4018,315,333,234458,6691,1321351,3159600
4019,316,306,234142,6701,1321657,3145000
4020,334,342,233808,6693,1321999,3039000
4021,328,323,233480,6698,1322322,3029700
4022,322,360,233158,6660,1322682,3176200
4023,339,343,232819,6656,1323025,2957000
4024,315,343,232504,6628,1323368,3007200
4025,285,306,232219,6607,1323674,3317000
4026,331,321,231888,6617,1323995,3181300
4027,328,323,231560,6622,1324318,3225100
4028,312,345,231248,6589,1324663,2870400
4029,319,283,230929,6625,1324946,3004500
4030,287,316,230642,6596,1325262,3033500
4031,301,355,230341,6542,1325617,3185600
4032,331,320,230010,6553,1325937,3058500
4033,309,356,229701,6506,1326293,3080200
4034,309,307,229392,6508,1326600,3585200
4035,284,316,229108,6476,1326916,3216500
4036,316,318,228792,6474,1327234,3107400
4037,311,331,228481,6454,1327565,2994100
4038,344,333,228137,6465,1327898,3106900
4039,315,319,227822,6461,1328217,3173600
4040,314,307,227508,6468,1328524,3199900
4041,316,320,227192,6464,1328844,3230200
4042,332,310,226860,6486,1329154,3151900
4043,318,306,226542,6498,1329460,3104500
4044,325,334,226217,6489,1329794,2901200
4045,305,324,225912,6470,1330118,2919900
4046,308,317,225604,6461,1330435,2862600
4047,317,335,225287,6443,1330770,3205900
4048,306,312,224981,6437,1331082,3201200
4049,335,329,224646,6443,1331411,2816400
4050,322,330,224324,6435,1331741,3061300
4051,314,305,224010,6444,1332046,3085600
4052,295,306,223715,6433,1332352,3210300
4053,300,317,223415,6416,1332669,3092600
4054,288,331,223127,6373,1333000,3142800
4055,301,283,222826,6391,1333283,2904000
4056,271,320,222555,6342,1333603,3303600
4057,267,310,222288,6299,1333913,3309700
4058,306,311,221982,6294,1334224,2985500
4059,290,298,221692,6286,1334522,2882200
4060,327,325,221365,6288,1334847,2791100
4061,314,310,221051,6292,1335157,3177700
4062,277,311,220774,6258,1335468,3054000
4063,309,308,220465,6259,1335776,3190100
4064,282,285,220183,6256,1336061,3151200
4065,300,313,219883,6243,1336374,2996100
4066,282,313,219601,6212,1336687,2945600
4067,308,323,219293,6197,1337010,3005500
4068,321,345,218972,6173,1337355,3010200
4069,289,314,218683,6148,1337669,3392400
4070,303,305,218380,6146,1337974,3077000
4071,288,322,218092,6112,1338296,3105200
4072,283,313,217809,6082,1338609,3213100
4073,269,283,217540,6068,1338892,3441000
4074,329,311,217211,6086,1339203,3215900
4075,284,312,216927,6058,1339515,3061400
4076,297,312,216630,6043,1339827,2888500
4077,300,304,216330,6039,1340131,3243300
4078,317,300,216013,6056,1340431,3202900
4079,311,314,215702,6053,1340745,2959100
4080,292,322,215410,6023,1341067,3144700
4081,292,306,215118,6009,1341373,2884800
4082,322,288,214796,6043,1341661,3500900
4083,318,279,214478,6082,1341940,2925500
4084,269,298,214209,6053,1342238,3116700
4085,324,300,213885,6077,1342538,2920500
4086,315,290,213570,6102,1342828,3217300
4087,322,306,213248,6118,1343134,3235700
4088,298,296,212950,6120,1343430,3012300
4089,282,300,212668,6102,1343730,3441600
4090,300,299,212368,6103,1344029,3099900
4091,317,296,212051,6124,1344325,3203900
4092,281,314,211770,6091,1344639,3368200
4093,293,263,211477,6121,1344902,3286800
4094,315,327,211162,6109,1345229,3209800
4095,334,296,210828,6147,1345525,3413700
4096,286,305,210542,6128,1345830,2937700
4097,329,325,210213,6132,1346155,3030700
4098,327,334,209886,6125,1346489,3061200
4099,318,308,209568,6135,1346797,3351200
4100,331,312,209237,6154,1347109,3191100
4101,324,311,208913,6167,1347420,3120100
4102,304,308,208609,6163,1347728,3149400
4103,307,318,208302,6152,1348046,2937300
4104,328,330,207974,6150,1348376,3082000
4105,321,308,207653,6163,1348684,2987000
4106,318,339,207335,6142,1349023,3021300
4107,306,314,207029,6134,1349337,3056900
4108,330,279,206699,6185,1349616,3166500
4109,304,314,206395,6175,1349930,3269800
4110,293,295,206102,6173,1350225,3040400
4111,270,325,205832,6118,1350550,3317500
4112,295,345,205537,6068,1350895,3106000
4113,307,338,205230,6037,1351233,3148400
4114,261,294,204969,6004,1351527,3167100
4115,329,305,204640,6028,1351832,2955400
4116,329,295,204311,6062,1352127,3255300
4117,289,311,204022,6040,1352438,3337900
4118,304,284,203718,6060,1352722,3007700
4119,304,307,203414,6057,1353029,3051200
4120,293,296,203121,6054,1353325,3178400
4121,275,304,202846,6025,1353629,2976200
4122,297,291,202549,6031,1353920,3198600
4123,303,303,202246,6031,1354223,2898700
4124,303,283,201943,6051,1354506,3275000
4125,274,315,201669,6010,1354821,3006000
4126,284,274,201385,6020,1355095,3228700
4127,289,303,201096,6006,1355398,3139600
4128,318,280,200778,6044,1355678,3027600
4129,313,299,200465,6058,1355977,3241600
4130,321,293,200144,6086,1356270,3181700
4131,319,281,199825,6124,1356551,3342000
4132,325,302,199500,6147,1356853,3240200
4133,334,302,199166,6179,1357155,3284000
4134,314,333,198852,6160,1357488,3320300
4135,327,314,198525,6173,1357802,3026300
4136,328,280,198197,6221,1358082,2951300
4137,337,304,197860,6254,1358386,3088500
4138,335,336,197525,6253,1358722,2969900
4139,309,316,197216,6246,1359038,3065000
4140,329,323,196887,6252,1359361,3054100
4141,321,269,196566,6304,1359630,3065500
4142,314,297,196252,6321,1359927,3078900
4143,317,323,195935,6315,1360250,3029700
4144,331,316,195604,6330,1360566,3161600
4145,317,334,195287,6313,1360900,3115700
4146,316,318,194971,6311,1361218,3208900
4147,295,312,194676,6294,1361530,3291000
4148,278,301,194398,6271,1361831,3221000
4149,305,290,194093,6286,1362121,3116800
4150,317,317,193776,6286,1362438,3098500
4151,301,291,193475,6296,1362729,3292600
4152,315,355,193160,6256,1363084,2983200
4153,316,281,192844,6291,1363365,3114400
4154,295,325,192549,6261,1363690,3187100
4155,315,282,192234,6294,1363972,3144600
4156,318,331,191916,6281,1364303,3038900
4157,303,311,191613,6273,1364614,3070400
4158,286,312,191327,6247,1364926,3064600
4159,295,354,191032,6188,1365280,3005200
4160,290,329,190742,6149,1365609,3008300
4161,306,312,190436,6143,1365921,2956300
4162,284,296,190152,6131,1366217,3023300
4163,274,314,189878,6091,1366531,3004500
4164,288,330,189590,6049,1366861,2908800
4165,259,292,189331,6016,1367153,3330300
4166,256,288,189075,5984,1367441,3351400
4167,290,271,188785,6003,1367712,3418900
4168,284,320,188501,5967,1368032,3164100
4169,281,292,188220,5956,1368324,3586300
4170,273,285,187947,5944,1368609,3650400
4171,271,306,187676,5909,1368915,3829400
4172,287,322,187389,5874,1369237,3562100
4173,274,256,187115,5892,1369493,3262600
4174,280,312,186835,5860,1369805,3073700
4175,317,273,186518,5904,1370078,3570100
4176,286,319,186232,5871,1370397,3703100
4177,286,297,185946,5860,1370694,3729100
4178,269,278,185677,5851,1370972,3667700
4179,275,253,185402,5873,1371225,3236300
4180,273,304,185129,5842,1371529,3598700
4181,273,296,184856,5819,1371825,2998500
4182,255,304,184601,5770,1372129,3144000
4183,250,250,184351,5770,1372379,2925600
4184,283,270,184068,5783,1372649,3024900
4185,299,269,183769,5813,1372918,3067600
4186,258,285,183511,5786,1373203,3179700
4187,276,292,183235,5770,1373495,2990500
4188,325,278,182910,5817,1373773,3309800
4189,302,307,182608,5812,1374080,3512100
4190,294,281,182314,5825,1374361,2908700
4191,312,266,182002,5871,1374627,3173900
4192,302,269,181700,5904,1374896,2990400
4193,342,279,181358,5967,1375175,2981000
4194,293,295,181065,5965,1375470,2835200
4195,317,325,180748,5957,1375795,3160400
4196,263,291,180485,5929,1376086,3029200
4197,326,302,180159,5953,1376388,3042800
4198,315,285,179844,5983,1376673,3017400
4199,293,287,179551,5989,1376960,2985400
4200,363,307,179188,6045,1377267,3099900
4201,288,288,178900,6045,1377555,2992700
4202,297,292,178603,6050,1377847,3143600
4203,309,308,178294,6051,1378155,3107200
4204,276,317,178018,6010,1378472,3204900
4205,321,310,177697,6021,1378782,3551700
4206,311,310,177386,6022,1379092,3301600
4207,278,323,177108,5977,1379415,3059400
4208,273,272,176835,5978,1379687,3184100
4209,312,299,176523,5991,1379986,2990600
4210,280,293,176243,5978,1380279,3152500
4211,303,303,175940,5978,1380582,3097600
4212,292,303,175648,5967,1380885,3101900
4213,321,316,175327,5972,1381201,3064500
4214,296,297,175031,5971,1381498,3043000
4215,314,331,174717,5954,1381829,3139200
4216,286,270,174431,5970,1382099,3024600
4217,307,323,174124,5954,1382422,2916800
4218,293,309,173831,5938,1382731,2988600
4219,289,273,173542,5954,1383004,3096000
4220,281,293,173261,5942,1383297,3107000
4221,307,295,172954,5954,1383592,3033900
4222,288,287,172666,5955,1383879,3005300
4223,310,307,172356,5958,1384186,3113800
4224,292,253,172064,5997,1384439,3004800
4225,282,301,171782,5978,1384740,2975800
4226,301,310,171481,5969,1385050,3321000
4227,291,276,171190,5984,1385326,3092100
4228,298,284,170892,5998,1385610,3186200
4229,307,342,170585,5963,1385952,2984400
4230,295,280,170290,5978,1386232,3303100
4231,316,245,169974,6049,1386477,3022600
4232,280,308,169694,6021,1386785,3044300
4233,328,307,169366,6042,1387092,3023000
4234,309,296,169057,6055,1387388,2946400
4235,307,286,168750,6076,1387674,3182100
4236,284,301,168466,6059,1387975,2793000
4237,296,309,168170,6046,1388284,3131000
4238,309,290,167861,6065,1388574,3229200
4239,295,293,167566,6067,1388867,3224600
4240,311,298,167255,6080,1389165,3157500
4241,301,302,166954,6079,1389467,3602100
4242,318,284,166636,6113,1389751,3333800
4243,277,345,166359,6045,1390096,3315700
4244,290,284,166069,6051,1390380,3272600
4245,326,318,165743,6059,1390698,3331100
4246,293,293,165450,6059,1390991,3279900
4247,334,312,165116,6081,1391303,3047900
4248,271,321,164845,6031,1391624,3134400
4249,312,309,164533,6034,1391933,3112400
4250,291,329,164242,5996,1392262,3042400
4251,285,288,163957,5993,1392550,3112600
4252,287,297,163670,5983,1392847,2819300
4253,319,317,163351,5985,1393164,3101400
4254,288,291,163063,5982,1393455,3110800
4255,293,304,162770,5971,1393759,3075400
4256,303,301,162467,5973,1394060,3222900
4257,283,311,162184,5945,1394371,3276800
4258,295,288,161889,5952,1394659,2846100
4259,284,288,161605,5948,1394947,3126400
4260,313,295,161292,5966,1395242,3172300
4261,305,295,160987,5976,1395537,2919700
4262,261,302,160726,5935,1395839,3383400
4263,300,289,160426,5946,1396128,3076700
4264,274,299,160152,5921,1396427,3373600
4265,298,295,159854,5924,1396722,3140200
4266,316,330,159538,5910,1397052,2837800
4267,294,284,159244,5920,1397336,3333600
4268,300,268,158944,5952,1397604,3134100
4269,266,316,158678,5902,1397920,3041800
4270,252,296,158426,5858,1398216,3099300
4271,270,286,158156,5842,1398502,3310000
4272,288,286,157868,5844,1398788,3367600
4273,295,269,157573,5870,1399057,3243600
4274,292,295,157281,5867,1399352,3017100
4275,286,281,156995,5872,1399633,3182700
4276,291,316,156704,5847,1399949,2818400
4277,268,281,156436,5834,1400230,2926000
4278,312,287,156124,5859,1400517,2775400
4279,292,269,155832,5882,1400786,3413200
4280,275,296,155557,5861,1401082,3046000
4281,266,262,155291,5865,1401344,3035600
4282,271,289,155020,5847,1401633,3100600
4283,272,292,154748,5827,1401925,3322300
4284,263,254,154485,5836,1402179,3106300
4285,268,256,154217,5848,1402435,3178500
4286,271,290,153946,5829,1402725,3056200
4287,258,271,153688,5816,1402996,2789200
4288,299,297,153389,5818,1403293,3186700
4289,245,278,153144,5785,1403571,3135800
4290,251,288,152893,5748,1403859,3346000
4291,279,280,152614,5747,1404139,2907800
4292,275,307,152339,5715,1404446,3118000
4293,263,288,152076,5690,1404734,3308300
4294,268,282,151808,5676,1405016,2956500
4295,279,282,151529,5673,1405298,3506800
4296,291,268,151238,5696,1405566,2839900
4297,301,270,150937,5727,1405836,3183300
4298,287,285,150650,5729,1406121,3099000
4299,287,285,150363,5731,1406406,3030700
4300,264,290,150099,5705,1406696,3269500
4301,276,264,149823,5717,1406960,3053200
4302,285,302,149538,5700,1407262,3143900
4303,281,284,149257,5697,1407546,2786400
4304,295,300,148962,5692,1407846,3292800
4305,294,288,148668,5698,1408134,3271600
4306,285,302,148383,5681,1408436,3078200
4307,268,288,148115,5661,1408724,3324200
4308,299,294,147816,5666,1409018,3262900
4309,265,271,147551,5660,1409289,3183500
4310,275,271,147276,5664,1409560,3238300
4311,291,290,146985,5665,1409850,3386000
4312,277,271,146708,5671,1410121,2887100
4313,307,328,146401,5650,1410449,3268200
4314,253,312,146148,5591,1410761,3174400
4315,256,282,145892,5565,1411043,3149200
4316,253,270,145639,5548,1411313,3180700
4317,300,273,145339,5575,1411586,3177700
4318,271,291,145068,5555,1411877,3172300
4319,296,289,144772,5562,1412166,3216200
4320,272,274,144500,5560,1412440,3490700
4321,282,263,144218,5579,1412703,3321600
4322,277,244,143941,5612,1412947,3432400
4323,311,287,143630,5636,1413234,3144500
4324,278,303,143352,5611,1413537,3326200
4325,287,251,143065,5647,1413788,3616300
4326,269,266,142796,5650,1414054,3332100
4327,279,288,142517,5641,1414342,3089700
4328,278,287,142239,5632,1414629,3037100
4329,272,308,141967,5596,1414937,3306000
4330,258,267,141709,5587,1415204,3068900
4331,280,282,141429,5585,1415486,3515200
4332,271,313,141158,5543,1415799,3253200
4333,300,307,140858,5536,1416106,3163900
4334,259,301,140599,5494,1416407,3182000
4335,265,282,140334,5477,1416689,3302000
4336,292,261,140042,5508,1416950,3150100
4337,247,314,139795,5441,1417264,3031300
4338,236,236,139559,5441,1417500,3090600
4339,256,259,139303,5438,1417759,3039000
4340,254,239,139049,5453,1417998,3010500
4341,232,299,138817,5386,1418297,3089500
4342,253,251,138564,5388,1418548,3547700
4343,263,271,138301,5380,1418819,3169300
4344,256,277,138045,5359,1419096,3141400
4345,235,273,137810,5321,1419369,3334800
4346,264,268,137546,5317,1419637,3077800
4347,250,275,137296,5292,1419912,3192600
4348,261,271,137035,5282,1420183,3125100
4349,248,248,136787,5282,1420431,3201300
4350,240,259,136547,5263,1420690,3126500
4351,270,252,136277,5281,1420942,3095600
4352,256,269,136021,5268,1421211,3211800
4353,246,271,135775,5243,1421482,3365100
4354,257,284,135518,5216,1421766,3079400
4355,247,254,135271,5209,1422020,3046800
4356,245,286,135026,5168,1422306,3067400
4357,236,268,134790,5136,1422574,3191800
4358,244,265,134546,5115,1422839,3615700
4359,255,245,134291,5125,1423084,3152500
4360,232,252,134059,5105,1423336,3092900
4361,229,258,133830,5076,1423594,3245900
4362,208,272,133622,5012,1423866,3036500
4363,196,248,133426,4960,1424114,3357400
4364,223,238,133203,4945,1424352,2799700
4365,237,237,132966,4945,1424589,3331600
4366,210,240,132756,4915,1424829,3162900
4367,227,246,132529,4896,1425075,3387700
4368,219,268,132310,4847,1425343,3183800
4369,243,235,132067,4855,1425578,3142500
4370,234,237,131833,4852,1425815,3075800
4371,227,247,131606,4832,1426062,2984700
4372,246,243,131360,4835,1426305,2938200
4373,199,234,131161,4800,1426539,3162100
4374,231,245,130930,4786,1426784,3229600
4375,248,253,130682,4781,1427037,3115000
4376,223,241,130459,4763,1427278,3114200
4377,202,229,130257,4736,1427507,3235500
4378,246,227,130011,4755,1427734,3149000
4379,229,232,129782,4752,1427966,3086500
4380,253,201,129529,4804,1428167,3043600
4381,264,255,129265,4813,1428422,2933800
4382,230,216,129035,4827,1428638,3139300
4383,223,255,128812,4795,1428893,3090000
4384,240,263,128572,4772,1429156,3065900
4385,229,249,128343,4752,1429405,3241100
4386,223,241,128120,4734,1429646,3077600
4387,225,257,127895,4702,1429903,3094000
4388,226,267,127669,4661,1430170,3235500
4389,250,241,127419,4670,1430411,2915500
4390,235,230,127184,4675,1430641,3127400
4391,229,260,126955,4644,1430901,3253100
4392,232,220,126723,4656,1431121,3101700
4393,210,263,126513,4603,1431384,3221200
4394,213,239,126300,4577,1431623,3113500
4395,209,228,126091,4558,1431851,2941500
4396,197,226,125894,4529,1432077,3273900
4397,191,238,125703,4482,1432315,3165400
4398,188,222,125515,4448,1432537,3033400
4399,202,245,125313,4405,1432782,3020400
4400,207,225,125106,4387,1433007,3020100
4401,220,189,124886,4418,1433196,3027000
4402,200,229,124686,4389,1433425,3448100
4403,220,221,124466,4388,1433646,2911600
4404,197,223,124269,4362,1433869,3081400
4405,204,253,124065,4313,1434122,3174200
4406,211,195,123854,4329,1434317,3153100
4407,213,198,123641,4344,1434515,3135600
4408,215,212,123426,4347,1434727,3068700
4409,222,218,123204,4351,1434945,3189800
4410,202,225,123002,4328,1435170,3062900
4411,220,207,122782,4341,1435377,3119100
4412,200,212,122582,4329,1435589,3223300
4413,208,228,122374,4309,1435817,3000300
4414,188,224,122186,4273,1436041,3135000
4415,197,223,121989,4247,1436264,2958900
4416,212,197,121777,4262,1436461,2943300
4417,210,179,121567,4293,1436640,3384200
4418,207,235,121360,4265,1436875,2954600
4419,205,221,121155,4249,1437096,2967000
4420,209,239,120946,4219,1437335,2975800
4421,230,203,120716,4246,1437538,2891700
4422,181,226,120535,4201,1437764,3200600
4423,185,221,120350,4165,1437985,3146800
4424,187,250,120163,4102,1438235,3304900
4425,218,190,119945,4130,1438425,2893700
4426,207,218,119738,4119,1438643,3107100
4427,229,210,119509,4138,1438853,3183300
4428,205,196,119304,4147,1439049,3152100
4429,219,201,119085,4165,1439250,3303600
4430,195,195,118890,4165,1439445,3314900
4431,183,201,118707,4147,1439646,3441600
4432,205,200,118502,4152,1439846,2908900
4433,202,211,118300,4143,1440057,2809400
4434,216,207,118084,4152,1440264,3276700
4435,219,210,117865,4161,1440474,3031000
4436,213,186,117652,4188,1440660,3112500
4437,188,180,117464,4196,1440840,3037100
4438,205,232,117259,4169,1441072,3110800
4439,188,223,117071,4134,1441295,3140200
4440,201,189,116870,4146,1441484,3056200
4441,196,212,116674,4130,1441696,3232600
4442,187,197,116487,4120,1441893,2831700
4443,207,211,116280,4116,1442104,3303000
4444,186,194,116094,4108,1442298,3210300
4445,192,236,115902,4064,1442534,3001900
4446,201,204,115701,4061,1442738,3116600
4447,207,205,115494,4063,1442943,3234500
4448,201,217,115293,4047,1443160,3003200
4449,192,199,115101,4040,1443359,3131100
4450,179,207,114922,4012,1443566,3114800
4451,194,208,114728,3998,1443774,3092600
4452,192,202,114536,3988,1443976,3056800
4453,173,197,114363,3964,1444173,3037200
4454,201,212,114162,3953,1444385,3155800
4455,175,214,113987,3914,1444599,3086300
4456,173,203,113814,3884,1444802,3063000
4457,188,202,113626,3870,1445004,3018100
4458,188,186,113438,3872,1445190,3256700
4459,170,215,113268,3827,1445405,2908200
4460,176,200,113092,3803,1445605,3069800
4461,176,179,112916,3800,1445784,3002500
4462,168,190,112748,3778,1445974,3155800
4463,185,196,112563,3767,1446170,3526500
4464,169,206,112394,3730,1446376,3100400
4465,163,185,112231,3708,1446561,2951800
4466,175,184,112056,3699,1446745,3055700
4467,172,195,111884,3676,1446940,3028900
4468,184,172,111700,3688,1447112,2834600
4469,178,239,111522,3627,1447351,3100000
4470,183,174,111339,3636,1447525,3356000
4471,176,195,111163,3617,1447720,3108900
4472,161,178,111002,3600,1447898,3218700
4473,210,220,110792,3590,1448118,2859600
4474,212,187,110580,3615,1448305,2962100
4475,193,207,110387,3601,1448512,2919700
4476,173,173,110214,3601,1448685,2998300
4477,177,170,110037,3608,1448855,2995100
4478,168,170,109869,3606,1449025,3300600
4479,167,181,109702,3592,1449206,2998900
4480,164,173,109538,3583,1449379,2978900
4481,174,181,109364,3576,1449560,2940700
4482,176,160,109188,3592,1449720,3131100
4483,220,182,108968,3630,1449902,2892300
4484,177,151,108791,3656,1450053,3045300
4485,184,178,108607,3662,1450231,3095900
4486,157,208,108450,3611,1450439,3148800
4487,154,181,108296,3584,1450620,3361100
4488,181,158,108115,3607,1450778,3264400
4489,169,196,107946,3580,1450974,3109200
4490,198,184,107748,3594,1451158,2970100
4491,174,181,107574,3587,1451339,3101900
4492,157,159,107417,3585,1451498,3370500
4493,161,164,107256,3582,1451662,2884900
4494,174,167,107082,3589,1451829,3087600
4495,171,200,106911,3560,1452029,3487800
4496,165,185,106746,3540,1452214,3019900
4497,153,171,106593,3522,1452385,3486500
4498,171,193,106422,3500,1452578,3102900
4499,168,147,106254,3521,1452725,3225100
4500,184,169,106070,3536,1452894,2759900
4501,183,167,105887,3552,1453061,2993800
4502,162,200,105725,3514,1453261,3208700
4503,176,164,105549,3526,1453425,2967800
4504,169,167,105380,3528,1453592,3078200
4505,162,195,105218,3495,1453787,3281100
4506,174,169,105044,3500,1453956,3180700
4507,177,177,104867,3500,1454133,3140800
4508,176,178,104691,3498,1454311,3294000
4509,156,153,104535,3501,1454464,3163600
4510,182,165,104353,3518,1454629,3130000
4511,167,199,104186,3486,1454828,3084700
4512,165,177,104021,3474,1455005,3185800
4513,157,180,103864,3451,1455185,3288000
4514,165,184,103699,3432,1455369,3215700
4515,169,201,103530,3400,1455570,3197700
4516,182,186,103348,3396,1455756,3119500
4517,160,171,103188,3385,1455927,3307400
4518,179,162,103009,3402,1456089,2844900
4519,166,163,102843,3405,1456252,2915600
4520,168,174,102675,3399,1456426,3230900
4521,146,181,102529,3364,1456607,3393500
4522,156,185,102373,3335,1456792,2972800
4523,151,156,102222,3330,1456948,3031600
4524,167,142,102055,3355,1457090,3136500
4525,162,159,101893,3358,1457249,3098000
4526,159,178,101734,3339,1457427,2989600
4527,168,178,101566,3329,1457605,2984400
4528,164,170,101402,3323,1457775,2939900
4529,147,178,101255,3292,1457953,2898100
4530,162,187,101093,3267,1458140,3182600
4531,154,171,100939,3250,1458311,3268300
4532,151,160,100788,3241,1458471,2797000
4533,150,145,100638,3246,1458616,3021300
4534,156,159,100482,3243,1458775,3319400
4535,142,185,100340,3200,1458960,2851100
4536,151,169,100189,3182,1459129,3211800
4537,152,164,100037,3170,1459293,3404100
4538,159,155,99878,3174,1459448,3170000
4539,164,161,99714,3177,1459609,3273100
4540,157,150,99557,3184,1459759,3184900
4541,152,163,99405,3173,1459922,3339500
4542,132,177,99273,3128,1460099,3155000
4543,165,161,99108,3132,1460260,3115100
4544,156,156,98952,3132,1460416,3088700
4545,167,137,98785,3162,1460553,3211500
4546,163,153,98622,3172,1460706,3088900
4547,153,171,98469,3154,1460877,3063000
4548,165,141,98304,3178,1461018,3063000
4549,163,166,98141,3175,1461184,2991300
4550,141,142,98000,3174,1461326,2974000
4551,156,142,97844,3188,1461468,3007300
4552,165,160,97679,3193,1461628,2962700
4553,146,155,97533,3184,1461783,2937600
4554,145,149,97388,3180,1461932,2884700
4555,165,161,97223,3184,1462093,3165500
4556,176,182,97047,3178,1462275,3140200
4557,144,171,96903,3151,1462446,2901800
4558,167,171,96736,3147,1462617,3109800
4559,159,161,96577,3145,1462778,3186100
4560,145,167,96432,3123,1462945,3237400
4561,133,153,96299,3103,1463098,3356300
4562,163,160,96136,3106,1463258,3037100
4563,143,152,95993,3097,1463410,3042700
4564,148,144,95845,3101,1463554,3575300
4565,155,142,95690,3114,1463696,2866200
4566,160,166,95530,3108,1463862,3318100
4567,166,139,95364,3135,1464001,3232600
4568,163,139,95201,3159,1464140,3077500
4569,152,148,95049,3163,1464288,2798900
4570,165,168,94884,3160,1464456,2933200
4571,150,157,94734,3153,1464613,2896500
4572,150,141,94584,3162,1464754,3135700
4573,159,179,94425,3142,1464933,3089900
4574,153,168,94272,3127,1465101,3108200
4575,158,154,94114,3131,1465255,3289100
4576,116,149,93998,3098,1465404,2878900
4577,149,163,93849,3084,1465567,2964600
4578,154,160,93695,3078,1465727,3064900
4579,142,143,93553,3077,1465870,2975300
4580,141,139,93412,3079,1466009,3182800
4581,153,152,93259,3080,1466161,3223900
4582,149,144,93110,3085,1466305,3315600
4583,163,155,92947,3093,1466460,3473700
4584,160,179,92787,3074,1466639,3206800
4585,142,147,92645,3069,1466786,3476400
4586,164,135,92481,3098,1466921,3116700
4587,146,148,92335,3096,1467069,3448200
4588,139,174,92196,3061,1467243,3048300
4589,132,168,92064,3025,1467411,3242400
4590,131,145,91933,3011,1467556,3207500
4591,144,160,91789,2995,1467716,3274800
4592,151,162,91638,2984,1467878,3168900
4593,129,154,91509,2959,1468032,3219500
4594,135,170,91374,2924,1468202,3061100
4595,128,129,91246,2923,1468331,3046500
4596,138,142,91108,2919,1468473,3467100
4597,136,158,90972,2897,1468631,3180900
4598,144,153,90828,2888,1468784,3004300
4599,146,153,90682,2881,1468937,2979400
4600,134,162,90548,2853,1469099,3292700
4601,156,134,90392,2875,1469233,3030700
4602,126,153,90266,2848,1469386,3212800
4603,126,151,90140,2823,1469537,3528100
4604,145,147,89995,2821,1469684,3186700
4605,123,134,89872,2810,1469818,3056400
4606,146,154,89726,2802,1469972,3439800
4607,136,142,89590,2796,1470114,2976600
4608,138,151,89452,2783,1470265,3643100
4609,145,146,89307,2782,1470411,2753600
4610,141,160,89166,2763,1470571,3272400
4611,143,147,89023,2759,1470718,2805000
4612,172,152,88851,2779,1470870,3166800
4613,130,131,88721,2778,1471001,3108300
4614,156,135,88565,2799,1471136,3271500
4615,148,133,88417,2814,1471269,3173800
4616,141,151,88276,2804,1471420,3046100
4617,145,158,88131,2791,1471578,3317300
4618,138,130,87993,2799,1471708,2873600
4619,133,121,87860,2811,1471829,3116900
4620,136,160,87724,2787,1471989,3337000
4621,135,148,87589,2774,1472137,3160700
4622,139,140,87450,2773,1472277,3199200
4623,149,144,87301,2778,1472421,2975600
4624,125,126,87176,2777,1472547,3219700
4625,124,129,87052,2772,1472676,2841100
4626,127,137,86925,2762,1472813,2787200
4627,147,144,86778,2765,1472957,3324800
4628,137,153,86641,2749,1473110,2828400
4629,139,126,86502,2762,1473236,3177700
4630,129,139,86373,2752,1473375,3100000
4631,128,121,86245,2759,1473496,2764900
4632,139,152,86106,2746,1473648,3047600
4633,151,132,85955,2765,1473780,3074400
4634,146,146,85809,2765,1473926,2938800
4635,147,170,85662,2742,1474096,3003900
4636,147,130,85515,2759,1474226,2908900
4637,142,153,85373,2748,1474379,3091400
4638,127,136,85246,2739,1474515,3024200
4639,134,122,85112,2751,1474637,3000500
4640,127,144,84985,2734,1474781,3192400
4641,139,141,84846,2732,1474922,3089500
4642,143,129,84703,2746,1475051,3151500
4643,129,138,84574,2737,1475189,2987600
4644,143,134,84431,2746,1475323,3236000
4645,136,147,84295,2735,1475470,3153600
4646,139,138,84156,2736,1475608,3495900
4647,147,135,84009,2748,1475743,3052900
4648,137,120,83872,2765,1475863,3353800
4649,135,132,83737,2768,1475995,3308700
4650,168,136,83569,2800,1476131,3310400
4651,137,136,83432,2801,1476267,3191100
4652,124,146,83308,2779,1476413,3040000
4653,145,148,83163,2776,1476561,3034600
4654,141,120,83022,2797,1476681,3019200
4655,116,144,82906,2769,1476825,3242100
4656,135,144,82771,2760,1476969,3588700
4657,138,141,82633,2757,1477110,3485400
4658,126,157,82507,2726,1477267,3568900
4659,143,112,82364,2757,1477379,3325000
4660,155,138,82209,2774,1477517,3471300
4661,156,159,82053,2771,1477676,3067000
4662,140,148,81913,2763,1477824,3204700
4663,153,128,81760,2788,1477952,3390700
4664,146,140,81614,2794,1478092,3392100
4665,150,128,81464,2816,1478220,3224800
4666,131,144,81333,2803,1478364,3030600
4667,143,145,81190,2801,1478509,3236000
4668,152,148,81038,2805,1478657,3045700
4669,148,141,80890,2812,1478798,3023500
4670,134,126,80756,2820,1478924,3178300
4671,133,155,80623,2798,1479079,2967700
4672,134,132,80489,2800,1479211,2842300
4673,135,160,80354,2775,1479371,3008000
4674,133,136,80221,2772,1479507,3166400
4675,122,134,80099,2760,1479641,3183700
4676,136,135,79963,2761,1479776,3105800
4677,132,149,79831,2744,1479925,3319500
4678,120,131,79711,2733,1480056,3193100
4679,137,136,79574,2734,1480192,3309600
4680,139,135,79435,2738,1480327,3506300
4681,145,143,79290,2740,1480470,3507200
4682,127,135,79163,2732,1480605,3285600
4683,129,151,79034,2710,1480756,3167000
4684,135,123,78899,2722,1480879,2994900
4685,132,125,78767,2729,1481004,3050100
4686,119,129,78648,2719,1481133,3282900
4687,131,137,78517,2713,1481270,3288200
4688,126,141,78391,2698,1481411,3071500
4689,131,119,78260,2710,1481530,3123000
4690,137,135,78123,2712,1481665,3398200
4691,136,146,77987,2702,1481811,3267800
4692,143,121,77844,2724,1481932,3333100
4693,137,134,77707,2727,1482066,3432200
4694,130,141,77577,2716,1482207,3196300
4695,129,137,77448,2708,1482344,3092300
4696,131,143,77317,2696,1482487,3180900
4697,135,139,77182,2692,1482626,3162900
4698,142,146,77040,2688,1482772,3292300
4699,126,125,76914,2689,1482897,3028700
4700,127,146,76787,2670,1483043,3046000
4701,111,138,76676,2643,1483181,3087800
4702,142,132,76534,2653,1483313,3266700
4703,129,137,76405,2645,1483450,3594800
4704,108,146,76297,2607,1483596,3021000
4705,119,137,76178,2589,1483733,3221700
4706,110,115,76068,2584,1483848,3330100
4707,143,142,75925,2585,1483990,2969700
4708,115,145,75810,2555,1484135,3085300
4709,128,136,75682,2547,1484271,3055600
4710,110,122,75572,2535,1484393,3360800
4711,123,126,75449,2532,1484519,3103500
4712,126,123,75323,2535,1484642,3158600
4713,111,113,75212,2533,1484755,3381000
4714,124,120,75088,2537,1484875,3174200
4715,133,138,74955,2532,1485013,3366700
4716,116,139,74839,2509,1485152,3140100
4717,115,131,74724,2493,1485283,3093600
4718,115,120,74609,2488,1485403,3385600
4719,130,124,74479,2494,1485527,3623500
4720,121,141,74358,2474,1485668,3447000
4721,123,128,74235,2469,1485796,3150800
4722,112,128,74123,2453,1485924,3032700
4723,128,119,73995,2462,1486043,3170000
4724,117,125,73878,2454,1486168,3416500
4725,124,120,73754,2458,1486288,2896100
4726,138,134,73616,2462,1486422,2952100
4727,128,120,73488,2470,1486542,3141700
4728,128,108,73360,2490,1486650,3300400
4729,132,128,73228,2494,1486778,3017600
4730,103,129,73125,2468,1486907,3227000
4731,113,107,73012,2474,1487014,3058200
4732,114,133,72898,2455,1487147,3335800
4733,130,114,72768,2471,1487261,3181000
4734,143,126,72625,2488,1487387,3156000
4735,140,110,72485,2518,1487497,3429300
4736,129,129,72356,2518,1487626,2985700
4737,128,119,72228,2527,1487745,3102200
4738,123,120,72105,2530,1487865,3710200
4739,131,133,71974,2528,1487998,3462100
4740,141,139,71833,2530,1488137,3394900
4741,131,112,71702,2549,1488249,3050600
4742,137,109,71565,2577,1488358,3087600
4743,110,128,71455,2559,1488486,3111600
4744,117,133,71338,2543,1488619,3111900
4745,125,122,71213,2546,1488741,3181900
4746,123,115,71090,2554,1488856,3263000
4747,140,131,70950,2563,1488987,3246700
4748,126,121,70824,2568,1489108,3054600
4749,136,129,70688,2575,1489237,2975100
4750,130,125,70558,2580,1489362,3197900
4751,132,132,70426,2580,1489494,3293200
4752,135,122,70291,2593,1489616,3234800
4753,139,137,70152,2595,1489753,3062300
4754,142,122,70010,2615,1489875,3117800
4755,117,143,69893,2589,1490018,3032700
4756,106,146,69787,2549,1490164,3233600
4757,128,125,69659,2552,1490289,3258300
4758,99,125,69560,2526,1490414,3206300
4759,136,119,69424,2543,1490533,3109800
4760,125,115,69299,2553,1490648,3273400
4761,105,106,69194,2552,1490754,3640900
4762,106,153,69088,2505,1490907,3561700
4763,93,120,68995,2478,1491027,3473800
4764,109,125,68886,2462,1491152,3380500
4765,139,120,68747,2481,1491272,3990500
4766,120,132,68627,2469,1491404,3797600
4767,121,125,68506,2465,1491529,3319200
4768,135,121,68371,2479,1491650,3386000
4769,122,128,68249,2473,1491778,3155600
4770,117,129,68132,2461,1491907,3149800
4771,112,127,68020,2446,1492034,3112100
4772,124,117,67896,2453,1492151,3106000
4773,113,122,67783,2444,1492273,3374400
4774,135,142,67648,2437,1492415,3295500
4775,120,139,67528,2418,1492554,3114700
4776,128,129,67400,2417,1492683,3085200
4777,124,117,67276,2424,1492800,3204900
4778,131,104,67145,2451,1492904,3255300
4779,123,132,67022,2442,1493036,3130600
4780,117,124,66905,2435,1493160,3275600
4781,104,122,66801,2417,1493282,3416500
4782,108,99,66693,2426,1493381,3069700
4783,117,125,66576,2418,1493506,3340600
4784,112,127,66464,2403,1493633,3288200
4785,119,125,66345,2397,1493758,3178400
4786,131,109,66214,2419,1493867,3528500
4787,117,127,66097,2409,1493994,3313600
4788,118,123,65979,2404,1494117,3228100
4789,125,105,65854,2424,1494222,3112300
4790,119,121,65735,2422,1494343,3142700
4791,121,125,65614,2418,1494468,3157100
4792,134,116,65480,2436,1494584,3251700
4793,126,110,65354,2452,1494694,3298300
4794,126,112,65228,2466,1494806,3317600
4795,125,113,65103,2478,1494919,3011000
4796,130,124,64973,2484,1495043,3118400
4797,124,124,64849,2484,1495167,3146600
4798,131,123,64718,2492,1495290,3127300
4799,117,113,64601,2496,1495403,3283900
4800,125,115,64476,2506,1495518,3117000
4801,114,127,64362,2493,1495645,3217700
4802,105,119,64257,2479,1495764,3271000
4803,107,123,64150,2463,1495887,3216200
4804,106,120,64044,2449,1496007,3089400
4805,95,128,63949,2416,1496135,3050800
4806,106,115,63843,2407,1496250,3052600
4807,101,124,63742,2384,1496374,2991900
4808,116,105,63626,2395,1496479,2949000
4809,131,119,63495,2407,1496598,3036000
4810,111,120,63384,2398,1496718,3165900
4811,94,109,63290,2383,1496827,3258100
4812,109,126,63181,2366,1496953,3315600
4813,109,114,63072,2361,1497067,3292600
4814,102,116,62970,2347,1497183,3262400
4815,92,105,62878,2334,1497288,3183700
4816,99,114,62779,2319,1497402,3123900
4817,105,103,62674,2321,1497505,3015900
4818,103,122,62571,2302,1497627,3176000
4819,114,98,62457,2318,1497725,2983000
4820,103,111,62354,2310,1497836,3326900
4821,111,121,62243,2300,1497957,3448900
4822,125,114,62118,2311,1498071,3212000
4823,98,112,62020,2297,1498183,3344100
4824,131,120,61889,2308,1498303,3230900
4825,120,124,61769,2304,1498427,3372200
4826,106,110,61663,2300,1498537,3176700
4827,99,94,61564,2305,1498631,3197000
4828,106,107,61458,2304,1498738,3257100
4829,111,112,61347,2303,1498850,3003900
4830,107,115,61240,2295,1498965,3063000
4831,93,108,61147,2280,1499073,3432400
4832,100,104,61047,2276,1499177,3159700
4833,119,94,60928,2301,1499271,3179300
4834,118,126,60810,2293,1499397,3240600
4835,99,136,60711,2256,1499533,3247500
4836,103,125,60608,2234,1499658,3114400
4837,102,103,60506,2233,1499761,3263500
4838,110,108,60396,2235,1499869,3307500
4839,108,118,60288,2225,1499987,3197900
4840,107,110,60181,2222,1500097,3319300
4841,114,122,60067,2214,1500219,3208300
4842,102,114,59965,2202,1500333,3324200
4843,100,120,59865,2182,1500453,3332300
4844,112,101,59753,2193,1500554,3194200
4845,100,108,59653,2185,1500662,3136700
4846,108,119,59545,2174,1500781,3054300
4847,99,102,59446,2171,1500883,3062900
4848,86,99,59360,2158,1500982,3072000
4849,92,106,59268,2144,1501088,3069400
4850,106,95,59162,2155,1501183,3236200
4851,100,117,59062,2138,1501300,3138000
4852,97,89,58965,2146,1501389,3296700
4853,104,114,58861,2136,1501503,3297500
4854,99,138,58762,2097,1501641,3285200
4855,101,110,58661,2088,1501751,3263600
4856,105,101,58556,2092,1501852,3114000
4857,110,101,58446,2101,1501953,3060200
4858,100,124,58346,2077,1502077,3207000
4859,100,99,58246,2078,1502176,3208800
4860,101,96,58145,2083,1502272,3332400
4861,111,96,58034,2098,1502368,2990400
4862,104,105,57930,2097,1502473,3416200
4863,105,103,57825,2099,1502576,3121000
4864,106,99,57719,2106,1502675,3184800
4865,115,92,57604,2129,1502767,3270600
4866,112,110,57492,2131,1502877,3052600
4867,103,77,57389,2157,1502954,3107600
4868,118,109,57271,2166,1503063,3295600
4869,110,128,57161,2148,1503191,3225900
4870,122,107,57039,2163,1503298,3319300
4871,108,102,56931,2169,1503400,3351400
4872,122,111,56809,2180,1503511,3259700
4873,110,98,56699,2192,1503609,3254600
4874,114,115,56585,2191,1503724,3085500
4875,109,130,56476,2170,1503854,3105800
4876,106,111,56370,2165,1503965,3198600
4877,113,100,56257,2178,1504065,3282500
4878,117,106,56140,2189,1504171,3358300
4879,116,118,56024,2187,1504289,3335500
4880,114,115,55910,2186,1504404,3171600
4881,107,102,55803,2191,1504506,3418700
4882,104,110,55699,2185,1504616,3155100
4883,96,110,55603,2171,1504726,3231800
4884,84,114,55519,2141,1504840,3318200
4885,108,85,55411,2164,1504925,3449800
4886,98,112,55313,2150,1505037,3321100
4887,104,111,55209,2143,1505148,3225900
4888,113,116,55096,2140,1505264,3104200
4889,95,97,55001,2138,1505361,3562700
4890,117,107,54884,2148,1505468,3349800
4891,111,112,54773,2147,1505580,3396800
4892,91,105,54682,2133,1505685,3085500
4893,112,103,54570,2142,1505788,3046900
4894,106,122,54464,2126,1505910,3130600
4895,109,100,54355,2135,1506010,3201600
4896,112,101,54243,2146,1506111,3354900
4897,113,111,54130,2148,1506222,3247500
4898,111,90,54019,2169,1506312,3251600
4899,104,100,53915,2173,1506412,3041500
4900,94,103,53821,2164,1506515,3076000
4901,114,108,53707,2170,1506623,3265400
4902,138,112,53569,2196,1506735,2939600
4903,98,123,53471,2171,1506858,3111600
4904,109,97,53362,2183,1506955,3233900
4905,103,103,53259,2183,1507058,3495000
4906,113,113,53146,2183,1507171,3404100
4907,114,99,53032,2198,1507270,3301200
4908,108,113,52924,2193,1507383,3283600
4909,84,117,52840,2160,1507500,3115200
4910,111,111,52729,2160,1507611,4401300
4911,110,114,52619,2156,1507725,3670100
4912,96,100,52523,2152,1507825,4432600
4913,102,98,52421,2156,1507923,3255200
4914,106,113,52315,2149,1508036,3443600
4915,98,84,52217,2163,1508120,3365800
4916,103,105,52114,2161,1508225,3182900
4917,108,113,52006,2156,1508338,3134100
4918,112,124,51894,2144,1508462,3264300
4919,107,98,51787,2153,1508560,3441600
4920,114,103,51673,2164,1508663,3642300
4921,90,92,51583,2162,1508755,3136200
4922,89,102,51494,2149,1508857,3340200
4923,89,104,51405,2134,1508961,2981800
4924,94,113,51311,2115,1509074,3077700
4925,90,104,51221,2101,1509178,3147200
4926,84,109,51137,2076,1509287,3044800
4927,94,114,51043,2056,1509401,3154700
4928,93,111,50950,2038,1509512,3180300
4929,85,118,50865,2005,1509630,3247500
4930,88,104,50777,1989,1509734,3368100
4931,98,98,50679,1989,1509832,3283900
4932,80,83,50599,1986,1509915,3197200
4933,97,94,50502,1989,1510009,3226200
4934,82,107,50420,1964,1510116,2843200
4935,85,97,50335,1952,1510213,3268600
4936,92,98,50243,1946,1510311,3158200
4937,87,100,50156,1933,1510411,3185500
4938,94,93,50062,1934,1510504,3584800
4939,69,72,49993,1931,1510576,3314100
4940,78,73,49915,1936,1510649,3130500
4941,89,104,49826,1921,1510753,3173400
4942,68,94,49758,1895,1510847,3062800
4943,86,78,49672,1903,1510925,3191700
4944,84,88,49588,1899,1511013,3432200
4945,82,94,49506,1887,1511107,3060300
4946,76,104,49430,1859,1511211,3219600
4947,84,83,49346,1860,1511294,3094100
4948,82,92,49264,1850,1511386,3109300
4949,83,96,49181,1837,1511482,3090700
4950,75,96,49106,1816,1511578,3212800
4951,87,106,49019,1797,1511684,3149700
4952,85,97,48934,1785,1511781,3349300
4953,78,87,48856,1776,1511868,3186100
4954,73,92,48783,1757,1511960,3257800
4955,73,94,48710,1736,1512054,3137600
4956,87,83,48623,1740,1512137,3541300
4957,69,85,48554,1724,1512222,3283500
4958,81,79,48473,1726,1512301,3014700
4959,71,97,48402,1700,1512398,3191500
4960,86,89,48316,1697,1512487,3089000
4961,77,74,48239,1700,1512561,3371800
4962,79,88,48160,1691,1512649,3065000
4963,77,78,48083,1690,1512727,3375100
4964,86,90,47997,1686,1512817,3162700
4965,81,95,47916,1672,1512912,3066300
4966,95,88,47821,1679,1513000,3166500
4967,84,81,47737,1682,1513081,3154500
4968,66,72,47671,1676,1513153,3094800
4969,80,85,47591,1671,1513238,3155500
4970,78,85,47513,1664,1513323,3258400
4971,89,81,47424,1672,1513404,3391300
4972,73,90,47351,1655,1513494,3397300
4973,73,83,47278,1645,1513577,3266600
4974,77,87,47201,1635,1513664,3177500
4975,72,76,47129,1631,1513740,3265000
4976,71,77,47058,1625,1513817,3359300
4977,76,79,46982,1622,1513896,3249300
4978,70,95,46912,1597,1513991,3205200
4979,76,77,46836,1596,1514068,3262300
4980,81,82,46755,1595,1514150,3045400
4981,78,93,46677,1580,1514243,3198100
4982,87,84,46590,1583,1514327,3112600
4983,75,87,46515,1571,1514414,3064500
4984,63,66,46452,1568,1514480,3546600
4985,83,75,46369,1576,1514555,3306300
4986,78,87,46291,1567,1514642,3153000
4987,82,73,46209,1576,1514715,3084700
4988,72,92,46137,1556,1514807,3129400
4989,84,74,46053,1566,1514881,3139100
4990,82,90,45971,1558,1514971,3169900
4991,74,98,45897,1534,1515069,3145700
4992,85,82,45812,1537,1515151,3285400
4993,92,73,45720,1556,1515224,3573600
4994,85,75,45635,1566,1515299,3118800
4995,68,85,45567,1549,1515384,3094200
4996,83,72,45484,1560,1515456,3267300
4997,71,84,45413,1547,1515540,3255300
4998,87,79,45326,1555,1515619,3276900
4999,82,88,45244,1549,1515707,3282400
5000,73,86,45171,1536,1515793,3317200
5001,79,80,45092,1535,1515873,3250700
5002,67,84,45025,1518,1515957,3313500
5003,70,92,44955,1496,1516049,3240700
5004,63,65,44892,1494,1516114,3273300
5005,75,83,44817,1486,1516197,3146100
5006,66,76,44751,1476,1516273,3005300
5007,65,73,44686,1468,1516346,3236600
5008,66,78,44620,1456,1516424,3306100
5009,71,72,44549,1455,1516496,3131600
5010,78,69,44471,1464,1516565,3255700
5011,67,72,44404,1459,1516637,3399600
5012,68,73,44336,1454,1516710,3284900
5013,77,70,44259,1461,1516780,3358800
5014,78,93,44181,1446,1516873,3471000
5015,62,87,44119,1421,1516960,3418400
5016,62,81,44057,1402,1517041,3217000
5017,74,79,43983,1397,1517120,3285500
5018,64,53,43919,1408,1517173,3260100
5019,83,80,43836,1411,1517253,3084800
5020,81,59,43755,1433,1517312,3042100
5021,75,63,43680,1445,1517375,3208600
5022,66,62,43614,1449,1517437,3283100
5023,49,57,43565,1441,1517494,3154800
5024,76,69,43489,1448,1517563,3239300
5025,73,62,43416,1459,1517625,3271900
5026,77,76,43339,1460,1517701,3439500
5027,83,74,43256,1469,1517775,3094300
5028,70,82,43186,1457,1517857,3074500
5029,86,75,43100,1468,1517932,3253700
5030,69,86,43031,1451,1518018,3149300
5031,79,66,42952,1464,1518084,3346200
5032,86,78,42866,1472,1518162,3304400
5033,76,78,42790,1470,1518240,3276900
5034,78,81,42712,1467,1518321,3059200
5035,82,79,42630,1470,1518400,3126600
5036,85,87,42545,1468,1518487,3402200
5037,69,57,42476,1480,1518544,3182400
5038,69,74,42407,1475,1518618,3460600
5039,86,61,42321,1500,1518679,3052500
5040,68,62,42253,1506,1518741,3384200
5041,79,76,42174,1509,1518817,3227900
5042,73,75,42101,1507,1518892,3069600
5043,63,81,42038,1489,1518973,3224700
5044,90,66,41948,1513,1519039,3173800
5045,80,83,41868,1510,1519122,3045700
5046,90,79,41778,1521,1519201,3065200
5047,70,71,41708,1520,1519272,3291600
5048,70,76,41638,1514,1519348,3243400
5049,81,85,41557,1510,1519433,3302900
5050,72,78,41485,1504,1519511,3365900
5051,95,83,41390,1516,1519594,3307700
5052,68,77,41322,1507,1519671,3173800
5053,59,81,41263,1485,1519752,3482400
5054,66,68,41197,1483,1519820,3303100
5055,65,73,41132,1475,1519893,3196400
5056,81,69,41051,1487,1519962,3535000
5057,60,87,40991,1460,1520049,3386400
5058,82,85,40909,1457,1520134,3206000
5059,68,75,40841,1450,1520209,3015000
5060,74,78,40767,1446,1520287,3044300
5061,63,78,40704,1431,1520365,3390200
5062,49,80,40655,1400,1520445,2883400
5063,67,77,40588,1390,1520522,3097000
5064,66,74,40522,1382,1520596,3198000
5065,74,65,40448,1391,1520661,3434900
5066,69,74,40379,1386,1520735,3258400
5067,68,70,40311,1384,1520805,3287700
5068,71,81,40240,1374,1520886,3253300
5069,62,73,40178,1363,1520959,3147500
5070,64,58,40114,1369,1521017,3140900
5071,64,69,40050,1364,1521086,3115800
5072,77,69,39973,1372,1521155,3100700
5073,70,65,39903,1377,1521220,3303500
5074,55,71,39848,1361,1521291,3174500
5075,49,64,39799,1346,1521355,3113500
5076,48,70,39751,1324,1521425,3122700
5077,73,57,39678,1340,1521482,3107800
5078,74,61,39604,1353,1521543,3302800
5079,72,70,39532,1355,1521613,3102100
5080,72,74,39460,1353,1521687,3300200
5081,58,55,39402,1356,1521742,2980800
5082,77,71,39325,1362,1521813,3121300
5083,50,70,39275,1342,1521883,3369500
5084,72,74,39203,1340,1521957,3392500
5085,70,53,39133,1357,1522010,3185200
5086,65,79,39068,1343,1522089,3137700
5087,70,71,38998,1342,1522160,3318000
5088,64,66,38934,1340,1522226,3185800
5089,62,58,38872,1344,1522284,3190000
5090,50,68,38822,1326,1522352,3142100
5091,61,57,38761,1330,1522409,3200900
5092,64,67,38697,1327,1522476,3160100
5093,72,67,38625,1332,1522543,3160800
5094,59,69,38566,1322,1522612,3101100
5095,64,59,38502,1327,1522671,2959700
5096,70,78,38432,1319,1522749,3192600
5097,48,67,38384,1300,1522816,3220000
5098,57,66,38327,1291,1522882,3275700
5099,53,55,38274,1289,1522937,3199700
5100,54,65,38220,1278,1523002,3181600
5101,55,70,38165,1263,1523072,3242200
5102,67,58,38098,1272,1523130,3094100
5103,60,72,38038,1260,1523202,3116200
5104,61,63,37977,1258,1523265,3255300
5105,64,53,37913,1269,1523318,3232200
5106,60,70,37853,1259,1523388,3592400
5107,57,65,37796,1251,1523453,3432100
5108,61,57,37735,1255,1523510,3488200
5109,56,66,37679,1245,1523576,3255600
5110,58,59,37621,1244,1523635,3105700
5111,58,70,37563,1232,1523705,3096600
5112,57,56,37506,1233,1523761,3107600
5113,57,66,37449,1224,1523827,3294800
5114,59,61,37390,1222,1523888,3165800
5115,63,70,37327,1215,1523958,3082000
5116,44,60,37283,1199,1524018,2993300
5117,62,64,37221,1197,1524082,3117400
5118,52,53,37169,1196,1524135,3488600
5119,47,68,37122,1175,1524203,3081300
5120,55,60,37067,1170,1524263,3019600
5121,62,61,37005,1171,1524324,2988900
5122,61,60,36944,1172,1524384,3257300
5123,59,66,36885,1165,1524450,3272700
5124,57,58,36828,1164,1524508,3241100
5125,61,63,36767,1162,1524571,3358600
5126,61,63,36706,1160,1524634,3029700
5127,40,63,36666,1137,1524697,3470900
5128,62,55,36604,1144,1524752,3531900
5129,53,51,36551,1146,1524803,3410300
5130,61,61,36490,1146,1524864,3323100
5131,55,49,36435,1152,1524913,3158800
5132,56,76,36379,1132,1524989,2995800
5133,51,58,36328,1125,1525047,3155100
5134,50,61,36278,1114,1525108,3105900
5135,46,54,36232,1106,1525162,3274200
5136,47,66,36185,1087,1525228,3060200
5137,42,49,36143,1080,1525277,3194700
5138,48,52,36095,1076,1525329,3249600
5139,48,43,36047,1081,1525372,3000500
5140,39,47,36008,1073,1525419,3034900
5141,52,58,35956,1067,1525477,3014100
5142,56,53,35900,1070,1525530,3101400
5143,45,61,35855,1054,1525591,3032900
5144,42,48,35813,1048,1525639,3053700
5145,57,49,35756,1056,1525688,3173400
5146,46,52,35710,1050,1525740,3181500
5147,39,50,35671,1039,1525790,3368900
5148,43,40,35628,1042,1525830,3371100
5149,49,49,35579,1042,1525879,3267500
5150,55,48,35524,1049,1525927,3486800
5151,64,57,35460,1056,1525984,3000100
5152,42,56,35418,1042,1526040,3128500
5153,56,54,35362,1044,1526094,3327100
5154,60,39,35302,1065,1526133,3197800
5155,45,52,35257,1058,1526185,3025200
5156,54,56,35203,1056,1526241,2964300
5157,40,46,35163,1050,1526287,3187800
5158,53,47,35110,1056,1526334,3093500
5159,46,45,35064,1057,1526379,3118800
5160,55,61,35009,1051,1526440,3153900
5161,45,48,34964,1048,1526488,3189900
5162,51,50,34913,1049,1526538,3348100
5163,53,62,34860,1040,1526600,3195300
5164,55,62,34805,1033,1526662,2980800
5165,44,56,34761,1021,1526718,3052200
5166,57,47,34704,1031,1526765,3206400
5167,47,42,34657,1036,1526807,3216700
5168,57,58,34600,1035,1526865,3056600
5169,46,61,34554,1020,1526926,2986200
5170,52,42,34502,1030,1526968,3073700
5171,40,34,34462,1036,1527002,3150100
5172,43,48,34419,1031,1527050,3135100
5173,49,42,34370,1038,1527092,3120800
5174,52,54,34318,1036,1527146,3440400
5175,59,37,34259,1058,1527183,3303000
5176,42,42,34217,1058,1527225,3359700
5177,55,66,34162,1047,1527291,3022800
5178,60,46,34102,1061,1527337,3078300
5179,55,58,34047,1058,1527395,2901600
5180,41,41,34006,1058,1527436,3221700
5181,49,60,33957,1047,1527496,3064600
5182,57,43,33900,1061,1527539,3159500
5183,52,46,33848,1067,1527585,3040500
5184,38,47,33810,1058,1527632,3176100
5185,37,53,33773,1042,1527685,3486600
5186,35,53,33738,1024,1527738,3276700
5187,46,45,33692,1025,1527783,3044600
5188,54,44,33638,1035,1527827,3054800
5189,40,51,33598,1024,1527878,3217400
5190,45,45,33553,1024,1527923,3403400
5191,52,61,33501,1015,1527984,3529900
5192,37,50,33464,1002,1528034,3255000
5193,38,56,33426,984,1528090,3278800
5194,37,47,33389,974,1528137,3110300
5195,43,49,33346,968,1528186,3112200
5196,31,44,33315,955,1528230,3264000
5197,49,43,33266,961,1528273,3113200
5198,44,47,33222,958,1528320,3074100
5199,55,50,33167,963,1528370,3064400
5200,49,55,33118,957,1528425,3076600
5201,42,41,33076,958,1528466,3041000
5202,43,52,33033,949,1528518,2956400
5203,41,37,32992,953,1528555,3150500
5204,39,41,32953,951,1528596,3180500
5205,50,56,32903,945,1528652,3095300
5206,37,49,32866,933,1528701,3069400
5207,40,53,32826,920,1528754,3077100
5208,44,54,32782,910,1528808,3059800
5209,38,44,32744,904,1528852,3143200
5210,46,40,32698,910,1528892,3042800
5211,44,45,32654,909,1528937,3212000
5212,39,43,32615,905,1528980,3232400
5213,33,55,32582,883,1529035,3189100
5214,46,47,32536,882,1529082,3252700
5215,39,42,32497,879,1529124,3274500
5216,54,59,32443,874,1529183,3330500
5217,48,43,32395,879,1529226,2926200
5218,53,51,32342,881,1529277,3057700
5219,52,63,32290,870,1529340,3568500
5220,44,39,32246,875,1529379,3101500
5221,49,31,32197,893,1529410,3175500
5222,48,45,32149,896,1529455,3188800
5223,54,43,32095,907,1529498,3134900
5224,39,37,32056,909,1529535,3158100
5225,35,46,32021,898,1529581,3166900
5226,53,39,31968,912,1529620,3053400
5227,46,49,31922,909,1529669,3104800
5228,42,52,31880,899,1529721,3158900
5229,54,42,31826,911,1529763,3367000
5230,47,50,31779,908,1529813,3197200
5231,37,48,31742,897,1529861,3159400
5232,54,53,31688,898,1529914,3061000
5233,51,52,31637,897,1529966,3061100
5234,43,46,31594,894,1530012,3317100
5235,41,48,31553,887,1530060,3297900
5236,48,55,31505,880,1530115,3336600
5237,38,43,31467,875,1530158,3304600
5238,44,40,31423,879,1530198,3642200
5239,42,49,31381,872,1530247,3247800
5240,54,53,31327,873,1530300,2985200
5241,50,53,31277,870,1530353,3185000
5242,49,41,31228,878,1530394,3448400
5243,51,62,31177,867,1530456,3151300
5244,40,57,31137,850,1530513,3111900
5245,45,24,31092,871,1530537,3107700
5246,43,46,31049,868,1530583,3239600
5247,40,50,31009,858,1530633,3223400
5248,48,34,30961,872,1530667,3299400
5249,39,55,30922,856,1530722,3050000
5250,49,38,30873,867,1530760,3020500
5251,38,46,30835,859,1530806,3115800
5252,48,49,30787,858,1530855,2963200
5253,40,35,30747,863,1530890,3121900
5254,53,54,30694,862,1530944,3459200
5255,44,37,30650,869,1530981,3111200
5256,31,36,30619,864,1531017,3395100
5257,46,48,30573,862,1531065,3007200
5258,46,34,30527,874,1531099,3047600
5259,46,47,30481,873,1531146,3119300
5260,44,43,30437,874,1531189,3042200
5261,39,42,30398,871,1531231,2869200
5262,35,38,30363,868,1531269,3188300
5263,46,53,30317,861,1531322,3331100
5264,45,45,30272,861,1531367,3131600
5265,35,40,30237,856,1531407,3097900
5266,43,43,30194,856,1531450,3072000
5267,48,42,30146,862,1531492,3347900
5268,46,30,30100,878,1531522,3436800
5269,50,36,30050,892,1531558,3179500
5270,40,33,30010,899,1531591,3206900
5271,44,52,29966,891,1531643,3157900
5272,35,38,29931,888,1531681,3169900
5273,39,48,29892,879,1531729,3406400
5274,43,42,29849,880,1531771,3282800
5275,42,40,29807,882,1531811,3345500
5276,43,51,29764,874,1531862,3163200
5277,43,33,29721,884,1531895,3408900
5278,28,47,29693,865,1531942,3007200
5279,43,48,29650,860,1531990,3295700
5280,39,44,29611,855,1532034,3140100
5281,32,32,29579,855,1532066,3299600
5282,27,37,29552,845,1532103,2987600
5283,37,36,29515,846,1532139,2981800
5284,28,39,29487,835,1532178,3120200
5285,33,50,29454,818,1532228,3165300
5286,38,32,29416,824,1532260,3095500
5287,35,27,29381,832,1532287,3076400
5288,32,42,29349,822,1532329,3060900
5289,31,49,29318,804,1532378,3440100
5290,29,41,29289,792,1532419,3198400
5291,39,42,29250,789,1532461,3172600
5292,32,37,29218,784,1532498,3288000
5293,32,39,29186,777,1532537,2857700
5294,28,36,29158,769,1532573,3345600
5295,23,48,29135,744,1532621,3370800
5296,28,37,29107,735,1532658,3139800
5297,39,39,29068,735,1532697,3158100
5298,33,35,29035,733,1532732,3211500
5299,41,34,28994,740,1532766,3170800
5300,35,35,28959,740,1532801,3090000
5301,23,35,28936,728,1532836,3315700
5302,24,31,28912,721,1532867,3197500
5303,26,43,28886,704,1532910,3106800
5304,25,31,28861,698,1532941,3060200
5305,35,35,28826,698,1532976,2957100
5306,36,43,28790,691,1533019,3184700
5307,29,46,28761,674,1533065,3191300
5308,24,28,28737,670,1533093,3160400
5309,33,29,28704,674,1533122,2982400
5310,41,42,28663,673,1533164,3412800
5311,35,24,28628,684,1533188,3021000
5312,39,25,28589,698,1533213,3550200
5313,40,39,28549,699,1533252,3745600
5314,32,34,28517,697,1533286,3402700
5315,34,37,28483,694,1533323,3218500
5316,31,44,28452,681,1533367,3186500
5317,24,38,28428,667,1533405,3080700
5318,29,31,28399,665,1533436,3029500
5319,42,34,28357,673,1533470,2936900
5320,30,28,28327,675,1533498,3237500
5321,34,24,28293,685,1533522,3201400
5322,33,34,28260,684,1533556,3219200
5323,44,38,28216,690,1533594,3321200
5324,28,29,28188,689,1533623,3112900
5325,36,36,28152,689,1533659,3139700
5326,22,36,28130,675,1533695,3216100
5327,25,37,28105,663,1533732,3174400
5328,37,30,28068,670,1533762,3022200
5329,25,38,28043,657,1533800,3120800
5330,25,33,28018,649,1533833,3399600
5331,26,29,27992,646,1533862,3111700
5332,28,26,27964,648,1533888,3133300
5333,29,26,27935,651,1533914,2940000
5334,26,33,27909,644,1533947,3150100
5335,30,25,27879,649,1533972,3062300
5336,40,27,27839,662,1533999,3063200
5337,30,41,27809,651,1534040,2980600
5338,31,26,27778,656,1534066,3050100
5339,27,24,27751,659,1534090,3119800
5340,21,32,27730,648,1534122,3052200
5341,25,31,27705,642,1534153,3248400
5342,29,30,27676,641,1534183,3390800
5343,24,37,27652,628,1534220,3045100
5344,23,30,27629,621,1534250,3255300
5345,25,40,27604,606,1534290,2972300
5346,25,29,27579,602,1534319,3142300
5347,23,23,27556,602,1534342,3175200
5348,18,35,27538,585,1534377,3378100
5349,25,32,27513,578,1534409,3314800
5350,27,29,27486,576,1534438,3056400
5351,24,35,27462,565,1534473,3483600
5352,23,35,27439,553,1534508,3231400
5353,26,21,27413,558,1534529,3055400
5354,28,28,27385,558,1534557,3156700
5355,18,34,27367,542,1534591,3306800
5356,22,32,27345,532,1534623,3277100
5357,24,27,27321,529,1534650,3224500
5358,24,25,27297,528,1534675,3126400
5359,22,15,27275,535,1534690,3235500
5360,24,34,27251,525,1534724,3274500
5361,30,38,27221,517,1534762,3112800
5362,26,29,27195,514,1534791,3750200
5363,29,34,27166,509,1534825,3625900
5364,30,27,27136,512,1534852,3195600
5365,26,26,27110,512,1534878,3344600
5366,28,22,27082,518,1534900,3083100
5367,23,25,27059,516,1534925,3062700
5368,30,30,27029,516,1534955,3153800
5369,24,30,27005,510,1534985,2994000
5370,20,33,26985,497,1535018,3444400
5371,24,23,26961,498,1535041,3480500
5372,23,24,26938,497,1535065,3315400
5373,16,23,26922,490,1535088,3271200
5374,23,22,26899,491,1535110,3167600
5375,19,26,26880,484,1535136,3342700
5376,28,18,26852,494,1535154,3522400
5377,34,25,26818,503,1535179,3367200
5378,31,23,26787,511,1535202,3503000
5379,28,27,26759,512,1535229,3497300
5380,30,26,26729,516,1535255,3655700
5381,20,26,26709,510,1535281,3279100
5382,25,30,26684,505,1535311,3304600
5383,21,19,26663,507,1535330,3009500
5384,24,25,26639,506,1535355,2980600
5385,24,25,26615,505,1535380,3444000
5386,23,29,26592,499,1535409,3374400
5387,19,21,26573,497,1535430,3343100
5388,16,26,26557,487,1535456,3057500
5389,14,25,26543,476,1535481,3161900
5390,25,26,26518,475,1535507,3297500
5391,21,26,26497,470,1535533,3355900
5392,25,24,26472,471,1535557,3507200
5393,16,27,26456,460,1535584,3515000
5394,29,30,26427,459,1535614,3390800
5395,24,27,26403,456,1535641,3174600
5396,18,26,26385,448,1535667,3135000
5397,22,7,26363,463,1535674,3480000
5398,31,23,26332,471,1535697,3685500
5399,26,16,26306,481,1535713,3357700
5400,25,21,26281,485,1535734,3133200
5401,22,19,26259,488,1535753,3349900
5402,25,24,26234,489,1535777,3215000
5403,25,22,26209,492,1535799,3176800
5404,27,23,26182,496,1535822,3223700
5405,26,28,26156,494,1535850,3020400
5406,23,23,26133,494,1535873,3310800
5407,29,25,26104,498,1535898,3265400
5408,21,18,26083,501,1535916,3509100
5409,21,29,26062,493,1535945,3101000
5410,31,33,26031,491,1535978,3382400
5411,22,28,26009,485,1536006,3179400
5412,27,26,25982,486,1536032,3335500
5413,22,27,25960,481,1536059,3466200
5414,21,26,25939,476,1536085,3083400
5415,20,25,25919,471,1536110,3458000
5416,20,24,25899,467,1536134,3039400
5417,24,24,25875,467,1536158,3109400
5418,16,27,25859,456,1536185,3171700
5419,19,20,25840,455,1536205,3521300
5420,18,21,25822,452,1536226,3443000
5421,22,17,25800,457,1536243,3148000
5422,18,32,25782,443,1536275,3242900
5423,19,21,25763,441,1536296,3605200
5424,17,15,25746,443,1536311,3358200
5425,26,21,25720,448,1536332,3135900
5426,11,21,25709,438,1536353,2939400
5427,23,18,25686,443,1536371,3096500
5428,19,22,25667,440,1536393,3222900
5429,24,27,25643,437,1536420,3345300
5430,21,38,25622,420,1536458,3286100
5431,14,21,25608,413,1536479,3259800
5432,19,20,25589,412,1536499,3574400
5433,18,14,25571,416,1536513,3320600
5434,13,24,25558,405,1536537,3368800
5435,22,21,25536,406,1536558,3210700
5436,15,19,25521,402,1536577,3115300
5437,19,20,25502,401,1536597,3278700
5438,26,23,25476,404,1536620,3031000
5439,19,22,25457,401,1536642,3071100
5440,14,8,25443,407,1536650,3256700
5441,19,22,25424,404,1536672,3597600
5442,15,28,25409,391,1536700,3189400
5443,12,12,25397,391,1536712,3331600
5444,18,20,25379,389,1536732,3430000
5445,20,22,25359,387,1536754,3637600
5446,18,25,25341,380,1536779,3366100
5447,20,11,25321,389,1536790,3221400
5448,17,15,25304,391,1536805,3322000
5449,15,22,25289,384,1536827,3110200
5450,16,17,25273,383,1536844,3167400
5451,17,14,25256,386,1536858,3307200
5452,15,16,25241,385,1536874,3195300
5453,13,23,25228,375,1536897,3064600
5454,18,17,25210,376,1536914,3435600
5455,10,22,25200,364,1536936,3007000
5456,9,23,25191,350,1536959,3187100
5457,11,18,25180,343,1536977,3335900
5458,10,8,25170,345,1536985,3313400
5459,15,15,25155,345,1537000,3163900
5460,12,24,25143,333,1537024,3287600
5461,7,16,25136,324,1537040,3247600
5462,5,10,25131,319,1537050,3309300
5463,12,15,25119,316,1537065,3447400
5464,11,20,25108,307,1537085,3389700
5465,15,18,25093,304,1537103,3350500
5466,15,17,25078,302,1537120,3028900
5467,3,12,25075,293,1537132,3548700
5468,6,12,25069,287,1537144,2975600
5469,9,17,25060,279,1537161,3461800
5470,9,11,25051,277,1537172,3091700
5471,18,14,25033,281,1537186,3075700
5472,11,14,25022,278,1537200,3217000
5473,21,16,25001,283,1537216,3295900
5474,12,16,24989,279,1537232,3308600
5475,15,11,24974,283,1537243,3086200
5476,11,21,24963,273,1537264,3156100
5477,10,11,24953,272,1537275,3505800
5478,10,17,24943,265,1537292,3286100
5479,7,9,24936,263,1537301,3262100
5480,7,15,24929,255,1537316,3193400
5481,14,13,24915,256,1537329,3354900
5482,8,13,24907,251,1537342,3295900
5483,8,15,24899,244,1537357,3261900
5484,13,14,24886,243,1537371,3149700
5485,12,10,24874,245,1537381,3156500
5486,4,22,24870,227,1537403,3510200
5487,6,7,24864,226,1537410,3015900
5488,11,12,24853,225,1537422,3092800
5489,11,10,24842,226,1537432,3481200
5490,7,11,24835,222,1537443,3245100
5491,14,8,24821,228,1537451,3326800
5492,7,5,24814,230,1537456,3450100
5493,9,18,24805,221,1537474,3347300
5494,14,11,24791,224,1537485,3264100
5495,9,12,24782,221,1537497,3586900
5496,7,4,24775,224,1537501,3483500
5497,5,14,24770,215,1537515,3323300
5498,8,11,24762,212,1537526,3361600
5499,4,8,24758,208,1537534,3044900
5500,8,9,24750,207,1537543,3529200
5501,8,12,24742,203,1537555,3294700
5502,9,14,24733,198,1537569,3350300
5503,8,16,24725,190,1537585,3317600
5504,9,8,24716,191,1537593,3355800
5505,8,8,24708,191,1537601,3340400
5506,13,17,24695,187,1537618,3251900
5507,9,12,24686,184,1537630,3526700
5508,8,11,24678,181,1537641,3177600
5509,8,8,24670,181,1537649,3034600
5510,14,7,24656,188,1537656,3121600
5511,7,10,24649,185,1537666,3382100
5512,7,5,24642,187,1537671,3515700
5513,11,9,24631,189,1537680,3142900
5514,8,6,24623,191,1537686,3071200
5515,16,11,24607,196,1537697,3126800
5516,15,7,24592,204,1537704,3566100
5517,13,4,24579,213,1537708,3094900
5518,7,9,24572,211,1537717,3471600
5519,11,9,24561,213,1537726,3298800
5520,8,11,24553,210,1537737,3082500
5521,13,9,24540,214,1537746,3368500
5522,9,14,24531,209,1537760,3468000
5523,10,13,24521,206,1537773,3154200
5524,6,14,24515,198,1537787,3424600
5525,7,13,24508,192,1537800,3383400
5526,8,10,24500,190,1537810,3300300
5527,12,9,24488,193,1537819,3149900
5528,9,11,24479,191,1537830,3127300
5529,10,7,24469,194,1537837,3692600
5530,14,8,24455,200,1537845,3290600
5531,8,14,24447,194,1537859,3141500
5532,9,11,24438,192,1537870,3160100
5533,4,13,24434,183,1537883,3141700
5534,6,15,24428,174,1537898,3428500
5535,10,9,24418,175,1537907,3200200
5536,6,9,24412,172,1537916,3344300
5537,7,14,24405,165,1537930,3213000
5538,11,13,24394,163,1537943,3160500
5539,8,8,24386,163,1537951,3272100
5540,4,9,24382,158,1537960,3413200
5541,10,3,24372,165,1537963,3173600
5542,8,12,24364,161,1537975,3266700
5543,9,5,24355,165,1537980,3173900
5544,8,7,24347,166,1537987,3075200
5545,6,8,24341,164,1537995,3205500
5546,9,4,24332,169,1537999,3170100
5547,7,14,24325,162,1538013,3022000
5548,8,10,24317,160,1538023,3460600
5549,13,10,24304,163,1538033,3122400
5550,10,11,24294,162,1538044,3176100
5551,11,5,24283,168,1538049,3401900
5552,5,6,24278,167,1538055,3150400
5553,14,6,24264,175,1538061,3427700
5554,12,12,24252,175,1538073,2944200
5555,20,8,24232,187,1538081,3098700
5556,9,15,24223,181,1538096,3137500
5557,7,10,24216,178,1538106,3124500
5558,9,12,24207,175,1538118,3115900
5559,9,2,24198,182,1538120,3082300
5560,9,14,24189,177,1538134,3224800
5561,12,4,24177,185,1538138,3084300
5562,12,7,24165,190,1538145,3180000
5563,10,4,24155,196,1538149,3244300
5564,7,12,24148,191,1538161,3168900
5565,8,12,24140,187,1538173,2945400
5566,5,13,24135,179,1538186,3592600
5567,6,14,24129,171,1538200,2989500
5568,6,10,24123,167,1538210,3062000
5569,6,11,24117,162,1538221,3129500
5570,10,8,24107,164,1538229,3195000
5571,6,11,24101,159,1538240,3540800
5572,9,11,24092,157,1538251,3189500
5573,11,6,24081,162,1538257,3398600
5574,9,4,24072,167,1538261,3375200
5575,6,8,24066,165,1538269,3264200
5576,6,4,24060,167,1538273,3141900
5577,10,10,24050,167,1538283,3157600
5578,6,4,24044,169,1538287,3076700
5579,9,10,24035,168,1538297,3349500
5580,10,9,24025,169,1538306,3466500
5581,7,6,24018,170,1538312,3227900
5582,10,6,24008,174,1538318,3190800
5583,11,13,23997,172,1538331,3187800
5584,9,8,23988,173,1538339,3490500
5585,11,10,23977,174,1538349,3572600
5586,8,11,23969,171,1538360,3506000
5587,7,8,23962,170,1538368,3395400
5588,9,6,23953,173,1538374,3492700
5589,6,9,23947,170,1538383,3091800
5590,9,9,23938,170,1538392,3228100
5591,7,8,23931,169,1538400,3617600
5592,8,6,23923,171,1538406,3397900
5593,11,10,23912,172,1538416,3284500
5594,13,7,23899,178,1538423,3306300
5595,6,6,23893,178,1538429,3389500
5596,9,5,23884,182,1538434,3202500
5597,5,8,23879,179,1538442,3094300
5598,5,17,23874,167,1538459,3396200
5599,6,4,23868,169,1538463,3161600
5600,7,7,23861,169,1538470,3392400
5601,7,7,23854,169,1538477,3115900
5602,10,9,23844,170,1538486,3367100
5603,5,5,23839,170,1538491,3225000
5604,4,9,23835,165,1538500,3224800
5605,4,10,23831,159,1538510,3381800
5606,7,8,23824,158,1538518,3086600
5607,9,6,23815,161,1538524,3117100
5608,5,8,23810,158,1538532,3349600
5609,8,11,23802,155,1538543,3255400
5610,7,5,23795,157,1538548,3002200
5611,9,10,23786,156,1538558,3407900
5612,6,9,23780,153,1538567,3156100
5613,12,5,23768,160,1538572,3492100
5614,11,5,23757,166,1538577,3369500
5615,10,8,23747,168,1538585,2970500
5616,8,14,23739,162,1538599,3477900
5617,4,10,23735,156,1538609,3257700
5618,5,9,23730,152,1538618,3278000
5619,7,10,23723,149,1538628,3126000
5620,3,4,23720,148,1538632,3552300
5621,7,7,23713,148,1538639,3093700
5622,3,4,23710,147,1538643,3027300
5623,3,7,23707,143,1538650,3377200
5624,6,9,23701,140,1538659,3071000
5625,4,5,23697,139,1538664,3221500
5626,4,6,23693,137,1538670,3072600
5627,6,7,23687,136,1538677,3105400
5628,3,9,23684,130,1538686,3331300
5629,3,2,23681,131,1538688,3263700
5630,2,10,23679,123,1538698,3321600
5631,6,4,23673,125,1538702,3365400
5632,2,10,23671,117,1538712,3850600
5633,3,9,23668,111,1538721,3169700
5634,2,6,23666,107,1538727,2994700
5635,5,6,23661,106,1538733,3369600
5636,3,7,23658,102,1538740,2998800
5637,3,6,23655,99,1538746,3101800
5638,2,3,23653,98,1538749,3326600
5639,5,5,23648,98,1538754,3308400
5640,3,2,23645,99,1538756,3176500
5641,3,8,23642,94,1538764,3204100
5642,3,5,23639,92,1538769,3514000
5643,8,6,23631,94,1538775,3134700
5644,4,7,23627,91,1538782,3251800
5645,5,2,23622,94,1538784,3214800
5646,7,3,23615,98,1538787,3311500
5647,4,7,23611,95,1538794,3655400
5648,4,3,23607,96,1538797,2964700
5649,1,7,23606,90,1538804,3398100
5650,3,6,23603,87,1538810,3571600
5651,3,5,23600,85,1538815,3045600
5652,5,3,23595,87,1538818,3145700
5653,0,3,23595,84,1538821,3336000
5654,1,1,23594,84,1538822,3185600
5655,2,5,23592,81,1538827,3191700
5656,2,6,23590,77,1538833,3354200
5657,1,4,23589,74,1538837,3417600
5658,2,5,23587,71,1538842,3109800
5659,1,3,23586,69,1538845,3650400
5660,2,2,23584,69,1538847,3559600
5661,1,3,23583,67,1538850,3052700
5662,2,7,23581,62,1538857,3355400
5663,0,4,23581,58,1538861,3072400
5664,1,4,23580,55,1538865,3183200
5665,2,7,23578,50,1538872,3049700
5666,0,5,23578,45,1538877,3372300
5667,1,4,23577,42,1538881,3152200
5668,0,1,23577,41,1538882,3346200
5669,1,4,23576,38,1538886,3331200
5670,0,4,23576,34,1538890,3429200
5671,0,1,23576,33,1538891,3478300
5672,0,2,23576,31,1538893,3498400
5673,0,4,23576,27,1538897,3137900
5674,0,1,23576,26,1538898,2974800
5675,0,0,23576,26,1538898,3275900
5676,0,2,23576,24,1538900,3656200
5677,0,2,23576,22,1538902,3472400
5678,0,0,23576,22,1538902,3251200
5679,0,0,23576,22,1538902,3204100
5680,0,1,23576,21,1538903,3175500
5681,0,1,23576,20,1538904,3182400
5682,0,1,23576,19,1538905,3408700
5683,0,0,23576,19,1538905,3552600
5684,0,0,23576,19,1538905,3136200
5685,0,0,23576,19,1538905,3310800
5686,0,1,23576,18,1538906,3175400
5687,0,0,23576,18,1538906,3096000
5688,0,3,23576,15,1538909,2996700
5689,0,0,23576,15,1538909,3095800
5690,0,2,23576,13,1538911,3555400
5691,0,0,23576,13,1538911,3610100
5692,0,2,23576,11,1538913,3473000
5693,0,0,23576,11,1538913,3216200
5694,0,0,23576,11,1538913,3493500
5695,0,0,23576,11,1538913,3128400
5696,0,0,23576,11,1538913,3579800
5697,0,0,23576,11,1538913,3382100
5698,0,1,23576,10,1538914,3316800
5699,0,0,23576,10,1538914,3235100
5700,0,1,23576,9,1538915,3553100
5701,0,1,23576,8,1538916,3111000
5702,0,1,23576,7,1538917,3050200
5703,0,0,23576,7,1538917,3057300
5704,0,0,23576,7,1538917,3316100
5705,0,0,23576,7,1538917,3044900
5706,0,0,23576,7,1538917,3289000
5707,0,0,23576,7,1538917,3231500
5708,0,0,23576,7,1538917,3207700
5709,0,1,23576,6,1538918,3363300
5710,0,0,23576,6,1538918,3456900
5711,0,0,23576,6,1538918,3191600
5712,0,1,23576,5,1538919,3154000
5713,0,0,23576,5,1538919,3386100
5714,0,0,23576,5,1538919,2970000
5715,0,0,23576,5,1538919,3218700
5716,0,0,23576,5,1538919,3037500
5717,0,1,23576,4,1538920,3191500
5718,0,0,23576,4,1538920,3089900
5719,0,0,23576,4,1538920,3169500
5720,0,0,23576,4,1538920,3053500
5721,0,1,23576,3,1538921,3332700
5722,0,0,23576,3,1538921,3362800
5723,0,0,23576,3,1538921,3147300
5724,0,0,23576,3,1538921,3570700
5725,0,0,23576,3,1538921,3271800
5726,0,0,23576,3,1538921,3633900
5727,0,0,23576,3,1538921,3158200
5728,0,0,23576,3,1538921,3278900
5729,0,0,23576,3,1538921,3090000
5730,0,0,23576,3,1538921,3449400
5731,0,0,23576,3,1538921,2859800
5732,0,1,23576,2,1538922,3362100
5733,0,0,23576,2,1538922,3429700
5734,0,0,23576,2,1538922,3141900
5735,0,0,23576,2,1538922,3605000
5736,0,0,23576,2,1538922,3295200
5737,0,0,23576,2,1538922,3167000
5738,0,0,23576,2,1538922,3095500
5739,0,1,23576,1,1538923,3326600
5740,0,0,23576,1,1538923,3396800
5741,0,1,23576,0,1538924,3181700
