Tick,NewlyInfected,NewlyRecovered,TotalSusceptible,TotalInfected,TotalRecovered,StepTimeNanos
0,2,1,1562493,6,1,3607200
1,2,1,1562491,7,2,3208100
2,3,0,1562488,10,2,3238100
3,0,2,1562488,8,4,2997900
4,2,0,1562486,10,4,2954900
5,1,2,1562485,9,6,2973300
6,4,0,1562481,13,6,3146000
7,1,2,1562480,12,8,3020800
8,2,0,1562478,14,8,2953600
9,6,1,1562472,19,9,2880100
10,6,1,1562466,24,10,2893400
11,8,1,1562458,31,11,2875600
12,3,0,1562455,34,11,3042800
13,6,1,1562449,39,12,2726100
14,6,1,1562443,44,13,2930500
15,3,3,1562440,44,16,2925300
16,6,1,1562434,49,17,2982500
17,9,2,1562425,56,19,3022800
18,6,4,1562419,58,23,2982500
19,9,2,1562410,65,25,2929000
20,4,1,1562406,68,26,2880800
21,9,6,1562397,71,32,3164100
22,9,4,1562388,76,36,3112800
23,9,1,1562379,84,37,2902500
24,8,6,1562371,86,43,2882400
25,8,7,1562363,87,50,2956800
26,13,4,1562350,96,54,2987400
27,12,4,1562338,104,58,3163200
28,14,3,1562324,115,61,3108900
29,8,4,1562316,119,65,3167000
30,10,5,1562306,124,70,3023900
31,7,3,1562299,128,73,2983700
32,10,9,1562289,129,82,2960000
33,15,3,1562274,141,85,2913600
34,17,5,1562257,153,90,2868500
35,16,8,1562241,161,98,3257900
36,16,9,1562225,168,107,2949100
37,20,10,1562205,178,117,2888500
38,23,7,1562182,194,124,2982800
39,24,8,1562158,210,132,2935200
40,15,11,1562143,214,143,2961500
41,21,10,1562122,225,153,2954500
42,28,7,1562094,246,160,3009400
43,21,18,1562073,249,178,2928700
44,25,16,1562048,258,194,3031300
45,26,11,1562022,273,205,2876300
46,18,13,1562004,278,218,3004200
47,19,16,1561985,281,234,2971200
48,21,18,1561964,284,252,2945100
49,29,20,1561935,293,272,2925000
50,22,13,1561913,302,285,2894600
51,21,10,1561892,313,295,2927700
52,20,12,1561872,321,307,3022200
53,26,15,1561846,332,322,3062200
54,29,18,1561817,343,340,3125600
55,31,20,1561786,354,360,3040800
56,21,21,1561765,354,381,3119100
57,22,19,1561743,357,400,3170300
58,25,19,1561718,363,419,3195500
59,29,21,1561689,371,440,3243300
60,21,15,1561668,377,455,3191900
61,22,16,1561646,383,471,3088200
62,26,16,1561620,393,487,3050300
63,33,22,1561587,404,509,3160500
64,31,26,1561556,409,535,3007000
65,37,21,1561519,425,556,3056300
66,21,28,1561498,418,584,3067400
67,38,20,1561460,436,604,3081300
68,36,23,1561424,449,627,3115500
69,37,25,1561387,461,652,3070600
70,31,18,1561356,474,670,3158400
71,38,29,1561318,483,699,3093800
72,38,16,1561280,505,715,3140900
73,31,24,1561249,512,739,3086400
74,38,21,1561211,529,760,3140500
75,32,31,1561179,530,791,3115900
76,46,18,1561133,558,809,3128200
77,50,27,1561083,581,836,3147100
78,53,28,1561030,606,864,3068200
79,41,36,1560989,611,900,3191800
80,45,27,1560944,629,927,3254400
81,41,35,1560903,635,962,3155400
82,53,31,1560850,657,993,3270600
83,44,39,1560806,662,1032,3305200
84,41,28,1560765,675,1060,3414000
85,55,35,1560710,695,1095,3383100
86,51,32,1560659,714,1127,3131500
87,52,42,1560607,724,1169,3026200
88,61,35,1560546,750,1204,3022600
89,47,34,1560499,763,1238,3108900
90,54,26,1560445,791,1264,2879800
91,51,48,1560394,794,1312,3052200
92,57,45,1560337,806,1357,2982400
93,44,34,1560293,816,1391,3031100
94,54,40,1560239,830,1431,3040500
95,47,43,1560192,834,1474,3027900
96,47,45,1560145,836,1519,2877400
97,45,44,1560100,837,1563,2862300
98,62,45,1560038,854,1608,2910800
99,54,43,1559984,865,1651,2957600
100,45,51,1559939,859,1702,2955000
101,54,39,1559885,874,1741,2954800
102,64,36,1559821,902,1777,2966800
103,67,44,1559754,925,1821,3020100
104,75,66,1559679,934,1887,2945600
105,51,60,1559628,925,1947,2945200
106,72,60,1559556,937,2007,3018500
107,48,47,1559508,938,2054,2919800
108,56,43,1559452,951,2097,2920600
109,58,37,1559394,972,2134,3004100
110,59,52,1559335,979,2186,3021300
111,56,55,1559279,980,2241,2977000
112,56,53,1559223,983,2294,2997700
113,73,44,1559150,1012,2338,2945500
114,73,57,1559077,1028,2395,2908300
115,63,46,1559014,1045,2441,2918200
116,59,34,1558955,1070,2475,3090100
117,59,42,1558896,1087,2517,3457900
118,64,50,1558832,1101,2567,3303500
119,79,48,1558753,1132,2615,3268900
120,47,49,1558706,1130,2664,3097600
121,48,48,1558658,1130,2712,3161900
122,70,64,1558588,1136,2776,3299100
123,59,64,1558529,1131,2840,3250400
124,64,53,1558465,1142,2893,3381300
125,65,71,1558400,1136,2964,3123900
126,70,47,1558330,1159,3011,3047500
127,57,61,1558273,1155,3072,3169000
128,74,59,1558199,1170,3131,3124400
129,51,60,1558148,1161,3191,3374000
130,71,65,1558077,1167,3256,3897900
131,74,60,1558003,1181,3316,3662600
132,74,57,1557929,1198,3373,3187800
133,83,75,1557846,1206,3448,3112000
134,80,61,1557766,1225,3509,2905500
135,77,64,1557689,1238,3573,2940500
136,63,57,1557626,1244,3630,3001000
137,72,52,1557554,1264,3682,2917200
138,79,65,1557475,1278,3747,2996300
139,93,68,1557382,1303,3815,2897400
140,70,70,1557312,1303,3885,2991700
141,82,62,1557230,1323,3947,3150200
142,82,71,1557148,1334,4018,3238900
143,113,65,1557035,1382,4083,3433300
144,73,59,1556962,1396,4142,3087500
145,78,77,1556884,1397,4219,2924900
146,80,84,1556804,1393,4303,2872600
147,87,75,1556717,1405,4378,3023700
148,76,75,1556641,1406,4453,3104100
149,93,64,1556548,1435,4517,3065500
150,90,69,1556458,1456,4586,2952100
151,85,60,1556373,1481,4646,3116700
152,92,64,1556281,1509,4710,3021100
153,101,65,1556180,1545,4775,3228700
154,101,72,1556079,1574,4847,3061100
155,87,78,1555992,1583,4925,3315600
156,94,67,1555898,1610,4992,3227200
157,108,83,1555790,1635,5075,3286900
158,94,72,1555696,1657,5147,3338600
159,95,92,1555601,1660,5239,3066500
160,114,86,1555487,1688,5325,3006900
161,111,79,1555376,1720,5404,2951700
162,98,84,1555278,1734,5488,2973000
163,112,85,1555166,1761,5573,2934600
164,101,86,1555065,1776,5659,2935600
165,102,98,1554963,1780,5757,3020600
166,100,113,1554863,1767,5870,2987100
167,96,85,1554767,1778,5955,2950900
168,86,83,1554681,1781,6038,2931000
169,104,81,1554577,1804,6119,3113100
170,94,102,1554483,1796,6221,3006500
171,92,89,1554391,1799,6310,2988100
172,118,80,1554273,1837,6390,3105400
173,105,91,1554168,1851,6481,2920300
174,108,103,1554060,1856,6584,3215900
175,105,77,1553955,1884,6661,2980600
176,104,97,1553851,1891,6758,2992000
177,91,91,1553760,1891,6849,2982700
178,103,85,1553657,1909,6934,3002500
179,111,89,1553546,1931,7023,2956200
180,110,95,1553436,1946,7118,3038100
181,115,101,1553321,1960,7219,2856700
182,101,112,1553220,1949,7331,3042800
183,106,110,1553114,1945,7441,3181900
184,90,101,1553024,1934,7542,3057600
185,103,92,1552921,1945,7634,3121400
186,96,92,1552825,1949,7726,3188700
187,102,92,1552723,1959,7818,3149000
188,110,106,1552613,1963,7924,3207600
189,118,124,1552495,1957,8048,2948600
190,111,103,1552384,1965,8151,2977600
191,107,95,1552277,1977,8246,2998900
192,108,124,1552169,1961,8370,3026900
193,137,107,1552032,1991,8477,2968700
194,109,90,1551923,2010,8567,2979500
195,118,96,1551805,2032,8663,3006600
196,125,110,1551680,2047,8773,2987300
197,110,119,1551570,2038,8892,3044700
198,126,114,1551444,2050,9006,3045900
199,114,112,1551330,2052,9118,3042500
200,131,118,1551199,2065,9236,3056100
201,133,103,1551066,2095,9339,3059400
202,134,118,1550932,2111,9457,2943700
203,119,101,1550813,2129,9558,3087800
204,121,102,1550692,2148,9660,3004200
205,98,103,1550594,2143,9763,3007700
206,140,107,1550454,2176,9870,3064700
207,111,108,1550343,2179,9978,3225800
208,104,115,1550239,2168,10093,3043800
209,118,102,1550121,2184,10195,2994100
210,120,114,1550001,2190,10309,2989900
211,142,136,1549859,2196,10445,3007000
212,135,130,1549724,2201,10575,2987500
213,135,120,1549589,2216,10695,3167300
214,135,108,1549454,2243,10803,3215500
215,139,107,1549315,2275,10910,3104000
216,150,115,1549165,2310,11025,3080200
217,125,103,1549040,2332,11128,3127600
218,139,106,1548901,2365,11234,3233200
219,156,101,1548745,2420,11335,3104700
220,137,111,1548608,2446,11446,3072100
221,139,119,1548469,2466,11565,3066700
222,135,132,1548334,2469,11697,3083300
223,149,132,1548185,2486,11829,2992900
224,138,114,1548047,2510,11943,2995900
225,154,121,1547893,2543,12064,2993800
226,153,131,1547740,2565,12195,3073100
227,160,146,1547580,2579,12341,3210000
228,178,133,1547402,2624,12474,3284100
229,154,118,1547248,2660,12592,3236000
230,167,117,1547081,2710,12709,3218700
231,177,152,1546904,2735,12861,3302100
232,160,138,1546744,2757,12999,3307100
233,141,155,1546603,2743,13154,3343700
234,170,139,1546433,2774,13293,3180600
235,161,155,1546272,2780,13448,3354300
236,147,137,1546125,2790,13585,3256800
237,155,139,1545970,2806,13724,3147800
238,171,149,1545799,2828,13873,3307400
239,176,133,1545623,2871,14006,3235100
240,178,155,1545445,2894,14161,3220300
241,156,124,1545289,2926,14285,3173300
242,167,142,1545122,2951,14427,3281200
243,162,159,1544960,2954,14586,3368500
244,165,107,1544795,3012,14693,3463200
245,155,147,1544640,3020,14840,3316200
246,156,156,1544484,3020,14996,3263200
247,141,156,1544343,3005,15152,3244800
248,174,130,1544169,3049,15282,3660500
249,148,162,1544021,3035,15444,3420100
250,153,136,1543868,3052,15580,3311300
251,161,141,1543707,3072,15721,3718200
252,163,146,1543544,3089,15867,3425700
253,171,161,1543373,3099,16028,3409700
254,155,141,1543218,3113,16169,3361900
255,167,151,1543051,3129,16320,3247100
256,173,150,1542878,3152,16470,3303400
257,186,165,1542692,3173,16635,3204400
258,167,185,1542525,3155,16820,3242600
259,178,154,1542347,3179,16974,3164200
260,168,135,1542179,3212,17109,3352600
261,168,158,1542011,3222,17267,3177800
262,181,194,1541830,3209,17461,3158700
263,175,172,1541655,3212,17633,3148100
264,172,167,1541483,3217,17800,3141100
265,190,156,1541293,3251,17956,3486200
266,176,151,1541117,3276,18107,3298000
267,196,158,1540921,3314,18265,3141700
268,179,163,1540742,3330,18428,3118800
269,177,169,1540565,3338,18597,3277600
270,187,172,1540378,3353,18769,3232200
271,188,163,1540190,3378,18932,3158800
272,188,154,1540002,3412,19086,3275400
273,185,169,1539817,3428,19255,3243600
274,182,182,1539635,3428,19437,3365100
275,168,172,1539467,3424,19609,3346000
276,185,170,1539282,3439,19779,3437900
277,174,174,1539108,3439,19953,3393300
278,211,174,1538897,3476,20127,3420400
279,190,168,1538707,3498,20295,3152400
280,173,151,1538534,3520,20446,3275800
281,222,165,1538312,3577,20611,3243600
282,203,176,1538109,3604,20787,3166500
283,195,177,1537914,3622,20964,3271600
284,171,177,1537743,3616,21141,4562800
285,201,159,1537542,3658,21300,5227000
286,177,169,1537365,3666,21469,3138900
287,202,172,1537163,3696,21641,3150300
288,173,199,1536990,3670,21840,3394700
289,210,186,1536780,3694,22026,3722700
290,193,198,1536587,3689,22224,5263100
291,199,192,1536388,3696,22416,3119200
292,203,200,1536185,3699,22616,3304300
293,204,168,1535981,3735,22784,3377300
294,186,157,1535795,3764,22941,6231000
295,191,189,1535604,3766,23130,4816600
296,196,210,1535408,3752,23340,4446800
297,216,199,1535192,3769,23539,5179000
298,221,189,1534971,3801,23728,3264900
299,192,205,1534779,3788,23933,3119300
300,207,177,1534572,3818,24110,3028800
301,210,226,1534362,3802,24336,3106000
302,208,205,1534154,3805,24541,4559900
303,239,181,1533915,3863,24722,3334200
304,192,204,1533723,3851,24926,3344700
305,217,186,1533506,3882,25112,4016200
306,201,201,1533305,3882,25313,3548100
307,186,186,1533119,3882,25499,3667500
308,211,184,1532908,3909,25683,3287100
309,207,192,1532701,3924,25875,3633400
310,219,195,1532482,3948,26070,3449600
311,202,197,1532280,3953,26267,3371600
312,227,181,1532053,3999,26448,3501000
313,198,202,1531855,3995,26650,3304900
314,209,218,1531646,3986,26868,3648100
315,223,185,1531423,4024,27053,3315200
316,236,200,1531187,4060,27253,3256800
317,217,200,1530970,4077,27453,3556600
318,218,206,1530752,4089,27659,3372200
319,219,217,1530533,4091,27876,3321200
320,211,195,1530322,4107,28071,3658300
321,213,205,1530109,4115,28276,3382100
322,219,189,1529890,4145,28465,3568300
323,239,205,1529651,4179,28670,3405600
324,237,221,1529414,4195,28891,3385200
325,209,205,1529205,4199,29096,3383300
326,240,169,1528965,4270,29265,3289800
327,216,239,1528749,4247,29504,3156700
328,228,222,1528521,4253,29726,3360600
329,214,204,1528307,4263,29930,3334400
330,184,219,1528123,4228,30149,3433800
331,231,240,1527892,4219,30389,3528700
332,214,200,1527678,4233,30589,3133400
333,204,216,1527474,4221,30805,3588400
334,216,191,1527258,4246,30996,3452800
335,221,203,1527037,4264,31199,3451100
336,210,234,1526827,4240,31433,3262300
337,222,246,1526605,4216,31679,3180900
338,212,222,1526393,4206,31901,3456400
339,225,190,1526168,4241,32091,3133000
340,226,211,1525942,4256,32302,3274200
341,228,202,1525714,4282,32504,3099300
342,231,222,1525483,4291,32726,3112900
343,204,187,1525279,4308,32913,3474100
344,210,216,1525069,4302,33129,3098100
345,210,239,1524859,4273,33368,3104300
346,215,212,1524644,4276,33580,2970400
347,261,206,1524383,4331,33786,3016600
348,241,229,1524142,4343,34015,3048600
349,248,217,1523894,4374,34232,3255200
350,207,218,1523687,4363,34450,2995900
351,228,208,1523459,4383,34658,3045500
352,229,221,1523230,4391,34879,3225700
353,252,229,1522978,4414,35108,5299400
354,226,227,1522752,4413,35335,4747800
355,227,223,1522525,4417,35558,3112900
356,235,212,1522290,4440,35770,3413000
357,209,201,1522081,4448,35971,3053200
358,234,225,1521847,4457,36196,3110300
359,279,207,1521568,4529,36403,3104000
360,277,225,1521291,4581,36628,3119600
361,249,228,1521042,4602,36856,3074700
362,224,254,1520818,4572,37110,3076900
363,256,207,1520562,4621,37317,3079000
364,251,207,1520311,4665,37524,3233000
365,231,238,1520080,4658,37762,3169600
366,231,229,1519849,4660,37991,3080900
367,240,249,1519609,4651,38240,3075600
368,235,237,1519374,4649,38477,3245800
369,250,248,1519124,4651,38725,3032700
370,228,250,1518896,4629,38975,3087600
371,240,250,1518656,4619,39225,2993500
372,242,223,1518414,4638,39448,3430900
373,206,260,1518208,4584,39708,2930600
374,229,224,1517979,4589,39932,2975000
375,214,244,1517765,4559,40176,2883600
376,226,203,1517539,4582,40379,2963200
377,241,199,1517298,4624,40578,2895400
378,255,204,1517043,4675,40782,2932000
379,238,252,1516805,4661,41034,2862400
380,231,251,1516574,4641,41285,2866300
381,234,219,1516340,4656,41504,2750300
382,236,246,1516104,4646,41750,3203100
383,250,232,1515854,4664,41982,3055500
384,234,250,1515620,4648,42232,2816100
385,254,241,1515366,4661,42473,2994200
386,239,207,1515127,4693,42680,2943300
387,267,203,1514860,4757,42883,2842000
388,266,239,1514594,4784,43122,2862500
389,244,255,1514350,4773,43377,3134600
390,257,213,1514093,4817,43590,2836600
391,263,244,1513830,4836,43834,2866600
392,256,241,1513574,4851,44075,2849600
393,299,258,1513275,4892,44333,2800900
394,288,254,1512987,4926,44587,2753400
395,291,231,1512696,4986,44818,2881300
396,269,273,1512427,4982,45091,2970100
397,267,254,1512160,4995,45345,2827800
398,259,231,1511901,5023,45576,2984000
399,263,215,1511638,5071,45791,3015000
400,242,266,1511396,5047,46057,2934300
401,281,251,1511115,5077,46308,2882600
402,259,258,1510856,5078,46566,2882300
403,255,281,1510601,5052,46847,2776100
404,265,271,1510336,5046,47118,2939100
405,252,250,1510084,5048,47368,3027700
406,249,228,1509835,5069,47596,3150500
407,282,262,1509553,5089,47858,3109400
408,280,260,1509273,5109,48118,2956400
409,271,235,1509002,5145,48353,3032300
410,303,265,1508699,5183,48618,2793000
411,263,276,1508436,5170,48894,2797600
412,311,261,1508125,5220,49155,2817600
413,276,272,1507849,5224,49427,2974600
414,285,248,1507564,5261,49675,2861000
415,275,239,1507289,5297,49914,2972800
416,285,274,1507004,5308,50188,2924500
417,282,248,1506722,5342,50436,2963800
418,271,282,1506451,5331,50718,2958100
419,294,295,1506157,5330,51013,3128600
420,294,268,1505863,5356,51281,3198200
421,264,271,1505599,5349,51552,3104800
422,273,260,1505326,5362,51812,3194500
423,281,235,1505045,5408,52047,3095000
424,278,263,1504767,5423,52310,3091000
425,283,274,1504484,5432,52584,3131400
426,266,271,1504218,5427,52855,3092800
427,279,276,1503939,5430,53131,3052100
428,291,283,1503648,5438,53414,3266100
429,310,261,1503338,5487,53675,3221900
430,269,276,1503069,5480,53951,2995600
431,255,264,1502814,5471,54215,3065600
432,275,289,1502539,5457,54504,2975100
433,255,289,1502284,5423,54793,2958300
434,289,269,1501995,5443,55062,3043800
435,269,317,1501726,5395,55379,3185900
436,267,237,1501459,5425,55616,3013900
437,286,293,1501173,5418,55909,3013600
438,258,255,1500915,5421,56164,2967000
439,307,259,1500608,5469,56423,2971600
440,284,275,1500324,5478,56698,2993900
441,275,259,1500049,5494,56957,3056000
442,294,252,1499755,5536,57209,3008900
443,302,286,1499453,5552,57495,2954900
444,300,293,1499153,5559,57788,2948200
445,282,297,1498871,5544,58085,2976500
446,288,274,1498583,5558,58359,3079400
447,290,267,1498293,5581,58626,2935800
448,305,275,1497988,5611,58901,2998300
449,290,254,1497698,5647,59155,2993100
450,285,283,1497413,5649,59438,2996600
451,295,303,1497118,5641,59741,3074500
452,304,260,1496814,5685,60001,3128500
453,298,263,1496516,5720,60264,3090000
454,304,275,1496212,5749,60539,3170500
455,272,303,1495940,5718,60842,3057600
456,326,271,1495614,5773,61113,3097900
457,270,292,1495344,5751,61405,3126400
458,306,306,1495038,5751,61711,3009100
459,297,284,1494741,5764,61995,3037700
460,317,325,1494424,5756,62320,3050100
461,280,287,1494144,5749,62607,3157500
462,324,309,1493820,5764,62916,3164000
463,309,317,1493511,5756,63233,3202100
464,306,302,1493205,5760,63535,3507000
465,273,303,1492932,5730,63838,3239800
466,300,277,1492632,5753,64115,3408100
467,329,288,1492303,5794,64403,3235600
468,306,258,1491997,5842,64661,3407500
469,322,284,1491675,5880,64945,3073600
470,318,295,1491357,5903,65240,3099800
471,290,304,1491067,5889,65544,3223800
472,282,279,1490785,5892,65823,3230400
473,313,281,1490472,5924,66104,3524100
474,331,311,1490141,5944,66415,3306900
475,304,293,1489837,5955,66708,3174700
476,311,275,1489526,5991,66983,3070800
477,302,277,1489224,6016,67260,2904700
478,304,266,1488920,6054,67526,2917300
479,305,315,1488615,6044,67841,2872500
480,311,307,1488304,6048,68148,3038700
481,314,305,1487990,6057,68453,2970700
482,317,305,1487673,6069,68758,3043900
483,318,294,1487355,6093,69052,2927500
484,343,336,1487012,6100,69388,2982300
485,313,316,1486699,6097,69704,2929400
486,320,293,1486379,6124,69997,2903400
487,312,276,1486067,6160,70273,2882200
488,324,292,1485743,6192,70565,2927800
489,301,314,1485442,6179,70879,2880400
490,322,314,1485120,6187,71193,2885900
491,318,326,1484802,6179,71519,2836400
492,300,312,1484502,6167,71831,2803500
493,321,283,1484181,6205,72114,2764400
494,311,303,1483870,6213,72417,2975800
495,315,316,1483555,6212,72733,3071700
496,311,326,1483244,6197,73059,2961400
497,302,313,1482942,6186,73372,2888000
498,325,318,1482617,6193,73690,2823500
499,318,304,1482299,6207,73994,3207100
500,340,311,1481959,6236,74305,2779700
501,335,291,1481624,6280,74596,2844500
502,316,301,1481308,6295,74897,2758400
503,326,320,1480982,6301,75217,2717600
504,338,296,1480644,6343,75513,2750500
505,361,324,1480283,6380,75837,2749100
506,327,314,1479956,6393,76151,2829600
507,357,322,1479599,6428,76473,2905300
508,372,330,1479227,6470,76803,2870900
509,379,351,1478848,6498,77154,2847200
510,339,297,1478509,6540,77451,2838100
511,354,313,1478155,6581,77764,2795800
512,370,337,1477785,6614,78101,2891900
513,355,326,1477430,6643,78427,2877200
514,345,303,1477085,6685,78730,2923500
515,386,349,1476699,6722,79079,2946100
516,327,345,1476372,6704,79424,2895600
517,353,309,1476019,6748,79733,3009000
518,378,316,1475641,6810,80049,3157000
519,363,305,1475278,6868,80354,2926800
520,337,332,1474941,6873,80686,3046100
521,358,331,1474583,6900,81017,2895000
522,360,342,1474223,6918,81359,2883100
523,341,328,1473882,6931,81687,2972200
524,359,340,1473523,6950,82027,2820300
525,339,361,1473184,6928,82388,3174300
526,342,300,1472842,6970,82688,3048000
527,349,350,1472493,6969,83038,2964400
528,386,336,1472107,7019,83374,2897200
529,358,335,1471749,7042,83709,2931400
530,372,372,1471377,7042,84081,2818300
531,369,342,1471008,7069,84423,2983600
532,365,381,1470643,7053,84804,2882900
533,354,368,1470289,7039,85172,2909300
534,358,351,1469931,7046,85523,2941600
535,381,345,1469550,7082,85868,2987200
536,358,382,1469192,7058,86250,3012900
537,363,389,1468829,7032,86639,2924100
538,364,342,1468465,7054,86981,3014600
539,337,349,1468128,7042,87330,3120000
540,337,348,1467791,7031,87678,3063200
541,340,339,1467451,7032,88017,2958700
542,338,358,1467113,7012,88375,2958400
543,361,341,1466752,7032,88716,2873700
544,336,373,1466416,6995,89089,2937100
545,401,349,1466015,7047,89438,2877600
546,375,324,1465640,7098,89762,3014800
547,374,343,1465266,7129,90105,2907600
548,364,337,1464902,7156,90442,3085800
549,383,372,1464519,7167,90814,2989200
550,352,313,1464167,7206,91127,2880800
551,355,379,1463812,7182,91506,2973900
552,363,337,1463449,7208,91843,2904800
553,370,326,1463079,7252,92169,3048300
554,387,396,1462692,7243,92565,3014600
555,363,375,1462329,7231,92940,3202300
556,385,334,1461944,7282,93274,3131000
557,364,357,1461580,7289,93631,3224500
558,368,367,1461212,7290,93998,3164900
559,366,361,1460846,7295,94359,3255300
560,384,361,1460462,7318,94720,2900500
561,348,373,1460114,7293,95093,3033400
562,371,381,1459743,7283,95474,2977500
563,374,363,1459369,7294,95837,2967900
564,390,377,1458979,7307,96214,2919400
565,364,357,1458615,7314,96571,2962200
566,380,358,1458235,7336,96929,2888800
567,351,397,1457884,7290,97326,2901900
568,354,362,1457530,7282,97688,2994700
569,337,366,1457193,7253,98054,2970500
570,345,376,1456848,7222,98430,3247100
571,367,344,1456481,7245,98774,2888800
572,396,352,1456085,7289,99126,3018400
573,410,369,1455675,7330,99495,3030900
574,412,356,1455263,7386,99851,2866300
575,395,337,1454868,7444,100188,3034900
576,375,381,1454493,7438,100569,2972500
577,391,379,1454102,7450,100948,2945100
578,410,416,1453692,7444,101364,2908900
579,379,398,1453313,7425,101762,2870300
580,362,340,1452951,7447,102102,2877100
581,411,364,1452540,7494,102466,2893600
582,359,411,1452181,7442,102877,3022100
583,377,360,1451804,7459,103237,2909600
584,382,352,1451422,7489,103589,3200300
585,411,357,1451011,7543,103946,3189600
586,433,394,1450578,7582,104340,3053500
587,401,384,1450177,7599,104724,2963200
588,396,389,1449781,7606,105113,2914700
589,394,397,1449387,7603,105510,3102000
590,375,378,1449012,7600,105888,3073200
591,397,403,1448615,7594,106291,2932700
592,381,360,1448234,7615,106651,2867400
593,424,387,1447810,7652,107038,3062600
594,388,366,1447422,7674,107404,3398000
595,380,397,1447042,7657,107801,3124700
596,388,356,1446654,7689,108157,3180900
597,429,399,1446225,7719,108556,2892600
598,421,377,1445804,7763,108933,2907300
599,421,381,1445383,7803,109314,2790400
600,410,383,1444973,7830,109697,2898900
601,387,364,1444586,7853,110061,2970000
602,430,427,1444156,7856,110488,3012500
603,433,403,1443723,7886,110891,2843900
604,393,377,1443330,7902,111268,2832500
605,439,400,1442891,7941,111668,2874500
606,410,429,1442481,7922,112097,3157300
607,401,388,1442080,7935,112485,3074500
608,411,397,1441669,7949,112882,2955500
609,394,414,1441275,7929,113296,2848500
610,416,404,1440859,7941,113700,3019800
611,443,389,1440416,7995,114089,2948200
612,415,387,1440001,8023,114476,2854600
613,429,383,1439572,8069,114859,2810900
614,394,412,1439178,8051,115271,2850700
615,430,426,1438748,8055,115697,2863600
616,407,440,1438341,8022,116137,3149600
617,428,406,1437913,8044,116543,3090700
618,413,420,1437500,8037,116963,3088600
619,406,401,1437094,8042,117364,3112200
620,400,401,1436694,8041,117765,3304600
621,417,430,1436277,8028,118195,3010200
622,408,407,1435869,8029,118602,2909600
623,438,410,1435431,8057,119012,2850900
624,438,408,1434993,8087,119420,2879300
625,408,410,1434585,8085,119830,2879200
626,418,405,1434167,8098,120235,2935000
627,421,415,1433746,8104,120650,2937900
628,408,412,1433338,8100,121062,3020700
629,427,407,1432911,8120,121469,2887300
630,400,368,1432511,8152,121837,2918100
631,427,435,1432084,8144,122272,2800200
632,446,420,1431638,8170,122692,2762200
633,450,440,1431188,8180,123132,2894600
634,373,431,1430815,8122,123563,2861400
635,468,404,1430347,8186,123967,2864100
636,421,379,1429926,8228,124346,2882900
637,415,423,1429511,8220,124769,2974400
638,445,421,1429066,8244,125190,2929000
639,419,400,1428647,8263,125590,3118000
640,425,409,1428222,8279,125999,2864500
641,405,408,1427817,8276,126407,2769900
642,429,449,1427388,8256,126856,2861300
643,444,417,1426944,8283,127273,2865700
644,429,426,1426515,8286,127699,2871400
645,437,408,1426078,8315,128107,2872000
646,428,425,1425650,8318,128532,2939800
647,440,459,1425210,8299,128991,2901300
648,427,398,1424783,8328,129389,2854400
649,425,374,1424358,8379,129763,2969200
650,428,424,1423930,8383,130187,2894900
651,430,400,1423500,8413,130587,3054300
652,414,405,1423086,8422,130992,3008800
653,446,416,1422640,8452,131408,2978100
654,456,456,1422184,8452,131864,2899400
655,447,433,1421737,8466,132297,2865100
656,442,424,1421295,8484,132721,2874300
657,421,437,1420874,8468,133158,2939700
658,442,442,1420432,8468,133600,3096600
659,486,443,1419946,8511,134043,2973300
660,472,388,1419474,8595,134431,3041500
661,425,415,1419049,8605,134846,3059100
662,431,451,1418618,8585,135297,2887600
663,457,403,1418161,8639,135700,2876100
664,438,450,1417723,8627,136150,2883400
665,457,425,1417266,8659,136575,2744200
666,438,438,1416828,8659,137013,2774600
667,418,401,1416410,8676,137414,2840700
668,461,422,1415949,8715,137836,2864500
669,432,446,1415517,8701,138282,2923600
670,437,469,1415080,8669,138751,3091000
671,457,414,1414623,8712,139165,3128100
672,484,438,1414139,8758,139603,3035900
673,447,446,1413692,8759,140049,3226700
674,483,438,1413209,8804,140487,2989300
675,466,449,1412743,8821,140936,3073100
676,505,457,1412238,8869,141393,3076200
677,496,462,1411742,8903,141855,2808000
678,443,474,1411299,8872,142329,2748400
679,501,440,1410798,8933,142769,2867000
680,480,424,1410318,8989,143193,2779200
681,491,449,1409827,9031,143642,2826100
682,450,459,1409377,9022,144101,2750400
683,449,445,1408928,9026,144546,2822800
684,444,437,1408484,9033,144983,2855600
685,486,488,1407998,9031,145471,2762500
686,500,443,1407498,9088,145914,3066800
687,526,470,1406972,9144,146384,2928500
688,457,426,1406515,9175,146810,2899900
689,463,471,1406052,9167,147281,3167200
690,509,496,1405543,9180,147777,2776200
691,501,445,1405042,9236,148222,2904300
692,435,448,1404607,9223,148670,3021000
693,488,471,1404119,9240,149141,2864700
694,461,473,1403658,9228,149614,2824700
695,494,476,1403164,9246,150090,2835800
696,469,474,1402695,9241,150564,2979600
697,459,486,1402236,9214,151050,3163700
698,455,464,1401781,9205,151514,3108700
699,492,452,1401289,9245,151966,3078900
700,497,487,1400792,9255,152453,3298500
701,455,447,1400337,9263,152900,3013700
702,492,497,1399845,9258,153397,2959400
703,472,504,1399373,9226,153901,2951600
704,456,469,1398917,9213,154370,3200700
705,481,434,1398436,9260,154804,2980400
706,467,447,1397969,9280,155251,2894300
707,501,436,1397468,9345,155687,3164500
708,508,475,1396960,9378,156162,2874500
709,496,502,1396464,9372,156664,2853400
710,513,484,1395951,9401,157148,2851900
711,483,452,1395468,9432,157600,3058900
712,522,475,1394946,9479,158075,2863100
713,534,447,1394412,9566,158522,3081000
714,503,470,1393909,9599,158992,2850200
715,506,439,1393403,9666,159431,2858100
716,516,469,1392887,9713,159900,3108700
717,493,479,1392394,9727,160379,2918600
718,470,484,1391924,9713,160863,2872900
719,493,477,1391431,9729,161340,3123100
720,506,453,1390925,9782,161793,3070600
721,471,491,1390454,9762,162284,3068800
722,473,474,1389981,9761,162758,2856500
723,485,473,1389496,9773,163231,2858200
724,471,471,1389025,9773,163702,2989000
725,500,493,1388525,9780,164195,2968500
726,492,455,1388033,9817,164650,2882600
727,519,479,1387514,9857,165129,2900200
728,509,493,1387005,9873,165622,3005600
729,488,483,1386517,9878,166105,2837000
730,519,490,1385998,9907,166595,3042800
731,497,463,1385501,9941,167058,2914200
732,478,491,1385023,9928,167549,2898900
733,512,499,1384511,9941,168048,2915500
734,525,474,1383986,9992,168522,2887800
735,500,492,1383486,10000,169014,2903100
736,475,484,1383011,9991,169498,2875500
737,505,542,1382506,9954,170040,2849700
738,509,498,1381997,9965,170538,2910400
739,499,494,1381498,9970,171032,2858200
740,497,498,1381001,9969,171530,2959000
741,505,500,1380496,9974,172030,2979900
742,499,513,1379997,9960,172543,3058500
743,482,512,1379515,9930,173055,3000000
744,500,457,1379015,9973,173512,3138500
745,507,469,1378508,10011,173981,2919600
746,502,518,1378006,9995,174499,2910500
747,488,501,1377518,9982,175000,2922000
748,518,468,1377000,10032,175468,3155100
749,529,460,1376471,10101,175928,2916300
750,510,492,1375961,10119,176420,2907500
751,524,518,1375437,10125,176938,2790400
752,496,520,1374941,10101,177458,3086200
753,501,474,1374440,10128,177932,3101600
754,473,530,1373967,10071,178462,3112100
755,480,520,1373487,10031,178982,3126700
756,511,514,1372976,10028,179496,2885500
757,486,509,1372490,10005,180005,2908700
758,479,532,1372011,9952,180537,3001500
759,497,520,1371514,9929,181057,3237400
760,457,463,1371057,9923,181520,3085900
761,493,465,1370564,9951,181985,2795600
762,490,490,1370074,9951,182475,2897500
763,495,503,1369579,9943,182978,2913500
764,519,429,1369060,10033,183407,2955600
765,510,506,1368550,10037,183913,2873300
766,557,498,1367993,10096,184411,3029100
767,486,474,1367507,10108,184885,2922600
768,538,501,1366969,10145,185386,2898600
769,490,510,1366479,10125,185896,2895500
770,496,500,1365983,10121,186396,2996100
771,494,494,1365489,10121,186890,3163400
772,512,499,1364977,10134,187389,3177100
773,533,527,1364444,10140,187916,2896500
774,526,509,1363918,10157,188425,2874100
775,507,529,1363411,10135,188954,2894300
776,534,478,1362877,10191,189432,2883200
777,495,480,1362382,10206,189912,2868900
778,521,496,1361861,10231,190408,2901800
779,488,498,1361373,10221,190906,2766800
780,552,550,1360821,10223,191456,2896600
781,516,505,1360305,10234,191961,2924500
782,512,493,1359793,10253,192454,2912200
783,520,520,1359273,10253,192974,2902800
784,488,503,1358785,10238,193477,2916100
785,525,494,1358260,10269,193971,2905700
786,536,490,1357724,10315,194461,2900900
787,506,554,1357218,10267,195015,2943700
788,521,531,1356697,10257,195546,3020300
789,532,523,1356165,10266,196069,3155900
790,518,527,1355647,10257,196596,3015900
791,503,512,1355144,10248,197108,2972000
792,504,502,1354640,10250,197610,3187700
793,536,503,1354104,10283,198113,3422500
794,497,496,1353607,10284,198609,3380500
795,492,536,1353115,10240,199145,3265400
796,499,483,1352616,10256,199628,3452100
797,521,511,1352095,10266,200139,3437100
798,460,518,1351635,10208,200657,3493100
799,522,495,1351113,10235,201152,3332800
800,507,528,1350606,10214,201680,3444400
801,522,506,1350084,10230,202186,3727300
802,538,509,1349546,10259,202695,3476700
803,577,514,1348969,10322,203209,3419900
804,519,507,1348450,10334,203716,3535800
805,501,485,1347949,10350,204201,3496500
806,495,513,1347454,10332,204714,3790400
807,504,529,1346950,10307,205243,3535900
808,486,516,1346464,10277,205759,3426100
809,534,513,1345930,10298,206272,3411800
810,531,510,1345399,10319,206782,3357700
811,577,566,1344822,10330,207348,3402100
812,483,499,1344339,10314,207847,3358500
813,545,529,1343794,10330,208376,10152200
814,540,489,1343254,10381,208865,3930000
815,526,517,1342728,10390,209382,3429900
816,497,499,1342231,10388,209881,3372500
817,507,542,1341724,10353,210423,3317700
818,533,519,1341191,10367,210942,3236300
819,514,500,1340677,10381,211442,3348300
820,529,525,1340148,10385,211967,3291500
821,532,516,1339616,10401,212483,3379000
822,493,489,1339123,10405,212972,3240300
823,515,512,1338608,10408,213484,3449200
824,552,531,1338056,10429,214015,3269100
825,528,505,1337528,10452,214520,3320300
826,483,501,1337045,10434,215021,3346900
827,573,513,1336472,10494,215534,3415800
828,540,540,1335932,10494,216074,3315100
829,548,520,1335384,10522,216594,3352100
830,541,571,1334843,10492,217165,3344600
831,526,552,1334317,10466,217717,3334300
832,491,522,1333826,10435,218239,3177900
833,528,509,1333298,10454,218748,3289500
834,514,555,1332784,10413,219303,3179400
835,521,539,1332263,10395,219842,3452900
836,529,507,1331734,10417,220349,3360400
837,526,538,1331208,10405,220887,3201400
838,505,526,1330703,10384,221413,3333300
839,546,492,1330157,10438,221905,3269500
840,522,512,1329635,10448,222417,3410100
841,504,538,1329131,10414,222955,3265400
842,501,513,1328630,10402,223468,3280900
843,539,500,1328091,10441,223968,3297400
844,502,530,1327589,10413,224498,3480700
845,530,521,1327059,10422,225019,3448700
846,515,496,1326544,10441,225515,3146800
847,490,477,1326054,10454,225992,3142200
848,504,531,1325550,10427,226523,3220900
849,494,540,1325056,10381,227063,3154200
850,521,559,1324535,10343,227622,3056800
851,501,496,1324034,10348,228118,2941500
852,516,546,1323518,10318,228664,3121200
853,508,502,1323010,10324,229166,3072700
854,487,531,1322523,10280,229697,3125500
855,507,494,1322016,10293,230191,2886000
856,522,549,1321494,10266,230740,2926100
857,506,470,1320988,10302,231210,2904000
858,515,505,1320473,10312,231715,3083600
859,528,523,1319945,10317,232238,3104600
860,516,564,1319429,10269,232802,2911800
861,502,524,1318927,10247,233326,3009200
862,459,548,1318468,10158,233874,3140800
863,460,545,1318008,10073,234419,3169300
864,504,482,1317504,10095,234901,3261900
865,492,516,1317012,10071,235417,3118500
866,453,504,1316559,10020,235921,3187300
867,494,526,1316065,9988,236447,2972900
868,456,476,1315609,9968,236923,3168300
869,492,524,1315117,9936,237447,2949300
870,449,497,1314668,9888,237944,3065500
871,471,495,1314197,9864,238439,3045200
872,465,481,1313732,9848,238920,2910600
873,464,479,1313268,9833,239399,2863500
874,435,472,1312833,9796,239871,2907500
875,467,479,1312366,9784,240350,2907400
876,474,514,1311892,9744,240864,2980900
877,483,448,1311409,9779,241312,3025100
878,483,523,1310926,9739,241835,3069100
879,447,468,1310479,9718,242303,3117900
880,483,468,1309996,9733,242771,3194900
881,486,509,1309510,9710,243280,3286700
882,474,491,1309036,9693,243771,3196200
883,465,489,1308571,9669,244260,3085900
884,447,502,1308124,9614,244762,3021200
885,494,492,1307630,9616,245254,3135400
886,470,510,1307160,9576,245764,3140400
887,469,491,1306691,9554,246255,3283300
888,464,485,1306227,9533,246740,3240000
889,460,485,1305767,9508,247225,2931800
890,482,459,1305285,9531,247684,2872000
891,467,473,1304818,9525,248157,2784500
892,449,486,1304369,9488,248643,2901800
893,460,471,1303909,9477,249114,2824200
894,503,479,1303406,9501,249593,2857600
895,452,438,1302954,9515,250031,2863300
896,503,482,1302451,9536,250513,2957000
897,488,540,1301963,9484,251053,2943500
898,487,463,1301476,9508,251516,2908000
899,501,444,1300975,9565,251960,3010600
900,508,516,1300467,9557,252476,3077400
901,476,472,1299991,9561,252948,2967400
902,491,484,1299500,9568,253432,2791100
903,460,479,1299040,9549,253911,2906000
904,507,490,1298533,9566,254401,3024400
905,490,456,1298043,9600,254857,3124700
906,466,478,1297577,9588,255335,3117200
907,494,501,1297083,9581,255836,3223800
908,472,483,1296611,9570,256319,3209700
909,479,462,1296132,9587,256781,3238700
910,501,474,1295631,9614,257255,3380300
911,509,482,1295122,9641,257737,3215800
912,489,463,1294633,9667,258200,3499100
913,470,494,1294163,9643,258694,3318400
914,512,475,1293651,9680,259169,3125000
915,476,486,1293175,9670,259655,3347100
916,466,473,1292709,9663,260128,3669700
917,477,494,1292232,9646,260622,3389500
918,464,461,1291768,9649,261083,3394100
919,473,469,1291295,9653,261552,3238600
920,473,527,1290822,9599,262079,3271500
921,450,498,1290372,9551,262577,3208600
922,472,496,1289900,9527,263073,3228100
923,446,481,1289454,9492,263554,3170900
924,489,510,1288965,9471,264064,3165400
925,481,466,1288484,9486,264530,3283900
926,469,470,1288015,9485,265000,3146200
927,452,506,1287563,9431,265506,3211900
928,463,466,1287100,9428,265972,3132700
929,460,457,1286640,9431,266429,3145600
930,464,471,1286176,9424,266900,3114200
931,481,462,1285695,9443,267362,3071100
932,473,481,1285222,9435,267843,3053200
933,439,517,1284783,9357,268360,3216700
934,496,451,1284287,9402,268811,3248900
935,468,498,1283819,9372,269309,3028900
936,460,450,1283359,9382,269759,3024500
937,475,494,1282884,9363,270253,2915400
938,462,466,1282422,9359,270719,2935500
939,470,447,1281952,9382,271166,2906900
940,442,496,1281510,9328,271662,3264900
941,455,450,1281055,9333,272112,2791800
942,473,463,1280582,9343,272575,3090900
943,479,462,1280103,9360,273037,2978900
944,490,485,1279613,9365,273522,2901800
945,485,455,1279128,9395,273977,2756900
946,460,461,1278668,9394,274438,2961300
947,485,439,1278183,9440,274877,2876900
948,469,450,1277714,9459,275327,2868700
949,455,441,1277259,9473,275768,2775500
950,494,469,1276765,9498,276237,2890600
951,474,474,1276291,9498,276711,3154900
952,471,497,1275820,9472,277208,3114200
953,505,509,1275315,9468,277717,3043100
954,489,481,1274826,9476,278198,2853600
955,492,419,1274334,9549,278617,3052400
956,449,479,1273885,9519,279096,3030700
957,478,486,1273407,9511,279582,2951600
958,483,444,1272924,9550,280026,2890300
959,462,446,1272462,9566,280472,2770200
960,489,452,1271973,9603,280924,3218300
961,469,490,1271504,9582,281414,3054100
962,458,496,1271046,9544,281910,2931600
963,416,468,1270630,9492,282378,2906300
964,467,448,1270163,9511,282826,2897300
965,459,463,1269704,9507,283289,2897300
966,462,472,1269242,9497,283761,2928400
967,440,470,1268802,9467,284231,2931200
968,428,465,1268374,9430,284696,2847800
969,466,424,1267908,9472,285120,2807900
970,470,450,1267438,9492,285570,2867700
971,438,479,1267000,9451,286049,2894600
972,459,488,1266541,9422,286537,3112300
973,410,491,1266131,9341,287028,2823500
974,447,482,1265684,9306,287510,2933000
975,472,485,1265212,9293,287995,3138800
976,437,459,1264775,9271,288454,2821200
977,453,457,1264322,9267,288911,3029300
978,442,485,1263880,9224,289396,3300800
979,447,455,1263433,9216,289851,3186600
980,449,436,1262984,9229,290287,3033300
981,465,454,1262519,9240,290741,2926100
982,435,465,1262084,9210,291206,3000600
983,448,453,1261636,9205,291659,3007000
984,448,433,1261188,9220,292092,2903200
985,482,463,1260706,9239,292555,2954400
986,466,443,1260240,9262,292998,2944800
987,451,476,1259789,9237,293474,2829600
988,440,429,1259349,9248,293903,2896200
989,461,425,1258888,9284,294328,2940400
990,445,501,1258443,9228,294829,2924000
991,450,457,1257993,9221,295286,3160400
992,400,463,1257593,9158,295749,3050200
993,440,435,1257153,9163,296184,2939200
994,453,450,1256700,9166,296634,3078400
995,402,455,1256298,9113,297089,2915500
996,397,435,1255901,9075,297524,2990300
997,444,458,1255457,9061,297982,3049000
998,456,491,1255001,9026,298473,3137500
999,418,441,1254583,9003,298914,3265400
1000,456,467,1254127,8992,299381,3127200
1001,430,473,1253697,8949,299854,3245600
1002,424,438,1253273,8935,300292,3101700
1003,449,470,1252824,8914,300762,3164500
1004,460,410,1252364,8964,301172,3535700
1005,449,441,1251915,8972,301613,5690100
1006,411,454,1251504,8929,302067,4072400
1007,406,418,1251098,8917,302485,4225700
1008,448,398,1250650,8967,302883,7408800
1009,458,417,1250192,9008,303300,5097200
1010,442,460,1249750,8990,303760,3726200
1011,442,447,1249308,8985,304207,3471600
1012,421,441,1248887,8965,304648,3382100
1013,402,457,1248485,8910,305105,3661600
1014,442,428,1248043,8924,305533,3746400
1015,483,456,1247560,8951,305989,3578500
1016,441,435,1247119,8957,306424,3550900
1017,424,478,1246695,8903,306902,3494000
1018,431,421,1246264,8913,307323,3641200
1019,431,452,1245833,8892,307775,3765500
1020,434,452,1245399,8874,308227,3605900
1021,412,418,1244987,8868,308645,4275800
1022,445,423,1244542,8890,309068,11257700
1023,441,480,1244101,8851,309548,4482500
1024,452,441,1243649,8862,309989,4474100
1025,468,415,1243181,8915,310404,4453400
1026,431,480,1242750,8866,310884,4161700
1027,439,421,1242311,8884,311305,3862100
1028,482,430,1241829,8936,311735,4083200
1029,458,416,1241371,8978,312151,3633500
1030,425,463,1240946,8940,312614,3515100
1031,423,498,1240523,8865,313112,3643900
1032,437,459,1240086,8843,313571,4089600
1033,424,449,1239662,8818,314020,3385100
1034,431,442,1239231,8807,314462,4098800
1035,413,416,1238818,8804,314878,3494000
1036,436,441,1238382,8799,315319,3709200
1037,445,427,1237937,8817,315746,3790100
1038,406,456,1237531,8767,316202,3799600
1039,404,439,1237127,8732,316641,3505400
1040,399,408,1236728,8723,317049,3472300
1041,411,394,1236317,8740,317443,3475100
1042,433,473,1235884,8700,317916,3619100
1043,406,436,1235478,8670,318352,3571500
1044,405,452,1235073,8623,318804,3604000
1045,407,441,1234666,8589,319245,3333400
1046,412,413,1234254,8588,319658,3376900
1047,420,413,1233834,8595,320071,3306600
1048,415,429,1233419,8581,320500,3365200
1049,411,440,1233008,8552,320940,3355900
1050,413,415,1232595,8550,321355,3298000
1051,425,464,1232170,8511,321819,3511000
1052,424,433,1231746,8502,322252,3250500
1053,419,414,1231327,8507,322666,3281900
1054,406,396,1230921,8517,323062,3236200
1055,416,446,1230505,8487,323508,3197200
1056,434,430,1230071,8491,323938,3374300
1057,381,414,1229690,8458,324352,3246800
1058,435,432,1229255,8461,324784,3306000
1059,407,437,1228848,8431,325221,3169300
1060,426,384,1228422,8473,325605,3161800
1061,432,420,1227990,8485,326025,3136500
1062,418,428,1227572,8475,326453,3128800
1063,420,398,1227152,8497,326851,3122600
1064,441,453,1226711,8485,327304,2970600
1065,419,404,1226292,8500,327708,2971800
1066,425,445,1225867,8480,328153,2987300
1067,423,467,1225444,8436,328620,3143200
1068,436,408,1225008,8464,329028,3023200
1069,447,383,1224561,8528,329411,3040100
1070,429,432,1224132,8525,329843,2950800
1071,411,428,1223721,8508,330271,2965700
1072,394,395,1223327,8507,330666,2964800
1073,411,392,1222916,8526,331058,2944000
1074,400,402,1222516,8524,331460,2981400
1075,432,421,1222084,8535,331881,2905900
1076,407,436,1221677,8506,332317,2868800
1077,422,402,1221255,8526,332719,2864600
1078,457,436,1220798,8547,333155,3019000
1079,421,420,1220377,8548,333575,3128100
1080,405,462,1219972,8491,334037,2968000
1081,441,404,1219531,8528,334441,2844800
1082,417,415,1219114,8530,334856,3047600
1083,438,409,1218676,8559,335265,3195100
1084,453,440,1218223,8572,335705,3196200
1085,422,425,1217801,8569,336130,3114200
1086,432,408,1217369,8593,336538,3262600
1087,409,447,1216960,8555,336985,6100300
1088,433,437,1216527,8551,337422,5384900
1089,425,397,1216102,8579,337819,8201000
1090,418,415,1215684,8582,338234,4219100
1091,394,416,1215290,8560,338650,3672400
1092,427,429,1214863,8558,339079,3344400
1093,411,424,1214452,8545,339503,3214000
1094,415,462,1214037,8498,339965,3853800
1095,401,413,1213636,8486,340378,3720900
1096,446,423,1213190,8509,340801,4282400
1097,418,439,1212772,8488,341240,3558400
1098,398,444,1212374,8442,341684,4109000
1099,423,416,1211951,8449,342100,3778300
1100,375,402,1211576,8422,342502,4029100
1101,436,409,1211140,8449,342911,3723200
1102,426,431,1210714,8444,343342,3897000
1103,415,401,1210299,8458,343743,3661400
1104,405,428,1209894,8435,344171,4015500
1105,395,434,1209499,8396,344605,3873700
1106,423,411,1209076,8408,345016,3288500
1107,412,400,1208664,8420,345416,3253400
1108,394,436,1208270,8378,345852,3096500
1109,405,411,1207865,8372,346263,3253200
1110,391,429,1207474,8334,346692,3293700
1111,396,400,1207078,8330,347092,3212300
1112,402,440,1206676,8292,347532,3138200
1113,413,417,1206263,8288,347949,3170300
1114,395,464,1205868,8219,348413,3330200
1115,410,458,1205458,8171,348871,3424400
1116,389,412,1205069,8148,349283,3315500
1117,394,378,1204675,8164,349661,3082000
1118,405,409,1204270,8160,350070,3098500
1119,382,373,1203888,8169,350443,3207000
1120,418,378,1203470,8209,350821,3119100
1121,412,424,1203058,8197,351245,3122100
1122,397,391,1202661,8203,351636,3085500
1123,387,433,1202274,8157,352069,2989900
1124,400,394,1201874,8163,352463,3049000
1125,392,416,1201482,8139,352879,3112500
1126,408,424,1201074,8123,353303,3526700
1127,374,367,1200700,8130,353670,3333700
1128,401,419,1200299,8112,354089,3186100
1129,400,386,1199899,8126,354475,3136800
1130,421,407,1199478,8140,354882,3095900
1131,376,410,1199102,8106,355292,3383300
1132,408,397,1198694,8117,355689,3184900
1133,397,398,1198297,8116,356087,3117900
1134,399,417,1197898,8098,356504,3074600
1135,402,403,1197496,8097,356907,3036400
1136,430,376,1197066,8151,357283,2991000
1137,432,408,1196634,8175,357691,3024400
1138,394,421,1196240,8148,358112,2966300
1139,397,435,1195843,8110,358547,2918900
1140,427,415,1195416,8122,358962,3019300
1141,387,395,1195029,8114,359357,3068100
1142,432,438,1194597,8108,359795,2984200
1143,381,408,1194216,8081,360203,3161400
1144,376,398,1193840,8059,360601,3313300
1145,375,412,1193465,8022,361013,3313600
1146,393,385,1193072,8030,361398,3216200
1147,362,366,1192710,8026,361764,3409900
1148,373,418,1192337,7981,362182,3358400
1149,388,404,1191949,7965,362586,3165000
1150,381,393,1191568,7953,362979,3468200
1151,387,407,1191181,7933,363386,3129000
1152,362,355,1190819,7940,363741,3150900
1153,383,402,1190436,7921,364143,3066000
1154,383,402,1190053,7902,364545,3218100
1155,366,407,1189687,7861,364952,3209300
1156,383,372,1189304,7872,365324,3285800
1157,378,363,1188926,7887,365687,3170200
1158,345,418,1188581,7814,366105,3141700
1159,379,388,1188202,7805,366493,3160600
1160,384,387,1187818,7802,366880,3188800
1161,406,368,1187412,7840,367248,3282600
1162,364,420,1187048,7784,367668,3355700
1163,385,378,1186663,7791,368046,3184200
1164,373,381,1186290,7783,368427,3104600
1165,393,385,1185897,7791,368812,3065500
1166,392,403,1185505,7780,369215,3182000
1167,379,389,1185126,7770,369604,3131400
1168,349,379,1184777,7740,369983,3019300
1169,389,422,1184388,7707,370405,3018500
1170,397,362,1183991,7742,370767,3098900
1171,419,399,1183572,7762,371166,3320900
1172,366,415,1183206,7713,371581,3911900
1173,398,400,1182808,7711,371981,3249400
1174,411,401,1182397,7721,372382,3086800
1175,390,383,1182007,7728,372765,3126800
1176,402,398,1181605,7732,373163,3157100
1177,375,374,1181230,7733,373537,3150700
1178,399,390,1180831,7742,373927,3236900
1179,382,413,1180449,7711,374340,3259500
1180,375,383,1180074,7703,374723,3148600
1181,346,381,1179728,7668,375104,3364900
1182,395,384,1179333,7679,375488,3176600
1183,376,400,1178957,7655,375888,3299600
1184,365,379,1178592,7641,376267,3229500
1185,387,381,1178205,7647,376648,3120100
1186,399,372,1177806,7674,377020,3185100
1187,411,364,1177395,7721,377384,3085900
1188,382,421,1177013,7682,377805,3243200
1189,369,394,1176644,7657,378199,3059000
1190,407,362,1176237,7702,378561,3297700
1191,365,388,1175872,7679,378949,3129200
1192,403,400,1175469,7682,379349,3246100
1193,386,356,1175083,7712,379705,3234300
1194,397,412,1174686,7697,380117,3235800
1195,362,367,1174324,7692,380484,3136100
1196,358,385,1173966,7665,380869,3225200
1197,351,353,1173615,7663,381222,3316300
1198,389,365,1173226,7687,381587,3149400
1199,408,408,1172818,7687,381995,3197600
1200,400,383,1172418,7704,382378,3494600
1201,398,363,1172020,7739,382741,3116900
1202,369,386,1171651,7722,383127,3157800
1203,359,429,1171292,7652,383556,3153000
1204,394,354,1170898,7692,383910,3235200
1205,384,391,1170514,7685,384301,3444000
1206,388,394,1170126,7679,384695,3373000
1207,392,401,1169734,7670,385096,3380400
1208,383,387,1169351,7666,385483,3259000
1209,355,409,1168996,7612,385892,3283700
1210,330,368,1168666,7574,386260,3172400
1211,391,384,1168275,7581,386644,3452200
1212,375,374,1167900,7582,387018,3286800
1213,387,361,1167513,7608,387379,3240700
1214,373,365,1167140,7616,387744,3273800
1215,332,368,1166808,7580,388112,3415600
1216,339,391,1166469,7528,388503,3270000
1217,361,352,1166108,7537,388855,3313900
1218,338,411,1165770,7464,389266,3389200
1219,352,405,1165418,7411,389671,3348100
1220,392,405,1165026,7398,390076,3306300
1221,371,356,1164655,7413,390432,3488900
1222,330,355,1164325,7388,390787,3241300
1223,372,387,1163953,7373,391174,3536800
1224,364,379,1163589,7358,391553,3239900
1225,333,341,1163256,7350,391894,3219000
1226,355,385,1162901,7320,392279,3149100
1227,339,372,1162562,7287,392651,3197300
1228,341,411,1162221,7217,393062,3144000
1229,337,331,1161884,7223,393393,3053500
1230,337,370,1161547,7190,393763,3226900
1231,334,381,1161213,7143,394144,3112300
1232,330,352,1160883,7121,394496,3100500
1233,329,345,1160554,7105,394841,2911200
1234,327,411,1160227,7021,395252,2882600
1235,321,337,1159906,7005,395589,2922000
1236,309,364,1159597,6950,395953,2944900
1237,307,342,1159290,6915,396295,2822900
1238,337,339,1158953,6913,396634,2857900
1239,312,338,1158641,6887,396972,2976900
1240,327,349,1158314,6865,397321,2849500
1241,345,358,1157969,6852,397679,3090200
1242,316,332,1157653,6836,398011,3193500
1243,326,330,1157327,6832,398341,3166300
1244,338,345,1156989,6825,398686,3180500
1245,321,359,1156668,6787,399045,3223200
1246,317,305,1156351,6799,399350,2977600
1247,313,337,1156038,6775,399687,2974700
1248,386,355,1155652,6806,400042,2926600
1249,318,353,1155334,6771,400395,2915900
1250,328,341,1155006,6758,400736,2935000
1251,319,349,1154687,6728,401085,3000100
1252,290,329,1154397,6689,401414,3016700
1253,339,345,1154058,6683,401759,3166500
1254,326,354,1153732,6655,402113,2938900
1255,308,341,1153424,6622,402454,2906300
1256,322,332,1153102,6612,402786,2876000
1257,332,336,1152770,6608,403122,2828900
1258,301,304,1152469,6605,403426,2948400
1259,336,326,1152133,6615,403752,3023700
1260,336,317,1151797,6634,404069,3230700
1261,315,341,1151482,6608,404410,2967300
1262,299,344,1151183,6563,404754,2943800
1263,314,310,1150869,6567,405064,3068900
1264,331,316,1150538,6582,405380,2806200
1265,335,343,1150203,6574,405723,2861000
1266,305,346,1149898,6533,406069,2815300
1267,294,308,1149604,6519,406377,2798000
1268,298,314,1149306,6503,406691,2849300
1269,305,316,1149001,6492,407007,2934100
1270,330,325,1148671,6497,407332,2788800
1271,301,345,1148370,6453,407677,3080600
1272,328,312,1148042,6469,407989,3204100
1273,283,310,1147759,6442,408299,3267700
1274,329,316,1147430,6455,408615,3260600
1275,305,296,1147125,6464,408911,3176700
1276,310,319,1146815,6455,409230,3564400
1277,316,308,1146499,6463,409538,3143900
1278,341,295,1146158,6509,409833,3126100
1279,340,343,1145818,6506,410176,3099400
1280,316,277,1145502,6545,410453,3046900
1281,322,309,1145180,6558,410762,3014700
1282,313,317,1144867,6554,411079,3282100
1283,316,302,1144551,6568,411381,3080600
1284,328,315,1144223,6581,411696,3228300
1285,334,318,1143889,6597,412014,3165800
1286,349,352,1143540,6594,412366,3079900
1287,309,366,1143231,6537,412732,3123700
1288,351,343,1142880,6545,413075,3518100
1289,325,315,1142555,6555,413390,3177200
1290,311,303,1142244,6563,413693,3021800
1291,308,319,1141936,6552,414012,3366500
1292,305,327,1141631,6530,414339,3277200
1293,334,312,1141297,6552,414651,3236400
1294,325,317,1140972,6560,414968,3181100
1295,320,341,1140652,6539,415309,3076200
1296,354,334,1140298,6559,415643,3069600
1297,320,340,1139978,6539,415983,3421700
1298,329,299,1139649,6569,416282,3028300
1299,330,329,1139319,6570,416611,3330800
1300,347,341,1138972,6576,416952,3075500
1301,326,360,1138646,6542,417312,3209900
1302,331,333,1138315,6540,417645,3088200
1303,347,320,1137968,6567,417965,3193100
1304,313,336,1137655,6544,418301,3090400
1305,340,329,1137315,6555,418630,2999200
1306,310,315,1137005,6550,418945,3184400
1307,327,331,1136678,6546,419276,2993100
1308,329,306,1136349,6569,419582,3092600
1309,337,362,1136012,6544,419944,3120200
1310,311,307,1135701,6548,420251,3281000
1311,328,342,1135373,6534,420593,3045700
1312,317,319,1135056,6532,420912,3071400
1313,323,344,1134733,6511,421256,3593500
1314,329,329,1134404,6511,421585,3120900
1315,320,339,1134084,6492,421924,3046700
1316,313,346,1133771,6459,422270,3112200
1317,307,315,1133464,6451,422585,3107100
1318,309,350,1133155,6410,422935,3187400
1319,286,295,1132869,6401,423230,3196600
1320,296,306,1132573,6391,423536,3194700
1321,313,317,1132260,6387,423853,3156300
1322,295,323,1131965,6359,424176,3227400
1323,313,309,1131652,6363,424485,3282200
1324,301,314,1131351,6350,424799,3153400
1325,335,320,1131016,6365,425119,3310200
1326,310,334,1130706,6341,425453,3269200
1327,308,307,1130398,6342,425760,3247000
1328,309,349,1130089,6302,426109,3064500
1329,307,314,1129782,6295,426423,3079100
1330,336,319,1129446,6312,426742,3154800
1331,323,309,1129123,6326,427051,3040200
1332,313,327,1128810,6312,427378,3123300
1333,287,319,1128523,6280,427697,3078400
1334,304,304,1128219,6280,428001,3243200
1335,305,317,1127914,6268,428318,3100200
1336,286,297,1127628,6257,428615,3158300
1337,322,311,1127306,6268,428926,3115000
1338,287,308,1127019,6247,429234,3273800
1339,324,306,1126695,6265,429540,3151500
1340,286,306,1126409,6245,429846,3280700
1341,347,274,1126062,6318,430120,3117500
1342,308,308,1125754,6318,430428,3245700
1343,300,313,1125454,6305,430741,3288100
1344,303,315,1125151,6293,431056,3011900
1345,310,328,1124841,6275,431384,3069800
1346,322,299,1124519,6298,431683,3038000
1347,296,309,1124223,6285,431992,3057400
1348,304,319,1123919,6270,432311,3101000
1349,310,297,1123609,6283,432608,3264400
1350,289,329,1123320,6243,432937,3249300
1351,295,345,1123025,6193,433282,3088000
1352,309,316,1122716,6186,433598,3227000
1353,293,292,1122423,6187,433890,3048000
1354,327,295,1122096,6219,434185,3026800
1355,304,292,1121792,6231,434477,3173100
1356,322,323,1121470,6230,434800,3223300
1357,311,284,1121159,6257,435084,3499600
1358,354,317,1120805,6294,435401,3202200
1359,292,303,1120513,6283,435704,3287300
1360,318,293,1120195,6308,435997,3185500
1361,300,318,1119895,6290,436315,3166700
1362,306,339,1119589,6257,436654,3241200
1363,293,314,1119296,6236,436968,2995000
1364,294,338,1119002,6192,437306,3344000
1365,310,341,1118692,6161,437647,3100800
1366,273,303,1118419,6131,437950,3095600
1367,278,327,1118141,6082,438277,3177600
1368,309,324,1117832,6067,438601,3127600
1369,292,293,1117540,6066,438894,3400000
1370,322,307,1117218,6081,439201,3265600
1371,292,297,1116926,6076,439498,3159200
1372,321,295,1116605,6102,439793,3287700
1373,286,300,1116319,6088,440093,3072200
1374,280,287,1116039,6081,440380,3196100
1375,292,338,1115747,6035,440718,3071600
1376,292,301,1115455,6026,441019,3303900
1377,319,301,1115136,6044,441320,3300200
1378,302,298,1114834,6048,441618,3107900
1379,296,306,1114538,6038,441924,3061300
1380,306,309,1114232,6035,442233,3182800
1381,326,292,1113906,6069,442525,3054100
1382,303,292,1113603,6080,442817,3119200
1383,328,284,1113275,6124,443101,3204100
1384,327,308,1112948,6143,443409,2980100
1385,282,289,1112666,6136,443698,3183200
1386,296,302,1112370,6130,444000,3405300
1387,282,306,1112088,6106,444306,3051900
1388,300,305,1111788,6101,444611,3022700
1389,304,294,1111484,6111,444905,3057900
1390,279,298,1111205,6092,445203,3292700
1391,288,323,1110917,6057,445526,3046700
1392,300,291,1110617,6066,445817,3134300
1393,291,292,1110326,6065,446109,3151900
1394,282,315,1110044,6032,446424,3544300
1395,305,311,1109739,6026,446735,3292000
1396,302,293,1109437,6035,447028,3413100
1397,304,327,1109133,6012,447355,3334600
1398,296,316,1108837,5992,447671,3435600
1399,287,281,1108550,5998,447952,3495900
1400,345,307,1108205,6036,448259,3361700
1401,313,286,1107892,6063,448545,3389200
1402,296,318,1107596,6041,448863,3123000
1403,298,299,1107298,6040,449162,3198500
1404,314,294,1106984,6060,449456,3237200
1405,282,319,1106702,6023,449775,3136000
1406,304,321,1106398,6006,450096,3027400
1407,312,295,1106086,6023,450391,3324900
1408,290,301,1105796,6012,450692,3446000
1409,305,317,1105491,6000,451009,3327300
1410,284,302,1105207,5982,451311,3313300
1411,304,277,1104903,6009,451588,3330500
1412,286,312,1104617,5983,451900,3326300
1413,295,292,1104322,5986,452192,3564800
1414,307,297,1104015,5996,452489,3322400
1415,301,280,1103714,6017,452769,3376700
1416,271,319,1103443,5969,453088,3407300
1417,296,300,1103147,5965,453388,3673800
1418,304,287,1102843,5982,453675,3573600
1419,287,296,1102556,5973,453971,3183500
1420,293,291,1102263,5975,454262,3401000
1421,293,306,1101970,5962,454568,3263400
1422,293,322,1101677,5933,454890,3186100
1423,267,266,1101410,5934,455156,3375400
1424,326,294,1101084,5966,455450,3083900
1425,331,294,1100753,6003,455744,3150200
1426,298,289,1100455,6012,456033,3114500
1427,307,292,1100148,6027,456325,3524600
1428,312,298,1099836,6041,456623,3285600
1429,301,328,1099535,6014,456951,3281200
1430,291,288,1099244,6017,457239,3362300
1431,300,298,1098944,6019,457537,3083700
1432,313,352,1098631,5980,457889,3241100
1433,313,303,1098318,5990,458192,3143900
1434,307,313,1098011,5984,458505,3335000
1435,300,291,1097711,5993,458796,3201300
1436,324,318,1097387,5999,459114,3212200
1437,317,290,1097070,6026,459404,3223000
1438,287,325,1096783,5988,459729,3136600
1439,295,300,1096488,5983,460029,3324900
1440,299,293,1096189,5989,460322,3482700
1441,267,279,1095922,5977,460601,3411300
1442,292,292,1095630,5977,460893,3453300
1443,318,286,1095312,6009,461179,3178900
1444,282,283,1095030,6008,461462,3277600
1445,288,290,1094742,6006,461752,3357300
1446,294,325,1094448,5975,462077,3047900
1447,308,309,1094140,5974,462386,3598100
1448,288,290,1093852,5972,462676,3042000
1449,305,287,1093547,5990,462963,3114400
1450,312,293,1093235,6009,463256,3123100
1451,296,282,1092939,6023,463538,2999600
1452,281,306,1092658,5998,463844,3136400
1453,316,276,1092342,6038,464120,2979200
1454,292,305,1092050,6025,464425,3314400
1455,304,323,1091746,6006,464748,3162800
1456,297,297,1091449,6006,465045,3303300
1457,273,302,1091176,5977,465347,3120300
1458,333,334,1090843,5976,465681,3197300
1459,313,289,1090530,6000,465970,3102300
1460,296,263,1090234,6033,466233,3070900
1461,273,280,1089961,6026,466513,2955700
1462,283,321,1089678,5988,466834,3230400
1463,311,293,1089367,6006,467127,3149100
1464,260,303,1089107,5963,467430,3085200
1465,279,302,1088828,5940,467732,3320800
1466,287,314,1088541,5913,468046,3328100
1467,281,326,1088260,5868,468372,3264800
1468,277,292,1087983,5853,468664,3181200
1469,300,299,1087683,5854,468963,3069700
1470,275,319,1087408,5810,469282,3099700
1471,283,293,1087125,5800,469575,3115200
1472,302,284,1086823,5818,469859,3260100
1473,283,285,1086540,5816,470144,3133700
1474,304,257,1086236,5863,470401,3049400
1475,281,274,1085955,5870,470675,3083500
1476,289,272,1085666,5887,470947,3197800
1477,284,323,1085382,5848,471270,3473300
1478,254,294,1085128,5808,471564,3253600
1479,289,297,1084839,5800,471861,3482600
1480,278,283,1084561,5795,472144,3309600
1481,291,281,1084270,5805,472425,3264600
1482,282,308,1083988,5779,472733,3402100
1483,308,269,1083680,5818,473002,3556900
1484,281,290,1083399,5809,473292,3383500
1485,288,262,1083111,5835,473554,3317000
1486,292,320,1082819,5807,473874,3347000
1487,318,280,1082501,5845,474154,3242200
1488,316,283,1082185,5878,474437,3566800
1489,301,275,1081884,5904,474712,3181800
1490,289,286,1081595,5907,474998,3113400
1491,317,278,1081278,5946,475276,3296800
1492,312,312,1080966,5946,475588,3680100
1493,305,269,1080661,5982,475857,3297600
1494,293,304,1080368,5971,476161,3349500
1495,304,309,1080064,5966,476470,3535200
1496,300,296,1079764,5970,476766,3486800
1497,291,313,1079473,5948,477079,3674600
1498,310,296,1079163,5962,477375,3266400
1499,323,326,1078840,5959,477701,3595700
1500,254,311,1078586,5902,478012,3577100
1501,299,294,1078287,5907,478306,3346300
1502,286,292,1078001,5901,478598,3427600
1503,296,297,1077705,5900,478895,3545600
1504,299,271,1077406,5928,479166,3439100
1505,297,288,1077109,5937,479454,3395400
1506,274,301,1076835,5910,479755,3622000
1507,326,312,1076509,5924,480067,3333900
1508,307,284,1076202,5947,480351,3508700
1509,272,273,1075930,5946,480624,3278700
1510,292,322,1075638,5916,480946,3314400
1511,279,269,1075359,5926,481215,3484800
1512,314,286,1075045,5954,481501,3137700
1513,301,302,1074744,5953,481803,3246000
1514,290,319,1074454,5924,482122,3697800
1515,321,292,1074133,5953,482414,3266100
1516,303,293,1073830,5963,482707,3282800
1517,329,298,1073501,5994,483005,3411100
1518,306,327,1073195,5973,483332,3397500
1519,318,281,1072877,6010,483613,3688300
1520,330,319,1072547,6021,483932,3446200
1521,285,262,1072262,6044,484194,3365000
1522,296,288,1071966,6052,484482,3230800
1523,306,295,1071660,6063,484777,3811100
1524,336,296,1071324,6103,485073,3449700
1525,306,289,1071018,6120,485362,3356000
1526,287,343,1070731,6064,485705,3326100
1527,290,322,1070441,6032,486027,3285900
1528,274,300,1070167,6006,486327,3281500
1529,284,311,1069883,5979,486638,3494200
1530,298,352,1069585,5925,486990,3169700
1531,325,338,1069260,5912,487328,3279800
1532,296,285,1068964,5923,487613,3235100
1533,275,313,1068689,5885,487926,3299800
1534,275,328,1068414,5832,488254,3334400
1535,298,298,1068116,5832,488552,3326700
1536,305,304,1067811,5833,488856,3377100
1537,312,303,1067499,5842,489159,3315700
1538,313,266,1067186,5889,489425,3482800
1539,283,312,1066903,5860,489737,3647900
1540,330,304,1066573,5886,490041,3328700
1541,298,315,1066275,5869,490356,3268000
1542,280,256,1065995,5893,490612,3278400
1543,323,325,1065672,5891,490937,3178900
1544,294,286,1065378,5899,491223,3279200
1545,289,315,1065089,5873,491538,3230400
1546,304,296,1064785,5881,491834,3220800
1547,311,289,1064474,5903,492123,3170700
1548,304,282,1064170,5925,492405,3099400
1549,274,288,1063896,5911,492693,3148100
1550,287,284,1063609,5914,492977,3201700
1551,313,300,1063296,5927,493277,3382100
1552,296,283,1063000,5940,493560,3212200
1553,280,286,1062720,5934,493846,3180800
1554,300,325,1062420,5909,494171,3155600
1555,291,293,1062129,5907,494464,3242400
1556,277,344,1061852,5840,494808,3361400
1557,272,255,1061580,5857,495063,3242400
1558,273,278,1061307,5852,495341,3261300
1559,250,275,1061057,5827,495616,3202000
1560,298,286,1060759,5839,495902,3165800
1561,304,301,1060455,5842,496203,3159400
1562,271,289,1060184,5824,496492,3053800
1563,287,259,1059897,5852,496751,3397700
1564,286,285,1059611,5853,497036,3122300
1565,280,261,1059331,5872,497297,3123500
1566,299,311,1059032,5860,497608,3319200
1567,273,295,1058759,5838,497903,3185200
1568,266,311,1058493,5793,498214,3081700
1569,297,274,1058196,5816,498488,3260400
1570,286,280,1057910,5822,498768,5090200
1571,300,304,1057610,5818,499072,4451200
1572,283,286,1057327,5815,499358,3365800
1573,312,285,1057015,5842,499643,3182300
1574,287,289,1056728,5840,499932,3335700
1575,286,295,1056442,5831,500227,3355900
1576,333,325,1056109,5839,500552,3899500
1577,303,294,1055806,5848,500846,16435700
1578,304,294,1055502,5858,501140,5804600
1579,295,296,1055207,5857,501436,6599100
1580,296,291,1054911,5862,501727,5407600
1581,297,283,1054614,5876,502010,3549700
1582,301,294,1054313,5883,502304,3490800
1583,317,318,1053996,5882,502622,3407900
1584,291,290,1053705,5883,502912,3902300
1585,269,287,1053436,5865,503199,4476700
1586,259,310,1053177,5814,503509,3852600
1587,300,272,1052877,5842,503781,3530800
1588,319,282,1052558,5879,504063,3308500
1589,293,329,1052265,5843,504392,3767700
1590,295,294,1051970,5844,504686,3465100
1591,314,264,1051656,5894,504950,3309300
1592,339,303,1051317,5930,505253,3211900
1593,304,296,1051013,5938,505549,3271000
1594,268,299,1050745,5907,505848,3236700
1595,261,302,1050484,5866,506150,3450900
1596,309,303,1050175,5872,506453,3241000
1597,309,271,1049866,5910,506724,3221000
1598,285,288,1049581,5907,507012,3419700
1599,295,292,1049286,5910,507304,3344000
1600,310,321,1048976,5899,507625,3264300
1601,281,341,1048695,5839,507966,3213700
1602,309,290,1048386,5858,508256,3150900
1603,314,301,1048072,5871,508557,3151900
1604,287,290,1047785,5868,508847,3148700
1605,303,328,1047482,5843,509175,3489600
1606,282,274,1047200,5851,509449,3359500
1607,327,283,1046873,5895,509732,3588400
1608,307,266,1046566,5936,509998,3309500
1609,300,298,1046266,5938,510296,3289800
1610,297,287,1045969,5948,510583,3465800
1611,295,291,1045674,5952,510874,3618600
1612,308,292,1045366,5968,511166,3242600
1613,296,303,1045070,5961,511469,3595500
1614,307,276,1044763,5992,511745,3283300
1615,332,314,1044431,6010,512059,3518700
1616,330,302,1044101,6038,512361,3784100
1617,290,308,1043811,6020,512669,3345800
1618,276,301,1043535,5995,512970,3104200
1619,303,295,1043232,6003,513265,3648100
1620,307,297,1042925,6013,513562,3432500
1621,269,292,1042656,5990,513854,3184500
1622,303,299,1042353,5994,514153,3060200
1623,281,286,1042072,5989,514439,3302300
1624,272,278,1041800,5983,514717,3206200
1625,294,287,1041506,5990,515004,3007300
1626,289,290,1041217,5989,515294,3280800
1627,303,277,1040914,6015,515571,3385000
1628,305,260,1040609,6060,515831,3174500
1629,258,311,1040351,6007,516142,2956800
1630,308,313,1040043,6002,516455,2973400
1631,293,308,1039750,5987,516763,2963600
1632,317,300,1039433,6004,517063,2934300
1633,313,318,1039120,5999,517381,2979800
1634,274,307,1038846,5966,517688,2960400
1635,277,309,1038569,5934,517997,3065000
1636,290,282,1038279,5942,518279,2971500
1637,296,310,1037983,5928,518589,3286500
1638,291,322,1037692,5897,518911,2970800
1639,275,303,1037417,5869,519214,2920000
1640,264,287,1037153,5846,519501,2895200
1641,271,271,1036882,5846,519772,2928700
1642,302,262,1036580,5886,520034,3040200
1643,298,314,1036282,5870,520348,2938800
1644,302,289,1035980,5883,520637,3147300
1645,308,282,1035672,5909,520919,3317300
1646,302,288,1035370,5923,521207,3337300
1647,308,289,1035062,5942,521496,2854900
1648,302,300,1034760,5944,521796,2862500
1649,315,299,1034445,5960,522095,2801500
1650,315,299,1034130,5976,522394,2906400
1651,330,287,1033800,6019,522681,2809900
1652,290,318,1033510,5991,522999,2818100
1653,311,298,1033199,6004,523297,2841600
1654,325,289,1032874,6040,523586,3077200
1655,283,293,1032591,6030,523879,2939300
1656,269,318,1032322,5981,524197,2915300
1657,295,298,1032027,5978,524495,2919400
1658,296,275,1031731,5999,524770,2847400
1659,321,310,1031410,6010,525080,2733100
1660,300,288,1031110,6022,525368,2785900
1661,290,309,1030820,6003,525677,2808400
1662,302,317,1030518,5988,525994,2805500
1663,261,312,1030257,5937,526306,2773100
1664,315,335,1029942,5917,526641,3001400
1665,310,307,1029632,5920,526948,2785400
1666,315,321,1029317,5914,527269,2729600
1667,280,268,1029037,5926,527537,2809000
1668,294,273,1028743,5947,527810,2794800
1669,283,298,1028460,5932,528108,2812800
1670,301,293,1028159,5940,528401,3005000
1671,309,285,1027850,5964,528686,2912400
1672,300,304,1027550,5960,528990,2932900
1673,321,323,1027229,5958,529313,2848100
1674,304,303,1026925,5959,529616,3032500
1675,309,281,1026616,5987,529897,2871200
1676,283,304,1026333,5966,530201,2805600
1677,288,280,1026045,5974,530481,2813000
1678,288,284,1025757,5978,530765,2814300
1679,283,262,1025474,5999,531027,2809700
1680,273,289,1025201,5983,531316,2915100
1681,317,280,1024884,6020,531596,3059900
1682,289,261,1024595,6048,531857,2991100
1683,315,296,1024280,6067,532153,2885000
1684,315,317,1023965,6065,532470,2819800
1685,305,280,1023660,6090,532750,2820200
1686,294,313,1023366,6071,533063,2972300
1687,297,304,1023069,6064,533367,2808000
1688,297,263,1022772,6098,533630,2774500
1689,289,286,1022483,6101,533916,2863400
1690,300,312,1022183,6089,534228,2996200
1691,310,305,1021873,6094,534533,2846100
1692,278,340,1021595,6032,534873,2777000
1693,311,294,1021284,6049,535167,3134300
1694,286,309,1020998,6026,535476,2824500
1695,274,297,1020724,6003,535773,2854700
1696,325,335,1020399,5993,536108,2817100
1697,300,303,1020099,5990,536411,2756400
1698,307,277,1019792,6020,536688,2810900
1699,301,308,1019491,6013,536996,2827100
1700,270,296,1019221,5987,537292,2833300
1701,300,291,1018921,5996,537583,3055200
1702,280,301,1018641,5975,537884,2954700
1703,310,270,1018331,6015,538154,3167200
1704,296,298,1018035,6013,538452,3089700
1705,258,277,1017777,5994,538729,2942600
1706,303,276,1017474,6021,539005,2919800
1707,265,327,1017209,5959,539332,2849000
1708,303,303,1016906,5959,539635,2791800
1709,286,309,1016620,5936,539944,2849800
1710,281,301,1016339,5916,540245,3076000
1711,275,292,1016064,5899,540537,3063800
1712,297,304,1015767,5892,540841,2994900
1713,308,293,1015459,5907,541134,3418100
1714,336,270,1015123,5973,541404,3098000
1715,315,316,1014808,5972,541720,3223200
1716,341,297,1014467,6016,542017,3191600
1717,317,282,1014150,6051,542299,3272500
1718,325,288,1013825,6088,542587,3254600
1719,312,307,1013513,6093,542894,3282100
1720,312,291,1013201,6114,543185,3273000
1721,311,285,1012890,6140,543470,3094000
1722,298,306,1012592,6132,543776,3481300
1723,336,265,1012256,6203,544041,3113600
1724,294,338,1011962,6159,544379,2984700
1725,300,317,1011662,6142,544696,2844100
1726,298,298,1011364,6142,544994,2778600
1727,323,336,1011041,6129,545330,2789500
1728,287,294,1010754,6122,545624,2843200
1729,305,298,1010449,6129,545922,2809600
1730,268,307,1010181,6090,546229,2818900
1731,310,317,1009871,6083,546546,2874600
1732,292,295,1009579,6080,546841,2832600
1733,324,285,1009255,6119,547126,2914200
1734,314,300,1008941,6133,547426,2789200
1735,296,286,1008645,6143,547712,2817000
1736,330,323,1008315,6150,548035,2756000
1737,296,279,1008019,6167,548314,2942100
1738,286,319,1007733,6134,548633,3089300
1739,322,317,1007411,6139,548950,3424000
1740,330,296,1007081,6173,549246,2990800
1741,326,324,1006755,6175,549570,2942500
1742,333,269,1006422,6239,549839,2802500
1743,347,311,1006075,6275,550150,2783500
1744,323,290,1005752,6308,550440,3083000
1745,292,334,1005460,6266,550774,2934300
1746,307,314,1005153,6259,551088,3069700
1747,331,308,1004822,6282,551396,2996300
1748,329,336,1004493,6275,551732,2813700
1749,319,332,1004174,6262,552064,2950300
1750,323,311,1003851,6274,552375,2770600
1751,271,319,1003580,6226,552694,2774100
1752,315,342,1003265,6199,553036,2793000
1753,299,310,1002966,6188,553346,2809400
1754,312,329,1002654,6171,553675,3035700
1755,305,299,1002349,6177,553974,2853300
1756,308,288,1002041,6197,554262,2997800
1757,323,266,1001718,6254,554528,2988800
1758,301,314,1001417,6241,554842,3132100
1759,305,305,1001112,6241,555147,3033200
1760,319,322,1000793,6238,555469,2979500
1761,311,312,1000482,6237,555781,2829900
1762,292,296,1000190,6233,556077,3055900
1763,305,336,999885,6202,556413,2850600
1764,317,284,999568,6235,556697,2811300
1765,318,304,999250,6249,557001,2879000
1766,320,305,998930,6264,557306,2954800
1767,317,275,998613,6306,557581,3446000
1768,272,312,998341,6266,557893,3006600
1769,312,320,998029,6258,558213,2832200
1770,306,297,997723,6267,558510,2823500
1771,315,352,997408,6230,558862,3269300
1772,300,316,997108,6214,559178,3153400
1773,301,345,996807,6170,559523,3253000
1774,317,320,996490,6167,559843,3045000
1775,301,308,996189,6160,560151,3138600
1776,323,313,995866,6170,560464,3179200
1777,301,353,995565,6118,560817,3295700
1778,319,314,995246,6123,561131,2799100
1779,287,325,994959,6085,561456,2925000
1780,304,310,994655,6079,561766,3037000
1781,280,275,994375,6084,562041,3074400
1782,277,283,994098,6078,562324,3095300
1783,272,288,993826,6062,562612,2894000
1784,280,313,993546,6029,562925,2907300
1785,296,323,993250,6002,563248,3095900
1786,294,292,992956,6004,563540,2924400
1787,298,280,992658,6022,563820,3033100
1788,286,282,992372,6026,564102,2921600
1789,310,309,992062,6027,564411,2935500
1790,256,327,991806,5956,564738,2863300
1791,285,303,991521,5938,565041,2989700
1792,282,275,991239,5945,565316,2844700
1793,288,311,990951,5922,565627,2872900
1794,289,271,990662,5940,565898,3016000
1795,356,306,990306,5990,566204,2779800
1796,292,287,990014,5995,566491,2998600
1797,318,338,989696,5975,566829,2782600
1798,313,296,989383,5992,567125,2823200
1799,283,318,989100,5957,567443,2802500
1800,301,317,988799,5941,567760,2809300
1801,312,302,988487,5951,568062,2961700
1802,292,299,988195,5944,568361,3092500
1803,295,297,987900,5942,568658,2886300
1804,302,293,987598,5951,568951,2805700
1805,319,305,987279,5965,569256,2800800
1806,279,308,987000,5936,569564,2835600
1807,291,303,986709,5924,569867,2882100
1808,280,304,986429,5900,570171,2763900
1809,296,290,986133,5906,570461,2755500
1810,327,300,985806,5933,570761,2819600
1811,317,320,985489,5930,571081,2832200
1812,305,302,985184,5933,571383,2802600
1813,293,304,984891,5922,571687,2874400
1814,280,314,984611,5888,572001,2862600
1815,304,307,984307,5885,572308,2758800
1816,308,285,983999,5908,572593,2840400
1817,308,297,983691,5919,572890,2812200
1818,324,291,983367,5952,573181,2902500
1819,257,292,983110,5917,573473,2936700
1820,318,272,982792,5963,573745,2923000
1821,309,286,982483,5986,574031,2908700
1822,305,331,982178,5960,574362,2784900
1823,307,307,981871,5960,574669,3513900
1824,312,267,981559,6005,574936,2742400
1825,306,298,981253,6013,575234,2812300
1826,313,295,980940,6031,575529,2749700
1827,310,293,980630,6048,575822,3040900
1828,308,314,980322,6042,576136,2957600
1829,284,299,980038,6027,576435,2828100
1830,309,271,979729,6065,576706,2806800
1831,305,298,979424,6072,577004,2887200
1832,334,292,979090,6114,577296,2760800
1833,311,276,978779,6149,577572,3365900
1834,314,309,978465,6154,577881,3152400
1835,285,313,978180,6126,578194,3390400
1836,306,298,977874,6134,578492,3324200
1837,303,267,977571,6170,578759,3131300
1838,312,264,977259,6218,579023,2864600
1839,304,293,976955,6229,579316,3096400
1840,299,312,976656,6216,579628,3154400
1841,282,327,976374,6171,579955,2932500
1842,295,297,976079,6169,580252,3005700
1843,269,328,975810,6110,580580,2926100
1844,291,292,975519,6109,580872,3076400
1845,304,305,975215,6108,581177,2899400
1846,308,290,974907,6126,581467,2851300
1847,320,309,974587,6137,581776,2850600
1848,302,295,974285,6144,582071,2831500
1849,291,299,973994,6136,582370,3122800
1850,298,322,973696,6112,582692,3013800
1851,318,296,973378,6134,582988,3539100
1852,297,296,973081,6135,583284,2874500
1853,320,328,972761,6127,583612,3109200
1854,336,315,972425,6148,583927,2884800
1855,325,293,972100,6180,584220,3144400
1856,313,335,971787,6158,584555,2962700
1857,322,343,971465,6137,584898,3084500
1858,328,293,971137,6172,585191,3074800
1859,321,297,970816,6196,585488,2981600
1860,306,312,970510,6190,585800,2957000
1861,299,305,970211,6184,586105,2752600
1862,317,298,969894,6203,586403,2723800
1863,318,292,969576,6229,586695,2972100
1864,323,328,969253,6224,587023,3102100
1865,302,328,968951,6198,587351,2751300
1866,335,314,968616,6219,587665,3011000
1867,280,300,968336,6199,587965,2928600
1868,271,300,968065,6170,588265,3083600
1869,305,296,967760,6179,588561,3047100
1870,293,307,967467,6165,588868,2914200
1871,297,302,967170,6160,589170,2755700
1872,274,311,966896,6123,589481,2740700
1873,293,289,966603,6127,589770,2746600
1874,287,301,966316,6113,590071,2719200
1875,332,298,965984,6147,590369,2682500
1876,291,318,965693,6120,590687,2803200
1877,287,305,965406,6102,590992,3054800
1878,298,318,965108,6082,591310,2946400
1879,290,313,964818,6059,591623,3207700
1880,295,297,964523,6057,591920,2995600
1881,301,310,964222,6048,592230,2977400
1882,291,310,963931,6029,592540,3015300
1883,310,310,963621,6029,592850,3085200
1884,325,302,963296,6052,593152,2973900
1885,286,284,963010,6054,593436,2838500
1886,277,300,962733,6031,593736,2871200
1887,279,306,962454,6004,594042,2844300
1888,295,300,962159,5999,594342,2843900
1889,277,291,961882,5985,594633,2845300
1890,257,303,961625,5939,594936,2862100
1891,286,315,961339,5910,595251,3083000
1892,303,309,961036,5904,595560,3009900
1893,299,283,960737,5920,595843,3031000
1894,289,297,960448,5912,596140,2877900
1895,312,289,960136,5935,596429,2824900
1896,310,302,959826,5943,596731,2761900
1897,282,296,959544,5929,597027,2811100
1898,299,311,959245,5917,597338,2898700
1899,291,331,958954,5877,597669,2793800
1900,315,273,958639,5919,597942,2742500
1901,305,284,958334,5940,598226,3111900
1902,286,283,958048,5943,598509,3009000
1903,292,261,957756,5974,598770,2804800
1904,302,332,957454,5944,599102,3072300
1905,315,282,957139,5977,599384,3028300
1906,280,315,956859,5942,599699,2818200
1907,290,298,956569,5934,599997,2859000
1908,281,276,956288,5939,600273,2813300
1909,330,268,955958,6001,600541,2911500
1910,259,295,955699,5965,600836,3183100
1911,315,310,955384,5970,601146,2894000
1912,316,271,955068,6015,601417,2919500
1913,337,310,954731,6042,601727,2895200
1914,319,316,954412,6045,602043,3253500
1915,275,298,954137,6022,602341,2795200
1916,299,324,953838,5997,602665,2916300
1917,288,302,953550,5983,602967,2814200
1918,287,290,953263,5980,603257,2740600
1919,288,286,952975,5982,603543,2807800
1920,282,303,952693,5961,603846,2853400
1921,266,331,952427,5896,604177,2832100
1922,296,305,952131,5887,604482,2807100
1923,291,295,951840,5883,604777,2736600
1924,287,292,951553,5878,605069,3046800
1925,277,309,951276,5846,605378,3162700
1926,253,295,951023,5804,605673,3151600
1927,275,307,950748,5772,605980,3013800
1928,303,272,950445,5803,606252,2903500
1929,295,289,950150,5809,606541,2798900
1930,300,265,949850,5844,606806,2966200
1931,275,292,949575,5827,607098,3035400
1932,299,300,949276,5826,607398,2783200
1933,308,295,948968,5839,607693,2851300
1934,304,309,948664,5834,608002,2816700
1935,290,307,948374,5817,608309,2807500
1936,294,307,948080,5804,608616,2861700
1937,299,272,947781,5831,608888,2787600
1938,290,290,947491,5831,609178,2906500
1939,276,276,947215,5831,609454,3015100
1940,307,283,946908,5855,609737,2840000
1941,298,277,946610,5876,610014,2827800
1942,270,318,946340,5828,610332,3129000
1943,256,281,946084,5803,610613,2894700
1944,290,283,945794,5810,610896,2961100
1945,316,299,945478,5827,611195,3133400
1946,291,300,945187,5818,611495,3164800
1947,287,311,944900,5794,611806,3206800
1948,306,291,944594,5809,612097,3112400
1949,316,276,944278,5849,612373,2925800
1950,296,310,943982,5835,612683,2997900
1951,311,316,943671,5830,612999,2771800
1952,308,303,943363,5835,613302,3078000
1953,311,274,943052,5872,613576,2913600
1954,295,304,942757,5863,613880,2771000
1955,298,284,942459,5877,614164,2899900
1956,312,297,942147,5892,614461,2813400
1957,285,292,941862,5885,614753,2835700
1958,326,300,941536,5911,615053,2961300
1959,344,304,941192,5951,615357,2878200
1960,316,322,940876,5945,615679,2975500
1961,333,288,940543,5990,615967,2889900
1962,317,310,940226,5997,616277,2895100
1963,316,327,939910,5986,616604,2934300
1964,333,283,939577,6036,616887,3076400
1965,339,293,939238,6082,617180,3099200
1966,342,268,938896,6156,617448,2875400
1967,309,307,938587,6158,617755,3041300
1968,316,293,938271,6181,618048,2822100
1969,317,288,937954,6210,618336,2910300
1970,310,267,937644,6253,618603,2942300
1971,316,300,937328,6269,618903,2969200
1972,322,310,937006,6281,619213,2897600
1973,301,325,936705,6257,619538,2858400
1974,278,307,936427,6228,619845,2812800
1975,334,273,936093,6289,620118,2906800
1976,295,319,935798,6265,620437,2806100
1977,320,313,935478,6272,620750,2809100
1978,321,330,935157,6263,621080,3290700
1979,329,291,934828,6301,621371,2960600
1980,287,338,934541,6250,621709,3009500
1981,309,324,934232,6235,622033,3051900
1982,305,331,933927,6209,622364,3439200
1983,285,285,933642,6209,622649,6726800
1984,305,341,933337,6173,622990,7662100
1985,298,300,933039,6171,623290,4387400
1986,295,303,932744,6163,623593,3826900
1987,290,281,932454,6172,623874,3966700
1988,307,299,932147,6180,624173,3939900
1989,289,317,931858,6152,624490,3316800
1990,300,311,931558,6141,624801,3809100
1991,287,299,931271,6129,625100,13164800
1992,321,304,930950,6146,625404,4711800
1993,300,323,930650,6123,625727,5116800
1994,306,288,930344,6141,626015,4789200
1995,269,349,930075,6061,626364,4613000
1996,289,310,929786,6040,626674,4436100
1997,325,280,929461,6085,626954,3929700
1998,293,314,929168,6064,627268,3462600
1999,280,325,928888,6019,627593,3723100
2000,282,286,928606,6015,627879,3972400
2001,279,293,928327,6001,628172,3785000
2002,296,311,928031,5986,628483,3487100
2003,298,306,927733,5978,628789,3413600
2004,293,272,927440,5999,629061,3525400
2005,306,278,927134,6027,629339,3191100
2006,300,336,926834,5991,629675,3565000
2007,297,291,926537,5997,629966,4097000
2008,321,308,926216,6010,630274,3684800
2009,301,303,925915,6008,630577,3624300
2010,277,287,925638,5998,630864,3717800
2011,336,331,925302,6003,631195,3345700
2012,286,302,925016,5987,631497,3638700
2013,278,353,924738,5912,631850,3774600
2014,311,297,924427,5926,632147,3401500
2015,306,298,924121,5934,632445,3537500
2016,332,291,923789,5975,632736,3805800
2017,317,311,923472,5981,633047,3548500
2018,315,301,923157,5995,633348,3360900
2019,293,328,922864,5960,633676,3482100
2020,316,307,922548,5969,633983,3460800
2021,294,311,922254,5952,634294,3467600
2022,313,290,921941,5975,634584,3346600
2023,302,313,921639,5964,634897,3530900
2024,286,319,921353,5931,635216,3317700
2025,294,303,921059,5922,635519,3320500
2026,321,306,920738,5937,635825,3373700
2027,303,304,920435,5936,636129,5885000
2028,283,304,920152,5915,636433,3618800
2029,305,294,919847,5926,636727,3257600
2030,294,331,919553,5889,637058,3675400
2031,303,295,919250,5897,637353,3264800
2032,283,283,918967,5897,637636,3297200
2033,301,284,918666,5914,637920,3307600
2034,318,277,918348,5955,638197,3388900
2035,299,296,918049,5958,638493,3318300
2036,297,302,917752,5953,638795,3423000
2037,288,313,917464,5928,639108,3412500
2038,309,279,917155,5958,639387,3243500
2039,304,325,916851,5937,639712,3946200
2040,312,284,916539,5965,639996,3213900
2041,325,280,916214,6010,640276,3371900
2042,296,316,915918,5990,640592,3499100
2043,279,293,915639,5976,640885,3324500
2044,358,291,915281,6043,641176,3249100
2045,294,315,914987,6022,641491,3336600
2046,305,297,914682,6030,641788,3193400
2047,337,285,914345,6082,642073,3065700
2048,312,302,914033,6092,642375,2990200
2049,324,315,913709,6101,642690,3032400
2050,289,312,913420,6078,643002,3137900
2051,335,315,913085,6098,643317,3244700
2052,329,306,912756,6121,643623,3407300
2053,311,313,912445,6119,643936,3075400
2054,285,308,912160,6096,644244,2964500
2055,294,301,911866,6089,644545,2984000
2056,316,282,911550,6123,644827,2910200
2057,302,329,911248,6096,645156,3137600
2058,292,345,910956,6043,645501,2845700
2059,301,272,910655,6072,645773,3010300
2060,312,321,910343,6063,646094,3186000
2061,296,306,910047,6053,646400,3140400
2062,291,316,909756,6028,646716,3019000
2063,292,299,909464,6021,647015,2866400
2064,292,311,909172,6002,647326,2892900
2065,286,305,908886,5983,647631,3108500
2066,294,289,908592,5988,647920,3205400
2067,276,284,908316,5980,648204,3142100
2068,282,298,908034,5964,648502,2923500
2069,304,303,907730,5965,648805,3115500
2070,306,311,907424,5960,649116,2873800
2071,300,272,907124,5988,649388,2850100
2072,301,274,906823,6015,649662,3011300
2073,316,310,906507,6021,649972,2903600
2074,292,261,906215,6052,650233,2829800
2075,315,293,905900,6074,650526,2863300
2076,301,280,905599,6095,650806,2908100
2077,337,287,905262,6145,651093,2821200
2078,293,305,904969,6133,651398,2840500
2079,325,308,904644,6150,651706,2805000
2080,315,317,904329,6148,652023,2894200
2081,304,308,904025,6144,652331,3054400
2082,299,304,903726,6139,652635,2847100
2083,292,324,903434,6107,652959,3049300
2084,288,302,903146,6093,653261,2900000
2085,309,283,902837,6119,653544,2975300
2086,329,293,902508,6155,653837,2874000
2087,310,298,902198,6167,654135,2834700
2088,299,326,901899,6140,654461,2792100
2089,308,344,901591,6104,654805,2801000
2090,287,279,901304,6112,655084,2862600
2091,323,283,900981,6152,655367,2926800
2092,327,289,900654,6190,655656,3104000
2093,316,315,900338,6191,655971,2987000
2094,312,324,900026,6179,656295,2825700
2095,310,325,899716,6164,656620,2873500
2096,304,288,899412,6180,656908,2889900
2097,309,305,899103,6184,657213,2786500
2098,317,297,898786,6204,657510,2829800
2099,284,319,898502,6169,657829,2761900
2100,294,308,898208,6155,658137,3128400
2101,280,294,897928,6141,658431,2858000
2102,318,308,897610,6151,658739,3280600
2103,329,318,897281,6162,659057,2979400
2104,296,316,896985,6142,659373,3070300
2105,295,305,896690,6132,659678,2848300
2106,267,310,896423,6089,659988,3128900
2107,308,284,896115,6113,660272,3105900
2108,305,301,895810,6117,660573,3091100
2109,275,305,895535,6087,660878,3034300
2110,302,292,895233,6097,661170,3023800
2111,283,310,894950,6070,661480,3171300
2112,273,300,894677,6043,661780,2970600
2113,283,291,894394,6035,662071,3096600
2114,273,310,894121,5998,662381,3047800
2115,299,314,893822,5983,662695,3027100
2116,306,315,893516,5974,663010,3013700
2117,332,263,893184,6043,663273,2968900
2118,268,302,892916,6009,663575,3057400
2119,307,299,892609,6017,663874,2946500
2120,288,317,892321,5988,664191,3135600
2121,290,301,892031,5977,664492,2876100
2122,285,312,891746,5950,664804,3128200
2123,284,295,891462,5939,665099,2992800
2124,283,314,891179,5908,665413,3151200
2125,280,284,890899,5904,665697,3037900
2126,309,280,890590,5933,665977,2947200
2127,293,291,890297,5935,666268,2974900
2128,297,311,890000,5921,666579,3203500
2129,338,282,889662,5977,666861,3691200
2130,297,299,889365,5975,667160,2994800
2131,264,310,889101,5929,667470,2868300
2132,303,266,888798,5966,667736,2889800
2133,301,279,888497,5988,668015,3003800
2134,303,311,888194,5980,668326,3081200
2135,295,318,887899,5957,668644,2920800
2136,309,257,887590,6009,668901,2991500
2137,317,314,887273,6012,669215,2938800
2138,304,299,886969,6017,669514,3044900
2139,305,320,886664,6002,669834,2944800
2140,305,297,886359,6010,670131,2863800
2141,304,305,886055,6009,670436,2959700
2142,297,299,885758,6007,670735,2907000
2143,325,306,885433,6026,671041,2925900
2144,311,276,885122,6061,671317,2994500
2145,330,296,884792,6095,671613,3022300
2146,311,287,884481,6119,671900,2844200
2147,325,305,884156,6139,672205,2912700
2148,306,304,883850,6141,672509,3136600
2149,304,302,883546,6143,672811,3016400
2150,300,302,883246,6141,673113,2998000
2151,328,336,882918,6133,673449,2979600
2152,307,300,882611,6140,673749,3202500
2153,305,319,882306,6126,674068,3058700
2154,316,297,881990,6145,674365,3378700
2155,304,274,881686,6175,674639,3067700
2156,307,307,881379,6175,674946,2952900
2157,306,315,881073,6166,675261,3007700
2158,283,308,880790,6141,675569,2990300
2159,305,304,880485,6142,675873,3001000
2160,307,344,880178,6105,676217,2949100
2161,323,299,879855,6129,676516,2923400
2162,279,298,879576,6110,676814,2942900
2163,321,282,879255,6149,677096,2894100
2164,319,294,878936,6174,677390,3006000
2165,298,328,878638,6144,677718,2912800
2166,295,263,878343,6176,677981,3147300
2167,306,294,878037,6188,678275,2941200
2168,309,295,877728,6202,678570,2914200
2169,329,280,877399,6251,678850,3000400
2170,321,311,877078,6261,679161,3021700
2171,303,289,876775,6275,679450,3030300
2172,312,311,876463,6276,679761,3415700
2173,316,292,876147,6300,680053,2894000
2174,329,292,875818,6337,680345,2992400
2175,331,317,875487,6351,680662,2931000
2176,300,321,875187,6330,680983,3042100
2177,317,316,874870,6331,681299,2971500
2178,349,297,874521,6383,681596,3109200
2179,336,316,874185,6403,681912,2832300
2180,317,310,873868,6410,682222,2972300
2181,313,324,873555,6399,682546,2796700
2182,301,311,873254,6389,682857,2855600
2183,316,332,872938,6373,683189,3109000
2184,328,288,872610,6413,683477,3119500
2185,309,304,872301,6418,683781,3261700
2186,322,369,871979,6371,684150,3212500
2187,319,359,871660,6331,684509,3058900
2188,323,298,871337,6356,684807,2936700
2189,282,316,871055,6322,685123,2793300
2190,307,273,870748,6356,685396,2926300
2191,316,302,870432,6370,685698,2789400
2192,291,306,870141,6355,686004,2824400
2193,327,308,869814,6374,686312,3037400
2194,336,336,869478,6374,686648,3037400
2195,303,315,869175,6362,686963,3292600
2196,327,332,868848,6357,687295,3433100
2197,317,315,868531,6359,687610,3520900
2198,348,325,868183,6382,687935,3046300
2199,304,330,867879,6356,688265,3195200
2200,305,324,867574,6337,688589,2941200
2201,300,315,867274,6322,688904,3472600
2202,323,289,866951,6356,689193,3334000
2203,310,313,866641,6353,689506,3058400
2204,300,328,866341,6325,689834,3136500
2205,329,317,866012,6337,690151,3116200
2206,319,345,865693,6311,690496,3209100
2207,309,287,865384,6333,690783,2843300
2208,336,314,865048,6355,691097,3295700
2209,307,313,864741,6349,691410,2970900
2210,301,336,864440,6314,691746,2873600
2211,348,323,864092,6339,692069,2986300
2212,323,289,863769,6373,692358,2865800
2213,338,315,863431,6396,692673,2818000
2214,291,308,863140,6379,692981,3008000
2215,322,326,862818,6375,693307,3454600
2216,334,311,862484,6398,693618,3040300
2217,301,280,862183,6419,693898,3060800
2218,330,337,861853,6412,694235,2861800
2219,323,320,861530,6415,694555,2887400
2220,312,352,861218,6375,694907,3059900
2221,314,335,860904,6354,695242,2948600
2222,345,325,860559,6374,695567,2944700
2223,319,326,860240,6367,695893,3023900
2224,284,322,859956,6329,696215,2912900
2225,295,318,859661,6306,696533,2885300
2226,290,329,859371,6267,696862,3017800
2227,306,338,859065,6235,697200,3068700
2228,333,273,858732,6295,697473,2966200
2229,335,307,858397,6323,697780,2995600
2230,294,320,858103,6297,698100,3049100
2231,299,327,857804,6269,698427,2959000
2232,292,332,857512,6229,698759,2960200
2233,310,320,857202,6219,699079,2978000
2234,300,311,856902,6208,699390,3065500
2235,318,306,856584,6220,699696,2893900
2236,300,302,856284,6218,699998,3055000
2237,317,310,855967,6225,700308,3168400
2238,317,312,855650,6230,700620,3126700
2239,335,330,855315,6235,700950,2979100
2240,298,297,855017,6236,701247,2904800
2241,331,322,854686,6245,701569,2960100
2242,334,292,854352,6287,701861,2928600
2243,288,324,854064,6251,702185,2850000
2244,319,292,853745,6278,702477,3049700
2245,350,276,853395,6352,702753,2847900
2246,299,316,853096,6335,703069,3102700
2247,334,320,852762,6349,703389,2824600
2248,351,309,852411,6391,703698,2842100
2249,329,295,852082,6425,703993,2805400
2250,300,310,851782,6415,704303,3027000
2251,347,327,851435,6435,704630,3128800
2252,351,310,851084,6476,704940,2901900
2253,334,327,850750,6483,705267,2811100
2254,348,334,850402,6497,705601,2870400
2255,338,324,850064,6511,705925,3241100
2256,365,333,849699,6543,706258,3147200
2257,343,322,849356,6564,706580,2838800
2258,325,324,849031,6565,706904,2943700
2259,349,322,848682,6592,707226,3189900
2260,323,334,848359,6581,707560,3026000
2261,358,311,848001,6628,707871,2984800
2262,337,341,847664,6624,708212,2995800
2263,312,329,847352,6607,708541,3105800
2264,312,340,847040,6579,708881,2849800
2265,358,324,846682,6613,709205,3110200
2266,328,311,846354,6630,709516,2986400
2267,328,334,846026,6624,709850,2860600
2268,321,336,845705,6609,710186,3011900
2269,323,335,845382,6597,710521,2898600
2270,299,334,845083,6562,710855,2874400
2271,307,347,844776,6522,711202,2874400
2272,306,313,844470,6515,711515,2918600
2273,325,317,844145,6523,711832,3330900
2274,324,314,843821,6533,712146,2984800
2275,323,308,843498,6548,712454,3192100
2276,303,318,843195,6533,712772,3060600
2277,292,342,842903,6483,713114,3006000
2278,320,300,842583,6503,713414,3044400
2279,306,306,842277,6503,713720,2959900
2280,310,311,841967,6502,714031,3022900
2281,337,295,841630,6544,714326,2969100
2282,307,318,841323,6533,714644,2956300
2283,297,335,841026,6495,714979,2954700
2284,323,278,840703,6540,715257,2919700
2285,318,325,840385,6533,715582,3120400
2286,293,352,840092,6474,715934,2820800
2287,311,346,839781,6439,716280,2855900
2288,303,335,839478,6407,716615,2851400
2289,299,316,839179,6390,716931,2914500
2290,326,329,838853,6387,717260,2874100
2291,311,322,838542,6376,717582,2815700
2292,318,335,838224,6359,717917,3203300
2293,312,293,837912,6378,718210,3896000
2294,322,282,837590,6418,718492,3527500
2295,279,325,837311,6372,718817,3386700
2296,305,335,837006,6342,719152,3170500
2297,307,351,836699,6298,719503,3254800
2298,309,328,836390,6279,719831,3442700
2299,292,332,836098,6239,720163,3488900
2300,289,309,835809,6219,720472,3235500
2301,288,318,835521,6189,720790,3183300
2302,281,316,835240,6154,721106,3141300
2303,319,317,834921,6156,721423,3095200
2304,306,295,834615,6167,721718,3356400
2305,280,329,834335,6118,722047,3372800
2306,283,309,834052,6092,722356,3061700
2307,290,285,833762,6097,722641,3169900
2308,338,291,833424,6144,722932,3044600
2309,298,310,833126,6132,723242,3260100
2310,285,301,832841,6116,723543,2920800
2311,269,334,832572,6051,723877,3011800
2312,317,307,832255,6061,724184,3021400
2313,298,300,831957,6059,724484,3225900
2314,297,315,831660,6041,724799,3009100
2315,306,272,831354,6075,725071,2955400
2316,263,315,831091,6023,725386,3042300
2317,286,321,830805,5988,725707,3034900
2318,315,318,830490,5985,726025,3236200
2319,290,276,830200,5999,726301,3049600
2320,289,317,829911,5971,726618,2995600
2321,335,291,829576,6015,726909,2961000
2322,342,310,829234,6047,727219,2931300
2323,322,295,828912,6074,727514,3048900
2324,288,318,828624,6044,727832,3009300
2325,331,319,828293,6056,728151,2994200
2326,316,285,827977,6087,728436,2890000
2327,336,317,827641,6106,728753,3183000
2328,280,297,827361,6089,729050,3110500
2329,328,305,827033,6112,729355,3062800
2330,336,334,826697,6114,729689,2934000
2331,316,305,826381,6125,729994,3107800
2332,334,318,826047,6141,730312,3003900
2333,315,302,825732,6154,730614,3091300
2334,339,294,825393,6199,730908,3039000
2335,300,284,825093,6215,731192,3013500
2336,297,328,824796,6184,731520,3107600
2337,313,318,824483,6179,731838,3065800
2338,346,317,824137,6208,732155,2977600
2339,299,327,823838,6180,732482,2955800
2340,316,310,823522,6186,732792,3078500
2341,313,324,823209,6175,733116,3015300
2342,344,336,822865,6183,733452,3144000
2343,321,309,822544,6195,733761,2870400
2344,340,320,822204,6215,734081,3201300
2345,334,305,821870,6244,734386,2996500
2346,311,318,821559,6237,734704,3041300
2347,325,326,821234,6236,735030,3103200
2348,332,310,820902,6258,735340,2921000
2349,322,302,820580,6278,735642,3130900
2350,334,306,820246,6306,735948,2937200
2351,325,324,819921,6307,736272,3053800
2352,333,328,819588,6312,736600,3179200
2353,302,312,819286,6302,736912,3046700
2354,298,333,818988,6267,737245,2876900
2355,334,312,818654,6289,737557,3159100
2356,321,279,818333,6331,737836,3097400
2357,355,304,817978,6382,738140,3307600
2358,326,334,817652,6374,738474,3059300
2359,329,294,817323,6409,738768,2934100
2360,335,315,816988,6429,739083,3012700
2361,357,335,816631,6451,739418,3246600
2362,316,331,816315,6436,739749,3037100
2363,304,323,816011,6417,740072,3170600
2364,330,322,815681,6425,740394,3038300
2365,298,309,815383,6414,740703,3121800
2366,349,344,815034,6419,741047,3099800
2367,312,321,814722,6410,741368,3026400
2368,308,319,814414,6399,741687,2980900
2369,307,324,814107,6382,742011,3013300
2370,307,320,813800,6369,742331,3297400
2371,348,314,813452,6403,742645,3084200
2372,328,319,813124,6412,742964,3089600
2373,311,318,812813,6405,743282,3237400
2374,332,321,812481,6416,743603,3655400
2375,321,317,812160,6420,743920,3211800
2376,336,292,811824,6464,744212,3036000
2377,337,312,811487,6489,744524,2918900
2378,336,320,811151,6505,744844,2975200
2379,323,307,810828,6521,745151,3066400
2380,311,321,810517,6511,745472,3111100
2381,326,318,810191,6519,745790,3050800
2382,354,324,809837,6549,746114,3168400
2383,317,327,809520,6539,746441,3117400
2384,335,322,809185,6552,746763,2973300
2385,357,304,808828,6605,747067,3119800
2386,342,294,808486,6653,747361,3350800
2387,347,349,808139,6651,747710,3134300
2388,347,374,807792,6624,748084,3083300
2389,307,316,807485,6615,748400,3094500
2390,319,329,807166,6605,748729,3075100
2391,319,324,806847,6600,749053,3102300
2392,321,335,806526,6586,749388,3037800
2393,323,321,806203,6588,749709,3065300
2394,317,317,805886,6588,750026,3198700
2395,346,296,805540,6638,750322,3152000
2396,324,349,805216,6613,750671,3249900
2397,345,352,804871,6606,751023,3575700
2398,336,334,804535,6608,751357,3625900
2399,340,328,804195,6620,751685,3595800
2400,340,323,803855,6637,752008,3186700
2401,327,339,803528,6625,752347,3197400
2402,313,340,803215,6598,752687,3266400
2403,350,290,802865,6658,752977,3090700
2404,327,369,802538,6616,753346,3178800
2405,318,348,802220,6586,753694,3157900
2406,336,341,801884,6581,754035,3362700
2407,316,327,801568,6570,754362,3235000
2408,303,296,801265,6577,754658,3194700
2409,319,335,800946,6561,754993,3277600
2410,346,333,800600,6574,755326,3217900
2411,349,326,800251,6597,755652,3212600
2412,316,318,799935,6595,755970,3096400
2413,348,359,799587,6584,756329,3229700
2414,349,346,799238,6587,756675,3106200
2415,320,318,798918,6589,756993,3123500
2416,332,325,798586,6596,757318,3066000
2417,353,336,798233,6613,757654,3117000
2418,344,325,797889,6632,757979,3251600
2419,358,307,797531,6683,758286,3158100
2420,362,339,797169,6706,758625,3067300
2421,355,334,796814,6727,758959,3109900
2422,333,337,796481,6723,759296,3069200
2423,373,315,796108,6781,759611,3445000
2424,369,331,795739,6819,759942,3698300
2425,353,331,795386,6841,760273,3392000
2426,356,311,795030,6886,760584,3214800
2427,357,342,794673,6901,760926,3237400
2428,324,380,794349,6845,761306,3131900
2429,353,338,793996,6860,761644,3176100
2430,346,372,793650,6834,762016,3162300
2431,336,355,793314,6815,762371,3645500
2432,347,363,792967,6799,762734,3315100
2433,332,327,792635,6804,763061,3274300
2434,335,335,792300,6804,763396,3028600
2435,306,336,791994,6774,763732,3031200
2436,370,321,791624,6823,764053,3191400
2437,322,335,791302,6810,764388,3257900
2438,331,319,790971,6822,764707,3186900
2439,344,357,790627,6809,765064,3132700
2440,320,357,790307,6772,765421,3112300
2441,345,339,789962,6778,765760,3360800
2442,327,330,789635,6775,766090,3319900
2443,337,368,789298,6744,766458,3261100
2444,309,320,788989,6733,766778,3116500
2445,306,310,788683,6729,767088,3215500
2446,324,336,788359,6717,767424,3132900
2447,304,338,788055,6683,767762,3241100
2448,335,319,787720,6699,768081,3153800
2449,322,307,787398,6714,768388,3321700
2450,333,328,787065,6719,768716,3451800
2451,283,317,786782,6685,769033,3419200
2452,318,315,786464,6688,769348,3421200
2453,328,348,786136,6668,769696,3327600
2454,296,329,785840,6635,770025,3474000
2455,322,310,785518,6647,770335,3528000
2456,315,328,785203,6634,770663,3717800
2457,334,362,784869,6606,771025,3223600
2458,341,342,784528,6605,771367,3156200
2459,333,366,784195,6572,771733,3284000
2460,338,315,783857,6595,772048,3127000
2461,336,326,783521,6605,772374,3301300
2462,331,315,783190,6621,772689,3202600
2463,322,329,782868,6614,773018,3236200
2464,347,353,782521,6608,773371,3159400
2465,375,308,782146,6675,773679,2966900
2466,334,312,781812,6697,773991,3116300
2467,338,368,781474,6667,774359,3060900
2468,314,339,781160,6642,774698,3290700
2469,361,308,780799,6695,775006,3234400
2470,367,322,780432,6740,775328,3407100
2471,337,314,780095,6763,775642,3529400
2472,340,358,779755,6745,776000,3302600
2473,348,357,779407,6736,776357,3370700
2474,344,372,779063,6708,776729,3234200
2475,307,336,778756,6679,777065,3335900
2476,298,342,778458,6635,777407,3140300
2477,357,330,778101,6662,777737,3104600
2478,326,314,777775,6674,778051,3111900
2479,330,313,777445,6691,778364,3051200
2480,365,353,777080,6703,778717,3221600
2481,341,319,776739,6725,779036,4677800
2482,341,354,776398,6712,779390,3166400
2483,356,321,776042,6747,779711,3138600
2484,336,345,775706,6738,780056,3546400
2485,353,322,775353,6769,780378,3310500
2486,337,325,775016,6781,780703,3186900
2487,324,363,774692,6742,781066,3299200
2488,339,343,774353,6738,781409,3198500
2489,356,330,773997,6764,781739,4330300
2490,319,326,773678,6757,782065,4501400
2491,350,337,773328,6770,782402,3397000
2492,347,326,772981,6791,782728,3185600
2493,338,332,772643,6797,783060,3212000
2494,340,332,772303,6805,783392,3089500
2495,330,325,771973,6810,783717,3111300
2496,329,334,771644,6805,784051,4382200
2497,300,327,771344,6778,784378,4433100
2498,362,344,770982,6796,784722,3257600
2499,322,338,770660,6780,785060,3275500
2500,317,352,770343,6745,785412,3151500
2501,318,350,770025,6713,785762,8546800
2502,316,347,769709,6682,786109,3256600
2503,332,322,769377,6692,786431,3213700
2504,313,325,769064,6680,786756,14651200
2505,335,328,768729,6687,787084,4053000
2506,326,357,768403,6656,787441,3680600
2507,322,324,768081,6654,787765,3708400
2508,321,349,767760,6626,788114,3879400
2509,319,326,767441,6619,788440,3251400
2510,292,345,767149,6566,788785,3672100
2511,331,329,766818,6568,789114,3445800
2512,321,323,766497,6566,789437,3098200
2513,327,287,766170,6606,789724,3586700
2514,293,325,765877,6574,790049,3110900
2515,307,344,765570,6537,790393,3524600
2516,299,329,765271,6507,790722,3310000
2517,335,323,764936,6519,791045,3117400
2518,321,338,764615,6502,791383,3372400
2519,321,359,764294,6464,791742,3368700
2520,313,307,763981,6470,792049,3561200
2521,318,329,763663,6459,792378,3148900
2522,312,322,763351,6449,792700,3082500
2523,327,317,763024,6459,793017,3081100
2524,317,313,762707,6463,793330,3060400
2525,302,307,762405,6458,793637,3238200
2526,319,349,762086,6428,793986,3123000
2527,320,306,761766,6442,794292,3221000
2528,341,323,761425,6460,794615,3014700
2529,339,318,761086,6481,794933,3028000
2530,350,338,760736,6493,795271,3221500
2531,325,315,760411,6503,795586,3076100
2532,330,330,760081,6503,795916,3135700
2533,334,325,759747,6512,796241,3057300
2534,337,318,759410,6531,796559,3358900
2535,300,346,759110,6485,796905,3366400
2536,352,340,758758,6497,797245,3251100
2537,337,332,758421,6502,797577,3047900
2538,355,354,758066,6503,797931,3155200
2539,331,332,757735,6502,798263,3563000
2540,366,333,757369,6535,798596,3630200
2541,330,334,757039,6531,798930,3109100
2542,353,297,756686,6587,799227,3189500
2543,314,329,756372,6572,799556,3071100
2544,349,371,756023,6550,799927,3655800
2545,315,351,755708,6514,800278,3089300
2546,356,333,755352,6537,800611,3197300
2547,313,344,755039,6506,800955,3157500
2548,333,321,754706,6518,801276,3003900
2549,337,344,754369,6511,801620,3448000
2550,325,308,754044,6528,801928,3249100
2551,341,337,753703,6532,802265,3383900
2552,327,296,753376,6563,802561,3220400
2553,313,328,753063,6548,802889,3151400
2554,343,284,752720,6607,803173,3150600
2555,345,366,752375,6586,803539,2944400
2556,325,334,752050,6577,803873,2774300
2557,360,328,751690,6609,804201,2821200
2558,359,342,751331,6626,804543,2887600
2559,347,345,750984,6628,804888,3041600
2560,367,327,750617,6668,805215,2813500
2561,371,368,750246,6671,805583,2846000
2562,372,344,749874,6699,805927,2903700
2563,351,352,749523,6698,806279,2823100
2564,333,383,749190,6648,806662,2841400
2565,344,345,748846,6647,807007,2822700
2566,332,316,748514,6663,807323,2868600
2567,347,333,748167,6677,807656,2885700
2568,297,357,747870,6617,808013,3235200
2569,365,325,747505,6657,808338,2922400
2570,327,355,747178,6629,808693,3110000
2571,328,326,746850,6631,809019,2858400
2572,343,354,746507,6620,809373,2827400
2573,327,322,746180,6625,809695,3082800
2574,338,340,745842,6623,810035,3328600
2575,315,339,745527,6599,810374,3032900
2576,325,331,745202,6593,810705,2790600
2577,322,314,744880,6601,811019,3160900
2578,325,335,744555,6591,811354,3208200
2579,345,348,744210,6588,811702,3064600
2580,321,334,743889,6575,812036,3094500
2581,333,317,743556,6591,812353,3328400
2582,355,319,743201,6627,812672,2879500
2583,346,321,742855,6652,812993,2934800
2584,351,319,742504,6684,813312,2919900
2585,366,353,742138,6697,813665,2918400
2586,323,333,741815,6687,813998,3064800
2587,345,336,741470,6696,814334,2998900
2588,340,333,741130,6703,814667,3197800
2589,354,314,740776,6743,814981,2992600
2590,333,329,740443,6747,815310,2925500
2591,370,358,740073,6759,815668,3053900
2592,346,304,739727,6801,815972,2812700
2593,310,371,739417,6740,816343,2915200
2594,346,342,739071,6744,816685,2836700
2595,315,339,738756,6720,817024,2834000
2596,332,359,738424,6693,817383,2963500
2597,332,322,738092,6703,817705,3021100
2598,356,338,737736,6721,818043,2936800
2599,316,349,737420,6688,818392,2895200
2600,349,320,737071,6717,818712,2871700
2601,357,337,736714,6737,819049,2890300
2602,340,314,736374,6763,819363,2830300
2603,327,326,736047,6764,819689,2909000
2604,332,333,735715,6763,820022,2853100
2605,354,351,735361,6766,820373,2980500
2606,339,347,735022,6758,820720,2796500
2607,347,339,734675,6766,821059,3090200
2608,345,333,734330,6778,821392,3033400
2609,333,331,733997,6780,821723,3020000
2610,315,317,733682,6778,822040,2860500
2611,328,362,733354,6744,822402,3107300
2612,325,332,733029,6737,822734,3098600
2613,366,341,732663,6762,823075,3046500
2614,346,321,732317,6787,823396,3056600
2615,323,330,731994,6780,823726,3253200
2616,323,347,731671,6756,824073,3183500
2617,322,319,731349,6759,824392,2876300
2618,313,338,731036,6734,824730,2904600
2619,321,333,730715,6722,825063,3121400
2620,315,311,730400,6726,825374,2958500
2621,319,318,730081,6727,825692,2883500
2622,305,311,729776,6721,826003,2882600
2623,326,354,729450,6693,826357,2938900
2624,327,310,729123,6710,826667,2833600
2625,337,371,728786,6676,827038,3190400
2626,327,329,728459,6674,827367,3072600
2627,339,351,728120,6662,827718,3333400
2628,331,324,727789,6669,828042,3036600
2629,313,325,727476,6657,828367,3142800
2630,329,334,727147,6652,828701,2891000
2631,345,298,726802,6699,828999,2807400
2632,306,325,726496,6680,829324,2806900
2633,336,319,726160,6697,829643,3074200
2634,330,344,725830,6683,829987,2908100
2635,314,328,725516,6669,830315,3141800
2636,312,340,725204,6641,830655,2892900
2637,330,332,724874,6639,830987,2860700
2638,325,339,724549,6625,831326,3026000
2639,301,351,724248,6575,831677,2870100
2640,336,328,723912,6583,832005,2835500
2641,325,346,723587,6562,832351,2974800
2642,328,314,723259,6576,832665,2762000
2643,284,300,722975,6560,832965,3022800
2644,347,343,722628,6564,833308,3077600
2645,306,338,722322,6532,833646,3022100
2646,303,304,722019,6531,833950,2902800
2647,325,308,721694,6548,834258,2849500
2648,336,350,721358,6534,834608,3104700
2649,336,314,721022,6556,834922,3243700
2650,334,313,720688,6577,835235,3099300
2651,345,314,720343,6608,835549,3094100
2652,319,310,720024,6617,835859,3124000
2653,340,338,719684,6619,836197,3048200
2654,334,331,719350,6622,836528,3301400
2655,333,372,719017,6583,836900,3378700
2656,336,304,718681,6615,837204,3292100
2657,315,307,718366,6623,837511,3375500
2658,341,329,718025,6635,837840,3531800
2659,314,363,717711,6586,838203,3273500
2660,325,340,717386,6571,838543,3305600
2661,322,337,717064,6556,838880,3700300
2662,324,328,716740,6552,839208,3463700
2663,345,310,716395,6587,839518,3092300
2664,334,350,716061,6571,839868,3306500
2665,330,342,715731,6559,840210,3046800
2666,320,324,715411,6555,840534,3097300
2667,321,340,715090,6536,840874,3235900
2668,329,319,714761,6546,841193,3780600
2669,309,346,714452,6509,841539,3555700
2670,306,323,714146,6492,841862,3580500
2671,317,303,713829,6506,842165,3268400
2672,304,353,713525,6457,842518,3536000
2673,307,306,713218,6458,842824,3401700
2674,286,328,712932,6416,843152,3433300
2675,323,322,712609,6417,843474,3663100
2676,302,331,712307,6388,843805,3480800
2677,329,323,711978,6394,844128,3275000
2678,293,325,711685,6362,844453,3517400
2679,328,329,711357,6361,844782,3411500
2680,327,303,711030,6385,845085,3423600
2681,342,315,710688,6412,845400,3689400
2682,329,327,710359,6414,845727,3408000
2683,361,318,709998,6457,846045,3865000
2684,315,305,709683,6467,846350,4365100
2685,361,333,709322,6495,846683,3439200
2686,320,299,709002,6516,846982,3118200
2687,333,319,708669,6530,847301,3015500
2688,349,331,708320,6548,847632,2924500
2689,339,314,707981,6573,847946,2906100
2690,347,305,707634,6615,848251,2918200
2691,331,323,707303,6623,848574,3020400
2692,302,349,707001,6576,848923,3161900
2693,335,352,706666,6559,849275,2927800
2694,315,323,706351,6551,849598,2950900
2695,321,331,706030,6541,849929,3106900
2696,338,352,705692,6527,850281,3751400
2697,328,313,705364,6542,850594,3220100
2698,353,339,705011,6556,850933,3182400
2699,325,320,704686,6561,851253,4166500
2700,308,350,704378,6519,851603,3134200
2701,328,280,704050,6567,851883,3109200
2702,359,321,703691,6605,852204,3146100
2703,335,309,703356,6631,852513,3101100
2704,364,349,702992,6646,852862,3180800
2705,325,369,702667,6602,853231,3258600
2706,318,365,702349,6555,853596,3176100
2707,313,322,702036,6546,853918,3071200
2708,369,326,701667,6589,854244,2970500
2709,314,310,701353,6593,854554,3329900
2710,335,336,701018,6592,854890,3243700
2711,320,320,700698,6592,855210,3468200
2712,347,358,700351,6581,855568,3346600
2713,347,338,700004,6590,855906,3339900
2714,312,308,699692,6594,856214,3363300
2715,339,334,699353,6599,856548,3522100
2716,335,350,699018,6584,856898,3536900
2717,332,347,698686,6569,857245,3766500
2718,345,300,698341,6614,857545,3412100
2719,354,297,697987,6671,857842,3156900
2720,336,308,697651,6699,858150,3210300
2721,302,297,697349,6704,858447,3371900
2722,341,327,697008,6718,858774,3200700
2723,351,327,696657,6742,859101,3203300
2724,330,354,696327,6718,859455,3225900
2725,317,359,696010,6676,859814,3110200
2726,334,349,695676,6661,860163,3099000
2727,331,311,695345,6681,860474,3201000
2728,332,337,695013,6676,860811,3500100
2729,353,362,694660,6667,861173,3162900
2730,346,379,694314,6634,861552,3133700
2731,335,311,693979,6658,861863,3123400
2732,353,379,693626,6632,862242,3281700
2733,341,303,693285,6670,862545,3317600
2734,341,347,692944,6664,862892,3329000
2735,354,337,692590,6681,863229,3409600
2736,337,355,692253,6663,863584,3362400
2737,341,330,691912,6674,863914,3311300
2738,376,312,691536,6738,864226,3501000
2739,368,359,691168,6747,864585,3185600
2740,352,352,690816,6747,864937,3528000
2741,346,330,690470,6763,865267,3571600
2742,341,341,690129,6763,865608,3495000
2743,353,355,689776,6761,865963,3696900
2744,343,313,689433,6791,866276,3439400
2745,325,351,689108,6765,866627,3512000
2746,344,348,688764,6761,866975,3523400
2747,311,348,688453,6724,867323,3423700
2748,329,351,688124,6702,867674,3321800
2749,327,332,687797,6697,868006,3531800
2750,332,324,687465,6705,868330,3735500
2751,331,309,687134,6727,868639,3387200
2752,341,331,686793,6737,868970,3619000
2753,319,311,686474,6745,869281,3414100
2754,346,343,686128,6748,869624,3498000
2755,320,341,685808,6727,869965,3251700
2756,330,335,685478,6722,870300,3263200
2757,316,325,685162,6713,870625,3279500
2758,320,324,684842,6709,870949,3511800
2759,322,317,684520,6714,871266,3532200
2760,322,332,684198,6704,871598,3647800
2761,331,342,683867,6693,871940,3469900
2762,336,316,683531,6713,872256,3308100
2763,324,336,683207,6701,872592,3394700
2764,324,328,682883,6697,872920,4027200
2765,342,304,682541,6735,873224,3375900
2766,304,365,682237,6674,873589,3311200
2767,314,357,681923,6631,873946,3264300
2768,336,325,681587,6642,874271,3383400
2769,337,330,681250,6649,874601,3585300
2770,354,328,680896,6675,874929,3496500
2771,341,344,680555,6672,875273,3381100
2772,337,326,680218,6683,875599,3352900
2773,311,335,679907,6659,875934,3646300
2774,351,351,679556,6659,876285,3662500
2775,350,366,679206,6643,876651,3606500
2776,355,348,678851,6650,876999,3242800
2777,361,340,678490,6671,877339,3387500
2778,353,332,678137,6692,877671,3292200
2779,318,331,677819,6679,878002,3368700
2780,315,334,677504,6660,878336,3373600
2781,321,340,677183,6641,878676,3222600
2782,332,288,676851,6685,878964,3439900
2783,319,343,676532,6661,879307,3348200
2784,339,350,676193,6650,879657,3560300
2785,335,338,675858,6647,879995,3858100
2786,300,336,675558,6611,880331,3852000
2787,320,351,675238,6580,880682,3473700
2788,299,345,674939,6534,881027,3356500
2789,337,319,674602,6552,881346,3862900
2790,330,330,674272,6552,881676,3588700
2791,332,327,673940,6557,882003,3703800
2792,335,322,673605,6570,882325,3596000
2793,346,326,673259,6590,882651,3337600
2794,320,338,672939,6572,882989,3465200
2795,341,339,672598,6574,883328,3532500
2796,351,313,672247,6612,883641,3568500
2797,347,323,671900,6636,883964,3466100
2798,350,309,671550,6677,884273,3228700
2799,353,341,671197,6689,884614,3302900
2800,333,353,670864,6669,884967,3520800
2801,346,305,670518,6710,885272,3748700
2802,350,327,670168,6733,885599,3659700
2803,339,324,669829,6748,885923,3316500
2804,327,331,669502,6744,886254,3385000
2805,309,338,669193,6715,886592,3500500
2806,327,370,668866,6672,886962,3367000
2807,301,336,668565,6637,887298,3804400
2808,339,381,668226,6595,887679,3905600
2809,326,320,667900,6601,887999,3447000
2810,343,339,667557,6605,888338,3680400
2811,330,277,667227,6658,888615,3520900
2812,349,319,666878,6688,888934,3503800
2813,343,351,666535,6680,889285,3448500
2814,322,358,666213,6644,889643,3603700
2815,352,321,665861,6675,889964,3586800
2816,351,346,665510,6680,890310,3435200
2817,338,309,665172,6709,890619,3756400
2818,324,363,664848,6670,890982,3799800
2819,316,345,664532,6641,891327,3495200
2820,302,346,664230,6597,891673,3404800
2821,340,340,663890,6597,892013,3656700
2822,351,350,663539,6598,892363,3393200
2823,363,357,663176,6604,892720,3590400
2824,348,326,662828,6626,893046,3383000
2825,352,334,662476,6644,893380,3461400
2826,335,337,662141,6642,893717,3431700
2827,363,326,661778,6679,894043,3406300
2828,347,328,661431,6698,894371,3117700
2829,321,326,661110,6693,894697,3112400
2830,359,344,660751,6708,895041,3092100
2831,345,352,660406,6701,895393,3158800
2832,352,343,660054,6710,895736,3461900
2833,356,342,659698,6724,896078,3158900
2834,339,342,659359,6721,896420,3037900
2835,321,331,659038,6711,896751,3077500
2836,363,331,658675,6743,897082,3533500
2837,339,374,658336,6708,897456,3266500
2838,375,304,657961,6779,897760,3134600
2839,346,322,657615,6803,898082,3153200
2840,344,350,657271,6797,898432,3238900
2841,333,322,656938,6808,898754,3214500
2842,349,363,656589,6794,899117,3498700
2843,354,335,656235,6813,899452,3241000
2844,356,337,655879,6832,899789,3142900
2845,331,318,655548,6845,900107,3171700
2846,323,336,655225,6832,900443,3113100
2847,367,361,654858,6838,900804,3166200
2848,342,333,654516,6847,901137,3376200
2849,351,337,654165,6861,901474,3346700
2850,316,353,653849,6824,901827,3400700
2851,355,321,653494,6858,902148,3668700
2852,337,351,653157,6844,902499,3211900
2853,334,344,652823,6834,902843,3201500
2854,341,318,652482,6857,903161,3872200
2855,348,355,652134,6850,903516,3462800
2856,319,323,651815,6846,903839,3493400
2857,364,330,651451,6880,904169,3159400
2858,295,343,651156,6832,904512,3492600
2859,347,345,650809,6834,904857,3108800
2860,342,346,650467,6830,905203,3011400
2861,344,355,650123,6819,905558,2996900
2862,330,332,649793,6817,905890,3049300
2863,334,333,649459,6818,906223,3098600
2864,359,335,649100,6842,906558,3285300
2865,358,339,648742,6861,906897,3194300
2866,373,346,648369,6888,907243,3056400
2867,323,290,648046,6921,907533,3010000
2868,361,370,647685,6912,907903,2971200
2869,346,382,647339,6876,908285,3247900
2870,335,349,647004,6862,908634,3131700
2871,323,356,646681,6829,908990,3164700
2872,344,362,646337,6811,909352,3124200
2873,322,350,646015,6783,909702,3351300
2874,360,315,645655,6828,910017,3206400
2875,343,340,645312,6831,910357,3181800
2876,325,319,644987,6837,910676,3141600
2877,349,329,644638,6857,911005,3004700
2878,344,354,644294,6847,911359,3140000
2879,365,300,643929,6912,911659,3229800
2880,380,344,643549,6948,912003,3121200
2881,346,357,643203,6937,912360,3164300
2882,328,351,642875,6914,912711,3092500
2883,361,377,642514,6898,913088,2983400
2884,345,329,642169,6914,913417,3102400
2885,367,357,641802,6924,913774,3053600
2886,338,327,641464,6935,914101,3007800
2887,368,362,641096,6941,914463,3100200
2888,365,350,640731,6956,914813,3067900
2889,369,308,640362,7017,915121,3155600
2890,347,331,640015,7033,915452,3415200
2891,342,331,639673,7044,915783,3209100
2892,334,376,639339,7002,916159,3195400
2893,322,337,639017,6987,916496,3331400
2894,349,341,638668,6995,916837,3725600
2895,358,371,638310,6982,917208,3388000
2896,333,344,637977,6971,917552,3435700
2897,355,351,637622,6975,917903,3327000
2898,306,340,637316,6941,918243,3286300
2899,358,328,636958,6971,918571,3374800
2900,327,348,636631,6950,918919,3224200
2901,314,359,636317,6905,919278,3216700
2902,361,327,635956,6939,919605,3240300
2903,356,338,635600,6957,919943,3170900
2904,345,355,635255,6947,920298,3150700
2905,360,338,634895,6969,920636,3219600
2906,361,360,634534,6970,920996,3229800
2907,325,351,634209,6944,921347,3361200
2908,352,374,633857,6922,921721,3312800
2909,381,350,633476,6953,922071,3592700
2910,348,333,633128,6968,922404,3229200
2911,336,335,632792,6969,922739,3237400
2912,387,379,632405,6977,923118,3263200
2913,350,354,632055,6973,923472,3306300
2914,348,352,631707,6969,923824,3250600
2915,345,327,631362,6987,924151,3203600
2916,347,371,631015,6963,924522,3172300
2917,354,322,630661,6995,924844,3242900
2918,351,361,630310,6985,925205,3306400
2919,345,331,629965,6999,925536,3094200
2920,327,328,629638,6998,925864,3196000
2921,334,360,629304,6972,926224,3163500
2922,369,351,628935,6990,926575,3212800
2923,367,348,628568,7009,926923,3204800
2924,324,353,628244,6980,927276,3130600
2925,339,349,627905,6970,927625,3377600
2926,373,341,627532,7002,927966,3135400
2927,344,342,627188,7004,928308,3284100
2928,352,359,626836,6997,928667,3159300
2929,337,355,626499,6979,929022,3545200
2930,377,348,626122,7008,929370,3293500
2931,369,342,625753,7035,929712,3201900
2932,362,354,625391,7043,930066,3076800
2933,393,366,624998,7070,930432,3240700
2934,360,346,624638,7084,930778,3286300
2935,349,359,624289,7074,931137,3158100
2936,344,359,623945,7059,931496,3190900
2937,357,354,623588,7062,931850,3221400
2938,348,397,623240,7013,932247,3128400
2939,354,308,622886,7059,932555,3022900
2940,375,359,622511,7075,932914,3179000
2941,351,370,622160,7056,933284,3171100
2942,364,326,621796,7094,933610,3308900
2943,359,321,621437,7132,933931,3134400
2944,353,330,621084,7155,934261,3093400
2945,349,377,620735,7127,934638,2986800
2946,345,367,620390,7105,935005,2965300
2947,351,377,620039,7079,935382,3111100
2948,335,375,619704,7039,935757,2953600
2949,332,360,619372,7011,936117,3026500
2950,339,364,619033,6986,936481,2970100
2951,328,343,618705,6971,936824,3201700
2952,352,339,618353,6984,937163,3010700
2953,324,349,618029,6959,937512,2981100
2954,351,358,617678,6952,937870,3100100
2955,336,339,617342,6949,938209,3017000
2956,325,355,617017,6919,938564,3134200
2957,342,326,616675,6935,938890,3030800
2958,320,316,616355,6939,939206,3093300
2959,330,348,616025,6921,939554,2926100
2960,365,371,615660,6915,939925,2959200
2961,340,332,615320,6923,940257,3062000
2962,377,320,614943,6980,940577,2962200
2963,350,343,614593,6987,940920,3100000
2964,356,347,614237,6996,941267,3047600
2965,329,360,613908,6965,941627,2976800
2966,349,375,613559,6939,942002,3020000
2967,330,337,613229,6932,942339,3034000
2968,337,335,612892,6934,942674,3163800
2969,340,339,612552,6935,943013,3370000
2970,329,325,612223,6939,943338,3271400
2971,349,350,611874,6938,943688,3537700
2972,336,332,611538,6942,944020,3476600
2973,365,352,611173,6955,944372,3482000
2974,360,337,610813,6978,944709,3617600
2975,358,354,610455,6982,945063,3614200
2976,391,338,610064,7035,945401,3904500
2977,366,342,609698,7059,945743,3891900
2978,364,370,609334,7053,946113,3282100
2979,357,355,608977,7055,946468,3206200
2980,363,320,608614,7098,946788,3190300
2981,354,368,608260,7084,947156,3490400
2982,335,376,607925,7043,947532,3452800
2983,342,385,607583,7000,947917,3846300
2984,368,368,607215,7000,948285,3332600
2985,372,365,606843,7007,948650,3338100
2986,357,346,606486,7018,948996,3310100
2987,336,365,606150,6989,949361,3289400
2988,361,359,605789,6991,949720,3281500
2989,341,359,605448,6973,950079,3270500
2990,327,364,605121,6936,950443,3218000
2991,312,374,604809,6874,950817,3561500
2992,329,344,604480,6859,951161,3086300
2993,332,351,604148,6840,951512,2977000
2994,341,345,603807,6836,951857,2928500
2995,332,345,603475,6823,952202,3297200
2996,332,317,603143,6838,952519,3169000
2997,327,350,602816,6815,952869,3144700
2998,331,352,602485,6794,953221,3088200
2999,366,322,602119,6838,953543,3192500
3000,330,328,601789,6840,953871,3353500
3001,351,331,601438,6860,954202,3037300
3002,349,340,601089,6869,954542,3068500
3003,330,364,600759,6835,954906,3063300
3004,357,363,600402,6829,955269,3093000
3005,359,350,600043,6838,955619,3252500
3006,370,357,599673,6851,955976,3055600
3007,346,348,599327,6849,956324,3021700
3008,365,350,598962,6864,956674,3150600
3009,348,319,598614,6893,956993,3091500
3010,342,356,598272,6879,957349,3285900
3011,351,369,597921,6861,957718,3074600
3012,361,345,597560,6877,958063,3070500
3013,374,322,597186,6929,958385,3068400
3014,321,323,596865,6927,958708,3063500
3015,351,371,596514,6907,959079,3123600
3016,388,369,596126,6926,959448,3078700
3017,383,305,595743,7004,959753,3127900
3018,331,354,595412,6981,960107,3407600
3019,338,342,595074,6977,960449,3093100
3020,367,315,594707,7029,960764,3193900
3021,306,343,594401,6992,961107,3058700
3022,362,364,594039,6990,961471,3131600
3023,338,359,593701,6969,961830,3206400
3024,335,368,593366,6936,962198,3278600
3025,342,313,593024,6965,962511,3295100
3026,343,353,592681,6955,962864,3462800
3027,373,362,592308,6966,963226,3152200
3028,385,341,591923,7010,963567,3080900
3029,358,363,591565,7005,963930,3096300
3030,339,346,591226,6998,964276,3140200
3031,368,348,590858,7018,964624,3039300
3032,382,367,590476,7033,964991,3028300
3033,351,377,590125,7007,965368,3012200
3034,344,353,589781,6998,965721,3067000
3035,376,315,589405,7059,966036,3041100
3036,362,384,589043,7037,966420,2988000
3037,385,343,588658,7079,966763,3105700
3038,354,337,588304,7096,967100,3246800
3039,376,384,587928,7088,967484,3432700
3040,333,323,587595,7098,967807,3150700
3041,354,357,587241,7095,968164,3287800
3042,397,349,586844,7143,968513,3055200
3043,347,342,586497,7148,968855,3181800
3044,371,384,586126,7135,969239,3442900
3045,345,380,585781,7100,969619,3129900
3046,339,372,585442,7067,969991,3074800
3047,344,350,585098,7061,970341,3063800
3048,347,344,584751,7064,970685,3116900
3049,326,371,584425,7019,971056,3170300
3050,336,380,584089,6975,971436,3267700
3051,360,349,583729,6986,971785,3094500
3052,344,344,583385,6986,972129,3381000
3053,350,356,583035,6980,972485,3352700
3054,329,350,582706,6959,972835,3193300
3055,367,339,582339,6987,973174,3122500
3056,349,350,581990,6986,973524,3214500
3057,311,372,581679,6925,973896,3188000
3058,319,335,581360,6909,974231,3387000
3059,312,375,581048,6846,974606,3256700
3060,331,349,580717,6828,974955,3305000
3061,335,340,580382,6823,975295,3289400
3062,350,342,580032,6831,975637,3191200
3063,372,315,579660,6888,975952,3555300
3064,355,359,579305,6884,976311,3184900
3065,391,323,578914,6952,976634,3428900
3066,338,332,578576,6958,976966,3545000
3067,348,341,578228,6965,977307,3355400
3068,373,366,577855,6972,977673,3294800
3069,352,358,577503,6966,978031,3255600
3070,374,351,577129,6989,978382,3255100
3071,344,309,576785,7024,978691,3220500
3072,332,357,576453,6999,979048,3425900
3073,354,319,576099,7034,979367,3197400
3074,381,366,575718,7049,979733,3241700
3075,380,355,575338,7074,980088,3253700
3076,356,351,574982,7079,980439,3174200
3077,375,344,574607,7110,980783,3364400
3078,388,371,574219,7127,981154,3405400
3079,361,346,573858,7142,981500,3470700
3080,346,347,573512,7141,981847,3453000
3081,356,363,573156,7134,982210,3227100
3082,355,340,572801,7149,982550,3219300
3083,382,361,572419,7170,982911,3284900
3084,366,380,572053,7156,983291,3190700
3085,366,366,571687,7156,983657,3224600
3086,356,380,571331,7132,984037,3251800
3087,361,367,570970,7126,984404,3174200
3088,358,317,570612,7167,984721,3232800
3089,368,366,570244,7169,985087,3204300
3090,340,352,569904,7157,985439,3104900
3091,357,367,569547,7147,985806,3116800
3092,357,377,569190,7127,986183,3209300
3093,349,357,568841,7119,986540,3069600
3094,344,319,568497,7144,986859,3144800
3095,360,342,568137,7162,987201,3129000
3096,347,385,567790,7124,987586,3249300
3097,353,362,567437,7115,987948,3230900
3098,315,372,567122,7058,988320,3162500
3099,375,347,566747,7086,988667,3297700
3100,341,329,566406,7098,988996,3393900
3101,343,355,566063,7086,989351,3080500
3102,377,370,565686,7093,989721,3215500
3103,334,349,565352,7078,990070,3126400
3104,343,362,565009,7059,990432,3343400
3105,322,332,564687,7049,990764,3130700
3106,350,320,564337,7079,991084,3184500
3107,346,380,563991,7045,991464,3169900
3108,365,360,563626,7050,991824,3198300
3109,368,367,563258,7051,992191,3187100
3110,364,358,562894,7057,992549,3261100
3111,332,368,562562,7021,992917,3327800
3112,361,334,562201,7048,993251,3201500
3113,364,344,561837,7068,993595,3112600
3114,365,346,561472,7087,993941,3007200
3115,360,393,561112,7054,994334,3068700
3116,388,373,560724,7069,994707,3288200
3117,360,350,560364,7079,995057,3146700
3118,364,333,560000,7110,995390,3272500
3119,381,367,559619,7124,995757,3097700
3120,371,336,559248,7159,996093,3324800
3121,355,343,558893,7171,996436,3576800
3122,381,378,558512,7174,996814,3191400
3123,366,390,558146,7150,997204,3125200
3124,362,358,557784,7154,997562,3213000
3125,378,375,557406,7157,997937,3147400
3126,376,375,557030,7158,998312,3176300
3127,340,356,556690,7142,998668,3120500
3128,368,327,556322,7183,998995,3094300
3129,346,351,555976,7178,999346,3070700
3130,405,372,555571,7211,999718,3101900
3131,418,374,555153,7255,1000092,3125800
3132,353,350,554800,7258,1000442,3036200
3133,383,371,554417,7270,1000813,2958500
3134,369,379,554048,7260,1001192,3124700
3135,338,389,553710,7209,1001581,3016400
3136,336,388,553374,7157,1001969,3389200
3137,361,348,553013,7170,1002317,3198800
3138,363,367,552650,7166,1002684,3340700
3139,350,382,552300,7134,1003066,3165600
3140,330,367,551970,7097,1003433,3231400
3141,356,334,551614,7119,1003767,3484200
3142,357,355,551257,7121,1004122,3279300
3143,330,361,550927,7090,1004483,3114800
3144,335,373,550592,7052,1004856,3140600
3145,336,333,550256,7055,1005189,3273300
3146,321,366,549935,7010,1005555,3314400
3147,379,329,549556,7060,1005884,3672700
3148,360,325,549196,7095,1006209,3207700
3149,338,343,548858,7090,1006552,3335100
3150,342,354,548516,7078,1006906,3188500
3151,347,326,548169,7099,1007232,3233800
3152,331,361,547838,7069,1007593,3409700
3153,372,363,547466,7078,1007956,3252100
3154,343,336,547123,7085,1008292,3187400
3155,351,365,546772,7071,1008657,3262300
3156,317,357,546455,7031,1009014,3403700
3157,342,350,546113,7023,1009364,3622300
3158,392,340,545721,7075,1009704,3467600
3159,352,382,545369,7045,1010086,3326600
3160,354,343,545015,7056,1010429,3141900
3161,360,349,544655,7067,1010778,3174300
3162,367,348,544288,7086,1011126,3495400
3163,345,339,543943,7092,1011465,3564900
3164,376,355,543567,7113,1011820,3652100
3165,374,348,543193,7139,1012168,3250600
3166,334,383,542859,7090,1012551,3226900
3167,355,366,542504,7079,1012917,3362400
3168,339,370,542165,7048,1013287,3279200
3169,317,343,541848,7022,1013630,3540500
3170,345,374,541503,6993,1014004,3429700
3171,331,349,541172,6975,1014353,3942000
3172,338,343,540834,6970,1014696,3361800
3173,344,364,540490,6950,1015060,3585300
3174,367,358,540123,6959,1015418,3621500
3175,368,334,539755,6993,1015752,3614600
3176,357,344,539398,7006,1016096,4067100
3177,350,352,539048,7004,1016448,3436600
3178,363,324,538685,7043,1016772,3485600
3179,361,387,538324,7017,1017159,3861800
3180,376,351,537948,7042,1017510,3481900
3181,352,355,537596,7039,1017865,3623900
3182,359,375,537237,7023,1018240,3506100
3183,377,341,536860,7059,1018581,3498500
3184,371,398,536489,7032,1018979,3458200
3185,333,390,536156,6975,1019369,3546700
3186,387,346,535769,7016,1019715,3442100
3187,354,351,535415,7019,1020066,3608100
3188,368,350,535047,7037,1020416,3219200
3189,354,365,534693,7026,1020781,3257700
3190,370,347,534323,7049,1021128,3327200
3191,328,353,533995,7024,1021481,3211500
3192,385,354,533610,7055,1021835,3742400
3193,346,345,533264,7056,1022180,3753000
3194,375,359,532889,7072,1022539,3801500
3195,346,321,532543,7097,1022860,3894900
3196,353,379,532190,7071,1023239,4220400
3197,345,365,531845,7051,1023604,3684000
3198,403,347,531442,7107,1023951,3665800
3199,401,351,531041,7157,1024302,3665500
3200,367,353,530674,7171,1024655,3457300
3201,393,340,530281,7224,1024995,3254000
3202,384,357,529897,7251,1025352,3848600
3203,354,351,529543,7254,1025703,3556800
3204,373,364,529170,7263,1026067,3593500
3205,376,369,528794,7270,1026436,3415800
3206,376,343,528418,7303,1026779,3566500
3207,371,387,528047,7287,1027166,3514400
3208,365,340,527682,7312,1027506,3385200
3209,366,393,527316,7285,1027899,3576600
3210,355,359,526961,7281,1028258,3584400
3211,399,387,526562,7293,1028645,3440300
3212,376,384,526186,7285,1029029,3679500
3213,387,376,525799,7296,1029405,3639200
3214,374,378,525425,7292,1029783,3388900
3215,397,380,525028,7309,1030163,3315200
3216,363,393,524665,7279,1030556,3520900
3217,353,355,524312,7277,1030911,3938200
3218,414,372,523898,7319,1031283,3769800
3219,375,381,523523,7313,1031664,3505500
3220,379,362,523144,7330,1032026,4158000
3221,389,384,522755,7335,1032410,3691300
3222,374,365,522381,7344,1032775,3326800
3223,363,350,522018,7357,1033125,3518000
3224,369,385,521649,7341,1033510,3488900
3225,354,360,521295,7335,1033870,3367700
3226,390,371,520905,7354,1034241,3685300
3227,362,378,520543,7338,1034619,3191500
3228,365,400,520178,7303,1035019,3242300
3229,354,323,519824,7334,1035342,3325800
3230,378,368,519446,7344,1035710,3832000
3231,340,388,519106,7296,1036098,3678200
3232,373,373,518733,7296,1036471,3742000
3233,357,357,518376,7296,1036828,3489400
3234,353,364,518023,7285,1037192,3322000
3235,348,374,517675,7259,1037566,3384500
3236,355,361,517320,7253,1037927,3412500
3237,328,380,516992,7201,1038307,3414000
3238,378,366,516614,7213,1038673,3598600
3239,357,331,516257,7239,1039004,3623100
3240,369,344,515888,7264,1039348,3644300
3241,385,367,515503,7282,1039715,3325600
3242,338,371,515165,7249,1040086,3257300
3243,350,340,514815,7259,1040426,3323500
3244,378,375,514437,7262,1040801,3154600
3245,346,343,514091,7265,1041144,3203500
3246,329,347,513762,7247,1041491,3430700
3247,316,343,513446,7220,1041834,3379300
3248,373,390,513073,7203,1042224,3109000
3249,348,372,512725,7179,1042596,3143300
3250,354,367,512371,7166,1042963,3119700
3251,388,357,511983,7197,1043320,3261600
3252,391,348,511592,7240,1043668,3394800
3253,341,377,511251,7204,1044045,3331200
3254,378,343,510873,7239,1044388,3286700
3255,391,342,510482,7288,1044730,3257700
3256,373,384,510109,7277,1045114,3359100
3257,372,362,509737,7287,1045476,3601900
3258,389,377,509348,7299,1045853,3384000
3259,375,384,508973,7290,1046237,3680600
3260,374,377,508599,7287,1046614,3230600
3261,387,360,508212,7314,1046974,3294100
3262,370,379,507842,7305,1047353,3458100
3263,384,351,507458,7338,1047704,3260800
3264,355,373,507103,7320,1048077,3271600
3265,375,365,506728,7330,1048442,3292900
3266,379,374,506349,7335,1048816,3186800
3267,397,394,505952,7338,1049210,3267500
3268,381,360,505571,7359,1049570,3412600
3269,365,382,505206,7342,1049952,3450300
3270,390,405,504816,7327,1050357,3374700
3271,361,354,504455,7334,1050711,3069000
3272,398,372,504057,7360,1051083,2979300
3273,366,366,503691,7360,1051449,2960400
3274,368,366,503323,7362,1051815,2894600
3275,374,347,502949,7389,1052162,2986700
3276,356,343,502593,7402,1052505,3236500
3277,379,329,502214,7452,1052834,3583700
3278,352,389,501862,7415,1053223,3648100
3279,367,369,501495,7413,1053592,4395600
3280,376,371,501119,7418,1053963,3229500
3281,389,361,500730,7446,1054324,3640500
3282,373,393,500357,7426,1054717,3625700
3283,337,344,500020,7419,1055061,4051700
3284,384,353,499636,7450,1055414,4130900
3285,412,383,499224,7479,1055797,4082700
3286,378,379,498846,7478,1056176,3873900
3287,384,345,498462,7517,1056521,3450600
3288,375,389,498087,7503,1056910,3670300
3289,366,405,497721,7464,1057315,3226100
3290,335,361,497386,7438,1057676,3219700
3291,379,345,497007,7472,1058021,3445000
3292,357,367,496650,7462,1058388,3395600
3293,390,375,496260,7477,1058763,3352900
3294,409,374,495851,7512,1059137,3548400
3295,349,368,495502,7493,1059505,3794400
3296,395,388,495107,7500,1059893,3798400
3297,389,348,494718,7541,1060241,3837000
3298,373,384,494345,7530,1060625,3469000
3299,358,372,493987,7516,1060997,3617900
3300,373,345,493614,7544,1061342,3698900
3301,402,395,493212,7551,1061737,3964600
3302,380,374,492832,7557,1062111,4097200
3303,339,368,492493,7528,1062479,4107100
3304,395,355,492098,7568,1062834,3503400
3305,377,421,491721,7524,1063255,3523200
3306,383,366,491338,7541,1063621,3459500
3307,361,392,490977,7510,1064013,3619300
3308,369,370,490608,7509,1064383,3996500
3309,383,399,490225,7493,1064782,3368000
3310,387,380,489838,7500,1065162,3406100
3311,390,381,489448,7509,1065543,3225900
3312,397,347,489051,7559,1065890,3185400
3313,386,407,488665,7538,1066297,3229400
3314,382,347,488283,7573,1066644,3499300
3315,364,364,487919,7573,1067008,3330300
3316,404,411,487515,7566,1067419,3418000
3317,371,373,487144,7564,1067792,3242100
3318,360,400,486784,7524,1068192,3233000
3319,395,384,486389,7535,1068576,3246000
3320,370,408,486019,7497,1068984,3465800
3321,373,433,485646,7437,1069417,3241300
3322,353,373,485293,7417,1069790,3202100
3323,363,387,484930,7393,1070177,3461400
3324,380,349,484550,7424,1070526,3301200
3325,369,386,484181,7407,1070912,3189000
3326,400,371,483781,7436,1071283,3347200
3327,390,398,483391,7428,1071681,3222400
3328,345,348,483046,7425,1072029,3314200
3329,341,376,482705,7390,1072405,3573600
3330,386,381,482319,7395,1072786,3593200
3331,380,360,481939,7415,1073146,3311800
3332,372,392,481567,7395,1073538,3264500
3333,376,373,481191,7398,1073911,3542400
3334,351,383,480840,7366,1074294,3305100
3335,357,383,480483,7340,1074677,3369600
3336,382,391,480101,7331,1075068,3225600
3337,364,345,479737,7350,1075413,3164600
3338,362,369,479375,7343,1075782,3284000
3339,396,369,478979,7370,1076151,3201600
3340,351,315,478628,7406,1076466,3397800
3341,388,366,478240,7428,1076832,3143900
3342,386,368,477854,7446,1077200,3091500
3343,367,382,477487,7431,1077582,3143900
3344,382,379,477105,7434,1077961,3135300
3345,345,352,476760,7427,1078313,3084000
3346,392,351,476368,7468,1078664,3208800
3347,428,391,475940,7505,1079055,3213300
3348,352,357,475588,7500,1079412,3195400
3349,401,380,475187,7521,1079792,3141400
3350,371,372,474816,7520,1080164,3267200
3351,355,366,474461,7509,1080530,3171500
3352,381,390,474080,7500,1080920,3214700
3353,347,396,473733,7451,1081316,3297900
3354,307,397,473426,7361,1081713,3325100
3355,346,372,473080,7335,1082085,3491200
3356,361,343,472719,7353,1082428,3513800
3357,369,359,472350,7363,1082787,3306900
3358,360,369,471990,7354,1083156,3104100
3359,371,377,471619,7348,1083533,3062400
3360,342,359,471277,7331,1083892,3246900
3361,379,376,470898,7334,1084268,3179100
3362,373,354,470525,7353,1084622,3417100
3363,361,359,470164,7355,1084981,3458600
3364,344,359,469820,7340,1085340,3447200
3365,335,358,469485,7317,1085698,3403100
3366,368,385,469117,7300,1086083,3312200
3367,331,352,468786,7279,1086435,3416100
3368,376,366,468410,7289,1086801,3631000
3369,374,372,468036,7291,1087173,3490400
3370,365,370,467671,7286,1087543,3330300
3371,361,382,467310,7265,1087925,3860800
3372,333,377,466977,7221,1088302,3549400
3373,392,348,466585,7265,1088650,3448400
3374,377,372,466208,7270,1089022,3909700
3375,355,361,465853,7264,1089383,3742800
3376,403,360,465450,7307,1089743,3943100
3377,373,351,465077,7329,1090094,3792600
3378,389,395,464688,7323,1090489,3660100
3379,385,378,464303,7330,1090867,3737600
3380,363,384,463940,7309,1091251,3684100
3381,389,370,463551,7328,1091621,3481300
3382,374,345,463177,7357,1091966,3452900
3383,372,376,462805,7353,1092342,3361200
3384,378,359,462427,7372,1092701,3767500
3385,386,371,462041,7387,1093072,3744100
3386,423,376,461618,7434,1093448,3744800
3387,401,394,461217,7441,1093842,3789200
3388,389,361,460828,7469,1094203,3878500
3389,397,383,460431,7483,1094586,3600100
3390,425,373,460006,7535,1094959,3581600
3391,389,374,459617,7550,1095333,4050000
3392,410,392,459207,7568,1095725,3871700
3393,384,369,458823,7583,1096094,4017800
3394,389,359,458434,7613,1096453,3455700
3395,393,396,458041,7610,1096849,3411200
3396,380,382,457661,7608,1097231,3992200
3397,456,380,457205,7684,1097611,3986500
3398,377,385,456828,7676,1097996,3569400
3399,409,374,456419,7711,1098370,3515400
3400,396,358,456023,7749,1098728,3480300
3401,353,366,455670,7736,1099094,4001700
3402,361,449,455309,7648,1099543,3430000
3403,387,388,454922,7647,1099931,3473900
3404,370,409,454552,7608,1100340,3459700
3405,375,389,454177,7594,1100729,4122800
3406,405,393,453772,7606,1101122,3875400
3407,370,413,453402,7563,1101535,3837100
3408,358,399,453044,7522,1101934,3525200
3409,376,399,452668,7499,1102333,3582500
3410,423,407,452245,7515,1102740,3824100
3411,369,366,451876,7518,1103106,4109300
3412,417,359,451459,7576,1103465,3798800
3413,433,376,451026,7633,1103841,3677600
3414,379,384,450647,7628,1104225,5285700
3415,396,399,450251,7625,1104624,3876700
3416,390,404,449861,7611,1105028,4112300
3417,377,398,449484,7590,1105426,4423900
3418,357,381,449127,7566,1105807,3749300
3419,366,407,448761,7525,1106214,4410500
3420,348,388,448413,7485,1106602,3795700
3421,382,355,448031,7512,1106957,4106000
3422,368,385,447663,7495,1107342,3951300
3423,356,402,447307,7449,1107744,3661600
3424,384,351,446923,7482,1108095,3855600
3425,357,391,446566,7448,1108486,4106300
3426,380,377,446186,7451,1108863,4127300
3427,367,374,445819,7444,1109237,3541400
3428,346,384,445473,7406,1109621,3960700
3429,353,368,445120,7391,1109989,3869200
3430,412,366,444708,7437,1110355,3916800
3431,361,378,444347,7420,1110733,3796700
3432,382,373,443965,7429,1111106,3936700
3433,393,362,443572,7460,1111468,3609100
3434,357,362,443215,7455,1111830,3618700
3435,422,332,442793,7545,1112162,3759300
3436,376,383,442417,7538,1112545,3378400
3437,374,368,442043,7544,1112913,3499000
3438,407,363,441636,7588,1113276,3473700
3439,386,379,441250,7595,1113655,3403300
3440,389,334,440861,7650,1113989,3461100
3441,401,358,440460,7693,1114347,3487500
3442,396,381,440064,7708,1114728,3946200
3443,398,395,439666,7711,1115123,3750300
3444,378,376,439288,7713,1115499,4027000
3445,414,390,438874,7737,1115889,4023900
3446,384,382,438490,7739,1116271,3605200
3447,410,426,438080,7723,1116697,3531200
3448,365,372,437715,7716,1117069,3960500
3449,396,378,437319,7734,1117447,3437500
3450,394,390,436925,7738,1117837,3555900
3451,353,394,436572,7697,1118231,3459700
3452,401,371,436171,7727,1118602,3511900
3453,372,393,435799,7706,1118995,3863300
3454,401,423,435398,7684,1119418,4342200
3455,383,396,435015,7671,1119814,3866300
3456,379,387,434636,7663,1120201,3945100
3457,397,383,434239,7677,1120584,4047700
3458,365,410,433874,7632,1120994,3853500
3459,361,357,433513,7636,1121351,3636600
3460,352,366,433161,7622,1121717,4129700
3461,377,358,432784,7641,1122075,3449100
3462,371,350,432413,7662,1122425,3474100
3463,360,363,432053,7659,1122788,3386500
3464,351,395,431702,7615,1123183,3637200
3465,410,380,431292,7645,1123563,3512100
3466,369,383,430923,7631,1123946,3496400
3467,368,409,430555,7590,1124355,3816200
3468,371,403,430184,7558,1124758,3623500
3469,389,345,429795,7602,1125103,3992200
3470,392,398,429403,7596,1125501,3548100
3471,395,390,429008,7601,1125891,3132700
3472,371,380,428637,7592,1126271,3183000
3473,362,405,428275,7549,1126676,3539600
3474,397,381,427878,7565,1127057,3709100
3475,360,348,427518,7577,1127405,3808000
3476,368,402,427150,7543,1127807,3394800
3477,345,408,426805,7480,1128215,3746900
3478,370,393,426435,7457,1128608,3454400
3479,357,381,426078,7433,1128989,3469100
3480,356,414,425722,7375,1129403,3657500
3481,401,395,425321,7381,1129798,3494500
3482,360,369,424961,7372,1130167,3523300
3483,389,358,424572,7403,1130525,3665400
3484,390,389,424182,7404,1130914,3990300
3485,364,384,423818,7384,1131298,3926900
3486,362,366,423456,7380,1131664,3469000
3487,391,381,423065,7390,1132045,3701400
3488,391,408,422674,7373,1132453,3368000
3489,360,336,422314,7397,1132789,3528700
3490,385,380,421929,7402,1133169,3943500
3491,396,396,421533,7402,1133565,4003800
3492,381,388,421152,7395,1133953,3941200
3493,354,345,420798,7404,1134298,3688900
3494,340,381,420458,7363,1134679,3473000
3495,367,343,420091,7387,1135022,3359100
3496,385,365,419706,7407,1135387,3497800
3497,417,372,419289,7452,1135759,3317500
3498,331,376,418958,7407,1136135,3596700
3499,382,365,418576,7424,1136500,3605400
3500,384,346,418192,7462,1136846,3544800
3501,373,373,417819,7462,1137219,3671600
3502,394,390,417425,7466,1137609,3592700
3503,360,379,417065,7447,1137988,3468800
3504,386,366,416679,7467,1138354,4051800
3505,380,333,416299,7514,1138687,3482700
3506,381,395,415918,7500,1139082,4100400
3507,373,365,415545,7508,1139447,3580700
3508,385,399,415160,7494,1139846,3452900
3509,374,352,414786,7516,1140198,3452500
3510,365,371,414421,7510,1140569,3313300
3511,353,404,414068,7459,1140973,3247200
3512,369,368,413699,7460,1141341,3066600
3513,362,379,413337,7443,1141720,3117900
3514,354,383,412983,7414,1142103,3076500
3515,371,387,412612,7398,1142490,3007000
3516,351,396,412261,7353,1142886,2950400
3517,359,337,411902,7375,1143223,3014100
3518,332,355,411570,7352,1143578,3225200
3519,348,355,411222,7345,1143933,3113500
3520,412,380,410810,7377,1144313,3142900
3521,348,369,410462,7356,1144682,3140400
3522,378,367,410084,7367,1145049,3007400
3523,383,351,409701,7399,1145400,3090400
3524,394,377,409307,7416,1145777,3173500
3525,370,337,408937,7449,1146114,2970600
3526,374,371,408563,7452,1146485,2926000
3527,387,357,408176,7482,1146842,3114100
3528,360,375,407816,7467,1147217,2988500
3529,401,369,407415,7499,1147586,3035300
3530,399,360,407016,7538,1147946,2927600
3531,372,369,406644,7541,1148315,2944000
3532,393,397,406251,7537,1148712,3183000
3533,410,399,405841,7548,1149111,3156600
3534,379,390,405462,7537,1149501,3228300
3535,374,399,405088,7512,1149900,3192100
3536,389,375,404699,7526,1150275,2997600
3537,380,367,404319,7539,1150642,2922300
3538,386,373,403933,7552,1151015,2981700
3539,368,374,403565,7546,1151389,3036400
3540,382,368,403183,7560,1151757,3465000
3541,384,365,402799,7579,1152122,3258200
3542,389,379,402410,7589,1152501,3318400
3543,426,359,401984,7656,1152860,3138600
3544,396,386,401588,7666,1153246,3234000
3545,414,357,401174,7723,1153603,2968400
3546,398,380,400776,7741,1153983,3567200
3547,398,443,400378,7696,1154426,3270900
3548,385,385,399993,7696,1154811,3315600
3549,392,361,399601,7727,1155172,3213500
3550,399,334,399202,7792,1155506,3258400
3551,408,402,398794,7798,1155908,3056600
3552,376,378,398418,7796,1156286,2960100
3553,401,426,398017,7771,1156712,3084100
3554,417,373,397600,7815,1157085,2957600
3555,400,406,397200,7809,1157491,3167400
3556,410,376,396790,7843,1157867,3528000
3557,395,358,396395,7880,1158225,3261300
3558,372,374,396023,7878,1158599,3605000
3559,385,399,395638,7864,1158998,3930400
3560,394,414,395244,7844,1159412,3503300
3561,414,402,394830,7856,1159814,4004600
3562,396,354,394434,7898,1160168,3605900
3563,387,375,394047,7910,1160543,3598900
3564,395,404,393652,7901,1160947,3442100
3565,422,406,393230,7917,1161353,3426400
3566,379,412,392851,7884,1161765,3408200
3567,384,389,392467,7879,1162154,3480500
3568,395,362,392072,7912,1162516,3756400
3569,413,351,391659,7974,1162867,3773700
3570,369,388,391290,7955,1163255,3533000
3571,350,429,390940,7876,1163684,3408900
3572,402,422,390538,7856,1164106,3349600
3573,395,383,390143,7868,1164489,3369900
3574,359,421,389784,7806,1164910,3276800
3575,400,394,389384,7812,1165304,3295200
3576,381,380,389003,7813,1165684,3239100
3577,373,385,388630,7801,1166069,3221400
3578,432,384,388198,7849,1166453,3196600
3579,384,408,387814,7825,1166861,3282800
3580,390,412,387424,7803,1167273,3919600
3581,405,384,387019,7824,1167657,3429300
3582,402,361,386617,7865,1168018,3340800
3583,396,374,386221,7887,1168392,3317400
3584,391,377,385830,7901,1168769,3353800
3585,404,395,385426,7910,1169164,3504300
3586,408,381,385018,7937,1169545,3282400
3587,370,376,384648,7931,1169921,3420100
3588,371,364,384277,7938,1170285,3384400
3589,406,408,383871,7936,1170693,3088900
3590,403,405,383468,7934,1171098,3204600
3591,388,367,383080,7955,1171465,3422800
3592,410,426,382670,7939,1171891,3226500
3593,382,366,382288,7955,1172257,3267000
3594,383,438,381905,7900,1172695,3162500
3595,404,390,381501,7914,1173085,3287400
3596,411,389,381090,7936,1173474,3540000
3597,438,381,380652,7993,1173855,3172600
3598,398,409,380254,7982,1174264,3286000
3599,410,412,379844,7980,1174676,3462000
3600,388,382,379456,7986,1175058,3328400
3601,387,404,379069,7969,1175462,3358400
3602,435,419,378634,7985,1175881,3565900
3603,426,366,378208,8045,1176247,3321600
3604,434,408,377774,8071,1176655,3330800
3605,399,374,377375,8096,1177029,3120900
3606,403,422,376972,8077,1177451,3414100
3607,391,408,376581,8060,1177859,3183600
3608,394,402,376187,8052,1178261,3146600
3609,354,394,375833,8012,1178655,3081400
3610,374,394,375459,7992,1179049,3028500
3611,394,405,375065,7981,1179454,2971300
3612,395,380,374670,7996,1179834,3058700
3613,412,392,374258,8016,1180226,2939100
3614,406,393,373852,8029,1180619,3018300
3615,379,400,373473,8008,1181019,3119300
3616,380,423,373093,7965,1181442,3008700
3617,388,378,372705,7975,1181820,3004100
3618,406,428,372299,7953,1182248,3456900
3619,367,394,371932,7926,1182642,3360900
3620,405,391,371527,7940,1183033,3364300
3621,370,374,371157,7936,1183407,3317100
3622,414,380,370743,7970,1183787,3401500
3623,398,384,370345,7984,1184171,3248500
3624,406,416,369939,7974,1184587,3298300
3625,411,413,369528,7972,1185000,3182000
3626,370,398,369158,7944,1185398,3073100
3627,394,360,368764,7978,1185758,3046900
3628,383,408,368381,7953,1186166,3071300
3629,400,378,367981,7975,1186544,3338700
3630,374,398,367607,7951,1186942,3203300
3631,406,390,367201,7967,1187332,3388100
3632,399,436,366802,7930,1187768,3164800
3633,398,396,366404,7932,1188164,3116900
3634,367,389,366037,7910,1188553,3015800
3635,392,393,365645,7909,1188946,3341300
3636,424,382,365221,7951,1189328,3361000
3637,367,417,364854,7901,1189745,3061000
3638,390,394,364464,7897,1190139,2924200
3639,380,389,364084,7888,1190528,3009900
3640,396,399,363688,7885,1190927,3001900
3641,385,394,363303,7876,1191321,3397300
3642,373,394,362930,7855,1191715,3281200
3643,402,393,362528,7864,1192108,3370700
3644,374,396,362154,7842,1192504,2986400
3645,367,399,361787,7810,1192903,3022600
3646,381,394,361406,7797,1193297,3308300
3647,369,415,361037,7751,1193712,3297500
3648,416,400,360621,7767,1194112,3145600
3649,381,384,360240,7764,1194496,2978700
3650,362,387,359878,7739,1194883,2953600
3651,392,378,359486,7753,1195261,3002400
3652,390,395,359096,7748,1195656,2982500
3653,366,389,358730,7725,1196045,3065800
3654,358,415,358372,7668,1196460,2922600
3655,384,377,357988,7675,1196837,3201500
3656,388,413,357600,7650,1197250,3087500
3657,360,376,357240,7634,1197626,3009400
3658,372,387,356868,7619,1198013,2996100
3659,397,368,356471,7648,1198381,3123300
3660,396,386,356075,7658,1198767,3310800
3661,385,385,355690,7658,1199152,3097400
3662,406,395,355284,7669,1199547,2998700
3663,379,371,354905,7677,1199918,3369400
3664,375,414,354530,7638,1200332,3194700
3665,361,377,354169,7622,1200709,4430000
3666,397,355,353772,7664,1201064,3765400
3667,423,376,353349,7711,1201440,3491800
3668,379,413,352970,7677,1201853,3443700
3669,366,401,352604,7642,1202254,3310100
3670,354,391,352250,7605,1202645,3141900
3671,366,365,351884,7606,1203010,3180500
3672,401,365,351483,7642,1203375,3281000
3673,412,364,351071,7690,1203739,3113500
3674,383,409,350688,7664,1204148,3106600
3675,352,365,350336,7651,1204513,2989800
3676,408,392,349928,7667,1204905,3064800
3677,351,413,349577,7605,1205318,3443500
3678,375,402,349202,7578,1205720,3097800
3679,405,398,348797,7585,1206118,3152700
3680,391,407,348406,7569,1206525,3071200
3681,382,389,348024,7562,1206914,3166800
3682,378,397,347646,7543,1207311,3153300
3683,367,365,347279,7545,1207676,3168800
3684,388,423,346891,7510,1208099,3123500
3685,378,399,346513,7489,1208498,3104400
3686,375,351,346138,7513,1208849,3268200
3687,370,397,345768,7486,1209246,3232000
3688,368,344,345400,7510,1209590,3277200
3689,389,402,345011,7497,1209992,3302400
3690,380,356,344631,7521,1210348,3258900
3691,390,367,344241,7544,1210715,3024600
3692,391,353,343850,7582,1211068,3237200
3693,374,361,343476,7595,1211429,3243300
3694,386,365,343090,7616,1211794,3258100
3695,416,398,342674,7634,1212192,3242100
3696,411,354,342263,7691,1212546,3165000
3697,371,373,341892,7689,1212919,3563100
3698,392,388,341500,7693,1213307,3266500
3699,390,395,341110,7688,1213702,3143500
3700,378,372,340732,7694,1214074,3249500
3701,415,389,340317,7720,1214463,3417600
3702,370,373,339947,7717,1214836,3367800
3703,406,395,339541,7728,1215231,3395700
3704,384,350,339157,7762,1215581,3285100
3705,404,387,338753,7779,1215968,3240400
3706,394,414,338359,7759,1216382,3425200
3707,401,392,337958,7768,1216774,3109500
3708,382,386,337576,7764,1217160,3255600
3709,396,391,337180,7769,1217551,3389700
3710,374,361,336806,7782,1217912,3390200
3711,415,370,336391,7827,1218282,3401200
3712,382,411,336009,7798,1218693,3396100
3713,385,378,335624,7805,1219071,3264200
3714,405,366,335219,7844,1219437,3200300
3715,388,416,334831,7816,1219853,3171700
3716,359,400,334472,7775,1220253,3279800
3717,375,342,334097,7808,1220595,3069900
3718,384,362,333713,7830,1220957,2974700
3719,356,425,333357,7761,1221382,3033700
3720,398,354,332959,7805,1221736,3308600
3721,353,399,332606,7759,1222135,3113000
3722,379,370,332227,7768,1222505,3214300
3723,399,393,331828,7774,1222898,3314700
3724,389,388,331439,7775,1223286,3324800
3725,371,369,331068,7777,1223655,3087900
3726,393,407,330675,7763,1224062,3109900
3727,389,386,330286,7766,1224448,3126900
3728,382,346,329904,7802,1224794,3313500
3729,391,400,329513,7793,1225194,3122500
3730,373,374,329140,7792,1225568,3366700
3731,399,373,328741,7818,1225941,4325700
3732,382,351,328359,7849,1226292,4138300
3733,396,375,327963,7870,1226667,3246700
3734,403,405,327560,7868,1227072,3245000
3735,359,392,327201,7835,1227464,2999300
3736,395,392,326806,7838,1227856,2898300
3737,420,405,326386,7853,1228261,2917900
3738,402,418,325984,7837,1228679,2943700
3739,401,399,325583,7839,1229078,3318400
3740,420,386,325163,7873,1229464,3018500
3741,402,381,324761,7894,1229845,2860300
3742,386,394,324375,7886,1230239,2835500
3743,382,378,323993,7890,1230617,2963000
3744,386,405,323607,7871,1231022,2993800
3745,395,402,323212,7864,1231424,3007600
3746,430,396,322782,7898,1231820,2967300
3747,408,414,322374,7892,1232234,2933900
3748,399,363,321975,7928,1232597,2960900
3749,389,387,321586,7930,1232984,3106400
3750,407,401,321179,7936,1233385,2961000
3751,433,405,320746,7964,1233790,2935700
3752,398,370,320348,7992,1234160,2972800
3753,408,386,319940,8014,1234546,2942000
3754,388,395,319552,8007,1234941,2908300
3755,375,412,319177,7970,1235353,2915900
3756,403,395,318774,7978,1235748,2962500
3757,391,386,318383,7983,1236134,2938800
3758,385,400,317998,7968,1236534,2932900
3759,414,384,317584,7998,1236918,2810600
3760,407,393,317177,8012,1237311,2910700
3761,360,403,316817,7969,1237714,3132500
3762,401,377,316416,7993,1238091,3086900
3763,411,410,316005,7994,1238501,3404800
3764,387,397,315618,7984,1238898,3305200
3765,364,406,315254,7942,1239304,3072900
3766,436,409,314818,7969,1239713,3278400
3767,445,347,314373,8067,1240060,3648700
3768,389,412,313984,8044,1240472,3619700
3769,397,423,313587,8018,1240895,3890200
3770,457,432,313130,8043,1241327,3889400
3771,390,398,312740,8035,1241725,3423200
3772,392,384,312348,8043,1242109,3290300
3773,374,379,311974,8038,1242488,3219300
3774,364,431,311610,7971,1242919,3517500
3775,350,373,311260,7948,1243292,3303200
3776,350,390,310910,7908,1243682,3353200
3777,383,380,310527,7911,1244062,3358300
3778,349,416,310178,7844,1244478,3327700
3779,345,357,309833,7832,1244835,3623300
3780,360,395,309473,7797,1245230,3406100
3781,416,409,309057,7804,1245639,3295300
3782,387,368,308670,7823,1246007,3281900
3783,398,372,308272,7849,1246379,3170600
3784,372,389,307900,7832,1246768,3273600
3785,360,379,307540,7813,1247147,2999900
3786,344,376,307196,7781,1247523,3040100
3787,356,362,306840,7775,1247885,3170100
3788,387,403,306453,7759,1248288,2985700
3789,391,423,306062,7727,1248711,3048800
3790,359,382,305703,7704,1249093,2967300
3791,366,384,305337,7686,1249477,2975900
3792,388,361,304949,7713,1249838,3600600
3793,386,400,304563,7699,1250238,3313800
3794,369,383,304194,7685,1250621,3257300
3795,353,393,303841,7645,1251014,3142900
3796,403,382,303438,7666,1251396,3228400
3797,352,366,303086,7652,1251762,3273300
3798,386,392,302700,7646,1252154,3373200
3799,381,396,302319,7631,1252550,3721400
3800,346,406,301973,7571,1252956,3725300
3801,345,379,301628,7537,1253335,3288700
3802,337,381,301291,7493,1253716,3501700
3803,367,405,300924,7455,1254121,3224500
3804,344,347,300580,7452,1254468,3370200
3805,359,384,300221,7427,1254852,3482900
3806,347,373,299874,7401,1255225,3782600
3807,357,369,299517,7389,1255594,3555500
3808,356,378,299161,7367,1255972,3427500
3809,342,379,298819,7330,1256351,3906500
3810,360,400,298459,7290,1256751,3501100
3811,333,355,298126,7268,1257106,3398100
3812,350,367,297776,7251,1257473,3625700
3813,346,392,297430,7205,1257865,3440100
3814,345,354,297085,7196,1258219,3446100
3815,345,359,296740,7182,1258578,3069200
3816,370,350,296370,7202,1258928,3018600
3817,350,348,296020,7204,1259276,3131400
3818,354,369,295666,7189,1259645,3046500
3819,329,374,295337,7144,1260019,3186300
3820,367,361,294970,7150,1260380,3208200
3821,364,346,294606,7168,1260726,2931700
3822,365,335,294241,7198,1261061,3021700
3823,373,382,293868,7189,1261443,2972200
3824,373,351,293495,7211,1261794,2918500
3825,356,353,293139,7214,1262147,2970600
3826,354,361,292785,7207,1262508,2984500
3827,350,354,292435,7203,1262862,2924000
3828,373,364,292062,7212,1263226,2942200
3829,362,350,291700,7224,1263576,3155500
3830,379,354,291321,7249,1263930,3026700
3831,366,369,290955,7246,1264299,2882700
3832,373,376,290582,7243,1264675,3014700
3833,339,373,290243,7209,1265048,2968900
3834,330,357,289913,7182,1265405,3120600
3835,377,359,289536,7200,1265764,3178000
3836,377,365,289159,7212,1266129,3135000
3837,328,353,288831,7187,1266482,2859300
3838,370,358,288461,7199,1266840,2787900
3839,359,380,288102,7178,1267220,2767800
3840,353,356,287749,7175,1267576,2892200
3841,333,367,287416,7141,1267943,2896500
3842,337,349,287079,7129,1268292,2928200
3843,373,358,286706,7144,1268650,3269000
3844,325,358,286381,7111,1269008,3023800
3845,355,352,286026,7114,1269360,3084400
3846,325,350,285701,7089,1269710,2879900
3847,339,360,285362,7068,1270070,3129400
3848,346,375,285016,7039,1270445,3188300
3849,361,346,284655,7054,1270791,2884400
3850,353,367,284302,7040,1271158,2930100
3851,342,319,283960,7063,1271477,2946200
3852,334,328,283626,7069,1271805,3017400
3853,340,382,283286,7027,1272187,3011100
3854,319,339,282967,7007,1272526,3179400
3855,298,375,282669,6930,1272901,3134800
3856,345,354,282324,6921,1273255,2945100
3857,317,344,282007,6894,1273599,2896500
3858,358,361,281649,6891,1273960,2890900
3859,350,342,281299,6899,1274302,2810900
3860,312,341,280987,6870,1274643,2904600
3861,332,324,280655,6878,1274967,3019400
3862,331,399,280324,6810,1275366,3041000
3863,352,336,279972,6826,1275702,3080700
3864,360,372,279612,6814,1276074,3218700
3865,318,325,279294,6807,1276399,3154800
3866,316,355,278978,6768,1276754,3443300
3867,339,353,278639,6754,1277107,3473400
3868,345,350,278294,6749,1277457,3297100
3869,322,324,277972,6747,1277781,3187200
3870,329,334,277643,6742,1278115,3250700
3871,313,347,277330,6708,1278462,3346600
3872,348,325,276982,6731,1278787,3526400
3873,366,312,276616,6785,1279099,3495400
3874,345,366,276271,6764,1279465,3376000
3875,351,355,275920,6760,1279820,3239100
3876,338,356,275582,6742,1280176,3237900
3877,332,327,275250,6747,1280503,3155000
3878,355,326,274895,6776,1280829,3104600
3879,356,333,274539,6799,1281162,3236500
3880,326,341,274213,6784,1281503,3146500
3881,317,361,273896,6740,1281864,3438100
3882,344,356,273552,6728,1282220,3553900
3883,363,344,273189,6747,1282564,3385800
3884,359,364,272830,6742,1282928,3161400
3885,332,335,272498,6739,1283263,3183700
3886,326,331,272172,6734,1283594,3293700
3887,305,339,271867,6700,1283933,3172800
3888,357,361,271510,6696,1284294,3093500
3889,324,326,271186,6694,1284620,3015500
3890,337,350,270849,6681,1284970,3079800
3891,331,317,270518,6695,1285287,3074100
3892,314,350,270204,6659,1285637,3380500
3893,341,314,269863,6686,1285951,3328500
3894,344,345,269519,6685,1286296,3326300
3895,334,334,269185,6685,1286630,3225700
3896,344,324,268841,6705,1286954,3118200
3897,301,326,268540,6680,1287280,3040400
3898,342,337,268198,6685,1287617,3080000
3899,351,337,267847,6699,1287954,3304300
3900,326,317,267521,6708,1288271,3372600
3901,318,330,267203,6696,1288601,3224300
3902,296,341,266907,6651,1288942,3150300
3903,293,320,266614,6624,1289262,3086300
3904,331,338,266283,6617,1289600,3171600
3905,336,321,265947,6632,1289921,3312200
3906,342,325,265605,6649,1290246,3330900
3907,301,333,265304,6617,1290579,3321700
3908,303,313,265001,6607,1290892,3401300
3909,308,352,264693,6563,1291244,3248000
3910,310,341,264383,6532,1291585,3170100
3911,305,351,264078,6486,1291936,3157000
3912,330,341,263748,6475,1292277,3752000
3913,313,313,263435,6475,1292590,3231700
3914,331,341,263104,6465,1292931,3403000
3915,311,313,262793,6463,1293244,3344900
3916,309,332,262484,6440,1293576,3086800
3917,304,325,262180,6419,1293901,3038500
3918,315,348,261865,6386,1294249,3125100
3919,292,310,261573,6368,1294559,3318800
3920,325,311,261248,6382,1294870,3232900
3921,319,317,260929,6384,1295187,3180700
3922,337,321,260592,6400,1295508,3294800
3923,274,287,260318,6387,1295795,3604300
3924,321,293,259997,6415,1296088,3348100
3925,327,319,259670,6423,1296407,3552800
3926,329,320,259341,6432,1296727,3772700
3927,326,340,259015,6418,1297067,4076200
3928,328,341,258687,6405,1297408,3398500
3929,300,320,258387,6385,1297728,3454200
3930,309,311,258078,6383,1298039,3319400
3931,309,354,257769,6338,1298393,3315700
3932,304,304,257465,6338,1298697,3428000
3933,320,330,257145,6328,1299027,3388900
3934,344,319,256801,6353,1299346,3386400
3935,307,298,256494,6362,1299644,3329300
3936,313,345,256181,6330,1299989,3235400
3937,345,323,255836,6352,1300312,3171800
3938,336,314,255500,6374,1300626,3155900
3939,320,305,255180,6389,1300931,3284100
3940,332,298,254848,6423,1301229,3283700
3941,351,325,254497,6449,1301554,3425300
3942,337,316,254160,6470,1301870,3312400
3943,358,311,253802,6517,1302181,3260100
3944,356,343,253446,6530,1302524,3548900
3945,342,315,253104,6557,1302839,3349200
3946,301,345,252803,6513,1303184,3453300
3947,314,310,252489,6517,1303494,3492900
3948,329,303,252160,6543,1303797,3453300
3949,316,343,251844,6516,1304140,3401900
3950,303,327,251541,6492,1304467,3292800
3951,357,313,251184,6536,1304780,3492300
3952,327,296,250857,6567,1305076,3421100
3953,323,356,250534,6534,1305432,3439300
3954,344,330,250190,6548,1305762,3414600
3955,354,324,249836,6578,1306086,3318800
3956,332,363,249504,6547,1306449,3248500
3957,330,336,249174,6541,1306785,3217400
3958,323,313,248851,6551,1307098,3267600
3959,355,331,248496,6575,1307429,3058600
3960,309,314,248187,6570,1307743,3057900
3961,315,323,247872,6562,1308066,3033600
3962,314,319,247558,6557,1308385,3107500
3963,329,344,247229,6542,1308729,3285300
3964,320,330,246909,6532,1309059,3300000
3965,327,337,246582,6522,1309396,3078200
3966,327,308,246255,6541,1309704,3143500
3967,338,356,245917,6523,1310060,2992900
3968,301,322,245616,6502,1310382,3674300
3969,322,295,245294,6529,1310677,3391600
3970,318,331,244976,6516,1311008,3038500
3971,360,332,244616,6544,1311340,3097400
3972,308,340,244308,6512,1311680,3210000
3973,304,325,244004,6491,1312005,3073400
3974,338,302,243666,6527,1312307,3278600
3975,318,311,243348,6534,1312618,3128700
3976,307,307,243041,6534,1312925,3123600
3977,326,319,242715,6541,1313244,3135600
3978,339,358,242376,6522,1313602,3011000
3979,304,291,242072,6535,1313893,3259600
3980,340,345,241732,6530,1314238,3354300
3981,331,335,241401,6526,1314573,3233600
3982,325,312,241076,6539,1314885,3010500
3983,326,309,240750,6556,1315194,3311600
3984,315,296,240435,6575,1315490,3294400
3985,316,321,240119,6570,1315811,3143400
3986,319,331,239800,6558,1316142,3235600
3987,288,329,239512,6517,1316471,3401400
3988,301,323,239211,6495,1316794,3407000
3989,316,310,238895,6501,1317104,3380400
3990,308,339,238587,6470,1317443,3167200
3991,305,303,238282,6472,1317746,3307600
3992,303,332,237979,6443,1318078,3132500
3993,308,354,237671,6397,1318432,3218000
3994,299,339,237372,6357,1318771,3238900
3995,302,309,237070,6350,1319080,3331500
3996,303,295,236767,6358,1319375,3251700
3997,290,345,236477,6303,1319720,3251800
3998,323,292,236154,6334,1320012,3223200
3999,279,339,235875,6274,1320351,3161900
4000,275,315,235600,6234,1320666,3182400
4001,287,300,235313,6221,1320966,3095000
4002,302,332,235011,6191,1321298,3433200
4003,290,316,234721,6165,1321614,3252300
4004,318,308,234403,6175,1321922,3208600
4005,288,301,234115,6162,1322223,3078700
4006,302,340,233813,6124,1322563,3377000
4007,308,313,233505,6119,1322876,3274900
4008,269,294,233236,6094,1323170,3162400
4009,296,282,232940,6108,1323452,3228300
4010,297,300,232643,6105,1323752,3127500
4011,272,321,232371,6056,1324073,3232700
4012,266,297,232105,6025,1324370,3217200
4013,292,318,231813,5999,1324688,3132000
4014,319,329,231494,5989,1325017,3212900
4015,263,270,231231,5982,1325287,3292000
4016,290,308,230941,5964,1325595,3334100
4017,310,290,230631,5984,1325885,3354300
4018,251,290,230380,5945,1326175,3245500
4019,274,297,230106,5922,1326472,3363300
4020,290,313,229816,5899,1326785,3302300
4021,334,283,229482,5950,1327068,3352000
4022,277,300,229205,5927,1327368,3394300
4023,261,304,228944,5884,1327672,3227700
4024,279,307,228665,5856,1327979,3248000
4025,293,316,228372,5833,1328295,3199200
4026,327,279,228045,5881,1328574,3248800
4027,262,264,227783,5879,1328838,3296200
4028,279,282,227504,5876,1329120,3175900
4029,311,290,227193,5897,1329410,3231400
4030,318,299,226875,5916,1329709,2991700
4031,279,309,226596,5886,1330018,3295900
4032,288,277,226308,5897,1330295,2936300
4033,337,306,225971,5928,1330601,3178600
4034,335,308,225636,5955,1330909,3164300
4035,306,279,225330,5982,1331188,3073600
4036,296,337,225034,5941,1331525,2905600
4037,284,294,224750,5931,1331819,2818000
4038,311,310,224439,5932,1332129,2862400
4039,306,276,224133,5962,1332405,2890600
4040,316,305,223817,5973,1332710,3069600
4041,317,325,223500,5965,1333035,3091300
4042,303,302,223197,5966,1333337,2886600
4043,303,285,222894,5984,1333622,2821800
4044,307,313,222587,5978,1333935,2894600
4045,286,288,222301,5976,1334223,3132100
4046,305,293,221996,5988,1334516,3120700
4047,293,311,221703,5970,1334827,2884500
4048,295,311,221408,5954,1335138,2874300
4049,299,283,221109,5970,1335421,2884900
4050,288,297,220821,5961,1335718,2801900
4051,267,330,220554,5898,1336048,2837800
4052,285,278,220269,5905,1336326,2844200
4053,265,304,220004,5866,1336630,2905400
4054,293,262,219711,5897,1336892,2906300
4055,307,288,219404,5916,1337180,3242300
4056,256,279,219148,5893,1337459,3060400
4057,318,272,218830,5939,1337731,2912400
4058,308,296,218522,5951,1338027,2880800
4059,281,289,218241,5943,1338316,2865700
4060,308,296,217933,5955,1338612,2954000
4061,306,318,217627,5943,1338930,2799900
4062,307,273,217320,5977,1339203,2830800
4063,309,294,217011,5992,1339497,2807700
4064,309,312,216702,5989,1339809,2826200
4065,301,316,216401,5974,1340125,2865800
4066,330,311,216071,5993,1340436,2897000
4067,306,276,215765,6023,1340712,3094300
4068,291,339,215474,5975,1341051,3066300
4069,316,323,215158,5968,1341374,2862000
4070,297,306,214861,5959,1341680,2866400
4071,303,309,214558,5953,1341989,2892000
4072,285,289,214273,5949,1342278,2837200
4073,265,278,214008,5936,1342556,3014500
4074,329,273,213679,5992,1342829,3244600
4075,280,315,213399,5957,1343144,3231600
4076,313,290,213086,5980,1343434,3020400
4077,304,279,212782,6005,1343713,3139200
4078,322,305,212460,6022,1344018,3193800
4079,261,300,212199,5983,1344318,3051500
4080,317,302,211882,5998,1344620,3139900
4081,317,312,211565,6003,1344932,2949000
4082,300,303,211265,6000,1345235,2882600
4083,326,307,210939,6019,1345542,2852100
4084,306,308,210633,6017,1345850,2772200
4085,310,326,210323,6001,1346176,2885300
4086,310,292,210013,6019,1346468,2878200
4087,333,300,209680,6052,1346768,3007700
4088,303,314,209377,6041,1347082,3057300
4089,308,296,209069,6053,1347378,2871600
4090,300,292,208769,6061,1347670,2916000
4091,299,332,208470,6028,1348002,2905800
4092,298,292,208172,6034,1348294,2909300
4093,326,305,207846,6055,1348599,2784200
4094,307,276,207539,6086,1348875,2884100
4095,304,331,207235,6059,1349206,2882600
4096,304,278,206931,6085,1349484,2822000
4097,339,305,206592,6119,1349789,2876200
4098,300,319,206292,6100,1350108,3037600
4099,335,322,205957,6113,1350430,3029300
4100,318,325,205639,6106,1350755,2944900
4101,293,310,205346,6089,1351065,3129000
4102,277,300,205069,6066,1351365,3038800
4103,313,288,204756,6091,1351653,2978500
4104,314,323,204442,6082,1351976,2965800
4105,298,293,204144,6087,1352269,2922300
4106,290,310,203854,6067,1352579,2949400
4107,272,324,203582,6015,1352903,2907200
4108,283,341,203299,5957,1353244,2909100
4109,305,285,202994,5977,1353529,3073700
4110,309,283,202685,6003,1353812,3030700
4111,284,306,202401,5981,1354118,3067900
4112,296,312,202105,5965,1354430,3003800
4113,323,315,201782,5973,1354745,3059800
4114,304,297,201478,5980,1355042,2989800
4115,284,305,201194,5959,1355347,3275200
4116,293,325,200901,5927,1355672,2997300
4117,284,309,200617,5902,1355981,2923500
4118,297,315,200320,5884,1356296,2887300
4119,296,304,200024,5876,1356600,3209800
4120,323,320,199701,5879,1356920,3182700
4121,301,284,199400,5896,1357204,3022300
4122,263,284,199137,5875,1357488,3351300
4123,311,285,198826,5901,1357773,3055700
4124,292,263,198534,5930,1358036,3197900
4125,267,287,198267,5910,1358323,3020000
4126,275,292,197992,5893,1358615,3022200
4127,308,291,197684,5910,1358906,2900700
4128,298,264,197386,5944,1359170,2873300
4129,276,278,197110,5942,1359448,3108400
4130,287,292,196823,5937,1359740,2890900
4131,288,306,196535,5919,1360046,3103300
4132,298,296,196237,5921,1360342,3022400
4133,296,295,195941,5922,1360637,3024900
4134,279,303,195662,5898,1360940,3200800
4135,294,303,195368,5889,1361243,2869500
4136,312,315,195056,5886,1361558,2934800
4137,278,336,194778,5828,1361894,3059900
4138,303,304,194475,5827,1362198,2992000
4139,295,288,194180,5834,1362486,3160000
4140,313,268,193867,5879,1362754,2937400
4141,306,291,193561,5894,1363045,2987300
4142,298,312,193263,5880,1363357,3086400
4143,311,291,192952,5900,1363648,3045300
4144,272,338,192680,5834,1363986,3112700
4145,287,293,192393,5828,1364279,3001200
4146,294,299,192099,5823,1364578,2895100
4147,285,299,191814,5809,1364877,2888400
4148,315,281,191499,5843,1365158,2824300
4149,272,304,191227,5811,1365462,2977500
4150,266,283,190961,5794,1365745,2930000
4151,268,284,190693,5778,1366029,2964600
4152,295,291,190398,5782,1366320,3048200
4153,279,293,190119,5768,1366613,2905500
4154,270,306,189849,5732,1366919,2873400
4155,298,308,189551,5722,1367227,2995400
4156,315,293,189236,5744,1367520,2995800
4157,281,297,188955,5728,1367817,3044200
4158,316,294,188639,5750,1368111,2864900
4159,289,306,188350,5733,1368417,2978200
4160,292,294,188058,5731,1368711,2965300
4161,304,239,187754,5796,1368950,3143500
4162,267,286,187487,5777,1369236,2981700
4163,313,292,187174,5798,1369528,2945800
4164,279,311,186895,5766,1369839,3047400
4165,274,299,186621,5741,1370138,2978100
4166,285,283,186336,5743,1370421,3016300
4167,293,267,186043,5769,1370688,3182600
4168,272,263,185771,5778,1370951,2958400
4169,251,262,185520,5767,1371213,2962300
4170,285,258,185235,5794,1371471,3225000
4171,298,291,184937,5801,1371762,2968700
4172,266,293,184671,5774,1372055,2848000
4173,275,252,184396,5797,1372307,2935000
4174,275,286,184121,5786,1372593,2995200
4175,286,317,183835,5755,1372910,2856500
4176,279,288,183556,5746,1373198,3101000
4177,294,299,183262,5741,1373497,2994000
4178,299,275,182963,5765,1373772,2895900
4179,283,313,182680,5735,1374085,2877600
4180,267,300,182413,5702,1374385,2830100
4181,292,287,182121,5707,1374672,2839100
4182,281,273,181840,5715,1374945,2757100
4183,289,247,181551,5757,1375192,2901500
4184,303,293,181248,5767,1375485,2883500
4185,270,275,180978,5762,1375760,2872300
4186,302,279,180676,5785,1376039,2861600
4187,257,283,180419,5759,1376322,3688100
4188,288,287,180131,5760,1376609,3032100
4189,278,263,179853,5775,1376872,3112300
4190,265,298,179588,5742,1377170,2930800
4191,270,306,179318,5706,1377476,3016600
4192,267,306,179051,5667,1377782,3119000
4193,271,260,178780,5678,1378042,3187500
4194,296,271,178484,5703,1378313,3071100
4195,264,289,178220,5678,1378602,3049400
4196,293,299,177927,5672,1378901,3027400
4197,284,311,177643,5645,1379212,3029100
4198,326,277,177317,5694,1379489,3418300
4199,322,270,176995,5746,1379759,3122600
4200,280,263,176715,5763,1380022,3129300
4201,286,291,176429,5758,1380313,3372100
4202,310,294,176119,5774,1380607,3557700
4203,299,292,175820,5781,1380899,3155000
4204,285,288,175535,5778,1381187,3024900
4205,300,301,175235,5777,1381488,3071900
4206,277,315,174958,5739,1381803,3042200
4207,293,284,174665,5748,1382087,3007200
4208,304,289,174361,5763,1382376,3214700
4209,281,302,174080,5742,1382678,2997100
4210,301,306,173779,5737,1382984,3260000
4211,286,308,173493,5715,1383292,3174200
4212,290,278,173203,5727,1383570,3053400
4213,281,303,172922,5705,1383873,2964200
4214,313,312,172609,5706,1384185,3038900
4215,303,286,172306,5723,1384471,3233100
4216,297,276,172009,5744,1384747,3256500
4217,292,289,171717,5747,1385036,3011000
4218,298,281,171419,5764,1385317,2897700
4219,292,276,171127,5780,1385593,2849000
4220,293,303,170834,5770,1385896,2902600
4221,292,301,170542,5761,1386197,2984800
4222,296,292,170246,5765,1386489,2979900
4223,261,265,169985,5761,1386754,3111500
4224,287,292,169698,5756,1387046,2971600
4225,279,284,169419,5751,1387330,3035000
4226,299,277,169120,5773,1387607,2949700
4227,294,300,168826,5767,1387907,3213400
4228,278,287,168548,5758,1388194,3141000
4229,289,311,168259,5736,1388505,3101700
4230,300,314,167959,5722,1388819,3049800
4231,291,273,167668,5740,1389092,3788600
4232,319,274,167349,5785,1389366,3139400
4233,320,311,167029,5794,1389677,3086100
4234,308,272,166721,5830,1389949,2872500
4235,285,289,166436,5826,1390238,3128800
4236,299,283,166137,5842,1390521,3044800
4237,281,260,165856,5863,1390781,3037700
4238,282,273,165574,5872,1391054,3058400
4239,297,291,165277,5878,1391345,3021700
4240,307,307,164970,5878,1391652,3219700
4241,294,308,164676,5864,1391960,3326900
4242,309,279,164367,5894,1392239,3063400
4243,287,289,164080,5892,1392528,3244800
4244,300,285,163780,5907,1392813,3188800
4245,286,329,163494,5864,1393142,3042900
4246,328,301,163166,5891,1393443,3191000
4247,307,288,162859,5910,1393731,2972600
4248,290,291,162569,5909,1394022,3014200
4249,298,311,162271,5896,1394333,2981000
4250,283,287,161988,5892,1394620,2922100
4251,301,306,161687,5887,1394926,3322900
4252,301,258,161386,5930,1395184,2930200
4253,271,280,161115,5921,1395464,3181200
4254,288,298,160827,5911,1395762,3115200
4255,284,300,160543,5895,1396062,2846100
4256,270,297,160273,5868,1396359,2904000
4257,268,313,160005,5823,1396672,2788500
4258,271,269,159734,5825,1396941,2845800
4259,293,287,159441,5831,1397228,2906200
4260,304,293,159137,5842,1397521,2873000
4261,278,286,158859,5834,1397807,2945200
4262,258,302,158601,5790,1398109,3021300
4263,288,314,158313,5764,1398423,3000700
4264,270,295,158043,5739,1398718,3016300
4265,286,307,157757,5718,1399025,3028300
4266,284,288,157473,5714,1399313,2804500
4267,256,289,157217,5681,1399602,3157100
4268,285,318,156932,5648,1399920,3260400
4269,241,271,156691,5618,1400191,3129400
4270,300,272,156391,5646,1400463,2832200
4271,271,269,156120,5648,1400732,3268000
4272,278,284,155842,5642,1401016,3142500
4273,288,290,155554,5640,1401306,3070400
4274,298,284,155256,5654,1401590,2857600
4275,261,272,154995,5643,1401862,3063100
4276,252,271,154743,5624,1402133,3081800
4277,263,293,154480,5594,1402426,3125100
4278,272,312,154208,5554,1402738,3145100
4279,286,263,153922,5577,1403001,3011200
4280,283,247,153639,5613,1403248,3229300
4281,265,267,153374,5611,1403515,2952700
4282,288,276,153086,5623,1403791,3092000
4283,278,321,152808,5580,1404112,3008400
4284,279,305,152529,5554,1404417,3308600
4285,277,276,152252,5555,1404693,3178700
4286,249,259,152003,5545,1404952,2836700
4287,276,271,151727,5550,1405223,3102300
4288,267,248,151460,5569,1405471,3024900
4289,261,300,151199,5530,1405771,3023600
4290,252,263,150947,5519,1406034,3121300
4291,243,284,150704,5478,1406318,3029400
4292,272,253,150432,5497,1406571,3188200
4293,270,261,150162,5506,1406832,3022100
4294,234,311,149928,5429,1407143,3217300
4295,265,297,149663,5397,1407440,3121600
4296,230,258,149433,5369,1407698,3009400
4297,258,265,149175,5362,1407963,3328100
4298,233,264,148942,5331,1408227,3114000
4299,233,256,148709,5308,1408483,3363300
4300,239,261,148470,5286,1408744,3002100
4301,264,252,148206,5298,1408996,3117800
4302,274,274,147932,5298,1409270,3062500
4303,236,255,147696,5279,1409525,3198300
4304,280,253,147416,5306,1409778,3160600
4305,263,239,147153,5330,1410017,3155700
4306,255,259,146898,5326,1410276,3247400
4307,249,263,146649,5312,1410539,3444200
4308,262,287,146387,5287,1410826,3069500
4309,277,273,146110,5291,1411099,3074400
4310,230,253,145880,5268,1411352,3302100
4311,251,279,145629,5240,1411631,3061900
4312,275,279,145354,5236,1411910,3139100
4313,244,269,145110,5211,1412179,3240700
4314,267,267,144843,5211,1412446,3025000
4315,243,267,144600,5187,1412713,3000100
4316,256,263,144344,5180,1412976,3146300
4317,273,249,144071,5204,1413225,3177600
4318,274,248,143797,5230,1413473,3100700
4319,266,249,143531,5247,1413722,3525800
4320,240,231,143291,5256,1413953,2967200
4321,243,254,143048,5245,1414207,2923800
4322,248,225,142800,5268,1414432,2917900
4323,272,247,142528,5293,1414679,2843500
4324,265,256,142263,5302,1414935,2888400
4325,280,247,141983,5335,1415182,2933800
4326,291,262,141692,5364,1415444,3155300
4327,285,283,141407,5366,1415727,2905000
4328,269,263,141138,5372,1415990,3041900
4329,280,265,140858,5387,1416255,3244100
4330,302,245,140556,5444,1416500,3178300
4331,269,251,140287,5462,1416751,3102800
4332,316,307,139971,5471,1417058,3233600
4333,248,281,139723,5438,1417339,3485900
4334,259,243,139464,5454,1417582,3474000
4335,264,283,139200,5435,1417865,3369700
4336,267,264,138933,5438,1418129,3642000
4337,261,300,138672,5399,1418429,3266200
4338,271,277,138401,5393,1418706,3230500
4339,242,280,138159,5355,1418986,3279100
4340,246,265,137913,5336,1419251,3257700
4341,253,271,137660,5318,1419522,3266600
4342,247,234,137413,5331,1419756,3222700
4343,287,272,137126,5346,1420028,3062400
4344,272,266,136854,5352,1420294,2904000
4345,281,291,136573,5342,1420585,2945000
4346,233,260,136340,5315,1420845,3078500
4347,272,255,136068,5332,1421100,3581300
4348,249,268,135819,5313,1421368,3314200
4349,274,267,135545,5320,1421635,3183800
4350,252,243,135293,5329,1421878,3375500
4351,245,268,135048,5306,1422146,3272400
4352,244,276,134804,5274,1422422,3111400
4353,238,260,134566,5252,1422682,3148500
4354,264,279,134302,5237,1422961,3054500
4355,221,261,134081,5197,1423222,3347700
4356,244,280,133837,5161,1423502,3132800
4357,250,270,133587,5141,1423772,3097000
4358,249,236,133338,5154,1424008,3320400
4359,226,247,133112,5133,1424255,3598500
4360,240,232,132872,5141,1424487,3162000
4361,259,240,132613,5160,1424727,3119800
4362,267,252,132346,5175,1424979,3261500
4363,243,258,132103,5160,1425237,3248000
4364,260,270,131843,5150,1425507,3109900
4365,234,267,131609,5117,1425774,3031600
4366,256,257,131353,5116,1426031,3337900
4367,238,270,131115,5084,1426301,3135300
4368,235,244,130880,5075,1426545,3048900
4369,228,257,130652,5046,1426802,2946300
4370,254,263,130398,5037,1427065,2898600
4371,240,242,130158,5035,1427307,2995600
4372,243,232,129915,5046,1427539,3083600
4373,244,247,129671,5043,1427786,3115600
4374,269,259,129402,5053,1428045,2907100
4375,236,273,129166,5016,1428318,2867600
4376,234,248,128932,5002,1428566,3104900
4377,249,249,128683,5002,1428815,3221300
4378,224,238,128459,4988,1429053,3068500
4379,242,239,128217,4991,1429292,3087900
4380,230,257,127987,4964,1429549,3062700
4381,230,217,127757,4977,1429766,3373000
4382,226,263,127531,4940,1430029,3341300
4383,200,236,127331,4904,1430265,3196600
4384,230,218,127101,4916,1430483,2908100
4385,242,233,126859,4925,1430716,2938800
4386,236,231,126623,4930,1430947,3068100
4387,220,247,126403,4903,1431194,2880000
4388,225,256,126178,4872,1431450,3112100
4389,240,256,125938,4856,1431706,3371300
4390,230,252,125708,4834,1431958,3337400
4391,236,261,125472,4809,1432219,3223500
4392,232,229,125240,4812,1432448,3143700
4393,222,256,125018,4778,1432704,3086400
4394,246,222,124772,4802,1432926,2991000
4395,212,245,124560,4769,1433171,2898700
4396,205,219,124355,4755,1433390,3052100
4397,239,261,124116,4733,1433651,2954000
4398,208,238,123908,4703,1433889,2799600
4399,220,252,123688,4671,1434141,3215500
4400,195,230,123493,4636,1434371,3123200
4401,216,246,123277,4606,1434617,2903100
4402,202,216,123075,4592,1434833,2853800
4403,211,224,122864,4579,1435057,2980400
4404,220,241,122644,4558,1435298,3092800
4405,198,212,122446,4544,1435510,2841300
4406,194,211,122252,4527,1435721,2844300
4407,195,246,122057,4476,1435967,3146200
4408,201,226,121856,4451,1436193,3039000
4409,211,205,121645,4457,1436398,2861100
4410,205,216,121440,4446,1436614,3122900
4411,222,229,121218,4439,1436843,3165000
4412,208,244,121010,4403,1437087,2968200
4413,191,223,120819,4371,1437310,2903800
4414,183,212,120636,4342,1437522,2980500
4415,178,232,120458,4288,1437754,2819300
4416,192,218,120266,4262,1437972,2821000
4417,190,238,120076,4214,1438210,2884000
4418,182,216,119894,4180,1438426,2862100
4419,184,198,119710,4166,1438624,2904400
4420,188,216,119522,4138,1438840,2854300
4421,213,229,119309,4122,1439069,2759300
4422,191,183,119118,4130,1439252,2904300
4423,186,204,118932,4112,1439456,2788600
4424,187,212,118745,4087,1439668,2844400
4425,175,226,118570,4036,1439894,2898600
4426,170,218,118400,3988,1440112,3074800
4427,186,211,118214,3963,1440323,2916100
4428,183,198,118031,3948,1440521,3149900
4429,192,197,117839,3943,1440718,3064900
4430,160,199,117679,3904,1440917,3160400
4431,209,191,117470,3922,1441108,2937200
4432,169,185,117301,3906,1441293,2851100
4433,159,203,117142,3862,1441496,2908100
4434,190,197,116952,3855,1441693,2869600
4435,169,200,116783,3824,1441893,2844000
4436,193,194,116590,3823,1442087,2771800
4437,164,193,116426,3794,1442280,2821500
4438,173,191,116253,3776,1442471,2874700
4439,182,178,116071,3780,1442649,3141600
4440,173,202,115898,3751,1442851,3134800
4441,181,175,115717,3757,1443026,3051100
4442,186,177,115531,3766,1443203,3050000
4443,169,233,115362,3702,1443436,3085700
4444,162,206,115200,3658,1443642,3037500
4445,172,177,115028,3653,1443819,3185600
4446,187,188,114841,3652,1444007,3180100
4447,180,198,114661,3634,1444205,2843900
4448,171,182,114490,3623,1444387,3281700
4449,153,200,114337,3576,1444587,3114300
4450,180,180,114157,3576,1444767,3064400
4451,162,175,113995,3563,1444942,3031400
4452,177,177,113818,3563,1445119,2846200
4453,177,191,113641,3549,1445310,2855800
4454,169,179,113472,3539,1445489,2929000
4455,183,205,113289,3517,1445694,3068500
4456,189,188,113100,3518,1445882,2915300
4457,183,182,112917,3519,1446064,2768200
4458,176,192,112741,3503,1446256,2876100
4459,179,177,112562,3505,1446433,2897000
4460,188,192,112374,3501,1446625,2976200
4461,181,176,112193,3506,1446801,2818100
4462,175,174,112018,3507,1446975,3028500
4463,202,171,111816,3538,1447146,2770100
4464,166,166,111650,3538,1447312,2855200
4465,175,145,111475,3568,1447457,2744800
4466,189,181,111286,3576,1447638,3040800
4467,164,179,111122,3561,1447817,2939800
4468,195,159,110927,3597,1447976,2831100
4469,162,161,110765,3598,1448137,3063700
4470,191,197,110574,3592,1448334,3102800
4471,184,182,110390,3594,1448516,2845400
4472,173,177,110217,3590,1448693,2772600
4473,189,167,110028,3612,1448860,2886200
4474,171,174,109857,3609,1449034,2896900
4475,158,195,109699,3572,1449229,3008700
4476,167,209,109532,3530,1449438,2903800
4477,172,178,109360,3524,1449616,2857300
4478,179,188,109181,3515,1449804,2846100
4479,168,161,109013,3522,1449965,2767300
4480,169,170,108844,3521,1450135,2788400
4481,171,170,108673,3522,1450305,2907600
4482,150,152,108523,3520,1450457,2858100
4483,151,178,108372,3493,1450635,2885600
4484,161,167,108211,3487,1450802,2851800
4485,183,162,108028,3508,1450964,2828300
4486,157,181,107871,3484,1451145,2783500
4487,166,177,107705,3473,1451322,2706700
4488,155,171,107550,3457,1451493,2836700
4489,176,176,107374,3457,1451669,2835000
4490,164,183,107210,3438,1451852,2839200
4491,156,184,107054,3410,1452036,2746900
4492,156,177,106898,3389,1452213,2909600
4493,168,148,106730,3409,1452361,2879300
4494,158,169,106572,3398,1452530,3163700
4495,174,175,106398,3397,1452705,3017200
4496,174,185,106224,3386,1452890,2826500
4497,165,181,106059,3370,1453071,3202600
4498,178,184,105881,3364,1453255,2968500
4499,148,172,105733,3340,1453427,2873400
4500,149,154,105584,3335,1453581,2853600
4501,143,177,105441,3301,1453758,2862200
4502,171,188,105270,3284,1453946,2873600
4503,153,179,105117,3258,1454125,2933000
4504,162,156,104955,3264,1454281,3216500
4505,181,135,104774,3310,1454416,3178100
4506,156,161,104618,3305,1454577,3091400
4507,188,176,104430,3317,1454753,2919200
4508,153,169,104277,3301,1454922,2977700
4509,151,160,104126,3292,1455082,2865800
4510,163,166,103963,3289,1455248,2858200
4511,150,138,103813,3301,1455386,2856500
4512,174,172,103639,3303,1455558,2870200
4513,154,162,103485,3295,1455720,2971100
4514,151,161,103334,3285,1455881,3205400
4515,152,167,103182,3270,1456048,3283300
4516,149,166,103033,3253,1456214,3211900
4517,147,173,102886,3227,1456387,3130000
4518,144,145,102742,3226,1456532,3156100
4519,167,159,102575,3234,1456691,3175600
4520,147,161,102428,3220,1456852,3081300
4521,129,164,102299,3185,1457016,2954800
4522,155,161,102144,3179,1457177,3569500
4523,160,161,101984,3178,1457338,3255500
4524,158,160,101826,3176,1457498,3073300
4525,153,145,101673,3184,1457643,3244600
4526,162,181,101511,3165,1457824,3182500
4527,156,169,101355,3152,1457993,3357200
4528,174,159,101181,3167,1458152,3100400
4529,170,138,101011,3199,1458290,3050900
4530,157,145,100854,3211,1458435,3150500
4531,164,156,100690,3219,1458591,2812400
4532,151,143,100539,3227,1458734,3085100
4533,142,184,100397,3185,1458918,3044000
4534,142,152,100255,3175,1459070,3018200
4535,160,174,100095,3161,1459244,3144100
4536,143,165,99952,3139,1459409,3061800
4537,152,170,99800,3121,1459579,3094700
4538,165,136,99635,3150,1459715,3167400
4539,125,147,99510,3128,1459862,3027600
4540,152,152,99358,3128,1460014,3141900
4541,139,167,99219,3100,1460181,3050400
4542,135,158,99084,3077,1460339,3087000
4543,152,160,98932,3069,1460499,3140800
4544,144,137,98788,3076,1460636,3016800
4545,132,133,98656,3075,1460769,2910700
4546,138,176,98518,3037,1460945,2919200
4547,132,137,98386,3032,1461082,2820200
4548,158,167,98228,3023,1461249,2920200
4549,146,169,98082,3000,1461418,2910800
4550,147,140,97935,3007,1461558,3016200
4551,141,159,97794,2989,1461717,2896800
4552,134,140,97660,2983,1461857,2964000
4553,146,154,97514,2975,1462011,2897100
4554,133,148,97381,2960,1462159,2891700
4555,135,136,97246,2959,1462295,2786300
4556,126,141,97120,2944,1462436,2968600
4557,113,128,97007,2929,1462564,2841300
4558,124,141,96883,2912,1462705,2922100
4559,136,144,96747,2904,1462849,3075000
4560,161,155,96586,2910,1463004,3009100
4561,134,140,96452,2904,1463144,2969200
4562,148,123,96304,2929,1463267,2921400
4563,155,154,96149,2930,1463421,2839700
4564,137,158,96012,2909,1463579,3149300
4565,153,148,95859,2914,1463727,3119400
4566,136,146,95723,2904,1463873,2904300
4567,157,140,95566,2921,1464013,2850600
4568,132,172,95434,2881,1464185,3162600
4569,153,142,95281,2892,1464327,2840300
4570,150,125,95131,2917,1464452,3167900
4571,152,154,94979,2915,1464606,2832200
4572,135,151,94844,2899,1464757,2801300
4573,155,139,94689,2915,1464896,2859300
4574,150,128,94539,2937,1465024,2976700
4575,151,161,94388,2927,1465185,2976400
4576,136,136,94252,2927,1465321,2839500
4577,148,163,94104,2912,1465484,2863600
4578,145,150,93959,2907,1465634,2801200
4579,119,131,93840,2895,1465765,3077300
4580,123,126,93717,2892,1465891,3085200
4581,140,140,93577,2892,1466031,2996100
4582,135,141,93442,2886,1466172,3009000
4583,132,153,93310,2865,1466325,2965500
4584,129,141,93181,2853,1466466,3365500
4585,140,135,93041,2858,1466601,2938700
4586,151,140,92890,2869,1466741,3023500
4587,139,143,92751,2865,1466884,2902400
4588,118,152,92633,2831,1467036,3225000
4589,126,127,92507,2830,1467163,3178300
4590,153,124,92354,2859,1467287,2941600
4591,138,134,92216,2863,1467421,2795800
4592,154,126,92062,2891,1467547,2974600
4593,150,150,91912,2891,1467697,3196200
4594,148,142,91764,2897,1467839,3175400
4595,154,138,91610,2913,1467977,3037000
4596,148,144,91462,2917,1468121,2834400
4597,153,130,91309,2940,1468251,2774500
4598,132,146,91177,2926,1468397,2914100
4599,151,145,91026,2932,1468542,3262100
4600,167,168,90859,2931,1468710,3011700
4601,152,131,90707,2952,1468841,2898400
4602,154,173,90553,2933,1469014,2853200
4603,130,138,90423,2925,1469152,2892200
4604,153,156,90270,2922,1469308,2967900
4605,134,169,90136,2887,1469477,3226600
4606,144,144,89992,2887,1469621,3171400
4607,154,136,89838,2905,1469757,2957300
4608,126,142,89712,2889,1469899,2836000
4609,143,134,89569,2898,1470033,3077400
4610,138,153,89431,2883,1470186,3129600
4611,148,136,89283,2895,1470322,3195700
4612,134,141,89149,2888,1470463,2972100
4613,135,137,89014,2886,1470600,2972600
4614,155,139,88859,2902,1470739,3111500
4615,153,135,88706,2920,1470874,3067700
4616,142,144,88564,2918,1471018,2929800
4617,121,135,88443,2904,1471153,2943500
4618,150,135,88293,2919,1471288,3239900
4619,141,135,88152,2925,1471423,3323200
4620,125,164,88027,2886,1471587,3187800
4621,135,146,87892,2875,1471733,3082100
4622,155,126,87737,2904,1471859,3030000
4623,139,131,87598,2912,1471990,3093600
4624,132,137,87466,2907,1472127,2973300
4625,146,132,87320,2921,1472259,2982600
4626,154,128,87166,2947,1472387,3148500
4627,148,158,87018,2937,1472545,3433900
4628,138,138,86880,2937,1472683,3126600
4629,114,149,86766,2902,1472832,3012700
4630,113,154,86653,2861,1472986,2984000
4631,146,146,86507,2861,1473132,3015500
4632,129,127,86378,2863,1473259,3000700
4633,125,151,86253,2837,1473410,2926500
4634,131,141,86122,2827,1473551,2971700
4635,127,145,85995,2809,1473696,2856900
4636,137,133,85858,2813,1473829,2963600
4637,113,132,85745,2794,1473961,2887300
4638,118,116,85627,2796,1474077,2860300
4639,116,139,85511,2773,1474216,2912900
4640,114,136,85397,2751,1474352,2924200
4641,131,124,85266,2758,1474476,3320100
4642,107,135,85159,2730,1474611,3134000
4643,117,121,85042,2726,1474732,2931200
4644,149,122,84893,2753,1474854,3107300
4645,119,157,84774,2715,1475011,2921100
4646,134,130,84640,2719,1475141,2949100
4647,142,112,84498,2749,1475253,2898700
4648,129,127,84369,2751,1475380,2932400
4649,130,131,84239,2750,1475511,2937600
4650,125,115,84114,2760,1475626,3156900
4651,122,137,83992,2745,1475763,2866200
4652,135,144,83857,2736,1475907,2912200
4653,125,124,83732,2737,1476031,2903500
4654,134,144,83598,2727,1476175,2881000
4655,123,157,83475,2693,1476332,3058000
4656,115,145,83360,2663,1476477,3015500
4657,130,110,83230,2683,1476587,2847300
4658,142,131,83088,2694,1476718,2813700
4659,133,144,82955,2683,1476862,2811600
4660,121,132,82834,2672,1476994,2909100
4661,125,126,82709,2671,1477120,3000700
4662,130,119,82579,2682,1477239,3085800
4663,102,136,82477,2648,1477375,3353200
4664,118,145,82359,2621,1477520,3033700
4665,118,139,82241,2600,1477659,3255700
4666,110,140,82131,2570,1477799,3156400
4667,136,131,81995,2575,1477930,2933700
4668,121,138,81874,2558,1478068,2941500
4669,130,131,81744,2557,1478199,2885500
4670,112,113,81632,2556,1478312,2921400
4671,128,129,81504,2555,1478441,3443900
4672,124,141,81380,2538,1478582,3115100
4673,119,132,81261,2525,1478714,2914600
4674,110,125,81151,2510,1478839,3013300
4675,124,119,81027,2515,1478958,2896700
4676,123,119,80904,2519,1479077,2952400
4677,121,112,80783,2528,1479189,3140700
4678,108,141,80675,2495,1479330,3069100
4679,105,141,80570,2459,1479471,3189500
4680,122,130,80448,2451,1479601,3067200
4681,127,114,80321,2464,1479715,3272800
4682,142,120,80179,2486,1479835,3169700
4683,129,118,80050,2497,1479953,3149800
4684,110,115,79940,2492,1480068,3144000
4685,110,128,79830,2474,1480196,3069700
4686,102,130,79728,2446,1480326,2976100
4687,135,112,79593,2469,1480438,3063000
4688,123,119,79470,2473,1480557,3130400
4689,130,109,79340,2494,1480666,3201400
4690,130,144,79210,2480,1480810,3144700
4691,121,127,79089,2474,1480937,3136900
4692,121,115,78968,2480,1481052,2982700
4693,117,107,78851,2490,1481159,2957100
4694,139,128,78712,2501,1481287,3160300
4695,116,138,78596,2479,1481425,3221500
4696,109,134,78487,2454,1481559,3048200
4697,110,121,78377,2443,1481680,2971100
4698,145,119,78232,2469,1481799,3306000
4699,113,98,78119,2484,1481897,3129800
4700,110,130,78009,2464,1482027,3046400
4701,114,120,77895,2458,1482147,3407100
4702,103,133,77792,2428,1482280,3216000
4703,112,134,77680,2406,1482414,3200100
4704,130,140,77550,2396,1482554,3196900
4705,105,124,77445,2377,1482678,3091700
4706,107,121,77338,2363,1482799,3161300
4707,115,122,77223,2356,1482921,2958800
4708,110,119,77113,2347,1483040,3015000
4709,114,126,76999,2335,1483166,3088700
4710,115,127,76884,2323,1483293,2933600
4711,99,117,76785,2305,1483410,2903300
4712,100,122,76685,2283,1483532,2935200
4713,112,90,76573,2305,1483622,2902700
4714,111,110,76462,2306,1483732,3145400
4715,106,109,76356,2303,1483841,2856700
4716,116,135,76240,2284,1483976,2803200
4717,121,123,76119,2282,1484099,2954600
4718,102,134,76017,2250,1484233,2838200
4719,116,120,75901,2246,1484353,2841200
4720,114,108,75787,2252,1484461,2897900
4721,113,120,75674,2245,1484581,2805900
4722,112,106,75562,2251,1484687,2996100
4723,127,122,75435,2256,1484809,2915700
4724,112,94,75323,2274,1484903,2983700
4725,126,116,75197,2284,1485019,2911100
4726,121,114,75076,2291,1485133,2877100
4727,127,100,74949,2318,1485233,2914000
4728,120,111,74829,2327,1485344,2922300
4729,138,146,74691,2319,1485490,2867000
4730,109,122,74582,2306,1485612,2873700
4731,118,128,74464,2296,1485740,2817600
4732,115,128,74349,2283,1485868,2901600
4733,125,120,74224,2288,1485988,2871300
4734,114,92,74110,2310,1486080,2918200
4735,121,114,73989,2317,1486194,2969900
4736,118,130,73871,2305,1486324,3115500
4737,132,116,73739,2321,1486440,3183700
4738,118,127,73621,2312,1486567,3068400
4739,118,105,73503,2325,1486672,3271300
4740,109,90,73394,2344,1486762,3203100
4741,124,123,73270,2345,1486885,3333400
4742,114,105,73156,2354,1486990,3287400
4743,113,127,73043,2340,1487117,2977300
4744,96,122,72947,2314,1487239,2861800
4745,128,121,72819,2321,1487360,2895700
4746,109,117,72710,2313,1487477,2882900
4747,117,98,72593,2332,1487575,3013100
4748,100,107,72493,2325,1487682,2924500
4749,93,117,72400,2301,1487799,2833700
4750,102,118,72298,2285,1487917,2977600
4751,111,104,72187,2292,1488021,2990900
4752,116,100,72071,2308,1488121,2930900
4753,114,103,71957,2319,1488224,2873400
4754,103,121,71854,2301,1488345,2895500
4755,93,103,71761,2291,1488448,2821500
4756,95,103,71666,2283,1488551,2888500
4757,132,115,71534,2300,1488666,2864000
4758,103,96,71431,2307,1488762,3009300
4759,120,117,71311,2310,1488879,3053600
4760,98,122,71213,2286,1489001,2847000
4761,101,116,71112,2271,1489117,2879000
4762,100,114,71012,2257,1489231,2906000
4763,96,102,70916,2251,1489333,2835500
4764,112,120,70804,2243,1489453,2867000
4765,133,109,70671,2267,1489562,2946500
4766,111,114,70560,2264,1489676,2947000
4767,104,126,70456,2242,1489802,3141300
4768,115,118,70341,2239,1489920,2909000
4769,114,114,70227,2239,1490034,2891700
4770,108,124,70119,2223,1490158,3014900
4771,128,106,69991,2245,1490264,2940700
4772,120,95,69871,2270,1490359,2888900
4773,115,123,69756,2262,1490482,2894900
4774,127,109,69629,2280,1490591,2832800
4775,124,118,69505,2286,1490709,2878200
4776,127,97,69378,2316,1490806,2865100
4777,129,122,69249,2323,1490928,2971200
4778,124,123,69125,2324,1491051,2920900
4779,126,106,68999,2344,1491157,2875200
4780,105,109,68894,2340,1491266,2839200
4781,136,138,68758,2338,1491404,2912700
4782,120,112,68638,2346,1491516,3005000
4783,110,108,68528,2348,1491624,2978000
4784,120,108,68408,2360,1491732,2898300
4785,127,113,68281,2374,1491845,2915100
4786,131,133,68150,2372,1491978,3039800
4787,112,128,68038,2356,1492106,2974600
4788,105,116,67933,2345,1492222,2845800
4789,87,113,67846,2319,1492335,2985500
4790,125,112,67721,2332,1492447,3153200
4791,117,106,67604,2343,1492553,2847100
4792,99,107,67505,2335,1492660,2888500
4793,98,125,67407,2308,1492785,3127400
4794,88,112,67319,2284,1492897,2990500
4795,105,131,67214,2258,1493028,3142900
4796,105,120,67109,2243,1493148,3057600
4797,106,126,67003,2223,1493274,3037300
4798,108,106,66895,2225,1493380,2986800
4799,103,115,66792,2213,1493495,2961900
4800,104,117,66688,2200,1493612,3078500
4801,99,102,66589,2197,1493714,3035400
4802,105,109,66484,2193,1493823,2972600
4803,109,113,66375,2189,1493936,3051400
4804,96,98,66279,2187,1494034,3066400
4805,122,119,66157,2190,1494153,2958500
4806,101,131,66056,2160,1494284,3095200
4807,101,112,65955,2149,1494396,3059500
4808,97,100,65858,2146,1494496,3029400
4809,98,112,65760,2132,1494608,2959800
4810,110,97,65650,2145,1494705,3135700
4811,97,100,65553,2142,1494805,2924000
4812,88,102,65465,2128,1494907,2881300
4813,113,108,65352,2133,1495015,2859700
4814,111,92,65241,2152,1495107,3141900
4815,110,91,65131,2171,1495198,2889200
4816,114,103,65017,2182,1495301,2898400
4817,94,94,64923,2182,1495395,3047200
4818,83,118,64840,2147,1495513,3140800
4819,87,119,64753,2115,1495632,3140400
4820,101,113,64652,2103,1495745,2922200
4821,92,106,64560,2089,1495851,2943200
4822,87,92,64473,2084,1495943,2922600
4823,106,95,64367,2095,1496038,2806400
4824,96,111,64271,2080,1496149,2889200
4825,100,110,64171,2070,1496259,2919400
4826,97,106,64074,2061,1496365,2965700
4827,104,120,63970,2045,1496485,2888500
4828,87,109,63883,2023,1496594,3158300
4829,93,114,63790,2002,1496708,3114800
4830,72,93,63718,1981,1496801,3022700
4831,105,94,63613,1992,1496895,2958800
4832,75,104,63538,1963,1496999,2901400
4833,97,101,63441,1959,1497100,2995900
4834,87,97,63354,1949,1497197,2914200
4835,103,105,63251,1947,1497302,3083000
4836,89,101,63162,1935,1497403,3134300
4837,86,91,63076,1930,1497494,2891400
4838,91,86,62985,1935,1497580,3009400
4839,87,86,62898,1936,1497666,2896100
4840,100,107,62798,1929,1497773,3068700
4841,105,104,62693,1930,1497877,3228500
4842,101,115,62592,1916,1497992,3105600
4843,103,111,62489,1908,1498103,3341700
4844,101,83,62388,1926,1498186,3196700
4845,112,94,62276,1944,1498280,3119900
4846,100,97,62176,1947,1498377,3019200
4847,86,98,62090,1935,1498475,3009700
4848,111,89,61979,1957,1498564,2995300
4849,93,100,61886,1950,1498664,3128000
4850,85,94,61801,1941,1498758,2957400
4851,94,93,61707,1942,1498851,3074500
4852,106,100,61601,1948,1498951,3077500
4853,98,94,61503,1952,1499045,3092800
4854,91,90,61412,1953,1499135,3059100
4855,121,94,61291,1980,1499229,2953300
4856,111,103,61180,1988,1499332,3010600
4857,98,98,61082,1988,1499430,3235400
4858,89,94,60993,1983,1499524,3226400
4859,110,123,60883,1970,1499647,3042700
4860,91,108,60792,1953,1499755,2930600
4861,95,98,60697,1950,1499853,2974300
4862,101,102,60596,1949,1499955,2963100
4863,106,95,60490,1960,1500050,3123800
4864,95,87,60395,1968,1500137,3152800
4865,105,88,60290,1985,1500225,3028300
4866,103,107,60187,1981,1500332,2948400
4867,106,107,60081,1980,1500439,3081500
4868,105,103,59976,1982,1500542,2878000
4869,117,102,59859,1997,1500644,2964100
4870,90,109,59769,1978,1500753,2943900
4871,90,96,59679,1972,1500849,2945800
4872,109,98,59570,1983,1500947,2907300
4873,87,119,59483,1951,1501066,3076900
4874,101,103,59382,1949,1501169,3252200
4875,85,95,59297,1939,1501264,3155700
4876,104,105,59193,1938,1501369,3124100
4877,85,108,59108,1915,1501477,3038400
4878,83,97,59025,1901,1501574,3095100
4879,86,100,58939,1887,1501674,3031600
4880,99,94,58840,1892,1501768,3022300
4881,88,94,58752,1886,1501862,3006900
4882,91,89,58661,1888,1501951,2908700
4883,86,93,58575,1881,1502044,2890700
4884,90,100,58485,1871,1502144,2881400
4885,83,91,58402,1863,1502235,3264900
4886,110,105,58292,1868,1502340,3246500
4887,106,95,58186,1879,1502435,3138700
4888,101,89,58085,1891,1502524,2995000
4889,99,93,57986,1897,1502617,3072000
4890,84,113,57902,1868,1502730,2929300
4891,88,94,57814,1862,1502824,3262300
4892,95,84,57719,1873,1502908,3093400
4893,92,124,57627,1841,1503032,3071200
4894,91,83,57536,1849,1503115,3250400
4895,98,103,57438,1844,1503218,2908300
4896,106,81,57332,1869,1503299,3473600
4897,106,88,57226,1887,1503387,3502000
4898,92,104,57134,1875,1503491,3191000
4899,96,93,57038,1878,1503584,3234400
4900,90,88,56948,1880,1503672,3266000
4901,91,88,56857,1883,1503760,3224600
4902,98,89,56759,1892,1503849,3234900
4903,97,93,56662,1896,1503942,3280900
4904,85,98,56577,1883,1504040,3668700
4905,92,90,56485,1885,1504130,3310200
4906,87,95,56398,1877,1504225,3416600
4907,100,96,56298,1881,1504321,3362000
4908,96,98,56202,1879,1504419,3388000
4909,99,107,56103,1871,1504526,3454800
4910,89,99,56014,1861,1504625,3092400
4911,104,86,55910,1879,1504711,3135000
4912,98,91,55812,1886,1504802,3038700
4913,94,95,55718,1885,1504897,3351500
4914,90,98,55628,1877,1504995,3182800
4915,92,95,55536,1874,1505090,2938000
4916,86,112,55450,1848,1505202,3038200
4917,100,89,55350,1859,1505291,2915500
4918,86,95,55264,1850,1505386,3031300
4919,114,96,55150,1868,1505482,2903000
4920,90,94,55060,1864,1505576,2853700
4921,96,77,54964,1883,1505653,2987500
4922,73,82,54891,1874,1505735,2932200
4923,92,99,54799,1867,1505834,2833200
4924,89,88,54710,1868,1505922,3074700
4925,71,109,54639,1830,1506031,2942500
4926,75,95,54564,1810,1506126,2922300
4927,96,90,54468,1816,1506216,3287200
4928,83,89,54385,1810,1506305,2959800
4929,105,85,54280,1830,1506390,3029900
4930,81,91,54199,1820,1506481,2979100
4931,86,88,54113,1818,1506569,2891800
4932,95,95,54018,1818,1506664,2803300
4933,90,87,53928,1821,1506751,2820300
4934,66,103,53862,1784,1506854,2794600
4935,78,112,53784,1750,1506966,3046800
4936,91,87,53693,1754,1507053,3119500
4937,79,74,53614,1759,1507127,3021200
4938,69,92,53545,1736,1507219,2922600
4939,82,79,53463,1739,1507298,2856700
4940,72,95,53391,1716,1507393,3103300
4941,85,94,53306,1707,1507487,2944700
4942,80,79,53226,1708,1507566,3005300
4943,87,89,53139,1706,1507655,3034800
4944,89,69,53050,1726,1507724,2935200
4945,76,78,52974,1724,1507802,2973800
4946,89,75,52885,1738,1507877,2941000
4947,85,83,52800,1740,1507960,2991500
4948,90,92,52710,1738,1508052,3435900
4949,100,96,52610,1742,1508148,2948800
4950,107,94,52503,1755,1508242,2957100
4951,98,71,52405,1782,1508313,3029300
4952,89,78,52316,1793,1508391,2984300
4953,102,82,52214,1813,1508473,3368800
4954,85,85,52129,1813,1508558,2888900
4955,89,100,52040,1802,1508658,2805800
4956,85,83,51955,1804,1508741,2791300
4957,102,81,51853,1825,1508822,3155800
4958,91,98,51762,1818,1508920,3299400
4959,79,83,51683,1814,1509003,3139300
4960,85,104,51598,1795,1509107,3112800
4961,76,90,51522,1781,1509197,2920300
4962,83,84,51439,1780,1509281,2893400
4963,72,98,51367,1754,1509379,3335900
4964,74,99,51293,1729,1509478,3117600
4965,94,78,51199,1745,1509556,3018300
4966,88,103,51111,1730,1509659,3026800
4967,90,86,51021,1734,1509745,3010100
4968,97,77,50924,1754,1509822,2923400
4969,82,66,50842,1770,1509888,3041800
4970,92,88,50750,1774,1509976,3003100
4971,78,88,50672,1764,1510064,2978300
4972,86,78,50586,1772,1510142,3142600
4973,93,101,50493,1764,1510243,3105000
4974,83,88,50410,1759,1510331,3115000
4975,99,87,50311,1771,1510418,2981000
4976,81,91,50230,1761,1510509,3106200
4977,96,86,50134,1771,1510595,3066200
4978,83,71,50051,1783,1510666,3050300
4979,91,95,49960,1779,1510761,3045400
4980,88,88,49872,1779,1510849,3077700
4981,75,103,49797,1751,1510952,3168000
4982,93,90,49704,1754,1511042,3129600
4983,72,79,49632,1747,1511121,3099200
4984,77,89,49555,1735,1511210,3197400
4985,81,81,49474,1735,1511291,2890900
4986,75,85,49399,1725,1511376,3491600
4987,73,88,49326,1710,1511464,3161200
4988,86,94,49240,1702,1511558,2912500
4989,107,82,49133,1727,1511640,3177200
4990,83,85,49050,1725,1511725,3074200
4991,95,76,48955,1744,1511801,2927400
4992,93,92,48862,1745,1511893,3187900
4993,81,87,48781,1739,1511980,3099300
4994,85,86,48696,1738,1512066,2859400
4995,65,107,48631,1696,1512173,2974900
4996,80,84,48551,1692,1512257,2821000
4997,88,117,48463,1663,1512374,2866200
4998,81,70,48382,1674,1512444,2789200
4999,77,92,48305,1659,1512536,2853200
5000,68,88,48237,1639,1512624,2933300
5001,90,86,48147,1643,1512710,3006800
5002,81,93,48066,1631,1512803,3115500
5003,88,72,47978,1647,1512875,4778500
5004,91,82,47887,1656,1512957,7328900
5005,77,89,47810,1644,1513046,3689900
5006,74,86,47736,1632,1513132,3318200
5007,71,88,47665,1615,1513220,3821000
5008,100,74,47565,1641,1513294,7450800
5009,76,91,47489,1626,1513385,4302600
5010,74,79,47415,1621,1513464,4554400
5011,87,84,47328,1624,1513548,3515400
5012,82,86,47246,1620,1513634,4054200
5013,88,71,47158,1637,1513705,3402700
5014,83,95,47075,1625,1513800,3241600
5015,81,77,46994,1629,1513877,3305300
5016,96,91,46898,1634,1513968,3321000
5017,83,81,46815,1636,1514049,3444400
5018,73,105,46742,1604,1514154,3675300
5019,68,91,46674,1581,1514245,3535500
5020,76,78,46598,1579,1514323,3475400
5021,73,85,46525,1567,1514408,3392300
5022,93,79,46432,1581,1514487,3333400
5023,77,67,46355,1591,1514554,3161000
5024,75,85,46280,1581,1514639,3137900
5025,83,84,46197,1580,1514723,3052700
5026,72,81,46125,1571,1514804,3232000
5027,79,85,46046,1565,1514889,3127500
5028,77,82,45969,1560,1514971,3065200
5029,77,73,45892,1564,1515044,2923000
5030,84,71,45808,1577,1515115,2987000
5031,96,84,45712,1589,1515199,3166000
5032,78,87,45634,1580,1515286,3124900
5033,90,82,45544,1588,1515368,3038600
5034,78,92,45466,1574,1515460,2990600
5035,80,61,45386,1593,1515521,2962600
5036,77,76,45309,1594,1515597,2997700
5037,70,65,45239,1599,1515662,2829700
5038,82,70,45157,1611,1515732,2941600
5039,74,98,45083,1587,1515830,2953600
5040,74,56,45009,1605,1515886,2849200
5041,92,79,44917,1618,1515965,2893500
5042,91,66,44826,1643,1516031,2911700
5043,78,89,44748,1632,1516120,2896700
5044,81,72,44667,1641,1516192,2976900
5045,84,75,44583,1650,1516267,2988500
5046,91,82,44492,1659,1516349,2983300
5047,84,80,44408,1663,1516429,2798800
5048,66,69,44342,1660,1516498,2831800
5049,75,73,44267,1662,1516571,2876400
5050,67,99,44200,1630,1516670,2876700
5051,75,98,44125,1607,1516768,3003400
5052,77,82,44048,1602,1516850,2901700
5053,63,76,43985,1589,1516926,3079100
5054,73,73,43912,1589,1516999,3007600
5055,64,78,43848,1575,1517077,3081100
5056,64,78,43784,1561,1517155,2856200
5057,68,76,43716,1553,1517231,2867800
5058,68,73,43648,1548,1517304,2879100
5059,62,87,43586,1523,1517391,2900100
5060,57,74,43529,1506,1517465,2845800
5061,59,73,43470,1492,1517538,2872300
5062,59,92,43411,1459,1517630,2823000
5063,65,73,43346,1451,1517703,2907700
5064,67,61,43279,1457,1517764,3203900
5065,54,74,43225,1437,1517838,3431600
5066,70,70,43155,1437,1517908,3163000
5067,63,76,43092,1424,1517984,3228000
5068,66,71,43026,1419,1518055,3185700
5069,63,77,42963,1405,1518132,3214300
5070,53,68,42910,1390,1518200,3058300
5071,71,68,42839,1393,1518268,2894400
5072,62,59,42777,1396,1518327,2946400
5073,67,69,42710,1394,1518396,2834900
5074,64,66,42646,1392,1518462,2937400
5075,70,72,42576,1390,1518534,3133300
5076,74,76,42502,1388,1518610,2873400
5077,75,64,42427,1399,1518674,3159500
5078,54,59,42373,1394,1518733,3045200
5079,63,58,42310,1399,1518791,3003100
5080,70,80,42240,1389,1518871,3220200
5081,61,76,42179,1374,1518947,3222100
5082,59,80,42120,1353,1519027,3022600
5083,61,63,42059,1351,1519090,2966600
5084,63,68,41996,1346,1519158,3016600
5085,73,61,41923,1358,1519219,3071700
5086,59,52,41864,1365,1519271,3159100
5087,44,64,41820,1345,1519335,3575800
5088,66,72,41754,1339,1519407,3155300
5089,78,59,41676,1358,1519466,3245900
5090,54,73,41622,1339,1519539,3003100
5091,67,61,41555,1345,1519600,3030100
5092,72,61,41483,1356,1519661,2922300
5093,58,61,41425,1353,1519722,3016000
5094,61,78,41364,1336,1519800,3035300
5095,64,50,41300,1350,1519850,3033700
5096,61,74,41239,1337,1519924,3161900
5097,61,80,41178,1318,1520004,3433600
5098,52,62,41126,1308,1520066,3039100
5099,74,75,41052,1307,1520141,3015600
5100,67,68,40985,1306,1520209,2966400
5101,51,61,40934,1296,1520270,3195100
5102,69,61,40865,1304,1520331,2979200
5103,52,82,40813,1274,1520413,2965100
5104,62,58,40751,1278,1520471,3077100
5105,50,60,40701,1268,1520531,2999300
5106,65,75,40636,1258,1520606,3059200
5107,71,57,40565,1272,1520663,3130600
5108,59,75,40506,1256,1520738,3189000
5109,63,71,40443,1248,1520809,3164500
5110,55,70,40388,1233,1520879,3027100
5111,57,73,40331,1217,1520952,3235700
5112,68,68,40263,1217,1521020,3056900
5113,64,65,40199,1216,1521085,3206400
5114,59,49,40140,1226,1521134,3057900
5115,55,65,40085,1216,1521199,2989100
5116,57,62,40028,1211,1521261,2892100
5117,57,62,39971,1206,1521323,3385100
5118,61,61,39910,1206,1521384,3328300
5119,61,70,39849,1197,1521454,3375700
5120,50,56,39799,1191,1521510,3213800
5121,64,58,39735,1197,1521568,3005300
5122,56,66,39679,1187,1521634,3105400
5123,52,73,39627,1166,1521707,3101200
5124,52,55,39575,1163,1521762,3170800
5125,46,68,39529,1141,1521830,3173500
5126,59,62,39470,1138,1521892,3114600
5127,51,62,39419,1127,1521954,3165600
5128,50,64,39369,1113,1522018,3128500
5129,62,59,39307,1116,1522077,3056000
5130,55,60,39252,1111,1522137,3116900
5131,33,59,39219,1085,1522196,3185500
5132,42,78,39177,1049,1522274,3467200
5133,44,44,39133,1049,1522318,3174200
5134,55,58,39078,1046,1522376,3082500
5135,40,49,39038,1037,1522425,3046000
5136,48,55,38990,1030,1522480,3112400
5137,57,62,38933,1025,1522542,3099500
5138,48,51,38885,1022,1522593,2937200
5139,40,36,38845,1026,1522629,2921200
5140,56,40,38789,1042,1522669,2998700
5141,48,42,38741,1048,1522711,2851600
5142,60,49,38681,1059,1522760,2807400
5143,55,50,38626,1064,1522810,2805200
5144,46,55,38580,1055,1522865,2851200
5145,57,57,38523,1055,1522922,2830000
5146,52,54,38471,1053,1522976,2954000
5147,51,74,38420,1030,1523050,2789200
5148,51,49,38369,1032,1523099,2839200
5149,50,58,38319,1024,1523157,2931500
5150,54,47,38265,1031,1523204,2906900
5151,50,54,38215,1027,1523258,2901300
5152,52,58,38163,1021,1523316,3002500
5153,48,57,38115,1012,1523373,2880900
5154,48,40,38067,1020,1523413,3212200
5155,51,49,38016,1022,1523462,2978700
5156,55,65,37961,1012,1523527,3126900
5157,49,55,37912,1006,1523582,3030000
5158,46,57,37866,995,1523639,2840100
5159,53,54,37813,994,1523693,2780000
5160,60,50,37753,1004,1523743,2864200
5161,46,43,37707,1007,1523786,2851600
5162,54,56,37653,1005,1523842,3041000
5163,54,54,37599,1005,1523896,2929000
5164,51,44,37548,1012,1523940,2942400
5165,51,48,37497,1015,1523988,2865500
5166,52,57,37445,1010,1524045,2811400
5167,42,53,37403,999,1524098,2879600
5168,62,50,37341,1011,1524148,2891200
5169,36,58,37305,989,1524206,2876700
5170,46,54,37259,981,1524260,3121300
5171,46,50,37213,977,1524310,2884000
5172,50,37,37163,990,1524347,2999600
5173,54,37,37109,1007,1524384,2890400
5174,56,46,37053,1017,1524430,2902700
5175,53,64,37000,1006,1524494,2872600
5176,38,52,36962,992,1524546,2896300
5177,53,50,36909,995,1524596,2901000
5178,46,41,36863,1000,1524637,3079800
5179,50,45,36813,1005,1524682,2988500
5180,61,52,36752,1014,1524734,3065100
5181,52,63,36700,1003,1524797,3111200
5182,45,68,36655,980,1524865,2919700
5183,39,39,36616,980,1524904,2904600
5184,34,64,36582,950,1524968,3013900
5185,60,40,36522,970,1525008,3065800
5186,43,45,36479,968,1525053,2967900
5187,48,32,36431,984,1525085,2883000
5188,40,52,36391,972,1525137,2835600
5189,53,46,36338,979,1525183,2982000
5190,49,45,36289,983,1525228,2909400
5191,44,58,36245,969,1525286,2914100
5192,43,59,36202,953,1525345,3113600
5193,39,39,36163,953,1525384,3096900
5194,47,51,36116,949,1525435,2898100
5195,35,48,36081,936,1525483,3130400
5196,43,52,36038,927,1525535,3117500
5197,43,36,35995,934,1525571,2998800
5198,52,53,35943,933,1525624,3086000
5199,40,42,35903,931,1525666,2983600
5200,57,45,35846,943,1525711,3029600
5201,46,38,35800,951,1525749,3183800
5202,47,45,35753,953,1525794,3105000
5203,40,45,35713,948,1525839,2915800
5204,43,41,35670,950,1525880,3028600
5205,46,53,35624,943,1525933,2993500
5206,54,51,35570,946,1525984,3036200
5207,54,34,35516,966,1526018,3165900
5208,54,56,35462,964,1526074,3069200
5209,41,43,35421,962,1526117,3188600
5210,50,37,35371,975,1526154,2989400
5211,48,40,35323,983,1526194,2953600
5212,51,47,35272,987,1526241,2935900
5213,58,48,35214,997,1526289,2929500
5214,47,50,35167,994,1526339,2881800
5215,55,48,35112,1001,1526387,2896200
5216,43,48,35069,996,1526435,2940700
5217,45,38,35024,1003,1526473,2865000
5218,50,51,34974,1002,1526524,3049200
5219,45,53,34929,994,1526577,2908000
5220,41,56,34888,979,1526633,2887200
5221,38,48,34850,969,1526681,2838200
5222,39,42,34811,966,1526723,2817500
5223,49,48,34762,967,1526771,2802700
5224,24,52,34738,939,1526823,2853900
5225,39,38,34699,940,1526861,2775700
5226,41,51,34658,930,1526912,2830000
5227,47,45,34611,932,1526957,2924700
5228,41,49,34570,924,1527006,2894200
5229,39,41,34531,922,1527047,2871800
5230,30,49,34501,903,1527096,2980700
5231,44,49,34457,898,1527145,2922900
5232,37,47,34420,888,1527192,3148900
5233,49,49,34371,888,1527241,3154200
5234,40,47,34331,881,1527288,3098600
5235,38,39,34293,880,1527327,3109900
5236,41,45,34252,876,1527372,3153700
5237,31,48,34221,859,1527420,3295300
5238,38,38,34183,859,1527458,3049300
5239,38,65,34145,832,1527523,2801200
5240,37,44,34108,825,1527567,2925400
5241,42,48,34066,819,1527615,2886700
5242,46,40,34020,825,1527655,2880600
5243,33,49,33987,809,1527704,2871800
5244,42,41,33945,810,1527745,2788600
5245,40,45,33905,805,1527790,2940500
5246,36,39,33869,802,1527829,2866400
5247,39,34,33830,807,1527863,2907000
5248,34,44,33796,797,1527907,2837100
5249,53,45,33743,805,1527952,2815400
5250,31,41,33712,795,1527993,2869600
5251,44,38,33668,801,1528031,2873100
5252,30,39,33638,792,1528070,2925700
5253,42,39,33596,795,1528109,2949500
5254,40,47,33556,788,1528156,2844700
5255,28,32,33528,784,1528188,2926100
5256,31,39,33497,776,1528227,3012500
5257,33,34,33464,775,1528261,3083200
5258,43,48,33421,770,1528309,2947800
5259,29,24,33392,775,1528333,2991100
5260,36,36,33356,775,1528369,2903500
5261,39,38,33317,776,1528407,2941700
5262,51,54,33266,773,1528461,2888600
5263,36,44,33230,765,1528505,3036600
5264,42,32,33188,775,1528537,2844700
5265,32,32,33156,775,1528569,2839000
5266,42,43,33114,774,1528612,2960400
5267,52,37,33062,789,1528649,2883100
5268,41,43,33021,787,1528692,2908500
5269,38,52,32983,773,1528744,2857000
5270,44,42,32939,775,1528786,2882300
5271,38,36,32901,777,1528822,2919600
5272,45,39,32856,783,1528861,2878000
5273,43,39,32813,787,1528900,2911300
5274,53,44,32760,796,1528944,3118600
5275,41,36,32719,801,1528980,3049600
5276,43,38,32676,806,1529018,3062500
5277,41,44,32635,803,1529062,3110800
5278,45,40,32590,808,1529102,3079100
5279,36,40,32554,804,1529142,3135400
5280,33,44,32521,793,1529186,3170900
5281,45,32,32476,806,1529218,3043700
5282,43,47,32433,802,1529265,3017100
5283,38,38,32395,802,1529303,3006000
5284,42,45,32353,799,1529348,3071500
5285,40,36,32313,803,1529384,3089500
5286,32,38,32281,797,1529422,3188800
5287,50,51,32231,796,1529473,3110800
5288,33,38,32198,791,1529511,3057500
5289,35,32,32163,794,1529543,3090500
5290,24,44,32139,774,1529587,3125700
5291,37,36,32102,775,1529623,3155000
5292,30,28,32072,777,1529651,3158200
5293,24,34,32048,767,1529685,3195600
5294,40,35,32008,772,1529720,3099800
5295,36,46,31972,762,1529766,3039900
5296,36,37,31936,761,1529803,3080200
5297,44,40,31892,765,1529843,3051800
5298,32,43,31860,754,1529886,3021300
5299,31,50,31829,735,1529936,3083100
5300,24,49,31805,710,1529985,3067700
5301,37,41,31768,706,1530026,3111600
5302,43,28,31725,721,1530054,2989200
5303,30,28,31695,723,1530082,3003100
5304,27,47,31668,703,1530129,3217500
5305,34,32,31634,705,1530161,3083700
5306,36,32,31598,709,1530193,3046300
5307,27,42,31571,694,1530235,3061500
5308,32,36,31539,690,1530271,2904500
5309,40,42,31499,688,1530313,3059500
5310,32,34,31467,686,1530347,3067300
5311,33,34,31434,685,1530381,2888200
5312,29,37,31405,677,1530418,2857900
5313,28,28,31377,677,1530446,3253600
5314,21,32,31356,666,1530478,2914600
5315,32,25,31324,673,1530503,2888400
5316,31,32,31293,672,1530535,2837700
5317,28,40,31265,660,1530575,2981300
5318,31,34,31234,657,1530609,2896200
5319,33,27,31201,663,1530636,2863100
5320,37,38,31164,662,1530674,2866400
5321,29,38,31135,653,1530712,2965900
5322,35,31,31100,657,1530743,2822700
5323,26,41,31074,642,1530784,2842300
5324,28,32,31046,638,1530816,2887300
5325,35,30,31011,643,1530846,3049900
5326,25,29,30986,639,1530875,2919400
5327,42,28,30944,653,1530903,2878600
5328,28,31,30916,650,1530934,3039000
5329,30,47,30886,633,1530981,2966000
5330,38,30,30848,641,1531011,2839300
5331,27,30,30821,638,1531041,2777700
5332,25,24,30796,639,1531065,2834800
5333,31,41,30765,629,1531106,2935400
5334,20,34,30745,615,1531140,3000400
5335,21,26,30724,610,1531166,2894600
5336,26,29,30698,607,1531195,2826900
5337,29,31,30669,605,1531226,2795700
5338,24,29,30645,600,1531255,2824500
5339,25,34,30620,591,1531289,2865700
5340,23,33,30597,581,1531322,2893500
5341,32,29,30565,584,1531351,3104800
5342,18,29,30547,573,1531380,2834500
5343,22,32,30525,563,1531412,2895200
5344,25,21,30500,567,1531433,2887800
5345,23,25,30477,565,1531458,2801200
5346,24,25,30453,564,1531483,2816900
5347,23,23,30430,564,1531506,2891600
5348,26,31,30404,559,1531537,3068900
5349,35,22,30369,572,1531559,3070400
5350,23,30,30346,565,1531589,2944900
5351,26,23,30320,568,1531612,3160000
5352,37,24,30283,581,1531636,3131000
5353,32,26,30251,587,1531662,3069400
5354,26,30,30225,583,1531692,2855100
5355,30,27,30195,586,1531719,2837200
5356,32,37,30163,581,1531756,2836400
5357,36,27,30127,590,1531783,2873300
5358,33,35,30094,588,1531818,2759400
5359,29,33,30065,584,1531851,3169400
5360,32,33,30033,583,1531884,2845700
5361,26,32,30007,577,1531916,2992700
5362,24,33,29983,568,1531949,2908500
5363,28,27,29955,569,1531976,2826500
5364,21,29,29934,561,1532005,3000300
5365,23,26,29911,558,1532031,3110600
5366,22,21,29889,559,1532052,3118100
5367,27,28,29862,558,1532080,3011100
5368,22,29,29840,551,1532109,2903500
5369,24,31,29816,544,1532140,2858400
5370,16,33,29800,527,1532173,2816800
5371,28,24,29772,531,1532197,2986000
5372,18,30,29754,519,1532227,2973400
5373,27,20,29727,526,1532247,2900300
5374,33,28,29694,531,1532275,3047200
5375,29,26,29665,534,1532301,2936600
5376,21,26,29644,529,1532327,2885800
5377,20,21,29624,528,1532348,2890600
5378,28,33,29596,523,1532381,2910700
5379,25,26,29571,522,1532407,2836300
5380,27,24,29544,525,1532431,2855800
5381,31,20,29513,536,1532451,2838400
5382,24,27,29489,533,1532478,2738600
5383,26,24,29463,535,1532502,2851800
5384,34,26,29429,543,1532528,2946200
5385,19,37,29410,525,1532565,2841200
5386,27,24,29383,528,1532589,3119300
5387,20,27,29363,521,1532616,3049100
5388,28,28,29335,521,1532644,2990600
5389,26,26,29309,521,1532670,3184200
5390,27,21,29282,527,1532691,2946500
5391,27,33,29255,521,1532724,2813000
5392,31,27,29224,525,1532751,2997200
5393,23,26,29201,522,1532777,2813900
5394,26,34,29175,514,1532811,2833400
5395,27,27,29148,514,1532838,3040700
5396,27,20,29121,521,1532858,3216700
5397,23,26,29098,518,1532884,3130100
5398,26,26,29072,518,1532910,3081500
5399,34,25,29038,527,1532935,2998400
5400,24,26,29014,525,1532961,3243500
5401,28,22,28986,531,1532983,2944600
5402,30,23,28956,538,1533006,3335900
5403,32,27,28924,543,1533033,3476900
5404,29,30,28895,542,1533063,3326900
5405,18,29,28877,531,1533092,3252800
5406,19,39,28858,511,1533131,3356700
5407,21,24,28837,508,1533155,3348000
5408,24,27,28813,505,1533182,3132800
5409,22,23,28791,504,1533205,3230600
5410,23,21,28768,506,1533226,3196400
5411,19,27,28749,498,1533253,3119800
5412,19,25,28730,492,1533278,3047600
5413,23,27,28707,488,1533305,3080800
5414,17,33,28690,472,1533338,3084600
5415,17,30,28673,459,1533368,3246800
5416,28,23,28645,464,1533391,3259100
5417,18,21,28627,461,1533412,3208800
5418,16,30,28611,447,1533442,3197600
5419,27,17,28584,457,1533459,3404100
5420,18,20,28566,455,1533479,3220500
5421,14,20,28552,449,1533499,3289000
5422,10,21,28542,438,1533520,3328300
5423,13,24,28529,427,1533544,3214700
5424,18,22,28511,423,1533566,3158000
5425,19,23,28492,419,1533589,3141200
5426,14,19,28478,414,1533608,3200900
5427,18,21,28460,411,1533629,3354900
5428,22,23,28438,410,1533652,3205700
5429,15,16,28423,409,1533668,3193800
5430,11,22,28412,398,1533690,3383300
5431,15,22,28397,391,1533712,3209400
5432,25,19,28372,397,1533731,3182600
5433,20,24,28352,393,1533755,3106500
5434,17,18,28335,392,1533773,3226100
5435,21,19,28314,394,1533792,3144200
5436,17,20,28297,391,1533812,3547400
5437,23,17,28274,397,1533829,3229900
5438,17,18,28257,396,1533847,3205500
5439,18,26,28239,388,1533873,3132000
5440,28,20,28211,396,1533893,3136400
5441,19,19,28192,396,1533912,3116400
5442,15,23,28177,388,1533935,3063200
5443,22,12,28155,398,1533947,3194200
5444,25,16,28130,407,1533963,3322000
5445,18,28,28112,397,1533991,3228600
5446,21,19,28091,399,1534010,3379900
5447,26,23,28065,402,1534033,3236700
5448,18,18,28047,402,1534051,3479600
5449,19,17,28028,404,1534068,3296200
5450,19,24,28009,399,1534092,3306600
5451,26,21,27983,404,1534113,3386300
5452,17,19,27966,402,1534132,3234900
5453,24,18,27942,408,1534150,3428300
5454,26,18,27916,416,1534168,3202200
5455,30,23,27886,423,1534191,3132700
5456,18,23,27868,418,1534214,3297400
5457,27,20,27841,425,1534234,3511300
5458,20,23,27821,422,1534257,3396300
5459,26,29,27795,419,1534286,3296400
5460,27,21,27768,425,1534307,3545700
5461,21,21,27747,425,1534328,3147700
5462,26,16,27721,435,1534344,3164600
5463,19,29,27702,425,1534373,3268100
5464,22,19,27680,428,1534392,3321500
5465,26,24,27654,430,1534416,3223300
5466,15,33,27639,412,1534449,3150600
5467,17,16,27622,413,1534465,3201300
5468,16,17,27606,412,1534482,3141300
5469,25,19,27581,418,1534501,3208700
5470,17,20,27564,415,1534521,3397500
5471,14,26,27550,403,1534547,3374600
5472,20,22,27530,401,1534569,3206500
5473,15,28,27515,388,1534597,3297300
5474,17,20,27498,385,1534617,3197100
5475,18,16,27480,387,1534633,3322600
5476,16,16,27464,387,1534649,3162200
5477,23,24,27441,386,1534673,3515700
5478,23,20,27418,389,1534693,3664400
5479,22,11,27396,400,1534704,3259900
5480,12,22,27384,390,1534726,3522000
5481,14,19,27370,385,1534745,3422900
5482,22,22,27348,385,1534767,3382700
5483,20,24,27328,381,1534791,3298200
5484,14,21,27314,374,1534812,3352400
5485,13,24,27301,363,1534836,3219300
5486,23,16,27278,370,1534852,3522000
5487,21,24,27257,367,1534876,3313000
5488,16,13,27241,370,1534889,3173700
5489,17,26,27224,361,1534915,3244700
5490,15,15,27209,361,1534930,3247400
5491,14,19,27195,356,1534949,3197500
5492,16,12,27179,360,1534961,3337800
5493,27,15,27152,372,1534976,3347600
5494,24,16,27128,380,1534992,3147100
5495,14,16,27114,378,1535008,3396300
5496,22,22,27092,378,1535030,3612200
5497,16,16,27076,378,1535046,3500600
5498,16,20,27060,374,1535066,3555400
5499,14,19,27046,369,1535085,3339800
5500,19,20,27027,368,1535105,3443300
5501,13,26,27014,355,1535131,3431100
5502,16,15,26998,356,1535146,3359300
5503,14,15,26984,355,1535161,3230300
5504,15,17,26969,353,1535178,3422800
5505,17,13,26952,357,1535191,3709200
5506,15,23,26937,349,1535214,3420400
5507,13,13,26924,349,1535227,3253400
5508,11,19,26913,341,1535246,3098900
5509,22,16,26891,347,1535262,3364000
5510,18,18,26873,347,1535280,3187100
5511,14,20,26859,341,1535300,3161900
5512,14,10,26845,345,1535310,3506400
5513,14,16,26831,343,1535326,3664900
5514,15,23,26816,335,1535349,4047000
5515,13,11,26803,337,1535360,3736300
5516,23,11,26780,349,1535371,3506200
5517,9,14,26771,344,1535385,4263500
5518,25,24,26746,345,1535409,3738700
5519,17,19,26729,343,1535428,3537500
5520,15,9,26714,349,1535437,3332200
5521,18,17,26696,350,1535454,3364400
5522,19,12,26677,357,1535466,3995400
5523,13,25,26664,345,1535491,3818500
5524,21,13,26643,353,1535504,3397100
5525,15,20,26628,348,1535524,3187300
5526,14,16,26614,346,1535540,3876700
5527,15,17,26599,344,1535557,3654200
5528,15,11,26584,348,1535568,3173100
5529,10,16,26574,342,1535584,3177100
5530,16,20,26558,338,1535604,3598400
5531,17,11,26541,344,1535615,3834000
5532,16,17,26525,343,1535632,3839000
5533,16,24,26509,335,1535656,3361400
5534,14,18,26495,331,1535674,3079100
5535,17,22,26478,326,1535696,3079300
5536,15,14,26463,327,1535710,3015900
5537,18,19,26445,326,1535729,3009600
5538,15,13,26430,328,1535742,3205800
5539,11,14,26419,325,1535756,3279600
5540,15,21,26404,319,1535777,3023200
5541,16,15,26388,320,1535792,3065500
5542,15,10,26373,325,1535802,3085900
5543,11,15,26362,321,1535817,3353900
5544,11,8,26351,324,1535825,3215000
5545,10,15,26341,319,1535840,3211300
5546,16,14,26325,321,1535854,3098700
5547,16,20,26309,317,1535874,3040500
5548,14,32,26295,299,1535906,3399300
5549,12,14,26283,297,1535920,3137000
5550,15,16,26268,296,1535936,3054100
5551,16,14,26252,298,1535950,3096800
5552,17,14,26235,301,1535964,3420100
5553,15,20,26220,296,1535984,3320600
5554,12,17,26208,291,1536001,3662500
5555,14,14,26194,291,1536015,3226500
5556,13,16,26181,288,1536031,3184900
5557,9,20,26172,277,1536051,3061900
5558,6,7,26166,276,1536058,2982800
5559,17,18,26149,275,1536076,2964000
5560,12,12,26137,275,1536088,3499800
5561,13,15,26124,273,1536103,3652500
5562,12,17,26112,268,1536120,3130000
5563,12,16,26100,264,1536136,3320500
5564,12,16,26088,260,1536152,4672800
5565,12,18,26076,254,1536170,3335700
5566,15,8,26061,261,1536178,4477100
5567,10,9,26051,262,1536187,3334300
5568,17,6,26034,273,1536193,3294300
5569,15,14,26019,274,1536207,3278900
5570,14,13,26005,275,1536220,3075400
5571,23,21,25982,277,1536241,3111900
5572,17,16,25965,278,1536257,3173300
5573,11,12,25954,277,1536269,3663600
5574,18,11,25936,284,1536280,3227900
5575,17,13,25919,288,1536293,3145800
5576,7,12,25912,283,1536305,3039200
5577,12,15,25900,280,1536320,2977400
5578,8,11,25892,277,1536331,3129200
5579,9,4,25883,282,1536335,3300900
5580,8,24,25875,266,1536359,3152600
5581,13,14,25862,265,1536373,3126200
5582,12,11,25850,266,1536384,3090700
5583,13,8,25837,271,1536392,3050600
5584,19,16,25818,274,1536408,3069500
5585,17,11,25801,280,1536419,2908200
5586,11,20,25790,271,1536439,2866600
5587,17,20,25773,268,1536459,2746900
5588,7,16,25766,259,1536475,2913400
5589,17,10,25749,266,1536485,2871900
5590,10,12,25739,264,1536497,2894600
5591,4,11,25735,257,1536508,2975400
5592,15,10,25720,262,1536518,3168700
5593,12,11,25708,263,1536529,3149200
5594,9,11,25699,261,1536540,2971000
5595,6,13,25693,254,1536553,3067000
5596,15,12,25678,257,1536565,2932800
5597,14,10,25664,261,1536575,2942700
5598,11,10,25653,262,1536585,3003900
5599,8,16,25645,254,1536601,3145200
5600,17,19,25628,252,1536620,2976600
5601,15,14,25613,253,1536634,3099100
5602,15,14,25598,254,1536648,3141800
5603,13,14,25585,253,1536662,3165000
5604,22,14,25563,261,1536676,3018100
5605,18,10,25545,269,1536686,2888200
5606,16,9,25529,276,1536695,2998700
5607,14,12,25515,278,1536707,2920800
5608,14,14,25501,278,1536721,2917300
5609,13,18,25488,273,1536739,2923200
5610,14,17,25474,270,1536756,3019200
5611,16,17,25458,269,1536773,3066600
5612,20,12,25438,277,1536785,3206300
5613,10,20,25428,267,1536805,2986600
5614,14,21,25414,260,1536826,3091200
5615,11,11,25403,260,1536837,2977400
5616,9,12,25394,257,1536849,2972400
5617,11,9,25383,259,1536858,2892600
5618,8,15,25375,252,1536873,2989700
5619,8,16,25367,244,1536889,3076200
5620,9,10,25358,243,1536899,2813400
5621,12,13,25346,242,1536912,2848800
5622,14,12,25332,244,1536924,2903000
5623,11,10,25321,245,1536934,2963800
5624,13,14,25308,244,1536948,2936700
5625,10,13,25298,241,1536961,3278000
5626,9,12,25289,238,1536973,3143300
5627,12,15,25277,235,1536988,3151200
5628,13,6,25264,242,1536994,3040700
5629,12,12,25252,242,1537006,3018000
5630,14,11,25238,245,1537017,3145800
5631,14,14,25224,245,1537031,2942700
5632,14,21,25210,238,1537052,3012300
5633,8,10,25202,236,1537062,2962100
5634,7,13,25195,230,1537075,2950800
5635,7,15,25188,222,1537090,3138000
5636,14,11,25174,225,1537101,3063000
5637,7,15,25167,217,1537116,3023100
5638,9,9,25158,217,1537125,3071200
5639,12,12,25146,217,1537137,2915500
5640,18,5,25128,230,1537142,2991000
5641,13,9,25115,234,1537151,2970000
5642,9,9,25106,234,1537160,3099900
5643,6,15,25100,225,1537175,3051700
5644,8,12,25092,221,1537187,2973200
5645,13,11,25079,223,1537198,3072100
5646,10,13,25069,220,1537211,3062300
5647,12,9,25057,223,1537220,3126000
5648,9,14,25048,218,1537234,2958800
5649,10,11,25038,217,1537245,3207900
5650,11,4,25027,224,1537249,2984000
5651,10,14,25017,220,1537263,3038200
5652,14,7,25003,227,1537270,2926400
5653,6,12,24997,221,1537282,2983800
5654,9,10,24988,220,1537292,3371400
5655,5,16,24983,209,1537308,3070500
5656,11,11,24972,209,1537319,3112800
5657,12,14,24960,207,1537333,3933300
5658,8,6,24952,209,1537339,3188300
5659,10,8,24942,211,1537347,3217300
5660,10,15,24932,206,1537362,3174900
5661,5,12,24927,199,1537374,3112600
5662,3,12,24924,190,1537386,2891200
5663,2,14,24922,178,1537400,2989300
5664,4,8,24918,174,1537408,2988600
5665,9,9,24909,174,1537417,2902200
5666,5,13,24904,166,1537430,3004400
5667,8,10,24896,164,1537440,3039100
5668,8,8,24888,164,1537448,2998200
5669,9,13,24879,160,1537461,2978700
5670,8,6,24871,162,1537467,3023200
5671,16,9,24855,169,1537476,3085000
5672,10,2,24845,177,1537478,3189700
5673,8,7,24837,178,1537485,3067000
5674,6,13,24831,171,1537498,2954000
5675,9,8,24822,172,1537506,3076400
5676,10,10,24812,172,1537516,3076400
5677,8,8,24804,172,1537524,3039500
5678,4,13,24800,163,1537537,2972200
5679,4,8,24796,159,1537545,3032100
5680,8,11,24788,156,1537556,2980000
5681,8,11,24780,153,1537567,2989100
5682,6,8,24774,151,1537575,2917300
5683,9,10,24765,150,1537585,2917200
5684,9,9,24756,150,1537594,2996200
5685,2,4,24754,148,1537598,2883900
5686,4,9,24750,143,1537607,2889900
5687,12,4,24738,151,1537611,2924100
5688,7,7,24731,151,1537618,2978200
5689,8,6,24723,153,1537624,3012500
5690,12,5,24711,160,1537629,2871300
5691,5,8,24706,157,1537637,2768600
5692,3,13,24703,147,1537650,2778300
5693,9,4,24694,152,1537654,2835300
5694,6,13,24688,145,1537667,2843000
5695,5,6,24683,144,1537673,2811200
5696,4,6,24679,142,1537679,2771300
5697,7,10,24672,139,1537689,3020500
5698,4,5,24668,138,1537694,2857000
5699,4,7,24664,135,1537701,2973200
5700,4,4,24660,135,1537705,2912400
5701,6,6,24654,135,1537711,2847200
5702,2,5,24652,132,1537716,2854500
5703,4,10,24648,126,1537726,2919200
5704,9,8,24639,127,1537734,3009700
5705,6,9,24633,124,1537743,3125300
5706,5,5,24628,124,1537748,3075500
5707,3,7,24625,120,1537755,2959400
5708,6,6,24619,120,1537761,3251700
5709,3,7,24616,116,1537768,3051100
5710,2,5,24614,113,1537773,2907100
5711,3,8,24611,108,1537781,3034300
5712,5,4,24606,109,1537785,2887500
5713,2,6,24604,105,1537791,2775800
5714,6,5,24598,106,1537796,2877800
5715,6,7,24592,105,1537803,2839900
5716,3,6,24589,102,1537809,2864600
5717,6,8,24583,100,1537817,2788000
5718,4,1,24579,103,1537818,2857300
5719,4,4,24575,103,1537822,3024700
5720,3,5,24572,101,1537827,2976600
5721,2,7,24570,96,1537834,2882400
5722,1,5,24569,92,1537839,2833900
5723,0,5,24569,87,1537844,2764700
5724,3,4,24566,86,1537848,2842300
5725,2,6,24564,82,1537854,2899700
5726,5,6,24559,81,1537860,2886600
5727,3,3,24556,81,1537863,2841300
5728,2,4,24554,79,1537867,2869600
5729,3,5,24551,77,1537872,2912800
5730,5,3,24546,79,1537875,2953000
5731,2,7,24544,74,1537882,2889200
5732,2,1,24542,75,1537883,2864800
5733,4,4,24538,75,1537887,2917700
5734,3,3,24535,75,1537890,2849900
5735,2,6,24533,71,1537896,2965700
5736,1,2,24532,70,1537898,2742500
5737,4,7,24528,67,1537905,2915000
5738,3,2,24525,68,1537907,3058300
5739,2,3,24523,67,1537910,2904300
5740,3,4,24520,66,1537914,2745000
5741,2,3,24518,65,1537917,2854300
5742,2,4,24516,63,1537921,2950200
5743,1,3,24515,61,1537924,2882000
5744,4,2,24511,63,1537926,2860400
5745,2,2,24509,63,1537928,2779200
5746,1,3,24508,61,1537931,2846300
5747,1,3,24507,59,1537934,2878100
5748,2,3,24505,58,1537937,2953600
5749,1,4,24504,55,1537941,3024900
5750,1,3,24503,53,1537944,2785400
5751,2,2,24501,53,1537946,3033600
5752,0,2,24501,51,1537948,3202100
5753,0,7,24501,44,1537955,3109100
5754,1,2,24500,43,1537957,3093500
5755,1,2,24499,42,1537959,2928000
5756,2,2,24497,42,1537961,2999200
5757,1,2,24496,41,1537963,3065000
5758,3,2,24493,42,1537965,2999200
5759,0,2,24493,40,1537967,2894700
5760,1,1,24492,40,1537968,2868500
5761,0,2,24492,38,1537970,3030100
5762,1,0,24491,39,1537970,3143000
5763,0,0,24491,39,1537970,2872400
5764,2,2,24489,39,1537972,2861400
5765,1,3,24488,37,1537975,2805300
5766,0,6,24488,31,1537981,2769500
5767,0,1,24488,30,1537982,2883400
5768,0,1,24488,29,1537983,2890900
5769,1,2,24487,28,1537985,2839400
5770,1,0,24486,29,1537985,2803200
5771,1,1,24485,29,1537986,2808200
5772,1,0,24484,30,1537986,2745700
5773,0,3,24484,27,1537989,2891200
5774,1,0,24483,28,1537989,3056200
5775,0,0,24483,28,1537989,2816600
5776,0,0,24483,28,1537989,2821200
5777,0,4,24483,24,1537993,2867000
5778,0,1,24483,23,1537994,2963000
5779,0,1,24483,22,1537995,2952900
5780,0,3,24483,19,1537998,2821800
5781,0,0,24483,19,1537998,2858900
5782,0,1,24483,18,1537999,2918000
5783,0,2,24483,16,1538001,2966800
5784,0,0,24483,16,1538001,2989900
5785,0,4,24483,12,1538005,2868500
5786,0,0,24483,12,1538005,2917400
5787,0,1,24483,11,1538006,2896000
5788,0,0,24483,11,1538006,2931200
5789,0,0,24483,11,1538006,2962900
5790,0,0,24483,11,1538006,2732300
5791,0,0,24483,11,1538006,2894300
5792,0,0,24483,11,1538006,2990700
5793,0,1,24483,10,1538007,2936400
5794,0,2,24483,8,1538009,2830100
5795,0,0,24483,8,1538009,3007300
5796,0,1,24483,7,1538010,2925100
5797,0,1,24483,6,1538011,2911700
5798,0,1,24483,5,1538012,2896300
5799,0,1,24483,4,1538013,2799100
5800,0,1,24483,3,1538014,2825500
5801,0,0,24483,3,1538014,2819600
5802,0,1,24483,2,1538015,2787000
5803,0,0,24483,2,1538015,2861400
5804,0,0,24483,2,1538015,2825000
5805,0,1,24483,1,1538016,3218700
5806,0,0,24483,1,1538016,2983400
5807,0,0,24483,1,1538016,2899800
5808,0,0,24483,1,1538016,2924800
5809,0,0,24483,1,1538016,2939600
5810,0,0,24483,1,1538016,2996400
5811,0,0,24483,1,1538016,2908200
5812,0,0,24483,1,1538016,2929700
5813,0,0,24483,1,1538016,2989800
5814,0,0,24483,1,1538016,2863500
5815,0,0,24483,1,1538016,2901700
5816,0,0,24483,1,1538016,2946600
5817,0,1,24483,0,1538017,2880200
