Tick,NewlyInfected,NewlyRecovered,TotalSusceptible,TotalInfected,TotalRecovered,StepTimeNanos
0,1,1,1562494,5,1,3469100
1,2,0,1562492,7,1,3067500
2,3,1,1562489,9,2,3185500
3,0,2,1562489,7,4,2965600
4,1,0,1562488,8,4,3001900
5,1,2,1562487,7,6,3084200
6,2,0,1562485,9,6,3038300
7,1,2,1562484,8,8,3111100
8,1,0,1562483,9,8,21098400
9,3,0,1562480,12,8,2973300
10,5,0,1562475,17,8,2848100
11,7,1,1562468,23,9,2902800
12,3,0,1562465,26,9,2876000
13,5,1,1562460,30,10,2853600
14,3,1,1562457,32,11,3079700
15,2,1,1562455,33,12,2899800
16,4,0,1562451,37,12,3093600
17,7,1,1562444,43,13,3190300
18,5,4,1562439,44,17,3267900
19,5,0,1562434,49,17,2898200
20,4,1,1562430,52,18,3228300
21,5,4,1562425,53,22,3175500
22,7,1,1562418,59,23,3064200
23,7,1,1562411,65,24,3033900
24,5,4,1562406,66,28,3178500
25,7,6,1562399,67,34,2953600
26,12,4,1562387,75,38,2944600
27,10,2,1562377,83,40,3108600
28,11,2,1562366,92,42,2946900
29,8,2,1562358,98,44,2993400
30,7,3,1562351,102,47,3336700
31,7,3,1562344,106,50,2911700
32,10,7,1562334,109,57,3123700
33,11,1,1562323,119,58,3082800
34,15,4,1562308,130,62,3181500
35,12,8,1562296,134,70,3189500
36,15,6,1562281,143,76,3285100
37,17,8,1562264,152,84,3017600
38,20,6,1562244,166,90,3044700
39,21,8,1562223,179,98,2974800
40,9,9,1562214,179,107,2917300
41,13,9,1562201,183,116,2951900
42,17,6,1562184,194,122,3046100
43,19,13,1562165,200,135,2984800
44,15,10,1562150,205,145,3110900
45,21,10,1562129,216,155,2940800
46,14,14,1562115,216,169,3159500
47,13,9,1562102,220,178,3042100
48,24,9,1562078,235,187,3044900
49,23,14,1562055,244,201,2967800
50,14,17,1562041,241,218,2949900
51,16,16,1562025,241,234,2867200
52,20,15,1562005,246,249,3062200
53,14,5,1561991,255,254,3079800
54,21,9,1561970,267,263,3129000
55,23,20,1561947,270,283,3207200
56,25,15,1561922,280,298,3119800
57,31,14,1561891,297,312,3110600
58,25,11,1561866,311,323,2971200
59,28,16,1561838,323,339,3227900
60,16,14,1561822,325,353,3163000
61,17,14,1561805,328,367,3085600
62,23,12,1561782,339,379,3035900
63,24,14,1561758,349,393,3024900
64,25,21,1561733,353,414,2864100
65,29,24,1561704,358,438,2885000
66,25,17,1561679,366,455,3079600
67,22,20,1561657,368,475,2908800
68,27,15,1561630,380,490,2943600
69,24,13,1561606,391,503,2966700
70,25,23,1561581,393,526,3032600
71,25,26,1561556,392,552,3105700
72,22,18,1561534,396,570,3011600
73,24,19,1561510,401,589,2944700
74,28,15,1561482,414,604,2988200
75,22,20,1561460,416,624,3127000
76,34,20,1561426,430,644,3070500
77,26,22,1561400,434,666,3067000
78,30,20,1561370,444,686,3177600
79,27,27,1561343,444,713,2890300
80,29,32,1561314,441,745,2965000
81,26,19,1561288,448,764,2963500
82,27,20,1561261,455,784,2956300
83,34,23,1561227,466,807,3055900
84,33,20,1561194,479,827,3100700
85,45,24,1561149,500,851,3503200
86,34,21,1561115,513,872,3361000
87,36,33,1561079,516,905,3281700
88,41,19,1561038,538,924,2909100
89,34,24,1561004,548,948,2830600
90,40,24,1560964,564,972,2985900
91,41,22,1560923,583,994,2894400
92,39,27,1560884,595,1021,2852000
93,42,25,1560842,612,1046,2794400
94,50,29,1560792,633,1075,2855000
95,51,21,1560741,663,1096,3175800
96,45,30,1560696,678,1126,2975800
97,40,29,1560656,689,1155,2979800
98,55,36,1560601,708,1191,2867100
99,42,26,1560559,724,1217,3298200
100,41,46,1560518,719,1263,2877000
101,40,31,1560478,728,1294,3313100
102,35,40,1560443,723,1334,2853700
103,48,39,1560395,732,1373,2879300
104,54,34,1560341,752,1407,2847800
105,41,50,1560300,743,1457,2896500
106,49,44,1560251,748,1501,2906200
107,52,34,1560199,766,1535,3094200
108,48,35,1560151,779,1570,2838200
109,50,43,1560101,786,1613,2832500
110,45,40,1560056,791,1653,2964500
111,59,33,1559997,817,1686,2924000
112,60,47,1559937,830,1733,2836400
113,53,45,1559884,838,1778,2841900
114,59,47,1559825,850,1825,2852200
115,43,44,1559782,849,1869,2893200
116,41,32,1559741,858,1901,2866200
117,48,37,1559693,869,1938,3044300
118,62,32,1559631,899,1970,2884000
119,68,52,1559563,915,2022,2864400
120,49,42,1559514,922,2064,2803600
121,49,40,1559465,931,2104,3089400
122,62,48,1559403,945,2152,3079600
123,54,57,1559349,942,2209,2979400
124,55,44,1559294,953,2253,2899700
125,55,59,1559239,949,2312,2861100
126,57,46,1559182,960,2358,3391900
127,57,40,1559125,977,2398,2924400
128,66,54,1559059,989,2452,2865100
129,49,54,1559010,984,2506,2907800
130,52,55,1558958,981,2561,3240600
131,69,49,1558889,1001,2610,3189400
132,64,61,1558825,1004,2671,2968200
133,73,47,1558752,1030,2718,3009900
134,64,53,1558688,1041,2771,2921900
135,66,51,1558622,1056,2822,2907900
136,68,54,1558554,1070,2876,2912800
137,59,59,1558495,1070,2935,2985700
138,65,55,1558430,1080,2990,2881700
139,76,53,1558354,1103,3043,2985100
140,65,54,1558289,1114,3097,3377000
141,66,71,1558223,1109,3168,2967000
142,57,73,1558166,1093,3241,2852500
143,49,66,1558117,1076,3307,3303500
144,53,43,1558064,1086,3350,2857700
145,70,64,1557994,1092,3414,2958200
146,64,51,1557930,1105,3465,3047600
147,63,45,1557867,1123,3510,2961800
148,69,57,1557798,1135,3567,2891300
149,70,68,1557728,1137,3635,3055200
150,78,65,1557650,1150,3700,2862300
151,67,49,1557583,1168,3749,2859900
152,76,63,1557507,1181,3812,3036900
153,56,66,1557451,1171,3878,2841000
154,63,58,1557388,1176,3936,2829700
155,68,65,1557320,1179,4001,2850200
156,76,54,1557244,1201,4055,3050500
157,76,65,1557168,1212,4120,2733100
158,80,67,1557088,1225,4187,2811700
159,84,53,1557004,1256,4240,2826500
160,80,66,1556924,1270,4306,2839000
161,70,87,1556854,1253,4393,2891400
162,82,53,1556772,1282,4446,3143900
163,74,60,1556698,1296,4506,2889700
164,77,62,1556621,1311,4568,2888700
165,71,75,1556550,1307,4643,2823100
166,73,73,1556477,1307,4716,2976800
167,66,61,1556411,1312,4777,2931400
168,64,75,1556347,1301,4852,3058200
169,71,70,1556276,1302,4922,2951800
170,70,68,1556206,1304,4990,2962300
171,78,62,1556128,1320,5052,3027700
172,69,56,1556059,1333,5108,3055700
173,86,73,1555973,1346,5181,3015400
174,80,73,1555893,1353,5254,2974000
175,57,61,1555836,1349,5315,3026100
176,83,70,1555753,1362,5385,2958100
177,87,69,1555666,1380,5454,3158800
178,83,65,1555583,1398,5519,3063700
179,80,68,1555503,1410,5587,3032600
180,74,71,1555429,1413,5658,2947800
181,93,76,1555336,1430,5734,2802100
182,92,84,1555244,1438,5818,3171400
183,92,75,1555152,1455,5893,3103200
184,81,72,1555071,1464,5965,3067400
185,95,67,1554976,1492,6032,2870600
186,89,71,1554887,1510,6103,2992200
187,92,75,1554795,1527,6178,2895700
188,91,80,1554704,1538,6258,3044800
189,79,83,1554625,1534,6341,3165100
190,93,90,1554532,1537,6431,2839000
191,95,88,1554437,1544,6519,2836100
192,101,75,1554336,1570,6594,3032300
193,100,94,1554236,1576,6688,2979900
194,92,75,1554144,1593,6763,2875100
195,117,63,1554027,1647,6826,3036300
196,108,86,1553919,1669,6912,2839300
197,104,86,1553815,1687,6998,2799200
198,110,98,1553705,1699,7096,3148900
199,117,91,1553588,1725,7187,3029900
200,112,100,1553476,1737,7287,2835400
201,122,91,1553354,1768,7378,2902000
202,115,93,1553239,1790,7471,2843400
203,93,89,1553146,1794,7560,2957700
204,103,78,1553043,1819,7638,2857600
205,100,88,1552943,1831,7726,3200000
206,111,91,1552832,1851,7817,2876000
207,101,93,1552731,1859,7910,3098800
208,114,103,1552617,1870,8013,3036300
209,117,97,1552500,1890,8110,2986400
210,105,80,1552395,1915,8190,3165200
211,110,95,1552285,1930,8285,2860800
212,100,99,1552185,1931,8384,2786400
213,103,93,1552082,1941,8477,2822600
214,110,100,1551972,1951,8577,2759600
215,109,103,1551863,1957,8680,3087800
216,124,88,1551739,1993,8768,3015400
217,122,98,1551617,2017,8866,2827100
218,95,88,1551522,2024,8954,2919300
219,105,98,1551417,2031,9052,2943600
220,108,94,1551309,2045,9146,2907400
221,112,99,1551197,2058,9245,2894900
222,117,105,1551080,2070,9350,3005900
223,121,106,1550959,2085,9456,3105900
224,118,91,1550841,2112,9547,2945100
225,118,129,1550723,2101,9676,3073100
226,111,102,1550612,2110,9778,2893100
227,99,112,1550513,2097,9890,2865400
228,97,107,1550416,2087,9997,2979400
229,98,89,1550318,2096,10086,2866700
230,117,93,1550201,2120,10179,3095500
231,130,108,1550071,2142,10287,2811000
232,108,100,1549963,2150,10387,2834500
233,111,111,1549852,2150,10498,2840000
234,122,106,1549730,2166,10604,2975100
235,116,118,1549614,2164,10722,2978500
236,127,112,1549487,2179,10834,2873300
237,116,108,1549371,2187,10942,3215700
238,120,104,1549251,2203,11046,2871800
239,119,102,1549132,2220,11148,3138700
240,120,104,1549012,2236,11252,2973400
241,113,100,1548899,2249,11352,2855200
242,134,104,1548765,2279,11456,2858600
243,135,130,1548630,2284,11586,2860600
244,104,112,1548526,2276,11698,3109700
245,140,116,1548386,2300,11814,3115700
246,119,99,1548267,2320,11913,2946000
247,135,120,1548132,2335,12033,2855700
248,144,99,1547988,2380,12132,2882100
249,141,135,1547847,2386,12267,3052400
250,114,121,1547733,2379,12388,3077200
251,144,112,1547589,2411,12500,3175200
252,151,123,1547438,2439,12623,2977900
253,126,131,1547312,2434,12754,2862500
254,129,109,1547183,2454,12863,2859400
255,133,113,1547050,2474,12976,3284200
256,139,121,1546911,2492,13097,2917700
257,134,122,1546777,2504,13219,2969900
258,141,156,1546636,2489,13375,2981600
259,139,133,1546497,2495,13508,2995000
260,153,127,1546344,2521,13635,3122500
261,126,128,1546218,2519,13763,2920700
262,149,135,1546069,2533,13898,3145200
263,130,130,1545939,2533,14028,3083700
264,130,145,1545809,2518,14173,2981200
265,158,121,1545651,2555,14294,2928300
266,158,115,1545493,2598,14409,2825000
267,147,147,1545346,2598,14556,2876700
268,170,116,1545176,2652,14672,2858300
269,125,144,1545051,2633,14816,3031700
270,166,151,1544885,2648,14967,3026600
271,156,126,1544729,2678,15093,3126100
272,143,111,1544586,2710,15204,2923900
273,150,130,1544436,2730,15334,2976500
274,161,142,1544275,2749,15476,3393600
275,165,142,1544110,2772,15618,2969300
276,148,152,1543962,2768,15770,2900900
277,145,136,1543817,2777,15906,3039900
278,157,138,1543660,2796,16044,2849200
279,147,155,1543513,2788,16199,3230200
280,137,121,1543376,2804,16320,3218700
281,142,153,1543234,2793,16473,2974000
282,129,124,1543105,2798,16597,3069000
283,166,134,1542939,2830,16731,2845700
284,158,149,1542781,2839,16880,2916200
285,152,122,1542629,2869,17002,2867100
286,136,101,1542493,2904,17103,2935300
287,146,128,1542347,2922,17231,3089000
288,147,142,1542200,2927,17373,2895900
289,151,141,1542049,2937,17514,2880500
290,139,155,1541910,2921,17669,3161400
291,155,154,1541755,2922,17823,3117700
292,145,158,1541610,2909,17981,3225100
293,144,137,1541466,2916,18118,3023500
294,148,113,1541318,2951,18231,3117400
295,153,138,1541165,2966,18369,2953700
296,173,140,1540992,2999,18509,2981100
297,146,160,1540846,2985,18669,2837100
298,170,149,1540676,3006,18818,3038700
299,147,155,1540529,2998,18973,2846800
300,168,158,1540361,3008,19131,2881100
301,170,145,1540191,3033,19276,2863600
302,166,138,1540025,3061,19414,3055800
303,165,139,1539860,3087,19553,2940300
304,154,152,1539706,3089,19705,3152900
305,154,148,1539552,3095,19853,2904900
306,163,138,1539389,3120,19991,3167600
307,158,161,1539231,3117,20152,2874300
308,167,137,1539064,3147,20289,2799700
309,162,146,1538902,3163,20435,2858200
310,134,165,1538768,3132,20600,2815700
311,172,162,1538596,3142,20762,2844300
312,171,150,1538425,3163,20912,2782000
313,178,161,1538247,3180,21073,3117200
314,164,152,1538083,3192,21225,2813400
315,160,143,1537923,3209,21368,3148800
316,147,155,1537776,3201,21523,3034600
317,166,177,1537610,3190,21700,3035900
318,158,151,1537452,3197,21851,3389200
319,166,148,1537286,3215,21999,3071600
320,138,184,1537148,3169,22183,3015600
321,156,153,1536992,3172,22336,3111100
322,182,148,1536810,3206,22484,2993900
323,168,148,1536642,3226,22632,2989800
324,164,167,1536478,3223,22799,2849300
325,154,163,1536324,3214,22962,3184600
326,178,157,1536146,3235,23119,3120000
327,176,175,1535970,3236,23294,2855100
328,178,176,1535792,3238,23470,3144300
329,178,148,1535614,3268,23618,2856800
330,179,169,1535435,3278,23787,2832700
331,170,163,1535265,3285,23950,2830900
332,174,139,1535091,3320,24089,3051500
333,179,175,1534912,3324,24264,3452600
334,173,155,1534739,3342,24419,3165100
335,176,163,1534563,3355,24582,3051400
336,188,188,1534375,3355,24770,2960100
337,175,192,1534200,3338,24962,3383700
338,196,172,1534004,3362,25134,2961400
339,198,155,1533806,3405,25289,3083000
340,174,166,1533632,3413,25455,3360800
341,197,160,1533435,3450,25615,3044800
342,174,203,1533261,3421,25818,3085100
343,165,172,1533096,3414,25990,2997300
344,191,181,1532905,3424,26171,2860800
345,175,181,1532730,3418,26352,3052500
346,177,169,1532553,3426,26521,3135200
347,186,166,1532367,3446,26687,2820900
348,177,195,1532190,3428,26882,3129900
349,201,173,1531989,3456,27055,2816000
350,193,172,1531796,3477,27227,3040000
351,187,175,1531609,3489,27402,3049300
352,195,170,1531414,3514,27572,3069700
353,170,189,1531244,3495,27761,2852500
354,190,174,1531054,3511,27935,3080300
355,179,169,1530875,3521,28104,2869600
356,170,172,1530705,3519,28276,2895500
357,158,157,1530547,3520,28433,2955200
358,192,157,1530355,3555,28590,2951200
359,207,171,1530148,3591,28761,2984000
360,193,180,1529955,3604,28941,3107500
361,189,218,1529766,3575,29159,3127900
362,181,184,1529585,3572,29343,3061300
363,194,169,1529391,3597,29512,3043600
364,171,177,1529220,3591,29689,3323100
365,194,174,1529026,3611,29863,2988000
366,189,174,1528837,3626,30037,2871600
367,173,186,1528664,3613,30223,3130800
368,190,179,1528474,3624,30402,3254300
369,206,183,1528268,3647,30585,3353600
370,198,207,1528070,3638,30792,3091700
371,209,203,1527861,3644,30995,2993500
372,187,176,1527674,3655,31171,3100800
373,207,160,1527467,3702,31331,3137500
374,225,185,1527242,3742,31516,2939700
375,219,189,1527023,3772,31705,3155200
376,191,176,1526832,3787,31881,2861700
377,221,177,1526611,3831,32058,3174700
378,205,204,1526406,3832,32262,2924100
379,196,217,1526210,3811,32479,3139300
380,196,187,1526014,3820,32666,2894600
381,190,167,1525824,3843,32833,3302200
382,197,190,1525627,3850,33023,3195300
383,180,203,1525447,3827,33226,3186100
384,183,207,1525264,3803,33433,2850300
385,201,189,1525063,3815,33622,3014700
386,212,184,1524851,3843,33806,2888000
387,189,181,1524662,3851,33987,2932100
388,200,176,1524462,3875,34163,3247500
389,175,208,1524287,3842,34371,2843800
390,185,175,1524102,3852,34546,2865800
391,199,195,1523903,3856,34741,2963000
392,199,188,1523704,3867,34929,2869900
393,213,216,1523491,3864,35145,3021600
394,204,218,1523287,3850,35363,3006300
395,203,196,1523084,3857,35559,3088500
396,193,204,1522891,3846,35763,2921500
397,184,209,1522707,3821,35972,2893700
398,176,184,1522531,3813,36156,2885700
399,190,187,1522341,3816,36343,2931800
400,163,176,1522178,3803,36519,2868400
401,186,172,1521992,3817,36691,2966400
402,168,205,1521824,3780,36896,2811100
403,161,198,1521663,3743,37094,2862900
404,196,197,1521467,3742,37291,3186600
405,196,200,1521271,3738,37491,3041200
406,198,168,1521073,3768,37659,3393200
407,179,190,1520894,3757,37849,2976200
408,185,211,1520709,3731,38060,3041600
409,174,166,1520535,3739,38226,3604400
410,214,199,1520321,3754,38425,2972300
411,184,208,1520137,3730,38633,2857700
412,189,194,1519948,3725,38827,2843400
413,197,189,1519751,3733,39016,3208900
414,211,165,1519540,3779,39181,3142100
415,219,158,1519321,3840,39339,2941900
416,211,214,1519110,3837,39553,3052800
417,204,189,1518906,3852,39742,2970000
418,208,220,1518698,3840,39962,3105000
419,233,207,1518465,3866,40169,3453000
420,214,182,1518251,3898,40351,2911100
421,191,203,1518060,3886,40554,3109000
422,176,203,1517884,3859,40757,2924400
423,208,171,1517676,3896,40928,3346900
424,214,192,1517462,3918,41120,3278600
425,220,206,1517242,3932,41326,3091600
426,208,189,1517034,3951,41515,3345900
427,207,219,1516827,3939,41734,2922900
428,193,170,1516634,3962,41904,2959300
429,195,185,1516439,3972,42089,2936600
430,198,190,1516241,3980,42279,3279600
431,202,200,1516039,3982,42479,3082700
432,189,214,1515850,3957,42693,2881400
433,217,182,1515633,3992,42875,2885800
434,212,183,1515421,4021,43058,2873100
435,212,225,1515209,4008,43283,3076900
436,214,177,1514995,4045,43460,2969800
437,213,186,1514782,4072,43646,2968000
438,197,187,1514585,4082,43833,3161500
439,224,209,1514361,4097,44042,3066600
440,198,208,1514163,4087,44250,3017600
441,227,189,1513936,4125,44439,3077200
442,222,194,1513714,4153,44633,3030600
443,218,212,1513496,4159,44845,3052800
444,211,226,1513285,4144,45071,3017500
445,226,204,1513059,4166,45275,3058700
446,213,213,1512846,4166,45488,3101300
447,202,197,1512644,4171,45685,3022700
448,250,231,1512394,4190,45916,3152300
449,223,195,1512171,4218,46111,3088400
450,212,220,1511959,4210,46331,2992700
451,229,232,1511730,4207,46563,3444300
452,210,214,1511520,4203,46777,3111600
453,207,208,1511313,4202,46985,3051200
454,217,209,1511096,4210,47194,2981200
455,201,233,1510895,4178,47427,3276100
456,213,225,1510682,4166,47652,3327600
457,206,216,1510476,4156,47868,3073500
458,238,192,1510238,4202,48060,3286500
459,212,206,1510026,4208,48266,3371400
460,233,207,1509793,4234,48473,3272100
461,212,206,1509581,4240,48679,3056300
462,239,214,1509342,4265,48893,3067700
463,235,216,1509107,4284,49109,3024900
464,231,205,1508876,4310,49314,2982600
465,225,230,1508651,4305,49544,3085500
466,193,203,1508458,4295,49747,3038800
467,253,223,1508205,4325,49970,3499200
468,221,226,1507984,4320,50196,3052400
469,233,210,1507751,4343,50406,3028100
470,236,230,1507515,4349,50636,3218700
471,219,237,1507296,4331,50873,2977900
472,207,199,1507089,4339,51072,2924400
473,237,225,1506852,4351,51297,3051200
474,217,221,1506635,4347,51518,2962000
475,245,203,1506390,4389,51721,2999800
476,230,209,1506160,4410,51930,3232500
477,236,211,1505924,4435,52141,2890800
478,214,186,1505710,4463,52327,3174100
479,239,204,1505471,4498,52531,3047300
480,242,223,1505229,4517,52754,2958400
481,234,217,1504995,4534,52971,3103600
482,263,217,1504732,4580,53188,2946800
483,233,220,1504499,4593,53408,2936200
484,264,229,1504235,4628,53637,2918700
485,244,238,1503991,4634,53875,3049300
486,243,237,1503748,4640,54112,2923600
487,258,216,1503490,4682,54328,3041900
488,213,246,1503277,4649,54574,2880500
489,223,232,1503054,4640,54806,2966100
490,251,244,1502803,4647,55050,3184900
491,270,231,1502533,4686,55281,3189900
492,250,230,1502283,4706,55511,2883500
493,233,226,1502050,4713,55737,2979600
494,238,213,1501812,4738,55950,2871700
495,234,242,1501578,4730,56192,2986700
496,242,236,1501336,4736,56428,2971900
497,257,259,1501079,4734,56687,2938200
498,258,220,1500821,4772,56907,3228900
499,249,239,1500572,4782,57146,2865900
500,272,230,1500300,4824,57376,3105200
501,215,245,1500085,4794,57621,3057900
502,237,235,1499848,4796,57856,2865000
503,235,246,1499613,4785,58102,2849200
504,224,219,1499389,4790,58321,3041400
505,265,254,1499124,4801,58575,3027500
506,248,236,1498876,4813,58811,2981500
507,262,238,1498614,4837,59049,3018000
508,234,270,1498380,4801,59319,2920200
509,252,257,1498128,4796,59576,2894000
510,261,233,1497867,4824,59809,3083900
511,260,247,1497607,4837,60056,3063100
512,265,240,1497342,4862,60296,3129700
513,277,244,1497065,4895,60540,3024300
514,261,213,1496804,4943,60753,3050900
515,273,242,1496531,4974,60995,2963700
516,257,222,1496274,5009,61217,3005400
517,238,262,1496036,4985,61479,3075700
518,271,241,1495765,5015,61720,3075100
519,244,270,1495521,4989,61990,3215300
520,239,234,1495282,4994,62224,2895100
521,259,253,1495023,5000,62477,3258000
522,262,234,1494761,5028,62711,2973500
523,256,243,1494505,5041,62954,3101100
524,301,245,1494204,5097,63199,2927800
525,262,248,1493942,5111,63447,2831100
526,281,242,1493661,5150,63689,2906400
527,290,256,1493371,5184,63945,2998400
528,309,273,1493062,5220,64218,2870900
529,280,263,1492782,5237,64481,2854800
530,295,267,1492487,5265,64748,2788800
531,306,261,1492181,5310,65009,2787300
532,276,279,1491905,5307,65288,2826200
533,283,277,1491622,5313,65565,2866100
534,271,267,1491351,5317,65832,2880700
535,267,260,1491084,5324,66092,2874400
536,265,282,1490819,5307,66374,2780400
537,269,293,1490550,5283,66667,2803300
538,250,260,1490300,5273,66927,2854500
539,304,246,1489996,5331,67173,2874800
540,258,267,1489738,5322,67440,3253800
541,253,254,1489485,5321,67694,3037600
542,272,262,1489213,5331,67956,3061300
543,264,258,1488949,5337,68214,2761100
544,249,256,1488700,5330,68470,2855700
545,278,268,1488422,5340,68738,2755800
546,275,254,1488147,5361,68992,2834600
547,269,241,1487878,5389,69233,2765600
548,249,273,1487629,5365,69506,2831600
549,267,276,1487362,5356,69782,2774800
550,223,248,1487139,5331,70030,2876400
551,252,290,1486887,5293,70320,2815400
552,247,249,1486640,5291,70569,2757300
553,220,258,1486420,5253,70827,2812600
554,305,281,1486115,5277,71108,2831000
555,285,260,1485830,5302,71368,2741900
556,262,251,1485568,5313,71619,2758000
557,277,246,1485291,5344,71865,2983700
558,283,264,1485008,5363,72129,3004800
559,271,268,1484737,5366,72397,2855000
560,265,248,1484472,5383,72645,2934300
561,257,284,1484215,5356,72929,2809900
562,316,300,1483899,5372,73229,2839000
563,292,261,1483607,5403,73490,2836400
564,291,281,1483316,5413,73771,3212600
565,263,283,1483053,5393,74054,2839800
566,312,268,1482741,5437,74322,2894100
567,302,280,1482439,5459,74602,2875300
568,265,250,1482174,5474,74852,2896900
569,276,259,1481898,5491,75111,2870100
570,316,277,1481582,5530,75388,3075100
571,295,249,1481287,5576,75637,2968100
572,294,290,1480993,5580,75927,2912600
573,291,305,1480702,5566,76232,2792900
574,289,253,1480413,5602,76485,2846500
575,281,272,1480132,5611,76757,2965900
576,298,289,1479834,5620,77046,3051600
577,292,281,1479542,5631,77327,2853400
578,307,325,1479235,5613,77652,2839300
579,294,284,1478941,5623,77936,2812500
580,266,265,1478675,5624,78201,2921600
581,282,287,1478393,5619,78488,3032000
582,321,276,1478072,5664,78764,2891200
583,288,261,1477784,5691,79025,2879900
584,298,260,1477486,5729,79285,2826500
585,303,256,1477183,5776,79541,2905200
586,301,302,1476882,5775,79843,3259200
587,296,303,1476586,5768,80146,2855100
588,294,290,1476292,5772,80436,2749300
589,279,300,1476013,5751,80736,2828200
590,268,288,1475745,5731,81024,2816600
591,293,273,1475452,5751,81297,2780700
592,270,317,1475182,5704,81614,2775300
593,294,290,1474888,5708,81904,2833000
594,281,308,1474607,5681,82212,2844900
595,277,271,1474330,5687,82483,2943800
596,286,262,1474044,5711,82745,3223700
597,302,299,1473742,5714,83044,3009400
598,291,273,1473451,5732,83317,2846000
599,301,266,1473150,5767,83583,2839700
600,277,290,1472873,5754,83873,2836300
601,279,272,1472594,5761,84145,2776400
602,319,293,1472275,5787,84438,2863200
603,322,302,1471953,5807,84740,2883300
604,276,297,1471677,5786,85037,3017800
605,283,300,1471394,5769,85337,2918100
606,315,299,1471079,5785,85636,2748700
607,269,281,1470810,5773,85917,2931900
608,301,274,1470509,5800,86191,2800400
609,266,286,1470243,5780,86477,2918500
610,294,281,1469949,5793,86758,2831500
611,297,308,1469652,5782,87066,2841800
612,288,282,1469364,5788,87348,2846100
613,308,307,1469056,5789,87655,2902200
614,292,285,1468764,5796,87940,2856700
615,280,307,1468484,5769,88247,2848400
616,291,302,1468193,5758,88549,2758200
617,298,303,1467895,5753,88852,2811700
618,278,282,1467617,5749,89134,2910000
619,314,277,1467303,5786,89411,2847600
620,302,271,1467001,5817,89682,2829700
621,310,310,1466691,5817,89992,2849900
622,292,306,1466399,5803,90298,2780100
623,302,309,1466097,5796,90607,2825300
624,307,294,1465790,5809,90901,2785900
625,283,291,1465507,5801,91192,2810500
626,321,286,1465186,5836,91478,3219900
627,280,302,1464906,5814,91780,3131100
628,278,316,1464628,5776,92096,2807800
629,330,303,1464298,5803,92399,2925100
630,325,270,1463973,5858,92669,2854600
631,341,303,1463632,5896,92972,2836700
632,319,308,1463313,5907,93280,2750200
633,338,296,1462975,5949,93576,2861000
634,315,290,1462660,5974,93866,2922600
635,323,323,1462337,5974,94189,2837200
636,301,280,1462036,5995,94469,2965900
637,334,302,1461702,6027,94771,2878000
638,351,296,1461351,6082,95067,2868000
639,303,306,1461048,6079,95373,2870100
640,319,322,1460729,6076,95695,2963200
641,326,292,1460403,6110,95987,2961900
642,319,328,1460084,6101,96315,3000600
643,342,312,1459742,6131,96627,2946200
644,349,304,1459393,6176,96931,2824200
645,337,282,1459056,6231,97213,2873400
646,342,280,1458714,6293,97493,2787300
647,360,363,1458354,6290,97856,2872600
648,299,319,1458055,6270,98175,2857500
649,311,300,1457744,6281,98475,2879700
650,333,318,1457411,6296,98793,2992900
651,368,308,1457043,6356,99101,2956700
652,336,293,1456707,6399,99394,2826300
653,329,320,1456378,6408,99714,2773900
654,350,335,1456028,6423,100049,2850000
655,339,338,1455689,6424,100387,2937500
656,375,312,1455314,6487,100699,3330500
657,307,355,1455007,6439,101054,3172200
658,326,324,1454681,6441,101378,3175100
659,366,344,1454315,6463,101722,3333200
660,338,308,1453977,6493,102030,3822900
661,341,317,1453636,6517,102347,3375800
662,354,328,1453282,6543,102675,3316100
663,374,342,1452908,6575,103017,3310900
664,369,345,1452539,6599,103362,3143000
665,373,326,1452166,6646,103688,3118400
666,346,336,1451820,6656,104024,3041700
667,310,300,1451510,6666,104324,3070800
668,368,325,1451142,6709,104649,3076300
669,342,327,1450800,6724,104976,3053200
670,327,327,1450473,6724,105303,3304900
671,329,367,1450144,6686,105670,3204100
672,354,334,1449790,6706,106004,3352700
673,306,363,1449484,6649,106367,3712300
674,340,337,1449144,6652,106704,3945900
675,330,349,1448814,6633,107053,3363200
676,344,330,1448470,6647,107383,3185300
677,376,339,1448094,6684,107722,3157100
678,372,349,1447722,6707,108071,3157500
679,344,337,1447378,6714,108408,3459900
680,342,334,1447036,6722,108742,3472800
681,356,328,1446680,6750,109070,3322100
682,362,339,1446318,6773,109409,3296800
683,359,338,1445959,6794,109747,5027400
684,333,323,1445626,6804,110070,4238500
685,335,348,1445291,6791,110418,3550400
686,351,353,1444940,6789,110771,3260200
687,355,381,1444585,6763,111152,3526900
688,351,315,1444234,6799,111467,3352600
689,347,347,1443887,6799,111814,3191000
690,347,386,1443540,6760,112200,3110300
691,325,342,1443215,6743,112542,3115300
692,362,324,1442853,6781,112866,3108000
693,343,373,1442510,6751,113239,3214700
694,305,341,1442205,6715,113580,3257000
695,357,313,1441848,6759,113893,3185900
696,338,347,1441510,6750,114240,3163400
697,346,361,1441164,6735,114601,3135400
698,328,335,1440836,6728,114936,3036700
699,336,342,1440500,6722,115278,2972900
700,372,337,1440128,6757,115615,2922200
701,337,313,1439791,6781,115928,2839200
702,356,353,1439435,6784,116281,3175500
703,384,331,1439051,6837,116612,3292000
704,354,344,1438697,6847,116956,2922500
705,349,342,1438348,6854,117298,2939700
706,358,309,1437990,6903,117607,2903900
707,369,362,1437621,6910,117969,2901300
708,359,360,1437262,6909,118329,3369500
709,402,368,1436860,6943,118697,3238000
710,362,373,1436498,6932,119070,3241800
711,341,341,1436157,6932,119411,3087300
712,344,349,1435813,6927,119760,3064700
713,344,355,1435469,6916,120115,3363000
714,317,388,1435152,6845,120503,3259100
715,335,334,1434817,6846,120837,3249500
716,355,358,1434462,6843,121195,3246500
717,344,312,1434118,6875,121507,3522200
718,339,351,1433779,6863,121858,3178700
719,352,297,1433427,6918,122155,3270500
720,354,334,1433073,6938,122489,3089900
721,363,325,1432710,6976,122814,3121000
722,332,354,1432378,6954,123168,3121500
723,308,341,1432070,6921,123509,3136500
724,366,349,1431704,6938,123858,3262900
725,364,384,1431340,6918,124242,3085500
726,330,329,1431010,6919,124571,3535000
727,359,357,1430651,6921,124928,3268100
728,364,329,1430287,6956,125257,3114700
729,369,337,1429918,6988,125594,3071900
730,363,356,1429555,6995,125950,3106500
731,356,348,1429199,7003,126298,3163200
732,365,344,1428834,7024,126642,3329300
733,422,356,1428412,7090,126998,3199600
734,416,336,1427996,7170,127334,3036900
735,382,339,1427614,7213,127673,3041000
736,381,331,1427233,7263,128004,3063200
737,386,399,1426847,7250,128403,3134000
738,392,324,1426455,7318,128727,3153100
739,373,391,1426082,7300,129118,3145100
740,393,350,1425689,7343,129468,3271100
741,401,368,1425288,7376,129836,3042900
742,406,370,1424882,7412,130206,3281900
743,389,350,1424493,7451,130556,3220000
744,367,371,1424126,7447,130927,3062100
745,389,371,1423737,7465,131298,3178700
746,398,376,1423339,7487,131674,3225700
747,394,365,1422945,7516,132039,3270900
748,379,374,1422566,7521,132413,3208600
749,368,331,1422198,7558,132744,3175600
750,373,368,1421825,7563,133112,6015600
751,388,395,1421437,7556,133507,5158100
752,377,380,1421060,7553,133887,5603000
753,356,382,1420704,7527,134269,7948000
754,365,396,1420339,7496,134665,4649200
755,353,392,1419986,7457,135057,3459400
756,374,371,1419612,7460,135428,3654900
757,353,393,1419259,7420,135821,5025600
758,380,385,1418879,7415,136206,3656300
759,377,392,1418502,7400,136598,3261600
760,350,349,1418152,7401,136947,3819600
761,382,356,1417770,7427,137303,3385700
762,394,355,1417376,7466,137658,3736900
763,390,410,1416986,7446,138068,3453800
764,370,349,1416616,7467,138417,3483700
765,393,376,1416223,7484,138793,3344100
766,372,386,1415851,7470,139179,3302300
767,395,356,1415456,7509,139535,3395300
768,402,397,1415054,7514,139932,3176400
769,385,365,1414669,7534,140297,3279000
770,372,387,1414297,7519,140684,3388300
771,368,371,1413929,7516,141055,3211400
772,413,371,1413516,7558,141426,3389900
773,390,397,1413126,7551,141823,3225800
774,392,392,1412734,7551,142215,3374300
775,381,415,1412353,7517,142630,3578600
776,367,388,1411986,7496,143018,3746500
777,350,352,1411636,7494,143370,3789300
778,384,388,1411252,7490,143758,3834700
779,380,364,1410872,7506,144122,4200700
780,429,413,1410443,7522,144535,3655900
781,409,379,1410034,7552,144914,3859500
782,414,368,1409620,7598,145282,3390900
783,397,395,1409223,7600,145677,3458700
784,411,351,1408812,7660,146028,4168800
785,406,357,1408406,7709,146385,3644300
786,411,367,1407995,7753,146752,3369900
787,410,413,1407585,7750,147165,3490700
788,410,378,1407175,7782,147543,3400700
789,389,388,1406786,7783,147931,3391000
790,411,412,1406375,7782,148343,3219400
791,424,389,1405951,7817,148732,3236100
792,402,393,1405549,7826,149125,3525400
793,426,401,1405123,7851,149526,3376700
794,397,373,1404726,7875,149899,3268000
795,366,383,1404360,7858,150282,3235200
796,428,357,1403932,7929,150639,3232100
797,400,415,1403532,7914,151054,3366700
798,414,367,1403118,7961,151421,3283600
799,387,398,1402731,7950,151819,3218600
800,411,425,1402320,7936,152244,3296600
801,400,442,1401920,7894,152686,3148200
802,408,410,1401512,7892,153096,3336000
803,373,412,1401139,7853,153508,3324000
804,387,397,1400752,7843,153905,3429800
805,407,402,1400345,7848,154307,3191100
806,405,375,1399940,7878,154682,3167000
807,435,406,1399505,7907,155088,3513600
808,412,385,1399093,7934,155473,3279100
809,415,390,1398678,7959,155863,3426100
810,399,410,1398279,7948,156273,3228400
811,422,446,1397857,7924,156719,3384700
812,417,396,1397440,7945,157115,3162700
813,428,375,1397012,7998,157490,3267700
814,431,392,1396581,8037,157882,3299800
815,418,399,1396163,8056,158281,3135400
816,374,352,1395789,8078,158633,3258400
817,428,392,1395361,8114,159025,3103600
818,456,393,1394905,8177,159418,3102500
819,394,413,1394511,8158,159831,3303100
820,404,419,1394107,8143,160250,3049600
821,424,422,1393683,8145,160672,3277900
822,433,384,1393250,8194,161056,3025900
823,400,418,1392850,8176,161474,3103400
824,407,391,1392443,8192,161865,3215200
825,392,398,1392051,8186,162263,3175500
826,425,386,1391626,8225,162649,3540200
827,435,421,1391191,8239,163070,3325700
828,448,430,1390743,8257,163500,3120900
829,436,401,1390307,8292,163901,3097700
830,415,441,1389892,8266,164342,3122200
831,451,395,1389441,8322,164737,3381700
832,435,392,1389006,8365,165129,3241500
833,409,394,1388597,8380,165523,3466100
834,422,448,1388175,8354,165971,3071700
835,429,420,1387746,8363,166391,3245200
836,416,392,1387330,8387,166783,3522500
837,408,431,1386922,8364,167214,3337700
838,430,412,1386492,8382,167626,3380500
839,430,431,1386062,8381,168057,3058400
840,406,430,1385656,8357,168487,3083600
841,405,414,1385251,8348,168901,3231900
842,423,411,1384828,8360,169312,3105000
843,412,396,1384416,8376,169708,3170100
844,426,428,1383990,8374,170136,3161500
845,423,430,1383567,8367,170566,3293200
846,418,403,1383149,8382,170969,3147800
847,386,377,1382763,8391,171346,3289600
848,398,432,1382365,8357,171778,3303300
849,407,403,1381958,8361,172181,3155800
850,420,440,1381538,8341,172621,3317300
851,418,388,1381120,8371,173009,3308500
852,453,436,1380667,8388,173445,3110300
853,378,423,1380289,8343,173868,3081900
854,412,424,1379877,8331,174292,3078300
855,393,396,1379484,8328,174688,3234500
856,417,417,1379067,8328,175105,3157600
857,374,381,1378693,8321,175486,3371400
858,421,445,1378272,8297,175931,3142400
859,396,400,1377876,8293,176331,3171900
860,430,411,1377446,8312,176742,3634700
861,400,402,1377046,8310,177144,3101300
862,416,413,1376630,8313,177557,3229300
863,391,454,1376239,8250,178011,3322600
864,417,401,1375822,8266,178412,3196400
865,398,432,1375424,8232,178844,3152500
866,394,420,1375030,8206,179264,3152000
867,402,444,1374628,8164,179708,3387500
868,437,387,1374191,8214,180095,3190000
869,416,406,1373775,8224,180501,3374200
870,396,412,1373379,8208,180913,3135500
871,393,399,1372986,8202,181312,3174300
872,408,432,1372578,8178,181744,3424700
873,418,404,1372160,8192,182148,3666600
874,412,400,1371748,8204,182548,3359100
875,406,384,1371342,8226,182932,3132400
876,422,414,1370920,8234,183346,3122100
877,391,394,1370529,8231,183740,3213900
878,399,433,1370130,8197,184173,3195500
879,374,380,1369756,8191,184553,3207900
880,384,386,1369372,8189,184939,3225200
881,431,439,1368941,8181,185378,3205200
882,420,439,1368521,8162,185817,3172200
883,382,391,1368139,8153,186208,3234700
884,380,413,1367759,8120,186621,3408700
885,409,376,1367350,8153,186997,3221500
886,390,427,1366960,8116,187424,3358700
887,416,405,1366544,8127,187829,3250400
888,396,383,1366148,8140,188212,3275900
889,343,382,1365805,8101,188594,3498500
890,382,389,1365423,8094,188983,3280500
891,387,398,1365036,8083,189381,3377600
892,365,407,1364671,8041,189788,3517100
893,376,417,1364295,8000,190205,3274800
894,373,421,1363922,7952,190626,3696800
895,390,398,1363532,7944,191024,3537000
896,412,398,1363120,7958,191422,3196900
897,373,440,1362747,7891,191862,3199400
898,392,397,1362355,7886,192259,3209700
899,349,406,1362006,7829,192665,3515300
900,413,409,1361593,7833,193074,3172500
901,409,378,1361184,7864,193452,3135400
902,415,394,1360769,7885,193846,3272800
903,377,408,1360392,7854,194254,3521000
904,400,394,1359992,7860,194648,3400200
905,419,390,1359573,7889,195038,3160800
906,420,375,1359153,7934,195413,3160300
907,387,415,1358766,7906,195828,3558000
908,411,354,1358355,7963,196182,3155500
909,410,382,1357945,7991,196564,3963400
910,408,404,1357537,7995,196968,3462100
911,412,416,1357125,7991,197384,3370400
912,396,384,1356729,8003,197768,3530100
913,382,409,1356347,7976,198177,3135200
914,408,426,1355939,7958,198603,3151900
915,410,420,1355529,7948,199023,3121800
916,392,379,1355137,7961,199402,3089500
917,380,381,1354757,7960,199783,3137500
918,382,373,1354375,7969,200156,3089300
919,370,410,1354005,7929,200566,3269700
920,445,405,1353560,7969,200971,3045500
921,405,397,1353155,7977,201368,3124600
922,426,394,1352729,8009,201762,2978400
923,421,393,1352308,8037,202155,3071200
924,431,394,1351877,8074,202549,3584600
925,423,419,1351454,8078,202968,3052000
926,419,412,1351035,8085,203380,3098300
927,416,404,1350619,8097,203784,3029400
928,407,457,1350212,8047,204241,3203700
929,429,383,1349783,8093,204624,3009600
930,426,421,1349357,8098,205045,3137900
931,404,394,1348953,8108,205439,3070700
932,421,412,1348532,8117,205851,3096700
933,409,420,1348123,8106,206271,3223400
934,421,369,1347702,8158,206640,3512300
935,422,410,1347280,8170,207050,3132500
936,455,381,1346825,8244,207431,3195300
937,445,448,1346380,8241,207879,3167700
938,399,429,1345981,8211,208308,3313400
939,390,431,1345591,8170,208739,3034900
940,399,400,1345192,8169,209139,3179700
941,408,415,1344784,8162,209554,3204200
942,383,452,1344401,8093,210006,3238700
943,407,402,1343994,8098,210408,3525600
944,400,452,1343594,8046,210860,3325300
945,397,376,1343197,8067,211236,3364200
946,405,401,1342792,8071,211637,3033500
947,427,365,1342365,8133,212002,3089900
948,409,406,1341956,8136,212408,3050800
949,393,396,1341563,8133,212804,3079000
950,374,404,1341189,8103,213208,3182600
951,410,349,1340779,8164,213557,3085600
952,403,426,1340376,8141,213983,3242800
953,420,408,1339956,8153,214391,3563300
954,413,417,1339543,8149,214808,3304400
955,404,367,1339139,8186,215175,3372600
956,401,419,1338738,8168,215594,3187000
957,418,409,1338320,8177,216003,3372400
958,414,388,1337906,8203,216391,3072000
959,359,398,1337547,8164,216789,3278100
960,398,420,1337149,8142,217209,3421200
961,412,433,1336737,8121,217642,3211900
962,398,396,1336339,8123,218038,3291200
963,429,395,1335910,8157,218433,3145300
964,429,385,1335481,8201,218818,3230400
965,360,429,1335121,8132,219247,2984900
966,372,411,1334749,8093,219658,3054900
967,366,384,1334383,8075,220042,3112700
968,389,381,1333994,8083,220423,3138600
969,360,396,1333634,8047,220819,3372100
970,413,394,1333221,8066,221213,3120900
971,376,388,1332845,8054,221601,3194000
972,405,410,1332440,8049,222011,3077700
973,398,378,1332042,8069,222389,3136800
974,385,430,1331657,8024,222819,3095200
975,388,422,1331269,7990,223241,3206800
976,410,381,1330859,8019,223622,3194300
977,425,421,1330434,8023,224043,3099300
978,400,410,1330034,8013,224453,3387000
979,418,393,1329616,8038,224846,3256200
980,401,375,1329215,8064,225221,3104700
981,434,363,1328781,8135,225584,3132700
982,407,387,1328374,8155,225971,3045400
983,424,415,1327950,8164,226386,3196600
984,416,378,1327534,8202,226764,3140100
985,449,419,1327085,8232,227183,3287600
986,410,431,1326675,8211,227614,3070400
987,419,441,1326256,8189,228055,3097700
988,396,399,1325860,8186,228454,2987800
989,379,425,1325481,8140,228879,3110200
990,399,425,1325082,8114,229304,3169900
991,396,384,1324686,8126,229688,3304000
992,368,421,1324318,8073,230109,3293300
993,397,418,1323921,8052,230527,3020100
994,366,416,1323555,8002,230943,3155900
995,378,367,1323177,8013,231310,3593000
996,405,347,1322772,8071,231657,3303600
997,376,397,1322396,8050,232054,3224600
998,407,403,1321989,8054,232457,3065600
999,363,397,1321626,8020,232854,3077500
1000,391,422,1321235,7989,233276,3054200
1001,396,428,1320839,7957,233704,3212200
1002,381,420,1320458,7918,234124,3293200
1003,414,392,1320044,7940,234516,3096300
1004,372,396,1319672,7916,234912,3427900
1005,400,417,1319272,7899,235329,3045300
1006,377,388,1318895,7888,235717,3255300
1007,393,371,1318502,7910,236088,3546400
1008,384,351,1318118,7943,236439,3061200
1009,426,374,1317692,7995,236813,3272000
1010,391,415,1317301,7971,237228,3363400
1011,379,361,1316922,7989,237589,3136700
1012,382,380,1316540,7991,237969,3144200
1013,396,389,1316144,7998,238358,3172600
1014,394,388,1315750,8004,238746,3586500
1015,405,433,1315345,7976,239179,3100700
1016,423,385,1314922,8014,239564,3192500
1017,402,415,1314520,8001,239979,3085700
1018,378,396,1314142,7983,240375,3076000
1019,384,390,1313758,7977,240765,3017500
1020,354,438,1313404,7893,241203,3054100
1021,400,386,1313004,7907,241589,3220800
1022,374,384,1312630,7897,241973,3041000
1023,401,410,1312229,7888,242383,3154400
1024,373,404,1311856,7857,242787,3047500
1025,385,407,1311471,7835,243194,3166800
1026,385,419,1311086,7801,243613,3030200
1027,386,368,1310700,7819,243981,3112000
1028,380,384,1310320,7815,244365,2984700
1029,405,380,1309915,7840,244745,3035000
1030,409,394,1309506,7855,245139,3235900
1031,382,389,1309124,7848,245528,3211300
1032,368,379,1308756,7837,245907,3230600
1033,361,391,1308395,7807,246298,3141400
1034,369,371,1308026,7805,246669,3117700
1035,361,381,1307665,7785,247050,3039000
1036,380,355,1307285,7810,247405,3117000
1037,392,388,1306893,7814,247793,3213200
1038,376,378,1306517,7812,248171,3053500
1039,400,396,1306117,7816,248567,3312600
1040,382,353,1305735,7845,248920,3496600
1041,346,384,1305389,7807,249304,3097400
1042,380,420,1305009,7767,249724,3335500
1043,354,398,1304655,7723,250122,3072600
1044,373,406,1304282,7690,250528,3193500
1045,373,384,1303909,7679,250912,3173400
1046,385,368,1303524,7696,251280,3181000
1047,374,388,1303150,7682,251668,3099500
1048,390,396,1302760,7676,252064,3140300
1049,363,392,1302397,7647,252456,3366200
1050,360,387,1302037,7620,252843,3040900
1051,372,371,1301665,7621,253214,3224000
1052,361,374,1301304,7608,253588,3037600
1053,358,379,1300946,7587,253967,3234800
1054,359,360,1300587,7586,254327,3631800
1055,358,370,1300229,7574,254697,3066400
1056,361,357,1299868,7578,255054,3347200
1057,370,379,1299498,7569,255433,3074600
1058,360,376,1299138,7553,255809,3378700
1059,321,394,1298817,7480,256203,3007000
1060,348,348,1298469,7480,256551,3064900
1061,373,384,1298096,7469,256935,3105000
1062,385,348,1297711,7506,257283,3177100
1063,350,382,1297361,7474,257665,3250600
1064,377,393,1296984,7458,258058,3275800
1065,350,360,1296634,7448,258418,3230200
1066,371,389,1296263,7430,258807,3444000
1067,332,407,1295931,7355,259214,3149200
1068,366,379,1295565,7342,259593,3287200
1069,354,367,1295211,7329,259960,3008600
1070,370,349,1294841,7350,260309,3302700
1071,348,373,1294493,7325,260682,3560200
1072,360,353,1294133,7332,261035,3182100
1073,361,358,1293772,7335,261393,3322000
1074,370,359,1293402,7346,261752,3125000
1075,353,376,1293049,7323,262128,3373100
1076,371,378,1292678,7316,262506,3537000
1077,364,337,1292314,7343,262843,3161400
1078,380,362,1291934,7361,263205,3036200
1079,374,350,1291560,7385,263555,3215500
1080,353,423,1291207,7315,263978,3326300
1081,375,364,1290832,7326,264342,3318100
1082,363,397,1290469,7292,264739,3433600
1083,348,387,1290121,7253,265126,3121700
1084,350,389,1289771,7214,265515,3295800
1085,364,372,1289407,7206,265887,3341700
1086,319,356,1289088,7169,266243,3269000
1087,344,361,1288744,7152,266604,3503700
1088,338,363,1288406,7127,266967,3283500
1089,321,358,1288085,7090,267325,3511900
1090,352,323,1287733,7119,267648,3727900
1091,339,350,1287394,7108,267998,4075700
1092,352,336,1287042,7124,268334,3474100
1093,347,340,1286695,7131,268674,3276300
1094,323,390,1286372,7064,269064,3247600
1095,352,366,1286020,7050,269430,3394800
1096,355,349,1285665,7056,269779,3359300
1097,372,371,1285293,7057,270150,3492500
1098,359,369,1284934,7047,270519,3442800
1099,349,343,1284585,7053,270862,3546300
1100,355,350,1284230,7058,271212,3181700
1101,368,366,1283862,7060,271578,3604500
1102,352,356,1283510,7056,271934,3718400
1103,366,365,1283144,7057,272299,3193400
1104,366,369,1282778,7054,272668,3369400
1105,374,371,1282404,7057,273039,3291700
1106,339,364,1282065,7032,273403,3281600
1107,367,338,1281698,7061,273741,3175600
1108,362,361,1281336,7062,274102,3189800
1109,372,351,1280964,7083,274453,3082600
1110,379,352,1280585,7110,274805,3072000
1111,379,347,1280206,7142,275152,3259100
1112,352,365,1279854,7129,275517,3518800
1113,364,338,1279490,7155,275855,3410600
1114,368,363,1279122,7160,276218,3074900
1115,377,382,1278745,7155,276600,3129100
1116,345,369,1278400,7131,276969,3331500
1117,382,318,1278018,7195,277287,3489800
1118,361,372,1277657,7184,277659,3474500
1119,332,337,1277325,7179,277996,3071800
1120,340,353,1276985,7166,278349,3143300
1121,350,353,1276635,7163,278702,3316400
1122,375,361,1276260,7177,279063,3300500
1123,364,355,1275896,7186,279418,3147000
1124,354,365,1275542,7175,279783,3301600
1125,365,340,1275177,7200,280123,3170800
1126,353,379,1274824,7174,280502,3028400
1127,341,334,1274483,7181,280836,3117000
1128,349,375,1274134,7155,281211,3328300
1129,390,341,1273744,7204,281552,3051000
1130,360,348,1273384,7216,281900,3250700
1131,332,341,1273052,7207,282241,3096300
1132,362,369,1272690,7200,282610,3102800
1133,326,374,1272364,7152,282984,2966700
1134,340,383,1272024,7109,283367,3098400
1135,360,374,1271664,7095,283741,3052400
1136,331,366,1271333,7060,284107,3010900
1137,317,366,1271016,7011,284473,3299800
1138,312,370,1270704,6953,284843,3136900
1139,361,390,1270343,6924,285233,3195400
1140,329,387,1270014,6866,285620,3064000
1141,301,319,1269713,6848,285939,3037300
1142,315,406,1269398,6757,286345,2975600
1143,313,342,1269085,6728,286687,3177800
1144,344,324,1268741,6748,287011,3266200
1145,354,340,1268387,6762,287351,3092500
1146,352,328,1268035,6786,287679,3163800
1147,286,306,1267749,6766,287985,3023200
1148,336,369,1267413,6733,288354,3176700
1149,360,330,1267053,6763,288684,2999900
1150,324,336,1266729,6751,289020,3059700
1151,319,353,1266410,6717,289373,2955000
1152,321,327,1266089,6711,289700,3055800
1153,349,331,1265740,6729,290031,3110900
1154,367,365,1265373,6731,290396,3192200
1155,352,334,1265021,6749,290730,3206400
1156,350,320,1264671,6779,291050,3230000
1157,320,332,1264351,6767,291382,3126500
1158,354,357,1263997,6764,291739,2986600
1159,322,338,1263675,6748,292077,3060700
1160,357,339,1263318,6766,292416,3089100
1161,356,346,1262962,6776,292762,3083600
1162,357,365,1262605,6768,293127,3198200
1163,355,357,1262250,6766,293484,3048500
1164,339,341,1261911,6764,293825,3159200
1165,336,351,1261575,6749,294176,2995600
1166,367,324,1261208,6792,294500,3049600
1167,339,326,1260869,6805,294826,3079800
1168,341,298,1260528,6848,295124,3201000
1169,372,344,1260156,6876,295468,3207800
1170,344,330,1259812,6890,295798,3090400
1171,330,361,1259482,6859,296159,3241500
1172,324,351,1259158,6832,296510,3064100
1173,348,367,1258810,6813,296877,3048800
1174,343,359,1258467,6797,297236,3162700
1175,341,368,1258126,6770,297604,3111000
1176,342,339,1257784,6773,297943,3352500
1177,329,325,1257455,6777,298268,3421300
1178,348,321,1257107,6804,298589,3348800
1179,358,337,1256749,6825,298926,3161700
1180,364,311,1256385,6878,299237,3098500
1181,305,352,1256080,6831,299589,3489100
1182,347,352,1255733,6826,299941,3113600
1183,321,360,1255412,6787,300301,3138900
1184,327,341,1255085,6773,300642,3002000
1185,327,304,1254758,6796,300946,3134500
1186,399,320,1254359,6875,301266,3029300
1187,317,356,1254042,6836,301622,3339600
1188,320,363,1253722,6793,301985,3255700
1189,346,312,1253376,6827,302297,3104700
1190,323,360,1253053,6790,302657,3136500
1191,332,352,1252721,6770,303009,3112000
1192,336,340,1252385,6766,303349,3161200
1193,324,324,1252061,6766,303673,3648000
1194,375,364,1251686,6777,304037,3156300
1195,342,301,1251344,6818,304338,3343500
1196,348,335,1250996,6831,304673,3213500
1197,329,330,1250667,6830,305003,3300300
1198,335,306,1250332,6859,305309,3303700
1199,318,370,1250014,6807,305679,3140300
1200,344,330,1249670,6821,306009,3256600
1201,306,324,1249364,6803,306333,3418700
1202,290,349,1249074,6744,306682,3137400
1203,326,377,1248748,6693,307059,3056700
1204,334,339,1248414,6688,307398,3069300
1205,342,342,1248072,6688,307740,3008600
1206,339,357,1247733,6670,308097,3173900
1207,320,338,1247413,6652,308435,3284700
1208,333,349,1247080,6636,308784,3260300
1209,344,321,1246736,6659,309105,3201900
1210,322,349,1246414,6632,309454,3103500
1211,338,341,1246076,6629,309795,3219800
1212,311,337,1245765,6603,310132,3169500
1213,347,312,1245418,6638,310444,3090500
1214,318,328,1245100,6628,310772,3244700
1215,345,308,1244755,6665,311080,3204400
1216,343,308,1244412,6700,311388,3331200
1217,344,329,1244068,6715,311717,3129500
1218,343,333,1243725,6725,312050,3218400
1219,349,359,1243376,6715,312409,3352400
1220,366,334,1243010,6747,312743,3148200
1221,314,322,1242696,6739,313065,3308700
1222,337,316,1242359,6760,313381,3098900
1223,376,337,1241983,6799,313718,3110900
1224,342,366,1241641,6775,314084,3042100
1225,326,299,1241315,6802,314383,3106600
1226,334,346,1240981,6790,314729,3507600
1227,333,375,1240648,6748,315104,3411200
1228,337,372,1240311,6713,315476,3365400
1229,302,317,1240009,6698,315793,3076600
1230,329,325,1239680,6702,316118,3134800
1231,330,360,1239350,6672,316478,3157800
1232,319,325,1239031,6666,316803,3176300
1233,315,349,1238716,6632,317152,3307800
1234,340,341,1238376,6631,317493,3263700
1235,319,303,1238057,6647,317796,3270400
1236,323,318,1237734,6652,318114,3333500
1237,323,308,1237411,6667,318422,3207800
1238,325,320,1237086,6672,318742,3239900
1239,358,314,1236728,6716,319056,3302500
1240,300,336,1236428,6680,319392,3237600
1241,336,331,1236092,6685,319723,3596800
1242,332,328,1235760,6689,320051,3469000
1243,325,333,1235435,6681,320384,3266000
1244,338,338,1235097,6681,320722,3721800
1245,320,305,1234777,6696,321027,5859100
1246,313,317,1234464,6692,321344,4181700
1247,319,311,1234145,6700,321655,4429100
1248,333,367,1233812,6666,322022,4463400
1249,293,334,1233519,6625,322356,4873900
1250,345,320,1233174,6650,322676,3465600
1251,279,361,1232895,6568,323037,3378700
1252,317,319,1232578,6566,323356,3778300
1253,302,357,1232276,6511,323713,5330500
1254,334,354,1231942,6491,324067,3717200
1255,288,306,1231654,6473,324373,3719000
1256,335,298,1231319,6510,324671,3318100
1257,319,320,1231000,6509,324991,3388900
1258,327,329,1230673,6507,325320,3331900
1259,318,316,1230355,6509,325636,3450700
1260,350,303,1230005,6556,325939,3232800
1261,326,330,1229679,6552,326269,3343900
1262,327,308,1229352,6571,326577,3075400
1263,342,331,1229010,6582,326908,3177300
1264,334,337,1228676,6579,327245,3470300
1265,320,330,1228356,6569,327575,3167000
1266,333,306,1228023,6596,327881,3154900
1267,334,340,1227689,6590,328221,3109500
1268,318,307,1227371,6601,328528,3467000
1269,307,308,1227064,6600,328836,3343400
1270,343,335,1226721,6608,329171,3197300
1271,319,363,1226402,6564,329534,3148400
1272,323,318,1226079,6569,329852,3235500
1273,316,289,1225763,6596,330141,3314100
1274,325,352,1225438,6569,330493,3176700
1275,317,300,1225121,6586,330793,3227800
1276,335,317,1224786,6604,331110,3162900
1277,335,300,1224451,6639,331410,3159400
1278,345,336,1224106,6648,331746,3141600
1279,355,351,1223751,6652,332097,3149500
1280,320,296,1223431,6676,332393,3256600
1281,337,303,1223094,6710,332696,3267500
1282,352,347,1222742,6715,333043,3277700
1283,319,339,1222423,6695,333382,3253000
1284,312,351,1222111,6656,333733,3262800
1285,319,325,1221792,6650,334058,3410700
1286,341,365,1221451,6626,334423,3190000
1287,328,354,1221123,6600,334777,3209900
1288,347,342,1220776,6605,335119,3241100
1289,333,340,1220443,6598,335459,3128200
1290,304,309,1220139,6593,335768,3179300
1291,312,328,1219827,6577,336096,3286000
1292,318,330,1219509,6565,336426,3361700
1293,331,351,1219178,6545,336777,3185300
1294,311,315,1218867,6541,337092,3314700
1295,315,345,1218552,6511,337437,3587300
1296,347,341,1218205,6517,337778,3139500
1297,331,347,1217874,6501,338125,3477700
1298,329,300,1217545,6530,338425,3178400
1299,338,309,1217207,6559,338734,3200200
1300,331,366,1216876,6524,339100,3024600
1301,299,343,1216577,6480,339443,3172000
1302,331,327,1216246,6484,339770,3448300
1303,327,344,1215919,6467,340114,3325900
1304,324,356,1215595,6435,340470,3351000
1305,333,298,1215262,6470,340768,3484100
1306,339,324,1214923,6485,341092,3326200
1307,327,314,1214596,6498,341406,3219300
1308,340,307,1214256,6531,341713,3315200
1309,347,321,1213909,6557,342034,3404300
1310,346,310,1213563,6593,342344,3111800
1311,346,342,1213217,6597,342686,3098800
1312,359,297,1212858,6659,342983,3039800
1313,344,337,1212514,6666,343320,3066000
1314,335,342,1212179,6659,343662,3277500
1315,296,349,1211883,6606,344011,2972000
1316,353,332,1211530,6627,344343,3364000
1317,338,289,1211192,6676,344632,3233400
1318,335,349,1210857,6662,344981,3110500
1319,364,267,1210493,6759,345248,3230500
1320,320,332,1210173,6747,345580,3111200
1321,315,359,1209858,6703,345939,3440900
1322,348,305,1209510,6746,346244,3096300
1323,321,348,1209189,6719,346592,3107300
1324,347,338,1208842,6728,346930,3071100
1325,343,353,1208499,6718,347283,3351500
1326,340,348,1208159,6710,347631,3387200
1327,315,364,1207844,6661,347995,3114500
1328,303,331,1207541,6633,348326,3180900
1329,326,341,1207215,6618,348667,3080200
1330,314,336,1206901,6596,349003,3364900
1331,337,318,1206564,6615,349321,3223000
1332,340,338,1206224,6617,349659,3023400
1333,313,364,1205911,6566,350023,3084800
1334,327,327,1205584,6566,350350,3295100
1335,344,344,1205240,6566,350694,3176000
1336,367,326,1204873,6607,351020,3231700
1337,348,319,1204525,6636,351339,3279800
1338,346,355,1204179,6627,351694,3118400
1339,330,355,1203849,6602,352049,3059300
1340,344,309,1203505,6637,352358,3339100
1341,373,330,1203132,6680,352688,3039700
1342,345,319,1202787,6706,353007,3187700
1343,345,339,1202442,6712,353346,3222900
1344,350,332,1202092,6730,353678,3099100
1345,372,332,1201720,6770,354010,3021800
1346,326,314,1201394,6782,354324,3054600
1347,330,318,1201064,6794,354642,3260100
1348,331,339,1200733,6786,354981,3127400
1349,322,335,1200411,6773,355316,3126900
1350,330,340,1200081,6763,355656,3315700
1351,338,342,1199743,6759,355998,3132600
1352,361,337,1199382,6783,356335,3030400
1353,323,315,1199059,6791,356650,3062800
1354,361,334,1198698,6818,356984,3236700
1355,315,307,1198383,6826,357291,3070200
1356,317,377,1198066,6766,357668,3249300
1357,329,321,1197737,6774,357989,2991200
1358,319,351,1197418,6742,358340,3030900
1359,298,360,1197120,6680,358700,3074100
1360,308,359,1196812,6629,359059,3100500
1361,319,335,1196493,6613,359394,3058100
1362,333,371,1196160,6575,359765,3083800
1363,313,321,1195847,6567,360086,3573800
1364,336,332,1195511,6571,360418,3170300
1365,336,321,1195175,6586,360739,3076000
1366,315,351,1194860,6550,361090,3008400
1367,305,311,1194555,6544,361401,3071300
1368,328,353,1194227,6519,361754,3145600
1369,314,348,1193913,6485,362102,3057300
1370,324,330,1193589,6479,362432,3174800
1371,311,290,1193278,6500,362722,3061200
1372,327,326,1192951,6501,363048,3184100
1373,312,351,1192639,6462,363399,3026200
1374,319,314,1192320,6467,363713,3245700
1375,338,325,1191982,6480,364038,3024000
1376,314,346,1191668,6448,364384,3123200
1377,334,330,1191334,6452,364714,3407000
1378,339,325,1190995,6466,365039,3083000
1379,314,344,1190681,6436,365383,3235300
1380,334,311,1190347,6459,365694,3476700
1381,335,347,1190012,6447,366041,3131500
1382,296,317,1189716,6426,366358,3265200
1383,322,309,1189394,6439,366667,3115200
1384,327,287,1189067,6479,366954,3310400
1385,302,317,1188765,6464,367271,3368600
1386,307,293,1188458,6478,367564,3326100
1387,302,302,1188156,6478,367866,3339400
1388,320,326,1187836,6472,368192,3319900
1389,329,321,1187507,6480,368513,3540600
1390,307,336,1187200,6451,368849,3300500
1391,340,333,1186860,6458,369182,3390700
1392,325,334,1186535,6449,369516,3442300
1393,296,321,1186239,6424,369837,3201100
1394,336,306,1185903,6454,370143,3425800
1395,310,321,1185593,6443,370464,3144300
1396,329,328,1185264,6444,370792,3380600
1397,318,333,1184946,6429,371125,3479300
1398,310,350,1184636,6389,371475,3343300
1399,317,330,1184319,6376,371805,3498300
1400,326,316,1183993,6386,372121,3207100
1401,310,314,1183683,6382,372435,3157900
1402,332,309,1183351,6405,372744,3344900
1403,328,307,1183023,6426,373051,3393200
1404,338,328,1182685,6436,373379,3467700
1405,324,368,1182361,6392,373747,3165400
1406,307,296,1182054,6403,374043,3211800
1407,349,326,1181705,6426,374369,3403800
1408,296,323,1181409,6399,374692,3672800
1409,362,314,1181047,6447,375006,3300700
1410,347,316,1180700,6478,375322,3660000
1411,315,300,1180385,6493,375622,3458700
1412,338,356,1180047,6475,375978,3448700
1413,323,302,1179724,6496,376280,3527100
1414,329,337,1179395,6488,376617,3140800
1415,346,298,1179049,6536,376915,3325200
1416,314,330,1178735,6520,377245,3107200
1417,335,309,1178400,6546,377554,3107900
1418,319,316,1178081,6549,377870,3031900
1419,319,332,1177762,6536,378202,3138200
1420,324,348,1177438,6512,378550,2977300
1421,319,322,1177119,6509,378872,3074300
1422,342,342,1176777,6509,379214,3070800
1423,332,297,1176445,6544,379511,3097700
1424,331,329,1176114,6546,379840,3739400
1425,304,349,1175810,6501,380189,3365000
1426,324,333,1175486,6492,380522,3101500
1427,324,314,1175162,6502,380836,3218100
1428,324,330,1174838,6496,381166,3211000
1429,325,332,1174513,6489,381498,3294300
1430,322,284,1174191,6527,381782,3072600
1431,317,327,1173874,6517,382109,3147400
1432,318,369,1173556,6466,382478,3065000
1433,355,325,1173201,6496,382803,3236900
1434,311,344,1172890,6463,383147,2979400
1435,297,305,1172593,6455,383452,3069500
1436,361,312,1172232,6504,383764,3144900
1437,323,329,1171909,6498,384093,3172500
1438,300,317,1171609,6481,384410,3157600
1439,313,330,1171296,6464,384740,3313100
1440,303,329,1170993,6438,385069,3191200
1441,305,304,1170688,6439,385373,3092400
1442,319,314,1170369,6444,385687,3146600
1443,333,308,1170036,6469,385995,3255700
1444,328,313,1169708,6484,386308,3237200
1445,310,307,1169398,6487,386615,3313200
1446,283,325,1169115,6445,386940,3085400
1447,293,327,1168822,6411,387267,3180500
1448,298,306,1168524,6403,387573,2997100
1449,336,319,1168188,6420,387892,3108600
1450,322,299,1167866,6443,388191,3120300
1451,289,342,1167577,6390,388533,3206100
1452,303,353,1167274,6340,388886,3358200
1453,297,335,1166977,6302,389221,3098900
1454,330,342,1166647,6290,389563,3075600
1455,333,303,1166314,6320,389866,3063000
1456,292,308,1166022,6304,390174,3058400
1457,289,350,1165733,6243,390524,3348200
1458,331,350,1165402,6224,390874,3050300
1459,298,324,1165104,6198,391198,3155000
1460,306,313,1164798,6191,391511,3268500
1461,306,290,1164492,6207,391801,3102300
1462,317,338,1164175,6186,392139,3131800
1463,293,287,1163882,6192,392426,3074400
1464,305,282,1163577,6215,392708,3413100
1465,340,312,1163237,6243,393020,3234400
1466,352,328,1162885,6267,393348,3169400
1467,308,305,1162577,6270,393653,3109300
1468,322,318,1162255,6274,393971,3070400
1469,396,336,1161859,6334,394307,3169900
1470,357,324,1161502,6367,394631,3030900
1471,316,318,1161186,6365,394949,3367700
1472,336,309,1160850,6392,395258,3171900
1473,326,339,1160524,6379,395597,3141200
1474,337,308,1160187,6408,395905,3242900
1475,342,331,1159845,6419,396236,3100100
1476,360,322,1159485,6457,396558,3230800
1477,315,318,1159170,6454,396876,3222600
1478,305,300,1158865,6459,397176,3230800
1479,376,332,1158489,6503,397508,3217700
1480,320,322,1158169,6501,397830,3388200
1481,335,291,1157834,6545,398121,3232400
1482,321,326,1157513,6540,398447,3066300
1483,330,302,1157183,6568,398749,3267400
1484,308,305,1156875,6571,399054,3257000
1485,298,315,1156577,6554,399369,3223500
1486,354,357,1156223,6551,399726,3218600
1487,323,317,1155900,6557,400043,3109800
1488,320,328,1155580,6549,400371,3143300
1489,314,340,1155266,6523,400711,3299200
1490,330,322,1154936,6531,401033,3331000
1491,330,315,1154606,6546,401348,3301000
1492,325,361,1154281,6510,401709,3272400
1493,316,331,1153965,6495,402040,3015800
1494,318,338,1153647,6475,402378,3146200
1495,324,314,1153323,6485,402692,3283600
1496,349,276,1152974,6558,402968,3293500
1497,364,327,1152610,6595,403295,3119100
1498,332,319,1152278,6608,403614,2987100
1499,357,333,1151921,6632,403947,3065500
1500,348,314,1151573,6666,404261,3004100
1501,316,343,1151257,6639,404604,3121400
1502,357,329,1150900,6667,404933,3060900
1503,354,336,1150546,6685,405269,3072100
1504,384,322,1150162,6747,405591,3368300
1505,344,320,1149818,6771,405911,3175500
1506,354,350,1149464,6775,406261,3284800
1507,340,344,1149124,6771,406605,3025100
1508,314,342,1148810,6743,406947,3142700
1509,316,325,1148494,6734,407272,3053500
1510,330,354,1148164,6710,407626,3064200
1511,340,312,1147824,6738,407938,3468900
1512,379,345,1147445,6772,408283,3213000
1513,303,350,1147142,6725,408633,3115200
1514,333,347,1146809,6711,408980,3216400
1515,312,339,1146497,6684,409319,3177800
1516,329,331,1146168,6682,409650,3365900
1517,318,315,1145850,6685,409965,3202700
1518,331,341,1145519,6675,410306,3282400
1519,342,319,1145177,6698,410625,3497000
1520,346,354,1144831,6690,410979,3171400
1521,285,300,1144546,6675,411279,3104700
1522,314,304,1144232,6685,411583,3462600
1523,353,338,1143879,6700,411921,3185700
1524,338,332,1143541,6706,412253,3134500
1525,319,302,1143222,6723,412555,3226600
1526,308,356,1142914,6675,412911,3134800
1527,320,348,1142594,6647,413259,3159000
1528,312,307,1142282,6652,413566,3408400
1529,320,328,1141962,6644,413894,3430100
1530,349,370,1141613,6623,414264,6310900
1531,378,350,1141235,6651,414614,5101700
1532,328,305,1140907,6674,414919,4921900
1533,312,329,1140595,6657,415248,4390900
1534,328,330,1140267,6655,415578,4881400
1535,348,344,1139919,6659,415922,3457900
1536,310,362,1139609,6607,416284,3376500
1537,322,326,1139287,6603,416610,3511000
1538,307,340,1138980,6570,416950,4077500
1539,326,337,1138654,6559,417287,4296400
1540,340,367,1138314,6532,417654,3501300
1541,334,339,1137980,6527,417993,3298800
1542,341,299,1137639,6569,418292,3170000
1543,367,336,1137272,6600,418628,3491900
1544,336,325,1136936,6611,418953,3256200
1545,339,341,1136597,6609,419294,3250300
1546,336,359,1136261,6586,419653,3171100
1547,328,325,1135933,6589,419978,3055000
1548,333,333,1135600,6589,420311,3343000
1549,310,328,1135290,6571,420639,3371500
1550,316,327,1134974,6560,420966,3430500
1551,335,339,1134639,6556,421305,3183700
1552,343,311,1134296,6588,421616,3051600
1553,320,325,1133976,6583,421941,3249800
1554,360,364,1133616,6579,422305,3566900
1555,346,325,1133270,6600,422630,3161400
1556,338,330,1132932,6608,422960,3160000
1557,287,317,1132645,6578,423277,3090100
1558,356,327,1132289,6607,423604,3241400
1559,291,356,1131998,6542,423960,3289500
1560,313,322,1131685,6533,424282,3465200
1561,334,320,1131351,6547,424602,3130500
1562,366,320,1130985,6593,424922,3128900
1563,372,293,1130613,6672,425215,3059000
1564,355,323,1130258,6704,425538,3130400
1565,352,295,1129906,6761,425833,3231300
1566,358,361,1129548,6758,426194,3342700
1567,377,318,1129171,6817,426512,3236300
1568,366,350,1128805,6833,426862,3167600
1569,371,311,1128434,6893,427173,3138700
1570,329,340,1128105,6882,427513,2961500
1571,370,357,1127735,6895,427870,3085900
1572,341,314,1127394,6922,428184,3213700
1573,345,348,1127049,6919,428532,3105600
1574,375,311,1126674,6983,428843,3433400
1575,332,358,1126342,6957,429201,3097900
1576,355,373,1125987,6939,429574,3105200
1577,334,370,1125653,6903,429944,2974300
1578,338,331,1125315,6910,430275,3067900
1579,330,357,1124985,6883,430632,3199200
1580,312,323,1124673,6872,430955,3285000
1581,325,348,1124348,6849,431303,3363300
1582,359,350,1123989,6858,431653,3255800
1583,356,355,1123633,6859,432008,3113000
1584,306,342,1123327,6823,432350,3285900
1585,328,310,1122999,6841,432660,3237100
1586,309,334,1122690,6816,432994,3375000
1587,353,350,1122337,6819,433344,3131500
1588,322,319,1122015,6822,433663,3122900
1589,324,360,1121691,6786,434023,3032400
1590,324,348,1121367,6762,434371,3057100
1591,332,347,1121035,6747,434718,3522400
1592,371,366,1120664,6752,435084,3288400
1593,336,323,1120328,6765,435407,3213100
1594,329,314,1119999,6780,435721,3081700
1595,330,344,1119669,6766,436065,3077200
1596,321,353,1119348,6734,436418,3049100
1597,328,315,1119020,6747,436733,3075900
1598,349,318,1118671,6778,437051,3007100
1599,343,326,1118328,6795,437377,3175900
1600,353,372,1117975,6776,437749,3138100
1601,333,355,1117642,6754,438104,3118700
1602,371,339,1117271,6786,438443,3238000
1603,356,358,1116915,6784,438801,3039600
1604,321,344,1116594,6761,439145,3137600
1605,337,374,1116257,6724,439519,3163100
1606,310,308,1115947,6726,439827,3084100
1607,357,338,1115590,6745,440165,3249300
1608,329,330,1115261,6744,440495,3311600
1609,357,322,1114904,6779,440817,3221900
1610,328,341,1114576,6766,441158,3206400
1611,337,359,1114239,6744,441517,3132700
1612,307,365,1113932,6686,441882,3417300
1613,312,323,1113620,6675,442205,3157600
1614,342,310,1113278,6707,442515,3301500
1615,342,323,1112936,6726,442838,3495900
1616,323,333,1112613,6716,443171,3121600
1617,334,323,1112279,6727,443494,3104400
1618,316,333,1111963,6710,443827,3142100
1619,362,328,1111601,6744,444155,3200600
1620,343,333,1111258,6754,444488,3191600
1621,301,347,1110957,6708,444835,3172000
1622,290,333,1110667,6665,445168,3092100
1623,308,348,1110359,6625,445516,3278600
1624,298,337,1110061,6586,445853,3331700
1625,309,338,1109752,6557,446191,3226700
1626,334,325,1109418,6566,446516,3472400
1627,355,307,1109063,6614,446823,3480400
1628,347,302,1108716,6659,447125,3133300
1629,346,303,1108370,6702,447428,3255000
1630,329,354,1108041,6677,447782,3079300
1631,338,334,1107703,6681,448116,3253500
1632,349,341,1107354,6689,448457,3191800
1633,328,355,1107026,6662,448812,3274000
1634,343,322,1106683,6683,449134,3284700
1635,304,341,1106379,6646,449475,3124700
1636,313,317,1106066,6642,449792,3359200
1637,291,359,1105775,6574,450151,3126000
1638,341,355,1105434,6560,450506,3311400
1639,334,325,1105100,6569,450831,3327000
1640,326,311,1104774,6584,451142,3183500
1641,319,318,1104455,6585,451460,3477700
1642,325,310,1104130,6600,451770,3148400
1643,332,311,1103798,6621,452081,3169900
1644,376,357,1103422,6640,452438,3121700
1645,327,341,1103095,6626,452779,3249000
1646,331,322,1102764,6635,453101,3759500
1647,342,352,1102422,6625,453453,3342600
1648,321,332,1102101,6614,453785,3346400
1649,310,338,1101791,6586,454123,3150100
1650,339,333,1101452,6592,454456,3146600
1651,347,299,1101105,6640,454755,3499500
1652,333,335,1100772,6638,455090,3228800
1653,323,347,1100449,6614,455437,3223000
1654,356,302,1100093,6668,455739,3056700
1655,341,313,1099752,6696,456052,3507600
1656,334,338,1099418,6692,456390,3169300
1657,336,366,1099082,6662,456756,3124600
1658,328,332,1098754,6658,457088,3314700
1659,337,330,1098417,6665,457418,3443600
1660,303,331,1098114,6637,457749,3207700
1661,341,331,1097773,6647,458080,3156700
1662,354,350,1097419,6651,458430,3299600
1663,336,347,1097083,6640,458777,3332600
1664,326,355,1096757,6611,459132,3170000
1665,352,355,1096405,6608,459487,3479900
1666,332,344,1096073,6596,459831,3303100
1667,347,309,1095726,6634,460140,3336000
1668,310,349,1095416,6595,460489,3560500
1669,334,328,1095082,6601,460817,3429900
1670,310,313,1094772,6598,461130,3213700
1671,319,327,1094453,6590,461457,3164300
1672,324,355,1094129,6559,461812,3194200
1673,345,358,1093784,6546,462170,3435300
1674,330,331,1093454,6545,462501,3257200
1675,337,315,1093117,6567,462816,3342900
1676,301,334,1092816,6534,463150,3518800
1677,344,294,1092472,6584,463444,3343100
1678,329,323,1092143,6590,463767,3374600
1679,332,311,1091811,6611,464078,3174500
1680,308,314,1091503,6605,464392,3249600
1681,335,312,1091168,6628,464704,3051400
1682,309,303,1090859,6634,465007,3029300
1683,321,359,1090538,6596,465366,3042700
1684,305,356,1090233,6545,465722,3145000
1685,322,318,1089911,6549,466040,3262100
1686,336,315,1089575,6570,466355,2979600
1687,314,334,1089261,6550,466689,3481100
1688,323,329,1088938,6544,467018,3071200
1689,309,293,1088629,6560,467311,3234000
1690,320,327,1088309,6553,467638,3082600
1691,336,324,1087973,6565,467962,3030300
1692,307,337,1087666,6535,468299,3121600
1693,355,333,1087311,6557,468632,3466500
1694,327,328,1086984,6556,468960,3324900
1695,325,306,1086659,6575,469266,3213200
1696,351,320,1086308,6606,469586,3126400
1697,337,313,1085971,6630,469899,3292300
1698,325,338,1085646,6617,470237,3254200
1699,346,318,1085300,6645,470555,3608500
1700,294,310,1085006,6629,470865,3118500
1701,322,309,1084684,6642,471174,3445900
1702,296,318,1084388,6620,471492,3587100
1703,321,302,1084067,6639,471794,3961700
1704,335,332,1083732,6642,472126,3390000
1705,332,308,1083400,6666,472434,3431200
1706,301,329,1083099,6638,472763,3164200
1707,326,343,1082773,6621,473106,3311300
1708,324,318,1082449,6627,473424,3182800
1709,351,328,1082098,6650,473752,3277000
1710,336,386,1081762,6600,474138,3382700
1711,326,338,1081436,6588,474476,3279000
1712,328,352,1081108,6564,474828,3394400
1713,347,317,1080761,6594,475145,3401600
1714,347,315,1080414,6626,475460,3219900
1715,327,344,1080087,6609,475804,3359900
1716,355,368,1079732,6596,476172,3280400
1717,346,336,1079386,6606,476508,3361400
1718,344,318,1079042,6632,476826,3212700
1719,330,335,1078712,6627,477161,3227100
1720,334,348,1078378,6613,477509,3667300
1721,336,322,1078042,6627,477831,3558800
1722,337,346,1077705,6618,478177,3333800
1723,318,280,1077387,6656,478457,3112800
1724,309,338,1077078,6627,478795,3070900
1725,353,350,1076725,6630,479145,3254100
1726,348,305,1076377,6673,479450,3054300
1727,351,347,1076026,6677,479797,3420200
1728,347,301,1075679,6723,480098,3152700
1729,317,365,1075362,6675,480463,3151400
1730,324,329,1075038,6670,480792,3311800
1731,328,373,1074710,6625,481165,3340600
1732,333,310,1074377,6648,481475,3318400
1733,334,322,1074043,6660,481797,3237000
1734,346,352,1073697,6654,482149,3126600
1735,309,358,1073388,6605,482507,3192600
1736,335,341,1073053,6599,482848,3130100
1737,320,329,1072733,6590,483177,3202500
1738,344,337,1072389,6597,483514,3044200
1739,347,331,1072042,6613,483845,3528200
1740,330,322,1071712,6621,484167,3215700
1741,326,345,1071386,6602,484512,3326900
1742,346,312,1071040,6636,484824,3055900
1743,319,335,1070721,6620,485159,3077300
1744,333,332,1070388,6621,485491,3328200
1745,341,356,1070047,6606,485847,3296600
1746,331,319,1069716,6618,486166,3246800
1747,339,344,1069377,6613,486510,3072300
1748,344,343,1069033,6614,486853,3171400
1749,311,314,1068722,6611,487167,3229400
1750,337,359,1068385,6589,487526,3225000
1751,321,333,1068064,6577,487859,3163000
1752,323,338,1067741,6562,488197,2988000
1753,300,305,1067441,6557,488502,3096000
1754,343,320,1067098,6580,488822,2972700
1755,323,330,1066775,6573,489152,3125800
1756,327,329,1066448,6571,489481,2985700
1757,293,317,1066155,6547,489798,3069800
1758,334,307,1065821,6574,490105,3288800
1759,328,318,1065493,6584,490423,3031000
1760,342,332,1065151,6594,490755,3255100
1761,357,336,1064794,6615,491091,3057700
1762,316,308,1064478,6623,491399,3340100
1763,325,353,1064153,6595,491752,3218100
1764,302,329,1063851,6568,492081,3017500
1765,323,323,1063528,6568,492404,3457200
1766,343,310,1063185,6601,492714,3181000
1767,308,346,1062877,6563,493060,3173100
1768,304,345,1062573,6522,493405,3034900
1769,337,334,1062236,6525,493739,3160100
1770,341,319,1061895,6547,494058,3160900
1771,337,346,1061558,6538,494404,3053800
1772,344,331,1061214,6551,494735,3083500
1773,332,324,1060882,6559,495059,3034900
1774,312,325,1060570,6546,495384,3053000
1775,348,338,1060222,6556,495722,3127500
1776,343,349,1059879,6550,496071,3272000
1777,350,324,1059529,6576,496395,2966300
1778,334,328,1059195,6582,496723,3025700
1779,333,351,1058862,6564,497074,2989300
1780,345,321,1058517,6588,497395,3066900
1781,342,299,1058175,6631,497694,3266400
1782,297,362,1057878,6566,498056,3045800
1783,326,306,1057552,6586,498362,3195000
1784,331,329,1057221,6588,498691,3539000
1785,327,335,1056894,6580,499026,3887500
1786,345,296,1056549,6629,499322,3855900
1787,327,324,1056222,6632,499646,4417400
1788,343,313,1055879,6662,499959,3815900
1789,349,348,1055530,6663,500307,3563900
1790,338,341,1055192,6660,500648,3755100
1791,323,320,1054869,6663,500968,3574400
1792,306,342,1054563,6627,501310,3487200
1793,329,351,1054234,6605,501661,3327100
1794,302,327,1053932,6580,501988,3239900
1795,371,312,1053561,6639,502300,3401700
1796,349,350,1053212,6638,502650,3607000
1797,345,337,1052867,6646,502987,3295600
1798,360,296,1052507,6710,503283,3812400
1799,343,349,1052164,6704,503632,3808000
1800,365,335,1051799,6734,503967,3785400
1801,332,337,1051467,6729,504304,3611300
1802,303,329,1051164,6703,504633,3812300
1803,297,312,1050867,6688,504945,3592300
1804,343,322,1050524,6709,505267,4292700
1805,333,341,1050191,6701,505608,3828600
1806,328,336,1049863,6693,505944,3692400
1807,318,334,1049545,6677,506278,3840200
1808,320,367,1049225,6630,506645,3817900
1809,304,329,1048921,6605,506974,3685200
1810,318,363,1048603,6560,507337,3554200
1811,334,348,1048269,6546,507685,3228800
1812,363,336,1047906,6573,508021,3055300
1813,315,325,1047591,6563,508346,3753700
1814,330,343,1047261,6550,508689,3080500
1815,324,322,1046937,6552,509011,3042200
1816,342,314,1046595,6580,509325,2956600
1817,339,350,1046256,6569,509675,3331900
1818,301,337,1045955,6533,510012,3065300
1819,326,308,1045629,6551,510320,2881000
1820,340,338,1045289,6553,510658,3063500
1821,317,328,1044972,6542,510986,3267900
1822,341,341,1044631,6542,511327,3202200
1823,333,327,1044298,6548,511654,2945900
1824,342,313,1043956,6577,511967,3368100
1825,308,320,1043648,6565,512287,2976800
1826,311,342,1043337,6534,512629,3039000
1827,314,302,1043023,6546,512931,2946300
1828,322,344,1042701,6524,513275,2958000
1829,310,311,1042391,6523,513586,2938200
1830,322,318,1042069,6527,513904,2942800
1831,336,310,1041733,6553,514214,3138200
1832,349,318,1041384,6584,514532,2997700
1833,322,321,1041062,6585,514853,3033100
1834,315,310,1040747,6590,515163,3147900
1835,361,311,1040386,6640,515474,2971900
1836,355,297,1040031,6698,515771,3187500
1837,307,336,1039724,6669,516107,3064600
1838,343,315,1039381,6697,516422,3012400
1839,337,309,1039044,6725,516731,3061000
1840,329,306,1038715,6748,517037,3080000
1841,333,340,1038382,6741,517377,2960100
1842,318,307,1038064,6752,517684,3158100
1843,345,342,1037719,6755,518026,3058300
1844,354,306,1037365,6803,518332,3063900
1845,329,350,1037036,6782,518682,2952800
1846,363,320,1036673,6825,519002,3254300
1847,349,356,1036324,6818,519358,2986000
1848,329,352,1035995,6795,519710,3195600
1849,332,337,1035663,6790,520047,3388100
1850,381,322,1035282,6849,520369,3298200
1851,357,337,1034925,6869,520706,3122500
1852,342,325,1034583,6886,521031,2932700
1853,340,352,1034243,6874,521383,2957700
1854,369,372,1033874,6871,521755,2910400
1855,307,362,1033567,6816,522117,2942500
1856,339,391,1033228,6764,522508,2937300
1857,335,357,1032893,6742,522865,3049100
1858,313,340,1032580,6715,523205,2929600
1859,359,334,1032221,6740,523539,2980200
1860,302,320,1031919,6722,523859,2975600
1861,304,366,1031615,6660,524225,2977900
1862,311,346,1031304,6625,524571,3003300
1863,305,321,1030999,6609,524892,2929000
1864,327,326,1030672,6610,525218,2949900
1865,324,344,1030348,6590,525562,2870000
1866,309,334,1030039,6565,525896,3205500
1867,326,314,1029713,6577,526210,2997800
1868,315,314,1029398,6578,526524,2916800
1869,341,319,1029057,6600,526843,2896100
1870,291,333,1028766,6558,527176,2932200
1871,334,321,1028432,6571,527497,2921600
1872,284,319,1028148,6536,527816,2849800
1873,301,308,1027847,6529,528124,2917400
1874,290,329,1027557,6490,528453,3105100
1875,322,322,1027235,6490,528775,2908200
1876,320,332,1026915,6478,529107,2899900
1877,333,320,1026582,6491,529427,2942000
1878,325,340,1026257,6476,529767,2895500
1879,324,337,1025933,6463,530104,2948700
1880,350,334,1025583,6479,530438,2925100
1881,383,316,1025200,6546,530754,2918900
1882,359,360,1024841,6545,531114,2921900
1883,328,339,1024513,6534,531453,2941600
1884,353,331,1024160,6556,531784,3050600
1885,335,293,1023825,6598,532077,3024200
1886,322,350,1023503,6570,532427,2908400
1887,335,335,1023168,6570,532762,2830900
1888,353,323,1022815,6600,533085,2906800
1889,349,336,1022466,6613,533421,2914000
1890,348,309,1022118,6652,533730,3427700
1891,350,338,1021768,6664,534068,3116600
1892,374,354,1021394,6684,534422,3376900
1893,318,342,1021076,6660,534764,3101600
1894,336,322,1020740,6674,535086,3106900
1895,340,339,1020400,6675,535425,2887200
1896,350,330,1020050,6695,535755,2894400
1897,339,352,1019711,6682,536107,2911200
1898,323,334,1019388,6671,536441,2869400
1899,347,359,1019041,6659,536800,3439400
1900,373,316,1018668,6716,537116,3424500
1901,344,323,1018324,6737,537439,3230300
1902,332,348,1017992,6721,537787,3229400
1903,365,306,1017627,6780,538093,3462400
1904,360,363,1017267,6777,538456,4279900
1905,339,345,1016928,6771,538801,3297200
1906,320,357,1016608,6734,539158,3190000
1907,351,350,1016257,6735,539508,3214500
1908,341,319,1015916,6757,539827,3270600
1909,322,327,1015594,6752,540154,3406300
1910,320,324,1015274,6748,540478,3550800
1911,336,382,1014938,6702,540860,3302000
1912,341,309,1014597,6734,541169,3487300
1913,383,331,1014214,6786,541500,3241500
1914,351,368,1013863,6769,541868,3481500
1915,312,317,1013551,6764,542185,3349300
1916,338,362,1013213,6740,542547,3809300
1917,328,326,1012885,6742,542873,3686700
1918,332,312,1012553,6762,543185,5194100
1919,341,324,1012212,6779,543509,5206400
1920,319,345,1011893,6753,543854,19664400
1921,363,332,1011530,6784,544186,5022100
1922,323,348,1011207,6759,544534,3895900
1923,359,338,1010848,6780,544872,3879100
1924,361,317,1010487,6824,545189,4598000
1925,329,350,1010158,6803,545539,4853000
1926,325,345,1009833,6783,545884,4237900
1927,354,351,1009479,6786,546235,3747900
1928,323,328,1009156,6781,546563,3927800
1929,326,346,1008830,6761,546909,3728600
1930,362,323,1008468,6800,547232,3464800
1931,317,346,1008151,6771,547578,3451500
1932,297,364,1007854,6704,547942,3267800
1933,370,357,1007484,6717,548299,3317900
1934,355,334,1007129,6738,548633,3349800
1935,328,354,1006801,6712,548987,3340800
1936,323,322,1006478,6713,549309,3497600
1937,368,333,1006110,6748,549642,3406300
1938,322,317,1005788,6753,549959,3313600
1939,300,337,1005488,6716,550296,3578900
1940,333,316,1005155,6733,550612,3219800
1941,347,336,1004808,6744,550948,3375700
1942,297,369,1004511,6672,551317,3367600
1943,333,310,1004178,6695,551627,3225700
1944,349,338,1003829,6706,551965,3370900
1945,364,330,1003465,6740,552295,3252000
1946,378,323,1003087,6795,552618,3370400
1947,385,361,1002702,6819,552979,3235000
1948,353,321,1002349,6851,553300,3166800
1949,351,335,1001998,6867,553635,3111600
1950,334,370,1001664,6831,554005,3230000
1951,350,348,1001314,6833,554353,3460300
1952,357,343,1000957,6847,554696,3272700
1953,378,314,1000579,6911,555010,3136200
1954,350,345,1000229,6916,555355,3212900
1955,323,337,999906,6902,555692,3410800
1956,339,338,999567,6903,556030,3119500
1957,350,331,999217,6922,556361,3048100
1958,367,334,998850,6955,556695,3023500
1959,371,361,998479,6965,557056,2970800
1960,338,404,998141,6899,557460,2977500
1961,346,384,997795,6861,557844,3223200
1962,357,350,997438,6868,558194,3238100
1963,344,342,997094,6870,558536,3099400
1964,318,344,996776,6844,558880,3013100
1965,356,352,996420,6848,559232,3315100
1966,344,322,996076,6870,559554,3102400
1967,339,336,995737,6873,559890,2881300
1968,330,325,995407,6878,560215,3070700
1969,327,350,995080,6855,560565,3109700
1970,330,319,994750,6866,560884,3139200
1971,325,342,994425,6849,561226,3120000
1972,303,359,994122,6793,561585,3068300
1973,336,343,993786,6786,561928,3042500
1974,344,302,993442,6828,562230,3210800
1975,344,344,993098,6828,562574,3135400
1976,322,339,992776,6811,562913,2882700
1977,333,344,992443,6800,563257,2783500
1978,315,347,992128,6768,563604,2812900
1979,316,356,991812,6728,563960,2882100
1980,327,323,991485,6732,564283,2861700
1981,339,331,991146,6740,564614,2845500
1982,359,335,990787,6764,564949,2901400
1983,347,318,990440,6793,565267,2879100
1984,349,361,990091,6781,565628,2788400
1985,353,330,989738,6804,565958,3235600
1986,312,340,989426,6776,566298,3479200
1987,322,339,989104,6759,566637,3233900
1988,313,379,988791,6693,567016,3168900
1989,314,364,988477,6643,567380,2963800
1990,333,347,988144,6629,567727,3019400
1991,318,339,987826,6608,568066,3245500
1992,338,323,987488,6623,568389,3347100
1993,349,357,987139,6615,568746,3145200
1994,345,303,986794,6657,569049,2980200
1995,338,337,986456,6658,569386,3152700
1996,373,330,986083,6701,569716,3170200
1997,349,325,985734,6725,570041,3298300
1998,353,368,985381,6710,570409,3052800
1999,335,368,985046,6677,570777,3011900
2000,370,308,984676,6739,571085,3006300
2001,340,322,984336,6757,571407,3069000
2002,360,352,983976,6765,571759,3126000
2003,375,327,983601,6813,572086,3158400
2004,354,309,983247,6858,572395,3302200
2005,335,335,982912,6858,572730,3380000
2006,335,344,982577,6849,573074,3471100
2007,343,342,982234,6850,573416,3362900
2008,357,361,981877,6846,573777,3293000
2009,347,342,981530,6851,574119,3559200
2010,361,334,981169,6878,574453,3587900
2011,329,381,980840,6826,574834,3278400
2012,325,368,980515,6783,575202,3345100
2013,334,355,980181,6762,575557,3239900
2014,341,317,979840,6786,575874,3084800
2015,327,337,979513,6776,576211,3424800
2016,346,326,979167,6796,576537,3525400
2017,359,341,978808,6814,576878,3381700
2018,346,353,978462,6807,577231,3634700
2019,332,356,978130,6783,577587,3466000
2020,343,332,977787,6794,577919,3256900
2021,366,338,977421,6822,578257,3250000
2022,368,302,977053,6888,578559,3152400
2023,345,356,976708,6877,578915,3392500
2024,343,342,976365,6878,579257,3495500
2025,350,321,976015,6907,579578,3264400
2026,330,358,975685,6879,579936,3576300
2027,345,348,975340,6876,580284,3525900
2028,337,344,975003,6869,580628,3427500
2029,354,325,974649,6898,580953,3298300
2030,378,354,974271,6922,581307,3630900
2031,341,381,973930,6882,581688,3211200
2032,349,345,973581,6886,582033,3410400
2033,372,337,973209,6921,582370,3369700
2034,337,348,972872,6910,582718,3168900
2035,385,340,972487,6955,583058,3274600
2036,369,351,972118,6973,583409,3100400
2037,335,337,971783,6971,583746,3314000
2038,328,363,971455,6936,584109,3271500
2039,386,377,971069,6945,584486,3337500
2040,358,343,970711,6960,584829,3117600
2041,368,345,970343,6983,585174,3209500
2042,352,353,969991,6982,585527,3174200
2043,325,362,969666,6945,585889,3306500
2044,375,387,969291,6933,586276,3143300
2045,344,354,968947,6923,586630,3213900
2046,334,345,968613,6912,586975,3256200
2047,313,371,968300,6854,587346,3540400
2048,330,351,967970,6833,587697,3627300
2049,334,354,967636,6813,588051,3505800
2050,324,302,967312,6835,588353,3545300
2051,364,354,966948,6845,588707,3936400
2052,339,343,966609,6841,589050,3998300
2053,340,354,966269,6827,589404,3627800
2054,328,337,965941,6818,589741,3611400
2055,347,318,965594,6847,590059,3400000
2056,349,318,965245,6878,590377,3391600
2057,340,343,964905,6875,590720,3360500
2058,345,358,964560,6862,591078,3299500
2059,328,315,964232,6875,591393,3217200
2060,343,335,963889,6883,591728,3161400
2061,353,361,963536,6875,592089,3119700
2062,346,324,963190,6897,592413,3353300
2063,346,373,962844,6870,592786,3291100
2064,346,365,962498,6851,593151,3077700
2065,340,341,962158,6850,593492,3219400
2066,341,349,961817,6842,593841,3700500
2067,357,312,961460,6887,594153,3225800
2068,337,324,961123,6900,594477,3266300
2069,344,367,960779,6877,594844,3287200
2070,306,347,960473,6836,595191,3303800
2071,376,333,960097,6879,595524,3201200
2072,343,339,959754,6883,595863,3109700
2073,335,353,959419,6865,596216,3212800
2074,378,338,959041,6905,596554,3182700
2075,341,362,958700,6884,596916,3240200
2076,325,330,958375,6879,597246,3542100
2077,332,322,958043,6889,597568,3335100
2078,357,350,957686,6896,597918,3466000
2079,341,348,957345,6889,598266,3289900
2080,358,349,956987,6898,598615,3104700
2081,351,359,956636,6890,598974,3361800
2082,338,326,956298,6902,599300,3002600
2083,351,365,955947,6888,599665,3166500
2084,347,330,955600,6905,599995,2878500
2085,370,332,955230,6943,600327,3026900
2086,374,318,954856,6999,600645,3048300
2087,364,315,954492,7048,600960,3031700
2088,340,356,954152,7032,601316,3053200
2089,371,364,953781,7039,601680,3186600
2090,334,336,953447,7037,602016,3094200
2091,343,353,953104,7027,602369,3090700
2092,366,343,952738,7050,602712,3089600
2093,366,359,952372,7057,603071,3181400
2094,352,376,952020,7033,603447,3139000
2095,391,338,951629,7086,603785,2930500
2096,359,340,951270,7105,604125,3395000
2097,320,364,950950,7061,604489,3040700
2098,337,331,950613,7067,604820,3109900
2099,341,347,950272,7061,605167,3109600
2100,337,351,949935,7047,605518,3510300
2101,345,332,949590,7060,605850,3024400
2102,335,347,949255,7048,606197,2978600
2103,328,375,948927,7001,606572,3143800
2104,328,366,948599,6963,606938,3097500
2105,379,343,948220,6999,607281,3461600
2106,313,335,947907,6977,607616,3329400
2107,343,325,947564,6995,607941,3317000
2108,328,354,947236,6969,608295,3199000
2109,351,341,946885,6979,608636,3093900
2110,358,349,946527,6988,608985,3089400
2111,353,351,946174,6990,609336,2948100
2112,376,335,945798,7031,609671,2930900
2113,341,328,945457,7044,609999,2893700
2114,359,344,945098,7059,610343,2885100
2115,379,372,944719,7066,610715,2870200
2116,360,358,944359,7068,611073,2958200
2117,362,350,943997,7080,611423,2928400
2118,364,353,943633,7091,611776,2826400
2119,370,356,943263,7105,612132,2938200
2120,359,362,942904,7102,612494,2791800
2121,376,358,942528,7120,612852,3168900
2122,390,340,942138,7170,613192,3014500
2123,339,354,941799,7155,613546,3177000
2124,358,373,941441,7140,613919,2879400
2125,355,338,941086,7157,614257,2880100
2126,385,356,940701,7186,614613,3005000
2127,348,356,940353,7178,614969,2966200
2128,350,397,940003,7131,615366,2881400
2129,337,356,939666,7112,615722,2877300
2130,333,317,939333,7128,616039,3444500
2131,355,369,938978,7114,616408,3117200
2132,367,338,938611,7143,616746,3005400
2133,358,360,938253,7141,617106,3070100
2134,363,364,937890,7140,617470,2972900
2135,358,366,937532,7132,617836,3064000
2136,335,329,937197,7138,618165,3102600
2137,343,366,936854,7115,618531,3013000
2138,354,337,936500,7132,618868,2958700
2139,382,373,936118,7141,619241,2961200
2140,332,359,935786,7114,619600,3136800
2141,341,390,935445,7065,619990,2973300
2142,345,344,935100,7066,620334,3003200
2143,327,364,934773,7029,620698,2898300
2144,346,335,934427,7040,621033,2922100
2145,325,363,934102,7002,621396,2931500
2146,328,355,933774,6975,621751,3002700
2147,349,346,933425,6978,622097,3005900
2148,343,340,933082,6981,622437,2955300
2149,326,333,932756,6974,622770,3029000
2150,340,357,932416,6957,623127,2966800
2151,350,374,932066,6933,623501,2876700
2152,346,345,931720,6934,623846,2897900
2153,323,360,931397,6897,624206,3347400
2154,338,369,931059,6866,624575,3043700
2155,323,295,930736,6894,624870,2987600
2156,305,356,930431,6843,625226,3033100
2157,321,333,930110,6831,625559,3017000
2158,306,338,929804,6799,625897,3003800
2159,318,354,929486,6763,626251,3191000
2160,351,356,929135,6758,626607,3215800
2161,356,322,928779,6792,626929,3178600
2162,302,321,928477,6773,627250,3174900
2163,320,329,928157,6764,627579,2914300
2164,349,343,927808,6770,627922,2966200
2165,345,340,927463,6775,628262,2931800
2166,351,307,927112,6819,628569,2990200
2167,341,345,926771,6815,628914,2891200
2168,363,344,926408,6834,629258,2911500
2169,349,320,926059,6863,629578,2937200
2170,333,331,925726,6865,629909,2926300
2171,332,329,925394,6868,630238,2912000
2172,337,325,925057,6880,630563,3029200
2173,348,305,924709,6923,630868,2947800
2174,353,320,924356,6956,631188,2920300
2175,345,354,924011,6947,631542,2973100
2176,349,313,923662,6983,631855,3005500
2177,331,356,923331,6958,632211,3113500
2178,355,340,922976,6973,632551,3073000
2179,369,344,922607,6998,632895,2966600
2180,364,355,922243,7007,633250,3215800
2181,353,326,921890,7034,633576,2964400
2182,329,347,921561,7016,633923,2983200
2183,357,358,921204,7015,634281,2930200
2184,343,332,920861,7026,634613,2946200
2185,357,364,920504,7019,634977,2969500
2186,356,374,920148,7001,635351,3226900
2187,332,382,919816,6951,635733,3057500
2188,336,353,919480,6934,636086,3202600
2189,344,310,919136,6968,636396,3354900
2190,322,317,918814,6973,636713,3108500
2191,343,347,918471,6969,637060,2929800
2192,332,337,918139,6964,637397,3055000
2193,356,352,917783,6968,637749,3170800
2194,385,353,917398,7000,638102,3325100
2195,338,342,917060,6996,638444,3460600
2196,345,365,916715,6976,638809,3234000
2197,370,342,916345,7004,639151,3065900
2198,373,392,915972,6985,639543,3035200
2199,323,354,915649,6954,639897,3619700
2200,339,354,915310,6939,640251,3173700
2201,318,350,914992,6907,640601,3075600
2202,354,331,914638,6930,640932,3070000
2203,372,322,914266,6980,641254,2821400
2204,346,327,913920,6999,641581,2894200
2205,333,350,913587,6982,641931,2884800
2206,346,374,913241,6954,642305,2888500
2207,326,321,912915,6959,642626,2889600
2208,406,333,912509,7032,642959,2835500
2209,372,316,912137,7088,643275,2828200
2210,355,345,911782,7098,643620,2857000
2211,363,365,911419,7096,643985,2871200
2212,342,339,911077,7099,644324,2871700
2213,336,352,910741,7083,644676,2914900
2214,337,368,910404,7052,645044,2875500
2215,357,332,910047,7077,645376,2858700
2216,332,326,909715,7083,645702,3060400
2217,342,321,909373,7104,646023,2969100
2218,322,365,909051,7061,646388,3059800
2219,358,347,908693,7072,646735,3031300
2220,367,382,908326,7057,647117,3029100
2221,386,351,907940,7092,647468,2909700
2222,383,358,907557,7117,647826,3188100
2223,370,369,907187,7118,648195,3210400
2224,368,346,906819,7140,648541,3023000
2225,369,377,906450,7132,648918,3050700
2226,370,349,906080,7153,649267,2946300
2227,366,387,905714,7132,649654,2954800
2228,391,326,905323,7197,649980,2880500
2229,350,350,904973,7197,650330,2838400
2230,361,369,904612,7189,650699,2826200
2231,343,383,904269,7149,651082,2815200
2232,355,346,903914,7158,651428,2991800
2233,386,355,903528,7189,651783,3020000
2234,355,361,903173,7183,652144,2924900
2235,345,359,902828,7169,652503,2891900
2236,342,358,902486,7153,652861,2795800
2237,358,347,902128,7164,653208,2901500
2238,383,339,901745,7208,653547,2897700
2239,379,378,901366,7209,653925,2904500
2240,397,349,900969,7257,654274,2885800
2241,386,350,900583,7293,654624,2927300
2242,350,363,900233,7280,654987,2872700
2243,364,366,899869,7278,655353,2852500
2244,384,349,899485,7313,655702,2831800
2245,359,358,899126,7314,656060,2894000
2246,355,370,898771,7299,656430,3060600
2247,396,389,898375,7306,656819,2907200
2248,345,382,898030,7269,657201,2934500
2249,316,374,897714,7211,657575,2888800
2250,317,365,897397,7163,657940,3070400
2251,358,365,897039,7156,658305,2955900
2252,363,352,896676,7167,658657,2901300
2253,369,361,896307,7175,659018,2889400
2254,378,342,895929,7211,659360,2925000
2255,360,353,895569,7218,659713,3013400
2256,391,384,895178,7225,660097,3041600
2257,364,354,894814,7235,660451,2875100
2258,333,358,894481,7210,660809,2841400
2259,343,358,894138,7195,661167,2794200
2260,382,343,893756,7234,661510,2839900
2261,368,355,893388,7247,661865,3047700
2262,363,356,893025,7254,662221,2893700
2263,338,368,892687,7224,662589,2951800
2264,351,342,892336,7233,662931,2911900
2265,330,368,892006,7195,663299,2912400
2266,358,344,891648,7209,663643,2926400
2267,339,398,891309,7150,664041,3017200
2268,341,363,890968,7128,664404,2808700
2269,339,366,890629,7101,664770,2845200
2270,341,333,890288,7109,665103,2861100
2271,342,355,889946,7096,665458,2917500
2272,366,327,889580,7135,665785,2851300
2273,353,341,889227,7147,666126,3321100
2274,346,327,888881,7166,666453,3082600
2275,368,330,888513,7204,666783,3313300
2276,361,339,888152,7226,667122,3047200
2277,343,389,887809,7180,667511,2944900
2278,352,355,887457,7177,667866,2866800
2279,363,344,887094,7196,668210,2844600
2280,341,340,886753,7197,668550,2864300
2281,364,333,886389,7228,668883,3055500
2282,361,354,886028,7235,669237,3134300
2283,374,342,885654,7267,669579,3054000
2284,366,323,885288,7310,669902,2868000
2285,358,354,884930,7314,670256,2882800
2286,339,399,884591,7254,670655,2900400
2287,340,399,884251,7195,671054,2956300
2288,375,373,883876,7197,671427,2951500
2289,358,340,883518,7215,671767,2813100
2290,391,368,883127,7238,672135,2896000
2291,376,361,882751,7253,672496,2950200
2292,356,380,882395,7229,672876,2900100
2293,364,360,882031,7233,673236,2816300
2294,341,357,881690,7217,673593,2873600
2295,362,353,881328,7226,673946,2828600
2296,372,373,880956,7225,674319,2884700
2297,369,393,880587,7201,674712,2797500
2298,344,375,880243,7170,675087,2888600
2299,352,394,879891,7128,675481,2800000
2300,345,374,879546,7099,675855,2974000
2301,336,348,879210,7087,676203,3035800
2302,344,343,878866,7088,676546,2819800
2303,357,360,878509,7085,676906,2876100
2304,368,336,878141,7117,677242,3114900
2305,367,360,877774,7124,677602,3105700
2306,355,374,877419,7105,677976,2876100
2307,359,344,877060,7120,678320,2921300
2308,367,377,876693,7110,678697,3014800
2309,374,356,876319,7128,679053,3006000
2310,367,328,875952,7167,679381,2875200
2311,378,352,875574,7193,679733,3068500
2312,380,369,875194,7204,680102,2892900
2313,377,362,874817,7219,680464,2924100
2314,378,352,874439,7245,680816,3110000
2315,360,314,874079,7291,681130,3144800
2316,346,351,873733,7286,681481,2992200
2317,346,360,873387,7272,681841,3270000
2318,348,375,873039,7245,682216,3022600
2319,350,338,872689,7257,682554,3056300
2320,366,359,872323,7264,682913,3094700
2321,368,360,871955,7272,683273,3047400
2322,336,395,871619,7213,683668,3237800
2323,325,369,871294,7169,684037,3144400
2324,347,360,870947,7156,684397,3088300
2325,329,392,870618,7093,684789,3206100
2326,348,350,870270,7091,685139,3161100
2327,369,361,869901,7099,685500,3023600
2328,353,340,869548,7112,685840,3015700
2329,350,396,869198,7066,686236,3082800
2330,347,347,868851,7066,686583,3046700
2331,329,362,868522,7033,686945,3178600
2332,330,355,868192,7008,687300,3190900
2333,369,348,867823,7029,687648,3423200
2334,322,365,867501,6986,688013,3490800
2335,330,315,867171,7001,688328,3056100
2336,323,346,866848,6978,688674,3096400
2337,322,377,866526,6923,689051,3131100
2338,364,358,866162,6929,689409,2942600
2339,342,367,865820,6904,689776,3294500
2340,341,349,865479,6896,690125,2993100
2341,329,348,865150,6877,690473,3010300
2342,368,351,864782,6894,690824,2948700
2343,325,337,864457,6882,691161,2949700
2344,338,344,864119,6876,691505,3183100
2345,333,335,863786,6874,691840,3029600
2346,356,328,863430,6902,692168,2949100
2347,338,381,863092,6859,692549,2998100
2348,342,352,862750,6849,692901,3140100
2349,344,306,862406,6887,693207,2850000
2350,388,332,862018,6943,693539,2813700
2351,356,346,861662,6953,693885,2855500
2352,362,386,861300,6929,694271,3039700
2353,344,310,860956,6963,694581,2879000
2354,379,368,860577,6974,694949,2844700
2355,391,366,860186,6999,695315,2835100
2356,358,352,859828,7005,695667,2883300
2357,375,339,859453,7041,696006,2846100
2358,367,351,859086,7057,696357,2812400
2359,364,355,858722,7066,696712,3204500
2360,339,341,858383,7064,697053,3233200
2361,369,364,858014,7069,697417,2918400
2362,365,366,857649,7068,697783,2904600
2363,369,351,857280,7086,698134,2838500
2364,380,333,856900,7133,698467,2810100
2365,385,335,856515,7183,698802,2855600
2366,380,390,856135,7173,699192,3107600
2367,372,354,855763,7191,699546,3301400
2368,361,352,855402,7200,699898,2910700
2369,369,387,855033,7182,700285,2848200
2370,353,365,854680,7170,700650,2846500
2371,399,356,854281,7213,701006,2938200
2372,360,355,853921,7218,701361,2919400
2373,350,368,853571,7200,701729,2888900
2374,348,370,853223,7178,702099,2952900
2375,355,354,852868,7179,702453,2867500
2376,357,357,852511,7179,702810,3080100
2377,371,330,852140,7220,703140,2954500
2378,332,403,851808,7149,703543,2897700
2379,377,360,851431,7166,703903,2888200
2380,336,360,851095,7142,704263,2886100
2381,383,361,850712,7164,704624,2879700
2382,367,379,850345,7152,705003,2842800
2383,350,325,849995,7177,705328,3097600
2384,378,336,849617,7219,705664,2876900
2385,365,348,849252,7236,706012,2902300
2386,373,364,848879,7245,706376,2909500
2387,366,363,848513,7248,706739,3109700
2388,380,405,848133,7223,707144,3124900
2389,342,364,847791,7201,707508,2925400
2390,351,364,847440,7188,707872,2815800
2391,340,381,847100,7147,708253,2926300
2392,374,351,846726,7170,708604,2908100
2393,369,364,846357,7175,708968,2968100
2394,348,346,846009,7177,709314,2944100
2395,355,331,845654,7201,709645,2870800
2396,362,365,845292,7198,710010,2885000
2397,386,383,844906,7201,710393,3012700
2398,370,330,844536,7241,710723,3161400
2399,408,344,844128,7305,711067,3422300
2400,348,373,843780,7280,711440,3117000
2401,345,374,843435,7251,711814,2959600
2402,344,390,843091,7205,712204,3138900
2403,344,359,842747,7190,712563,3016100
2404,380,373,842367,7197,712936,3357800
2405,364,343,842003,7218,713279,3030000
2406,367,377,841636,7208,713656,3058800
2407,345,347,841291,7206,714003,3081000
2408,326,355,840965,7177,714358,3220600
2409,355,370,840610,7162,714728,2966500
2410,353,380,840257,7135,715108,3103600
2411,339,376,839918,7098,715484,2863400
2412,344,355,839574,7087,715839,2959700
2413,388,397,839186,7078,716236,3150400
2414,374,371,838812,7081,716607,2973800
2415,368,339,838444,7110,716946,3218200
2416,362,323,838082,7149,717269,2999500
2417,352,356,837730,7145,717625,3110000
2418,341,371,837389,7115,717996,3083100
2419,353,362,837036,7106,718358,3175200
2420,346,360,836690,7092,718718,2960600
2421,358,337,836332,7113,719055,2971100
2422,356,356,835976,7113,719411,3017000
2423,380,334,835596,7159,719745,3289700
2424,384,382,835212,7161,720127,3102300
2425,352,355,834860,7158,720482,2906600
2426,353,337,834507,7174,720819,3079000
2427,409,384,834098,7199,721203,2975700
2428,377,342,833721,7234,721545,2941600
2429,362,349,833359,7247,721894,2943900
2430,391,370,832968,7268,722264,2951500
2431,379,382,832589,7265,722646,2959600
2432,340,381,832249,7224,723027,3073000
2433,379,341,831870,7262,723368,3218700
2434,383,374,831487,7271,723742,3080400
2435,357,333,831130,7295,724075,2985200
2436,407,362,830723,7340,724437,2899100
2437,344,345,830379,7339,724782,2931700
2438,353,364,830026,7328,725146,3258100
2439,373,379,829653,7322,725525,3509800
2440,374,372,829279,7324,725897,3296500
2441,359,351,828920,7332,726248,3035300
2442,329,385,828591,7276,726633,3262200
2443,385,363,828206,7298,726996,3195000
2444,366,348,827840,7316,727344,2968300
2445,370,336,827470,7350,727680,2941400
2446,362,371,827108,7341,728051,2893800
2447,360,353,826748,7348,728404,2916200
2448,418,373,826330,7393,728777,3037200
2449,371,364,825959,7400,729141,3066300
2450,360,389,825599,7371,729530,2938800
2451,354,356,825245,7369,729886,3083000
2452,349,360,824896,7358,730246,3076700
2453,374,369,824522,7363,730615,3023900
2454,383,328,824139,7418,730943,3103400
2455,358,359,823781,7417,731302,2913400
2456,353,374,823428,7396,731676,2904500
2457,375,372,823053,7399,732048,2911400
2458,389,365,822664,7423,732413,3287800
2459,360,412,822304,7371,732825,3189500
2460,364,367,821940,7368,733192,3289900
2461,390,362,821550,7396,733554,3072000
2462,373,356,821177,7413,733910,3046200
2463,401,355,820776,7459,734265,3076300
2464,408,370,820368,7497,734635,3281700
2465,396,368,819972,7525,735003,3037200
2466,357,369,819615,7513,735372,3154000
2467,364,380,819251,7497,735752,3090600
2468,354,363,818897,7488,736115,3147000
2469,349,379,818548,7458,736494,3052100
2470,349,382,818199,7425,736876,3158500
2471,382,350,817817,7457,737226,2943100
2472,355,388,817462,7424,737614,2927400
2473,373,386,817089,7411,738000,2903400
2474,365,409,816724,7367,738409,2976900
2475,340,351,816384,7356,738760,2860200
2476,353,353,816031,7356,739113,2914700
2477,377,381,815654,7352,739494,2892400
2478,365,369,815289,7348,739863,2826100
2479,344,381,814945,7311,740244,2867700
2480,370,394,814575,7287,740638,2873700
2481,316,388,814259,7215,741026,2902300
2482,354,362,813905,7207,741388,2857800
2483,347,375,813558,7179,741763,3002800
2484,340,357,813218,7162,742120,3175300
2485,333,363,812885,7132,742483,3012300
2486,393,342,812492,7183,742825,2965200
2487,339,371,812153,7151,743196,2902900
2488,372,356,811781,7167,743552,3035800
2489,364,322,811417,7209,743874,2971200
2490,369,346,811048,7232,744220,3070000
2491,382,363,810666,7251,744583,2934000
2492,341,368,810325,7224,744951,2981200
2493,367,369,809958,7222,745320,3086100
2494,356,353,809602,7225,745673,2968700
2495,343,345,809259,7223,746018,2943200
2496,356,326,808903,7253,746344,2953200
2497,370,338,808533,7285,746682,2873800
2498,369,376,808164,7278,747058,2941900
2499,360,349,807804,7289,747407,2943800
2500,373,370,807431,7292,747777,3162200
2501,370,366,807061,7296,748143,2996900
2502,374,349,806687,7321,748492,2874200
2503,352,365,806335,7308,748857,2909800
2504,372,369,805963,7311,749226,2913800
2505,344,359,805619,7296,749585,3600600
2506,346,386,805273,7256,749971,3094300
2507,350,335,804923,7271,750306,3012500
2508,337,370,804586,7238,750676,3274500
2509,373,370,804213,7241,751046,3124500
2510,370,388,803843,7223,751434,3079300
2511,349,356,803494,7216,751790,2956700
2512,370,359,803124,7227,752149,2934000
2513,326,360,802798,7193,752509,2873300
2514,365,338,802433,7220,752847,2848200
2515,347,370,802086,7197,753217,3009300
2516,341,359,801745,7179,753576,2875000
2517,342,340,801403,7181,753916,2883000
2518,343,376,801060,7148,754292,3111500
2519,398,396,800662,7150,754688,3030800
2520,339,344,800323,7145,755032,2943800
2521,325,363,799998,7107,755395,3026900
2522,377,341,799621,7143,755736,3186500
2523,356,349,799265,7150,756085,2804900
2524,349,376,798916,7123,756461,2913400
2525,329,339,798587,7113,756800,3058200
2526,380,376,798207,7117,757176,2870600
2527,321,328,797886,7110,757504,3132700
2528,347,376,797539,7081,757880,3109600
2529,360,365,797179,7076,758245,3066600
2530,356,363,796823,7069,758608,3107800
2531,345,342,796478,7072,758950,2921400
2532,348,346,796130,7074,759296,2845400
2533,350,381,795780,7043,759677,2900400
2534,349,337,795431,7055,760014,2953800
2535,361,349,795070,7067,760363,2865400
2536,362,368,794708,7061,760731,2855200
2537,344,371,794364,7034,761102,2883700
2538,375,367,793989,7042,761469,2945000
2539,343,355,793646,7030,761824,2886800
2540,386,359,793260,7057,762183,3337600
2541,376,344,792884,7089,762527,2859400
2542,379,335,792505,7133,762862,2844600
2543,341,369,792164,7105,763231,2924300
2544,364,374,791800,7095,763605,2926900
2545,357,368,791443,7084,763973,2875000
2546,379,378,791064,7085,764351,2922600
2547,378,383,790686,7080,764734,2881900
2548,383,312,790303,7151,765046,2850600
2549,352,358,789951,7145,765404,2866500
2550,369,355,789582,7159,765759,2929100
2551,378,366,789204,7171,766125,3133600
2552,340,341,788864,7170,766466,3146100
2553,370,358,788494,7182,766824,3250100
2554,386,332,788108,7236,767156,3114200
2555,380,367,787728,7249,767523,2904700
2556,354,351,787374,7252,767874,2949100
2557,391,374,786983,7269,768248,2857200
2558,347,375,786636,7241,768623,2915600
2559,371,371,786265,7241,768994,3273200
2560,363,357,785902,7247,769351,3039700
2561,383,369,785519,7261,769720,2886700
2562,389,370,785130,7280,770090,2924900
2563,376,400,784754,7256,770490,2904800
2564,379,374,784375,7261,770864,2871200
2565,361,390,784014,7232,771254,3174700
2566,347,338,783667,7241,771592,3079400
2567,368,361,783299,7248,771953,2923700
2568,347,379,782952,7216,772332,2861200
2569,376,370,782576,7222,772702,2895000
2570,337,383,782239,7176,773085,2917600
2571,362,345,781877,7193,773430,2944500
2572,390,350,781487,7233,773780,2900100
2573,360,358,781127,7235,774138,2945000
2574,376,338,780751,7273,774476,2923300
2575,358,363,780393,7268,774839,2908700
2576,405,323,779988,7350,775162,2882500
2577,376,348,779612,7378,775510,2950100
2578,407,379,779205,7406,775889,2873500
2579,392,409,778813,7389,776298,3129000
2580,360,373,778453,7376,776671,3035300
2581,397,358,778056,7415,777029,2881700
2582,389,362,777667,7442,777391,2861100
2583,404,372,777263,7474,777763,2842900
2584,382,373,776881,7483,778136,2936000
2585,386,385,776495,7484,778521,3121100
2586,400,370,776095,7514,778891,2898300
2587,385,374,775710,7525,779265,2936100
2588,384,365,775326,7544,779630,3030400
2589,372,370,774954,7546,780000,2886700
2590,359,391,774595,7514,780391,2871800
2591,368,406,774227,7476,780797,2867900
2592,343,359,773884,7460,781156,2844400
2593,364,378,773520,7446,781534,2895700
2594,352,360,773168,7438,781894,2871800
2595,335,355,772833,7418,782249,2858600
2596,333,410,772500,7341,782659,3050000
2597,356,398,772144,7299,783057,2899500
2598,382,372,771762,7309,783429,2976000
2599,363,364,771399,7308,783793,3272900
2600,371,360,771028,7319,784153,3025700
2601,388,379,770640,7328,784532,2918000
2602,355,347,770285,7336,784879,2837000
2603,371,362,769914,7345,785241,2863200
2604,360,373,769554,7332,785614,3079700
2605,405,373,769149,7364,785987,3014200
2606,391,389,768758,7366,786376,2918100
2607,382,382,768376,7366,786758,2947600
2608,370,359,768006,7377,787117,2906600
2609,350,371,767656,7356,787488,2884000
2610,354,370,767302,7340,787858,2898300
2611,372,375,766930,7337,788233,2833800
2612,359,379,766571,7317,788612,2926200
2613,365,363,766206,7319,788975,3061900
2614,401,358,765805,7362,789333,3211900
2615,381,373,765424,7370,789706,2961100
2616,385,368,765039,7387,790074,2992900
2617,366,375,764673,7378,790449,2936400
2618,352,343,764321,7387,790792,2994700
2619,356,379,763965,7364,791171,2978700
2620,378,361,763587,7381,791532,3160200
2621,372,355,763215,7398,791887,3097900
2622,377,349,762838,7426,792236,3050200
2623,388,366,762450,7448,792602,3056600
2624,389,366,762061,7471,792968,3052800
2625,391,397,761670,7465,793365,2993900
2626,354,360,761316,7459,793725,2953700
2627,379,393,760937,7445,794118,3004800
2628,338,351,760599,7432,794469,2993000
2629,338,325,760261,7445,794794,3226800
2630,355,344,759906,7456,795138,3078100
2631,371,333,759535,7494,795471,2989100
2632,389,372,759146,7511,795843,3172900
2633,346,367,758800,7490,796210,2950100
2634,384,380,758416,7494,796590,3092400
2635,387,351,758029,7530,796941,3143300
2636,415,388,757614,7557,797329,2886800
2637,385,380,757229,7562,797709,2928700
2638,368,391,756861,7539,798100,2956700
2639,363,393,756498,7509,798493,3005200
2640,368,371,756130,7506,798864,3123600
2641,373,390,755757,7489,799254,3147000
2642,393,350,755364,7532,799604,3287400
2643,375,345,754989,7562,799949,3297700
2644,392,395,754597,7559,800344,2923800
2645,361,369,754236,7551,800713,3123000
2646,356,372,753880,7535,801085,2974200
2647,340,377,753540,7498,801462,3161600
2648,395,376,753145,7517,801838,2933300
2649,388,385,752757,7520,802223,2881300
2650,357,409,752400,7468,802632,2946800
2651,355,367,752045,7456,802999,2971900
2652,369,370,751676,7455,803369,3109000
2653,335,363,751341,7427,803732,2973100
2654,337,378,751004,7386,804110,2956600
2655,387,388,750617,7385,804498,3011000
2656,358,374,750259,7369,804872,3303500
2657,340,371,749919,7338,805243,3111900
2658,342,357,749577,7323,805600,3156800
2659,353,386,749224,7290,805986,3097600
2660,342,362,748882,7270,806348,3162300
2661,349,340,748533,7279,806688,3143100
2662,334,368,748199,7245,807056,3564200
2663,354,350,747845,7249,807406,3291400
2664,378,365,747467,7262,807771,3033900
2665,363,397,747104,7228,808168,3017300
2666,360,371,746744,7217,808539,2987400
2667,344,358,746400,7203,808897,2948900
2668,359,329,746041,7233,809226,3367500
2669,371,355,745670,7249,809581,3318900
2670,363,369,745307,7243,809950,3334500
2671,348,351,744959,7240,810301,3301700
2672,352,392,744607,7200,810693,3022600
2673,348,343,744259,7205,811036,2996500
2674,326,368,743933,7163,811404,3193600
2675,380,357,743553,7186,811761,3092800
2676,374,348,743179,7212,812109,3239400
2677,373,332,742806,7253,812441,3244800
2678,354,367,742452,7240,812808,3724100
2679,357,363,742095,7234,813171,4191000
2680,338,364,741757,7208,813535,3440700
2681,348,386,741409,7170,813921,3179500
2682,301,364,741108,7107,814285,3007500
2683,360,352,740748,7115,814637,3151100
2684,374,327,740374,7162,814964,2981400
2685,344,360,740030,7146,815324,3103200
2686,339,351,739691,7134,815675,2920200
2687,322,364,739369,7092,816039,2872600
2688,366,336,739003,7122,816375,2875000
2689,343,329,738660,7136,816704,2811000
2690,364,343,738296,7157,817047,2892000
2691,364,352,737932,7169,817399,2897300
2692,366,323,737566,7212,817722,2994900
2693,387,362,737179,7237,818084,2948200
2694,361,330,736818,7268,818414,2861900
2695,362,372,736456,7258,818786,2930400
2696,355,368,736101,7245,819154,3086900
2697,356,353,735745,7248,819507,2872800
2698,417,366,735328,7299,819873,2891400
2699,388,357,734940,7330,820230,2862900
2700,360,383,734580,7307,820613,2961900
2701,344,346,734236,7305,820959,3003400
2702,379,372,733857,7312,821331,3036000
2703,369,388,733488,7293,821719,2859900
2704,364,410,733124,7247,822129,2832600
2705,331,399,732793,7179,822528,2888400
2706,355,354,732438,7180,822882,2974500
2707,345,367,732093,7158,823249,2967000
2708,343,388,731750,7113,823637,2933700
2709,336,359,731414,7090,823996,2975300
2710,375,363,731039,7102,824359,2920300
2711,350,322,730689,7130,824681,2896800
2712,357,365,730332,7122,825046,2990100
2713,354,368,729978,7108,825414,3090300
2714,331,312,729647,7127,825726,2859100
2715,333,336,729314,7124,826062,2909300
2716,370,396,728944,7098,826458,2905800
2717,349,373,728595,7074,826831,3001700
2718,329,334,728266,7069,827165,2943300
2719,372,352,727894,7089,827517,2840700
2720,348,358,727546,7079,827875,2842700
2721,321,342,727225,7058,828217,2871900
2722,382,355,726843,7085,828572,3013100
2723,371,335,726472,7121,828907,2945900
2724,381,375,726091,7127,829282,3085300
2725,380,354,725711,7153,829636,2958300
2726,379,374,725332,7158,830010,2880000
2727,372,359,724960,7171,830369,3218200
2728,370,380,724590,7161,830749,3229900
2729,380,367,724210,7174,831116,2942200
2730,355,392,723855,7137,831508,3020500
2731,372,322,723483,7187,831830,3014200
2732,368,383,723115,7172,832213,2830900
2733,353,337,722762,7188,832550,3106000
2734,348,366,722414,7170,832916,2891200
2735,371,338,722043,7203,833254,2960300
2736,373,359,721670,7217,833613,2888400
2737,364,349,721306,7232,833962,3208000
2738,366,349,720940,7249,834311,3096500
2739,375,373,720565,7251,834684,2854900
2740,417,351,720148,7317,835035,2904300
2741,401,315,719747,7403,835350,2844100
2742,353,395,719394,7361,835745,2907200
2743,367,381,719027,7347,836126,2936800
2744,364,367,718663,7344,836493,3148600
2745,352,360,718311,7336,836853,3119500
2746,386,371,717925,7351,837224,2802300
2747,362,378,717563,7335,837602,2921200
2748,388,328,717175,7395,837930,2945900
2749,374,376,716801,7393,838306,2867700
2750,375,366,716426,7402,838672,2938800
2751,362,383,716064,7381,839055,2836600
2752,385,338,715679,7428,839393,2979200
2753,390,354,715289,7464,839747,2886600
2754,403,377,714886,7490,840124,2881600
2755,392,385,714494,7497,840509,2852100
2756,374,366,714120,7505,840875,2851000
2757,387,372,713733,7520,841247,2921400
2758,362,362,713371,7520,841609,2821500
2759,331,375,713040,7476,841984,2887700
2760,384,364,712656,7496,842348,2877300
2761,398,370,712258,7524,842718,2865100
2762,373,352,711885,7545,843070,2860900
2763,352,400,711533,7497,843470,2896200
2764,373,380,711160,7490,843850,2896900
2765,355,364,710805,7481,844214,2865800
2766,362,380,710443,7463,844594,2871300
2767,371,370,710072,7464,844964,2883900
2768,378,387,709694,7455,845351,2908800
2769,398,400,709296,7453,845751,2878500
2770,361,398,708935,7416,846149,2886900
2771,399,343,708536,7472,846492,3038200
2772,380,371,708156,7481,846863,2875100
2773,352,355,707804,7478,847218,2936700
2774,398,387,707406,7489,847605,2859500
2775,369,430,707037,7428,848035,2919800
2776,366,409,706671,7385,848444,3151300
2777,373,404,706298,7354,848848,2961400
2778,398,343,705900,7409,849191,2958700
2779,370,356,705530,7423,849547,2989000
2780,392,363,705138,7452,849910,2914600
2781,374,376,704764,7450,850286,2943000
2782,351,340,704413,7461,850626,3216300
2783,388,362,704025,7487,850988,3058400
2784,401,376,703624,7512,851364,2945000
2785,395,375,703229,7532,851739,2847200
2786,386,355,702843,7563,852094,2945800
2787,397,380,702446,7580,852474,2933000
2788,368,373,702078,7575,852847,2903300
2789,388,362,701690,7601,853209,2937500
2790,377,370,701313,7608,853579,2891100
2791,377,385,700936,7600,853964,2846100
2792,360,386,700576,7574,854350,2893900
2793,378,360,700198,7592,854710,2877500
2794,390,371,699808,7611,855081,2898000
2795,372,399,699436,7584,855480,2937800
2796,364,376,699072,7572,855856,3002800
2797,351,389,698721,7534,856245,3059300
2798,389,341,698332,7582,856586,2924700
2799,376,386,697956,7572,856972,2908700
2800,398,383,697558,7587,857355,2951800
2801,346,361,697212,7572,857716,3006200
2802,386,381,696826,7577,858097,2829500
2803,377,372,696449,7582,858469,2951700
2804,366,348,696083,7600,858817,2973400
2805,368,370,695715,7598,859187,2964100
2806,360,400,695355,7558,859587,2974900
2807,379,365,694976,7572,859952,2966700
2808,396,405,694580,7563,860357,2992500
2809,376,370,694204,7569,860727,3403500
2810,366,377,693838,7558,861104,3071000
2811,344,348,693494,7554,861452,2947800
2812,375,393,693119,7536,861845,3000800
2813,377,384,692742,7529,862229,3208200
2814,343,380,692399,7492,862609,3213000
2815,330,398,692069,7424,863007,3032100
2816,384,367,691685,7441,863374,2962900
2817,375,381,691310,7435,863755,3146900
2818,389,381,690921,7443,864136,3265600
2819,376,380,690545,7439,864516,3208600
2820,357,371,690188,7425,864887,3235100
2821,353,369,689835,7409,865256,3026600
2822,375,367,689460,7417,865623,3013000
2823,351,395,689109,7373,866018,2988400
2824,394,380,688715,7387,866398,3069900
2825,366,372,688349,7381,866770,3236600
2826,368,365,687981,7384,867135,3003900
2827,363,373,687618,7374,867508,3067300
2828,412,339,687206,7447,867847,2969900
2829,348,367,686858,7428,868214,2973300
2830,391,386,686467,7433,868600,2969100
2831,356,407,686111,7382,869007,2911700
2832,389,354,685722,7417,869361,2869800
2833,374,395,685348,7396,869756,3044300
2834,362,359,684986,7399,870115,3221200
2835,346,384,684640,7361,870499,3106400
2836,368,367,684272,7362,870866,3118200
2837,386,396,683886,7352,871262,2890000
2838,384,341,683502,7395,871603,2914400
2839,350,353,683152,7392,871956,3154100
2840,367,395,682785,7364,872351,3095600
2841,365,344,682420,7385,872695,3118000
2842,355,404,682065,7336,873099,3173100
2843,361,374,681704,7323,873473,3248600
2844,373,359,681331,7337,873832,3153200
2845,357,329,680974,7365,874161,3213000
2846,368,379,680606,7354,874540,2979900
2847,384,350,680222,7388,874890,3105300
2848,392,366,679830,7414,875256,3136100
2849,355,361,679475,7408,875617,3053800
2850,370,343,679105,7435,875960,3048800
2851,363,361,678742,7437,876321,3150200
2852,389,365,678353,7461,876686,3505900
2853,368,372,677985,7457,877058,3493300
2854,387,333,677598,7511,877391,3583200
2855,381,388,677217,7504,877779,4166100
2856,400,333,676817,7571,878112,3754800
2857,398,353,676419,7616,878465,3586600
2858,408,346,676011,7678,878811,3543700
2859,414,388,675597,7704,879199,3808200
2860,382,406,675215,7680,879605,3199800
2861,397,388,674818,7689,879993,3228700
2862,380,369,674438,7700,880362,3246100
2863,390,359,674048,7731,880721,3272600
2864,382,415,673666,7698,881136,3171600
2865,405,381,673261,7722,881517,3050700
2866,371,385,672890,7708,881902,3369900
2867,350,341,672540,7717,882243,3304100
2868,380,388,672160,7709,882631,3238900
2869,375,414,671785,7670,883045,3352000
2870,376,389,671409,7657,883434,3168600
2871,349,378,671060,7628,883812,3152000
2872,375,423,670685,7580,884235,3788100
2873,372,332,670313,7620,884567,3849900
2874,368,355,669945,7633,884922,3566800
2875,354,377,669591,7610,885299,3290800
2876,354,369,669237,7595,885668,3344100
2877,386,387,668851,7594,886055,3728200
2878,413,399,668438,7608,886454,3906300
2879,372,359,668066,7621,886813,3347900
2880,404,396,667662,7629,887209,3341600
2881,363,390,667299,7602,887599,3295200
2882,344,384,666955,7562,887983,3819900
2883,396,406,666559,7552,888389,3566800
2884,372,393,666187,7531,888782,3529700
2885,387,378,665800,7540,889160,3662500
2886,372,380,665428,7532,889540,3470200
2887,375,392,665053,7515,889932,3514500
2888,384,353,664669,7546,890285,3456500
2889,394,350,664275,7590,890635,3288800
2890,366,366,663909,7590,891001,3290900
2891,360,369,663549,7581,891370,3555200
2892,377,392,663172,7566,891762,3300900
2893,360,345,662812,7581,892107,3296600
2894,378,381,662434,7578,892488,3257400
2895,403,378,662031,7603,892866,3244700
2896,363,372,661668,7594,893238,3230800
2897,353,401,661315,7546,893639,3250800
2898,338,383,660977,7501,894022,3213700
2899,390,357,660587,7534,894379,3210400
2900,371,353,660216,7552,894732,3179600
2901,339,400,659877,7491,895132,3052500
2902,349,400,659528,7440,895532,3224600
2903,342,361,659186,7421,895893,3099400
2904,353,385,658833,7389,896278,3330700
2905,352,354,658481,7387,896632,3179700
2906,354,382,658127,7359,897014,3156800
2907,380,339,657747,7400,897353,3369200
2908,356,396,657391,7360,897749,3257000
2909,370,353,657021,7377,898102,3467900
2910,352,348,656669,7381,898450,3272300
2911,349,331,656320,7399,898781,3189200
2912,387,398,655933,7388,899179,3509600
2913,408,380,655525,7416,899559,3787400
2914,405,357,655120,7464,899916,3396900
2915,380,349,654740,7495,900265,3469800
2916,402,393,654338,7504,900658,3388700
2917,372,383,653966,7493,901041,3337400
2918,411,368,653555,7536,901409,3463900
2919,385,359,653170,7562,901768,3377700
2920,364,389,652806,7537,902157,3336000
2921,382,388,652424,7531,902545,3246600
2922,397,390,652027,7538,902935,3358300
2923,349,365,651678,7522,903300,3781300
2924,380,385,651298,7517,903685,3207900
2925,364,371,650934,7510,904056,3587700
2926,371,386,650563,7495,904442,3392200
2927,363,370,650200,7488,904812,3358800
2928,363,406,649837,7445,905218,3199600
2929,385,352,649452,7478,905570,3121000
2930,397,410,649055,7465,905980,3295600
2931,382,410,648673,7437,906390,3513900
2932,374,391,648299,7420,906781,3404700
2933,391,367,647908,7444,907148,3335600
2934,397,380,647511,7461,907528,3168700
2935,394,342,647117,7513,907870,3704000
2936,397,390,646720,7520,908260,3179100
2937,401,362,646319,7559,908622,3238300
2938,406,393,645913,7572,909015,3150500
2939,372,359,645541,7585,909374,3278000
2940,391,386,645150,7590,909760,3283000
2941,382,392,644768,7580,910152,3137800
2942,372,361,644396,7591,910513,3292300
2943,367,367,644029,7591,910880,3139300
2944,366,351,643663,7606,911231,3082300
2945,389,387,643274,7608,911618,3143900
2946,381,383,642893,7606,912001,3173100
2947,377,424,642516,7559,912425,3723700
2948,394,376,642122,7577,912801,4204500
2949,367,409,641755,7535,913210,4268700
2950,345,383,641410,7497,913593,4331100
2951,384,346,641026,7535,913939,4233000
2952,396,377,640630,7554,914316,3563800
2953,364,372,640266,7546,914688,3571500
2954,384,411,639882,7519,915099,3672500
2955,381,380,639501,7520,915479,3446600
2956,396,385,639105,7531,915864,3419000
2957,366,350,638739,7547,916214,3391700
2958,384,355,638355,7576,916569,3206700
2959,371,377,637984,7570,916946,3285500
2960,399,415,637585,7554,917361,3731200
2961,397,366,637188,7585,917727,3677600
2962,394,387,636794,7592,918114,3792500
2963,384,395,636410,7581,918509,4273200
2964,404,403,636006,7582,918912,3702800
2965,367,362,635639,7587,919274,4028700
2966,387,385,635252,7589,919659,3560100
2967,373,405,634879,7557,920064,3565400
2968,391,367,634488,7581,920431,4374300
2969,407,369,634081,7619,920800,3940400
2970,355,377,633726,7597,921177,3602200
2971,384,371,633342,7610,921548,3448600
2972,378,373,632964,7615,921921,3657500
2973,364,378,632600,7601,922299,3510100
2974,361,381,632239,7581,922680,3731000
2975,397,371,631842,7607,923051,3425700
2976,397,399,631445,7605,923450,3924200
2977,365,381,631080,7589,923831,3453700
2978,372,408,630708,7553,924239,3245500
2979,396,357,630312,7592,924596,3050900
2980,423,376,629889,7639,924972,3119900
2981,365,391,629524,7613,925363,3253400
2982,369,398,629155,7584,925761,3148200
2983,367,422,628788,7529,926183,3328900
2984,369,369,628419,7529,926552,3294100
2985,378,385,628041,7522,926937,3245500
2986,365,391,627676,7496,927328,3471700
2987,332,376,627344,7452,927704,3197800
2988,376,376,626968,7452,928080,3140100
2989,407,370,626561,7489,928450,3039800
2990,396,392,626165,7493,928842,3054600
2991,387,390,625778,7490,929232,3370900
2992,357,380,625421,7467,929612,3318200
2993,375,379,625046,7463,929991,3070500
2994,366,365,624680,7464,930356,3082000
2995,366,398,624314,7432,930754,3291500
2996,384,355,623930,7461,931109,3388400
2997,333,376,623597,7418,931485,3252300
2998,411,391,623186,7438,931876,3307600
2999,363,357,622823,7444,932233,3427200
3000,378,341,622445,7481,932574,3041300
3001,364,387,622081,7458,932961,3072800
3002,367,366,621714,7459,933327,3163800
3003,371,380,621343,7450,933707,3045400
3004,377,388,620966,7439,934095,3313900
3005,393,364,620573,7468,934459,3110400
3006,402,422,620171,7448,934881,3008100
3007,387,381,619784,7454,935262,2894300
3008,399,346,619385,7507,935608,2932000
3009,365,368,619020,7504,935976,2942800
3010,352,407,618668,7449,936383,3143000
3011,407,391,618261,7465,936774,3152700
3012,409,349,617852,7525,937123,2920900
3013,382,382,617470,7525,937505,2927900
3014,365,360,617105,7530,937865,2909800
3015,415,385,616690,7560,938250,3197300
3016,401,391,616289,7570,938641,3097900
3017,385,405,615904,7550,939046,3059400
3018,396,387,615508,7559,939433,2950000
3019,362,371,615146,7550,939804,2973400
3020,369,354,614777,7565,940158,2914600
3021,396,346,614381,7615,940504,2957200
3022,407,406,613974,7616,940910,2898600
3023,343,391,613631,7568,941301,2935100
3024,411,382,613220,7597,941683,2950700
3025,369,362,612851,7604,942045,3010600
3026,395,356,612456,7643,942401,3361400
3027,410,389,612046,7664,942790,2922000
3028,372,392,611674,7644,943182,2942700
3029,383,382,611291,7645,943564,2936400
3030,350,371,610941,7624,943935,2924300
3031,377,395,610564,7606,944330,3096500
3032,393,368,610171,7631,944698,2967500
3033,375,384,609796,7622,945082,3121100
3034,392,380,609404,7634,945462,2959900
3035,376,327,609028,7683,945789,3251200
3036,403,367,608625,7719,946156,3014200
3037,376,352,608249,7743,946508,3075600
3038,391,387,607858,7747,946895,2966100
3039,415,376,607443,7786,947271,3036800
3040,404,385,607039,7805,947656,2880600
3041,405,366,606634,7844,948022,3019200
3042,379,425,606255,7798,948447,2998000
3043,393,384,605862,7807,948831,3100600
3044,377,412,605485,7772,949243,3086900
3045,411,407,605074,7776,949650,2985500
3046,384,422,604690,7738,950072,3001200
3047,398,390,604292,7746,950462,2985400
3048,396,389,603896,7753,950851,3085800
3049,393,392,603503,7754,951243,3043000
3050,385,407,603118,7732,951650,3006900
3051,361,388,602757,7705,952038,2894400
3052,368,396,602389,7677,952434,3090400
3053,400,378,601989,7699,952812,3131600
3054,398,377,601591,7720,953189,3062000
3055,404,350,601187,7774,953539,2867900
3056,383,423,600804,7734,953962,2925100
3057,330,389,600474,7675,954351,3073400
3058,375,349,600099,7701,954700,2931400
3059,406,396,599693,7711,955096,3161800
3060,371,391,599322,7691,955487,5757400
3061,386,387,598936,7690,955874,8507900
3062,372,408,598564,7654,956282,9725100
3063,397,367,598167,7684,956649,3507000
3064,381,402,597786,7663,957051,3285800
3065,374,412,597412,7625,957463,3465700
3066,368,354,597044,7639,957817,3146500
3067,370,398,596674,7611,958215,3195700
3068,398,390,596276,7619,958605,3230200
3069,388,381,595888,7626,958986,3226100
3070,394,407,595494,7613,959393,3164000
3071,379,362,595115,7630,959755,3138500
3072,368,378,594747,7620,960133,3239000
3073,405,347,594342,7678,960480,3313700
3074,372,421,593970,7629,960901,3322000
3075,397,398,593573,7628,961299,3013400
3076,390,364,593183,7654,961663,3041200
3077,387,402,592796,7639,962065,3359400
3078,398,396,592398,7641,962461,3079800
3079,365,380,592033,7626,962841,3057100
3080,384,364,591649,7646,963205,3033300
3081,408,390,591241,7664,963595,3252500
3082,379,365,590862,7678,963960,3036200
3083,393,386,590469,7685,964346,2989700
3084,354,384,590115,7655,964730,2990300
3085,413,402,589702,7666,965132,3036300
3086,397,408,589305,7655,965540,3052300
3087,389,393,588916,7651,965933,3106400
3088,370,331,588546,7690,966264,3031900
3089,383,393,588163,7680,966657,3128700
3090,375,366,587788,7689,967023,2957400
3091,389,384,587399,7694,967407,2890400
3092,390,413,587009,7671,967820,2987400
3093,385,367,586624,7689,968187,2891800
3094,367,385,586257,7671,968572,2857000
3095,336,394,585921,7613,968966,2951400
3096,388,407,585533,7594,969373,2969400
3097,392,387,585141,7599,969760,3051100
3098,369,369,584772,7599,970129,3047900
3099,380,378,584392,7601,970507,3081300
3100,366,367,584026,7600,970874,3097000
3101,382,375,583644,7607,971249,2936100
3102,387,375,583257,7619,971624,2897400
3103,353,358,582904,7614,971982,2869100
3104,381,400,582523,7595,972382,2977200
3105,354,359,582169,7590,972741,2968800
3106,374,384,581795,7580,973125,2953400
3107,389,384,581406,7585,973509,2950800
3108,359,387,581047,7557,973896,2989200
3109,358,402,580689,7513,974298,3074900
3110,396,340,580293,7569,974638,2945300
3111,354,375,579939,7548,975013,2944900
3112,379,364,579560,7563,975377,2898000
3113,379,373,579181,7569,975750,2976700
3114,392,377,578789,7584,976127,2939000
3115,393,440,578396,7537,976567,2863100
3116,373,404,578023,7506,976971,2876100
3117,410,358,577613,7558,977329,2911000
3118,381,386,577232,7553,977715,2923600
3119,407,376,576825,7584,978091,2911400
3120,408,372,576417,7620,978463,3165200
3121,401,367,576016,7654,978830,3193500
3122,401,372,575615,7683,979202,3046600
3123,416,389,575199,7710,979591,3045000
3124,397,391,574802,7716,979982,2927200
3125,401,405,574401,7712,980387,2935400
3126,403,388,573998,7727,980775,2887300
3127,388,404,573610,7711,981179,2943100
3128,399,372,573211,7738,981551,2929000
3129,395,362,572816,7771,981913,2951700
3130,374,395,572442,7750,982308,2900200
3131,441,395,572001,7796,982703,2925700
3132,417,377,571584,7836,983080,2850100
3133,375,411,571209,7800,983491,2968300
3134,388,417,570821,7771,983908,3349900
3135,436,395,570385,7812,984303,2860200
3136,397,423,569988,7786,984726,2958900
3137,380,384,569608,7782,985110,2942700
3138,399,393,569209,7788,985503,2875800
3139,409,399,568800,7798,985902,2907800
3140,383,379,568417,7802,986281,3015200
3141,417,377,568000,7842,986658,2957000
3142,405,406,567595,7841,987064,2850300
3143,380,352,567215,7869,987416,2887500
3144,403,431,566812,7841,987847,2950300
3145,334,398,566478,7777,988245,3156100
3146,364,392,566114,7749,988637,3278900
3147,391,397,565723,7743,989034,2984100
3148,390,371,565333,7762,989405,2964200
3149,388,377,564945,7773,989782,2870100
3150,382,387,564563,7768,990169,2989900
3151,367,360,564196,7775,990529,3067000
3152,357,373,563839,7759,990902,3042300
3153,382,371,563457,7770,991273,2948800
3154,370,381,563087,7759,991654,2945900
3155,384,380,562703,7763,992034,2945000
3156,349,394,562354,7718,992428,2915500
3157,376,387,561978,7707,992815,2854800
3158,376,363,561602,7720,993178,3018700
3159,380,427,561222,7673,993605,3040200
3160,384,375,560838,7682,993980,3155700
3161,421,368,560417,7735,994348,3080300
3162,401,374,560016,7762,994722,3008300
3163,379,362,559637,7779,995084,2919400
3164,402,414,559235,7767,995498,2987700
3165,408,388,558827,7787,995886,2922500
3166,344,419,558483,7712,996305,3771600
3167,397,422,558086,7687,996727,3141300
3168,364,404,557722,7647,997131,3188900
3169,362,344,557360,7665,997475,3440600
3170,399,362,556961,7702,997837,4127600
3171,362,382,556599,7682,998219,4210800
3172,367,381,556232,7668,998600,3994200
3173,383,398,555849,7653,998998,3997400
3174,414,370,555435,7697,999368,4027500
3175,356,366,555079,7687,999734,3878000
3176,381,436,554698,7632,1000170,3939000
3177,365,364,554333,7633,1000534,3615200
3178,362,388,553971,7607,1000922,3421900
3179,379,423,553592,7563,1001345,3232900
3180,364,397,553228,7530,1001742,3307700
3181,383,371,552845,7542,1002113,3979900
3182,391,370,552454,7563,1002483,3529700
3183,375,418,552079,7520,1002901,3275100
3184,403,408,551676,7515,1003309,3307600
3185,382,376,551294,7521,1003685,3416000
3186,387,377,550907,7531,1004062,3313300
3187,393,397,550514,7527,1004459,3277900
3188,393,359,550121,7561,1004818,3150700
3189,380,380,549741,7561,1005198,3074500
3190,408,367,549333,7602,1005565,3105400
3191,370,374,548963,7598,1005939,3003600
3192,413,364,548550,7647,1006303,3050500
3193,414,351,548136,7710,1006654,3109900
3194,441,411,547695,7740,1007065,3139300
3195,376,333,547319,7783,1007398,3159300
3196,407,398,546912,7792,1007796,2964000
3197,378,408,546534,7762,1008204,3029700
3198,400,383,546134,7779,1008587,3044100
3199,396,404,545738,7771,1008991,2991700
3200,375,389,545363,7757,1009380,2989300
3201,375,386,544988,7746,1009766,3251000
3202,382,414,544606,7714,1010180,3030800
3203,389,376,544217,7727,1010556,3038700
3204,412,374,543805,7765,1010930,3015100
3205,372,393,543433,7744,1011323,3200200
3206,368,353,543065,7759,1011676,3108000
3207,398,380,542667,7777,1012056,3138600
3208,409,390,542258,7796,1012446,3090600
3209,386,366,541872,7816,1012812,3088100
3210,392,407,541480,7801,1013219,3372800
3211,393,416,541087,7778,1013635,3132300
3212,404,373,540683,7809,1014008,3193300
3213,419,404,540264,7824,1014412,3157600
3214,385,405,539879,7804,1014817,3070800
3215,412,382,539467,7834,1015199,2999200
3216,416,428,539051,7822,1015627,3079500
3217,386,383,538665,7825,1016010,3058700
3218,391,414,538274,7802,1016424,3227200
3219,395,390,537879,7807,1016814,3110900
3220,401,376,537478,7832,1017190,3112100
3221,392,411,537086,7813,1017601,3097400
3222,395,401,536691,7807,1018002,3154600
3223,371,379,536320,7799,1018381,3278700
3224,389,409,535931,7779,1018790,3154400
3225,416,339,535515,7856,1019129,3035600
3226,405,377,535110,7884,1019506,3356600
3227,376,400,534734,7860,1019906,3276300
3228,406,401,534328,7865,1020307,3304900
3229,389,364,533939,7890,1020671,3155100
3230,343,418,533596,7815,1021089,3142800
3231,405,400,533191,7820,1021489,3050500
3232,385,416,532806,7789,1021905,3066600
3233,406,393,532400,7802,1022298,3184300
3234,383,419,532017,7766,1022717,3188100
3235,388,391,531629,7763,1023108,3052400
3236,419,390,531210,7792,1023498,3010500
3237,377,370,530833,7799,1023868,3111800
3238,389,387,530444,7801,1024255,3203100
3239,391,379,530053,7813,1024634,3151600
3240,385,384,529668,7814,1025018,3384100
3241,388,375,529280,7827,1025393,3295200
3242,426,396,528854,7857,1025789,3119900
3243,403,370,528451,7890,1026159,3096400
3244,404,396,528047,7898,1026555,3152600
3245,378,425,527669,7851,1026980,3149000
3246,388,384,527281,7855,1027364,3045600
3247,345,354,526936,7846,1027718,3251600
3248,391,403,526545,7834,1028121,3202700
3249,394,391,526151,7837,1028512,3117200
3250,427,402,525724,7862,1028914,3085200
3251,393,404,525331,7851,1029318,3298700
3252,424,396,524907,7879,1029714,3036200
3253,433,398,524474,7914,1030112,3153800
3254,402,381,524072,7935,1030493,3041900
3255,402,392,523670,7945,1030885,2989400
3256,382,421,523288,7906,1031306,3177000
3257,403,390,522885,7919,1031696,3034100
3258,423,412,522462,7930,1032108,3037900
3259,425,374,522037,7981,1032482,3023100
3260,418,435,521619,7964,1032917,3070900
3261,424,407,521195,7981,1033324,3134500
3262,389,402,520806,7968,1033726,3091300
3263,391,426,520415,7933,1034152,3103900
3264,398,384,520017,7947,1034536,3042400
3265,404,381,519613,7970,1034917,2942900
3266,413,430,519200,7953,1035347,2964800
3267,390,418,518810,7925,1035765,3038000
3268,401,387,518409,7939,1036152,3263200
3269,416,401,517993,7954,1036553,3224500
3270,443,407,517550,7990,1036960,3151000
3271,363,416,517187,7937,1037376,3085100
3272,366,376,516821,7927,1037752,3172300
3273,370,396,516451,7901,1038148,3072200
3274,362,395,516089,7868,1038543,2937600
3275,383,393,515706,7858,1038936,2960500
3276,377,374,515329,7861,1039310,2874600
3277,411,381,514918,7891,1039691,3018800
3278,414,402,514504,7903,1040093,3006600
3279,400,395,514104,7908,1040488,2909700
3280,443,405,513661,7946,1040893,3035300
3281,401,399,513260,7948,1041292,2877800
3282,409,439,512851,7918,1041731,2988400
3283,352,386,512499,7884,1042117,3201800
3284,415,372,512084,7927,1042489,3317200
3285,391,425,511693,7893,1042914,3092100
3286,415,380,511278,7928,1043294,3070500
3287,430,402,510848,7956,1043696,3151300
3288,399,409,510449,7946,1044105,3233900
3289,388,428,510061,7906,1044533,3294000
3290,410,347,509651,7969,1044880,3448700
3291,416,387,509235,7998,1045267,3448200
3292,394,384,508841,8008,1045651,3310000
3293,390,416,508451,7982,1046067,3341700
3294,412,405,508039,7989,1046472,3267200
3295,410,375,507629,8024,1046847,3171900
3296,400,421,507229,8003,1047268,3174400
3297,399,360,506830,8042,1047628,3206100
3298,386,424,506444,8004,1048052,3094300
3299,425,397,506019,8032,1048449,3089300
3300,409,401,505610,8040,1048850,3294900
3301,419,438,505191,8021,1049288,3169000
3302,406,394,504785,8033,1049682,3172100
3303,391,384,504394,8040,1050066,3259800
3304,400,392,503994,8048,1050458,3199200
3305,407,439,503587,8016,1050897,3232700
3306,389,392,503198,8013,1051289,3389700
3307,374,416,502824,7971,1051705,3275000
3308,378,385,502446,7964,1052090,3308600
3309,428,400,502018,7992,1052490,3243500
3310,401,407,501617,7986,1052897,3200200
3311,410,399,501207,7997,1053296,3278900
3312,388,409,500819,7976,1053705,3217200
3313,407,378,500412,8005,1054083,3295400
3314,376,394,500036,7987,1054477,3202700
3315,389,364,499647,8012,1054841,3182300
3316,400,413,499247,7999,1055254,3196700
3317,407,396,498840,8010,1055650,3386600
3318,375,381,498465,8004,1056031,3259400
3319,408,430,498057,7982,1056461,3271800
3320,389,423,497668,7948,1056884,3230400
3321,397,444,497271,7901,1057328,3298600
3322,382,409,496889,7874,1057737,3248900
3323,383,401,496506,7856,1058138,3373400
3324,353,407,496153,7802,1058545,3158500
3325,391,392,495762,7801,1058937,3264700
3326,385,403,495377,7783,1059340,3149400
3327,378,418,494999,7743,1059758,3093100
3328,367,373,494632,7737,1060131,3044400
3329,407,380,494225,7764,1060511,2893300
3330,412,401,493813,7775,1060912,3183000
3331,414,376,493399,7813,1061288,3112800
3332,404,409,492995,7808,1061697,2952300
3333,389,427,492606,7770,1062124,2929000
3334,410,405,492196,7775,1062529,2978900
3335,395,392,491801,7778,1062921,2922800
3336,423,399,491378,7802,1063320,3034400
3337,381,377,490997,7806,1063697,2933200
3338,381,419,490616,7768,1064116,2948800
3339,401,374,490215,7795,1064490,2934600
3340,365,377,489850,7783,1064867,2965100
3341,403,397,489447,7789,1065264,2893700
3342,408,411,489039,7786,1065675,3041800
3343,412,415,488627,7783,1066090,3003600
3344,408,398,488219,7793,1066488,2846400
3345,404,376,487815,7821,1066864,2943400
3346,423,361,487392,7883,1067225,2859700
3347,417,422,486975,7878,1067647,2977400
3348,421,400,486554,7899,1068047,2868200
3349,432,401,486122,7930,1068448,2868400
3350,374,391,485748,7913,1068839,2904400
3351,413,388,485335,7938,1069227,3115200
3352,383,419,484952,7902,1069646,3094200
3353,424,421,484528,7905,1070067,3097200
3354,361,412,484167,7854,1070479,3142800
3355,376,404,483791,7826,1070883,3222900
3356,407,344,483384,7889,1071227,2983900
3357,429,386,482955,7932,1071613,3017700
3358,384,379,482571,7937,1071992,3273800
3359,397,408,482174,7926,1072400,2923100
3360,401,376,481773,7951,1072776,3141800
3361,418,402,481355,7967,1073178,3073600
3362,383,407,480972,7943,1073585,3303800
3363,414,386,480558,7971,1073971,3269700
3364,361,375,480197,7957,1074346,2992900
3365,369,391,479828,7935,1074737,3218200
3366,418,420,479410,7933,1075157,3089100
3367,395,364,479015,7964,1075521,3033100
3368,394,377,478621,7981,1075898,2941300
3369,438,414,478183,8005,1076312,2975300
3370,408,369,477775,8044,1076681,2997800
3371,389,406,477386,8027,1077087,3021300
3372,391,413,476995,8005,1077500,3662800
3373,401,394,476594,8012,1077894,3274000
3374,363,390,476231,7985,1078284,3048600
3375,393,389,475838,7989,1078673,3202600
3376,414,430,475424,7973,1079103,3195000
3377,406,394,475018,7985,1079497,3100800
3378,390,406,474628,7969,1079903,3113100
3379,419,377,474209,8011,1080280,3108600
3380,423,409,473786,8025,1080689,2912100
3381,396,414,473390,8007,1081103,3051000
3382,405,393,472985,8019,1081496,3122800
3383,415,421,472570,8013,1081917,3288000
3384,395,412,472175,7996,1082329,3141300
3385,442,387,471733,8051,1082716,2894500
3386,421,398,471312,8074,1083114,3162700
3387,413,422,470899,8065,1083536,3101200
3388,395,419,470504,8041,1083955,3055600
3389,411,440,470093,8012,1084395,3006700
3390,408,401,469685,8019,1084796,3031400
3391,384,372,469301,8031,1085168,3021000
3392,432,406,468869,8057,1085574,3197400
3393,376,409,468493,8024,1085983,3167500
3394,417,402,468076,8039,1086385,3189200
3395,405,419,467671,8025,1086804,3169500
3396,404,402,467267,8027,1087206,3105500
3397,414,384,466853,8057,1087590,3130800
3398,378,434,466475,8001,1088024,2967500
3399,395,419,466080,7977,1088443,2937300
3400,381,384,465699,7974,1088827,2903700
3401,388,405,465311,7957,1089232,3553700
3402,387,436,464924,7908,1089668,3222300
3403,371,395,464553,7884,1090063,3314000
3404,385,397,464168,7872,1090460,3347300
3405,395,395,463773,7872,1090855,3171500
3406,393,398,463380,7867,1091253,3275600
3407,399,386,462981,7880,1091639,3002400
3408,376,423,462605,7833,1092062,2922400
3409,395,410,462210,7818,1092472,2948600
3410,413,394,461797,7837,1092866,3060100
3411,342,395,461455,7784,1093261,3237600
3412,392,396,461063,7780,1093657,2964300
3413,415,392,460648,7803,1094049,2900100
3414,356,387,460292,7772,1094436,2986100
3415,407,426,459885,7753,1094862,2905400
3416,409,396,459476,7766,1095258,2863800
3417,382,415,459094,7733,1095673,2833100
3418,362,381,458732,7714,1096054,3261200
3419,388,366,458344,7736,1096420,3037300
3420,335,354,458009,7717,1096774,3205100
3421,364,364,457645,7717,1097138,3104900
3422,357,399,457288,7675,1097537,3338400
3423,341,404,456947,7612,1097941,3011300
3424,383,408,456564,7587,1098349,3067000
3425,370,388,456194,7569,1098737,3043700
3426,383,369,455811,7583,1099106,2963900
3427,391,373,455420,7601,1099479,2844900
3428,389,387,455031,7603,1099866,2894700
3429,377,375,454654,7605,1100241,2982200
3430,401,356,454253,7650,1100597,3047300
3431,377,367,453876,7660,1100964,3304800
3432,402,427,453474,7635,1101391,3269500
3433,377,357,453097,7655,1101748,3167600
3434,399,391,452698,7663,1102139,2924600
3435,393,374,452305,7682,1102513,3260800
3436,383,357,451922,7708,1102870,3189600
3437,424,402,451498,7730,1103272,3174200
3438,405,353,451093,7782,1103625,3163700
3439,381,406,450712,7757,1104031,3158800
3440,367,384,450345,7740,1104415,3215800
3441,378,374,449967,7744,1104789,3184800
3442,371,375,449596,7740,1105164,3227300
3443,385,383,449211,7742,1105547,3011800
3444,378,375,448833,7745,1105922,2908100
3445,396,393,448437,7748,1106315,2963800
3446,387,398,448050,7737,1106713,2871500
3447,370,421,447680,7686,1107134,3153300
3448,384,372,447296,7698,1107506,3243200
3449,390,387,446906,7701,1107893,3197900
3450,398,402,446508,7697,1108295,2972500
3451,383,392,446125,7688,1108687,2953800
3452,373,371,445752,7690,1109058,3080600
3453,395,382,445357,7703,1109440,2963700
3454,392,430,444965,7665,1109870,2911700
3455,390,378,444575,7677,1110248,2908400
3456,382,401,444193,7658,1110649,2908600
3457,412,362,443781,7708,1111011,3136000
3458,429,416,443352,7721,1111427,3083100
3459,427,392,442925,7756,1111819,3033900
3460,417,384,442508,7789,1112203,3080800
3461,416,373,442092,7832,1112576,3200600
3462,403,376,441689,7859,1112952,2998100
3463,397,415,441292,7841,1113367,3246600
3464,419,386,440873,7874,1113753,3031100
3465,396,395,440477,7875,1114148,2940800
3466,441,363,440036,7953,1114511,2961200
3467,393,397,439643,7949,1114908,2985500
3468,387,413,439256,7923,1115321,2967700
3469,407,382,438849,7948,1115703,2940700
3470,419,390,438430,7977,1116093,2914800
3471,435,419,437995,7993,1116512,3269100
3472,365,361,437630,7997,1116873,2968100
3473,367,448,437263,7916,1117321,2952700
3474,390,402,436873,7904,1117723,2945800
3475,383,396,436490,7891,1118119,2920500
3476,391,391,436099,7891,1118510,2921400
3477,433,417,435666,7907,1118927,2951700
3478,413,404,435253,7916,1119331,2878500
3479,396,392,434857,7920,1119723,2943500
3480,377,427,434480,7870,1120150,3152300
3481,394,438,434086,7826,1120588,3137900
3482,385,408,433701,7803,1120996,2960900
3483,384,357,433317,7830,1121353,3147700
3484,406,402,432911,7834,1121755,3250900
3485,402,409,432509,7827,1122164,2939700
3486,404,392,432105,7839,1122556,3139100
3487,413,430,431692,7822,1122986,3039700
3488,421,407,431271,7836,1123393,2846400
3489,393,367,430878,7862,1123760,2886000
3490,430,406,430448,7886,1124166,2918200
3491,427,409,430021,7904,1124575,2838000
3492,423,389,429598,7938,1124964,2932000
3493,387,382,429211,7943,1125346,3230200
3494,436,368,428775,8011,1125714,3082600
3495,417,372,428358,8056,1126086,2876100
3496,426,383,427932,8099,1126469,3070700
3497,416,408,427516,8107,1126877,3114400
3498,412,383,427104,8136,1127260,3245500
3499,423,425,426681,8134,1127685,3207500
3500,461,399,426220,8196,1128084,3089600
3501,405,428,425815,8173,1128512,3229000
3502,403,401,425412,8175,1128913,3172100
3503,420,435,424992,8160,1129348,3101800
3504,386,410,424606,8136,1129758,3332600
3505,416,375,424190,8177,1130133,3139200
3506,424,403,423766,8198,1130536,3188800
3507,408,403,423358,8203,1130939,3216600
3508,456,429,422902,8230,1131368,3301600
3509,409,395,422493,8244,1131763,3262000
3510,397,422,422096,8219,1132185,3231800
3511,375,403,421721,8191,1132588,3101400
3512,377,434,421344,8134,1133022,3223100
3513,389,398,420955,8125,1133420,3098500
3514,420,423,420535,8122,1133843,3195500
3515,388,412,420147,8098,1134255,3098300
3516,413,373,419734,8138,1134628,3014600
3517,387,405,419347,8120,1135033,3064000
3518,418,411,418929,8127,1135444,3407500
3519,447,416,418482,8158,1135860,3145500
3520,446,442,418036,8162,1136302,3193500
3521,426,424,417610,8164,1136726,3146300
3522,446,405,417164,8205,1137131,3352300
3523,461,425,416703,8241,1137556,3323000
3524,396,387,416307,8250,1137943,3211000
3525,416,399,415891,8267,1138342,3213100
3526,412,435,415479,8244,1138777,3303100
3527,379,382,415100,8241,1139159,3205800
3528,387,376,414713,8252,1139535,3155400
3529,402,361,414311,8293,1139896,3085000
3530,413,389,413898,8317,1140285,3026800
3531,426,415,413472,8328,1140700,3045700
3532,390,419,413082,8299,1141119,3144700
3533,414,418,412668,8295,1141537,3082300
3534,405,394,412263,8306,1141931,3086800
3535,422,414,411841,8314,1142345,3097600
3536,412,421,411429,8305,1142766,3128200
3537,423,421,411006,8307,1143187,3037100
3538,415,421,410591,8301,1143608,3022500
3539,447,417,410144,8331,1144025,3095600
3540,408,380,409736,8359,1144405,3116600
3541,388,413,409348,8334,1144818,3168400
3542,399,425,408949,8308,1145243,3113800
3543,394,415,408555,8287,1145658,3174000
3544,404,414,408151,8277,1146072,3047600
3545,407,415,407744,8269,1146487,3179800
3546,404,423,407340,8250,1146910,3110300
3547,437,421,406903,8266,1147331,3072100
3548,400,425,406503,8241,1147756,3073900
3549,414,420,406089,8235,1148176,3060900
3550,387,387,405702,8235,1148563,3029300
3551,378,400,405324,8213,1148963,3001100
3552,399,392,404925,8220,1149355,3236300
3553,414,407,404511,8227,1149762,3332600
3554,369,406,404142,8190,1150168,3026900
3555,396,412,403746,8174,1150580,2979300
3556,402,433,403344,8143,1151013,3242500
3557,404,392,402940,8155,1151405,3192100
3558,418,407,402522,8166,1151812,2977700
3559,386,399,402136,8153,1152211,2942000
3560,400,394,401736,8159,1152605,2898200
3561,364,400,401372,8123,1153005,2999900
3562,381,398,400991,8106,1153403,3110800
3563,386,395,400605,8097,1153798,2958600
3564,388,414,400217,8071,1154212,2872500
3565,400,419,399817,8052,1154631,2960700
3566,376,404,399441,8024,1155035,3017700
3567,378,420,399063,7982,1155455,3037400
3568,425,373,398638,8034,1155828,2981500
3569,401,403,398237,8032,1156231,3154100
3570,397,383,397840,8046,1156614,2961700
3571,418,446,397422,8018,1157060,2972800
3572,418,408,397004,8028,1157468,2910900
3573,429,412,396575,8045,1157880,2947100
3574,414,388,396161,8071,1158268,3189900
3575,415,384,395746,8102,1158652,3029600
3576,447,395,395299,8154,1159047,3018500
3577,466,436,394833,8184,1159483,3435400
3578,431,390,394402,8225,1159873,3603100
3579,447,405,393955,8267,1160278,3192200
3580,409,401,393546,8275,1160679,3281600
3581,377,404,393169,8248,1161083,3846600
3582,409,416,392760,8241,1161499,3305600
3583,415,391,392345,8265,1161890,3170200
3584,377,435,391968,8207,1162325,3087300
3585,427,404,391541,8230,1162729,3007500
3586,388,427,391153,8191,1163156,3185200
3587,388,408,390765,8171,1163564,2995600
3588,409,416,390356,8164,1163980,3021800
3589,397,409,389959,8152,1164389,3086100
3590,397,394,389562,8155,1164783,3212400
3591,400,414,389162,8141,1165197,3086900
3592,439,370,388723,8210,1165567,3024300
3593,420,427,388303,8203,1165994,3087800
3594,407,398,387896,8212,1166392,3224600
3595,432,408,387464,8236,1166800,2945200
3596,428,394,387036,8270,1167194,3108900
3597,445,437,386591,8278,1167631,3313500
3598,428,393,386163,8313,1168024,3131600
3599,452,446,385711,8319,1168470,3080500
3600,411,435,385300,8295,1168905,3135600
3601,447,431,384853,8311,1169336,3044900
3602,456,418,384397,8349,1169754,3017400
3603,438,394,383959,8393,1170148,2968000
3604,451,411,383508,8433,1170559,2995000
3605,411,402,383097,8442,1170961,3154900
3606,420,413,382677,8449,1171374,3284300
3607,394,424,382283,8419,1171798,3248300
3608,413,438,381870,8394,1172236,3161500
3609,390,435,381480,8349,1172671,3144600
3610,398,432,381082,8315,1173103,3336300
3611,390,436,380692,8269,1173539,3313500
3612,378,397,380314,8250,1173936,3282600
3613,415,416,379899,8249,1174352,3437600
3614,389,387,379510,8251,1174739,3427500
3615,392,438,379118,8205,1175177,3430300
3616,409,388,378709,8226,1175565,3324100
3617,407,434,378302,8199,1175999,3193200
3618,400,404,377902,8195,1176403,3216100
3619,408,408,377494,8195,1176811,3175500
3620,404,420,377090,8179,1177231,3301800
3621,425,389,376665,8215,1177620,3201200
3622,407,439,376258,8183,1178059,3194200
3623,419,354,375839,8248,1178413,3143700
3624,355,433,375484,8170,1178846,3196700
3625,366,409,375118,8127,1179255,3245000
3626,409,415,374709,8121,1179670,3233600
3627,395,409,374314,8107,1180079,3071800
3628,417,400,373897,8124,1180479,3054700
3629,417,399,373480,8142,1180878,3173000
3630,382,394,373098,8130,1181272,3052500
3631,410,442,372688,8098,1181714,3480400
3632,414,388,372274,8124,1182102,3242700
3633,408,409,371866,8123,1182511,3444000
3634,380,406,371486,8097,1182917,3080700
3635,424,437,371062,8084,1183354,3351700
3636,406,425,370656,8065,1183779,3212700
3637,408,436,370248,8037,1184215,3062900
3638,386,419,369862,8004,1184634,2984200
3639,380,435,369482,7949,1185069,2992800
3640,381,392,369101,7938,1185461,3304300
3641,401,386,368700,7953,1185847,3324300
3642,384,388,368316,7949,1186235,3086700
3643,415,403,367901,7961,1186638,2964900
3644,383,411,367518,7933,1187049,3150800
3645,401,383,367117,7951,1187432,3136700
3646,410,402,366707,7959,1187834,2936700
3647,363,421,366344,7901,1188255,3031500
3648,387,403,365957,7885,1188658,3149500
3649,404,394,365553,7895,1189052,3205100
3650,393,403,365160,7885,1189455,3005700
3651,388,419,364772,7854,1189874,2995700
3652,365,406,364407,7813,1190280,3070300
3653,411,355,363996,7869,1190635,3139300
3654,383,437,363613,7815,1191072,3260100
3655,410,391,363203,7834,1191463,3315100
3656,403,385,362800,7852,1191848,3313400
3657,362,391,362438,7823,1192239,2923000
3658,388,374,362050,7837,1192613,2944200
3659,385,375,361665,7847,1192988,2945500
3660,401,405,361264,7843,1193393,3167200
3661,435,393,360829,7885,1193786,3077100
3662,365,398,360464,7852,1194184,2942700
3663,390,389,360074,7853,1194573,2932100
3664,402,422,359672,7833,1194995,2942100
3665,357,377,359315,7813,1195372,3066300
3666,393,377,358922,7829,1195749,2862500
3667,382,394,358540,7817,1196143,2980700
3668,398,378,358142,7837,1196521,2970600
3669,405,361,357737,7881,1196882,2979800
3670,363,391,357374,7853,1197273,2931800
3671,380,373,356994,7860,1197646,3184900
3672,408,382,356586,7886,1198028,2976100
3673,419,425,356167,7880,1198453,3196400
3674,396,400,355771,7876,1198853,3259200
3675,361,401,355410,7836,1199254,3262700
3676,408,418,355002,7826,1199672,2999200
3677,379,380,354623,7825,1200052,3018300
3678,421,404,354202,7842,1200456,3015400
3679,408,392,353794,7858,1200848,2949000
3680,386,382,353408,7862,1201230,3008000
3681,405,406,353003,7861,1201636,2992600
3682,427,366,352576,7922,1202002,2981800
3683,369,420,352207,7871,1202422,3288200
3684,418,405,351789,7884,1202827,2943800
3685,394,407,351395,7871,1203234,2994800
3686,397,408,350998,7860,1203642,3000200
3687,402,392,350596,7870,1204034,2970700
3688,416,393,350180,7893,1204427,2992300
3689,414,400,349766,7907,1204827,2961300
3690,395,401,349371,7901,1205228,2974200
3691,411,413,348960,7899,1205641,3207100
3692,415,379,348545,7935,1206020,3171500
3693,408,377,348137,7966,1206397,2950400
3694,393,423,347744,7936,1206820,3037100
3695,391,382,347353,7945,1207202,3121200
3696,410,430,346943,7925,1207632,3280800
3697,380,351,346563,7954,1207983,2928900
3698,384,409,346179,7929,1208392,2992600
3699,387,404,345792,7912,1208796,2970300
3700,361,407,345431,7866,1209203,2910800
3701,400,392,345031,7874,1209595,2891600
3702,365,381,344666,7858,1209976,2898700
3703,398,422,344268,7834,1210398,2925200
3704,349,392,343919,7791,1210790,2851900
3705,371,405,343548,7757,1211195,3001600
3706,336,355,343212,7738,1211550,2969100
3707,358,366,342854,7730,1211916,3271200
3708,394,368,342460,7756,1212284,3071700
3709,373,400,342087,7729,1212684,2878300
3710,385,380,341702,7734,1213064,2953100
3711,404,406,341298,7732,1213470,2835100
3712,415,391,340883,7756,1213861,3221600
3713,362,398,340521,7720,1214259,3115800
3714,385,375,340136,7730,1214634,2913600
3715,387,385,339749,7732,1215019,2924700
3716,363,393,339386,7702,1215412,2932100
3717,377,384,339009,7695,1215796,2969100
3718,376,344,338633,7727,1216140,3010400
3719,392,387,338241,7732,1216527,3005200
3720,393,380,337848,7745,1216907,2974900
3721,371,394,337477,7722,1217301,2980100
3722,394,410,337083,7706,1217711,3040200
3723,374,363,336709,7717,1218074,2904200
3724,388,385,336321,7720,1218459,3185200
3725,352,362,335969,7710,1218821,2974000
3726,372,410,335597,7672,1219231,2933400
3727,401,357,335196,7716,1219588,2933400
3728,356,384,334840,7688,1219972,3170800
3729,369,394,334471,7663,1220366,3130200
3730,399,377,334072,7685,1220743,2943900
3731,389,345,333683,7729,1221088,2927300
3732,352,415,333331,7666,1221503,2918700
3733,396,418,332935,7644,1221921,2955600
3734,359,384,332576,7619,1222305,2889900
3735,343,396,332233,7566,1222701,2982900
3736,360,380,331873,7546,1223081,2989500
3737,335,378,331538,7503,1223459,3198400
3738,380,368,331158,7515,1223827,3162800
3739,371,377,330787,7509,1224204,2912000
3740,400,412,330387,7497,1224616,2947200
3741,398,380,329989,7515,1224996,3045600
3742,363,389,329626,7489,1225385,2942700
3743,366,348,329260,7507,1225733,2945400
3744,361,364,328899,7504,1226097,3132700
3745,383,354,328516,7533,1226451,3092000
3746,391,415,328125,7509,1226866,2920900
3747,340,349,327785,7500,1227215,3022600
3748,388,364,327397,7524,1227579,2938200
3749,391,391,327006,7524,1227970,2921600
3750,365,373,326641,7516,1228343,2964600
3751,370,375,326271,7511,1228718,2833600
3752,376,346,325895,7541,1229064,2944600
3753,381,378,325514,7544,1229442,2967300
3754,377,374,325137,7547,1229816,2871900
3755,361,380,324776,7528,1230196,2967900
3756,377,351,324399,7554,1230547,3025900
3757,354,378,324045,7530,1230925,3276700
3758,394,356,323651,7568,1231281,3178100
3759,387,392,323264,7563,1231673,2844100
3760,351,355,322913,7559,1232028,2954300
3761,389,374,322524,7574,1232402,2829400
3762,369,401,322155,7542,1232803,2932700
3763,399,375,321756,7566,1233178,3325800
3764,358,368,321398,7556,1233546,3107000
3765,379,387,321019,7548,1233933,2974800
3766,389,368,320630,7569,1234301,2934200
3767,338,361,320292,7546,1234662,2988500
3768,386,367,319906,7565,1235029,2990600
3769,379,401,319527,7543,1235430,2897200
3770,383,394,319144,7532,1235824,2954600
3771,373,372,318771,7533,1236196,3038700
3772,350,362,318421,7521,1236558,2905800
3773,404,413,318017,7512,1236971,2958000
3774,343,421,317674,7434,1237392,2963400
3775,337,393,317337,7378,1237785,3222000
3776,354,361,316983,7371,1238146,3132500
3777,344,412,316639,7303,1238558,2930200
3778,359,350,316280,7312,1238908,2952300
3779,358,371,315922,7299,1239279,2969500
3780,358,384,315564,7273,1239663,2989600
3781,366,361,315198,7278,1240024,3007100
3782,367,369,314831,7276,1240393,2957300
3783,392,312,314439,7356,1240705,2926600
3784,341,384,314098,7313,1241089,3015300
3785,373,364,313725,7322,1241453,3052700
3786,340,361,313385,7301,1241814,2909300
3787,337,361,313048,7277,1242175,2967500
3788,331,372,312717,7236,1242547,2948000
3789,369,367,312348,7238,1242914,2945800
3790,354,348,311994,7244,1243262,2938400
3791,380,385,311614,7239,1243647,2926500
3792,329,385,311285,7183,1244032,2879700
3793,346,372,310939,7157,1244404,3199500
3794,344,369,310595,7132,1244773,3234300
3795,347,342,310248,7137,1245115,3337000
3796,347,349,309901,7135,1245464,3118600
3797,357,347,309544,7145,1245811,2874500
3798,372,360,309172,7157,1246171,2914400
3799,390,357,308782,7190,1246528,2934300
3800,373,360,308409,7203,1246888,2949600
3801,367,318,308042,7252,1247206,2964600
3802,384,355,307658,7281,1247561,3067500
3803,368,347,307290,7302,1247908,3137900
3804,389,355,306901,7336,1248263,2939600
3805,352,371,306549,7317,1248634,2962800
3806,384,327,306165,7374,1248961,2820700
3807,380,392,305785,7362,1249353,3056600
3808,358,387,305427,7333,1249740,2993600
3809,375,359,305052,7349,1250099,2968800
3810,388,354,304664,7383,1250453,2971000
3811,373,365,304291,7391,1250818,3028600
3812,356,340,303935,7407,1251158,2960500
3813,392,329,303543,7470,1251487,2935500
3814,367,392,303176,7445,1251879,2983900
3815,374,353,302802,7466,1252232,2863900
3816,346,379,302456,7433,1252611,3245900
3817,364,380,302092,7417,1252991,3108300
3818,372,350,301720,7439,1253341,2963100
3819,384,362,301336,7461,1253703,3153000
3820,350,411,300986,7400,1254114,2996500
3821,350,334,300636,7416,1254448,3075800
3822,339,401,300297,7354,1254849,2908900
3823,322,338,299975,7338,1255187,2938700
3824,320,375,299655,7283,1255562,2956600
3825,345,364,299310,7264,1255926,2909300
3826,342,352,298968,7254,1256278,2977000
3827,322,345,298646,7231,1256623,2935200
3828,349,402,298297,7178,1257025,2929500
3829,341,383,297956,7136,1257408,3577700
3830,333,371,297623,7098,1257779,3194100
3831,322,413,297301,7007,1258192,3351000
3832,329,361,296972,6975,1258553,2985300
3833,320,336,296652,6959,1258889,2825600
3834,336,329,296316,6966,1259218,2966000
3835,353,359,295963,6960,1259577,2933900
3836,315,345,295648,6930,1259922,3148600
3837,347,333,295301,6944,1260255,3206600
3838,319,343,294982,6920,1260598,2920400
3839,338,365,294644,6893,1260963,2920700
3840,317,347,294327,6863,1261310,2864500
3841,297,347,294030,6813,1261657,3300300
3842,325,338,293705,6800,1261995,3294400
3843,341,328,293364,6813,1262323,2997700
3844,334,381,293030,6766,1262704,3059400
3845,316,346,292714,6736,1263050,3075900
3846,308,328,292406,6716,1263378,2955600
3847,363,354,292043,6725,1263732,2952000
3848,333,328,291710,6730,1264060,2978800
3849,333,378,291377,6685,1264438,2918800
3850,336,330,291041,6691,1264768,2928300
3851,332,302,290709,6721,1265070,3094100
3852,315,341,290394,6695,1265411,2957800
3853,331,345,290063,6681,1265756,2937700
3854,329,354,289734,6656,1266110,2969000
3855,329,338,289405,6647,1266448,2934500
3856,359,344,289046,6662,1266792,2943200
3857,356,342,288690,6676,1267134,2890600
3858,342,340,288348,6678,1267474,2909400
3859,325,330,288023,6673,1267804,2909200
3860,304,323,287719,6654,1268127,2861600
3861,351,331,287368,6674,1268458,2833700
3862,334,331,287034,6677,1268789,2895100
3863,343,343,286691,6677,1269132,2910200
3864,337,339,286354,6675,1269471,2914000
3865,349,284,286005,6740,1269755,2915000
3866,357,344,285648,6753,1270099,2902800
3867,329,334,285319,6748,1270433,2937200
3868,327,349,284992,6726,1270782,2845500
3869,306,293,284686,6739,1271075,2917900
3870,348,344,284338,6743,1271419,3343800
3871,324,341,284014,6726,1271760,3241100
3872,307,316,283707,6717,1272076,3167700
3873,315,337,283392,6695,1272413,3102000
3874,341,344,283051,6692,1272757,3233800
3875,343,349,282708,6686,1273106,3067500
3876,298,346,282410,6638,1273452,3081800
3877,334,338,282076,6634,1273790,3007900
3878,326,323,281750,6637,1274113,3198200
3879,317,342,281433,6612,1274455,2976100
3880,333,361,281100,6584,1274816,2897400
3881,330,326,280770,6588,1275142,2882400
3882,302,348,280468,6542,1275490,2892300
3883,330,333,280138,6539,1275823,2996700
3884,299,330,279839,6508,1276153,3035400
3885,286,332,279553,6462,1276485,2828400
3886,337,300,279216,6499,1276785,2914400
3887,345,302,278871,6542,1277087,3008900
3888,350,340,278521,6552,1277427,2979600
3889,290,323,278231,6519,1277750,2964800
3890,354,349,277877,6524,1278099,2925000
3891,319,352,277558,6491,1278451,2916900
3892,282,336,277276,6437,1278787,2911700
3893,320,320,276956,6437,1279107,2925400
3894,318,314,276638,6441,1279421,2849200
3895,313,289,276325,6465,1279710,2945300
3896,327,309,275998,6483,1280019,3054000
3897,326,319,275672,6490,1280338,3340900
3898,338,328,275334,6500,1280666,3191000
3899,322,361,275012,6461,1281027,2838700
3900,314,351,274698,6424,1281378,2810300
3901,332,363,274366,6393,1281741,2907600
3902,289,314,274077,6368,1282055,2912900
3903,326,361,273751,6333,1282416,2925000
3904,316,297,273435,6352,1282713,2868200
3905,320,317,273115,6355,1283030,2827200
3906,313,292,272802,6376,1283322,2891900
3907,316,310,272486,6382,1283632,2886800
3908,277,335,272209,6324,1283967,2910000
3909,318,353,271891,6289,1284320,3070400
3910,332,327,271559,6294,1284647,3095000
3911,329,315,271230,6308,1284962,2881500
3912,312,315,270918,6305,1285277,2912700
3913,300,323,270618,6282,1285600,2914300
3914,332,321,270286,6293,1285921,2961400
3915,313,289,269973,6317,1286210,2927500
3916,314,323,269659,6308,1286533,2799500
3917,373,313,269286,6368,1286846,2819600
3918,337,301,268949,6404,1287147,3014300
3919,364,316,268585,6452,1287463,3032500
3920,370,303,268215,6519,1287766,3031700
3921,347,315,267868,6551,1288081,3052400
3922,346,325,267522,6572,1288406,2957900
3923,339,305,267183,6606,1288711,2844000
3924,356,335,266827,6627,1289046,3034500
3925,378,324,266449,6681,1289370,2986600
3926,347,343,266102,6685,1289713,2910200
3927,376,320,265726,6741,1290033,3185300
3928,349,351,265377,6739,1290384,2979200
3929,358,319,265019,6778,1290703,2983900
3930,322,376,264697,6724,1291079,3129600
3931,349,384,264348,6689,1291463,3263100
3932,320,335,264028,6674,1291798,2956100
3933,323,334,263705,6663,1292132,3162100
3934,304,367,263401,6600,1292499,2952700
3935,321,310,263080,6611,1292809,3342300
3936,327,340,262753,6598,1293149,3188200
3937,318,325,262435,6591,1293474,3070700
3938,318,311,262117,6598,1293785,3065500
3939,295,321,261822,6572,1294106,3042000
3940,321,312,261501,6581,1294418,3168900
3941,319,332,261182,6568,1294750,3654700
3942,354,328,260828,6594,1295078,3488100
3943,369,307,260459,6656,1295385,3375400
3944,351,307,260108,6700,1295692,3432200
3945,340,330,259768,6710,1296022,3149700
3946,366,330,259402,6746,1296352,3197500
3947,322,301,259080,6767,1296653,3211600
3948,362,341,258718,6788,1296994,3206100
3949,363,333,258355,6818,1297327,3068100
3950,360,298,257995,6880,1297625,2982800
3951,317,315,257678,6882,1297940,2930600
3952,357,332,257321,6907,1298272,3246000
3953,356,377,256965,6886,1298649,2999200
3954,325,341,256640,6870,1298990,3110600
3955,332,339,256308,6863,1299329,3053800
3956,357,342,255951,6878,1299671,3220800
3957,337,337,255614,6878,1300008,3127400
3958,317,363,255297,6832,1300371,2906600
3959,304,348,254993,6788,1300719,2959100
3960,309,359,254684,6738,1301078,2878800
3961,335,314,254349,6759,1301392,3068600
3962,311,379,254038,6691,1301771,3014500
3963,316,305,253722,6702,1302076,2920300
3964,333,319,253389,6716,1302395,3155400
3965,344,332,253045,6728,1302727,3132400
3966,332,332,252713,6728,1303059,3098800
3967,345,337,252368,6736,1303396,3031100
3968,333,313,252035,6756,1303709,3156000
3969,310,342,251725,6724,1304051,3334100
3970,356,333,251369,6747,1304384,3165400
3971,368,330,251001,6785,1304714,3141100
3972,312,335,250689,6762,1305049,3183500
3973,340,356,250349,6746,1305405,3066500
3974,328,327,250021,6747,1305732,2996400
3975,353,374,249668,6726,1306106,3002300
3976,309,295,249359,6740,1306401,3133600
3977,333,327,249026,6746,1306728,2949400
3978,301,327,248725,6720,1307055,2955400
3979,340,392,248385,6668,1307447,3151100
3980,344,333,248041,6679,1307780,3133800
3981,314,332,247727,6661,1308112,3114800
3982,318,326,247409,6653,1308438,3706600
3983,319,328,247090,6644,1308766,3155700
3984,318,322,246772,6640,1309088,3061600
3985,293,355,246479,6578,1309443,3099300
3986,298,307,246181,6569,1309750,2958500
3987,329,336,245852,6562,1310086,3178400
3988,336,355,245516,6543,1310441,3336600
3989,298,315,245218,6526,1310756,3042500
3990,325,328,244893,6523,1311084,3009200
3991,361,346,244532,6538,1311430,2882200
3992,347,329,244185,6556,1311759,2938800
3993,330,306,243855,6580,1312065,3002600
3994,342,321,243513,6601,1312386,2884700
3995,337,300,243176,6638,1312686,3014300
3996,361,354,242815,6645,1313040,3068200
3997,348,312,242467,6681,1313352,3069900
3998,359,345,242108,6695,1313697,3011400
3999,372,333,241736,6734,1314030,3012000
4000,349,326,241387,6757,1314356,2974900
4001,325,293,241062,6789,1314649,3052900
4002,312,351,240750,6750,1315000,2947000
4003,356,366,240394,6740,1315366,3045100
4004,332,336,240062,6736,1315702,3534700
4005,350,339,239712,6747,1316041,3161500
4006,358,318,239354,6787,1316359,3252100
4007,331,330,239023,6788,1316689,2947400
4008,349,310,238674,6827,1316999,3086700
4009,306,354,238368,6779,1317353,3059000
4010,333,321,238035,6791,1317674,3143300
4011,341,333,237694,6799,1318007,3377900
4012,332,345,237362,6786,1318352,3180200
4013,331,349,237031,6768,1318701,2961400
4014,357,306,236674,6819,1319007,3233600
4015,338,352,236336,6805,1319359,3169600
4016,327,306,236009,6826,1319665,2994500
4017,330,302,235679,6854,1319967,2986700
4018,340,313,235339,6881,1320280,2969100
4019,344,352,234995,6873,1320632,2932900
4020,319,356,234676,6836,1320988,3230300
4021,326,332,234350,6830,1321320,2996500
4022,335,360,234015,6805,1321680,3013600
4023,355,336,233660,6824,1322016,3152400
4024,329,367,233331,6786,1322383,3029000
4025,300,305,233031,6781,1322688,2985300
4026,290,326,232741,6745,1323014,3371400
4027,322,328,232419,6739,1323342,2985200
4028,325,330,232094,6734,1323672,2929500
4029,324,285,231770,6773,1323957,2949100
4030,313,345,231457,6741,1324302,2969000
4031,313,362,231144,6692,1324664,2995200
4032,295,334,230849,6653,1324998,2960000
4033,319,335,230530,6637,1325333,3180000
4034,298,340,230232,6595,1325673,2899600
4035,329,309,229903,6615,1325982,2964600
4036,311,351,229592,6575,1326333,3136900
4037,317,352,229275,6540,1326685,3313300
4038,305,331,228970,6514,1327016,3070600
4039,315,333,228655,6496,1327349,3755800
4040,304,346,228351,6454,1327695,3777800
4041,297,289,228054,6462,1327984,3895300
4042,312,314,227742,6460,1328298,3938500
4043,304,333,227438,6431,1328631,3472900
4044,316,287,227122,6460,1328918,3638800
4045,303,325,226819,6438,1329243,3745700
4046,335,352,226484,6421,1329595,3368300
4047,330,341,226154,6410,1329936,3336800
4048,278,309,225876,6379,1330245,3623800
4049,310,307,225566,6382,1330552,3907700
4050,321,350,225245,6353,1330902,3244700
4051,313,333,224932,6333,1331235,3191400
4052,317,292,224615,6358,1331527,3456100
4053,296,304,224319,6350,1331831,3075800
4054,316,299,224003,6367,1332130,3069300
4055,322,279,223681,6410,1332409,2988800
4056,312,313,223369,6409,1332722,2987600
4057,305,309,223064,6405,1333031,3085800
4058,335,310,222729,6430,1333341,2980000
4059,309,282,222420,6457,1333623,2879500
4060,336,346,222084,6447,1333969,2923000
4061,301,291,221783,6457,1334260,2913000
4062,300,312,221483,6445,1334572,2917200
4063,320,322,221163,6443,1334894,3377800
4064,314,289,220849,6468,1335183,3301100
4065,298,329,220551,6437,1335512,3115000
4066,335,304,220216,6468,1335816,3055300
4067,320,332,219896,6456,1336148,3412500
4068,332,345,219564,6443,1336493,3197400
4069,313,316,219251,6440,1336809,3158900
4070,305,339,218946,6406,1337148,3124600
4071,316,306,218630,6416,1337454,3274500
4072,343,309,218287,6450,1337763,3083700
4073,325,311,217962,6464,1338074,3278700
4074,337,338,217625,6463,1338412,3285100
4075,329,328,217296,6464,1338740,3036700
4076,273,358,217023,6379,1339098,3073700
4077,322,326,216701,6375,1339424,3009800
4078,322,329,216379,6368,1339753,2989600
4079,336,316,216043,6388,1340069,3241000
4080,318,362,215725,6344,1340431,3055500
4081,353,275,215372,6422,1340706,3167800
4082,302,338,215070,6386,1341044,3060600
4083,308,333,214762,6361,1341377,3129100
4084,306,324,214456,6343,1341701,3035800
4085,328,320,214128,6351,1342021,2942400
4086,316,318,213812,6349,1342339,2908900
4087,325,312,213487,6362,1342651,2927700
4088,316,313,213171,6365,1342964,3154200
4089,281,299,212890,6347,1343263,3194700
4090,290,298,212600,6339,1343561,3047700
4091,301,361,212299,6279,1343922,3034400
4092,309,327,211990,6261,1344249,2899600
4093,285,295,211705,6251,1344544,2893100
4094,319,354,211386,6216,1344898,2942900
4095,300,294,211086,6222,1345192,2945700
4096,313,289,210773,6246,1345481,3349700
4097,328,337,210445,6237,1345818,3158400
4098,329,347,210116,6219,1346165,3167200
4099,293,321,209823,6191,1346486,3283500
4100,319,317,209504,6193,1346803,3088300
4101,287,334,209217,6146,1347137,2925800
4102,302,337,208915,6111,1347474,2886200
4103,332,313,208583,6130,1347787,2974500
4104,298,335,208285,6093,1348122,2879100
4105,328,277,207957,6144,1348399,2884400
4106,315,295,207642,6164,1348694,3194100
4107,300,293,207342,6171,1348987,3143200
4108,295,321,207047,6145,1349308,3360700
4109,287,303,206760,6129,1349611,3465100
4110,279,291,206481,6117,1349902,3646200
4111,291,320,206190,6088,1350222,3904600
4112,288,304,205902,6072,1350526,3845000
4113,304,314,205598,6062,1350840,3479700
4114,279,307,205319,6034,1351147,3607100
4115,311,295,205008,6050,1351442,3375000
4116,286,297,204722,6039,1351739,3428300
4117,281,317,204441,6003,1352056,3521800
4118,295,310,204146,5988,1352366,3286900
4119,304,285,203842,6007,1352651,3059100
4120,290,281,203552,6016,1352932,3799200
4121,297,285,203255,6028,1353217,3616200
4122,273,307,202982,5994,1353524,3285200
4123,329,309,202653,6014,1353833,3249400
4124,298,279,202355,6033,1354112,3015100
4125,291,291,202064,6033,1354403,2885000
4126,319,282,201745,6070,1354685,3029100
4127,301,288,201444,6083,1354973,3026400
4128,320,270,201124,6133,1355243,2936500
4129,297,300,200827,6130,1355543,3219500
4130,327,293,200500,6164,1355836,3455800
4131,306,330,200194,6140,1356166,3234400
4132,314,278,199880,6176,1356444,3010800
4133,287,321,199593,6142,1356765,3004200
4134,306,301,199287,6147,1357066,2870800
4135,289,298,198998,6138,1357364,2931000
4136,292,307,198706,6123,1357671,2919200
4137,293,301,198413,6115,1357972,2932400
4138,313,329,198100,6099,1358301,2906100
4139,301,283,197799,6117,1358584,2913200
4140,322,336,197477,6103,1358920,2851300
4141,284,260,197193,6127,1359180,2875300
4142,283,286,196910,6124,1359466,2858300
4143,303,321,196607,6106,1359787,2976900
4144,302,324,196305,6084,1360111,2925300
4145,286,316,196019,6054,1360427,2896200
4146,311,305,195708,6060,1360732,2966100
4147,295,290,195413,6065,1361022,2899200
4148,298,315,195115,6048,1361337,2993800
4149,277,316,194838,6009,1361653,2991500
4150,311,295,194527,6025,1361948,2942100
4151,286,295,194241,6016,1362243,2902700
4152,291,321,193950,5986,1362564,3149600
4153,281,284,193669,5983,1362848,2978300
4154,271,303,193398,5951,1363151,2970500
4155,315,277,193083,5989,1363428,2923400
4156,314,293,192769,6010,1363721,2962100
4157,298,287,192471,6021,1364008,3036700
4158,295,306,192176,6010,1364314,2974000
4159,275,310,191901,5975,1364624,2932400
4160,283,313,191618,5945,1364937,2840200
4161,286,304,191332,5927,1365241,2856200
4162,286,298,191046,5915,1365539,2879600
4163,340,295,190706,5960,1365834,2859800
4164,305,303,190401,5962,1366137,3203500
4165,309,281,190092,5990,1366418,2923600
4166,333,287,189759,6036,1366705,2907600
4167,325,288,189434,6073,1366993,2936200
4168,293,311,189141,6055,1367304,2927500
4169,342,326,188799,6071,1367630,2933000
4170,296,298,188503,6069,1367928,2908600
4171,321,283,188182,6107,1368211,2898700
4172,316,309,187866,6114,1368520,2891400
4173,297,312,187569,6099,1368832,3009300
4174,320,292,187249,6127,1369124,3062400
4175,322,292,186927,6157,1369416,3296900
4176,297,314,186630,6140,1369730,3517200
4177,301,280,186329,6161,1370010,3568000
4178,286,320,186043,6127,1370330,3343700
4179,272,311,185771,6088,1370641,3167700
4180,295,271,185476,6112,1370912,3191400
4181,291,313,185185,6090,1371225,3451500
4182,278,306,184907,6062,1371531,3560100
4183,266,273,184641,6055,1371804,3611100
4184,271,310,184370,6016,1372114,3619900
4185,298,267,184072,6047,1372381,3595900
4186,276,302,183796,6021,1372683,3362600
4187,292,297,183504,6016,1372980,3515600
4188,300,307,183204,6009,1373287,3197900
4189,299,314,182905,5994,1373601,3249500
4190,294,319,182611,5969,1373920,3407600
4191,258,291,182353,5936,1374211,3327200
4192,291,297,182062,5930,1374508,3358200
4193,280,313,181782,5897,1374821,3274700
4194,266,299,181516,5864,1375120,3297200
4195,308,309,181208,5863,1375429,3390300
4196,274,274,180934,5863,1375703,3367700
4197,285,287,180649,5861,1375990,3491700
4198,275,274,180374,5862,1376264,3197100
4199,299,271,180075,5890,1376535,3387900
4200,288,313,179787,5865,1376848,3194400
4201,303,286,179484,5882,1377134,3206600
4202,290,282,179194,5890,1377416,3258600
4203,293,284,178901,5899,1377700,3496100
4204,276,274,178625,5901,1377974,3422400
4205,293,279,178332,5915,1378253,3244900
4206,272,310,178060,5877,1378563,3242900
4207,307,304,177753,5880,1378867,3250000
4208,290,266,177463,5904,1379133,3508700
4209,307,313,177156,5898,1379446,3306700
4210,296,295,176860,5899,1379741,3409400
4211,284,292,176576,5891,1380033,3510800
4212,260,295,176316,5856,1380328,3342400
4213,296,309,176020,5843,1380637,3326200
4214,271,281,175749,5833,1380918,3502700
4215,309,298,175440,5844,1381216,3359600
4216,295,267,175145,5872,1381483,3300100
4217,298,282,174847,5888,1381765,3568400
4218,281,289,174566,5880,1382054,3371400
4219,311,286,174255,5905,1382340,3204700
4220,334,278,173921,5961,1382618,3281000
4221,289,311,173632,5939,1382929,3164300
4222,294,289,173338,5944,1383218,3191300
4223,287,289,173051,5942,1383507,3085400
4224,315,256,172736,6001,1383763,3157300
4225,297,288,172439,6010,1384051,3332100
4226,294,298,172145,6006,1384349,3322000
4227,270,244,171875,6032,1384593,3368700
4228,284,301,171591,6015,1384894,3273100
4229,279,316,171312,5978,1385210,3189500
4230,308,280,171004,6006,1385490,3196000
4231,279,294,170725,5991,1385784,3110400
4232,292,281,170433,6002,1386065,3053900
4233,312,281,170121,6033,1386346,3179700
4234,330,290,169791,6073,1386636,3433900
4235,289,302,169502,6060,1386938,3387700
4236,302,309,169200,6053,1387247,3253700
4237,296,274,168904,6075,1387521,3243000
4238,283,325,168621,6033,1387846,3178400
4239,309,323,168312,6019,1388169,3097100
4240,331,255,167981,6095,1388424,3173400
4241,276,318,167705,6053,1388742,3277800
4242,275,286,167430,6042,1389028,3495200
4243,291,323,167139,6010,1389351,3091300
4244,290,292,166849,6008,1389643,3154600
4245,282,323,166567,5967,1389966,3198200
4246,309,305,166258,5971,1390271,3250500
4247,275,285,165983,5961,1390556,3228100
4248,314,306,165669,5969,1390862,3100000
4249,263,294,165406,5938,1391156,3175300
4250,286,306,165120,5918,1391462,3309500
4251,284,274,164836,5928,1391736,3354200
4252,292,287,164544,5933,1392023,3391200
4253,270,317,164274,5886,1392340,3300900
4254,289,290,163985,5885,1392630,3340400
4255,295,279,163690,5901,1392909,3861600
4256,296,315,163394,5882,1393224,3825900
4257,282,300,163112,5864,1393524,4114400
4258,283,259,162829,5888,1393783,3893400
4259,246,287,162583,5847,1394070,3838600
4260,285,313,162298,5819,1394383,3603400
4261,265,271,162033,5813,1394654,3334000
4262,289,279,161744,5823,1394933,3880500
4263,301,298,161443,5826,1395231,3255200
4264,288,280,161155,5834,1395511,3401300
4265,283,316,160872,5801,1395827,3324700
4266,280,309,160592,5772,1396136,3263600
4267,303,289,160289,5786,1396425,3586000
4268,263,287,160026,5762,1396712,3259100
4269,276,308,159750,5730,1397020,3302700
4270,263,308,159487,5685,1397328,3205900
4271,286,282,159201,5689,1397610,3287400
4272,267,261,158934,5695,1397871,3189800
4273,287,266,158647,5716,1398137,3281200
4274,241,289,158406,5668,1398426,3490600
4275,288,278,158118,5678,1398704,3200100
4276,251,267,157867,5662,1398971,3189500
4277,284,320,157583,5626,1399291,3181900
4278,297,284,157286,5639,1399575,3282000
4279,269,281,157017,5627,1399856,3366500
4280,290,256,156727,5661,1400112,3349100
4281,283,240,156444,5704,1400352,3416400
4282,282,254,156162,5732,1400606,3867000
4283,285,301,155877,5716,1400907,3372700
4284,265,275,155612,5706,1401182,3395000
4285,296,254,155316,5748,1401436,3490700
4286,288,286,155028,5750,1401722,3412800
4287,281,255,154747,5776,1401977,3448300
4288,291,307,154456,5760,1402284,3308200
4289,265,264,154191,5761,1402548,3382600
4290,279,271,153912,5769,1402819,3266200
4291,284,296,153628,5757,1403115,3169300
4292,280,322,153348,5715,1403437,3151600
4293,273,281,153075,5707,1403718,3370900
4294,270,282,152805,5695,1404000,3369300
4295,275,269,152530,5701,1404269,3576200
4296,265,308,152265,5658,1404577,3264500
4297,283,304,151982,5637,1404881,3218100
4298,270,271,151712,5636,1405152,3166900
4299,275,287,151437,5624,1405439,3242800
4300,275,271,151162,5628,1405710,3176400
4301,263,288,150899,5603,1405998,3132000
4302,256,303,150643,5556,1406301,3408800
4303,280,266,150363,5570,1406567,3152900
4304,235,276,150128,5529,1406843,3251100
4305,281,271,149847,5539,1407114,3178800
4306,255,295,149592,5499,1407409,3189100
4307,240,252,149352,5487,1407661,3103200
4308,248,269,149104,5466,1407930,3292500
4309,237,292,148867,5411,1408222,3351900
4310,235,279,148632,5367,1408501,3499000
4311,262,268,148370,5361,1408769,3443800
4312,244,259,148126,5346,1409028,3625900
4313,271,276,147855,5341,1409304,3390000
4314,263,263,147592,5341,1409567,3254100
4315,242,263,147350,5320,1409830,3207100
4316,271,257,147079,5334,1410087,3215800
4317,254,264,146825,5324,1410351,3244000
4318,237,260,146588,5301,1410611,3591500
4319,268,309,146320,5260,1410920,3221800
4320,254,243,146066,5271,1411163,3280000
4321,260,242,145806,5289,1411405,3264800
4322,268,269,145538,5288,1411674,3232100
4323,287,263,145251,5312,1411937,3313100
4324,295,282,144956,5325,1412219,3406200
4325,270,274,144686,5321,1412493,3223200
4326,269,256,144417,5334,1412749,3169300
4327,288,281,144129,5341,1413030,3203900
4328,253,276,143876,5318,1413306,3127900
4329,239,252,143637,5305,1413558,3152500
4330,247,268,143390,5284,1413826,3231800
4331,254,266,143136,5272,1414092,3105200
4332,277,262,142859,5287,1414354,3387200
4333,278,263,142581,5302,1414617,3244800
4334,289,289,142292,5302,1414906,3144700
4335,250,270,142042,5282,1415176,3247100
4336,249,283,141793,5248,1415459,3301400
4337,268,268,141525,5248,1415727,3275300
4338,233,235,141292,5246,1415962,3236200
4339,251,236,141041,5261,1416198,3161800
4340,250,239,140791,5272,1416437,3121200
4341,289,267,140502,5294,1416704,3195000
4342,223,268,140279,5249,1416972,3249000
4343,269,257,140010,5261,1417229,3327300
4344,270,275,139740,5256,1417504,3217400
4345,238,287,139502,5207,1417791,3201800
4346,264,269,139238,5202,1418060,3173400
4347,261,257,138977,5206,1418317,3373000
4348,258,232,138719,5232,1418549,3206100
4349,268,256,138451,5244,1418805,3124900
4350,251,269,138200,5226,1419074,3511800
4351,226,289,137974,5163,1419363,3146700
4352,240,251,137734,5152,1419614,3233800
4353,240,287,137494,5105,1419901,3134600
4354,245,252,137249,5098,1420153,3192200
4355,216,267,137033,5047,1420420,3230000
4356,246,257,136787,5036,1420677,3213900
4357,219,286,136568,4969,1420963,3470400
4358,220,266,136348,4923,1421229,3248800
4359,204,226,136144,4901,1421455,3140600
4360,217,247,135927,4871,1421702,3184700
4361,238,240,135689,4869,1421942,3478400
4362,224,240,135465,4853,1422182,3240600
4363,232,248,135233,4837,1422430,3217200
4364,203,235,135030,4805,1422665,3251200
4365,220,255,134810,4770,1422920,3208000
4366,218,234,134592,4754,1423154,3160600
4367,244,241,134348,4757,1423395,3493900
4368,246,249,134102,4754,1423644,3248800
4369,249,243,133853,4760,1423887,3311500
4370,243,245,133610,4758,1424132,3220200
4371,215,229,133395,4744,1424361,3416800
4372,224,239,133171,4729,1424600,3334900
4373,223,242,132948,4710,1424842,3177900
4374,240,217,132708,4733,1425059,3185600
4375,220,261,132488,4692,1425320,3209300
4376,234,261,132254,4665,1425581,3194900
4377,229,229,132025,4665,1425810,3633000
4378,271,263,131754,4673,1426073,3398700
4379,245,220,131509,4698,1426293,3187100
4380,245,210,131264,4733,1426503,3212000
4381,256,249,131008,4740,1426752,3321200
4382,225,222,130783,4743,1426974,3258200
4383,229,252,130554,4720,1427226,3221100
4384,230,232,130324,4718,1427458,3348900
4385,215,257,130109,4676,1427715,3398700
4386,239,231,129870,4684,1427946,3306300
4387,230,241,129640,4673,1428187,3384400
4388,234,261,129406,4646,1428448,3595400
4389,201,236,129205,4611,1428684,3700600
4390,236,247,128969,4600,1428931,3664700
4391,223,227,128746,4596,1429158,3490600
4392,229,232,128517,4593,1429390,3378900
4393,252,245,128265,4600,1429635,3494900
4394,243,223,128022,4620,1429858,3490700
4395,221,207,127801,4634,1430065,3252100
4396,218,225,127583,4627,1430290,3328900
4397,235,224,127348,4638,1430514,3224400
4398,232,224,127116,4646,1430738,3432900
4399,222,233,126894,4635,1430971,3236500
4400,222,245,126672,4612,1431216,3180700
4401,216,204,126456,4624,1431420,3229400
4402,222,244,126234,4602,1431664,3175400
4403,233,221,126001,4614,1431885,3201600
4404,217,230,125784,4601,1432115,3259300
4405,217,237,125567,4581,1432352,3007400
4406,196,205,125371,4572,1432557,3096000
4407,204,239,125167,4537,1432796,2925700
4408,199,211,124968,4525,1433007,3314900
4409,226,212,124742,4539,1433219,2979500
4410,225,231,124517,4533,1433450,3049400
4411,221,216,124296,4538,1433666,3000000
4412,213,214,124083,4537,1433880,2956500
4413,202,218,123881,4521,1434098,2960200
4414,194,208,123687,4507,1434306,3079300
4415,188,228,123499,4467,1434534,2916300
4416,190,206,123309,4451,1434740,2935100
4417,191,205,123118,4437,1434945,3100900
4418,206,247,122912,4396,1435192,3315300
4419,200,208,122712,4388,1435400,3139400
4420,198,236,122514,4350,1435636,3062700
4421,213,216,122301,4347,1435852,2987600
4422,226,212,122075,4361,1436064,3150200
4423,196,207,121879,4350,1436271,3093200
4424,186,232,121693,4304,1436503,3084200
4425,207,232,121486,4279,1436735,2953400
4426,209,226,121277,4262,1436961,3143000
4427,194,237,121083,4219,1437198,3172300
4428,207,205,120876,4221,1437403,3081100
4429,187,206,120689,4202,1437609,3055500
4430,182,209,120507,4175,1437818,2929300
4431,179,172,120328,4182,1437990,3107200
4432,192,213,120136,4161,1438203,3102100
4433,201,206,119935,4156,1438409,3049400
4434,186,210,119749,4132,1438619,3075800
4435,187,206,119562,4113,1438825,3232300
4436,171,214,119391,4070,1439039,2803100
4437,198,179,119193,4089,1439218,2857600
4438,190,206,119003,4073,1439424,3012400
4439,169,216,118834,4026,1439640,2986100
4440,195,194,118639,4027,1439834,2907500
4441,190,214,118449,4003,1440048,2910400
4442,176,201,118273,3978,1440249,2875400
4443,189,193,118084,3974,1440442,2878400
4444,188,193,117896,3969,1440635,2970400
4445,184,222,117712,3931,1440857,3255100
4446,178,230,117534,3879,1441087,2885100
4447,188,195,117346,3872,1441282,2848300
4448,165,184,117181,3853,1441466,2855200
4449,195,199,116986,3849,1441665,2890000
4450,171,194,116815,3826,1441859,2772600
4451,187,172,116628,3841,1442031,2862400
4452,183,194,116445,3830,1442225,3101900
4453,167,185,116278,3812,1442410,2880300
4454,197,199,116081,3810,1442609,2956300
4455,201,189,115880,3822,1442798,2908500
4456,157,208,115723,3771,1443006,2895100
4457,196,192,115527,3775,1443198,2867500
4458,171,189,115356,3757,1443387,2882900
4459,181,200,115175,3738,1443587,2830100
4460,167,199,115008,3706,1443786,2923500
4461,175,174,114833,3707,1443960,2985400
4462,168,192,114665,3683,1444152,2861100
4463,179,177,114486,3685,1444329,2961500
4464,153,208,114333,3630,1444537,2914900
4465,180,181,114153,3629,1444718,2961000
4466,181,183,113972,3627,1444901,2921500
4467,194,195,113778,3626,1445096,2892100
4468,188,165,113590,3649,1445261,3069600
4469,185,215,113405,3619,1445476,3133300
4470,181,174,113224,3626,1445650,2885900
4471,156,191,113068,3591,1445841,2896100
4472,166,200,112902,3557,1446041,2900400
4473,173,190,112729,3540,1446231,2877000
4474,145,201,112584,3484,1446432,2872400
4475,184,174,112400,3494,1446606,2812900
4476,173,167,112227,3500,1446773,2879500
4477,182,174,112045,3508,1446947,2883600
4478,170,159,111875,3519,1447106,2948300
4479,172,188,111703,3503,1447294,2887600
4480,171,170,111532,3504,1447464,2856900
4481,188,182,111344,3510,1447646,2929900
4482,168,165,111176,3513,1447811,2930900
4483,183,180,110993,3516,1447991,2907300
4484,158,149,110835,3525,1448140,3013900
4485,159,178,110676,3506,1448318,2995300
4486,167,180,110509,3493,1448498,2872600
4487,146,182,110363,3457,1448680,2865400
4488,170,178,110193,3449,1448858,2848100
4489,172,185,110021,3436,1449043,2902800
4490,175,150,109846,3461,1449193,2947700
4491,165,181,109681,3445,1449374,2898000
4492,190,162,109491,3473,1449536,2876700
4493,144,169,109347,3448,1449705,2898800
4494,152,179,109195,3421,1449884,2861900
4495,177,171,109018,3427,1450055,2820600
4496,172,150,108846,3449,1450205,2831000
4497,180,164,108666,3465,1450369,2884200
4498,162,166,108504,3461,1450535,3001600
4499,162,192,108342,3431,1450727,3032900
4500,172,170,108170,3433,1450897,2898600
4501,148,152,108022,3429,1451049,3150700
4502,170,176,107852,3423,1451225,3125500
4503,152,173,107700,3402,1451398,3182800
4504,169,171,107531,3400,1451569,3039100
4505,176,185,107355,3391,1451754,3047400
4506,176,170,107179,3397,1451924,2968900
4507,183,179,106996,3401,1452103,3165800
4508,153,173,106843,3381,1452276,3084000
4509,165,158,106678,3388,1452434,2931400
4510,157,174,106521,3371,1452608,3105700
4511,169,173,106352,3367,1452781,3116500
4512,164,155,106188,3376,1452936,2909400
4513,179,150,106009,3405,1453086,3186600
4514,182,178,105827,3409,1453264,3116800
4515,161,183,105666,3387,1453447,2926500
4516,155,173,105511,3369,1453620,2969200
4517,156,171,105355,3354,1453791,2905400
4518,146,176,105209,3324,1453967,2950700
4519,146,147,105063,3323,1454114,2947400
4520,149,156,104914,3316,1454270,2963200
4521,163,160,104751,3319,1454430,3111500
4522,158,159,104593,3318,1454589,3124300
4523,156,160,104437,3314,1454749,3154600
4524,170,156,104267,3328,1454905,2969900
4525,165,162,104102,3331,1455067,3106500
4526,160,169,103942,3322,1455236,3032200
4527,166,172,103776,3316,1455408,2842400
4528,150,142,103626,3324,1455550,3070400
4529,145,160,103481,3309,1455710,3096300
4530,174,179,103307,3304,1455889,2887500
4531,174,158,103133,3320,1456047,3186400
4532,147,171,102986,3296,1456218,3372200
4533,154,146,102832,3304,1456364,3285400
4534,147,163,102685,3288,1456527,3354100
4535,161,174,102524,3275,1456701,3571700
4536,148,164,102376,3259,1456865,3390800
4537,159,162,102217,3256,1457027,3303900
4538,143,161,102074,3238,1457188,3234800
4539,145,166,101929,3217,1457354,3240300
4540,169,151,101760,3235,1457505,3600400
4541,148,149,101612,3234,1457654,3203900
4542,146,178,101466,3202,1457832,3069900
4543,149,190,101317,3161,1458022,3190700
4544,153,165,101164,3149,1458187,3121200
4545,126,146,101038,3129,1458333,3219700
4546,150,141,100888,3138,1458474,3021200
4547,135,150,100753,3123,1458624,3417100
4548,154,164,100599,3113,1458788,4057200
4549,158,168,100441,3103,1458956,4075900
4550,164,140,100277,3127,1459096,3868300
4551,146,136,100131,3137,1459232,3294600
4552,165,166,99966,3136,1459398,3410600
4553,153,155,99813,3134,1459553,3416500
4554,156,167,99657,3123,1459720,3576700
4555,150,142,99507,3131,1459862,4087200
4556,141,172,99366,3100,1460034,3692900
4557,152,155,99214,3097,1460189,4183400
4558,170,172,99044,3095,1460361,3538700
4559,157,126,98887,3126,1460487,3427900
4560,146,155,98741,3117,1460642,4030100
4561,162,141,98579,3138,1460783,3913800
4562,163,152,98416,3149,1460935,3550900
4563,173,165,98243,3157,1461100,3654400
4564,164,133,98079,3188,1461233,3605300
4565,174,142,97905,3220,1461375,3723000
4566,160,174,97745,3206,1461549,3609400
4567,161,166,97584,3201,1461715,3744600
4568,164,160,97420,3205,1461875,3771000
4569,160,175,97260,3190,1462050,3688400
4570,171,165,97089,3196,1462215,3656400
4571,152,162,96937,3186,1462377,3717700
4572,156,155,96781,3187,1462532,3432900
4573,147,175,96634,3159,1462707,3447400
4574,166,156,96468,3169,1462863,3532400
4575,167,157,96301,3179,1463020,3426900
4576,162,156,96139,3185,1463176,3579400
4577,169,158,95970,3196,1463334,3348500
4578,169,155,95801,3210,1463489,3530300
4579,157,153,95644,3214,1463642,3484100
4580,156,179,95488,3191,1463821,3525100
4581,179,140,95309,3230,1463961,3371400
4582,168,139,95141,3259,1464100,3740900
4583,164,177,94977,3246,1464277,3506400
4584,175,168,94802,3253,1464445,3255200
4585,148,167,94654,3234,1464612,3351400
4586,140,139,94514,3235,1464751,3316400
4587,137,152,94377,3220,1464903,3295900
4588,161,160,94216,3221,1465063,3177200
4589,151,179,94065,3193,1465242,3325600
4590,159,150,93906,3202,1465392,3280800
4591,163,165,93743,3200,1465557,3277000
4592,151,158,93592,3193,1465715,3439100
4593,133,166,93459,3160,1465881,3642800
4594,155,173,93304,3142,1466054,3724900
4595,136,157,93168,3121,1466211,3388200
4596,127,148,93041,3100,1466359,3408200
4597,135,170,92906,3065,1466529,3775700
4598,144,149,92762,3060,1466678,3649700
4599,143,160,92619,3043,1466838,3520300
4600,154,162,92465,3035,1467000,3609800
4601,139,155,92326,3019,1467155,3371100
4602,138,135,92188,3022,1467290,3490900
4603,142,155,92046,3009,1467445,3397100
4604,146,144,91900,3011,1467589,3244600
4605,156,160,91744,3007,1467749,3309000
4606,158,151,91586,3014,1467900,3514600
4607,152,159,91434,3007,1468059,3395400
4608,137,160,91297,2984,1468219,3434300
4609,133,152,91164,2965,1468371,3305600
4610,131,160,91033,2936,1468531,3681200
4611,141,162,90892,2915,1468693,3323500
4612,155,173,90737,2897,1468866,3361900
4613,167,112,90570,2952,1468978,3375300
4614,141,161,90429,2932,1469139,3541100
4615,138,146,90291,2924,1469285,3504300
4616,120,144,90171,2900,1469429,3516300
4617,140,144,90031,2896,1469573,3569200
4618,129,142,89902,2883,1469715,3377800
4619,139,117,89763,2905,1469832,3380900
4620,146,150,89617,2901,1469982,3244900
4621,149,151,89468,2899,1470133,3350500
4622,143,121,89325,2921,1470254,3495100
4623,146,146,89179,2921,1470400,3305900
4624,132,154,89047,2899,1470554,3381500
4625,148,135,88899,2912,1470689,3296700
4626,151,128,88748,2935,1470817,3462900
4627,138,163,88610,2910,1470980,3384300
4628,142,152,88468,2900,1471132,3368600
4629,139,154,88329,2885,1471286,3472500
4630,153,149,88176,2889,1471435,3258400
4631,150,141,88026,2898,1471576,3322300
4632,161,165,87865,2894,1471741,3478500
4633,153,154,87712,2893,1471895,3239100
4634,137,138,87575,2892,1472033,3376800
4635,152,178,87423,2866,1472211,3730800
4636,142,132,87281,2876,1472343,3288200
4637,144,131,87137,2889,1472474,3293200
4638,171,149,86966,2911,1472623,3264400
4639,117,136,86849,2892,1472759,3295700
4640,143,137,86706,2898,1472896,3312900
4641,156,135,86550,2919,1473031,3814800
4642,148,160,86402,2907,1473191,3301200
4643,133,141,86269,2899,1473332,3366500
4644,144,160,86125,2883,1473492,3550600
4645,150,152,85975,2881,1473644,3605900
4646,173,139,85802,2915,1473783,3236100
4647,141,150,85661,2906,1473933,3419400
4648,157,156,85504,2907,1474089,3440600
4649,145,163,85359,2889,1474252,3817400
4650,137,143,85222,2883,1474395,3508600
4651,147,138,85075,2892,1474533,3447100
4652,147,127,84928,2912,1474660,3388400
4653,140,165,84788,2887,1474825,3337400
4654,148,141,84640,2894,1474966,3454300
4655,132,147,84508,2879,1475113,5065100
4656,141,139,84367,2881,1475252,4629500
4657,136,137,84231,2880,1475389,4421500
4658,146,140,84085,2886,1475529,3490500
4659,133,138,83952,2881,1475667,4139900
4660,144,130,83808,2895,1475797,3964100
4661,154,151,83654,2898,1475948,3511100
4662,133,138,83521,2893,1476086,3409000
4663,154,150,83367,2897,1476236,3348400
4664,125,153,83242,2869,1476389,3392900
4665,122,146,83120,2845,1476535,3418500
4666,121,142,82999,2824,1476677,3306300
4667,125,150,82874,2799,1476827,3552300
4668,130,148,82744,2781,1476975,3569500
4669,117,116,82627,2782,1477091,3281500
4670,129,141,82498,2770,1477232,3240600
4671,149,124,82349,2795,1477356,3347300
4672,141,131,82208,2805,1477487,3386400
4673,129,171,82079,2763,1477658,3439400
4674,143,152,81936,2754,1477810,3789600
4675,122,127,81814,2749,1477937,3718100
4676,117,157,81697,2709,1478094,3353500
4677,145,136,81552,2718,1478230,3650200
4678,144,132,81408,2730,1478362,3316200
4679,130,141,81278,2719,1478503,3280200
4680,133,149,81145,2703,1478652,3402400
4681,128,158,81017,2673,1478810,3436400
4682,129,135,80888,2667,1478945,3475300
4683,126,148,80762,2645,1479093,3388000
4684,122,129,80640,2638,1479222,3532700
4685,122,136,80518,2624,1479358,3463400
4686,133,126,80385,2631,1479484,3804700
4687,102,144,80283,2589,1479628,3693600
4688,128,119,80155,2598,1479747,3374500
4689,130,130,80025,2598,1479877,3576000
4690,126,125,79899,2599,1480002,3558600
4691,130,116,79769,2613,1480118,3506000
4692,122,123,79647,2612,1480241,3462600
4693,128,126,79519,2614,1480367,3306000
4694,109,145,79410,2578,1480512,3506100
4695,128,117,79282,2589,1480629,3780600
4696,119,135,79163,2573,1480764,3632000
4697,126,149,79037,2550,1480913,3447300
4698,120,141,78917,2529,1481054,3552700
4699,98,115,78819,2512,1481169,3391500
4700,121,120,78698,2513,1481289,3281300
4701,103,149,78595,2467,1481438,3293400
4702,119,117,78476,2469,1481555,3234500
4703,129,133,78347,2465,1481688,3266000
4704,112,117,78235,2460,1481805,3428500
4705,123,130,78112,2453,1481935,3231700
4706,117,123,77995,2447,1482058,3209600
4707,111,131,77884,2427,1482189,3476500
4708,114,120,77770,2421,1482309,3264700
4709,111,133,77659,2399,1482442,3235200
4710,109,127,77550,2381,1482569,3135300
4711,127,110,77423,2398,1482679,3314000
4712,109,134,77314,2373,1482813,3076800
4713,125,117,77189,2381,1482930,3006100
4714,121,107,77068,2395,1483037,3029000
4715,133,106,76935,2422,1483143,2860300
4716,126,119,76809,2429,1483262,3159100
4717,133,121,76676,2441,1483383,3444700
4718,124,134,76552,2431,1483517,3187400
4719,115,132,76437,2414,1483649,2961300
4720,126,132,76311,2408,1483781,2888900
4721,155,128,76156,2435,1483909,2954600
4722,126,130,76030,2431,1484039,2888200
4723,128,121,75902,2438,1484160,2839600
4724,137,100,75765,2475,1484260,2943100
4725,130,140,75635,2465,1484400,2953800
4726,146,123,75489,2488,1484523,4032000
4727,135,125,75354,2498,1484648,4298300
4728,111,135,75243,2474,1484783,3705600
4729,126,121,75117,2479,1484904,3666200
4730,131,133,74986,2477,1485037,3401500
4731,122,121,74864,2478,1485158,3263400
4732,111,121,74753,2468,1485279,3851700
4733,125,114,74628,2479,1485393,3643800
4734,163,132,74465,2510,1485525,3825700
4735,128,133,74337,2505,1485658,3336700
4736,120,139,74217,2486,1485797,4086700
4737,131,126,74086,2491,1485923,4349100
4738,131,117,73955,2505,1486040,6821800
4739,135,126,73820,2514,1486166,4051000
4740,142,146,73678,2510,1486312,3911700
4741,116,117,73562,2509,1486429,4248100
4742,129,116,73433,2522,1486545,3612300
4743,119,123,73314,2518,1486668,3506600
4744,136,139,73178,2515,1486807,3339600
4745,134,114,73044,2535,1486921,3219800
4746,127,125,72917,2537,1487046,3257200
4747,146,127,72771,2556,1487173,3315900
4748,129,151,72642,2534,1487324,3329200
4749,142,108,72500,2568,1487432,3069200
4750,117,136,72383,2549,1487568,3167000
4751,120,145,72263,2524,1487713,3132700
4752,141,130,72122,2535,1487843,3106500
4753,125,109,71997,2551,1487952,3541000
4754,148,129,71849,2570,1488081,3089600
4755,139,104,71710,2605,1488185,3324500
4756,134,115,71576,2624,1488300,3336400
4757,135,123,71441,2636,1488423,3290300
4758,112,137,71329,2611,1488560,3284000
4759,133,148,71196,2596,1488708,3284500
4760,136,129,71060,2603,1488837,3055300
4761,124,111,70936,2616,1488948,3082300
4762,138,154,70798,2600,1489102,3130700
4763,142,127,70656,2615,1489229,3276100
4764,134,143,70522,2606,1489372,3080400
4765,133,143,70389,2596,1489515,3051500
4766,116,119,70273,2593,1489634,2937800
4767,128,145,70145,2576,1489779,2972100
4768,117,147,70028,2546,1489926,3016000
4769,107,129,69921,2524,1490055,3410700
4770,119,126,69802,2517,1490181,3137600
4771,116,115,69686,2518,1490296,3402700
4772,105,126,69581,2497,1490422,3527700
4773,99,124,69482,2472,1490546,3284200
4774,125,136,69357,2461,1490682,3119900
4775,119,109,69238,2471,1490791,3358500
4776,118,141,69120,2448,1490932,3277800
4777,138,122,68982,2464,1491054,3480300
4778,119,111,68863,2472,1491165,3276000
4779,115,109,68748,2478,1491274,3193500
4780,120,130,68628,2468,1491404,3217400
4781,122,132,68506,2458,1491536,3227400
4782,111,120,68395,2449,1491656,3369500
4783,120,121,68275,2448,1491777,3253500
4784,139,111,68136,2476,1491888,3219000
4785,125,120,68011,2481,1492008,3185300
4786,153,100,67858,2534,1492108,3189800
4787,130,129,67728,2535,1492237,3468200
4788,122,117,67606,2540,1492354,3359600
4789,113,145,67493,2508,1492499,3431600
4790,119,101,67374,2526,1492600,3217700
4791,144,115,67230,2555,1492715,3401900
4792,139,102,67091,2592,1492817,3344500
4793,145,134,66946,2603,1492951,3258100
4794,139,135,66807,2607,1493086,3197500
4795,136,123,66671,2620,1493209,3159100
4796,140,117,66531,2643,1493326,3189300
4797,123,137,66408,2629,1493463,3193100
4798,110,135,66298,2604,1493598,3490600
4799,126,124,66172,2606,1493722,3093800
4800,110,123,66062,2593,1493845,3219400
4801,113,113,65949,2593,1493958,3193100
4802,129,120,65820,2602,1494078,3354900
4803,101,122,65719,2581,1494200,3137100
4804,109,138,65610,2552,1494338,3270400
4805,119,124,65491,2547,1494462,3256500
4806,112,111,65379,2548,1494573,3215300
4807,109,132,65270,2525,1494705,3255500
4808,120,118,65150,2527,1494823,3237200
4809,133,115,65017,2545,1494938,3227700
4810,124,129,64893,2540,1495067,3163200
4811,100,120,64793,2520,1495187,3135700
4812,130,119,64663,2531,1495306,3098900
4813,118,123,64545,2526,1495429,3301100
4814,130,128,64415,2528,1495557,3135000
4815,114,118,64301,2524,1495675,3149200
4816,128,142,64173,2510,1495817,2982800
4817,118,138,64055,2490,1495955,2922300
4818,119,124,63936,2485,1496079,3164100
4819,116,107,63820,2494,1496186,3389500
4820,141,125,63679,2510,1496311,3281200
4821,133,139,63546,2504,1496450,3040700
4822,125,120,63421,2509,1496570,2980700
4823,122,130,63299,2501,1496700,3112800
4824,133,117,63166,2517,1496817,2945800
4825,128,127,63038,2518,1496944,2986300
4826,130,118,62908,2530,1497062,2952500
4827,131,102,62777,2559,1497164,2871900
4828,127,121,62650,2565,1497285,3027200
4829,149,108,62501,2606,1497393,3143100
4830,122,138,62379,2590,1497531,2860500
4831,142,126,62237,2606,1497657,2995600
4832,124,125,62113,2605,1497782,2982100
4833,129,142,61984,2592,1497924,3130000
4834,116,161,61868,2547,1498085,2854600
4835,119,125,61749,2541,1498210,3100700
4836,121,132,61628,2530,1498342,3421200
4837,141,133,61487,2538,1498475,3076100
4838,128,120,61359,2546,1498595,2998200
4839,137,132,61222,2551,1498727,2959700
4840,125,126,61097,2550,1498853,2905500
4841,115,128,60982,2537,1498981,2881800
4842,134,139,60848,2532,1499120,2902000
4843,110,133,60738,2509,1499253,2876400
4844,140,125,60598,2524,1499378,2931700
4845,129,126,60469,2527,1499504,3031500
4846,118,134,60351,2511,1499638,2961700
4847,131,129,60220,2513,1499767,3046700
4848,114,137,60106,2490,1499904,3285100
4849,111,132,59995,2469,1500036,3003500
4850,116,145,59879,2440,1500181,3054900
4851,122,121,59757,2441,1500302,2978200
4852,110,97,59647,2454,1500399,2943000
4853,114,128,59533,2440,1500527,3051300
4854,125,112,59408,2453,1500639,3176100
4855,112,112,59296,2453,1500751,3401500
4856,119,118,59177,2454,1500869,3132100
4857,107,109,59070,2452,1500978,3111100
4858,103,126,58967,2429,1501104,3193800
4859,120,105,58847,2444,1501209,3173400
4860,111,125,58736,2430,1501334,3206800
4861,110,130,58626,2410,1501464,3344000
4862,117,130,58509,2397,1501594,3281700
4863,122,115,58387,2404,1501709,3223800
4864,125,122,58262,2407,1501831,3118300
4865,101,138,58161,2370,1501969,3105400
4866,113,100,58048,2383,1502069,3190500
4867,97,126,57951,2354,1502195,3048000
4868,115,94,57836,2375,1502289,3251300
4869,117,131,57719,2361,1502420,3648200
4870,99,116,57620,2344,1502536,3453300
4871,130,116,57490,2358,1502652,3687800
4872,114,118,57376,2354,1502770,3573500
4873,119,126,57257,2347,1502896,3583700
4874,137,96,57120,2388,1502992,3778400
4875,110,127,57010,2371,1503119,3620100
4876,119,98,56891,2392,1503217,3368100
4877,105,109,56786,2388,1503326,3641200
4878,122,104,56664,2406,1503430,3596100
4879,117,133,56547,2390,1503563,3969000
4880,112,137,56435,2365,1503700,3587300
4881,92,111,56343,2346,1503811,3452800
4882,105,111,56238,2340,1503922,3575000
4883,86,109,56152,2317,1504031,3661300
4884,93,137,56059,2273,1504168,3750200
4885,79,111,55980,2241,1504279,3292300
4886,91,99,55889,2233,1504378,3314000
4887,98,109,55791,2222,1504487,3238000
4888,110,121,55681,2211,1504608,3221900
4889,93,101,55588,2203,1504709,3167400
4890,100,111,55488,2192,1504820,3658400
4891,98,108,55390,2182,1504928,3502200
4892,116,108,55274,2190,1505036,3263800
4893,93,112,55181,2171,1505148,3156800
4894,89,118,55092,2142,1505266,3172800
4895,106,112,54986,2136,1505378,3077200
4896,107,105,54879,2138,1505483,3141600
4897,107,114,54772,2131,1505597,3074600
4898,102,101,54670,2132,1505698,3070600
4899,108,97,54562,2143,1505795,3105300
4900,106,111,54456,2138,1505906,3174400
4901,107,119,54349,2126,1506025,3676500
4902,105,111,54244,2120,1506136,3389600
4903,102,132,54142,2090,1506268,3463300
4904,89,106,54053,2073,1506374,3667000
4905,103,93,53950,2083,1506467,3705000
4906,104,121,53846,2066,1506588,3326200
4907,81,106,53765,2041,1506694,3493400
4908,96,91,53669,2046,1506785,3304500
4909,104,104,53565,2046,1506889,3266500
4910,118,118,53447,2046,1507007,3204900
4911,96,106,53351,2036,1507113,3199900
4912,104,105,53247,2035,1507218,3447200
4913,103,116,53144,2022,1507334,3282900
4914,111,113,53033,2020,1507447,3190800
4915,77,102,52956,1995,1507549,3163800
4916,110,101,52846,2004,1507650,3181500
4917,87,97,52759,1994,1507747,3173700
4918,95,111,52664,1978,1507858,3319300
4919,94,106,52570,1966,1507964,3241300
4920,109,102,52461,1973,1508066,3174700
4921,90,93,52371,1970,1508159,2993400
4922,105,93,52266,1982,1508252,3345100
4923,88,102,52178,1968,1508354,3898000
4924,95,99,52083,1964,1508453,3360100
4925,101,95,51982,1970,1508548,3297600
4926,101,101,51881,1970,1508649,3212800
4927,99,108,51782,1961,1508757,3314700
4928,103,128,51679,1936,1508885,3412600
4929,107,105,51572,1938,1508990,3175800
4930,101,85,51471,1954,1509075,3131600
4931,87,98,51384,1943,1509173,3142500
4932,87,98,51297,1932,1509271,3037000
4933,99,91,51198,1940,1509362,3110000
4934,93,107,51105,1926,1509469,3170500
4935,95,91,51010,1930,1509560,3064500
4936,95,101,50915,1924,1509661,2979500
4937,95,117,50820,1902,1509778,3017100
4938,93,86,50727,1909,1509864,3037300
4939,95,89,50632,1915,1509953,2884400
4940,87,106,50545,1896,1510059,2996700
4941,98,101,50447,1893,1510160,3221200
4942,80,101,50367,1872,1510261,3127000
4943,79,99,50288,1852,1510360,3040600
4944,108,100,50180,1860,1510460,2927700
4945,93,84,50087,1869,1510544,3098500
4946,92,98,49995,1863,1510642,3127200
4947,91,77,49904,1877,1510719,2976600
4948,82,97,49822,1862,1510816,2861600
4949,88,85,49734,1865,1510901,2928300
4950,105,104,49629,1866,1511005,2979600
4951,81,102,49548,1845,1511107,3260900
4952,87,87,49461,1845,1511194,2979700
4953,107,106,49354,1846,1511300,2852700
4954,88,88,49266,1846,1511388,3089800
4955,79,84,49187,1841,1511472,3073300
4956,98,101,49089,1838,1511573,3247600
4957,83,102,49006,1819,1511675,3052000
4958,84,80,48922,1823,1511755,2954200
4959,86,88,48836,1821,1511843,3098600
4960,92,98,48744,1815,1511941,3057100
4961,79,96,48665,1798,1512037,3036000
4962,77,98,48588,1777,1512135,2967000
4963,98,81,48490,1794,1512216,2906400
4964,86,94,48404,1786,1512310,2990000
4965,73,91,48331,1768,1512401,2890300
4966,78,84,48253,1762,1512485,2981100
4967,93,86,48160,1769,1512571,2941400
4968,72,68,48088,1773,1512639,3098400
4969,93,90,47995,1776,1512729,3173600
4970,94,88,47901,1782,1512817,3090800
4971,87,87,47814,1782,1512904,2910800
4972,89,77,47725,1794,1512981,2971800
4973,79,101,47646,1772,1513082,2908200
4974,89,93,47557,1768,1513175,2902600
4975,74,86,47483,1756,1513261,2985700
4976,93,103,47390,1746,1513364,2917900
4977,91,101,47299,1736,1513465,2893900
4978,79,93,47220,1722,1513558,2896900
4979,88,74,47132,1736,1513632,3120000
4980,83,103,47049,1716,1513735,3204400
4981,80,103,46969,1693,1513838,2915000
4982,90,71,46879,1712,1513909,2951800
4983,69,97,46810,1684,1514006,2932600
4984,81,63,46729,1702,1514069,2932800
4985,78,85,46651,1695,1514154,2870000
4986,83,75,46568,1703,1514229,2997000
4987,94,87,46474,1710,1514316,3237400
4988,72,74,46402,1708,1514390,2987600
4989,84,79,46318,1713,1514469,2995100
4990,71,89,46247,1695,1514558,3068800
4991,74,77,46173,1692,1514635,3147200
4992,76,95,46097,1673,1514730,3000500
4993,97,77,46000,1693,1514807,3012700
4994,98,93,45902,1698,1514900,2950200
4995,72,88,45830,1682,1514988,2866600
4996,73,73,45757,1682,1515061,3040300
4997,85,90,45672,1677,1515151,3028100
4998,83,74,45589,1686,1515225,2941400
4999,90,83,45499,1693,1515308,2897700
5000,89,80,45410,1702,1515388,2883800
5001,88,105,45322,1685,1515493,2904800
5002,104,73,45218,1716,1515566,3128000
5003,86,92,45132,1710,1515658,3022000
5004,87,96,45045,1701,1515754,3001100
5005,96,86,44949,1711,1515840,2863500
5006,100,86,44849,1725,1515926,2974800
5007,83,76,44766,1732,1516002,2972900
5008,78,79,44688,1731,1516081,2867300
5009,79,79,44609,1731,1516160,2883100
5010,78,96,44531,1713,1516256,2848700
5011,99,97,44432,1715,1516353,2938700
5012,84,83,44348,1716,1516436,3039500
5013,88,95,44260,1709,1516531,3147100
5014,97,93,44163,1713,1516624,3066800
5015,95,97,44068,1711,1516721,2982500
5016,87,96,43981,1702,1516817,2902200
5017,77,78,43904,1701,1516895,2977300
5018,70,86,43834,1685,1516981,2910500
5019,78,81,43756,1682,1517062,2993100
5020,84,82,43672,1684,1517144,3033100
5021,77,89,43595,1672,1517233,2913100
5022,79,87,43516,1664,1517320,2876800
5023,70,94,43446,1640,1517414,2959600
5024,86,92,43360,1634,1517506,2983800
5025,68,81,43292,1621,1517587,3514800
5026,75,73,43217,1623,1517660,3782900
5027,57,78,43160,1602,1517738,3533900
5028,76,72,43084,1606,1517810,3443700
5029,72,66,43012,1612,1517876,3310500
5030,78,69,42934,1621,1517945,3297700
5031,89,78,42845,1632,1518023,3464400
5032,83,65,42762,1650,1518088,3474100
5033,68,72,42694,1646,1518160,3297100
5034,57,99,42637,1604,1518259,3738800
5035,58,78,42579,1584,1518337,3552800
5036,76,84,42503,1576,1518421,3538500
5037,61,70,42442,1567,1518491,3817900
5038,61,64,42381,1564,1518555,4136600
5039,50,69,42331,1545,1518624,3807900
5040,64,65,42267,1544,1518689,3418400
5041,76,84,42191,1536,1518773,3365200
5042,56,87,42135,1505,1518860,3329600
5043,71,69,42064,1507,1518929,3193600
5044,60,80,42004,1487,1519009,3418400
5045,67,67,41937,1487,1519076,3094200
5046,66,65,41871,1488,1519141,3096900
5047,71,68,41800,1491,1519209,3155600
5048,59,70,41741,1480,1519279,3102500
5049,76,70,41665,1486,1519349,3192500
5050,76,75,41589,1487,1519424,3199200
5051,84,88,41505,1483,1519512,3320800
5052,68,67,41437,1484,1519579,3347200
5053,65,62,41372,1487,1519641,3205000
5054,84,74,41288,1497,1519715,3105300
5055,78,62,41210,1513,1519777,3140000
5056,77,83,41133,1507,1519860,3044100
5057,71,93,41062,1485,1519953,3022300
5058,70,74,40992,1481,1520027,3031800
5059,77,77,40915,1481,1520104,3181600
5060,70,74,40845,1477,1520178,3402800
5061,66,90,40779,1453,1520268,3185200
5062,65,74,40714,1444,1520342,3344400
5063,77,72,40637,1449,1520414,3087000
5064,73,79,40564,1443,1520493,3101200
5065,67,69,40497,1441,1520562,3346200
5066,63,84,40434,1420,1520646,3252600
5067,63,67,40371,1416,1520713,3235600
5068,63,72,40308,1407,1520785,3256800
5069,73,70,40235,1410,1520855,3456400
5070,67,72,40168,1405,1520927,3580500
5071,60,89,40108,1376,1521016,3202500
5072,59,65,40049,1370,1521081,3279100
5073,71,67,39978,1374,1521148,3161700
5074,61,75,39917,1360,1521223,3285100
5075,57,62,39860,1355,1521285,3211500
5076,54,62,39806,1347,1521347,3142500
5077,55,76,39751,1326,1521423,3269000
5078,74,64,39677,1336,1521487,3300500
5079,71,63,39606,1344,1521550,3446000
5080,76,77,39530,1343,1521627,3204700
5081,60,55,39470,1348,1521682,3222400
5082,67,87,39403,1328,1521769,3096600
5083,60,74,39343,1314,1521843,3185200
5084,68,76,39275,1306,1521919,3144900
5085,56,69,39219,1293,1521988,3202300
5086,61,52,39158,1302,1522040,3337800
5087,62,63,39096,1301,1522103,3276400
5088,70,62,39026,1309,1522165,3168000
5089,65,47,38961,1327,1522212,3350100
5090,60,60,38901,1327,1522272,3097300
5091,61,80,38840,1308,1522352,3124800
5092,58,63,38782,1303,1522415,3129900
5093,69,55,38713,1317,1522470,3244500
5094,66,64,38647,1319,1522534,3174500
5095,72,57,38575,1334,1522591,3216200
5096,72,69,38503,1337,1522660,3219300
5097,63,64,38440,1336,1522724,3295600
5098,76,67,38364,1345,1522791,3192200
5099,57,76,38307,1326,1522867,3115900
5100,58,66,38249,1318,1522933,3168000
5101,58,57,38191,1319,1522990,3083600
5102,59,71,38132,1307,1523061,3118400
5103,53,59,38079,1301,1523120,3121700
5104,51,78,38028,1274,1523198,3108800
5105,53,56,37975,1271,1523254,3066800
5106,56,60,37919,1267,1523314,2901100
5107,62,63,37857,1266,1523377,2931500
5108,41,56,37816,1251,1523433,3082600
5109,52,59,37764,1244,1523492,2897200
5110,57,74,37707,1227,1523566,2811900
5111,50,59,37657,1218,1523625,2880800
5112,50,74,37607,1194,1523699,2898000
5113,51,60,37556,1185,1523759,3076700
5114,59,66,37497,1178,1523825,2941900
5115,56,53,37441,1181,1523878,3020900
5116,50,58,37391,1173,1523936,2892000
5117,58,54,37333,1177,1523990,3006400
5118,52,61,37281,1168,1524051,2993800
5119,42,60,37239,1150,1524111,3036100
5120,56,50,37183,1156,1524161,2924300
5121,48,71,37135,1133,1524232,2960400
5122,55,64,37080,1124,1524296,2941700
5123,45,53,37035,1116,1524349,2914000
5124,45,57,36990,1104,1524406,3050300
5125,45,45,36945,1104,1524451,2914000
5126,52,54,36893,1102,1524505,3098400
5127,51,50,36842,1103,1524555,2926400
5128,60,59,36782,1104,1524614,2913600
5129,37,52,36745,1089,1524666,2868400
5130,43,55,36702,1077,1524721,2958200
5131,53,48,36649,1082,1524769,2942900
5132,41,64,36608,1059,1524833,2908000
5133,47,59,36561,1047,1524892,3011400
5134,50,49,36511,1048,1524941,2921900
5135,47,46,36464,1049,1524987,2959900
5136,43,50,36421,1042,1525037,3164400
5137,46,54,36375,1034,1525091,3030900
5138,41,54,36334,1021,1525145,3245600
5139,46,49,36288,1018,1525194,3214500
5140,46,43,36242,1021,1525237,3311200
5141,42,37,36200,1026,1525274,3528200
5142,47,65,36153,1008,1525339,3548600
5143,38,48,36115,998,1525387,3316100
5144,51,49,36064,1000,1525436,3379200
5145,51,62,36013,989,1525498,3225400
5146,58,39,35955,1008,1525537,3302800
5147,49,37,35906,1020,1525574,3133500
5148,55,50,35851,1025,1525624,3289700
5149,69,50,35782,1044,1525674,3275100
5150,48,63,35734,1029,1525737,3242300
5151,55,59,35679,1025,1525796,3294800
5152,47,60,35632,1012,1525856,3348800
5153,49,46,35583,1015,1525902,3294600
5154,50,40,35533,1025,1525942,3218600
5155,61,55,35472,1031,1525997,3195200
5156,50,51,35422,1030,1526048,3187800
5157,56,57,35366,1029,1526105,3319200
5158,44,54,35322,1019,1526159,3229000
5159,46,44,35276,1021,1526203,3073100
5160,45,59,35231,1007,1526262,3227900
5161,41,34,35190,1014,1526296,3162500
5162,62,51,35128,1025,1526347,3259900
5163,31,54,35097,1002,1526401,3003900
5164,47,47,35050,1002,1526448,2930500
5165,47,54,35003,995,1526502,3085900
5166,46,48,34957,993,1526550,3050000
5167,55,54,34902,994,1526604,2924400
5168,45,59,34857,980,1526663,2986200
5169,44,51,34813,973,1526714,2866000
5170,45,58,34768,960,1526772,3049500
5171,38,56,34730,942,1526828,2986400
5172,40,56,34690,926,1526884,2935700
5173,45,35,34645,936,1526919,3094000
5174,57,51,34588,942,1526970,2930200
5175,45,46,34543,941,1527016,3013200
5176,55,51,34488,945,1527067,5322600
5177,46,37,34442,954,1527104,2919000
5178,51,38,34391,967,1527142,2981400
5179,54,45,34337,976,1527187,2872400
5180,44,49,34293,971,1527236,3036000
5181,42,40,34251,973,1527276,2931000
5182,32,45,34219,960,1527321,2923200
5183,60,43,34159,977,1527364,3090200
5184,50,53,34109,974,1527417,2996300
5185,47,47,34062,974,1527464,3658200
5186,46,42,34016,978,1527506,3006300
5187,53,51,33963,980,1527557,3131400
5188,44,49,33919,975,1527606,3128000
5189,48,53,33871,970,1527659,3090000
5190,58,46,33813,982,1527705,3091100
5191,43,57,33770,968,1527762,3020600
5192,45,59,33725,954,1527821,3235500
5193,39,57,33686,936,1527878,2995000
5194,47,54,33639,929,1527932,3167500
5195,48,50,33591,927,1527982,3097200
5196,38,59,33553,906,1528041,2933500
5197,46,50,33507,902,1528091,2899200
5198,46,51,33461,897,1528142,2917500
5199,55,36,33406,916,1528178,2892400
5200,51,44,33355,923,1528222,2913800
5201,52,50,33303,925,1528272,2996900
5202,61,46,33242,940,1528318,2922700
5203,39,44,33203,935,1528362,3032600
5204,38,41,33165,932,1528403,2916800
5205,39,40,33126,931,1528443,3012400
5206,41,38,33085,934,1528481,2959100
5207,42,35,33043,941,1528516,2896300
5208,45,55,32998,931,1528571,3030100
5209,49,47,32949,933,1528618,2977500
5210,50,38,32899,945,1528656,2953400
5211,52,42,32847,955,1528698,2853300
5212,33,42,32814,946,1528740,2872100
5213,41,47,32773,940,1528787,3033000
5214,40,36,32733,944,1528823,2878200
5215,38,49,32695,933,1528872,3211300
5216,46,39,32649,940,1528911,3304100
5217,37,50,32612,927,1528961,3478100
5218,36,48,32576,915,1529009,3175300
5219,47,30,32529,932,1529039,3065400
5220,42,51,32487,923,1529090,3182000
5221,56,43,32431,936,1529133,3099500
5222,47,42,32384,941,1529175,3022400
5223,48,49,32336,940,1529224,3100900
5224,48,43,32288,945,1529267,3298100
5225,46,40,32242,951,1529307,3199400
5226,46,43,32196,954,1529350,3652100
5227,45,52,32151,947,1529402,3614400
5228,38,41,32113,944,1529443,3892300
5229,31,52,32082,923,1529495,3945300
5230,42,48,32040,917,1529543,3889100
5231,34,46,32006,905,1529589,4106400
5232,34,44,31972,895,1529633,3519800
5233,38,46,31934,887,1529679,3785800
5234,40,43,31894,884,1529722,3415700
5235,33,44,31861,873,1529766,3367500
5236,52,34,31809,891,1529800,3343800
5237,34,37,31775,888,1529837,3423800
5238,31,42,31744,877,1529879,3303900
5239,41,38,31703,880,1529917,3149900
5240,30,41,31673,869,1529958,3070900
5241,31,44,31642,856,1530002,3073900
5242,43,45,31599,854,1530047,3116800
5243,37,43,31562,848,1530090,3137300
5244,41,45,31521,844,1530135,3126500
5245,44,38,31477,850,1530173,3152600
5246,47,44,31430,853,1530217,2958000
5247,37,52,31393,838,1530269,3016700
5248,37,39,31356,836,1530308,3192500
5249,35,42,31321,829,1530350,3178600
5250,43,39,31278,833,1530389,3193100
5251,45,34,31233,844,1530423,3128000
5252,43,49,31190,838,1530472,3033400
5253,47,38,31143,847,1530510,2926100
5254,47,40,31096,854,1530550,2896100
5255,42,36,31054,860,1530586,3288300
5256,39,43,31015,856,1530629,3202300
5257,37,35,30978,858,1530664,3159100
5258,44,48,30934,854,1530712,2939400
5259,46,45,30888,855,1530757,3000400
5260,47,38,30841,864,1530795,3151400
5261,35,39,30806,860,1530834,3093800
5262,35,39,30771,856,1530873,3030700
5263,37,38,30734,855,1530911,3094400
5264,46,39,30688,862,1530950,3101800
5265,42,50,30646,854,1531000,3232100
5266,38,41,30608,851,1531041,3232300
5267,34,46,30574,839,1531087,3298200
5268,37,47,30537,829,1531134,3111500
5269,44,37,30493,836,1531171,3374400
5270,30,44,30463,822,1531215,3097500
5271,36,42,30427,816,1531257,3172000
5272,36,42,30391,810,1531299,3127900
5273,38,35,30353,813,1531334,3301300
5274,32,44,30321,801,1531378,3223200
5275,44,48,30277,797,1531426,3175000
5276,43,40,30234,800,1531466,3219200
5277,40,57,30194,783,1531523,3209800
5278,40,36,30154,787,1531559,3178000
5279,31,37,30123,781,1531596,3162400
5280,39,41,30084,779,1531637,3164400
5281,36,30,30048,785,1531667,3059800
5282,36,42,30012,779,1531709,3351300
5283,37,38,29975,778,1531747,3376400
5284,31,41,29944,768,1531788,3177500
5285,30,44,29914,754,1531832,3094600
5286,34,41,29880,747,1531873,3166900
5287,37,36,29843,748,1531909,3283600
5288,25,32,29818,741,1531941,3182200
5289,23,44,29795,720,1531985,3151500
5290,31,32,29764,719,1532017,3425600
5291,47,54,29717,712,1532071,3310800
5292,31,44,29686,699,1532115,3139400
5293,32,34,29654,697,1532149,3165300
5294,28,40,29626,685,1532189,3219800
5295,24,36,29602,673,1532225,3290800
5296,38,36,29564,675,1532261,3265800
5297,35,33,29529,677,1532294,3229300
5298,42,38,29487,681,1532332,3247300
5299,30,31,29457,680,1532363,3303100
5300,31,39,29426,672,1532402,3516300
5301,27,32,29399,667,1532434,3406600
5302,24,34,29375,657,1532468,3242800
5303,33,34,29342,656,1532502,3180700
5304,31,39,29311,648,1532541,3202200
5305,35,35,29276,648,1532576,3231800
5306,35,29,29241,654,1532605,3237300
5307,31,30,29210,655,1532635,3261300
5308,33,31,29177,657,1532666,3332400
5309,15,28,29162,644,1532694,3211900
5310,29,34,29133,639,1532728,3071200
5311,35,33,29098,641,1532761,3044700
5312,27,31,29071,637,1532792,3254400
5313,29,32,29042,634,1532824,3247000
5314,30,31,29012,633,1532855,3146800
5315,33,37,28979,629,1532892,3341000
5316,26,28,28953,627,1532920,3031700
5317,35,30,28918,632,1532950,3224100
5318,34,27,28884,639,1532977,3039000
5319,33,22,28851,650,1532999,3143800
5320,25,36,28826,639,1533035,2954800
5321,29,28,28797,640,1533063,3108800
5322,24,35,28773,629,1533098,3037900
5323,43,30,28730,642,1533128,3003600
5324,30,43,28700,629,1533171,3046300
5325,33,31,28667,631,1533202,2990300
5326,40,36,28627,635,1533238,3438900
5327,30,36,28597,629,1533274,3266900
5328,30,38,28567,621,1533312,3077800
5329,31,31,28536,621,1533343,3038700
5330,31,26,28505,626,1533369,3352200
5331,25,25,28480,626,1533394,3276300
5332,26,28,28454,624,1533422,3222100
5333,34,31,28420,627,1533453,3070900
5334,33,32,28387,628,1533485,3027200
5335,27,41,28360,614,1533526,3221400
5336,27,36,28333,605,1533562,3393400
5337,28,24,28305,609,1533586,3158400
5338,14,37,28291,586,1533623,3005400
5339,34,27,28257,593,1533650,3193000
5340,21,31,28236,583,1533681,3370400
5341,30,34,28206,579,1533715,3543000
5342,29,31,28177,577,1533746,3305800
5343,35,31,28142,581,1533777,3200500
5344,34,32,28108,583,1533809,3181600
5345,20,24,28088,579,1533833,3120700
5346,31,40,28057,570,1533873,3172500
5347,20,29,28037,561,1533902,3498200
5348,24,29,28013,556,1533931,3105800
5349,23,32,27990,547,1533963,3219200
5350,26,25,27964,548,1533988,3070900
5351,25,23,27939,550,1534011,3109900
5352,19,28,27920,541,1534039,3049400
5353,21,13,27899,549,1534052,3111300
5354,20,23,27879,546,1534075,3213600
5355,27,26,27852,547,1534101,3196800
5356,23,25,27829,545,1534126,3136200
5357,20,26,27809,539,1534152,3182600
5358,26,28,27783,537,1534180,3255900
5359,25,32,27758,530,1534212,3210600
5360,20,24,27738,526,1534236,3187200
5361,18,26,27720,518,1534262,3078100
5362,18,21,27702,515,1534283,3032400
5363,16,29,27686,502,1534312,3129200
5364,25,28,27661,499,1534340,3158300
5365,15,20,27646,494,1534360,4190100
5366,22,20,27624,496,1534380,4155400
5367,25,16,27599,505,1534396,3820500
5368,28,17,27571,516,1534413,3904700
5369,29,25,27542,520,1534438,3558100
5370,25,23,27517,522,1534461,3293600
5371,25,25,27492,522,1534486,3506600
5372,24,23,27468,523,1534509,3743400
5373,15,25,27453,513,1534534,3851000
5374,18,25,27435,506,1534559,3897100
5375,26,26,27409,506,1534585,3945700
5376,28,27,27381,507,1534612,3630800
5377,33,30,27348,510,1534642,4050800
5378,19,31,27329,498,1534673,3597100
5379,27,16,27302,509,1534689,3651600
5380,21,30,27281,500,1534719,3981400
5381,24,25,27257,499,1534744,3860200
5382,17,31,27240,485,1534775,3489300
5383,20,24,27220,481,1534799,3445900
5384,26,28,27194,479,1534827,3464800
5385,20,28,27174,471,1534855,3667800
5386,18,26,27156,463,1534881,3200900
5387,23,23,27133,463,1534904,3267600
5388,17,24,27116,456,1534928,3320800
5389,23,26,27093,453,1534954,3412300
5390,23,28,27070,448,1534982,3292100
5391,21,12,27049,457,1534994,3161600
5392,20,29,27029,448,1535023,2961100
5393,14,20,27015,442,1535043,2998400
5394,20,22,26995,440,1535065,3087300
5395,20,19,26975,441,1535084,3098800
5396,19,19,26956,441,1535103,3227400
5397,25,28,26931,438,1535131,2965200
5398,18,11,26913,445,1535142,3176900
5399,21,26,26892,440,1535168,3087600
5400,13,21,26879,432,1535189,3066400
5401,13,24,26866,421,1535213,3206700
5402,14,14,26852,421,1535227,3129500
5403,15,14,26837,422,1535241,3263900
5404,17,21,26820,418,1535262,3688900
5405,20,18,26800,420,1535280,3383900
5406,14,25,26786,409,1535305,3277300
5407,23,11,26763,421,1535316,2982200
5408,27,24,26736,424,1535340,3025700
5409,23,25,26713,422,1535365,3089600
5410,23,19,26690,426,1535384,3089400
5411,28,22,26662,432,1535406,2980900
5412,18,19,26644,431,1535425,2991900
5413,26,23,26618,434,1535448,3167800
5414,22,23,26596,433,1535471,3173800
5415,20,26,26576,427,1535497,3256900
5416,22,25,26554,424,1535522,3165000
5417,17,27,26537,414,1535549,3012100
5418,19,12,26518,421,1535561,3270100
5419,14,23,26504,412,1535584,3088300
5420,23,16,26481,419,1535600,3014900
5421,15,17,26466,417,1535617,3072400
5422,10,31,26456,396,1535648,3100600
5423,14,21,26442,389,1535669,3013100
5424,13,14,26429,388,1535683,2938100
5425,21,20,26408,389,1535703,2911500
5426,13,14,26395,388,1535717,2814200
5427,10,16,26385,382,1535733,3139000
5428,12,23,26373,371,1535756,2913200
5429,9,20,26364,360,1535776,2897000
5430,13,16,26351,357,1535792,2977200
5431,17,14,26334,360,1535806,2918000
5432,14,16,26320,358,1535822,3172700
5433,19,13,26301,364,1535835,2961100
5434,16,18,26285,362,1535853,2944000
5435,18,15,26267,365,1535868,3038200
5436,16,14,26251,367,1535882,2949800
5437,13,22,26238,358,1535904,3067500
5438,15,21,26223,352,1535925,2968900
5439,15,18,26208,349,1535943,2903500
5440,12,11,26196,350,1535954,2959300
5441,16,25,26180,341,1535979,2980200
5442,15,22,26165,334,1536001,2985100
5443,14,18,26151,330,1536019,2857000
5444,13,13,26138,330,1536032,2843100
5445,11,16,26127,325,1536048,3120200
5446,11,13,26116,323,1536061,3123900
5447,15,14,26101,324,1536075,3175700
5448,12,11,26089,325,1536086,3203700
5449,13,13,26076,325,1536099,3136100
5450,18,16,26058,327,1536115,3098900
5451,13,15,26045,325,1536130,2967700
5452,18,28,26027,315,1536158,3185700
5453,14,19,26013,310,1536177,3281400
5454,11,8,26002,313,1536185,3207900
5455,12,14,25990,311,1536199,3247300
5456,13,17,25977,307,1536216,3197300
5457,14,15,25963,306,1536231,3103300
5458,20,17,25943,309,1536248,3084100
5459,10,14,25933,305,1536262,3117600
5460,18,16,25915,307,1536278,3044000
5461,11,16,25904,302,1536294,3201500
5462,21,21,25883,302,1536315,3222300
5463,10,16,25873,296,1536331,3096900
5464,17,11,25856,302,1536342,3230500
5465,16,20,25840,298,1536362,2995800
5466,9,20,25831,287,1536382,3116800
5467,14,11,25817,290,1536393,3156600
5468,8,17,25809,281,1536410,3082000
5469,14,15,25795,280,1536425,3219600
5470,19,8,25776,291,1536433,3162400
5471,13,19,25763,285,1536452,3197800
5472,21,13,25742,293,1536465,3100600
5473,19,20,25723,292,1536485,3081400
5474,10,8,25713,294,1536493,3061500
5475,15,13,25698,296,1536506,3070500
5476,20,15,25678,301,1536521,3120100
5477,22,18,25656,305,1536539,3134600
5478,18,11,25638,312,1536550,2984000
5479,20,18,25618,314,1536568,3078700
5480,15,11,25603,318,1536579,3014300
5481,19,19,25584,318,1536598,2923000
5482,18,14,25566,322,1536612,2887500
5483,19,18,25547,323,1536630,2983400
5484,8,23,25539,308,1536653,2957300
5485,11,11,25528,308,1536664,2925700
5486,15,15,25513,308,1536679,3031700
5487,17,19,25496,306,1536698,2955700
5488,16,19,25480,303,1536717,3372900
5489,17,14,25463,306,1536731,3010000
5490,15,19,25448,302,1536750,3136900
5491,11,12,25437,301,1536762,3060100
5492,22,15,25415,308,1536777,3015200
5493,13,18,25402,303,1536795,2983600
5494,18,17,25384,304,1536812,2945200
5495,17,22,25367,299,1536834,2996100
5496,16,21,25351,294,1536855,2998400
5497,16,11,25335,299,1536866,2908200
5498,17,10,25318,306,1536876,2936800
5499,18,17,25300,307,1536893,2996900
5500,13,8,25287,312,1536901,3145500
5501,18,11,25269,319,1536912,3109200
5502,16,20,25253,315,1536932,2965300
5503,15,12,25238,318,1536944,3046400
5504,12,16,25226,314,1536960,2859700
5505,19,9,25207,324,1536969,3028100
5506,11,16,25196,319,1536985,3016600
5507,13,16,25183,316,1537001,2896700
5508,9,16,25174,309,1537017,2952700
5509,10,14,25164,305,1537031,2929700
5510,11,14,25153,302,1537045,3039000
5511,16,10,25137,308,1537055,3111900
5512,13,13,25124,308,1537068,2916200
5513,11,12,25113,307,1537080,2980900
5514,15,14,25098,308,1537094,2979500
5515,7,14,25091,301,1537108,3077600
5516,11,13,25080,299,1537121,2950200
5517,9,14,25071,294,1537135,2926100
5518,8,12,25063,290,1537147,3144000
5519,10,13,25053,287,1537160,3005100
5520,10,19,25043,278,1537179,3009500
5521,12,19,25031,271,1537198,3174800
5522,14,13,25017,272,1537211,3131600
5523,9,17,25008,264,1537228,3198000
5524,9,21,24999,252,1537249,3014100
5525,10,17,24989,245,1537266,3016600
5526,9,17,24980,237,1537283,2949600
5527,9,14,24971,232,1537297,2981100
5528,8,10,24963,230,1537307,3023000
5529,10,11,24953,229,1537318,2900100
5530,8,11,24945,226,1537329,3095000
5531,6,11,24939,221,1537340,3138100
5532,8,11,24931,218,1537351,3265600
5533,9,10,24922,217,1537361,3315300
5534,7,14,24915,210,1537375,3292200
5535,8,7,24907,211,1537382,3536300
5536,4,6,24903,209,1537388,3471600
5537,10,7,24893,212,1537395,3322200
5538,9,5,24884,216,1537400,3082700
5539,8,6,24876,218,1537406,3153200
5540,12,7,24864,223,1537413,3145300
5541,7,9,24857,221,1537422,3118000
5542,8,5,24849,224,1537427,2934800
5543,8,10,24841,222,1537437,2908400
5544,12,19,24829,215,1537456,3091200
5545,8,12,24821,211,1537468,2928400
5546,5,7,24816,209,1537475,2880100
5547,11,10,24805,210,1537485,2893900
5548,4,10,24801,204,1537495,2873500
5549,8,6,24793,206,1537501,2986900
5550,7,8,24786,205,1537509,2901900
5551,8,11,24778,202,1537520,2801000
5552,13,16,24765,199,1537536,2946500
5553,14,11,24751,202,1537547,2893800
5554,6,14,24745,194,1537561,2860200
5555,16,6,24729,204,1537567,2855400
5556,8,13,24721,199,1537580,2869500
5557,7,8,24714,198,1537588,2912000
5558,11,14,24703,195,1537602,2907000
5559,13,10,24690,198,1537612,2997800
5560,11,6,24679,203,1537618,2971000
5561,9,10,24670,202,1537628,3220400
5562,17,5,24653,214,1537633,3196800
5563,13,14,24640,213,1537647,3140200
5564,11,13,24629,211,1537660,3033500
5565,12,4,24617,219,1537664,3230800
5566,12,10,24605,221,1537674,2941900
5567,9,8,24596,222,1537682,2924400
5568,10,16,24586,216,1537698,2965200
5569,11,12,24575,215,1537710,2938100
5570,8,17,24567,206,1537727,2837200
5571,6,12,24561,200,1537739,2866900
5572,14,16,24547,198,1537755,2930500
5573,13,8,24534,203,1537763,3011300
5574,15,13,24519,205,1537776,2904300
5575,7,11,24512,201,1537787,2855700
5576,8,9,24504,200,1537796,2804700
5577,7,13,24497,194,1537809,2893700
5578,7,9,24490,192,1537818,2875200
5579,8,10,24482,190,1537828,2772400
5580,10,12,24472,188,1537840,2928100
5581,10,10,24462,188,1537850,3040900
5582,9,8,24453,189,1537858,3050600
5583,13,7,24440,195,1537865,2900600
5584,6,7,24434,194,1537872,3172000
5585,9,8,24425,195,1537880,2937900
5586,9,14,24416,190,1537894,3133600
5587,9,8,24407,191,1537902,3051000
5588,7,10,24400,188,1537912,2930500
5589,10,6,24390,192,1537918,2942500
5590,10,7,24380,195,1537925,2827600
5591,8,11,24372,192,1537936,2976400
5592,5,12,24367,185,1537948,3009000
5593,5,9,24362,181,1537957,2881000
5594,4,10,24358,175,1537967,2938200
5595,4,9,24354,170,1537976,2904800
5596,6,8,24348,168,1537984,2874800
5597,1,7,24347,162,1537991,2895600
5598,7,7,24340,162,1537998,2877300
5599,6,8,24334,160,1538006,2891500
5600,6,10,24328,156,1538016,2957200
5601,6,5,24322,157,1538021,3258500
5602,15,7,24307,165,1538028,2982700
5603,11,11,24296,165,1538039,2883100
5604,7,6,24289,166,1538045,2872100
5605,9,5,24280,170,1538050,3035900
5606,8,11,24272,167,1538061,3054300
5607,5,7,24267,165,1538068,2947900
5608,10,10,24257,165,1538078,2885400
5609,7,9,24250,163,1538087,3041100
5610,4,10,24246,157,1538097,2942000
5611,5,13,24241,149,1538110,2966800
5612,5,6,24236,148,1538116,2965400
5613,6,5,24230,149,1538121,3091800
5614,4,4,24226,149,1538125,3290700
5615,7,5,24219,151,1538130,3463200
5616,8,3,24211,156,1538133,3309800
5617,7,8,24204,155,1538141,3069300
5618,6,10,24198,151,1538151,3209900
5619,6,2,24192,155,1538153,2973700
5620,2,3,24190,154,1538156,3061300
5621,6,6,24184,154,1538162,2966300
5622,4,5,24180,153,1538167,2996200
5623,8,12,24172,149,1538179,2888100
5624,5,9,24167,145,1538188,2934100
5625,6,10,24161,141,1538198,2893200
5626,4,6,24157,139,1538204,3165300
5627,6,9,24151,136,1538213,2952900
5628,6,7,24145,135,1538220,2949200
5629,7,7,24138,135,1538227,2922900
5630,2,7,24136,130,1538234,2937200
5631,6,8,24130,128,1538242,3050800
5632,4,8,24126,124,1538250,3010800
5633,2,6,24124,120,1538256,3081400
5634,6,8,24118,118,1538264,2906900
5635,5,4,24113,119,1538268,3092500
5636,5,3,24108,121,1538271,3151500
5637,4,7,24104,118,1538278,3181400
5638,4,1,24100,121,1538279,3091100
5639,5,5,24095,121,1538284,3165800
5640,2,7,24093,116,1538291,3089600
5641,2,6,24091,112,1538297,3077200
5642,6,2,24085,116,1538299,2952900
5643,2,2,24083,116,1538301,3030300
5644,6,3,24077,119,1538304,2982000
5645,6,5,24071,120,1538309,2900600
5646,7,7,24064,120,1538316,3038600
5647,3,8,24061,115,1538324,3057900
5648,6,3,24055,118,1538327,2945400
5649,5,4,24050,119,1538331,3093500
5650,7,10,24043,116,1538341,3387600
5651,6,6,24037,116,1538347,3709700
5652,4,3,24033,117,1538350,4036400
5653,3,5,24030,115,1538355,3772300
5654,5,6,24025,114,1538361,4022600
5655,5,6,24020,113,1538367,12880700
5656,4,10,24016,107,1538377,3684700
5657,3,6,24013,104,1538383,3267700
5658,1,7,24012,98,1538390,3542700
5659,5,6,24007,97,1538396,3325100
5660,2,1,24005,98,1538397,3317200
5661,5,6,24000,97,1538403,3243100
5662,1,6,23999,92,1538409,3144400
5663,3,2,23996,93,1538411,3176800
5664,3,2,23993,94,1538413,3067500
5665,1,5,23992,90,1538418,3365100
5666,3,4,23989,89,1538422,3351300
5667,1,5,23988,85,1538427,3591700
5668,3,3,23985,85,1538430,3566300
5669,4,4,23981,85,1538434,3298200
5670,1,5,23980,81,1538439,3348900
5671,2,3,23978,80,1538442,3215800
5672,3,1,23975,82,1538443,3016300
5673,5,6,23970,81,1538449,3067400
5674,5,3,23965,83,1538452,3311000
5675,2,8,23963,77,1538460,3155100
5676,3,8,23960,72,1538468,2918800
5677,2,4,23958,70,1538472,3093000
5678,3,3,23955,70,1538475,3116400
5679,2,2,23953,70,1538477,3082100
5680,3,1,23950,72,1538478,3006500
5681,2,4,23948,70,1538482,3350700
5682,2,3,23946,69,1538485,3282800
5683,2,8,23944,63,1538493,3276200
5684,1,1,23943,63,1538494,3084000
5685,3,2,23940,64,1538496,3138600
5686,1,2,23939,63,1538498,3328200
5687,5,6,23934,62,1538504,3159000
5688,5,4,23929,63,1538508,3426900
5689,4,2,23925,65,1538510,3443300
5690,2,3,23923,64,1538513,3559500
5691,0,2,23923,62,1538515,3192800
5692,0,6,23923,56,1538521,3755700
5693,2,3,23921,55,1538524,3450600
5694,2,0,23919,57,1538524,3618200
5695,1,1,23918,57,1538525,3302100
5696,0,3,23918,54,1538528,2989800
5697,1,3,23917,52,1538531,2985500
5698,4,1,23913,55,1538532,3236500
5699,1,3,23912,53,1538535,3084400
5700,1,2,23911,52,1538537,2963500
5701,2,0,23909,54,1538537,3077600
5702,1,5,23908,50,1538542,3363600
5703,1,8,23907,43,1538550,3127600
5704,1,3,23906,41,1538553,3083900
5705,0,4,23906,37,1538557,3062600
5706,4,2,23902,39,1538559,3005200
5707,3,2,23899,40,1538561,2937800
5708,1,1,23898,40,1538562,2859200
5709,1,3,23897,38,1538565,2986800
5710,2,0,23895,40,1538565,2991600
5711,1,3,23894,38,1538568,3100500
5712,2,4,23892,36,1538572,3301900
5713,2,0,23890,38,1538572,3182000
5714,1,2,23889,37,1538574,3101100
5715,0,1,23889,36,1538575,2931800
5716,2,0,23887,38,1538575,3060300
5717,2,5,23885,35,1538580,2966000
5718,1,4,23884,32,1538584,3449900
5719,0,0,23884,32,1538584,3331000
5720,0,0,23884,32,1538584,3213500
5721,0,1,23884,31,1538585,3017400
5722,1,3,23883,29,1538588,3104400
5723,0,0,23883,29,1538588,3050300
5724,0,1,23883,28,1538589,3098200
5725,0,3,23883,25,1538592,3091800
5726,0,0,23883,25,1538592,3017600
5727,0,1,23883,24,1538593,3198100
5728,1,1,23882,24,1538594,3157600
5729,0,0,23882,24,1538594,3047800
5730,1,0,23881,25,1538594,3002400
5731,1,3,23880,23,1538597,3049000
5732,0,0,23880,23,1538597,3128100
5733,1,3,23879,21,1538600,3033800
5734,0,3,23879,18,1538603,3133200
5735,0,2,23879,16,1538605,3192900
5736,0,1,23879,15,1538606,3207300
5737,1,1,23878,15,1538607,3116600
5738,0,2,23878,13,1538609,3101900
5739,0,1,23878,12,1538610,3085700
5740,0,1,23878,11,1538611,3027700
5741,0,1,23878,10,1538612,3159600
5742,0,0,23878,10,1538612,3068800
5743,0,1,23878,9,1538613,3165700
5744,1,1,23877,9,1538614,2943600
5745,0,0,23877,9,1538614,2889400
5746,0,1,23877,8,1538615,3027200
5747,0,0,23877,8,1538615,3250400
5748,0,0,23877,8,1538615,3007700
5749,0,0,23877,8,1538615,2955100
5750,0,0,23877,8,1538615,2866200
5751,0,0,23877,8,1538615,2894700
5752,0,0,23877,8,1538615,2983900
5753,0,0,23877,8,1538615,3047300
5754,0,0,23877,8,1538615,3045200
5755,0,1,23877,7,1538616,3227900
5756,0,1,23877,6,1538617,3119000
5757,0,0,23877,6,1538617,3038100
5758,0,0,23877,6,1538617,2956100
5759,0,0,23877,6,1538617,3048100
5760,0,0,23877,6,1538617,2989500
5761,0,0,23877,6,1538617,3069200
5762,0,0,23877,6,1538617,2918400
5763,0,0,23877,6,1538617,3045500
5764,0,0,23877,6,1538617,2955400
5765,0,1,23877,5,1538618,3004100
5766,0,0,23877,5,1538618,3257500
5767,0,0,23877,5,1538618,3011100
5768,0,0,23877,5,1538618,3144900
5769,0,0,23877,5,1538618,3063200
5770,0,0,23877,5,1538618,3174000
5771,0,0,23877,5,1538618,3144200
5772,0,0,23877,5,1538618,2943800
5773,0,0,23877,5,1538618,3080500
5774,0,0,23877,5,1538618,2891100
5775,0,0,23877,5,1538618,2971300
5776,0,0,23877,5,1538618,2944200
5777,0,0,23877,5,1538618,3067900
5778,0,0,23877,5,1538618,2895300
5779,0,0,23877,5,1538618,2891400
5780,0,0,23877,5,1538618,2917000
5781,0,0,23877,5,1538618,2914400
5782,0,0,23877,5,1538618,3000700
5783,0,1,23877,4,1538619,3032100
5784,0,0,23877,4,1538619,2932600
5785,0,0,23877,4,1538619,2910700
5786,0,0,23877,4,1538619,2979100
5787,0,0,23877,4,1538619,2928400
5788,0,0,23877,4,1538619,2814200
5789,0,0,23877,4,1538619,2949500
5790,0,0,23877,4,1538619,2921200
5791,0,1,23877,3,1538620,2941400
5792,0,0,23877,3,1538620,2998900
5793,0,0,23877,3,1538620,5983000
5794,0,1,23877,2,1538621,3330300
5795,0,0,23877,2,1538621,3272600
5796,0,0,23877,2,1538621,3336800
5797,0,1,23877,1,1538622,3151300
5798,0,0,23877,1,1538622,4360300
5799,0,0,23877,1,1538622,4764800
5800,0,0,23877,1,1538622,3204800
5801,0,0,23877,1,1538622,3018500
5802,0,0,23877,1,1538622,8431000
5803,0,0,23877,1,1538622,4006700
5804,0,0,23877,1,1538622,3915100
5805,0,0,23877,1,1538622,3986500
5806,0,0,23877,1,1538622,3747100
5807,0,0,23877,1,1538622,3942900
5808,0,0,23877,1,1538622,3699300
5809,0,0,23877,1,1538622,11782000
5810,0,0,23877,1,1538622,6165300
5811,0,0,23877,1,1538622,4975800
5812,0,0,23877,1,1538622,3454300
5813,0,0,23877,1,1538622,3883800
5814,0,0,23877,1,1538622,3934500
5815,0,0,23877,1,1538622,4323100
5816,0,0,23877,1,1538622,3704100
5817,0,0,23877,1,1538622,4078800
5818,0,0,23877,1,1538622,3667900
5819,0,0,23877,1,1538622,3499300
5820,0,0,23877,1,1538622,3360000
5821,0,0,23877,1,1538622,4168300
5822,0,0,23877,1,1538622,4371500
5823,0,0,23877,1,1538622,18627100
5824,0,0,23877,1,1538622,4238900
5825,0,0,23877,1,1538622,4448800
5826,0,0,23877,1,1538622,4107700
5827,0,0,23877,1,1538622,4200700
5828,0,0,23877,1,1538622,3806400
5829,0,0,23877,1,1538622,3935700
5830,0,0,23877,1,1538622,3554200
5831,0,0,23877,1,1538622,3425300
5832,0,0,23877,1,1538622,9830800
5833,0,0,23877,1,1538622,5646300
5834,0,0,23877,1,1538622,4172900
5835,0,0,23877,1,1538622,3428900
5836,0,1,23877,0,1538623,3723500
