Tick,NewlyInfected,NewlyRecovered,TotalSusceptible,TotalInfected,TotalRecovered,StepTimeNanos
0,3,0,249992,8,0,1245700
1,1,0,249991,9,0,549000
2,3,1,249988,11,1,487200
3,4,0,249984,15,1,449300
4,4,1,249980,18,2,465100
5,6,1,249974,23,3,449300
6,8,0,249966,31,3,448400
7,7,2,249959,36,5,635200
8,3,2,249956,37,7,498600
9,10,1,249946,46,8,481700
10,12,4,249934,54,12,477600
11,9,2,249925,61,14,530700
12,10,1,249915,70,15,471100
13,12,0,249903,82,15,448400
14,9,3,249894,88,18,445700
15,10,4,249884,94,22,450400
16,12,8,249872,98,30,451000
17,11,2,249861,107,32,445300
18,9,4,249852,112,36,5547900
19,10,2,249842,120,38,548400
20,13,4,249829,129,42,449900
21,12,3,249817,138,45,447400
22,10,4,249807,144,49,453700
23,17,9,249790,152,58,452200
24,16,8,249774,160,66,456600
25,18,8,249756,170,74,471600
26,12,10,249744,172,84,448900
27,16,8,249728,180,92,445700
28,12,7,249716,185,99,444200
29,20,14,249696,191,113,446900
30,18,15,249678,194,128,447500
31,13,7,249665,200,135,442300
32,14,10,249651,204,145,447400
33,16,5,249635,215,150,462400
34,21,10,249614,226,160,529800
35,19,4,249595,241,164,445500
36,27,10,249568,258,174,448700
37,23,8,249545,273,182,458700
38,27,9,249518,291,191,446200
39,30,17,249488,304,208,447700
40,21,20,249467,305,228,451900
41,22,20,249445,307,248,569900
42,25,18,249420,314,266,459000
43,26,15,249394,325,281,451000
44,20,15,249374,330,296,443700
45,26,17,249348,339,313,474400
46,27,19,249321,347,332,467800
47,24,22,249297,349,354,449800
48,26,18,249271,357,372,463300
49,26,12,249245,371,384,519700
50,29,17,249216,383,401,452100
51,27,17,249189,393,418,452700
52,35,14,249154,414,432,458000
53,26,16,249128,424,448,452700
54,33,19,249095,438,467,457000
55,36,28,249059,446,495,453300
56,34,24,249025,456,519,455800
57,36,22,248989,470,541,467700
58,28,32,248961,466,573,463800
59,33,25,248928,474,598,453800
60,30,23,248898,481,621,473200
61,35,26,248863,490,647,469100
62,28,23,248835,495,670,457700
63,37,22,248798,510,692,459400
64,26,27,248772,509,719,458000
65,37,22,248735,524,741,449600
66,30,29,248705,525,770,473900
67,46,27,248659,544,797,451800
68,32,28,248627,548,825,451000
69,40,28,248587,560,853,452800
70,54,21,248533,593,874,456500
71,43,36,248490,600,910,444800
72,43,29,248447,614,939,450900
73,45,24,248402,635,963,446200
74,42,27,248360,650,990,462000
75,52,37,248308,665,1027,479600
76,47,46,248261,666,1073,478500
77,37,29,248224,674,1102,454200
78,48,37,248176,685,1139,474900
79,48,31,248128,702,1170,458100
80,44,43,248084,703,1213,445300
81,58,27,248026,734,1240,448400
82,59,35,247967,758,1275,456900
83,66,45,247901,779,1320,466900
84,73,32,247828,820,1352,472500
85,69,39,247759,850,1391,463100
86,59,32,247700,877,1423,442700
87,60,38,247640,899,1461,458500
88,59,50,247581,908,1511,464400
89,62,49,247519,921,1560,456200
90,67,44,247452,944,1604,465700
91,61,45,247391,960,1649,452800
92,56,41,247335,975,1690,501600
93,61,41,247274,995,1731,453900
94,63,58,247211,1000,1789,474400
95,61,44,247150,1017,1833,460500
96,61,46,247089,1032,1879,470200
97,70,53,247019,1049,1932,472800
98,79,55,246940,1073,1987,463300
99,69,55,246871,1087,2042,508100
100,58,57,246813,1088,2099,516800
101,69,62,246744,1095,2161,455300
102,74,53,246670,1116,2214,489800
103,60,50,246610,1126,2264,446300
104,72,61,246538,1137,2325,454500
105,82,43,246456,1176,2368,470400
106,78,67,246378,1187,2435,448400
107,76,62,246302,1201,2497,440100
108,73,53,246229,1221,2550,452400
109,81,58,246148,1244,2608,460700
110,81,45,246067,1280,2653,468800
111,71,73,245996,1278,2726,524900
112,56,64,245940,1270,2790,463500
113,66,63,245874,1273,2853,483600
114,85,62,245789,1296,2915,477100
115,67,63,245722,1300,2978,481300
116,78,53,245644,1325,3031,470800
117,71,56,245573,1340,3087,464700
118,84,73,245489,1351,3160,484000
119,84,66,245405,1369,3226,478600
120,74,73,245331,1370,3299,473400
121,77,66,245254,1381,3365,469900
122,89,74,245165,1396,3439,470500
123,82,65,245083,1413,3504,463400
124,89,64,244994,1438,3568,459500
125,92,81,244902,1449,3649,460100
126,92,58,244810,1483,3707,459400
127,83,65,244727,1501,3772,521800
128,98,79,244629,1520,3851,459600
129,77,72,244552,1525,3923,455800
130,93,69,244459,1549,3992,474600
131,83,85,244376,1547,4077,502300
132,82,76,244294,1553,4153,480200
133,105,82,244189,1576,4235,480200
134,91,90,244098,1577,4325,618700
135,78,77,244020,1578,4402,489900
136,102,62,243918,1618,4464,454200
137,95,76,243823,1637,4540,469300
138,102,82,243721,1657,4622,449700
139,92,85,243629,1664,4707,469200
140,97,92,243532,1669,4799,462600
141,116,96,243416,1689,4895,454900
142,99,94,243317,1694,4989,452700
143,96,79,243221,1711,5068,461700
144,93,74,243128,1730,5142,456400
145,99,93,243029,1736,5235,518000
146,86,85,242943,1737,5320,459800
147,121,85,242822,1773,5405,452100
148,105,83,242717,1795,5488,459800
149,102,94,242615,1803,5582,456000
150,97,103,242518,1797,5685,454200
151,86,92,242432,1791,5777,456500
152,118,89,242314,1820,5866,479600
153,101,86,242213,1835,5952,495400
154,112,94,242101,1853,6046,475600
155,105,89,241996,1869,6135,460300
156,121,78,241875,1912,6213,460100
157,130,92,241745,1950,6305,462700
158,107,93,241638,1964,6398,466200
159,125,97,241513,1992,6495,466200
160,141,101,241372,2032,6596,635400
161,125,112,241247,2045,6708,480200
162,110,93,241137,2062,6801,495000
163,131,95,241006,2098,6896,453900
164,108,95,240898,2111,6991,457700
165,109,104,240789,2116,7095,471400
166,105,129,240684,2092,7224,458500
167,111,92,240573,2111,7316,471400
168,105,100,240468,2116,7416,463900
169,116,115,240352,2117,7531,484200
170,128,110,240224,2135,7641,505200
171,113,102,240111,2146,7743,468000
172,111,112,240000,2145,7855,464700
173,111,106,239889,2150,7961,482400
174,128,107,239761,2171,8068,488300
175,123,101,239638,2193,8169,467900
176,130,109,239508,2214,8278,467800
177,107,98,239401,2223,8376,463200
178,98,127,239303,2194,8503,481600
179,117,111,239186,2200,8614,479400
180,121,115,239065,2206,8729,469000
181,131,130,238934,2207,8859,476500
182,152,96,238782,2263,8955,469700
183,125,132,238657,2256,9087,476200
184,118,104,238539,2270,9191,476000
185,139,103,238400,2306,9294,466100
186,135,103,238265,2338,9397,483600
187,125,121,238140,2342,9518,487900
188,129,126,238011,2345,9644,476800
189,145,125,237866,2365,9769,492200
190,143,131,237723,2377,9900,466300
191,146,116,237577,2407,10016,455100
192,126,117,237451,2416,10133,484700
193,162,139,237289,2439,10272,477300
194,122,122,237167,2439,10394,466500
195,128,119,237039,2448,10513,722100
196,129,128,236910,2449,10641,501900
197,148,123,236762,2474,10764,465600
198,164,131,236598,2507,10895,493700
199,147,133,236451,2521,11028,463700
200,154,144,236297,2531,11172,483000
201,158,128,236139,2561,11300,481400
202,149,130,235990,2580,11430,460100
203,150,140,235840,2590,11570,473700
204,157,115,235683,2632,11685,474400
205,129,133,235554,2628,11818,474400
206,149,163,235405,2614,11981,473900
207,143,134,235262,2623,12115,467900
208,134,124,235128,2633,12239,469300
209,152,122,234976,2663,12361,470900
210,133,128,234843,2668,12489,470000
211,151,162,234692,2657,12651,484400
212,148,140,234544,2665,12791,630900
213,152,131,234392,2686,12922,492500
214,128,119,234264,2695,13041,457300
215,167,116,234097,2746,13157,465100
216,174,132,233923,2788,13289,479800
217,161,174,233762,2775,13463,478900
218,167,113,233595,2829,13576,481500
219,159,121,233436,2867,13697,474700
220,154,146,233282,2875,13843,494400
221,167,150,233115,2892,13993,478900
222,176,126,232939,2942,14119,526200
223,182,165,232757,2959,14284,489900
224,145,152,232612,2952,14436,476100
225,166,166,232446,2952,14602,480400
226,158,141,232288,2969,14743,483900
227,177,163,232111,2983,14906,481900
228,172,150,231939,3005,15056,482400
229,157,135,231782,3027,15191,475500
230,168,138,231614,3057,15329,478900
231,184,160,231430,3081,15489,492300
232,170,157,231260,3094,15646,480400
233,166,160,231094,3100,15806,465200
234,169,156,230925,3113,15962,509100
235,181,181,230744,3113,16143,500200
236,177,140,230567,3150,16283,474400
237,191,150,230376,3191,16433,474700
238,183,148,230193,3226,16581,481000
239,168,151,230025,3243,16732,494400
240,188,190,229837,3241,16922,488000
241,179,132,229658,3288,17054,468400
242,187,166,229471,3309,17220,481000
243,188,189,229283,3308,17409,466900
244,159,143,229124,3324,17552,485300
245,184,166,228940,3342,17718,505100
246,189,146,228751,3385,17864,472800
247,173,167,228578,3391,18031,468500
248,157,151,228421,3397,18182,488600
249,183,159,228238,3421,18341,483200
250,187,155,228051,3453,18496,469800
251,181,160,227870,3474,18656,470500
252,193,172,227677,3495,18828,485300
253,179,186,227498,3488,19014,489400
254,178,156,227320,3510,19170,462200
255,185,175,227135,3520,19345,477100
256,178,181,226957,3517,19526,471500
257,202,188,226755,3531,19714,498300
258,201,190,226554,3542,19904,487200
259,180,165,226374,3557,20069,522300
260,164,162,226210,3559,20231,485400
261,192,160,226018,3591,20391,469900
262,173,185,225845,3579,20576,485000
263,183,183,225662,3579,20759,473300
264,192,203,225470,3568,20962,464800
265,188,179,225282,3577,21141,496900
266,189,180,225093,3586,21321,500500
267,187,163,224906,3610,21484,489300
268,203,174,224703,3639,21658,471900
269,195,177,224508,3657,21835,504900
270,181,187,224327,3651,22022,465100
271,180,172,224147,3659,22194,488700
272,179,189,223968,3649,22383,485500
273,184,180,223784,3653,22563,487400
274,191,183,223593,3661,22746,498400
275,193,183,223400,3671,22929,486300
276,208,171,223192,3708,23100,481000
277,209,164,222983,3753,23264,476900
278,194,207,222789,3740,23471,471300
279,174,177,222615,3737,23648,487600
280,175,173,222440,3739,23821,500100
281,175,180,222265,3734,24001,485200
282,193,168,222072,3759,24169,645200
283,191,175,221881,3775,24344,512800
284,178,179,221703,3774,24523,499600
285,198,174,221505,3798,24697,500300
286,177,189,221328,3786,24886,538400
287,176,186,221152,3776,25072,499600
288,158,174,220994,3760,25246,487500
289,167,190,220827,3737,25436,490400
290,169,193,220658,3713,25629,649400
291,167,190,220491,3690,25819,508900
292,183,200,220308,3673,26019,505900
293,184,168,220124,3689,26187,485700
294,164,171,219960,3682,26358,474100
295,160,161,219800,3681,26519,475800
296,166,196,219634,3651,26715,468900
297,186,205,219448,3632,26920,479800
298,186,193,219262,3625,27113,495200
299,167,189,219095,3603,27302,483400
300,168,168,218927,3603,27470,477500
301,178,203,218749,3578,27673,553300
302,198,163,218551,3613,27836,488000
303,196,166,218355,3643,28002,485000
304,186,157,218169,3672,28159,476400
305,164,203,218005,3633,28362,472100
306,171,155,217834,3649,28517,496700
307,175,180,217659,3644,28697,476400
308,183,171,217476,3656,28868,508300
309,196,171,217280,3681,29039,630900
310,179,177,217101,3683,29216,504800
311,181,182,216920,3682,29398,494400
312,170,185,216750,3667,29583,498900
313,180,181,216570,3666,29764,469700
314,173,185,216397,3654,29949,482500
315,180,179,216217,3655,30128,477100
316,179,187,216038,3647,30315,471900
317,187,190,215851,3644,30505,491500
318,180,154,215671,3670,30659,501100
319,187,174,215484,3683,30833,472400
320,177,209,215307,3651,31042,490900
321,172,166,215135,3657,31208,478300
322,168,182,214967,3643,31390,480500
323,172,171,214795,3644,31561,479000
324,186,181,214609,3649,31742,477700
325,180,178,214429,3651,31920,477500
326,173,150,214256,3674,32070,500200
327,195,175,214061,3694,32245,473100
328,168,205,213893,3657,32450,481600
329,168,164,213725,3661,32614,471500
330,181,180,213544,3662,32794,465700
331,195,199,213349,3658,32993,518800
332,161,176,213188,3643,33169,566300
333,162,170,213026,3635,33339,481200
334,160,171,212866,3624,33510,481400
335,170,172,212696,3622,33682,477100
336,163,200,212533,3585,33882,483200
337,192,206,212341,3571,34088,474500
338,160,187,212181,3544,34275,470900
339,175,174,212006,3545,34449,478900
340,160,171,211846,3534,34620,471300
341,194,179,211652,3549,34799,480100
342,193,192,211459,3550,34991,494600
343,163,154,211296,3559,35145,490700
344,169,164,211127,3564,35309,495400
345,184,173,210943,3575,35482,466700
346,159,165,210784,3569,35647,486300
347,144,191,210640,3522,35838,493000
348,177,190,210463,3509,36028,488300
349,193,169,210270,3533,36197,488000
350,193,169,210077,3557,36366,489900
351,174,191,209903,3540,36557,468100
352,139,179,209764,3500,36736,472100
353,181,187,209583,3494,36923,499000
354,170,163,209413,3501,37086,483000
355,146,167,209267,3480,37253,534200
356,176,180,209091,3476,37433,533400
357,163,168,208928,3471,37601,494000
358,177,169,208751,3479,37770,505900
359,171,174,208580,3476,37944,479500
360,168,179,208412,3465,38123,488800
361,183,170,208229,3478,38293,503900
362,176,181,208053,3473,38474,501900
363,182,179,207871,3476,38653,490800
364,196,157,207675,3515,38810,508900
365,170,170,207505,3515,38980,474500
366,167,183,207338,3499,39163,494500
367,188,182,207150,3505,39345,475700
368,146,199,207004,3452,39544,466400
369,148,182,206856,3418,39726,489600
370,178,175,206678,3421,39901,513600
371,160,175,206518,3406,40076,468300
372,165,165,206353,3406,40241,472500
373,144,165,206209,3385,40406,464000
374,147,168,206062,3364,40574,477500
375,170,170,205892,3364,40744,482800
376,161,132,205731,3393,40876,489700
377,151,153,205580,3391,41029,475400
378,131,177,205449,3345,41206,479200
379,164,174,205285,3335,41380,572900
380,179,160,205106,3354,41540,481600
381,182,146,204924,3390,41686,494800
382,159,156,204765,3393,41842,490900
383,180,163,204585,3410,42005,470700
384,158,189,204427,3379,42194,470000
385,152,180,204275,3351,42374,471100
386,170,156,204105,3365,42530,472600
387,152,149,203953,3368,42679,545300
388,172,174,203781,3366,42853,483000
389,160,172,203621,3354,43025,474200
390,142,163,203479,3333,43188,487500
391,150,163,203329,3320,43351,483100
392,160,160,203169,3320,43511,490700
393,171,183,202998,3308,43694,469400
394,159,185,202839,3282,43879,474200
395,165,151,202674,3296,44030,497700
396,193,173,202481,3316,44203,504800
397,161,163,202320,3314,44366,547500
398,116,162,202204,3268,44528,479900
399,161,141,202043,3288,44669,469200
400,156,168,201887,3276,44837,481200
401,160,158,201727,3278,44995,477300
402,150,165,201577,3263,45160,471100
403,151,172,201426,3242,45332,473700
404,162,173,201264,3231,45505,486100
405,141,146,201123,3226,45651,516600
406,157,153,200966,3230,45804,486100
407,163,171,200803,3222,45975,470200
408,181,173,200622,3230,46148,464000
409,159,150,200463,3239,46298,477000
410,166,176,200297,3229,46474,464600
411,168,177,200129,3220,46651,486000
412,161,164,199968,3217,46815,475300
413,168,165,199800,3220,46980,471200
414,141,156,199659,3205,47136,487500
415,170,136,199489,3239,47272,486200
416,162,176,199327,3225,47448,489700
417,156,147,199171,3234,47595,480200
418,170,155,199001,3249,47750,469500
419,168,182,198833,3235,47932,491900
420,149,163,198684,3221,48095,486700
421,135,155,198549,3201,48250,486300
422,170,158,198379,3213,48408,478500
423,152,134,198227,3231,48542,502700
424,178,149,198049,3260,48691,485600
425,194,151,197855,3303,48842,479000
426,156,157,197699,3302,48999,487900
427,154,173,197545,3283,49172,476900
428,169,164,197376,3288,49336,472100
429,182,180,197194,3290,49516,467800
430,180,152,197014,3318,49668,501000
431,147,162,196867,3303,49830,514700
432,165,162,196702,3306,49992,626300
433,144,150,196558,3300,50142,495600
434,179,137,196379,3342,50279,471800
435,153,161,196226,3334,50440,470200
436,166,159,196060,3341,50599,498500
437,186,168,195874,3359,50767,480200
438,148,152,195726,3355,50919,477900
439,173,156,195553,3372,51075,476200
440,188,163,195365,3397,51238,471200
441,185,210,195180,3372,51448,516800
442,186,168,194994,3390,51616,511400
443,160,195,194834,3355,51811,472900
444,181,160,194653,3376,51971,485800
445,147,173,194506,3350,52144,478000
446,152,174,194354,3328,52318,472800
447,157,172,194197,3313,52490,482100
448,165,162,194032,3316,52652,493500
449,170,164,193862,3322,52816,492000
450,172,161,193690,3333,52977,471700
451,180,160,193510,3353,53137,502200
452,175,164,193335,3364,53301,475600
453,163,181,193172,3346,53482,475800
454,173,157,192999,3362,53639,475900
455,194,161,192805,3395,53800,508000
456,197,184,192608,3408,53984,505000
457,168,151,192440,3425,54135,495600
458,177,157,192263,3445,54292,478900
459,171,187,192092,3429,54479,475000
460,153,168,191939,3414,54647,499200
461,163,206,191776,3371,54853,500900
462,166,166,191610,3371,55019,491400
463,179,174,191431,3376,55193,484500
464,159,179,191272,3356,55372,484400
465,158,168,191114,3346,55540,487500
466,157,177,190957,3326,55717,484300
467,158,186,190799,3298,55903,480900
468,168,165,190631,3301,56068,470900
469,177,166,190454,3312,56234,492500
470,149,165,190305,3296,56399,473300
471,165,158,190140,3303,56557,482300
472,158,144,189982,3317,56701,486700
473,170,168,189812,3319,56869,478100
474,176,185,189636,3310,57054,484400
475,169,150,189467,3329,57204,468600
476,155,150,189312,3334,57354,482600
477,164,158,189148,3340,57512,483300
478,155,161,188993,3334,57673,502500
479,167,157,188826,3344,57830,528000
480,142,180,188684,3306,58010,480300
481,163,177,188521,3292,58187,493200
482,165,168,188356,3289,58355,485500
483,184,184,188172,3289,58539,482000
484,168,155,188004,3302,58694,485200
485,161,173,187843,3290,58867,482400
486,171,189,187672,3272,59056,473300
487,145,164,187527,3253,59220,536300
488,144,156,187383,3241,59376,479100
489,156,182,187227,3215,59558,478000
490,161,172,187066,3204,59730,473100
491,175,154,186891,3225,59884,476700
492,152,171,186739,3206,60055,485000
493,153,194,186586,3165,60249,481600
494,139,159,186447,3145,60408,482800
495,143,162,186304,3126,60570,471500
496,176,157,186128,3145,60727,487800
497,140,180,185988,3105,60907,484800
498,129,172,185859,3062,61079,478500
499,135,141,185724,3056,61220,486000
500,167,156,185557,3067,61376,468500
501,144,160,185413,3051,61536,471500
502,163,152,185250,3062,61688,469000
503,176,157,185074,3081,61845,490900
504,166,161,184908,3086,62006,503600
505,168,153,184740,3101,62159,471400
506,159,162,184581,3098,62321,615400
507,162,141,184419,3119,62462,502200
508,181,153,184238,3147,62615,478300
509,183,178,184055,3152,62793,473500
510,192,160,183863,3184,62953,467700
511,176,148,183687,3212,63101,486800
512,180,162,183507,3230,63263,469700
513,158,157,183349,3231,63420,472000
514,155,153,183194,3233,63573,505400
515,175,183,183019,3225,63756,477600
516,163,157,182856,3231,63913,491700
517,187,195,182669,3223,64108,479900
518,185,154,182484,3254,64262,474900
519,163,150,182321,3267,64412,480600
520,190,160,182131,3297,64572,478300
521,183,170,181948,3310,64742,472900
522,189,169,181759,3330,64911,493200
523,179,148,181580,3361,65059,481500
524,190,170,181390,3381,65229,475100
525,202,162,181188,3421,65391,534700
526,202,167,180986,3456,65558,556800
527,180,174,180806,3462,65732,474600
528,185,171,180621,3476,65903,494400
529,179,181,180442,3474,66084,476200
530,176,186,180266,3464,66270,477900
531,180,146,180086,3498,66416,501900
532,137,201,179949,3434,66617,550400
533,150,166,179799,3418,66783,492700
534,168,172,179631,3414,66955,505600
535,165,174,179466,3405,67129,503300
536,154,186,179312,3373,67315,484700
537,158,174,179154,3357,67489,470800
538,173,180,178981,3350,67669,470300
539,195,187,178786,3358,67856,479000
540,178,185,178608,3351,68041,479400
541,173,206,178435,3318,68247,484600
542,161,161,178274,3318,68408,474600
543,166,163,178108,3321,68571,493700
544,186,177,177922,3330,68748,489100
545,178,187,177744,3321,68935,488100
546,192,177,177552,3336,69112,476800
547,202,150,177350,3388,69262,476600
548,172,167,177178,3393,69429,497300
549,177,179,177001,3391,69608,480500
550,197,170,176804,3418,69778,491900
551,165,168,176639,3415,69946,473100
552,203,147,176436,3471,70093,481800
553,177,165,176259,3483,70258,489400
554,189,153,176070,3519,70411,488700
555,207,156,175863,3570,70567,478400
556,179,171,175684,3578,70738,482500
557,198,150,175486,3626,70888,477100
558,157,158,175329,3625,71046,484700
559,197,168,175132,3654,71214,492700
560,180,191,174952,3643,71405,509600
561,194,174,174758,3663,71579,476500
562,217,187,174541,3693,71766,488300
563,188,199,174353,3682,71965,493500
564,175,197,174178,3660,72162,478000
565,179,172,173999,3667,72334,472000
566,212,194,173787,3685,72528,473600
567,185,199,173602,3671,72727,483200
568,194,175,173408,3690,72902,481100
569,168,169,173240,3689,73071,492800
570,166,182,173074,3673,73253,488900
571,165,216,172909,3622,73469,479900
572,192,197,172717,3617,73666,476500
573,192,192,172525,3617,73858,497400
574,178,197,172347,3598,74055,504600
575,184,164,172163,3618,74219,494500
576,163,196,172000,3585,74415,471000
577,188,193,171812,3580,74608,472500
578,183,197,171629,3566,74805,483500
579,188,178,171441,3576,74983,491600
580,205,177,171236,3604,75160,473000
581,196,158,171040,3642,75318,481400
582,181,181,170859,3642,75499,491200
583,176,168,170683,3650,75667,479100
584,197,166,170486,3681,75833,482200
585,207,163,170279,3725,75996,491000
586,181,183,170098,3723,76179,491300
587,185,202,169913,3706,76381,482600
588,197,181,169716,3722,76562,493100
589,194,219,169522,3697,76781,489600
590,170,180,169352,3687,76961,484200
591,178,200,169174,3665,77161,524100
592,176,158,168998,3683,77319,516100
593,177,179,168821,3681,77498,499300
594,183,203,168638,3661,77701,504700
595,213,168,168425,3706,77869,504900
596,178,184,168247,3700,78053,535700
597,196,189,168051,3707,78242,534600
598,184,172,167867,3719,78414,530000
599,170,182,167697,3707,78596,523700
600,170,204,167527,3673,78800,532600
601,172,173,167355,3672,78973,544200
602,165,184,167190,3653,79157,534200
603,214,165,166976,3702,79322,527200
604,199,177,166777,3724,79499,537900
605,173,182,166604,3715,79681,530100
606,194,186,166410,3723,79867,543900
607,182,177,166228,3728,80044,550500
608,178,200,166050,3706,80244,545900
609,206,182,165844,3730,80426,530300
610,188,182,165656,3736,80608,562000
611,177,204,165479,3709,80812,560000
612,207,179,165272,3737,80991,530800
613,185,162,165087,3760,81153,541200
614,170,198,164917,3732,81351,538600
615,207,195,164710,3744,81546,531800
616,189,200,164521,3733,81746,490800
617,201,203,164320,3731,81949,495500
618,182,174,164138,3739,82123,548200
619,190,193,163948,3736,82316,544500
620,186,177,163762,3745,82493,537900
621,194,197,163568,3742,82690,540100
622,195,188,163373,3749,82878,555600
623,179,224,163194,3704,83102,515700
624,170,181,163024,3693,83283,543400
625,161,183,162863,3671,83466,554300
626,195,201,162668,3665,83667,568400
627,166,185,162502,3646,83852,526700
628,208,170,162294,3684,84022,525100
629,195,196,162099,3683,84218,514400
630,192,176,161907,3699,84394,550500
631,182,186,161725,3695,84580,488600
632,190,189,161535,3696,84769,527900
633,195,184,161340,3707,84953,638800
634,184,188,161156,3703,85141,562000
635,205,187,160951,3721,85328,559100
636,178,167,160773,3732,85495,555500
637,184,177,160589,3739,85672,543200
638,187,198,160402,3728,85870,535700
639,174,188,160228,3714,86058,535200
640,179,162,160049,3731,86220,542700
641,193,168,159856,3756,86388,500200
642,181,191,159675,3746,86579,563000
643,183,206,159492,3723,86785,544700
644,198,191,159294,3730,86976,529200
645,202,192,159092,3740,87168,499200
646,174,189,158918,3725,87357,543000
647,190,184,158728,3731,87541,542700
648,186,187,158542,3730,87728,535700
649,195,181,158347,3744,87909,541400
650,154,189,158193,3709,88098,555600
651,173,197,158020,3685,88295,559300
652,165,186,157855,3664,88481,527600
653,209,177,157646,3696,88658,513100
654,173,202,157473,3667,88860,531900
655,185,191,157288,3661,89051,552400
656,176,179,157112,3658,89230,573200
657,174,179,156938,3653,89409,553000
658,178,162,156760,3669,89571,527100
659,211,209,156549,3671,89780,551000
660,185,184,156364,3672,89964,504700
661,185,168,156179,3689,90132,546600
662,179,173,156000,3695,90305,497500
663,189,177,155811,3707,90482,545400
664,192,176,155619,3723,90658,496600
665,209,195,155410,3737,90853,557000
666,177,209,155233,3705,91062,577000
667,186,184,155047,3707,91246,559400
668,192,182,154855,3717,91428,506800
669,214,190,154641,3741,91618,505800
670,168,180,154473,3729,91798,516300
671,177,196,154296,3710,91994,548000
672,193,180,154103,3723,92174,505800
673,177,177,153926,3723,92351,502800
674,158,204,153768,3677,92555,482200
675,193,188,153575,3682,92743,485600
676,175,171,153400,3686,92914,495100
677,188,179,153212,3695,93093,500000
678,206,182,153006,3719,93275,477800
679,171,201,152835,3689,93476,488500
680,174,181,152661,3682,93657,493500
681,195,190,152466,3687,93847,483000
682,172,184,152294,3675,94031,502900
683,200,204,152094,3671,94235,493000
684,187,180,151907,3678,94415,490000
685,194,202,151713,3670,94617,483300
686,175,198,151538,3647,94815,493600
687,181,183,151357,3645,94998,490000
688,177,171,151180,3651,95169,527300
689,173,196,151007,3628,95365,505600
690,213,177,150794,3664,95542,486600
691,187,186,150607,3665,95728,506300
692,181,172,150426,3674,95900,479600
693,185,174,150241,3685,96074,478800
694,179,168,150062,3696,96242,479200
695,187,180,149875,3703,96422,472500
696,191,166,149684,3728,96588,479800
697,185,201,149499,3712,96789,480800
698,182,185,149317,3709,96974,485500
699,180,184,149137,3705,97158,484800
700,175,184,148962,3696,97342,487900
701,181,219,148781,3658,97561,477900
702,162,212,148619,3608,97773,478900
703,175,196,148444,3587,97969,476700
704,166,179,148278,3574,98148,488800
705,185,208,148093,3551,98356,485100
706,176,178,147917,3549,98534,480100
707,164,159,147753,3554,98693,521300
708,164,167,147589,3551,98860,506500
709,167,155,147422,3563,99015,491700
710,176,184,147246,3555,99199,489200
711,180,189,147066,3546,99388,487300
712,166,173,146900,3539,99561,485700
713,201,149,146699,3591,99710,476200
714,182,182,146517,3591,99892,476500
715,185,165,146332,3611,100057,479300
716,202,175,146130,3638,100232,479900
717,187,172,145943,3653,100404,487200
718,180,188,145763,3645,100592,485600
719,167,162,145596,3650,100754,487700
720,189,188,145407,3651,100942,505300
721,200,166,145207,3685,101108,497200
722,194,202,145013,3677,101310,505500
723,174,174,144839,3677,101484,493300
724,187,185,144652,3679,101669,493200
725,177,181,144475,3675,101850,493200
726,189,178,144286,3686,102028,488500
727,188,172,144098,3702,102200,481600
728,180,204,143918,3678,102404,499200
729,188,199,143730,3667,102603,488600
730,196,181,143534,3682,102784,473900
731,170,156,143364,3696,102940,472400
732,173,176,143191,3693,103116,497900
733,192,207,142999,3678,103323,493500
734,193,184,142806,3687,103507,533300
735,195,166,142611,3716,103673,499100
736,181,170,142430,3727,103843,519800
737,205,186,142225,3746,104029,513500
738,194,175,142031,3765,104204,505100
739,196,181,141835,3780,104385,471900
740,182,197,141653,3765,104582,481500
741,209,158,141444,3816,104740,466500
742,198,189,141246,3825,104929,484100
743,182,219,141064,3788,105148,474500
744,172,186,140892,3774,105334,475100
745,157,199,140735,3732,105533,485100
746,184,197,140551,3719,105730,473100
747,197,182,140354,3734,105912,485000
748,166,181,140188,3719,106093,481800
749,190,206,139998,3703,106299,475600
750,185,190,139813,3698,106489,485100
751,185,190,139628,3693,106679,474700
752,204,189,139424,3708,106868,493100
753,186,187,139238,3707,107055,486600
754,170,175,139068,3702,107230,481600
755,169,170,138899,3701,107400,475300
756,181,183,138718,3699,107583,487700
757,186,172,138532,3713,107755,475500
758,176,189,138356,3700,107944,481500
759,195,182,138161,3713,108126,483700
760,204,196,137957,3721,108322,479300
761,176,200,137781,3697,108522,527200
762,188,191,137593,3694,108713,702200
763,173,197,137420,3670,108910,499200
764,163,195,137257,3638,109105,535700
765,184,160,137073,3662,109265,504000
766,155,187,136918,3630,109452,494000
767,180,180,136738,3630,109632,470600
768,174,193,136564,3611,109825,472300
769,182,205,136382,3588,110030,478000
770,167,183,136215,3572,110213,477100
771,168,168,136047,3572,110381,488100
772,189,161,135858,3600,110542,489100
773,188,195,135670,3593,110737,492300
774,176,171,135494,3598,110908,481000
775,177,191,135317,3584,111099,489100
776,179,170,135138,3593,111269,487000
777,168,188,134970,3573,111457,487400
778,172,190,134798,3555,111647,491000
779,188,171,134610,3572,111818,497200
780,189,201,134421,3560,112019,489800
781,189,178,134232,3571,112197,489600
782,169,195,134063,3545,112392,486700
783,166,198,133897,3513,112590,486300
784,187,194,133710,3506,112784,471600
785,181,165,133529,3522,112949,481000
786,180,171,133349,3531,113120,491200
787,177,178,133172,3530,113298,487100
788,187,180,132985,3537,113478,484200
789,191,185,132794,3543,113663,496100
790,196,171,132598,3568,113834,494700
791,183,156,132415,3595,113990,480800
792,182,183,132233,3594,114173,488300
793,189,147,132044,3636,114320,474000
794,212,197,131832,3651,114517,495800
795,187,206,131645,3632,114723,488300
796,170,176,131475,3626,114899,486500
797,205,188,131270,3643,115087,488100
798,170,206,131100,3607,115293,487500
799,198,181,130902,3624,115474,473100
800,182,184,130720,3622,115658,472400
801,172,193,130548,3601,115851,491700
802,190,204,130358,3587,116055,491300
803,185,185,130173,3587,116240,491800
804,163,157,130010,3593,116397,488700
805,191,179,129819,3605,116576,495900
806,202,187,129617,3620,116763,490400
807,182,186,129435,3616,116949,489800
808,198,193,129237,3621,117142,492400
809,184,181,129053,3624,117323,491800
810,213,189,128840,3648,117512,496700
811,203,194,128637,3657,117706,481700
812,193,165,128444,3685,117871,489300
813,203,183,128241,3705,118054,476600
814,204,207,128037,3702,118261,496300
815,189,198,127848,3693,118459,482800
816,211,185,127637,3719,118644,474700
817,196,176,127441,3739,118820,472800
818,200,218,127241,3721,119038,485100
819,197,191,127044,3727,119229,476400
820,196,197,126848,3726,119426,496800
821,207,195,126641,3738,119621,493700
822,185,202,126456,3721,119823,498900
823,197,160,126259,3758,119983,505700
824,212,169,126047,3801,120152,519800
825,183,183,125864,3801,120335,475000
826,191,179,125673,3813,120514,479600
827,209,155,125464,3867,120669,495000
828,207,193,125257,3881,120862,491000
829,218,196,125039,3903,121058,475600
830,212,197,124827,3918,121255,501800
831,191,200,124636,3909,121455,491000
832,189,200,124447,3898,121655,493500
833,197,196,124250,3899,121851,481800
834,206,202,124044,3903,122053,499300
835,204,212,123840,3895,122265,478300
836,199,191,123641,3903,122456,498400
837,206,180,123435,3929,122636,493100
838,203,195,123232,3937,122831,486200
839,197,218,123035,3916,123049,475700
840,197,206,122838,3907,123255,494800
841,197,198,122641,3906,123453,491400
842,216,197,122425,3925,123650,493000
843,185,200,122240,3910,123850,499900
844,205,174,122035,3941,124024,498500
845,206,217,121829,3930,124241,498900
846,200,170,121629,3960,124411,486500
847,198,180,121431,3978,124591,493300
848,213,190,121218,4001,124781,493700
849,226,190,120992,4037,124971,493000
850,231,192,120761,4076,125163,492600
851,221,178,120540,4119,125341,481100
852,224,212,120316,4131,125553,507200
853,227,195,120089,4163,125748,477800
854,217,206,119872,4174,125954,493700
855,213,226,119659,4161,126180,490100
856,219,224,119440,4156,126404,492600
857,202,201,119238,4157,126605,497700
858,206,208,119032,4155,126813,488000
859,214,219,118818,4150,127032,509000
860,187,205,118631,4132,127237,502800
861,221,193,118410,4160,127430,484900
862,173,220,118237,4113,127650,541300
863,192,208,118045,4097,127858,486300
864,189,185,117856,4101,128043,480300
865,194,188,117662,4107,128231,482700
866,179,210,117483,4076,128441,486900
867,206,179,117277,4103,128620,474700
868,196,211,117081,4088,128831,479100
869,214,203,116867,4099,129034,502200
870,202,221,116665,4080,129255,500400
871,207,201,116458,4086,129456,539300
872,207,169,116251,4124,129625,481200
873,206,181,116045,4149,129806,486600
874,196,201,115849,4144,130007,500200
875,199,206,115650,4137,130213,491800
876,184,194,115466,4127,130407,482200
877,190,189,115276,4128,130596,469400
878,196,238,115080,4086,130834,491700
879,201,182,114879,4105,131016,490100
880,193,204,114686,4094,131220,517800
881,203,186,114483,4111,131406,498800
882,244,218,114239,4137,131624,493800
883,237,194,114002,4180,131818,491200
884,221,191,113781,4210,132009,488800
885,190,188,113591,4212,132197,494100
886,207,189,113384,4230,132386,482600
887,208,196,113176,4242,132582,491700
888,210,203,112966,4249,132785,497300
889,216,195,112750,4270,132980,494400
890,187,218,112563,4239,133198,495500
891,194,184,112369,4249,133382,497100
892,186,203,112183,4232,133585,481600
893,174,208,112009,4198,133793,488900
894,205,195,111804,4208,133988,491800
895,188,231,111616,4165,134219,491400
896,168,232,111448,4101,134451,490300
897,212,220,111236,4093,134671,492200
898,205,187,111031,4111,134858,490100
899,209,198,110822,4122,135056,488800
900,178,233,110644,4067,135289,491400
901,192,192,110452,4067,135481,489700
902,179,217,110273,4029,135698,487400
903,185,213,110088,4001,135911,502900
904,197,219,109891,3979,136130,502300
905,190,206,109701,3963,136336,496600
906,195,182,109506,3976,136518,499300
907,194,205,109312,3965,136723,594400
908,204,214,109108,3955,136937,547400
909,180,189,108928,3946,137126,616700
910,177,209,108751,3914,137335,535800
911,179,179,108572,3914,137514,496500
912,207,177,108365,3944,137691,501400
913,182,199,108183,3927,137890,497400
914,188,190,107995,3925,138080,481100
915,199,198,107796,3926,138278,481500
916,178,180,107618,3924,138458,486400
917,211,165,107407,3970,138623,481500
918,213,175,107194,4008,138798,589200
919,196,198,106998,4006,138996,582100
920,204,196,106794,4014,139192,569900
921,224,196,106570,4042,139388,486400
922,208,210,106362,4040,139598,489500
923,216,197,106146,4059,139795,516600
924,216,188,105930,4087,139983,505500
925,206,181,105724,4112,140164,477900
926,202,222,105522,4092,140386,485400
927,218,209,105304,4101,140595,485200
928,201,219,105103,4083,140814,490300
929,206,214,104897,4075,141028,489900
930,220,195,104677,4100,141223,509300
931,197,212,104480,4085,141435,508100
932,204,210,104276,4079,141645,512300
933,204,209,104072,4074,141854,510400
934,203,198,103869,4079,142052,510300
935,188,220,103681,4047,142272,503100
936,223,206,103458,4064,142478,501700
937,233,228,103225,4069,142706,485200
938,210,213,103015,4066,142919,528800
939,183,228,102832,4021,143147,546900
940,200,186,102632,4035,143333,500100
941,193,201,102439,4027,143534,495700
942,193,200,102246,4020,143734,483000
943,209,193,102037,4036,143927,483100
944,197,191,101840,4042,144118,483700
945,196,202,101644,4036,144320,486900
946,206,182,101438,4060,144502,483900
947,195,186,101243,4069,144688,479900
948,202,196,101041,4075,144884,481100
949,190,210,100851,4055,145094,482900
950,209,222,100642,4042,145316,505400
951,188,210,100454,4020,145526,504300
952,198,203,100256,4015,145729,488900
953,206,204,100050,4017,145933,483700
954,206,214,99844,4009,146147,484300
955,190,202,99654,3997,146349,485400
956,174,204,99480,3967,146553,486900
957,208,205,99272,3970,146758,484800
958,200,201,99072,3969,146959,487600
959,194,195,98878,3968,147154,481200
960,191,189,98687,3970,147343,485700
961,201,206,98486,3965,147549,622300
962,190,216,98296,3939,147765,503900
963,188,180,98108,3947,147945,537800
964,194,189,97914,3952,148134,493000
965,176,199,97738,3929,148333,599900
966,202,193,97536,3938,148526,487500
967,197,200,97339,3935,148726,484300
968,191,177,97148,3949,148903,589700
969,210,193,96938,3966,149096,506700
970,222,179,96716,4009,149275,490900
971,213,193,96503,4029,149468,492600
972,208,211,96295,4026,149679,493900
973,207,175,96088,4058,149854,492800
974,214,228,95874,4044,150082,498000
975,220,205,95654,4059,150287,489600
976,209,209,95445,4059,150496,559100
977,197,203,95248,4053,150699,488000
978,208,223,95040,4038,150922,486300
979,187,189,94853,4036,151111,486500
980,216,208,94637,4044,151319,487100
981,195,185,94442,4054,151504,582500
982,216,204,94226,4066,151708,490700
983,237,195,93989,4108,151903,494300
984,216,211,93773,4113,152114,484600
985,214,220,93559,4107,152334,478700
986,196,235,93363,4068,152569,514200
987,216,193,93147,4091,152762,501300
988,176,216,92971,4051,152978,511600
989,196,200,92775,4047,153178,487300
990,221,193,92554,4075,153371,510700
991,218,218,92336,4075,153589,500700
992,210,193,92126,4092,153782,509100
993,208,194,91918,4106,153976,504300
994,188,217,91730,4077,154193,502300
995,210,200,91520,4087,154393,595700
996,200,190,91320,4097,154583,488500
997,213,176,91107,4134,154759,489100
998,213,217,90894,4130,154976,505700
999,208,214,90686,4124,155190,512300
1000,218,216,90468,4126,155406,501700
1001,198,207,90270,4117,155613,497700
1002,196,193,90074,4120,155806,493900
1003,205,228,89869,4097,156034,495500
1004,193,193,89676,4097,156227,487300
1005,205,213,89471,4089,156440,487900
1006,189,186,89282,4092,156626,483200
1007,194,221,89088,4065,156847,494400
1008,215,170,88873,4110,157017,491100
1009,222,189,88651,4143,157206,497000
1010,236,226,88415,4153,157432,492500
1011,183,215,88232,4121,157647,488300
1012,224,210,88008,4135,157857,583300
1013,178,205,87830,4108,158062,521400
1014,184,202,87646,4090,158264,496800
1015,222,191,87424,4121,158455,544000
1016,213,218,87211,4116,158673,489600
1017,193,234,87018,4075,158907,490300
1018,195,237,86823,4033,159144,583500
1019,204,184,86619,4053,159328,510900
1020,210,187,86409,4076,159515,484400
1021,198,190,86211,4084,159705,481800
1022,180,185,86031,4079,159890,498000
1023,218,222,85813,4075,160112,506300
1024,185,213,85628,4047,160325,500000
1025,219,212,85409,4054,160537,527500
1026,186,241,85223,3999,160778,504100
1027,183,204,85040,3978,160982,486700
1028,202,210,84838,3970,161192,481700
1029,186,182,84652,3974,161374,500500
1030,209,203,84443,3980,161577,651800
1031,216,216,84227,3980,161793,513000
1032,168,191,84059,3957,161984,543600
1033,181,204,83878,3934,162188,492600
1034,195,186,83683,3943,162374,489200
1035,215,194,83468,3964,162568,501400
1036,195,196,83273,3963,162764,500700
1037,213,204,83060,3972,162968,494500
1038,198,186,82862,3984,163154,497800
1039,178,189,82684,3973,163343,487100
1040,199,158,82485,4014,163501,491200
1041,215,192,82270,4037,163693,490600
1042,194,208,82076,4023,163901,481000
1043,218,207,81858,4034,164108,498700
1044,220,187,81638,4067,164295,490000
1045,219,217,81419,4069,164512,508900
1046,207,189,81212,4087,164701,495400
1047,204,190,81008,4101,164891,525200
1048,201,178,80807,4124,165069,508300
1049,194,215,80613,4103,165284,500800
1050,201,220,80412,4084,165504,488200
1051,219,211,80193,4092,165715,500700
1052,221,192,79972,4121,165907,494000
1053,208,195,79764,4134,166102,495100
1054,225,203,79539,4156,166305,500500
1055,192,205,79347,4143,166510,503800
1056,192,218,79155,4117,166728,512500
1057,182,210,78973,4089,166938,494500
1058,210,225,78763,4074,167163,532600
1059,174,189,78589,4059,167352,544500
1060,188,197,78401,4050,167549,521100
1061,200,196,78201,4054,167745,618500
1062,207,195,77994,4066,167940,576100
1063,176,194,77818,4048,168134,563000
1064,200,210,77618,4038,168344,556300
1065,193,210,77425,4021,168554,502800
1066,186,205,77239,4002,168759,498900
1067,206,184,77033,4024,168943,508000
1068,187,195,76846,4016,169138,519300
1069,188,199,76658,4005,169337,502800
1070,184,194,76474,3995,169531,485300
1071,205,180,76269,4020,169711,525500
1072,202,210,76067,4012,169921,498200
1073,191,189,75876,4014,170110,498200
1074,179,197,75697,3996,170307,505200
1075,193,208,75504,3981,170515,524900
1076,187,176,75317,3992,170691,512000
1077,206,208,75111,3990,170899,515100
1078,198,195,74913,3993,171094,521700
1079,205,183,74708,4015,171277,511600
1080,200,196,74508,4019,171473,506700
1081,195,211,74313,4003,171684,504900
1082,209,185,74104,4027,171869,496900
1083,219,186,73885,4060,172055,500800
1084,191,212,73694,4039,172267,491600
1085,193,199,73501,4033,172466,497900
1086,200,207,73301,4026,172673,505000
1087,194,200,73107,4020,172873,497700
1088,195,204,72912,4011,173077,535900
1089,193,207,72719,3997,173284,513100
1090,171,208,72548,3960,173492,592800
1091,191,195,72357,3956,173687,508100
1092,192,201,72165,3947,173888,499800
1093,196,175,71969,3968,174063,598500
1094,181,207,71788,3942,174270,505700
1095,195,191,71593,3946,174461,502600
1096,183,193,71410,3936,174654,499200
1097,181,217,71229,3900,174871,500000
1098,179,217,71050,3862,175088,498000
1099,179,192,70871,3849,175280,499700
1100,175,211,70696,3813,175491,502300
1101,178,189,70518,3802,175680,510600
1102,175,187,70343,3790,175867,516800
1103,187,218,70156,3759,176085,529300
1104,173,188,69983,3744,176273,541900
1105,186,201,69797,3729,176474,524300
1106,189,192,69608,3726,176666,520900
1107,174,182,69434,3718,176848,496300
1108,183,188,69251,3713,177036,508000
1109,185,201,69066,3697,177237,589300
1110,174,178,68892,3693,177415,512100
1111,170,174,68722,3689,177589,624600
1112,178,202,68544,3665,177791,516200
1113,153,174,68391,3644,177965,495300
1114,186,195,68205,3635,178160,505900
1115,180,179,68025,3636,178339,602800
1116,191,184,67834,3643,178523,499400
1117,185,192,67649,3636,178715,597000
1118,198,214,67451,3620,178929,623300
1119,164,167,67287,3617,179096,507700
1120,193,172,67094,3638,179268,502100
1121,178,173,66916,3643,179441,510800
1122,223,166,66693,3700,179607,498700
1123,210,174,66483,3736,179781,511300
1124,183,196,66300,3723,179977,494900
1125,174,201,66126,3696,180178,489500
1126,180,166,65946,3710,180344,597500
1127,193,173,65753,3730,180517,496200
1128,160,201,65593,3689,180718,494500
1129,183,191,65410,3681,180909,519300
1130,168,177,65242,3672,181086,497300
1131,174,172,65068,3674,181258,510100
1132,190,182,64878,3682,181440,496500
1133,196,183,64682,3695,181623,507700
1134,163,184,64519,3674,181807,500200
1135,176,194,64343,3656,182001,489000
1136,168,191,64175,3633,182192,534900
1137,164,177,64011,3620,182369,495300
1138,158,215,63853,3563,182584,529400
1139,171,167,63682,3567,182751,499600
1140,167,194,63515,3540,182945,499900
1141,172,183,63343,3529,183128,574200
1142,160,172,63183,3517,183300,504400
1143,188,197,62995,3508,183497,492700
1144,162,158,62833,3512,183655,493000
1145,161,177,62672,3496,183832,484800
1146,163,192,62509,3467,184024,505000
1147,152,149,62357,3470,184173,620900
1148,155,180,62202,3445,184353,623300
1149,166,165,62036,3446,184518,533000
1150,156,146,61880,3456,184664,525900
1151,156,171,61724,3441,184835,523300
1152,162,148,61562,3455,184983,525100
1153,156,185,61406,3426,185168,501800
1154,165,163,61241,3428,185331,520900
1155,151,171,61090,3408,185502,513200
1156,129,180,60961,3357,185682,495500
1157,163,166,60798,3354,185848,494200
1158,168,158,60630,3364,186006,564300
1159,147,193,60483,3318,186199,513000
1160,155,178,60328,3295,186377,507000
1161,153,178,60175,3270,186555,526000
1162,158,171,60017,3257,186726,498300
1163,151,177,59866,3231,186903,523200
1164,160,166,59706,3225,187069,516000
1165,154,149,59552,3230,187218,512100
1166,153,164,59399,3219,187382,511600
1167,150,156,59249,3213,187538,520100
1168,153,171,59096,3195,187709,495600
1169,137,179,58959,3153,187888,514900
1170,149,184,58810,3118,188072,505900
1171,178,169,58632,3127,188241,515000
1172,150,173,58482,3104,188414,511100
1173,157,175,58325,3086,188589,522100
1174,146,151,58179,3081,188740,495100
1175,182,167,57997,3096,188907,536700
1176,159,154,57838,3101,189061,501800
1177,152,165,57686,3088,189226,500200
1178,154,157,57532,3085,189383,512800
1179,166,137,57366,3114,189520,504900
1180,156,154,57210,3116,189674,520000
1181,159,147,57051,3128,189821,500900
1182,154,163,56897,3119,189984,501000
1183,151,162,56746,3108,190146,514300
1184,154,164,56592,3098,190310,518600
1185,151,150,56441,3099,190460,505100
1186,165,160,56276,3104,190620,512600
1187,138,145,56138,3097,190765,506600
1188,140,170,55998,3067,190935,500700
1189,131,140,55867,3058,191075,511500
1190,188,151,55679,3095,191226,596800
1191,158,160,55521,3093,191386,514000
1192,167,155,55354,3105,191541,495400
1193,176,163,55178,3118,191704,510500
1194,167,172,55011,3113,191876,516500
1195,146,165,54865,3094,192041,510300
1196,146,149,54719,3091,192190,484700
1197,155,135,54564,3111,192325,494500
1198,158,131,54406,3138,192456,514800
1199,178,179,54228,3137,192635,501200
1200,164,151,54064,3150,192786,516700
1201,175,160,53889,3165,192946,504200
1202,173,156,53716,3182,193102,516400
1203,170,137,53546,3215,193239,494400
1204,167,174,53379,3208,193413,522200
1205,159,165,53220,3202,193578,498000
1206,146,164,53074,3184,193742,543300
1207,164,149,52910,3199,193891,508000
1208,140,156,52770,3183,194047,517900
1209,174,154,52596,3203,194201,523100
1210,155,156,52441,3202,194357,502500
1211,170,164,52271,3208,194521,506600
1212,192,152,52079,3248,194673,508200
1213,141,155,51938,3234,194828,507100
1214,154,160,51784,3228,194988,504700
1215,167,134,51617,3261,195122,507600
1216,167,163,51450,3265,195285,504300
1217,183,145,51267,3303,195430,526800
1218,163,172,51104,3294,195602,514300
1219,169,175,50935,3288,195777,532100
1220,159,169,50776,3278,195946,517800
1221,168,180,50608,3266,196126,531000
1222,154,140,50454,3280,196266,577600
1223,175,143,50279,3312,196409,529600
1224,178,192,50101,3298,196601,509900
1225,152,172,49949,3278,196773,517400
1226,128,175,49821,3231,196948,497700
1227,182,167,49639,3246,197115,515000
1228,166,194,49473,3218,197309,494000
1229,160,142,49313,3236,197451,509500
1230,157,159,49156,3234,197610,497000
1231,185,177,48971,3242,197787,512500
1232,143,154,48828,3231,197941,513800
1233,140,159,48688,3212,198100,515600
1234,157,144,48531,3225,198244,534000
1235,152,174,48379,3203,198418,538300
1236,159,137,48220,3225,198555,505700
1237,145,158,48075,3212,198713,491200
1238,158,141,47917,3229,198854,521100
1239,157,151,47760,3235,199005,505200
1240,138,159,47622,3214,199164,508300
1241,157,173,47465,3198,199337,510900
1242,151,161,47314,3188,199498,557100
1243,135,159,47179,3164,199657,539200
1244,155,160,47024,3159,199817,644900
1245,134,133,46890,3160,199950,512100
1246,146,158,46744,3148,200108,490500
1247,165,147,46579,3166,200255,511800
1248,149,167,46430,3148,200422,497600
1249,152,165,46278,3135,200587,490900
1250,147,150,46131,3132,200737,498000
1251,143,143,45988,3132,200880,549800
1252,138,171,45850,3099,201051,488000
1253,162,157,45688,3104,201208,509100
1254,149,152,45539,3101,201360,509400
1255,161,163,45378,3099,201523,492500
1256,144,125,45234,3118,201648,486600
1257,158,175,45076,3101,201823,513000
1258,135,162,44941,3074,201985,504100
1259,154,144,44787,3084,202129,511500
1260,157,152,44630,3089,202281,496100
1261,166,157,44464,3098,202438,512100
1262,141,168,44323,3071,202606,482200
1263,160,150,44163,3081,202756,501400
1264,132,153,44031,3060,202909,565900
1265,147,152,43884,3055,203061,515400
1266,151,148,43733,3058,203209,551100
1267,131,144,43602,3045,203353,519300
1268,135,161,43467,3019,203514,505200
1269,173,153,43294,3039,203667,562500
1270,124,161,43170,3002,203828,518600
1271,153,176,43017,2979,204004,563100
1272,171,155,42846,2995,204159,500400
1273,135,147,42711,2983,204306,508700
1274,143,149,42568,2977,204455,522100
1275,118,168,42450,2927,204623,519800
1276,138,136,42312,2929,204759,517900
1277,139,133,42173,2935,204892,509200
1278,146,157,42027,2924,205049,515700
1279,137,138,41890,2923,205187,519300
1280,140,144,41750,2919,205331,534700
1281,121,146,41629,2894,205477,517100
1282,143,155,41486,2882,205632,521700
1283,137,126,41349,2893,205758,508800
1284,138,141,41211,2890,205899,523800
1285,147,150,41064,2887,206049,512500
1286,153,130,40911,2910,206179,514700
1287,135,145,40776,2900,206324,507200
1288,133,162,40643,2871,206486,511700
1289,123,133,40520,2861,206619,517400
1290,154,133,40366,2882,206752,552800
1291,101,105,40265,2878,206857,521000
1292,129,158,40136,2849,207015,528800
1293,125,131,40011,2843,207146,516500
1294,119,142,39892,2820,207288,525100
1295,121,149,39771,2792,207437,517200
1296,125,120,39646,2797,207557,517000
1297,148,174,39498,2771,207731,537000
1298,152,120,39346,2803,207851,534000
1299,129,132,39217,2800,207983,558300
1300,115,148,39102,2767,208131,515100
1301,123,143,38979,2747,208274,646900
1302,131,137,38848,2741,208411,510400
1303,122,145,38726,2718,208556,509300
1304,146,132,38580,2732,208688,510800
1305,139,167,38441,2704,208855,503600
1306,123,137,38318,2690,208992,503000
1307,117,123,38201,2684,209115,517300
1308,136,138,38065,2682,209253,524100
1309,129,141,37936,2670,209394,491000
1310,127,144,37809,2653,209538,505600
1311,132,131,37677,2654,209669,494400
1312,128,138,37549,2644,209807,489400
1313,107,128,37442,2623,209935,475900
1314,140,134,37302,2629,210069,513500
1315,131,124,37171,2636,210193,498000
1316,131,150,37040,2617,210343,503000
1317,126,137,36914,2606,210480,480500
1318,142,130,36772,2618,210610,498900
1319,144,123,36628,2639,210733,479900
1320,123,103,36505,2659,210836,485300
1321,135,126,36370,2668,210962,484100
1322,138,123,36232,2683,211085,510700
1323,141,156,36091,2668,211241,502600
1324,141,128,35950,2681,211369,535700
1325,139,125,35811,2695,211494,499200
1326,136,130,35675,2701,211624,527700
1327,119,144,35556,2676,211768,509200
1328,126,142,35430,2660,211910,528700
1329,129,135,35301,2654,212045,513100
1330,129,138,35172,2645,212183,519100
1331,116,119,35056,2642,212302,505400
1332,112,153,34944,2601,212455,512400
1333,122,134,34822,2589,212589,493700
1334,125,141,34697,2573,212730,511500
1335,141,122,34556,2592,212852,495400
1336,127,126,34429,2593,212978,492600
1337,132,118,34297,2607,213096,504400
1338,107,152,34190,2562,213248,512200
1339,141,133,34049,2570,213381,499600
1340,127,133,33922,2564,213514,506300
1341,122,116,33800,2570,213630,501200
1342,129,113,33671,2586,213743,502900
1343,148,130,33523,2604,213873,504000
1344,130,132,33393,2602,214005,498200
1345,118,115,33275,2605,214120,499900
1346,120,137,33155,2588,214257,486600
1347,122,124,33033,2586,214381,507400
1348,144,131,32889,2599,214512,510300
1349,110,131,32779,2578,214643,496900
1350,112,131,32667,2559,214774,492300
1351,133,121,32534,2571,214895,488400
1352,136,132,32398,2575,215027,506400
1353,114,118,32284,2571,215145,510500
1354,105,134,32179,2542,215279,540200
1355,121,121,32058,2542,215400,491600
1356,124,108,31934,2558,215508,496800
1357,102,141,31832,2519,215649,520400
1358,107,129,31725,2497,215778,498000
1359,113,143,31612,2467,215921,500400
1360,113,117,31499,2463,216038,506800
1361,120,116,31379,2467,216154,508300
1362,106,146,31273,2427,216300,511400
1363,96,117,31177,2406,216417,509100
1364,98,121,31079,2383,216538,539900
1365,106,115,30973,2374,216653,523300
1366,90,136,30883,2328,216789,495000
1367,102,113,30781,2317,216902,512300
1368,104,115,30677,2306,217017,486700
1369,104,114,30573,2296,217131,514500
1370,94,115,30479,2275,217246,532900
1371,109,130,30370,2254,217376,508500
1372,88,126,30282,2216,217502,516100
1373,103,101,30179,2218,217603,521500
1374,79,118,30100,2179,217721,490900
1375,106,104,29994,2181,217825,507800
1376,108,115,29886,2174,217940,492100
1377,86,108,29800,2152,218048,491000
1378,89,113,29711,2128,218161,470900
1379,108,110,29603,2126,218271,500100
1380,112,92,29491,2146,218363,497900
1381,130,106,29361,2170,218469,482700
1382,124,83,29237,2211,218552,493500
1383,110,106,29127,2215,218658,498800
1384,98,105,29029,2208,218763,516500
1385,94,137,28935,2165,218900,498100
1386,110,98,28825,2177,218998,483200
1387,101,100,28724,2178,219098,493600
1388,91,99,28633,2170,219197,496700
1389,113,116,28520,2167,219313,481100
1390,99,102,28421,2164,219415,467200
1391,106,118,28315,2152,219533,496700
1392,101,113,28214,2140,219646,495500
1393,100,99,28114,2141,219745,502800
1394,107,103,28007,2145,219848,585600
1395,99,102,27908,2142,219950,495900
1396,82,121,27826,2103,220071,494400
1397,101,101,27725,2103,220172,496600
1398,91,109,27634,2085,220281,481500
1399,86,113,27548,2058,220394,502700
1400,109,96,27439,2071,220490,510500
1401,125,114,27314,2082,220604,535200
1402,94,106,27220,2070,220710,488700
1403,80,106,27140,2044,220816,499400
1404,85,101,27055,2028,220917,474600
1405,99,103,26956,2024,221020,486500
1406,104,88,26852,2040,221108,498800
1407,93,112,26759,2021,221220,503200
1408,101,110,26658,2012,221330,490200
1409,97,93,26561,2016,221423,495900
1410,81,83,26480,2014,221506,494700
1411,85,117,26395,1982,221623,494500
1412,91,92,26304,1981,221715,492700
1413,88,108,26216,1961,221823,493000
1414,86,104,26130,1943,221927,487500
1415,80,91,26050,1932,222018,485200
1416,95,87,25955,1940,222105,551600
1417,106,89,25849,1957,222194,488800
1418,84,111,25765,1930,222305,473400
1419,89,109,25676,1910,222414,469300
1420,85,100,25591,1895,222514,469700
1421,93,106,25498,1882,222620,486600
1422,84,102,25414,1864,222722,480700
1423,86,91,25328,1859,222813,496700
1424,74,77,25254,1856,222890,477100
1425,108,91,25146,1873,222981,488700
1426,105,85,25041,1893,223066,459900
1427,84,84,24957,1893,223150,577500
1428,101,94,24856,1900,223244,581200
1429,90,89,24766,1901,223333,486900
1430,108,97,24658,1912,223430,476300
1431,103,102,24555,1913,223532,474000
1432,94,105,24461,1902,223637,471800
1433,85,111,24376,1876,223748,477600
1434,95,100,24281,1871,223848,475900
1435,95,87,24186,1879,223935,478700
1436,85,78,24101,1886,224013,476200
1437,99,100,24002,1885,224113,479500
1438,96,96,23906,1885,224209,483000
1439,85,88,23821,1882,224297,481000
1440,85,106,23736,1861,224403,578100
1441,80,103,23656,1838,224506,560300
1442,88,86,23568,1840,224592,487000
1443,75,94,23493,1821,224686,581600
1444,71,95,23422,1797,224781,567300
1445,97,95,23325,1799,224876,478700
1446,76,98,23249,1777,224974,563900
1447,93,72,23156,1798,225046,536500
1448,88,83,23068,1803,225129,481400
1449,77,90,22991,1790,225219,496300
1450,69,103,22922,1756,225322,509800
1451,84,89,22838,1751,225411,506500
1452,88,79,22750,1760,225490,486900
1453,72,87,22678,1745,225577,496000
1454,70,92,22608,1723,225669,464500
1455,88,95,22520,1716,225764,463700
1456,95,76,22425,1735,225840,460500
1457,88,88,22337,1735,225928,574000
1458,81,74,22256,1742,226002,487800
1459,106,95,22150,1753,226097,490100
1460,73,71,22077,1755,226168,561400
1461,87,85,21990,1757,226253,488800
1462,78,96,21912,1739,226349,483900
1463,91,82,21821,1748,226431,488200
1464,70,89,21751,1729,226520,476100
1465,82,81,21669,1730,226601,467700
1466,80,95,21589,1715,226696,467600
1467,62,85,21527,1692,226781,470300
1468,80,87,21447,1685,226868,477900
1469,86,88,21361,1683,226956,489900
1470,79,91,21282,1671,227047,476900
1471,79,90,21203,1660,227137,634400
1472,96,82,21107,1674,227219,537200
1473,83,88,21024,1669,227307,497300
1474,73,95,20951,1647,227402,473700
1475,80,78,20871,1649,227480,462500
1476,80,90,20791,1639,227570,466500
1477,80,80,20711,1639,227650,500100
1478,71,92,20640,1618,227742,475800
1479,74,82,20566,1610,227824,477600
1480,77,99,20489,1588,227923,477000
1481,72,75,20417,1585,227998,471800
1482,67,83,20350,1569,228081,671500
1483,83,66,20267,1586,228147,649400
1484,80,76,20187,1590,228223,492100
1485,69,65,20118,1594,228288,477500
1486,75,96,20043,1573,228384,488600
1487,71,93,19972,1551,228477,465900
1488,84,70,19888,1565,228547,461400
1489,96,84,19792,1577,228631,481900
1490,79,81,19713,1575,228712,555800
1491,69,61,19644,1583,228773,474600
1492,78,68,19566,1593,228841,459900
1493,82,77,19484,1598,228918,483500
1494,76,80,19408,1594,228998,568800
1495,73,97,19335,1570,229095,479800
1496,73,70,19262,1573,229165,477200
1497,89,70,19173,1592,229235,464200
1498,89,89,19084,1592,229324,465900
1499,81,72,19003,1601,229396,569100
1500,84,82,18919,1603,229478,493400
1501,82,77,18837,1608,229555,502600
1502,85,80,18752,1613,229635,490300
1503,84,83,18668,1614,229718,466500
1504,87,81,18581,1620,229799,489300
1505,73,73,18508,1620,229872,572200
1506,73,75,18435,1618,229947,546100
1507,67,80,18368,1605,230027,491300
1508,78,80,18290,1603,230107,478800
1509,72,86,18218,1589,230193,473900
1510,68,75,18150,1582,230268,477200
1511,69,84,18081,1567,230352,466800
1512,72,74,18009,1565,230426,495700
1513,61,101,17948,1525,230527,477300
1514,68,80,17880,1513,230607,472500
1515,71,90,17809,1494,230697,532000
1516,66,70,17743,1490,230767,503800
1517,60,71,17683,1479,230838,495300
1518,72,61,17611,1490,230899,489300
1519,61,75,17550,1476,230974,467200
1520,67,74,17483,1469,231048,475600
1521,62,79,17421,1452,231127,462700
1522,56,62,17365,1446,231189,554700
1523,56,70,17309,1432,231259,463400
1524,70,80,17239,1422,231339,469300
1525,66,77,17173,1411,231416,565500
1526,64,58,17109,1417,231474,572200
1527,68,69,17041,1416,231543,576400
1528,59,63,16982,1412,231606,488000
1529,49,81,16933,1380,231687,466000
1530,49,63,16884,1366,231750,457300
1531,72,81,16812,1357,231831,461800
1532,58,73,16754,1342,231904,481500
1533,74,65,16680,1351,231969,470600
1534,72,68,16608,1355,232037,461900
1535,65,70,16543,1350,232107,458200
1536,68,64,16475,1354,232171,461400
1537,56,64,16419,1346,232235,529700
1538,58,80,16361,1324,232315,499900
1539,61,63,16300,1322,232378,525800
1540,58,76,16242,1304,232454,469200
1541,55,69,16187,1290,232523,474300
1542,57,77,16130,1270,232600,486100
1543,51,66,16079,1255,232666,459100
1544,62,59,16017,1258,232725,521000
1545,72,62,15945,1268,232787,475300
1546,63,57,15882,1274,232844,467500
1547,59,71,15823,1262,232915,480100
1548,58,69,15765,1251,232984,466600
1549,65,64,15700,1252,233048,471600
1550,50,54,15650,1248,233102,506800
1551,55,55,15595,1248,233157,482500
1552,52,63,15543,1237,233220,471900
1553,52,52,15491,1237,233272,480700
1554,53,59,15438,1231,233331,481500
1555,66,57,15372,1240,233388,484700
1556,56,54,15316,1242,233442,487000
1557,49,63,15267,1228,233505,486300
1558,52,57,15215,1223,233562,484700
1559,57,61,15158,1219,233623,547300
1560,52,57,15106,1214,233680,544700
1561,54,69,15052,1199,233749,645100
1562,56,50,14996,1205,233799,483100
1563,59,56,14937,1208,233855,484900
1564,54,65,14883,1197,233920,477200
1565,54,54,14829,1197,233974,489900
1566,63,58,14766,1202,234032,485700
1567,62,57,14704,1207,234089,481600
1568,49,46,14655,1210,234135,463300
1569,63,66,14592,1207,234201,583300
1570,64,64,14528,1207,234265,486800
1571,64,61,14464,1210,234326,496200
1572,58,70,14406,1198,234396,515700
1573,64,74,14342,1188,234470,472300
1574,59,59,14283,1188,234529,465300
1575,56,54,14227,1190,234583,485800
1576,65,51,14162,1204,234634,473900
1577,67,51,14095,1220,234685,466600
1578,72,55,14023,1237,234740,464800
1579,54,65,13969,1226,234805,474800
1580,52,82,13917,1196,234887,468400
1581,51,64,13866,1183,234951,473900
1582,48,65,13818,1166,235016,583600
1583,51,61,13767,1156,235077,479200
1584,48,68,13719,1136,235145,474000
1585,51,44,13668,1143,235189,479900
1586,55,59,13613,1139,235248,486900
1587,42,52,13571,1129,235300,492900
1588,59,45,13512,1143,235345,480700
1589,41,60,13471,1124,235405,564100
1590,60,56,13411,1128,235461,474000
1591,43,66,13368,1105,235527,562000
1592,39,50,13329,1094,235577,474900
1593,56,54,13273,1096,235631,559400
1594,46,58,13227,1084,235689,554500
1595,50,58,13177,1076,235747,470700
1596,37,43,13140,1070,235790,460200
1597,31,48,13109,1053,235838,466200
1598,45,55,13064,1043,235893,454800
1599,45,53,13019,1035,235946,467100
1600,47,60,12972,1022,236006,489800
1601,44,49,12928,1017,236055,512100
1602,41,38,12887,1020,236093,514700
1603,56,47,12831,1029,236140,484600
1604,46,68,12785,1007,236208,558300
1605,42,52,12743,997,236260,463600
1606,38,54,12705,981,236314,465100
1607,47,42,12658,986,236356,487800
1608,38,56,12620,968,236412,469100
1609,52,40,12568,980,236452,485400
1610,52,47,12516,985,236499,482200
1611,39,44,12477,980,236543,464900
1612,46,58,12431,968,236601,460100
1613,49,44,12382,973,236645,464400
1614,52,37,12330,988,236682,460700
1615,54,59,12276,983,236741,467700
1616,43,56,12233,970,236797,463300
1617,48,51,12185,967,236848,471900
1618,37,41,12148,963,236889,481700
1619,37,48,12111,952,236937,476500
1620,56,52,12055,956,236989,485300
1621,44,34,12011,966,237023,483900
1622,47,44,11964,969,237067,465400
1623,41,36,11923,974,237103,476800
1624,50,49,11873,975,237152,470000
1625,52,44,11821,983,237196,474600
1626,44,49,11777,978,237245,471900
1627,47,65,11730,960,237310,483700
1628,39,43,11691,956,237353,489300
1629,49,46,11642,959,237399,474700
1630,48,52,11594,955,237451,484000
1631,45,49,11549,951,237500,462300
1632,34,45,11515,940,237545,481100
1633,43,46,11472,937,237591,464300
1634,39,43,11433,933,237634,488500
1635,43,40,11390,936,237674,484700
1636,43,40,11347,939,237714,464000
1637,38,40,11309,937,237754,487500
1638,51,66,11258,922,237820,476600
1639,41,44,11217,919,237864,486400
1640,40,40,11177,919,237904,473900
1641,31,48,11146,902,237952,456500
1642,38,40,11108,900,237992,465400
1643,33,42,11075,891,238034,468000
1644,34,51,11041,874,238085,466600
1645,39,38,11002,875,238123,485800
1646,36,44,10966,867,238167,487900
1647,31,42,10935,856,238209,471000
1648,28,40,10907,844,238249,488100
1649,33,50,10874,827,238299,476800
1650,31,53,10843,805,238352,474100
1651,35,49,10808,791,238401,536900
1652,38,41,10770,788,238442,478600
1653,33,47,10737,774,238489,482000
1654,39,42,10698,771,238531,478500
1655,33,32,10665,772,238563,481900
1656,42,28,10623,786,238591,490300
1657,35,44,10588,777,238635,478400
1658,37,42,10551,772,238677,468900
1659,36,40,10515,768,238717,466300
1660,41,40,10474,769,238757,478100
1661,38,24,10436,783,238781,466800
1662,37,41,10399,779,238822,472400
1663,36,40,10363,775,238862,480600
1664,37,35,10326,777,238897,484100
1665,39,56,10287,760,238953,487500
1666,46,40,10241,766,238993,470200
1667,34,45,10207,755,239038,461900
1668,33,42,10174,746,239080,469400
1669,35,40,10139,741,239120,479200
1670,36,42,10103,735,239162,461200
1671,34,36,10069,733,239198,457300
1672,44,29,10025,748,239227,462300
1673,45,39,9980,754,239266,469200
1674,44,49,9936,749,239315,488700
1675,26,34,9910,741,239349,480300
1676,34,33,9876,742,239382,490500
1677,39,36,9837,745,239418,473300
1678,39,35,9798,749,239453,479300
1679,26,37,9772,738,239490,464700
1680,34,37,9738,735,239527,493700
1681,35,25,9703,745,239552,461500
1682,35,25,9668,755,239577,465200
1683,33,42,9635,746,239619,466900
1684,38,42,9597,742,239661,466400
1685,41,33,9556,750,239694,473100
1686,24,34,9532,740,239728,501300
1687,35,43,9497,732,239771,511300
1688,32,35,9465,729,239806,480100
1689,29,30,9436,728,239836,473700
1690,27,31,9409,724,239867,481000
1691,30,31,9379,723,239898,455900
1692,31,28,9348,726,239926,486200
1693,32,44,9316,714,239970,480900
1694,34,43,9282,705,240013,513800
1695,37,21,9245,721,240034,547200
1696,25,35,9220,711,240069,472200
1697,26,30,9194,707,240099,562900
1698,31,26,9163,712,240125,493800
1699,35,28,9128,719,240153,475900
1700,30,35,9098,714,240188,468700
1701,24,34,9074,704,240222,503900
1702,36,27,9038,713,240249,565700
1703,35,36,9003,712,240285,472100
1704,32,46,8971,698,240331,490700
1705,35,34,8936,699,240365,480600
1706,27,32,8909,694,240397,498200
1707,31,32,8878,693,240429,500400
1708,27,30,8851,690,240459,465000
1709,33,37,8818,686,240496,497600
1710,25,37,8793,674,240533,540900
1711,25,43,8768,656,240576,465600
1712,23,45,8745,634,240621,471100
1713,34,32,8711,636,240653,463400
1714,29,27,8682,638,240680,457100
1715,27,41,8655,624,240721,448700
1716,26,34,8629,616,240755,472600
1717,25,37,8604,604,240792,443000
1718,36,33,8568,607,240825,442500
1719,34,24,8534,617,240849,480200
1720,35,31,8499,621,240880,484700
1721,34,28,8465,627,240908,509800
1722,33,36,8432,624,240944,466800
1723,33,31,8399,626,240975,461600
1724,22,23,8377,625,240998,454900
1725,37,23,8340,639,241021,454600
1726,30,30,8310,639,241051,449600
1727,31,29,8279,641,241080,453500
1728,38,38,8241,641,241118,459800
1729,39,27,8202,653,241145,534100
1730,29,27,8173,655,241172,455800
1731,33,32,8140,656,241204,471900
1732,22,37,8118,641,241241,483800
1733,26,33,8092,634,241274,471900
1734,40,25,8052,649,241299,469800
1735,30,46,8022,633,241345,451600
1736,35,38,7987,630,241383,457700
1737,33,32,7954,631,241415,458000
1738,29,33,7925,627,241448,455800
1739,31,25,7894,633,241473,457000
1740,23,31,7871,625,241504,456900
1741,30,27,7841,628,241531,455400
1742,42,36,7799,634,241567,465300
1743,35,22,7764,647,241589,468900
1744,28,27,7736,648,241616,502100
1745,38,32,7698,654,241648,492100
1746,36,43,7662,647,241691,474400
1747,26,34,7636,639,241725,476600
1748,26,43,7610,622,241768,488600
1749,30,39,7580,613,241807,450500
1750,22,27,7558,608,241834,453200
1751,24,27,7534,605,241861,458900
1752,22,28,7512,599,241889,448200
1753,23,27,7489,595,241916,471000
1754,27,29,7462,593,241945,698100
1755,23,19,7439,597,241964,505400
1756,32,34,7407,595,241998,482400
1757,29,30,7378,594,242028,464100
1758,26,26,7352,594,242054,451500
1759,34,22,7318,606,242076,459100
1760,30,23,7288,613,242099,452400
1761,24,32,7264,605,242131,464900
1762,29,29,7235,605,242160,459000
1763,29,27,7206,607,242187,457700
1764,24,35,7182,596,242222,459100
1765,25,26,7157,595,242248,459000
1766,23,30,7134,588,242278,478900
1767,24,34,7110,578,242312,471200
1768,23,30,7087,571,242342,467500
1769,31,29,7056,573,242371,457200
1770,21,25,7035,569,242396,452000
1771,26,27,7009,568,242423,474800
1772,29,31,6980,566,242454,456500
1773,18,37,6962,547,242491,467200
1774,28,36,6934,539,242527,460500
1775,26,21,6908,544,242548,479800
1776,21,30,6887,535,242578,477700
1777,29,27,6858,537,242605,642100
1778,32,32,6826,537,242637,468300
1779,25,27,6801,535,242664,480500
1780,20,36,6781,519,242700,453400
1781,23,25,6758,517,242725,570600
1782,27,26,6731,518,242751,453600
1783,19,20,6712,517,242771,455100
1784,21,20,6691,518,242791,455900
1785,22,27,6669,513,242818,452400
1786,20,23,6649,510,242841,465200
1787,28,23,6621,515,242864,463200
1788,30,18,6591,527,242882,456300
1789,29,27,6562,529,242909,566700
1790,23,20,6539,532,242929,499300
1791,29,30,6510,531,242959,489800
1792,22,31,6488,522,242990,468900
1793,20,25,6468,517,243015,466300
1794,16,20,6452,513,243035,478200
1795,30,26,6422,517,243061,459100
1796,24,25,6398,516,243086,455000
1797,24,26,6374,514,243112,452700
1798,28,26,6346,516,243138,456100
1799,24,19,6322,521,243157,469500
1800,18,25,6304,514,243182,449700
1801,15,32,6289,497,243214,487900
1802,16,24,6273,489,243238,473600
1803,23,22,6250,490,243260,462500
1804,23,33,6227,480,243293,471100
1805,29,31,6198,478,243324,456200
1806,19,25,6179,472,243349,454200
1807,16,18,6163,470,243367,453600
1808,26,22,6137,474,243389,453400
1809,22,23,6115,473,243412,463300
1810,26,25,6089,474,243437,464800
1811,18,23,6071,469,243460,456100
1812,28,34,6043,463,243494,481200
1813,27,20,6016,470,243514,595200
1814,19,25,5997,464,243539,488000
1815,18,23,5979,459,243562,466900
1816,22,19,5957,462,243581,449700
1817,24,19,5933,467,243600,452300
1818,26,22,5907,471,243622,460900
1819,30,25,5877,476,243647,458300
1820,22,16,5855,482,243663,462700
1821,19,27,5836,474,243690,458200
1822,23,18,5813,479,243708,454800
1823,15,21,5798,473,243729,448300
1824,13,24,5785,462,243753,491300
1825,23,20,5762,465,243773,523900
1826,19,25,5743,459,243798,462100
1827,21,21,5722,459,243819,467800
1828,16,31,5706,444,243850,468900
1829,11,24,5695,431,243874,466200
1830,14,18,5681,427,243892,473900
1831,15,10,5666,432,243902,451600
1832,11,24,5655,419,243926,471800
1833,15,25,5640,409,243951,462100
1834,19,20,5621,408,243971,494200
1835,18,23,5603,403,243994,629000
1836,18,18,5585,403,244012,491500
1837,14,19,5571,398,244031,468400
1838,17,21,5554,394,244052,451800
1839,14,16,5540,392,244068,444700
1840,15,25,5525,382,244093,456200
1841,19,18,5506,383,244111,466600
1842,20,14,5486,389,244125,469700
1843,12,16,5474,385,244141,463500
1844,15,21,5459,379,244162,452800
1845,18,20,5441,377,244182,452500
1846,14,28,5427,363,244210,449000
1847,15,13,5412,365,244223,458000
1848,21,26,5391,360,244249,499200
1849,15,18,5376,357,244267,458800
1850,21,19,5355,359,244286,459300
1851,14,15,5341,358,244301,475300
1852,15,19,5326,354,244320,451800
1853,11,20,5315,345,244340,464800
1854,18,11,5297,352,244351,444000
1855,22,20,5275,354,244371,449500
1856,12,14,5263,352,244385,450800
1857,12,17,5251,347,244402,451200
1858,17,24,5234,340,244426,465600
1859,12,18,5222,334,244444,513400
1860,19,12,5203,341,244456,552000
1861,10,29,5193,322,244485,503800
1862,13,16,5180,319,244501,473600
1863,16,19,5164,316,244520,570400
1864,13,20,5151,309,244540,545200
1865,15,23,5136,301,244563,517100
1866,14,15,5122,300,244578,453400
1867,23,10,5099,313,244588,482300
1868,13,20,5086,306,244608,466800
1869,25,13,5061,318,244621,461100
1870,17,22,5044,313,244643,523300
1871,18,9,5026,322,244652,485300
1872,17,18,5009,321,244670,471300
1873,18,19,4991,320,244689,473100
1874,14,16,4977,318,244705,448900
1875,15,9,4962,324,244714,455100
1876,16,17,4946,323,244731,478300
1877,15,18,4931,320,244749,469000
1878,19,14,4912,325,244763,500700
1879,12,15,4900,322,244778,659700
1880,15,16,4885,321,244794,468100
1881,15,15,4870,321,244809,465700
1882,17,25,4853,313,244834,478600
1883,18,15,4835,316,244849,483700
1884,16,18,4819,314,244867,463300
1885,12,16,4807,310,244883,464100
1886,19,18,4788,311,244901,448400
1887,11,14,4777,308,244915,445700
1888,11,13,4766,306,244928,443500
1889,19,21,4747,304,244949,463200
1890,16,22,4731,298,244971,482900
1891,8,11,4723,295,244982,466400
1892,6,10,4717,291,244992,453600
1893,13,21,4704,283,245013,463800
1894,11,13,4693,281,245026,474600
1895,12,7,4681,286,245033,458900
1896,11,14,4670,283,245047,454600
1897,13,17,4657,279,245064,458800
1898,11,18,4646,272,245082,456400
1899,6,17,4640,261,245099,445500
1900,10,13,4630,258,245112,451000
1901,15,9,4615,264,245121,455700
1902,6,14,4609,256,245135,447700
1903,11,14,4598,253,245149,453400
1904,5,11,4593,247,245160,448200
1905,8,16,4585,239,245176,519100
1906,14,4,4571,249,245180,548500
1907,7,6,4564,250,245186,475600
1908,6,24,4558,232,245210,449400
1909,8,9,4550,231,245219,466100
1910,6,10,4544,227,245229,447500
1911,8,14,4536,221,245243,480300
1912,15,9,4521,227,245252,464000
1913,10,9,4511,228,245261,451300
1914,11,9,4500,230,245270,478100
1915,6,11,4494,225,245281,457800
1916,9,7,4485,227,245288,444400
1917,15,12,4470,230,245300,474400
1918,13,6,4457,237,245306,481100
1919,15,9,4442,243,245315,472700
1920,8,12,4434,239,245327,463400
1921,9,7,4425,241,245334,475500
1922,10,18,4415,233,245352,466300
1923,10,9,4405,234,245361,454800
1924,16,12,4389,238,245373,459000
1925,11,20,4378,229,245393,454500
1926,10,7,4368,232,245400,449500
1927,9,11,4359,230,245411,456200
1928,13,13,4346,230,245424,471200
1929,19,13,4327,236,245437,498500
1930,15,12,4312,239,245449,479000
1931,12,13,4300,238,245462,471600
1932,8,10,4292,236,245472,472200
1933,12,8,4280,240,245480,479600
1934,11,9,4269,242,245489,466400
1935,13,10,4256,245,245499,450900
1936,10,13,4246,242,245512,467600
1937,11,7,4235,246,245519,455200
1938,10,7,4225,249,245526,454500
1939,15,12,4210,252,245538,447000
1940,10,7,4200,255,245545,487200
1941,14,16,4186,253,245561,470700
1942,3,18,4183,238,245579,469400
1943,9,13,4174,234,245592,465200
1944,11,9,4163,236,245601,451100
1945,9,13,4154,232,245614,458000
1946,8,12,4146,228,245626,449100
1947,9,14,4137,223,245640,455200
1948,7,12,4130,218,245652,541200
1949,9,8,4121,219,245660,467200
1950,11,10,4110,220,245670,465800
1951,3,15,4107,208,245685,544800
1952,5,16,4102,197,245701,491700
1953,3,8,4099,192,245709,552800
1954,7,11,4092,188,245720,460700
1955,4,9,4088,183,245729,467100
1956,9,11,4079,181,245740,448200
1957,4,11,4075,174,245751,446700
1958,6,12,4069,168,245763,448800
1959,8,7,4061,169,245770,451500
1960,8,8,4053,169,245778,452000
1961,7,13,4046,163,245791,461800
1962,9,8,4037,164,245799,540600
1963,2,8,4035,158,245807,465400
1964,2,11,4033,149,245818,486800
1965,6,6,4027,149,245824,514600
1966,5,5,4022,149,245829,464100
1967,4,15,4018,138,245844,464000
1968,8,5,4010,141,245849,467100
1969,7,1,4003,147,245850,446300
1970,9,4,3994,152,245854,456100
1971,7,5,3987,154,245859,551500
1972,7,8,3980,153,245867,470800
1973,10,8,3970,155,245875,447200
1974,6,6,3964,155,245881,450200
1975,4,5,3960,154,245886,470000
1976,4,8,3956,150,245894,457200
1977,7,12,3949,145,245906,491700
1978,7,7,3942,145,245913,469800
1979,3,4,3939,144,245917,446600
1980,6,4,3933,146,245921,442700
1981,3,6,3930,143,245927,446100
1982,5,5,3925,143,245932,441100
1983,4,7,3921,140,245939,504900
1984,3,6,3918,137,245945,467800
1985,5,7,3913,135,245952,467800
1986,6,11,3907,130,245963,454700
1987,3,7,3904,126,245970,534900
1988,1,9,3903,118,245979,463700
1989,7,7,3896,118,245986,463800
1990,2,6,3894,114,245992,442600
1991,4,7,3890,111,245999,447600
1992,0,8,3890,103,246007,441000
1993,4,3,3886,104,246010,449200
1994,3,7,3883,100,246017,445300
1995,3,4,3880,99,246021,444700
1996,1,5,3879,95,246026,447300
1997,2,2,3877,95,246028,539800
1998,1,3,3876,93,246031,467000
1999,2,5,3874,90,246036,470800
2000,2,3,3872,89,246039,485500
2001,0,3,3872,86,246042,450200
2002,1,5,3871,82,246047,459900
2003,1,3,3870,80,246050,445400
2004,1,8,3869,73,246058,466400
2005,2,3,3867,72,246061,448100
2006,1,5,3866,68,246066,451200
2007,2,7,3864,63,246073,449600
2008,0,5,3864,58,246078,439500
2009,0,1,3864,57,246079,449000
2010,0,0,3864,57,246079,481900
2011,1,4,3863,54,246083,478700
2012,0,3,3863,51,246086,476100
2013,0,5,3863,46,246091,462100
2014,0,6,3863,40,246097,452800
2015,0,7,3863,33,246104,452900
2016,1,2,3862,32,246106,449500
2017,0,0,3862,32,246106,457300
2018,1,2,3861,31,246108,456800
2019,0,3,3861,28,246111,444000
2020,0,1,3861,27,246112,450600
2021,1,1,3860,27,246113,468000
2022,1,3,3859,25,246116,471400
2023,0,0,3859,25,246116,498400
2024,1,1,3858,25,246117,478800
2025,1,0,3857,26,246117,465400
2026,0,0,3857,26,246117,463800
2027,0,3,3857,23,246120,448700
2028,2,1,3855,24,246121,451000
2029,0,2,3855,22,246123,445800
2030,0,1,3855,21,246124,446200
2031,0,1,3855,20,246125,450100
2032,1,2,3854,19,246127,450100
2033,0,1,3854,18,246128,456400
2034,2,0,3852,20,246128,458200
2035,0,2,3852,18,246130,477100
2036,1,1,3851,18,246131,456800
2037,1,1,3850,18,246132,452900
2038,0,0,3850,18,246132,448200
2039,0,0,3850,18,246132,453100
2040,0,2,3850,16,246134,462800
2041,0,0,3850,16,246134,456900
2042,1,0,3849,17,246134,463100
2043,0,0,3849,17,246134,462000
2044,1,1,3848,17,246135,458100
2045,1,2,3847,16,246137,537500
2046,0,0,3847,16,246137,449800
2047,1,0,3846,17,246137,456500
2048,0,1,3846,16,246138,451300
2049,1,1,3845,16,246139,456200
2050,3,1,3842,18,246140,459500
2051,2,1,3840,19,246141,447500
2052,1,0,3839,20,246141,455700
2053,3,1,3836,22,246142,471900
2054,1,1,3835,22,246143,451700
2055,0,0,3835,22,246143,446000
2056,0,1,3835,21,246144,440200
2057,1,1,3834,21,246145,447100
2058,2,0,3832,23,246145,445500
2059,0,0,3832,23,246145,460700
2060,1,4,3831,20,246149,484700
2061,1,0,3830,21,246149,456100
2062,1,2,3829,20,246151,547000
2063,0,0,3829,20,246151,446600
2064,1,1,3828,20,246152,444800
2065,0,2,3828,18,246154,532500
2066,0,1,3828,17,246155,541400
2067,1,2,3827,16,246157,488200
2068,1,0,3826,17,246157,448700
2069,0,1,3826,16,246158,446600
2070,0,1,3826,15,246159,449400
2071,0,1,3826,14,246160,455900
2072,0,0,3826,14,246160,454800
2073,0,0,3826,14,246160,448100
2074,0,0,3826,14,246160,441800
2075,0,2,3826,12,246162,441600
2076,0,1,3826,11,246163,449700
2077,0,1,3826,10,246164,459600
2078,0,0,3826,10,246164,459100
2079,0,0,3826,10,246164,445300
2080,0,1,3826,9,246165,453400
2081,0,1,3826,8,246166,449900
2082,0,0,3826,8,246166,454900
2083,0,0,3826,8,246166,545600
2084,0,0,3826,8,246166,456800
2085,0,0,3826,8,246166,465900
2086,0,1,3826,7,246167,468100
2087,0,0,3826,7,246167,459800
2088,0,0,3826,7,246167,453300
2089,0,0,3826,7,246167,453200
2090,0,0,3826,7,246167,448000
2091,0,0,3826,7,246167,442100
2092,0,0,3826,7,246167,525300
2093,0,0,3826,7,246167,538100
2094,0,1,3826,6,246168,472000
2095,0,0,3826,6,246168,491700
2096,0,2,3826,4,246170,451500
2097,0,0,3826,4,246170,440500
2098,0,0,3826,4,246170,436100
2099,0,0,3826,4,246170,439600
2100,0,0,3826,4,246170,449600
2101,0,0,3826,4,246170,456900
2102,0,0,3826,4,246170,524400
2103,0,0,3826,4,246170,543600
2104,0,0,3826,4,246170,562900
2105,0,0,3826,4,246170,532400
2106,0,0,3826,4,246170,465500
2107,0,0,3826,4,246170,451900
2108,0,0,3826,4,246170,445700
2109,0,0,3826,4,246170,441300
2110,0,0,3826,4,246170,438200
2111,0,0,3826,4,246170,462800
2112,0,0,3826,4,246170,457100
2113,0,0,3826,4,246170,452300
2114,0,0,3826,4,246170,461700
2115,0,0,3826,4,246170,453100
2116,0,1,3826,3,246171,451800
2117,0,0,3826,3,246171,465900
2118,0,0,3826,3,246171,474300
2119,0,0,3826,3,246171,466700
2120,0,0,3826,3,246171,476100
2121,0,0,3826,3,246171,459900
2122,0,0,3826,3,246171,456900
2123,0,0,3826,3,246171,449700
2124,0,0,3826,3,246171,440100
2125,0,0,3826,3,246171,435700
2126,0,0,3826,3,246171,436000
2127,0,0,3826,3,246171,452600
2128,0,0,3826,3,246171,448300
2129,0,0,3826,3,246171,458500
2130,0,0,3826,3,246171,445900
2131,0,0,3826,3,246171,459600
2132,0,0,3826,3,246171,446300
2133,0,0,3826,3,246171,456300
2134,0,0,3826,3,246171,450600
2135,0,0,3826,3,246171,459200
2136,0,0,3826,3,246171,451000
2137,0,0,3826,3,246171,452700
2138,0,0,3826,3,246171,471100
2139,0,0,3826,3,246171,450900
2140,0,0,3826,3,246171,459200
2141,0,0,3826,3,246171,452800
2142,0,0,3826,3,246171,463200
2143,0,0,3826,3,246171,535800
2144,0,0,3826,3,246171,482800
2145,0,0,3826,3,246171,450100
2146,0,0,3826,3,246171,461800
2147,0,0,3826,3,246171,456600
2148,0,1,3826,2,246172,472200
2149,0,1,3826,1,246173,450500
2150,0,0,3826,1,246173,450400
2151,0,0,3826,1,246173,448700
2152,0,0,3826,1,246173,453500
2153,0,0,3826,1,246173,448300
2154,0,0,3826,1,246173,482000
2155,0,1,3826,0,246174,462200
