Tick,NewlyInfected,NewlyRecovered,TotalSusceptible,TotalInfected,TotalRecovered,StepTimeNanos
0,5,0,249990,10,0,1122100
1,2,0,249988,12,0,512900
2,1,2,249987,11,2,491800
3,5,0,249982,16,2,444300
4,4,1,249978,19,3,433800
5,5,1,249973,23,4,445600
6,7,2,249966,28,6,442700
7,5,1,249961,32,7,504100
8,3,2,249958,33,9,454500
9,6,1,249952,38,10,433500
10,13,2,249939,49,12,434700
11,11,0,249928,60,12,463200
12,9,1,249919,68,13,430500
13,5,3,249914,70,16,436900
14,7,2,249907,75,18,429400
15,8,4,249899,79,22,436600
16,7,4,249892,82,26,472500
17,5,5,249887,82,31,444800
18,6,3,249881,85,34,450100
19,10,3,249871,92,37,457100
20,14,4,249857,102,41,428000
21,12,5,249845,109,46,437400
22,13,6,249832,116,52,449500
23,9,5,249823,120,57,446000
24,14,8,249809,126,65,452000
25,18,6,249791,138,71,449300
26,12,11,249779,139,82,442400
27,15,3,249764,151,85,453000
28,13,4,249751,160,89,429600
29,15,6,249736,169,95,427800
30,15,10,249721,174,105,465100
31,9,4,249712,179,109,462200
32,16,5,249696,190,114,463400
33,17,5,249679,202,119,460900
34,17,11,249662,208,130,482700
35,14,9,249648,213,139,466300
36,20,12,249628,221,151,435200
37,30,4,249598,247,155,452100
38,21,10,249577,258,165,432700
39,21,11,249556,268,176,466400
40,25,12,249531,281,188,445800
41,25,14,249506,292,202,435700
42,35,16,249471,311,218,437000
43,17,17,249454,311,235,434200
44,29,15,249425,325,250,426800
45,29,12,249396,342,262,482500
46,25,17,249371,350,279,536500
47,32,18,249339,364,297,443100
48,37,18,249302,383,315,446900
49,27,15,249275,395,330,470600
50,37,17,249238,415,347,449900
51,36,20,249202,431,367,433000
52,32,20,249170,443,387,454500
53,28,17,249142,454,404,440200
54,34,21,249108,467,425,436400
55,42,27,249066,482,452,430100
56,32,24,249034,490,476,439100
57,36,18,248998,508,494,533500
58,32,23,248966,517,517,475900
59,44,25,248922,536,542,448400
60,29,24,248893,541,566,437300
61,31,26,248862,546,592,427000
62,48,28,248814,566,620,454300
63,36,29,248778,573,649,446500
64,40,23,248738,590,672,436700
65,42,28,248696,604,700,431100
66,43,27,248653,620,727,458700
67,54,30,248599,644,757,442800
68,46,26,248553,664,783,469400
69,47,31,248506,680,814,449700
70,46,36,248460,690,850,456100
71,46,47,248414,689,897,442000
72,58,28,248356,719,925,447700
73,54,29,248302,744,954,438800
74,46,41,248256,749,995,457600
75,53,35,248203,767,1030,450500
76,50,46,248153,771,1076,436400
77,50,37,248103,784,1113,544700
78,51,47,248052,788,1160,429200
79,53,38,247999,803,1198,426000
80,45,52,247954,796,1250,441500
81,60,35,247894,821,1285,426800
82,58,51,247836,828,1336,430200
83,54,53,247782,829,1389,452600
84,56,45,247726,840,1434,445400
85,51,52,247675,839,1486,432000
86,50,36,247625,853,1522,426900
87,62,44,247563,871,1566,434800
88,60,49,247503,882,1615,440800
89,63,59,247440,886,1674,430800
90,54,45,247386,895,1719,436100
91,64,45,247322,914,1764,613700
92,55,38,247267,931,1802,479500
93,57,45,247210,943,1847,441700
94,68,50,247142,961,1897,466200
95,66,40,247076,987,1937,430600
96,68,52,247008,1003,1989,441800
97,58,49,246950,1012,2038,438900
98,62,53,246888,1021,2091,435200
99,56,50,246832,1027,2141,524000
100,69,55,246763,1041,2196,611000
101,75,52,246688,1064,2248,468300
102,60,53,246628,1071,2301,483500
103,58,57,246570,1072,2358,436500
104,74,58,246496,1088,2416,446300
105,68,65,246428,1091,2481,434800
106,83,74,246345,1100,2555,436200
107,68,56,246277,1112,2611,435700
108,62,47,246215,1127,2658,529700
109,76,60,246139,1143,2718,445700
110,65,54,246074,1154,2772,438700
111,77,54,245997,1177,2826,441900
112,73,67,245924,1183,2893,441300
113,61,67,245863,1177,2960,450800
114,88,63,245775,1202,3023,459900
115,65,66,245710,1201,3089,443100
116,75,44,245635,1232,3133,431600
117,64,51,245571,1245,3184,457800
118,84,60,245487,1269,3244,452600
119,93,56,245394,1306,3300,458300
120,62,53,245332,1315,3353,467300
121,64,53,245268,1326,3406,454500
122,80,71,245188,1335,3477,456600
123,81,61,245107,1355,3538,453400
124,84,64,245023,1375,3602,432600
125,89,70,244934,1394,3672,721400
126,82,66,244852,1410,3738,600000
127,70,62,244782,1418,3800,454800
128,94,77,244688,1435,3877,437100
129,79,67,244609,1447,3944,431800
130,87,72,244522,1462,4016,430500
131,92,72,244430,1482,4088,430500
132,75,79,244355,1478,4167,441600
133,87,74,244268,1491,4241,435200
134,85,75,244183,1501,4316,479200
135,85,68,244098,1518,4384,455300
136,84,61,244014,1541,4445,439100
137,81,77,243933,1545,4522,524000
138,94,88,243839,1551,4610,442700
139,89,86,243750,1554,4696,434900
140,88,87,243662,1555,4783,442800
141,101,78,243561,1578,4861,438200
142,94,88,243467,1584,4949,469800
143,84,72,243383,1596,5021,446800
144,89,61,243294,1624,5082,439400
145,106,87,243188,1643,5169,483100
146,83,88,243105,1638,5257,435900
147,99,79,243006,1658,5336,437700
148,102,60,242904,1700,5396,434200
149,82,87,242822,1695,5483,445200
150,99,92,242723,1702,5575,443700
151,82,86,242641,1698,5661,477400
152,84,86,242557,1696,5747,502600
153,77,93,242480,1680,5840,449800
154,93,87,242387,1686,5927,526400
155,74,102,242313,1658,6029,443500
156,103,79,242210,1682,6108,438900
157,100,94,242110,1688,6202,428500
158,86,86,242024,1688,6288,449500
159,97,77,241927,1708,6365,548900
160,112,92,241815,1728,6457,556400
161,92,89,241723,1731,6546,450500
162,102,88,241621,1745,6634,451800
163,95,91,241526,1749,6725,459400
164,84,97,241442,1736,6822,448900
165,108,94,241334,1750,6916,442700
166,93,95,241241,1748,7011,440700
167,104,86,241137,1766,7097,458700
168,100,76,241037,1790,7173,473400
169,102,89,240935,1803,7262,485900
170,119,101,240816,1821,7363,517100
171,107,90,240709,1838,7453,448000
172,114,97,240595,1855,7550,454100
173,121,84,240474,1892,7634,439400
174,115,95,240359,1912,7729,441100
175,114,94,240245,1932,7823,437100
176,122,94,240123,1960,7917,572500
177,104,85,240019,1979,8002,470400
178,95,111,239924,1963,8113,546800
179,127,93,239797,1997,8206,446600
180,108,110,239689,1995,8316,444500
181,130,114,239559,2011,8430,440100
182,126,96,239433,2041,8526,444200
183,126,113,239307,2054,8639,444100
184,128,105,239179,2077,8744,461200
185,129,105,239050,2101,8849,491600
186,135,95,238915,2141,8944,452900
187,141,86,238774,2196,9030,466500
188,135,111,238639,2220,9141,445100
189,143,103,238496,2260,9244,447700
190,132,131,238364,2261,9375,455800
191,129,129,238235,2261,9504,473800
192,121,111,238114,2271,9615,448000
193,148,138,237966,2281,9753,461800
194,121,109,237845,2293,9862,479500
195,138,109,237707,2322,9971,454200
196,143,108,237564,2357,10079,447200
197,134,120,237430,2371,10199,470300
198,147,138,237283,2380,10337,472900
199,139,121,237144,2398,10458,464900
200,143,145,237001,2396,10603,459000
201,141,132,236860,2405,10735,453000
202,143,116,236717,2432,10851,489100
203,167,116,236550,2483,10967,482300
204,152,120,236398,2515,11087,461100
205,135,128,236263,2522,11215,455500
206,148,133,236115,2537,11348,452900
207,134,129,235981,2542,11477,452100
208,123,135,235858,2530,11612,462100
209,150,119,235708,2561,11731,443000
210,157,124,235551,2594,11855,452700
211,166,143,235385,2617,11998,507700
212,150,149,235235,2618,12147,472700
213,153,128,235082,2643,12275,482400
214,145,109,234937,2679,12384,462000
215,156,128,234781,2707,12512,449700
216,172,130,234609,2749,12642,457300
217,168,140,234441,2777,12782,454900
218,134,130,234307,2781,12912,468900
219,131,132,234176,2780,13044,544700
220,153,128,234023,2805,13172,503500
221,148,143,233875,2810,13315,462200
222,163,133,233712,2840,13448,456000
223,147,162,233565,2825,13610,467900
224,169,114,233396,2880,13724,456700
225,156,155,233240,2881,13879,451500
226,158,125,233082,2914,14004,458100
227,143,179,232939,2878,14183,457700
228,155,144,232784,2889,14327,567600
229,137,137,232647,2889,14464,484300
230,156,126,232491,2919,14590,464600
231,162,158,232329,2923,14748,477400
232,138,152,232191,2909,14900,457900
233,159,141,232032,2927,15041,453700
234,166,132,231866,2961,15173,473800
235,152,174,231714,2939,15347,450100
236,164,147,231550,2956,15494,568800
237,171,125,231379,3002,15619,480300
238,170,155,231209,3017,15774,500400
239,174,133,231035,3058,15907,456500
240,174,160,230861,3072,16067,475700
241,166,142,230695,3096,16209,452400
242,188,146,230507,3138,16355,443700
243,179,186,230328,3131,16541,455700
244,166,144,230162,3153,16685,458800
245,188,156,229974,3185,16841,493600
246,166,148,229808,3203,16989,478200
247,154,157,229654,3200,17146,459400
248,187,143,229467,3244,17289,540800
249,162,180,229305,3226,17469,457300
250,169,154,229136,3241,17623,464000
251,178,148,228958,3271,17771,450300
252,196,163,228762,3304,17934,447800
253,169,174,228593,3299,18108,461700
254,175,141,228418,3333,18249,495100
255,198,162,228220,3369,18411,476000
256,181,154,228039,3396,18565,472100
257,170,189,227869,3377,18754,499700
258,172,202,227697,3347,18956,456000
259,176,154,227521,3369,19110,448300
260,168,161,227353,3376,19271,462200
261,158,162,227195,3372,19433,448100
262,170,170,227025,3372,19603,449800
263,177,165,226848,3384,19768,481200
264,189,173,226659,3400,19941,518100
265,184,156,226475,3428,20097,463200
266,158,172,226317,3414,20269,469400
267,184,170,226133,3428,20439,460200
268,158,180,225975,3406,20619,452500
269,174,162,225801,3418,20781,459300
270,170,178,225631,3410,20959,464600
271,198,168,225433,3440,21127,639100
272,195,164,225238,3471,21291,582200
273,200,165,225038,3506,21456,492600
274,154,194,224884,3466,21650,459800
275,172,181,224712,3457,21831,468900
276,177,174,224535,3460,22005,452900
277,180,181,224355,3459,22186,448300
278,186,190,224169,3455,22376,449000
279,176,159,223993,3472,22535,444400
280,166,157,223827,3481,22692,469400
281,175,173,223652,3483,22865,498800
282,178,171,223474,3490,23036,481000
283,178,167,223296,3501,23203,486500
284,157,177,223139,3481,23380,459900
285,154,162,222985,3473,23542,453200
286,147,165,222838,3455,23707,460100
287,173,149,222665,3479,23856,451900
288,158,163,222507,3474,24019,464900
289,183,166,222324,3491,24185,492800
290,164,183,222160,3472,24368,548600
291,145,198,222015,3419,24566,465700
292,177,182,221838,3414,24748,450600
293,174,167,221664,3421,24915,446500
294,159,158,221505,3422,25073,458500
295,180,162,221325,3440,25235,460800
296,197,164,221128,3473,25399,451800
297,189,176,220939,3486,25575,456500
298,203,170,220736,3519,25745,491000
299,167,173,220569,3513,25918,481400
300,176,167,220393,3522,26085,467600
301,176,204,220217,3494,26289,474400
302,170,175,220047,3489,26464,453000
303,177,183,219870,3483,26647,469900
304,165,175,219705,3473,26822,458100
305,189,182,219516,3480,27004,464900
306,172,159,219344,3493,27163,455800
307,165,187,219179,3471,27350,620000
308,177,182,219002,3466,27532,486300
309,146,170,218856,3442,27702,494400
310,174,174,218682,3442,27876,481100
311,158,180,218524,3420,28056,465500
312,171,160,218353,3431,28216,454400
313,173,189,218180,3415,28405,454300
314,157,181,218023,3391,28586,462200
315,189,171,217834,3409,28757,458100
316,187,184,217647,3412,28941,467600
317,173,168,217474,3417,29109,472400
318,160,173,217314,3404,29282,464600
319,202,148,217112,3458,29430,458600
320,181,190,216931,3449,29620,456300
321,177,179,216754,3447,29799,460800
322,190,163,216564,3474,29962,552500
323,159,170,216405,3463,30132,459700
324,174,183,216231,3454,30315,459400
325,162,186,216069,3430,30501,531500
326,164,170,215905,3424,30671,467000
327,179,183,215726,3420,30854,466900
328,164,180,215562,3404,31034,467100
329,155,144,215407,3415,31178,471700
330,153,161,215254,3407,31339,458000
331,173,168,215081,3412,31507,453200
332,189,170,214892,3431,31677,479000
333,163,167,214729,3427,31844,459000
334,167,145,214562,3449,31989,476900
335,174,168,214388,3455,32157,480800
336,190,183,214198,3462,32340,466600
337,178,197,214020,3443,32537,455200
338,162,198,213858,3407,32735,470800
339,146,171,213712,3382,32906,451000
340,147,156,213565,3373,33062,472200
341,172,160,213393,3385,33222,461000
342,172,177,213221,3380,33399,455500
343,140,154,213081,3366,33553,481600
344,178,154,212903,3390,33707,459100
345,174,173,212729,3391,33880,461600
346,165,156,212564,3400,34036,452300
347,159,166,212405,3393,34202,454800
348,175,190,212230,3378,34392,465200
349,164,167,212066,3375,34559,455300
350,156,176,211910,3355,34735,455000
351,160,179,211750,3336,34914,447800
352,161,148,211589,3349,35062,478600
353,169,189,211420,3329,35251,483700
354,158,169,211262,3318,35420,476900
355,133,162,211129,3289,35582,564400
356,149,171,210980,3267,35753,465800
357,161,167,210819,3261,35920,455600
358,174,153,210645,3282,36073,455300
359,165,171,210480,3276,36244,465800
360,153,169,210327,3260,36413,453900
361,161,178,210166,3243,36591,456000
362,170,157,209996,3256,36748,479600
363,154,167,209842,3243,36915,462700
364,172,161,209670,3254,37076,456700
365,151,159,209519,3246,37235,459000
366,157,159,209362,3244,37394,537500
367,163,172,209199,3235,37566,458000
368,175,155,209024,3255,37721,475900
369,190,177,208834,3268,37898,482200
370,173,167,208661,3274,38065,459400
371,153,191,208508,3236,38256,462400
372,168,151,208340,3253,38407,457500
373,160,155,208180,3258,38562,453800
374,171,160,208009,3269,38722,454400
375,185,170,207824,3284,38892,453600
376,151,147,207673,3288,39039,472000
377,165,149,207508,3304,39188,547000
378,149,168,207359,3285,39356,458000
379,175,177,207184,3283,39533,455700
380,157,184,207027,3256,39717,549300
381,140,167,206887,3229,39884,466700
382,147,150,206740,3226,40034,456500
383,146,166,206594,3206,40200,472200
384,158,177,206436,3187,40377,459200
385,161,175,206275,3173,40552,455000
386,159,141,206116,3191,40693,455000
387,155,146,205961,3200,40839,472000
388,151,162,205810,3189,41001,463400
389,158,143,205652,3204,41144,477700
390,141,168,205511,3177,41312,506800
391,162,164,205349,3175,41476,464800
392,138,161,205211,3152,41637,464300
393,154,163,205057,3143,41800,453800
394,171,157,204886,3157,41957,445700
395,151,142,204735,3166,42099,460400
396,133,169,204602,3130,42268,457100
397,149,151,204453,3128,42419,451000
398,158,135,204295,3151,42554,550800
399,138,147,204157,3142,42701,476900
400,166,167,203991,3141,42868,457000
401,167,153,203824,3155,43021,450600
402,182,169,203642,3168,43190,469600
403,145,174,203497,3139,43364,479400
404,157,157,203340,3139,43521,459700
405,156,142,203184,3153,43663,461100
406,155,162,203029,3146,43825,458000
407,149,162,202880,3133,43987,460000
408,167,170,202713,3130,44157,463800
409,155,167,202558,3118,44324,461700
410,150,164,202408,3104,44488,465600
411,144,159,202264,3089,44647,460300
412,145,146,202119,3088,44793,452200
413,123,169,201996,3042,44962,449900
414,138,149,201858,3031,45111,461100
415,160,137,201698,3054,45248,465500
416,163,136,201535,3081,45384,459700
417,140,148,201395,3073,45532,474100
418,153,158,201242,3068,45690,465100
419,139,137,201103,3070,45827,474600
420,142,158,200961,3054,45985,456000
421,146,155,200815,3045,46140,462300
422,156,150,200659,3051,46290,464200
423,148,123,200511,3076,46413,450800
424,153,149,200358,3080,46562,451800
425,146,147,200212,3079,46709,453600
426,148,134,200064,3093,46843,463900
427,163,151,199901,3105,46994,565200
428,161,178,199740,3088,47172,473500
429,165,168,199575,3085,47340,467700
430,145,143,199430,3087,47483,459800
431,144,147,199286,3084,47630,472900
432,161,139,199125,3106,47769,457700
433,139,155,198986,3090,47924,456600
434,149,131,198837,3108,48055,461400
435,165,138,198672,3135,48193,466700
436,147,154,198525,3128,48347,489200
437,191,161,198334,3158,48508,488800
438,161,134,198173,3185,48642,487200
439,155,163,198018,3177,48805,455900
440,176,163,197842,3190,48968,454100
441,187,186,197655,3191,49154,457700
442,165,158,197490,3198,49312,463600
443,201,161,197289,3238,49473,463900
444,182,164,197107,3256,49637,488100
445,185,151,196922,3290,49788,508000
446,179,152,196743,3317,49940,504100
447,188,159,196555,3346,50099,468900
448,184,174,196371,3356,50273,463600
449,192,157,196179,3391,50430,473400
450,184,166,195995,3409,50596,466500
451,184,166,195811,3427,50762,484900
452,179,162,195632,3444,50924,465900
453,163,187,195469,3420,51111,468700
454,157,173,195312,3404,51284,572700
455,197,165,195115,3436,51449,475500
456,187,192,194928,3431,51641,457300
457,181,148,194747,3464,51789,550700
458,181,161,194566,3484,51950,462300
459,183,177,194383,3490,52127,459500
460,140,197,194243,3433,52324,466600
461,187,188,194056,3432,52512,451200
462,182,167,193874,3447,52679,466800
463,181,166,193693,3462,52845,462300
464,169,182,193524,3449,53027,584100
465,181,168,193343,3462,53195,476100
466,192,169,193151,3485,53364,464100
467,186,199,192965,3472,53563,467400
468,181,156,192784,3497,53719,462200
469,170,170,192614,3497,53889,469300
470,160,176,192454,3481,54065,465900
471,172,176,192282,3477,54241,484700
472,165,160,192117,3482,54401,485100
473,176,175,191941,3483,54576,589300
474,184,194,191757,3473,54770,556400
475,181,160,191576,3494,54930,468500
476,152,165,191424,3481,55095,459000
477,160,163,191264,3478,55258,480400
478,165,176,191099,3467,55434,481300
479,168,178,190931,3457,55612,463200
480,139,189,190792,3407,55801,467900
481,168,159,190624,3416,55960,456500
482,139,174,190485,3381,56134,484000
483,166,175,190319,3372,56309,454300
484,184,170,190135,3386,56479,464700
485,143,167,189992,3362,56646,471900
486,163,179,189829,3346,56825,456300
487,152,185,189677,3313,57010,473900
488,143,153,189534,3303,57163,477700
489,161,175,189373,3289,57338,469600
490,169,180,189204,3278,57518,484400
491,173,161,189031,3290,57679,463200
492,158,158,188873,3290,57837,475700
493,155,170,188718,3275,58007,457100
494,142,157,188576,3260,58164,453300
495,131,165,188445,3226,58329,467800
496,149,186,188296,3189,58515,477700
497,163,159,188133,3193,58674,468000
498,144,150,187989,3187,58824,469200
499,147,144,187842,3190,58968,465000
500,160,161,187682,3189,59129,458000
501,151,146,187531,3194,59275,455800
502,164,155,187367,3203,59430,460600
503,151,152,187216,3202,59582,473700
504,163,156,187053,3209,59738,468200
505,180,157,186873,3232,59895,480900
506,181,160,186692,3253,60055,476400
507,154,150,186538,3257,60205,471200
508,154,158,186384,3253,60363,468500
509,159,189,186225,3223,60552,490300
510,171,158,186054,3236,60710,479600
511,170,134,185884,3272,60844,482700
512,156,182,185728,3246,61026,575700
513,157,162,185571,3241,61188,485500
514,161,154,185410,3248,61342,467900
515,176,180,185234,3244,61522,468100
516,167,163,185067,3248,61685,477000
517,193,162,184874,3279,61847,481200
518,170,162,184704,3287,62009,516600
519,160,144,184544,3303,62153,518800
520,169,167,184375,3305,62320,518800
521,167,187,184208,3285,62507,531600
522,182,171,184026,3296,62678,496500
523,170,149,183856,3317,62827,540600
524,175,176,183681,3316,63003,470000
525,193,162,183488,3347,63165,471700
526,172,162,183316,3357,63327,490100
527,188,169,183128,3376,63496,472300
528,169,161,182959,3384,63657,480900
529,179,183,182780,3380,63840,515800
530,178,187,182602,3371,64027,498600
531,173,165,182429,3379,64192,474200
532,174,172,182255,3381,64364,470700
533,171,149,182084,3403,64513,518200
534,169,179,181915,3393,64692,472000
535,178,161,181737,3410,64853,470100
536,151,174,181586,3387,65027,459200
537,181,176,181405,3392,65203,475400
538,189,178,181216,3403,65381,462600
539,192,181,181024,3414,65562,469200
540,183,178,180841,3419,65740,463500
541,196,204,180645,3411,65944,464700
542,153,156,180492,3408,66100,463100
543,173,159,180319,3422,66259,547200
544,165,186,180154,3401,66445,475100
545,167,182,179987,3386,66627,483300
546,188,191,179799,3383,66818,469000
547,174,157,179625,3400,66975,469400
548,167,166,179458,3401,67141,527800
549,175,183,179283,3393,67324,467000
550,169,189,179114,3373,67513,498100
551,174,173,178940,3374,67686,462800
552,173,148,178767,3399,67834,496500
553,177,161,178590,3415,67995,467200
554,177,163,178413,3429,68158,469600
555,180,168,178233,3441,68326,462600
556,170,168,178063,3443,68494,468200
557,179,163,177884,3459,68657,481500
558,167,152,177717,3474,68809,463900
559,189,152,177528,3511,68961,470900
560,191,177,177337,3525,69138,467200
561,192,161,177145,3556,69299,479400
562,186,201,176959,3541,69500,482700
563,174,179,176785,3536,69679,464800
564,177,191,176608,3522,69870,462300
565,164,173,176444,3513,70043,466800
566,173,188,176271,3498,70231,459600
567,176,176,176095,3498,70407,525800
568,172,188,175923,3482,70595,467100
569,165,163,175758,3484,70758,455400
570,162,166,175596,3480,70924,539200
571,180,183,175416,3477,71107,563100
572,184,183,175232,3478,71290,473000
573,202,169,175030,3511,71459,500100
574,195,160,174835,3546,71619,477400
575,182,172,174653,3556,71791,454700
576,172,182,174481,3546,71973,473700
577,191,192,174290,3545,72165,475100
578,180,194,174110,3531,72359,468300
579,170,186,173940,3515,72545,462300
580,194,174,173746,3535,72719,467700
581,171,185,173575,3521,72904,479600
582,181,189,173394,3513,73093,462400
583,165,167,173229,3511,73260,473500
584,171,183,173058,3499,73443,474800
585,179,174,172879,3504,73617,465700
586,161,181,172718,3484,73798,477500
587,179,193,172539,3470,73991,478100
588,198,169,172341,3499,74160,475900
589,197,188,172144,3508,74348,468400
590,204,146,171940,3566,74494,473100
591,164,199,171776,3531,74693,457700
592,177,153,171599,3555,74846,478900
593,193,171,171406,3577,75017,578600
594,209,172,171197,3614,75189,468900
595,196,182,171001,3628,75371,469700
596,193,196,170808,3625,75567,466300
597,185,191,170623,3619,75758,470400
598,188,162,170435,3645,75920,490400
599,176,184,170259,3637,76104,802300
600,189,194,170070,3632,76298,484300
601,185,146,169885,3671,76444,482500
602,188,189,169697,3670,76633,480700
603,218,176,169479,3712,76809,464000
604,184,178,169295,3718,76987,466500
605,172,176,169123,3714,77163,936100
606,189,189,168934,3714,77352,502800
607,183,179,168751,3718,77531,482200
608,183,184,168568,3717,77715,478900
609,198,185,168370,3730,77900,469000
610,179,191,168191,3718,78091,480500
611,190,189,168001,3719,78280,487400
612,189,187,167812,3721,78467,488100
613,172,165,167640,3728,78632,531100
614,195,189,167445,3734,78821,488600
615,207,176,167238,3765,78997,501300
616,172,196,167066,3741,79193,473600
617,185,196,166881,3730,79389,467700
618,165,189,166716,3706,79578,473200
619,194,194,166522,3706,79772,479400
620,176,197,166346,3685,79969,498700
621,180,201,166166,3664,80170,479200
622,182,184,165984,3662,80354,480700
623,200,181,165784,3681,80535,483800
624,171,185,165613,3667,80720,491300
625,164,173,165449,3658,80893,468600
626,198,190,165251,3666,81083,462400
627,175,193,165076,3648,81276,474400
628,184,183,164892,3649,81459,479100
629,198,184,164694,3663,81643,459800
630,203,167,164491,3699,81810,473300
631,174,182,164317,3691,81992,464500
632,195,180,164122,3706,82172,472100
633,186,195,163936,3697,82367,470700
634,180,185,163756,3692,82552,490600
635,176,176,163580,3692,82728,475000
636,167,167,163413,3692,82895,489600
637,173,171,163240,3694,83066,468600
638,178,196,163062,3676,83262,459000
639,152,169,162910,3659,83431,484800
640,151,173,162759,3637,83604,474000
641,173,151,162586,3659,83755,466300
642,174,195,162412,3638,83950,472900
643,177,181,162235,3634,84131,565100
644,165,185,162070,3614,84316,479900
645,168,182,161902,3600,84498,470900
646,149,192,161753,3557,84690,475800
647,155,189,161598,3523,84879,471700
648,170,189,161428,3504,85068,482100
649,163,187,161265,3480,85255,462500
650,154,164,161111,3470,85419,464100
651,180,198,160931,3452,85617,470400
652,172,177,160759,3447,85794,468600
653,172,161,160587,3458,85955,520000
654,176,190,160411,3444,86145,485000
655,185,171,160226,3458,86316,492600
656,167,178,160059,3447,86494,617900
657,181,169,159878,3459,86663,472200
658,156,166,159722,3449,86829,469200
659,185,208,159537,3426,87037,475600
660,206,166,159331,3466,87203,470000
661,171,181,159160,3456,87384,488800
662,171,166,158989,3461,87550,479300
663,168,170,158821,3459,87720,480700
664,183,177,158638,3465,87897,489300
665,177,177,158461,3465,88074,462400
666,179,179,158282,3465,88253,484900
667,196,169,158086,3492,88422,477000
668,187,174,157899,3505,88596,466600
669,194,185,157705,3514,88781,468900
670,186,174,157519,3526,88955,456800
671,160,177,157359,3509,89132,471900
672,163,194,157196,3478,89326,476300
673,173,186,157023,3465,89512,484200
674,167,173,156856,3459,89685,505100
675,198,169,156658,3488,89854,482600
676,188,157,156470,3519,90011,478900
677,187,182,156283,3524,90193,508100
678,200,181,156083,3543,90374,482100
679,178,176,155905,3545,90550,467700
680,161,169,155744,3537,90719,464800
681,183,184,155561,3536,90903,472200
682,183,162,155378,3557,91065,472700
683,177,173,155201,3561,91238,451600
684,185,178,155016,3568,91416,479100
685,173,178,154843,3563,91594,488300
686,164,164,154679,3563,91758,475900
687,161,201,154518,3523,91959,461900
688,146,171,154372,3498,92130,458200
689,188,178,154184,3508,92308,459500
690,186,179,153998,3515,92487,472000
691,165,187,153833,3493,92674,469100
692,173,174,153660,3492,92848,462800
693,182,171,153478,3503,93019,486000
694,179,190,153299,3492,93209,571500
695,173,181,153126,3484,93390,488700
696,170,174,152956,3480,93564,484200
697,166,180,152790,3466,93744,480000
698,176,182,152614,3460,93926,466700
699,156,177,152458,3439,94103,467400
700,156,173,152302,3422,94276,452700
701,170,202,152132,3390,94478,447000
702,170,172,151962,3388,94650,459300
703,167,188,151795,3367,94838,479200
704,144,185,151651,3326,95023,465800
705,170,196,151481,3300,95219,455800
706,150,178,151331,3272,95397,484500
707,145,161,151186,3256,95558,464100
708,167,150,151019,3273,95708,462100
709,163,165,150856,3271,95873,451800
710,173,161,150683,3283,96034,444900
711,186,160,150497,3309,96194,459400
712,156,157,150341,3308,96351,478700
713,185,158,150156,3335,96509,446900
714,183,161,149973,3357,96670,460100
715,196,155,149777,3398,96825,461100
716,193,152,149584,3439,96977,451700
717,201,136,149383,3504,97113,456800
718,177,164,149206,3517,97277,460100
719,150,156,149056,3511,97433,446800
720,182,177,148874,3516,97610,439700
721,171,174,148703,3513,97784,449800
722,188,170,148515,3531,97954,445000
723,184,167,148331,3548,98121,440900
724,188,180,148143,3556,98301,455300
725,188,174,147955,3570,98475,547500
726,191,189,147764,3572,98664,459200
727,169,170,147595,3571,98834,458100
728,178,199,147417,3550,99033,457200
729,199,164,147218,3585,99197,451900
730,174,180,147044,3579,99377,446200
731,158,169,146886,3568,99546,453900
732,172,181,146714,3559,99727,462100
733,170,191,146544,3538,99918,461000
734,177,195,146367,3520,100113,449400
735,180,173,146187,3527,100286,452200
736,181,166,146006,3542,100452,457200
737,186,201,145820,3527,100653,450600
738,189,172,145631,3544,100825,456900
739,177,190,145454,3531,101015,452000
740,189,183,145265,3537,101198,447000
741,149,163,145116,3523,101361,440200
742,197,175,144919,3545,101536,439800
743,174,197,144745,3522,101733,445200
744,171,152,144574,3541,101885,439200
745,173,159,144401,3555,102044,569700
746,179,181,144222,3553,102225,476800
747,187,172,144035,3568,102397,467200
748,186,176,143849,3578,102573,488500
749,198,180,143651,3596,102753,488100
750,175,182,143476,3589,102935,449400
751,198,189,143278,3598,103124,470300
752,200,201,143078,3597,103325,460000
753,208,191,142870,3614,103516,468500
754,171,175,142699,3610,103691,451200
755,177,163,142522,3624,103854,467400
756,170,167,142352,3627,104021,481300
757,196,185,142156,3638,104206,464400
758,194,186,141962,3646,104392,468400
759,188,165,141774,3669,104557,458300
760,204,182,141570,3691,104739,466300
761,162,169,141408,3684,104908,466900
762,200,173,141208,3711,105081,465200
763,179,178,141029,3712,105259,441400
764,183,187,140846,3708,105446,460700
765,185,191,140661,3702,105637,485600
766,177,162,140484,3717,105799,468300
767,188,198,140296,3707,105997,571200
768,200,177,140096,3730,106174,471700
769,195,206,139901,3719,106380,484300
770,177,183,139724,3713,106563,472700
771,176,175,139548,3714,106738,468600
772,212,184,139336,3742,106922,464500
773,183,190,139153,3735,107112,450800
774,175,194,138978,3716,107306,447800
775,207,189,138771,3734,107495,474100
776,200,183,138571,3751,107678,464100
777,181,177,138390,3755,107855,464900
778,187,172,138203,3770,108027,470300
779,194,170,138009,3794,108197,466100
780,176,207,137833,3763,108404,482000
781,228,196,137605,3795,108600,471600
782,190,193,137415,3792,108793,472600
783,167,188,137248,3771,108981,468800
784,188,203,137060,3756,109184,461500
785,210,195,136850,3771,109379,467400
786,195,177,136655,3789,109556,479200
787,185,174,136470,3800,109730,478600
788,195,204,136275,3791,109934,574000
789,187,192,136088,3786,110126,479800
790,193,193,135895,3786,110319,477700
791,192,181,135703,3797,110500,477800
792,190,201,135513,3786,110701,489900
793,192,193,135321,3785,110894,483000
794,223,225,135098,3783,111119,469200
795,183,187,134915,3779,111306,482400
796,186,185,134729,3780,111491,448800
797,191,209,134538,3762,111700,442700
798,177,193,134361,3746,111893,467300
799,181,185,134180,3742,112078,449800
800,215,174,133965,3783,112252,462000
801,191,187,133774,3787,112439,459800
802,215,206,133559,3796,112645,450300
803,193,185,133366,3804,112830,466300
804,181,179,133185,3806,113009,461200
805,190,209,132995,3787,113218,471100
806,186,203,132809,3770,113421,460300
807,189,197,132620,3762,113618,461700
808,194,225,132426,3731,113843,449000
809,204,176,132222,3759,114019,476300
810,198,203,132024,3754,114222,494400
811,221,169,131803,3806,114391,464200
812,221,215,131582,3812,114606,618900
813,196,206,131386,3802,114812,465900
814,212,189,131174,3825,115001,483000
815,185,191,130989,3819,115192,468400
816,178,201,130811,3796,115393,466400
817,174,195,130637,3775,115588,451100
818,209,205,130428,3779,115793,460000
819,205,197,130223,3787,115990,460300
820,180,178,130043,3789,116168,472200
821,182,199,129861,3772,116367,460400
822,193,198,129668,3767,116565,461800
823,208,179,129460,3796,116744,463800
824,190,176,129270,3810,116920,466000
825,166,197,129104,3779,117117,466500
826,171,169,128933,3781,117286,487300
827,177,199,128756,3759,117485,483500
828,215,198,128541,3776,117683,470800
829,198,196,128343,3778,117879,451600
830,182,185,128161,3775,118064,454900
831,181,206,127980,3750,118270,472600
832,209,174,127771,3785,118444,466600
833,186,173,127585,3798,118617,463000
834,190,170,127395,3818,118787,484200
835,189,181,127206,3826,118968,465300
836,196,193,127010,3829,119161,466600
837,191,197,126819,3823,119358,443600
838,179,225,126640,3777,119583,442300
839,183,178,126457,3782,119761,458600
840,191,185,126266,3788,119946,442200
841,193,184,126073,3797,120130,458400
842,185,182,125888,3800,120312,462400
843,184,193,125704,3791,120505,454500
844,175,180,125529,3786,120685,450300
845,178,202,125351,3762,120887,471800
846,205,186,125146,3781,121073,469500
847,194,158,124952,3817,121231,467900
848,175,169,124777,3823,121400,458300
849,193,196,124584,3820,121596,459100
850,207,182,124377,3845,121778,460900
851,192,178,124185,3859,121956,456700
852,196,182,123989,3873,122138,460700
853,192,181,123797,3884,122319,454600
854,187,185,123610,3886,122504,462400
855,184,196,123426,3874,122700,464900
856,196,207,123230,3863,122907,462500
857,179,194,123051,3848,123101,535900
858,194,184,122857,3858,123285,476600
859,204,187,122653,3875,123472,450600
860,202,192,122451,3885,123664,487900
861,182,175,122269,3892,123839,460100
862,184,187,122085,3889,124026,459800
863,193,185,121892,3897,124211,579200
864,191,202,121701,3886,124413,492800
865,185,172,121516,3899,124585,467600
866,162,204,121354,3857,124789,461100
867,195,204,121159,3848,124993,459200
868,193,201,120966,3840,125194,459300
869,190,183,120776,3847,125377,462700
870,218,198,120558,3867,125575,457400
871,186,199,120372,3854,125774,453000
872,179,162,120193,3871,125936,452000
873,210,163,119983,3918,126099,447100
874,196,189,119787,3925,126288,477300
875,219,208,119568,3936,126496,474900
876,192,179,119376,3949,126675,488700
877,191,194,119185,3946,126869,471900
878,184,204,119001,3926,127073,466300
879,192,179,118809,3939,127252,476000
880,211,168,118598,3982,127420,466200
881,189,176,118409,3995,127596,462700
882,183,212,118226,3966,127808,463800
883,210,207,118016,3969,128015,475000
884,190,199,117826,3960,128214,474900
885,182,212,117644,3930,128426,452900
886,191,186,117453,3935,128612,492500
887,207,204,117246,3938,128816,467400
888,216,186,117030,3968,129002,497600
889,211,182,116819,3997,129184,465200
890,208,193,116611,4012,129377,463500
891,191,197,116420,4006,129574,459400
892,196,196,116224,4006,129770,467300
893,198,213,116026,3991,129983,463600
894,210,172,115816,4029,130155,503900
895,203,235,115613,3997,130390,478800
896,197,192,115416,4002,130582,596000
897,209,219,115207,3992,130801,468400
898,202,200,115005,3994,131001,465700
899,191,210,114814,3975,131211,473100
900,222,208,114592,3989,131419,464700
901,201,201,114391,3989,131620,467300
902,198,191,114193,3996,131811,450100
903,217,214,113976,3999,132025,456000
904,214,215,113762,3998,132240,471200
905,199,212,113563,3985,132452,547400
906,192,199,113371,3978,132651,485600
907,190,190,113181,3978,132841,474300
908,204,204,112977,3978,133045,475200
909,185,215,112792,3948,133260,462600
910,181,213,112611,3916,133473,453900
911,197,201,112414,3912,133674,452900
912,180,172,112234,3920,133846,470300
913,208,208,112026,3920,134054,473100
914,195,198,111831,3917,134252,468500
915,198,194,111633,3921,134446,448400
916,184,175,111449,3930,134621,456300
917,185,164,111264,3951,134785,561300
918,193,182,111071,3962,134967,496800
919,220,200,110851,3982,135167,490400
920,205,182,110646,4005,135349,485300
921,221,208,110425,4018,135557,478800
922,203,203,110222,4018,135760,494200
923,176,211,110046,3983,135971,479600
924,210,200,109836,3993,136171,466000
925,206,200,109630,3999,136371,488600
926,201,181,109429,4019,136552,475300
927,198,215,109231,4002,136767,460000
928,195,222,109036,3975,136989,476600
929,196,217,108840,3954,137206,470600
930,192,219,108648,3927,137425,515400
931,230,204,108418,3953,137629,516700
932,188,193,108230,3948,137822,495000
933,190,216,108040,3922,138038,479400
934,187,195,107853,3914,138233,493200
935,189,187,107664,3916,138420,472500
936,179,221,107485,3874,138641,464200
937,199,193,107286,3880,138834,476800
938,205,185,107081,3900,139019,472200
939,189,195,106892,3894,139214,467500
940,212,167,106680,3939,139381,464100
941,179,197,106501,3921,139578,465100
942,196,198,106305,3919,139776,473800
943,165,206,106140,3878,139982,470400
944,193,176,105947,3895,140158,477900
945,177,186,105770,3886,140344,467200
946,192,199,105578,3879,140543,479300
947,181,177,105397,3883,140720,467000
948,197,177,105200,3903,140897,511700
949,201,182,104999,3922,141079,576700
950,184,204,104815,3902,141283,470600
951,204,188,104611,3918,141471,462700
952,221,204,104390,3935,141675,476100
953,226,182,104164,3979,141857,501300
954,215,202,103949,3992,142059,475300
955,206,217,103743,3981,142276,472500
956,191,208,103552,3964,142484,482800
957,215,185,103337,3994,142669,486600
958,217,214,103120,3997,142883,476500
959,231,197,102889,4031,143080,461700
960,212,189,102677,4054,143269,475800
961,209,208,102468,4055,143477,488300
962,203,239,102265,4019,143716,478100
963,214,209,102051,4024,143925,563200
964,213,178,101838,4059,144103,480200
965,202,203,101636,4058,144306,486300
966,209,215,101427,4052,144521,479100
967,205,212,101222,4045,144733,479900
968,197,200,101025,4042,144933,473500
969,195,196,100830,4041,145129,480700
970,225,181,100605,4085,145310,484100
971,225,209,100380,4101,145519,480900
972,214,190,100166,4125,145709,475900
973,222,201,99944,4146,145910,469800
974,202,188,99742,4160,146098,532200
975,222,235,99520,4147,146333,488600
976,226,197,99294,4176,146530,470300
977,204,235,99090,4145,146765,475100
978,240,213,98850,4172,146978,474400
979,226,205,98624,4193,147183,482200
980,220,205,98404,4208,147388,481900
981,215,205,98189,4218,147593,496000
982,216,187,97973,4247,147780,473100
983,189,198,97784,4238,147978,487800
984,208,206,97576,4240,148184,479100
985,204,207,97372,4237,148391,582200
986,188,240,97184,4185,148631,479700
987,213,198,96971,4200,148829,481200
988,185,203,96786,4182,149032,476600
989,181,207,96605,4156,149239,474200
990,203,206,96402,4153,149445,485000
991,207,228,96195,4132,149673,497700
992,213,191,95982,4154,149864,481500
993,202,221,95780,4135,150085,477900
994,207,205,95573,4137,150290,473000
995,200,191,95373,4146,150481,474100
996,206,195,95167,4157,150676,467200
997,181,213,94986,4125,150889,485400
998,206,212,94780,4119,151101,494700
999,203,212,94577,4110,151313,475900
1000,191,201,94386,4100,151514,469400
1001,208,228,94178,4080,151742,462900
1002,187,182,93991,4085,151924,474600
1003,211,190,93780,4106,152114,507600
1004,191,197,93589,4100,152311,486900
1005,202,214,93387,4088,152525,479800
1006,209,223,93178,4074,152748,491600
1007,191,188,92987,4077,152936,473000
1008,201,160,92786,4118,153096,490300
1009,185,200,92601,4103,153296,472600
1010,186,200,92415,4089,153496,461300
1011,199,212,92216,4076,153708,461600
1012,187,178,92029,4085,153886,587300
1013,186,200,91843,4071,154086,477700
1014,169,189,91674,4051,154275,495500
1015,185,192,91489,4044,154467,472600
1016,213,185,91276,4072,154652,487400
1017,203,195,91073,4080,154847,480900
1018,191,226,90882,4045,155073,490700
1019,199,211,90683,4033,155284,471800
1020,200,193,90483,4040,155477,485500
1021,181,196,90302,4025,155673,469000
1022,190,218,90112,3997,155891,488100
1023,193,201,89919,3989,156092,481500
1024,202,223,89717,3968,156315,463900
1025,192,214,89525,3946,156529,466100
1026,202,215,89323,3933,156744,482800
1027,194,179,89129,3948,156923,480300
1028,210,198,88919,3960,157121,478500
1029,216,194,88703,3982,157315,481000
1030,205,214,88498,3973,157529,496300
1031,226,197,88272,4002,157726,551700
1032,215,202,88057,4015,157928,482500
1033,198,192,87859,4021,158120,466700
1034,210,194,87649,4037,158314,473700
1035,219,208,87430,4048,158522,473600
1036,211,216,87219,4043,158738,485400
1037,210,201,87009,4052,158939,474400
1038,224,209,86785,4067,159148,488600
1039,212,186,86573,4093,159334,491100
1040,202,217,86371,4078,159551,495000
1041,223,185,86148,4116,159736,485100
1042,223,192,85925,4147,159928,491000
1043,231,204,85694,4174,160132,507700
1044,208,196,85486,4186,160328,492200
1045,212,196,85274,4202,160524,517000
1046,228,226,85046,4204,160750,517200
1047,222,214,84824,4212,160964,525000
1048,198,182,84626,4228,161146,498400
1049,207,183,84419,4252,161329,468400
1050,213,228,84206,4237,161557,512200
1051,230,204,83976,4263,161761,489300
1052,218,202,83758,4279,161963,486500
1053,197,199,83561,4277,162162,505400
1054,216,248,83345,4245,162410,510200
1055,214,208,83131,4251,162618,520900
1056,210,230,82921,4231,162848,527000
1057,206,217,82715,4220,163065,501100
1058,210,219,82505,4211,163284,507700
1059,199,231,82306,4179,163515,477600
1060,202,212,82104,4169,163727,467900
1061,189,205,81915,4153,163932,467300
1062,209,195,81706,4167,164127,459800
1063,195,205,81511,4157,164332,473700
1064,191,206,81320,4142,164538,496400
1065,201,227,81119,4116,164765,497500
1066,208,213,80911,4111,164978,510700
1067,231,191,80680,4151,165169,488900
1068,194,217,80486,4128,165386,487100
1069,195,204,80291,4119,165590,477100
1070,191,219,80100,4091,165809,491200
1071,201,188,79899,4104,165997,481700
1072,204,199,79695,4109,166196,488000
1073,195,187,79500,4117,166383,481300
1074,207,182,79293,4142,166565,488100
1075,205,188,79088,4159,166753,487600
1076,218,204,78870,4173,166957,532400
1077,221,215,78649,4179,167172,563300
1078,213,190,78436,4202,167362,692000
1079,214,242,78222,4174,167604,501700
1080,201,187,78021,4188,167791,480200
1081,216,232,77805,4172,168023,483600
1082,207,210,77598,4169,168233,477800
1083,208,197,77390,4180,168430,472800
1084,210,211,77180,4179,168641,499200
1085,193,219,76987,4153,168860,487300
1086,208,213,76779,4148,169073,478500
1087,213,199,76566,4162,169272,470400
1088,193,206,76373,4149,169478,532600
1089,208,212,76165,4145,169690,540200
1090,201,199,75964,4147,169889,484400
1091,197,196,75767,4148,170085,470100
1092,201,237,75566,4112,170322,508200
1093,207,214,75359,4105,170536,479600
1094,179,191,75180,4093,170727,484300
1095,196,215,74984,4074,170942,469100
1096,203,233,74781,4044,171175,465900
1097,218,226,74563,4036,171401,501000
1098,197,208,74366,4025,171609,510800
1099,210,195,74156,4040,171804,488500
1100,186,197,73970,4029,172001,498100
1101,164,206,73806,3987,172207,487000
1102,174,206,73632,3955,172413,473100
1103,190,202,73442,3943,172615,468500
1104,206,183,73236,3966,172798,639400
1105,209,208,73027,3967,173006,466500
1106,195,184,72832,3978,173190,599300
1107,172,186,72660,3964,173376,486300
1108,168,197,72492,3935,173573,474000
1109,183,226,72309,3892,173799,467800
1110,203,204,72106,3891,174003,466300
1111,179,207,71927,3863,174210,461900
1112,193,190,71734,3866,174400,497200
1113,191,188,71543,3869,174588,472600
1114,187,181,71356,3875,174769,482800
1115,200,209,71156,3866,174978,471100
1116,188,188,70968,3866,175166,470800
1117,187,207,70781,3846,175373,467900
1118,224,184,70557,3886,175557,461600
1119,187,190,70370,3883,175747,463900
1120,182,181,70188,3884,175928,470800
1121,196,197,69992,3883,176125,470200
1122,197,206,69795,3874,176331,488100
1123,203,184,69592,3893,176515,473200
1124,185,190,69407,3888,176705,472700
1125,178,208,69229,3858,176913,467100
1126,179,185,69050,3852,177098,470500
1127,181,212,68869,3821,177310,458200
1128,169,202,68700,3788,177512,467300
1129,179,186,68521,3781,177698,466800
1130,176,197,68345,3760,177895,461000
1131,188,186,68157,3762,178081,467300
1132,180,216,67977,3726,178297,474700
1133,178,186,67799,3718,178483,475500
1134,174,193,67625,3699,178676,479800
1135,167,196,67458,3670,178872,469200
1136,165,184,67293,3651,179056,463300
1137,185,190,67108,3646,179246,465700
1138,201,175,66907,3672,179421,527700
1139,192,175,66715,3689,179596,466700
1140,201,184,66514,3706,179780,471400
1141,189,158,66325,3737,179938,468500
1142,174,196,66151,3715,180134,657700
1143,187,171,65964,3731,180305,481700
1144,153,218,65811,3666,180523,494600
1145,187,176,65624,3677,180699,477900
1146,174,193,65450,3658,180892,476600
1147,180,204,65270,3634,181096,472600
1148,158,157,65112,3635,181253,463300
1149,156,172,64956,3619,181425,477300
1150,180,153,64776,3646,181578,484900
1151,158,175,64618,3629,181753,470000
1152,189,174,64429,3644,181927,465600
1153,183,155,64246,3672,182082,658100
1154,183,196,64063,3659,182278,497900
1155,194,189,63869,3664,182467,474900
1156,178,206,63691,3636,182673,487700
1157,171,184,63520,3623,182857,473200
1158,151,189,63369,3585,183046,461100
1159,146,191,63223,3540,183237,470600
1160,167,179,63056,3528,183416,473700
1161,166,166,62890,3528,183582,473500
1162,168,175,62722,3521,183757,468700
1163,137,176,62585,3482,183933,464100
1164,161,187,62424,3456,184120,666700
1165,160,181,62264,3435,184301,469400
1166,138,154,62126,3419,184455,548200
1167,173,183,61953,3409,184638,480800
1168,160,172,61793,3397,184810,473500
1169,168,176,61625,3389,184986,521400
1170,163,178,61462,3374,185164,477100
1171,177,198,61285,3353,185362,478300
1172,190,172,61095,3371,185534,468600
1173,170,179,60925,3362,185713,446700
1174,163,170,60762,3355,185883,469400
1175,191,160,60571,3386,186043,463800
1176,185,193,60386,3378,186236,474800
1177,187,169,60199,3396,186405,466000
1178,180,183,60019,3393,186588,465500
1179,171,151,59848,3413,186739,466400
1180,179,183,59669,3409,186922,463200
1181,162,150,59507,3421,187072,461200
1182,179,184,59328,3416,187256,462200
1183,185,161,59143,3440,187417,476600
1184,177,175,58966,3442,187592,457300
1185,176,169,58790,3449,187761,451800
1186,187,173,58603,3463,187934,511900
1187,168,176,58435,3455,188110,476200
1188,156,164,58279,3447,188274,490500
1189,177,157,58102,3467,188431,492500
1190,168,191,57934,3444,188622,478400
1191,166,188,57768,3422,188810,464700
1192,184,181,57584,3425,188991,479700
1193,194,172,57390,3447,189163,468300
1194,167,158,57223,3456,189321,466500
1195,175,182,57048,3449,189503,466200
1196,193,164,56855,3478,189667,489400
1197,181,172,56674,3487,189839,465300
1198,184,157,56490,3514,189996,463000
1199,180,169,56310,3525,190165,557900
1200,178,182,56132,3521,190347,498600
1201,176,179,55956,3518,190526,479200
1202,162,171,55794,3509,190697,477900
1203,167,149,55627,3527,190846,466400
1204,185,177,55442,3535,191023,463200
1205,149,165,55293,3519,191188,485700
1206,143,188,55150,3474,191376,470700
1207,158,176,54992,3456,191552,455200
1208,178,175,54814,3459,191727,468400
1209,163,167,54651,3455,191894,472400
1210,169,160,54482,3464,192054,648400
1211,153,176,54329,3441,192230,538300
1212,171,181,54158,3431,192411,483200
1213,156,153,54002,3434,192564,467200
1214,177,173,53825,3438,192737,464500
1215,145,156,53680,3427,192893,468000
1216,162,154,53518,3435,193047,474500
1217,155,160,53363,3430,193207,457800
1218,163,174,53200,3419,193381,461500
1219,167,164,53033,3422,193545,460500
1220,140,190,52893,3372,193735,465000
1221,160,168,52733,3364,193903,464600
1222,156,158,52577,3362,194061,465100
1223,157,155,52420,3364,194216,490500
1224,150,174,52270,3340,194390,491900
1225,202,176,52068,3366,194566,484200
1226,136,147,51932,3355,194713,443200
1227,180,175,51752,3360,194888,525800
1228,183,180,51569,3363,195068,455700
1229,177,196,51392,3344,195264,472000
1230,168,170,51224,3342,195434,459700
1231,174,186,51050,3330,195620,467500
1232,177,156,50873,3351,195776,474600
1233,155,177,50718,3329,195953,472600
1234,160,160,50558,3329,196113,467900
1235,165,180,50393,3314,196293,456400
1236,137,156,50256,3295,196449,454000
1237,165,151,50091,3309,196600,465500
1238,171,172,49920,3308,196772,465400
1239,157,151,49763,3314,196923,471100
1240,151,153,49612,3312,197076,465000
1241,155,163,49457,3304,197239,461900
1242,155,171,49302,3288,197410,454100
1243,155,140,49147,3303,197550,453800
1244,156,134,48991,3325,197684,461100
1245,162,165,48829,3322,197849,503800
1246,133,162,48696,3293,198011,452700
1247,137,169,48559,3261,198180,446400
1248,141,143,48418,3259,198323,464200
1249,162,199,48256,3222,198522,458700
1250,149,172,48107,3199,198694,463000
1251,145,163,47962,3181,198857,460600
1252,147,152,47815,3176,199009,452800
1253,149,140,47666,3185,199149,459800
1254,154,158,47512,3181,199307,463800
1255,161,179,47351,3163,199486,464700
1256,135,173,47216,3125,199659,455700
1257,150,134,47066,3141,199793,462100
1258,146,168,46920,3119,199961,453900
1259,138,155,46782,3102,200116,460700
1260,143,158,46639,3087,200274,457700
1261,152,153,46487,3086,200427,445800
1262,155,140,46332,3101,200567,451700
1263,148,146,46184,3103,200713,456400
1264,150,141,46034,3112,200854,452700
1265,140,163,45894,3089,201017,456800
1266,151,152,45743,3088,201169,454200
1267,155,146,45588,3097,201315,461500
1268,136,159,45452,3074,201474,443700
1269,159,156,45293,3077,201630,467100
1270,161,134,45132,3104,201764,450800
1271,152,177,44980,3079,201941,456200
1272,146,170,44834,3055,202111,466900
1273,147,156,44687,3046,202267,451400
1274,160,157,44527,3049,202424,449300
1275,139,155,44388,3033,202579,463200
1276,119,157,44269,2995,202736,458900
1277,139,135,44130,2999,202871,458200
1278,153,142,43977,3010,203013,464400
1279,149,164,43828,2995,203177,468400
1280,142,160,43686,2977,203337,447100
1281,116,144,43570,2949,203481,477700
1282,142,147,43428,2944,203628,464800
1283,148,141,43280,2951,203769,454400
1284,153,123,43127,2981,203892,459900
1285,152,136,42975,2997,204028,463000
1286,128,148,42847,2977,204176,456200
1287,146,146,42701,2977,204322,458800
1288,144,139,42557,2982,204461,454800
1289,140,147,42417,2975,204608,461000
1290,137,158,42280,2954,204766,462200
1291,117,137,42163,2934,204903,452400
1292,132,134,42031,2932,205037,475000
1293,108,141,41923,2899,205178,495200
1294,143,139,41780,2903,205317,489000
1295,123,132,41657,2894,205449,455300
1296,133,162,41524,2865,205611,456600
1297,138,137,41386,2866,205748,462700
1298,151,163,41235,2854,205911,456200
1299,111,132,41124,2833,206043,476100
1300,133,132,40991,2834,206175,472500
1301,125,141,40866,2818,206316,455700
1302,134,142,40732,2810,206458,453800
1303,118,140,40614,2788,206598,455500
1304,120,129,40494,2779,206727,458900
1305,139,159,40355,2759,206886,486100
1306,121,154,40234,2726,207040,464400
1307,130,119,40104,2737,207159,457500
1308,146,147,39958,2736,207306,459200
1309,140,131,39818,2745,207437,482700
1310,134,141,39684,2738,207578,458300
1311,139,141,39545,2736,207719,463000
1312,154,144,39391,2746,207863,458200
1313,150,144,39241,2752,208007,465300
1314,130,129,39111,2753,208136,453300
1315,130,132,38981,2751,208268,449800
1316,133,164,38848,2720,208432,460900
1317,124,155,38724,2689,208587,479600
1318,142,129,38582,2702,208716,468600
1319,128,147,38454,2683,208863,476600
1320,138,132,38316,2689,208995,458900
1321,142,116,38174,2715,209111,461400
1322,142,130,38032,2727,209241,468200
1323,139,138,37893,2728,209379,459700
1324,126,148,37767,2706,209527,483900
1325,120,126,37647,2700,209653,452000
1326,151,137,37496,2714,209790,466100
1327,134,132,37362,2716,209922,465000
1328,127,127,37235,2716,210049,575000
1329,135,142,37100,2709,210191,465500
1330,164,134,36936,2739,210325,460000
1331,137,125,36799,2751,210450,485700
1332,141,136,36658,2756,210586,570400
1333,111,143,36547,2724,210729,465100
1334,127,129,36420,2722,210858,456500
1335,134,159,36286,2697,211017,458900
1336,132,143,36154,2686,211160,496900
1337,130,128,36024,2688,211288,464600
1338,124,128,35900,2684,211416,450400
1339,124,137,35776,2671,211553,446800
1340,137,151,35639,2657,211704,451400
1341,130,133,35509,2654,211837,456000
1342,130,138,35379,2646,211975,460400
1343,120,139,35259,2627,212114,449000
1344,136,130,35123,2633,212244,453500
1345,129,133,34994,2629,212377,444900
1346,117,141,34877,2605,212518,460200
1347,129,125,34748,2609,212643,454900
1348,137,135,34611,2611,212778,455200
1349,128,143,34483,2596,212921,462700
1350,121,129,34362,2588,213050,471100
1351,137,124,34225,2601,213174,451900
1352,136,118,34089,2619,213292,461900
1353,134,124,33955,2629,213416,447400
1354,123,124,33832,2628,213540,458400
1355,135,140,33697,2623,213680,459000
1356,124,133,33573,2614,213813,509800
1357,138,143,33435,2609,213956,443800
1358,113,121,33322,2601,214077,459600
1359,132,144,33190,2589,214221,456100
1360,131,119,33059,2601,214340,454000
1361,127,114,32932,2614,214454,449000
1362,119,130,32813,2603,214584,450100
1363,114,133,32699,2584,214717,452000
1364,124,120,32575,2588,214837,469500
1365,107,145,32468,2550,214982,546800
1366,112,138,32356,2524,215120,463500
1367,120,100,32236,2544,215220,453100
1368,128,118,32108,2554,215338,455400
1369,118,117,31990,2555,215455,451600
1370,112,119,31878,2548,215574,448900
1371,120,138,31758,2530,215712,473500
1372,116,130,31642,2516,215842,448300
1373,120,111,31522,2525,215953,448700
1374,113,119,31409,2519,216072,450500
1375,111,128,31298,2502,216200,447400
1376,132,117,31166,2517,216317,453400
1377,122,131,31044,2508,216448,447500
1378,117,134,30927,2491,216582,451400
1379,103,124,30824,2470,216706,457500
1380,117,120,30707,2467,216826,438000
1381,94,105,30613,2456,216931,458300
1382,104,122,30509,2438,217053,438300
1383,130,119,30379,2449,217172,451600
1384,117,130,30262,2436,217302,449100
1385,102,119,30160,2419,217421,447400
1386,125,119,30035,2425,217540,455100
1387,112,117,29923,2420,217657,466700
1388,106,117,29817,2409,217774,507100
1389,104,110,29713,2403,217884,455600
1390,106,127,29607,2382,218011,445600
1391,110,108,29497,2384,218119,452700
1392,96,120,29401,2360,218239,451400
1393,95,115,29306,2340,218354,452500
1394,99,110,29207,2329,218464,453400
1395,107,125,29100,2311,218589,453200
1396,97,125,29003,2283,218714,452200
1397,98,103,28905,2278,218817,442400
1398,98,116,28807,2260,218933,461700
1399,104,117,28703,2247,219050,499700
1400,94,100,28609,2241,219150,634900
1401,99,136,28510,2204,219286,544500
1402,114,101,28396,2217,219387,610000
1403,105,98,28291,2224,219485,520000
1404,94,114,28197,2204,219599,506900
1405,112,104,28085,2212,219703,515900
1406,96,101,27989,2207,219804,497300
1407,104,122,27885,2189,219926,500600
1408,83,104,27802,2168,220030,511800
1409,86,90,27716,2164,220120,495700
1410,109,102,27607,2171,220222,538000
1411,97,120,27510,2148,220342,516800
1412,97,88,27413,2157,220430,524000
1413,94,120,27319,2131,220550,518000
1414,109,108,27210,2132,220658,540700
1415,90,110,27120,2112,220768,532600
1416,86,109,27034,2089,220877,503600
1417,102,101,26932,2090,220978,538600
1418,93,88,26839,2095,221066,539000
1419,102,95,26737,2102,221161,485700
1420,89,132,26648,2059,221293,539700
1421,88,96,26560,2051,221389,500600
1422,88,106,26472,2033,221495,533400
1423,114,95,26358,2052,221590,514500
1424,93,94,26265,2051,221684,553200
1425,98,91,26167,2058,221775,529200
1426,97,103,26070,2052,221878,550900
1427,100,101,25970,2051,221979,488500
1428,94,102,25876,2043,222081,585600
1429,92,103,25784,2032,222184,552700
1430,111,122,25673,2021,222306,530800
1431,90,102,25583,2009,222408,514900
1432,107,107,25476,2009,222515,505800
1433,92,86,25384,2015,222601,544800
1434,100,121,25284,1994,222722,511200
1435,101,104,25183,1991,222826,494500
1436,77,98,25106,1970,222924,473500
1437,101,89,25005,1982,223013,474600
1438,87,100,24918,1969,223113,458100
1439,92,110,24826,1951,223223,459500
1440,99,94,24727,1956,223317,453500
1441,78,101,24649,1933,223418,530000
1442,83,99,24566,1917,223517,460000
1443,76,89,24490,1904,223606,444600
1444,85,86,24405,1903,223692,446900
1445,99,86,24306,1916,223778,448600
1446,83,111,24223,1888,223889,456700
1447,73,93,24150,1868,223982,460600
1448,81,96,24069,1853,224078,444400
1449,76,93,23993,1836,224171,443900
1450,85,97,23908,1824,224268,443400
1451,73,106,23835,1791,224374,456500
1452,89,96,23746,1784,224470,477500
1453,85,98,23661,1771,224568,482100
1454,83,92,23578,1762,224660,651800
1455,86,89,23492,1759,224749,555900
1456,76,83,23416,1752,224832,553700
1457,86,88,23330,1750,224920,534700
1458,75,90,23255,1735,225010,477000
1459,75,83,23180,1727,225093,466400
1460,78,96,23102,1709,225189,465200
1461,76,65,23026,1720,225254,505000
1462,78,89,22948,1709,225343,458200
1463,71,93,22877,1687,225436,530600
1464,78,83,22799,1682,225519,508400
1465,67,81,22732,1668,225600,514500
1466,88,72,22644,1684,225672,534200
1467,73,89,22571,1668,225761,523500
1468,79,78,22492,1669,225839,512500
1469,82,92,22410,1659,225931,507700
1470,86,87,22324,1658,226018,484200
1471,68,90,22256,1636,226108,489400
1472,76,77,22180,1635,226185,540300
1473,70,86,22110,1619,226271,522300
1474,66,83,22044,1602,226354,527800
1475,83,68,21961,1617,226422,511700
1476,62,86,21899,1593,226508,504900
1477,60,93,21839,1560,226601,536700
1478,68,84,21771,1544,226685,512500
1479,58,86,21713,1516,226771,524500
1480,64,71,21649,1509,226842,512800
1481,76,83,21573,1502,226925,540300
1482,54,74,21519,1482,226999,479800
1483,73,66,21446,1489,227065,550400
1484,53,78,21393,1464,227143,570900
1485,68,77,21325,1455,227220,528200
1486,68,56,21257,1467,227276,488000
1487,68,83,21189,1452,227359,543700
1488,67,75,21122,1444,227434,522300
1489,81,54,21041,1471,227488,540100
1490,74,70,20967,1475,227558,486000
1491,94,69,20873,1500,227627,502900
1492,62,68,20811,1494,227695,551400
1493,72,85,20739,1481,227780,529100
1494,78,83,20661,1476,227863,528000
1495,78,66,20583,1488,227929,487800
1496,58,92,20525,1454,228021,476300
1497,64,81,20461,1437,228102,458900
1498,74,68,20387,1443,228170,458000
1499,82,68,20305,1457,228238,470400
1500,72,79,20233,1450,228317,456000
1501,78,80,20155,1448,228397,454600
1502,78,69,20077,1457,228466,444800
1503,78,71,19999,1464,228537,444200
1504,76,82,19923,1458,228619,446000
1505,82,70,19841,1470,228689,447300
1506,80,67,19761,1483,228756,445200
1507,68,72,19693,1479,228828,439100
1508,60,70,19633,1469,228898,450800
1509,77,76,19556,1470,228974,450800
1510,81,73,19475,1478,229047,448900
1511,71,66,19404,1483,229113,450000
1512,79,79,19325,1483,229192,503100
1513,67,72,19258,1478,229264,472500
1514,78,83,19180,1473,229347,452800
1515,81,69,19099,1485,229416,446000
1516,76,84,19023,1477,229500,449200
1517,82,67,18941,1492,229567,548000
1518,66,79,18875,1479,229646,482900
1519,81,70,18794,1490,229716,456800
1520,65,77,18729,1478,229793,589700
1521,81,78,18648,1481,229871,480300
1522,73,78,18575,1476,229949,463900
1523,60,63,18515,1473,230012,491400
1524,76,62,18439,1487,230074,485300
1525,72,85,18367,1474,230159,534100
1526,83,70,18284,1487,230229,463300
1527,60,66,18224,1481,230295,453600
1528,65,89,18159,1457,230384,462100
1529,70,64,18089,1463,230448,457200
1530,58,65,18031,1456,230513,439300
1531,63,79,17968,1440,230592,432600
1532,72,75,17896,1437,230667,454100
1533,69,66,17827,1440,230733,446800
1534,65,73,17762,1432,230806,439200
1535,54,88,17708,1398,230894,446400
1536,62,72,17646,1388,230966,439400
1537,61,66,17585,1383,231032,438600
1538,60,73,17525,1370,231105,437300
1539,68,71,17457,1367,231176,443400
1540,60,64,17397,1363,231240,440000
1541,74,66,17323,1371,231306,437400
1542,57,73,17266,1355,231379,439300
1543,54,80,17212,1329,231459,433100
1544,68,59,17144,1338,231518,433200
1545,63,70,17081,1331,231588,442100
1546,63,76,17018,1318,231664,442200
1547,61,61,16957,1318,231725,441000
1548,63,71,16894,1310,231796,445200
1549,61,75,16833,1296,231871,441300
1550,64,57,16769,1303,231928,445500
1551,60,57,16709,1306,231985,430800
1552,58,73,16651,1291,232058,443700
1553,56,62,16595,1285,232120,437600
1554,58,57,16537,1286,232177,436400
1555,60,55,16477,1291,232232,436000
1556,65,67,16412,1289,232299,440400
1557,64,59,16348,1294,232358,465400
1558,51,69,16297,1276,232427,440500
1559,49,63,16248,1262,232490,440600
1560,53,62,16195,1253,232552,446300
1561,54,55,16141,1252,232607,441500
1562,55,53,16086,1254,232660,440400
1563,50,59,16036,1245,232719,431800
1564,67,64,15969,1248,232783,444100
1565,76,61,15893,1263,232844,434800
1566,59,57,15834,1265,232901,441100
1567,66,53,15768,1278,232954,444400
1568,65,69,15703,1274,233023,438300
1569,62,51,15641,1285,233074,443300
1570,70,73,15571,1282,233147,438000
1571,58,64,15513,1276,233211,444000
1572,75,65,15438,1286,233276,438700
1573,70,71,15368,1285,233347,435500
1574,57,89,15311,1253,233436,438700
1575,54,55,15257,1252,233491,444100
1576,64,68,15193,1248,233559,436700
1577,60,74,15133,1234,233633,453100
1578,73,54,15060,1253,233687,430000
1579,68,63,14992,1258,233750,442500
1580,56,49,14936,1265,233799,438200
1581,73,68,14863,1270,233867,441900
1582,64,75,14799,1259,233942,431000
1583,70,51,14729,1278,233993,438400
1584,74,72,14655,1280,234065,435300
1585,63,62,14592,1281,234127,435800
1586,68,54,14524,1295,234181,439900
1587,59,59,14465,1295,234240,556400
1588,57,68,14408,1284,234308,442000
1589,61,76,14347,1269,234384,441800
1590,61,49,14286,1281,234433,436800
1591,65,62,14221,1284,234495,456600
1592,64,66,14157,1282,234561,436400
1593,55,67,14102,1270,234628,437800
1594,80,62,14022,1288,234690,439000
1595,68,66,13954,1290,234756,438700
1596,67,63,13887,1294,234819,441000
1597,57,69,13830,1282,234888,433200
1598,47,51,13783,1278,234939,439600
1599,59,64,13724,1273,235003,438500
1600,58,54,13666,1277,235057,434500
1601,47,64,13619,1260,235121,432900
1602,51,60,13568,1251,235181,437500
1603,52,59,13516,1244,235240,436500
1604,59,46,13457,1257,235286,447600
1605,65,64,13392,1258,235350,446100
1606,55,61,13337,1252,235411,460800
1607,52,68,13285,1236,235479,482400
1608,53,57,13232,1232,235536,440200
1609,66,60,13166,1238,235596,436500
1610,54,66,13112,1226,235662,436600
1611,68,63,13044,1231,235725,435900
1612,54,63,12990,1222,235788,436000
1613,58,43,12932,1237,235831,465500
1614,73,55,12859,1255,235886,460100
1615,59,67,12800,1247,235953,438100
1616,50,76,12750,1221,236029,436200
1617,67,70,12683,1218,236099,441600
1618,52,62,12631,1208,236161,441600
1619,54,59,12577,1203,236220,511800
1620,49,65,12528,1187,236285,436900
1621,49,49,12479,1187,236334,437800
1622,51,64,12428,1174,236398,443900
1623,56,50,12372,1180,236448,435900
1624,58,59,12314,1179,236507,437300
1625,68,60,12246,1187,236567,436600
1626,47,50,12199,1184,236617,435400
1627,68,50,12131,1202,236667,464700
1628,62,66,12069,1198,236733,441900
1629,52,59,12017,1191,236792,436600
1630,44,59,11973,1176,236851,435600
1631,60,62,11913,1174,236913,439500
1632,51,60,11862,1165,236973,439900
1633,64,55,11798,1174,237028,431200
1634,53,60,11745,1167,237088,436400
1635,53,60,11692,1160,237148,621700
1636,46,64,11646,1142,237212,434300
1637,69,42,11577,1169,237254,442700
1638,54,49,11523,1174,237303,456200
1639,64,57,11459,1181,237360,439500
1640,63,52,11396,1192,237412,435400
1641,41,56,11355,1177,237468,435700
1642,64,41,11291,1200,237509,437600
1643,50,64,11241,1186,237573,438300
1644,63,60,11178,1189,237633,437900
1645,51,63,11127,1177,237696,438100
1646,41,59,11086,1159,237755,434900
1647,39,54,11047,1144,237809,432300
1648,38,38,11009,1144,237847,434800
1649,38,61,10971,1121,237908,431500
1650,50,53,10921,1118,237961,433500
1651,48,40,10873,1126,238001,431800
1652,45,67,10828,1104,238068,432200
1653,52,56,10776,1100,238124,436700
1654,48,50,10728,1098,238174,430600
1655,29,51,10699,1076,238225,433900
1656,38,62,10661,1052,238287,428200
1657,38,47,10623,1043,238334,434000
1658,37,42,10586,1038,238376,435000
1659,40,54,10546,1024,238430,431700
1660,42,45,10504,1021,238475,431600
1661,43,52,10461,1012,238527,429000
1662,41,54,10420,999,238581,442500
1663,44,45,10376,998,238626,442200
1664,50,60,10326,988,238686,430200
1665,42,49,10284,981,238735,432700
1666,36,40,10248,977,238775,429500
1667,56,47,10192,986,238822,434700
1668,46,45,10146,987,238867,431100
1669,49,45,10097,991,238912,432700
1670,56,55,10041,992,238967,436100
1671,49,59,9992,982,239026,438600
1672,50,45,9942,987,239071,436900
1673,50,44,9892,993,239115,436800
1674,40,58,9852,975,239173,428300
1675,43,56,9809,962,239229,438200
1676,50,42,9759,970,239271,432200
1677,50,39,9709,981,239310,431300
1678,53,43,9656,991,239353,435600
1679,48,52,9608,987,239405,430100
1680,57,48,9551,996,239453,441400
1681,39,38,9512,997,239491,436400
1682,43,61,9469,979,239552,436800
1683,41,47,9428,973,239599,438100
1684,48,51,9380,970,239650,436500
1685,39,46,9341,963,239696,436500
1686,41,52,9300,952,239748,438400
1687,46,49,9254,949,239797,439200
1688,43,55,9211,937,239852,433200
1689,38,47,9173,928,239899,436400
1690,37,44,9136,921,239943,453600
1691,40,46,9096,915,239989,429900
1692,43,47,9053,911,240036,444100
1693,51,33,9002,929,240069,438400
1694,44,46,8958,927,240115,441700
1695,44,44,8914,927,240159,434400
1696,50,54,8864,923,240213,436500
1697,33,45,8831,911,240258,449800
1698,45,48,8786,908,240306,434800
1699,46,42,8740,912,240348,435700
1700,43,50,8697,905,240398,436700
1701,42,48,8655,899,240446,449900
1702,36,47,8619,888,240493,439000
1703,47,46,8572,889,240539,429800
1704,54,33,8518,910,240572,440200
1705,34,59,8484,885,240631,436800
1706,32,59,8452,858,240690,433300
1707,33,46,8419,845,240736,436700
1708,28,45,8391,828,240781,452600
1709,27,36,8364,819,240817,429400
1710,40,43,8324,816,240860,444800
1711,41,44,8283,813,240904,435100
1712,36,37,8247,812,240941,433600
1713,27,41,8220,798,240982,431800
1714,35,40,8185,793,241022,430400
1715,32,37,8153,788,241059,452100
1716,33,47,8120,774,241106,434900
1717,26,42,8094,758,241148,431400
1718,36,38,8058,756,241186,430600
1719,33,40,8025,749,241226,436700
1720,21,39,8004,731,241265,438800
1721,29,32,7975,728,241297,434700
1722,30,33,7945,725,241330,432500
1723,23,43,7922,705,241373,430900
1724,21,35,7901,691,241408,429400
1725,23,36,7878,678,241444,434400
1726,20,34,7858,664,241478,432000
1727,25,40,7833,649,241518,430500
1728,27,35,7806,641,241553,433500
1729,31,30,7775,642,241583,433200
1730,25,24,7750,643,241607,449000
1731,38,32,7712,649,241639,440000
1732,24,38,7688,635,241677,435900
1733,34,30,7654,639,241707,433100
1734,26,27,7628,638,241734,454100
1735,22,30,7606,630,241764,430500
1736,33,39,7573,624,241803,451700
1737,39,33,7534,630,241836,450300
1738,33,32,7501,631,241868,420200
1739,15,27,7486,619,241895,434800
1740,36,28,7450,627,241923,440000
1741,29,34,7421,622,241957,431000
1742,34,28,7387,628,241985,440000
1743,25,31,7362,622,242016,431500
1744,18,36,7344,604,242052,430700
1745,31,33,7313,602,242085,431000
1746,29,20,7284,611,242105,425300
1747,39,36,7245,614,242141,450100
1748,27,39,7218,602,242180,433800
1749,31,31,7187,602,242211,436300
1750,33,28,7154,607,242239,434700
1751,21,32,7133,596,242271,425700
1752,26,34,7107,588,242305,430200
1753,33,30,7074,591,242335,432000
1754,30,27,7044,594,242362,429700
1755,25,32,7019,587,242394,429000
1756,26,22,6993,591,242416,521600
1757,39,21,6954,609,242437,460600
1758,36,26,6918,619,242463,434100
1759,40,36,6878,623,242499,429800
1760,30,28,6848,625,242527,433000
1761,31,28,6817,628,242555,429300
1762,34,31,6783,631,242586,427300
1763,43,31,6740,643,242617,433300
1764,39,40,6701,642,242657,438800
1765,31,36,6670,637,242693,438100
1766,39,36,6631,640,242729,428700
1767,41,32,6590,649,242761,454700
1768,29,28,6561,650,242789,445400
1769,29,31,6532,648,242820,451900
1770,38,38,6494,648,242858,430300
1771,30,42,6464,636,242900,426300
1772,22,26,6442,632,242926,434200
1773,32,39,6410,625,242965,433300
1774,30,32,6380,623,242997,425800
1775,29,34,6351,618,243031,423400
1776,22,23,6329,617,243054,444400
1777,21,30,6308,608,243084,431000
1778,25,25,6283,608,243109,450900
1779,29,24,6254,613,243133,432500
1780,31,30,6223,614,243163,435000
1781,21,36,6202,599,243199,426900
1782,28,33,6174,594,243232,536700
1783,19,39,6155,574,243271,514300
1784,32,25,6123,581,243296,429500
1785,22,31,6101,572,243327,425100
1786,23,17,6078,578,243344,579800
1787,20,29,6058,569,243373,432100
1788,23,30,6035,562,243403,423000
1789,22,26,6013,558,243429,439900
1790,22,39,5991,541,243468,426000
1791,33,27,5958,547,243495,436900
1792,22,27,5936,542,243522,440800
1793,26,27,5910,541,243549,432600
1794,26,31,5884,536,243580,424700
1795,31,35,5853,532,243615,425500
1796,26,31,5827,527,243646,425700
1797,27,33,5800,521,243679,429700
1798,26,27,5774,520,243706,437400
1799,24,23,5750,521,243729,422600
1800,24,25,5726,520,243754,427700
1801,18,26,5708,512,243780,444600
1802,30,26,5678,516,243806,440400
1803,23,28,5655,511,243834,517900
1804,18,25,5637,504,243859,425900
1805,25,31,5612,498,243890,446800
1806,34,20,5578,512,243910,432700
1807,30,33,5548,509,243943,439100
1808,22,27,5526,504,243970,426200
1809,22,26,5504,500,243996,425000
1810,23,27,5481,496,244023,427400
1811,13,34,5468,475,244057,428300
1812,31,18,5437,488,244075,428000
1813,24,28,5413,484,244103,422900
1814,23,24,5390,483,244127,442500
1815,26,28,5364,481,244155,439900
1816,25,19,5339,487,244174,661700
1817,22,25,5317,484,244199,430900
1818,24,18,5293,490,244217,430000
1819,21,26,5272,485,244243,434800
1820,25,25,5247,485,244268,428000
1821,22,19,5225,488,244287,532400
1822,24,31,5201,481,244318,430300
1823,22,25,5179,478,244343,427100
1824,22,24,5157,476,244367,425000
1825,23,19,5134,480,244386,425200
1826,18,20,5116,478,244406,423000
1827,23,25,5093,476,244431,428800
1828,16,25,5077,467,244456,441400
1829,16,35,5061,448,244491,433800
1830,21,17,5040,452,244508,424200
1831,15,27,5025,440,244535,422100
1832,18,12,5007,446,244547,427300
1833,12,21,4995,437,244568,418900
1834,15,20,4980,432,244588,438000
1835,18,18,4962,432,244606,428600
1836,17,29,4945,420,244635,431000
1837,10,24,4935,406,244659,445400
1838,12,23,4923,395,244682,437600
1839,13,19,4910,389,244701,433600
1840,17,20,4893,386,244721,418700
1841,15,17,4878,384,244738,421900
1842,17,11,4861,390,244749,434200
1843,18,32,4843,376,244781,426500
1844,16,15,4827,377,244796,435400
1845,13,14,4814,376,244810,425600
1846,13,19,4801,370,244829,426100
1847,11,18,4790,363,244847,422600
1848,10,27,4780,346,244874,420400
1849,12,17,4768,341,244891,519900
1850,14,18,4754,337,244909,445000
1851,9,20,4745,326,244929,430400
1852,8,20,4737,314,244949,428400
1853,6,17,4731,303,244966,427000
1854,6,18,4725,291,244984,428000
1855,9,17,4716,283,245001,431900
1856,14,12,4702,285,245013,420700
1857,7,11,4695,281,245024,433500
1858,9,11,4686,279,245035,430400
1859,8,13,4678,274,245048,428500
1860,6,8,4672,272,245056,427900
1861,5,10,4667,267,245066,419200
1862,5,15,4662,257,245081,434700
1863,4,7,4658,254,245088,426000
1864,8,11,4650,251,245099,430100
1865,5,15,4645,241,245114,419300
1866,7,13,4638,235,245127,431400
1867,4,8,4634,231,245135,446500
1868,10,6,4624,235,245141,425600
1869,8,9,4616,234,245150,422900
1870,9,10,4607,233,245160,424100
1871,7,15,4600,225,245175,443100
1872,4,7,4596,222,245182,423900
1873,5,10,4591,217,245192,430200
1874,5,5,4586,217,245197,439300
1875,8,10,4578,215,245207,440100
1876,9,10,4569,214,245217,426100
1877,12,7,4557,219,245224,427400
1878,14,7,4543,226,245231,425700
1879,11,9,4532,228,245240,419400
1880,10,14,4522,224,245254,420500
1881,14,15,4508,223,245269,424100
1882,9,11,4499,221,245280,424200
1883,11,12,4488,220,245292,428500
1884,15,19,4473,216,245311,424500
1885,4,9,4469,211,245320,547200
1886,10,11,4459,210,245331,425400
1887,6,12,4453,204,245343,446600
1888,8,9,4445,203,245352,427300
1889,13,8,4432,208,245360,424500
1890,10,7,4422,211,245367,415300
1891,8,11,4414,208,245378,424000
1892,9,8,4405,209,245386,438800
1893,12,9,4393,212,245395,424400
1894,9,9,4384,212,245404,439000
1895,9,10,4375,211,245414,577600
1896,6,12,4369,205,245426,448900
1897,11,17,4358,199,245443,450500
1898,4,10,4354,193,245453,429800
1899,8,8,4346,193,245461,420600
1900,3,13,4343,183,245474,497400
1901,13,11,4330,185,245485,420900
1902,4,11,4326,178,245496,426000
1903,8,9,4318,177,245505,424200
1904,10,9,4308,178,245514,416700
1905,10,7,4298,181,245521,426600
1906,9,8,4289,182,245529,420300
1907,6,11,4283,177,245540,440700
1908,8,6,4275,179,245546,488900
1909,7,7,4268,179,245553,484400
1910,7,12,4261,174,245565,436600
1911,7,7,4254,174,245572,429400
1912,4,8,4250,170,245580,433000
1913,6,14,4244,162,245594,422900
1914,3,7,4241,158,245601,441100
1915,3,5,4238,156,245606,423300
1916,7,12,4231,151,245618,425800
1917,5,10,4226,146,245628,425700
1918,6,11,4220,141,245639,426500
1919,3,9,4217,135,245648,424600
1920,8,7,4209,136,245655,418000
1921,5,6,4204,135,245661,432800
1922,5,6,4199,134,245667,463100
1923,4,5,4195,133,245672,422500
1924,2,10,4193,125,245682,421100
1925,9,5,4184,129,245687,415100
1926,1,6,4183,124,245693,427800
1927,4,6,4179,122,245699,422200
1928,7,9,4172,120,245708,423600
1929,3,11,4169,112,245719,423300
1930,8,5,4161,115,245724,421200
1931,4,10,4157,109,245734,424600
1932,8,5,4149,112,245739,420900
1933,2,7,4147,107,245746,612600
1934,7,5,4140,109,245751,460100
1935,1,7,4139,103,245758,426000
1936,4,7,4135,100,245765,424600
1937,7,7,4128,100,245772,594700
1938,4,7,4124,97,245779,456100
1939,2,6,4122,93,245785,460500
1940,5,2,4117,96,245787,421800
1941,2,6,4115,92,245793,432200
1942,5,6,4110,91,245799,449100
1943,5,11,4105,85,245810,441100
1944,5,8,4100,82,245818,459600
1945,0,4,4100,78,245822,449300
1946,3,1,4097,80,245823,424600
1947,7,2,4090,85,245825,424000
1948,6,2,4084,89,245827,430000
1949,1,7,4083,83,245834,422400
1950,4,2,4079,85,245836,434300
1951,5,7,4074,83,245843,467100
1952,1,7,4073,77,245850,435400
1953,4,5,4069,76,245855,425000
1954,3,1,4066,78,245856,433700
1955,3,2,4063,79,245858,427100
1956,7,5,4056,81,245863,429200
1957,4,5,4052,80,245868,441700
1958,3,6,4049,77,245874,454200
1959,3,7,4046,73,245881,455300
1960,2,2,4044,73,245883,425700
1961,4,4,4040,73,245887,431700
1962,2,3,4038,72,245890,431700
1963,3,3,4035,72,245893,462800
1964,6,3,4029,75,245896,431800
1965,2,3,4027,74,245899,420200
1966,5,5,4022,74,245904,420900
1967,4,2,4018,76,245906,434200
1968,1,2,4017,75,245908,431500
1969,4,4,4013,75,245912,431300
1970,3,4,4010,74,245916,555000
1971,4,4,4006,74,245920,437100
1972,5,4,4001,75,245924,436000
1973,1,2,4000,74,245926,420900
1974,3,4,3997,73,245930,424200
1975,1,2,3996,72,245932,473900
1976,3,1,3993,74,245933,491200
1977,5,5,3988,74,245938,468200
1978,1,3,3987,72,245941,492400
1979,3,1,3984,74,245942,529100
1980,1,3,3983,72,245945,429800
1981,2,2,3981,72,245947,444700
1982,1,0,3980,73,245947,511700
1983,0,3,3980,70,245950,445900
1984,2,3,3978,69,245953,424000
1985,3,2,3975,70,245955,442900
1986,1,3,3974,68,245958,434200
1987,4,3,3970,69,245961,429000
1988,3,5,3967,67,245966,420800
1989,3,1,3964,69,245967,456000
1990,3,2,3961,70,245969,425400
1991,1,3,3960,68,245972,426900
1992,2,4,3958,66,245976,444700
1993,0,3,3958,63,245979,425100
1994,1,2,3957,62,245981,419300
1995,0,3,3957,59,245984,423300
1996,0,1,3957,58,245985,613400
1997,5,2,3952,61,245987,429000
1998,1,4,3951,58,245991,432300
1999,1,3,3950,56,245994,427300
2000,0,2,3950,54,245996,425400
2001,0,2,3950,52,245998,422800
2002,0,1,3950,51,245999,423800
2003,0,6,3950,45,246005,421900
2004,0,1,3950,44,246006,418900
2005,1,0,3949,45,246006,436700
2006,0,3,3949,42,246009,453900
2007,1,0,3948,43,246009,429400
2008,0,1,3948,42,246010,444000
2009,0,2,3948,40,246012,441500
2010,1,1,3947,40,246013,488600
2011,1,2,3946,39,246015,427400
2012,1,1,3945,39,246016,422700
2013,0,0,3945,39,246016,436500
2014,1,2,3944,38,246018,420100
2015,0,1,3944,37,246019,432700
2016,1,4,3943,34,246023,417200
2017,1,0,3942,35,246023,426400
2018,1,1,3941,35,246024,432300
2019,1,2,3940,34,246026,646400
2020,0,5,3940,29,246031,448100
2021,0,3,3940,26,246034,430700
2022,0,2,3940,24,246036,424000
2023,1,0,3939,25,246036,433800
2024,0,0,3939,25,246036,424800
2025,0,1,3939,24,246037,427300
2026,0,0,3939,24,246037,429300
2027,0,1,3939,23,246038,427800
2028,0,2,3939,21,246040,423100
2029,0,1,3939,20,246041,429400
2030,0,0,3939,20,246041,428500
2031,0,0,3939,20,246041,420100
2032,0,2,3939,18,246043,434000
2033,0,1,3939,17,246044,427700
2034,0,2,3939,15,246046,425700
2035,0,0,3939,15,246046,423200
2036,0,1,3939,14,246047,456600
2037,0,0,3939,14,246047,427900
2038,0,0,3939,14,246047,428900
2039,0,1,3939,13,246048,419200
2040,0,0,3939,13,246048,417800
2041,0,1,3939,12,246049,424300
2042,0,0,3939,12,246049,422700
2043,0,2,3939,10,246051,421500
2044,0,0,3939,10,246051,427600
2045,0,1,3939,9,246052,462400
2046,0,1,3939,8,246053,442300
2047,0,0,3939,8,246053,425000
2048,0,1,3939,7,246054,422900
2049,0,0,3939,7,246054,436000
2050,0,1,3939,6,246055,416600
2051,0,0,3939,6,246055,433200
2052,0,1,3939,5,246056,421300
2053,0,1,3939,4,246057,423700
2054,0,1,3939,3,246058,427400
2055,0,0,3939,3,246058,431000
2056,0,1,3939,2,246059,434000
2057,0,0,3939,2,246059,433000
2058,0,0,3939,2,246059,436300
2059,0,0,3939,2,246059,434400
2060,0,0,3939,2,246059,440000
2061,0,0,3939,2,246059,423700
2062,0,0,3939,2,246059,431000
2063,0,0,3939,2,246059,422300
2064,0,0,3939,2,246059,428200
2065,0,0,3939,2,246059,427300
2066,0,0,3939,2,246059,428100
2067,0,0,3939,2,246059,421600
2068,0,0,3939,2,246059,422600
2069,0,1,3939,1,246060,419100
2070,0,0,3939,1,246060,600800
2071,0,0,3939,1,246060,424400
2072,0,0,3939,1,246060,440900
2073,0,0,3939,1,246060,431900
2074,0,0,3939,1,246060,435400
2075,0,1,3939,0,246061,417900
