Tick,NewlyInfected,NewlyRecovered,TotalSusceptible,TotalInfected,TotalRecovered,StepTimeNanos
0,5,0,249990,10,0,10635200
1,2,0,249988,12,0,10563000
2,2,3,249986,11,3,15665600
3,4,0,249982,15,3,15788700
4,4,1,249978,18,4,1758400
5,5,1,249973,22,5,486400
6,8,0,249965,30,5,552900
7,6,2,249959,34,7,525700
8,4,2,249955,36,9,504500
9,9,0,249946,45,9,527400
10,14,3,249932,56,12,545500
11,11,1,249921,66,13,672800
12,7,2,249914,71,15,646500
13,11,0,249903,82,15,543500
14,9,5,249894,86,20,510900
15,11,4,249883,93,24,490400
16,10,4,249873,99,28,494900
17,10,2,249863,107,30,498600
18,11,4,249852,114,34,593400
19,10,4,249842,120,38,573200
20,13,5,249829,128,43,557900
21,11,7,249818,132,50,564900
22,10,6,249808,136,56,543000
23,13,3,249795,146,59,542500
24,11,8,249784,149,67,490800
25,17,9,249767,157,76,542000
26,18,9,249749,166,85,510900
27,18,5,249731,179,90,498100
28,15,6,249716,188,96,532700
29,14,10,249702,192,106,667100
30,15,13,249687,194,119,506500
31,13,4,249674,203,123,525500
32,18,11,249656,210,134,576100
33,24,12,249632,222,146,584000
34,14,13,249618,223,159,508700
35,23,13,249595,233,172,481600
36,21,14,249574,240,186,506400
37,24,9,249550,255,195,492600
38,27,11,249523,271,206,478800
39,23,8,249500,286,214,651300
40,22,14,249478,294,228,519500
41,24,11,249454,307,239,524300
42,27,13,249427,321,252,564100
43,16,24,249411,313,276,584800
44,28,12,249383,329,288,460700
45,26,16,249357,339,304,482200
46,23,16,249334,346,320,520700
47,30,15,249304,361,335,447100
48,31,21,249273,371,356,445800
49,22,22,249251,371,378,456200
50,30,21,249221,380,399,438900
51,30,19,249191,391,418,462900
52,32,14,249159,409,432,450400
53,30,14,249129,425,446,440800
54,41,19,249088,447,465,537000
55,46,29,249042,464,494,443700
56,42,29,249000,477,523,436100
57,29,21,248971,485,544,438800
58,34,28,248937,491,572,458300
59,46,29,248891,508,601,446400
60,27,22,248864,513,623,477200
61,35,20,248829,528,643,445500
62,46,18,248783,556,661,445800
63,47,22,248736,581,683,444200
64,37,33,248699,585,716,447700
65,35,33,248664,587,749,446900
66,49,24,248615,612,773,439200
67,40,26,248575,626,799,461600
68,40,33,248535,633,832,450800
69,46,25,248489,654,857,437700
70,44,36,248445,662,893,468700
71,36,37,248409,661,930,524600
72,40,34,248369,667,964,464300
73,38,31,248331,674,995,460900
74,42,31,248289,685,1026,544000
75,57,29,248232,713,1055,450300
76,47,37,248185,723,1092,443500
77,51,42,248134,732,1134,461300
78,64,43,248070,753,1177,454400
79,54,40,248016,767,1217,521600
80,53,40,247963,780,1257,464600
81,71,37,247892,814,1294,451900
82,68,38,247824,844,1332,452500
83,53,50,247771,847,1382,498800
84,53,36,247718,864,1418,459200
85,63,51,247655,876,1469,458100
86,60,52,247595,884,1521,467700
87,68,41,247527,911,1562,451000
88,77,48,247450,940,1610,452300
89,63,46,247387,957,1656,447500
90,50,36,247337,971,1692,461400
91,76,49,247261,998,1741,461400
92,62,48,247199,1012,1789,472300
93,59,51,247140,1020,1840,452800
94,63,61,247077,1022,1901,460100
95,64,50,247013,1036,1951,537700
96,61,60,246952,1037,2011,457600
97,70,50,246882,1057,2061,462100
98,77,62,246805,1072,2123,453000
99,80,50,246725,1102,2173,492800
100,52,62,246673,1092,2235,483400
101,50,49,246623,1093,2284,448400
102,71,49,246552,1115,2333,447300
103,74,59,246478,1130,2392,452200
104,78,64,246400,1144,2456,454200
105,69,71,246331,1142,2527,541000
106,80,75,246251,1147,2602,488900
107,66,45,246185,1168,2647,481500
108,55,59,246130,1164,2706,478500
109,72,48,246058,1188,2754,461400
110,69,64,245989,1193,2818,487700
111,79,57,245910,1215,2875,479500
112,72,45,245838,1242,2920,469800
113,86,52,245752,1276,2972,471100
114,79,69,245673,1286,3041,460800
115,76,63,245597,1299,3104,447900
116,61,51,245536,1309,3155,537200
117,81,51,245455,1339,3206,461000
118,77,65,245378,1351,3271,452000
119,86,70,245292,1367,3341,470700
120,84,62,245208,1389,3403,472200
121,76,62,245132,1403,3465,449300
122,99,64,245033,1438,3529,459700
123,74,78,244959,1434,3607,457600
124,74,69,244885,1439,3676,454800
125,90,77,244795,1452,3753,451800
126,83,78,244712,1457,3831,454100
127,91,94,244621,1454,3925,463000
128,98,66,244523,1486,3991,479600
129,82,70,244441,1498,4061,458000
130,83,75,244358,1506,4136,456200
131,85,74,244273,1517,4210,456800
132,92,66,244181,1543,4276,449000
133,90,92,244091,1541,4368,458200
134,92,74,243999,1559,4442,454700
135,76,83,243923,1552,4525,487700
136,83,64,243840,1571,4589,460000
137,87,71,243753,1587,4660,457900
138,77,78,243676,1586,4738,538400
139,96,82,243580,1600,4820,462000
140,93,75,243487,1618,4895,450300
141,102,64,243385,1656,4959,468500
142,98,69,243287,1685,5028,457900
143,94,87,243193,1692,5115,546500
144,89,76,243104,1705,5191,470700
145,115,82,242989,1738,5273,462000
146,99,88,242890,1749,5361,462000
147,99,98,242791,1750,5459,461800
148,117,87,242674,1780,5546,481600
149,91,98,242583,1773,5644,491400
150,93,73,242490,1793,5717,464600
151,120,96,242370,1817,5813,496200
152,86,87,242284,1816,5900,468200
153,96,91,242188,1821,5991,454400
154,92,87,242096,1826,6078,473500
155,89,86,242007,1829,6164,467500
156,112,95,241895,1846,6259,464100
157,90,87,241805,1849,6346,472200
158,103,99,241702,1853,6445,464500
159,124,88,241578,1889,6533,548600
160,110,92,241468,1907,6625,477600
161,109,88,241359,1928,6713,542900
162,106,102,241253,1932,6815,468100
163,104,83,241149,1953,6898,461100
164,109,91,241040,1971,6989,463700
165,109,99,240931,1981,7088,466400
166,112,97,240819,1996,7185,474400
167,134,102,240685,2028,7287,530200
168,94,97,240591,2025,7384,466000
169,93,79,240498,2039,7463,484700
170,84,94,240414,2029,7557,491500
171,110,89,240304,2050,7646,466300
172,111,115,240193,2046,7761,461300
173,115,87,240078,2074,7848,578600
174,124,99,239954,2099,7947,485100
175,120,111,239834,2108,8058,534700
176,123,108,239711,2123,8166,478600
177,133,123,239578,2133,8289,588900
178,134,102,239444,2165,8391,500000
179,122,103,239322,2184,8494,466000
180,139,111,239183,2212,8605,469200
181,123,136,239060,2199,8741,471200
182,138,116,238922,2221,8857,463100
183,127,119,238795,2229,8976,470100
184,108,118,238687,2219,9094,471300
185,122,124,238565,2217,9218,491200
186,115,119,238450,2213,9337,483900
187,119,121,238331,2211,9458,474200
188,109,117,238222,2203,9575,463800
189,132,130,238090,2205,9705,472900
190,131,130,237959,2206,9835,469400
191,120,120,237839,2206,9955,532200
192,140,104,237699,2242,10059,497800
193,125,115,237574,2252,10174,475900
194,123,133,237451,2242,10307,481600
195,118,119,237333,2241,10426,475700
196,117,104,237216,2254,10530,460200
197,138,124,237078,2268,10654,463900
198,136,91,236942,2313,10745,469700
199,121,126,236821,2308,10871,563800
200,129,122,236692,2315,10993,527800
201,152,128,236540,2339,11121,469000
202,123,107,236417,2355,11228,463400
203,124,123,236293,2356,11351,465500
204,126,116,236167,2366,11467,474200
205,118,143,236049,2341,11610,465700
206,133,104,235916,2370,11714,462700
207,123,106,235793,2387,11820,466800
208,132,95,235661,2424,11915,487100
209,134,130,235527,2428,12045,580300
210,126,120,235401,2434,12165,471200
211,137,116,235264,2455,12281,464100
212,133,120,235131,2468,12401,450100
213,141,106,234990,2503,12507,468600
214,134,119,234856,2518,12626,462000
215,147,149,234709,2516,12775,486300
216,153,122,234556,2547,12897,665800
217,133,124,234423,2556,13021,470100
218,147,126,234276,2577,13147,465500
219,125,122,234151,2580,13269,464500
220,147,137,234004,2590,13406,511100
221,142,149,233862,2583,13555,469000
222,157,132,233705,2608,13687,481300
223,166,137,233539,2637,13824,479500
224,157,133,233382,2661,13957,510600
225,144,122,233238,2683,14079,501300
226,131,122,233107,2692,14201,584100
227,131,135,232976,2688,14336,475600
228,134,151,232842,2671,14487,475900
229,150,139,232692,2682,14626,467500
230,140,124,232552,2698,14750,480500
231,142,141,232410,2699,14891,477800
232,147,124,232263,2722,15015,475100
233,150,143,232113,2729,15158,491500
234,152,138,231961,2743,15296,492900
235,136,122,231825,2757,15418,479000
236,158,120,231667,2795,15538,472800
237,147,146,231520,2796,15684,478300
238,160,135,231360,2821,15819,477500
239,131,140,231229,2812,15959,488100
240,151,135,231078,2828,16094,503500
241,155,151,230923,2832,16245,485600
242,144,132,230779,2844,16377,475600
243,151,149,230628,2846,16526,482200
244,177,154,230451,2869,16680,474500
245,178,154,230273,2893,16834,468000
246,159,158,230114,2894,16992,470000
247,151,130,229963,2915,17122,474500
248,163,147,229800,2931,17269,493600
249,165,133,229635,2963,17402,468600
250,164,144,229471,2983,17546,483100
251,165,151,229306,2997,17697,498900
252,181,144,229125,3034,17841,486600
253,156,165,228969,3025,18006,479100
254,186,144,228783,3067,18150,485900
255,163,138,228620,3092,18288,476000
256,195,140,228425,3147,18428,619700
257,183,134,228242,3196,18562,487600
258,199,154,228043,3241,18716,494100
259,187,158,227856,3270,18874,484400
260,152,160,227704,3262,19034,581900
261,188,159,227516,3291,19193,531200
262,166,160,227350,3297,19353,497800
263,176,189,227174,3284,19542,493800
264,184,152,226990,3316,19694,486500
265,172,173,226818,3315,19867,482700
266,170,179,226648,3306,20046,477900
267,146,166,226502,3286,20212,604400
268,163,157,226339,3292,20369,480700
269,178,158,226161,3312,20527,464200
270,137,169,226024,3280,20696,482900
271,165,174,225859,3271,20870,471400
272,180,148,225679,3303,21018,510500
273,162,185,225517,3280,21203,490600
274,161,147,225356,3294,21350,484900
275,145,137,225211,3302,21487,474600
276,171,182,225040,3291,21669,492600
277,169,158,224871,3302,21827,479200
278,154,170,224717,3286,21997,487500
279,176,157,224541,3305,22154,492800
280,182,137,224359,3350,22291,611100
281,165,151,224194,3364,22442,487000
282,173,178,224021,3359,22620,485800
283,159,150,223862,3368,22770,505200
284,192,174,223670,3386,22944,486800
285,170,189,223500,3367,23133,575300
286,159,152,223341,3374,23285,523100
287,167,146,223174,3395,23431,482600
288,180,160,222994,3415,23591,503000
289,174,168,222820,3421,23759,557800
290,194,167,222626,3448,23926,484000
291,172,180,222454,3440,24106,498100
292,168,178,222286,3430,24284,496300
293,169,177,222117,3422,24461,493600
294,190,159,221927,3453,24620,490700
295,170,163,221757,3460,24783,494200
296,182,166,221575,3476,24949,588900
297,183,187,221392,3472,25136,537800
298,173,177,221219,3468,25313,494100
299,194,166,221025,3496,25479,473900
300,173,181,220852,3488,25660,487900
301,158,177,220694,3469,25837,489000
302,178,179,220516,3468,26016,500300
303,168,192,220348,3444,26208,519100
304,173,164,220175,3453,26372,527100
305,169,160,220006,3462,26532,495100
306,176,156,219830,3482,26688,519100
307,169,181,219661,3470,26869,479200
308,158,179,219503,3449,27048,486800
309,156,163,219347,3442,27211,484300
310,163,163,219184,3442,27374,495500
311,170,155,219014,3457,27529,515600
312,160,198,218854,3419,27727,515300
313,146,154,218708,3411,27881,497200
314,167,176,218541,3402,28057,512300
315,173,174,218368,3401,28231,500100
316,166,159,218202,3408,28390,488300
317,163,180,218039,3391,28570,484400
318,168,197,217871,3362,28767,598600
319,168,167,217703,3363,28934,483400
320,154,164,217549,3353,29098,614200
321,187,168,217362,3372,29266,494400
322,177,161,217185,3388,29427,497400
323,164,155,217021,3397,29582,487900
324,164,180,216857,3381,29762,501900
325,155,176,216702,3360,29938,496900
326,161,159,216541,3362,30097,487100
327,161,163,216380,3360,30260,475300
328,193,154,216187,3399,30414,488000
329,159,197,216028,3361,30611,547000
330,161,177,215867,3345,30788,486000
331,163,178,215704,3330,30966,503800
332,157,177,215547,3310,31143,494500
333,136,152,215411,3294,31295,491400
334,153,158,215258,3289,31453,508200
335,148,133,215110,3304,31586,505800
336,165,158,214945,3311,31744,527900
337,172,195,214773,3288,31939,495200
338,179,173,214594,3294,32112,477700
339,157,167,214437,3284,32279,492700
340,179,154,214258,3309,32433,490100
341,135,178,214123,3266,32611,491800
342,162,153,213961,3275,32764,491600
343,145,175,213816,3245,32939,508800
344,147,156,213669,3236,33095,489100
345,158,133,213511,3261,33228,495800
346,134,157,213377,3238,33385,493000
347,145,148,213232,3235,33533,489200
348,164,158,213068,3241,33691,497000
349,161,180,212907,3222,33871,496800
350,166,155,212741,3233,34026,500300
351,140,162,212601,3211,34188,476200
352,153,165,212448,3199,34353,495800
353,164,163,212284,3200,34516,590000
354,164,186,212120,3178,34702,479900
355,163,144,211957,3197,34846,476200
356,151,128,211806,3220,34974,486300
357,149,156,211657,3213,35130,578400
358,146,155,211511,3204,35285,481000
359,155,168,211356,3191,35453,488900
360,145,155,211211,3181,35608,490400
361,153,164,211058,3170,35772,490100
362,147,169,210911,3148,35941,479200
363,160,143,210751,3165,36084,463800
364,184,146,210567,3203,36230,507800
365,144,162,210423,3185,36392,484900
366,138,160,210285,3163,36552,485600
367,149,161,210136,3151,36713,491900
368,164,161,209972,3154,36874,478400
369,149,160,209823,3143,37034,477900
370,170,154,209653,3159,37188,506400
371,145,161,209508,3143,37349,510000
372,173,163,209335,3153,37512,483200
373,163,158,209172,3158,37670,493900
374,136,151,209036,3143,37821,555600
375,146,169,208890,3120,37990,561800
376,168,153,208722,3135,38143,646800
377,134,148,208588,3121,38291,535500
378,155,154,208433,3122,38445,515000
379,152,153,208281,3121,38598,493500
380,170,182,208111,3109,38780,499200
381,166,155,207945,3120,38935,489400
382,148,149,207797,3119,39084,478000
383,143,160,207654,3102,39244,486500
384,164,141,207490,3125,39385,482900
385,154,160,207336,3119,39545,476100
386,146,173,207190,3092,39718,480200
387,153,144,207037,3101,39862,480700
388,137,150,206900,3088,40012,477000
389,153,157,206747,3084,40169,474900
390,146,149,206601,3081,40318,474200
391,149,161,206452,3069,40479,491100
392,161,162,206291,3068,40641,473000
393,158,139,206133,3087,40780,465600
394,157,164,205976,3080,40944,475300
395,165,163,205811,3082,41107,530500
396,125,155,205686,3052,41262,482700
397,166,160,205520,3058,41422,521200
398,146,160,205374,3044,41582,475100
399,111,156,205263,2999,41738,472000
400,152,125,205111,3026,41863,482800
401,136,156,204975,3006,42019,474600
402,161,145,204814,3022,42164,464100
403,150,179,204664,2993,42343,467700
404,150,158,204514,2985,42501,470600
405,167,138,204347,3014,42639,478600
406,150,150,204197,3014,42789,476800
407,160,156,204037,3018,42945,474900
408,149,160,203888,3007,43105,466300
409,164,143,203724,3028,43248,459200
410,159,148,203565,3039,43396,460000
411,162,164,203403,3037,43560,477700
412,153,156,203250,3034,43716,469300
413,164,130,203086,3068,43846,480500
414,167,158,202919,3077,44004,469800
415,177,145,202742,3109,44149,463500
416,159,144,202583,3124,44293,474400
417,179,162,202404,3141,44455,473700
418,148,151,202256,3138,44606,648700
419,163,159,202093,3142,44765,470800
420,154,154,201939,3142,44919,470300
421,169,153,201770,3158,45072,466000
422,172,162,201598,3168,45234,475400
423,172,160,201426,3180,45394,482300
424,145,164,201281,3161,45558,484300
425,160,150,201121,3171,45708,554600
426,163,158,200958,3176,45866,557500
427,157,136,200801,3197,46002,498100
428,166,157,200635,3206,46159,489100
429,146,158,200489,3194,46317,481900
430,168,172,200321,3190,46489,479700
431,178,135,200143,3233,46624,463300
432,160,151,199983,3242,46775,476400
433,151,150,199832,3243,46925,487400
434,162,149,199670,3256,47074,481400
435,173,125,199497,3304,47199,585600
436,163,153,199334,3314,47352,533800
437,165,149,199169,3330,47501,503800
438,188,178,198981,3340,47679,614200
439,165,151,198816,3354,47830,505300
440,169,156,198647,3367,47986,490800
441,170,164,198477,3373,48150,489400
442,191,177,198286,3387,48327,467600
443,171,161,198115,3397,48488,498600
444,177,199,197938,3375,48687,501200
445,172,176,197766,3371,48863,477200
446,168,176,197598,3363,49039,488000
447,169,163,197429,3369,49202,555300
448,171,183,197258,3357,49385,537900
449,165,186,197093,3336,49571,494100
450,154,169,196939,3321,49740,496000
451,147,182,196792,3286,49922,473800
452,147,172,196645,3261,50094,465300
453,178,166,196467,3273,50260,468700
454,171,148,196296,3296,50408,462700
455,149,138,196147,3307,50546,501900
456,172,160,195975,3319,50706,476000
457,158,176,195817,3301,50882,474700
458,143,167,195674,3277,51049,494400
459,157,162,195517,3272,51211,489000
460,149,167,195368,3254,51378,477900
461,138,171,195230,3221,51549,477000
462,161,170,195069,3212,51719,503200
463,158,153,194911,3217,51872,499100
464,163,156,194748,3224,52028,508700
465,162,148,194586,3238,52176,479100
466,157,166,194429,3229,52342,463000
467,149,151,194280,3227,52493,483100
468,178,162,194102,3243,52655,476800
469,157,156,193945,3244,52811,482400
470,174,143,193771,3275,52954,489300
471,151,150,193620,3276,53104,515900
472,168,180,193452,3264,53284,593800
473,165,138,193287,3291,53422,590800
474,183,162,193104,3312,53584,579600
475,186,172,192918,3326,53756,524400
476,158,164,192760,3320,53920,524000
477,172,141,192588,3351,54061,546500
478,160,157,192428,3354,54218,494700
479,154,167,192274,3341,54385,493600
480,161,167,192113,3335,54552,539600
481,158,174,191955,3319,54726,496900
482,160,175,191795,3304,54901,472000
483,152,173,191643,3283,55074,502400
484,167,188,191476,3262,55262,495000
485,156,179,191320,3239,55441,462900
486,131,166,191189,3204,55607,518100
487,167,157,191022,3214,55764,512500
488,155,164,190867,3205,55928,486700
489,139,152,190728,3192,56080,500400
490,155,171,190573,3176,56251,482800
491,169,171,190404,3174,56422,527900
492,182,141,190222,3215,56563,485300
493,166,170,190056,3211,56733,484900
494,171,178,189885,3204,56911,505800
495,139,174,189746,3169,57085,494900
496,160,172,189586,3157,57257,488300
497,180,175,189406,3162,57432,491100
498,165,147,189241,3180,57579,493100
499,161,161,189080,3180,57740,519700
500,163,126,188917,3217,57866,479600
501,186,160,188731,3243,58026,537600
502,127,166,188604,3204,58192,495500
503,163,167,188441,3200,58359,490200
504,166,152,188275,3214,58511,505100
505,179,181,188096,3212,58692,520700
506,148,148,187948,3212,58840,522700
507,170,164,187778,3218,59004,499400
508,156,148,187622,3226,59152,504500
509,164,151,187458,3239,59303,484900
510,185,191,187273,3233,59494,481000
511,182,155,187091,3260,59649,480500
512,142,147,186949,3255,59796,480600
513,167,159,186782,3263,59955,493100
514,154,155,186628,3262,60110,499400
515,161,172,186467,3251,60282,516400
516,164,172,186303,3243,60454,518400
517,182,162,186121,3263,60616,491900
518,177,170,185944,3270,60786,480300
519,182,132,185762,3320,60918,481800
520,147,177,185615,3290,61095,601500
521,165,171,185450,3284,61266,475600
522,176,161,185274,3299,61427,480600
523,186,151,185088,3334,61578,472100
524,154,151,184934,3337,61729,477000
525,139,168,184795,3308,61897,472200
526,160,160,184635,3308,62057,473200
527,166,145,184469,3329,62202,462000
528,159,177,184310,3311,62379,471500
529,183,156,184127,3338,62535,457400
530,162,173,183965,3327,62708,471300
531,178,161,183787,3344,62869,468100
532,172,150,183615,3366,63019,468100
533,179,163,183436,3382,63182,484700
534,177,175,183259,3384,63357,472100
535,160,174,183099,3370,63531,472900
536,169,178,182930,3361,63709,471800
537,174,173,182756,3362,63882,476500
538,170,175,182586,3357,64057,479800
539,174,185,182412,3346,64242,473200
540,177,177,182235,3346,64419,467800
541,175,166,182060,3355,64585,470800
542,191,178,181869,3368,64763,472600
543,187,154,181682,3401,64917,494500
544,191,167,181491,3425,65084,595700
545,166,155,181325,3436,65239,487500
546,187,179,181138,3444,65418,471800
547,175,184,180963,3435,65602,472200
548,181,149,180782,3467,65751,492200
549,175,176,180607,3466,65927,469600
550,178,173,180429,3471,66100,486600
551,182,181,180247,3472,66281,483000
552,178,157,180069,3493,66438,474700
553,186,156,179883,3523,66594,471500
554,156,153,179727,3526,66747,466900
555,167,170,179560,3523,66917,472000
556,200,185,179360,3538,67102,479500
557,145,170,179215,3513,67272,492300
558,162,173,179053,3502,67445,474500
559,158,162,178895,3498,67607,460900
560,214,153,178681,3559,67760,473300
561,186,167,178495,3578,67927,473700
562,169,155,178326,3592,68082,477000
563,178,203,178148,3567,68285,464700
564,181,192,177967,3556,68477,479500
565,174,173,177793,3557,68650,504900
566,165,179,177628,3543,68829,470500
567,188,165,177440,3566,68994,468200
568,191,190,177249,3567,69184,465700
569,180,192,177069,3555,69376,472700
570,165,165,176904,3555,69541,507300
571,155,189,176749,3521,69730,484400
572,169,187,176580,3503,69917,477500
573,172,194,176408,3481,70111,478900
574,185,182,176223,3484,70293,475600
575,187,178,176036,3493,70471,470300
576,178,154,175858,3517,70625,471700
577,157,162,175701,3512,70787,462500
578,164,179,175537,3497,70966,556000
579,186,182,175351,3501,71148,494300
580,181,161,175170,3521,71309,497800
581,189,178,174981,3532,71487,486100
582,177,150,174804,3559,71637,474900
583,191,169,174613,3581,71806,473600
584,200,166,174413,3615,71972,480200
585,187,191,174226,3611,72163,511200
586,192,155,174034,3648,72318,605500
587,173,178,173861,3643,72496,3121600
588,196,200,173665,3639,72696,3503800
589,177,185,173488,3631,72881,2822700
590,195,186,173293,3640,73067,3640400
591,177,196,173116,3621,73263,3314400
592,183,188,172933,3616,73451,496300
593,194,170,172739,3640,73621,483100
594,201,183,172538,3658,73804,477300
595,183,197,172355,3644,74001,481500
596,208,166,172147,3686,74167,472000
597,199,184,171948,3701,74351,474700
598,180,187,171768,3694,74538,472100
599,175,216,171593,3653,74754,483900
600,181,190,171412,3644,74944,482200
601,156,194,171256,3606,75138,472200
602,155,181,171101,3580,75319,475800
603,169,183,170932,3566,75502,492100
604,192,178,170740,3580,75680,570800
605,181,197,170559,3564,75877,476000
606,160,176,170399,3548,76053,468400
607,176,182,170223,3542,76235,487300
608,183,182,170040,3543,76417,497000
609,157,176,169883,3524,76593,479500
610,153,208,169730,3469,76801,472800
611,180,174,169550,3475,76975,485600
612,181,180,169369,3476,77155,475000
613,185,167,169184,3494,77322,472900
614,185,187,168999,3492,77509,470600
615,157,176,168842,3473,77685,504300
616,173,183,168669,3463,77868,475900
617,172,181,168497,3454,78049,478900
618,197,181,168300,3470,78230,474500
619,163,160,168137,3473,78390,474300
620,173,184,167964,3462,78574,495200
621,169,199,167795,3432,78773,480000
622,178,186,167617,3424,78959,477300
623,197,186,167420,3435,79145,477500
624,186,173,167234,3448,79318,492600
625,194,187,167040,3455,79505,483000
626,194,162,166846,3487,79667,483400
627,186,159,166660,3514,79826,496000
628,190,170,166470,3534,79996,483100
629,189,182,166281,3541,80178,481400
630,183,176,166098,3548,80354,517800
631,181,166,165917,3563,80520,488600
632,178,157,165739,3584,80677,483100
633,201,196,165538,3589,80873,464000
634,178,178,165360,3589,81051,468300
635,188,188,165172,3589,81239,491100
636,177,178,164995,3588,81417,506100
637,191,180,164804,3599,81597,475400
638,172,161,164632,3610,81758,475900
639,198,170,164434,3638,81928,484600
640,193,192,164241,3639,82120,485300
641,182,165,164059,3656,82285,491000
642,205,180,163854,3681,82465,499300
643,167,166,163687,3682,82631,488100
644,196,225,163491,3653,82856,472800
645,211,185,163280,3679,83041,485500
646,183,211,163097,3651,83252,501600
647,194,199,162903,3646,83451,488100
648,190,165,162713,3671,83616,474900
649,177,224,162536,3624,83840,498700
650,148,201,162388,3571,84041,488900
651,162,156,162226,3577,84197,508000
652,164,181,162062,3560,84378,489400
653,168,170,161894,3558,84548,475900
654,172,182,161722,3548,84730,503300
655,182,173,161540,3557,84903,494300
656,173,189,161367,3541,85092,486500
657,171,175,161196,3537,85267,485300
658,166,190,161030,3513,85457,483200
659,180,157,160850,3536,85614,499300
660,195,181,160655,3550,85795,497900
661,196,209,160459,3537,86004,482800
662,177,179,160282,3535,86183,479400
663,153,161,160129,3527,86344,483200
664,144,175,159985,3496,86519,485800
665,162,170,159823,3488,86689,481300
666,160,185,159663,3463,86874,477700
667,167,196,159496,3434,87070,475300
668,159,161,159337,3432,87231,497500
669,176,169,159161,3439,87400,490000
670,202,181,158959,3460,87581,487800
671,164,166,158795,3458,87747,485800
672,170,159,158625,3469,87906,479800
673,165,177,158460,3457,88083,478200
674,156,192,158304,3421,88275,483300
675,190,164,158114,3447,88439,480200
676,202,152,157912,3497,88591,476900
677,175,163,157737,3509,88754,502100
678,196,185,157541,3520,88939,500300
679,205,192,157336,3533,89131,506200
680,216,185,157120,3564,89316,489900
681,197,176,156923,3585,89492,494100
682,174,172,156749,3587,89664,507800
683,192,180,156557,3599,89844,481800
684,177,170,156380,3606,90014,479500
685,205,169,156175,3642,90183,502000
686,181,187,155994,3636,90370,482100
687,184,197,155810,3623,90567,512100
688,186,182,155624,3627,90749,490400
689,165,182,155459,3610,90931,477800
690,186,183,155273,3613,91114,486700
691,187,195,155086,3605,91309,482600
692,202,184,154884,3623,91493,492600
693,153,202,154731,3574,91695,493200
694,193,169,154538,3598,91864,492400
695,203,165,154335,3636,92029,511600
696,178,172,154157,3642,92201,602300
697,188,172,153969,3658,92373,486200
698,217,176,153752,3699,92549,487800
699,201,161,153551,3739,92710,503500
700,186,169,153365,3756,92879,495300
701,174,193,153191,3737,93072,493400
702,176,189,153015,3724,93261,506800
703,211,206,152804,3729,93467,491500
704,192,191,152612,3730,93658,503100
705,189,191,152423,3728,93849,492300
706,180,203,152243,3705,94052,496600
707,189,179,152054,3715,94231,510000
708,189,173,151865,3731,94404,489300
709,180,161,151685,3750,94565,486300
710,189,164,151496,3775,94729,505000
711,182,208,151314,3749,94937,483900
712,187,194,151127,3742,95131,497500
713,179,179,150948,3742,95310,493600
714,169,175,150779,3736,95485,484700
715,194,197,150585,3733,95682,486800
716,191,179,150394,3745,95861,501900
717,167,194,150227,3718,96055,481500
718,181,187,150046,3712,96242,491900
719,179,182,149867,3709,96424,506400
720,176,175,149691,3710,96599,486800
721,158,193,149533,3675,96792,490300
722,184,173,149349,3686,96965,493400
723,178,197,149171,3667,97162,485400
724,196,187,148975,3676,97349,490800
725,170,173,148805,3673,97522,532500
726,206,190,148599,3689,97712,487900
727,176,189,148423,3676,97901,488600
728,172,174,148251,3674,98075,507800
729,195,176,148056,3693,98251,502100
730,208,195,147848,3706,98446,488600
731,190,200,147658,3696,98646,504600
732,189,186,147469,3699,98832,496500
733,171,158,147298,3712,98990,482300
734,201,189,147097,3724,99179,493300
735,195,187,146902,3732,99366,491600
736,198,189,146704,3741,99555,491000
737,168,198,146536,3711,99753,497800
738,186,174,146350,3723,99927,477400
739,218,188,146132,3753,100115,484800
740,209,187,145923,3775,100302,485000
741,198,203,145725,3770,100505,496000
742,184,176,145541,3778,100681,498300
743,191,155,145350,3814,100836,497700
744,208,216,145142,3806,101052,482000
745,202,207,144940,3801,101259,493000
746,193,172,144747,3822,101431,489900
747,194,200,144553,3816,101631,480500
748,213,200,144340,3829,101831,483700
749,194,180,144146,3843,102011,481300
750,211,173,143935,3881,102184,493900
751,222,180,143713,3923,102364,496100
752,190,213,143523,3900,102577,483500
753,221,206,143302,3915,102783,487800
754,226,233,143076,3908,103016,614600
755,196,182,142880,3922,103198,488900
756,188,202,142692,3908,103400,472000
757,189,174,142503,3923,103574,481900
758,198,202,142305,3919,103776,496300
759,189,209,142116,3899,103985,517000
760,184,186,141932,3897,104171,477500
761,199,213,141733,3883,104384,470700
762,197,174,141536,3906,104558,471200
763,196,190,141340,3912,104748,489600
764,197,190,141143,3919,104938,528800
765,196,179,140947,3936,105117,489400
766,176,180,140771,3932,105297,482500
767,199,202,140572,3929,105499,474700
768,183,192,140389,3920,105691,506500
769,205,198,140184,3927,105889,488200
770,180,217,140004,3890,106106,479100
771,165,176,139839,3879,106282,474200
772,170,209,139669,3840,106491,476500
773,172,190,139497,3822,106681,478600
774,182,214,139315,3790,106895,536400
775,199,201,139116,3788,107096,500400
776,179,212,138937,3755,107308,495100
777,180,175,138757,3760,107483,473500
778,185,180,138572,3765,107663,475400
779,183,187,138389,3761,107850,486800
780,190,191,138199,3760,108041,491100
781,174,158,138025,3776,108199,484700
782,213,202,137812,3787,108401,477200
783,186,191,137626,3782,108592,477200
784,201,206,137425,3777,108798,480100
785,203,193,137222,3787,108991,509600
786,175,179,137047,3783,109170,480100
787,185,195,136862,3773,109365,501800
788,185,193,136677,3765,109558,486500
789,195,185,136482,3775,109743,477100
790,179,215,136303,3739,109958,502100
791,171,202,136132,3708,110160,504600
792,198,177,135934,3729,110337,485200
793,190,183,135744,3736,110520,486600
794,207,191,135537,3752,110711,515300
795,201,178,135336,3775,110889,501700
796,195,198,135141,3772,111087,495100
797,208,182,134933,3798,111269,501000
798,203,198,134730,3803,111467,512000
799,197,191,134533,3809,111658,493300
800,191,192,134342,3808,111850,501300
801,211,193,134131,3826,112043,493900
802,215,191,133916,3850,112234,465400
803,196,197,133720,3849,112431,491300
804,215,206,133505,3858,112637,482800
805,197,173,133308,3882,112810,484700
806,198,180,133110,3900,112990,476200
807,196,220,132914,3876,113210,508200
808,190,190,132724,3876,113400,490300
809,209,201,132515,3884,113601,477000
810,212,199,132303,3897,113800,471800
811,185,204,132118,3878,114004,530500
812,201,217,131917,3862,114221,472900
813,200,194,131717,3868,114415,491800
814,220,226,131497,3862,114641,477400
815,213,202,131284,3873,114843,485500
816,217,204,131067,3886,115047,538200
817,183,204,130884,3865,115251,499500
818,206,186,130678,3885,115437,491700
819,203,198,130475,3890,115635,474900
820,217,214,130258,3893,115849,473400
821,174,205,130084,3862,116054,483300
822,200,216,129884,3846,116270,475300
823,176,198,129708,3824,116468,474500
824,189,180,129519,3833,116648,476200
825,209,200,129310,3842,116848,500000
826,218,194,129092,3866,117042,489400
827,186,193,128906,3859,117235,481000
828,192,164,128714,3887,117399,466900
829,222,191,128492,3918,117590,476500
830,219,200,128273,3937,117790,475200
831,204,195,128069,3946,117985,474200
832,214,197,127855,3963,118182,481500
833,196,192,127659,3967,118374,487000
834,216,203,127443,3980,118577,482500
835,208,187,127235,4001,118764,533000
836,200,208,127035,3993,118972,479900
837,180,198,126855,3975,119170,461400
838,200,202,126655,3973,119372,496100
839,211,203,126444,3981,119575,493900
840,205,225,126239,3961,119800,494000
841,210,208,126029,3963,120008,473800
842,206,206,125823,3963,120214,484000
843,213,180,125610,3996,120394,491600
844,181,210,125429,3967,120604,469100
845,206,209,125223,3964,120813,492000
846,212,184,125011,3992,120997,520200
847,190,211,124821,3971,121208,498000
848,203,194,124618,3980,121402,480400
849,161,173,124457,3968,121575,464600
850,212,178,124245,4002,121753,513200
851,223,181,124022,4044,121934,495300
852,204,226,123818,4022,122160,485200
853,187,197,123631,4012,122357,478200
854,192,224,123439,3980,122581,466400
855,185,195,123254,3970,122776,499700
856,224,193,123030,4001,122969,479000
857,193,194,122837,4000,123163,496300
858,187,205,122650,3982,123368,480500
859,190,206,122460,3966,123574,463000
860,180,200,122280,3946,123774,465400
861,195,196,122085,3945,123970,472200
862,185,194,121900,3936,124164,476900
863,189,172,121711,3953,124336,469700
864,171,203,121540,3921,124539,466300
865,188,209,121352,3900,124748,474600
866,179,177,121173,3902,124925,484000
867,181,191,120992,3892,125116,506100
868,202,194,120790,3900,125310,522200
869,164,216,120626,3848,125526,497400
870,202,185,120424,3865,125711,565700
871,188,187,120236,3866,125898,489200
872,190,197,120046,3859,126095,506100
873,178,183,119868,3854,126278,474600
874,184,198,119684,3840,126476,469400
875,185,189,119499,3836,126665,476700
876,206,200,119293,3842,126865,468800
877,197,185,119096,3854,127050,488600
878,189,184,118907,3859,127234,487200
879,194,211,118713,3842,127445,506100
880,199,187,118514,3854,127632,511800
881,204,150,118310,3908,127782,492400
882,183,182,118127,3909,127964,488200
883,171,195,117956,3885,128159,483700
884,207,192,117749,3900,128351,478400
885,204,174,117545,3930,128525,464300
886,189,210,117356,3909,128735,475700
887,177,186,117179,3900,128921,620000
888,166,188,117013,3878,129109,557800
889,168,196,116845,3850,129305,527500
890,177,182,116668,3845,129487,499200
891,188,174,116480,3859,129661,488800
892,191,182,116289,3868,129843,490200
893,158,191,116131,3835,130034,484000
894,171,191,115960,3815,130225,485500
895,207,182,115753,3840,130407,483400
896,174,179,115579,3835,130586,493400
897,184,221,115395,3798,130807,571300
898,179,193,115216,3784,131000,565800
899,181,205,115035,3760,131205,492500
900,193,192,114842,3761,131397,467200
901,189,201,114653,3749,131598,516900
902,209,200,114444,3758,131798,500000
903,184,180,114260,3762,131978,477900
904,192,216,114068,3738,132194,469200
905,197,198,113871,3737,132392,493700
906,191,201,113680,3727,132593,483400
907,202,184,113478,3745,132777,493400
908,177,187,113301,3735,132964,577100
909,191,185,113110,3741,133149,497800
910,182,185,112928,3738,133334,510000
911,211,187,112717,3762,133521,526900
912,193,202,112524,3753,133723,477400
913,178,177,112346,3754,133900,469000
914,198,175,112148,3777,134075,483800
915,195,188,111953,3784,134263,477900
916,206,181,111747,3809,134444,479400
917,194,201,111553,3802,134645,477800
918,197,150,111356,3849,134795,556000
919,221,172,111135,3898,134967,493600
920,191,192,110944,3897,135159,490900
921,211,204,110733,3904,135363,472200
922,227,191,110506,3940,135554,482500
923,218,192,110288,3966,135746,478600
924,218,226,110070,3958,135972,510100
925,197,192,109873,3963,136164,493200
926,217,180,109656,4000,136344,514000
927,225,210,109431,4015,136554,493700
928,209,184,109222,4040,136738,669500
929,200,212,109022,4028,136950,502300
930,205,207,108817,4026,137157,496500
931,208,223,108609,4011,137380,547600
932,211,213,108398,4009,137593,495500
933,190,201,108208,3998,137794,495600
934,190,183,108018,4005,137977,509600
935,182,220,107836,3967,138197,501000
936,176,183,107660,3960,138380,481200
937,205,195,107455,3970,138575,499900
938,207,206,107248,3971,138781,471600
939,219,204,107029,3986,138985,494900
940,181,195,106848,3972,139180,494500
941,209,190,106639,3991,139370,588700
942,171,192,106468,3970,139562,528000
943,199,203,106269,3966,139765,480900
944,207,206,106062,3967,139971,478900
945,214,186,105848,3995,140157,479100
946,183,182,105665,3996,140339,502800
947,198,203,105467,3991,140542,489400
948,169,197,105298,3963,140739,477100
949,205,183,105093,3985,140922,598700
950,192,195,104901,3982,141117,500800
951,204,198,104697,3988,141315,486700
952,184,194,104513,3978,141509,480300
953,210,192,104303,3996,141701,477900
954,189,203,104114,3982,141904,482700
955,217,194,103897,4005,142098,474100
956,225,184,103672,4046,142282,524100
957,184,192,103488,4038,142474,498700
958,199,210,103289,4027,142684,482600
959,205,183,103084,4049,142867,479800
960,206,228,102878,4027,143095,480900
961,189,182,102689,4034,143277,486800
962,186,206,102503,4014,143483,581400
963,206,189,102297,4031,143672,493300
964,205,219,102092,4017,143891,496200
965,213,194,101879,4036,144085,486100
966,209,163,101670,4082,144248,509100
967,217,211,101453,4088,144459,484300
968,215,200,101238,4103,144659,470100
969,207,222,101031,4088,144881,472400
970,210,172,100821,4126,145053,513700
971,210,184,100611,4152,145237,524400
972,219,226,100392,4145,145463,614100
973,248,181,100144,4212,145644,498400
974,236,212,99908,4236,145856,481900
975,209,215,99699,4230,146071,475600
976,228,228,99471,4230,146299,480400
977,231,234,99240,4227,146533,488600
978,222,199,99018,4250,146732,506300
979,228,236,98790,4242,146968,485200
980,223,194,98567,4271,147162,508600
981,205,222,98362,4254,147384,509600
982,172,215,98190,4211,147599,517900
983,211,193,97979,4229,147792,497300
984,194,223,97785,4200,148015,486300
985,176,203,97609,4173,148218,473400
986,193,217,97416,4149,148435,485900
987,200,184,97216,4165,148619,475200
988,218,246,96998,4137,148865,481900
989,209,219,96789,4127,149084,476400
990,196,201,96593,4122,149285,478600
991,199,190,96394,4131,149475,476000
992,182,210,96212,4103,149685,628300
993,197,202,96015,4098,149887,705700
994,195,195,95820,4098,150082,507200
995,195,202,95625,4091,150284,565100
996,183,201,95442,4073,150485,498600
997,190,174,95252,4089,150659,502700
998,198,198,95054,4089,150857,497300
999,187,187,94867,4089,151044,490700
1000,193,223,94674,4059,151267,478500
1001,210,197,94464,4072,151464,474400
1002,199,209,94265,4062,151673,476900
1003,189,212,94076,4039,151885,477000
1004,214,189,93862,4064,152074,491000
1005,225,183,93637,4106,152257,496500
1006,211,207,93426,4110,152464,490000
1007,194,219,93232,4085,152683,477800
1008,194,221,93038,4058,152904,487400
1009,217,191,92821,4084,153095,479800
1010,207,168,92614,4123,153263,488800
1011,214,202,92400,4135,153465,488200
1012,210,228,92190,4117,153693,492700
1013,198,187,91992,4128,153880,935200
1014,198,211,91794,4115,154091,3642500
1015,193,183,91601,4125,154274,2456800
1016,188,200,91413,4113,154474,4387400
1017,201,191,91212,4123,154665,4429600
1018,205,185,91007,4143,154850,5295500
1019,209,227,90798,4125,155077,515300
1020,221,214,90577,4132,155291,490700
1021,204,190,90373,4146,155481,498400
1022,206,217,90167,4135,155698,486500
1023,203,193,89964,4145,155891,495700
1024,203,211,89761,4137,156102,492300
1025,238,218,89523,4157,156320,504600
1026,211,215,89312,4153,156535,491200
1027,192,223,89120,4122,156758,486000
1028,224,218,88896,4128,156976,489400
1029,207,197,88689,4138,157173,489500
1030,202,197,88487,4143,157370,486200
1031,202,203,88285,4142,157573,489800
1032,216,222,88069,4136,157795,487000
1033,231,190,87838,4177,157985,485600
1034,193,222,87645,4148,158207,479700
1035,209,197,87436,4160,158404,689400
1036,211,206,87225,4165,158610,567200
1037,189,202,87036,4152,158812,804400
1038,174,244,86862,4082,159056,539300
1039,211,219,86651,4074,159275,547800
1040,201,201,86450,4074,159476,535800
1041,199,186,86251,4087,159662,574100
1042,186,201,86065,4072,159863,591300
1043,197,200,85868,4069,160063,634000
1044,224,226,85644,4067,160289,614500
1045,214,196,85430,4085,160485,636200
1046,200,196,85230,4089,160681,615600
1047,211,212,85019,4088,160893,536900
1048,221,193,84798,4116,161086,535900
1049,195,203,84603,4108,161289,528400
1050,206,185,84397,4129,161474,544800
1051,196,205,84201,4120,161679,546000
1052,200,209,84001,4111,161888,647500
1053,187,212,83814,4086,162100,581700
1054,211,200,83603,4097,162300,531400
1055,225,203,83378,4119,162503,628700
1056,188,218,83190,4089,162721,646600
1057,202,221,82988,4070,162942,584800
1058,191,193,82797,4068,163135,670300
1059,174,205,82623,4037,163340,670300
1060,209,202,82414,4044,163542,1072200
1061,214,191,82200,4067,163733,2492000
1062,164,198,82036,4033,163931,5674900
1063,185,202,81851,4016,164133,4648500
1064,195,194,81656,4017,164327,4451700
1065,184,199,81472,4002,164526,527500
1066,208,220,81264,3990,164746,502000
1067,170,204,81094,3956,164950,499800
1068,210,200,80884,3966,165150,516000
1069,223,195,80661,3994,165345,494100
1070,183,186,80478,3991,165531,495300
1071,173,210,80305,3954,165741,494400
1072,175,203,80130,3926,165944,523700
1073,210,195,79920,3941,166139,496400
1074,179,171,79741,3949,166310,522200
1075,199,176,79542,3972,166486,516000
1076,181,203,79361,3950,166689,513300
1077,191,207,79170,3934,166896,495600
1078,182,190,78988,3926,167086,491100
1079,191,201,78797,3916,167287,483000
1080,183,228,78614,3871,167515,483100
1081,222,195,78392,3898,167710,487800
1082,217,192,78175,3923,167902,507700
1083,193,183,77982,3933,168085,593200
1084,184,180,77798,3937,168265,526400
1085,215,200,77583,3952,168465,514500
1086,206,219,77377,3939,168684,518200
1087,202,182,77175,3959,168866,519900
1088,192,212,76983,3939,169078,512900
1089,193,193,76790,3939,169271,517300
1090,201,195,76589,3945,169466,509400
1091,174,204,76415,3915,169670,506800
1092,174,189,76241,3900,169859,489500
1093,192,187,76049,3905,170046,481600
1094,201,197,75848,3909,170243,481800
1095,215,182,75633,3942,170425,542700
1096,192,199,75441,3935,170624,573700
1097,186,204,75255,3917,170828,528300
1098,218,205,75037,3930,171033,513800
1099,193,199,74844,3924,171232,490600
1100,195,191,74649,3928,171423,480200
1101,205,214,74444,3919,171637,522300
1102,200,233,74244,3886,171870,504400
1103,214,175,74030,3925,172045,508300
1104,178,201,73852,3902,172246,520900
1105,171,195,73681,3878,172441,518300
1106,207,190,73474,3895,172631,497300
1107,185,176,73289,3904,172807,509100
1108,183,193,73106,3894,173000,498400
1109,192,192,72914,3894,173192,478100
1110,192,198,72722,3888,173390,481300
1111,184,189,72538,3883,173579,483400
1112,164,192,72374,3855,173771,484600
1113,184,215,72190,3824,173986,478300
1114,193,181,71997,3836,174167,487600
1115,202,178,71795,3860,174345,484400
1116,202,197,71593,3865,174542,646400
1117,177,206,71416,3836,174748,507400
1118,194,190,71222,3840,174938,502900
1119,201,200,71021,3841,175138,533300
1120,166,205,70855,3802,175343,529900
1121,176,190,70679,3788,175533,490500
1122,177,179,70502,3786,175712,492600
1123,184,180,70318,3790,175892,476100
1124,179,196,70139,3773,176088,480600
1125,191,183,69948,3781,176271,489000
1126,187,173,69761,3795,176444,675400
1127,178,187,69583,3786,176631,516200
1128,179,170,69404,3795,176801,531200
1129,198,189,69206,3804,176990,600100
1130,165,201,69041,3768,177191,542500
1131,179,180,68862,3767,177371,507800
1132,177,199,68685,3745,177570,515400
1133,182,189,68503,3738,177759,506900
1134,184,206,68319,3716,177965,478000
1135,168,187,68151,3697,178152,477700
1136,172,198,67979,3671,178350,472100
1137,165,175,67814,3661,178525,635400
1138,185,167,67629,3679,178692,504000
1139,161,182,67468,3658,178874,491300
1140,144,207,67324,3595,179081,485200
1141,173,184,67151,3584,179265,490600
1142,183,182,66968,3585,179447,492600
1143,161,182,66807,3564,179629,505000
1144,184,189,66623,3559,179818,483500
1145,190,199,66433,3550,180017,484000
1146,163,175,66270,3538,180192,481200
1147,173,174,66097,3537,180366,499900
1148,170,200,65927,3507,180566,526000
1149,174,144,65753,3537,180710,507300
1150,137,183,65616,3491,180893,511200
1151,159,166,65457,3484,181059,489800
1152,148,157,65309,3475,181216,476500
1153,152,160,65157,3467,181376,491500
1154,164,181,64993,3450,181557,476500
1155,169,167,64824,3452,181724,607800
1156,173,163,64651,3462,181887,493800
1157,180,173,64471,3469,182060,483900
1158,162,166,64309,3465,182226,478700
1159,163,168,64146,3460,182394,516300
1160,169,146,63977,3483,182540,506700
1161,175,182,63802,3476,182722,515200
1162,167,164,63635,3479,182886,500100
1163,166,184,63469,3461,183070,474600
1164,159,170,63310,3450,183240,473500
1165,183,164,63127,3469,183404,477900
1166,194,154,62933,3509,183558,478400
1167,163,177,62770,3495,183735,498700
1168,171,167,62599,3499,183902,482100
1169,186,188,62413,3497,184090,522000
1170,179,185,62234,3491,184275,529700
1171,181,198,62053,3474,184473,575200
1172,192,191,61861,3475,184664,560400
1173,182,204,61679,3453,184868,614500
1174,188,162,61491,3479,185030,599200
1175,162,185,61329,3456,185215,616400
1176,163,168,61166,3451,185383,591200
1177,170,185,60996,3436,185568,540700
1178,162,186,60834,3412,185754,596900
1179,167,157,60667,3422,185911,550700
1180,166,163,60501,3425,186074,610500
1181,165,173,60336,3417,186247,551900
1182,157,179,60179,3395,186426,612600
1183,173,178,60006,3390,186604,572300
1184,163,170,59843,3383,186774,533000
1185,175,177,59668,3381,186951,546400
1186,154,169,59514,3366,187120,551800
1187,155,155,59359,3366,187275,596900
1188,184,165,59175,3385,187440,545100
1189,156,160,59019,3381,187600,634800
1190,156,173,58863,3364,187773,656000
1191,173,177,58690,3360,187950,616600
1192,169,165,58521,3364,188115,645900
1193,157,193,58364,3328,188308,923400
1194,164,191,58200,3301,188499,861400
1195,163,168,58037,3296,188667,644100
1196,163,167,57874,3292,188834,649300
1197,163,166,57711,3289,189000,642500
1198,150,164,57561,3275,189164,607300
1199,152,145,57409,3282,189309,582100
1200,149,149,57260,3282,189458,542200
1201,144,167,57116,3259,189625,523300
1202,144,158,56972,3245,189783,535100
1203,144,154,56828,3235,189937,512800
1204,130,163,56698,3202,190100,526900
1205,151,167,56547,3186,190267,520600
1206,138,157,56409,3167,190424,513500
1207,144,150,56265,3161,190574,640000
1208,151,154,56114,3158,190728,507400
1209,158,149,55956,3167,190877,498800
1210,132,169,55824,3130,191046,496000
1211,149,140,55675,3139,191186,530700
1212,146,159,55529,3126,191345,509700
1213,140,173,55389,3093,191518,500800
1214,185,146,55204,3132,191664,490000
1215,146,155,55058,3123,191819,478400
1216,161,165,54897,3119,191984,543000
1217,133,140,54764,3112,192124,597400
1218,151,159,54613,3104,192283,605300
1219,146,150,54467,3100,192433,545300
1220,155,158,54312,3097,192591,552700
1221,147,161,54165,3083,192752,625500
1222,143,154,54022,3072,192906,541500
1223,150,163,53872,3059,193069,551800
1224,143,140,53729,3062,193209,598500
1225,137,156,53592,3043,193365,608400
1226,152,176,53440,3019,193541,614800
1227,146,150,53294,3015,193691,548800
1228,143,137,53151,3021,193828,587000
1229,159,181,52992,2999,194009,527200
1230,145,174,52847,2970,194183,508700
1231,162,131,52685,3001,194314,544700
1232,139,160,52546,2980,194474,500200
1233,161,169,52385,2972,194643,485800
1234,144,153,52241,2963,194796,506400
1235,149,138,52092,2974,194934,492100
1236,148,149,51944,2973,195083,498800
1237,149,157,51795,2965,195240,517700
1238,149,129,51646,2985,195369,484300
1239,140,161,51506,2964,195530,496300
1240,164,129,51342,2999,195659,498400
1241,145,156,51197,2988,195815,491400
1242,145,149,51052,2984,195964,502900
1243,161,163,50891,2982,196127,480100
1244,147,148,50744,2981,196275,533500
1245,120,140,50624,2961,196415,499100
1246,161,142,50463,2980,196557,526100
1247,123,140,50340,2963,196697,476500
1248,137,151,50203,2949,196848,617000
1249,154,144,50049,2959,196992,512500
1250,140,174,49909,2925,197166,491800
1251,139,151,49770,2913,197317,492600
1252,135,146,49635,2902,197463,486000
1253,154,134,49481,2922,197597,468100
1254,144,148,49337,2918,197745,480500
1255,164,149,49173,2933,197894,476200
1256,152,162,49021,2923,198056,475400
1257,139,167,48882,2895,198223,469600
1258,125,139,48757,2881,198362,466300
1259,144,167,48613,2858,198529,657000
1260,144,140,48469,2862,198669,512600
1261,130,149,48339,2843,198818,480300
1262,131,149,48208,2825,198967,484500
1263,133,149,48075,2809,199116,478700
1264,135,134,47940,2810,199250,480200
1265,128,137,47812,2801,199387,496100
1266,131,126,47681,2806,199513,485300
1267,144,128,47537,2822,199641,481700
1268,132,152,47405,2802,199793,474500
1269,141,129,47264,2814,199922,471400
1270,144,135,47120,2823,200057,634900
1271,147,138,46973,2832,200195,482200
1272,137,133,46836,2836,200328,488200
1273,156,157,46680,2835,200485,479400
1274,151,150,46529,2836,200635,477600
1275,144,137,46385,2843,200772,546500
1276,142,131,46243,2854,200903,525300
1277,153,129,46090,2878,201032,512100
1278,137,138,45953,2877,201170,494500
1279,150,134,45803,2893,201304,467400
1280,174,137,45629,2930,201441,486100
1281,157,150,45472,2937,201591,620000
1282,160,148,45312,2949,201739,538400
1283,160,141,45152,2968,201880,503000
1284,160,152,44992,2976,202032,477700
1285,149,134,44843,2991,202166,468300
1286,143,167,44700,2967,202333,462500
1287,145,157,44555,2955,202490,477300
1288,135,138,44420,2952,202628,469500
1289,147,146,44273,2953,202774,477300
1290,149,161,44124,2941,202935,467400
1291,141,157,43983,2925,203092,455400
1292,133,131,43850,2927,203223,589900
1293,127,127,43723,2927,203350,507900
1294,127,153,43596,2901,203503,511300
1295,131,127,43465,2905,203630,468300
1296,115,134,43350,2886,203764,478100
1297,135,154,43215,2867,203918,469600
1298,154,129,43061,2892,204047,484500
1299,147,158,42914,2881,204205,479900
1300,139,146,42775,2874,204351,460300
1301,130,122,42645,2882,204473,477400
1302,126,157,42519,2851,204630,464300
1303,130,138,42389,2843,204768,460900
1304,118,161,42271,2800,204929,486200
1305,129,143,42142,2786,205072,523700
1306,134,140,42008,2780,205212,515200
1307,144,172,41864,2752,205384,661100
1308,129,147,41735,2734,205531,473300
1309,131,121,41604,2744,205652,482800
1310,142,136,41462,2750,205788,477500
1311,146,143,41316,2753,205931,475300
1312,118,165,41198,2706,206096,466100
1313,130,161,41068,2675,206257,475800
1314,144,140,40924,2679,206397,650300
1315,132,130,40792,2681,206527,529300
1316,132,123,40660,2690,206650,634500
1317,131,133,40529,2688,206783,520600
1318,125,159,40404,2654,206942,484500
1319,129,142,40275,2641,207084,516400
1320,117,141,40158,2617,207225,585400
1321,125,130,40033,2612,207355,745300
1322,140,89,39893,2663,207444,4424200
1323,126,117,39767,2672,207561,4701200
1324,148,118,39619,2702,207679,5138000
1325,148,131,39471,2719,207810,3790100
1326,111,119,39360,2711,207929,2798900
1327,128,135,39232,2704,208064,3624000
1328,151,121,39081,2734,208185,647500
1329,131,149,38950,2716,208334,541200
1330,132,123,38818,2725,208457,547300
1331,118,143,38700,2700,208600,531000
1332,120,146,38580,2674,208746,620200
1333,135,131,38445,2678,208877,530100
1334,123,147,38322,2654,209024,521600
1335,127,130,38195,2651,209154,504300
1336,125,134,38070,2642,209288,540400
1337,134,135,37936,2641,209423,628900
1338,118,134,37818,2625,209557,598300
1339,121,116,37697,2630,209673,512000
1340,131,153,37566,2608,209826,496100
1341,128,138,37438,2598,209964,478300
1342,120,141,37318,2577,210105,508800
1343,120,119,37198,2578,210224,549600
1344,122,131,37076,2569,210355,483100
1345,129,132,36947,2566,210487,484500
1346,131,142,36816,2555,210629,521100
1347,130,118,36686,2567,210747,524500
1348,116,134,36570,2549,210881,543400
1349,132,131,36438,2550,211012,537500
1350,143,135,36295,2558,211147,486300
1351,133,117,36162,2574,211264,488800
1352,131,113,36031,2592,211377,502900
1353,123,140,35908,2575,211517,493000
1354,131,133,35777,2573,211650,536900
1355,121,120,35656,2574,211770,489800
1356,123,130,35533,2567,211900,490400
1357,111,110,35422,2568,212010,506900
1358,113,141,35309,2540,212151,506100
1359,136,130,35173,2546,212281,496600
1360,130,138,35043,2538,212419,481300
1361,141,136,34902,2543,212555,484500
1362,126,117,34776,2552,212672,496000
1363,128,137,34648,2543,212809,485900
1364,133,141,34515,2535,212950,502600
1365,140,125,34375,2550,213075,491600
1366,112,124,34263,2538,213199,479000
1367,111,142,34152,2507,213341,515900
1368,120,121,34032,2506,213462,546000
1369,123,120,33909,2509,213582,571100
1370,122,113,33787,2518,213695,523300
1371,104,134,33683,2488,213829,514200
1372,113,135,33570,2466,213964,515900
1373,115,143,33455,2438,214107,485400
1374,93,114,33362,2417,214221,504600
1375,118,112,33244,2423,214333,510700
1376,105,122,33139,2406,214455,479500
1377,110,149,33029,2367,214604,485600
1378,108,124,32921,2351,214728,492700
1379,116,115,32805,2352,214843,482100
1380,118,111,32687,2359,214954,507400
1381,86,124,32601,2321,215078,493000
1382,114,104,32487,2331,215182,466700
1383,115,121,32372,2325,215303,508000
1384,114,117,32258,2322,215420,508200
1385,115,119,32143,2318,215539,491600
1386,131,108,32012,2341,215647,485300
1387,113,133,31899,2321,215780,476400
1388,100,116,31799,2305,215896,457000
1389,100,119,31699,2286,216015,477500
1390,95,108,31604,2273,216123,590000
1391,104,113,31500,2264,216236,474400
1392,102,109,31398,2257,216345,471800
1393,89,113,31309,2233,216458,471900
1394,102,107,31207,2228,216565,469200
1395,96,114,31111,2210,216679,472800
1396,94,101,31017,2203,216780,573400
1397,90,115,30927,2178,216895,485700
1398,110,106,30817,2182,217001,480300
1399,104,104,30713,2182,217105,471900
1400,98,119,30615,2161,217224,477900
1401,86,98,30529,2149,217322,582100
1402,105,125,30424,2129,217447,503900
1403,91,127,30333,2093,217574,467600
1404,79,86,30254,2086,217660,484600
1405,92,110,30162,2068,217770,484700
1406,94,90,30068,2072,217860,468500
1407,73,104,29995,2041,217964,477900
1408,93,111,29902,2023,218075,470000
1409,80,105,29822,1998,218180,477900
1410,86,93,29736,1991,218273,470700
1411,95,99,29641,1987,218372,478600
1412,86,95,29555,1978,218467,557800
1413,98,92,29457,1984,218559,506600
1414,99,95,29358,1988,218654,473900
1415,100,107,29258,1981,218761,547500
1416,78,114,29180,1945,218875,512600
1417,90,94,29090,1941,218969,484500
1418,60,104,29030,1897,219073,475300
1419,78,92,28952,1883,219165,465900
1420,98,100,28854,1881,219265,472000
1421,99,108,28755,1872,219373,500200
1422,88,81,28667,1879,219454,495300
1423,83,95,28584,1867,219549,513900
1424,83,99,28501,1851,219648,488100
1425,92,90,28409,1853,219738,513500
1426,94,97,28315,1850,219835,795300
1427,99,89,28216,1860,219924,492500
1428,103,86,28113,1877,220010,479200
1429,93,82,28020,1888,220092,492000
1430,87,94,27933,1881,220186,480000
1431,84,100,27849,1865,220286,477300
1432,80,100,27769,1845,220386,474300
1433,89,107,27680,1827,220493,578900
1434,92,85,27588,1834,220578,478000
1435,98,109,27490,1823,220687,489200
1436,89,83,27401,1829,220770,482700
1437,76,83,27325,1822,220853,482300
1438,93,95,27232,1820,220948,506400
1439,83,99,27149,1804,221047,487900
1440,90,85,27059,1809,221132,537600
1441,73,90,26986,1792,221222,466800
1442,85,89,26901,1788,221311,462600
1443,81,91,26820,1778,221402,488300
1444,91,75,26729,1794,221477,663500
1445,87,86,26642,1795,221563,538200
1446,88,94,26554,1789,221657,494200
1447,92,93,26462,1788,221750,496600
1448,90,92,26372,1786,221842,471100
1449,81,74,26291,1793,221916,466300
1450,80,91,26211,1782,222007,464300
1451,85,85,26126,1782,222092,470600
1452,83,97,26043,1768,222189,473000
1453,104,82,25939,1790,222271,477300
1454,80,78,25859,1792,222349,475400
1455,82,82,25777,1792,222431,481000
1456,88,82,25689,1798,222513,488100
1457,80,105,25609,1773,222618,489200
1458,79,95,25530,1757,222713,503100
1459,81,102,25449,1736,222815,470800
1460,82,89,25367,1729,222904,462900
1461,93,97,25274,1725,223001,464300
1462,57,83,25217,1699,223084,464100
1463,86,83,25131,1702,223167,462100
1464,78,90,25053,1690,223257,464000
1465,78,78,24975,1690,223335,468400
1466,93,76,24882,1707,223411,460200
1467,85,81,24797,1711,223492,466400
1468,75,90,24722,1696,223582,513900
1469,73,80,24649,1689,223662,499600
1470,84,85,24565,1688,223747,473400
1471,85,83,24480,1690,223830,459700
1472,83,93,24397,1680,223923,468200
1473,86,83,24311,1683,224006,458800
1474,79,84,24232,1678,224090,469400
1475,68,92,24164,1654,224182,467500
1476,77,97,24087,1634,224279,462400
1477,90,68,23997,1656,224347,462100
1478,80,87,23917,1649,224434,466100
1479,89,78,23828,1660,224512,785600
1480,87,91,23741,1656,224603,531900
1481,102,75,23639,1683,224678,512700
1482,94,90,23545,1687,224768,471600
1483,77,91,23468,1673,224859,466400
1484,76,86,23392,1663,224945,462900
1485,91,79,23301,1675,225024,477900
1486,82,80,23219,1677,225104,492900
1487,76,66,23143,1687,225170,468900
1488,89,94,23054,1682,225264,463600
1489,77,95,22977,1664,225359,468400
1490,83,85,22894,1662,225444,491500
1491,75,88,22819,1649,225532,567700
1492,87,79,22732,1657,225611,524200
1493,82,66,22650,1673,225677,516100
1494,92,85,22558,1680,225762,468200
1495,77,86,22481,1671,225848,457600
1496,84,82,22397,1673,225930,463200
1497,88,97,22309,1664,226027,461700
1498,89,74,22220,1679,226101,463600
1499,68,94,22152,1653,226195,476100
1500,82,90,22070,1645,226285,465900
1501,73,76,21997,1642,226361,506100
1502,78,83,21919,1637,226444,507000
1503,70,77,21849,1630,226521,504500
1504,86,74,21763,1642,226595,469200
1505,76,99,21687,1619,226694,473700
1506,72,79,21615,1612,226773,467300
1507,82,85,21533,1609,226858,458500
1508,79,77,21454,1611,226935,470000
1509,71,87,21383,1595,227022,494100
1510,82,68,21301,1609,227090,460900
1511,92,74,21209,1627,227164,461200
1512,66,78,21143,1615,227242,464300
1513,78,94,21065,1599,227336,639000
1514,67,94,20998,1572,227430,489600
1515,65,95,20933,1542,227525,475900
1516,82,74,20851,1550,227599,457000
1517,77,76,20774,1551,227675,478900
1518,71,71,20703,1551,227746,452700
1519,67,86,20636,1532,227832,460600
1520,67,84,20569,1515,227916,455400
1521,63,81,20506,1497,227997,452600
1522,71,81,20435,1487,228078,467100
1523,80,83,20355,1484,228161,458200
1524,66,58,20289,1492,228219,505500
1525,63,70,20226,1485,228289,544600
1526,78,88,20148,1475,228377,491800
1527,71,86,20077,1460,228463,469700
1528,57,63,20020,1454,228526,458700
1529,69,74,19951,1449,228600,459300
1530,56,68,19895,1437,228668,450600
1531,69,69,19826,1437,228737,483100
1532,66,77,19760,1426,228814,462900
1533,84,81,19676,1429,228895,462200
1534,75,75,19601,1429,228970,466100
1535,69,74,19532,1424,229044,467600
1536,69,73,19463,1420,229117,510500
1537,79,70,19384,1429,229187,488500
1538,67,72,19317,1424,229259,501600
1539,68,65,19249,1427,229324,454800
1540,73,80,19176,1420,229404,480000
1541,72,69,19104,1423,229473,479700
1542,80,84,19024,1419,229557,487600
1543,71,79,18953,1411,229636,463100
1544,78,77,18875,1412,229713,458600
1545,73,53,18802,1432,229766,463600
1546,75,69,18727,1438,229835,456000
1547,77,79,18650,1436,229914,576300
1548,83,69,18567,1450,229983,499800
1549,76,78,18491,1448,230061,500600
1550,79,72,18412,1455,230133,459200
1551,87,74,18325,1468,230207,456300
1552,67,72,18258,1463,230279,450800
1553,69,73,18189,1459,230352,459500
1554,77,77,18112,1459,230429,462200
1555,64,60,18048,1463,230489,442600
1556,81,61,17967,1483,230550,466000
1557,75,89,17892,1469,230639,446300
1558,65,76,17827,1458,230715,605600
1559,65,74,17762,1449,230789,540900
1560,73,74,17689,1448,230863,494800
1561,52,67,17637,1433,230930,473700
1562,78,60,17559,1451,230990,463500
1563,70,81,17489,1440,231071,461100
1564,60,71,17429,1429,231142,452500
1565,54,69,17375,1414,231211,457700
1566,73,65,17302,1422,231276,467300
1567,63,68,17239,1417,231344,453200
1568,67,72,17172,1412,231416,459100
1569,61,72,17111,1401,231488,479700
1570,50,59,17061,1392,231547,543500
1571,71,75,16990,1388,231622,604500
1572,75,63,16915,1400,231685,483300
1573,70,82,16845,1388,231767,483800
1574,73,79,16772,1382,231846,447500
1575,68,75,16704,1375,231921,454300
1576,62,71,16642,1366,231992,447600
1577,70,77,16572,1359,232069,451700
1578,63,74,16509,1348,232143,452300
1579,65,76,16444,1337,232219,625500
1580,54,73,16390,1318,232292,467900
1581,60,60,16330,1318,232352,536100
1582,59,78,16271,1299,232430,532100
1583,77,68,16194,1308,232498,490300
1584,62,71,16132,1299,232569,491000
1585,63,67,16069,1295,232636,465600
1586,55,65,16014,1285,232701,455200
1587,51,50,15963,1286,232751,450200
1588,58,65,15905,1279,232816,454200
1589,53,57,15852,1275,232873,458300
1590,63,60,15789,1278,232933,447400
1591,68,59,15721,1287,232992,457900
1592,60,84,15661,1263,233076,513700
1593,61,75,15600,1249,233151,495400
1594,60,61,15540,1248,233212,484000
1595,65,69,15475,1244,233281,552300
1596,80,59,15395,1265,233340,473500
1597,63,75,15332,1253,233415,460200
1598,54,61,15278,1246,233476,459000
1599,58,58,15220,1246,233534,461200
1600,64,65,15156,1245,233599,517800
1601,49,61,15107,1233,233660,464100
1602,60,66,15047,1227,233726,451700
1603,65,66,14982,1226,233792,777700
1604,72,53,14910,1245,233845,495400
1605,60,58,14850,1247,233903,730600
1606,69,69,14781,1247,233972,473600
1607,72,56,14709,1263,234028,509100
1608,49,68,14660,1244,234096,488400
1609,68,57,14592,1255,234153,463400
1610,77,55,14515,1277,234208,475300
1611,79,70,14436,1286,234278,464000
1612,67,70,14369,1283,234348,457900
1613,55,55,14314,1283,234403,451900
1614,79,75,14235,1287,234478,537200
1615,49,54,14186,1282,234532,498400
1616,58,64,14128,1276,234596,495300
1617,69,79,14059,1266,234675,502900
1618,61,70,13998,1257,234745,467300
1619,55,61,13943,1251,234806,490900
1620,41,63,13902,1229,234869,458300
1621,52,65,13850,1216,234934,470600
1622,62,69,13788,1209,235003,498500
1623,54,61,13734,1202,235064,499600
1624,55,50,13679,1207,235114,471100
1625,57,67,13622,1197,235181,597600
1626,59,53,13563,1203,235234,508400
1627,60,58,13503,1205,235292,522100
1628,65,55,13438,1215,235347,475600
1629,60,68,13378,1207,235415,477200
1630,47,56,13331,1198,235471,467800
1631,69,55,13262,1212,235526,466500
1632,56,67,13206,1201,235593,463900
1633,51,64,13155,1188,235657,477300
1634,47,52,13108,1183,235709,523500
1635,62,58,13046,1187,235767,485400
1636,42,63,13004,1166,235830,550900
1637,56,57,12948,1165,235887,513100
1638,48,43,12900,1170,235930,484000
1639,58,44,12842,1184,235974,473600
1640,64,70,12778,1178,236044,474000
1641,50,55,12728,1173,236099,504100
1642,58,62,12670,1169,236161,499600
1643,58,54,12612,1173,236215,487300
1644,60,59,12552,1174,236274,475800
1645,54,52,12498,1176,236326,463500
1646,55,63,12443,1168,236389,460800
1647,67,61,12376,1174,236450,475800
1648,54,68,12322,1160,236518,527100
1649,50,49,12272,1161,236567,526000
1650,57,60,12215,1158,236627,478300
1651,45,57,12170,1146,236684,495600
1652,56,68,12114,1134,236752,467000
1653,48,68,12066,1114,236820,481200
1654,57,52,12009,1119,236872,467000
1655,42,63,11967,1098,236935,464100
1656,47,62,11920,1083,236997,471900
1657,41,44,11879,1080,237041,459200
1658,47,51,11832,1076,237092,453300
1659,54,41,11778,1089,237133,540000
1660,46,50,11732,1085,237183,515500
1661,50,51,11682,1084,237234,495600
1662,50,55,11632,1079,237289,469400
1663,48,44,11584,1083,237333,494700
1664,47,52,11537,1078,237385,468800
1665,51,57,11486,1072,237442,505600
1666,50,66,11436,1056,237508,482200
1667,53,68,11383,1041,237576,468900
1668,56,63,11327,1034,237639,443400
1669,48,51,11279,1031,237690,490700
1670,53,58,11226,1026,237748,530900
1671,50,45,11176,1031,237793,521000
1672,51,50,11125,1032,237843,468700
1673,46,48,11079,1030,237891,462300
1674,48,56,11031,1022,237947,458000
1675,51,54,10980,1019,238001,460600
1676,59,61,10921,1017,238062,448600
1677,51,43,10870,1025,238105,451500
1678,42,47,10828,1020,238152,463700
1679,51,44,10777,1027,238196,448200
1680,50,40,10727,1037,238236,465000
1681,47,38,10680,1046,238274,708900
1682,36,51,10644,1031,238325,703800
1683,35,43,10609,1023,238368,637200
1684,34,39,10575,1018,238407,471900
1685,38,56,10537,1000,238463,468400
1686,50,65,10487,985,238528,447100
1687,41,54,10446,972,238582,467200
1688,42,56,10404,958,238638,460900
1689,58,59,10346,957,238697,469700
1690,39,47,10307,949,238744,456300
1691,44,37,10263,956,238781,473200
1692,42,40,10221,958,238821,499500
1693,44,40,10177,962,238861,618800
1694,37,54,10140,945,238915,500000
1695,42,47,10098,940,238962,489000
1696,45,49,10053,936,239011,474400
1697,32,46,10021,922,239057,565500
1698,43,41,9978,924,239098,492500
1699,31,48,9947,907,239146,460500
1700,36,37,9911,906,239183,494400
1701,25,36,9886,895,239219,472300
1702,46,38,9840,903,239257,473300
1703,43,35,9797,911,239292,484300
1704,44,47,9753,908,239339,502200
1705,46,31,9707,923,239370,476400
1706,57,58,9650,922,239428,463100
1707,35,62,9615,895,239490,487000
1708,44,43,9571,896,239533,465300
1709,37,44,9534,889,239577,459700
1710,33,47,9501,875,239624,458800
1711,48,48,9453,875,239672,475800
1712,49,42,9404,882,239714,440000
1713,46,48,9358,880,239762,473600
1714,42,45,9316,877,239807,489500
1715,41,44,9275,874,239851,488700
1716,39,38,9236,875,239889,655200
1717,41,51,9195,865,239940,501900
1718,37,48,9158,854,239988,460600
1719,46,48,9112,852,240036,471600
1720,40,40,9072,852,240076,474500
1721,45,39,9027,858,240115,467300
1722,38,42,8989,854,240157,457800
1723,42,44,8947,852,240201,466900
1724,48,44,8899,856,240245,457900
1725,41,51,8858,846,240296,474600
1726,44,42,8814,848,240338,508600
1727,30,40,8784,838,240378,484600
1728,46,45,8738,839,240423,469000
1729,33,49,8705,823,240472,643200
1730,35,33,8670,825,240505,463100
1731,44,32,8626,837,240537,480800
1732,39,49,8587,827,240586,462100
1733,34,36,8553,825,240622,470400
1734,39,43,8514,821,240665,458900
1735,29,40,8485,810,240705,460000
1736,34,37,8451,807,240742,462100
1737,46,57,8405,796,240799,477600
1738,48,42,8357,802,240841,496300
1739,45,55,8312,792,240896,498600
1740,30,36,8282,786,240932,503700
1741,46,32,8236,800,240964,488000
1742,33,47,8203,786,241011,453800
1743,40,38,8163,788,241049,473900
1744,37,33,8126,792,241082,459700
1745,46,44,8080,794,241126,454300
1746,28,53,8052,769,241179,454100
1747,32,32,8020,769,241211,451100
1748,30,52,7990,747,241263,583000
1749,32,42,7958,737,241305,567100
1750,37,38,7921,736,241343,474900
1751,41,41,7880,736,241384,456200
1752,27,38,7853,725,241422,470200
1753,32,41,7821,716,241463,520700
1754,26,41,7795,701,241504,462300
1755,29,32,7766,698,241536,463600
1756,25,39,7741,684,241575,457000
1757,32,31,7709,685,241606,465600
1758,22,34,7687,673,241640,480100
1759,25,30,7662,668,241670,462700
1760,43,24,7619,687,241694,493300
1761,39,35,7580,691,241729,481100
1762,38,33,7542,696,241762,502100
1763,37,34,7505,699,241796,486600
1764,42,25,7463,716,241821,489100
1765,37,42,7426,711,241863,466900
1766,31,43,7395,699,241906,470500
1767,23,42,7372,680,241948,511300
1768,48,34,7324,694,241982,472300
1769,26,28,7298,692,242010,470400
1770,30,33,7268,689,242043,494000
1771,36,33,7232,692,242076,486100
1772,39,42,7193,689,242118,497700
1773,36,34,7157,691,242152,495300
1774,34,30,7123,695,242182,495300
1775,27,39,7096,683,242221,465300
1776,19,46,7077,656,242267,470600
1777,28,24,7049,660,242291,468800
1778,22,32,7027,650,242323,471900
1779,18,29,7009,639,242352,462200
1780,22,33,6987,628,242385,454900
1781,26,33,6961,621,242418,461000
1782,26,31,6935,616,242449,485300
1783,31,23,6904,624,242472,487500
1784,27,32,6877,619,242504,481000
1785,24,26,6853,617,242530,496300
1786,27,25,6826,619,242555,460000
1787,19,19,6807,619,242574,461500
1788,25,27,6782,617,242601,460500
1789,20,34,6762,603,242635,480600
1790,26,26,6736,603,242661,482600
1791,31,29,6705,605,242690,467500
1792,32,40,6673,597,242730,458800
1793,27,24,6646,600,242754,454200
1794,21,25,6625,596,242779,479300
1795,31,30,6594,597,242809,541900
1796,32,31,6562,598,242840,485900
1797,27,31,6535,594,242871,469700
1798,37,27,6498,604,242898,462100
1799,23,29,6475,598,242927,467100
1800,23,41,6452,580,242968,454600
1801,32,31,6420,581,242999,461900
1802,29,18,6391,592,243017,460900
1803,35,25,6356,602,243042,450500
1804,31,31,6325,602,243073,451400
1805,23,32,6302,593,243105,469700
1806,29,37,6273,585,243142,469000
1807,33,33,6240,585,243175,480200
1808,25,31,6215,579,243206,469200
1809,30,30,6185,579,243236,457900
1810,22,39,6163,562,243275,460400
1811,13,32,6150,543,243307,461000
1812,15,18,6135,540,243325,459400
1813,22,28,6113,534,243353,448100
1814,23,21,6090,536,243374,470700
1815,23,27,6067,532,243401,446300
1816,24,20,6043,536,243421,452900
1817,22,30,6021,528,243451,629400
1818,18,24,6003,522,243475,474400
1819,20,24,5983,518,243499,507200
1820,20,25,5963,513,243524,477800
1821,27,23,5936,517,243547,451200
1822,24,28,5912,513,243575,474200
1823,25,19,5887,519,243594,465900
1824,24,28,5863,515,243622,535900
1825,21,21,5842,515,243643,467500
1826,16,28,5826,503,243671,463000
1827,18,26,5808,495,243697,473800
1828,15,23,5793,487,243720,469000
1829,31,20,5762,498,243740,453400
1830,14,39,5748,473,243779,473200
1831,15,18,5733,470,243797,548700
1832,19,23,5714,466,243820,473700
1833,17,19,5697,464,243839,461600
1834,24,24,5673,464,243863,467400
1835,17,27,5656,454,243890,454000
1836,18,16,5638,456,243906,447500
1837,24,31,5614,449,243937,456800
1838,18,28,5596,439,243965,446300
1839,15,16,5581,438,243981,460300
1840,17,20,5564,435,244001,445600
1841,18,23,5546,430,244024,456100
1842,21,28,5525,423,244052,477800
1843,19,14,5506,428,244066,482200
1844,29,26,5477,431,244092,459300
1845,17,26,5460,422,244118,459000
1846,21,21,5439,422,244139,453000
1847,22,14,5417,430,244153,459900
1848,14,25,5403,419,244178,447200
1849,16,25,5387,410,244203,467000
1850,17,26,5370,401,244229,465100
1851,14,15,5356,400,244244,457000
1852,17,29,5339,388,244273,474200
1853,15,19,5324,384,244292,493300
1854,6,19,5318,371,244311,599700
1855,19,10,5299,380,244321,481500
1856,12,25,5287,367,244346,452600
1857,19,21,5268,365,244367,450900
1858,17,12,5251,370,244379,456500
1859,19,11,5232,378,244390,451300
1860,17,22,5215,373,244412,506100
1861,9,19,5206,363,244431,540700
1862,15,17,5191,361,244448,469500
1863,14,16,5177,359,244464,466900
1864,19,12,5158,366,244476,519700
1865,11,16,5147,361,244492,499900
1866,19,16,5128,364,244508,511500
1867,10,22,5118,352,244530,502300
1868,17,15,5101,354,244545,492900
1869,14,14,5087,354,244559,574100
1870,16,14,5071,356,244573,491700
1871,13,21,5058,348,244594,455700
1872,18,16,5040,350,244610,445500
1873,15,18,5025,347,244628,453900
1874,11,17,5014,341,244645,453900
1875,22,13,4992,350,244658,470500
1876,12,19,4980,343,244677,470600
1877,11,17,4969,337,244694,572600
1878,13,11,4956,339,244705,470000
1879,11,18,4945,332,244723,462400
1880,16,12,4929,336,244735,468100
1881,14,26,4915,324,244761,483000
1882,13,20,4902,317,244781,468500
1883,10,22,4892,305,244803,461100
1884,13,18,4879,300,244821,499400
1885,10,24,4869,286,244845,460600
1886,12,8,4857,290,244853,490200
1887,9,18,4848,281,244871,455800
1888,9,13,4839,277,244884,473200
1889,8,9,4831,276,244893,445200
1890,12,16,4819,272,244909,455800
1891,10,9,4809,273,244918,466500
1892,10,20,4799,263,244938,492800
1893,9,8,4790,264,244946,465000
1894,6,15,4784,255,244961,458700
1895,12,12,4772,255,244973,458600
1896,7,8,4765,254,244981,457500
1897,12,12,4753,254,244993,477200
1898,15,13,4738,256,245006,462900
1899,12,11,4726,257,245017,473900
1900,10,14,4716,253,245031,455600
1901,9,15,4707,247,245046,462700
1902,10,12,4697,245,245058,453400
1903,8,14,4689,239,245072,474700
1904,9,12,4680,236,245084,526800
1905,9,14,4671,231,245098,502100
1906,9,9,4662,231,245107,502000
1907,8,13,4654,226,245120,477100
1908,15,12,4639,229,245132,453900
1909,7,12,4632,224,245144,469800
1910,10,11,4622,223,245155,453300
1911,10,12,4612,221,245167,456200
1912,8,10,4604,219,245177,462300
1913,4,10,4600,213,245187,494600
1914,6,10,4594,209,245197,452000
1915,12,8,4582,213,245205,465200
1916,9,12,4573,210,245217,449900
1917,11,12,4562,209,245229,444000
1918,6,13,4556,202,245242,456300
1919,9,8,4547,203,245250,449800
1920,6,10,4541,199,245260,681900
1921,4,13,4537,190,245273,1180000
1922,6,6,4531,190,245279,2048100
1923,7,10,4524,187,245289,1555700
1924,7,13,4517,181,245302,764700
1925,8,9,4509,180,245311,714200
1926,14,7,4495,187,245318,1421100
1927,4,7,4491,184,245325,742900
1928,7,11,4484,180,245336,643500
1929,11,11,4473,180,245347,658800
1930,4,7,4469,177,245354,602800
1931,6,11,4463,172,245365,1000000
1932,3,8,4460,167,245373,1123300
1933,5,8,4455,164,245381,698900
1934,5,5,4450,164,245386,553100
1935,6,7,4444,163,245393,674800
1936,5,12,4439,156,245405,623200
1937,1,15,4438,142,245420,653900
1938,2,7,4436,137,245427,631400
1939,4,5,4432,136,245432,693400
1940,2,3,4430,135,245435,918000
1941,6,3,4424,138,245438,702300
1942,5,7,4419,136,245445,717900
1943,9,5,4410,140,245450,624100
1944,9,6,4401,143,245456,653300
1945,3,3,4398,143,245459,601200
1946,7,6,4391,144,245465,619100
1947,4,9,4387,139,245474,679600
1948,3,8,4384,134,245482,885700
1949,3,4,4381,133,245486,692200
1950,5,6,4376,132,245492,577200
1951,6,13,4370,125,245505,902800
1952,3,7,4367,121,245512,774700
1953,4,8,4363,117,245520,600200
1954,7,4,4356,120,245524,705000
1955,9,7,4347,122,245531,718100
1956,8,4,4339,126,245535,650900
1957,10,6,4329,130,245541,677200
1958,8,8,4321,130,245549,614400
1959,6,7,4315,129,245556,682100
1960,9,5,4306,133,245561,724500
1961,7,6,4299,134,245567,1113300
1962,6,7,4293,133,245574,661800
1963,7,5,4286,135,245579,680500
1964,3,8,4283,130,245587,608300
1965,9,8,4274,131,245595,524800
1966,8,12,4266,127,245607,499600
1967,5,7,4261,125,245614,616100
1968,3,6,4258,122,245620,688700
1969,4,6,4254,120,245626,649700
1970,9,4,4245,125,245630,577000
1971,6,6,4239,125,245636,579500
1972,4,6,4235,123,245642,560200
1973,5,3,4230,125,245645,587600
1974,11,4,4219,132,245649,602700
1975,8,5,4211,135,245654,581000
1976,5,7,4206,133,245661,564200
1977,5,9,4201,129,245670,591600
1978,4,7,4197,126,245677,578400
1979,13,6,4184,133,245683,513700
1980,4,10,4180,127,245693,666500
1981,4,4,4176,127,245697,641500
1982,10,5,4166,132,245702,625900
1983,4,10,4162,126,245712,586300
1984,7,7,4155,126,245719,590200
1985,4,5,4151,125,245724,523100
1986,6,3,4145,128,245727,627900
1987,5,4,4140,129,245731,583600
1988,7,7,4133,129,245738,664500
1989,6,3,4127,132,245741,565900
1990,5,13,4122,124,245754,613800
1991,5,7,4117,122,245761,611700
1992,4,7,4113,119,245768,566500
1993,4,9,4109,114,245777,672700
1994,4,4,4105,114,245781,632300
1995,4,6,4101,112,245787,512300
1996,4,4,4097,112,245791,545800
1997,4,8,4093,108,245799,560300
1998,5,3,4088,110,245802,560100
1999,6,4,4082,112,245806,552700
2000,4,6,4078,110,245812,471700
2001,4,6,4074,108,245818,478200
2002,7,3,4067,112,245821,641900
2003,2,5,4065,109,245826,475900
2004,1,4,4064,106,245830,490700
2005,1,5,4063,102,245835,487200
2006,5,4,4058,103,245839,460200
2007,1,3,4057,101,245842,461900
2008,3,4,4054,100,245846,641000
2009,2,6,4052,96,245852,469800
2010,3,6,4049,93,245858,462000
2011,0,3,4049,90,245861,469000
2012,2,4,4047,88,245865,451100
2013,2,3,4045,87,245868,488100
2014,2,5,4043,84,245873,484400
2015,5,4,4038,85,245877,462700
2016,4,6,4034,83,245883,481200
2017,2,3,4032,82,245886,466500
2018,2,3,4030,81,245889,456700
2019,4,5,4026,80,245894,451500
2020,2,1,4024,81,245895,533300
2021,3,5,4021,79,245900,482400
2022,4,2,4017,81,245902,517100
2023,3,3,4014,81,245905,479700
2024,1,7,4013,75,245912,523400
2025,2,5,4011,72,245917,459200
2026,2,3,4009,71,245920,460400
2027,1,3,4008,69,245923,449400
2028,4,4,4004,69,245927,455900
2029,2,6,4002,65,245933,448400
2030,1,3,4001,63,245936,470600
2031,2,3,3999,62,245939,481500
2032,3,1,3996,64,245940,467900
2033,5,4,3991,65,245944,536900
2034,3,4,3988,64,245948,473900
2035,4,3,3984,65,245951,452300
2036,2,2,3982,65,245953,495700
2037,3,3,3979,65,245956,478100
2038,1,0,3978,66,245956,463200
2039,1,1,3977,66,245957,445300
2040,2,4,3975,64,245961,455200
2041,1,3,3974,62,245964,459000
2042,1,7,3973,56,245971,452500
2043,3,4,3970,55,245975,708800
2044,0,1,3970,54,245976,484200
2045,3,5,3967,52,245981,468600
2046,1,4,3966,49,245985,474500
2047,4,2,3962,51,245987,460600
2048,2,1,3960,52,245988,451400
2049,2,2,3958,52,245990,433800
2050,0,4,3958,48,245994,520200
2051,1,1,3957,48,245995,443400
2052,0,1,3957,47,245996,453200
2053,1,2,3956,46,245998,462800
2054,2,5,3954,43,246003,456800
2055,1,1,3953,43,246004,506800
2056,2,3,3951,42,246007,647700
2057,1,1,3950,42,246008,796900
2058,1,1,3949,42,246009,749600
2059,1,2,3948,41,246011,768600
2060,1,3,3947,39,246014,669600
2061,1,2,3946,38,246016,664900
2062,1,2,3945,37,246018,611700
2063,4,4,3941,37,246022,703600
2064,0,4,3941,33,246026,625200
2065,0,2,3941,31,246028,663700
2066,0,1,3941,30,246029,679000
2067,1,1,3940,30,246030,565800
2068,0,3,3940,27,246033,721600
2069,2,0,3938,29,246033,496600
2070,1,0,3937,30,246033,485900
2071,3,4,3934,29,246037,482100
2072,1,3,3933,27,246040,529800
2073,1,3,3932,25,246043,484800
2074,2,1,3930,26,246044,464900
2075,2,1,3928,27,246045,453900
2076,0,0,3928,27,246045,461200
2077,0,2,3928,25,246047,453300
2078,3,0,3925,28,246047,476300
2079,0,0,3925,28,246047,468100
2080,0,0,3925,28,246047,615000
2081,0,1,3925,27,246048,451900
2082,0,0,3925,27,246048,451200
2083,0,1,3925,26,246049,457200
2084,1,0,3924,27,246049,481300
2085,0,1,3924,26,246050,471500
2086,0,1,3924,25,246051,523600
2087,2,0,3922,27,246051,469400
2088,0,1,3922,26,246052,464000
2089,0,2,3922,24,246054,457000
2090,0,4,3922,20,246058,470500
2091,1,1,3921,20,246059,453600
2092,0,0,3921,20,246059,471300
2093,1,1,3920,20,246060,458900
2094,0,0,3920,20,246060,480700
2095,1,0,3919,21,246060,500900
2096,0,2,3919,19,246062,629000
2097,0,0,3919,19,246062,496100
2098,1,0,3918,20,246062,465300
2099,2,1,3916,21,246063,450000
2100,0,1,3916,20,246064,456400
2101,0,1,3916,19,246065,465000
2102,0,2,3916,17,246067,468100
2103,0,1,3916,16,246068,491000
2104,0,1,3916,15,246069,449500
2105,2,2,3914,15,246071,446500
2106,0,1,3914,14,246072,488900
2107,1,2,3913,13,246074,496100
2108,1,0,3912,14,246074,458900
2109,0,2,3912,12,246076,467600
2110,1,0,3911,13,246076,454100
2111,0,0,3911,13,246076,441000
2112,0,1,3911,12,246077,442900
2113,0,0,3911,12,246077,473200
2114,0,1,3911,11,246078,462600
2115,0,0,3911,11,246078,479300
2116,0,0,3911,11,246078,458200
2117,0,0,3911,11,246078,453500
2118,0,0,3911,11,246078,468600
2119,0,0,3911,11,246078,520500
2120,0,1,3911,10,246079,468600
2121,0,1,3911,9,246080,454400
2122,0,0,3911,9,246080,461700
2123,0,1,3911,8,246081,450800
2124,0,1,3911,7,246082,446000
2125,0,0,3911,7,246082,462300
2126,0,1,3911,6,246083,454300
2127,0,0,3911,6,246083,447900
2128,0,0,3911,6,246083,460000
2129,0,0,3911,6,246083,450200
2130,0,0,3911,6,246083,476600
2131,0,1,3911,5,246084,478900
2132,0,0,3911,5,246084,469600
2133,0,0,3911,5,246084,445800
2134,0,0,3911,5,246084,441300
2135,0,0,3911,5,246084,441500
2136,0,1,3911,4,246085,447800
2137,0,0,3911,4,246085,454600
2138,0,0,3911,4,246085,475400
2139,0,0,3911,4,246085,451900
2140,0,0,3911,4,246085,437300
2141,0,0,3911,4,246085,446300
2142,0,0,3911,4,246085,471600
2143,0,0,3911,4,246085,492700
2144,0,0,3911,4,246085,454000
2145,0,0,3911,4,246085,453100
2146,0,0,3911,4,246085,441200
2147,0,0,3911,4,246085,447500
2148,0,0,3911,4,246085,449900
2149,0,1,3911,3,246086,445500
2150,0,0,3911,3,246086,453300
2151,0,1,3911,2,246087,478200
2152,0,0,3911,2,246087,436900
2153,0,1,3911,1,246088,438800
2154,0,0,3911,1,246088,478500
2155,0,0,3911,1,246088,463400
2156,0,0,3911,1,246088,470300
2157,0,0,3911,1,246088,447200
2158,0,0,3911,1,246088,448100
2159,0,0,3911,1,246088,452800
2160,0,0,3911,1,246088,446000
2161,0,0,3911,1,246088,446300
2162,0,0,3911,1,246088,449400
2163,0,0,3911,1,246088,444500
2164,0,0,3911,1,246088,431900
2165,0,0,3911,1,246088,627300
2166,0,0,3911,1,246088,482300
2167,0,0,3911,1,246088,480600
2168,0,0,3911,1,246088,464300
2169,0,0,3911,1,246088,453900
2170,0,0,3911,1,246088,444000
2171,0,0,3911,1,246088,437400
2172,0,0,3911,1,246088,451000
2173,0,0,3911,1,246088,456500
2174,0,0,3911,1,246088,446500
2175,0,0,3911,1,246088,440700
2176,0,0,3911,1,246088,437100
2177,0,0,3911,1,246088,634100
2178,0,0,3911,1,246088,485700
2179,0,0,3911,1,246088,459800
2180,0,0,3911,1,246088,443200
2181,0,0,3911,1,246088,451400
2182,0,0,3911,1,246088,440700
2183,0,0,3911,1,246088,448100
2184,0,0,3911,1,246088,466800
2185,0,1,3911,0,246089,443800
