Tick,NewlyInfected,NewlyRecovered,TotalSusceptible,TotalInfected,TotalRecovered,StepTimeNanos
0,5,0,249990,10,0,1054900
1,2,0,249988,12,0,454600
2,2,3,249986,11,3,450500
3,4,0,249982,15,3,458800
4,4,1,249978,18,4,444800
5,5,1,249973,22,5,454300
6,8,0,249965,30,5,455000
7,6,2,249959,34,7,451100
8,4,1,249955,37,8,458900
9,11,1,249944,47,9,485900
10,13,3,249931,57,12,454200
11,10,2,249921,65,14,442800
12,10,1,249911,74,15,444300
13,12,0,249899,86,15,454500
14,9,5,249890,90,20,448800
15,10,4,249880,96,24,443500
16,12,8,249868,100,32,448800
17,11,3,249857,108,35,463300
18,7,7,249850,108,42,454800
19,11,2,249839,117,44,455700
20,8,4,249831,121,48,522200
21,13,2,249818,132,50,444400
22,5,5,249813,132,55,444400
23,13,7,249800,138,62,446600
24,15,5,249785,148,67,435700
25,16,10,249769,154,77,443900
26,12,10,249757,156,87,474800
27,13,8,249744,161,95,434900
28,14,3,249730,172,98,444500
29,19,13,249711,178,111,438400
30,12,17,249699,173,128,441000
31,15,4,249684,184,132,443300
32,15,8,249669,191,140,453700
33,18,6,249651,203,146,461400
34,21,11,249630,213,157,444900
35,17,3,249613,227,160,459200
36,24,8,249589,243,168,455100
37,18,8,249571,253,176,453800
38,26,4,249545,275,180,448400
39,24,17,249521,282,197,454600
40,17,15,249504,284,212,462700
41,23,19,249481,288,231,450300
42,24,18,249457,294,249,443900
43,22,13,249435,303,262,448800
44,16,14,249419,305,276,449000
45,23,14,249396,314,290,445900
46,25,16,249371,323,306,455000
47,20,19,249351,324,325,446200
48,32,14,249319,342,339,456700
49,19,16,249300,345,355,454300
50,32,15,249268,362,370,450200
51,23,18,249245,367,388,447400
52,35,16,249210,386,404,453800
53,21,16,249189,391,420,450600
54,25,13,249164,403,433,458900
55,34,18,249130,419,451,557800
56,31,23,249099,427,474,443900
57,46,23,249053,450,497,453100
58,37,20,249016,467,517,444400
59,32,26,248984,473,543,453400
60,37,24,248947,486,567,452800
61,39,21,248908,504,588,452200
62,34,20,248874,518,608,462200
63,37,25,248837,530,633,447600
64,33,29,248804,534,662,454500
65,36,31,248768,539,693,453700
66,39,26,248729,552,719,450600
67,41,30,248688,563,749,459000
68,36,22,248652,577,771,458000
69,37,25,248615,589,796,454300
70,47,30,248568,606,826,454100
71,51,35,248517,622,861,454700
72,42,24,248475,640,885,454800
73,40,27,248435,653,912,458400
74,37,32,248398,658,944,454200
75,39,38,248359,659,982,456300
76,54,36,248305,677,1018,458800
77,52,33,248253,696,1051,449800
78,47,31,248206,712,1082,482500
79,46,33,248160,725,1115,451800
80,53,46,248107,732,1161,458100
81,42,36,248065,738,1197,459600
82,40,44,248025,734,1241,452700
83,49,31,247976,752,1272,445500
84,63,39,247913,776,1311,453700
85,58,44,247855,790,1355,449900
86,49,34,247806,805,1389,450300
87,58,39,247748,824,1428,453500
88,55,46,247693,833,1474,465800
89,58,41,247635,850,1515,460200
90,60,43,247575,867,1558,449000
91,62,35,247513,894,1593,451500
92,68,40,247445,922,1633,456000
93,54,42,247391,934,1675,452300
94,68,49,247323,953,1724,463900
95,84,42,247239,995,1766,464300
96,64,49,247175,1010,1815,453100
97,72,45,247103,1037,1860,457100
98,71,55,247032,1053,1915,455300
99,72,46,246960,1079,1961,461200
100,70,57,246890,1092,2018,461400
101,75,65,246815,1102,2083,452900
102,67,49,246748,1120,2132,465100
103,69,58,246679,1131,2190,456100
104,76,51,246603,1156,2241,559700
105,81,55,246522,1182,2296,460100
106,80,64,246442,1198,2360,464400
107,77,60,246365,1215,2420,449600
108,89,54,246276,1250,2474,451500
109,73,70,246203,1253,2544,454800
110,73,68,246130,1258,2612,452300
111,71,61,246059,1268,2673,451700
112,77,65,245982,1280,2738,456300
113,81,66,245901,1295,2804,456600
114,80,72,245821,1303,2876,458100
115,83,58,245738,1328,2934,457500
116,68,66,245670,1330,3000,462200
117,76,48,245594,1358,3048,449500
118,75,73,245519,1360,3121,456800
119,101,55,245418,1406,3176,457500
120,93,79,245325,1420,3255,454800
121,92,66,245233,1446,3321,465200
122,97,74,245136,1469,3395,457900
123,76,69,245060,1476,3464,469000
124,89,76,244971,1489,3540,464700
125,81,86,244890,1484,3626,456700
126,95,77,244795,1502,3703,468200
127,105,67,244690,1540,3770,461100
128,116,89,244574,1567,3859,459700
129,84,87,244490,1564,3946,469400
130,90,84,244400,1570,4030,468200
131,103,71,244297,1602,4101,456300
132,91,81,244206,1612,4182,468100
133,100,87,244106,1625,4269,456400
134,97,80,244009,1642,4349,457400
135,94,81,243915,1655,4430,456500
136,99,80,243816,1674,4510,459000
137,95,69,243721,1700,4579,464500
138,106,96,243615,1710,4675,460200
139,87,91,243528,1706,4766,461700
140,101,88,243427,1719,4854,463300
141,103,89,243324,1733,4943,457800
142,103,79,243221,1757,5022,463700
143,89,82,243132,1764,5104,466900
144,94,102,243038,1756,5206,458500
145,88,79,242950,1765,5285,454500
146,97,70,242853,1792,5355,460100
147,106,103,242747,1795,5458,459800
148,108,97,242639,1806,5555,462100
149,96,105,242543,1797,5660,461100
150,112,94,242431,1815,5754,468200
151,90,89,242341,1816,5843,466800
152,85,87,242256,1814,5930,454000
153,92,86,242164,1820,6016,458100
154,89,81,242075,1828,6097,463600
155,100,99,241975,1829,6196,474100
156,94,97,241881,1826,6293,475200
157,120,88,241761,1858,6381,460700
158,110,89,241651,1879,6470,463500
159,95,96,241556,1878,6566,464300
160,113,99,241443,1892,6665,468200
161,113,114,241330,1891,6779,471200
162,96,85,241234,1902,6864,470400
163,114,95,241120,1921,6959,459100
164,107,88,241013,1940,7047,463300
165,106,97,240907,1949,7144,465600
166,91,107,240816,1933,7251,468200
167,91,105,240725,1919,7356,466100
168,93,92,240632,1920,7448,461200
169,86,91,240546,1915,7539,464000
170,105,110,240441,1910,7649,463000
171,114,96,240327,1928,7745,463500
172,103,94,240224,1937,7839,468200
173,120,101,240104,1956,7940,464900
174,120,92,239984,1984,8032,482200
175,132,81,239852,2035,8113,468000
176,115,105,239737,2045,8218,457400
177,117,85,239620,2077,8303,464400
178,128,104,239492,2101,8407,458800
179,129,115,239363,2115,8522,475700
180,114,108,239249,2121,8630,560200
181,114,100,239135,2135,8730,472400
182,130,100,239005,2165,8830,466800
183,125,109,238880,2181,8939,466500
184,135,124,238745,2192,9063,459500
185,111,107,238634,2196,9170,462900
186,130,107,238504,2219,9277,459200
187,126,119,238378,2226,9396,466200
188,150,108,238228,2268,9504,466300
189,138,116,238090,2290,9620,465500
190,127,138,237963,2279,9758,465700
191,148,115,237815,2312,9873,469200
192,126,123,237689,2315,9996,460300
193,136,126,237553,2325,10122,471900
194,144,128,237409,2341,10250,467700
195,134,89,237275,2386,10339,468300
196,133,109,237142,2410,10448,474600
197,122,104,237020,2428,10552,465200
198,135,122,236885,2441,10674,467300
199,139,131,236746,2449,10805,473400
200,155,135,236591,2469,10940,471900
201,148,121,236443,2496,11061,473600
202,143,113,236300,2526,11174,465000
203,110,102,236190,2534,11276,470200
204,144,116,236046,2562,11392,465000
205,126,126,235920,2562,11518,581800
206,147,102,235773,2607,11620,695200
207,117,134,235656,2590,11754,467800
208,155,142,235501,2603,11896,463500
209,170,139,235331,2634,12035,759300
210,147,143,235184,2638,12178,469000
211,142,150,235042,2630,12328,500700
212,126,111,234916,2645,12439,459000
213,143,143,234773,2645,12582,463800
214,141,129,234632,2657,12711,464100
215,156,145,234476,2668,12856,465300
216,147,130,234329,2685,12986,466000
217,151,124,234178,2712,13110,464900
218,160,123,234018,2749,13233,475800
219,138,139,233880,2748,13372,472400
220,171,131,233709,2788,13503,462800
221,151,152,233558,2787,13655,468800
222,158,142,233400,2803,13797,486700
223,179,150,233221,2832,13947,477700
224,159,135,233062,2856,14082,478900
225,167,140,232895,2883,14222,465500
226,148,135,232747,2896,14357,479200
227,135,171,232612,2860,14528,467000
228,170,129,232442,2901,14657,471800
229,153,134,232289,2920,14791,501200
230,136,153,232153,2903,14944,466700
231,169,150,231984,2922,15094,468700
232,158,153,231826,2927,15247,472400
233,164,159,231662,2932,15406,469200
234,145,137,231517,2940,15543,468400
235,161,152,231356,2949,15695,468100
236,180,162,231176,2967,15857,468500
237,160,170,231016,2957,16027,469700
238,167,140,230849,2984,16167,468000
239,175,136,230674,3023,16303,474000
240,165,144,230509,3044,16447,469200
241,170,142,230339,3072,16589,472600
242,184,165,230155,3091,16754,473800
243,179,167,229976,3103,16921,468500
244,167,155,229809,3115,17076,473700
245,185,154,229624,3146,17230,467700
246,175,160,229449,3161,17390,487100
247,189,159,229260,3191,17549,477000
248,195,152,229065,3234,17701,477500
249,191,180,228874,3245,17881,484500
250,153,161,228721,3237,18042,476600
251,176,145,228545,3268,18187,477700
252,209,163,228336,3314,18350,471300
253,206,186,228130,3334,18536,470900
254,177,157,227953,3354,18693,473900
255,177,158,227776,3373,18851,486400
256,186,160,227590,3399,19011,478600
257,168,180,227422,3387,19191,476900
258,190,188,227232,3389,19379,480100
259,168,167,227064,3390,19546,476000
260,188,159,226876,3419,19705,483600
261,183,165,226693,3437,19870,480700
262,187,200,226506,3424,20070,478300
263,196,170,226310,3450,20240,478400
264,173,176,226137,3447,20416,469800
265,163,188,225974,3422,20604,484900
266,155,156,225819,3421,20760,483000
267,164,182,225655,3403,20942,478500
268,176,168,225479,3411,21110,483600
269,161,159,225318,3413,21269,480900
270,160,182,225158,3391,21451,483300
271,168,166,224990,3393,21617,485800
272,170,184,224820,3379,21801,469600
273,150,155,224670,3374,21956,475100
274,154,154,224516,3374,22110,472300
275,191,166,224325,3399,22276,485400
276,173,164,224152,3408,22440,484100
277,192,154,223960,3446,22594,468600
278,149,169,223811,3426,22763,467000
279,184,150,223627,3460,22913,488500
280,151,156,223476,3455,23069,473300
281,177,181,223299,3451,23250,476800
282,149,160,223150,3440,23410,481700
283,179,173,222971,3446,23583,469800
284,183,199,222788,3430,23782,480200
285,152,159,222636,3423,23941,477900
286,149,166,222487,3406,24107,484300
287,151,147,222336,3410,24254,476700
288,159,169,222177,3400,24423,479700
289,178,172,221999,3406,24595,470300
290,172,175,221827,3403,24770,482500
291,184,182,221643,3405,24952,467900
292,174,188,221469,3391,25140,481800
293,176,173,221293,3394,25313,469400
294,162,168,221131,3388,25481,484200
295,168,171,220963,3385,25652,467400
296,184,146,220779,3423,25798,474000
297,176,177,220603,3422,25975,482000
298,190,168,220413,3444,26143,480500
299,168,156,220245,3456,26299,479300
300,168,155,220077,3469,26454,458000
301,191,198,219886,3462,26652,481400
302,183,162,219703,3483,26814,483300
303,169,176,219534,3476,26990,479600
304,174,164,219360,3486,27154,508300
305,185,182,219175,3489,27336,502600
306,199,154,218976,3534,27490,603000
307,172,176,218804,3530,27666,494300
308,186,190,218618,3526,27856,493100
309,168,171,218450,3523,28027,462400
310,185,186,218265,3522,28213,472800
311,185,180,218080,3527,28393,470800
312,179,174,217901,3532,28567,467600
313,174,166,217727,3540,28733,465800
314,186,170,217541,3556,28903,465400
315,177,192,217364,3541,29095,470200
316,169,170,217195,3540,29265,468000
317,166,183,217029,3523,29448,479100
318,169,159,216860,3533,29607,558600
319,187,168,216673,3552,29775,478100
320,168,212,216505,3508,29987,463900
321,178,166,216327,3520,30153,481900
322,179,167,216148,3532,30320,481700
323,168,158,215980,3542,30478,465800
324,171,189,215809,3524,30667,471400
325,156,181,215653,3499,30848,474700
326,169,152,215484,3516,31000,474200
327,181,180,215303,3517,31180,565600
328,175,183,215128,3509,31363,483700
329,188,140,214940,3557,31503,558100
330,167,170,214773,3554,31673,501300
331,183,175,214590,3562,31848,464100
332,159,191,214431,3530,32039,467100
333,167,162,214264,3535,32201,460100
334,178,151,214086,3562,32352,535700
335,196,178,213890,3580,32530,459600
336,175,191,213715,3564,32721,476300
337,173,215,213542,3522,32936,467500
338,189,178,213353,3533,33114,470100
339,173,172,213180,3534,33286,484400
340,166,166,213014,3534,33452,477700
341,189,177,212825,3546,33629,462100
342,189,181,212636,3554,33810,460400
343,144,167,212492,3531,33977,499500
344,165,175,212327,3521,34152,477000
345,170,184,212157,3507,34336,572400
346,186,150,211971,3543,34486,457000
347,175,172,211796,3546,34658,455600
348,174,199,211622,3521,34857,480500
349,170,192,211452,3499,35049,479500
350,190,176,211262,3513,35225,475700
351,188,170,211074,3531,35395,473000
352,196,153,210878,3574,35548,462900
353,191,186,210687,3579,35734,478700
354,173,185,210514,3567,35919,482700
355,160,178,210354,3549,36097,486700
356,186,171,210168,3564,36268,484700
357,183,177,209985,3570,36445,471400
358,166,197,209819,3539,36642,461100
359,184,172,209635,3551,36814,468400
360,144,192,209491,3503,37006,480300
361,169,189,209322,3483,37195,475000
362,159,185,209163,3457,37380,476300
363,176,180,208987,3453,37560,470400
364,166,173,208821,3446,37733,482100
365,160,172,208661,3434,37905,474200
366,158,177,208503,3415,38082,474500
367,165,182,208338,3398,38264,474300
368,169,155,208169,3412,38419,477700
369,190,173,207979,3429,38592,484000
370,162,207,207817,3384,38799,476800
371,157,189,207660,3352,38988,478400
372,125,160,207535,3317,39148,479700
373,124,161,207411,3280,39309,475200
374,157,168,207254,3269,39477,481400
375,160,165,207094,3264,39642,478700
376,151,141,206943,3274,39783,474400
377,141,165,206802,3250,39948,478300
378,155,164,206647,3241,40112,478800
379,152,183,206495,3210,40295,475900
380,137,178,206358,3169,40473,533200
381,165,137,206193,3197,40610,505500
382,153,164,206040,3186,40774,486000
383,153,153,205887,3186,40927,479300
384,163,162,205724,3187,41089,476700
385,136,183,205588,3140,41272,478400
386,129,166,205459,3103,41438,479300
387,148,137,205311,3114,41575,478800
388,171,143,205140,3142,41718,474300
389,167,150,204973,3159,41868,473600
390,155,150,204818,3164,42018,479700
391,169,149,204649,3184,42167,508100
392,167,145,204482,3206,42312,487100
393,164,185,204318,3185,42497,478000
394,169,177,204149,3177,42674,476900
395,144,165,204005,3156,42839,478100
396,172,167,203833,3161,43006,476000
397,137,169,203696,3129,43175,487900
398,128,146,203568,3111,43321,475000
399,162,129,203406,3144,43450,479100
400,143,175,203263,3112,43625,475400
401,166,153,203097,3125,43778,478400
402,166,166,202931,3125,43944,482500
403,138,175,202793,3088,44119,473000
404,161,150,202632,3099,44269,486100
405,160,145,202472,3114,44414,485900
406,169,160,202303,3123,44574,507900
407,154,159,202149,3118,44733,483500
408,183,152,201966,3149,44885,461100
409,150,181,201816,3118,45066,481700
410,159,161,201657,3116,45227,486500
411,158,152,201499,3122,45379,479800
412,153,144,201346,3131,45523,476500
413,154,156,201192,3129,45679,477900
414,151,148,201041,3132,45827,477200
415,139,158,200902,3113,45985,482200
416,157,157,200745,3113,46142,479900
417,150,146,200595,3117,46288,503400
418,167,165,200428,3119,46453,484500
419,138,174,200290,3083,46627,484600
420,166,144,200124,3105,46771,483200
421,162,162,199962,3105,46933,472700
422,156,160,199806,3101,47093,484000
423,137,143,199669,3095,47236,477700
424,162,148,199507,3109,47384,469600
425,187,136,199320,3160,47520,480400
426,164,134,199156,3190,47654,491500
427,153,172,199003,3171,47826,481600
428,174,162,198829,3183,47988,519400
429,184,156,198645,3211,48144,462500
430,171,154,198474,3228,48298,478300
431,157,144,198317,3241,48442,481900
432,155,166,198162,3230,48608,484600
433,154,159,198008,3225,48767,514700
434,147,148,197861,3224,48915,493400
435,155,162,197706,3217,49077,470300
436,167,147,197539,3237,49224,469500
437,152,187,197387,3202,49411,470600
438,141,137,197246,3206,49548,484600
439,158,148,197088,3216,49696,485500
440,145,159,196943,3202,49855,483600
441,160,179,196783,3183,50034,482400
442,160,156,196623,3187,50190,478400
443,173,164,196450,3196,50354,471200
444,146,164,196304,3178,50518,490300
445,166,154,196138,3190,50672,483400
446,141,145,195997,3186,50817,479800
447,154,176,195843,3164,50993,479200
448,148,157,195695,3155,51150,482700
449,152,162,195543,3145,51312,489300
450,154,152,195389,3147,51464,459800
451,179,147,195210,3179,51611,486100
452,165,151,195045,3193,51762,486800
453,168,149,194877,3212,51911,484000
454,148,150,194729,3210,52061,485700
455,167,153,194562,3224,52214,464900
456,168,175,194394,3217,52389,486800
457,180,143,194214,3254,52532,470300
458,147,182,194067,3219,52714,495800
459,165,164,193902,3220,52878,480500
460,166,148,193736,3238,53026,487500
461,156,198,193580,3196,53224,482700
462,147,154,193433,3189,53378,483200
463,172,152,193261,3209,53530,481000
464,182,149,193079,3242,53679,481900
465,160,145,192919,3257,53824,480500
466,159,185,192760,3231,54009,486800
467,174,174,192586,3231,54183,483700
468,194,152,192392,3273,54335,484300
469,175,146,192217,3302,54481,483300
470,162,141,192055,3323,54622,469300
471,166,174,191889,3315,54796,486700
472,154,142,191735,3327,54938,482700
473,162,168,191573,3321,55106,482400
474,170,189,191403,3302,55295,482100
475,180,145,191223,3337,55440,492500
476,159,146,191064,3350,55586,473900
477,160,161,190904,3349,55747,478100
478,180,148,190724,3381,55895,473000
479,156,165,190568,3372,56060,482200
480,163,178,190405,3357,56238,486900
481,182,176,190223,3363,56414,483400
482,187,158,190036,3392,56572,483800
483,180,185,189856,3387,56757,482900
484,173,184,189683,3376,56941,626700
485,168,171,189515,3373,57112,507200
486,196,189,189319,3380,57301,481900
487,152,181,189167,3351,57482,493700
488,146,173,189021,3324,57655,469200
489,181,182,188840,3323,57837,469700
490,169,160,188671,3332,57997,483700
491,181,162,188490,3351,58159,481400
492,172,167,188318,3356,58326,598300
493,168,199,188150,3325,58525,472100
494,181,139,187969,3367,58664,476500
495,184,154,187785,3397,58818,461500
496,164,186,187621,3375,59004,465100
497,154,185,187467,3344,59189,479600
498,159,177,187308,3326,59366,470100
499,164,159,187144,3331,59525,465600
500,184,171,186960,3344,59696,482800
501,151,157,186809,3338,59853,483500
502,168,172,186641,3334,60025,479300
503,173,163,186468,3344,60188,479500
504,183,191,186285,3336,60379,479000
505,169,160,186116,3345,60539,472800
506,186,164,185930,3367,60703,464400
507,171,157,185759,3381,60860,460600
508,178,155,185581,3404,61015,472100
509,185,193,185396,3396,61208,475300
510,176,180,185220,3392,61388,471600
511,158,155,185062,3395,61543,481300
512,179,189,184883,3385,61732,482700
513,161,151,184722,3395,61883,482600
514,165,166,184557,3394,62049,464600
515,195,155,184362,3434,62204,591600
516,182,173,184180,3443,62377,468000
517,175,175,184005,3443,62552,482200
518,199,155,183806,3487,62707,483100
519,160,178,183646,3469,62885,465600
520,198,157,183448,3510,63042,480100
521,171,184,183277,3497,63226,478600
522,199,167,183078,3529,63393,486800
523,162,164,182916,3527,63557,464500
524,173,198,182743,3502,63755,480600
525,190,166,182553,3526,63921,480900
526,172,151,182381,3547,64072,472500
527,190,171,182191,3566,64243,482500
528,178,161,182013,3583,64404,480200
529,202,182,181811,3603,64586,481900
530,200,186,181611,3617,64772,464400
531,188,159,181423,3646,64931,485400
532,181,174,181242,3653,65105,534100
533,178,179,181064,3652,65284,486300
534,183,177,180881,3658,65461,482700
535,189,178,180692,3669,65639,603800
536,191,189,180501,3671,65828,478900
537,186,183,180315,3674,66011,468400
538,195,197,180120,3672,66208,467100
539,189,199,179931,3662,66407,463400
540,191,188,179740,3665,66595,464500
541,168,216,179572,3617,66811,478000
542,188,174,179384,3631,66985,477000
543,194,166,179190,3659,67151,476300
544,191,163,178999,3687,67314,474700
545,192,197,178807,3682,67511,473600
546,187,209,178620,3660,67720,466500
547,170,187,178450,3643,67907,470100
548,172,185,178278,3630,68092,483900
549,177,200,178101,3607,68292,467400
550,204,179,177897,3632,68471,482800
551,158,161,177739,3629,68632,465500
552,163,177,177576,3615,68809,480700
553,169,160,177407,3624,68969,479800
554,185,176,177222,3633,69145,472100
555,178,176,177044,3635,69321,462900
556,166,182,176878,3619,69503,474200
557,168,173,176710,3614,69676,469400
558,185,163,176525,3636,69839,472200
559,194,180,176331,3650,70019,481800
560,185,154,176146,3681,70173,464000
561,193,157,175953,3717,70330,464600
562,184,220,175769,3681,70550,608200
563,183,208,175586,3656,70758,502100
564,173,177,175413,3652,70935,498200
565,168,176,175245,3644,71111,485500
566,190,158,175055,3676,71269,477900
567,184,170,174871,3690,71439,459700
568,181,193,174690,3678,71632,461700
569,147,176,174543,3649,71808,464100
570,167,178,174376,3638,71986,463700
571,193,201,174183,3630,72187,462900
572,193,160,173990,3663,72347,463400
573,192,204,173798,3651,72551,482300
574,178,164,173620,3665,72715,480100
575,165,208,173455,3622,72923,485300
576,173,179,173282,3616,73102,484600
577,197,167,173085,3646,73269,483100
578,167,205,172918,3608,73474,477700
579,170,171,172748,3607,73645,465900
580,196,181,172552,3622,73826,477500
581,179,163,172373,3638,73989,467100
582,196,183,172177,3651,74172,465500
583,170,174,172007,3647,74346,478000
584,186,202,171821,3631,74548,480800
585,160,164,171661,3627,74712,465500
586,182,187,171479,3622,74899,480100
587,199,188,171280,3633,75087,470100
588,194,175,171086,3652,75262,472300
589,168,201,170918,3619,75463,476500
590,178,170,170740,3627,75633,506900
591,158,192,170582,3593,75825,524400
592,201,165,170381,3629,75990,463600
593,171,178,170210,3622,76168,477500
594,201,175,170009,3648,76343,464600
595,196,174,169813,3670,76517,465500
596,190,170,169623,3690,76687,464000
597,211,182,169412,3719,76869,464800
598,199,185,169213,3733,77054,479500
599,175,183,169038,3725,77237,478800
600,178,190,168860,3713,77427,464200
601,200,166,168660,3747,77593,464000
602,226,174,168434,3799,77767,465100
603,194,209,168240,3784,77976,477400
604,192,200,168048,3776,78176,490200
605,175,180,167873,3771,78356,483200
606,188,201,167685,3758,78557,470300
607,201,191,167484,3768,78748,478100
608,173,185,167311,3756,78933,480600
609,207,196,167104,3767,79129,481500
610,190,199,166914,3758,79328,473000
611,199,198,166715,3759,79526,487400
612,196,192,166519,3763,79718,470800
613,200,200,166319,3763,79918,476800
614,220,203,166099,3780,80121,479000
615,205,181,165894,3804,80302,477800
616,191,183,165703,3812,80485,475800
617,207,191,165496,3828,80676,512100
618,181,187,165315,3822,80863,473600
619,181,208,165134,3795,81071,484400
620,179,199,164955,3775,81270,475300
621,173,199,164782,3749,81469,476100
622,208,180,164574,3777,81649,489400
623,179,196,164395,3760,81845,478300
624,177,194,164218,3743,82039,480800
625,189,192,164029,3740,82231,475000
626,176,198,163853,3718,82429,497500
627,171,170,163682,3719,82599,470400
628,154,201,163528,3672,82800,474700
629,175,173,163353,3674,82973,472100
630,188,178,163165,3684,83151,475700
631,162,175,163003,3671,83326,466100
632,204,192,162799,3683,83518,466100
633,181,173,162618,3691,83691,463900
634,194,211,162424,3674,83902,504200
635,187,173,162237,3688,84075,504200
636,192,184,162045,3696,84259,472500
637,195,167,161850,3724,84426,474700
638,188,192,161662,3720,84618,478100
639,176,187,161486,3709,84805,474400
640,179,154,161307,3734,84959,469100
641,194,183,161113,3745,85142,476300
642,176,190,160937,3731,85332,476400
643,196,204,160741,3723,85536,465900
644,197,192,160544,3728,85728,540200
645,181,183,160363,3726,85911,487300
646,182,209,160181,3699,86120,481000
647,181,181,160000,3699,86301,463500
648,178,199,159822,3678,86500,468200
649,177,175,159645,3680,86675,471900
650,164,150,159481,3694,86825,480000
651,198,196,159283,3696,87021,476000
652,174,173,159109,3697,87194,488400
653,176,176,158933,3697,87370,479300
654,176,189,158757,3684,87559,478000
655,182,172,158575,3694,87731,467400
656,175,191,158400,3678,87922,479200
657,184,189,158216,3673,88111,482200
658,181,168,158035,3686,88279,476900
659,202,201,157833,3687,88480,492600
660,188,193,157645,3682,88673,479100
661,187,167,157458,3702,88840,468800
662,174,178,157284,3698,89018,477800
663,206,184,157078,3720,89202,475400
664,205,194,156873,3731,89396,480800
665,173,213,156700,3691,89609,475500
666,191,198,156509,3684,89807,479300
667,190,176,156319,3698,89983,479600
668,172,176,156147,3694,90159,478300
669,187,197,155960,3684,90356,483600
670,172,188,155788,3668,90544,479900
671,164,205,155624,3627,90749,475100
672,157,197,155467,3587,90946,501400
673,176,184,155291,3579,91130,469100
674,188,177,155103,3590,91307,464200
675,176,183,154927,3583,91490,490200
676,165,179,154762,3569,91669,478100
677,189,179,154573,3579,91848,469900
678,211,198,154362,3592,92046,480200
679,184,202,154178,3574,92248,478000
680,186,184,153992,3576,92432,478100
681,179,188,153813,3567,92620,471200
682,181,182,153632,3566,92802,473100
683,173,185,153459,3554,92987,618200
684,173,162,153286,3565,93149,464200
685,181,163,153105,3583,93312,479700
686,165,179,152940,3569,93491,466200
687,177,169,152763,3577,93660,476700
688,195,167,152568,3605,93827,488900
689,183,192,152385,3596,94019,461300
690,169,201,152216,3564,94220,462000
691,185,187,152031,3562,94407,481200
692,184,179,151847,3567,94586,481600
693,177,182,151670,3562,94768,466600
694,203,179,151467,3586,94947,477600
695,179,188,151288,3577,95135,476900
696,169,168,151119,3578,95303,474100
697,173,176,150946,3575,95479,483000
698,183,175,150763,3583,95654,483900
699,156,188,150607,3551,95842,465900
700,189,153,150418,3587,95995,484100
701,186,191,150232,3582,96186,536600
702,172,181,150060,3573,96367,488700
703,167,191,149893,3549,96558,474000
704,185,189,149708,3545,96747,469300
705,195,188,149513,3552,96935,477700
706,195,188,149318,3559,97123,479500
707,159,173,149159,3545,97296,476000
708,179,172,148980,3552,97468,468600
709,173,185,148807,3540,97653,485000
710,164,160,148643,3544,97813,478600
711,186,179,148457,3551,97992,484100
712,182,165,148275,3568,98157,481400
713,171,191,148104,3548,98348,479100
714,189,179,147915,3558,98527,487200
715,201,166,147714,3593,98693,534800
716,173,164,147541,3602,98857,473200
717,191,168,147350,3625,99025,481200
718,174,187,147176,3612,99212,479800
719,164,175,147012,3601,99387,470500
720,159,187,146853,3573,99574,471700
721,182,161,146671,3594,99735,465500
722,206,189,146465,3611,99924,487300
723,187,185,146278,3613,100109,474700
724,187,184,146091,3616,100293,475500
725,168,191,145923,3593,100484,474700
726,185,176,145738,3602,100660,474500
727,212,173,145526,3641,100833,486200
728,179,192,145347,3628,101025,477100
729,198,172,145149,3654,101197,479700
730,195,201,144954,3648,101398,495600
731,191,178,144763,3661,101576,470100
732,206,165,144557,3702,101741,478400
733,197,190,144360,3709,101931,478000
734,213,205,144147,3717,102136,488800
735,203,200,143944,3720,102336,480200
736,162,181,143782,3701,102517,478700
737,170,205,143612,3666,102722,477500
738,171,164,143441,3673,102886,486000
739,177,188,143264,3662,103074,472000
740,182,205,143082,3639,103279,478600
741,165,167,142917,3637,103446,483700
742,201,165,142716,3673,103611,486900
743,174,215,142542,3632,103826,484600
744,185,173,142357,3644,103999,474900
745,175,174,142182,3645,104173,485200
746,190,184,141992,3651,104357,474800
747,183,173,141809,3661,104530,492500
748,192,185,141617,3668,104715,477500
749,208,201,141409,3675,104916,491200
750,187,162,141222,3700,105078,484200
751,167,192,141055,3675,105270,487800
752,201,203,140854,3673,105473,485600
753,188,192,140666,3669,105665,479100
754,168,193,140498,3644,105858,469500
755,184,187,140314,3641,106045,469600
756,181,165,140133,3657,106210,476200
757,179,197,139954,3639,106407,470400
758,184,194,139770,3629,106601,483600
759,168,192,139602,3605,106793,467800
760,201,182,139401,3624,106975,501100
761,176,189,139225,3611,107164,485000
762,166,189,139059,3588,107353,484400
763,163,170,138896,3581,107523,480600
764,183,167,138713,3597,107690,480200
765,173,163,138540,3607,107853,490200
766,186,172,138354,3621,108025,483300
767,179,201,138175,3599,108226,488400
768,179,189,137996,3589,108415,486900
769,185,185,137811,3589,108600,484800
770,168,172,137643,3585,108772,488100
771,173,188,137470,3570,108960,483600
772,188,186,137282,3572,109146,483400
773,178,186,137104,3564,109332,482900
774,174,173,136930,3565,109505,483700
775,196,176,136734,3585,109681,487100
776,165,177,136569,3573,109858,484100
777,170,195,136399,3548,110053,488900
778,166,175,136233,3539,110228,483400
779,158,195,136075,3502,110423,484700
780,172,164,135903,3510,110587,483000
781,206,178,135697,3538,110765,486700
782,164,184,135533,3518,110949,484900
783,178,166,135355,3530,111115,482200
784,192,210,135163,3512,111325,484700
785,218,180,134945,3550,111505,485400
786,185,167,134760,3568,111672,467800
787,159,188,134601,3539,111860,468900
788,190,188,134411,3541,112048,463900
789,179,194,134232,3526,112242,483800
790,172,172,134060,3526,112414,494900
791,147,164,133913,3509,112578,504100
792,184,174,133729,3519,112752,497800
793,205,173,133524,3551,112925,491200
794,210,201,133314,3560,113126,491400
795,220,174,133094,3606,113300,487800
796,213,188,132881,3631,113488,485900
797,194,180,132687,3645,113668,466200
798,190,192,132497,3643,113860,472200
799,181,164,132316,3660,114024,480000
800,184,159,132132,3685,114183,487000
801,191,192,131941,3684,114375,468400
802,204,199,131737,3689,114574,488200
803,195,167,131542,3717,114741,474600
804,196,174,131346,3739,114915,581000
805,205,190,131141,3754,115105,571500
806,199,194,130942,3759,115299,511900
807,215,200,130727,3774,115499,460800
808,210,220,130517,3764,115719,484500
809,197,198,130320,3763,115917,464000
810,192,205,130128,3750,116122,490300
811,206,189,129922,3767,116311,479500
812,213,215,129709,3765,116526,481800
813,210,201,129499,3774,116727,467100
814,208,188,129291,3794,116915,480300
815,178,189,129113,3783,117104,479800
816,171,180,128942,3774,117284,462300
817,189,186,128753,3777,117470,465400
818,209,207,128544,3779,117677,468600
819,215,189,128329,3805,117866,475500
820,181,178,128148,3808,118044,492100
821,181,200,127967,3789,118244,507900
822,199,193,127768,3795,118437,485000
823,193,176,127575,3812,118613,494500
824,174,195,127401,3791,118808,485300
825,173,198,127228,3766,119006,481000
826,178,174,127050,3770,119180,485300
827,184,192,126866,3762,119372,485700
828,193,180,126673,3775,119552,477600
829,208,189,126465,3794,119741,465900
830,185,189,126280,3790,119930,495000
831,204,196,126076,3798,120126,471100
832,205,190,125871,3813,120316,483700
833,201,175,125670,3839,120491,494500
834,217,181,125453,3875,120672,469200
835,193,201,125260,3867,120873,603900
836,198,206,125062,3859,121079,492900
837,196,193,124866,3862,121272,490900
838,205,208,124661,3859,121480,476200
839,201,181,124460,3879,121661,470000
840,209,216,124251,3872,121877,480900
841,211,198,124040,3885,122075,465300
842,201,182,123839,3904,122257,469600
843,210,186,123629,3928,122443,472600
844,199,194,123430,3933,122637,466800
845,194,200,123236,3927,122837,484500
846,204,203,123032,3928,123040,471600
847,183,188,122849,3923,123228,464600
848,170,162,122679,3931,123390,482700
849,194,209,122485,3916,123599,492800
850,203,189,122282,3930,123788,471800
851,218,184,122064,3964,123972,484300
852,221,187,121843,3998,124159,494600
853,206,209,121637,3995,124368,474300
854,197,194,121440,3998,124562,482600
855,217,200,121223,4015,124762,486200
856,201,201,121022,4015,124963,490200
857,200,216,120822,3999,125179,469700
858,189,223,120633,3965,125402,471100
859,218,209,120415,3974,125611,470300
860,199,212,120216,3961,125823,473100
861,195,178,120021,3978,126001,476500
862,212,189,119809,4001,126190,474100
863,184,190,119625,3995,126380,479300
864,208,199,119417,4004,126579,465600
865,202,187,119215,4019,126766,465900
866,182,204,119033,3997,126970,465600
867,227,199,118806,4025,127169,468100
868,227,199,118579,4053,127368,489400
869,222,197,118357,4078,127565,484300
870,218,219,118139,4077,127784,487500
871,235,206,117904,4106,127990,481400
872,223,182,117681,4147,128172,478400
873,211,189,117470,4169,128361,480300
874,226,201,117244,4194,128562,474400
875,226,211,117018,4209,128773,488100
876,222,190,116796,4241,128963,492400
877,212,199,116584,4254,129162,489300
878,199,222,116385,4231,129384,487400
879,213,196,116172,4248,129580,482500
880,217,196,115955,4269,129776,502400
881,208,191,115747,4286,129967,489200
882,210,219,115537,4277,130186,500700
883,212,242,115325,4247,130428,495700
884,223,220,115102,4250,130648,516900
885,214,223,114888,4241,130871,477300
886,187,228,114701,4200,131099,490800
887,197,190,114504,4207,131289,487000
888,205,207,114299,4205,131496,468700
889,188,193,114111,4200,131689,477100
890,204,212,113907,4192,131901,477300
891,207,193,113700,4206,132094,489400
892,211,174,113489,4243,132268,471200
893,220,212,113269,4251,132480,474300
894,197,208,113072,4240,132688,473200
895,224,218,112848,4246,132906,476500
896,200,212,112648,4234,133118,471700
897,202,219,112446,4217,133337,478100
898,187,227,112259,4177,133564,473100
899,217,219,112042,4175,133783,472500
900,221,205,111821,4191,133988,492600
901,210,216,111611,4185,134204,491600
902,199,221,111412,4163,134425,486100
903,206,226,111206,4143,134651,486300
904,194,213,111012,4124,134864,486000
905,190,209,110822,4105,135073,484400
906,181,203,110641,4083,135276,487900
907,205,195,110436,4093,135471,487700
908,207,214,110229,4086,135685,474700
909,194,198,110035,4082,135883,474500
910,188,207,109847,4063,136090,486100
911,174,208,109673,4029,136298,520900
912,169,183,109504,4015,136481,510800
913,215,219,109289,4011,136700,481600
914,200,187,109089,4024,136887,478500
915,186,192,108903,4018,137079,479700
916,182,178,108721,4022,137257,476800
917,194,175,108527,4041,137432,478200
918,210,189,108317,4062,137621,477300
919,214,239,108103,4037,137860,483000
920,199,210,107904,4026,138070,475600
921,200,217,107704,4009,138287,485900
922,190,208,107514,3991,138495,462300
923,194,193,107320,3992,138688,476200
924,189,185,107131,3996,138873,472500
925,204,202,106927,3998,139075,472200
926,196,193,106731,4001,139268,471600
927,206,204,106525,4003,139472,471800
928,196,210,106329,3989,139682,477300
929,176,231,106153,3934,139913,472000
930,164,223,105989,3875,140136,462400
931,200,202,105789,3873,140338,455500
932,193,189,105596,3877,140527,476900
933,201,191,105395,3887,140718,478300
934,179,178,105216,3888,140896,453600
935,167,194,105049,3861,141090,486100
936,176,206,104873,3831,141296,476000
937,206,199,104667,3838,141495,487100
938,204,208,104463,3834,141703,493400
939,199,203,104264,3830,141906,480300
940,202,173,104062,3859,142079,473700
941,178,186,103884,3851,142265,475900
942,203,194,103681,3860,142459,601000
943,196,203,103485,3853,142662,491000
944,174,178,103311,3849,142840,468100
945,189,176,103122,3862,143016,463600
946,188,195,102934,3855,143211,460100
947,195,183,102739,3867,143394,476900
948,191,179,102548,3879,143573,465400
949,201,198,102347,3882,143771,454900
950,208,174,102139,3916,143945,469700
951,223,201,101916,3938,144146,471400
952,195,202,101721,3931,144348,464000
953,215,187,101506,3959,144535,502800
954,208,196,101298,3971,144731,477000
955,193,209,101105,3955,144940,488000
956,178,202,100927,3931,145142,472000
957,186,175,100741,3942,145317,474500
958,217,195,100524,3964,145512,497500
959,190,200,100334,3954,145712,492500
960,200,200,100134,3954,145912,491300
961,212,194,99922,3972,146106,483600
962,198,205,99724,3965,146311,483600
963,216,208,99508,3973,146519,464400
964,193,188,99315,3978,146707,537600
965,209,190,99106,3997,146897,480100
966,212,205,98894,4004,147102,474400
967,217,176,98677,4045,147278,468700
968,195,183,98482,4057,147461,464500
969,208,192,98274,4073,147653,464100
970,221,198,98053,4096,147851,466800
971,198,217,97855,4077,148068,476200
972,208,202,97647,4083,148270,475200
973,213,216,97434,4080,148486,502900
974,211,184,97223,4107,148670,479900
975,219,212,97004,4114,148882,477200
976,220,186,96784,4148,149068,469300
977,219,222,96565,4145,149290,469400
978,195,227,96370,4113,149517,477500
979,204,224,96166,4093,149741,472000
980,193,211,95973,4075,149952,467400
981,218,192,95755,4101,150144,468200
982,187,199,95568,4089,150343,468700
983,173,201,95395,4061,150544,470400
984,209,203,95186,4067,150747,475400
985,190,213,94996,4044,150960,474100
986,194,216,94802,4022,151176,486700
987,195,201,94607,4016,151377,479900
988,184,190,94423,4010,151567,484200
989,197,200,94226,4007,151767,483700
990,187,196,94039,3998,151963,469600
991,212,207,93827,4003,152170,477400
992,196,180,93631,4019,152350,469100
993,199,200,93432,4018,152550,469300
994,215,186,93217,4047,152736,470300
995,188,192,93029,4043,152928,470500
996,208,183,92821,4068,153111,494900
997,200,198,92621,4070,153309,476200
998,190,206,92431,4054,153515,476200
999,202,203,92229,4053,153718,477800
1000,209,196,92020,4066,153914,478400
1001,216,226,91804,4056,154140,473500
1002,192,198,91612,4050,154338,476900
1003,211,188,91401,4073,154526,467600
1004,215,199,91186,4089,154725,468300
1005,212,215,90974,4086,154940,504900
1006,238,212,90736,4112,155152,491200
1007,225,172,90511,4165,155324,474800
1008,170,190,90341,4145,155514,471000
1009,201,201,90140,4145,155715,470600
1010,209,194,89931,4160,155909,472500
1011,185,215,89746,4130,156124,475200
1012,216,167,89530,4179,156291,475700
1013,195,211,89335,4163,156502,486200
1014,185,187,89150,4161,156689,481800
1015,192,197,88958,4156,156886,466700
1016,208,201,88750,4163,157087,470400
1017,212,204,88538,4171,157291,465000
1018,190,236,88348,4125,157527,465900
1019,204,208,88144,4121,157735,465000
1020,200,198,87944,4123,157933,470000
1021,193,213,87751,4103,158146,469300
1022,180,211,87571,4072,158357,472800
1023,185,227,87386,4030,158584,479700
1024,196,213,87190,4013,158797,470500
1025,200,220,86990,3993,159017,469300
1026,198,216,86792,3975,159233,468200
1027,178,180,86614,3973,159413,466100
1028,193,204,86421,3962,159617,490700
1029,190,211,86231,3941,159828,474300
1030,204,207,86027,3938,160035,471800
1031,199,201,85828,3936,160236,473100
1032,193,211,85635,3918,160447,471100
1033,191,182,85444,3927,160629,469900
1034,174,197,85270,3904,160826,473200
1035,199,195,85071,3908,161021,472200
1036,197,214,84874,3891,161235,478600
1037,189,204,84685,3876,161439,531200
1038,203,194,84482,3885,161633,495000
1039,196,186,84286,3895,161819,492500
1040,191,185,84095,3901,162004,494900
1041,184,200,83911,3885,162204,503200
1042,207,187,83704,3905,162391,470100
1043,206,188,83498,3923,162579,489900
1044,169,186,83329,3906,162765,495500
1045,179,197,83150,3888,162962,485900
1046,202,205,82948,3885,163167,469300
1047,178,187,82770,3876,163354,468700
1048,182,176,82588,3882,163530,466900
1049,164,180,82424,3866,163710,476600
1050,189,192,82235,3863,163902,476000
1051,182,212,82053,3833,164114,475400
1052,185,162,81868,3856,164276,472400
1053,185,168,81683,3873,164444,473000
1054,175,215,81508,3833,164659,479200
1055,172,180,81336,3825,164839,470800
1056,196,208,81140,3813,165047,468400
1057,163,192,80977,3784,165239,468000
1058,169,204,80808,3749,165443,471700
1059,202,200,80606,3751,165643,472500
1060,193,187,80413,3757,165830,475000
1061,187,171,80226,3773,166001,472800
1062,198,179,80028,3792,166180,476300
1063,165,186,79863,3771,166366,468000
1064,173,204,79690,3740,166570,476300
1065,183,200,79507,3723,166770,469900
1066,190,192,79317,3721,166962,469400
1067,186,192,79131,3715,167154,466800
1068,191,163,78940,3743,167317,479400
1069,176,209,78764,3710,167526,490800
1070,152,182,78612,3680,167708,475200
1071,170,170,78442,3680,167878,476500
1072,190,180,78252,3690,168058,467700
1073,177,170,78075,3697,168228,467100
1074,196,157,77879,3736,168385,494500
1075,181,178,77698,3739,168563,494800
1076,188,190,77510,3737,168753,541600
1077,186,198,77324,3725,168951,490300
1078,185,145,77139,3765,169096,477500
1079,189,210,76950,3744,169306,479500
1080,178,202,76772,3720,169508,473200
1081,186,191,76586,3715,169699,478400
1082,181,188,76405,3708,169887,464000
1083,210,180,76195,3738,170067,474100
1084,202,194,75993,3746,170261,467500
1085,193,171,75800,3768,170432,477100
1086,195,200,75605,3763,170632,471100
1087,198,181,75407,3780,170813,471900
1088,206,189,75201,3797,171002,475200
1089,189,201,75012,3785,171203,484700
1090,187,197,74825,3775,171400,488500
1091,191,204,74634,3762,171604,474200
1092,191,212,74443,3741,171816,479500
1093,203,192,74240,3752,172008,485600
1094,180,173,74060,3759,172181,473900
1095,183,201,73877,3741,172382,486700
1096,175,216,73702,3700,172598,474300
1097,203,203,73499,3700,172801,474700
1098,179,200,73320,3679,173001,502000
1099,180,195,73140,3664,173196,475300
1100,185,197,72955,3652,173393,513800
1101,192,192,72763,3652,173585,480600
1102,165,191,72598,3626,173776,479700
1103,174,175,72424,3625,173951,477600
1104,176,186,72248,3615,174137,482900
1105,189,170,72059,3634,174307,471100
1106,181,177,71878,3638,174484,476400
1107,161,189,71717,3610,174673,474100
1108,168,185,71549,3593,174858,509400
1109,197,187,71352,3603,175045,477100
1110,177,183,71175,3597,175228,483200
1111,177,191,70998,3583,175419,473000
1112,186,176,70812,3593,175595,475600
1113,175,168,70637,3600,175763,470400
1114,170,167,70467,3603,175930,476000
1115,211,187,70256,3627,176117,478000
1116,173,164,70083,3636,176281,476800
1117,170,207,69913,3599,176488,477300
1118,183,184,69730,3598,176672,475000
1119,178,193,69552,3583,176865,474600
1120,172,177,69380,3578,177042,476000
1121,189,173,69191,3594,177215,482300
1122,167,192,69024,3569,177407,479400
1123,173,193,68851,3549,177600,472700
1124,184,184,68667,3549,177784,470100
1125,165,188,68502,3526,177972,469200
1126,185,170,68317,3541,178142,470100
1127,178,198,68139,3521,178340,474100
1128,188,191,67951,3518,178531,471200
1129,183,165,67768,3536,178696,471800
1130,163,190,67605,3509,178886,475900
1131,172,194,67433,3487,179080,471900
1132,197,185,67236,3499,179265,510600
1133,179,174,67057,3504,179439,496100
1134,166,176,66891,3494,179615,481900
1135,179,175,66712,3498,179790,469300
1136,171,167,66541,3502,179957,471000
1137,192,174,66349,3520,180131,476200
1138,189,190,66160,3519,180321,531900
1139,179,188,65981,3510,180509,517300
1140,215,167,65766,3558,180676,484900
1141,185,180,65581,3563,180856,470800
1142,165,181,65416,3547,181037,475000
1143,187,189,65229,3545,181226,470900
1144,190,195,65039,3540,181421,469100
1145,173,163,64866,3550,181584,478600
1146,204,199,64662,3555,181783,474000
1147,183,177,64479,3561,181960,479100
1148,164,176,64315,3549,182136,511200
1149,177,162,64138,3564,182298,530700
1150,175,167,63963,3572,182465,473700
1151,185,173,63778,3584,182638,481400
1152,181,152,63597,3613,182790,476400
1153,171,175,63426,3609,182965,475500
1154,187,202,63239,3594,183167,477900
1155,187,184,63052,3597,183351,475500
1156,167,179,62885,3585,183530,474400
1157,171,168,62714,3588,183698,475900
1158,186,162,62528,3612,183860,474700
1159,175,200,62353,3587,184060,479400
1160,182,199,62171,3570,184259,469900
1161,179,206,61992,3543,184465,476000
1162,165,174,61827,3534,184639,489300
1163,172,157,61655,3549,184796,467300
1164,154,185,61501,3518,184981,493700
1165,150,202,61351,3466,185183,478300
1166,160,175,61191,3451,185358,475300
1167,144,168,61047,3427,185526,473600
1168,184,182,60863,3429,185708,475500
1169,172,194,60691,3407,185902,477200
1170,157,171,60534,3393,186073,464200
1171,183,196,60351,3380,186269,471500
1172,169,175,60182,3374,186444,472700
1173,161,169,60021,3366,186613,465700
1174,140,171,59881,3335,186784,468900
1175,156,169,59725,3322,186953,497600
1176,179,171,59546,3330,187124,460300
1177,140,182,59406,3288,187306,501800
1178,166,163,59240,3291,187469,494200
1179,144,163,59096,3272,187632,506300
1180,167,149,58929,3290,187781,476000
1181,168,160,58761,3298,187941,502800
1182,155,163,58606,3290,188104,499300
1183,155,183,58451,3262,188287,475600
1184,167,170,58284,3259,188457,474000
1185,165,162,58119,3262,188619,515300
1186,138,161,57981,3239,188780,491800
1187,148,156,57833,3231,188936,473400
1188,136,156,57697,3211,189092,465700
1189,144,167,57553,3188,189259,496900
1190,150,172,57403,3166,189431,495800
1191,139,157,57264,3148,189588,547500
1192,168,158,57096,3158,189746,463500
1193,166,160,56930,3164,189906,460100
1194,165,157,56765,3172,190063,466900
1195,155,156,56610,3171,190219,487600
1196,170,158,56440,3183,190377,540600
1197,143,168,56297,3158,190545,471600
1198,155,126,56142,3187,190671,469200
1199,153,151,55989,3189,190822,464300
1200,168,153,55821,3204,190975,465400
1201,179,149,55642,3234,191124,473100
1202,153,143,55489,3244,191267,463400
1203,158,172,55331,3230,191439,469600
1204,166,162,55165,3234,191601,475800
1205,154,163,55011,3225,191764,465700
1206,150,140,54861,3235,191904,471800
1207,174,160,54687,3249,192064,476000
1208,145,156,54542,3238,192220,468900
1209,163,152,54379,3249,192372,468200
1210,165,151,54214,3263,192523,469200
1211,161,154,54053,3270,192677,485200
1212,181,162,53872,3289,192839,489200
1213,156,149,53716,3296,192988,493700
1214,156,149,53560,3303,193137,503600
1215,154,156,53406,3301,193293,476900
1216,148,164,53258,3285,193457,472200
1217,152,154,53106,3283,193611,545900
1218,167,160,52939,3290,193771,475300
1219,175,159,52764,3306,193930,501400
1220,165,172,52599,3299,194102,498600
1221,154,163,52445,3290,194265,468800
1222,155,154,52290,3291,194419,489200
1223,176,153,52114,3314,194572,471700
1224,143,195,51971,3262,194767,473300
1225,155,177,51816,3240,194944,470900
1226,137,153,51679,3224,195097,470800
1227,161,179,51518,3206,195276,621900
1228,158,196,51360,3168,195472,504100
1229,148,155,51212,3161,195627,494300
1230,170,154,51042,3177,195781,462500
1231,167,151,50875,3193,195932,463400
1232,139,161,50736,3171,196093,464600
1233,153,163,50583,3161,196256,468100
1234,162,135,50421,3188,196391,472300
1235,135,172,50286,3151,196563,472200
1236,138,136,50148,3153,196699,450700
1237,154,159,49994,3148,196858,501800
1238,152,162,49842,3138,197020,465300
1239,134,151,49708,3121,197171,462900
1240,142,152,49566,3111,197323,526400
1241,139,148,49427,3102,197471,459300
1242,127,150,49300,3079,197621,456000
1243,149,128,49151,3100,197749,465600
1244,120,148,49031,3072,197897,465700
1245,134,136,48897,3070,198033,465900
1246,123,150,48774,3043,198183,518300
1247,140,136,48634,3047,198319,506500
1248,138,157,48496,3028,198476,466500
1249,161,172,48335,3017,198648,493700
1250,118,141,48217,2994,198789,492700
1251,157,127,48060,3024,198916,488600
1252,139,154,47921,3009,199070,485300
1253,138,149,47783,2998,199219,475400
1254,137,167,47646,2968,199386,500500
1255,159,176,47487,2951,199562,507600
1256,150,138,47337,2963,199700,494900
1257,145,146,47192,2962,199846,458400
1258,147,160,47045,2949,200006,470800
1259,143,149,46902,2943,200155,578500
1260,147,157,46755,2933,200312,476000
1261,147,137,46608,2943,200449,469800
1262,150,148,46458,2945,200597,478000
1263,134,143,46324,2936,200740,464100
1264,143,145,46181,2934,200885,472000
1265,156,146,46025,2944,201031,467400
1266,145,141,45880,2948,201172,466200
1267,139,147,45741,2940,201319,451800
1268,155,162,45586,2933,201481,461800
1269,147,160,45439,2920,201641,465800
1270,139,140,45300,2919,201781,459700
1271,177,150,45123,2946,201931,469400
1272,168,148,44955,2966,202079,477300
1273,144,153,44811,2957,202232,511100
1274,135,154,44676,2938,202386,642300
1275,137,146,44539,2929,202532,494200
1276,154,136,44385,2947,202668,474900
1277,147,147,44238,2947,202815,487700
1278,144,140,44094,2951,202955,474400
1279,134,148,43960,2937,203103,497600
1280,130,145,43830,2922,203248,492500
1281,118,132,43712,2908,203380,486500
1282,150,159,43562,2899,203539,470800
1283,127,139,43435,2887,203678,495200
1284,126,144,43309,2869,203822,467500
1285,148,131,43161,2886,203953,469600
1286,134,153,43027,2867,204106,486000
1287,135,142,42892,2860,204248,479800
1288,156,152,42736,2864,204400,470000
1289,182,141,42554,2905,204541,468500
1290,153,127,42401,2931,204668,485000
1291,162,135,42239,2958,204803,485300
1292,163,125,42076,2996,204928,527400
1293,158,128,41918,3026,205056,471100
1294,143,129,41775,3040,205185,470700
1295,150,146,41625,3044,205331,465800
1296,172,146,41453,3070,205477,468200
1297,159,152,41294,3077,205629,477900
1298,166,172,41128,3071,205801,513400
1299,158,130,40970,3099,205931,495700
1300,144,144,40826,3099,206075,499400
1301,125,152,40701,3072,206227,468900
1302,156,164,40545,3064,206391,497800
1303,135,138,40410,3061,206529,470600
1304,158,146,40252,3073,206675,468900
1305,165,165,40087,3073,206840,492300
1306,143,158,39944,3058,206998,467500
1307,142,164,39802,3036,207162,496000
1308,159,145,39643,3050,207307,630700
1309,149,142,39494,3057,207449,493900
1310,166,189,39328,3034,207638,475100
1311,139,139,39189,3034,207777,486400
1312,163,183,39026,3014,207960,471000
1313,149,154,38877,3009,208114,468400
1314,133,155,38744,2987,208269,650500
1315,141,166,38603,2962,208435,499400
1316,139,155,38464,2946,208590,531100
1317,152,160,38312,2938,208750,489300
1318,131,144,38181,2925,208894,471300
1319,116,160,38065,2881,209054,485500
1320,137,147,37928,2871,209201,511200
1321,135,137,37793,2869,209338,523400
1322,127,131,37666,2865,209469,505000
1323,137,130,37529,2872,209599,515000
1324,135,152,37394,2855,209751,462500
1325,143,118,37251,2880,209869,511100
1326,135,136,37116,2879,210005,465800
1327,134,156,36982,2857,210161,471300
1328,118,144,36864,2831,210305,495400
1329,132,137,36732,2826,210442,476800
1330,143,127,36589,2842,210569,478700
1331,132,146,36457,2828,210715,484500
1332,126,131,36331,2823,210846,499600
1333,142,148,36189,2817,210994,472000
1334,145,143,36044,2819,211137,460800
1335,128,144,35916,2803,211281,463400
1336,129,149,35787,2783,211430,471000
1337,124,133,35663,2774,211563,538300
1338,140,139,35523,2775,211702,471000
1339,131,145,35392,2761,211847,465000
1340,127,160,35265,2728,212007,471200
1341,117,135,35148,2710,212142,466400
1342,124,129,35024,2705,212271,462500
1343,133,125,34891,2713,212396,499500
1344,110,156,34781,2667,212552,478400
1345,134,137,34647,2664,212689,462700
1346,107,125,34540,2646,212814,459600
1347,109,137,34431,2618,212951,477100
1348,115,140,34316,2593,213091,465400
1349,120,137,34196,2576,213228,468600
1350,116,125,34080,2567,213353,454200
1351,107,117,33973,2557,213470,509600
1352,137,112,33836,2582,213582,483000
1353,108,140,33728,2550,213722,501800
1354,124,120,33604,2554,213842,508300
1355,109,130,33495,2533,213972,485800
1356,94,120,33401,2507,214092,472600
1357,123,131,33278,2499,214223,471300
1358,119,127,33159,2491,214350,470500
1359,129,117,33030,2503,214467,468300
1360,120,126,32910,2497,214593,462800
1361,118,131,32792,2484,214724,454700
1362,100,117,32692,2467,214841,458500
1363,126,120,32566,2473,214961,455600
1364,102,122,32464,2453,215083,456800
1365,108,116,32356,2445,215199,475300
1366,115,110,32241,2450,215309,476400
1367,101,125,32140,2426,215434,481900
1368,124,109,32016,2441,215543,458300
1369,136,119,31880,2458,215662,463400
1370,126,123,31754,2461,215785,456100
1371,119,136,31635,2444,215921,467400
1372,129,125,31506,2448,216046,458500
1373,93,108,31413,2433,216154,456100
1374,124,123,31289,2434,216277,454300
1375,129,118,31160,2445,216395,489500
1376,106,132,31054,2419,216527,465500
1377,131,110,30923,2440,216637,474400
1378,111,121,30812,2430,216758,484800
1379,96,125,30716,2401,216883,488900
1380,101,114,30615,2388,216997,481700
1381,103,119,30512,2372,217116,468300
1382,103,111,30409,2364,217227,517300
1383,112,117,30297,2359,217344,478000
1384,105,117,30192,2347,217461,451900
1385,108,139,30084,2316,217600,456900
1386,107,116,29977,2307,217716,527900
1387,104,132,29873,2279,217848,471500
1388,103,116,29770,2266,217964,465500
1389,97,116,29673,2247,218080,476200
1390,104,108,29569,2243,218188,471400
1391,98,109,29471,2232,218297,451000
1392,95,119,29376,2208,218416,470300
1393,89,112,29287,2185,218528,454100
1394,86,108,29201,2163,218636,447100
1395,113,99,29088,2177,218735,449500
1396,102,104,28986,2175,218839,450400
1397,96,93,28890,2178,218932,442800
1398,109,99,28781,2188,219031,463700
1399,110,93,28671,2205,219124,461900
1400,82,114,28589,2173,219238,467400
1401,88,126,28501,2135,219364,472400
1402,86,123,28415,2098,219487,465600
1403,93,115,28322,2076,219602,462200
1404,76,101,28246,2051,219703,447200
1405,89,103,28157,2037,219806,452700
1406,79,98,28078,2018,219904,448300
1407,93,89,27985,2022,219993,462200
1408,95,93,27890,2024,220086,454800
1409,92,105,27798,2011,220191,485800
1410,96,98,27702,2009,220289,459600
1411,102,79,27600,2032,220368,450000
1412,97,99,27503,2030,220467,465900
1413,89,108,27414,2011,220575,475700
1414,93,87,27321,2017,220662,452100
1415,97,97,27224,2017,220759,471400
1416,106,98,27118,2025,220857,479800
1417,102,81,27016,2046,220938,475600
1418,94,123,26922,2017,221061,502200
1419,99,114,26823,2002,221175,491700
1420,90,107,26733,1985,221282,512100
1421,91,94,26642,1982,221376,488100
1422,92,98,26550,1976,221474,478600
1423,80,100,26470,1956,221574,472200
1424,103,92,26367,1967,221666,463900
1425,104,99,26263,1972,221765,473300
1426,88,107,26175,1953,221872,475500
1427,85,90,26090,1948,221962,478900
1428,82,92,26008,1938,222054,487700
1429,91,103,25917,1926,222157,467700
1430,89,98,25828,1917,222255,460600
1431,98,98,25730,1917,222353,567400
1432,107,106,25623,1918,222459,473800
1433,94,97,25529,1915,222556,480100
1434,83,92,25446,1906,222648,481000
1435,78,97,25368,1887,222745,492400
1436,82,105,25286,1864,222850,476400
1437,68,83,25218,1849,222933,493700
1438,89,101,25129,1837,223034,488800
1439,75,97,25054,1815,223131,470200
1440,81,85,24973,1811,223216,463900
1441,82,84,24891,1809,223300,480400
1442,81,85,24810,1805,223385,455600
1443,79,87,24731,1797,223472,476300
1444,98,88,24633,1807,223560,475500
1445,92,98,24541,1801,223658,480600
1446,80,91,24461,1790,223749,456000
1447,82,88,24379,1784,223837,481900
1448,92,90,24287,1786,223927,481200
1449,83,86,24204,1783,224013,584700
1450,80,83,24124,1780,224096,547200
1451,84,84,24040,1780,224180,494200
1452,71,84,23969,1767,224264,493400
1453,83,89,23886,1761,224353,494300
1454,77,87,23809,1751,224440,488200
1455,82,98,23727,1735,224538,477900
1456,99,83,23628,1751,224621,503300
1457,90,95,23538,1746,224716,461700
1458,99,102,23439,1743,224818,488900
1459,81,74,23358,1750,224892,466700
1460,80,89,23278,1741,224981,494400
1461,85,67,23193,1759,225048,462100
1462,78,88,23115,1749,225136,471500
1463,82,84,23033,1747,225220,477300
1464,60,71,22973,1736,225291,473600
1465,81,87,22892,1730,225378,610800
1466,86,99,22806,1717,225477,482800
1467,73,82,22733,1708,225559,499200
1468,89,101,22644,1696,225660,483700
1469,94,84,22550,1706,225744,493400
1470,98,79,22452,1725,225823,505900
1471,82,77,22370,1730,225900,565000
1472,82,73,22288,1739,225973,545500
1473,82,81,22206,1740,226054,521300
1474,82,90,22124,1732,226144,564600
1475,81,81,22043,1732,226225,499300
1476,90,71,21953,1751,226296,492800
1477,83,71,21870,1763,226367,473700
1478,90,84,21780,1769,226451,488700
1479,80,92,21700,1757,226543,664700
1480,82,87,21618,1752,226630,516100
1481,80,89,21538,1743,226719,502800
1482,72,83,21466,1732,226802,524800
1483,84,85,21382,1731,226887,483400
1484,78,81,21304,1728,226968,471400
1485,77,77,21227,1728,227045,470600
1486,75,86,21152,1717,227131,464200
1487,95,96,21057,1716,227227,504600
1488,81,87,20976,1710,227314,480400
1489,74,87,20902,1697,227401,476200
1490,80,92,20822,1685,227493,507800
1491,76,88,20746,1673,227581,555300
1492,65,79,20681,1659,227660,485100
1493,83,89,20598,1653,227749,534300
1494,83,73,20515,1663,227822,526200
1495,93,92,20422,1664,227914,596500
1496,88,85,20334,1667,227999,477300
1497,69,71,20265,1665,228070,525500
1498,73,92,20192,1646,228162,522700
1499,73,83,20119,1636,228245,516800
1500,63,71,20056,1628,228316,502400
1501,68,76,19988,1620,228392,551400
1502,72,76,19916,1616,228468,517500
1503,68,75,19848,1609,228543,529500
1504,78,66,19770,1621,228609,481100
1505,69,67,19701,1623,228676,484300
1506,77,73,19624,1627,228749,470400
1507,72,74,19552,1625,228823,469800
1508,61,75,19491,1611,228898,461700
1509,71,78,19420,1604,228976,531300
1510,70,96,19350,1578,229072,504500
1511,82,85,19268,1575,229157,517500
1512,78,83,19190,1570,229240,524600
1513,76,62,19114,1584,229302,515100
1514,74,83,19040,1575,229385,472900
1515,71,95,18969,1551,229480,531900
1516,67,78,18902,1540,229558,537000
1517,65,75,18837,1530,229633,479200
1518,68,73,18769,1525,229706,552900
1519,76,63,18693,1538,229769,620100
1520,68,72,18625,1534,229841,751200
1521,76,94,18549,1516,229935,477800
1522,66,86,18483,1496,230021,542500
1523,66,64,18417,1498,230085,472100
1524,76,67,18341,1507,230152,471800
1525,82,72,18259,1517,230224,470300
1526,60,63,18199,1514,230287,505200
1527,73,82,18126,1505,230369,472900
1528,53,81,18073,1477,230450,503300
1529,67,70,18006,1474,230520,469300
1530,74,69,17932,1479,230589,469200
1531,74,66,17858,1487,230655,467900
1532,74,68,17784,1493,230723,470500
1533,69,69,17715,1493,230792,472100
1534,63,80,17652,1476,230872,455000
1535,77,63,17575,1490,230935,470900
1536,67,68,17508,1489,231003,481700
1537,69,68,17439,1490,231071,473900
1538,48,82,17391,1456,231153,451300
1539,67,90,17324,1433,231243,458700
1540,44,86,17280,1391,231329,454600
1541,62,71,17218,1382,231400,468900
1542,63,82,17155,1363,231482,450100
1543,56,62,17099,1357,231544,466800
1544,55,74,17044,1338,231618,469000
1545,71,62,16973,1347,231680,522900
1546,50,65,16923,1332,231745,468100
1547,57,76,16866,1313,231821,475100
1548,57,70,16809,1300,231891,469700
1549,65,60,16744,1305,231951,453400
1550,48,74,16696,1279,232025,444100
1551,73,59,16623,1293,232084,449800
1552,69,62,16554,1300,232146,444500
1553,63,69,16491,1294,232215,440900
1554,67,64,16424,1297,232279,448400
1555,66,72,16358,1291,232351,449700
1556,77,73,16281,1295,232424,450000
1557,45,78,16236,1262,232502,516900
1558,64,57,16172,1269,232559,547700
1559,63,64,16109,1268,232623,549700
1560,63,62,16046,1269,232685,546100
1561,52,56,15994,1265,232741,527900
1562,81,67,15913,1279,232808,538900
1563,53,66,15860,1266,232874,539500
1564,45,55,15815,1256,232929,541100
1565,56,77,15759,1235,233006,558400
1566,58,60,15701,1233,233066,559000
1567,56,86,15645,1203,233152,556100
1568,41,68,15604,1176,233220,473500
1569,61,59,15543,1178,233279,564400
1570,60,65,15483,1173,233344,553800
1571,60,44,15423,1189,233388,475800
1572,54,76,15369,1167,233464,505900
1573,51,70,15318,1148,233534,553400
1574,53,56,15265,1145,233590,539700
1575,45,49,15220,1141,233639,527400
1576,58,59,15162,1140,233698,542900
1577,70,61,15092,1149,233759,552600
1578,51,64,15041,1136,233823,557200
1579,72,51,14969,1157,233874,557400
1580,56,45,14913,1168,233919,496000
1581,71,53,14842,1186,233972,551800
1582,67,67,14775,1186,234039,558900
1583,59,64,14716,1181,234103,545600
1584,57,63,14659,1175,234166,576400
1585,45,57,14614,1163,234223,542600
1586,55,53,14559,1165,234276,525600
1587,39,60,14520,1144,234336,664500
1588,56,53,14464,1147,234389,544100
1589,49,52,14415,1144,234441,549200
1590,49,46,14366,1147,234487,466500
1591,48,56,14318,1139,234543,514800
1592,50,62,14268,1127,234605,458000
1593,45,55,14223,1117,234660,609200
1594,46,75,14177,1088,234735,602500
1595,53,46,14124,1095,234781,928900
1596,60,49,14064,1106,234830,664100
1597,61,58,14003,1109,234888,1219000
1598,44,53,13959,1100,234941,721100
1599,51,58,13908,1093,234999,960200
1600,50,42,13858,1101,235041,543500
1601,47,57,13811,1091,235098,524900
1602,44,52,13767,1083,235150,527600
1603,43,47,13724,1079,235197,521800
1604,61,55,13663,1085,235252,590600
1605,43,59,13620,1069,235311,574300
1606,53,57,13567,1065,235368,571100
1607,52,54,13515,1063,235422,597000
1608,57,72,13458,1048,235494,552100
1609,61,50,13397,1059,235544,645500
1610,54,54,13343,1059,235598,571000
1611,63,57,13280,1065,235655,562000
1612,62,48,13218,1079,235703,560900
1613,45,40,13173,1084,235743,551100
1614,41,54,13132,1071,235797,590300
1615,59,48,13073,1082,235845,620200
1616,52,62,13021,1072,235907,585600
1617,51,51,12970,1072,235958,614900
1618,46,53,12924,1065,236011,586100
1619,40,50,12884,1055,236061,540500
1620,42,62,12842,1035,236123,530300
1621,46,55,12796,1026,236178,566300
1622,55,42,12741,1039,236220,534100
1623,44,41,12697,1042,236261,703700
1624,60,44,12637,1058,236305,999100
1625,58,40,12579,1076,236345,637200
1626,54,59,12525,1071,236404,718200
1627,58,42,12467,1087,236446,657100
1628,60,46,12407,1101,236492,886300
1629,57,42,12350,1116,236534,740400
1630,61,56,12289,1121,236590,649200
1631,48,58,12241,1111,236648,682000
1632,57,52,12184,1116,236700,1127900
1633,55,60,12129,1111,236760,990100
1634,55,54,12074,1112,236814,726500
1635,52,48,12022,1116,236862,681800
1636,55,47,11967,1124,236909,716000
1637,45,52,11922,1117,236961,1595800
1638,53,52,11869,1118,237013,1056700
1639,37,68,11832,1087,237081,885700
1640,48,49,11784,1086,237130,567300
1641,36,57,11748,1065,237187,562300
1642,55,50,11693,1070,237237,576400
1643,43,48,11650,1065,237285,780700
1644,50,54,11600,1061,237339,841600
1645,50,60,11550,1051,237399,762200
1646,46,53,11504,1044,237452,622900
1647,45,49,11459,1040,237501,736800
1648,54,50,11405,1044,237551,560800
1649,43,66,11362,1021,237617,723900
1650,50,48,11312,1023,237665,634400
1651,63,52,11249,1034,237717,1085800
1652,52,52,11197,1034,237769,949400
1653,54,48,11143,1040,237817,878300
1654,42,43,11101,1039,237860,727100
1655,50,50,11051,1039,237910,656600
1656,47,45,11004,1041,237955,685000
1657,51,48,10953,1044,238003,1537400
1658,52,61,10901,1035,238064,1615300
1659,49,48,10852,1036,238112,632700
1660,52,40,10800,1048,238152,961600
1661,47,53,10753,1042,238205,489300
1662,54,48,10699,1048,238253,469900
1663,57,48,10642,1057,238301,463700
1664,57,56,10585,1058,238357,709100
1665,40,54,10545,1044,238411,511200
1666,40,42,10505,1042,238453,543900
1667,57,46,10448,1053,238499,512200
1668,54,47,10394,1060,238546,460700
1669,43,53,10351,1050,238599,479600
1670,45,53,10306,1042,238652,456900
1671,41,62,10265,1021,238714,473000
1672,42,42,10223,1021,238756,448700
1673,46,51,10177,1016,238807,451300
1674,41,58,10136,999,238865,447100
1675,52,47,10084,1004,238912,719400
1676,38,50,10046,992,238962,506200
1677,36,48,10010,980,239010,482100
1678,30,56,9980,954,239066,458900
1679,32,49,9948,937,239115,467600
1680,41,43,9907,935,239158,450800
1681,36,54,9871,917,239212,443100
1682,46,48,9825,915,239260,450500
1683,33,45,9792,903,239305,447700
1684,24,47,9768,880,239352,444800
1685,28,41,9740,867,239393,449200
1686,40,57,9700,850,239450,439400
1687,37,50,9663,837,239500,468300
1688,47,45,9616,839,239545,587100
1689,30,47,9586,822,239592,812700
1690,46,35,9540,833,239627,535000
1691,31,39,9509,825,239666,1019900
1692,35,39,9474,821,239705,929200
1693,37,42,9437,816,239747,825400
1694,31,42,9406,805,239789,734100
1695,40,39,9366,806,239828,637100
1696,36,37,9330,805,239865,626100
1697,31,40,9299,796,239905,571500
1698,45,29,9254,812,239934,626000
1699,42,44,9212,810,239978,824800
1700,37,38,9175,809,240016,640600
1701,51,37,9124,823,240053,522400
1702,55,38,9069,840,240091,478100
1703,32,40,9037,832,240131,473000
1704,39,52,8998,819,240183,507800
1705,36,45,8962,810,240228,507300
1706,40,41,8922,809,240269,520600
1707,31,42,8891,798,240311,482100
1708,32,45,8859,785,240356,494800
1709,35,42,8824,778,240398,470800
1710,31,36,8793,773,240434,458300
1711,38,37,8755,774,240471,460600
1712,38,41,8717,771,240512,459300
1713,29,35,8688,765,240547,465900
1714,38,39,8650,764,240586,457900
1715,38,46,8612,756,240632,477000
1716,34,36,8578,754,240668,483900
1717,53,31,8525,776,240699,473400
1718,41,31,8484,786,240730,513700
1719,33,31,8451,788,240761,459100
1720,32,41,8419,779,240802,435300
1721,45,41,8374,783,240843,453400
1722,37,31,8337,789,240874,450700
1723,39,36,8298,792,240910,446300
1724,28,45,8270,775,240955,440300
1725,33,39,8237,769,240994,434900
1726,35,43,8202,761,241037,597200
1727,34,50,8168,745,241087,487900
1728,34,39,8134,740,241126,534400
1729,21,25,8113,736,241151,458900
1730,25,35,8088,726,241186,472900
1731,32,48,8056,710,241234,438600
1732,36,36,8020,710,241270,456800
1733,32,33,7988,709,241303,439800
1734,33,36,7955,706,241339,451200
1735,34,37,7921,703,241376,453500
1736,35,36,7886,702,241412,451800
1737,30,39,7856,693,241451,447200
1738,27,27,7829,693,241478,450800
1739,25,20,7804,698,241498,464400
1740,32,38,7772,692,241536,465900
1741,34,33,7738,693,241569,468700
1742,27,34,7711,686,241603,444300
1743,25,38,7686,673,241641,461600
1744,22,31,7664,664,241672,436200
1745,25,36,7639,653,241708,450400
1746,31,46,7608,638,241754,443400
1747,28,35,7580,631,241789,448400
1748,35,28,7545,638,241817,458100
1749,24,38,7521,624,241855,448500
1750,33,24,7488,633,241879,463700
1751,38,30,7450,641,241909,464200
1752,34,35,7416,640,241944,477300
1753,29,35,7387,634,241979,457200
1754,27,41,7360,620,242020,478300
1755,23,30,7337,613,242050,453000
1756,29,30,7308,612,242080,438500
1757,22,25,7286,609,242105,441500
1758,35,30,7251,614,242135,455700
1759,42,35,7209,621,242170,444700
1760,39,33,7170,627,242203,454700
1761,26,29,7144,624,242232,446000
1762,36,34,7108,626,242266,453600
1763,32,38,7076,620,242304,473000
1764,27,38,7049,609,242342,451000
1765,29,34,7020,604,242376,469100
1766,25,41,6995,588,242417,440200
1767,27,29,6968,586,242446,439200
1768,20,37,6948,569,242483,445400
1769,25,28,6923,566,242511,451600
1770,30,37,6893,559,242548,440900
1771,18,28,6875,549,242576,432800
1772,24,21,6851,552,242597,446200
1773,25,27,6826,550,242624,433400
1774,17,28,6809,539,242652,471800
1775,23,25,6786,537,242677,462600
1776,22,23,6764,536,242700,486900
1777,25,27,6739,534,242727,462300
1778,17,30,6722,521,242757,456000
1779,24,22,6698,523,242779,446300
1780,18,31,6680,510,242810,452900
1781,23,26,6657,507,242836,442700
1782,22,24,6635,505,242860,448800
1783,16,22,6619,499,242882,442000
1784,19,29,6600,489,242911,454900
1785,17,26,6583,480,242937,450300
1786,15,20,6568,475,242957,559400
1787,24,20,6544,479,242977,471900
1788,27,24,6517,482,243001,457100
1789,30,24,6487,488,243025,432300
1790,30,25,6457,493,243050,438800
1791,23,25,6434,491,243075,497700
1792,18,25,6416,484,243100,437700
1793,26,23,6390,487,243123,442800
1794,21,32,6369,476,243155,433100
1795,18,27,6351,467,243182,440800
1796,29,23,6322,473,243205,447000
1797,29,20,6293,482,243225,452800
1798,25,23,6268,484,243248,460700
1799,22,28,6246,478,243276,448100
1800,18,28,6228,468,243304,477400
1801,21,22,6207,467,243326,445900
1802,21,24,6186,464,243350,463900
1803,20,19,6166,465,243369,434200
1804,25,27,6141,463,243396,435300
1805,36,20,6105,479,243416,434900
1806,17,36,6088,460,243452,437000
1807,17,27,6071,450,243479,439100
1808,24,30,6047,444,243509,433100
1809,28,17,6019,455,243526,449500
1810,25,20,5994,460,243546,435900
1811,22,26,5972,456,243572,447000
1812,25,24,5947,457,243596,462200
1813,26,18,5921,465,243614,476000
1814,28,28,5893,465,243642,466000
1815,22,29,5871,458,243671,437800
1816,19,27,5852,450,243698,441700
1817,13,21,5839,442,243719,430500
1818,15,20,5824,437,243739,482200
1819,24,24,5800,437,243763,438600
1820,17,24,5783,430,243787,454400
1821,21,25,5762,426,243812,434000
1822,19,26,5743,419,243838,441100
1823,21,13,5722,427,243851,453400
1824,14,17,5708,424,243868,446100
1825,17,17,5691,424,243885,459000
1826,21,19,5670,426,243904,448400
1827,15,17,5655,424,243921,444600
1828,27,24,5628,427,243945,434300
1829,23,12,5605,438,243957,443500
1830,20,21,5585,437,243978,438200
1831,18,18,5567,437,243996,537700
1832,19,24,5548,432,244020,433100
1833,18,26,5530,424,244046,437900
1834,17,21,5513,420,244067,431400
1835,17,27,5496,410,244094,487200
1836,21,27,5475,404,244121,467100
1837,13,20,5462,397,244141,478800
1838,18,15,5444,400,244156,471600
1839,17,15,5427,402,244171,446500
1840,23,28,5404,397,244199,445500
1841,18,15,5386,400,244214,433300
1842,19,17,5367,402,244231,447100
1843,13,23,5354,392,244254,450700
1844,18,23,5336,387,244277,449600
1845,22,13,5314,396,244290,435100
1846,18,20,5296,394,244310,432000
1847,14,23,5282,385,244333,463700
1848,15,30,5267,370,244363,450700
1849,17,11,5250,376,244374,461500
1850,17,29,5233,364,244403,455000
1851,15,21,5218,358,244424,466900
1852,9,16,5209,351,244440,439200
1853,17,9,5192,359,244449,476300
1854,6,20,5186,345,244469,454400
1855,14,22,5172,337,244491,438500
1856,16,14,5156,339,244505,433900
1857,10,15,5146,334,244520,462900
1858,20,19,5126,335,244539,444100
1859,16,14,5110,337,244553,573300
1860,11,15,5099,333,244568,459100
1861,22,11,5077,344,244579,466200
1862,21,14,5056,351,244593,473200
1863,19,13,5037,357,244606,470500
1864,17,15,5020,359,244621,443100
1865,15,14,5005,360,244635,432300
1866,19,17,4986,362,244652,440800
1867,18,15,4968,365,244667,433600
1868,10,15,4958,360,244682,437000
1869,17,15,4941,362,244697,436500
1870,21,16,4920,367,244713,442400
1871,7,20,4913,354,244733,572400
1872,15,18,4898,351,244751,462400
1873,11,24,4887,338,244775,449100
1874,13,20,4874,331,244795,449000
1875,14,13,4860,332,244808,447300
1876,11,15,4849,328,244823,432400
1877,12,20,4837,320,244843,430800
1878,10,14,4827,316,244857,429500
1879,16,21,4811,311,244878,429700
1880,8,19,4803,300,244897,433700
1881,10,12,4793,298,244909,442200
1882,11,17,4782,292,244926,433400
1883,15,16,4767,291,244942,432200
1884,5,11,4762,285,244953,451500
1885,7,13,4755,279,244966,436000
1886,5,14,4750,270,244980,490900
1887,8,11,4742,267,244991,438600
1888,8,16,4734,259,245007,465500
1889,6,10,4728,255,245017,439200
1890,13,14,4715,254,245031,453200
1891,9,10,4706,253,245041,432000
1892,13,7,4693,259,245048,452900
1893,14,11,4679,262,245059,436300
1894,10,13,4669,259,245072,435800
1895,10,10,4659,259,245082,432900
1896,4,18,4655,245,245100,445100
1897,10,10,4645,245,245110,447900
1898,6,8,4639,243,245118,440600
1899,9,16,4630,236,245134,434800
1900,8,15,4622,229,245149,446000
1901,6,9,4616,226,245158,430100
1902,9,11,4607,224,245169,436800
1903,11,10,4596,225,245179,438300
1904,14,5,4582,234,245184,429800
1905,4,10,4578,228,245194,433100
1906,13,10,4565,231,245204,449300
1907,7,9,4558,229,245213,444500
1908,11,7,4547,233,245220,604500
1909,5,10,4542,228,245230,438000
1910,6,15,4536,219,245245,439900
1911,14,12,4522,221,245257,434500
1912,11,13,4511,219,245270,442200
1913,10,7,4501,222,245277,430900
1914,6,13,4495,215,245290,429800
1915,5,10,4490,210,245300,452000
1916,7,9,4483,208,245309,439300
1917,5,9,4478,204,245318,438500
1918,12,11,4466,205,245329,450200
1919,5,9,4461,201,245338,464900
1920,6,19,4455,188,245357,454500
1921,2,15,4453,175,245372,447600
1922,4,10,4449,169,245382,440900
1923,9,11,4440,167,245393,441400
1924,6,12,4434,161,245405,468100
1925,3,5,4431,159,245410,434200
1926,9,12,4422,156,245422,442200
1927,12,9,4410,159,245431,430700
1928,3,8,4407,154,245439,449800
1929,5,9,4402,150,245448,443600
1930,2,8,4400,144,245456,460300
1931,8,7,4392,145,245463,454900
1932,5,6,4387,144,245469,439400
1933,6,8,4381,142,245477,442700
1934,3,14,4378,131,245491,450400
1935,3,10,4375,124,245501,446800
1936,9,5,4366,128,245506,440200
1937,9,2,4357,135,245508,454100
1938,4,4,4353,135,245512,445500
1939,7,5,4346,137,245517,447300
1940,6,8,4340,135,245525,446300
1941,9,6,4331,138,245531,451700
1942,8,6,4323,140,245537,452400
1943,4,4,4319,140,245541,441700
1944,8,5,4311,143,245546,457500
1945,7,7,4304,143,245553,584600
1946,3,8,4301,138,245561,484200
1947,8,5,4293,141,245566,448700
1948,6,10,4287,137,245576,468700
1949,10,10,4277,137,245586,446000
1950,10,4,4267,143,245590,438900
1951,8,8,4259,143,245598,428200
1952,4,7,4255,140,245605,426900
1953,6,4,4249,142,245609,453600
1954,5,9,4244,138,245618,440000
1955,6,5,4238,139,245623,448300
1956,10,8,4228,141,245631,431600
1957,9,6,4219,144,245637,459700
1958,8,7,4211,145,245644,465400
1959,7,8,4204,144,245652,523100
1960,7,4,4197,147,245656,441100
1961,11,7,4186,151,245663,430000
1962,6,8,4180,149,245671,427400
1963,8,10,4172,147,245681,426900
1964,6,5,4166,148,245686,433600
1965,2,6,4164,144,245692,455200
1966,6,10,4158,140,245702,452700
1967,6,9,4152,137,245711,444600
1968,4,8,4148,133,245719,448900
1969,6,4,4142,135,245723,431300
1970,5,8,4137,132,245731,469300
1971,9,7,4128,134,245738,452400
1972,6,11,4122,129,245749,453100
1973,2,6,4120,125,245755,427900
1974,5,6,4115,124,245761,425600
1975,9,6,4106,127,245767,434700
1976,11,6,4095,132,245773,435500
1977,10,4,4085,138,245777,450300
1978,11,8,4074,141,245785,446900
1979,6,2,4068,145,245787,449000
1980,9,6,4059,148,245793,445700
1981,5,8,4054,145,245801,446200
1982,14,3,4040,156,245804,476300
1983,9,6,4031,159,245810,458500
1984,6,6,4025,159,245816,454600
1985,7,4,4018,162,245820,443700
1986,6,5,4012,163,245825,454200
1987,3,9,4009,157,245834,426500
1988,5,10,4004,152,245844,430600
1989,6,5,3998,153,245849,429800
1990,7,6,3991,154,245855,427600
1991,7,10,3984,151,245865,426700
1992,2,7,3982,146,245872,448800
1993,3,6,3979,143,245878,442100
1994,4,5,3975,142,245883,566100
1995,2,8,3973,136,245891,478800
1996,3,5,3970,134,245896,528700
1997,4,11,3966,127,245907,448300
1998,1,4,3965,124,245911,440500
1999,3,2,3962,125,245913,438700
2000,3,5,3959,123,245918,441300
2001,1,6,3958,118,245924,423700
2002,1,7,3957,112,245931,441000
2003,2,6,3955,108,245937,447800
2004,1,7,3954,102,245944,519400
2005,3,2,3951,103,245946,449100
2006,2,5,3949,100,245951,477400
2007,1,6,3948,95,245957,450100
2008,2,5,3946,92,245962,540400
2009,0,8,3946,84,245970,453500
2010,0,3,3946,81,245973,451900
2011,0,5,3946,76,245978,516900
2012,0,3,3946,73,245981,425100
2013,1,4,3945,70,245985,438500
2014,2,4,3943,68,245989,423800
2015,0,3,3943,65,245992,425800
2016,0,2,3943,63,245994,518600
2017,1,2,3942,62,245996,436600
2018,0,3,3942,59,245999,444200
2019,0,2,3942,57,246001,466400
2020,1,0,3941,58,246001,440000
2021,0,3,3941,55,246004,439200
2022,1,0,3940,56,246004,443600
2023,0,5,3940,51,246009,425600
2024,0,1,3940,50,246010,440600
2025,0,0,3940,50,246010,441700
2026,0,1,3940,49,246011,440300
2027,0,4,3940,45,246015,446200
2028,0,1,3940,44,246016,455500
2029,0,4,3940,40,246020,457000
2030,0,2,3940,38,246022,613000
2031,0,3,3940,35,246025,446000
2032,0,5,3940,30,246030,444400
2033,0,1,3940,29,246031,456900
2034,0,0,3940,29,246031,435700
2035,0,0,3940,29,246031,449100
2036,0,1,3940,28,246032,544200
2037,0,0,3940,28,246032,443300
2038,1,1,3939,28,246033,447500
2039,0,1,3939,27,246034,470400
2040,1,0,3938,28,246034,477400
2041,0,2,3938,26,246036,439300
2042,0,0,3938,26,246036,477100
2043,0,3,3938,23,246039,451400
2044,0,1,3938,22,246040,541400
2045,0,2,3938,20,246042,453000
2046,0,1,3938,19,246043,441800
2047,1,2,3937,18,246045,445400
2048,0,0,3937,18,246045,443700
2049,0,1,3937,17,246046,451200
2050,0,0,3937,17,246046,446800
2051,0,0,3937,17,246046,450700
2052,0,3,3937,14,246049,435800
2053,0,0,3937,14,246049,478500
2054,0,0,3937,14,246049,481100
2055,0,0,3937,14,246049,461900
2056,0,1,3937,13,246050,447800
2057,0,0,3937,13,246050,466000
2058,0,1,3937,12,246051,449300
2059,0,0,3937,12,246051,472800
2060,0,1,3937,11,246052,476300
2061,0,2,3937,9,246054,472200
2062,0,1,3937,8,246055,492600
2063,0,1,3937,7,246056,486800
2064,0,1,3937,6,246057,507000
2065,0,0,3937,6,246057,498600
2066,0,0,3937,6,246057,542000
2067,0,0,3937,6,246057,540200
2068,0,0,3937,6,246057,681600
2069,0,2,3937,4,246059,462500
2070,0,0,3937,4,246059,519200
2071,0,1,3937,3,246060,493300
2072,0,1,3937,2,246061,508500
2073,0,0,3937,2,246061,524900
2074,0,0,3937,2,246061,509300
2075,0,0,3937,2,246061,445200
2076,0,0,3937,2,246061,526500
2077,0,0,3937,2,246061,451600
2078,0,0,3937,2,246061,523300
2079,0,0,3937,2,246061,523800
2080,0,0,3937,2,246061,536300
2081,0,0,3937,2,246061,527200
2082,0,0,3937,2,246061,560800
2083,0,0,3937,2,246061,530900
2084,0,0,3937,2,246061,531200
2085,0,0,3937,2,246061,515200
2086,0,0,3937,2,246061,484800
2087,0,0,3937,2,246061,460100
2088,0,0,3937,2,246061,475100
2089,0,0,3937,2,246061,450400
2090,0,0,3937,2,246061,498400
2091,0,0,3937,2,246061,443900
2092,0,0,3937,2,246061,498100
2093,0,1,3937,1,246062,489300
2094,0,0,3937,1,246062,475800
2095,0,0,3937,1,246062,461500
2096,0,0,3937,1,246062,483800
2097,0,0,3937,1,246062,474200
2098,0,0,3937,1,246062,453600
2099,0,0,3937,1,246062,455600
2100,0,0,3937,1,246062,450200
2101,0,0,3937,1,246062,455100
2102,0,0,3937,1,246062,438400
2103,0,0,3937,1,246062,449200
2104,0,0,3937,1,246062,428300
2105,0,0,3937,1,246062,430500
2106,0,0,3937,1,246062,430100
2107,0,0,3937,1,246062,433600
2108,0,0,3937,1,246062,426200
2109,0,0,3937,1,246062,436500
2110,0,0,3937,1,246062,599100
2111,0,0,3937,1,246062,439800
2112,0,0,3937,1,246062,441500
2113,0,0,3937,1,246062,436800
2114,0,0,3937,1,246062,450200
2115,0,0,3937,1,246062,520600
2116,0,0,3937,1,246062,445400
2117,0,0,3937,1,246062,429600
2118,0,0,3937,1,246062,434300
2119,0,0,3937,1,246062,427200
2120,0,0,3937,1,246062,437300
2121,0,1,3937,0,246063,438100
