Tick,NewlyInfected,NewlyRecovered,TotalSusceptible,TotalInfected,TotalRecovered,StepTimeNanos
0,4,0,249991,9,0,1007900
1,2,0,249989,11,0,484400
2,1,1,249988,11,1,470700
3,4,0,249984,15,1,474700
4,5,0,249979,20,1,452400
5,5,0,249974,25,1,442400
6,8,2,249966,31,3,462600
7,9,0,249957,40,3,451400
8,6,1,249951,45,4,471500
9,11,2,249940,54,6,444600
10,13,4,249927,63,10,453100
11,6,1,249921,68,11,651700
12,6,4,249915,70,15,449000
13,5,6,249910,69,21,446400
14,7,4,249903,72,25,444500
15,10,4,249893,78,29,444700
16,12,6,249881,84,35,445300
17,12,3,249869,93,38,449000
18,8,5,249861,96,43,444400
19,8,3,249853,101,46,519400
20,11,2,249842,110,48,449100
21,7,6,249835,111,54,437100
22,7,3,249828,115,57,437500
23,7,4,249821,118,61,431200
24,13,6,249808,125,67,431800
25,15,7,249793,133,74,440600
26,23,6,249770,150,80,440500
27,14,9,249756,155,89,459400
28,8,9,249748,154,98,456500
29,21,6,249727,169,104,444400
30,23,8,249704,184,112,485700
31,16,6,249688,194,118,441900
32,15,7,249673,202,125,458200
33,16,2,249657,216,127,447000
34,19,16,249638,219,143,459000
35,11,6,249627,224,149,542400
36,24,6,249603,242,155,549800
37,14,9,249589,247,164,463400
38,25,5,249564,267,169,441900
39,27,18,249537,276,187,443000
40,17,16,249520,277,203,441200
41,29,15,249491,291,218,444500
42,31,20,249460,302,238,454700
43,22,12,249438,312,250,440500
44,21,9,249417,324,259,451600
45,30,20,249387,334,279,453900
46,32,14,249355,352,293,449300
47,30,22,249325,360,315,451200
48,33,20,249292,373,335,444400
49,29,16,249263,386,351,467500
50,31,14,249232,403,365,457700
51,30,18,249202,415,383,464800
52,36,17,249166,434,400,525700
53,28,10,249138,452,410,508000
54,27,11,249111,468,421,459700
55,34,25,249077,477,446,451100
56,28,26,249049,479,472,469600
57,39,29,249010,489,501,470100
58,31,25,248979,495,526,449200
59,32,28,248947,499,554,457500
60,34,28,248913,505,582,496500
61,30,22,248883,513,604,541700
62,28,27,248855,514,631,470200
63,37,25,248818,526,656,450900
64,41,29,248777,538,685,454600
65,30,28,248747,540,713,467600
66,38,25,248709,553,738,475200
67,44,32,248665,565,770,473500
68,30,28,248635,567,798,529500
69,41,22,248594,586,820,447600
70,60,25,248534,621,845,457700
71,47,34,248487,634,879,449100
72,39,31,248448,642,910,481400
73,41,26,248407,657,936,450100
74,44,30,248363,671,966,497000
75,44,33,248319,682,999,465800
76,49,37,248270,694,1036,457300
77,37,36,248233,695,1072,452700
78,51,31,248182,715,1103,475800
79,49,38,248133,726,1141,452900
80,57,42,248076,741,1183,452000
81,50,37,248026,754,1220,459500
82,52,39,247974,767,1259,469400
83,48,39,247926,776,1298,551100
84,51,31,247875,796,1329,554200
85,60,45,247815,811,1374,482000
86,48,33,247767,826,1407,479100
87,54,37,247713,843,1444,454900
88,57,43,247656,857,1487,452400
89,72,45,247584,884,1532,456000
90,57,39,247527,902,1571,451600
91,51,37,247476,916,1608,448000
92,62,47,247414,931,1655,485800
93,50,48,247364,933,1703,471800
94,65,52,247299,946,1755,465500
95,75,40,247224,981,1795,565600
96,67,44,247157,1004,1839,456300
97,72,57,247085,1019,1896,460200
98,82,56,247003,1045,1952,449000
99,81,44,246922,1082,1996,458200
100,59,58,246863,1083,2054,628700
101,73,56,246790,1100,2110,460900
102,70,45,246720,1125,2155,458500
103,65,48,246655,1142,2203,448400
104,75,69,246580,1148,2272,453200
105,77,66,246503,1159,2338,448500
106,76,67,246427,1168,2405,450100
107,76,62,246351,1182,2467,451100
108,67,54,246284,1195,2521,449200
109,83,55,246201,1223,2576,469500
110,52,63,246149,1212,2639,451400
111,85,55,246064,1242,2694,465900
112,66,57,245998,1251,2751,461600
113,74,62,245924,1263,2813,452400
114,74,65,245850,1272,2878,454300
115,80,56,245770,1296,2934,450100
116,81,61,245689,1316,2995,455500
117,76,59,245613,1333,3054,671700
118,87,65,245526,1355,3119,475500
119,91,59,245435,1387,3178,455700
120,75,68,245360,1394,3246,445700
121,74,73,245286,1395,3319,456100
122,80,82,245206,1393,3401,455200
123,82,64,245124,1411,3465,455200
124,79,69,245045,1421,3534,460500
125,87,77,244958,1431,3611,462200
126,77,62,244881,1446,3673,625900
127,91,49,244790,1488,3722,583400
128,92,84,244698,1496,3806,622200
129,77,68,244621,1505,3874,474900
130,81,78,244540,1508,3952,457400
131,87,77,244453,1518,4029,457900
132,87,71,244366,1534,4100,446300
133,89,79,244277,1544,4179,668100
134,90,72,244187,1562,4251,468300
135,90,69,244097,1583,4320,456200
136,90,82,244007,1591,4402,448200
137,105,69,243902,1627,4471,470700
138,109,95,243793,1641,4566,467400
139,97,94,243696,1644,4660,452000
140,87,86,243609,1645,4746,469400
141,104,97,243505,1652,4843,468100
142,104,98,243401,1658,4941,481200
143,87,69,243314,1676,5010,484400
144,93,59,243221,1710,5069,457900
145,93,97,243128,1706,5166,454400
146,86,89,243042,1703,5255,446900
147,89,76,242953,1716,5331,464600
148,89,80,242864,1725,5411,469900
149,97,90,242767,1732,5501,457100
150,89,91,242678,1730,5592,619700
151,96,79,242582,1747,5671,464200
152,92,84,242490,1755,5755,459800
153,89,84,242401,1760,5839,455800
154,107,84,242294,1783,5923,455500
155,95,87,242199,1791,6010,455000
156,94,84,242105,1801,6094,462300
157,94,97,242011,1798,6191,463400
158,100,80,241911,1818,6271,484400
159,108,95,241803,1831,6366,467400
160,101,93,241702,1839,6459,464200
161,90,105,241612,1824,6564,473900
162,109,75,241503,1858,6639,457700
163,101,96,241402,1863,6735,465800
164,98,92,241304,1869,6827,477200
165,91,103,241213,1857,6930,458300
166,106,96,241107,1867,7026,465900
167,106,80,241001,1893,7106,554800
168,96,88,240905,1901,7194,472000
169,92,96,240813,1897,7290,456900
170,112,119,240701,1890,7409,476800
171,109,86,240592,1913,7495,568000
172,124,96,240468,1941,7591,477100
173,113,87,240355,1967,7678,556500
174,110,100,240245,1977,7778,468800
175,111,91,240134,1997,7869,467700
176,125,93,240009,2029,7962,461200
177,117,95,239892,2051,8057,460600
178,106,110,239786,2047,8167,464200
179,116,98,239670,2065,8265,471400
180,109,104,239561,2070,8369,464300
181,121,124,239440,2067,8493,563200
182,118,96,239322,2089,8589,477800
183,112,117,239210,2084,8706,474700
184,112,102,239098,2094,8808,489800
185,117,99,238981,2112,8907,463200
186,133,91,238848,2154,8998,475200
187,106,104,238742,2156,9102,474600
188,125,120,238617,2161,9222,478000
189,125,130,238492,2156,9352,474500
190,127,116,238365,2167,9468,507100
191,124,120,238241,2171,9588,517900
192,117,103,238124,2185,9691,535300
193,126,131,237998,2180,9822,515900
194,113,110,237885,2183,9932,501600
195,122,100,237763,2205,10032,509300
196,117,106,237646,2216,10138,563700
197,112,134,237534,2194,10272,539700
198,135,118,237399,2211,10390,511400
199,126,105,237273,2232,10495,513900
200,154,123,237119,2263,10618,529100
201,148,120,236971,2291,10738,543900
202,135,118,236836,2308,10856,509200
203,116,130,236720,2294,10986,491000
204,135,115,236585,2314,11101,549300
205,124,109,236461,2329,11210,508500
206,148,137,236313,2340,11347,504500
207,146,108,236167,2378,11455,510500
208,136,122,236031,2392,11577,559800
209,131,120,235900,2403,11697,594300
210,158,104,235742,2457,11801,525600
211,155,132,235587,2480,11933,543600
212,143,118,235444,2505,12051,509600
213,156,124,235288,2537,12175,510200
214,140,112,235148,2565,12287,486200
215,143,109,235005,2599,12396,519600
216,157,137,234848,2619,12533,495800
217,139,140,234709,2618,12673,491700
218,155,121,234554,2652,12794,486700
219,122,128,234432,2646,12922,479000
220,141,123,234291,2664,13045,559200
221,154,135,234137,2683,13180,504000
222,136,136,234001,2683,13316,552300
223,170,146,233831,2707,13462,499300
224,148,123,233683,2732,13585,509100
225,154,150,233529,2736,13735,495700
226,162,124,233367,2774,13859,519100
227,172,148,233195,2798,14007,503200
228,166,153,233029,2811,14160,507200
229,157,130,232872,2838,14290,526200
230,158,140,232714,2856,14430,504700
231,159,143,232555,2872,14573,488500
232,146,149,232409,2869,14722,504200
233,146,147,232263,2868,14869,498100
234,151,141,232112,2878,15010,499000
235,163,154,231949,2887,15164,492100
236,164,135,231785,2916,15299,491500
237,174,130,231611,2960,15429,483300
238,172,158,231439,2974,15587,488100
239,183,128,231256,3029,15715,567500
240,178,139,231078,3068,15854,550800
241,152,128,230926,3092,15982,516200
242,185,139,230741,3138,16121,501500
243,197,168,230544,3167,16289,491200
244,167,133,230377,3201,16422,577200
245,157,172,230220,3186,16594,489400
246,150,160,230070,3176,16754,484200
247,157,153,229913,3180,16907,494100
248,159,143,229754,3196,17050,531900
249,168,156,229586,3208,17206,636300
250,176,157,229410,3227,17363,500800
251,166,154,229244,3239,17517,488400
252,189,165,229055,3263,17682,487500
253,174,174,228881,3263,17856,486600
254,148,173,228733,3238,18029,485100
255,170,144,228563,3264,18173,479700
256,155,154,228408,3265,18327,495000
257,197,163,228211,3299,18490,499000
258,178,178,228033,3299,18668,579600
259,163,153,227870,3309,18821,516500
260,172,170,227698,3311,18991,491700
261,180,159,227518,3332,19150,521400
262,161,203,227357,3290,19353,518500
263,166,150,227191,3306,19503,524900
264,178,184,227013,3300,19687,519000
265,179,149,226834,3330,19836,512200
266,153,154,226681,3329,19990,619900
267,153,166,226528,3316,20156,510000
268,164,177,226364,3303,20333,497700
269,157,160,226207,3300,20493,499100
270,182,178,226025,3304,20671,546600
271,152,161,225873,3295,20832,502400
272,170,162,225703,3303,20994,511300
273,167,128,225536,3342,21122,546500
274,172,177,225364,3337,21299,494800
275,173,155,225191,3355,21454,498500
276,160,164,225031,3351,21618,494100
277,160,144,224871,3367,21762,492600
278,172,160,224699,3379,21922,520600
279,173,148,224526,3404,22070,504000
280,157,156,224369,3405,22226,569400
281,169,179,224200,3395,22405,505600
282,167,135,224033,3427,22540,517200
283,175,168,223858,3434,22708,509200
284,186,175,223672,3445,22883,509500
285,160,160,223512,3445,23043,512200
286,169,152,223343,3462,23195,518200
287,181,173,223162,3470,23368,502600
288,169,182,222993,3457,23550,501800
289,182,163,222811,3476,23713,524900
290,159,172,222652,3463,23885,515800
291,169,191,222483,3441,24076,526500
292,197,189,222286,3449,24265,521500
293,158,193,222128,3414,24458,517900
294,146,168,221982,3392,24626,499300
295,156,154,221826,3394,24780,497700
296,170,170,221656,3394,24950,510000
297,194,167,221462,3421,25117,509300
298,175,166,221287,3430,25283,582800
299,162,171,221125,3421,25454,525100
300,166,155,220959,3432,25609,505100
301,174,200,220785,3406,25809,492800
302,163,172,220622,3397,25981,500600
303,165,160,220457,3402,26141,495500
304,170,163,220287,3409,26304,525800
305,179,182,220108,3406,26486,513000
306,156,153,219952,3409,26639,533300
307,156,162,219796,3403,26801,522000
308,155,171,219641,3387,26972,506300
309,155,171,219486,3371,27143,521500
310,169,173,219317,3367,27316,513500
311,166,173,219151,3360,27489,579700
312,156,136,218995,3380,27625,499400
313,176,174,218819,3382,27799,518000
314,191,151,218628,3422,27950,507100
315,186,159,218442,3449,28109,503100
316,178,172,218264,3455,28281,514900
317,165,186,218099,3434,28467,594300
318,160,163,217939,3431,28630,506000
319,178,147,217761,3462,28777,499900
320,172,179,217589,3455,28956,696300
321,172,169,217417,3458,29125,531700
322,164,173,217253,3449,29298,606800
323,160,168,217093,3441,29466,560600
324,181,178,216912,3444,29644,531400
325,152,165,216760,3431,29809,601000
326,168,152,216592,3447,29961,520600
327,175,169,216417,3453,30130,551700
328,159,196,216258,3416,30326,542300
329,153,169,216105,3400,30495,549700
330,160,157,215945,3403,30652,529000
331,177,184,215768,3396,30836,532700
332,180,151,215588,3425,30987,540300
333,191,173,215397,3443,31160,1070800
334,185,157,215212,3471,31317,524800
335,188,160,215024,3499,31477,616500
336,178,208,214846,3469,31685,576300
337,174,205,214672,3438,31890,560900
338,180,175,214492,3443,32065,599200
339,186,170,214306,3459,32235,584500
340,191,157,214115,3493,32392,636000
341,184,172,213931,3505,32564,560100
342,186,172,213745,3519,32736,696000
343,139,194,213606,3464,32930,586100
344,169,156,213437,3477,33086,523400
345,165,185,213272,3457,33271,495700
346,167,165,213105,3459,33436,498200
347,172,173,212933,3458,33609,507200
348,187,184,212746,3461,33793,496100
349,179,185,212567,3455,33978,537100
350,184,158,212383,3481,34136,583500
351,160,184,212223,3457,34320,556600
352,181,164,212042,3474,34484,511200
353,174,200,211868,3448,34684,521000
354,176,165,211692,3459,34849,527300
355,148,175,211544,3432,35024,493800
356,150,165,211394,3417,35189,492100
357,152,164,211242,3405,35353,495700
358,152,174,211090,3383,35527,647100
359,189,152,210901,3420,35679,514500
360,173,191,210728,3402,35870,499700
361,175,177,210553,3400,36047,481100
362,162,173,210391,3389,36220,471500
363,175,178,210216,3386,36398,478500
364,167,163,210049,3390,36561,484500
365,142,169,209907,3363,36730,492300
366,148,161,209759,3350,36891,487100
367,154,153,209605,3351,37044,544500
368,157,188,209448,3320,37232,489400
369,154,178,209294,3296,37410,495700
370,142,173,209152,3265,37583,488800
371,156,176,208996,3245,37759,540600
372,172,152,208824,3265,37911,526000
373,131,186,208693,3210,38097,491900
374,143,175,208550,3178,38272,509200
375,164,173,208386,3169,38445,497000
376,125,132,208261,3162,38577,500500
377,153,136,208108,3179,38713,491900
378,159,146,207949,3192,38859,620500
379,168,168,207781,3192,39027,492200
380,165,172,207616,3185,39199,481100
381,178,145,207438,3218,39344,474200
382,145,176,207293,3187,39520,469400
383,178,164,207115,3201,39684,459800
384,167,171,206948,3197,39855,541300
385,174,162,206774,3209,40017,485400
386,159,145,206615,3223,40162,523200
387,156,142,206459,3237,40304,473000
388,156,171,206303,3222,40475,464500
389,167,167,206136,3222,40642,482500
390,152,164,205984,3210,40806,484400
391,161,146,205823,3225,40952,472000
392,163,154,205660,3234,41106,496500
393,174,178,205486,3230,41284,489300
394,169,196,205317,3203,41480,583800
395,170,156,205147,3217,41636,488700
396,162,163,204985,3216,41799,570200
397,178,164,204807,3230,41963,477600
398,144,154,204663,3220,42117,476500
399,149,139,204514,3230,42256,494100
400,166,153,204348,3243,42409,487000
401,176,143,204172,3276,42552,494700
402,159,170,204013,3265,42722,491000
403,158,152,203855,3271,42874,484500
404,157,184,203698,3244,43058,490400
405,154,139,203544,3259,43197,475300
406,143,150,203401,3252,43347,481800
407,165,165,203236,3252,43512,483300
408,161,183,203075,3230,43695,483600
409,137,153,202938,3214,43848,468600
410,191,152,202747,3253,44000,553300
411,183,156,202564,3280,44156,479900
412,151,185,202413,3246,44341,489000
413,169,153,202244,3262,44494,483100
414,161,156,202083,3267,44650,473700
415,157,151,201926,3273,44801,469000
416,166,164,201760,3275,44965,482500
417,169,146,201591,3298,45111,483300
418,185,168,201406,3315,45279,490200
419,173,183,201233,3305,45462,534300
420,169,161,201064,3313,45623,512700
421,173,180,200891,3306,45803,497600
422,178,172,200713,3312,45975,471000
423,164,155,200549,3321,46130,547000
424,177,164,200372,3334,46294,561900
425,184,162,200188,3356,46456,518200
426,159,161,200029,3354,46617,486900
427,186,171,199843,3369,46788,473100
428,172,177,199671,3364,46965,558700
429,158,174,199513,3348,47139,504000
430,145,158,199368,3335,47297,494700
431,154,141,199214,3348,47438,472800
432,166,169,199048,3345,47607,463800
433,168,169,198880,3344,47776,463000
434,186,156,198694,3374,47932,470800
435,179,179,198515,3374,48111,476500
436,176,163,198339,3387,48274,502300
437,173,192,198166,3368,48466,530200
438,170,144,197996,3394,48610,653300
439,192,162,197804,3424,48772,491700
440,165,159,197639,3430,48931,482300
441,157,165,197482,3422,49096,474000
442,172,174,197310,3420,49270,479800
443,178,186,197132,3412,49456,471300
444,178,185,196954,3405,49641,474800
445,176,184,196778,3397,49825,488800
446,176,165,196602,3408,49990,516000
447,172,168,196430,3412,50158,494200
448,188,163,196242,3437,50321,483800
449,169,177,196073,3429,50498,473800
450,169,157,195904,3441,50655,471600
451,171,183,195733,3429,50838,471300
452,185,162,195548,3452,51000,470900
453,148,162,195400,3438,51162,477700
454,155,159,195245,3434,51321,477500
455,181,166,195064,3449,51487,611600
456,182,178,194882,3453,51665,576400
457,154,176,194728,3431,51841,490000
458,181,171,194547,3441,52012,487900
459,189,196,194358,3434,52208,470100
460,171,181,194187,3424,52389,474800
461,195,172,193992,3447,52561,498400
462,163,193,193829,3417,52754,471500
463,173,165,193656,3425,52919,473400
464,171,157,193485,3439,53076,525000
465,172,178,193313,3433,53254,500400
466,182,149,193131,3466,53403,502700
467,183,200,192948,3449,53603,522100
468,158,163,192790,3444,53766,481800
469,161,172,192629,3433,53938,487800
470,171,166,192458,3438,54104,615900
471,184,164,192274,3458,54268,609500
472,159,164,192115,3453,54432,505400
473,155,186,191960,3422,54618,559700
474,172,166,191788,3428,54784,511900
475,176,161,191612,3443,54945,479800
476,178,169,191434,3452,55114,474800
477,144,175,191290,3421,55289,480900
478,147,166,191143,3402,55455,480600
479,167,178,190976,3391,55633,468000
480,148,168,190828,3371,55801,478100
481,162,173,190666,3360,55974,485100
482,171,173,190495,3358,56147,611100
483,177,174,190318,3361,56321,537600
484,174,181,190144,3354,56502,503400
485,159,158,189985,3355,56660,481300
486,158,176,189827,3337,56836,476500
487,163,179,189664,3321,57015,468700
488,157,162,189507,3316,57177,482900
489,152,169,189355,3299,57346,490000
490,148,154,189207,3293,57500,518700
491,142,167,189065,3268,57667,537700
492,154,160,188911,3262,57827,530900
493,158,177,188753,3243,58004,523900
494,159,152,188594,3250,58156,486200
495,161,160,188433,3251,58316,485500
496,172,174,188261,3249,58490,479200
497,177,152,188084,3274,58642,484100
498,168,155,187916,3287,58797,475000
499,164,151,187752,3300,58948,535200
500,157,159,187595,3298,59107,529300
501,162,161,187433,3299,59268,502300
502,173,173,187260,3299,59441,488400
503,163,152,187097,3310,59593,482800
504,140,163,186957,3287,59756,473900
505,193,150,186764,3330,59906,489000
506,170,159,186594,3341,60065,496300
507,161,178,186433,3324,60243,481900
508,159,171,186274,3312,60414,538000
509,174,187,186100,3299,60601,524700
510,153,185,185947,3267,60786,508500
511,160,149,185787,3278,60935,541100
512,154,168,185633,3264,61103,486200
513,167,154,185466,3277,61257,479100
514,171,153,185295,3295,61410,496600
515,163,176,185132,3282,61586,477800
516,154,165,184978,3271,61751,477900
517,165,137,184813,3299,61888,530600
518,174,167,184639,3306,62055,563200
519,173,147,184466,3332,62202,504800
520,185,175,184281,3342,62377,497100
521,165,169,184116,3338,62546,487500
522,149,157,183967,3330,62703,573500
523,159,151,183808,3338,62854,484400
524,178,168,183630,3348,63022,494200
525,155,178,183475,3325,63200,497300
526,164,169,183311,3320,63369,564300
527,168,175,183143,3313,63544,642400
528,156,168,182987,3301,63712,533300
529,162,171,182825,3292,63883,479200
530,187,156,182638,3323,64039,487300
531,192,143,182446,3372,64182,472100
532,183,181,182263,3374,64363,459600
533,180,163,182083,3391,64526,461100
534,178,172,181905,3397,64698,634800
535,187,163,181718,3421,64861,554200
536,186,163,181532,3444,65024,513100
537,188,180,181344,3452,65204,491800
538,189,174,181155,3467,65378,480500
539,180,161,180975,3486,65539,476900
540,189,180,180786,3495,65719,492800
541,187,179,180599,3503,65898,482900
542,196,156,180403,3543,66054,468100
543,178,166,180225,3555,66220,473900
544,191,185,180034,3561,66405,564700
545,205,174,179829,3592,66579,502500
546,181,180,179648,3593,66759,490800
547,184,180,179464,3597,66939,496600
548,178,167,179286,3608,67106,482200
549,166,213,179120,3561,67319,476600
550,163,176,178957,3548,67495,489300
551,165,172,178792,3541,67667,490200
552,161,145,178631,3557,67812,479000
553,143,189,178488,3511,68001,498200
554,174,176,178314,3509,68177,501400
555,172,177,178142,3504,68354,483300
556,186,162,177956,3528,68516,490300
557,152,175,177804,3505,68691,559900
558,174,163,177630,3516,68854,483600
559,175,155,177455,3536,69009,474900
560,169,180,177286,3525,69189,464100
561,167,181,177119,3511,69370,484700
562,173,204,176946,3480,69574,627800
563,157,169,176789,3468,69743,503200
564,165,167,176624,3466,69910,540000
565,174,170,176450,3470,70080,491800
566,173,178,176277,3465,70258,477500
567,156,190,176121,3431,70448,481700
568,157,176,175964,3412,70624,481400
569,156,150,175808,3418,70774,482900
570,147,156,175661,3409,70930,471700
571,168,167,175493,3410,71097,630000
572,171,190,175322,3391,71287,485700
573,186,165,175136,3412,71452,499500
574,176,146,174960,3442,71598,506400
575,167,158,174793,3451,71756,482200
576,180,173,174613,3458,71929,475400
577,182,185,174431,3455,72114,470100
578,199,165,174232,3489,72279,482700
579,185,214,174047,3460,72493,477100
580,175,163,173872,3472,72656,492600
581,175,180,173697,3467,72836,479200
582,167,165,173530,3469,73001,479600
583,172,172,173358,3469,73173,499300
584,158,174,173200,3453,73347,481300
585,165,160,173035,3458,73507,475800
586,191,176,172844,3473,73683,469100
587,186,171,172658,3488,73854,477800
588,165,191,172493,3462,74045,491000
589,178,213,172315,3427,74258,471200
590,185,161,172130,3451,74419,633800
591,195,183,171935,3463,74602,495400
592,173,160,171762,3476,74762,475900
593,171,164,171591,3483,74926,480100
594,181,169,171410,3495,75095,480700
595,182,181,171228,3496,75276,494400
596,172,176,171056,3492,75452,478600
597,167,204,170889,3455,75656,491100
598,179,170,170710,3464,75826,486300
599,185,166,170525,3483,75992,486600
600,177,186,170348,3474,76178,557300
601,170,169,170178,3475,76347,553200
602,203,178,169975,3500,76525,506800
603,170,182,169805,3488,76707,481100
604,170,184,169635,3474,76891,475900
605,169,165,169466,3478,77056,473300
606,190,168,169276,3500,77224,476200
607,171,169,169105,3502,77393,475400
608,174,186,168931,3490,77579,483100
609,188,182,168743,3496,77761,481400
610,178,185,168565,3489,77946,483500
611,189,188,168376,3490,78134,482600
612,185,193,168191,3482,78327,474300
613,201,166,167990,3517,78493,480600
614,185,190,167805,3512,78683,475000
615,186,191,167619,3507,78874,471200
616,174,167,167445,3514,79041,488600
617,195,178,167250,3531,79219,480600
618,151,186,167099,3496,79405,484600
619,166,194,166933,3468,79599,474100
620,185,173,166748,3480,79772,488000
621,163,179,166585,3464,79951,486400
622,184,162,166401,3486,80113,543300
623,165,206,166236,3445,80319,475000
624,164,167,166072,3442,80486,476400
625,168,149,165904,3461,80635,475900
626,185,173,165719,3473,80808,485600
627,173,164,165546,3482,80972,483300
628,181,175,165365,3488,81147,476700
629,173,200,165192,3461,81347,484700
630,168,150,165024,3479,81497,500000
631,163,167,164861,3475,81664,483700
632,173,176,164688,3472,81840,488000
633,185,183,164503,3474,82023,477500
634,190,170,164313,3494,82193,469600
635,189,192,164124,3491,82385,482100
636,177,153,163947,3515,82538,471300
637,185,183,163762,3517,82721,479700
638,205,177,163557,3545,82898,482000
639,186,173,163371,3558,83071,636600
640,156,186,163215,3528,83257,499200
641,155,169,163060,3514,83426,513000
642,169,194,162891,3489,83620,478100
643,189,171,162702,3507,83791,501000
644,195,175,162507,3527,83966,502200
645,184,165,162323,3546,84131,474200
646,178,186,162145,3538,84317,519000
647,210,190,161935,3558,84507,480100
648,180,178,161755,3560,84685,507600
649,163,159,161592,3564,84844,490500
650,181,168,161411,3577,85012,483700
651,181,184,161230,3574,85196,489300
652,162,160,161068,3576,85356,480600
653,176,198,160892,3554,85554,498300
654,202,193,160690,3563,85747,488500
655,187,168,160503,3582,85915,475600
656,198,178,160305,3602,86093,477100
657,176,172,160129,3606,86265,495000
658,192,182,159937,3616,86447,495200
659,208,206,159729,3618,86653,490200
660,191,169,159538,3640,86822,594800
661,178,178,159360,3640,87000,494700
662,213,183,159147,3670,87183,488200
663,216,170,158931,3716,87353,478200
664,200,198,158731,3718,87551,490300
665,199,197,158532,3720,87748,475600
666,191,188,158341,3723,87936,478000
667,193,168,158148,3748,88104,488400
668,194,194,157954,3748,88298,737400
669,212,187,157742,3773,88485,527900
670,201,199,157541,3775,88684,501300
671,207,192,157334,3790,88876,481100
672,208,193,157126,3805,89069,482500
673,197,209,156929,3793,89278,490700
674,175,201,156754,3767,89479,498500
675,179,197,156575,3749,89676,489000
676,189,194,156386,3744,89870,502800
677,187,182,156199,3749,90052,495800
678,218,207,155981,3760,90259,501500
679,188,191,155793,3757,90450,495500
680,193,186,155600,3764,90636,501700
681,202,194,155398,3772,90830,494700
682,199,196,155199,3775,91026,480000
683,190,190,155009,3775,91216,504300
684,176,184,154833,3767,91400,543600
685,183,189,154650,3761,91589,488900
686,207,160,154443,3808,91749,485800
687,183,196,154260,3795,91945,505400
688,177,182,154083,3790,92127,491100
689,188,184,153895,3794,92311,486700
690,189,218,153706,3765,92529,475400
691,182,191,153524,3756,92720,491300
692,199,170,153325,3785,92890,467500
693,184,199,153141,3770,93089,479300
694,180,186,152961,3764,93275,479000
695,184,203,152777,3745,93478,469000
696,196,164,152581,3777,93642,486600
697,207,186,152374,3798,93828,475200
698,186,194,152188,3790,94022,500500
699,192,186,151996,3796,94208,496700
700,186,190,151810,3792,94398,492500
701,226,203,151584,3815,94601,482600
702,189,203,151395,3801,94804,474500
703,194,216,151201,3779,95020,475000
704,216,170,150985,3825,95190,470900
705,186,205,150799,3806,95395,469900
706,172,178,150627,3800,95573,478200
707,182,188,150445,3794,95761,472600
708,192,209,150253,3777,95970,509100
709,195,196,150058,3776,96166,502400
710,191,180,149867,3787,96346,482500
711,164,186,149703,3765,96532,473300
712,179,178,149524,3766,96710,477700
713,182,197,149342,3751,96907,473400
714,209,181,149133,3779,97088,473700
715,200,202,148933,3777,97290,480200
716,178,194,148755,3761,97484,470600
717,195,166,148560,3790,97650,469300
718,186,203,148374,3773,97853,491100
719,174,170,148200,3777,98023,487400
720,199,166,148001,3810,98189,500700
721,185,180,147816,3815,98369,476600
722,188,206,147628,3797,98575,473200
723,196,181,147432,3812,98756,476300
724,215,182,147217,3845,98938,476000
725,186,177,147031,3854,99115,474100
726,207,174,146824,3887,99289,470800
727,186,208,146638,3865,99497,474800
728,209,203,146429,3871,99700,487400
729,198,177,146231,3892,99877,516800
730,217,196,146014,3913,100073,516100
731,181,189,145833,3905,100262,487800
732,193,177,145640,3921,100439,483500
733,216,199,145424,3938,100638,492400
734,220,203,145204,3955,100841,475800
735,209,203,144995,3961,101044,473300
736,169,182,144826,3948,101226,470100
737,199,218,144627,3929,101444,471400
738,198,195,144429,3932,101639,491800
739,192,184,144237,3940,101823,508800
740,188,194,144049,3934,102017,481900
741,196,181,143853,3949,102198,477400
742,179,225,143674,3903,102423,467000
743,181,215,143493,3869,102638,472700
744,181,168,143312,3882,102806,470100
745,183,190,143129,3875,102996,472600
746,168,196,142961,3847,103192,470000
747,183,175,142778,3855,103367,477100
748,202,188,142576,3869,103555,472500
749,188,195,142388,3862,103750,495800
750,184,210,142204,3836,103960,487500
751,179,225,142025,3790,104185,475600
752,199,199,141826,3790,104384,475200
753,183,185,141643,3788,104569,471500
754,188,188,141455,3788,104757,467900
755,187,180,141268,3795,104937,471000
756,197,184,141071,3808,105121,482700
757,203,185,140868,3826,105306,470700
758,214,182,140654,3858,105488,470100
759,200,222,140454,3836,105710,474000
760,181,179,140273,3838,105889,479900
761,197,192,140076,3843,106081,478200
762,179,166,139897,3856,106247,471500
763,203,196,139694,3863,106443,467700
764,190,169,139504,3884,106612,474200
765,192,207,139312,3869,106819,470800
766,184,192,139128,3861,107011,466600
767,192,214,138936,3839,107225,472600
768,185,220,138751,3804,107445,510400
769,175,183,138576,3796,107628,749100
770,190,180,138386,3806,107808,569600
771,172,181,138214,3797,107989,505700
772,196,194,138018,3799,108183,490600
773,192,190,137826,3801,108373,472900
774,198,217,137628,3782,108590,481500
775,194,159,137434,3817,108749,473200
776,173,201,137261,3789,108950,466600
777,189,180,137072,3798,109130,470500
778,180,197,136892,3781,109327,469700
779,176,186,136716,3771,109513,577500
780,225,214,136491,3782,109727,534300
781,176,201,136315,3757,109928,489400
782,196,188,136119,3765,110116,476400
783,190,187,135929,3768,110303,485500
784,182,196,135747,3754,110499,469900
785,173,209,135574,3718,110708,499900
786,184,196,135390,3706,110904,476700
787,182,176,135208,3712,111080,479900
788,165,193,135043,3684,111273,468000
789,173,170,134870,3687,111443,466800
790,192,177,134678,3702,111620,495500
791,178,197,134500,3683,111817,509900
792,178,198,134322,3663,112015,469500
793,175,190,134147,3648,112205,477700
794,211,171,133936,3688,112376,475400
795,171,206,133765,3653,112582,470600
796,188,190,133577,3651,112772,468100
797,186,190,133391,3647,112962,491200
798,167,172,133224,3642,113134,492200
799,180,149,133044,3673,113283,471500
800,182,191,132862,3664,113474,472200
801,184,181,132678,3667,113655,514800
802,195,184,132483,3678,113839,475500
803,175,206,132308,3647,114045,474300
804,176,190,132132,3633,114235,470800
805,179,192,131953,3620,114427,470300
806,178,188,131775,3610,114615,470000
807,186,184,131589,3612,114799,480600
808,150,186,131439,3576,114985,487200
809,191,158,131248,3609,115143,461600
810,172,184,131076,3597,115327,474500
811,188,186,130888,3599,115513,485900
812,180,199,130708,3580,115712,486000
813,182,176,130526,3586,115888,482600
814,179,179,130347,3586,116067,468000
815,204,163,130143,3627,116230,470700
816,170,167,129973,3630,116397,469700
817,190,181,129783,3639,116578,464600
818,201,195,129582,3645,116773,464000
819,200,170,129382,3675,116943,466900
820,195,187,129187,3683,117130,459200
821,198,174,128989,3707,117304,610700
822,188,207,128801,3688,117511,510100
823,201,159,128600,3730,117670,480200
824,205,202,128395,3733,117872,474300
825,188,211,128207,3710,118083,474200
826,152,174,128055,3688,118257,466300
827,193,172,127862,3709,118429,484100
828,180,210,127682,3679,118639,533600
829,186,176,127496,3689,118815,524600
830,166,195,127330,3660,119010,482400
831,195,190,127135,3665,119200,476700
832,173,179,126962,3659,119379,477300
833,170,183,126792,3646,119562,482000
834,194,187,126598,3653,119749,462200
835,187,171,126411,3669,119920,472500
836,181,186,126230,3664,120106,460400
837,172,206,126058,3630,120312,465900
838,187,185,125871,3632,120497,464300
839,197,168,125674,3661,120665,464000
840,181,189,125493,3653,120854,458600
841,177,197,125316,3633,121051,458600
842,187,172,125129,3648,121223,473700
843,178,178,124951,3648,121401,486800
844,186,160,124765,3674,121561,498900
845,198,206,124567,3666,121767,472300
846,200,159,124367,3707,121926,456600
847,176,161,124191,3722,122087,465300
848,183,184,124008,3721,122271,465200
849,188,199,123820,3710,122470,474300
850,217,194,123603,3733,122664,467900
851,177,193,123426,3717,122857,464200
852,185,188,123241,3714,123045,475800
853,194,163,123047,3745,123208,465400
854,208,196,122839,3757,123404,487300
855,197,172,122642,3782,123576,489900
856,199,199,122443,3782,123775,489700
857,181,187,122262,3776,123962,505700
858,179,176,122083,3779,124138,523400
859,203,190,121880,3792,124328,527900
860,164,179,121716,3777,124507,492400
861,175,176,121541,3776,124683,480700
862,200,191,121341,3785,124874,476200
863,172,198,121169,3759,125072,495800
864,200,163,120969,3796,125235,505100
865,192,194,120777,3794,125429,538000
866,188,189,120589,3793,125618,501000
867,186,187,120403,3792,125805,479800
868,191,197,120212,3786,126002,473100
869,200,186,120012,3800,126188,487000
870,215,197,119797,3818,126385,480100
871,181,182,119616,3817,126567,483700
872,206,183,119410,3840,126750,473800
873,179,181,119231,3838,126931,469500
874,197,171,119034,3864,127102,470600
875,195,180,118839,3879,127282,486600
876,182,187,118657,3874,127469,477800
877,167,186,118490,3855,127655,482900
878,200,197,118290,3858,127852,470800
879,159,169,118131,3848,128021,470900
880,181,201,117950,3828,128222,479600
881,183,174,117767,3837,128396,473900
882,211,198,117556,3850,128594,492600
883,177,178,117379,3849,128772,483300
884,192,199,117187,3842,128971,495800
885,192,202,116995,3832,129173,485800
886,182,168,116813,3846,129341,640200
887,212,165,116601,3893,129506,528000
888,181,205,116420,3869,129711,496400
889,197,192,116223,3874,129903,478000
890,190,166,116033,3898,130069,473200
891,187,188,115846,3897,130257,479400
892,200,183,115646,3914,130440,475300
893,171,193,115475,3892,130633,492500
894,180,209,115295,3863,130842,477400
895,204,203,115091,3864,131045,497400
896,203,196,114888,3871,131241,481000
897,192,188,114696,3875,131429,490600
898,194,199,114502,3870,131628,475400
899,203,206,114299,3867,131834,471400
900,178,212,114121,3833,132046,496600
901,170,181,113951,3822,132227,468900
902,179,194,113772,3807,132421,486700
903,201,210,113571,3798,132631,467600
904,175,213,113396,3760,132844,488900
905,179,197,113217,3742,133041,486300
906,173,185,113044,3730,133226,480400
907,181,196,112863,3715,133422,486700
908,191,173,112672,3733,133595,488400
909,199,172,112473,3760,133767,480100
910,200,188,112273,3772,133955,481400
911,195,178,112078,3789,134133,485700
912,210,184,111868,3815,134317,481600
913,196,186,111672,3825,134503,535000
914,208,197,111464,3836,134700,481400
915,199,197,111265,3838,134897,494300
916,186,158,111079,3866,135055,489000
917,199,178,110880,3887,135233,486700
918,174,191,110706,3870,135424,490500
919,206,195,110500,3881,135619,492800
920,185,222,110315,3844,135841,500800
921,204,215,110111,3833,136056,486100
922,189,195,109922,3827,136251,497200
923,193,186,109729,3834,136437,484700
924,214,185,109515,3863,136622,482200
925,190,181,109325,3872,136803,485700
926,183,202,109142,3853,137005,480200
927,188,209,108954,3832,137214,496900
928,192,224,108762,3800,137438,486500
929,212,177,108550,3835,137615,492200
930,192,205,108358,3822,137820,489500
931,193,189,108165,3826,138009,502300
932,190,189,107975,3827,138198,503100
933,208,194,107767,3841,138392,500900
934,210,189,107557,3862,138581,492700
935,204,167,107353,3899,138748,481200
936,199,197,107154,3901,138945,665300
937,247,205,106907,3943,139150,497900
938,216,192,106691,3967,139342,492300
939,204,198,106487,3973,139540,492500
940,187,187,106300,3973,139727,487800
941,212,201,106088,3984,139928,494900
942,195,184,105893,3995,140112,497000
943,214,214,105679,3995,140326,489300
944,211,181,105468,4025,140507,475500
945,206,185,105262,4046,140692,478000
946,213,202,105049,4057,140894,537900
947,181,182,104868,4056,141076,586100
948,215,191,104653,4080,141267,484600
949,191,219,104462,4052,141486,483200
950,173,221,104289,4004,141707,478800
951,213,205,104076,4012,141912,486800
952,219,195,103857,4036,142107,487000
953,218,215,103639,4039,142322,487700
954,191,216,103448,4014,142538,480600
955,192,179,103256,4027,142717,483100
956,192,212,103064,4007,142929,487300
957,209,205,102855,4011,143134,482600
958,200,205,102655,4006,143339,484000
959,205,206,102450,4005,143545,486300
960,207,203,102243,4009,143748,503300
961,197,192,102046,4014,143940,509600
962,199,195,101847,4018,144135,510400
963,179,190,101668,4007,144325,490100
964,189,199,101479,3997,144524,525100
965,228,185,101251,4040,144709,475000
966,188,206,101063,4022,144915,471500
967,192,206,100871,4008,145121,486400
968,180,190,100691,3998,145311,477500
969,208,185,100483,4021,145496,485400
970,181,227,100302,3975,145723,521100
971,191,189,100111,3977,145912,636500
972,224,185,99887,4016,146097,537300
973,190,189,99697,4017,146286,487500
974,196,230,99501,3983,146516,483400
975,207,204,99294,3986,146720,496200
976,210,203,99084,3993,146923,517000
977,211,198,98873,4006,147121,498500
978,204,230,98669,3980,147351,501600
979,182,211,98487,3951,147562,472100
980,176,207,98311,3920,147769,472900
981,197,179,98114,3938,147948,499700
982,201,206,97913,3933,148154,613400
983,199,207,97714,3925,148361,505300
984,187,189,97527,3923,148550,494100
985,208,178,97319,3953,148728,484300
986,173,198,97146,3928,148926,516200
987,202,222,96944,3908,149148,495200
988,183,204,96761,3887,149352,476800
989,183,202,96578,3868,149554,481900
990,203,204,96375,3867,149758,487200
991,195,189,96180,3873,149947,486700
992,198,177,95982,3894,150124,477600
993,216,178,95766,3932,150302,502600
994,200,202,95566,3930,150504,485400
995,199,170,95367,3959,150674,481600
996,199,228,95168,3930,150902,480100
997,192,175,94976,3947,151077,472200
998,194,225,94782,3916,151302,491200
999,182,205,94600,3893,151507,489000
1000,213,207,94387,3899,151714,497000
1001,192,204,94195,3887,151918,488600
1002,205,190,93990,3902,152108,486200
1003,196,203,93794,3895,152311,475900
1004,214,196,93580,3913,152507,721600
1005,209,203,93371,3919,152710,509900
1006,211,200,93160,3930,152910,490500
1007,226,173,92934,3983,153083,498500
1008,201,175,92733,4009,153258,522700
1009,203,214,92530,3998,153472,489300
1010,199,215,92331,3982,153687,482300
1011,201,177,92130,4006,153864,490000
1012,199,191,91931,4014,154055,494500
1013,178,203,91753,3989,154258,479300
1014,187,196,91566,3980,154454,500500
1015,218,201,91348,3997,154655,508000
1016,221,192,91127,4026,154847,606600
1017,201,231,90926,3996,155078,508300
1018,221,195,90705,4022,155273,508800
1019,192,187,90513,4027,155460,504700
1020,192,207,90321,4012,155667,493800
1021,195,180,90126,4027,155847,499100
1022,181,202,89945,4006,156049,490700
1023,210,213,89735,4003,156262,483700
1024,222,212,89513,4013,156474,474000
1025,217,188,89296,4042,156662,546200
1026,221,220,89075,4043,156882,495000
1027,211,214,88864,4040,157096,506800
1028,218,174,88646,4084,157270,479200
1029,217,204,88429,4097,157474,479400
1030,212,201,88217,4108,157675,478600
1031,205,227,88012,4086,157902,478000
1032,205,211,87807,4080,158113,482100
1033,217,205,87590,4092,158318,483000
1034,211,197,87379,4106,158515,481100
1035,204,228,87175,4082,158743,482100
1036,219,196,86956,4105,158939,481400
1037,227,206,86729,4126,159145,517100
1038,199,203,86530,4122,159348,493200
1039,195,192,86335,4125,159540,524800
1040,189,209,86146,4105,159749,509700
1041,200,217,85946,4088,159966,503100
1042,217,198,85729,4107,160164,484400
1043,222,224,85507,4105,160388,487700
1044,195,195,85312,4105,160583,485700
1045,214,215,85098,4104,160798,502600
1046,216,185,84882,4135,160983,484100
1047,199,201,84683,4133,161184,490000
1048,193,213,84490,4113,161397,520100
1049,204,211,84286,4106,161608,512500
1050,184,223,84102,4067,161831,491200
1051,241,210,83861,4098,162041,504500
1052,192,221,83669,4069,162262,485000
1053,226,183,83443,4112,162445,487600
1054,213,192,83230,4133,162637,480200
1055,206,209,83024,4130,162846,473800
1056,192,208,82832,4114,163054,481000
1057,186,193,82646,4107,163247,474300
1058,205,222,82441,4090,163469,478900
1059,192,188,82249,4094,163657,473700
1060,190,200,82059,4084,163857,508800
1061,208,190,81851,4102,164047,502600
1062,192,205,81659,4089,164252,491600
1063,195,197,81464,4087,164449,477100
1064,182,223,81282,4046,164672,500800
1065,217,179,81065,4084,164851,496000
1066,222,185,80843,4121,165036,530000
1067,193,206,80650,4108,165242,487500
1068,211,179,80439,4140,165421,491500
1069,206,203,80233,4143,165624,473300
1070,195,200,80038,4138,165824,501600
1071,204,181,79834,4161,166005,543000
1072,197,214,79637,4144,166219,529500
1073,202,206,79435,4140,166425,755200
1074,200,189,79235,4151,166614,564000
1075,213,208,79022,4156,166822,507300
1076,195,198,78827,4153,167020,506500
1077,213,216,78614,4150,167236,507500
1078,192,227,78422,4115,167463,513300
1079,223,193,78199,4145,167656,521000
1080,190,212,78009,4123,167868,662200
1081,203,223,77806,4103,168091,515700
1082,210,198,77596,4115,168289,513000
1083,226,182,77370,4159,168471,496200
1084,213,204,77157,4168,168675,515400
1085,205,219,76952,4154,168894,498200
1086,203,215,76749,4142,169109,509400
1087,191,219,76558,4114,169328,500200
1088,211,191,76347,4134,169519,485400
1089,200,211,76147,4123,169730,487300
1090,194,220,75953,4097,169950,477700
1091,195,203,75758,4089,170153,512400
1092,195,194,75563,4090,170347,503900
1093,190,192,75373,4088,170539,492500
1094,184,204,75189,4068,170743,492800
1095,213,202,74976,4079,170945,703600
1096,196,192,74780,4083,171137,506400
1097,205,196,74575,4092,171333,495600
1098,206,224,74369,4074,171557,500600
1099,188,193,74181,4069,171750,508700
1100,199,218,73982,4050,171968,581200
1101,179,196,73803,4033,172164,510000
1102,198,192,73605,4039,172356,501400
1103,216,216,73389,4039,172572,531400
1104,214,192,73175,4061,172764,506800
1105,199,204,72976,4056,172968,510800
1106,220,185,72756,4091,173153,495900
1107,168,220,72588,4039,173373,489400
1108,195,201,72393,4033,173574,484400
1109,191,211,72202,4013,173785,501600
1110,195,203,72007,4005,173988,479000
1111,168,199,71839,3974,174187,507900
1112,202,214,71637,3962,174401,686100
1113,184,182,71453,3964,174583,538100
1114,185,200,71268,3949,174783,510200
1115,194,218,71074,3925,175001,508400
1116,185,207,70889,3903,175208,512100
1117,181,206,70708,3878,175414,515400
1118,190,208,70518,3860,175622,496900
1119,174,167,70344,3867,175789,510500
1120,179,186,70165,3860,175975,499000
1121,190,196,69975,3854,176171,531300
1122,182,208,69793,3828,176379,513700
1123,189,181,69604,3836,176560,519600
1124,193,184,69411,3845,176744,516700
1125,173,197,69238,3821,176941,506900
1126,189,189,69049,3821,177130,511600
1127,180,187,68869,3814,177317,506800
1128,151,208,68718,3757,177525,487000
1129,153,198,68565,3712,177723,512800
1130,184,185,68381,3711,177908,512900
1131,166,193,68215,3684,178101,513500
1132,174,176,68041,3682,178277,509800
1133,200,182,67841,3700,178459,497200
1134,190,174,67651,3716,178633,515700
1135,176,188,67475,3704,178821,512500
1136,168,170,67307,3702,178991,519500
1137,190,186,67117,3706,179177,496400
1138,199,202,66918,3703,179379,503400
1139,190,188,66728,3705,179567,504200
1140,223,177,66505,3751,179744,504800
1141,177,200,66328,3728,179944,509400
1142,190,188,66138,3730,180132,516800
1143,174,195,65964,3709,180327,509400
1144,181,182,65783,3708,180509,672300
1145,197,177,65586,3728,180686,508900
1146,211,199,65375,3740,180885,508900
1147,163,180,65212,3723,181065,497300
1148,188,175,65024,3736,181240,495600
1149,197,183,64827,3750,181423,501400
1150,192,175,64635,3767,181598,494800
1151,190,178,64445,3779,181776,501200
1152,203,174,64242,3808,181950,478600
1153,196,219,64046,3785,182169,489500
1154,199,180,63847,3804,182349,502800
1155,203,200,63644,3807,182549,518600
1156,192,185,63452,3814,182734,587200
1157,194,175,63258,3833,182909,495300
1158,195,187,63063,3841,183096,482100
1159,188,197,62875,3832,183293,502400
1160,171,208,62704,3795,183501,515900
1161,186,216,62518,3765,183717,519600
1162,177,207,62341,3735,183924,496100
1163,177,209,62164,3703,184133,479800
1164,174,187,61990,3690,184320,482600
1165,167,164,61823,3693,184484,479300
1166,185,188,61638,3690,184672,492700
1167,175,188,61463,3677,184860,504800
1168,207,168,61256,3716,185028,484100
1169,199,200,61057,3715,185228,484100
1170,179,201,60878,3693,185429,490900
1171,190,204,60688,3679,185633,481500
1172,180,178,60508,3681,185811,494700
1173,183,195,60325,3669,186006,491900
1174,173,173,60152,3669,186179,473100
1175,195,217,59957,3647,186396,498900
1176,206,184,59751,3669,186580,504600
1177,171,188,59580,3652,186768,510100
1178,176,189,59404,3639,186957,507500
1179,181,182,59223,3638,187139,508300
1180,182,164,59041,3656,187303,504100
1181,176,174,58865,3658,187477,479700
1182,176,171,58689,3663,187648,494900
1183,185,191,58504,3657,187839,479900
1184,166,187,58338,3636,188026,507300
1185,182,164,58156,3654,188190,494000
1186,178,183,57978,3649,188373,500000
1187,145,182,57833,3612,188555,475500
1188,175,177,57658,3610,188732,554100
1189,160,174,57498,3596,188906,487400
1190,155,180,57343,3571,189086,511800
1191,169,177,57174,3563,189263,475800
1192,184,188,56990,3559,189451,474300
1193,163,195,56827,3527,189646,479900
1194,161,185,56666,3503,189831,472900
1195,166,176,56500,3493,190007,546000
1196,150,180,56350,3463,190187,502000
1197,161,145,56189,3479,190332,496500
1198,139,151,56050,3467,190483,490300
1199,173,177,55877,3463,190660,512100
1200,166,165,55711,3464,190825,513000
1201,164,175,55547,3453,191000,498000
1202,160,168,55387,3445,191168,482500
1203,169,163,55218,3451,191331,497600
1204,151,193,55067,3409,191524,483800
1205,151,170,54916,3390,191694,468100
1206,157,174,54759,3373,191868,485600
1207,167,176,54592,3364,192044,481100
1208,155,150,54437,3369,192194,470500
1209,162,161,54275,3370,192355,468400
1210,166,169,54109,3367,192524,482300
1211,165,174,53944,3358,192698,497900
1212,182,186,53762,3354,192884,476100
1213,176,141,53586,3389,193025,489300
1214,182,152,53404,3419,193177,470300
1215,157,172,53247,3404,193349,506300
1216,162,179,53085,3387,193528,496500
1217,166,154,52919,3399,193682,490200
1218,178,157,52741,3420,193839,491000
1219,196,155,52545,3461,193994,484900
1220,170,172,52375,3459,194166,477500
1221,182,194,52193,3447,194360,512900
1222,160,151,52033,3456,194511,500400
1223,187,165,51846,3478,194676,506000
1224,184,196,51662,3466,194872,493200
1225,181,175,51481,3472,195047,483400
1226,162,178,51319,3456,195225,575800
1227,167,194,51152,3429,195419,473300
1228,198,195,50954,3432,195614,487600
1229,169,169,50785,3432,195783,513200
1230,174,165,50611,3441,195948,497900
1231,177,194,50434,3424,196142,477700
1232,177,179,50257,3422,196321,482900
1233,175,163,50082,3434,196484,494900
1234,179,175,49903,3438,196659,491200
1235,155,177,49748,3416,196836,492100
1236,177,149,49571,3444,196985,492500
1237,188,163,49383,3469,197148,476400
1238,162,163,49221,3468,197311,498200
1239,198,181,49023,3485,197492,489700
1240,181,171,48842,3495,197663,496500
1241,189,168,48653,3516,197831,493300
1242,174,185,48479,3505,198016,484800
1243,179,154,48300,3530,198170,474000
1244,172,185,48128,3517,198355,493200
1245,148,169,47980,3496,198524,493600
1246,179,157,47801,3518,198681,506500
1247,185,165,47616,3538,198846,482500
1248,177,200,47439,3515,199046,494000
1249,187,176,47252,3526,199222,493600
1250,167,178,47085,3515,199400,492700
1251,173,166,46912,3522,199566,518300
1252,176,183,46736,3515,199749,601000
1253,162,187,46574,3490,199936,490400
1254,192,183,46382,3499,200119,485600
1255,167,183,46215,3483,200302,502000
1256,150,169,46065,3464,200471,497900
1257,181,193,45884,3452,200664,484000
1258,161,174,45723,3439,200838,478700
1259,162,181,45561,3420,201019,483000
1260,154,169,45407,3405,201188,487400
1261,170,192,45237,3383,201380,473700
1262,158,167,45079,3374,201547,471500
1263,150,169,44929,3355,201716,485800
1264,194,161,44735,3388,201877,482800
1265,166,161,44569,3393,202038,469400
1266,156,189,44413,3360,202227,469300
1267,140,161,44273,3339,202388,467400
1268,179,162,44094,3356,202550,472000
1269,171,140,43923,3387,202690,469600
1270,161,174,43762,3374,202864,471300
1271,176,175,43586,3375,203039,470200
1272,168,198,43418,3345,203237,473400
1273,172,168,43246,3349,203405,479800
1274,136,170,43110,3315,203575,479600
1275,142,167,42968,3290,203742,483800
1276,157,145,42811,3302,203887,489200
1277,156,152,42655,3306,204039,494500
1278,160,157,42495,3309,204196,472900
1279,133,184,42362,3258,204380,488800
1280,131,170,42231,3219,204550,485000
1281,163,138,42068,3244,204688,474000
1282,145,159,41923,3230,204847,482000
1283,133,156,41790,3207,205003,471900
1284,153,159,41637,3201,205162,513500
1285,169,167,41468,3203,205329,501700
1286,146,143,41322,3206,205472,487600
1287,138,157,41184,3187,205629,481900
1288,162,176,41022,3173,205805,499200
1289,137,154,40885,3156,205959,485000
1290,153,161,40732,3148,206120,471600
1291,129,117,40603,3160,206237,471900
1292,158,166,40445,3152,206403,476300
1293,130,150,40315,3132,206553,471300
1294,143,153,40172,3122,206706,470900
1295,145,155,40027,3112,206861,476700
1296,137,150,39890,3099,207011,486900
1297,183,184,39707,3098,207195,496200
1298,141,142,39566,3097,207337,480700
1299,145,124,39421,3118,207461,497500
1300,126,154,39295,3090,207615,472200
1301,145,162,39150,3073,207777,480500
1302,136,163,39014,3046,207940,487000
1303,145,144,38869,3047,208084,488500
1304,141,162,38728,3026,208246,469100
1305,137,193,38591,2970,208439,466400
1306,126,167,38465,2929,208606,489400
1307,136,136,38329,2929,208742,485600
1308,152,157,38177,2924,208899,469100
1309,132,142,38045,2914,209041,463600
1310,150,150,37895,2914,209191,470800
1311,154,157,37741,2911,209348,487500
1312,152,152,37589,2911,209500,462700
1313,130,129,37459,2912,209629,461500
1314,138,151,37321,2899,209780,482000
1315,126,144,37195,2881,209924,470400
1316,142,176,37053,2847,210100,487800
1317,136,148,36917,2835,210248,475200
1318,144,135,36773,2844,210383,483800
1319,145,136,36628,2853,210519,485000
1320,114,115,36514,2852,210634,482400
1321,120,134,36394,2838,210768,477800
1322,142,139,36252,2841,210907,479300
1323,123,159,36129,2805,211066,501400
1324,116,134,36013,2787,211200,477800
1325,135,128,35878,2794,211328,483700
1326,134,149,35744,2779,211477,487200
1327,131,138,35613,2772,211615,480700
1328,134,134,35479,2772,211749,481000
1329,130,133,35349,2769,211882,481800
1330,127,142,35222,2754,212024,482200
1331,111,128,35111,2737,212152,570700
1332,143,140,34968,2740,212292,554800
1333,136,134,34832,2742,212426,492500
1334,158,131,34674,2769,212557,774500
1335,146,136,34528,2779,212693,519300
1336,151,124,34377,2806,212817,484200
1337,143,132,34234,2817,212949,492800
1338,136,164,34098,2789,213113,475400
1339,147,139,33951,2797,213252,467300
1340,137,155,33814,2779,213407,478200
1341,131,135,33683,2775,213542,484600
1342,151,123,33532,2803,213665,471800
1343,141,153,33391,2791,213818,490600
1344,116,140,33275,2767,213958,479900
1345,123,127,33152,2763,214085,507100
1346,128,150,33024,2741,214235,503100
1347,119,137,32905,2723,214372,484600
1348,119,154,32786,2688,214526,492900
1349,112,133,32674,2667,214659,476900
1350,131,122,32543,2676,214781,487500
1351,118,145,32425,2649,214926,474000
1352,113,139,32312,2623,215065,488400
1353,110,127,32202,2606,215192,475600
1354,128,128,32074,2606,215320,484000
1355,119,136,31955,2589,215456,476200
1356,116,116,31839,2589,215572,485700
1357,128,126,31711,2591,215698,479000
1358,129,124,31582,2596,215822,486300
1359,133,132,31449,2597,215954,480300
1360,111,120,31338,2588,216074,477800
1361,97,135,31241,2550,216209,577600
1362,128,128,31113,2550,216337,478800
1363,109,111,31004,2548,216448,483600
1364,98,126,30906,2520,216574,472000
1365,111,129,30795,2502,216703,476400
1366,103,132,30692,2473,216835,476600
1367,104,131,30588,2446,216966,481400
1368,108,107,30480,2447,217073,472000
1369,103,122,30377,2428,217195,474400
1370,107,116,30270,2419,217311,482200
1371,116,127,30154,2408,217438,475400
1372,116,110,30038,2414,217548,475100
1373,97,116,29941,2395,217664,484400
1374,96,121,29845,2370,217785,476800
1375,103,135,29742,2338,217920,476300
1376,100,130,29642,2308,218050,477400
1377,101,118,29541,2291,218168,498100
1378,108,115,29433,2284,218283,487900
1379,102,117,29331,2269,218400,480500
1380,118,110,29213,2277,218510,476300
1381,108,118,29105,2267,218628,473000
1382,78,116,29027,2229,218744,476800
1383,115,97,28912,2247,218841,470300
1384,114,103,28798,2258,218944,474100
1385,114,123,28684,2249,219067,475500
1386,110,105,28574,2254,219172,474400
1387,110,115,28464,2249,219287,473200
1388,133,104,28331,2278,219391,471600
1389,134,98,28197,2314,219489,475000
1390,108,100,28089,2322,219589,478900
1391,114,127,27975,2309,219716,472600
1392,132,122,27843,2319,219838,485100
1393,111,111,27732,2319,219949,467000
1394,84,104,27648,2299,220053,479300
1395,94,123,27554,2270,220176,469500
1396,104,122,27450,2252,220298,476300
1397,116,111,27334,2257,220409,478600
1398,112,110,27222,2259,220519,477900
1399,92,112,27130,2239,220631,478200
1400,113,120,27017,2232,220751,471500
1401,140,127,26877,2245,220878,476800
1402,116,94,26761,2267,220972,481700
1403,107,110,26654,2264,221082,481000
1404,95,113,26559,2246,221195,487000
1405,108,119,26451,2235,221314,473600
1406,112,111,26339,2236,221425,474600
1407,123,102,26216,2257,221527,484200
1408,101,103,26115,2255,221630,482000
1409,93,120,26022,2228,221750,476300
1410,103,103,25919,2228,221853,482100
1411,98,113,25821,2213,221966,475000
1412,102,102,25719,2213,222068,473900
1413,104,122,25615,2195,222190,479000
1414,107,104,25508,2198,222294,465900
1415,86,112,25422,2172,222406,479000
1416,88,110,25334,2150,222516,468900
1417,107,93,25227,2164,222609,473500
1418,100,116,25127,2148,222725,476300
1419,102,102,25025,2148,222827,476600
1420,93,107,24932,2134,222934,478300
1421,89,108,24843,2115,223042,474000
1422,96,111,24747,2100,223153,472700
1423,86,106,24661,2080,223259,471200
1424,87,124,24574,2043,223383,479300
1425,76,112,24498,2007,223495,468000
1426,93,99,24405,2001,223594,472700
1427,84,86,24321,1999,223680,468800
1428,88,95,24233,1992,223775,468200
1429,81,106,24152,1967,223881,468300
1430,90,105,24062,1952,223986,467400
1431,92,103,23970,1941,224089,468700
1432,85,91,23885,1935,224180,563800
1433,98,101,23787,1932,224281,537500
1434,74,95,23713,1911,224376,614600
1435,80,90,23633,1901,224466,502300
1436,91,91,23542,1901,224557,532600
1437,81,101,23461,1881,224658,491500
1438,85,94,23376,1872,224752,498300
1439,90,91,23286,1871,224843,489200
1440,96,83,23190,1884,224926,495400
1441,91,93,23099,1882,225019,499100
1442,84,74,23015,1892,225093,487700
1443,90,87,22925,1895,225180,483800
1444,79,88,22846,1886,225268,480100
1445,102,99,22744,1889,225367,503800
1446,91,88,22653,1892,225455,479000
1447,74,91,22579,1875,225546,482200
1448,85,91,22494,1869,225637,485900
1449,76,91,22418,1854,225728,483300
1450,78,93,22340,1839,225821,491700
1451,89,88,22251,1840,225909,481300
1452,77,93,22174,1824,226002,473500
1453,87,91,22087,1820,226093,476000
1454,87,87,22000,1820,226180,479200
1455,80,94,21920,1806,226274,477700
1456,84,81,21836,1809,226355,475000
1457,71,99,21765,1781,226454,470700
1458,82,70,21683,1793,226524,471600
1459,88,108,21595,1773,226632,583600
1460,88,72,21507,1789,226704,489500
1461,86,93,21421,1782,226797,485200
1462,81,94,21340,1769,226891,469600
1463,76,81,21264,1764,226972,464800
1464,63,89,21201,1738,227061,456400
1465,75,84,21126,1729,227145,479800
1466,78,92,21048,1715,227237,501400
1467,72,80,20976,1707,227317,510000
1468,75,86,20901,1696,227403,471600
1469,83,88,20818,1691,227491,480500
1470,68,88,20750,1671,227579,478700
1471,72,87,20678,1656,227666,475100
1472,75,82,20603,1649,227748,498600
1473,76,79,20527,1646,227827,532200
1474,82,97,20445,1631,227924,485900
1475,85,78,20360,1638,228002,471500
1476,77,89,20283,1626,228091,460200
1477,86,83,20197,1629,228174,461400
1478,69,107,20128,1591,228281,461100
1479,72,83,20056,1580,228364,457100
1480,69,92,19987,1557,228456,471200
1481,67,76,19920,1548,228532,475600
1482,59,83,19861,1524,228615,460600
1483,70,75,19791,1519,228690,473500
1484,57,75,19734,1501,228765,468000
1485,62,52,19672,1511,228817,463200
1486,73,85,19599,1499,228902,460000
1487,61,74,19538,1486,228976,472600
1488,70,70,19468,1486,229046,474200
1489,72,72,19396,1486,229118,471300
1490,80,70,19316,1496,229188,467500
1491,53,63,19263,1486,229251,469700
1492,61,79,19202,1468,229330,475500
1493,66,77,19136,1457,229407,477200
1494,62,64,19074,1455,229471,468000
1495,65,78,19009,1442,229549,465900
1496,78,62,18931,1458,229611,482900
1497,62,69,18869,1451,229680,484300
1498,61,80,18808,1432,229760,473700
1499,64,76,18744,1420,229836,473400
1500,54,70,18690,1404,229906,458300
1501,70,59,18620,1415,229965,467400
1502,75,72,18545,1418,230037,481700
1503,74,79,18471,1413,230116,475300
1504,68,72,18403,1409,230188,463200
1505,59,58,18344,1410,230246,515100
1506,68,67,18276,1411,230313,479000
1507,70,71,18206,1410,230384,479400
1508,71,69,18135,1412,230453,469800
1509,69,65,18066,1416,230518,471600
1510,67,61,17999,1422,230579,465300
1511,60,74,17939,1408,230653,457400
1512,68,81,17871,1395,230734,451500
1513,71,73,17800,1393,230807,457800
1514,58,74,17742,1377,230881,458700
1515,61,89,17681,1349,230970,466900
1516,62,61,17619,1350,231031,467600
1517,56,66,17563,1340,231097,470400
1518,62,70,17501,1332,231167,476300
1519,57,72,17444,1317,231239,469700
1520,65,69,17379,1313,231308,464600
1521,64,61,17315,1316,231369,473300
1522,44,59,17271,1301,231428,467900
1523,58,58,17213,1301,231486,469300
1524,67,77,17146,1291,231563,456500
1525,64,77,17082,1278,231640,465000
1526,58,58,17024,1278,231698,458600
1527,64,64,16960,1278,231762,473100
1528,52,58,16908,1272,231820,470700
1529,61,65,16847,1268,231885,468700
1530,55,67,16792,1256,231952,458000
1531,66,78,16726,1244,232030,463900
1532,62,61,16664,1245,232091,451500
1533,53,71,16611,1227,232162,459900
1534,63,63,16548,1227,232225,459000
1535,53,67,16495,1213,232292,466600
1536,66,63,16429,1216,232355,462900
1537,55,61,16374,1210,232416,468800
1538,56,69,16318,1197,232485,493000
1539,57,62,16261,1192,232547,476300
1540,67,60,16194,1199,232607,473100
1541,62,71,16132,1190,232678,468900
1542,59,52,16073,1197,232730,468800
1543,55,66,16018,1186,232796,462500
1544,57,64,15961,1179,232860,464100
1545,57,66,15904,1170,232926,455100
1546,68,49,15836,1189,232975,466400
1547,74,62,15762,1201,233037,474700
1548,62,68,15700,1195,233105,470700
1549,64,71,15636,1188,233176,470900
1550,55,56,15581,1187,233232,464200
1551,58,56,15523,1189,233288,457500
1552,58,58,15465,1189,233346,465000
1553,57,51,15408,1195,233397,456400
1554,58,41,15350,1212,233438,465200
1555,60,66,15290,1206,233504,469100
1556,51,56,15239,1201,233560,464000
1557,53,69,15186,1185,233629,466400
1558,47,60,15139,1172,233689,469300
1559,41,59,15098,1154,233748,467300
1560,55,51,15043,1158,233799,494800
1561,58,60,14985,1156,233859,467300
1562,53,51,14932,1158,233910,465400
1563,61,57,14871,1162,233967,467000
1564,56,53,14815,1165,234020,466200
1565,60,50,14755,1175,234070,466100
1566,52,53,14703,1174,234123,471100
1567,45,57,14658,1162,234180,466300
1568,64,53,14594,1173,234233,461000
1569,52,65,14542,1160,234298,540100
1570,58,60,14484,1158,234358,484800
1571,48,75,14436,1131,234433,469800
1572,59,71,14377,1119,234504,469400
1573,58,65,14319,1112,234569,455200
1574,58,57,14261,1113,234626,457300
1575,62,52,14199,1123,234678,465000
1576,52,55,14147,1120,234733,466200
1577,65,47,14082,1138,234780,449800
1578,60,57,14022,1141,234837,456900
1579,54,49,13968,1146,234886,460500
1580,56,66,13912,1136,234952,466000
1581,63,65,13849,1134,235017,465600
1582,53,53,13796,1134,235070,451200
1583,60,60,13736,1134,235130,464600
1584,56,58,13680,1132,235188,464400
1585,46,57,13634,1121,235245,464400
1586,46,47,13588,1120,235292,462700
1587,46,50,13542,1116,235342,469700
1588,48,59,13494,1105,235401,481500
1589,60,47,13434,1118,235448,467000
1590,70,44,13364,1144,235492,466100
1591,59,68,13305,1135,235560,480400
1592,56,54,13249,1137,235614,464600
1593,71,61,13178,1147,235675,468500
1594,59,69,13119,1137,235744,454700
1595,55,71,13064,1121,235815,461400
1596,49,53,13015,1117,235868,461400
1597,53,51,12962,1119,235919,465200
1598,56,53,12906,1122,235972,464900
1599,52,51,12854,1123,236023,467500
1600,53,59,12801,1117,236082,458900
1601,47,67,12754,1097,236149,499400
1602,46,58,12708,1085,236207,503100
1603,58,54,12650,1089,236261,477000
1604,66,59,12584,1096,236320,471700
1605,41,56,12543,1081,236376,464100
1606,60,51,12483,1090,236427,460700
1607,60,42,12423,1108,236469,457400
1608,44,53,12379,1099,236522,472300
1609,55,48,12324,1106,236570,454700
1610,54,65,12270,1095,236635,458400
1611,53,44,12217,1104,236679,462300
1612,63,64,12154,1103,236743,465600
1613,33,47,12121,1089,236790,457400
1614,50,45,12071,1094,236835,448500
1615,58,63,12013,1089,236898,463300
1616,49,59,11964,1079,236957,459300
1617,41,55,11923,1065,237012,457900
1618,41,47,11882,1059,237059,456400
1619,36,53,11846,1042,237112,452700
1620,43,58,11803,1027,237170,458900
1621,48,49,11755,1026,237219,465800
1622,43,38,11712,1031,237257,464400
1623,47,56,11665,1022,237313,468100
1624,39,45,11626,1016,237358,461700
1625,49,45,11577,1020,237403,461400
1626,52,47,11525,1025,237450,458600
1627,56,57,11469,1024,237507,453900
1628,36,54,11433,1006,237561,466500
1629,45,40,11388,1011,237601,465400
1630,49,62,11339,998,237663,467400
1631,44,62,11295,980,237725,465400
1632,44,36,11251,988,237761,469000
1633,47,41,11204,994,237802,466400
1634,39,60,11165,973,237862,469100
1635,49,42,11116,980,237904,606200
1636,43,27,11073,996,237931,485100
1637,43,43,11030,996,237974,472600
1638,51,50,10979,997,238024,466000
1639,39,47,10940,989,238071,453600
1640,48,39,10892,998,238110,466800
1641,41,45,10851,994,238155,454700
1642,47,49,10804,992,238204,458000
1643,31,53,10773,970,238257,450200
1644,45,48,10728,967,238305,464900
1645,38,55,10690,950,238360,457600
1646,50,43,10640,957,238403,466500
1647,42,57,10598,942,238460,458200
1648,40,48,10558,934,238508,463600
1649,37,48,10521,923,238556,464100
1650,36,41,10485,918,238597,454700
1651,40,50,10445,908,238647,469900
1652,49,55,10396,902,238702,466400
1653,38,37,10358,903,238739,467300
1654,32,59,10326,876,238798,467800
1655,30,43,10296,863,238841,461100
1656,32,35,10264,860,238876,477900
1657,26,46,10238,840,238922,463800
1658,37,44,10201,833,238966,448600
1659,35,33,10166,835,238999,455200
1660,42,43,10124,834,239042,456900
1661,32,41,10092,825,239083,464000
1662,41,44,10051,822,239127,467300
1663,45,41,10006,826,239168,474300
1664,32,42,9974,816,239210,464500
1665,35,30,9939,821,239240,454400
1666,51,54,9888,818,239294,465000
1667,40,38,9848,820,239332,466300
1668,38,38,9810,820,239370,512100
1669,45,46,9765,819,239416,503300
1670,31,47,9734,803,239463,480000
1671,33,37,9701,799,239500,463600
1672,45,34,9656,810,239534,468900
1673,37,47,9619,800,239581,462200
1674,34,48,9585,786,239629,474000
1675,40,43,9545,783,239672,462100
1676,36,35,9509,784,239707,461700
1677,37,34,9472,787,239741,462600
1678,39,35,9433,791,239776,462300
1679,38,33,9395,796,239809,460700
1680,31,45,9364,782,239854,461200
1681,28,41,9336,769,239895,466700
1682,35,19,9301,785,239914,462800
1683,32,34,9269,783,239948,484700
1684,27,47,9242,763,239995,463100
1685,45,38,9197,770,240033,463400
1686,39,39,9158,770,240072,470400
1687,47,42,9111,775,240114,483100
1688,34,30,9077,779,240144,463200
1689,48,34,9029,793,240178,462300
1690,36,37,8993,792,240215,463300
1691,33,46,8960,779,240261,461400
1692,39,32,8921,786,240293,459800
1693,35,39,8886,782,240332,478400
1694,27,39,8859,770,240371,463500
1695,38,32,8821,776,240403,461100
1696,33,29,8788,780,240432,466100
1697,34,46,8754,768,240478,484200
1698,30,42,8724,756,240520,477700
1699,26,32,8698,750,240552,474400
1700,34,26,8664,758,240578,480800
1701,26,37,8638,747,240615,481700
1702,32,32,8606,747,240647,470700
1703,35,24,8571,758,240671,540400
1704,38,53,8533,743,240724,479000
1705,28,44,8505,727,240768,484900
1706,37,33,8468,731,240801,461200
1707,26,36,8442,721,240837,466000
1708,37,33,8405,725,240870,479300
1709,25,38,8380,712,240908,462400
1710,20,40,8360,692,240948,463600
1711,23,36,8337,679,240984,466700
1712,23,40,8314,662,241024,463900
1713,23,27,8291,658,241051,460700
1714,21,40,8270,639,241091,464500
1715,20,43,8250,616,241134,457100
1716,25,30,8225,611,241164,467700
1717,27,30,8198,608,241194,468000
1718,21,23,8177,606,241217,482900
1719,26,23,8151,609,241240,478200
1720,22,28,8129,603,241268,470200
1721,26,33,8103,596,241301,489400
1722,19,26,8084,589,241327,464700
1723,19,37,8065,571,241364,472400
1724,16,34,8049,553,241398,470800
1725,19,24,8030,548,241422,473800
1726,29,24,8001,553,241446,463900
1727,24,39,7977,538,241485,461800
1728,21,28,7956,531,241513,458100
1729,22,9,7934,544,241522,469600
1730,23,27,7911,540,241549,471300
1731,23,27,7888,536,241576,456700
1732,35,25,7853,546,241601,458800
1733,34,19,7819,561,241620,460900
1734,28,16,7791,573,241636,459700
1735,36,19,7755,590,241655,496300
1736,32,33,7723,589,241688,468000
1737,27,36,7696,580,241724,480000
1738,20,25,7676,575,241749,450000
1739,28,14,7648,589,241763,462000
1740,32,33,7616,588,241796,455200
1741,35,26,7581,597,241822,453900
1742,35,30,7546,602,241852,466700
1743,29,26,7517,605,241878,449500
1744,27,21,7490,611,241899,459900
1745,36,22,7454,625,241921,462300
1746,35,29,7419,631,241950,449700
1747,36,34,7383,633,241984,462100
1748,33,31,7350,635,242015,464600
1749,25,32,7325,628,242047,483200
1750,29,29,7296,628,242076,514100
1751,27,36,7269,619,242112,467600
1752,22,36,7247,605,242148,471500
1753,22,29,7225,598,242177,469900
1754,24,26,7201,596,242203,454000
1755,23,23,7178,596,242226,475600
1756,28,24,7150,600,242250,462400
1757,32,26,7118,606,242276,448600
1758,32,25,7086,613,242301,456700
1759,32,28,7054,617,242329,450300
1760,37,42,7017,612,242371,467000
1761,20,31,6997,601,242402,461200
1762,28,32,6969,597,242434,465200
1763,32,34,6937,595,242468,471300
1764,35,27,6902,603,242495,467800
1765,21,24,6881,600,242519,464900
1766,25,38,6856,587,242557,461400
1767,20,28,6836,579,242585,462600
1768,21,38,6815,562,242623,510300
1769,24,20,6791,566,242643,470900
1770,19,27,6772,558,242670,473500
1771,22,39,6750,541,242709,466600
1772,22,22,6728,541,242731,468200
1773,23,34,6705,530,242765,463700
1774,20,30,6685,520,242795,456100
1775,25,23,6660,522,242818,464600
1776,31,26,6629,527,242844,490900
1777,18,23,6611,522,242867,463700
1778,19,27,6592,514,242894,464500
1779,25,23,6567,516,242917,462000
1780,22,24,6545,514,242941,464800
1781,23,31,6522,506,242972,489500
1782,17,28,6505,495,243000,463800
1783,16,19,6489,492,243019,462600
1784,20,21,6469,491,243040,446500
1785,17,19,6452,489,243059,466100
1786,23,21,6429,491,243080,462000
1787,12,31,6417,472,243111,453600
1788,13,27,6404,458,243138,463400
1789,22,27,6382,453,243165,460500
1790,18,30,6364,441,243195,460200
1791,19,19,6345,441,243214,460900
1792,15,19,6330,437,243233,447500
1793,21,20,6309,438,243253,463800
1794,24,27,6285,435,243280,466200
1795,27,15,6258,447,243295,464600
1796,26,25,6232,448,243320,447600
1797,20,25,6212,443,243345,472700
1798,21,25,6191,439,243370,462500
1799,23,18,6168,444,243388,456300
1800,17,18,6151,443,243406,461000
1801,23,21,6128,445,243427,476500
1802,13,30,6115,428,243457,476000
1803,13,17,6102,424,243474,467000
1804,13,15,6089,422,243489,473300
1805,18,18,6071,422,243507,469200
1806,18,21,6053,419,243528,480700
1807,25,21,6028,423,243549,479800
1808,24,25,6004,422,243574,481000
1809,14,23,5990,413,243597,464300
1810,29,18,5961,424,243615,453400
1811,11,23,5950,412,243638,448400
1812,15,20,5935,407,243658,448400
1813,12,24,5923,395,243682,458600
1814,17,21,5906,391,243703,461100
1815,14,19,5892,386,243722,465000
1816,19,19,5873,386,243741,445200
1817,18,18,5855,386,243759,459500
1818,16,24,5839,378,243783,443000
1819,19,23,5820,374,243806,462800
1820,22,20,5798,376,243826,451400
1821,18,17,5780,377,243843,461800
1822,23,16,5757,384,243859,444000
1823,20,26,5737,378,243885,458200
1824,21,24,5716,375,243909,453000
1825,18,17,5698,376,243926,446000
1826,22,22,5676,376,243948,459400
1827,18,24,5658,370,243972,461600
1828,16,16,5642,370,243988,444900
1829,15,25,5627,360,244013,444000
1830,11,15,5616,356,244028,461000
1831,11,17,5605,350,244045,459100
1832,14,20,5591,344,244065,461400
1833,10,19,5581,335,244084,544400
1834,14,16,5567,333,244100,465300
1835,20,21,5547,332,244121,469000
1836,17,12,5530,337,244133,474400
1837,17,18,5513,336,244151,461900
1838,9,15,5504,330,244166,463900
1839,12,20,5492,322,244186,459200
1840,24,19,5468,327,244205,458800
1841,20,9,5448,338,244214,461600
1842,7,17,5441,328,244231,465200
1843,18,13,5423,333,244244,465400
1844,16,18,5407,331,244262,459300
1845,16,8,5391,339,244270,462300
1846,15,14,5376,340,244284,463900
1847,12,13,5364,339,244297,478700
1848,19,15,5345,343,244312,464900
1849,18,17,5327,344,244329,465900
1850,12,15,5315,341,244344,458000
1851,18,17,5297,342,244361,460500
1852,11,18,5286,335,244379,464300
1853,10,21,5276,324,244400,457400
1854,18,13,5258,329,244413,461100
1855,16,13,5242,332,244426,466800
1856,21,16,5221,337,244442,459600
1857,14,16,5207,335,244458,455400
1858,16,25,5191,326,244483,447100
1859,11,18,5180,319,244501,446400
1860,10,11,5170,318,244512,461100
1861,15,21,5155,312,244533,462700
1862,14,11,5141,315,244544,468500
1863,13,13,5128,315,244557,459400
1864,15,14,5113,316,244571,449100
1865,13,13,5100,316,244584,465700
1866,14,18,5086,312,244602,462500
1867,15,10,5071,317,244612,464400
1868,15,20,5056,312,244632,461700
1869,14,10,5042,316,244642,465100
1870,11,17,5031,310,244659,450600
1871,17,13,5014,314,244672,460900
1872,10,10,5004,314,244682,456100
1873,10,11,4994,313,244693,464500
1874,10,23,4984,300,244716,451800
1875,12,22,4972,290,244738,460400
1876,11,18,4961,283,244756,539200
1877,5,12,4956,276,244768,449100
1878,10,17,4946,269,244785,459400
1879,13,16,4933,266,244801,448200
1880,9,18,4924,257,244819,444100
1881,11,17,4913,251,244836,459100
1882,9,15,4904,245,244851,446000
1883,9,15,4895,239,244866,512500
1884,8,12,4887,235,244878,537500
1885,9,14,4878,230,244892,456100
1886,12,4,4866,238,244896,456400
1887,6,7,4860,237,244903,445500
1888,10,9,4850,238,244912,446700
1889,11,17,4839,232,244929,446400
1890,11,14,4828,229,244943,461800
1891,9,11,4819,227,244954,473000
1892,9,11,4810,225,244965,461200
1893,12,12,4798,225,244977,460400
1894,10,18,4788,217,244995,475300
1895,10,12,4778,215,245007,606400
1896,6,14,4772,207,245021,464100
1897,7,11,4765,203,245032,458000
1898,10,11,4755,202,245043,460000
1899,8,14,4747,196,245057,456700
1900,11,8,4736,199,245065,488900
1901,11,10,4725,200,245075,464800
1902,9,7,4716,202,245082,466200
1903,11,10,4705,203,245092,447500
1904,13,7,4692,209,245099,534900
1905,17,9,4675,217,245108,468200
1906,11,12,4664,216,245120,449700
1907,14,9,4650,221,245129,461800
1908,13,6,4637,228,245135,457900
1909,13,15,4624,226,245150,523800
1910,13,13,4611,226,245163,460200
1911,15,11,4596,230,245174,468600
1912,11,11,4585,230,245185,468300
1913,9,11,4576,228,245196,466300
1914,8,11,4568,225,245207,456600
1915,18,10,4550,233,245217,447300
1916,8,12,4542,229,245229,443400
1917,11,10,4531,230,245239,458900
1918,13,15,4518,228,245254,444500
1919,4,12,4514,220,245266,461000
1920,8,11,4506,217,245277,446800
1921,9,9,4497,217,245286,461800
1922,7,11,4490,213,245297,459000
1923,9,9,4481,213,245306,459700
1924,6,9,4475,210,245315,457200
1925,9,11,4466,208,245326,460400
1926,9,10,4457,207,245336,461800
1927,8,15,4449,200,245351,448800
1928,12,15,4437,197,245366,463700
1929,6,18,4431,185,245384,458500
1930,4,9,4427,180,245393,460700
1931,7,11,4420,176,245404,445200
1932,5,11,4415,170,245415,464800
1933,5,10,4410,165,245425,464900
1934,5,6,4405,164,245431,484000
1935,6,9,4399,161,245440,507100
1936,2,3,4397,160,245443,477300
1937,5,9,4392,156,245452,463700
1938,5,7,4387,154,245459,453400
1939,2,7,4385,149,245466,447400
1940,6,9,4379,146,245475,450000
1941,4,6,4375,144,245481,449300
1942,5,11,4370,138,245492,448700
1943,5,4,4365,139,245496,460300
1944,4,12,4361,131,245508,451500
1945,5,7,4356,129,245515,495100
1946,4,6,4352,127,245521,538100
1947,8,9,4344,126,245530,456000
1948,7,4,4337,129,245534,452700
1949,6,9,4331,126,245543,445700
1950,3,6,4328,123,245549,444800
1951,3,6,4325,120,245555,443600
1952,4,5,4321,119,245560,445700
1953,10,4,4311,125,245564,442500
1954,6,9,4305,122,245573,441400
1955,5,6,4300,121,245579,447800
1956,4,3,4296,122,245582,443000
1957,3,7,4293,118,245589,455900
1958,6,5,4287,119,245594,488700
1959,4,4,4283,119,245598,453400
1960,3,8,4280,114,245606,455100
1961,2,6,4278,110,245612,456300
1962,2,2,4276,110,245614,439600
1963,4,9,4272,105,245623,457300
1964,7,4,4265,108,245627,457600
1965,7,6,4258,109,245633,459000
1966,4,11,4254,102,245644,478300
1967,5,5,4249,102,245649,540700
1968,4,2,4245,104,245651,453100
1969,2,4,4243,102,245655,484700
1970,7,5,4236,104,245660,456300
1971,3,4,4233,103,245664,446800
1972,3,5,4230,101,245669,454700
1973,10,5,4220,106,245674,442100
1974,4,4,4216,106,245678,463000
1975,8,9,4208,105,245687,474800
1976,8,5,4200,108,245692,461700
1977,7,4,4193,111,245696,458300
1978,4,6,4189,109,245702,461300
1979,4,11,4185,102,245713,455600
1980,1,5,4184,98,245718,459600
1981,5,6,4179,97,245724,453200
1982,2,4,4177,95,245728,521700
1983,1,9,4176,87,245737,459700
1984,2,7,4174,82,245744,460200
1985,1,4,4173,79,245748,460100
1986,1,4,4172,76,245752,454700
1987,1,5,4171,72,245757,447900
1988,2,1,4169,73,245758,456300
1989,4,1,4165,76,245759,459500
1990,2,4,4163,74,245763,462500
1991,1,7,4162,68,245770,459300
1992,4,5,4158,67,245775,455600
1993,1,3,4157,65,245778,455800
1994,1,2,4156,64,245780,448300
1995,2,2,4154,64,245782,445500
1996,2,6,4152,60,245788,453000
1997,2,3,4150,59,245791,447900
1998,4,4,4146,59,245795,457700
1999,5,5,4141,59,245800,526000
2000,7,4,4134,62,245804,437500
2001,4,4,4130,62,245808,441200
2002,3,3,4127,62,245811,484000
2003,3,6,4124,59,245817,461200
2004,10,5,4114,64,245822,454200
2005,5,5,4109,64,245827,457200
2006,3,5,4106,62,245832,467000
2007,7,2,4099,67,245834,458800
2008,4,7,4095,64,245841,444300
2009,3,3,4092,64,245844,440400
2010,2,2,4090,64,245846,445200
2011,5,2,4085,67,245848,453100
2012,2,6,4083,63,245854,456600
2013,3,3,4080,63,245857,455200
2014,3,4,4077,62,245861,456800
2015,3,4,4074,61,245865,452600
2016,2,5,4072,58,245870,457500
2017,5,3,4067,60,245873,449300
2018,3,3,4064,60,245876,457800
2019,4,5,4060,59,245881,449200
2020,2,2,4058,59,245883,444600
2021,2,6,4056,55,245889,452900
2022,3,3,4053,55,245892,454800
2023,2,2,4051,55,245894,454300
2024,3,2,4048,56,245896,530600
2025,1,3,4047,54,245899,437600
2026,1,1,4046,54,245900,457200
2027,2,4,4044,52,245904,457800
2028,0,5,4044,47,245909,458300
2029,0,2,4044,45,245911,452200
2030,2,1,4042,46,245912,453400
2031,3,1,4039,48,245913,455500
2032,0,3,4039,45,245916,457100
2033,1,1,4038,45,245917,451100
2034,1,1,4037,45,245918,450200
2035,0,1,4037,44,245919,486100
2036,1,0,4036,45,245919,482900
2037,3,3,4033,45,245922,470000
2038,3,4,4030,44,245926,566400
2039,2,1,4028,45,245927,454800
2040,2,3,4026,44,245930,479300
2041,2,3,4024,43,245933,448000
2042,4,3,4020,44,245936,450900
2043,0,1,4020,43,245937,440000
2044,3,2,4017,44,245939,454300
2045,1,2,4016,43,245941,453300
2046,1,3,4015,41,245944,453200
2047,1,3,4014,39,245947,450700
2048,3,4,4011,38,245951,449000
2049,0,4,4011,34,245955,450900
2050,0,1,4011,33,245956,449800
2051,0,0,4011,33,245956,458300
2052,0,1,4011,32,245957,454300
2053,0,1,4011,31,245958,460100
2054,0,0,4011,31,245958,440100
2055,0,1,4011,30,245959,499600
2056,0,3,4011,27,245962,457100
2057,1,1,4010,27,245963,456300
2058,0,2,4010,25,245965,458900
2059,0,1,4010,24,245966,458700
2060,0,2,4010,22,245968,448300
2061,0,2,4010,20,245970,455000
2062,0,0,4010,20,245970,443100
2063,0,1,4010,19,245971,441500
2064,1,0,4009,20,245971,455400
2065,1,2,4008,19,245973,456000
2066,0,0,4008,19,245973,443000
2067,0,1,4008,18,245974,543900
2068,0,1,4008,17,245975,474500
2069,0,0,4008,17,245975,472700
2070,0,1,4008,16,245976,460500
2071,0,0,4008,16,245976,451800
2072,0,0,4008,16,245976,475700
2073,0,0,4008,16,245976,455900
2074,0,0,4008,16,245976,451400
2075,0,2,4008,14,245978,453400
2076,0,0,4008,14,245978,442700
2077,0,0,4008,14,245978,529700
2078,0,0,4008,14,245978,455500
2079,0,0,4008,14,245978,457600
2080,0,0,4008,14,245978,454900
2081,0,0,4008,14,245978,451600
2082,0,1,4008,13,245979,454800
2083,0,1,4008,12,245980,454700
2084,0,0,4008,12,245980,454900
2085,0,0,4008,12,245980,448200
2086,0,0,4008,12,245980,458100
2087,0,1,4008,11,245981,446500
2088,0,2,4008,9,245983,445600
2089,0,2,4008,7,245985,455100
2090,0,0,4008,7,245985,458500
2091,0,0,4008,7,245985,460000
2092,0,0,4008,7,245985,455200
2093,0,1,4008,6,245986,456600
2094,0,1,4008,5,245987,453100
2095,0,0,4008,5,245987,457200
2096,0,0,4008,5,245987,460500
2097,0,0,4008,5,245987,443500
2098,0,1,4008,4,245988,443900
2099,0,0,4008,4,245988,452300
2100,0,0,4008,4,245988,449000
2101,0,0,4008,4,245988,465600
2102,0,0,4008,4,245988,519000
2103,0,0,4008,4,245988,471800
2104,0,0,4008,4,245988,472000
2105,0,0,4008,4,245988,460500
2106,0,0,4008,4,245988,451100
2107,0,0,4008,4,245988,458500
2108,0,0,4008,4,245988,454200
2109,0,0,4008,4,245988,461800
2110,0,0,4008,4,245988,461100
2111,0,0,4008,4,245988,436900
2112,0,0,4008,4,245988,453400
2113,0,1,4008,3,245989,452000
2114,0,0,4008,3,245989,454800
2115,0,0,4008,3,245989,450800
2116,0,0,4008,3,245989,458000
2117,0,0,4008,3,245989,453700
2118,0,1,4008,2,245990,458900
2119,0,0,4008,2,245990,453000
2120,0,0,4008,2,245990,461800
2121,0,0,4008,2,245990,476900
2122,0,0,4008,2,245990,452500
2123,0,0,4008,2,245990,459200
2124,0,0,4008,2,245990,457900
2125,0,1,4008,1,245991,456600
2126,0,0,4008,1,245991,458600
2127,0,0,4008,1,245991,450800
2128,0,0,4008,1,245991,454500
2129,0,0,4008,1,245991,452800
2130,0,0,4008,1,245991,460500
2131,0,1,4008,0,245992,461200
