Tick,NewlyInfected,NewlyRecovered,TotalSusceptible,TotalInfected,TotalRecovered,StepTimeNanos
0,1,0,8999994,6,0,34155500
1,3,0,8999991,9,0,37644900
2,2,1,8999989,10,1,24058100
3,1,1,8999988,10,2,25877600
4,3,0,8999985,13,2,22861300
5,3,0,8999982,16,2,22802000
6,2,1,8999980,17,3,23229200
7,1,0,8999979,18,3,26103500
8,6,1,8999973,23,4,22786700
9,4,0,8999969,27,4,23324000
10,9,1,8999960,35,5,27493300
11,9,2,8999951,42,7,23799700
12,10,1,8999941,51,8,22872200
13,7,2,8999934,56,10,26205900
14,9,2,8999925,63,12,23349300
15,8,1,8999917,70,13,28578300
16,12,3,8999905,79,16,24561900
17,10,2,8999895,87,18,23651700
18,9,1,8999886,95,19,25624700
19,11,6,8999875,100,25,23416300
20,15,5,8999860,110,30,23213300
21,16,5,8999844,121,35,23009500
22,9,2,8999835,128,37,23268000
23,10,4,8999825,134,41,22544200
24,15,9,8999810,140,50,22786200
25,9,9,8999801,140,59,22589900
26,12,10,8999789,142,69,22753900
27,15,12,8999774,145,81,27927000
28,16,12,8999758,149,93,22921200
29,12,7,8999746,154,100,22552000
30,9,13,8999737,150,113,23613000
31,16,5,8999721,161,118,23461300
32,11,11,8999710,161,129,23430500
33,15,10,8999695,166,139,24344200
34,15,11,8999680,170,150,23724400
35,9,3,8999671,176,153,23432500
36,13,5,8999658,184,158,23273700
37,16,2,8999642,198,160,23870300
38,23,12,8999619,209,172,24232700
39,16,16,8999603,209,188,25817500
40,17,13,8999586,213,201,23582700
41,20,12,8999566,221,213,24426200
42,20,15,8999546,226,228,27042400
43,23,12,8999523,237,240,26716200
44,25,13,8999498,249,253,27402900
45,25,11,8999473,263,264,26477600
46,20,13,8999453,270,277,22683400
47,23,12,8999430,281,289,23322800
48,32,14,8999398,299,303,23382100
49,21,13,8999377,307,316,23632600
50,29,12,8999348,324,328,23025900
51,25,16,8999323,333,344,22631100
52,34,22,8999289,345,366,25489400
53,27,18,8999262,354,384,23549700
54,36,16,8999226,374,400,23928700
55,27,18,8999199,383,418,23406300
56,31,21,8999168,393,439,29056500
57,23,20,8999145,396,459,23672100
58,30,22,8999115,404,481,24003400
59,42,21,8999073,425,502,24257600
60,31,9,8999042,447,511,23634000
61,30,28,8999012,449,539,22978000
62,36,27,8998976,458,566,22621500
63,18,15,8998958,461,581,23266700
64,32,19,8998926,474,600,22616200
65,36,19,8998890,491,619,26818000
66,41,23,8998849,509,642,22911400
67,44,27,8998805,526,669,22793300
68,49,28,8998756,547,697,23346800
69,34,24,8998722,557,721,22838000
70,48,25,8998674,580,746,22795600
71,50,16,8998624,614,762,22825000
72,40,35,8998584,619,797,22832900
73,45,29,8998539,635,826,23473500
74,35,32,8998504,638,858,23885100
75,37,24,8998467,651,882,22725400
76,59,35,8998408,675,917,23395200
77,53,41,8998355,687,958,22771800
78,49,30,8998306,706,988,22804700
79,61,37,8998245,730,1025,26588800
80,55,46,8998190,739,1071,23263500
81,56,40,8998134,755,1111,23429300
82,50,28,8998084,777,1139,23610300
83,61,43,8998023,795,1182,23487200
84,52,35,8997971,812,1217,23800900
85,60,37,8997911,835,1254,23601000
86,52,45,8997859,842,1299,25276100
87,62,41,8997797,863,1340,24987800
88,50,49,8997747,864,1389,25340500
89,69,35,8997678,898,1424,22936900
90,62,46,8997616,914,1470,22982300
91,60,39,8997556,935,1509,23641700
92,48,44,8997508,939,1553,23917500
93,59,54,8997449,944,1607,23107000
94,64,58,8997385,950,1665,23814000
95,64,50,8997321,964,1715,28479100
96,65,46,8997256,983,1761,23441900
97,48,51,8997208,980,1812,23664700
98,68,41,8997140,1007,1853,24480200
99,68,47,8997072,1028,1900,23863800
100,71,48,8997001,1051,1948,23475600
101,70,50,8996931,1071,1998,23391900
102,70,48,8996861,1093,2046,23366600
103,62,56,8996799,1099,2102,23228400
104,69,49,8996730,1119,2151,26768900
105,69,47,8996661,1141,2198,22802600
106,62,66,8996599,1137,2264,22839100
107,63,64,8996536,1136,2328,22982500
108,72,61,8996464,1147,2389,22803200
109,77,65,8996387,1159,2454,25523100
110,80,49,8996307,1190,2503,22923800
111,69,58,8996238,1201,2561,22887400
112,72,66,8996166,1207,2627,22910300
113,80,59,8996086,1228,2686,23004900
114,70,62,8996016,1236,2748,22911300
115,85,71,8995931,1250,2819,23090500
116,67,53,8995864,1264,2872,23288700
117,77,52,8995787,1289,2924,23102800
118,75,59,8995712,1305,2983,23089200
119,79,60,8995633,1324,3043,22969700
120,85,75,8995548,1334,3118,23122900
121,86,54,8995462,1366,3172,23264900
122,96,71,8995366,1391,3243,22952000
123,86,74,8995280,1403,3317,23087400
124,105,75,8995175,1433,3392,23841400
125,93,66,8995082,1460,3458,23485700
126,98,73,8994984,1485,3531,23798200
127,102,77,8994882,1510,3608,23365800
128,90,63,8994792,1537,3671,23513500
129,99,83,8994693,1553,3754,23258400
130,98,69,8994595,1582,3823,23679400
131,95,81,8994500,1596,3904,23673000
132,94,97,8994406,1593,4001,23883800
133,78,67,8994328,1604,4068,23992600
134,93,79,8994235,1618,4147,23845500
135,100,76,8994135,1642,4223,23779700
136,86,82,8994049,1646,4305,23717700
137,94,82,8993955,1658,4387,25008800
138,107,87,8993848,1678,4474,24430900
139,95,80,8993753,1693,4554,25309700
140,112,91,8993641,1714,4645,24546800
141,111,98,8993530,1727,4743,23412300
142,98,81,8993432,1744,4824,23874100
143,111,86,8993321,1769,4910,23543300
144,87,91,8993234,1765,5001,23905900
145,100,100,8993134,1765,5101,24706300
146,102,84,8993032,1783,5185,23656700
147,101,80,8992931,1804,5265,22975100
148,118,96,8992813,1826,5361,23665300
149,117,91,8992696,1852,5452,23507500
150,90,86,8992606,1856,5538,24034100
151,99,88,8992507,1867,5626,23465300
152,98,96,8992409,1869,5722,23109200
153,108,95,8992301,1882,5817,22909300
154,95,102,8992206,1875,5919,23404000
155,95,91,8992111,1879,6010,23102200
156,122,102,8991989,1899,6112,22900100
157,118,113,8991871,1904,6225,26366200
158,123,95,8991748,1932,6320,23131300
159,122,79,8991626,1975,6399,22916200
160,118,100,8991508,1993,6499,23349700
161,122,94,8991386,2021,6593,23307000
162,115,100,8991271,2036,6693,22659500
163,117,114,8991154,2039,6807,25729000
164,118,110,8991036,2047,6917,22781000
165,125,106,8990911,2066,7023,23475800
166,116,98,8990795,2084,7121,23743600
167,127,96,8990668,2115,7217,23703100
168,117,102,8990551,2130,7319,25800500
169,122,113,8990429,2139,7432,22972100
170,119,112,8990310,2146,7544,26470000
171,127,120,8990183,2153,7664,24404700
172,121,100,8990062,2174,7764,29795900
173,114,117,8989948,2171,7881,29461800
174,122,116,8989826,2177,7997,34636800
175,117,115,8989709,2179,8112,30934900
176,132,110,8989577,2201,8222,24758300
177,131,117,8989446,2215,8339,22992700
178,108,109,8989338,2214,8448,23561000
179,117,117,8989221,2214,8565,23259300
180,127,109,8989094,2232,8674,23165800
181,127,109,8988967,2250,8783,25102800
182,146,117,8988821,2279,8900,24392600
183,120,112,8988701,2287,9012,24635600
184,133,102,8988568,2318,9114,24681300
185,111,125,8988457,2304,9239,23835400
186,142,133,8988315,2313,9372,23554300
187,139,107,8988176,2345,9479,23639200
188,138,116,8988038,2367,9595,24051900
189,139,107,8987899,2399,9702,24200700
190,141,131,8987758,2409,9833,23311900
191,136,120,8987622,2425,9953,23945700
192,130,102,8987492,2453,10055,25607300
193,167,132,8987325,2488,10187,23224800
194,149,124,8987176,2513,10311,23671100
195,143,126,8987033,2530,10437,23423600
196,147,147,8986886,2530,10584,23268200
197,136,131,8986750,2535,10715,24374600
198,144,113,8986606,2566,10828,23160800
199,136,121,8986470,2581,10949,23116000
200,155,117,8986315,2619,11066,23858600
201,146,142,8986169,2623,11208,27647600
202,157,158,8986012,2622,11366,24137300
203,162,136,8985850,2648,11502,28044900
204,146,139,8985704,2655,11641,24326100
205,161,123,8985543,2693,11764,26463400
206,136,149,8985407,2680,11913,23590400
207,155,115,8985252,2720,12028,23890300
208,155,128,8985097,2747,12156,23953000
209,130,129,8984967,2748,12285,25577900
210,147,125,8984820,2770,12410,24622100
211,169,139,8984651,2800,12549,27891800
212,133,137,8984518,2796,12686,24577100
213,146,135,8984372,2807,12821,25028500
214,145,151,8984227,2801,12972,25461600
215,146,143,8984081,2804,13115,24823200
216,161,139,8983920,2826,13254,25065400
217,170,151,8983750,2845,13405,24709800
218,147,147,8983603,2845,13552,25266500
219,155,150,8983448,2850,13702,25150500
220,156,124,8983292,2882,13826,24261200
221,158,140,8983134,2900,13966,30704500
222,183,146,8982951,2937,14112,25544400
223,170,157,8982781,2950,14269,26819200
224,170,131,8982611,2989,14400,26477900
225,174,163,8982437,3000,14563,28203400
226,179,162,8982258,3017,14725,24853400
227,189,151,8982069,3055,14876,24669100
228,193,158,8981876,3090,15034,25312800
229,168,156,8981708,3102,15190,26777800
230,160,166,8981548,3096,15356,24037900
231,184,154,8981364,3126,15510,24159300
232,186,152,8981178,3160,15662,24072700
233,169,175,8981009,3154,15837,24059600
234,127,155,8980882,3126,15992,24281600
235,175,150,8980707,3151,16142,24283900
236,191,163,8980516,3179,16305,24735600
237,196,176,8980320,3199,16481,24118900
238,215,162,8980105,3252,16643,23537300
239,204,153,8979901,3303,16796,23604400
240,193,169,8979708,3327,16965,23979000
241,208,167,8979500,3368,17132,23827600
242,201,196,8979299,3373,17328,24612300
243,192,152,8979107,3413,17480,24450500
244,202,172,8978905,3443,17652,24443200
245,225,154,8978680,3514,17806,24408700
246,210,180,8978470,3544,17986,23273900
247,217,183,8978253,3578,18169,23464700
248,188,156,8978065,3610,18325,23641500
249,201,197,8977864,3614,18522,23402200
250,210,168,8977654,3656,18690,23466800
251,202,179,8977452,3679,18869,23280900
252,211,189,8977241,3701,19058,23502400
253,247,188,8976994,3760,19246,24158400
254,206,187,8976788,3779,19433,23638500
255,240,158,8976548,3861,19591,24551500
256,191,186,8976357,3866,19777,23401200
257,213,209,8976144,3870,19986,23890000
258,207,189,8975937,3888,20175,24080500
259,204,194,8975733,3898,20369,24020900
260,195,184,8975538,3909,20553,24008900
261,218,180,8975320,3947,20733,24204200
262,233,194,8975087,3986,20927,24633500
263,229,167,8974858,4048,21094,23646300
264,247,229,8974611,4066,21323,25069200
265,245,189,8974366,4122,21512,24249100
266,215,191,8974151,4146,21703,23516800
267,229,198,8973922,4177,21901,25457500
268,215,213,8973707,4179,22114,29074500
269,231,205,8973476,4205,22319,25066200
270,227,208,8973249,4224,22527,24312800
271,244,252,8973005,4216,22779,23460700
272,231,198,8972774,4249,22977,23457600
273,236,231,8972538,4254,23208,23485700
274,232,213,8972306,4273,23421,24979500
275,234,193,8972072,4314,23614,26179900
276,230,218,8971842,4326,23832,26034300
277,242,240,8971600,4328,24072,29954800
278,226,220,8971374,4334,24292,23260500
279,253,206,8971121,4381,24498,23705000
280,253,223,8970868,4411,24721,24856300
281,251,221,8970617,4441,24942,23886500
282,238,207,8970379,4472,25149,23717900
283,243,227,8970136,4488,25376,24171900
284,234,215,8969902,4507,25591,23843100
285,244,245,8969658,4506,25836,24193400
286,242,229,8969416,4519,26065,23961800
287,237,233,8969179,4523,26298,22468300
288,260,246,8968919,4537,26544,22467700
289,240,213,8968679,4564,26757,22658100
290,253,242,8968426,4575,26999,23133000
291,238,230,8968188,4583,27229,22694700
292,258,209,8967930,4632,27438,22674300
293,257,230,8967673,4659,27668,25274600
294,271,251,8967402,4679,27919,23366300
295,236,233,8967166,4682,28152,23613800
296,270,240,8966896,4712,28392,25788600
297,242,238,8966654,4716,28630,27908900
298,263,229,8966391,4750,28859,27002900
299,269,244,8966122,4775,29103,28485900
300,227,247,8965895,4755,29350,27619500
301,250,245,8965645,4760,29595,26327800
302,280,232,8965365,4808,29827,26756400
303,240,253,8965125,4795,30080,26101000
304,244,243,8964881,4796,30323,26300300
305,246,251,8964635,4791,30574,26027800
306,251,235,8964384,4807,30809,25079300
307,250,248,8964134,4809,31057,23261300
308,261,247,8963873,4823,31304,22586900
309,253,224,8963620,4852,31528,22781500
310,275,257,8963345,4870,31785,26663600
311,258,248,8963087,4880,32033,23268500
312,295,236,8962792,4939,32269,22438600
313,246,249,8962546,4936,32518,23349200
314,244,233,8962302,4947,32751,23307100
315,256,271,8962046,4932,33022,22441800
316,250,234,8961796,4948,33256,23318800
317,262,251,8961534,4959,33507,22665100
318,265,277,8961269,4947,33784,22882600
319,255,255,8961014,4947,34039,22543400
320,265,238,8960749,4974,34277,22450900
321,289,251,8960460,5012,34528,22894800
322,269,239,8960191,5042,34767,23274400
323,300,257,8959891,5085,35024,23169000
324,284,247,8959607,5122,35271,23057100
325,255,259,8959352,5118,35530,23077200
326,293,282,8959059,5129,35812,22838100
327,280,244,8958779,5165,36056,22501100
328,297,252,8958482,5210,36308,22564000
329,319,266,8958163,5263,36574,23261700
330,285,274,8957878,5274,36848,23446100
331,280,251,8957598,5303,37099,23584400
332,285,272,8957313,5316,37371,23272000
333,266,274,8957047,5308,37645,23474000
334,282,289,8956765,5301,37934,25053000
335,281,275,8956484,5307,38209,23812700
336,310,256,8956174,5361,38465,23921700
337,261,295,8955913,5327,38760,23058200
338,300,267,8955613,5360,39027,23081700
339,276,262,8955337,5374,39289,23233300
340,302,242,8955035,5434,39531,22535600
341,291,280,8954744,5445,39811,22676800
342,286,239,8954458,5492,40050,22985700
343,287,272,8954171,5507,40322,22354000
344,304,270,8953867,5541,40592,23075900
345,303,266,8953564,5578,40858,23342400
346,330,284,8953234,5624,41142,23587000
347,304,268,8952930,5660,41410,23592300
348,305,294,8952625,5671,41704,24076500
349,311,275,8952314,5707,41979,22354700
350,292,310,8952022,5689,42289,22950600
351,308,282,8951714,5715,42571,22489100
352,298,304,8951416,5709,42875,22897400
353,267,283,8951149,5693,43158,23023000
354,304,274,8950845,5723,43432,23238400
355,315,315,8950530,5723,43747,22895600
356,307,270,8950223,5760,44017,22670300
357,305,316,8949918,5749,44333,22389100
358,297,266,8949621,5780,44599,22725700
359,303,294,8949318,5789,44893,23227500
360,285,290,8949033,5784,45183,22493800
361,319,312,8948714,5791,45495,22447400
362,291,261,8948423,5821,45756,22773700
363,304,267,8948119,5858,46023,22766000
364,284,253,8947835,5889,46276,22537100
365,322,274,8947513,5937,46550,23440400
366,296,297,8947217,5936,46847,23126200
367,315,283,8946902,5968,47130,22590700
368,302,309,8946600,5961,47439,22879100
369,298,278,8946302,5981,47717,23052200
370,311,315,8945991,5977,48032,22533000
371,320,317,8945671,5980,48349,22687600
372,338,276,8945333,6042,48625,23207600
373,324,315,8945009,6051,48940,22807600
374,323,305,8944686,6069,49245,22875500
375,320,299,8944366,6090,49544,22453300
376,316,285,8944050,6121,49829,22985600
377,351,295,8943699,6177,50124,22491400
378,344,309,8943355,6212,50433,22774000
379,343,298,8943012,6257,50731,22529600
380,322,307,8942690,6272,51038,22464600
381,328,330,8942362,6270,51368,24278700
382,333,317,8942029,6286,51685,23725700
383,344,326,8941685,6304,52011,23654000
384,323,342,8941362,6285,52353,23352000
385,334,320,8941028,6299,52673,24367100
386,322,311,8940706,6310,52984,23752700
387,331,298,8940375,6343,53282,23536300
388,361,318,8940014,6386,53600,24656900
389,340,325,8939674,6401,53925,24100200
390,314,311,8939360,6404,54236,23180400
391,311,331,8939049,6384,54567,22900900
392,319,322,8938730,6381,54889,23097700
393,325,353,8938405,6353,55242,22506800
394,332,333,8938073,6352,55575,23159700
395,320,340,8937753,6332,55915,22441900
396,322,337,8937431,6317,56252,22941500
397,332,332,8937099,6317,56584,22616900
398,328,337,8936771,6308,56921,23090200
399,332,324,8936439,6316,57245,22753400
400,347,333,8936092,6330,57578,22664900
401,339,321,8935753,6348,57899,22906900
402,338,325,8935415,6361,58224,23220100
403,349,300,8935066,6410,58524,22406400
404,356,308,8934710,6458,58832,22521700
405,339,318,8934371,6479,59150,22722400
406,321,291,8934050,6509,59441,22574500
407,344,333,8933706,6520,59774,22635200
408,349,318,8933357,6551,60092,22578100
409,334,311,8933023,6574,60403,22775800
410,388,314,8932635,6648,60717,22610400
411,371,334,8932264,6685,61051,23330300
412,364,307,8931900,6742,61358,23027800
413,342,310,8931558,6774,61668,22478300
414,365,336,8931193,6803,62004,22622100
415,346,348,8930847,6801,62352,22551400
416,388,315,8930459,6874,62667,23267200
417,329,336,8930130,6867,63003,23058300
418,329,316,8929801,6880,63319,23280300
419,346,318,8929455,6908,63637,22617500
420,398,355,8929057,6951,63992,24087000
421,350,397,8928707,6904,64389,22981500
422,356,357,8928351,6903,64746,23047400
423,372,353,8927979,6922,65099,22719000
424,370,346,8927609,6946,65445,22694000
425,381,315,8927228,7012,65760,23115900
426,368,341,8926860,7039,66101,22960500
427,376,332,8926484,7083,66433,22641600
428,403,349,8926081,7137,66782,22947200
429,420,350,8925661,7207,67132,22529600
430,369,365,8925292,7211,67497,22517400
431,388,350,8924904,7249,67847,23229400
432,365,385,8924539,7229,68232,25735000
433,416,378,8924123,7267,68610,27134800
434,378,412,8923745,7233,69022,24493000
435,405,375,8923340,7263,69397,24220300
436,372,359,8922968,7276,69756,23633700
437,414,372,8922554,7318,70128,23893500
438,397,370,8922157,7345,70498,23325900
439,374,363,8921783,7356,70861,24152300
440,400,345,8921383,7411,71206,24300600
441,431,368,8920952,7474,71574,23524900
442,359,414,8920593,7419,71988,23172700
443,384,347,8920209,7456,72335,23041800
444,370,402,8919839,7424,72737,22549400
445,344,391,8919495,7377,73128,23137600
446,412,375,8919083,7414,73503,23023800
447,385,384,8918698,7415,73887,23038500
448,361,355,8918337,7421,74242,23386100
449,406,366,8917931,7461,74608,23577300
450,406,378,8917525,7489,74986,23590400
451,370,377,8917155,7482,75363,23834900
452,406,381,8916749,7507,75744,23058000
453,453,369,8916296,7591,76113,23561400
454,410,389,8915886,7612,76502,22719800
455,406,369,8915480,7649,76871,22981900
456,420,376,8915060,7693,77247,22923100
457,425,389,8914635,7729,77636,23149700
458,404,374,8914231,7759,78010,22876600
459,412,397,8913819,7774,78407,23180000
460,414,408,8913405,7780,78815,22589700
461,384,403,8913021,7761,79218,23028100
462,430,387,8912591,7804,79605,23416600
463,415,399,8912176,7820,80004,22774300
464,387,409,8911789,7798,80413,23182100
465,415,371,8911374,7842,80784,22893500
466,439,387,8910935,7894,81171,22692000
467,429,390,8910506,7933,81561,22645500
468,407,416,8910099,7924,81977,23599800
469,406,384,8909693,7946,82361,22658600
470,382,360,8909311,7968,82721,23138900
471,405,401,8908906,7972,83122,22753700
472,419,405,8908487,7986,83527,23351600
473,369,400,8908118,7955,83927,23416700
474,415,393,8907703,7977,84320,23492500
475,409,365,8907294,8021,84685,23562600
476,394,428,8906900,7987,85113,24202600
477,404,408,8906496,7983,85521,23631300
478,412,388,8906084,8007,85909,22633700
479,430,409,8905654,8028,86318,23134900
480,436,379,8905218,8085,86697,22878200
481,407,421,8904811,8071,87118,23238700
482,434,429,8904377,8076,87547,22848800
483,418,420,8903959,8074,87967,23535200
484,439,397,8903520,8116,88364,23559500
485,414,422,8903106,8108,88786,24278300
486,446,423,8902660,8131,89209,23691400
487,450,433,8902210,8148,89642,23710800
488,429,410,8901781,8167,90052,24294200
489,420,403,8901361,8184,90455,23644900
490,414,392,8900947,8206,90847,23711800
491,424,397,8900523,8233,91244,24165800
492,433,415,8900090,8251,91659,23756400
493,426,443,8899664,8234,92102,23055400
494,436,435,8899228,8235,92537,23057700
495,431,401,8898797,8265,92938,22633100
496,433,417,8898364,8281,93355,22861900
497,432,420,8897932,8293,93775,22728200
498,405,405,8897527,8293,94180,23073400
499,459,406,8897068,8346,94586,23526300
500,429,418,8896639,8357,95004,22733100
501,453,388,8896186,8422,95392,22707100
502,438,447,8895748,8413,95839,22802600
503,449,437,8895299,8425,96276,23013000
504,438,472,8894861,8391,96748,23232000
505,430,393,8894431,8428,97141,22813500
506,447,435,8893984,8440,97576,22671800
507,423,427,8893561,8436,98003,22960000
508,440,424,8893121,8452,98427,23409300
509,434,402,8892687,8484,98829,22747600
510,436,391,8892251,8529,99220,22700200
511,430,425,8891821,8534,99645,23444100
512,452,451,8891369,8535,100096,22824000
513,440,423,8890929,8552,100519,23838800
514,456,458,8890473,8550,100977,23394500
515,482,376,8889991,8656,101353,23570200
516,474,447,8889517,8683,101800,23312100
517,449,445,8889068,8687,102245,24220600
518,459,452,8888609,8694,102697,23578800
519,440,446,8888169,8688,103143,24966800
520,483,431,8887686,8740,103574,23257200
521,444,426,8887242,8758,104000,23575900
522,493,431,8886749,8820,104431,23453300
523,469,450,8886280,8839,104881,22791100
524,470,423,8885810,8886,105304,22689400
525,437,403,8885373,8920,105707,22787200
526,470,466,8884903,8924,106173,23024600
527,467,476,8884436,8915,106649,22879500
528,432,425,8884004,8922,107074,23456000
529,445,457,8883559,8910,107531,22859300
530,472,434,8883087,8948,107965,23493000
531,475,455,8882612,8968,108420,23054400
532,443,470,8882169,8941,108890,23220000
533,437,448,8881732,8930,109338,23363600
534,485,460,8881247,8955,109798,23505500
535,476,430,8880771,9001,110228,23020100
536,439,488,8880332,8952,110716,23752900
537,503,476,8879829,8979,111192,23891200
538,468,463,8879361,8984,111655,24051600
539,432,463,8878929,8953,112118,25286300
540,434,430,8878495,8957,112548,23661900
541,489,422,8878006,9024,112970,23556200
542,503,430,8877503,9097,113400,23780800
543,491,442,8877012,9146,113842,23520700
544,494,460,8876518,9180,114302,23558300
545,488,464,8876030,9204,114766,22902100
546,487,461,8875543,9230,115227,23120100
547,472,428,8875071,9274,115655,23377800
548,496,480,8874575,9290,116135,23329900
549,522,484,8874053,9328,116619,22768200
550,447,459,8873606,9316,117078,22833400
551,508,458,8873098,9366,117536,22896000
552,521,456,8872577,9431,117992,23554500
553,480,492,8872097,9419,118484,23633000
554,469,476,8871628,9412,118960,23213900
555,515,489,8871113,9438,119449,23242100
556,500,462,8870613,9476,119911,23046800
557,473,460,8870140,9489,120371,23394500
558,483,451,8869657,9521,120822,23273400
559,466,447,8869191,9540,121269,23929800
560,509,504,8868682,9545,121773,23391900
561,474,472,8868208,9547,122245,24548500
562,533,448,8867675,9632,122693,28440000
563,496,482,8867179,9646,123175,23035800
564,487,450,8866692,9683,123625,23153400
565,534,546,8866158,9671,124171,23511900
566,494,491,8865664,9674,124662,23111800
567,506,489,8865158,9691,125151,22766600
568,510,492,8864648,9709,125643,23252900
569,519,497,8864129,9731,126140,23647000
570,474,513,8863655,9692,126653,23379100
571,476,467,8863179,9701,127120,23289800
572,504,498,8862675,9707,127618,23248100
573,539,463,8862136,9783,128081,22948400
574,503,512,8861633,9774,128593,23233500
575,475,443,8861158,9806,129036,23323900
576,483,493,8860675,9796,129529,22966500
577,515,492,8860160,9819,130021,22843000
578,492,472,8859668,9839,130493,22841700
579,482,467,8859186,9854,130960,23173500
580,483,455,8858703,9882,131415,23147900
581,500,498,8858203,9884,131913,23006900
582,517,501,8857686,9900,132414,22987900
583,504,489,8857182,9915,132903,22870200
584,489,456,8856693,9948,133359,23175600
585,433,514,8856260,9867,133873,23176300
586,478,496,8855782,9849,134369,22767900
587,495,501,8855287,9843,134870,24065500
588,510,515,8854777,9838,135385,23809000
589,503,493,8854274,9848,135878,24130200
590,510,485,8853764,9873,136363,24299200
591,514,480,8853250,9907,136843,23928900
592,453,519,8852797,9841,137362,23952100
593,476,500,8852321,9817,137862,24076500
594,519,484,8851802,9852,138346,23915800
595,492,478,8851310,9866,138824,23411400
596,469,501,8850841,9834,139325,23849000
597,505,484,8850336,9855,139809,24270500
598,500,513,8849836,9842,140322,23765200
599,466,501,8849370,9807,140823,23036200
600,474,520,8848896,9761,141343,23296400
601,476,441,8848420,9796,141784,23446300
602,476,468,8847944,9804,142252,22925100
603,521,473,8847423,9852,142725,23866500
604,493,512,8846930,9833,143237,24369700
605,485,515,8846445,9803,143752,23974800
606,507,504,8845938,9806,144256,23287700
607,488,486,8845450,9808,144742,23218400
608,521,489,8844929,9840,145231,23132400
609,509,508,8844420,9841,145739,23282500
610,500,480,8843920,9861,146219,23296300
611,490,485,8843430,9866,146704,23454200
612,522,517,8842908,9871,147221,23045400
613,533,481,8842375,9923,147702,23327500
614,514,462,8841861,9975,148164,23037300
615,538,499,8841323,10014,148663,23020700
616,507,508,8840816,10013,149171,23643900
617,490,538,8840326,9965,149709,23619800
618,497,496,8839829,9966,150205,23308000
619,481,479,8839348,9968,150684,23096400
620,499,486,8838849,9981,151170,23057200
621,504,499,8838345,9986,151669,22950100
622,512,445,8837833,10053,152114,23540300
623,531,473,8837302,10111,152587,22861400
624,537,505,8836765,10143,153092,22973500
625,541,534,8836224,10150,153626,23316700
626,485,515,8835739,10120,154141,23183700
627,538,463,8835201,10195,154604,22903400
628,522,511,8834679,10206,155115,23161500
629,503,518,8834176,10191,155633,23337300
630,542,518,8833634,10215,156151,22996900
631,518,519,8833116,10214,156670,23149900
632,552,476,8832564,10290,157146,23165400
633,571,488,8831993,10373,157634,22999800
634,529,533,8831464,10369,158167,22987700
635,565,523,8830899,10411,158690,22889100
636,493,510,8830406,10394,159200,23548700
637,520,509,8829886,10405,159709,24662100
638,597,502,8829289,10500,160211,24326300
639,519,546,8828770,10473,160757,24148000
640,555,530,8828215,10498,161287,24232600
641,541,540,8827674,10499,161827,23815700
642,565,461,8827109,10603,162288,24524700
643,561,580,8826548,10584,162868,24381900
644,523,533,8826025,10574,163401,23902200
645,536,526,8825489,10584,163927,24143700
646,550,516,8824939,10618,164443,26158100
647,510,544,8824429,10584,164987,24165600
648,537,557,8823892,10564,165544,24053400
649,584,581,8823308,10567,166125,23065000
650,539,530,8822769,10576,166655,23292200
651,546,524,8822223,10598,167179,23385600
652,579,499,8821644,10678,167678,23127800
653,565,541,8821079,10702,168219,23906300
654,555,543,8820524,10714,168762,23408000
655,519,554,8820005,10679,169316,23465800
656,559,525,8819446,10713,169841,23046900
657,555,550,8818891,10718,170391,23290300
658,546,543,8818345,10721,170934,23023900
659,531,552,8817814,10700,171486,23001900
660,565,516,8817249,10749,172002,22956600
661,558,503,8816691,10804,172505,23137600
662,550,568,8816141,10786,173073,22972000
663,544,536,8815597,10794,173609,22997800
664,560,546,8815037,10808,174155,23051400
665,529,563,8814508,10774,174718,23935300
666,527,535,8813981,10766,175253,22989900
667,607,530,8813374,10843,175783,23737800
668,566,526,8812808,10883,176309,23486000
669,526,540,8812282,10869,176849,23273100
670,571,557,8811711,10883,177406,23106000
671,558,541,8811153,10900,177947,23065800
672,584,515,8810569,10969,178462,23030900
673,535,561,8810034,10943,179023,23442000
674,557,539,8809477,10961,179562,22975300
675,524,522,8808953,10963,180084,23117700
676,552,539,8808401,10976,180623,23115800
677,558,589,8807843,10945,181212,22972100
678,580,565,8807263,10960,181777,23183100
679,581,532,8806682,11009,182309,23021700
680,587,563,8806095,11033,182872,22983100
681,552,512,8805543,11073,183384,23023400
682,582,526,8804961,11129,183910,23656500
683,579,550,8804382,11158,184460,23265600
684,573,553,8803809,11178,185013,23395000
685,546,588,8803263,11136,185601,23231600
686,562,545,8802701,11153,186146,23112300
687,583,521,8802118,11215,186667,23260500
688,566,602,8801552,11179,187269,23835200
689,606,574,8800946,11211,187843,23969900
690,613,580,8800333,11244,188423,25257900
691,608,573,8799725,11279,188996,24986400
692,623,514,8799102,11388,189510,24002600
693,594,536,8798508,11446,190046,25452300
694,574,541,8797934,11479,190587,24134300
695,610,563,8797324,11526,191150,24891500
696,570,605,8796754,11491,191755,24108800
697,577,542,8796177,11526,192297,24717800
698,620,589,8795557,11557,192886,23992100
699,586,572,8794971,11571,193458,23277200
700,574,582,8794397,11563,194040,23460600
701,602,592,8793795,11573,194632,23181600
702,560,560,8793235,11573,195192,23472000
703,627,557,8792608,11643,195749,23257000
704,620,545,8791988,11718,196294,23740100
705,633,567,8791355,11784,196861,23058300
706,637,589,8790718,11832,197450,23092000
707,607,565,8790111,11874,198015,23043600
708,601,612,8789510,11863,198627,23562600
709,612,575,8788898,11900,199202,23522800
710,584,567,8788314,11917,199769,23929500
711,608,596,8787706,11929,200365,22980100
712,571,613,8787135,11887,200978,23434400
713,580,593,8786555,11874,201571,23721900
714,568,573,8785987,11869,202144,23056000
715,621,570,8785366,11920,202714,23322300
716,583,620,8784783,11883,203334,23147400
717,588,605,8784195,11866,203939,23094000
718,643,626,8783552,11883,204565,23545400
719,586,584,8782966,11885,205149,23143700
720,620,613,8782346,11892,205762,23793000
721,603,579,8781743,11916,206341,24064900
722,643,586,8781100,11973,206927,23935400
723,605,598,8780495,11980,207525,23097700
724,569,595,8779926,11954,208120,24055500
725,637,564,8779289,12027,208684,23102000
726,595,563,8778694,12059,209247,23687300
727,601,595,8778093,12065,209842,24111900
728,624,577,8777469,12112,210419,23617300
729,646,642,8776823,12116,211061,23576100
730,589,614,8776234,12091,211675,23615000
731,603,610,8775631,12084,212285,23751800
732,596,600,8775035,12080,212885,24207300
733,618,544,8774417,12154,213429,24502700
734,619,617,8773798,12156,214046,24000600
735,629,610,8773169,12175,214656,23782300
736,630,573,8772539,12232,215229,23358400
737,606,584,8771933,12254,215813,23445700
738,652,613,8771281,12293,216426,23609100
739,651,617,8770630,12327,217043,23935900
740,654,615,8769976,12366,217658,24786500
741,654,610,8769322,12410,218268,24249400
742,642,574,8768680,12478,218842,24152100
743,627,616,8768053,12489,219458,24613400
744,662,651,8767391,12500,220109,24858500
745,627,625,8766764,12502,220734,24073100
746,643,592,8766121,12553,221326,24235600
747,664,654,8765457,12563,221980,25765000
748,655,665,8764802,12553,222645,25388900
749,722,617,8764080,12658,223262,23531400
750,638,644,8763442,12652,223906,23820100
751,606,602,8762836,12656,224508,23250700
752,611,675,8762225,12592,225183,23231500
753,662,585,8761563,12669,225768,23473100
754,663,660,8760900,12672,226428,23588100
755,598,632,8760302,12638,227060,23129500
756,611,590,8759691,12659,227650,24142900
757,682,626,8759009,12715,228276,23301600
758,667,615,8758342,12767,228891,23405600
759,663,657,8757679,12773,229548,23180300
760,672,659,8757007,12786,230207,24690000
761,700,627,8756307,12859,230834,23527100
762,618,653,8755689,12824,231487,23324600
763,657,652,8755032,12829,232139,23362000
764,660,687,8754372,12802,232826,25404700
765,632,590,8753740,12844,233416,24355300
766,673,671,8753067,12846,234087,24164400
767,640,621,8752427,12865,234708,23534300
768,627,605,8751800,12887,235313,23726200
769,714,622,8751086,12979,235935,23664000
770,630,651,8750456,12958,236586,23654100
771,637,674,8749819,12921,237260,24061200
772,647,610,8749172,12958,237870,23971400
773,646,689,8748526,12915,238559,24128100
774,666,661,8747860,12920,239220,24322700
775,658,633,8747202,12945,239853,26604800
776,657,667,8746545,12935,240520,27513100
777,676,691,8745869,12920,241211,23250400
778,676,673,8745193,12923,241884,23428600
779,670,677,8744523,12916,242561,23697200
780,642,653,8743881,12905,243214,23674600
781,655,614,8743226,12946,243828,23261100
782,692,643,8742534,12995,244471,23486300
783,682,660,8741852,13017,245131,24103600
784,697,653,8741155,13061,245784,24093100
785,672,625,8740483,13108,246409,23434900
786,678,696,8739805,13090,247105,23288600
787,647,584,8739158,13153,247689,23288000
788,694,632,8738464,13215,248321,23733400
789,691,672,8737773,13234,248993,23668700
790,656,673,8737117,13217,249666,24879500
791,661,683,8736456,13195,250349,26279100
792,684,651,8735772,13228,251000,24223200
793,667,661,8735105,13234,251661,24682700
794,700,711,8734405,13223,252372,24235100
795,686,648,8733719,13261,253020,25753100
796,639,629,8733080,13271,253649,25684700
797,686,646,8732394,13311,254295,24348400
798,701,621,8731693,13391,254916,24433200
799,676,658,8731017,13409,255574,23447500
800,655,699,8730362,13365,256273,23496300
801,691,658,8729671,13398,256931,23659900
802,657,677,8729014,13378,257608,24002700
803,676,619,8728338,13435,258227,23644200
804,732,725,8727606,13442,258952,23896200
805,676,709,8726930,13409,259661,23541900
806,673,632,8726257,13450,260293,23684900
807,651,715,8725606,13386,261008,23399400
808,700,674,8724906,13412,261682,23517900
809,694,699,8724212,13407,262381,23792000
810,674,684,8723538,13397,263065,23545500
811,659,658,8722879,13398,263723,23466600
812,712,688,8722167,13422,264411,23438500
813,633,703,8721534,13352,265114,24112700
814,652,674,8720882,13330,265788,24609800
815,710,646,8720172,13394,266434,24246000
816,687,646,8719485,13435,267080,23554900
817,698,637,8718787,13496,267717,24044400
818,677,733,8718110,13440,268450,23981800
819,669,635,8717441,13474,269085,24763700
820,694,678,8716747,13490,269763,23698700
821,652,689,8716095,13453,270452,24495800
822,697,678,8715398,13472,271130,23385900
823,641,681,8714757,13432,271811,23720300
824,702,656,8714055,13478,272467,23713600
825,669,701,8713386,13446,273168,23372000
826,711,635,8712675,13522,273803,23449000
827,727,662,8711948,13587,274465,23678900
828,713,661,8711235,13639,275126,23659200
829,733,654,8710502,13718,275780,23655900
830,722,692,8709780,13748,276472,23377700
831,685,729,8709095,13704,277201,23280100
832,723,730,8708372,13697,277931,23651500
833,706,676,8707666,13727,278607,23991300
834,688,637,8706978,13778,279244,23507900
835,700,701,8706278,13777,279945,23737500
836,719,678,8705559,13818,280623,23782900
837,702,706,8704857,13814,281329,23755000
838,682,717,8704175,13779,282046,23444400
839,674,738,8703501,13715,282784,23395500
840,739,687,8702762,13767,283471,23415400
841,729,699,8702033,13797,284170,23429600
842,712,692,8701321,13817,284862,24235300
843,687,694,8700634,13810,285556,24576500
844,744,674,8699890,13880,286230,26044000
845,705,725,8699185,13860,286955,25812100
846,713,652,8698472,13921,287607,24509600
847,706,687,8697766,13940,288294,24955800
848,729,684,8697037,13985,288978,24775300
849,728,711,8696309,14002,289689,25395900
850,732,676,8695577,14058,290365,23608500
851,716,681,8694861,14093,291046,23890900
852,738,733,8694123,14098,291779,23618200
853,739,712,8693384,14125,292491,23811000
854,721,711,8692663,14135,293202,23434800
855,722,697,8691941,14160,293899,24170900
856,702,703,8691239,14159,294602,24885600
857,725,679,8690514,14205,295281,27431900
858,727,709,8689787,14223,295990,23515000
859,690,690,8689097,14223,296680,24495500
860,734,771,8688363,14186,297451,23434800
861,734,747,8687629,14173,298198,23616100
862,708,734,8686921,14147,298932,23519600
863,724,681,8686197,14190,299613,24099400
864,692,707,8685505,14175,300320,23633600
865,754,682,8684751,14247,301002,24448300
866,752,691,8683999,14308,301693,25054200
867,706,709,8683293,14305,302402,25242700
868,683,716,8682610,14272,303118,25072300
869,723,678,8681887,14317,303796,25952300
870,720,667,8681167,14370,304463,28937200
871,772,695,8680395,14447,305158,25116000
872,769,750,8679626,14466,305908,24436600
873,719,780,8678907,14405,306688,25061700
874,767,738,8678140,14434,307426,25269200
875,697,727,8677443,14404,308153,24861600
876,748,720,8676695,14432,308873,24302700
877,731,733,8675964,14430,309606,24173000
878,718,737,8675246,14411,310343,25221300
879,733,683,8674513,14461,311026,24986400
880,723,744,8673790,14440,311770,24486300
881,726,688,8673064,14478,312458,24943100
882,752,708,8672312,14522,313166,24446800
883,742,709,8671570,14555,313875,24755500
884,768,731,8670802,14592,314606,27163800
885,698,690,8670104,14600,315296,25495800
886,717,736,8669387,14581,316032,25392900
887,731,758,8668656,14554,316790,26192100
888,751,712,8667905,14593,317502,24962000
889,734,742,8667171,14585,318244,24880200
890,721,727,8666450,14579,318971,25723100
891,799,768,8665651,14610,319739,27068500
892,816,674,8664835,14752,320413,28054700
893,782,733,8664053,14801,321146,26509000
894,773,744,8663280,14830,321890,26441700
895,788,750,8662492,14868,322640,29139600
896,766,739,8661726,14895,323379,27856700
897,790,772,8660936,14913,324151,25666300
898,776,738,8660160,14951,324889,25507500
899,702,737,8659458,14916,325626,25862800
900,756,761,8658702,14911,326387,24689800
901,747,745,8657955,14913,327132,25469700
902,733,770,8657222,14876,327902,24806700
903,778,740,8656444,14914,328642,25630400
904,745,741,8655699,14918,329383,25218000
905,782,715,8654917,14985,330098,25363300
906,724,732,8654193,14977,330830,25389400
907,785,732,8653408,15030,331562,25705100
908,766,746,8652642,15050,332308,25280800
909,723,730,8651919,15043,333038,25488600
910,740,793,8651179,14990,333831,25837600
911,719,732,8650460,14977,334563,25009000
912,778,756,8649682,14999,335319,24888400
913,756,736,8648926,15019,336055,25580200
914,736,734,8648190,15021,336789,25718700
915,769,730,8647421,15060,337519,25166100
916,761,793,8646660,15028,338312,24690300
917,755,700,8645905,15083,339012,26059300
918,764,758,8645141,15089,339770,24700200
919,732,789,8644409,15032,340559,25510200
920,739,728,8643670,15043,341287,24642700
921,715,748,8642955,15010,342035,24175400
922,733,787,8642222,14956,342822,24522600
923,710,732,8641512,14934,343554,23507400
924,731,692,8640781,14973,344246,23793900
925,767,751,8640014,14989,344997,23959600
926,733,722,8639281,15000,345719,24148900
927,784,732,8638497,15052,346451,23836500
928,737,772,8637760,15017,347223,23843300
929,763,714,8636997,15066,347937,23769900
930,734,731,8636263,15069,348668,24211700
931,693,783,8635570,14979,349451,23667600
932,724,711,8634846,14992,350162,24091600
933,758,750,8634088,15000,350912,24156700
934,674,729,8633414,14945,351641,23988100
935,731,727,8632683,14949,352368,24666800
936,777,744,8631906,14982,353112,24936100
937,767,744,8631139,15005,353856,24425300
938,781,740,8630358,15046,354596,23988700
939,782,838,8629576,14990,355434,24824400
940,768,695,8628808,15063,356129,24922300
941,774,744,8628034,15093,356873,24626500
942,769,772,8627265,15090,357645,24906800
943,824,760,8626441,15154,358405,24932200
944,804,785,8625637,15173,359190,25048800
945,749,742,8624888,15180,359932,24404400
946,809,751,8624079,15238,360683,24763600
947,799,742,8623280,15295,361425,24964900
948,786,742,8622494,15339,362167,23994200
949,752,776,8621742,15315,362943,23493100
950,773,806,8620969,15282,363749,23578900
951,781,770,8620188,15293,364519,23861800
952,775,739,8619413,15329,365258,23877500
953,770,755,8618643,15344,366013,24466100
954,786,759,8617857,15371,366772,24097300
955,791,732,8617066,15430,367504,24528600
956,811,756,8616255,15485,368260,24879500
957,765,789,8615490,15461,369049,24149900
958,775,750,8614715,15486,369799,24215000
959,782,782,8613933,15486,370581,24620400
960,769,762,8613164,15493,371343,23558600
961,819,782,8612345,15530,372125,24745400
962,814,778,8611531,15566,372903,25909600
963,805,762,8610726,15609,373665,26899500
964,788,822,8609938,15575,374487,27881800
965,827,722,8609111,15680,375209,28088200
966,757,776,8608354,15661,375985,26257500
967,790,762,8607564,15689,376747,27537700
968,807,794,8606757,15702,377541,26215400
969,824,820,8605933,15706,378361,25756000
970,843,820,8605090,15729,379181,27459600
971,794,737,8604296,15786,379918,29491800
972,807,803,8603489,15790,380721,27991300
973,804,801,8602685,15793,381522,25841400
974,810,782,8601875,15821,382304,28734500
975,792,784,8601083,15829,383088,24967800
976,780,814,8600303,15795,383902,25424800
977,844,806,8599459,15833,384708,24790500
978,790,758,8598669,15865,385466,29052400
979,809,762,8597860,15912,386228,24968800
980,752,785,8597108,15879,387013,24683900
981,794,846,8596314,15827,387859,24694900
982,759,797,8595555,15789,388656,24227800
983,820,853,8594735,15756,389509,23888300
984,808,736,8593927,15828,390245,24073100
985,833,823,8593094,15838,391068,24418700
986,779,738,8592315,15879,391806,24171900
987,782,783,8591533,15878,392589,24595800
988,785,771,8590748,15892,393360,24723700
989,783,817,8589965,15858,394177,25196100
990,786,808,8589179,15836,394985,24287100
991,773,787,8588406,15822,395772,25704000
992,789,774,8587617,15837,396546,24456500
993,797,841,8586820,15793,397387,24775100
994,757,819,8586063,15731,398206,24851000
995,783,747,8585280,15767,398953,24313700
996,789,829,8584491,15727,399782,24040800
997,823,716,8583668,15834,400498,23811900
998,823,820,8582845,15837,401318,23652300
999,844,748,8582001,15933,402066,23501100
1000,782,802,8581219,15913,402868,23667300
1001,809,799,8580410,15923,403667,23977700
1002,855,788,8579555,15990,404455,23589700
1003,850,777,8578705,16063,405232,24173100
1004,802,810,8577903,16055,406042,24019800
1005,819,763,8577084,16111,406805,24059700
1006,772,842,8576312,16041,407647,24124400
1007,864,832,8575448,16073,408479,24194400
1008,798,761,8574650,16110,409240,24253400
1009,777,797,8573873,16090,410037,24911400
1010,782,760,8573091,16112,410797,24697400
1011,805,794,8572286,16123,411591,23768600
1012,808,750,8571478,16181,412341,23808100
1013,814,810,8570664,16185,413151,24053400
1014,789,817,8569875,16157,413968,23776300
1015,799,761,8569076,16195,414729,24174500
1016,803,822,8568273,16176,415551,24271300
1017,800,810,8567473,16166,416361,24787700
1018,794,770,8566679,16190,417131,24221900
1019,833,811,8565846,16212,417942,23985200
1020,783,811,8565063,16184,418753,24919300
1021,790,801,8564273,16173,419554,23851500
1022,788,792,8563485,16169,420346,24011000
1023,766,826,8562719,16109,421172,23634200
1024,835,828,8561884,16116,422000,23616100
1025,787,775,8561097,16128,422775,24611200
1026,783,840,8560314,16071,423615,23988700
1027,772,807,8559542,16036,424422,23961600
1028,794,782,8558748,16048,425204,24064400
1029,775,795,8557973,16028,425999,23723600
1030,796,798,8557177,16026,426797,24517000
1031,746,806,8556431,15966,427603,23623900
1032,804,839,8555627,15931,428442,23571300
1033,823,778,8554804,15976,429220,23578600
1034,800,816,8554004,15960,430036,23782500
1035,797,772,8553207,15985,430808,23488400
1036,773,833,8552434,15925,431641,24158200
1037,802,825,8551632,15902,432466,24853400
1038,825,776,8550807,15951,433242,24640400
1039,850,811,8549957,15990,434053,25570600
1040,822,834,8549135,15978,434887,25880800
1041,834,771,8548301,16041,435658,24540400
1042,779,862,8547522,15958,436520,24805500
1043,793,817,8546729,15934,437337,24712900
1044,800,800,8545929,15934,438137,24686100
1045,790,765,8545139,15959,438902,23896300
1046,851,868,8544288,15942,439770,23947000
1047,784,763,8543504,15963,440533,23899800
1048,823,791,8542681,15995,441324,24182600
1049,778,782,8541903,15991,442106,23957500
1050,829,775,8541074,16045,442881,24210000
1051,871,817,8540203,16099,443698,24038900
1052,901,801,8539302,16199,444499,23733300
1053,832,784,8538470,16247,445283,23648600
1054,847,792,8537623,16302,446075,24023400
1055,825,837,8536798,16290,446912,23797500
1056,804,830,8535994,16264,447742,23826700
1057,852,813,8535142,16303,448555,25537200
1058,859,775,8534283,16387,449330,24389000
1059,816,860,8533467,16343,450190,25336200
1060,884,857,8532583,16370,451047,23645800
1061,883,844,8531700,16409,451891,23873400
1062,876,845,8530824,16440,452736,25171300
1063,860,856,8529964,16444,453592,24574000
1064,853,786,8529111,16511,454378,23739600
1065,852,850,8528259,16513,455228,23995100
1066,851,845,8527408,16519,456073,23717200
1067,864,818,8526544,16565,456891,24516100
1068,855,855,8525689,16565,457746,24546900
1069,841,819,8524848,16587,458565,24251500
1070,809,775,8524039,16621,459340,24305000
1071,841,818,8523198,16644,460158,23874900
1072,863,851,8522335,16656,461009,24074300
1073,871,860,8521464,16667,461869,23753000
1074,828,804,8520636,16691,462673,24360100
1075,890,861,8519746,16720,463534,24049400
1076,861,815,8518885,16766,464349,23933900
1077,831,832,8518054,16765,465181,23817200
1078,842,828,8517212,16779,466009,23696000
1079,861,841,8516351,16799,466850,24020100
1080,831,831,8515520,16799,467681,23976500
1081,875,842,8514645,16832,468523,24404700
1082,834,859,8513811,16807,469382,23782100
1083,905,848,8512906,16864,470230,24451300
1084,848,855,8512058,16857,471085,24003200
1085,851,898,8511207,16810,471983,24225000
1086,862,847,8510345,16825,472830,23692700
1087,806,835,8509539,16796,473665,24552700
1088,889,843,8508650,16842,474508,24580100
1089,888,928,8507762,16802,475436,24496400
1090,846,829,8506916,16819,476265,25558500
1091,870,850,8506046,16839,477115,24542900
1092,850,848,8505196,16841,477963,24930400
1093,880,800,8504316,16921,478763,25121300
1094,864,866,8503452,16919,479629,25864900
1095,867,841,8502585,16945,480470,24293900
1096,862,909,8501723,16898,481379,24033900
1097,825,840,8500898,16883,482219,24050900
1098,874,885,8500024,16872,483104,25565500
1099,895,839,8499129,16928,483943,25000100
1100,849,857,8498280,16920,484800,24160400
1101,858,835,8497422,16943,485635,23717900
1102,862,816,8496560,16989,486451,23860800
1103,920,815,8495640,17094,487266,24409800
1104,852,844,8494788,17102,488110,25302000
1105,872,857,8493916,17117,488967,24082700
1106,875,888,8493041,17104,489855,23778500
1107,829,846,8492212,17087,490701,23884600
1108,840,840,8491372,17087,491541,24025200
1109,852,838,8490520,17101,492379,23808600
1110,929,879,8489591,17151,493258,24258800
1111,878,831,8488713,17198,494089,24165100
1112,880,862,8487833,17216,494951,23757900
1113,874,909,8486959,17181,495860,23936200
1114,831,891,8486128,17121,496751,23917000
1115,887,831,8485241,17177,497582,24420200
1116,864,818,8484377,17223,498400,23743000
1117,849,845,8483528,17227,499245,24094300
1118,913,873,8482615,17267,500118,23973000
1119,915,883,8481700,17299,501001,23903000
1120,871,919,8480829,17251,501920,24173000
1121,888,836,8479941,17303,502756,24645400
1122,905,842,8479036,17366,503598,24157100
1123,858,858,8478178,17366,504456,23823400
1124,847,858,8477331,17355,505314,24584900
1125,835,919,8476496,17271,506233,23643700
1126,866,844,8475630,17293,507077,23736400
1127,889,859,8474741,17323,507936,23869900
1128,907,907,8473834,17323,508843,24756500
1129,901,816,8472933,17408,509659,24123400
1130,851,913,8472082,17346,510572,24301500
1131,897,854,8471185,17389,511426,23738600
1132,862,892,8470323,17359,512318,24291400
1133,896,897,8469427,17358,513215,24112600
1134,911,826,8468516,17443,514041,24400900
1135,864,860,8467652,17447,514901,24273100
1136,879,875,8466773,17451,515776,23680300
1137,889,893,8465884,17447,516669,24679200
1138,919,860,8464965,17506,517529,25660400
1139,916,909,8464049,17513,518438,26305300
1140,864,857,8463185,17520,519295,26855000
1141,906,898,8462279,17528,520193,26638300
1142,968,807,8461311,17689,521000,25812800
1143,897,870,8460414,17716,521870,24988900
1144,832,884,8459582,17664,522754,25315300
1145,905,866,8458677,17703,523620,25551300
1146,880,889,8457797,17694,524509,24266300
1147,940,882,8456857,17752,525391,23660800
1148,936,922,8455921,17766,526313,24294700
1149,928,986,8454993,17708,527299,23890900
1150,884,880,8454109,17712,528179,23741300
1151,928,897,8453181,17743,529076,24293600
1152,898,854,8452283,17787,529930,24002600
1153,897,891,8451386,17793,530821,23842900
1154,944,876,8450442,17861,531697,24271300
1155,926,880,8449516,17907,532577,24370500
1156,909,912,8448607,17904,533489,24626300
1157,944,867,8447663,17981,534356,24020200
1158,902,929,8446761,17954,535285,24381000
1159,857,902,8445904,17909,536187,24278800
1160,892,919,8445012,17882,537106,24454100
1161,938,891,8444074,17929,537997,23973200
1162,908,872,8443166,17965,538869,23845800
1163,935,908,8442231,17992,539777,23789100
1164,889,920,8441342,17961,540697,23719800
1165,904,892,8440438,17973,541589,23861400
1166,969,939,8439469,18003,542528,23902400
1167,948,929,8438521,18022,543457,24334800
1168,905,867,8437616,18060,544324,24315800
1169,910,918,8436706,18052,545242,24188200
1170,947,900,8435759,18099,546142,23886800
1171,981,897,8434778,18183,547039,23876100
1172,901,934,8433877,18150,547973,23759000
1173,930,880,8432947,18200,548853,23912700
1174,946,946,8432001,18200,549799,24075800
1175,944,959,8431057,18185,550758,24132300
1176,852,929,8430205,18108,551687,24102800
1177,982,947,8429223,18143,552634,23813500
1178,902,925,8428321,18120,553559,23945100
1179,851,883,8427470,18088,554442,23866500
1180,891,895,8426579,18084,555337,26686700
1181,944,948,8425635,18080,556285,24896100
1182,905,940,8424730,18045,557225,24607100
1183,898,898,8423832,18045,558123,23927700
1184,905,944,8422927,18006,559067,24500600
1185,943,916,8421984,18033,559983,24606200
1186,946,911,8421038,18068,560894,25105800
1187,905,875,8420133,18098,561769,25331500
1188,936,888,8419197,18146,562657,24824800
1189,867,945,8418330,18068,563602,24748700
1190,938,897,8417392,18109,564499,24725100
1191,887,888,8416505,18108,565387,24747200
1192,918,917,8415587,18109,566304,25063100
1193,970,982,8414617,18097,567286,24796900
1194,962,916,8413655,18143,568202,24934900
1195,940,860,8412715,18223,569062,23982800
1196,900,917,8411815,18206,569979,23802100
1197,902,884,8410913,18224,570863,23829900
1198,956,850,8409957,18330,571713,23778000
1199,895,884,8409062,18341,572597,23798400
1200,943,911,8408119,18373,573508,24051600
1201,953,905,8407166,18421,574413,23950000
1202,866,879,8406300,18408,575292,23876300
1203,926,902,8405374,18432,576194,23992600
1204,917,982,8404457,18367,577176,24209300
1205,939,907,8403518,18399,578083,23859400
1206,918,941,8402600,18376,579024,24490100
1207,899,874,8401701,18401,579898,23809400
1208,912,938,8400789,18375,580836,24014000
1209,946,906,8399843,18415,581742,24306000
1210,948,873,8398895,18490,582615,23917700
1211,947,900,8397948,18537,583515,23970200
1212,904,973,8397044,18468,584488,23900900
1213,930,918,8396114,18480,585406,23976100
1214,912,893,8395202,18499,586299,24649700
1215,966,891,8394236,18574,587190,24837200
1216,929,927,8393307,18576,588117,24452900
1217,936,916,8392371,18596,589033,24671800
1218,949,992,8391422,18553,590025,24908600
1219,977,925,8390445,18605,590950,24506200
1220,935,868,8389510,18672,591818,25511100
1221,980,943,8388530,18709,592761,27409200
1222,1005,909,8387525,18805,593670,24722700
1223,959,1018,8386566,18746,594688,24604800
1224,987,928,8385579,18805,595616,25003200
1225,977,976,8384602,18806,596592,24324400
1226,947,923,8383655,18830,597515,24294200
1227,982,961,8382673,18851,598476,25499700
1228,958,980,8381715,18829,599456,24470200
1229,965,944,8380750,18850,600400,24306900
1230,980,917,8379770,18913,601317,23984800
1231,963,965,8378807,18911,602282,24525300
1232,1010,934,8377797,18987,603216,24416200
1233,978,871,8376819,19094,604087,24831700
1234,1014,924,8375805,19184,605011,24268600
1235,988,959,8374817,19213,605970,24425100
1236,960,947,8373857,19226,606917,25280200
1237,915,1014,8372942,19127,607931,25088400
1238,981,1013,8371961,19095,608944,25220100
1239,940,954,8371021,19081,609898,24797300
1240,956,949,8370065,19088,610847,24841100
1241,907,959,8369158,19036,611806,25602300
1242,1005,997,8368153,19044,612803,26176100
1243,1009,942,8367144,19111,613745,25182100
1244,976,912,8366168,19175,614657,24354200
1245,994,898,8365174,19271,615555,24172600
1246,949,949,8364225,19271,616504,24634700
1247,995,996,8363230,19270,617500,24593700
1248,1015,975,8362215,19310,618475,24681400
1249,991,969,8361224,19332,619444,24882200
1250,1014,1004,8360210,19342,620448,24562800
1251,920,963,8359290,19299,621411,24197800
1252,963,903,8358327,19359,622314,25277800
1253,972,980,8357355,19351,623294,26934100
1254,958,974,8356397,19335,624268,25037800
1255,950,906,8355447,19379,625174,24194500
1256,1014,978,8354433,19415,626152,23917900
1257,965,1015,8353468,19365,627167,24962500
1258,990,992,8352478,19363,628159,24378900
1259,1032,933,8351446,19462,629092,24215500
1260,954,950,8350492,19466,630042,24517300
1261,956,1028,8349536,19394,631070,24599400
1262,946,925,8348590,19415,631995,26445100
1263,972,983,8347618,19404,632978,25203900
1264,983,942,8346635,19445,633920,24438700
1265,957,956,8345678,19446,634876,24035600
1266,979,1006,8344699,19419,635882,24478400
1267,947,974,8343752,19392,636856,25434800
1268,997,949,8342755,19440,637805,28948300
1269,972,1006,8341783,19406,638811,24205800
1270,953,932,8340830,19427,639743,24436500
1271,1009,977,8339821,19459,640720,23999800
1272,1031,959,8338790,19531,641679,24114900
1273,1030,995,8337760,19566,642674,24336200
1274,1025,959,8336735,19632,643633,24085600
1275,988,1025,8335747,19595,644658,24741700
1276,1029,976,8334718,19648,645634,24724600
1277,1005,946,8333713,19707,646580,24222900
1278,991,1008,8332722,19690,647588,24589600
1279,1004,1021,8331718,19673,648609,24295500
1280,971,965,8330747,19679,649574,23913000
1281,1019,952,8329728,19746,650526,24120700
1282,1017,982,8328711,19781,651508,24150000
1283,1011,967,8327700,19825,652475,24082200
1284,1004,984,8326696,19845,653459,24972100
1285,1026,998,8325670,19873,654457,24964500
1286,982,1000,8324688,19855,655457,25397900
1287,1015,991,8323673,19879,656448,25178800
1288,1011,1004,8322662,19886,657452,25279000
1289,971,971,8321691,19886,658423,25361600
1290,1020,1013,8320671,19893,659436,25606400
1291,988,1003,8319683,19878,660439,24738400
1292,1087,990,8318596,19975,661429,24098100
1293,1028,970,8317568,20033,662399,24063000
1294,973,989,8316595,20017,663388,24203800
1295,1038,970,8315557,20085,664358,24260700
1296,1005,1036,8314552,20054,665394,24663500
1297,1043,993,8313509,20104,666387,24890700
1298,1010,984,8312499,20130,667371,24076500
1299,1025,1029,8311474,20126,668400,24365000
1300,1022,1017,8310452,20131,669417,24665700
1301,1049,997,8309403,20183,670414,24410100
1302,1080,990,8308323,20273,671404,25047400
1303,1019,1048,8307304,20244,672452,24823900
1304,1083,1065,8306221,20262,673517,24338000
1305,1020,1052,8305201,20230,674569,24074500
1306,1014,999,8304187,20245,675568,24836100
1307,983,1060,8303204,20168,676628,24174200
1308,1031,1011,8302173,20188,677639,25883900
1309,1099,1029,8301074,20258,678668,24982800
1310,1022,1023,8300052,20257,679691,24221700
1311,981,1002,8299071,20236,680693,24358300
1312,1036,974,8298035,20298,681667,24449500
1313,1047,1050,8296988,20295,682717,24103600
1314,1065,970,8295923,20390,683687,24517300
1315,1029,1013,8294894,20406,684700,24555500
1316,1057,979,8293837,20484,685679,24268700
1317,1020,1003,8292817,20501,686682,24506800
1318,1054,1087,8291763,20468,687769,24216400
1319,1069,1031,8290694,20506,688800,24210500
1320,1121,1027,8289573,20600,689827,24561800
1321,1042,1004,8288531,20638,690831,24836300
1322,1000,1054,8287531,20584,691885,24724600
1323,1089,1010,8286442,20663,692895,24378300
1324,1072,1100,8285370,20635,693995,24374300
1325,1057,1029,8284313,20663,695024,24202100
1326,1062,1049,8283251,20676,696073,24092200
1327,1023,937,8282228,20762,697010,24116400
1328,1026,1017,8281202,20771,698027,23995800
1329,1048,1016,8280154,20803,699043,24147200
1330,1018,1071,8279136,20750,700114,24755800
1331,1031,964,8278105,20817,701078,24327000
1332,1010,970,8277095,20857,702048,24092000
1333,1039,1022,8276056,20874,703070,25317400
1334,1042,1056,8275014,20860,704126,24880600
1335,1037,1005,8273977,20892,705131,25404700
1336,1021,1052,8272956,20861,706183,25201200
1337,1068,1057,8271888,20872,707240,24957100
1338,1046,1053,8270842,20865,708293,26027400
1339,1076,1047,8269766,20894,709340,25435000
1340,1081,1062,8268685,20913,710402,25125400
1341,1059,1054,8267626,20918,711456,24281200
1342,1021,1062,8266605,20877,712518,25429100
1343,1042,1074,8265563,20845,713592,25682200
1344,998,1051,8264565,20792,714643,24448100
1345,1063,1044,8263502,20811,715687,24378400
1346,1038,1056,8262464,20793,716743,24637500
1347,1099,1031,8261365,20861,717774,24561000
1348,1061,1048,8260304,20874,718822,24326100
1349,1024,1004,8259280,20894,719826,25388600
1350,1089,988,8258191,20995,720814,24401600
1351,1069,1006,8257122,21058,721820,24487900
1352,1066,1022,8256056,21102,722842,24274700
1353,1041,1063,8255015,21080,723905,24165500
1354,1039,1035,8253976,21084,724940,24932900
1355,1071,1055,8252905,21100,725995,24323800
1356,1097,1044,8251808,21153,727039,24229600
1357,1109,1067,8250699,21195,728106,24673000
1358,1132,1085,8249567,21242,729191,24224600
1359,1056,1031,8248511,21267,730222,24272900
1360,1018,1007,8247493,21278,731229,24276600
1361,1044,1098,8246449,21224,732327,24261500
1362,1059,1042,8245390,21241,733369,24244800
1363,1049,1037,8244341,21253,734406,24218200
1364,1048,1101,8243293,21200,735507,24749600
1365,1066,1088,8242227,21178,736595,25213100
1366,1084,1080,8241143,21182,737675,24611800
1367,1057,1116,8240086,21123,738791,24425900
1368,1063,1070,8239023,21116,739861,24768000
1369,1033,1051,8237990,21098,740912,24490200
1370,1099,1120,8236891,21077,742032,24213700
1371,1038,1046,8235853,21069,743078,24573700
1372,1047,1063,8234806,21053,744141,24501400
1373,1010,1041,8233796,21022,745182,24501100
1374,1027,1059,8232769,20990,746241,24382700
1375,1068,1015,8231701,21043,747256,24629000
1376,1050,1058,8230651,21035,748314,24295000
1377,1040,1012,8229611,21063,749326,24155200
1378,1039,1021,8228572,21081,750347,24380100
1379,1040,1042,8227532,21079,751389,24354900
1380,1048,1094,8226484,21033,752483,24386500
1381,1089,1068,8225395,21054,753551,24462500
1382,1096,1045,8224299,21105,754596,25728100
1383,1089,1089,8223210,21105,755685,26242600
1384,1110,1040,8222100,21175,756725,26482700
1385,1100,1068,8221000,21207,757793,25479500
1386,1120,1012,8219880,21315,758805,25153700
1387,1101,1032,8218779,21384,759837,25266800
1388,1071,1073,8217708,21382,760910,25234300
1389,1138,1094,8216570,21426,762004,25039200
1390,1079,1091,8215491,21414,763095,24887000
1391,1118,1107,8214373,21425,764202,24180500
1392,1045,1113,8213328,21357,765315,24269900
1393,1044,1101,8212284,21300,766416,24993600
1394,1052,1089,8211232,21263,767505,24219200
1395,1033,1072,8210199,21224,768577,25236700
1396,1101,1107,8209098,21218,769684,25194100
1397,1036,1039,8208062,21215,770723,24473100
1398,1091,1029,8206971,21277,771752,24339400
1399,1072,1084,8205899,21265,772836,24324100
1400,1115,1018,8204784,21362,773854,24999400
1401,1089,1028,8203695,21423,774882,24443300
1402,1040,1098,8202655,21365,775980,24662700
1403,1107,1044,8201548,21428,777024,24627400
1404,1170,1056,8200378,21542,778080,24352800
1405,1125,1104,8199253,21563,779184,24230500
1406,1115,1048,8198138,21630,780232,24257100
1407,1117,1046,8197021,21701,781278,24192700
1408,1068,1102,8195953,21667,782380,24231000
1409,1067,1055,8194886,21679,783435,24191300
1410,1115,1143,8193771,21651,784578,24107700
1411,1121,1103,8192650,21669,785681,24594400
1412,1108,1098,8191542,21679,786779,25382200
1413,1099,1064,8190443,21714,787843,24624300
1414,1099,1085,8189344,21728,788928,24883800
1415,1105,1082,8188239,21751,790010,24224000
1416,1084,1114,8187155,21721,791124,24256600
1417,1124,1108,8186031,21737,792232,25179700
1418,1146,1080,8184885,21803,793312,25145900
1419,1134,1032,8183751,21905,794344,24318400
1420,1132,1033,8182619,22004,795377,24143800
1421,1125,1146,8181494,21983,796523,24452300
1422,1100,1072,8180394,22011,797595,24614400
1423,1091,1095,8179303,22007,798690,25718900
1424,1115,1108,8178188,22014,799798,25527400
1425,1102,1098,8177086,22018,800896,24658200
1426,1113,1142,8175973,21989,802038,24214100
1427,1097,1103,8174876,21983,803141,24444100
1428,1110,1066,8173766,22027,804207,25000500
1429,1074,1109,8172692,21992,805316,24908300
1430,1086,1075,8171606,22003,806391,26460400
1431,1061,1074,8170545,21990,807465,26088800
1432,1081,1063,8169464,22008,808528,25386300
1433,1065,1109,8168399,21964,809637,25056100
1434,1110,1151,8167289,21923,810788,25204800
1435,1030,1109,8166259,21844,811897,26269700
1436,1108,1127,8165151,21825,813024,25373000
1437,1043,1120,8164108,21748,814144,25721100
1438,1069,1146,8163039,21671,815290,24574800
1439,1154,1138,8161885,21687,816428,24432000
1440,1094,1077,8160791,21704,817505,24339200
1441,1062,1123,8159729,21643,818628,26756800
1442,1095,1076,8158634,21662,819704,25261800
1443,1136,1111,8157498,21687,820815,25470700
1444,1122,1142,8156376,21667,821957,25629700
1445,1109,1062,8155267,21714,823019,25842800
1446,1121,1117,8154146,21718,824136,26214300
1447,1128,1072,8153018,21774,825208,25379700
1448,1116,1055,8151902,21835,826263,25824000
1449,1137,1127,8150765,21845,827390,25130300
1450,1123,1051,8149642,21917,828441,25222900
1451,1144,1093,8148498,21968,829534,25327900
1452,1136,1089,8147362,22015,830623,25192000
1453,1099,1116,8146263,21998,831739,25735700
1454,1084,1087,8145179,21995,832826,25476100
1455,1114,1094,8144065,22015,833920,25473200
1456,1187,1092,8142878,22110,835012,25578700
1457,1141,1184,8141737,22067,836196,25492500
1458,1091,1068,8140646,22090,837264,25545300
1459,1160,1101,8139486,22149,838365,25277400
1460,1183,1130,8138303,22202,839495,25346800
1461,1137,1158,8137166,22181,840653,25408800
1462,1211,1085,8135955,22307,841738,25562000
1463,1158,1056,8134797,22409,842794,26579000
1464,1166,1079,8133631,22496,843873,26765800
1465,1153,1185,8132478,22464,845058,26418000
1466,1114,1134,8131364,22444,846192,25097200
1467,1147,1134,8130217,22457,847326,25072000
1468,1127,1151,8129090,22433,848477,24634700
1469,1114,1135,8127976,22412,849612,24342400
1470,1098,1087,8126878,22423,850699,25446100
1471,1146,1103,8125732,22466,851802,25043200
1472,1137,1152,8124595,22451,852954,25265500
1473,1093,1140,8123502,22404,854094,24377600
1474,1106,1047,8122396,22463,855141,24335200
1475,1159,1159,8121237,22463,856300,24853300
1476,1169,1130,8120068,22502,857430,24697900
1477,1051,1116,8119017,22437,858546,24975900
1478,1084,1091,8117933,22430,859637,25215200
1479,1163,1141,8116770,22452,860778,25177400
1480,1192,1190,8115578,22454,861968,25221800
1481,1156,1119,8114422,22491,863087,25807000
1482,1155,1132,8113267,22514,864219,25317200
1483,1145,1102,8112122,22557,865321,25268600
1484,1152,1189,8110970,22520,866510,26700900
1485,1160,1173,8109810,22507,867683,24862100
1486,1134,1145,8108676,22496,868828,24312400
1487,1144,1167,8107532,22473,869995,24735300
1488,1166,1131,8106366,22508,871126,24827900
1489,1158,1093,8105208,22573,872219,24368700
1490,1151,1185,8104057,22539,873404,24821800
1491,1123,1119,8102934,22543,874523,24279400
1492,1080,1045,8101854,22578,875568,25099400
1493,1164,1124,8100690,22618,876692,24446500
1494,1062,1079,8099628,22601,877771,24280700
1495,1157,1115,8098471,22643,878886,24333000
1496,1158,1133,8097313,22668,880019,24333700
1497,1180,1153,8096133,22695,881172,24308200
1498,1174,1126,8094959,22743,882298,24269700
1499,1168,1093,8093791,22818,883391,24783400
1500,1171,1167,8092620,22822,884558,24521700
1501,1164,1155,8091456,22831,885713,24286200
1502,1216,1101,8090240,22946,886814,24981300
1503,1192,1149,8089048,22989,887963,25095400
1504,1191,1164,8087857,23016,889127,25085600
1505,1176,1144,8086681,23048,890271,24509700
1506,1142,1127,8085539,23063,891398,24790700
1507,1143,1182,8084396,23024,892580,25436100
1508,1188,1177,8083208,23035,893757,24630700
1509,1236,1158,8081972,23113,894915,24470500
1510,1155,1128,8080817,23140,896043,24704400
1511,1162,1148,8079655,23154,897191,25848800
1512,1195,1203,8078460,23146,898394,25115800
1513,1120,1153,8077340,23113,899547,24999700
1514,1138,1079,8076202,23172,900626,24683600
1515,1127,1180,8075075,23119,901806,24768300
1516,1129,1120,8073946,23128,902926,24638900
1517,1179,1104,8072767,23203,904030,24878400
1518,1135,1151,8071632,23187,905181,24294100
1519,1131,1184,8070501,23134,906365,24704500
1520,1158,1131,8069343,23161,907496,25126500
1521,1182,1135,8068161,23208,908631,24984500
1522,1166,1123,8066995,23251,909754,24411000
1523,1218,1137,8065777,23332,910891,24486300
1524,1156,1151,8064621,23337,912042,24463700
1525,1177,1202,8063444,23312,913244,24543700
1526,1181,1186,8062263,23307,914430,25359400
1527,1148,1121,8061115,23334,915551,25359800
1528,1128,1183,8059987,23279,916734,25559400
1529,1170,1190,8058817,23259,917924,26286100
1530,1193,1115,8057624,23337,919039,25332000
1531,1187,1156,8056437,23368,920195,25615600
1532,1096,1174,8055341,23290,921369,25298100
1533,1149,1160,8054192,23279,922529,25363000
1534,1211,1135,8052981,23355,923664,24386200
1535,1177,1254,8051804,23278,924918,24501800
1536,1107,1165,8050697,23220,926083,25512300
1537,1153,1079,8049544,23294,927162,24425000
1538,1204,1200,8048340,23298,928362,24754000
1539,1183,1153,8047157,23328,929515,24601300
1540,1208,1168,8045949,23368,930683,24721200
1541,1225,1160,8044724,23433,931843,25374900
1542,1254,1196,8043470,23491,933039,25348200
1543,1200,1133,8042270,23558,934172,27442900
1544,1246,1194,8041024,23610,935366,26789900
1545,1159,1201,8039865,23568,936567,24863300
1546,1185,1170,8038680,23583,937737,25044700
1547,1185,1173,8037495,23595,938910,24329500
1548,1186,1217,8036309,23564,940127,25114700
1549,1152,1170,8035157,23546,941297,24441400
1550,1161,1203,8033996,23504,942500,24628500
1551,1160,1157,8032836,23507,943657,25452600
1552,1242,1144,8031594,23605,944801,24503100
1553,1188,1213,8030406,23580,946014,24361700
1554,1195,1127,8029211,23648,947141,24637800
1555,1215,1234,8027996,23629,948375,24823800
1556,1170,1122,8026826,23677,949497,25005200
1557,1137,1152,8025689,23662,950649,24632900
1558,1203,1135,8024486,23730,951784,24406700
1559,1234,1215,8023252,23749,952999,24657700
1560,1214,1305,8022038,23658,954304,24853600
1561,1257,1183,8020781,23732,955487,24789700
1562,1233,1160,8019548,23805,956647,24530500
1563,1238,1180,8018310,23863,957827,24563900
1564,1239,1236,8017071,23866,959063,24525000
1565,1220,1182,8015851,23904,960245,24477000
1566,1222,1183,8014629,23943,961428,24368100
1567,1192,1236,8013437,23899,962664,24546600
1568,1188,1223,8012249,23864,963887,25141500
1569,1176,1136,8011073,23904,965023,25318900
1570,1212,1203,8009861,23913,966226,25192600
1571,1197,1196,8008664,23914,967422,24952900
1572,1198,1223,8007466,23889,968645,26224800
1573,1203,1192,8006263,23900,969837,24542800
1574,1209,1187,8005054,23922,971024,25559400
1575,1164,1205,8003890,23881,972229,25294800
1576,1158,1224,8002732,23815,973453,25580200
1577,1167,1131,8001565,23851,974584,25949800
1578,1193,1270,8000372,23774,975854,25613100
1579,1112,1202,7999260,23684,977056,25871100
1580,1206,1209,7998054,23681,978265,25443000
1581,1207,1162,7996847,23726,979427,25534000
1582,1285,1203,7995562,23808,980630,25313900
1583,1223,1167,7994339,23864,981797,25645200
1584,1214,1193,7993125,23885,982990,24976400
1585,1226,1247,7991899,23864,984237,24441500
1586,1207,1226,7990692,23845,985463,25225200
1587,1241,1119,7989451,23967,986582,24731900
1588,1216,1204,7988235,23979,987786,24711400
1589,1249,1228,7986986,24000,989014,24469700
1590,1256,1166,7985730,24090,990180,24561300
1591,1279,1207,7984451,24162,991387,25459400
1592,1231,1219,7983220,24174,992606,24678200
1593,1217,1190,7982003,24201,993796,24874400
1594,1162,1135,7980841,24228,994931,24829600
1595,1192,1263,7979649,24157,996194,24732900
1596,1250,1224,7978399,24183,997418,24586600
1597,1253,1186,7977146,24250,998604,24642500
1598,1250,1302,7975896,24198,999906,24752100
1599,1267,1186,7974629,24279,1001092,24478500
1600,1247,1248,7973382,24278,1002340,25020800
1601,1261,1257,7972121,24282,1003597,24860900
1602,1234,1150,7970887,24366,1004747,24591400
1603,1245,1249,7969642,24362,1005996,24655800
1604,1220,1245,7968422,24337,1007241,25003400
1605,1199,1308,7967223,24228,1008549,25559600
1606,1169,1256,7966054,24141,1009805,24853500
1607,1248,1211,7964806,24178,1011016,24779000
1608,1160,1242,7963646,24096,1012258,25262400
1609,1189,1231,7962457,24054,1013489,24787800
1610,1234,1189,7961223,24099,1014678,24841900
1611,1272,1177,7959951,24194,1015855,24499800
1612,1187,1241,7958764,24140,1017096,24988200
1613,1276,1260,7957488,24156,1018356,25301800
1614,1224,1237,7956264,24143,1019593,25228500
1615,1197,1228,7955067,24112,1020821,25324300
1616,1215,1275,7953852,24052,1022096,24749100
1617,1182,1212,7952670,24022,1023308,25116400
1618,1204,1142,7951466,24084,1024450,25136400
1619,1237,1197,7950229,24124,1025647,25123900
1620,1171,1148,7949058,24147,1026795,24910100
1621,1186,1263,7947872,24070,1028058,24551700
1622,1315,1209,7946557,24176,1029267,25486400
1623,1240,1213,7945317,24203,1030480,26139900
1624,1223,1205,7944094,24221,1031685,26038500
1625,1180,1221,7942914,24180,1032906,25381400
1626,1247,1211,7941667,24216,1034117,25846200
1627,1243,1199,7940424,24260,1035316,25873700
1628,1221,1188,7939203,24293,1036504,26746200
1629,1239,1290,7937964,24242,1037794,26632200
1630,1179,1188,7936785,24233,1038982,24895600
1631,1143,1254,7935642,24122,1040236,25652700
1632,1239,1220,7934403,24141,1041456,24941100
1633,1232,1172,7933171,24201,1042628,24578100
1634,1199,1229,7931972,24171,1043857,24875400
1635,1193,1267,7930779,24097,1045124,24823200
1636,1248,1259,7929531,24086,1046383,24886100
1637,1177,1206,7928354,24057,1047589,24967800
1638,1276,1261,7927078,24072,1048850,24612000
1639,1242,1159,7925836,24155,1050009,25123500
1640,1224,1198,7924612,24181,1051207,24784800
1641,1254,1218,7923358,24217,1052425,24493400
1642,1208,1200,7922150,24225,1053625,25756600
1643,1201,1190,7920949,24236,1054815,24819000
1644,1244,1175,7919705,24305,1055990,25002800
1645,1249,1215,7918456,24339,1057205,25157400
1646,1236,1177,7917220,24398,1058382,24597800
1647,1224,1212,7915996,24410,1059594,25341300
1648,1251,1209,7914745,24452,1060803,24645000
1649,1226,1174,7913519,24504,1061977,24915400
1650,1239,1204,7912280,24539,1063181,24613300
1651,1210,1196,7911070,24553,1064377,25064600
1652,1241,1238,7909829,24556,1065615,24930800
1653,1240,1211,7908589,24585,1066826,24586800
1654,1217,1205,7907372,24597,1068031,25416100
1655,1265,1214,7906107,24648,1069245,24536900
1656,1243,1268,7904864,24623,1070513,25419200
1657,1275,1266,7903589,24632,1071779,25626700
1658,1202,1250,7902387,24584,1073029,24599400
1659,1273,1239,7901114,24618,1074268,24545300
1660,1261,1189,7899853,24690,1075457,24511100
1661,1306,1215,7898547,24781,1076672,24929500
1662,1255,1253,7897292,24783,1077925,25232600
1663,1251,1241,7896041,24793,1079166,25157700
1664,1241,1289,7894800,24745,1080455,25471100
1665,1260,1237,7893540,24768,1081692,24857300
1666,1215,1229,7892325,24754,1082921,24567200
1667,1198,1190,7891127,24762,1084111,24512900
1668,1246,1220,7889881,24788,1085331,24860200
1669,1290,1193,7888591,24885,1086524,25444900
1670,1306,1250,7887285,24941,1087774,26501400
1671,1263,1236,7886022,24968,1089010,25706300
1672,1294,1304,7884728,24958,1090314,26647900
1673,1244,1203,7883484,24999,1091517,25773400
1674,1261,1316,7882223,24944,1092833,25540900
1675,1258,1294,7880965,24908,1094127,25805700
1676,1226,1173,7879739,24961,1095300,25630000
1677,1293,1279,7878446,24975,1096579,25785300
1678,1272,1284,7877174,24963,1097863,24540500
1679,1233,1297,7875941,24899,1099160,24581500
1680,1301,1320,7874640,24880,1100480,25632300
1681,1277,1270,7873363,24887,1101750,25022500
1682,1192,1276,7872171,24803,1103026,24922200
1683,1221,1230,7870950,24794,1104256,24661100
1684,1274,1208,7869676,24860,1105464,24652700
1685,1241,1250,7868435,24851,1106714,25121500
1686,1235,1285,7867200,24801,1107999,24992900
1687,1259,1236,7865941,24824,1109235,24763200
1688,1261,1280,7864680,24805,1110515,24557000
1689,1283,1187,7863397,24901,1111702,25205000
1690,1313,1327,7862084,24887,1113029,24604900
1691,1263,1257,7860821,24893,1114286,24563100
1692,1223,1278,7859598,24838,1115564,25115700
1693,1284,1266,7858314,24856,1116830,25086500
1694,1250,1281,7857064,24825,1118111,24950700
1695,1279,1234,7855785,24870,1119345,25117600
1696,1301,1268,7854484,24903,1120613,24640700
1697,1239,1227,7853245,24915,1121840,24936900
1698,1224,1236,7852021,24903,1123076,24760500
1699,1292,1270,7850729,24925,1124346,24820800
1700,1299,1187,7849430,25037,1125533,25297200
1701,1286,1319,7848144,25004,1126852,25067400
1702,1339,1277,7846805,25066,1128129,25954700
1703,1299,1224,7845506,25141,1129353,25735700
1704,1311,1267,7844195,25185,1130620,24979400
1705,1351,1354,7842844,25182,1131974,25250600
1706,1275,1271,7841569,25186,1133245,25008800
1707,1290,1301,7840279,25175,1134546,25080700
1708,1326,1283,7838953,25218,1135829,24784900
1709,1324,1259,7837629,25283,1137088,24694700
1710,1277,1260,7836352,25300,1138348,24838100
1711,1275,1205,7835077,25370,1139553,25356400
1712,1353,1252,7833724,25471,1140805,25863200
1713,1261,1276,7832463,25456,1142081,24717500
1714,1301,1278,7831162,25479,1143359,24799800
1715,1319,1222,7829843,25576,1144581,25003900
1716,1317,1205,7828526,25688,1145786,24983100
1717,1323,1308,7827203,25703,1147094,25251500
1718,1369,1277,7825834,25795,1148371,25644900
1719,1378,1310,7824456,25863,1149681,26228500
1720,1291,1319,7823165,25835,1151000,25885500
1721,1358,1334,7821807,25859,1152334,25529100
1722,1276,1322,7820531,25813,1153656,26246200
1723,1367,1269,7819164,25911,1154925,25748100
1724,1378,1289,7817786,26000,1156214,25759000
1725,1333,1295,7816453,26038,1157509,25041400
1726,1331,1288,7815122,26081,1158797,24903100
1727,1316,1364,7813806,26033,1160161,25608200
1728,1339,1342,7812467,26030,1161503,24941600
1729,1319,1338,7811148,26011,1162841,24632500
1730,1326,1291,7809822,26046,1164132,24990400
1731,1323,1284,7808499,26085,1165416,24598000
1732,1350,1255,7807149,26180,1166671,24752900
1733,1355,1312,7805794,26223,1167983,24698900
1734,1368,1297,7804426,26294,1169280,25463900
1735,1283,1306,7803143,26271,1170586,25464400
1736,1367,1335,7801776,26303,1171921,24681700
1737,1278,1221,7800498,26360,1173142,24692800
1738,1331,1362,7799167,26329,1174504,25486600
1739,1333,1339,7797834,26323,1175843,25066100
1740,1347,1300,7796487,26370,1177143,25021400
1741,1293,1350,7795194,26313,1178493,25828500
1742,1277,1269,7793917,26321,1179762,27077400
1743,1360,1325,7792557,26356,1181087,25520800
1744,1322,1339,7791235,26339,1182426,25563100
1745,1303,1316,7789932,26326,1183742,25468600
1746,1333,1290,7788599,26369,1185032,24782700
1747,1295,1305,7787304,26359,1186337,24999600
1748,1354,1310,7785950,26403,1187647,24950400
1749,1258,1368,7784692,26293,1189015,24886600
1750,1300,1316,7783392,26277,1190331,24929700
1751,1339,1268,7782053,26348,1191599,25696600
1752,1300,1381,7780753,26267,1192980,26494400
1753,1291,1314,7779462,26244,1194294,25481500
1754,1346,1321,7778116,26269,1195615,24786400
1755,1305,1251,7776811,26323,1196866,25060900
1756,1316,1391,7775495,26248,1198257,25177200
1757,1262,1295,7774233,26215,1199552,25174600
1758,1307,1347,7772926,26175,1200899,25398500
1759,1293,1278,7771633,26190,1202177,25144400
1760,1300,1310,7770333,26180,1203487,25113300
1761,1245,1312,7769088,26113,1204799,25200600
1762,1267,1375,7767821,26005,1206174,24770400
1763,1280,1304,7766541,25981,1207478,24822400
1764,1231,1250,7765310,25962,1208728,25102800
1765,1257,1321,7764053,25898,1210049,26407700
1766,1288,1279,7762765,25907,1211328,26422000
1767,1291,1317,7761474,25881,1212645,27521800
1768,1334,1307,7760140,25908,1213952,27163300
1769,1271,1355,7758869,25824,1215307,27253800
1770,1316,1232,7757553,25908,1216539,26694100
1771,1327,1288,7756226,25947,1217827,25968600
1772,1294,1277,7754932,25964,1219104,25751800
1773,1340,1300,7753592,26004,1220404,25856700
1774,1405,1255,7752187,26154,1221659,25091100
1775,1304,1296,7750883,26162,1222955,24695100
1776,1272,1321,7749611,26113,1224276,24632800
1777,1323,1265,7748288,26171,1225541,24740800
1778,1258,1254,7747030,26175,1226795,24561600
1779,1242,1326,7745788,26091,1228121,24778500
1780,1307,1327,7744481,26071,1229448,24806400
1781,1307,1311,7743174,26067,1230759,25192100
1782,1291,1342,7741883,26016,1232101,27946600
1783,1312,1224,7740571,26104,1233325,25404300
1784,1342,1284,7739229,26162,1234609,24877200
1785,1329,1340,7737900,26151,1235949,24845900
1786,1349,1364,7736551,26136,1237313,24647000
1787,1312,1274,7735239,26174,1238587,24676100
1788,1319,1320,7733920,26173,1239907,24923700
1789,1371,1270,7732549,26274,1241177,25252500
1790,1366,1285,7731183,26355,1242462,24997500
1791,1350,1316,7729833,26389,1243778,25706000
1792,1322,1342,7728511,26369,1245120,24795600
1793,1270,1289,7727241,26350,1246409,26502400
1794,1316,1383,7725925,26283,1247792,25552900
1795,1392,1390,7724533,26285,1249182,25022300
1796,1349,1324,7723184,26310,1250506,25369800
1797,1298,1300,7721886,26308,1251806,25125100
1798,1351,1275,7720535,26384,1253081,25709600
1799,1358,1284,7719177,26458,1254365,25546300
1800,1399,1316,7717778,26541,1255681,25413200
1801,1350,1280,7716428,26611,1256961,24968000
1802,1372,1333,7715056,26650,1258294,24957900
1803,1339,1315,7713717,26674,1259609,25356100
1804,1378,1375,7712339,26677,1260984,25464800
1805,1407,1351,7710932,26733,1262335,24664000
1806,1414,1356,7709518,26791,1263691,24889500
1807,1383,1337,7708135,26837,1265028,24853100
1808,1281,1444,7706854,26674,1266472,25035500
1809,1369,1317,7705485,26726,1267789,25018200
1810,1321,1358,7704164,26689,1269147,24699100
1811,1414,1284,7702750,26819,1270431,24825200
1812,1318,1375,7701432,26762,1271806,24769300
1813,1370,1297,7700062,26835,1273103,24861600
1814,1350,1379,7698712,26806,1274482,26062700
1815,1335,1258,7697377,26883,1275740,25902200
1816,1356,1382,7696021,26857,1277122,25966600
1817,1389,1347,7694632,26899,1278469,26106400
1818,1360,1354,7693272,26905,1279823,25675800
1819,1341,1346,7691931,26900,1281169,26059300
1820,1291,1283,7690640,26908,1282452,26428900
1821,1328,1304,7689312,26932,1283756,25472500
1822,1403,1353,7687909,26982,1285109,25103200
1823,1304,1315,7686605,26971,1286424,25486700
1824,1377,1273,7685228,27075,1287697,24716300
1825,1358,1405,7683870,27028,1289102,24713700
1826,1376,1401,7682494,27003,1290503,24705600
1827,1357,1323,7681137,27037,1291826,24838200
1828,1361,1351,7679776,27047,1293177,25034100
1829,1365,1403,7678411,27009,1294580,24868000
1830,1351,1333,7677060,27027,1295913,25563100
1831,1366,1313,7675694,27080,1297226,25945200
1832,1373,1342,7674321,27111,1298568,25127700
1833,1384,1343,7672937,27152,1299911,25461000
1834,1355,1345,7671582,27162,1301256,24706800
1835,1422,1350,7670160,27234,1302606,25454300
1836,1296,1332,7668864,27198,1303938,25171900
1837,1387,1332,7667477,27253,1305270,24863800
1838,1353,1438,7666124,27168,1306708,25106100
1839,1373,1341,7664751,27200,1308049,24695100
1840,1386,1380,7663365,27206,1309429,24923500
1841,1401,1400,7661964,27207,1310829,25493000
1842,1341,1373,7660623,27175,1312202,25539500
1843,1307,1380,7659316,27102,1313582,25107700
1844,1351,1299,7657965,27154,1314881,24759600
1845,1365,1351,7656600,27168,1316232,25411200
1846,1343,1330,7655257,27181,1317562,24938700
1847,1362,1370,7653895,27173,1318932,25732800
1848,1377,1335,7652518,27215,1320267,24938100
1849,1387,1326,7651131,27276,1321593,24739600
1850,1373,1390,7649758,27259,1322983,25252300
1851,1415,1317,7648343,27357,1324300,25241200
1852,1346,1408,7646997,27295,1325708,24818000
1853,1359,1326,7645638,27328,1327034,24956400
1854,1328,1398,7644310,27258,1328432,25232800
1855,1312,1353,7642998,27217,1329785,25820200
1856,1335,1397,7641663,27155,1331182,25294000
1857,1338,1439,7640325,27054,1332621,24863600
1858,1370,1341,7638955,27083,1333962,25205800
1859,1364,1334,7637591,27113,1335296,24894000
1860,1329,1357,7636262,27085,1336653,25995300
1861,1329,1350,7634933,27064,1338003,25857500
1862,1385,1345,7633548,27104,1339348,25694000
1863,1390,1296,7632158,27198,1340644,26075500
1864,1384,1351,7630774,27231,1341995,26109500
1865,1337,1383,7629437,27185,1343378,26433500
1866,1339,1353,7628098,27171,1344731,26259500
1867,1400,1364,7626698,27207,1346095,26030700
1868,1370,1419,7625328,27158,1347514,25947300
1869,1372,1409,7623956,27121,1348923,25618100
1870,1270,1367,7622686,27024,1350290,25751500
1871,1324,1432,7621362,26916,1351722,25470300
1872,1314,1326,7620048,26904,1353048,24889000
1873,1345,1371,7618703,26878,1354419,24763300
1874,1372,1347,7617331,26903,1355766,24776500
1875,1332,1429,7615999,26806,1357195,25188800
1876,1352,1327,7614647,26831,1358522,24899100
1877,1385,1331,7613262,26885,1359853,25422400
1878,1326,1359,7611936,26852,1361212,24807600
1879,1352,1336,7610584,26868,1362548,24876700
1880,1319,1336,7609265,26851,1363884,25522300
1881,1362,1323,7607903,26890,1365207,25249600
1882,1384,1329,7606519,26945,1366536,25209300
1883,1337,1374,7605182,26908,1367910,25176200
1884,1330,1342,7603852,26896,1369252,25130200
1885,1399,1331,7602453,26964,1370583,25345300
1886,1336,1377,7601117,26923,1371960,24974800
1887,1402,1339,7599715,26986,1373299,25245100
1888,1393,1376,7598322,27003,1374675,25263900
1889,1455,1309,7596867,27149,1375984,24842400
1890,1402,1373,7595465,27178,1377357,25418500
1891,1355,1405,7594110,27128,1378762,24824100
1892,1430,1362,7592680,27196,1380124,25256900
1893,1369,1353,7591311,27212,1381477,25525300
1894,1337,1323,7589974,27226,1382800,25012000
1895,1452,1359,7588522,27319,1384159,25492500
1896,1353,1390,7587169,27282,1385549,25105400
1897,1382,1354,7585787,27310,1386903,24751700
1898,1369,1377,7584418,27302,1388280,26311500
1899,1370,1395,7583048,27277,1389675,25758200
1900,1450,1328,7581598,27399,1391003,25952400
1901,1381,1365,7580217,27415,1392368,26009500
1902,1385,1379,7578832,27421,1393747,24924700
1903,1371,1372,7577461,27420,1395119,25534300
1904,1433,1360,7576028,27493,1396479,24905500
1905,1399,1397,7574629,27495,1397876,24754900
1906,1344,1360,7573285,27479,1399236,24917100
1907,1345,1335,7571940,27489,1400571,26105700
1908,1332,1312,7570608,27509,1401883,25342800
1909,1387,1422,7569221,27474,1403305,26554300
1910,1427,1342,7567794,27559,1404647,26284800
1911,1337,1378,7566457,27518,1406025,26423900
1912,1354,1379,7565103,27493,1407404,26378300
1913,1376,1361,7563727,27508,1408765,26237300
1914,1352,1421,7562375,27439,1410186,25812200
1915,1397,1411,7560978,27425,1411597,26290000
1916,1403,1335,7559575,27493,1412932,25879400
1917,1367,1305,7558208,27555,1414237,24775100
1918,1377,1404,7556831,27528,1415641,24805800
1919,1357,1444,7555474,27441,1417085,25286700
1920,1421,1392,7554053,27470,1418477,25386500
1921,1382,1413,7552671,27439,1419890,25693400
1922,1379,1336,7551292,27482,1421226,25132200
1923,1391,1372,7549901,27501,1422598,24863500
1924,1400,1373,7548501,27528,1423971,25026100
1925,1292,1408,7547209,27412,1425379,25567000
1926,1412,1348,7545797,27476,1426727,24975800
1927,1424,1371,7544373,27529,1428098,24935300
1928,1386,1358,7542987,27557,1429456,25243300
1929,1395,1386,7541592,27566,1430842,25221000
1930,1354,1366,7540238,27554,1432208,24866100
1931,1424,1325,7538814,27653,1433533,25858600
1932,1428,1411,7537386,27670,1434944,25039100
1933,1431,1377,7535955,27724,1436321,25258400
1934,1406,1397,7534549,27733,1437718,25457800
1935,1418,1350,7533131,27801,1439068,25828500
1936,1461,1374,7531670,27888,1440442,26313700
1937,1440,1401,7530230,27927,1441843,25210700
1938,1462,1466,7528768,27923,1443309,25482400
1939,1450,1440,7527318,27933,1444749,26178100
1940,1414,1375,7525904,27972,1446124,25834400
1941,1460,1335,7524444,28097,1447459,25205500
1942,1421,1407,7523023,28111,1448866,26637800
1943,1371,1366,7521652,28116,1450232,25534400
1944,1415,1382,7520237,28149,1451614,24819200
1945,1473,1437,7518764,28185,1453051,25313500
1946,1441,1452,7517323,28174,1454503,24866700
1947,1408,1413,7515915,28169,1455916,24955000
1948,1398,1426,7514517,28141,1457342,25176700
1949,1420,1364,7513097,28197,1458706,25050300
1950,1395,1491,7511702,28101,1460197,26181000
1951,1475,1319,7510227,28257,1461516,25091700
1952,1379,1400,7508848,28236,1462916,25527800
1953,1414,1422,7507434,28228,1464338,24924000
1954,1388,1476,7506046,28140,1465814,24946900
1955,1398,1375,7504648,28163,1467189,24815900
1956,1412,1420,7503236,28155,1468609,26461100
1957,1389,1385,7501847,28159,1469994,25734800
1958,1444,1400,7500403,28203,1471394,26235700
1959,1398,1364,7499005,28237,1472758,25810300
1960,1414,1412,7497591,28239,1474170,25845700
1961,1393,1443,7496198,28189,1475613,26428600
1962,1383,1390,7494815,28182,1477003,25981900
1963,1454,1424,7493361,28212,1478427,27104900
1964,1428,1397,7491933,28243,1479824,25422700
1965,1420,1405,7490513,28258,1481229,25201900
1966,1392,1483,7489121,28167,1482712,25371600
1967,1440,1412,7487681,28195,1484124,25252400
1968,1422,1333,7486259,28284,1485457,25345700
1969,1400,1375,7484859,28309,1486832,25768200
1970,1347,1430,7483512,28226,1488262,24910000
1971,1369,1398,7482143,28197,1489660,25673900
1972,1343,1415,7480800,28125,1491075,25156100
1973,1397,1418,7479403,28104,1492493,25466300
1974,1367,1442,7478036,28029,1493935,25667500
1975,1323,1337,7476713,28015,1495272,25383900
1976,1337,1394,7475376,27958,1496666,25258900
1977,1381,1462,7473995,27877,1498128,25782100
1978,1391,1394,7472604,27874,1499522,25764100
1979,1385,1389,7471219,27870,1500911,25502300
1980,1343,1386,7469876,27827,1502297,25275700
1981,1320,1372,7468556,27775,1503669,25451900
1982,1430,1386,7467126,27819,1505055,24880300
1983,1388,1405,7465738,27802,1506460,24759200
1984,1310,1344,7464428,27768,1507804,25070700
1985,1313,1347,7463115,27734,1509151,24891500
1986,1393,1362,7461722,27765,1510513,24919400
1987,1377,1404,7460345,27738,1511917,25165900
1988,1342,1417,7459003,27663,1513334,25010300
1989,1415,1429,7457588,27649,1514763,26258100
1990,1355,1356,7456233,27648,1516119,25557800
1991,1383,1403,7454850,27628,1517522,26017100
1992,1420,1364,7453430,27684,1518886,25058100
1993,1408,1378,7452022,27714,1520264,24966300
1994,1348,1341,7450674,27721,1521605,24835800
1995,1402,1402,7449272,27721,1523007,24993600
1996,1402,1364,7447870,27759,1524371,24757200
1997,1344,1357,7446526,27746,1525728,24902100
1998,1394,1349,7445132,27791,1527077,25022200
1999,1337,1406,7443795,27722,1528483,25349600
2000,1401,1423,7442394,27700,1529906,25269200
2001,1456,1457,7440938,27699,1531363,24955100
2002,1462,1412,7439476,27749,1532775,24946600
2003,1452,1333,7438024,27868,1534108,25277100
2004,1369,1404,7436655,27833,1535512,25790200
2005,1329,1385,7435326,27777,1536897,26104900
2006,1419,1398,7433907,27798,1538295,25810800
2007,1400,1357,7432507,27841,1539652,26187600
2008,1462,1398,7431045,27905,1541050,26444500
2009,1409,1340,7429636,27974,1542390,25969100
2010,1433,1376,7428203,28031,1543766,27802000
2011,1429,1416,7426774,28044,1545182,25081800
2012,1446,1421,7425328,28069,1546603,24814300
2013,1470,1451,7423858,28088,1548054,24889400
2014,1457,1434,7422401,28111,1549488,24880000
2015,1408,1398,7420993,28121,1550886,24828500
2016,1429,1376,7419564,28174,1552262,25236900
2017,1449,1407,7418115,28216,1553669,27193500
2018,1482,1417,7416633,28281,1555086,25957900
2019,1386,1415,7415247,28252,1556501,25471100
2020,1383,1384,7413864,28251,1557885,25354700
2021,1466,1420,7412398,28297,1559305,25917100
2022,1433,1374,7410965,28356,1560679,25321100
2023,1438,1420,7409527,28374,1562099,25822900
2024,1404,1411,7408123,28367,1563510,25023700
2025,1409,1465,7406714,28311,1564975,24817600
2026,1363,1377,7405351,28297,1566352,24908000
2027,1396,1397,7403955,28296,1567749,24952200
2028,1375,1424,7402580,28247,1569173,26038300
2029,1337,1396,7401243,28188,1570569,26243600
2030,1357,1437,7399886,28108,1572006,24985900
2031,1421,1380,7398465,28149,1573386,24958000
2032,1361,1392,7397104,28118,1574778,25265400
2033,1368,1434,7395736,28052,1576212,25314700
2034,1336,1416,7394400,27972,1577628,25287200
2035,1323,1424,7393077,27871,1579052,25102600
2036,1374,1332,7391703,27913,1580384,25221300
2037,1335,1412,7390368,27836,1581796,25785400
2038,1371,1364,7388997,27843,1583160,25138900
2039,1376,1385,7387621,27834,1584545,25129300
2040,1394,1430,7386227,27798,1585975,25707500
2041,1391,1346,7384836,27843,1587321,24958200
2042,1310,1431,7383526,27722,1588752,25031200
2043,1305,1365,7382221,27662,1590117,25122300
2044,1384,1402,7380837,27644,1591519,25362800
2045,1378,1363,7379459,27659,1592882,25008300
2046,1367,1387,7378092,27639,1594269,25289800
2047,1425,1355,7376667,27709,1595624,25603000
2048,1373,1439,7375294,27643,1597063,25266300
2049,1421,1411,7373873,27653,1598474,24863400
2050,1424,1424,7372449,27653,1599898,25467400
2051,1366,1323,7371083,27696,1601221,26323200
2052,1369,1378,7369714,27687,1602599,28352900
2053,1402,1410,7368312,27679,1604009,26645900
2054,1380,1389,7366932,27670,1605398,26992500
2055,1379,1376,7365553,27673,1606774,26011300
2056,1355,1380,7364198,27648,1608154,26240100
2057,1383,1372,7362815,27659,1609526,27267500
2058,1369,1383,7361446,27645,1610909,26383700
2059,1362,1385,7360084,27622,1612294,25244600
2060,1390,1398,7358694,27614,1613692,25281200
2061,1370,1374,7357324,27610,1615066,24892900
2062,1338,1334,7355986,27614,1616400,24862200
2063,1366,1435,7354620,27545,1617835,25173900
2064,1368,1430,7353252,27483,1619265,25314400
2065,1364,1392,7351888,27455,1620657,25551300
2066,1328,1371,7350560,27412,1622028,25393400
2067,1379,1400,7349181,27391,1623428,25027900
2068,1369,1387,7347812,27373,1624815,26320700
2069,1368,1386,7346444,27355,1626201,24996200
2070,1337,1389,7345107,27303,1627590,26543700
2071,1374,1375,7343733,27302,1628965,25550200
2072,1359,1296,7342374,27365,1630261,25228000
2073,1406,1367,7340968,27404,1631628,25096300
2074,1375,1389,7339593,27390,1633017,25090400
2075,1389,1399,7338204,27380,1634416,24996300
2076,1304,1373,7336900,27311,1635789,25272700
2077,1383,1321,7335517,27373,1637110,25037100
2078,1352,1359,7334165,27366,1638469,24861500
2079,1421,1349,7332744,27438,1639818,24903900
2080,1387,1402,7331357,27423,1641220,25683700
2081,1380,1348,7329977,27455,1642568,24966500
2082,1405,1396,7328572,27464,1643964,24739000
2083,1374,1374,7327198,27464,1645338,24859400
2084,1422,1397,7325776,27489,1646735,25001600
2085,1464,1419,7324312,27534,1648154,24842600
2086,1384,1460,7322928,27458,1649614,24924800
2087,1454,1394,7321474,27518,1651008,24830400
2088,1340,1341,7320134,27517,1652349,25261700
2089,1448,1370,7318686,27595,1653719,25391000
2090,1393,1398,7317293,27590,1655117,25149400
2091,1377,1398,7315916,27569,1656515,25657400
2092,1389,1390,7314527,27568,1657905,24949000
2093,1434,1433,7313093,27569,1659338,25136000
2094,1424,1398,7311669,27595,1660736,26281300
2095,1403,1416,7310266,27582,1662152,25325500
2096,1340,1343,7308926,27579,1663495,25797800
2097,1400,1357,7307526,27622,1664852,26086300
2098,1401,1385,7306125,27638,1666237,26367200
2099,1371,1442,7304754,27567,1667679,26016400
2100,1341,1369,7303413,27539,1669048,26428100
2101,1362,1315,7302051,27586,1670363,26710900
2102,1374,1398,7300677,27562,1671761,26768700
2103,1367,1336,7299310,27593,1673097,25902100
2104,1333,1358,7297977,27568,1674455,26544100
2105,1380,1438,7296597,27510,1675893,25354100
2106,1400,1313,7295197,27597,1677206,25150200
2107,1378,1333,7293819,27642,1678539,25981300
2108,1398,1394,7292421,27646,1679933,25533600
2109,1383,1299,7291038,27730,1681232,25169000
2110,1365,1394,7289673,27701,1682626,25308400
2111,1401,1364,7288272,27738,1683990,24829300
2112,1336,1412,7286936,27662,1685402,24920700
2113,1417,1357,7285519,27722,1686759,25184100
2114,1404,1320,7284115,27806,1688079,25153200
2115,1394,1347,7282721,27853,1689426,25593300
2116,1420,1361,7281301,27912,1690787,25224800
2117,1391,1370,7279910,27933,1692157,25157900
2118,1430,1407,7278480,27956,1693564,25381500
2119,1446,1427,7277034,27975,1694991,25527500
2120,1405,1350,7275629,28030,1696341,25553600
2121,1389,1320,7274240,28099,1697661,25229000
2122,1406,1443,7272834,28062,1699104,25289500
2123,1368,1417,7271466,28013,1700521,25304500
2124,1430,1424,7270036,28019,1701945,25063200
2125,1381,1379,7268655,28021,1703324,25267100
2126,1372,1456,7267283,27937,1704780,24855500
2127,1409,1386,7265874,27960,1706166,24780500
2128,1391,1444,7264483,27907,1707610,24880200
2129,1369,1427,7263114,27849,1709037,24826400
2130,1394,1387,7261720,27856,1710424,24863500
2131,1369,1421,7260351,27804,1711845,25180000
2132,1312,1388,7259039,27728,1713233,25744500
2133,1342,1398,7257697,27672,1714631,25341300
2134,1378,1381,7256319,27669,1716012,25816400
2135,1389,1366,7254930,27692,1717378,26539300
2136,1409,1385,7253521,27716,1718763,28247100
2137,1386,1320,7252135,27782,1720083,25032500
2138,1371,1403,7250764,27750,1721486,25357500
2139,1403,1438,7249361,27715,1722924,26008600
2140,1408,1340,7247953,27783,1724264,25520400
2141,1385,1454,7246568,27714,1725718,25139200
2142,1365,1428,7245203,27651,1727146,25182800
2143,1364,1424,7243839,27591,1728570,24835100
2144,1314,1396,7242525,27509,1729966,25273600
2145,1301,1388,7241224,27422,1731354,26113200
2146,1354,1338,7239870,27438,1732692,26350800
2147,1363,1384,7238507,27417,1734076,26549900
2148,1301,1333,7237206,27385,1735409,26379300
2149,1401,1336,7235805,27450,1736745,25875000
2150,1403,1381,7234402,27472,1738126,25806300
2151,1399,1394,7233003,27477,1739520,26068600
2152,1375,1323,7231628,27529,1740843,24836600
2153,1451,1382,7230177,27598,1742225,25463500
2154,1394,1385,7228783,27607,1743610,25303900
2155,1385,1401,7227398,27591,1745011,25282200
2156,1418,1398,7225980,27611,1746409,25390400
2157,1399,1381,7224581,27629,1747790,25278300
2158,1379,1396,7223202,27612,1749186,24924900
2159,1368,1372,7221834,27608,1750558,25317700
2160,1379,1385,7220455,27602,1751943,25364300
2161,1437,1409,7219018,27630,1753352,25336800
2162,1361,1411,7217657,27580,1754763,25075800
2163,1337,1399,7216320,27518,1756162,25379000
2164,1396,1352,7214924,27562,1757514,25397200
2165,1364,1329,7213560,27597,1758843,24960500
2166,1454,1318,7212106,27733,1760161,24882700
2167,1369,1368,7210737,27734,1761529,25250800
2168,1441,1368,7209296,27807,1762897,25846700
2169,1412,1358,7207884,27861,1764255,25037300
2170,1349,1371,7206535,27839,1765626,26457700
2171,1366,1442,7205169,27763,1767068,25504700
2172,1351,1372,7203818,27742,1768440,24949500
2173,1374,1387,7202444,27729,1769827,25149000
2174,1413,1416,7201031,27726,1771243,25853100
2175,1388,1420,7199643,27694,1772663,28927400
2176,1500,1433,7198143,27761,1774096,24957200
2177,1407,1397,7196736,27771,1775493,24879900
2178,1347,1424,7195389,27694,1776917,25493500
2179,1451,1421,7193938,27724,1778338,25186600
2180,1371,1371,7192567,27724,1779709,25342100
2181,1323,1347,7191244,27700,1781056,25370200
2182,1391,1384,7189853,27707,1782440,24905100
2183,1412,1407,7188441,27712,1783847,25040700
2184,1387,1411,7187054,27688,1785258,24956700
2185,1364,1341,7185690,27711,1786599,24984500
2186,1384,1454,7184306,27641,1788053,26133600
2187,1402,1419,7182904,27624,1789472,25209000
2188,1424,1371,7181480,27677,1790843,25470500
2189,1377,1413,7180103,27641,1792256,24886300
2190,1376,1356,7178727,27661,1793612,25359600
2191,1333,1341,7177394,27653,1794953,26390000
2192,1408,1496,7175986,27565,1796449,25702500
2193,1323,1358,7174663,27530,1797807,27434900
2194,1466,1378,7173197,27618,1799185,26958500
2195,1381,1414,7171816,27585,1800599,26618400
2196,1407,1374,7170409,27618,1801973,26174200
2197,1367,1359,7169042,27626,1803332,25850100
2198,1344,1401,7167698,27569,1804733,26012600
2199,1358,1408,7166340,27519,1806141,25488000
2200,1337,1356,7165003,27500,1807497,25618300
2201,1381,1343,7163622,27538,1808840,25153500
2202,1306,1368,7162316,27476,1810208,25283800
2203,1362,1415,7160954,27423,1811623,24926000
2204,1329,1387,7159625,27365,1813010,25074200
2205,1377,1371,7158248,27371,1814381,25074100
2206,1322,1401,7156926,27292,1815782,25716200
2207,1396,1402,7155530,27286,1817184,25395500
2208,1324,1371,7154206,27239,1818555,25251800
2209,1423,1404,7152783,27258,1819959,24974400
2210,1325,1354,7151458,27229,1821313,25471300
2211,1338,1384,7150120,27183,1822697,25074800
2212,1397,1394,7148723,27186,1824091,26290700
2213,1440,1361,7147283,27265,1825452,26672100
2214,1388,1369,7145895,27284,1826821,25780700
2215,1349,1403,7144546,27230,1828224,25140700
2216,1372,1354,7143174,27248,1829578,25304900
2217,1385,1411,7141789,27222,1830989,24959900
2218,1345,1305,7140444,27262,1832294,24871300
2219,1391,1376,7139053,27277,1833670,25086200
2220,1414,1403,7137639,27288,1835073,25089600
2221,1374,1348,7136265,27314,1836421,25671500
2222,1488,1367,7134777,27435,1837788,25271600
2223,1389,1362,7133388,27462,1839150,24953300
2224,1418,1360,7131970,27520,1840510,25194700
2225,1370,1353,7130600,27537,1841863,26051700
2226,1408,1370,7129192,27575,1843233,25804200
2227,1363,1360,7127829,27578,1844593,25148100
2228,1359,1357,7126470,27580,1845950,25118700
2229,1444,1425,7125026,27599,1847375,25886700
2230,1383,1420,7123643,27562,1848795,25526600
2231,1444,1341,7122199,27665,1850136,24863100
2232,1425,1360,7120774,27730,1851496,25043900
2233,1423,1341,7119351,27812,1852837,25037700
2234,1362,1394,7117989,27780,1854231,25534800
2235,1393,1397,7116596,27776,1855628,25628500
2236,1355,1377,7115241,27754,1857005,25759000
2237,1332,1396,7113909,27690,1858401,25600300
2238,1449,1327,7112460,27812,1859728,25567000
2239,1386,1487,7111074,27711,1861215,25762000
2240,1418,1352,7109656,27777,1862567,26120300
2241,1451,1379,7108205,27849,1863946,25921400
2242,1421,1420,7106784,27850,1865366,27554700
2243,1390,1364,7105394,27876,1866730,26396300
2244,1445,1364,7103949,27957,1868094,26114200
2245,1374,1397,7102575,27934,1869491,26080400
2246,1403,1405,7101172,27932,1870896,26346600
2247,1388,1339,7099784,27981,1872235,24969900
2248,1461,1394,7098323,28048,1873629,24954300
2249,1450,1375,7096873,28123,1875004,25603800
2250,1406,1331,7095467,28198,1876335,25016400
2251,1444,1421,7094023,28221,1877756,25736200
2252,1452,1395,7092571,28278,1879151,26243700
2253,1401,1397,7091170,28282,1880548,25790600
2254,1463,1406,7089707,28339,1881954,25119400
2255,1375,1391,7088332,28323,1883345,25208300
2256,1384,1365,7086948,28342,1884710,25309200
2257,1384,1425,7085564,28301,1886135,25006000
2258,1414,1443,7084150,28272,1887578,25855800
2259,1395,1446,7082755,28221,1889024,25467100
2260,1400,1451,7081355,28170,1890475,25327300
2261,1328,1392,7080027,28106,1891867,25530200
2262,1386,1415,7078641,28077,1893282,25386400
2263,1375,1452,7077266,28000,1894734,25486500
2264,1416,1418,7075850,27998,1896152,25451900
2265,1383,1363,7074467,28018,1897515,26349700
2266,1431,1351,7073036,28098,1898866,25313200
2267,1384,1435,7071652,28047,1900301,25874900
2268,1384,1425,7070268,28006,1901726,25388500
2269,1382,1489,7068886,27899,1903215,25143300
2270,1443,1452,7067443,27890,1904667,25389400
2271,1278,1432,7066165,27736,1906099,25532800
2272,1451,1394,7064714,27793,1907493,25038500
2273,1389,1350,7063325,27832,1908843,24881400
2274,1424,1391,7061901,27865,1910234,25009900
2275,1447,1345,7060454,27967,1911579,24964000
2276,1369,1416,7059085,27920,1912995,25002400
2277,1433,1411,7057652,27942,1914406,25091900
2278,1417,1362,7056235,27997,1915768,24864600
2279,1459,1443,7054776,28013,1917211,25689600
2280,1484,1449,7053292,28048,1918660,24933800
2281,1374,1397,7051918,28025,1920057,25446700
2282,1437,1433,7050481,28029,1921490,25127300
2283,1404,1417,7049077,28016,1922907,25164700
2284,1377,1379,7047700,28014,1924286,25162400
2285,1451,1431,7046249,28034,1925717,25149900
2286,1424,1427,7044825,28031,1927144,25120100
2287,1386,1371,7043439,28046,1928515,26308200
2288,1476,1447,7041963,28075,1929962,26707200
2289,1376,1418,7040587,28033,1931380,25838000
2290,1388,1412,7039199,28009,1932792,26246500
2291,1400,1462,7037799,27947,1934254,26357500
2292,1468,1416,7036331,27999,1935670,26242200
2293,1384,1443,7034947,27940,1937113,26011100
2294,1410,1383,7033537,27967,1938496,25907700
2295,1371,1389,7032166,27949,1939885,25110700
2296,1442,1408,7030724,27983,1941293,25051100
2297,1409,1436,7029315,27956,1942729,25259500
2298,1342,1392,7027973,27906,1944121,25411500
2299,1399,1356,7026574,27949,1945477,25341500
2300,1356,1427,7025218,27878,1946904,25336900
2301,1416,1366,7023802,27928,1948270,25397300
2302,1411,1490,7022391,27849,1949760,25378500
2303,1458,1368,7020933,27939,1951128,25152100
2304,1421,1364,7019512,27996,1952492,25905500
2305,1423,1453,7018089,27966,1953945,26285000
2306,1409,1448,7016680,27927,1955393,25018200
2307,1445,1404,7015235,27968,1956797,25402600
2308,1486,1398,7013749,28056,1958195,25635400
2309,1445,1456,7012304,28045,1959651,25766600
2310,1443,1321,7010861,28167,1960972,25051800
2311,1439,1427,7009422,28179,1962399,25061100
2312,1378,1432,7008044,28125,1963831,24955000
2313,1426,1324,7006618,28227,1965155,25152900
2314,1432,1438,7005186,28221,1966593,25025600
2315,1439,1419,7003747,28241,1968012,25103100
2316,1469,1435,7002278,28275,1969447,25026900
2317,1446,1459,7000832,28262,1970906,25042600
2318,1425,1351,6999407,28336,1972257,24951200
2319,1440,1417,6997967,28359,1973674,25045200
2320,1380,1408,6996587,28331,1975082,25207800
2321,1467,1394,6995120,28404,1976476,25577000
2322,1429,1384,6993691,28449,1977860,25091500
2323,1423,1416,6992268,28456,1979276,25449600
2324,1440,1403,6990828,28493,1980679,25419900
2325,1414,1381,6989414,28526,1982060,25193600
2326,1412,1458,6988002,28480,1983518,25708800
2327,1472,1444,6986530,28508,1984962,25875500
2328,1492,1413,6985038,28587,1986375,25007100
2329,1400,1429,6983638,28558,1987804,25050100
2330,1447,1410,6982191,28595,1989214,25435500
2331,1426,1360,6980765,28661,1990574,26114500
2332,1514,1409,6979251,28766,1991983,27801100
2333,1414,1475,6977837,28705,1993458,25720100
2334,1431,1409,6976406,28727,1994867,26259100
2335,1477,1417,6974929,28787,1996284,26030800
2336,1426,1483,6973503,28730,1997767,27011400
2337,1489,1457,6972014,28762,1999224,26821900
2338,1459,1492,6970555,28729,2000716,26528200
2339,1353,1446,6969202,28636,2002162,26414900
2340,1418,1405,6967784,28649,2003567,26247300
2341,1381,1457,6966403,28573,2005024,25653500
2342,1382,1438,6965021,28517,2006462,25172000
2343,1394,1428,6963627,28483,2007890,25497700
2344,1423,1428,6962204,28478,2009318,25938500
2345,1384,1441,6960820,28421,2010759,25926100
2346,1447,1474,6959373,28394,2012233,25534700
2347,1419,1384,6957954,28429,2013617,25072500
2348,1450,1380,6956504,28499,2014997,25232800
2349,1416,1502,6955088,28413,2016499,25412000
2350,1391,1460,6953697,28344,2017959,25571600
2351,1418,1372,6952279,28390,2019331,25316700
2352,1441,1401,6950838,28430,2020732,25737600
2353,1355,1462,6949483,28323,2022194,25658700
2354,1436,1412,6948047,28347,2023606,25099700
2355,1381,1392,6946666,28336,2024998,25051600
2356,1446,1391,6945220,28391,2026389,25193900
2357,1359,1380,6943861,28370,2027769,25004800
2358,1370,1498,6942491,28242,2029267,25095400
2359,1419,1355,6941072,28306,2030622,24935500
2360,1435,1479,6939637,28262,2032101,25122600
2361,1381,1438,6938256,28205,2033539,25223500
2362,1396,1348,6936860,28253,2034887,25241300
2363,1412,1397,6935448,28268,2036284,25095600
2364,1382,1466,6934066,28184,2037750,25170800
2365,1411,1415,6932655,28180,2039165,25353000
2366,1362,1407,6931293,28135,2040572,26222300
2367,1431,1476,6929862,28090,2042048,25374400
2368,1385,1456,6928477,28019,2043504,25005600
2369,1391,1438,6927086,27972,2044942,25667900
2370,1401,1390,6925685,27983,2046332,26401100
2371,1399,1420,6924286,27962,2047752,26238400
2372,1449,1423,6922837,27988,2049175,25107100
2373,1413,1434,6921424,27967,2050609,25249000
2374,1391,1465,6920033,27893,2052074,24989200
2375,1433,1350,6918600,27976,2053424,25181200
2376,1475,1408,6917125,28043,2054832,25048600
2377,1438,1348,6915687,28133,2056180,25078500
2378,1433,1395,6914254,28171,2057575,25787600
2379,1458,1345,6912796,28284,2058920,25442300
2380,1419,1472,6911377,28231,2060392,26132300
2381,1468,1430,6909909,28269,2061822,26534700
2382,1384,1391,6908525,28262,2063213,25811800
2383,1428,1462,6907097,28228,2064675,25946700
2384,1438,1412,6905659,28254,2066087,26948300
2385,1371,1407,6904288,28218,2067494,26579600
2386,1400,1376,6902888,28242,2068870,26458700
2387,1396,1427,6901492,28211,2070297,26375800
2388,1462,1475,6900030,28198,2071772,25763600
2389,1441,1384,6898589,28255,2073156,25173900
2390,1412,1466,6897177,28201,2074622,25286200
2391,1303,1445,6895874,28059,2076067,25748900
2392,1471,1349,6894403,28181,2077416,25568400
2393,1428,1375,6892975,28234,2078791,25210700
2394,1400,1319,6891575,28315,2080110,25049300
2395,1411,1383,6890164,28343,2081493,25796200
2396,1452,1398,6888712,28397,2082891,25006000
2397,1374,1460,6887338,28311,2084351,25238700
2398,1387,1402,6885951,28296,2085753,25335400
2399,1446,1387,6884505,28355,2087140,25132800
2400,1440,1407,6883065,28388,2088547,25662200
2401,1433,1504,6881632,28317,2090051,25015600
2402,1395,1409,6880237,28303,2091460,25362600
2403,1504,1398,6878733,28409,2092858,25061300
2404,1438,1433,6877295,28414,2094291,24999200
2405,1423,1395,6875872,28442,2095686,25161800
2406,1406,1439,6874466,28409,2097125,24978600
2407,1399,1476,6873067,28332,2098601,25067900
2408,1397,1424,6871670,28305,2100025,25532800
2409,1398,1398,6870272,28305,2101423,25666200
2410,1424,1349,6868848,28380,2102772,25633000
2411,1371,1415,6867477,28336,2104187,24984100
2412,1458,1418,6866019,28376,2105605,25265200
2413,1476,1504,6864543,28348,2107109,25972700
2414,1487,1400,6863056,28435,2108509,25067800
2415,1430,1363,6861626,28502,2109872,25103500
2416,1428,1429,6860198,28501,2111301,25334000
2417,1438,1441,6858760,28498,2112742,25342100
2418,1459,1310,6857301,28647,2114052,25859100
2419,1432,1430,6855869,28649,2115482,25081000
2420,1396,1436,6854473,28609,2116918,25448500
2421,1407,1412,6853066,28604,2118330,25458900
2422,1409,1396,6851657,28617,2119726,25271200
2423,1426,1453,6850231,28590,2121179,26831700
2424,1427,1462,6848804,28555,2122641,25801400
2425,1447,1490,6847357,28512,2124131,25358000
2426,1456,1429,6845901,28539,2125560,25733500
2427,1425,1510,6844476,28454,2127070,25516500
2428,1427,1490,6843049,28391,2128560,26816900
2429,1408,1424,6841641,28375,2129984,26514600
2430,1409,1368,6840232,28416,2131352,25945900
2431,1390,1422,6838842,28384,2132774,26330100
2432,1436,1426,6837406,28394,2134200,25926200
2433,1431,1407,6835975,28418,2135607,25893500
2434,1438,1403,6834537,28453,2137010,25961000
2435,1461,1430,6833076,28484,2138440,25738200
2436,1450,1387,6831626,28547,2139827,25849500
2437,1388,1513,6830238,28422,2141340,25367600
2438,1367,1380,6828871,28409,2142720,25345000
2439,1370,1390,6827501,28389,2144110,25114400
2440,1383,1422,6826118,28350,2145532,25262100
2441,1389,1454,6824729,28285,2146986,25484300
2442,1363,1483,6823366,28165,2148469,25170700
2443,1426,1462,6821940,28129,2149931,25658100
2444,1358,1377,6820582,28110,2151308,25697900
2445,1408,1424,6819174,28094,2152732,25424700
2446,1403,1456,6817771,28041,2154188,25204600
2447,1408,1366,6816363,28083,2155554,25562400
2448,1389,1407,6814974,28065,2156961,25598800
2449,1414,1463,6813560,28016,2158424,28702300
2450,1483,1410,6812077,28089,2159834,25023400
2451,1423,1356,6810654,28156,2161190,25081500
2452,1393,1485,6809261,28064,2162675,26042000
2453,1371,1410,6807890,28025,2164085,25592800
2454,1392,1334,6806498,28083,2165419,25306400
2455,1452,1386,6805046,28149,2166805,25120200
2456,1383,1384,6803663,28148,2168189,25088000
2457,1525,1423,6802138,28250,2169612,25242100
2458,1395,1346,6800743,28299,2170958,25401300
2459,1371,1435,6799372,28235,2172393,25303200
2460,1427,1436,6797945,28226,2173829,25448900
2461,1465,1348,6796480,28343,2175177,25484400
2462,1419,1305,6795061,28457,2176482,26182100
2463,1495,1412,6793566,28540,2177894,25692700
2464,1391,1409,6792175,28522,2179303,25239400
2465,1437,1418,6790738,28541,2180721,25768700
2466,1429,1380,6789309,28590,2182101,25536600
2467,1438,1459,6787871,28569,2183560,25297600
2468,1389,1415,6786482,28543,2184975,25593600
2469,1435,1383,6785047,28595,2186358,25973700
2470,1440,1434,6783607,28601,2187792,25333400
2471,1417,1429,6782190,28589,2189221,25419800
2472,1446,1422,6780744,28613,2190643,25655000
2473,1500,1480,6779244,28633,2192123,25730600
2474,1450,1374,6777794,28709,2193497,25562600
2475,1498,1414,6776296,28793,2194911,26143900
2476,1477,1477,6774819,28793,2196388,26354500
2477,1429,1395,6773390,28827,2197783,28526600
2478,1485,1481,6771905,28831,2199264,26100200
2479,1485,1400,6770420,28916,2200664,25941800
2480,1507,1415,6768913,29008,2202079,26541800
2481,1483,1427,6767430,29064,2203506,26247000
2482,1546,1478,6765884,29132,2204984,26150800
2483,1466,1417,6764418,29181,2206401,25044300
2484,1456,1467,6762962,29170,2207868,25019000
2485,1460,1428,6761502,29202,2209296,25963400
2486,1448,1401,6760054,29249,2210697,25621700
2487,1462,1463,6758592,29248,2212160,25785700
2488,1486,1518,6757106,29216,2213678,25582300
2489,1426,1421,6755680,29221,2215099,25041100
2490,1451,1434,6754229,29238,2216533,25128800
2491,1486,1517,6752743,29207,2218050,25143000
2492,1437,1470,6751306,29174,2219520,25405200
2493,1466,1451,6749840,29189,2220971,25358500
2494,1452,1358,6748388,29283,2222329,25191100
2495,1487,1481,6746901,29289,2223810,25209000
2496,1438,1507,6745463,29220,2225317,26086300
2497,1469,1517,6743994,29172,2226834,25785900
2498,1454,1466,6742540,29160,2228300,26523900
2499,1469,1471,6741071,29158,2229771,26365200
2500,1465,1463,6739606,29160,2231234,25727800
2501,1442,1512,6738164,29090,2232746,26331400
2502,1403,1464,6736761,29029,2234210,26107800
2503,1491,1410,6735270,29110,2235620,25667200
2504,1433,1469,6733837,29074,2237089,25127500
2505,1504,1476,6732333,29102,2238565,25449400
2506,1460,1403,6730873,29159,2239968,25388800
2507,1401,1457,6729472,29103,2241425,25444700
2508,1459,1448,6728013,29114,2242873,25449900
2509,1476,1502,6726537,29088,2244375,25113800
2510,1460,1505,6725077,29043,2245880,25802600
2511,1430,1465,6723647,29008,2247345,25458000
2512,1506,1419,6722141,29095,2248764,25399800
2513,1426,1505,6720715,29016,2250269,25170000
2514,1508,1450,6719207,29074,2251719,25226100
2515,1464,1469,6717743,29069,2253188,25368500
2516,1440,1380,6716303,29129,2254568,25611200
2517,1425,1379,6714878,29175,2255947,25805000
2518,1489,1371,6713389,29293,2257318,25097900
2519,1477,1418,6711912,29352,2258736,25153400
2520,1508,1473,6710404,29387,2260209,25537100
2521,1516,1457,6708888,29446,2261666,25446100
2522,1539,1490,6707349,29495,2263156,26354900
2523,1501,1492,6705848,29504,2264648,26602900
2524,1488,1473,6704360,29519,2266121,26359200
2525,1491,1444,6702869,29566,2267565,27136500
2526,1467,1470,6701402,29563,2269035,26656800
2527,1492,1503,6699910,29552,2270538,26247100
2528,1556,1513,6698354,29595,2272051,25974400
2529,1510,1487,6696844,29618,2273538,25343000
2530,1544,1517,6695300,29645,2275055,25405000
2531,1509,1536,6693791,29618,2276591,25464300
2532,1531,1419,6692260,29730,2278010,26074100
2533,1504,1453,6690756,29781,2279463,25629000
2534,1482,1587,6689274,29676,2281050,25224300
2535,1489,1470,6687785,29695,2282520,25853300
2536,1461,1497,6686324,29659,2284017,25085300
2537,1498,1534,6684826,29623,2285551,25186300
2538,1495,1505,6683331,29613,2287056,25109200
2539,1509,1452,6681822,29670,2288508,25750200
2540,1395,1477,6680427,29588,2289985,26678200
2541,1460,1434,6678967,29614,2291419,25243800
2542,1518,1505,6677449,29627,2292924,25274600
2543,1525,1460,6675924,29692,2294384,25741200
2544,1429,1454,6674495,29667,2295838,25875000
2545,1515,1510,6672980,29672,2297348,25403300
2546,1501,1521,6671479,29652,2298869,25198300
2547,1507,1422,6669972,29737,2300291,25321600
2548,1494,1488,6668478,29743,2301779,25221200
2549,1484,1550,6666994,29677,2303329,25456300
2550,1476,1554,6665518,29599,2304883,25492200
2551,1441,1427,6664077,29613,2306310,25915100
2552,1547,1498,6662530,29662,2307808,25645400
2553,1476,1438,6661054,29700,2309246,25281500
2554,1518,1522,6659536,29696,2310768,25258600
2555,1558,1487,6657978,29767,2312255,25652500
2556,1460,1531,6656518,29696,2313786,25686300
2557,1434,1473,6655084,29657,2315259,26150200
2558,1514,1468,6653570,29703,2316727,25649200
2559,1482,1532,6652088,29653,2318259,25641700
2560,1481,1481,6650607,29653,2319740,25838900
2561,1503,1410,6649104,29746,2321150,25934700
2562,1444,1461,6647660,29729,2322611,25884400
2563,1476,1481,6646184,29724,2324092,25453800
2564,1433,1452,6644751,29705,2325544,25885800
2565,1473,1458,6643278,29720,2327002,26418600
2566,1449,1497,6641829,29672,2328499,27469300
2567,1450,1459,6640379,29663,2329958,25777500
2568,1475,1457,6638904,29681,2331415,25882900
2569,1428,1434,6637476,29675,2332849,26253400
2570,1464,1528,6636012,29611,2334377,27577200
2571,1443,1499,6634569,29555,2335876,26119900
2572,1479,1473,6633090,29561,2337349,26179100
2573,1462,1490,6631628,29533,2338839,26491300
2574,1519,1467,6630109,29585,2340306,26572000
2575,1435,1492,6628674,29528,2341798,27670400
2576,1487,1524,6627187,29491,2343322,25358600
2577,1442,1427,6625745,29506,2344749,25142700
2578,1499,1428,6624246,29577,2346177,25490400
2579,1404,1461,6622842,29520,2347638,26183300
2580,1501,1504,6621341,29517,2349142,26206200
2581,1563,1455,6619778,29625,2350597,26090000
2582,1523,1514,6618255,29634,2352111,25203800
2583,1475,1487,6616780,29622,2353598,25644800
2584,1588,1505,6615192,29705,2355103,25873300
2585,1561,1468,6613631,29798,2356571,25347100
2586,1575,1475,6612056,29898,2358046,25650900
2587,1529,1537,6610527,29890,2359583,25570200
2588,1505,1493,6609022,29902,2361076,25421800
2589,1538,1466,6607484,29974,2362542,25695500
2590,1535,1452,6605949,30057,2363994,25532600
2591,1567,1469,6604382,30155,2365463,25610900
2592,1639,1535,6602743,30259,2366998,25257800
2593,1577,1569,6601166,30267,2368567,25215700
2594,1586,1506,6599580,30347,2370073,25236400
2595,1562,1523,6598018,30386,2371596,25599900
2596,1507,1509,6596511,30384,2373105,25556100
2597,1497,1548,6595014,30333,2374653,25975600
2598,1560,1508,6593454,30385,2376161,25267500
2599,1530,1575,6591924,30340,2377736,25237600
2600,1501,1494,6590423,30347,2379230,25250500
2601,1454,1568,6588969,30233,2380798,25216100
2602,1534,1543,6587435,30224,2382341,25716800
2603,1453,1475,6585982,30202,2383816,26107700
2604,1528,1412,6584454,30318,2385228,26104900
2605,1546,1540,6582908,30324,2386768,25727700
2606,1527,1508,6581381,30343,2388276,25182000
2607,1571,1515,6579810,30399,2389791,25258400
2608,1559,1422,6578251,30536,2391213,25878100
2609,1458,1516,6576793,30478,2392729,26301000
2610,1485,1522,6575308,30441,2394251,25916000
2611,1569,1478,6573739,30532,2395729,26009300
2612,1568,1487,6572171,30613,2397216,25785800
2613,1601,1524,6570570,30690,2398740,25286400
2614,1537,1538,6569033,30689,2400278,25305500
2615,1570,1539,6567463,30720,2401817,25766600
2616,1454,1503,6566009,30671,2403320,26099500
2617,1516,1485,6564493,30702,2404805,26492100
2618,1532,1490,6562961,30744,2406295,27370600
2619,1534,1611,6561427,30667,2407906,26539400
2620,1503,1504,6559924,30666,2409410,27793000
2621,1539,1505,6558385,30700,2410915,27626600
2622,1471,1511,6556914,30660,2412426,26878400
2623,1537,1548,6555377,30649,2413974,27132500
2624,1571,1582,6553806,30638,2415556,27262600
2625,1579,1466,6552227,30751,2417022,26800000
2626,1569,1606,6550658,30714,2418628,26351600
2627,1585,1573,6549073,30726,2420201,27387100
2628,1494,1488,6547579,30732,2421689,26976100
2629,1526,1583,6546053,30675,2423272,26886100
2630,1535,1538,6544518,30672,2424810,27399100
2631,1539,1564,6542979,30647,2426374,26871500
2632,1516,1523,6541463,30640,2427897,27030500
2633,1518,1505,6539945,30653,2429402,26768700
2634,1580,1518,6538365,30715,2430920,26684800
2635,1569,1517,6536796,30767,2432437,26808900
2636,1490,1507,6535306,30750,2433944,26618300
2637,1503,1495,6533803,30758,2435439,26497600
2638,1557,1628,6532246,30687,2437067,26557500
2639,1547,1512,6530699,30722,2438579,26639800
2640,1577,1554,6529122,30745,2440133,26840100
2641,1553,1545,6527569,30753,2441678,26948000
2642,1504,1604,6526065,30653,2443282,28053400
2643,1585,1524,6524480,30714,2444806,27429100
2644,1601,1513,6522879,30802,2446319,26402700
2645,1502,1546,6521377,30758,2447865,25678800
2646,1494,1553,6519883,30699,2449418,25899600
2647,1532,1428,6518351,30803,2450846,25497500
2648,1561,1597,6516790,30767,2452443,25929000
2649,1540,1604,6515250,30703,2454047,25937200
2650,1509,1558,6513741,30654,2455605,26066600
2651,1547,1507,6512194,30694,2457112,25664900
2652,1636,1488,6510558,30842,2458600,25672700
2653,1548,1514,6509010,30876,2460114,25347900
2654,1597,1523,6507413,30950,2461637,25962900
2655,1536,1556,6505877,30930,2463193,26270700
2656,1603,1505,6504274,31028,2464698,26078600
2657,1648,1598,6502626,31078,2466296,25775000
2658,1545,1576,6501081,31047,2467872,25478900
2659,1617,1538,6499464,31126,2469410,25477500
2660,1529,1493,6497935,31162,2470903,25664000
2661,1577,1552,6496358,31187,2472455,25686200
2662,1540,1527,6494818,31200,2473982,25525000
2663,1543,1525,6493275,31218,2475507,26627900
2664,1557,1487,6491718,31288,2476994,26723800
2665,1534,1555,6490184,31267,2478549,26725800
2666,1580,1615,6488604,31232,2480164,26292400
2667,1499,1614,6487105,31117,2481778,26255200
2668,1540,1550,6485565,31107,2483328,26541800
2669,1529,1599,6484036,31037,2484927,27117800
2670,1495,1565,6482541,30967,2486492,25620500
2671,1496,1564,6481045,30899,2488056,25694400
2672,1520,1513,6479525,30906,2489569,25617200
2673,1454,1537,6478071,30823,2491106,25295300
2674,1587,1545,6476484,30865,2492651,25621600
2675,1517,1504,6474967,30878,2494155,26140300
2676,1591,1585,6473376,30884,2495740,25819800
2677,1574,1517,6471802,30941,2497257,25276800
2678,1557,1521,6470245,30977,2498778,25554600
2679,1581,1555,6468664,31003,2500333,25857800
2680,1590,1568,6467074,31025,2501901,26007400
2681,1606,1507,6465468,31124,2503408,25475800
2682,1654,1603,6463814,31175,2505011,25501000
2683,1532,1547,6462282,31160,2506558,25963400
2684,1541,1553,6460741,31148,2508111,25464600
2685,1528,1624,6459213,31052,2509735,25883500
2686,1579,1590,6457634,31041,2511325,25365400
2687,1580,1588,6456054,31033,2512913,25411200
2688,1569,1572,6454485,31030,2514485,26174500
2689,1635,1590,6452850,31075,2516075,25662000
2690,1566,1566,6451284,31075,2517641,25642200
2691,1563,1532,6449721,31106,2519173,25487300
2692,1568,1554,6448153,31120,2520727,25657200
2693,1510,1501,6446643,31129,2522228,25478700
2694,1572,1555,6445071,31146,2523783,26463000
2695,1592,1538,6443479,31200,2525321,25649100
2696,1563,1542,6441916,31221,2526863,25434400
2697,1534,1530,6440382,31225,2528393,25859300
2698,1575,1590,6438807,31210,2529983,26225000
2699,1670,1474,6437137,31406,2531457,25427800
2700,1562,1552,6435575,31416,2533009,25765700
2701,1649,1571,6433926,31494,2534580,25849300
2702,1569,1532,6432357,31531,2536112,25832800
2703,1561,1527,6430796,31565,2537639,25921600
2704,1612,1579,6429184,31598,2539218,25809800
2705,1556,1541,6427628,31613,2540759,25798400
2706,1574,1502,6426054,31685,2542261,25479400
2707,1584,1618,6424470,31651,2543879,25404900
2708,1621,1567,6422849,31705,2545446,26167000
2709,1594,1610,6421255,31689,2547056,26996300
2710,1576,1540,6419679,31725,2548596,28365200
2711,1504,1558,6418175,31671,2550154,28446600
2712,1639,1522,6416536,31788,2551676,27118300
2713,1608,1584,6414928,31812,2553260,26716400
2714,1597,1539,6413331,31870,2554799,27679100
2715,1582,1614,6411749,31838,2556413,26110300
2716,1549,1610,6410200,31777,2558023,26042900
2717,1596,1631,6408604,31742,2559654,26624900
2718,1595,1515,6407009,31822,2561169,26838800
2719,1569,1629,6405440,31762,2562798,28466900
2720,1550,1641,6403890,31671,2564439,25352000
2721,1572,1597,6402318,31646,2566036,25448400
2722,1529,1610,6400789,31565,2567646,25530700
2723,1618,1628,6399171,31555,2569274,26017800
2724,1655,1625,6397516,31585,2570899,25858300
2725,1566,1561,6395950,31590,2572460,26270000
2726,1596,1577,6394354,31609,2574037,27166300
2727,1562,1582,6392792,31589,2575619,25959300
2728,1548,1536,6391244,31601,2577155,25299700
2729,1684,1550,6389560,31735,2578705,25889200
2730,1650,1589,6387910,31796,2580294,25880800
2731,1629,1526,6386281,31899,2581820,26212800
2732,1614,1580,6384667,31933,2583400,26359900
2733,1660,1561,6383007,32032,2584961,26090400
2734,1632,1619,6381375,32045,2586580,25427600
2735,1642,1634,6379733,32053,2588214,25363800
2736,1579,1612,6378154,32020,2589826,25532600
2737,1669,1598,6376485,32091,2591424,25627300
2738,1648,1627,6374837,32112,2593051,25349500
2739,1621,1591,6373216,32142,2594642,25544500
2740,1531,1607,6371685,32066,2596249,25415200
2741,1549,1551,6370136,32064,2597800,25409000
2742,1570,1592,6368566,32042,2599392,25898600
2743,1576,1575,6366990,32043,2600967,25922900
2744,1603,1553,6365387,32093,2602520,25972000
2745,1628,1635,6363759,32086,2604155,25833600
2746,1622,1556,6362137,32152,2605711,26347800
2747,1572,1587,6360565,32137,2607298,25894600
2748,1628,1562,6358937,32203,2608860,25921300
2749,1655,1714,6357282,32144,2610574,26206000
2750,1628,1560,6355654,32212,2612134,25860500
2751,1618,1601,6354036,32229,2613735,25320800
2752,1594,1569,6352442,32254,2615304,25788000
2753,1632,1565,6350810,32321,2616869,25684600
2754,1561,1552,6349249,32330,2618421,25496100
2755,1624,1599,6347625,32355,2620020,26744900
2756,1704,1609,6345921,32450,2621629,28221300
2757,1648,1600,6344273,32498,2623229,27148000
2758,1630,1637,6342643,32491,2624866,26414500
2759,1558,1647,6341085,32402,2626513,26335200
2760,1638,1596,6339447,32444,2628109,26374700
2761,1636,1658,6337811,32422,2629767,27200000
2762,1663,1556,6336148,32529,2631323,26343400
2763,1668,1640,6334480,32557,2632963,25933500
2764,1602,1605,6332878,32554,2634568,25310300
2765,1630,1665,6331248,32519,2636233,25499200
2766,1637,1612,6329611,32544,2637845,25811600
2767,1541,1584,6328070,32501,2639429,25443500
2768,1595,1586,6326475,32510,2641015,25891500
2769,1593,1721,6324882,32382,2642736,25365400
2770,1534,1710,6323348,32206,2644446,25491000
2771,1568,1593,6321780,32181,2646039,26059000
2772,1585,1616,6320195,32150,2647655,25852100
2773,1616,1669,6318579,32097,2649324,26234200
2774,1620,1620,6316959,32097,2650944,25942200
2775,1600,1526,6315359,32171,2652470,25565400
2776,1598,1666,6313761,32103,2654136,25543300
2777,1563,1621,6312198,32045,2655757,25755600
2778,1590,1519,6310608,32116,2657276,25471500
2779,1655,1639,6308953,32132,2658915,25410100
2780,1530,1612,6307423,32050,2660527,25785700
2781,1608,1592,6305815,32066,2662119,25483900
2782,1667,1565,6304148,32168,2663684,25593900
2783,1621,1644,6302527,32145,2665328,25603300
2784,1549,1655,6300978,32039,2666983,25680900
2785,1617,1590,6299361,32066,2668573,25506600
2786,1549,1564,6297812,32051,2670137,25416900
2787,1618,1538,6296194,32131,2671675,25904100
2788,1671,1678,6294523,32124,2673353,26280200
2789,1598,1634,6292925,32088,2674987,25509200
2790,1571,1524,6291354,32135,2676511,25699700
2791,1603,1637,6289751,32101,2678148,26357800
2792,1510,1629,6288241,31982,2679777,25812700
2793,1619,1631,6286622,31970,2681408,25900400
2794,1515,1587,6285107,31898,2682995,26480900
2795,1639,1680,6283468,31857,2684675,25960800
2796,1556,1596,6281912,31817,2686271,26510400
2797,1608,1610,6280304,31815,2687881,25398100
2798,1578,1523,6278726,31870,2689404,25812000
2799,1583,1573,6277143,31880,2690977,26076100
2800,1611,1642,6275532,31849,2692619,25403100
2801,1566,1713,6273966,31702,2694332,25691000
2802,1621,1608,6272345,31715,2695940,26137700
2803,1576,1634,6270769,31657,2697574,26221100
2804,1563,1590,6269206,31630,2699164,26232800
2805,1555,1597,6267651,31588,2700761,26316800
2806,1563,1596,6266088,31555,2702357,27354800
2807,1622,1586,6264466,31591,2703943,26212600
2808,1554,1624,6262912,31521,2705567,26616300
2809,1604,1613,6261308,31512,2707180,25950200
2810,1596,1544,6259712,31564,2708724,26368400
2811,1625,1651,6258087,31538,2710375,26247500
2812,1667,1491,6256420,31714,2711866,25939100
2813,1644,1561,6254776,31797,2713427,25996300
2814,1675,1563,6253101,31909,2714990,26359900
2815,1664,1626,6251437,31947,2716616,25660300
2816,1674,1578,6249763,32043,2718194,25480200
2817,1631,1555,6248132,32119,2719749,25366900
2818,1638,1594,6246494,32163,2721343,25576700
2819,1635,1646,6244859,32152,2722989,25823700
2820,1654,1603,6243205,32203,2724592,25680900
2821,1680,1635,6241525,32248,2726227,25671000
2822,1652,1662,6239873,32238,2727889,26061500
2823,1577,1625,6238296,32190,2729514,25529600
2824,1646,1586,6236650,32250,2731100,25586300
2825,1581,1613,6235069,32218,2732713,25942000
2826,1585,1592,6233484,32211,2734305,25541800
2827,1670,1648,6231814,32233,2735953,25867200
2828,1705,1647,6230109,32291,2737600,25860700
2829,1731,1614,6228378,32408,2739214,25871400
2830,1670,1625,6226708,32453,2740839,26028500
2831,1686,1545,6225022,32594,2742384,25764400
2832,1629,1701,6223393,32522,2744085,26664300
2833,1601,1587,6221792,32536,2745672,28253400
2834,1628,1622,6220164,32542,2747294,29164700
2835,1675,1652,6218489,32565,2748946,26516000
2836,1627,1594,6216862,32598,2750540,25909100
2837,1650,1587,6215212,32661,2752127,26072500
2838,1660,1611,6213552,32710,2753738,25498000
2839,1646,1616,6211906,32740,2755354,25749900
2840,1672,1558,6210234,32854,2756912,25469100
2841,1638,1616,6208596,32876,2758528,25984000
2842,1571,1651,6207025,32796,2760179,25914500
2843,1663,1597,6205362,32862,2761776,25851700
2844,1643,1659,6203719,32846,2763435,25918400
2845,1677,1662,6202042,32861,2765097,25670600
2846,1631,1621,6200411,32871,2766718,25685100
2847,1582,1637,6198829,32816,2768355,25926200
2848,1629,1644,6197200,32801,2769999,26660300
2849,1682,1645,6195518,32838,2771644,27387000
2850,1570,1597,6193948,32811,2773241,26504700
2851,1729,1635,6192219,32905,2774876,26982200
2852,1639,1639,6190580,32905,2776515,27342800
2853,1667,1543,6188913,33029,2778058,26347800
2854,1639,1587,6187274,33081,2779645,26342900
2855,1639,1643,6185635,33077,2781288,25757400
2856,1647,1660,6183988,33064,2782948,25703500
2857,1622,1630,6182366,33056,2784578,25768700
2858,1673,1567,6180693,33162,2786145,26558800
2859,1670,1694,6179023,33138,2787839,25446900
2860,1583,1570,6177440,33151,2789409,25537600
2861,1783,1654,6175657,33280,2791063,25879200
2862,1696,1726,6173961,33250,2792789,26035400
2863,1651,1676,6172310,33225,2794465,25961900
2864,1653,1665,6170657,33213,2796130,25674800
2865,1645,1660,6169012,33198,2797790,26242000
2866,1672,1656,6167340,33214,2799446,25470800
2867,1589,1756,6165751,33047,2801202,25576700
2868,1605,1671,6164146,32981,2802873,25412000
2869,1612,1688,6162534,32905,2804561,26031100
2870,1729,1650,6160805,32984,2806211,25813000
2871,1711,1592,6159094,33103,2807803,26532000
2872,1721,1627,6157373,33197,2809430,26094000
2873,1755,1622,6155618,33330,2811052,25749100
2874,1619,1654,6153999,33295,2812706,25787400
2875,1622,1705,6152377,33212,2814411,25775400
2876,1722,1699,6150655,33235,2816110,25429600
2877,1648,1678,6149007,33205,2817788,25807300
2878,1646,1703,6147361,33148,2819491,25707400
2879,1695,1641,6145666,33202,2821132,25844000
2880,1664,1703,6144002,33163,2822835,25613700
2881,1690,1622,6142312,33231,2824457,25811400
2882,1671,1665,6140641,33237,2826122,25995600
2883,1639,1696,6139002,33180,2827818,25841200
2884,1682,1654,6137320,33208,2829472,25643800
2885,1661,1678,6135659,33191,2831150,25801400
2886,1656,1647,6134003,33200,2832797,25834100
2887,1654,1626,6132349,33228,2834423,25750500
2888,1647,1696,6130702,33179,2836119,27234100
2889,1660,1663,6129042,33176,2837782,26419100
2890,1601,1644,6127441,33133,2839426,25975400
2891,1675,1668,6125766,33140,2841094,25780300
2892,1637,1664,6124129,33113,2842758,25444200
2893,1686,1689,6122443,33110,2844447,26413900
2894,1628,1649,6120815,33089,2846096,26942800
2895,1653,1587,6119162,33155,2847683,27676900
2896,1642,1713,6117520,33084,2849396,27314900
2897,1682,1633,6115838,33133,2851029,26585000
2898,1607,1636,6114231,33104,2852665,26941400
2899,1580,1631,6112651,33053,2854296,27704300
2900,1711,1601,6110940,33163,2855897,28640800
2901,1669,1681,6109271,33151,2857578,27539800
2902,1630,1575,6107641,33206,2859153,25518100
2903,1676,1635,6105965,33247,2860788,26624400
2904,1701,1661,6104264,33287,2862449,25890300
2905,1674,1673,6102590,33288,2864122,26035300
2906,1662,1710,6100928,33240,2865832,25939200
2907,1641,1683,6099287,33198,2867515,25662200
2908,1657,1665,6097630,33190,2869180,25660600
2909,1582,1681,6096048,33091,2870861,26410900
2910,1586,1675,6094462,33002,2872536,26639400
2911,1658,1615,6092804,33045,2874151,26364500
2912,1709,1672,6091095,33082,2875823,25859000
2913,1689,1693,6089406,33078,2877516,25843800
2914,1646,1638,6087760,33086,2879154,26097400
2915,1684,1691,6086076,33079,2880845,25489000
2916,1617,1649,6084459,33047,2882494,25531700
2917,1699,1588,6082760,33158,2884082,26106900
2918,1635,1711,6081125,33082,2885793,26120000
2919,1677,1636,6079448,33123,2887429,26319400
2920,1560,1687,6077888,32996,2889116,25768900
2921,1702,1705,6076186,32993,2890821,25650300
2922,1683,1668,6074503,33008,2892489,25405600
2923,1652,1662,6072851,32998,2894151,25547200
2924,1699,1662,6071152,33035,2895813,25664200
2925,1680,1655,6069472,33060,2897468,25661700
2926,1684,1648,6067788,33096,2899116,26856900
2927,1635,1682,6066153,33049,2900798,26236000
2928,1628,1658,6064525,33019,2902456,25758700
2929,1624,1677,6062901,32966,2904133,26132900
2930,1649,1655,6061252,32960,2905788,25722900
2931,1552,1549,6059700,32963,2907337,26430700
2932,1690,1706,6058010,32947,2909043,25835500
2933,1640,1630,6056370,32957,2910673,26014800
2934,1693,1599,6054677,33051,2912272,25581300
2935,1641,1583,6053036,33109,2913855,25657500
2936,1673,1663,6051363,33119,2915518,26497400
2937,1611,1681,6049752,33049,2917199,25591100
2938,1689,1606,6048063,33132,2918805,25926900
2939,1667,1615,6046396,33184,2920420,26082300
2940,1654,1700,6044742,33138,2922120,26320400
2941,1667,1650,6043075,33155,2923770,26329500
2942,1650,1632,6041425,33173,2925402,27398800
2943,1685,1663,6039740,33195,2927065,27695100
2944,1661,1659,6038079,33197,2928724,26933600
2945,1677,1665,6036402,33209,2930389,26374300
2946,1622,1664,6034780,33167,2932053,26379600
2947,1586,1608,6033194,33145,2933661,26775900
2948,1627,1628,6031567,33144,2935289,27290000
2949,1616,1697,6029951,33063,2936986,26085100
2950,1686,1633,6028265,33116,2938619,25974500
2951,1635,1658,6026630,33093,2940277,25931100
2952,1598,1680,6025032,33011,2941957,26198400
2953,1595,1699,6023437,32907,2943656,26349200
2954,1586,1592,6021851,32901,2945248,26032800
2955,1638,1692,6020213,32847,2946940,25532400
2956,1681,1668,6018532,32860,2948608,26163900
2957,1634,1584,6016898,32910,2950192,25978200
2958,1642,1571,6015256,32981,2951763,26239600
2959,1647,1585,6013609,33043,2953348,26629400
2960,1701,1638,6011908,33106,2954986,25650400
2961,1648,1697,6010260,33057,2956683,26051400
2962,1614,1606,6008646,33065,2958289,25566400
2963,1638,1622,6007008,33081,2959911,25558500
2964,1657,1648,6005351,33090,2961559,27170800
2965,1617,1633,6003734,33074,2963192,25797100
2966,1697,1647,6002037,33124,2964839,25861500
2967,1662,1647,6000375,33139,2966486,26780400
2968,1731,1701,5998644,33169,2968187,25533500
2969,1708,1738,5996936,33139,2969925,25611700
2970,1630,1671,5995306,33098,2971596,25857500
2971,1616,1697,5993690,33017,2973293,26172300
2972,1663,1614,5992027,33066,2974907,26091400
2973,1658,1676,5990369,33048,2976583,25624500
2974,1712,1633,5988657,33127,2978216,26303100
2975,1707,1682,5986950,33152,2979898,25590100
2976,1698,1724,5985252,33126,2981622,25987400
2977,1667,1770,5983585,33023,2983392,25767900
2978,1672,1625,5981913,33070,2985017,25554800
2979,1681,1613,5980232,33138,2986630,25878900
2980,1695,1644,5978537,33189,2988274,25558600
2981,1654,1677,5976883,33166,2989951,26542200
2982,1623,1667,5975260,33122,2991618,26451600
2983,1664,1617,5973596,33169,2993235,26291000
2984,1619,1703,5971977,33085,2994938,25816500
2985,1649,1709,5970328,33025,2996647,26273400
2986,1621,1676,5968707,32970,2998323,27344200
2987,1615,1619,5967092,32966,2999942,28475200
2988,1676,1647,5965416,32995,3001589,26978500
2989,1649,1620,5963767,33024,3003209,26843200
2990,1722,1672,5962045,33074,3004881,26494200
2991,1696,1610,5960349,33160,3006491,26257800
2992,1710,1715,5958639,33155,3008206,27086500
2993,1673,1685,5956966,33143,3009891,27575800
2994,1663,1671,5955303,33135,3011562,26383300
2995,1672,1632,5953631,33175,3013194,26353800
2996,1697,1771,5951934,33101,3014965,26069400
2997,1644,1654,5950290,33091,3016619,26171400
2998,1694,1619,5948596,33166,3018238,25757500
2999,1621,1679,5946975,33108,3019917,26235000
3000,1634,1664,5945341,33078,3021581,25601500
3001,1644,1607,5943697,33115,3023188,25958300
3002,1644,1665,5942053,33094,3024853,26716300
3003,1673,1697,5940380,33070,3026550,25816300
3004,1710,1650,5938670,33130,3028200,26003100
3005,1675,1659,5936995,33146,3029859,25933600
3006,1693,1614,5935302,33225,3031473,25780900
3007,1586,1659,5933716,33152,3033132,25582300
3008,1672,1694,5932044,33130,3034826,25535900
3009,1711,1637,5930333,33204,3036463,25541400
3010,1677,1652,5928656,33229,3038115,26131600
3011,1756,1722,5926900,33263,3039837,26110800
3012,1770,1664,5925130,33369,3041501,25837000
3013,1636,1699,5923494,33306,3043200,25911100
3014,1774,1637,5921720,33443,3044837,26029200
3015,1664,1595,5920056,33512,3046432,26252700
3016,1647,1764,5918409,33395,3048196,26261600
3017,1634,1715,5916775,33314,3049911,25854500
3018,1652,1596,5915123,33370,3051507,26363700
3019,1669,1713,5913454,33326,3053220,25772100
3020,1730,1686,5911724,33370,3054906,26187800
3021,1650,1582,5910074,33438,3056488,26344300
3022,1670,1731,5908404,33377,3058219,25822100
3023,1659,1657,5906745,33379,3059876,26291300
3024,1730,1603,5905015,33506,3061479,26444200
3025,1683,1651,5903332,33538,3063130,28042800
3026,1723,1647,5901609,33614,3064777,25916200
3027,1638,1712,5899971,33540,3066489,25794100
3028,1657,1690,5898314,33507,3068179,26080200
3029,1711,1582,5896603,33636,3069761,26066900
3030,1664,1693,5894939,33607,3071454,26270100
3031,1766,1722,5893173,33651,3073176,25977800
3032,1632,1746,5891541,33537,3074922,26467500
3033,1743,1666,5889798,33614,3076588,27066400
3034,1711,1661,5888087,33664,3078249,27410700
3035,1715,1775,5886372,33604,3080024,26817900
3036,1700,1735,5884672,33569,3081759,26961100
3037,1640,1758,5883032,33451,3083517,27593100
3038,1709,1656,5881323,33504,3085173,27035900
3039,1658,1745,5879665,33417,3086918,28230300
3040,1708,1668,5877957,33457,3088586,26300100
3041,1660,1693,5876297,33424,3090279,27177000
3042,1742,1686,5874555,33480,3091965,26186800
3043,1680,1589,5872875,33571,3093554,26013100
3044,1697,1708,5871178,33560,3095262,25769300
3045,1717,1670,5869461,33607,3096932,25690300
3046,1674,1678,5867787,33603,3098610,25514600
3047,1668,1712,5866119,33559,3100322,25895300
3048,1661,1702,5864458,33518,3102024,26011700
3049,1633,1718,5862825,33433,3103742,26019300
3050,1741,1599,5861084,33575,3105341,26553400
3051,1718,1669,5859366,33624,3107010,26025400
3052,1686,1661,5857680,33649,3108671,26161500
3053,1731,1696,5855949,33684,3110367,25913900
3054,1719,1685,5854230,33718,3112052,25676000
3055,1666,1713,5852564,33671,3113765,25950400
3056,1692,1730,5850872,33633,3115495,25842100
3057,1693,1680,5849179,33646,3117175,26254800
3058,1749,1625,5847430,33770,3118800,26726800
3059,1734,1699,5845696,33805,3120499,26500100
3060,1685,1687,5844011,33803,3122186,25759000
3061,1673,1654,5842338,33822,3123840,26147800
3062,1712,1671,5840626,33863,3125511,26453200
3063,1708,1723,5838918,33848,3127234,26489200
3064,1761,1701,5837157,33908,3128935,25553300
3065,1680,1745,5835477,33843,3130680,26235300
3066,1732,1619,5833745,33956,3132299,25615800
3067,1721,1692,5832024,33985,3133991,25638100
3068,1726,1715,5830298,33996,3135706,26178100
3069,1711,1716,5828587,33991,3137422,25501700
3070,1745,1676,5826842,34060,3139098,25575700
3071,1730,1663,5825112,34127,3140761,27087800
3072,1706,1653,5823406,34180,3142414,26185700
3073,1705,1723,5821701,34162,3144137,25628100
3074,1750,1727,5819951,34185,3145864,25688600
3075,1684,1742,5818267,34127,3147606,25581300
3076,1694,1678,5816573,34143,3149284,25703900
3077,1727,1769,5814846,34101,3151053,25871600
3078,1759,1704,5813087,34156,3152757,26167300
3079,1779,1734,5811308,34201,3154491,27130600
3080,1840,1712,5809468,34329,3156203,27593100
3081,1705,1789,5807763,34245,3157992,26583100
3082,1738,1686,5806025,34297,3159678,26561600
3083,1757,1701,5804268,34353,3161379,27993700
3084,1690,1797,5802578,34246,3163176,28181500
3085,1726,1748,5800852,34224,3164924,26909600
3086,1798,1664,5799054,34358,3166588,26634100
3087,1749,1763,5797305,34344,3168351,26430400
3088,1719,1719,5795586,34344,3170070,25715400
3089,1770,1604,5793816,34510,3171674,26191500
3090,1714,1725,5792102,34499,3173399,26181500
3091,1699,1750,5790403,34448,3175149,25778500
3092,1708,1740,5788695,34416,3176889,25621500
3093,1805,1693,5786890,34528,3178582,26527300
3094,1746,1722,5785144,34552,3180304,25735800
3095,1747,1747,5783397,34552,3182051,25664900
3096,1767,1708,5781630,34611,3183759,25900000
3097,1778,1811,5779852,34578,3185570,26445500
3098,1753,1708,5778099,34623,3187278,25929400
3099,1758,1767,5776341,34614,3189045,26384400
3100,1743,1628,5774598,34729,3190673,26200500
3101,1782,1774,5772816,34737,3192447,27394300
3102,1757,1715,5771059,34779,3194162,25771300
3103,1794,1762,5769265,34811,3195924,25766600
3104,1689,1695,5767576,34805,3197619,26090800
3105,1735,1719,5765841,34821,3199338,25752300
3106,1774,1721,5764067,34874,3201059,25882800
3107,1746,1746,5762321,34874,3202805,26553100
3108,1788,1797,5760533,34865,3204602,26050300
3109,1694,1747,5758839,34812,3206349,26284800
3110,1671,1626,5757168,34857,3207975,27212800
3111,1770,1699,5755398,34928,3209674,26340700
3112,1733,1695,5753665,34966,3211369,26122000
3113,1689,1744,5751976,34911,3213113,26059900
3114,1737,1714,5750239,34934,3214827,26137600
3115,1697,1733,5748542,34898,3216560,25690700
3116,1745,1732,5746797,34911,3218292,26127600
3117,1738,1733,5745059,34916,3220025,26077100
3118,1741,1731,5743318,34926,3221756,26802300
3119,1749,1758,5741569,34917,3223514,26052800
3120,1767,1716,5739802,34968,3225230,25970200
3121,1706,1794,5738096,34880,3227024,26036500
3122,1701,1851,5736395,34730,3228875,26712100
3123,1787,1767,5734608,34750,3230642,25676300
3124,1683,1762,5732925,34671,3232404,26300300
3125,1774,1776,5731151,34669,3234180,26844800
3126,1746,1791,5729405,34624,3235971,26822000
3127,1693,1702,5727712,34615,3237673,28294600
3128,1729,1699,5725983,34645,3239372,27328800
3129,1734,1735,5724249,34644,3241107,26875400
3130,1779,1718,5722470,34705,3242825,26730900
3131,1705,1711,5720765,34699,3244536,28091800
3132,1736,1810,5719029,34625,3246346,26498500
3133,1758,1661,5717271,34722,3248007,25925000
3134,1694,1703,5715577,34713,3249710,25988000
3135,1653,1766,5713924,34600,3251476,26149700
3136,1740,1757,5712184,34583,3253233,26182500
3137,1690,1735,5710494,34538,3254968,26157900
3138,1711,1688,5708783,34561,3256656,26739700
3139,1783,1733,5707000,34611,3258389,28092000
3140,1730,1681,5705270,34660,3260070,26194100
3141,1682,1737,5703588,34605,3261807,25708800
3142,1688,1773,5701900,34520,3263580,25653300
3143,1761,1706,5700139,34575,3265286,25635600
3144,1685,1760,5698454,34500,3267046,25774800
3145,1807,1827,5696647,34480,3268873,26056000
3146,1693,1787,5694954,34386,3270660,25763900
3147,1811,1671,5693143,34526,3272331,25949800
3148,1712,1725,5691431,34513,3274056,25799700
3149,1786,1751,5689645,34548,3275807,25810200
3150,1685,1689,5687960,34544,3277496,26438100
3151,1709,1727,5686251,34526,3279223,26441500
3152,1751,1718,5684500,34559,3280941,26228100
3153,1784,1706,5682716,34637,3282647,25780900
3154,1677,1719,5681039,34595,3284366,25921700
3155,1708,1753,5679331,34550,3286119,25923800
3156,1813,1722,5677518,34641,3287841,26901500
3157,1702,1666,5675816,34677,3289507,26398200
3158,1825,1670,5673991,34832,3291177,26953800
3159,1769,1838,5672222,34763,3293015,26276400
3160,1708,1671,5670514,34800,3294686,26093000
3161,1710,1809,5668804,34701,3296495,26047400
3162,1815,1663,5666989,34853,3298158,26285100
3163,1732,1723,5665257,34862,3299881,26552800
3164,1826,1731,5663431,34957,3301612,26030800
3165,1808,1690,5661623,35075,3303302,26077700
3166,1783,1763,5659840,35095,3305065,26029000
3167,1721,1803,5658119,35013,3306868,26533000
3168,1804,1808,5656315,35009,3308676,25715300
3169,1848,1789,5654467,35068,3310465,26083800
3170,1781,1736,5652686,35113,3312201,26314500
3171,1716,1735,5650970,35094,3313936,26721200
3172,1756,1740,5649214,35110,3315676,26776700
3173,1769,1794,5647445,35085,3317470,26739200
3174,1801,1726,5645644,35160,3319196,26792900
3175,1739,1709,5643905,35190,3320905,27796500
3176,1820,1678,5642085,35332,3322583,28966200
3177,1764,1786,5640321,35310,3324369,27883900
3178,1821,1743,5638500,35388,3326112,26670800
3179,1840,1752,5636660,35476,3327864,25926800
3180,1817,1719,5634843,35574,3329583,26176000
3181,1716,1844,5633127,35446,3331427,26053100
3182,1864,1709,5631263,35601,3333136,26512200
3183,1754,1748,5629509,35607,3334884,25836100
3184,1769,1754,5627740,35622,3336638,25797500
3185,1816,1768,5625924,35670,3338406,26042600
3186,1793,1760,5624131,35703,3340166,26385900
3187,1819,1774,5622312,35748,3341940,25911200
3188,1763,1738,5620549,35773,3343678,25838700
3189,1760,1782,5618789,35751,3345460,26185200
3190,1793,1698,5616996,35846,3347158,25910000
3191,1781,1785,5615215,35842,3348943,25850300
3192,1785,1756,5613430,35871,3350699,26282700
3193,1822,1804,5611608,35889,3352503,25832900
3194,1839,1833,5609769,35895,3354336,27139700
3195,1801,1751,5607968,35945,3356087,26275300
3196,1769,1763,5606199,35951,3357850,26037200
3197,1779,1813,5604420,35917,3359663,26666500
3198,1809,1760,5602611,35966,3361423,26249200
3199,1815,1830,5600796,35951,3363253,25859600
3200,1749,1817,5599047,35883,3365070,25940100
3201,1772,1759,5597275,35896,3366829,26253000
3202,1809,1777,5595466,35928,3368606,25829000
3203,1722,1844,5593744,35806,3370450,25855300
3204,1775,1746,5591969,35835,3372196,25973700
3205,1736,1787,5590233,35784,3373983,25975200
3206,1711,1767,5588522,35728,3375750,25842300
3207,1753,1845,5586769,35636,3377595,25918800
3208,1792,1725,5584977,35703,3379320,25941500
3209,1722,1821,5583255,35604,3381141,25726900
3210,1797,1755,5581458,35646,3382896,26195900
3211,1724,1764,5579734,35606,3384660,25902800
3212,1832,1791,5577902,35647,3386451,25825400
3213,1756,1739,5576146,35664,3388190,27004600
3214,1813,1780,5574333,35697,3389970,27249900
3215,1807,1812,5572526,35692,3391782,27755400
3216,1796,1794,5570730,35694,3393576,25981500
3217,1799,1826,5568931,35667,3395402,26595500
3218,1797,1788,5567134,35676,3397190,27600300
3219,1857,1824,5565277,35709,3399014,26822900
3220,1822,1775,5563455,35756,3400789,27317800
3221,1840,1729,5561615,35867,3402518,26588100
3222,1864,1734,5559751,35997,3404252,26733000
3223,1771,1835,5557980,35933,3406087,28180200
3224,1703,1748,5556277,35888,3407835,26403500
3225,1819,1895,5554458,35812,3409730,25823100
3226,1839,1776,5552619,35875,3411506,25740800
3227,1838,1758,5550781,35955,3413264,26108700
3228,1855,1783,5548926,36027,3415047,25969400
3229,1821,1751,5547105,36097,3416798,26006300
3230,1818,1851,5545287,36064,3418649,25911800
3231,1858,1836,5543429,36086,3420485,25962200
3232,1841,1836,5541588,36091,3422321,26183500
3233,1830,1835,5539758,36086,3424156,26868300
3234,1804,1758,5537954,36132,3425914,26230600
3235,1793,1762,5536161,36163,3427676,26207900
3236,1747,1809,5534414,36101,3429485,26533200
3237,1850,1870,5532564,36081,3431355,25967400
3238,1847,1786,5530717,36142,3433141,26267800
3239,1907,1793,5528810,36256,3434934,26364000
3240,1833,1786,5526977,36303,3436720,26472500
3241,1861,1846,5525116,36318,3438566,25914500
3242,1754,1760,5523362,36312,3440326,26266000
3243,1805,1852,5521557,36265,3442178,26321000
3244,1750,1836,5519807,36179,3444014,26555700
3245,1824,1742,5517983,36261,3445756,26242400
3246,1794,1768,5516189,36287,3447524,26327900
3247,1870,1825,5514319,36332,3449349,25841900
3248,1845,1789,5512474,36388,3451138,26252500
3249,1853,1789,5510621,36452,3452927,26253300
3250,1772,1867,5508849,36357,3454794,25863500
3251,1760,1779,5507089,36338,3456573,26200200
3252,1814,1815,5505275,36337,3458388,27673300
3253,1719,1832,5503556,36224,3460220,28338700
3254,1805,1815,5501751,36214,3462035,25856600
3255,1873,1828,5499878,36259,3463863,25837400
3256,1850,1785,5498028,36324,3465648,26132300
3257,1764,1888,5496264,36200,3467536,25788700
3258,1725,1783,5494539,36142,3469319,25858600
3259,1857,1846,5492682,36153,3471165,25834900
3260,1791,1871,5490891,36073,3473036,25962700
3261,1836,1771,5489055,36138,3474807,26333600
3262,1776,1808,5487279,36106,3476615,26500100
3263,1860,1737,5485419,36229,3478352,26715500
3264,1799,1817,5483620,36211,3480169,26831200
3265,1758,1775,5481862,36194,3481944,28438700
3266,1761,1818,5480101,36137,3483762,27566500
3267,1768,1765,5478333,36140,3485527,26797500
3268,1805,1783,5476528,36162,3487310,27046400
3269,1786,1817,5474742,36131,3489127,27076700
3270,1846,1769,5472896,36208,3490896,26589000
3271,1839,1779,5471057,36268,3492675,27239000
3272,1927,1837,5469130,36358,3494512,26086600
3273,1828,1846,5467302,36340,3496358,26499000
3274,1823,1840,5465479,36323,3498198,26432500
3275,1851,1786,5463628,36388,3499984,25868100
3276,1893,1822,5461735,36459,3501806,25829600
3277,1901,1817,5459834,36543,3503623,26484900
3278,1873,1873,5457961,36543,3505496,25879500
3279,1850,1832,5456111,36561,3507328,26282600
3280,1833,1841,5454278,36553,3509169,25978300
3281,1829,1758,5452449,36624,3510927,26162400
3282,1925,1898,5450524,36651,3512825,26371000
3283,1853,1888,5448671,36616,3514713,25924700
3284,1914,1902,5446757,36628,3516615,25826000
3285,1858,1815,5444899,36671,3518430,25806000
3286,1711,1797,5443188,36585,3520227,26743400
3287,1843,1798,5441345,36630,3522025,26537300
3288,1875,1875,5439470,36630,3523900,26636700
3289,1751,1824,5437719,36557,3525724,26447500
3290,1844,1846,5435875,36555,3527570,26461100
3291,1832,1757,5434043,36630,3529327,26205300
3292,1793,1802,5432250,36621,3531129,26197400
3293,1821,1841,5430429,36601,3532970,26002900
3294,1855,1869,5428574,36587,3534839,25902200
3295,1840,1857,5426734,36570,3536696,26268500
3296,1909,1860,5424825,36619,3538556,27092500
3297,1850,1787,5422975,36682,3540343,25930000
3298,1799,1835,5421176,36646,3542178,26373300
3299,1764,1852,5419412,36558,3544030,26326800
3300,1830,1726,5417582,36662,3545756,26038500
3301,1834,1811,5415748,36685,3547567,26923900
3302,1825,1834,5413923,36676,3549401,26662800
3303,1845,1849,5412078,36672,3551250,26290800
3304,1781,1819,5410297,36634,3553069,26258700
3305,1905,1837,5408392,36702,3554906,26359800
3306,1821,1802,5406571,36721,3556708,26411800
3307,1850,1785,5404721,36786,3558493,27197900
3308,1787,1781,5402934,36792,3560274,26930500
3309,1839,1801,5401095,36830,3562075,28270800
3310,1784,1849,5399311,36765,3563924,29425500
3311,1837,1835,5397474,36767,3565759,26919000
3312,1876,1883,5395598,36760,3567642,27086100
3313,1838,1865,5393760,36733,3569507,26758000
3314,1864,1816,5391896,36781,3571323,27057900
3315,1836,1854,5390060,36763,3573177,26138800
3316,1731,1841,5388329,36653,3575018,26487600
3317,1789,1898,5386540,36544,3576916,25777900
3318,1836,1779,5384704,36601,3578695,25853800
3319,1879,1763,5382825,36717,3580458,26200600
3320,1817,1864,5381008,36670,3582322,25949100
3321,1837,1873,5379171,36634,3584195,26756600
3322,1801,1824,5377370,36611,3586019,26063000
3323,1831,1774,5375539,36668,3587793,26295600
3324,1831,1805,5373708,36694,3589598,25876300
3325,1806,1833,5371902,36667,3591431,26170500
3326,1817,1898,5370085,36586,3593329,26398000
3327,1872,1901,5368213,36557,3595230,28900700
3328,1868,1833,5366345,36592,3597063,26837000
3329,1787,1841,5364558,36538,3598904,25792700
3330,1820,1875,5362738,36483,3600779,26224900
3331,1830,1810,5360908,36503,3602589,26457800
3332,1782,1840,5359126,36445,3604429,25841100
3333,1761,1922,5357365,36284,3606351,26403200
3334,1756,1868,5355609,36172,3608219,26344400
3335,1774,1848,5353835,36098,3610067,26718000
3336,1753,1839,5352082,36012,3611906,26701600
3337,1777,1779,5350305,36010,3613685,26396300
3338,1800,1816,5348505,35994,3615501,26793800
3339,1725,1805,5346780,35914,3617306,27261600
3340,1842,1794,5344938,35962,3619100,26348700
3341,1797,1679,5343141,36080,3620779,25908200
3342,1834,1807,5341307,36107,3622586,25903700
3343,1791,1792,5339516,36106,3624378,26226400
3344,1842,1820,5337674,36128,3626198,25980300
3345,1919,1794,5335755,36253,3627992,26368300
3346,1842,1858,5333913,36237,3629850,26217500
3347,1864,1802,5332049,36299,3631652,26994300
3348,1951,1810,5330098,36440,3633462,26630800
3349,1913,1911,5328185,36442,3635373,26505600
3350,1812,1824,5326373,36430,3637197,26468000
3351,1832,1821,5324541,36441,3639018,26786100
3352,1812,1849,5322729,36404,3640867,25911300
3353,1877,1783,5320852,36498,3642650,26898200
3354,1850,1832,5319002,36516,3644482,28029500
3355,1886,1812,5317116,36590,3646294,27925600
3356,1854,1887,5315262,36557,3648181,27011700
3357,1768,1800,5313494,36525,3649981,27013800
3358,1824,1766,5311670,36583,3651747,26721800
3359,1865,1861,5309805,36587,3653608,26812400
3360,1880,1831,5307925,36636,3655439,26299100
3361,1812,1817,5306113,36631,3657256,26068900
3362,1845,1809,5304268,36667,3659065,26427500
3363,1803,1811,5302465,36659,3660876,26766600
3364,1775,1839,5300690,36595,3662715,28093300
3365,1819,1846,5298871,36568,3664561,27689400
3366,1859,1925,5297012,36502,3666486,26751600
3367,1712,1768,5295300,36446,3668254,26140000
3368,1879,1798,5293421,36527,3670052,26505700
3369,1809,1795,5291612,36541,3671847,26216300
3370,1841,1807,5289771,36575,3673654,25992400
3371,1743,1759,5288028,36559,3675413,26343700
3372,1789,1858,5286239,36490,3677271,26145000
3373,1710,1819,5284529,36381,3679090,25898200
3374,1693,1895,5282836,36179,3680985,26304300
3375,1836,1858,5281000,36157,3682843,26653500
3376,1727,1824,5279273,36060,3684667,26372900
3377,1725,1768,5277548,36017,3686435,26085400
3378,1804,1825,5275744,35996,3688260,26534500
3379,1812,1845,5273932,35963,3690105,25949400
3380,1780,1818,5272152,35925,3691923,26247100
3381,1821,1849,5270331,35897,3693772,26532100
3382,1799,1794,5268532,35902,3695566,25863000
3383,1892,1853,5266640,35941,3697419,26117500
3384,1858,1772,5264782,36027,3699191,26206300
3385,1842,1734,5262940,36135,3700925,27228800
3386,1836,1873,5261104,36098,3702798,26042000
3387,1775,1777,5259329,36096,3704575,26125800
3388,1831,1796,5257498,36131,3706371,25835900
3389,1879,1785,5255619,36225,3708156,26324800
3390,1767,1818,5253852,36174,3709974,26245500
3391,1841,1797,5252011,36218,3711771,25938100
3392,1824,1863,5250187,36179,3713634,26277000
3393,1836,1800,5248351,36215,3715434,26139200
3394,1800,1824,5246551,36191,3717258,27099000
3395,1864,1688,5244687,36367,3718946,26445200
3396,1782,1859,5242905,36290,3720805,26395500
3397,1829,1824,5241076,36295,3722629,26530300
3398,1759,1823,5239317,36231,3724452,26029800
3399,1785,1845,5237532,36171,3726297,27313400
3400,1703,1788,5235829,36086,3728085,26901300
3401,1761,1827,5234068,36020,3729912,27045200
3402,1786,1802,5232282,36004,3731714,29780900
3403,1874,1804,5230408,36074,3733518,27098700
3404,1864,1805,5228544,36133,3735323,27651800
3405,1866,1761,5226678,36238,3737084,27699600
3406,1838,1815,5224840,36261,3738899,27118200
3407,1760,1743,5223080,36278,3740642,25748100
3408,1781,1845,5221299,36214,3742487,25888200
3409,1824,1818,5219475,36220,3744305,26307500
3410,1829,1824,5217646,36225,3746129,26683200
3411,1872,1776,5215774,36321,3747905,26547900
3412,1825,1750,5213949,36396,3749655,25932300
3413,1804,1821,5212145,36379,3751476,26238900
3414,1802,1786,5210343,36395,3753262,26812800
3415,1865,1838,5208478,36422,3755100,26140300
3416,1793,1854,5206685,36361,3756954,26281500
3417,1806,1770,5204879,36397,3758724,26730500
3418,1846,1744,5203033,36499,3760468,27204500
3419,1844,1833,5201189,36510,3762301,26194700
3420,1821,1821,5199368,36510,3764122,25882700
3421,1832,1841,5197536,36501,3765963,26456800
3422,1776,1843,5195760,36434,3767806,25935600
3423,1822,1819,5193938,36437,3769625,26765500
3424,1866,1865,5192072,36438,3771490,26078200
3425,1899,1824,5190173,36513,3773314,25883000
3426,1862,1834,5188311,36541,3775148,26332300
3427,1908,1801,5186403,36648,3776949,26356600
3428,1833,1787,5184570,36694,3778736,26108900
3429,1825,1858,5182745,36661,3780594,25956600
3430,1846,1763,5180899,36744,3782357,26633900
3431,1915,1810,5178984,36849,3784167,26005200
3432,1826,1886,5177158,36789,3786053,25986800
3433,1823,1882,5175335,36730,3787935,26132900
3434,1797,1820,5173538,36707,3789755,26796200
3435,1868,1903,5171670,36672,3791658,26259000
3436,1803,1781,5169867,36694,3793439,26074500
3437,1815,1859,5168052,36650,3795298,26690400
3438,1791,1823,5166261,36618,3797121,26546500
3439,1815,1831,5164446,36602,3798952,26273100
3440,1827,1792,5162619,36637,3800744,27021300
3441,1805,1847,5160814,36595,3802591,27183000
3442,1770,1728,5159044,36637,3804319,26279300
3443,1731,1932,5157313,36436,3806251,26549900
3444,1787,1847,5155526,36376,3808098,26775600
3445,1796,1826,5153730,36346,3809924,27187400
3446,1778,1851,5151952,36273,3811775,26760000
3447,1773,1854,5150179,36192,3813629,27387300
3448,1799,1889,5148380,36102,3815518,27482500
3449,1847,1817,5146533,36132,3817335,27629600
3450,1759,1884,5144774,36007,3819219,26719300
3451,1752,1747,5143022,36012,3820966,26814100
3452,1829,1821,5141193,36020,3822787,25972300
3453,1795,1759,5139398,36056,3824546,26409400
3454,1794,1853,5137604,35997,3826399,26220100
3455,1826,1808,5135778,36015,3828207,26204400
3456,1851,1731,5133927,36135,3829938,26145800
3457,1823,1789,5132104,36169,3831727,26540500
3458,1789,1787,5130315,36171,3833514,25850800
3459,1852,1749,5128463,36274,3835263,26211000
3460,1905,1813,5126558,36366,3837076,26134400
3461,1842,1889,5124716,36319,3838965,26760800
3462,1790,1771,5122926,36338,3840736,26973300
3463,1842,1900,5121084,36280,3842636,26007400
3464,1863,1802,5119221,36341,3844438,26314800
3465,1849,1790,5117372,36400,3846228,26303500
3466,1769,1797,5115603,36372,3848025,26017100
3467,1762,1813,5113841,36321,3849838,26383600
3468,1875,1760,5111966,36436,3851598,26236400
3469,1797,1788,5110169,36445,3853386,25870400
3470,1799,1807,5108370,36437,3855193,26324200
3471,1805,1819,5106565,36423,3857012,25935200
3472,1783,1808,5104782,36398,3858820,25899300
3473,1790,1827,5102992,36361,3860647,25854000
3474,1869,1768,5101123,36462,3862415,26233500
3475,1699,1832,5099424,36329,3864247,25991400
3476,1835,1790,5097589,36374,3866037,25829800
3477,1746,1786,5095843,36334,3867823,26969600
3478,1740,1783,5094103,36291,3869606,27416200
3479,1789,1850,5092314,36230,3871456,29260100
3480,1770,1781,5090544,36219,3873237,25859800
3481,1844,1778,5088700,36285,3875015,25934000
3482,1786,1862,5086914,36209,3876877,26649000
3483,1801,1782,5085113,36228,3878659,26177700
3484,1775,1883,5083338,36120,3880542,26242600
3485,1813,1831,5081525,36102,3882373,26063000
3486,1780,1878,5079745,36004,3884251,25920400
3487,1759,1711,5077986,36052,3885962,27109500
3488,1754,1841,5076232,35965,3887803,26388100
3489,1759,1779,5074473,35945,3889582,26245600
3490,1852,1748,5072621,36049,3891330,27214100
3491,1813,1786,5070808,36076,3893116,27002600
3492,1775,1799,5069033,36052,3894915,27354600
3493,1791,1853,5067242,35990,3896768,26567500
3494,1842,1882,5065400,35950,3898650,27250100
3495,1806,1788,5063594,35968,3900438,28190900
3496,1754,1790,5061840,35932,3902228,28131500
3497,1864,1825,5059976,35971,3904053,26279400
3498,1867,1823,5058109,36015,3905876,25944300
3499,1781,1759,5056328,36037,3907635,26872600
3500,1856,1731,5054472,36162,3909366,25806100
3501,1837,1772,5052635,36227,3911138,26295100
3502,1805,1831,5050830,36201,3912969,26217000
3503,1777,1812,5049053,36166,3914781,26113500
3504,1823,1837,5047230,36152,3916618,25927600
3505,1838,1815,5045392,36175,3918433,26206700
3506,1815,1725,5043577,36265,3920158,25758200
3507,1809,1874,5041768,36200,3922032,25951500
3508,1821,1860,5039947,36161,3923892,25872000
3509,1772,1751,5038175,36182,3925643,25852100
3510,1779,1786,5036396,36175,3927429,26088400
3511,1779,1856,5034617,36098,3929285,25829400
3512,1836,1784,5032781,36150,3931069,26061000
3513,1784,1804,5030997,36130,3932873,26297500
3514,1749,1699,5029248,36180,3934572,25978900
3515,1744,1847,5027504,36077,3936419,26668600
3516,1826,1859,5025678,36044,3938278,27325000
3517,1791,1895,5023887,35940,3940173,28437600
3518,1795,1795,5022092,35940,3941968,26066200
3519,1812,1785,5020280,35967,3943753,26889600
3520,1828,1813,5018452,35982,3945566,26280400
3521,1741,1717,5016711,36006,3947283,26472300
3522,1789,1763,5014922,36032,3949046,26072900
3523,1846,1861,5013076,36017,3950907,25807300
3524,1830,1844,5011246,36003,3952751,25934400
3525,1879,1768,5009367,36114,3954519,26529900
3526,1735,1798,5007632,36051,3956317,25837000
3527,1781,1877,5005851,35955,3958194,25914300
3528,1835,1798,5004016,35992,3959992,25758500
3529,1788,1754,5002228,36026,3961746,26039200
3530,1848,1793,5000380,36081,3963539,26161000
3531,1721,1779,4998659,36023,3965318,25829000
3532,1776,1849,4996883,35950,3967167,26328200
3533,1829,1840,4995054,35939,3969007,26521000
3534,1796,1792,4993258,35943,3970799,25910700
3535,1756,1763,4991502,35936,3972562,26505400
3536,1819,1835,4989683,35920,3974397,26834200
3537,1797,1745,4987886,35972,3976142,28919200
3538,1814,1808,4986072,35978,3977950,27371700
3539,1803,1764,4984269,36017,3979714,26986600
3540,1786,1747,4982483,36056,3981461,27771700
3541,1795,1833,4980688,36018,3983294,26763100
3542,1776,1847,4978912,35947,3985141,26972500
3543,1760,1725,4977152,35982,3986866,25896100
3544,1751,1713,4975401,36020,3988579,26197400
3545,1806,1834,4973595,35992,3990413,26437700
3546,1783,1779,4971812,35996,3992192,26154200
3547,1804,1788,4970008,36012,3993980,25966600
3548,1787,1800,4968221,35999,3995780,26462200
3549,1833,1802,4966388,36030,3997582,25858100
3550,1759,1731,4964629,36058,3999313,25943600
3551,1851,1847,4962778,36062,4001160,26241900
3552,1803,1812,4960975,36053,4002972,26482400
3553,1725,1817,4959250,35961,4004789,26664300
3554,1789,1903,4957461,35847,4006692,26617000
3555,1851,1828,4955610,35870,4008520,26093000
3556,1886,1839,4953724,35917,4010359,25777100
3557,1845,1708,4951879,36054,4012067,25856000
3558,1801,1797,4950078,36058,4013864,26044800
3559,1881,1840,4948197,36099,4015704,25836600
3560,1742,1788,4946455,36053,4017492,25993500
3561,1818,1797,4944637,36074,4019289,25838800
3562,1826,1817,4942811,36083,4021106,26124300
3563,1810,1791,4941001,36102,4022897,26307300
3564,1772,1794,4939229,36080,4024691,25808600
3565,1782,1811,4937447,36051,4026502,25919000
3566,1784,1878,4935663,35957,4028380,25935500
3567,1818,1807,4933845,35968,4030187,26614200
3568,1794,1816,4932051,35946,4032003,26308500
3569,1862,1757,4930189,36051,4033760,25836700
3570,1816,1760,4928373,36107,4035520,25952800
3571,1781,1865,4926592,36023,4037385,25835700
3572,1828,1807,4924764,36044,4039192,25864100
3573,1867,1829,4922897,36082,4041021,25886800
3574,1887,1780,4921010,36189,4042801,25799600
3575,1882,1808,4919128,36263,4044609,26830100
3576,1836,1800,4917292,36299,4046409,26680600
3577,1884,1811,4915408,36372,4048220,26064300
3578,1831,1863,4913577,36340,4050083,26351800
3579,1903,1809,4911674,36434,4051892,26053000
3580,1875,1833,4909799,36476,4053725,26361800
3581,1854,1868,4907945,36462,4055593,27132000
3582,1791,1729,4906154,36524,4057322,27373000
3583,1830,1823,4904324,36531,4059145,27079000
3584,1799,1905,4902525,36425,4061050,27007400
3585,1811,1833,4900714,36403,4062883,28561400
3586,1804,1822,4898910,36385,4064705,27732000
3587,1775,1767,4897135,36393,4066472,28164800
3588,1833,1864,4895302,36362,4068336,26281700
3589,1785,1855,4893517,36292,4070191,26015900
3590,1849,1844,4891668,36297,4072035,26064700
3591,1834,1866,4889834,36265,4073901,26548600
3592,1887,1866,4887947,36286,4075767,26415100
3593,1846,1802,4886101,36330,4077569,25845400
3594,1846,1821,4884255,36355,4079390,25818800
3595,1782,1772,4882473,36365,4081162,25959100
3596,1803,1870,4880670,36298,4083032,26081600
3597,1756,1843,4878914,36211,4084875,25856800
3598,1785,1832,4877129,36164,4086707,26541700
3599,1775,1848,4875354,36091,4088555,25960000
3600,1757,1830,4873597,36018,4090385,26298600
3601,1728,1821,4871869,35925,4092206,26307500
3602,1706,1774,4870163,35857,4093980,25793000
3603,1809,1777,4868354,35889,4095757,25883800
3604,1710,1791,4866644,35808,4097548,26460100
3605,1808,1837,4864836,35779,4099385,25876900
3606,1854,1725,4862982,35908,4101110,26337300
3607,1753,1817,4861229,35844,4102927,26253700
3608,1697,1763,4859532,35778,4104690,25935000
3609,1806,1832,4857726,35752,4106522,25793600
3610,1887,1817,4855839,35822,4108339,25893800
3611,1838,1831,4854001,35829,4110170,25808200
3612,1786,1735,4852215,35880,4111905,25733300
3613,1832,1821,4850383,35891,4113726,26649700
3614,1807,1854,4848576,35844,4115580,27055800
3615,1737,1717,4846839,35864,4117297,26402500
3616,1765,1771,4845074,35858,4119068,27286600
3617,1799,1829,4843275,35828,4120897,26316400
3618,1805,1714,4841470,35919,4122611,25948000
3619,1734,1790,4839736,35863,4124401,26256300
3620,1742,1785,4837994,35820,4126186,25943200
3621,1760,1791,4836234,35789,4127977,26231700
3622,1761,1789,4834473,35761,4129766,26184000
3623,1788,1770,4832685,35779,4131536,26362500
3624,1771,1782,4830914,35768,4133318,26154500
3625,1741,1823,4829173,35686,4135141,26643800
3626,1807,1830,4827366,35663,4136971,26937300
3627,1783,1817,4825583,35629,4138788,27034800
3628,1737,1804,4823846,35562,4140592,27134000
3629,1751,1810,4822095,35503,4142402,27282500
3630,1752,1798,4820343,35457,4144200,27796000
3631,1778,1826,4818565,35409,4146026,26723200
3632,1763,1772,4816802,35400,4147798,27629200
3633,1756,1738,4815046,35418,4149536,27293300
3634,1869,1754,4813177,35533,4151290,26229400
3635,1852,1745,4811325,35640,4153035,25814400
3636,1786,1810,4809539,35616,4154845,26070400
3637,1880,1794,4807659,35702,4156639,25847600
3638,1829,1829,4805830,35702,4158468,25933500
3639,1833,1827,4803997,35708,4160295,26164400
3640,1770,1782,4802227,35696,4162077,26565300
3641,1842,1733,4800385,35805,4163810,26224100
3642,1925,1790,4798460,35940,4165600,26022300
3643,1776,1850,4796684,35866,4167450,26360100
3644,1841,1848,4794843,35859,4169298,25870900
3645,1836,1824,4793007,35871,4171122,26479900
3646,1877,1727,4791130,36021,4172849,26844200
3647,1824,1851,4789306,35994,4174700,25845000
3648,1814,1856,4787492,35952,4176556,25893400
3649,1768,1789,4785724,35931,4178345,26604400
3650,1899,1796,4783825,36034,4180141,26715700
3651,1845,1750,4781980,36129,4181891,26596300
3652,1874,1848,4780106,36155,4183739,26964100
3653,1850,1811,4778256,36194,4185550,26243600
3654,1824,1793,4776432,36225,4187343,26325000
3655,1776,1851,4774656,36150,4189194,26013900
3656,1783,1878,4772873,36055,4191072,26677700
3657,1757,1788,4771116,36024,4192860,25835900
3658,1806,1726,4769310,36104,4194586,26125600
3659,1897,1761,4767413,36240,4196347,26503700
3660,1838,1787,4765575,36291,4198134,26113800
3661,1768,1770,4763807,36289,4199904,25934000
3662,1821,1866,4761986,36244,4201770,25779400
3663,1806,1766,4760180,36284,4203536,25824100
3664,1806,1785,4758374,36305,4205321,25829900
3665,1812,1799,4756562,36318,4207120,25971600
3666,1872,1890,4754690,36300,4209010,26042800
3667,1811,1773,4752879,36338,4210783,29784900
3668,1749,1782,4751130,36305,4212565,27331100
3669,1850,1804,4749280,36351,4214369,26561500
3670,1753,1831,4747527,36273,4216200,25747900
3671,1745,1793,4745782,36225,4217993,26251200
3672,1781,1776,4744001,36230,4219769,26955900
3673,1767,1791,4742234,36206,4221560,27019500
3674,1770,1831,4740464,36145,4223391,26718800
3675,1757,1790,4738707,36112,4225181,26614900
3676,1823,1711,4736884,36224,4226892,26906300
3677,1771,1775,4735113,36220,4228667,26925200
3678,1685,1798,4733428,36107,4230465,27906100
3679,1738,1763,4731690,36082,4232228,27658300
3680,1767,1837,4729923,36012,4234065,26223700
3681,1775,1850,4728148,35937,4235915,26401700
3682,1731,1751,4726417,35917,4237666,25825400
3683,1760,1773,4724657,35904,4239439,25819400
3684,1749,1821,4722908,35832,4241260,25809400
3685,1783,1842,4721125,35773,4243102,25827200
3686,1764,1696,4719361,35841,4244798,26172700
3687,1812,1690,4717549,35963,4246488,26549100
3688,1711,1797,4715838,35877,4248285,26616200
3689,1744,1854,4714094,35767,4250139,26932300
3690,1740,1740,4712354,35767,4251879,27731700
3691,1744,1786,4710610,35725,4253665,26054900
3692,1779,1796,4708831,35708,4255461,25786700
3693,1721,1849,4707110,35580,4257310,25777900
3694,1764,1816,4705346,35528,4259126,25756800
3695,1804,1870,4703542,35462,4260996,25898200
3696,1739,1807,4701803,35394,4262803,25981300
3697,1781,1789,4700022,35386,4264592,26174700
3698,1769,1784,4698253,35371,4266376,26141700
3699,1724,1795,4696529,35300,4268171,26085100
3700,1704,1779,4694825,35225,4269950,25750300
3701,1724,1818,4693101,35131,4271768,25899100
3702,1712,1788,4691389,35055,4273556,25785700
3703,1731,1727,4689658,35059,4275283,26136000
3704,1759,1697,4687899,35121,4276980,26934100
3705,1780,1763,4686119,35138,4278743,26401900
3706,1678,1724,4684441,35092,4280467,26838200
3707,1850,1725,4682591,35217,4282192,26558700
3708,1686,1726,4680905,35177,4283918,26043900
3709,1703,1753,4679202,35127,4285671,26113800
3710,1730,1772,4677472,35085,4287443,25906100
3711,1757,1744,4675715,35098,4289187,26480700
3712,1636,1715,4674079,35019,4290902,26204300
3713,1714,1749,4672365,34984,4292651,27221300
3714,1731,1677,4670634,35038,4294328,26126900
3715,1721,1783,4668913,34976,4296111,26107300
3716,1746,1739,4667167,34983,4297850,26913200
3717,1691,1685,4665476,34989,4299535,26237600
3718,1725,1725,4663751,34989,4301260,26565200
3719,1734,1704,4662017,35019,4302964,26613500
3720,1738,1709,4660279,35048,4304673,26528800
3721,1743,1800,4658536,34991,4306473,26615200
3722,1724,1799,4656812,34916,4308272,26907900
3723,1725,1784,4655087,34857,4310056,27515700
3724,1701,1722,4653386,34836,4311778,27228300
3725,1714,1658,4651672,34892,4313436,26748500
3726,1696,1772,4649976,34816,4315208,26217000
3727,1645,1712,4648331,34749,4316920,27071900
3728,1678,1813,4646653,34614,4318733,26450600
3729,1698,1776,4644955,34536,4320509,25880200
3730,1660,1754,4643295,34442,4322263,25653600
3731,1687,1794,4641608,34335,4324057,25812100
3732,1681,1695,4639927,34321,4325752,26553400
3733,1760,1725,4638167,34356,4327477,25853500
3734,1653,1754,4636514,34255,4329231,26433300
3735,1705,1754,4634809,34206,4330985,26329500
3736,1670,1718,4633139,34158,4332703,26664400
3737,1653,1768,4631486,34043,4334471,26184700
3738,1645,1725,4629841,33963,4336196,25766500
3739,1601,1707,4628240,33857,4337903,26124800
3740,1641,1620,4626599,33878,4339523,26510400
3741,1682,1686,4624917,33874,4341209,25993500
3742,1574,1692,4623343,33756,4342901,26618300
3743,1621,1725,4621722,33652,4344626,26213600
3744,1653,1661,4620069,33644,4346287,26285900
3745,1696,1716,4618373,33624,4348003,25619100
3746,1666,1680,4616707,33610,4349683,25933800
3747,1607,1698,4615100,33519,4351381,26133000
3748,1688,1671,4613412,33536,4353052,25685900
3749,1697,1635,4611715,33598,4354687,25794300
3750,1662,1708,4610053,33552,4356395,25994800
3751,1705,1741,4608348,33516,4358136,25729200
3752,1663,1670,4606685,33509,4359806,26666300
3753,1606,1695,4605079,33420,4361501,26081000
3754,1704,1707,4603375,33417,4363208,26396700
3755,1689,1598,4601686,33508,4364806,26161800
3756,1636,1623,4600050,33521,4366429,26581600
3757,1705,1645,4598345,33581,4368074,25896000
3758,1675,1579,4596670,33677,4369653,25871800
3759,1732,1628,4594938,33781,4371281,25799600
3760,1668,1724,4593270,33725,4373005,27823300
3761,1708,1567,4591562,33866,4374572,26711700
3762,1663,1691,4589899,33838,4376263,27066900
3763,1657,1707,4588242,33788,4377970,27759300
3764,1717,1677,4586525,33828,4379647,28559300
3765,1689,1679,4584836,33838,4381326,27273600
3766,1646,1718,4583190,33766,4383044,27753100
3767,1735,1762,4581455,33739,4384806,26959600
3768,1691,1601,4579764,33829,4386407,27152600
3769,1635,1729,4578129,33735,4388136,26891100
3770,1690,1685,4576439,33740,4389821,27091400
3771,1635,1757,4574804,33618,4391578,26715700
3772,1602,1677,4573202,33543,4393255,27171100
3773,1651,1651,4571551,33543,4394906,27303500
3774,1663,1664,4569888,33542,4396570,27268100
3775,1705,1690,4568183,33557,4398260,26883100
3776,1690,1680,4566493,33567,4399940,27883700
3777,1684,1623,4564809,33628,4401563,26955400
3778,1636,1665,4563173,33599,4403228,26768100
3779,1712,1725,4561461,33586,4404953,27101500
3780,1559,1639,4559902,33506,4406592,27993500
3781,1655,1652,4558247,33509,4408244,28903500
3782,1672,1629,4556575,33552,4409873,27067700
3783,1673,1646,4554902,33579,4411519,28386700
3784,1597,1639,4553305,33537,4413158,26879200
3785,1698,1661,4551607,33574,4414819,26040500
3786,1631,1634,4549976,33571,4416453,26559400
3787,1637,1654,4548339,33554,4418107,25862300
3788,1670,1640,4546669,33584,4419747,25919600
3789,1693,1669,4544976,33608,4421416,26325000
3790,1750,1629,4543226,33729,4423045,25628900
3791,1706,1727,4541520,33708,4424772,26543400
3792,1726,1732,4539794,33702,4426504,25831600
3793,1707,1667,4538087,33742,4428171,26036500
3794,1663,1671,4536424,33734,4429842,26089700
3795,1741,1694,4534683,33781,4431536,25929900
3796,1639,1657,4533044,33763,4433193,26018500
3797,1721,1753,4531323,33731,4434946,26514200
3798,1724,1688,4529599,33767,4436634,26019300
3799,1626,1675,4527973,33718,4438309,25892100
3800,1740,1690,4526233,33768,4439999,26051600
3801,1752,1751,4524481,33769,4441750,25724400
3802,1723,1721,4522758,33771,4443471,26545600
3803,1718,1691,4521040,33798,4445162,26175300
3804,1701,1679,4519339,33820,4446841,26547900
3805,1672,1644,4517667,33848,4448485,25648600
3806,1660,1684,4516007,33824,4450169,25642200
3807,1649,1721,4514358,33752,4451890,26488800
3808,1680,1714,4512678,33718,4453604,28204100
3809,1767,1656,4510911,33829,4455260,26662600
3810,1656,1662,4509255,33823,4456922,27225900
3811,1776,1689,4507479,33910,4458611,26724100
3812,1700,1728,4505779,33882,4460339,26529900
3813,1727,1691,4504052,33918,4462030,27180000
3814,1712,1692,4502340,33938,4463722,27356800
3815,1653,1773,4500687,33818,4465495,26865700
3816,1669,1687,4499018,33800,4467182,25902600
3817,1685,1696,4497333,33789,4468878,26856900
3818,1693,1631,4495640,33851,4470509,30138900
3819,1663,1682,4493977,33832,4472191,28504400
3820,1683,1680,4492294,33835,4473871,25710700
3821,1667,1698,4490627,33804,4475569,26401900
3822,1693,1664,4488934,33833,4477233,26027400
3823,1722,1695,4487212,33860,4478928,25978700
3824,1647,1708,4485565,33799,4480636,25899000
3825,1651,1743,4483914,33707,4482379,26339600
3826,1686,1680,4482228,33713,4484059,25745000
3827,1675,1672,4480553,33716,4485731,26572000
3828,1693,1729,4478860,33680,4487460,26062700
3829,1617,1671,4477243,33626,4489131,25818200
3830,1685,1806,4475558,33505,4490937,26110700
3831,1666,1748,4473892,33423,4492685,26672900
3832,1685,1743,4472207,33365,4494428,25777700
3833,1727,1672,4470480,33420,4496100,25877300
3834,1724,1618,4468756,33526,4497718,25935400
3835,1711,1615,4467045,33622,4499333,25749400
3836,1664,1645,4465381,33641,4500978,26044400
3837,1645,1599,4463736,33687,4502577,25693700
3838,1697,1649,4462039,33735,4504226,25586400
3839,1641,1712,4460398,33664,4505938,26015000
3840,1713,1670,4458685,33707,4507608,26145500
3841,1685,1644,4457000,33748,4509252,26267300
3842,1640,1742,4455360,33646,4510994,26805700
3843,1580,1697,4453780,33529,4512691,26016500
3844,1733,1636,4452047,33626,4514327,26169100
3845,1759,1675,4450288,33710,4516002,25561600
3846,1692,1679,4448596,33723,4517681,25666100
3847,1721,1694,4446875,33750,4519375,26562800
3848,1676,1681,4445199,33745,4521056,25711400
3849,1607,1724,4443592,33628,4522780,26360500
3850,1664,1714,4441928,33578,4524494,26268800
3851,1605,1662,4440323,33521,4526156,26015700
3852,1591,1639,4438732,33473,4527795,25719800
3853,1608,1666,4437124,33415,4529461,25661600
3854,1682,1722,4435442,33375,4531183,26465700
3855,1577,1616,4433865,33336,4532799,27006700
3856,1704,1645,4432161,33395,4534444,27059200
3857,1616,1695,4430545,33316,4536139,27065500
3858,1652,1693,4428893,33275,4537832,27678500
3859,1639,1708,4427254,33206,4539540,27008100
3860,1606,1667,4425648,33145,4541207,26566600
3861,1672,1703,4423976,33114,4542910,25995800
3862,1581,1665,4422395,33030,4544575,26591400
3863,1647,1639,4420748,33038,4546214,25897900
3864,1669,1639,4419079,33068,4547853,25859100
3865,1617,1652,4417462,33033,4549505,26127500
3866,1570,1647,4415892,32956,4551152,25754400
3867,1608,1615,4414284,32949,4552767,26133600
3868,1696,1677,4412588,32968,4554444,26179200
3869,1629,1648,4410959,32949,4556092,26660500
3870,1711,1641,4409248,33019,4557733,26255500
3871,1663,1629,4407585,33053,4559362,26144700
3872,1694,1686,4405891,33061,4561048,25720300
3873,1651,1668,4404240,33044,4562716,26133500
3874,1757,1637,4402483,33164,4564353,25693400
3875,1679,1705,4400804,33138,4566058,26430800
3876,1649,1667,4399155,33120,4567725,26082600
3877,1651,1674,4397504,33097,4569399,25628100
3878,1685,1654,4395819,33128,4571053,25703500
3879,1686,1738,4394133,33076,4572791,26138600
3880,1662,1691,4392471,33047,4574482,26079000
3881,1659,1668,4390812,33038,4576150,26388900
3882,1698,1652,4389114,33084,4577802,25595800
3883,1583,1603,4387531,33064,4579405,25632800
3884,1661,1653,4385870,33072,4581058,26044700
3885,1673,1662,4384197,33083,4582720,26155000
3886,1644,1642,4382553,33085,4584362,26121300
3887,1659,1620,4380894,33124,4585982,25630200
3888,1600,1706,4379294,33018,4587688,25755400
3889,1648,1663,4377646,33003,4589351,25996900
3890,1646,1683,4376000,32966,4591034,26589200
3891,1580,1742,4374420,32804,4592776,25925500
3892,1680,1689,4372740,32795,4594465,25768700
3893,1636,1651,4371104,32780,4596116,26152300
3894,1649,1637,4369455,32792,4597753,26418800
3895,1639,1639,4367816,32792,4599392,26384100
3896,1664,1662,4366152,32794,4601054,26258200
3897,1677,1652,4364475,32819,4602706,25689600
3898,1681,1622,4362794,32878,4604328,26114000
3899,1742,1706,4361052,32914,4606034,25887200
3900,1651,1622,4359401,32943,4607656,27646800
3901,1625,1581,4357776,32987,4609237,27019000
3902,1613,1652,4356163,32948,4610889,27452600
3903,1656,1603,4354507,33001,4612492,26951600
3904,1727,1668,4352780,33060,4614160,26689900
3905,1624,1671,4351156,33013,4615831,26929200
3906,1654,1672,4349502,32995,4617503,26887200
3907,1677,1675,4347825,32997,4619178,26080300
3908,1693,1671,4346132,33019,4620849,26181700
3909,1521,1607,4344611,32933,4622456,25778000
3910,1688,1607,4342923,33014,4624063,26050800
3911,1635,1622,4341288,33027,4625685,25959200
3912,1606,1657,4339682,32976,4627342,25948700
3913,1558,1570,4338124,32964,4628912,25987300
3914,1694,1609,4336430,33049,4630521,25561500
3915,1665,1674,4334765,33040,4632195,25924800
3916,1699,1657,4333066,33082,4633852,25815900
3917,1627,1666,4331439,33043,4635518,25508900
3918,1643,1649,4329796,33037,4637167,25817400
3919,1695,1674,4328101,33058,4638841,27015800
3920,1724,1699,4326377,33083,4640540,25980300
3921,1646,1706,4324731,33023,4642246,25964800
3922,1704,1741,4323027,32986,4643987,25655300
3923,1620,1631,4321407,32975,4645618,25738600
3924,1551,1581,4319856,32945,4647199,26208100
3925,1616,1661,4318240,32900,4648860,26060000
3926,1636,1646,4316604,32890,4650506,26135600
3927,1651,1608,4314953,32933,4652114,25918700
3928,1567,1643,4313386,32857,4653757,25662900
3929,1692,1648,4311694,32901,4655405,25888300
3930,1618,1647,4310076,32872,4657052,26336300
3931,1642,1678,4308434,32836,4658730,26497200
3932,1643,1599,4306791,32880,4660329,26045500
3933,1633,1640,4305158,32873,4661969,26994500
3934,1617,1624,4303541,32866,4663593,26228200
3935,1732,1624,4301809,32974,4665217,25536900
3936,1623,1649,4300186,32948,4666866,26121400
3937,1620,1594,4298566,32974,4668460,25707200
3938,1678,1680,4296888,32972,4670140,25834400
3939,1757,1637,4295131,33092,4671777,26295100
3940,1709,1725,4293422,33076,4673502,25789400
3941,1658,1672,4291764,33062,4675174,26498800
3942,1726,1613,4290038,33175,4676787,25667100
3943,1608,1660,4288430,33123,4678447,25973600
3944,1642,1668,4286788,33097,4680115,25796400
3945,1663,1706,4285125,33054,4681821,25895100
3946,1677,1708,4283448,33023,4683529,26786400
3947,1608,1662,4281840,32969,4685191,26893900
3948,1646,1638,4280194,32977,4686829,27547200
3949,1551,1709,4278643,32819,4688538,26710900
3950,1649,1604,4276994,32864,4690142,26915500
3951,1645,1640,4275349,32869,4691782,27261300
3952,1592,1644,4273757,32817,4693426,26568000
3953,1617,1622,4272140,32812,4695048,25903900
3954,1660,1656,4270480,32816,4696704,26245100
3955,1670,1609,4268810,32877,4698313,25585000
3956,1641,1657,4267169,32861,4699970,26216000
3957,1611,1600,4265558,32872,4701570,26302300
3958,1613,1675,4263945,32810,4703245,26301900
3959,1644,1675,4262301,32779,4704920,26244100
3960,1577,1593,4260724,32763,4706513,25768000
3961,1598,1660,4259126,32701,4708173,25660200
3962,1632,1666,4257494,32667,4709839,26366900
3963,1596,1676,4255898,32587,4711515,25923800
3964,1635,1586,4254263,32636,4713101,27382400
3965,1542,1695,4252721,32483,4714796,29209500
3966,1635,1626,4251086,32492,4716422,29134200
3967,1639,1635,4249447,32496,4718057,27793600
3968,1612,1601,4247835,32507,4719658,26285800
3969,1594,1646,4246241,32455,4721304,26585000
3970,1604,1607,4244637,32452,4722911,27173900
3971,1647,1621,4242990,32478,4724532,28993200
3972,1585,1548,4241405,32515,4726080,26285400
3973,1612,1679,4239793,32448,4727759,26483600
3974,1553,1590,4238240,32411,4729349,26427100
3975,1606,1597,4236634,32420,4730946,26244100
3976,1544,1686,4235090,32278,4732632,26845100
3977,1559,1565,4233531,32272,4734197,28255900
3978,1543,1646,4231988,32169,4735843,25997600
3979,1563,1602,4230425,32130,4737445,25759500
3980,1544,1637,4228881,32037,4739082,26075300
3981,1612,1666,4227269,31983,4740748,25675700
3982,1632,1561,4225637,32054,4742309,25644500
3983,1593,1576,4224044,32071,4743885,25579300
3984,1541,1574,4222503,32038,4745459,26569500
3985,1594,1590,4220909,32042,4747049,25671600
3986,1610,1636,4219299,32016,4748685,26064300
3987,1520,1642,4217779,31894,4750327,26096500
3988,1537,1651,4216242,31780,4751978,25973900
3989,1628,1575,4214614,31833,4753553,25595000
3990,1576,1545,4213038,31864,4755098,26109700
3991,1581,1694,4211457,31751,4756792,26448200
3992,1631,1575,4209826,31807,4758367,26586600
3993,1630,1645,4208196,31792,4760012,26880400
3994,1560,1549,4206636,31803,4761561,27102200
3995,1565,1559,4205071,31809,4763120,27548100
3996,1631,1635,4203440,31805,4764755,27729000
3997,1574,1618,4201866,31761,4766373,26682800
3998,1614,1541,4200252,31834,4767914,26183500
3999,1629,1603,4198623,31860,4769517,25689800
4000,1598,1671,4197025,31787,4771188,25871300
4001,1627,1505,4195398,31909,4772693,26043500
4002,1593,1599,4193805,31903,4774292,25884900
4003,1645,1602,4192160,31946,4775894,25983300
4004,1731,1586,4190429,32091,4777480,26114100
4005,1669,1543,4188760,32217,4779023,26127500
4006,1687,1575,4187073,32329,4780598,25829100
4007,1606,1674,4185467,32261,4782272,26140800
4008,1698,1648,4183769,32311,4783920,26239000
4009,1669,1566,4182100,32414,4785486,26283200
4010,1613,1594,4180487,32433,4787080,25854800
4011,1693,1626,4178794,32500,4788706,26084700
4012,1662,1590,4177132,32572,4790296,26790600
4013,1619,1615,4175513,32576,4791911,25619300
4014,1544,1710,4173969,32410,4793621,25672300
4015,1649,1621,4172320,32438,4795242,25928300
4016,1609,1691,4170711,32356,4796933,26005500
4017,1609,1609,4169102,32356,4798542,25767100
4018,1616,1600,4167486,32372,4800142,26193700
4019,1602,1570,4165884,32404,4801712,26111000
4020,1671,1637,4164213,32438,4803349,25591900
4021,1671,1595,4162542,32514,4804944,25842500
4022,1578,1692,4160964,32400,4806636,25838400
4023,1670,1581,4159294,32489,4808217,26502700
4024,1651,1546,4157643,32594,4809763,25650400
4025,1651,1605,4155992,32640,4811368,25826400
4026,1576,1553,4154416,32663,4812921,25693600
4027,1652,1635,4152764,32680,4814556,25743600
4028,1616,1687,4151148,32609,4816243,26168900
4029,1590,1665,4149558,32534,4817908,25556000
4030,1589,1578,4147969,32545,4819486,25841400
4031,1713,1617,4146256,32641,4821103,25512300
4032,1678,1618,4144578,32701,4822721,25522000
4033,1640,1544,4142938,32797,4824265,25547900
4034,1605,1626,4141333,32776,4825891,27461900
4035,1582,1663,4139751,32695,4827554,26033200
4036,1589,1634,4138162,32650,4829188,25828000
4037,1574,1600,4136588,32624,4830788,26552200
4038,1645,1666,4134943,32603,4832454,26595500
4039,1635,1703,4133308,32535,4834157,26411300
4040,1639,1586,4131669,32588,4835743,26598800
4041,1602,1650,4130067,32540,4837393,26612100
4042,1662,1683,4128405,32519,4839076,27132400
4043,1617,1636,4126788,32500,4840712,26360200
4044,1526,1664,4125262,32362,4842376,25974300
4045,1657,1598,4123605,32421,4843974,25835900
4046,1643,1635,4121962,32429,4845609,26149000
4047,1681,1606,4120281,32504,4847215,29547100
4048,1519,1638,4118762,32385,4848853,26109500
4049,1622,1660,4117140,32347,4850513,25821500
4050,1637,1559,4115503,32425,4852072,25906300
4051,1587,1668,4113916,32344,4853740,26163200
4052,1626,1637,4112290,32333,4855377,25828100
4053,1542,1695,4110748,32180,4857072,25708000
4054,1546,1676,4109202,32050,4858748,25499800
4055,1574,1673,4107628,31951,4860421,26014900
4056,1527,1659,4106101,31819,4862080,26172000
4057,1612,1539,4104489,31892,4863619,26067500
4058,1559,1636,4102930,31815,4865255,26196700
4059,1565,1511,4101365,31869,4866766,26394000
4060,1605,1529,4099760,31945,4868295,25974800
4061,1585,1567,4098175,31963,4869862,25909100
4062,1615,1598,4096560,31980,4871460,26783800
4063,1560,1581,4095000,31959,4873041,25908000
4064,1598,1545,4093402,32012,4874586,25597900
4065,1557,1705,4091845,31864,4876291,26255800
4066,1574,1630,4090271,31808,4877921,25635900
4067,1501,1563,4088770,31746,4879484,25466900
4068,1589,1596,4087181,31739,4881080,26126600
4069,1595,1548,4085586,31786,4882628,25985600
4070,1532,1605,4084054,31713,4884233,25891900
4071,1599,1469,4082455,31843,4885702,25778300
4072,1510,1583,4080945,31770,4887285,26604900
4073,1570,1607,4079375,31733,4888892,26116600
4074,1577,1617,4077798,31693,4890509,25905100
4075,1579,1545,4076219,31727,4892054,26430700
4076,1558,1589,4074661,31696,4893643,25929000
4077,1529,1598,4073132,31627,4895241,26094200
4078,1579,1580,4071553,31626,4896821,25730900
4079,1633,1597,4069920,31662,4898418,25989000
4080,1602,1492,4068318,31772,4899910,25625500
4081,1590,1581,4066728,31781,4901491,25694200
4082,1603,1581,4065125,31803,4903072,25783000
4083,1602,1611,4063523,31794,4904683,27197500
4084,1595,1611,4061928,31778,4906294,26828100
4085,1581,1587,4060347,31772,4907881,27457200
4086,1586,1637,4058761,31721,4909518,26675700
4087,1639,1610,4057122,31750,4911128,26873900
4088,1593,1634,4055529,31709,4912762,27615700
4089,1569,1578,4053960,31700,4914340,28082700
4090,1554,1570,4052406,31684,4915910,26136700
4091,1621,1579,4050785,31726,4917489,25605400
4092,1599,1571,4049186,31754,4919060,25686800
4093,1637,1609,4047549,31782,4920669,25855700
4094,1606,1574,4045943,31814,4922243,26047600
4095,1613,1573,4044330,31854,4923816,25518700
4096,1635,1643,4042695,31846,4925459,25692800
4097,1601,1582,4041094,31865,4927041,25767000
4098,1585,1654,4039509,31796,4928695,26498500
4099,1581,1609,4037928,31768,4930304,26464200
4100,1594,1583,4036334,31779,4931887,26035900
4101,1620,1591,4034714,31808,4933478,25705700
4102,1576,1603,4033138,31781,4935081,25489500
4103,1590,1599,4031548,31772,4936680,26052900
4104,1538,1607,4030010,31703,4938287,25847100
4105,1606,1562,4028404,31747,4939849,25639400
4106,1638,1580,4026766,31805,4941429,26016000
4107,1586,1570,4025180,31821,4942999,25983100
4108,1587,1602,4023593,31806,4944601,26192300
4109,1587,1573,4022006,31820,4946174,25810200
4110,1588,1533,4020418,31875,4947707,25610300
4111,1627,1597,4018791,31905,4949304,27367800
4112,1529,1643,4017262,31791,4950947,25762600
4113,1557,1598,4015705,31750,4952545,25951800
4114,1591,1570,4014114,31771,4954115,25743900
4115,1533,1519,4012581,31785,4955634,25731700
4116,1599,1633,4010982,31751,4957267,25632100
4117,1590,1633,4009392,31708,4958900,26129100
4118,1607,1578,4007785,31737,4960478,26106300
4119,1510,1579,4006275,31668,4962057,25956300
4120,1532,1607,4004743,31593,4963664,25967400
4121,1584,1542,4003159,31635,4965206,25902600
4122,1533,1614,4001626,31554,4966820,25922500
4123,1563,1589,4000063,31528,4968409,26103600
4124,1507,1589,3998556,31446,4969998,25998200
4125,1530,1564,3997026,31412,4971562,26188300
4126,1523,1522,3995503,31413,4973084,26567400
4127,1566,1567,3993937,31412,4974651,25613400
4128,1581,1575,3992356,31418,4976226,25828700
4129,1529,1533,3990827,31414,4977759,26451300
4130,1530,1538,3989297,31406,4979297,26353100
4131,1569,1584,3987728,31391,4980881,26969500
4132,1501,1560,3986227,31332,4982441,26384100
4133,1583,1590,3984644,31325,4984031,26600600
4134,1513,1604,3983131,31234,4985635,26380700
4135,1680,1592,3981451,31322,4987227,27338300
4136,1607,1531,3979844,31398,4988758,26769800
4137,1567,1590,3978277,31375,4990348,25970900
4138,1534,1556,3976743,31353,4991904,25931300
4139,1550,1614,3975193,31289,4993518,25818400
4140,1545,1525,3973648,31309,4995043,25461500
4141,1586,1590,3972062,31305,4996633,25903400
4142,1641,1587,3970421,31359,4998220,25786200
4143,1648,1601,3968773,31406,4999821,25917500
4144,1644,1574,3967129,31476,5001395,25935700
4145,1605,1598,3965524,31483,5002993,26395400
4146,1593,1537,3963931,31539,5004530,25696500
4147,1561,1582,3962370,31518,5006112,25690900
4148,1576,1604,3960794,31490,5007716,26470200
4149,1607,1550,3959187,31547,5009266,25914400
4150,1682,1538,3957505,31691,5010804,29553500
4151,1635,1534,3955870,31792,5012338,25928200
4152,1675,1604,3954195,31863,5013942,25696100
4153,1660,1566,3952535,31957,5015508,25857300
4154,1574,1610,3950961,31921,5017118,25606700
4155,1577,1634,3949384,31864,5018752,25787600
4156,1619,1607,3947765,31876,5020359,25533800
4157,1609,1630,3946156,31855,5021989,25599300
4158,1592,1497,3944564,31950,5023486,26241000
4159,1620,1595,3942944,31975,5025081,26346500
4160,1697,1605,3941247,32067,5026686,26105400
4161,1558,1564,3939689,32061,5028250,26136500
4162,1614,1648,3938075,32027,5029898,26583900
4163,1608,1558,3936467,32077,5031456,26020900
4164,1577,1570,3934890,32084,5033026,26181200
4165,1612,1576,3933278,32120,5034602,25913400
4166,1644,1562,3931634,32202,5036164,26336500
4167,1637,1615,3929997,32224,5037779,26007800
4168,1689,1554,3928308,32359,5039333,25684900
4169,1650,1572,3926658,32437,5040905,26013400
4170,1623,1688,3925035,32372,5042593,25635300
4171,1601,1572,3923434,32401,5044165,25461600
4172,1722,1620,3921712,32503,5045785,26298400
4173,1638,1644,3920074,32497,5047429,25951200
4174,1592,1645,3918482,32444,5049074,26225200
4175,1644,1621,3916838,32467,5050695,26897400
4176,1617,1719,3915221,32365,5052414,26667100
4177,1637,1623,3913584,32379,5054037,27662100
4178,1648,1643,3911936,32384,5055680,26456600
4179,1665,1669,3910271,32380,5057349,26913700
4180,1627,1607,3908644,32400,5058956,26627300
4181,1599,1565,3907045,32434,5060521,26940200
4182,1566,1613,3905479,32387,5062134,25636600
4183,1515,1571,3903964,32331,5063705,25569700
4184,1634,1603,3902330,32362,5065308,25752700
4185,1614,1597,3900716,32379,5066905,25990300
4186,1550,1626,3899166,32303,5068531,26285100
4187,1592,1619,3897574,32276,5070150,25980400
4188,1548,1619,3896026,32205,5071769,25872100
4189,1618,1600,3894408,32223,5073369,26828500
4190,1593,1583,3892815,32233,5074952,25647700
4191,1637,1645,3891178,32225,5076597,25991000
4192,1606,1640,3889572,32191,5078237,26296400
4193,1583,1590,3887989,32184,5079827,26451200
4194,1547,1614,3886442,32117,5081441,25567800
4195,1644,1613,3884798,32148,5083054,26300100
4196,1568,1564,3883230,32152,5084618,26055100
4197,1585,1579,3881645,32158,5086197,25911900
4198,1585,1595,3880060,32148,5087792,26068100
4199,1526,1645,3878534,32029,5089437,27044400
4200,1622,1539,3876912,32112,5090976,28971500
4201,1602,1568,3875310,32146,5092544,25621400
4202,1616,1544,3873694,32218,5094088,25528100
4203,1627,1586,3872067,32259,5095674,25664200
4204,1578,1612,3870489,32225,5097286,25578800
4205,1688,1683,3868801,32230,5098969,25728500
4206,1618,1645,3867183,32203,5100614,25779700
4207,1594,1671,3865589,32126,5102285,25826100
4208,1674,1556,3863915,32244,5103841,26036600
4209,1610,1603,3862305,32251,5105444,26128900
4210,1648,1654,3860657,32245,5107098,25541700
4211,1547,1592,3859110,32200,5108690,25553500
4212,1652,1686,3857458,32166,5110376,25610900
4213,1609,1566,3855849,32209,5111942,26261600
4214,1541,1561,3854308,32189,5113503,25865200
4215,1612,1660,3852696,32141,5115163,25651300
4216,1606,1586,3851090,32161,5116749,25701800
4217,1635,1636,3849455,32160,5118385,25758500
4218,1606,1561,3847849,32205,5119946,25590700
4219,1637,1541,3846212,32301,5121487,25959400
4220,1659,1558,3844553,32402,5123045,26315500
4221,1581,1697,3842972,32286,5124742,26676000
4222,1662,1569,3841310,32379,5126311,26475200
4223,1575,1623,3839735,32331,5127934,28027200
4224,1668,1585,3838067,32414,5129519,27562100
4225,1610,1630,3836457,32394,5131149,27194500
4226,1662,1667,3834795,32389,5132816,26829400
4227,1618,1582,3833177,32425,5134398,27139200
4228,1633,1654,3831544,32404,5136052,26011800
4229,1668,1636,3829876,32436,5137688,25938900
4230,1589,1673,3828287,32352,5139361,25800100
4231,1582,1603,3826705,32331,5140964,26208100
4232,1594,1526,3825111,32399,5142490,25699400
4233,1610,1583,3823501,32426,5144073,26198500
4234,1632,1627,3821869,32431,5145700,25978400
4235,1673,1607,3820196,32497,5147307,26058300
4236,1574,1610,3818622,32461,5148917,26068200
4237,1623,1571,3816999,32513,5150488,26350500
4238,1602,1573,3815397,32542,5152061,26941400
4239,1608,1679,3813789,32471,5153740,26072900
4240,1689,1552,3812100,32608,5155292,25565500
4241,1684,1616,3810416,32676,5156908,25785100
4242,1582,1683,3808834,32575,5158591,25603900
4243,1647,1665,3807187,32557,5160256,25711000
4244,1642,1717,3805545,32482,5161973,25977300
4245,1646,1592,3803899,32536,5163565,25419000
4246,1675,1619,3802224,32592,5165184,25598400
4247,1610,1597,3800614,32605,5166781,25509400
4248,1647,1642,3798967,32610,5168423,25546800
4249,1569,1667,3797398,32512,5170090,25679800
4250,1646,1578,3795752,32580,5171668,25530900
4251,1581,1608,3794171,32553,5173276,25617900
4252,1615,1654,3792556,32514,5174930,25938400
4253,1614,1671,3790942,32457,5176601,26213100
4254,1595,1612,3789347,32440,5178213,27224100
4255,1527,1636,3787820,32331,5179849,26284000
4256,1630,1553,3786190,32408,5181402,26415300
4257,1626,1612,3784564,32422,5183014,25703600
4258,1596,1597,3782968,32421,5184611,25878600
4259,1625,1581,3781343,32465,5186192,25901200
4260,1543,1591,3779800,32417,5187783,25801200
4261,1535,1631,3778265,32321,5189414,25506300
4262,1533,1545,3776732,32309,5190959,26187400
4263,1535,1607,3775197,32237,5192566,25494100
4264,1583,1555,3773614,32265,5194121,25573100
4265,1536,1619,3772078,32182,5195740,28328600
4266,1521,1584,3770557,32119,5197324,28236700
4267,1584,1631,3768973,32072,5198955,27714700
4268,1550,1601,3767423,32021,5200556,27499300
4269,1554,1654,3765869,31921,5202210,27796900
4270,1570,1667,3764299,31824,5203877,29145200
4271,1549,1553,3762750,31820,5205430,29719500
4272,1477,1649,3761273,31648,5207079,28972700
4273,1586,1566,3759687,31668,5208645,29233600
4274,1525,1559,3758162,31634,5210204,27474700
4275,1568,1502,3756594,31700,5211706,28903700
4276,1546,1567,3755048,31679,5213273,27854800
4277,1529,1576,3753519,31632,5214849,26982800
4278,1552,1590,3751967,31594,5216439,26698000
4279,1568,1639,3750399,31523,5218078,27145400
4280,1574,1600,3748825,31497,5219678,27267200
4281,1574,1518,3747251,31553,5221196,27151400
4282,1640,1602,3745611,31591,5222798,27780500
4283,1543,1616,3744068,31518,5224414,27013100
4284,1513,1581,3742555,31450,5225995,27035000
4285,1572,1577,3740983,31445,5227572,27190100
4286,1568,1576,3739415,31437,5229148,27177900
4287,1588,1589,3737827,31436,5230737,26887000
4288,1645,1597,3736182,31484,5232334,27439400
4289,1591,1660,3734591,31415,5233994,26823800
4290,1589,1615,3733002,31389,5235609,26462900
4291,1535,1595,3731467,31329,5237204,27158100
4292,1690,1530,3729777,31489,5238734,27359200
4293,1532,1614,3728245,31407,5240348,27236700
4294,1584,1552,3726661,31439,5241900,27007000
4295,1579,1572,3725082,31446,5243472,26407300
4296,1605,1565,3723477,31486,5245037,27198200
4297,1580,1573,3721897,31493,5246610,26811000
4298,1571,1582,3720326,31482,5248192,26260500
4299,1556,1533,3718770,31505,5249725,25707900
4300,1583,1602,3717187,31486,5251327,26020400
4301,1532,1535,3715655,31483,5252862,26034300
4302,1593,1638,3714062,31438,5254500,26514500
4303,1581,1566,3712481,31453,5256066,26646600
4304,1596,1559,3710885,31490,5257625,25550400
4305,1589,1619,3709296,31460,5259244,25974300
4306,1632,1504,3707664,31588,5260748,26163400
4307,1614,1552,3706050,31650,5262300,25476600
4308,1524,1588,3704526,31586,5263888,25514300
4309,1628,1603,3702898,31611,5265491,25541300
4310,1562,1544,3701336,31629,5267035,25818400
4311,1574,1609,3699762,31594,5268644,26567400
4312,1608,1545,3698154,31657,5270189,26845400
4313,1680,1584,3696474,31753,5271773,26745100
4314,1574,1607,3694900,31720,5273380,26794200
4315,1565,1611,3693335,31674,5274991,26317400
4316,1706,1586,3691629,31794,5276577,26517400
4317,1571,1558,3690058,31807,5278135,26433400
4318,1550,1648,3688508,31709,5279783,28295100
4319,1656,1642,3686852,31723,5281425,26369500
4320,1546,1562,3685306,31707,5282987,25544800
4321,1530,1627,3683776,31610,5284614,26470400
4322,1623,1605,3682153,31628,5286219,25971200
4323,1584,1625,3680569,31587,5287844,26003000
4324,1602,1550,3678967,31639,5289394,25832100
4325,1594,1620,3677373,31613,5291014,25537900
4326,1596,1603,3675777,31606,5292617,25498200
4327,1599,1550,3674178,31655,5294167,25871900
4328,1564,1623,3672614,31596,5295790,25746400
4329,1561,1595,3671053,31562,5297385,25745500
4330,1498,1676,3669555,31384,5299061,25587700
4331,1553,1553,3668002,31384,5300614,25551200
4332,1571,1532,3666431,31423,5302146,25497000
4333,1575,1633,3664856,31365,5303779,25847700
4334,1505,1597,3663351,31273,5305376,25890500
4335,1524,1598,3661827,31199,5306974,27004400
4336,1593,1550,3660234,31242,5308524,30089300
4337,1549,1513,3658685,31278,5310037,29826900
4338,1531,1536,3657154,31273,5311573,29993000
4339,1533,1500,3655621,31306,5313073,27212800
4340,1545,1592,3654076,31259,5314665,30284600
4341,1521,1632,3652555,31148,5316297,28412300
4342,1510,1553,3651045,31105,5317850,29420600
4343,1528,1513,3649517,31120,5319363,31487400
4344,1577,1608,3647940,31089,5320971,29250100
4345,1607,1528,3646333,31168,5322499,27461100
4346,1552,1585,3644781,31135,5324084,30192200
4347,1592,1549,3643189,31178,5325633,27001600
4348,1482,1520,3641707,31140,5327153,26510500
4349,1576,1564,3640131,31152,5328717,27651200
4350,1525,1547,3638606,31130,5330264,28445600
4351,1586,1672,3637020,31044,5331936,26650900
4352,1571,1501,3635449,31114,5333437,31089900
4353,1573,1524,3633876,31163,5334961,26859600
4354,1503,1533,3632373,31133,5336494,26445000
4355,1629,1545,3630744,31217,5338039,25807200
4356,1546,1511,3629198,31252,5339550,27355000
4357,1530,1566,3627668,31216,5341116,26904200
4358,1557,1510,3626111,31263,5342626,26574900
4359,1600,1545,3624511,31318,5344171,26436500
4360,1529,1557,3622982,31290,5345728,27493200
4361,1577,1566,3621405,31301,5347294,26958600
4362,1496,1570,3619909,31227,5348864,28083500
4363,1535,1581,3618374,31181,5350445,25937700
4364,1530,1610,3616844,31101,5352055,25604700
4365,1566,1551,3615278,31116,5353606,26223900
4366,1572,1577,3613706,31111,5355183,25518700
4367,1553,1508,3612153,31156,5356691,25661500
4368,1594,1526,3610559,31224,5358217,25874600
4369,1527,1499,3609032,31252,5359716,25966400
4370,1567,1603,3607465,31216,5361319,25508600
4371,1572,1597,3605893,31191,5362916,26074800
4372,1573,1548,3604320,31216,5364464,25611500
4373,1525,1558,3602795,31183,5366022,25941000
4374,1513,1545,3601282,31151,5367567,25750500
4375,1562,1483,3599720,31230,5369050,25537400
4376,1593,1622,3598127,31201,5370672,25969300
4377,1531,1568,3596596,31164,5372240,26307300
4378,1582,1600,3595014,31146,5373840,26586100
4379,1534,1598,3593480,31082,5375438,26196500
4380,1571,1547,3591909,31106,5376985,25529100
4381,1556,1497,3590353,31165,5378482,25837900
4382,1626,1577,3588727,31214,5380059,25901800
4383,1581,1612,3587146,31183,5381671,25909100
4384,1544,1576,3585602,31151,5383247,25541500
4385,1563,1662,3584039,31052,5384909,26374700
4386,1548,1481,3582491,31119,5386390,26420300
4387,1556,1591,3580935,31084,5387981,27899100
4388,1529,1572,3579406,31041,5389553,28519500
4389,1548,1535,3577858,31054,5391088,26544600
4390,1531,1563,3576327,31022,5392651,25688700
4391,1504,1585,3574823,30941,5394236,25593100
4392,1560,1504,3573263,30997,5395740,25572500
4393,1528,1506,3571735,31019,5397246,25636000
4394,1562,1579,3570173,31002,5398825,25634900
4395,1612,1527,3568561,31087,5400352,26018300
4396,1571,1577,3566990,31081,5401929,26028500
4397,1504,1574,3565486,31011,5403503,25435200
4398,1589,1575,3563897,31025,5405078,25841000
4399,1559,1531,3562338,31053,5406609,25838800
4400,1585,1528,3560753,31110,5408137,25624200
4401,1650,1554,3559103,31206,5409691,26424300
4402,1553,1552,3557550,31207,5411243,26716200
4403,1613,1573,3555937,31247,5412816,27497800
4404,1582,1536,3554355,31293,5414352,26354300
4405,1547,1519,3552808,31321,5415871,26330300
4406,1546,1503,3551262,31364,5417374,27907200
4407,1584,1588,3549678,31360,5418962,27217300
4408,1561,1630,3548117,31291,5420592,26345000
4409,1590,1607,3546527,31274,5422199,26367200
4410,1551,1512,3544976,31313,5423711,26500900
4411,1589,1571,3543387,31331,5425282,25832800
4412,1589,1532,3541798,31388,5426814,25518000
4413,1598,1606,3540200,31380,5428420,25614100
4414,1508,1598,3538692,31290,5430018,25645300
4415,1635,1571,3537057,31354,5431589,25787900
4416,1567,1548,3535490,31373,5433137,26658600
4417,1568,1564,3533922,31377,5434701,26023300
4418,1549,1512,3532373,31414,5436213,25730200
4419,1585,1573,3530788,31426,5437786,26105800
4420,1616,1564,3529172,31478,5439350,25722000
4421,1545,1556,3527627,31467,5440906,25633400
4422,1581,1619,3526046,31429,5442525,25628100
4423,1588,1533,3524458,31484,5444058,25675500
4424,1564,1552,3522894,31496,5445610,26540600
4425,1594,1539,3521300,31551,5447149,26655300
4426,1525,1592,3519775,31484,5448741,27012500
4427,1625,1575,3518150,31534,5450316,25615700
4428,1591,1586,3516559,31539,5451902,25880100
4429,1548,1613,3515011,31474,5453515,26043700
4430,1624,1500,3513387,31598,5455015,25470100
4431,1622,1636,3511765,31584,5456651,25965200
4432,1629,1594,3510136,31619,5458245,26097700
4433,1608,1609,3508528,31618,5459854,25923700
4434,1645,1569,3506883,31694,5461423,25583700
4435,1641,1573,3505242,31762,5462996,25412500
4436,1563,1569,3503679,31756,5464565,25777700
4437,1595,1671,3502084,31680,5466236,25999300
4438,1625,1535,3500459,31770,5467771,25488800
4439,1715,1531,3498744,31954,5469302,25997800
4440,1522,1658,3497222,31818,5470960,26145200
4441,1548,1538,3495674,31828,5472498,25556000
4442,1554,1624,3494120,31758,5474122,25547800
4443,1590,1585,3492530,31763,5475707,26244600
4444,1535,1562,3490995,31736,5477269,25905100
4445,1575,1515,3489420,31796,5478784,25900900
4446,1603,1625,3487817,31774,5480409,25950400
4447,1514,1646,3486303,31642,5482055,26060200
4448,1520,1557,3484783,31605,5483612,26125700
4449,1514,1601,3483269,31518,5485213,27786900
4450,1541,1532,3481728,31527,5486745,27007500
4451,1557,1559,3480171,31525,5488304,26326200
4452,1539,1532,3478632,31532,5489836,27042000
4453,1557,1554,3477075,31535,5491390,27067900
4454,1543,1586,3475532,31492,5492976,27128300
4455,1571,1600,3473961,31463,5494576,28373200
4456,1560,1571,3472401,31452,5496147,26366900
4457,1547,1582,3470854,31417,5497729,26164200
4458,1539,1504,3469315,31452,5499233,25731500
4459,1578,1560,3467737,31470,5500793,25538200
4460,1523,1529,3466214,31464,5502322,25520700
4461,1566,1561,3464648,31469,5503883,25446400
4462,1593,1634,3463055,31428,5505517,26082600
4463,1540,1620,3461515,31348,5507137,27033800
4464,1597,1539,3459918,31406,5508676,28619400
4465,1599,1604,3458319,31401,5510280,25929900
4466,1576,1544,3456743,31433,5511824,25462600
4467,1590,1569,3455153,31454,5513393,25830900
4468,1577,1559,3453576,31472,5514952,25462800
4469,1648,1550,3451928,31570,5516502,25971100
4470,1554,1591,3450374,31533,5518093,25741300
4471,1601,1664,3448773,31470,5519757,25996300
4472,1569,1535,3447204,31504,5521292,25660900
4473,1619,1593,3445585,31530,5522885,25888600
4474,1620,1566,3443965,31584,5524451,25486300
4475,1635,1550,3442330,31669,5526001,25493800
4476,1520,1545,3440810,31644,5527546,25531200
4477,1563,1518,3439247,31689,5529064,26177100
4478,1559,1573,3437688,31675,5530637,26592200
4479,1608,1566,3436080,31717,5532203,25392200
4480,1530,1618,3434550,31629,5533821,25792700
4481,1578,1606,3432972,31601,5535427,25549200
4482,1647,1560,3431325,31688,5536987,25601400
4483,1597,1588,3429728,31697,5538575,25552700
4484,1585,1546,3428143,31736,5540121,25537000
4485,1544,1567,3426599,31713,5541688,25548700
4486,1614,1565,3424985,31762,5543253,25553700
4487,1601,1588,3423384,31775,5544841,25508400
4488,1598,1588,3421786,31785,5546429,25459500
4489,1568,1654,3420218,31699,5548083,25981900
4490,1507,1582,3418711,31624,5549665,25902800
4491,1485,1601,3417226,31508,5551266,25609900
4492,1596,1577,3415630,31527,5552843,25843000
4493,1646,1554,3413984,31619,5554397,26137600
4494,1525,1611,3412459,31533,5556008,26756900
4495,1591,1535,3410868,31589,5557543,27022800
4496,1546,1551,3409322,31584,5559094,27422300
4497,1559,1614,3407763,31529,5560708,26339600
4498,1584,1582,3406179,31531,5562290,26360800
4499,1537,1571,3404642,31497,5563861,26655300
4500,1630,1558,3403012,31569,5565419,26508200
4501,1580,1516,3401432,31633,5566935,26781300
4502,1576,1555,3399856,31654,5568490,26047500
4503,1605,1597,3398251,31662,5570087,25930400
4504,1568,1554,3396683,31676,5571641,25753100
4505,1577,1626,3395106,31627,5573267,25914500
4506,1617,1617,3393489,31627,5574884,26028200
4507,1558,1650,3391931,31535,5576534,26079400
4508,1570,1556,3390361,31549,5578090,26501200
4509,1616,1548,3388745,31617,5579638,25866500
4510,1570,1588,3387175,31599,5581226,25580100
4511,1579,1487,3385596,31691,5582713,25535600
4512,1599,1586,3383997,31704,5584299,25474400
4513,1579,1588,3382418,31695,5585887,25436800
4514,1553,1579,3380865,31669,5587466,25455700
4515,1571,1609,3379294,31631,5589075,25739100
4516,1581,1601,3377713,31611,5590676,25859400
4517,1572,1554,3376141,31629,5592230,25685300
4518,1472,1518,3374669,31583,5593748,25597700
4519,1600,1572,3373069,31611,5595320,26207900
4520,1574,1567,3371495,31618,5596887,25921900
4521,1541,1607,3369954,31552,5598494,25724200
4522,1561,1603,3368393,31510,5600097,25540200
4523,1617,1508,3366776,31619,5601605,26051600
4524,1595,1645,3365181,31569,5603250,25756700
4525,1610,1542,3363571,31637,5604792,26258700
4526,1523,1540,3362048,31620,5606332,25892700
4527,1543,1563,3360505,31600,5607895,25435500
4528,1520,1568,3358985,31552,5609463,26291400
4529,1613,1571,3357372,31594,5611034,25587600
4530,1570,1583,3355802,31581,5612617,25479600
4531,1624,1555,3354178,31650,5614172,26142200
4532,1545,1607,3352633,31588,5615779,28480500
4533,1541,1570,3351092,31559,5617349,29437200
4534,1550,1624,3349542,31485,5618973,25661800
4535,1655,1512,3347887,31628,5620485,26315500
4536,1597,1538,3346290,31687,5622023,25951300
4537,1650,1586,3344640,31751,5623609,25631200
4538,1573,1595,3343067,31729,5625204,26011600
4539,1584,1522,3341483,31791,5626726,26698700
4540,1578,1666,3339905,31703,5628392,26516600
4541,1611,1585,3338294,31729,5629977,29150600
4542,1602,1605,3336692,31726,5631582,26355100
4543,1574,1574,3335118,31726,5633156,26453400
4544,1618,1509,3333500,31835,5634665,26431200
4545,1543,1588,3331957,31790,5636253,26421200
4546,1705,1578,3330252,31917,5637831,26725700
4547,1622,1602,3328630,31937,5639433,26334700
4548,1661,1575,3326969,32023,5641008,26134500
4549,1621,1655,3325348,31989,5642663,25655400
4550,1611,1603,3323737,31997,5644266,25808000
4551,1639,1670,3322098,31966,5645936,25697000
4552,1577,1609,3320521,31934,5647545,25998100
4553,1641,1634,3318880,31941,5649179,25791000
4554,1542,1533,3317338,31950,5650712,26010200
4555,1656,1597,3315682,32009,5652309,25529900
4556,1566,1583,3314116,31992,5653892,25578600
4557,1514,1554,3312602,31952,5655446,25509000
4558,1516,1562,3311086,31906,5657008,25603700
4559,1591,1600,3309495,31897,5658608,25604200
4560,1587,1605,3307908,31879,5660213,26050200
4561,1633,1486,3306275,32026,5661699,25527000
4562,1586,1653,3304689,31959,5663352,25497700
4563,1568,1633,3303121,31894,5664985,25506000
4564,1582,1539,3301539,31937,5666524,25470100
4565,1641,1604,3299898,31974,5668128,25805800
4566,1490,1666,3298408,31798,5669794,26159300
4567,1553,1593,3296855,31758,5671387,25699600
4568,1578,1563,3295277,31773,5672950,25548200
4569,1606,1614,3293671,31765,5674564,26176800
4570,1501,1565,3292170,31701,5676129,25817300
4571,1586,1534,3290584,31753,5677663,27800800
4572,1605,1613,3288979,31745,5679276,27582400
4573,1523,1601,3287456,31667,5680877,26061500
4574,1611,1600,3285845,31678,5682477,26011800
4575,1600,1539,3284245,31739,5684016,25904200
4576,1522,1586,3282723,31675,5685602,25438300
4577,1519,1539,3281204,31655,5687141,27809300
4578,1548,1670,3279656,31533,5688811,27399200
4579,1466,1640,3278190,31359,5690451,26793700
4580,1606,1555,3276584,31410,5692006,25491900
4581,1509,1557,3275075,31362,5693563,25870300
4582,1551,1643,3273524,31270,5695206,25566000
4583,1599,1564,3271925,31305,5696770,25464600
4584,1549,1552,3270376,31302,5698322,25548900
4585,1579,1565,3268797,31316,5699887,25502100
4586,1545,1611,3267252,31250,5701498,26652700
4587,1557,1549,3265695,31258,5703047,26888400
4588,1569,1514,3264126,31313,5704561,26547100
4589,1549,1566,3262577,31296,5706127,27301200
4590,1566,1605,3261011,31257,5707732,26888300
4591,1507,1598,3259504,31166,5709330,28054900
4592,1547,1600,3257957,31113,5710930,27876400
4593,1566,1588,3256391,31091,5712518,26418700
4594,1585,1572,3254806,31104,5714090,26693400
4595,1557,1586,3253249,31075,5715676,26040400
4596,1558,1530,3251691,31103,5717206,25615700
4597,1600,1656,3250091,31047,5718862,25864400
4598,1569,1584,3248522,31032,5720446,26090400
4599,1577,1553,3246945,31056,5721999,26468600
4600,1588,1611,3245357,31033,5723610,25607300
4601,1576,1481,3243781,31128,5725091,25516100
4602,1600,1469,3242181,31259,5726560,25460300
4603,1623,1478,3240558,31404,5728038,25493300
4604,1591,1641,3238967,31354,5729679,25480500
4605,1607,1521,3237360,31440,5731200,26908600
4606,1587,1586,3235773,31441,5732786,25466000
4607,1636,1554,3234137,31523,5734340,25549600
4608,1580,1558,3232557,31545,5735898,25470300
4609,1529,1634,3231028,31440,5737532,29563100
4610,1576,1595,3229452,31421,5739127,26415700
4611,1611,1557,3227841,31475,5740684,25794400
4612,1574,1566,3226267,31483,5742250,25898100
4613,1525,1574,3224742,31434,5743824,25641200
4614,1546,1621,3223196,31359,5745445,25581400
4615,1519,1545,3221677,31333,5746990,26470200
4616,1535,1581,3220142,31287,5748571,27078400
4617,1571,1561,3218571,31297,5750132,28556700
4618,1515,1550,3217056,31262,5751682,25497900
4619,1517,1599,3215539,31180,5753281,25719100
4620,1520,1560,3214019,31140,5754841,25621600
4621,1599,1566,3212420,31173,5756407,25441500
4622,1550,1501,3210870,31222,5757908,25553000
4623,1566,1583,3209304,31205,5759491,25511400
4624,1531,1515,3207773,31221,5761006,25519100
4625,1604,1592,3206169,31233,5762598,25823900
4626,1598,1564,3204571,31267,5764162,26015400
4627,1575,1589,3202996,31253,5765751,26308900
4628,1570,1581,3201426,31242,5767332,26016800
4629,1571,1555,3199855,31258,5768887,25516200
4630,1553,1517,3198302,31294,5770404,25579400
4631,1586,1552,3196716,31328,5771956,26141900
4632,1615,1558,3195101,31385,5773514,26566700
4633,1530,1584,3193571,31331,5775098,26966100
4634,1613,1623,3191958,31321,5776721,26976200
4635,1626,1629,3190332,31318,5778350,26730300
4636,1631,1624,3188701,31325,5779974,27507400
4637,1586,1563,3187115,31348,5781537,28073900
4638,1619,1541,3185496,31426,5783078,26741800
4639,1616,1598,3183880,31444,5784676,26096200
4640,1616,1535,3182264,31525,5786211,25837800
4641,1604,1631,3180660,31498,5787842,25431100
4642,1607,1570,3179053,31535,5789412,25356500
4643,1632,1590,3177421,31577,5791002,26253300
4644,1588,1582,3175833,31583,5792584,25505700
4645,1671,1603,3174162,31651,5794187,25527400
4646,1620,1602,3172542,31669,5795789,25518000
4647,1562,1566,3170980,31665,5797355,26075500
4648,1592,1551,3169388,31706,5798906,26095000
4649,1564,1567,3167824,31703,5800473,26536400
4650,1554,1582,3166270,31675,5802055,26887600
4651,1544,1544,3164726,31675,5803599,25655000
4652,1506,1633,3163220,31548,5805232,25545000
4653,1598,1579,3161622,31567,5806811,26268300
4654,1522,1599,3160100,31490,5808410,27993400
4655,1652,1593,3158448,31549,5810003,26380700
4656,1552,1535,3156896,31566,5811538,25844700
4657,1596,1568,3155300,31594,5813106,26020500
4658,1617,1520,3153683,31691,5814626,25597200
4659,1513,1598,3152170,31606,5816224,25489100
4660,1622,1691,3150548,31537,5817915,25781500
4661,1560,1565,3148988,31532,5819480,26428100
4662,1550,1624,3147438,31458,5821104,25927900
4663,1623,1540,3145815,31541,5822644,25982900
4664,1548,1588,3144267,31501,5824232,25495400
4665,1568,1529,3142699,31540,5825761,25644500
4666,1558,1570,3141141,31528,5827331,25581900
4667,1575,1654,3139566,31449,5828985,26296100
4668,1558,1528,3138008,31479,5830513,25625900
4669,1597,1635,3136411,31441,5832148,25907400
4670,1526,1588,3134885,31379,5833736,25833500
4671,1478,1526,3133407,31331,5835262,26234700
4672,1537,1507,3131870,31361,5836769,25755200
4673,1541,1514,3130329,31388,5838283,25718800
4674,1520,1509,3128809,31399,5839792,25747000
4675,1567,1564,3127242,31402,5841356,25729900
4676,1577,1551,3125665,31428,5842907,25589000
4677,1618,1553,3124047,31493,5844460,26195400
4678,1549,1585,3122498,31457,5846045,25967400
4679,1526,1568,3120972,31415,5847613,27094100
4680,1575,1482,3119397,31508,5849095,26743200
4681,1542,1503,3117855,31547,5850598,26471900
4682,1562,1609,3116293,31500,5852207,27070700
4683,1609,1552,3114684,31557,5853759,26760900
4684,1576,1578,3113108,31555,5855337,26891100
4685,1576,1551,3111532,31580,5856888,26591700
4686,1545,1641,3109987,31484,5858529,26822900
4687,1604,1634,3108383,31454,5860163,25757600
4688,1585,1569,3106798,31470,5861732,25442400
4689,1595,1569,3105203,31496,5863301,26045100
4690,1565,1542,3103638,31519,5864843,25665000
4691,1578,1581,3102060,31516,5866424,25896300
4692,1632,1534,3100428,31614,5867958,26427000
4693,1540,1581,3098888,31573,5869539,26471100
4694,1544,1659,3097344,31458,5871198,26137500
4695,1548,1605,3095796,31401,5872803,25528700
4696,1545,1542,3094251,31404,5874345,25586200
4697,1526,1648,3092725,31282,5875993,25534700
4698,1570,1614,3091155,31238,5877607,25776900
4699,1548,1601,3089607,31185,5879208,26151700
4700,1630,1526,3087977,31289,5880734,25788600
4701,1542,1536,3086435,31295,5882270,26160600
4702,1569,1557,3084866,31307,5883827,25948400
4703,1560,1611,3083306,31256,5885438,25760700
4704,1574,1535,3081732,31295,5886973,26181300
4705,1602,1551,3080130,31346,5888524,26186700
4706,1550,1548,3078580,31348,5890072,25625100
4707,1527,1569,3077053,31306,5891641,25909500
4708,1601,1558,3075452,31349,5893199,26291800
4709,1611,1630,3073841,31330,5894829,25665600
4710,1510,1546,3072331,31294,5896375,25428600
4711,1552,1633,3070779,31213,5898008,25505000
4712,1587,1593,3069192,31207,5899601,25538700
4713,1602,1611,3067590,31198,5901212,26172900
4714,1588,1552,3066002,31234,5902764,25702200
4715,1587,1560,3064415,31261,5904324,25612000
4716,1672,1591,3062743,31342,5905915,25596700
4717,1576,1552,3061167,31366,5907467,25544400
4718,1550,1559,3059617,31357,5909026,25734600
4719,1555,1540,3058062,31372,5910566,25703800
4720,1544,1555,3056518,31361,5912121,25518600
4721,1599,1582,3054919,31378,5913703,25469700
4722,1561,1566,3053358,31373,5915269,25553700
4723,1581,1553,3051777,31401,5916822,25417100
4724,1587,1618,3050190,31370,5918440,25661800
4725,1556,1670,3048634,31256,5920110,27701500
4726,1607,1579,3047027,31284,5921689,26397700
4727,1558,1660,3045469,31182,5923349,26800600
4728,1586,1585,3043883,31183,5924934,26929800
4729,1545,1606,3042338,31122,5926540,26287100
4730,1629,1518,3040709,31233,5928058,26863200
4731,1545,1574,3039164,31204,5929632,28638000
4732,1578,1515,3037586,31267,5931147,26322600
4733,1532,1523,3036054,31276,5932670,25704000
4734,1503,1536,3034551,31243,5934206,25932600
4735,1611,1516,3032940,31338,5935722,26449800
4736,1562,1556,3031378,31344,5937278,25778700
4737,1506,1560,3029872,31290,5938838,25533400
4738,1492,1659,3028380,31123,5940497,25524800
4739,1636,1559,3026744,31200,5942056,25773000
4740,1558,1524,3025186,31234,5943580,25616500
4741,1604,1602,3023582,31236,5945182,25865000
4742,1582,1611,3022000,31207,5946793,25706700
4743,1521,1557,3020479,31171,5948350,25504800
4744,1490,1566,3018989,31095,5949916,25428700
4745,1561,1596,3017428,31060,5951512,25938600
4746,1550,1487,3015878,31123,5952999,26421200
4747,1524,1615,3014354,31032,5954614,25565100
4748,1511,1544,3012843,30999,5956158,25558400
4749,1585,1561,3011258,31023,5957719,25547000
4750,1548,1498,3009710,31073,5959217,25532400
4751,1566,1523,3008144,31116,5960740,26487400
4752,1542,1590,3006602,31068,5962330,25392100
4753,1587,1519,3005015,31136,5963849,25661000
4754,1586,1463,3003429,31259,5965312,25904000
4755,1538,1611,3001891,31186,5966923,25798600
4756,1544,1551,3000347,31179,5968474,25538700
4757,1625,1571,2998722,31233,5970045,26350300
4758,1608,1503,2997114,31338,5971548,26051900
4759,1618,1544,2995496,31412,5973092,25755700
4760,1614,1607,2993882,31419,5974699,25483900
4761,1549,1595,2992333,31373,5976294,25571500
4762,1521,1571,2990812,31323,5977865,25441100
4763,1535,1544,2989277,31314,5979409,26359500
4764,1492,1565,2987785,31241,5980974,26048000
4765,1565,1468,2986220,31338,5982442,25699300
4766,1554,1544,2984666,31348,5983986,25941600
4767,1489,1468,2983177,31369,5985454,25980100
4768,1487,1580,2981690,31276,5987034,25642400
4769,1521,1569,2980169,31228,5988603,26510000
4770,1600,1551,2978569,31277,5990154,25963600
4771,1588,1520,2976981,31345,5991674,26380200
4772,1594,1539,2975387,31400,5993213,26949300
4773,1552,1572,2973835,31380,5994785,26517600
4774,1569,1543,2972266,31406,5996328,27024500
4775,1563,1573,2970703,31396,5997901,26777900
4776,1531,1562,2969172,31365,5999463,26466200
4777,1533,1594,2967639,31304,6001057,26443200
4778,1539,1575,2966100,31268,6002632,26129300
4779,1542,1537,2964558,31273,6004169,26071200
4780,1614,1505,2962944,31382,6005674,25707600
4781,1530,1560,2961414,31352,6007234,25958800
4782,1557,1609,2959857,31300,6008843,25913500
4783,1507,1602,2958350,31205,6010445,25884500
4784,1523,1597,2956827,31131,6012042,25442600
4785,1640,1569,2955187,31202,6013611,25570300
4786,1624,1507,2953563,31319,6015118,26239300
4787,1517,1591,2952046,31245,6016709,25879400
4788,1518,1521,2950528,31242,6018230,25875200
4789,1575,1563,2948953,31254,6019793,25468400
4790,1559,1564,2947394,31249,6021357,25639700
4791,1573,1585,2945821,31237,6022942,25743300
4792,1508,1498,2944313,31247,6024440,25379700
4793,1486,1522,2942827,31211,6025962,26111400
4794,1533,1631,2941294,31113,6027593,25822600
4795,1504,1639,2939790,30978,6029232,25801500
4796,1518,1607,2938272,30889,6030839,25807200
4797,1517,1591,2936755,30815,6032430,26144200
4798,1503,1531,2935252,30787,6033961,25714300
4799,1573,1604,2933679,30756,6035565,25625000
4800,1482,1517,2932197,30721,6037082,25867300
4801,1556,1512,2930641,30765,6038594,26514000
4802,1554,1527,2929087,30792,6040121,26950000
4803,1596,1587,2927491,30801,6041708,28907800
4804,1607,1571,2925884,30837,6043279,25452300
4805,1609,1589,2924275,30857,6044868,25411100
4806,1519,1630,2922756,30746,6046498,25926500
4807,1568,1467,2921188,30847,6047965,26083300
4808,1558,1509,2919630,30896,6049474,26233700
4809,1551,1576,2918079,30871,6051050,27806900
4810,1539,1553,2916540,30857,6052603,25597400
4811,1531,1515,2915009,30873,6054118,25980700
4812,1526,1584,2913483,30815,6055702,25982500
4813,1540,1546,2911943,30809,6057248,25543000
4814,1510,1519,2910433,30800,6058767,26257900
4815,1557,1567,2908876,30790,6060334,25729700
4816,1476,1541,2907400,30725,6061875,25720600
4817,1530,1563,2905870,30692,6063438,28385200
4818,1550,1548,2904320,30694,6064986,26911700
4819,1514,1547,2902806,30661,6066533,27063900
4820,1549,1569,2901257,30641,6068102,28846000
4821,1517,1524,2899740,30634,6069626,26413300
4822,1521,1501,2898219,30654,6071127,26376700
4823,1550,1556,2896669,30648,6072683,26513200
4824,1524,1475,2895145,30697,6074158,26234300
4825,1597,1413,2893548,30881,6075571,25774600
4826,1520,1560,2892028,30841,6077131,25629500
4827,1499,1468,2890529,30872,6078599,25709400
4828,1599,1518,2888930,30953,6080117,25901800
4829,1576,1493,2887354,31036,6081610,26206700
4830,1537,1576,2885817,30997,6083186,25729900
4831,1499,1569,2884318,30927,6084755,25768900
4832,1561,1555,2882757,30933,6086310,25554700
4833,1562,1539,2881195,30956,6087849,25505100
4834,1514,1577,2879681,30893,6089426,25889300
4835,1593,1548,2878088,30938,6090974,25344100
4836,1491,1520,2876597,30909,6092494,25708400
4837,1628,1613,2874969,30924,6094107,26078100
4838,1563,1525,2873406,30962,6095632,25332300
4839,1515,1569,2871891,30908,6097201,25426400
4840,1546,1542,2870345,30912,6098743,25528300
4841,1511,1565,2868834,30858,6100308,27794800
4842,1487,1531,2867347,30814,6101839,26614900
4843,1488,1498,2865859,30804,6103337,26645500
4844,1524,1544,2864335,30784,6104881,25370100
4845,1576,1502,2862759,30858,6106383,26565200
4846,1583,1603,2861176,30838,6107986,28515800
4847,1554,1581,2859622,30811,6109567,26043500
4848,1574,1600,2858048,30785,6111167,25648100
4849,1512,1556,2856536,30741,6112723,25441000
4850,1531,1590,2855005,30682,6114313,25851200
4851,1539,1488,2853466,30733,6115801,25561500
4852,1550,1550,2851916,30733,6117351,25476000
4853,1533,1587,2850383,30679,6118938,25959200
4854,1549,1607,2848834,30621,6120545,25728400
4855,1536,1597,2847298,30560,6122142,25498100
4856,1485,1484,2845813,30561,6123626,25365600
4857,1604,1433,2844209,30732,6125059,25802100
4858,1571,1538,2842638,30765,6126597,25705300
4859,1617,1508,2841021,30874,6128105,25486500
4860,1533,1523,2839488,30884,6129628,26313500
4861,1555,1488,2837933,30951,6131116,25485700
4862,1535,1568,2836398,30918,6132684,25319700
4863,1501,1606,2834897,30813,6134290,26433200
4864,1543,1595,2833354,30761,6135885,27432300
4865,1555,1527,2831799,30789,6137412,27474900
4866,1540,1528,2830259,30801,6138940,26932000
4867,1589,1585,2828670,30805,6140525,26799500
4868,1522,1575,2827148,30752,6142100,27287200
4869,1587,1502,2825561,30837,6143602,26472100
4870,1532,1552,2824029,30817,6145154,27350500
4871,1485,1594,2822544,30708,6146748,25913400
4872,1429,1549,2821115,30588,6148297,25830900
4873,1512,1502,2819603,30598,6149799,25508700
4874,1553,1541,2818050,30610,6151340,25353100
4875,1516,1480,2816534,30646,6152820,26090600
4876,1497,1518,2815037,30625,6154338,25812900
4877,1541,1583,2813496,30583,6155921,25362700
4878,1478,1513,2812018,30548,6157434,25597600
4879,1484,1520,2810534,30512,6158954,26345900
4880,1537,1531,2808997,30518,6160485,26000000
4881,1545,1430,2807452,30633,6161915,25589600
4882,1520,1494,2805932,30659,6163409,25761700
4883,1546,1586,2804386,30619,6164995,26113900
4884,1532,1508,2802854,30643,6166503,26783100
4885,1559,1542,2801295,30660,6168045,27377200
4886,1640,1490,2799655,30810,6169535,25681600
4887,1538,1540,2798117,30808,6171075,25650100
4888,1559,1457,2796558,30910,6172532,25885000
4889,1649,1534,2794909,31025,6174066,25823700
4890,1511,1534,2793398,31002,6175600,26217500
4891,1542,1548,2791856,30996,6177148,25601700
4892,1540,1631,2790316,30905,6178779,25730400
4893,1538,1582,2788778,30861,6180361,25442600
4894,1494,1512,2787284,30843,6181873,25637000
4895,1529,1617,2785755,30755,6183490,25826400
4896,1541,1475,2784214,30821,6184965,25978000
4897,1628,1559,2782586,30890,6186524,26019500
4898,1582,1502,2781004,30970,6188026,25429900
4899,1494,1490,2779510,30974,6189516,25855400
4900,1624,1547,2777886,31051,6191063,25452000
4901,1554,1585,2776332,31020,6192648,25530300
4902,1569,1601,2774763,30988,6194249,28352600
4903,1564,1559,2773199,30993,6195808,26590700
4904,1491,1598,2771708,30886,6197406,26818600
4905,1492,1627,2770216,30751,6199033,28103800
4906,1512,1542,2768704,30721,6200575,27192300
4907,1541,1524,2767163,30738,6202099,27338200
4908,1516,1511,2765647,30743,6203610,27207900
4909,1521,1610,2764126,30654,6205220,26605900
4910,1599,1445,2762527,30808,6206665,27380800
4911,1520,1507,2761007,30821,6208172,27044700
4912,1501,1540,2759506,30782,6209712,28693800
4913,1550,1575,2757956,30757,6211287,26669700
4914,1530,1598,2756426,30689,6212885,26954000
4915,1511,1606,2754915,30594,6214491,27930800
4916,1526,1507,2753389,30613,6215998,27492200
4917,1513,1574,2751876,30552,6217572,27387000
4918,1469,1504,2750407,30517,6219076,30861500
4919,1496,1513,2748911,30500,6220589,27315200
4920,1469,1576,2747442,30393,6222165,27375600
4921,1535,1487,2745907,30441,6223652,27989700
4922,1551,1595,2744356,30397,6225247,27437800
4923,1512,1546,2742844,30363,6226793,27151400
4924,1460,1599,2741384,30224,6228392,27681800
4925,1504,1545,2739880,30183,6229937,27470700
4926,1387,1533,2738493,30037,6231470,25681400
4927,1487,1504,2737006,30020,6232974,25344100
4928,1451,1455,2735555,30016,6234429,25393900
4929,1455,1466,2734100,30005,6235895,25190200
4930,1453,1552,2732647,29906,6237447,25347400
4931,1503,1499,2731144,29910,6238946,25329300
4932,1471,1436,2729673,29945,6240382,25828100
4933,1479,1463,2728194,29961,6241845,25791000
4934,1534,1541,2726660,29954,6243386,25929500
4935,1397,1473,2725263,29878,6244859,25711200
4936,1368,1422,2723895,29824,6246281,26301200
4937,1496,1472,2722399,29848,6247753,25327800
4938,1469,1496,2720930,29821,6249249,25954800
4939,1452,1491,2719478,29782,6250740,25511000
4940,1447,1522,2718031,29707,6252262,25532900
4941,1476,1529,2716555,29654,6253791,26057800
4942,1430,1503,2715125,29581,6255294,25522600
4943,1503,1480,2713622,29604,6256774,25319200
4944,1456,1526,2712166,29534,6258300,25849800
4945,1446,1491,2710720,29489,6259791,25822500
4946,1455,1528,2709265,29416,6261319,25300600
4947,1397,1486,2707868,29327,6262805,25271000
4948,1426,1466,2706442,29287,6264271,25303100
4949,1451,1531,2704991,29207,6265802,25261100
4950,1455,1527,2703536,29135,6267329,25737300
4951,1482,1437,2702054,29180,6268766,26068500
4952,1426,1472,2700628,29134,6270238,25712100
4953,1379,1479,2699249,29034,6271717,25500000
4954,1401,1392,2697848,29043,6273109,25512600
4955,1422,1435,2696426,29030,6274544,26706200
4956,1359,1424,2695067,28965,6275968,27198200
4957,1426,1443,2693641,28948,6277411,26273500
4958,1404,1474,2692237,28878,6278885,26080000
4959,1416,1461,2690821,28833,6280346,27930200
4960,1343,1495,2689478,28681,6281841,26811900
4961,1366,1474,2688112,28573,6283315,27051800
4962,1399,1450,2686713,28522,6284765,26156600
4963,1369,1435,2685344,28456,6286200,25951900
4964,1351,1478,2683993,28329,6287678,25592300
4965,1407,1467,2682586,28269,6289145,25675000
4966,1437,1413,2681149,28293,6290558,25755200
4967,1365,1512,2679784,28146,6292070,25672900
4968,1271,1431,2678513,27986,6293501,25718600
4969,1364,1413,2677149,27937,6294914,26111800
4970,1299,1503,2675850,27733,6296417,25105000
4971,1382,1388,2674468,27727,6297805,25120300
4972,1415,1389,2673053,27753,6299194,25613800
4973,1274,1429,2671779,27598,6300623,25698900
4974,1292,1341,2670487,27549,6301964,25368400
4975,1329,1420,2669158,27458,6303384,25647500
4976,1348,1437,2667810,27369,6304821,25199900
4977,1342,1380,2666468,27331,6306201,25541700
4978,1330,1315,2665138,27346,6307516,25742900
4979,1272,1390,2663866,27228,6308906,25205700
4980,1318,1402,2662548,27144,6310308,25508300
4981,1319,1375,2661229,27088,6311683,25057500
4982,1308,1346,2659921,27050,6313029,26336700
4983,1323,1359,2658598,27014,6314388,25610400
4984,1327,1347,2657271,26994,6315735,25301600
4985,1325,1406,2655946,26913,6317141,25540500
4986,1346,1308,2654600,26951,6318449,24969200
4987,1368,1296,2653232,27023,6319745,25096500
4988,1310,1422,2651922,26911,6321167,25033000
4989,1326,1342,2650596,26895,6322509,24955100
4990,1308,1351,2649288,26852,6323860,25807400
4991,1362,1373,2647926,26841,6325233,27252500
4992,1360,1372,2646566,26829,6326605,27741600
4993,1328,1337,2645238,26820,6327942,26910000
4994,1366,1270,2643872,26916,6329212,26291400
4995,1256,1364,2642616,26808,6330576,26004200
4996,1355,1363,2641261,26800,6331939,25127200
4997,1332,1253,2639929,26879,6333192,25103900
4998,1365,1369,2638564,26875,6334561,26047200
4999,1327,1314,2637237,26888,6335875,26192500
5000,1346,1397,2635891,26837,6337272,26074000
5001,1353,1301,2634538,26889,6338573,25962000
5002,1363,1347,2633175,26905,6339920,26956300
5003,1335,1378,2631840,26862,6341298,26214000
5004,1305,1314,2630535,26853,6342612,27273800
5005,1331,1365,2629204,26819,6343977,25897100
5006,1343,1313,2627861,26849,6345290,27029700
5007,1385,1320,2626476,26914,6346610,26618300
5008,1389,1308,2625087,26995,6347918,27581200
5009,1272,1348,2623815,26919,6349266,25338300
5010,1283,1360,2622532,26842,6350626,25843700
5011,1339,1329,2621193,26852,6351955,25204000
5012,1376,1344,2619817,26884,6353299,25208600
5013,1305,1354,2618512,26835,6354653,25540100
5014,1268,1344,2617244,26759,6355997,25063600
5015,1397,1329,2615847,26827,6357326,25240100
5016,1305,1383,2614542,26749,6358709,24958900
5017,1310,1365,2613232,26694,6360074,25294600
5018,1380,1336,2611852,26738,6361410,25452800
5019,1291,1306,2610561,26723,6362716,25069800
5020,1401,1350,2609160,26774,6364066,25067800
5021,1329,1344,2607831,26759,6365410,25856000
5022,1298,1326,2606533,26731,6366736,25150400
5023,1287,1295,2605246,26723,6368031,25269100
5024,1366,1347,2603880,26742,6369378,25491200
5025,1321,1358,2602559,26705,6370736,24927000
5026,1293,1327,2601266,26671,6372063,25084800
5027,1317,1310,2599949,26678,6373373,24982200
5028,1346,1269,2598603,26755,6374642,25350100
5029,1326,1353,2597277,26728,6375995,25626600
5030,1304,1317,2595973,26715,6377312,24991200
5031,1330,1378,2594643,26667,6378690,25195300
5032,1350,1333,2593293,26684,6380023,24979900
5033,1403,1328,2591890,26759,6381351,25495100
5034,1320,1352,2590570,26727,6382703,26058600
5035,1303,1277,2589267,26753,6383980,25032400
5036,1227,1337,2588040,26643,6385317,25401200
5037,1268,1295,2586772,26616,6386612,25634900
5038,1296,1351,2585476,26561,6387963,27420700
5039,1299,1324,2584177,26536,6389287,26618900
5040,1285,1358,2582892,26463,6390645,25585400
5041,1225,1291,2581667,26397,6391936,25388300
5042,1259,1322,2580408,26334,6393258,26407400
5043,1266,1361,2579142,26239,6394619,25031100
5044,1332,1336,2577810,26235,6395955,25804100
5045,1240,1329,2576570,26146,6397284,26010900
5046,1236,1283,2575334,26099,6398567,25381400
5047,1282,1308,2574052,26073,6399875,26064800
5048,1239,1308,2572813,26004,6401183,25165100
5049,1274,1307,2571539,25971,6402490,26954400
5050,1262,1320,2570277,25913,6403810,26646500
5051,1284,1261,2568993,25936,6405071,25877500
5052,1302,1288,2567691,25950,6406359,26448900
5053,1313,1298,2566378,25965,6407657,26132900
5054,1280,1290,2565098,25955,6408947,25940300
5055,1261,1348,2563837,25868,6410295,27186900
5056,1266,1327,2562571,25807,6411622,25364300
5057,1297,1249,2561274,25855,6412871,25358200
5058,1216,1304,2560058,25767,6414175,25150100
5059,1310,1324,2558748,25753,6415499,24840300
5060,1205,1333,2557543,25625,6416832,24931900
5061,1286,1277,2556257,25634,6418109,25186200
5062,1290,1282,2554967,25642,6419391,25412400
5063,1261,1249,2553706,25654,6420640,24823200
5064,1330,1288,2552376,25696,6421928,24774500
5065,1337,1240,2551039,25793,6423168,24886900
5066,1312,1248,2549727,25857,6424416,24745800
5067,1288,1346,2548439,25799,6425762,24897800
5068,1267,1275,2547172,25791,6427037,24865300
5069,1362,1178,2545810,25975,6428215,25418900
5070,1345,1328,2544465,25992,6429543,25523600
5071,1297,1343,2543168,25946,6430886,24983000
5072,1353,1340,2541815,25959,6432226,25020800
5073,1275,1310,2540540,25924,6433536,26860500
5074,1321,1343,2539219,25902,6434879,25266700
5075,1229,1251,2537990,25880,6436130,24887100
5076,1255,1374,2536735,25761,6437504,25692800
5077,1279,1250,2535456,25790,6438754,26724600
5078,1276,1312,2534180,25754,6440066,28068600
5079,1271,1280,2532909,25745,6441346,25076800
5080,1237,1273,2531672,25709,6442619,25125300
5081,1269,1275,2530403,25703,6443894,25901500
5082,1311,1315,2529092,25699,6445209,25269100
5083,1275,1238,2527817,25736,6446447,25689900
5084,1235,1338,2526582,25633,6447785,25371900
5085,1244,1291,2525338,25586,6449076,25227200
5086,1288,1329,2524050,25545,6450405,25619900
5087,1297,1262,2522753,25580,6451667,25106500
5088,1311,1339,2521442,25552,6453006,25425800
5089,1240,1305,2520202,25487,6454311,24809900
5090,1240,1283,2518962,25444,6455594,24805700
5091,1281,1296,2517681,25429,6456890,25033600
5092,1264,1283,2516417,25410,6458173,25109400
5093,1255,1261,2515162,25404,6459434,25107400
5094,1245,1258,2513917,25391,6460692,25160000
5095,1201,1216,2512716,25376,6461908,24735700
5096,1250,1262,2511466,25364,6463170,25447400
5097,1293,1295,2510173,25362,6464465,25830800
5098,1257,1288,2508916,25331,6465753,25725900
5099,1277,1214,2507639,25394,6466967,25763400
5100,1307,1235,2506332,25466,6468202,25605300
5101,1258,1264,2505074,25460,6469466,26583800
5102,1214,1266,2503860,25408,6470732,26206800
5103,1318,1290,2502542,25436,6472022,25387000
5104,1312,1264,2501230,25484,6473286,25387500
5105,1229,1250,2500001,25463,6474536,25132700
5106,1249,1305,2498752,25407,6475841,24994800
5107,1282,1263,2497470,25426,6477104,25281300
5108,1236,1308,2496234,25354,6478412,25106100
5109,1294,1250,2494940,25398,6479662,25114500
5110,1241,1295,2493699,25344,6480957,25342600
5111,1261,1219,2492438,25386,6482176,25161700
5112,1257,1264,2491181,25379,6483440,26003500
5113,1282,1290,2489899,25371,6484730,25187900
5114,1214,1278,2488685,25307,6486008,25232900
5115,1264,1271,2487421,25300,6487279,26040200
5116,1297,1268,2486124,25329,6488547,25575900
5117,1215,1295,2484909,25249,6489842,29302200
5118,1229,1260,2483680,25218,6491102,24949300
5119,1244,1243,2482436,25219,6492345,25044400
5120,1251,1283,2481185,25187,6493628,25140000
5121,1228,1276,2479957,25139,6494904,25029300
5122,1273,1235,2478684,25177,6496139,24970400
5123,1259,1312,2477425,25124,6497451,25218000
5124,1242,1277,2476183,25089,6498728,25057800
5125,1208,1210,2474975,25087,6499938,25274900
5126,1264,1226,2473711,25125,6501164,24727300
5127,1252,1282,2472459,25095,6502446,24758500
5128,1244,1226,2471215,25113,6503672,25118900
5129,1306,1278,2469909,25141,6504950,25265100
5130,1247,1267,2468662,25121,6506217,25138200
5131,1272,1305,2467390,25088,6507522,25590100
5132,1264,1281,2466126,25071,6508803,25154000
5133,1245,1291,2464881,25025,6510094,25559700
5134,1219,1327,2463662,24917,6511421,24894400
5135,1232,1313,2462430,24836,6512734,24818300
5136,1192,1274,2461238,24754,6514008,25143400
5137,1218,1273,2460020,24699,6515281,25183300
5138,1230,1297,2458790,24632,6516578,24787400
5139,1196,1218,2457594,24610,6517796,24740800
5140,1151,1214,2456443,24547,6519010,24837300
5141,1177,1228,2455266,24496,6520238,25259800
5142,1174,1173,2454092,24497,6521411,25687100
5143,1248,1226,2452844,24519,6522637,26046300
5144,1215,1241,2451629,24493,6523878,26154700
5145,1206,1222,2450423,24477,6525100,26868900
5146,1244,1266,2449179,24455,6526366,27287600
5147,1203,1199,2447976,24459,6527565,27480300
5148,1208,1281,2446768,24386,6528846,25922300
5149,1230,1198,2445538,24418,6530044,27590600
5150,1278,1247,2444260,24449,6531291,27067800
5151,1242,1229,2443018,24462,6532520,26324400
5152,1266,1252,2441752,24476,6533772,25601100
5153,1226,1271,2440526,24431,6535043,25102500
5154,1287,1249,2439239,24469,6536292,25469000
5155,1266,1192,2437973,24543,6537484,25309900
5156,1274,1271,2436699,24546,6538755,25928100
5157,1222,1217,2435477,24551,6539972,25152900
5158,1260,1256,2434217,24555,6541228,24688400
5159,1241,1256,2432976,24540,6542484,25341400
5160,1211,1250,2431765,24501,6543734,24907600
5161,1253,1261,2430512,24493,6544995,25262000
5162,1179,1245,2429333,24427,6546240,25065400
5163,1206,1238,2428127,24395,6547478,24747800
5164,1240,1189,2426887,24446,6548667,25627600
5165,1204,1198,2425683,24452,6549865,25013100
5166,1170,1199,2424513,24423,6551064,25280300
5167,1194,1219,2423319,24398,6552283,24968800
5168,1198,1197,2422121,24399,6553480,25256600
5169,1208,1208,2420913,24399,6554688,25456400
5170,1199,1180,2419714,24418,6555868,24912800
5171,1220,1285,2418494,24353,6557153,24792300
5172,1184,1265,2417310,24272,6558418,25214700
5173,1253,1231,2416057,24294,6559649,25436900
5174,1183,1213,2414874,24264,6560862,25262700
5175,1259,1258,2413615,24265,6562120,24819200
5176,1258,1187,2412357,24336,6563307,25004800
5177,1258,1223,2411099,24371,6564530,25003400
5178,1165,1251,2409934,24285,6565781,24931900
5179,1218,1231,2408716,24272,6567012,24899800
5180,1191,1250,2407525,24213,6568262,25270400
5181,1211,1239,2406314,24185,6569501,24694300
5182,1219,1202,2405095,24202,6570703,24627900
5183,1232,1166,2403863,24268,6571869,24712100
5184,1145,1252,2402718,24161,6573121,25022800
5185,1240,1190,2401478,24211,6574311,24756500
5186,1231,1180,2400247,24262,6575491,26000800
5187,1257,1231,2398990,24288,6576722,25299200
5188,1227,1170,2397763,24345,6577892,24979900
5189,1212,1174,2396551,24383,6579066,25126900
5190,1232,1239,2395319,24376,6580305,24728700
5191,1169,1189,2394150,24356,6581494,25240000
5192,1198,1229,2392952,24325,6582723,26526900
5193,1225,1176,2391727,24374,6583899,25944300
5194,1177,1190,2390550,24361,6585089,26050900
5195,1217,1209,2389333,24369,6586298,26092500
5196,1179,1203,2388154,24345,6587501,25982100
5197,1255,1193,2386899,24407,6588694,27343100
5198,1204,1294,2385695,24317,6589988,26789700
5199,1242,1219,2384453,24340,6591207,24711500
5200,1228,1134,2383225,24434,6592341,24733600
5201,1284,1240,2381941,24478,6593581,24811700
5202,1250,1170,2380691,24558,6594751,24622000
5203,1210,1171,2379481,24597,6595922,25040400
5204,1210,1264,2378271,24543,6597186,25409300
5205,1233,1272,2377038,24504,6598458,25415000
5206,1221,1223,2375817,24502,6599681,24978200
5207,1312,1237,2374505,24577,6600918,24881600
5208,1195,1227,2373310,24545,6602145,25000400
5209,1212,1240,2372098,24517,6603385,24843700
5210,1198,1255,2370900,24460,6604640,24983200
5211,1248,1245,2369652,24463,6605885,24650900
5212,1246,1213,2368406,24496,6607098,24778500
5213,1225,1217,2367181,24504,6608315,24935600
5214,1188,1238,2365993,24454,6609553,24710700
5215,1228,1247,2364765,24435,6610800,24606400
5216,1193,1151,2363572,24477,6611951,24618900
5217,1185,1219,2362387,24443,6613170,24719800
5218,1152,1206,2361235,24389,6614376,24889600
5219,1154,1160,2360081,24383,6615536,25740900
5220,1192,1202,2358889,24373,6616738,25003800
5221,1203,1218,2357686,24358,6617956,25657900
5222,1185,1202,2356501,24341,6619158,25256700
5223,1171,1187,2355330,24325,6620345,24738800
5224,1208,1225,2354122,24308,6621570,24650800
5225,1163,1177,2352959,24294,6622747,25772000
5226,1267,1199,2351692,24362,6623946,25039100
5227,1231,1184,2350461,24409,6625130,24726100
5228,1177,1180,2349284,24406,6626310,24976500
5229,1263,1173,2348021,24496,6627483,24623300
5230,1206,1254,2346815,24448,6628737,24771100
5231,1227,1227,2345588,24448,6629964,26077000
5232,1242,1255,2344346,24435,6631219,27871800
5233,1264,1211,2343082,24488,6632430,25415600
5234,1215,1209,2341867,24494,6633639,25661300
5235,1262,1172,2340605,24584,6634811,27710900
5236,1212,1269,2339393,24527,6636080,25589800
5237,1200,1174,2338193,24553,6637254,26013000
5238,1177,1306,2337016,24424,6638560,25133400
5239,1125,1202,2335891,24347,6639762,25476200
5240,1183,1201,2334708,24329,6640963,26140700
5241,1172,1192,2333536,24309,6642155,26057200
5242,1155,1146,2332381,24318,6643301,26480700
5243,1207,1228,2331174,24297,6644529,26393300
5244,1267,1182,2329907,24382,6645711,25518800
5245,1225,1168,2328682,24439,6646879,26497500
5246,1280,1196,2327402,24523,6648075,26034000
5247,1218,1186,2326184,24555,6649261,24728900
5248,1248,1239,2324936,24564,6650500,24713100
5249,1249,1238,2323687,24575,6651738,24773900
5250,1239,1225,2322448,24589,6652963,24651300
5251,1187,1207,2321261,24569,6654170,24791300
5252,1195,1200,2320066,24564,6655370,24928000
5253,1215,1232,2318851,24547,6656602,25023200
5254,1244,1233,2317607,24558,6657835,25210000
5255,1268,1256,2316339,24570,6659091,24612200
5256,1157,1247,2315182,24480,6660338,24904300
5257,1231,1273,2313951,24438,6661611,25092700
5258,1199,1235,2312752,24402,6662846,25355700
5259,1260,1232,2311492,24430,6664078,24797300
5260,1220,1165,2310272,24485,6665243,24655800
5261,1229,1253,2309043,24461,6666496,24678300
5262,1262,1273,2307781,24450,6667769,24768200
5263,1266,1223,2306515,24493,6668992,24644700
5264,1258,1250,2305257,24501,6670242,24715400
5265,1235,1194,2304022,24542,6671436,25086400
5266,1195,1186,2302827,24551,6672622,24689000
5267,1200,1151,2301627,24600,6673773,24720100
5268,1220,1168,2300407,24652,6674941,24705100
5269,1255,1276,2299152,24631,6676217,24949000
5270,1217,1251,2297935,24597,6677468,25792400
5271,1233,1231,2296702,24599,6678699,25933100
5272,1251,1213,2295451,24637,6679912,25115500
5273,1243,1204,2294208,24676,6681116,29082100
5274,1250,1259,2292958,24667,6682375,29280300
5275,1207,1267,2291751,24607,6683642,25485600
5276,1210,1215,2290541,24602,6684857,25006200
5277,1314,1207,2289227,24709,6686064,25903100
5278,1211,1260,2288016,24660,6687324,25712000
5279,1233,1249,2286783,24644,6688573,25076300
5280,1190,1236,2285593,24598,6689809,25701000
5281,1216,1230,2284377,24584,6691039,24918700
5282,1205,1319,2283172,24470,6692358,25470300
5283,1247,1181,2281925,24536,6693539,25689700
5284,1158,1251,2280767,24443,6694790,24771100
5285,1185,1220,2279582,24408,6696010,24881300
5286,1192,1243,2278390,24357,6697253,25293400
5287,1222,1170,2277168,24409,6698423,25889900
5288,1258,1203,2275910,24464,6699626,25772700
5289,1225,1234,2274685,24455,6700860,25555100
5290,1246,1243,2273439,24458,6702103,26225400
5291,1186,1241,2272253,24403,6703344,25944900
5292,1240,1269,2271013,24374,6704613,25730900
5293,1248,1251,2269765,24371,6705864,25812000
5294,1198,1210,2268567,24359,6707074,25093000
5295,1178,1148,2267389,24389,6708222,24562400
5296,1262,1260,2266127,24391,6709482,24701800
5297,1211,1255,2264916,24347,6710737,24578300
5298,1175,1217,2263741,24305,6711954,25068900
5299,1179,1227,2262562,24257,6713181,25271300
5300,1262,1175,2261300,24344,6714356,24597200
5301,1184,1186,2260116,24342,6715542,25086200
5302,1211,1199,2258905,24354,6716741,24903900
5303,1197,1189,2257708,24362,6717930,25239200
5304,1184,1268,2256524,24278,6719198,25272800
5305,1223,1220,2255301,24281,6720418,25028900
5306,1199,1228,2254102,24252,6721646,25344000
5307,1204,1218,2252898,24238,6722864,25313400
5308,1177,1195,2251721,24220,6724059,25281400
5309,1210,1224,2250511,24206,6725283,24852900
5310,1123,1237,2249388,24092,6726520,27875400
5311,1137,1193,2248251,24036,6727713,25184600
5312,1187,1255,2247064,23968,6728968,26065700
5313,1123,1163,2245941,23928,6730131,27703900
5314,1092,1161,2244849,23859,6731292,25176300
5315,1131,1147,2243718,23843,6732439,24627900
5316,1169,1185,2242549,23827,6733624,24603200
5317,1183,1147,2241366,23863,6734771,24816600
5318,1188,1233,2240178,23818,6736004,25369000
5319,1167,1211,2239011,23774,6737215,25031500
5320,1175,1165,2237836,23784,6738380,24995900
5321,1214,1197,2236622,23801,6739577,24814900
5322,1203,1195,2235419,23809,6740772,25463400
5323,1199,1229,2234220,23779,6742001,24922700
5324,1199,1160,2233021,23818,6743161,24655000
5325,1195,1194,2231826,23819,6744355,25114900
5326,1171,1175,2230655,23815,6745530,24516200
5327,1147,1230,2229508,23732,6746760,25304400
5328,1166,1201,2228342,23697,6747961,25164500
5329,1190,1215,2227152,23672,6749176,24899700
5330,1161,1207,2225991,23626,6750383,25169500
5331,1193,1126,2224798,23693,6751509,25496800
5332,1180,1152,2223618,23721,6752661,24847900
5333,1132,1146,2222486,23707,6753807,25030500
5334,1158,1163,2221328,23702,6754970,25772700
5335,1209,1189,2220119,23722,6756159,26047300
5336,1177,1195,2218942,23704,6757354,26535600
5337,1168,1248,2217774,23624,6758602,26268800
5338,1173,1236,2216601,23561,6759838,27221600
5339,1154,1214,2215447,23501,6761052,26923900
5340,1196,1151,2214251,23546,6762203,26934500
5341,1162,1109,2213089,23599,6763312,25427900
5342,1167,1197,2211922,23569,6764509,24778800
5343,1160,1167,2210762,23562,6765676,24609000
5344,1143,1200,2209619,23505,6766876,24541900
5345,1144,1204,2208475,23445,6768080,24535700
5346,1132,1147,2207343,23430,6769227,24634100
5347,1152,1158,2206191,23424,6770385,24935500
5348,1174,1167,2205017,23431,6771552,24698900
5349,1203,1236,2203814,23398,6772788,24924200
5350,1172,1191,2202642,23379,6773979,25949000
5351,1175,1173,2201467,23381,6775152,25307200
5352,1113,1176,2200354,23318,6776328,25873000
5353,1105,1182,2199249,23241,6777510,28165600
5354,1124,1177,2198125,23188,6778687,24686500
5355,1141,1198,2196984,23131,6779885,24496000
5356,1157,1189,2195827,23099,6781074,24933100
5357,1126,1152,2194701,23073,6782226,25172400
5358,1065,1153,2193636,22985,6783379,24600100
5359,1089,1174,2192547,22900,6784553,24768200
5360,1085,1095,2191462,22890,6785648,24902800
5361,1130,1149,2190332,22871,6786797,24884100
5362,1152,1153,2189180,22870,6787950,25311700
5363,1102,1118,2188078,22854,6789068,24720800
5364,1098,1105,2186980,22847,6790173,24949200
5365,1098,1127,2185882,22818,6791300,24990600
5366,1119,1148,2184763,22789,6792448,24866100
5367,1176,1152,2183587,22813,6793600,24792800
5368,1197,1128,2182390,22882,6794728,24573300
5369,1206,1163,2181184,22925,6795891,24640300
5370,1181,1087,2180003,23019,6796978,24623300
5371,1160,1158,2178843,23021,6798136,24863200
5372,1153,1183,2177690,22991,6799319,24943800
5373,1132,1196,2176558,22927,6800515,24554400
5374,1131,1075,2175427,22983,6801590,24654500
5375,1131,1155,2174296,22959,6802745,24986000
5376,1168,1102,2173128,23025,6803847,25049900
5377,1130,1109,2171998,23046,6804956,25091100
5378,1138,1146,2170860,23038,6806102,25090800
5379,1126,1181,2169734,22983,6807283,24927400
5380,1180,1177,2168554,22986,6808460,24724900
5381,1123,1136,2167431,22973,6809596,24672900
5382,1170,1106,2166261,23037,6810702,25424100
5383,1197,1152,2165064,23082,6811854,26734400
5384,1128,1202,2163936,23008,6813056,25677500
5385,1086,1163,2162850,22931,6814219,25659200
5386,1112,1129,2161738,22914,6815348,27002300
5387,1104,1110,2160634,22908,6816458,25449000
5388,1048,1083,2159586,22873,6817541,26165700
5389,1251,1161,2158335,22963,6818702,25784300
5390,1159,1117,2157176,23005,6819819,25532700
5391,1162,1187,2156014,22980,6821006,26691200
5392,1173,1099,2154841,23054,6822105,29233300
5393,1195,1038,2153646,23211,6823143,28315800
5394,1193,1151,2152453,23253,6824294,24555400
5395,1185,1167,2151268,23271,6825461,25033700
5396,1180,1156,2150088,23295,6826617,24972000
5397,1185,1135,2148903,23345,6827752,24875800
5398,1211,1195,2147692,23361,6828947,25911400
5399,1158,1184,2146534,23335,6830131,25185200
5400,1127,1172,2145407,23290,6831303,24558500
5401,1209,1163,2144198,23336,6832466,24615700
5402,1122,1132,2143076,23326,6833598,24534900
5403,1162,1238,2141914,23250,6834836,24524800
5404,1171,1146,2140743,23275,6835982,24708400
5405,1149,1194,2139594,23230,6837176,24630600
5406,1102,1150,2138492,23182,6838326,24617100
5407,1166,1169,2137326,23179,6839495,24907900
5408,1087,1116,2136239,23150,6840611,25391900
5409,1121,1200,2135118,23071,6841811,24815200
5410,1124,1109,2133994,23086,6842920,24505000
5411,1129,1214,2132865,23001,6844134,24507500
5412,1058,1154,2131807,22905,6845288,24633700
5413,1117,1183,2130690,22839,6846471,24847000
5414,1124,1167,2129566,22796,6847638,25322800
5415,1104,1172,2128462,22728,6848810,24672200
5416,1079,1140,2127383,22667,6849950,24577000
5417,1054,1127,2126329,22594,6851077,26161900
5418,1100,1087,2125229,22607,6852164,25031200
5419,1116,1102,2124113,22621,6853266,24491000
5420,1140,1164,2122973,22597,6854430,24684400
5421,1128,1089,2121845,22636,6855519,24611500
5422,1012,1125,2120833,22523,6856644,24861100
5423,1130,1085,2119703,22568,6857729,24879300
5424,1034,1136,2118669,22466,6858865,24900500
5425,1048,1146,2117621,22368,6860011,25088100
5426,1125,1143,2116496,22350,6861154,24468900
5427,1124,1105,2115372,22369,6862259,24444500
5428,1114,1114,2114258,22369,6863373,24978100
5429,1116,1142,2113142,22343,6864515,25895700
5430,1104,1079,2112038,22368,6865594,27242200
5431,1106,1119,2110932,22355,6866713,25981200
5432,1183,1153,2109749,22385,6867866,25796800
5433,1116,1077,2108633,22424,6868943,25795900
5434,1125,1134,2107508,22415,6870077,25286700
5435,1050,1153,2106458,22312,6871230,25687000
5436,1140,1091,2105318,22361,6872321,26412600
5437,1153,1140,2104165,22374,6873461,24774400
5438,1105,1080,2103060,22399,6874541,24776100
5439,1118,1109,2101942,22408,6875650,24531000
5440,1091,1060,2100851,22439,6876710,24732900
5441,1108,1088,2099743,22459,6877798,25367800
5442,1121,1115,2098622,22465,6878913,24426100
5443,1089,1134,2097533,22420,6880047,24547900
5444,1057,1146,2096476,22331,6881193,25046500
5445,1139,1090,2095337,22380,6882283,24700400
5446,1127,1069,2094210,22438,6883352,25308100
5447,1124,1114,2093086,22448,6884466,24469300
5448,1089,1167,2091997,22370,6885633,24434200
5449,1073,1118,2090924,22325,6886751,24680200
5450,1134,1058,2089790,22401,6887809,24515900
5451,1078,1164,2088712,22315,6888973,25081300
5452,1169,1147,2087543,22337,6890120,24815000
5453,1109,1120,2086434,22326,6891240,24875300
5454,1089,1104,2085345,22311,6892344,25100900
5455,1082,1104,2084263,22289,6893448,25332600
5456,1098,1124,2083165,22263,6894572,24771500
5457,1122,1123,2082043,22262,6895695,27542400
5458,1107,1075,2080936,22294,6896770,24710100
5459,1085,1153,2079851,22226,6897923,24986700
5460,1064,1108,2078787,22182,6899031,24576100
5461,1131,1123,2077656,22190,6900154,24520800
5462,1080,1051,2076576,22219,6901205,24812100
5463,1144,1077,2075432,22286,6902282,24832100
5464,1106,1135,2074326,22257,6903417,24439800
5465,1096,1061,2073230,22292,6904478,25190700
5466,1083,1147,2072147,22228,6905625,24808200
5467,1085,1034,2071062,22279,6906659,24787100
5468,1045,1101,2070017,22223,6907760,25570500
5469,1063,1147,2068954,22139,6908907,24625100
5470,1076,1116,2067878,22099,6910023,25678800
5471,1079,1103,2066799,22075,6911126,25703300
5472,1103,1133,2065696,22045,6912259,25611700
5473,1068,1110,2064628,22003,6913369,25816400
5474,1091,1107,2063537,21987,6914476,25201800
5475,1076,1052,2062461,22011,6915528,24515600
5476,1064,1096,2061397,21979,6916624,25128100
5477,1048,1097,2060349,21930,6917721,25130100
5478,1128,1096,2059221,21962,6918817,25405100
5479,1107,1129,2058114,21940,6919946,25342800
5480,1062,1093,2057052,21909,6921039,25250600
5481,1035,1136,2056017,21808,6922175,25445700
5482,1046,1085,2054971,21769,6923260,25731400
5483,1022,1108,2053949,21683,6924368,25832100
5484,1070,1106,2052879,21647,6925474,25902600
5485,1112,1115,2051767,21644,6926589,24660200
5486,1045,1077,2050722,21612,6927666,24445300
5487,995,1048,2049727,21559,6928714,24654500
5488,1057,1039,2048670,21577,6929753,24437000
5489,1063,1094,2047607,21546,6930847,24777600
5490,1064,1085,2046543,21525,6931932,24757800
5491,1021,1071,2045522,21475,6933003,25014500
5492,1028,1050,2044494,21453,6934053,24460800
5493,1077,1021,2043417,21509,6935074,24300600
5494,1099,1117,2042318,21491,6936191,25245100
5495,992,1061,2041326,21422,6937252,24867800
5496,1033,1117,2040293,21338,6938369,25187000
5497,1035,1028,2039258,21345,6939397,25276700
5498,1068,1043,2038190,21370,6940440,24695000
5499,1070,1053,2037120,21387,6941493,24799600
5500,1088,1121,2036032,21354,6942614,25275900
5501,1064,1032,2034968,21386,6943646,24748600
5502,1088,1066,2033880,21408,6944712,24674400
5503,1015,1039,2032865,21384,6945751,24651200
5504,1081,1085,2031784,21380,6946836,24930300
5505,1094,1021,2030690,21453,6947857,25143300
5506,1060,1066,2029630,21447,6948923,25036900
5507,1047,1051,2028583,21443,6949974,24387100
5508,1080,1056,2027503,21467,6951030,24957300
5509,1044,1100,2026459,21411,6952130,24823400
5510,1033,1041,2025426,21403,6953171,26964700
5511,1033,1047,2024393,21389,6954218,26816600
5512,1078,1073,2023315,21394,6955291,25579800
5513,1023,1100,2022292,21317,6956391,25125900
5514,1025,1012,2021267,21330,6957403,24494200
5515,1057,1027,2020210,21360,6958430,25426500
5516,1068,1085,2019142,21343,6959515,25320300
5517,1055,1048,2018087,21350,6960563,24360600
5518,983,1034,2017104,21299,6961597,24637400
5519,1037,1108,2016067,21228,6962705,24988700
5520,1056,1073,2015011,21211,6963778,24450200
5521,1013,1064,2013998,21160,6964842,24640900
5522,1034,1082,2012964,21112,6965924,24339200
5523,994,1054,2011970,21052,6966978,24419600
5524,980,1044,2010990,20988,6968022,25033600
5525,990,1022,2010000,20956,6969044,25050100
5526,1031,1015,2008969,20972,6970059,25479500
5527,1030,1033,2007939,20969,6971092,25250600
5528,937,990,2007002,20916,6972082,25405000
5529,988,1027,2006014,20877,6973109,25608400
5530,981,1027,2005033,20831,6974136,25502000
5531,1012,1034,2004021,20809,6975170,25341000
5532,1043,1030,2002978,20822,6976200,25332000
5533,996,960,2001982,20858,6977160,24717200
5534,983,1065,2000999,20776,6978225,24454200
5535,977,1053,2000022,20700,6979278,24249100
5536,992,1075,1999030,20617,6980353,24263000
5537,938,1058,1998092,20497,6981411,25362900
5538,993,1015,1997099,20475,6982426,24804000
5539,987,967,1996112,20495,6983393,24742200
5540,981,986,1995131,20490,6984379,25393600
5541,989,1040,1994142,20439,6985419,24328700
5542,935,1028,1993207,20346,6986447,24771800
5543,948,1021,1992259,20273,6987468,24253400
5544,967,1041,1991292,20199,6988509,24233200
5545,1060,1051,1990232,20208,6989560,24980600
5546,964,1017,1989268,20155,6990577,25197700
5547,1011,974,1988257,20192,6991551,24708500
5548,978,1016,1987279,20154,6992567,25222700
5549,972,996,1986307,20130,6993563,25099900
5550,958,996,1985349,20092,6994559,25592400
5551,970,1008,1984379,20054,6995567,26195500
5552,960,1004,1983419,20010,6996571,25895300
5553,966,1018,1982453,19958,6997589,25349100
5554,1025,976,1981428,20007,6998565,24347700
5555,940,1022,1980488,19925,6999587,25080400
5556,944,961,1979544,19908,7000548,24373500
5557,940,1009,1978604,19839,7001557,24615500
5558,976,989,1977628,19826,7002546,24503100
5559,970,972,1976658,19824,7003518,25131500
5560,999,990,1975659,19833,7004508,24403800
5561,931,981,1974728,19783,7005489,24807000
5562,982,1009,1973746,19756,7006498,24691000
5563,953,954,1972793,19755,7007452,25000100
5564,1035,1008,1971758,19782,7008460,25420900
5565,996,1022,1970762,19756,7009482,24444100
5566,988,1050,1969774,19694,7010532,25356700
5567,981,946,1968793,19729,7011478,24886200
5568,1012,971,1967781,19770,7012449,24583100
5569,954,960,1966827,19764,7013409,24521600
5570,965,978,1965862,19751,7014387,24467900
5571,1005,996,1964857,19760,7015383,24898800
5572,1001,995,1963856,19766,7016378,24566900
5573,909,1010,1962947,19665,7017388,25533600
5574,926,918,1962021,19673,7018306,25182300
5575,964,998,1961057,19639,7019304,25069900
5576,965,994,1960092,19610,7020298,25603200
5577,1000,953,1959092,19657,7021251,26603500
5578,976,1020,1958116,19613,7022271,27202500
5579,998,920,1957118,19691,7023191,26249000
5580,980,1016,1956138,19655,7024207,26890000
5581,961,999,1955177,19617,7025206,24494100
5582,946,1000,1954231,19563,7026206,24588200
5583,1002,973,1953229,19592,7027179,24485000
5584,1036,958,1952193,19670,7028137,24314500
5585,928,1032,1951265,19566,7029169,24540000
5586,959,1005,1950306,19520,7030174,24479800
5587,979,998,1949327,19501,7031172,24597000
5588,997,980,1948330,19518,7032152,24784800
5589,973,935,1947357,19556,7033087,24944500
5590,934,934,1946423,19556,7034021,25118900
5591,974,940,1945449,19590,7034961,27389100
5592,925,1033,1944524,19482,7035994,25634600
5593,936,955,1943588,19463,7036949,25699100
5594,933,963,1942655,19433,7037912,24525800
5595,945,941,1941710,19437,7038853,24527500
5596,932,965,1940778,19404,7039818,24494900
5597,957,898,1939821,19463,7040716,24792500
5598,944,972,1938877,19435,7041688,24353900
5599,940,971,1937937,19404,7042659,24153500
5600,954,908,1936983,19450,7043567,24618700
5601,966,974,1936017,19442,7044541,24802400
5602,952,989,1935065,19405,7045530,25006100
5603,931,945,1934134,19391,7046475,24527400
5604,965,946,1933169,19410,7047421,24256200
5605,943,956,1932226,19397,7048377,24154400
5606,953,958,1931273,19392,7049335,24359800
5607,1003,953,1930270,19442,7050288,24960800
5608,1022,1049,1929248,19415,7051337,24783500
5609,984,963,1928264,19436,7052300,25235200
5610,937,960,1927327,19413,7053260,24850400
5611,950,920,1926377,19443,7054180,24793100
5612,1006,1003,1925371,19446,7055183,25120600
5613,943,880,1924428,19509,7056063,24168900
5614,962,1003,1923466,19468,7057066,25023400
5615,901,974,1922565,19395,7058040,24226800
5616,993,961,1921572,19427,7059001,24933500
5617,926,974,1920646,19379,7059975,24938100
5618,926,933,1919720,19372,7060908,24898300
5619,961,966,1918759,19367,7061874,24606900
5620,973,996,1917786,19344,7062870,24356300
5621,938,960,1916848,19322,7063830,24456300
5622,998,887,1915850,19433,7064717,25385500
5623,956,1000,1914894,19389,7065717,25290600
5624,955,928,1913939,19416,7066645,25089800
5625,958,937,1912981,19437,7067582,25188300
5626,990,988,1911991,19439,7068570,26121200
5627,962,990,1911029,19411,7069560,26717500
5628,966,944,1910063,19433,7070504,25046900
5629,955,959,1909108,19429,7071463,25293600
5630,999,895,1908109,19533,7072358,24946600
5631,898,990,1907211,19441,7073348,25989700
5632,976,1008,1906235,19409,7074356,28902500
5633,901,1024,1905334,19286,7075380,24504800
5634,981,944,1904353,19323,7076324,24351400
5635,949,951,1903404,19321,7077275,24685900
5636,932,989,1902472,19264,7078264,24205900
5637,929,988,1901543,19205,7079252,25015700
5638,905,945,1900638,19165,7080197,24789000
5639,900,954,1899738,19111,7081151,24206600
5640,951,899,1898787,19163,7082050,24398300
5641,963,927,1897824,19199,7082977,24613300
5642,958,955,1896866,19202,7083932,24651500
5643,950,994,1895916,19158,7084926,24620800
5644,965,940,1894951,19183,7085866,24848400
5645,968,1014,1893983,19137,7086880,24607600
5646,965,890,1893018,19212,7087770,24750800
5647,918,965,1892100,19165,7088735,24428200
5648,963,975,1891137,19153,7089710,24726300
5649,955,944,1890182,19164,7090654,24275900
5650,961,959,1889221,19166,7091613,24108600
5651,936,998,1888285,19104,7092611,24711800
5652,953,950,1887332,19107,7093561,24855200
5653,927,923,1886405,19111,7094484,24412700
5654,942,949,1885463,19104,7095433,24395600
5655,959,954,1884504,19109,7096387,24678800
5656,968,948,1883536,19129,7097335,24939100
5657,914,965,1882622,19078,7098300,24332200
5658,944,957,1881678,19065,7099257,24123300
5659,937,1005,1880741,18997,7100262,24860000
5660,966,965,1879775,18998,7101227,24319100
5661,955,929,1878820,19024,7102156,24528100
5662,959,973,1877861,19010,7103129,24459300
5663,944,949,1876917,19005,7104078,24571500
5664,880,970,1876037,18915,7105048,24189400
5665,924,958,1875113,18881,7106006,24232400
5666,926,950,1874187,18857,7106956,24443200
5667,918,909,1873269,18866,7107865,24198800
5668,973,918,1872296,18921,7108783,24674600
5669,947,887,1871349,18981,7109670,24130000
5670,945,900,1870404,19026,7110570,25016200
5671,922,999,1869482,18949,7111569,26226200
5672,936,913,1868546,18972,7112482,26339800
5673,958,935,1867588,18995,7113417,27251000
5674,945,925,1866643,19015,7114342,25427100
5675,929,961,1865714,18983,7115303,24934900
5676,909,979,1864805,18913,7116282,25133400
5677,904,1000,1863901,18817,7117282,25014800
5678,936,932,1862965,18821,7118214,24558200
5679,891,961,1862074,18751,7119175,24205200
5680,885,914,1861189,18722,7120089,24150900
5681,927,963,1860262,18686,7121052,25105100
5682,951,952,1859311,18685,7122004,24649400
5683,939,951,1858372,18673,7122955,24269800
5684,980,915,1857392,18738,7123870,24258700
5685,924,945,1856468,18717,7124815,24138400
5686,933,923,1855535,18727,7125738,24618700
5687,945,936,1854590,18736,7126674,24612000
5688,912,962,1853678,18686,7127636,24927500
5689,943,943,1852735,18686,7128579,24368100
5690,913,965,1851822,18634,7129544,24114500
5691,948,922,1850874,18660,7130466,24156500
5692,932,891,1849942,18701,7131357,24239500
5693,901,899,1849041,18703,7132256,24674000
5694,960,944,1848081,18719,7133200,24150300
5695,909,925,1847172,18703,7134125,24308200
5696,981,871,1846191,18813,7134996,24305400
5697,927,961,1845264,18779,7135957,25593300
5698,913,956,1844351,18736,7136913,24909000
5699,963,853,1843388,18846,7137766,24547200
5700,897,934,1842491,18809,7138700,25085300
5701,972,905,1841519,18876,7139605,24999500
5702,911,955,1840608,18832,7140560,24260600
5703,922,945,1839686,18809,7141505,24161800
5704,943,972,1838743,18780,7142477,24753600
5705,896,918,1837847,18758,7143395,24414500
5706,928,900,1836919,18786,7144295,24594800
5707,923,903,1835996,18806,7145198,24447600
5708,897,968,1835099,18735,7146166,24146100
5709,943,881,1834156,18797,7147047,24664500
5710,884,964,1833272,18717,7148011,24307100
5711,852,945,1832420,18624,7148956,25858800
5712,923,980,1831497,18567,7149936,26372000
5713,909,912,1830588,18564,7150848,25940300
5714,895,908,1829693,18551,7151756,25832800
5715,892,966,1828801,18477,7152722,24927300
5716,921,912,1827880,18486,7153634,24525800
5717,928,877,1826952,18537,7154511,24639600
5718,877,904,1826075,18510,7155415,25665200
5719,910,941,1825165,18479,7156356,25607200
5720,882,939,1824283,18422,7157295,24909900
5721,913,918,1823370,18417,7158213,25361600
5722,917,984,1822453,18350,7159197,25239900
5723,871,935,1821582,18286,7160132,24930600
5724,885,952,1820697,18219,7161084,25207200
5725,860,966,1819837,18113,7162050,25324400
5726,845,919,1818992,18039,7162969,24499700
5727,852,898,1818140,17993,7163867,24628500
5728,881,896,1817259,17978,7164763,24142100
5729,900,906,1816359,17972,7165669,24083700
5730,900,896,1815459,17976,7166565,24200800
5731,871,902,1814588,17945,7167467,24157200
5732,901,860,1813687,17986,7168327,24349200
5733,884,888,1812803,17982,7169215,24828400
5734,920,854,1811883,18048,7170069,24297900
5735,924,940,1810959,18032,7171009,24150600
5736,871,878,1810088,18025,7171887,24218800
5737,900,933,1809188,17992,7172820,24621400
5738,935,911,1808253,18016,7173731,24204600
5739,851,907,1807402,17960,7174638,24505700
5740,889,924,1806513,17925,7175562,24139400
5741,884,869,1805629,17940,7176431,25061000
5742,915,899,1804714,17956,7177330,24736100
5743,902,905,1803812,17953,7178235,24174700
5744,942,891,1802870,18004,7179126,24134200
5745,858,902,1802012,17960,7180028,24061500
5746,895,867,1801117,17988,7180895,24107800
5747,918,925,1800199,17981,7181820,24029200
5748,905,942,1799294,17944,7182762,24846500
5749,973,918,1798321,17999,7183680,24459600
5750,904,913,1797417,17990,7184593,24740000
5751,907,940,1796510,17957,7185533,24551400
5752,941,904,1795569,17994,7186437,25261100
5753,936,892,1794633,18038,7187329,24864400
5754,919,868,1793714,18089,7188197,25529600
5755,904,910,1792810,18083,7189107,25697000
5756,930,898,1791880,18115,7190005,25555800
5757,924,869,1790956,18170,7190874,24494600
5758,911,907,1790045,18174,7191781,24186500
5759,879,923,1789166,18130,7192704,24427100
5760,871,898,1788295,18103,7193602,24154300
5761,868,890,1787427,18081,7194492,24488000
5762,905,949,1786522,18037,7195441,24457500
5763,902,942,1785620,17997,7196383,24734400
5764,907,935,1784713,17969,7197318,24815100
5765,892,921,1783821,17940,7198239,24510300
5766,870,906,1782951,17904,7199145,24676300
5767,915,882,1782036,17937,7200027,25478000
5768,904,885,1781132,17956,7200912,25058600
5769,855,869,1780277,17942,7201781,25419700
5770,913,898,1779364,17957,7202679,25348300
5771,904,890,1778460,17971,7203569,24897200
5772,925,933,1777535,17963,7204502,26347700
5773,893,876,1776642,17980,7205378,26083000
5774,934,926,1775708,17988,7206304,25133000
5775,943,946,1774765,17985,7207250,24221200
5776,896,937,1773869,17944,7208187,24347500
5777,886,955,1772983,17875,7209142,24376400
5778,899,892,1772084,17882,7210034,24728400
5779,844,895,1771240,17831,7210929,24501000
5780,905,890,1770335,17846,7211819,24791400
5781,876,920,1769459,17802,7212739,24442800
5782,888,858,1768571,17832,7213597,24445700
5783,906,890,1767665,17848,7214487,24681300
5784,877,888,1766788,17837,7215375,24079100
5785,897,857,1765891,17877,7216232,24035700
5786,868,903,1765023,17842,7217135,24751900
5787,858,873,1764165,17827,7218008,24728200
5788,912,841,1763253,17898,7218849,24439300
5789,839,878,1762414,17859,7219727,24223200
5790,828,933,1761586,17754,7220660,24293400
5791,834,858,1760752,17730,7221518,24285100
5792,825,881,1759927,17674,7222399,24986300
5793,837,868,1759090,17643,7223267,26433800
5794,833,858,1758257,17618,7224125,27317700
5795,904,926,1757353,17596,7225051,24459400
5796,851,894,1756502,17553,7225945,24029400
5797,830,847,1755672,17536,7226792,24105000
5798,857,915,1754815,17478,7227707,23911000
5799,889,875,1753926,17492,7228582,24035600
5800,844,849,1753082,17487,7229431,24152600
5801,859,907,1752223,17439,7230338,24678800
5802,859,882,1751364,17416,7231220,24211700
5803,826,865,1750538,17377,7232085,25004300
5804,830,863,1749708,17344,7232948,24436800
5805,915,896,1748793,17363,7233844,25332800
5806,923,853,1747870,17433,7234697,24757000
5807,889,896,1746981,17426,7235593,24936300
5808,874,862,1746107,17438,7236455,24743400
5809,925,872,1745182,17491,7237327,24368000
5810,862,864,1744320,17489,7238191,24832600
5811,895,892,1743425,17492,7239083,24267300
5812,877,883,1742548,17486,7239966,24475300
5813,896,839,1741652,17543,7240805,24248000
5814,908,893,1740744,17558,7241698,24590400
5815,943,845,1739801,17656,7242543,25065800
5816,936,904,1738865,17688,7243447,25142600
5817,880,871,1737985,17697,7244318,25292300
5818,897,852,1737088,17742,7245170,25731000
5819,916,855,1736172,17803,7246025,25145700
5820,866,884,1735306,17785,7246909,25482900
5821,867,908,1734439,17744,7247817,27169200
5822,918,904,1733521,17758,7248721,24744100
5823,905,894,1732616,17769,7249615,24415300
5824,883,935,1731733,17717,7250550,24165800
5825,911,918,1730822,17710,7251468,24212500
5826,905,881,1729917,17734,7252349,24595300
5827,908,851,1729009,17791,7253200,24000900
5828,898,916,1728111,17773,7254116,24111700
5829,962,846,1727149,17889,7254962,25106400
5830,917,917,1726232,17889,7255879,24082600
5831,915,849,1725317,17955,7256728,24003500
5832,945,945,1724372,17955,7257673,24392100
5833,913,918,1723459,17950,7258591,26889900
5834,913,875,1722546,17988,7259466,27755100
5835,966,919,1721580,18035,7260385,25705000
5836,946,875,1720634,18106,7261260,24535200
5837,864,837,1719770,18133,7262097,24810300
5838,865,960,1718905,18038,7263057,24462700
5839,890,902,1718015,18026,7263959,24074300
5840,884,930,1717131,17980,7264889,24142000
5841,899,855,1716232,18024,7265744,23978800
5842,923,903,1715309,18044,7266647,24248500
5843,942,888,1714367,18098,7267535,24452100
5844,910,927,1713457,18081,7268462,24277100
5845,911,921,1712546,18071,7269383,24348900
5846,884,917,1711662,18038,7270300,24201400
5847,878,926,1710784,17990,7271226,24346000
5848,896,881,1709888,18005,7272107,24320400
5849,905,908,1708983,18002,7273015,24163000
5850,899,884,1708084,18017,7273899,24198900
5851,870,902,1707214,17985,7274801,24766800
5852,862,865,1706352,17982,7275666,24565100
5853,931,919,1705421,17994,7276585,24739800
5854,822,894,1704599,17922,7277479,24553900
5855,911,937,1703688,17896,7278416,24756500
5856,887,851,1702801,17932,7279267,24279900
5857,886,916,1701915,17902,7280183,24054500
5858,923,927,1700992,17898,7281110,24097400
5859,884,910,1700108,17872,7282020,24451000
5860,870,862,1699238,17880,7282882,24727100
5861,897,882,1698341,17895,7283764,24309700
5862,910,796,1697431,18009,7284560,24674000
5863,886,919,1696545,17976,7285479,24457200
5864,896,888,1695649,17984,7286367,25057100
5865,927,919,1694722,17992,7287286,25655200
5866,871,907,1693851,17956,7288193,25193600
5867,914,898,1692937,17972,7289091,26942000
5868,883,886,1692054,17969,7289977,25235500
5869,961,881,1691093,18049,7290858,25558000
5870,884,925,1690209,18008,7291783,25183700
5871,882,888,1689327,18002,7292671,25775200
5872,919,917,1688408,18004,7293588,24111900
5873,859,850,1687549,18013,7294438,24652000
5874,891,875,1686658,18029,7295313,27177500
5875,823,887,1685835,17965,7296200,24752200
5876,911,931,1684924,17945,7297131,24955500
5877,911,932,1684013,17924,7298063,24133500
5878,854,969,1683159,17809,7299032,24123800
5879,928,848,1682231,17889,7299880,24065400
5880,898,862,1681333,17925,7300742,24155400
5881,901,958,1680432,17868,7301700,24498700
5882,892,820,1679540,17940,7302520,24020300
5883,811,940,1678729,17811,7303460,25112100
5884,920,925,1677809,17806,7304385,24601200
5885,858,958,1676951,17706,7305343,24540400
5886,876,921,1676075,17661,7306264,25222700
5887,855,899,1675220,17617,7307163,24437800
5888,824,897,1674396,17544,7308060,24391500
5889,909,851,1673487,17602,7308911,24655800
5890,867,888,1672620,17581,7309799,24850200
5891,893,800,1671727,17674,7310599,24306200
5892,855,852,1670872,17677,7311451,24123200
5893,864,940,1670008,17601,7312391,24726100
5894,884,853,1669124,17632,7313244,24565700
5895,859,891,1668265,17600,7314135,24280000
5896,862,861,1667403,17601,7314996,24387300
5897,868,840,1666535,17629,7315836,24754200
5898,897,905,1665638,17621,7316741,24404900
5899,863,892,1664775,17592,7317633,24088100
5900,891,908,1663884,17575,7318541,23968900
5901,896,882,1662988,17589,7319423,23971300
5902,834,826,1662154,17597,7320249,24342700
5903,860,886,1661294,17571,7321135,24596800
5904,826,834,1660468,17563,7321969,24240300
5905,845,959,1659623,17449,7322928,24560500
5906,862,896,1658761,17415,7323824,24009200
5907,832,865,1657929,17382,7324689,24424500
5908,829,897,1657100,17314,7325586,24245700
5909,862,849,1656238,17327,7326435,24335100
5910,903,804,1655335,17426,7327239,24329700
5911,858,864,1654477,17420,7328103,25001000
5912,833,883,1653644,17370,7328986,24840900
5913,873,871,1652771,17372,7329857,26855500
5914,845,907,1651926,17310,7330764,26211200
5915,819,880,1651107,17249,7331644,25795900
5916,818,875,1650289,17192,7332519,25205700
5917,905,844,1649384,17253,7333363,26429900
5918,843,831,1648541,17265,7334194,25295300
5919,825,886,1647716,17204,7335080,26151800
5920,847,915,1646869,17136,7335995,24374400
5921,899,856,1645970,17179,7336851,24722000
5922,842,855,1645128,17166,7337706,24479500
5923,834,886,1644294,17114,7338592,24112500
5924,857,818,1643437,17153,7339410,24055300
5925,849,815,1642588,17187,7340225,24477000
5926,874,898,1641714,17163,7341123,24544500
5927,821,851,1640893,17133,7341974,24023300
5928,860,869,1640033,17124,7342843,24369200
5929,829,824,1639204,17129,7343667,24567100
5930,889,809,1638315,17209,7344476,23992800
5931,914,887,1637401,17236,7345363,24678400
5932,838,889,1636563,17185,7346252,24450600
5933,867,883,1635696,17169,7347135,24132000
5934,902,862,1634794,17209,7347997,24349700
5935,862,923,1633932,17148,7348920,24391400
5936,834,890,1633098,17092,7349810,24438800
5937,833,820,1632265,17105,7350630,24054000
5938,775,890,1631490,16990,7351520,24359600
5939,802,869,1630688,16923,7352389,24118400
5940,859,843,1629829,16939,7353232,24740400
5941,831,841,1628998,16929,7354073,23895200
5942,847,815,1628151,16961,7354888,23971400
5943,851,856,1627300,16956,7355744,24057900
5944,802,849,1626498,16909,7356593,23965400
5945,834,820,1625664,16923,7357413,23960200
5946,824,811,1624840,16936,7358224,23977600
5947,859,803,1623981,16992,7359027,24179800
5948,823,852,1623158,16963,7359879,24040100
5949,753,826,1622405,16890,7360705,24038300
5950,856,859,1621549,16887,7361564,23931400
5951,864,812,1620685,16939,7362376,24436500
5952,802,875,1619883,16866,7363251,24648100
5953,824,794,1619059,16896,7364045,24388900
5954,792,829,1618267,16859,7364874,24483600
5955,786,817,1617481,16828,7365691,24619300
5956,796,860,1616685,16764,7366551,24828600
5957,779,846,1615906,16697,7367397,24607200
5958,808,850,1615098,16655,7368247,25076600
5959,808,767,1614290,16696,7369014,24172500
5960,743,776,1613547,16663,7369790,24014200
5961,815,816,1612732,16662,7370606,24079200
5962,775,884,1611957,16553,7371490,25640500
5963,774,860,1611183,16467,7372350,25729100
5964,805,862,1610378,16410,7373212,25271400
5965,798,800,1609580,16408,7374012,24674800
5966,878,823,1608702,16463,7374835,25821800
5967,805,832,1607897,16436,7375667,24838100
5968,785,830,1607112,16391,7376497,24856500
5969,812,809,1606300,16394,7377306,24653000
5970,793,794,1605507,16393,7378100,24301900
5971,828,807,1604679,16414,7378907,24563200
5972,835,833,1603844,16416,7379740,24078700
5973,829,816,1603015,16429,7380556,24408400
5974,833,855,1602182,16407,7381411,24549500
5975,815,848,1601367,16374,7382259,23998300
5976,763,843,1600604,16294,7383102,24261300
5977,845,804,1599759,16335,7383906,24025800
5978,864,809,1598895,16390,7384715,24848700
5979,830,822,1598065,16398,7385537,24363400
5980,829,796,1597236,16431,7386333,24470500
5981,862,840,1596374,16453,7387173,24492400
5982,821,803,1595553,16471,7387976,23844400
5983,803,851,1594750,16423,7388827,23943100
5984,824,850,1593926,16397,7389677,23914700
5985,844,818,1593082,16423,7390495,23785000
5986,791,857,1592291,16357,7391352,24352700
5987,812,816,1591479,16353,7392168,24338200
5988,862,796,1590617,16419,7392964,23871000
5989,840,836,1589777,16423,7393800,24010800
5990,865,814,1588912,16474,7394614,23895100
5991,851,844,1588061,16481,7395458,23886400
5992,879,815,1587182,16545,7396273,23997300
5993,858,842,1586324,16561,7397115,23906400
5994,876,834,1585448,16603,7397949,24011500
5995,808,828,1584640,16583,7398777,24633500
5996,869,803,1583771,16649,7399580,24761000
5997,861,761,1582910,16749,7400341,24563600
5998,896,823,1582014,16822,7401164,24705200
5999,882,822,1581132,16882,7401986,25058500
6000,853,884,1580279,16851,7402870,24237000
6001,855,823,1579424,16883,7403693,23901400
6002,863,825,1578561,16921,7404518,23964100
6003,864,874,1577697,16911,7405392,24121100
6004,892,867,1576805,16936,7406259,23933100
6005,877,901,1575928,16912,7407160,24347000
6006,879,813,1575049,16978,7407973,24516900
6007,849,875,1574200,16952,7408848,23979200
6008,851,790,1573349,17013,7409638,24027600
6009,902,824,1572447,17091,7410462,24389600
6010,892,836,1571555,17147,7411298,24405400
6011,872,876,1570683,17143,7412174,25444900
6012,863,835,1569820,17171,7413009,24704900
6013,844,841,1568976,17174,7413850,24752000
6014,879,848,1568097,17205,7414698,25487700
6015,838,830,1567259,17213,7415528,24984100
6016,863,841,1566396,17235,7416369,25624400
6017,862,895,1565534,17202,7417264,25095200
6018,920,837,1564614,17285,7418101,24943900
6019,850,876,1563764,17259,7418977,24335900
6020,866,849,1562898,17276,7419826,23944900
6021,848,851,1562050,17273,7420677,24464700
6022,809,824,1561241,17258,7421501,24469300
6023,856,861,1560385,17253,7422362,23881800
6024,847,847,1559538,17253,7423209,23971700
6025,870,876,1558668,17247,7424085,24768700
6026,832,854,1557836,17225,7424939,24789100
6027,793,885,1557043,17133,7425824,24341400
6028,825,864,1556218,17094,7426688,24598500
6029,786,900,1555432,16980,7427588,24146000
6030,774,850,1554658,16904,7428438,24315000
6031,799,832,1553859,16871,7429270,23909900
6032,812,848,1553047,16835,7430118,23920000
6033,840,778,1552207,16897,7430896,24126400
6034,844,867,1551363,16874,7431763,23905400
6035,821,845,1550542,16850,7432608,23990600
6036,829,840,1549713,16839,7433448,24690100
6037,776,833,1548937,16782,7434281,24607100
6038,838,823,1548099,16797,7435104,24499900
6039,836,836,1547263,16797,7435940,23981600
6040,855,840,1546408,16812,7436780,24500300
6041,826,813,1545582,16825,7437593,24797100
6042,800,823,1544782,16802,7438416,23923100
6043,787,836,1543995,16753,7439252,23928700
6044,885,782,1543110,16856,7440034,24448900
6045,855,856,1542255,16855,7440890,24474100
6046,810,824,1541445,16841,7441714,24576800
6047,845,836,1540600,16850,7442550,24586500
6048,782,844,1539818,16788,7443394,24717800
6049,827,846,1538991,16769,7444240,24615400
6050,821,768,1538170,16822,7445008,24290300
6051,837,881,1537333,16778,7445889,24143000
6052,860,875,1536473,16763,7446764,24194800
6053,861,873,1535612,16751,7447637,24349300
6054,825,828,1534787,16748,7448465,24348000
6055,844,844,1533943,16748,7449309,23957800
6056,814,878,1533129,16684,7450187,23939900
6057,821,897,1532308,16608,7451084,24799200
6058,817,819,1531491,16606,7451903,24429100
6059,872,844,1530619,16634,7452747,24117400
6060,874,809,1529745,16699,7453556,24578400
6061,852,789,1528893,16762,7454345,24852100
6062,829,820,1528064,16771,7455165,25207400
6063,844,847,1527220,16768,7456012,25523600
6064,845,826,1526375,16787,7456838,25156000
6065,799,847,1525576,16739,7457685,25799700
6066,871,818,1524705,16792,7458503,25736000
6067,838,826,1523867,16804,7459329,26268200
6068,789,836,1523078,16757,7460165,25248000
6069,796,829,1522282,16724,7460994,23932400
6070,805,878,1521477,16651,7461872,24799900
6071,825,895,1520652,16581,7462767,23943000
6072,763,840,1519889,16504,7463607,23832700
6073,836,833,1519053,16507,7464440,24135000
6074,808,830,1518245,16485,7465270,24677700
6075,820,814,1517425,16491,7466084,24211900
6076,816,797,1516609,16510,7466881,24490900
6077,817,837,1515792,16490,7467718,24690300
6078,825,862,1514967,16453,7468580,25130800
6079,837,832,1514130,16458,7469412,25315800
6080,847,788,1513283,16517,7470200,24261500
6081,855,837,1512428,16535,7471037,25084500
6082,812,865,1511616,16482,7471902,24164600
6083,789,796,1510827,16475,7472698,24207500
6084,791,823,1510036,16443,7473521,24109500
6085,762,788,1509274,16417,7474309,23991800
6086,809,804,1508465,16422,7475113,24516600
6087,745,809,1507720,16358,7475922,23997200
6088,782,867,1506938,16273,7476789,24377300
6089,757,861,1506181,16169,7477650,24119500
6090,793,773,1505388,16189,7478423,24136500
6091,763,886,1504625,16066,7479309,23929800
6092,788,771,1503837,16083,7480080,24043300
6093,792,839,1503045,16036,7480919,24101700
6094,767,832,1502278,15971,7481751,23827500
6095,768,845,1501510,15894,7482596,23988500
6096,757,749,1500753,15902,7483345,24326000
6097,816,777,1499937,15941,7484122,26410500
6098,788,817,1499149,15912,7484939,25087700
6099,796,809,1498353,15899,7485748,24704000
6100,842,823,1497511,15918,7486571,25439600
6101,773,795,1496738,15896,7487366,26189900
6102,795,752,1495943,15939,7488118,25142000
6103,789,737,1495154,15991,7488855,25039700
6104,801,814,1494353,15978,7489669,24911700
6105,814,807,1493539,15985,7490476,24722100
6106,820,818,1492719,15987,7491294,25231400
6107,794,700,1491925,16081,7491994,25324200
6108,823,786,1491102,16118,7492780,25083100
6109,763,797,1490339,16084,7493577,25048900
6110,801,758,1489538,16127,7494335,25297000
6111,807,810,1488731,16124,7495145,25921100
6112,792,882,1487939,16034,7496027,25305700
6113,800,787,1487139,16047,7496814,25609500
6114,792,756,1486347,16083,7497570,25928400
6115,776,846,1485571,16013,7498416,26237200
6116,791,796,1484780,16008,7499212,27273000
6117,774,804,1484006,15978,7500016,26806400
6118,772,810,1483234,15940,7500826,26683600
6119,809,840,1482425,15909,7501666,27212800
6120,740,771,1481685,15878,7502437,25764000
6121,806,830,1480879,15854,7503267,27509100
6122,769,783,1480110,15840,7504050,25926100
6123,835,780,1479275,15895,7504830,24218400
6124,814,702,1478461,16007,7505532,24456600
6125,793,810,1477668,15990,7506342,23796800
6126,805,821,1476863,15974,7507163,24357100
6127,766,730,1476097,16010,7507893,24519200
6128,801,829,1475296,15982,7508722,24207000
6129,777,769,1474519,15990,7509491,23908200
6130,845,787,1473674,16048,7510278,24523800
6131,832,804,1472842,16076,7511082,23918000
6132,818,780,1472024,16114,7511862,23921100
6133,836,823,1471188,16127,7512685,23849500
6134,808,834,1470380,16101,7513519,23870900
6135,789,834,1469591,16056,7514353,23933100
6136,776,792,1468815,16040,7515145,23867100
6137,801,823,1468014,16018,7515968,23921700
6138,788,771,1467226,16035,7516739,23975000
6139,749,780,1466477,16004,7517519,24252000
6140,798,788,1465679,16014,7518307,24314300
6141,842,824,1464837,16032,7519131,24434300
6142,758,804,1464079,15986,7519935,24341600
6143,831,795,1463248,16022,7520730,24402900
6144,829,804,1462419,16047,7521534,24084400
6145,846,788,1461573,16105,7522322,24286900
6146,788,847,1460785,16046,7523169,24010000
6147,827,805,1459958,16068,7523974,23911700
6148,836,785,1459122,16119,7524759,23953400
6149,795,854,1458327,16060,7525613,24034000
6150,841,791,1457486,16110,7526404,23845100
6151,779,797,1456707,16092,7527201,24065400
6152,791,786,1455916,16097,7527987,23968600
6153,831,800,1455085,16128,7528787,24376600
6154,795,780,1454290,16143,7529567,24438100
6155,762,813,1453528,16092,7530380,24136300
6156,796,830,1452732,16058,7531210,24962600
6157,746,788,1451986,16016,7531998,24284900
6158,773,797,1451213,15992,7532795,24915300
6159,761,787,1450452,15966,7533582,25005300
6160,757,805,1449695,15918,7534387,24998700
6161,733,775,1448962,15876,7535162,25974100
6162,789,817,1448173,15848,7535979,26660200
6163,780,754,1447393,15874,7536733,25419400
6164,758,802,1446635,15830,7537535,25243600
6165,758,773,1445877,15815,7538308,27068300
6166,749,824,1445128,15740,7539132,25021200
6167,776,745,1444352,15771,7539877,24366100
6168,801,769,1443551,15803,7540646,24048100
6169,796,847,1442755,15752,7541493,24051500
6170,795,790,1441960,15757,7542283,23820000
6171,751,773,1441209,15735,7543056,24324800
6172,731,813,1440478,15653,7543869,24170700
6173,751,799,1439727,15605,7544668,25477700
6174,819,808,1438908,15616,7545476,24454500
6175,770,770,1438138,15616,7546246,24116400
6176,762,777,1437376,15601,7547023,24130200
6177,802,793,1436574,15610,7547816,24106300
6178,796,753,1435778,15653,7548569,23963100
6179,773,808,1435005,15618,7549377,24110500
6180,773,756,1434232,15635,7550133,23818000
6181,759,772,1433473,15622,7550905,23831000
6182,777,811,1432696,15588,7551716,24579400
6183,780,797,1431916,15571,7552513,23936200
6184,797,797,1431119,15571,7553310,24451500
6185,789,774,1430330,15586,7554084,24998300
6186,785,816,1429545,15555,7554900,23762500
6187,793,735,1428752,15613,7555635,24146400
6188,816,823,1427936,15606,7556458,24339900
6189,789,777,1427147,15618,7557235,24026800
6190,824,811,1426323,15631,7558046,24077400
6191,786,759,1425537,15658,7558805,23721600
6192,812,776,1424725,15694,7559581,23861300
6193,778,810,1423947,15662,7560391,24381600
6194,786,791,1423161,15657,7561182,23860700
6195,798,801,1422363,15654,7561983,23870600
6196,814,811,1421549,15657,7562794,23765000
6197,748,799,1420801,15606,7563593,23779500
6198,720,787,1420081,15539,7564380,24354300
6199,794,748,1419287,15585,7565128,28906700
6200,746,817,1418541,15514,7565945,24474400
6201,768,769,1417773,15513,7566714,23980800
6202,759,720,1417014,15552,7567434,24168500
6203,776,796,1416238,15532,7568230,25802600
6204,787,807,1415451,15512,7569037,24689600
6205,760,747,1414691,15525,7569784,23786300
6206,753,750,1413938,15528,7570534,24245300
6207,746,768,1413192,15506,7571302,24132700
6208,783,771,1412409,15518,7572073,23999700
6209,762,777,1411647,15503,7572850,25201400
6210,764,756,1410883,15511,7573606,24964500
6211,745,832,1410138,15424,7574438,24676100
6212,762,760,1409376,15426,7575198,24707700
6213,755,808,1408621,15373,7576006,24584100
6214,761,788,1407860,15346,7576794,25537400
6215,724,837,1407136,15233,7577631,25258600
6216,740,766,1406396,15207,7578397,25906700
6217,718,754,1405678,15171,7579151,24358600
6218,756,741,1404922,15186,7579892,23817500
6219,738,743,1404184,15181,7580635,24241200
6220,741,753,1403443,15169,7581388,24112200
6221,702,758,1402741,15113,7582146,23783300
6222,708,775,1402033,15046,7582921,24112800
6223,700,728,1401333,15018,7583649,23947400
6224,726,738,1400607,15006,7584387,24310800
6225,793,706,1399814,15093,7585093,25098000
6226,777,792,1399037,15078,7585885,24202500
6227,748,774,1398289,15052,7586659,23896300
6228,774,801,1397515,15025,7587460,24114500
6229,705,769,1396810,14961,7588229,24431100
6230,744,748,1396066,14957,7588977,24917100
6231,755,724,1395311,14988,7589701,24857300
6232,711,783,1394600,14916,7590484,24097900
6233,766,766,1393834,14916,7591250,23878900
6234,741,731,1393093,14926,7591981,24149500
6235,732,717,1392361,14941,7592698,24410200
6236,757,796,1391604,14902,7593494,24662100
6237,747,755,1390857,14894,7594249,23947500
6238,740,783,1390117,14851,7595032,24364800
6239,771,694,1389346,14928,7595726,24413500
6240,742,761,1388604,14909,7596487,24347100
6241,748,705,1387856,14952,7597192,24308800
6242,757,798,1387099,14911,7597990,23779700
6243,780,764,1386319,14927,7598754,23881500
6244,716,792,1385603,14851,7599546,24398500
6245,738,771,1384865,14818,7600317,24896900
6246,777,718,1384088,14877,7601035,23951600
6247,779,755,1383309,14901,7601790,24227500
6248,751,737,1382558,14915,7602527,23779400
6249,765,755,1381793,14925,7603282,24306000
6250,726,779,1381067,14872,7604061,24516100
6251,727,748,1380340,14851,7604809,23773500
6252,771,719,1379569,14903,7605528,24062600
6253,761,743,1378808,14921,7606271,23934300
6254,813,746,1377995,14988,7607017,24161900
6255,727,747,1377268,14968,7607764,24476700
6256,765,794,1376503,14939,7608558,23734800
6257,810,744,1375693,15005,7609302,23807100
6258,749,753,1374944,15001,7610055,24108100
6259,750,755,1374194,14996,7610810,24518500
6260,712,763,1373482,14945,7611573,24516800
6261,774,714,1372708,15005,7612287,24635300
6262,802,769,1371906,15038,7613056,24703900
6263,727,770,1371179,14995,7613826,24595400
6264,748,778,1370431,14965,7614604,24616000
6265,717,714,1369714,14968,7615318,26279500
6266,715,746,1368999,14937,7616064,24623500
6267,716,711,1368283,14942,7616775,23837600
6268,687,714,1367596,14915,7617489,24398700
6269,703,762,1366893,14856,7618251,24354200
6270,662,794,1366231,14724,7619045,23594500
6271,680,766,1365551,14638,7619811,24297500
6272,713,748,1364838,14603,7620559,24289000
6273,686,749,1364152,14540,7621308,24193100
6274,704,738,1363448,14506,7622046,23922500
6275,704,714,1362744,14496,7622760,23935300
6276,712,693,1362032,14515,7623453,24097000
6277,746,708,1361286,14553,7624161,23774900
6278,736,738,1360550,14551,7624899,23753500
6279,743,733,1359807,14561,7625632,23626500
6280,674,759,1359133,14476,7626391,24268000
6281,717,741,1358416,14452,7627132,24607900
6282,747,735,1357669,14464,7627867,24587300
6283,704,736,1356965,14432,7628603,23749800
6284,718,724,1356247,14426,7629327,23686100
6285,713,700,1355534,14439,7630027,23723300
6286,709,724,1354825,14424,7630751,24875500
6287,719,771,1354106,14372,7631522,24484500
6288,695,723,1353411,14344,7632245,24198600
6289,678,705,1352733,14317,7632950,23636100
6290,756,734,1351977,14339,7633684,23742900
6291,691,691,1351286,14339,7634375,23858200
6292,716,661,1350570,14394,7635036,24363000
6293,733,725,1349837,14402,7635761,23813300
6294,748,743,1349089,14407,7636504,24137000
6295,745,727,1348344,14425,7637231,24400500
6296,721,741,1347623,14405,7637972,24360400
6297,745,671,1346878,14479,7638643,24131100
6298,726,748,1346152,14457,7639391,23737100
6299,686,744,1345466,14399,7640135,23814300
6300,676,714,1344790,14361,7640849,23659500
6301,732,753,1344058,14340,7641602,24198300
6302,672,674,1343386,14338,7642276,24098400
6303,758,699,1342628,14397,7642975,24036100
6304,742,683,1341886,14456,7643658,23876900
6305,718,724,1341168,14450,7644382,24451800
6306,723,735,1340445,14438,7645117,24110600
6307,684,711,1339761,14411,7645828,23924700
6308,724,684,1339037,14451,7646512,24842800
6309,668,751,1338369,14368,7647263,24643000
6310,706,742,1337663,14332,7648005,24998300
6311,722,728,1336941,14326,7648733,25505900
6312,718,703,1336223,14341,7649436,25302400
6313,744,738,1335479,14347,7650174,25005000
6314,704,723,1334775,14328,7650897,24480700
6315,660,701,1334115,14287,7651598,24342900
6316,698,709,1333417,14276,7652307,23977300
6317,724,724,1332693,14276,7653031,24048700
6318,687,704,1332006,14259,7653735,23745300
6319,691,724,1331315,14226,7654459,24003800
6320,669,738,1330646,14157,7655197,24075000
6321,693,711,1329953,14139,7655908,24235300
6322,746,704,1329207,14181,7656612,24670300
6323,765,667,1328442,14279,7657279,24757400
6324,736,780,1327706,14235,7658059,24207600
6325,746,736,1326960,14245,7658795,24057300
6326,679,722,1326281,14202,7659517,24747900
6327,724,719,1325557,14207,7660236,25377000
6328,766,714,1324791,14259,7660950,24928400
6329,728,716,1324063,14271,7661666,24435200
6330,704,713,1323359,14262,7662379,23652300
6331,733,688,1322626,14307,7663067,23771600
6332,746,664,1321880,14389,7663731,24169200
6333,748,692,1321132,14445,7664423,24171600
6334,744,694,1320388,14495,7665117,23975900
6335,745,697,1319643,14543,7665814,24154200
6336,713,703,1318930,14553,7666517,23727900
6337,692,713,1318238,14532,7667230,24186600
6338,731,706,1317507,14557,7667936,23962600
6339,725,736,1316782,14546,7668672,24120500
6340,709,725,1316073,14530,7669397,24222800
6341,765,708,1315308,14587,7670105,24014700
6342,735,739,1314573,14583,7670844,23747200
6343,739,656,1313834,14666,7671500,24194900
6344,763,747,1313071,14682,7672247,24132300
6345,761,717,1312310,14726,7672964,23816900
6346,711,752,1311599,14685,7673716,24244700
6347,707,707,1310892,14685,7674423,23582000
6348,737,729,1310155,14693,7675152,24931800
6349,765,751,1309390,14707,7675903,23799300
6350,735,731,1308655,14711,7676634,24019500
6351,716,689,1307939,14738,7677323,24147700
6352,758,761,1307181,14735,7678084,24129800
6353,690,725,1306491,14700,7678809,23960400
6354,747,735,1305744,14712,7679544,23745500
6355,716,747,1305028,14681,7680291,23654400
6356,699,735,1304329,14645,7681026,23576600
6357,690,778,1303639,14557,7681804,24597700
6358,695,714,1302944,14538,7682518,24831500
6359,680,708,1302264,14510,7683226,25471600
6360,674,731,1301590,14453,7683957,26528900
6361,687,740,1300903,14400,7684697,24569800
6362,702,712,1300201,14390,7685409,25478600
6363,709,709,1299492,14390,7686118,26092900
6364,722,730,1298770,14382,7686848,25090100
6365,690,758,1298080,14314,7687606,24308700
6366,756,741,1297324,14329,7688347,23513900
6367,738,732,1296586,14335,7689079,24024200
6368,643,681,1295943,14297,7689760,24042900
6369,705,722,1295238,14280,7690482,24403300
6370,695,703,1294543,14272,7691185,23907300
6371,684,691,1293859,14265,7691876,23958800
6372,619,694,1293240,14190,7692570,23626000
6373,696,731,1292544,14155,7693301,24189000
6374,667,708,1291877,14114,7694009,23692300
6375,682,658,1291195,14138,7694667,24011900
6376,650,763,1290545,14025,7695430,23846700
6377,651,696,1289894,13980,7696126,24340500
6378,669,663,1289225,13986,7696789,23919900
6379,677,756,1288548,13907,7697545,23808600
6380,689,670,1287859,13926,7698215,24369500
6381,671,716,1287188,13881,7698931,23911800
6382,712,689,1286476,13904,7699620,24043300
6383,672,702,1285804,13874,7700322,24021800
6384,714,726,1285090,13862,7701048,24149700
6385,712,685,1284378,13889,7701733,24018700
6386,684,723,1283694,13850,7702456,24043500
6387,696,709,1282998,13837,7703165,23693300
6388,688,715,1282310,13810,7703880,23575100
6389,716,706,1281594,13820,7704586,24258800
6390,676,645,1280918,13851,7705231,24166400
6391,685,701,1280233,13835,7705932,23658400
6392,714,738,1279519,13811,7706670,23784500
6393,724,761,1278795,13774,7707431,23567400
6394,721,755,1278074,13740,7708186,24104600
6395,655,672,1277419,13723,7708858,23742200
6396,699,666,1276720,13756,7709524,24122100
6397,670,686,1276050,13740,7710210,23807000
6398,681,650,1275369,13771,7710860,23705100
6399,689,685,1274680,13775,7711545,23784800
6400,692,720,1273988,13747,7712265,24253600
6401,726,694,1273262,13779,7712959,24429200
6402,706,656,1272556,13829,7713615,24351300
6403,686,695,1271870,13820,7714310,23631900
6404,716,710,1271154,13826,7715020,26038000
6405,733,670,1270421,13889,7715690,25420000
6406,656,688,1269765,13857,7716378,24232000
6407,692,686,1269073,13863,7717064,24417400
6408,642,676,1268431,13829,7717740,24943900
6409,688,712,1267743,13805,7718452,24744200
6410,710,701,1267033,13814,7719153,26843000
6411,688,666,1266345,13836,7719819,24945900
6412,694,708,1265651,13822,7720527,24612500
6413,725,668,1264926,13879,7721195,24835100
6414,680,688,1264246,13871,7721883,24706600
6415,688,678,1263558,13881,7722561,23852900
6416,703,701,1262855,13883,7723262,23583900
6417,668,626,1262187,13925,7723888,24109200
6418,733,676,1261454,13982,7724564,23551400
6419,695,689,1260759,13988,7725253,24435800
6420,724,728,1260035,13984,7725981,23968600
6421,740,705,1259295,14019,7726686,23888600
6422,710,706,1258585,14023,7727392,23888200
6423,698,743,1257887,13978,7728135,24744500
6424,724,701,1257163,14001,7728836,24070300
6425,695,655,1256468,14041,7729491,24112600
6426,702,751,1255766,13992,7730242,24085100
6427,724,749,1255042,13967,7730991,24185800
6428,680,711,1254362,13936,7731702,23638700
6429,652,744,1253710,13844,7732446,23504300
6430,662,685,1253048,13821,7733131,24135200
6431,689,707,1252359,13803,7733838,23673700
6432,683,635,1251676,13851,7734473,23700600
6433,651,694,1251025,13808,7735167,23685500
6434,741,727,1250284,13822,7735894,24633800
6435,679,710,1249605,13791,7736604,24333100
6436,709,698,1248896,13802,7737302,23681900
6437,654,665,1248242,13791,7737967,25009400
6438,711,692,1247531,13810,7738659,24249500
6439,739,650,1246792,13899,7739309,23734700
6440,725,691,1246067,13933,7740000,24449000
6441,708,675,1245359,13966,7740675,23761400
6442,721,715,1244638,13972,7741390,23882700
6443,640,727,1243998,13885,7742117,23842000
6444,658,688,1243340,13855,7742805,23556400
6445,689,696,1242651,13848,7743501,24401200
6446,664,733,1241987,13779,7744234,24399400
6447,700,684,1241287,13795,7744918,25367800
6448,672,673,1240615,13794,7745591,23808700
6449,647,659,1239968,13782,7746250,24351100
6450,651,678,1239317,13755,7746928,24366100
6451,713,677,1238604,13791,7747605,24209800
6452,698,660,1237906,13829,7748265,24633200
6453,699,687,1237207,13841,7748952,23779700
6454,691,682,1236516,13850,7749634,23938600
6455,712,680,1235804,13882,7750314,23654900
6456,693,698,1235111,13877,7751012,25782000
6457,694,736,1234417,13835,7751748,25088300
6458,662,739,1233755,13758,7752487,25070700
6459,713,681,1233042,13790,7753168,24618600
6460,693,647,1232349,13836,7753815,25068500
6461,713,672,1231636,13877,7754487,24679800
6462,700,643,1230936,13934,7755130,25696700
6463,701,670,1230235,13965,7755800,24632000
6464,655,691,1229580,13929,7756491,23835400
6465,733,724,1228847,13938,7757215,23558200
6466,735,722,1228112,13951,7757937,24067500
6467,697,701,1227415,13947,7758638,24235200
6468,665,706,1226750,13906,7759344,23890800
6469,651,708,1226099,13849,7760052,24110300
6470,728,732,1225371,13845,7760784,23845700
6471,680,668,1224691,13857,7761452,23773600
6472,687,693,1224004,13851,7762145,23735500
6473,722,670,1223282,13903,7762815,23602700
6474,676,684,1222606,13895,7763499,23550700
6475,627,668,1221979,13854,7764167,23676900
6476,670,715,1221309,13809,7764882,23479400
6477,678,706,1220631,13781,7765588,23542900
6478,665,656,1219966,13790,7766244,24194200
6479,654,718,1219312,13726,7766962,23784400
6480,673,726,1218639,13673,7767688,23799900
6481,658,690,1217981,13641,7768378,23685900
6482,694,672,1217287,13663,7769050,23702400
6483,656,680,1216631,13639,7769730,23593600
6484,666,686,1215965,13619,7770416,24368800
6485,686,683,1215279,13622,7771099,23487700
6486,633,634,1214646,13621,7771733,24440800
6487,643,663,1214003,13601,7772396,24107300
6488,650,714,1213353,13537,7773110,24598600
6489,678,669,1212675,13546,7773779,23973300
6490,652,692,1212023,13506,7774471,24045100
6491,631,680,1211392,13457,7775151,23630000
6492,714,679,1210678,13492,7775830,23555600
6493,662,666,1210016,13488,7776496,27946900
6494,682,647,1209334,13523,7777143,26459700
6495,694,677,1208640,13540,7777820,23904100
6496,644,656,1207996,13528,7778476,23750900
6497,665,667,1207331,13526,7779143,24076400
6498,696,651,1206635,13571,7779794,23755400
6499,704,695,1205931,13580,7780489,23865400
6500,643,690,1205288,13533,7781179,23861800
6501,675,672,1204613,13536,7781851,23943300
6502,696,707,1203917,13525,7782558,23644400
6503,667,727,1203250,13465,7783285,23547400
6504,680,670,1202570,13475,7783955,24044600
6505,650,684,1201920,13441,7784639,24051800
6506,683,633,1201237,13491,7785272,24421900
6507,696,676,1200541,13511,7785948,24841300
6508,660,671,1199881,13500,7786619,25961500
6509,691,666,1199190,13525,7787285,24789700
6510,699,708,1198491,13516,7787993,24724300
6511,685,698,1197806,13503,7788691,25159500
6512,652,668,1197154,13487,7789359,24407800
6513,648,656,1196506,13479,7790015,25166300
6514,691,671,1195815,13499,7790686,24204300
6515,627,693,1195188,13433,7791379,23871400
6516,690,657,1194498,13466,7792036,24124000
6517,685,663,1193813,13488,7792699,23783200
6518,663,655,1193150,13496,7793354,23967600
6519,722,680,1192428,13538,7794034,23764500
6520,657,704,1191771,13491,7794738,23689100
6521,715,713,1191056,13493,7795451,23857600
6522,702,656,1190354,13539,7796107,23910600
6523,652,670,1189702,13521,7796777,23630200
6524,701,687,1189001,13535,7797464,23611900
6525,700,695,1188301,13540,7798159,23551200
6526,643,654,1187658,13529,7798813,24061200
6527,665,701,1186993,13493,7799514,24619600
6528,646,688,1186347,13451,7800202,26943500
6529,660,708,1185687,13403,7800910,24342300
6530,663,689,1185024,13377,7801599,24302900
6531,661,685,1184363,13353,7802284,23933600
6532,689,647,1183674,13395,7802931,23946600
6533,650,698,1183024,13347,7803629,23940700
6534,704,688,1182320,13363,7804317,24063400
6535,667,690,1181653,13340,7805007,24887600
6536,717,639,1180936,13418,7805646,24164400
6537,659,624,1180277,13453,7806270,23900400
6538,717,716,1179560,13454,7806986,23754800
6539,663,619,1178897,13498,7807605,23777700
6540,630,667,1178267,13461,7808272,23887000
6541,658,700,1177609,13419,7808972,23725700
6542,650,659,1176959,13410,7809631,23762900
6543,717,656,1176242,13471,7810287,23484900
6544,683,639,1175559,13515,7810926,23646900
6545,686,724,1174873,13477,7811650,23520900
6546,702,695,1174171,13484,7812345,24055600
6547,687,701,1173484,13470,7813046,24419400
6548,707,672,1172777,13505,7813718,23486900
6549,704,674,1172073,13535,7814392,23716700
6550,694,685,1171379,13544,7815077,23969200
6551,664,706,1170715,13502,7815783,23761800
6552,676,666,1170039,13512,7816449,23587500
6553,704,647,1169335,13569,7817096,23408500
6554,672,671,1168663,13570,7817767,23597600
6555,671,709,1167992,13532,7818476,23867300
6556,711,701,1167281,13542,7819177,24815700
6557,689,640,1166592,13591,7819817,24639600
6558,677,700,1165915,13568,7820517,24406200
6559,663,737,1165252,13494,7821254,24781700
6560,660,686,1164592,13468,7821940,25246000
6561,654,714,1163938,13408,7822654,25518700
6562,643,639,1163295,13412,7823293,25438600
6563,647,702,1162648,13357,7823995,25482300
6564,652,653,1161996,13356,7824648,24344200
6565,662,657,1161334,13361,7825305,23505000
6566,683,654,1160651,13390,7825959,24363700
6567,703,662,1159948,13431,7826621,23459900
6568,659,690,1159289,13400,7827311,23696200
6569,676,632,1158613,13444,7827943,24273200
6570,656,675,1157957,13425,7828618,24387200
6571,644,654,1157313,13415,7829272,24411900
6572,693,664,1156620,13444,7829936,23477400
6573,658,680,1155962,13422,7830616,24106400
6574,661,643,1155301,13440,7831259,23684500
6575,677,672,1154624,13445,7831931,23547900
6576,690,651,1153934,13484,7832582,23716100
6577,655,656,1153279,13483,7833238,24775600
6578,694,666,1152585,13511,7833904,23931200
6579,715,672,1151870,13554,7834576,24140000
6580,692,645,1151178,13601,7835221,24118000
6581,663,702,1150515,13562,7835923,23809500
6582,657,669,1149858,13550,7836592,23600800
6583,657,662,1149201,13545,7837254,23988800
6584,686,707,1148515,13524,7837961,24271100
6585,679,716,1147836,13487,7838677,23839100
6586,661,669,1147175,13479,7839346,23697600
6587,663,659,1146512,13483,7840005,23525800
6588,640,683,1145872,13440,7840688,23865700
6589,668,651,1145204,13457,7841339,23978600
6590,658,663,1144546,13452,7842002,23548900
6591,671,667,1143875,13456,7842669,23596400
6592,664,683,1143211,13437,7843352,23536300
6593,677,676,1142534,13438,7844028,23545000
6594,638,671,1141896,13405,7844699,24137400
6595,650,686,1141246,13369,7845385,23583100
6596,647,674,1140599,13342,7846059,23663900
6597,646,606,1139953,13382,7846665,23567300
6598,666,654,1139287,13394,7847319,23571900
6599,643,681,1138644,13356,7848000,23558300
6600,731,692,1137913,13395,7848692,24270400
6601,652,667,1137261,13380,7849359,23474100
6602,648,646,1136613,13382,7850005,24023200
6603,664,656,1135949,13390,7850661,23772100
6604,688,679,1135261,13399,7851340,23865100
6605,658,627,1134603,13430,7851967,24112400
6606,693,638,1133910,13485,7852605,24086700
6607,643,711,1133267,13417,7853316,24828600
6608,684,703,1132583,13398,7854019,26139700
6609,657,647,1131926,13408,7854666,24838800
6610,638,634,1131288,13412,7855300,24657000
6611,665,652,1130623,13425,7855952,24819500
6612,634,646,1129989,13413,7856598,24858600
6613,642,667,1129347,13388,7857265,27336100
6614,628,703,1128719,13313,7857968,23968900
6615,647,652,1128072,13308,7858620,23542000
6616,641,686,1127431,13263,7859306,23557600
6617,676,668,1126755,13271,7859974,23486800
6618,656,657,1126099,13270,7860631,27418600
6619,650,629,1125449,13291,7861260,24440300
6620,631,698,1124818,13224,7861958,23873000
6621,667,637,1124151,13254,7862595,23649400
6622,639,653,1123512,13240,7863248,23939300
6623,644,605,1122868,13279,7863853,23502200
6624,670,724,1122198,13225,7864577,23945900
6625,677,667,1121521,13235,7865244,23671300
6626,623,691,1120898,13167,7865935,23925500
6627,671,623,1120227,13215,7866558,24007200
6628,691,612,1119536,13294,7867170,24188100
6629,690,687,1118846,13297,7867857,24630600
6630,639,612,1118207,13324,7868469,23594500
6631,664,659,1117543,13329,7869128,23974500
6632,654,660,1116889,13323,7869788,23839000
6633,658,677,1116231,13304,7870465,23872000
6634,649,663,1115582,13290,7871128,23582300
6635,676,671,1114906,13295,7871799,23983100
6636,615,668,1114291,13242,7872467,23965400
6637,652,645,1113639,13249,7873112,23588700
6638,659,635,1112980,13273,7873747,23512300
6639,667,657,1112313,13283,7874404,24430800
6640,721,663,1111592,13341,7875067,23998600
6641,701,657,1110891,13385,7875724,25131700
6642,681,647,1110210,13419,7876371,25063300
6643,667,664,1109543,13422,7877035,25254800
6644,683,631,1108860,13474,7877666,25178900
6645,725,664,1108135,13535,7878330,25633900
6646,651,670,1107484,13516,7879000,25673400
6647,688,637,1106796,13567,7879637,26393600
6648,738,675,1106058,13630,7880312,27141000
6649,688,708,1105370,13610,7881020,25346500
6650,713,726,1104657,13597,7881746,25555800
6651,709,665,1103948,13641,7882411,26504800
6652,704,668,1103244,13677,7883079,24971400
6653,682,661,1102562,13698,7883740,25371000
6654,737,652,1101825,13783,7884392,25296400
6655,684,721,1101141,13746,7885113,27318400
6656,710,688,1100431,13768,7885801,25774400
6657,659,685,1099772,13742,7886486,26065100
6658,673,670,1099099,13745,7887156,27493000
6659,665,647,1098434,13763,7887803,26684000
6660,683,677,1097751,13769,7888480,26645500
6661,699,681,1097052,13787,7889161,26363900
6662,663,656,1096389,13794,7889817,25896200
6663,718,675,1095671,13837,7890492,25678800
6664,653,675,1095018,13815,7891167,25271900
6665,621,683,1094397,13753,7891850,25932600
6666,669,680,1093728,13742,7892530,25557000
6667,657,743,1093071,13656,7893273,25779600
6668,688,638,1092383,13706,7893911,25233000
6669,695,692,1091688,13709,7894603,24448700
6670,655,711,1091033,13653,7895314,25030200
6671,663,673,1090370,13643,7895987,26519000
6672,656,662,1089714,13637,7896649,24578900
6673,704,660,1089010,13681,7897309,25317800
6674,665,663,1088345,13683,7897972,24846700
6675,670,657,1087675,13696,7898629,24704000
6676,688,703,1086987,13681,7899332,25403000
6677,651,618,1086336,13714,7899950,26088200
6678,705,716,1085631,13703,7900666,24522600
6679,666,672,1084965,13697,7901338,24258300
6680,680,706,1084285,13671,7902044,24081100
6681,671,661,1083614,13681,7902705,23600000
6682,686,641,1082928,13726,7903346,23717600
6683,676,650,1082252,13752,7903996,23468100
6684,643,711,1081609,13684,7904707,24014200
6685,672,694,1080937,13662,7905401,23818400
6686,609,673,1080328,13598,7906074,23938900
6687,649,652,1079679,13595,7906726,24155900
6688,621,689,1079058,13527,7907415,24075600
6689,669,641,1078389,13555,7908056,24321900
6690,650,694,1077739,13511,7908750,24749200
6691,635,686,1077104,13460,7909436,24094000
6692,617,647,1076487,13430,7910083,26792100
6693,625,690,1075862,13365,7910773,25130300
6694,651,648,1075211,13368,7911421,23804100
6695,616,652,1074595,13332,7912073,24025200
6696,643,639,1073952,13336,7912712,23685300
6697,632,646,1073320,13322,7913358,23793000
6698,646,656,1072674,13312,7914014,23663400
6699,645,631,1072029,13326,7914645,24280300
6700,621,691,1071408,13256,7915336,24667900
6701,605,682,1070803,13179,7916018,23528000
6702,597,731,1070206,13045,7916749,23986900
6703,610,665,1069596,12990,7917414,23571800
6704,602,583,1068994,13009,7917997,24555100
6705,623,638,1068371,12994,7918635,25195700
6706,610,632,1067761,12972,7919267,25406300
6707,631,641,1067130,12962,7919908,24532000
6708,598,655,1066532,12905,7920563,24285600
6709,607,615,1065925,12897,7921178,26209800
6710,626,695,1065299,12828,7921873,24380900
6711,678,627,1064621,12879,7922500,24892500
6712,646,723,1063975,12802,7923223,25123900
6713,596,684,1063379,12714,7923907,23688700
6714,657,651,1062722,12720,7924558,24764500
6715,605,645,1062117,12680,7925203,24021800
6716,620,660,1061497,12640,7925863,23853900
6717,585,628,1060912,12597,7926491,26012300
6718,621,662,1060291,12556,7927153,27103700
6719,601,643,1059690,12514,7927796,28131300
6720,623,616,1059067,12521,7928412,28343100
6721,648,612,1058419,12557,7929024,25051600
6722,658,604,1057761,12611,7929628,28346900
6723,654,655,1057107,12610,7930283,25736200
6724,640,602,1056467,12648,7930885,33967100
6725,650,601,1055817,12697,7931486,29019900
6726,621,609,1055196,12709,7932095,31273400
6727,666,672,1054530,12703,7932767,26870200
6728,624,643,1053906,12684,7933410,29455000
6729,659,640,1053247,12703,7934050,25034500
6730,615,644,1052632,12674,7934694,24575400
6731,592,648,1052040,12618,7935342,25038700
6732,586,614,1051454,12590,7935956,24610400
6733,555,685,1050899,12460,7936641,24152000
6734,616,584,1050283,12492,7937225,28642200
6735,603,664,1049680,12431,7937889,24142500
6736,660,635,1049020,12456,7938524,23580600
6737,644,624,1048376,12476,7939148,23527700
6738,627,633,1047749,12470,7939781,23474200
6739,615,598,1047134,12487,7940379,24522200
6740,637,669,1046497,12455,7941048,23611700
6741,638,622,1045859,12471,7941670,23666100
6742,645,640,1045214,12476,7942310,23848400
6743,652,663,1044562,12465,7942973,23804800
6744,604,596,1043958,12473,7943569,24165500
6745,576,660,1043382,12389,7944229,23409000
6746,556,655,1042826,12290,7944884,24310600
6747,637,566,1042189,12361,7945450,23962800
6748,632,654,1041557,12339,7946104,23867500
6749,613,610,1040944,12342,7946714,23757700
6750,590,615,1040354,12317,7947329,23396200
6751,606,657,1039748,12266,7947986,24329000
6752,594,615,1039154,12245,7948601,24550400
6753,617,587,1038537,12275,7949188,24616100
6754,633,627,1037904,12281,7949815,25564000
6755,626,612,1037278,12295,7950427,25355700
6756,622,654,1036656,12263,7951081,24681500
6757,608,594,1036048,12277,7951675,24354600
6758,587,638,1035461,12226,7952313,26294300
6759,644,632,1034817,12238,7952945,24325700
6760,595,596,1034222,12237,7953541,25178400
6761,590,611,1033632,12216,7954152,23943000
6762,635,653,1032997,12198,7954805,23514300
6763,634,602,1032363,12230,7955407,23611400
6764,615,586,1031748,12259,7955993,23716900
6765,573,542,1031175,12290,7956535,23754500
6766,620,636,1030555,12274,7957171,23474900
6767,641,635,1029914,12280,7957806,23983700
6768,601,600,1029313,12281,7958406,23559100
6769,632,624,1028681,12289,7959030,23491200
6770,633,619,1028048,12303,7959649,23378100
6771,671,619,1027377,12355,7960268,23991900
6772,630,601,1026747,12384,7960869,24147400
6773,655,575,1026092,12464,7961444,24514400
6774,619,655,1025473,12428,7962099,24044900
6775,627,590,1024846,12465,7962689,23734300
6776,663,613,1024183,12515,7963302,23642500
6777,681,651,1023502,12545,7963953,23993300
6778,613,657,1022889,12501,7964610,23725900
6779,654,609,1022235,12546,7965219,23993900
6780,637,632,1021598,12551,7965851,23759100
6781,612,576,1020986,12587,7966427,24894000
6782,682,676,1020304,12593,7967103,24489700
6783,668,664,1019636,12597,7967767,23564700
6784,651,651,1018985,12597,7968418,23740400
6785,678,615,1018307,12660,7969033,23814200
6786,617,611,1017690,12666,7969644,23978200
6787,601,701,1017089,12566,7970345,23806800
6788,610,633,1016479,12543,7970978,24284100
6789,634,626,1015845,12551,7971604,23427300
6790,607,653,1015238,12505,7972257,24561600
6791,614,622,1014624,12497,7972879,23447200
6792,618,605,1014006,12510,7973484,24010200
6793,653,652,1013353,12511,7974136,23663800
6794,621,638,1012732,12494,7974774,24051800
6795,606,599,1012126,12501,7975373,23373200
6796,637,640,1011489,12498,7976013,24123600
6797,654,607,1010835,12545,7976620,23956000
6798,621,608,1010214,12558,7977228,23464300
6799,587,652,1009627,12493,7977880,23502500
6800,602,603,1009025,12492,7978483,23349200
6801,575,617,1008450,12450,7979100,23519900
6802,612,615,1007838,12447,7979715,24214000
6803,575,618,1007263,12404,7980333,25022500
6804,597,644,1006666,12357,7980977,24562000
6805,653,606,1006013,12404,7981583,25084000
6806,579,600,1005434,12383,7982183,24579500
6807,665,621,1004769,12427,7982804,24376500
6808,592,621,1004177,12398,7983425,24498900
6809,606,665,1003571,12339,7984090,24737000
6810,643,646,1002928,12336,7984736,24597200
6811,579,634,1002349,12281,7985370,23333000
6812,626,618,1001723,12289,7985988,23957600
6813,567,650,1001156,12206,7986638,24103500
6814,625,644,1000531,12187,7987282,24117300
6815,592,597,999939,12182,7987879,23997200
6816,593,610,999346,12165,7988489,23704900
6817,583,552,998763,12196,7989041,23731000
6818,596,603,998167,12189,7989644,23522100
6819,601,627,997566,12163,7990271,23671200
6820,599,601,996967,12161,7990872,24142900
6821,641,589,996326,12213,7991461,24152900
6822,595,613,995731,12195,7992074,24271200
6823,623,615,995108,12203,7992689,24368800
6824,609,623,994499,12189,7993312,23948400
6825,644,592,993855,12241,7993904,23387100
6826,639,622,993216,12258,7994526,23414300
6827,615,592,992601,12281,7995118,23396400
6828,644,651,991957,12274,7995769,23738000
6829,625,597,991332,12302,7996366,23922000
6830,613,636,990719,12279,7997002,23473400
6831,625,601,990094,12303,7997603,23728100
6832,645,600,989449,12348,7998203,23631100
6833,646,638,988803,12356,7998841,23822700
6834,578,610,988225,12324,7999451,23814500
6835,627,630,987598,12321,8000081,24344800
6836,625,634,986973,12312,8000715,23832900
6837,679,658,986294,12333,8001373,23475500
6838,630,655,985664,12308,8002028,23564000
6839,615,650,985049,12273,8002678,24102000
6840,638,577,984411,12334,8003255,23579400
6841,621,624,983790,12331,8003879,23400500
6842,620,601,983170,12350,8004480,23341300
6843,607,587,982563,12370,8005067,23429400
6844,603,639,981960,12334,8005706,23959700
6845,623,623,981337,12334,8006329,23379200
6846,652,618,980685,12368,8006947,24599100
6847,623,590,980062,12401,8007537,23498800
6848,673,633,979389,12441,8008170,23593200
6849,653,633,978736,12461,8008803,24221600
6850,632,639,978104,12454,8009442,24291900
6851,631,571,977473,12514,8010013,23493800
6852,658,634,976815,12538,8010647,23749600
6853,650,612,976165,12576,8011259,23958500
6854,592,567,975573,12601,8011826,24668900
6855,646,617,974927,12630,8012443,25358700
6856,608,644,974319,12594,8013087,24895100
6857,641,637,973678,12598,8013724,24889300
6858,583,618,973095,12563,8014342,24655400
6859,596,634,972499,12525,8014976,24385600
6860,645,596,971854,12574,8015572,25346900
6861,616,641,971238,12549,8016213,23881000
6862,596,599,970642,12546,8016812,23514500
6863,597,676,970045,12467,8017488,23600800
6864,622,628,969423,12461,8018116,23804700
6865,603,619,968820,12445,8018735,23941800
6866,548,573,968272,12420,8019308,24893500
6867,579,620,967693,12379,8019928,23881900
6868,602,615,967091,12366,8020543,23828800
6869,581,608,966510,12339,8021151,23378200
6870,641,600,965869,12380,8021751,24303400
6871,602,625,965267,12357,8022376,23856200
6872,615,655,964652,12317,8023031,23936100
6873,607,638,964045,12286,8023669,23442700
6874,635,606,963410,12315,8024275,24341900
6875,585,588,962825,12312,8024863,23473400
6876,639,587,962186,12364,8025450,24244800
6877,611,637,961575,12338,8026087,23993400
6878,629,589,960946,12378,8026676,24104600
6879,575,599,960371,12354,8027275,23517900
6880,624,609,959747,12369,8027884,23371000
6881,641,615,959106,12395,8028499,23947500
6882,622,608,958484,12409,8029107,24038900
6883,625,669,957859,12365,8029776,23872700
6884,587,590,957272,12362,8030366,23376200
6885,641,594,956631,12409,8030960,23497100
6886,617,626,956014,12400,8031586,23490300
6887,594,590,955420,12404,8032176,23541500
6888,632,638,954788,12398,8032814,23373700
6889,604,619,954184,12383,8033433,23821800
6890,559,582,953625,12360,8034015,23544000
6891,574,631,953051,12303,8034646,23982100
6892,591,598,952460,12296,8035244,23394900
6893,624,601,951836,12319,8035845,23880500
6894,619,603,951217,12335,8036448,23384300
6895,620,606,950597,12349,8037054,24067900
6896,585,622,950012,12312,8037676,24175900
6897,612,665,949400,12259,8038341,24184400
6898,603,575,948797,12287,8038916,23980000
6899,590,564,948207,12313,8039480,24595200
6900,599,628,947608,12284,8040108,23451900
6901,555,636,947053,12203,8040744,23496800
6902,559,681,946494,12081,8041425,23832700
6903,594,643,945900,12032,8042068,24577100
6904,558,607,945342,11983,8042675,24713600
6905,565,589,944777,11959,8043264,24314200
6906,614,638,944163,11935,8043902,25595800
6907,581,629,943582,11887,8044531,24976800
6908,605,632,942977,11860,8045163,24905900
6909,556,620,942421,11796,8045783,24721900
6910,582,620,941839,11758,8046403,26548800
6911,593,587,941246,11764,8046990,23925600
6912,625,578,940621,11811,8047568,23840300
6913,608,594,940013,11825,8048162,23328600
6914,588,604,939425,11809,8048766,23414600
6915,587,582,938838,11814,8049348,23473700
6916,579,583,938259,11810,8049931,23383200
6917,597,555,937662,11852,8050486,23369000
6918,594,587,937068,11859,8051073,24408600
6919,601,626,936467,11834,8051699,23377000
6920,600,571,935867,11863,8052270,23622700
6921,644,615,935223,11892,8052885,23895900
6922,605,599,934618,11898,8053484,23838700
6923,573,609,934045,11862,8054093,23439400
6924,587,591,933458,11858,8054684,23924700
6925,601,583,932857,11876,8055267,23443300
6926,627,616,932230,11887,8055883,23952800
6927,577,592,931653,11872,8056475,23306000
6928,597,637,931056,11832,8057112,23821500
6929,604,570,930452,11866,8057682,23410000
6930,620,585,929832,11901,8058267,23782000
6931,605,609,929227,11897,8058876,23709700
6932,584,606,928643,11875,8059482,23870200
6933,612,557,928031,11930,8060039,23900700
6934,602,589,927429,11943,8060628,23416000
6935,607,580,926822,11970,8061208,23488500
6936,643,618,926179,11995,8061826,23398400
6937,609,612,925570,11992,8062438,23378600
6938,605,582,924965,12015,8063020,23797700
6939,595,634,924370,11976,8063654,24033300
6940,592,563,923778,12005,8064217,24599300
6941,610,590,923168,12025,8064807,23537900
6942,610,578,922558,12057,8065385,23471500
6943,574,581,921984,12050,8065966,23552300
6944,585,592,921399,12043,8066558,23645500
6945,613,612,920786,12044,8067170,23778900
6946,638,598,920148,12084,8067768,24644000
6947,638,602,919510,12120,8068370,23440900
6948,590,608,918920,12102,8068978,23547900
6949,638,628,918282,12112,8069606,24017500
6950,608,631,917674,12089,8070237,24957700
6951,596,635,917078,12050,8070872,24163800
6952,623,602,916455,12071,8071474,23444900
6953,612,613,915843,12070,8072087,23484200
6954,596,576,915247,12090,8072663,24297700
6955,544,594,914703,12040,8073257,25016500
6956,596,566,914107,12070,8073823,24440800
6957,622,621,913485,12071,8074444,26317800
6958,605,607,912880,12069,8075051,24414500
6959,603,602,912277,12070,8075653,25207700
6960,579,630,911698,12019,8076283,24669500
6961,602,565,911096,12056,8076848,24563700
6962,599,581,910497,12074,8077429,24115500
6963,632,592,909865,12114,8078021,23563700
6964,612,617,909253,12109,8078638,23306000
6965,591,590,908662,12110,8079228,23388800
6966,638,592,908024,12156,8079820,23507500
6967,636,581,907388,12211,8080401,23411200
6968,597,590,906791,12218,8080991,23549000
6969,622,665,906169,12175,8081656,23742400
6970,618,605,905551,12188,8082261,24217200
6971,587,622,904964,12153,8082883,23503000
6972,557,629,904407,12081,8083512,23592700
6973,618,604,903789,12095,8084116,23415000
6974,562,615,903227,12042,8084731,23524400
6975,552,561,902675,12033,8085292,23315500
6976,553,612,902122,11974,8085904,23412100
6977,577,585,901545,11966,8086489,23337700
6978,602,560,900943,12008,8087049,23597100
6979,558,599,900385,11967,8087648,23603800
6980,567,613,899818,11921,8088261,27783500
6981,604,598,899214,11927,8088859,24831300
6982,587,607,898627,11907,8089466,25734600
6983,610,580,898017,11937,8090046,23442700
6984,613,611,897404,11939,8090657,23363400
6985,608,575,896796,11972,8091232,23475400
6986,592,577,896204,11987,8091809,23589500
6987,588,629,895616,11946,8092438,23875300
6988,593,613,895023,11926,8093051,23340400
6989,575,611,894448,11890,8093662,23378900
6990,606,558,893842,11938,8094220,23381600
6991,622,654,893220,11906,8094874,24779600
6992,600,553,892620,11953,8095427,24028400
6993,625,605,891995,11973,8096032,23386800
6994,607,574,891388,12006,8096606,23668000
6995,603,562,890785,12047,8097168,23360700
6996,612,605,890173,12054,8097773,23912400
6997,614,593,889559,12075,8098366,23617600
6998,583,590,888976,12068,8098956,23663200
6999,592,619,888384,12041,8099575,23454700
7000,609,604,887775,12046,8100179,23419900
7001,588,601,887187,12033,8100780,23768900
7002,580,622,886607,11991,8101402,23756800
7003,593,600,886014,11984,8102002,23343200
7004,596,543,885418,12037,8102545,23834900
7005,607,604,884811,12040,8103149,24473400
7006,577,575,884234,12042,8103724,24220500
7007,622,619,883612,12045,8104343,24162700
7008,627,599,882985,12073,8104942,24905000
7009,610,626,882375,12057,8105568,24291500
7010,644,609,881731,12092,8106177,24812000
7011,564,630,881167,12026,8106807,24873800
7012,582,565,880585,12043,8107372,25065800
7013,584,648,880001,11979,8108020,24186000
7014,592,572,879409,11999,8108592,23271200
7015,619,620,878790,11998,8109212,23683600
7016,576,584,878214,11990,8109796,23462300
7017,603,626,877611,11967,8110422,23912700
7018,598,592,877013,11973,8111014,23506800
7019,570,602,876443,11941,8111616,24232400
7020,634,616,875809,11959,8112232,24443100
7021,586,655,875223,11890,8112887,24231200
7022,596,590,874627,11896,8113477,23914900
7023,605,613,874022,11888,8114090,26341000
7024,582,594,873440,11876,8114684,23594500
7025,593,616,872847,11853,8115300,23390700
7026,612,621,872235,11844,8115921,23679900
7027,576,555,871659,11865,8116476,23290300
7028,559,596,871100,11828,8117072,23264200
7029,607,622,870493,11813,8117694,23407700
7030,609,569,869884,11853,8118263,23607800
7031,628,626,869256,11855,8118889,24042600
7032,592,574,868664,11873,8119463,23581600
7033,592,593,868072,11872,8120056,24900100
7034,616,611,867456,11877,8120667,23698300
7035,566,623,866890,11820,8121290,23894300
7036,592,606,866298,11806,8121896,23847100
7037,566,573,865732,11799,8122469,23713900
7038,544,593,865188,11750,8123062,24205300
7039,548,570,864640,11728,8123632,23786000
7040,592,632,864048,11688,8124264,23785100
7041,566,591,863482,11663,8124855,23267400
7042,535,577,862947,11621,8125432,23344500
7043,592,597,862355,11616,8126029,23867900
7044,576,597,861779,11595,8126626,23999800
7045,581,510,861198,11666,8127136,23317300
7046,566,582,860632,11650,8127718,23868100
7047,592,584,860040,11658,8128302,23668700
7048,570,595,859470,11633,8128897,23293300
7049,581,592,858889,11622,8129489,23420500
7050,574,554,858315,11642,8130043,23686800
7051,582,602,857733,11622,8130645,23499400
7052,617,593,857116,11646,8131238,23573100
7053,635,579,856481,11702,8131817,23326900
7054,622,636,855859,11688,8132453,23806400
7055,577,609,855282,11656,8133062,24650600
7056,543,598,854739,11601,8133660,24848500
7057,569,582,854170,11588,8134242,24349500
7058,594,593,853576,11589,8134835,24524600
7059,598,576,852978,11611,8135411,24810300
7060,575,577,852403,11609,8135988,24838700
7061,584,575,851819,11618,8136563,24171000
7062,585,564,851234,11639,8137127,23972500
7063,553,554,850681,11638,8137681,24925800
7064,602,537,850079,11703,8138218,25790900
7065,571,579,849508,11695,8138797,24212200
7066,569,591,848939,11673,8139388,23730500
7067,602,572,848337,11703,8139960,23558900
7068,581,606,847756,11678,8140566,23330900
7069,599,588,847157,11689,8141154,24493400
7070,545,560,846612,11674,8141714,23748100
7071,593,551,846019,11716,8142265,23744600
7072,570,590,845449,11696,8142855,23258800
7073,619,594,844830,11721,8143449,24012500
7074,586,615,844244,11692,8144064,23454500
7075,576,615,843668,11653,8144679,24147600
7076,538,553,843130,11638,8145232,23763800
7077,575,585,842555,11628,8145817,23714900
7078,566,573,841989,11621,8146390,23304100
7079,559,597,841430,11583,8146987,23493500
7080,577,582,840853,11578,8147569,23418900
7081,596,546,840257,11628,8148115,23340500
7082,586,596,839671,11618,8148711,23760400
7083,582,588,839089,11612,8149299,23760300
7084,558,570,838531,11600,8149869,23663900
7085,592,561,837939,11631,8150430,23677900
7086,568,579,837371,11620,8151009,23656900
7087,546,583,836825,11583,8151592,24226800
7088,585,569,836240,11599,8152161,23498500
7089,550,595,835690,11554,8152756,23690200
7090,574,567,835116,11561,8153323,23358600
7091,538,627,834578,11472,8153950,23479500
7092,542,558,834036,11456,8154508,23601700
7093,585,551,833451,11490,8155059,23751500
7094,585,581,832866,11494,8155640,23655900
7095,568,578,832298,11484,8156218,23544600
7096,592,587,831706,11489,8156805,23432600
7097,610,581,831096,11518,8157386,23829300
7098,592,607,830504,11503,8157993,23473100
7099,559,615,829945,11447,8158608,23492400
7100,561,582,829384,11426,8159190,23589800
7101,539,549,828845,11416,8159739,23284100
7102,529,582,828316,11363,8160321,23398200
7103,600,559,827716,11404,8160880,23302400
7104,548,557,827168,11395,8161437,23281300
7105,558,530,826610,11423,8161967,25163600
7106,593,595,826017,11421,8162562,24698100
7107,548,545,825469,11424,8163107,25181800
7108,559,551,824910,11432,8163658,26068600
7109,601,584,824309,11449,8164242,25600700
7110,580,570,823729,11459,8164812,24484400
7111,597,573,823132,11483,8165385,24039500
7112,556,577,822576,11462,8165962,25406900
7113,597,590,821979,11469,8166552,24870100
7114,545,593,821434,11421,8167145,23149800
7115,538,568,820896,11391,8167713,23370200
7116,532,565,820364,11358,8168278,23260600
7117,553,523,819811,11388,8168801,24536500
7118,602,553,819209,11437,8169354,24048000
7119,537,582,818672,11392,8169936,23472100
7120,559,576,818113,11375,8170512,23206900
7121,562,520,817551,11417,8171032,23672100
7122,579,595,816972,11401,8171627,23554800
7123,536,574,816436,11363,8172201,23544900
7124,574,545,815862,11392,8172746,23364300
7125,550,570,815312,11372,8173316,23323700
7126,561,588,814751,11345,8173904,23283600
7127,506,597,814245,11254,8174501,23437600
7128,568,576,813677,11246,8175077,23209000
7129,538,542,813139,11242,8175619,24578300
7130,544,520,812595,11266,8176139,23674100
7131,528,596,812067,11198,8176735,23860000
7132,550,562,811517,11186,8177297,23252500
7133,550,568,810967,11168,8177865,23206200
7134,526,513,810441,11181,8178378,23341000
7135,522,507,809919,11196,8178885,23650600
7136,512,544,809407,11164,8179429,23633300
7137,531,549,808876,11146,8179978,23217800
7138,490,540,808386,11096,8180518,23302100
7139,516,513,807870,11099,8181031,23879900
7140,515,583,807355,11031,8181614,23258000
7141,547,570,806808,11008,8182184,24312900
7142,543,545,806265,11006,8182729,23132900
7143,528,540,805737,10994,8183269,24156000
7144,539,516,805198,11017,8183785,23617200
7145,551,526,804647,11042,8184311,23998700
7146,516,579,804131,10979,8184890,23738200
7147,586,561,803545,11004,8185451,26100800
7148,545,536,803000,11013,8185987,23943000
7149,557,570,802443,11000,8186557,24429600
7150,560,589,801883,10971,8187146,23647000
7151,536,571,801347,10936,8187717,23332400
7152,581,534,800766,10983,8188251,25103200
7153,554,541,800212,10996,8188792,23363300
7154,532,581,799680,10947,8189373,24243700
7155,600,525,799080,11022,8189898,23784600
7156,522,555,798558,10989,8190453,24223900
7157,541,577,798017,10953,8191030,24440900
7158,550,541,797467,10962,8191571,24494100
7159,562,582,796905,10942,8192153,24476700
7160,541,573,796364,10910,8192726,25511800
7161,549,588,795815,10871,8193314,24384400
7162,554,537,795261,10888,8193851,24944900
7163,525,512,794736,10901,8194363,24603700
7164,529,584,794207,10846,8194947,23216900
7165,573,559,793634,10860,8195506,23358900
7166,533,523,793101,10870,8196029,23306500
7167,559,522,792542,10907,8196551,23259100
7168,512,575,792030,10844,8197126,23380800
7169,543,559,791487,10828,8197685,24548700
7170,547,545,790940,10830,8198230,23186600
7171,542,566,790398,10806,8198796,23847300
7172,526,495,789872,10837,8199291,23273400
7173,516,538,789356,10815,8199829,23462500
7174,518,515,788838,10818,8200344,23520100
7175,532,559,788306,10791,8200903,23586800
7176,538,550,787768,10779,8201453,23183600
7177,565,545,787203,10799,8201998,23528900
7178,540,546,786663,10793,8202544,24093100
7179,527,527,786136,10793,8203071,23238200
7180,520,531,785616,10782,8203602,23362800
7181,527,537,785089,10772,8204139,23730100
7182,504,521,784585,10755,8204660,23435700
7183,551,547,784034,10759,8205207,23479100
7184,505,568,783529,10696,8205775,23562100
7185,512,509,783017,10699,8206284,23180500
7186,513,560,782504,10652,8206844,23291700
7187,536,525,781968,10663,8207369,23492100
7188,545,544,781423,10664,8207913,23507500
7189,575,556,780848,10683,8208469,24110600
7190,518,527,780330,10674,8208996,24719600
7191,527,546,779803,10655,8209542,23847100
7192,557,521,779246,10691,8210063,23654400
7193,533,539,778713,10685,8210602,23737700
7194,513,558,778200,10640,8211160,23553500
7195,516,526,777684,10630,8211686,23632600
7196,563,563,777121,10630,8212249,23745300
7197,547,545,776574,10632,8212794,23355400
7198,526,518,776048,10640,8213312,23514400
7199,515,528,775533,10627,8213840,23293900
7200,495,533,775038,10589,8214373,23820400
7201,511,533,774527,10567,8214906,23100300
7202,528,536,773999,10559,8215442,24931700
7203,540,497,773459,10602,8215939,23667300
7204,501,523,772958,10580,8216462,23665300
7205,558,523,772400,10615,8216985,23589800
7206,525,555,771875,10585,8217540,23584700
7207,485,518,771390,10552,8218058,24757500
7208,486,542,770904,10496,8218600,24483800
7209,565,516,770339,10545,8219116,24208300
7210,545,555,769794,10535,8219671,25261800
7211,514,517,769280,10532,8220188,24729100
7212,496,538,768784,10490,8220726,24383000
7213,536,532,768248,10494,8221258,24854700
7214,541,493,767707,10542,8221751,24076500
7215,521,579,767186,10484,8222330,23205200
7216,504,548,766682,10440,8222878,23314400
7217,490,534,766192,10396,8223412,23429300
7218,480,531,765712,10345,8223943,23395400
7219,485,515,765227,10315,8224458,23185200
7220,477,484,764750,10308,8224942,23536300
7221,493,544,764257,10257,8225486,23620700
7222,509,497,763748,10269,8225983,23929000
7223,461,519,763287,10211,8226502,23163200
7224,478,521,762809,10168,8227023,24100100
7225,499,532,762310,10135,8227555,23298700
7226,507,530,761803,10112,8228085,23117800
7227,463,519,761340,10056,8228604,23135500
7228,472,493,760868,10035,8229097,23291500
7229,508,516,760360,10027,8229613,23160400
7230,480,513,759880,9994,8230126,23711200
7231,478,483,759402,9989,8230609,24161600
7232,507,492,758895,10004,8231101,24335500
7233,475,494,758420,9985,8231595,23776400
7234,475,528,757945,9932,8232123,23833800
7235,455,522,757490,9865,8232645,24982700
7236,486,500,757004,9851,8233145,24850700
7237,530,522,756474,9859,8233667,25198900
7238,491,486,755983,9864,8234153,24892500
7239,487,495,755496,9856,8234648,25289200
7240,495,508,755001,9843,8235156,24589500
7241,459,520,754542,9782,8235676,25155300
7242,473,480,754069,9775,8236156,24743700
7243,421,520,753648,9676,8236676,27549400
7244,470,451,753178,9695,8237127,27496700
7245,454,479,752724,9670,8237606,24569600
7246,463,443,752261,9690,8238049,24047900
7247,499,520,751762,9669,8238569,24525800
7248,451,477,751311,9643,8239046,24042800
7249,483,510,750828,9616,8239556,24438600
7250,484,484,750344,9616,8240040,24232600
7251,468,504,749876,9580,8240544,24287600
7252,460,447,749416,9593,8240991,24193900
7253,487,467,748929,9613,8241458,24585100
7254,500,473,748429,9640,8241931,25618800
7255,490,452,747939,9678,8242383,23507700
7256,488,506,747451,9660,8242889,24755400
7257,506,487,746945,9679,8243376,24583800
7258,512,497,746433,9694,8243873,24599900
7259,455,498,745978,9651,8244371,24044200
7260,478,471,745500,9658,8244842,24256500
7261,470,501,745030,9627,8245343,25604200
7262,461,474,744569,9614,8245817,25128200
7263,449,478,744120,9585,8246295,24046000
7264,517,469,743603,9633,8246764,24054900
7265,523,467,743080,9689,8247231,23845800
7266,469,500,742611,9658,8247731,23843200
7267,491,449,742120,9700,8248180,23692500
7268,511,513,741609,9698,8248693,23886600
7269,441,482,741168,9657,8249175,24844600
7270,469,472,740699,9654,8249647,23979500
7271,515,497,740184,9672,8250144,23376500
7272,453,495,739731,9630,8250639,23649700
7273,483,491,739248,9622,8251130,24069500
7274,437,471,738811,9588,8251601,25880600
7275,472,465,738339,9595,8252066,23201100
7276,466,476,737873,9585,8252542,23122300
7277,449,493,737424,9541,8253035,23995300
7278,444,493,736980,9492,8253528,23231000
7279,473,471,736507,9494,8253999,23514500
7280,475,481,736032,9488,8254480,23598800
7281,526,453,735506,9561,8254933,23854200
7282,438,479,735068,9520,8255412,23689300
7283,486,490,734582,9516,8255902,23241300
7284,513,464,734069,9565,8256366,23356000
7285,493,475,733576,9583,8256841,23265600
7286,440,485,733136,9538,8257326,24653300
7287,462,475,732674,9525,8257801,24012100
7288,471,484,732203,9512,8258285,23671100
7289,473,480,731730,9505,8258765,23882200
7290,446,504,731284,9447,8259269,23484400
7291,479,457,730805,9469,8259726,23784500
7292,476,439,730329,9506,8260165,23409000
7293,470,444,729859,9532,8260609,24080700
7294,484,488,729375,9528,8261097,23821500
7295,489,474,728886,9543,8261571,23717100
7296,493,464,728393,9572,8262035,23696400
7297,489,489,727904,9572,8262524,23867900
7298,467,465,727437,9574,8262989,23687200
7299,510,487,726927,9597,8263476,23538000
7300,440,487,726487,9550,8263963,23662500
7301,489,483,725998,9556,8264446,23520200
7302,476,463,725522,9569,8264909,23957100
7303,480,455,725042,9594,8265364,23230400
7304,466,461,724576,9599,8265825,23778700
7305,485,432,724091,9652,8266257,23210500
7306,473,468,723618,9657,8266725,24352200
7307,480,479,723138,9658,8267204,24531000
7308,518,487,722620,9689,8267691,24897500
7309,500,438,722120,9751,8268129,24126900
7310,483,478,721637,9756,8268607,25209400
7311,508,490,721129,9774,8269097,25558700
7312,499,468,720630,9805,8269565,25185100
7313,532,502,720098,9835,8270067,26841700
7314,467,490,719631,9812,8270557,24048400
7315,473,474,719158,9811,8271031,23779600
7316,532,509,718626,9834,8271540,23594600
7317,488,493,718138,9829,8272033,23107900
7318,486,500,717652,9815,8272533,23272700
7319,474,486,717178,9803,8273019,23137400
7320,470,496,716708,9777,8273515,24039000
7321,476,472,716232,9781,8273987,23353200
7322,470,458,715762,9793,8274445,23545800
7323,466,525,715296,9734,8274970,23079300
7324,466,475,714830,9725,8275445,23262000
7325,448,494,714382,9679,8275939,23424500
7326,466,501,713916,9644,8276440,23541900
7327,499,466,713417,9677,8276906,23482700
7328,433,485,712984,9625,8277391,24719900
7329,460,437,712524,9648,8277828,23451900
7330,472,462,712052,9658,8278290,23319900
7331,477,473,711575,9662,8278763,23154200
7332,454,509,711121,9607,8279272,23223300
7333,501,507,710620,9601,8279779,23256800
7334,460,506,710160,9555,8280285,23472600
7335,482,475,709678,9562,8280760,26005400
7336,466,480,709212,9548,8281240,24542400
7337,468,478,708744,9538,8281718,24193400
7338,442,474,708302,9506,8282192,26389200
7339,476,456,707826,9526,8282648,25509400
7340,486,449,707340,9563,8283097,24685300
7341,445,496,706895,9512,8283593,26945500
7342,458,442,706437,9528,8284035,25559800
7343,465,446,705972,9547,8284481,24364300
7344,476,499,705496,9524,8284980,24389200
7345,467,447,705029,9544,8285427,24073500
7346,482,471,704547,9555,8285898,24553800
7347,472,466,704075,9561,8286364,24415600
7348,470,509,703605,9522,8286873,24319600
7349,455,468,703150,9509,8287341,24642200
7350,478,494,702672,9493,8287835,24142500
7351,472,470,702200,9495,8288305,24907100
7352,449,481,701751,9463,8288786,24350300
7353,440,501,701311,9402,8289287,24730800
7354,472,465,700839,9409,8289752,24313700
7355,490,486,700349,9413,8290238,25142800
7356,416,469,699933,9360,8290707,25755100
7357,486,497,699447,9349,8291204,26800600
7358,470,460,698977,9359,8291664,25065500
7359,457,466,698520,9350,8292130,27232800
7360,472,480,698048,9342,8292610,24250100
7361,442,476,697606,9308,8293086,23980500
7362,499,482,697107,9325,8293568,24272000
7363,498,455,696609,9368,8294023,25419400
7364,481,472,696128,9377,8294495,24638500
7365,427,489,695701,9315,8294984,23841000
7366,473,464,695228,9324,8295448,24065000
7367,451,486,694777,9289,8295934,23336200
7368,399,456,694378,9232,8296390,23573400
7369,432,486,693946,9178,8296876,24651900
7370,417,445,693529,9150,8297321,23939800
7371,451,438,693078,9163,8297759,23049400
7372,450,478,692628,9135,8298237,23483100
7373,431,458,692197,9108,8298695,23264300
7374,386,460,691811,9034,8299155,23126400
7375,444,464,691367,9014,8299619,23508400
7376,443,473,690924,8984,8300092,24143800
7377,461,441,690463,9004,8300533,23077600
7378,429,429,690034,9004,8300962,23387100
7379,443,459,689591,8988,8301421,23371400
7380,434,451,689157,8971,8301872,23164000
7381,446,465,688711,8952,8302337,23203500
7382,468,450,688243,8970,8302787,23189000
7383,449,462,687794,8957,8303249,23492700
7384,453,415,687341,8995,8303664,23215900
7385,456,478,686885,8973,8304142,23378600
7386,448,517,686437,8904,8304659,23261500
7387,474,479,685963,8899,8305138,23519700
7388,454,453,685509,8900,8305591,23618600
7389,376,422,685133,8854,8306013,23035200
7390,475,439,684658,8890,8306452,24282900
7391,434,443,684224,8881,8306895,23639900
7392,427,434,683797,8874,8307329,23812200
7393,417,426,683380,8865,8307755,23147200
7394,453,434,682927,8884,8308189,23257500
7395,461,446,682466,8899,8308635,23012100
7396,435,447,682031,8887,8309082,23806800
7397,424,415,681607,8896,8309497,24023100
7398,465,431,681142,8930,8309928,23839700
7399,432,436,680710,8926,8310364,23934600
7400,452,448,680258,8930,8310812,23755600
7401,449,473,679809,8906,8311285,23167300
7402,442,447,679367,8901,8311732,23284500
7403,454,424,678913,8931,8312156,23031700
7404,437,429,678476,8939,8312585,23463400
7405,425,466,678051,8898,8313051,23641500
7406,450,431,677601,8917,8313482,23415200
7407,434,433,677167,8918,8313915,23546900
7408,432,439,676735,8911,8314354,24225900
7409,406,454,676329,8863,8314808,24181500
7410,448,428,675881,8883,8315236,24001800
7411,471,429,675410,8925,8315665,25682700
7412,441,437,674969,8929,8316102,24685600
7413,439,453,674530,8915,8316555,24073500
7414,426,440,674104,8901,8316995,24473800
7415,463,464,673641,8900,8317459,24493300
7416,429,462,673212,8867,8317921,23350300
7417,425,502,672787,8790,8318423,24027000
7418,455,481,672332,8764,8318904,23355400
7419,456,434,671876,8786,8319338,23892900
7420,431,411,671445,8806,8319749,23478900
7421,448,410,670997,8844,8320159,23313900
7422,436,421,670561,8859,8320580,23163800
7423,415,455,670146,8819,8321035,23717400
7424,417,418,669729,8818,8321453,23177300
7425,446,446,669283,8818,8321899,23153400
7426,440,474,668843,8784,8322373,23076500
7427,427,452,668416,8759,8322825,23183100
7428,431,410,667985,8780,8323235,23004500
7429,410,450,667575,8740,8323685,23096700
7430,424,416,667151,8748,8324101,24025200
7431,444,447,666707,8745,8324548,25712500
7432,415,434,666292,8726,8324982,25801200
7433,428,430,665864,8724,8325412,23922200
7434,460,422,665404,8762,8325834,23816400
7435,438,422,664966,8778,8326256,23097600
7436,432,458,664534,8752,8326714,23385600
7437,430,448,664104,8734,8327162,23097400
7438,421,422,663683,8733,8327584,23592500
7439,420,473,663263,8680,8328057,23774300
7440,418,456,662845,8642,8328513,23950600
7441,408,425,662437,8625,8328938,23979500
7442,443,388,661994,8680,8329326,23390800
7443,408,418,661586,8670,8329744,23134700
7444,423,420,661163,8673,8330164,23611900
7445,391,451,660772,8613,8330615,23383000
7446,407,398,660365,8622,8331013,23357800
7447,445,425,659920,8642,8331438,23220100
7448,418,448,659502,8612,8331886,23172900
7449,419,422,659083,8609,8332308,23318100
7450,397,438,658686,8568,8332746,23690100
7451,430,461,658256,8537,8333207,23484000
7452,431,439,657825,8529,8333646,23222900
7453,387,400,657438,8516,8334046,23134800
7454,382,418,657056,8480,8334464,24389300
7455,422,422,656634,8480,8334886,23614800
7456,393,406,656241,8467,8335292,23607200
7457,405,409,655836,8463,8335701,23094100
7458,431,430,655405,8464,8336131,24089700
7459,425,408,654980,8481,8336539,24007600
7460,450,432,654530,8499,8336971,24233200
7461,410,450,654120,8459,8337421,24003800
7462,428,411,653692,8476,8337832,23939100
7463,450,429,653242,8497,8338261,24171400
7464,388,418,652854,8467,8338679,24108400
7465,377,432,652477,8412,8339111,24281700
7466,430,401,652047,8441,8339512,23392600
7467,434,427,651613,8448,8339939,23337700
7468,403,446,651210,8405,8340385,23087300
7469,418,379,650792,8444,8340764,23379700
7470,427,432,650365,8439,8341196,23346000
7471,420,402,649945,8457,8341598,23281600
7472,431,471,649514,8417,8342069,23205700
7473,393,458,649121,8352,8342527,23082200
7474,421,425,648700,8348,8342952,23287200
7475,441,448,648259,8341,8343400,23745700
7476,444,436,647815,8349,8343836,23287600
7477,436,414,647379,8371,8344250,23181900
7478,405,457,646974,8319,8344707,23190000
7479,384,378,646590,8325,8345085,23917400
7480,407,410,646183,8322,8345495,24489300
7481,428,385,645755,8365,8345880,24529200
7482,414,450,645341,8329,8346330,24489100
7483,412,427,644929,8314,8346757,24059400
7484,432,405,644497,8341,8347162,22926000
7485,412,424,644085,8329,8347586,23642800
7486,425,436,643660,8318,8348022,23152200
7487,419,380,643241,8357,8348402,23022300
7488,462,405,642779,8414,8348807,23370200
7489,402,397,642377,8419,8349204,23765500
7490,459,409,641918,8469,8349613,23097100
7491,409,419,641509,8459,8350032,23356700
7492,416,394,641093,8481,8350426,23692200
7493,423,421,640670,8483,8350847,23833300
7494,391,409,640279,8465,8351256,23399100
7495,424,388,639855,8501,8351644,23824700
7496,437,398,639418,8540,8352042,23522400
7497,428,444,638990,8524,8352486,24463200
7498,388,401,638602,8511,8352887,23726700
7499,414,432,638188,8493,8353319,23264700
7500,456,433,637732,8516,8353752,23316300
7501,416,423,637316,8509,8354175,22928300
7502,405,409,636911,8505,8354584,23334300
7503,421,458,636490,8468,8355042,24392900
7504,430,436,636060,8462,8355478,23416600
7505,414,418,635646,8458,8355896,23698400
7506,399,413,635247,8444,8356309,23004200
7507,396,416,634851,8424,8356725,24257200
7508,395,399,634456,8420,8357124,23166500
7509,396,412,634060,8404,8357536,24207800
7510,409,408,633651,8405,8357944,24222600
7511,388,461,633263,8332,8358405,23956200
7512,409,442,632854,8299,8358847,25982300
7513,381,418,632473,8262,8359265,23863600
7514,426,400,632047,8288,8359665,24968100
7515,378,406,631669,8260,8360071,25423400
7516,404,405,631265,8259,8360476,24432100
7517,403,382,630862,8280,8360858,23654500
7518,414,413,630448,8281,8361271,23285200
7519,423,377,630025,8327,8361648,23489400
7520,404,452,629621,8279,8362100,23405200
7521,399,426,629222,8252,8362526,23451000
7522,415,408,628807,8259,8362934,23206700
7523,382,414,628425,8227,8363348,23587700
7524,424,422,628001,8229,8363770,23623800
7525,405,422,627596,8212,8364192,23465900
7526,453,418,627143,8247,8364610,23264000
7527,433,394,626710,8286,8365004,23064500
7528,400,399,626310,8287,8365403,23413800
7529,417,391,625893,8313,8365794,22998500
7530,409,395,625484,8327,8366189,23649200
7531,418,402,625066,8343,8366591,23329800
7532,411,388,624655,8366,8366979,23434900
7533,420,422,624235,8364,8367401,23056400
7534,382,436,623853,8310,8367837,23686900
7535,432,418,623421,8324,8368255,23413800
7536,388,443,623033,8269,8368698,23218100
7537,391,434,622642,8226,8369132,23728700
7538,395,427,622247,8194,8369559,23309300
7539,415,427,621832,8182,8369986,24084100
7540,400,395,621432,8187,8370381,23742700
7541,425,448,621007,8164,8370829,23733300
7542,390,427,620617,8127,8371256,23384800
7543,386,411,620231,8102,8371667,23112200
7544,395,402,619836,8095,8372069,23069500
7545,398,392,619438,8101,8372461,23605100
7546,401,399,619037,8103,8372860,22893100
7547,390,392,618647,8101,8373252,23010200
7548,375,386,618272,8090,8373638,23045300
7549,438,398,617834,8130,8374036,23007200
7550,396,373,617438,8153,8374409,23051400
7551,373,424,617065,8102,8374833,23311100
7552,398,419,616667,8081,8375252,23781500
7553,395,397,616272,8079,8375649,23276200
7554,396,379,615876,8096,8376028,23207700
7555,346,397,615530,8045,8376425,23245600
7556,391,370,615139,8066,8376795,23309300
7557,395,415,614744,8046,8377210,23045800
7558,400,405,614344,8041,8377615,23420900
7559,376,419,613968,7998,8378034,23192600
7560,375,382,613593,7991,8378416,23954500
7561,353,397,613240,7947,8378813,24025800
7562,399,418,612841,7928,8379231,26170200
7563,394,423,612447,7899,8379654,24892100
7564,386,388,612061,7897,8380042,24333700
7565,374,395,611687,7876,8380437,25387300
7566,359,405,611328,7830,8380842,24193300
7567,386,405,610942,7811,8381247,25011600
7568,372,409,610570,7774,8381656,23657300
7569,374,340,610196,7808,8381996,22877400
7570,372,403,609824,7777,8382399,22972400
7571,384,389,609440,7772,8382788,23049000
7572,327,394,609113,7705,8383182,23227300
7573,375,391,608738,7689,8383573,24580900
7574,354,378,608384,7665,8383951,23594600
7575,387,353,607997,7699,8384304,23004300
7576,361,367,607636,7693,8384671,22999100
7577,351,401,607285,7643,8385072,23339300
7578,340,376,606945,7607,8385448,22982000
7579,364,368,606581,7603,8385816,24177000
7580,371,359,606210,7615,8386175,22981400
7581,349,364,605861,7600,8386539,23695600
7582,353,347,605508,7606,8386886,24154800
7583,362,429,605146,7539,8387315,22995000
7584,382,355,604764,7566,8387670,22943900
7585,374,360,604390,7580,8388030,25428100
7586,391,400,603999,7571,8388430,23624400
7587,379,371,603620,7579,8388801,24407400
7588,382,384,603238,7577,8389185,23315600
7589,378,392,602860,7563,8389577,23024500
7590,370,400,602490,7533,8389977,23385000
7591,380,369,602110,7544,8390346,23747600
7592,359,400,601751,7503,8390746,23459900
7593,354,374,601397,7483,8391120,24188500
7594,367,347,601030,7503,8391467,24135600
7595,353,407,600677,7449,8391874,23733000
7596,366,377,600311,7438,8392251,24472800
7597,376,373,599935,7441,8392624,23533700
7598,354,397,599581,7398,8393021,23313100
7599,356,366,599225,7388,8393387,23288400
7600,354,339,598871,7403,8393726,23861900
7601,379,372,598492,7410,8394098,26912700
7602,358,361,598134,7407,8394459,23386200
7603,373,395,597761,7385,8394854,22956000
7604,386,343,597375,7428,8395197,23356500
7605,368,357,597007,7439,8395554,23069400
7606,381,337,596626,7483,8395891,23387100
7607,372,371,596254,7484,8396262,23206900
7608,377,388,595877,7473,8396650,23552500
7609,384,343,595493,7514,8396993,23520200
7610,377,366,595116,7525,8397359,23703900
7611,379,408,594737,7496,8397767,23629400
7612,402,371,594335,7527,8398138,24048900
7613,367,376,593968,7518,8398514,23758100
7614,387,397,593581,7508,8398911,23849300
7615,358,368,593223,7498,8399279,24147300
7616,368,383,592855,7483,8399662,25061600
7617,385,363,592470,7505,8400025,24431200
7618,376,384,592094,7497,8400409,26314900
7619,374,388,591720,7483,8400797,23081300
7620,365,355,591355,7493,8401152,22971300
7621,403,347,590952,7549,8401499,23414200
7622,388,381,590564,7556,8401880,22871900
7623,368,365,590196,7559,8402245,22864900
7624,420,363,589776,7616,8402608,25663300
7625,378,387,589398,7607,8402995,25522800
7626,358,362,589040,7603,8403357,23013500
7627,396,375,588644,7624,8403732,24102900
7628,338,389,588306,7573,8404121,23733700
7629,383,365,587923,7591,8404486,23917900
7630,395,390,587528,7596,8404876,24227800
7631,364,423,587164,7537,8405299,23635100
7632,350,375,586814,7512,8405674,23973600
7633,359,397,586455,7474,8406071,23269500
7634,364,382,586091,7456,8406453,24972400
7635,341,366,585750,7431,8406819,24289000
7636,387,385,585363,7433,8407204,24244800
7637,375,369,584988,7439,8407573,23137600
7638,389,383,584599,7445,8407956,23007600
7639,346,385,584253,7406,8408341,22967900
7640,371,367,583882,7410,8408708,23938900
7641,353,391,583529,7372,8409099,24256300
7642,341,375,583188,7338,8409474,23372300
7643,363,369,582825,7332,8409843,23154900
7644,349,330,582476,7351,8410173,23538800
7645,363,375,582113,7339,8410548,22928900
7646,353,323,581760,7369,8410871,23058700
7647,342,352,581418,7359,8411223,22904300
7648,375,346,581043,7388,8411569,23070200
7649,358,354,580685,7392,8411923,23275700
7650,326,371,580359,7347,8412294,24201800
7651,365,362,579994,7350,8412656,23996900
7652,353,360,579641,7343,8413016,23663700
7653,389,376,579252,7356,8413392,22939300
7654,335,408,578917,7283,8413800,23197500
7655,365,368,578552,7280,8414168,23098000
7656,359,325,578193,7314,8414493,23032700
7657,372,375,577821,7311,8414868,22919200
7658,361,381,577460,7291,8415249,22991400
7659,358,363,577102,7286,8415612,23345400
7660,356,351,576746,7291,8415963,23303400
7661,338,360,576408,7269,8416323,23230400
7662,323,379,576085,7213,8416702,24248200
7663,348,343,575737,7218,8417045,24228500
7664,349,354,575388,7213,8417399,23856300
7665,396,391,574992,7218,8417790,23773300
7666,331,398,574661,7151,8418188,24365100
7667,358,351,574303,7158,8418539,25354000
7668,359,363,573944,7154,8418902,24485000
7669,326,336,573618,7144,8419238,25046400
7670,342,337,573276,7149,8419575,23230800
7671,339,345,572937,7143,8419920,22947800
7672,348,386,572589,7105,8420306,22894900
7673,350,365,572239,7090,8420671,23249100
7674,350,341,571889,7099,8421012,23018700
7675,323,331,571566,7091,8421343,23178000
7676,317,335,571249,7073,8421678,22822200
7677,352,378,570897,7047,8422056,23076600
7678,335,335,570562,7047,8422391,22831800
7679,321,366,570241,7002,8422757,23250800
7680,356,350,569885,7008,8423107,23082100
7681,345,394,569540,6959,8423501,23048200
7682,303,353,569237,6909,8423854,22931800
7683,312,339,568925,6882,8424193,23091700
7684,360,334,568565,6908,8424527,23148200
7685,345,340,568220,6913,8424867,23140900
7686,341,348,567879,6906,8425215,23766900
7687,347,327,567532,6926,8425542,23466600
7688,339,364,567193,6901,8425906,23117100
7689,370,353,566823,6918,8426259,23011200
7690,318,369,566505,6867,8426628,22894300
7691,335,347,566170,6855,8426975,23214100
7692,335,323,565835,6867,8427298,25264900
7693,351,342,565484,6876,8427640,24016700
7694,378,340,565106,6914,8427980,27579700
7695,362,347,564744,6929,8428327,23356200
7696,337,335,564407,6931,8428662,22766800
7697,365,366,564042,6930,8429028,22998200
7698,356,330,563686,6956,8429358,22915400
7699,326,344,563360,6938,8429702,22950900
7700,368,387,562992,6919,8430089,22894900
7701,365,353,562627,6931,8430442,23222800
7702,336,341,562291,6926,8430783,23266300
7703,347,354,561944,6919,8431137,23756800
7704,371,350,561573,6940,8431487,23226100
7705,346,348,561227,6938,8431835,23341300
7706,351,363,560876,6926,8432198,23026200
7707,347,335,560529,6938,8432533,22864800
7708,336,359,560193,6915,8432892,23171600
7709,323,353,559870,6885,8433245,23280500
7710,362,341,559508,6906,8433586,23997800
7711,347,339,559161,6914,8433925,23087200
7712,335,361,558826,6888,8434286,22930100
7713,318,366,558508,6840,8434652,23460100
7714,350,366,558158,6824,8435018,23752700
7715,328,339,557830,6813,8435357,25575300
7716,336,361,557494,6788,8435718,23936300
7717,331,345,557163,6774,8436063,24466800
7718,341,355,556822,6760,8436418,24591400
7719,349,364,556473,6745,8436782,25800300
7720,325,349,556148,6721,8437131,24185200
7721,343,345,555805,6719,8437476,24024000
7722,369,339,555436,6749,8437815,22912700
7723,306,339,555130,6716,8438154,22841800
7724,295,313,554835,6698,8438467,22777900
7725,334,338,554501,6694,8438805,22915000
7726,294,342,554207,6646,8439147,22770000
7727,327,317,553880,6656,8439464,22814200
7728,335,309,553545,6682,8439773,23289300
7729,325,316,553220,6691,8440089,23324900
7730,301,357,552919,6635,8440446,23332000
7731,317,304,552602,6648,8440750,23615600
7732,342,311,552260,6679,8441061,23314900
7733,320,341,551940,6658,8441402,23412800
7734,331,308,551609,6681,8441710,23365000
7735,332,352,551277,6661,8442062,24138500
7736,320,311,550957,6670,8442373,26238800
7737,314,349,550643,6635,8442722,24370700
7738,311,344,550332,6602,8443066,23103200
7739,350,333,549982,6619,8443399,23426500
7740,314,327,549668,6606,8443726,23453200
7741,336,324,549332,6618,8444050,23410100
7742,315,370,549017,6563,8444420,23770500
7743,347,318,548670,6592,8444738,23189800
7744,318,318,548352,6592,8445056,23551300
7745,336,326,548016,6602,8445382,23409900
7746,308,348,547708,6562,8445730,23438000
7747,338,305,547370,6595,8446035,23684600
7748,346,320,547024,6621,8446355,23193800
7749,315,330,546709,6606,8446685,23396600
7750,327,333,546382,6600,8447018,23614600
7751,336,337,546046,6599,8447355,23762100
7752,340,315,545706,6624,8447670,23713800
7753,313,339,545393,6598,8448009,24285300
7754,329,339,545064,6588,8448348,23411000
7755,318,329,544746,6577,8448677,24198200
7756,312,305,544434,6584,8448982,23887100
7757,309,332,544125,6561,8449314,23112200
7758,317,336,543808,6542,8449650,23133000
7759,317,352,543491,6507,8450002,23473200
7760,312,314,543179,6505,8450316,22772600
7761,313,323,542866,6495,8450639,23330800
7762,329,318,542537,6506,8450957,22957200
7763,327,312,542210,6521,8451269,23433100
7764,342,306,541868,6557,8451575,23261900
7765,339,361,541529,6535,8451936,24517800
7766,294,308,541235,6521,8452244,25506300
7767,334,335,540901,6520,8452579,24092100
7768,330,344,540571,6506,8452923,24128600
7769,316,306,540255,6516,8453229,25203600
7770,304,322,539951,6498,8453551,25431100
7771,341,344,539610,6495,8453895,24123600
7772,326,269,539284,6552,8454164,23702400
7773,321,350,538963,6523,8454514,23369800
7774,315,324,538648,6514,8454838,23525900
7775,323,331,538325,6506,8455169,23160100
7776,334,342,537991,6498,8455511,23588700
7777,311,331,537680,6478,8455842,23593800
7778,347,323,537333,6502,8456165,23436100
7779,326,313,537007,6515,8456478,23192300
7780,342,304,536665,6553,8456782,23049000
7781,305,350,536360,6508,8457132,22811500
7782,304,346,536056,6466,8457478,22917000
7783,325,361,535731,6430,8457839,22844300
7784,325,323,535406,6432,8458162,23566300
7785,312,290,535094,6454,8458452,23106900
7786,338,350,534756,6442,8458802,23703700
7787,308,343,534448,6407,8459145,22824200
7788,331,302,534117,6436,8459447,22855800
7789,323,307,533794,6452,8459754,23097300
7790,335,308,533459,6479,8460062,23395700
7791,319,294,533140,6504,8460356,22798300
7792,300,325,532840,6479,8460681,23517300
7793,312,324,532528,6467,8461005,23864800
7794,366,342,532162,6491,8461347,22822500
7795,325,305,531837,6511,8461652,23210200
7796,335,314,531502,6532,8461966,23751300
7797,324,301,531178,6555,8462267,23018500
7798,338,315,530840,6578,8462582,23337700
7799,332,321,530508,6589,8462903,23567700
7800,356,323,530152,6622,8463226,22878100
7801,353,325,529799,6650,8463551,23448000
7802,348,329,529451,6669,8463880,23145200
7803,374,344,529077,6699,8464224,23275000
7804,366,349,528711,6716,8464573,23213900
7805,321,338,528390,6699,8464911,22944800
7806,323,330,528067,6692,8465241,23282900
7807,342,318,527725,6716,8465559,22849900
7808,329,324,527396,6721,8465883,23023100
7809,351,368,527045,6704,8466251,22787300
7810,346,342,526699,6708,8466593,22831000
7811,333,337,526366,6704,8466930,22895800
7812,302,335,526064,6671,8467265,22811400
7813,312,333,525752,6650,8467598,23468200
7814,332,349,525420,6633,8467947,23571400
7815,327,353,525093,6607,8468300,22767500
7816,301,324,524792,6584,8468624,23345000
7817,314,343,524478,6555,8468967,23778000
7818,369,307,524109,6617,8469274,23673100
7819,327,343,523782,6601,8469617,23937400
7820,328,339,523454,6590,8469956,27578500
7821,323,307,523131,6606,8470263,24079900
7822,348,348,522783,6606,8470611,23774600
7823,323,325,522460,6604,8470936,24035700
7824,327,306,522133,6625,8471242,23335500
7825,352,304,521781,6673,8471546,23429400
7826,350,319,521431,6704,8471865,23540000
7827,346,338,521085,6712,8472203,23098300
7828,341,342,520744,6711,8472545,23081800
7829,313,363,520431,6661,8472908,23176900
7830,309,334,520122,6636,8473242,23384300
7831,313,331,519809,6618,8473573,22847100
7832,331,315,519478,6634,8473888,22861900
7833,305,323,519173,6616,8474211,22826600
7834,307,326,518866,6597,8474537,23011900
7835,321,326,518545,6592,8474863,22770800
7836,306,372,518239,6526,8475235,23319100
7837,326,343,517913,6509,8475578,23903700
7838,332,304,517581,6537,8475882,23819100
7839,316,314,517265,6539,8476196,23739100
7840,323,307,516942,6555,8476503,22945600
7841,302,343,516640,6514,8476846,23051900
7842,309,341,516331,6482,8477187,23473600
7843,314,308,516017,6488,8477495,23281100
7844,324,339,515693,6473,8477834,23197700
7845,307,320,515386,6460,8478154,23286600
7846,313,301,515073,6472,8478455,22967400
7847,305,310,514768,6467,8478765,23166000
7848,305,340,514463,6432,8479105,23378500
7849,299,331,514164,6400,8479436,23747600
7850,320,300,513844,6420,8479736,24375700
7851,301,305,513543,6416,8480041,23168800
7852,301,307,513242,6410,8480348,22703100
7853,267,309,512975,6368,8480657,23340800
7854,304,337,512671,6335,8480994,22855400
7855,312,319,512359,6328,8481313,23888700
7856,308,305,512051,6331,8481618,23285600
7857,307,320,511744,6318,8481938,23100900
7858,307,337,511437,6288,8482275,23020800
7859,313,291,511124,6310,8482566,23458200
7860,308,332,510816,6286,8482898,22848200
7861,289,307,510527,6268,8483205,23395600
7862,289,327,510238,6230,8483532,23166000
7863,315,303,509923,6242,8483835,23477100
7864,294,301,509629,6235,8484136,25737900
7865,268,326,509361,6177,8484462,23685200
7866,298,300,509063,6175,8484762,22880900
7867,279,299,508784,6155,8485061,23832400
7868,278,305,508506,6128,8485366,23817200
7869,299,297,508207,6130,8485663,23932500
7870,292,316,507915,6106,8485979,23886800
7871,285,305,507630,6086,8486284,23781800
7872,288,348,507342,6026,8486632,23639300
7873,297,260,507045,6063,8486892,24209400
7874,293,303,506752,6053,8487195,24014100
7875,265,317,506487,6001,8487512,22926200
7876,295,290,506192,6006,8487802,22838500
7877,296,314,505896,5988,8488116,22807200
7878,270,323,505626,5935,8488439,22706300
7879,292,298,505334,5929,8488737,23326700
7880,279,278,505055,5930,8489015,23016900
7881,278,293,504777,5915,8489308,23649500
7882,277,292,504500,5900,8489600,24115400
7883,314,303,504186,5911,8489903,22968700
7884,297,309,503889,5899,8490212,23309200
7885,279,276,503610,5902,8490488,23007200
7886,321,312,503289,5911,8490800,23169900
7887,265,289,503024,5887,8491089,22866200
7888,283,296,502741,5874,8491385,23330900
7889,293,314,502448,5853,8491699,23199200
7890,265,290,502183,5828,8491989,23063300
7891,285,306,501898,5807,8492295,22832800
7892,309,291,501589,5825,8492586,23311700
7893,310,270,501279,5865,8492856,23940800
7894,299,265,500980,5899,8493121,23256400
7895,289,322,500691,5866,8493443,23369500
7896,302,293,500389,5875,8493736,22837200
7897,310,289,500079,5896,8494025,22675700
7898,290,328,499789,5858,8494353,23133400
7899,271,289,499518,5840,8494642,22979000
7900,290,270,499228,5860,8494912,23069700
7901,284,300,498944,5844,8495212,22747800
7902,283,277,498661,5850,8495489,23436600
7903,275,338,498386,5787,8495827,24037700
7904,278,259,498108,5806,8496086,22938400
7905,304,269,497804,5841,8496355,23241400
7906,281,294,497523,5828,8496649,24020900
7907,282,280,497241,5830,8496929,23785300
7908,278,287,496963,5821,8497216,23393700
7909,268,298,496695,5791,8497514,22761300
7910,296,286,496399,5801,8497800,23332800
7911,258,261,496141,5798,8498061,23066700
7912,301,291,495840,5808,8498352,23362600
7913,300,284,495540,5824,8498636,22880600
7914,300,263,495240,5861,8498899,22810500
7915,298,284,494942,5875,8499183,22779900
7916,279,299,494663,5855,8499482,22936400
7917,280,270,494383,5865,8499752,23238000
7918,273,306,494110,5832,8500058,23404800
7919,293,280,493817,5845,8500338,24222900
7920,337,267,493480,5915,8500605,25745800
7921,310,311,493170,5914,8500916,24069100
7922,319,314,492851,5919,8501230,23767500
7923,294,270,492557,5943,8501500,23725300
7924,301,295,492256,5949,8501795,24625000
7925,323,303,491933,5969,8502098,23873300
7926,285,270,491648,5984,8502368,23949200
7927,311,301,491337,5994,8502669,23349800
7928,269,306,491068,5957,8502975,23727500
7929,305,316,490763,5946,8503291,22976300
7930,263,282,490500,5927,8503573,23878000
7931,266,284,490234,5909,8503857,23386300
7932,267,267,489967,5909,8504124,22795500
7933,249,291,489718,5867,8504415,22803700
7934,262,311,489456,5818,8504726,22780300
7935,295,296,489161,5817,8505022,22815300
7936,285,280,488876,5822,8505302,22975200
7937,306,292,488570,5836,8505594,23230900
7938,311,286,488259,5861,8505880,23263900
7939,287,289,487972,5859,8506169,22727500
7940,320,292,487652,5887,8506461,22745600
7941,316,267,487336,5936,8506728,22758900
7942,293,321,487043,5908,8507049,22814300
7943,293,309,486750,5892,8507358,23193400
7944,304,267,486446,5929,8507625,23976700
7945,279,297,486167,5911,8507922,23592900
7946,274,298,485893,5887,8508220,24104200
7947,312,260,485581,5939,8508480,23669300
7948,277,323,485304,5893,8508803,24114200
7949,313,302,484991,5904,8509105,26282000
7950,282,282,484709,5904,8509387,23914400
7951,286,264,484423,5926,8509651,22755900
7952,285,293,484138,5918,8509944,22876400
7953,275,311,483863,5882,8510255,22803800
7954,302,305,483561,5879,8510560,23349400
7955,315,271,483246,5923,8510831,23058700
7956,288,290,482958,5921,8511121,23260700
7957,273,304,482685,5890,8511425,23264700
7958,291,269,482394,5912,8511694,23362400
7959,268,270,482126,5910,8511964,22909500
7960,323,301,481803,5932,8512265,23057900
7961,303,309,481500,5926,8512574,23293500
7962,267,284,481233,5909,8512858,22868200
7963,267,285,480966,5891,8513143,22799000
7964,301,296,480665,5896,8513439,22969700
7965,309,268,480356,5937,8513707,22781200
7966,273,265,480083,5945,8513972,22784600
7967,272,297,479811,5920,8514269,24097000
7968,274,286,479537,5908,8514555,23355100
7969,278,322,479259,5864,8514877,23516000
7970,280,288,478979,5856,8515165,24879300
7971,292,283,478687,5865,8515448,23851600
7972,273,305,478414,5833,8515753,23796500
7973,253,272,478161,5814,8516025,24389900
7974,289,306,477872,5797,8516331,23703300
7975,263,290,477609,5770,8516621,23705800
7976,252,297,477357,5725,8516918,24153100
7977,251,300,477106,5676,8517218,23852300
7978,264,264,476842,5676,8517482,23355100
7979,273,289,476569,5660,8517771,23335100
7980,275,324,476294,5611,8518095,22919200
7981,244,277,476050,5578,8518372,22997300
7982,258,262,475792,5574,8518634,23537300
7983,300,262,475492,5612,8518896,23171700
7984,285,271,475207,5626,8519167,23542000
7985,287,265,474920,5648,8519432,23041200
7986,238,312,474682,5574,8519744,23617100
7987,262,272,474420,5564,8520016,22836500
7988,262,280,474158,5546,8520296,23272500
7989,252,282,473906,5516,8520578,23247400
7990,255,244,473651,5527,8520822,23654600
7991,264,305,473387,5486,8521127,23507100
7992,249,285,473138,5450,8521412,27274400
7993,288,270,472850,5468,8521682,22941000
7994,269,292,472581,5445,8521974,23151100
7995,284,292,472297,5437,8522266,22944100
7996,236,249,472061,5424,8522515,22950600
7997,271,265,471790,5430,8522780,23167600
7998,262,265,471528,5427,8523045,22810400
7999,278,286,471250,5419,8523331,22785100
8000,261,263,470989,5417,8523594,22794600
8001,293,252,470696,5458,8523846,23351500
8002,270,267,470426,5461,8524113,23055200
8003,265,254,470161,5472,8524367,23344200
8004,265,287,469896,5450,8524654,22828500
8005,248,280,469648,5418,8524934,23123300
8006,254,255,469394,5417,8525189,23273000
8007,298,266,469096,5449,8525455,22805400
8008,266,248,468830,5467,8525703,22694000
8009,282,249,468548,5500,8525952,22898500
8010,264,278,468284,5486,8526230,23882600
8011,261,249,468023,5498,8526479,23180400
8012,260,301,467763,5457,8526780,23072400
8013,241,277,467522,5421,8527057,22938500
8014,275,270,467247,5426,8527327,22668600
8015,265,263,466982,5428,8527590,23137500
8016,290,240,466692,5478,8527830,22908400
8017,253,287,466439,5444,8528117,23831500
8018,265,277,466174,5432,8528394,23150600
8019,250,275,465924,5407,8528669,23157800
8020,252,279,465672,5380,8528948,23141800
8021,262,277,465410,5365,8529225,23861100
8022,259,270,465151,5354,8529495,23964600
8023,251,279,464900,5326,8529774,23981700
8024,265,271,464635,5320,8530045,23760900
8025,270,262,464365,5328,8530307,25861500
8026,297,290,464068,5335,8530597,23586600
8027,264,244,463804,5355,8530841,24029400
8028,262,269,463542,5348,8531110,25448900
8029,272,256,463270,5364,8531366,22980900
8030,260,263,463010,5361,8531629,22938200
8031,271,250,462739,5382,8531879,22768500
8032,248,288,462491,5342,8532167,23567900
8033,260,268,462231,5334,8532435,23289900
8034,251,273,461980,5312,8532708,23672100
8035,260,267,461720,5305,8532975,23444700
8036,229,264,461491,5270,8533239,23240400
8037,254,275,461237,5249,8533514,23442800
8038,268,268,460969,5249,8533782,23143600
8039,265,259,460704,5255,8534041,23008400
8040,247,279,460457,5223,8534320,23225400
8041,293,244,460164,5272,8534564,23193000
8042,278,247,459886,5303,8534811,23115400
8043,267,268,459619,5302,8535079,23208200
8044,267,249,459352,5320,8535328,22784200
8045,266,241,459086,5345,8535569,23309700
8046,294,304,458792,5335,8535873,23289100
8047,262,246,458530,5351,8536119,23588000
8048,218,248,458312,5321,8536367,22709100
8049,239,271,458073,5289,8536638,22935900
8050,244,267,457829,5266,8536905,23250300
8051,250,264,457579,5252,8537169,22947100
8052,258,273,457321,5237,8537442,22940700
8053,256,281,457065,5212,8537723,24154300
8054,248,282,456817,5178,8538005,23345500
8055,237,249,456580,5166,8538254,22857900
8056,249,257,456331,5158,8538511,23196600
8057,242,248,456089,5152,8538759,23081500
8058,239,248,455850,5143,8539007,22780200
8059,249,264,455601,5128,8539271,22993300
8060,262,247,455339,5143,8539518,22891500
8061,254,244,455085,5153,8539762,23413900
8062,263,235,454822,5181,8539997,22691700
8063,253,245,454569,5189,8540242,22811600
8064,245,265,454324,5169,8540507,22971800
8065,235,290,454089,5114,8540797,22712700
8066,257,252,453832,5119,8541049,22779500
8067,266,245,453566,5140,8541294,23342000
8068,262,257,453304,5145,8541551,22871600
8069,253,253,453051,5145,8541804,23111800
8070,268,246,452783,5167,8542050,23258200
8071,254,257,452529,5164,8542307,23313500
8072,243,244,452286,5163,8542551,23504800
8073,277,276,452009,5164,8542827,24563400
8074,247,266,451762,5145,8543093,25054400
8075,275,253,451487,5167,8543346,23664800
8076,268,275,451219,5160,8543621,24548700
8077,230,290,450989,5100,8543911,24759100
8078,236,256,450753,5080,8544167,26872900
8079,235,243,450518,5072,8544410,23638500
8080,262,254,450256,5080,8544664,24503500
8081,250,246,450006,5084,8544910,23635400
8082,245,261,449761,5068,8545171,22739900
8083,237,221,449524,5084,8545392,23080700
8084,216,246,449308,5054,8545638,22839700
8085,247,233,449061,5068,8545871,23026600
8086,248,257,448813,5059,8546128,22815900
8087,271,227,448542,5103,8546355,23142100
8088,225,247,448317,5081,8546602,22681600
8089,242,252,448075,5071,8546854,22819700
8090,260,308,447815,5023,8547162,22606300
8091,228,241,447587,5010,8547403,22954300
8092,222,245,447365,4987,8547648,23166400
8093,228,253,447137,4962,8547901,23266400
8094,231,243,446906,4950,8548144,22990400
8095,197,224,446709,4923,8548368,23481600
8096,244,218,446465,4949,8548586,24289300
8097,237,240,446228,4946,8548826,23098900
8098,223,245,446005,4924,8549071,22834400
8099,244,244,445761,4924,8549315,22612100
8100,253,242,445508,4935,8549557,23006600
8101,227,272,445281,4890,8549829,22789200
8102,243,249,445038,4884,8550078,22913300
8103,237,218,444801,4903,8550296,22647500
8104,241,244,444560,4900,8550540,23143500
8105,237,267,444323,4870,8550807,23273900
8106,259,241,444064,4888,8551048,23292200
8107,254,265,443810,4877,8551313,22875400
8108,226,250,443584,4853,8551563,22683700
8109,244,255,443340,4842,8551818,22713200
8110,243,228,443097,4857,8552046,22761800
8111,233,234,442864,4856,8552280,22632800
8112,233,237,442631,4852,8552517,23587800
8113,237,248,442394,4841,8552765,23515600
8114,222,230,442172,4833,8552995,23530400
8115,225,242,441947,4816,8553237,22768500
8116,207,242,441740,4781,8553479,22746900
8117,226,211,441514,4796,8553690,23496400
8118,213,258,441301,4751,8553948,22655800
8119,223,240,441078,4734,8554188,27260000
8120,217,238,440861,4713,8554426,23306600
8121,213,238,440648,4688,8554664,23862600
8122,251,246,440397,4693,8554910,23701200
8123,232,237,440165,4688,8555147,23043300
8124,239,242,439926,4685,8555389,23729000
8125,240,251,439686,4674,8555640,24139600
8126,240,239,439446,4675,8555879,24463600
8127,226,266,439220,4635,8556145,23601300
8128,230,204,438990,4661,8556349,25001200
8129,235,246,438755,4650,8556595,23842200
8130,229,231,438526,4648,8556826,24264000
8131,227,244,438299,4631,8557070,24894800
8132,219,240,438080,4610,8557310,23502400
8133,228,237,437852,4601,8557547,22754600
8134,239,223,437613,4617,8557770,23291800
8135,210,227,437403,4600,8557997,23341700
8136,219,225,437184,4594,8558222,23168700
8137,235,235,436949,4594,8558457,22737500
8138,231,235,436718,4590,8558692,23059700
8139,229,203,436489,4616,8558895,24087800
8140,234,235,436255,4615,8559130,22818900
8141,222,231,436033,4606,8559361,23106200
8142,229,251,435804,4584,8559612,23346900
8143,227,230,435577,4581,8559842,22889200
8144,241,242,435336,4580,8560084,24066900
8145,242,227,435094,4595,8560311,23518600
8146,224,218,434870,4601,8560529,22622000
8147,224,225,434646,4600,8560754,22785300
8148,209,252,434437,4557,8561006,22985800
8149,241,223,434196,4575,8561229,23332200
8150,209,235,433987,4549,8561464,23144000
8151,231,223,433756,4557,8561687,22965700
8152,219,242,433537,4534,8561929,23100400
8153,237,217,433300,4554,8562146,22821900
8154,224,196,433076,4582,8562342,22589100
8155,202,216,432874,4568,8562558,23676300
8156,201,270,432673,4499,8562828,22610500
8157,213,205,432460,4507,8563033,22940600
8158,221,246,432239,4482,8563279,23073500
8159,237,227,432002,4492,8563506,23090400
8160,224,215,431778,4501,8563721,22996100
8161,198,205,431580,4494,8563926,23609100
8162,226,216,431354,4504,8564142,23579500
8163,215,188,431139,4531,8564330,23416700
8164,229,210,430910,4550,8564540,24113000
8165,225,256,430685,4519,8564796,23726800
8166,229,211,430456,4537,8565007,23088600
8167,215,228,430241,4524,8565235,22899500
8168,231,211,430010,4544,8565446,22933000
8169,218,243,429792,4519,8565689,23024800
8170,206,237,429586,4488,8565926,23250600
8171,226,259,429360,4455,8566185,22708300
8172,212,253,429148,4414,8566438,22719300
8173,198,210,428950,4402,8566648,23434600
8174,220,211,428730,4411,8566859,23044400
8175,216,243,428514,4384,8567102,22842300
8176,216,215,428298,4385,8567317,23518800
8177,228,233,428070,4380,8567550,24168100
8178,226,204,427844,4402,8567754,24478200
8179,205,237,427639,4370,8567991,23686600
8180,221,236,427418,4355,8568227,23797000
8181,228,189,427190,4394,8568416,24576500
8182,243,206,426947,4431,8568622,24889700
8183,223,248,426724,4406,8568870,23904500
8184,230,210,426494,4426,8569080,22650400
8185,226,238,426268,4414,8569318,22884900
8186,210,213,426058,4411,8569531,22942800
8187,213,229,425845,4395,8569760,23316500
8188,219,221,425626,4393,8569981,22977500
8189,253,203,425373,4443,8570184,23411900
8190,236,213,425137,4466,8570397,22937300
8191,224,211,424913,4479,8570608,22679300
8192,221,218,424692,4482,8570826,23131300
8193,229,230,424463,4481,8571056,22660500
8194,258,253,424205,4486,8571309,22924000
8195,224,239,423981,4471,8571548,23013600
8196,252,238,423729,4485,8571786,22822500
8197,202,210,423527,4477,8571996,23155700
8198,208,236,423319,4449,8572232,22864400
8199,220,241,423099,4428,8572473,23044900
8200,223,220,422876,4431,8572693,22630400
8201,237,215,422639,4453,8572908,23079100
8202,231,241,422408,4443,8573149,22835500
8203,247,198,422161,4492,8573347,23111400
8204,206,242,421955,4456,8573589,22887200
8205,222,214,421733,4464,8573803,24054500
8206,225,217,421508,4472,8574020,23876500
8207,215,222,421293,4465,8574242,23865600
8208,206,232,421087,4439,8574474,22961100
8209,229,215,420858,4453,8574689,22684000
8210,231,222,420627,4462,8574911,23361000
8211,241,234,420386,4469,8575145,22801400
8212,244,227,420142,4486,8575372,23487500
8213,197,230,419945,4453,8575602,22923800
8214,213,210,419732,4456,8575812,22815600
8215,223,228,419509,4451,8576040,22912300
8216,244,210,419265,4485,8576250,22631600
8217,233,244,419032,4474,8576494,22557900
8218,205,227,418827,4452,8576721,23389300
8219,236,212,418591,4476,8576933,22725800
8220,226,249,418365,4453,8577182,22983000
8221,219,245,418146,4427,8577427,22988100
8222,211,235,417935,4403,8577662,23516000
8223,223,214,417712,4412,8577876,23320300
8224,214,261,417498,4365,8578137,23664300
8225,215,212,417283,4368,8578349,22798600
8226,223,218,417060,4373,8578567,24063800
8227,227,217,416833,4383,8578784,23169900
8228,224,207,416609,4400,8578991,23729100
8229,224,212,416385,4412,8579203,24505400
8230,205,204,416180,4413,8579407,24030400
8231,218,211,415962,4420,8579618,23425800
8232,178,212,415784,4386,8579830,23550300
8233,225,206,415559,4405,8580036,23575200
8234,214,223,415345,4396,8580259,23475600
8235,174,213,415171,4357,8580472,23351400
8236,225,236,414946,4346,8580708,23300500
8237,210,206,414736,4350,8580914,22605000
8238,210,214,414526,4346,8581128,22697400
8239,221,239,414305,4328,8581367,22530100
8240,175,205,414130,4298,8581572,22555700
8241,191,210,413939,4279,8581782,22763700
8242,182,222,413757,4239,8582004,22581500
8243,205,222,413552,4222,8582226,22979400
8244,213,237,413339,4198,8582463,22741700
8245,184,190,413155,4192,8582653,23869600
8246,202,211,412953,4183,8582864,22925700
8247,225,210,412728,4198,8583074,24331600
8248,222,213,412506,4207,8583287,26275300
8249,199,216,412307,4190,8583503,29570100
8250,218,224,412089,4184,8583727,23096500
8251,219,209,411870,4194,8583936,22806500
8252,211,230,411659,4175,8584166,22670100
8253,194,175,411465,4194,8584341,22633900
8254,229,220,411236,4203,8584561,22760100
8255,210,194,411026,4219,8584755,22789600
8256,209,230,410817,4198,8584985,23020800
8257,256,215,410561,4239,8585200,23026400
8258,179,240,410382,4178,8585440,22791800
8259,205,204,410177,4179,8585644,22777200
8260,210,192,409967,4197,8585836,22588100
8261,213,226,409754,4184,8586062,22791500
8262,223,226,409531,4181,8586288,22985800
8263,197,221,409334,4157,8586509,23591700
8264,204,210,409130,4151,8586719,23072300
8265,218,192,408912,4177,8586911,22769800
8266,211,239,408701,4149,8587150,22853000
8267,214,194,408487,4169,8587344,22983800
8268,237,205,408250,4201,8587549,23063400
8269,183,207,408067,4177,8587756,24180000
8270,224,226,407843,4175,8587982,22815800
8271,184,208,407659,4151,8588190,22588500
8272,220,222,407439,4149,8588412,22874100
8273,199,212,407240,4136,8588624,22836000
8274,188,215,407052,4109,8588839,22958000
8275,218,217,406834,4110,8589056,23135000
8276,206,199,406628,4117,8589255,23203200
8277,175,226,406453,4066,8589481,22842600
8278,214,209,406239,4071,8589690,23960600
8279,216,197,406023,4090,8589887,23527900
8280,234,197,405789,4127,8590084,23955200
8281,236,224,405553,4139,8590308,25678600
8282,212,189,405341,4162,8590497,24038100
8283,223,223,405118,4162,8590720,23492000
8284,218,199,404900,4181,8590919,26332600
8285,202,222,404698,4161,8591141,24830200
8286,210,181,404488,4190,8591322,24392100
8287,256,203,404232,4243,8591525,24871700
8288,205,241,404027,4207,8591766,22892400
8289,201,182,403826,4226,8591948,24210900
8290,237,214,403589,4249,8592162,24259600
8291,204,219,403385,4234,8592381,24583400
8292,222,211,403163,4245,8592592,24039600
8293,209,218,402954,4236,8592810,22833800
8294,190,234,402764,4192,8593044,22597300
8295,229,196,402535,4225,8593240,23402100
8296,223,219,402312,4229,8593459,22649700
8297,218,217,402094,4230,8593676,23239800
8298,230,216,401864,4244,8593892,23784100
8299,209,210,401655,4243,8594102,22738500
8300,219,190,401436,4272,8594292,22922200
8301,201,213,401235,4260,8594505,23290900
8302,212,204,401023,4268,8594709,23028400
8303,209,215,400814,4262,8594924,23145900
8304,235,191,400579,4306,8595115,22727600
8305,210,216,400369,4300,8595331,22612600
8306,216,206,400153,4310,8595537,23057900
8307,220,202,399933,4328,8595739,23092500
8308,224,239,399709,4313,8595978,22627400
8309,183,186,399526,4310,8596164,22616100
8310,203,208,399323,4305,8596372,22691000
8311,210,211,399113,4304,8596583,24723600
8312,203,222,398910,4285,8596805,25696200
8313,198,225,398712,4258,8597030,22585500
8314,182,208,398530,4232,8597238,23019200
8315,227,211,398303,4248,8597449,22641600
8316,214,221,398089,4241,8597670,22975300
8317,185,215,397904,4211,8597885,23226900
8318,209,205,397695,4215,8598090,23126500
8319,178,209,397517,4184,8598299,22728200
8320,194,210,397323,4168,8598509,23083100
8321,205,212,397118,4161,8598721,22669100
8322,182,211,396936,4132,8598932,22661000
8323,177,217,396759,4092,8599149,22679700
8324,194,196,396565,4090,8599345,22992400
8325,188,223,396377,4055,8599568,23233000
8326,173,208,396204,4020,8599776,22824600
8327,175,180,396029,4015,8599956,23376700
8328,182,197,395847,4000,8600153,22713600
8329,187,199,395660,3988,8600352,23285100
8330,203,194,395457,3997,8600546,23059900
8331,190,181,395267,4006,8600727,23523000
8332,176,214,395091,3968,8600941,23589200
8333,188,185,394903,3971,8601126,25119900
8334,203,209,394700,3965,8601335,23979100
8335,197,188,394503,3974,8601523,25350700
8336,190,228,394313,3936,8601751,23848300
8337,182,188,394131,3930,8601939,24314400
8338,205,195,393926,3940,8602134,23663200
8339,196,195,393730,3941,8602329,23144800
8340,203,172,393527,3972,8602501,23009200
8341,175,202,393352,3945,8602703,23327600
8342,203,201,393149,3947,8602904,22606200
8343,190,199,392959,3938,8603103,22838800
8344,175,175,392784,3938,8603278,22806700
8345,167,197,392617,3908,8603475,22602100
8346,198,184,392419,3922,8603659,23108000
8347,179,169,392240,3932,8603828,23131200
8348,184,190,392056,3926,8604018,23029100
8349,198,191,391858,3933,8604209,22941500
8350,205,173,391653,3965,8604382,23247600
8351,197,205,391456,3957,8604587,23337400
8352,203,202,391253,3958,8604789,22625400
8353,228,201,391025,3985,8604990,22990300
8354,176,196,390849,3965,8605186,22613800
8355,216,188,390633,3993,8605374,23388000
8356,216,193,390417,4016,8605567,23328800
8357,194,173,390223,4037,8605740,23276500
8358,227,180,389996,4084,8605920,22677300
8359,191,210,389805,4065,8606130,23308400
8360,218,189,389587,4094,8606319,22556000
8361,215,201,389372,4108,8606520,22822100
8362,208,203,389164,4113,8606723,22587700
8363,191,211,388973,4093,8606934,22604200
8364,184,216,388789,4061,8607150,23397700
8365,188,218,388601,4031,8607368,22658700
8366,193,205,388408,4019,8607573,22616700
8367,217,205,388191,4031,8607778,22737600
8368,210,182,387981,4059,8607960,23127100
8369,185,213,387796,4031,8608173,23490300
8370,189,183,387607,4037,8608356,22716900
8371,193,205,387414,4025,8608561,22878200
8372,187,185,387227,4027,8608746,23385500
8373,209,205,387018,4031,8608951,23808500
8374,204,206,386814,4029,8609157,22716400
8375,201,192,386613,4038,8609349,22605100
8376,221,198,386392,4061,8609547,27219600
8377,188,207,386204,4042,8609754,25615600
8378,182,209,386022,4015,8609963,23963000
8379,196,204,385826,4007,8610167,23145900
8380,215,216,385611,4006,8610383,22810000
8381,186,198,385425,3994,8610581,22789500
8382,194,185,385231,4003,8610766,22862900
8383,220,205,385011,4018,8610971,23857900
8384,184,207,384827,3995,8611178,23591600
8385,188,222,384639,3961,8611400,23503500
8386,177,176,384462,3962,8611576,23414900
8387,212,214,384250,3960,8611790,24417900
8388,202,212,384048,3950,8612002,23990500
8389,177,198,383871,3929,8612200,24610400
8390,182,182,383689,3929,8612382,23728200
8391,179,193,383510,3915,8612575,23123900
8392,204,209,383306,3910,8612784,22841000
8393,200,204,383106,3906,8612988,22905300
8394,200,206,382906,3900,8613194,23212400
8395,196,171,382710,3925,8613365,23295200
8396,217,188,382493,3954,8613553,22645200
8397,180,180,382313,3954,8613733,23213500
8398,193,206,382120,3941,8613939,23174500
8399,190,208,381930,3923,8614147,23621600
8400,205,191,381725,3937,8614338,22918300
8401,208,221,381517,3924,8614559,22746200
8402,175,191,381342,3908,8614750,23079900
8403,171,204,381171,3875,8614954,22892200
8404,175,178,380996,3872,8615132,23071600
8405,162,207,380834,3827,8615339,22527500
8406,186,202,380648,3811,8615541,22550800
8407,175,196,380473,3790,8615737,23242900
8408,176,194,380297,3772,8615931,23171300
8409,174,153,380123,3793,8616084,22904000
8410,184,195,379939,3782,8616279,23299100
8411,185,180,379754,3787,8616459,22481200
8412,179,193,379575,3773,8616652,23089000
8413,177,164,379398,3786,8616816,22824100
8414,184,212,379214,3758,8617028,22881300
8415,211,192,379003,3777,8617220,22972600
8416,203,219,378800,3761,8617439,22635000
8417,177,204,378623,3734,8617643,22911100
8418,197,208,378426,3723,8617851,23079100
8419,172,165,378254,3730,8618016,26176400
8420,208,186,378046,3752,8618202,23873500
8421,161,197,377885,3716,8618399,25496200
8422,179,184,377706,3711,8618583,22940300
8423,178,170,377528,3719,8618753,22758700
8424,157,174,377371,3702,8618927,23024900
8425,183,186,377188,3699,8619113,22903400
8426,175,187,377013,3687,8619300,22943900
8427,167,203,376846,3651,8619503,23221300
8428,179,155,376667,3675,8619658,22816000
8429,192,212,376475,3655,8619870,23345800
8430,146,189,376329,3612,8620059,23294500
8431,175,174,376154,3613,8620233,22754800
8432,183,176,375971,3620,8620409,22557100
8433,169,220,375802,3569,8620629,22678400
8434,178,165,375624,3582,8620794,22923700
8435,167,183,375457,3566,8620977,23450300
8436,176,191,375281,3551,8621168,23391700
8437,166,178,375115,3539,8621346,23602300
8438,176,164,374939,3551,8621510,23594700
8439,179,171,374760,3559,8621681,23469200
8440,174,176,374586,3557,8621857,24613600
8441,170,181,374416,3546,8622038,23527700
8442,156,182,374260,3520,8622220,25676200
8443,165,186,374095,3499,8622406,23220300
8444,172,202,373923,3469,8622608,22707700
8445,170,163,373753,3476,8622771,22429900
8446,152,181,373601,3447,8622952,22457800
8447,164,180,373437,3431,8623132,23076400
8448,174,187,373263,3418,8623319,22961600
8449,176,183,373087,3411,8623502,23186400
8450,158,148,372929,3421,8623650,23025600
8451,196,145,372733,3472,8623795,22961900
8452,180,184,372553,3468,8623979,22520000
8453,176,157,372377,3487,8624136,23090600
8454,197,183,372180,3501,8624319,23190600
8455,171,175,372009,3497,8624494,22736400
8456,180,177,371829,3500,8624671,23888100
8457,159,175,371670,3484,8624846,22479700
8458,192,170,371478,3506,8625016,22856500
8459,179,172,371299,3513,8625188,22623600
8460,176,190,371123,3499,8625378,22921100
8461,158,186,370965,3471,8625564,22678300
8462,154,190,370811,3435,8625754,23204600
8463,155,157,370656,3433,8625911,23101900
8464,168,180,370488,3421,8626091,24894500
8465,186,158,370302,3449,8626249,22821400
8466,173,175,370129,3447,8626424,22918900
8467,190,164,369939,3473,8626588,22659200
8468,161,185,369778,3449,8626773,23068000
8469,179,182,369599,3446,8626955,22495300
8470,154,167,369445,3433,8627122,22720700
8471,163,185,369282,3411,8627307,22538600
8472,172,164,369110,3419,8627471,22483700
8473,160,174,368950,3405,8627645,23226600
8474,151,176,368799,3380,8627821,22922900
8475,166,166,368633,3380,8627987,23212900
8476,163,163,368470,3380,8628150,22941800
8477,161,174,368309,3367,8628324,23463600
8478,166,187,368143,3346,8628511,22995400
8479,169,175,367974,3340,8628686,23340700
8480,174,154,367800,3360,8628840,22563600
8481,178,167,367622,3371,8629007,22944900
8482,177,171,367445,3377,8629178,22966900
8483,174,177,367271,3374,8629355,22523500
8484,190,161,367081,3403,8629516,22608300
8485,180,176,366901,3407,8629692,22710800
8486,169,162,366732,3414,8629854,24231100
8487,179,174,366553,3419,8630028,23664600
8488,163,152,366390,3430,8630180,24380600
8489,194,180,366196,3444,8630360,24642900
8490,162,167,366034,3439,8630527,23555000
8491,158,173,365876,3424,8630700,24228000
8492,149,178,365727,3395,8630878,23353400
8493,162,172,365565,3385,8631050,23835800
8494,167,171,365398,3381,8631221,23271700
8495,173,190,365225,3364,8631411,23043500
8496,173,162,365052,3375,8631573,22981700
8497,163,139,364889,3399,8631712,22942800
8498,181,152,364708,3428,8631864,22488700
8499,162,178,364546,3412,8632042,22697900
8500,167,173,364379,3406,8632215,22467500
8501,182,190,364197,3398,8632405,22863900
8502,163,176,364034,3385,8632581,22760000
8503,151,161,363883,3375,8632742,23118500
8504,178,171,363705,3382,8632913,22709900
8505,168,165,363537,3385,8633078,25517200
8506,179,183,363358,3381,8633261,25454500
8507,171,156,363187,3396,8633417,24865600
8508,178,158,363009,3416,8633575,22598200
8509,168,181,362841,3403,8633756,24159200
8510,174,181,362667,3396,8633937,23327000
8511,181,152,362486,3425,8634089,24359900
8512,162,178,362324,3409,8634267,27601800
8513,182,165,362142,3426,8634432,30432700
8514,143,165,361999,3404,8634597,27931900
8515,164,183,361835,3385,8634780,25088900
8516,145,162,361690,3368,8634942,25826100
8517,179,183,361511,3364,8635125,26750700
8518,138,175,361373,3327,8635300,25976200
8519,153,147,361220,3333,8635447,24320600
8520,161,179,361059,3315,8635626,25344600
8521,156,169,360903,3302,8635795,25257500
8522,143,154,360760,3291,8635949,24155900
8523,142,165,360618,3268,8636114,27530900
8524,164,181,360454,3251,8636295,25061300
8525,151,168,360303,3234,8636463,26909700
8526,166,193,360137,3207,8636656,24293500
8527,150,166,359987,3191,8636822,27044700
8528,175,187,359812,3179,8637009,25363300
8529,169,148,359643,3200,8637157,23984000
8530,158,180,359485,3178,8637337,24445700
8531,151,152,359334,3177,8637489,24680900
8532,165,188,359169,3154,8637677,24610700
8533,174,165,358995,3163,8637842,26707100
8534,158,173,358837,3148,8638015,24158700
8535,160,153,358677,3155,8638168,24202800
8536,158,133,358519,3180,8638301,25299400
8537,182,138,358337,3224,8638439,24187500
8538,150,151,358187,3223,8638590,26147000
8539,166,153,358021,3236,8638743,25179600
8540,162,161,357859,3237,8638904,30160500
8541,148,136,357711,3249,8639040,27927800
8542,174,162,357537,3261,8639202,26531300
8543,166,155,357371,3272,8639357,24704800
8544,151,168,357220,3255,8639525,25296400
8545,147,163,357073,3239,8639688,24424400
8546,161,173,356912,3227,8639861,24929300
8547,163,172,356749,3218,8640033,29498500
8548,154,188,356595,3184,8640221,24376500
8549,162,162,356433,3184,8640383,24877700
8550,166,158,356267,3192,8640541,24001500
8551,163,134,356104,3221,8640675,24285900
8552,151,180,355953,3192,8640855,27713800
8553,179,171,355774,3200,8641026,33853600
8554,159,160,355615,3199,8641186,34018300
8555,148,153,355467,3194,8641339,31411800
8556,159,157,355308,3196,8641496,31848300
8557,149,168,355159,3177,8641664,34205800
8558,166,164,354993,3179,8641828,31031800
8559,181,167,354812,3193,8641995,30607000
8560,169,155,354643,3207,8642150,31147700
8561,146,176,354497,3177,8642326,33035200
8562,166,158,354331,3185,8642484,33277400
8563,147,156,354184,3176,8642640,30861600
8564,160,175,354024,3161,8642815,31885500
8565,161,178,353863,3144,8642993,27057500
8566,167,154,353696,3157,8643147,28732900
8567,166,165,353530,3158,8643312,29137600
8568,149,165,353381,3142,8643477,26103900
8569,150,169,353231,3123,8643646,27383900
8570,145,147,353086,3121,8643793,24839400
8571,160,162,352926,3119,8643955,26317300
8572,161,170,352765,3110,8644125,24849700
8573,167,152,352598,3125,8644277,25353900
8574,176,161,352422,3140,8644438,27790900
8575,172,166,352250,3146,8644604,29045600
8576,177,158,352073,3165,8644762,24872600
8577,168,172,351905,3161,8644934,24578800
8578,147,149,351758,3159,8645083,24481200
8579,188,143,351570,3204,8645226,27726200
8580,157,155,351413,3206,8645381,31822200
8581,162,147,351251,3221,8645528,31339600
8582,159,162,351092,3218,8645690,31879400
8583,174,170,350918,3222,8645860,28618800
8584,175,159,350743,3238,8646019,28039400
8585,170,186,350573,3222,8646205,29777300
8586,151,124,350422,3249,8646329,29333900
8587,155,156,350267,3248,8646485,27998700
8588,155,172,350112,3231,8646657,28110400
8589,171,168,349941,3234,8646825,26550300
8590,157,177,349784,3214,8647002,25888200
8591,149,163,349635,3200,8647165,26921400
8592,152,138,349483,3214,8647303,30288100
8593,165,150,349318,3229,8647453,28266200
8594,162,165,349156,3226,8647618,25572900
8595,162,176,348994,3212,8647794,30459900
8596,178,153,348816,3237,8647947,31470300
8597,167,177,348649,3227,8648124,31437000
8598,183,173,348466,3237,8648297,30667400
8599,151,181,348315,3207,8648478,35075500
8600,151,179,348164,3179,8648657,29965800
8601,171,142,347993,3208,8648799,29916200
8602,190,152,347803,3246,8648951,30546200
8603,185,173,347618,3258,8649124,28928300
8604,188,149,347430,3297,8649273,30075600
8605,175,177,347255,3295,8649450,27686600
8606,168,157,347087,3306,8649607,30130000
8607,149,155,346938,3300,8649762,29722900
8608,172,157,346766,3315,8649919,30312800
8609,165,191,346601,3289,8650110,30926300
8610,169,162,346432,3296,8650272,30633600
8611,169,156,346263,3309,8650428,28468200
8612,168,168,346095,3309,8650596,28973000
8613,168,159,345927,3318,8650755,30777200
8614,186,155,345741,3349,8650910,31724500
8615,174,168,345567,3355,8651078,31410800
8616,173,197,345394,3331,8651275,31760000
8617,171,168,345223,3334,8651443,26798600
8618,179,204,345044,3309,8651647,26201100
8619,153,174,344891,3288,8651821,27429600
8620,148,149,344743,3287,8651970,28334100
8621,162,179,344581,3270,8652149,24096800
8622,148,127,344433,3291,8652276,27488600
8623,150,161,344283,3280,8652437,26211900
8624,165,161,344118,3284,8652598,27554100
8625,169,147,343949,3306,8652745,27519800
8626,169,166,343780,3309,8652911,24230200
8627,173,202,343607,3280,8653113,24318400
8628,141,171,343466,3250,8653284,25296100
8629,137,150,343329,3237,8653434,24688100
8630,151,174,343178,3214,8653608,24573000
8631,162,160,343016,3216,8653768,25926200
8632,153,167,342863,3202,8653935,23186200
8633,168,155,342695,3215,8654090,23327900
8634,152,164,342543,3203,8654254,23043200
8635,136,173,342407,3166,8654427,23670700
8636,152,158,342255,3160,8654585,24338200
8637,167,162,342088,3165,8654747,23062100
8638,171,145,341917,3191,8654892,23380400
8639,148,166,341769,3173,8655058,23868600
8640,167,136,341602,3204,8655194,23406400
8641,140,196,341462,3148,8655390,25693400
8642,140,154,341322,3134,8655544,24602700
8643,159,154,341163,3139,8655698,22880300
8644,154,178,341009,3115,8655876,24189500
8645,133,154,340876,3094,8656030,23367500
8646,164,136,340712,3122,8656166,23162700
8647,129,175,340583,3076,8656341,23717700
8648,142,160,340441,3058,8656501,23098700
8649,140,165,340301,3033,8656666,23076100
8650,139,142,340162,3030,8656808,23067000
8651,148,159,340014,3019,8656967,22845100
8652,155,136,339859,3038,8657103,23026800
8653,153,153,339706,3038,8657256,23600400
8654,156,131,339550,3063,8657387,24647600
8655,141,145,339409,3059,8657532,26006300
8656,169,146,339240,3082,8657678,28038300
8657,162,140,339078,3104,8657818,23530300
8658,171,143,338907,3132,8657961,23684000
8659,167,156,338740,3143,8658117,23038600
8660,180,168,338560,3155,8658285,23053700
8661,185,159,338375,3181,8658444,23452400
8662,180,173,338195,3188,8658617,22797800
8663,163,157,338032,3194,8658774,23284400
8664,159,149,337873,3204,8658923,23681400
8665,154,136,337719,3222,8659059,23165900
8666,183,141,337536,3264,8659200,23151300
8667,181,153,337355,3292,8659353,22945700
8668,182,161,337173,3313,8659514,22558000
8669,174,178,336999,3309,8659692,23362900
8670,187,148,336812,3348,8659840,23398000
8671,187,161,336625,3374,8660001,23178800
8672,174,177,336451,3371,8660178,22699300
8673,191,164,336260,3398,8660342,23070000
8674,178,163,336082,3413,8660505,24439000
8675,181,163,335901,3431,8660668,23993900
8676,178,197,335723,3412,8660865,23877500
8677,181,170,335542,3423,8661035,24018300
8678,160,147,335382,3436,8661182,25486200
8679,177,166,335205,3447,8661348,25153500
8680,153,167,335052,3433,8661515,24022900
8681,166,173,334886,3426,8661688,23796000
8682,196,173,334690,3449,8661861,24568800
8683,158,153,334532,3454,8662014,23018600
8684,167,169,334365,3452,8662183,23678300
8685,153,170,334212,3435,8662353,22725700
8686,176,182,334036,3429,8662535,23817000
8687,179,180,333857,3428,8662715,23470100
8688,148,186,333709,3390,8662901,23393700
8689,126,165,333583,3351,8663066,22943200
8690,162,157,333421,3356,8663223,23080900
8691,169,180,333252,3345,8663403,23196500
8692,187,189,333065,3343,8663592,24140200
8693,137,172,332928,3308,8663764,23295400
8694,169,153,332759,3324,8663917,22951900
8695,160,157,332599,3327,8664074,23145600
8696,143,164,332456,3306,8664238,23434800
8697,159,166,332297,3299,8664404,23432200
8698,175,149,332122,3325,8664553,24418700
8699,159,171,331963,3313,8664724,22974700
8700,152,157,331811,3308,8664881,23348000
8701,154,174,331657,3288,8665055,23173400
8702,174,176,331483,3286,8665231,23082700
8703,166,175,331317,3277,8665406,22933100
8704,178,155,331139,3300,8665561,22998200
8705,159,184,330980,3275,8665745,22816200
8706,141,150,330839,3266,8665895,22831800
8707,172,169,330667,3269,8666064,22778600
8708,156,161,330511,3264,8666225,22769100
8709,170,147,330341,3287,8666372,23384300
8710,170,139,330171,3318,8666511,22933000
8711,163,159,330008,3322,8666670,23841000
8712,163,169,329845,3316,8666839,23466700
8713,157,155,329688,3318,8666994,22918700
8714,175,149,329513,3344,8667143,23876900
8715,150,167,329363,3327,8667310,23075200
8716,158,191,329205,3294,8667501,22852500
8717,167,167,329038,3294,8667668,23202500
8718,157,161,328881,3290,8667829,23151000
8719,164,155,328717,3299,8667984,23025100
8720,165,160,328552,3304,8668144,23178600
8721,158,134,328394,3328,8668278,23222300
8722,156,169,328238,3315,8668447,23754100
8723,147,177,328091,3285,8668624,23670200
8724,157,151,327934,3291,8668775,23348000
8725,158,151,327776,3298,8668926,22873200
8726,158,163,327618,3293,8669089,24220900
8727,156,170,327462,3279,8669259,23711600
8728,162,182,327300,3259,8669441,23970000
8729,148,151,327152,3256,8669592,23745000
8730,127,172,327025,3211,8669764,23572200
8731,153,180,326872,3184,8669944,23845800
8732,139,169,326733,3154,8670113,24492100
8733,158,148,326575,3164,8670261,23751800
8734,136,149,326439,3151,8670410,23002400
8735,151,156,326288,3146,8670566,22741100
8736,170,177,326118,3139,8670743,23006900
8737,172,164,325946,3147,8670907,23191600
8738,172,177,325774,3142,8671084,23530900
8739,149,118,325625,3173,8671202,23279000
8740,146,126,325479,3193,8671328,24449700
8741,160,166,325319,3187,8671494,23134200
8742,138,153,325181,3172,8671647,23200600
8743,158,158,325023,3172,8671805,23562100
8744,150,180,324873,3142,8671985,23133200
8745,150,157,324723,3135,8672142,24001700
8746,144,160,324579,3119,8672302,23061100
8747,155,153,324424,3121,8672455,23009700
8748,133,159,324291,3095,8672614,24343900
8749,152,149,324139,3098,8672763,22853300
8750,142,172,323997,3068,8672935,22788600
8751,154,139,323843,3083,8673074,23358500
8752,160,154,323683,3089,8673228,23197300
8753,139,163,323544,3065,8673391,22922000
8754,136,146,323408,3055,8673537,23096200
8755,151,148,323257,3058,8673685,22716600
8756,129,139,323128,3048,8673824,23582100
8757,174,164,322954,3058,8673988,23095100
8758,150,154,322804,3054,8674142,23125000
8759,144,129,322660,3069,8674271,23559200
8760,149,157,322511,3061,8674428,24083400
8761,164,151,322347,3074,8674579,22915400
8762,164,145,322183,3093,8674724,23579600
8763,157,138,322026,3112,8674862,25231600
8764,143,163,321883,3092,8675025,23111300
8765,160,167,321723,3085,8675192,24265700
8766,162,143,321561,3104,8675335,23238900
8767,151,179,321410,3076,8675514,22713000
8768,143,146,321267,3073,8675660,22909200
8769,175,127,321092,3121,8675787,22955000
8770,171,132,320921,3160,8675919,23275500
8771,180,151,320741,3189,8676070,23742400
8772,213,165,320528,3237,8676235,26921900
8773,153,171,320375,3219,8676406,24402900
8774,155,172,320220,3202,8676578,23182400
8775,169,166,320051,3205,8676744,23267200
8776,170,180,319881,3195,8676924,23911000
8777,166,157,319715,3204,8677081,24886100
8778,142,143,319573,3203,8677224,23607400
8779,146,164,319427,3185,8677388,23933100
8780,174,160,319253,3199,8677548,23921700
8781,171,149,319082,3221,8677697,24386700
8782,145,155,318937,3211,8677852,24611700
8783,175,157,318762,3229,8678009,25420200
8784,160,146,318602,3243,8678155,24223500
8785,176,163,318426,3256,8678318,23779200
8786,163,162,318263,3257,8678480,23207000
8787,175,155,318088,3277,8678635,23121800
8788,143,139,317945,3281,8678774,23838200
8789,169,171,317776,3279,8678945,23011900
8790,175,147,317601,3307,8679092,28100900
8791,144,152,317457,3299,8679244,25557700
8792,177,165,317280,3311,8679409,24337500
8793,155,171,317125,3295,8679580,23742200
8794,152,156,316973,3291,8679736,23581100
8795,150,148,316823,3293,8679884,24893100
8796,158,151,316665,3300,8680035,28179800
8797,153,147,316512,3306,8680182,25093400
8798,149,163,316363,3292,8680345,25294800
8799,163,172,316200,3283,8680517,24276500
8800,149,172,316051,3260,8680689,23726100
8801,148,181,315903,3227,8680870,23500600
8802,163,159,315740,3231,8681029,24633000
8803,176,166,315564,3241,8681195,23455000
8804,169,160,315395,3250,8681355,24174800
8805,159,169,315236,3240,8681524,24218100
8806,147,154,315089,3233,8681678,25402000
8807,163,182,314926,3214,8681860,24635500
8808,129,168,314797,3175,8682028,24304700
8809,135,152,314662,3158,8682180,24465700
8810,127,154,314535,3131,8682334,23373000
8811,143,160,314392,3114,8682494,23605300
8812,134,152,314258,3096,8682646,24156200
8813,151,157,314107,3090,8682803,24691000
8814,162,155,313945,3097,8682958,27553900
8815,148,173,313797,3072,8683131,23465600
8816,167,155,313630,3084,8683286,23998500
8817,137,148,313493,3073,8683434,23858200
8818,160,151,313333,3082,8683585,23895500
8819,158,157,313175,3083,8683742,23776300
8820,129,161,313046,3051,8683903,25532800
8821,141,152,312905,3040,8684055,28836600
8822,144,155,312761,3029,8684210,24224700
8823,142,167,312619,3004,8684377,26802200
8824,138,154,312481,2988,8684531,24507200
8825,137,164,312344,2961,8684695,24218300
8826,113,141,312231,2933,8684836,24290200
8827,135,143,312096,2925,8684979,26651200
8828,136,152,311960,2909,8685131,26467000
8829,151,157,311809,2903,8685288,24143400
8830,137,154,311672,2886,8685442,24450000
8831,130,148,311542,2868,8685590,24705100
8832,146,137,311396,2877,8685727,26312500
8833,154,156,311242,2875,8685883,24679300
8834,163,158,311079,2880,8686041,25172800
8835,132,145,310947,2867,8686186,24515000
8836,128,148,310819,2847,8686334,25830000
8837,143,160,310676,2830,8686494,23674500
8838,137,129,310539,2838,8686623,23516800
8839,147,148,310392,2837,8686771,23592800
8840,147,131,310245,2853,8686902,22918800
8841,142,150,310103,2845,8687052,22995800
8842,139,144,309964,2840,8687196,22961300
8843,133,157,309831,2816,8687353,23861100
8844,135,149,309696,2802,8687502,23704600
8845,127,140,309569,2789,8687642,26081500
8846,137,157,309432,2769,8687799,24192700
8847,133,160,309299,2742,8687959,26160600
8848,111,116,309188,2737,8688075,24466000
8849,139,126,309049,2750,8688201,28674500
8850,125,135,308924,2740,8688336,24889000
8851,151,135,308773,2756,8688471,23989200
8852,138,137,308635,2757,8688608,24228000
8853,144,131,308491,2770,8688739,24238400
8854,122,150,308369,2742,8688889,23522100
8855,124,145,308245,2721,8689034,25936000
8856,126,130,308119,2717,8689164,23469400
8857,138,153,307981,2702,8689317,24250600
8858,129,128,307852,2703,8689445,23928900
8859,135,134,307717,2704,8689579,23710300
8860,117,141,307600,2680,8689720,23588200
8861,141,153,307459,2668,8689873,24264500
8862,106,135,307353,2639,8690008,24293800
8863,128,130,307225,2637,8690138,25428500
8864,138,138,307087,2637,8690276,25240400
8865,135,133,306952,2639,8690409,26813000
8866,143,135,306809,2647,8690544,25206200
8867,134,127,306675,2654,8690671,24835300
8868,136,129,306539,2661,8690800,26137800
8869,148,123,306391,2686,8690923,27331500
8870,128,132,306263,2682,8691055,27718500
8871,143,118,306120,2707,8691173,27886100
8872,167,145,305953,2729,8691318,24907500
8873,159,136,305794,2752,8691454,24737000
8874,159,135,305635,2776,8691589,24331400
8875,152,127,305483,2801,8691716,25083700
8876,150,141,305333,2810,8691857,25850600
8877,161,142,305172,2829,8691999,24878500
8878,165,143,305007,2851,8692142,25322400
8879,148,127,304859,2872,8692269,27647900
8880,172,137,304687,2907,8692406,24726100
8881,162,145,304525,2924,8692551,25771200
8882,162,135,304363,2951,8692686,28715700
8883,152,144,304211,2959,8692830,26611200
8884,141,148,304070,2952,8692978,23705600
8885,161,150,303909,2963,8693128,24033400
8886,148,147,303761,2964,8693275,26282800
8887,142,152,303619,2954,8693427,26411900
8888,156,156,303463,2954,8693583,24542400
8889,157,138,303306,2973,8693721,24414100
8890,128,159,303178,2942,8693880,23585200
8891,174,155,303004,2961,8694035,23780200
8892,154,145,302850,2970,8694180,23957900
8893,136,140,302714,2966,8694320,24934800
8894,141,168,302573,2939,8694488,24007300
8895,144,142,302429,2941,8694630,23741500
8896,157,136,302272,2962,8694766,23856800
8897,157,160,302115,2959,8694926,22975400
8898,148,153,301967,2954,8695079,23265100
8899,146,145,301821,2955,8695224,23640400
8900,165,144,301656,2976,8695368,23944800
8901,136,163,301520,2949,8695531,24050500
8902,154,135,301366,2968,8695666,27045200
8903,151,138,301215,2981,8695804,23568700
8904,135,154,301080,2962,8695958,24053600
8905,162,143,300918,2981,8696101,24516300
8906,166,149,300752,2998,8696250,23462600
8907,153,145,300599,3006,8696395,23377000
8908,164,160,300435,3010,8696555,23331000
8909,159,167,300276,3002,8696722,23419700
8910,172,154,300104,3020,8696876,23157000
8911,148,150,299956,3018,8697026,22991000
8912,171,153,299785,3036,8697179,24470400
8913,151,167,299634,3020,8697346,25321600
8914,150,159,299484,3011,8697505,24469900
8915,164,145,299320,3030,8697650,24525300
8916,143,175,299177,2998,8697825,24601300
8917,146,157,299031,2987,8697982,24585600
8918,151,149,298880,2989,8698131,23795600
8919,145,154,298735,2980,8698285,23777600
8920,161,158,298574,2983,8698443,24757100
8921,140,144,298434,2979,8698587,24675600
8922,171,118,298263,3032,8698705,24265800
8923,166,146,298097,3052,8698851,25446400
8924,162,169,297935,3045,8699020,23102100
8925,155,154,297780,3046,8699174,25787900
8926,154,153,297626,3047,8699327,25664200
8927,156,159,297470,3044,8699486,25836400
8928,153,140,297317,3057,8699626,26495200
8929,139,144,297178,3052,8699770,27078500
8930,142,154,297036,3040,8699924,26634800
8931,139,144,296897,3035,8700068,27368500
8932,154,131,296743,3058,8700199,24763800
8933,140,138,296603,3060,8700337,25348100
8934,155,166,296448,3049,8700503,24265900
8935,135,144,296313,3040,8700647,25232200
8936,160,170,296153,3030,8700817,24490600
8937,157,140,295996,3047,8700957,26709600
8938,121,160,295875,3008,8701117,25788300
8939,134,151,295741,2991,8701268,24875600
8940,155,154,295586,2992,8701422,24734100
8941,138,133,295448,2997,8701555,23767200
8942,148,177,295300,2968,8701732,25587800
8943,160,141,295140,2987,8701873,25993200
8944,141,144,294999,2984,8702017,24883500
8945,172,158,294827,2998,8702175,24747500
8946,140,150,294687,2988,8702325,24313400
8947,131,152,294556,2967,8702477,24621700
8948,150,144,294406,2973,8702621,23823100
8949,138,130,294268,2981,8702751,24157300
8950,142,144,294126,2979,8702895,25142700
8951,132,153,293994,2958,8703048,24061800
8952,145,153,293849,2950,8703201,28451800
8953,129,146,293720,2933,8703347,24799500
8954,126,158,293594,2901,8703505,23419100
8955,144,132,293450,2913,8703637,25032100
8956,144,149,293306,2908,8703786,23377600
8957,130,149,293176,2889,8703935,24245500
8958,118,160,293058,2847,8704095,27386800
8959,116,140,292942,2823,8704235,24369500
8960,134,150,292808,2807,8704385,24621300
8961,122,141,292686,2788,8704526,23492300
8962,148,144,292538,2792,8704670,24585500
8963,144,142,292394,2794,8704812,25193100
8964,132,142,292262,2784,8704954,24016500
8965,148,131,292114,2801,8705085,24997800
8966,128,158,291986,2771,8705243,25222700
8967,151,146,291835,2776,8705389,23578300
8968,132,132,291703,2776,8705521,25074300
8969,121,134,291582,2763,8705655,26168900
8970,136,125,291446,2774,8705780,23885200
8971,144,135,291302,2783,8705915,23614700
8972,157,146,291145,2794,8706061,24575500
8973,131,138,291014,2787,8706199,24649900
8974,142,138,290872,2791,8706337,25772300
8975,136,146,290736,2781,8706483,25072000
8976,140,144,290596,2777,8706627,25972200
8977,145,142,290451,2780,8706769,24955500
8978,156,148,290295,2788,8706917,31055900
8979,145,132,290150,2801,8707049,25580000
8980,124,145,290026,2780,8707194,25439000
8981,144,129,289882,2795,8707323,27947200
8982,125,134,289757,2786,8707457,25444200
8983,138,151,289619,2773,8707608,25791600
8984,157,126,289462,2804,8707734,24289400
8985,152,148,289310,2808,8707882,24779200
8986,151,149,289159,2810,8708031,24185600
8987,168,151,288991,2827,8708182,23927300
8988,154,148,288837,2833,8708330,25441300
8989,152,135,288685,2850,8708465,24505200
8990,155,135,288530,2870,8708600,29730300
8991,148,143,288382,2875,8708743,26186600
8992,153,142,288229,2886,8708885,26624000
8993,151,156,288078,2881,8709041,24680800
8994,141,142,287937,2880,8709183,25897400
8995,156,134,287781,2902,8709317,30840400
8996,163,131,287618,2934,8709448,26211000
8997,145,121,287473,2958,8709569,23627200
8998,175,130,287298,3003,8709699,25164200
8999,162,152,287136,3013,8709851,24600900
9000,156,128,286980,3041,8709979,24822800
9001,142,133,286838,3050,8710112,25946600
9002,170,185,286668,3035,8710297,24693100
9003,149,150,286519,3034,8710447,25063100
9004,150,161,286369,3023,8710608,29314300
9005,147,140,286222,3030,8710748,24037400
9006,180,178,286042,3032,8710926,25051100
9007,153,160,285889,3025,8711086,24213200
9008,146,161,285743,3010,8711247,25044800
9009,149,138,285594,3021,8711385,25546200
9010,141,143,285453,3019,8711528,24288100
9011,155,157,285298,3017,8711685,25496700
9012,129,144,285169,3002,8711829,24608200
9013,130,122,285039,3010,8711951,25784300
9014,138,163,284901,2985,8712114,28249200
9015,137,156,284764,2966,8712270,26548200
9016,118,143,284646,2941,8712413,23938300
9017,146,160,284500,2927,8712573,25016500
9018,131,133,284369,2925,8712706,26451500
9019,119,118,284250,2926,8712824,23526700
9020,139,139,284111,2926,8712963,23633300
9021,144,162,283967,2908,8713125,23606100
9022,132,121,283835,2919,8713246,24602000
9023,137,121,283698,2935,8713367,25531200
9024,154,165,283544,2924,8713532,28987800
9025,133,136,283411,2921,8713668,27029600
9026,137,156,283274,2902,8713824,24206600
9027,138,137,283136,2903,8713961,24711700
9028,141,131,282995,2913,8714092,26932700
9029,144,135,282851,2922,8714227,27096300
9030,160,175,282691,2907,8714402,26129300
9031,133,141,282558,2899,8714543,24217300
9032,144,184,282414,2859,8714727,23591900
9033,138,141,282276,2856,8714868,27802000
9034,121,135,282155,2842,8715003,23544000
9035,158,152,281997,2848,8715155,23480800
9036,137,155,281860,2830,8715310,23161400
9037,146,159,281714,2817,8715469,23861700
9038,129,126,281585,2820,8715595,23570800
9039,162,137,281423,2845,8715732,24161900
9040,148,132,281275,2861,8715864,23492000
9041,132,144,281143,2849,8716008,27100300
9042,159,162,280984,2846,8716170,23348700
9043,140,137,280844,2849,8716307,23646200
9044,131,158,280713,2822,8716465,25940500
9045,151,149,280562,2824,8716614,26313700
9046,134,129,280428,2829,8716743,24533000
9047,140,135,280288,2834,8716878,24271900
9048,131,134,280157,2831,8717012,24231500
9049,150,148,280007,2833,8717160,27034600
9050,118,117,279889,2834,8717277,23883400
9051,142,150,279747,2826,8717427,28185700
9052,148,139,279599,2835,8717566,25187600
9053,128,135,279471,2828,8717701,23507800
9054,139,166,279332,2801,8717867,24584200
9055,148,150,279184,2799,8718017,29213400
9056,142,135,279042,2806,8718152,23472300
9057,134,134,278908,2806,8718286,24010200
9058,131,121,278777,2816,8718407,23242100
9059,138,135,278639,2819,8718542,23040200
9060,149,124,278490,2844,8718666,23440200
9061,140,132,278350,2852,8718798,24504600
9062,144,128,278206,2868,8718926,26259000
9063,149,147,278057,2870,8719073,27850600
9064,146,140,277911,2876,8719213,24477900
9065,145,141,277766,2880,8719354,24016600
9066,154,131,277612,2903,8719485,26331600
9067,141,156,277471,2888,8719641,26083300
9068,142,134,277329,2896,8719775,23452100
9069,140,152,277189,2884,8719927,23385200
9070,153,141,277036,2896,8720068,23444100
9071,143,150,276893,2889,8720218,23556200
9072,152,126,276741,2915,8720344,24011400
9073,151,140,276590,2926,8720484,24497200
9074,137,167,276453,2896,8720651,24825800
9075,163,164,276290,2895,8720815,24152600
9076,153,170,276137,2878,8720985,24503600
9077,134,158,276003,2854,8721143,25437400
9078,141,165,275862,2830,8721308,24520300
9079,133,147,275729,2816,8721455,24382000
9080,137,142,275592,2811,8721597,24033800
9081,143,156,275449,2798,8721753,23500000
9082,154,153,275295,2799,8721906,27269000
9083,150,148,275145,2801,8722054,23737900
9084,128,148,275017,2781,8722202,25497000
9085,147,127,274870,2801,8722329,25861100
9086,138,134,274732,2805,8722463,23611300
9087,133,150,274599,2788,8722613,23701000
9088,112,146,274487,2754,8722759,23227300
9089,127,117,274360,2764,8722876,23975100
9090,112,146,274248,2730,8723022,28865200
9091,130,138,274118,2722,8723160,23451300
9092,129,130,273989,2721,8723290,23238700
9093,135,138,273854,2718,8723428,27060600
9094,126,144,273728,2700,8723572,28139000
9095,130,140,273598,2690,8723712,25625400
9096,143,133,273455,2700,8723845,28074400
9097,135,133,273320,2702,8723978,23270000
9098,117,124,273203,2695,8724102,23372700
9099,133,142,273070,2686,8724244,23026400
9100,129,115,272941,2700,8724359,23878000
9101,145,145,272796,2700,8724504,24834000
9102,139,116,272657,2723,8724620,27793900
9103,127,130,272530,2720,8724750,25189500
9104,132,141,272398,2711,8724891,23802900
9105,113,126,272285,2698,8725017,23978600
9106,152,169,272133,2681,8725186,25915500
9107,142,121,271991,2702,8725307,25667100
9108,130,147,271861,2685,8725454,26941100
9109,114,153,271747,2646,8725607,24282000
9110,130,133,271617,2643,8725740,25073700
9111,133,125,271484,2651,8725865,25263100
9112,116,127,271368,2640,8725992,23805500
9113,120,146,271248,2614,8726138,26268800
9114,128,135,271120,2607,8726273,26380700
9115,125,141,270995,2591,8726414,25846200
9116,114,133,270881,2572,8726547,24281500
9117,134,136,270747,2570,8726683,25919500
9118,137,123,270610,2584,8726806,24150300
9119,149,110,270461,2623,8726916,24357700
9120,142,106,270319,2659,8727022,25182800
9121,127,132,270192,2654,8727154,25578300
9122,125,135,270067,2644,8727289,25372300
9123,119,141,269948,2622,8727430,26381300
9124,134,134,269814,2622,8727564,25850900
9125,108,128,269706,2602,8727692,30241200
9126,124,110,269582,2616,8727802,28971300
9127,127,121,269455,2622,8727923,26934800
9128,116,122,269339,2616,8728045,25167400
9129,136,141,269203,2611,8728186,25368300
9130,131,130,269072,2612,8728316,28502600
9131,131,115,268941,2628,8728431,29712900
9132,128,134,268813,2622,8728565,29905300
9133,141,141,268672,2622,8728706,25373100
9134,147,121,268525,2648,8728827,25017100
9135,147,115,268378,2680,8728942,27550200
9136,135,140,268243,2675,8729082,30130500
9137,134,140,268109,2669,8729222,28483500
9138,122,132,267987,2659,8729354,25477500
9139,153,135,267834,2677,8729489,30523600
9140,137,147,267697,2667,8729636,28374200
9141,143,140,267554,2670,8729776,27341000
9142,155,134,267399,2691,8729910,25161700
9143,150,129,267249,2712,8730039,27275400
9144,124,127,267125,2709,8730166,31068800
9145,138,143,266987,2704,8730309,33126000
9146,148,150,266839,2702,8730459,29313400
9147,148,139,266691,2711,8730598,33945100
9148,131,143,266560,2699,8730741,25744100
9149,122,124,266438,2697,8730865,25187200
9150,142,134,266296,2705,8730999,25586500
9151,125,151,266171,2679,8731150,27200900
9152,123,110,266048,2692,8731260,25521800
9153,121,133,265927,2680,8731393,28229600
9154,134,141,265793,2673,8731534,27009800
9155,133,155,265660,2651,8731689,27493100
9156,151,140,265509,2662,8731829,26609500
9157,110,117,265399,2655,8731946,27353300
9158,153,138,265246,2670,8732084,24643000
9159,140,140,265106,2670,8732224,24643000
9160,124,130,264982,2664,8732354,26905000
9161,142,158,264840,2648,8732512,24843100
9162,142,128,264698,2662,8732640,26208800
9163,139,105,264559,2696,8732745,25099800
9164,131,145,264428,2682,8732890,24687900
9165,130,133,264298,2679,8733023,24369700
9166,146,124,264152,2701,8733147,27775000
9167,119,153,264033,2667,8733300,27561400
9168,146,143,263887,2670,8733443,28152200
9169,139,127,263748,2682,8733570,23779800
9170,125,135,263623,2672,8733705,25477200
9171,122,143,263501,2651,8733848,27140000
9172,128,152,263373,2627,8734000,25370200
9173,134,134,263239,2627,8734134,25932100
9174,157,116,263082,2668,8734250,26337000
9175,146,128,262936,2686,8734378,24397400
9176,123,123,262813,2686,8734501,24328200
9177,132,141,262681,2677,8734642,24433300
9178,144,136,262537,2685,8734778,24250600
9179,133,145,262404,2673,8734923,24089800
9180,124,126,262280,2671,8735049,23487100
9181,142,139,262138,2674,8735188,24752200
9182,123,137,262015,2660,8735325,23721500
9183,125,136,261890,2649,8735461,23025800
9184,144,126,261746,2667,8735587,24735600
9185,138,128,261608,2677,8735715,24805800
9186,126,124,261482,2679,8735839,24204200
9187,119,139,261363,2659,8735978,23286600
9188,145,141,261218,2663,8736119,23820600
9189,106,114,261112,2655,8736233,23758500
9190,133,119,260979,2669,8736352,23635200
9191,116,115,260863,2670,8736467,27098500
9192,137,136,260726,2671,8736603,23655000
9193,145,135,260581,2681,8736738,24534700
9194,124,117,260457,2688,8736855,23378000
9195,128,153,260329,2663,8737008,23619200
9196,138,145,260191,2656,8737153,24733700
9197,130,151,260061,2635,8737304,25967200
9198,142,138,259919,2639,8737442,23229200
9199,126,139,259793,2626,8737581,23610200
9200,128,110,259665,2644,8737691,25982400
9201,151,149,259514,2646,8737840,26247300
9202,144,140,259370,2650,8737980,26655800
9203,136,144,259234,2642,8738124,27589700
9204,140,119,259094,2663,8738243,24681600
9205,137,138,258957,2662,8738381,27401100
9206,141,120,258816,2683,8738501,26599800
9207,126,128,258690,2681,8738629,27188800
9208,122,127,258568,2676,8738756,25983800
9209,146,135,258422,2687,8738891,30219800
9210,131,137,258291,2681,8739028,32163900
9211,138,139,258153,2680,8739167,28556900
9212,135,123,258018,2692,8739290,26140800
9213,145,129,257873,2708,8739419,30413200
9214,136,137,257737,2707,8739556,27456100
9215,127,129,257610,2705,8739685,31200100
9216,159,147,257451,2717,8739832,30506200
9217,157,146,257294,2728,8739978,32593100
9218,121,133,257173,2716,8740111,31041300
9219,121,154,257052,2683,8740265,31386300
9220,139,124,256913,2698,8740389,27646000
9221,124,140,256789,2682,8740529,24830000
9222,140,143,256649,2679,8740672,25759700
9223,140,143,256509,2676,8740815,26403700
9224,106,122,256403,2660,8740937,24354200
9225,140,137,256263,2663,8741074,23758500
9226,133,124,256130,2672,8741198,24255700
9227,119,133,256011,2658,8741331,24457200
9228,122,119,255889,2661,8741450,23521600
9229,138,145,255751,2654,8741595,23661000
9230,139,134,255612,2659,8741729,26412500
9231,137,111,255475,2685,8741840,27083200
9232,131,148,255344,2668,8741988,24800300
9233,125,113,255219,2680,8742101,25316400
9234,118,131,255101,2667,8742232,25909800
9235,146,147,254955,2666,8742379,27385700
9236,112,103,254843,2675,8742482,25651900
9237,130,121,254713,2684,8742603,25311200
9238,137,141,254576,2680,8742744,26694200
9239,143,136,254433,2687,8742880,23167100
9240,139,137,254294,2689,8743017,27887800
9241,149,139,254145,2699,8743156,24212200
9242,158,132,253987,2725,8743288,23956500
9243,125,146,253862,2704,8743434,24757300
9244,138,130,253724,2712,8743564,29353500
9245,118,144,253606,2686,8743708,30801100
9246,134,136,253472,2684,8743844,24276400
9247,125,119,253347,2690,8743963,23826400
9248,113,122,253234,2681,8744085,23927500
9249,121,146,253113,2656,8744231,26481800
9250,116,125,252997,2647,8744356,23882200
9251,139,147,252858,2639,8744503,23891100
9252,127,131,252731,2635,8744634,27134900
9253,126,148,252605,2613,8744782,24582900
9254,123,124,252482,2612,8744906,23446500
9255,126,121,252356,2617,8745027,26448000
9256,115,119,252241,2613,8745146,25826900
9257,103,134,252138,2582,8745280,23944300
9258,135,149,252003,2568,8745429,24186300
9259,114,138,251889,2544,8745567,24088100
9260,123,124,251766,2543,8745691,26781500
9261,125,123,251641,2545,8745814,28270100
9262,122,137,251519,2530,8745951,25409200
9263,103,127,251416,2506,8746078,24037900
9264,141,135,251275,2512,8746213,25622700
9265,124,143,251151,2493,8746356,25162000
9266,132,124,251019,2501,8746480,24858300
9267,127,108,250892,2520,8746588,25579900
9268,113,119,250779,2514,8746707,24960800
9269,116,120,250663,2510,8746827,26144700
9270,122,108,250541,2524,8746935,24580200
9271,146,128,250395,2542,8747063,26085800
9272,128,119,250267,2551,8747182,27988700
9273,126,140,250141,2537,8747322,25095400
9274,135,157,250006,2515,8747479,23903800
9275,119,127,249887,2507,8747606,23980600
9276,138,123,249749,2522,8747729,24324400
9277,116,115,249633,2523,8747844,24421500
9278,122,125,249511,2520,8747969,23383800
9279,126,148,249385,2498,8748117,23580300
9280,127,121,249258,2504,8748238,24055300
9281,136,154,249122,2486,8748392,23904200
9282,115,118,249007,2483,8748510,23810500
9283,127,107,248880,2503,8748617,24189900
9284,117,134,248763,2486,8748751,24221300
9285,142,124,248621,2504,8748875,24608100
9286,125,114,248496,2515,8748989,23601600
9287,129,121,248367,2523,8749110,23171900
9288,112,133,248255,2502,8749243,23826700
9289,135,130,248120,2507,8749373,23609800
9290,141,113,247979,2535,8749486,23536000
9291,121,133,247858,2523,8749619,23742300
9292,123,117,247735,2529,8749736,23291400
9293,125,128,247610,2526,8749864,23216500
9294,110,126,247500,2510,8749990,25306200
9295,111,146,247389,2475,8750136,25351900
9296,123,147,247266,2451,8750283,24205000
9297,131,117,247135,2465,8750400,23974500
9298,128,129,247007,2464,8750529,23983900
9299,140,136,246867,2468,8750665,23643700
9300,97,115,246770,2450,8750780,23604900
9301,104,123,246666,2431,8750903,23786500
9302,131,124,246535,2438,8751027,23860200
9303,129,121,246406,2446,8751148,23556000
9304,135,103,246271,2478,8751251,23615000
9305,138,111,246133,2505,8751362,23702900
9306,116,124,246017,2497,8751486,24304600
9307,139,115,245878,2521,8751601,23413700
9308,123,114,245755,2530,8751715,24043100
9309,134,128,245621,2536,8751843,24493300
9310,155,126,245466,2565,8751969,24565500
9311,131,132,245335,2564,8752101,23866700
9312,132,136,245203,2560,8752237,23878000
9313,122,134,245081,2548,8752371,23804100
9314,125,130,244956,2543,8752501,24961300
9315,114,138,244842,2519,8752639,24859900
9316,133,139,244709,2513,8752778,24465400
9317,121,130,244588,2504,8752908,24308300
9318,157,122,244431,2539,8753030,23958700
9319,126,131,244305,2534,8753161,24195700
9320,116,113,244189,2537,8753274,23703200
9321,137,133,244052,2541,8753407,24018100
9322,132,113,243920,2560,8753520,24141100
9323,132,124,243788,2568,8753644,23068700
9324,129,118,243659,2579,8753762,22950900
9325,129,125,243530,2583,8753887,23330800
9326,122,145,243408,2560,8754032,23598200
9327,130,114,243278,2576,8754146,23916900
9328,121,117,243157,2580,8754263,23472100
9329,110,136,243047,2554,8754399,23532800
9330,117,138,242930,2533,8754537,28334200
9331,127,108,242803,2552,8754645,26406600
9332,112,135,242691,2529,8754780,24152200
9333,108,137,242583,2500,8754917,25357700
9334,136,115,242447,2521,8755032,24219000
9335,127,126,242320,2522,8755158,26418400
9336,123,138,242197,2507,8755296,24942200
9337,110,120,242087,2497,8755416,24223600
9338,132,113,241955,2516,8755529,24579300
9339,126,131,241829,2511,8755660,23726300
9340,111,98,241718,2524,8755758,25559100
9341,124,123,241594,2525,8755881,24643800
9342,124,140,241470,2509,8756021,25229500
9343,117,130,241353,2496,8756151,23500000
9344,128,127,241225,2497,8756278,23455600
9345,117,130,241108,2484,8756408,23813400
9346,147,131,240961,2500,8756539,29418600
9347,127,112,240834,2515,8756651,24320300
9348,119,141,240715,2493,8756792,23104900
9349,103,124,240612,2472,8756916,23311200
9350,134,119,240478,2487,8757035,22996100
9351,136,119,240342,2504,8757154,23045100
9352,134,101,240208,2537,8757255,23185900
9353,119,103,240089,2553,8757358,23527000
9354,140,125,239949,2568,8757483,23015100
9355,121,120,239828,2569,8757603,23692800
9356,115,124,239713,2560,8757727,22963200
9357,115,126,239598,2549,8757853,22974100
9358,119,131,239479,2537,8757984,22781500
9359,108,128,239371,2517,8758112,22737200
9360,124,119,239247,2522,8758231,23151700
9361,123,116,239124,2529,8758347,23415500
9362,104,129,239020,2504,8758476,25683700
9363,129,105,238891,2528,8758581,23733000
9364,136,125,238755,2539,8758706,23438700
9365,128,96,238627,2571,8758802,24489400
9366,124,111,238503,2584,8758913,23583700
9367,123,130,238380,2577,8759043,25614200
9368,111,133,238269,2555,8759176,25605900
9369,113,139,238156,2529,8759315,23905700
9370,121,121,238035,2529,8759436,24002600
9371,127,121,237908,2535,8759557,24116000
9372,137,115,237771,2557,8759672,23270400
9373,133,131,237638,2559,8759803,22831400
9374,110,121,237528,2548,8759924,22975500
9375,123,142,237405,2529,8760066,23275500
9376,115,120,237290,2524,8760186,23645200
9377,118,132,237172,2510,8760318,23640100
9378,131,107,237041,2534,8760425,23427500
9379,112,118,236929,2528,8760543,23626400
9380,122,123,236807,2527,8760666,25333600
9381,126,122,236681,2531,8760788,23427500
9382,110,119,236571,2522,8760907,23642400
9383,115,129,236456,2508,8761036,23425200
9384,109,136,236347,2481,8761172,23256500
9385,118,118,236229,2481,8761290,23876800
9386,119,117,236110,2483,8761407,23366300
9387,99,138,236011,2444,8761545,23000100
9388,118,115,235893,2447,8761660,23433300
9389,121,118,235772,2450,8761778,22933300
9390,124,142,235648,2432,8761920,23221100
9391,127,105,235521,2454,8762025,23306200
9392,127,134,235394,2447,8762159,23076700
9393,113,117,235281,2443,8762276,23723100
9394,132,126,235149,2449,8762402,23611600
9395,119,125,235030,2443,8762527,24795000
9396,113,111,234917,2445,8762638,23225800
9397,131,114,234786,2462,8762752,23312300
9398,111,133,234675,2440,8762885,22736000
9399,124,102,234551,2462,8762987,23188500
9400,106,123,234445,2445,8763110,23712200
9401,125,123,234320,2447,8763233,22865000
9402,102,109,234218,2440,8763342,22818800
9403,112,117,234106,2435,8763459,22677300
9404,119,114,233987,2440,8763573,22596500
9405,112,123,233875,2429,8763696,23517800
9406,114,114,233761,2429,8763810,23280800
9407,113,130,233648,2412,8763940,23947300
9408,128,109,233520,2431,8764049,23538700
9409,124,137,233396,2418,8764186,22983800
9410,117,146,233279,2389,8764332,23198800
9411,126,120,233153,2395,8764452,25041900
9412,122,114,233031,2403,8764566,22770900
9413,117,124,232914,2396,8764690,23104800
9414,123,103,232791,2416,8764793,23042400
9415,119,125,232672,2410,8764918,25846600
9416,102,109,232570,2403,8765027,24632600
9417,100,118,232470,2385,8765145,24261400
9418,110,103,232360,2392,8765248,24584200
9419,121,127,232239,2386,8765375,25630100
9420,110,121,232129,2375,8765496,28387500
9421,116,116,232013,2375,8765612,25009900
9422,119,111,231894,2383,8765723,26125200
9423,114,118,231780,2379,8765841,24081500
9424,109,106,231671,2382,8765947,23387400
9425,110,133,231561,2359,8766080,23568400
9426,114,110,231447,2363,8766190,23562700
9427,142,109,231305,2396,8766299,22982100
9428,108,132,231197,2372,8766431,22856700
9429,108,121,231089,2359,8766552,23127700
9430,109,107,230980,2361,8766659,23341900
9431,99,124,230881,2336,8766783,24453600
9432,116,127,230765,2325,8766910,23951400
9433,128,107,230637,2346,8767017,23380700
9434,110,136,230527,2320,8767153,23487100
9435,98,111,230429,2307,8767264,23413100
9436,100,116,230329,2291,8767380,24644900
9437,90,117,230239,2264,8767497,23536600
9438,108,97,230131,2275,8767594,23240900
9439,112,100,230019,2287,8767694,22922400
9440,98,110,229921,2275,8767804,24889500
9441,104,116,229817,2263,8767920,26241800
9442,94,99,229723,2258,8768019,23684200
9443,99,122,229624,2235,8768141,23102800
9444,104,120,229520,2219,8768261,25674000
9445,88,104,229432,2203,8768365,24544900
9446,106,93,229326,2216,8768458,24148300
9447,98,97,229228,2217,8768555,23922000
9448,112,111,229116,2218,8768666,23332900
9449,109,118,229007,2209,8768784,24080900
9450,99,122,228908,2186,8768906,24240400
9451,99,106,228809,2179,8769012,23357000
9452,113,104,228696,2188,8769116,23540600
9453,94,103,228602,2179,8769219,24324600
9454,103,114,228499,2168,8769333,23612100
9455,108,94,228391,2182,8769427,25587100
9456,100,121,228291,2161,8769548,22839200
9457,84,111,228207,2134,8769659,22829600
9458,100,118,228107,2116,8769777,23067800
9459,94,121,228013,2089,8769898,22926400
9460,101,127,227912,2063,8770025,23523700
9461,99,95,227813,2067,8770120,27031000
9462,100,111,227713,2056,8770231,24837700
9463,90,93,227623,2053,8770324,23877800
9464,109,100,227514,2062,8770424,23830400
9465,107,123,227407,2046,8770547,23651400
9466,100,97,227307,2049,8770644,26245400
9467,97,102,227210,2044,8770746,26443200
9468,100,96,227110,2048,8770842,25980800
9469,107,112,227003,2043,8770954,23847000
9470,132,102,226871,2073,8771056,24046100
9471,98,121,226773,2050,8771177,24268500
9472,108,113,226665,2045,8771290,24230300
9473,94,110,226571,2029,8771400,24094900
9474,111,99,226460,2041,8771499,23925600
9475,108,104,226352,2045,8771603,23336800
9476,117,102,226235,2060,8771705,24350100
9477,104,86,226131,2078,8771791,24278700
9478,107,95,226024,2090,8771886,24342200
9479,100,106,225924,2084,8771992,23197700
9480,102,139,225822,2047,8772131,23000600
9481,104,105,225718,2046,8772236,22772900
9482,111,87,225607,2070,8772323,23706200
9483,96,108,225511,2058,8772431,23112200
9484,89,96,225422,2051,8772527,22989900
9485,114,112,225308,2053,8772639,22858400
9486,125,116,225183,2062,8772755,23429100
9487,111,109,225072,2064,8772864,24397300
9488,125,108,224947,2081,8772972,24500600
9489,110,99,224837,2092,8773071,22911100
9490,110,98,224727,2104,8773169,23004500
9491,115,114,224612,2105,8773283,23021600
9492,112,98,224500,2119,8773381,25068600
9493,93,118,224407,2094,8773499,23773800
9494,123,85,224284,2132,8773584,23515100
9495,129,106,224155,2155,8773690,23740100
9496,102,121,224053,2136,8773811,23224700
9497,99,115,223954,2120,8773926,22716700
9498,118,113,223836,2125,8774039,23153300
9499,106,112,223730,2119,8774151,23212500
9500,119,82,223611,2156,8774233,23564900
9501,108,113,223503,2151,8774346,22986300
9502,121,103,223382,2169,8774449,23204300
9503,112,114,223270,2167,8774563,23498500
9504,113,105,223157,2175,8774668,23898800
9505,113,93,223044,2195,8774761,23329900
9506,101,115,222943,2181,8774876,22981500
9507,102,106,222841,2177,8774982,23025600
9508,109,87,222732,2199,8775069,23109400
9509,112,98,222620,2213,8775167,23353400
9510,123,116,222497,2220,8775283,23052200
9511,114,104,222383,2230,8775387,23982300
9512,93,111,222290,2212,8775498,23967100
9513,143,106,222147,2249,8775604,22953800
9514,115,114,222032,2250,8775718,23123400
9515,131,114,221901,2267,8775832,23647500
9516,111,124,221790,2254,8775956,23011300
9517,112,120,221678,2246,8776076,23660300
9518,107,121,221571,2232,8776197,24369900
9519,102,106,221469,2228,8776303,24271500
9520,115,93,221354,2250,8776396,24412600
9521,113,104,221241,2259,8776500,25307000
9522,94,86,221147,2267,8776586,26616000
9523,106,111,221041,2262,8776697,25213900
9524,102,111,220939,2253,8776808,26582600
9525,124,112,220815,2265,8776920,25100500
9526,101,115,220714,2251,8777035,24380200
9527,105,103,220609,2253,8777138,24115600
9528,103,108,220506,2248,8777246,23875600
9529,123,101,220383,2270,8777347,23768600
9530,117,108,220266,2279,8777455,23965200
9531,117,114,220149,2282,8777569,23291200
9532,105,124,220044,2263,8777693,23760500
9533,98,119,219946,2242,8777812,23654800
9534,119,116,219827,2245,8777928,24369500
9535,110,110,219717,2245,8778038,23792900
9536,113,125,219604,2233,8778163,25498800
9537,115,109,219489,2239,8778272,25810700
9538,111,106,219378,2244,8778378,24943000
9539,111,111,219267,2244,8778489,25841700
9540,89,109,219178,2224,8778598,27760400
9541,125,123,219053,2226,8778721,27054000
9542,112,111,218941,2227,8778832,24750100
9543,118,113,218823,2232,8778945,24600500
9544,99,117,218724,2214,8779062,24382200
9545,97,114,218627,2197,8779176,23964500
9546,95,109,218532,2183,8779285,23910200
9547,120,112,218412,2191,8779397,23531100
9548,95,123,218317,2163,8779520,23923800
9549,101,110,218216,2154,8779630,24412800
9550,100,116,218116,2138,8779746,23727500
9551,100,106,218016,2132,8779852,23861100
9552,100,84,217916,2148,8779936,24364300
9553,104,109,217812,2143,8780045,24668900
9554,112,106,217700,2149,8780151,24638900
9555,105,119,217595,2135,8780270,23942800
9556,99,99,217496,2135,8780369,22736100
9557,118,118,217378,2135,8780487,23578200
9558,99,91,217279,2143,8780578,23233900
9559,116,107,217163,2152,8780685,24775000
9560,95,120,217068,2127,8780805,23160600
9561,94,110,216974,2111,8780915,23220400
9562,117,115,216857,2113,8781030,24165000
9563,106,94,216751,2125,8781124,23146500
9564,115,101,216636,2139,8781225,24059500
9565,115,114,216521,2140,8781339,24172700
9566,124,102,216397,2162,8781441,24354200
9567,113,96,216284,2179,8781537,23618800
9568,120,115,216164,2184,8781652,23805300
9569,112,121,216052,2175,8781773,25037900
9570,112,117,215940,2170,8781890,24738100
9571,133,111,215807,2192,8782001,26418200
9572,119,114,215688,2197,8782115,24662400
9573,116,102,215572,2211,8782217,25652900
9574,108,109,215464,2210,8782326,24413400
9575,96,122,215368,2184,8782448,24185100
9576,113,100,215255,2197,8782548,23060700
9577,103,114,215152,2186,8782662,22740300
9578,95,86,215057,2195,8782748,23981300
9579,113,121,214944,2187,8782869,22943600
9580,110,109,214834,2188,8782978,22709400
9581,109,93,214725,2204,8783071,22765400
9582,111,103,214614,2212,8783174,23191500
9583,97,117,214517,2192,8783291,23271700
9584,118,130,214399,2180,8783421,22476000
9585,106,100,214293,2186,8783521,22600000
9586,107,122,214186,2171,8783643,22912600
9587,114,120,214072,2165,8783763,23665600
9588,106,113,213966,2158,8783876,23703900
9589,119,113,213847,2164,8783989,23395100
9590,106,112,213741,2158,8784101,23194200
9591,100,105,213641,2153,8784206,22508900
9592,111,92,213530,2172,8784298,23342100
9593,107,111,213423,2168,8784409,23044000
9594,90,108,213333,2150,8784517,23394100
9595,113,99,213220,2164,8784616,23351100
9596,109,109,213111,2164,8784725,24220900
9597,99,107,213012,2156,8784832,23550100
9598,130,123,212882,2163,8784955,26557500
9599,111,104,212771,2170,8785059,23881700
9600,91,103,212680,2158,8785162,23009600
9601,119,114,212561,2163,8785276,22660300
9602,105,81,212456,2187,8785357,22501600
9603,114,110,212342,2191,8785467,23207200
9604,99,130,212243,2160,8785597,22975300
9605,98,103,212145,2155,8785700,22617600
9606,114,100,212031,2169,8785800,23965000
9607,101,94,211930,2176,8785894,22771900
9608,102,95,211828,2183,8785989,22864000
9609,122,107,211706,2198,8786096,22863600
9610,112,122,211594,2188,8786218,22893500
9611,110,102,211484,2196,8786320,23129100
9612,117,102,211367,2211,8786422,22902800
9613,100,127,211267,2184,8786549,22835100
9614,108,100,211159,2192,8786649,23122500
9615,118,109,211041,2201,8786758,22976100
9616,95,115,210946,2181,8786873,22864500
9617,87,114,210859,2154,8786987,23129500
9618,127,101,210732,2180,8787088,23159600
9619,88,103,210644,2165,8787191,24137500
9620,93,91,210551,2167,8787282,23834900
9621,86,92,210465,2161,8787374,24687600
9622,92,102,210373,2151,8787476,28311500
9623,96,131,210277,2116,8787607,24384000
9624,109,119,210168,2106,8787726,23978000
9625,116,113,210052,2109,8787839,25277800
9626,103,103,209949,2109,8787942,24798100
9627,113,101,209836,2121,8788043,24056000
9628,99,103,209737,2117,8788146,25062000
9629,92,108,209645,2101,8788254,25235300
9630,101,111,209544,2091,8788365,26674000
9631,92,110,209452,2073,8788475,22733600
9632,106,102,209346,2077,8788577,22652200
9633,96,103,209250,2070,8788680,23206500
9634,115,118,209135,2067,8788798,23726600
9635,83,110,209052,2040,8788908,22988100
9636,89,91,208963,2038,8788999,22574800
9637,99,109,208864,2028,8789108,22763300
9638,100,103,208764,2025,8789211,22530200
9639,106,91,208658,2040,8789302,22808900
9640,96,102,208562,2034,8789404,22995000
9641,108,105,208454,2037,8789509,23449000
9642,89,107,208365,2019,8789616,23597800
9643,104,96,208261,2027,8789712,24008000
9644,132,119,208129,2040,8789831,23140400
9645,101,103,208028,2038,8789934,23116900
9646,107,79,207921,2066,8790013,24446500
9647,87,108,207834,2045,8790121,22983500
9648,105,82,207729,2068,8790203,23299400
9649,117,101,207612,2084,8790304,24280700
9650,92,105,207520,2071,8790409,23661300
9651,111,94,207409,2088,8790503,22761500
9652,113,115,207296,2086,8790618,23831600
9653,104,106,207192,2084,8790724,23221400
9654,110,103,207082,2091,8790827,22762200
9655,107,123,206975,2075,8790950,23121700
9656,115,113,206860,2077,8791063,23509000
9657,108,106,206752,2079,8791169,22490000
9658,108,107,206644,2080,8791276,22447400
9659,104,107,206540,2077,8791383,22647000
9660,120,98,206420,2099,8791481,22644800
9661,118,115,206302,2102,8791596,23789100
9662,102,112,206200,2092,8791708,23548800
9663,88,115,206112,2065,8791823,22591900
9664,96,93,206016,2068,8791916,22894200
9665,89,101,205927,2056,8792017,23554500
9666,88,106,205839,2038,8792123,22561800
9667,98,98,205741,2038,8792221,24267500
9668,98,104,205643,2032,8792325,23310900
9669,84,100,205559,2016,8792425,23176900
9670,97,103,205462,2010,8792528,22947000
9671,99,88,205363,2021,8792616,28727700
9672,93,98,205270,2016,8792714,24654600
9673,110,87,205160,2039,8792801,24564500
9674,90,111,205070,2018,8792912,24035800
9675,97,98,204973,2017,8793010,23355000
9676,90,102,204883,2005,8793112,23535700
9677,112,90,204771,2027,8793202,25480200
9678,103,98,204668,2032,8793300,24008000
9679,81,104,204587,2009,8793404,24207500
9680,80,108,204507,1981,8793512,23195800
9681,91,106,204416,1966,8793618,23071000
9682,91,93,204325,1964,8793711,24833500
9683,92,98,204233,1958,8793809,23280900
9684,80,97,204153,1941,8793906,23312500
9685,85,75,204068,1951,8793981,23846200
9686,97,109,203971,1939,8794090,23192900
9687,86,105,203885,1920,8794195,26211300
9688,79,104,203806,1895,8794299,25422800
9689,80,100,203726,1875,8794399,23136100
9690,117,76,203609,1916,8794475,23602900
9691,108,86,203501,1938,8794561,23083600
9692,108,113,203393,1933,8794674,23061300
9693,110,84,203283,1959,8794758,23670600
9694,95,117,203188,1937,8794875,23500200
9695,102,100,203086,1939,8794975,23382700
9696,82,109,203004,1912,8795084,22917300
9697,89,78,202915,1923,8795162,22795600
9698,101,105,202814,1919,8795267,22553700
9699,98,109,202716,1908,8795376,23423500
9700,98,104,202618,1902,8795480,24601400
9701,91,103,202527,1890,8795583,23030700
9702,78,110,202449,1858,8795693,23182300
9703,98,91,202351,1865,8795784,22414400
9704,88,114,202263,1839,8795898,24080400
9705,98,87,202165,1850,8795985,23371100
9706,85,93,202080,1842,8796078,23095600
9707,96,87,201984,1851,8796165,23819600
9708,102,74,201882,1879,8796239,22813400
9709,83,103,201799,1859,8796342,22712500
9710,96,103,201703,1852,8796445,22975200
9711,107,98,201596,1861,8796543,22792100
9712,92,81,201504,1872,8796624,23169200
9713,109,101,201395,1880,8796725,23497800
9714,98,115,201297,1863,8796840,24400400
9715,113,75,201184,1901,8796915,23143300
9716,95,94,201089,1902,8797009,23010300
9717,91,88,200998,1905,8797097,25767600
9718,117,99,200881,1923,8797196,24176500
9719,107,82,200774,1948,8797278,25395200
9720,91,95,200683,1944,8797373,26336500
9721,105,84,200578,1965,8797457,26378500
9722,91,89,200487,1967,8797546,25394200
9723,80,108,200407,1939,8797654,29737300
9724,86,101,200321,1924,8797755,27847000
9725,110,77,200211,1957,8797832,27638100
9726,105,78,200106,1984,8797910,26872000
9727,111,88,199995,2007,8797998,26470400
9728,110,122,199885,1995,8798120,27277300
9729,105,101,199780,1999,8798221,26052300
9730,91,99,199689,1991,8798320,25896700
9731,111,102,199578,2000,8798422,30001300
9732,102,91,199476,2011,8798513,24559200
9733,93,105,199383,1999,8798618,22905600
9734,90,91,199293,1998,8798709,22586900
9735,97,102,199196,1993,8798811,22530000
9736,107,97,199089,2003,8798908,22726700
9737,112,100,198977,2015,8799008,23736600
9738,83,107,198894,1991,8799115,25844400
9739,107,94,198787,2004,8799209,26475400
9740,96,99,198691,2001,8799308,24455000
9741,109,97,198582,2013,8799405,31186400
9742,107,84,198475,2036,8799489,25863800
9743,105,102,198370,2039,8799591,23455200
9744,108,96,198262,2051,8799687,23833200
9745,102,111,198160,2042,8799798,24625200
9746,88,113,198072,2017,8799911,22900100
9747,93,95,197979,2015,8800006,25024200
9748,97,101,197882,2011,8800107,23600600
9749,86,101,197796,1996,8800208,24110900
9750,101,93,197695,2004,8800301,24079400
9751,88,116,197607,1976,8800417,23162100
9752,84,110,197523,1950,8800527,23234600
9753,90,93,197433,1947,8800620,23698500
9754,89,103,197344,1933,8800723,24373700
9755,92,108,197252,1917,8800831,26068700
9756,97,97,197155,1917,8800928,22981900
9757,93,104,197062,1906,8801032,23461400
9758,111,92,196951,1925,8801124,23631600
9759,104,105,196847,1924,8801229,23129000
9760,112,108,196735,1928,8801337,24442500
9761,98,106,196637,1920,8801443,23220800
9762,86,109,196551,1897,8801552,23648500
9763,97,106,196454,1888,8801658,26428500
9764,87,86,196367,1889,8801744,24463200
9765,93,95,196274,1887,8801839,24560700
9766,108,103,196166,1892,8801942,23120700
9767,77,110,196089,1859,8802052,23710800
9768,113,97,195976,1875,8802149,23909900
9769,113,85,195863,1903,8802234,24802300
9770,86,90,195777,1899,8802324,23709300
9771,108,86,195669,1921,8802410,22949000
9772,99,92,195570,1928,8802502,23788800
9773,105,87,195465,1946,8802589,24208200
9774,108,84,195357,1970,8802673,24463900
9775,90,100,195267,1960,8802773,25915500
9776,96,103,195171,1953,8802876,26694400
9777,83,106,195088,1930,8802982,24381600
9778,92,104,194996,1918,8803086,24545600
9779,116,100,194880,1934,8803186,24905000
9780,106,127,194774,1913,8803313,25942800
9781,105,94,194669,1924,8803407,24053100
9782,92,108,194577,1908,8803515,23781600
9783,92,96,194485,1904,8803611,25753700
9784,94,92,194391,1906,8803703,24700300
9785,82,103,194309,1885,8803806,25723300
9786,103,73,194206,1915,8803879,23988800
9787,86,105,194120,1896,8803984,22556700
9788,101,101,194019,1896,8804085,23004100
9789,82,93,193937,1885,8804178,24206100
9790,105,93,193832,1897,8804271,22598400
9791,89,77,193743,1909,8804348,22674500
9792,92,77,193651,1924,8804425,23121800
9793,97,103,193554,1918,8804528,22511800
9794,83,101,193471,1900,8804629,23168200
9795,103,107,193368,1896,8804736,23191300
9796,101,97,193267,1900,8804833,25125500
9797,85,80,193182,1905,8804913,23494000
9798,93,100,193089,1898,8805013,23140200
9799,88,91,193001,1895,8805104,23071300
9800,88,85,192913,1898,8805189,22689000
9801,81,92,192832,1887,8805281,22716600
9802,89,88,192743,1888,8805369,22634100
9803,80,95,192663,1873,8805464,22512300
9804,92,87,192571,1878,8805551,24067500
9805,102,89,192469,1891,8805640,23436300
9806,96,95,192373,1892,8805735,23849500
9807,90,100,192283,1882,8805835,22978700
9808,70,96,192213,1856,8805931,23658400
9809,99,87,192114,1868,8806018,24733800
9810,83,110,192031,1841,8806128,24144600
9811,80,86,191951,1835,8806214,23875500
9812,80,105,191871,1810,8806319,23736800
9813,102,97,191769,1815,8806416,24169000
9814,83,89,191686,1809,8806505,25260700
9815,99,95,191587,1813,8806600,23630300
9816,88,89,191499,1812,8806689,24230800
9817,89,72,191410,1829,8806761,25869200
9818,92,88,191318,1833,8806849,26612200
9819,83,91,191235,1825,8806940,24303900
9820,97,80,191138,1842,8807020,26086700
9821,94,104,191044,1832,8807124,27119300
9822,90,91,190954,1831,8807215,24813100
9823,85,95,190869,1821,8807310,24519000
9824,83,89,190786,1815,8807399,25132000
9825,93,101,190693,1807,8807500,24695000
9826,88,97,190605,1798,8807597,24701900
9827,80,94,190525,1784,8807691,24430000
9828,93,89,190432,1788,8807780,25010000
9829,88,89,190344,1787,8807869,25076300
9830,93,86,190251,1794,8807955,25483000
9831,87,81,190164,1800,8808036,28457000
9832,68,98,190096,1770,8808134,24997300
9833,71,91,190025,1750,8808225,23847400
9834,103,103,189922,1750,8808328,24371800
9835,74,91,189848,1733,8808419,24446400
9836,96,77,189752,1752,8808496,25107900
9837,78,96,189674,1734,8808592,25259100
9838,90,87,189584,1737,8808679,24781200
9839,97,89,189487,1745,8808768,25311000
9840,89,85,189398,1749,8808853,24648600
9841,102,96,189296,1755,8808949,24181700
9842,89,87,189207,1757,8809036,24108600
9843,91,89,189116,1759,8809125,24277200
9844,78,75,189038,1762,8809200,25159100
9845,74,92,188964,1744,8809292,24634600
9846,82,88,188882,1738,8809380,23737400
9847,84,97,188798,1725,8809477,23106400
9848,83,105,188715,1703,8809582,23189400
9849,78,70,188637,1711,8809652,22664000
9850,81,85,188556,1707,8809737,22839700
9851,101,84,188455,1724,8809821,23159300
9852,91,64,188364,1751,8809885,24495300
9853,78,69,188286,1760,8809954,22653600
9854,94,93,188192,1761,8810047,22876300
9855,109,77,188083,1793,8810124,22598600
9856,80,89,188003,1784,8810213,22836400
9857,100,81,187903,1803,8810294,22734000
9858,84,82,187819,1805,8810376,22646900
9859,70,89,187749,1786,8810465,23036900
9860,74,86,187675,1774,8810551,22743800
9861,93,79,187582,1788,8810630,23569000
9862,97,92,187485,1793,8810722,23724000
9863,93,99,187392,1787,8810821,22744600
9864,90,82,187302,1795,8810903,22632400
9865,74,93,187228,1776,8810996,22689900
9866,72,84,187156,1764,8811080,22670200
9867,77,100,187079,1741,8811180,22941200
9868,103,106,186976,1738,8811286,22705500
9869,74,86,186902,1726,8811372,22724300
9870,81,82,186821,1725,8811454,22719800
9871,83,83,186738,1725,8811537,22872100
9872,76,73,186662,1728,8811610,22960600
9873,90,84,186572,1734,8811694,23733200
9874,82,81,186490,1735,8811775,23115900
9875,95,82,186395,1748,8811857,23032300
9876,92,78,186303,1762,8811935,23716200
9877,91,77,186212,1776,8812012,24150900
9878,106,93,186106,1789,8812105,25252200
9879,89,93,186017,1785,8812198,24357600
9880,82,86,185935,1781,8812284,24634000
9881,101,97,185834,1785,8812381,24860000
9882,91,73,185743,1803,8812454,23643700
9883,69,88,185674,1784,8812542,23539200
9884,100,77,185574,1807,8812619,23209500
9885,88,108,185486,1787,8812727,23324600
9886,100,72,185386,1815,8812799,23528300
9887,99,91,185287,1823,8812890,23197000
9888,84,113,185203,1794,8813003,23132200
9889,79,84,185124,1789,8813087,22901300
9890,92,87,185032,1794,8813174,22707500
9891,94,95,184938,1793,8813269,22608100
9892,96,89,184842,1800,8813358,22685800
9893,83,97,184759,1786,8813455,23220600
9894,88,86,184671,1788,8813541,22770000
9895,94,99,184577,1783,8813640,24317800
9896,96,75,184481,1804,8813715,23033600
9897,86,91,184395,1799,8813806,23537600
9898,71,88,184324,1782,8813894,23549200
9899,82,95,184242,1769,8813989,23121800
9900,71,86,184171,1754,8814075,23221200
9901,78,95,184093,1737,8814170,23730600
9902,81,91,184012,1727,8814261,24351700
9903,77,94,183935,1710,8814355,23584100
9904,83,95,183852,1698,8814450,25340600
9905,93,91,183759,1700,8814541,23455700
9906,89,82,183670,1707,8814623,24567300
9907,70,81,183600,1696,8814704,23809300
9908,69,105,183531,1660,8814809,23668600
9909,70,76,183461,1654,8814885,23498500
9910,78,78,183383,1654,8814963,26580700
9911,64,81,183319,1637,8815044,26737400
9912,92,96,183227,1633,8815140,26719700
9913,90,92,183137,1631,8815232,26021200
9914,69,83,183068,1617,8815315,25887900
9915,92,74,182976,1635,8815389,24610800
9916,72,74,182904,1633,8815463,25275600
9917,75,84,182829,1624,8815547,23048800
9918,82,81,182747,1625,8815628,23174900
9919,84,90,182663,1619,8815718,23059000
9920,79,69,182584,1629,8815787,24136000
9921,84,75,182500,1638,8815862,23584900
9922,80,84,182420,1634,8815946,23261200
9923,83,76,182337,1641,8816022,23812600
9924,101,83,182236,1659,8816105,23119100
9925,83,86,182153,1656,8816191,23397700
9926,99,83,182054,1672,8816274,23232800
9927,99,97,181955,1674,8816371,23762500
9928,77,90,181878,1661,8816461,23463400
9929,99,104,181779,1656,8816565,23740800
9930,87,89,181692,1654,8816654,23516900
9931,78,85,181614,1647,8816739,23576500
9932,86,80,181528,1653,8816819,23679700
9933,81,83,181447,1651,8816902,24633400
9934,73,80,181374,1644,8816982,23408600
9935,94,76,181280,1662,8817058,23347600
9936,81,90,181199,1653,8817148,23490800
9937,99,96,181100,1656,8817244,23247300
9938,83,102,181017,1637,8817346,24315700
9939,89,86,180928,1640,8817432,22892300
9940,80,89,180848,1631,8817521,22898300
9941,79,73,180769,1637,8817594,23295100
9942,73,80,180696,1630,8817674,23335000
9943,104,90,180592,1644,8817764,23239300
9944,95,80,180497,1659,8817844,23267500
9945,99,67,180398,1691,8817911,23499200
9946,90,97,180308,1684,8818008,23311400
9947,85,80,180223,1689,8818088,22960400
9948,88,81,180135,1696,8818169,23078500
9949,98,91,180037,1703,8818260,23161800
9950,89,92,179948,1700,8818352,23775100
9951,85,76,179863,1709,8818428,23864100
9952,98,84,179765,1723,8818512,23544200
9953,106,66,179659,1763,8818578,23290900
9954,95,105,179564,1753,8818683,23028100
9955,78,96,179486,1735,8818779,23135800
9956,95,89,179391,1741,8818868,23326100
9957,79,86,179312,1734,8818954,23313500
9958,108,90,179204,1752,8819044,23294700
9959,96,75,179108,1773,8819119,23960800
9960,89,87,179019,1775,8819206,22968500
9961,90,79,178929,1786,8819285,24114600
9962,86,84,178843,1788,8819369,22939000
9963,64,96,178779,1756,8819465,25148800
9964,71,71,178708,1756,8819536,25779900
9965,68,84,178640,1740,8819620,23359600
9966,85,89,178555,1736,8819709,23117300
9967,82,98,178473,1720,8819807,22894300
9968,59,82,178414,1697,8819889,23089800
9969,76,89,178338,1684,8819978,23134200
9970,72,72,178266,1684,8820050,23688900
9971,82,73,178184,1693,8820123,22889800
9972,85,89,178099,1689,8820212,23738500
9973,76,94,178023,1671,8820306,24413900
9974,79,79,177944,1671,8820385,23234700
9975,83,67,177861,1687,8820452,23564200
9976,78,78,177783,1687,8820530,23679500
9977,85,94,177698,1678,8820624,23418700
9978,76,78,177622,1676,8820702,24694300
9979,81,93,177541,1664,8820795,24024900
9980,83,77,177458,1670,8820872,24173500
9981,81,97,177377,1654,8820969,25418200
9982,82,72,177295,1664,8821041,23753000
9983,89,116,177206,1637,8821157,24651200
9984,90,80,177116,1647,8821237,24206900
9985,94,79,177022,1662,8821316,24089200
9986,78,86,176944,1654,8821402,23536300
9987,81,84,176863,1651,8821486,24193700
9988,84,87,176779,1648,8821573,23287800
9989,97,93,176682,1652,8821666,23710500
9990,75,74,176607,1653,8821740,22955400
9991,88,80,176519,1661,8821820,23124500
9992,89,76,176430,1674,8821896,22795600
9993,87,79,176343,1682,8821975,23628800
9994,80,83,176263,1679,8822058,22930500
9995,97,102,176166,1674,8822160,26281200
9996,89,92,176077,1671,8822252,23484700
9997,102,83,175975,1690,8822335,23162800
9998,92,87,175883,1695,8822422,22887500
9999,88,84,175795,1699,8822506,23375700
10000,94,84,175701,1709,8822590,23595200
10001,90,83,175611,1716,8822673,24827300
10002,85,84,175526,1717,8822757,23673900
10003,91,106,175435,1702,8822863,22882500
10004,74,89,175361,1687,8822952,23697800
10005,76,90,175285,1673,8823042,24365900
10006,79,105,175206,1647,8823147,23582300
10007,74,73,175132,1648,8823220,23751500
10008,101,78,175031,1671,8823298,23384100
10009,68,100,174963,1639,8823398,23669300
10010,91,86,174872,1644,8823484,24009100
10011,82,84,174790,1642,8823568,23219100
10012,73,75,174717,1640,8823643,23807400
10013,76,82,174641,1634,8823725,23182500
10014,74,82,174567,1626,8823807,24250200
10015,78,89,174489,1615,8823896,23649600
10016,90,78,174399,1627,8823974,23040400
10017,77,85,174322,1619,8824059,25275300
10018,81,79,174241,1621,8824138,23910200
10019,76,81,174165,1616,8824219,23444800
10020,76,64,174089,1628,8824283,24861300
10021,69,73,174020,1624,8824356,24505700
10022,81,78,173939,1627,8824434,23911500
10023,85,80,173854,1632,8824514,24443000
10024,64,88,173790,1608,8824602,23840900
10025,66,81,173724,1593,8824683,25636700
10026,72,80,173652,1585,8824763,25711800
10027,66,90,173586,1561,8824853,24234400
10028,81,78,173505,1564,8824931,24208800
10029,79,78,173426,1565,8825009,24360400
10030,75,70,173351,1570,8825079,25556400
10031,59,80,173292,1549,8825159,25134400
10032,82,95,173210,1536,8825254,25502500
10033,92,72,173118,1556,8825326,28993600
10034,80,88,173038,1548,8825414,24871000
10035,76,68,172962,1556,8825482,24429500
10036,67,69,172895,1554,8825551,24799900
10037,85,81,172810,1558,8825632,24345700
10038,85,75,172725,1568,8825707,24550800
10039,69,91,172656,1546,8825798,25010300
10040,78,73,172578,1551,8825871,26442900
10041,80,78,172498,1553,8825949,25452600
10042,94,78,172404,1569,8826027,23864300
10043,68,75,172336,1562,8826102,23676400
10044,74,78,172262,1558,8826180,23380600
10045,88,92,172174,1554,8826272,23450300
10046,55,70,172119,1539,8826342,24359000
10047,74,57,172045,1556,8826399,26373000
10048,73,78,171972,1551,8826477,24001000
10049,67,90,171905,1528,8826567,22860700
10050,73,71,171832,1530,8826638,23660200
10051,74,77,171758,1527,8826715,22367200
10052,57,83,171701,1501,8826798,24272400
10053,57,74,171644,1484,8826872,26287000
10054,73,69,171571,1488,8826941,22548200
10055,76,65,171495,1499,8827006,22642500
10056,74,70,171421,1503,8827076,23140300
10057,74,68,171347,1509,8827144,23641000
10058,71,63,171276,1517,8827207,23014100
10059,74,66,171202,1525,8827273,22805700
10060,63,65,171139,1523,8827338,24450700
10061,73,68,171066,1528,8827406,25307100
10062,73,79,170993,1522,8827485,27645700
10063,83,79,170910,1526,8827564,24564400
10064,67,66,170843,1527,8827630,26580400
10065,69,71,170774,1525,8827701,24273700
10066,64,93,170710,1496,8827794,25467100
10067,61,72,170649,1485,8827866,27283200
10068,78,61,170571,1502,8827927,24418900
10069,70,77,170501,1495,8828004,25100300
10070,82,74,170419,1503,8828078,25946400
10071,72,72,170347,1503,8828150,23694700
10072,65,82,170282,1486,8828232,26235300
10073,71,64,170211,1493,8828296,26272300
10074,68,75,170143,1486,8828371,23715500
10075,68,61,170075,1493,8828432,24354200
10076,85,77,169990,1501,8828509,24897200
10077,70,71,169920,1500,8828580,24107600
10078,77,89,169843,1488,8828669,24150500
10079,85,76,169758,1497,8828745,23788200
10080,74,76,169684,1495,8828821,24477200
10081,64,68,169620,1491,8828889,23323200
10082,71,70,169549,1492,8828959,24276600
10083,68,71,169481,1489,8829030,23761600
10084,80,86,169401,1483,8829116,24226800
10085,85,81,169316,1487,8829197,25344400
10086,76,75,169240,1488,8829272,24183200
10087,77,70,169163,1495,8829342,23457000
10088,73,66,169090,1502,8829408,23325800
10089,78,84,169012,1496,8829492,22692900
10090,65,79,168947,1482,8829571,23000100
10091,85,74,168862,1493,8829645,23851000
10092,74,73,168788,1494,8829718,23848100
10093,76,84,168712,1486,8829802,23830800
10094,69,84,168643,1471,8829886,24789800
10095,80,68,168563,1483,8829954,23532900
10096,78,77,168485,1484,8830031,23699200
10097,88,66,168397,1506,8830097,26245100
10098,70,78,168327,1498,8830175,25625500
10099,66,89,168261,1475,8830264,23145800
10100,90,67,168171,1498,8830331,23321200
10101,80,68,168091,1510,8830399,23758300
10102,55,73,168036,1492,8830472,23589500
10103,90,89,167946,1493,8830561,23095000
10104,75,71,167871,1497,8830632,23090000
10105,89,85,167782,1501,8830717,24639600
10106,67,76,167715,1492,8830793,24267900
10107,83,71,167632,1504,8830864,24769100
10108,84,65,167548,1523,8830929,24443300
10109,82,65,167466,1540,8830994,24035300
10110,74,73,167392,1541,8831067,24316700
10111,93,76,167299,1558,8831143,24302600
10112,85,77,167214,1566,8831220,30065200
10113,71,76,167143,1561,8831296,27921100
10114,84,93,167059,1552,8831389,31884100
10115,83,62,166976,1573,8831451,23556400
10116,74,83,166902,1564,8831534,23489300
10117,73,74,166829,1563,8831608,25270500
10118,72,77,166757,1558,8831685,26356500
10119,89,78,166668,1569,8831763,24376100
10120,75,74,166593,1570,8831837,24278800
10121,65,82,166528,1553,8831919,24588900
10122,74,75,166454,1552,8831994,25011500
10123,75,69,166379,1558,8832063,26725000
10124,71,71,166308,1558,8832134,27763100
10125,64,86,166244,1536,8832220,28669700
10126,78,75,166166,1539,8832295,26767600
10127,81,80,166085,1540,8832375,29020600
10128,85,80,166000,1545,8832455,36700100
10129,68,77,165932,1536,8832532,26733900
10130,75,65,165857,1546,8832597,31077300
10131,79,69,165778,1556,8832666,28227300
10132,73,66,165705,1563,8832732,26748400
10133,76,78,165629,1561,8832810,27007400
10134,76,79,165553,1558,8832889,25236900
10135,56,93,165497,1521,8832982,25430300
10136,65,81,165432,1505,8833063,22937100
10137,72,71,165360,1506,8833134,23325100
10138,77,74,165283,1509,8833208,23223200
10139,76,73,165207,1512,8833281,23175000
10140,73,90,165134,1495,8833371,22770400
10141,84,75,165050,1504,8833446,23287600
10142,78,84,164972,1498,8833530,22737400
10143,75,90,164897,1483,8833620,26231400
10144,67,92,164830,1458,8833712,23009500
10145,74,80,164756,1452,8833792,22821000
10146,83,85,164673,1450,8833877,22741800
10147,78,67,164595,1461,8833944,22623600
10148,69,91,164526,1439,8834035,22511800
10149,68,70,164458,1437,8834105,22826100
10150,67,59,164391,1445,8834164,23170800
10151,68,62,164323,1451,8834226,22964700
10152,58,66,164265,1443,8834292,22720100
10153,64,55,164201,1452,8834347,22541600
10154,62,70,164139,1444,8834417,22536300
10155,60,72,164079,1432,8834489,23389900
10156,84,64,163995,1452,8834553,22607100
10157,62,78,163933,1436,8834631,22722900
10158,65,73,163868,1428,8834704,22899500
10159,63,91,163805,1400,8834795,22499800
10160,71,54,163734,1417,8834849,23278500
10161,69,74,163665,1412,8834923,22647700
10162,65,58,163600,1419,8834981,23598500
10163,68,62,163532,1425,8835043,22886800
10164,61,87,163471,1399,8835130,23389200
10165,67,79,163404,1387,8835209,22623700
10166,82,65,163322,1404,8835274,23581300
10167,68,63,163254,1409,8835337,23348800
10168,63,66,163191,1406,8835403,23605000
10169,72,78,163119,1400,8835481,25915700
10170,73,77,163046,1396,8835558,23173100
10171,66,68,162980,1394,8835626,22816100
10172,64,60,162916,1398,8835686,22626500
10173,66,65,162850,1399,8835751,22698000
10174,60,73,162790,1386,8835824,23130800
10175,76,77,162714,1385,8835901,22665200
10176,71,66,162643,1390,8835967,22638200
10177,67,91,162576,1366,8836058,22723600
10178,73,71,162503,1368,8836129,23210900
10179,68,74,162435,1362,8836203,23197800
10180,81,66,162354,1377,8836269,23501100
10181,67,61,162287,1383,8836330,23588700
10182,67,72,162220,1378,8836402,23469700
10183,81,74,162139,1385,8836476,23189000
10184,85,61,162054,1409,8836537,24809900
10185,77,66,161977,1420,8836603,24081700
10186,73,75,161904,1418,8836678,24031100
10187,83,78,161821,1423,8836756,23083100
10188,81,77,161740,1427,8836833,22830100
10189,65,77,161675,1415,8836910,22580700
10190,70,77,161605,1408,8836987,22593100
10191,63,65,161542,1406,8837052,22611100
10192,66,59,161476,1413,8837111,22907700
10193,81,80,161395,1414,8837191,22815800
10194,77,74,161318,1417,8837265,22701000
10195,62,76,161256,1403,8837341,22996700
10196,79,70,161177,1412,8837411,22984000
10197,57,76,161120,1393,8837487,22705500
10198,70,83,161050,1380,8837570,23179200
10199,66,74,160984,1372,8837644,23020100
10200,68,66,160916,1374,8837710,22943500
10201,56,62,160860,1368,8837772,24154600
10202,57,70,160803,1355,8837842,23749600
10203,56,74,160747,1337,8837916,28719900
10204,62,65,160685,1334,8837981,23653700
10205,64,58,160621,1340,8838039,23367900
10206,78,79,160543,1339,8838118,23107500
10207,56,55,160487,1340,8838173,23575300
10208,65,73,160422,1332,8838246,25114300
10209,54,59,160368,1327,8838305,26131000
10210,70,67,160298,1330,8838372,24441900
10211,62,56,160236,1336,8838428,23962100
10212,73,82,160163,1327,8838510,24274800
10213,62,67,160101,1322,8838577,23209500
10214,74,85,160027,1311,8838662,22983700
10215,60,66,159967,1305,8838728,26855400
10216,75,76,159892,1304,8838804,24100400
10217,81,80,159811,1305,8838884,29482800
10218,60,52,159751,1313,8838936,24473600
10219,55,67,159696,1301,8839003,25445400
10220,73,68,159623,1306,8839071,23665300
10221,81,63,159542,1324,8839134,23594300
10222,61,66,159481,1319,8839200,23813400
10223,79,58,159402,1340,8839258,23951900
10224,73,61,159329,1352,8839319,22981600
10225,70,65,159259,1357,8839384,23042600
10226,76,67,159183,1366,8839451,23234300
10227,76,62,159107,1380,8839513,23087600
10228,61,60,159046,1381,8839573,23276100
10229,70,66,158976,1385,8839639,26416000
10230,58,69,158918,1374,8839708,28433600
10231,63,83,158855,1354,8839791,24737000
10232,75,82,158780,1347,8839873,23948500
10233,75,69,158705,1353,8839942,23602000
10234,63,82,158642,1334,8840024,24418000
10235,65,66,158577,1333,8840090,23478200
10236,56,66,158521,1323,8840156,23537100
10237,61,67,158460,1317,8840223,24007500
10238,67,70,158393,1314,8840293,23893700
10239,50,59,158343,1305,8840352,23330400
10240,68,56,158275,1317,8840408,23303300
10241,75,71,158200,1321,8840479,23491200
10242,66,78,158134,1309,8840557,23986100
10243,70,63,158064,1316,8840620,23461800
10244,55,74,158009,1297,8840694,22819600
10245,53,67,157956,1283,8840761,23515000
10246,49,68,157907,1264,8840829,23009900
10247,58,70,157849,1252,8840899,24333200
10248,81,67,157768,1266,8840966,23346500
10249,53,62,157715,1257,8841028,23622700
10250,66,56,157649,1267,8841084,22764100
10251,57,64,157592,1260,8841148,24301400
10252,49,56,157543,1253,8841204,23563100
10253,65,58,157478,1260,8841262,23331900
10254,72,64,157406,1268,8841326,23341000
10255,71,58,157335,1281,8841384,23243500
10256,64,65,157271,1280,8841449,23064300
10257,62,70,157209,1272,8841519,22855400
10258,62,57,157147,1277,8841576,22660300
10259,65,72,157082,1270,8841648,23849800
10260,64,56,157018,1278,8841704,22969100
10261,63,63,156955,1278,8841767,22791600
10262,68,59,156887,1287,8841826,23251500
10263,58,61,156829,1284,8841887,23134000
10264,61,67,156768,1278,8841954,23359300
10265,77,60,156691,1295,8842014,25486200
10266,67,58,156624,1304,8842072,23386500
10267,58,61,156566,1301,8842133,23092200
10268,64,65,156502,1300,8842198,23572900
10269,76,61,156426,1315,8842259,23970000
10270,76,70,156350,1321,8842329,24280900
10271,50,62,156300,1309,8842391,23001000
10272,67,62,156233,1314,8842453,23540400
10273,62,74,156171,1302,8842527,23692100
10274,62,46,156109,1318,8842573,22688000
10275,55,55,156054,1318,8842628,24129400
10276,61,59,155993,1320,8842687,24694900
10277,64,80,155929,1304,8842767,23295200
10278,68,70,155861,1302,8842837,22752600
10279,67,73,155794,1296,8842910,22873500
10280,57,71,155737,1282,8842981,22333000
10281,64,71,155673,1275,8843052,23292500
10282,68,55,155605,1288,8843107,23745000
10283,56,59,155549,1285,8843166,23944000
10284,47,64,155502,1268,8843230,23645800
10285,58,68,155444,1258,8843298,23359000
10286,74,67,155370,1265,8843365,23783500
10287,65,62,155305,1268,8843427,23653600
10288,52,63,155253,1257,8843490,24183200
10289,48,66,155205,1239,8843556,23596000
10290,55,49,155150,1245,8843605,24172000
10291,54,77,155096,1222,8843682,22996100
10292,61,75,155035,1208,8843757,22233400
10293,53,68,154982,1193,8843825,23644400
10294,56,68,154926,1181,8843893,25049600
10295,59,50,154867,1190,8843943,25463000
10296,54,62,154813,1182,8844005,23853100
10297,68,57,154745,1193,8844062,23089800
10298,68,58,154677,1203,8844120,22748200
10299,61,66,154616,1198,8844186,22431800
10300,67,66,154549,1199,8844252,23232400
10301,72,56,154477,1215,8844308,22589800
10302,73,63,154404,1225,8844371,22799700
10303,57,55,154347,1227,8844426,22787900
10304,81,56,154266,1252,8844482,27787300
10305,68,72,154198,1248,8844554,29185600
10306,60,59,154138,1249,8844613,25426700
10307,65,52,154073,1262,8844665,24143100
10308,72,59,154001,1275,8844724,23300300
10309,72,55,153929,1292,8844779,24350400
10310,73,70,153856,1295,8844849,23894000
10311,68,54,153788,1309,8844903,26371700
10312,65,70,153723,1304,8844973,23373400
10313,58,65,153665,1297,8845038,24435700
10314,56,73,153609,1280,8845111,24444300
10315,51,50,153558,1281,8845161,24145800
10316,64,65,153494,1280,8845226,23734600
10317,57,74,153437,1263,8845300,23049400
10318,59,68,153378,1254,8845368,22864900
10319,60,68,153318,1246,8845436,22295000
10320,62,71,153256,1237,8845507,22465000
10321,57,48,153199,1246,8845555,23284700
10322,55,54,153144,1247,8845609,22863400
10323,65,61,153079,1251,8845670,23319000
10324,42,60,153037,1233,8845730,23643200
10325,76,68,152961,1241,8845798,22996800
10326,60,54,152901,1247,8845852,23099900
10327,45,66,152856,1226,8845918,24032500
10328,63,53,152793,1236,8845971,23941000
10329,54,60,152739,1230,8846031,23282800
10330,52,65,152687,1217,8846096,23515800
10331,47,50,152640,1214,8846146,23457400
10332,53,56,152587,1211,8846202,23302500
10333,49,68,152538,1192,8846270,23179700
10334,48,47,152490,1193,8846317,23776000
10335,54,57,152436,1190,8846374,23770800
10336,54,71,152382,1173,8846445,24579700
10337,59,61,152323,1171,8846506,25071500
10338,59,52,152264,1178,8846558,24458400
10339,55,54,152209,1179,8846612,23989500
10340,49,47,152160,1181,8846659,24173600
10341,52,61,152108,1172,8846720,24215100
10342,67,68,152041,1171,8846788,22374500
10343,51,55,151990,1167,8846843,22349000
10344,49,53,151941,1163,8846896,24653700
10345,66,60,151875,1169,8846956,23438000
10346,60,60,151815,1169,8847016,23167200
10347,53,65,151762,1157,8847081,23184600
10348,61,56,151701,1162,8847137,24218300
10349,51,64,151650,1149,8847201,24674300
10350,56,67,151594,1138,8847268,23880600
10351,62,73,151532,1127,8847341,23128200
10352,70,61,151462,1136,8847402,22469600
10353,70,52,151392,1154,8847454,22470000
10354,76,67,151316,1163,8847521,22415500
10355,57,54,151259,1166,8847575,24390000
10356,70,60,151189,1176,8847635,23474800
10357,48,64,151141,1160,8847699,22504700
10358,57,55,151084,1162,8847754,23008000
10359,49,63,151035,1148,8847817,23136500
10360,69,64,150966,1153,8847881,22409300
10361,46,58,150920,1141,8847939,23084800
10362,60,54,150860,1147,8847993,23688700
10363,60,62,150800,1145,8848055,23498800
10364,58,42,150742,1161,8848097,22364200
10365,69,54,150673,1176,8848151,23232900
10366,62,55,150611,1183,8848206,23155800
10367,68,67,150543,1184,8848273,23533800
10368,67,59,150476,1192,8848332,23624500
10369,83,54,150393,1221,8848386,22754900
10370,62,55,150331,1228,8848441,23128300
10371,54,59,150277,1223,8848500,23538100
10372,57,60,150220,1220,8848560,23213700
10373,62,62,150158,1220,8848622,24312400
10374,52,61,150106,1211,8848683,23126400
10375,59,61,150047,1209,8848744,23101700
10376,67,61,149980,1215,8848805,22833200
10377,63,71,149917,1207,8848876,24405300
10378,74,70,149843,1211,8848946,25624000
10379,63,56,149780,1218,8849002,24762400
10380,71,76,149709,1213,8849078,24331500
10381,64,68,149645,1209,8849146,24452300
10382,52,50,149593,1211,8849196,24139200
10383,60,59,149533,1212,8849255,22938100
10384,66,62,149467,1216,8849317,23885200
10385,52,58,149415,1210,8849375,23241600
10386,65,62,149350,1213,8849437,25461400
10387,68,56,149282,1225,8849493,23249500
10388,55,61,149227,1219,8849554,25188200
10389,61,63,149166,1217,8849617,24550400
10390,79,73,149087,1223,8849690,25551000
10391,73,66,149014,1230,8849756,23353900
10392,66,59,148948,1237,8849815,23331100
10393,54,64,148894,1227,8849879,23259400
10394,52,71,148842,1208,8849950,22427400
10395,72,58,148770,1222,8850008,23159800
10396,82,67,148688,1237,8850075,23208600
10397,55,61,148633,1231,8850136,23053200
10398,61,72,148572,1220,8850208,23935100
10399,64,73,148508,1211,8850281,23264500
10400,63,54,148445,1220,8850335,22722600
10401,58,64,148387,1214,8850399,22307600
10402,60,64,148327,1210,8850463,24307900
10403,56,68,148271,1198,8850531,23747100
10404,76,62,148195,1212,8850593,25205900
10405,76,52,148119,1236,8850645,23512600
10406,80,54,148039,1262,8850699,22958500
10407,64,74,147975,1252,8850773,22521900
10408,67,63,147908,1256,8850836,22334000
10409,65,80,147843,1241,8850916,22504300
10410,66,69,147777,1238,8850985,22356700
10411,65,62,147712,1241,8851047,22420900
10412,66,66,147646,1241,8851113,22442000
10413,55,73,147591,1223,8851186,22306900
10414,61,61,147530,1223,8851247,24022400
10415,68,52,147462,1239,8851299,22396000
10416,70,71,147392,1238,8851370,23854400
10417,68,57,147324,1249,8851427,23290400
10418,69,52,147255,1266,8851479,22628500
10419,75,67,147180,1274,8851546,22309600
10420,64,66,147116,1272,8851612,23815900
10421,77,59,147039,1290,8851671,22993800
10422,66,57,146973,1299,8851728,24311900
10423,52,61,146921,1290,8851789,25333900
10424,53,61,146868,1282,8851850,24135700
10425,52,72,146816,1262,8851922,22837700
10426,63,56,146753,1269,8851978,23516000
10427,57,68,146696,1258,8852046,23493100
10428,56,70,146640,1244,8852116,23242900
10429,53,69,146587,1228,8852185,22761600
10430,64,57,146523,1235,8852242,22882300
10431,69,63,146454,1241,8852305,24074000
10432,46,54,146408,1233,8852359,24754200
10433,52,60,146356,1225,8852419,24063100
10434,50,55,146306,1220,8852474,23795900
10435,57,65,146249,1212,8852539,25688500
10436,55,55,146194,1212,8852594,24254400
10437,53,58,146141,1207,8852652,23512000
10438,56,73,146085,1190,8852725,23423800
10439,43,43,146042,1190,8852768,23315200
10440,43,52,145999,1181,8852820,23289200
10441,60,50,145939,1191,8852870,23950100
10442,45,52,145894,1184,8852922,24150600
10443,47,57,145847,1174,8852979,25495300
10444,60,55,145787,1179,8853034,24187600
10445,40,54,145747,1165,8853088,24153200
10446,54,55,145693,1164,8853143,23017000
10447,56,53,145637,1167,8853196,24145900
10448,52,61,145585,1158,8853257,23221600
10449,53,56,145532,1155,8853313,23972400
10450,65,47,145467,1173,8853360,22444600
10451,50,60,145417,1163,8853420,22461500
10452,46,73,145371,1136,8853493,23719500
10453,63,64,145308,1135,8853557,22935300
10454,46,62,145262,1119,8853619,24394400
10455,60,56,145202,1123,8853675,22325600
10456,38,62,145164,1099,8853737,22424900
10457,46,53,145118,1092,8853790,22427300
10458,56,49,145062,1099,8853839,22346300
10459,55,55,145007,1099,8853894,22316000
10460,53,57,144954,1095,8853951,22560600
10461,50,57,144904,1088,8854008,22337600
10462,59,50,144845,1097,8854058,22309300
10463,43,48,144802,1092,8854106,22678200
10464,54,60,144748,1086,8854166,25275200
10465,51,66,144697,1071,8854232,23987100
10466,64,65,144633,1070,8854297,23416000
10467,44,55,144589,1059,8854352,23386900
10468,43,50,144546,1052,8854402,23970900
10469,48,54,144498,1046,8854456,23782300
10470,50,62,144448,1034,8854518,24252600
10471,44,62,144404,1016,8854580,22599200
10472,49,50,144355,1015,8854630,22970900
10473,49,46,144306,1018,8854676,22804600
10474,56,46,144250,1028,8854722,22420500
10475,45,58,144205,1015,8854780,24511100
10476,50,47,144155,1018,8854827,22451500
10477,47,48,144108,1017,8854875,25002600
10478,40,50,144068,1007,8854925,25722400
10479,48,58,144020,997,8854983,23420000
10480,52,47,143968,1002,8855030,23225400
10481,54,44,143914,1012,8855074,23694800
10482,57,47,143857,1022,8855121,23020900
10483,55,51,143802,1026,8855172,23035800
10484,60,53,143742,1033,8855225,23157300
10485,44,45,143698,1032,8855270,23738700
10486,49,53,143649,1028,8855323,24180300
10487,52,47,143597,1033,8855370,23696700
10488,57,65,143540,1025,8855435,24395300
10489,50,42,143490,1033,8855477,24085600
10490,59,50,143431,1042,8855527,24297000
10491,41,43,143390,1040,8855570,23884100
10492,49,64,143341,1025,8855634,25460000
10493,46,41,143295,1030,8855675,25976200
10494,57,53,143238,1034,8855728,23662800
10495,57,66,143181,1025,8855794,25120700
10496,57,54,143124,1028,8855848,22290000
10497,40,75,143084,993,8855923,22480700
10498,35,51,143049,977,8855974,22080900
10499,48,52,143001,973,8856026,22289100
10500,39,41,142962,971,8856067,23496200
10501,43,46,142919,968,8856113,24823700
10502,27,57,142892,938,8856170,22293200
10503,39,53,142853,924,8856223,23562200
10504,43,51,142810,916,8856274,23835200
10505,40,45,142770,911,8856319,23236700
10506,29,42,142741,898,8856361,23062700
10507,39,44,142702,893,8856405,23942100
10508,39,48,142663,884,8856453,23856200
10509,40,39,142623,885,8856492,22358100
10510,37,48,142586,874,8856540,22845000
10511,38,41,142548,871,8856581,23419800
10512,34,44,142514,861,8856625,23258800
10513,40,35,142474,866,8856660,22237900
10514,50,43,142424,873,8856703,23474500
10515,40,38,142384,875,8856741,23489200
10516,46,48,142338,873,8856789,24232700
10517,43,44,142295,872,8856833,25080600
10518,48,46,142247,874,8856879,23748700
10519,47,45,142200,876,8856924,23298300
10520,43,54,142157,865,8856978,22555000
10521,56,44,142101,877,8857022,22289100
10522,42,35,142059,884,8857057,22295200
10523,52,37,142007,899,8857094,22532000
10524,50,49,141957,900,8857143,23349000
10525,54,40,141903,914,8857183,23415200
10526,40,46,141863,908,8857229,22369100
10527,45,37,141818,916,8857266,22215700
10528,49,48,141769,917,8857314,23668600
10529,44,40,141725,921,8857354,22153400
10530,49,51,141676,919,8857405,22261100
10531,50,49,141626,920,8857454,22197000
10532,45,47,141581,918,8857501,23321200
10533,43,64,141538,897,8857565,23654700
10534,42,42,141496,897,8857607,22356500
10535,49,39,141447,907,8857646,23549600
10536,43,44,141404,906,8857690,22382100
10537,55,54,141349,907,8857744,23718800
10538,46,37,141303,916,8857781,23002800
10539,40,42,141263,914,8857823,23805400
10540,34,41,141229,907,8857864,24439800
10541,46,52,141183,901,8857916,23421000
10542,57,34,141126,924,8857950,24312400
10543,48,44,141078,928,8857994,23956900
10544,45,56,141033,917,8858050,25246200
10545,54,51,140979,920,8858101,24590200
10546,59,41,140920,938,8858142,24557200
10547,48,46,140872,940,8858188,24098300
10548,42,45,140830,937,8858233,24541900
10549,54,56,140776,935,8858289,25808300
10550,52,42,140724,945,8858331,25144900
10551,52,41,140672,956,8858372,28890100
10552,48,48,140624,956,8858420,24302000
10553,53,33,140571,976,8858453,23196300
10554,55,49,140516,982,8858502,24082900
10555,55,57,140461,980,8858559,23795600
10556,47,55,140414,972,8858614,25424600
10557,48,39,140366,981,8858653,25264400
10558,52,44,140314,989,8858697,23687200
10559,64,49,140250,1004,8858746,23618400
10560,51,56,140199,999,8858802,22432400
10561,51,43,140148,1007,8858845,22412800
10562,54,59,140094,1002,8858904,22993200
10563,47,51,140047,998,8858955,23039800
10564,52,44,139995,1006,8858999,22239700
10565,43,46,139952,1003,8859045,22674000
10566,39,59,139913,983,8859104,22412400
10567,53,47,139860,989,8859151,23873600
10568,44,40,139816,993,8859191,23706300
10569,54,44,139762,1003,8859235,22427000
10570,50,46,139712,1007,8859281,23682800
10571,51,54,139661,1004,8859335,23835400
10572,48,59,139613,993,8859394,23063200
10573,52,45,139561,1000,8859439,22628700
10574,53,50,139508,1003,8859489,22520400
10575,37,63,139471,977,8859552,22494100
10576,43,50,139428,970,8859602,23444400
10577,48,56,139380,962,8859658,22880700
10578,51,55,139329,958,8859713,23390000
10579,47,59,139282,946,8859772,22866900
10580,45,49,139237,942,8859821,23099600
10581,40,44,139197,938,8859865,23782500
10582,32,58,139165,912,8859923,23781500
10583,53,39,139112,926,8859962,22351800
10584,61,49,139051,938,8860011,22421500
10585,45,51,139006,932,8860062,23399300
10586,53,41,138953,944,8860103,22804100
10587,48,43,138905,949,8860146,23016100
10588,58,54,138847,953,8860200,23090600
10589,54,54,138793,953,8860254,22892300
10590,56,51,138737,958,8860305,23655300
10591,49,42,138688,965,8860347,22978700
10592,45,42,138643,968,8860389,23969800
10593,52,55,138591,965,8860444,25904500
10594,56,45,138535,976,8860489,25865100
10595,49,50,138486,975,8860539,24121600
10596,47,52,138439,970,8860591,23982900
10597,54,36,138385,988,8860627,25434800
10598,36,41,138349,983,8860668,24526800
10599,46,49,138303,980,8860717,23333600
10600,57,62,138246,975,8860779,23067900
10601,40,56,138206,959,8860835,23506100
10602,36,60,138170,935,8860895,23164900
10603,54,38,138116,951,8860933,23515900
10604,54,42,138062,963,8860975,22907400
10605,54,42,138008,975,8861017,23527200
10606,49,51,137959,973,8861068,23303500
10607,42,51,137917,964,8861119,22304800
10608,56,39,137861,981,8861158,22703000
10609,51,61,137810,971,8861219,22935300
10610,45,61,137765,955,8861280,22320500
10611,34,51,137731,938,8861331,22413900
10612,44,47,137687,935,8861378,23702800
10613,36,44,137651,927,8861422,23782500
10614,40,42,137611,925,8861464,22657600
10615,56,44,137555,937,8861508,23097800
10616,47,52,137508,932,8861560,22623200
10617,38,47,137470,923,8861607,22699300
10618,37,46,137433,914,8861653,22777800
10619,41,45,137392,910,8861698,22784300
10620,45,41,137347,914,8861739,23357900
10621,48,48,137299,914,8861787,22273400
10622,39,53,137260,900,8861840,22699700
10623,43,45,137217,898,8861885,22404800
10624,41,48,137176,891,8861933,23587300
10625,40,46,137136,885,8861979,22300200
10626,34,41,137102,878,8862020,22564800
10627,34,43,137068,869,8862063,23073300
10628,48,30,137020,887,8862093,23123100
10629,40,39,136980,888,8862132,22838200
10630,45,42,136935,891,8862174,22281000
10631,44,33,136891,902,8862207,22186600
10632,46,47,136845,901,8862254,22203800
10633,36,41,136809,896,8862295,22981000
10634,33,53,136776,876,8862348,23219900
10635,49,37,136727,888,8862385,22774800
10636,32,42,136695,878,8862427,25415300
10637,38,42,136657,874,8862469,25578700
10638,26,48,136631,852,8862517,24366700
10639,39,37,136592,854,8862554,23370600
10640,39,48,136553,845,8862602,22797000
10641,33,33,136520,845,8862635,23191900
10642,41,49,136479,837,8862684,24871700
10643,38,41,136441,834,8862725,28602900
10644,36,51,136405,819,8862776,24680600
10645,41,48,136364,812,8862824,23851600
10646,39,48,136325,803,8862872,23383500
10647,35,40,136290,798,8862912,24017700
10648,25,43,136265,780,8862955,23273100
10649,31,48,136234,763,8863003,24412800
10650,31,38,136203,756,8863041,24912300
10651,27,35,136176,748,8863076,23177100
10652,28,37,136148,739,8863113,22580900
10653,26,41,136122,724,8863154,23312300
10654,26,31,136096,719,8863185,22507600
10655,30,31,136066,718,8863216,22675800
10656,35,31,136031,722,8863247,22453400
10657,25,44,136006,703,8863291,23757600
10658,20,31,135986,692,8863322,23021600
10659,19,36,135967,675,8863358,23563100
10660,18,33,135949,660,8863391,23256900
10661,28,37,135921,651,8863428,23628800
10662,19,31,135902,639,8863459,22430300
10663,21,31,135881,629,8863490,24477700
10664,25,44,135856,610,8863534,24570900
10665,22,44,135834,588,8863578,24535500
10666,14,33,135820,569,8863611,23747100
10667,13,18,135807,564,8863629,23988600
10668,16,29,135791,551,8863658,24254500
10669,24,21,135767,554,8863679,23149300
10670,16,24,135751,546,8863703,22540700
10671,21,24,135730,543,8863727,22344000
10672,19,28,135711,534,8863755,22394600
10673,12,26,135699,520,8863781,22358700
10674,17,35,135682,502,8863816,22229700
10675,17,24,135665,495,8863840,22512500
10676,12,27,135653,480,8863867,26312000
10677,14,28,135639,466,8863895,26338700
10678,14,20,135625,460,8863915,31525400
10679,17,22,135608,455,8863937,28111100
10680,11,22,135597,444,8863959,26658000
10681,21,19,135576,446,8863978,25724400
10682,18,27,135558,437,8864005,25196000
10683,26,19,135532,444,8864024,25595500
10684,13,18,135519,439,8864042,23896200
10685,23,27,135496,435,8864069,23250900
10686,9,18,135487,426,8864087,23595100
10687,16,24,135471,418,8864111,23384100
10688,10,12,135461,416,8864123,22189800
10689,13,23,135448,406,8864146,23104300
10690,15,19,135433,402,8864165,22822200
10691,14,26,135419,390,8864191,22487300
10692,10,16,135409,384,8864207,22311200
10693,10,18,135399,376,8864225,22465000
10694,17,23,135382,370,8864248,23134000
10695,15,20,135367,365,8864268,22981200
10696,11,23,135356,353,8864291,23129900
10697,7,13,135349,347,8864304,24020600
10698,15,16,135334,346,8864320,23167700
10699,6,15,135328,337,8864335,22982800
10700,19,15,135309,341,8864350,24279800
10701,11,18,135298,334,8864368,25010700
10702,15,17,135283,332,8864385,23446800
10703,11,21,135272,322,8864406,22591100
10704,6,21,135266,307,8864427,23183200
10705,20,14,135246,313,8864441,22823200
10706,17,13,135229,317,8864454,22820300
10707,9,13,135220,313,8864467,22269000
10708,9,15,135211,307,8864482,22269200
10709,7,12,135204,302,8864494,23963700
10710,14,16,135190,300,8864510,24367000
10711,7,19,135183,288,8864529,22850600
10712,13,12,135170,289,8864541,22457700
10713,9,16,135161,282,8864557,22320600
10714,5,12,135156,275,8864569,22671800
10715,10,21,135146,264,8864590,22295600
10716,8,10,135138,262,8864600,24210500
10717,4,9,135134,257,8864609,23286800
10718,1,10,135133,248,8864619,22692200
10719,3,14,135130,237,8864633,23153100
10720,3,14,135127,226,8864647,23713800
10721,1,10,135126,217,8864657,23480000
10722,4,7,135122,214,8864664,22491300
10723,5,9,135117,210,8864673,23499400
10724,1,15,135116,196,8864688,22339200
10725,1,11,135115,186,8864699,22311600
10726,3,8,135112,181,8864707,22706600
10727,0,10,135112,171,8864717,23223200
10728,2,6,135110,167,8864723,22533700
10729,3,9,135107,161,8864732,24561800
10730,2,3,135105,160,8864735,23587500
10731,2,10,135103,152,8864745,23578700
10732,1,12,135102,141,8864757,23242000
10733,1,7,135101,135,8864764,26023000
10734,2,5,135099,132,8864769,25104100
10735,1,5,135098,128,8864774,23603000
10736,1,6,135097,123,8864780,25216200
10737,1,4,135096,120,8864784,24049400
10738,0,5,135096,115,8864789,24119400
10739,0,4,135096,111,8864793,26370900
10740,0,8,135096,103,8864801,25417500
10741,0,5,135096,98,8864806,23738100
10742,0,2,135096,96,8864808,27194200
10743,1,8,135095,89,8864816,24836800
10744,0,3,135095,86,8864819,25895600
10745,0,6,135095,80,8864825,25084000
10746,0,6,135095,74,8864831,23753900
10747,0,2,135095,72,8864833,23335500
10748,0,2,135095,70,8864835,23276900
10749,0,4,135095,66,8864839,23932200
10750,0,4,135095,62,8864843,24222200
10751,0,4,135095,58,8864847,23362300
10752,1,2,135094,57,8864849,23660800
10753,0,2,135094,55,8864851,23069300
10754,0,2,135094,53,8864853,22906000
10755,0,2,135094,51,8864855,24223700
10756,0,3,135094,48,8864858,22459800
10757,0,4,135094,44,8864862,22704900
10758,0,2,135094,42,8864864,23156700
10759,0,4,135094,38,8864868,23051400
10760,0,6,135094,32,8864874,23733200
10761,0,2,135094,30,8864876,23276000
10762,0,2,135094,28,8864878,24260500
10763,0,1,135094,27,8864879,22673900
10764,0,4,135094,23,8864883,22873800
10765,0,1,135094,22,8864884,23998100
10766,0,2,135094,20,8864886,23666700
10767,0,2,135094,18,8864888,24787600
10768,0,0,135094,18,8864888,25692500
10769,0,2,135094,16,8864890,28693100
10770,0,0,135094,16,8864890,22756200
10771,0,1,135094,15,8864891,22216200
10772,0,0,135094,15,8864891,22235800
10773,0,1,135094,14,8864892,22340800
10774,0,1,135094,13,8864893,22880200
10775,0,0,135094,13,8864893,22933200
10776,0,0,135094,13,8864893,22881300
10777,0,0,135094,13,8864893,23295600
10778,0,1,135094,12,8864894,23049100
10779,0,2,135094,10,8864896,23794500
10780,0,1,135094,9,8864897,23026200
10781,0,0,135094,9,8864897,22684400
10782,0,0,135094,9,8864897,22649500
10783,0,0,135094,9,8864897,25473400
10784,0,1,135094,8,8864898,23258700
10785,0,2,135094,6,8864900,22239300
10786,0,0,135094,6,8864900,23264700
10787,0,0,135094,6,8864900,22797600
10788,0,1,135094,5,8864901,22982800
10789,0,0,135094,5,8864901,22993000
10790,0,0,135094,5,8864901,23059900
10791,0,0,135094,5,8864901,22686700
10792,0,0,135094,5,8864901,24337700
10793,0,0,135094,5,8864901,22409700
10794,0,0,135094,5,8864901,22515900
10795,0,1,135094,4,8864902,23280500
10796,0,0,135094,4,8864902,24800000
10797,0,0,135094,4,8864902,23663200
10798,0,0,135094,4,8864902,24336300
10799,0,0,135094,4,8864902,23774600
10800,0,0,135094,4,8864902,24137500
10801,0,0,135094,4,8864902,23826000
10802,0,0,135094,4,8864902,23460500
10803,0,0,135094,4,8864902,23650000
10804,0,0,135094,4,8864902,23557000
10805,0,0,135094,4,8864902,23411500
10806,0,0,135094,4,8864902,22666300
10807,0,0,135094,4,8864902,22986300
10808,0,0,135094,4,8864902,23279400
10809,0,0,135094,4,8864902,22887800
10810,0,0,135094,4,8864902,22483600
10811,0,0,135094,4,8864902,22780000
10812,0,0,135094,4,8864902,23117900
10813,0,0,135094,4,8864902,22853300
10814,0,0,135094,4,8864902,23507100
10815,0,0,135094,4,8864902,23072500
10816,0,0,135094,4,8864902,23537800
10817,0,1,135094,3,8864903,24223200
10818,0,0,135094,3,8864903,23454200
10819,0,0,135094,3,8864903,23557900
10820,0,1,135094,2,8864904,23099700
10821,0,1,135094,1,8864905,23068400
10822,0,0,135094,1,8864905,23273900
10823,0,0,135094,1,8864905,23190600
10824,0,0,135094,1,8864905,23295500
10825,0,0,135094,1,8864905,23136500
10826,0,0,135094,1,8864905,23086600
10827,0,0,135094,1,8864905,22721800
10828,0,0,135094,1,8864905,22891400
10829,0,0,135094,1,8864905,23405400
10830,0,0,135094,1,8864905,22611300
10831,0,0,135094,1,8864905,23085300
10832,0,0,135094,1,8864905,22651900
10833,0,0,135094,1,8864905,23394400
10834,0,0,135094,1,8864905,22328500
10835,0,0,135094,1,8864905,22314600
10836,0,0,135094,1,8864905,22604400
10837,0,0,135094,1,8864905,22416900
10838,0,0,135094,1,8864905,22394300
10839,0,0,135094,1,8864905,22837800
10840,0,0,135094,1,8864905,23777400
10841,0,0,135094,1,8864905,23003200
10842,0,0,135094,1,8864905,23841600
10843,0,1,135094,0,8864906,22985100
