Tick,NewlyInfected,NewlyRecovered,TotalSusceptible,TotalInfected,TotalRecovered,StepTimeNanos
0,2,0,3999993,7,0,8799600
1,2,0,3999991,9,0,8426900
2,2,0,3999989,11,0,8125900
3,3,0,3999986,14,0,8307300
4,1,1,3999985,14,1,8292500
5,7,0,3999978,21,1,8304700
6,3,0,3999975,24,1,8299800
7,2,0,3999973,26,1,8222800
8,4,1,3999969,29,2,8140300
9,6,1,3999963,34,3,8234500
10,2,3,3999961,33,6,8264300
11,5,1,3999956,37,7,9222600
12,4,0,3999952,41,7,8833000
13,9,3,3999943,47,10,8468300
14,7,1,3999936,53,11,9768200
15,8,4,3999928,57,15,8449800
16,10,1,3999918,66,16,8509600
17,16,0,3999902,82,16,8750800
18,8,6,3999894,84,22,8473500
19,9,7,3999885,86,29,8442100
20,7,2,3999878,91,31,8311000
21,10,4,3999868,97,35,8398800
22,10,5,3999858,102,40,8578100
23,14,5,3999844,111,45,8384200
24,16,2,3999828,125,47,8318300
25,12,5,3999816,132,52,8536300
26,19,6,3999797,145,58,8376200
27,13,11,3999784,147,69,8378500
28,9,6,3999775,150,75,8100100
29,12,8,3999763,154,83,8121500
30,8,12,3999755,150,95,8043100
31,14,4,3999741,160,99,8076400
32,14,12,3999727,162,111,8321600
33,18,11,3999709,169,122,8273000
34,17,15,3999692,171,137,8144900
35,15,7,3999677,179,144,8300800
36,21,5,3999656,195,149,8147900
37,22,9,3999634,208,158,8397600
38,26,11,3999608,223,169,8249700
39,29,7,3999579,245,176,8224500
40,21,15,3999558,251,191,8075000
41,25,14,3999533,262,205,8308400
42,30,14,3999503,278,219,8324300
43,26,14,3999477,290,233,8409500
44,16,19,3999461,287,252,8383500
45,21,20,3999440,288,272,8368600
46,26,11,3999414,303,283,8513400
47,30,18,3999384,315,301,8353000
48,25,13,3999359,327,314,8358000
49,24,20,3999335,331,334,8283900
50,28,11,3999307,348,345,8295400
51,26,13,3999281,361,358,9160000
52,25,16,3999256,370,374,8421600
53,21,18,3999235,373,392,8422500
54,36,27,3999199,382,419,8147500
55,36,20,3999163,398,439,8220700
56,29,12,3999134,415,451,8443100
57,34,20,3999100,429,471,8566800
58,38,21,3999062,446,492,8294000
59,33,30,3999029,449,522,8008800
60,36,20,3998993,465,542,8144700
61,45,26,3998948,484,568,8089400
62,33,19,3998915,498,587,8397600
63,48,21,3998867,525,608,8297400
64,57,36,3998810,546,644,8389700
65,42,33,3998768,555,677,8681600
66,44,23,3998724,576,700,8527100
67,52,30,3998672,598,730,8488100
68,50,21,3998622,627,751,8303200
69,45,25,3998577,647,776,8241400
70,54,29,3998523,672,805,8112600
71,63,39,3998460,696,844,8083500
72,56,36,3998404,716,880,8183800
73,46,20,3998358,742,900,8231900
74,54,46,3998304,750,946,8157000
75,54,23,3998250,781,969,8136800
76,51,41,3998199,791,1010,8034300
77,59,37,3998140,813,1047,8103700
78,53,37,3998087,829,1084,8202300
79,60,44,3998027,845,1128,8110300
80,71,45,3997956,871,1173,8304600
81,60,52,3997896,879,1225,8043700
82,66,53,3997830,892,1278,7934900
83,64,30,3997766,926,1308,8108600
84,66,53,3997700,939,1361,8143000
85,74,51,3997626,962,1412,8009100
86,59,47,3997567,974,1459,8111600
87,71,51,3997496,994,1510,8314700
88,58,45,3997438,1007,1555,8135900
89,75,39,3997363,1043,1594,8079800
90,71,52,3997292,1062,1646,8025500
91,72,45,3997220,1089,1691,8212300
92,66,55,3997154,1100,1746,8269200
93,59,62,3997095,1097,1808,8223700
94,66,55,3997029,1108,1863,8416900
95,62,39,3996967,1131,1902,8661400
96,58,51,3996909,1138,1953,8161200
97,67,56,3996842,1149,2009,8440100
98,77,55,3996765,1171,2064,8315000
99,68,63,3996697,1176,2127,8286700
100,57,66,3996640,1167,2193,8158300
101,69,57,3996571,1179,2250,8282900
102,67,60,3996504,1186,2310,8024600
103,75,61,3996429,1200,2371,8052200
104,79,61,3996350,1218,2432,7916400
105,84,60,3996266,1242,2492,8185200
106,79,58,3996187,1263,2550,8606400
107,73,65,3996114,1271,2615,8044800
108,70,67,3996044,1274,2682,8095300
109,80,60,3995964,1294,2742,8082100
110,83,59,3995881,1318,2801,8226800
111,89,63,3995792,1344,2864,8089600
112,92,84,3995700,1352,2948,8045100
113,81,75,3995619,1358,3023,8411000
114,87,87,3995532,1358,3110,8122000
115,79,60,3995453,1377,3170,8017300
116,77,51,3995376,1403,3221,8266100
117,89,73,3995287,1419,3294,8406300
118,86,64,3995201,1441,3358,8012600
119,68,71,3995133,1438,3429,8569400
120,81,68,3995052,1451,3497,8095600
121,89,63,3994963,1477,3560,8239900
122,98,67,3994865,1508,3627,8179500
123,99,80,3994766,1527,3707,8152800
124,107,80,3994659,1554,3787,8198800
125,98,84,3994561,1568,3871,8043700
126,97,72,3994464,1593,3943,8141400
127,97,83,3994367,1607,4026,8859300
128,89,69,3994278,1627,4095,8798600
129,103,84,3994175,1646,4179,8489300
130,98,75,3994077,1669,4254,8344600
131,110,77,3993967,1702,4331,8610900
132,116,99,3993851,1719,4430,8643300
133,104,79,3993747,1744,4509,8738900
134,109,80,3993638,1773,4589,8683200
135,112,80,3993526,1805,4669,9139400
136,87,69,3993439,1823,4738,8659400
137,110,67,3993329,1866,4805,8799300
138,114,83,3993215,1897,4888,8756000
139,105,76,3993110,1926,4964,8968900
140,106,84,3993004,1948,5048,8583500
141,97,92,3992907,1953,5140,9233000
142,111,114,3992796,1950,5254,8581200
143,112,87,3992684,1975,5341,8863300
144,106,100,3992578,1981,5441,8583400
145,116,92,3992462,2005,5533,8546400
146,106,99,3992356,2012,5632,8551300
147,94,113,3992262,1993,5745,8762800
148,97,109,3992165,1981,5854,9074800
149,104,101,3992061,1984,5955,8785400
150,111,107,3991950,1988,6062,14538800
151,80,87,3991870,1981,6149,9394400
152,113,95,3991757,1999,6244,9916700
153,115,98,3991642,2016,6342,9128500
154,102,98,3991540,2020,6440,8829700
155,118,108,3991422,2030,6548,9144300
156,121,102,3991301,2049,6650,8496200
157,117,101,3991184,2065,6751,8441500
158,107,105,3991077,2067,6856,8680300
159,112,103,3990965,2076,6959,8481800
160,104,99,3990861,2081,7058,9278700
161,135,108,3990726,2108,7166,8796200
162,121,108,3990605,2121,7274,8355100
163,131,81,3990474,2171,7355,9084600
164,109,121,3990365,2159,7476,8719800
165,135,107,3990230,2187,7583,9138400
166,148,138,3990082,2197,7721,9175700
167,104,98,3989978,2203,7819,9023100
168,109,102,3989869,2210,7921,8624600
169,129,104,3989740,2235,8025,8576400
170,122,114,3989618,2243,8139,8733800
171,125,115,3989493,2253,8254,8660900
172,118,102,3989375,2269,8356,8721100
173,136,115,3989239,2290,8471,8775600
174,129,115,3989110,2304,8586,8453400
175,124,117,3988986,2311,8703,8520800
176,145,127,3988841,2329,8830,9304000
177,131,127,3988710,2333,8957,8495200
178,129,105,3988581,2357,9062,8765200
179,152,113,3988429,2396,9175,8660600
180,126,132,3988303,2390,9307,8600200
181,134,146,3988169,2378,9453,8679300
182,137,114,3988032,2401,9567,8561200
183,143,118,3987889,2426,9685,8469100
184,152,117,3987737,2461,9802,8618400
185,134,132,3987603,2463,9934,8601800
186,136,116,3987467,2483,10050,8367700
187,143,124,3987324,2502,10174,8542600
188,139,143,3987185,2498,10317,8516100
189,145,135,3987040,2508,10452,9009800
190,137,110,3986903,2535,10562,8521800
191,151,125,3986752,2561,10687,8509800
192,158,132,3986594,2587,10819,8614400
193,163,142,3986431,2608,10961,8452100
194,146,128,3986285,2626,11089,8745500
195,166,131,3986119,2661,11220,8760900
196,150,144,3985969,2667,11364,8537900
197,146,144,3985823,2669,11508,8945000
198,171,143,3985652,2697,11651,8597700
199,164,125,3985488,2736,11776,9132800
200,165,154,3985323,2747,11930,8611900
201,156,145,3985167,2758,12075,8658100
202,154,151,3985013,2761,12226,9321500
203,164,132,3984849,2793,12358,8442000
204,161,150,3984688,2804,12508,9358000
205,170,141,3984518,2833,12649,8863300
206,172,124,3984346,2881,12773,8512000
207,176,135,3984170,2922,12908,8459700
208,174,164,3983996,2932,13072,8339200
209,184,150,3983812,2966,13222,8311500
210,162,139,3983650,2989,13361,8535500
211,171,154,3983479,3006,13515,8476500
212,178,154,3983301,3030,13669,8781400
213,169,143,3983132,3056,13812,9168300
214,180,173,3982952,3063,13985,8548200
215,182,160,3982770,3085,14145,8409900
216,177,135,3982593,3127,14280,8432600
217,191,142,3982402,3176,14422,8992500
218,185,146,3982217,3215,14568,8939600
219,204,167,3982013,3252,14735,8213600
220,195,178,3981818,3269,14913,8402800
221,188,174,3981630,3283,15087,8716300
222,194,147,3981436,3330,15234,8288100
223,196,179,3981240,3347,15413,8315700
224,184,152,3981056,3379,15565,8058200
225,183,172,3980873,3390,15737,8287300
226,191,170,3980682,3411,15907,8255700
227,183,185,3980499,3409,16092,8272100
228,211,178,3980288,3442,16270,8331800
229,189,179,3980099,3452,16449,8607600
230,179,162,3979920,3469,16611,8707600
231,184,170,3979736,3483,16781,8875700
232,216,177,3979520,3522,16958,8979000
233,211,176,3979309,3557,17134,8485800
234,189,154,3979120,3592,17288,8568100
235,183,158,3978937,3617,17446,8310200
236,194,189,3978743,3622,17635,9138800
237,201,200,3978542,3623,17835,8685200
238,194,190,3978348,3627,18025,8965900
239,209,171,3978139,3665,18196,9221400
240,212,197,3977927,3680,18393,8659000
241,193,173,3977734,3700,18566,8200300
242,190,207,3977544,3683,18773,7881100
243,217,183,3977327,3717,18956,8538900
244,192,194,3977135,3715,19150,8119800
245,220,181,3976915,3754,19331,8429100
246,211,175,3976704,3790,19506,8137300
247,195,179,3976509,3806,19685,8148600
248,211,189,3976298,3828,19874,8180700
249,187,191,3976111,3824,20065,8235600
250,212,176,3975899,3860,20241,8496900
251,202,183,3975697,3879,20424,8192200
252,197,181,3975500,3895,20605,8267700
253,233,186,3975267,3942,20791,8024200
254,194,206,3975073,3930,20997,7923800
255,187,217,3974886,3900,21214,8043600
256,188,212,3974698,3876,21426,7917800
257,194,200,3974504,3870,21626,8397900
258,228,193,3974276,3905,21819,8692200
259,195,193,3974081,3907,22012,8111100
260,207,187,3973874,3927,22199,8614200
261,227,205,3973647,3949,22404,8438000
262,220,221,3973427,3948,22625,8513200
263,207,199,3973220,3956,22824,8142300
264,229,201,3972991,3984,23025,8246900
265,214,210,3972777,3988,23235,8250600
266,208,179,3972569,4017,23414,8491700
267,210,205,3972359,4022,23619,8281400
268,223,205,3972136,4040,23824,8127300
269,202,211,3971934,4031,24035,8485200
270,219,193,3971715,4057,24228,8453100
271,246,253,3971469,4050,24481,8724500
272,257,207,3971212,4100,24688,8396400
273,236,222,3970976,4114,24910,8414900
274,226,212,3970750,4128,25122,8631000
275,249,228,3970501,4149,25350,8361500
276,244,218,3970257,4175,25568,9229000
277,248,237,3970009,4186,25805,8846800
278,200,204,3969809,4182,26009,8902500
279,255,208,3969554,4229,26217,9029300
280,231,188,3969323,4272,26405,8762100
281,227,209,3969096,4290,26614,8829400
282,248,181,3968848,4357,26795,8630000
283,229,211,3968619,4375,27006,8359500
284,239,241,3968380,4373,27247,7885100
285,244,229,3968136,4388,27476,8127300
286,223,235,3967913,4376,27711,7761900
287,227,207,3967686,4396,27918,8142500
288,238,229,3967448,4405,28147,8342400
289,220,220,3967228,4405,28367,8372000
290,228,213,3967000,4420,28580,8779000
291,227,246,3966773,4401,28826,8668300
292,238,234,3966535,4405,29060,8542800
293,224,223,3966311,4406,29283,8599500
294,247,211,3966064,4442,29494,8903100
295,231,214,3965833,4459,29708,8660600
296,241,235,3965592,4465,29943,9007300
297,242,209,3965350,4498,30152,8902900
298,243,231,3965107,4510,30383,8948600
299,207,226,3964900,4491,30609,9018600
300,252,204,3964648,4539,30813,8449300
301,246,253,3964402,4532,31066,8279100
302,241,198,3964161,4575,31264,8247800
303,263,217,3963898,4621,31481,8557300
304,252,203,3963646,4670,31684,8561200
305,248,246,3963398,4672,31930,9184300
306,244,224,3963154,4692,32154,9085000
307,264,219,3962890,4737,32373,9266300
308,238,244,3962652,4731,32617,8477600
309,267,248,3962385,4750,32865,8574500
310,232,243,3962153,4739,33108,8679900
311,266,250,3961887,4755,33358,8558500
312,249,220,3961638,4784,33578,8552400
313,302,273,3961336,4813,33851,8344800
314,250,244,3961086,4819,34095,8513000
315,261,234,3960825,4846,34329,8469400
316,255,254,3960570,4847,34583,8607300
317,256,277,3960314,4826,34860,8468700
318,246,233,3960068,4839,35093,8270500
319,280,253,3959788,4866,35346,8354300
320,273,225,3959515,4914,35571,8496400
321,254,231,3959261,4937,35802,8552100
322,248,249,3959013,4936,36051,8205000
323,267,236,3958746,4967,36287,8424300
324,249,259,3958497,4957,36546,8447100
325,238,235,3958259,4960,36781,8202500
326,247,251,3958012,4956,37032,8108400
327,257,235,3957755,4978,37267,8161900
328,250,241,3957505,4987,37508,7960100
329,241,242,3957264,4986,37750,8124200
330,259,250,3957005,4995,38000,8224500
331,266,278,3956739,4983,38278,8178600
332,270,246,3956469,5007,38524,8344500
333,255,223,3956214,5039,38747,8054800
334,253,261,3955961,5031,39008,7897200
335,243,242,3955718,5032,39250,7855200
336,278,243,3955440,5067,39493,8263500
337,295,268,3955145,5094,39761,8110000
338,264,260,3954881,5098,40021,8097100
339,277,247,3954604,5128,40268,8349400
340,255,247,3954349,5136,40515,8837400
341,283,246,3954066,5173,40761,9016100
342,273,246,3953793,5200,41007,8633700
343,244,239,3953549,5205,41246,8383700
344,284,272,3953265,5217,41518,8167200
345,305,256,3952960,5266,41774,8405500
346,291,267,3952669,5290,42041,8489800
347,248,253,3952421,5285,42294,8821300
348,282,263,3952139,5304,42557,8474200
349,279,258,3951860,5325,42815,8907500
350,284,289,3951576,5320,43104,8145700
351,262,274,3951314,5308,43378,8338100
352,289,267,3951025,5330,43645,8458800
353,289,244,3950736,5375,43889,7946700
354,256,283,3950480,5348,44172,7982500
355,286,229,3950194,5405,44401,8448500
356,259,275,3949935,5389,44676,7952600
357,276,266,3949659,5399,44942,7970900
358,282,298,3949377,5383,45240,8360100
359,302,257,3949075,5428,45497,8658300
360,296,281,3948779,5443,45778,8038400
361,316,270,3948463,5489,46048,7858800
362,274,263,3948189,5500,46311,7823600
363,297,252,3947892,5545,46563,8383200
364,299,268,3947593,5576,46831,8235900
365,263,277,3947330,5562,47108,8207900
366,304,295,3947026,5571,47403,8157900
367,290,254,3946736,5607,47657,8268600
368,302,270,3946434,5639,47927,8136700
369,297,294,3946137,5642,48221,8071300
370,282,297,3945855,5627,48518,8380500
371,278,337,3945577,5568,48855,7971600
372,267,267,3945310,5568,49122,7714400
373,263,262,3945047,5569,49384,8033800
374,311,293,3944736,5587,49677,7785000
375,298,296,3944438,5589,49973,7893700
376,284,272,3944154,5601,50245,7835400
377,315,274,3943839,5642,50519,8115100
378,302,272,3943537,5672,50791,7922900
379,304,274,3943233,5702,51065,8167400
380,276,304,3942957,5674,51369,8023600
381,306,294,3942651,5686,51663,7834200
382,317,274,3942334,5729,51937,8015300
383,310,314,3942024,5725,52251,7787100
384,330,294,3941694,5761,52545,8326900
385,327,268,3941367,5820,52813,7959900
386,294,275,3941073,5839,53088,8175700
387,304,261,3940769,5882,53349,8146300
388,341,289,3940428,5934,53638,7856500
389,308,311,3940120,5931,53949,7997400
390,327,281,3939793,5977,54230,8027900
391,286,282,3939507,5981,54512,7831600
392,345,283,3939162,6043,54795,8050500
393,305,313,3938857,6035,55108,7776400
394,314,290,3938543,6059,55398,7650500
395,341,293,3938202,6107,55691,7765000
396,339,308,3937863,6138,55999,7917000
397,316,314,3937547,6140,56313,8080500
398,327,278,3937220,6189,56591,8707900
399,348,350,3936872,6187,56941,8234800
400,357,303,3936515,6241,57244,8138300
401,334,302,3936181,6273,57546,8197800
402,363,297,3935818,6339,57843,8123500
403,327,318,3935491,6348,58161,7936300
404,344,318,3935147,6374,58479,7954300
405,316,312,3934831,6378,58791,7986000
406,369,326,3934462,6421,59117,7991900
407,323,335,3934139,6409,59452,8241200
408,341,344,3933798,6406,59796,7807100
409,338,312,3933460,6432,60108,8050100
410,364,334,3933096,6462,60442,7994700
411,325,324,3932771,6463,60766,7840000
412,311,327,3932460,6447,61093,7715300
413,347,338,3932113,6456,61431,7895800
414,365,298,3931748,6523,61729,8278100
415,317,310,3931431,6530,62039,8042700
416,323,334,3931108,6519,62373,7893300
417,307,327,3930801,6499,62700,7961400
418,336,307,3930465,6528,63007,8091300
419,344,346,3930121,6526,63353,8463000
420,336,296,3929785,6566,63649,7889000
421,325,301,3929460,6590,63950,8070200
422,323,322,3929137,6591,64272,7792400
423,305,345,3928832,6551,64617,7929100
424,329,343,3928503,6537,64960,7879900
425,320,326,3928183,6531,65286,7776400
426,352,296,3927831,6587,65582,8250700
427,301,363,3927530,6525,65945,7937700
428,330,342,3927200,6513,66287,7937900
429,340,332,3926860,6521,66619,7947400
430,331,300,3926529,6552,66919,8337900
431,335,321,3926194,6566,67240,8298300
432,356,315,3925838,6607,67555,8081100
433,366,316,3925472,6657,67871,8062800
434,314,288,3925158,6683,68159,7961200
435,341,299,3924817,6725,68458,8100100
436,311,363,3924506,6673,68821,8461400
437,322,311,3924184,6684,69132,7923100
438,333,320,3923851,6697,69452,7885700
439,356,338,3923495,6715,69790,8109200
440,325,345,3923170,6695,70135,8150700
441,320,302,3922850,6713,70437,8072500
442,363,323,3922487,6753,70760,7888400
443,351,320,3922136,6784,71080,8018800
444,332,325,3921804,6791,71405,8007500
445,321,349,3921483,6763,71754,8680600
446,311,356,3921172,6718,72110,8284100
447,355,314,3920817,6759,72424,8689700
448,369,342,3920448,6786,72766,8524600
449,320,332,3920128,6774,73098,8600900
450,356,347,3919772,6783,73445,8278700
451,317,369,3919455,6731,73814,8252900
452,352,335,3919103,6748,74149,8186500
453,354,335,3918749,6767,74484,8341800
454,355,312,3918394,6810,74796,8130200
455,378,403,3918016,6785,75199,8382500
456,341,316,3917675,6810,75515,8352800
457,331,331,3917344,6810,75846,8231000
458,359,331,3916985,6838,76177,8545900
459,364,341,3916621,6861,76518,8845400
460,348,368,3916273,6841,76886,9119500
461,313,337,3915960,6817,77223,8355300
462,345,330,3915615,6832,77553,8877400
463,342,351,3915273,6823,77904,8354000
464,322,327,3914951,6818,78231,8334800
465,358,349,3914593,6827,78580,8510800
466,334,376,3914259,6785,78956,8165000
467,362,327,3913897,6820,79283,8286700
468,334,321,3913563,6833,79604,8159900
469,346,342,3913217,6837,79946,8108300
470,320,332,3912897,6825,80278,8186700
471,330,324,3912567,6831,80602,8370200
472,382,338,3912185,6875,80940,8048900
473,353,382,3911832,6846,81322,8479800
474,358,306,3911474,6898,81628,8928900
475,365,339,3911109,6924,81967,9131200
476,364,306,3910745,6982,82273,9589900
477,340,358,3910405,6964,82631,8560400
478,348,332,3910057,6980,82963,8481900
479,360,354,3909697,6986,83317,9129800
480,377,381,3909320,6982,83698,8658500
481,385,331,3908935,7036,84029,9001900
482,395,360,3908540,7071,84389,8002000
483,387,354,3908153,7104,84743,8078700
484,385,386,3907768,7103,85129,8505400
485,365,366,3907403,7102,85495,8702500
486,354,364,3907049,7092,85859,8254300
487,392,347,3906657,7137,86206,8237500
488,394,373,3906263,7158,86579,8149800
489,381,382,3905882,7157,86961,8204600
490,394,339,3905488,7212,87300,7976500
491,386,357,3905102,7241,87657,7987800
492,399,348,3904703,7292,88005,8194000
493,373,355,3904330,7310,88360,8000700
494,407,376,3903923,7341,88736,7878600
495,413,365,3903510,7389,89101,7966400
496,387,385,3903123,7391,89486,8242100
497,392,400,3902731,7383,89886,7791400
498,372,344,3902359,7411,90230,7779900
499,389,385,3901970,7415,90615,7819200
500,396,370,3901574,7441,90985,7878100
501,400,343,3901174,7498,91328,7840300
502,369,379,3900805,7488,91707,7699400
503,362,384,3900443,7466,92091,7892800
504,402,365,3900041,7503,92456,7847900
505,406,376,3899635,7533,92832,7874900
506,376,395,3899259,7514,93227,8524000
507,404,365,3898855,7553,93592,8151900
508,404,405,3898451,7552,93997,7977400
509,455,376,3897996,7631,94373,8019900
510,382,378,3897614,7635,94751,8188400
511,403,366,3897211,7672,95117,8766500
512,427,378,3896784,7721,95495,8157800
513,405,381,3896379,7745,95876,8197800
514,402,406,3895977,7741,96282,8158800
515,426,388,3895551,7779,96670,8310400
516,371,379,3895180,7771,97049,7910600
517,366,404,3894814,7733,97453,7801200
518,412,333,3894402,7812,97786,7766100
519,405,410,3893997,7807,98196,7901200
520,395,354,3893602,7848,98550,7877800
521,446,393,3893156,7901,98943,7950300
522,411,404,3892745,7908,99347,7973700
523,407,422,3892338,7893,99769,7835900
524,391,412,3891947,7872,100181,7727400
525,405,392,3891542,7885,100573,7949000
526,449,368,3891093,7966,100941,7894000
527,412,385,3890681,7993,101326,7987600
528,409,416,3890272,7986,101742,7984800
529,416,419,3889856,7983,102161,8131700
530,401,386,3889455,7998,102547,7995800
531,424,414,3889031,8008,102961,7829700
532,402,403,3888629,8007,103364,7895000
533,420,411,3888209,8016,103775,7975700
534,427,414,3887782,8029,104189,8038900
535,414,386,3887368,8057,104575,8611400
536,442,407,3886926,8092,104982,8111600
537,401,388,3886525,8105,105370,8136400
538,412,402,3886113,8115,105772,8067400
539,435,379,3885678,8171,106151,8186100
540,390,434,3885288,8127,106585,8064600
541,406,405,3884882,8128,106990,8411100
542,423,392,3884459,8159,107382,8294500
543,440,401,3884019,8198,107783,8355100
544,429,387,3883590,8240,108170,9196400
545,453,410,3883137,8283,108580,8436100
546,426,382,3882711,8327,108962,8164100
547,431,413,3882280,8345,109375,8029600
548,429,453,3881851,8321,109828,8069300
549,450,381,3881401,8390,110209,7988600
550,441,428,3880960,8403,110637,8022400
551,444,425,3880516,8422,111062,8232900
552,437,379,3880079,8480,111441,8180000
553,424,432,3879655,8472,111873,8137200
554,460,442,3879195,8490,112315,8042900
555,459,439,3878736,8510,112754,8323300
556,434,423,3878302,8521,113177,8019800
557,377,403,3877925,8495,113580,7920200
558,422,418,3877503,8499,113998,8064200
559,419,402,3877084,8516,114400,8393700
560,421,435,3876663,8502,114835,7955300
561,481,428,3876182,8555,115263,8099900
562,408,434,3875774,8529,115697,7971400
563,443,427,3875331,8545,116124,8055400
564,453,392,3874878,8606,116516,7944200
565,470,408,3874408,8668,116924,8139200
566,486,431,3873922,8723,117355,7919300
567,467,414,3873455,8776,117769,8150600
568,469,433,3872986,8812,118202,8087900
569,445,446,3872541,8811,118648,8251300
570,507,455,3872034,8863,119103,8057500
571,478,460,3871556,8881,119563,8186600
572,496,467,3871060,8910,120030,7939000
573,494,445,3870566,8959,120475,8052200
574,468,475,3870098,8952,120950,7860900
575,486,437,3869612,9001,121387,7942300
576,508,432,3869104,9077,121819,7927300
577,480,457,3868624,9100,122276,7966900
578,496,451,3868128,9145,122727,8210500
579,511,459,3867617,9197,123186,8058700
580,477,451,3867140,9223,123637,8275600
581,472,456,3866668,9239,124093,8406000
582,496,445,3866172,9290,124538,8178300
583,490,433,3865682,9347,124971,8195500
584,456,474,3865226,9329,125445,8344800
585,463,450,3864763,9342,125895,7999600
586,497,474,3864266,9365,126369,8454800
587,465,480,3863801,9350,126849,8412000
588,462,495,3863339,9317,127344,8259800
589,476,444,3862863,9349,127788,8179400
590,499,477,3862364,9371,128265,8005100
591,474,458,3861890,9387,128723,7862600
592,504,487,3861386,9404,129210,7838600
593,508,480,3860878,9432,129690,7873800
594,476,454,3860402,9454,130144,8709500
595,475,494,3859927,9435,130638,8057300
596,525,478,3859402,9482,131116,7951600
597,493,490,3858909,9485,131606,7733600
598,495,471,3858414,9509,132077,7800800
599,514,491,3857900,9532,132568,8085700
600,464,432,3857436,9564,133000,8030700
601,461,502,3856975,9523,133502,8050000
602,497,484,3856478,9536,133986,8288800
603,502,480,3855976,9558,134466,8127200
604,467,496,3855509,9529,134962,8169000
605,473,476,3855036,9526,135438,8161600
606,504,453,3854532,9577,135891,8174200
607,466,454,3854066,9589,136345,8147600
608,501,492,3853565,9598,136837,8116900
609,499,505,3853066,9592,137342,8208000
610,500,480,3852566,9612,137822,8247400
611,477,487,3852089,9602,138309,8182000
612,460,458,3851629,9604,138767,8058500
613,514,504,3851115,9614,139271,7902400
614,486,459,3850629,9641,139730,7975700
615,506,497,3850123,9650,140227,8067700
616,515,493,3849608,9672,140720,8171900
617,508,487,3849100,9693,141207,8113000
618,520,512,3848580,9701,141719,8219300
619,454,490,3848126,9665,142209,8395600
620,478,461,3847648,9682,142670,9616900
621,492,504,3847156,9670,143174,8556700
622,511,502,3846645,9679,143676,7907900
623,494,464,3846151,9709,144140,7883100
624,481,492,3845670,9698,144632,7924900
625,471,472,3845199,9697,145104,7846000
626,493,499,3844706,9691,145603,7865200
627,511,514,3844195,9688,146117,8115400
628,500,499,3843695,9689,146616,7827600
629,512,517,3843183,9684,147133,7682800
630,483,450,3842700,9717,147583,8010800
631,515,479,3842185,9753,148062,7911600
632,479,493,3841706,9739,148555,8073400
633,465,484,3841241,9720,149039,7940700
634,458,474,3840783,9704,149513,8027600
635,476,491,3840307,9689,150004,7944400
636,518,447,3839789,9760,150451,7846100
637,469,518,3839320,9711,150969,7729600
638,469,454,3838851,9726,151423,7822600
639,473,476,3838378,9723,151899,7973900
640,483,491,3837895,9715,152390,8187300
641,482,506,3837413,9691,152896,7931400
642,497,487,3836916,9701,153383,8290500
643,495,499,3836421,9697,153882,7795200
644,495,540,3835926,9652,154422,7889300
645,506,492,3835420,9666,154914,8275100
646,466,479,3834954,9653,155393,8026600
647,494,529,3834460,9618,155922,8113800
648,446,475,3834014,9589,156397,7780800
649,444,426,3833570,9607,156823,8010700
650,477,510,3833093,9574,157333,7841200
651,481,453,3832612,9602,157786,7963000
652,505,478,3832107,9629,158264,7977300
653,488,492,3831619,9625,158756,7745000
654,492,494,3831127,9623,159250,7972800
655,499,456,3830628,9666,159706,8143900
656,496,485,3830132,9677,160191,7858300
657,504,509,3829628,9672,160700,8078900
658,554,519,3829074,9707,161219,8193500
659,523,480,3828551,9750,161699,8118400
660,526,440,3828025,9836,162139,7820200
661,513,454,3827512,9895,162593,8419700
662,496,499,3827016,9892,163092,7946600
663,531,511,3826485,9912,163603,7748300
664,488,484,3825997,9916,164087,8025000
665,525,553,3825472,9888,164640,7835900
666,506,458,3824966,9936,165098,7845100
667,535,461,3824431,10010,165559,7847200
668,513,499,3823918,10024,166058,7940800
669,532,496,3823386,10060,166554,8028000
670,522,509,3822864,10073,167063,8178500
671,543,467,3822321,10149,167530,7934100
672,533,517,3821788,10165,168047,7814000
673,570,509,3821218,10226,168556,7832500
674,536,502,3820682,10260,169058,7666600
675,547,465,3820135,10342,169523,7743900
676,538,500,3819597,10380,170023,8362300
677,519,543,3819078,10356,170566,8125600
678,545,497,3818533,10404,171063,7947100
679,497,548,3818036,10353,171611,7900000
680,566,542,3817470,10377,172153,8251200
681,508,488,3816962,10397,172641,8250200
682,551,520,3816411,10428,173161,8190400
683,528,541,3815883,10415,173702,7875300
684,542,495,3815341,10462,174197,8217200
685,512,522,3814829,10452,174719,7962800
686,521,531,3814308,10442,175250,7899900
687,542,499,3813766,10485,175749,7886800
688,513,510,3813253,10488,176259,7846200
689,550,531,3812703,10507,176790,7825200
690,539,521,3812164,10525,177311,7890000
691,514,517,3811650,10522,177828,7967100
692,528,508,3811122,10542,178336,8018500
693,550,526,3810572,10566,178862,7960800
694,565,526,3810007,10605,179388,7822600
695,540,505,3809467,10640,179893,7933700
696,557,528,3808910,10669,180421,8281100
697,546,549,3808364,10666,180970,8204600
698,544,528,3807820,10682,181498,8446300
699,557,520,3807263,10719,182018,8269600
700,566,580,3806697,10705,182598,8125200
701,523,562,3806174,10666,183160,7818700
702,557,551,3805617,10672,183711,7776900
703,579,498,3805038,10753,184209,7859700
704,563,566,3804475,10750,184775,8126200
705,541,519,3803934,10772,185294,8251600
706,524,545,3803410,10751,185839,8302200
707,567,529,3802843,10789,186368,8593800
708,583,556,3802260,10816,186924,8318100
709,574,508,3801686,10882,187432,8286000
710,584,537,3801102,10929,187969,8572700
711,521,523,3800581,10927,188492,8447200
712,575,565,3800006,10937,189057,8646600
713,567,583,3799439,10921,189640,8540400
714,560,529,3798879,10952,190169,8727000
715,596,543,3798283,11005,190712,8437400
716,565,559,3797718,11011,191271,8394800
717,553,534,3797165,11030,191805,8357500
718,576,576,3796589,11030,192381,8446900
719,529,515,3796060,11044,192896,8258300
720,592,581,3795468,11055,193477,8402200
721,564,542,3794904,11077,194019,8228900
722,536,553,3794368,11060,194572,8685000
723,580,515,3793788,11125,195087,8324800
724,554,552,3793234,11127,195639,8174100
725,600,563,3792634,11164,196202,8188200
726,545,553,3792089,11156,196755,8591800
727,564,611,3791525,11109,197366,8628600
728,555,546,3790970,11118,197912,8382400
729,544,545,3790426,11117,198457,8541100
730,543,525,3789883,11135,198982,8324800
731,535,545,3789348,11125,199527,8271100
732,528,568,3788820,11085,200095,8394600
733,590,560,3788230,11115,200655,8205900
734,525,562,3787705,11078,201217,8142200
735,526,555,3787179,11049,201772,8129700
736,547,567,3786632,11029,202339,8096100
737,578,520,3786054,11087,202859,7808900
738,556,539,3785498,11104,203398,7944400
739,570,579,3784928,11095,203977,7775500
740,626,517,3784302,11204,204494,7919400
741,591,552,3783711,11243,205046,8092600
742,609,584,3783102,11268,205630,8291600
743,614,569,3782488,11313,206199,7948000
744,599,527,3781889,11385,206726,8076100
745,580,578,3781309,11387,207304,7949800
746,587,555,3780722,11419,207859,7829400
747,608,592,3780114,11435,208451,7810600
748,602,579,3779512,11458,209030,7802800
749,608,558,3778904,11508,209588,7808800
750,558,585,3778346,11481,210173,7880600
751,599,590,3777747,11490,210763,7741300
752,581,620,3777166,11451,211383,7828600
753,570,548,3776596,11473,211931,7777400
754,571,589,3776025,11455,212520,7903100
755,581,569,3775444,11467,213089,8190300
756,595,555,3774849,11507,213644,8085400
757,603,580,3774246,11530,214224,8326200
758,601,598,3773645,11533,214822,8093200
759,643,556,3773002,11620,215378,8514600
760,597,535,3772405,11682,215913,8047500
761,595,555,3771810,11722,216468,7948300
762,644,601,3771166,11765,217069,8516500
763,602,581,3770564,11786,217650,8017800
764,586,577,3769978,11795,218227,8251500
765,587,597,3769391,11785,218824,8226500
766,642,660,3768749,11767,219484,8360200
767,596,614,3768153,11749,220098,8422600
768,590,598,3767563,11741,220696,8339400
769,592,572,3766971,11761,221268,8157900
770,624,594,3766347,11791,221862,8358500
771,600,593,3765747,11798,222455,8300200
772,631,578,3765116,11851,223033,8335200
773,577,592,3764539,11836,223625,8257200
774,580,644,3763959,11772,224269,8461900
775,613,574,3763346,11811,224843,8370300
776,573,612,3762773,11772,225455,8294000
777,634,565,3762139,11841,226020,8177200
778,616,588,3761523,11869,226608,8009500
779,635,637,3760888,11867,227245,8072100
780,600,606,3760288,11861,227851,8161100
781,615,608,3759673,11868,228459,8121400
782,644,573,3759029,11939,229032,8103500
783,655,627,3758374,11967,229659,8012900
784,603,604,3757771,11966,230263,8061600
785,624,590,3757147,12000,230853,8138300
786,599,562,3756548,12037,231415,8894200
787,621,608,3755927,12050,232023,8226500
788,624,581,3755303,12093,232604,8119900
789,611,612,3754692,12092,233216,7878800
790,608,561,3754084,12139,233777,7855600
791,602,630,3753482,12111,234407,7876200
792,607,606,3752875,12112,235013,8172400
793,627,607,3752248,12132,235620,8144300
794,603,600,3751645,12135,236220,8198200
795,640,617,3751005,12158,236837,8059300
796,650,585,3750355,12223,237422,7897200
797,623,601,3749732,12245,238023,7791700
798,587,603,3749145,12229,238626,7716800
799,639,589,3748506,12279,239215,7876600
800,579,613,3747927,12245,239828,7787000
801,656,630,3747271,12271,240458,7812400
802,621,577,3746650,12315,241035,8026400
803,652,588,3745998,12379,241623,7988600
804,666,596,3745332,12449,242219,7905600
805,617,615,3744715,12451,242834,7895600
806,658,671,3744057,12438,243505,8006500
807,645,677,3743412,12406,244182,8128300
808,637,632,3742775,12411,244814,8515200
809,613,629,3742162,12395,245443,8466600
810,710,643,3741452,12462,246086,8489100
811,658,654,3740794,12466,246740,8554000
812,677,656,3740117,12487,247396,8364400
813,606,584,3739511,12509,247980,7917200
814,619,616,3738892,12512,248596,7863700
815,610,620,3738282,12502,249216,7764200
816,632,680,3737650,12454,249896,7883200
817,641,662,3737009,12433,250558,8059000
818,683,633,3736326,12483,251191,7997500
819,645,594,3735681,12534,251785,7959500
820,635,666,3735046,12503,252451,7999100
821,643,605,3734403,12541,253056,7943500
822,618,626,3733785,12533,253682,7869600
823,662,668,3733123,12527,254350,7964100
824,654,626,3732469,12555,254976,8304300
825,612,611,3731857,12556,255587,8490800
826,650,629,3731207,12577,256216,8250400
827,626,654,3730581,12549,256870,8376700
828,642,681,3729939,12510,257551,8364500
829,650,666,3729289,12494,258217,8223100
830,619,642,3728670,12471,258859,8152500
831,663,592,3728007,12542,259451,8248500
832,659,667,3727348,12534,260118,8293800
833,666,603,3726682,12597,260721,8250800
834,636,626,3726046,12607,261347,8420100
835,699,657,3725347,12649,262004,8128300
836,639,625,3724708,12663,262629,8131400
837,664,714,3724044,12613,263343,8237600
838,693,619,3723351,12687,263962,8061100
839,618,631,3722733,12674,264593,8340200
840,646,611,3722087,12709,265204,8264700
841,654,603,3721433,12760,265807,8251600
842,680,608,3720753,12832,266415,8312900
843,657,592,3720096,12897,267007,8672100
844,705,639,3719391,12963,267646,8586000
845,663,656,3718728,12970,268302,8540700
846,624,664,3718104,12930,268966,8391800
847,670,601,3717434,12999,269567,8430200
848,643,684,3716791,12958,270251,8277800
849,644,662,3716147,12940,270913,8252800
850,637,650,3715510,12927,271563,8219400
851,637,638,3714873,12926,272201,8310900
852,682,658,3714191,12950,272859,8324700
853,685,631,3713506,13004,273490,8378700
854,659,636,3712847,13027,274126,8326800
855,686,674,3712161,13039,274800,8281900
856,650,611,3711511,13078,275411,8719800
857,668,644,3710843,13102,276055,8528700
858,633,638,3710210,13097,276693,8639100
859,641,683,3709569,13055,277376,8482400
860,665,683,3708904,13037,278059,8525900
861,635,670,3708269,13002,278729,8399200
862,608,674,3707661,12936,279403,8295300
863,661,689,3707000,12908,280092,8153600
864,649,651,3706351,12906,280743,8331200
865,683,605,3705668,12984,281348,8295800
866,654,683,3705014,12955,282031,8157000
867,618,658,3704396,12915,282689,8295900
868,651,646,3703745,12920,283335,8318500
869,644,683,3703101,12881,284018,8199100
870,660,614,3702441,12927,284632,8021700
871,634,652,3701807,12909,285284,7979700
872,606,632,3701201,12883,285916,8101300
873,626,653,3700575,12856,286569,7825500
874,653,644,3699922,12865,287213,7847600
875,626,651,3699296,12840,287864,8139100
876,648,595,3698648,12893,288459,7997900
877,654,647,3697994,12900,289106,7913100
878,615,654,3697379,12861,289760,7810100
879,619,648,3696760,12832,290408,7931800
880,689,618,3696071,12903,291026,7760100
881,677,682,3695394,12898,291708,8027100
882,682,635,3694712,12945,292343,7772300
883,682,663,3694030,12964,293006,8141700
884,673,634,3693357,13003,293640,8238500
885,694,610,3692663,13087,294250,8253000
886,663,631,3692000,13119,294881,8119500
887,710,651,3691290,13178,295532,8194500
888,654,680,3690636,13152,296212,7849700
889,686,645,3689950,13193,296857,7933500
890,653,634,3689297,13212,297491,8536500
891,649,652,3688648,13209,298143,8027500
892,686,700,3687962,13195,298843,8041400
893,693,677,3687269,13211,299520,7837000
894,678,693,3686591,13196,300213,7958700
895,733,698,3685858,13231,300911,7920900
896,708,677,3685150,13262,301588,7735700
897,680,671,3684470,13271,302259,7769700
898,689,628,3683781,13332,302887,7800400
899,659,724,3683122,13267,303611,8009300
900,719,676,3682403,13310,304287,8217800
901,706,669,3681697,13347,304956,7946100
902,677,649,3681020,13375,305605,8105200
903,645,711,3680375,13309,306316,7991600
904,718,637,3679657,13390,306953,7961200
905,650,677,3679007,13363,307630,8226700
906,658,640,3678349,13381,308270,8246700
907,716,677,3677633,13420,308947,8204800
908,715,665,3676918,13470,309612,8125200
909,728,677,3676190,13521,310289,7974900
910,750,663,3675440,13608,310952,8127800
911,721,668,3674719,13661,311620,7956700
912,761,714,3673958,13708,312334,7897800
913,694,692,3673264,13710,313026,8005500
914,707,664,3672557,13753,313690,7997800
915,707,642,3671850,13818,314332,8018900
916,736,692,3671114,13862,315024,7828100
917,733,653,3670381,13942,315677,8018900
918,768,700,3669613,14010,316377,8007500
919,763,679,3668850,14094,317056,7916400
920,713,686,3668137,14121,317742,8090300
921,708,769,3667429,14060,318511,8209400
922,749,698,3666680,14111,319209,8307400
923,774,679,3665906,14206,319888,8224100
924,711,714,3665195,14203,320602,8440400
925,758,722,3664437,14239,321324,8300500
926,731,705,3663706,14265,322029,7964700
927,700,712,3663006,14253,322741,8157700
928,752,726,3662254,14279,323467,7799700
929,791,716,3661463,14354,324183,7907700
930,752,753,3660711,14353,324936,8107400
931,710,682,3660001,14381,325618,7907700
932,723,778,3659278,14326,326396,7990600
933,690,743,3658588,14273,327139,8040700
934,743,735,3657845,14281,327874,7944400
935,714,726,3657131,14269,328600,8003800
936,705,760,3656426,14214,329360,7824100
937,770,735,3655656,14249,330095,8228900
938,745,678,3654911,14316,330773,7963500
939,781,721,3654130,14376,331494,7932600
940,710,719,3653420,14367,332213,8334500
941,742,722,3652678,14387,332935,8387800
942,766,717,3651912,14436,333652,8551000
943,706,714,3651206,14428,334366,8393000
944,774,716,3650432,14486,335082,8350200
945,733,782,3649699,14437,335864,8225800
946,750,708,3648949,14479,336572,8138100
947,793,683,3648156,14589,337255,8074900
948,732,752,3647424,14569,338007,8007400
949,728,706,3646696,14591,338713,8039500
950,730,776,3645966,14545,339489,8106300
951,750,729,3645216,14566,340218,8070700
952,731,707,3644485,14590,340925,8288200
953,746,735,3643739,14601,341660,8302500
954,714,756,3643025,14559,342416,8111000
955,778,717,3642247,14620,343133,8116700
956,697,742,3641550,14575,343875,8104600
957,741,772,3640809,14544,344647,8121300
958,731,778,3640078,14497,345425,7946400
959,736,739,3639342,14494,346164,8006900
960,718,719,3638624,14493,346883,8818800
961,778,738,3637846,14533,347621,8375600
962,721,743,3637125,14511,348364,7900300
963,693,739,3636432,14465,349103,7807700
964,739,728,3635693,14476,349831,7721700
965,706,722,3634987,14460,350553,7931800
966,703,701,3634284,14462,351254,7950800
967,708,697,3633576,14473,351951,8025500
968,695,738,3632881,14430,352689,8311300
969,711,698,3632170,14443,353387,8214900
970,693,750,3631477,14386,354137,8619500
971,711,713,3630766,14384,354850,8279800
972,723,749,3630043,14358,355599,8045100
973,699,713,3629344,14344,356312,8150200
974,697,723,3628647,14318,357035,8085200
975,752,725,3627895,14345,357760,8247300
976,730,725,3627165,14350,358485,8164800
977,749,725,3626416,14374,359210,8140100
978,722,737,3625694,14359,359947,8109200
979,712,726,3624982,14345,360673,8129000
980,734,734,3624248,14345,361407,8262800
981,728,728,3623520,14345,362135,8125300
982,711,706,3622809,14350,362841,8257800
983,728,672,3622081,14406,363513,8327000
984,747,743,3621334,14410,364256,8039300
985,757,805,3620577,14362,365061,8422000
986,711,705,3619866,14368,365766,8505000
987,709,711,3619157,14366,366477,8379000
988,708,700,3618449,14374,367177,8318300
989,758,718,3617691,14414,367895,8187500
990,746,747,3616945,14413,368642,8401700
991,724,675,3616221,14462,369317,8193400
992,743,720,3615478,14485,370037,8349800
993,713,742,3614765,14456,370779,8158300
994,676,720,3614089,14412,371499,8156700
995,761,678,3613328,14495,372177,8174100
996,671,687,3612657,14479,372864,8117000
997,793,719,3611864,14553,373583,8186400
998,787,727,3611077,14613,374310,8505600
999,716,766,3610361,14563,375076,8375300
1000,706,748,3609655,14521,375824,8404800
1001,718,705,3608937,14534,376529,8464900
1002,722,744,3608215,14512,377273,8108300
1003,749,721,3607466,14540,377994,8102800
1004,739,719,3606727,14560,378713,7997600
1005,713,725,3606014,14548,379438,8063200
1006,759,650,3605255,14657,380088,8010000
1007,727,685,3604528,14699,380773,8395500
1008,721,700,3603807,14720,381473,8208000
1009,719,718,3603088,14721,382191,8489900
1010,701,759,3602387,14663,382950,8322200
1011,742,718,3601645,14687,383668,8487700
1012,737,717,3600908,14707,384385,8302400
1013,755,732,3600153,14730,385117,8108000
1014,726,738,3599427,14718,385855,8070400
1015,782,726,3598645,14774,386581,7968300
1016,757,761,3597888,14770,387342,7963000
1017,750,716,3597138,14804,388058,7888600
1018,714,709,3596424,14809,388767,8149700
1019,708,741,3595716,14776,389508,8065800
1020,767,723,3594949,14820,390231,8204100
1021,750,778,3594199,14792,391009,8108200
1022,792,757,3593407,14827,391766,7908500
1023,726,750,3592681,14803,392516,7941900
1024,783,765,3591898,14821,393281,7821300
1025,780,748,3591118,14853,394029,7918100
1026,764,724,3590354,14893,394753,7933100
1027,734,759,3589620,14868,395512,7970800
1028,750,750,3588870,14868,396262,8243500
1029,782,739,3588088,14911,397001,8271700
1030,748,799,3587340,14860,397800,8094200
1031,761,793,3586579,14828,398593,8044700
1032,782,716,3585797,14894,399309,7897400
1033,737,766,3585060,14865,400075,7797000
1034,755,691,3584305,14929,400766,7860400
1035,814,719,3583491,15024,401485,8149400
1036,737,790,3582754,14971,402275,8170700
1037,708,721,3582046,14958,402996,8236400
1038,702,722,3581344,14938,403718,8291800
1039,744,780,3580600,14902,404498,8408700
1040,772,769,3579828,14905,405267,8457500
1041,760,763,3579068,14902,406030,8112700
1042,777,741,3578291,14938,406771,7918600
1043,722,702,3577569,14958,407473,8247100
1044,775,779,3576794,14954,408252,7947200
1045,738,737,3576056,14955,408989,7818100
1046,781,701,3575275,15035,409690,7930900
1047,810,727,3574465,15118,410417,7844200
1048,727,811,3573738,15034,411228,7826000
1049,793,734,3572945,15093,411962,8049800
1050,757,747,3572188,15103,412709,7953900
1051,787,752,3571401,15138,413461,8053800
1052,813,700,3570588,15251,414161,7885900
1053,810,736,3569778,15325,414897,7872600
1054,842,737,3568936,15430,415634,7983800
1055,736,776,3568200,15390,416410,7879000
1056,755,786,3567445,15359,417196,7885600
1057,735,787,3566710,15307,417983,7943800
1058,811,754,3565899,15364,418737,8148500
1059,700,753,3565199,15311,419490,8337100
1060,773,717,3564426,15367,420207,8185700
1061,768,750,3563658,15385,420957,8237400
1062,809,742,3562849,15452,421699,8018600
1063,764,789,3562085,15427,422488,8125500
1064,813,773,3561272,15467,423261,7896600
1065,817,748,3560455,15536,424009,8069900
1066,778,794,3559677,15520,424803,8372900
1067,791,817,3558886,15494,425620,8335400
1068,789,789,3558097,15494,426409,8296000
1069,791,755,3557306,15530,427164,8114200
1070,786,785,3556520,15531,427949,8375200
1071,786,782,3555734,15535,428731,7998200
1072,782,743,3554952,15574,429474,8016000
1073,797,772,3554155,15599,430246,7860700
1074,781,734,3553374,15646,430980,8098800
1075,800,795,3552574,15651,431775,8214600
1076,861,806,3551713,15706,432581,7882600
1077,763,759,3550950,15710,433340,8068500
1078,788,761,3550162,15737,434101,8028900
1079,814,772,3549348,15779,434873,7981500
1080,837,797,3548511,15819,435670,7877500
1081,824,776,3547687,15867,436446,7929500
1082,795,800,3546892,15862,437246,8006000
1083,831,759,3546061,15934,438005,7994600
1084,842,771,3545219,16005,438776,7913000
1085,842,821,3544377,16026,439597,7995900
1086,813,795,3543564,16044,440392,7951700
1087,834,786,3542730,16092,441178,8169400
1088,845,773,3541885,16164,441951,7924400
1089,817,785,3541068,16196,442736,8220800
1090,803,781,3540265,16218,443517,8269500
1091,812,828,3539453,16202,444345,7878500
1092,875,783,3538578,16294,445128,8001900
1093,773,845,3537805,16222,445973,8243000
1094,806,887,3536999,16141,446860,7949600
1095,870,799,3536129,16212,447659,7945700
1096,799,816,3535330,16195,448475,8381000
1097,819,818,3534511,16196,449293,8164200
1098,827,811,3533684,16212,450104,7939500
1099,829,853,3532855,16188,450957,8048900
1100,810,798,3532045,16200,451755,8051500
1101,799,779,3531246,16220,452534,7973000
1102,812,796,3530434,16236,453330,7899300
1103,818,837,3529616,16217,454167,8015800
1104,848,800,3528768,16265,454967,7816000
1105,852,844,3527916,16273,455811,8131400
1106,761,762,3527155,16272,456573,7889000
1107,787,825,3526368,16234,457398,7900700
1108,791,803,3525577,16222,458201,7907000
1109,848,824,3524729,16246,459025,7993400
1110,787,808,3523942,16225,459833,7955700
1111,821,818,3523121,16228,460651,7915100
1112,819,806,3522302,16241,461457,8081600
1113,835,816,3521467,16260,462273,7984700
1114,877,862,3520590,16275,463135,8265400
1115,809,788,3519781,16296,463923,8319200
1116,809,844,3518972,16261,464767,7979400
1117,830,808,3518142,16283,465575,7833500
1118,836,816,3517306,16303,466391,7946600
1119,808,806,3516498,16305,467197,7944000
1120,828,815,3515670,16318,468012,7980300
1121,822,828,3514848,16312,468840,8228400
1122,862,788,3513986,16386,469628,8717500
1123,850,799,3513136,16437,470427,10344900
1124,815,853,3512321,16399,471280,10424500
1125,774,803,3511547,16370,472083,8993100
1126,809,807,3510738,16372,472890,9352500
1127,816,793,3509922,16395,473683,8823300
1128,751,833,3509171,16313,474516,8584600
1129,816,825,3508355,16304,475341,9035100
1130,835,825,3507520,16314,476166,8915200
1131,836,837,3506684,16313,477003,9674000
1132,803,804,3505881,16312,477807,9775800
1133,806,798,3505075,16320,478605,9528100
1134,857,794,3504218,16383,479399,9684300
1135,821,824,3503397,16380,480223,9913300
1136,811,883,3502586,16308,481106,9737000
1137,808,816,3501778,16300,481922,9566500
1138,786,836,3500992,16250,482758,9224700
1139,814,855,3500178,16209,483613,9871700
1140,782,891,3499396,16100,484504,9236200
1141,802,777,3498594,16125,485281,9693900
1142,815,835,3497779,16105,486116,9737700
1143,749,803,3497030,16051,486919,9883400
1144,819,774,3496211,16096,487693,9379900
1145,847,844,3495364,16099,488537,9161100
1146,815,791,3494549,16123,489328,9110500
1147,794,758,3493755,16159,490086,9086200
1148,823,817,3492932,16165,490903,9244400
1149,844,822,3492088,16187,491725,9286800
1150,789,790,3491299,16186,492515,10542000
1151,795,794,3490504,16187,493309,10395000
1152,832,836,3489672,16183,494145,9270600
1153,844,823,3488828,16204,494968,8948100
1154,875,818,3487953,16261,495786,8460600
1155,811,841,3487142,16231,496627,8109300
1156,809,840,3486333,16200,497467,8011000
1157,773,812,3485560,16161,498279,8020100
1158,823,834,3484737,16150,499113,7995400
1159,800,838,3483937,16112,499951,8231400
1160,838,828,3483099,16122,500779,8140000
1161,851,770,3482248,16203,501549,8109700
1162,823,847,3481425,16179,502396,8591100
1163,800,819,3480625,16160,503215,8102500
1164,780,790,3479845,16150,504005,7849200
1165,822,801,3479023,16171,504806,7883000
1166,843,794,3478180,16220,505600,7773900
1167,867,808,3477313,16279,506408,8004600
1168,857,786,3476456,16350,507194,7911300
1169,825,837,3475631,16338,508031,8054200
1170,798,871,3474833,16265,508902,8188300
1171,829,807,3474004,16287,509709,8142800
1172,844,818,3473160,16313,510527,8023500
1173,822,803,3472338,16332,511330,7964800
1174,841,808,3471497,16365,512138,8053900
1175,832,811,3470665,16386,512949,8282100
1176,858,833,3469807,16411,513782,8306700
1177,778,859,3469029,16330,514641,8635600
1178,811,781,3468218,16360,515422,8236800
1179,825,797,3467393,16388,516219,8159600
1180,765,790,3466628,16363,517009,8098000
1181,864,793,3465764,16434,517802,8199100
1182,842,808,3464922,16468,518610,8079200
1183,844,824,3464078,16488,519434,7891900
1184,827,807,3463251,16508,520241,7915800
1185,817,793,3462434,16532,521034,8047400
1186,869,820,3461565,16581,521854,8000000
1187,809,807,3460756,16583,522661,7840500
1188,832,851,3459924,16564,523512,8309100
1189,858,823,3459066,16599,524335,7828400
1190,809,876,3458257,16532,525211,7937300
1191,902,813,3457355,16621,526024,7937700
1192,818,818,3456537,16621,526842,8189700
1193,799,843,3455738,16577,527685,8104700
1194,834,814,3454904,16597,528499,7879300
1195,838,846,3454066,16589,529345,8013700
1196,835,811,3453231,16613,530156,7999300
1197,833,796,3452398,16650,530952,8138500
1198,791,815,3451607,16626,531767,7819800
1199,847,895,3450760,16578,532662,8017000
1200,841,852,3449919,16567,533514,8182800
1201,801,819,3449118,16549,534333,8059900
1202,846,812,3448272,16583,535145,7815800
1203,842,829,3447430,16596,535974,8083400
1204,842,781,3446588,16657,536755,8515000
1205,864,828,3445724,16693,537583,8477900
1206,820,904,3444904,16609,538487,8174600
1207,838,821,3444066,16626,539308,8019200
1208,868,838,3443198,16656,540146,8055700
1209,856,780,3442342,16732,540926,8536300
1210,833,843,3441509,16722,541769,8292300
1211,857,832,3440652,16747,542601,8013200
1212,862,831,3439790,16778,543432,7942300
1213,839,822,3438951,16795,544254,7952700
1214,869,783,3438082,16881,545037,7866600
1215,812,862,3437270,16831,545899,8687600
1216,864,839,3436406,16856,546738,8811900
1217,864,828,3435542,16892,547566,8974400
1218,875,870,3434667,16897,548436,8408000
1219,848,851,3433819,16894,549287,7941100
1220,846,866,3432973,16874,550153,7983100
1221,806,848,3432167,16832,551001,7957500
1222,882,873,3431285,16841,551874,8184200
1223,860,873,3430425,16828,552747,7995200
1224,880,853,3429545,16855,553600,8457000
1225,898,821,3428647,16932,554421,9082000
1226,877,888,3427770,16921,555309,8833000
1227,859,842,3426911,16938,556151,9233000
1228,911,843,3426000,17006,556994,8465400
1229,877,849,3425123,17034,557843,8240600
1230,898,848,3424225,17084,558691,8148100
1231,885,893,3423340,17076,559584,8288700
1232,869,889,3422471,17056,560473,8316700
1233,888,859,3421583,17085,561332,8637300
1234,901,842,3420682,17144,562174,8410700
1235,872,776,3419810,17240,562950,8073300
1236,907,855,3418903,17292,563805,8439700
1237,918,805,3417985,17405,564610,8465200
1238,924,840,3417061,17489,565450,8225900
1239,907,835,3416154,17561,566285,8522500
1240,831,907,3415323,17485,567192,8087600
1241,920,912,3414403,17493,568104,8010900
1242,906,840,3413497,17559,568944,7886100
1243,904,899,3412593,17564,569843,7887800
1244,882,886,3411711,17560,570729,7819600
1245,940,853,3410771,17647,571582,8212700
1246,892,865,3409879,17674,572447,9113300
1247,925,879,3408954,17720,573326,8636200
1248,932,927,3408022,17725,574253,8237600
1249,894,884,3407128,17735,575137,8432600
1250,915,885,3406213,17765,576022,8119000
1251,903,889,3405310,17779,576911,7822400
1252,858,930,3404452,17707,577841,8333000
1253,908,930,3403544,17685,578771,7945200
1254,919,891,3402625,17713,579662,8067900
1255,835,859,3401790,17689,580521,7881000
1256,923,847,3400867,17765,581368,7908900
1257,914,906,3399953,17773,582274,8141800
1258,840,918,3399113,17695,583192,8055300
1259,862,852,3398251,17705,584044,8119600
1260,840,858,3397411,17687,584902,7885200
1261,846,860,3396565,17673,585762,8300100
1262,860,888,3395705,17645,586650,8371800
1263,920,898,3394785,17667,587548,8397500
1264,922,911,3393863,17678,588459,8239100
1265,870,871,3392993,17677,589330,8423900
1266,875,857,3392118,17695,590187,8191200
1267,914,906,3391204,17703,591093,8345900
1268,890,837,3390314,17756,591930,7852800
1269,882,879,3389432,17759,592809,8301300
1270,859,921,3388573,17697,593730,8253400
1271,880,909,3387693,17668,594639,7918500
1272,881,900,3386812,17649,595539,8047800
1273,872,808,3385940,17713,596347,7980900
1274,891,895,3385049,17709,597242,7786300
1275,869,821,3384180,17757,598063,8092400
1276,889,911,3383291,17735,598974,7867600
1277,932,836,3382359,17831,599810,8050300
1278,901,913,3381458,17819,600723,8413100
1279,900,893,3380558,17826,601616,8337200
1280,858,880,3379700,17804,602496,8264000
1281,890,877,3378810,17817,603373,8577000
1282,869,841,3377941,17845,604214,8388000
1283,971,898,3376970,17918,605112,8372300
1284,909,983,3376061,17844,606095,8706800
1285,911,867,3375150,17888,606962,8651300
1286,962,935,3374188,17915,607897,8241900
1287,944,893,3373244,17966,608790,8262200
1288,904,963,3372340,17907,609753,9137100
1289,947,914,3371393,17940,610667,8258900
1290,890,919,3370503,17911,611586,8293500
1291,906,875,3369597,17942,612461,8596300
1292,914,898,3368683,17958,613359,8672300
1293,902,920,3367781,17940,614279,8953100
1294,957,888,3366824,18009,615167,8574500
1295,873,920,3365951,17962,616087,8478200
1296,885,929,3365066,17918,617016,8339900
1297,890,905,3364176,17903,617921,8569800
1298,899,862,3363277,17940,618783,8358200
1299,914,903,3362363,17951,619686,8511500
1300,891,897,3361472,17945,620583,9476200
1301,920,958,3360552,17907,621541,8763500
1302,910,908,3359642,17909,622449,8655500
1303,904,928,3358738,17885,623377,8196600
1304,975,934,3357763,17926,624311,8301100
1305,926,915,3356837,17937,625226,8243700
1306,945,932,3355892,17950,626158,8251800
1307,857,854,3355035,17953,627012,8702700
1308,887,877,3354148,17963,627889,8382900
1309,888,888,3353260,17963,628777,8785200
1310,927,849,3352333,18041,629626,8253500
1311,925,931,3351408,18035,630557,8003500
1312,874,863,3350534,18046,631420,7913800
1313,913,928,3349621,18031,632348,8148900
1314,898,888,3348723,18041,633236,8179300
1315,910,886,3347813,18065,634122,8414200
1316,874,914,3346939,18025,635036,8395900
1317,906,904,3346033,18027,635940,8344600
1318,881,921,3345152,17987,636861,8500500
1319,902,898,3344250,17991,637759,8688900
1320,918,855,3343332,18054,638614,8650900
1321,892,912,3342440,18034,639526,8593600
1322,878,888,3341562,18024,640414,9315000
1323,886,862,3340676,18048,641276,8302900
1324,863,892,3339813,18019,642168,8207500
1325,891,903,3338922,18007,643071,8029100
1326,924,872,3337998,18059,643943,7976200
1327,929,929,3337069,18059,644872,7941400
1328,920,903,3336149,18076,645775,7879000
1329,972,846,3335177,18202,646621,7892900
1330,937,881,3334240,18258,647502,8234700
1331,926,903,3333314,18281,648405,8106300
1332,939,910,3332375,18310,649315,8282400
1333,929,965,3331446,18274,650280,7997700
1334,903,909,3330543,18268,651189,8543700
1335,961,942,3329582,18287,652131,8153200
1336,929,911,3328653,18305,653042,7996700
1337,936,898,3327717,18343,653940,8226100
1338,936,941,3326781,18338,654881,8371700
1339,986,923,3325795,18401,655804,8213400
1340,906,983,3324889,18324,656787,8197000
1341,972,946,3323917,18350,657733,7964500
1342,941,970,3322976,18321,658703,7959100
1343,959,889,3322017,18391,659592,7980800
1344,973,972,3321044,18392,660564,7925000
1345,964,904,3320080,18452,661468,8053000
1346,967,892,3319113,18527,662360,8162400
1347,958,943,3318155,18542,663303,8165700
1348,959,923,3317196,18578,664226,8173600
1349,910,967,3316286,18521,665193,7999600
1350,934,943,3315352,18512,666136,7813300
1351,930,965,3314422,18477,667101,7984700
1352,945,968,3313477,18454,668069,7886800
1353,922,910,3312555,18466,668979,8009000
1354,943,909,3311612,18500,669888,8247500
1355,964,869,3310648,18595,670757,8063700
1356,937,924,3309711,18608,671681,7932800
1357,939,896,3308772,18651,672577,7926100
1358,933,946,3307839,18638,673523,7953800
1359,976,902,3306863,18712,674425,7922100
1360,941,937,3305922,18716,675362,7979600
1361,895,903,3305027,18708,676265,8510100
1362,969,949,3304058,18728,677214,8146500
1363,947,953,3303111,18722,678167,7978000
1364,972,978,3302139,18716,679145,8405200
1365,955,902,3301184,18769,680047,8291800
1366,945,933,3300239,18781,680980,8392700
1367,942,916,3299297,18807,681896,8240000
1368,944,966,3298353,18785,682862,8183700
1369,916,984,3297437,18717,683846,8027500
1370,915,978,3296522,18654,684824,8078900
1371,867,950,3295655,18571,685774,8168000
1372,927,913,3294728,18585,686687,8664100
1373,963,937,3293765,18611,687624,8357500
1374,934,906,3292831,18639,688530,8665600
1375,922,936,3291909,18625,689466,8796000
1376,966,946,3290943,18645,690412,8784700
1377,978,936,3289965,18687,691348,8300700
1378,921,963,3289044,18645,692311,8743000
1379,932,959,3288112,18618,693270,8962400
1380,999,941,3287113,18676,694211,8484900
1381,962,954,3286151,18684,695165,8528600
1382,969,979,3285182,18674,696144,8720600
1383,955,924,3284227,18705,697068,8636100
1384,909,901,3283318,18713,697969,8208600
1385,949,991,3282369,18671,698960,8526900
1386,956,884,3281413,18743,699844,8513800
1387,945,913,3280468,18775,700757,8255500
1388,995,961,3279473,18809,701718,8227000
1389,947,894,3278526,18862,702612,8158700
1390,984,925,3277542,18921,703537,8139100
1391,982,979,3276560,18924,704516,7929000
1392,1014,944,3275546,18994,705460,8010200
1393,961,891,3274585,19064,706351,7931400
1394,1060,898,3273525,19226,707249,7839600
1395,1008,961,3272517,19273,708210,7801300
1396,1023,1006,3271494,19290,709216,7959000
1397,985,934,3270509,19341,710150,7999600
1398,1001,966,3269508,19376,711116,7980200
1399,1009,1006,3268499,19379,712122,7988500
1400,984,956,3267515,19407,713078,8137800
1401,985,1010,3266530,19382,714088,8300100
1402,1031,997,3265499,19416,715085,8180800
1403,974,969,3264525,19421,716054,8222300
1404,995,970,3263530,19446,717024,8227400
1405,1025,999,3262505,19472,718023,8355400
1406,977,959,3261528,19490,718982,8087900
1407,971,973,3260557,19488,719955,8136400
1408,1011,965,3259546,19534,720920,8678800
1409,1030,982,3258516,19582,721902,8151800
1410,965,1023,3257551,19524,722925,8058600
1411,1032,965,3256519,19591,723890,8141000
1412,997,1022,3255522,19566,724912,8202000
1413,965,960,3254557,19571,725872,8122100
1414,960,970,3253597,19561,726842,8716200
1415,954,970,3252643,19545,727812,8504200
1416,1012,1010,3251631,19547,728822,8429700
1417,1014,990,3250617,19571,729812,8140200
1418,1022,948,3249595,19645,730760,8100300
1419,965,1032,3248630,19578,731792,8283200
1420,999,1005,3247631,19572,732797,8017800
1421,1005,1011,3246626,19566,733808,7796400
1422,946,961,3245680,19551,734769,8274000
1423,944,938,3244736,19557,735707,8627500
1424,1004,959,3243732,19602,736666,8730700
1425,971,953,3242761,19620,737619,8761400
1426,992,908,3241769,19704,738527,9249300
1427,1011,970,3240758,19745,739497,8925900
1428,988,972,3239770,19761,740469,8786500
1429,1013,1036,3238757,19738,741505,9982800
1430,963,987,3237794,19714,742492,9232800
1431,995,1032,3236799,19677,743524,8628800
1432,936,1010,3235863,19603,744534,8503900
1433,984,929,3234879,19658,745463,8655200
1434,945,987,3233934,19616,746450,8057000
1435,971,952,3232963,19635,747402,8167700
1436,988,1003,3231975,19620,748405,7993200
1437,949,1061,3231026,19508,749466,8018900
1438,949,984,3230077,19473,750450,8345200
1439,966,975,3229111,19464,751425,8594800
1440,915,961,3228196,19418,752386,8294400
1441,900,987,3227296,19331,753373,8346100
1442,922,921,3226374,19332,754294,8142000
1443,903,947,3225471,19288,755241,8191700
1444,983,989,3224488,19282,756230,8077000
1445,973,914,3223515,19341,757144,8103600
1446,953,942,3222562,19352,758086,8338300
1447,949,958,3221613,19343,759044,8794400
1448,942,922,3220671,19363,759966,9586800
1449,895,993,3219776,19265,760959,8838200
1450,909,913,3218867,19261,761872,8571300
1451,959,992,3217908,19228,762864,8349500
1452,945,949,3216963,19224,763813,8669700
1453,978,1004,3215985,19198,764817,9616900
1454,985,977,3215000,19206,765794,9063800
1455,956,990,3214044,19172,766784,9641700
1456,939,964,3213105,19147,767748,8566000
1457,973,946,3212132,19174,768694,9231300
1458,1045,1004,3211087,19215,769698,8920500
1459,964,931,3210123,19248,770629,8915300
1460,995,938,3209128,19305,771567,8927200
1461,940,994,3208188,19251,772561,8718200
1462,1010,920,3207178,19341,773481,8693500
1463,1019,884,3206159,19476,774365,8738200
1464,994,924,3205165,19546,775289,8227300
1465,988,978,3204177,19556,776267,8697500
1466,1029,1005,3203148,19580,777272,9040500
1467,959,996,3202189,19543,778268,8525300
1468,980,961,3201209,19562,779229,8888600
1469,978,1019,3200231,19521,780248,9457500
1470,994,1027,3199237,19488,781275,8783200
1471,946,956,3198291,19478,782231,8765500
1472,994,979,3197297,19493,783210,9282100
1473,983,998,3196314,19478,784208,8670900
1474,990,927,3195324,19541,785135,8788000
1475,1020,987,3194304,19574,786122,8609900
1476,991,1032,3193313,19533,787154,8427400
1477,977,938,3192336,19572,788092,8483300
1478,991,1011,3191345,19552,789103,8381100
1479,984,991,3190361,19545,790094,8971900
1480,1003,954,3189358,19594,791048,8782100
1481,1003,945,3188355,19652,791993,9072000
1482,966,975,3187389,19643,792968,8844800
1483,932,919,3186457,19656,793887,8696400
1484,958,992,3185499,19622,794879,8713800
1485,962,964,3184537,19620,795843,8733000
1486,995,996,3183542,19619,796839,8406900
1487,974,988,3182568,19605,797827,8636800
1488,984,966,3181584,19623,798793,8468100
1489,989,1012,3180595,19600,799805,8510100
1490,994,962,3179601,19632,800767,8702800
1491,960,1008,3178641,19584,801775,9272000
1492,1027,954,3177614,19657,802729,8981300
1493,1035,973,3176579,19719,803702,9397300
1494,988,984,3175591,19723,804686,8614700
1495,984,991,3174607,19716,805677,8611500
1496,1020,961,3173587,19775,806638,8546300
1497,1024,1029,3172563,19770,807667,8462500
1498,1009,925,3171554,19854,808592,8913000
1499,1015,999,3170539,19870,809591,8389800
1500,999,977,3169540,19892,810568,8651000
1501,977,1005,3168563,19864,811573,8491100
1502,1039,986,3167524,19917,812559,8384200
1503,984,1019,3166540,19882,813578,9344000
1504,1063,971,3165477,19974,814549,8566600
1505,1018,1015,3164459,19977,815564,8451500
1506,1011,1022,3163448,19966,816586,8609600
1507,979,1042,3162469,19903,817628,8448700
1508,1012,991,3161457,19924,818619,9213000
1509,1015,961,3160442,19978,819580,8727800
1510,1003,1037,3159439,19944,820617,8434400
1511,1054,981,3158385,20017,821598,9201500
1512,1010,1076,3157375,19951,822674,8544100
1513,1013,961,3156362,20003,823635,8723000
1514,1007,1005,3155355,20005,824640,8720900
1515,1017,1026,3154338,19996,825666,8899500
1516,1013,988,3153325,20021,826654,9019100
1517,1025,987,3152300,20059,827641,12690200
1518,1061,968,3151239,20152,828609,12683500
1519,1043,990,3150196,20205,829599,9590600
1520,1085,1041,3149111,20249,830640,10539900
1521,960,985,3148151,20224,831625,8698800
1522,1016,935,3147135,20305,832560,8660600
1523,1072,983,3146063,20394,833543,8868900
1524,1025,998,3145038,20421,834541,8881200
1525,1037,963,3144001,20495,835504,8440000
1526,1007,1080,3142994,20422,836584,8462400
1527,1000,974,3141994,20448,837558,8855200
1528,1060,990,3140934,20518,838548,8370400
1529,1038,1013,3139896,20543,839561,8621600
1530,1076,1057,3138820,20562,840618,9282100
1531,1047,1039,3137773,20570,841657,8674300
1532,954,1051,3136819,20473,842708,8733600
1533,1015,1037,3135804,20451,843745,8469600
1534,981,1021,3134823,20411,844766,8477800
1535,1026,1024,3133797,20413,845790,8341100
1536,1011,1068,3132786,20356,846858,8337900
1537,1006,1064,3131780,20298,847922,8845200
1538,1010,1024,3130770,20284,848946,8300000
1539,1036,1004,3129734,20316,849950,8343600
1540,1035,1031,3128699,20320,850981,8334700
1541,1019,1022,3127680,20317,852003,8633000
1542,1068,1033,3126612,20352,853036,8168100
1543,1076,1036,3125536,20392,854072,8520600
1544,993,1055,3124543,20330,855127,8285100
1545,1011,1005,3123532,20336,856132,8037800
1546,1084,1034,3122448,20386,857166,8261300
1547,1044,1069,3121404,20361,858235,8153300
1548,1047,1013,3120357,20395,859248,8846100
1549,1050,965,3119307,20480,860213,8000600
1550,988,1025,3118319,20443,861238,8185700
1551,1030,988,3117289,20485,862226,8257300
1552,1015,1067,3116274,20433,863293,8279600
1553,1031,1007,3115243,20457,864300,8217200
1554,1073,1057,3114170,20473,865357,8141800
1555,1041,959,3113129,20555,866316,8081700
1556,1046,1055,3112083,20546,867371,8193400
1557,1049,976,3111034,20619,868347,8273100
1558,995,1056,3110039,20558,869403,8023100
1559,1030,1000,3109009,20588,870403,7870100
1560,1015,1024,3107994,20579,871427,8303900
1561,1007,1058,3106987,20528,872485,8034600
1562,1045,1003,3105942,20570,873488,8128700
1563,1038,964,3104904,20644,874452,8096700
1564,1043,1055,3103861,20632,875507,8377600
1565,1043,1021,3102818,20654,876528,8288600
1566,1083,1120,3101735,20617,877648,8187200
1567,1038,1065,3100697,20590,878713,8220600
1568,1074,1028,3099623,20636,879741,8202200
1569,1065,967,3098558,20734,880708,8986600
1570,1031,1066,3097527,20699,881774,8363100
1571,1064,1092,3096463,20671,882866,8644000
1572,1057,1001,3095406,20727,883867,8507100
1573,1056,1040,3094350,20743,884907,8512800
1574,1100,981,3093250,20862,885888,8738100
1575,1081,1070,3092169,20873,886958,8508700
1576,1078,1077,3091091,20874,888035,8570500
1577,1029,1096,3090062,20807,889131,8470300
1578,1009,996,3089053,20820,890127,8428400
1579,1097,1038,3087956,20879,891165,8443100
1580,1051,1020,3086905,20910,892185,8366200
1581,1117,1024,3085788,21003,893209,8476900
1582,1086,1081,3084702,21008,894290,8265300
1583,1095,1100,3083607,21003,895390,8253900
1584,1098,1033,3082509,21068,896423,8283900
1585,1014,1063,3081495,21019,897486,8337000
1586,1042,1043,3080453,21018,898529,8450500
1587,1052,1052,3079401,21018,899581,8322100
1588,1011,1052,3078390,20977,900633,8519700
1589,1062,1052,3077328,20987,901685,8583600
1590,1045,1074,3076283,20958,902759,8573100
1591,1048,1041,3075235,20965,903800,8233700
1592,1129,1093,3074106,21001,904893,8325800
1593,1044,1030,3073062,21015,905923,8322200
1594,1040,1078,3072022,20977,907001,8435500
1595,1015,1078,3071007,20914,908079,8701400
1596,1054,1071,3069953,20897,909150,8327000
1597,1010,997,3068943,20910,910147,8126500
1598,1092,1040,3067851,20962,911187,8039800
1599,1026,1080,3066825,20908,912267,8440700
1600,1051,1098,3065774,20861,913365,8216800
1601,1012,1057,3064762,20816,914422,8389600
1602,1092,1022,3063670,20886,915444,8199900
1603,1028,1051,3062642,20863,916495,8124200
1604,1045,1053,3061597,20855,917548,8452800
1605,1037,1046,3060560,20846,918594,8425400
1606,1098,964,3059462,20980,919558,8768900
1607,1080,1105,3058382,20955,920663,8760500
1608,1056,1055,3057326,20956,921718,9014300
1609,1063,1058,3056263,20961,922776,8346100
1610,968,990,3055295,20939,923766,8360300
1611,1041,1061,3054254,20919,924827,8277300
1612,983,1029,3053271,20873,925856,7979900
1613,1029,1050,3052242,20852,926906,8238800
1614,1023,1072,3051219,20803,927978,8587900
1615,1083,1007,3050136,20879,928985,8606200
1616,1013,1030,3049123,20862,930015,8230600
1617,1032,1042,3048091,20852,931057,8241200
1618,1040,1039,3047051,20853,932096,8360900
1619,1096,1074,3045955,20875,933170,8316400
1620,1104,1064,3044851,20915,934234,8388500
1621,1065,1057,3043786,20923,935291,8225000
1622,1047,1048,3042739,20922,936339,8806400
1623,1034,1106,3041705,20850,937445,8487200
1624,1049,1050,3040656,20849,938495,8374100
1625,1063,1033,3039593,20879,939528,8149000
1626,1078,1028,3038515,20929,940556,8343500
1627,1113,1042,3037402,21000,941598,8417900
1628,1023,1024,3036379,20999,942622,8238200
1629,1035,1034,3035344,21000,943656,8100200
1630,1047,1095,3034297,20952,944751,8092700
1631,1067,1032,3033230,20987,945783,8242700
1632,1140,1076,3032090,21051,946859,8765700
1633,1048,1000,3031042,21099,947859,8653900
1634,1024,1102,3030018,21021,948961,8703000
1635,1091,1035,3028927,21077,949996,8646700
1636,1079,967,3027848,21189,950963,8475900
1637,1067,1038,3026781,21218,952001,8828300
1638,1074,1090,3025707,21202,953091,8433400
1639,1041,1050,3024666,21193,954141,8663400
1640,1076,1078,3023590,21191,955219,8202600
1641,1108,1059,3022482,21240,956278,8398200
1642,1013,1043,3021469,21210,957321,8408300
1643,1060,1028,3020409,21242,958349,8139400
1644,1091,1083,3019318,21250,959432,8262900
1645,1078,1081,3018240,21247,960513,8317900
1646,1081,1099,3017159,21229,961612,8433700
1647,1087,1078,3016072,21238,962690,8162700
1648,1028,1070,3015044,21196,963760,8908000
1649,1103,1037,3013941,21262,964797,8887000
1650,1072,1050,3012869,21284,965847,8166500
1651,1098,997,3011771,21385,966844,8257100
1652,1107,1082,3010664,21410,967926,8363800
1653,1027,1097,3009637,21340,969023,8880600
1654,1053,1028,3008584,21365,970051,8317000
1655,1125,1058,3007459,21432,971109,8319100
1656,1087,1113,3006372,21406,972222,8155300
1657,1078,1100,3005294,21384,973322,8525400
1658,1098,1037,3004196,21445,974359,8228600
1659,1077,1128,3003119,21394,975487,9005400
1660,1052,1119,3002067,21327,976606,9433200
1661,1091,1077,3000976,21341,977683,8415200
1662,1097,1151,2999879,21287,978834,8386500
1663,1122,1023,2998757,21386,979857,8072400
1664,1073,1133,2997684,21326,980990,8746800
1665,1132,1098,2996552,21360,982088,8152100
1666,1078,1068,2995474,21370,983156,8303000
1667,1103,1033,2994371,21440,984189,8137000
1668,1077,1082,2993294,21435,985271,8421000
1669,1129,1042,2992165,21522,986313,8364400
1670,1093,1076,2991072,21539,987389,8486200
1671,1152,1055,2989920,21636,988444,8260600
1672,1087,1103,2988833,21620,989547,8136700
1673,1101,1136,2987732,21585,990683,8164500
1674,1062,1074,2986670,21573,991757,8156800
1675,1085,1017,2985585,21641,992774,8198400
1676,1045,1038,2984540,21648,993812,8272000
1677,1118,1052,2983422,21714,994864,8265700
1678,1081,1045,2982341,21750,995909,8209500
1679,1047,1102,2981294,21695,997011,8847900
1680,1116,1079,2980178,21732,998090,9418700
1681,1070,1042,2979108,21760,999132,9046800
1682,1148,1057,2977960,21851,1000189,9297000
1683,1117,1090,2976843,21878,1001279,8700400
1684,1114,1104,2975729,21888,1002383,8990900
1685,1086,1088,2974643,21886,1003471,9234600
1686,1093,1123,2973550,21856,1004594,9046100
1687,1104,1082,2972446,21878,1005676,9589600
1688,1100,1074,2971346,21904,1006750,9158400
1689,1093,1073,2970253,21924,1007823,8982600
1690,1100,1046,2969153,21978,1008869,9126400
1691,1093,1089,2968060,21982,1009958,8694800
1692,1088,1063,2966972,22007,1011021,8873300
1693,1100,1108,2965872,21999,1012129,8725000
1694,1080,1118,2964792,21961,1013247,8432400
1695,1113,1119,2963679,21955,1014366,8724300
1696,1097,1075,2962582,21977,1015441,9101600
1697,1089,1061,2961493,22005,1016502,8617800
1698,1165,1066,2960328,22104,1017568,9063900
1699,1158,1158,2959170,22104,1018726,8742900
1700,1134,1120,2958036,22118,1019846,9095300
1701,1105,1096,2956931,22127,1020942,8769500
1702,1093,1071,2955838,22149,1022013,8814800
1703,1064,1091,2954774,22122,1023104,8596100
1704,1102,1109,2953672,22115,1024213,8894000
1705,1157,1075,2952515,22197,1025288,8640800
1706,1117,1129,2951398,22185,1026417,8852600
1707,1108,1099,2950290,22194,1027516,8657300
1708,1124,1093,2949166,22225,1028609,8365500
1709,1095,1146,2948071,22174,1029755,8247900
1710,1093,1113,2946978,22154,1030868,8925600
1711,1091,1120,2945887,22125,1031988,8826800
1712,1103,1113,2944784,22115,1033101,8680400
1713,1124,1129,2943660,22110,1034230,8918900
1714,1096,1097,2942564,22109,1035327,8425500
1715,1101,1103,2941463,22107,1036430,8399400
1716,1074,1156,2940389,22025,1037586,8963500
1717,1057,1093,2939332,21989,1038679,8499200
1718,1106,1110,2938226,21985,1039789,8338300
1719,1063,1119,2937163,21929,1040908,8352100
1720,1072,1115,2936091,21886,1042023,8360400
1721,1068,1130,2935023,21824,1043153,8892900
1722,1089,1118,2933934,21795,1044271,9178100
1723,1053,1107,2932881,21741,1045378,8834100
1724,1102,1101,2931779,21742,1046479,9190100
1725,1071,1120,2930708,21693,1047599,8663500
1726,1069,1118,2929639,21644,1048717,8438900
1727,1152,1086,2928487,21710,1049803,8566500
1728,1113,997,2927374,21826,1050800,8194600
1729,1067,1164,2926307,21729,1051964,8305800
1730,1098,1090,2925209,21737,1053054,8145600
1731,1147,1092,2924062,21792,1054146,8805800
1732,1118,1049,2922944,21861,1055195,8913400
1733,1175,1130,2921769,21906,1056325,8788700
1734,1162,1135,2920607,21933,1057460,8392500
1735,1153,1116,2919454,21970,1058576,8653300
1736,1122,1112,2918332,21980,1059688,8313700
1737,1127,1091,2917205,22016,1060779,8754200
1738,1125,1146,2916080,21995,1061925,8517300
1739,1151,1110,2914929,22036,1063035,8602100
1740,1108,1113,2913821,22031,1064148,8829400
1741,1160,1081,2912661,22110,1065229,8295700
1742,1053,1113,2911608,22050,1066342,8355100
1743,1117,1111,2910491,22056,1067453,8226700
1744,1185,1080,2909306,22161,1068533,8203000
1745,1185,1120,2908121,22226,1069653,8331900
1746,1086,1064,2907035,22248,1070717,8746500
1747,1119,1071,2905916,22296,1071788,8463200
1748,1186,1110,2904730,22372,1072898,8419300
1749,1116,1046,2903614,22442,1073944,8344100
1750,1109,1111,2902505,22440,1075055,8602100
1751,1175,1112,2901330,22503,1076167,8768300
1752,1145,1092,2900185,22556,1077259,9000400
1753,1173,1074,2899012,22655,1078333,8507800
1754,1163,1134,2897849,22684,1079467,8644500
1755,1153,1112,2896696,22725,1080579,8359300
1756,1106,1065,2895590,22766,1081644,8186600
1757,1196,1115,2894394,22847,1082759,8155600
1758,1207,1199,2893187,22855,1083958,8362900
1759,1140,1093,2892047,22902,1085051,7975800
1760,1200,1211,2890847,22891,1086262,8143600
1761,1145,1230,2889702,22806,1087492,7993600
1762,1109,1144,2888593,22771,1088636,8046400
1763,1176,1176,2887417,22771,1089812,8157200
1764,1103,1128,2886314,22746,1090940,8056000
1765,1128,1131,2885186,22743,1092071,8315200
1766,1160,1155,2884026,22748,1093226,8056700
1767,1196,1107,2882830,22837,1094333,8100500
1768,1165,1171,2881665,22831,1095504,8084000
1769,1149,1127,2880516,22853,1096631,8409700
1770,1145,1137,2879371,22861,1097768,8163300
1771,1158,1090,2878213,22929,1098858,8131300
1772,1119,1197,2877094,22851,1100055,8269200
1773,1154,1131,2875940,22874,1101186,8645900
1774,1148,1141,2874792,22881,1102327,8420700
1775,1100,1102,2873692,22879,1103429,8679300
1776,1225,1195,2872467,22909,1104624,8359500
1777,1203,1146,2871264,22966,1105770,8538500
1778,1170,1136,2870094,23000,1106906,8271100
1779,1216,1127,2868878,23089,1108033,8116600
1780,1147,1150,2867731,23086,1109183,8233500
1781,1169,1156,2866562,23099,1110339,8300000
1782,1133,1138,2865429,23094,1111477,8319000
1783,1148,1134,2864281,23108,1112611,8105800
1784,1242,1146,2863039,23204,1113757,8430300
1785,1133,1230,2861906,23107,1114987,8057800
1786,1183,1171,2860723,23119,1116158,7894700
1787,1123,1117,2859600,23125,1117275,8450500
1788,1213,1180,2858387,23158,1118455,8305900
1789,1175,1178,2857212,23155,1119633,8128800
1790,1209,1141,2856003,23223,1120774,8065700
1791,1192,1122,2854811,23293,1121896,7935300
1792,1197,1136,2853614,23354,1123032,8194300
1793,1181,1187,2852433,23348,1124219,7850100
1794,1188,1166,2851245,23370,1125385,8486100
1795,1182,1156,2850063,23396,1126541,8013500
1796,1100,1159,2848963,23337,1127700,8012700
1797,1215,1225,2847748,23327,1128925,8113900
1798,1234,1148,2846514,23413,1130073,8255700
1799,1229,1190,2845285,23452,1131263,7934500
1800,1177,1201,2844108,23428,1132464,8178400
1801,1238,1219,2842870,23447,1133683,8000800
1802,1153,1155,2841717,23445,1134838,7970000
1803,1204,1113,2840513,23536,1135951,7920500
1804,1196,1188,2839317,23544,1137139,7972100
1805,1184,1213,2838133,23515,1138352,8222400
1806,1163,1216,2836970,23462,1139568,8932500
1807,1214,1198,2835756,23478,1140766,8495200
1808,1190,1180,2834566,23488,1141946,8123100
1809,1161,1199,2833405,23450,1143145,8165400
1810,1179,1138,2832226,23491,1144283,8052500
1811,1212,1188,2831014,23515,1145471,7838800
1812,1167,1194,2829847,23488,1146665,7887500
1813,1211,1195,2828636,23504,1147860,8455000
1814,1115,1205,2827521,23414,1149065,7962600
1815,1201,1131,2826320,23484,1150196,8135000
1816,1198,1196,2825122,23486,1151392,8294700
1817,1101,1221,2824021,23366,1152613,8116700
1818,1180,1192,2822841,23354,1153805,8075300
1819,1128,1154,2821713,23328,1154959,8083700
1820,1167,1175,2820546,23320,1156134,8056900
1821,1151,1153,2819395,23318,1157287,8406300
1822,1198,1145,2818197,23371,1158432,8247100
1823,1184,1176,2817013,23379,1159608,8210800
1824,1190,1180,2815823,23389,1160788,8396100
1825,1163,1157,2814660,23395,1161945,8486400
1826,1241,1227,2813419,23409,1163172,8379600
1827,1131,1180,2812288,23360,1164352,8501800
1828,1134,1192,2811154,23302,1165544,8605600
1829,1135,1137,2810019,23300,1166681,8899900
1830,1196,1145,2808823,23351,1167826,8963800
1831,1120,1159,2807703,23312,1168985,8922300
1832,1122,1116,2806581,23318,1170101,9128900
1833,1150,1155,2805431,23313,1171256,9442500
1834,1089,1191,2804342,23211,1172447,11134700
1835,1136,1093,2803206,23254,1173540,10275900
1836,1135,1167,2802071,23222,1174707,12899600
1837,1106,1127,2800965,23201,1175834,10117800
1838,1114,1177,2799851,23138,1177011,10038700
1839,1140,1110,2798711,23168,1178121,10636300
1840,1132,1147,2797579,23153,1179268,10013500
1841,1139,1107,2796440,23185,1180375,9142600
1842,1097,1092,2795343,23190,1181467,9437700
1843,1133,1185,2794210,23138,1182652,9542200
1844,1121,1130,2793089,23129,1183782,9237100
1845,1143,1159,2791946,23113,1184941,8806000
1846,1100,1168,2790846,23045,1186109,9132900
1847,1139,1165,2789707,23019,1187274,8900200
1848,1133,1180,2788574,22972,1188454,8709100
1849,1166,1156,2787408,22982,1189610,8279000
1850,1181,1151,2786227,23012,1190761,8392400
1851,1159,1174,2785068,22997,1191935,8333600
1852,1126,1127,2783942,22996,1193062,8805600
1853,1125,1137,2782817,22984,1194199,8418400
1854,1189,1178,2781628,22995,1195377,8059700
1855,1160,1128,2780468,23027,1196505,8136100
1856,1153,1162,2779315,23018,1197667,8661800
1857,1127,1157,2778188,22988,1198824,8382100
1858,1148,1173,2777040,22963,1199997,8561200
1859,1258,1133,2775782,23088,1201130,8181300
1860,1160,1063,2774622,23185,1202193,8544200
1861,1134,1215,2773488,23104,1203408,9024400
1862,1191,1164,2772297,23131,1204572,8506900
1863,1157,1124,2771140,23164,1205696,8889700
1864,1134,1171,2770006,23127,1206867,9005000
1865,1098,1175,2768908,23050,1208042,9090600
1866,1172,1173,2767736,23049,1209215,8750800
1867,1106,1167,2766630,22988,1210382,8566700
1868,1121,1147,2765509,22962,1211529,9347100
1869,1150,1123,2764359,22989,1212652,8611700
1870,1170,1126,2763189,23033,1213778,8625800
1871,1162,1176,2762027,23019,1214954,9002200
1872,1148,1096,2760879,23071,1216050,8802800
1873,1090,1182,2759789,22979,1217232,8511800
1874,1161,1187,2758628,22953,1218419,8523600
1875,1198,1142,2757430,23009,1219561,8849900
1876,1155,1163,2756275,23001,1220724,8686700
1877,1165,1203,2755110,22963,1221927,8184500
1878,1164,1139,2753946,22988,1223066,8640500
1879,1115,1164,2752831,22939,1224230,8825600
1880,1183,1134,2751648,22988,1225364,8387600
1881,1226,1139,2750422,23075,1226503,8677400
1882,1226,1156,2749196,23145,1227659,8483500
1883,1212,1197,2747984,23160,1228856,8981400
1884,1211,1147,2746773,23224,1230003,8339300
1885,1198,1235,2745575,23187,1231238,8254500
1886,1212,1166,2744363,23233,1232404,8280500
1887,1210,1158,2743153,23285,1233562,8502800
1888,1157,1211,2741996,23231,1234773,8794000
1889,1132,1111,2740864,23252,1235884,9256100
1890,1152,1103,2739712,23301,1236987,8662900
1891,1176,1170,2738536,23307,1238157,8767500
1892,1205,1130,2737331,23382,1239287,9975200
1893,1181,1136,2736150,23427,1240423,14560500
1894,1215,1139,2734935,23503,1241562,8624800
1895,1206,1129,2733729,23580,1242691,8591700
1896,1248,1203,2732481,23625,1243894,9505800
1897,1169,1209,2731312,23585,1245103,8764700
1898,1164,1226,2730148,23523,1246329,8112600
1899,1223,1152,2728925,23594,1247481,8153900
1900,1208,1156,2727717,23646,1248637,8179900
1901,1193,1153,2726524,23686,1249790,8399000
1902,1164,1132,2725360,23718,1250922,8315400
1903,1203,1214,2724157,23707,1252136,8725300
1904,1250,1186,2722907,23771,1253322,8377500
1905,1242,1166,2721665,23847,1254488,8245800
1906,1207,1165,2720458,23889,1255653,8141200
1907,1139,1148,2719319,23880,1256801,8397000
1908,1113,1147,2718206,23846,1257948,8216800
1909,1183,1178,2717023,23851,1259126,8256500
1910,1135,1199,2715888,23787,1260325,8084500
1911,1185,1163,2714703,23809,1261488,8262400
1912,1183,1149,2713520,23843,1262637,8420000
1913,1202,1215,2712318,23830,1263852,8174900
1914,1254,1154,2711064,23930,1265006,8122200
1915,1173,1146,2709891,23957,1266152,8083500
1916,1216,1183,2708675,23990,1267335,8241100
1917,1185,1174,2707490,24001,1268509,8535800
1918,1183,1207,2706307,23977,1269716,8540100
1919,1194,1173,2705113,23998,1270889,8447900
1920,1178,1229,2703935,23947,1272118,8248200
1921,1165,1212,2702770,23900,1273330,8892900
1922,1131,1147,2701639,23884,1274477,8928700
1923,1144,1207,2700495,23821,1275684,8773900
1924,1181,1175,2699314,23827,1276859,8384000
1925,1169,1198,2698145,23798,1278057,8292300
1926,1166,1187,2696979,23777,1279244,8386500
1927,1166,1166,2695813,23777,1280410,8450500
1928,1139,1157,2694674,23759,1281567,8573800
1929,1199,1171,2693475,23787,1282738,8833500
1930,1175,1148,2692300,23814,1283886,8666900
1931,1150,1200,2691150,23764,1285086,8546000
1932,1183,1172,2689967,23775,1286258,8335800
1933,1176,1174,2688791,23777,1287432,8606400
1934,1201,1185,2687590,23793,1288617,9114400
1935,1166,1172,2686424,23787,1289789,9191300
1936,1169,1195,2685255,23761,1290984,9079400
1937,1234,1152,2684021,23843,1292136,9168200
1938,1205,1216,2682816,23832,1293352,8887200
1939,1149,1184,2681667,23797,1294536,8815200
1940,1195,1149,2680472,23843,1295685,8851300
1941,1165,1263,2679307,23745,1296948,9037400
1942,1236,1215,2678071,23766,1298163,9382300
1943,1171,1124,2676900,23813,1299287,10094700
1944,1192,1260,2675708,23745,1300547,9103100
1945,1183,1209,2674525,23719,1301756,9186500
1946,1187,1215,2673338,23691,1302971,9427900
1947,1243,1187,2672095,23747,1304158,9543500
1948,1244,1215,2670851,23776,1305373,9434500
1949,1181,1222,2669670,23735,1306595,9595100
1950,1210,1232,2668460,23713,1307827,9131800
1951,1160,1238,2667300,23635,1309065,9161100
1952,1156,1201,2666144,23590,1310266,9039100
1953,1195,1153,2664949,23632,1311419,8672900
1954,1162,1157,2663787,23637,1312576,10478600
1955,1121,1146,2662666,23612,1313722,9203600
1956,1181,1160,2661485,23633,1314882,9068100
1957,1209,1168,2660276,23674,1316050,10151000
1958,1189,1208,2659087,23655,1317258,9423900
1959,1279,1171,2657808,23763,1318429,8615400
1960,1251,1225,2656557,23789,1319654,8878200
1961,1180,1244,2655377,23725,1320898,8878700
1962,1201,1159,2654176,23767,1322057,8609800
1963,1280,1239,2652896,23808,1323296,8625500
1964,1139,1146,2651757,23801,1324442,9033100
1965,1275,1241,2650482,23835,1325683,9176100
1966,1167,1141,2649315,23861,1326824,9574600
1967,1163,1217,2648152,23807,1328041,8838900
1968,1141,1140,2647011,23808,1329181,8377000
1969,1204,1159,2645807,23853,1330340,8812600
1970,1216,1206,2644591,23863,1331546,9282700
1971,1178,1181,2643413,23860,1332727,8842100
1972,1233,1247,2642180,23846,1333974,8828800
1973,1193,1161,2640987,23878,1335135,9022200
1974,1207,1223,2639780,23862,1336358,8917600
1975,1231,1224,2638549,23869,1337582,8495800
1976,1197,1177,2637352,23889,1338759,8984100
1977,1211,1207,2636141,23893,1339966,9243000
1978,1259,1155,2634882,23997,1341121,9354000
1979,1186,1221,2633696,23962,1342342,9377100
1980,1197,1180,2632499,23979,1343522,9061300
1981,1219,1237,2631280,23961,1344759,8920000
1982,1200,1178,2630080,23983,1345937,8566600
1983,1219,1177,2628861,24025,1347114,8869800
1984,1178,1259,2627683,23944,1348373,8672000
1985,1234,1192,2626449,23986,1349565,9350700
1986,1236,1136,2625213,24086,1350701,9330200
1987,1244,1241,2623969,24089,1351942,8763500
1988,1254,1268,2622715,24075,1353210,8692300
1989,1252,1220,2621463,24107,1354430,8916800
1990,1242,1227,2620221,24122,1355657,9154600
1991,1194,1161,2619027,24155,1356818,9029800
1992,1258,1191,2617769,24222,1358009,9558900
1993,1233,1214,2616536,24241,1359223,9299500
1994,1209,1178,2615327,24272,1360401,8777700
1995,1233,1215,2614094,24290,1361616,8780800
1996,1208,1277,2612886,24221,1362893,8526900
1997,1211,1228,2611675,24204,1364121,8929100
1998,1222,1195,2610453,24231,1365316,8550200
1999,1236,1258,2609217,24209,1366574,8512500
2000,1144,1240,2608073,24113,1367814,8583300
2001,1222,1179,2606851,24156,1368993,8208700
2002,1173,1217,2605678,24112,1370210,8090000
2003,1199,1258,2604479,24053,1371468,8118000
2004,1173,1204,2603306,24022,1372672,8291400
2005,1166,1219,2602140,23969,1373891,8291800
2006,1214,1240,2600926,23943,1375131,8247900
2007,1169,1182,2599757,23930,1376313,8426500
2008,1196,1205,2598561,23921,1377518,8752100
2009,1225,1162,2597336,23984,1378680,8304600
2010,1241,1186,2596095,24039,1379866,8299500
2011,1233,1256,2594862,24016,1381122,8792700
2012,1218,1196,2593644,24038,1382318,8390400
2013,1222,1268,2592422,23992,1383586,8533100
2014,1227,1158,2591195,24061,1384744,8562300
2015,1230,1200,2589965,24091,1385944,8285200
2016,1225,1257,2588740,24059,1387201,8532300
2017,1205,1182,2587535,24082,1388383,8612900
2018,1207,1228,2586328,24061,1389611,8749200
2019,1216,1249,2585112,24028,1390860,9246600
2020,1198,1203,2583914,24023,1392063,8874900
2021,1183,1231,2582731,23975,1393294,8212600
2022,1227,1178,2581504,24024,1394472,8222700
2023,1252,1196,2580252,24080,1395668,8793100
2024,1208,1159,2579044,24129,1396827,8650800
2025,1195,1215,2577849,24109,1398042,8597100
2026,1191,1201,2576658,24099,1399243,8929900
2027,1233,1246,2575425,24086,1400489,8696800
2028,1187,1199,2574238,24074,1401688,8440000
2029,1190,1183,2573048,24081,1402871,8269200
2030,1191,1243,2571857,24029,1404114,8780900
2031,1235,1224,2570622,24040,1405338,9043300
2032,1191,1154,2569431,24077,1406492,8728300
2033,1236,1178,2568195,24135,1407670,8264900
2034,1203,1193,2566992,24145,1408863,8374900
2035,1211,1218,2565781,24138,1410081,8377800
2036,1231,1210,2564550,24159,1411291,8298600
2037,1201,1189,2563349,24171,1412480,8285000
2038,1248,1157,2562101,24262,1413637,8326500
2039,1209,1248,2560892,24223,1414885,8402700
2040,1251,1221,2559641,24253,1416106,8364000
2041,1199,1213,2558442,24239,1417319,8017100
2042,1199,1247,2557243,24191,1418566,7992600
2043,1230,1182,2556013,24239,1419748,8159800
2044,1266,1241,2554747,24264,1420989,7973700
2045,1259,1225,2553488,24298,1422214,7953700
2046,1236,1163,2552252,24371,1423377,8213200
2047,1278,1237,2550974,24412,1424614,7878700
2048,1225,1240,2549749,24397,1425854,7859200
2049,1217,1193,2548532,24421,1427047,8173300
2050,1232,1186,2547300,24467,1428233,8269000
2051,1312,1206,2545988,24573,1429439,8020200
2052,1278,1238,2544710,24613,1430677,8404100
2053,1263,1205,2543447,24671,1431882,8361200
2054,1233,1271,2542214,24633,1433153,8252500
2055,1211,1285,2541003,24559,1434438,8044500
2056,1223,1175,2539780,24607,1435613,8082000
2057,1252,1238,2538528,24621,1436851,8307300
2058,1214,1286,2537314,24549,1438137,8047500
2059,1261,1194,2536053,24616,1439331,8067200
2060,1214,1194,2534839,24636,1440525,8507800
2061,1236,1252,2533603,24620,1441777,8940200
2062,1187,1193,2532416,24614,1442970,9058300
2063,1170,1185,2531246,24599,1444155,9122400
2064,1163,1284,2530083,24478,1445439,8417300
2065,1240,1225,2528843,24493,1446664,8228400
2066,1221,1208,2527622,24506,1447872,8091500
2067,1206,1236,2526416,24476,1449108,8063400
2068,1235,1212,2525181,24499,1450320,8793800
2069,1232,1262,2523949,24469,1451582,8489300
2070,1212,1267,2522737,24414,1452849,8956200
2071,1175,1251,2521562,24338,1454100,8865400
2072,1262,1242,2520300,24358,1455342,8752000
2073,1232,1183,2519068,24407,1456525,8350600
2074,1215,1220,2517853,24402,1457745,8748100
2075,1153,1258,2516700,24297,1459003,8436700
2076,1232,1221,2515468,24308,1460224,8530700
2077,1224,1130,2514244,24402,1461354,8223200
2078,1222,1194,2513022,24430,1462548,8002800
2079,1221,1249,2511801,24402,1463797,7954700
2080,1225,1239,2510576,24388,1465036,8201900
2081,1177,1206,2509399,24359,1466242,8087800
2082,1207,1172,2508192,24394,1467414,8050500
2083,1182,1232,2507010,24344,1468646,7970900
2084,1288,1213,2505722,24419,1469859,8005200
2085,1181,1214,2504541,24386,1471073,8354700
2086,1208,1162,2503333,24432,1472235,8114900
2087,1215,1265,2502118,24382,1473500,8140800
2088,1157,1212,2500961,24327,1474712,8339000
2089,1173,1251,2499788,24249,1475963,8121900
2090,1176,1165,2498612,24260,1477128,8274900
2091,1227,1186,2497385,24301,1478314,8240500
2092,1234,1239,2496151,24296,1479553,8233900
2093,1210,1257,2494941,24249,1480810,8136300
2094,1209,1204,2493732,24254,1482014,8233100
2095,1169,1227,2492563,24196,1483241,8342100
2096,1194,1124,2491369,24266,1484365,8620700
2097,1147,1181,2490222,24232,1485546,8604900
2098,1252,1160,2488970,24324,1486706,8277200
2099,1194,1251,2487776,24267,1487957,8445700
2100,1180,1115,2486596,24332,1489072,8279100
2101,1177,1180,2485419,24329,1490252,8318100
2102,1233,1189,2484186,24373,1491441,8245000
2103,1216,1234,2482970,24355,1492675,8437100
2104,1214,1228,2481756,24341,1493903,8333800
2105,1213,1263,2480543,24291,1495166,8435800
2106,1223,1183,2479320,24331,1496349,8320000
2107,1222,1170,2478098,24383,1497519,8199500
2108,1207,1256,2476891,24334,1498775,8256000
2109,1224,1194,2475667,24364,1499969,8601400
2110,1225,1195,2474442,24394,1501164,8881900
2111,1195,1253,2473247,24336,1502417,8634300
2112,1194,1223,2472053,24307,1503640,8610800
2113,1145,1149,2470908,24303,1504789,8666600
2114,1226,1193,2469682,24336,1505982,8843100
2115,1252,1290,2468430,24298,1507272,8443700
2116,1185,1238,2467245,24245,1508510,8600200
2117,1191,1269,2466054,24167,1509779,8812800
2118,1183,1244,2464871,24106,1511023,9292000
2119,1200,1255,2463671,24051,1512278,10878000
2120,1231,1216,2462440,24066,1513494,10832800
2121,1151,1208,2461289,24009,1514702,9431000
2122,1226,1210,2460063,24025,1515912,9049800
2123,1202,1226,2458861,24001,1517138,8966800
2124,1216,1182,2457645,24035,1518320,9354700
2125,1180,1220,2456465,23995,1519540,8644100
2126,1194,1209,2455271,23980,1520749,9235200
2127,1194,1244,2454077,23930,1521993,8929400
2128,1250,1154,2452827,24026,1523147,8635200
2129,1218,1227,2451609,24017,1524374,8765700
2130,1161,1190,2450448,23988,1525564,8848800
2131,1199,1150,2449249,24037,1526714,8876500
2132,1178,1221,2448071,23994,1527935,8532100
2133,1254,1151,2446817,24097,1529086,8466700
2134,1206,1222,2445611,24081,1530308,8475600
2135,1217,1196,2444394,24102,1531504,9069000
2136,1210,1184,2443184,24128,1532688,8652100
2137,1221,1233,2441963,24116,1533921,8655600
2138,1197,1220,2440766,24093,1535141,8936000
2139,1228,1221,2439538,24100,1536362,8677700
2140,1237,1176,2438301,24161,1537538,8405300
2141,1258,1235,2437043,24184,1538773,8542800
2142,1242,1211,2435801,24215,1539984,8204500
2143,1201,1237,2434600,24179,1541221,8087500
2144,1194,1214,2433406,24159,1542435,8244500
2145,1223,1201,2432183,24181,1543636,8355900
2146,1208,1248,2430975,24141,1544884,8637100
2147,1237,1206,2429738,24172,1546090,8819600
2148,1231,1159,2428507,24244,1547249,8299600
2149,1192,1229,2427315,24207,1548478,8493000
2150,1190,1202,2426125,24195,1549680,8445100
2151,1190,1239,2424935,24146,1550919,8838000
2152,1183,1238,2423752,24091,1552157,8705400
2153,1254,1174,2422498,24171,1553331,8647000
2154,1233,1216,2421265,24188,1554547,8603100
2155,1194,1190,2420071,24192,1555737,8691600
2156,1152,1204,2418919,24140,1556941,9010500
2157,1187,1154,2417732,24173,1558095,8764000
2158,1208,1236,2416524,24145,1559331,9379600
2159,1212,1255,2415312,24102,1560586,9283600
2160,1208,1211,2414104,24099,1561797,8851000
2161,1182,1244,2412922,24037,1563041,9311800
2162,1210,1141,2411712,24106,1564182,8464100
2163,1209,1165,2410503,24150,1565347,9123000
2164,1197,1231,2409306,24116,1566578,9229200
2165,1243,1234,2408063,24125,1567812,8843200
2166,1229,1171,2406834,24183,1568983,9218800
2167,1213,1208,2405621,24188,1570191,9039600
2168,1230,1221,2404391,24197,1571412,8868000
2169,1261,1174,2403130,24284,1572586,8465900
2170,1198,1198,2401932,24284,1573784,8955700
2171,1212,1206,2400720,24290,1574990,9206000
2172,1198,1228,2399522,24260,1576218,8983500
2173,1236,1204,2398286,24292,1577422,8801900
2174,1187,1187,2397099,24292,1578609,8475700
2175,1240,1169,2395859,24363,1579778,8385600
2176,1240,1198,2394619,24405,1580976,8236000
2177,1213,1208,2393406,24410,1582184,8617800
2178,1234,1278,2392172,24366,1583462,8571500
2179,1237,1237,2390935,24366,1584699,8896100
2180,1260,1233,2389675,24393,1585932,8888300
2181,1256,1187,2388419,24462,1587119,8738400
2182,1216,1190,2387203,24488,1588309,8806100
2183,1210,1182,2385993,24516,1589491,8654900
2184,1198,1196,2384795,24518,1590687,8665900
2185,1222,1247,2383573,24493,1591934,8977500
2186,1261,1260,2382312,24494,1593194,8874900
2187,1242,1255,2381070,24481,1594449,9038100
2188,1260,1262,2379810,24479,1595711,8913000
2189,1228,1177,2378582,24530,1596888,8539300
2190,1207,1174,2377375,24563,1598062,8513600
2191,1213,1203,2376162,24573,1599265,8349200
2192,1205,1185,2374957,24593,1600450,8658300
2193,1242,1222,2373715,24613,1601672,8388700
2194,1270,1259,2372445,24624,1602931,8657900
2195,1243,1183,2371202,24684,1604114,8672700
2196,1294,1241,2369908,24737,1605355,9206300
2197,1272,1210,2368636,24799,1606565,9262500
2198,1277,1288,2367359,24788,1607853,8538400
2199,1252,1197,2366107,24843,1609050,8544900
2200,1216,1232,2364891,24827,1610282,8975700
2201,1244,1283,2363647,24788,1611565,8491700
2202,1169,1271,2362478,24686,1612836,9109800
2203,1289,1271,2361189,24704,1614107,8671500
2204,1304,1248,2359885,24760,1615355,8746600
2205,1313,1191,2358572,24882,1616546,8436000
2206,1300,1234,2357272,24948,1617780,8673800
2207,1191,1237,2356081,24902,1619017,8229100
2208,1313,1254,2354768,24961,1620271,8620400
2209,1229,1246,2353539,24944,1621517,8208600
2210,1216,1294,2352323,24866,1622811,8579900
2211,1250,1261,2351073,24855,1624072,8333000
2212,1212,1206,2349861,24861,1625278,8870100
2213,1186,1191,2348675,24856,1626469,8719700
2214,1240,1300,2347435,24796,1627769,8364600
2215,1212,1297,2346223,24711,1629066,8262200
2216,1223,1204,2345000,24730,1630270,8157800
2217,1209,1166,2343791,24773,1631436,8961400
2218,1235,1255,2342556,24753,1632691,8824400
2219,1236,1257,2341320,24732,1633948,8516600
2220,1335,1249,2339985,24818,1635197,8846200
2221,1273,1205,2338712,24886,1636402,8534500
2222,1249,1282,2337463,24853,1637684,8265100
2223,1321,1227,2336142,24947,1638911,8334500
2224,1265,1209,2334877,25003,1640120,9662600
2225,1237,1276,2333640,24964,1641396,8642400
2226,1243,1286,2332397,24921,1642682,8268700
2227,1279,1245,2331118,24955,1643927,8167600
2228,1258,1232,2329860,24981,1645159,8623400
2229,1264,1278,2328596,24967,1646437,8390800
2230,1221,1228,2327375,24960,1647665,8145200
2231,1259,1246,2326116,24973,1648911,8033300
2232,1209,1197,2324907,24985,1650108,8073800
2233,1277,1299,2323630,24963,1651407,8533800
2234,1183,1247,2322447,24899,1652654,8928600
2235,1224,1236,2321223,24887,1653890,8356100
2236,1240,1216,2319983,24911,1655106,8351500
2237,1259,1222,2318724,24948,1656328,8694300
2238,1261,1222,2317463,24987,1657550,8440600
2239,1267,1306,2316196,24948,1658856,8032700
2240,1258,1286,2314938,24920,1660142,8654700
2241,1289,1257,2313649,24952,1661399,8751400
2242,1216,1244,2312433,24924,1662643,8555800
2243,1268,1259,2311165,24933,1663902,8708300
2244,1244,1239,2309921,24938,1665141,9011000
2245,1245,1257,2308676,24926,1666398,9009300
2246,1297,1235,2307379,24988,1667633,8151600
2247,1299,1207,2306080,25080,1668840,8029700
2248,1245,1352,2304835,24973,1670192,8714800
2249,1205,1238,2303630,24940,1671430,8659600
2250,1225,1263,2302405,24902,1672693,8349400
2251,1277,1269,2301128,24910,1673962,8375400
2252,1254,1256,2299874,24908,1675218,8640600
2253,1311,1304,2298563,24915,1676522,8169600
2254,1238,1330,2297325,24823,1677852,7976100
2255,1271,1185,2296054,24909,1679037,8310200
2256,1301,1306,2294753,24904,1680343,8763600
2257,1211,1204,2293542,24911,1681547,8658000
2258,1282,1234,2292260,24959,1682781,8299800
2259,1321,1228,2290939,25052,1684009,8580100
2260,1250,1318,2289689,24984,1685327,8794400
2261,1258,1245,2288431,24997,1686572,8480700
2262,1243,1297,2287188,24943,1687869,8466600
2263,1221,1282,2285967,24882,1689151,8058600
2264,1177,1248,2284790,24811,1690399,8105500
2265,1254,1206,2283536,24859,1691605,8624400
2266,1178,1255,2282358,24782,1692860,8506800
2267,1258,1256,2281100,24784,1694116,8710100
2268,1200,1236,2279900,24748,1695352,8603400
2269,1288,1270,2278612,24766,1696622,8600400
2270,1229,1218,2277383,24777,1697840,8257300
2271,1253,1236,2276130,24794,1699076,8517100
2272,1279,1233,2274851,24840,1700309,9216200
2273,1241,1237,2273610,24844,1701546,8465600
2274,1253,1211,2272357,24886,1702757,8136500
2275,1310,1226,2271047,24970,1703983,8831500
2276,1261,1240,2269786,24991,1705223,8335900
2277,1234,1309,2268552,24916,1706532,8108400
2278,1230,1234,2267322,24912,1707766,7961200
2279,1287,1255,2266035,24944,1709021,8053900
2280,1249,1201,2264786,24992,1710222,7978100
2281,1229,1232,2263557,24989,1711454,8133300
2282,1247,1272,2262310,24964,1712726,8072000
2283,1289,1202,2261021,25051,1713928,8049700
2284,1258,1240,2259763,25069,1715168,7943000
2285,1227,1240,2258536,25056,1716408,7951300
2286,1296,1361,2257240,24991,1717769,8044700
2287,1298,1228,2255942,25061,1718997,8147700
2288,1273,1249,2254669,25085,1720246,8015300
2289,1271,1281,2253398,25075,1721527,8004000
2290,1305,1225,2252093,25155,1722752,8036000
2291,1318,1290,2250775,25183,1724042,8003100
2292,1302,1206,2249473,25279,1725248,8004600
2293,1263,1241,2248210,25301,1726489,8178200
2294,1222,1280,2246988,25243,1727769,8108600
2295,1260,1294,2245728,25209,1729063,8072000
2296,1276,1269,2244452,25216,1730332,8177600
2297,1266,1288,2243186,25194,1731620,8270000
2298,1278,1253,2241908,25219,1732873,8374000
2299,1276,1307,2240632,25188,1734180,8213300
2300,1297,1288,2239335,25197,1735468,8201900
2301,1236,1264,2238099,25169,1736732,8258600
2302,1218,1305,2236881,25082,1738037,8659600
2303,1248,1289,2235633,25041,1739326,9028200
2304,1300,1254,2234333,25087,1740580,8636200
2305,1337,1220,2232996,25204,1741800,8836300
2306,1286,1236,2231710,25254,1743036,8879700
2307,1261,1232,2230449,25283,1744268,8491300
2308,1250,1304,2229199,25229,1745572,8324700
2309,1252,1323,2227947,25158,1746895,8401800
2310,1206,1253,2226741,25111,1748148,8254300
2311,1229,1277,2225512,25063,1749425,8678600
2312,1334,1251,2224178,25146,1750676,8167000
2313,1219,1275,2222959,25090,1751951,8329800
2314,1234,1240,2221725,25084,1753191,8241600
2315,1234,1219,2220491,25099,1754410,8223400
2316,1214,1230,2219277,25083,1755640,8035300
2317,1235,1212,2218042,25106,1756852,8168700
2318,1231,1274,2216811,25063,1758126,8050400
2319,1179,1267,2215632,24975,1759393,8254900
2320,1224,1302,2214408,24897,1760695,8285100
2321,1285,1271,2213123,24911,1761966,8267200
2322,1234,1338,2211889,24807,1763304,8167500
2323,1222,1241,2210667,24788,1764545,8150200
2324,1269,1262,2209398,24795,1765807,8278500
2325,1302,1268,2208096,24829,1767075,8262800
2326,1254,1269,2206842,24814,1768344,8145900
2327,1260,1245,2205582,24829,1769589,8081400
2328,1205,1251,2204377,24783,1770840,8254900
2329,1223,1227,2203154,24779,1772067,8773700
2330,1236,1218,2201918,24797,1773285,8643000
2331,1257,1219,2200661,24835,1774504,8550400
2332,1173,1246,2199488,24762,1775750,8226100
2333,1285,1274,2198203,24773,1777024,8533500
2334,1244,1219,2196959,24798,1778243,8101100
2335,1278,1224,2195681,24852,1779467,8231200
2336,1231,1273,2194450,24810,1780740,8067600
2337,1230,1194,2193220,24846,1781934,8120600
2338,1212,1227,2192008,24831,1783161,8143300
2339,1178,1257,2190830,24752,1784418,8286300
2340,1216,1244,2189614,24724,1785662,8041600
2341,1272,1250,2188342,24746,1786912,7960500
2342,1236,1245,2187106,24737,1788157,7882100
2343,1273,1217,2185833,24793,1789374,7987400
2344,1211,1232,2184622,24772,1790606,7968400
2345,1233,1233,2183389,24772,1791839,8346400
2346,1298,1299,2182091,24771,1793138,8534700
2347,1298,1293,2180793,24776,1794431,8410400
2348,1224,1270,2179569,24730,1795701,8495100
2349,1206,1216,2178363,24720,1796917,8822800
2350,1260,1229,2177103,24751,1798146,8377900
2351,1221,1218,2175882,24754,1799364,8511400
2352,1270,1277,2174612,24747,1800641,8727600
2353,1204,1182,2173408,24769,1801823,9445900
2354,1271,1303,2172137,24737,1803126,10765300
2355,1269,1188,2170868,24818,1804314,9759000
2356,1266,1258,2169602,24826,1805572,9960800
2357,1279,1263,2168323,24842,1806835,9488400
2358,1231,1271,2167092,24802,1808106,9106400
2359,1200,1217,2165892,24785,1809323,8878100
2360,1234,1244,2164658,24775,1810567,8976400
2361,1255,1229,2163403,24801,1811796,8976500
2362,1258,1227,2162145,24832,1813023,8637000
2363,1287,1214,2160858,24905,1814237,8329900
2364,1301,1274,2159557,24932,1815511,8266800
2365,1221,1246,2158336,24907,1816757,8196100
2366,1296,1266,2157040,24937,1818023,8270300
2367,1280,1270,2155760,24947,1819293,8148000
2368,1208,1282,2154552,24873,1820575,8118400
2369,1218,1239,2153334,24852,1821814,8244600
2370,1226,1257,2152108,24821,1823071,8198500
2371,1297,1214,2150811,24904,1824285,8363300
2372,1236,1193,2149575,24947,1825478,7945400
2373,1229,1231,2148346,24945,1826709,8082400
2374,1217,1212,2147129,24950,1827921,8203300
2375,1197,1217,2145932,24930,1829138,8006000
2376,1221,1230,2144711,24921,1830368,7963600
2377,1247,1235,2143464,24933,1831603,8153200
2378,1284,1227,2142180,24990,1832830,8047800
2379,1252,1306,2140928,24936,1834136,7954900
2380,1154,1297,2139774,24793,1835433,8168300
2381,1208,1292,2138566,24709,1836725,8018200
2382,1216,1261,2137350,24664,1837986,8051400
2383,1173,1195,2136177,24642,1839181,8269600
2384,1241,1222,2134936,24661,1840403,8177300
2385,1254,1172,2133682,24743,1841575,8177600
2386,1239,1142,2132443,24840,1842717,8066800
2387,1265,1222,2131178,24883,1843939,8161300
2388,1313,1306,2129865,24890,1845245,8146500
2389,1202,1254,2128663,24838,1846499,8460100
2390,1269,1303,2127394,24804,1847802,8010800
2391,1251,1224,2126143,24831,1849026,8209200
2392,1213,1195,2124930,24849,1850221,8112200
2393,1304,1247,2123626,24906,1851468,8016300
2394,1289,1278,2122337,24917,1852746,8047300
2395,1239,1162,2121098,24994,1853908,8123000
2396,1264,1291,2119834,24967,1855199,8126500
2397,1218,1254,2118616,24931,1856453,8001000
2398,1201,1271,2117415,24861,1857724,7925900
2399,1260,1157,2116155,24964,1858881,8040200
2400,1200,1231,2114955,24933,1860112,7872200
2401,1211,1264,2113744,24880,1861376,8048500
2402,1202,1250,2112542,24832,1862626,8104700
2403,1172,1249,2111370,24755,1863875,8013000
2404,1280,1265,2110090,24770,1865140,7892500
2405,1255,1187,2108835,24838,1866327,8079900
2406,1235,1218,2107600,24855,1867545,8135900
2407,1213,1230,2106387,24838,1868775,7930000
2408,1220,1261,2105167,24797,1870036,7887900
2409,1189,1249,2103978,24737,1871285,7988500
2410,1220,1310,2102758,24647,1872595,8172300
2411,1187,1259,2101571,24575,1873854,8143100
2412,1159,1281,2100412,24453,1875135,7983700
2413,1231,1197,2099181,24487,1876332,7997800
2414,1249,1259,2097932,24477,1877591,7960100
2415,1205,1249,2096727,24433,1878840,7890000
2416,1154,1213,2095573,24374,1880053,7955500
2417,1215,1178,2094358,24411,1881231,7980700
2418,1190,1286,2093168,24315,1882517,8129200
2419,1182,1189,2091986,24308,1883706,8294300
2420,1224,1203,2090762,24329,1884909,8360500
2421,1270,1135,2089492,24464,1886044,8210600
2422,1178,1175,2088314,24467,1887219,8284400
2423,1250,1188,2087064,24529,1888407,8217600
2424,1223,1225,2085841,24527,1889632,8454000
2425,1242,1182,2084599,24587,1890814,8556400
2426,1186,1219,2083413,24554,1892033,8453500
2427,1247,1279,2082166,24522,1893312,8150900
2428,1252,1218,2080914,24556,1894530,8092500
2429,1235,1216,2079679,24575,1895746,8163400
2430,1229,1277,2078450,24527,1897023,8059000
2431,1188,1293,2077262,24422,1898316,7941500
2432,1237,1200,2076025,24459,1899516,7965300
2433,1195,1226,2074830,24428,1900742,8099900
2434,1234,1238,2073596,24424,1901980,8179800
2435,1168,1227,2072428,24365,1903207,8133400
2436,1220,1146,2071208,24439,1904353,8115700
2437,1211,1210,2069997,24440,1905563,7920700
2438,1192,1260,2068805,24372,1906823,8071700
2439,1251,1186,2067554,24437,1908009,7907600
2440,1311,1227,2066243,24521,1909236,8023200
2441,1264,1199,2064979,24586,1910435,8796200
2442,1168,1209,2063811,24545,1911644,8184900
2443,1282,1268,2062529,24559,1912912,8194400
2444,1212,1236,2061317,24535,1914148,8019300
2445,1240,1265,2060077,24510,1915413,8071800
2446,1262,1255,2058815,24517,1916668,7970300
2447,1214,1204,2057601,24527,1917872,8228500
2448,1269,1230,2056332,24566,1919102,8195600
2449,1252,1190,2055080,24628,1920292,8172200
2450,1199,1189,2053881,24638,1921481,8233700
2451,1228,1202,2052653,24664,1922683,8374300
2452,1210,1228,2051443,24646,1923911,9023000
2453,1227,1212,2050216,24661,1925123,8745200
2454,1239,1207,2048977,24693,1926330,8816100
2455,1217,1255,2047760,24655,1927585,8628000
2456,1222,1268,2046538,24609,1928853,8375400
2457,1195,1217,2045343,24587,1930070,8333800
2458,1190,1255,2044153,24522,1931325,8674800
2459,1199,1237,2042954,24484,1932562,8713200
2460,1139,1228,2041815,24395,1933790,8495500
2461,1246,1167,2040569,24474,1934957,8322600
2462,1229,1217,2039340,24486,1936174,8213400
2463,1203,1217,2038137,24472,1937391,8159300
2464,1203,1268,2036934,24407,1938659,8257000
2465,1289,1198,2035645,24498,1939857,8511900
2466,1198,1170,2034447,24526,1941027,8520200
2467,1232,1229,2033215,24529,1942256,8850400
2468,1238,1254,2031977,24513,1943510,8381000
2469,1234,1204,2030743,24543,1944714,8450600
2470,1272,1235,2029471,24580,1945949,8425800
2471,1182,1176,2028289,24586,1947125,8266500
2472,1202,1214,2027087,24574,1948339,9008800
2473,1309,1262,2025778,24621,1949601,9095800
2474,1234,1299,2024544,24556,1950900,9122400
2475,1229,1194,2023315,24591,1952094,10262000
2476,1222,1213,2022093,24600,1953307,8800900
2477,1248,1247,2020845,24601,1954554,8674700
2478,1269,1266,2019576,24604,1955820,8595600
2479,1201,1203,2018375,24602,1957023,8379000
2480,1282,1219,2017093,24665,1958242,8311500
2481,1224,1214,2015869,24675,1959456,8368200
2482,1145,1250,2014724,24570,1960706,8555400
2483,1217,1275,2013507,24512,1961981,9179900
2484,1190,1207,2012317,24495,1963188,8877900
2485,1203,1281,2011114,24417,1964469,8846400
2486,1188,1192,2009926,24413,1965661,8848400
2487,1189,1240,2008737,24362,1966901,8613400
2488,1197,1238,2007540,24321,1968139,8702000
2489,1210,1191,2006330,24340,1969330,8400500
2490,1232,1237,2005098,24335,1970567,8401700
2491,1194,1224,2003904,24305,1971791,8375900
2492,1172,1239,2002732,24238,1973030,8354900
2493,1205,1242,2001527,24201,1974272,8214100
2494,1201,1247,2000326,24155,1975519,8162100
2495,1205,1151,1999121,24209,1976670,8452100
2496,1162,1214,1997959,24157,1977884,8448500
2497,1183,1181,1996776,24159,1979065,8615300
2498,1225,1271,1995551,24113,1980336,8406600
2499,1141,1232,1994410,24022,1981568,8657300
2500,1172,1250,1993238,23944,1982818,8270800
2501,1214,1201,1992024,23957,1984019,8321700
2502,1241,1286,1990783,23912,1985305,8109600
2503,1186,1221,1989597,23877,1986526,8409400
2504,1213,1170,1988384,23920,1987696,8209900
2505,1214,1174,1987170,23960,1988870,8392700
2506,1188,1210,1985982,23938,1990080,8147900
2507,1143,1182,1984839,23899,1991262,8517800
2508,1187,1209,1983652,23877,1992471,8663300
2509,1134,1253,1982518,23758,1993724,9606900
2510,1271,1209,1981247,23820,1994933,9185000
2511,1203,1189,1980044,23834,1996122,8646000
2512,1200,1227,1978844,23807,1997349,8484400
2513,1189,1131,1977655,23865,1998480,9286700
2514,1215,1171,1976440,23909,1999651,10048100
2515,1145,1200,1975295,23854,2000851,9432900
2516,1221,1151,1974074,23924,2002002,9827900
2517,1213,1181,1972861,23956,2003183,8982200
2518,1139,1236,1971722,23859,2004419,9198400
2519,1240,1255,1970482,23844,2005674,9812800
2520,1222,1145,1969260,23921,2006819,10251900
2521,1217,1195,1968043,23943,2008014,8995600
2522,1224,1167,1966819,24000,2009181,9117100
2523,1146,1234,1965673,23912,2010415,9406000
2524,1185,1206,1964488,23891,2011621,9003400
2525,1199,1186,1963289,23904,2012807,8604700
2526,1230,1207,1962059,23927,2014014,8538300
2527,1176,1121,1960883,23982,2015135,8442700
2528,1222,1225,1959661,23979,2016360,8300200
2529,1213,1174,1958448,24018,2017534,8566900
2530,1205,1255,1957243,23968,2018789,8041600
2531,1228,1221,1956015,23975,2020010,8051400
2532,1161,1215,1954854,23921,2021225,7946200
2533,1214,1290,1953640,23845,2022515,7947100
2534,1148,1182,1952492,23811,2023697,7897600
2535,1243,1202,1951249,23852,2024899,8068000
2536,1198,1205,1950051,23845,2026104,7948100
2537,1178,1232,1948873,23791,2027336,8091900
2538,1235,1155,1947638,23871,2028491,8185200
2539,1220,1194,1946418,23897,2029685,8249700
2540,1243,1237,1945175,23903,2030922,8272100
2541,1266,1180,1943909,23989,2032102,8556900
2542,1235,1180,1942674,24044,2033282,8278300
2543,1249,1171,1941425,24122,2034453,8332400
2544,1202,1267,1940223,24057,2035720,9415400
2545,1239,1166,1938984,24130,2036886,8428800
2546,1229,1192,1937755,24167,2038078,8063000
2547,1257,1178,1936498,24246,2039256,7933100
2548,1226,1209,1935272,24263,2040465,7918300
2549,1232,1178,1934040,24317,2041643,7959600
2550,1185,1225,1932855,24277,2042868,7848800
2551,1225,1229,1931630,24273,2044097,8086300
2552,1252,1176,1930378,24349,2045273,8087300
2553,1180,1283,1929198,24246,2046556,7938500
2554,1203,1188,1927995,24261,2047744,7988900
2555,1225,1221,1926770,24265,2048965,8389700
2556,1252,1264,1925518,24253,2050229,8289000
2557,1218,1209,1924300,24262,2051438,8436000
2558,1191,1230,1923109,24223,2052668,8340700
2559,1178,1222,1921931,24179,2053890,8715400
2560,1145,1199,1920786,24125,2055089,8950800
2561,1205,1249,1919581,24081,2056338,8697000
2562,1159,1208,1918422,24032,2057546,8231600
2563,1204,1193,1917218,24043,2058739,8396800
2564,1201,1247,1916017,23997,2059986,8321100
2565,1257,1178,1914760,24076,2061164,8455700
2566,1132,1207,1913628,24001,2062371,8452300
2567,1250,1171,1912378,24080,2063542,8784500
2568,1222,1229,1911156,24073,2064771,8975000
2569,1207,1194,1909949,24086,2065965,8754700
2570,1158,1186,1908791,24058,2067151,8566300
2571,1176,1123,1907615,24111,2068274,8567300
2572,1232,1237,1906383,24106,2069511,8682600
2573,1191,1220,1905192,24077,2070731,8548700
2574,1107,1208,1904085,23976,2071939,9279600
2575,1187,1191,1902898,23972,2073130,9388700
2576,1165,1155,1901733,23982,2074285,8471400
2577,1238,1202,1900495,24018,2075487,8192700
2578,1199,1254,1899296,23963,2076741,8729300
2579,1141,1246,1898155,23858,2077987,8424700
2580,1223,1250,1896932,23831,2079237,8411800
2581,1173,1169,1895759,23835,2080406,8838500
2582,1228,1202,1894531,23861,2081608,8308100
2583,1218,1261,1893313,23818,2082869,8185800
2584,1228,1154,1892085,23892,2084023,8068900
2585,1210,1256,1890875,23846,2085279,8101700
2586,1191,1201,1889684,23836,2086480,8290200
2587,1127,1212,1888557,23751,2087692,8459800
2588,1226,1214,1887331,23763,2088906,8234400
2589,1193,1158,1886138,23798,2090064,8299800
2590,1191,1129,1884947,23860,2091193,8242500
2591,1237,1193,1883710,23904,2092386,8120800
2592,1148,1179,1882562,23873,2093565,8016100
2593,1194,1181,1881368,23886,2094746,8047800
2594,1161,1277,1880207,23770,2096023,8016400
2595,1130,1154,1879077,23746,2097177,7923200
2596,1181,1176,1877896,23751,2098353,7892000
2597,1228,1161,1876668,23818,2099514,7934300
2598,1223,1194,1875445,23847,2100708,8188000
2599,1186,1177,1874259,23856,2101885,9575900
2600,1202,1245,1873057,23813,2103130,9531300
2601,1240,1178,1871817,23875,2104308,9260100
2602,1230,1105,1870587,24000,2105413,8895300
2603,1203,1249,1869384,23954,2106662,9189200
2604,1163,1171,1868221,23946,2107833,9435400
2605,1161,1266,1867060,23841,2109099,8873100
2606,1124,1176,1865936,23789,2110275,8544900
2607,1166,1230,1864770,23725,2111505,8779600
2608,1125,1233,1863645,23617,2112738,9893700
2609,1173,1188,1862472,23602,2113926,10654900
2610,1132,1178,1861340,23556,2115104,9102600
2611,1143,1254,1860197,23445,2116358,9352500
2612,1149,1139,1859048,23455,2117497,9395200
2613,1138,1115,1857910,23478,2118612,8808600
2614,1135,1188,1856775,23425,2119800,8807000
2615,1118,1219,1855657,23324,2121019,8607000
2616,1067,1195,1854590,23196,2122214,8525700
2617,1131,1154,1853459,23173,2123368,8683600
2618,1084,1110,1852375,23147,2124478,8910700
2619,1086,1209,1851289,23024,2125687,8618600
2620,1143,1109,1850146,23058,2126796,8674100
2621,1123,1047,1849023,23134,2127843,8791500
2622,1137,1150,1847886,23121,2128993,8829000
2623,1217,1123,1846669,23215,2130116,8708700
2624,1172,1125,1845497,23262,2131241,8594600
2625,1118,1235,1844379,23145,2132476,8433600
2626,1114,1181,1843265,23078,2133657,8460400
2627,1108,1186,1842157,23000,2134843,8790100
2628,1168,1122,1840989,23046,2135965,8389100
2629,1170,1120,1839819,23096,2137085,8710300
2630,1111,1134,1838708,23073,2138219,8676300
2631,1157,1095,1837551,23135,2139314,8610500
2632,1235,1161,1836316,23209,2140475,8479000
2633,1169,1077,1835147,23301,2141552,9100100
2634,1187,1183,1833960,23305,2142735,8538100
2635,1161,1196,1832799,23270,2143931,8726000
2636,1167,1161,1831632,23276,2145092,8471700
2637,1089,1122,1830543,23243,2146214,8615800
2638,1144,1156,1829399,23231,2147370,8852600
2639,1129,1194,1828270,23166,2148564,8164900
2640,1133,1132,1827137,23167,2149696,8157500
2641,1183,1129,1825954,23221,2150825,8159500
2642,1121,1098,1824833,23244,2151923,8133700
2643,1164,1112,1823669,23296,2153035,8329000
2644,1112,1215,1822557,23193,2154250,8148400
2645,1144,1199,1821413,23138,2155449,8257200
2646,1113,1126,1820300,23125,2156575,8281300
2647,1077,1204,1819223,22998,2157779,7986100
2648,1168,1155,1818055,23011,2158934,8143600
2649,1175,1141,1816880,23045,2160075,7857700
2650,1192,1156,1815688,23081,2161231,8251200
2651,1143,1146,1814545,23078,2162377,8006500
2652,1112,1159,1813433,23031,2163536,8052200
2653,1198,1168,1812235,23061,2164704,8028000
2654,1147,1084,1811088,23124,2165788,8179400
2655,1189,1198,1809899,23115,2166986,8220000
2656,1135,1164,1808764,23086,2168150,8141900
2657,1065,1146,1807699,23005,2169296,8389800
2658,1106,1173,1806593,22938,2170469,8580400
2659,1111,1165,1805482,22884,2171634,8406800
2660,1137,1164,1804345,22857,2172798,8447200
2661,1128,1136,1803217,22849,2173934,8815000
2662,1176,1131,1802041,22894,2175065,8247200
2663,1194,1143,1800847,22945,2176208,8242900
2664,1164,1197,1799683,22912,2177405,7932800
2665,1166,1199,1798517,22879,2178604,8043400
2666,1191,1098,1797326,22972,2179702,7933600
2667,1183,1180,1796143,22975,2180882,7867500
2668,1152,1138,1794991,22989,2182020,7993200
2669,1143,1087,1793848,23045,2183107,8280100
2670,1219,1148,1792629,23116,2184255,8291400
2671,1163,1144,1791466,23135,2185399,8107400
2672,1163,1163,1790303,23135,2186562,8163100
2673,1112,1142,1789191,23105,2187704,8071600
2674,1177,1150,1788014,23132,2188854,8220600
2675,1130,1190,1786884,23072,2190044,8306200
2676,1141,1102,1785743,23111,2191146,8226300
2677,1141,1159,1784602,23093,2192305,8298600
2678,1140,1146,1783462,23087,2193451,8177600
2679,1123,1184,1782339,23026,2194635,8337600
2680,1112,1079,1781227,23059,2195714,8185800
2681,1201,1188,1780026,23072,2196902,8309200
2682,1150,1118,1778876,23104,2198020,8092700
2683,1155,1168,1777721,23091,2199188,8271000
2684,1148,1152,1776573,23087,2200340,8671000
2685,1161,1116,1775412,23132,2201456,8478900
2686,1115,1159,1774297,23088,2202615,8477400
2687,1144,1174,1773153,23058,2203789,8244500
2688,1162,1144,1771991,23076,2204933,8270100
2689,1132,1190,1770859,23018,2206123,8271500
2690,1189,1100,1769670,23107,2207223,8426800
2691,1165,1122,1768505,23150,2208345,8263900
2692,1135,1219,1767370,23066,2209564,8213400
2693,1217,1211,1766153,23072,2210775,8199100
2694,1200,1087,1764953,23185,2211862,8217200
2695,1129,1191,1763824,23123,2213053,8591600
2696,1139,1185,1762685,23077,2214238,8114500
2697,1181,1144,1761504,23114,2215382,8027700
2698,1228,1169,1760276,23173,2216551,8139700
2699,1197,1200,1759079,23170,2217751,8474800
2700,1169,1147,1757910,23192,2218898,8159900
2701,1139,1123,1756771,23208,2220021,8380800
2702,1176,1126,1755595,23258,2221147,8110900
2703,1192,1193,1754403,23257,2222340,8321600
2704,1167,1239,1753236,23185,2223579,8267400
2705,1132,1192,1752104,23125,2224771,8224400
2706,1201,1148,1750903,23178,2225919,8278800
2707,1159,1155,1749744,23182,2227074,8179500
2708,1211,1203,1748533,23190,2228277,8122300
2709,1130,1148,1747403,23172,2229425,8382400
2710,1194,1149,1746209,23217,2230574,8277900
2711,1041,1186,1745168,23072,2231760,8204900
2712,1155,1207,1744013,23020,2232967,8332400
2713,1062,1192,1742951,22890,2234159,8405700
2714,1074,1105,1741877,22859,2235264,8193100
2715,1100,1101,1740777,22858,2236365,8463800
2716,1106,1152,1739671,22812,2237517,8756100
2717,1162,1147,1738509,22827,2238664,9102400
2718,1138,1120,1737371,22845,2239784,8414500
2719,1140,1133,1736231,22852,2240917,8433000
2720,1085,1159,1735146,22778,2242076,8241400
2721,1083,1097,1734063,22764,2243173,8382000
2722,1144,1140,1732919,22768,2244313,8373700
2723,1118,1122,1731801,22764,2245435,8169100
2724,1149,1152,1730652,22761,2246587,8407500
2725,1101,1094,1729551,22768,2247681,8597500
2726,1132,1157,1728419,22743,2248838,8810000
2727,1090,1137,1727329,22696,2249975,8398700
2728,1096,1186,1726233,22606,2251161,8249500
2729,1065,1137,1725168,22534,2252298,8376900
2730,1080,1117,1724088,22497,2253415,8339300
2731,1116,1088,1722972,22525,2254503,8124800
2732,1129,1073,1721843,22581,2255576,8286200
2733,1122,1131,1720721,22572,2256707,8244500
2734,1144,1140,1719577,22576,2257847,8764100
2735,1154,1107,1718423,22623,2258954,8284500
2736,1094,1120,1717329,22597,2260074,8662200
2737,1102,1132,1716227,22567,2261206,8452800
2738,1050,1130,1715177,22487,2262336,9135100
2739,1116,1118,1714061,22485,2263454,8496900
2740,1164,1122,1712897,22527,2264576,8601000
2741,1111,1131,1711786,22507,2265707,8794200
2742,1143,1136,1710643,22514,2266843,8243800
2743,1106,1089,1709537,22531,2267932,8728500
2744,1084,1136,1708453,22479,2269068,8304500
2745,1110,1088,1707343,22501,2270156,8466800
2746,1101,1136,1706242,22466,2271292,8444100
2747,1071,1047,1705171,22490,2272339,8562300
2748,1142,1105,1704029,22527,2273444,8414700
2749,1120,1101,1702909,22546,2274545,8522200
2750,1170,1114,1701739,22602,2275659,8212900
2751,1129,1120,1700610,22611,2276779,9016500
2752,1123,1119,1699487,22615,2277898,8217400
2753,1090,1082,1698397,22623,2278980,8537800
2754,1126,1134,1697271,22615,2280114,9178000
2755,1130,1076,1696141,22669,2281190,10045700
2756,1145,1117,1694996,22697,2282307,9803000
2757,1033,1143,1693963,22587,2283450,9670300
2758,1119,1160,1692844,22546,2284610,8898100
2759,1098,1061,1691746,22583,2285671,8719800
2760,1091,1125,1690655,22549,2286796,9520900
2761,1183,1109,1689472,22623,2287905,10737700
2762,1145,1085,1688327,22683,2288990,9398700
2763,1054,1139,1687273,22598,2290129,9806100
2764,1141,1177,1686132,22562,2291306,9789500
2765,1101,1104,1685031,22559,2292410,10481200
2766,1128,1153,1683903,22534,2293563,11836200
2767,1161,1125,1682742,22570,2294688,9196700
2768,1102,1166,1681640,22506,2295854,8554800
2769,1150,1184,1680490,22472,2297038,8878000
2770,1117,1073,1679373,22516,2298111,8796200
2771,1127,1120,1678246,22523,2299231,9098200
2772,1061,1103,1677185,22481,2300334,8434200
2773,1106,1124,1676079,22463,2301458,8416600
2774,1140,1138,1674939,22465,2302596,9024600
2775,1132,1174,1673807,22423,2303770,9105900
2776,1123,1128,1672684,22418,2304898,9404800
2777,1104,1144,1671580,22378,2306042,9948300
2778,1144,1122,1670436,22400,2307164,8767300
2779,1105,1086,1669331,22419,2308250,8717200
2780,1112,1139,1668219,22392,2309389,9072300
2781,1053,1085,1667166,22360,2310474,8642600
2782,1113,1130,1666053,22343,2311604,8203500
2783,1104,1129,1664949,22318,2312733,8820000
2784,1161,1101,1663788,22378,2313834,9349400
2785,1109,1130,1662679,22357,2314964,8794500
2786,1126,1149,1661553,22334,2316113,8338300
2787,1111,1143,1660442,22302,2317256,8299700
2788,1067,1097,1659375,22272,2318353,8489500
2789,1134,1138,1658241,22268,2319491,8091800
2790,1116,1099,1657125,22285,2320590,8301300
2791,1136,1019,1655989,22402,2321609,8131400
2792,1139,1074,1654850,22467,2322683,8546200
2793,1107,1057,1653743,22517,2323740,8503100
2794,1066,1169,1652677,22414,2324909,8413300
2795,1119,1094,1651558,22439,2326003,8264400
2796,1123,1097,1650435,22465,2327100,8790700
2797,1133,1177,1649302,22421,2328277,8406600
2798,1116,1119,1648186,22418,2329396,8350100
2799,1100,1132,1647086,22386,2330528,8936400
2800,1102,1126,1645984,22362,2331654,8265900
2801,1062,1138,1644922,22286,2332792,8192800
2802,1116,1102,1643806,22300,2333894,8223700
2803,1155,1103,1642651,22352,2334997,8260700
2804,1054,1117,1641597,22289,2336114,8207700
2805,1136,1116,1640461,22309,2337230,8138800
2806,1110,1107,1639351,22312,2338337,8225600
2807,1148,1098,1638203,22362,2339435,8181700
2808,1136,1152,1637067,22346,2340587,8330600
2809,1134,1095,1635933,22385,2341682,8090400
2810,1143,1116,1634790,22412,2342798,7957300
2811,1041,1114,1633749,22339,2343912,7996100
2812,1106,1152,1632643,22293,2345064,8231500
2813,1078,1166,1631565,22205,2346230,7954000
2814,1097,1099,1630468,22203,2347329,7932300
2815,1130,1109,1629338,22224,2348438,8290000
2816,1120,1113,1628218,22231,2349551,8970900
2817,1091,1050,1627127,22272,2350601,8262800
2818,1088,1170,1626039,22190,2351771,8074500
2819,1127,1103,1624912,22214,2352874,7923300
2820,1073,1099,1623839,22188,2353973,8275400
2821,1102,1086,1622737,22204,2355059,8527700
2822,1113,1080,1621624,22237,2356139,8489200
2823,1064,1111,1620560,22190,2357250,8512200
2824,1110,1069,1619450,22231,2358319,8458800
2825,1051,1121,1618399,22161,2359440,8405800
2826,1057,1146,1617342,22072,2360586,8044700
2827,1081,1078,1616261,22075,2361664,7940600
2828,1077,1063,1615184,22089,2362727,8098400
2829,1108,1068,1614076,22129,2363795,7997000
2830,1116,1169,1612960,22076,2364964,7871100
2831,1070,1130,1611890,22016,2366094,7880300
2832,1145,1120,1610745,22041,2367214,7896000
2833,1087,1108,1609658,22020,2368322,8138200
2834,1019,1130,1608639,21909,2369452,7925300
2835,1061,1087,1607578,21883,2370539,7868400
2836,1067,1062,1606511,21888,2371601,8028400
2837,1073,1129,1605438,21832,2372730,8380800
2838,1115,1096,1604323,21851,2373826,8106000
2839,1086,1047,1603237,21890,2374873,8011300
2840,1077,1090,1602160,21877,2375963,8354300
2841,1052,1044,1601108,21885,2377007,8451100
2842,1055,1126,1600053,21814,2378133,8539800
2843,1048,1082,1599005,21780,2379215,8818700
2844,1049,1022,1597956,21807,2380237,8613900
2845,1042,1101,1596914,21748,2381338,8818400
2846,1076,1094,1595838,21730,2382432,9129900
2847,1061,1089,1594777,21702,2383521,8644500
2848,1127,1151,1593650,21678,2384672,11483600
2849,1065,1133,1592585,21610,2385805,10009600
2850,1064,1065,1591521,21609,2386870,9622700
2851,1041,1059,1590480,21591,2387929,9279200
2852,1091,1078,1589389,21604,2389007,9814800
2853,1047,1066,1588342,21585,2390073,9634000
2854,1031,1068,1587311,21548,2391141,9752200
2855,1071,1071,1586240,21548,2392212,9608200
2856,1020,1024,1585220,21544,2393236,8796700
2857,1067,1031,1584153,21580,2394267,8943000
2858,1069,1070,1583084,21579,2395337,8382700
2859,1080,1075,1582004,21584,2396412,8338400
2860,1089,1137,1580915,21536,2397549,8766500
2861,1093,1048,1579822,21581,2398597,8418600
2862,1097,1062,1578725,21616,2399659,9568100
2863,1091,1022,1577634,21685,2400681,9199000
2864,1075,1118,1576559,21642,2401799,9279400
2865,1099,1081,1575460,21660,2402880,9141400
2866,1087,1058,1574373,21689,2403938,9072400
2867,1065,1066,1573308,21688,2405004,8658900
2868,1048,1082,1572260,21654,2406086,8659300
2869,1013,1119,1571247,21548,2407205,9226700
2870,1041,1082,1570206,21507,2408287,8848800
2871,1037,1047,1569169,21497,2409334,8956000
2872,1072,1084,1568097,21485,2410418,8840600
2873,1064,1077,1567033,21472,2411495,8731900
2874,1045,1021,1565988,21496,2412516,8368000
2875,1021,1103,1564967,21414,2413619,8266500
2876,1082,1006,1563885,21490,2414625,9235000
2877,1053,1069,1562832,21474,2415694,8919500
2878,1140,1057,1561692,21557,2416751,8623500
2879,999,1067,1560693,21489,2417818,8912800
2880,1080,1088,1559613,21481,2418906,9129700
2881,1026,1099,1558587,21408,2420005,8476300
2882,1005,1051,1557582,21362,2421056,8134100
2883,1097,1107,1556485,21352,2422163,8113200
2884,1070,1062,1555415,21360,2423225,8665000
2885,1024,1117,1554391,21267,2424342,8772000
2886,1038,1054,1553353,21251,2425396,8411800
2887,1060,1102,1552293,21209,2426498,8733300
2888,1003,1045,1551290,21167,2427543,8507700
2889,1043,1083,1550247,21127,2428626,8257700
2890,1029,1024,1549218,21132,2429650,8294600
2891,994,1038,1548224,21088,2430688,9323600
2892,1026,1072,1547198,21042,2431760,8715800
2893,1013,1021,1546185,21034,2432781,9257600
2894,1102,970,1545083,21166,2433751,8594000
2895,1071,1040,1544012,21197,2434791,8699500
2896,1045,1061,1542967,21181,2435852,8781200
2897,1039,1064,1541928,21156,2436916,8621300
2898,1092,1031,1540836,21217,2437947,8829200
2899,1012,1079,1539824,21150,2439026,8828300
2900,1032,1014,1538792,21168,2440040,8501000
2901,1086,1052,1537706,21202,2441092,8619000
2902,1067,1044,1536639,21225,2442136,8982900
2903,1059,1046,1535580,21238,2443182,9099700
2904,1066,1040,1534514,21264,2444222,8717800
2905,1035,1062,1533479,21237,2445284,8696100
2906,1051,1063,1532428,21225,2446347,9178600
2907,1072,1071,1531356,21226,2447418,9529200
2908,1008,1075,1530348,21159,2448493,8632300
2909,1019,1017,1529329,21161,2449510,8787200
2910,1015,1045,1528314,21131,2450555,8562300
2911,1016,1002,1527298,21145,2451557,8771000
2912,1015,1086,1526283,21074,2452643,9572400
2913,1043,1078,1525240,21039,2453721,9240700
2914,1062,1034,1524178,21067,2454755,9331000
2915,1075,1019,1523103,21123,2455774,9051200
2916,1001,1033,1522102,21091,2456807,8798500
2917,1023,1035,1521079,21079,2457842,8916600
2918,1032,1035,1520047,21076,2458877,9586100
2919,1042,1020,1519005,21098,2459897,9534200
2920,1011,1045,1517994,21064,2460942,9045700
2921,1055,1043,1516939,21076,2461985,9195200
2922,1091,1035,1515848,21132,2463020,9145700
2923,1027,1068,1514821,21091,2464088,9432000
2924,1002,1012,1513819,21081,2465100,8695100
2925,1062,1075,1512757,21068,2466175,9079000
2926,1007,1065,1511750,21010,2467240,9072800
2927,1040,1031,1510710,21019,2468271,8505800
2928,1024,1038,1509686,21005,2469309,8482600
2929,1031,990,1508655,21046,2470299,9522200
2930,996,1058,1507659,20984,2471357,8792900
2931,1070,1056,1506589,20998,2472413,8789900
2932,1010,1021,1505579,20987,2473434,8337800
2933,1032,1027,1504547,20992,2474461,8305500
2934,1038,1133,1503509,20897,2475594,8093100
2935,1017,1019,1502492,20895,2476613,8430200
2936,1038,1048,1501454,20885,2477661,9169700
2937,1059,1065,1500395,20879,2478726,8542000
2938,1058,1072,1499337,20865,2479798,8173100
2939,1014,987,1498323,20892,2480785,8081300
2940,1006,1055,1497317,20843,2481840,8038000
2941,1050,1048,1496267,20845,2482888,8331900
2942,1032,1066,1495235,20811,2483954,7871600
2943,979,1032,1494256,20758,2484986,7789900
2944,1006,1030,1493250,20734,2486016,7866800
2945,1045,1097,1492205,20682,2487113,7907100
2946,1137,1003,1491068,20816,2488116,8088100
2947,1073,1124,1489995,20765,2489240,8471500
2948,1043,1010,1488952,20798,2490250,8052000
2949,1015,1021,1487937,20792,2491271,8036100
2950,985,1051,1486952,20726,2492322,8260800
2951,1036,1072,1485916,20690,2493394,7915900
2952,1044,1052,1484872,20682,2494446,8042600
2953,1010,1017,1483862,20675,2495463,7940500
2954,1059,1074,1482803,20660,2496537,8094200
2955,1017,1023,1481786,20654,2497560,8176200
2956,1022,1076,1480764,20600,2498636,8184000
2957,989,998,1479775,20591,2499634,7939500
2958,1097,974,1478678,20714,2500608,7994900
2959,1065,1078,1477613,20701,2501686,8056000
2960,1017,1079,1476596,20639,2502765,7966900
2961,1037,1043,1475559,20633,2503808,8045500
2962,1070,1028,1474489,20675,2504836,9159200
2963,1026,1016,1473463,20685,2505852,9119800
2964,1002,1053,1472461,20634,2506905,9703500
2965,1032,1010,1471429,20656,2507915,8949100
2966,1053,1002,1470376,20707,2508917,8759600
2967,1058,1029,1469318,20736,2509946,8565300
2968,1063,1013,1468255,20786,2510959,8875800
2969,1026,1037,1467229,20775,2511996,8289000
2970,1030,1025,1466199,20780,2513021,8350200
2971,1034,1027,1465165,20787,2514048,9189900
2972,959,993,1464206,20753,2515041,9059100
2973,1029,1024,1463177,20758,2516065,8749700
2974,1026,1027,1462151,20757,2517092,8835500
2975,1047,1003,1461104,20801,2518095,8603000
2976,1024,1047,1460080,20778,2519142,9771800
2977,1024,1027,1459056,20775,2520169,8858100
2978,1046,1075,1458010,20746,2521244,8997200
2979,1044,1004,1456966,20786,2522248,9599800
2980,1075,1025,1455891,20836,2523273,9174000
2981,1015,1021,1454876,20830,2524294,8989800
2982,1041,1008,1453835,20863,2525302,9135100
2983,1111,1046,1452724,20928,2526348,9364400
2984,1029,979,1451695,20978,2527327,9140500
2985,1048,1070,1450647,20956,2528397,8883700
2986,1017,1046,1449630,20927,2529443,8942500
2987,971,1069,1448659,20829,2530512,9337000
2988,1064,1064,1447595,20829,2531576,9001200
2989,1012,1037,1446583,20804,2532613,8875500
2990,1010,1098,1445573,20716,2533711,8822000
2991,1040,1084,1444533,20672,2534795,9028100
2992,1006,1017,1443527,20661,2535812,9183000
2993,1036,1020,1442491,20677,2536832,9199800
2994,965,1035,1441526,20607,2537867,9304700
2995,966,1040,1440560,20533,2538907,9832400
2996,1033,984,1439527,20582,2539891,9086000
2997,980,976,1438547,20586,2540867,8837400
2998,1109,1038,1437438,20657,2541905,9002100
2999,997,1004,1436441,20650,2542909,9345700
3000,976,1013,1435465,20613,2543922,9629800
3001,986,998,1434479,20601,2544920,9208600
3002,987,1036,1433492,20552,2545956,9683800
3003,1013,1064,1432479,20501,2547020,8869500
3004,1020,1065,1431459,20456,2548085,8849600
3005,1009,1003,1430450,20462,2549088,10002400
3006,993,1062,1429457,20393,2550150,10709100
3007,980,1026,1428477,20347,2551176,11038100
3008,1021,1019,1427456,20349,2552195,10421200
3009,961,998,1426495,20312,2553193,10007600
3010,1003,974,1425492,20341,2554167,8983100
3011,999,1040,1424493,20300,2555207,9077300
3012,1019,1011,1423474,20308,2556218,9367900
3013,969,1015,1422505,20262,2557233,9199400
3014,918,946,1421587,20234,2558179,9163700
3015,998,1007,1420589,20225,2559186,8641100
3016,951,1012,1419638,20164,2560198,8578300
3017,981,1027,1418657,20118,2561225,8904900
3018,960,1070,1417697,20008,2562295,8469600
3019,961,977,1416736,19992,2563272,8776700
3020,994,934,1415742,20052,2564206,8831600
3021,931,1036,1414811,19947,2565242,8314200
3022,981,1078,1413830,19850,2566320,8121800
3023,914,982,1412916,19782,2567302,8122100
3024,965,1056,1411951,19691,2568358,9146400
3025,934,1004,1411017,19621,2569362,8491900
3026,965,937,1410052,19649,2570299,8039900
3027,994,950,1409058,19693,2571249,9307900
3028,998,985,1408060,19706,2572234,8537400
3029,948,985,1407112,19669,2573219,8548700
3030,933,936,1406179,19666,2574155,8410600
3031,973,994,1405206,19645,2575149,8438600
3032,1030,974,1404176,19701,2576123,8208900
3033,1009,937,1403167,19773,2577060,8637100
3034,1014,955,1402153,19832,2578015,8246800
3035,1013,920,1401140,19925,2578935,7874100
3036,1036,1003,1400104,19958,2579938,7929800
3037,975,965,1399129,19968,2580903,8051000
3038,1023,977,1398106,20014,2581880,7916200
3039,984,1011,1397122,19987,2582891,8022100
3040,972,965,1396150,19994,2583856,7932200
3041,988,980,1395162,20002,2584836,8016500
3042,983,991,1394179,19994,2585827,8021100
3043,1006,963,1393173,20037,2586790,8010700
3044,1058,1058,1392115,20037,2587848,8053500
3045,1063,1010,1391052,20090,2588858,8294500
3046,1005,1000,1390047,20095,2589858,8175600
3047,1006,1005,1389041,20096,2590863,7986900
3048,992,977,1388049,20111,2591840,7964400
3049,1029,995,1387020,20145,2592835,7973700
3050,1023,1042,1385997,20126,2593877,8126200
3051,1057,999,1384940,20184,2594876,8535700
3052,988,970,1383952,20202,2595846,8884400
3053,1017,996,1382935,20223,2596842,8603200
3054,950,1021,1381985,20152,2597863,8075000
3055,954,973,1381031,20133,2598836,8438500
3056,979,1026,1380052,20086,2599862,8082400
3057,923,1045,1379129,19964,2600907,8268000
3058,990,950,1378139,20004,2601857,8085500
3059,947,1052,1377192,19899,2602909,8410500
3060,971,977,1376221,19893,2603886,8427300
3061,1007,972,1375214,19928,2604858,8243100
3062,945,967,1374269,19906,2605825,8358500
3063,951,1054,1373318,19803,2606879,8376400
3064,1006,1036,1372312,19773,2607915,8317000
3065,953,1024,1371359,19702,2608939,8346700
3066,932,943,1370427,19691,2609882,8453100
3067,951,962,1369476,19680,2610844,8407000
3068,980,1033,1368496,19627,2611877,9140800
3069,978,959,1367518,19646,2612836,9179900
3070,957,1010,1366561,19593,2613846,8812800
3071,902,962,1365659,19533,2614808,8226300
3072,946,952,1364713,19527,2615760,8123800
3073,981,949,1363732,19559,2616709,8248500
3074,969,1018,1362763,19510,2617727,8030600
3075,971,1000,1361792,19481,2618727,8305100
3076,872,912,1360920,19441,2619639,8092500
3077,918,966,1360002,19393,2620605,8392300
3078,929,983,1359073,19339,2621588,8234700
3079,884,924,1358189,19299,2622512,8308800
3080,982,918,1357207,19363,2623430,7959000
3081,961,1005,1356246,19319,2624435,7961800
3082,913,952,1355333,19280,2625387,7919500
3083,965,973,1354368,19272,2626360,8146500
3084,884,1004,1353484,19152,2627364,8560500
3085,939,984,1352545,19107,2628348,9013200
3086,963,987,1351582,19083,2629335,8489700
3087,918,994,1350664,19007,2630329,9051700
3088,866,948,1349798,18925,2631277,8171100
3089,900,939,1348898,18886,2632216,8079000
3090,948,913,1347950,18921,2633129,8158400
3091,920,970,1347030,18871,2634099,8034100
3092,899,967,1346131,18803,2635066,8818900
3093,909,949,1345222,18763,2636015,8669600
3094,934,890,1344288,18807,2636905,8324000
3095,932,906,1343356,18833,2637811,8733500
3096,902,976,1342454,18759,2638787,8220000
3097,882,946,1341572,18695,2639733,8015200
3098,870,944,1340702,18621,2640677,8434600
3099,909,940,1339793,18590,2641617,8590200
3100,904,949,1338889,18545,2642566,8277100
3101,869,881,1338020,18533,2643447,8134000
3102,913,933,1337107,18513,2644380,7890800
3103,896,904,1336211,18505,2645284,7904100
3104,894,882,1335317,18517,2646166,7873600
3105,895,961,1334422,18451,2647127,7846300
3106,859,893,1333563,18417,2648020,7845900
3107,905,925,1332658,18397,2648945,7944500
3108,896,901,1331762,18392,2649846,8042700
3109,919,927,1330843,18384,2650773,8014700
3110,871,911,1329972,18344,2651684,7974700
3111,908,872,1329064,18380,2652556,8136300
3112,885,872,1328179,18393,2653428,8001000
3113,881,889,1327298,18385,2654317,8057600
3114,850,923,1326448,18312,2655240,7908000
3115,902,938,1325546,18276,2656178,7944100
3116,897,935,1324649,18238,2657113,7921700
3117,853,914,1323796,18177,2658027,8249200
3118,907,874,1322889,18210,2658901,8376100
3119,897,928,1321992,18179,2659829,8282700
3120,862,876,1321130,18165,2660705,8063600
3121,851,923,1320279,18093,2661628,7864200
3122,949,897,1319330,18145,2662525,7860300
3123,855,923,1318475,18077,2663448,7791500
3124,912,892,1317563,18097,2664340,8126700
3125,891,927,1316672,18061,2665267,8476000
3126,872,899,1315800,18034,2666166,8844400
3127,914,915,1314886,18033,2667081,8927400
3128,900,855,1313986,18078,2667936,8435300
3129,891,872,1313095,18097,2668808,8477400
3130,925,907,1312170,18115,2669715,7915600
3131,948,911,1311222,18152,2670626,7964700
3132,867,898,1310355,18121,2671524,7901600
3133,925,926,1309430,18120,2672450,7859900
3134,889,864,1308541,18145,2673314,8172500
3135,900,907,1307641,18138,2674221,8086200
3136,889,905,1306752,18122,2675126,8620900
3137,865,895,1305887,18092,2676021,8287000
3138,876,928,1305011,18040,2676949,8282500
3139,868,930,1304143,17978,2677879,8161900
3140,845,850,1303298,17973,2678729,8058200
3141,876,864,1302422,17985,2679593,8637700
3142,885,885,1301537,17985,2680478,8994000
3143,870,903,1300667,17952,2681381,9362500
3144,903,934,1299764,17921,2682315,9962900
3145,916,902,1298848,17935,2683217,8595800
3146,887,905,1297961,17917,2684122,8030500
3147,931,859,1297030,17989,2684981,7907800
3148,870,900,1296160,17959,2685881,8260900
3149,865,867,1295295,17957,2686748,8300200
3150,860,882,1294435,17935,2687630,8701600
3151,914,902,1293521,17947,2688532,9004000
3152,853,903,1292668,17897,2689435,8542400
3153,901,921,1291767,17877,2690356,8261400
3154,894,908,1290873,17863,2691264,8171700
3155,877,896,1289996,17844,2692160,8247400
3156,879,896,1289117,17827,2693056,8031400
3157,907,889,1288210,17845,2693945,8220900
3158,869,883,1287341,17831,2694828,8299700
3159,849,890,1286492,17790,2695718,8142600
3160,848,901,1285644,17737,2696619,8097200
3161,856,903,1284788,17690,2697522,8314600
3162,850,866,1283938,17674,2698388,8094900
3163,847,843,1283091,17678,2699231,8027000
3164,894,884,1282197,17688,2700115,8327100
3165,835,928,1281362,17595,2701043,8064700
3166,846,898,1280516,17543,2701941,8026400
3167,871,914,1279645,17500,2702855,7902200
3168,830,926,1278815,17404,2703781,8478200
3169,762,862,1278053,17304,2704643,8355800
3170,843,860,1277210,17287,2705503,8139300
3171,815,847,1276395,17255,2706350,8222400
3172,791,880,1275604,17166,2707230,8611900
3173,805,869,1274799,17102,2708099,9245800
3174,862,857,1273937,17107,2708956,8665500
3175,831,886,1273106,17052,2709842,8909200
3176,871,869,1272235,17054,2710711,8916000
3177,840,867,1271395,17027,2711578,8570500
3178,834,873,1270561,16988,2712451,8132200
3179,809,860,1269752,16937,2713311,8230300
3180,811,856,1268941,16892,2714167,8749400
3181,794,868,1268147,16818,2715035,8478700
3182,807,869,1267340,16756,2715904,8030500
3183,839,867,1266501,16728,2716771,7974200
3184,805,854,1265696,16679,2717625,8145000
3185,844,817,1264852,16706,2718442,8275100
3186,877,837,1263975,16746,2719279,8458300
3187,807,874,1263168,16679,2720153,7942900
3188,836,814,1262332,16701,2720967,7901800
3189,813,791,1261519,16723,2721758,7944600
3190,854,877,1260665,16700,2722635,8043700
3191,836,820,1259829,16716,2723455,8065100
3192,817,838,1259012,16695,2724293,8387900
3193,842,865,1258170,16672,2725158,8132200
3194,868,815,1257302,16725,2725973,7971400
3195,801,814,1256501,16712,2726787,7974300
3196,788,839,1255713,16661,2727626,7898800
3197,812,850,1254901,16623,2728476,7878800
3198,790,822,1254111,16591,2729298,8223100
3199,786,843,1253325,16534,2730141,7963500
3200,786,806,1252539,16514,2730947,8311300
3201,815,824,1251724,16505,2731771,7902000
3202,815,816,1250909,16504,2732587,8051900
3203,732,786,1250177,16450,2733373,8261400
3204,814,808,1249363,16456,2734181,8404800
3205,839,852,1248524,16443,2735033,8763700
3206,830,756,1247694,16517,2735789,8785600
3207,789,903,1246905,16403,2736692,8433100
3208,783,880,1246122,16306,2737572,9243000
3209,755,800,1245367,16261,2738372,8633100
3210,824,819,1244543,16266,2739191,8450400
3211,784,844,1243759,16206,2740035,8239600
3212,829,835,1242930,16200,2740870,8897600
3213,775,817,1242155,16158,2741687,8546600
3214,843,810,1241312,16191,2742497,8178000
3215,821,837,1240491,16175,2743334,8261700
3216,824,840,1239667,16159,2744174,8264200
3217,824,812,1238843,16171,2744986,8329200
3218,804,826,1238039,16149,2745812,8064400
3219,794,804,1237245,16139,2746616,8121500
3220,832,841,1236413,16130,2747457,8326600
3221,754,851,1235659,16033,2748308,8477400
3222,727,809,1234932,15951,2749117,8448400
3223,786,791,1234146,15946,2749908,8253000
3224,771,823,1233375,15894,2750731,8101600
3225,762,788,1232613,15868,2751519,8038000
3226,777,778,1231836,15867,2752297,8291000
3227,741,814,1231095,15794,2753111,7996800
3228,766,789,1230329,15771,2753900,8092500
3229,738,732,1229591,15777,2754632,8168100
3230,779,809,1228812,15747,2755441,8413600
3231,764,775,1228048,15736,2756216,8139600
3232,804,830,1227244,15710,2757046,8053100
3233,790,813,1226454,15687,2757859,7975600
3234,784,869,1225670,15602,2758728,7955700
3235,821,814,1224849,15609,2759542,7980700
3236,791,772,1224058,15628,2760314,7941400
3237,745,799,1223313,15574,2761113,7941500
3238,776,788,1222537,15562,2761901,8043800
3239,773,773,1221764,15562,2762674,8261900
3240,773,807,1220991,15528,2763481,8796800
3241,794,769,1220197,15553,2764250,8565100
3242,799,741,1219398,15611,2764991,8321100
3243,799,777,1218599,15633,2765768,8332900
3244,861,749,1217738,15745,2766517,8723100
3245,777,822,1216961,15700,2767339,8477400
3246,797,786,1216164,15711,2768125,8256400
3247,778,726,1215386,15763,2768851,8362100
3248,784,788,1214602,15759,2769639,9226000
3249,820,796,1213782,15783,2770435,8848200
3250,796,814,1212986,15765,2771249,8831700
3251,805,798,1212181,15772,2772047,8519300
3252,819,813,1211362,15778,2772860,8398000
3253,791,813,1210571,15756,2773673,8558900
3254,832,776,1209739,15812,2774449,8859100
3255,797,823,1208942,15786,2775272,8193300
3256,831,732,1208111,15885,2776004,7937000
3257,788,798,1207323,15875,2776802,7868100
3258,795,856,1206528,15814,2777658,7882900
3259,793,777,1205735,15830,2778435,8010700
3260,809,838,1204926,15801,2779273,7893200
3261,797,813,1204129,15785,2780086,7988200
3262,778,788,1203351,15775,2780874,8057700
3263,755,765,1202596,15765,2781639,7923000
3264,786,747,1201810,15804,2782386,7955900
3265,791,793,1201019,15802,2783179,7886700
3266,765,818,1200254,15749,2783997,7977400
3267,762,761,1199492,15750,2784758,7905200
3268,762,809,1198730,15703,2785567,8044800
3269,787,787,1197943,15703,2786354,8127400
3270,804,796,1197139,15711,2787150,8230700
3271,831,791,1196308,15751,2787941,8118700
3272,758,824,1195550,15685,2788765,8568900
3273,721,760,1194829,15646,2789525,8095300
3274,797,738,1194032,15705,2790263,8207100
3275,762,745,1193270,15722,2791008,8777400
3276,761,784,1192509,15699,2791792,7968100
3277,798,755,1191711,15742,2792547,7963800
3278,785,782,1190926,15745,2793329,8233000
3279,775,751,1190151,15769,2794080,8279600
3280,732,795,1189419,15706,2794875,8569800
3281,752,762,1188667,15696,2795637,8515300
3282,802,794,1187865,15704,2796431,8137600
3283,737,814,1187128,15627,2797245,8072300
3284,752,758,1186376,15621,2798003,7960700
3285,805,788,1185571,15638,2798791,8093700
3286,765,790,1184806,15613,2799581,8703900
3287,754,792,1184052,15575,2800373,8463700
3288,792,780,1183260,15587,2801153,8372600
3289,772,774,1182488,15585,2801927,8440200
3290,725,751,1181763,15559,2802678,7906200
3291,763,794,1181000,15528,2803472,7887600
3292,754,829,1180246,15453,2804301,7885900
3293,725,719,1179521,15459,2805020,8338900
3294,811,772,1178710,15498,2805792,8018700
3295,735,811,1177975,15422,2806603,8221300
3296,743,777,1177232,15388,2807380,7913500
3297,786,721,1176446,15453,2808101,8034200
3298,751,793,1175695,15411,2808894,7907800
3299,702,816,1174993,15297,2809710,8150600
3300,750,752,1174243,15295,2810462,7922700
3301,761,796,1173482,15260,2811258,7902800
3302,717,792,1172765,15185,2812050,8373500
3303,673,724,1172092,15134,2812774,8091900
3304,725,774,1171367,15085,2813548,8194900
3305,754,730,1170613,15109,2814278,7925200
3306,773,761,1169840,15121,2815039,8401300
3307,765,785,1169075,15101,2815824,7964200
3308,723,791,1168352,15033,2816615,7973100
3309,772,798,1167580,15007,2817413,8110300
3310,745,795,1166835,14957,2818208,8131000
3311,798,758,1166037,14997,2818966,8278800
3312,773,778,1165264,14992,2819744,7933100
3313,790,728,1164474,15054,2820472,7946400
3314,726,750,1163748,15030,2821222,8113700
3315,693,747,1163055,14976,2821969,7884700
3316,783,815,1162272,14944,2822784,8049800
3317,781,760,1161491,14965,2823544,7881600
3318,748,745,1160743,14968,2824289,7942000
3319,734,744,1160009,14958,2825033,8317700
3320,774,763,1159235,14969,2825796,8306900
3321,768,808,1158467,14929,2826604,8534000
3322,729,772,1157738,14886,2827376,8511900
3323,788,752,1156950,14922,2828128,8224700
3324,700,731,1156250,14891,2828859,8050600
3325,770,759,1155480,14902,2829618,8577500
3326,749,752,1154731,14899,2830370,8515200
3327,745,785,1153986,14859,2831155,8038700
3328,738,751,1153248,14846,2831906,7987800
3329,724,733,1152524,14837,2832639,8114900
3330,755,732,1151769,14860,2833371,8684500
3331,744,769,1151025,14835,2834140,8438400
3332,760,782,1150265,14813,2834922,8126600
3333,724,799,1149541,14738,2835721,7960500
3334,711,723,1148830,14726,2836444,7955300
3335,737,730,1148093,14733,2837174,8119400
3336,764,728,1147329,14769,2837902,8053000
3337,757,742,1146572,14784,2838644,8038600
3338,747,699,1145825,14832,2839343,7869900
3339,807,751,1145018,14888,2840094,8131000
3340,712,706,1144306,14894,2840800,7974300
3341,751,799,1143555,14846,2841599,7993100
3342,804,718,1142751,14932,2842317,8069100
3343,746,718,1142005,14960,2843035,8055300
3344,769,756,1141236,14973,2843791,8013800
3345,786,729,1140450,15030,2844520,8377600
3346,736,753,1139714,15013,2845273,8199300
3347,780,794,1138934,14999,2846067,8039900
3348,770,746,1138164,15023,2846813,7983400
3349,789,710,1137375,15102,2847523,7899200
3350,754,720,1136621,15136,2848243,7891500
3351,724,781,1135897,15079,2849024,7970700
3352,751,748,1135146,15082,2849772,8156900
3353,715,770,1134431,15027,2850542,7947700
3354,707,748,1133724,14986,2851290,8313700
3355,696,783,1133028,14899,2852073,9166900
3356,736,749,1132292,14886,2852822,8499400
3357,759,737,1131533,14908,2853559,8501600
3358,746,790,1130787,14864,2854349,8864300
3359,759,767,1130028,14856,2855116,8328900
3360,789,665,1129239,14980,2855781,8147700
3361,734,806,1128505,14908,2856587,8294700
3362,726,741,1127779,14893,2857328,8704000
3363,732,754,1127047,14871,2858082,8850400
3364,705,683,1126342,14893,2858765,8260200
3365,710,732,1125632,14871,2859497,9037000
3366,762,730,1124870,14903,2860227,8665600
3367,720,696,1124150,14927,2860923,8596000
3368,756,711,1123394,14972,2861634,8283700
3369,748,708,1122646,15012,2862342,9470900
3370,720,722,1121926,15010,2863064,8870200
3371,786,743,1121140,15053,2863807,8950700
3372,704,743,1120436,15014,2864550,9308300
3373,725,771,1119711,14968,2865321,8577000
3374,711,686,1119000,14993,2866007,8293500
3375,750,738,1118250,15005,2866745,8296100
3376,761,758,1117489,15008,2867503,8078600
3377,744,731,1116745,15021,2868234,8013200
3378,773,746,1115972,15048,2868980,8479500
3379,785,744,1115187,15089,2869724,8184500
3380,747,737,1114440,15099,2870461,8283600
3381,782,734,1113658,15147,2871195,8295000
3382,725,769,1112933,15103,2871964,8286900
3383,738,759,1112195,15082,2872723,8318700
3384,728,769,1111467,15041,2873492,8468700
3385,772,755,1110695,15058,2874247,8526800
3386,741,750,1109954,15049,2874997,8234900
3387,725,781,1109229,14993,2875778,8616400
3388,731,760,1108498,14964,2876538,8954400
3389,714,770,1107784,14908,2877308,9077600
3390,730,749,1107054,14889,2878057,8783100
3391,710,726,1106344,14873,2878783,8500000
3392,727,775,1105617,14825,2879558,8421500
3393,750,744,1104867,14831,2880302,8950000
3394,719,752,1104148,14798,2881054,8593200
3395,706,751,1103442,14753,2881805,8370500
3396,733,752,1102709,14734,2882557,8488000
3397,718,739,1101991,14713,2883296,8815300
3398,734,761,1101257,14686,2884057,8543300
3399,663,770,1100594,14579,2884827,8208000
3400,714,680,1099880,14613,2885507,8154500
3401,712,742,1099168,14583,2886249,8256100
3402,755,661,1098413,14677,2886910,8278600
3403,743,731,1097670,14689,2887641,8002600
3404,738,723,1096932,14704,2888364,8151200
3405,747,723,1096185,14728,2889087,8279700
3406,725,735,1095460,14718,2889822,8196600
3407,722,724,1094738,14716,2890546,8026500
3408,724,746,1094014,14694,2891292,8153300
3409,730,765,1093284,14659,2892057,8196400
3410,761,746,1092523,14674,2892803,8138100
3411,696,743,1091827,14627,2893546,8273200
3412,711,739,1091116,14599,2894285,8289000
3413,670,755,1090446,14514,2895040,8038500
3414,692,761,1089754,14445,2895801,7941100
3415,729,725,1089025,14449,2896526,8350000
3416,716,749,1088309,14416,2897275,7888200
3417,740,720,1087569,14436,2897995,8083200
3418,733,697,1086836,14472,2898692,7963700
3419,740,710,1086096,14502,2899402,7942500
3420,708,729,1085388,14481,2900131,8169700
3421,707,699,1084681,14489,2900830,8257600
3422,728,712,1083953,14505,2901542,8667300
3423,727,707,1083226,14525,2902249,8176000
3424,722,706,1082504,14541,2902955,8607500
3425,715,746,1081789,14510,2903701,8816600
3426,709,747,1081080,14472,2904448,8495800
3427,722,730,1080358,14464,2905178,8203100
3428,682,705,1079676,14441,2905883,7967100
3429,673,714,1079003,14400,2906597,8002000
3430,731,740,1078272,14391,2907337,8109100
3431,736,699,1077536,14428,2908036,8073300
3432,744,725,1076792,14447,2908761,8051600
3433,676,731,1076116,14392,2909492,7964100
3434,702,708,1075414,14386,2910200,8071500
3435,720,724,1074694,14382,2910924,7925500
3436,714,734,1073980,14362,2911658,8060200
3437,742,719,1073238,14385,2912377,7878300
3438,719,722,1072519,14382,2913099,7848100
3439,757,732,1071762,14407,2913831,8000500
3440,710,690,1071052,14427,2914521,8113400
3441,705,696,1070347,14436,2915217,7909300
3442,736,724,1069611,14448,2915941,8029900
3443,702,712,1068909,14438,2916653,7917600
3444,717,706,1068192,14449,2917359,7913900
3445,687,774,1067505,14362,2918133,7958300
3446,766,719,1066739,14409,2918852,8024500
3447,745,753,1065994,14401,2919605,8081800
3448,731,722,1065263,14410,2920327,8116300
3449,716,717,1064547,14409,2921044,8342800
3450,743,727,1063804,14425,2921771,8694300
3451,725,697,1063079,14453,2922468,8227900
3452,706,720,1062373,14439,2923188,8006400
3453,752,761,1061621,14430,2923949,8154800
3454,758,716,1060863,14472,2924665,8824600
3455,738,735,1060125,14475,2925400,8285400
3456,733,732,1059392,14476,2926132,7940100
3457,666,700,1058726,14442,2926832,8088300
3458,743,731,1057983,14454,2927563,8110400
3459,668,706,1057315,14416,2928269,8011200
3460,715,766,1056600,14365,2929035,8080500
3461,679,698,1055921,14346,2929733,8117200
3462,720,685,1055201,14381,2930418,8341000
3463,748,680,1054453,14449,2931098,7991500
3464,737,711,1053716,14475,2931809,8093500
3465,720,756,1052996,14439,2932565,7993000
3466,717,685,1052279,14471,2933250,8161700
3467,699,739,1051580,14431,2933989,7924000
3468,730,754,1050850,14407,2934743,7947300
3469,725,698,1050125,14434,2935441,7888500
3470,715,743,1049410,14406,2936184,7902000
3471,728,722,1048682,14412,2936906,7848800
3472,710,705,1047972,14417,2937611,7913300
3473,757,703,1047215,14471,2938314,7986500
3474,732,775,1046483,14428,2939089,8338300
3475,698,675,1045785,14451,2939764,7912600
3476,674,721,1045111,14404,2940485,8373800
3477,737,715,1044374,14426,2941200,7872500
3478,714,707,1043660,14433,2941907,7879900
3479,706,739,1042954,14400,2942646,8000900
3480,708,725,1042246,14383,2943371,8082700
3481,746,771,1041500,14358,2944142,8247400
3482,719,726,1040781,14351,2944868,8079900
3483,677,737,1040104,14291,2945605,8537500
3484,703,715,1039401,14279,2946320,8407300
3485,697,728,1038704,14248,2947048,8020400
3486,691,717,1038013,14222,2947765,8216500
3487,677,713,1037336,14186,2948478,8669700
3488,670,738,1036666,14118,2949216,8241200
3489,655,672,1036011,14101,2949888,8077400
3490,729,707,1035282,14123,2950595,7989600
3491,723,745,1034559,14101,2951340,8339700
3492,637,715,1033922,14023,2952055,8455300
3493,644,673,1033278,13994,2952728,8949600
3494,697,686,1032581,14005,2953414,8625200
3495,658,696,1031923,13967,2954110,8666300
3496,689,670,1031234,13986,2954780,8524900
3497,643,687,1030591,13942,2955467,8390900
3498,659,716,1029932,13885,2956183,8226100
3499,664,716,1029268,13833,2956899,8115400
3500,679,682,1028589,13830,2957581,7890000
3501,669,711,1027920,13788,2958292,8252100
3502,628,702,1027292,13714,2958994,8078300
3503,682,682,1026610,13714,2959676,8266200
3504,662,682,1025948,13694,2960358,8395800
3505,628,666,1025320,13656,2961024,8334900
3506,661,704,1024659,13613,2961728,8334100
3507,682,645,1023977,13650,2962373,9008800
3508,729,717,1023248,13662,2963090,8558900
3509,668,663,1022580,13667,2963753,8540500
3510,655,686,1021925,13636,2964439,9396900
3511,666,700,1021259,13602,2965139,8922900
3512,662,705,1020597,13559,2965844,8710100
3513,649,689,1019948,13519,2966533,8772800
3514,641,670,1019307,13490,2967203,8845400
3515,677,716,1018630,13451,2967919,8541000
3516,701,637,1017929,13515,2968556,8945800
3517,678,705,1017251,13488,2969261,8807300
3518,714,649,1016537,13553,2969910,8830300
3519,637,702,1015900,13488,2970612,8597100
3520,717,727,1015183,13478,2971339,8681200
3521,667,671,1014516,13474,2972010,8622500
3522,662,665,1013854,13471,2972675,8941600
3523,686,673,1013168,13484,2973348,8638500
3524,689,648,1012479,13525,2973996,8464600
3525,693,642,1011786,13576,2974638,8557200
3526,669,674,1011117,13571,2975312,8465700
3527,675,649,1010442,13597,2975961,8397200
3528,671,652,1009771,13616,2976613,8615800
3529,708,666,1009063,13658,2977279,8776200
3530,687,672,1008376,13673,2977951,9314200
3531,655,722,1007721,13606,2978673,8400700
3532,685,653,1007036,13638,2979326,8398600
3533,663,751,1006373,13550,2980077,8616300
3534,683,649,1005690,13584,2980726,8685600
3535,673,695,1005017,13562,2981421,9410500
3536,671,679,1004346,13554,2982100,8530300
3537,666,702,1003680,13518,2982802,8471100
3538,648,696,1003032,13470,2983498,8494100
3539,652,675,1002380,13447,2984173,8336900
3540,677,666,1001703,13458,2984839,8377100
3541,618,658,1001085,13418,2985497,8331300
3542,713,664,1000372,13467,2986161,8482900
3543,713,685,999659,13495,2986846,8680100
3544,702,634,998957,13563,2987480,8406200
3545,715,650,998242,13628,2988130,8357800
3546,687,644,997555,13671,2988774,8349800
3547,695,713,996860,13653,2989487,8358400
3548,626,692,996234,13587,2990179,8191700
3549,663,688,995571,13562,2990867,8423200
3550,648,650,994923,13560,2991517,8229700
3551,700,695,994223,13565,2992212,8512100
3552,691,640,993532,13616,2992852,8924400
3553,689,659,992843,13646,2993511,9051200
3554,714,681,992129,13679,2994192,9175600
3555,666,687,991463,13658,2994879,8868800
3556,658,706,990805,13610,2995585,9294100
3557,637,639,990168,13608,2996224,8842200
3558,589,702,989579,13495,2996926,8800400
3559,673,696,988906,13472,2997622,9013700
3560,655,704,988251,13423,2998326,8878200
3561,661,708,987590,13376,2999034,8949900
3562,651,646,986939,13381,2999680,8561600
3563,629,659,986310,13351,3000339,9045600
3564,632,695,985678,13288,3001034,9678800
3565,664,676,985014,13276,3001710,8970100
3566,666,666,984348,13276,3002376,9135900
3567,653,657,983695,13272,3003033,9170800
3568,697,644,982998,13325,3003677,9735700
3569,699,661,982299,13363,3004338,9404300
3570,674,653,981625,13384,3004991,9141300
3571,657,721,980968,13320,3005712,9667800
3572,676,695,980292,13301,3006407,9195900
3573,677,677,979615,13301,3007084,8831900
3574,654,716,978961,13239,3007800,8655500
3575,652,671,978309,13220,3008471,9104900
3576,659,666,977650,13213,3009137,9228700
3577,649,656,977001,13206,3009793,8782800
3578,650,665,976351,13191,3010458,9470000
3579,689,677,975662,13203,3011135,8892000
3580,656,617,975006,13242,3011752,8874000
3581,677,653,974329,13266,3012405,8714300
3582,646,658,973683,13254,3013063,8586900
3583,644,673,973039,13225,3013736,8820100
3584,656,632,972383,13249,3014368,8801900
3585,665,685,971718,13229,3015053,8959900
3586,631,673,971087,13187,3015726,8845900
3587,590,620,970497,13157,3016346,8975700
3588,650,685,969847,13122,3017031,8991600
3589,681,689,969166,13114,3017720,8684600
3590,650,667,968516,13097,3018387,8640300
3591,650,638,967866,13109,3019025,8876700
3592,714,654,967152,13169,3019679,8777500
3593,696,634,966456,13231,3020313,8909700
3594,661,687,965795,13205,3021000,9077900
3595,635,647,965160,13193,3021647,8494700
3596,663,645,964497,13211,3022292,8406100
3597,667,716,963830,13162,3023008,8395100
3598,667,633,963163,13196,3023641,8411500
3599,680,671,962483,13205,3024312,8534400
3600,631,651,961852,13185,3024963,8419200
3601,635,663,961217,13157,3025626,8295800
3602,680,702,960537,13135,3026328,8526000
3603,637,610,959900,13162,3026938,8743500
3604,643,673,959257,13132,3027611,8822500
3605,667,608,958590,13191,3028219,8916200
3606,625,700,957965,13116,3028919,9801000
3607,655,670,957310,13101,3029589,10050100
3608,651,713,956659,13039,3030302,10065500
3609,656,670,956003,13025,3030972,11115700
3610,640,650,955363,13015,3031622,9338600
3611,661,672,954702,13004,3032294,8912600
3612,685,670,954017,13019,3032964,9285400
3613,695,673,953322,13041,3033637,9059900
3614,644,617,952678,13068,3034254,8601200
3615,668,655,952010,13081,3034909,8762800
3616,638,668,951372,13051,3035577,9174100
3617,642,690,950730,13003,3036267,9527500
3618,679,697,950051,12985,3036964,8755400
3619,640,645,949411,12980,3037609,8790400
3620,668,605,948743,13043,3038214,8992800
3621,648,683,948095,13008,3038897,8539200
3622,630,659,947465,12979,3039556,8422600
3623,574,648,946891,12905,3040204,8287600
3624,635,680,946256,12860,3040884,8967900
3625,623,633,945633,12850,3041517,9716300
3626,669,640,944964,12879,3042157,8809600
3627,662,595,944302,12946,3042752,9311700
3628,642,617,943660,12971,3043369,8653000
3629,649,680,943011,12940,3044049,8611200
3630,644,635,942367,12949,3044684,8674100
3631,657,669,941710,12937,3045353,9177600
3632,652,693,941058,12896,3046046,9290200
3633,602,659,940456,12839,3046705,8711200
3634,670,614,939786,12895,3047319,8900400
3635,652,651,939134,12896,3047970,8853600
3636,640,670,938494,12866,3048640,8434000
3637,651,699,937843,12818,3049339,8293700
3638,607,641,937236,12784,3049980,8552000
3639,633,616,936603,12801,3050596,9273500
3640,658,628,935945,12831,3051224,9043600
3641,622,616,935323,12837,3051840,9062500
3642,661,652,934662,12846,3052492,9108100
3643,661,668,934001,12839,3053160,8831700
3644,622,638,933379,12823,3053798,8484900
3645,614,636,932765,12801,3054434,8648500
3646,612,643,932153,12770,3055077,9132700
3647,615,615,931538,12770,3055692,8754200
3648,658,634,930880,12794,3056326,8794700
3649,623,614,930257,12803,3056940,8776100
3650,613,624,929644,12792,3057564,8631600
3651,631,628,929013,12795,3058192,8168900
3652,631,634,928382,12792,3058826,8237500
3653,609,615,927773,12786,3059441,8383300
3654,626,674,927147,12738,3060115,8906500
3655,627,602,926520,12763,3060717,8344200
3656,620,644,925900,12739,3061361,8559800
3657,602,621,925298,12720,3061982,8205600
3658,637,632,924661,12725,3062614,8019300
3659,586,642,924075,12669,3063256,8289100
3660,601,663,923474,12607,3063919,8405000
3661,607,616,922867,12598,3064535,8067500
3662,597,641,922270,12554,3065176,8019200
3663,610,613,921660,12551,3065789,8124300
3664,630,657,921030,12524,3066446,8189800
3665,601,629,920429,12496,3067075,8125000
3666,619,591,919810,12524,3067666,8147400
3667,590,649,919220,12465,3068315,8000300
3668,646,627,918574,12484,3068942,8019400
3669,643,642,917931,12485,3069584,8599800
3670,603,633,917328,12455,3070217,7970400
3671,637,618,916691,12474,3070835,8011900
3672,609,575,916082,12508,3071410,8444600
3673,629,628,915453,12509,3072038,8746600
3674,643,622,914810,12530,3072660,8012100
3675,625,622,914185,12533,3073282,7959400
3676,659,617,913526,12575,3073899,7934300
3677,625,595,912901,12605,3074494,7959900
3678,644,646,912257,12603,3075140,8037600
3679,647,656,911610,12594,3075796,8556300
3680,615,672,910995,12537,3076468,8079000
3681,675,642,910320,12570,3077110,8305600
3682,659,635,909661,12594,3077745,7914800
3683,596,675,909065,12515,3078420,7878200
3684,673,632,908392,12556,3079052,7847800
3685,640,655,907752,12541,3079707,7899100
3686,591,659,907161,12473,3080366,7807100
3687,672,641,906489,12504,3081007,7827300
3688,611,632,905878,12483,3081639,8234000
3689,641,633,905237,12491,3082272,7936500
3690,596,607,904641,12480,3082879,8156200
3691,678,646,903963,12512,3083525,7984200
3692,606,612,903357,12506,3084137,7888100
3693,598,631,902759,12473,3084768,7948000
3694,623,647,902136,12449,3085415,8155400
3695,651,617,901485,12483,3086032,7998000
3696,604,642,900881,12445,3086674,8837400
3697,610,591,900271,12464,3087265,7972700
3698,647,607,899624,12504,3087872,8534100
3699,637,606,898987,12535,3088478,8424100
3700,609,641,898378,12503,3089119,7911400
3701,666,655,897712,12514,3089774,7954600
3702,566,585,897146,12495,3090359,7875300
3703,613,613,896533,12495,3090972,7917300
3704,619,615,895914,12499,3091587,8051600
3705,645,571,895269,12573,3092158,8068800
3706,653,611,894616,12615,3092769,8038700
3707,645,655,893971,12605,3093424,8043200
3708,633,623,893338,12615,3094047,7981100
3709,676,627,892662,12664,3094674,8151100
3710,671,600,891991,12735,3095274,8419700
3711,645,631,891346,12749,3095905,8163400
3712,661,652,890685,12758,3096557,8733700
3713,590,671,890095,12677,3097228,8470500
3714,677,625,889418,12729,3097853,8052000
3715,591,670,888827,12650,3098523,8180700
3716,604,650,888223,12604,3099173,7952800
3717,600,625,887623,12579,3099798,8239300
3718,634,620,886989,12593,3100418,7888600
3719,649,654,886340,12588,3101072,8116200
3720,632,616,885708,12604,3101688,7856500
3721,632,606,885076,12630,3102294,8298700
3722,644,602,884432,12672,3102896,7989700
3723,666,646,883766,12692,3103542,8369200
3724,632,629,883134,12695,3104171,8358500
3725,613,635,882521,12673,3104806,8863700
3726,662,653,881859,12682,3105459,8392700
3727,614,637,881245,12659,3106096,9032100
3728,650,612,880595,12697,3106708,8434100
3729,647,615,879948,12729,3107323,8400800
3730,599,609,879349,12719,3107932,8655900
3731,636,654,878713,12701,3108586,8332200
3732,625,594,878088,12732,3109180,7867900
3733,646,615,877442,12763,3109795,7903500
3734,682,637,876760,12808,3110432,7924300
3735,606,621,876154,12793,3111053,7936200
3736,632,663,875522,12762,3111716,7990400
3737,659,640,874863,12781,3112356,8192500
3738,648,652,874215,12777,3113008,8042800
3739,653,664,873562,12766,3113672,8430000
3740,643,696,872919,12713,3114368,8096100
3741,585,653,872334,12645,3115021,8039400
3742,612,588,871722,12669,3115609,8200800
3743,627,603,871095,12693,3116212,7956400
3744,583,649,870512,12627,3116861,8174200
3745,603,628,869909,12602,3117489,8680300
3746,610,643,869299,12569,3118132,8034300
3747,620,644,868679,12545,3118776,8493100
3748,553,611,868126,12487,3119387,7990600
3749,569,650,867557,12406,3120037,8595400
3750,572,640,866985,12338,3120677,7984500
3751,640,590,866345,12388,3121267,7964300
3752,631,609,865714,12410,3121876,7966900
3753,580,601,865134,12389,3122477,8045600
3754,550,610,864584,12329,3123087,8079200
3755,616,590,863968,12355,3123677,7969400
3756,568,634,863400,12289,3124311,7945000
3757,587,615,862813,12261,3124926,7904300
3758,587,644,862226,12204,3125570,8014000
3759,570,627,861656,12147,3126197,7894200
3760,545,619,861111,12073,3126816,7836900
3761,598,585,860513,12086,3127401,8056300
3762,590,604,859923,12072,3128005,8061500
3763,593,657,859330,12008,3128662,7928400
3764,579,612,858751,11975,3129274,7991600
3765,601,625,858150,11951,3129899,7919900
3766,604,663,857546,11892,3130562,8019200
3767,549,530,856997,11911,3131092,7903600
3768,592,564,856405,11939,3131656,7837700
3769,559,617,855846,11881,3132273,8058800
3770,571,608,855275,11844,3132881,8161900
3771,572,593,854703,11823,3133474,8102300
3772,541,575,854162,11789,3134049,8000200
3773,573,557,853589,11805,3134606,8179600
3774,551,592,853038,11764,3135198,8114700
3775,550,579,852488,11735,3135777,8043100
3776,573,573,851915,11735,3136350,7948000
3777,593,572,851322,11756,3136922,8053100
3778,529,619,850793,11666,3137541,8168100
3779,552,590,850241,11628,3138131,8011000
3780,558,597,849683,11589,3138728,7782700
3781,605,594,849078,11600,3139322,7819900
3782,570,568,848508,11602,3139890,7836200
3783,575,552,847933,11625,3140442,7874800
3784,569,594,847364,11600,3141036,7924200
3785,568,541,846796,11627,3141577,7926200
3786,578,551,846218,11654,3142128,8071100
3787,564,556,845654,11662,3142684,8006000
3788,547,569,845107,11640,3143253,7927400
3789,554,592,844553,11602,3143845,7909900
3790,553,596,844000,11559,3144441,7880600
3791,554,584,843446,11529,3145025,8134500
3792,571,570,842875,11530,3145595,7979400
3793,568,609,842307,11489,3146204,7907900
3794,540,550,841767,11479,3146754,8023300
3795,553,586,841214,11446,3147340,8029900
3796,564,571,840650,11439,3147911,8085300
3797,570,615,840080,11394,3148526,8185500
3798,596,582,839484,11408,3149108,8004400
3799,588,637,838896,11359,3149745,7840400
3800,558,527,838338,11390,3150272,7834300
3801,565,552,837773,11403,3150824,8015800
3802,579,535,837194,11447,3151359,7964200
3803,583,583,836611,11447,3151942,8280000
3804,584,539,836027,11492,3152481,7937200
3805,576,574,835451,11494,3153055,7938400
3806,573,581,834878,11486,3153636,8058000
3807,560,624,834318,11422,3154260,7931100
3808,572,515,833746,11479,3154775,8154100
3809,585,576,833161,11488,3155351,8150700
3810,556,554,832605,11490,3155905,8079700
3811,599,550,832006,11539,3156455,8110900
3812,587,548,831419,11578,3157003,8095000
3813,558,576,830861,11560,3157579,7968700
3814,578,626,830283,11512,3158205,7942800
3815,543,555,829740,11500,3158760,7988800
3816,621,593,829119,11528,3159353,7874800
3817,559,583,828560,11504,3159936,8340300
3818,555,597,828005,11462,3160533,7985600
3819,544,562,827461,11444,3161095,8487800
3820,550,606,826911,11388,3161701,8180900
3821,547,557,826364,11378,3162258,8184100
3822,565,590,825799,11353,3162848,8066000
3823,570,553,825229,11370,3163401,8086600
3824,551,561,824678,11360,3163962,8122000
3825,573,569,824105,11364,3164531,8347800
3826,548,512,823557,11400,3165043,7966200
3827,497,564,823060,11333,3165607,8180600
3828,532,550,822528,11315,3166157,8016300
3829,519,546,822009,11288,3166703,7981200
3830,531,560,821478,11259,3167263,8211800
3831,584,573,820894,11270,3167836,8006400
3832,501,612,820393,11159,3168448,8037500
3833,533,547,819860,11145,3168995,8075900
3834,513,539,819347,11119,3169534,8875000
3835,529,576,818818,11072,3170110,8046200
3836,565,584,818253,11053,3170694,8124700
3837,493,530,817760,11016,3171224,8115600
3838,527,505,817233,11038,3171729,7927400
3839,528,594,816705,10972,3172323,7808100
3840,534,568,816171,10938,3172891,7836000
3841,557,561,815614,10934,3173452,7877300
3842,526,488,815088,10972,3173940,7884600
3843,559,571,814529,10960,3174511,8054000
3844,544,539,813985,10965,3175050,7945100
3845,531,545,813454,10951,3175595,7990500
3846,557,571,812897,10937,3176166,7980700
3847,551,577,812346,10911,3176743,8113700
3848,540,520,811806,10931,3177263,8298300
3849,571,558,811235,10944,3177821,8181400
3850,559,546,810676,10957,3178367,8898700
3851,512,545,810164,10924,3178912,8216200
3852,529,586,809635,10867,3179498,8239600
3853,564,600,809071,10831,3180098,8678800
3854,521,540,808550,10812,3180638,8226100
3855,500,550,808050,10762,3181188,8213800
3856,513,515,807537,10760,3181703,7831700
3857,487,539,807050,10708,3182242,7877000
3858,520,559,806530,10669,3182801,7856100
3859,520,536,806010,10653,3183337,7796000
3860,518,506,805492,10665,3183843,7794700
3861,486,519,805006,10632,3184362,7975700
3862,555,569,804451,10618,3184931,7912300
3863,471,516,803980,10573,3185447,8186500
3864,521,523,803459,10571,3185970,7858400
3865,502,536,802957,10537,3186506,7915400
3866,500,498,802457,10539,3187004,7916100
3867,530,551,801927,10518,3187555,8015100
3868,488,561,801439,10445,3188116,9239700
3869,497,489,800942,10453,3188605,9166300
3870,467,480,800475,10440,3189085,8806900
3871,542,526,799933,10456,3189611,8270100
3872,487,488,799446,10455,3190099,8156800
3873,483,508,798963,10430,3190607,8109500
3874,525,532,798438,10423,3191139,8237800
3875,496,552,797942,10367,3191691,8202900
3876,471,524,797471,10314,3192215,7943700
3877,515,551,796956,10278,3192766,8027700
3878,475,488,796481,10265,3193254,8264800
3879,469,498,796012,10236,3193752,8029700
3880,487,507,795525,10216,3194259,8025200
3881,463,516,795062,10163,3194775,7878900
3882,488,475,794574,10176,3195250,7948100
3883,468,527,794106,10117,3195777,7860300
3884,470,523,793636,10064,3196300,7962300
3885,492,506,793144,10050,3196806,7950500
3886,479,523,792665,10006,3197329,8010500
3887,489,493,792176,10002,3197822,7867600
3888,484,510,791692,9976,3198332,7907600
3889,504,450,791188,10030,3198782,7846200
3890,509,555,790679,9984,3199337,7805000
3891,479,516,790200,9947,3199853,8173400
3892,462,500,789738,9909,3200353,7817000
3893,508,478,789230,9939,3200831,7772800
3894,509,478,788721,9970,3201309,8069700
3895,490,478,788231,9982,3201787,8226000
3896,484,507,787747,9959,3202294,8211100
3897,473,484,787274,9948,3202778,8024300
3898,512,475,786762,9985,3203253,7808900
3899,459,491,786303,9953,3203744,8063500
3900,469,512,785834,9910,3204256,7811900
3901,469,490,785365,9889,3204746,8066300
3902,468,508,784897,9849,3205254,7993900
3903,472,494,784425,9827,3205748,7908500
3904,465,498,783960,9794,3206246,7857800
3905,494,508,783466,9780,3206754,8035100
3906,501,463,782965,9818,3207217,7942300
3907,480,463,782485,9835,3207680,8011100
3908,464,486,782021,9813,3208166,8367300
3909,469,512,781552,9770,3208678,7906400
3910,485,480,781067,9775,3209158,7942600
3911,463,524,780604,9714,3209682,8322900
3912,455,540,780149,9629,3210222,7968900
3913,502,474,779647,9657,3210696,7995700
3914,468,477,779179,9648,3211173,7933400
3915,456,486,778723,9618,3211659,7883600
3916,471,423,778252,9666,3212082,7989400
3917,487,497,777765,9656,3212579,8007500
3918,476,503,777289,9629,3213082,7884100
3919,468,455,776821,9642,3213537,7956800
3920,458,458,776363,9642,3213995,8056600
3921,503,469,775860,9676,3214464,7837900
3922,542,464,775318,9754,3214928,8151900
3923,403,487,774915,9670,3215415,7979600
3924,469,472,774446,9667,3215887,8020000
3925,462,501,773984,9628,3216388,7971800
3926,465,462,773519,9631,3216850,7870300
3927,488,505,773031,9614,3217355,7986800
3928,489,500,772542,9603,3217855,8021100
3929,452,442,772090,9613,3218297,8181100
3930,473,465,771617,9621,3218762,7920100
3931,457,463,771160,9615,3219225,7989800
3932,470,478,770690,9607,3219703,8064400
3933,455,468,770235,9594,3220171,8217900
3934,459,490,769776,9563,3220661,7892300
3935,459,410,769317,9612,3221071,7945700
3936,455,477,768862,9590,3221548,7987200
3937,462,503,768400,9549,3222051,7932500
3938,453,480,767947,9522,3222531,7829200
3939,446,466,767501,9502,3222997,7835900
3940,457,491,767044,9468,3223488,7920200
3941,486,493,766558,9461,3223981,7890000
3942,504,447,766054,9518,3224428,7817100
3943,502,451,765552,9569,3224879,7880300
3944,537,462,765015,9644,3225341,8197900
3945,439,425,764576,9658,3225766,7942100
3946,464,484,764112,9638,3226250,8572900
3947,479,459,763633,9658,3226709,7914500
3948,448,459,763185,9647,3227168,7844900
3949,450,510,762735,9587,3227678,7851400
3950,450,469,762285,9568,3228147,7871500
3951,495,464,761790,9599,3228611,7987300
3952,487,452,761303,9634,3229063,8386400
3953,506,483,760797,9657,3229546,8167400
3954,495,502,760302,9650,3230048,8026700
3955,442,516,759860,9576,3230564,8185100
3956,463,509,759397,9530,3231073,8321700
3957,463,500,758934,9493,3231573,8880500
3958,506,423,758428,9576,3231996,8637000
3959,472,521,757956,9527,3232517,8132500
3960,463,465,757493,9525,3232982,8270100
3961,476,490,757017,9511,3233472,7983100
3962,421,475,756596,9457,3233947,7984200
3963,458,443,756138,9472,3234390,7998800
3964,490,480,755648,9482,3234870,8144200
3965,484,492,755164,9474,3235362,8098000
3966,501,432,754663,9543,3235794,8121900
3967,499,494,754164,9548,3236288,8278400
3968,475,492,753689,9531,3236780,8123100
3969,485,468,753204,9548,3237248,8157300
3970,448,514,752756,9482,3237762,8199000
3971,455,497,752301,9440,3238259,8514000
3972,491,497,751810,9434,3238756,8518000
3973,502,464,751308,9472,3239220,8743200
3974,490,416,750818,9546,3239636,8239400
3975,483,445,750335,9584,3240081,8928500
3976,491,471,749844,9604,3240552,8446000
3977,461,501,749383,9564,3241053,8372500
3978,468,506,748915,9526,3241559,8382800
3979,486,505,748429,9507,3242064,8214500
3980,512,473,747917,9546,3242537,8111700
3981,492,461,747425,9577,3242998,7998100
3982,501,460,746924,9618,3243458,7961700
3983,447,475,746477,9590,3243933,8001900
3984,449,474,746028,9565,3244407,8600900
3985,480,458,745548,9587,3244865,8074800
3986,455,454,745093,9588,3245319,8012100
3987,482,486,744611,9584,3245805,8175500
3988,451,483,744160,9552,3246288,7928200
3989,424,515,743736,9461,3246803,7935100
3990,465,523,743271,9403,3247326,8058300
3991,448,491,742823,9360,3247817,8063400
3992,460,449,742363,9371,3248266,8220000
3993,429,493,741934,9307,3248759,8037100
3994,423,448,741511,9282,3249207,8142600
3995,470,423,741041,9329,3249630,8292500
3996,446,436,740595,9339,3250066,8462700
3997,457,438,740138,9358,3250504,8435400
3998,478,459,739660,9377,3250963,8287000
3999,462,472,739198,9367,3251435,8120000
4000,421,491,738777,9297,3251926,8004800
4001,479,432,738298,9344,3252358,8005300
4002,444,461,737854,9327,3252819,8184200
4003,491,489,737363,9329,3253308,8189600
4004,473,468,736890,9334,3253776,8162600
4005,451,463,736439,9322,3254239,7960300
4006,483,496,735956,9309,3254735,7839900
4007,490,464,735466,9335,3255199,7922300
4008,420,472,735046,9283,3255671,7994900
4009,467,422,734579,9328,3256093,8017600
4010,465,417,734114,9376,3256510,8002500
4011,468,459,733646,9385,3256969,7983900
4012,452,468,733194,9369,3257437,7832900
4013,465,437,732729,9397,3257874,7833000
4014,521,500,732208,9418,3258374,7797300
4015,510,425,731698,9503,3258799,7817000
4016,503,434,731195,9572,3259233,7869700
4017,495,436,730700,9631,3259669,8220200
4018,504,468,730196,9667,3260137,8059800
4019,479,468,729717,9678,3260605,9098800
4020,519,500,729198,9697,3261105,7950700
4021,480,461,728718,9716,3261566,7986000
4022,455,486,728263,9685,3262052,7864400
4023,513,502,727750,9696,3262554,7875800
4024,505,489,727245,9712,3263043,7794500
4025,457,450,726788,9719,3263493,7863600
4026,522,472,726266,9769,3263965,7985100
4027,456,469,725810,9756,3264434,7849500
4028,447,445,725363,9758,3264879,7835700
4029,512,467,724851,9803,3265346,7849100
4030,468,501,724383,9770,3265847,7845400
4031,476,487,723907,9759,3266334,7942700
4032,482,419,723425,9822,3266753,8230400
4033,516,477,722909,9861,3267230,8565000
4034,460,486,722449,9835,3267716,7936700
4035,474,499,721975,9810,3268215,7918200
4036,471,505,721504,9776,3268720,7848300
4037,455,496,721049,9735,3269216,7948000
4038,436,508,720613,9663,3269724,7871300
4039,433,458,720180,9638,3270182,7857900
4040,464,487,719716,9615,3270669,7845200
4041,467,512,719249,9570,3271181,8309900
4042,458,453,718791,9575,3271634,8238900
4043,454,468,718337,9561,3272102,7971800
4044,486,479,717851,9568,3272581,7862800
4045,446,493,717405,9521,3273074,7827300
4046,434,496,716971,9459,3273570,8067600
4047,426,484,716545,9401,3274054,7991900
4048,474,464,716071,9411,3274518,7844300
4049,455,495,715616,9371,3275013,8055300
4050,467,451,715149,9387,3275464,8347700
4051,422,508,714727,9301,3275972,9256400
4052,435,452,714292,9284,3276424,8797900
4053,440,453,713852,9271,3276877,8281200
4054,407,436,713445,9242,3277313,7993100
4055,441,455,713004,9228,3277768,7794900
4056,452,417,712552,9263,3278185,8028800
4057,442,448,712110,9257,3278633,8160800
4058,447,458,711663,9246,3279091,8261000
4059,424,453,711239,9217,3279544,7993200
4060,470,442,710769,9245,3279986,8235700
4061,471,456,710298,9260,3280442,8445100
4062,430,460,709868,9230,3280902,8154900
4063,431,460,709437,9201,3281362,8233700
4064,414,418,709023,9197,3281780,8031800
4065,430,461,708593,9166,3282241,8031600
4066,472,436,708121,9202,3282677,8668300
4067,448,480,707673,9170,3283157,8227600
4068,447,477,707226,9140,3283634,8300800
4069,462,434,706764,9168,3284068,8489400
4070,417,473,706347,9112,3284541,8399200
4071,450,513,705897,9049,3285054,8102700
4072,414,453,705483,9010,3285507,8241500
4073,419,448,705064,8981,3285955,8536600
4074,418,438,704646,8961,3286393,8133000
4075,438,435,704208,8964,3286828,7991200
4076,416,428,703792,8952,3287256,7985900
4077,352,428,703440,8876,3287684,8196000
4078,415,441,703025,8850,3288125,8618300
4079,445,438,702580,8857,3288563,8110700
4080,396,453,702184,8800,3289016,8203400
4081,425,485,701759,8740,3289501,8239300
4082,411,458,701348,8693,3289959,8449000
4083,407,426,700941,8674,3290385,8000600
4084,418,443,700523,8649,3290828,8566900
4085,453,451,700070,8651,3291279,7846000
4086,408,424,699662,8635,3291703,7804400
4087,438,449,699224,8624,3292152,7969000
4088,421,438,698803,8607,3292590,7975400
4089,425,458,698378,8574,3293048,8104000
4090,420,451,697958,8543,3293499,8013600
4091,450,425,697508,8568,3293924,7955900
4092,425,402,697083,8591,3294326,8047100
4093,437,414,696646,8614,3294740,8300300
4094,439,455,696207,8598,3295195,8505500
4095,456,413,695751,8641,3295608,8379400
4096,406,454,695345,8593,3296062,8453800
4097,441,464,694904,8570,3296526,8324800
4098,416,457,694488,8529,3296983,8224100
4099,430,438,694058,8521,3297421,8727300
4100,415,425,693643,8511,3297846,8717500
4101,400,428,693243,8483,3298274,8751400
4102,398,423,692845,8458,3298697,8901100
4103,398,419,692447,8437,3299116,8268000
4104,450,441,691997,8446,3299557,7931900
4105,429,413,691568,8462,3299970,8112800
4106,418,406,691150,8474,3300376,8754800
4107,417,400,690733,8491,3300776,8396100
4108,421,450,690312,8462,3301226,8293300
4109,408,423,689904,8447,3301649,8653600
4110,425,422,689479,8450,3302071,7992400
4111,444,404,689035,8490,3302475,7927300
4112,406,453,688629,8443,3302928,7842900
4113,402,415,688227,8430,3303343,8141300
4114,416,437,687811,8409,3303780,8524900
4115,446,429,687365,8426,3304209,8126800
4116,454,415,686911,8465,3304624,8113800
4117,413,440,686498,8438,3305064,8295700
4118,441,401,686057,8478,3305465,8575000
4119,438,439,685619,8477,3305904,8241200
4120,415,417,685204,8475,3306321,8703700
4121,393,442,684811,8426,3306763,8275500
4122,409,432,684402,8403,3307195,8217500
4123,409,458,683993,8354,3307653,9298500
4124,416,395,683577,8375,3308048,8933200
4125,391,410,683186,8356,3308458,9106700
4126,417,392,682769,8381,3308850,8852700
4127,445,434,682324,8392,3309284,9500500
4128,430,406,681894,8416,3309690,8621100
4129,421,408,681473,8429,3310098,8450600
4130,438,424,681035,8443,3310522,8909000
4131,423,412,680612,8454,3310934,8384800
4132,399,458,680213,8395,3311392,8250000
4133,420,421,679793,8394,3311813,8466500
4134,397,407,679396,8384,3312220,8309800
4135,425,433,678971,8376,3312653,8459600
4136,428,438,678543,8366,3313091,8355100
4137,426,380,678117,8412,3313471,8294400
4138,422,451,677695,8383,3313922,8172400
4139,423,433,677272,8373,3314355,8054800
4140,408,467,676864,8314,3314822,8365900
4141,427,446,676437,8295,3315268,8748000
4142,404,415,676033,8284,3315683,8375900
4143,444,420,675589,8308,3316103,8281300
4144,446,412,675143,8342,3316515,8135200
4145,410,428,674733,8324,3316943,8299400
4146,411,433,674322,8302,3317376,8192100
4147,423,427,673899,8298,3317803,8760800
4148,445,381,673454,8362,3318184,7995300
4149,438,424,673016,8376,3318608,8302500
4150,419,431,672597,8364,3319039,8710000
4151,447,441,672150,8370,3319480,8085000
4152,441,413,671709,8398,3319893,8557200
4153,428,404,671281,8422,3320297,8161000
4154,418,462,670863,8378,3320759,8013500
4155,435,414,670428,8399,3321173,7990200
4156,437,433,669991,8403,3321606,7835500
4157,378,428,669613,8353,3322034,8104200
4158,422,410,669191,8365,3322444,8390800
4159,413,421,668778,8357,3322865,8333700
4160,389,452,668389,8294,3323317,8346700
4161,438,409,667951,8323,3323726,8844300
4162,421,402,667530,8342,3324128,8058100
4163,392,447,667138,8287,3324575,7957200
4164,375,446,666763,8216,3325021,8103100
4165,406,417,666357,8205,3325438,8761200
4166,392,375,665965,8222,3325813,8228700
4167,390,432,665575,8180,3326245,8141000
4168,385,424,665190,8141,3326669,8490100
4169,361,404,664829,8098,3327073,8537100
4170,406,363,664423,8141,3327436,8449500
4171,412,446,664011,8107,3327882,8283300
4172,383,441,663628,8049,3328323,9013800
4173,408,384,663220,8073,3328707,8986500
4174,387,384,662833,8076,3329091,8479800
4175,415,406,662418,8085,3329497,8330500
4176,408,399,662010,8094,3329896,8707500
4177,392,422,661618,8064,3330318,8633500
4178,390,400,661228,8054,3330718,8235000
4179,416,399,660812,8071,3331117,8605700
4180,387,377,660425,8081,3331494,9393700
4181,435,380,659990,8136,3331874,8465600
4182,399,422,659591,8113,3332296,8047200
4183,390,399,659201,8104,3332695,7936100
4184,403,411,658798,8096,3333106,7911600
4185,405,443,658393,8058,3333549,7848000
4186,388,408,658005,8038,3333957,7971100
4187,430,396,657575,8072,3334353,8012400
4188,404,449,657171,8027,3334802,7917400
4189,415,399,656756,8043,3335201,7941900
4190,407,408,656349,8042,3335609,7836000
4191,375,388,655974,8029,3335997,8026300
4192,427,395,655547,8061,3336392,8377200
4193,418,389,655129,8090,3336781,8669000
4194,397,402,654732,8085,3337183,8630100
4195,396,429,654336,8052,3337612,8082500
4196,402,418,653934,8036,3338030,8209100
4197,388,405,653546,8019,3338435,8394200
4198,404,395,653142,8028,3338830,8809100
4199,416,413,652726,8031,3339243,8377800
4200,398,425,652328,8004,3339668,8643200
4201,386,392,651942,7998,3340060,8950300
4202,427,406,651515,8019,3340466,8442500
4203,422,376,651093,8065,3340842,8261300
4204,419,398,650674,8086,3341240,8633200
4205,401,383,650273,8104,3341623,8299400
4206,405,421,649868,8088,3342044,7888300
4207,404,380,649464,8112,3342424,7890600
4208,440,410,649024,8142,3342834,7863400
4209,424,433,648600,8133,3343267,8360900
4210,450,417,648150,8166,3343684,8533600
4211,426,431,647724,8161,3344115,8152600
4212,445,403,647279,8203,3344518,9133400
4213,403,432,646876,8174,3344950,8424500
4214,428,411,646448,8191,3345361,8450600
4215,421,409,646027,8203,3345770,7851100
4216,379,393,645648,8189,3346163,8968900
4217,431,415,645217,8205,3346578,8451800
4218,421,406,644796,8220,3346984,8706000
4219,356,418,644440,8158,3347402,8183500
4220,383,457,644057,8084,3347859,9384800
4221,387,394,643670,8077,3348253,9086500
4222,384,402,643286,8059,3348655,8586400
4223,411,401,642875,8069,3349056,8735800
4224,388,364,642487,8093,3349420,8424800
4225,376,364,642111,8105,3349784,8243800
4226,368,385,641743,8088,3350169,8196700
4227,366,393,641377,8061,3350562,8026700
4228,391,397,640986,8055,3350959,8781600
4229,420,408,640566,8067,3351367,8168500
4230,430,409,640136,8088,3351776,7886900
4231,391,413,639745,8066,3352189,8026400
4232,397,391,639348,8072,3352580,9030700
4233,390,433,638958,8029,3353013,8232800
4234,407,391,638551,8045,3353404,8163300
4235,388,412,638163,8021,3353816,8166100
4236,365,434,637798,7952,3354250,8738500
4237,395,358,637403,7989,3354608,8333400
4238,387,402,637016,7974,3355010,8314600
4239,360,408,636656,7926,3355418,8078900
4240,397,398,636259,7925,3355816,8563600
4241,388,379,635871,7934,3356195,8471400
4242,379,386,635492,7927,3356581,8697500
4243,376,395,635116,7908,3356976,8326300
4244,387,401,634729,7894,3357377,8461600
4245,364,429,634365,7829,3357806,8072100
4246,356,378,634009,7807,3358184,7794500
4247,367,384,633642,7790,3358568,7772200
4248,364,361,633278,7793,3358929,8143500
4249,389,434,632889,7748,3359363,8943800
4250,364,369,632525,7743,3359732,8280700
4251,396,398,632129,7741,3360130,8339200
4252,385,357,631744,7769,3360487,8813700
4253,381,393,631363,7757,3360880,8332800
4254,379,369,630984,7767,3361249,8015300
4255,387,427,630597,7727,3361676,8499700
4256,357,404,630240,7680,3362080,8695800
4257,372,405,629868,7647,3362485,8826100
4258,383,395,629485,7635,3362880,8190900
4259,390,369,629095,7656,3363249,8013200
4260,411,374,628684,7693,3363623,7895900
4261,396,402,628288,7687,3364025,7883000
4262,391,413,627897,7665,3364438,7855300
4263,378,430,627519,7613,3364868,7839700
4264,364,398,627155,7579,3365266,7906700
4265,378,393,626777,7564,3365659,7907900
4266,356,368,626421,7552,3366027,7932700
4267,371,346,626050,7577,3366373,7923000
4268,384,374,625666,7587,3366747,8035100
4269,373,374,625293,7586,3367121,8004700
4270,376,358,624917,7604,3367479,8168600
4271,389,337,624528,7656,3367816,8533700
4272,378,385,624150,7649,3368201,8043600
4273,361,355,623789,7655,3368556,7981000
4274,377,388,623412,7644,3368944,8058500
4275,368,366,623044,7646,3369310,8083900
4276,371,366,622673,7651,3369676,8007000
4277,389,376,622284,7664,3370052,8023500
4278,349,395,621935,7618,3370447,8003300
4279,347,382,621588,7583,3370829,7990900
4280,375,374,621213,7584,3371203,8247200
4281,337,339,620876,7582,3371542,8005600
4282,423,369,620453,7636,3371911,8495300
4283,376,398,620077,7614,3372309,8165800
4284,347,358,619730,7603,3372667,8145100
4285,332,370,619398,7565,3373037,8029700
4286,365,355,619033,7575,3373392,8442800
4287,350,332,618683,7593,3373724,8015900
4288,368,354,618315,7607,3374078,7992000
4289,407,371,617908,7643,3374449,7984300
4290,381,415,617527,7609,3374864,8232400
4291,403,345,617124,7667,3375209,8141000
4292,400,392,616724,7675,3375601,7992100
4293,375,395,616349,7655,3375996,8064100
4294,390,398,615959,7647,3376394,7947500
4295,354,406,615605,7595,3376800,8043800
4296,387,408,615218,7574,3377208,7883700
4297,381,380,614837,7575,3377588,8047700
4298,405,394,614432,7586,3377982,7825900
4299,375,384,614057,7577,3378366,7940100
4300,370,391,613687,7556,3378757,7995400
4301,360,392,613327,7524,3379149,8290300
4302,383,411,612944,7496,3379560,7926500
4303,347,375,612597,7468,3379935,7788500
4304,384,372,612213,7480,3380307,7895500
4305,415,365,611798,7530,3380672,7749200
4306,357,405,611441,7482,3381077,7885400
4307,371,360,611070,7493,3381437,7895500
4308,392,385,610678,7500,3381822,7899700
4309,399,373,610279,7526,3382195,7835400
4310,401,407,609878,7520,3382602,7844000
4311,382,383,609496,7519,3382985,7797100
4312,337,414,609159,7442,3383399,8095200
4313,361,382,608798,7421,3383781,8128500
4314,378,373,608420,7426,3384154,8116300
4315,353,369,608067,7410,3384523,7895200
4316,390,379,607677,7421,3384902,8177600
4317,360,376,607317,7405,3385278,8119000
4318,364,335,606953,7434,3385613,7843200
4319,364,386,606589,7412,3385999,7723500
4320,336,379,606253,7369,3386378,7766200
4321,344,374,605909,7339,3386752,7926200
4322,359,347,605550,7351,3387099,7812100
4323,333,374,605217,7310,3387473,7906900
4324,379,386,604838,7303,3387859,8196500
4325,364,360,604474,7307,3388219,8148600
4326,357,373,604117,7291,3388592,8053600
4327,383,343,603734,7331,3388935,8230100
4328,368,364,603366,7335,3389299,8125900
4329,413,372,602953,7376,3389671,8105800
4330,349,373,602604,7352,3390044,8260200
4331,372,326,602232,7398,3390370,8146700
4332,389,406,601843,7381,3390776,8273400
4333,350,388,601493,7343,3391164,8159800
4334,366,335,601127,7374,3391499,8242500
4335,340,405,600787,7309,3391904,7943300
4336,344,396,600443,7257,3392300,8009900
4337,308,393,600135,7172,3392693,8206800
4338,360,348,599775,7184,3393041,8101800
4339,364,320,599411,7228,3393361,8309200
4340,365,350,599046,7243,3393711,8454600
4341,339,350,598707,7232,3394061,8492700
4342,337,343,598370,7226,3394404,8481600
4343,391,388,597979,7229,3394792,9685800
4344,357,356,597622,7230,3395148,8686700
4345,361,372,597261,7219,3395520,8494800
4346,337,337,596924,7219,3395857,8375700
4347,312,367,596612,7164,3396224,8449800
4348,352,352,596260,7164,3396576,8340600
4349,335,362,595925,7137,3396938,8227000
4350,356,363,595569,7130,3397301,8158500
4351,378,350,595191,7158,3397651,8305000
4352,340,369,594851,7129,3398020,8153300
4353,346,378,594505,7097,3398398,8227500
4354,356,400,594149,7053,3398798,8409800
4355,360,329,593789,7084,3399127,8357700
4356,381,402,593408,7063,3399529,8774600
4357,393,354,593015,7102,3399883,8795900
4358,339,362,592676,7079,3400245,8272300
4359,355,335,592321,7099,3400580,8559400
4360,348,313,591973,7134,3400893,8414600
4361,363,359,591610,7138,3401252,8557400
4362,391,356,591219,7173,3401608,8306500
4363,349,373,590870,7149,3401981,8333900
4364,361,358,590509,7152,3402339,8547800
4365,383,369,590126,7166,3402708,8318700
4366,400,334,589726,7232,3403042,8183400
4367,365,360,589361,7237,3403402,8566200
4368,365,350,588996,7252,3403752,8339200
4369,362,345,588634,7269,3404097,8309600
4370,349,348,588285,7270,3404445,8414000
4371,355,346,587930,7279,3404791,8459700
4372,343,358,587587,7264,3405149,8354700
4373,368,357,587219,7275,3405506,8571900
4374,382,363,586837,7294,3405869,8784700
4375,378,398,586459,7274,3406267,8545300
4376,318,372,586141,7220,3406639,8370300
4377,341,354,585800,7207,3406993,8341000
4378,356,348,585444,7215,3407341,8421200
4379,358,330,585086,7243,3407671,8377400
4380,360,374,584726,7229,3408045,8416000
4381,361,343,584365,7247,3408388,8085000
4382,363,341,584002,7269,3408729,8431000
4383,343,349,583659,7263,3409078,8510500
4384,355,365,583304,7253,3409443,8397600
4385,362,375,582942,7240,3409818,8251800
4386,353,354,582589,7239,3410172,8058900
4387,351,342,582238,7248,3410514,7839400
4388,384,385,581854,7247,3410899,8012000
4389,382,372,581472,7257,3411271,8468000
4390,365,358,581107,7264,3411629,7854300
4391,356,368,580751,7252,3411997,7837100
4392,352,399,580399,7205,3412396,7842000
4393,378,366,580021,7217,3412762,8151800
4394,350,353,579671,7214,3413115,7895500
4395,352,331,579319,7235,3413446,7905300
4396,380,341,578939,7274,3413787,8036100
4397,347,364,578592,7257,3414151,8140100
4398,329,397,578263,7189,3414548,7966800
4399,357,369,577906,7177,3414917,7857000
4400,350,375,577556,7152,3415292,7886400
4401,326,357,577230,7121,3415649,8222700
4402,361,368,576869,7114,3416017,7931700
4403,349,350,576520,7113,3416367,8083700
4404,356,385,576164,7084,3416752,8497600
4405,352,372,575812,7064,3417124,8227800
4406,314,356,575498,7022,3417480,8195300
4407,365,376,575133,7011,3417856,7957700
4408,365,331,574768,7045,3418187,7975400
4409,359,356,574409,7048,3418543,7854500
4410,351,348,574058,7051,3418891,7979700
4411,354,350,573704,7055,3419241,8076000
4412,357,332,573347,7080,3419573,8073300
4413,315,377,573032,7018,3419950,8137400
4414,341,334,572691,7025,3420284,7846600
4415,340,335,572351,7030,3420619,7731400
4416,337,349,572014,7018,3420968,7828900
4417,309,330,571705,6997,3421298,7746600
4418,319,345,571386,6971,3421643,7804600
4419,307,328,571079,6950,3421971,7910800
4420,357,330,570722,6977,3422301,7898500
4421,361,360,570361,6978,3422661,8210700
4422,326,326,570035,6978,3422987,8098200
4423,331,352,569704,6957,3423339,8114000
4424,342,343,569362,6956,3423682,8082600
4425,354,341,569008,6969,3424023,8032400
4426,327,376,568681,6920,3424399,8041700
4427,345,312,568336,6953,3424711,8080400
4428,368,374,567968,6947,3425085,8089600
4429,319,331,567649,6935,3425416,8528900
4430,358,338,567291,6955,3425754,8050500
4431,339,355,566952,6939,3426109,7951300
4432,376,351,566576,6964,3426460,8106500
4433,358,338,566218,6984,3426798,8060700
4434,349,355,565869,6978,3427153,8257800
4435,343,356,565526,6965,3427509,8102500
4436,331,329,565195,6967,3427838,8484900
4437,362,316,564833,7013,3428154,8241300
4438,341,366,564492,6988,3428520,8228900
4439,343,384,564149,6947,3428904,8088900
4440,344,347,563805,6944,3429251,8191000
4441,353,362,563452,6935,3429613,8064400
4442,331,347,563121,6919,3429960,7962800
4443,282,352,562839,6849,3430312,8106600
4444,342,348,562497,6843,3430660,8112000
4445,328,350,562169,6821,3431010,8562800
4446,344,354,561825,6811,3431364,8358100
4447,339,367,561486,6783,3431731,8606200
4448,338,323,561148,6798,3432054,8134100
4449,333,333,560815,6798,3432387,8160900
4450,354,303,560461,6849,3432690,7979600
4451,367,339,560094,6877,3433029,7996000
4452,342,368,559752,6851,3433397,7827500
4453,357,359,559395,6849,3433756,7927400
4454,371,325,559024,6895,3434081,8022700
4455,338,338,558686,6895,3434419,8028500
4456,342,349,558344,6888,3434768,7945200
4457,350,356,557994,6882,3435124,7853900
4458,347,359,557647,6870,3435483,7805400
4459,375,355,557272,6890,3435838,7865700
4460,343,341,556929,6892,3436179,7913500
4461,369,349,556560,6912,3436528,7972500
4462,343,365,556217,6890,3436893,8245200
4463,378,348,555839,6920,3437241,8308600
4464,346,358,555493,6908,3437599,8302700
4465,345,367,555148,6886,3437966,9466100
4466,306,353,554842,6839,3438319,8641400
4467,342,324,554500,6857,3438643,8235500
4468,362,346,554138,6873,3438989,8051100
4469,348,356,553790,6865,3439345,8033100
4470,343,343,553447,6865,3439688,8154700
4471,337,356,553110,6846,3440044,8377700
4472,345,354,552765,6837,3440398,8356800
4473,338,341,552427,6834,3440739,8099800
4474,374,376,552053,6832,3441115,7930500
4475,352,364,551701,6820,3441479,7869200
4476,337,335,551364,6822,3441814,7879700
4477,320,371,551044,6771,3442185,8209300
4478,332,328,550712,6775,3442513,8263100
4479,318,347,550394,6746,3442860,8412000
4480,348,342,550046,6752,3443202,8009200
4481,335,331,549711,6756,3443533,8132700
4482,333,329,549378,6760,3443862,8061700
4483,340,348,549038,6752,3444210,8119700
4484,339,334,548699,6757,3444544,8034900
4485,362,312,548337,6807,3444856,7944500
4486,344,343,547993,6808,3445199,7802500
4487,316,352,547677,6772,3445551,8294500
4488,297,341,547380,6728,3445892,7926700
4489,332,381,547048,6679,3446273,7763500
4490,336,323,546712,6692,3446596,7775900
4491,354,335,546358,6711,3446931,7723100
4492,351,311,546007,6751,3447242,8110700
4493,327,329,545680,6749,3447571,8764400
4494,319,296,545361,6772,3447867,8290600
4495,333,343,545028,6762,3448210,8400300
4496,326,327,544702,6761,3448537,8325600
4497,346,310,544356,6797,3448847,8305100
4498,329,340,544027,6786,3449187,8438500
4499,351,321,543676,6816,3449508,8542800
4500,316,334,543360,6798,3449842,8559300
4501,328,313,543032,6813,3450155,8976500
4502,311,339,542721,6785,3450494,9161700
4503,360,379,542361,6766,3450873,8894700
4504,309,341,542052,6734,3451214,9530700
4505,353,327,541699,6760,3451541,9276500
4506,321,337,541378,6744,3451878,9306500
4507,328,346,541050,6726,3452224,8949500
4508,342,339,540708,6729,3452563,9196200
4509,340,298,540368,6771,3452861,9017200
4510,325,334,540043,6762,3453195,9326300
4511,371,346,539672,6787,3453541,9078500
4512,300,374,539372,6713,3453915,8673900
4513,328,349,539044,6692,3454264,8954300
4514,345,366,538699,6671,3454630,9278300
4515,299,345,538400,6625,3454975,8345600
4516,335,341,538065,6619,3455316,8062000
4517,366,326,537699,6659,3455642,8303100
4518,327,330,537372,6656,3455972,8090700
4519,314,310,537058,6660,3456282,7972000
4520,312,341,536746,6631,3456623,8123800
4521,309,383,536437,6557,3457006,7987000
4522,333,343,536104,6547,3457349,8048600
4523,327,309,535777,6565,3457658,8161100
4524,333,352,535444,6546,3458010,7971300
4525,351,291,535093,6606,3458301,8443400
4526,334,336,534759,6604,3458637,8151100
4527,337,318,534422,6623,3458955,8577400
4528,318,324,534104,6617,3459279,8549100
4529,344,342,533760,6619,3459621,8272100
4530,300,342,533460,6577,3459963,8545300
4531,309,318,533151,6568,3460281,8256400
4532,337,320,532814,6585,3460601,8513600
4533,326,364,532488,6547,3460965,8645300
4534,323,341,532165,6529,3461306,8636800
4535,346,335,531819,6540,3461641,8734100
4536,354,328,531465,6566,3461969,8627500
4537,324,320,531141,6570,3462289,8346600
4538,346,323,530795,6593,3462612,8469100
4539,312,323,530483,6582,3462935,8347800
4540,315,325,530168,6572,3463260,8640100
4541,333,363,529835,6542,3463623,8387500
4542,293,316,529542,6519,3463939,8966200
4543,329,367,529213,6481,3464306,8456600
4544,278,314,528935,6445,3464620,8244500
4545,290,299,528645,6436,3464919,8255900
4546,313,346,528332,6403,3465265,8400400
4547,267,293,528065,6377,3465558,8136200
4548,323,340,527742,6360,3465898,8166600
4549,321,333,527421,6348,3466231,8571900
4550,313,326,527108,6335,3466557,8354900
4551,326,292,526782,6369,3466849,8527500
4552,295,317,526487,6347,3467166,8120100
4553,295,321,526192,6321,3467487,8344600
4554,293,335,525899,6279,3467822,7995600
4555,315,299,525584,6295,3468121,8046100
4556,298,304,525286,6289,3468425,8348200
4557,311,317,524975,6283,3468742,8132800
4558,314,328,524661,6269,3469070,8476000
4559,307,271,524354,6305,3469341,8217000
4560,332,300,524022,6337,3469641,7884000
4561,302,282,523720,6357,3469923,7925700
4562,299,269,523421,6387,3470192,8056700
4563,334,309,523087,6412,3470501,8028800
4564,329,320,522758,6421,3470821,7929600
4565,330,324,522428,6427,3471145,7824500
4566,332,319,522096,6440,3471464,7980900
4567,341,293,521755,6488,3471757,7825900
4568,352,336,521403,6504,3472093,7748000
4569,304,325,521099,6483,3472418,7983000
4570,331,339,520768,6475,3472757,7813400
4571,333,321,520435,6487,3473078,7845000
4572,308,314,520127,6481,3473392,8188800
4573,322,319,519805,6484,3473711,8227100
4574,292,291,519513,6485,3474002,8212600
4575,309,335,519204,6459,3474337,8188000
4576,309,318,518895,6450,3474655,8103400
4577,315,318,518580,6447,3474973,8018200
4578,349,343,518231,6453,3475316,7892400
4579,305,306,517926,6452,3475622,7890900
4580,307,304,517619,6455,3475926,8071000
4581,332,300,517287,6487,3476226,8317800
4582,342,301,516945,6528,3476527,8930700
4583,333,323,516612,6538,3476850,8508000
4584,313,309,516299,6542,3477159,8510900
4585,328,312,515971,6558,3477471,8444300
4586,326,315,515645,6569,3477786,8300000
4587,321,314,515324,6576,3478100,8350000
4588,339,323,514985,6592,3478423,8249100
4589,304,338,514681,6558,3478761,8180400
4590,326,300,514355,6584,3479061,8765000
4591,321,321,514034,6584,3479382,8505400
4592,278,355,513756,6507,3479737,8275000
4593,292,342,513464,6457,3480079,8138300
4594,343,295,513121,6505,3480374,8044000
4595,279,323,512842,6461,3480697,8025300
4596,307,316,512535,6452,3481013,8279000
4597,299,309,512236,6442,3481322,8367800
4598,305,306,511931,6441,3481628,8552900
4599,311,331,511620,6421,3481959,8445000
4600,309,333,511311,6397,3482292,8304800
4601,316,312,510995,6401,3482604,8209000
4602,320,306,510675,6415,3482910,8221200
4603,286,306,510389,6395,3483216,7981400
4604,325,325,510064,6395,3483541,8041200
4605,311,311,509753,6395,3483852,8308900
4606,305,295,509448,6405,3484147,8170800
4607,310,330,509138,6385,3484477,8106500
4608,287,316,508851,6356,3484793,8041400
4609,308,320,508543,6344,3485113,8214600
4610,305,347,508238,6302,3485460,7907100
4611,356,311,507882,6347,3485771,7770600
4612,347,328,507535,6366,3486099,8141900
4613,312,357,507223,6321,3486456,7881800
4614,327,339,506896,6309,3486795,7955000
4615,347,297,506549,6359,3487092,7999300
4616,325,310,506224,6374,3487402,7998400
4617,315,310,505909,6379,3487712,7963400
4618,311,296,505598,6394,3488008,7890300
4619,349,292,505249,6451,3488300,7875200
4620,315,317,504934,6449,3488617,7901500
4621,322,334,504612,6437,3488951,7855000
4622,294,334,504318,6397,3489285,7940300
4623,325,346,503993,6376,3489631,7932000
4624,311,340,503682,6347,3489971,7931100
4625,300,309,503382,6338,3490280,7957500
4626,332,312,503050,6358,3490592,7949900
4627,335,349,502715,6344,3490941,8302600
4628,348,337,502367,6355,3491278,8207800
4629,322,312,502045,6365,3491590,7890000
4630,318,328,501727,6355,3491918,8289400
4631,325,334,501402,6346,3492252,7942600
4632,298,305,501104,6339,3492557,8008500
4633,340,358,500764,6321,3492915,7913600
4634,290,311,500474,6300,3493226,8164500
4635,328,330,500146,6298,3493556,8255700
4636,285,326,499861,6257,3493882,8089600
4637,280,303,499581,6234,3494185,8095500
4638,308,331,499273,6211,3494516,8069300
4639,296,294,498977,6213,3494810,7824700
4640,290,283,498687,6220,3495093,7854900
4641,303,297,498384,6226,3495390,8159000
4642,300,329,498084,6197,3495719,7769400
4643,287,315,497797,6169,3496034,7681600
4644,306,313,497491,6162,3496347,7812000
4645,298,327,497193,6133,3496674,7933200
4646,289,314,496904,6108,3496988,7772500
4647,290,308,496614,6090,3497296,8414700
4648,290,285,496324,6095,3497581,8455900
4649,276,311,496048,6060,3497892,9841600
4650,295,318,495753,6037,3498210,9384000
4651,325,296,495428,6066,3498506,9515200
4652,327,323,495101,6070,3498829,9058000
4653,320,294,494781,6096,3499123,9710900
4654,312,293,494469,6115,3499416,9197100
4655,315,279,494154,6151,3499695,8784000
4656,304,300,493850,6155,3499995,8876000
4657,314,306,493536,6163,3500301,9064700
4658,332,306,493204,6189,3500607,8899600
4659,308,311,492896,6186,3500918,8552100
4660,324,282,492572,6228,3501200,8306200
4661,339,325,492233,6242,3501525,7909500
4662,318,328,491915,6232,3501853,8000900
4663,354,321,491561,6265,3502174,8160800
4664,298,311,491263,6252,3502485,7966300
4665,306,359,490957,6199,3502844,7926500
4666,309,312,490648,6196,3503156,7963700
4667,317,286,490331,6227,3503442,7846300
4668,326,323,490005,6230,3503765,7787600
4669,294,284,489711,6240,3504049,7829300
4670,327,295,489384,6272,3504344,7862900
4671,323,328,489061,6267,3504672,7999700
4672,332,308,488729,6291,3504980,7988600
4673,300,320,488429,6271,3505300,7824900
4674,325,330,488104,6266,3505630,7802800
4675,304,300,487800,6270,3505930,7751200
4676,305,305,487495,6270,3506235,7885800
4677,307,317,487188,6260,3506552,7981700
4678,323,322,486865,6261,3506874,7742100
4679,307,322,486558,6246,3507196,7784800
4680,337,326,486221,6257,3507522,7806700
4681,339,292,485882,6304,3507814,7902400
4682,356,328,485526,6332,3508142,7734200
4683,314,318,485212,6328,3508460,7723500
4684,289,308,484923,6309,3508768,7879300
4685,292,306,484631,6295,3509074,7810100
4686,324,310,484307,6309,3509384,8084700
4687,342,298,483965,6353,3509682,7815100
4688,276,326,483689,6303,3510008,8402800
4689,309,299,483380,6313,3510307,8284800
4690,303,319,483077,6297,3510626,7884800
4691,284,335,482793,6246,3510961,7896900
4692,319,308,482474,6257,3511269,7798100
4693,303,305,482171,6255,3511574,7736000
4694,309,334,481862,6230,3511908,7722600
4695,292,300,481570,6222,3512208,7944300
4696,264,338,481306,6148,3512546,7956200
4697,275,321,481031,6102,3512867,7962600
4698,276,340,480755,6038,3513207,7797400
4699,278,263,480477,6053,3513470,7918800
4700,292,320,480185,6025,3513790,7885600
4701,273,284,479912,6014,3514074,7798200
4702,265,302,479647,5977,3514376,7865500
4703,305,300,479342,5982,3514676,8037800
4704,261,294,479081,5949,3514970,8362300
4705,280,317,478801,5912,3515287,8682700
4706,256,294,478545,5874,3515581,8226000
4707,276,315,478269,5835,3515896,8621500
4708,266,341,478003,5760,3516237,8029600
4709,261,302,477742,5719,3516539,8132400
4710,262,278,477480,5703,3516817,7900000
4711,253,285,477227,5671,3517102,8172300
4712,286,286,476941,5671,3517388,8146200
4713,297,281,476644,5687,3517669,8455800
4714,284,283,476360,5688,3517952,8063700
4715,268,269,476092,5687,3518221,7895300
4716,267,312,475825,5642,3518533,8174000
4717,278,303,475547,5617,3518836,8176300
4718,274,309,475273,5582,3519145,8104700
4719,247,306,475026,5523,3519451,7869600
4720,266,278,474760,5511,3519729,8042300
4721,238,319,474522,5430,3520048,8097500
4722,254,275,474268,5409,3520323,8130400
4723,268,295,474000,5382,3520618,7991900
4724,247,273,473753,5356,3520891,7982200
4725,275,281,473478,5350,3521172,8156100
4726,245,281,473233,5314,3521453,8108400
4727,287,257,472946,5344,3521710,7887300
4728,253,264,472693,5333,3521974,7914800
4729,311,300,472382,5344,3522274,8192000
4730,302,255,472080,5391,3522529,8445100
4731,255,270,471825,5376,3522799,8125600
4732,279,282,471546,5373,3523081,8179600
4733,296,245,471250,5424,3523326,8034800
4734,265,279,470985,5410,3523605,7980500
4735,299,292,470686,5417,3523897,8396200
4736,296,294,470390,5419,3524191,7969100
4737,298,256,470092,5461,3524447,8359700
4738,278,276,469814,5463,3524723,8115400
4739,301,270,469513,5494,3524993,8161200
4740,274,254,469239,5514,3525247,7987800
4741,294,272,468945,5536,3525519,8166500
4742,294,264,468651,5566,3525783,8186000
4743,279,276,468372,5569,3526059,8255100
4744,279,272,468093,5576,3526331,8005600
4745,327,270,467766,5633,3526601,8050900
4746,318,257,467448,5694,3526858,8162200
4747,322,266,467126,5750,3527124,8136000
4748,312,276,466814,5786,3527400,8157400
4749,269,288,466545,5767,3527688,8109100
4750,328,285,466217,5810,3527973,8129100
4751,317,283,465900,5844,3528256,7895700
4752,300,285,465600,5859,3528541,8088700
4753,316,276,465284,5899,3528817,7995500
4754,305,289,464979,5915,3529106,8345300
4755,279,292,464700,5902,3529398,8311900
4756,279,306,464421,5875,3529704,8382000
4757,326,315,464095,5886,3530019,8446100
4758,267,326,463828,5827,3530345,8132400
4759,322,303,463506,5846,3530648,7888900
4760,301,292,463205,5855,3530940,8068400
4761,241,283,462964,5813,3531223,7983100
4762,297,311,462667,5799,3531534,8044600
4763,317,252,462350,5864,3531786,8132100
4764,283,309,462067,5838,3532095,8085600
4765,322,287,461745,5873,3532382,8066300
4766,308,285,461437,5896,3532667,7834600
4767,296,290,461141,5902,3532957,7776900
4768,289,294,460852,5897,3533251,8023900
4769,302,273,460550,5926,3533524,7885300
4770,309,297,460241,5938,3533821,8280800
4771,327,296,459914,5969,3534117,8725300
4772,278,285,459636,5962,3534402,8594000
4773,291,285,459345,5968,3534687,9164600
4774,309,301,459036,5976,3534988,8636100
4775,312,303,458724,5985,3535291,8862800
4776,316,315,458408,5986,3535606,8469200
4777,302,315,458106,5973,3535921,8436500
4778,323,305,457783,5991,3536226,8432400
4779,299,291,457484,5999,3536517,8205100
4780,303,300,457181,6002,3536817,8067900
4781,309,284,456872,6027,3537101,8234300
4782,283,282,456589,6028,3537383,8224100
4783,284,305,456305,6007,3537688,8200100
4784,296,293,456009,6010,3537981,8285200
4785,296,289,455713,6017,3538270,8254800
4786,308,317,455405,6008,3538587,8268300
4787,334,303,455071,6039,3538890,8324000
4788,266,340,454805,5965,3539230,8235300
4789,277,281,454528,5961,3539511,8171100
4790,256,271,454272,5946,3539782,8389400
4791,301,277,453971,5970,3540059,8201800
4792,282,283,453689,5969,3540342,8504700
4793,288,264,453401,5993,3540606,8316300
4794,266,294,453135,5965,3540900,8426600
4795,288,301,452847,5952,3541201,8200200
4796,289,271,452558,5970,3541472,8188300
4797,302,318,452256,5954,3541790,8183400
4798,275,301,451981,5928,3542091,8422500
4799,286,320,451695,5894,3542411,8058200
4800,301,264,451394,5931,3542675,8391200
4801,257,306,451137,5882,3542981,8589900
4802,301,297,450836,5886,3543278,9869900
4803,289,283,450547,5892,3543561,10617200
4804,294,294,450253,5892,3543855,9941200
4805,327,278,449926,5941,3544133,9486300
4806,285,299,449641,5927,3544432,9557700
4807,277,285,449364,5919,3544717,9094100
4808,263,269,449101,5913,3544986,10068300
4809,283,296,448818,5900,3545282,9118600
4810,253,297,448565,5856,3545579,8681000
4811,229,291,448336,5794,3545870,9268700
4812,271,281,448065,5784,3546151,9263700
4813,253,270,447812,5767,3546421,8742600
4814,290,284,447522,5773,3546705,9564800
4815,283,271,447239,5785,3546976,10107600
4816,277,310,446962,5752,3547286,9765700
4817,300,277,446662,5775,3547563,9943800
4818,269,278,446393,5766,3547841,8783500
4819,267,308,446126,5725,3548149,8714700
4820,259,296,445867,5688,3548445,10014100
4821,273,289,445594,5672,3548734,8141200
4822,250,271,445344,5651,3549005,8701200
4823,273,280,445071,5644,3549285,8948000
4824,273,275,444798,5642,3549560,8557500
4825,307,305,444491,5644,3549865,8477200
4826,281,292,444210,5633,3550157,8485400
4827,288,273,443922,5648,3550430,8184000
4828,291,278,443631,5661,3550708,7855700
4829,288,289,443343,5660,3550997,7894400
4830,281,250,443062,5691,3551247,7753800
4831,295,290,442767,5696,3551537,8092100
4832,252,285,442515,5663,3551822,8212400
4833,269,288,442246,5644,3552110,8188800
4834,286,276,441960,5654,3552386,8141200
4835,294,279,441666,5669,3552665,7765000
4836,272,291,441394,5650,3552956,7756300
4837,271,287,441123,5634,3553243,7769600
4838,271,250,440852,5655,3553493,7924300
4839,285,266,440567,5674,3553759,8241100
4840,291,309,440276,5656,3554068,8073400
4841,301,263,439975,5694,3554331,7942000
4842,279,323,439696,5650,3554654,8474400
4843,265,296,439431,5619,3554950,8048900
4844,284,279,439147,5624,3555229,8010500
4845,279,279,438868,5624,3555508,7906600
4846,277,283,438591,5618,3555791,7936800
4847,237,256,438354,5599,3556047,7934700
4848,265,290,438089,5574,3556337,8018500
4849,272,262,437817,5584,3556599,7986200
4850,282,254,437535,5612,3556853,8328100
4851,234,267,437301,5579,3557120,7906900
4852,257,273,437044,5563,3557393,7727200
4853,286,257,436758,5592,3557650,7812100
4854,268,269,436490,5591,3557919,7756300
4855,289,272,436201,5608,3558191,7894900
4856,256,286,435945,5578,3558477,8177700
4857,262,267,435683,5573,3558744,7832500
4858,254,294,435429,5533,3559038,7955600
4859,281,268,435148,5546,3559306,8026600
4860,244,258,434904,5532,3559564,8955200
4861,293,267,434611,5558,3559831,8071900
4862,284,291,434327,5551,3560122,8205000
4863,284,296,434043,5539,3560418,7903700
4864,274,286,433769,5527,3560704,7981400
4865,259,283,433510,5503,3560987,8010800
4866,245,274,433265,5474,3561261,8032100
4867,264,303,433001,5435,3561564,8068600
4868,280,265,432721,5450,3561829,7850300
4869,255,291,432466,5414,3562120,8245100
4870,299,263,432167,5450,3562383,7826300
4871,259,273,431908,5436,3562656,7783900
4872,252,309,431656,5379,3562965,7799100
4873,262,303,431394,5338,3563268,8141200
4874,273,252,431121,5359,3563520,7887100
4875,270,291,430851,5338,3563811,7820500
4876,267,241,430584,5364,3564052,7775100
4877,248,259,430336,5353,3564311,7881100
4878,270,261,430066,5362,3564572,7780600
4879,284,295,429782,5351,3564867,8060800
4880,269,264,429513,5356,3565131,8080100
4881,251,246,429262,5361,3565377,8118800
4882,275,266,428987,5370,3565643,8007100
4883,247,251,428740,5366,3565894,8172900
4884,247,269,428493,5344,3566163,8078500
4885,241,243,428252,5342,3566406,8005000
4886,236,271,428016,5307,3566677,8131800
4887,283,267,427733,5323,3566944,8177200
4888,265,272,427468,5316,3567216,8094500
4889,263,268,427205,5311,3567484,8374700
4890,263,272,426942,5302,3567756,8141400
4891,254,292,426688,5264,3568048,8051000
4892,252,252,426436,5264,3568300,7969600
4893,247,294,426189,5217,3568594,7991800
4894,252,272,425937,5197,3568866,7926300
4895,285,274,425652,5208,3569140,7878500
4896,271,256,425381,5223,3569396,7982500
4897,252,237,425129,5238,3569633,8020900
4898,261,280,424868,5219,3569913,8018700
4899,262,260,424606,5221,3570173,7978800
4900,262,271,424344,5212,3570444,8248000
4901,287,259,424057,5240,3570703,8512500
4902,268,265,423789,5243,3570968,7997300
4903,272,277,423517,5238,3571245,7907900
4904,256,268,423261,5226,3571513,7907500
4905,269,251,422992,5244,3571764,7979200
4906,264,290,422728,5218,3572054,8102800
4907,270,276,422458,5212,3572330,8099300
4908,255,244,422203,5223,3572574,8082600
4909,278,278,421925,5223,3572852,7995600
4910,274,283,421651,5214,3573135,7954400
4911,260,266,421391,5208,3573401,7820600
4912,263,254,421128,5217,3573655,7709300
4913,264,258,420864,5223,3573913,7819400
4914,280,270,420584,5233,3574183,7744200
4915,274,258,420310,5249,3574441,8021400
4916,287,278,420023,5258,3574719,7847500
4917,270,274,419753,5254,3574993,7803400
4918,265,268,419488,5251,3575261,7905000
4919,283,252,419205,5282,3575513,7881300
4920,292,266,418913,5308,3575779,7914400
4921,293,237,418620,5364,3576016,7840400
4922,252,251,418368,5365,3576267,8311000
4923,283,267,418085,5381,3576534,8688600
4924,256,262,417829,5375,3576796,8858800
4925,254,271,417575,5358,3577067,8847100
4926,274,247,417301,5385,3577314,8282200
4927,268,263,417033,5390,3577577,8966100
4928,265,280,416768,5375,3577857,8447300
4929,285,265,416483,5395,3578122,8192200
4930,248,268,416235,5375,3578390,8032600
4931,253,285,415982,5343,3578675,8408000
4932,266,268,415716,5341,3578943,8994500
4933,266,282,415450,5325,3579225,8719700
4934,258,280,415192,5303,3579505,8474500
4935,258,295,414934,5266,3579800,8486900
4936,246,266,414688,5246,3580066,8374400
4937,235,254,414453,5227,3580320,8420000
4938,224,275,414229,5176,3580595,8303100
4939,239,232,413990,5183,3580827,8222900
4940,243,254,413747,5172,3581081,8443100
4941,252,255,413495,5169,3581336,8174200
4942,236,234,413259,5171,3581570,8256900
4943,235,268,413024,5138,3581838,8158800
4944,265,248,412759,5155,3582086,8037700
4945,242,243,412517,5154,3582329,8103000
4946,229,269,412288,5114,3582598,8762300
4947,232,266,412056,5080,3582864,8470800
4948,250,278,411806,5052,3583142,8483900
4949,249,252,411557,5049,3583394,8496500
4950,238,273,411319,5014,3583667,8940000
4951,244,254,411075,5004,3583921,8528500
4952,254,235,410821,5023,3584156,8138400
4953,284,235,410537,5072,3584391,8075400
4954,239,241,410298,5070,3584632,8461900
4955,254,234,410044,5090,3584866,8800700
4956,263,249,409781,5104,3585115,8403600
4957,246,236,409535,5114,3585351,8381100
4958,235,259,409300,5090,3585610,8209300
4959,218,240,409082,5068,3585850,8396700
4960,281,262,408801,5087,3586112,8238300
4961,263,257,408538,5093,3586369,8386300
4962,251,254,408287,5090,3586623,8541800
4963,259,269,408028,5080,3586892,8639500
4964,241,257,407787,5064,3587149,8389500
4965,272,251,407515,5085,3587400,8206200
4966,277,258,407238,5104,3587658,8572600
4967,266,273,406972,5097,3587931,9000400
4968,264,261,406708,5100,3588192,8793500
4969,275,238,406433,5137,3588430,8522900
4970,250,270,406183,5117,3588700,9585000
4971,272,257,405911,5132,3588957,8567400
4972,287,244,405624,5175,3589201,8766700
4973,253,246,405371,5182,3589447,8835400
4974,280,248,405091,5214,3589695,8482100
4975,268,263,404823,5219,3589958,9178200
4976,267,245,404556,5241,3590203,8299500
4977,259,263,404297,5237,3590466,8816300
4978,274,259,404023,5252,3590725,8440000
4979,276,251,403747,5277,3590976,8568300
4980,291,257,403456,5311,3591233,8430100
4981,269,274,403187,5306,3591507,8235200
4982,257,254,402930,5309,3591761,8520700
4983,275,273,402655,5311,3592034,8294400
4984,265,276,402390,5300,3592310,8461700
4985,262,274,402128,5288,3592584,8439600
4986,230,278,401898,5240,3592862,8699000
4987,250,261,401648,5229,3593123,8356900
4988,275,242,401373,5262,3593365,8316400
4989,254,249,401119,5267,3593614,8125500
4990,277,246,400842,5298,3593860,8166700
4991,249,255,400593,5292,3594115,8531300
4992,270,279,400323,5283,3594394,7872300
4993,278,241,400045,5320,3594635,8282700
4994,274,257,399771,5337,3594892,8219500
4995,281,268,399490,5350,3595160,7995000
4996,281,261,399209,5370,3595421,7880900
4997,298,248,398911,5420,3595669,8103400
4998,247,259,398664,5408,3595928,7732100
4999,281,261,398383,5428,3596189,7740200
5000,273,276,398110,5425,3596465,8099500
5001,277,266,397833,5436,3596731,8024200
5002,264,265,397569,5435,3596996,8079100
5003,264,277,397305,5422,3597273,8016500
5004,304,280,397001,5446,3597553,8032100
5005,287,292,396714,5441,3597845,7880900
5006,291,279,396423,5453,3598124,7732100
5007,276,252,396147,5477,3598376,7759100
5008,266,248,395881,5495,3598624,8020000
5009,278,268,395603,5505,3598892,8064900
5010,294,287,395309,5512,3599179,8077800
5011,294,262,395015,5544,3599441,8002200
5012,290,256,394725,5578,3599697,7929700
5013,270,266,394455,5582,3599963,8013500
5014,283,304,394172,5561,3600267,8725200
5015,305,288,393867,5578,3600555,8158200
5016,294,275,393573,5597,3600830,8089500
5017,262,286,393311,5573,3601116,8386500
5018,261,278,393050,5556,3601394,8044700
5019,272,278,392778,5550,3601672,8170000
5020,284,265,392494,5569,3601937,8066600
5021,260,276,392234,5553,3602213,7966900
5022,266,282,391968,5537,3602495,8421700
5023,259,260,391709,5536,3602755,8099700
5024,220,277,391489,5479,3603032,8518000
5025,249,280,391240,5448,3603312,7950700
5026,253,285,390987,5416,3603597,8087700
5027,257,276,390730,5397,3603873,8308600
5028,265,294,390465,5368,3604167,8185700
5029,250,281,390215,5337,3604448,8171900
5030,240,271,389975,5306,3604719,7998600
5031,262,290,389713,5278,3605009,8027200
5032,249,271,389464,5256,3605280,8622200
5033,219,264,389245,5211,3605544,8331500
5034,249,276,388996,5184,3605820,8296600
5035,242,255,388754,5171,3606075,8375600
5036,258,263,388496,5166,3606338,8519400
5037,244,247,388252,5163,3606585,8812300
5038,255,216,387997,5202,3606801,8202600
5039,273,257,387724,5218,3607058,8418200
5040,274,257,387450,5235,3607315,8390700
5041,249,262,387201,5222,3607577,8421000
5042,210,281,386991,5151,3607858,8891600
5043,243,248,386748,5146,3608106,8152800
5044,238,230,386510,5154,3608336,8347400
5045,258,235,386252,5177,3608571,8104300
5046,275,262,385977,5190,3608833,8037000
5047,243,237,385734,5196,3609070,8221100
5048,224,267,385510,5153,3609337,8157600
5049,236,270,385274,5119,3609607,8133800
5050,259,248,385015,5130,3609855,7974600
5051,257,256,384758,5131,3610111,8040000
5052,257,285,384501,5103,3610396,8194800
5053,256,252,384245,5107,3610648,7953500
5054,236,268,384009,5075,3610916,8177300
5055,238,241,383771,5072,3611157,8480300
5056,232,246,383539,5058,3611403,8357200
5057,224,253,383315,5029,3611656,8036600
5058,212,266,383103,4975,3611922,8082900
5059,226,267,382877,4934,3612189,8049300
5060,214,249,382663,4899,3612438,7980100
5061,241,244,382422,4896,3612682,7975200
5062,235,249,382187,4882,3612931,8095000
5063,219,264,381968,4837,3613195,8032100
5064,223,213,381745,4847,3613408,8034100
5065,236,246,381509,4837,3613654,7886100
5066,244,240,381265,4841,3613894,7970200
5067,255,232,381010,4864,3614126,7776300
5068,232,230,380778,4866,3614356,8009000
5069,239,218,380539,4887,3614574,8054500
5070,260,224,380279,4923,3614798,8142200
5071,232,247,380047,4908,3615045,8259900
5072,225,263,379822,4870,3615308,8265000
5073,234,256,379588,4848,3615564,8100900
5074,210,253,379378,4805,3615817,7939000
5075,230,237,379148,4798,3616054,7834900
5076,222,214,378926,4806,3616268,8273600
5077,216,265,378710,4757,3616533,7976300
5078,245,226,378465,4776,3616759,8196900
5079,265,221,378200,4820,3616980,8240700
5080,268,247,377932,4841,3617227,8044500
5081,240,214,377692,4867,3617441,8119700
5082,235,272,377457,4830,3617713,7980400
5083,225,257,377232,4798,3617970,8051900
5084,251,227,376981,4822,3618197,8157600
5085,218,239,376763,4801,3618436,8057300
5086,244,232,376519,4813,3618668,8208800
5087,211,228,376308,4796,3618896,7925500
5088,272,227,376036,4841,3619123,7787300
5089,247,229,375789,4859,3619352,8737200
5090,238,229,375551,4868,3619581,7843200
5091,251,240,375300,4879,3619821,7786400
5092,230,240,375070,4869,3620061,7864000
5093,251,222,374819,4898,3620283,7724700
5094,265,243,374554,4920,3620526,7730700
5095,262,241,374292,4941,3620767,7800100
5096,245,261,374047,4925,3621028,7748300
5097,267,243,373780,4949,3621271,7934200
5098,241,264,373539,4926,3621535,7804600
5099,240,286,373299,4880,3621821,7903300
5100,259,233,373040,4906,3622054,7903400
5101,240,236,372800,4910,3622290,7919500
5102,259,252,372541,4917,3622542,8102500
5103,241,254,372300,4904,3622796,7808100
5104,271,232,372029,4943,3623028,7754000
5105,232,247,371797,4928,3623275,7833700
5106,260,253,371537,4935,3623528,8010000
5107,264,232,371273,4967,3623760,7999100
5108,247,237,371026,4977,3623997,7861000
5109,246,252,370780,4971,3624249,7995300
5110,257,234,370523,4994,3624483,7848800
5111,239,275,370284,4958,3624758,7856600
5112,231,251,370053,4938,3625009,7956700
5113,227,245,369826,4920,3625254,7845100
5114,232,250,369594,4902,3625504,7756600
5115,237,258,369357,4881,3625762,8038800
5116,232,237,369125,4876,3625999,7958700
5117,245,246,368880,4875,3626245,7992000
5118,276,254,368604,4897,3626499,7899100
5119,249,242,368355,4904,3626741,7767100
5120,244,232,368111,4916,3626973,7792000
5121,238,229,367873,4925,3627202,7806200
5122,245,223,367628,4947,3627425,7793800
5123,204,246,367424,4905,3627671,8024400
5124,242,232,367182,4915,3627903,8183100
5125,246,248,366936,4913,3628151,8047700
5126,236,237,366700,4912,3628388,8093500
5127,242,249,366458,4905,3628637,7962400
5128,223,256,366235,4872,3628893,8506500
5129,226,244,366009,4854,3629137,8209200
5130,223,247,365786,4830,3629384,8810600
5131,238,244,365548,4824,3629628,8330000
5132,239,256,365309,4807,3629884,8027700
5133,207,253,365102,4761,3630137,7924600
5134,239,254,364863,4746,3630391,8041800
5135,205,264,364658,4687,3630655,8251800
5136,216,252,364442,4651,3630907,8207900
5137,205,240,364237,4616,3631147,8001200
5138,200,245,364037,4571,3631392,7939400
5139,204,228,363833,4547,3631620,7872900
5140,186,221,363647,4512,3631841,8126200
5141,206,200,363441,4518,3632041,8170600
5142,183,237,363258,4464,3632278,8220000
5143,228,230,363030,4462,3632508,8157200
5144,211,212,362819,4461,3632720,8069500
5145,223,243,362596,4441,3632963,8089500
5146,202,239,362394,4404,3633202,8013000
5147,214,223,362180,4395,3633425,7843700
5148,223,226,361957,4392,3633651,7883700
5149,231,198,361726,4425,3633849,7837300
5150,218,219,361508,4424,3634068,7996100
5151,206,214,361302,4416,3634282,8127100
5152,202,255,361100,4363,3634537,7847200
5153,200,211,360900,4352,3634748,7914300
5154,215,235,360685,4332,3634983,7739000
5155,226,218,360459,4340,3635201,7704000
5156,236,224,360223,4352,3635425,7922100
5157,228,238,359995,4342,3635663,7739000
5158,193,197,359802,4338,3635860,7759100
5159,181,207,359621,4312,3636067,7893500
5160,230,218,359391,4324,3636285,7873400
5161,228,193,359163,4359,3636478,7823100
5162,224,217,358939,4366,3636695,7883600
5163,250,220,358689,4396,3636915,7795000
5164,236,214,358453,4418,3637129,7849300
5165,240,208,358213,4450,3637337,7859200
5166,229,223,357984,4456,3637560,7984400
5167,239,225,357745,4470,3637785,8271700
5168,247,210,357498,4507,3637995,8042200
5169,204,258,357294,4453,3638253,7808900
5170,228,217,357066,4464,3638470,7875400
5171,214,199,356852,4479,3638669,7801400
5172,209,196,356643,4492,3638865,7875600
5173,243,189,356400,4546,3639054,7961600
5174,252,248,356148,4550,3639302,7889100
5175,239,243,355909,4546,3639545,8166100
5176,208,227,355701,4527,3639772,8528600
5177,212,222,355489,4517,3639994,7986900
5178,247,230,355242,4534,3640224,8035200
5179,230,210,355012,4554,3640434,7991900
5180,234,245,354778,4543,3640679,7778600
5181,218,221,354560,4540,3640900,7876500
5182,232,222,354328,4550,3641122,7822800
5183,245,229,354083,4566,3641351,7777800
5184,227,243,353856,4550,3641594,7854700
5185,217,219,353639,4548,3641813,8057300
5186,218,220,353421,4546,3642033,8123500
5187,213,222,353208,4537,3642255,7913400
5188,224,220,352984,4541,3642475,7800300
5189,214,231,352770,4524,3642706,7786600
5190,232,213,352538,4543,3642919,7836200
5191,205,210,352333,4538,3643129,8006600
5192,253,224,352080,4567,3643353,8123800
5193,227,219,351853,4575,3643572,8429200
5194,222,254,351631,4543,3643826,8216800
5195,209,218,351422,4534,3644044,8388000
5196,191,228,351231,4497,3644272,8347300
5197,199,221,351032,4475,3644493,8176100
5198,218,236,350814,4457,3644729,8661200
5199,206,211,350608,4452,3644940,8457800
5200,211,240,350397,4423,3645180,8265800
5201,195,231,350202,4387,3645411,8248500
5202,215,225,349987,4377,3645636,8289700
5203,212,245,349775,4344,3645881,8127000
5204,197,208,349578,4333,3646089,8410500
5205,218,234,349360,4317,3646323,8442000
5206,200,244,349160,4273,3646567,8258100
5207,196,229,348964,4240,3646796,8109500
5208,222,238,348742,4224,3647034,8230300
5209,177,229,348565,4172,3647263,8395600
5210,203,213,348362,4162,3647476,8098100
5211,203,179,348159,4186,3647655,8145500
5212,206,200,347953,4192,3647855,7939400
5213,214,232,347739,4174,3648087,8267300
5214,190,190,347549,4174,3648277,7996100
5215,199,211,347350,4162,3648488,8160800
5216,224,197,347126,4189,3648685,8023400
5217,219,213,346907,4195,3648898,8049100
5218,230,219,346677,4206,3649117,7945900
5219,201,217,346476,4190,3649334,8332200
5220,222,241,346254,4171,3649575,7840800
5221,225,223,346029,4173,3649798,8220200
5222,215,189,345814,4199,3649987,7882100
5223,209,233,345605,4175,3650220,8125400
5224,207,209,345398,4173,3650429,7904000
5225,220,211,345178,4182,3650640,7838500
5226,205,211,344973,4176,3650851,7818400
5227,202,226,344771,4152,3651077,7703500
5228,202,191,344569,4163,3651268,7799600
5229,208,200,344361,4171,3651468,7827300
5230,234,203,344127,4202,3651671,7821600
5231,212,224,343915,4190,3651895,7843600
5232,187,226,343728,4151,3652121,7760900
5233,208,206,343520,4153,3652327,7941800
5234,216,201,343304,4168,3652528,8151000
5235,185,194,343119,4159,3652722,7840500
5236,205,178,342914,4186,3652900,7850900
5237,227,205,342687,4208,3653105,7797300
5238,199,211,342488,4196,3653316,7899900
5239,173,202,342315,4167,3653518,7729500
5240,211,232,342104,4146,3653750,7783800
5241,223,224,341881,4145,3653974,7788700
5242,189,262,341692,4072,3654236,7868600
5243,218,227,341474,4063,3654463,7900900
5244,197,216,341277,4044,3654679,7807100
5245,222,219,341055,4047,3654898,7931700
5246,207,186,340848,4068,3655084,7739100
5247,222,204,340626,4086,3655288,7951700
5248,188,215,340438,4059,3655503,7829700
5249,211,226,340227,4044,3655729,8111700
5250,228,180,339999,4092,3655909,7913100
5251,195,228,339804,4059,3656137,8000800
5252,216,194,339588,4081,3656331,7835300
5253,225,200,339363,4106,3656531,7862200
5254,194,191,339169,4109,3656722,7754300
5255,206,221,338963,4094,3656943,7829300
5256,192,201,338771,4085,3657144,7806600
5257,177,224,338594,4038,3657368,7800700
5258,205,196,338389,4047,3657564,7727900
5259,185,178,338204,4054,3657742,7980600
5260,214,197,337990,4071,3657939,7859200
5261,212,209,337778,4074,3658148,7904800
5262,223,190,337555,4107,3658338,7759000
5263,194,213,337361,4088,3658551,7734100
5264,222,205,337139,4105,3658756,7734100
5265,219,223,336920,4101,3658979,7802800
5266,214,206,336706,4109,3659185,7971900
5267,192,193,336514,4108,3659378,7871900
5268,220,231,336294,4097,3659609,7859500
5269,200,205,336094,4092,3659814,7767300
5270,213,202,335881,4103,3660016,7910100
5271,207,209,335674,4101,3660225,8006500
5272,201,192,335473,4110,3660417,8012900
5273,188,198,335285,4100,3660615,8130600
5274,181,221,335104,4060,3660836,7990900
5275,180,205,334924,4035,3661041,8009200
5276,204,227,334720,4012,3661268,7923800
5277,197,189,334523,4020,3661457,7958100
5278,188,193,334335,4015,3661650,8116300
5279,195,207,334140,4003,3661857,7830600
5280,202,218,333938,3987,3662075,7775400
5281,216,215,333722,3988,3662290,7795400
5282,223,188,333499,4023,3662478,7698800
5283,191,218,333308,3996,3662696,7774900
5284,181,206,333127,3971,3662902,7775000
5285,173,192,332954,3952,3663094,8045800
5286,188,188,332766,3952,3663282,7857300
5287,174,185,332592,3941,3663467,7884300
5288,192,176,332400,3957,3663643,7827500
5289,195,170,332205,3982,3663813,7880100
5290,215,199,331990,3998,3664012,7846900
5291,187,179,331803,4006,3664191,7848900
5292,199,215,331604,3990,3664406,7916700
5293,221,191,331383,4020,3664597,7966900
5294,221,188,331162,4053,3664785,8031000
5295,195,194,330967,4054,3664979,7960600
5296,201,221,330766,4034,3665200,8097000
5297,199,215,330567,4018,3665415,8144100
5298,207,200,330360,4025,3665615,7937700
5299,211,202,330149,4034,3665817,8644300
5300,224,178,329925,4080,3665995,8549700
5301,213,185,329712,4108,3666180,8208000
5302,214,207,329498,4115,3666387,8253700
5303,213,216,329285,4112,3666603,7912000
5304,205,179,329080,4138,3666782,7855000
5305,195,196,328885,4137,3666978,7770000
5306,203,205,328682,4135,3667183,7892800
5307,196,192,328486,4139,3667375,8063600
5308,226,211,328260,4154,3667586,8162800
5309,195,200,328065,4149,3667786,8052200
5310,189,205,327876,4133,3667991,7934900
5311,202,238,327674,4097,3668229,7866000
5312,188,192,327486,4093,3668421,8023500
5313,187,179,327299,4101,3668600,8034700
5314,211,199,327088,4113,3668799,7798900
5315,198,210,326890,4101,3669009,7949500
5316,191,216,326699,4076,3669225,8073900
5317,192,234,326507,4034,3669459,7824300
5318,169,217,326338,3986,3669676,8000500
5319,183,188,326155,3981,3669864,7824500
5320,189,207,325966,3963,3670071,7730700
5321,183,196,325783,3950,3670267,7712000
5322,172,186,325611,3936,3670453,7875800
5323,195,176,325416,3955,3670629,8088300
5324,167,185,325249,3937,3670814,7942700
5325,185,206,325064,3916,3671020,8149600
5326,206,196,324858,3926,3671216,8214600
5327,169,219,324689,3876,3671435,8068700
5328,197,198,324492,3875,3671633,7901500
5329,195,166,324297,3904,3671799,7890800
5330,203,180,324094,3927,3671979,7941900
5331,198,223,323896,3902,3672202,8277100
5332,186,202,323710,3886,3672404,8162100
5333,186,195,323524,3877,3672599,8193000
5334,173,174,323351,3876,3672773,8525800
5335,200,230,323151,3846,3673003,8486000
5336,169,195,322982,3820,3673198,7896600
5337,174,199,322808,3795,3673397,7869300
5338,177,189,322631,3783,3673586,7926600
5339,170,191,322461,3762,3673777,7921800
5340,186,181,322275,3767,3673958,7940700
5341,185,190,322090,3762,3674148,7895800
5342,183,194,321907,3751,3674342,7839900
5343,184,186,321723,3749,3674528,7907600
5344,189,168,321534,3770,3674696,7854800
5345,184,175,321350,3779,3674871,8249800
5346,195,196,321155,3778,3675067,7920800
5347,175,179,320980,3774,3675246,7787600
5348,188,187,320792,3775,3675433,7749600
5349,185,189,320607,3771,3675622,7909100
5350,179,225,320428,3725,3675847,8039200
5351,180,181,320248,3724,3676028,7945000
5352,180,176,320068,3728,3676204,8047900
5353,190,183,319878,3735,3676387,8005400
5354,194,199,319684,3730,3676586,7978400
5355,166,185,319518,3711,3676771,7987300
5356,179,179,319339,3711,3676950,7956800
5357,207,163,319132,3755,3677113,8045700
5358,212,181,318920,3786,3677294,7841500
5359,184,188,318736,3782,3677482,8427100
5360,194,187,318542,3789,3677669,7869000
5361,191,189,318351,3791,3677858,8220000
5362,191,200,318160,3782,3678058,8165900
5363,180,183,317980,3779,3678241,8034000
5364,189,207,317791,3761,3678448,7833900
5365,193,188,317598,3766,3678636,7899200
5366,201,204,317397,3763,3678840,7829100
5367,174,178,317223,3759,3679018,8171400
5368,182,190,317041,3751,3679208,8381100
5369,195,194,316846,3752,3679402,7944000
5370,179,189,316667,3742,3679591,8090900
5371,189,190,316478,3741,3679781,7984000
5372,187,227,316291,3701,3680008,8198700
5373,179,191,316112,3689,3680199,8113900
5374,173,183,315939,3679,3680382,8056400
5375,175,192,315764,3662,3680574,7951100
5376,202,177,315562,3687,3680751,8037100
5377,205,196,315357,3696,3680947,8052800
5378,189,187,315168,3698,3681134,8290600
5379,231,181,314937,3748,3681315,7870600
5380,202,184,314735,3766,3681499,7889600
5381,214,185,314521,3795,3681684,7848500
5382,196,205,314325,3786,3681889,7677000
5383,185,181,314140,3790,3682070,7976900
5384,202,172,313938,3820,3682242,7979000
5385,180,184,313758,3816,3682426,7951000
5386,190,166,313568,3840,3682592,7861900
5387,171,161,313397,3850,3682753,7931400
5388,208,172,313189,3886,3682925,7770300
5389,206,185,312983,3907,3683110,7722500
5390,197,185,312786,3919,3683295,7696700
5391,192,199,312594,3912,3683494,7815300
5392,177,203,312417,3886,3683697,7941400
5393,199,177,312218,3908,3683874,7960700
5394,196,204,312022,3900,3684078,7906800
5395,193,186,311829,3907,3684264,7811100
5396,201,189,311628,3919,3684453,7709700
5397,194,194,311434,3919,3684647,7817000
5398,179,205,311255,3893,3684852,7692200
5399,183,186,311072,3890,3685038,7706900
5400,171,186,310901,3875,3685224,7717600
5401,179,205,310722,3849,3685429,7712100
5402,189,184,310533,3854,3685613,7931200
5403,201,181,310332,3874,3685794,7904700
5404,198,215,310134,3857,3686009,7856700
5405,193,218,309941,3832,3686227,8000600
5406,168,180,309773,3820,3686407,8163500
5407,199,220,309574,3799,3686627,7819200
5408,196,177,309378,3818,3686804,7745800
5409,184,193,309194,3809,3686997,7935000
5410,198,183,308996,3824,3687180,7913700
5411,177,191,308819,3810,3687371,7885100
5412,186,202,308633,3794,3687573,7763000
5413,198,202,308435,3790,3687775,7756400
5414,192,182,308243,3800,3687957,7689200
5415,185,199,308058,3786,3688156,7886300
5416,178,159,307880,3805,3688315,7722100
5417,181,193,307699,3793,3688508,7788100
5418,196,183,307503,3806,3688691,7771900
5419,178,195,307325,3789,3688886,7866900
5420,174,205,307151,3758,3689091,7933400
5421,179,166,306972,3771,3689257,7938000
5422,184,212,306788,3743,3689469,7796300
5423,207,178,306581,3772,3689647,7945400
5424,225,194,306356,3803,3689841,7966400
5425,188,202,306168,3789,3690043,7937200
5426,194,194,305974,3789,3690237,7964300
5427,184,177,305790,3796,3690414,7898400
5428,198,199,305592,3795,3690613,7971900
5429,178,168,305414,3805,3690781,7797900
5430,207,202,305207,3810,3690983,7988200
5431,188,185,305019,3813,3691168,7797600
5432,200,198,304819,3815,3691366,7823000
5433,192,186,304627,3821,3691552,7939000
5434,169,194,304458,3796,3691746,7748400
5435,197,184,304261,3809,3691930,8058700
5436,190,209,304071,3790,3692139,8003500
5437,187,213,303884,3764,3692352,7790500
5438,182,191,303702,3755,3692543,7901700
5439,173,195,303529,3733,3692738,7962600
5440,189,194,303340,3728,3692932,7865900
5441,184,177,303156,3735,3693109,7803700
5442,177,179,302979,3733,3693288,7945200
5443,196,211,302783,3718,3693499,7797200
5444,175,189,302608,3704,3693688,8068400
5445,176,196,302432,3684,3693884,7945000
5446,179,195,302253,3668,3694079,7902600
5447,171,180,302082,3659,3694259,7955700
5448,166,202,301916,3623,3694461,8410600
5449,188,170,301728,3641,3694631,8311000
5450,177,195,301551,3623,3694826,8218900
5451,186,200,301365,3609,3695026,8481100
5452,169,199,301196,3579,3695225,8373500
5453,171,186,301025,3564,3695411,8035800
5454,178,202,300847,3540,3695613,7846300
5455,166,178,300681,3528,3695791,7891700
5456,177,149,300504,3556,3695940,8012200
5457,157,169,300347,3544,3696109,7884100
5458,169,164,300178,3549,3696273,8041900
5459,169,194,300009,3524,3696467,8601100
5460,191,165,299818,3550,3696632,8485800
5461,141,184,299677,3507,3696816,7981600
5462,176,175,299501,3508,3696991,7884900
5463,176,184,299325,3500,3697175,8004400
5464,173,159,299152,3514,3697334,7911300
5465,157,156,298995,3515,3697490,8260100
5466,177,189,298818,3503,3697679,8112500
5467,173,176,298645,3500,3697855,8568900
5468,165,194,298480,3471,3698049,8396300
5469,175,174,298305,3472,3698223,8091900
5470,173,166,298132,3479,3698389,8710300
5471,186,168,297946,3497,3698557,8338000
5472,148,170,297798,3475,3698727,8310700
5473,157,161,297641,3471,3698888,8188300
5474,163,177,297478,3457,3699065,8502100
5475,168,179,297310,3446,3699244,8292300
5476,185,179,297125,3452,3699423,8372700
5477,182,167,296943,3467,3699590,8294700
5478,179,172,296764,3474,3699762,8327300
5479,172,165,296592,3481,3699927,8110800
5480,163,146,296429,3498,3700073,8704200
5481,167,192,296262,3473,3700265,8654500
5482,177,189,296085,3461,3700454,8927400
5483,183,178,295902,3466,3700632,8529900
5484,155,175,295747,3446,3700807,8066200
5485,175,166,295572,3455,3700973,8328600
5486,166,165,295406,3456,3701138,8247300
5487,169,181,295237,3444,3701319,8176400
5488,190,162,295047,3472,3701481,8255500
5489,175,169,294872,3478,3701650,8169000
5490,197,160,294675,3515,3701810,8260900
5491,192,146,294483,3561,3701956,8149300
5492,169,188,294314,3542,3702144,8362500
5493,188,202,294126,3528,3702346,8784600
5494,195,169,293931,3554,3702515,8410000
5495,178,166,293753,3566,3702681,8353000
5496,149,203,293604,3512,3702884,8346800
5497,152,168,293452,3496,3703052,8351600
5498,178,184,293274,3490,3703236,8999100
5499,174,169,293100,3495,3703405,8297300
5500,176,202,292924,3469,3703607,8318700
5501,168,167,292756,3470,3703774,8476600
5502,185,172,292571,3483,3703946,8378400
5503,165,167,292406,3481,3704113,8671900
5504,183,177,292223,3487,3704290,8312600
5505,162,171,292061,3478,3704461,8405100
5506,197,147,291864,3528,3704608,8744200
5507,164,168,291700,3524,3704776,8921500
5508,179,176,291521,3527,3704952,8390500
5509,176,193,291345,3510,3705145,9121600
5510,170,162,291175,3518,3705307,8392100
5511,189,170,290986,3537,3705477,8344100
5512,171,149,290815,3559,3705626,8891000
5513,176,191,290639,3544,3705817,8304500
5514,175,174,290464,3545,3705991,9039000
5515,178,176,290286,3547,3706167,8385400
5516,171,167,290115,3551,3706334,8044300
5517,169,162,289946,3558,3706496,8120900
5518,165,159,289781,3564,3706655,7963000
5519,180,177,289601,3567,3706832,8108800
5520,175,173,289426,3569,3707005,8128300
5521,185,173,289241,3581,3707178,8922600
5522,161,169,289080,3573,3707347,8925300
5523,189,188,288891,3574,3707535,8782000
5524,164,196,288727,3542,3707731,8500100
5525,198,176,288529,3564,3707907,8560200
5526,169,207,288360,3526,3708114,8298700
5527,156,179,288204,3503,3708293,8319500
5528,179,179,288025,3503,3708472,8477100
5529,166,167,287859,3502,3708639,8458000
5530,164,170,287695,3496,3708809,8265300
5531,152,176,287543,3472,3708985,8933200
5532,169,166,287374,3475,3709151,9039400
5533,186,163,287188,3498,3709314,8745300
5534,187,191,287001,3494,3709505,8392700
5535,207,185,286794,3516,3709690,8726800
5536,182,171,286612,3527,3709861,8515100
5537,170,187,286442,3510,3710048,8474900
5538,193,163,286249,3540,3710211,8244600
5539,167,181,286082,3526,3710392,8221900
5540,176,167,285906,3535,3710559,8341000
5541,170,190,285736,3515,3710749,8221600
5542,171,152,285565,3534,3710901,8214600
5543,200,161,285365,3573,3711062,8435500
5544,174,184,285191,3563,3711246,8716300
5545,204,177,284987,3590,3711423,8156300
5546,165,200,284822,3555,3711623,8264600
5547,165,191,284657,3529,3711814,8202600
5548,204,157,284453,3576,3711971,8530000
5549,185,194,284268,3567,3712165,8274500
5550,186,196,284082,3557,3712361,8179000
5551,150,193,283932,3514,3712554,8479800
5552,160,167,283772,3507,3712721,8501800
5553,188,180,283584,3515,3712901,8172800
5554,177,178,283407,3514,3713079,8035600
5555,197,168,283210,3543,3713247,8180600
5556,187,182,283023,3548,3713429,8023000
5557,176,160,282847,3564,3713589,7851400
5558,186,176,282661,3574,3713765,7810800
5559,169,189,282492,3554,3713954,8221500
5560,191,163,282301,3582,3714117,7976700
5561,186,158,282115,3610,3714275,8314800
5562,202,180,281913,3632,3714455,8401700
5563,196,187,281717,3641,3714642,8242200
5564,190,165,281527,3666,3714807,8349600
5565,182,156,281345,3692,3714963,8752600
5566,181,193,281164,3680,3715156,8371600
5567,197,179,280967,3698,3715335,8773000
5568,189,162,280778,3725,3715497,8549600
5569,178,186,280600,3717,3715683,9033900
5570,203,189,280397,3731,3715872,9202200
5571,173,160,280224,3744,3716032,9705400
5572,187,179,280037,3752,3716211,8407200
5573,201,188,279836,3765,3716399,8330400
5574,189,193,279647,3761,3716592,8397100
5575,198,205,279449,3754,3716797,8185700
5576,173,175,279276,3752,3716972,8440300
5577,175,179,279101,3748,3717151,8817000
5578,204,186,278897,3766,3717337,8636700
5579,207,202,278690,3771,3717539,8918300
5580,181,188,278509,3764,3717727,8450300
5581,209,201,278300,3772,3717928,8399300
5582,164,194,278136,3742,3718122,8286500
5583,188,175,277948,3755,3718297,8496800
5584,185,204,277763,3736,3718501,8304900
5585,189,202,277574,3723,3718703,8308700
5586,190,195,277384,3718,3718898,8291100
5587,186,192,277198,3712,3719090,8341100
5588,176,187,277022,3701,3719277,8205600
5589,169,175,276853,3695,3719452,8419000
5590,176,170,276677,3701,3719622,8683300
5591,182,201,276495,3682,3719823,7920600
5592,164,168,276331,3678,3719991,7955100
5593,181,184,276150,3675,3720175,7742400
5594,196,182,275954,3689,3720357,7986900
5595,173,175,275781,3687,3720532,7859100
5596,158,201,275623,3644,3720733,7835600
5597,172,193,275451,3623,3720926,7713000
5598,168,187,275283,3604,3721113,7885900
5599,173,192,275110,3585,3721305,7687800
5600,158,174,274952,3569,3721479,7795600
5601,159,158,274793,3570,3721637,8122100
5602,169,179,274624,3560,3721816,8333800
5603,173,178,274451,3555,3721994,8334700
5604,158,187,274293,3526,3722181,8592000
5605,182,190,274111,3518,3722371,8442100
5606,159,199,273952,3478,3722570,8574700
5607,173,163,273779,3488,3722733,8617600
5608,173,192,273606,3469,3722925,8305500
5609,159,192,273447,3436,3723117,8239300
5610,158,190,273289,3404,3723307,8230700
5611,163,156,273126,3411,3723463,8343600
5612,164,180,272962,3395,3723643,8283800
5613,165,174,272797,3386,3723817,8307000
5614,173,179,272624,3380,3723996,8242400
5615,164,174,272460,3370,3724170,8598000
5616,161,177,272299,3354,3724347,8499600
5617,160,179,272139,3335,3724526,8268700
5618,172,158,271967,3349,3724684,8298400
5619,136,164,271831,3321,3724848,8551300
5620,163,166,271668,3318,3725014,8579200
5621,146,162,271522,3302,3725176,8213700
5622,162,158,271360,3306,3725334,8502400
5623,155,155,271205,3306,3725489,8449300
5624,161,169,271044,3298,3725658,8360200
5625,162,171,270882,3289,3725829,8214400
5626,164,153,270718,3300,3725982,8361800
5627,175,182,270543,3293,3726164,8225600
5628,151,188,270392,3256,3726352,8256100
5629,162,179,270230,3239,3726531,8169700
5630,155,145,270075,3249,3726676,7950100
5631,171,177,269904,3243,3726853,7958600
5632,151,168,269753,3226,3727021,7914000
5633,154,166,269599,3214,3727187,7747000
5634,154,163,269445,3205,3727350,7880300
5635,153,168,269292,3190,3727518,8225600
5636,164,151,269128,3203,3727669,8471400
5637,159,154,268969,3208,3727823,8368700
5638,152,150,268817,3210,3727973,8242100
5639,154,149,268663,3215,3728122,8253500
5640,156,143,268507,3228,3728265,8334700
5641,128,153,268379,3203,3728418,8183200
5642,138,154,268241,3187,3728572,8218200
5643,154,151,268087,3190,3728723,8265800
5644,173,152,267914,3211,3728875,8201300
5645,145,164,267769,3192,3729039,8284000
5646,171,167,267598,3196,3729206,8299800
5647,168,139,267430,3225,3729345,8258500
5648,167,179,267263,3213,3729524,8155200
5649,154,158,267109,3209,3729682,8382000
5650,161,160,266948,3210,3729842,8174400
5651,188,164,266760,3234,3730006,8301200
5652,163,166,266597,3231,3730172,8258600
5653,151,172,266446,3210,3730344,8257000
5654,157,148,266289,3219,3730492,8139300
5655,166,173,266123,3212,3730665,8489600
5656,164,148,265959,3228,3730813,8655800
5657,152,174,265807,3206,3730987,8870500
5658,147,152,265660,3201,3731139,9016700
5659,161,147,265499,3215,3731286,8868900
5660,149,151,265350,3213,3731437,8663600
5661,185,150,265165,3248,3731587,8685500
5662,168,144,264997,3272,3731731,8703600
5663,162,191,264835,3243,3731922,8389400
5664,196,156,264639,3283,3732078,8279500
5665,183,177,264456,3289,3732255,8232800
5666,174,174,264282,3289,3732429,7954500
5667,163,149,264119,3303,3732578,7954100
5668,162,163,263957,3302,3732741,8163300
5669,178,167,263779,3313,3732908,8381800
5670,166,167,263613,3312,3733075,8377500
5671,194,173,263419,3333,3733248,8565700
5672,187,164,263232,3356,3733412,8304200
5673,173,158,263059,3371,3733570,8433400
5674,173,178,262886,3366,3733748,8865900
5675,181,170,262705,3377,3733918,8586900
5676,175,181,262530,3371,3734099,8718600
5677,182,175,262348,3378,3734274,8478600
5678,178,191,262170,3365,3734465,8498300
5679,171,165,261999,3371,3734630,8537000
5680,172,139,261827,3404,3734769,8541800
5681,144,170,261683,3378,3734939,8353700
5682,165,162,261518,3381,3735101,8296200
5683,169,186,261349,3364,3735287,8416700
5684,176,157,261173,3383,3735444,8617800
5685,166,172,261007,3377,3735616,8469400
5686,180,148,260827,3409,3735764,8523000
5687,190,175,260637,3424,3735939,8624600
5688,208,206,260429,3426,3736145,9379600
5689,169,165,260260,3430,3736310,8867200
5690,188,186,260072,3432,3736496,8822500
5691,185,169,259887,3448,3736665,8334800
5692,178,190,259709,3436,3736855,8239200
5693,161,181,259548,3416,3737036,8150700
5694,174,164,259374,3426,3737200,8145900
5695,184,168,259190,3442,3737368,8037100
5696,166,142,259024,3466,3737510,8206000
5697,167,146,258857,3487,3737656,8410500
5698,169,178,258688,3478,3737834,8289800
5699,182,180,258506,3480,3738014,8534200
5700,165,186,258341,3459,3738200,8746100
5701,162,161,258179,3460,3738361,8553800
5702,182,137,257997,3505,3738498,9019400
5703,165,172,257832,3498,3738670,8457400
5704,166,193,257666,3471,3738863,8385400
5705,163,167,257503,3467,3739030,8474800
5706,143,177,257360,3433,3739207,8273100
5707,155,167,257205,3421,3739374,8261000
5708,167,153,257038,3435,3739527,8287200
5709,160,205,256878,3390,3739732,8322600
5710,146,147,256732,3389,3739879,8064400
5711,133,177,256599,3345,3740056,8125300
5712,133,153,256466,3325,3740209,7826600
5713,163,162,256303,3326,3740371,7876900
5714,155,180,256148,3301,3740551,7884200
5715,139,166,256009,3274,3740717,7800300
5716,162,173,255847,3263,3740890,7827400
5717,144,174,255703,3233,3741064,8295900
5718,139,182,255564,3190,3741246,7828500
5719,134,183,255430,3141,3741429,7819600
5720,161,169,255269,3133,3741598,7726900
5721,138,148,255131,3123,3741746,7671000
5722,150,172,254981,3101,3741918,7875700
5723,171,157,254810,3115,3742075,7812400
5724,135,146,254675,3104,3742221,7845000
5725,159,145,254516,3118,3742366,8315300
5726,158,146,254358,3130,3742512,8009800
5727,158,186,254200,3102,3742698,8033200
5728,157,181,254043,3078,3742879,7863300
5729,164,162,253879,3080,3743041,7972800
5730,130,142,253749,3068,3743183,7900200
5731,161,163,253588,3066,3743346,7905700
5732,131,145,253457,3052,3743491,7977000
5733,139,170,253318,3021,3743661,7824100
5734,157,138,253161,3040,3743799,8187500
5735,155,131,253006,3064,3743930,8310700
5736,139,150,252867,3053,3744080,7863300
5737,166,154,252701,3065,3744234,8099800
5738,145,156,252556,3054,3744390,7768100
5739,152,156,252404,3050,3744546,8046000
5740,162,160,252242,3052,3744706,7864000
5741,158,131,252084,3079,3744837,7750300
5742,140,181,251944,3038,3745018,7737600
5743,145,149,251799,3034,3745167,7954600
5744,149,174,251650,3009,3745341,7741600
5745,146,157,251504,2998,3745498,7721800
5746,137,159,251367,2976,3745657,7855700
5747,156,135,251211,2997,3745792,7991700
5748,173,153,251038,3017,3745945,7941500
5749,161,163,250877,3015,3746108,8211200
5750,155,153,250722,3017,3746261,7694300
5751,141,134,250581,3024,3746395,7721300
5752,159,173,250422,3010,3746568,7743600
5753,155,141,250267,3024,3746709,7675500
5754,161,156,250106,3029,3746865,7671000
5755,156,149,249950,3036,3747014,7751500
5756,149,131,249801,3054,3747145,7854700
5757,152,156,249649,3050,3747301,8067600
5758,160,132,249489,3078,3747433,7756200
5759,145,147,249344,3076,3747580,7867700
5760,173,151,249171,3098,3747731,7755200
5761,169,143,249002,3124,3747874,7693200
5762,176,180,248826,3120,3748054,7719700
5763,162,171,248664,3111,3748225,8301800
5764,181,167,248483,3125,3748392,7750300
5765,157,158,248326,3124,3748550,7872400
5766,151,164,248175,3111,3748714,7873300
5767,185,139,247990,3157,3748853,7761800
5768,190,174,247800,3173,3749027,7795200
5769,189,162,247611,3200,3749189,7710100
5770,175,170,247436,3205,3749359,7861700
5771,170,165,247266,3210,3749524,7809100
5772,160,156,247106,3214,3749680,7740900
5773,163,168,246943,3209,3749848,7712400
5774,157,162,246786,3204,3750010,7834200
5775,166,169,246620,3201,3750179,7703800
5776,147,144,246473,3204,3750323,7685100
5777,163,162,246310,3205,3750485,7746400
5778,150,151,246160,3204,3750636,7726600
5779,146,152,246014,3198,3750788,7821600
5780,191,151,245823,3238,3750939,7736300
5781,155,157,245668,3236,3751096,7778400
5782,167,162,245501,3241,3751258,7967900
5783,173,141,245328,3273,3751399,7889000
5784,174,198,245154,3249,3751597,7762500
5785,171,166,244983,3254,3751763,7793100
5786,131,149,244852,3236,3751912,8043300
5787,181,166,244671,3251,3752078,7886200
5788,148,154,244523,3245,3752232,7924200
5789,141,162,244382,3224,3752394,7861300
5790,154,179,244228,3199,3752573,7890100
5791,159,163,244069,3195,3752736,7973600
5792,171,159,243898,3207,3752895,7846200
5793,126,169,243772,3164,3753064,7800600
5794,162,151,243610,3175,3753215,7661900
5795,151,169,243459,3157,3753384,7765200
5796,141,169,243318,3129,3753553,7769600
5797,163,157,243155,3135,3753710,8222900
5798,160,175,242995,3120,3753885,8184300
5799,166,140,242829,3146,3754025,8484600
5800,179,141,242650,3184,3754166,8034600
5801,148,158,242502,3174,3754324,7826800
5802,142,122,242360,3194,3754446,8132900
5803,146,151,242214,3189,3754597,7730800
5804,161,156,242053,3194,3754753,7881400
5805,157,132,241896,3219,3754885,7808300
5806,158,145,241738,3232,3755030,7771700
5807,169,170,241569,3231,3755200,8045500
5808,148,159,241421,3220,3755359,8777100
5809,165,148,241256,3237,3755507,8411400
5810,177,160,241079,3254,3755667,8518900
5811,155,172,240924,3237,3755839,8630500
5812,158,180,240766,3215,3756019,8609400
5813,161,152,240605,3224,3756171,8862700
5814,173,138,240432,3259,3756309,8918300
5815,168,174,240264,3253,3756483,8642300
5816,172,166,240092,3259,3756649,8504400
5817,171,152,239921,3278,3756801,8282400
5818,169,148,239752,3299,3756949,8403400
5819,176,132,239576,3343,3757081,8814600
5820,192,160,239384,3375,3757241,8377000
5821,158,176,239226,3357,3757417,8327300
5822,164,136,239062,3385,3757553,8495100
5823,156,180,238906,3361,3757733,8882400
5824,161,163,238745,3359,3757896,9005000
5825,156,162,238589,3353,3758058,9232300
5826,170,147,238419,3376,3758205,9081900
5827,174,188,238245,3362,3758393,8690100
5828,152,165,238093,3349,3758558,8678500
5829,165,193,237928,3321,3758751,9036300
5830,144,171,237784,3294,3758922,8676000
5831,158,158,237626,3294,3759080,8581300
5832,151,154,237475,3291,3759234,8617400
5833,145,150,237330,3286,3759384,8502300
5834,138,173,237192,3251,3759557,8797600
5835,138,166,237054,3223,3759723,8645500
5836,158,161,236896,3220,3759884,8273000
5837,143,161,236753,3202,3760045,8376400
5838,146,162,236607,3186,3760207,8478300
5839,165,156,236442,3195,3760363,8392100
5840,142,145,236300,3192,3760508,8232800
5841,176,152,236124,3216,3760660,8076400
5842,167,162,235957,3221,3760822,8055000
5843,162,155,235795,3228,3760977,7921100
5844,163,150,235632,3241,3761127,8427500
5845,153,178,235479,3216,3761305,8138400
5846,171,147,235308,3240,3761452,8112000
5847,135,169,235173,3206,3761621,7871000
5848,159,142,235014,3223,3761763,7841000
5849,161,175,234853,3209,3761938,7928000
5850,160,168,234693,3201,3762106,7940400
5851,175,174,234518,3202,3762280,7831400
5852,158,148,234360,3212,3762428,7747000
5853,156,154,234204,3214,3762582,8009500
5854,159,148,234045,3225,3762730,8355700
5855,159,177,233886,3207,3762907,8272400
5856,145,161,233741,3191,3763068,8263000
5857,160,164,233581,3187,3763232,8087200
5858,155,163,233426,3179,3763395,8013000
5859,149,154,233277,3174,3763549,8167500
5860,159,165,233118,3168,3763714,8226200
5861,160,174,232958,3154,3763888,8762000
5862,134,153,232824,3135,3764041,8105800
5863,147,166,232677,3116,3764207,8146300
5864,151,180,232526,3087,3764387,8484100
5865,158,141,232368,3104,3764528,8240500
5866,175,135,232193,3144,3764663,7988300
5867,149,165,232044,3128,3764828,7748200
5868,156,140,231888,3144,3764968,8109000
5869,161,151,231727,3154,3765119,8531400
5870,132,163,231595,3123,3765282,8510000
5871,148,149,231447,3122,3765431,8098400
5872,148,169,231299,3101,3765600,8636300
5873,136,162,231163,3075,3765762,8731900
5874,135,172,231028,3038,3765934,7869600
5875,138,144,230890,3032,3766078,7986700
5876,165,145,230725,3052,3766223,8547400
5877,149,165,230576,3036,3766388,8076100
5878,134,147,230442,3023,3766535,7950400
5879,141,161,230301,3003,3766696,8008100
5880,150,135,230151,3018,3766831,7942500
5881,140,171,230011,2987,3767002,8016900
5882,149,163,229862,2973,3767165,8509600
5883,144,147,229718,2970,3767312,7951300
5884,156,147,229562,2979,3767459,7860400
5885,142,153,229420,2968,3767612,8119900
5886,127,152,229293,2943,3767764,7765800
5887,146,157,229147,2932,3767921,7919600
5888,141,138,229006,2935,3768059,8050300
5889,149,124,228857,2960,3768183,7867300
5890,143,165,228714,2938,3768348,7910300
5891,132,166,228582,2904,3768514,7859700
5892,153,170,228429,2887,3768684,7867400
5893,155,125,228274,2917,3768809,7918400
5894,150,144,228124,2923,3768953,7798300
5895,155,160,227969,2918,3769113,7849300
5896,150,162,227819,2906,3769275,8015300
5897,133,149,227686,2890,3769424,7964200
5898,126,161,227560,2855,3769585,7834000
5899,165,169,227395,2851,3769754,7801900
5900,156,153,227239,2854,3769907,7971200
5901,138,127,227101,2865,3770034,8151100
5902,126,117,226975,2874,3770151,8073500
5903,135,142,226840,2867,3770293,8170100
5904,157,159,226683,2865,3770452,8162100
5905,135,152,226548,2848,3770604,8194100
5906,146,135,226402,2859,3770739,8163300
5907,179,141,226223,2897,3770880,8122000
5908,140,145,226083,2892,3771025,8238500
5909,145,149,225938,2888,3771174,8131100
5910,138,137,225800,2889,3771311,8144700
5911,132,139,225668,2882,3771450,8191600
5912,142,131,225526,2893,3771581,8203900
5913,143,145,225383,2891,3771726,8502000
5914,164,153,225219,2902,3771879,8317000
5915,143,130,225076,2915,3772009,8237800
5916,168,163,224908,2920,3772172,8370400
5917,130,165,224778,2885,3772337,8208500
5918,147,158,224631,2874,3772495,8083500
5919,146,135,224485,2885,3772630,8235900
5920,142,142,224343,2885,3772772,8251000
5921,164,145,224179,2904,3772917,7963900
5922,141,127,224038,2918,3773044,8139200
5923,169,157,223869,2930,3773201,8031900
5924,131,151,223738,2910,3773352,7746000
5925,147,139,223591,2918,3773491,7694500
5926,178,158,223413,2938,3773649,7865500
5927,154,159,223259,2933,3773808,7676100
5928,168,181,223091,2920,3773989,7831300
5929,149,163,222942,2906,3774152,8136500
5930,160,137,222782,2929,3774289,7988600
5931,158,163,222624,2924,3774452,7732600
5932,151,149,222473,2926,3774601,7709900
5933,159,160,222314,2925,3774761,7989500
5934,139,148,222175,2916,3774909,8675200
5935,152,153,222023,2915,3775062,8353000
5936,137,144,221886,2908,3775206,8093200
5937,139,160,221747,2887,3775366,8448300
5938,161,171,221586,2877,3775537,8275800
5939,140,121,221446,2896,3775658,8097200
5940,145,151,221301,2890,3775809,8378800
5941,130,155,221171,2865,3775964,8117600
5942,132,132,221039,2865,3776096,8593000
5943,149,146,220890,2868,3776242,8190100
5944,152,140,220738,2880,3776382,8018400
5945,156,135,220582,2901,3776517,8040400
5946,158,140,220424,2919,3776657,7972300
5947,123,141,220301,2901,3776798,8418900
5948,150,150,220151,2901,3776948,8951400
5949,150,151,220001,2900,3777099,8443200
5950,167,125,219834,2942,3777224,8610300
5951,156,157,219678,2941,3777381,8234300
5952,151,158,219527,2934,3777539,8170400
5953,157,126,219370,2965,3777665,8179100
5954,161,162,219209,2964,3777827,8092500
5955,161,158,219048,2967,3777985,7855200
5956,157,144,218891,2980,3778129,7784000
5957,135,173,218756,2942,3778302,7680500
5958,155,155,218601,2942,3778457,8000100
5959,147,134,218454,2955,3778591,8072800
5960,161,138,218293,2978,3778729,7872500
5961,154,153,218139,2979,3778882,7880000
5962,158,144,217981,2993,3779026,7869600
5963,154,174,217827,2973,3779200,7823900
5964,159,140,217668,2992,3779340,7779700
5965,137,151,217531,2978,3779491,7759100
5966,144,149,217387,2973,3779640,7809800
5967,162,146,217225,2989,3779786,7970300
5968,150,148,217075,2991,3779934,7777000
5969,136,161,216939,2966,3780095,7781900
5970,159,166,216780,2959,3780261,8024600
5971,152,145,216628,2966,3780406,7852200
5972,142,170,216486,2938,3780576,8099800
5973,143,129,216343,2952,3780705,8044800
5974,129,153,216214,2928,3780858,8557000
5975,137,139,216077,2926,3780997,8010100
5976,139,152,215938,2913,3781149,7856300
5977,157,153,215781,2917,3781302,7810100
5978,151,142,215630,2926,3781444,8049400
5979,148,137,215482,2937,3781581,7978200
5980,194,162,215288,2969,3781743,8017000
5981,157,159,215131,2967,3781902,8042500
5982,170,141,214961,2996,3782043,7999500
5983,160,146,214801,3010,3782189,8221600
5984,164,155,214637,3019,3782344,8112000
5985,142,169,214495,2992,3782513,8058700
5986,141,148,214354,2985,3782661,8082200
5987,160,140,214194,3005,3782801,7973200
5988,150,147,214044,3008,3782948,8072800
5989,143,155,213901,2996,3783103,7920800
5990,150,159,213751,2987,3783262,7890600
5991,145,153,213606,2979,3783415,7911500
5992,166,157,213440,2988,3783572,7997800
5993,131,137,213309,2982,3783709,8036700
5994,149,138,213160,2993,3783847,8706700
5995,137,123,213023,3007,3783970,8125300
5996,150,150,212873,3007,3784120,7993300
5997,148,138,212725,3017,3784258,7808100
5998,152,158,212573,3011,3784416,7843300
5999,145,174,212428,2982,3784590,8090700
6000,155,142,212273,2995,3784732,7942400
6001,138,150,212135,2983,3784882,8052200
6002,157,138,211978,3002,3785020,7715200
6003,143,170,211835,2975,3785190,7775700
6004,148,133,211687,2990,3785323,7846800
6005,162,160,211525,2992,3785483,7862900
6006,139,162,211386,2969,3785645,7817300
6007,153,147,211233,2975,3785792,8121700
6008,139,157,211094,2957,3785949,7711700
6009,180,150,210914,2987,3786099,7692000
6010,158,146,210756,2999,3786245,7821200
6011,118,128,210638,2989,3786373,7840200
6012,122,173,210516,2938,3786546,7874500
6013,157,138,210359,2957,3786684,7751600
6014,147,148,210212,2956,3786832,7842100
6015,162,152,210050,2966,3786984,7860800
6016,142,135,209908,2973,3787119,7913600
6017,154,141,209754,2986,3787260,7926800
6018,148,141,209606,2993,3787401,7884500
6019,140,132,209466,3001,3787533,7861700
6020,149,144,209317,3006,3787677,7832400
6021,149,141,209168,3014,3787818,8010500
6022,157,157,209011,3014,3787975,7817400
6023,139,154,208872,2999,3788129,7827800
6024,130,151,208742,2978,3788280,7769200
6025,146,133,208596,2991,3788413,7686500
6026,139,140,208457,2990,3788553,7839700
6027,122,125,208335,2987,3788678,7849200
6028,141,149,208194,2979,3788827,7918300
6029,138,148,208056,2969,3788975,8052200
6030,129,151,207927,2947,3789126,7934800
6031,131,153,207796,2925,3789279,7868800
6032,144,152,207652,2917,3789431,7766700
6033,131,140,207521,2908,3789571,7808500
6034,133,119,207388,2922,3789690,7739800
6035,157,161,207231,2918,3789851,7765900
6036,134,150,207097,2902,3790001,7761400
6037,162,150,206935,2914,3790151,8043600
6038,149,137,206786,2926,3790288,8154700
6039,173,140,206613,2959,3790428,8009800
6040,138,145,206475,2952,3790573,7731600
6041,134,149,206341,2937,3790722,7698100
6042,123,147,206218,2913,3790869,7657100
6043,140,160,206078,2893,3791029,7890000
6044,148,149,205930,2892,3791178,7923600
6045,141,124,205789,2909,3791302,7997300
6046,159,151,205630,2917,3791453,7961200
6047,137,139,205493,2915,3791592,7840200
6048,142,126,205351,2931,3791718,7791000
6049,149,121,205202,2959,3791839,7808500
6050,147,128,205055,2978,3791967,7665100
6051,130,163,204925,2945,3792130,7802900
6052,156,168,204769,2933,3792298,7892000
6053,154,135,204615,2952,3792433,7786500
6054,147,156,204468,2943,3792589,7946400
6055,137,162,204331,2918,3792751,7867100
6056,132,143,204199,2907,3792894,7783300
6057,154,131,204045,2930,3793025,7728700
6058,128,155,203917,2903,3793180,7653200
6059,127,135,203790,2895,3793315,7726500
6060,139,162,203651,2872,3793477,7681400
6061,136,156,203515,2852,3793633,8094400
6062,141,143,203374,2850,3793776,8172300
6063,140,145,203234,2845,3793921,7941600
6064,139,142,203095,2842,3794063,7802400
6065,136,131,202959,2847,3794194,8027600
6066,136,128,202823,2855,3794322,8565500
6067,143,127,202680,2871,3794449,8047900
6068,152,132,202528,2891,3794581,8294600
6069,156,155,202372,2892,3794736,7918600
6070,150,135,202222,2907,3794871,8488700
6071,156,120,202066,2943,3794991,7905800
6072,150,148,201916,2945,3795139,8572700
6073,130,145,201786,2930,3795284,7910600
6074,153,149,201633,2934,3795433,7954900
6075,161,141,201472,2954,3795574,7949600
6076,177,138,201295,2993,3795712,8109900
6077,158,129,201137,3022,3795841,8059200
6078,157,166,200980,3013,3796007,8174100
6079,150,158,200830,3005,3796165,7785800
6080,153,130,200677,3028,3796295,7750200
6081,168,152,200509,3044,3796447,7817800
6082,147,159,200362,3032,3796606,7880300
6083,135,175,200227,2992,3796781,7834700
6084,140,169,200087,2963,3796950,7842900
6085,157,145,199930,2975,3797095,7844900
6086,151,142,199779,2984,3797237,8002100
6087,142,146,199637,2980,3797383,9503600
6088,170,150,199467,3000,3797533,9692800
6089,153,137,199314,3016,3797670,8123800
6090,148,136,199166,3028,3797806,7990600
6091,151,165,199015,3014,3797971,8013600
6092,142,142,198873,3014,3798113,7971100
6093,153,159,198720,3008,3798272,8046800
6094,153,143,198567,3018,3798415,7926300
6095,151,150,198416,3019,3798565,7947700
6096,162,164,198254,3017,3798729,7990300
6097,118,176,198136,2959,3798905,8178400
6098,137,138,197999,2958,3799043,7899000
6099,125,146,197874,2937,3799189,8016800
6100,141,160,197733,2918,3799349,7794100
6101,141,144,197592,2915,3799493,8736300
6102,134,144,197458,2905,3799637,7839100
6103,136,154,197322,2887,3799791,7816000
6104,149,151,197173,2885,3799942,7942000
6105,137,155,197036,2867,3800097,7776100
6106,129,134,196907,2862,3800231,7736700
6107,135,140,196772,2857,3800371,7766900
6108,133,151,196639,2839,3800522,7799200
6109,138,140,196501,2837,3800662,7766300
6110,145,153,196356,2829,3800815,7749100
6111,133,127,196223,2835,3800942,7778400
6112,141,159,196082,2817,3801101,7930400
6113,154,130,195928,2841,3801231,7857200
6114,122,146,195806,2817,3801377,7898900
6115,140,130,195666,2827,3801507,7863600
6116,154,139,195512,2842,3801646,7722100
6117,123,138,195389,2827,3801784,7648400
6118,149,127,195240,2849,3801911,7696100
6119,150,144,195090,2855,3802055,7743800
6120,129,160,194961,2824,3802215,7718300
6121,132,174,194829,2782,3802389,7894500
6122,130,150,194699,2762,3802539,7786500
6123,146,134,194553,2774,3802673,7865900
6124,141,136,194412,2779,3802809,8002000
6125,151,108,194261,2822,3802917,7885600
6126,132,131,194129,2823,3803048,7684000
6127,140,134,193989,2829,3803182,7704200
6128,147,150,193842,2826,3803332,7664000
6129,155,167,193687,2814,3803499,7846800
6130,149,143,193538,2820,3803642,8006300
6131,140,136,193398,2824,3803778,8074500
6132,142,139,193256,2827,3803917,7911300
6133,146,121,193110,2852,3804038,8197300
6134,139,156,192971,2835,3804194,7879700
6135,125,128,192846,2832,3804322,7899000
6136,141,145,192705,2828,3804467,7975300
6137,126,142,192579,2812,3804609,8220200
6138,130,142,192449,2800,3804751,8097400
6139,134,137,192315,2797,3804888,7915300
6140,132,160,192183,2769,3805048,7979800
6141,130,138,192053,2761,3805186,7894600
6142,143,109,191910,2795,3805295,8035500
6143,155,156,191755,2794,3805451,7918300
6144,117,150,191638,2761,3805601,7988200
6145,142,141,191496,2762,3805742,7902500
6146,129,129,191367,2762,3805871,8091700
6147,120,144,191247,2738,3806015,7999300
6148,135,130,191112,2743,3806145,7918500
6149,131,127,190981,2747,3806272,8030900
6150,129,145,190852,2731,3806417,8087300
6151,131,142,190721,2720,3806559,7863100
6152,136,135,190585,2721,3806694,7831700
6153,130,146,190455,2705,3806840,7965900
6154,112,135,190343,2682,3806975,8095300
6155,137,140,190206,2679,3807115,7959400
6156,134,124,190072,2689,3807239,7915200
6157,135,115,189937,2709,3807354,7822600
6158,131,149,189806,2691,3807503,8164700
6159,133,132,189673,2692,3807635,7885500
6160,148,123,189525,2717,3807758,7788400
6161,116,133,189409,2700,3807891,8006800
6162,127,145,189282,2682,3808036,7795900
6163,130,116,189152,2696,3808152,7932300
6164,131,134,189021,2693,3808286,7746600
6165,129,129,188892,2693,3808415,7755300
6166,141,120,188751,2714,3808535,7761300
6167,150,143,188601,2721,3808678,8183100
6168,151,125,188450,2747,3808803,7760800
6169,149,132,188301,2764,3808935,7749600
6170,133,120,188168,2777,3809055,7752400
6171,148,148,188020,2777,3809203,7863800
6172,132,154,187888,2755,3809357,8093500
6173,139,141,187749,2753,3809498,7732200
6174,121,123,187628,2751,3809621,7873300
6175,126,129,187502,2748,3809750,8089400
6176,130,149,187372,2729,3809899,8253100
6177,141,123,187231,2747,3810022,7928200
6178,127,140,187104,2734,3810162,7838300
6179,153,131,186951,2756,3810293,7922300
6180,119,140,186832,2735,3810433,8028400
6181,133,153,186699,2715,3810586,7647700
6182,119,142,186580,2692,3810728,7702700
6183,135,131,186445,2696,3810859,7660900
6184,122,124,186323,2694,3810983,7646000
6185,142,111,186181,2725,3811094,7646300
6186,138,139,186043,2724,3811233,7660100
6187,121,142,185922,2703,3811375,7714900
6188,128,123,185794,2708,3811498,8252200
6189,164,125,185630,2747,3811623,8008400
6190,132,141,185498,2738,3811764,8057800
6191,142,157,185356,2723,3811921,8194900
6192,120,138,185236,2705,3812059,8381600
6193,129,134,185107,2700,3812193,8380700
6194,129,137,184978,2692,3812330,8042900
6195,125,154,184853,2663,3812484,8039800
6196,123,139,184730,2647,3812623,7973500
6197,148,132,184582,2663,3812755,7937300
6198,145,121,184437,2687,3812876,7903500
6199,139,141,184298,2685,3813017,7872100
6200,140,123,184158,2702,3813140,7883500
6201,151,128,184007,2725,3813268,7988600
6202,128,130,183879,2723,3813398,7982900
6203,153,124,183726,2752,3813522,7927200
6204,140,126,183586,2766,3813648,8104900
6205,129,128,183457,2767,3813776,7795500
6206,144,140,183313,2771,3813916,7823000
6207,136,149,183177,2758,3814065,7657700
6208,146,145,183031,2759,3814210,7699000
6209,132,129,182899,2762,3814339,7678800
6210,160,137,182739,2785,3814476,7717700
6211,159,139,182580,2805,3814615,7747400
6212,147,139,182433,2813,3814754,7943200
6213,135,144,182298,2804,3814898,8187800
6214,145,163,182153,2786,3815061,8037000
6215,128,129,182025,2785,3815190,7750500
6216,138,140,181887,2783,3815330,7709900
6217,128,149,181759,2762,3815479,7941600
6218,126,120,181633,2768,3815599,7821700
6219,132,105,181501,2795,3815704,8178600
6220,126,150,181375,2771,3815854,7780100
6221,127,153,181248,2745,3816007,7834000
6222,119,145,181129,2719,3816152,7868100
6223,121,135,181008,2705,3816287,8513000
6224,115,137,180893,2683,3816424,8019800
6225,115,139,180778,2659,3816563,8102100
6226,145,114,180633,2690,3816677,7958600
6227,127,145,180506,2672,3816822,7903200
6228,125,116,180381,2681,3816938,7821800
6229,121,115,180260,2687,3817053,8089300
6230,152,132,180108,2707,3817185,7935600
6231,145,152,179963,2700,3817337,8087600
6232,129,143,179834,2686,3817480,7749300
6233,153,135,179681,2704,3817615,7720500
6234,151,131,179530,2724,3817746,7780900
6235,131,129,179399,2726,3817875,7912900
6236,118,149,179281,2695,3818024,7990100
6237,157,113,179124,2739,3818137,7807200
6238,143,158,178981,2724,3818295,8036100
6239,150,131,178831,2743,3818426,7787200
6240,118,142,178713,2719,3818568,7685200
6241,124,137,178589,2706,3818705,7806800
6242,116,144,178473,2678,3818849,7699200
6243,119,129,178354,2668,3818978,7747500
6244,116,129,178238,2655,3819107,7833800
6245,118,129,178120,2644,3819236,7670600
6246,131,126,177989,2649,3819362,7699400
6247,130,142,177859,2637,3819504,7847700
6248,128,119,177731,2646,3819623,8026200
6249,124,137,177607,2633,3819760,8070800
6250,136,135,177471,2634,3819895,7955900
6251,123,144,177348,2613,3820039,8829400
6252,135,128,177213,2620,3820167,7988500
6253,132,123,177081,2629,3820290,7889900
6254,126,150,176955,2605,3820440,7805900
6255,124,124,176831,2605,3820564,8101400
6256,108,130,176723,2583,3820694,7841100
6257,118,134,176605,2567,3820828,8175200
6258,124,137,176481,2554,3820965,8354600
6259,142,116,176339,2580,3821081,7664700
6260,132,120,176207,2592,3821201,7690900
6261,120,128,176087,2584,3821329,7961300
6262,139,115,175948,2608,3821444,7838100
6263,126,123,175822,2611,3821567,8502100
6264,130,137,175692,2604,3821704,7872200
6265,135,132,175557,2607,3821836,7770100
6266,130,141,175427,2596,3821977,7817200
6267,138,138,175289,2596,3822115,7834100
6268,135,116,175154,2615,3822231,7684800
6269,121,127,175033,2609,3822358,7704900
6270,137,156,174896,2590,3822514,7889300
6271,137,143,174759,2584,3822657,7871700
6272,148,148,174611,2584,3822805,7803200
6273,134,105,174477,2613,3822910,7853400
6274,162,137,174315,2638,3823047,7771800
6275,108,138,174207,2608,3823185,8302000
6276,144,113,174063,2639,3823298,7788400
6277,117,128,173946,2628,3823426,7676100
6278,124,151,173822,2601,3823577,7742900
6279,119,148,173703,2572,3823725,7732800
6280,135,112,173568,2595,3823837,7852900
6281,131,134,173437,2592,3823971,7839300
6282,138,129,173299,2601,3824100,7716900
6283,134,125,173165,2610,3824225,7711600
6284,129,121,173036,2618,3824346,7832900
6285,121,156,172915,2583,3824502,7767400
6286,118,136,172797,2565,3824638,7754600
6287,145,143,172652,2567,3824781,7762300
6288,142,118,172510,2591,3824899,7883600
6289,110,126,172400,2575,3825025,8119200
6290,142,123,172258,2594,3825148,7971300
6291,122,131,172136,2585,3825279,8119200
6292,115,154,172021,2546,3825433,7834400
6293,129,131,171892,2544,3825564,7874000
6294,121,117,171771,2548,3825681,7802200
6295,128,121,171643,2555,3825802,7858900
6296,121,115,171522,2561,3825917,7907900
6297,113,132,171409,2542,3826049,8561600
6298,140,116,171269,2566,3826165,8026600
6299,126,126,171143,2566,3826291,7964300
6300,118,137,171025,2547,3826428,7891200
6301,143,122,170882,2568,3826550,7901400
6302,127,150,170755,2545,3826700,7801700
6303,121,119,170634,2547,3826819,8037200
6304,126,127,170508,2546,3826946,8075400
6305,102,140,170406,2508,3827086,8014100
6306,152,131,170254,2529,3827217,8025900
6307,112,109,170142,2532,3827326,8084000
6308,126,125,170016,2533,3827451,8058300
6309,133,116,169883,2550,3827567,8028400
6310,130,129,169753,2551,3827696,7958800
6311,142,111,169611,2582,3827807,7848300
6312,108,128,169503,2562,3827935,8217400
6313,139,134,169364,2567,3828069,7803900
6314,126,127,169238,2566,3828196,8467900
6315,129,125,169109,2570,3828321,8411200
6316,124,127,168985,2567,3828448,8608100
6317,126,136,168859,2557,3828584,8510500
6318,121,116,168738,2562,3828700,9035800
6319,128,105,168610,2585,3828805,8293400
6320,128,132,168482,2581,3828937,8018900
6321,130,149,168352,2562,3829086,8700500
6322,152,125,168200,2589,3829211,7986800
6323,135,138,168065,2586,3829349,7936400
6324,143,122,167922,2607,3829471,7874000
6325,120,125,167802,2602,3829596,8316700
6326,141,121,167661,2622,3829717,7913100
6327,143,129,167518,2636,3829846,7762800
6328,132,107,167386,2661,3829953,8089000
6329,137,145,167249,2653,3830098,8201900
6330,163,138,167086,2678,3830236,8003200
6331,121,121,166965,2678,3830357,8125100
6332,138,146,166827,2670,3830503,7926600
6333,152,166,166675,2656,3830669,7680500
6334,134,115,166541,2675,3830784,7721000
6335,141,122,166400,2694,3830906,7690800
6336,147,136,166253,2705,3831042,7656100
6337,137,142,166116,2700,3831184,7663500
6338,119,129,165997,2690,3831313,7724300
6339,116,145,165881,2661,3831458,7773600
6340,127,135,165754,2653,3831593,7696900
6341,136,129,165618,2660,3831722,8082900
6342,124,118,165494,2666,3831840,7706800
6343,123,139,165371,2650,3831979,7881400
6344,115,135,165256,2630,3832114,7805300
6345,121,160,165135,2591,3832274,8098800
6346,124,115,165011,2600,3832389,7865000
6347,106,126,164905,2580,3832515,7828700
6348,122,134,164783,2568,3832649,7801400
6349,96,145,164687,2519,3832794,7728900
6350,111,113,164576,2517,3832907,7726200
6351,126,131,164450,2512,3833038,7717200
6352,113,130,164337,2495,3833168,7765700
6353,114,132,164223,2477,3833300,7764100
6354,114,112,164109,2479,3833412,7782500
6355,117,115,163992,2481,3833527,7818600
6356,109,120,163883,2470,3833647,7938100
6357,126,152,163757,2444,3833799,7824600
6358,110,105,163647,2449,3833904,7770700
6359,111,108,163536,2452,3834012,7978100
6360,112,124,163424,2440,3834136,7837700
6361,122,114,163302,2448,3834250,7749200
6362,129,116,163173,2461,3834366,7860300
6363,103,98,163070,2466,3834464,8024400
6364,119,131,162951,2454,3834595,8205400
6365,122,123,162829,2453,3834718,8213700
6366,134,103,162695,2484,3834821,7893200
6367,115,133,162580,2466,3834954,7899900
6368,127,125,162453,2468,3835079,7769400
6369,130,130,162323,2468,3835209,7763700
6370,114,120,162209,2462,3835329,7784400
6371,130,120,162079,2472,3835449,7846600
6372,123,139,161956,2456,3835588,7767400
6373,127,130,161829,2453,3835718,8004600
6374,121,126,161708,2448,3835844,7875600
6375,106,128,161602,2426,3835972,7812000
6376,116,130,161486,2412,3836102,7808300
6377,127,130,161359,2409,3836232,7804800
6378,132,110,161227,2431,3836342,7736700
6379,104,117,161123,2418,3836459,7795200
6380,116,129,161007,2405,3836588,7871900
6381,128,111,160879,2422,3836699,7939100
6382,114,124,160765,2412,3836823,7893700
6383,117,114,160648,2415,3836937,8175000
6384,122,122,160526,2415,3837059,8102700
6385,124,111,160402,2428,3837170,7818600
6386,124,136,160278,2416,3837306,7779500
6387,112,118,160166,2410,3837424,7775000
6388,102,119,160064,2393,3837543,7850200
6389,120,125,159944,2388,3837668,7801200
6390,110,104,159834,2394,3837772,7811800
6391,121,127,159713,2388,3837899,7915500
6392,105,120,159608,2373,3838019,7782100
6393,105,123,159503,2355,3838142,7821300
6394,126,93,159377,2388,3838235,7671600
6395,126,114,159251,2400,3838349,7801100
6396,87,107,159164,2380,3838456,7814000
6397,115,106,159049,2389,3838562,7937700
6398,104,125,158945,2368,3838687,8024900
6399,103,110,158842,2361,3838797,8031100
6400,98,119,158744,2340,3838916,7896800
6401,108,118,158636,2330,3839034,7948200
6402,118,102,158518,2346,3839136,8017200
6403,103,101,158415,2348,3839237,7936700
6404,102,120,158313,2330,3839357,7714100
6405,128,123,158185,2335,3839480,7948900
6406,115,102,158070,2348,3839582,7939800
6407,114,113,157956,2349,3839695,8087200
6408,114,121,157842,2342,3839816,7846800
6409,118,131,157724,2329,3839947,7713400
6410,136,129,157588,2336,3840076,7871600
6411,136,110,157452,2362,3840186,7640800
6412,134,133,157318,2363,3840319,7976900
6413,135,116,157183,2382,3840435,7725600
6414,108,129,157075,2361,3840564,7850600
6415,118,132,156957,2347,3840696,8021800
6416,119,119,156838,2347,3840815,7991700
6417,136,127,156702,2356,3840942,7894200
6418,116,125,156586,2347,3841067,7979400
6419,117,125,156469,2339,3841192,7765800
6420,113,113,156356,2339,3841305,7692700
6421,119,118,156237,2340,3841423,7749700
6422,116,122,156121,2334,3841545,7821600
6423,111,124,156010,2321,3841669,8135600
6424,113,114,155897,2320,3841783,8041200
6425,130,116,155767,2334,3841899,7768200
6426,130,120,155637,2344,3842019,8152500
6427,126,114,155511,2356,3842133,7777200
6428,118,126,155393,2348,3842259,7722100
6429,118,92,155275,2374,3842351,7794900
6430,124,112,155151,2386,3842463,7786400
6431,117,134,155034,2369,3842597,8310200
6432,141,131,154893,2379,3842728,8134800
6433,107,111,154786,2375,3842839,7860500
6434,140,111,154646,2404,3842950,7720500
6435,138,115,154508,2427,3843065,7734700
6436,139,115,154369,2451,3843180,7878900
6437,122,113,154247,2460,3843293,7802900
6438,130,122,154117,2468,3843415,8089200
6439,119,136,153998,2451,3843551,7952200
6440,122,125,153876,2448,3843676,8751300
6441,134,121,153742,2461,3843797,8151600
6442,111,116,153631,2456,3843913,7995600
6443,117,112,153514,2461,3844025,8265500
6444,121,128,153393,2454,3844153,8402800
6445,132,123,153261,2463,3844276,7955300
6446,119,114,153142,2468,3844390,8142900
6447,104,128,153038,2444,3844518,8055200
6448,115,126,152923,2433,3844644,8148900
6449,111,129,152812,2415,3844773,8151300
6450,103,128,152709,2390,3844901,8104100
6451,115,114,152594,2391,3845015,8356300
6452,116,121,152478,2386,3845136,7947800
6453,125,130,152353,2381,3845266,8371300
6454,109,102,152244,2388,3845368,7806900
6455,126,116,152118,2398,3845484,7967300
6456,119,119,151999,2398,3845603,8060600
6457,135,109,151864,2424,3845712,8467900
6458,126,129,151738,2421,3845841,8069500
6459,109,132,151629,2398,3845973,8057400
6460,110,112,151519,2396,3846085,7969700
6461,129,114,151390,2411,3846199,7831000
6462,146,141,151244,2416,3846340,7884200
6463,114,133,151130,2397,3846473,8005000
6464,117,135,151013,2379,3846608,7962200
6465,111,116,150902,2374,3846724,8013200
6466,125,111,150777,2388,3846835,7869100
6467,112,110,150665,2390,3846945,7916900
6468,112,122,150553,2380,3847067,7915600
6469,118,116,150435,2382,3847183,7857700
6470,125,128,150310,2379,3847311,7857200
6471,114,119,150196,2374,3847430,7841700
6472,106,114,150090,2366,3847544,7977900
6473,99,130,149991,2335,3847674,8389100
6474,122,105,149869,2352,3847779,8151300
6475,109,122,149760,2339,3847901,8170100
6476,110,128,149650,2321,3848029,7972000
6477,115,110,149535,2326,3848139,7810700
6478,110,125,149425,2311,3848264,8096700
6479,112,103,149313,2320,3848367,7815500
6480,128,113,149185,2335,3848480,7752100
6481,97,127,149088,2305,3848607,7775300
6482,109,104,148979,2310,3848711,8021900
6483,110,126,148869,2294,3848837,7765700
6484,137,96,148732,2335,3848933,7739900
6485,99,119,148633,2315,3849052,7865800
6486,105,113,148528,2307,3849165,8090000
6487,124,108,148404,2323,3849273,7775400
6488,109,117,148295,2315,3849390,8134100
6489,113,116,148182,2312,3849506,8163100
6490,110,111,148072,2311,3849617,8434100
6491,114,109,147958,2316,3849726,7849300
6492,107,106,147851,2317,3849832,7988300
6493,109,114,147742,2312,3849946,7876000
6494,104,111,147638,2305,3850057,8031700
6495,117,116,147521,2306,3850173,7770900
6496,116,112,147405,2310,3850285,7736800
6497,118,115,147287,2313,3850400,7786300
6498,113,117,147174,2309,3850517,7796900
6499,122,110,147052,2321,3850627,7762800
6500,111,126,146941,2306,3850753,7685200
6501,111,122,146830,2295,3850875,7758400
6502,119,120,146711,2294,3850995,7647500
6503,117,105,146594,2306,3851100,7731300
6504,99,122,146495,2283,3851222,8114600
6505,113,112,146382,2284,3851334,7730400
6506,107,111,146275,2280,3851445,7728100
6507,114,101,146161,2293,3851546,7892700
6508,108,109,146053,2292,3851655,8122200
6509,100,110,145953,2282,3851765,7823000
6510,108,112,145845,2278,3851877,7747700
6511,139,99,145706,2318,3851976,7748000
6512,126,126,145580,2318,3852102,7860100
6513,117,115,145463,2320,3852217,7644900
6514,111,125,145352,2306,3852342,7719800
6515,119,113,145233,2312,3852455,7777100
6516,116,87,145117,2341,3852542,7781400
6517,104,108,145013,2337,3852650,7843200
6518,100,126,144913,2311,3852776,8235800
6519,104,117,144809,2298,3852893,7687500
6520,116,107,144693,2307,3853000,8112400
6521,110,116,144583,2301,3853116,7766200
6522,112,116,144471,2297,3853232,8295600
6523,109,124,144362,2282,3853356,7881300
6524,111,88,144251,2305,3853444,8053400
6525,127,122,144124,2310,3853566,7865800
6526,120,124,144004,2306,3853690,7891500
6527,104,118,143900,2292,3853808,7792500
6528,125,125,143775,2292,3853933,7758300
6529,106,113,143669,2285,3854046,7755900
6530,130,121,143539,2294,3854167,7975700
6531,134,121,143405,2307,3854288,7807000
6532,118,113,143287,2312,3854401,7960900
6533,119,117,143168,2314,3854518,7807600
6534,118,111,143050,2321,3854629,7937600
6535,116,127,142934,2310,3854756,7881200
6536,112,119,142822,2303,3854875,7723800
6537,106,111,142716,2298,3854986,7799500
6538,120,105,142596,2313,3855091,7769700
6539,136,141,142460,2308,3855232,7878900
6540,105,107,142355,2306,3855339,7885100
6541,108,120,142247,2294,3855459,7924400
6542,111,119,142136,2286,3855578,7874300
6543,113,120,142023,2279,3855698,7782700
6544,109,105,141914,2283,3855803,7789000
6545,100,124,141814,2259,3855927,7710100
6546,118,101,141696,2276,3856028,7927200
6547,129,122,141567,2283,3856150,7754800
6548,108,122,141459,2269,3856272,7939700
6549,113,117,141346,2265,3856389,7848100
6550,111,129,141235,2247,3856518,8220500
6551,120,99,141115,2268,3856617,7797000
6552,108,109,141007,2267,3856726,7636300
6553,117,94,140890,2290,3856820,8081200
6554,116,105,140774,2301,3856925,7757100
6555,109,131,140665,2279,3857056,7708900
6556,126,114,140539,2291,3857170,8055000
6557,109,152,140430,2248,3857322,7856000
6558,105,118,140325,2235,3857440,8032200
6559,114,124,140211,2225,3857564,7672000
6560,108,92,140103,2241,3857656,7664600
6561,117,112,139986,2246,3857768,7646100
6562,117,123,139869,2240,3857891,7672400
6563,105,114,139764,2231,3858005,8363700
6564,104,120,139660,2215,3858125,7841900
6565,113,117,139547,2211,3858242,7767400
6566,107,106,139440,2212,3858348,8279700
6567,92,90,139348,2214,3858438,8213500
6568,109,112,139239,2211,3858550,7978800
6569,130,107,139109,2234,3858657,8265100
6570,113,138,138996,2209,3858795,8404900
6571,110,103,138886,2216,3858898,8269100
6572,115,118,138771,2213,3859016,8047500
6573,100,103,138671,2210,3859119,7955700
6574,89,114,138582,2185,3859233,8026100
6575,110,119,138472,2176,3859352,7927800
6576,119,120,138353,2175,3859472,7851000
6577,116,100,138237,2191,3859572,8191700
6578,108,113,138129,2186,3859685,7884300
6579,106,129,138023,2163,3859814,7930300
6580,117,112,137906,2168,3859926,7704900
6581,126,107,137780,2187,3860033,8091100
6582,98,115,137682,2170,3860148,8520500
6583,119,114,137563,2175,3860262,8681700
6584,105,103,137458,2177,3860365,8206800
6585,110,94,137348,2193,3860459,7717700
6586,108,116,137240,2185,3860575,7680800
6587,120,118,137120,2187,3860693,7609100
6588,138,96,136982,2229,3860789,7770000
6589,115,124,136867,2220,3860913,7682200
6590,97,121,136770,2196,3861034,7711600
6591,95,108,136675,2183,3861142,8235900
6592,122,109,136553,2196,3861251,7821500
6593,110,105,136443,2201,3861356,7694400
6594,114,122,136329,2193,3861478,7669200
6595,119,125,136210,2187,3861603,7664200
6596,92,114,136118,2165,3861717,7666400
6597,103,113,136015,2155,3861830,7696700
6598,93,110,135922,2138,3861940,7747900
6599,98,116,135824,2120,3862056,7806800
6600,95,98,135729,2117,3862154,7935300
6601,95,112,135634,2100,3862266,7716200
6602,111,117,135523,2094,3862383,7720400
6603,102,103,135421,2093,3862486,7789500
6604,97,106,135324,2084,3862592,7967400
6605,105,97,135219,2092,3862689,8565100
6606,86,88,135133,2090,3862777,7977200
6607,109,107,135024,2092,3862884,8458800
6608,100,101,134924,2091,3862985,7997000
6609,105,87,134819,2109,3863072,7871300
6610,95,115,134724,2089,3863187,7852100
6611,98,108,134626,2079,3863295,7990900
6612,118,99,134508,2098,3863394,7971100
6613,87,121,134421,2064,3863515,7842400
6614,111,96,134310,2079,3863611,7885600
6615,130,105,134180,2104,3863716,7960700
6616,105,101,134075,2108,3863817,8406500
6617,118,116,133957,2110,3863933,8011100
6618,100,98,133857,2112,3864031,7998500
6619,105,110,133752,2107,3864141,8087600
6620,94,91,133658,2110,3864232,8006600
6621,98,98,133560,2110,3864330,8241600
6622,110,96,133450,2124,3864426,7853100
6623,121,106,133329,2139,3864532,7834300
6624,100,111,133229,2128,3864643,8320100
6625,106,87,133123,2147,3864730,8578500
6626,87,116,133036,2118,3864846,8004100
6627,110,109,132926,2119,3864955,7996900
6628,126,125,132800,2120,3865080,7914600
6629,109,117,132691,2112,3865197,7913900
6630,106,101,132585,2117,3865298,8001000
6631,109,112,132476,2114,3865410,7871000
6632,92,113,132384,2093,3865523,7921300
6633,107,107,132277,2093,3865630,7914300
6634,120,115,132157,2098,3865745,7912700
6635,95,88,132062,2105,3865833,7743000
6636,98,106,131964,2097,3865939,7788600
6637,105,105,131859,2097,3866044,7838500
6638,94,103,131765,2088,3866147,7648200
6639,102,105,131663,2085,3866252,7767200
6640,102,107,131561,2080,3866359,7713600
6641,95,104,131466,2071,3866463,7796200
6642,103,105,131363,2069,3866568,7827500
6643,105,94,131258,2080,3866662,7701800
6644,102,100,131156,2082,3866762,7701700
6645,123,118,131033,2087,3866880,7707500
6646,100,103,130933,2084,3866983,7639000
6647,111,90,130822,2105,3867073,7683000
6648,107,102,130715,2110,3867175,7680000
6649,118,99,130597,2129,3867274,7650300
6650,96,99,130501,2126,3867373,7897300
6651,110,110,130391,2126,3867483,7790800
6652,102,104,130289,2124,3867587,7858500
6653,100,112,130189,2112,3867699,7817100
6654,113,115,130076,2110,3867814,7779000
6655,105,97,129971,2118,3867911,7738400
6656,104,102,129867,2120,3868013,7663400
6657,110,91,129757,2139,3868104,7626100
6658,100,117,129657,2122,3868221,7744300
6659,114,105,129543,2131,3868326,8012500
6660,119,135,129424,2115,3868461,7851300
6661,113,115,129311,2113,3868576,7757600
6662,111,117,129200,2107,3868693,7756000
6663,99,114,129101,2092,3868807,7719100
6664,128,113,128973,2107,3868920,7752300
6665,104,97,128869,2114,3869017,7845300
6666,111,92,128758,2133,3869109,7736400
6667,86,88,128672,2131,3869197,7951000
6668,113,113,128559,2131,3869310,7734100
6669,91,102,128468,2120,3869412,7823400
6670,97,110,128371,2107,3869522,7820700
6671,105,100,128266,2112,3869622,7754400
6672,113,102,128153,2123,3869724,7875300
6673,97,116,128056,2104,3869840,7990900
6674,92,102,127964,2094,3869942,8088500
6675,110,103,127854,2101,3870045,7976000
6676,104,103,127750,2102,3870148,8075800
6677,104,108,127646,2098,3870256,7782200
6678,97,97,127549,2098,3870353,7794300
6679,118,110,127431,2106,3870463,7831800
6680,123,117,127308,2112,3870580,7861500
6681,98,102,127210,2108,3870682,7742700
6682,99,112,127111,2095,3870794,7748300
6683,102,98,127009,2099,3870892,7730500
6684,111,99,126898,2111,3870991,8042200
6685,118,109,126780,2120,3871100,8046000
6686,112,110,126668,2122,3871210,7846600
6687,115,95,126553,2142,3871305,8223500
6688,113,107,126440,2148,3871412,7768700
6689,104,96,126336,2156,3871508,7796800
6690,111,92,126225,2175,3871600,7789300
6691,107,105,126118,2177,3871705,8023100
6692,112,113,126006,2176,3871818,7981500
6693,120,129,125886,2167,3871947,8255100
6694,100,104,125786,2163,3872051,8107300
6695,88,96,125698,2155,3872147,8037100
6696,105,115,125593,2145,3872262,7956200
6697,98,117,125495,2126,3872379,8659400
6698,86,120,125409,2092,3872499,8326500
6699,102,84,125307,2110,3872583,8278400
6700,102,107,125205,2105,3872690,8703900
6701,105,93,125100,2117,3872783,8547800
6702,102,106,124998,2113,3872889,8212500
6703,101,98,124897,2116,3872987,8021000
6704,78,99,124819,2095,3873086,7915400
6705,107,119,124712,2083,3873205,7914800
6706,90,107,124622,2066,3873312,7697900
6707,98,94,124524,2070,3873406,7935100
6708,107,97,124417,2080,3873503,7765500
6709,102,109,124315,2073,3873612,7966600
6710,104,106,124211,2071,3873718,8082100
6711,96,107,124115,2060,3873825,7966300
6712,99,116,124016,2043,3873941,8038900
6713,97,105,123919,2035,3874046,7999800
6714,112,96,123807,2051,3874142,7827200
6715,95,108,123712,2038,3874250,7680000
6716,96,103,123616,2031,3874353,7912500
6717,108,103,123508,2036,3874456,8049100
6718,114,108,123394,2042,3874564,8179600
6719,107,82,123287,2067,3874646,7800200
6720,102,97,123185,2072,3874743,7723700
6721,119,95,123066,2096,3874838,7807000
6722,96,104,122970,2088,3874942,7759100
6723,106,110,122864,2084,3875052,7824600
6724,106,96,122758,2094,3875148,8267600
6725,103,106,122655,2091,3875254,7848400
6726,93,119,122562,2065,3875373,8026800
6727,107,98,122455,2074,3875471,7782300
6728,102,96,122353,2080,3875567,8208600
6729,109,105,122244,2084,3875672,7841100
6730,93,98,122151,2079,3875770,8153300
6731,120,120,122031,2079,3875890,7921100
6732,102,105,121929,2076,3875995,7978700
6733,114,108,121815,2082,3876103,7903400
6734,108,101,121707,2089,3876204,8042100
6735,103,108,121604,2084,3876312,7967400
6736,98,95,121506,2087,3876407,7740500
6737,113,109,121393,2091,3876516,7871400
6738,115,93,121278,2113,3876609,8134700
6739,113,108,121165,2118,3876717,7797000
6740,106,90,121059,2134,3876807,8170500
6741,119,98,120940,2155,3876905,7867400
6742,107,108,120833,2154,3877013,8289500
6743,111,128,120722,2137,3877141,7918500
6744,106,103,120616,2140,3877244,8368100
6745,116,110,120500,2146,3877354,7796600
6746,105,119,120395,2132,3877473,7796700
6747,106,107,120289,2131,3877580,7891100
6748,89,103,120200,2117,3877683,8080900
6749,101,111,120099,2107,3877794,7934400
6750,101,107,119998,2101,3877901,7830700
6751,84,99,119914,2086,3878000,7872800
6752,107,93,119807,2100,3878093,7759600
6753,104,101,119703,2103,3878194,7756600
6754,86,98,119617,2091,3878292,7787000
6755,79,94,119538,2076,3878386,7838100
6756,94,95,119444,2075,3878481,7688000
6757,97,103,119347,2069,3878584,7761800
6758,75,119,119272,2025,3878703,7842900
6759,104,104,119168,2025,3878807,7867800
6760,77,108,119091,1994,3878915,7896700
6761,87,92,119004,1989,3879007,7928700
6762,81,114,118923,1956,3879121,7885100
6763,90,89,118833,1957,3879210,8121800
6764,99,95,118734,1961,3879305,8023600
6765,104,106,118630,1959,3879411,7892700
6766,100,112,118530,1947,3879523,7926600
6767,82,103,118448,1926,3879626,8293700
6768,94,112,118354,1908,3879738,7963600
6769,71,85,118283,1894,3879823,8079000
6770,97,94,118186,1897,3879917,7878400
6771,105,106,118081,1896,3880023,7887100
6772,79,80,118002,1895,3880103,7832600
6773,101,88,117901,1908,3880191,7888700
6774,93,99,117808,1902,3880290,8001800
6775,83,87,117725,1898,3880377,7859300
6776,102,106,117623,1894,3880483,7964900
6777,85,98,117538,1881,3880581,7956300
6778,101,102,117437,1880,3880683,7808100
6779,87,90,117350,1877,3880773,7860500
6780,89,86,117261,1880,3880859,8091900
6781,99,83,117162,1896,3880942,8094600
6782,98,77,117064,1917,3881019,7890100
6783,101,81,116963,1937,3881100,7914600
6784,93,91,116870,1939,3881191,8082200
6785,84,86,116786,1937,3881277,7967100
6786,102,85,116684,1954,3881362,7992200
6787,102,107,116582,1949,3881469,7877800
6788,106,83,116476,1972,3881552,7992100
6789,87,96,116389,1963,3881648,7973100
6790,105,89,116284,1979,3881737,7858600
6791,103,98,116181,1984,3881835,7685000
6792,102,102,116079,1984,3881937,7845700
6793,96,94,115983,1986,3882031,7759100
6794,97,85,115886,1998,3882116,7718600
6795,103,106,115783,1995,3882222,7756600
6796,98,99,115685,1994,3882321,7849500
6797,92,95,115593,1991,3882416,7681300
6798,95,85,115498,2001,3882501,7747600
6799,96,104,115402,1993,3882605,7675000
6800,78,103,115324,1968,3882708,7746200
6801,92,105,115232,1955,3882813,7953900
6802,86,103,115146,1938,3882916,7843300
6803,87,102,115059,1923,3883018,7740100
6804,97,103,114962,1917,3883121,7856900
6805,98,94,114864,1921,3883215,7873200
6806,85,93,114779,1913,3883308,7856000
6807,88,84,114691,1917,3883392,7835700
6808,90,101,114601,1906,3883493,7790000
6809,101,103,114500,1904,3883596,7842300
6810,121,77,114379,1948,3883673,7842600
6811,101,89,114278,1960,3883762,7794500
6812,92,110,114186,1942,3883872,7836000
6813,94,99,114092,1937,3883971,7818000
6814,74,102,114018,1909,3884073,7854100
6815,101,95,113917,1915,3884168,7815000
6816,88,109,113829,1894,3884277,7723400
6817,84,90,113745,1888,3884367,7768400
6818,83,107,113662,1864,3884474,8585000
6819,102,85,113560,1881,3884559,8401500
6820,91,88,113469,1884,3884647,8043600
6821,80,114,113389,1850,3884761,8313200
6822,97,92,113292,1855,3884853,8153200
6823,79,88,113213,1846,3884941,8441200
6824,97,87,113116,1856,3885028,7882800
6825,94,93,113022,1857,3885121,7918300
6826,99,102,112923,1854,3885223,7882500
6827,99,86,112824,1867,3885309,8087000
6828,102,72,112722,1897,3885381,7926900
6829,88,94,112634,1891,3885475,8186300
6830,96,99,112538,1888,3885574,8176300
6831,82,95,112456,1875,3885669,8188500
6832,99,94,112357,1880,3885763,7926200
6833,85,93,112272,1872,3885856,7893000
6834,95,107,112177,1860,3885963,7860700
6835,92,95,112085,1857,3886058,8148500
6836,105,100,111980,1862,3886158,8119200
6837,90,102,111890,1850,3886260,8165600
6838,91,91,111799,1850,3886351,8078900
6839,95,87,111704,1858,3886438,7752600
6840,87,84,111617,1861,3886522,7809800
6841,88,101,111529,1848,3886623,7648700
6842,92,108,111437,1832,3886731,7775100
6843,87,75,111350,1844,3886806,8492400
6844,83,100,111267,1827,3886906,7798500
6845,103,77,111164,1853,3886983,7993600
6846,95,85,111069,1863,3887068,7765900
6847,74,80,110995,1857,3887148,7648400
6848,101,85,110894,1873,3887233,7713400
6849,104,92,110790,1885,3887325,7913400
6850,101,99,110689,1887,3887424,7872500
6851,86,109,110603,1864,3887533,7854100
6852,82,75,110521,1871,3887608,7866800
6853,91,87,110430,1875,3887695,7694900
6854,89,105,110341,1859,3887800,7813900
6855,92,103,110249,1848,3887903,7659300
6856,82,95,110167,1835,3887998,7734500
6857,115,104,110052,1846,3888102,7881800
6858,90,90,109962,1846,3888192,8026900
6859,102,86,109860,1862,3888278,8291100
6860,88,98,109772,1852,3888376,8209000
6861,75,98,109697,1829,3888474,8170200
6862,89,81,109608,1837,3888555,7748500
6863,96,77,109512,1856,3888632,7810300
6864,89,79,109423,1866,3888711,7789400
6865,97,86,109326,1877,3888797,7744400
6866,90,105,109236,1862,3888902,7681300
6867,99,86,109137,1875,3888988,7816400
6868,95,83,109042,1887,3889071,7863000
6869,87,96,108955,1878,3889167,8077600
6870,96,109,108859,1865,3889276,7787900
6871,78,96,108781,1847,3889372,7717000
6872,93,79,108688,1861,3889451,7678100
6873,96,101,108592,1856,3889552,7800600
6874,102,79,108490,1879,3889631,7707500
6875,110,80,108380,1909,3889711,7998700
6876,101,93,108279,1917,3889804,7798400
6877,95,91,108184,1921,3889895,8173500
6878,81,91,108103,1911,3889986,7906100
6879,108,104,107995,1915,3890090,7767500
6880,96,90,107899,1921,3890180,7868700
6881,98,99,107801,1920,3890279,7940500
6882,99,107,107702,1912,3890386,7871800
6883,96,86,107606,1922,3890472,7927600
6884,100,100,107506,1922,3890572,7797300
6885,93,104,107413,1911,3890676,8086600
6886,80,95,107333,1896,3890771,7829900
6887,86,98,107247,1884,3890869,8129200
6888,85,93,107162,1876,3890962,8071300
6889,83,85,107079,1874,3891047,7824900
6890,80,90,106999,1864,3891137,7859000
6891,90,89,106909,1865,3891226,7732300
6892,86,101,106823,1850,3891327,8013500
6893,80,86,106743,1844,3891413,7788700
6894,97,108,106646,1833,3891521,7890300
6895,77,89,106569,1821,3891610,8210500
6896,80,95,106489,1806,3891705,7706700
6897,66,94,106423,1778,3891799,7860400
6898,95,88,106328,1785,3891887,7743800
6899,76,87,106252,1774,3891974,7804600
6900,95,112,106157,1757,3892086,8085000
6901,81,96,106076,1742,3892182,7769900
6902,77,88,105999,1731,3892270,7936700
6903,78,87,105921,1722,3892357,7847100
6904,82,100,105839,1704,3892457,7746800
6905,80,82,105759,1702,3892539,7938100
6906,89,84,105670,1707,3892623,7745100
6907,81,69,105589,1719,3892692,7812500
6908,80,85,105509,1714,3892777,7769200
6909,86,92,105423,1708,3892869,7765400
6910,74,78,105349,1704,3892947,8152700
6911,75,95,105274,1684,3893042,7916200
6912,86,87,105188,1683,3893129,7776200
6913,101,83,105087,1701,3893212,7753500
6914,91,74,104996,1718,3893286,7769400
6915,92,92,104904,1718,3893378,7768200
6916,85,80,104819,1723,3893458,8061200
6917,86,89,104733,1720,3893547,7791400
6918,90,94,104643,1716,3893641,7873900
6919,95,99,104548,1712,3893740,8185300
6920,82,91,104466,1703,3893831,8201800
6921,85,83,104381,1705,3893914,7973800
6922,89,87,104292,1707,3894001,8106200
6923,89,89,104203,1707,3894090,8164500
6924,103,94,104100,1716,3894184,8232200
6925,99,70,104001,1745,3894254,8697500
6926,71,74,103930,1742,3894328,8370800
6927,85,84,103845,1743,3894412,8499400
6928,93,89,103752,1747,3894501,8089600
6929,96,89,103656,1754,3894590,8262100
6930,96,88,103560,1762,3894678,8074600
6931,92,102,103468,1752,3894780,8056300
6932,109,84,103359,1777,3894864,7940900
6933,89,97,103270,1769,3894961,7877500
6934,98,91,103172,1776,3895052,7999400
6935,122,86,103050,1812,3895138,7948200
6936,86,95,102964,1803,3895233,8011000
6937,102,94,102862,1811,3895327,8082700
6938,94,88,102768,1817,3895415,7836500
6939,99,84,102669,1832,3895499,7877900
6940,91,89,102578,1834,3895588,7887900
6941,96,105,102482,1825,3895693,7864600
6942,85,86,102397,1824,3895779,7848100
6943,100,98,102297,1826,3895877,8171500
6944,102,97,102195,1831,3895974,8251200
6945,100,103,102095,1828,3896077,8146000
6946,88,97,102007,1819,3896174,8247400
6947,88,97,101919,1810,3896271,8150800
6948,94,93,101825,1811,3896364,9188100
6949,80,90,101745,1801,3896454,8850600
6950,74,96,101671,1779,3896550,8775400
6951,91,88,101580,1782,3896638,8580500
6952,95,90,101485,1787,3896728,8331700
6953,81,81,101404,1787,3896809,8326000
6954,83,95,101321,1775,3896904,8541100
6955,108,87,101213,1796,3896991,8023600
6956,90,105,101123,1781,3897096,8157800
6957,74,82,101049,1773,3897178,8080500
6958,85,89,100964,1769,3897267,8016300
6959,92,111,100872,1750,3897378,8033200
6960,71,93,100801,1728,3897471,8228800
6961,75,94,100726,1709,3897565,8133500
6962,72,99,100654,1682,3897664,8254600
6963,83,74,100571,1691,3897738,8156700
6964,80,85,100491,1686,3897823,8267300
6965,89,87,100402,1688,3897910,8184200
6966,85,83,100317,1690,3897993,8011400
6967,94,90,100223,1694,3898083,7851900
6968,85,89,100138,1690,3898172,8108000
6969,94,94,100044,1690,3898266,8044400
6970,99,82,99945,1707,3898348,8098400
6971,78,81,99867,1704,3898429,7872200
6972,73,67,99794,1710,3898496,8125100
6973,77,86,99717,1701,3898582,8256200
6974,93,66,99624,1728,3898648,7923900
6975,88,94,99536,1722,3898742,7973100
6976,97,82,99439,1737,3898824,7995300
6977,90,93,99349,1734,3898917,8026400
6978,82,83,99267,1733,3899000,7917300
6979,91,95,99176,1729,3899095,7928300
6980,109,84,99067,1754,3899179,7858800
6981,99,97,98968,1756,3899276,7955600
6982,90,81,98878,1765,3899357,7920700
6983,79,99,98799,1745,3899456,8134000
6984,90,86,98709,1749,3899542,7849600
6985,85,89,98624,1745,3899631,8019300
6986,108,78,98516,1775,3899709,7939000
6987,99,92,98417,1782,3899801,7855800
6988,108,96,98309,1794,3899897,7811000
6989,84,110,98225,1768,3900007,7804900
6990,79,101,98146,1746,3900108,8235500
6991,108,73,98038,1781,3900181,8185000
6992,68,85,97970,1764,3900266,7897800
6993,90,90,97880,1764,3900356,8046200
6994,91,81,97789,1774,3900437,7848100
6995,90,74,97699,1790,3900511,8014200
6996,79,86,97620,1783,3900597,7824900
6997,99,89,97521,1793,3900686,8035000
6998,74,88,97447,1779,3900774,7904200
6999,86,89,97361,1776,3900863,7794800
7000,71,114,97290,1733,3900977,7807300
7001,67,79,97223,1721,3901056,8049000
7002,81,86,97142,1716,3901142,8077200
7003,69,91,97073,1694,3901233,8243100
7004,76,85,96997,1685,3901318,8465200
7005,76,79,96921,1682,3901397,8258700
7006,82,79,96839,1685,3901476,8385400
7007,77,75,96762,1687,3901551,8364000
7008,81,96,96681,1672,3901647,8417400
7009,69,86,96612,1655,3901733,8323500
7010,82,81,96530,1656,3901814,8207200
7011,90,84,96440,1662,3901898,8522900
7012,99,76,96341,1685,3901974,8291200
7013,90,90,96251,1685,3902064,8433500
7014,83,90,96168,1678,3902154,8644200
7015,115,99,96053,1694,3902253,8329900
7016,81,79,95972,1696,3902332,8377000
7017,77,77,95895,1696,3902409,8214700
7018,70,93,95825,1673,3902502,8249900
7019,85,84,95740,1674,3902586,8712900
7020,83,78,95657,1679,3902664,8293700
7021,83,86,95574,1676,3902750,8466200
7022,73,80,95501,1669,3902830,8300900
7023,77,98,95424,1648,3902928,8113100
7024,68,79,95356,1637,3903007,8199300
7025,85,97,95271,1625,3903104,8305900
7026,87,80,95184,1632,3903184,8059300
7027,83,65,95101,1650,3903249,8344700
7028,91,101,95010,1640,3903350,8515200
7029,77,88,94933,1629,3903438,8564900
7030,92,77,94841,1644,3903515,8689900
7031,89,88,94752,1645,3903603,8390200
7032,72,72,94680,1645,3903675,8289400
7033,89,88,94591,1646,3903763,8157300
7034,82,87,94509,1641,3903850,8547100
7035,84,87,94425,1638,3903937,8225700
7036,93,85,94332,1646,3904022,8181900
7037,99,76,94233,1669,3904098,8332200
7038,74,86,94159,1657,3904184,8339800
7039,88,71,94071,1674,3904255,8170400
7040,74,87,93997,1661,3904342,8065100
7041,100,91,93897,1670,3904433,7940100
7042,90,87,93807,1673,3904520,7967400
7043,88,76,93719,1685,3904596,7947100
7044,79,95,93640,1669,3904691,7776300
7045,93,81,93547,1681,3904772,7720400
7046,79,97,93468,1663,3904869,7822200
7047,79,79,93389,1663,3904948,7898900
7048,78,89,93311,1652,3905037,7860400
7049,91,68,93220,1675,3905105,7846400
7050,85,77,93135,1683,3905182,8290600
7051,85,82,93050,1686,3905264,8212800
7052,83,69,92967,1700,3905333,8278200
7053,88,77,92879,1711,3905410,7884500
7054,86,81,92793,1716,3905491,8526200
7055,78,86,92715,1708,3905577,9235600
7056,88,89,92627,1707,3905666,9443700
7057,84,85,92543,1706,3905751,9573600
7058,87,75,92456,1718,3905826,9027500
7059,97,90,92359,1725,3905916,8706200
7060,96,77,92263,1744,3905993,8877500
7061,81,92,92182,1733,3906085,8810100
7062,97,88,92085,1742,3906173,9196900
7063,67,104,92018,1705,3906277,8695700
7064,102,83,91916,1724,3906360,8721500
7065,87,84,91829,1727,3906444,8316500
7066,93,100,91736,1720,3906544,8904800
7067,90,92,91646,1718,3906636,8402300
7068,107,82,91539,1743,3906718,8405700
7069,98,93,91441,1748,3906811,8641300
7070,74,104,91367,1718,3906915,8958100
7071,63,83,91304,1698,3906998,8485100
7072,90,82,91214,1706,3907080,8192300
7073,73,92,91141,1687,3907172,8281300
7074,74,84,91067,1677,3907256,8651400
7075,94,99,90973,1672,3907355,8626800
7076,96,81,90877,1687,3907436,8431200
7077,88,84,90789,1691,3907520,9379900
7078,81,77,90708,1695,3907597,8908900
7079,79,78,90629,1696,3907675,8401200
7080,86,93,90543,1689,3907768,8214300
7081,79,96,90464,1672,3907864,8101500
7082,71,74,90393,1669,3907938,8332400
7083,79,78,90314,1670,3908016,8725400
7084,67,96,90247,1641,3908112,8644900
7085,69,70,90178,1640,3908182,8467400
7086,75,76,90103,1639,3908258,8537800
7087,78,71,90025,1646,3908329,9231100
7088,92,76,89933,1662,3908405,8831600
7089,64,79,89869,1647,3908484,8236700
7090,86,81,89783,1652,3908565,8181900
7091,80,82,89703,1650,3908647,7968600
7092,91,84,89612,1657,3908731,7954100
7093,87,65,89525,1679,3908796,8101600
7094,79,97,89446,1661,3908893,7785700
7095,81,75,89365,1667,3908968,7928400
7096,76,76,89289,1667,3909044,7877700
7097,92,77,89197,1682,3909121,7960700
7098,71,91,89126,1662,3909212,7856800
7099,69,87,89057,1644,3909299,7942300
7100,90,82,88967,1652,3909381,8022900
7101,83,85,88884,1650,3909466,8305400
7102,81,95,88803,1636,3909561,8129100
7103,88,91,88715,1633,3909652,8169700
7104,75,76,88640,1632,3909728,8086600
7105,84,77,88556,1639,3909805,8168600
7106,66,80,88490,1625,3909885,7896900
7107,79,94,88411,1610,3909979,7794400
7108,86,84,88325,1612,3910063,7671500
7109,87,70,88238,1629,3910133,7951900
7110,91,78,88147,1642,3910211,7871700
7111,80,79,88067,1643,3910290,8137300
7112,75,92,87992,1626,3910382,8062900
7113,79,90,87913,1615,3910472,7872300
7114,61,76,87852,1600,3910548,7746500
7115,71,92,87781,1579,3910640,7786800
7116,63,74,87718,1568,3910714,7799200
7117,65,67,87653,1566,3910781,7730800
7118,91,80,87562,1577,3910861,7931200
7119,87,98,87475,1566,3910959,7744400
7120,71,84,87404,1553,3911043,7913700
7121,77,75,87327,1555,3911118,7729200
7122,88,74,87239,1569,3911192,8006300
7123,75,78,87164,1566,3911270,7998400
7124,71,83,87093,1554,3911353,7847400
7125,78,86,87015,1546,3911439,8072100
7126,69,84,86946,1531,3911523,7974000
7127,82,81,86864,1532,3911604,7779900
7128,73,74,86791,1531,3911678,7756300
7129,80,86,86711,1525,3911764,7786900
7130,74,78,86637,1521,3911842,8025100
7131,69,61,86568,1529,3911903,7966300
7132,63,70,86505,1522,3911973,7893500
7133,63,74,86442,1511,3912047,7876600
7134,65,77,86377,1499,3912124,8135400
7135,74,71,86303,1502,3912195,7881300
7136,67,83,86236,1486,3912278,7967900
7137,73,76,86163,1483,3912354,7997900
7138,66,82,86097,1467,3912436,7928500
7139,73,68,86024,1472,3912504,8008000
7140,70,58,85954,1484,3912562,7988300
7141,65,69,85889,1480,3912631,8144900
7142,82,72,85807,1490,3912703,7983600
7143,68,79,85739,1479,3912782,7876400
7144,83,65,85656,1497,3912847,7849500
7145,61,72,85595,1486,3912919,7945400
7146,84,76,85511,1494,3912995,7835500
7147,75,80,85436,1489,3913075,7894900
7148,76,87,85360,1478,3913162,8204800
7149,72,65,85288,1485,3913227,7987200
7150,88,72,85200,1501,3913299,7965100
7151,85,78,85115,1508,3913377,7847500
7152,83,72,85032,1519,3913449,7849800
7153,90,64,84942,1545,3913513,7807400
7154,87,71,84855,1561,3913584,7820500
7155,74,65,84781,1570,3913649,7793900
7156,90,74,84691,1586,3913723,7834400
7157,92,79,84599,1599,3913802,7785800
7158,86,81,84513,1604,3913883,7767400
7159,85,71,84428,1618,3913954,7673300
7160,96,69,84332,1645,3914023,7775600
7161,97,85,84235,1657,3914108,7692900
7162,96,75,84139,1678,3914183,7800200
7163,77,83,84062,1672,3914266,7774300
7164,99,64,83963,1707,3914330,7936800
7165,96,77,83867,1726,3914407,7816900
7166,91,69,83776,1748,3914476,7857100
7167,82,81,83694,1749,3914557,7838400
7168,88,89,83606,1748,3914646,8161500
7169,90,97,83516,1741,3914743,8272400
7170,91,95,83425,1737,3914838,8305900
7171,81,75,83344,1743,3914913,8819600
7172,79,70,83265,1752,3914983,8230500
7173,99,98,83166,1753,3915081,8269100
7174,76,80,83090,1749,3915161,8317800
7175,85,93,83005,1741,3915254,8747100
7176,84,81,82921,1744,3915335,8175000
7177,69,86,82852,1727,3915421,8295700
7178,87,80,82765,1734,3915501,8217800
7179,77,90,82688,1721,3915591,8223100
7180,78,95,82610,1704,3915686,8407500
7181,70,94,82540,1680,3915780,8566900
7182,93,85,82447,1688,3915865,8439000
7183,86,70,82361,1704,3915935,8168300
7184,73,72,82288,1705,3916007,8069400
7185,75,85,82213,1695,3916092,8503200
7186,71,88,82142,1678,3916180,8386700
7187,61,80,82081,1659,3916260,8429300
7188,57,78,82024,1638,3916338,8481000
7189,63,96,81961,1605,3916434,8512400
7190,72,69,81889,1608,3916503,8164400
7191,73,95,81816,1586,3916598,8401300
7192,74,83,81742,1577,3916681,8289100
7193,68,69,81674,1576,3916750,8459900
7194,86,78,81588,1584,3916828,8050400
7195,63,90,81525,1557,3916918,7935100
7196,70,75,81455,1552,3916993,8058400
7197,79,67,81376,1564,3917060,8008400
7198,78,76,81298,1566,3917136,7890900
7199,65,81,81233,1550,3917217,7954200
7200,60,71,81173,1539,3917288,8156300
7201,65,79,81108,1525,3917367,7845700
7202,65,85,81043,1505,3917452,8038600
7203,61,67,80982,1499,3917519,8387400
7204,47,62,80935,1484,3917581,8143800
7205,68,77,80867,1475,3917658,8909900
7206,45,79,80822,1441,3917737,8148700
7207,59,87,80763,1413,3917824,8059400
7208,69,59,80694,1423,3917883,7755500
7209,58,65,80636,1416,3917948,8518800
7210,66,70,80570,1412,3918018,8260800
7211,59,64,80511,1407,3918082,8178200
7212,52,78,80459,1381,3918160,8033100
7213,59,64,80400,1376,3918224,8162400
7214,68,88,80332,1356,3918312,8596800
7215,77,62,80255,1371,3918374,8242200
7216,70,68,80185,1373,3918442,8206000
7217,60,75,80125,1358,3918517,8694300
7218,56,59,80069,1355,3918576,8462900
7219,75,70,79994,1360,3918646,8113800
7220,63,53,79931,1370,3918699,7991700
7221,55,73,79876,1352,3918772,8466100
7222,48,73,79828,1327,3918845,8090700
7223,61,60,79767,1328,3918905,7918300
7224,73,54,79694,1347,3918959,7745000
7225,55,54,79639,1348,3919013,7909100
7226,67,49,79572,1366,3919062,8038000
7227,62,76,79510,1352,3919138,7734500
7228,83,55,79427,1380,3919193,7975500
7229,66,66,79361,1380,3919259,7891300
7230,66,63,79295,1383,3919322,8079800
7231,50,72,79245,1361,3919394,7960000
7232,53,51,79192,1363,3919445,7922800
7233,52,70,79140,1345,3919515,7983200
7234,57,64,79083,1338,3919579,7952100
7235,64,66,79019,1336,3919645,7921300
7236,65,65,78954,1336,3919710,8119600
7237,60,76,78894,1320,3919786,8892100
7238,55,66,78839,1309,3919852,8438900
7239,57,55,78782,1311,3919907,8840400
7240,48,54,78734,1305,3919961,8312100
7241,53,70,78681,1288,3920031,8359600
7242,61,68,78620,1281,3920099,8272300
7243,61,55,78559,1287,3920154,8371700
7244,45,57,78514,1275,3920211,8388600
7245,57,61,78457,1271,3920272,8423800
7246,56,78,78401,1249,3920350,8272900
7247,66,51,78335,1264,3920401,8317800
7248,50,75,78285,1239,3920476,8401100
7249,67,59,78218,1247,3920535,8862700
7250,56,64,78162,1239,3920599,9135900
7251,57,67,78105,1229,3920666,8399600
7252,58,49,78047,1238,3920715,8728700
7253,66,56,77981,1248,3920771,8437400
7254,69,72,77912,1245,3920843,8529700
7255,55,67,77857,1233,3920910,8278200
7256,68,55,77789,1246,3920965,8679800
7257,47,71,77742,1222,3921036,8263000
7258,63,76,77679,1209,3921112,8338200
7259,64,69,77615,1204,3921181,8385400
7260,74,58,77541,1220,3921239,8436600
7261,54,54,77487,1220,3921293,8399200
7262,49,65,77438,1204,3921358,8504900
7263,52,71,77386,1185,3921429,8153500
7264,48,56,77338,1177,3921485,8123400
7265,55,65,77283,1167,3921550,8337200
7266,59,47,77224,1179,3921597,8139400
7267,54,45,77170,1188,3921642,8109700
7268,65,53,77105,1200,3921695,8171000
7269,69,62,77036,1207,3921757,8141500
7270,46,60,76990,1193,3921817,8082800
7271,55,49,76935,1199,3921866,8277200
7272,62,52,76873,1209,3921918,8209200
7273,58,63,76815,1204,3921981,8217500
7274,48,58,76767,1194,3922039,8094700
7275,69,65,76698,1198,3922104,8300900
7276,68,69,76630,1197,3922173,8651000
7277,50,63,76580,1184,3922236,8148900
7278,55,63,76525,1176,3922299,8161500
7279,47,59,76478,1164,3922358,8142600
7280,63,56,76415,1171,3922414,8510600
7281,66,55,76349,1182,3922469,8069000
7282,82,46,76267,1218,3922515,8312700
7283,62,57,76205,1223,3922572,8105500
7284,54,45,76151,1232,3922617,8248200
7285,56,61,76095,1227,3922678,8301000
7286,59,70,76036,1216,3922748,8307100
7287,66,61,75970,1221,3922809,7988900
7288,62,71,75908,1212,3922880,7990800
7289,68,67,75840,1213,3922947,8175000
7290,59,53,75781,1219,3923000,8421300
7291,62,76,75719,1205,3923076,8541400
7292,52,60,75667,1197,3923136,8360900
7293,65,54,75602,1208,3923190,8335700
7294,62,54,75540,1216,3923244,8465300
7295,66,50,75474,1232,3923294,8473800
7296,68,59,75406,1241,3923353,8568400
7297,56,67,75350,1230,3923420,8330000
7298,67,60,75283,1237,3923480,8164300
7299,67,55,75216,1249,3923535,8290000
7300,60,52,75156,1257,3923587,8224600
7301,53,54,75103,1256,3923641,8324400
7302,62,58,75041,1260,3923699,8345900
7303,72,48,74969,1284,3923747,8149600
7304,57,65,74912,1276,3923812,8244700
7305,54,65,74858,1265,3923877,8170800
7306,51,68,74807,1248,3923945,8063400
7307,66,69,74741,1245,3924014,8121500
7308,47,62,74694,1230,3924076,8414700
7309,34,63,74660,1201,3924139,8366900
7310,61,68,74599,1194,3924207,8392400
7311,58,39,74541,1213,3924246,8161400
7312,57,56,74484,1214,3924302,8654900
7313,62,63,74422,1213,3924365,8467100
7314,60,68,74362,1205,3924433,8659500
7315,64,55,74298,1214,3924488,8275000
7316,49,50,74249,1213,3924538,8409900
7317,53,58,74196,1208,3924596,8711300
7318,51,58,74145,1201,3924654,8352000
7319,53,45,74092,1209,3924699,8359300
7320,64,65,74028,1208,3924764,8255400
7321,50,61,73978,1197,3924825,8588300
7322,61,64,73917,1194,3924889,8684600
7323,46,45,73871,1195,3924934,8519600
7324,52,56,73819,1191,3924990,8765000
7325,55,61,73764,1185,3925051,8518200
7326,59,60,73705,1184,3925111,8401100
7327,47,69,73658,1162,3925180,8325100
7328,51,54,73607,1159,3925234,8255100
7329,65,78,73542,1146,3925312,8133400
7330,60,63,73482,1143,3925375,8875400
7331,51,50,73431,1144,3925425,8770000
7332,51,46,73380,1149,3925471,9289500
7333,56,56,73324,1149,3925527,9311700
7334,50,57,73274,1142,3925584,8650100
7335,58,47,73216,1153,3925631,8324100
7336,68,55,73148,1166,3925686,8137900
7337,61,60,73087,1167,3925746,8158800
7338,61,71,73026,1157,3925817,8070800
7339,49,56,72977,1150,3925873,8108200
7340,41,61,72936,1130,3925934,8083900
7341,46,59,72890,1117,3925993,8310900
7342,46,62,72844,1101,3926055,8331400
7343,49,58,72795,1092,3926113,8193200
7344,56,72,72739,1076,3926185,8002600
7345,54,58,72685,1072,3926243,7830500
7346,53,53,72632,1072,3926296,7818100
7347,63,58,72569,1077,3926354,7714900
7348,47,55,72522,1069,3926409,7802000
7349,54,45,72468,1078,3926454,7853700
7350,52,52,72416,1078,3926506,7704500
7351,56,57,72360,1077,3926563,7958800
7352,53,50,72307,1080,3926613,7708800
7353,62,50,72245,1092,3926663,7649500
7354,54,54,72191,1092,3926717,7813000
7355,71,45,72120,1118,3926762,8170700
7356,52,57,72068,1113,3926819,8315800
7357,52,46,72016,1119,3926865,8410300
7358,66,58,71950,1127,3926923,8093400
7359,63,67,71887,1123,3926990,7936500
7360,53,58,71834,1118,3927048,7743300
7361,60,50,71774,1128,3927098,7697300
7362,54,59,71720,1123,3927157,7654800
7363,67,77,71653,1113,3927234,7701500
7364,57,47,71596,1123,3927281,7829600
7365,45,51,71551,1117,3927332,7786300
7366,56,51,71495,1122,3927383,7898500
7367,69,48,71426,1143,3927431,7743200
7368,59,57,71367,1145,3927488,7914900
7369,51,50,71316,1146,3927538,7774600
7370,53,65,71263,1134,3927603,7790300
7371,51,41,71212,1144,3927644,7767800
7372,43,61,71169,1126,3927705,8085700
7373,43,56,71126,1113,3927761,8128400
7374,55,54,71071,1114,3927815,7871900
7375,62,61,71009,1115,3927876,8300900
7376,50,43,70959,1122,3927919,7802400
7377,53,65,70906,1110,3927984,7834800
7378,60,48,70846,1122,3928032,7968900
7379,41,54,70805,1109,3928086,8136400
7380,58,59,70747,1108,3928145,8330000
7381,59,66,70688,1101,3928211,7838300
7382,50,52,70638,1099,3928263,8055800
7383,51,60,70587,1090,3928323,7934500
7384,53,52,70534,1091,3928375,7938700
7385,52,51,70482,1092,3928426,7823400
7386,53,67,70429,1078,3928493,7755300
7387,53,56,70376,1075,3928549,7871100
7388,46,43,70330,1078,3928592,7761900
7389,49,56,70281,1071,3928648,7966500
7390,35,46,70246,1060,3928694,8101000
7391,48,59,70198,1049,3928753,8195700
7392,43,48,70155,1044,3928801,8484400
7393,31,56,70124,1019,3928857,7937000
7394,55,48,70069,1026,3928905,7918900
7395,49,44,70020,1031,3928949,7781100
7396,45,51,69975,1025,3929000,8223500
7397,53,54,69922,1024,3929054,7834300
7398,59,66,69863,1017,3929120,7889600
7399,44,39,69819,1022,3929159,7972100
7400,44,53,69775,1013,3929212,7971100
7401,48,53,69727,1008,3929265,7859500
7402,42,58,69685,992,3929323,8029500
7403,51,53,69634,990,3929376,7938500
7404,52,56,69582,986,3929432,8040700
7405,51,36,69531,1001,3929468,7782700
7406,53,50,69478,1004,3929518,7932300
7407,47,49,69431,1002,3929567,7844900
7408,59,53,69372,1008,3929620,8831100
7409,50,53,69322,1005,3929673,7927100
7410,55,41,69267,1019,3929714,7803100
7411,42,53,69225,1008,3929767,7930900
7412,74,59,69151,1023,3929826,7894100
7413,48,46,69103,1025,3929872,7972600
7414,39,57,69064,1007,3929929,7787300
7415,38,54,69026,991,3929983,7920700
7416,45,48,68981,988,3930031,8014100
7417,57,59,68924,986,3930090,7847000
7418,50,54,68874,982,3930144,7872800
7419,68,56,68806,994,3930200,7675100
7420,69,48,68737,1015,3930248,7665200
7421,67,56,68670,1026,3930304,7664700
7422,61,60,68609,1027,3930364,7964600
7423,73,38,68536,1062,3930402,7669600
7424,49,61,68487,1050,3930463,7850200
7425,59,55,68428,1054,3930518,7815700
7426,52,65,68376,1041,3930583,7735500
7427,44,65,68332,1020,3930648,7900300
7428,45,56,68287,1009,3930704,7716200
7429,49,47,68238,1011,3930751,7707900
7430,53,53,68185,1011,3930804,7783700
7431,45,39,68140,1017,3930843,7878200
7432,47,53,68093,1011,3930896,8329400
7433,47,47,68046,1011,3930943,8045300
7434,51,45,67995,1017,3930988,8422000
7435,44,41,67951,1020,3931029,7950200
7436,46,49,67905,1017,3931078,8256900
7437,38,52,67867,1003,3931130,8037400
7438,40,51,67827,992,3931181,8056100
7439,43,52,67784,983,3931233,8009200
7440,45,50,67739,978,3931283,7882900
7441,42,41,67697,979,3931324,7995700
7442,39,42,67658,976,3931366,8105700
7443,38,44,67620,970,3931410,7882200
7444,34,59,67586,945,3931469,7887500
7445,36,33,67550,948,3931502,8461000
7446,43,54,67507,937,3931556,7888000
7447,30,32,67477,935,3931588,7900600
7448,34,45,67443,924,3931633,7691800
7449,44,39,67399,929,3931672,7827500
7450,42,48,67357,923,3931720,7751700
7451,36,48,67321,911,3931768,7649600
7452,39,46,67282,904,3931814,7798800
7453,42,52,67240,894,3931866,8199100
7454,33,41,67207,886,3931907,7715300
7455,40,47,67167,879,3931954,7872500
7456,34,51,67133,862,3932005,7660300
7457,31,43,67102,850,3932048,7769300
7458,29,39,67073,840,3932087,8099500
7459,36,38,67037,838,3932125,8217900
7460,47,40,66990,845,3932165,7972200
7461,32,42,66958,835,3932207,7922000
7462,44,41,66914,838,3932248,7739700
7463,42,49,66872,831,3932297,7584200
7464,39,52,66833,818,3932349,7666800
7465,36,49,66797,805,3932398,7676200
7466,42,48,66755,799,3932446,7734800
7467,47,41,66708,805,3932487,7768500
7468,44,36,66664,813,3932523,7685000
7469,33,39,66631,807,3932562,7752300
7470,36,37,66595,806,3932599,7799300
7471,40,45,66555,801,3932644,7764300
7472,32,28,66523,805,3932672,7891000
7473,42,47,66481,800,3932719,7867700
7474,50,45,66431,805,3932764,7960800
7475,46,45,66385,806,3932809,7936100
7476,39,39,66346,806,3932848,8077500
7477,35,33,66311,808,3932881,8064900
7478,27,38,66284,797,3932919,7810900
7479,37,44,66247,790,3932963,7903400
7480,34,46,66213,778,3933009,7933600
7481,35,37,66178,776,3933046,7782200
7482,35,43,66143,768,3933089,7681900
7483,31,37,66112,762,3933126,7783000
7484,30,45,66082,747,3933171,7865800
7485,38,32,66044,753,3933203,8070800
7486,36,37,66008,752,3933240,7671000
7487,51,32,65957,771,3933272,7882300
7488,44,31,65913,784,3933303,7667400
7489,47,26,65866,805,3933329,7691300
7490,36,45,65830,796,3933374,7568700
7491,28,48,65802,776,3933422,7783500
7492,32,54,65770,754,3933476,7907700
7493,28,34,65742,748,3933510,8075500
7494,35,31,65707,752,3933541,7854900
7495,36,36,65671,752,3933577,7886000
7496,24,45,65647,731,3933622,8029100
7497,35,43,65612,723,3933665,7931700
7498,31,27,65581,727,3933692,7698200
7499,35,40,65546,722,3933732,7710900
7500,35,36,65511,721,3933768,7732100
7501,38,27,65473,732,3933795,8116400
7502,25,38,65448,719,3933833,7993900
7503,34,34,65414,719,3933867,7776900
7504,33,33,65381,719,3933900,7672400
7505,28,43,65353,704,3933943,8003100
7506,34,40,65319,698,3933983,7825100
7507,29,32,65290,695,3934015,8293500
7508,27,33,65263,689,3934048,8073500
7509,18,39,65245,668,3934087,7908700
7510,44,35,65201,677,3934122,8244600
7511,34,32,65167,679,3934154,7768800
7512,37,31,65130,685,3934185,7817500
7513,30,42,65100,673,3934227,7755100
7514,31,29,65069,675,3934256,7821500
7515,31,40,65038,666,3934296,7867800
7516,34,40,65004,660,3934336,7929300
7517,36,35,64968,661,3934371,7795600
7518,27,35,64941,653,3934406,7767000
7519,17,39,64924,631,3934445,7750500
7520,24,38,64900,617,3934483,7858500
7521,20,31,64880,606,3934514,7812100
7522,30,23,64850,613,3934537,7857600
7523,32,34,64818,611,3934571,7714400
7524,32,42,64786,601,3934613,8092800
7525,31,24,64755,608,3934637,7703600
7526,39,25,64716,622,3934662,7968600
7527,32,27,64684,627,3934689,7799100
7528,36,36,64648,627,3934725,7684500
7529,23,45,64625,605,3934770,7819600
7530,38,26,64587,617,3934796,7763800
7531,31,33,64556,615,3934829,7746000
7532,34,32,64522,617,3934861,7795500
7533,32,51,64490,598,3934912,7723900
7534,24,30,64466,592,3934942,7813600
7535,33,28,64433,597,3934970,7817100
7536,32,28,64401,601,3934998,7761800
7537,24,35,64377,590,3935033,7798400
7538,24,30,64353,584,3935063,7660400
7539,25,23,64328,586,3935086,7752800
7540,30,34,64298,582,3935120,7786900
7541,24,40,64274,566,3935160,7751800
7542,29,24,64245,571,3935184,7704000
7543,24,27,64221,568,3935211,7959700
7544,34,25,64187,577,3935236,7828900
7545,26,20,64161,583,3935256,7747800
7546,31,19,64130,595,3935275,7835100
7547,28,26,64102,597,3935301,7965800
7548,33,34,64069,596,3935335,7875300
7549,24,22,64045,598,3935357,7953900
7550,24,29,64021,593,3935386,7879000
7551,22,31,63999,584,3935417,7988800
7552,19,30,63980,573,3935447,8014900
7553,31,32,63949,572,3935479,7873400
7554,28,26,63921,574,3935505,7984300
7555,28,18,63893,584,3935523,7934800
7556,26,27,63867,583,3935550,7964700
7557,28,20,63839,591,3935570,7989700
7558,31,36,63808,586,3935606,7899000
7559,35,42,63773,579,3935648,7846900
7560,35,27,63738,587,3935675,8236300
7561,33,24,63705,596,3935699,8135600
7562,35,18,63670,613,3935717,8183300
7563,37,36,63633,614,3935753,8353700
7564,24,34,63609,604,3935787,8501300
7565,33,32,63576,605,3935819,8181800
7566,35,28,63541,612,3935847,7973400
7567,27,26,63514,613,3935873,8541300
7568,30,27,63484,616,3935900,8053800
7569,35,24,63449,627,3935924,8351700
7570,35,35,63414,627,3935959,8245900
7571,39,34,63375,632,3935993,7968400
7572,35,40,63340,627,3936033,8185200
7573,34,30,63306,631,3936063,8008400
7574,34,31,63272,634,3936094,7842400
7575,31,26,63241,639,3936120,8554700
7576,27,25,63214,641,3936145,8075900
7577,29,29,63185,641,3936174,7931800
7578,33,32,63152,642,3936206,7773300
7579,22,40,63130,624,3936246,7652400
7580,32,29,63098,627,3936275,7628700
7581,21,25,63077,623,3936300,7750200
7582,22,29,63055,616,3936329,7840200
7583,20,35,63035,601,3936364,7640200
7584,26,30,63009,597,3936394,7736500
7585,17,39,62992,575,3936433,8390300
7586,25,34,62967,566,3936467,8075300
7587,23,30,62944,559,3936497,8264300
7588,25,22,62919,562,3936519,8017800
7589,27,22,62892,567,3936541,7743700
7590,27,28,62865,566,3936569,7623500
7591,31,28,62834,569,3936597,7628800
7592,27,27,62807,569,3936624,7641300
7593,15,35,62792,549,3936659,7779100
7594,23,30,62769,542,3936689,8074600
7595,19,33,62750,528,3936722,8672600
7596,24,24,62726,528,3936746,7969300
7597,18,16,62708,530,3936762,7794400
7598,19,20,62689,529,3936782,7654400
7599,17,21,62672,525,3936803,7618600
7600,18,33,62654,510,3936836,7749400
7601,33,18,62621,525,3936854,8016600
7602,27,18,62594,534,3936872,7846800
7603,28,32,62566,530,3936904,7853100
7604,20,35,62546,515,3936939,8089100
7605,23,15,62523,523,3936954,8017600
7606,25,29,62498,519,3936983,7921900
7607,23,28,62475,514,3937011,7901700
7608,24,27,62451,511,3937038,7727800
7609,17,25,62434,503,3937063,7846100
7610,24,32,62410,495,3937095,7899400
7611,15,21,62395,489,3937116,7818600
7612,19,24,62376,484,3937140,7711400
7613,25,26,62351,483,3937166,7693200
7614,21,27,62330,477,3937193,7701200
7615,29,24,62301,482,3937217,7647700
7616,15,21,62286,476,3937238,7691100
7617,20,28,62266,468,3937266,7659200
7618,17,18,62249,467,3937284,7825900
7619,12,25,62237,454,3937309,8050700
7620,19,30,62218,443,3937339,8101000
7621,16,16,62202,443,3937355,7746600
7622,19,26,62183,436,3937381,7775400
7623,19,21,62164,434,3937402,8121400
7624,9,27,62155,416,3937429,7685600
7625,18,15,62137,419,3937444,7668700
7626,24,17,62113,426,3937461,7974500
7627,19,17,62094,428,3937478,7865500
7628,23,19,62071,432,3937497,8006500
7629,14,17,62057,429,3937514,7707300
7630,21,24,62036,426,3937538,8004200
7631,23,23,62013,426,3937561,7773000
7632,15,24,61998,417,3937585,7752500
7633,15,18,61983,414,3937603,7714500
7634,18,23,61965,409,3937626,7782300
7635,17,19,61948,407,3937645,7748000
7636,19,21,61929,405,3937666,7901500
7637,19,26,61910,398,3937692,7825600
7638,17,19,61893,396,3937711,7784900
7639,16,19,61877,393,3937730,7679900
7640,16,14,61861,395,3937744,7702900
7641,12,14,61849,393,3937758,7679600
7642,10,20,61839,383,3937778,7685200
7643,20,25,61819,378,3937803,8125600
7644,16,17,61803,377,3937820,7848000
7645,11,28,61792,360,3937848,7831400
7646,12,20,61780,352,3937868,7776400
7647,7,10,61773,349,3937878,7721200
7648,17,20,61756,346,3937898,7724400
7649,15,15,61741,346,3937913,8326900
7650,15,17,61726,344,3937930,7667000
7651,17,19,61709,342,3937949,7877300
7652,16,17,61693,341,3937966,7710600
7653,13,17,61680,337,3937983,7822600
7654,9,14,61671,332,3937997,7837400
7655,9,15,61662,326,3938012,7860300
7656,12,17,61650,321,3938029,7788700
7657,8,10,61642,319,3938039,7832100
7658,9,15,61633,313,3938054,7965300
7659,12,18,61621,307,3938072,7796500
7660,8,17,61613,298,3938089,7831200
7661,7,15,61606,290,3938104,8277600
7662,11,14,61595,287,3938118,8033300
7663,9,13,61586,283,3938131,7780000
7664,10,19,61576,274,3938150,7722700
7665,12,12,61564,274,3938162,8075300
7666,11,10,61553,275,3938172,8151300
7667,11,10,61542,276,3938182,8145700
7668,11,5,61531,282,3938187,8190800
7669,17,14,61514,285,3938201,8064200
7670,7,19,61507,273,3938220,8399600
7671,11,13,61496,271,3938233,8076300
7672,7,17,61489,261,3938250,8090100
7673,9,12,61480,258,3938262,7896900
7674,7,16,61473,249,3938278,8198300
7675,8,17,61465,240,3938295,7917600
7676,4,19,61461,225,3938314,8193400
7677,5,8,61456,222,3938322,7992300
7678,4,16,61452,210,3938338,7850500
7679,2,6,61450,206,3938344,7705900
7680,6,7,61444,205,3938351,8043000
7681,4,13,61440,196,3938364,7678000
7682,5,9,61435,192,3938373,7737000
7683,10,8,61425,194,3938381,7740200
7684,9,12,61416,191,3938393,7736400
7685,9,6,61407,194,3938399,7869600
7686,10,11,61397,193,3938410,8119800
7687,11,10,61386,194,3938420,8175400
7688,8,8,61378,194,3938428,8326300
7689,5,12,61373,187,3938440,7860000
7690,7,6,61366,188,3938446,8273900
7691,12,9,61354,191,3938455,8210300
7692,4,10,61350,185,3938465,8706100
7693,5,9,61345,181,3938474,7911700
7694,6,8,61339,179,3938482,7943900
7695,1,10,61338,170,3938492,7924600
7696,7,10,61331,167,3938502,7891200
7697,7,12,61324,162,3938514,8024300
7698,4,5,61320,161,3938519,8860200
7699,10,10,61310,161,3938529,7979200
7700,7,11,61303,157,3938540,7687300
7701,6,9,61297,154,3938549,7754300
7702,2,8,61295,148,3938557,7882300
7703,8,7,61287,149,3938564,7851600
7704,4,9,61283,144,3938573,7799500
7705,7,10,61276,141,3938583,7977100
7706,3,7,61273,137,3938590,8104300
7707,5,2,61268,140,3938592,7953300
7708,6,10,61262,136,3938602,7901300
7709,5,5,61257,136,3938607,8101500
7710,6,7,61251,135,3938614,8077100
7711,10,6,61241,139,3938620,8179600
7712,9,5,61232,143,3938625,8148200
7713,6,7,61226,142,3938632,8190100
7714,6,8,61220,140,3938640,8179800
7715,6,8,61214,138,3938648,8100700
7716,6,8,61208,136,3938656,7883900
7717,3,10,61205,129,3938666,8199200
7718,3,7,61202,125,3938673,7825700
7719,6,6,61196,125,3938679,7998400
7720,1,9,61195,117,3938688,7908700
7721,4,10,61191,111,3938698,7784200
7722,2,4,61189,109,3938702,8103700
7723,6,8,61183,107,3938710,8196300
7724,4,5,61179,106,3938715,8011900
7725,4,11,61175,99,3938726,7901500
7726,1,6,61174,94,3938732,7832000
7727,2,6,61172,90,3938738,7831000
7728,3,5,61169,88,3938743,8048200
7729,2,7,61167,83,3938750,7873100
7730,1,4,61166,80,3938754,7909300
7731,4,3,61162,81,3938757,7923900
7732,1,3,61161,79,3938760,8199600
7733,5,5,61156,79,3938765,8036800
7734,7,4,61149,82,3938769,7855100
7735,5,4,61144,83,3938773,8489000
7736,2,3,61142,82,3938776,8020300
7737,5,5,61137,82,3938781,7969200
7738,3,5,61134,80,3938786,7945300
7739,3,5,61131,78,3938791,7829400
7740,2,5,61129,75,3938796,7724000
7741,3,3,61126,75,3938799,7820800
7742,4,2,61122,77,3938801,7614500
7743,5,2,61117,80,3938803,7627800
7744,2,4,61115,78,3938807,7780900
7745,3,2,61112,79,3938809,8087900
7746,2,3,61110,78,3938812,8022400
7747,2,7,61108,73,3938819,7786200
7748,0,4,61108,69,3938823,7746900
7749,0,5,61108,64,3938828,7753500
7750,3,7,61105,60,3938835,7843000
7751,0,2,61105,58,3938837,7799200
7752,2,5,61103,55,3938842,7920600
7753,1,5,61102,51,3938847,8265600
7754,1,2,61101,50,3938849,7961600
7755,2,0,61099,52,3938849,7888900
7756,4,0,61095,56,3938849,7895100
7757,1,2,61094,55,3938851,8132300
7758,1,7,61093,49,3938858,7977100
7759,1,3,61092,47,3938861,7735100
7760,0,2,61092,45,3938863,7806400
7761,0,2,61092,43,3938865,8135800
7762,0,0,61092,43,3938865,8131400
7763,1,1,61091,43,3938866,7804100
7764,0,1,61091,42,3938867,7650100
7765,0,1,61091,41,3938868,7683100
7766,0,2,61091,39,3938870,7595600
7767,0,0,61091,39,3938870,7656700
7768,0,3,61091,36,3938873,7762300
7769,0,3,61091,33,3938876,7910000
7770,0,4,61091,29,3938880,7931500
7771,0,0,61091,29,3938880,7813300
7772,0,4,61091,25,3938884,7661700
7773,0,0,61091,25,3938884,7788400
7774,0,5,61091,20,3938889,7734000
7775,0,3,61091,17,3938892,7642600
7776,0,0,61091,17,3938892,7646100
7777,0,0,61091,17,3938892,7798600
7778,0,1,61091,16,3938893,7873400
7779,0,0,61091,16,3938893,7964700
7780,1,0,61090,17,3938893,7912800
7781,0,1,61090,16,3938894,7620100
7782,0,1,61090,15,3938895,7665900
7783,0,1,61090,14,3938896,7786800
7784,0,2,61090,12,3938898,7772600
7785,0,3,61090,9,3938901,7854500
7786,0,0,61090,9,3938901,8233900
7787,0,0,61090,9,3938901,7990000
7788,0,0,61090,9,3938901,7866400
7789,0,0,61090,9,3938901,7811500
7790,0,0,61090,9,3938901,7999300
7791,0,1,61090,8,3938902,7788700
7792,0,0,61090,8,3938902,7882100
7793,0,1,61090,7,3938903,7826100
7794,0,0,61090,7,3938903,7743700
7795,0,1,61090,6,3938904,8000700
7796,0,1,61090,5,3938905,7767200
7797,0,0,61090,5,3938905,7757200
7798,0,0,61090,5,3938905,8205600
7799,0,0,61090,5,3938905,7742600
7800,0,0,61090,5,3938905,7771500
7801,0,0,61090,5,3938905,7760000
7802,0,1,61090,4,3938906,7780700
7803,0,0,61090,4,3938906,7823900
7804,0,0,61090,4,3938906,7850800
7805,0,0,61090,4,3938906,7772300
7806,0,1,61090,3,3938907,7715600
7807,0,0,61090,3,3938907,7821600
7808,0,0,61090,3,3938907,7764900
7809,0,0,61090,3,3938907,7676300
7810,0,0,61090,3,3938907,7674500
7811,0,0,61090,3,3938907,7768700
7812,0,0,61090,3,3938907,8512000
7813,0,0,61090,3,3938907,8112700
7814,0,0,61090,3,3938907,8100800
7815,0,0,61090,3,3938907,8099400
7816,0,0,61090,3,3938907,8780900
7817,0,0,61090,3,3938907,8130800
7818,0,0,61090,3,3938907,8001600
7819,0,0,61090,3,3938907,7954800
7820,0,0,61090,3,3938907,7950400
7821,0,0,61090,3,3938907,7918500
7822,0,0,61090,3,3938907,8225300
7823,0,1,61090,2,3938908,7860900
7824,0,0,61090,2,3938908,8268700
7825,0,0,61090,2,3938908,7910000
7826,0,0,61090,2,3938908,7908700
7827,0,1,61090,1,3938909,7711800
7828,0,0,61090,1,3938909,7889800
7829,0,0,61090,1,3938909,7772100
7830,0,0,61090,1,3938909,7871000
7831,0,1,61090,0,3938910,7734400
