Tick,NewlyInfected,NewlyRecovered,TotalSusceptible,TotalInfected,TotalRecovered,StepTimeNanos
0,2,0,3999993,7,0,9019200
1,3,0,3999990,10,0,8934000
2,2,0,3999988,12,0,8350200
3,3,0,3999985,15,0,8896400
4,1,1,3999984,15,1,8321900
5,7,0,3999977,22,1,8437600
6,3,1,3999974,24,2,8935900
7,1,2,3999973,23,4,8664700
8,3,2,3999970,24,6,8771000
9,5,1,3999965,28,7,8307400
10,4,1,3999961,31,8,8319800
11,4,2,3999957,33,10,8176500
12,3,1,3999954,35,11,8150600
13,9,2,3999945,42,13,8016200
14,8,1,3999937,49,14,8301000
15,5,5,3999932,49,19,8744700
16,9,0,3999923,58,19,8107400
17,12,2,3999911,68,21,8114200
18,4,5,3999907,67,26,8451600
19,6,5,3999901,68,31,8119500
20,4,4,3999897,68,35,8352300
21,7,3,3999890,72,38,8661900
22,5,6,3999885,71,44,8761000
23,10,3,3999875,78,47,8457200
24,11,2,3999864,87,49,8414900
25,10,4,3999854,93,53,8035600
26,16,3,3999838,106,56,8214000
27,14,9,3999824,111,65,8693700
28,8,4,3999816,115,69,7752400
29,9,5,3999807,119,74,8351800
30,9,10,3999798,118,84,8680800
31,12,3,3999786,127,87,8340700
32,12,11,3999774,128,98,8034000
33,13,8,3999761,133,106,8322600
34,17,14,3999744,136,120,8769400
35,11,6,3999733,141,126,8265400
36,20,3,3999713,158,129,8194400
37,18,8,3999695,168,137,8124200
38,16,9,3999679,175,146,8177600
39,23,6,3999656,192,152,8069500
40,15,5,3999641,202,157,8557800
41,23,9,3999618,216,166,7887500
42,19,13,3999599,222,179,8523700
43,19,14,3999580,227,193,8277500
44,12,16,3999568,223,209,8093600
45,17,13,3999551,227,222,7881500
46,23,5,3999528,245,227,8448500
47,24,14,3999504,255,241,8506300
48,21,10,3999483,266,251,9013100
49,20,17,3999463,269,268,8227700
50,16,9,3999447,276,277,8206400
51,22,11,3999425,287,288,8401100
52,22,17,3999403,292,305,8214000
53,16,16,3999387,292,321,8454600
54,30,18,3999357,304,339,8816700
55,31,11,3999326,324,350,8207400
56,22,7,3999304,339,357,8292200
57,32,22,3999272,349,379,8097600
58,29,19,3999243,359,398,8228000
59,30,21,3999213,368,419,8059600
60,34,18,3999179,384,437,7909600
61,37,15,3999142,406,452,8865000
62,29,18,3999113,417,470,8217300
63,45,20,3999068,442,490,7996300
64,44,31,3999024,455,521,7740500
65,33,29,3998991,459,550,7993700
66,31,20,3998960,470,570,8000300
67,35,21,3998925,484,591,8042200
68,41,19,3998884,506,610,8207600
69,37,19,3998847,524,629,7956200
70,40,28,3998807,536,657,8174900
71,50,27,3998757,559,684,8164600
72,40,34,3998717,565,718,8202000
73,39,18,3998678,586,736,7967600
74,40,36,3998638,590,772,7886700
75,47,26,3998591,611,798,8352200
76,44,26,3998547,629,824,8564800
77,44,28,3998503,645,852,8444500
78,51,27,3998452,669,879,8529900
79,39,36,3998413,672,915,8310000
80,56,42,3998357,686,957,8519900
81,60,31,3998297,715,988,8330200
82,43,48,3998254,710,1036,8693500
83,46,27,3998208,729,1063,8768800
84,56,42,3998152,743,1105,8328100
85,49,44,3998103,748,1149,8204500
86,44,36,3998059,756,1185,8262500
87,61,41,3997998,776,1226,8114000
88,57,29,3997941,804,1255,8300800
89,62,33,3997879,833,1288,8081700
90,58,51,3997821,840,1339,8611400
91,60,45,3997761,855,1384,7858700
92,51,53,3997710,853,1437,8562300
93,57,47,3997653,863,1484,8219200
94,63,40,3997590,886,1524,8056700
95,53,35,3997537,904,1559,7796900
96,60,47,3997477,917,1606,8838000
97,68,51,3997409,934,1657,8107500
98,62,55,3997347,941,1712,8296500
99,80,45,3997267,976,1757,7973800
100,59,52,3997208,983,1809,7971300
101,58,54,3997150,987,1863,8716000
102,87,46,3997063,1028,1909,8042300
103,67,53,3996996,1042,1962,8575500
104,70,58,3996926,1054,2020,7840600
105,81,50,3996845,1085,2070,8093600
106,80,48,3996765,1117,2118,9438800
107,80,51,3996685,1146,2169,8021000
108,73,59,3996612,1160,2228,8621500
109,80,59,3996532,1181,2287,8356500
110,69,54,3996463,1196,2341,8532800
111,76,55,3996387,1217,2396,7917100
112,100,69,3996287,1248,2465,8320700
113,90,70,3996197,1268,2535,8695100
114,92,70,3996105,1290,2605,8182900
115,78,56,3996027,1312,2661,8436000
116,83,43,3995944,1352,2704,8610000
117,95,70,3995849,1377,2774,8570600
118,78,67,3995771,1388,2841,7938100
119,77,61,3995694,1404,2902,8340600
120,80,60,3995614,1424,2962,7841200
121,83,60,3995531,1447,3022,7845800
122,92,71,3995439,1468,3093,8510500
123,85,78,3995354,1475,3171,8014100
124,67,89,3995287,1453,3260,8296800
125,71,89,3995216,1435,3349,7961900
126,76,71,3995140,1440,3420,8202700
127,85,68,3995055,1457,3488,8342700
128,68,63,3994987,1462,3551,8154600
129,82,77,3994905,1467,3628,8641300
130,90,65,3994815,1492,3693,8942900
131,77,75,3994738,1494,3768,8356400
132,97,97,3994641,1494,3865,8211200
133,92,70,3994549,1516,3935,8090600
134,83,86,3994466,1513,4021,8086100
135,82,77,3994384,1518,4098,8101000
136,75,56,3994309,1537,4154,8374300
137,80,59,3994229,1558,4213,8110300
138,105,67,3994124,1596,4280,8226800
139,83,79,3994041,1600,4359,8178200
140,76,72,3993965,1604,4431,8363700
141,83,79,3993882,1608,4510,8351000
142,95,90,3993787,1613,4600,8428400
143,87,77,3993700,1623,4677,8309300
144,80,86,3993620,1617,4763,8176400
145,91,78,3993529,1630,4841,8917500
146,111,80,3993418,1661,4921,8066600
147,102,86,3993316,1677,5007,8087200
148,97,84,3993219,1690,5091,8378200
149,95,92,3993124,1693,5183,8416200
150,105,99,3993019,1699,5282,8205100
151,95,65,3992924,1729,5347,8432200
152,103,73,3992821,1759,5420,8290800
153,105,87,3992716,1777,5507,8865100
154,111,92,3992605,1796,5599,8446000
155,115,88,3992490,1823,5687,8356900
156,98,96,3992392,1825,5783,7900900
157,108,84,3992284,1849,5867,7900700
158,106,86,3992178,1869,5953,8789200
159,112,88,3992066,1893,6041,8202100
160,95,98,3991971,1890,6139,8401700
161,125,84,3991846,1931,6223,8586900
162,109,96,3991737,1944,6319,8049200
163,110,75,3991627,1979,6394,8377600
164,124,96,3991503,2007,6490,8428100
165,124,107,3991379,2024,6597,8067500
166,107,137,3991272,1994,6734,7835000
167,105,82,3991167,2017,6816,7995000
168,96,92,3991071,2021,6908,8959400
169,122,90,3990949,2053,6998,8114600
170,108,113,3990841,2048,7111,7986200
171,122,99,3990719,2071,7210,7958000
172,114,95,3990605,2090,7305,8174400
173,119,109,3990486,2100,7414,8003900
174,129,96,3990357,2133,7510,8389300
175,123,97,3990234,2159,7607,8275200
176,123,126,3990111,2156,7733,7781400
177,132,123,3989979,2165,7856,7888900
178,117,106,3989862,2176,7962,7874600
179,123,116,3989739,2183,8078,8825700
180,148,111,3989591,2220,8189,8271300
181,130,122,3989461,2228,8311,7888000
182,139,108,3989322,2259,8419,8229700
183,128,116,3989194,2271,8535,8149000
184,132,113,3989062,2290,8648,8202900
185,126,123,3988936,2293,8771,8394600
186,129,109,3988807,2313,8880,8037100
187,143,102,3988664,2354,8982,8393400
188,133,130,3988531,2357,9112,8389800
189,156,130,3988375,2383,9242,7959400
190,130,114,3988245,2399,9356,8286000
191,156,113,3988089,2442,9469,8260000
192,137,142,3987952,2437,9611,9043400
193,139,138,3987813,2438,9749,8449400
194,138,118,3987675,2458,9867,8323100
195,168,122,3987507,2504,9989,7941000
196,151,124,3987356,2531,10113,8446900
197,155,127,3987201,2559,10240,8309500
198,156,137,3987045,2578,10377,8143300
199,148,130,3986897,2596,10507,8386000
200,183,145,3986714,2634,10652,8382800
201,178,141,3986536,2671,10793,8091100
202,167,130,3986369,2708,10923,7904000
203,140,137,3986229,2711,11060,8525400
204,161,144,3986068,2728,11204,8344200
205,161,140,3985907,2749,11344,8647300
206,156,138,3985751,2767,11482,7993600
207,144,146,3985607,2765,11628,8085000
208,173,147,3985434,2791,11775,8272900
209,153,154,3985281,2790,11929,8168800
210,140,146,3985141,2784,12075,7872500
211,160,157,3984981,2787,12232,8598900
212,155,141,3984826,2801,12373,8024100
213,138,142,3984688,2797,12515,8956900
214,175,153,3984513,2819,12668,8201400
215,172,144,3984341,2847,12812,8581900
216,164,134,3984177,2877,12946,8057300
217,159,139,3984018,2897,13085,8003000
218,173,134,3983845,2936,13219,8349500
219,174,141,3983671,2969,13360,8295700
220,174,152,3983497,2991,13512,7912600
221,177,147,3983320,3021,13659,8416000
222,181,163,3983139,3039,13822,8050600
223,195,161,3982944,3073,13983,7901600
224,185,138,3982759,3120,14121,7999200
225,197,155,3982562,3162,14276,7956600
226,185,162,3982377,3185,14438,8313600
227,184,178,3982193,3191,14616,8690600
228,209,159,3981984,3241,14775,8420700
229,204,164,3981780,3281,14939,8045700
230,173,163,3981607,3291,15102,7975900
231,166,171,3981441,3286,15273,7965700
232,208,180,3981233,3314,15453,8131100
233,201,174,3981032,3341,15627,8600300
234,178,137,3980854,3382,15764,8361400
235,165,159,3980689,3388,15923,8745800
236,195,179,3980494,3404,16102,8580900
237,196,181,3980298,3419,16283,8787900
238,191,173,3980107,3437,16456,8191800
239,201,163,3979906,3475,16619,8437600
240,216,184,3979690,3507,16803,8452600
241,177,162,3979513,3522,16965,8153500
242,181,186,3979332,3517,17151,8768800
243,198,162,3979134,3553,17313,8475500
244,194,174,3978940,3573,17487,8060000
245,208,174,3978732,3607,17661,8285500
246,190,181,3978542,3616,17842,8219200
247,208,152,3978334,3672,17994,8525100
248,207,180,3978127,3699,18174,7799500
249,194,168,3977933,3725,18342,8703100
250,211,171,3977722,3765,18513,8589300
251,204,185,3977518,3784,18698,8804100
252,186,201,3977332,3769,18899,8533100
253,219,192,3977113,3796,19091,8045200
254,193,188,3976920,3801,19279,8233900
255,224,205,3976696,3820,19484,8533400
256,232,180,3976464,3872,19664,8338000
257,222,186,3976242,3908,19850,8319700
258,222,215,3976020,3915,20065,8579700
259,217,202,3975803,3930,20267,8531400
260,247,182,3975556,3995,20449,8129700
261,204,222,3975352,3977,20671,7987400
262,238,210,3975114,4005,20881,8418100
263,207,194,3974907,4018,21075,8214200
264,209,210,3974698,4017,21285,8198800
265,218,199,3974480,4036,21484,8353300
266,195,200,3974285,4031,21684,8272100
267,202,205,3974083,4028,21889,8150600
268,219,199,3973864,4048,22088,8373100
269,216,197,3973648,4067,22285,8448800
270,211,201,3973437,4077,22486,8321300
271,237,219,3973200,4095,22705,8182200
272,210,215,3972990,4090,22920,8723200
273,249,213,3972741,4126,23133,8166400
274,228,199,3972513,4155,23332,8124800
275,223,227,3972290,4151,23559,8399700
276,233,221,3972057,4163,23780,8613600
277,232,225,3971825,4170,24005,8680500
278,218,188,3971607,4200,24193,8875300
279,228,217,3971379,4211,24410,8438300
280,235,199,3971144,4247,24609,8804800
281,253,184,3970891,4316,24793,8076200
282,244,195,3970647,4365,24988,8174100
283,219,217,3970428,4367,25205,8469600
284,244,235,3970184,4376,25440,8163300
285,240,226,3969944,4390,25666,8361100
286,237,251,3969707,4376,25917,8488400
287,221,208,3969486,4389,26125,8070900
288,234,233,3969252,4390,26358,8571300
289,243,219,3969009,4414,26577,9166700
290,224,214,3968785,4424,26791,8440000
291,218,240,3968567,4402,27031,7938800
292,245,227,3968322,4420,27258,8321300
293,231,210,3968091,4441,27468,7983800
294,210,246,3967881,4405,27714,8259300
295,248,205,3967633,4448,27919,7936700
296,223,241,3967410,4430,28160,8032200
297,195,224,3967215,4401,28384,8083600
298,236,223,3966979,4414,28607,8319400
299,235,226,3966744,4423,28833,8421800
300,252,201,3966492,4474,29034,7826800
301,248,244,3966244,4478,29278,8057600
302,228,208,3966016,4498,29486,8561600
303,231,245,3965785,4484,29731,8085600
304,232,207,3965553,4509,29938,8701700
305,232,243,3965321,4498,30181,8275500
306,248,205,3965073,4541,30386,8338900
307,292,210,3964781,4623,30596,8485300
308,259,226,3964522,4656,30822,8311100
309,285,246,3964237,4695,31068,8577700
310,250,228,3963987,4717,31296,8703700
311,259,245,3963728,4731,31541,8351200
312,250,223,3963478,4758,31764,8044900
313,283,273,3963195,4768,32037,8250300
314,254,236,3962941,4786,32273,8299400
315,238,240,3962703,4784,32513,8409800
316,219,254,3962484,4749,32767,8328400
317,262,251,3962222,4760,33018,8442900
318,239,231,3961983,4768,33249,8057600
319,234,256,3961749,4746,33505,8198400
320,221,233,3961528,4734,33738,9071200
321,235,222,3961293,4747,33960,8694500
322,225,246,3961068,4726,34206,8105600
323,246,220,3960822,4752,34426,7872100
324,259,230,3960563,4781,34656,7980900
325,251,196,3960312,4836,34852,8199300
326,259,246,3960053,4849,35098,8495700
327,248,233,3959805,4864,35331,8258700
328,261,214,3959544,4911,35545,7830800
329,246,227,3959298,4930,35772,8072600
330,272,246,3959026,4956,36018,8028700
331,260,263,3958766,4953,36281,8262500
332,263,240,3958503,4976,36521,7998400
333,217,240,3958286,4953,36761,8073800
334,256,243,3958030,4966,37004,8127100
335,245,217,3957785,4994,37221,7960800
336,263,258,3957522,4999,37479,8361100
337,278,294,3957244,4983,37773,7978300
338,241,248,3957003,4976,38021,7985200
339,271,252,3956732,4995,38273,8599700
340,259,240,3956473,5014,38513,8144000
341,287,243,3956186,5058,38756,8060900
342,245,254,3955941,5049,39010,8170700
343,244,220,3955697,5073,39230,8281500
344,259,241,3955438,5091,39471,8210400
345,280,253,3955158,5118,39724,8396100
346,259,290,3954899,5087,40014,8449300
347,245,227,3954654,5105,40241,8452300
348,269,247,3954385,5127,40488,8409500
349,261,241,3954124,5147,40729,8255200
350,283,287,3953841,5143,41016,8340200
351,272,253,3953569,5162,41269,8294100
352,256,262,3953313,5156,41531,8194400
353,244,244,3953069,5156,41775,8523900
354,269,265,3952800,5160,42040,7991400
355,246,236,3952554,5170,42276,8057100
356,268,239,3952286,5199,42515,8902200
357,281,267,3952005,5213,42782,8532000
358,268,293,3951737,5188,43075,8075400
359,271,280,3951466,5179,43355,8173500
360,282,271,3951184,5190,43626,8519400
361,300,262,3950884,5228,43888,8152700
362,301,243,3950583,5286,44131,8362800
363,304,240,3950279,5350,44371,8090900
364,316,241,3949963,5425,44612,8536200
365,301,265,3949662,5461,44877,8237300
366,284,291,3949378,5454,45168,8639100
367,281,248,3949097,5487,45416,8123200
368,316,252,3948781,5551,45668,8130400
369,292,293,3948489,5550,45961,8109000
370,314,269,3948175,5595,46230,8106300
371,311,318,3947864,5588,46548,8431100
372,281,268,3947583,5601,46816,8064600
373,314,248,3947269,5667,47064,7996200
374,333,294,3946936,5706,47358,8323400
375,333,289,3946603,5750,47647,8772400
376,284,271,3946319,5763,47918,9462500
377,304,283,3946015,5784,48201,8319200
378,336,254,3945679,5866,48455,8396800
379,303,294,3945376,5875,48749,8250400
380,323,286,3945053,5912,49035,8531800
381,294,312,3944759,5894,49347,8334300
382,316,305,3944443,5905,49652,8515300
383,363,296,3944080,5972,49948,8149400
384,325,308,3943755,5989,50256,8317100
385,289,273,3943466,6005,50529,8233400
386,313,266,3943153,6052,50795,7994600
387,299,267,3942854,6084,51062,8228900
388,329,287,3942525,6126,51349,8360300
389,322,301,3942203,6147,51650,8311300
390,327,287,3941876,6187,51937,8228200
391,308,315,3941568,6180,52252,8277000
392,313,307,3941255,6186,52559,8027800
393,328,307,3940927,6207,52866,8297000
394,312,295,3940615,6224,53161,8134100
395,318,298,3940297,6244,53459,8322500
396,320,323,3939977,6241,53782,8592300
397,325,291,3939652,6275,54073,8538500
398,334,280,3939318,6329,54353,8280200
399,364,325,3938954,6368,54678,8131700
400,330,314,3938624,6384,54992,8436100
401,329,300,3938295,6413,55292,9030000
402,317,325,3937978,6405,55617,8509900
403,316,309,3937662,6412,55926,8071300
404,316,333,3937346,6395,56259,7954500
405,296,318,3937050,6373,56577,8045100
406,350,323,3936700,6400,56900,8098000
407,317,335,3936383,6382,57235,8147400
408,326,354,3936057,6354,57589,8552400
409,334,319,3935723,6369,57908,9047000
410,325,338,3935398,6356,58246,8641800
411,311,314,3935087,6353,58560,8126400
412,338,295,3934749,6396,58855,8258600
413,367,323,3934382,6440,59178,8114800
414,320,335,3934062,6425,59513,7892200
415,321,316,3933741,6430,59829,8073200
416,336,312,3933405,6454,60141,8428800
417,303,316,3933102,6441,60457,8365300
418,357,301,3932745,6497,60758,8713800
419,320,351,3932425,6466,61109,8634400
420,329,299,3932096,6496,61408,9173600
421,337,303,3931759,6530,61711,8680300
422,351,306,3931408,6575,62017,8333800
423,343,333,3931065,6585,62350,8225000
424,334,324,3930731,6595,62674,9007600
425,354,305,3930377,6644,62979,8488500
426,354,304,3930023,6694,63283,8168900
427,330,334,3929693,6690,63617,7904100
428,370,346,3929323,6714,63963,7972500
429,347,344,3928976,6717,64307,8072400
430,339,324,3928637,6732,64631,8446300
431,353,340,3928284,6745,64971,8055800
432,339,341,3927945,6743,65312,7955400
433,353,331,3927592,6765,65643,7969600
434,345,279,3927247,6831,65922,7960200
435,336,315,3926911,6852,66237,7931900
436,368,336,3926543,6884,66573,7941600
437,335,335,3926208,6884,66908,8191600
438,352,330,3925856,6906,67238,8413500
439,364,380,3925492,6890,67618,8191100
440,361,340,3925131,6911,67958,8287200
441,340,328,3924791,6923,68286,8327800
442,353,364,3924438,6912,68650,8545300
443,372,326,3924066,6958,68976,8135200
444,377,315,3923689,7020,69291,8291300
445,349,383,3923340,6986,69674,8612200
446,348,349,3922992,6985,70023,8784100
447,374,325,3922618,7034,70348,8836800
448,345,354,3922273,7025,70702,8852500
449,352,344,3921921,7033,71046,8541900
450,367,356,3921554,7044,71402,8575700
451,382,363,3921172,7063,71765,8279800
452,367,337,3920805,7093,72102,8488500
453,353,376,3920452,7070,72478,9105200
454,363,355,3920089,7078,72833,8100700
455,405,388,3919684,7095,73221,8690900
456,360,326,3919324,7129,73547,8007000
457,314,358,3919010,7085,73905,8468200
458,341,348,3918669,7078,74253,8190600
459,337,357,3918332,7058,74610,8326700
460,413,347,3917919,7124,74957,8495400
461,343,327,3917576,7140,75284,8285500
462,353,347,3917223,7146,75631,8678900
463,373,361,3916850,7158,75992,8751800
464,307,384,3916543,7081,76376,8150800
465,372,361,3916171,7092,76737,8075900
466,394,364,3915777,7122,77101,8031600
467,401,346,3915376,7177,77447,8535900
468,373,337,3915003,7213,77784,8050700
469,356,363,3914647,7206,78147,8118200
470,348,348,3914299,7206,78495,8056600
471,346,353,3913953,7199,78848,8391600
472,387,355,3913566,7231,79203,8291000
473,358,394,3913208,7195,79597,7914700
474,347,357,3912861,7185,79954,8086200
475,355,372,3912506,7168,80326,8386100
476,369,330,3912137,7207,80656,8196100
477,364,352,3911773,7219,81008,8179500
478,375,341,3911398,7253,81349,8876600
479,379,367,3911019,7265,81716,8157600
480,392,376,3910627,7281,82092,8077300
481,409,326,3910218,7364,82418,9176500
482,413,391,3909805,7386,82809,9010900
483,372,386,3909433,7372,83195,8969800
484,388,403,3909045,7357,83598,8641300
485,392,374,3908653,7375,83972,8028600
486,364,370,3908289,7369,84342,8368100
487,364,389,3907925,7344,84731,8613200
488,441,377,3907484,7408,85108,8787100
489,384,384,3907100,7408,85492,8594500
490,381,360,3906719,7429,85852,8486200
491,378,377,3906341,7430,86229,8352600
492,392,369,3905949,7453,86598,8320000
493,384,346,3905565,7491,86944,7960300
494,378,405,3905187,7464,87349,7951700
495,398,388,3904789,7474,87737,8641800
496,407,358,3904382,7523,88095,8612900
497,391,400,3903991,7514,88495,8135000
498,371,349,3903620,7536,88844,8114300
499,399,372,3903221,7563,89216,8970000
500,380,375,3902841,7568,89591,8231700
501,407,379,3902434,7596,89970,8546200
502,419,355,3902015,7660,90325,8778000
503,418,364,3901597,7714,90689,8289900
504,417,364,3901180,7767,91053,8384600
505,400,425,3900780,7742,91478,7962800
506,402,384,3900378,7760,91862,8540700
507,404,384,3899974,7780,92246,8769700
508,430,400,3899544,7810,92646,8384600
509,431,424,3899113,7817,93070,8287100
510,417,376,3898696,7858,93446,8598100
511,413,368,3898283,7903,93814,7949900
512,421,400,3897862,7924,94214,8226200
513,417,389,3897445,7952,94603,8418200
514,402,416,3897043,7938,95019,8438700
515,427,387,3896616,7978,95406,8567400
516,405,398,3896211,7985,95804,8201900
517,397,415,3895814,7967,96219,8030900
518,399,368,3895415,7998,96587,8256400
519,419,407,3894996,8010,96994,7994600
520,394,393,3894602,8011,97387,8202600
521,403,407,3894199,8007,97794,8700800
522,403,409,3893796,8001,98203,8745300
523,404,400,3893392,8005,98603,9200000
524,403,412,3892989,7996,99015,8588200
525,416,402,3892573,8010,99417,8355400
526,407,405,3892166,8012,99822,8253800
527,394,387,3891772,8019,100209,8173900
528,401,422,3891371,7998,100631,8224100
529,428,419,3890943,8007,101050,8207200
530,402,386,3890541,8023,101436,8968800
531,420,411,3890121,8032,101847,8517200
532,406,393,3889715,8045,102240,8417800
533,419,410,3889296,8054,102650,8254400
534,433,404,3888863,8083,103054,8075700
535,403,420,3888460,8066,103474,8312300
536,405,429,3888055,8042,103903,8314200
537,387,374,3887668,8055,104277,9005600
538,395,401,3887273,8049,104678,8208800
539,414,374,3886859,8089,105052,8161200
540,405,390,3886454,8104,105442,8342900
541,382,391,3886072,8095,105833,8720100
542,385,403,3885687,8077,106236,8321000
543,439,413,3885248,8103,106649,8909300
544,415,395,3884833,8123,107044,8844800
545,423,429,3884410,8117,107473,8902400
546,434,380,3883976,8171,107853,8247900
547,428,376,3883548,8223,108229,8275600
548,452,425,3883096,8250,108654,8301800
549,450,416,3882646,8284,109070,8306200
550,479,402,3882167,8361,109472,8662900
551,462,411,3881705,8412,109883,8089900
552,417,423,3881288,8406,110306,8292700
553,423,412,3880865,8417,110718,8568600
554,465,415,3880400,8467,111133,8551300
555,423,458,3879977,8432,111591,8037600
556,431,408,3879546,8455,111999,8327000
557,399,407,3879147,8447,112406,8775100
558,444,396,3878703,8495,112802,8413100
559,395,415,3878308,8475,113217,8449600
560,429,402,3877879,8502,113619,8316900
561,461,434,3877418,8529,114053,7977300
562,388,440,3877030,8477,114493,8108700
563,448,406,3876582,8519,114899,8206300
564,423,428,3876159,8514,115327,8001500
565,413,423,3875746,8504,115750,8472000
566,428,434,3875318,8498,116184,7931700
567,420,432,3874898,8486,116616,8520200
568,436,416,3874462,8506,117032,8277600
569,441,414,3874021,8533,117446,8069300
570,473,434,3873548,8572,117880,8494700
571,434,460,3873114,8546,118340,8227900
572,478,453,3872636,8571,118793,8207100
573,456,431,3872180,8596,119224,8599900
574,424,439,3871756,8581,119663,8578400
575,415,413,3871341,8583,120076,8053400
576,445,447,3870896,8581,120523,8413800
577,486,399,3870410,8668,120922,8247800
578,442,437,3869968,8673,121359,8152800
579,444,456,3869524,8661,121815,8175700
580,439,427,3869085,8673,122242,8127400
581,448,423,3868637,8698,122665,8628700
582,463,426,3868174,8735,123091,8183100
583,458,419,3867716,8774,123510,8071200
584,449,431,3867267,8792,123941,8732400
585,471,406,3866796,8857,124347,8513000
586,440,459,3866356,8838,124806,9229400
587,470,443,3865886,8865,125249,8453000
588,468,462,3865418,8871,125711,8012400
589,417,433,3865001,8855,126144,8192700
590,436,471,3864565,8820,126615,7962900
591,460,432,3864105,8848,127047,8465700
592,474,471,3863631,8851,127518,8334100
593,479,475,3863152,8855,127993,8359400
594,483,403,3862669,8935,128396,8269200
595,485,451,3862184,8969,128847,8490800
596,474,478,3861710,8965,129325,7801600
597,485,433,3861225,9017,129758,8191700
598,475,443,3860750,9049,130201,8008300
599,461,474,3860289,9036,130675,8231000
600,455,429,3859834,9062,131104,8629700
601,463,443,3859371,9082,131547,8351800
602,509,449,3858862,9142,131996,8092300
603,490,461,3858372,9171,132457,8369100
604,478,439,3857894,9210,132896,7983900
605,483,440,3857411,9253,133336,8661700
606,486,443,3856925,9296,133779,8032600
607,443,459,3856482,9280,134238,9054000
608,519,451,3855963,9348,134689,8584900
609,486,482,3855477,9352,135171,8620800
610,495,487,3854982,9360,135658,8287200
611,499,455,3854483,9404,136113,8047300
612,448,455,3854035,9397,136568,8149700
613,513,486,3853522,9424,137054,8532900
614,467,468,3853055,9423,137522,8564200
615,489,477,3852566,9435,137999,8794700
616,523,484,3852043,9474,138483,8223600
617,470,480,3851573,9464,138963,7951400
618,496,498,3851077,9462,139461,8017900
619,439,465,3850638,9436,139926,7963500
620,472,445,3850166,9463,140371,8041700
621,489,500,3849677,9452,140871,8183500
622,455,491,3849222,9416,141362,8076400
623,488,457,3848734,9447,141819,8185800
624,479,463,3848255,9463,142282,8246300
625,462,472,3847793,9453,142754,8425500
626,486,489,3847307,9450,143243,8802300
627,534,479,3846773,9505,143722,8592200
628,498,493,3846275,9510,144215,8143400
629,541,500,3845734,9551,144715,8408600
630,488,477,3845246,9562,145192,8318300
631,505,462,3844741,9605,145654,8219600
632,495,456,3844246,9644,146110,8612700
633,500,463,3843746,9681,146573,8240500
634,484,471,3843262,9694,147044,8350800
635,505,500,3842757,9699,147544,8820400
636,452,495,3842305,9656,148039,8703800
637,541,494,3841764,9703,148533,8514500
638,486,455,3841278,9734,148988,8145400
639,520,478,3840758,9776,149466,8095400
640,480,523,3840278,9733,149989,8055900
641,534,501,3839744,9766,150490,8753900
642,581,471,3839163,9876,150961,8128000
643,548,470,3838615,9954,151431,8078000
644,530,537,3838085,9947,151968,8521000
645,503,517,3837582,9933,152485,8519700
646,487,490,3837095,9930,152975,8427500
647,517,526,3836578,9921,153501,7869500
648,489,476,3836089,9934,153977,8110300
649,469,457,3835620,9946,154434,7934300
650,536,504,3835084,9978,154938,8590300
651,500,464,3834584,10014,155402,8711400
652,526,502,3834058,10038,155904,8661200
653,531,496,3833527,10073,156400,8678700
654,535,489,3832992,10119,156889,8472100
655,491,485,3832501,10125,157374,8348000
656,507,511,3831994,10121,157885,8271700
657,542,517,3831452,10146,158402,8222900
658,578,552,3830874,10172,158954,8541300
659,544,500,3830330,10216,159454,8629800
660,486,503,3829844,10199,159957,8262400
661,557,475,3829287,10281,160432,8584700
662,502,541,3828785,10242,160973,8119300
663,550,517,3828235,10275,161490,7956500
664,540,487,3827695,10328,161977,8104600
665,598,545,3827097,10381,162522,8243200
666,556,475,3826541,10462,162997,9102800
667,566,486,3825975,10542,163483,8781700
668,562,526,3825413,10578,164009,9282900
669,558,537,3824855,10599,164546,9120500
670,552,554,3824303,10597,165100,8898600
671,546,495,3823757,10648,165595,8826500
672,554,564,3823203,10638,166159,8657300
673,569,540,3822634,10667,166699,9348600
674,535,559,3822099,10643,167258,9108800
675,506,535,3821593,10614,167793,8821500
676,550,536,3821043,10628,168329,9258300
677,557,544,3820486,10641,168873,10406900
678,563,528,3819923,10676,169401,8668200
679,552,533,3819371,10695,169934,8620400
680,569,545,3818802,10719,170479,9221100
681,545,498,3818257,10766,170977,8776800
682,548,537,3817709,10777,171514,8926400
683,563,532,3817146,10808,172046,8078600
684,543,518,3816603,10833,172564,8414800
685,536,541,3816067,10828,173105,8767600
686,523,548,3815544,10803,173653,8791900
687,541,532,3815003,10812,174185,8555600
688,563,519,3814440,10856,174704,8402500
689,555,569,3813885,10842,175273,8082200
690,541,531,3813344,10852,175804,8949700
691,518,526,3812826,10844,176330,8449900
692,535,527,3812291,10852,176857,8663000
693,555,534,3811736,10873,177391,8017000
694,532,579,3811204,10826,177970,8598400
695,559,527,3810645,10858,178497,8590800
696,565,515,3810080,10908,179012,8523200
697,556,558,3809524,10906,179570,8182100
698,561,571,3808963,10896,180141,8123400
699,552,540,3808411,10908,180681,8153400
700,570,587,3807841,10891,181268,8506400
701,547,545,3807294,10893,181813,8692900
702,567,561,3806727,10899,182374,8157900
703,562,513,3806165,10948,182887,8142200
704,581,569,3805584,10960,183456,8070300
705,550,526,3805034,10984,183982,8361600
706,546,535,3804488,10995,184517,9034600
707,550,544,3803938,11001,185061,8541300
708,566,585,3803372,10982,185646,8771800
709,555,528,3802817,11009,186174,8604900
710,585,552,3802232,11042,186726,8886900
711,556,526,3801676,11072,187252,8748700
712,556,564,3801120,11064,187816,8895900
713,581,595,3800539,11050,188411,8732900
714,549,551,3799990,11048,188962,8671600
715,603,545,3799387,11106,189507,8760200
716,559,572,3798828,11093,190079,8739800
717,540,557,3798288,11076,190636,8565700
718,595,569,3797693,11102,191205,8570600
719,548,492,3797145,11158,191697,8592500
720,627,574,3796518,11211,192271,8702900
721,559,552,3795959,11218,192823,8272100
722,570,569,3795389,11219,193392,8576200
723,565,540,3794824,11244,193932,8689400
724,593,552,3794231,11285,194484,8277600
725,574,588,3793657,11271,195072,8254600
726,566,557,3793091,11280,195629,8226200
727,589,596,3792502,11273,196225,8560400
728,567,580,3791935,11260,196805,8297500
729,605,533,3791330,11332,197338,8741900
730,554,555,3790776,11331,197893,8051000
731,566,570,3790210,11327,198463,8166800
732,598,553,3789612,11372,199016,8662200
733,597,567,3789015,11402,199583,8479800
734,549,592,3788466,11359,200175,8649000
735,567,572,3787899,11354,200747,8582200
736,576,571,3787323,11359,201318,8356300
737,540,578,3786783,11321,201896,8049900
738,548,548,3786235,11321,202444,8559100
739,572,605,3785663,11288,203049,9115400
740,572,554,3785091,11306,203603,8450800
741,555,559,3784536,11302,204162,9295300
742,588,595,3783948,11295,204757,9115300
743,565,542,3783383,11318,205299,8565600
744,575,539,3782808,11354,205838,8336300
745,555,593,3782253,11316,206431,8670400
746,589,533,3781664,11372,206964,8441500
747,539,613,3781125,11298,207577,8129100
748,561,604,3780564,11255,208181,8269500
749,567,571,3779997,11251,208752,8472500
750,555,566,3779442,11240,209318,8189700
751,565,566,3778877,11239,209884,8466800
752,578,576,3778299,11241,210460,8428700
753,549,574,3777750,11216,211034,8335700
754,580,585,3777170,11211,211619,8349100
755,569,557,3776601,11223,212176,8225300
756,552,561,3776049,11214,212737,8214100
757,627,539,3775422,11302,213276,8179000
758,541,603,3774881,11240,213879,8222300
759,619,545,3774262,11314,214424,8239800
760,568,524,3773694,11358,214948,8205300
761,570,567,3773124,11361,215515,8243800
762,605,569,3772519,11397,216084,8514900
763,598,579,3771921,11416,216663,8924300
764,568,563,3771353,11421,217226,8527900
765,627,559,3770726,11489,217785,8790300
766,647,582,3770079,11554,218367,8595300
767,587,595,3769492,11546,218962,8697500
768,588,575,3768904,11559,219537,8149900
769,546,577,3768358,11528,220114,8255400
770,620,552,3767738,11596,220666,8431100
771,619,567,3767119,11648,221233,8860500
772,610,605,3766509,11653,221838,8261900
773,587,564,3765922,11676,222402,8611200
774,603,585,3765319,11694,222987,8346500
775,585,583,3764734,11696,223570,8484900
776,609,589,3764125,11716,224159,8378600
777,623,583,3763502,11756,224742,8276500
778,565,596,3762937,11725,225338,8038300
779,606,624,3762331,11707,225962,8306300
780,557,622,3761774,11642,226584,8394400
781,602,600,3761172,11644,227184,8317500
782,614,551,3760558,11707,227735,8859300
783,623,619,3759935,11711,228354,8427200
784,609,605,3759326,11715,228959,8670700
785,641,547,3758685,11809,229506,8264300
786,602,555,3758083,11856,230061,8374000
787,587,629,3757496,11814,230690,8230000
788,593,584,3756903,11823,231274,8570400
789,573,590,3756330,11806,231864,8354500
790,600,554,3755730,11852,232418,8529200
791,638,577,3755092,11913,232995,8997200
792,621,566,3754471,11968,233561,8537800
793,611,596,3753860,11983,234157,8318900
794,602,575,3753258,12010,234732,8598500
795,640,630,3752618,12020,235362,8501100
796,623,628,3751995,12015,235990,8853900
797,635,589,3751360,12061,236579,8663400
798,610,573,3750750,12098,237152,8651700
799,658,576,3750092,12180,237728,8357800
800,604,614,3749488,12170,238342,8622600
801,639,648,3748849,12161,238990,8066400
802,631,597,3748218,12195,239587,8092800
803,599,597,3747619,12197,240184,8250000
804,621,603,3746998,12215,240787,8201600
805,651,603,3746347,12263,241390,8345800
806,664,652,3745683,12275,242042,8246400
807,646,648,3745037,12273,242690,8903900
808,654,633,3744383,12294,243323,8761400
809,645,592,3743738,12347,243915,8778300
810,686,658,3743052,12375,244573,8779300
811,690,626,3742362,12439,245199,9220700
812,670,671,3741692,12438,245870,8254300
813,649,605,3741043,12482,246475,8189900
814,657,627,3740386,12512,247102,8155700
815,657,613,3739729,12556,247715,8246400
816,677,654,3739052,12579,248369,8451000
817,667,675,3738385,12571,249044,8286000
818,694,645,3737691,12620,249689,8037800
819,603,624,3737088,12599,250313,8251300
820,625,657,3736463,12567,250970,8704400
821,633,624,3735830,12576,251594,8606100
822,651,626,3735179,12601,252220,8467200
823,634,677,3734545,12558,252897,7977100
824,627,632,3733918,12553,253529,8340500
825,611,631,3733307,12533,254160,8928700
826,646,593,3732661,12586,254753,8386200
827,625,625,3732036,12586,255378,8404500
828,670,675,3731366,12581,256053,8139400
829,645,678,3730721,12548,256731,8070600
830,665,620,3730056,12593,257351,8304100
831,623,642,3729433,12574,257993,8491300
832,662,686,3728771,12550,258679,8291000
833,670,622,3728101,12598,259301,8402800
834,601,654,3727500,12545,259955,8556600
835,704,647,3726796,12602,260602,9014800
836,649,644,3726147,12607,261246,8555400
837,685,680,3725462,12612,261926,8412500
838,676,625,3724786,12663,262551,8512600
839,667,641,3724119,12689,263192,8305800
840,665,606,3723454,12748,263798,8298200
841,656,632,3722798,12772,264430,8546200
842,698,608,3722100,12862,265038,8220600
843,669,608,3721431,12923,265646,8221600
844,692,665,3720739,12950,266311,8266000
845,726,653,3720013,13023,266964,8421200
846,679,652,3719334,13050,267616,7976400
847,658,635,3718676,13073,268251,8189100
848,668,670,3718008,13071,268921,8482100
849,695,662,3717313,13104,269583,8377900
850,646,648,3716667,13102,270231,8857800
851,696,626,3715971,13172,270857,8234900
852,670,654,3715301,13188,271511,8391300
853,657,675,3714644,13170,272186,8264600
854,650,630,3713994,13190,272816,7887100
855,710,656,3713284,13244,273472,7951000
856,655,612,3712629,13287,274084,8400500
857,677,649,3711952,13315,274733,8402200
858,658,669,3711294,13304,275402,8383900
859,668,679,3710626,13293,276081,8124900
860,685,694,3709941,13284,276775,8340600
861,668,661,3709273,13291,277436,8263600
862,659,646,3708614,13304,278082,8352100
863,687,672,3707927,13319,278754,8719800
864,725,659,3707202,13385,279413,8306300
865,655,669,3706547,13371,280082,8089800
866,714,681,3705833,13404,280763,7970600
867,661,698,3705172,13367,281461,8526800
868,702,652,3704470,13417,282113,8506000
869,708,685,3703762,13440,282798,8788100
870,684,635,3703078,13489,283433,8652500
871,686,663,3702392,13512,284096,8940200
872,675,642,3701717,13545,284738,8406700
873,692,679,3701025,13558,285417,8294100
874,695,676,3700330,13577,286093,8192000
875,699,679,3699631,13597,286772,8374600
876,684,661,3698947,13620,287433,8118000
877,699,675,3698248,13644,288108,8703300
878,698,642,3697550,13700,288750,8741700
879,722,665,3696828,13757,289415,8633900
880,719,700,3696109,13776,290115,8755300
881,741,724,3695368,13793,290839,8457500
882,719,650,3694649,13862,291489,8487100
883,732,668,3693917,13926,292157,7970000
884,704,668,3693213,13962,292825,8338100
885,706,666,3692507,14002,293491,8627900
886,691,679,3691816,14014,294170,8822700
887,708,733,3691108,13989,294903,8466000
888,745,675,3690363,14059,295578,8115400
889,701,698,3689662,14062,296276,8466500
890,698,667,3688964,14093,296943,7961700
891,707,654,3688257,14146,297597,7942700
892,700,740,3687557,14106,298337,8453000
893,731,715,3686826,14122,299052,8266400
894,732,733,3686094,14121,299785,8536100
895,739,718,3685355,14142,300503,7928600
896,738,712,3684617,14168,301215,9043500
897,714,706,3683903,14176,301921,8843900
898,701,651,3683202,14226,302572,8145200
899,716,744,3682486,14198,303316,8293200
900,720,729,3681766,14189,304045,8791900
901,721,699,3681045,14211,304744,8181300
902,699,683,3680346,14227,305427,8289400
903,743,689,3679603,14281,306116,8475500
904,714,729,3678889,14266,306845,8248200
905,698,718,3678191,14246,307563,8243700
906,645,692,3677546,14199,308255,8363000
907,766,725,3676780,14240,308980,8632800
908,718,734,3676062,14224,309714,9002800
909,754,690,3675308,14288,310404,8435500
910,748,710,3674560,14326,311114,7968100
911,706,728,3673854,14304,311842,7973000
912,782,770,3673072,14316,312612,8343600
913,717,694,3672355,14339,313306,8522100
914,701,716,3671654,14324,314022,8208400
915,736,674,3670918,14386,314696,8278600
916,720,738,3670198,14368,315434,7986800
917,726,686,3669472,14408,316120,8091900
918,735,751,3668737,14392,316871,8371500
919,761,694,3667976,14459,317565,8701000
920,740,691,3667236,14508,318256,8513200
921,738,779,3666498,14467,319035,8744200
922,735,712,3665763,14490,319747,8325300
923,758,689,3665005,14559,320436,8305400
924,715,723,3664290,14551,321159,8518000
925,726,752,3663564,14525,321911,8336300
926,751,691,3662813,14585,322602,8429700
927,715,711,3662098,14589,323313,8700100
928,734,762,3661364,14561,324075,8427900
929,781,724,3660583,14618,324799,8835700
930,742,770,3659841,14590,325569,8368200
931,706,700,3659135,14596,326269,8239400
932,760,734,3658375,14622,327003,8789600
933,704,772,3657671,14554,327775,8457900
934,747,749,3656924,14552,328524,8358000
935,727,762,3656197,14517,329286,8287300
936,806,704,3655391,14619,329990,8902400
937,774,742,3654617,14651,330732,8829400
938,746,695,3653871,14702,331427,8566700
939,740,746,3653131,14696,332173,8646600
940,728,735,3652403,14689,332908,9028700
941,744,735,3651659,14698,333643,8993400
942,770,769,3650889,14699,334412,8780700
943,785,685,3650104,14799,335097,8998500
944,705,754,3649399,14750,335851,8944400
945,739,766,3648660,14723,336617,8738300
946,732,695,3647928,14760,337312,8719000
947,762,721,3647166,14801,338033,8756200
948,744,758,3646422,14787,338791,8775400
949,727,709,3645695,14805,339500,8642000
950,737,786,3644958,14756,340286,8783500
951,755,754,3644203,14757,341040,8629500
952,695,735,3643508,14717,341775,8900800
953,734,720,3642774,14731,342495,8912500
954,731,770,3642043,14692,343265,9374400
955,779,725,3641264,14746,343990,8985800
956,743,719,3640521,14770,344709,8912900
957,803,740,3639718,14833,345449,9048000
958,782,794,3638936,14821,346243,8887700
959,726,771,3638210,14776,347014,9007500
960,759,762,3637451,14773,347776,8869400
961,747,757,3636704,14763,348533,8576800
962,789,733,3635915,14819,349266,8976600
963,767,739,3635148,14847,350005,8521400
964,758,754,3634390,14851,350759,8765600
965,715,775,3633675,14791,351534,8435200
966,726,751,3632949,14766,352285,8496900
967,730,730,3632219,14766,353015,8305000
968,752,743,3631467,14775,353758,8281300
969,798,708,3630669,14865,354466,8673900
970,758,743,3629911,14880,355209,8748500
971,802,710,3629109,14972,355919,8545200
972,840,767,3628269,15045,356686,8506100
973,750,757,3627519,15038,357443,8377600
974,818,721,3626701,15135,358164,8467800
975,828,731,3625873,15232,358895,8386600
976,801,760,3625072,15273,359655,8402900
977,828,791,3624244,15310,360446,8444500
978,760,778,3623484,15292,361224,8791800
979,784,756,3622700,15320,361980,8602800
980,737,800,3621963,15257,362780,8681800
981,762,775,3621201,15244,363555,8436500
982,730,790,3620471,15184,364345,8738000
983,749,728,3619722,15205,365073,8823600
984,777,779,3618945,15203,365852,8571300
985,797,815,3618148,15185,366667,8763200
986,737,763,3617411,15159,367430,8576400
987,755,725,3616656,15189,368155,8637400
988,747,751,3615909,15185,368906,9259000
989,774,750,3615135,15209,369656,8552700
990,734,796,3614401,15147,370452,8579400
991,761,742,3613640,15166,371194,8567700
992,766,723,3612874,15209,371917,8685000
993,783,780,3612091,15212,372697,8738500
994,728,735,3611363,15205,373432,8618400
995,753,748,3610610,15210,374180,8641700
996,752,713,3609858,15249,374893,8494700
997,751,788,3609107,15212,375681,8408100
998,796,754,3608311,15254,376435,8733600
999,826,754,3607485,15326,377189,8660600
1000,750,778,3606735,15298,377967,8443500
1001,770,781,3605965,15287,378748,8543100
1002,807,745,3605158,15349,379493,8827900
1003,778,790,3604380,15337,380283,8759500
1004,745,796,3603635,15286,381079,8691900
1005,739,779,3602896,15246,381858,9021600
1006,780,686,3602116,15340,382544,9254000
1007,779,685,3601337,15434,383229,8740700
1008,773,750,3600564,15457,383979,8920500
1009,830,710,3599734,15577,384689,8705100
1010,799,787,3598935,15589,385476,8892300
1011,811,713,3598124,15687,386189,8875200
1012,753,789,3597371,15651,386978,8729100
1013,778,788,3596593,15641,387766,9096200
1014,792,761,3595801,15672,388527,8841700
1015,818,780,3594983,15710,389307,8802300
1016,810,812,3594173,15708,390119,9096800
1017,755,788,3593418,15675,390907,8323900
1018,759,743,3592659,15691,391650,8631200
1019,774,765,3591885,15700,392415,8744500
1020,761,778,3591124,15683,393193,8554400
1021,788,832,3590336,15639,394025,8408800
1022,814,806,3589522,15647,394831,8305000
1023,795,779,3588727,15663,395610,8493600
1024,771,784,3587956,15650,396394,8741000
1025,825,804,3587131,15671,397198,8485700
1026,718,803,3586413,15586,398001,8314600
1027,808,770,3585605,15624,398771,8612300
1028,763,749,3584842,15638,399520,8295800
1029,800,794,3584042,15644,400314,8320600
1030,827,775,3583215,15696,401089,8423600
1031,754,837,3582461,15613,401926,8419900
1032,756,781,3581705,15588,402707,8006800
1033,742,776,3580963,15554,403483,8333700
1034,748,746,3580215,15556,404229,8047200
1035,833,732,3579382,15657,404961,8559100
1036,832,798,3578550,15691,405759,8397800
1037,761,737,3577789,15715,406496,8279600
1038,758,766,3577031,15707,407262,9072500
1039,813,817,3576218,15703,408079,8157300
1040,798,787,3575420,15714,408866,8527800
1041,818,776,3574602,15756,409642,8063000
1042,782,781,3573820,15757,410423,8276800
1043,709,741,3573111,15725,411164,8399200
1044,780,780,3572331,15725,411944,8016900
1045,794,772,3571537,15747,412716,8336500
1046,813,723,3570724,15837,413439,8602000
1047,771,772,3569953,15836,414211,8611800
1048,773,803,3569180,15806,415014,8362300
1049,836,760,3568344,15882,415774,8380100
1050,780,791,3567564,15871,416565,8282000
1051,769,791,3566795,15849,417356,8539400
1052,783,743,3566012,15889,418099,8380900
1053,723,815,3565289,15797,418914,8462300
1054,716,833,3564573,15680,419747,8171500
1055,758,782,3563815,15656,420529,8341500
1056,805,776,3563010,15685,421305,9152900
1057,747,811,3562263,15621,422116,8412700
1058,781,810,3561482,15592,422926,8330100
1059,734,764,3560748,15562,423690,8041900
1060,757,745,3559991,15574,424435,8411400
1061,805,779,3559186,15600,425214,8059300
1062,804,743,3558382,15661,425957,8156900
1063,810,765,3557572,15706,426722,8483800
1064,810,816,3556762,15700,427538,8961300
1065,863,731,3555899,15832,428269,8610000
1066,781,804,3555118,15809,429073,8511400
1067,757,821,3554361,15745,429894,8860000
1068,754,804,3553607,15695,430698,8427800
1069,785,762,3552822,15718,431460,8544800
1070,792,761,3552030,15749,432221,8278900
1071,817,785,3551213,15781,433006,8330100
1072,796,743,3550417,15834,433749,8282400
1073,821,794,3549596,15861,434543,8129600
1074,768,780,3548828,15849,435323,8622700
1075,805,797,3548023,15857,436120,8319800
1076,835,838,3547188,15854,436958,8319500
1077,807,754,3546381,15907,437712,8113000
1078,803,768,3545578,15942,438480,8493700
1079,804,805,3544774,15941,439285,8371800
1080,842,802,3543932,15981,440087,8520300
1081,815,754,3543117,16042,440841,8420800
1082,843,804,3542274,16081,441645,8305400
1083,822,787,3541452,16116,442432,8218700
1084,843,807,3540609,16152,443239,8401500
1085,848,846,3539761,16154,444085,8427100
1086,817,822,3538944,16149,444907,8304200
1087,798,815,3538146,16132,445722,8690300
1088,866,775,3537280,16223,446497,8597300
1089,845,772,3536435,16296,447269,8118700
1090,843,829,3535592,16310,448098,8175200
1091,856,820,3534736,16346,448918,8379700
1092,849,809,3533887,16386,449727,8805400
1093,835,835,3533052,16386,450562,9305900
1094,844,883,3532208,16347,451445,8226100
1095,802,845,3531406,16304,452290,7993900
1096,818,802,3530588,16320,453092,8056400
1097,858,836,3529730,16342,453928,8250000
1098,809,830,3528921,16321,454758,8284800
1099,788,854,3528133,16255,455612,8370700
1100,810,800,3527323,16265,456412,9056500
1101,821,800,3526502,16286,457212,8281400
1102,809,800,3525693,16295,458012,8787500
1103,787,874,3524906,16208,458886,8396100
1104,828,826,3524078,16210,459712,8440100
1105,841,871,3523237,16180,460583,7957800
1106,740,740,3522497,16180,461323,8121300
1107,793,797,3521704,16176,462120,8541000
1108,802,812,3520902,16166,462932,8734700
1109,754,848,3520148,16072,463780,8039100
1110,819,803,3519329,16088,464583,8235500
1111,787,798,3518542,16077,465381,8090200
1112,815,769,3517727,16123,466150,8494700
1113,815,810,3516912,16128,466960,8084300
1114,847,868,3516065,16107,467828,8593400
1115,780,782,3515285,16105,468610,8472200
1116,789,863,3514496,16031,469473,8982800
1117,818,805,3513678,16044,470278,8811200
1118,820,814,3512858,16050,471092,8424000
1119,759,793,3512099,16016,471885,8823200
1120,874,796,3511225,16094,472681,8448900
1121,821,799,3510404,16116,473480,8318800
1122,801,815,3509603,16102,474295,8444400
1123,814,795,3508789,16121,475090,8683000
1124,851,781,3507938,16191,475871,8056100
1125,777,781,3507161,16187,476652,8273500
1126,811,835,3506350,16163,477487,8454500
1127,806,766,3505544,16203,478253,8439100
1128,816,803,3504728,16216,479056,8603400
1129,837,820,3503891,16233,479876,8674300
1130,820,858,3503071,16195,480734,8679700
1131,830,832,3502241,16193,481566,9113100
1132,800,827,3501441,16166,482393,8433400
1133,786,816,3500655,16136,483209,8160400
1134,802,785,3499853,16153,483994,8379900
1135,777,801,3499076,16129,484795,8160300
1136,796,831,3498280,16094,485626,8505500
1137,816,762,3497464,16148,486388,8333700
1138,798,794,3496666,16152,487182,8489400
1139,861,816,3495805,16197,487998,8594400
1140,841,849,3494964,16189,488847,9040600
1141,815,774,3494149,16230,489621,8208300
1142,836,863,3493313,16203,490484,8948800
1143,828,757,3492485,16274,491241,8723000
1144,827,795,3491658,16306,492036,8176900
1145,856,844,3490802,16318,492880,8108800
1146,835,833,3489967,16320,493713,8054700
1147,806,789,3489161,16337,494502,8037200
1148,868,820,3488293,16385,495322,8038100
1149,880,829,3487413,16436,496151,8252700
1150,809,822,3486604,16423,496973,8140700
1151,837,807,3485767,16453,497780,8681400
1152,863,873,3484904,16443,498653,8730000
1153,858,826,3484046,16475,499479,8101900
1154,854,895,3483192,16434,500374,8221400
1155,873,812,3482319,16495,501186,8051700
1156,855,818,3481464,16532,502004,8126500
1157,858,806,3480606,16584,502810,8820700
1158,859,874,3479747,16569,503684,8156300
1159,869,824,3478878,16614,504508,8308000
1160,864,848,3478014,16630,505356,8182000
1161,846,812,3477168,16664,506168,8463400
1162,856,846,3476312,16674,507014,8148600
1163,858,799,3475454,16733,507813,8251800
1164,869,796,3474585,16806,508609,8668100
1165,867,847,3473718,16826,509456,8084700
1166,884,807,3472834,16903,510263,8150000
1167,878,859,3471956,16922,511122,8270600
1168,830,839,3471126,16913,511961,8156900
1169,807,878,3470319,16842,512839,8091400
1170,813,876,3469506,16779,513715,8231100
1171,854,818,3468652,16815,514533,8240900
1172,833,851,3467819,16797,515384,8357400
1173,809,824,3467010,16782,516208,8022200
1174,822,872,3466188,16732,517080,8690800
1175,820,859,3465368,16693,517939,8663100
1176,874,831,3464494,16736,518770,8731800
1177,835,862,3463659,16709,519632,8390100
1178,817,800,3462842,16726,520432,8625000
1179,857,818,3461985,16765,521250,8481400
1180,857,790,3461128,16832,522040,8593800
1181,874,831,3460254,16875,522871,8142600
1182,880,875,3459374,16880,523746,9261500
1183,840,863,3458534,16857,524609,9039300
1184,895,833,3457639,16919,525442,8446500
1185,846,820,3456793,16945,526262,8189500
1186,887,822,3455906,17010,527084,8090700
1187,851,851,3455055,17010,527935,8307300
1188,901,834,3454154,17077,528769,8851600
1189,879,832,3453275,17124,529601,8294400
1190,908,861,3452367,17171,530462,9315700
1191,873,881,3451494,17163,531343,8221300
1192,890,849,3450604,17204,532192,8285400
1193,873,841,3449731,17236,533033,8470700
1194,861,852,3448870,17245,533885,8528000
1195,840,880,3448030,17205,534765,8041500
1196,859,813,3447171,17251,535578,8519800
1197,835,858,3446336,17228,536436,8243600
1198,847,810,3445489,17265,537246,8564100
1199,852,911,3444637,17206,538157,8119500
1200,846,863,3443791,17189,539020,8194100
1201,830,822,3442961,17197,539842,8182900
1202,855,846,3442106,17206,540688,8962700
1203,850,879,3441256,17177,541567,8435300
1204,852,827,3440404,17202,542394,8545900
1205,841,872,3439563,17171,543266,8298900
1206,876,902,3438687,17145,544168,8199300
1207,869,844,3437818,17170,545012,8528800
1208,889,860,3436929,17199,545872,8246700
1209,853,828,3436076,17224,546700,8275300
1210,856,838,3435220,17242,547538,8404400
1211,926,838,3434294,17330,548376,8550400
1212,908,848,3433386,17390,549224,8499600
1213,859,821,3432527,17428,550045,9564400
1214,877,840,3431650,17465,550885,8240600
1215,853,862,3430797,17456,551747,8454100
1216,889,864,3429908,17481,552611,8215300
1217,881,886,3429027,17476,553497,8057800
1218,887,864,3428140,17499,554361,8351600
1219,882,875,3427258,17506,555236,9039500
1220,871,906,3426387,17471,556142,8265500
1221,862,870,3425525,17463,557012,8028300
1222,915,901,3424610,17477,557913,8491500
1223,906,840,3423704,17543,558753,8132300
1224,861,898,3422843,17506,559651,8218500
1225,858,897,3421985,17467,560548,8192200
1226,860,920,3421125,17407,561468,8918800
1227,886,870,3420239,17423,562338,8692200
1228,883,908,3419356,17398,563246,9142500
1229,848,899,3418508,17347,564145,8349500
1230,883,859,3417625,17371,565004,8089900
1231,861,912,3416764,17320,565916,8198900
1232,889,902,3415875,17307,566818,8126800
1233,938,861,3414937,17384,567679,8083400
1234,842,908,3414095,17318,568587,8403100
1235,883,804,3413212,17397,569391,8075600
1236,852,868,3412360,17381,570259,7815700
1237,853,832,3411507,17402,571091,7759200
1238,854,861,3410653,17395,571952,7789800
1239,864,833,3409789,17426,572785,7801500
1240,863,879,3408926,17410,573664,7997300
1241,866,898,3408060,17378,574562,7848400
1242,822,859,3407238,17341,575421,8100900
1243,859,868,3406379,17332,576289,7895200
1244,856,878,3405523,17310,577167,8071000
1245,890,850,3404633,17350,578017,8155100
1246,866,855,3403767,17361,578872,8116600
1247,893,851,3402874,17403,579723,7924000
1248,894,924,3401980,17373,580647,7882400
1249,833,882,3401147,17324,581529,7975900
1250,875,886,3400272,17313,582415,8096600
1251,853,875,3399419,17291,583290,8105100
1252,865,873,3398554,17283,584163,7967200
1253,863,940,3397691,17206,585103,8072300
1254,854,902,3396837,17158,586005,7845400
1255,824,844,3396013,17138,586849,7935600
1256,848,874,3395165,17112,587723,7859100
1257,875,864,3394290,17123,588587,8161500
1258,845,868,3393445,17100,589455,7963100
1259,868,820,3392577,17148,590275,7883300
1260,859,824,3391718,17183,591099,7838400
1261,864,841,3390854,17206,591940,7892800
1262,913,829,3389941,17290,592769,7931500
1263,875,866,3389066,17299,593635,7924400
1264,907,854,3388159,17352,594489,7875400
1265,912,842,3387247,17422,595331,8042000
1266,843,861,3386404,17404,596192,8089200
1267,948,888,3385456,17464,597080,8133900
1268,826,851,3384630,17439,597931,8110900
1269,902,852,3383728,17489,598783,7896300
1270,881,898,3382847,17472,599681,7881800
1271,872,900,3381975,17444,600581,7880500
1272,907,856,3381068,17495,601437,7846200
1273,850,827,3380218,17518,602264,7963400
1274,877,879,3379341,17516,603143,8027600
1275,858,865,3378483,17509,604008,8150900
1276,942,872,3377541,17579,604880,8026600
1277,878,872,3376663,17585,605752,7885200
1278,908,891,3375755,17602,606643,7884400
1279,913,864,3374842,17651,607507,7824000
1280,910,843,3373932,17718,608350,7791300
1281,916,856,3373016,17778,609206,8028400
1282,883,832,3372133,17829,610038,7912600
1283,893,916,3371240,17806,610954,7863400
1284,953,946,3370287,17813,611900,8012900
1285,910,877,3369377,17846,612777,7841100
1286,942,923,3368435,17865,613700,8251100
1287,920,904,3367515,17881,614604,8446000
1288,880,979,3366635,17782,615583,8295600
1289,905,973,3365730,17714,616556,8135300
1290,938,834,3364792,17818,617390,8246900
1291,887,866,3363905,17839,618256,8315100
1292,952,876,3362953,17915,619132,8267300
1293,924,903,3362029,17936,620035,8456800
1294,876,949,3361153,17863,620984,8395200
1295,909,910,3360244,17862,621894,8015200
1296,905,907,3359339,17860,622801,7956400
1297,903,913,3358436,17850,623714,8320100
1298,877,873,3357559,17854,624587,8008100
1299,917,891,3356642,17880,625478,7888100
1300,906,911,3355736,17875,626389,7964000
1301,912,968,3354824,17819,627357,8769000
1302,922,891,3353902,17850,628248,9335300
1303,918,903,3352984,17865,629151,8857100
1304,926,971,3352058,17820,630122,8610400
1305,890,930,3351168,17780,631052,8301500
1306,887,928,3350281,17739,631980,8490000
1307,843,866,3349438,17716,632846,9021700
1308,895,861,3348543,17750,633707,8784300
1309,866,868,3347677,17748,634575,9473000
1310,840,864,3346837,17724,635439,9539000
1311,850,937,3345987,17637,636376,8783200
1312,870,868,3345117,17639,637244,8516100
1313,954,901,3344163,17692,638145,8462600
1314,869,891,3343294,17670,639036,8569700
1315,863,882,3342431,17651,639918,8308300
1316,926,882,3341505,17695,640800,8134600
1317,871,910,3340634,17656,641710,8120200
1318,877,902,3339757,17631,642612,8192800
1319,888,864,3338869,17655,643476,8259000
1320,888,872,3337981,17671,644348,8905600
1321,889,889,3337092,17671,645237,8752500
1322,927,857,3336165,17741,646094,8643400
1323,854,861,3335311,17734,646955,8612000
1324,874,870,3334437,17738,647825,8631400
1325,901,875,3333536,17764,648700,8639400
1326,889,895,3332647,17758,649595,8427800
1327,882,980,3331765,17660,650575,8361000
1328,943,840,3330822,17763,651415,8440800
1329,877,895,3329945,17745,652310,8215900
1330,884,837,3329061,17792,653147,8323900
1331,863,898,3328198,17757,654045,8032200
1332,879,909,3327319,17727,654954,8167900
1333,913,918,3326406,17722,655872,8009400
1334,853,877,3325553,17698,656749,8196400
1335,882,915,3324671,17665,657664,8498800
1336,900,889,3323771,17676,658553,8200800
1337,945,864,3322826,17757,659417,8104800
1338,946,900,3321880,17803,660317,8219400
1339,918,910,3320962,17811,661227,8412400
1340,894,881,3320068,17824,662108,8401900
1341,940,921,3319128,17843,663029,8240700
1342,928,940,3318200,17831,663969,8383300
1343,937,884,3317263,17884,664853,8754400
1344,943,928,3316320,17899,665781,8626200
1345,935,891,3315385,17943,666672,8436900
1346,910,864,3314475,17989,667536,8384400
1347,906,908,3313569,17987,668444,8722300
1348,929,892,3312640,18024,669336,8389000
1349,962,922,3311678,18064,670258,8225700
1350,951,921,3310727,18094,671179,8362300
1351,930,931,3309797,18093,672110,8179800
1352,881,977,3308916,17997,673087,8067100
1353,924,871,3307992,18050,673958,8404000
1354,876,917,3307116,18009,674875,7988500
1355,896,844,3306220,18061,675719,8384200
1356,871,886,3305349,18046,676605,8124400
1357,884,901,3304465,18029,677506,8352300
1358,879,910,3303586,17998,678416,8095500
1359,940,888,3302646,18050,679304,8144500
1360,930,908,3301716,18072,680212,8156200
1361,919,861,3300797,18130,681073,8005900
1362,941,899,3299856,18172,681972,8218900
1363,924,918,3298932,18178,682890,8095400
1364,960,928,3297972,18210,683818,8252900
1365,934,891,3297038,18253,684709,8384000
1366,922,907,3296116,18268,685616,9062000
1367,889,924,3295227,18233,686540,8952600
1368,905,924,3294322,18214,687464,8299100
1369,922,956,3293400,18180,688420,8274400
1370,913,937,3292487,18156,689357,8225400
1371,924,872,3291563,18208,690229,7808800
1372,928,898,3290635,18238,691127,8037100
1373,916,940,3289719,18214,692067,8075400
1374,928,900,3288791,18242,692967,7999500
1375,941,892,3287850,18291,693859,7898700
1376,953,910,3286897,18334,694769,7828400
1377,965,893,3285932,18406,695662,7938500
1378,948,912,3284984,18442,696574,7937000
1379,913,968,3284071,18387,697542,8136300
1380,925,945,3283146,18367,698487,8383000
1381,941,960,3282205,18348,699447,8164400
1382,984,970,3281221,18362,700417,8365200
1383,919,909,3280302,18372,701326,8220600
1384,952,879,3279350,18445,702205,8253600
1385,901,979,3278449,18367,703184,8071300
1386,927,890,3277522,18404,704074,7908800
1387,894,899,3276628,18399,704973,7902800
1388,959,933,3275669,18425,705906,8191800
1389,893,889,3274776,18429,706795,8008800
1390,969,905,3273807,18493,707700,7977600
1391,938,949,3272869,18482,708649,8173000
1392,972,919,3271897,18535,709568,7957300
1393,895,873,3271002,18557,710441,8414000
1394,927,919,3270075,18565,711360,7925700
1395,919,942,3269156,18542,712302,7855300
1396,1008,950,3268148,18600,713252,7955700
1397,949,892,3267199,18657,714144,7950200
1398,974,910,3266225,18721,715054,8263400
1399,911,960,3265314,18672,716014,8282400
1400,874,955,3264440,18591,716969,7983300
1401,999,908,3263441,18682,717877,7988400
1402,970,980,3262471,18672,718857,8020700
1403,972,891,3261499,18753,719748,7830700
1404,1004,899,3260495,18858,720647,8113100
1405,964,968,3259531,18854,721615,8309000
1406,952,895,3258579,18911,722510,8340800
1407,989,914,3257590,18986,723424,8181400
1408,994,923,3256596,19057,724347,8666100
1409,1010,958,3255586,19109,725305,8135700
1410,1026,934,3254560,19201,726239,7884800
1411,940,939,3253620,19202,727178,7945400
1412,995,974,3252625,19223,728152,8171400
1413,978,931,3251647,19270,729083,8006100
1414,970,947,3250677,19293,730030,7970000
1415,976,939,3249701,19330,730969,7894000
1416,970,1002,3248731,19298,731971,7958700
1417,967,996,3247764,19269,732967,8247400
1418,944,972,3246820,19241,733939,8243000
1419,996,973,3245824,19264,734912,8277200
1420,991,1011,3244833,19244,735923,8080200
1421,992,978,3243841,19258,736901,8024300
1422,953,948,3242888,19263,737849,7855700
1423,911,935,3241977,19239,738784,7896600
1424,931,1003,3241046,19167,739787,8057000
1425,908,950,3240138,19125,740737,7968200
1426,931,929,3239207,19127,741666,7749700
1427,1011,946,3238196,19192,742612,7915200
1428,920,962,3237276,19150,743574,8311100
1429,994,1029,3236282,19115,744603,7916000
1430,944,955,3235338,19104,745558,7944300
1431,1026,996,3234312,19134,746554,7903200
1432,1026,968,3233286,19192,747522,7782200
1433,946,970,3232340,19168,748492,7871000
1434,973,945,3231367,19196,749437,7918600
1435,965,961,3230402,19200,750398,7794400
1436,995,996,3229407,19199,751394,8043500
1437,965,989,3228442,19175,752383,7857200
1438,1001,1030,3227441,19146,753413,8392100
1439,935,966,3226506,19115,754379,8370400
1440,953,921,3225553,19147,755300,8366100
1441,973,904,3224580,19216,756204,8559900
1442,1053,904,3223527,19365,757108,8015100
1443,963,910,3222564,19418,758018,7916800
1444,1025,997,3221539,19446,759015,8239400
1445,1002,929,3220537,19519,759944,7873200
1446,981,960,3219556,19540,760904,7872100
1447,990,948,3218566,19582,761852,8009800
1448,976,903,3217590,19655,762755,7845700
1449,966,975,3216624,19646,763730,7771800
1450,955,892,3215669,19709,764622,7798400
1451,989,954,3214680,19744,765576,8019300
1452,966,985,3213714,19725,766561,7993100
1453,958,1004,3212756,19679,767565,8001500
1454,1010,1007,3211746,19682,768572,7867300
1455,974,983,3210772,19673,769555,7798000
1456,961,990,3209811,19644,770545,7797000
1457,935,990,3208876,19589,771535,7951100
1458,977,1052,3207899,19514,772587,8832700
1459,949,962,3206950,19501,773549,8249400
1460,954,961,3205996,19494,774510,8125000
1461,950,955,3205046,19489,775465,8345000
1462,950,926,3204096,19513,776391,8418700
1463,981,934,3203115,19560,777325,8233800
1464,946,951,3202169,19555,778276,8132400
1465,958,962,3201211,19551,779238,8062800
1466,952,1001,3200259,19502,780239,8429600
1467,966,974,3199293,19494,781213,9118900
1468,936,959,3198357,19471,782172,8461100
1469,945,1023,3197412,19393,783195,8146600
1470,932,1038,3196480,19287,784233,8006100
1471,946,894,3195534,19339,785127,7809800
1472,939,983,3194595,19295,786110,7944900
1473,941,975,3193654,19261,787085,7861700
1474,921,948,3192733,19234,788033,7932500
1475,957,980,3191776,19211,789013,8086300
1476,1000,1015,3190776,19196,790028,7997700
1477,973,921,3189803,19248,790949,7949100
1478,994,971,3188809,19271,791920,7924200
1479,936,994,3187873,19213,792914,8506400
1480,943,957,3186930,19199,793871,8411800
1481,948,981,3185982,19166,794852,7949100
1482,973,910,3185009,19229,795762,7836000
1483,912,948,3184097,19193,796710,8003700
1484,966,933,3183131,19226,797643,7817700
1485,976,941,3182155,19261,798584,8075300
1486,996,965,3181159,19292,799549,8316200
1487,1046,920,3180113,19418,800469,8256600
1488,1007,954,3179106,19471,801423,8309500
1489,1026,1019,3178080,19478,802442,8142800
1490,1001,932,3177079,19547,803374,8349300
1491,1021,959,3176058,19609,804333,8768300
1492,1001,970,3175057,19640,805303,8284500
1493,1055,995,3174002,19700,806298,8394900
1494,976,1040,3173026,19636,807338,8509500
1495,997,991,3172029,19642,808329,8721900
1496,998,962,3171031,19678,809291,8115900
1497,1047,991,3169984,19734,810282,8048400
1498,1038,909,3168946,19863,811191,8500800
1499,1028,989,3167918,19902,812180,8119000
1500,975,972,3166943,19905,813152,8080600
1501,986,979,3165957,19912,814131,8003200
1502,1045,972,3164912,19985,815103,8235800
1503,1010,1044,3163902,19951,816147,7985000
1504,1054,965,3162848,20040,817112,8155500
1505,1003,1011,3161845,20032,818123,8238900
1506,1041,1034,3160804,20039,819157,8183700
1507,987,1008,3159817,20018,820165,7973700
1508,947,987,3158870,19978,821152,7944100
1509,989,931,3157881,20036,822083,8082700
1510,1024,1023,3156857,20037,823106,8049200
1511,983,1024,3155874,19996,824130,8125400
1512,1010,1053,3154864,19953,825183,7981900
1513,991,1001,3153873,19943,826184,8000700
1514,995,983,3152878,19955,827167,8262400
1515,1020,972,3151858,20003,828139,8131300
1516,979,966,3150879,20016,829105,8073200
1517,1006,974,3149873,20048,830079,8059000
1518,1002,994,3148871,20056,831073,7975900
1519,1031,981,3147840,20106,832054,7984900
1520,1054,1008,3146786,20152,833062,7819200
1521,930,1001,3145856,20081,834063,7856700
1522,995,918,3144861,20158,834981,8151200
1523,1025,1000,3143836,20183,835981,8243500
1524,1018,961,3142818,20240,836942,8245600
1525,1030,950,3141788,20320,837892,8289900
1526,1030,998,3140758,20352,838890,8526000
1527,1025,994,3139733,20383,839884,8202600
1528,968,1020,3138765,20331,840904,8243400
1529,999,1016,3137766,20314,841920,7920200
1530,1047,1065,3136719,20296,842985,8078500
1531,1033,1071,3135686,20258,844056,8010200
1532,983,1016,3134703,20225,845072,8029300
1533,1019,1035,3133684,20209,846107,7881300
1534,983,1016,3132701,20176,847123,8072000
1535,996,1022,3131705,20150,848145,7972100
1536,965,1041,3130740,20074,849186,8004100
1537,994,1048,3129746,20020,850234,8001300
1538,967,1021,3128779,19966,851255,8207500
1539,989,987,3127790,19968,852242,7959700
1540,1058,1002,3126732,20024,853244,7971400
1541,974,1004,3125758,19994,854248,8029900
1542,1026,1030,3124732,19990,855278,7932400
1543,1013,1055,3123719,19948,856333,8129100
1544,1069,947,3122650,20070,857280,7972400
1545,1031,954,3121619,20147,858234,8027900
1546,1074,1028,3120545,20193,859262,8101400
1547,1087,1054,3119458,20226,860316,8130900
1548,983,1032,3118475,20177,861348,7974000
1549,1042,961,3117433,20258,862309,8078100
1550,1021,994,3116412,20285,863303,8111200
1551,1036,992,3115376,20329,864295,7868100
1552,1015,1041,3114361,20303,865336,8778000
1553,1052,1031,3113309,20324,866367,8409800
1554,1067,1050,3112242,20341,867417,8536000
1555,1047,984,3111195,20404,868401,8154600
1556,1037,1044,3110158,20397,869445,8175000
1557,1011,948,3109147,20460,870393,7838700
1558,1010,1031,3108137,20439,871424,7855200
1559,991,1011,3107146,20419,872435,7970000
1560,1074,1004,3106072,20489,873439,8042200
1561,1040,1017,3105032,20512,874456,7953300
1562,1032,1049,3104000,20495,875505,8109800
1563,1056,951,3102944,20600,876456,8079700
1564,1018,1063,3101926,20555,877519,7870600
1565,1087,999,3100839,20643,878518,7885500
1566,1122,1106,3099717,20659,879624,7825800
1567,1059,1035,3098658,20683,880659,7935700
1568,1018,1045,3097640,20656,881704,7997200
1569,991,1005,3096649,20642,882709,8008100
1570,986,1042,3095663,20586,883751,8191600
1571,1094,1036,3094569,20644,884787,8110600
1572,1076,993,3093493,20727,885780,8437100
1573,1071,1043,3092422,20755,886823,8281500
1574,1067,997,3091355,20825,887820,8043000
1575,1131,1029,3090224,20927,888849,7835900
1576,1055,1120,3089169,20862,889969,7884200
1577,1080,1058,3088089,20884,891027,8314500
1578,1024,1011,3087065,20897,892038,8801300
1579,1110,1025,3085955,20982,893063,8155600
1580,1004,1035,3084951,20951,894098,8264100
1581,1052,1086,3083899,20917,895184,8536700
1582,1092,1055,3082807,20954,896239,8333800
1583,1113,1092,3081694,20975,897331,8711300
1584,1078,1058,3080616,20995,898389,8173300
1585,1060,992,3079556,21063,899381,8320600
1586,1015,1070,3078541,21008,900451,8143800
1587,1077,1054,3077464,21031,901505,8313700
1588,1036,981,3076428,21086,902486,7954100
1589,1015,1065,3075413,21036,903551,7856900
1590,1054,1074,3074359,21016,904625,7908000
1591,1069,1067,3073290,21018,905692,7939900
1592,1116,1117,3072174,21017,906809,7808900
1593,1064,1020,3071110,21061,907829,7873300
1594,1063,1031,3070047,21093,908860,8087700
1595,1087,1014,3068960,21166,909874,7959900
1596,1071,1043,3067889,21194,910917,7905300
1597,1000,1095,3066889,21099,912012,8327500
1598,1065,1051,3065824,21113,913063,8331200
1599,1050,1108,3064774,21055,914171,8450200
1600,1111,1064,3063663,21102,915235,8164000
1601,1088,1079,3062575,21111,916314,8035200
1602,1096,1073,3061479,21134,917387,8103000
1603,1089,1020,3060390,21203,918407,7904600
1604,1073,1015,3059317,21261,919422,7953100
1605,1093,1102,3058224,21252,920524,7786600
1606,1037,1044,3057187,21245,921568,7835300
1607,1111,1091,3056076,21265,922659,7869400
1608,1077,1053,3054999,21289,923712,7950100
1609,1088,1076,3053911,21301,924788,7941600
1610,1040,1003,3052871,21338,925791,8213500
1611,1086,1104,3051785,21320,926895,8820000
1612,1081,1058,3050704,21343,927953,9071500
1613,1097,1028,3049607,21412,928981,8353200
1614,1054,1044,3048553,21422,930025,8080800
1615,1026,1089,3047527,21359,931114,8018100
1616,1049,1052,3046478,21356,932166,7869900
1617,1050,1083,3045428,21323,933249,8031600
1618,1032,1029,3044396,21326,934278,8479600
1619,1018,1075,3043378,21269,935353,8424800
1620,1035,1108,3042343,21196,936461,8677000
1621,1063,1049,3041280,21210,937510,7928500
1622,990,1060,3040290,21140,938570,7857000
1623,1073,1092,3039217,21121,939662,7863600
1624,1021,1085,3038196,21057,940747,8140600
1625,1061,1081,3037135,21037,941828,7971300
1626,1018,1003,3036117,21052,942831,7954000
1627,1076,1001,3035041,21127,943832,7887200
1628,1027,1048,3034014,21106,944880,8255600
1629,998,1076,3033016,21028,945956,8353500
1630,1136,1062,3031880,21102,947018,8139500
1631,1062,1016,3030818,21148,948034,7980700
1632,1057,1102,3029761,21103,949136,7907300
1633,1009,1088,3028752,21024,950224,7931600
1634,1067,1067,3027685,21024,951291,8700800
1635,1002,1031,3026683,20995,952322,8318000
1636,1012,991,3025671,21016,953313,11534300
1637,1083,1056,3024588,21043,954369,9509300
1638,1044,1045,3023544,21042,955414,9134000
1639,1032,1058,3022512,21016,956472,8395600
1640,1031,1041,3021481,21006,957513,8324400
1641,1091,1024,3020390,21073,958537,8470500
1642,1091,1018,3019299,21146,959555,8505700
1643,1108,997,3018191,21257,960552,8606100
1644,1047,1055,3017144,21249,961607,8746300
1645,1028,1047,3016116,21230,962654,8931100
1646,1114,1079,3015002,21265,963733,8640000
1647,1108,1037,3013894,21336,964770,8425300
1648,1096,1014,3012798,21418,965784,8146000
1649,1056,1105,3011742,21369,966889,8177600
1650,1120,1048,3010622,21441,967937,8081500
1651,1079,1081,3009543,21439,969018,8363400
1652,1119,1091,3008424,21467,970109,8448600
1653,1071,1054,3007353,21484,971163,8529700
1654,1092,1049,3006261,21527,972212,8693600
1655,1032,1098,3005229,21461,973310,8141100
1656,1046,1079,3004183,21428,974389,8884100
1657,1097,1105,3003086,21420,975494,8457500
1658,1048,1041,3002038,21427,976535,8381500
1659,1117,1091,3000921,21453,977626,8352900
1660,1103,1066,2999818,21490,978692,8739300
1661,1171,1052,2998647,21609,979744,8288600
1662,1123,1130,2997524,21602,980874,8746000
1663,1081,1069,2996443,21614,981943,8507500
1664,1141,1087,2995302,21668,983030,8439400
1665,1164,1050,2994138,21782,984080,8395100
1666,1115,1105,2993023,21792,985185,7995800
1667,1110,1078,2991913,21824,986263,8127100
1668,1100,1075,2990813,21849,987338,8377000
1669,1104,1081,2989709,21872,988419,8911100
1670,1091,1134,2988618,21829,989553,8253400
1671,1156,1048,2987462,21937,990601,8152100
1672,1157,1113,2986305,21981,991714,8002500
1673,1140,1180,2985165,21941,992894,8182100
1674,1104,1135,2984061,21910,994029,8193100
1675,1085,1087,2982976,21908,995116,8642200
1676,1059,1105,2981917,21862,996221,8347000
1677,1045,1065,2980872,21842,997286,8249300
1678,1070,1056,2979802,21856,998342,8632700
1679,1059,1020,2978743,21895,999362,8325500
1680,1113,1106,2977630,21902,1000468,8169800
1681,1067,1100,2976563,21869,1001568,8285000
1682,1034,1101,2975529,21802,1002669,8295200
1683,1111,1059,2974418,21854,1003728,8589800
1684,1072,1119,2973346,21807,1004847,8254900
1685,1109,1111,2972237,21805,1005958,8102800
1686,1083,1078,2971154,21810,1007036,8144000
1687,1122,1141,2970032,21791,1008177,8421900
1688,1082,1090,2968950,21783,1009267,8555300
1689,1056,1089,2967894,21750,1010356,8371600
1690,1095,1118,2966799,21727,1011474,8234000
1691,1071,1042,2965728,21756,1012516,8220500
1692,1099,1087,2964629,21768,1013603,8171000
1693,1086,1110,2963543,21744,1014713,8442300
1694,1062,1120,2962481,21686,1015833,8554900
1695,1080,1083,2961401,21683,1016916,8628900
1696,1111,1095,2960290,21699,1018011,8639700
1697,1096,1080,2959194,21715,1019091,8303200
1698,1082,1027,2958112,21770,1020118,8625700
1699,1163,1148,2956949,21785,1021266,8611900
1700,1109,1119,2955840,21775,1022385,8719800
1701,1141,1059,2954699,21857,1023444,8688900
1702,1104,1015,2953595,21946,1024459,8542600
1703,1087,1063,2952508,21970,1025522,8468900
1704,1063,1124,2951445,21909,1026646,8415900
1705,1073,1056,2950372,21926,1027702,8046000
1706,1062,1129,2949310,21859,1028831,7875700
1707,1141,1076,2948169,21924,1029907,7883700
1708,1069,1103,2947100,21890,1031010,8094000
1709,1107,1086,2945993,21911,1032096,8034600
1710,1134,1112,2944859,21933,1033208,8174600
1711,1073,1052,2943786,21954,1034260,8799300
1712,1097,1066,2942689,21985,1035326,8281200
1713,1158,1157,2941531,21986,1036483,8225700
1714,1116,1101,2940415,22001,1037584,7919400
1715,1136,1074,2939279,22063,1038658,8106500
1716,1123,1127,2938156,22059,1039785,8339100
1717,1169,1082,2936987,22146,1040867,8453800
1718,1098,1075,2935889,22169,1041942,8054700
1719,1123,1091,2934766,22201,1043033,8024900
1720,1098,1095,2933668,22204,1044128,8342300
1721,1082,1113,2932586,22173,1045241,8084700
1722,1160,1057,2931426,22276,1046298,8085700
1723,1108,1079,2930318,22305,1047377,7996800
1724,1074,1116,2929244,22263,1048493,8368600
1725,1130,1135,2928114,22258,1049628,7889800
1726,1048,1136,2927066,22170,1050764,7806000
1727,1172,1134,2925894,22208,1051898,7981600
1728,1133,1072,2924761,22269,1052970,7976200
1729,1054,1118,2923707,22205,1054088,7933800
1730,1104,1099,2922603,22210,1055187,7907000
1731,1112,1118,2921491,22204,1056305,7801900
1732,1080,1145,2920411,22139,1057450,7887800
1733,1159,1144,2919252,22154,1058594,7810700
1734,1103,1139,2918149,22118,1059733,8026700
1735,1108,1084,2917041,22142,1060817,8855600
1736,1145,1069,2915896,22218,1061886,8553400
1737,1107,1102,2914789,22223,1062988,8702200
1738,1150,1125,2913639,22248,1064113,8417600
1739,1113,1134,2912526,22227,1065247,8744900
1740,1143,1109,2911383,22261,1066356,8303800
1741,1140,1111,2910243,22290,1067467,8283700
1742,1103,1153,2909140,22240,1068620,8084000
1743,1183,1062,2907957,22361,1069682,8041400
1744,1093,1103,2906864,22351,1070785,8034200
1745,1139,1139,2905725,22351,1071924,7932100
1746,1127,1065,2904598,22413,1072989,7812500
1747,1104,1122,2903494,22395,1074111,8689500
1748,1177,1138,2902317,22434,1075249,8124800
1749,1092,1097,2901225,22429,1076346,8227200
1750,1134,1109,2900091,22454,1077455,8477800
1751,1074,1102,2899017,22426,1078557,7928500
1752,1117,1134,2897900,22409,1079691,8046100
1753,1103,1109,2896797,22403,1080800,7995100
1754,1136,1171,2895661,22368,1081971,7903700
1755,1146,1104,2894515,22410,1083075,7876000
1756,1100,1106,2893415,22404,1084181,7978100
1757,1103,1133,2892312,22374,1085314,7866400
1758,1159,1124,2891153,22409,1086438,7905000
1759,1122,1105,2890031,22426,1087543,7927600
1760,1130,1116,2888901,22440,1088659,8460000
1761,1121,1156,2887780,22405,1089815,8292900
1762,1112,1098,2886668,22419,1090913,8351800
1763,1115,1147,2885553,22387,1092060,8598800
1764,1158,1086,2884395,22459,1093146,8465400
1765,1133,1097,2883262,22495,1094243,8301500
1766,1115,1186,2882147,22424,1095429,8436900
1767,1114,1140,2881033,22398,1096569,8510100
1768,1161,1156,2879872,22403,1097725,8403300
1769,1136,1108,2878736,22431,1098833,8263400
1770,1120,1102,2877616,22449,1099935,8275600
1771,1092,1106,2876524,22435,1101041,8310700
1772,1127,1129,2875397,22433,1102170,8132400
1773,1145,1139,2874252,22439,1103309,8211200
1774,1160,1085,2873092,22514,1104394,8114600
1775,1082,1058,2872010,22538,1105452,7903100
1776,1178,1145,2870832,22571,1106597,8189600
1777,1157,1129,2869675,22599,1107726,7957700
1778,1106,1128,2868569,22577,1108854,8064100
1779,1128,1176,2867441,22529,1110030,7962000
1780,1101,1160,2866340,22470,1111190,8044800
1781,1109,1107,2865231,22472,1112297,7859500
1782,1152,1094,2864079,22530,1113391,8138400
1783,1114,1130,2862965,22514,1114521,8519000
1784,1118,1174,2861847,22458,1115695,8575400
1785,1158,1163,2860689,22453,1116858,8225000
1786,1183,1119,2859506,22517,1117977,8145600
1787,1055,1141,2858451,22431,1119118,8169400
1788,1134,1108,2857317,22457,1120226,8319000
1789,1143,1103,2856174,22497,1121329,8202900
1790,1085,1129,2855089,22453,1122458,8205600
1791,1015,1169,2854074,22299,1123627,8203700
1792,1092,1117,2852982,22274,1124744,8344300
1793,1051,1115,2851931,22210,1125859,8146100
1794,1090,1141,2850841,22159,1127000,8206100
1795,1134,1094,2849707,22199,1128094,8634200
1796,1122,1081,2848585,22240,1129175,8564300
1797,1153,1111,2847432,22282,1130286,8362800
1798,1136,1090,2846296,22328,1131376,8158700
1799,1095,1154,2845201,22269,1132530,8480800
1800,1080,1137,2844121,22212,1133667,8425600
1801,1189,1157,2842932,22244,1134824,8316300
1802,1115,1114,2841817,22245,1135938,8349200
1803,1133,1074,2840684,22304,1137012,8475900
1804,1192,1137,2839492,22359,1138149,8421500
1805,1107,1137,2838385,22329,1139286,8481800
1806,1125,1191,2837260,22263,1140477,8588500
1807,1177,1122,2836083,22318,1141599,8435500
1808,1139,1117,2834944,22340,1142716,8750000
1809,1101,1143,2833843,22298,1143859,8449400
1810,1117,1158,2832726,22257,1145017,8656900
1811,1101,1119,2831625,22239,1146136,8680500
1812,1078,1077,2830547,22240,1147213,8409000
1813,1156,1174,2829391,22222,1148387,8569300
1814,1106,1120,2828285,22208,1149507,8662900
1815,1135,1119,2827150,22224,1150626,8519500
1816,1157,1095,2825993,22286,1151721,8429200
1817,1154,1129,2824839,22311,1152850,8209900
1818,1152,1148,2823687,22315,1153998,8356300
1819,1154,1051,2822533,22418,1155049,8583100
1820,1189,1145,2821344,22462,1156194,8642800
1821,1163,1116,2820181,22509,1157310,9074100
1822,1158,1161,2819023,22506,1158471,8676200
1823,1204,1116,2817819,22594,1159587,8645000
1824,1186,1136,2816633,22644,1160723,8224000
1825,1175,1141,2815458,22678,1161864,8055200
1826,1227,1143,2814231,22762,1163007,7928800
1827,1204,1138,2813027,22828,1164145,7895700
1828,1183,1127,2811844,22884,1165272,7817000
1829,1180,1123,2810664,22941,1166395,7996600
1830,1166,1153,2809498,22954,1167548,7852000
1831,1211,1149,2808287,23016,1168697,8072800
1832,1214,1116,2807073,23114,1169813,7901600
1833,1119,1137,2805954,23096,1170950,8012200
1834,1257,1117,2804697,23236,1172067,7985100
1835,1188,1133,2803509,23291,1173200,8154000
1836,1133,1202,2802376,23222,1174402,7916600
1837,1139,1124,2801237,23237,1175526,8337800
1838,1184,1152,2800053,23269,1176678,8605700
1839,1170,1162,2798883,23277,1177840,8853200
1840,1230,1160,2797653,23347,1179000,8572300
1841,1157,1176,2796496,23328,1180176,8311600
1842,1183,1098,2795313,23413,1181274,8344100
1843,1154,1159,2794159,23408,1182433,8168200
1844,1081,1138,2793078,23351,1183571,8204700
1845,1176,1181,2791902,23346,1184752,8115300
1846,1128,1129,2790774,23345,1185881,8203400
1847,1159,1181,2789615,23323,1187062,8251800
1848,1165,1180,2788450,23308,1188242,8137800
1849,1206,1161,2787244,23353,1189403,8229800
1850,1215,1208,2786029,23360,1190611,8151200
1851,1188,1168,2784841,23380,1191779,8194200
1852,1139,1134,2783702,23385,1192913,8232700
1853,1146,1159,2782556,23372,1194072,8204000
1854,1229,1258,2781327,23343,1195330,8557400
1855,1143,1134,2780184,23352,1196464,8553900
1856,1185,1240,2778999,23297,1197704,8625200
1857,1200,1133,2777799,23364,1198837,8378500
1858,1186,1181,2776613,23369,1200018,8193300
1859,1190,1173,2775423,23386,1201191,8333600
1860,1167,1093,2774256,23460,1202284,8179900
1861,1177,1163,2773079,23474,1203447,8226100
1862,1141,1207,2771938,23408,1204654,8471900
1863,1149,1177,2770789,23380,1205831,8741400
1864,1165,1176,2769624,23369,1207007,8607600
1865,1134,1154,2768490,23349,1208161,8751800
1866,1184,1191,2767306,23342,1209352,8477500
1867,1144,1165,2766162,23321,1210517,8324800
1868,1130,1140,2765032,23311,1211657,8498500
1869,1149,1142,2763883,23318,1212799,8268800
1870,1147,1111,2762736,23354,1213910,8359800
1871,1188,1136,2761548,23406,1215046,8335700
1872,1177,1115,2760371,23468,1216161,8333600
1873,1170,1146,2759201,23492,1217307,8938800
1874,1163,1189,2758038,23466,1218496,8290300
1875,1145,1137,2756893,23474,1219633,8868200
1876,1170,1171,2755723,23473,1220804,8284100
1877,1221,1201,2754502,23493,1222005,8062500
1878,1135,1190,2753367,23438,1223195,8338300
1879,1187,1201,2752180,23424,1224396,8448900
1880,1165,1163,2751015,23426,1225559,8418800
1881,1188,1218,2749827,23396,1226777,8800900
1882,1206,1163,2748621,23439,1227940,8734500
1883,1205,1220,2747416,23424,1229160,8744100
1884,1157,1219,2746259,23362,1230379,8220900
1885,1210,1173,2745049,23399,1231552,8074100
1886,1161,1226,2743888,23334,1232778,8323700
1887,1158,1128,2742730,23364,1233906,8408700
1888,1157,1182,2741573,23339,1235088,8355500
1889,1129,1191,2740444,23277,1236279,8623300
1890,1181,1100,2739263,23358,1237379,8476600
1891,1232,1160,2738031,23430,1238539,8695900
1892,1274,1161,2736757,23543,1239700,9312800
1893,1209,1176,2735548,23576,1240876,9172700
1894,1193,1188,2734355,23581,1242064,8446500
1895,1231,1164,2733124,23648,1243228,8207700
1896,1221,1240,2731903,23629,1244468,8654000
1897,1225,1196,2730678,23658,1245664,8201200
1898,1222,1199,2729456,23681,1246863,8245100
1899,1205,1162,2728251,23724,1248025,8854800
1900,1193,1182,2727058,23735,1249207,8482600
1901,1236,1178,2725822,23793,1250385,8671500
1902,1208,1154,2724614,23847,1251539,8159300
1903,1169,1205,2723445,23811,1252744,8397700
1904,1191,1215,2722254,23787,1253959,8486200
1905,1180,1159,2721074,23808,1255118,8223200
1906,1236,1185,2719838,23859,1256303,8486500
1907,1170,1207,2718668,23822,1257510,8456500
1908,1193,1146,2717475,23869,1258656,8448300
1909,1197,1141,2716278,23925,1259797,8629500
1910,1219,1186,2715059,23958,1260983,8998900
1911,1249,1185,2713810,24022,1262168,9109100
1912,1238,1155,2712572,24105,1263323,9228100
1913,1275,1166,2711297,24214,1264489,9170300
1914,1262,1269,2710035,24207,1265758,9154400
1915,1189,1152,2708846,24244,1266910,9328300
1916,1211,1224,2707635,24231,1268134,8956200
1917,1199,1193,2706436,24237,1269327,8423300
1918,1198,1184,2705238,24251,1270511,8296900
1919,1213,1178,2704025,24286,1271689,8292900
1920,1170,1214,2702855,24242,1272903,8026100
1921,1199,1220,2701656,24221,1274123,8442500
1922,1227,1186,2700429,24262,1275309,8349400
1923,1267,1197,2699162,24332,1276506,7972000
1924,1261,1238,2697901,24355,1277744,8521100
1925,1189,1220,2696712,24324,1278964,8767200
1926,1188,1183,2695524,24329,1280147,8904800
1927,1212,1165,2694312,24376,1281312,8148500
1928,1221,1222,2693091,24375,1282534,8746000
1929,1203,1175,2691888,24403,1283709,8557500
1930,1247,1224,2690641,24426,1284933,8577000
1931,1191,1183,2689450,24434,1286116,8242700
1932,1230,1202,2688220,24462,1287318,8281700
1933,1184,1201,2687036,24445,1288519,8471300
1934,1196,1196,2685840,24445,1289715,8457000
1935,1179,1269,2684661,24355,1290984,8935600
1936,1149,1246,2683512,24258,1292230,8937500
1937,1183,1227,2682329,24214,1293457,8760700
1938,1216,1224,2681113,24206,1294681,9097200
1939,1223,1177,2679890,24252,1295858,8554100
1940,1214,1188,2678676,24278,1297046,8895000
1941,1167,1233,2677509,24212,1298279,8685900
1942,1225,1241,2676284,24196,1299520,9133400
1943,1160,1188,2675124,24168,1300708,8465500
1944,1225,1193,2673899,24200,1301901,8471400
1945,1214,1218,2672685,24196,1303119,8585700
1946,1269,1274,2671416,24191,1304393,8635300
1947,1262,1195,2670154,24258,1305588,8217700
1948,1176,1226,2668978,24208,1306814,8556400
1949,1235,1267,2667743,24176,1308081,8982800
1950,1240,1238,2666503,24178,1309319,8440100
1951,1226,1258,2665277,24146,1310577,8270100
1952,1234,1227,2664043,24153,1311804,8349700
1953,1226,1246,2662817,24133,1313050,8766900
1954,1182,1201,2661635,24114,1314251,8152400
1955,1227,1193,2660408,24148,1315444,8723300
1956,1229,1173,2659179,24204,1316617,8197300
1957,1174,1241,2658005,24137,1317858,8918500
1958,1204,1224,2656801,24117,1319082,9202300
1959,1192,1279,2655609,24030,1320361,8439500
1960,1186,1290,2654423,23926,1321651,8597000
1961,1217,1237,2653206,23906,1322888,8670100
1962,1173,1238,2652033,23841,1324126,8714500
1963,1208,1251,2650825,23798,1325377,8196400
1964,1212,1148,2649613,23862,1326525,8375000
1965,1181,1255,2648432,23788,1327780,8356100
1966,1225,1122,2647207,23891,1328902,8454400
1967,1223,1233,2645984,23881,1330135,8152600
1968,1195,1128,2644789,23948,1331263,8225600
1969,1203,1167,2643586,23984,1332430,8069800
1970,1240,1213,2642346,24011,1333643,8518800
1971,1129,1165,2641217,23975,1334808,8938600
1972,1258,1235,2639959,23998,1336043,8576300
1973,1224,1182,2638735,24040,1337225,8547000
1974,1194,1225,2637541,24009,1338450,8208700
1975,1217,1246,2636324,23980,1339696,8058200
1976,1268,1197,2635056,24051,1340893,8556300
1977,1194,1221,2633862,24024,1342114,8481600
1978,1249,1190,2632613,24083,1343304,8109900
1979,1250,1189,2631363,24144,1344493,8762000
1980,1183,1212,2630180,24115,1345705,8278000
1981,1247,1265,2628933,24097,1346970,8888700
1982,1195,1213,2627738,24079,1348183,8284400
1983,1231,1160,2626507,24150,1349343,8734300
1984,1236,1204,2625271,24182,1350547,8244800
1985,1147,1211,2624124,24118,1351758,8471800
1986,1210,1185,2622914,24143,1352943,8691100
1987,1205,1209,2621709,24139,1354152,8754300
1988,1242,1251,2620467,24130,1355403,9224900
1989,1243,1207,2619224,24166,1356610,8436400
1990,1277,1266,2617947,24177,1357876,8260500
1991,1192,1173,2616755,24196,1359049,8014200
1992,1189,1214,2615566,24171,1360263,8104100
1993,1222,1208,2614344,24185,1361471,8098200
1994,1193,1181,2613151,24197,1362652,8224900
1995,1243,1258,2611908,24182,1363910,8536800
1996,1210,1215,2610698,24177,1365125,9236500
1997,1269,1206,2609429,24240,1366331,8813700
1998,1198,1233,2608231,24205,1367564,8749300
1999,1167,1234,2607064,24138,1368798,8851500
2000,1194,1189,2605870,24143,1369987,8595100
2001,1193,1193,2604677,24143,1371180,8227300
2002,1249,1258,2603428,24134,1372438,8082400
2003,1189,1226,2602239,24097,1373664,8224300
2004,1177,1203,2601062,24071,1374867,8190500
2005,1172,1187,2599890,24056,1376054,8122000
2006,1249,1175,2598641,24130,1377229,8099900
2007,1186,1222,2597455,24094,1378451,8459200
2008,1237,1197,2596218,24134,1379648,9089700
2009,1179,1197,2595039,24116,1380845,8260100
2010,1212,1237,2593827,24091,1382082,8367800
2011,1227,1210,2592600,24108,1383292,8747900
2012,1225,1233,2591375,24100,1384525,8471800
2013,1283,1316,2590092,24067,1385841,8403800
2014,1232,1198,2588860,24101,1387039,8226400
2015,1203,1218,2587657,24086,1388257,8115400
2016,1226,1181,2586431,24131,1389438,8403700
2017,1210,1219,2585221,24122,1390657,8326200
2018,1255,1243,2583966,24134,1391900,8130400
2019,1166,1234,2582800,24066,1393134,8192300
2020,1193,1259,2581607,24000,1394393,8547900
2021,1204,1181,2580403,24023,1395574,8767700
2022,1174,1206,2579229,23991,1396780,8216200
2023,1204,1238,2578025,23957,1398018,8152700
2024,1134,1146,2576891,23945,1399164,8119700
2025,1239,1190,2575652,23994,1400354,8196800
2026,1167,1232,2574485,23929,1401586,8181200
2027,1198,1191,2573287,23936,1402777,8849400
2028,1183,1178,2572104,23941,1403955,8716800
2029,1156,1140,2570948,23957,1405095,8413000
2030,1188,1194,2569760,23951,1406289,8745800
2031,1219,1167,2568541,24003,1407456,8225700
2032,1172,1144,2567369,24031,1408600,7958200
2033,1177,1177,2566192,24031,1409777,8644700
2034,1158,1201,2565034,23988,1410978,8268900
2035,1196,1198,2563838,23986,1412176,8172500
2036,1205,1213,2562633,23978,1413389,8243400
2037,1137,1174,2561496,23941,1414563,8079300
2038,1169,1161,2560327,23949,1415724,8192200
2039,1196,1211,2559131,23934,1416935,8562300
2040,1227,1174,2557904,23987,1418109,8765200
2041,1147,1188,2556757,23946,1419297,8712700
2042,1239,1201,2555518,23984,1420498,8292400
2043,1197,1190,2554321,23991,1421688,8035100
2044,1277,1202,2553044,24066,1422890,8320900
2045,1277,1200,2551767,24143,1424090,8174400
2046,1197,1253,2550570,24087,1425343,8172700
2047,1236,1192,2549334,24131,1426535,8495400
2048,1211,1161,2548123,24181,1427696,8156900
2049,1236,1244,2546887,24173,1428940,8564300
2050,1192,1197,2545695,24168,1430137,8088100
2051,1274,1210,2544421,24232,1431347,8213700
2052,1272,1246,2543149,24258,1432593,8442400
2053,1268,1161,2541881,24365,1433754,8475800
2054,1202,1291,2540679,24276,1435045,8555400
2055,1190,1245,2539489,24221,1436290,9098400
2056,1255,1207,2538234,24269,1437497,9092300
2057,1215,1186,2537019,24298,1438683,8248100
2058,1207,1258,2535812,24247,1439941,8365000
2059,1240,1145,2534572,24342,1441086,8456300
2060,1262,1176,2533310,24428,1442262,8842500
2061,1238,1200,2532072,24466,1443462,8304700
2062,1253,1184,2530819,24535,1444646,8293100
2063,1208,1188,2529611,24555,1445834,8071900
2064,1283,1222,2528328,24616,1447056,8176400
2065,1250,1235,2527078,24631,1448291,8256700
2066,1207,1267,2525871,24571,1449558,8237800
2067,1206,1175,2524665,24602,1450733,8524200
2068,1169,1261,2523496,24510,1451994,8997900
2069,1267,1240,2522229,24537,1453234,8339100
2070,1257,1265,2520972,24529,1454499,8145200
2071,1226,1274,2519746,24481,1455773,8045900
2072,1231,1229,2518515,24483,1457002,8099100
2073,1231,1184,2517284,24530,1458186,8117400
2074,1196,1230,2516088,24496,1459416,8225300
2075,1202,1247,2514886,24451,1460663,8161400
2076,1231,1212,2513655,24470,1461875,8243700
2077,1192,1165,2512463,24497,1463040,8343500
2078,1223,1208,2511240,24512,1464248,8740600
2079,1218,1235,2510022,24495,1465483,8661600
2080,1283,1156,2508739,24622,1466639,8395600
2081,1194,1238,2507545,24578,1467877,8154000
2082,1228,1214,2506317,24592,1469091,8267300
2083,1140,1241,2505177,24491,1470332,9096700
2084,1248,1209,2503929,24530,1471541,8758400
2085,1183,1206,2502746,24507,1472747,8339800
2086,1140,1251,2501606,24396,1473998,8369500
2087,1249,1217,2500357,24428,1475215,8260500
2088,1190,1252,2499167,24366,1476467,8408000
2089,1199,1223,2497968,24342,1477690,8281100
2090,1195,1222,2496773,24315,1478912,8556500
2091,1239,1169,2495534,24385,1480081,8653300
2092,1211,1222,2494323,24374,1481303,8493500
2093,1228,1291,2493095,24311,1482594,8659200
2094,1217,1265,2491878,24263,1483859,8910700
2095,1151,1188,2490727,24226,1485047,9342700
2096,1188,1129,2489539,24285,1486176,8233800
2097,1198,1172,2488341,24311,1487348,8361800
2098,1214,1209,2487127,24316,1488557,8145400
2099,1258,1225,2485869,24349,1489782,8527700
2100,1189,1193,2484680,24345,1490975,8277600
2101,1192,1217,2483488,24320,1492192,8707300
2102,1220,1211,2482268,24329,1493403,8268900
2103,1238,1257,2481030,24310,1494660,8449400
2104,1200,1237,2479830,24273,1495897,8440900
2105,1172,1277,2478658,24168,1497174,8557100
2106,1186,1167,2477472,24187,1498341,8403000
2107,1190,1211,2476282,24166,1499552,8559000
2108,1229,1204,2475053,24191,1500756,8635400
2109,1216,1183,2473837,24224,1501939,8466600
2110,1205,1197,2472632,24232,1503136,8358300
2111,1225,1246,2471407,24211,1504382,8635000
2112,1206,1232,2470201,24185,1505614,8264000
2113,1195,1186,2469006,24194,1506800,8145500
2114,1201,1204,2467805,24191,1508004,8096800
2115,1287,1253,2466518,24225,1509257,8549000
2116,1232,1244,2465286,24213,1510501,8421200
2117,1268,1235,2464018,24246,1511736,8391800
2118,1203,1244,2462815,24205,1512980,8348700
2119,1245,1208,2461570,24242,1514188,8821700
2120,1269,1207,2460301,24304,1515395,8473000
2121,1226,1198,2459075,24332,1516593,8697100
2122,1283,1250,2457792,24365,1517843,8116600
2123,1247,1223,2456545,24389,1519066,8500700
2124,1253,1182,2455292,24460,1520248,8179100
2125,1160,1230,2454132,24390,1521478,8233500
2126,1252,1197,2452880,24445,1522675,8144800
2127,1212,1260,2451668,24397,1523935,8215900
2128,1188,1176,2450480,24409,1525111,8220800
2129,1237,1208,2449243,24438,1526319,8228600
2130,1244,1188,2447999,24494,1527507,8288600
2131,1255,1208,2446744,24541,1528715,8356800
2132,1281,1185,2445463,24637,1529900,8271400
2133,1207,1210,2444256,24634,1531110,8251700
2134,1245,1202,2443011,24677,1532312,8230500
2135,1223,1232,2441788,24668,1533544,8226300
2136,1232,1221,2440556,24679,1534765,8304900
2137,1213,1291,2439343,24601,1536056,8186800
2138,1206,1240,2438137,24567,1537296,8377900
2139,1268,1253,2436869,24582,1538549,8362000
2140,1213,1231,2435656,24564,1539780,8369500
2141,1223,1286,2434433,24501,1541066,8242000
2142,1235,1204,2433198,24532,1542270,8387700
2143,1215,1272,2431983,24475,1543542,8268300
2144,1251,1216,2430732,24510,1544758,8181700
2145,1261,1204,2429471,24567,1545962,8167900
2146,1219,1231,2428252,24555,1547193,8151700
2147,1256,1207,2426996,24604,1548400,8248800
2148,1236,1229,2425760,24611,1549629,8664000
2149,1188,1226,2424572,24573,1550855,8830500
2150,1215,1281,2423357,24507,1552136,8215700
2151,1242,1230,2422115,24519,1553366,8272900
2152,1227,1241,2420888,24505,1554607,8092200
2153,1319,1216,2419569,24608,1555823,8186000
2154,1196,1245,2418373,24559,1557068,8392700
2155,1220,1221,2417153,24558,1558289,8366300
2156,1191,1254,2415962,24495,1559543,8194900
2157,1261,1183,2414701,24573,1560726,8150300
2158,1210,1225,2413491,24558,1561951,8090000
2159,1290,1233,2412201,24615,1563184,8280000
2160,1282,1214,2410919,24683,1564398,8546900
2161,1246,1255,2409673,24674,1565653,8506400
2162,1186,1231,2408487,24629,1566884,8956200
2163,1186,1249,2407301,24566,1568133,8731500
2164,1271,1177,2406030,24660,1569310,8602300
2165,1230,1243,2404800,24647,1570553,8265100
2166,1242,1213,2403558,24676,1571766,8950200
2167,1227,1240,2402331,24663,1573006,8365900
2168,1283,1196,2401048,24750,1574202,8205700
2169,1243,1251,2399805,24742,1575453,8213700
2170,1250,1205,2398555,24787,1576658,8295100
2171,1246,1216,2397309,24817,1577874,8481000
2172,1263,1211,2396046,24869,1579085,8580300
2173,1316,1214,2394730,24971,1580299,8298000
2174,1317,1248,2393413,25040,1581547,8273300
2175,1265,1232,2392148,25073,1582779,8597700
2176,1251,1203,2390897,25121,1583982,8968300
2177,1267,1231,2389630,25157,1585213,8462800
2178,1323,1263,2388307,25217,1586476,8368700
2179,1268,1250,2387039,25235,1587726,8910100
2180,1265,1318,2385774,25182,1589044,8442500
2181,1237,1244,2384537,25175,1590288,8500300
2182,1223,1243,2383314,25155,1591531,8808000
2183,1225,1253,2382089,25127,1592784,8482300
2184,1234,1247,2380855,25114,1594031,8069500
2185,1235,1260,2379620,25089,1595291,8377800
2186,1244,1282,2378376,25051,1596573,8653700
2187,1269,1257,2377107,25063,1597830,8587000
2188,1206,1276,2375901,24993,1599106,8516800
2189,1211,1235,2374690,24969,1600341,8328800
2190,1202,1253,2373488,24918,1601594,8977200
2191,1227,1273,2372261,24872,1602867,8233500
2192,1221,1180,2371040,24913,1604047,8016700
2193,1275,1228,2369765,24960,1605275,8519700
2194,1254,1277,2368511,24937,1606552,8357700
2195,1243,1242,2367268,24938,1607794,8309800
2196,1239,1284,2366029,24893,1609078,8241100
2197,1266,1243,2364763,24916,1610321,8409700
2198,1228,1339,2363535,24805,1611660,9100100
2199,1241,1175,2362294,24871,1612835,8346200
2200,1220,1204,2361074,24887,1614039,8314100
2201,1257,1291,2359817,24853,1615330,8299200
2202,1225,1242,2358592,24836,1616572,8310100
2203,1248,1225,2357344,24859,1617797,8233400
2204,1187,1231,2356157,24815,1619028,8126900
2205,1239,1202,2354918,24852,1620230,8581300
2206,1262,1249,2353656,24865,1621479,8618900
2207,1197,1185,2352459,24877,1622664,8263900
2208,1251,1265,2351208,24863,1623929,8137900
2209,1218,1238,2349990,24843,1625167,8196700
2210,1249,1255,2348741,24837,1626422,8262500
2211,1217,1240,2347524,24814,1627662,8386300
2212,1201,1204,2346323,24811,1628866,8180400
2213,1168,1218,2345155,24761,1630084,8258400
2214,1172,1259,2343983,24674,1631343,8143900
2215,1212,1262,2342771,24624,1632605,8149800
2216,1164,1232,2341607,24556,1633837,8113100
2217,1184,1164,2340423,24576,1635001,8297300
2218,1256,1234,2339167,24598,1636235,8762600
2219,1228,1232,2337939,24594,1637467,8727800
2220,1253,1231,2336686,24616,1638698,8279000
2221,1244,1233,2335442,24627,1639931,8141700
2222,1238,1277,2334204,24588,1641208,8172800
2223,1248,1208,2332956,24628,1642416,8096100
2224,1158,1201,2331798,24585,1643617,8162900
2225,1193,1250,2330605,24528,1644867,8190800
2226,1217,1269,2329388,24476,1646136,8321300
2227,1240,1228,2328148,24488,1647364,8555300
2228,1179,1243,2326969,24424,1648607,8257700
2229,1197,1208,2325772,24413,1649815,8384900
2230,1189,1213,2324583,24389,1651028,8488400
2231,1211,1225,2323372,24375,1652253,8542400
2232,1216,1185,2322156,24406,1653438,9252500
2233,1241,1225,2320915,24422,1654663,8486300
2234,1217,1170,2319698,24469,1655833,8896900
2235,1212,1187,2318486,24494,1657020,8733400
2236,1171,1227,2317315,24438,1658247,8612800
2237,1246,1193,2316069,24491,1659440,8520700
2238,1220,1250,2314849,24461,1660690,9343100
2239,1268,1270,2313581,24459,1661960,8808200
2240,1226,1233,2312355,24452,1663193,8682500
2241,1162,1245,2311193,24369,1664438,9076000
2242,1192,1159,2310001,24402,1665597,8396400
2243,1220,1182,2308781,24440,1666779,8499400
2244,1208,1186,2307573,24462,1667965,8224500
2245,1151,1328,2306422,24285,1669293,8190500
2246,1227,1205,2305195,24307,1670498,8673500
2247,1183,1201,2304012,24289,1671699,8379400
2248,1213,1233,2302799,24269,1672932,8755300
2249,1177,1213,2301622,24233,1674145,8320400
2250,1193,1211,2300429,24215,1675356,8828400
2251,1261,1221,2299168,24255,1676577,8868100
2252,1259,1200,2297909,24314,1677777,9097800
2253,1287,1182,2296622,24419,1678959,8487100
2254,1242,1255,2295380,24406,1680214,8290500
2255,1246,1168,2294134,24484,1681382,8144100
2256,1205,1278,2292929,24411,1682660,8292900
2257,1174,1232,2291755,24353,1683892,8408100
2258,1248,1254,2290507,24347,1685146,8486600
2259,1209,1227,2289298,24329,1686373,8337400
2260,1228,1205,2288070,24352,1687578,8308200
2261,1135,1207,2286935,24280,1688785,8230700
2262,1216,1246,2285719,24250,1690031,8100700
2263,1214,1224,2284505,24240,1691255,8085400
2264,1160,1197,2283345,24203,1692452,8026200
2265,1208,1207,2282137,24204,1693659,8237900
2266,1260,1169,2280877,24295,1694828,8227500
2267,1229,1200,2279648,24324,1696028,8123700
2268,1242,1194,2278406,24372,1697222,8136100
2269,1216,1198,2277190,24390,1698420,8105900
2270,1178,1189,2276012,24379,1699609,8160000
2271,1299,1242,2274713,24436,1700851,8202800
2272,1198,1194,2273515,24440,1702045,8214300
2273,1167,1196,2272348,24411,1703241,8276100
2274,1172,1203,2271176,24380,1704444,8494400
2275,1233,1184,2269943,24429,1705628,8304900
2276,1253,1188,2268690,24494,1706816,8877700
2277,1225,1285,2267465,24434,1708101,8688000
2278,1207,1223,2266258,24418,1709324,8824400
2279,1196,1239,2265062,24375,1710563,8220000
2280,1196,1204,2263866,24367,1711767,8100200
2281,1213,1236,2262653,24344,1713003,8266400
2282,1161,1222,2261492,24283,1714225,8263300
2283,1236,1146,2260256,24373,1715371,8357800
2284,1212,1227,2259044,24358,1716598,8228100
2285,1204,1157,2257840,24405,1717755,8183400
2286,1250,1270,2256590,24385,1719025,8534500
2287,1251,1260,2255339,24376,1720285,8215600
2288,1248,1186,2254091,24438,1721471,8515300
2289,1207,1220,2252884,24425,1722691,8358800
2290,1188,1298,2251696,24315,1723989,8526800
2291,1224,1257,2250472,24282,1725246,8354300
2292,1203,1233,2249269,24252,1726479,8394500
2293,1179,1170,2248090,24261,1727649,8962800
2294,1197,1175,2246893,24283,1728824,8359900
2295,1234,1215,2245659,24302,1730039,8291200
2296,1208,1235,2244451,24275,1731274,8384100
2297,1185,1249,2243266,24211,1732523,8290500
2298,1242,1212,2242024,24241,1733735,8137600
2299,1209,1193,2240815,24257,1734928,8641600
2300,1191,1265,2239624,24183,1736193,8529000
2301,1150,1212,2238474,24121,1737405,8769200
2302,1202,1211,2237272,24112,1738616,8737400
2303,1249,1211,2236023,24150,1739827,8785000
2304,1218,1222,2234805,24146,1741049,8444000
2305,1179,1239,2233626,24086,1742288,8714500
2306,1199,1191,2232427,24094,1743479,8793500
2307,1283,1192,2231144,24185,1744671,8229900
2308,1178,1276,2229966,24087,1745947,8214500
2309,1267,1183,2228699,24171,1747130,8122200
2310,1225,1195,2227474,24201,1748325,8698900
2311,1200,1240,2226274,24161,1749565,8276200
2312,1207,1186,2225067,24182,1750751,8258000
2313,1240,1213,2223827,24209,1751964,8587800
2314,1238,1183,2222589,24264,1753147,8795800
2315,1189,1160,2221400,24293,1754307,8174300
2316,1212,1163,2220188,24342,1755470,8133700
2317,1185,1174,2219003,24353,1756644,8222900
2318,1221,1242,2217782,24332,1757886,8242900
2319,1241,1174,2216541,24399,1759060,8576400
2320,1182,1287,2215359,24294,1760347,8173000
2321,1227,1224,2214132,24297,1761571,8538100
2322,1262,1258,2212870,24301,1762829,8137600
2323,1246,1277,2211624,24270,1764106,8477200
2324,1255,1277,2210369,24248,1765383,8122600
2325,1260,1304,2209109,24204,1766687,8698700
2326,1254,1216,2207855,24242,1767903,8219900
2327,1277,1175,2206578,24344,1769078,8232500
2328,1201,1151,2205377,24394,1770229,8923500
2329,1216,1220,2204161,24390,1771449,8413100
2330,1194,1195,2202967,24389,1772644,8525800
2331,1237,1194,2201730,24432,1773838,8210400
2332,1163,1194,2200567,24401,1775032,8126600
2333,1226,1207,2199341,24420,1776239,8729400
2334,1157,1218,2198184,24359,1777457,8495300
2335,1167,1269,2197017,24257,1778726,8306100
2336,1150,1182,2195867,24225,1779908,8126600
2337,1189,1163,2194678,24251,1781071,8284000
2338,1187,1192,2193491,24246,1782263,8498700
2339,1163,1234,2192328,24175,1783497,8240200
2340,1157,1235,2191171,24097,1784732,8075700
2341,1139,1234,2190032,24002,1785966,8998200
2342,1182,1222,2188850,23962,1787188,8285600
2343,1190,1224,2187660,23928,1788412,8191900
2344,1192,1231,2186468,23889,1789643,8229000
2345,1170,1201,2185298,23858,1790844,8295900
2346,1243,1229,2184055,23872,1792073,8819800
2347,1192,1283,2182863,23781,1793356,8579600
2348,1163,1174,2181700,23770,1794530,8286200
2349,1157,1189,2180543,23738,1795719,8806200
2350,1141,1195,2179402,23684,1796914,8392400
2351,1229,1154,2178173,23759,1798068,8212000
2352,1174,1164,2176999,23769,1799232,8251100
2353,1155,1112,2175844,23812,1800344,8858300
2354,1147,1239,2174697,23720,1801583,8531300
2355,1177,1169,2173520,23728,1802752,8648100
2356,1183,1158,2172337,23753,1803910,8935500
2357,1146,1184,2171191,23715,1805094,8692300
2358,1174,1167,2170017,23722,1806261,8409500
2359,1185,1153,2168832,23754,1807414,8427300
2360,1194,1169,2167638,23779,1808583,8385900
2361,1216,1163,2166422,23832,1809746,8281300
2362,1238,1177,2165184,23893,1810923,8064300
2363,1182,1160,2164002,23915,1812083,8830600
2364,1167,1189,2162835,23893,1813272,8465700
2365,1128,1212,2161707,23809,1814484,8374300
2366,1229,1181,2160478,23857,1815665,8130400
2367,1160,1213,2159318,23804,1816878,8091000
2368,1165,1233,2158153,23736,1818111,8241400
2369,1184,1203,2156969,23717,1819314,8152300
2370,1196,1235,2155773,23678,1820549,8135600
2371,1197,1177,2154576,23698,1821726,8165400
2372,1203,1133,2153373,23768,1822859,8404500
2373,1206,1136,2152167,23838,1823995,8577600
2374,1172,1170,2150995,23840,1825165,8167700
2375,1174,1155,2149821,23859,1826320,8209300
2376,1166,1162,2148655,23863,1827482,8233100
2377,1214,1153,2147441,23924,1828635,8417700
2378,1234,1208,2146207,23950,1829843,8198200
2379,1190,1232,2145017,23908,1831075,8229100
2380,1230,1193,2143787,23945,1832268,8153600
2381,1177,1220,2142610,23902,1833488,8310100
2382,1143,1209,2141467,23836,1834697,8627000
2383,1139,1134,2140328,23841,1835831,8495200
2384,1201,1221,2139127,23821,1837052,8351800
2385,1245,1118,2137882,23948,1838170,8464200
2386,1190,1193,2136692,23945,1839363,8909000
2387,1248,1177,2135444,24016,1840540,8480100
2388,1255,1248,2134189,24023,1841788,8389900
2389,1249,1185,2132940,24087,1842973,8618800
2390,1252,1214,2131688,24125,1844187,8505200
2391,1217,1220,2130471,24122,1845407,8786700
2392,1237,1141,2129234,24218,1846548,8394100
2393,1231,1242,2128003,24207,1847790,8404400
2394,1270,1215,2126733,24262,1849005,8431200
2395,1237,1217,2125496,24282,1850222,8301700
2396,1223,1243,2124273,24262,1851465,8236500
2397,1246,1190,2123027,24318,1852655,8392000
2398,1266,1203,2121761,24381,1853858,8660500
2399,1206,1161,2120555,24426,1855019,8636400
2400,1177,1220,2119378,24383,1856239,8977600
2401,1225,1189,2118153,24419,1857428,8516700
2402,1224,1292,2116929,24351,1858720,8247300
2403,1161,1211,2115768,24301,1859931,8310800
2404,1215,1236,2114553,24280,1861167,8331400
2405,1179,1201,2113374,24258,1862368,8279900
2406,1194,1177,2112180,24275,1863545,8532000
2407,1231,1171,2110949,24335,1864716,8545600
2408,1211,1242,2109738,24304,1865958,8556100
2409,1181,1185,2108557,24300,1867143,9163000
2410,1256,1256,2107301,24300,1868399,8567000
2411,1203,1194,2106098,24309,1869593,8283200
2412,1249,1154,2104849,24404,1870747,8387400
2413,1187,1262,2103662,24329,1872009,8165000
2414,1218,1271,2102444,24276,1873280,8578600
2415,1172,1240,2101272,24208,1874520,8544200
2416,1174,1232,2100098,24150,1875752,8186000
2417,1188,1206,2098910,24132,1876958,8035200
2418,1219,1185,2097691,24166,1878143,8019800
2419,1127,1191,2096564,24102,1879334,8246000
2420,1161,1211,2095403,24052,1880545,8356900
2421,1185,1156,2094218,24081,1881701,8415900
2422,1237,1128,2092981,24190,1882829,8259300
2423,1221,1172,2091760,24239,1884001,8821800
2424,1217,1210,2090543,24246,1885211,8721600
2425,1219,1200,2089324,24265,1886411,8207000
2426,1160,1194,2088164,24231,1887605,8128400
2427,1221,1207,2086943,24245,1888812,8230300
2428,1216,1190,2085727,24271,1890002,8385100
2429,1163,1182,2084564,24252,1891184,8076500
2430,1178,1240,2083386,24190,1892424,8054500
2431,1202,1251,2082184,24141,1893675,8516100
2432,1154,1220,2081030,24075,1894895,8292800
2433,1126,1177,2079904,24024,1896072,8195800
2434,1163,1227,2078741,23960,1897299,8548500
2435,1163,1152,2077578,23971,1898451,8087900
2436,1178,1139,2076400,24010,1899590,8162400
2437,1129,1223,2075271,23916,1900813,8093400
2438,1167,1205,2074104,23878,1902018,8211400
2439,1189,1140,2072915,23927,1903158,8132500
2440,1166,1215,2071749,23878,1904373,8378000
2441,1185,1186,2070564,23877,1905559,8279300
2442,1204,1156,2069360,23925,1906715,8297700
2443,1217,1248,2068143,23894,1907963,8537200
2444,1173,1198,2066970,23869,1909161,8492000
2445,1158,1220,2065812,23807,1910381,8110800
2446,1164,1187,2064648,23784,1911568,8054800
2447,1163,1214,2063485,23733,1912782,8089900
2448,1220,1199,2062265,23754,1913981,8513900
2449,1142,1109,2061123,23787,1915090,8159900
2450,1170,1131,2059953,23826,1916221,8100900
2451,1138,1214,2058815,23750,1917435,8031600
2452,1161,1166,2057654,23745,1918601,8071800
2453,1196,1192,2056458,23749,1919793,8085300
2454,1190,1153,2055268,23786,1920946,8152000
2455,1184,1206,2054084,23764,1922152,8323600
2456,1209,1176,2052875,23797,1923328,8439600
2457,1161,1215,2051714,23743,1924543,8261100
2458,1186,1200,2050528,23729,1925743,8227000
2459,1160,1216,2049368,23673,1926959,8217700
2460,1147,1198,2048221,23622,1928157,8644200
2461,1135,1186,2047086,23571,1929343,8530400
2462,1138,1176,2045948,23533,1930519,8363600
2463,1148,1180,2044800,23501,1931699,8105100
2464,1198,1193,2043602,23506,1932892,8142800
2465,1203,1191,2042399,23518,1934083,8207500
2466,1163,1132,2041236,23549,1935215,8566900
2467,1131,1213,2040105,23467,1936428,8141400
2468,1200,1143,2038905,23524,1937571,8157900
2469,1178,1171,2037727,23531,1938742,8217400
2470,1220,1181,2036507,23570,1939923,8319000
2471,1221,1174,2035286,23617,1941097,9072600
2472,1165,1166,2034121,23616,1942263,8700700
2473,1215,1205,2032906,23626,1943468,9080400
2474,1191,1185,2031715,23632,1944653,8548400
2475,1173,1175,2030542,23630,1945828,8864500
2476,1199,1114,2029343,23715,1946942,8631800
2477,1143,1228,2028200,23630,1948170,8476200
2478,1223,1230,2026977,23623,1949400,8209600
2479,1166,1161,2025811,23628,1950561,8239800
2480,1173,1215,2024638,23586,1951776,8303100
2481,1182,1130,2023456,23638,1952906,8504500
2482,1207,1175,2022249,23670,1954081,8282200
2483,1217,1160,2021032,23727,1955241,8383100
2484,1205,1207,2019827,23725,1956448,8670100
2485,1206,1192,2018621,23739,1957640,8728400
2486,1206,1139,2017415,23806,1958779,8341900
2487,1229,1162,2016186,23873,1959941,8221100
2488,1179,1246,2015007,23806,1961187,8471700
2489,1184,1200,2013823,23790,1962387,7963200
2490,1191,1227,2012632,23754,1963614,8045900
2491,1169,1200,2011463,23723,1964814,8029400
2492,1177,1217,2010286,23683,1966031,8161000
2493,1205,1203,2009081,23685,1967234,8133100
2494,1203,1209,2007878,23679,1968443,8698200
2495,1200,1187,2006678,23692,1969630,8121100
2496,1189,1148,2005489,23733,1970778,8265400
2497,1250,1135,2004239,23848,1971913,8611400
2498,1257,1208,2002982,23897,1973121,8966500
2499,1199,1159,2001783,23937,1974280,9062800
2500,1208,1215,2000575,23930,1975495,8163700
2501,1198,1226,1999377,23902,1976721,8012700
2502,1182,1291,1998195,23793,1978012,8066800
2503,1186,1222,1997009,23757,1979234,8819700
2504,1118,1185,1995891,23690,1980419,8416800
2505,1205,1187,1994686,23708,1981606,8244900
2506,1187,1167,1993499,23728,1982773,8626200
2507,1142,1173,1992357,23697,1983946,8032000
2508,1133,1185,1991224,23645,1985131,8394500
2509,1197,1147,1990027,23695,1986278,8148400
2510,1191,1181,1988836,23705,1987459,8266700
2511,1166,1208,1987670,23663,1988667,8514400
2512,1198,1204,1986472,23657,1989871,9158900
2513,1171,1153,1985301,23675,1991024,8015100
2514,1183,1150,1984118,23708,1992174,8173100
2515,1182,1224,1982936,23666,1993398,8141900
2516,1220,1157,1981716,23729,1994555,8666700
2517,1140,1175,1980576,23694,1995730,8439600
2518,1229,1198,1979347,23725,1996928,8081900
2519,1214,1187,1978133,23752,1998115,8269200
2520,1187,1168,1976946,23771,1999283,8439100
2521,1211,1190,1975735,23792,2000473,8167000
2522,1206,1166,1974529,23832,2001639,8344400
2523,1180,1161,1973349,23851,2002800,8496800
2524,1178,1197,1972171,23832,2003997,8210300
2525,1179,1159,1970992,23852,2005156,8795100
2526,1197,1273,1969795,23776,2006429,8607600
2527,1189,1146,1968606,23819,2007575,8626400
2528,1169,1200,1967437,23788,2008775,8493500
2529,1192,1226,1966245,23754,2010001,8299900
2530,1225,1195,1965020,23784,2011196,8305200
2531,1220,1168,1963800,23836,2012364,8370900
2532,1178,1225,1962622,23789,2013589,8558900
2533,1189,1222,1961433,23756,2014811,8535900
2534,1175,1162,1960258,23769,2015973,8614300
2535,1169,1223,1959089,23715,2017196,8929100
2536,1176,1214,1957913,23677,2018410,8755400
2537,1227,1196,1956686,23708,2019606,8912000
2538,1207,1194,1955479,23721,2020800,8885000
2539,1150,1204,1954329,23667,2022004,8936000
2540,1219,1187,1953110,23699,2023191,9074100
2541,1158,1130,1951952,23727,2024321,8728200
2542,1182,1157,1950770,23752,2025478,9205300
2543,1158,1181,1949612,23729,2026659,10065800
2544,1187,1211,1948425,23705,2027870,9246400
2545,1137,1181,1947288,23661,2029051,8838800
2546,1150,1249,1946138,23562,2030300,8947600
2547,1168,1135,1944970,23595,2031435,8968700
2548,1130,1172,1943840,23553,2032607,8797100
2549,1155,1156,1942685,23552,2033763,8268300
2550,1154,1160,1941531,23546,2034923,8517000
2551,1171,1197,1940360,23520,2036120,8328600
2552,1224,1175,1939136,23569,2037295,8552100
2553,1188,1138,1937948,23619,2038433,8369000
2554,1214,1174,1936734,23659,2039607,8512500
2555,1178,1218,1935556,23619,2040825,8281800
2556,1170,1158,1934386,23631,2041983,9093700
2557,1142,1239,1933244,23534,2043222,9099100
2558,1128,1192,1932116,23470,2044414,8433000
2559,1118,1207,1930998,23381,2045621,8005300
2560,1232,1194,1929766,23419,2046815,8347100
2561,1246,1147,1928520,23518,2047962,8252800
2562,1125,1218,1927395,23425,2049180,8166600
2563,1155,1194,1926240,23386,2050374,7994500
2564,1176,1229,1925064,23333,2051603,7990600
2565,1206,1170,1923858,23369,2052773,7996700
2566,1144,1164,1922714,23349,2053937,8275600
2567,1183,1165,1921531,23367,2055102,8084600
2568,1196,1166,1920335,23397,2056268,8549500
2569,1149,1167,1919186,23379,2057435,8190200
2570,1116,1150,1918070,23345,2058585,8528500
2571,1179,1158,1916891,23366,2059743,8685100
2572,1210,1197,1915681,23379,2060940,8677900
2573,1162,1189,1914519,23352,2062129,7955700
2574,1128,1160,1913391,23320,2063289,8642000
2575,1173,1158,1912218,23335,2064447,8200800
2576,1146,1129,1911072,23352,2065576,8065800
2577,1158,1193,1909914,23317,2066769,8039100
2578,1189,1225,1908725,23281,2067994,8818800
2579,1174,1186,1907551,23269,2069180,8129200
2580,1181,1215,1906370,23235,2070395,8072100
2581,1134,1185,1905236,23184,2071580,8071800
2582,1237,1227,1903999,23194,2072807,8464200
2583,1182,1176,1902817,23200,2073983,8851200
2584,1167,1131,1901650,23236,2075114,9055200
2585,1187,1191,1900463,23232,2076305,9070300
2586,1120,1252,1899343,23100,2077557,8841300
2587,1144,1114,1898199,23130,2078671,8198400
2588,1161,1182,1897038,23109,2079853,8202400
2589,1150,1121,1895888,23138,2080974,8197300
2590,1162,1129,1894726,23171,2082103,8653400
2591,1148,1176,1893578,23143,2083279,8906800
2592,1180,1130,1892398,23193,2084409,8464000
2593,1136,1195,1891262,23134,2085604,8703600
2594,1155,1191,1890107,23098,2086795,8683700
2595,1126,1091,1888981,23133,2087886,8624000
2596,1177,1167,1887804,23143,2089053,8427600
2597,1211,1142,1886593,23212,2090195,8739700
2598,1204,1160,1885389,23256,2091355,8634900
2599,1178,1155,1884211,23279,2092510,8115500
2600,1213,1164,1882998,23328,2093674,8304400
2601,1153,1235,1881845,23246,2094909,8021900
2602,1179,1105,1880666,23320,2096014,8491600
2603,1229,1145,1879437,23404,2097159,8057600
2604,1114,1201,1878323,23317,2098360,8267400
2605,1245,1182,1877078,23380,2099542,8424400
2606,1157,1162,1875921,23375,2100704,8719900
2607,1198,1184,1874723,23389,2101888,8931300
2608,1177,1192,1873546,23374,2103080,8407600
2609,1197,1185,1872349,23386,2104265,8536400
2610,1174,1167,1871175,23393,2105432,8153500
2611,1204,1202,1869971,23395,2106634,8547100
2612,1199,1125,1868772,23469,2107759,8540000
2613,1164,1109,1867608,23524,2108868,8227600
2614,1161,1178,1866447,23507,2110046,8176200
2615,1194,1200,1865253,23501,2111246,8063400
2616,1149,1188,1864104,23462,2112434,8254300
2617,1245,1147,1862859,23560,2113581,8660900
2618,1138,1170,1861721,23528,2114751,8880400
2619,1192,1169,1860529,23551,2115920,8209700
2620,1171,1178,1859358,23544,2117098,7961500
2621,1127,1175,1858231,23496,2118273,8211900
2622,1231,1144,1857000,23583,2119417,8028500
2623,1165,1174,1855835,23574,2120591,8252800
2624,1161,1188,1854674,23547,2121779,8473400
2625,1181,1228,1853493,23500,2123007,8111300
2626,1192,1202,1852301,23490,2124209,8542600
2627,1179,1187,1851122,23482,2125396,8021900
2628,1171,1142,1849951,23511,2126538,8232200
2629,1142,1109,1848809,23544,2127647,8715300
2630,1089,1180,1847720,23453,2128827,8430100
2631,1198,1106,1846522,23545,2129933,8549300
2632,1177,1251,1845345,23471,2131184,8108700
2633,1164,1149,1844181,23486,2132333,8042100
2634,1191,1194,1842990,23483,2133527,8584700
2635,1168,1176,1841822,23475,2134703,8025600
2636,1193,1148,1840629,23520,2135851,8172300
2637,1092,1124,1839537,23488,2136975,8169900
2638,1162,1174,1838375,23476,2138149,8123600
2639,1184,1164,1837191,23496,2139313,8085800
2640,1128,1164,1836063,23460,2140477,8170600
2641,1178,1138,1834885,23500,2141615,8175300
2642,1135,1166,1833750,23469,2142781,8494100
2643,1128,1171,1832622,23426,2143952,9323800
2644,1159,1194,1831463,23391,2145146,8606700
2645,1184,1206,1830279,23369,2146352,8205900
2646,1133,1191,1829146,23311,2147543,8378200
2647,1171,1153,1827975,23329,2148696,8457000
2648,1122,1192,1826853,23259,2149888,8313400
2649,1191,1148,1825662,23302,2151036,8766200
2650,1213,1171,1824449,23344,2152207,8367600
2651,1095,1149,1823354,23290,2153356,8466000
2652,1161,1155,1822193,23296,2154511,8404000
2653,1153,1182,1821040,23267,2155693,8188600
2654,1103,1141,1819937,23229,2156834,8313600
2655,1176,1199,1818761,23206,2158033,8279600
2656,1131,1182,1817630,23155,2159215,8203700
2657,1180,1132,1816450,23203,2160347,7971600
2658,1152,1149,1815298,23206,2161496,8074300
2659,1122,1156,1814176,23172,2162652,8522500
2660,1153,1170,1813023,23155,2163822,9400200
2661,1105,1150,1811918,23110,2164972,8689200
2662,1122,1132,1810796,23100,2166104,8557500
2663,1158,1190,1809638,23068,2167294,8320000
2664,1164,1192,1808474,23040,2168486,8581100
2665,1222,1190,1807252,23072,2169676,8120000
2666,1130,1197,1806122,23005,2170873,8087500
2667,1157,1183,1804965,22979,2172056,7965700
2668,1159,1138,1803806,23000,2173194,8034200
2669,1156,1093,1802650,23063,2174287,8513200
2670,1136,1202,1801514,22997,2175489,8110300
2671,1098,1139,1800416,22956,2176628,8123500
2672,1142,1139,1799274,22959,2177767,8426700
2673,1140,1118,1798134,22981,2178885,8240700
2674,1155,1147,1796979,22989,2180032,8015800
2675,1137,1185,1795842,22941,2181217,8294300
2676,1141,1074,1794701,23008,2182291,8196200
2677,1081,1158,1793620,22931,2183449,8391900
2678,1128,1147,1792492,22912,2184596,8668600
2679,1064,1151,1791428,22825,2185747,8599300
2680,1100,1086,1790328,22839,2186833,8668500
2681,1144,1135,1789184,22848,2187968,8605800
2682,1116,1128,1788068,22836,2189096,8673700
2683,1190,1097,1786878,22929,2190193,8858900
2684,1208,1139,1785670,22998,2191332,8927400
2685,1151,1151,1784519,22998,2192483,8557100
2686,1108,1117,1783411,22989,2193600,8500400
2687,1142,1162,1782269,22969,2194762,9020900
2688,1135,1116,1781134,22988,2195878,8511500
2689,1107,1184,1780027,22911,2197062,8616200
2690,1167,1122,1778860,22956,2198184,8981600
2691,1156,1101,1777704,23011,2199285,8656900
2692,1124,1242,1776580,22893,2200527,8476100
2693,1223,1155,1775357,22961,2201682,8445500
2694,1160,1123,1774197,22998,2202805,8447000
2695,1161,1168,1773036,22991,2203973,8700400
2696,1121,1179,1771915,22933,2205152,8990200
2697,1107,1185,1770808,22855,2206337,8729700
2698,1191,1125,1769617,22921,2207462,8499700
2699,1123,1182,1768494,22862,2208644,8678200
2700,1111,1156,1767383,22817,2209800,8541700
2701,1141,1057,1766242,22901,2210857,8887700
2702,1119,1157,1765123,22863,2212014,8933800
2703,1123,1144,1764000,22842,2213158,8518400
2704,1193,1198,1762807,22837,2214356,8394700
2705,1092,1173,1761715,22756,2215529,8352700
2706,1136,1161,1760579,22731,2216690,8279200
2707,1147,1111,1759432,22767,2217801,8449500
2708,1138,1196,1758294,22709,2218997,8238100
2709,1074,1121,1757220,22662,2220118,8130300
2710,1163,1091,1756057,22734,2221209,7955700
2711,1111,1124,1754946,22721,2222333,8227600
2712,1168,1184,1753778,22705,2223517,8577800
2713,1083,1158,1752695,22630,2224675,9095800
2714,1129,1097,1751566,22662,2225772,9053400
2715,1137,1101,1750429,22698,2226873,8901300
2716,1128,1161,1749301,22665,2228034,8717200
2717,1152,1145,1748149,22672,2229179,8037500
2718,1117,1110,1747032,22679,2230289,7895600
2719,1096,1160,1745936,22615,2231449,8002800
2720,1120,1110,1744816,22625,2232559,8493100
2721,1114,1091,1743702,22648,2233650,8013400
2722,1108,1150,1742594,22606,2234800,8424100
2723,1125,1165,1741469,22566,2235965,8072000
2724,1087,1132,1740382,22521,2237097,8341200
2725,1076,1108,1739306,22489,2238205,8442900
2726,1101,1100,1738205,22490,2239305,8283900
2727,1085,1112,1737120,22463,2240417,8390200
2728,1106,1162,1736014,22407,2241579,8242900
2729,1123,1056,1734891,22474,2242635,8133900
2730,1068,1138,1733823,22404,2243773,8528400
2731,1081,1085,1732742,22400,2244858,8402700
2732,1113,1103,1731629,22410,2245961,8490700
2733,1072,1079,1730557,22403,2247040,8439900
2734,1062,1107,1729495,22358,2248147,8621600
2735,1075,1077,1728420,22356,2249224,8864700
2736,1082,1092,1727338,22346,2250316,8331900
2737,1064,1125,1726274,22285,2251441,8465900
2738,1063,1110,1725211,22238,2252551,8421900
2739,1123,1137,1724088,22224,2253688,8308300
2740,1127,1140,1722961,22211,2254828,8372700
2741,1104,1020,1721857,22295,2255848,8495000
2742,1151,1073,1720706,22373,2256921,8057000
2743,1043,1081,1719663,22335,2258002,8613000
2744,1089,1131,1718574,22293,2259133,8526000
2745,1093,1066,1717481,22320,2260199,8455300
2746,1092,1109,1716389,22303,2261308,8005600
2747,1086,1025,1715303,22364,2262333,8085500
2748,1065,1102,1714238,22327,2263435,8204700
2749,1110,1094,1713128,22343,2264529,8222200
2750,1125,1094,1712003,22374,2265623,8106300
2751,1118,1091,1710885,22401,2266714,8861600
2752,1122,1092,1709763,22431,2267806,8579700
2753,1041,1062,1708722,22410,2268868,8365700
2754,1078,1135,1707644,22353,2270003,8651700
2755,1075,1108,1706569,22320,2271111,8055300
2756,1082,1123,1705487,22279,2272234,8310800
2757,1046,1091,1704441,22234,2273325,8218800
2758,1124,1097,1703317,22261,2274422,8339100
2759,1133,1083,1702184,22311,2275505,7988800
2760,1064,1101,1701120,22274,2276606,8579400
2761,1049,1106,1700071,22217,2277712,8686300
2762,1086,1095,1698985,22208,2278807,8951800
2763,993,1088,1697992,22113,2279895,8570300
2764,1091,1115,1696901,22089,2281010,8456800
2765,1093,1072,1695808,22110,2282082,8131800
2766,1056,1144,1694752,22022,2283226,8201400
2767,1092,1110,1693660,22004,2284336,8334100
2768,1104,1119,1692556,21989,2285455,8250000
2769,1083,1154,1691473,21918,2286609,8468200
2770,1053,1051,1690420,21920,2287660,8445000
2771,1089,1091,1689331,21918,2288751,8889400
2772,1085,1067,1688246,21936,2289818,8505000
2773,1116,1059,1687130,21993,2290877,8180900
2774,1104,1151,1686026,21946,2292028,8518100
2775,1113,1148,1684913,21911,2293176,8190600
2776,1114,1088,1683799,21937,2294264,8096300
2777,1049,1116,1682750,21870,2295380,8039400
2778,1123,1132,1681627,21861,2296512,8345400
2779,1133,1023,1680494,21971,2297535,8610500
2780,1061,1132,1679433,21900,2298667,9606700
2781,1059,1049,1678374,21910,2299716,8510100
2782,1110,1095,1677264,21925,2300811,8218500
2783,1061,1103,1676203,21883,2301914,8077700
2784,1158,1036,1675045,22005,2302950,8130600
2785,1090,1092,1673955,22003,2304042,8067000
2786,1129,1071,1672826,22061,2305113,8473700
2787,1112,1123,1671714,22050,2306236,8192100
2788,1033,1088,1670681,21995,2307324,8463300
2789,1085,1103,1669596,21977,2308427,8452600
2790,1058,1118,1668538,21917,2309545,8158300
2791,1068,1035,1667470,21950,2310580,8359800
2792,1056,1044,1666414,21962,2311624,8713700
2793,1054,1052,1665360,21964,2312676,8721700
2794,1092,1063,1664268,21993,2313739,8280100
2795,1124,1058,1663144,22059,2314797,8793400
2796,1033,1075,1662111,22017,2315872,9580900
2797,1100,1156,1661011,21961,2317028,8976300
2798,1090,1065,1659921,21986,2318093,8355900
2799,1106,1111,1658815,21981,2319204,8285300
2800,1099,1124,1657716,21956,2320328,9081700
2801,1075,1063,1656641,21968,2321391,9595600
2802,1169,1077,1655472,22060,2322468,8474300
2803,1124,1081,1654348,22103,2323549,8804500
2804,1092,1078,1653256,22117,2324627,8130900
2805,1135,1088,1652121,22164,2325715,8186900
2806,1061,1127,1651060,22098,2326842,8035000
2807,1131,1082,1649929,22147,2327924,8093200
2808,1139,1103,1648790,22183,2329027,8171900
2809,1111,1132,1647679,22162,2330159,8146400
2810,1083,1121,1646596,22124,2331280,8393600
2811,1081,1073,1645515,22132,2332353,8329000
2812,1088,1166,1644427,22054,2333519,8355400
2813,1119,1153,1643308,22020,2334672,8301400
2814,1066,1138,1642242,21948,2335810,8155800
2815,1091,1104,1641151,21935,2336914,8229500
2816,1102,1136,1640049,21901,2338050,8163200
2817,1050,1081,1638999,21870,2339131,8228200
2818,1091,1127,1637908,21834,2340258,8166100
2819,1045,1077,1636863,21802,2341335,8396400
2820,1108,1098,1635755,21812,2342433,8690900
2821,1093,1111,1634662,21794,2343544,8592200
2822,1092,1060,1633570,21826,2344604,8170600
2823,1086,1080,1632484,21832,2345684,8344100
2824,1128,1087,1631356,21873,2346771,8326100
2825,1110,1094,1630246,21889,2347865,8528500
2826,1126,1070,1629120,21945,2348935,8464100
2827,1086,1102,1628034,21929,2350037,8654400
2828,1144,1065,1626890,22008,2351102,8519100
2829,1121,1076,1625769,22053,2352178,8288800
2830,1149,1115,1624620,22087,2353293,8458300
2831,1168,1069,1623452,22186,2354362,9056400
2832,1131,1100,1622321,22217,2355462,9062800
2833,1130,1117,1621191,22230,2356579,8593300
2834,1081,1039,1620110,22272,2357618,9920100
2835,1084,1112,1619026,22244,2358730,8655000
2836,1076,1059,1617950,22261,2359789,8519400
2837,1133,1102,1616817,22292,2360891,8431500
2838,1123,1131,1615694,22284,2362022,8238800
2839,1147,1096,1614547,22335,2363118,8310500
2840,1108,1167,1613439,22276,2364285,8255300
2841,1198,1054,1612241,22420,2365339,8305900
2842,1164,1180,1611077,22404,2366519,8406900
2843,1112,1137,1609965,22379,2367656,8745000
2844,1089,1104,1608876,22364,2368760,8912700
2845,1161,1084,1607715,22441,2369844,8927900
2846,1077,1169,1606638,22349,2371013,8798000
2847,1053,1135,1605585,22267,2372148,8310000
2848,1132,1143,1604453,22256,2373291,8711200
2849,1096,1144,1603357,22208,2374435,8186200
2850,1110,1101,1602247,22217,2375536,8468300
2851,1107,1082,1601140,22242,2376618,8358300
2852,1165,1105,1599975,22302,2377723,8281700
2853,1062,1088,1598913,22276,2378811,8271800
2854,1091,1075,1597822,22292,2379886,8586300
2855,1099,1125,1596723,22266,2381011,8145400
2856,1070,1100,1595653,22236,2382111,8433100
2857,1101,1080,1594552,22257,2383191,8602500
2858,1022,1085,1593530,22194,2384276,8460100
2859,1126,1102,1592404,22218,2385378,8192100
2860,1088,1191,1591316,22115,2386569,8075800
2861,1115,1066,1590201,22164,2387635,8019700
2862,1130,1060,1589071,22234,2388695,8249600
2863,1089,1061,1587982,22262,2389756,8192500
2864,1093,1189,1586889,22166,2390945,8362200
2865,1117,1103,1585772,22180,2392048,8422300
2866,1122,1065,1584650,22237,2393113,8780300
2867,1077,1092,1583573,22222,2394205,8591400
2868,1083,1135,1582490,22170,2395340,8400100
2869,1115,1091,1581375,22194,2396431,8315700
2870,1092,1066,1580283,22220,2397497,8282300
2871,997,1125,1579286,22092,2398622,8430000
2872,1065,1128,1578221,22029,2399750,8301100
2873,1054,1125,1577167,21958,2400875,8634600
2874,1071,1071,1576096,21958,2401946,8299100
2875,1045,1085,1575051,21918,2403031,8275800
2876,1049,1065,1574002,21902,2404096,8107800
2877,1114,1076,1572888,21940,2405172,8260200
2878,1053,1138,1571835,21855,2406310,8732600
2879,1017,1047,1570818,21825,2407357,8483400
2880,1093,1111,1569725,21807,2408468,8667500
2881,1111,1109,1568614,21809,2409577,8312500
2882,1049,1114,1567565,21744,2410691,8429200
2883,1090,1109,1566475,21725,2411800,8409100
2884,1046,1049,1565429,21722,2412849,8942500
2885,1030,1170,1564399,21582,2414019,8498500
2886,1062,1055,1563337,21589,2415074,8426400
2887,1061,1067,1562276,21583,2416141,8465900
2888,1040,1068,1561236,21555,2417209,8191000
2889,1077,1088,1560159,21544,2418297,8261700
2890,1084,1065,1559075,21563,2419362,8282100
2891,1025,1111,1558050,21477,2420473,8056600
2892,1094,1074,1556956,21497,2421547,8010400
2893,1086,1047,1555870,21536,2422594,8378300
2894,1053,1071,1554817,21518,2423665,8562000
2895,1033,1079,1553784,21472,2424744,8984800
2896,1001,1077,1552783,21396,2425821,8581900
2897,1014,1097,1551769,21313,2426918,8381100
2898,1109,1005,1550660,21417,2427923,8768200
2899,1047,1089,1549613,21375,2429012,8361300
2900,1056,1067,1548557,21364,2430079,8565000
2901,1038,1098,1547519,21304,2431177,8186300
2902,1024,1057,1546495,21271,2432234,8567000
2903,1075,1006,1545420,21340,2433240,8094000
2904,1015,1107,1544405,21248,2434347,8060000
2905,1101,1036,1543304,21313,2435383,8654000
2906,1083,1033,1542221,21363,2436416,8654400
2907,1020,1078,1541201,21305,2437494,8589500
2908,1039,1095,1540162,21249,2438589,8930100
2909,986,1041,1539176,21194,2439630,8145000
2910,1053,984,1538123,21263,2440614,8091600
2911,994,1058,1537129,21199,2441672,8499300
2912,1088,1036,1536041,21251,2442708,8152000
2913,1027,1117,1535014,21161,2443825,8762300
2914,1035,1072,1533979,21124,2444897,8733700
2915,1055,1047,1532924,21132,2445944,8047600
2916,977,1049,1531947,21060,2446993,8046600
2917,1025,1033,1530922,21052,2448026,8342200
2918,1046,992,1529876,21106,2449018,8309500
2919,1009,1045,1528867,21070,2450063,8126100
2920,1069,1026,1527798,21113,2451089,8101900
2921,1032,1048,1526766,21097,2452137,8244500
2922,980,1047,1525786,21030,2453184,8267900
2923,1003,1050,1524783,20983,2454234,8511300
2924,1012,1040,1523771,20955,2455274,9008000
2925,1023,1052,1522748,20926,2456326,8510500
2926,1042,1036,1521706,20932,2457362,8552100
2927,1032,1062,1520674,20902,2458424,7957800
2928,1052,1037,1519622,20917,2459461,8080000
2929,1012,1009,1518610,20920,2460470,8930100
2930,1007,1082,1517603,20845,2461552,8083900
2931,1071,1096,1516532,20820,2462648,8002300
2932,1047,1004,1515485,20863,2463652,8124200
2933,1090,1026,1514395,20927,2464678,8436200
2934,1055,1092,1513340,20890,2465770,8315800
2935,1064,1035,1512276,20919,2466805,8861700
2936,1007,1029,1511269,20897,2467834,8388700
2937,1076,1031,1510193,20942,2468865,8366000
2938,1055,1077,1509138,20920,2469942,8240400
2939,959,1031,1508179,20848,2470973,8055500
2940,1019,1018,1507160,20849,2471991,8054600
2941,1094,1023,1506066,20920,2473014,8142800
2942,1037,1056,1505029,20901,2474070,8339700
2943,991,1013,1504038,20879,2475083,8180100
2944,1030,1033,1503008,20876,2476116,8426300
2945,1014,1078,1501994,20812,2477194,8407000
2946,1127,1030,1500867,20909,2478224,8475600
2947,1054,1126,1499813,20837,2479350,8453000
2948,1033,1014,1498780,20856,2480364,8790300
2949,1024,1039,1497756,20841,2481403,8453200
2950,999,1063,1496757,20777,2482466,8515800
2951,1067,1026,1495690,20818,2483492,8503300
2952,1044,1009,1494646,20853,2484501,8620100
2953,1024,1043,1493622,20834,2485544,8295300
2954,999,1061,1492623,20772,2486605,8315400
2955,1029,1020,1491594,20781,2487625,8209700
2956,1038,1092,1490556,20727,2488717,8060600
2957,976,998,1489580,20705,2489715,8079600
2958,1017,992,1488563,20730,2490707,8046400
2959,986,1021,1487577,20695,2491728,8197500
2960,1046,1030,1486531,20711,2492758,8756900
2961,1033,1050,1485498,20694,2493808,8368800
2962,1072,1037,1484426,20729,2494845,8548400
2963,1031,1021,1483395,20739,2495866,8613100
2964,994,1079,1482401,20654,2496945,8248000
2965,1006,992,1481395,20668,2497937,8639200
2966,1033,1091,1480362,20610,2499028,8299800
2967,1077,1026,1479285,20661,2500054,8448400
2968,1033,1016,1478252,20678,2501070,8405600
2969,1053,1066,1477199,20665,2502136,8737500
2970,1008,1018,1476191,20655,2503154,8487700
2971,1023,1053,1475168,20625,2504207,8439000
2972,1002,989,1474166,20638,2505196,8515400
2973,1059,1002,1473107,20695,2506198,8948600
2974,1057,1030,1472050,20722,2507228,8979000
2975,1008,1014,1471042,20716,2508242,8426600
2976,1026,1031,1470016,20711,2509273,8561500
2977,994,1054,1469022,20651,2510327,8481000
2978,1085,1058,1467937,20678,2511385,8557600
2979,991,1015,1466946,20654,2512400,8816800
2980,1033,999,1465913,20688,2513399,8436000
2981,925,1037,1464988,20576,2514436,8188600
2982,969,1001,1464019,20544,2515437,8483600
2983,1068,1057,1462951,20555,2516494,8931800
2984,996,1003,1461955,20548,2517497,8689600
2985,1011,1048,1460944,20511,2518545,8829400
2986,1007,1044,1459937,20474,2519589,8350700
2987,1005,1008,1458932,20471,2520597,8644300
2988,1040,1089,1457892,20422,2521686,8313900
2989,1021,1024,1456871,20419,2522710,8123000
2990,996,1034,1455875,20381,2523744,8341200
2991,983,1038,1454892,20326,2524782,8269600
2992,967,1008,1453925,20285,2525790,8803200
2993,999,1007,1452926,20277,2526797,8508300
2994,974,984,1451952,20267,2527781,8358200
2995,967,1038,1450985,20196,2528819,8626600
2996,950,1001,1450035,20145,2529820,8709700
2997,983,977,1449052,20151,2530797,9252200
2998,1025,1065,1448027,20111,2531862,11661100
2999,977,1022,1447050,20066,2532884,10125800
3000,944,996,1446106,20014,2533880,10410500
3001,979,975,1445127,20018,2534855,8697900
3002,1060,933,1444067,20145,2535788,8747600
3003,1018,998,1443049,20165,2536786,8427300
3004,1005,1045,1442044,20125,2537831,8666300
3005,1030,994,1441014,20161,2538825,8458700
3006,1020,1040,1439994,20141,2539865,8493000
3007,971,983,1439023,20129,2540848,8230700
3008,933,1014,1438090,20048,2541862,8597600
3009,953,1003,1437137,19998,2542865,8696000
3010,996,948,1436141,20046,2543813,8708300
3011,1018,988,1435123,20076,2544801,8116600
3012,1030,1015,1434093,20091,2545816,8150100
3013,1003,1001,1433090,20093,2546817,8318400
3014,951,969,1432139,20075,2547786,8192900
3015,953,1040,1431186,19988,2548826,8962100
3016,1016,968,1430170,20036,2549794,8960500
3017,1047,951,1429123,20132,2550745,8648700
3018,998,1036,1428125,20094,2551781,8345700
3019,969,987,1427156,20076,2552768,8454400
3020,987,973,1426169,20090,2553741,8054600
3021,994,985,1425175,20099,2554726,8069200
3022,996,1080,1424179,20015,2555806,8248900
3023,973,989,1423206,19999,2556795,9050900
3024,1017,1048,1422189,19968,2557843,8221700
3025,959,974,1421230,19953,2558817,8150300
3026,968,938,1420262,19983,2559755,8102900
3027,1009,966,1419253,20026,2560721,8408400
3028,968,1017,1418285,19977,2561738,8177800
3029,1030,976,1417255,20031,2562714,8441200
3030,900,906,1416355,20025,2563620,8827800
3031,964,1015,1415391,19974,2564635,8484200
3032,978,975,1414413,19977,2565610,8373800
3033,957,972,1413456,19962,2566582,7978000
3034,929,1009,1412527,19882,2567591,8003600
3035,940,960,1411587,19862,2568551,8077800
3036,957,1077,1410630,19742,2569628,8200800
3037,925,978,1409705,19689,2570606,8254800
3038,983,1003,1408722,19669,2571609,8321900
3039,983,1004,1407739,19648,2572613,8717100
3040,934,979,1406805,19603,2573592,8180600
3041,905,976,1405900,19532,2574568,8343100
3042,992,944,1404908,19580,2575512,8095100
3043,946,1014,1403962,19512,2576526,8746200
3044,982,1001,1402980,19493,2577527,8609500
3045,933,996,1402047,19430,2578523,8678900
3046,1007,998,1401040,19439,2579521,8058400
3047,961,918,1400079,19482,2580439,8226600
3048,951,955,1399128,19478,2581394,8074600
3049,975,989,1398153,19464,2582383,8068700
3050,945,1029,1397208,19380,2583412,8062300
3051,977,964,1396231,19393,2584376,8318800
3052,968,972,1395263,19389,2585348,8182900
3053,1018,975,1394245,19432,2586323,8746300
3054,966,967,1393279,19431,2587290,8733100
3055,956,954,1392323,19433,2588244,9106300
3056,1011,966,1391312,19478,2589210,8595200
3057,982,968,1390330,19492,2590178,8409300
3058,962,943,1389368,19511,2591121,8443300
3059,984,998,1388384,19497,2592119,8196400
3060,989,943,1387395,19543,2593062,8103300
3061,1008,964,1386387,19587,2594026,8137200
3062,969,970,1385418,19586,2594996,8294500
3063,953,991,1384465,19548,2595987,8280600
3064,1000,1008,1383465,19540,2596995,8359600
3065,972,1003,1382493,19509,2597998,8303700
3066,963,954,1381530,19518,2598952,8181200
3067,968,979,1380562,19507,2599931,8056400
3068,918,1026,1379644,19399,2600957,8087900
3069,954,942,1378690,19411,2601899,8163900
3070,963,974,1377727,19400,2602873,8640300
3071,958,993,1376769,19365,2603866,8744200
3072,926,1013,1375843,19278,2604879,8576000
3073,935,1004,1374908,19209,2605883,9021900
3074,937,976,1373971,19170,2606859,8879100
3075,947,974,1373024,19143,2607833,8691200
3076,919,965,1372105,19097,2608798,8423900
3077,982,954,1371123,19125,2609752,8078500
3078,950,1000,1370173,19075,2610752,8378800
3079,886,921,1369287,19040,2611673,8274100
3080,927,915,1368360,19052,2612588,8070000
3081,938,962,1367422,19028,2613550,8038500
3082,888,929,1366534,18987,2614479,8104100
3083,925,930,1365609,18982,2615409,8003600
3084,975,941,1364634,19016,2616350,8475100
3085,967,934,1363667,19049,2617284,8131800
3086,961,945,1362706,19065,2618229,8256300
3087,1003,956,1361703,19112,2619185,8246500
3088,946,935,1360757,19123,2620120,8218400
3089,945,963,1359812,19105,2621083,8313700
3090,990,934,1358822,19161,2622017,8254500
3091,957,989,1357865,19129,2623006,8111600
3092,875,998,1356990,19006,2624004,8106700
3093,919,933,1356071,18992,2624937,8086300
3094,957,968,1355114,18981,2625905,8125300
3095,942,915,1354172,19008,2626820,8755700
3096,937,991,1353235,18954,2627811,8341400
3097,916,940,1352319,18930,2628751,8089700
3098,907,929,1351412,18908,2629680,8172500
3099,909,901,1350503,18916,2630581,8186600
3100,954,953,1349549,18917,2631534,8294400
3101,930,898,1348619,18949,2632432,8601300
3102,967,972,1347652,18944,2633404,8440600
3103,890,936,1346762,18898,2634340,8721700
3104,934,938,1345828,18894,2635278,8236100
3105,894,929,1344934,18859,2636207,8273400
3106,933,881,1344001,18911,2637088,8187800
3107,894,988,1343107,18817,2638076,8223100
3108,897,916,1342210,18798,2638992,8259300
3109,996,935,1341214,18859,2639927,8534300
3110,909,920,1340305,18848,2640847,8175500
3111,902,959,1339403,18791,2641806,8202800
3112,950,879,1338453,18862,2642685,8142600
3113,893,931,1337560,18824,2643616,8081400
3114,877,998,1336683,18703,2644614,8582100
3115,926,973,1335757,18656,2645587,8135700
3116,980,922,1334777,18714,2646509,8181500
3117,905,961,1333872,18658,2647470,8197000
3118,892,916,1332980,18634,2648386,8841900
3119,903,951,1332077,18586,2649337,8574300
3120,892,909,1331185,18569,2650246,8711000
3121,869,933,1330316,18505,2651179,8597800
3122,938,968,1329378,18475,2652147,8499100
3123,907,958,1328471,18424,2653105,8412800
3124,917,942,1327554,18399,2654047,8289700
3125,905,931,1326649,18373,2654978,8391900
3126,881,916,1325768,18338,2655894,8890500
3127,883,910,1324885,18311,2656804,8348000
3128,859,875,1324026,18295,2657679,8253800
3129,848,910,1323178,18233,2658589,8244000
3130,882,909,1322296,18206,2659498,8400200
3131,889,974,1321407,18121,2660472,8430200
3132,828,929,1320579,18020,2661401,8276100
3133,906,895,1319673,18031,2662296,8186400
3134,856,895,1318817,17992,2663191,8535900
3135,903,881,1317914,18014,2664072,8533200
3136,851,912,1317063,17953,2664984,8884300
3137,882,893,1316181,17942,2665877,8531900
3138,910,922,1315271,17930,2666799,8702000
3139,831,893,1314440,17868,2667692,8796600
3140,836,858,1313604,17846,2668550,8725100
3141,818,895,1312786,17769,2669445,8506000
3142,867,889,1311919,17747,2670334,8499600
3143,822,889,1311097,17680,2671223,8595800
3144,846,933,1310251,17593,2672156,8336500
3145,868,914,1309383,17547,2673070,8457400
3146,831,859,1308552,17519,2673929,9230900
3147,839,891,1307713,17467,2674820,8423900
3148,829,876,1306884,17420,2675696,8344000
3149,821,845,1306063,17396,2676541,8364600
3150,818,871,1305245,17343,2677412,8086500
3151,802,910,1304443,17235,2678322,8077100
3152,840,849,1303603,17226,2679171,8105500
3153,836,861,1302767,17201,2680032,8168300
3154,821,851,1301946,17171,2680883,8057600
3155,808,814,1301138,17165,2681697,8062000
3156,833,876,1300305,17122,2682573,8001500
3157,827,893,1299478,17056,2683466,8350800
3158,850,848,1298628,17058,2684314,8817100
3159,826,867,1297802,17017,2685181,8439300
3160,850,859,1296952,17008,2686040,8128500
3161,801,840,1296151,16969,2686880,8042500
3162,815,844,1295336,16940,2687724,7996400
3163,830,817,1294506,16953,2688541,8202500
3164,855,837,1293651,16971,2689378,8314200
3165,831,853,1292820,16949,2690231,8596900
3166,796,833,1292024,16912,2691064,8713800
3167,816,863,1291208,16865,2691927,8059500
3168,795,894,1290413,16766,2692821,8069300
3169,807,852,1289606,16721,2693673,8017900
3170,810,819,1288796,16712,2694492,8383100
3171,848,829,1287948,16731,2695321,8458400
3172,776,830,1287172,16677,2696151,9111200
3173,869,833,1286303,16713,2696984,8072800
3174,824,860,1285479,16677,2697844,8195900
3175,809,833,1284670,16653,2698677,8104000
3176,877,830,1283793,16700,2699507,8034200
3177,815,811,1282978,16704,2700318,7999200
3178,817,835,1282161,16686,2701153,8330400
3179,833,859,1281328,16660,2702012,8402300
3180,782,845,1280546,16597,2702857,8183900
3181,763,807,1279783,16553,2703664,8589300
3182,800,850,1278983,16503,2704514,8741800
3183,807,862,1278176,16448,2705376,8652900
3184,787,873,1277389,16362,2706249,8578300
3185,820,817,1276569,16365,2707066,8692500
3186,812,797,1275757,16380,2707863,8651100
3187,791,853,1274966,16318,2708716,8509100
3188,799,824,1274167,16293,2709540,8410900
3189,794,813,1273373,16274,2710353,8284500
3190,727,859,1272646,16142,2711212,8315100
3191,763,792,1271883,16113,2712004,8323500
3192,767,815,1271116,16065,2712819,8722400
3193,759,840,1270357,15984,2713659,9021100
3194,841,780,1269516,16045,2714439,8780500
3195,759,756,1268757,16048,2715195,8035800
3196,819,840,1267938,16027,2716035,8011200
3197,787,802,1267151,16012,2716837,7950300
3198,820,809,1266331,16023,2717646,8441400
3199,808,816,1265523,16015,2718462,8318000
3200,751,758,1264772,16008,2719220,8014100
3201,799,737,1263973,16070,2719957,8137200
3202,784,789,1263189,16065,2720746,8255300
3203,767,799,1262422,16033,2721545,7982400
3204,842,742,1261580,16133,2722287,8014200
3205,817,783,1260763,16167,2723070,7977000
3206,788,811,1259975,16144,2723881,8392400
3207,786,788,1259189,16142,2724669,8546300
3208,831,836,1258358,16137,2725505,8632900
3209,800,820,1257558,16117,2726325,8460400
3210,818,804,1256740,16131,2727129,8137800
3211,826,828,1255914,16129,2727957,8312700
3212,784,859,1255130,16054,2728816,8038100
3213,813,819,1254317,16048,2729635,8169000
3214,803,807,1253514,16044,2730442,8177800
3215,793,799,1252721,16038,2731241,8138700
3216,814,841,1251907,16011,2732082,8112100
3217,761,814,1251146,15958,2732896,8215700
3218,781,818,1250365,15921,2733714,8880500
3219,719,803,1249646,15837,2734517,8831500
3220,797,787,1248849,15847,2735304,8258700
3221,801,784,1248048,15864,2736088,8144400
3222,777,802,1247271,15839,2736890,8229500
3223,807,770,1246464,15876,2737660,8322300
3224,803,802,1245661,15877,2738462,8285800
3225,792,790,1244869,15879,2739252,8858400
3226,777,759,1244092,15897,2740011,8430200
3227,764,772,1243328,15889,2740783,8220000
3228,744,794,1242584,15839,2741577,8242000
3229,748,764,1241836,15823,2742341,8250900
3230,774,784,1241062,15813,2743125,8452000
3231,749,764,1240313,15798,2743889,8157300
3232,833,801,1239480,15830,2744690,8052200
3233,771,800,1238709,15801,2745490,8050100
3234,734,815,1237975,15720,2746305,8099700
3235,751,816,1237224,15655,2747121,8510500
3236,795,829,1236429,15621,2747950,8528400
3237,714,776,1235715,15559,2748726,8457800
3238,762,758,1234953,15563,2749484,8411600
3239,785,777,1234168,15571,2750261,8465100
3240,750,757,1233418,15564,2751018,8339700
3241,739,792,1232679,15511,2751810,8374000
3242,763,763,1231916,15511,2752573,8243900
3243,758,785,1231158,15484,2753358,8414900
3244,809,788,1230349,15505,2754146,8314300
3245,739,831,1229610,15413,2754977,8414500
3246,746,780,1228864,15379,2755757,8661900
3247,731,730,1228133,15380,2756487,8527100
3248,821,777,1227312,15424,2757264,7997200
3249,786,753,1226526,15457,2758017,8020000
3250,786,793,1225740,15450,2758810,8451600
3251,818,742,1224922,15526,2759552,8169600
3252,772,796,1224150,15502,2760348,8554200
3253,768,803,1223382,15467,2761151,8613800
3254,774,776,1222608,15465,2761927,8624200
3255,749,780,1221859,15434,2762707,8116300
3256,801,745,1221058,15490,2763452,8095100
3257,769,758,1220289,15501,2764210,8364700
3258,811,747,1219478,15565,2764957,8563500
3259,764,780,1218714,15549,2765737,8403900
3260,817,804,1217897,15562,2766541,8156000
3261,785,822,1217112,15525,2767363,8448600
3262,758,770,1216354,15513,2768133,8236600
3263,794,783,1215560,15524,2768916,8269600
3264,767,751,1214793,15540,2769667,8157000
3265,776,795,1214017,15521,2770462,8436600
3266,775,774,1213242,15522,2771236,8565200
3267,743,761,1212499,15504,2771997,8525600
3268,776,798,1211723,15482,2772795,8219100
3269,812,717,1210911,15577,2773512,8450400
3270,758,806,1210153,15529,2774318,8336400
3271,783,753,1209370,15559,2775071,8404400
3272,756,827,1208614,15488,2775898,8209400
3273,756,734,1207858,15510,2776632,8668700
3274,761,739,1207097,15532,2777371,8444500
3275,756,769,1206341,15519,2778140,8151800
3276,742,770,1205599,15491,2778910,8434700
3277,780,756,1204819,15515,2779666,8511900
3278,820,735,1203999,15600,2780401,8761200
3279,759,776,1203240,15583,2781177,8496000
3280,734,783,1202506,15534,2781960,8462400
3281,735,753,1201771,15516,2782713,8200900
3282,736,796,1201035,15456,2783509,8158500
3283,745,779,1200290,15422,2784288,8098600
3284,718,764,1199572,15376,2785052,8517600
3285,788,816,1198784,15348,2785868,8674900
3286,758,796,1198026,15310,2786664,8412100
3287,793,784,1197233,15319,2787448,8248100
3288,746,776,1196487,15289,2788224,8490800
3289,780,767,1195707,15302,2788991,8875100
3290,736,754,1194971,15284,2789745,8733100
3291,764,770,1194207,15278,2790515,8451400
3292,746,795,1193461,15229,2791310,8444700
3293,759,768,1192702,15220,2792078,8669100
3294,810,775,1191892,15255,2792853,8250100
3295,755,771,1191137,15239,2793624,8620900
3296,770,781,1190367,15228,2794405,8686300
3297,775,749,1189592,15254,2795154,8421600
3298,766,759,1188826,15261,2795913,8514100
3299,819,798,1188007,15282,2796711,8087900
3300,827,729,1187180,15380,2797440,8082100
3301,824,751,1186356,15453,2798191,8097400
3302,792,784,1185564,15461,2798975,8728000
3303,769,725,1184795,15505,2799700,8604700
3304,754,757,1184041,15502,2800457,8220600
3305,786,768,1183255,15520,2801225,8263700
3306,789,800,1182466,15509,2802025,8261600
3307,784,766,1181682,15527,2802791,8036400
3308,761,764,1180921,15524,2803555,8047900
3309,834,798,1180087,15560,2804353,8359200
3310,766,798,1179321,15528,2805151,8413200
3311,758,746,1178563,15540,2805897,8289000
3312,801,776,1177762,15565,2806673,8340500
3313,731,770,1177031,15526,2807443,8736600
3314,759,750,1176272,15535,2808193,8323500
3315,711,755,1175561,15491,2808948,8657500
3316,802,762,1174759,15531,2809710,8386800
3317,770,783,1173989,15518,2810493,8133100
3318,747,725,1173242,15540,2811218,8249900
3319,763,793,1172479,15510,2812011,7971200
3320,802,771,1171677,15541,2812782,8130900
3321,768,808,1170909,15501,2813590,8076300
3322,757,784,1170152,15474,2814374,8011300
3323,740,780,1169412,15434,2815154,8069000
3324,711,789,1168701,15356,2815943,8084500
3325,758,803,1167943,15311,2816746,8225400
3326,771,766,1167172,15316,2817512,8226500
3327,737,776,1166435,15277,2818288,8310700
3328,758,740,1165677,15295,2819028,8128300
3329,698,738,1164979,15255,2819766,8380900
3330,807,771,1164172,15291,2820537,8486500
3331,774,741,1163398,15324,2821278,8173800
3332,772,796,1162626,15300,2822074,8246600
3333,772,765,1161854,15307,2822839,8362300
3334,738,739,1161116,15306,2823578,8134300
3335,809,760,1160307,15355,2824338,7950600
3336,813,832,1159494,15336,2825170,8082900
3337,771,796,1158723,15311,2825966,8051900
3338,747,779,1157976,15279,2826745,8097000
3339,796,757,1157180,15318,2827502,8197700
3340,725,728,1156455,15315,2828230,9523400
3341,774,772,1155681,15317,2829002,9515500
3342,783,779,1154898,15321,2829781,8953100
3343,765,771,1154133,15315,2830552,8964400
3344,770,793,1153363,15292,2831345,8951800
3345,717,751,1152646,15258,2832096,9014200
3346,715,786,1151931,15187,2832882,8811100
3347,769,797,1151162,15159,2833679,8803600
3348,771,734,1150391,15196,2834413,8827700
3349,761,713,1149630,15244,2835126,8944900
3350,730,752,1148900,15222,2835878,9238000
3351,755,784,1148145,15193,2836662,8418100
3352,770,785,1147375,15178,2837447,8856700
3353,753,763,1146622,15168,2838210,8589500
3354,695,749,1145927,15114,2838959,8287700
3355,746,768,1145181,15092,2839727,8159800
3356,740,725,1144441,15107,2840452,8437300
3357,746,778,1143695,15075,2841230,8744000
3358,734,774,1142961,15035,2842004,8759100
3359,696,780,1142265,14951,2842784,8677000
3360,746,737,1141519,14960,2843521,8330900
3361,774,737,1140745,14997,2844258,8763500
3362,723,801,1140022,14919,2845059,8710600
3363,736,777,1139286,14878,2845836,8513000
3364,698,645,1138588,14931,2846481,8271400
3365,708,760,1137880,14879,2847241,8085700
3366,713,759,1137167,14833,2848000,8108400
3367,692,733,1136475,14792,2848733,8152600
3368,711,704,1135764,14799,2849437,8165200
3369,766,731,1134998,14834,2850168,8723000
3370,730,700,1134268,14864,2850868,8190800
3371,702,758,1133566,14808,2851626,8232500
3372,743,739,1132823,14812,2852365,8374500
3373,718,740,1132105,14790,2853105,8279000
3374,651,729,1131454,14712,2853834,8092800
3375,715,724,1130739,14703,2854558,8192700
3376,763,708,1129976,14758,2855266,8463500
3377,744,731,1129232,14771,2855997,8873200
3378,753,713,1128479,14811,2856710,8456100
3379,715,694,1127764,14832,2857404,9047500
3380,730,776,1127034,14786,2858180,8450900
3381,782,708,1126252,14860,2858888,10286800
3382,761,729,1125491,14892,2859617,9698100
3383,734,756,1124757,14870,2860373,8722900
3384,724,746,1124033,14848,2861119,8641400
3385,712,748,1123321,14812,2861867,8490600
3386,724,684,1122597,14852,2862551,8026100
3387,739,770,1121858,14821,2863321,8193300
3388,730,744,1121128,14807,2864065,8575700
3389,730,770,1120398,14767,2864835,8194900
3390,687,693,1119711,14761,2865528,8574200
3391,743,712,1118968,14792,2866240,8169000
3392,728,755,1118240,14765,2866995,8324800
3393,802,746,1117438,14821,2867741,8139900
3394,788,694,1116650,14915,2868435,8148800
3395,722,780,1115928,14857,2869215,8249500
3396,732,767,1115196,14822,2869982,8370900
3397,728,752,1114468,14798,2870734,8106400
3398,759,772,1113709,14785,2871506,8087900
3399,707,723,1113002,14769,2872229,8025600
3400,729,715,1112273,14783,2872944,8051600
3401,682,760,1111591,14705,2873704,8028800
3402,751,742,1110840,14714,2874446,8107000
3403,727,735,1110113,14706,2875181,8048600
3404,738,749,1109375,14695,2875930,8630100
3405,734,720,1108641,14709,2876650,8504100
3406,728,757,1107913,14680,2877407,8264900
3407,713,764,1107200,14629,2878171,8218600
3408,730,768,1106470,14591,2878939,8266200
3409,729,765,1105741,14555,2879704,8373900
3410,759,791,1104982,14523,2880495,8113500
3411,700,720,1104282,14503,2881215,8491400
3412,720,726,1103562,14497,2881941,8125600
3413,684,749,1102878,14432,2882690,8282400
3414,727,731,1102151,14428,2883421,8105000
3415,693,757,1101458,14364,2884178,8280900
3416,751,739,1100707,14376,2884917,8636900
3417,740,738,1099967,14378,2885655,8403100
3418,767,665,1099200,14480,2886320,9224500
3419,729,735,1098471,14474,2887055,8521500
3420,725,658,1097746,14541,2887713,9143500
3421,727,674,1097019,14594,2888387,8374500
3422,744,715,1096275,14623,2889102,8378600
3423,695,736,1095580,14582,2889838,8289300
3424,705,734,1094875,14553,2890572,8310500
3425,745,763,1094130,14535,2891335,8445900
3426,746,707,1093384,14574,2892042,8579400
3427,702,743,1092682,14533,2892785,8301800
3428,728,711,1091954,14550,2893496,8324700
3429,762,713,1091192,14599,2894209,8316300
3430,707,734,1090485,14572,2894943,8473700
3431,742,722,1089743,14592,2895665,8364400
3432,772,735,1088971,14629,2896400,8426300
3433,703,728,1088268,14604,2897128,8877800
3434,711,738,1087557,14577,2897866,8356300
3435,720,729,1086837,14568,2898595,9218600
3436,685,712,1086152,14541,2899307,9364500
3437,714,733,1085438,14522,2900040,10629400
3438,743,728,1084695,14537,2900768,9985900
3439,731,739,1083964,14529,2901507,9975400
3440,705,707,1083259,14527,2902214,9874600
3441,717,738,1082542,14506,2902952,9085000
3442,734,730,1081808,14510,2903682,9502200
3443,704,695,1081104,14519,2904377,9032400
3444,695,718,1080409,14496,2905095,9470000
3445,754,725,1079655,14525,2905820,10470800
3446,693,771,1078962,14447,2906591,10176300
3447,733,744,1078229,14436,2907335,8647400
3448,722,714,1077507,14444,2908049,8630400
3449,720,735,1076787,14429,2908784,8573300
3450,723,768,1076064,14384,2909552,8507400
3451,722,716,1075342,14390,2910268,8884700
3452,792,700,1074550,14482,2910968,8407600
3453,747,744,1073803,14485,2911712,8471800
3454,746,784,1073057,14447,2912496,8469900
3455,723,735,1072334,14435,2913231,8330800
3456,717,790,1071617,14362,2914021,8679200
3457,684,675,1070933,14371,2914696,8699400
3458,741,743,1070192,14369,2915439,8368100
3459,735,726,1069457,14378,2916165,8147600
3460,745,718,1068712,14405,2916883,8198100
3461,737,697,1067975,14445,2917580,8567300
3462,706,712,1067269,14439,2918292,8378700
3463,736,696,1066533,14479,2918988,8241200
3464,716,711,1065817,14484,2919699,8512100
3465,738,743,1065079,14479,2920442,8226700
3466,811,702,1064268,14588,2921144,8282200
3467,723,752,1063545,14559,2921896,8237200
3468,736,775,1062809,14520,2922671,8462600
3469,749,749,1062060,14520,2923420,8235000
3470,718,738,1061342,14500,2924158,9387400
3471,752,697,1060590,14555,2924855,9908400
3472,712,675,1059878,14592,2925530,9947200
3473,722,735,1059156,14579,2926265,9889100
3474,734,768,1058422,14545,2927033,9223700
3475,693,725,1057729,14513,2927758,9098900
3476,691,732,1057038,14472,2928490,8552700
3477,796,718,1056242,14550,2929208,8659300
3478,739,705,1055503,14584,2929913,8470000
3479,738,724,1054765,14598,2930637,8408400
3480,725,732,1054040,14591,2931369,8211400
3481,771,757,1053269,14605,2932126,8618400
3482,750,696,1052519,14659,2932822,8199700
3483,714,744,1051805,14629,2933566,8692800
3484,751,731,1051054,14649,2934297,8570700
3485,735,747,1050319,14637,2935044,8544500
3486,727,746,1049592,14618,2935790,9142300
3487,703,752,1048889,14569,2936542,8969000
3488,752,745,1048137,14576,2937287,8293600
3489,724,691,1047413,14609,2937978,8528300
3490,725,696,1046688,14638,2938674,8290800
3491,735,771,1045953,14602,2939445,8091200
3492,718,706,1045235,14614,2940151,8587700
3493,689,742,1044546,14561,2940893,8769100
3494,689,740,1043857,14510,2941633,8333300
3495,700,699,1043157,14511,2942332,8459000
3496,694,693,1042463,14512,2943025,8571100
3497,757,697,1041706,14572,2943722,8908100
3498,675,739,1041031,14508,2944461,8626900
3499,752,724,1040279,14536,2945185,8066300
3500,730,746,1039549,14520,2945931,8135900
3501,714,692,1038835,14542,2946623,8191500
3502,673,747,1038162,14468,2947370,8029000
3503,744,726,1037418,14486,2948096,8084800
3504,694,750,1036724,14430,2948846,8271600
3505,680,695,1036044,14415,2949541,8117400
3506,726,743,1035318,14398,2950284,8431400
3507,696,718,1034622,14376,2951002,8021600
3508,693,779,1033929,14290,2951781,8239500
3509,701,708,1033228,14283,2952489,8203000
3510,701,708,1032527,14276,2953197,8490300
3511,703,690,1031824,14289,2953887,8248000
3512,728,709,1031096,14308,2954596,8308600
3513,719,721,1030377,14306,2955317,8392200
3514,692,761,1029685,14237,2956078,8116500
3515,743,710,1028942,14270,2956788,8358300
3516,686,711,1028256,14245,2957499,8065100
3517,687,708,1027569,14224,2958207,8650700
3518,646,719,1026923,14151,2958926,7974700
3519,650,703,1026273,14098,2959629,8876300
3520,711,775,1025562,14034,2960404,8729600
3521,706,698,1024856,14042,2961102,8066600
3522,702,711,1024154,14033,2961813,7960600
3523,723,698,1023431,14058,2962511,8214800
3524,701,684,1022730,14075,2963195,8286200
3525,701,718,1022029,14058,2963913,8099700
3526,709,675,1021320,14092,2964588,8073400
3527,695,699,1020625,14088,2965287,8759500
3528,669,667,1019956,14090,2965954,8534000
3529,719,696,1019237,14113,2966650,8258100
3530,747,698,1018490,14162,2967348,8088100
3531,695,675,1017795,14182,2968023,8072600
3532,738,695,1017057,14225,2968718,8218500
3533,739,756,1016318,14208,2969474,8094600
3534,728,698,1015590,14238,2970172,8841200
3535,729,731,1014861,14236,2970903,8145600
3536,691,716,1014170,14211,2971619,8647100
3537,712,731,1013458,14192,2972350,8044500
3538,706,727,1012752,14171,2973077,8019700
3539,699,704,1012053,14166,2973781,8053800
3540,703,718,1011350,14151,2974499,8081200
3541,699,690,1010651,14160,2975189,8670200
3542,696,728,1009955,14128,2975917,8674800
3543,711,735,1009244,14104,2976652,8284400
3544,718,713,1008526,14109,2977365,8281500
3545,716,662,1007810,14163,2978027,8080500
3546,707,662,1007103,14208,2978689,8412900
3547,687,759,1006416,14136,2979448,8290400
3548,683,712,1005733,14107,2980160,8404500
3549,723,672,1005010,14158,2980832,8615800
3550,647,710,1004363,14095,2981542,8257000
3551,680,697,1003683,14078,2982239,8122100
3552,662,681,1003021,14059,2982920,8726100
3553,649,688,1002372,14020,2983608,8182700
3554,666,728,1001706,13958,2984336,8408300
3555,610,716,1001096,13852,2985052,8575400
3556,673,703,1000423,13822,2985755,8334200
3557,682,647,999741,13857,2986402,8077700
3558,647,706,999094,13798,2987108,7986000
3559,682,715,998412,13765,2987823,8030400
3560,654,714,997758,13705,2988537,8104000
3561,658,680,997100,13683,2989217,8190600
3562,682,693,996418,13672,2989910,7990900
3563,673,660,995745,13685,2990570,8224400
3564,649,722,995096,13612,2991292,7959900
3565,639,733,994457,13518,2992025,8178500
3566,695,667,993762,13546,2992692,8432300
3567,631,703,993131,13474,2993395,8540800
3568,689,665,992442,13498,2994060,9046200
3569,667,687,991775,13478,2994747,8298200
3570,670,701,991105,13447,2995448,8276400
3571,681,721,990424,13407,2996169,8583400
3572,697,665,989727,13439,2996834,8833400
3573,689,710,989038,13418,2997544,8830400
3574,687,695,988351,13410,2998239,8834100
3575,660,686,987691,13384,2998925,9083900
3576,664,668,987027,13380,2999593,8370800
3577,678,662,986349,13396,3000255,9039300
3578,691,647,985658,13440,3000902,8211300
3579,697,723,984961,13414,3001625,8876100
3580,685,628,984276,13471,3002253,8799100
3581,677,668,983599,13480,3002921,8406100
3582,705,728,982894,13457,3003649,8279000
3583,692,678,982202,13471,3004327,8680900
3584,705,642,981497,13534,3004969,8439000
3585,658,695,980839,13497,3005664,8214800
3586,704,641,980135,13560,3006305,8224900
3587,614,620,979521,13554,3006925,8448300
3588,696,623,978825,13627,3007548,8976400
3589,662,724,978163,13565,3008272,8635900
3590,642,682,977521,13525,3008954,8526400
3591,661,668,976860,13518,3009622,8583300
3592,684,673,976176,13529,3010295,8627400
3593,669,700,975507,13498,3010995,8377900
3594,707,680,974800,13525,3011675,8313900
3595,661,674,974139,13512,3012349,8591200
3596,654,667,973485,13499,3013016,8673400
3597,677,708,972808,13468,3013724,8389800
3598,634,675,972174,13427,3014399,9001300
3599,682,661,971492,13448,3015060,8685800
3600,667,663,970825,13452,3015723,8504200
3601,672,700,970153,13424,3016423,8561600
3602,703,686,969450,13441,3017109,7967400
3603,659,646,968791,13454,3017755,7966400
3604,689,704,968102,13439,3018459,8043900
3605,623,659,967479,13403,3019118,7963500
3606,600,694,966879,13309,3019812,8127800
3607,676,681,966203,13304,3020493,8514700
3608,632,718,965571,13218,3021211,8240800
3609,589,687,964982,13120,3021898,8386000
3610,597,648,964385,13069,3022546,7968200
3611,634,690,963751,13013,3023236,7944100
3612,643,671,963108,12985,3023907,7939700
3613,612,672,962496,12925,3024579,8424500
3614,597,618,961899,12904,3025197,8597500
3615,646,624,961253,12926,3025821,8658800
3616,640,588,960613,12978,3026409,8748500
3617,611,652,960002,12937,3027061,8097200
3618,626,696,959376,12867,3027757,7930700
3619,629,673,958747,12823,3028430,7921200
3620,663,666,958084,12820,3029096,8028800
3621,638,620,957446,12838,3029716,8154300
3622,677,639,956769,12876,3030355,8000000
3623,669,634,956100,12911,3030989,8113000
3624,619,643,955481,12887,3031632,8022300
3625,664,636,954817,12915,3032268,7974800
3626,649,651,954168,12913,3032919,7955800
3627,647,634,953521,12926,3033553,8022000
3628,660,636,952861,12950,3034189,8492000
3629,637,664,952224,12923,3034853,8011000
3630,638,635,951586,12926,3035488,8129100
3631,696,645,950890,12977,3036133,8075500
3632,689,680,950201,12986,3036813,8214200
3633,648,625,949553,13009,3037438,8131300
3634,657,645,948896,13021,3038083,8744400
3635,613,673,948283,12961,3038756,8834400
3636,650,657,947633,12954,3039413,8419600
3637,646,699,946987,12901,3040112,9061000
3638,666,650,946321,12917,3040762,8263500
3639,631,645,945690,12903,3041407,8594400
3640,655,652,945035,12906,3042059,8612200
3641,673,607,944362,12972,3042666,8168800
3642,646,632,943716,12986,3043298,8482600
3643,669,677,943047,12978,3043975,8171600
3644,632,648,942415,12962,3044623,8332100
3645,667,628,941748,13001,3045251,8139100
3646,611,629,941137,12983,3045880,8455500
3647,641,628,940496,12996,3046508,8152900
3648,656,692,939840,12960,3047200,8767400
3649,619,624,939221,12955,3047824,8192300
3650,594,624,938627,12925,3048448,8315300
3651,605,685,938022,12845,3049133,8103700
3652,618,637,937404,12826,3049770,9704000
3653,616,639,936788,12803,3050409,7994300
3654,609,688,936179,12724,3051097,8322300
3655,662,621,935517,12765,3051718,8091200
3656,610,650,934907,12725,3052368,8502300
3657,597,608,934310,12714,3052976,8391500
3658,638,601,933672,12751,3053577,8587100
3659,622,626,933050,12747,3054203,8274300
3660,590,639,932460,12698,3054842,8268400
3661,632,663,931828,12667,3055505,8342200
3662,637,643,931191,12661,3056148,8193400
3663,672,634,930519,12699,3056782,8409700
3664,614,647,929905,12666,3057429,8581200
3665,644,630,929261,12680,3058059,8861500
3666,612,620,928649,12672,3058679,8575800
3667,679,625,927970,12726,3059304,8324900
3668,690,652,927280,12764,3059956,8414500
3669,625,673,926655,12716,3060629,8923300
3670,649,644,926006,12721,3061273,8179900
3671,666,646,925340,12741,3061919,8311000
3672,662,615,924678,12788,3062534,8452700
3673,678,675,924000,12791,3063209,7973800
3674,680,649,923320,12822,3063858,8533000
3675,656,650,922664,12828,3064508,8486200
3676,655,699,922009,12784,3065207,8228100
3677,618,605,921391,12797,3065812,8009300
3678,680,666,920711,12811,3066478,7988800
3679,713,647,919998,12877,3067125,8607300
3680,655,616,919343,12916,3067741,8844200
3681,656,662,918687,12910,3068403,8225100
3682,648,665,918039,12893,3069068,8591700
3683,629,676,917410,12846,3069744,8631400
3684,676,654,916734,12868,3070398,8156200
3685,681,656,916053,12893,3071054,8073000
3686,671,636,915382,12928,3071690,8499700
3687,697,643,914685,12982,3072333,8418300
3688,692,655,913993,13019,3072988,8576000
3689,686,672,913307,13033,3073660,8397700
3690,615,613,912692,13035,3074273,8194000
3691,687,690,912005,13032,3074963,8551600
3692,646,668,911359,13010,3075631,8419900
3693,650,678,910709,12982,3076309,9209000
3694,700,593,910009,13089,3076902,8278500
3695,654,679,909355,13064,3077581,8090000
3696,657,682,908698,13039,3078263,8543500
3697,599,615,908099,13023,3078878,7934000
3698,644,699,907455,12968,3079577,8064900
3699,666,614,906789,13020,3080191,8510800
3700,689,657,906100,13052,3080848,8224900
3701,623,688,905477,12987,3081536,7888800
3702,618,614,904859,12991,3082150,8266400
3703,637,656,904222,12972,3082806,8310100
3704,606,619,903616,12959,3083425,8308600
3705,615,634,903001,12940,3084059,8514600
3706,641,662,902360,12919,3084721,8003800
3707,618,644,901742,12893,3085365,8231100
3708,630,668,901112,12855,3086033,8561600
3709,586,647,900526,12794,3086680,8410300
3710,599,646,899927,12747,3087326,8522200
3711,639,629,899288,12757,3087955,8157700
3712,619,679,898669,12697,3088634,8250500
3713,608,645,898061,12660,3089279,8143000
3714,656,615,897405,12701,3089894,8146700
3715,615,673,896790,12643,3090567,8378900
3716,568,644,896222,12567,3091211,9115800
3717,636,631,895586,12572,3091842,8640900
3718,606,619,894980,12559,3092461,8659700
3719,623,646,894357,12536,3093107,8873100
3720,644,628,893713,12552,3093735,8579200
3721,607,612,893106,12547,3094347,8459400
3722,635,658,892471,12524,3095005,8243800
3723,632,609,891839,12547,3095614,8595400
3724,620,634,891219,12533,3096248,8773300
3725,632,634,890587,12531,3096882,8457400
3726,626,649,889961,12508,3097531,8086000
3727,666,634,889295,12540,3098165,8223800
3728,663,623,888632,12580,3098788,8350000
3729,658,614,887974,12624,3099402,8302200
3730,651,611,887323,12664,3100013,8682200
3731,669,619,886654,12714,3100632,8195100
3732,618,584,886036,12748,3101216,8825300
3733,639,650,885397,12737,3101866,8389100
3734,624,687,884773,12674,3102553,8465100
3735,609,629,884164,12654,3103182,8506300
3736,642,613,883522,12683,3103795,8903900
3737,646,607,882876,12722,3104402,8669500
3738,626,655,882250,12693,3105057,8462600
3739,653,640,881597,12706,3105697,8299600
3740,626,674,880971,12658,3106371,8300500
3741,615,636,880356,12637,3107007,8398400
3742,649,618,879707,12668,3107625,8693000
3743,588,644,879119,12612,3108269,8293100
3744,596,625,878523,12583,3108894,8366000
3745,638,628,877885,12593,3109522,8510600
3746,646,662,877239,12577,3110184,7919500
3747,624,637,876615,12564,3110821,8388400
3748,639,631,875976,12572,3111452,8596800
3749,668,630,875308,12610,3112082,8242000
3750,631,635,874677,12606,3112717,8706900
3751,623,629,874054,12600,3113346,8616200
3752,583,635,873471,12548,3113981,8191300
3753,651,635,872820,12564,3114616,8127900
3754,639,632,872181,12571,3115248,8098600
3755,602,623,871579,12550,3115871,8164400
3756,602,599,870977,12553,3116470,8196700
3757,574,652,870403,12475,3117122,8185100
3758,623,665,869780,12433,3117787,8066100
3759,588,628,869192,12393,3118415,8257100
3760,585,596,868607,12382,3119011,8229500
3761,612,616,867995,12378,3119627,8461200
3762,597,653,867398,12322,3120280,8466600
3763,662,685,866736,12299,3120965,8140900
3764,608,633,866128,12274,3121598,8216700
3765,618,638,865510,12254,3122236,8543300
3766,614,635,864896,12233,3122871,8668300
3767,569,580,864327,12222,3123451,8603200
3768,588,612,863739,12198,3124063,8036600
3769,619,592,863120,12225,3124655,8519600
3770,604,600,862516,12229,3125255,8447600
3771,613,621,861903,12221,3125876,8219100
3772,602,600,861301,12223,3126476,8540100
3773,604,589,860697,12238,3127065,8463800
3774,601,612,860096,12227,3127677,8619800
3775,628,606,859468,12249,3128283,8338500
3776,601,594,858867,12256,3128877,8371900
3777,582,620,858285,12218,3129497,8256400
3778,550,632,857735,12136,3130129,8282000
3779,621,563,857114,12194,3130692,8868700
3780,611,625,856503,12180,3131317,8372500
3781,613,612,855890,12181,3131929,8527600
3782,609,598,855281,12192,3132527,8140300
3783,626,581,854655,12237,3133108,8136500
3784,625,611,854030,12251,3133719,8009100
3785,622,597,853408,12276,3134316,8317600
3786,594,604,852814,12266,3134920,8884000
3787,574,593,852240,12247,3135513,8189600
3788,573,616,851667,12204,3136129,8322600
3789,581,648,851086,12137,3136777,8462500
3790,605,622,850481,12120,3137399,8105200
3791,599,608,849882,12111,3138007,8555300
3792,562,604,849320,12069,3138611,8433100
3793,606,604,848714,12071,3139215,8222100
3794,591,587,848123,12075,3139802,8272800
3795,603,596,847520,12082,3140398,8102000
3796,611,578,846909,12115,3140976,8713600
3797,577,632,846332,12060,3141608,8651000
3798,565,613,845767,12012,3142221,8481600
3799,628,614,845139,12026,3142835,8192200
3800,579,619,844560,11986,3143454,8092900
3801,608,524,843952,12070,3143978,8089600
3802,634,577,843318,12127,3144555,8356800
3803,619,585,842699,12161,3145140,8116300
3804,604,607,842095,12158,3145747,8328100
3805,607,573,841488,12192,3146320,8177700
3806,590,591,840898,12191,3146911,8560100
3807,641,575,840257,12257,3147486,8182200
3808,623,617,839634,12263,3148103,8038100
3809,608,624,839026,12247,3148727,8177400
3810,611,605,838415,12253,3149332,8034600
3811,583,587,837832,12249,3149919,8056700
3812,576,604,837256,12221,3150523,8643700
3813,609,618,836647,12212,3151141,8245600
3814,634,631,836013,12215,3151772,8095400
3815,561,568,835452,12208,3152340,8506800
3816,612,633,834840,12187,3152973,8433500
3817,602,580,834238,12209,3153553,7989200
3818,558,660,833680,12107,3154213,8587400
3819,579,578,833101,12108,3154791,8776300
3820,595,614,832506,12089,3155405,8289600
3821,580,582,831926,12087,3155987,8254200
3822,620,592,831306,12115,3156579,8211600
3823,586,625,830720,12076,3157204,8245200
3824,545,628,830175,11993,3157832,9656700
3825,577,636,829598,11934,3158468,8138300
3826,557,583,829041,11908,3159051,8404000
3827,576,600,828465,11884,3159651,8057800
3828,608,607,827857,11885,3160258,7894000
3829,587,568,827270,11904,3160826,7990500
3830,607,602,826663,11909,3161428,8134300
3831,597,613,826066,11893,3162041,8356700
3832,569,624,825497,11838,3162665,8624900
3833,526,606,824971,11758,3163271,8300600
3834,539,531,824432,11766,3163802,8454700
3835,595,598,823837,11763,3164400,8019400
3836,574,600,823263,11737,3165000,8888400
3837,559,594,822704,11702,3165594,8358600
3838,573,545,822131,11730,3166139,8322600
3839,550,607,821581,11673,3166746,8466800
3840,555,604,821026,11624,3167350,8498400
3841,534,623,820492,11535,3167973,8448000
3842,544,560,819948,11519,3168533,8184000
3843,547,616,819401,11450,3169149,8205300
3844,563,581,818838,11432,3169730,9093800
3845,570,588,818268,11414,3170318,8101100
3846,514,558,817754,11370,3170876,8240800
3847,563,596,817191,11337,3171472,8680700
3848,545,610,816646,11272,3172082,8076600
3849,564,591,816082,11245,3172673,8063200
3850,512,574,815570,11183,3173247,8493800
3851,525,558,815045,11150,3173805,8700500
3852,540,542,814505,11148,3174347,8416500
3853,543,594,813962,11097,3174941,8663600
3854,573,567,813389,11103,3175508,8767000
3855,532,589,812857,11046,3176097,8447700
3856,543,554,812314,11035,3176651,8135000
3857,510,579,811804,10966,3177230,8083700
3858,529,564,811275,10931,3177794,8056600
3859,522,519,810753,10934,3178313,8077400
3860,511,504,810242,10941,3178817,8719300
3861,517,541,809725,10917,3179358,8432600
3862,548,533,809177,10932,3179891,8480000
3863,532,503,808645,10961,3180394,8287500
3864,571,517,808074,11015,3180911,8513000
3865,521,541,807553,10995,3181452,8452200
3866,506,499,807047,11002,3181951,8297900
3867,552,581,806495,10973,3182532,8609100
3868,559,536,805936,10996,3183068,8449200
3869,525,544,805411,10977,3183612,8754200
3870,528,527,804883,10978,3184139,8608800
3871,566,561,804317,10983,3184700,8296200
3872,529,533,803788,10979,3185233,9153800
3873,557,522,803231,11014,3185755,8247800
3874,553,565,802678,11002,3186320,8219600
3875,502,569,802176,10935,3186889,8072400
3876,525,562,801651,10898,3187451,8191600
3877,546,538,801105,10906,3187989,8317000
3878,506,506,800599,10906,3188495,8652700
3879,508,542,800091,10872,3189037,8310600
3880,534,539,799557,10867,3189576,8071600
3881,479,567,799078,10779,3190143,8267700
3882,483,569,798595,10693,3190712,8060500
3883,502,532,798093,10663,3191244,8091700
3884,569,521,797524,10711,3191765,8719000
3885,506,529,797018,10688,3192294,8299800
3886,503,547,796515,10644,3192841,8567600
3887,512,520,796003,10636,3193361,8535700
3888,501,580,795502,10557,3193941,8900000
3889,482,490,795020,10549,3194431,8238800
3890,526,561,794494,10514,3194992,8372800
3891,476,538,794018,10452,3195530,8341900
3892,478,540,793540,10390,3196070,8037200
3893,544,509,792996,10425,3196579,8066400
3894,531,518,792465,10438,3197097,8251900
3895,457,481,792008,10414,3197578,8034400
3896,532,515,791476,10431,3198093,8360800
3897,502,525,790974,10408,3198618,8026200
3898,522,486,790452,10444,3199104,8093100
3899,514,523,789938,10435,3199627,8448700
3900,492,516,789446,10411,3200143,8248000
3901,475,533,788971,10353,3200676,8232400
3902,472,561,788499,10264,3201237,8145700
3903,491,508,788008,10247,3201745,8404500
3904,505,518,787503,10234,3202263,8016300
3905,504,497,786999,10241,3202760,8042400
3906,513,503,786486,10251,3203263,8280900
3907,503,478,785983,10276,3203741,8240600
3908,512,507,785471,10281,3204248,8603300
3909,513,552,784958,10242,3204800,8738000
3910,516,518,784442,10240,3205318,8469000
3911,514,509,783928,10245,3205827,8654800
3912,480,544,783448,10181,3206371,8128100
3913,498,551,782950,10128,3206922,8371200
3914,471,507,782479,10092,3207429,8825300
3915,503,472,781976,10123,3207901,8390100
3916,492,509,781484,10106,3208410,8625200
3917,487,524,780997,10069,3208934,8415100
3918,459,516,780538,10012,3209450,8231800
3919,448,491,780090,9969,3209941,8121900
3920,484,480,779606,9973,3210421,8359400
3921,485,480,779121,9978,3210901,8154300
3922,482,484,778639,9976,3211385,8477100
3923,471,458,778168,9989,3211843,8454600
3924,459,524,777709,9924,3212367,8255700
3925,470,523,777239,9871,3212890,7935400
3926,465,493,776774,9843,3213383,8106000
3927,483,515,776291,9811,3213898,8562000
3928,445,531,775846,9725,3214429,8027600
3929,464,452,775382,9737,3214881,7989600
3930,464,491,774918,9710,3215372,8339800
3931,457,496,774461,9671,3215868,8123600
3932,429,462,774032,9638,3216330,8452000
3933,448,453,773584,9633,3216783,8614200
3934,467,491,773117,9609,3217274,8433100
3935,446,456,772671,9599,3217730,8011300
3936,474,451,772197,9622,3218181,8041200
3937,461,484,771736,9599,3218665,9028800
3938,462,456,771274,9605,3219121,8008000
3939,457,435,770817,9627,3219556,9053200
3940,491,486,770326,9632,3220042,8155400
3941,452,503,769874,9581,3220545,8087000
3942,463,459,769411,9585,3221004,7938200
3943,466,432,768945,9619,3221436,7858200
3944,474,482,768471,9611,3221918,7844200
3945,439,480,768032,9570,3222398,7757300
3946,409,464,767623,9515,3222862,7886400
3947,458,439,767165,9534,3223301,8289100
3948,438,486,766727,9486,3223787,8123300
3949,450,450,766277,9486,3224237,8023900
3950,428,462,765849,9452,3224699,8110000
3951,462,498,765387,9416,3225197,8164800
3952,444,445,764943,9415,3225642,8124800
3953,437,479,764506,9373,3226121,8082600
3954,454,496,764052,9331,3226617,8042100
3955,448,484,763604,9295,3227101,8142100
3956,469,460,763135,9304,3227561,8112900
3957,433,483,762702,9254,3228044,8180200
3958,433,448,762269,9239,3228492,8294600
3959,438,450,761831,9227,3228942,8235300
3960,453,462,761378,9218,3229404,8004100
3961,438,455,760940,9201,3229859,7883100
3962,431,455,760509,9177,3230314,7874300
3963,422,427,760087,9172,3230741,7860300
3964,476,439,759611,9209,3231180,7841900
3965,447,471,759164,9185,3231651,8338400
3966,445,431,758719,9199,3232082,8253900
3967,479,467,758240,9211,3232549,8086800
3968,444,457,757796,9198,3233006,8202500
3969,465,462,757331,9201,3233468,7850500
3970,428,505,756903,9124,3233973,7864800
3971,428,492,756475,9060,3234465,7772800
3972,438,487,756037,9011,3234952,7931900
3973,464,461,755573,9014,3235413,8374000
3974,456,399,755117,9071,3235812,8297300
3975,448,451,754669,9068,3236263,8368600
3976,454,468,754215,9054,3236731,8559500
3977,433,467,753782,9020,3237198,8047200
3978,495,436,753287,9079,3237634,7840100
3979,464,469,752823,9074,3238103,7769900
3980,482,431,752341,9125,3238534,7823700
3981,429,458,751912,9096,3238992,7965300
3982,480,433,751432,9143,3239425,7936500
3983,470,458,750962,9155,3239883,8087100
3984,469,426,750493,9198,3240309,7807300
3985,435,464,750058,9169,3240773,7802800
3986,448,436,749610,9181,3241209,7839400
3987,467,471,749143,9177,3241680,7880300
3988,461,488,748682,9150,3242168,7839700
3989,477,439,748205,9188,3242607,7953100
3990,486,472,747719,9202,3243079,7871700
3991,460,494,747259,9168,3243573,8035200
3992,423,448,746836,9143,3244021,7994900
3993,440,473,746396,9110,3244494,7866800
3994,399,453,745997,9056,3244947,7920700
3995,405,415,745592,9046,3245362,8072200
3996,460,455,745132,9051,3245817,7892800
3997,436,461,744696,9026,3246278,7869200
3998,468,434,744228,9060,3246712,7839900
3999,464,485,743764,9039,3247197,7820000
4000,458,434,743306,9063,3247631,8210500
4001,455,412,742851,9106,3248043,7999800
4002,440,481,742411,9065,3248524,8469100
4003,460,486,741951,9039,3249010,8228200
4004,447,455,741504,9031,3249465,7943300
4005,469,459,741035,9041,3249924,7972100
4006,463,479,740572,9025,3250403,7879400
4007,463,451,740109,9037,3250854,7857600
4008,427,441,739682,9023,3251295,8008700
4009,438,432,739244,9029,3251727,7895900
4010,462,398,738782,9093,3252125,8397800
4011,430,462,738352,9061,3252587,7950400
4012,432,455,737920,9038,3253042,7883700
4013,466,425,737454,9079,3253467,7853600
4014,484,441,736970,9122,3253908,8037000
4015,447,485,736523,9084,3254393,8035300
4016,463,437,736060,9110,3254830,8133300
4017,460,461,735600,9109,3255291,8188400
4018,467,443,735133,9133,3255734,7930800
4019,459,446,734674,9146,3256180,8539900
4020,460,453,734214,9153,3256633,7911200
4021,445,433,733769,9165,3257066,8112100
4022,428,449,733341,9144,3257515,8223000
4023,447,463,732894,9128,3257978,8352100
4024,473,484,732421,9117,3258462,8191400
4025,426,431,731995,9112,3258893,8239900
4026,442,452,731553,9102,3259345,8149600
4027,438,431,731115,9109,3259776,8037200
4028,417,436,730698,9090,3260212,8174300
4029,455,447,730243,9098,3260659,8409300
4030,447,439,729796,9106,3261098,8633200
4031,411,470,729385,9047,3261568,8146000
4032,431,435,728954,9043,3262003,8494900
4033,435,434,728519,9044,3262437,8405800
4034,455,446,728064,9053,3262883,8260000
4035,409,472,727655,8990,3263355,8381700
4036,446,471,727209,8965,3263826,8117200
4037,437,421,726772,8981,3264247,8327500
4038,442,457,726330,8966,3264704,8126100
4039,408,476,725922,8898,3265180,7943700
4040,445,462,725477,8881,3265642,8040000
4041,466,461,725011,8886,3266103,8176200
4042,448,438,724563,8896,3266541,8093600
4043,427,438,724136,8885,3266979,8150600
4044,412,453,723724,8844,3267432,7828800
4045,455,470,723269,8829,3267902,7746800
4046,450,445,722819,8834,3268347,7960500
4047,451,443,722368,8842,3268790,8200000
4048,416,442,721952,8816,3269232,8338400
4049,446,471,721506,8791,3269703,8195600
4050,451,417,721055,8825,3270120,7947000
4051,467,469,720588,8823,3270589,8023800
4052,408,433,720180,8798,3271022,7821600
4053,441,411,719739,8828,3271433,7955200
4054,417,428,719322,8817,3271861,8059200
4055,421,443,718901,8795,3272304,7879900
4056,441,437,718460,8799,3272741,8222700
4057,428,427,718032,8800,3273168,8318100
4058,453,453,717579,8800,3273621,7871300
4059,412,426,717167,8786,3274047,8073900
4060,435,458,716732,8763,3274505,8093800
4061,427,441,716305,8749,3274946,7906300
4062,453,438,715852,8764,3275384,7784700
4063,454,413,715398,8805,3275797,7869200
4064,442,460,714956,8787,3276257,7898700
4065,420,409,714536,8798,3276666,8162200
4066,447,456,714089,8789,3277122,7944700
4067,440,463,713649,8766,3277585,7908300
4068,425,460,713224,8731,3278045,8198600
4069,432,441,712792,8722,3278486,7958900
4070,417,425,712375,8714,3278911,7847600
4071,456,448,711919,8722,3279359,7794400
4072,446,449,711473,8719,3279808,7983100
4073,420,426,711053,8713,3280234,8317900
4074,413,440,710640,8686,3280674,8324900
4075,411,420,710229,8677,3281094,10185000
4076,418,405,709811,8690,3281499,9366500
4077,410,405,709401,8695,3281904,9030900
4078,434,438,708967,8691,3282342,10123000
4079,421,446,708546,8666,3282788,8188700
4080,424,443,708122,8647,3283231,8148300
4081,417,434,707705,8630,3283665,8064700
4082,395,454,707310,8571,3284119,8108000
4083,427,429,706883,8569,3284548,7981700
4084,426,437,706457,8558,3284985,8175300
4085,421,444,706036,8535,3285429,8811900
4086,419,434,705617,8520,3285863,8247600
4087,434,413,705183,8541,3286276,8230000
4088,428,435,704755,8534,3286711,8036400
4089,436,431,704319,8539,3287142,8706500
4090,431,405,703888,8565,3287547,8195600
4091,444,422,703444,8587,3287969,7849400
4092,451,417,702993,8621,3288386,7849200
4093,443,404,702550,8660,3288790,7889400
4094,445,445,702105,8660,3289235,7990000
4095,445,405,701660,8700,3289640,8140800
4096,463,455,701197,8708,3290095,8068300
4097,448,431,700749,8725,3290526,7958300
4098,448,442,700301,8731,3290968,8194100
4099,453,452,699848,8732,3291420,8062000
4100,467,452,699381,8747,3291872,8229100
4101,411,450,698970,8708,3292322,8257900
4102,430,444,698540,8694,3292766,8095100
4103,423,389,698117,8728,3293155,7919200
4104,456,453,697661,8731,3293608,8010900
4105,405,440,697256,8696,3294048,7970200
4106,421,450,696835,8667,3294498,8172300
4107,421,426,696414,8662,3294924,8081200
4108,460,436,695954,8686,3295360,9166700
4109,420,433,695534,8673,3295793,8189700
4110,449,434,695085,8688,3296227,8411900
4111,383,431,694702,8640,3296658,7798300
4112,407,434,694295,8613,3297092,8014100
4113,428,423,693867,8618,3297515,7846100
4114,396,433,693471,8581,3297948,8005100
4115,408,435,693063,8554,3298383,7816400
4116,450,430,692613,8574,3298813,8199500
4117,404,443,692209,8535,3299256,7923000
4118,419,436,691790,8518,3299692,7848300
4119,418,437,691372,8499,3300129,7889400
4120,387,422,690985,8464,3300551,7828700
4121,398,394,690587,8468,3300945,7896600
4122,409,395,690178,8482,3301340,7949900
4123,430,419,689748,8493,3301759,7971400
4124,420,444,689328,8469,3302203,8324700
4125,430,394,688898,8505,3302597,8297300
4126,394,422,688504,8477,3303019,8280100
4127,418,404,688086,8491,3303423,7896500
4128,433,399,687653,8525,3303822,7799000
4129,402,402,687251,8525,3304224,7885500
4130,431,423,686820,8533,3304647,7923600
4131,424,412,686396,8545,3305059,8184900
4132,410,418,685986,8537,3305477,8286800
4133,413,424,685573,8526,3305901,8558800
4134,396,451,685177,8471,3306352,8309000
4135,411,397,684766,8485,3306749,8090900
4136,394,418,684372,8461,3307167,7863300
4137,426,450,683946,8437,3307617,7758900
4138,434,429,683512,8442,3308046,7896600
4139,407,426,683105,8423,3308472,8583600
4140,403,453,682702,8373,3308925,8364500
4141,426,412,682276,8387,3309337,8294500
4142,395,428,681881,8354,3309765,7885200
4143,404,404,681477,8354,3310169,7776200
4144,409,435,681068,8328,3310604,7806800
4145,429,417,680639,8340,3311021,8019000
4146,427,424,680212,8343,3311445,7965000
4147,436,389,679776,8390,3311834,8205400
4148,404,383,679372,8411,3312217,8533400
4149,395,411,678977,8395,3312628,8520400
4150,436,410,678541,8421,3313038,8190300
4151,424,446,678117,8399,3313484,8031900
4152,396,436,677721,8359,3313920,8348500
4153,418,425,677303,8352,3314345,8259100
4154,438,431,676865,8359,3314776,8226000
4155,426,383,676439,8402,3315159,8325300
4156,446,396,675993,8452,3315555,8166700
4157,428,408,675565,8472,3315963,7998600
4158,441,426,675124,8487,3316389,8017000
4159,455,454,674669,8488,3316843,7757800
4160,411,433,674258,8466,3317276,8149500
4161,451,410,673807,8507,3317686,7726100
4162,442,435,673365,8514,3318121,7792100
4163,425,451,672940,8488,3318572,7947300
4164,399,446,672541,8441,3319018,8266300
4165,425,435,672116,8431,3319453,7861100
4166,404,399,671712,8436,3319852,7834800
4167,414,419,671298,8431,3320271,8147000
4168,412,417,670886,8426,3320688,7830800
4169,407,415,670479,8418,3321103,8134100
4170,421,433,670058,8406,3321536,8307000
4171,414,435,669644,8385,3321971,8600800
4172,379,470,669265,8294,3322441,8656300
4173,404,395,668861,8303,3322836,8783400
4174,385,421,668476,8267,3323257,8097600
4175,393,442,668083,8218,3323699,8131300
4176,434,390,667649,8262,3324089,7866200
4177,434,427,667215,8269,3324516,7973800
4178,388,406,666827,8251,3324922,8125900
4179,411,414,666416,8248,3325336,8267900
4180,420,406,665996,8262,3325742,8330700
4181,440,425,665556,8277,3326167,8176900
4182,425,393,665131,8309,3326560,7883700
4183,378,381,664753,8306,3326941,8057000
4184,442,393,664311,8355,3327334,7945800
4185,399,426,663912,8328,3327760,7925000
4186,398,407,663514,8319,3328167,8074600
4187,441,419,663073,8341,3328586,8067400
4188,427,446,662646,8322,3329032,8065700
4189,398,428,662248,8292,3329460,8219400
4190,416,416,661832,8292,3329876,8088600
4191,385,385,661447,8292,3330261,7993900
4192,428,421,661019,8299,3330682,8034100
4193,387,421,660632,8265,3331103,8107100
4194,418,426,660214,8257,3331529,8014300
4195,385,427,659829,8215,3331956,8174700
4196,421,421,659408,8215,3332377,8145500
4197,381,395,659027,8201,3332772,8218100
4198,398,426,658629,8173,3333198,8115600
4199,394,377,658235,8190,3333575,8066400
4200,400,440,657835,8150,3334015,8017900
4201,394,413,657441,8131,3334428,8046700
4202,370,396,657071,8105,3334824,8426300
4203,408,382,656663,8131,3335206,8189700
4204,413,397,656250,8147,3335603,8153800
4205,386,409,655864,8124,3336012,7984900
4206,416,409,655448,8131,3336421,7828000
4207,380,426,655068,8085,3336847,7969300
4208,364,409,654704,8040,3337256,7903900
4209,418,418,654286,8040,3337674,7935800
4210,364,424,653922,7980,3338098,8139600
4211,390,431,653532,7939,3338529,7866100
4212,368,368,653164,7939,3338897,7842000
4213,411,398,652753,7952,3339295,8241000
4214,416,373,652337,7995,3339668,8048600
4215,420,425,651917,7990,3340093,8150500
4216,393,376,651524,8007,3340469,7834500
4217,391,424,651133,7974,3340893,7825900
4218,394,386,650739,7982,3341279,7803200
4219,397,428,650342,7951,3341707,7940700
4220,430,384,649912,7997,3342091,7808700
4221,411,433,649501,7975,3342524,8050700
4222,399,417,649102,7957,3342941,8007400
4223,413,457,648689,7913,3343398,8131500
4224,378,398,648311,7893,3343796,8378300
4225,360,355,647951,7898,3344151,8163900
4226,459,374,647492,7983,3344525,8266200
4227,400,408,647092,7975,3344933,7988300
4228,427,391,646665,8011,3345324,8430600
4229,412,415,646253,8008,3345739,8237200
4230,440,428,645813,8020,3346167,8055600
4231,421,407,645392,8034,3346574,7854900
4232,423,412,644969,8045,3346986,7832000
4233,398,422,644571,8021,3347408,7993800
4234,407,414,644164,8014,3347822,7879100
4235,442,386,643722,8070,3348208,7932000
4236,410,425,643312,8055,3348633,7816300
4237,406,399,642906,8062,3349032,7825800
4238,384,399,642522,8047,3349431,8185500
4239,445,421,642077,8071,3349852,7940100
4240,425,403,641652,8093,3350255,8248000
4241,390,392,641262,8091,3350647,7946000
4242,415,399,640847,8107,3351046,7773300
4243,396,409,640451,8094,3351455,7784700
4244,393,414,640058,8073,3351869,7839200
4245,420,442,639638,8051,3352311,7944400
4246,425,398,639213,8078,3352709,7999600
4247,394,400,638819,8072,3353109,8145600
4248,404,392,638415,8084,3353501,7924700
4249,393,417,638022,8060,3353918,7899100
4250,421,415,637601,8066,3354333,8047800
4251,407,374,637194,8099,3354707,7835000
4252,399,397,636795,8101,3355104,7870800
4253,378,399,636417,8080,3355503,7858600
4254,404,387,636013,8097,3355890,8151200
4255,378,418,635635,8057,3356308,8088300
4256,382,402,635253,8037,3356710,8327100
4257,373,414,634880,7996,3357124,8467400
4258,404,376,634476,8024,3357500,8088800
4259,377,406,634099,7995,3357906,8003700
4260,397,430,633702,7962,3358336,7854100
4261,412,360,633290,8014,3358696,7730100
4262,393,383,632897,8024,3359079,7730300
4263,389,395,632508,8018,3359474,8362900
4264,384,378,632124,8024,3359852,8128300
4265,401,417,631723,8008,3360269,7896500
4266,384,405,631339,7987,3360674,7822300
4267,395,414,630944,7968,3361088,8247200
4268,374,411,630570,7931,3361499,7755300
4269,367,384,630203,7914,3361883,7995800
4270,404,404,629799,7914,3362287,7967200
4271,385,368,629414,7931,3362655,8084400
4272,394,385,629020,7940,3363040,7985800
4273,375,367,628645,7948,3363407,7973400
4274,364,413,628281,7899,3363820,7888500
4275,410,399,627871,7910,3364219,8368200
4276,374,383,627497,7901,3364602,8270900
4277,394,427,627103,7868,3365029,8862900
4278,394,392,626709,7870,3365421,8642300
4279,422,367,626287,7925,3365788,8302400
4280,377,415,625910,7887,3366203,8171600
4281,387,348,625523,7926,3366551,8404500
4282,385,390,625138,7921,3366941,8506800
4283,391,423,624747,7889,3367364,7878800
4284,387,362,624360,7914,3367726,7753700
4285,376,388,623984,7902,3368114,7872900
4286,381,337,623603,7946,3368451,7917600
4287,389,395,623214,7940,3368846,8056900
4288,384,402,622830,7922,3369248,8106200
4289,378,353,622452,7947,3369601,7803700
4290,375,425,622077,7897,3370026,7937100
4291,370,386,621707,7881,3370412,7910300
4292,411,393,621296,7899,3370805,7840500
4293,387,367,620909,7919,3371172,7885100
4294,404,430,620505,7893,3371602,8374200
4295,374,402,620131,7865,3372004,8337300
4296,395,393,619736,7867,3372397,8087700
4297,365,383,619371,7849,3372780,7825200
4298,375,401,618996,7823,3373181,7824300
4299,380,386,618616,7817,3373567,7702900
4300,364,415,618252,7766,3373982,7725300
4301,376,395,617876,7747,3374377,7793600
4302,404,407,617472,7744,3374784,7887200
4303,370,374,617102,7740,3375158,7853600
4304,366,395,616736,7711,3375553,8350000
4305,354,397,616382,7668,3375950,8314400
4306,369,405,616013,7632,3376355,8201200
4307,369,383,615644,7618,3376738,8119300
4308,357,378,615287,7597,3377116,8152900
4309,367,375,614920,7589,3377491,8109600
4310,367,351,614553,7605,3377842,8099000
4311,376,364,614177,7617,3378206,7992000
4312,365,399,613812,7583,3378605,7953300
4313,392,383,613420,7592,3378988,8083100
4314,392,372,613028,7612,3379360,8098500
4315,365,395,612663,7582,3379755,8121900
4316,361,402,612302,7541,3380157,7888400
4317,386,387,611916,7540,3380544,8091300
4318,365,345,611551,7560,3380889,7802100
4319,392,378,611159,7574,3381267,7752800
4320,396,387,610763,7583,3381654,7743100
4321,354,352,610409,7585,3382006,8173500
4322,382,361,610027,7606,3382367,8186700
4323,394,422,609633,7578,3382789,8076600
4324,396,404,609237,7570,3383193,8197000
4325,354,378,608883,7546,3383571,8793600
4326,367,370,608516,7543,3383941,8620400
4327,375,376,608141,7542,3384317,8203200
4328,382,384,607759,7540,3384701,8082100
4329,389,347,607370,7582,3385048,8143100
4330,364,403,607006,7543,3385451,8105700
4331,349,385,606657,7507,3385836,7981600
4332,360,394,606297,7473,3386230,7928100
4333,391,423,605906,7441,3386653,8076600
4334,357,361,605549,7437,3387014,8064100
4335,362,378,605187,7421,3387392,7996100
4336,366,384,604821,7403,3387776,7979200
4337,361,392,604460,7372,3388168,8052300
4338,305,376,604155,7301,3388544,8291400
4339,377,324,603778,7354,3388868,8059700
4340,329,364,603449,7319,3389232,8022600
4341,334,368,603115,7285,3389600,7977500
4342,354,337,602761,7302,3389937,8056800
4343,381,381,602380,7302,3390318,7916800
4344,367,343,602013,7326,3390661,8026500
4345,347,401,601666,7272,3391062,8043800
4346,358,348,601308,7282,3391410,8263300
4347,316,359,600992,7239,3391769,8121400
4348,360,376,600632,7223,3392145,8017400
4349,372,356,600260,7239,3392501,7917500
4350,375,375,599885,7239,3392876,7994100
4351,371,362,599514,7248,3393238,8154600
4352,380,364,599134,7264,3393602,8474300
4353,369,370,598765,7263,3393972,8380100
4354,376,369,598389,7270,3394341,8078700
4355,384,342,598005,7312,3394683,8500500
4356,405,410,597600,7307,3395093,7900300
4357,362,389,597238,7280,3395482,7750500
4358,389,359,596849,7310,3395841,7711200
4359,354,355,596495,7309,3396196,8001700
4360,360,333,596135,7336,3396529,7805300
4361,407,355,595728,7388,3396884,8044600
4362,400,368,595328,7420,3397252,8188800
4363,341,384,594987,7377,3397636,8249400
4364,351,374,594636,7354,3398010,8828800
4365,370,363,594266,7361,3398373,8785500
4366,394,335,593872,7420,3398708,8175500
4367,329,361,593543,7388,3399069,7839700
4368,356,370,593187,7374,3399439,7744600
4369,357,394,592830,7337,3399833,7789000
4370,361,350,592469,7348,3400183,7994700
4371,346,366,592123,7328,3400549,7968800
4372,362,355,591761,7335,3400904,7918800
4373,368,355,591393,7348,3401259,7868500
4374,350,339,591043,7359,3401598,8023000
4375,359,405,590684,7313,3402003,7887800
4376,360,358,590324,7315,3402361,7951900
4377,368,345,589956,7338,3402706,8260200
4378,313,375,589643,7276,3403081,7846800
4379,366,319,589277,7323,3403400,8091200
4380,359,375,588918,7307,3403775,7821500
4381,342,366,588576,7283,3404141,8130300
4382,376,342,588200,7317,3404483,8044000
4383,349,350,587851,7316,3404833,8060300
4384,338,375,587513,7279,3405208,7734500
4385,364,361,587149,7282,3405569,8008900
4386,365,337,586784,7310,3405906,7815600
4387,340,354,586444,7296,3406260,8371800
4388,358,405,586086,7249,3406665,8509900
4389,357,395,585729,7211,3407060,8054000
4390,385,356,585344,7240,3407416,8512200
4391,361,366,584983,7235,3407782,7786000
4392,379,372,584604,7242,3408154,7840800
4393,382,372,584222,7252,3408526,7824300
4394,384,356,583838,7280,3408882,7840900
4395,364,339,583474,7305,3409221,7931900
4396,374,344,583100,7335,3409565,8279000
4397,371,356,582729,7350,3409921,7947900
4398,374,394,582355,7330,3410315,8028100
4399,379,374,581976,7335,3410689,8152100
4400,375,383,581601,7327,3411072,8320900
4401,346,361,581255,7312,3411433,8445600
4402,345,408,580910,7249,3411841,8261700
4403,357,330,580553,7276,3412171,8090700
4404,359,379,580194,7256,3412550,7946200
4405,372,355,579822,7273,3412905,7895400
4406,359,350,579463,7282,3413255,7930800
4407,391,382,579072,7291,3413637,7771700
4408,384,333,578688,7342,3413970,7725600
4409,381,373,578307,7350,3414343,7888000
4410,360,389,577947,7321,3414732,7854700
4411,373,339,577574,7355,3415071,7970300
4412,355,359,577219,7351,3415430,7897900
4413,376,369,576843,7358,3415799,7881500
4414,354,358,576489,7354,3416157,7834100
4415,347,364,576142,7337,3416521,7836300
4416,399,358,575743,7378,3416879,7819300
4417,337,323,575406,7392,3417202,7878200
4418,372,383,575034,7381,3417585,7916800
4419,345,382,574689,7344,3417967,7967100
4420,372,369,574317,7347,3418336,8222900
4421,379,377,573938,7349,3418713,8116800
4422,355,365,573583,7339,3419078,8091400
4423,369,361,573214,7347,3419439,8041000
4424,346,357,572868,7336,3419796,8514500
4425,388,358,572480,7366,3420154,8652900
4426,373,369,572107,7370,3420523,8060700
4427,345,356,571762,7359,3420879,7790100
4428,372,385,571390,7346,3421264,8031400
4429,348,360,571042,7334,3421624,7894300
4430,392,369,570650,7357,3421993,7980700
4431,354,369,570296,7342,3422362,8148100
4432,360,401,569936,7301,3422763,7963300
4433,346,359,569590,7288,3423122,8075100
4434,343,379,569247,7252,3423501,8110600
4435,379,371,568868,7260,3423872,8600600
4436,318,349,568550,7229,3424221,8127100
4437,341,334,568209,7236,3424555,8169500
4438,332,372,567877,7196,3424927,8278600
4439,356,387,567521,7165,3425314,8943300
4440,333,361,567188,7137,3425675,8524600
4441,344,357,566844,7124,3426032,7861300
4442,321,364,566523,7081,3426396,7836700
4443,333,319,566190,7095,3426715,7812400
4444,345,382,565845,7058,3427097,7944100
4445,351,353,565494,7056,3427450,9944400
4446,368,373,565126,7051,3427823,9013800
4447,358,399,564768,7010,3428222,8142900
4448,326,363,564442,6973,3428585,8159900
4449,335,328,564107,6980,3428913,8083800
4450,331,311,563776,7000,3429224,8088100
4451,344,354,563432,6990,3429578,8217300
4452,358,358,563074,6990,3429936,8530100
4453,344,375,562730,6959,3430311,7906300
4454,371,319,562359,7011,3430630,7915000
4455,331,353,562028,6989,3430983,7802100
4456,329,364,561699,6954,3431347,7735800
4457,352,372,561347,6934,3431719,7878400
4458,358,354,560989,6938,3432073,8216600
4459,377,375,560612,6940,3432448,8012200
4460,305,367,560307,6878,3432815,7836600
4461,358,348,559949,6888,3433163,8143400
4462,371,358,559578,6901,3433521,7950400
4463,384,348,559194,6937,3433869,7886900
4464,375,365,558819,6947,3434234,7867100
4465,373,354,558446,6966,3434588,7933000
4466,342,359,558104,6949,3434947,8172300
4467,344,348,557760,6945,3435295,8133400
4468,380,337,557380,6988,3435632,8424600
4469,381,364,556999,7005,3435996,8150600
4470,393,339,556606,7059,3436335,8005200
4471,361,353,556245,7067,3436688,7806200
4472,364,385,555881,7046,3437073,7743300
4473,370,361,555511,7055,3437434,7756400
4474,397,376,555114,7076,3437810,8141000
4475,376,366,554738,7086,3438176,8449100
4476,380,339,554358,7127,3438515,8667100
4477,372,388,553986,7111,3438903,9046800
4478,354,349,553632,7116,3439252,8244700
4479,354,360,553278,7110,3439612,8087700
4480,362,345,552916,7127,3439957,8072100
4481,332,348,552584,7111,3440305,8105100
4482,353,321,552231,7143,3440626,8333000
4483,352,379,551879,7116,3441005,8391400
4484,347,376,551532,7087,3441381,8143000
4485,343,362,551189,7068,3441743,8452900
4486,381,347,550808,7102,3442090,8682700
4487,330,347,550478,7085,3442437,8549600
4488,338,325,550140,7098,3442762,8215700
4489,359,372,549781,7085,3443134,8889000
4490,326,375,549455,7036,3443509,8867000
4491,338,388,549117,6986,3443897,8232000
4492,352,310,548765,7028,3444207,8566200
4493,345,329,548420,7044,3444536,8817200
4494,327,337,548093,7034,3444873,8934100
4495,349,357,547744,7026,3445230,8764000
4496,346,360,547398,7012,3445590,8284500
4497,339,309,547059,7042,3445899,8530100
4498,349,344,546710,7047,3446243,8465600
4499,338,350,546372,7035,3446593,8644900
4500,348,327,546024,7056,3446920,9213000
4501,314,344,545710,7026,3447264,8605200
4502,327,357,545383,6996,3447621,8509500
4503,356,386,545027,6966,3448007,9042300
4504,333,345,544694,6954,3448352,9029200
4505,330,350,544364,6934,3448702,8640200
4506,328,348,544036,6914,3449050,9716500
4507,358,350,543678,6922,3449400,8496500
4508,311,347,543367,6886,3449747,8403900
4509,310,313,543057,6883,3450060,8333000
4510,333,338,542724,6878,3450398,8363000
4511,338,365,542386,6851,3450763,8396900
4512,316,345,542070,6822,3451108,8789300
4513,319,351,541751,6790,3451459,8330900
4514,312,366,541439,6736,3451825,8423600
4515,299,358,541140,6677,3452183,8224700
4516,367,345,540773,6699,3452528,8363900
4517,359,329,540414,6729,3452857,8219000
4518,349,336,540065,6742,3453193,8408900
4519,307,322,539758,6727,3453515,8366000
4520,323,347,539435,6703,3453862,8664300
4521,339,357,539096,6685,3454219,8814800
4522,330,356,538766,6659,3454575,8377000
4523,315,328,538451,6646,3454903,8764500
4524,326,349,538125,6623,3455252,8430500
4525,298,337,537827,6584,3455589,9392200
4526,320,362,537507,6542,3455951,8618300
4527,334,315,537173,6561,3456266,8551200
4528,314,331,536859,6544,3456597,8578500
4529,342,342,536517,6544,3456939,8553700
4530,310,334,536207,6520,3457273,8457400
4531,328,330,535879,6518,3457603,8334500
4532,328,327,535551,6519,3457930,8504300
4533,372,333,535179,6558,3458263,8336000
4534,350,309,534829,6599,3458572,8296200
4535,369,339,534460,6629,3458911,8169900
4536,358,351,534102,6636,3459262,8206100
4537,328,346,533774,6618,3459608,8169300
4538,344,355,533430,6607,3459963,8497800
4539,318,316,533112,6609,3460279,9357700
4540,344,328,532768,6625,3460607,9025900
4541,376,333,532392,6668,3460940,9194900
4542,312,345,532080,6635,3461285,8268200
4543,380,362,531700,6653,3461647,8258200
4544,334,304,531366,6683,3461951,8207600
4545,316,322,531050,6677,3462273,8184200
4546,349,355,530701,6671,3462628,8514100
4547,336,286,530365,6721,3462914,9250400
4548,333,357,530032,6697,3463271,8764200
4549,342,357,529690,6682,3463628,8431500
4550,351,346,529339,6687,3463974,8644500
4551,345,339,528994,6693,3464313,8496500
4552,308,325,528686,6676,3464638,8322100
4553,318,334,528368,6660,3464972,8533100
4554,338,327,528030,6671,3465299,8247700
4555,325,331,527705,6665,3465630,8860900
4556,319,320,527386,6664,3465950,8614500
4557,324,313,527062,6675,3466263,8298800
4558,325,341,526737,6659,3466604,8501000
4559,325,312,526412,6672,3466916,8406400
4560,315,338,526097,6649,3467254,8293700
4561,312,292,525785,6669,3467546,8669500
4562,317,295,525468,6691,3467841,9261200
4563,344,366,525124,6669,3468207,8722300
4564,326,340,524798,6655,3468547,8386400
4565,340,327,524458,6668,3468874,8676900
4566,328,353,524130,6643,3469227,8366400
4567,354,318,523776,6679,3469545,8516800
4568,344,344,523432,6679,3469889,8424100
4569,318,351,523114,6646,3470240,8724600
4570,313,346,522801,6613,3470586,8715900
4571,328,323,522473,6618,3470909,8906200
4572,314,301,522159,6631,3471210,8699800
4573,321,329,521838,6623,3471539,8407900
4574,298,294,521540,6627,3471833,8336300
4575,329,341,521211,6615,3472174,8354700
4576,311,338,520900,6588,3472512,8559500
4577,321,343,520579,6566,3472855,8196000
4578,331,335,520248,6562,3473190,8701100
4579,316,301,519932,6577,3473491,8703000
4580,330,299,519602,6608,3473790,8622400
4581,331,322,519271,6617,3474112,8791500
4582,332,318,518939,6631,3474430,8425900
4583,333,337,518606,6627,3474767,8396900
4584,299,304,518307,6622,3475071,7955000
4585,327,317,517980,6632,3475388,7876700
4586,320,330,517660,6622,3475718,8299800
4587,308,305,517352,6625,3476023,7858800
4588,342,340,517010,6627,3476363,7741600
4589,331,332,516679,6626,3476695,7902100
4590,313,314,516366,6625,3477009,8164800
4591,333,321,516033,6637,3477330,8182300
4592,305,336,515728,6606,3477666,8030000
4593,323,353,515405,6576,3478019,7917900
4594,331,319,515074,6588,3478338,8129700
4595,337,314,514737,6611,3478652,8278400
4596,332,336,514405,6607,3478988,8455700
4597,336,312,514069,6631,3479300,8211100
4598,319,325,513750,6625,3479625,8442500
4599,323,339,513427,6609,3479964,8070500
4600,338,335,513089,6612,3480299,7859800
4601,311,338,512778,6585,3480637,7777700
4602,320,328,512458,6577,3480965,8030800
4603,311,317,512147,6571,3481282,8095700
4604,321,343,511826,6549,3481625,8301700
4605,297,336,511529,6510,3481961,8264100
4606,286,308,511243,6488,3482269,8183700
4607,304,331,510939,6461,3482600,8035400
4608,308,306,510631,6463,3482906,8237100
4609,312,321,510319,6454,3483227,8454000
4610,339,331,509980,6462,3483558,8391500
4611,303,337,509677,6428,3483895,8074200
4612,311,343,509366,6396,3484238,7914200
4613,307,335,509059,6368,3484573,7749500
4614,296,345,508763,6319,3484918,7915100
4615,329,314,508434,6334,3485232,8185400
4616,274,300,508160,6308,3485532,8178400
4617,296,302,507864,6302,3485834,8076300
4618,308,288,507556,6322,3486122,8283400
4619,286,315,507270,6293,3486437,8167400
4620,286,292,506984,6287,3486729,8174200
4621,294,320,506690,6261,3487049,7923600
4622,298,306,506392,6253,3487355,8181000
4623,330,325,506062,6258,3487680,7839400
4624,294,320,505768,6232,3488000,7935700
4625,284,307,505484,6209,3488307,7797500
4626,315,293,505169,6231,3488600,7967400
4627,331,355,504838,6207,3488955,7799400
4628,316,360,504522,6163,3489315,8085800
4629,302,310,504220,6155,3489625,7807000
4630,324,284,503896,6195,3489909,7855900
4631,309,335,503587,6169,3490244,7812300
4632,299,301,503288,6167,3490545,8099700
4633,345,328,502943,6184,3490873,8110900
4634,318,290,502625,6212,3491163,8127300
4635,338,324,502287,6226,3491487,8323600
4636,324,313,501963,6237,3491800,8903500
4637,311,282,501652,6266,3492082,8126300
4638,328,309,501324,6285,3492391,8091000
4639,282,312,501042,6255,3492703,8129900
4640,331,295,500711,6291,3492998,8588200
4641,336,302,500375,6325,3493300,9648300
4642,338,336,500037,6327,3493636,8403400
4643,352,279,499685,6400,3493915,8248000
4644,311,340,499374,6371,3494255,9466300
4645,334,328,499040,6377,3494583,8416400
4646,333,303,498707,6407,3494886,8290300
4647,319,338,498388,6388,3495224,8352500
4648,340,284,498048,6444,3495508,8944900
4649,358,317,497690,6485,3495825,8790800
4650,328,329,497362,6484,3496154,8391000
4651,332,334,497030,6482,3496488,8294400
4652,338,326,496692,6494,3496814,8348200
4653,342,334,496350,6502,3497148,8475100
4654,339,311,496011,6530,3497459,8275400
4655,360,321,495651,6569,3497780,8365700
4656,318,338,495333,6549,3498118,8166600
4657,324,346,495009,6527,3498464,8080800
4658,325,347,494684,6505,3498811,8251800
4659,320,324,494364,6501,3499135,8012600
4660,312,329,494052,6484,3499464,8082500
4661,333,341,493719,6476,3499805,8121100
4662,316,317,493403,6475,3500122,8029900
4663,343,332,493060,6486,3500454,7975000
4664,301,318,492759,6469,3500772,8544300
4665,342,334,492417,6477,3501106,7936700
4666,333,323,492084,6487,3501429,7986300
4667,328,312,491756,6503,3501741,8004300
4668,296,338,491460,6461,3502079,8061800
4669,282,288,491178,6455,3502367,8165700
4670,337,316,490841,6476,3502683,8119100
4671,341,338,490500,6479,3503021,8158400
4672,311,333,490189,6457,3503354,8187700
4673,298,326,489891,6429,3503680,8058700
4674,352,334,489539,6447,3504014,7961800
4675,324,294,489215,6477,3504308,7929600
4676,322,299,488893,6500,3504607,8118500
4677,327,339,488566,6488,3504946,8422300
4678,323,328,488243,6483,3505274,8184100
4679,306,332,487937,6457,3505606,8353500
4680,298,350,487639,6405,3505956,8344900
4681,354,305,487285,6454,3506261,8669000
4682,345,321,486940,6478,3506582,8815400
4683,320,335,486620,6463,3506917,9259200
4684,304,316,486316,6451,3507233,8351400
4685,319,293,485997,6477,3507526,8128600
4686,324,308,485673,6493,3507834,7946800
4687,359,313,485314,6539,3508147,7941600
4688,301,339,485013,6501,3508486,7941400
4689,305,320,484708,6486,3508806,8350400
4690,314,342,484394,6458,3509148,8068400
4691,294,338,484100,6414,3509486,8277800
4692,322,322,483778,6414,3509808,8065200
4693,301,330,483477,6385,3510138,8300800
4694,336,330,483141,6391,3510468,8139500
4695,299,317,482842,6373,3510785,7933600
4696,304,338,482538,6339,3511123,7902300
4697,311,304,482227,6346,3511427,7925500
4698,314,318,481913,6342,3511745,8052300
4699,287,316,481626,6313,3512061,8438400
4700,291,344,481335,6260,3512405,9164600
4701,311,303,481024,6268,3512708,8245900
4702,301,309,480723,6260,3513017,8227800
4703,339,319,480384,6280,3513336,8035900
4704,290,326,480094,6244,3513662,8118100
4705,331,329,479763,6246,3513991,7873700
4706,307,290,479456,6263,3514281,8024000
4707,322,304,479134,6281,3514585,8085900
4708,312,340,478822,6253,3514925,9086900
4709,317,323,478505,6247,3515248,8893400
4710,314,291,478191,6270,3515539,8562400
4711,267,310,477924,6227,3515849,8459500
4712,286,321,477638,6192,3516170,7973300
4713,306,309,477332,6189,3516479,8137100
4714,299,309,477033,6179,3516788,7876100
4715,263,308,476770,6134,3517096,7966700
4716,304,332,476466,6106,3517428,7918500
4717,315,333,476151,6088,3517761,8035100
4718,291,336,475860,6043,3518097,8059300
4719,299,321,475561,6021,3518418,8217000
4720,307,300,475254,6028,3518718,8434700
4721,307,310,474947,6025,3519028,8419500
4722,301,306,474646,6020,3519334,8291400
4723,319,310,474327,6029,3519644,8404300
4724,307,279,474020,6057,3519923,8194100
4725,314,327,473706,6044,3520250,8402800
4726,310,284,473396,6070,3520534,8369500
4727,287,295,473109,6062,3520829,8063500
4728,286,304,472823,6044,3521133,8138800
4729,351,327,472472,6068,3521460,8489000
4730,325,310,472147,6083,3521770,8389700
4731,277,298,471870,6062,3522068,8251300
4732,303,326,471567,6039,3522394,8039200
4733,310,301,471257,6048,3522695,8632500
4734,299,281,470958,6066,3522976,7938200
4735,296,331,470662,6031,3523307,7983000
4736,325,314,470337,6042,3523621,8059500
4737,315,292,470022,6065,3523913,7918800
4738,291,328,469731,6028,3524241,7962700
4739,310,288,469421,6050,3524529,7942300
4740,272,290,469149,6032,3524819,8451400
4741,300,306,468849,6026,3525125,8418300
4742,280,297,468569,6009,3525422,8408600
4743,290,283,468279,6016,3525705,8012500
4744,296,302,467983,6010,3526007,7943800
4745,289,309,467694,5990,3526316,7915500
4746,278,293,467416,5975,3526609,8276900
4747,315,290,467101,6000,3526899,7938300
4748,279,316,466822,5963,3527215,7952400
4749,308,297,466514,5974,3527512,8006100
4750,292,316,466222,5950,3527828,8334100
4751,285,308,465937,5927,3528136,8446600
4752,289,300,465648,5916,3528436,8612700
4753,268,295,465380,5889,3528731,8442100
4754,301,289,465079,5901,3529020,8226200
4755,275,285,464804,5891,3529305,8920200
4756,271,278,464533,5884,3529583,9362500
4757,286,317,464247,5853,3529900,9197600
4758,301,294,463946,5860,3530194,8675500
4759,301,304,463645,5857,3530498,8582200
4760,280,277,463365,5860,3530775,8334400
4761,272,267,463093,5865,3531042,7971400
4762,314,303,462779,5876,3531345,8008100
4763,290,283,462489,5883,3531628,7872600
4764,292,317,462197,5858,3531945,7992600
4765,281,317,461916,5822,3532262,8067700
4766,293,298,461623,5817,3532560,8287800
4767,266,311,461357,5772,3532871,8305100
4768,277,296,461080,5753,3533167,9044700
4769,259,307,460821,5705,3533474,8290300
4770,287,282,460534,5710,3533756,8179200
4771,321,276,460213,5755,3534032,8081600
4772,259,284,459954,5730,3534316,8147200
4773,294,261,459660,5763,3534577,8761900
4774,275,292,459385,5746,3534869,8315000
4775,275,296,459110,5725,3535165,8285100
4776,271,300,458839,5696,3535465,8085600
4777,252,314,458587,5634,3535779,7855200
4778,295,279,458292,5650,3536058,8046800
4779,280,271,458012,5659,3536329,8493000
4780,275,282,457737,5652,3536611,8556500
4781,279,305,457458,5626,3536916,8369000
4782,271,255,457187,5642,3537171,8332500
4783,305,275,456882,5672,3537446,8425300
4784,285,266,456597,5691,3537712,8794200
4785,288,277,456309,5702,3537989,8330900
4786,292,300,456017,5694,3538289,8378700
4787,303,299,455714,5698,3538588,8227800
4788,304,297,455410,5705,3538885,8161900
4789,262,294,455148,5673,3539179,8427500
4790,257,252,454891,5678,3539431,8336200
4791,270,287,454621,5661,3539718,8208100
4792,275,272,454346,5664,3539990,8386900
4793,257,273,454089,5648,3540263,8215800
4794,269,294,453820,5623,3540557,8081200
4795,291,267,453529,5647,3540824,8194400
4796,289,255,453240,5681,3541079,8425800
4797,287,318,452953,5650,3541397,8531700
4798,284,276,452669,5658,3541673,8461400
4799,286,292,452383,5652,3541965,8320900
4800,264,278,452119,5638,3542243,8590700
4801,267,284,451852,5621,3542527,8360000
4802,285,291,451567,5615,3542818,8544300
4803,277,265,451290,5627,3543083,9637400
4804,273,286,451017,5614,3543369,8586600
4805,284,256,450733,5642,3543625,8944700
4806,268,293,450465,5617,3543918,8387600
4807,275,245,450190,5647,3544163,8060800
4808,243,252,449947,5638,3544415,8083300
4809,250,312,449697,5576,3544727,8197900
4810,250,280,449447,5546,3545007,8225200
4811,258,272,449189,5532,3545279,8814100
4812,276,264,448913,5544,3545543,8328400
4813,272,250,448641,5566,3545793,8261100
4814,284,276,448357,5574,3546069,8162900
4815,283,255,448074,5602,3546324,7970300
4816,258,304,447816,5556,3546628,7890300
4817,266,287,447550,5535,3546915,7966500
4818,283,264,447267,5554,3547179,7884500
4819,295,278,446972,5571,3547457,7888600
4820,282,266,446690,5587,3547723,7894500
4821,304,275,446386,5616,3547998,8069900
4822,260,277,446126,5599,3548275,8203300
4823,268,295,445858,5572,3548570,8228300
4824,266,271,445592,5567,3548841,8085200
4825,292,296,445300,5563,3549137,8532700
4826,273,269,445027,5567,3549406,8836200
4827,256,281,444771,5542,3549687,8309200
4828,252,285,444519,5509,3549972,8063000
4829,268,302,444251,5475,3550274,8229100
4830,253,251,443998,5477,3550525,8569400
4831,263,280,443735,5460,3550805,8380700
4832,264,277,443471,5447,3551082,8384300
4833,272,265,443199,5454,3551347,8096800
4834,284,269,442915,5469,3551616,8117100
4835,294,262,442621,5501,3551878,8947500
4836,292,276,442329,5517,3552154,9000700
4837,268,269,442061,5516,3552423,8413700
4838,258,247,441803,5527,3552670,8080500
4839,288,274,441515,5541,3552944,8115300
4840,293,297,441222,5537,3553241,8084400
4841,252,280,440970,5509,3553521,7892300
4842,301,307,440669,5503,3553828,7984400
4843,246,303,440423,5446,3554131,8039000
4844,275,264,440148,5457,3554395,8408900
4845,261,288,439887,5430,3554683,8382700
4846,269,261,439618,5438,3554944,8662100
4847,262,234,439356,5466,3555178,8489200
4848,266,283,439090,5449,3555461,8338200
4849,258,283,438832,5424,3555744,8095100
4850,270,250,438562,5444,3555994,8107700
4851,255,260,438307,5439,3556254,8264100
4852,265,271,438042,5433,3556525,8184500
4853,278,264,437764,5447,3556789,8009300
4854,258,273,437506,5432,3557062,8380100
4855,275,284,437231,5423,3557346,8190300
4856,284,289,436947,5418,3557635,8067700
4857,263,276,436684,5405,3557911,8222600
4858,273,262,436411,5416,3558173,8923000
4859,284,257,436127,5443,3558430,8352100
4860,242,257,435885,5428,3558687,8047200
4861,298,269,435587,5457,3558956,8150300
4862,274,287,435313,5444,3559243,8398200
4863,290,298,435023,5436,3559541,8154500
4864,265,303,434758,5398,3559844,8074300
4865,286,273,434472,5411,3560117,8100500
4866,257,257,434215,5411,3560374,7982100
4867,302,267,433913,5446,3560641,8017800
4868,290,279,433623,5457,3560920,8937100
4869,291,287,433332,5461,3561207,8466900
4870,319,266,433013,5514,3561473,8479500
4871,274,303,432739,5485,3561776,8171400
4872,269,300,432470,5454,3562076,8125800
4873,279,294,432191,5439,3562370,7953100
4874,279,275,431912,5443,3562645,8166900
4875,289,296,431623,5436,3562941,8378600
4876,243,269,431380,5410,3563210,8367000
4877,243,281,431137,5372,3563491,8314700
4878,283,265,430854,5390,3563756,9325300
4879,282,291,430572,5381,3564047,8217400
4880,265,266,430307,5380,3564313,8450900
4881,246,259,430061,5367,3564572,8536400
4882,263,259,429798,5371,3564831,8290100
4883,266,249,429532,5388,3565080,7966000
4884,274,253,429258,5409,3565333,7835600
4885,239,262,429019,5386,3565595,7981300
4886,307,257,428712,5436,3565852,8246100
4887,279,280,428433,5435,3566132,8374600
4888,262,265,428171,5432,3566397,8178000
4889,279,265,427892,5446,3566662,10164400
4890,282,283,427610,5445,3566945,8286300
4891,270,283,427340,5432,3567228,8208800
4892,269,278,427071,5423,3567506,7917900
4893,293,272,426778,5444,3567778,8007500
4894,273,270,426505,5447,3568048,8261000
4895,273,314,426232,5406,3568362,8050200
4896,270,255,425962,5421,3568617,7916900
4897,255,265,425707,5411,3568882,7981300
4898,276,281,425431,5406,3569163,8217600
4899,266,275,425165,5397,3569438,8519600
4900,288,265,424877,5420,3569703,8486400
4901,283,271,424594,5432,3569974,8085500
4902,272,266,424322,5438,3570240,8023000
4903,265,300,424057,5403,3570540,8047400
4904,248,290,423809,5361,3570830,8177000
4905,261,242,423548,5380,3571072,7883900
4906,278,280,423270,5378,3571352,7812600
4907,281,262,422989,5397,3571614,8093600
4908,239,259,422750,5377,3571873,8072200
4909,269,280,422481,5366,3572153,7942500
4910,290,283,422191,5373,3572436,8051400
4911,270,246,421921,5397,3572682,7991700
4912,281,265,421640,5413,3572947,8095900
4913,270,269,421370,5414,3573216,8064900
4914,286,279,421084,5421,3573495,8080900
4915,275,261,420809,5435,3573756,7986600
4916,310,284,420499,5461,3574040,8035300
4917,283,282,420216,5462,3574322,8237400
4918,273,292,419943,5443,3574614,8959600
4919,283,284,419660,5442,3574898,8632500
4920,262,285,419398,5419,3575183,8301600
4921,273,244,419125,5448,3575427,8277000
4922,259,253,418866,5454,3575680,8186000
4923,284,276,418582,5462,3575956,8178100
4924,268,259,418314,5471,3576215,8218200
4925,269,287,418045,5453,3576502,8176700
4926,276,266,417769,5463,3576768,8279800
4927,274,277,417495,5460,3577045,8525300
4928,278,279,417217,5459,3577324,8210400
4929,282,270,416935,5471,3577594,8268200
4930,284,271,416651,5484,3577865,7931900
4931,297,280,416354,5501,3578145,8077600
4932,290,268,416064,5523,3578413,8017800
4933,286,292,415778,5517,3578705,8208800
4934,274,281,415504,5510,3578986,8978400
4935,266,310,415238,5466,3579296,8356000
4936,273,252,414965,5487,3579548,8262000
4937,249,275,414716,5461,3579823,8233500
4938,256,256,414460,5461,3580079,8179200
4939,242,261,414218,5442,3580340,8316900
4940,261,273,413957,5430,3580613,8271800
4941,273,265,413684,5438,3580878,8351800
4942,268,245,413416,5461,3581123,8261900
4943,253,287,413163,5427,3581410,8340600
4944,264,264,412899,5427,3581674,8335700
4945,275,245,412624,5457,3581919,8189800
4946,265,262,412359,5460,3582181,8151500
4947,246,266,412113,5440,3582447,8119300
4948,260,293,411853,5407,3582740,8383500
4949,274,260,411579,5421,3583000,8042200
4950,261,280,411318,5402,3583280,8176900
4951,273,278,411045,5397,3583558,8607700
4952,244,261,410801,5380,3583819,8511400
4953,278,263,410523,5395,3584082,8708700
4954,225,268,410298,5352,3584350,8446000
4955,250,263,410048,5339,3584613,8411900
4956,265,266,409783,5338,3584879,8039200
4957,253,247,409530,5344,3585126,8127200
4958,239,261,409291,5322,3585387,8321500
4959,229,248,409062,5303,3585635,8312200
4960,237,285,408825,5255,3585920,8240700
4961,258,275,408567,5238,3586195,8154700
4962,265,246,408302,5257,3586441,8167200
4963,258,252,408044,5263,3586693,7896700
4964,224,275,407820,5212,3586968,7973200
4965,253,265,407567,5200,3587233,8318400
4966,254,288,407313,5166,3587521,8122300
4967,249,269,407064,5146,3587790,8297300
4968,274,258,406790,5162,3588048,8201100
4969,246,269,406544,5139,3588317,8004000
4970,242,267,406302,5114,3588584,8032400
4971,254,260,406048,5108,3588844,7914400
4972,260,255,405788,5113,3589099,7946700
4973,252,235,405536,5130,3589334,7962100
4974,259,263,405277,5126,3589597,8025500
4975,228,273,405049,5081,3589870,8373000
4976,235,260,404814,5056,3590130,8487400
4977,235,246,404579,5045,3590376,8648800
4978,241,266,404338,5020,3590642,9205200
4979,258,233,404080,5045,3590875,8635400
4980,248,264,403832,5029,3591139,8377100
4981,241,245,403591,5025,3591384,8144700
4982,246,230,403345,5041,3591614,8065500
4983,226,270,403119,4997,3591884,8721700
4984,243,267,402876,4973,3592151,8289000
4985,246,252,402630,4967,3592403,8284300
4986,223,253,402407,4937,3592656,8290400
4987,253,247,402154,4943,3592903,8597500
4988,263,238,401891,4968,3593141,8077600
4989,237,237,401654,4968,3593378,8050400
4990,238,252,401416,4954,3593630,8443900
4991,244,220,401172,4978,3593850,8428400
4992,253,269,400919,4962,3594119,8335900
4993,235,228,400684,4969,3594347,8081400
4994,247,250,400437,4966,3594597,7900900
4995,228,263,400209,4931,3594860,7846900
4996,252,228,399957,4955,3595088,7838400
4997,272,223,399685,5004,3595311,8154700
4998,225,222,399460,5007,3595533,8319600
4999,243,250,399217,5000,3595783,8467700
5000,234,257,398983,4977,3596040,8395600
5001,244,234,398739,4987,3596274,8695500
5002,253,225,398486,5015,3596499,8368100
5003,252,238,398234,5029,3596737,8398800
5004,275,252,397959,5052,3596989,9006400
5005,250,267,397709,5035,3597256,8395700
5006,267,266,397442,5036,3597522,8356300
5007,240,225,397202,5051,3597747,8215800
5008,239,237,396963,5053,3597984,9584100
5009,255,245,396708,5063,3598229,8205100
5010,246,261,396462,5048,3598490,8267800
5011,264,253,396198,5059,3598743,8218200
5012,233,247,395965,5045,3598990,8240800
5013,257,218,395708,5084,3599208,8160100
5014,240,275,395468,5049,3599483,8275400
5015,234,276,395234,5007,3599759,8136300
5016,256,246,394978,5017,3600005,8050800
5017,216,267,394762,4966,3600272,8076400
5018,219,252,394543,4933,3600524,7854400
5019,227,253,394316,4907,3600777,7799800
5020,236,246,394080,4897,3601023,7869400
5021,234,229,393846,4902,3601252,7931000
5022,228,237,393618,4893,3601489,8058800
5023,240,236,393378,4897,3601725,8294100
5024,206,246,393172,4857,3601971,8171300
5025,228,257,392944,4828,3602228,7943100
5026,242,263,392702,4807,3602491,8051400
5027,250,243,392452,4814,3602734,7913900
5028,249,254,392203,4809,3602988,8013100
5029,230,251,391973,4788,3603239,8077200
5030,239,215,391734,4812,3603454,8040600
5031,272,245,391462,4839,3603699,8005200
5032,254,257,391208,4836,3603956,8108400
5033,225,240,390983,4821,3604196,8259300
5034,231,263,390752,4789,3604459,8418900
5035,240,236,390512,4793,3604695,8365400
5036,238,268,390274,4763,3604963,8020500
5037,242,228,390032,4777,3605191,7940500
5038,234,211,389798,4800,3605402,7914300
5039,241,260,389557,4781,3605662,8417900
5040,242,228,389315,4795,3605890,8626600
5041,224,244,389091,4775,3606134,8617400
5042,209,241,388882,4743,3606375,8388500
5043,214,228,388668,4729,3606603,8279400
5044,191,232,388477,4688,3606835,8238200
5045,226,235,388251,4679,3607070,8176100
5046,223,248,388028,4654,3607318,8345500
5047,203,209,387825,4648,3607527,8201500
5048,220,229,387605,4639,3607756,8212100
5049,186,247,387419,4578,3608003,8122600
5050,241,231,387178,4588,3608234,8475800
5051,223,237,386955,4574,3608471,8157400
5052,248,247,386707,4575,3608718,8097000
5053,223,225,386484,4573,3608943,8299900
5054,201,235,386283,4539,3609178,8599300
5055,193,229,386090,4503,3609407,8357600
5056,205,217,385885,4491,3609624,8310600
5057,183,215,385702,4459,3609839,8001300
5058,191,230,385511,4420,3610069,7939400
5059,216,247,385295,4389,3610316,7956500
5060,206,214,385089,4381,3610530,8627200
5061,243,219,384846,4405,3610749,8409000
5062,220,215,384626,4410,3610964,8293100
5063,211,236,384415,4385,3611200,7913500
5064,216,205,384199,4396,3611405,8411500
5065,209,248,383990,4357,3611653,8016200
5066,211,229,383779,4339,3611882,8081600
5067,202,237,383577,4304,3612119,8180200
5068,211,212,383366,4303,3612331,8115300
5069,202,198,383164,4307,3612529,7943900
5070,204,203,382960,4308,3612732,8058400
5071,223,207,382737,4324,3612939,8960200
5072,208,231,382529,4301,3613170,8267100
5073,220,231,382309,4290,3613401,9231900
5074,207,209,382102,4288,3613610,8814800
5075,202,215,381900,4275,3613825,8652200
5076,188,197,381712,4266,3614022,8337600
5077,216,228,381496,4254,3614250,7952700
5078,210,213,381286,4251,3614463,7881600
5079,210,220,381076,4241,3614683,8039000
5080,234,226,380842,4249,3614909,8335300
5081,220,190,380622,4279,3615099,8088200
5082,194,235,380428,4238,3615334,8304400
5083,219,224,380209,4233,3615558,8079900
5084,196,219,380013,4210,3615777,7979900
5085,206,178,379807,4238,3615955,8250500
5086,215,196,379592,4257,3616151,8419400
5087,208,201,379384,4264,3616352,8452900
5088,221,211,379163,4274,3616563,8507300
5089,207,206,378956,4275,3616769,8601900
5090,208,203,378748,4280,3616972,8839900
5091,227,205,378521,4302,3617177,8523300
5092,212,207,378309,4307,3617384,8478600
5093,213,205,378096,4315,3617589,8103900
5094,229,228,377867,4316,3617817,8306600
5095,231,218,377636,4329,3618035,8149900
5096,242,219,377394,4352,3618254,8316100
5097,233,227,377161,4358,3618481,8220300
5098,227,226,376934,4359,3618707,8413000
5099,226,233,376708,4352,3618940,8364200
5100,207,204,376501,4355,3619144,8203900
5101,206,212,376295,4349,3619356,8795200
5102,236,231,376059,4354,3619587,8335100
5103,232,222,375827,4364,3619809,8768900
5104,228,213,375599,4379,3620022,8189300
5105,220,203,375379,4396,3620225,8234500
5106,202,227,375177,4371,3620452,8223900
5107,237,228,374940,4380,3620680,8082200
5108,224,198,374716,4406,3620878,8011900
5109,250,232,374466,4424,3621110,8065100
5110,225,219,374241,4430,3621329,8043700
5111,220,259,374021,4391,3621588,8308700
5112,231,210,373790,4412,3621798,8296700
5113,214,230,373576,4396,3622028,8206600
5114,212,237,373364,4371,3622265,8073800
5115,205,221,373159,4355,3622486,8002800
5116,207,223,372952,4339,3622709,7982900
5117,215,220,372737,4334,3622929,8140100
5118,222,230,372515,4326,3623159,8942900
5119,224,222,372291,4328,3623381,8512100
5120,232,207,372059,4353,3623588,8454900
5121,218,194,371841,4377,3623782,8163300
5122,228,212,371613,4393,3623994,8361900
5123,204,211,371409,4386,3624205,8493000
5124,223,208,371186,4401,3624413,8107000
5125,236,235,370950,4402,3624648,7913000
5126,239,211,370711,4430,3624859,8060500
5127,230,224,370481,4436,3625083,7941900
5128,234,228,370247,4442,3625311,8288700
5129,220,230,370027,4432,3625541,7962500
5130,242,233,369785,4441,3625774,7929300
5131,213,255,369572,4399,3626029,8031600
5132,218,254,369354,4363,3626283,8040200
5133,220,240,369134,4343,3626523,8072700
5134,263,199,368871,4407,3626722,8275500
5135,225,222,368646,4410,3626944,8126600
5136,244,238,368402,4416,3627182,8198800
5137,227,207,368175,4436,3627389,8306300
5138,221,239,367954,4418,3627628,8081800
5139,188,232,367766,4374,3627860,8061900
5140,213,193,367553,4394,3628053,8083400
5141,201,212,367352,4383,3628265,8165300
5142,218,203,367134,4398,3628468,8114900
5143,218,222,366916,4394,3628690,8269800
5144,219,196,366697,4417,3628886,8180600
5145,231,225,366466,4423,3629111,8311300
5146,237,212,366229,4448,3629323,8105400
5147,238,215,365991,4471,3629538,8139300
5148,227,217,365764,4481,3629755,7986600
5149,229,210,365535,4500,3629965,8009700
5150,241,201,365294,4540,3630166,7996400
5151,221,226,365073,4535,3630392,8135200
5152,241,260,364832,4516,3630652,8224600
5153,203,220,364629,4499,3630872,8243200
5154,250,228,364379,4521,3631100,8075500
5155,246,224,364133,4543,3631324,8534500
5156,213,248,363920,4508,3631572,8293600
5157,246,232,363674,4522,3631804,8226900
5158,211,213,363463,4520,3632017,7892500
5159,218,205,363245,4533,3632222,7933400
5160,230,251,363015,4512,3632473,8342700
5161,238,221,362777,4529,3632694,8365300
5162,247,211,362530,4565,3632905,8312900
5163,242,227,362288,4580,3633132,8205200
5164,238,219,362050,4599,3633351,8349900
5165,244,216,361806,4627,3633567,8224900
5166,244,219,361562,4652,3633786,8372300
5167,219,258,361343,4613,3634044,8330400
5168,235,240,361108,4608,3634284,8294800
5169,256,236,360852,4628,3634520,8159600
5170,231,232,360621,4627,3634752,7914600
5171,206,223,360415,4610,3634975,7902300
5172,238,205,360177,4643,3635180,7988000
5173,254,196,359923,4701,3635376,7986500
5174,260,255,359663,4706,3635631,8172700
5175,223,258,359440,4671,3635889,8006100
5176,198,234,359242,4635,3636123,8152200
5177,223,214,359019,4644,3636337,8328000
5178,274,226,358745,4692,3636563,8201600
5179,244,217,358501,4719,3636780,8205300
5180,254,236,358247,4737,3637016,8098500
5181,252,209,357995,4780,3637225,8063000
5182,249,237,357746,4792,3637462,8059500
5183,263,248,357483,4807,3637710,8220100
5184,269,246,357214,4830,3637956,8083800
5185,225,253,356989,4802,3638209,8257000
5186,214,247,356775,4769,3638456,8364000
5187,219,226,356556,4762,3638682,8201800
5188,218,237,356338,4743,3638919,8015900
5189,274,225,356064,4792,3639144,8062700
5190,270,228,355794,4834,3639372,8070700
5191,211,242,355583,4803,3639614,8127500
5192,277,235,355306,4845,3639849,8077200
5193,223,243,355083,4825,3640092,8133900
5194,252,249,354831,4828,3640341,8296400
5195,255,203,354576,4880,3640544,8329700
5196,247,243,354329,4884,3640787,9594900
5197,245,237,354084,4892,3641024,8761000
5198,258,236,353826,4914,3641260,8374600
5199,247,228,353579,4933,3641488,7980600
5200,210,274,353369,4869,3641762,7899100
5201,250,220,353119,4899,3641982,8003500
5202,244,258,352875,4885,3642240,8029200
5203,241,260,352634,4866,3642500,8016400
5204,227,239,352407,4854,3642739,8020700
5205,235,261,352172,4828,3643000,7987600
5206,266,255,351906,4839,3643255,7999700
5207,220,248,351686,4811,3643503,7978100
5208,254,258,351432,4807,3643761,8122500
5209,235,233,351197,4809,3643994,8576000
5210,248,256,350949,4801,3644250,8692800
5211,204,222,350745,4783,3644472,8482800
5212,203,242,350542,4744,3644714,8334800
5213,241,261,350301,4724,3644975,7954300
5214,200,225,350101,4699,3645200,7896100
5215,232,231,349869,4700,3645431,8239900
5216,214,239,349655,4675,3645670,8058700
5217,240,247,349415,4668,3645917,8527000
5218,233,248,349182,4653,3646165,8123600
5219,237,233,348945,4657,3646398,8130200
5220,244,262,348701,4639,3646660,8514400
5221,260,244,348441,4655,3646904,8339900
5222,227,226,348214,4656,3647130,7928800
5223,233,227,347981,4662,3647357,7880700
5224,222,230,347759,4654,3647587,7876700
5225,214,230,347545,4638,3647817,7908200
5226,226,228,347319,4636,3648045,8067700
5227,224,244,347095,4616,3648289,7924400
5228,216,217,346879,4615,3648506,8103200
5229,220,224,346659,4611,3648730,8253700
5230,227,244,346432,4594,3648974,8246000
5231,237,238,346195,4593,3649212,8170700
5232,221,240,345974,4574,3649452,8076800
5233,211,230,345763,4555,3649682,7955900
5234,221,209,345542,4567,3649891,7997100
5235,207,217,345335,4557,3650108,8036600
5236,219,208,345116,4568,3650316,7925300
5237,225,230,344891,4563,3650546,8169600
5238,210,234,344681,4539,3650780,8062700
5239,254,187,344427,4606,3650967,8138100
5240,234,247,344193,4593,3651214,8180800
5241,266,261,343927,4598,3651475,8373000
5242,248,281,343679,4565,3651756,8451100
5243,230,234,343449,4561,3651990,8704900
5244,202,247,343247,4516,3652237,8624400
5245,238,254,343009,4500,3652491,9594800
5246,213,208,342796,4505,3652699,9338400
5247,219,243,342577,4481,3652942,8622700
5248,204,227,342373,4458,3653169,8489800
5249,230,243,342143,4445,3653412,8404200
5250,229,200,341914,4474,3653612,8389400
5251,224,221,341690,4477,3653833,8215300
5252,219,212,341471,4484,3654045,8197000
5253,219,217,341252,4486,3654262,8011100
5254,216,206,341036,4496,3654468,8107900
5255,224,212,340812,4508,3654680,7971300
5256,214,243,340598,4479,3654923,8196900
5257,212,237,340386,4454,3655160,8144000
5258,212,222,340174,4444,3655382,8448000
5259,184,216,339990,4412,3655598,8604100
5260,232,206,339758,4438,3655804,8315500
5261,215,221,339543,4432,3656025,8252000
5262,215,233,339328,4414,3656258,8143700
5263,206,232,339122,4388,3656490,7972600
5264,219,220,338903,4387,3656710,8508900
5265,232,227,338671,4392,3656937,8271600
5266,208,202,338463,4398,3657139,8399700
5267,215,207,338248,4406,3657346,8317400
5268,245,233,338003,4418,3657579,8207000
5269,211,221,337792,4408,3657800,7958800
5270,220,213,337572,4415,3658013,7905200
5271,216,224,337356,4407,3658237,7855800
5272,189,211,337167,4385,3658448,7928000
5273,208,202,336959,4391,3658650,8208200
5274,188,228,336771,4351,3658878,8103800
5275,188,215,336583,4324,3659093,8030500
5276,201,213,336382,4312,3659306,8028300
5277,201,218,336181,4295,3659524,8578100
5278,195,209,335986,4281,3659733,8399500
5279,197,221,335789,4257,3659954,8332900
5280,205,235,335584,4227,3660189,7897900
5281,207,221,335377,4213,3660410,7959200
5282,206,194,335171,4225,3660604,8204000
5283,196,225,334975,4196,3660829,8516100
5284,196,212,334779,4180,3661041,8159200
5285,169,209,334610,4140,3661250,8181200
5286,185,194,334425,4131,3661444,8162300
5287,195,188,334230,4138,3661632,8377600
5288,186,199,334044,4125,3661831,8133400
5289,214,189,333830,4150,3662020,8342500
5290,230,203,333600,4177,3662223,7973500
5291,191,203,333409,4165,3662426,7909600
5292,197,222,333212,4140,3662648,8101500
5293,221,205,332991,4156,3662853,8550100
5294,211,209,332780,4158,3663062,8545800
5295,175,218,332605,4115,3663280,8496800
5296,227,215,332378,4127,3663495,8140000
5297,191,213,332187,4105,3663708,9244100
5298,208,195,331979,4118,3663903,8175500
5299,194,207,331785,4105,3664110,8220600
5300,192,187,331593,4110,3664297,8161800
5301,218,184,331375,4144,3664481,8063600
5302,183,218,331192,4109,3664699,8203300
5303,212,218,330980,4103,3664917,8158500
5304,197,196,330783,4104,3665113,7918700
5305,191,192,330592,4103,3665305,7900800
5306,188,198,330404,4093,3665503,7993400
5307,184,187,330220,4090,3665690,7956500
5308,178,223,330042,4045,3665913,7966700
5309,175,202,329867,4018,3666115,8071600
5310,170,203,329697,3985,3666318,7916500
5311,208,228,329489,3965,3666546,7932400
5312,183,192,329306,3956,3666738,7983500
5313,172,176,329134,3952,3666914,7977400
5314,215,201,328919,3966,3667115,8012800
5315,211,195,328708,3982,3667310,8075400
5316,195,205,328513,3972,3667515,7925700
5317,192,214,328321,3950,3667729,7874600
5318,189,203,328132,3936,3667932,8191600
5319,173,200,327959,3909,3668132,8169800
5320,179,216,327780,3872,3668348,8353900
5321,192,184,327588,3880,3668532,8201300
5322,199,173,327389,3906,3668705,7993700
5323,188,194,327201,3900,3668899,7986200
5324,185,187,327016,3898,3669086,8051900
5325,203,202,326813,3899,3669288,8008600
5326,206,197,326607,3908,3669485,8025200
5327,191,216,326416,3883,3669701,7985400
5328,202,193,326214,3892,3669894,7934200
5329,195,179,326019,3908,3670073,7969400
5330,195,198,325824,3905,3670271,7980300
5331,212,203,325612,3914,3670474,8014300
5332,188,198,325424,3904,3670672,8037800
5333,198,194,325226,3908,3670866,7917600
5334,172,187,325054,3893,3671053,8116800
5335,205,215,324849,3883,3671268,7974900
5336,205,182,324644,3906,3671450,8106500
5337,223,184,324421,3945,3671634,7959600
5338,199,199,324222,3945,3671833,8214500
5339,214,194,324008,3965,3672027,8587100
5340,201,190,323807,3976,3672217,8095600
5341,203,188,323604,3991,3672405,7964800
5342,199,212,323405,3978,3672617,7916400
5343,202,208,323203,3972,3672825,8096900
5344,216,187,322987,4001,3673012,8038800
5345,200,171,322787,4030,3673183,7950700
5346,208,209,322579,4029,3673392,7872800
5347,192,195,322387,4026,3673587,7960900
5348,198,197,322189,4027,3673784,8183400
5349,203,214,321986,4016,3673998,7936500
5350,200,236,321786,3980,3674234,8011700
5351,186,196,321600,3970,3674430,8000100
5352,187,188,321413,3969,3674618,8120100
5353,221,192,321192,3998,3674810,7955500
5354,217,197,320975,4018,3675007,7919600
5355,194,206,320781,4006,3675213,8148800
5356,198,198,320583,4006,3675411,8325800
5357,182,202,320401,3986,3675613,8599000
5358,192,192,320209,3986,3675805,8158000
5359,171,207,320038,3950,3676012,8175600
5360,190,210,319848,3930,3676222,8205800
5361,190,200,319658,3920,3676422,8044200
5362,179,202,319479,3897,3676624,8309800
5363,171,193,319308,3875,3676817,8219000
5364,184,226,319124,3833,3677043,8305200
5365,178,196,318946,3815,3677239,8327300
5366,164,221,318782,3758,3677460,8221100
5367,175,176,318607,3757,3677636,8443200
5368,188,182,318419,3763,3677818,8339300
5369,193,199,318226,3757,3678017,8033500
5370,181,188,318045,3750,3678205,7905700
5371,205,182,317840,3773,3678387,7889000
5372,197,182,317643,3788,3678569,8145000
5373,192,190,317451,3790,3678759,8079800
5374,168,190,317283,3768,3678949,7926500
5375,188,190,317095,3766,3679139,7922900
5376,217,196,316878,3787,3679335,8131900
5377,212,202,316666,3797,3679537,8002300
5378,191,200,316475,3788,3679737,8046800
5379,215,191,316260,3812,3679928,7950300
5380,188,193,316072,3807,3680121,8098000
5381,196,204,315876,3799,3680325,8011700
5382,185,204,315691,3780,3680529,7986900
5383,176,186,315515,3770,3680715,7898000
5384,190,189,315325,3771,3680904,8056400
5385,206,188,315119,3789,3681092,7977600
5386,216,156,314903,3849,3681248,8052300
5387,166,184,314737,3831,3681432,8015900
5388,223,183,314514,3871,3681615,8047400
5389,192,213,314322,3850,3681828,8347100
5390,211,195,314111,3866,3682023,8226100
5391,184,195,313927,3855,3682218,8211000
5392,214,197,313713,3872,3682415,8218200
5393,181,192,313532,3861,3682607,8488100
5394,208,198,313324,3871,3682805,8505700
5395,230,176,313094,3925,3682981,8458700
5396,202,196,312892,3931,3683177,8311500
5397,219,193,312673,3957,3683370,8317400
5398,214,208,312459,3963,3683578,8812700
5399,195,206,312264,3952,3683784,8287400
5400,198,203,312066,3947,3683987,8269400
5401,215,211,311851,3951,3684198,7944100
5402,209,203,311642,3957,3684401,8081600
5403,213,187,311429,3983,3684588,8123700
5404,222,213,311207,3992,3684801,8509000
5405,212,210,310995,3994,3685011,8380700
5406,194,192,310801,3996,3685203,8185600
5407,217,205,310584,4008,3685408,8228600
5408,199,176,310385,4031,3685584,8321000
5409,196,201,310189,4026,3685785,8461900
5410,184,200,310005,4010,3685985,8145300
5411,172,204,309833,3978,3686189,8228400
5412,211,206,309622,3983,3686395,8224000
5413,211,189,309411,4005,3686584,8212800
5414,187,192,309224,4000,3686776,8158600
5415,175,198,309049,3977,3686974,8455800
5416,173,185,308876,3965,3687159,8184200
5417,213,183,308663,3995,3687342,8440200
5418,207,193,308456,4009,3687535,8549600
5419,200,196,308256,4013,3687731,8189700
5420,190,198,308066,4005,3687929,8154700
5421,199,181,307867,4023,3688110,8027700
5422,202,205,307665,4020,3688315,8461600
5423,167,200,307498,3987,3688515,7966800
5424,218,207,307280,3998,3688722,7968800
5425,211,194,307069,4015,3688916,7908500
5426,197,207,306872,4005,3689123,8059300
5427,186,189,306686,4002,3689312,7906700
5428,186,210,306500,3978,3689522,7835200
5429,199,173,306301,4004,3689695,7938300
5430,192,193,306109,4003,3689888,7855900
5431,187,191,305922,3999,3690079,7931900
5432,179,214,305743,3964,3690293,8782100
5433,185,202,305558,3947,3690495,8116800
5434,182,195,305376,3934,3690690,7980200
5435,188,192,305188,3930,3690882,7920900
5436,185,199,305003,3916,3691081,7987300
5437,187,212,304816,3891,3691293,8114300
5438,198,197,304618,3892,3691490,8224400
5439,182,204,304436,3870,3691694,7957600
5440,185,192,304251,3863,3691886,8032800
5441,173,186,304078,3850,3692072,8478300
5442,172,184,303906,3838,3692256,8722200
5443,183,211,303723,3810,3692467,8171700
5444,178,199,303545,3789,3692666,8348900
5445,192,181,303353,3800,3692847,8188400
5446,188,196,303165,3792,3693043,7944300
5447,173,189,302992,3776,3693232,7889000
5448,196,201,302796,3771,3693433,7927800
5449,156,191,302640,3736,3693624,7910000
5450,187,186,302453,3737,3693810,7897300
5451,181,201,302272,3717,3694011,7873300
5452,198,189,302074,3726,3694200,7944700
5453,183,188,301891,3721,3694388,8319600
5454,181,199,301710,3703,3694587,8088500
5455,188,174,301522,3717,3694761,8310200
5456,178,162,301344,3733,3694923,8075200
5457,164,189,301180,3708,3695112,7984000
5458,195,163,300985,3740,3695275,7910500
5459,184,193,300801,3731,3695468,8038800
5460,174,174,300627,3731,3695642,8299200
5461,177,182,300450,3726,3695824,8438300
5462,163,181,300287,3708,3696005,8422800
5463,168,189,300119,3687,3696194,8037300
5464,155,184,299964,3658,3696378,7904000
5465,171,170,299793,3659,3696548,7899600
5466,164,200,299629,3623,3696748,7842600
5467,173,182,299456,3614,3696930,7789800
5468,177,197,299279,3594,3697127,7827000
5469,168,168,299111,3594,3697295,7940200
5470,162,183,298949,3573,3697478,8430100
5471,154,178,298795,3549,3697656,8484200
5472,165,157,298630,3557,3697813,8216500
5473,155,155,298475,3557,3697968,8130100
5474,170,186,298305,3541,3698154,7873700
5475,159,180,298146,3520,3698334,8022300
5476,182,190,297964,3512,3698524,7912800
5477,192,162,297772,3542,3698686,8024700
5478,175,172,297597,3545,3698858,7944500
5479,185,157,297412,3573,3699015,8234100
5480,171,152,297241,3592,3699167,7937000
5481,184,204,297057,3572,3699371,7867200
5482,194,184,296863,3582,3699555,7836800
5483,193,181,296670,3594,3699736,8118400
5484,174,166,296496,3602,3699902,8741000
5485,184,172,296312,3614,3700074,9600300
5486,182,160,296130,3636,3700234,9117900
5487,178,188,295952,3626,3700422,8538400
5488,178,167,295774,3637,3700589,8920000
5489,169,183,295605,3623,3700772,8276700
5490,194,184,295411,3633,3700956,8243300
5491,175,187,295236,3621,3701143,7841800
5492,194,192,295042,3623,3701335,7870900
5493,190,212,294852,3601,3701547,7943900
5494,197,173,294655,3625,3701720,8391100
5495,181,181,294474,3625,3701901,8393300
5496,196,193,294278,3628,3702094,8189200
5497,191,170,294087,3649,3702264,7994300
5498,211,189,293876,3671,3702453,7873700
5499,171,189,293705,3653,3702642,7800800
5500,220,192,293485,3681,3702834,7857500
5501,175,182,293310,3674,3703016,8222200
5502,213,171,293097,3716,3703187,8078300
5503,180,180,292917,3716,3703367,8081800
5504,203,182,292714,3737,3703549,8433800
5505,186,181,292528,3742,3703730,8583000
5506,184,181,292344,3745,3703911,8166200
5507,191,162,292153,3774,3704073,8562700
5508,179,185,291974,3768,3704258,8023300
5509,188,197,291786,3759,3704455,8153200
5510,176,180,291610,3755,3704635,8288600
5511,190,168,291420,3777,3704803,8110000
5512,168,178,291252,3767,3704981,8117500
5513,181,183,291071,3765,3705164,8095300
5514,177,178,290894,3764,3705342,8234100
5515,180,190,290714,3754,3705532,7942700
5516,161,199,290553,3716,3705731,7867600
5517,163,181,290390,3698,3705912,7887400
5518,150,185,290240,3663,3706097,7998100
5519,187,190,290053,3660,3706287,7998200
5520,177,189,289876,3648,3706476,7960400
5521,178,170,289698,3656,3706646,8413400
5522,158,186,289540,3628,3706832,8667600
5523,186,169,289354,3645,3707001,8171500
5524,182,168,289172,3659,3707169,8010200
5525,208,173,288964,3694,3707342,7936500
5526,191,190,288773,3695,3707532,8320400
5527,182,171,288591,3706,3707703,8274000
5528,195,216,288396,3685,3707919,9158800
5529,199,182,288197,3702,3708101,8088600
5530,178,182,288019,3698,3708283,8149800
5531,201,196,287818,3703,3708479,7994400
5532,177,193,287641,3687,3708672,8136300
5533,197,181,287444,3703,3708853,8292800
5534,202,169,287242,3736,3709022,8416800
5535,187,188,287055,3735,3709210,8977500
5536,188,186,286867,3737,3709396,8119000
5537,205,187,286662,3755,3709583,7912100
5538,182,181,286480,3756,3709764,8057000
5539,217,167,286263,3806,3709931,8199300
5540,199,187,286064,3818,3710118,8132800
5541,192,193,285872,3817,3710311,8108900
5542,180,197,285692,3800,3710508,8088500
5543,187,202,285505,3785,3710710,8355700
5544,205,194,285300,3796,3710904,8349800
5545,189,184,285111,3801,3711088,8281500
5546,182,208,284929,3775,3711296,8087800
5547,202,205,284727,3772,3711501,8119500
5548,199,188,284528,3783,3711689,8082700
5549,183,193,284345,3773,3711882,7991100
5550,179,201,284166,3751,3712083,8436400
5551,196,176,283970,3771,3712259,8166500
5552,183,191,283787,3763,3712450,8399700
5553,194,208,283593,3749,3712658,8076600
5554,178,204,283415,3723,3712862,8009500
5555,189,179,283226,3733,3713041,8550800
5556,195,194,283031,3734,3713235,8097600
5557,184,191,282847,3727,3713426,8057900
5558,219,160,282628,3786,3713586,8040000
5559,201,181,282427,3806,3713767,8094800
5560,189,187,282238,3808,3713954,8188500
5561,184,182,282054,3810,3714136,8084500
5562,188,211,281866,3787,3714347,7975100
5563,189,172,281677,3804,3714519,7978500
5564,200,182,281477,3822,3714701,8599600
5565,186,171,281291,3837,3714872,8071600
5566,195,178,281096,3854,3715050,8463500
5567,187,182,280909,3859,3715232,9053400
5568,164,169,280745,3854,3715401,8838000
5569,184,192,280561,3846,3715593,8853300
5570,189,197,280372,3838,3715790,8382600
5571,177,169,280195,3846,3715959,8154000
5572,168,178,280027,3836,3716137,7948300
5573,191,204,279836,3823,3716341,7845200
5574,192,183,279644,3832,3716524,7971400
5575,212,192,279432,3852,3716716,7998300
5576,174,186,279258,3840,3716902,8015100
5577,169,192,279089,3817,3717094,8398100
5578,193,212,278896,3798,3717306,8011500
5579,193,190,278703,3801,3717496,8046900
5580,185,196,278518,3790,3717692,7941200
5581,190,207,278328,3773,3717899,7987700
5582,189,195,278139,3767,3718094,7932500
5583,204,196,277935,3775,3718290,8064100
5584,197,187,277738,3785,3718477,8380000
5585,196,178,277542,3803,3718655,8462100
5586,193,187,277349,3809,3718842,8173600
5587,200,190,277149,3819,3719032,8047200
5588,173,220,276976,3772,3719252,7830800
5589,188,185,276788,3775,3719437,7898400
5590,180,190,276608,3765,3719627,7777100
5591,188,184,276420,3769,3719811,8175700
5592,198,181,276222,3786,3719992,8167600
5593,200,178,276022,3808,3720170,8022100
5594,164,190,275858,3782,3720360,7841700
5595,165,196,275693,3751,3720556,7943400
5596,185,209,275508,3727,3720765,8346500
5597,180,165,275328,3742,3720930,7912600
5598,175,217,275153,3700,3721147,7901200
5599,161,184,274992,3677,3721331,7888000
5600,178,170,274814,3685,3721501,8018600
5601,150,187,274664,3648,3721688,8007000
5602,160,169,274504,3639,3721857,7946600
5603,163,178,274341,3624,3722035,7870600
5604,176,191,274165,3609,3722226,7857200
5605,167,179,273998,3597,3722405,7816500
5606,170,173,273828,3594,3722578,8141100
5607,187,185,273641,3596,3722763,8148800
5608,159,185,273482,3570,3722948,8902000
5609,174,182,273308,3562,3723130,9163200
5610,160,194,273148,3528,3723324,8494000
5611,163,163,272985,3528,3723487,8670200
5612,155,181,272830,3502,3723668,8184900
5613,169,153,272661,3518,3723821,8162700
5614,173,200,272488,3491,3724021,8090800
5615,165,170,272323,3486,3724191,7865300
5616,163,182,272160,3467,3724373,8085500
5617,141,183,272019,3425,3724556,8391000
5618,178,160,271841,3443,3724716,7945500
5619,155,164,271686,3434,3724880,7844300
5620,159,183,271527,3410,3725063,7866200
5621,168,175,271359,3403,3725238,7807200
5622,164,150,271195,3417,3725388,8129000
5623,176,174,271019,3419,3725562,8483300
5624,171,194,270848,3396,3725756,8354900
5625,176,159,270672,3413,3725915,8181700
5626,176,175,270496,3414,3726090,7981700
5627,180,163,270316,3431,3726253,8494300
5628,176,202,270140,3405,3726455,8465400
5629,187,191,269953,3401,3726646,8181800
5630,160,174,269793,3387,3726820,8044800
5631,181,166,269612,3402,3726986,8142300
5632,180,196,269432,3386,3727182,8631600
5633,163,161,269269,3388,3727343,8900900
5634,168,149,269101,3407,3727492,8360600
5635,181,157,268920,3431,3727649,8494600
5636,179,180,268741,3430,3727829,8138900
5637,166,172,268575,3424,3728001,7957300
5638,171,174,268404,3421,3728175,7909100
5639,157,167,268247,3411,3728342,7814500
5640,170,157,268077,3424,3728499,7959500
5641,173,151,267904,3446,3728650,8011500
5642,179,166,267725,3459,3728816,7899600
5643,181,155,267544,3485,3728971,7877900
5644,177,162,267367,3500,3729133,8085300
5645,178,145,267189,3533,3729278,7903300
5646,183,202,267006,3514,3729480,8475500
5647,181,169,266825,3526,3729649,8374000
5648,166,183,266659,3509,3729832,8312700
5649,161,178,266498,3492,3730010,8373300
5650,187,199,266311,3480,3730209,8744800
5651,188,170,266123,3498,3730379,8580200
5652,174,177,265949,3495,3730556,8222000
5653,170,190,265779,3475,3730746,8298300
5654,159,170,265620,3464,3730916,8128800
5655,195,166,265425,3493,3731082,8224500
5656,156,193,265269,3456,3731275,8028300
5657,170,196,265099,3430,3731471,8033300
5658,172,154,264927,3448,3731625,7983800
5659,158,174,264769,3432,3731799,7766300
5660,201,157,264568,3476,3731956,7840000
5661,159,179,264409,3456,3732135,7919500
5662,141,188,264268,3409,3732323,7976300
5663,163,163,264105,3409,3732486,8011300
5664,163,161,263942,3411,3732647,7913100
5665,209,179,263733,3441,3732826,7928000
5666,189,177,263544,3453,3733003,7959000
5667,193,151,263351,3495,3733154,7847700
5668,184,180,263167,3499,3733334,8279400
5669,166,196,263001,3469,3733530,8318900
5670,180,156,262821,3493,3733686,8095100
5671,176,178,262645,3491,3733864,7957200
5672,152,172,262493,3471,3734036,7869400
5673,157,174,262336,3454,3734210,7915100
5674,167,181,262169,3440,3734391,7958200
5675,186,169,261983,3457,3734560,7898800
5676,194,180,261789,3471,3734740,7843100
5677,153,189,261636,3435,3734929,7931900
5678,167,156,261469,3446,3735085,8096200
5679,159,158,261310,3447,3735243,7842900
5680,159,186,261151,3420,3735429,7784400
5681,169,183,260982,3406,3735612,7828300
5682,179,161,260803,3424,3735773,8071100
5683,176,174,260627,3426,3735947,8163600
5684,169,185,260458,3410,3736132,7962000
5685,179,171,260279,3418,3736303,8017800
5686,163,157,260116,3424,3736460,7904700
5687,182,184,259934,3422,3736644,7978300
5688,186,197,259748,3411,3736841,7992000
5689,168,160,259580,3419,3737001,8192900
5690,174,160,259406,3433,3737161,8377500
5691,172,170,259234,3435,3737331,8353600
5692,139,176,259095,3398,3737507,8285300
5693,163,171,258932,3390,3737678,8105600
5694,159,169,258773,3380,3737847,8037800
5695,150,162,258623,3368,3738009,7948800
5696,146,143,258477,3371,3738152,8011600
5697,167,149,258310,3389,3738301,8649600
5698,157,178,258153,3368,3738479,8667400
5699,167,153,257986,3382,3738632,8374100
5700,146,161,257840,3367,3738793,8254500
5701,165,173,257675,3359,3738966,8222000
5702,153,153,257522,3359,3739119,7966700
5703,142,153,257380,3348,3739272,7989400
5704,175,185,257205,3338,3739457,8198800
5705,171,160,257034,3349,3739617,8221000
5706,176,163,256858,3362,3739780,9273900
5707,175,158,256683,3379,3739938,8730700
5708,168,154,256515,3393,3740092,8267200
5709,171,181,256344,3383,3740273,8176500
5710,168,172,256176,3379,3740445,8031800
5711,167,166,256009,3380,3740611,8119800
5712,152,152,255857,3380,3740763,8257900
5713,178,177,255679,3381,3740940,8029300
5714,163,178,255516,3366,3741118,8153100
5715,173,157,255343,3382,3741275,8006700
5716,180,181,255163,3381,3741456,7994300
5717,173,164,254990,3390,3741620,8225200
5718,162,188,254828,3364,3741808,8306700
5719,187,171,254641,3380,3741979,8314900
5720,187,161,254454,3406,3742140,7920600
5721,170,156,254284,3420,3742296,8062600
5722,148,195,254136,3373,3742491,8484100
5723,181,167,253955,3387,3742658,8416000
5724,171,142,253784,3416,3742800,8151100
5725,178,165,253606,3429,3742965,8067200
5726,176,173,253430,3432,3743138,8084300
5727,173,191,253257,3414,3743329,8087600
5728,179,182,253078,3411,3743511,8224400
5729,186,182,252892,3415,3743693,8176400
5730,162,150,252730,3427,3743843,8150600
5731,194,169,252536,3452,3744012,8153400
5732,177,158,252359,3471,3744170,8903300
5733,176,190,252183,3457,3744360,8052200
5734,166,182,252017,3441,3744542,8006900
5735,164,189,251853,3416,3744731,7832400
5736,160,181,251693,3395,3744912,7786300
5737,195,165,251498,3425,3745077,7887100
5738,169,185,251329,3409,3745262,8292500
5739,151,174,251178,3386,3745436,8243300
5740,197,178,250981,3405,3745614,8369800
5741,177,168,250804,3414,3745782,8232400
5742,183,182,250621,3415,3745964,8103700
5743,165,164,250456,3416,3746128,8009000
5744,160,183,250296,3393,3746311,8053700
5745,169,168,250127,3394,3746479,7916200
5746,143,158,249984,3379,3746637,7882500
5747,164,171,249820,3372,3746808,8060600
5748,169,169,249651,3372,3746977,8201900
5749,157,180,249494,3349,3747157,8306900
5750,176,183,249318,3342,3747340,7987300
5751,183,172,249135,3353,3747512,8935300
5752,169,167,248966,3355,3747679,8420700
5753,167,181,248799,3341,3747860,8205600
5754,181,158,248618,3364,3748018,7929000
5755,169,166,248449,3367,3748184,8182900
5756,167,155,248282,3379,3748339,8012400
5757,161,171,248121,3369,3748510,7917600
5758,176,155,247945,3390,3748665,7805700
5759,154,152,247791,3392,3748817,7858900
5760,148,188,247643,3352,3749005,7868100
5761,153,148,247490,3357,3749153,7915300
5762,179,195,247311,3341,3749348,7854600
5763,164,162,247147,3343,3749510,7950000
5764,138,192,247009,3289,3749702,7974300
5765,154,172,246855,3271,3749874,8212400
5766,155,180,246700,3246,3750054,8530600
5767,164,153,246536,3257,3750207,8173700
5768,156,168,246380,3245,3750375,7922100
5769,170,158,246210,3257,3750533,7850700
5770,157,191,246053,3223,3750724,8362100
5771,148,166,245905,3205,3750890,8193900
5772,155,161,245750,3199,3751051,8603000
5773,167,168,245583,3198,3751219,8755600
5774,152,160,245431,3190,3751379,8637600
5775,140,150,245291,3180,3751529,8961500
5776,165,164,245126,3181,3751693,8274900
5777,145,152,244981,3174,3751845,8060400
5778,177,180,244804,3171,3752025,8130800
5779,150,130,244654,3191,3752155,8008900
5780,156,153,244498,3194,3752308,8049100
5781,159,154,244339,3199,3752462,7927400
5782,142,159,244197,3182,3752621,7828500
5783,138,156,244059,3164,3752777,7778000
5784,166,164,243893,3166,3752941,7924200
5785,155,160,243738,3161,3753101,7847700
5786,149,146,243589,3164,3753247,8087800
5787,164,186,243425,3142,3753433,8108700
5788,155,142,243270,3155,3753575,8084600
5789,170,161,243100,3164,3753736,8340600
5790,137,176,242963,3125,3753912,7957900
5791,146,162,242817,3109,3754074,7937500
5792,172,158,242645,3123,3754232,7929400
5793,149,165,242496,3107,3754397,8117000
5794,169,144,242327,3132,3754541,8319400
5795,157,166,242170,3123,3754707,8787600
5796,147,150,242023,3120,3754857,8285300
5797,137,155,241886,3102,3755012,8129900
5798,164,168,241722,3098,3755180,7895900
5799,145,164,241577,3079,3755344,7818500
5800,143,136,241434,3086,3755480,7816700
5801,157,153,241277,3090,3755633,7911000
5802,150,149,241127,3091,3755782,7884600
5803,168,167,240959,3092,3755949,8070400
5804,146,189,240813,3049,3756138,8020300
5805,143,135,240670,3057,3756273,8041200
5806,151,168,240519,3040,3756441,8271900
5807,142,141,240377,3041,3756582,8297800
5808,146,128,240231,3059,3756710,8249800
5809,146,170,240085,3035,3756880,7969900
5810,165,182,239920,3018,3757062,7818300
5811,139,157,239781,3000,3757219,7883400
5812,144,173,239637,2971,3757392,8197700
5813,155,179,239482,2947,3757571,8598500
5814,143,140,239339,2950,3757711,9060400
5815,145,162,239194,2933,3757873,8584700
5816,148,148,239046,2933,3758021,8609900
5817,123,121,238923,2935,3758142,7999800
5818,155,147,238768,2943,3758289,8160000
5819,141,143,238627,2941,3758432,7915100
5820,152,141,238475,2952,3758573,7960000
5821,114,166,238361,2900,3758739,8199400
5822,151,132,238210,2919,3758871,8015500
5823,157,145,238053,2931,3759016,7862000
5824,128,150,237925,2909,3759166,8049700
5825,146,134,237779,2921,3759300,8431200
5826,137,166,237642,2892,3759466,8507500
5827,151,154,237491,2889,3759620,7946100
5828,145,168,237346,2866,3759788,7860300
5829,144,142,237202,2868,3759930,8031400
5830,158,165,237044,2861,3760095,8190400
5831,155,141,236889,2875,3760236,7956800
5832,118,134,236771,2859,3760370,8054900
5833,150,157,236621,2852,3760527,7971500
5834,156,148,236465,2860,3760675,8302800
5835,145,153,236320,2852,3760828,7963000
5836,145,144,236175,2853,3760972,7877300
5837,158,119,236017,2892,3761091,8260700
5838,151,161,235866,2882,3761252,8091900
5839,169,149,235697,2902,3761401,8085100
5840,166,132,235531,2936,3761533,7936100
5841,159,149,235372,2946,3761682,7929400
5842,140,134,235232,2952,3761816,7955100
5843,154,132,235078,2974,3761948,8110800
5844,147,142,234931,2979,3762090,8498000
5845,154,149,234777,2984,3762239,8577200
5846,178,130,234599,3032,3762369,8124000
5847,163,144,234436,3051,3762513,8043000
5848,140,151,234296,3040,3762664,8104200
5849,150,148,234146,3042,3762812,7905600
5850,153,138,233993,3057,3762950,8118200
5851,159,140,233834,3076,3763090,8180100
5852,154,183,233680,3047,3763273,8408100
5853,142,172,233538,3017,3763445,8590500
5854,138,144,233400,3011,3763589,8850400
5855,162,154,233238,3019,3763743,8641600
5856,132,148,233106,3003,3763891,8406500
5857,180,150,232926,3033,3764041,8091500
5858,174,163,232752,3044,3764204,8368600
5859,161,170,232591,3035,3764374,8081400
5860,149,134,232442,3050,3764508,8204800
5861,154,157,232288,3047,3764665,8519300
5862,155,147,232133,3055,3764812,8286300
5863,152,135,231981,3072,3764947,7971700
5864,147,171,231834,3048,3765118,8155800
5865,147,162,231687,3033,3765280,8029700
5866,145,155,231542,3023,3765435,8225400
5867,164,150,231378,3037,3765585,8280000
5868,170,138,231208,3069,3765723,8288200
5869,168,154,231040,3083,3765877,8331100
5870,159,154,230881,3088,3766031,8378600
5871,174,173,230707,3089,3766204,8068500
5872,195,148,230512,3136,3766352,8092400
5873,157,170,230355,3123,3766522,7979100
5874,176,158,230179,3141,3766680,8079700
5875,183,138,229996,3186,3766818,8001100
5876,177,152,229819,3211,3766970,7998300
5877,157,191,229662,3177,3767161,8199700
5878,159,168,229503,3168,3767329,8143600
5879,169,146,229334,3191,3767475,8036100
5880,172,179,229162,3184,3767654,7960700
5881,175,149,228987,3210,3767803,7805700
5882,145,191,228842,3164,3767994,7903500
5883,149,167,228693,3146,3768161,7981400
5884,134,163,228559,3117,3768324,7966800
5885,162,132,228397,3147,3768456,8003800
5886,140,156,228257,3131,3768612,8011300
5887,152,168,228105,3115,3768780,8056100
5888,139,148,227966,3106,3768928,7959600
5889,148,161,227818,3093,3769089,7959400
5890,172,145,227646,3120,3769234,7994400
5891,153,165,227493,3108,3769399,8332000
5892,170,158,227323,3120,3769557,7912000
5893,153,140,227170,3133,3769697,7997900
5894,150,138,227020,3145,3769835,8597900
5895,165,168,226855,3142,3770003,8459100
5896,143,160,226712,3125,3770163,8143900
5897,158,163,226554,3120,3770326,8116000
5898,166,158,226388,3128,3770484,8208000
5899,163,181,226225,3110,3770665,8215000
5900,167,154,226058,3123,3770819,8160900
5901,163,141,225895,3145,3770960,8224000
5902,172,160,225723,3157,3771120,8099600
5903,136,144,225587,3149,3771264,8132800
5904,150,165,225437,3134,3771429,7916800
5905,148,169,225289,3113,3771598,8276600
5906,169,165,225120,3117,3771763,8829800
5907,185,171,224935,3131,3771934,8861300
5908,155,161,224780,3125,3772095,8739600
5909,163,137,224617,3151,3772232,8743900
5910,151,146,224466,3156,3772378,8432200
5911,157,150,224309,3163,3772528,8477400
5912,159,151,224150,3171,3772679,8661000
5913,152,172,223998,3151,3772851,8683900
5914,147,207,223851,3091,3773058,8437600
5915,161,155,223690,3097,3773213,9315400
5916,160,166,223530,3091,3773379,8653300
5917,163,151,223367,3103,3773530,8775100
5918,161,179,223206,3085,3773709,8597900
5919,158,160,223048,3083,3773869,9292600
5920,150,171,222898,3062,3774040,8528100
5921,164,176,222734,3050,3774216,8919200
5922,171,149,222563,3072,3774365,9608100
5923,161,155,222402,3078,3774520,9526800
5924,164,146,222238,3096,3774666,12938900
5925,153,146,222085,3103,3774812,11667000
5926,156,176,221929,3083,3774988,8602400
5927,147,144,221782,3086,3775132,8904300
5928,188,170,221594,3104,3775302,10286900
5929,182,180,221412,3106,3775482,8728900
5930,174,156,221238,3124,3775638,8685300
5931,159,156,221079,3127,3775794,8567200
5932,156,151,220923,3132,3775945,10242900
5933,168,158,220755,3142,3776103,9227000
5934,146,165,220609,3123,3776268,8838700
5935,153,188,220456,3088,3776456,9463100
5936,143,136,220313,3095,3776592,8776000
5937,158,148,220155,3105,3776740,8867600
5938,167,152,219988,3120,3776892,9200300
5939,142,163,219846,3099,3777055,8777100
5940,159,155,219687,3103,3777210,8760100
5941,157,150,219530,3110,3777360,9051500
5942,149,161,219381,3098,3777521,8397500
5943,155,156,219226,3097,3777677,8957300
5944,157,166,219069,3088,3777843,8316900
5945,136,128,218933,3096,3777971,8398000
5946,155,147,218778,3104,3778118,8373500
5947,158,124,218620,3138,3778242,8559000
5948,153,189,218467,3102,3778431,8390300
5949,154,150,218313,3106,3778581,8313400
5950,152,146,218161,3112,3778727,8483600
5951,159,153,218002,3118,3778880,8350600
5952,145,166,217857,3097,3779046,8414500
5953,157,152,217700,3102,3779198,8544600
5954,140,161,217560,3081,3779359,8324000
5955,163,147,217397,3097,3779506,8510500
5956,165,165,217232,3097,3779671,8485900
5957,151,155,217081,3093,3779826,8987300
5958,154,139,216927,3108,3779965,8296700
5959,163,150,216764,3121,3780115,8331600
5960,161,140,216603,3142,3780255,8280000
5961,161,158,216442,3145,3780413,8407900
5962,150,184,216292,3111,3780597,9888200
5963,144,143,216148,3112,3780740,9371800
5964,149,152,215999,3109,3780892,8997300
5965,147,144,215852,3112,3781036,8922100
5966,164,140,215688,3136,3781176,9564500
5967,151,143,215537,3144,3781319,8811500
5968,140,165,215397,3119,3781484,10344700
5969,162,139,215235,3142,3781623,10604900
5970,167,156,215068,3153,3781779,9795400
5971,151,164,214917,3140,3781943,9331200
5972,163,145,214754,3158,3782088,10173100
5973,153,161,214601,3150,3782249,8959600
5974,165,165,214436,3150,3782414,8752000
5975,141,159,214295,3132,3782573,8431700
5976,156,161,214139,3127,3782734,8340400
5977,160,148,213979,3139,3782882,8197400
5978,148,139,213831,3148,3783021,8440000
5979,153,143,213678,3158,3783164,8286900
5980,148,150,213530,3156,3783314,8170000
5981,151,163,213379,3144,3783477,8418300
5982,160,168,213219,3136,3783645,8315100
5983,139,149,213080,3126,3783794,8324300
5984,160,179,212920,3107,3783973,8710400
5985,130,156,212790,3081,3784129,8452800
5986,144,152,212646,3073,3784281,8227600
5987,137,164,212509,3046,3784445,8256500
5988,150,142,212359,3054,3784587,8274000
5989,126,174,212233,3006,3784761,8115500
5990,145,147,212088,3004,3784908,8073600
5991,146,165,211942,2985,3785073,8369000
5992,133,149,211809,2969,3785222,8078300
5993,146,128,211663,2987,3785350,8253000
5994,165,145,211498,3007,3785495,8211800
5995,120,148,211378,2979,3785643,8333900
5996,150,150,211228,2979,3785793,8361900
5997,135,123,211093,2991,3785916,8805100
5998,118,155,210975,2954,3786071,8314900
5999,144,150,210831,2948,3786221,8367900
6000,129,159,210702,2918,3786380,8284500
6001,153,140,210549,2931,3786520,8723300
6002,151,144,210398,2938,3786664,8924900
6003,138,145,210260,2931,3786809,8280900
6004,152,121,210108,2962,3786930,8441900
6005,159,160,209949,2961,3787090,8464700
6006,152,132,209797,2981,3787222,8614200
6007,164,156,209633,2989,3787378,8635600
6008,154,134,209479,3009,3787512,9640900
6009,160,171,209319,2998,3787683,9178300
6010,144,148,209175,2994,3787831,9179000
6011,128,134,209047,2988,3787965,8930400
6012,150,138,208897,3000,3788103,8497500
6013,154,133,208743,3021,3788236,8396600
6014,163,147,208580,3037,3788383,8587700
6015,181,158,208399,3060,3788541,8634400
6016,147,174,208252,3033,3788715,8336300
6017,113,147,208139,2999,3788862,8135000
6018,156,151,207983,3004,3789013,8906800
6019,162,149,207821,3017,3789162,8200900
6020,171,147,207650,3041,3789309,8142600
6021,151,164,207499,3028,3789473,8178800
6022,140,154,207359,3014,3789627,8440700
6023,135,166,207224,2983,3789793,8180800
6024,167,160,207057,2990,3789953,8203000
6025,174,139,206883,3025,3790092,8053300
6026,177,139,206706,3063,3790231,8011700
6027,150,134,206556,3079,3790365,8338300
6028,143,142,206413,3080,3790507,8228200
6029,176,148,206237,3108,3790655,8323300
6030,172,149,206065,3131,3790804,8309800
6031,147,153,205918,3125,3790957,8271500
6032,156,171,205762,3110,3791128,8106100
6033,175,165,205587,3120,3791293,8164900
6034,158,155,205429,3123,3791448,8021900
6035,151,185,205278,3089,3791633,7913800
6036,166,149,205112,3106,3791782,7963300
6037,157,152,204955,3111,3791934,7910400
6038,145,144,204810,3112,3792078,7935700
6039,129,168,204681,3073,3792246,8048700
6040,156,146,204525,3083,3792392,7907000
6041,149,158,204376,3074,3792550,8315400
6042,129,145,204247,3058,3792695,8081100
6043,146,159,204101,3045,3792854,8116400
6044,144,151,203957,3038,3793005,8063500
6045,152,149,203805,3041,3793154,8343200
6046,132,162,203673,3011,3793316,9243300
6047,131,144,203542,2998,3793460,8673500
6048,145,129,203397,3014,3793589,8314000
6049,151,155,203246,3010,3793744,8277500
6050,142,167,203104,2985,3793911,8163200
6051,167,142,202937,3010,3794053,8268300
6052,161,162,202776,3009,3794215,8356800
6053,138,132,202638,3015,3794347,8552900
6054,148,144,202490,3019,3794491,8232200
6055,159,160,202331,3018,3794651,7878000
6056,156,145,202175,3029,3794796,7978400
6057,175,162,202000,3042,3794958,8096100
6058,123,144,201877,3021,3795102,8014000
6059,139,124,201738,3036,3795226,7949400
6060,153,151,201585,3038,3795377,7855000
6061,159,129,201426,3068,3795506,8068900
6062,145,166,201281,3047,3795672,8022500
6063,132,146,201149,3033,3795818,8049000
6064,133,153,201016,3013,3795971,8086000
6065,135,140,200881,3008,3796111,8150400
6066,144,141,200737,3011,3796252,8094000
6067,162,138,200575,3035,3796390,8080600
6068,136,156,200439,3015,3796546,7988700
6069,133,161,200306,2987,3796707,8325900
6070,131,156,200175,2962,3796863,7911400
6071,126,155,200049,2933,3797018,8630000
6072,159,152,199890,2940,3797170,7967300
6073,145,149,199745,2936,3797319,8153700
6074,154,177,199591,2913,3797496,7968900
6075,169,127,199422,2955,3797623,7880600
6076,140,141,199282,2954,3797764,8094800
6077,137,146,199145,2945,3797910,7990700
6078,167,148,198978,2964,3798058,8221200
6079,145,181,198833,2928,3798239,7919700
6080,158,163,198675,2923,3798402,8043100
6081,135,143,198540,2915,3798545,8075500
6082,124,155,198416,2884,3798700,8204600
6083,137,130,198279,2891,3798830,8124800
6084,124,145,198155,2870,3798975,8112100
6085,134,148,198021,2856,3799123,7953000
6086,137,143,197884,2850,3799266,7942200
6087,126,135,197758,2841,3799401,7877600
6088,135,167,197623,2809,3799568,8354700
6089,138,140,197485,2807,3799708,8227200
6090,144,147,197341,2804,3799855,8605600
6091,137,128,197204,2813,3799983,8578300
6092,139,139,197065,2813,3800122,8333800
6093,131,142,196934,2802,3800264,8576400
6094,144,143,196790,2803,3800407,8318200
6095,159,121,196631,2841,3800528,7945500
6096,129,153,196502,2817,3800681,8218700
6097,148,140,196354,2825,3800821,7953300
6098,146,162,196208,2809,3800983,8095600
6099,122,156,196086,2775,3801139,7866200
6100,131,146,195955,2760,3801285,7838200
6101,146,137,195809,2769,3801422,7832800
6102,122,141,195687,2750,3801563,7791800
6103,126,139,195561,2737,3801702,7882100
6104,124,152,195437,2709,3801854,8026900
6105,137,137,195300,2709,3801991,8031200
6106,131,132,195169,2708,3802123,8392700
6107,156,141,195013,2723,3802264,7904300
6108,153,111,194860,2765,3802375,7864200
6109,145,142,194715,2768,3802517,7901900
6110,137,146,194578,2759,3802663,8577700
6111,148,135,194430,2772,3802798,7893600
6112,157,163,194273,2766,3802961,7963800
6113,140,151,194133,2755,3803112,8213000
6114,134,144,193999,2745,3803256,8289300
6115,144,125,193855,2764,3803381,8155400
6116,121,125,193734,2760,3803506,8071700
6117,131,146,193603,2745,3803652,7907600
6118,121,156,193482,2710,3803808,7920600
6119,126,122,193356,2714,3803930,7912900
6120,119,138,193237,2695,3804068,7965000
6121,129,136,193108,2688,3804204,7889800
6122,113,136,192995,2665,3804340,7951400
6123,137,108,192858,2694,3804448,7955500
6124,136,150,192722,2680,3804598,7898200
6125,113,129,192609,2664,3804727,7930600
6126,120,122,192489,2662,3804849,7838000
6127,131,124,192358,2669,3804973,7902900
6128,145,125,192213,2689,3805098,7918400
6129,134,121,192079,2702,3805219,8045200
6130,137,133,191942,2706,3805352,8327100
6131,112,136,191830,2682,3805488,8319700
6132,121,145,191709,2658,3805633,8336600
6133,119,135,191590,2642,3805768,8454400
6134,140,140,191450,2642,3805908,8273500
6135,106,140,191344,2608,3806048,8121000
6136,128,136,191216,2600,3806184,8212100
6137,120,136,191096,2584,3806320,8563300
6138,120,142,190976,2562,3806462,7838200
6139,130,127,190846,2565,3806589,8078200
6140,129,120,190717,2574,3806709,7865800
6141,114,138,190603,2550,3806847,7916900
6142,113,137,190490,2526,3806984,7867500
6143,155,115,190335,2566,3807099,7847800
6144,121,127,190214,2560,3807226,7878900
6145,121,134,190093,2547,3807360,8007600
6146,132,134,189961,2545,3807494,7882000
6147,135,128,189826,2552,3807622,7980300
6148,130,118,189696,2564,3807740,7991400
6149,137,129,189559,2572,3807869,8009900
6150,125,126,189434,2571,3807995,8207100
6151,125,132,189309,2564,3808127,8823100
6152,139,128,189170,2575,3808255,8205900
6153,146,116,189024,2605,3808371,8120700
6154,127,129,188897,2603,3808500,8150300
6155,155,149,188742,2609,3808649,8646600
6156,128,121,188614,2616,3808770,8711200
6157,127,141,188487,2602,3808911,8121400
6158,144,103,188343,2643,3809014,8258800
6159,132,132,188211,2643,3809146,8178800
6160,141,151,188070,2633,3809297,8173500
6161,140,156,187930,2617,3809453,8156800
6162,130,131,187800,2616,3809584,8224000
6163,130,121,187670,2625,3809705,8381100
6164,147,129,187523,2643,3809834,8259900
6165,146,135,187377,2654,3809969,8137200
6166,144,137,187233,2661,3810106,8194200
6167,142,140,187091,2663,3810246,7930800
6168,132,136,186959,2659,3810382,8097800
6169,165,138,186794,2686,3810520,8052900
6170,159,131,186635,2714,3810651,7974600
6171,151,151,186484,2714,3810802,8128800
6172,131,137,186353,2708,3810939,8135000
6173,148,137,186205,2719,3811076,8039900
6174,152,148,186053,2723,3811224,8383200
6175,152,123,185901,2752,3811347,8556900
6176,134,143,185767,2743,3811490,8376200
6177,146,134,185621,2755,3811624,8244600
6178,157,144,185464,2768,3811768,7933400
6179,153,138,185311,2783,3811906,8085800
6180,158,128,185153,2813,3812034,8149600
6181,152,139,185001,2826,3812173,8314700
6182,153,144,184848,2835,3812317,8085900
6183,124,147,184724,2812,3812464,7848900
6184,135,126,184589,2821,3812590,7917300
6185,120,148,184469,2793,3812738,7864100
6186,140,148,184329,2785,3812886,7847600
6187,141,138,184188,2788,3813024,7965100
6188,143,108,184045,2823,3813132,7998400
6189,148,152,183897,2819,3813284,8034300
6190,146,128,183751,2837,3813412,7915300
6191,146,144,183605,2839,3813556,7886800
6192,135,148,183470,2826,3813704,7838600
6193,132,124,183338,2834,3813828,8060300
6194,148,125,183190,2857,3813953,8265600
6195,147,132,183043,2872,3814085,8254500
6196,133,151,182910,2854,3814236,8656200
6197,149,135,182761,2868,3814371,8435000
6198,123,142,182638,2849,3814513,8181600
6199,146,153,182492,2842,3814666,8145100
6200,124,143,182368,2823,3814809,8415600
6201,151,137,182217,2837,3814946,8178100
6202,131,121,182086,2847,3815067,8612800
6203,144,147,181942,2844,3815214,8033400
6204,163,120,181779,2887,3815334,7963100
6205,148,130,181631,2905,3815464,7936800
6206,163,141,181468,2927,3815605,7894600
6207,128,156,181340,2899,3815761,8047300
6208,139,181,181201,2857,3815942,8088300
6209,120,157,181081,2820,3816099,8150600
6210,140,148,180941,2812,3816247,8182200
6211,156,162,180785,2806,3816409,8183600
6212,124,156,180661,2774,3816565,8491800
6213,126,152,180535,2748,3816717,8448100
6214,148,146,180387,2750,3816863,8683300
6215,148,145,180239,2753,3817008,8355000
6216,117,136,180122,2734,3817144,8464300
6217,130,145,179992,2719,3817289,8707600
6218,137,132,179855,2724,3817421,8137500
6219,121,125,179734,2720,3817546,8308300
6220,137,130,179597,2727,3817676,8970700
6221,122,131,179475,2718,3817807,8529400
6222,135,125,179340,2728,3817932,7979900
6223,142,127,179198,2743,3818059,8095300
6224,122,132,179076,2733,3818191,8015600
6225,140,131,178936,2742,3818322,8214500
6226,140,132,178796,2750,3818454,8211300
6227,138,146,178658,2742,3818600,7962100
6228,123,129,178535,2736,3818729,8008500
6229,126,123,178409,2739,3818852,7966300
6230,132,138,178277,2733,3818990,8152500
6231,138,130,178139,2741,3819120,7916400
6232,132,141,178007,2732,3819261,8583800
6233,131,133,177876,2730,3819394,7905600
6234,129,142,177747,2717,3819536,8192900
6235,119,141,177628,2695,3819677,8001300
6236,143,126,177485,2712,3819803,7998400
6237,146,137,177339,2721,3819940,8030400
6238,136,134,177203,2723,3820074,7923100
6239,132,127,177071,2728,3820201,8121700
6240,133,145,176938,2716,3820346,8428700
6241,134,137,176804,2713,3820483,8395100
6242,126,133,176678,2706,3820616,8252300
6243,132,135,176546,2703,3820751,8174000
6244,132,133,176414,2702,3820884,8025600
6245,135,146,176279,2691,3821030,8377400
6246,125,143,176154,2673,3821173,7968700
6247,130,156,176024,2647,3821329,8293000
6248,133,103,175891,2677,3821432,7942000
6249,138,160,175753,2655,3821592,8054800
6250,131,136,175622,2650,3821728,8036600
6251,149,134,175473,2665,3821862,7921300
6252,144,120,175329,2689,3821982,8084600
6253,142,116,175187,2715,3822098,8580100
6254,126,124,175061,2717,3822222,8207400
6255,130,130,174931,2717,3822352,8772400
6256,120,135,174811,2702,3822487,8513700
6257,139,144,174672,2697,3822631,8337800
6258,145,160,174527,2682,3822791,8231500
6259,149,125,174378,2706,3822916,8358500
6260,139,125,174239,2720,3823041,8581400
6261,145,129,174094,2736,3823170,8760300
6262,133,136,173961,2733,3823306,8283300
6263,159,127,173802,2765,3823433,8253800
6264,139,150,173663,2754,3823583,8090200
6265,153,145,173510,2762,3823728,8319100
6266,155,169,173355,2748,3823897,8115400
6267,133,128,173222,2753,3824025,8297100
6268,144,152,173078,2745,3824177,8321100
6269,155,126,172923,2774,3824303,8335400
6270,162,147,172761,2789,3824450,8661400
6271,128,142,172633,2775,3824592,8241300
6272,153,142,172480,2786,3824734,8126700
6273,113,148,172367,2751,3824882,8128100
6274,154,145,172213,2760,3825027,8188900
6275,125,154,172088,2731,3825181,8178600
6276,149,138,171939,2742,3825319,8270900
6277,111,133,171828,2720,3825452,8366900
6278,146,170,171682,2696,3825622,8243400
6279,121,141,171561,2676,3825763,8685700
6280,118,129,171443,2665,3825892,8292600
6281,149,119,171294,2695,3826011,8323900
6282,140,127,171154,2708,3826138,8176700
6283,131,132,171023,2707,3826270,7984600
6284,134,128,170889,2713,3826398,7967300
6285,121,132,170768,2702,3826530,8254700
6286,126,143,170642,2685,3826673,8201700
6287,136,138,170506,2683,3826811,8322700
6288,136,116,170370,2703,3826927,8070600
6289,126,128,170244,2701,3827055,8597700
6290,134,143,170110,2692,3827198,8772300
6291,138,136,169972,2694,3827334,8558700
6292,119,132,169853,2681,3827466,8915900
6293,137,147,169716,2671,3827613,8614100
6294,135,129,169581,2677,3827742,8036800
6295,136,151,169445,2662,3827893,8113900
6296,134,120,169311,2676,3828013,8333600
6297,138,139,169173,2675,3828152,8289400
6298,149,123,169024,2701,3828275,8317300
6299,131,128,168893,2704,3828403,8283200
6300,120,137,168773,2687,3828540,8203000
6301,123,153,168650,2657,3828693,8376300
6302,139,137,168511,2659,3828830,8259400
6303,133,126,168378,2666,3828956,8279500
6304,134,114,168244,2686,3829070,8211300
6305,121,121,168123,2686,3829191,8152000
6306,127,142,167996,2671,3829333,8313500
6307,120,115,167876,2676,3829448,8179500
6308,103,147,167773,2632,3829595,8148100
6309,116,125,167657,2623,3829720,8003500
6310,125,120,167532,2628,3829840,8714200
6311,117,114,167415,2631,3829954,7976700
6312,114,124,167301,2621,3830078,8053000
6313,115,148,167186,2588,3830226,8101600
6314,107,144,167079,2551,3830370,8101100
6315,116,125,166963,2542,3830495,8291800
6316,124,131,166839,2535,3830626,8227500
6317,126,131,166713,2530,3830757,8057600
6318,117,130,166596,2517,3830887,8142000
6319,123,117,166473,2523,3831004,8037600
6320,121,131,166352,2513,3831135,8164100
6321,122,133,166230,2502,3831268,8523500
6322,141,114,166089,2529,3831382,8047200
6323,128,123,165961,2534,3831505,7955200
6324,144,111,165817,2567,3831616,7930900
6325,126,122,165691,2571,3831738,8168700
6326,155,121,165536,2605,3831859,8370200
6327,120,147,165416,2578,3832006,8409700
6328,129,129,165287,2578,3832135,8261800
6329,139,120,165148,2597,3832255,8265000
6330,154,132,164994,2619,3832387,8185500
6331,121,125,164873,2615,3832512,8069100
6332,133,126,164740,2622,3832638,8056700
6333,142,153,164598,2611,3832791,8032200
6334,120,122,164478,2609,3832913,8423200
6335,132,139,164346,2602,3833052,8300800
6336,130,111,164216,2621,3833163,8226900
6337,124,132,164092,2613,3833295,8401900
6338,137,131,163955,2619,3833426,8712700
6339,130,124,163825,2625,3833550,8290900
6340,142,129,163683,2638,3833679,8329800
6341,131,140,163552,2629,3833819,8221800
6342,146,142,163406,2633,3833961,8310100
6343,120,142,163286,2611,3834103,8471100
6344,142,127,163144,2626,3834230,8132200
6345,156,125,162988,2657,3834355,8047100
6346,128,117,162860,2668,3834472,8135200
6347,149,129,162711,2688,3834601,8062200
6348,137,148,162574,2677,3834749,7988400
6349,121,141,162453,2657,3834890,8556900
6350,108,124,162345,2641,3835014,8102200
6351,144,144,162201,2641,3835158,8071000
6352,127,148,162074,2620,3835306,8183400
6353,138,150,161936,2608,3835456,8609700
6354,133,111,161803,2630,3835567,8403700
6355,125,120,161678,2635,3835687,8343900
6356,120,131,161558,2624,3835818,8237400
6357,133,145,161425,2612,3835963,8168100
6358,130,137,161295,2605,3836100,8080400
6359,131,108,161164,2628,3836208,8249700
6360,126,128,161038,2626,3836336,8061000
6361,137,130,160901,2633,3836466,8135100
6362,136,134,160765,2635,3836600,8341600
6363,135,108,160630,2662,3836708,8210100
6364,129,131,160501,2660,3836839,8008600
6365,142,124,160359,2678,3836963,8287600
6366,129,137,160230,2670,3837100,8037500
6367,130,136,160100,2664,3837236,8178600
6368,112,121,159988,2655,3837357,8219100
6369,136,133,159852,2658,3837490,8090800
6370,125,139,159727,2644,3837629,8149800
6371,144,127,159583,2661,3837756,8284300
6372,129,138,159454,2652,3837894,8572000
6373,138,139,159316,2651,3838033,8211400
6374,130,131,159186,2650,3838164,8455200
6375,133,131,159053,2652,3838295,8163100
6376,139,144,158914,2647,3838439,8295700
6377,154,138,158760,2663,3838577,8266600
6378,140,138,158620,2665,3838715,8288100
6379,139,136,158481,2668,3838851,8315800
6380,135,157,158346,2646,3839008,8311600
6381,127,126,158219,2647,3839134,8074000
6382,139,129,158080,2657,3839263,8168000
6383,133,112,157947,2678,3839375,8338100
6384,126,138,157821,2666,3839513,8091700
6385,120,133,157701,2653,3839646,8445800
6386,164,144,157537,2673,3839790,8054800
6387,137,115,157400,2695,3839905,8277400
6388,123,131,157277,2687,3840036,7944200
6389,128,140,157149,2675,3840176,8244700
6390,115,125,157034,2665,3840301,7949800
6391,120,138,156914,2647,3840439,7935700
6392,121,127,156793,2641,3840566,7882600
6393,131,124,156662,2648,3840690,7919400
6394,122,128,156540,2642,3840818,7930100
6395,114,138,156426,2618,3840956,7812200
6396,135,126,156291,2627,3841082,8181600
6397,134,128,156157,2633,3841210,7890000
6398,136,136,156021,2633,3841346,7988200
6399,148,130,155873,2651,3841476,8177100
6400,126,122,155747,2655,3841598,8085400
6401,146,147,155601,2654,3841745,8278000
6402,145,98,155456,2701,3841843,8270400
6403,139,128,155317,2712,3841971,8108800
6404,138,144,155179,2706,3842115,8128500
6405,136,145,155043,2697,3842260,8055500
6406,112,132,154931,2677,3842392,8205400
6407,152,111,154779,2718,3842503,8065200
6408,133,146,154646,2705,3842649,8096500
6409,127,164,154519,2668,3842813,7892700
6410,144,155,154375,2657,3842968,8099300
6411,149,132,154226,2674,3843100,8013600
6412,115,133,154111,2656,3843233,8254200
6413,130,129,153981,2657,3843362,7926200
6414,122,143,153859,2636,3843505,8080300
6415,129,143,153730,2622,3843648,8064600
6416,134,143,153596,2613,3843791,7928500
6417,119,119,153477,2613,3843910,7857500
6418,115,151,153362,2577,3844061,7954800
6419,112,155,153250,2534,3844216,7955300
6420,116,123,153134,2527,3844339,8685200
6421,107,130,153027,2504,3844469,8142700
6422,113,112,152914,2505,3844581,8329300
6423,124,126,152790,2503,3844707,8239100
6424,126,115,152664,2514,3844822,7988600
6425,128,133,152536,2509,3844955,8031000
6426,137,114,152399,2532,3845069,8921200
6427,115,130,152284,2517,3845199,8025800
6428,128,126,152156,2519,3845325,8052900
6429,118,109,152038,2528,3845434,8362600
6430,115,138,151923,2505,3845572,7903900
6431,121,137,151802,2489,3845709,8494000
6432,119,120,151683,2488,3845829,8067900
6433,123,119,151560,2492,3845948,7929200
6434,122,114,151438,2500,3846062,8073800
6435,122,126,151316,2496,3846188,8384200
6436,135,154,151181,2477,3846342,8046600
6437,99,118,151082,2458,3846460,7906900
6438,125,116,150957,2467,3846576,7915300
6439,135,134,150822,2468,3846710,8246900
6440,119,136,150703,2451,3846846,8195700
6441,117,119,150586,2449,3846965,8587200
6442,119,101,150467,2467,3847066,8068900
6443,130,126,150337,2471,3847192,8025300
6444,117,126,150220,2462,3847318,7895000
6445,105,129,150115,2438,3847447,7944600
6446,113,119,150002,2432,3847566,8032800
6447,118,108,149884,2442,3847674,8098800
6448,127,108,149757,2461,3847782,8263600
6449,113,131,149644,2443,3847913,7868200
6450,118,122,149526,2439,3848035,7845300
6451,117,119,149409,2437,3848154,7925900
6452,98,141,149311,2394,3848295,7890700
6453,117,131,149194,2380,3848426,7896400
6454,112,118,149082,2374,3848544,8257700
6455,115,122,148967,2367,3848666,8449800
6456,99,113,148868,2353,3848779,8444200
6457,121,131,148747,2343,3848910,8808700
6458,114,126,148633,2331,3849036,10002400
6459,115,118,148518,2328,3849154,9820400
6460,130,102,148388,2356,3849256,10158600
6461,99,107,148289,2348,3849363,10292800
6462,130,136,148159,2342,3849499,10254300
6463,125,109,148034,2358,3849608,9374100
6464,118,120,147916,2356,3849728,10089700
6465,118,124,147798,2350,3849852,9664800
6466,127,107,147671,2370,3849959,10222900
6467,100,133,147571,2337,3850092,9809400
6468,127,113,147444,2351,3850205,11906500
6469,108,129,147336,2330,3850334,11348300
6470,106,121,147230,2315,3850455,9914700
6471,105,113,147125,2307,3850568,10247100
6472,112,105,147013,2314,3850673,10716600
6473,114,107,146899,2321,3850780,10020900
6474,128,113,146771,2336,3850893,9743200
6475,114,137,146657,2313,3851030,10443500
6476,132,113,146525,2332,3851143,10182400
6477,103,119,146422,2316,3851262,10086000
6478,128,114,146294,2330,3851376,10062400
6479,108,105,146186,2333,3851481,9669800
6480,97,121,146089,2309,3851602,9784400
6481,124,112,145965,2321,3851714,8986700
6482,97,100,145868,2318,3851814,9810800
6483,122,123,145746,2317,3851937,9799400
6484,106,116,145640,2307,3852053,9211400
6485,108,106,145532,2309,3852159,8828900
6486,112,105,145420,2316,3852264,9625100
6487,121,103,145299,2334,3852367,10138500
6488,110,117,145189,2327,3852484,10029900
6489,111,127,145078,2311,3852611,10027600
6490,126,110,144952,2327,3852721,9844800
6491,104,120,144848,2311,3852841,10035700
6492,116,120,144732,2307,3852961,10158200
6493,124,112,144608,2319,3853073,9346100
6494,121,104,144487,2336,3853177,8845900
6495,122,94,144365,2364,3853271,9633500
6496,136,126,144229,2374,3853397,10873700
6497,109,114,144120,2369,3853511,8870000
6498,115,140,144005,2344,3853651,8204800
6499,104,137,143901,2311,3853788,9175800
6500,109,120,143792,2300,3853908,8555700
6501,116,121,143676,2295,3854029,8571000
6502,110,117,143566,2288,3854146,8414400
6503,114,98,143452,2304,3854244,9854700
6504,105,112,143347,2297,3854356,9402300
6505,119,105,143228,2311,3854461,9053300
6506,135,116,143093,2330,3854577,8670300
6507,115,107,142978,2338,3854684,8479900
6508,124,118,142854,2344,3854802,8933700
6509,120,116,142734,2348,3854918,9345400
6510,131,105,142603,2374,3855023,8836200
6511,107,107,142496,2374,3855130,11955200
6512,118,123,142378,2369,3855253,10651100
6513,128,104,142250,2393,3855357,9581400
6514,125,119,142125,2399,3855476,8581400
6515,119,112,142006,2406,3855588,8433400
6516,131,96,141875,2441,3855684,8359800
6517,136,112,141739,2465,3855796,8335200
6518,125,111,141614,2479,3855907,8429700
6519,116,139,141498,2456,3856046,9204400
6520,121,134,141377,2443,3856180,8710600
6521,88,136,141289,2395,3856316,8802500
6522,132,128,141157,2399,3856444,10940000
6523,113,114,141044,2398,3856558,10358000
6524,119,106,140925,2411,3856664,8866500
6525,114,112,140811,2413,3856776,8533000
6526,131,140,140680,2404,3856916,8657900
6527,105,116,140575,2393,3857032,9012600
6528,111,117,140464,2387,3857149,8256500
6529,119,109,140345,2397,3857258,7888400
6530,109,130,140236,2376,3857388,7990700
6531,128,142,140108,2362,3857530,7958100
6532,125,125,139983,2362,3857655,8282600
6533,118,107,139865,2373,3857762,8584800
6534,117,121,139748,2369,3857883,8284400
6535,108,136,139640,2341,3858019,8302000
6536,101,128,139539,2314,3858147,7860700
6537,106,117,139433,2303,3858264,8177800
6538,111,105,139322,2309,3858369,8232400
6539,128,116,139194,2321,3858485,8621600
6540,118,120,139076,2319,3858605,8283400
6541,116,108,138960,2327,3858713,8122500
6542,106,131,138854,2302,3858844,8080700
6543,111,117,138743,2296,3858961,8019000
6544,111,125,138632,2282,3859086,8018900
6545,111,120,138521,2273,3859206,7962200
6546,95,135,138426,2233,3859341,7885200
6547,132,105,138294,2260,3859446,7935000
6548,131,95,138163,2296,3859541,7961500
6549,110,114,138053,2292,3859655,8030000
6550,114,91,137939,2315,3859746,8159200
6551,115,90,137824,2340,3859836,8000300
6552,110,131,137714,2319,3859967,7896700
6553,105,109,137609,2315,3860076,8216100
6554,110,107,137499,2318,3860183,7979300
6555,111,122,137388,2307,3860305,8105500
6556,101,96,137287,2312,3860401,8296000
6557,117,122,137170,2307,3860523,8057200
6558,103,113,137067,2297,3860636,8259600
6559,120,123,136947,2294,3860759,8065900
6560,97,103,136850,2288,3860862,8011500
6561,120,109,136730,2299,3860971,7984500
6562,132,109,136598,2322,3861080,7963300
6563,133,119,136465,2336,3861199,8096500
6564,120,110,136345,2346,3861309,8496500
6565,129,113,136216,2362,3861422,8312400
6566,117,119,136099,2360,3861541,8291800
6567,98,101,136001,2357,3861642,8117700
6568,117,131,135884,2343,3861773,8474100
6569,114,136,135770,2321,3861909,8361400
6570,116,113,135654,2324,3862022,8136900
6571,136,114,135518,2346,3862136,8270200
6572,113,103,135405,2356,3862239,8795600
6573,112,116,135293,2352,3862355,8436200
6574,110,114,135183,2348,3862469,8311700
6575,109,128,135074,2329,3862597,8175900
6576,131,122,134943,2338,3862719,8118800
6577,109,118,134834,2329,3862837,8269300
6578,98,119,134736,2308,3862956,7967200
6579,104,122,134632,2290,3863078,7938500
6580,112,126,134520,2276,3863204,7857000
6581,108,110,134412,2274,3863314,7859800
6582,114,120,134298,2268,3863434,8429000
6583,126,114,134172,2280,3863548,8439000
6584,101,95,134071,2286,3863643,8542600
6585,123,97,133948,2312,3863740,8905500
6586,121,120,133827,2313,3863860,8724000
6587,126,120,133701,2319,3863980,8739200
6588,123,124,133578,2318,3864104,8856300
6589,130,125,133448,2323,3864229,8872100
6590,112,123,133336,2312,3864352,8913400
6591,118,107,133218,2323,3864459,9150800
6592,130,95,133088,2358,3864554,8736000
6593,104,106,132984,2356,3864660,8727800
6594,116,139,132868,2333,3864799,8978100
6595,106,134,132762,2305,3864933,8667500
6596,132,110,132630,2327,3865043,9388600
6597,115,108,132515,2334,3865151,9203800
6598,123,109,132392,2348,3865260,8869900
6599,119,100,132273,2367,3865360,8748900
6600,123,101,132150,2389,3865461,8319400
6601,130,115,132020,2404,3865576,8533500
6602,121,115,131899,2410,3865691,7891400
6603,127,115,131772,2422,3865806,7949300
6604,110,126,131662,2406,3865932,8231500
6605,100,111,131562,2395,3866043,8537400
6606,115,99,131447,2411,3866142,8988300
6607,128,103,131319,2436,3866245,8952300
6608,119,127,131200,2428,3866372,9129400
6609,109,120,131091,2417,3866492,8935600
6610,104,119,130987,2402,3866611,8552800
6611,123,124,130864,2401,3866735,8874500
6612,116,120,130748,2397,3866855,8680700
6613,122,127,130626,2392,3866982,8540800
6614,97,106,130529,2383,3867088,8993300
6615,120,135,130409,2368,3867223,8011500
6616,107,105,130302,2370,3867328,8449000
6617,116,124,130186,2362,3867452,8583100
6618,109,96,130077,2375,3867548,8545300
6619,120,115,129957,2380,3867663,8647300
6620,106,114,129851,2372,3867777,9179800
6621,110,123,129741,2359,3867900,10199800
6622,117,120,129624,2356,3868020,8679700
6623,97,100,129527,2353,3868120,9682900
6624,111,136,129416,2328,3868256,8954300
6625,116,124,129300,2320,3868380,9264000
6626,120,112,129180,2328,3868492,8944900
6627,110,109,129070,2329,3868601,9380500
6628,112,105,128958,2336,3868706,9666900
6629,116,112,128842,2340,3868818,9087700
6630,120,115,128722,2345,3868933,8755800
6631,110,111,128612,2344,3869044,8523700
6632,110,110,128502,2344,3869154,8270800
6633,130,119,128372,2355,3869273,8211300
6634,120,115,128252,2360,3869388,8207500
6635,126,118,128126,2368,3869506,8211000
6636,108,120,128018,2356,3869626,8247800
6637,116,106,127902,2366,3869732,7991800
6638,114,114,127788,2366,3869846,7926500
6639,121,102,127667,2385,3869948,8041100
6640,125,115,127542,2395,3870063,7960300
6641,121,91,127421,2425,3870154,8565000
6642,110,103,127311,2432,3870257,8806600
6643,122,99,127189,2455,3870356,8611100
6644,111,102,127078,2464,3870458,8334700
6645,103,146,126975,2421,3870604,7979700
6646,115,142,126860,2394,3870746,7985100
6647,86,118,126774,2362,3870864,8074600
6648,108,122,126666,2348,3870986,7990400
6649,97,108,126569,2337,3871094,8079500
6650,111,112,126458,2336,3871206,8410500
6651,114,104,126344,2346,3871310,9018300
6652,103,128,126241,2321,3871438,8420600
6653,113,105,126128,2329,3871543,8232000
6654,96,126,126032,2299,3871669,8282700
6655,101,114,125931,2286,3871783,7916600
6656,109,112,125822,2283,3871895,8191800
6657,110,104,125712,2289,3871999,8285400
6658,110,113,125602,2286,3872112,8069100
6659,108,114,125494,2280,3872226,8130800
6660,117,129,125377,2268,3872355,8387100
6661,111,103,125266,2276,3872458,8206300
6662,117,107,125149,2286,3872565,8245700
6663,110,134,125039,2262,3872699,8329700
6664,118,125,124921,2255,3872824,8163500
6665,106,118,124815,2243,3872942,8033100
6666,113,89,124702,2267,3873031,8156500
6667,120,113,124582,2274,3873144,8260800
6668,119,116,124463,2277,3873260,8605500
6669,107,110,124356,2274,3873370,8132700
6670,124,100,124232,2298,3873470,8142700
6671,103,122,124129,2279,3873592,8251800
6672,130,99,123999,2310,3873691,8417800
6673,133,104,123866,2339,3873795,8152100
6674,114,100,123752,2353,3873895,8133200
6675,117,115,123635,2355,3874010,8068800
6676,145,120,123490,2380,3874130,8272200
6677,132,117,123358,2395,3874247,8828800
6678,116,115,123242,2396,3874362,8161400
6679,115,127,123127,2384,3874489,8392500
6680,120,112,123007,2392,3874601,8812900
6681,106,133,122901,2365,3874734,8408700
6682,121,120,122780,2366,3874854,8387900
6683,112,115,122668,2363,3874969,8515300
6684,97,133,122571,2327,3875102,8355200
6685,106,128,122465,2305,3875230,8174700
6686,95,120,122370,2280,3875350,8706100
6687,120,104,122250,2296,3875454,8562000
6688,115,111,122135,2300,3875565,8264900
6689,106,99,122029,2307,3875664,8127800
6690,107,104,121922,2310,3875768,8697500
6691,105,106,121817,2309,3875874,8765100
6692,114,117,121703,2306,3875991,9304700
6693,110,118,121593,2298,3876109,8663100
6694,110,99,121483,2309,3876208,8324700
6695,105,113,121378,2301,3876321,8011400
6696,112,116,121266,2297,3876437,8212100
6697,118,114,121148,2301,3876551,7846200
6698,107,105,121041,2303,3876656,8066200
6699,93,112,120948,2284,3876768,8656400
6700,102,111,120846,2275,3876879,8515600
6701,80,103,120766,2252,3876982,8373800
6702,109,113,120657,2248,3877095,8243400
6703,93,116,120564,2225,3877211,8043500
6704,117,111,120447,2231,3877322,8100100
6705,106,105,120341,2232,3877427,8738400
6706,120,121,120221,2231,3877548,8173000
6707,94,119,120127,2206,3877667,8368900
6708,92,111,120035,2187,3877778,8171300
6709,93,104,119942,2176,3877882,8068600
6710,78,104,119864,2150,3877986,8143500
6711,101,92,119763,2159,3878078,8124000
6712,93,88,119670,2164,3878166,8048200
6713,96,111,119574,2149,3878277,8365500
6714,82,115,119492,2116,3878392,8157900
6715,98,93,119394,2121,3878485,8014500
6716,94,109,119300,2106,3878594,8123800
6717,94,103,119206,2097,3878697,7998800
6718,83,106,119123,2074,3878803,7948900
6719,90,103,119033,2061,3878906,7989400
6720,104,99,118929,2066,3879005,7968800
6721,98,93,118831,2071,3879098,8005600
6722,97,93,118734,2075,3879191,8010400
6723,108,105,118626,2078,3879296,8208200
6724,113,104,118513,2087,3879400,8263800
6725,97,113,118416,2071,3879513,8136800
6726,102,106,118314,2067,3879619,8582800
6727,103,88,118211,2082,3879707,8185300
6728,100,109,118111,2073,3879816,8140500
6729,102,100,118009,2075,3879916,8246500
6730,78,90,117931,2063,3880006,8298600
6731,106,103,117825,2066,3880109,8227700
6732,101,95,117724,2072,3880204,8191900
6733,105,106,117619,2071,3880310,7966400
6734,92,108,117527,2055,3880418,8115200
6735,92,104,117435,2043,3880522,8225700
6736,94,107,117341,2030,3880629,8110400
6737,92,97,117249,2025,3880726,8155900
6738,96,100,117153,2021,3880826,8233000
6739,94,97,117059,2018,3880923,8070300
6740,110,88,116949,2040,3881011,8815700
6741,111,106,116838,2045,3881117,8546200
6742,88,116,116750,2017,3881233,8507100
6743,102,103,116648,2016,3881336,8380400
6744,93,102,116555,2007,3881438,8519400
6745,103,100,116452,2010,3881538,8559300
6746,105,91,116347,2024,3881629,8686400
6747,123,117,116224,2030,3881746,8861000
6748,107,109,116117,2028,3881855,8228600
6749,97,98,116020,2027,3881953,8195600
6750,109,117,115911,2019,3882070,7940500
6751,91,115,115820,1995,3882185,8494000
6752,85,93,115735,1987,3882278,9032300
6753,124,95,115611,2016,3882373,8744300
6754,93,111,115518,1998,3882484,8901800
6755,92,81,115426,2009,3882565,8927600
6756,107,86,115319,2030,3882651,8829600
6757,96,94,115223,2032,3882745,8386800
6758,103,99,115120,2036,3882844,8414100
6759,103,115,115017,2024,3882959,8212500
6760,91,82,114926,2033,3883041,8078300
6761,73,102,114853,2004,3883143,8103400
6762,109,120,114744,1993,3883263,8056000
6763,98,104,114646,1987,3883367,8232800
6764,88,89,114558,1986,3883456,8540600
6765,80,105,114478,1961,3883561,8198300
6766,98,91,114380,1968,3883652,8003100
6767,77,88,114303,1957,3883740,8057700
6768,91,104,114212,1944,3883844,8057900
6769,98,105,114114,1937,3883949,8394800
6770,90,119,114024,1908,3884068,8113600
6771,92,89,113932,1911,3884157,8392800
6772,97,88,113835,1920,3884245,8385900
6773,104,91,113731,1933,3884336,8304600
6774,98,102,113633,1929,3884438,8425100
6775,90,95,113543,1924,3884533,8156700
6776,101,99,113442,1926,3884632,8166400
6777,101,98,113341,1929,3884730,8118200
6778,102,99,113239,1932,3884829,7987400
6779,96,118,113143,1910,3884947,8342100
6780,99,96,113044,1913,3885043,8196200
6781,97,106,112947,1904,3885149,8146700
6782,91,88,112856,1907,3885237,7989000
6783,102,93,112754,1916,3885330,8102000
6784,97,93,112657,1920,3885423,8356000
6785,85,98,112572,1907,3885521,8539000
6786,87,129,112485,1865,3885650,8208000
6787,101,107,112384,1859,3885757,8380000
6788,111,112,112273,1858,3885869,8231400
6789,80,103,112193,1835,3885972,8243200
6790,96,86,112097,1845,3886058,8255900
6791,86,86,112011,1845,3886144,8333100
6792,100,110,111911,1835,3886254,8057200
6793,90,80,111821,1845,3886334,8002600
6794,102,104,111719,1843,3886438,8020600
6795,95,101,111624,1837,3886539,8328400
6796,91,94,111533,1834,3886633,8161300
6797,110,84,111423,1860,3886717,8249500
6798,92,80,111331,1872,3886797,8005600
6799,95,88,111236,1879,3886885,8223600
6800,106,90,111130,1895,3886975,8041900
6801,106,94,111024,1907,3887069,7886300
6802,101,104,110923,1904,3887173,8249800
6803,91,84,110832,1911,3887257,8314000
6804,87,88,110745,1910,3887345,8328100
6805,87,89,110658,1908,3887434,8479100
6806,110,84,110548,1934,3887518,8695000
6807,81,109,110467,1906,3887627,9077000
6808,87,84,110380,1909,3887711,8764300
6809,84,90,110296,1903,3887801,8969800
6810,98,101,110198,1900,3887902,8287300
6811,96,100,110102,1896,3888002,8554600
6812,78,79,110024,1895,3888081,8131000
6813,95,75,109929,1915,3888156,8206900
6814,80,110,109849,1885,3888266,8100000
6815,92,116,109757,1861,3888382,8205700
6816,98,78,109659,1881,3888460,7919600
6817,99,100,109560,1880,3888560,7925600
6818,79,105,109481,1854,3888665,8470200
6819,101,96,109380,1859,3888761,8080300
6820,90,101,109290,1848,3888862,8391800
6821,89,94,109201,1843,3888956,8218400
6822,102,101,109099,1844,3889057,8001900
6823,95,89,109004,1850,3889146,7973400
6824,94,88,108910,1856,3889234,7910700
6825,96,78,108814,1874,3889312,7994200
6826,98,96,108716,1876,3889408,8116100
6827,75,101,108641,1850,3889509,7870300
6828,96,83,108545,1863,3889592,8101400
6829,94,94,108451,1863,3889686,8230400
6830,95,114,108356,1844,3889800,7958100
6831,83,88,108273,1839,3889888,8277400
6832,98,74,108175,1863,3889962,8149600
6833,97,74,108078,1886,3890036,7931800
6834,93,99,107985,1880,3890135,7943900
6835,98,122,107887,1856,3890257,7940600
6836,89,88,107798,1857,3890345,8257100
6837,91,84,107707,1864,3890429,8062000
6838,89,102,107618,1851,3890531,8004600
6839,96,83,107522,1864,3890614,7983000
6840,94,88,107428,1870,3890702,7958100
6841,92,89,107336,1873,3890791,7911600
6842,97,92,107239,1878,3890883,7961200
6843,97,96,107142,1879,3890979,7896400
6844,109,77,107033,1911,3891056,8289000
6845,117,101,106916,1927,3891157,8305100
6846,106,91,106810,1942,3891248,8182700
6847,101,83,106709,1960,3891331,8318000
6848,101,106,106608,1955,3891437,8483500
6849,98,94,106510,1959,3891531,8519400
6850,95,104,106415,1950,3891635,8280700
6851,104,95,106311,1959,3891730,8301200
6852,93,93,106218,1959,3891823,8033800
6853,89,102,106129,1946,3891925,8288100
6854,103,111,106026,1938,3892036,8006400
6855,102,107,105924,1933,3892143,7894000
6856,95,95,105829,1933,3892238,7869800
6857,103,93,105726,1943,3892331,8087200
6858,101,96,105625,1948,3892427,8045800
6859,95,102,105530,1941,3892529,8615300
6860,104,106,105426,1939,3892635,8105900
6861,89,88,105337,1940,3892723,8725100
6862,131,95,105206,1976,3892818,8161900
6863,96,101,105110,1971,3892919,8152900
6864,107,113,105003,1965,3893032,7921400
6865,114,97,104889,1982,3893129,7870600
6866,114,108,104775,1988,3893237,7814100
6867,96,97,104679,1987,3893334,7887400
6868,114,94,104565,2007,3893428,7840000
6869,113,101,104452,2019,3893529,8092300
6870,89,112,104363,1996,3893641,7903700
6871,105,102,104258,1999,3893743,7874900
6872,101,117,104157,1983,3893860,7848900
6873,92,102,104065,1973,3893962,7903800
6874,104,109,103961,1968,3894071,7878500
6875,104,96,103857,1976,3894167,7940200
6876,98,96,103759,1978,3894263,8256700
6877,98,112,103661,1964,3894375,8148000
6878,98,92,103563,1970,3894467,8314500
6879,99,94,103464,1975,3894561,8215800
6880,90,116,103374,1949,3894677,8189800
6881,95,103,103279,1941,3894780,8214500
6882,92,95,103187,1938,3894875,8169100
6883,90,103,103097,1925,3894978,8174500
6884,93,95,103004,1923,3895073,8246900
6885,100,88,102904,1935,3895161,8032000
6886,95,89,102809,1941,3895250,8495600
6887,78,93,102731,1926,3895343,8050300
6888,96,104,102635,1918,3895447,8552400
6889,100,104,102535,1914,3895551,7904300
6890,92,99,102443,1907,3895650,7862400
6891,92,94,102351,1905,3895744,7883700
6892,95,84,102256,1916,3895828,7844900
6893,81,84,102175,1913,3895912,7954400
6894,95,71,102080,1937,3895983,8038800
6895,93,97,101987,1933,3896080,8571100
6896,94,96,101893,1931,3896176,8201700
6897,96,95,101797,1932,3896271,8166700
6898,100,96,101697,1936,3896367,7932500
6899,84,82,101613,1938,3896449,7801200
6900,103,96,101510,1945,3896545,7872400
6901,101,103,101409,1943,3896648,7879500
6902,84,106,101325,1921,3896754,7995900
6903,99,85,101226,1935,3896839,8034300
6904,88,92,101138,1931,3896931,8066200
6905,80,99,101058,1912,3897030,7978600
6906,72,116,100986,1868,3897146,8093300
6907,80,93,100906,1855,3897239,7825800
6908,79,101,100827,1833,3897340,7891100
6909,91,97,100736,1827,3897437,7789600
6910,91,91,100645,1827,3897528,8611800
6911,80,90,100565,1817,3897618,8832700
6912,85,81,100480,1821,3897699,8104800
6913,104,103,100376,1822,3897802,8075200
6914,81,77,100295,1826,3897879,8188000
6915,94,96,100201,1824,3897975,8113100
6916,94,86,100107,1832,3898061,8261300
6917,99,84,100008,1847,3898145,8733700
6918,90,100,99918,1837,3898245,7941300
6919,81,108,99837,1810,3898353,8513100
6920,86,71,99751,1825,3898424,8090400
6921,89,104,99662,1810,3898528,8221500
6922,104,77,99558,1837,3898605,8074300
6923,84,89,99474,1832,3898694,8058800
6924,85,89,99389,1828,3898783,8025600
6925,87,90,99302,1825,3898873,8089400
6926,86,65,99216,1846,3898938,8397200
6927,75,98,99141,1823,3899036,8409500
6928,85,98,99056,1810,3899134,8223100
6929,92,99,98964,1803,3899233,8016500
6930,85,89,98879,1799,3899322,8258200
6931,68,96,98811,1771,3899418,8289100
6932,89,96,98722,1764,3899514,8629000
6933,91,90,98631,1765,3899604,8422100
6934,81,87,98550,1759,3899691,8751400
6935,81,91,98469,1749,3899782,9204000
6936,111,85,98358,1775,3899867,8308000
6937,86,90,98272,1771,3899957,8271300
6938,97,77,98175,1791,3900034,8379700
6939,89,79,98086,1801,3900113,8226300
6940,86,93,98000,1794,3900206,7974100
6941,101,93,97899,1802,3900299,7826300
6942,70,101,97829,1771,3900400,7854600
6943,80,81,97749,1770,3900481,8191900
6944,89,77,97660,1782,3900558,8224200
6945,88,87,97572,1783,3900645,8437000
6946,81,97,97491,1767,3900742,8126300
6947,83,92,97408,1758,3900834,8186900
6948,83,98,97325,1743,3900932,7924500
6949,70,71,97255,1742,3901003,7793100
6950,72,93,97183,1721,3901096,7917100
6951,96,82,97087,1735,3901178,8071100
6952,90,88,96997,1737,3901266,7945600
6953,91,86,96906,1742,3901352,8022100
6954,85,76,96821,1751,3901428,7930300
6955,98,73,96723,1776,3901501,7805000
6956,85,85,96638,1776,3901586,7803800
6957,83,91,96555,1768,3901677,7793500
6958,92,81,96463,1779,3901758,8052400
6959,106,78,96357,1807,3901836,7921400
6960,80,98,96277,1789,3901934,7964700
6961,91,94,96186,1786,3902028,7997000
6962,97,83,96089,1800,3902111,7877100
6963,95,91,95994,1804,3902202,8279500
6964,97,75,95897,1826,3902277,7860900
6965,88,94,95809,1820,3902371,7979100
6966,108,95,95701,1833,3902466,8054200
6967,84,78,95617,1839,3902544,8674000
6968,99,81,95518,1857,3902625,8135000
6969,93,81,95425,1869,3902706,8129300
6970,101,107,95324,1863,3902813,8099500
6971,82,120,95242,1825,3902933,8198300
6972,108,100,95134,1833,3903033,8207900
6973,91,84,95043,1840,3903117,8137800
6974,103,100,94940,1843,3903217,8057000
6975,86,75,94854,1854,3903292,7963000
6976,93,92,94761,1855,3903384,8128300
6977,118,89,94643,1884,3903473,8049300
6978,98,132,94545,1850,3903605,7960200
6979,103,99,94442,1854,3903704,7921100
6980,94,75,94348,1873,3903779,7948500
6981,89,106,94259,1856,3903885,7871600
6982,90,83,94169,1863,3903968,7868900
6983,91,88,94078,1866,3904056,7930900
6984,83,87,93995,1862,3904143,8094500
6985,74,68,93921,1868,3904211,7878400
6986,82,82,93839,1868,3904293,8223400
6987,94,87,93745,1875,3904380,7882500
6988,103,108,93642,1870,3904488,8189000
6989,89,96,93553,1863,3904584,8271900
6990,87,91,93466,1859,3904675,8562200
6991,104,77,93362,1886,3904752,8291400
6992,71,98,93291,1859,3904850,8331900
6993,97,84,93194,1872,3904934,8121900
6994,106,81,93088,1897,3905015,7931900
6995,108,77,92980,1928,3905092,7873000
6996,93,90,92887,1931,3905182,7886600
6997,82,90,92805,1923,3905272,8034900
6998,107,93,92698,1937,3905365,7898500
6999,112,80,92586,1969,3905445,7900600
7000,100,97,92486,1972,3905542,8181100
7001,97,88,92389,1981,3905630,8158100
7002,104,100,92285,1985,3905730,8038400
7003,80,88,92205,1977,3905818,7989300
7004,99,95,92106,1981,3905913,7939900
7005,86,96,92020,1971,3906009,7937400
7006,80,90,91940,1961,3906099,7921800
7007,99,96,91841,1964,3906195,7827200
7008,96,106,91745,1954,3906301,7871800
7009,89,81,91656,1962,3906382,7868400
7010,91,103,91565,1950,3906485,8052900
7011,86,107,91479,1929,3906592,7920500
7012,76,90,91403,1915,3906682,7970100
7013,90,95,91313,1910,3906777,7809200
7014,81,82,91232,1909,3906859,8026300
7015,92,109,91140,1892,3906968,7838400
7016,104,96,91036,1900,3907064,7921100
7017,81,87,90955,1894,3907151,7969900
7018,98,91,90857,1901,3907242,8034300
7019,95,90,90762,1906,3907332,7960900
7020,86,89,90676,1903,3907421,8434100
7021,81,93,90595,1891,3907514,8288600
7022,79,78,90516,1892,3907592,8451300
7023,78,94,90438,1876,3907686,8165200
7024,90,113,90348,1853,3907799,8023200
7025,86,99,90262,1840,3907898,7964000
7026,95,91,90167,1844,3907989,8015500
7027,91,74,90076,1861,3908063,7941900
7028,90,94,89986,1857,3908157,7857000
7029,74,84,89912,1847,3908241,8248000
7030,83,99,89829,1831,3908340,8134100
7031,87,99,89742,1819,3908439,7898600
7032,76,99,89666,1796,3908538,7948800
7033,89,77,89577,1808,3908615,8061100
7034,75,91,89502,1792,3908706,8073800
7035,56,98,89446,1750,3908804,7940600
7036,86,93,89360,1743,3908897,7933900
7037,83,96,89277,1730,3908993,9213600
7038,77,67,89200,1740,3909060,7935600
7039,72,71,89128,1741,3909131,7936400
7040,87,84,89041,1744,3909215,7937000
7041,87,82,88954,1749,3909297,8060700
7042,118,108,88836,1759,3909405,8142400
7043,94,89,88742,1764,3909494,8430000
7044,93,82,88649,1775,3909576,7833200
7045,86,90,88563,1771,3909666,8074700
7046,78,80,88485,1769,3909746,8092600
7047,83,83,88402,1769,3909829,7981800
7048,91,97,88311,1763,3909926,7878100
7049,80,102,88231,1741,3910028,7950700
7050,85,80,88146,1746,3910108,8211700
7051,102,85,88044,1763,3910193,8112500
7052,83,107,87961,1739,3910300,7930000
7053,79,73,87882,1745,3910373,8252000
7054,79,97,87803,1727,3910470,8370300
7055,92,99,87711,1720,3910569,8360500
7056,77,86,87634,1711,3910655,8278900
7057,79,81,87555,1709,3910736,8214300
7058,76,76,87479,1709,3910812,8783300
7059,79,101,87400,1687,3910913,8559900
7060,85,92,87315,1680,3911005,8304300
7061,64,76,87251,1668,3911081,7956100
7062,81,93,87170,1656,3911174,8013700
7063,77,90,87093,1643,3911264,7865300
7064,88,75,87005,1656,3911339,8185400
7065,86,88,86919,1654,3911427,8178600
7066,71,86,86848,1639,3911513,8998000
7067,80,76,86768,1643,3911589,9246700
7068,82,84,86686,1641,3911673,8076000
7069,77,110,86609,1608,3911783,8038600
7070,78,71,86531,1615,3911854,7995100
7071,77,68,86454,1624,3911922,8234000
7072,90,78,86364,1636,3912000,7909400
7073,77,75,86287,1638,3912075,7985800
7074,92,94,86195,1636,3912169,8106500
7075,78,106,86117,1608,3912275,8246100
7076,75,79,86042,1604,3912354,8104800
7077,79,89,85963,1594,3912443,8417400
7078,90,75,85873,1609,3912518,8211700
7079,85,87,85788,1607,3912605,8059700
7080,62,70,85726,1599,3912675,8028600
7081,89,83,85637,1605,3912758,7972000
7082,76,91,85561,1590,3912849,8522000
7083,81,73,85480,1598,3912922,8166300
7084,74,79,85406,1593,3913001,8095800
7085,92,70,85314,1615,3913071,8088700
7086,62,80,85252,1597,3913151,8403400
7087,77,92,85175,1582,3913243,8096200
7088,69,93,85106,1558,3913336,8115600
7089,77,89,85029,1546,3913425,8078600
7090,72,89,84957,1529,3913514,8262600
7091,57,75,84900,1511,3913589,8598700
7092,79,77,84821,1513,3913666,8767200
7093,89,78,84732,1524,3913744,8222200
7094,72,77,84660,1519,3913821,8168900
7095,77,67,84583,1529,3913888,7984500
7096,67,57,84516,1539,3913945,8156700
7097,77,82,84439,1534,3914027,8139100
7098,69,70,84370,1533,3914097,7958100
7099,71,68,84299,1536,3914165,8038700
7100,75,68,84224,1543,3914233,8137000
7101,85,80,84139,1548,3914313,7813300
7102,83,75,84056,1556,3914388,8265300
7103,66,72,83990,1550,3914460,8191700
7104,75,66,83915,1559,3914526,8203400
7105,83,83,83832,1559,3914609,8183800
7106,92,70,83740,1581,3914679,8104100
7107,86,69,83654,1598,3914748,8106400
7108,84,86,83570,1596,3914834,7921500
7109,93,83,83477,1606,3914917,8185700
7110,94,84,83383,1616,3915001,7925800
7111,77,78,83306,1615,3915079,8159900
7112,86,80,83220,1621,3915159,7923600
7113,84,99,83136,1606,3915258,7841700
7114,74,83,83062,1597,3915341,7887800
7115,74,83,82988,1588,3915424,8166400
7116,85,79,82903,1594,3915503,7867700
7117,88,88,82815,1594,3915591,7957000
7118,79,77,82736,1596,3915668,8022400
7119,80,91,82656,1585,3915759,7996900
7120,73,81,82583,1577,3915840,8012200
7121,86,92,82497,1571,3915932,8156500
7122,69,88,82428,1552,3916020,8389800
7123,65,84,82363,1533,3916104,7968200
7124,91,77,82272,1547,3916181,8020400
7125,92,64,82180,1575,3916245,7961200
7126,81,80,82099,1576,3916325,7845100
7127,73,90,82026,1559,3916415,8016400
7128,74,71,81952,1562,3916486,8034700
7129,64,78,81888,1548,3916564,7936800
7130,70,94,81818,1524,3916658,8166600
7131,74,76,81744,1522,3916734,8206200
7132,75,79,81669,1518,3916813,8704300
7133,73,77,81596,1514,3916890,8317300
7134,81,80,81515,1515,3916970,8139600
7135,84,83,81431,1516,3917053,7995300
7136,81,66,81350,1531,3917119,8143000
7137,91,75,81259,1547,3917194,8217900
7138,76,78,81183,1545,3917272,8302100
7139,98,63,81085,1580,3917335,8277600
7140,91,86,80994,1585,3917421,8072800
7141,88,69,80906,1604,3917490,7979900
7142,99,89,80807,1614,3917579,8030900
7143,88,81,80719,1621,3917660,8047700
7144,82,69,80637,1634,3917729,8139300
7145,88,84,80549,1638,3917813,8373800
7146,79,84,80470,1633,3917897,8302900
7147,86,92,80384,1627,3917989,8160300
7148,60,84,80324,1603,3918073,8232600
7149,75,90,80249,1588,3918163,8354900
7150,82,92,80167,1578,3918255,8173400
7151,70,75,80097,1573,3918330,9424400
7152,77,69,80020,1581,3918399,8390200
7153,59,81,79961,1559,3918480,7981600
7154,83,83,79878,1559,3918563,8117900
7155,82,74,79796,1567,3918637,7849000
7156,81,70,79715,1578,3918707,8058200
7157,79,71,79636,1586,3918778,7936000
7158,84,95,79552,1575,3918873,7871300
7159,74,76,79478,1573,3918949,8002100
7160,79,76,79399,1576,3919025,7888300
7161,63,73,79336,1566,3919098,8185500
7162,70,88,79266,1548,3919186,7862500
7163,70,84,79196,1534,3919270,8234400
7164,57,78,79139,1513,3919348,7960500
7165,75,62,79064,1526,3919410,8814600
7166,77,77,78987,1526,3919487,8097700
7167,91,73,78896,1544,3919560,8125300
7168,71,80,78825,1535,3919640,8234400
7169,77,73,78748,1539,3919713,7993700
7170,74,78,78674,1535,3919791,7842500
7171,69,74,78605,1530,3919865,7908200
7172,72,73,78533,1529,3919938,7922300
7173,72,73,78461,1528,3920011,8507700
7174,78,74,78383,1532,3920085,8072500
7175,67,88,78316,1511,3920173,8166800
7176,78,76,78238,1513,3920249,8160700
7177,88,76,78150,1525,3920325,8241100
7178,73,49,78077,1549,3920374,8496800
7179,59,86,78018,1522,3920460,8305700
7180,71,72,77947,1521,3920532,8494400
7181,73,63,77874,1531,3920595,8284400
7182,71,73,77803,1529,3920668,8229400
7183,58,72,77745,1515,3920740,8115700
7184,68,86,77677,1497,3920826,7881200
7185,76,68,77601,1505,3920894,7841900
7186,72,77,77529,1500,3920971,7838300
7187,59,76,77470,1483,3921047,7873900
7188,77,72,77393,1488,3921119,7908100
7189,85,81,77308,1492,3921200,8111000
7190,69,58,77239,1503,3921258,7926800
7191,78,67,77161,1514,3921325,7813200
7192,69,66,77092,1517,3921391,8020200
7193,60,56,77032,1521,3921447,7989400
7194,74,86,76958,1509,3921533,7867800
7195,69,76,76889,1502,3921609,7885300
7196,78,76,76811,1504,3921685,7920700
7197,56,75,76755,1485,3921760,7841000
7198,54,82,76701,1457,3921842,8007200
7199,59,92,76642,1424,3921934,7840500
7200,70,87,76572,1407,3922021,8305900
7201,56,75,76516,1388,3922096,7877400
7202,58,70,76458,1376,3922166,8019000
7203,63,57,76395,1382,3922223,8072800
7204,47,74,76348,1355,3922297,7829800
7205,60,74,76288,1341,3922371,7791500
7206,70,71,76218,1340,3922442,8063200
7207,80,69,76138,1351,3922511,7970200
7208,55,64,76083,1342,3922575,7911500
7209,50,58,76033,1334,3922633,8176900
7210,70,80,75963,1324,3922713,8319400
7211,58,66,75905,1316,3922779,8050600
7212,53,56,75852,1313,3922835,8346900
7213,48,76,75804,1285,3922911,8726500
7214,52,66,75752,1271,3922977,8095800
7215,42,72,75710,1241,3923049,8110900
7216,54,59,75656,1236,3923108,8222500
7217,66,55,75590,1247,3923163,8251200
7218,56,60,75534,1243,3923223,8173100
7219,48,58,75486,1233,3923281,8251700
7220,63,63,75423,1233,3923344,8362000
7221,59,64,75364,1228,3923408,8151000
7222,54,68,75310,1214,3923476,8674800
7223,50,56,75260,1208,3923532,8148200
7224,59,52,75201,1215,3923584,8062800
7225,54,65,75147,1204,3923649,7948100
7226,50,58,75097,1196,3923707,7949800
7227,44,50,75053,1190,3923757,7878700
7228,55,56,74998,1189,3923813,8081800
7229,57,61,74941,1185,3923874,7998900
7230,52,50,74889,1187,3923924,8541800
7231,56,53,74833,1190,3923977,8094800
7232,45,64,74788,1171,3924041,8241300
7233,53,61,74735,1163,3924102,8119700
7234,54,56,74681,1161,3924158,8388500
7235,53,66,74628,1148,3924224,8018800
7236,50,54,74578,1144,3924278,8098000
7237,52,53,74526,1143,3924331,7990900
7238,60,44,74466,1159,3924375,8217900
7239,50,64,74416,1145,3924439,8105200
7240,48,55,74368,1138,3924494,8042000
7241,39,65,74329,1112,3924559,8087700
7242,46,53,74283,1105,3924612,8407300
7243,46,58,74237,1093,3924670,8123000
7244,50,62,74187,1081,3924732,8127600
7245,47,63,74140,1065,3924795,8126000
7246,46,62,74094,1049,3924857,8146600
7247,48,53,74046,1044,3924910,8509500
7248,48,52,73998,1040,3924962,8134600
7249,44,65,73954,1019,3925027,8247000
7250,52,51,73902,1020,3925078,7866300
7251,48,62,73854,1006,3925140,7913400
7252,60,56,73794,1010,3925196,7822400
7253,52,65,73742,997,3925261,7858700
7254,54,57,73688,994,3925318,7806300
7255,38,51,73650,981,3925369,8089600
7256,41,50,73609,972,3925419,8046200
7257,52,48,73557,976,3925467,7836200
7258,45,50,73512,971,3925517,7823500
7259,36,47,73476,960,3925564,7759400
7260,46,46,73430,960,3925610,7798500
7261,45,38,73385,967,3925648,7814500
7262,55,50,73330,972,3925698,7758700
7263,50,49,73280,973,3925747,7990100
7264,44,55,73236,962,3925802,7986300
7265,46,40,73190,968,3925842,7873400
7266,52,52,73138,968,3925894,7847600
7267,45,41,73093,972,3925935,7868400
7268,40,33,73053,979,3925968,7837700
7269,46,52,73007,973,3926020,8945200
7270,58,55,72949,976,3926075,8266000
7271,33,41,72916,968,3926116,8434200
7272,33,30,72883,971,3926146,8266900
7273,47,47,72836,971,3926193,8073400
7274,44,60,72792,955,3926253,8022800
7275,41,40,72751,956,3926293,7915100
7276,39,50,72712,945,3926343,7762800
7277,46,48,72666,943,3926391,7989600
7278,52,55,72614,940,3926446,7810900
7279,40,43,72574,937,3926489,8277900
7280,50,44,72524,943,3926533,8009900
7281,52,47,72472,948,3926580,8007700
7282,47,48,72425,947,3926628,8259800
7283,42,43,72383,946,3926671,8266100
7284,43,42,72340,947,3926713,8199200
7285,54,53,72286,948,3926766,8186100
7286,41,44,72245,945,3926810,7997000
7287,54,49,72191,950,3926859,7958600
7288,43,29,72148,964,3926888,7924800
7289,42,47,72106,959,3926935,7927900
7290,47,51,72059,955,3926986,7876600
7291,51,42,72008,964,3927028,8007100
7292,57,47,71951,974,3927075,8106900
7293,49,41,71902,982,3927116,7857100
7294,51,68,71851,965,3927184,7792300
7295,51,51,71800,965,3927235,8024200
7296,51,46,71749,970,3927281,8041500
7297,41,54,71708,957,3927335,7956600
7298,49,57,71659,949,3927392,7869200
7299,52,54,71607,947,3927446,7926100
7300,46,50,71561,943,3927496,7939000
7301,57,41,71504,959,3927537,8334100
7302,52,50,71452,961,3927587,8153900
7303,47,43,71405,965,3927630,8282700
7304,64,42,71341,987,3927672,8459800
7305,40,57,71301,970,3927729,8141100
7306,36,43,71265,963,3927772,7965600
7307,47,40,71218,970,3927812,7930300
7308,42,42,71176,970,3927854,7900600
7309,49,54,71127,965,3927908,7792300
7310,41,46,71086,960,3927954,7806700
7311,63,63,71023,960,3928017,7875300
7312,41,55,70982,946,3928072,7998200
7313,44,46,70938,944,3928118,8006100
7314,46,61,70892,929,3928179,8033500
7315,45,41,70847,933,3928220,7986300
7316,34,41,70813,926,3928261,8158400
7317,46,48,70767,924,3928309,8091500
7318,40,54,70727,910,3928363,8174500
7319,33,52,70694,891,3928415,8197900
7320,53,37,70641,907,3928452,8070100
7321,45,45,70596,907,3928497,7925700
7322,38,47,70558,898,3928544,8056600
7323,49,52,70509,895,3928596,7967500
7324,49,40,70460,904,3928636,7844300
7325,44,41,70416,907,3928677,8401600
7326,33,57,70383,883,3928734,7954400
7327,40,44,70343,879,3928778,8308500
7328,35,48,70308,866,3928826,7948400
7329,40,45,70268,861,3928871,7889800
7330,36,42,70232,855,3928913,8025800
7331,44,38,70188,861,3928951,7910100
7332,51,36,70137,876,3928987,7926800
7333,47,49,70090,874,3929036,8222900
7334,45,32,70045,887,3929068,7884200
7335,39,32,70006,894,3929100,8116100
7336,40,48,69966,886,3929148,7942700
7337,41,45,69925,882,3929193,8274700
7338,43,32,69882,893,3929225,8214500
7339,43,56,69839,880,3929281,8204300
7340,29,51,69810,858,3929332,8194900
7341,31,43,69779,846,3929375,8995800
7342,25,44,69754,827,3929419,8143100
7343,32,50,69722,809,3929469,8047800
7344,42,51,69680,800,3929520,8103000
7345,38,32,69642,806,3929552,7912600
7346,31,44,69611,793,3929596,8155900
7347,45,38,69566,800,3929634,7976200
7348,42,47,69524,795,3929681,7835400
7349,41,52,69483,784,3929733,7955800
7350,39,36,69444,787,3929769,7780300
7351,39,41,69405,785,3929810,7809100
7352,41,34,69364,792,3929844,7866800
7353,33,40,69331,785,3929884,7929400
7354,42,40,69289,787,3929924,7957000
7355,37,44,69252,780,3929968,8066600
7356,39,34,69213,785,3930002,8475500
7357,52,35,69161,802,3930037,8444200
7358,52,31,69109,823,3930068,8544400
7359,48,35,69061,836,3930103,7958500
7360,33,49,69028,820,3930152,7861800
7361,41,39,68987,822,3930191,7841200
7362,45,37,68942,830,3930228,7960000
7363,44,32,68898,842,3930260,8112400
7364,35,49,68863,828,3930309,8068900
7365,51,45,68812,834,3930354,7851500
7366,41,25,68771,850,3930379,8257600
7367,38,52,68733,836,3930431,7917100
7368,39,57,68694,818,3930488,8048600
7369,36,50,68658,804,3930538,8131600
7370,43,36,68615,811,3930574,8291400
7371,32,32,68583,811,3930606,8167000
7372,44,44,68539,811,3930650,8511000
7373,44,28,68495,827,3930678,8159400
7374,36,37,68459,826,3930715,8121500
7375,37,43,68422,820,3930758,8094500
7376,38,34,68384,824,3930792,8148400
7377,44,41,68340,827,3930833,8173600
7378,31,46,68309,812,3930879,8201700
7379,27,43,68282,796,3930922,8204100
7380,34,44,68248,786,3930966,8308500
7381,30,45,68218,771,3931011,8436100
7382,37,33,68181,775,3931044,8213000
7383,36,43,68145,768,3931087,8889000
7384,38,38,68107,768,3931125,8088200
7385,30,42,68077,756,3931167,7998200
7386,42,37,68035,761,3931204,8100400
7387,29,28,68006,762,3931232,8250500
7388,36,31,67970,767,3931263,8580400
7389,38,32,67932,773,3931295,8305700
7390,43,36,67889,780,3931331,8024700
7391,30,41,67859,769,3931372,7970300
7392,38,26,67821,781,3931398,8124800
7393,35,38,67786,778,3931436,8109800
7394,36,49,67750,765,3931485,8303700
7395,40,29,67710,776,3931514,9038700
7396,35,43,67675,768,3931557,8611800
7397,30,37,67645,761,3931594,8275300
7398,46,35,67599,772,3931629,8175800
7399,33,26,67566,779,3931655,8043100
7400,41,34,67525,786,3931689,8158000
7401,29,36,67496,779,3931725,8094600
7402,30,38,67466,771,3931763,8034500
7403,47,37,67419,781,3931800,7896600
7404,36,47,67383,770,3931847,8169500
7405,29,43,67354,756,3931890,8211000
7406,48,24,67306,780,3931914,8162300
7407,37,42,67269,775,3931956,8107700
7408,42,32,67227,785,3931988,7926200
7409,29,39,67198,775,3932027,7984500
7410,34,33,67164,776,3932060,7876800
7411,29,30,67135,775,3932090,7863900
7412,38,41,67097,772,3932131,8059700
7413,41,45,67056,768,3932176,7916400
7414,22,45,67034,745,3932221,7905500
7415,34,42,67000,737,3932263,7862500
7416,30,42,66970,725,3932305,7824200
7417,29,40,66941,714,3932345,7873100
7418,34,36,66907,712,3932381,7916200
7419,30,39,66877,703,3932420,7956600
7420,31,38,66846,696,3932458,8046400
7421,22,31,66824,687,3932489,7981400
7422,33,30,66791,690,3932519,7842300
7423,31,32,66760,689,3932551,8011000
7424,23,46,66737,666,3932597,7961600
7425,24,35,66713,655,3932632,8238200
7426,27,35,66686,647,3932667,8143000
7427,29,28,66657,648,3932695,8738800
7428,24,29,66633,643,3932724,8537300
7429,19,36,66614,626,3932760,8191700
7430,34,31,66580,629,3932791,8110300
7431,29,29,66551,629,3932820,8482100
7432,34,29,66517,634,3932849,7909500
7433,27,29,66490,632,3932878,8292000
7434,26,37,66464,621,3932915,7887800
7435,33,31,66431,623,3932946,7861300
7436,32,27,66399,628,3932973,7924300
7437,27,33,66372,622,3933006,8348600
7438,39,28,66333,633,3933034,7937100
7439,29,38,66304,624,3933072,8045900
7440,39,33,66265,630,3933105,7982200
7441,35,33,66230,632,3933138,7854000
7442,28,33,66202,627,3933171,8032200
7443,24,33,66178,618,3933204,7919300
7444,34,32,66144,620,3933236,8020400
7445,30,25,66114,625,3933261,8689500
7446,29,24,66085,630,3933285,8193500
7447,32,29,66053,633,3933314,8098200
7448,30,27,66023,636,3933341,7897600
7449,35,35,65988,636,3933376,7825500
7450,30,29,65958,637,3933405,7982700
7451,33,31,65925,639,3933436,7809800
7452,39,26,65886,652,3933462,7852100
7453,29,34,65857,647,3933496,8055600
7454,30,32,65827,645,3933528,7966900
7455,28,31,65799,642,3933559,8006700
7456,21,40,65778,623,3933599,7842300
7457,30,33,65748,620,3933632,7913600
7458,25,38,65723,607,3933670,7859600
7459,30,29,65693,608,3933699,7934100
7460,30,20,65663,618,3933719,8178600
7461,15,25,65648,608,3933744,8224500
7462,20,26,65628,602,3933770,8091500
7463,34,28,65594,608,3933798,8179800
7464,31,27,65563,612,3933825,8203400
7465,15,31,65548,596,3933856,8121200
7466,27,38,65521,585,3933894,8149600
7467,20,33,65501,572,3933927,8129300
7468,31,20,65470,583,3933947,8177700
7469,20,29,65450,574,3933976,7981600
7470,23,20,65427,577,3933996,8045800
7471,28,41,65399,564,3934037,7925500
7472,17,41,65382,540,3934078,7849900
7473,20,22,65362,538,3934100,7919200
7474,26,32,65336,532,3934132,7841500
7475,30,29,65306,533,3934161,7870600
7476,18,29,65288,522,3934190,8056600
7477,21,29,65267,514,3934219,7844500
7478,16,31,65251,499,3934250,8127200
7479,22,25,65229,496,3934275,8052100
7480,26,32,65203,490,3934307,8073900
7481,27,19,65176,498,3934326,8060100
7482,22,26,65154,494,3934352,7910800
7483,26,27,65128,493,3934379,8017200
7484,19,25,65109,487,3934404,7906900
7485,25,24,65084,488,3934428,7926700
7486,22,20,65062,490,3934448,8180400
7487,25,19,65037,496,3934467,7968600
7488,28,29,65009,495,3934496,7966100
7489,22,26,64987,491,3934522,8072200
7490,19,32,64968,478,3934554,7953900
7491,31,26,64937,483,3934580,8068400
7492,21,26,64916,478,3934606,7984300
7493,25,19,64891,484,3934625,7920100
7494,31,21,64860,494,3934646,8078200
7495,25,32,64835,487,3934678,8009000
7496,27,22,64808,492,3934700,8025700
7497,27,22,64781,497,3934722,8166500
7498,25,15,64756,507,3934737,7978000
7499,24,22,64732,509,3934759,8320000
7500,27,23,64705,513,3934782,7982400
7501,18,15,64687,516,3934797,8105700
7502,29,17,64658,528,3934814,8322600
7503,15,31,64643,512,3934845,8327500
7504,16,29,64627,499,3934874,8128000
7505,21,27,64606,493,3934901,8315500
7506,20,27,64586,486,3934928,8074000
7507,35,27,64551,494,3934955,8321900
7508,19,19,64532,494,3934974,8259900
7509,27,21,64505,500,3934995,8093100
7510,24,26,64481,498,3935021,8322400
7511,29,17,64452,510,3935038,8163100
7512,27,28,64425,509,3935066,8093600
7513,26,27,64399,508,3935093,8067800
7514,25,33,64374,500,3935126,8088400
7515,20,31,64354,489,3935157,8073400
7516,27,17,64327,499,3935174,8074100
7517,26,27,64301,498,3935201,8011100
7518,26,20,64275,504,3935221,8733900
7519,26,17,64249,513,3935238,9775500
7520,26,21,64223,518,3935259,8836800
7521,28,13,64195,533,3935272,8352100
7522,27,28,64168,532,3935300,8136500
7523,28,28,64140,532,3935328,7803500
7524,29,32,64111,529,3935360,7909200
7525,32,30,64079,531,3935390,7759400
7526,26,21,64053,536,3935411,7963200
7527,34,30,64019,540,3935441,8152600
7528,24,40,63995,524,3935481,8513700
7529,34,27,63961,531,3935508,8116600
7530,25,27,63936,529,3935535,8104700
7531,37,29,63899,537,3935564,8164900
7532,34,27,63865,544,3935591,8048100
7533,26,24,63839,546,3935615,7948800
7534,25,21,63814,550,3935636,8029900
7535,36,26,63778,560,3935662,8120200
7536,24,28,63754,556,3935690,8265400
7537,18,25,63736,549,3935715,8164900
7538,27,29,63709,547,3935744,8088500
7539,21,23,63688,545,3935767,8004100
7540,26,34,63662,537,3935801,8117800
7541,21,21,63641,537,3935822,8162300
7542,26,28,63615,535,3935850,8212300
7543,16,21,63599,530,3935871,8116500
7544,22,30,63577,522,3935901,8100500
7545,17,18,63560,521,3935919,8273300
7546,24,21,63536,524,3935940,8087400
7547,20,25,63516,519,3935965,8399300
7548,21,24,63495,516,3935989,8468700
7549,22,34,63473,504,3936023,8479100
7550,25,25,63448,504,3936048,8542500
7551,25,33,63423,496,3936081,8358000
7552,28,28,63395,496,3936109,8299900
7553,22,25,63373,493,3936134,8034600
7554,15,24,63358,484,3936158,7998100
7555,19,19,63339,484,3936177,7915100
7556,20,20,63319,484,3936197,8193700
7557,21,29,63298,476,3936226,7978900
7558,25,35,63273,466,3936261,7832100
7559,23,23,63250,466,3936284,8371500
7560,28,25,63222,469,3936309,8031100
7561,19,18,63203,470,3936327,7809200
7562,23,25,63180,468,3936352,7929000
7563,22,23,63158,467,3936375,7988500
7564,25,26,63133,466,3936401,8313200
7565,21,17,63112,470,3936418,8004100
7566,26,25,63086,471,3936443,8112400
7567,18,23,63068,466,3936466,8336800
7568,27,27,63041,466,3936493,8688600
7569,15,26,63026,455,3936519,8161300
7570,22,20,63004,457,3936539,8124300
7571,22,19,62982,460,3936558,7848100
7572,21,23,62961,458,3936581,7981500
7573,26,28,62935,456,3936609,8020900
7574,25,21,62910,460,3936630,7838500
7575,16,17,62894,459,3936647,7887200
7576,19,15,62875,463,3936662,8096300
7577,23,26,62852,460,3936688,7904200
7578,14,19,62838,455,3936707,7892700
7579,27,27,62811,455,3936734,7764300
7580,19,13,62792,461,3936747,7883200
7581,16,20,62776,457,3936767,7884700
7582,19,27,62757,449,3936794,7994900
7583,22,24,62735,447,3936818,8444600
7584,20,21,62715,446,3936839,8102200
7585,18,18,62697,446,3936857,8428700
7586,20,17,62677,449,3936874,8215300
7587,18,34,62659,433,3936908,8263300
7588,12,11,62647,434,3936919,8328100
7589,13,14,62634,433,3936933,8337500
7590,26,18,62608,441,3936951,8163200
7591,18,26,62590,433,3936977,7857100
7592,14,27,62576,420,3937004,7984900
7593,26,24,62550,422,3937028,7989200
7594,9,23,62541,408,3937051,7890900
7595,12,15,62529,405,3937066,7919800
7596,7,21,62522,391,3937087,7977100
7597,17,19,62505,389,3937106,7853900
7598,14,18,62491,385,3937124,7858100
7599,13,24,62478,374,3937148,8185500
7600,14,23,62464,365,3937171,8015800
7601,13,24,62451,354,3937195,8090400
7602,17,18,62434,353,3937213,7878200
7603,14,11,62420,356,3937224,7904800
7604,10,19,62410,347,3937243,7868300
7605,17,11,62393,353,3937254,7909600
7606,14,15,62379,352,3937269,7904200
7607,23,20,62356,355,3937289,7810500
7608,15,12,62341,358,3937301,8050600
7609,15,22,62326,351,3937323,8000000
7610,16,23,62310,344,3937346,7944700
7611,20,28,62290,336,3937374,7894400
7612,19,22,62271,333,3937396,7875100
7613,12,19,62259,326,3937415,8253900
7614,9,12,62250,323,3937427,7828200
7615,10,11,62240,322,3937438,8076200
7616,15,19,62225,318,3937457,7885900
7617,23,18,62202,323,3937475,7919200
7618,17,20,62185,320,3937495,8014100
7619,21,16,62164,325,3937511,8067800
7620,16,12,62148,329,3937523,7858800
7621,14,19,62134,324,3937542,7923800
7622,11,17,62123,318,3937559,7869200
7623,13,15,62110,316,3937574,8261300
7624,16,15,62094,317,3937589,7863500
7625,13,14,62081,316,3937603,7916000
7626,11,13,62070,314,3937616,8051800
7627,12,12,62058,314,3937628,7979500
7628,12,19,62046,307,3937647,8047500
7629,13,12,62033,308,3937659,7883600
7630,8,16,62025,300,3937675,8112900
7631,10,16,62015,294,3937691,8175900
7632,12,9,62003,297,3937700,7893000
7633,13,19,61990,291,3937719,7924900
7634,11,14,61979,288,3937733,8040500
7635,16,12,61963,292,3937745,8180600
7636,12,18,61951,286,3937763,8078500
7637,11,14,61940,283,3937777,8217000
7638,11,14,61929,280,3937791,8369500
7639,8,15,61921,273,3937806,8287600
7640,14,13,61907,274,3937819,8464400
7641,11,13,61896,272,3937832,8108500
7642,12,15,61884,269,3937847,8068600
7643,10,11,61874,268,3937858,8377000
7644,9,13,61865,264,3937871,8244600
7645,9,16,61856,257,3937887,8262100
7646,8,11,61848,254,3937898,7976000
7647,17,12,61831,259,3937910,7772800
7648,14,16,61817,257,3937926,7991000
7649,10,9,61807,258,3937935,7873500
7650,13,14,61794,257,3937949,7909300
7651,9,13,61785,253,3937962,8200600
7652,12,9,61773,256,3937971,8041600
7653,8,11,61765,253,3937982,7932800
7654,10,11,61755,252,3937993,7904100
7655,11,20,61744,243,3938013,7799900
7656,11,21,61733,233,3938034,8082200
7657,10,11,61723,232,3938045,7820000
7658,13,15,61710,230,3938060,8021100
7659,10,11,61700,229,3938071,8008000
7660,13,7,61687,235,3938078,7984000
7661,15,15,61672,235,3938093,7828100
7662,8,15,61664,228,3938108,7949400
7663,4,9,61660,223,3938117,7959800
7664,16,6,61644,233,3938123,8106000
7665,14,7,61630,240,3938130,7904100
7666,9,14,61621,235,3938144,8090200
7667,6,10,61615,231,3938154,8220200
7668,5,13,61610,223,3938167,8041200
7669,14,6,61596,231,3938173,8312800
7670,15,14,61581,232,3938187,8330900
7671,11,9,61570,234,3938196,8470500
7672,8,7,61562,235,3938203,8360000
7673,13,17,61549,231,3938220,8507400
7674,16,11,61533,236,3938231,8424700
7675,14,10,61519,240,3938241,8598400
7676,7,14,61512,233,3938255,8260500
7677,11,9,61501,235,3938264,7969400
7678,15,10,61486,240,3938274,7937200
7679,15,14,61471,241,3938288,7869800
7680,10,15,61461,236,3938303,8280000
7681,18,11,61443,243,3938314,9339900
7682,12,11,61431,244,3938325,9452500
7683,14,9,61417,249,3938334,9151200
7684,13,8,61404,254,3938342,9087400
7685,7,10,61397,251,3938352,9226000
7686,3,10,61394,244,3938362,9580000
7687,19,12,61375,251,3938374,8737600
7688,5,11,61370,245,3938385,8872700
7689,5,19,61365,231,3938404,8796300
7690,8,17,61357,222,3938421,10033200
7691,12,8,61345,226,3938429,9674200
7692,11,10,61334,227,3938439,9729800
7693,6,9,61328,224,3938448,9384000
7694,15,11,61313,228,3938459,9445900
7695,7,11,61306,224,3938470,8975600
7696,9,11,61297,222,3938481,9236300
7697,11,14,61286,219,3938495,10921100
7698,10,11,61276,218,3938506,9707200
7699,15,9,61261,224,3938515,8962900
7700,11,10,61250,225,3938525,9055000
7701,10,15,61240,220,3938540,9444100
7702,8,13,61232,215,3938553,9425600
7703,12,12,61220,215,3938565,9811100
7704,10,11,61210,214,3938576,9908500
7705,8,9,61202,213,3938585,9680600
7706,12,7,61190,218,3938592,9525700
7707,16,8,61174,226,3938600,9933600
7708,5,12,61169,219,3938612,9034800
7709,13,21,61156,211,3938633,9268600
7710,6,11,61150,206,3938644,9291100
7711,7,10,61143,203,3938654,9052200
7712,9,11,61134,201,3938665,10035700
7713,7,8,61127,200,3938673,12210100
7714,5,9,61122,196,3938682,13052900
7715,8,16,61114,188,3938698,9876100
7716,10,6,61104,192,3938704,10794100
7717,10,9,61094,193,3938713,9569700
7718,9,5,61085,197,3938718,8901300
7719,14,10,61071,201,3938728,9408100
7720,11,21,61060,191,3938749,8765900
7721,9,7,61051,193,3938756,8632700
7722,11,5,61040,199,3938761,8843700
7723,4,15,61036,188,3938776,9252700
7724,8,6,61028,190,3938782,9027400
7725,5,8,61023,187,3938790,8805700
7726,10,11,61013,186,3938801,8656600
7727,6,9,61007,183,3938810,9130100
7728,10,8,60997,185,3938818,8759700
7729,10,8,60987,187,3938826,8737100
7730,12,11,60975,188,3938837,8969000
7731,11,10,60964,189,3938847,8738600
7732,9,17,60955,181,3938864,8992600
7733,6,8,60949,179,3938872,8973400
7734,8,8,60941,179,3938880,8610500
7735,5,4,60936,180,3938884,8834700
7736,13,12,60923,181,3938896,8624900
7737,7,11,60916,177,3938907,8820100
7738,14,7,60902,184,3938914,8448500
7739,11,9,60891,186,3938923,8845900
7740,12,14,60879,184,3938937,8770400
7741,10,11,60869,183,3938948,8601300
7742,8,8,60861,183,3938956,8679100
7743,9,5,60852,187,3938961,8736400
7744,12,3,60840,196,3938964,8600500
7745,6,10,60834,192,3938974,8815000
7746,7,7,60827,192,3938981,8684400
7747,5,9,60822,188,3938990,8528600
7748,6,11,60816,183,3939001,9399400
7749,5,8,60811,180,3939009,8730100
7750,10,7,60801,183,3939016,8698200
7751,7,10,60794,180,3939026,8638400
7752,4,12,60790,172,3939038,8580900
7753,11,4,60779,179,3939042,8951400
7754,10,9,60769,180,3939051,8701400
7755,11,11,60758,180,3939062,8866000
7756,8,10,60750,178,3939072,9021100
7757,9,5,60741,182,3939077,8942400
7758,7,9,60734,180,3939086,8911700
7759,7,10,60727,177,3939096,8856600
7760,6,11,60721,172,3939107,8757600
7761,9,12,60712,169,3939119,9138700
7762,3,9,60709,163,3939128,9283000
7763,7,10,60702,160,3939138,8660900
7764,6,5,60696,161,3939143,8593500
7765,3,11,60693,153,3939154,8394700
7766,5,9,60688,149,3939163,8602800
7767,6,6,60682,149,3939169,8354900
7768,6,7,60676,148,3939176,8524100
7769,7,9,60669,146,3939185,8470400
7770,6,10,60663,142,3939195,8607500
7771,2,7,60661,137,3939202,8596600
7772,5,8,60656,134,3939210,8325400
7773,7,9,60649,132,3939219,8237300
7774,1,3,60648,130,3939222,8527800
7775,10,14,60638,126,3939236,8347500
7776,3,8,60635,121,3939244,8951300
7777,5,4,60630,122,3939248,8557800
7778,4,4,60626,122,3939252,8599400
7779,3,4,60623,121,3939256,8511400
7780,7,9,60616,119,3939265,8367800
7781,5,7,60611,117,3939272,8327700
7782,9,4,60602,122,3939276,8547800
7783,3,3,60599,122,3939279,8701400
7784,4,10,60595,116,3939289,9250500
7785,9,4,60586,121,3939293,9269800
7786,3,9,60583,115,3939302,9203100
7787,4,7,60579,112,3939309,8714700
7788,7,5,60572,114,3939314,8760100
7789,7,6,60565,115,3939320,8541500
7790,6,8,60559,113,3939328,8584100
7791,7,3,60552,117,3939331,8868100
7792,4,10,60548,111,3939341,8674200
7793,6,8,60542,109,3939349,8586900
7794,5,3,60537,111,3939352,8310000
7795,6,6,60531,111,3939358,8551100
7796,0,5,60531,106,3939363,8562400
7797,10,5,60521,111,3939368,8507700
7798,6,6,60515,111,3939374,8678100
7799,3,4,60512,110,3939378,8422000
7800,2,10,60510,102,3939388,8433000
7801,5,5,60505,102,3939393,8293100
7802,5,4,60500,103,3939397,8592300
7803,6,4,60494,105,3939401,8533100
7804,5,2,60489,108,3939403,8306600
7805,9,6,60480,111,3939409,8572500
7806,2,3,60478,110,3939412,8863900
7807,6,6,60472,110,3939418,8406200
7808,3,6,60469,107,3939424,8464800
7809,3,4,60466,106,3939428,8295800
7810,4,2,60462,108,3939430,8325500
7811,5,5,60457,108,3939435,8349200
7812,3,6,60454,105,3939441,8567000
7813,5,3,60449,107,3939444,8622800
7814,2,3,60447,106,3939447,8475200
7815,0,8,60447,98,3939455,8649500
7816,5,7,60442,96,3939462,8726100
7817,5,6,60437,95,3939468,8817600
7818,8,10,60429,93,3939478,9503800
7819,1,4,60428,90,3939482,8655800
7820,4,4,60424,90,3939486,8647600
7821,6,3,60418,93,3939489,8361300
7822,0,1,60418,92,3939490,9411600
7823,2,6,60416,88,3939496,8468300
7824,3,5,60413,86,3939501,8598900
7825,6,8,60407,84,3939509,8371300
7826,2,8,60405,78,3939517,8288300
7827,4,1,60401,81,3939518,8281200
7828,2,3,60399,80,3939521,8294400
7829,0,1,60399,79,3939522,8291400
7830,1,5,60398,75,3939527,8479600
7831,0,5,60398,70,3939532,8755100
7832,1,1,60397,70,3939533,9062900
7833,1,4,60396,67,3939537,8574300
7834,1,3,60395,65,3939540,8700900
7835,3,2,60392,66,3939542,8737900
7836,3,7,60389,62,3939549,8696600
7837,0,3,60389,59,3939552,9431300
7838,1,6,60388,54,3939558,9287100
7839,1,3,60387,52,3939561,8769000
7840,2,1,60385,53,3939562,8782100
7841,1,6,60384,48,3939568,8730700
7842,0,3,60384,45,3939571,8910400
7843,0,1,60384,44,3939572,9498700
7844,1,2,60383,43,3939574,8807200
7845,0,1,60383,42,3939575,8656100
7846,0,3,60383,39,3939578,8989400
7847,1,2,60382,38,3939580,8647700
7848,0,2,60382,36,3939582,8559200
7849,0,0,60382,36,3939582,8609400
7850,1,5,60381,32,3939587,8560900
7851,1,1,60380,32,3939588,8582500
7852,0,3,60380,29,3939591,8522800
7853,0,1,60380,28,3939592,8551100
7854,1,3,60379,26,3939595,8573800
7855,0,1,60379,25,3939596,8527100
7856,1,5,60378,21,3939601,8734000
7857,0,1,60378,20,3939602,8532400
7858,0,0,60378,20,3939602,8440200
7859,0,1,60378,19,3939603,9087800
7860,0,1,60378,18,3939604,8504600
7861,0,0,60378,18,3939604,8470500
7862,0,0,60378,18,3939604,8651300
7863,0,1,60378,17,3939605,8569400
7864,0,0,60378,17,3939605,8533300
7865,0,3,60378,14,3939608,8564800
7866,1,0,60377,15,3939608,8414800
7867,0,1,60377,14,3939609,8358100
7868,0,2,60377,12,3939611,8388300
7869,0,1,60377,11,3939612,8308900
7870,0,2,60377,9,3939614,8479900
7871,0,2,60377,7,3939616,8412700
7872,0,0,60377,7,3939616,8367200
7873,0,0,60377,7,3939616,8403600
7874,0,1,60377,6,3939617,9127000
7875,0,0,60377,6,3939617,8741600
7876,0,0,60377,6,3939617,8901300
7877,0,1,60377,5,3939618,8823100
7878,0,0,60377,5,3939618,8752000
7879,0,1,60377,4,3939619,8353900
7880,0,0,60377,4,3939619,8468300
7881,0,1,60377,3,3939620,8344800
7882,0,0,60377,3,3939620,8447800
7883,0,0,60377,3,3939620,8836800
7884,0,0,60377,3,3939620,8650800
7885,0,0,60377,3,3939620,8555000
7886,0,0,60377,3,3939620,8721800
7887,0,0,60377,3,3939620,8864200
7888,0,0,60377,3,3939620,8641300
7889,0,0,60377,3,3939620,8734100
7890,0,0,60377,3,3939620,8490900
7891,0,1,60377,2,3939621,8718100
7892,0,1,60377,1,3939622,8594100
7893,0,0,60377,1,3939622,8831900
7894,0,0,60377,1,3939622,8561300
7895,0,0,60377,1,3939622,8437000
7896,0,0,60377,1,3939622,8452200
7897,0,0,60377,1,3939622,8882300
7898,0,0,60377,1,3939622,8652000
7899,0,0,60377,1,3939622,8563500
7900,0,0,60377,1,3939622,8888300
7901,0,0,60377,1,3939622,9343700
7902,0,0,60377,1,3939622,8794400
7903,0,0,60377,1,3939622,8648100
7904,0,0,60377,1,3939622,8342300
7905,0,0,60377,1,3939622,8326300
7906,0,0,60377,1,3939622,8451100
7907,0,0,60377,1,3939622,8371200
7908,0,0,60377,1,3939622,8255000
7909,0,0,60377,1,3939622,8842800
7910,0,0,60377,1,3939622,8333200
7911,0,0,60377,1,3939622,8443900
7912,0,0,60377,1,3939622,8403200
7913,0,0,60377,1,3939622,8331200
7914,0,0,60377,1,3939622,8322900
7915,0,0,60377,1,3939622,8483400
7916,0,0,60377,1,3939622,8351100
7917,0,0,60377,1,3939622,8291300
7918,0,0,60377,1,3939622,8400500
7919,0,0,60377,1,3939622,8273400
7920,0,0,60377,1,3939622,8586200
7921,0,0,60377,1,3939622,8261900
7922,0,0,60377,1,3939622,8404300
7923,0,0,60377,1,3939622,8184600
7924,0,0,60377,1,3939622,8695900
7925,0,0,60377,1,3939622,8425900
7926,0,0,60377,1,3939622,8420400
7927,0,0,60377,1,3939622,8431300
7928,0,0,60377,1,3939622,8875700
7929,0,0,60377,1,3939622,8295900
7930,0,0,60377,1,3939622,8398600
7931,0,0,60377,1,3939622,8341000
7932,0,0,60377,1,3939622,8406100
7933,0,0,60377,1,3939622,8675900
7934,0,0,60377,1,3939622,8776400
7935,0,0,60377,1,3939622,8497800
7936,0,1,60377,0,3939623,8633000
