Tick,NewlyInfected,NewlyRecovered,TotalSusceptible,TotalInfected,TotalRecovered,StepTimeNanos
0,1,0,3999994,6,0,9488600
1,3,0,3999991,9,0,8944600
2,2,0,3999989,11,0,8790300
3,3,0,3999986,14,0,9087000
4,1,1,3999985,14,1,9581300
5,7,0,3999978,21,1,8910500
6,2,1,3999976,22,2,9079100
7,1,1,3999975,22,3,8832600
8,4,1,3999971,25,4,8712200
9,6,1,3999965,30,5,8114800
10,2,2,3999963,30,7,8078700
11,5,1,3999958,34,8,8033800
12,3,1,3999955,36,9,7864800
13,8,3,3999947,41,12,7974400
14,7,1,3999940,47,13,8273300
15,5,6,3999935,46,19,9084600
16,9,0,3999926,55,19,8432900
17,13,0,3999913,68,19,7980500
18,5,4,3999908,69,23,8266600
19,7,4,3999901,72,27,9486300
20,5,2,3999896,75,29,7837000
21,8,3,3999888,80,32,7853500
22,7,5,3999881,82,37,9393400
23,12,4,3999869,90,41,7695300
24,12,1,3999857,101,42,7618200
25,9,5,3999848,105,47,7875600
26,15,4,3999833,116,51,7710900
27,13,8,3999820,121,59,7833900
28,7,5,3999813,123,64,7907400
29,8,6,3999805,125,70,7650100
30,8,10,3999797,123,80,7559900
31,10,4,3999787,129,84,7696900
32,13,12,3999774,130,96,7959100
33,14,8,3999760,136,104,7711700
34,16,15,3999744,137,119,8438900
35,12,6,3999732,143,125,7786900
36,17,3,3999715,157,128,7734400
37,18,7,3999697,168,135,7783700
38,17,8,3999680,177,143,7738400
39,24,5,3999656,196,148,7904900
40,16,7,3999640,205,155,8247300
41,23,11,3999617,217,166,8205600
42,26,11,3999591,232,177,8098500
43,21,15,3999570,238,192,8376000
44,16,9,3999554,245,201,8530300
45,21,14,3999533,252,215,8600400
46,18,11,3999515,259,226,8200900
47,23,15,3999492,267,241,8190200
48,24,9,3999468,282,250,8470900
49,17,17,3999451,282,267,8295000
50,22,11,3999429,293,278,8460300
51,18,10,3999411,301,288,8452800
52,27,11,3999384,317,299,8704200
53,19,14,3999365,322,313,9360900
54,32,18,3999333,336,331,8429500
55,36,17,3999297,355,348,8554300
56,26,8,3999271,373,356,9045000
57,29,13,3999242,389,369,8457700
58,35,19,3999207,405,388,8337100
59,31,21,3999176,415,409,8099900
60,33,18,3999143,430,427,8295800
61,36,19,3999107,447,446,8101600
62,28,21,3999079,454,467,8033300
63,35,29,3999044,460,496,8062000
64,52,33,3998992,479,529,8033000
65,41,28,3998951,492,557,8157300
66,39,21,3998912,510,578,8046300
67,43,24,3998869,529,602,8004300
68,42,19,3998827,552,621,8248100
69,40,19,3998787,573,640,8018900
70,52,24,3998735,601,664,8005500
71,55,29,3998680,627,693,8132800
72,55,31,3998625,651,724,8284400
73,48,19,3998577,680,743,8034100
74,47,38,3998530,689,781,8035200
75,42,33,3998488,698,814,8266700
76,42,38,3998446,702,852,8155500
77,52,28,3998394,726,880,8372300
78,42,37,3998352,731,917,8177400
79,61,33,3998291,759,950,8198000
80,55,44,3998236,770,994,8126800
81,59,36,3998177,793,1030,8274800
82,49,53,3998128,789,1083,8235100
83,36,30,3998092,795,1113,7972400
84,60,32,3998032,823,1145,8228300
85,60,42,3997972,841,1187,8503400
86,53,39,3997919,855,1226,8514100
87,52,48,3997867,859,1274,8194200
88,48,34,3997819,873,1308,8242700
89,61,35,3997758,899,1343,8164800
90,63,48,3997695,914,1391,7949400
91,67,42,3997628,939,1433,7983700
92,56,51,3997572,944,1484,8241600
93,43,51,3997529,936,1535,7803600
94,65,44,3997464,957,1579,7819300
95,55,39,3997409,973,1618,8439300
96,54,44,3997355,983,1662,7905600
97,69,46,3997286,1006,1708,7916000
98,71,56,3997215,1021,1764,7772300
99,60,59,3997155,1022,1823,7716100
100,57,58,3997098,1021,1881,7630500
101,66,52,3997032,1035,1933,7736200
102,73,54,3996959,1054,1987,7743800
103,81,43,3996878,1092,2030,7744100
104,71,59,3996807,1104,2089,7894200
105,83,56,3996724,1131,2145,8058400
106,76,55,3996648,1152,2200,7935700
107,73,54,3996575,1171,2254,8318100
108,72,60,3996503,1183,2314,8269400
109,65,62,3996438,1186,2376,8330400
110,81,52,3996357,1215,2428,8703000
111,85,50,3996272,1250,2478,8378700
112,77,75,3996195,1252,2553,7805800
113,69,68,3996126,1253,2621,7704600
114,83,73,3996043,1263,2694,7977300
115,71,54,3995972,1280,2748,8393800
116,71,49,3995901,1302,2797,8033800
117,77,71,3995824,1308,2868,7954100
118,83,53,3995741,1338,2921,7825900
119,68,67,3995673,1339,2988,8062900
120,74,63,3995599,1350,3051,8170000
121,85,56,3995514,1379,3107,7958500
122,80,73,3995434,1386,3180,7913800
123,89,71,3995345,1404,3251,7803600
124,87,81,3995258,1410,3332,8237300
125,96,77,3995162,1429,3409,8279000
126,93,71,3995069,1451,3480,8565600
127,88,80,3994981,1459,3560,8176100
128,79,60,3994902,1478,3620,8147500
129,91,67,3994811,1502,3687,7899300
130,95,66,3994716,1531,3753,7962700
131,101,64,3994615,1568,3817,8073700
132,98,98,3994517,1568,3915,8122900
133,87,65,3994430,1590,3980,8089400
134,96,77,3994334,1609,4057,8203800
135,89,72,3994245,1626,4129,8096100
136,71,60,3994174,1637,4189,8088800
137,99,66,3994075,1670,4255,8169100
138,102,72,3993973,1700,4327,8057400
139,92,71,3993881,1721,4398,8424300
140,91,73,3993790,1739,4471,8304600
141,95,84,3993695,1750,4555,7832900
142,106,99,3993589,1757,4654,7730200
143,102,77,3993487,1782,4731,7606800
144,97,87,3993390,1792,4818,8030000
145,103,85,3993287,1810,4903,7973200
146,108,86,3993179,1832,4989,7931200
147,97,101,3993082,1828,5090,7924200
148,96,88,3992986,1836,5178,7791700
149,108,100,3992878,1844,5278,7800100
150,119,103,3992759,1860,5381,7753200
151,79,87,3992680,1852,5468,8003600
152,107,86,3992573,1873,5554,7666900
153,110,93,3992463,1890,5647,7849800
154,112,95,3992351,1907,5742,7825100
155,102,106,3992249,1903,5848,7793000
156,125,85,3992124,1943,5933,8193300
157,106,97,3992018,1952,6030,8458900
158,119,97,3991899,1974,6127,7760300
159,120,92,3991779,2002,6219,7830100
160,112,87,3991667,2027,6306,7934400
161,117,106,3991550,2038,6412,7769100
162,132,100,3991418,2070,6512,7691600
163,113,92,3991305,2091,6604,7662300
164,122,100,3991183,2113,6704,7827400
165,114,113,3991069,2114,6817,7968700
166,138,117,3990931,2135,6934,8012500
167,106,94,3990825,2147,7028,8092400
168,107,96,3990718,2158,7124,8180900
169,127,107,3990591,2178,7231,8481500
170,118,118,3990473,2178,7349,8025400
171,121,108,3990352,2191,7457,7813600
172,115,99,3990237,2207,7556,7699600
173,132,113,3990105,2226,7669,7633200
174,127,121,3989978,2232,7790,8039500
175,136,107,3989842,2261,7897,8710900
176,134,127,3989708,2268,8024,8143800
177,124,133,3989584,2259,8157,8054900
178,124,94,3989460,2289,8251,7793300
179,142,123,3989318,2308,8374,7782900
180,124,115,3989194,2317,8489,7819900
181,144,128,3989050,2333,8617,7826100
182,130,122,3988920,2341,8739,8122600
183,121,130,3988799,2332,8869,8122100
184,141,113,3988658,2360,8982,7819100
185,120,126,3988538,2354,9108,7752600
186,113,117,3988425,2350,9225,7604000
187,124,125,3988301,2349,9350,7752800
188,129,123,3988172,2355,9473,8338900
189,146,117,3988026,2384,9590,8331200
190,125,103,3987901,2406,9693,8068600
191,122,118,3987779,2410,9811,8083400
192,133,140,3987646,2403,9951,7993600
193,145,132,3987501,2416,10083,8346400
194,137,126,3987364,2427,10209,8198200
195,149,128,3987215,2448,10337,8037400
196,150,123,3987065,2475,10460,8088100
197,136,129,3986929,2482,10589,8035000
198,152,156,3986777,2478,10745,7940900
199,143,133,3986634,2488,10878,8210900
200,166,137,3986468,2517,11015,8250700
201,158,145,3986310,2530,11160,8197600
202,146,126,3986164,2550,11286,8098000
203,140,122,3986024,2568,11408,7991300
204,148,131,3985876,2585,11539,8033400
205,137,143,3985739,2579,11682,8063300
206,163,118,3985576,2624,11800,7949800
207,144,136,3985432,2632,11936,7940000
208,174,143,3985258,2663,12079,8053200
209,160,133,3985098,2690,12212,7824500
210,163,131,3984935,2722,12343,8141100
211,163,142,3984772,2743,12485,8165500
212,167,135,3984605,2775,12620,8192200
213,154,143,3984451,2786,12763,8337000
214,168,149,3984283,2805,12912,8575000
215,177,141,3984106,2841,13053,8006800
216,167,124,3983939,2884,13177,7950200
217,163,136,3983776,2911,13313,8117800
218,163,134,3983613,2940,13447,8242500
219,186,147,3983427,2979,13594,8137100
220,188,158,3983239,3009,13752,8119200
221,189,160,3983050,3038,13912,7802000
222,192,146,3982858,3084,14058,7995600
223,186,165,3982672,3105,14223,7631000
224,184,140,3982488,3149,14363,7641900
225,199,150,3982289,3198,14513,7926900
226,194,154,3982095,3238,14667,8009000
227,184,173,3981911,3249,14840,7884100
228,201,172,3981710,3278,15012,7757800
229,190,158,3981520,3310,15170,7621200
230,200,142,3981320,3368,15312,7600600
231,182,169,3981138,3381,15481,7805500
232,205,180,3980933,3406,15661,8195000
233,192,186,3980741,3412,15847,8086200
234,172,146,3980569,3438,15993,7846100
235,158,162,3980411,3434,16155,7661500
236,195,182,3980216,3447,16337,7836300
237,193,191,3980023,3449,16528,7837500
238,196,165,3979827,3480,16693,8017900
239,197,173,3979630,3504,16866,8166700
240,205,191,3979425,3518,17057,8317300
241,192,157,3979233,3553,17214,8064200
242,182,196,3979051,3539,17410,8014600
243,191,185,3978860,3545,17595,7803600
244,180,184,3978680,3541,17779,7852000
245,191,173,3978489,3559,17952,7960900
246,175,172,3978314,3562,18124,7865200
247,183,163,3978131,3582,18287,7711800
248,175,192,3977956,3565,18479,7786200
249,163,166,3977793,3562,18645,7758400
250,188,167,3977605,3583,18812,7754400
251,174,173,3977431,3584,18985,7706800
252,174,165,3977257,3593,19150,7813200
253,202,181,3977055,3614,19331,8088100
254,201,185,3976854,3630,19516,8384500
255,189,207,3976665,3612,19723,7881700
256,210,171,3976455,3651,19894,7979400
257,183,192,3976272,3642,20086,7748900
258,192,189,3976080,3645,20275,7798700
259,187,183,3975893,3649,20458,7848300
260,199,177,3975694,3671,20635,8161000
261,189,199,3975505,3661,20834,8022700
262,197,211,3975308,3647,21045,7886900
263,190,181,3975118,3656,21226,8359500
264,197,203,3974921,3650,21429,8163500
265,206,188,3974715,3668,21617,7925700
266,208,164,3974507,3712,21781,7880400
267,183,188,3974324,3707,21969,8160200
268,194,187,3974130,3714,22156,7815600
269,184,184,3973946,3714,22340,8250500
270,194,179,3973752,3729,22519,8150100
271,232,219,3973520,3742,22738,7945800
272,206,214,3973314,3734,22952,7875800
273,214,202,3973100,3746,23154,7882900
274,218,177,3972882,3787,23331,7919300
275,222,209,3972660,3800,23540,7809600
276,219,205,3972441,3814,23745,7795800
277,212,218,3972229,3808,23963,7895500
278,193,178,3972036,3823,24141,8188800
279,205,204,3971831,3824,24345,8047200
280,205,176,3971626,3853,24521,8060100
281,213,191,3971413,3875,24712,7978600
282,211,163,3971202,3923,24875,7854300
283,197,186,3971005,3934,25061,7732700
284,229,205,3970776,3958,25266,7729600
285,222,210,3970554,3970,25476,7716300
286,236,207,3970318,3999,25683,7631500
287,241,188,3970077,4052,25871,7749200
288,225,227,3969852,4050,26098,7939900
289,222,209,3969630,4063,26307,8179300
290,212,216,3969418,4059,26523,7787300
291,228,213,3969190,4074,26736,7941900
292,233,226,3968957,4081,26962,7791600
293,235,189,3968722,4127,27151,7789400
294,224,219,3968498,4132,27370,7818300
295,230,205,3968268,4157,27575,7822600
296,236,220,3968032,4173,27795,8208600
297,229,202,3967803,4200,27997,7971000
298,231,219,3967572,4212,28216,7801200
299,211,217,3967361,4206,28433,7907700
300,239,201,3967122,4244,28634,7993300
301,244,235,3966878,4253,28869,8001700
302,238,189,3966640,4302,29058,8205500
303,252,220,3966388,4334,29278,8312000
304,261,166,3966127,4429,29444,8268700
305,259,225,3965868,4463,29669,7978500
306,224,231,3965644,4456,29900,8066500
307,254,232,3965390,4478,30132,7804100
308,253,230,3965137,4501,30362,7735200
309,239,252,3964898,4488,30614,7697300
310,228,224,3964670,4492,30838,7655700
311,263,242,3964407,4513,31080,8047900
312,269,198,3964138,4584,31278,7727500
313,272,265,3963866,4591,31543,7807600
314,289,215,3963577,4665,31758,7964600
315,265,205,3963312,4725,31963,7812200
316,271,244,3963041,4752,32207,7746100
317,277,269,3962764,4760,32476,7906800
318,256,224,3962508,4792,32700,7905100
319,240,269,3962268,4763,32969,7885800
320,274,224,3961994,4813,33193,7953300
321,248,228,3961746,4833,33421,8211400
322,274,233,3961472,4874,33654,8289400
323,279,229,3961193,4924,33883,8284500
324,264,257,3960929,4931,34140,8371200
325,255,225,3960674,4961,34365,8401100
326,266,253,3960408,4974,34618,8298600
327,264,253,3960144,4985,34871,8152100
328,251,243,3959893,4993,35114,8094100
329,283,249,3959610,5027,35363,7979900
330,284,244,3959326,5067,35607,8066200
331,289,264,3959037,5092,35871,7946800
332,248,255,3958789,5085,36126,7984000
333,247,241,3958542,5091,36367,8051000
334,264,259,3958278,5096,36626,7907300
335,269,229,3958009,5136,36855,7980600
336,274,271,3957735,5139,37126,8019900
337,293,293,3957442,5139,37419,7991700
338,273,261,3957169,5151,37680,7923900
339,289,240,3956880,5200,37920,8046900
340,275,250,3956605,5225,38170,8125000
341,280,276,3956325,5229,38446,7967300
342,282,253,3956043,5258,38699,8190400
343,231,238,3955812,5251,38937,7996800
344,279,260,3955533,5270,39197,7883800
345,298,266,3955235,5302,39463,8074400
346,275,290,3954960,5287,39753,8459900
347,255,246,3954705,5296,39999,8112100
348,269,261,3954436,5304,40260,7843500
349,269,289,3954167,5284,40549,7817100
350,275,291,3953892,5268,40840,7817800
351,280,262,3953612,5286,41102,7775900
352,299,275,3953313,5310,41377,7791700
353,289,228,3953024,5371,41605,7824900
354,274,279,3952750,5366,41884,7820200
355,267,237,3952483,5396,42121,7929900
356,268,286,3952215,5378,42407,7914100
357,300,260,3951915,5418,42667,7779200
358,292,285,3951623,5425,42952,7914600
359,268,277,3951355,5416,43229,8444000
360,297,269,3951058,5444,43498,7971100
361,293,272,3950765,5465,43770,8221100
362,262,266,3950503,5461,44036,8015500
363,300,248,3950203,5513,44284,7840000
364,289,252,3949914,5550,44536,7854100
365,277,263,3949637,5564,44799,7958600
366,298,297,3949339,5565,45096,7936900
367,269,262,3949070,5572,45358,7902300
368,292,281,3948778,5583,45639,8246600
369,278,307,3948500,5554,45946,8031700
370,311,266,3948189,5599,46212,7840900
371,342,289,3947847,5652,46501,7833600
372,258,282,3947589,5628,46783,7738600
373,249,278,3947340,5599,47061,7898000
374,312,303,3947028,5608,47364,7764500
375,307,288,3946721,5627,47652,7847600
376,274,292,3946447,5609,47944,7918200
377,296,280,3946151,5625,48224,7899900
378,310,270,3945841,5665,48494,7769900
379,290,250,3945551,5705,48744,7823400
380,278,303,3945273,5680,49047,8064700
381,309,273,3944964,5716,49320,7993300
382,298,280,3944666,5734,49600,7946400
383,333,302,3944333,5765,49902,8149900
384,344,282,3943989,5827,50184,7786200
385,284,289,3943705,5822,50473,8068600
386,294,276,3943411,5840,50749,8407000
387,282,262,3943129,5860,51011,8070500
388,326,291,3942803,5895,51302,7807100
389,317,292,3942486,5920,51594,7738400
390,286,293,3942200,5913,51887,8154200
391,316,281,3941884,5948,52168,8124900
392,278,291,3941606,5935,52459,8177000
393,297,309,3941309,5923,52768,8110800
394,318,284,3940991,5957,53052,8240900
395,304,312,3940687,5949,53364,7933900
396,299,304,3940388,5944,53668,7911600
397,286,297,3940102,5933,53965,7901100
398,303,293,3939799,5943,54258,8362600
399,360,303,3939439,6000,54561,7924500
400,318,309,3939121,6009,54870,8064100
401,317,294,3938804,6032,55164,7750700
402,302,302,3938502,6032,55466,7796000
403,303,324,3938199,6011,55790,7873300
404,299,313,3937900,5997,56103,7902600
405,286,299,3937614,5984,56402,7865200
406,294,316,3937320,5962,56718,7943600
407,304,315,3937016,5951,57033,7942700
408,308,334,3936708,5925,57367,7882000
409,299,316,3936409,5908,57683,7963300
410,308,308,3936101,5908,57991,8071900
411,295,311,3935806,5892,58302,8191200
412,307,290,3935499,5909,58592,8119300
413,339,298,3935160,5950,58890,8151000
414,279,300,3934881,5929,59190,8209600
415,301,265,3934580,5965,59455,8332900
416,309,312,3934271,5962,59767,8155200
417,304,294,3933967,5972,60061,8709400
418,299,293,3933668,5978,60354,7887300
419,314,315,3933354,5977,60669,7800400
420,277,296,3933077,5958,60965,8053200
421,319,262,3932758,6015,61227,7809600
422,324,281,3932434,6058,61508,7768900
423,302,314,3932132,6046,61822,7863300
424,323,305,3931809,6064,62127,7852900
425,328,282,3931481,6110,62409,8053200
426,321,300,3931160,6131,62709,8095900
427,353,316,3930807,6168,63025,8570100
428,342,328,3930465,6182,63353,7935100
429,309,316,3930156,6175,63669,7811800
430,333,279,3929823,6229,63948,7849000
431,304,326,3929519,6207,64274,8084200
432,332,312,3929187,6227,64586,8265100
433,326,305,3928861,6248,64891,8075700
434,319,255,3928542,6312,65146,8561200
435,320,305,3928222,6327,65451,8250100
436,367,327,3927855,6367,65778,7942000
437,302,304,3927553,6365,66082,8013800
438,342,311,3927211,6396,66393,7976200
439,368,319,3926843,6445,66712,7941300
440,347,332,3926496,6460,67044,7700800
441,314,295,3926182,6479,67339,7653100
442,339,338,3925843,6480,67677,8449000
443,346,310,3925497,6516,67987,8063400
444,322,323,3925175,6515,68310,7918600
445,350,328,3924825,6537,68638,7700900
446,312,347,3924513,6502,68985,7685700
447,335,317,3924178,6520,69302,7727100
448,352,315,3923826,6557,69617,7784400
449,326,318,3923500,6565,69935,7774900
450,346,365,3923154,6546,70300,7961700
451,345,349,3922809,6542,70649,7808200
452,339,319,3922470,6562,70968,7847200
453,332,331,3922138,6563,71299,7857200
454,355,322,3921783,6596,71621,7967200
455,366,379,3921417,6583,72000,7921500
456,322,312,3921095,6593,72312,8256100
457,345,291,3920750,6647,72603,8102600
458,303,364,3920447,6586,72967,7850400
459,338,335,3920109,6589,73302,8075900
460,389,332,3919720,6646,73634,8138800
461,334,313,3919386,6667,73947,7937300
462,328,347,3919058,6648,74294,8038100
463,341,358,3918717,6631,74652,7937200
464,319,321,3918398,6629,74973,8019200
465,369,340,3918029,6658,75313,8198800
466,393,304,3917636,6747,75617,8268600
467,371,346,3917265,6772,75963,7979700
468,378,321,3916887,6829,76284,7900500
469,380,338,3916507,6871,76622,8086000
470,371,311,3916136,6931,76933,8137700
471,364,343,3915772,6952,77276,8327400
472,354,328,3915418,6978,77604,7964000
473,377,374,3915041,6981,77978,7866400
474,357,342,3914684,6996,78320,8158400
475,335,362,3914349,6969,78682,7931800
476,380,314,3913969,7035,78996,8021800
477,358,364,3913611,7029,79360,7912900
478,358,347,3913253,7040,79707,8507300
479,362,340,3912891,7062,80047,7941800
480,388,343,3912503,7107,80390,8566100
481,342,345,3912161,7104,80735,7977100
482,381,388,3911780,7097,81123,7841500
483,368,351,3911412,7114,81474,8004100
484,380,360,3911032,7134,81834,8000600
485,365,375,3910667,7124,82209,7847900
486,366,360,3910301,7130,82569,7953400
487,367,356,3909934,7141,82925,8166600
488,353,382,3909581,7112,83307,7854300
489,372,379,3909209,7105,83686,7840400
490,360,371,3908849,7094,84057,7832900
491,365,364,3908484,7095,84421,7837300
492,362,371,3908122,7086,84792,7847700
493,346,343,3907776,7089,85135,8022100
494,390,361,3907386,7118,85496,8073200
495,397,369,3906989,7146,85865,8052000
496,408,366,3906581,7188,86231,8150600
497,399,390,3906182,7197,86621,7911200
498,354,337,3905828,7214,86958,7895800
499,378,371,3905450,7221,87329,7904300
500,365,357,3905085,7229,87686,8394600
501,350,375,3904735,7204,88061,8270000
502,380,355,3904355,7229,88416,8114100
503,374,392,3903981,7211,88808,8258800
504,393,349,3903588,7255,89157,7880100
505,402,335,3903186,7322,89492,7980900
506,388,366,3902798,7344,89858,7980900
507,392,358,3902406,7378,90216,8188400
508,372,388,3902034,7362,90604,8095200
509,388,401,3901646,7349,91005,7928700
510,386,344,3901260,7391,91349,7821800
511,383,354,3900877,7420,91703,7866600
512,380,378,3900497,7422,92081,7908400
513,370,368,3900127,7424,92449,8557800
514,407,385,3899720,7446,92834,7876500
515,386,356,3899334,7476,93190,7976500
516,375,372,3898959,7479,93562,7812000
517,411,373,3898548,7517,93935,7946500
518,381,332,3898167,7566,94267,7923700
519,381,398,3897786,7549,94665,8185100
520,377,352,3897409,7574,95017,8126300
521,392,392,3897017,7574,95409,8193300
522,374,354,3896643,7594,95763,8177600
523,396,379,3896247,7611,96142,7989600
524,397,351,3895850,7657,96493,8104500
525,382,382,3895468,7657,96875,7996400
526,412,366,3895056,7703,97241,7865600
527,384,366,3894672,7721,97607,7781300
528,401,402,3894271,7720,98009,7977500
529,442,405,3893829,7757,98414,8021500
530,430,344,3893399,7843,98758,8010900
531,414,415,3892985,7842,99173,7757500
532,390,378,3892595,7854,99551,8283200
533,370,409,3892225,7815,99960,7851100
534,399,412,3891826,7802,100372,7888700
535,404,388,3891422,7818,100760,7883300
536,420,407,3891002,7831,101167,7896400
537,383,358,3890619,7856,101525,8645500
538,380,397,3890239,7839,101922,7894800
539,372,366,3889867,7845,102288,7971200
540,400,382,3889467,7863,102670,7918300
541,370,403,3889097,7830,103073,7873200
542,375,390,3888722,7815,103463,7972100
543,425,392,3888297,7848,103855,8273100
544,411,366,3887886,7893,104221,8203100
545,431,392,3887455,7932,104613,8101700
546,421,367,3887034,7986,104980,8393900
547,422,393,3886612,8015,105373,8315600
548,428,425,3886184,8018,105798,8094600
549,448,392,3885736,8074,106190,8098800
550,425,420,3885311,8079,106610,8023300
551,411,420,3884900,8070,107030,7812400
552,421,388,3884479,8103,107418,7992100
553,430,428,3884049,8105,107846,7847900
554,451,431,3883598,8125,108277,7788900
555,431,433,3883167,8123,108710,7794600
556,417,398,3882750,8142,109108,7757300
557,425,370,3882325,8197,109478,7868000
558,443,380,3881882,8260,109858,7846500
559,435,403,3881447,8292,110261,8452400
560,416,422,3881031,8286,110683,8565700
561,427,429,3880604,8284,111112,8360000
562,425,420,3880179,8289,111532,8227500
563,434,415,3879745,8308,111947,7877700
564,451,407,3879294,8352,112354,7810500
565,421,424,3878873,8349,112778,8094100
566,444,415,3878429,8378,113193,8459400
567,401,432,3878028,8347,113625,8042200
568,444,406,3877584,8385,114031,7946600
569,438,403,3877146,8420,114434,7937900
570,459,442,3876687,8437,114876,7896600
571,447,431,3876240,8453,115307,8131300
572,452,455,3875788,8450,115762,7958300
573,464,418,3875324,8496,116180,7945600
574,421,433,3874903,8484,116613,8182000
575,436,421,3874467,8499,117034,7916600
576,480,410,3873987,8569,117444,7912200
577,462,422,3873525,8609,117866,7911500
578,445,450,3873080,8604,118316,7831900
579,446,450,3872634,8600,118766,7922200
580,453,441,3872181,8612,119207,7922300
581,454,443,3871727,8623,119650,8257300
582,445,398,3871282,8670,120048,8100700
583,435,430,3870847,8675,120478,8180800
584,434,440,3870413,8669,120918,8076800
585,405,436,3870008,8638,121354,8296300
586,454,415,3869554,8677,121769,8694600
587,442,432,3869112,8687,122201,8045700
588,460,448,3868652,8699,122649,8018300
589,417,424,3868235,8692,123073,8211300
590,467,455,3867768,8704,123528,7970700
591,407,456,3867361,8655,123984,7916900
592,449,459,3866912,8645,124443,8846300
593,440,459,3866472,8626,124902,8322000
594,456,387,3866016,8695,125289,8531600
595,439,431,3865577,8703,125720,8394100
596,464,462,3865113,8705,126182,8806300
597,458,443,3864655,8720,126625,8239800
598,448,433,3864207,8735,127058,8121600
599,475,441,3863732,8769,127499,8232000
600,458,392,3863274,8835,127891,8485800
601,475,448,3862799,8862,128339,8522300
602,451,472,3862348,8841,128811,8267400
603,474,416,3861874,8899,129227,8516600
604,446,444,3861428,8901,129671,8472000
605,482,436,3860946,8947,130107,8623800
606,477,431,3860469,8993,130538,8293000
607,439,442,3860030,8990,130980,8216000
608,433,464,3859597,8959,131444,8636200
609,474,457,3859123,8976,131901,8391800
610,483,450,3858640,9009,132351,8269500
611,495,439,3858145,9065,132790,8695400
612,436,430,3857709,9071,133220,8354800
613,519,452,3857190,9138,133672,8554900
614,455,476,3856735,9117,134148,7994100
615,485,473,3856250,9129,134621,8160700
616,475,481,3855775,9123,135102,8205000
617,463,472,3855312,9114,135574,8374800
618,471,496,3854841,9089,136070,8716000
619,413,456,3854428,9046,136526,8173500
620,429,436,3853999,9039,136962,8205000
621,456,483,3853543,9012,137445,8692700
622,478,475,3853065,9015,137920,8229500
623,464,432,3852601,9047,138352,8236100
624,422,463,3852179,9006,138815,8723000
625,441,436,3851738,9011,139251,8312800
626,477,472,3851261,9016,139723,8138600
627,485,488,3850776,9013,140211,8926400
628,429,493,3850347,8949,140704,8085800
629,475,474,3849872,8950,141178,8846900
630,487,419,3849385,9018,141597,8157500
631,479,439,3848906,9058,142036,8341300
632,471,452,3848435,9077,142488,8227300
633,439,460,3847996,9056,142948,8125600
634,445,448,3847551,9053,143396,8204800
635,491,455,3847060,9089,143851,8474600
636,457,449,3846603,9097,144300,8672800
637,510,449,3846093,9158,144749,7973400
638,452,448,3845641,9162,145197,8528300
639,462,458,3845179,9166,145655,8709500
640,454,486,3844725,9134,146141,8472600
641,488,479,3844237,9143,146620,8230900
642,513,459,3843724,9197,147079,7928400
643,498,457,3843226,9238,147536,8134200
644,529,485,3842697,9282,148021,8383600
645,498,465,3842199,9315,148486,8647900
646,443,448,3841756,9310,148934,7978500
647,467,489,3841289,9288,149423,8738200
648,465,448,3840824,9305,149871,8009900
649,431,445,3840393,9291,150316,8317500
650,462,485,3839931,9268,150801,8666700
651,469,429,3839462,9308,151230,8347400
652,478,455,3838984,9331,151685,8011700
653,474,484,3838510,9321,152169,8766500
654,484,469,3838026,9336,152638,8548500
655,455,450,3837571,9341,153088,8491500
656,476,446,3837095,9371,153534,8399900
657,490,496,3836605,9365,154030,8399200
658,500,533,3836105,9332,154563,8797800
659,449,484,3835656,9297,155047,8089400
660,523,403,3835133,9417,155450,8230900
661,499,440,3834634,9476,155890,8153300
662,506,446,3834128,9536,156336,8079100
663,486,464,3833642,9558,156800,8346200
664,522,466,3833120,9614,157266,8178200
665,519,518,3832601,9615,157784,8446900
666,484,482,3832117,9617,158266,8041700
667,504,470,3831613,9651,158736,8086900
668,497,504,3831116,9644,159240,8154500
669,488,496,3830628,9636,159736,7941200
670,500,505,3830128,9631,160241,8207500
671,481,484,3829647,9628,160725,8300300
672,503,502,3829144,9629,161227,8816500
673,525,499,3828619,9655,161726,8382500
674,533,490,3828086,9698,162216,8444900
675,514,465,3827572,9747,162681,7992400
676,564,463,3827008,9848,163144,7945800
677,565,481,3826443,9932,163625,8559800
678,532,522,3825911,9942,164147,8310400
679,565,497,3825346,10010,164644,8239700
680,526,540,3824820,9996,165184,7970700
681,517,477,3824303,10036,165661,8564600
682,523,506,3823780,10053,166167,8443100
683,509,520,3823271,10042,166687,7954800
684,517,505,3822754,10054,167192,8737700
685,526,517,3822228,10063,167709,8382100
686,532,492,3821696,10103,168201,7934200
687,534,486,3821162,10151,168687,8730200
688,527,479,3820635,10199,169166,8054800
689,541,504,3820094,10236,169670,8094200
690,500,502,3819594,10234,170172,9029300
691,535,490,3819059,10279,170662,8372900
692,503,516,3818556,10266,171178,8721000
693,535,508,3818021,10293,171686,8245600
694,549,525,3817472,10317,172211,8296700
695,518,500,3816954,10335,172711,8437200
696,543,522,3816411,10356,173233,8341400
697,541,531,3815870,10366,173764,8294800
698,503,529,3815367,10340,174293,8366600
699,537,505,3814830,10372,174798,8137200
700,530,580,3814300,10322,175378,8655400
701,540,527,3813760,10335,175905,9079800
702,538,526,3813222,10347,176431,8060200
703,518,503,3812704,10362,176934,8021300
704,526,555,3812178,10333,177489,8736500
705,496,508,3811682,10321,177997,8242400
706,481,485,3811201,10317,178482,8461600
707,537,520,3810664,10334,179002,8128300
708,540,543,3810124,10331,179545,8216600
709,528,513,3809596,10346,180058,8366600
710,548,527,3809048,10367,180585,8232700
711,524,486,3808524,10405,181071,8026600
712,557,523,3807967,10439,181594,8693400
713,564,538,3807403,10465,182132,8131300
714,512,525,3806891,10452,182657,8010600
715,546,493,3806345,10505,183150,7954100
716,537,521,3805808,10521,183671,8035600
717,543,501,3805265,10563,184172,8140300
718,557,520,3804708,10600,184692,8371700
719,513,479,3804195,10634,185171,8522400
720,557,542,3803638,10649,185713,8677300
721,516,522,3803122,10643,186235,8216300
722,524,550,3802598,10617,186785,8052400
723,532,506,3802066,10643,187291,8239200
724,513,537,3801553,10619,187828,8151600
725,536,545,3801017,10610,188373,8607800
726,557,510,3800460,10657,188883,7947100
727,526,615,3799934,10568,189498,8497700
728,547,541,3799387,10574,190039,8463900
729,561,504,3798826,10631,190543,8298800
730,490,534,3798336,10587,191077,8141600
731,520,535,3797816,10572,191612,8168800
732,521,536,3797295,10557,192148,8424400
733,561,522,3796734,10596,192670,8558700
734,556,536,3796178,10616,193206,8722700
735,520,516,3795658,10620,193722,8402300
736,580,526,3795078,10674,194248,8850700
737,539,514,3794539,10699,194762,8592000
738,549,499,3793990,10749,195261,8363600
739,570,562,3793420,10757,195823,8269000
740,551,527,3792869,10781,196350,8282300
741,563,545,3792306,10799,196895,8625500
742,584,576,3791722,10807,197471,8443700
743,562,522,3791160,10847,197993,8583200
744,583,509,3790577,10921,198502,8562100
745,562,553,3790015,10930,199055,8401200
746,556,543,3789459,10943,199598,8327400
747,576,587,3788883,10932,200185,8372200
748,519,584,3788364,10867,200769,8104000
749,603,543,3787761,10927,201312,8357900
750,562,547,3787199,10942,201859,8566900
751,580,530,3786619,10992,202389,8161800
752,604,547,3786015,11049,202936,8632400
753,551,550,3785464,11050,203486,9176400
754,599,571,3784865,11078,204057,8947500
755,559,567,3784306,11070,204624,8686800
756,534,557,3783772,11047,205181,8467100
757,621,543,3783151,11125,205724,8014500
758,611,561,3782540,11175,206285,8066600
759,610,546,3781930,11239,206831,8234600
760,536,540,3781394,11235,207371,8471900
761,571,547,3780823,11259,207918,9471400
762,563,562,3780260,11260,208480,8292700
763,579,556,3779681,11283,209036,8480000
764,595,519,3779086,11359,209555,8357800
765,550,576,3778536,11333,210131,8153000
766,639,610,3777897,11362,210741,8463500
767,562,595,3777335,11329,211336,8294600
768,549,565,3776786,11313,211901,8282900
769,571,538,3776215,11346,212439,9027200
770,557,567,3775658,11336,213006,8419700
771,581,570,3775077,11347,213576,8271200
772,598,555,3774479,11390,214131,8482800
773,601,563,3773878,11428,214694,8243900
774,626,553,3773252,11501,215247,8075400
775,564,591,3772688,11474,215838,8614600
776,559,566,3772129,11467,216404,8095300
777,588,573,3771541,11482,216977,8776500
778,577,570,3770964,11489,217547,8216300
779,598,628,3770366,11459,218175,8287900
780,592,577,3769774,11474,218752,8293800
781,577,606,3769197,11445,219358,8899400
782,591,546,3768606,11490,219904,8151300
783,592,615,3768014,11467,220519,8771700
784,611,564,3767403,11514,221083,8336700
785,592,569,3766811,11537,221652,8646100
786,576,557,3766235,11556,222209,8246500
787,604,607,3765631,11553,222816,8313600
788,600,564,3765031,11589,223380,8320700
789,608,561,3764423,11636,223941,8717100
790,565,567,3763858,11634,224508,8368900
791,613,581,3763245,11666,225089,8114000
792,597,578,3762648,11685,225667,8530200
793,653,579,3761995,11759,226246,8038400
794,587,552,3761408,11794,226798,8230900
795,613,614,3760795,11793,227412,8082600
796,570,626,3760225,11737,228038,8646000
797,595,585,3759630,11747,228623,8687400
798,621,541,3759009,11827,229164,7894000
799,598,596,3758411,11829,229760,8255400
800,645,591,3757766,11883,230351,8348200
801,650,628,3757116,11905,230979,8206200
802,599,594,3756517,11910,231573,8396800
803,639,568,3755878,11981,232141,8742100
804,601,584,3755277,11998,232725,8170700
805,656,569,3754621,12085,233294,8221600
806,636,617,3753985,12104,233911,8716800
807,648,632,3753337,12120,234543,8248400
808,628,619,3752709,12129,235162,8200400
809,570,625,3752139,12074,235787,8064900
810,662,626,3751477,12110,236413,8382300
811,671,612,3750806,12169,237025,8436400
812,650,642,3750156,12177,237667,8088300
813,644,557,3749512,12264,238224,8576000
814,616,625,3748896,12255,238849,8612700
815,658,584,3748238,12329,239433,8152600
816,682,638,3747556,12373,240071,8393500
817,684,646,3746872,12411,240717,8639600
818,698,631,3746174,12478,241348,9166500
819,660,604,3745514,12534,241952,8013900
820,677,593,3744837,12618,242545,8425000
821,638,617,3744199,12639,243162,8336700
822,679,605,3743520,12713,243767,8402500
823,698,622,3742822,12789,244389,8056600
824,692,636,3742130,12845,245025,8899900
825,622,649,3741508,12818,245674,8665700
826,640,634,3740868,12824,246308,8183600
827,631,641,3740237,12814,246949,8658300
828,696,651,3739541,12859,247600,8498700
829,677,687,3738864,12849,248287,8016600
830,641,663,3738223,12827,248950,7974500
831,671,615,3737552,12883,249565,8563700
832,712,657,3736840,12938,250222,8157900
833,639,659,3736201,12918,250881,8264000
834,675,599,3735526,12994,251480,8278200
835,719,687,3734807,13026,252167,8394100
836,640,657,3734167,13009,252824,8239300
837,651,707,3733516,12953,253531,8527500
838,671,683,3732845,12941,254214,8664700
839,675,639,3732170,12977,254853,8168900
840,659,647,3731511,12989,255500,8209000
841,682,623,3730829,13048,256123,8064700
842,667,605,3730162,13110,256728,8235000
843,643,594,3729519,13159,257322,8263700
844,736,647,3728783,13248,257969,8647800
845,685,655,3728098,13278,258624,8971100
846,678,642,3727420,13314,259266,8571700
847,654,680,3726766,13288,259946,8342500
848,697,679,3726069,13306,260625,8326400
849,707,626,3725362,13387,261251,8150900
850,658,668,3724704,13377,261919,8418400
851,655,660,3724049,13372,262579,8393300
852,678,687,3723371,13363,263266,8398700
853,667,709,3722704,13321,263975,8216900
854,677,652,3722027,13346,264627,8611000
855,729,686,3721298,13389,265313,8095100
856,693,626,3720605,13456,265939,8696400
857,711,647,3719894,13520,266586,8710700
858,650,652,3719244,13518,267238,8666300
859,666,706,3718578,13478,267944,8491100
860,656,736,3717922,13398,268680,8043700
861,678,673,3717244,13403,269353,8618100
862,645,666,3716599,13382,270019,8207300
863,664,712,3715935,13334,270731,8405800
864,715,680,3715220,13369,271411,8671500
865,696,653,3714524,13412,272064,8417600
866,687,680,3713837,13419,272744,8318600
867,672,739,3713165,13352,273483,8187000
868,688,664,3712477,13376,274147,8345800
869,703,682,3711774,13397,274829,8600700
870,659,625,3711115,13431,275454,8510900
871,656,663,3710459,13424,276117,8208900
872,657,631,3709802,13450,276748,9031700
873,673,685,3709129,13438,277433,8388600
874,725,635,3708404,13528,278068,8608100
875,646,683,3707758,13491,278751,8711300
876,698,613,3707060,13576,279364,8505400
877,692,671,3706368,13597,280035,8405800
878,649,651,3705719,13595,280686,8699000
879,699,639,3705020,13655,281325,8216300
880,668,677,3704352,13646,282002,8329600
881,732,703,3703620,13675,282705,8275000
882,667,701,3702953,13641,283406,8399000
883,693,694,3702260,13640,284100,8454300
884,637,663,3701623,13614,284763,8778600
885,684,635,3700939,13663,285398,8258100
886,656,658,3700283,13661,286056,8400400
887,672,719,3699611,13614,286775,8361900
888,707,672,3698904,13649,287447,8150800
889,654,686,3698250,13617,288133,8399500
890,654,667,3697596,13604,288800,8677200
891,712,623,3696884,13693,289423,8605500
892,721,684,3696163,13730,290107,8335700
893,753,680,3695410,13803,290787,8202700
894,697,687,3694713,13813,291474,7978900
895,650,776,3694063,13687,292250,8570800
896,693,684,3693370,13696,292934,8049000
897,684,706,3692686,13674,293640,8498300
898,706,646,3691980,13734,294286,9196500
899,721,691,3691259,13764,294977,8498400
900,721,682,3690538,13803,295659,8659700
901,726,688,3689812,13841,296347,8004700
902,662,691,3689150,13812,297038,8024200
903,700,690,3688450,13822,297728,8469700
904,700,684,3687750,13838,298412,8449900
905,681,685,3687069,13834,299097,8149800
906,668,670,3686401,13832,299767,8517900
907,724,707,3685677,13849,300474,8379500
908,700,709,3684977,13840,301183,7978000
909,703,714,3684274,13829,301897,8510300
910,711,692,3683563,13848,302589,8454800
911,683,698,3682880,13833,303287,8154900
912,738,744,3682142,13827,304031,8788700
913,726,651,3681416,13902,304682,8384200
914,667,709,3680749,13860,305391,7998300
915,683,685,3680066,13858,306076,8604000
916,724,702,3679342,13880,306778,8582400
917,704,678,3678638,13906,307456,8044700
918,700,686,3677938,13920,308142,8001700
919,711,702,3677227,13929,308844,8799200
920,719,657,3676508,13991,309501,8904900
921,721,737,3675787,13975,310238,8216200
922,708,681,3675079,14002,310919,8057500
923,721,705,3674358,14018,311624,8338200
924,709,698,3673649,14029,312322,8526900
925,735,705,3672914,14059,313027,8252400
926,736,691,3672178,14104,313718,8198400
927,707,686,3671471,14125,314404,8262000
928,726,737,3670745,14114,315141,8424900
929,763,707,3669982,14170,315848,8017700
930,750,783,3669232,14137,316631,8464300
931,667,684,3668565,14120,317315,8080800
932,704,755,3667861,14069,318070,8094900
933,712,706,3667149,14075,318776,8313600
934,708,750,3666441,14033,319526,8324000
935,737,723,3665704,14047,320249,8222500
936,699,743,3665005,14003,320992,8262600
937,711,762,3664294,13952,321754,8286600
938,741,682,3663553,14011,322436,8100000
939,776,708,3662777,14079,323144,8022900
940,700,683,3662077,14096,323827,8002000
941,764,686,3661313,14174,324513,8212100
942,773,704,3660540,14243,325217,8302900
943,718,716,3659822,14245,325933,8396100
944,720,696,3659102,14269,326629,8127600
945,750,734,3658352,14285,327363,8210200
946,743,681,3657609,14347,328044,8086900
947,760,706,3656849,14401,328750,8182700
948,731,738,3656118,14394,329488,8358200
949,705,701,3655413,14398,330189,8303500
950,784,731,3654629,14451,330920,8390100
951,750,721,3653879,14480,331641,8273200
952,729,680,3653150,14529,332321,8502600
953,724,732,3652426,14521,333053,8377200
954,770,735,3651656,14556,333788,8150600
955,752,723,3650904,14585,334511,8566100
956,739,717,3650165,14607,335228,8869900
957,746,755,3649419,14598,335983,8315300
958,738,771,3648681,14565,336754,8522000
959,736,766,3647945,14535,337520,8430200
960,757,747,3647188,14545,338267,8581900
961,724,756,3646464,14513,339023,8821100
962,739,720,3645725,14532,339743,8206200
963,711,714,3645014,14529,340457,8152400
964,756,708,3644258,14577,341165,8593000
965,707,764,3643551,14520,341929,8035400
966,723,694,3642828,14549,342623,8372400
967,754,695,3642074,14608,343318,8892300
968,733,726,3641341,14615,344044,8624800
969,767,711,3640574,14671,344755,9121700
970,747,728,3639827,14690,345483,9027300
971,737,741,3639090,14686,346224,9013800
972,753,722,3638337,14717,346946,7938400
973,725,725,3637612,14717,347671,8077900
974,749,687,3636863,14779,348358,8685500
975,775,723,3636088,14831,349081,8233700
976,772,767,3635316,14836,349848,8215400
977,749,791,3634567,14794,350639,8147000
978,728,774,3633839,14748,351413,8705300
979,712,760,3633127,14700,352173,8851500
980,723,735,3632404,14688,352908,8373200
981,773,730,3631631,14731,353638,8885400
982,743,755,3630888,14719,354393,8312500
983,773,688,3630115,14804,355081,9112400
984,774,744,3629341,14834,355825,8227400
985,721,839,3628620,14716,356664,8126300
986,739,722,3627881,14733,357386,8114300
987,713,723,3627168,14723,358109,8334500
988,733,723,3626435,14733,358832,8443700
989,716,745,3625719,14704,359577,8307700
990,777,736,3624942,14745,360313,8405200
991,732,713,3624210,14764,361026,8527100
992,718,724,3623492,14758,361750,8390200
993,712,786,3622780,14684,362536,8302500
994,741,716,3622039,14709,363252,8149700
995,753,718,3621286,14744,363970,8347500
996,744,712,3620542,14776,364682,8389800
997,809,763,3619733,14822,365445,8068100
998,767,767,3618966,14822,366212,8392500
999,750,774,3618216,14798,366986,8377400
1000,757,730,3617459,14825,367716,8589200
1001,790,739,3616669,14876,368455,8489000
1002,734,775,3615935,14835,369230,8300500
1003,749,742,3615186,14842,369972,8054800
1004,744,768,3614442,14818,370740,8274100
1005,737,770,3613705,14785,371510,8285800
1006,767,670,3612938,14882,372180,8400300
1007,735,693,3612203,14924,372873,8414100
1008,804,711,3611399,15017,373584,8705300
1009,752,728,3610647,15041,374312,8230300
1010,763,739,3609884,15065,375051,8508900
1011,791,738,3609093,15118,375789,8300300
1012,813,718,3608280,15213,376507,8814900
1013,748,760,3607532,15201,377267,9001600
1014,788,734,3606744,15255,378001,8412800
1015,823,746,3605921,15332,378747,8888200
1016,799,790,3605122,15341,379537,8421800
1017,783,767,3604339,15357,380304,8545400
1018,752,729,3603587,15380,381033,8162200
1019,770,716,3602817,15434,381749,8915600
1020,754,763,3602063,15425,382512,8091000
1021,750,805,3601313,15370,383317,8220100
1022,751,793,3600562,15328,384110,8161200
1023,778,755,3599784,15351,384865,8080800
1024,823,752,3598961,15422,385617,8461200
1025,753,804,3598208,15371,386421,8684400
1026,758,746,3597450,15383,387167,8770500
1027,770,770,3596680,15383,387937,8752300
1028,744,780,3595936,15347,388717,8781200
1029,768,788,3595168,15327,389505,8742200
1030,819,813,3594349,15333,390318,8215300
1031,747,795,3593602,15285,391113,8222200
1032,747,740,3592855,15292,391853,8215000
1033,752,757,3592103,15287,392610,8391500
1034,693,738,3591410,15242,393348,8349700
1035,799,766,3590611,15275,394114,7960100
1036,805,780,3589806,15300,394894,8723200
1037,781,698,3589025,15383,395592,8353400
1038,756,715,3588269,15424,396307,8188300
1039,754,807,3587515,15371,397114,8514100
1040,777,755,3586738,15393,397869,8384400
1041,780,763,3585958,15410,398632,8323100
1042,792,774,3585166,15428,399406,8490900
1043,734,721,3584432,15441,400127,8320100
1044,792,793,3583640,15440,400920,8349600
1045,733,780,3582907,15393,401700,8260100
1046,787,750,3582120,15430,402450,8410800
1047,811,765,3581309,15476,403215,8085600
1048,770,795,3580539,15451,404010,8023400
1049,786,769,3579753,15468,404779,8084800
1050,761,784,3578992,15445,405563,8244900
1051,758,761,3578234,15442,406324,8091300
1052,752,739,3577482,15455,407063,7981200
1053,737,787,3576745,15405,407850,9347300
1054,767,771,3575978,15401,408621,8207400
1055,784,742,3575194,15443,409363,8410500
1056,778,776,3574416,15445,410139,8131700
1057,797,783,3573619,15459,410922,8509300
1058,778,790,3572841,15447,411712,8405000
1059,759,738,3572082,15468,412450,8368800
1060,768,732,3571314,15504,413182,8416400
1061,794,748,3570520,15550,413930,8260900
1062,831,743,3569689,15638,414673,8403400
1063,801,763,3568888,15676,415436,8180500
1064,753,793,3568135,15636,416229,8562000
1065,777,766,3567358,15647,416995,8367900
1066,756,805,3566602,15598,417800,8473400
1067,750,782,3565852,15566,418582,8558800
1068,813,746,3565039,15633,419328,8285100
1069,795,779,3564244,15649,420107,8681300
1070,779,766,3563465,15662,420873,7953400
1071,772,791,3562693,15643,421664,8016900
1072,772,738,3561921,15677,422402,8216600
1073,803,765,3561118,15715,423167,8301700
1074,794,743,3560324,15766,423910,8292000
1075,797,794,3559527,15769,424704,8209800
1076,841,818,3558686,15792,425522,8176400
1077,776,753,3557910,15815,426275,8469700
1078,814,750,3557096,15879,427025,8228900
1079,836,775,3556260,15940,427800,8981400
1080,789,831,3555471,15898,428631,8693900
1081,801,785,3554670,15914,429416,8352000
1082,844,796,3553826,15962,430212,8668600
1083,830,754,3552996,16038,430966,8372300
1084,811,774,3552185,16075,431740,8054900
1085,898,817,3551287,16156,432557,7994800
1086,856,818,3550431,16194,433375,8042600
1087,846,806,3549585,16234,434181,8325700
1088,793,830,3548792,16197,435011,8669100
1089,824,767,3547968,16254,435778,8722300
1090,794,786,3547174,16262,436564,8354900
1091,833,824,3546341,16271,437388,8877300
1092,828,807,3545513,16292,438195,8471000
1093,780,827,3544733,16245,439022,8093200
1094,841,816,3543892,16270,439838,8563300
1095,785,840,3543107,16215,440678,8299600
1096,743,832,3542364,16126,441510,8467100
1097,786,827,3541578,16085,442337,8307000
1098,812,809,3540766,16088,443146,8390200
1099,799,836,3539967,16051,443982,8375300
1100,747,809,3539220,15989,444791,8576700
1101,779,773,3538441,15995,445564,8495400
1102,788,763,3537653,16020,446327,8708700
1103,808,833,3536845,15995,447160,8589300
1104,825,810,3536020,16010,447970,8463900
1105,827,839,3535193,15998,448809,8573900
1106,708,760,3534485,15946,449569,8284400
1107,794,778,3533691,15962,450347,7971600
1108,780,792,3532911,15950,451139,8039900
1109,782,828,3532129,15904,451967,8488300
1110,776,816,3531353,15864,452783,8528400
1111,778,790,3530575,15852,453573,8149400
1112,778,791,3529797,15839,454364,8390400
1113,791,815,3529006,15815,455179,8388900
1114,846,845,3528160,15816,456024,8134400
1115,768,761,3527392,15823,456785,7966400
1116,771,850,3526621,15744,457635,8480200
1117,827,764,3525794,15807,458399,8744200
1118,797,797,3524997,15807,459196,8668800
1119,786,789,3524211,15804,459985,8824200
1120,841,785,3523370,15860,460770,8175300
1121,802,779,3522568,15883,461549,8275000
1122,819,810,3521749,15892,462359,8318600
1123,800,778,3520949,15914,463137,8353000
1124,782,836,3520167,15860,463973,8352900
1125,786,762,3519381,15884,464735,8419500
1126,797,800,3518584,15881,465535,8149100
1127,821,753,3517763,15949,466288,8093500
1128,818,797,3516945,15970,467085,8380700
1129,827,831,3516118,15966,467916,8280900
1130,795,818,3515323,15943,468734,8528400
1131,787,822,3514536,15908,469556,8375000
1132,775,818,3513761,15865,470374,8136500
1133,821,750,3512940,15936,471124,8469900
1134,846,757,3512094,16025,471881,8424000
1135,858,793,3511236,16090,472674,8212600
1136,816,834,3510420,16072,473508,8072800
1137,802,763,3509618,16111,474271,8382600
1138,791,808,3508827,16094,475079,8544800
1139,832,830,3507995,16096,475909,8476000
1140,838,847,3507157,16087,476756,8710700
1141,809,763,3506348,16133,477519,8207000
1142,815,833,3505533,16115,478352,8099300
1143,813,777,3504720,16151,479129,8219800
1144,826,793,3503894,16184,479922,8321300
1145,873,845,3503021,16212,480767,8241300
1146,832,805,3502189,16239,481572,8212700
1147,802,792,3501387,16249,482364,8577200
1148,852,833,3500535,16268,483197,8803200
1149,833,806,3499702,16295,484003,8316300
1150,804,795,3498898,16304,484798,8053300
1151,808,789,3498090,16323,485587,8468200
1152,864,821,3497226,16366,486408,8196600
1153,837,807,3496389,16396,487215,8327700
1154,819,838,3495570,16377,488053,8498600
1155,779,847,3494791,16309,488900,8537300
1156,819,822,3493972,16306,489722,8199900
1157,832,769,3493140,16369,490491,9334000
1158,824,870,3492316,16323,491361,8271800
1159,801,841,3491515,16283,492202,8466900
1160,827,849,3490688,16261,493051,8559300
1161,846,821,3489842,16286,493872,8510000
1162,816,815,3489026,16287,494687,8683900
1163,789,800,3488237,16276,495487,8158200
1164,830,793,3487407,16313,496280,8729400
1165,794,834,3486613,16273,497114,8339700
1166,859,779,3485754,16353,497893,8374000
1167,830,840,3484924,16343,498733,8562600
1168,834,821,3484090,16356,499554,8544000
1169,829,834,3483261,16351,500388,8232800
1170,842,853,3482419,16340,501241,8466600
1171,811,813,3481608,16338,502054,8428300
1172,845,806,3480763,16377,502860,8509100
1173,798,811,3479965,16364,503671,8143500
1174,831,831,3479134,16364,504502,8264400
1175,842,829,3478292,16377,505331,8583100
1176,825,844,3477467,16358,506175,8542900
1177,836,847,3476631,16347,507022,8887300
1178,838,780,3475793,16405,507802,9005000
1179,842,802,3474951,16445,508604,8215800
1180,792,786,3474159,16451,509390,8550000
1181,835,803,3473324,16483,510193,8817000
1182,828,867,3472496,16444,511060,8431800
1183,842,828,3471654,16458,511888,7987400
1184,904,801,3470750,16561,512689,8281200
1185,843,800,3469907,16604,513489,8766100
1186,825,848,3469082,16581,514337,8037600
1187,843,837,3468239,16587,515174,8266800
1188,846,842,3467393,16591,516016,8643700
1189,836,803,3466557,16624,516819,8893000
1190,867,860,3465690,16631,517679,8637500
1191,845,863,3464845,16613,518542,8496300
1192,862,817,3463983,16658,519359,8352600
1193,827,858,3463156,16627,520217,8390400
1194,860,824,3462296,16663,521041,8295900
1195,825,888,3461471,16600,521929,8451800
1196,801,826,3460670,16575,522755,8735600
1197,848,792,3459822,16631,523547,8321000
1198,863,775,3458959,16719,524322,8770100
1199,870,875,3458089,16714,525197,9018400
1200,850,862,3457239,16702,526059,8572400
1201,837,787,3456402,16752,526846,8297300
1202,883,810,3455519,16825,527656,9021000
1203,863,869,3454656,16819,528525,9047300
1204,825,832,3453831,16812,529357,8631900
1205,897,839,3452934,16870,530196,8286200
1206,889,891,3452045,16868,531087,8628400
1207,854,814,3451191,16908,531901,8007000
1208,878,867,3450313,16919,532768,7943800
1209,853,824,3449460,16948,533592,8693300
1210,892,819,3448568,17021,534411,8841700
1211,919,835,3447649,17105,535246,8732500
1212,820,852,3446829,17073,536098,8726600
1213,856,823,3445973,17106,536921,8414800
1214,889,814,3445084,17181,537735,8386900
1215,799,878,3444285,17102,538613,8489600
1216,888,850,3443397,17140,539463,8130100
1217,869,874,3442528,17135,540337,8546000
1218,882,877,3441646,17140,541214,8649200
1219,877,854,3440769,17163,542068,9231600
1220,885,888,3439884,17160,542956,8619500
1221,831,841,3439053,17150,543797,8176600
1222,893,897,3438160,17146,544694,8112400
1223,914,863,3437246,17197,545557,8423200
1224,865,899,3436381,17163,546456,8620500
1225,876,864,3435505,17175,547320,8168800
1226,892,888,3434613,17179,548208,8427300
1227,883,841,3433730,17221,549049,8398900
1228,876,896,3432854,17201,549945,8740500
1229,856,855,3431998,17202,550800,8270900
1230,937,822,3431061,17317,551622,8487200
1231,867,911,3430194,17273,552533,8437100
1232,892,879,3429302,17286,553412,8435500
1233,851,895,3428451,17242,554307,8299600
1234,855,886,3427596,17211,555193,8240900
1235,875,821,3426721,17265,556014,8546400
1236,827,874,3425894,17218,556888,8247900
1237,829,838,3425065,17209,557726,8112800
1238,812,848,3424253,17173,558574,8006500
1239,854,834,3423399,17193,559408,8416600
1240,849,845,3422550,17197,560253,8052200
1241,880,922,3421670,17155,561175,8069300
1242,826,844,3420844,17137,562019,8155800
1243,876,843,3419968,17170,562862,8568200
1244,852,886,3419116,17136,563748,9959200
1245,861,844,3418255,17153,564592,8400700
1246,813,839,3417442,17127,565431,8681500
1247,831,891,3416611,17067,566322,8078400
1248,909,900,3415702,17076,567222,7996700
1249,846,841,3414856,17081,568063,8226200
1250,881,873,3413975,17089,568936,8571500
1251,845,884,3413130,17050,569820,8338700
1252,916,848,3412214,17118,570668,8742800
1253,844,909,3411370,17053,571577,8722700
1254,922,863,3410448,17112,572440,8436300
1255,830,838,3409618,17104,573278,8464400
1256,863,838,3408755,17129,574116,8504500
1257,899,835,3407856,17193,574951,8342800
1258,869,854,3406987,17208,575805,8636300
1259,847,806,3406140,17249,576611,8758500
1260,866,863,3405274,17252,577474,8257300
1261,848,852,3404426,17248,578326,8379700
1262,816,894,3403610,17170,579220,8605200
1263,870,822,3402740,17218,580042,7995500
1264,939,857,3401801,17300,580899,8078900
1265,881,857,3400920,17324,581756,8305900
1266,903,837,3400017,17390,582593,8512400
1267,957,893,3399060,17454,583486,8155300
1268,939,822,3398121,17571,584308,8246200
1269,869,864,3397252,17576,585172,8506800
1270,950,850,3396302,17676,586022,8482900
1271,914,877,3395388,17713,586899,8354300
1272,861,881,3394527,17693,587780,8547000
1273,872,853,3393655,17712,588633,8317200
1274,916,874,3392739,17754,589507,8906700
1275,866,840,3391873,17780,590347,8397100
1276,908,909,3390965,17779,591256,8385200
1277,890,887,3390075,17782,592143,8361800
1278,912,909,3389163,17785,593052,8563900
1279,882,894,3388281,17773,593946,8318600
1280,848,871,3387433,17750,594817,8333800
1281,880,910,3386553,17720,595727,8477100
1282,869,821,3385684,17768,596548,8277600
1283,912,906,3384772,17774,597454,8351600
1284,902,947,3383870,17729,598401,8645900
1285,861,883,3383009,17707,599284,8648200
1286,978,898,3382031,17787,600182,8462400
1287,943,891,3381088,17839,601073,8530300
1288,940,914,3380148,17865,601987,8542200
1289,927,933,3379221,17859,602920,8390100
1290,876,925,3378345,17810,603845,8936200
1291,932,900,3377413,17842,604745,8582900
1292,860,897,3376553,17805,605642,8319800
1293,933,905,3375620,17833,606547,8186400
1294,930,927,3374690,17836,607474,8416600
1295,890,882,3373800,17844,608356,8202800
1296,923,921,3372877,17846,609277,8360400
1297,922,892,3371955,17876,610169,8572000
1298,874,863,3371081,17887,611032,8823200
1299,891,882,3370190,17896,611914,8415300
1300,919,890,3369271,17925,612804,8564800
1301,916,921,3368355,17920,613725,8301700
1302,881,950,3367474,17851,614675,8038300
1303,929,864,3366545,17916,615539,8952900
1304,953,939,3365592,17930,616478,8013700
1305,895,963,3364697,17862,617441,8556200
1306,926,871,3363771,17917,618312,8489700
1307,890,867,3362881,17940,619179,8249400
1308,929,896,3361952,17973,620075,9172300
1309,942,906,3361010,18009,620981,8194800
1310,930,854,3360080,18085,621835,9276300
1311,926,947,3359154,18064,622782,8105900
1312,917,901,3358237,18080,623683,8525800
1313,929,895,3357308,18114,624578,8424200
1314,915,919,3356393,18110,625497,8400700
1315,856,934,3355537,18032,626431,9465700
1316,914,900,3354623,18046,627331,8251700
1317,880,885,3353743,18041,628216,8928500
1318,882,895,3352861,18028,629111,8606500
1319,903,864,3351958,18067,629975,8477500
1320,909,895,3351049,18081,630870,8563800
1321,920,871,3350129,18130,631741,7930700
1322,936,874,3349193,18192,632615,8528800
1323,852,890,3348341,18154,633505,9463900
1324,895,887,3347446,18162,634392,8798000
1325,866,893,3346580,18135,635285,8370700
1326,901,893,3345679,18143,636178,8436600
1327,930,911,3344749,18162,637089,8412900
1328,929,897,3343820,18194,637986,8370900
1329,903,895,3342917,18202,638881,9023600
1330,936,894,3341981,18244,639775,8316600
1331,919,877,3341062,18286,640652,8595700
1332,936,923,3340126,18299,641575,9105700
1333,955,940,3339171,18314,642515,8569000
1334,855,915,3338316,18254,643430,8534900
1335,885,967,3337431,18172,644397,7962100
1336,874,882,3336557,18164,645279,7946400
1337,951,876,3335606,18239,646155,8194100
1338,932,890,3334674,18281,647045,8290000
1339,905,939,3333769,18247,647984,8011700
1340,897,913,3332872,18231,648897,8863700
1341,937,899,3331935,18269,649796,9366600
1342,896,918,3331039,18247,650714,9251100
1343,887,921,3330152,18213,651635,8338000
1344,960,938,3329192,18235,652573,8144500
1345,928,863,3328264,18300,653436,8365700
1346,923,935,3327341,18288,654371,8450500
1347,898,925,3326443,18261,655296,8348100
1348,939,919,3325504,18281,656215,8024100
1349,901,905,3324603,18277,657120,7939600
1350,882,905,3323721,18254,658025,8453900
1351,947,943,3322774,18258,658968,8475200
1352,902,924,3321872,18236,659892,8549000
1353,897,970,3320975,18163,660862,8549200
1354,953,880,3320022,18236,661742,8089900
1355,864,900,3319158,18200,662642,8284100
1356,909,909,3318249,18200,663551,8100400
1357,898,861,3317351,18237,664412,8988600
1358,889,920,3316462,18206,665332,8530400
1359,863,945,3315599,18124,666277,8342900
1360,921,916,3314678,18129,667193,8575500
1361,860,865,3313818,18124,668058,8012300
1362,937,891,3312881,18170,668949,8931600
1363,913,897,3311968,18186,669846,8132700
1364,923,968,3311045,18141,670814,9017600
1365,933,889,3310112,18185,671703,8303700
1366,937,863,3309175,18259,672566,8223800
1367,932,904,3308243,18287,673470,8569600
1368,924,896,3307319,18315,674366,8503100
1369,963,945,3306356,18333,675311,8569600
1370,960,896,3305396,18397,676207,8749200
1371,996,872,3304400,18521,677079,8062700
1372,969,909,3303431,18581,677988,8062900
1373,948,944,3302483,18585,678932,8078200
1374,928,918,3301555,18595,679850,8406500
1375,963,927,3300592,18631,680777,8363800
1376,946,945,3299646,18632,681722,8777300
1377,993,935,3298653,18690,682657,8627800
1378,940,920,3297713,18710,683577,8493400
1379,958,952,3296755,18716,684529,8537600
1380,973,958,3295782,18731,685487,8350300
1381,930,953,3294852,18708,686440,9418900
1382,982,900,3293870,18790,687340,9050700
1383,922,943,3292948,18769,688283,8684400
1384,937,904,3292011,18802,689187,8787600
1385,927,986,3291084,18743,690173,8793800
1386,939,901,3290145,18781,691074,8693300
1387,892,880,3289253,18793,691954,8794000
1388,944,941,3288309,18796,692895,9019000
1389,957,874,3287352,18879,693769,8791100
1390,914,959,3286438,18834,694728,8577100
1391,923,982,3285515,18775,695710,8669200
1392,968,958,3284547,18785,696668,8635500
1393,910,909,3283637,18786,697577,8623100
1394,900,947,3282737,18739,698524,8286100
1395,942,990,3281795,18691,699514,8290100
1396,908,991,3280887,18608,700505,8391700
1397,933,943,3279954,18598,701448,8516200
1398,945,922,3279009,18621,702370,8305000
1399,906,966,3278103,18561,703336,8846000
1400,908,930,3277195,18539,704266,9103100
1401,968,925,3276227,18582,705191,8775400
1402,946,935,3275281,18593,706126,8308600
1403,938,942,3274343,18589,707068,8259600
1404,975,947,3273368,18617,708015,8413000
1405,938,945,3272430,18610,708960,8404900
1406,889,926,3271541,18573,709886,8570100
1407,918,942,3270623,18549,710828,8482100
1408,930,968,3269693,18511,711796,8507800
1409,976,952,3268717,18535,712748,8863100
1410,922,936,3267795,18521,713684,8492700
1411,957,897,3266838,18581,714581,8282500
1412,954,896,3265884,18639,715477,8606500
1413,951,913,3264933,18677,716390,8439100
1414,953,918,3263980,18712,717308,8726300
1415,981,892,3262999,18801,718200,8767000
1416,1002,899,3261997,18904,719099,8273600
1417,997,949,3261000,18952,720048,8313600
1418,970,955,3260030,18967,721003,8373900
1419,957,983,3259073,18941,721986,9065300
1420,983,964,3258090,18960,722950,8684300
1421,937,971,3257153,18926,723921,8942300
1422,933,970,3256220,18889,724891,8543600
1423,909,873,3255311,18925,725764,8651500
1424,981,915,3254330,18991,726679,9548900
1425,978,933,3253352,19036,727612,9560100
1426,980,941,3252372,19075,728553,9464600
1427,969,940,3251403,19104,729493,10026900
1428,947,953,3250456,19098,730446,10646200
1429,1010,1019,3249446,19089,731465,9695800
1430,981,947,3248465,19123,732412,9818300
1431,1027,963,3247438,19187,733375,9463400
1432,1026,1019,3246412,19194,734394,9309200
1433,949,964,3245463,19179,735358,9578700
1434,952,941,3244511,19190,736299,9948500
1435,946,967,3243565,19169,737266,10978600
1436,1006,956,3242559,19219,738222,9932500
1437,897,995,3241662,19121,739217,15727500
1438,906,1047,3240756,18980,740264,17241200
1439,1013,910,3239743,19083,741174,18056300
1440,943,975,3238800,19051,742149,11823700
1441,928,929,3237872,19050,743078,9807000
1442,969,910,3236903,19109,743988,9215600
1443,945,938,3235958,19116,744926,9513700
1444,969,976,3234989,19109,745902,9360900
1445,936,966,3234053,19079,746868,10059300
1446,971,956,3233082,19094,747824,9726600
1447,960,954,3232122,19100,748778,9215200
1448,976,924,3231146,19152,749702,9167900
1449,972,963,3230174,19161,750665,8577500
1450,960,898,3229214,19223,751563,8921500
1451,981,957,3228233,19247,752520,8964900
1452,1004,962,3227229,19289,753482,9450100
1453,1024,980,3226205,19333,754462,8856900
1454,968,999,3225237,19302,755461,9642400
1455,992,994,3224245,19300,756455,9034800
1456,933,981,3223312,19252,757436,8897000
1457,967,960,3222345,19259,758396,9196800
1458,1018,1027,3221327,19250,759423,9550700
1459,993,965,3220334,19278,760388,9235000
1460,947,941,3219387,19284,761329,9341800
1461,943,955,3218444,19272,762284,9251000
1462,981,941,3217463,19312,763225,8790500
1463,994,916,3216469,19390,764141,8814900
1464,926,962,3215543,19354,765103,8951700
1465,963,931,3214580,19386,766034,8764000
1466,970,978,3213610,19378,767012,9243400
1467,991,964,3212619,19405,767976,8933200
1468,962,901,3211657,19466,768877,8816700
1469,938,992,3210719,19412,769869,9136700
1470,965,998,3209754,19379,770867,8499800
1471,947,924,3208807,19402,771791,8163900
1472,986,936,3207821,19452,772727,8203200
1473,1023,974,3206798,19501,773701,8610900
1474,1048,939,3205750,19610,774640,8877500
1475,983,963,3204767,19630,775603,8654800
1476,1009,1032,3203758,19607,776635,9118200
1477,977,1016,3202781,19568,777651,8433000
1478,954,1040,3201827,19482,778691,9379000
1479,956,962,3200871,19476,779653,8404600
1480,934,958,3199937,19452,780611,8012300
1481,937,955,3199000,19434,781566,8275600
1482,939,968,3198061,19405,782534,8576100
1483,987,914,3197074,19478,783448,9334800
1484,941,946,3196133,19473,784394,8778100
1485,894,972,3195239,19395,785366,8977900
1486,934,1011,3194305,19318,786377,9033400
1487,977,919,3193328,19376,787296,8738700
1488,963,951,3192365,19388,788247,8080700
1489,1001,1006,3191364,19383,789253,8446200
1490,1007,930,3190357,19460,790183,8725000
1491,966,938,3189391,19488,791121,8053800
1492,1019,981,3188372,19526,792102,8379600
1493,925,1040,3187447,19411,793142,8161700
1494,981,927,3186466,19465,794069,8545800
1495,984,970,3185482,19479,795039,8219500
1496,990,956,3184492,19513,795995,8497800
1497,997,1044,3183495,19466,797039,8134000
1498,945,978,3182550,19433,798017,9129600
1499,970,1009,3181580,19394,799026,8043700
1500,960,950,3180620,19404,799976,8192200
1501,975,938,3179645,19441,800914,9164900
1502,966,949,3178679,19458,801863,8526900
1503,973,978,3177706,19453,802841,8643200
1504,971,975,3176735,19449,803816,8507900
1505,980,952,3175755,19477,804768,8570500
1506,972,1004,3174783,19445,805772,8373200
1507,957,976,3173826,19426,806748,8349000
1508,1000,927,3172826,19499,807675,9250100
1509,1004,898,3171822,19605,808573,8313800
1510,1010,1034,3170812,19581,809607,8772000
1511,965,985,3169847,19561,810592,8368400
1512,1022,1014,3168825,19569,811606,8112400
1513,1005,971,3167820,19603,812577,7941500
1514,1031,985,3166789,19649,813562,8482400
1515,1026,997,3165763,19678,814559,8365200
1516,971,1011,3164792,19638,815570,8548600
1517,1009,949,3163783,19698,816519,9492200
1518,1009,971,3162774,19736,817490,8534700
1519,1037,1025,3161737,19748,818515,8281300
1520,1013,981,3160724,19780,819496,8438900
1521,1050,959,3159674,19871,820455,8022100
1522,979,937,3158695,19913,821392,8065900
1523,992,980,3157703,19925,822372,8839000
1524,992,994,3156711,19923,823366,8441100
1525,1007,933,3155704,19997,824299,8885000
1526,999,1038,3154705,19958,825337,8682900
1527,1019,922,3153686,20055,826259,8248200
1528,1007,1020,3152679,20042,827279,8160700
1529,961,1022,3151718,19981,828301,8394700
1530,1031,1026,3150687,19986,829327,10093900
1531,1020,1031,3149667,19975,830358,10357400
1532,939,1070,3148728,19844,831428,10251500
1533,944,983,3147784,19805,832411,9459700
1534,967,1011,3146817,19761,833422,8588500
1535,931,1017,3145886,19675,834439,8688900
1536,959,985,3144927,19649,835424,9132600
1537,974,1026,3143953,19597,836450,8953800
1538,990,968,3142963,19619,837418,9259600
1539,1017,965,3141946,19671,838383,9059900
1540,1024,991,3140922,19704,839374,9195600
1541,986,1018,3139936,19672,840392,10493600
1542,976,978,3138960,19670,841370,9548800
1543,1019,1029,3137941,19660,842399,8204500
1544,1032,969,3136909,19723,843368,8555000
1545,964,954,3135945,19733,844322,8544700
1546,1033,1033,3134912,19733,845355,8142700
1547,1030,1036,3133882,19727,846391,8613000
1548,984,913,3132898,19798,847304,8674600
1549,1009,972,3131889,19835,848276,8830900
1550,1029,999,3130860,19865,849275,8798800
1551,1045,992,3129815,19918,850267,8795600
1552,1022,951,3128793,19989,851218,8563900
1553,979,983,3127814,19985,852201,8623700
1554,1096,1080,3126718,20001,853281,9059000
1555,1002,955,3125716,20048,854236,8823800
1556,1083,1032,3124633,20099,855268,8816200
1557,1010,971,3123623,20138,856239,8428800
1558,1004,1021,3122619,20121,857260,8677800
1559,990,942,3121629,20169,858202,8476000
1560,998,1008,3120631,20159,859210,8396400
1561,1008,1002,3119623,20165,860212,8235300
1562,1072,981,3118551,20256,861193,8497200
1563,962,979,3117589,20239,862172,8536900
1564,959,1047,3116630,20151,863219,8422700
1565,1021,992,3115609,20180,864211,8783000
1566,1019,1077,3114590,20122,865288,8339500
1567,969,1055,3113621,20036,866343,8836200
1568,1000,1005,3112621,20031,867348,8648900
1569,962,988,3111659,20005,868336,8360000
1570,994,976,3110665,20023,869312,8395800
1571,1018,1016,3109647,20025,870328,9388700
1572,1016,951,3108631,20090,871279,9470700
1573,940,1008,3107691,20022,872287,8498900
1574,1009,999,3106682,20032,873286,8502600
1575,999,1058,3105683,19973,874344,8347000
1576,1015,1019,3104668,19969,875363,8476300
1577,1003,1008,3103665,19964,876371,8596100
1578,992,984,3102673,19972,877355,8311500
1579,1004,972,3101669,20004,878327,8337700
1580,986,919,3100683,20071,879246,8680300
1581,1021,1051,3099662,20041,880297,8131000
1582,994,1006,3098668,20029,881303,8105400
1583,1026,1026,3097642,20029,882329,8415000
1584,947,1006,3096695,19970,883335,8354500
1585,986,1014,3095709,19942,884349,8401900
1586,1010,1006,3094699,19946,885355,8757000
1587,1020,1018,3093679,19948,886373,8525800
1588,981,983,3092698,19946,887356,8267700
1589,1042,1021,3091656,19967,888377,8201900
1590,1001,1030,3090655,19938,889407,8325500
1591,1025,994,3089630,19969,890401,8228900
1592,1044,1014,3088586,19999,891415,8300600
1593,1005,1006,3087581,19998,892421,8235700
1594,1054,999,3086527,20053,893420,8519000
1595,1071,1050,3085456,20074,894470,8474400
1596,1010,1064,3084446,20020,895534,8360400
1597,1004,995,3083442,20029,896529,8288300
1598,1041,953,3082401,20117,897482,8188300
1599,1059,1040,3081342,20136,898522,8303900
1600,1047,1056,3080295,20127,899578,8440300
1601,1030,1017,3079265,20140,900595,8623500
1602,1048,1013,3078217,20175,901608,8231600
1603,1049,1022,3077168,20202,902630,8346000
1604,1018,971,3076150,20249,903601,8565200
1605,1016,1059,3075134,20206,904660,8700000
1606,1038,1046,3074096,20198,905706,8594300
1607,1037,1091,3073059,20144,906797,8308700
1608,1033,989,3072026,20188,907786,8124200
1609,1075,1005,3070951,20258,908791,8706000
1610,1041,989,3069910,20310,909780,8163000
1611,1039,1028,3068871,20321,910808,9200300
1612,1105,1012,3067766,20414,911820,8687800
1613,1031,1006,3066735,20439,912826,8501300
1614,1028,1011,3065707,20456,913837,8385900
1615,1085,1037,3064622,20504,914874,8465100
1616,1090,1000,3063532,20594,915874,8484300
1617,1032,1054,3062500,20572,916928,8399400
1618,1026,1027,3061474,20571,917955,8452100
1619,1138,1016,3060336,20693,918971,8166400
1620,1070,1097,3059266,20666,920068,8952200
1621,1085,1066,3058181,20685,921134,8334800
1622,1057,1013,3057124,20729,922147,8526600
1623,1084,1060,3056040,20753,923207,8496500
1624,1045,1014,3054995,20784,924221,8888800
1625,1037,1040,3053958,20781,925261,8856000
1626,1050,988,3052908,20843,926249,8347400
1627,1074,1059,3051834,20858,927308,8827900
1628,1061,1022,3050773,20897,928330,8173500
1629,1004,1024,3049769,20877,929354,9405700
1630,1127,1045,3048642,20959,930399,8336100
1631,1107,1078,3047535,20988,931477,8184900
1632,1049,1120,3046486,20917,932597,8160000
1633,1066,1086,3045420,20897,933683,8193100
1634,1013,1061,3044407,20849,934744,8248900
1635,1088,1032,3043319,20905,935776,8727900
1636,1047,1049,3042272,20903,936825,8242100
1637,1061,1085,3041211,20879,937910,8306500
1638,1068,1048,3040143,20899,938958,9342700
1639,1027,1055,3039116,20871,940013,8937200
1640,1044,1072,3038072,20843,941085,8934000
1641,1086,1028,3036986,20901,942113,8663500
1642,1025,1031,3035961,20895,943144,8483400
1643,1029,1095,3034932,20829,944239,8482400
1644,1074,1027,3033858,20876,945266,8720600
1645,1076,1058,3032782,20894,946324,8727000
1646,1024,1068,3031758,20850,947392,8676500
1647,1068,1045,3030690,20873,948437,8358900
1648,1094,1015,3029596,20952,949452,8536400
1649,1074,1026,3028522,21000,950478,8365200
1650,1086,1037,3027436,21049,951515,8463100
1651,1093,999,3026343,21143,952514,8389400
1652,1067,1093,3025276,21117,953607,8391100
1653,1052,1066,3024224,21103,954673,8489600
1654,1058,1015,3023166,21146,955688,8703000
1655,1109,1043,3022057,21212,956731,8506200
1656,1122,1038,3020935,21296,957769,8400600
1657,1119,1073,3019816,21342,958842,8476700
1658,1033,1026,3018783,21349,959868,8355400
1659,1049,1145,3017734,21253,961013,8525600
1660,1078,1035,3016656,21296,962048,8142300
1661,1089,1070,3015567,21315,963118,7947900
1662,1117,1121,3014450,21311,964239,9034500
1663,1078,1043,3013372,21346,965282,8649200
1664,1039,1117,3012333,21268,966399,8450800
1665,1095,1046,3011238,21317,967445,9068600
1666,1076,1065,3010162,21328,968510,8266500
1667,1042,1057,3009120,21313,969567,8391200
1668,1015,1047,3008105,21281,970614,8272100
1669,1080,1076,3007025,21285,971690,8685900
1670,1045,1085,3005980,21245,972775,8650300
1671,1057,1016,3004923,21286,973791,8404400
1672,1062,1069,3003861,21279,974860,8143800
1673,1144,1130,3002717,21293,975990,8255300
1674,1028,1065,3001689,21256,977055,8753500
1675,1041,1005,3000648,21292,978060,8146600
1676,1068,1072,2999580,21288,979132,8035800
1677,1011,1052,2998569,21247,980184,8502800
1678,1091,1040,2997478,21298,981224,8316100
1679,960,1088,2996518,21170,982312,8320100
1680,1085,1099,2995433,21156,983411,8288800
1681,1038,1079,2994395,21115,984490,8361700
1682,1116,1041,2993279,21190,985531,8458300
1683,1041,1091,2992238,21140,986622,8551300
1684,1127,1092,2991111,21175,987714,8116600
1685,1049,1123,2990062,21101,988837,8573200
1686,1043,1085,2989019,21059,989922,8641700
1687,1036,1055,2987983,21040,990977,8259600
1688,1038,1005,2986945,21073,991982,8016300
1689,1091,995,2985854,21169,992977,8057700
1690,1061,1056,2984793,21174,994033,8535100
1691,1035,1045,2983758,21164,995078,8620400
1692,1043,1020,2982715,21187,996098,8686500
1693,1060,1112,2981655,21135,997210,8591200
1694,1054,1072,2980601,21117,998282,8160600
1695,1026,1095,2979575,21048,999377,8557800
1696,1106,1049,2978469,21105,1000426,8662600
1697,1016,1020,2977453,21101,1001446,8494900
1698,1098,1009,2976355,21190,1002455,8493600
1699,1165,1096,2975190,21259,1003551,8629900
1700,1062,1098,2974128,21223,1004649,8481100
1701,1082,1069,2973046,21236,1005718,8311800
1702,1033,1040,2972013,21229,1006758,8178700
1703,1077,1063,2970936,21243,1007821,8406700
1704,1049,1045,2969887,21247,1008866,8174100
1705,1094,1015,2968793,21326,1009881,8293900
1706,1098,1053,2967695,21371,1010934,8511400
1707,1084,1062,2966611,21393,1011996,8477100
1708,1057,1040,2965554,21410,1013036,8226100
1709,1119,1051,2964435,21478,1014087,8514200
1710,1164,1073,2963271,21569,1015160,8710500
1711,1103,1038,2962168,21634,1016198,8732200
1712,1120,1055,2961048,21699,1017253,9122200
1713,1141,1088,2959907,21752,1018341,8846200
1714,1160,1068,2958747,21844,1019409,9005000
1715,1159,1101,2957588,21902,1020510,8309300
1716,1167,1100,2956421,21969,1021610,8327700
1717,1137,1081,2955284,22025,1022691,8732400
1718,1071,1117,2954213,21979,1023808,8370900
1719,1089,1123,2953124,21945,1024931,9045200
1720,1181,1090,2951943,22036,1026021,8278600
1721,1084,1116,2950859,22004,1027137,8210800
1722,1161,1065,2949698,22100,1028202,8319400
1723,1118,1111,2948580,22107,1029313,8482000
1724,1136,1134,2947444,22109,1030447,9117800
1725,1116,1137,2946328,22088,1031584,8322400
1726,1135,1070,2945193,22153,1032654,8309200
1727,1144,1136,2944049,22161,1033790,8482600
1728,1122,1112,2942927,22171,1034902,9140600
1729,1137,1111,2941790,22197,1036013,8688700
1730,1175,1129,2940615,22243,1037142,8274400
1731,1122,1132,2939493,22233,1038274,8282100
1732,1147,1081,2938346,22299,1039355,8444100
1733,1157,1142,2937189,22314,1040497,8524400
1734,1120,1147,2936069,22287,1041644,8880900
1735,1117,1128,2934952,22276,1042772,8786200
1736,1107,1110,2933845,22273,1043882,9029900
1737,1090,1102,2932755,22261,1044984,9089100
1738,1172,1102,2931583,22331,1046086,8886200
1739,1064,1088,2930519,22307,1047174,9977200
1740,1140,1149,2929379,22298,1048323,9396900
1741,1100,1084,2928279,22314,1049407,9679800
1742,1083,1115,2927196,22282,1050522,9364700
1743,1131,1096,2926065,22317,1051618,9254700
1744,1088,1111,2924977,22294,1052729,8780300
1745,1149,1169,2923828,22274,1053898,9293900
1746,1100,1044,2922728,22330,1054942,9014900
1747,1105,1120,2921623,22315,1056062,14935300
1748,1177,1133,2920446,22359,1057195,15158900
1749,1125,1059,2919321,22425,1058254,10680900
1750,1135,1181,2918186,22379,1059435,10692300
1751,1093,1103,2917093,22369,1060538,11297600
1752,1106,1101,2915987,22374,1061639,11813000
1753,1123,1091,2914864,22406,1062730,9240600
1754,1138,1158,2913726,22386,1063888,8921900
1755,1097,1108,2912629,22375,1064996,9063200
1756,1102,1081,2911527,22396,1066077,8867400
1757,1071,1118,2910456,22349,1067195,8946700
1758,1107,1120,2909349,22336,1068315,10048300
1759,1069,1114,2908280,22291,1069429,9139600
1760,1092,1154,2907188,22229,1070583,8973800
1761,1127,1150,2906061,22206,1071733,8941800
1762,1081,1087,2904980,22200,1072820,9039700
1763,1101,1216,2903879,22085,1074036,9150100
1764,1089,1086,2902790,22088,1075122,8679500
1765,1095,1110,2901695,22073,1076232,8947300
1766,1202,1079,2900493,22196,1077311,8840800
1767,1107,1136,2899386,22167,1078447,9728100
1768,1134,1103,2898252,22198,1079550,10035300
1769,1130,1150,2897122,22178,1080700,9402500
1770,1158,1089,2895964,22247,1081789,9448000
1771,1150,1085,2894814,22312,1082874,9216800
1772,1142,1077,2893672,22377,1083951,9141800
1773,1179,1141,2892493,22415,1085092,9202700
1774,1162,1101,2891331,22476,1086193,8812100
1775,1107,1109,2890224,22474,1087302,9014400
1776,1127,1151,2889097,22450,1088453,9092300
1777,1157,1121,2887940,22486,1089574,9258900
1778,1132,1129,2886808,22489,1090703,8725300
1779,1156,1171,2885652,22474,1091874,8960800
1780,1104,1098,2884548,22480,1092972,9228100
1781,1147,1114,2883401,22513,1094086,8880800
1782,1139,1083,2882262,22569,1095169,8446200
1783,1086,1125,2881176,22530,1096294,8594100
1784,1160,1129,2880016,22561,1097423,8497700
1785,1180,1159,2878836,22582,1098582,8681900
1786,1197,1150,2877639,22629,1099732,8594100
1787,1099,1099,2876540,22629,1100831,9467100
1788,1106,1141,2875434,22594,1101972,8731100
1789,1186,1117,2874248,22663,1103089,9122700
1790,1091,1189,2873157,22565,1104278,8612200
1791,1092,1104,2872065,22553,1105382,8422000
1792,1112,1082,2870953,22583,1106464,8343300
1793,1153,1142,2869800,22594,1107606,8533000
1794,1114,1150,2868686,22558,1108756,8890500
1795,1162,1122,2867524,22598,1109878,9288200
1796,1159,1143,2866365,22614,1111021,8336300
1797,1165,1149,2865200,22630,1112170,8351300
1798,1092,1183,2864108,22539,1113353,8305800
1799,1128,1108,2862980,22559,1114461,8408700
1800,1081,1193,2861899,22447,1115654,8601800
1801,1141,1179,2860758,22409,1116833,8481600
1802,1139,1140,2859619,22408,1117973,8478300
1803,1126,1117,2858493,22417,1119090,8495200
1804,1172,1112,2857321,22477,1120202,8412200
1805,1143,1178,2856178,22442,1121380,8261000
1806,1162,1146,2855016,22458,1122526,8077700
1807,1177,1087,2853839,22548,1123613,8276700
1808,1126,1149,2852713,22525,1124762,8185900
1809,1156,1121,2851557,22560,1125883,8241500
1810,1152,1147,2850405,22565,1127030,8415300
1811,1148,1163,2849257,22550,1128193,8336700
1812,1104,1107,2848153,22547,1129300,8304900
1813,1165,1155,2846988,22557,1130455,8332500
1814,1137,1143,2845851,22551,1131598,8172000
1815,1113,1110,2844738,22554,1132708,8098800
1816,1178,1114,2843560,22618,1133822,8247500
1817,1226,1121,2842334,22723,1134943,8431800
1818,1169,1196,2841165,22696,1136139,8659600
1819,1107,1136,2840058,22667,1137275,8632300
1820,1144,1166,2838914,22645,1138441,8502800
1821,1184,1115,2837730,22714,1139556,8295700
1822,1133,1154,2836597,22693,1140710,8297900
1823,1177,1127,2835420,22743,1141837,8604300
1824,1161,1152,2834259,22752,1142989,8197700
1825,1154,1126,2833105,22780,1144115,8273300
1826,1188,1148,2831917,22820,1145263,8790200
1827,1240,1115,2830677,22945,1146378,8569300
1828,1241,1149,2829436,23037,1147527,8311300
1829,1145,1155,2828291,23027,1148682,8092200
1830,1242,1186,2827049,23083,1149868,8755900
1831,1219,1131,2825830,23171,1150999,8695200
1832,1178,1151,2824652,23198,1152150,8220500
1833,1214,1104,2823438,23308,1153254,8029700
1834,1138,1159,2822300,23287,1154413,8288300
1835,1206,1124,2821094,23369,1155537,8600100
1836,1199,1168,2819895,23400,1156705,8415000
1837,1168,1134,2818727,23434,1157839,8529100
1838,1224,1197,2817503,23461,1159036,8579900
1839,1146,1149,2816357,23458,1160185,8532600
1840,1127,1192,2815230,23393,1161377,8617900
1841,1133,1174,2814097,23352,1162551,8571000
1842,1122,1159,2812975,23315,1163710,8624900
1843,1163,1128,2811812,23350,1164838,8538800
1844,1113,1165,2810699,23298,1166003,8763700
1845,1114,1179,2809585,23233,1167182,8806500
1846,1174,1163,2808411,23244,1168345,8671100
1847,1142,1143,2807269,23243,1169488,9022100
1848,1143,1161,2806126,23225,1170649,8620300
1849,1157,1170,2804969,23212,1171819,8866700
1850,1126,1171,2803843,23167,1172990,9237800
1851,1176,1188,2802667,23155,1174178,8751400
1852,1184,1109,2801483,23230,1175287,8641200
1853,1157,1137,2800326,23250,1176424,8523700
1854,1181,1203,2799145,23228,1177627,8603000
1855,1147,1139,2797998,23236,1178766,8745400
1856,1181,1195,2796817,23222,1179961,8999000
1857,1193,1122,2795624,23293,1181083,8282900
1858,1149,1160,2794475,23282,1182243,8783900
1859,1245,1213,2793230,23314,1183456,8468400
1860,1157,1132,2792073,23339,1184588,8422500
1861,1163,1216,2790910,23286,1185804,8622200
1862,1168,1174,2789742,23280,1186978,8434600
1863,1169,1144,2788573,23305,1188122,9179700
1864,1139,1172,2787434,23272,1189294,8790300
1865,1116,1164,2786318,23224,1190458,9348700
1866,1141,1183,2785177,23182,1191641,8292800
1867,1152,1219,2784025,23115,1192860,8346900
1868,1135,1143,2782890,23107,1194003,8409400
1869,1191,1136,2781699,23162,1195139,8322300
1870,1123,1145,2780576,23140,1196284,8352500
1871,1168,1178,2779408,23130,1197462,8346400
1872,1137,1118,2778271,23149,1198580,8843800
1873,1204,1097,2777067,23256,1199677,9156700
1874,1191,1178,2775876,23269,1200855,9522300
1875,1216,1169,2774660,23316,1202024,8614500
1876,1223,1134,2773437,23405,1203158,8650200
1877,1226,1168,2772211,23463,1204326,8487700
1878,1230,1144,2770981,23549,1205470,8914000
1879,1227,1168,2769754,23608,1206638,8555400
1880,1215,1169,2768539,23654,1207807,9050500
1881,1234,1180,2767305,23708,1208987,9410500
1882,1228,1172,2766077,23764,1210159,8640300
1883,1218,1236,2764859,23746,1211395,8612300
1884,1276,1239,2763583,23783,1212634,9057700
1885,1179,1240,2762404,23722,1213874,9188100
1886,1270,1213,2761134,23779,1215087,8867300
1887,1236,1191,2759898,23824,1216278,8993200
1888,1227,1205,2758671,23846,1217483,9183200
1889,1175,1208,2757496,23813,1218691,9452200
1890,1171,1150,2756325,23834,1219841,9557000
1891,1185,1205,2755140,23814,1221046,9246500
1892,1210,1192,2753930,23832,1222238,9226900
1893,1188,1179,2752742,23841,1223417,9370600
1894,1148,1200,2751594,23789,1224617,9574600
1895,1141,1255,2750453,23675,1225872,8984500
1896,1131,1151,2749322,23655,1227023,9522700
1897,1177,1230,2748145,23602,1228253,9046600
1898,1211,1174,2746934,23639,1229427,9153400
1899,1151,1154,2745783,23636,1230581,8754700
1900,1192,1167,2744591,23661,1231748,9119800
1901,1180,1178,2743411,23663,1232926,9232400
1902,1199,1206,2742212,23656,1234132,9758500
1903,1184,1150,2741028,23690,1235282,9168400
1904,1190,1214,2739838,23666,1236496,9633200
1905,1208,1173,2738630,23701,1237669,10022000
1906,1208,1144,2737422,23765,1238813,10362300
1907,1165,1216,2736257,23714,1240029,9436500
1908,1193,1118,2735064,23789,1241147,9829400
1909,1225,1131,2733839,23883,1242278,9594200
1910,1176,1153,2732663,23906,1243431,9097800
1911,1163,1225,2731500,23844,1244656,9343300
1912,1135,1141,2730365,23838,1245797,9207400
1913,1142,1253,2729223,23727,1247050,9187700
1914,1147,1313,2728076,23561,1248363,9562600
1915,1126,1161,2726950,23526,1249524,9384600
1916,1156,1209,2725794,23473,1250733,8913500
1917,1148,1148,2724646,23473,1251881,8890400
1918,1224,1137,2723422,23560,1253018,9119400
1919,1157,1164,2722265,23553,1254182,8476600
1920,1149,1177,2721116,23525,1255359,8498600
1921,1172,1216,2719944,23481,1256575,9110700
1922,1127,1204,2718817,23404,1257779,8862200
1923,1161,1178,2717656,23387,1258957,8867800
1924,1149,1113,2716507,23423,1260070,8870100
1925,1137,1219,2715370,23341,1261289,9128200
1926,1200,1168,2714170,23373,1262457,8795500
1927,1199,1178,2712971,23394,1263635,8699600
1928,1168,1129,2711803,23433,1264764,8995300
1929,1136,1157,2710667,23412,1265921,8881000
1930,1163,1185,2709504,23390,1267106,9355900
1931,1180,1125,2708324,23445,1268231,9136100
1932,1178,1152,2707146,23471,1269383,8581500
1933,1250,1173,2705896,23548,1270556,8539600
1934,1272,1175,2704624,23645,1271731,9077300
1935,1207,1207,2703417,23645,1272938,9228900
1936,1151,1216,2702266,23580,1274154,9070300
1937,1247,1160,2701019,23667,1275314,9224200
1938,1307,1180,2699712,23794,1276494,9352900
1939,1247,1212,2698465,23829,1277706,8962300
1940,1208,1202,2697257,23835,1278908,9486000
1941,1225,1176,2696032,23884,1280084,9659000
1942,1210,1217,2694822,23877,1281301,9660400
1943,1199,1086,2693623,23990,1282387,9301300
1944,1258,1188,2692365,24060,1283575,10322800
1945,1269,1213,2691096,24116,1284788,9718100
1946,1274,1189,2689822,24201,1285977,9512400
1947,1239,1267,2688583,24173,1287244,9857400
1948,1231,1195,2687352,24209,1288439,9725900
1949,1213,1232,2686139,24190,1289671,9266700
1950,1190,1180,2684949,24200,1290851,9761900
1951,1198,1210,2683751,24188,1292061,12151600
1952,1205,1192,2682546,24201,1293253,14959000
1953,1185,1177,2681361,24209,1294430,10112500
1954,1209,1207,2680152,24211,1295637,9193100
1955,1139,1182,2679013,24168,1296819,8967900
1956,1221,1182,2677792,24207,1298001,8916000
1957,1180,1152,2676612,24235,1299153,8917100
1958,1187,1197,2675425,24225,1300350,9030500
1959,1241,1212,2674184,24254,1301562,8603900
1960,1249,1269,2672935,24234,1302831,8769300
1961,1242,1228,2671693,24248,1304059,8930600
1962,1232,1250,2670461,24230,1305309,9139400
1963,1198,1255,2669263,24173,1306564,8786200
1964,1160,1157,2668103,24176,1307721,9350900
1965,1189,1246,2666914,24119,1308967,9366900
1966,1257,1171,2665657,24205,1310138,9199800
1967,1238,1214,2664419,24229,1311352,8884600
1968,1161,1152,2663258,24238,1312504,9123200
1969,1227,1207,2662031,24258,1313711,8821200
1970,1218,1175,2660813,24301,1314886,8980000
1971,1204,1163,2659609,24342,1316049,8535800
1972,1192,1228,2658417,24306,1317277,8751700
1973,1216,1264,2657201,24258,1318541,8510900
1974,1280,1216,2655921,24322,1319757,8755800
1975,1240,1243,2654681,24319,1321000,9324600
1976,1210,1195,2653471,24334,1322195,9041300
1977,1158,1203,2652313,24289,1323398,8383000
1978,1246,1175,2651067,24360,1324573,9103000
1979,1175,1194,2649892,24341,1325767,8947100
1980,1147,1233,2648745,24255,1327000,8930600
1981,1160,1219,2647585,24196,1328219,8664700
1982,1185,1238,2646400,24143,1329457,8991100
1983,1130,1202,2645270,24071,1330659,9167300
1984,1188,1219,2644082,24040,1331878,8915900
1985,1185,1168,2642897,24057,1333046,8825000
1986,1157,1207,2641740,24007,1334253,8389800
1987,1213,1218,2640527,24002,1335471,8627200
1988,1198,1227,2639329,23973,1336698,8379400
1989,1210,1245,2638119,23938,1337943,8674100
1990,1220,1208,2636899,23950,1339151,8137000
1991,1120,1221,2635779,23849,1340372,8676500
1992,1221,1122,2634558,23948,1341494,8342600
1993,1223,1182,2633335,23989,1342676,8848000
1994,1129,1210,2632206,23908,1343886,8824000
1995,1192,1246,2631014,23854,1345132,8677500
1996,1168,1236,2629846,23786,1346368,8670100
1997,1155,1201,2628691,23740,1347569,8420900
1998,1159,1187,2627532,23712,1348756,8592900
1999,1150,1208,2626382,23654,1349964,8592700
2000,1151,1163,2625231,23642,1351127,8919700
2001,1176,1182,2624055,23636,1352309,8500200
2002,1174,1184,2622881,23626,1353493,8558800
2003,1166,1167,2621715,23625,1354660,8634200
2004,1202,1114,2620513,23713,1355774,8423100
2005,1201,1180,2619312,23734,1356954,8276800
2006,1251,1156,2618061,23829,1358110,8286900
2007,1198,1208,2616863,23819,1359318,8410700
2008,1208,1214,2615655,23813,1360532,8158700
2009,1215,1138,2614440,23890,1361670,8087000
2010,1265,1189,2613175,23966,1362859,8206800
2011,1258,1251,2611917,23973,1364110,8450200
2012,1207,1237,2610710,23943,1365347,8618700
2013,1243,1214,2609467,23972,1366561,8100800
2014,1226,1202,2608241,23996,1367763,8249400
2015,1169,1237,2607072,23928,1369000,8205600
2016,1158,1265,2605914,23821,1370265,8163900
2017,1196,1165,2604718,23852,1371430,8072100
2018,1155,1224,2603563,23783,1372654,8053700
2019,1195,1204,2602368,23774,1373858,8080800
2020,1186,1220,2601182,23740,1375078,8257100
2021,1223,1180,2599959,23783,1376258,8215000
2022,1155,1191,2598804,23747,1377449,8165200
2023,1178,1225,2597626,23700,1378674,8033300
2024,1182,1195,2596444,23687,1379869,8113900
2025,1196,1182,2595248,23701,1381051,8365900
2026,1165,1173,2594083,23693,1382224,8540800
2027,1244,1175,2592839,23762,1383399,8204000
2028,1153,1209,2591686,23706,1384608,8614500
2029,1113,1134,2590573,23685,1385742,7992900
2030,1158,1214,2589415,23629,1386956,8024900
2031,1201,1210,2588214,23620,1388166,7988300
2032,1166,1155,2587048,23631,1389321,8193700
2033,1201,1185,2585847,23647,1390506,8126800
2034,1153,1210,2584694,23590,1391716,8093600
2035,1195,1149,2583499,23636,1392865,8259900
2036,1235,1182,2582264,23689,1394047,8446700
2037,1146,1211,2581118,23624,1395258,8184100
2038,1226,1155,2579892,23695,1396413,8272700
2039,1140,1252,2578752,23583,1397665,8418000
2040,1211,1169,2577541,23625,1398834,8528300
2041,1199,1185,2576342,23639,1400019,8128000
2042,1161,1176,2575181,23624,1401195,8039600
2043,1183,1141,2573998,23666,1402336,8065400
2044,1222,1182,2572776,23706,1403518,9016200
2045,1210,1272,2571566,23644,1404790,8540100
2046,1195,1181,2570371,23658,1405971,8223600
2047,1171,1199,2569200,23630,1407170,8204200
2048,1158,1171,2568042,23617,1408341,8120100
2049,1138,1199,2566904,23556,1409540,8741000
2050,1162,1157,2565742,23561,1410697,8396500
2051,1226,1163,2564516,23624,1411860,8208600
2052,1198,1135,2563318,23687,1412995,8721400
2053,1231,1188,2562087,23730,1414183,8164100
2054,1190,1210,2560897,23710,1415393,8121000
2055,1212,1198,2559685,23724,1416591,8403900
2056,1220,1159,2558465,23785,1417750,8054100
2057,1232,1183,2557233,23834,1418933,8183200
2058,1213,1215,2556020,23832,1420148,8073200
2059,1210,1215,2554810,23827,1421363,8150900
2060,1222,1197,2553588,23852,1422560,8468400
2061,1218,1236,2552370,23834,1423796,8636500
2062,1157,1192,2551213,23799,1424988,8020300
2063,1199,1164,2550014,23834,1426152,8281300
2064,1195,1207,2548819,23822,1427359,8059100
2065,1208,1183,2547611,23847,1428542,8146900
2066,1242,1203,2546369,23886,1429745,8900100
2067,1217,1194,2545152,23909,1430939,8407200
2068,1158,1149,2543994,23918,1432088,8370100
2069,1209,1184,2542785,23943,1433272,8416600
2070,1251,1196,2541534,23998,1434468,8582300
2071,1250,1244,2540284,24004,1435712,8544400
2072,1198,1216,2539086,23986,1436928,8742800
2073,1205,1170,2537881,24021,1438098,8624500
2074,1236,1207,2536645,24050,1439305,8770500
2075,1180,1182,2535465,24048,1440487,9543700
2076,1190,1186,2534275,24052,1441673,8548400
2077,1117,1188,2533158,23981,1442861,8141100
2078,1180,1164,2531978,23997,1444025,7990000
2079,1242,1220,2530736,24019,1445245,7957600
2080,1228,1230,2529508,24017,1446475,8177800
2081,1172,1213,2528336,23976,1447688,8238400
2082,1150,1202,2527186,23924,1448890,8270000
2083,1174,1156,2526012,23942,1450046,8159200
2084,1238,1169,2524774,24011,1451215,8375100
2085,1182,1171,2523592,24022,1452386,8045900
2086,1168,1186,2522424,24004,1453572,8402300
2087,1197,1165,2521227,24036,1454737,8788700
2088,1182,1212,2520045,24006,1455949,8326500
2089,1213,1171,2518832,24048,1457120,8199800
2090,1218,1175,2517614,24091,1458295,8211000
2091,1241,1233,2516373,24099,1459528,8342400
2092,1169,1193,2515204,24075,1460721,8146600
2093,1163,1185,2514041,24053,1461906,8298800
2094,1226,1199,2512815,24080,1463105,8077500
2095,1166,1209,2511649,24037,1464314,8166800
2096,1236,1128,2510413,24145,1465442,8211600
2097,1211,1175,2509202,24181,1466617,8423800
2098,1196,1141,2508006,24236,1467758,8453800
2099,1228,1202,2506778,24262,1468960,8557600
2100,1244,1188,2505534,24318,1470148,8985900
2101,1188,1186,2504346,24320,1471334,8667900
2102,1180,1242,2503166,24258,1472576,8996600
2103,1220,1265,2501946,24213,1473841,8972000
2104,1210,1187,2500736,24236,1475028,8187600
2105,1243,1231,2499493,24248,1476259,8887000
2106,1234,1183,2498259,24299,1477442,8091100
2107,1216,1229,2497043,24286,1478671,8497100
2108,1236,1141,2495807,24381,1479812,8678900
2109,1227,1297,2494580,24311,1481109,8326100
2110,1249,1191,2493331,24369,1482300,8078200
2111,1172,1268,2492159,24273,1483568,8103300
2112,1242,1174,2490917,24341,1484742,8065900
2113,1160,1171,2489757,24330,1485913,8326600
2114,1190,1239,2488567,24281,1487152,8401400
2115,1212,1237,2487355,24256,1488389,8653200
2116,1201,1271,2486154,24186,1489660,8810800
2117,1239,1171,2484915,24254,1490831,8551400
2118,1202,1247,2483713,24209,1492078,8086300
2119,1233,1201,2482480,24241,1493279,8105200
2120,1207,1215,2481273,24233,1494494,8025900
2121,1184,1194,2480089,24223,1495688,8117000
2122,1206,1192,2478883,24237,1496880,8865800
2123,1162,1262,2477721,24137,1498142,8358300
2124,1270,1214,2476451,24193,1499356,8470300
2125,1145,1158,2475306,24180,1500514,8725300
2126,1181,1230,2474125,24131,1501744,8795000
2127,1248,1211,2472877,24168,1502955,8353800
2128,1243,1185,2471634,24226,1504140,8365000
2129,1149,1188,2470485,24187,1505328,8456600
2130,1221,1179,2469264,24229,1506507,8333000
2131,1204,1221,2468060,24212,1507728,8507200
2132,1216,1189,2466844,24239,1508917,8423400
2133,1224,1184,2465620,24279,1510101,8498300
2134,1198,1208,2464422,24269,1511309,8176100
2135,1243,1256,2463179,24256,1512565,8337300
2136,1250,1185,2461929,24321,1513750,8323900
2137,1265,1247,2460664,24339,1514997,8225300
2138,1200,1242,2459464,24297,1516239,8372000
2139,1219,1266,2458245,24250,1517505,8639800
2140,1208,1237,2457037,24221,1518742,8377500
2141,1223,1216,2455814,24228,1519958,8438800
2142,1207,1196,2454607,24239,1521154,8343300
2143,1198,1214,2453409,24223,1522368,8614000
2144,1172,1243,2452237,24152,1523611,8111500
2145,1230,1199,2451007,24183,1524810,8320000
2146,1245,1186,2449762,24242,1525996,8992800
2147,1282,1203,2448480,24321,1527199,8549900
2148,1249,1252,2447231,24318,1528451,8360800
2149,1223,1155,2446008,24386,1529606,8210900
2150,1199,1176,2444809,24409,1530782,8578500
2151,1279,1266,2443530,24422,1532048,8412300
2152,1215,1214,2442315,24423,1533262,8571300
2153,1220,1257,2441095,24386,1534519,8718100
2154,1226,1176,2439869,24436,1535695,8329900
2155,1252,1229,2438617,24459,1536924,8503000
2156,1235,1163,2437382,24531,1538087,8202000
2157,1219,1223,2436163,24527,1539310,8564900
2158,1187,1216,2434976,24498,1540526,8275400
2159,1296,1293,2433680,24501,1541819,8387000
2160,1204,1225,2432476,24480,1543044,8204000
2161,1245,1219,2431231,24506,1544263,8217300
2162,1136,1195,2430095,24447,1545458,8504100
2163,1165,1154,2428930,24458,1546612,8205700
2164,1193,1255,2427737,24396,1547867,8101700
2165,1199,1249,2426538,24346,1549116,8031500
2166,1230,1216,2425308,24360,1550332,8063200
2167,1229,1209,2424079,24380,1551541,8327800
2168,1162,1253,2422917,24289,1552794,8505000
2169,1217,1179,2421700,24327,1553973,8724100
2170,1241,1178,2420459,24390,1555151,8622000
2171,1216,1201,2419243,24405,1556352,8398000
2172,1200,1235,2418043,24370,1557587,8897200
2173,1235,1168,2416808,24437,1558755,8211100
2174,1200,1234,2415608,24403,1559989,8157800
2175,1210,1215,2414398,24398,1561204,8284100
2176,1185,1208,2413213,24375,1562412,8356600
2177,1245,1200,2411968,24420,1563612,8180300
2178,1215,1246,2410753,24389,1564858,8182900
2179,1174,1272,2409579,24291,1566130,8141000
2180,1179,1241,2408400,24229,1567371,8641600
2181,1218,1229,2407182,24218,1568600,8761000
2182,1204,1181,2405978,24241,1569781,8365700
2183,1187,1186,2404791,24242,1570967,8361500
2184,1214,1181,2403577,24275,1572148,8152900
2185,1267,1208,2402310,24334,1573356,8134600
2186,1247,1270,2401063,24311,1574626,8244900
2187,1290,1261,2399773,24340,1575887,8426800
2188,1219,1163,2398554,24396,1577050,8193700
2189,1251,1217,2397303,24430,1578267,8200900
2190,1273,1240,2396030,24463,1579507,8763900
2191,1221,1256,2394809,24428,1580763,8769500
2192,1243,1168,2393566,24503,1581931,8578200
2193,1313,1254,2392253,24562,1583185,8245900
2194,1276,1266,2390977,24572,1584451,8156200
2195,1257,1189,2389720,24640,1585640,8241100
2196,1291,1184,2388429,24747,1586824,8441500
2197,1308,1233,2387121,24822,1588057,8254200
2198,1296,1281,2385825,24837,1589338,8415900
2199,1240,1260,2384585,24817,1590598,8629400
2200,1264,1190,2383321,24891,1591788,8330300
2201,1243,1251,2382078,24883,1593039,8172200
2202,1319,1228,2380759,24974,1594267,8728500
2203,1270,1224,2379489,25020,1595491,8332100
2204,1291,1234,2378198,25077,1596725,8423600
2205,1289,1255,2376909,25111,1597980,8095000
2206,1297,1230,2375612,25178,1599210,8852200
2207,1252,1225,2374360,25205,1600435,8446800
2208,1252,1252,2373108,25205,1601687,8567900
2209,1275,1274,2371833,25206,1602961,8604000
2210,1267,1239,2370566,25234,1604200,8539300
2211,1319,1330,2369247,25223,1605530,8668600
2212,1299,1221,2367948,25301,1606751,8143600
2213,1286,1240,2366662,25347,1607991,8222700
2214,1311,1228,2365351,25430,1609219,8587200
2215,1219,1354,2364132,25295,1610573,8121600
2216,1304,1211,2362828,25388,1611784,8105800
2217,1196,1255,2361632,25329,1613039,8436100
2218,1317,1299,2360315,25347,1614338,9017000
2219,1343,1271,2358972,25419,1615609,9004100
2220,1296,1283,2357676,25432,1616892,8399900
2221,1283,1273,2356393,25442,1618165,8495200
2222,1299,1302,2355094,25439,1619467,8458000
2223,1286,1272,2353808,25453,1620739,8712300
2224,1199,1212,2352609,25440,1621951,8399900
2225,1236,1295,2351373,25381,1623246,8304400
2226,1297,1265,2350076,25413,1624511,8814200
2227,1269,1282,2348807,25400,1625793,8312300
2228,1252,1207,2347555,25445,1627000,8424300
2229,1284,1306,2346271,25423,1628306,8261600
2230,1257,1268,2345014,25412,1629574,8590500
2231,1294,1272,2343720,25434,1630846,8480700
2232,1249,1201,2342471,25482,1632047,8299500
2233,1274,1310,2341197,25446,1633357,8227300
2234,1223,1249,2339974,25420,1634606,8441200
2235,1204,1213,2338770,25411,1635819,8338800
2236,1207,1283,2337563,25335,1637102,8164900
2237,1216,1303,2336347,25248,1638405,8544600
2238,1243,1264,2335104,25227,1639669,8179900
2239,1260,1245,2333844,25242,1640914,8207300
2240,1242,1238,2332602,25246,1642152,8451500
2241,1229,1265,2331373,25210,1643417,8383500
2242,1239,1183,2330134,25266,1644600,8443900
2243,1226,1235,2328908,25257,1645835,8190300
2244,1268,1244,2327640,25281,1647079,8073100
2245,1256,1303,2326384,25234,1648382,8298800
2246,1256,1212,2325128,25278,1649594,8264300
2247,1282,1248,2323846,25312,1650842,8138600
2248,1275,1306,2322571,25281,1652148,8579900
2249,1271,1264,2321300,25288,1653412,8208000
2250,1277,1260,2320023,25305,1654672,8528500
2251,1229,1252,2318794,25282,1655924,8663200
2252,1268,1265,2317526,25285,1657189,8981900
2253,1273,1267,2316253,25291,1658456,8466100
2254,1325,1292,2314928,25324,1659748,8326800
2255,1221,1253,2313707,25292,1661001,8211800
2256,1244,1283,2312463,25253,1662284,8361700
2257,1298,1201,2311165,25350,1663485,8803600
2258,1247,1258,2309918,25339,1664743,8345700
2259,1224,1315,2308694,25248,1666058,8289600
2260,1283,1266,2307411,25265,1667324,8040600
2261,1308,1264,2306103,25309,1668588,8168500
2262,1300,1345,2304803,25264,1669933,8162700
2263,1240,1288,2303563,25216,1671221,8167500
2264,1289,1277,2302274,25228,1672498,8288400
2265,1280,1268,2300994,25240,1673766,8478900
2266,1234,1226,2299760,25248,1674992,8605900
2267,1264,1284,2298496,25228,1676276,8428200
2268,1217,1187,2297279,25258,1677463,8122200
2269,1278,1291,2296001,25245,1678754,8182500
2270,1251,1222,2294750,25274,1679976,8081000
2271,1233,1302,2293517,25205,1681278,8254000
2272,1287,1262,2292230,25230,1682540,8344200
2273,1235,1254,2290995,25211,1683794,8553300
2274,1150,1270,2289845,25091,1685064,8888300
2275,1284,1225,2288561,25150,1686289,8703400
2276,1288,1210,2287273,25228,1687499,8618200
2277,1281,1273,2285992,25236,1688772,8271600
2278,1266,1263,2284726,25239,1690035,8291100
2279,1260,1221,2283466,25278,1691256,9535400
2280,1292,1261,2282174,25309,1692517,9328600
2281,1284,1258,2280890,25335,1693775,9598400
2282,1244,1258,2279646,25321,1695033,9220900
2283,1262,1249,2278384,25334,1696282,9116400
2284,1247,1309,2277137,25272,1697591,8955200
2285,1234,1259,2275903,25247,1698850,9354700
2286,1271,1291,2274632,25227,1700141,8679500
2287,1289,1288,2273343,25228,1701429,9122500
2288,1264,1249,2272079,25243,1702678,8735900
2289,1232,1274,2270847,25201,1703952,8731700
2290,1313,1307,2269534,25207,1705259,9709200
2291,1270,1332,2268264,25145,1706591,8711900
2292,1210,1277,2267054,25078,1707868,8818300
2293,1274,1243,2265780,25109,1709111,8293900
2294,1211,1260,2264569,25060,1710371,8711300
2295,1278,1245,2263291,25093,1711616,8519500
2296,1301,1301,2261990,25093,1712917,8396200
2297,1236,1296,2260754,25033,1714213,8426600
2298,1239,1215,2259515,25057,1715428,8283300
2299,1242,1300,2258273,24999,1716728,8449100
2300,1232,1276,2257041,24955,1718004,8845900
2301,1206,1245,2255835,24916,1719249,8186000
2302,1256,1226,2254579,24946,1720475,8377500
2303,1330,1303,2253249,24973,1721778,8212000
2304,1257,1249,2251992,24981,1723027,8262800
2305,1278,1241,2250714,25018,1724268,9118800
2306,1288,1235,2249426,25071,1725503,8708700
2307,1324,1263,2248102,25132,1726766,8589100
2308,1258,1252,2246844,25138,1728018,8196400
2309,1215,1243,2245629,25110,1729261,8465000
2310,1264,1245,2244365,25129,1730506,8130800
2311,1198,1272,2243167,25055,1731778,8322400
2312,1302,1200,2241865,25157,1732978,8164000
2313,1249,1227,2240616,25179,1734205,8282500
2314,1319,1290,2239297,25208,1735495,8558900
2315,1266,1205,2238031,25269,1736700,8270100
2316,1249,1210,2236782,25308,1737910,8353800
2317,1186,1258,2235596,25236,1739168,8348200
2318,1203,1299,2234393,25140,1740467,8637200
2319,1231,1218,2233162,25153,1741685,8226000
2320,1228,1236,2231934,25145,1742921,8335900
2321,1290,1235,2230644,25200,1744156,8205100
2322,1243,1324,2229401,25119,1745480,8021300
2323,1211,1324,2228190,25006,1746804,7992400
2324,1250,1305,2226940,24951,1748109,8051000
2325,1304,1270,2225636,24985,1749379,8127400
2326,1273,1253,2224363,25005,1750632,8241700
2327,1270,1247,2223093,25028,1751879,8124800
2328,1259,1269,2221834,25018,1753148,8176300
2329,1249,1208,2220585,25059,1754356,8398500
2330,1232,1260,2219353,25031,1755616,8637700
2331,1252,1280,2218101,25003,1756896,8474000
2332,1249,1239,2216852,25013,1758135,8265500
2333,1261,1216,2215591,25058,1759351,8426200
2334,1228,1243,2214363,25043,1760594,8634900
2335,1261,1277,2213102,25027,1761871,8783300
2336,1236,1221,2211866,25042,1763092,8577000
2337,1200,1214,2210666,25028,1764306,8741000
2338,1250,1201,2209416,25077,1765507,8904300
2339,1244,1259,2208172,25062,1766766,8780500
2340,1240,1251,2206932,25051,1768017,9267900
2341,1220,1239,2205712,25032,1769256,8354000
2342,1263,1244,2204449,25051,1770500,8208300
2343,1196,1265,2203253,24982,1771765,8074100
2344,1187,1259,2202066,24910,1773024,8265900
2345,1158,1258,2200908,24810,1774282,8320800
2346,1253,1265,2199655,24798,1775547,8327700
2347,1312,1309,2198343,24801,1776856,8257100
2348,1147,1213,2197196,24735,1778069,8087000
2349,1234,1219,2195962,24750,1779288,8020600
2350,1181,1262,2194781,24669,1780550,8842300
2351,1253,1193,2193528,24729,1781743,8571900
2352,1199,1239,2192329,24689,1782982,8479600
2353,1187,1233,2191142,24643,1784215,8488500
2354,1182,1253,2189960,24572,1785468,8038900
2355,1192,1274,2188768,24490,1786742,7986900
2356,1246,1223,2187522,24513,1787965,8067600
2357,1186,1215,2186336,24484,1789180,8828700
2358,1214,1251,2185122,24447,1790431,8368000
2359,1198,1200,2183924,24445,1791631,8117400
2360,1154,1201,2182770,24398,1792832,8235600
2361,1230,1210,2181540,24418,1794042,8174000
2362,1175,1218,2180365,24375,1795260,8064300
2363,1201,1192,2179164,24384,1796452,8231900
2364,1264,1197,2177900,24451,1797649,8644800
2365,1207,1220,2176693,24438,1798869,8015900
2366,1173,1232,2175520,24379,1800101,8391500
2367,1155,1222,2174365,24312,1801323,8196100
2368,1223,1234,2173142,24301,1802557,8728500
2369,1201,1181,2171941,24321,1803738,8882800
2370,1152,1224,2170789,24249,1804962,8854100
2371,1207,1196,2169582,24260,1806158,8412900
2372,1149,1200,2168433,24209,1807358,8166500
2373,1255,1200,2167178,24264,1808558,8017200
2374,1161,1191,2166017,24234,1809749,8036100
2375,1234,1222,2164783,24246,1810971,8093400
2376,1143,1158,2163640,24231,1812129,8330100
2377,1282,1164,2162358,24349,1813293,8448600
2378,1252,1237,2161106,24364,1814530,8174400
2379,1250,1227,2159856,24387,1815757,8190100
2380,1268,1175,2158588,24480,1816932,8822400
2381,1242,1270,2157346,24452,1818202,8713800
2382,1210,1242,2156136,24420,1819444,8238300
2383,1180,1209,2154956,24391,1820653,8603800
2384,1212,1135,2153744,24468,1821788,8369500
2385,1145,1203,2152599,24410,1822991,8460300
2386,1195,1204,2151404,24401,1824195,8113000
2387,1174,1225,2150230,24350,1825420,8069400
2388,1156,1251,2149074,24255,1826671,8675400
2389,1274,1202,2147800,24327,1827873,8759000
2390,1220,1269,2146580,24278,1829142,8363600
2391,1186,1218,2145394,24246,1830360,8416100
2392,1163,1246,2144231,24163,1831606,8549900
2393,1257,1219,2142974,24201,1832825,8098800
2394,1195,1234,2141779,24162,1834059,8316800
2395,1303,1184,2140476,24281,1835243,8060100
2396,1197,1182,2139279,24296,1836425,8028100
2397,1213,1245,2138066,24264,1837670,8330400
2398,1165,1171,2136901,24258,1838841,8798400
2399,1151,1233,2135750,24176,1840074,8374300
2400,1180,1183,2134570,24173,1841257,8660300
2401,1175,1192,2133395,24156,1842449,8511200
2402,1182,1253,2132213,24085,1843702,8835900
2403,1149,1198,2131064,24036,1844900,8375700
2404,1262,1200,2129802,24098,1846100,8237000
2405,1264,1189,2128538,24173,1847289,8165900
2406,1239,1138,2127299,24274,1848427,8367900
2407,1234,1221,2126065,24287,1849648,8679100
2408,1206,1228,2124859,24265,1850876,8034400
2409,1236,1230,2123623,24271,1852106,8094700
2410,1251,1233,2122372,24289,1853339,8083900
2411,1209,1265,2121163,24233,1854604,8054600
2412,1254,1223,2119909,24264,1855827,8220100
2413,1237,1237,2118672,24264,1857064,8494500
2414,1222,1248,2117450,24238,1858312,9601400
2415,1266,1229,2116184,24275,1859541,8514100
2416,1232,1215,2114952,24292,1860756,8524700
2417,1278,1191,2113674,24379,1861947,7960800
2418,1204,1202,2112470,24381,1863149,8088800
2419,1244,1188,2111226,24437,1864337,8248900
2420,1232,1200,2109994,24469,1865537,8270200
2421,1257,1237,2108737,24489,1866774,8356400
2422,1205,1221,2107532,24473,1867995,8630300
2423,1206,1218,2106326,24461,1869213,9041000
2424,1236,1266,2105090,24431,1870479,8995900
2425,1224,1222,2103866,24433,1871701,8593800
2426,1200,1186,2102666,24447,1872887,8479200
2427,1199,1157,2101467,24489,1874044,8411200
2428,1194,1182,2100273,24501,1875226,8267800
2429,1196,1236,2099077,24461,1876462,8657800
2430,1230,1212,2097847,24479,1877674,8515800
2431,1178,1295,2096669,24362,1878969,8458500
2432,1213,1209,2095456,24366,1880178,8589100
2433,1175,1186,2094281,24355,1881364,8171100
2434,1253,1210,2093028,24398,1882574,8361600
2435,1216,1212,2091812,24402,1883786,8721700
2436,1186,1184,2090626,24404,1884970,8493300
2437,1196,1184,2089430,24416,1886154,8453000
2438,1179,1277,2088251,24318,1887431,8677100
2439,1250,1208,2087001,24360,1888639,8215200
2440,1175,1214,2085826,24321,1889853,8362400
2441,1185,1235,2084641,24271,1891088,8427700
2442,1206,1217,2083435,24260,1892305,8315200
2443,1223,1184,2082212,24299,1893489,8238700
2444,1240,1197,2080972,24342,1894686,8110700
2445,1179,1202,2079793,24319,1895888,8209300
2446,1218,1196,2078575,24341,1897084,8176100
2447,1211,1246,2077364,24306,1898330,8869000
2448,1194,1219,2076170,24281,1899549,8605100
2449,1166,1178,2075004,24269,1900727,8374500
2450,1184,1159,2073820,24294,1901886,8361700
2451,1164,1171,2072656,24287,1903057,8092700
2452,1172,1145,2071484,24314,1904202,7990800
2453,1227,1206,2070257,24335,1905408,7995200
2454,1209,1210,2069048,24334,1906618,8258300
2455,1192,1217,2067856,24309,1907835,8730500
2456,1200,1242,2066656,24267,1909077,8457500
2457,1149,1224,2065507,24192,1910301,8782900
2458,1211,1230,2064296,24173,1911531,8867300
2459,1131,1191,2063165,24113,1912722,8174200
2460,1185,1147,2061980,24151,1913869,8256600
2461,1216,1227,2060764,24140,1915096,7970900
2462,1201,1202,2059563,24139,1916298,8005600
2463,1214,1157,2058349,24196,1917455,8167900
2464,1203,1239,2057146,24160,1918694,8148600
2465,1211,1175,2055935,24196,1919869,8311300
2466,1248,1233,2054687,24211,1921102,7890200
2467,1104,1173,2053583,24142,1922275,8139400
2468,1213,1255,2052370,24100,1923530,8143400
2469,1140,1230,2051230,24010,1924760,8469800
2470,1162,1225,2050068,23947,1925985,8607600
2471,1160,1201,2048908,23906,1927186,8560500
2472,1140,1192,2047768,23854,1928378,8574100
2473,1210,1230,2046558,23834,1929608,8270800
2474,1190,1161,2045368,23863,1930769,8213200
2475,1153,1264,2044215,23752,1932033,8207400
2476,1179,1115,2043036,23816,1933148,8731100
2477,1114,1209,2041922,23721,1934357,8184800
2478,1214,1247,2040708,23688,1935604,8024400
2479,1223,1229,2039485,23682,1936833,8487100
2480,1169,1210,2038316,23641,1938043,8381100
2481,1127,1211,2037189,23557,1939254,8264700
2482,1152,1165,2036037,23544,1940419,8325500
2483,1193,1160,2034844,23577,1941579,8716900
2484,1142,1213,2033702,23506,1942792,8361900
2485,1151,1120,2032551,23537,1943912,8190200
2486,1194,1191,2031357,23540,1945103,7963000
2487,1125,1167,2030232,23498,1946270,8404400
2488,1183,1183,2029049,23498,1947453,8200200
2489,1196,1181,2027853,23513,1948634,8119200
2490,1199,1188,2026654,23524,1949822,8468800
2491,1143,1190,2025511,23477,1951012,8062300
2492,1207,1160,2024304,23524,1952172,8173700
2493,1236,1225,2023068,23535,1953397,8541200
2494,1184,1186,2021884,23533,1954583,8429700
2495,1191,1221,2020693,23503,1955804,8465000
2496,1169,1146,2019524,23526,1956950,8308200
2497,1197,1180,2018327,23543,1958130,8338800
2498,1234,1145,2017093,23632,1959275,8088900
2499,1222,1178,2015871,23676,1960453,8170700
2500,1236,1202,2014635,23710,1961655,8363200
2501,1253,1193,2013382,23770,1962848,8321300
2502,1247,1163,2012135,23854,1964011,8687500
2503,1236,1240,2010899,23850,1965251,8224300
2504,1208,1169,2009691,23889,1966420,8622400
2505,1253,1221,2008438,23921,1967641,8103200
2506,1217,1181,2007221,23957,1968822,8100100
2507,1231,1171,2005990,24017,1969993,7985000
2508,1146,1159,2004844,24004,1971152,7989100
2509,1240,1192,2003604,24052,1972344,7998500
2510,1187,1278,2002417,23961,1973622,8092100
2511,1247,1182,2001170,24026,1974804,8107500
2512,1263,1239,1999907,24050,1976043,8359600
2513,1284,1177,1998623,24157,1977220,8070300
2514,1210,1232,1997413,24135,1978452,8198600
2515,1224,1156,1996189,24203,1979608,8144900
2516,1258,1190,1994931,24271,1980798,8246900
2517,1243,1201,1993688,24313,1981999,8659600
2518,1271,1222,1992417,24362,1983221,8718600
2519,1252,1226,1991165,24388,1984447,8545300
2520,1280,1219,1989885,24449,1985666,8565600
2521,1212,1229,1988673,24432,1986895,8619600
2522,1246,1230,1987427,24448,1988125,8332100
2523,1285,1203,1986142,24530,1989328,8191700
2524,1195,1220,1984947,24505,1990548,8264000
2525,1192,1181,1983755,24516,1991729,8281000
2526,1183,1207,1982572,24492,1992936,8487800
2527,1248,1218,1981324,24522,1994154,8329900
2528,1230,1172,1980094,24580,1995326,8282400
2529,1246,1284,1978848,24542,1996610,8112400
2530,1215,1191,1977633,24566,1997801,8412300
2531,1244,1238,1976389,24572,1999039,8038500
2532,1277,1302,1975112,24547,2000341,8626100
2533,1225,1277,1973887,24495,2001618,9031900
2534,1233,1183,1972654,24545,2002801,9093600
2535,1227,1203,1971427,24569,2004004,8291400
2536,1287,1235,1970140,24621,2005239,8383300
2537,1196,1252,1968944,24565,2006491,8032100
2538,1199,1343,1967745,24421,2007834,8329200
2539,1190,1201,1966555,24410,2009035,8302200
2540,1195,1247,1965360,24358,2010282,8743800
2541,1195,1268,1964165,24285,2011550,8740400
2542,1183,1197,1962982,24271,2012747,8529900
2543,1217,1197,1961765,24291,2013944,8819100
2544,1180,1217,1960585,24254,2015161,8602100
2545,1213,1219,1959372,24248,2016380,8344300
2546,1193,1263,1958179,24178,2017643,8306000
2547,1184,1198,1956995,24164,2018841,8545400
2548,1222,1203,1955773,24183,2020044,8302000
2549,1202,1176,1954571,24209,2021220,8099400
2550,1160,1153,1953411,24216,2022373,8836600
2551,1234,1260,1952177,24190,2023633,8651500
2552,1151,1215,1951026,24126,2024848,8537700
2553,1171,1165,1949855,24132,2026013,8075900
2554,1185,1181,1948670,24136,2027194,8146400
2555,1231,1243,1947439,24124,2028437,8477600
2556,1199,1260,1946240,24063,2029697,8233500
2557,1210,1241,1945030,24032,2030938,8606400
2558,1182,1215,1943848,23999,2032153,8550800
2559,1225,1233,1942623,23991,2033386,8374900
2560,1185,1143,1941438,24033,2034529,8546200
2561,1201,1234,1940237,24000,2035763,8741500
2562,1206,1212,1939031,23994,2036975,9004900
2563,1197,1210,1937834,23981,2038185,8735800
2564,1173,1242,1936661,23912,2039427,8741200
2565,1221,1201,1935440,23932,2040628,8689300
2566,1185,1210,1934255,23907,2041838,8810000
2567,1223,1177,1933032,23953,2043015,8693800
2568,1276,1161,1931756,24068,2044176,8531700
2569,1261,1185,1930495,24144,2045361,8676600
2570,1198,1194,1929297,24148,2046555,8129000
2571,1180,1194,1928117,24134,2047749,8339500
2572,1239,1202,1926878,24171,2048951,9003000
2573,1278,1201,1925600,24248,2050152,8434700
2574,1169,1262,1924431,24155,2051414,8469100
2575,1272,1164,1923159,24263,2052578,8959200
2576,1240,1198,1921919,24305,2053776,9071400
2577,1222,1221,1920697,24306,2054997,8950000
2578,1258,1282,1919439,24282,2056279,9981600
2579,1259,1275,1918180,24266,2057554,8588300
2580,1280,1213,1916900,24333,2058767,8463100
2581,1259,1152,1915641,24440,2059919,8468700
2582,1229,1283,1914412,24386,2061202,8355900
2583,1261,1226,1913151,24421,2062428,8302100
2584,1265,1209,1911886,24477,2063637,8273200
2585,1262,1225,1910624,24514,2064862,8270300
2586,1278,1176,1909346,24616,2066038,8288000
2587,1254,1159,1908092,24711,2067197,8966600
2588,1242,1303,1906850,24650,2068500,9708100
2589,1220,1266,1905630,24604,2069766,8692800
2590,1248,1195,1904382,24657,2070961,8753200
2591,1228,1247,1903154,24638,2072208,8538800
2592,1233,1199,1901921,24672,2073407,8897300
2593,1199,1253,1900722,24618,2074660,8542900
2594,1217,1204,1899505,24631,2075864,8409400
2595,1261,1244,1898244,24648,2077108,8479000
2596,1176,1250,1897068,24574,2078358,8907400
2597,1196,1275,1895872,24495,2079633,8876800
2598,1228,1207,1894644,24516,2080840,8528700
2599,1201,1215,1893443,24502,2082055,9243200
2600,1235,1249,1892208,24488,2083304,8296600
2601,1245,1237,1890963,24496,2084541,8048800
2602,1195,1176,1889768,24515,2085717,8891700
2603,1221,1211,1888547,24525,2086928,8513100
2604,1211,1243,1887336,24493,2088171,8229300
2605,1220,1277,1886116,24436,2089448,8386200
2606,1260,1226,1884856,24470,2090674,8239200
2607,1237,1198,1883619,24509,2091872,8838200
2608,1236,1251,1882383,24494,2093123,8192000
2609,1177,1243,1881206,24428,2094366,8587600
2610,1237,1220,1879969,24445,2095586,8754400
2611,1247,1232,1878722,24460,2096818,8545000
2612,1173,1243,1877549,24390,2098061,9027700
2613,1199,1191,1876350,24398,2099252,8817500
2614,1181,1173,1875169,24406,2100425,8308700
2615,1195,1225,1873974,24376,2101650,8120100
2616,1225,1186,1872749,24415,2102836,8139400
2617,1177,1242,1871572,24350,2104078,8070900
2618,1172,1236,1870400,24286,2105314,8590300
2619,1239,1230,1869161,24295,2106544,8319200
2620,1187,1210,1867974,24272,2107754,8197200
2621,1164,1232,1866810,24204,2108986,8885300
2622,1193,1185,1865617,24212,2110171,8324800
2623,1218,1219,1864399,24211,2111390,8413300
2624,1166,1202,1863233,24175,2112592,8865700
2625,1201,1257,1862032,24119,2113849,8541500
2626,1144,1269,1860888,23994,2115118,8672700
2627,1224,1182,1859664,24036,2116300,8853000
2628,1174,1177,1858490,24033,2117477,8466500
2629,1170,1116,1857320,24087,2118593,8905100
2630,1166,1241,1856154,24012,2119834,8607100
2631,1217,1144,1854937,24085,2120978,8401000
2632,1207,1176,1853730,24116,2122154,8794900
2633,1194,1234,1852536,24076,2123388,8266100
2634,1189,1173,1851347,24092,2124561,8959600
2635,1199,1219,1850148,24072,2125780,8708400
2636,1195,1200,1848953,24067,2126980,9039800
2637,1181,1208,1847772,24040,2128188,8172400
2638,1217,1182,1846555,24075,2129370,8333800
2639,1248,1213,1845307,24110,2130583,8087800
2640,1160,1227,1844147,24043,2131810,8511700
2641,1175,1179,1842972,24039,2132989,8737700
2642,1185,1185,1841787,24039,2134174,8236000
2643,1157,1160,1840630,24036,2135334,8174700
2644,1182,1154,1839448,24064,2136488,8316000
2645,1188,1169,1838260,24083,2137657,8539000
2646,1153,1209,1837107,24027,2138866,8240100
2647,1206,1197,1835901,24036,2140063,8612300
2648,1100,1230,1834801,23906,2141293,8095300
2649,1145,1229,1833656,23822,2142522,8541300
2650,1222,1235,1832434,23809,2143757,8450200
2651,1178,1179,1831256,23808,2144936,8523400
2652,1102,1214,1830154,23696,2146150,8441700
2653,1205,1194,1828949,23707,2147344,8710400
2654,1143,1175,1827806,23675,2148519,8141800
2655,1205,1160,1826601,23720,2149679,8197400
2656,1119,1233,1825482,23606,2150912,8232700
2657,1155,1215,1824327,23546,2152127,8411700
2658,1147,1157,1823180,23536,2153284,9001800
2659,1156,1225,1822024,23467,2154509,8785600
2660,1131,1204,1820893,23394,2155713,9445800
2661,1112,1212,1819781,23294,2156925,9173100
2662,1136,1144,1818645,23286,2158069,8581000
2663,1256,1139,1817389,23403,2159208,8504700
2664,1114,1190,1816275,23327,2160398,8793000
2665,1163,1212,1815112,23278,2161610,8242500
2666,1194,1212,1813918,23260,2162822,8659900
2667,1163,1176,1812755,23247,2163998,8427900
2668,1202,1188,1811553,23261,2165186,8234300
2669,1176,1090,1810377,23347,2166276,8522100
2670,1194,1134,1809183,23407,2167410,8333600
2671,1155,1190,1808028,23372,2168600,9270500
2672,1187,1175,1806841,23384,2169775,8404000
2673,1135,1215,1805706,23304,2170990,8118200
2674,1181,1190,1804525,23295,2172180,8513600
2675,1126,1248,1803399,23173,2173428,8708400
2676,1145,1135,1802254,23183,2174563,8720100
2677,1142,1137,1801112,23188,2175700,8100800
2678,1207,1145,1799905,23250,2176845,8429200
2679,1131,1132,1798774,23249,2177977,8775300
2680,1177,1148,1797597,23278,2179125,8819000
2681,1176,1111,1796421,23343,2180236,9116100
2682,1226,1094,1795195,23475,2181330,8561200
2683,1171,1185,1794024,23461,2182515,8535900
2684,1174,1189,1792850,23446,2183704,8527100
2685,1154,1135,1791696,23465,2184839,8486800
2686,1175,1156,1790521,23484,2185995,8582800
2687,1149,1159,1789372,23474,2187154,8366700
2688,1184,1153,1788188,23505,2188307,8863400
2689,1143,1168,1787045,23480,2189475,8863100
2690,1158,1173,1785887,23465,2190648,8379700
2691,1167,1106,1784720,23526,2191754,8548500
2692,1227,1225,1783493,23528,2192979,8413100
2693,1177,1168,1782316,23537,2194147,8290400
2694,1204,1226,1781112,23515,2195373,8824500
2695,1186,1205,1779926,23496,2196578,8833300
2696,1198,1178,1778728,23516,2197756,8645700
2697,1232,1204,1777496,23544,2198960,8553100
2698,1180,1210,1776316,23514,2200170,8923700
2699,1236,1207,1775080,23543,2201377,8821900
2700,1202,1167,1773878,23578,2202544,8763300
2701,1116,1165,1772762,23529,2203709,8286300
2702,1171,1096,1771591,23604,2204805,8634200
2703,1159,1108,1770432,23655,2205913,8550100
2704,1233,1186,1769199,23702,2207099,8353000
2705,1235,1248,1767964,23689,2208347,8193200
2706,1150,1194,1766814,23645,2209541,8491100
2707,1219,1231,1765595,23633,2210772,8636600
2708,1257,1162,1764338,23728,2211934,8494900
2709,1258,1161,1763080,23825,2213095,8556600
2710,1138,1228,1761942,23735,2214323,8846000
2711,1159,1195,1760783,23699,2215518,8528200
2712,1188,1123,1759595,23764,2216641,8591300
2713,1216,1200,1758379,23780,2217841,8962600
2714,1164,1180,1757215,23764,2219021,8540600
2715,1211,1178,1756004,23797,2220199,8324800
2716,1185,1131,1754819,23851,2221330,8467700
2717,1207,1225,1753612,23833,2222555,8158100
2718,1161,1157,1752451,23837,2223712,8315400
2719,1159,1171,1751292,23825,2224883,8704900
2720,1197,1189,1750095,23833,2226072,8306700
2721,1172,1174,1748923,23831,2227246,8353900
2722,1083,1154,1747840,23760,2228400,8836400
2723,1176,1217,1746664,23719,2229617,8568400
2724,1155,1212,1745509,23662,2230829,8464000
2725,1146,1191,1744363,23617,2232020,8842200
2726,1158,1169,1743205,23606,2233189,8404500
2727,1179,1180,1742026,23605,2234369,8687000
2728,1180,1173,1740846,23612,2235542,8388400
2729,1171,1149,1739675,23634,2236691,9158800
2730,1102,1189,1738573,23547,2237880,8341700
2731,1175,1123,1737398,23599,2239003,8792300
2732,1154,1175,1736244,23578,2240178,8457600
2733,1160,1171,1735084,23567,2241349,8343300
2734,1114,1159,1733970,23522,2242508,8330900
2735,1114,1222,1732856,23414,2243730,8291500
2736,1126,1152,1731730,23388,2244882,8551800
2737,1115,1196,1730615,23307,2246078,9473900
2738,1116,1163,1729499,23260,2247241,8655100
2739,1060,1145,1728439,23175,2248386,8464000
2740,1106,1179,1727333,23102,2249565,8371200
2741,1113,1150,1726220,23065,2250715,8829500
2742,1133,1188,1725087,23010,2251903,8375900
2743,1107,1165,1723980,22952,2253068,8377500
2744,1165,1121,1722815,22996,2254189,8520900
2745,1113,1141,1721702,22968,2255330,8609800
2746,1162,1169,1720540,22961,2256499,8524500
2747,1174,1115,1719366,23020,2257614,8586700
2748,1158,1054,1718208,23124,2258668,8447000
2749,1104,1133,1717104,23095,2259801,8486300
2750,1119,1194,1715985,23020,2260995,8395600
2751,1158,1131,1714827,23047,2262126,8645600
2752,1151,1117,1713676,23081,2263243,8215500
2753,1146,1096,1712530,23131,2264339,8753800
2754,1104,1138,1711426,23097,2265477,8807900
2755,1159,1129,1710267,23127,2266606,8512500
2756,1179,1102,1709088,23204,2267708,8498200
2757,1161,1153,1707927,23212,2268861,8827600
2758,1135,1110,1706792,23237,2269971,9208700
2759,1128,1245,1705664,23120,2271216,9177000
2760,1175,1125,1704489,23170,2272341,8477800
2761,1116,1140,1703373,23146,2273481,8734700
2762,1202,1173,1702171,23175,2274654,8022900
2763,1104,1089,1701067,23190,2275743,8105400
2764,1194,1169,1699873,23215,2276912,8690900
2765,1131,1132,1698742,23214,2278044,8121900
2766,1100,1180,1697642,23134,2279224,9063800
2767,1184,1200,1696458,23118,2280424,8749900
2768,1191,1157,1695267,23152,2281581,9338100
2769,1181,1116,1694086,23217,2282697,8972600
2770,1157,1183,1692929,23191,2283880,8282600
2771,1177,1122,1691752,23246,2285002,8601000
2772,1086,1145,1690666,23187,2286147,8427700
2773,1202,1144,1689464,23245,2287291,8447000
2774,1163,1122,1688301,23286,2288413,8499400
2775,1193,1172,1687108,23307,2289585,9056200
2776,1158,1204,1685950,23261,2290789,8475700
2777,1130,1178,1684820,23213,2291967,8446600
2778,1095,1194,1683725,23114,2293161,8360900
2779,1142,1172,1682583,23084,2294333,8444300
2780,1080,1167,1681503,22997,2295500,8588400
2781,1131,1113,1680372,23015,2296613,8321300
2782,1101,1096,1679271,23020,2297709,8273100
2783,1093,1197,1678178,22916,2298906,8847100
2784,1131,1137,1677047,22910,2300043,8451900
2785,1083,1179,1675964,22814,2301222,8703500
2786,1127,1239,1674837,22702,2302461,8624600
2787,1126,1149,1673711,22679,2303610,8078000
2788,1102,1161,1672609,22620,2304771,8396300
2789,1119,1121,1671490,22618,2305892,8646100
2790,1138,1146,1670352,22610,2307038,8088300
2791,1172,1085,1669180,22697,2308123,8125300
2792,1133,1070,1668047,22760,2309193,8559400
2793,998,1139,1667049,22619,2310332,8389600
2794,1152,1109,1665897,22662,2311441,8463600
2795,1064,1096,1664833,22630,2312537,8153700
2796,1099,1131,1663734,22598,2313668,8201500
2797,1069,1091,1662665,22576,2314759,8428600
2798,1108,1153,1661557,22531,2315912,8489100
2799,1102,1148,1660455,22485,2317060,8172000
2800,1094,1124,1659361,22455,2318184,9064800
2801,1167,1076,1658194,22546,2319260,8747900
2802,1116,1151,1657078,22511,2320411,8277600
2803,1109,1162,1655969,22458,2321573,9636200
2804,1137,1071,1654832,22524,2322644,8752700
2805,1104,1131,1653728,22497,2323775,8890500
2806,1173,1140,1652555,22530,2324915,8717600
2807,1126,1095,1651429,22561,2326010,8157600
2808,1105,1163,1650324,22503,2327173,8653800
2809,1077,1154,1649247,22426,2328327,8951300
2810,1159,1086,1648088,22499,2329413,8407100
2811,1134,1166,1646954,22467,2330579,8421000
2812,1141,1112,1645813,22496,2331691,8865300
2813,1107,1162,1644706,22441,2332853,8505800
2814,1173,1100,1643533,22514,2333953,9311400
2815,1125,1146,1642408,22493,2335099,8454500
2816,1187,1181,1641221,22499,2336280,8571000
2817,1104,1125,1640117,22478,2337405,8425200
2818,1063,1153,1639054,22388,2338558,8313500
2819,1155,1095,1637899,22448,2339653,8072200
2820,1097,1135,1636802,22410,2340788,8464400
2821,1149,1129,1635653,22430,2341917,8545700
2822,1144,1078,1634509,22496,2342995,8075300
2823,1130,1059,1633379,22567,2344054,8648800
2824,1145,1158,1632234,22554,2345212,8417900
2825,1147,1104,1631087,22597,2346316,8650200
2826,1082,1151,1630005,22528,2347467,8546700
2827,1086,1133,1628919,22481,2348600,8336000
2828,1155,1145,1627764,22491,2349745,8549700
2829,1164,1116,1626600,22539,2350861,8174000
2830,1119,1118,1625481,22540,2351979,8443200
2831,1160,1171,1624321,22529,2353150,9131000
2832,1120,1116,1623201,22533,2354266,8599600
2833,1211,1139,1621990,22605,2355405,8413000
2834,1109,1117,1620881,22597,2356522,8643000
2835,1118,1120,1619763,22595,2357642,8311400
2836,1129,1139,1618634,22585,2358781,8440500
2837,1134,1093,1617500,22626,2359874,8574900
2838,1137,1105,1616363,22658,2360979,8985800
2839,1196,1142,1615167,22712,2362121,8197300
2840,1190,1114,1613977,22788,2363235,8848700
2841,1110,1188,1612867,22710,2364423,8914800
2842,1089,1136,1611778,22663,2365559,8299600
2843,1127,1136,1610651,22654,2366695,8646000
2844,1134,1092,1609517,22696,2367787,8004800
2845,1082,1110,1608435,22668,2368897,8396200
2846,1089,1082,1607346,22675,2369979,8191300
2847,1094,1120,1606252,22649,2371099,8542700
2848,1174,1126,1605078,22697,2372225,8703200
2849,1137,1138,1603941,22696,2373363,8276500
2850,1124,1146,1602817,22674,2374509,8389700
2851,1091,1054,1601726,22711,2375563,8085300
2852,1108,1171,1600618,22648,2376734,8233600
2853,1105,1180,1599513,22573,2377914,8494700
2854,1156,1115,1598357,22614,2379029,9307800
2855,1083,1091,1597274,22606,2380120,8421700
2856,1115,1097,1596159,22624,2381217,8417100
2857,1128,1104,1595031,22648,2382321,8642800
2858,1095,1062,1593936,22681,2383383,9022300
2859,1135,1136,1592801,22680,2384519,8231400
2860,1112,1143,1591689,22649,2385662,8163200
2861,1076,1187,1590613,22538,2386849,8627700
2862,1110,1127,1589503,22521,2387976,8302100
2863,1118,1158,1588385,22481,2389134,8860200
2864,1153,1109,1587232,22525,2390243,8915100
2865,1112,1132,1586120,22505,2391375,8396800
2866,1119,1162,1585001,22462,2392537,8371800
2867,1074,1084,1583927,22452,2393621,8603500
2868,1088,1119,1582839,22421,2394740,9011600
2869,1086,1079,1581753,22428,2395819,9071300
2870,1162,1147,1580591,22443,2396966,8748700
2871,1145,1152,1579446,22436,2398118,8646500
2872,1092,1117,1578354,22411,2399235,9163400
2873,1104,1158,1577250,22357,2400393,9238400
2874,1080,1104,1576170,22333,2401497,9211300
2875,1126,1030,1575044,22429,2402527,8809400
2876,1016,1083,1574028,22362,2403610,8767500
2877,1092,1074,1572936,22380,2404684,8792700
2878,1098,1144,1571838,22334,2405828,8264200
2879,1073,1094,1570765,22313,2406922,8480900
2880,1065,1105,1569700,22273,2408027,8531700
2881,1090,1100,1568610,22263,2409127,8209400
2882,1048,1086,1567562,22225,2410213,8595900
2883,1014,1158,1566548,22081,2411371,8309800
2884,1093,1101,1565455,22073,2412472,8742900
2885,1094,1170,1564361,21997,2413642,8809700
2886,1036,1095,1563325,21938,2414737,8434800
2887,1036,1057,1562289,21917,2415794,8697200
2888,1088,1111,1561201,21894,2416905,8567900
2889,1032,1069,1560169,21857,2417974,8592100
2890,1070,1113,1559099,21814,2419087,8507600
2891,1017,1073,1558082,21758,2420160,8458700
2892,1050,1051,1557032,21757,2421211,8420900
2893,1034,1116,1555998,21675,2422327,9021200
2894,1040,1054,1554958,21661,2423381,8735500
2895,1094,1048,1553864,21707,2424429,10863300
2896,1046,1108,1552818,21645,2425537,11057400
2897,1067,1041,1551751,21671,2426578,9299900
2898,1020,1105,1550731,21586,2427683,9977100
2899,983,1087,1549748,21482,2428770,8381900
2900,1087,1009,1548661,21560,2429779,8828000
2901,1007,1077,1547654,21490,2430856,8412000
2902,1045,1058,1546609,21477,2431914,8094400
2903,1061,1072,1545548,21466,2432986,8714300
2904,1066,1133,1544482,21399,2434119,8595400
2905,1050,1008,1543432,21441,2435127,8804800
2906,1027,1040,1542405,21428,2436167,8237700
2907,1054,1115,1541351,21367,2437282,8252400
2908,1033,1078,1540318,21322,2438360,8374800
2909,1026,1047,1539292,21301,2439407,8734700
2910,1039,1067,1538253,21273,2440474,8405300
2911,1039,1020,1537214,21292,2441494,8146100
2912,1062,1010,1536152,21344,2442504,8767100
2913,1089,1087,1535063,21346,2443591,8936200
2914,1073,1106,1533990,21313,2444697,8649200
2915,1053,1080,1532937,21286,2445777,8115600
2916,1053,1072,1531884,21267,2446849,8193800
2917,1039,1030,1530845,21276,2447879,8379200
2918,1012,1049,1529833,21239,2448928,8665600
2919,1009,1042,1528824,21206,2449970,8980200
2920,1064,1061,1527760,21209,2451031,8264700
2921,1017,1069,1526743,21157,2452100,8187900
2922,1049,1053,1525694,21153,2453153,8528200
2923,1073,1065,1524621,21161,2454218,8827800
2924,1028,1038,1523593,21151,2455256,8480600
2925,1025,1052,1522568,21124,2456308,8198800
2926,1055,1062,1521513,21117,2457370,8661200
2927,1057,1081,1520456,21093,2458451,8237300
2928,1011,1059,1519445,21045,2459510,9053500
2929,1057,1046,1518388,21056,2460556,8957500
2930,983,1045,1517405,20994,2461601,8806900
2931,1076,1011,1516329,21059,2462612,8156000
2932,1097,1061,1515232,21095,2463673,9514700
2933,1023,1068,1514209,21050,2464741,8487900
2934,1033,1056,1513176,21027,2465797,8558700
2935,1039,1083,1512137,20983,2466880,8458800
2936,1053,1026,1511084,21010,2467906,8155600
2937,1062,1046,1510022,21026,2468952,8390700
2938,1105,1075,1508917,21056,2470027,8584300
2939,1034,1028,1507883,21062,2471055,8850100
2940,1042,990,1506841,21114,2472045,8204400
2941,1049,1076,1505792,21087,2473121,8899000
2942,1065,1025,1504727,21127,2474146,8563200
2943,1040,979,1503687,21188,2475125,8556300
2944,1034,1009,1502653,21213,2476134,8393200
2945,1021,1082,1501632,21152,2477216,8486900
2946,1074,1024,1500558,21202,2478240,8750200
2947,1057,1052,1499501,21207,2479292,8843300
2948,1102,1103,1498399,21206,2480395,9084700
2949,1071,1025,1497328,21252,2481420,8452100
2950,1002,1088,1496326,21166,2482508,8293700
2951,1012,995,1495314,21183,2483503,8343900
2952,1026,1032,1494288,21177,2484535,8335900
2953,1078,1040,1493210,21215,2485575,8739400
2954,1038,1077,1492172,21176,2486652,8841200
2955,1026,1043,1491146,21159,2487695,8537100
2956,1083,1103,1490063,21139,2488798,8710600
2957,1009,1021,1489054,21127,2489819,8272500
2958,1006,1052,1488048,21081,2490871,8420900
2959,997,1017,1487051,21061,2491888,8392400
2960,1014,1120,1486037,20955,2493008,8406900
2961,1033,1051,1485004,20937,2494059,8449100
2962,1093,1065,1483911,20965,2495124,8280900
2963,1082,1054,1482829,20993,2496178,8329100
2964,1090,1007,1481739,21076,2497185,8564400
2965,1040,1072,1480699,21044,2498257,8358500
2966,992,1011,1479707,21025,2499268,8590200
2967,1007,1100,1478700,20932,2500368,8190100
2968,1053,1062,1477647,20923,2501430,8965500
2969,1010,1057,1476637,20876,2502487,8861600
2970,999,1063,1475638,20812,2503550,8441900
2971,1038,1003,1474600,20847,2504553,8202400
2972,1062,1065,1473538,20844,2505618,8365000
2973,1026,1022,1472512,20848,2506640,8085200
2974,1034,1030,1471478,20852,2507670,8775200
2975,1044,1039,1470434,20857,2508709,8254900
2976,1041,1006,1469393,20892,2509715,8928500
2977,1036,1065,1468357,20863,2510780,8378500
2978,1079,1002,1467278,20940,2511782,8708500
2979,1052,1077,1466226,20915,2512859,8911900
2980,1023,1044,1465203,20894,2513903,8525100
2981,1011,1050,1464192,20855,2514953,8563400
2982,1040,1010,1463152,20885,2515963,8728300
2983,1019,1067,1462133,20837,2517030,8003800
2984,1032,1086,1461101,20783,2518116,8371900
2985,993,1047,1460108,20729,2519163,8681400
2986,1028,1056,1459080,20701,2520219,8506200
2987,1066,984,1458014,20783,2521203,8431400
2988,1093,1047,1456921,20829,2522250,8906900
2989,1018,1044,1455903,20803,2523294,8675900
2990,1023,1078,1454880,20748,2524372,8506400
2991,1048,1038,1453832,20758,2525410,8370100
2992,1001,1053,1452831,20706,2526463,7942400
2993,1059,1019,1451772,20746,2527482,8156500
2994,1029,1013,1450743,20762,2528495,8786600
2995,1038,1022,1449705,20778,2529517,8180900
2996,1026,1031,1448679,20773,2530548,8379100
2997,1021,1028,1447658,20766,2531576,8609400
2998,1057,1002,1446601,20821,2532578,8550700
2999,1064,1032,1445537,20853,2533610,8399500
3000,966,1026,1444571,20793,2534636,8396500
3001,1037,1000,1443534,20830,2535636,8379100
3002,1022,990,1442512,20862,2536626,8200700
3003,1041,1036,1441471,20867,2537662,8333900
3004,1015,980,1440456,20902,2538642,8212900
3005,1070,1063,1439386,20909,2539705,8229700
3006,1100,1014,1438286,20995,2540719,8671500
3007,1022,1032,1437264,20985,2541751,9349100
3008,1043,1022,1436221,21006,2542773,9214700
3009,1077,1029,1435144,21054,2543802,8628700
3010,990,1065,1434154,20979,2544867,8339900
3011,1078,1051,1433076,21006,2545918,8715600
3012,1118,1050,1431958,21074,2546968,8592600
3013,1049,1093,1430909,21030,2548061,8915200
3014,1016,1081,1429893,20965,2549142,8682900
3015,1038,1045,1428855,20958,2550187,8530300
3016,1042,1057,1427813,20943,2551244,8662400
3017,1014,1050,1426799,20907,2552294,8682000
3018,1004,1069,1425795,20842,2553363,8841300
3019,1017,1003,1424778,20856,2554366,8235300
3020,1016,1023,1423762,20849,2555389,8392300
3021,1000,988,1422762,20861,2556377,9189400
3022,1058,1077,1421704,20842,2557454,8881900
3023,1053,1068,1420651,20827,2558522,8313900
3024,982,1003,1419669,20806,2559525,8796300
3025,993,1059,1418676,20740,2560584,8882900
3026,1067,1008,1417609,20799,2561592,8730200
3027,1006,1051,1416603,20754,2562643,8328600
3028,1080,1040,1415523,20794,2563683,8437800
3029,1037,1020,1414486,20811,2564703,8451900
3030,997,1032,1413489,20776,2565735,8273100
3031,987,1033,1412502,20730,2566768,8674200
3032,1057,1088,1411445,20699,2567856,8644100
3033,992,1020,1410453,20671,2568876,8456400
3034,975,1069,1409478,20577,2569945,8465600
3035,951,1008,1408527,20520,2570953,8494000
3036,966,998,1407561,20488,2571951,9153000
3037,997,1065,1406564,20420,2573016,8553300
3038,1017,1009,1405547,20428,2574025,8301100
3039,1023,1052,1404524,20399,2575077,8258800
3040,925,1029,1403599,20295,2576106,8531600
3041,1007,1038,1402592,20264,2577144,8792100
3042,986,994,1401606,20256,2578138,9126900
3043,988,1045,1400618,20199,2579183,8918300
3044,971,1020,1399647,20150,2580203,8938200
3045,974,1035,1398673,20089,2581238,9494400
3046,1046,1005,1397627,20130,2582243,8703800
3047,1047,1002,1396580,20175,2583245,8463900
3048,989,959,1395591,20205,2584204,8282400
3049,1001,958,1394590,20248,2585162,8300500
3050,993,1004,1393597,20237,2586166,8469800
3051,985,1029,1392612,20193,2587195,8507900
3052,1013,1029,1391599,20177,2588224,8712400
3053,990,1008,1390609,20159,2589232,8352100
3054,1030,1034,1389579,20155,2590266,8465000
3055,997,1006,1388582,20146,2591272,8136200
3056,989,998,1387593,20137,2592270,8306800
3057,971,1017,1386622,20091,2593287,8603000
3058,989,990,1385633,20090,2594277,8246400
3059,1036,980,1384597,20146,2595257,8201700
3060,982,1076,1383615,20052,2596333,8645300
3061,968,996,1382647,20024,2597329,9169000
3062,1018,993,1381629,20049,2598322,9019800
3063,951,1013,1380678,19987,2599335,8540600
3064,948,973,1379730,19962,2600308,8278000
3065,1048,1021,1378682,19989,2601329,8291200
3066,960,1038,1377722,19911,2602367,8104400
3067,1015,1005,1376707,19921,2603372,8113100
3068,938,1034,1375769,19825,2604406,8505000
3069,970,993,1374799,19802,2605399,8371100
3070,1019,968,1373780,19853,2606367,8463500
3071,987,1056,1372793,19784,2607423,8771500
3072,969,978,1371824,19775,2608401,8351700
3073,989,1015,1370835,19749,2609416,8109100
3074,953,976,1369882,19726,2610392,8489900
3075,983,1002,1368899,19707,2611394,9205000
3076,990,989,1367909,19708,2612383,8572000
3077,982,955,1366927,19735,2613338,8162900
3078,937,1014,1365990,19658,2614352,8603600
3079,936,952,1365054,19642,2615304,8376100
3080,996,946,1364058,19692,2616250,8633200
3081,963,941,1363095,19714,2617191,8296400
3082,927,991,1362168,19650,2618182,8769200
3083,949,919,1361219,19680,2619101,8623400
3084,972,999,1360247,19653,2620100,8616000
3085,937,974,1359310,19616,2621074,8209300
3086,936,977,1358374,19575,2622051,8686600
3087,965,1011,1357409,19529,2623062,9326300
3088,987,947,1356422,19569,2624009,8890900
3089,931,942,1355491,19558,2624951,8275700
3090,941,965,1354550,19534,2625916,8811700
3091,956,982,1353594,19508,2626898,8594800
3092,971,976,1352623,19503,2627874,8159500
3093,962,987,1351661,19478,2628861,8886500
3094,931,944,1350730,19465,2629805,8392600
3095,929,997,1349801,19397,2630802,8398900
3096,900,994,1348901,19303,2631796,8152700
3097,923,925,1347978,19301,2632721,8443700
3098,891,982,1347087,19210,2633703,8634300
3099,898,886,1346189,19222,2634589,8534600
3100,913,954,1345276,19181,2635543,8057400
3101,926,947,1344350,19160,2636490,8027700
3102,905,971,1343445,19094,2637461,8155400
3103,879,922,1342566,19051,2638383,8286400
3104,909,947,1341657,19013,2639330,8394000
3105,901,924,1340756,18990,2640254,8155600
3106,879,916,1339877,18953,2641170,8976400
3107,907,913,1338970,18947,2642083,8730900
3108,861,920,1338109,18888,2643003,8600400
3109,874,953,1337235,18809,2643956,8753100
3110,927,896,1336308,18840,2644852,8692900
3111,936,893,1335372,18883,2645745,8836400
3112,883,895,1334489,18871,2646640,8650700
3113,903,911,1333586,18863,2647551,8532900
3114,952,938,1332634,18877,2648489,8748400
3115,862,980,1331772,18759,2649469,8237400
3116,958,978,1330814,18739,2650447,7961500
3117,907,970,1329907,18676,2651417,8919800
3118,921,911,1328986,18686,2652328,8088200
3119,908,990,1328078,18604,2653318,8528900
3120,898,932,1327180,18570,2654250,8767800
3121,907,920,1326273,18557,2655170,8465800
3122,875,932,1325398,18500,2656102,8357300
3123,889,924,1324509,18465,2657026,8626100
3124,931,944,1323578,18452,2657970,9092100
3125,934,925,1322644,18461,2658895,8434500
3126,961,907,1321683,18515,2659802,8402900
3127,888,924,1320795,18479,2660726,8298900
3128,914,909,1319881,18484,2661635,8106700
3129,885,886,1318996,18483,2662521,8205800
3130,934,909,1318062,18508,2663430,8628200
3131,885,906,1317177,18487,2664336,8770400
3132,875,1008,1316302,18354,2665344,8621500
3133,933,936,1315369,18351,2666280,8781000
3134,975,869,1314394,18457,2667149,8872200
3135,920,921,1313474,18456,2668070,8323000
3136,941,965,1312533,18432,2669035,8728100
3137,923,928,1311610,18427,2669963,8751900
3138,924,930,1310686,18421,2670893,8432100
3139,916,921,1309770,18416,2671814,8455000
3140,909,930,1308861,18395,2672744,8692300
3141,855,902,1308006,18348,2673646,8289400
3142,913,925,1307093,18336,2674571,8425400
3143,890,859,1306203,18367,2675430,8341800
3144,911,907,1305292,18371,2676337,8159300
3145,929,920,1304363,18380,2677257,8473700
3146,875,950,1303488,18305,2678207,8977500
3147,923,941,1302565,18287,2679148,8803200
3148,881,957,1301684,18211,2680105,8225200
3149,883,914,1300801,18180,2681019,8024200
3150,914,905,1299887,18189,2681924,8283100
3151,874,898,1299013,18165,2682822,8720400
3152,895,915,1298118,18145,2683737,8554700
3153,937,872,1297181,18210,2684609,8304300
3154,952,910,1296229,18252,2685519,8268900
3155,846,914,1295383,18184,2686433,8488500
3156,924,872,1294459,18236,2687305,8447800
3157,880,899,1293579,18217,2688204,8664700
3158,943,884,1292636,18276,2689088,8932400
3159,857,951,1291779,18182,2690039,8530100
3160,914,885,1290865,18211,2690924,8383900
3161,880,904,1289985,18187,2691828,8439000
3162,912,904,1289073,18195,2692732,8635200
3163,907,901,1288166,18201,2693633,8622000
3164,881,936,1287285,18146,2694569,9014200
3165,889,923,1286396,18112,2695492,9072200
3166,847,915,1285549,18044,2696407,8901100
3167,854,960,1284695,17938,2697367,8503700
3168,872,927,1283823,17883,2698294,8502500
3169,880,916,1282943,17847,2699210,8354800
3170,852,922,1282091,17777,2700132,8189400
3171,841,893,1281250,17725,2701025,8132400
3172,848,862,1280402,17711,2701887,8190200
3173,813,900,1279589,17624,2702787,8369100
3174,834,885,1278755,17573,2703672,8535800
3175,869,864,1277886,17578,2704536,8488000
3176,837,868,1277049,17547,2705404,8411800
3177,891,875,1276158,17563,2706279,8350200
3178,863,848,1275295,17578,2707127,8264200
3179,854,866,1274441,17566,2707993,8834500
3180,856,948,1273585,17474,2708941,8517900
3181,848,921,1272737,17401,2709862,8441500
3182,829,896,1271908,17334,2710758,8843200
3183,879,828,1271029,17385,2711586,8604800
3184,839,895,1270190,17329,2712481,8438800
3185,871,920,1269319,17280,2713401,8455600
3186,894,825,1268425,17349,2714226,8374500
3187,854,926,1267571,17277,2715152,8729300
3188,861,849,1266710,17289,2716001,8537500
3189,808,861,1265902,17236,2716862,8413500
3190,819,866,1265083,17189,2717728,8399800
3191,833,893,1264250,17129,2718621,8180700
3192,850,807,1263400,17172,2719428,8735500
3193,881,817,1262519,17236,2720245,8358300
3194,859,826,1261660,17269,2721071,8085400
3195,890,883,1260770,17276,2721954,8095300
3196,880,828,1259890,17328,2722782,8181500
3197,886,908,1259004,17306,2723690,8735100
3198,853,835,1258151,17324,2724525,8701000
3199,864,874,1257287,17314,2725399,8113500
3200,809,919,1256478,17204,2726318,8546800
3201,822,839,1255656,17187,2727157,8163100
3202,774,863,1254882,17098,2728020,8134900
3203,815,837,1254067,17076,2728857,8395200
3204,837,860,1253230,17053,2729717,8846800
3205,781,864,1252449,16970,2730581,8325600
3206,783,885,1251666,16868,2731466,8428200
3207,803,826,1250863,16845,2732292,8155200
3208,830,829,1250033,16846,2733121,8161100
3209,839,876,1249194,16809,2733997,8603300
3210,793,840,1248401,16762,2734837,8508100
3211,797,876,1247604,16683,2735713,8444200
3212,865,823,1246739,16725,2736536,8328100
3213,814,848,1245925,16691,2737384,8586000
3214,806,842,1245119,16655,2738226,8495600
3215,829,850,1244290,16634,2739076,8179900
3216,849,885,1243441,16598,2739961,8554200
3217,887,822,1242554,16663,2740783,8821500
3218,841,805,1241713,16699,2741588,8888700
3219,843,858,1240870,16684,2742446,8545200
3220,817,841,1240053,16660,2743287,8690100
3221,802,906,1239251,16556,2744193,8650000
3222,841,845,1238410,16552,2745038,8231000
3223,827,849,1237583,16530,2745887,8595200
3224,829,847,1236754,16512,2746734,8533800
3225,832,832,1235922,16512,2747566,8938800
3226,773,795,1235149,16490,2748361,8552100
3227,766,826,1234383,16430,2749187,8609500
3228,768,834,1233615,16364,2750021,8652700
3229,771,835,1232844,16300,2750856,8488900
3230,784,777,1232060,16307,2751633,8078600
3231,824,822,1231236,16309,2752455,8704900
3232,818,834,1230418,16293,2753289,9253000
3233,770,826,1229648,16237,2754115,8809300
3234,770,848,1228878,16159,2754963,8554800
3235,778,853,1228100,16084,2755816,8615700
3236,787,798,1227313,16073,2756614,8603000
3237,742,808,1226571,16007,2757422,8097300
3238,781,797,1225790,15991,2758219,8365800
3239,727,811,1225063,15907,2759030,8976800
3240,739,795,1224324,15851,2759825,8813800
3241,756,799,1223568,15808,2760624,8874300
3242,766,825,1222802,15749,2761449,8316800
3243,810,761,1221992,15798,2762210,8506200
3244,726,794,1221266,15730,2763004,8476900
3245,789,826,1220477,15693,2763830,9327100
3246,766,769,1219711,15690,2764599,8432300
3247,786,760,1218925,15716,2765359,8801400
3248,768,739,1218157,15745,2766098,8205400
3249,712,801,1217445,15656,2766899,8436400
3250,823,785,1216622,15694,2767684,8932000
3251,800,811,1215822,15683,2768495,8596900
3252,798,802,1215024,15679,2769297,8557700
3253,805,819,1214219,15665,2770116,8896100
3254,794,806,1213425,15653,2770922,8587900
3255,782,753,1212643,15682,2771675,8634300
3256,799,818,1211844,15663,2772493,8139600
3257,748,744,1211096,15667,2773237,8380300
3258,752,835,1210344,15584,2774072,8488300
3259,811,834,1209533,15561,2774906,8287900
3260,818,770,1208715,15609,2775676,8766600
3261,817,806,1207898,15620,2776482,8811500
3262,802,810,1207096,15612,2777292,8669500
3263,797,784,1206299,15625,2778076,8400800
3264,769,739,1205530,15655,2778815,8655100
3265,744,750,1204786,15649,2779565,8268500
3266,792,741,1203994,15700,2780306,8532100
3267,820,758,1203174,15762,2781064,8460600
3268,748,786,1202426,15724,2781850,8165700
3269,767,829,1201659,15662,2782679,8338000
3270,776,764,1200883,15674,2783443,8296500
3271,780,838,1200103,15616,2784281,8331600
3272,796,779,1199307,15633,2785060,8480000
3273,776,807,1198531,15602,2785867,8084500
3274,760,729,1197771,15633,2786596,8661400
3275,750,771,1197021,15612,2787367,8628500
3276,744,741,1196277,15615,2788108,8697500
3277,795,741,1195482,15669,2788849,8607700
3278,794,803,1194688,15660,2789652,8887100
3279,763,792,1193925,15631,2790444,8784000
3280,756,790,1193169,15597,2791234,8484600
3281,757,815,1192412,15539,2792049,9078400
3282,718,751,1191694,15506,2792800,9139400
3283,796,745,1190898,15557,2793545,8272800
3284,793,764,1190105,15586,2794309,8692500
3285,806,746,1189299,15646,2795055,8535400
3286,821,799,1188478,15668,2795854,8415100
3287,808,783,1187670,15693,2796637,8410900
3288,831,790,1186839,15734,2797427,8545100
3289,791,792,1186048,15733,2798219,8715700
3290,769,831,1185279,15671,2799050,8368300
3291,711,786,1184568,15596,2799836,8455100
3292,825,772,1183743,15649,2800608,8787500
3293,809,788,1182934,15670,2801396,8529900
3294,784,768,1182150,15686,2802164,8429400
3295,815,791,1181335,15710,2802955,8781800
3296,805,756,1180530,15759,2803711,8488700
3297,808,806,1179722,15761,2804517,9037800
3298,778,777,1178944,15762,2805294,8765100
3299,780,766,1178164,15776,2806060,8621200
3300,808,810,1177356,15774,2806870,8438200
3301,777,794,1176579,15757,2807664,8646600
3302,850,783,1175729,15824,2808447,8097000
3303,817,806,1174912,15835,2809253,8701500
3304,799,750,1174113,15884,2810003,8233500
3305,780,764,1173333,15900,2810767,8329000
3306,844,784,1172489,15960,2811551,8505000
3307,776,811,1171713,15925,2812362,8923800
3308,803,831,1170910,15897,2813193,9183600
3309,789,783,1170121,15903,2813976,8508000
3310,822,821,1169299,15904,2814797,8325200
3311,766,807,1168533,15863,2815604,8698700
3312,780,771,1167753,15872,2816375,8539200
3313,787,798,1166966,15861,2817173,8313000
3314,777,788,1166189,15850,2817961,8386800
3315,833,738,1165356,15945,2818699,8198600
3316,736,756,1164620,15925,2819455,8353700
3317,826,799,1163794,15952,2820254,8442900
3318,754,836,1163040,15870,2821090,8302500
3319,779,735,1162261,15914,2821825,8298500
3320,785,841,1161476,15858,2822666,8224700
3321,763,820,1160713,15801,2823486,8943200
3322,789,809,1159924,15781,2824295,8697300
3323,780,780,1159144,15781,2825075,8462500
3324,781,794,1158363,15768,2825869,8311100
3325,757,773,1157606,15752,2826642,8794900
3326,796,801,1156810,15747,2827443,8468200
3327,791,795,1156019,15743,2828238,8205100
3328,755,810,1155264,15688,2829048,8598000
3329,766,746,1154498,15708,2829794,8945200
3330,763,743,1153735,15728,2830537,8859700
3331,779,800,1152956,15707,2831337,8524400
3332,760,769,1152196,15698,2832106,8505400
3333,778,823,1151418,15653,2832929,8566800
3334,811,819,1150607,15645,2833748,8056900
3335,752,751,1149855,15646,2834499,8116400
3336,757,794,1149098,15609,2835293,8576300
3337,816,802,1148282,15623,2836095,9051800
3338,789,792,1147493,15620,2836887,8977100
3339,773,796,1146720,15597,2837683,8271800
3340,841,785,1145879,15653,2838468,8505900
3341,753,742,1145126,15664,2839210,8638900
3342,787,757,1144339,15694,2839967,8671600
3343,804,790,1143535,15708,2840757,8859800
3344,758,771,1142777,15695,2841528,8768800
3345,746,812,1142031,15629,2842340,8719800
3346,747,775,1141284,15601,2843115,8847200
3347,754,780,1140530,15575,2843895,8126300
3348,770,849,1139760,15496,2844744,8368900
3349,748,757,1139012,15487,2845501,8340000
3350,760,744,1138252,15503,2846245,8239600
3351,756,761,1137496,15498,2847006,8145700
3352,739,781,1136757,15456,2847787,8636300
3353,789,786,1135968,15459,2848573,8883400
3354,754,782,1135214,15431,2849355,8296300
3355,727,755,1134487,15403,2850110,8309000
3356,782,776,1133705,15409,2850886,8501300
3357,759,720,1132946,15448,2851606,8367500
3358,746,753,1132200,15441,2852359,8633000
3359,747,757,1131453,15431,2853116,8552900
3360,734,768,1130719,15397,2853884,8446200
3361,765,745,1129954,15417,2854629,8465200
3362,776,768,1129178,15425,2855397,8415000
3363,754,788,1128424,15391,2856185,8496700
3364,743,764,1127681,15370,2856949,8236800
3365,729,700,1126952,15399,2857649,8322600
3366,757,782,1126195,15374,2858431,8122100
3367,760,760,1125435,15374,2859191,8750600
3368,725,746,1124710,15353,2859937,8466900
3369,744,765,1123966,15332,2860702,8265500
3370,751,789,1123215,15294,2861491,8440100
3371,748,719,1122467,15323,2862210,8927600
3372,718,746,1121749,15295,2862956,8427100
3373,759,773,1120990,15281,2863729,8383600
3374,783,723,1120207,15341,2864452,8382400
3375,786,744,1119421,15383,2865196,8815100
3376,758,782,1118663,15359,2865978,8384300
3377,770,751,1117893,15378,2866729,8282200
3378,771,771,1117122,15378,2867500,8374400
3379,747,781,1116375,15344,2868281,8789800
3380,767,738,1115608,15373,2869019,8153400
3381,729,769,1114879,15333,2869788,8309500
3382,771,779,1114108,15325,2870567,8758700
3383,753,732,1113355,15346,2871299,8680200
3384,816,770,1112539,15392,2872069,8375800
3385,755,754,1111784,15393,2872823,8698500
3386,807,756,1110977,15444,2873579,8470000
3387,741,766,1110236,15419,2874345,8016600
3388,804,756,1109432,15467,2875101,8163400
3389,741,739,1108691,15469,2875840,8471700
3390,785,774,1107906,15480,2876614,9629800
3391,765,740,1107141,15505,2877354,9149700
3392,757,791,1106384,15471,2878145,8911800
3393,793,758,1105591,15506,2878903,8388000
3394,745,784,1104846,15467,2879687,8551000
3395,734,778,1104112,15423,2880465,8772400
3396,759,805,1103353,15377,2881270,9520400
3397,744,780,1102609,15341,2882050,9684500
3398,733,775,1101876,15299,2882825,9222800
3399,795,780,1101081,15314,2883605,9387900
3400,766,734,1100315,15346,2884339,9808200
3401,771,741,1099544,15376,2885080,8972700
3402,750,756,1098794,15370,2885836,8956700
3403,729,776,1098065,15323,2886612,8422100
3404,732,753,1097333,15302,2887365,8374700
3405,742,779,1096591,15265,2888144,8298400
3406,748,776,1095843,15237,2888920,8468400
3407,768,792,1095075,15213,2889712,8291400
3408,735,745,1094340,15203,2890457,9092800
3409,801,770,1093539,15234,2891227,8484900
3410,790,811,1092749,15213,2892038,8429500
3411,754,781,1091995,15186,2892819,8510200
3412,754,761,1091241,15179,2893580,8346800
3413,766,785,1090475,15160,2894365,8452100
3414,778,751,1089697,15187,2895116,8509600
3415,764,772,1088933,15179,2895888,8456200
3416,742,789,1088191,15132,2896677,8371000
3417,770,727,1087421,15175,2897404,8547100
3418,768,760,1086653,15183,2898164,8638800
3419,732,750,1085921,15165,2898914,8471500
3420,786,720,1085135,15231,2899634,8394000
3421,693,724,1084442,15200,2900358,8664800
3422,769,700,1083673,15269,2901058,9168000
3423,768,763,1082905,15274,2901821,8292300
3424,763,771,1082142,15266,2902592,8321300
3425,720,798,1081422,15188,2903390,9331300
3426,782,792,1080640,15178,2904182,8495800
3427,747,783,1079893,15142,2904965,8362600
3428,718,774,1079175,15086,2905739,8796700
3429,743,720,1078432,15109,2906459,8737700
3430,760,750,1077672,15119,2907209,8915600
3431,779,742,1076893,15156,2907951,9112000
3432,750,768,1076143,15138,2908719,8686300
3433,744,794,1075399,15088,2909513,8458100
3434,718,765,1074681,15041,2910278,9041200
3435,781,711,1073900,15111,2910989,8436100
3436,784,776,1073116,15119,2911765,8315100
3437,741,721,1072375,15139,2912486,8957000
3438,717,786,1071658,15070,2913272,9012600
3439,697,765,1070961,15002,2914037,8911100
3440,776,737,1070185,15041,2914774,8644500
3441,711,741,1069474,15011,2915515,8206400
3442,772,735,1068702,15048,2916250,8474300
3443,714,734,1067988,15028,2916984,8399600
3444,757,738,1067231,15047,2917722,8293600
3445,723,753,1066508,15017,2918475,8583400
3446,782,718,1065726,15081,2919193,8629900
3447,782,750,1064944,15113,2919943,8368200
3448,755,796,1064189,15072,2920739,8302900
3449,771,785,1063418,15058,2921524,8855100
3450,750,745,1062668,15063,2922269,8510300
3451,689,785,1061979,14967,2923054,8197900
3452,754,713,1061225,15008,2923767,8147500
3453,729,742,1060496,14995,2924509,8729800
3454,731,810,1059765,14916,2925319,8597600
3455,723,806,1059042,14833,2926125,8900100
3456,709,735,1058333,14807,2926860,9311900
3457,754,723,1057579,14838,2927583,8445200
3458,702,752,1056877,14788,2928335,8955000
3459,704,743,1056173,14749,2929078,8370100
3460,721,760,1055452,14710,2929838,8411800
3461,735,765,1054717,14680,2930603,8247100
3462,734,713,1053983,14701,2931316,8791900
3463,706,738,1053277,14669,2932054,8572600
3464,719,713,1052558,14675,2932767,8659800
3465,701,699,1051857,14677,2933466,8287000
3466,722,697,1051135,14702,2934163,8727400
3467,710,725,1050425,14687,2934888,8316500
3468,732,754,1049693,14665,2935642,8173300
3469,650,738,1049043,14577,2936380,8345900
3470,706,733,1048337,14550,2937113,8766500
3471,689,768,1047648,14471,2937881,8950800
3472,707,735,1046941,14443,2938616,8722800
3473,651,713,1046290,14381,2939329,8729700
3474,679,741,1045611,14319,2940070,8266600
3475,742,723,1044869,14338,2940793,9079700
3476,712,697,1044157,14353,2941490,9013700
3477,731,713,1043426,14371,2942203,8519000
3478,697,725,1042729,14343,2942928,8441900
3479,665,726,1042064,14282,2943654,8463500
3480,662,732,1041402,14212,2944386,8509100
3481,708,719,1040694,14201,2945105,8300200
3482,705,741,1039989,14165,2945846,8023000
3483,684,732,1039305,14117,2946578,8438600
3484,685,677,1038620,14125,2947255,8461600
3485,717,709,1037903,14133,2947964,8194400
3486,705,732,1037198,14106,2948696,8796500
3487,704,753,1036494,14057,2949449,8568700
3488,662,733,1035832,13986,2950182,8336300
3489,685,739,1035147,13932,2950921,8115400
3490,656,667,1034491,13921,2951588,8179300
3491,716,683,1033775,13954,2952271,8691700
3492,649,704,1033126,13899,2952975,8601700
3493,650,667,1032476,13882,2953642,8550000
3494,646,687,1031830,13841,2954329,8173900
3495,681,685,1031149,13837,2955014,8220800
3496,643,664,1030506,13816,2955678,8116400
3497,659,677,1029847,13798,2956355,8322200
3498,640,715,1029207,13723,2957070,8396500
3499,619,681,1028588,13661,2957751,8283100
3500,707,688,1027881,13680,2958439,8694100
3501,707,659,1027174,13728,2959098,15408400
3502,667,698,1026507,13697,2959796,8900900
3503,656,710,1025851,13643,2960506,8588200
3504,714,722,1025137,13635,2961228,8456000
3505,663,702,1024474,13596,2961930,8429400
3506,671,635,1023803,13632,2962565,8950100
3507,688,709,1023115,13611,2963274,8544600
3508,665,684,1022450,13592,2963958,8352300
3509,677,703,1021773,13566,2964661,8656900
3510,660,646,1021113,13580,2965307,8449900
3511,706,649,1020407,13637,2965956,8648200
3512,703,691,1019704,13649,2966647,8725200
3513,698,667,1019006,13680,2967314,8571400
3514,704,673,1018302,13711,2967987,9069500
3515,762,637,1017540,13836,2968624,9266800
3516,722,710,1016818,13848,2969334,8980300
3517,709,676,1016109,13881,2970010,8678200
3518,668,688,1015441,13861,2970698,8780500
3519,695,713,1014746,13843,2971411,9000000
3520,675,667,1014071,13851,2972078,8610700
3521,749,725,1013322,13875,2972803,8609800
3522,733,672,1012589,13936,2973475,8250700
3523,716,721,1011873,13931,2974196,8994700
3524,716,735,1011157,13912,2974931,8751100
3525,711,684,1010446,13939,2975615,8667500
3526,666,678,1009780,13927,2976293,8755600
3527,687,710,1009093,13904,2977003,8463400
3528,662,671,1008431,13895,2977674,8847100
3529,668,626,1007763,13937,2978300,8518000
3530,724,672,1007039,13989,2978972,8628800
3531,695,722,1006344,13962,2979694,8387800
3532,635,691,1005709,13906,2980385,8232500
3533,655,685,1005054,13876,2981070,8505600
3534,662,738,1004392,13800,2981808,8591400
3535,718,677,1003674,13841,2982485,8632400
3536,726,739,1002948,13828,2983224,8733000
3537,696,713,1002252,13811,2983937,9925700
3538,705,723,1001547,13793,2984660,9031800
3539,693,714,1000854,13772,2985374,8936400
3540,723,698,1000131,13797,2986072,8577200
3541,717,701,999414,13813,2986773,8565800
3542,750,650,998664,13913,2987423,8427200
3543,727,727,997937,13913,2988150,8523400
3544,709,695,997228,13927,2988845,8995600
3545,680,704,996548,13903,2989549,8763200
3546,668,693,995880,13878,2990242,8850700
3547,703,708,995177,13873,2990950,8673200
3548,703,736,994474,13840,2991686,8520500
3549,648,687,993826,13801,2992373,8691000
3550,699,696,993127,13804,2993069,8418100
3551,692,695,992435,13801,2993764,8342600
3552,659,700,991776,13760,2994464,8741600
3553,690,662,991086,13788,2995126,8798500
3554,726,680,990360,13834,2995806,8782800
3555,731,659,989629,13906,2996465,8664800
3556,688,716,988941,13878,2997181,8159400
3557,667,717,988274,13828,2997898,8241100
3558,643,679,987631,13792,2998577,8193400
3559,653,726,986978,13719,2999303,8357800
3560,661,694,986317,13686,2999997,8190100
3561,672,698,985645,13660,3000695,8353700
3562,697,702,984948,13655,3001397,8754800
3563,668,744,984280,13579,3002141,8153200
3564,670,624,983610,13625,3002765,8226200
3565,690,653,982920,13662,3003418,8430800
3566,699,701,982221,13660,3004119,8618100
3567,681,655,981540,13686,3004774,8498900
3568,658,688,980882,13656,3005462,8396600
3569,686,642,980196,13700,3006104,8266100
3570,692,700,979504,13692,3006804,8323300
3571,702,634,978802,13760,3007438,8627000
3572,749,719,978053,13790,3008157,8442000
3573,750,723,977303,13817,3008880,9180000
3574,711,715,976592,13813,3009595,8259200
3575,706,672,975886,13847,3010267,8380900
3576,702,668,975184,13881,3010935,8290200
3577,700,680,974484,13901,3011615,8285100
3578,724,708,973760,13917,3012323,8350200
3579,639,712,973121,13844,3013035,8333500
3580,734,670,972387,13908,3013705,8320900
3581,644,676,971743,13876,3014381,9234900
3582,713,730,971030,13859,3015111,9143000
3583,721,681,970309,13899,3015792,8671000
3584,686,664,969623,13921,3016456,8363600
3585,642,753,968981,13810,3017209,8746200
3586,666,700,968315,13776,3017909,8272800
3587,714,688,967601,13802,3018597,8286200
3588,667,663,966934,13806,3019260,8252800
3589,705,652,966229,13859,3019912,8289300
3590,677,724,965552,13812,3020636,8342900
3591,689,642,964863,13859,3021278,8672600
3592,675,694,964188,13840,3021972,8423200
3593,667,690,963521,13817,3022662,8681600
3594,633,682,962888,13768,3023344,8449700
3595,684,670,962204,13782,3024014,9063000
3596,660,677,961544,13765,3024691,8782100
3597,670,700,960874,13735,3025391,9082100
3598,673,686,960201,13722,3026077,8272300
3599,691,670,959510,13743,3026747,8696600
3600,653,669,958857,13727,3027416,8247400
3601,661,689,958196,13699,3028105,8719800
3602,650,658,957546,13691,3028763,8405400
3603,715,699,956831,13707,3029462,8211500
3604,660,664,956171,13703,3030126,8102000
3605,698,723,955473,13678,3030849,8609700
3606,691,688,954782,13681,3031537,8325000
3607,625,675,954157,13631,3032212,8341400
3608,677,642,953480,13666,3032854,8461200
3609,643,712,952837,13597,3033566,8577900
3610,641,620,952196,13618,3034186,8670500
3611,712,690,951484,13640,3034876,8681200
3612,653,687,950831,13606,3035563,8438900
3613,654,704,950177,13556,3036267,8289500
3614,711,665,949466,13602,3036932,8761100
3615,651,653,948815,13600,3037585,8249300
3616,693,670,948122,13623,3038255,8753400
3617,672,667,947450,13628,3038922,8469400
3618,671,710,946779,13589,3039632,8401800
3619,654,689,946125,13554,3040321,9325400
3620,676,629,945449,13601,3040950,8094500
3621,694,716,944755,13579,3041666,8554300
3622,666,694,944089,13551,3042360,8218400
3623,673,692,943416,13532,3043052,8152500
3624,710,666,942706,13576,3043718,8399200
3625,638,634,942068,13580,3044352,8177600
3626,679,662,941389,13597,3045014,8296400
3627,662,707,940727,13552,3045721,8853000
3628,692,658,940035,13586,3046379,8389800
3629,669,710,939366,13545,3047089,8306000
3630,630,654,938736,13521,3047743,8608400
3631,594,689,938142,13426,3048432,8838200
3632,669,682,937473,13413,3049114,8908100
3633,636,683,936837,13366,3049797,8549900
3634,635,708,936202,13293,3050505,8094700
3635,653,671,935549,13275,3051176,8514800
3636,617,712,934932,13180,3051888,8398600
3637,647,704,934285,13123,3052592,8389000
3638,676,692,933609,13107,3053284,8294100
3639,640,670,932969,13077,3053954,8480400
3640,612,648,932357,13041,3054602,8317500
3641,641,694,931716,12988,3055296,8923600
3642,651,638,931065,13001,3055934,8305400
3643,639,624,930426,13016,3056558,9559600
3644,637,640,929789,13013,3057198,8444200
3645,649,647,929140,13015,3057845,8776200
3646,639,650,928501,13004,3058495,8334700
3647,635,636,927866,13003,3059131,8587900
3648,625,651,927241,12977,3059782,8105900
3649,662,705,926579,12934,3060487,8256100
3650,619,630,925960,12923,3061117,8201200
3651,625,634,925335,12914,3061751,8749700
3652,648,663,924687,12899,3062414,8962900
3653,636,646,924051,12889,3063060,9011800
3654,624,623,923427,12890,3063683,9894300
3655,661,687,922766,12864,3064370,8603700
3656,668,658,922098,12874,3065028,8630900
3657,690,633,921408,12931,3065661,8380600
3658,619,625,920789,12925,3066286,8359600
3659,626,671,920163,12880,3066957,8431000
3660,668,593,919495,12955,3067550,8306500
3661,664,616,918831,13003,3068166,8012100
3662,684,638,918147,13049,3068804,8656300
3663,653,640,917494,13062,3069444,9416800
3664,653,651,916841,13064,3070095,8371800
3665,637,657,916204,13044,3070752,8517300
3666,651,648,915553,13047,3071400,8830700
3667,669,634,914884,13082,3072034,8537800
3668,646,641,914238,13087,3072675,8636000
3669,646,638,913592,13095,3073313,8130100
3670,662,670,912930,13087,3073983,8695400
3671,622,661,912308,13048,3074644,9002600
3672,661,655,911647,13054,3075299,8387900
3673,705,647,910942,13112,3075946,8649700
3674,670,719,910272,13063,3076665,8383800
3675,664,655,909608,13072,3077320,8478900
3676,633,637,908975,13068,3077957,8091600
3677,677,700,908298,13045,3078657,8222100
3678,631,633,907667,13043,3079290,8662200
3679,677,652,906990,13068,3079942,8163800
3680,673,634,906317,13107,3080576,8458700
3681,648,646,905669,13109,3081222,8664300
3682,661,619,905008,13151,3081841,8789900
3683,693,687,904315,13157,3082528,8376400
3684,570,680,903745,13047,3083208,8075400
3685,689,639,903056,13097,3083847,8510300
3686,641,673,902415,13065,3084520,8315900
3687,616,657,901799,13024,3085177,8524400
3688,638,646,901161,13016,3085823,8522200
3689,631,666,900530,12981,3086489,8120600
3690,599,649,899931,12931,3087138,8030000
3691,606,634,899325,12903,3087772,8500600
3692,609,695,898716,12817,3088467,8257700
3693,599,662,898117,12754,3089129,8715400
3694,623,610,897494,12767,3089739,8222600
3695,637,666,896857,12738,3090405,8587900
3696,567,645,896290,12660,3091050,8531800
3697,636,649,895654,12647,3091699,8035400
3698,599,557,895055,12689,3092256,8639500
3699,590,664,894465,12615,3092920,8239600
3700,643,619,893822,12639,3093539,8188200
3701,622,628,893200,12633,3094167,7989100
3702,590,651,892610,12572,3094818,8321400
3703,589,630,892021,12531,3095448,8082000
3704,594,656,891427,12469,3096104,8027000
3705,620,599,890807,12490,3096703,8333700
3706,625,640,890182,12475,3097343,8235000
3707,651,657,889531,12469,3098000,8304200
3708,645,601,888886,12513,3098601,8852500
3709,638,622,888248,12529,3099223,8872100
3710,612,647,887636,12494,3099870,8331200
3711,567,621,887069,12440,3100491,9399000
3712,632,629,886437,12443,3101120,8970600
3713,588,613,885849,12418,3101733,8246000
3714,622,651,885227,12389,3102384,8563300
3715,613,644,884614,12358,3103028,8082400
3716,635,614,883979,12379,3103642,8156500
3717,636,612,883343,12403,3104254,8334400
3718,588,634,882755,12357,3104888,8294500
3719,633,599,882122,12391,3105487,8647200
3720,646,674,881476,12363,3106161,8274300
3721,622,602,880854,12383,3106763,8744200
3722,637,605,880217,12415,3107368,8507100
3723,601,630,879616,12386,3107998,8352400
3724,601,610,879015,12377,3108608,8790900
3725,569,602,878446,12344,3109210,8639700
3726,581,611,877865,12314,3109821,8560500
3727,618,566,877247,12366,3110387,8583000
3728,655,607,876592,12414,3110994,8427400
3729,610,599,875982,12425,3111593,8355000
3730,606,643,875376,12388,3112236,8808600
3731,601,629,874775,12360,3112865,8822000
3732,601,597,874174,12364,3113462,8935400
3733,660,616,873514,12408,3114078,8415400
3734,602,616,872912,12394,3114694,8505300
3735,588,658,872324,12324,3115352,8599900
3736,603,601,871721,12326,3115953,8755300
3737,622,591,871099,12357,3116544,8601000
3738,633,585,870466,12405,3117129,8619800
3739,605,587,869861,12423,3117716,8774600
3740,614,616,869247,12421,3118332,8288100
3741,594,608,868653,12407,3118940,8335300
3742,604,648,868049,12363,3119588,8566000
3743,626,625,867423,12364,3120213,8793000
3744,626,572,866797,12418,3120785,8934700
3745,607,611,866190,12414,3121396,8215900
3746,607,643,865583,12378,3122039,8466100
3747,644,624,864939,12398,3122663,8395200
3748,601,625,864338,12374,3123288,8230600
3749,584,646,863754,12312,3123934,8894300
3750,612,658,863142,12266,3124592,8530600
3751,657,622,862485,12301,3125214,8527500
3752,617,613,861868,12305,3125827,8825300
3753,620,609,861248,12316,3126436,8050200
3754,619,630,860629,12305,3127066,8031900
3755,611,639,860018,12277,3127705,8132600
3756,652,639,859366,12290,3128344,8811500
3757,618,611,858748,12297,3128955,8565400
3758,620,652,858128,12265,3129607,8337200
3759,622,608,857506,12279,3130215,8254800
3760,613,643,856893,12249,3130858,8596800
3761,608,631,856285,12226,3131489,8721600
3762,614,599,855671,12241,3132088,8389600
3763,610,624,855061,12227,3132712,8190800
3764,668,621,854393,12274,3133333,8850400
3765,620,614,853773,12280,3133947,8684400
3766,607,648,853166,12239,3134595,8124500
3767,611,668,852555,12182,3135263,8322700
3768,585,588,851970,12179,3135851,8480300
3769,591,585,851379,12185,3136436,8555700
3770,620,576,850759,12229,3137012,8242400
3771,668,609,850091,12288,3137621,8675000
3772,608,621,849483,12275,3138242,8870100
3773,625,599,848858,12301,3138841,9090300
3774,587,641,848271,12247,3139482,8453800
3775,638,629,847633,12256,3140111,8038300
3776,587,639,847046,12204,3140750,8315700
3777,598,591,846448,12211,3141341,8726200
3778,625,586,845823,12250,3141927,8582300
3779,609,590,845214,12269,3142517,8814400
3780,582,616,844632,12235,3143133,9088900
3781,643,606,843989,12272,3143739,8269700
3782,640,606,843349,12306,3144345,8406100
3783,617,596,842732,12327,3144941,8052800
3784,576,610,842156,12293,3145551,9103900
3785,617,637,841539,12273,3146188,8467500
3786,625,621,840914,12277,3146809,8047200
3787,571,575,840343,12273,3147384,8560200
3788,599,574,839744,12298,3147958,8265600
3789,596,585,839148,12309,3148543,8157300
3790,602,645,838546,12266,3149188,8526700
3791,614,646,837932,12234,3149834,8659200
3792,635,627,837297,12242,3150461,8354900
3793,595,621,836702,12216,3151082,8150400
3794,613,617,836089,12212,3151699,8257800
3795,567,629,835522,12150,3152328,9000100
3796,601,632,834921,12119,3152960,8928600
3797,562,599,834359,12082,3153559,8737000
3798,568,613,833791,12037,3154172,8643400
3799,548,567,833243,12018,3154739,7947500
3800,588,634,832655,11972,3155373,8082900
3801,617,625,832038,11964,3155998,8544900
3802,595,558,831443,12001,3156556,8654700
3803,596,556,830847,12041,3157112,8226600
3804,567,587,830280,12021,3157699,8480800
3805,621,614,829659,12028,3158313,8176300
3806,569,601,829090,11996,3158914,8384700
3807,564,591,828526,11969,3159505,8508800
3808,603,558,827923,12014,3160063,8679700
3809,583,609,827340,11988,3160672,8747200
3810,615,580,826725,12023,3161252,8308000
3811,588,618,826137,11993,3161870,8395200
3812,565,608,825572,11950,3162478,8194500
3813,541,626,825031,11865,3163104,8487000
3814,605,602,824426,11868,3163706,8065400
3815,548,589,823878,11827,3164295,8512300
3816,554,559,823324,11822,3164854,8219200
3817,533,555,822791,11800,3165409,8422800
3818,538,603,822253,11735,3166012,8460600
3819,533,585,821720,11683,3166597,8733400
3820,524,581,821196,11626,3167178,8269700
3821,554,630,820642,11550,3167808,8260000
3822,565,547,820077,11568,3168355,8239900
3823,542,581,819535,11529,3168936,8545000
3824,511,598,819024,11442,3169534,8413100
3825,557,556,818467,11443,3170090,8316300
3826,523,597,817944,11369,3170687,8656600
3827,553,556,817391,11366,3171243,8620500
3828,549,532,816842,11383,3171775,8338900
3829,552,603,816290,11332,3172378,8903300
3830,515,547,815775,11300,3172925,8947200
3831,485,571,815290,11214,3173496,8824500
3832,496,588,814794,11122,3174084,8165400
3833,518,568,814276,11072,3174652,8423200
3834,506,488,813770,11090,3175140,8082900
3835,500,560,813270,11030,3175700,8558500
3836,558,600,812712,10988,3176300,8588200
3837,506,564,812206,10930,3176864,8041500
3838,529,567,811677,10892,3177431,7947400
3839,510,539,811167,10863,3177970,8267300
3840,515,526,810652,10852,3178496,8132700
3841,520,530,810132,10842,3179026,8370100
3842,506,532,809626,10816,3179558,8134400
3843,535,523,809091,10828,3180081,8299000
3844,503,552,808588,10779,3180633,8338600
3845,520,582,808068,10717,3181215,8810100
3846,486,537,807582,10666,3181752,8734100
3847,512,517,807070,10661,3182269,8067300
3848,524,567,806546,10618,3182836,8547600
3849,511,538,806035,10591,3183374,9304900
3850,529,547,805506,10573,3183921,8310300
3851,519,567,804987,10525,3184488,8167100
3852,510,519,804477,10516,3185007,8440500
3853,479,502,803998,10493,3185509,8095400
3854,554,540,803444,10507,3186049,8027900
3855,529,525,802915,10511,3186574,8142100
3856,543,594,802372,10460,3187168,8584100
3857,502,542,801870,10420,3187710,8468200
3858,477,512,801393,10385,3188222,8842900
3859,481,530,800912,10336,3188752,8238700
3860,550,512,800362,10374,3189264,9475500
3861,454,530,799908,10298,3189794,8362400
3862,497,533,799411,10262,3190327,8092500
3863,476,535,798935,10203,3190862,8235800
3864,482,491,798453,10194,3191353,8363700
3865,495,521,797958,10168,3191874,8447600
3866,473,481,797485,10160,3192355,8744200
3867,481,494,797004,10147,3192849,9020100
3868,459,559,796545,10047,3193408,8054500
3869,463,479,796082,10031,3193887,9319400
3870,481,520,795601,9992,3194407,8316300
3871,458,454,795143,9996,3194861,9079900
3872,428,510,794715,9914,3195371,8523000
3873,489,501,794226,9902,3195872,8502200
3874,466,492,793760,9876,3196364,8041100
3875,480,510,793280,9846,3196874,8526100
3876,474,518,792806,9802,3197392,8611800
3877,510,452,792296,9860,3197844,8206000
3878,521,518,791775,9863,3198362,8109700
3879,504,465,791271,9902,3198827,8042900
3880,520,496,790751,9926,3199323,8749300
3881,490,479,790261,9937,3199802,8649100
3882,491,531,789770,9897,3200333,8720100
3883,494,501,789276,9890,3200834,9162000
3884,525,534,788751,9881,3201368,8795700
3885,491,513,788260,9859,3201881,8429700
3886,525,459,787735,9925,3202340,8124900
3887,464,493,787271,9896,3202833,8335300
3888,521,523,786750,9894,3203356,8757700
3889,512,506,786238,9900,3203862,9090800
3890,470,483,785768,9887,3204345,8653000
3891,494,516,785274,9865,3204861,8888800
3892,456,487,784818,9834,3205348,9365800
3893,526,480,784292,9880,3205828,8273200
3894,524,502,783768,9902,3206330,8386000
3895,514,497,783254,9919,3206827,8363800
3896,476,481,782778,9914,3207308,8190900
3897,431,483,782347,9862,3207791,8501000
3898,506,545,781841,9823,3208336,8084800
3899,486,461,781355,9848,3208797,8622100
3900,489,531,780866,9806,3209328,8508500
3901,466,469,780400,9803,3209797,8577700
3902,492,506,779908,9789,3210303,8628800
3903,469,493,779439,9765,3210796,9066000
3904,481,516,778958,9730,3211312,8171500
3905,446,511,778512,9665,3211823,8565900
3906,402,494,778110,9573,3212317,9193200
3907,468,497,777642,9544,3212814,9150400
3908,447,432,777195,9559,3213246,8407100
3909,479,465,776716,9573,3213711,8607500
3910,519,477,776197,9615,3214188,8594100
3911,453,511,775744,9557,3214699,8094500
3912,480,486,775264,9551,3215185,8317000
3913,479,494,774785,9536,3215679,8097300
3914,490,491,774295,9535,3216170,8647900
3915,498,474,773797,9559,3216644,8382200
3916,486,489,773311,9556,3217133,8566300
3917,490,462,772821,9584,3217595,7959800
3918,453,514,772368,9523,3218109,8547500
3919,487,526,771881,9484,3218635,8585500
3920,449,466,771432,9467,3219101,8392400
3921,451,469,770981,9449,3219570,8687000
3922,434,458,770547,9425,3220028,8407000
3923,467,455,770080,9437,3220483,8054100
3924,471,466,769609,9442,3220949,8159500
3925,469,478,769140,9433,3221427,8458400
3926,486,498,768654,9421,3221925,8671900
3927,495,434,768159,9482,3222359,8057600
3928,478,496,767681,9464,3222855,8131000
3929,522,484,767159,9502,3223339,8313800
3930,519,473,766640,9548,3223812,9096200
3931,536,490,766104,9594,3224302,8578300
3932,505,508,765599,9591,3224810,8942400
3933,482,443,765117,9630,3225253,8148300
3934,521,479,764596,9672,3225732,8519300
3935,503,462,764093,9713,3226194,8012800
3936,505,458,763588,9760,3226652,8239300
3937,494,508,763094,9746,3227160,8300800
3938,472,515,762622,9703,3227675,8606700
3939,465,461,762157,9707,3228136,8337100
3940,466,513,761691,9660,3228649,8296400
3941,456,446,761235,9670,3229095,8161300
3942,463,488,760772,9645,3229583,8197800
3943,487,456,760285,9676,3230039,8330000
3944,480,491,759805,9665,3230530,8358800
3945,452,512,759353,9605,3231042,8917900
3946,438,473,758915,9570,3231515,8982600
3947,457,476,758458,9551,3231991,8098600
3948,457,449,758001,9559,3232440,8392300
3949,430,481,757571,9508,3232921,8088800
3950,435,487,757136,9456,3233408,8254500
3951,470,485,756666,9441,3233893,8195700
3952,468,436,756198,9473,3234329,8121000
3953,418,472,755780,9419,3234801,8534500
3954,468,485,755312,9402,3235286,8183500
3955,484,479,754828,9407,3235765,8671400
3956,500,463,754328,9444,3236228,8309100
3957,473,486,753855,9431,3236714,8365100
3958,472,504,753383,9399,3237218,8405800
3959,484,441,752899,9442,3237659,8123500
3960,456,515,752443,9383,3238174,8259600
3961,488,475,751955,9396,3238649,8267500
3962,509,498,751446,9407,3239147,8482000
3963,470,493,750976,9384,3239640,8213300
3964,473,497,750503,9360,3240137,8425500
3965,477,465,750026,9372,3240602,8240600
3966,492,458,749534,9406,3241060,8294500
3967,428,463,749106,9371,3241523,8388300
3968,484,435,748622,9420,3241958,8222800
3969,456,450,748166,9426,3242408,8260600
3970,473,433,747693,9466,3242841,8806200
3971,468,487,747225,9447,3243328,8497800
3972,502,468,746723,9481,3243796,8504900
3973,442,446,746281,9477,3244242,8044500
3974,451,514,745830,9414,3244756,8414500
3975,444,432,745386,9426,3245188,8563200
3976,431,444,744955,9413,3245632,8093800
3977,447,470,744508,9390,3246102,8335600
3978,424,464,744084,9350,3246566,8579100
3979,415,462,743669,9303,3247028,7999000
3980,446,468,743223,9281,3247496,8031800
3981,422,490,742801,9213,3247986,8394300
3982,448,488,742353,9173,3248474,8277700
3983,388,465,741965,9096,3248939,8197100
3984,451,456,741514,9091,3249395,8292400
3985,451,422,741063,9120,3249817,8404100
3986,434,452,740629,9102,3250269,8371300
3987,443,434,740186,9111,3250703,8298700
3988,448,467,739738,9092,3251170,7875900
3989,429,446,739309,9075,3251616,7859400
3990,438,416,738871,9097,3252032,8132300
3991,435,462,738436,9070,3252494,8028700
3992,456,446,737980,9080,3252940,7881200
3993,458,451,737522,9087,3253391,8112000
3994,453,491,737069,9049,3253882,7911400
3995,425,439,736644,9035,3254321,7782400
3996,406,439,736238,9002,3254760,7828300
3997,423,471,735815,8954,3255231,8045600
3998,452,410,735363,8996,3255641,7839200
3999,448,456,734915,8988,3256097,7857200
4000,452,484,734463,8956,3256581,7855600
4001,451,456,734012,8951,3257037,7846200
4002,427,464,733585,8914,3257501,8109300
4003,423,454,733162,8883,3257955,7925200
4004,432,453,732730,8862,3258408,7836300
4005,441,466,732289,8837,3258874,7782700
4006,461,446,731828,8852,3259320,7858300
4007,457,412,731371,8897,3259732,7887400
4008,433,434,730938,8896,3260166,7802700
4009,418,438,730520,8876,3260604,8214700
4010,471,439,730049,8908,3261043,8555800
4011,467,410,729582,8965,3261453,9044800
4012,461,431,729121,8995,3261884,8098400
4013,447,462,728674,8980,3262346,8158200
4014,449,462,728225,8967,3262808,7773700
4015,449,400,727776,9016,3263208,8006200
4016,417,463,727359,8970,3263671,7831000
4017,432,462,726927,8940,3264133,7770500
4018,471,429,726456,8982,3264562,7813200
4019,468,442,725988,9008,3265004,7955300
4020,422,431,725566,8999,3265435,7915800
4021,480,455,725086,9024,3265890,7856600
4022,473,448,724613,9049,3266338,7802000
4023,481,454,724132,9076,3266792,8044800
4024,472,426,723660,9122,3267218,7899600
4025,475,497,723185,9100,3267715,7864400
4026,439,441,722746,9098,3268156,7885000
4027,421,456,722325,9063,3268612,8259200
4028,437,477,721888,9023,3269089,7991900
4029,433,440,721455,9016,3269529,7981100
4030,452,458,721003,9010,3269987,7828300
4031,425,435,720578,9000,3270422,7950900
4032,401,462,720177,8939,3270884,8103500
4033,479,448,719698,8970,3271332,8117500
4034,428,468,719270,8930,3271800,8079500
4035,406,436,718864,8900,3272236,8413100
4036,424,400,718440,8924,3272636,8207200
4037,433,463,718007,8894,3273099,8203800
4038,430,417,717577,8907,3273516,7930200
4039,442,448,717135,8901,3273964,8050100
4040,456,449,716679,8908,3274413,7934800
4041,441,472,716238,8877,3274885,8018100
4042,427,452,715811,8852,3275337,8490400
4043,446,452,715365,8846,3275789,8374400
4044,464,458,714901,8852,3276247,8384200
4045,398,444,714503,8806,3276691,8040300
4046,425,415,714078,8816,3277106,7964500
4047,445,441,713633,8820,3277547,7985300
4048,408,424,713225,8804,3277971,8160400
4049,429,451,712796,8782,3278422,8088800
4050,418,452,712378,8748,3278874,8194400
4051,413,423,711965,8738,3279297,7970500
4052,461,454,711504,8745,3279751,8334200
4053,438,432,711066,8751,3280183,7974000
4054,377,446,710689,8682,3280629,7921800
4055,401,423,710288,8660,3281052,8041700
4056,370,422,709918,8608,3281474,7936600
4057,401,443,709517,8566,3281917,8085600
4058,380,417,709137,8529,3282334,7963800
4059,400,425,708737,8504,3282759,8087700
4060,408,424,708329,8488,3283183,8071000
4061,444,410,707885,8522,3283593,7936100
4062,457,411,707428,8568,3284004,7751200
4063,424,450,707004,8542,3284454,8053400
4064,458,404,706546,8596,3284858,8061700
4065,443,426,706103,8613,3285284,8556600
4066,446,403,705657,8656,3285687,8105700
4067,455,431,705202,8680,3286118,8401900
4068,427,420,704775,8687,3286538,8528000
4069,428,455,704347,8660,3286993,8669400
4070,414,429,703933,8645,3287422,8044400
4071,393,440,703540,8598,3287862,7979300
4072,420,426,703120,8592,3288288,7774200
4073,411,458,702709,8545,3288746,7724000
4074,429,394,702280,8580,3289140,7818500
4075,428,424,701852,8584,3289564,7798600
4076,466,442,701386,8608,3290006,7821300
4077,426,403,700960,8631,3290409,7827600
4078,414,433,700546,8612,3290842,7792600
4079,416,432,700130,8596,3291274,7807500
4080,423,402,699707,8617,3291676,7776200
4081,434,440,699273,8611,3292116,7749800
4082,438,449,698835,8600,3292565,7902300
4083,401,410,698434,8591,3292975,7837200
4084,441,446,697993,8586,3293421,8044600
4085,415,412,697578,8589,3293833,7961400
4086,443,435,697135,8597,3294268,7970900
4087,419,468,696716,8548,3294736,7772700
4088,411,455,696305,8504,3295191,7780700
4089,419,426,695886,8497,3295617,8114100
4090,423,426,695463,8494,3296043,7904400
4091,409,406,695054,8497,3296449,7977800
4092,429,431,694625,8495,3296880,7952800
4093,449,430,694176,8514,3297310,7920600
4094,427,439,693749,8502,3297749,8303400
4095,412,422,693337,8492,3298171,8070400
4096,459,399,692878,8552,3298570,8143800
4097,385,396,692493,8541,3298966,8293400
4098,452,393,692041,8600,3299359,7905300
4099,433,450,691608,8583,3299809,7990200
4100,446,436,691162,8593,3300245,7762800
4101,413,448,690749,8558,3300693,7777000
4102,440,452,690309,8546,3301145,8506900
4103,407,420,689902,8533,3301565,7857300
4104,418,383,689484,8568,3301948,8001300
4105,468,444,689016,8592,3302392,8458400
4106,442,444,688574,8590,3302836,8381900
4107,422,422,688152,8590,3303258,8413000
4108,420,398,687732,8612,3303656,8305400
4109,426,427,687306,8611,3304083,8374700
4110,450,448,686856,8613,3304531,8135400
4111,410,418,686446,8605,3304949,8100600
4112,422,387,686024,8640,3305336,8088800
4113,451,451,685573,8640,3305787,7768300
4114,453,444,685120,8649,3306231,7802600
4115,439,442,684681,8646,3306673,7861800
4116,430,422,684251,8654,3307095,7938800
4117,457,416,683794,8695,3307511,8807500
4118,412,429,683382,8678,3307940,9443200
4119,452,465,682930,8665,3308405,8588800
4120,449,413,682481,8701,3308818,8666100
4121,408,432,682073,8677,3309250,8560400
4122,382,427,681691,8632,3309677,8531400
4123,436,445,681255,8623,3310122,9103400
4124,430,450,680825,8603,3310572,8572700
4125,383,436,680442,8550,3311008,8832000
4126,416,443,680026,8523,3311451,9919100
4127,396,432,679630,8487,3311883,9136400
4128,418,396,679212,8509,3312279,10082300
4129,440,382,678772,8567,3312661,11648300
4130,435,408,678337,8594,3313069,8585000
4131,424,397,677913,8621,3313466,8816000
4132,447,411,677466,8657,3313877,9401500
4133,431,417,677035,8671,3314294,8740000
4134,439,450,676596,8660,3314744,8209400
4135,399,462,676197,8597,3315206,8282200
4136,407,429,675790,8575,3315635,8130700
4137,433,460,675357,8548,3316095,8292600
4138,375,427,674982,8496,3316522,8187200
4139,446,464,674536,8478,3316986,8367000
4140,429,435,674107,8472,3317421,8810500
4141,406,449,673701,8429,3317870,7995300
4142,415,425,673286,8419,3318295,8030500
4143,398,404,672888,8413,3318699,8026200
4144,413,439,672475,8387,3319138,8162700
4145,430,414,672045,8403,3319552,7916200
4146,421,402,671624,8422,3319954,8052500
4147,421,417,671203,8426,3320371,7840900
4148,444,441,670759,8429,3320812,7879900
4149,399,398,670360,8430,3321210,8107000
4150,396,389,669964,8437,3321599,7978100
4151,439,399,669525,8477,3321998,8068800
4152,415,391,669110,8501,3322389,7931800
4153,422,460,668688,8463,3322849,8069600
4154,436,412,668252,8487,3323261,7947500
4155,433,406,667819,8514,3323667,8194700
4156,439,449,667380,8504,3324116,9197300
4157,429,449,666951,8484,3324565,8270300
4158,397,462,666554,8419,3325027,8421400
4159,414,414,666140,8419,3325441,8929100
4160,385,453,665755,8351,3325894,8292600
4161,414,413,665341,8352,3326307,8410700
4162,425,402,664916,8375,3326709,8563900
4163,411,447,664505,8339,3327156,8237100
4164,423,418,664082,8344,3327574,8438600
4165,414,420,663668,8338,3327994,8140800
4166,408,423,663260,8323,3328417,8348300
4167,368,377,662892,8314,3328794,8407500
4168,420,400,662472,8334,3329194,8387300
4169,402,394,662070,8342,3329588,8278000
4170,391,403,661679,8330,3329991,8302200
4171,403,362,661276,8371,3330353,8154700
4172,427,421,660849,8377,3330774,8127500
4173,397,437,660452,8337,3331211,8359500
4174,404,401,660048,8340,3331612,8371400
4175,370,395,659678,8315,3332007,8128400
4176,381,423,659297,8273,3332430,8029600
4177,389,405,658908,8257,3332835,8164500
4178,423,420,658485,8260,3333255,8283600
4179,371,406,658114,8225,3333661,8137700
4180,370,390,657744,8205,3334051,8261500
4181,384,385,657360,8204,3334436,8276400
4182,386,387,656974,8203,3334823,8358600
4183,414,383,656560,8234,3335206,8510200
4184,387,411,656173,8210,3335617,9188500
4185,399,374,655774,8235,3335991,9385900
4186,387,375,655387,8247,3336366,8435900
4187,405,401,654982,8251,3336767,8518300
4188,413,406,654569,8258,3337173,8389600
4189,383,411,654186,8230,3337584,8456600
4190,391,375,653795,8246,3337959,8110500
4191,417,455,653378,8208,3338414,8350000
4192,349,407,653029,8150,3338821,8195500
4193,396,416,652633,8130,3339237,8091200
4194,450,387,652183,8193,3339624,8083700
4195,429,375,651754,8247,3339999,8170000
4196,420,443,651334,8224,3340442,8049300
4197,418,395,650916,8247,3340837,8040500
4198,422,404,650494,8265,3341241,8029700
4199,410,414,650084,8261,3341655,8108000
4200,401,400,649683,8262,3342055,8147800
4201,409,374,649274,8297,3342429,9041700
4202,427,411,648847,8313,3342840,12703000
4203,390,397,648457,8306,3343237,8287300
4204,439,403,648018,8342,3343640,8755600
4205,383,391,647635,8334,3344031,8061800
4206,395,374,647240,8355,3344405,8157700
4207,416,435,646824,8336,3344840,8139000
4208,422,410,646402,8348,3345250,8127900
4209,422,399,645980,8371,3345649,8485900
4210,429,436,645551,8364,3346085,8449500
4211,410,444,645141,8330,3346529,8199000
4212,407,413,644734,8324,3346942,8229800
4213,426,443,644308,8307,3347385,7873700
4214,421,407,643887,8321,3347792,7823000
4215,431,397,643456,8355,3348189,7833200
4216,424,425,643032,8354,3348614,8000300
4217,430,411,642602,8373,3349025,7882800
4218,410,394,642192,8389,3349419,8129600
4219,383,400,641809,8372,3349819,8146300
4220,382,455,641427,8299,3350274,8293400
4221,402,418,641025,8283,3350692,8508600
4222,408,405,640617,8286,3351097,8019600
4223,415,412,640202,8289,3351509,8065100
4224,408,442,639794,8255,3351951,8340800
4225,427,401,639367,8281,3352352,8148800
4226,405,379,638962,8307,3352731,8514900
4227,432,385,638530,8354,3353116,9182400
4228,438,418,638092,8374,3353534,8364700
4229,376,405,637716,8345,3353939,8237300
4230,404,418,637312,8331,3354357,8202000
4231,426,413,636886,8344,3354770,7964600
4232,424,429,636462,8339,3355199,7936300
4233,384,376,636078,8347,3355575,7783500
4234,396,404,635682,8339,3355979,7749000
4235,414,406,635268,8347,3356385,7900800
4236,392,425,634876,8314,3356810,7853200
4237,392,407,634484,8299,3357217,8108100
4238,373,395,634111,8277,3357612,7985900
4239,382,416,633729,8243,3358028,7959100
4240,392,421,633337,8214,3358449,8054800
4241,379,402,632958,8191,3358851,7923300
4242,398,407,632560,8182,3359258,7833500
4243,380,424,632180,8138,3359682,7980700
4244,366,413,631814,8091,3360095,8288900
4245,369,400,631445,8060,3360495,8662400
4246,355,393,631090,8022,3360888,8244800
4247,394,401,630696,8015,3361289,7915500
4248,376,387,630320,8004,3361676,7765300
4249,391,397,629929,7998,3362073,7766000
4250,368,385,629561,7981,3362458,7794400
4251,407,419,629154,7969,3362877,7959700
4252,423,360,628731,8032,3363237,7960900
4253,394,386,628337,8040,3363623,7776500
4254,422,405,627915,8057,3364028,8715200
4255,411,381,627504,8087,3364409,8303900
4256,410,400,627094,8097,3364809,8303100
4257,396,427,626698,8066,3365236,8186400
4258,392,401,626306,8057,3365637,7807600
4259,387,415,625919,8029,3366052,7824200
4260,384,400,625535,8013,3366452,8006200
4261,406,409,625129,8010,3366861,8291600
4262,378,389,624751,7999,3367250,7967600
4263,397,416,624354,7980,3367666,7859100
4264,382,381,623972,7981,3368047,7859600
4265,358,402,623614,7937,3368449,7875200
4266,379,441,623235,7875,3368890,7988100
4267,378,402,622857,7851,3369292,7914700
4268,383,392,622474,7842,3369684,7909900
4269,372,405,622102,7809,3370089,8437900
4270,338,393,621764,7754,3370482,8355300
4271,369,399,621395,7724,3370881,8145800
4272,359,384,621036,7699,3371265,7937300
4273,363,368,620673,7694,3371633,7760400
4274,371,365,620302,7700,3371998,7763800
4275,377,354,619925,7723,3372352,7803600
4276,377,385,619548,7715,3372737,7915700
4277,379,370,619169,7724,3373107,7822400
4278,410,397,618759,7737,3373504,7910500
4279,391,392,618368,7736,3373896,7988700
4280,427,382,617941,7781,3374278,8098700
4281,359,375,617582,7765,3374653,7907700
4282,384,373,617198,7776,3375026,7866100
4283,373,375,616825,7774,3375401,7838800
4284,374,365,616451,7783,3375766,7831200
4285,386,346,616065,7823,3376112,8052600
4286,368,402,615697,7789,3376514,7887100
4287,347,395,615350,7741,3376909,8521000
4288,385,393,614965,7733,3377302,7903700
4289,375,387,614590,7721,3377689,7881900
4290,375,386,614215,7710,3378075,7845500
4291,384,425,613831,7669,3378500,8316400
4292,357,386,613474,7640,3378886,8153600
4293,349,387,613125,7602,3379273,8311300
4294,392,379,612733,7615,3379652,7954000
4295,380,394,612353,7601,3380046,8129900
4296,375,381,611978,7595,3380427,8005600
4297,393,391,611585,7597,3380818,7894100
4298,390,398,611195,7589,3381216,7908200
4299,375,397,610820,7567,3381613,7956400
4300,379,371,610441,7575,3381984,7821200
4301,372,402,610069,7545,3382386,8090400
4302,380,335,609689,7590,3382721,8322300
4303,396,371,609293,7615,3383092,8540800
4304,405,340,608888,7680,3383432,8738400
4305,373,400,608515,7653,3383832,8437800
4306,396,372,608119,7677,3384204,8474000
4307,373,375,607746,7675,3384579,7978200
4308,370,386,607376,7659,3384965,8078500
4309,388,386,606988,7661,3385351,8089100
4310,395,378,606593,7678,3385729,8099800
4311,363,400,606230,7641,3386129,8434700
4312,398,344,605832,7695,3386473,8770500
4313,341,385,605491,7651,3386858,8135200
4314,360,383,605131,7628,3387241,8093700
4315,394,408,604737,7614,3387649,8081600
4316,338,410,604399,7542,3388059,7774100
4317,396,386,604003,7552,3388445,7691200
4318,364,349,603639,7567,3388794,7819600
4319,348,406,603291,7509,3389200,7947600
4320,350,403,602941,7456,3389603,7898300
4321,326,384,602615,7398,3389987,7801700
4322,367,354,602248,7411,3390341,7963300
4323,391,396,601857,7406,3390737,8032100
4324,348,349,601509,7405,3391086,7907000
4325,355,346,601154,7414,3391432,8302500
4326,367,398,600787,7383,3391830,8519500
4327,359,361,600428,7381,3392191,8319100
4328,405,365,600023,7421,3392556,8026200
4329,388,410,599635,7399,3392966,7926300
4330,401,350,599234,7450,3393316,7831100
4331,348,407,598886,7391,3393723,7883400
4332,365,376,598521,7380,3394099,7723200
4333,380,403,598141,7357,3394502,8057000
4334,423,397,597718,7383,3394899,7862600
4335,393,383,597325,7393,3395282,7896600
4336,367,399,596958,7361,3395681,8303000
4337,345,391,596613,7315,3396072,8017100
4338,372,370,596241,7317,3396442,8508200
4339,381,370,595860,7328,3396812,9046600
4340,338,341,595522,7325,3397153,8324700
4341,370,343,595152,7352,3397496,8126600
4342,350,353,594802,7349,3397849,8009200
4343,368,342,594434,7375,3398191,7926400
4344,392,384,594042,7383,3398575,8183400
4345,358,367,593684,7374,3398942,8031100
4346,374,362,593310,7386,3399304,8249600
4347,356,382,592954,7360,3399686,8022600
4348,322,348,592632,7334,3400034,7951000
4349,348,358,592284,7324,3400392,8643800
4350,395,345,591889,7374,3400737,8898200
4351,382,344,591507,7412,3401081,8858100
4352,378,372,591129,7418,3401453,10111800
4353,389,348,590740,7459,3401801,9159100
4354,384,388,590356,7455,3402189,8448500
4355,367,354,589989,7468,3402543,8294100
4356,364,387,589625,7445,3402930,8139900
4357,385,390,589240,7440,3403320,8198900
4358,371,376,588869,7435,3403696,8299600
4359,379,386,588490,7428,3404082,8353500
4360,352,387,588138,7393,3404469,8366100
4361,352,363,587786,7382,3404832,8350000
4362,345,360,587441,7367,3405192,8141400
4363,375,367,587066,7375,3405559,8053700
4364,335,390,586731,7320,3405949,8064100
4365,339,403,586392,7256,3406352,8253700
4366,345,382,586047,7219,3406734,8117200
4367,335,355,585712,7199,3407089,8468800
4368,323,366,585389,7156,3407455,8446300
4369,341,356,585048,7141,3407811,8254800
4370,340,356,584708,7125,3408167,8112000
4371,338,372,584370,7091,3408539,8098900
4372,338,330,584032,7099,3408869,8090000
4373,359,346,583673,7112,3409215,8211500
4374,357,352,583316,7117,3409567,8067600
4375,295,368,583021,7044,3409935,8043100
4376,345,352,582676,7037,3410287,8324100
4377,350,362,582326,7025,3410649,8291400
4378,366,336,581960,7055,3410985,8011300
4379,325,332,581635,7048,3411317,8649500
4380,345,369,581290,7024,3411686,8971100
4381,341,325,580949,7040,3412011,8402900
4382,326,330,580623,7036,3412341,8360900
4383,358,336,580265,7058,3412677,8032300
4384,328,349,579937,7037,3413026,8039100
4385,338,322,579599,7053,3413348,7994100
4386,333,391,579266,6995,3413739,7971500
4387,360,360,578906,6995,3414099,7840600
4388,346,358,578560,6983,3414457,7833300
4389,357,383,578203,6957,3414840,7709300
4390,343,344,577860,6956,3415184,7774400
4391,339,322,577521,6973,3415506,7942800
4392,340,358,577181,6955,3415864,7859900
4393,315,380,576866,6890,3416244,7931000
4394,358,317,576508,6931,3416561,7975000
4395,380,316,576128,6995,3416877,8049000
4396,350,349,575778,6996,3417226,8312800
4397,326,342,575452,6980,3417568,8521000
4398,330,329,575122,6981,3417897,8467700
4399,347,347,574775,6981,3418244,7893800
4400,322,341,574453,6962,3418585,7809700
4401,343,348,574110,6957,3418933,8019000
4402,351,348,573759,6960,3419281,7898400
4403,356,363,573403,6953,3419644,7828400
4404,348,361,573055,6940,3420005,7914000
4405,388,369,572667,6959,3420374,7864500
4406,376,371,572291,6964,3420745,7813700
4407,361,350,571930,6975,3421095,7798000
4408,342,351,571588,6966,3421446,7805900
4409,355,347,571233,6974,3421793,7876500
4410,369,355,570864,6988,3422148,8109200
4411,366,371,570498,6983,3422519,7944700
4412,371,348,570127,7006,3422867,7995100
4413,314,328,569813,6992,3423195,8378400
4414,338,333,569475,6997,3423528,7914400
4415,339,357,569136,6979,3423885,8508600
4416,342,330,568794,6991,3424215,8359700
4417,388,334,568406,7045,3424549,8241900
4418,330,342,568076,7033,3424891,8178200
4419,345,385,567731,6993,3425276,7877100
4420,368,347,567363,7014,3425623,7779800
4421,361,348,567002,7027,3425971,7892300
4422,398,350,566604,7075,3426321,7913300
4423,370,362,566234,7083,3426683,7806100
4424,358,344,565876,7097,3427027,7813000
4425,330,350,565546,7077,3427377,8085700
4426,356,353,565190,7080,3427730,8165500
4427,365,360,564825,7085,3428090,8166100
4428,334,369,564491,7050,3428459,7747000
4429,345,320,564146,7075,3428779,7868600
4430,325,330,563821,7070,3429109,8139200
4431,326,378,563495,7018,3429487,8175100
4432,351,351,563144,7018,3429838,7979200
4433,346,318,562798,7046,3430156,8073200
4434,350,345,562448,7051,3430501,8538000
4435,344,369,562104,7026,3430870,8613500
4436,346,334,561758,7038,3431204,8308100
4437,357,356,561401,7039,3431560,8246500
4438,320,331,561081,7028,3431891,8149100
4439,369,342,560712,7055,3432233,8096200
4440,377,364,560335,7068,3432597,7821900
4441,354,372,559981,7050,3432969,7751900
4442,352,348,559629,7054,3433317,7829700
4443,371,338,559258,7087,3433655,8015500
4444,337,339,558921,7085,3433994,8007100
4445,350,368,558571,7067,3434362,7986600
4446,369,363,558202,7073,3434725,7773600
4447,410,346,557792,7137,3435071,7853600
4448,377,372,557415,7142,3435443,7853900
4449,347,359,557068,7130,3435802,7896200
4450,364,354,556704,7140,3436156,8049100
4451,344,354,556360,7130,3436510,8540200
4452,368,359,555992,7139,3436869,8409800
4453,349,343,555643,7145,3437212,8200500
4454,356,404,555287,7097,3437616,7944000
4455,317,370,554970,7044,3437986,7767500
4456,315,349,554655,7010,3438335,7710600
4457,371,322,554284,7059,3438657,7757800
4458,352,336,553932,7075,3438993,8002000
4459,342,364,553590,7053,3439357,8209400
4460,335,357,553255,7031,3439714,8160400
4461,345,362,552910,7014,3440076,7901200
4462,340,356,552570,6998,3440432,8105200
4463,324,359,552246,6963,3440791,7900800
4464,334,368,551912,6929,3441159,7933200
4465,361,334,551551,6956,3441493,7900800
4466,334,347,551217,6943,3441840,7892000
4467,327,313,550890,6957,3442153,8091100
4468,345,356,550545,6946,3442509,8013900
4469,354,352,550191,6948,3442861,8536900
4470,328,358,549863,6918,3443219,8180800
4471,340,383,549523,6875,3443602,8192100
4472,315,363,549208,6827,3443965,8234400
4473,362,321,548846,6868,3444286,8616100
4474,332,339,548514,6861,3444625,8687000
4475,348,373,548166,6836,3444998,8547200
4476,322,362,547844,6796,3445360,8397500
4477,348,344,547496,6800,3445704,8752300
4478,300,342,547196,6758,3446046,8164600
4479,332,321,546864,6769,3446367,8089800
4480,308,302,546556,6775,3446669,8343500
4481,329,335,546227,6769,3447004,8025900
4482,327,329,545900,6767,3447333,8393900
4483,322,348,545578,6741,3447681,8191100
4484,332,349,545246,6724,3448030,7939000
4485,382,348,544864,6758,3448378,7825700
4486,362,311,544502,6809,3448689,8076300
4487,313,346,544189,6776,3449035,8306800
4488,348,342,543841,6782,3449377,8265800
4489,335,319,543506,6798,3449696,8153200
4490,356,343,543150,6811,3450039,7892100
4491,334,375,542816,6770,3450414,7902700
4492,327,374,542489,6723,3450788,8066300
4493,326,326,542163,6723,3451114,8212500
4494,320,328,541843,6715,3451442,8160900
4495,307,333,541536,6689,3451775,8059800
4496,331,321,541205,6699,3452096,8158000
4497,320,372,540885,6647,3452468,8177900
4498,332,317,540553,6662,3452785,8190500
4499,353,329,540200,6686,3453114,8210400
4500,360,363,539840,6683,3453477,8405100
4501,347,303,539493,6727,3453780,8428600
4502,343,340,539150,6730,3454120,8289700
4503,364,328,538786,6766,3454448,8559000
4504,337,347,538449,6756,3454795,8533100
4505,319,331,538130,6744,3455126,8511800
4506,321,324,537809,6741,3455450,9110500
4507,325,384,537484,6682,3455834,8425800
4508,335,330,537149,6687,3456164,8295700
4509,331,319,536818,6699,3456483,8327800
4510,348,357,536470,6690,3456840,8324900
4511,332,309,536138,6713,3457149,8204800
4512,319,335,535819,6697,3457484,8139300
4513,337,338,535482,6696,3457822,8001500
4514,350,338,535132,6708,3458160,7941900
4515,369,335,534763,6742,3458495,8060100
4516,356,318,534407,6780,3458813,8156300
4517,341,360,534066,6761,3459173,7958300
4518,386,334,533680,6813,3459507,8126900
4519,350,340,533330,6823,3459847,8061800
4520,327,372,533003,6778,3460219,8180700
4521,330,339,532673,6769,3460558,8161100
4522,341,361,532332,6749,3460919,8629200
4523,335,339,531997,6745,3461258,8279600
4524,335,356,531662,6724,3461614,8498800
4525,332,322,531330,6734,3461936,8004300
4526,317,324,531013,6727,3462260,7817500
4527,336,341,530677,6722,3462601,8341200
4528,356,352,530321,6726,3462953,8236700
4529,337,357,529984,6706,3463310,8106900
4530,336,341,529648,6701,3463651,8099400
4531,316,351,529332,6666,3464002,7930100
4532,329,315,529003,6680,3464317,8074300
4533,337,357,528666,6660,3464674,7808400
4534,328,317,528338,6671,3464991,7822300
4535,301,318,528037,6654,3465309,7919500
4536,318,345,527719,6627,3465654,8443200
4537,320,329,527399,6618,3465983,8546800
4538,321,318,527078,6621,3466301,8097400
4539,317,333,526761,6605,3466634,8187900
4540,323,335,526438,6593,3466969,8044800
4541,334,321,526104,6606,3467290,8333600
4542,321,316,525783,6611,3467606,7916700
4543,354,308,525429,6657,3467914,8264600
4544,346,328,525083,6675,3468242,7797800
4545,326,353,524757,6648,3468595,7747600
4546,319,342,524438,6625,3468937,7988100
4547,286,327,524152,6584,3469264,8100500
4548,319,345,523833,6558,3469609,8232400
4549,329,339,523504,6548,3469948,8252000
4550,326,316,523178,6558,3470264,8200300
4551,325,337,522853,6546,3470601,7889900
4552,324,320,522529,6550,3470921,8049300
4553,309,307,522220,6552,3471228,8247700
4554,321,338,521899,6535,3471566,8033900
4555,328,358,521571,6505,3471924,8040900
4556,317,301,521254,6521,3472225,8094500
4557,305,321,520949,6505,3472546,8138900
4558,322,347,520627,6480,3472893,8107500
4559,314,308,520313,6486,3473201,8252700
4560,303,341,520010,6448,3473542,8083100
4561,324,319,519686,6453,3473861,8025900
4562,292,322,519394,6423,3474183,7839500
4563,267,304,519127,6386,3474487,7844900
4564,304,338,518823,6352,3474825,7797600
4565,326,312,518497,6366,3475137,7946600
4566,312,331,518185,6347,3475468,8291200
4567,301,318,517884,6330,3475786,8165900
4568,310,322,517574,6318,3476108,8156800
4569,319,301,517255,6336,3476409,8234000
4570,321,329,516934,6328,3476738,7800900
4571,299,294,516635,6333,3477032,7832100
4572,340,299,516295,6374,3477331,8854600
4573,344,298,515951,6420,3477629,8404300
4574,344,266,515607,6498,3477895,8245800
4575,332,317,515275,6513,3478212,7983300
4576,355,348,514920,6520,3478560,7956600
4577,355,307,514565,6568,3478867,7737000
4578,307,332,514258,6543,3479199,7875400
4579,335,359,513923,6519,3479558,7780500
4580,342,297,513581,6564,3479855,7896900
4581,299,330,513282,6533,3480185,7888800
4582,313,329,512969,6517,3480514,8060300
4583,318,334,512651,6501,3480848,7944400
4584,301,334,512350,6468,3481182,7942600
4585,308,299,512042,6477,3481481,7848900
4586,339,345,511703,6471,3481826,7814000
4587,286,333,511417,6424,3482159,7892900
4588,335,271,511082,6488,3482430,8294500
4589,297,340,510785,6445,3482770,8397200
4590,310,332,510475,6423,3483102,8266600
4591,294,295,510181,6422,3483397,8300700
4592,302,312,509879,6412,3483709,8033700
4593,333,357,509546,6388,3484066,7884100
4594,310,338,509236,6360,3484404,7974200
4595,325,300,508911,6385,3484704,7803500
4596,320,315,508591,6390,3485019,8169500
4597,289,300,508302,6379,3485319,8158400
4598,314,311,507988,6382,3485630,8174100
4599,309,328,507679,6363,3485958,8547900
4600,333,328,507346,6368,3486286,8344400
4601,313,309,507033,6372,3486595,8396000
4602,317,325,506716,6364,3486920,8036200
4603,342,306,506374,6400,3487226,7823900
4604,295,332,506079,6363,3487558,7962400
4605,285,286,505794,6362,3487844,7822100
4606,332,327,505462,6367,3488171,7772800
4607,305,296,505157,6376,3488467,7969400
4608,295,344,504862,6327,3488811,8015100
4609,293,321,504569,6299,3489132,7955300
4610,298,339,504271,6258,3489471,8077800
4611,364,314,503907,6308,3489785,8003500
4612,340,289,503567,6359,3490074,7813100
4613,321,296,503246,6384,3490370,7916400
4614,310,323,502936,6371,3490693,7787000
4615,291,303,502645,6359,3490996,8393000
4616,319,305,502326,6373,3491301,7837600
4617,304,300,502022,6377,3491601,8410100
4618,323,341,501699,6359,3491942,7851500
4619,314,304,501385,6369,3492246,7789700
4620,315,281,501070,6403,3492527,7840600
4621,289,307,500781,6385,3492834,7943000
4622,334,289,500447,6430,3493123,7861500
4623,320,342,500127,6408,3493465,8377400
4624,298,299,499829,6407,3493764,8193400
4625,295,349,499534,6353,3494113,8441600
4626,269,314,499265,6308,3494427,8077300
4627,317,266,498948,6359,3494693,7866900
4628,306,310,498642,6355,3495003,8228200
4629,322,355,498320,6322,3495358,8236400
4630,313,329,498007,6306,3495687,8234800
4631,283,332,497724,6257,3496019,8013100
4632,330,324,497394,6263,3496343,7950900
4633,306,303,497088,6266,3496646,7751700
4634,317,336,496771,6247,3496982,7846000
4635,281,300,496490,6228,3497282,7816200
4636,310,355,496180,6183,3497637,7738900
4637,296,337,495884,6142,3497974,7874100
4638,287,308,495597,6121,3498282,7855800
4639,276,326,495321,6071,3498608,7810200
4640,321,291,495000,6101,3498899,7880900
4641,273,294,494727,6080,3499193,7956200
4642,297,313,494430,6064,3499506,7839400
4643,315,310,494115,6069,3499816,8224400
4644,298,295,493817,6072,3500111,7900200
4645,301,313,493516,6060,3500424,7853700
4646,295,310,493221,6045,3500734,7992600
4647,323,292,492898,6076,3501026,8500800
4648,294,306,492604,6064,3501332,8342900
4649,325,299,492279,6090,3501631,8160200
4650,294,339,491985,6045,3501970,8736000
4651,318,314,491667,6049,3502284,8021100
4652,321,307,491346,6063,3502591,8041900
4653,315,301,491031,6077,3502892,8047800
4654,305,311,490726,6071,3503203,7985000
4655,298,323,490428,6046,3503526,8104200
4656,298,281,490130,6063,3503807,8057200
4657,283,317,489847,6029,3504124,8014600
4658,318,323,489529,6024,3504447,8659400
4659,286,308,489243,6002,3504755,8054900
4660,306,312,488937,5996,3505067,8259900
4661,267,312,488670,5951,3505379,8026500
4662,315,260,488355,6006,3505639,8072500
4663,325,320,488030,6011,3505959,8120600
4664,308,290,487722,6029,3506249,8277100
4665,318,268,487404,6079,3506517,8361500
4666,332,323,487072,6088,3506840,8200800
4667,292,318,486780,6062,3507158,8029300
4668,303,279,486477,6086,3507437,7812400
4669,295,306,486182,6075,3507743,8020700
4670,309,270,485873,6114,3508013,7990800
4671,354,329,485519,6139,3508342,8104300
4672,295,292,485224,6142,3508634,8074900
4673,315,326,484909,6131,3508960,8264200
4674,320,311,484589,6140,3509271,8303900
4675,307,306,484282,6141,3509577,8151300
4676,308,299,483974,6150,3509876,8159600
4677,301,272,483673,6179,3510148,8131200
4678,268,343,483405,6104,3510491,8216400
4679,287,320,483118,6071,3510811,8082800
4680,304,278,482814,6097,3511089,8011900
4681,295,300,482519,6092,3511389,8092800
4682,282,306,482237,6068,3511695,8490700
4683,309,292,481928,6085,3511987,8005200
4684,282,323,481646,6044,3512310,8060900
4685,317,324,481329,6037,3512634,8170500
4686,296,289,481033,6044,3512923,7828300
4687,292,294,480741,6042,3513217,7804000
4688,283,271,480458,6054,3513488,7741900
4689,262,329,480196,5987,3513817,7917500
4690,278,260,479918,6005,3514077,7963700
4691,279,283,479639,6001,3514360,7965900
4692,286,285,479353,6002,3514645,7777300
4693,275,293,479078,5984,3514938,7831500
4694,275,275,478803,5984,3515213,7842500
4695,277,302,478526,5959,3515515,7902700
4696,275,283,478251,5951,3515798,7881600
4697,270,333,477981,5888,3516131,8386200
4698,244,305,477737,5827,3516436,8224500
4699,270,301,477467,5796,3516737,7933700
4700,297,294,477170,5799,3517031,7852400
4701,278,267,476892,5810,3517298,7993300
4702,282,309,476610,5783,3517607,8060900
4703,282,277,476328,5788,3517884,8517400
4704,290,290,476038,5788,3518174,8589700
4705,284,286,475754,5786,3518460,8241600
4706,285,308,475469,5763,3518768,8454100
4707,278,292,475191,5749,3519060,8134100
4708,287,291,474904,5745,3519351,7977300
4709,307,310,474597,5742,3519661,7894600
4710,302,289,474295,5755,3519950,7780000
4711,323,321,473972,5757,3520271,7755100
4712,286,280,473686,5763,3520551,7857100
4713,290,269,473396,5784,3520820,7959900
4714,264,297,473132,5751,3521117,8088700
4715,278,280,472854,5749,3521397,7946700
4716,293,270,472561,5772,3521667,7806200
4717,313,287,472248,5798,3521954,7890900
4718,289,314,471959,5773,3522268,7779500
4719,318,286,471641,5805,3522554,7822000
4720,268,295,471373,5778,3522849,7872800
4721,274,296,471099,5756,3523145,8533300
4722,308,292,470791,5772,3523437,8180900
4723,323,263,470468,5832,3523700,9086600
4724,315,274,470153,5873,3523974,8471100
4725,310,317,469843,5866,3524291,8021600
4726,272,315,469571,5823,3524606,7847900
4727,287,304,469284,5806,3524910,8019500
4728,287,309,468997,5784,3525219,7975700
4729,284,299,468713,5769,3525518,7802000
4730,280,280,468433,5769,3525798,8049700
4731,276,288,468157,5757,3526086,7976600
4732,280,288,467877,5749,3526374,7887100
4733,314,243,467563,5820,3526617,7952400
4734,309,274,467254,5855,3526891,8289500
4735,305,294,466949,5866,3527185,9277900
4736,326,338,466623,5854,3527523,8206300
4737,304,300,466319,5858,3527823,8178800
4738,311,272,466008,5897,3528095,8809300
4739,291,291,465717,5897,3528386,8392300
4740,291,297,465426,5891,3528683,8206900
4741,293,310,465133,5874,3528993,8393300
4742,284,309,464849,5849,3529302,7973400
4743,292,287,464557,5854,3529589,8042600
4744,286,290,464271,5850,3529879,8636100
4745,259,309,464012,5800,3530188,8247000
4746,292,271,463720,5821,3530459,8111100
4747,258,264,463462,5815,3530723,8328800
4748,288,282,463174,5821,3531005,8078400
4749,285,297,462889,5809,3531302,8016100
4750,293,292,462596,5810,3531594,8188700
4751,304,306,462292,5808,3531900,8602800
4752,320,266,461972,5862,3532166,8924900
4753,275,305,461697,5832,3532471,8164000
4754,294,279,461403,5847,3532750,8219800
4755,285,296,461118,5836,3533046,8201400
4756,274,287,460844,5823,3533333,7938500
4757,304,311,460540,5816,3533644,8161000
4758,304,287,460236,5833,3533931,7937800
4759,320,312,459916,5841,3534243,8316700
4760,258,275,459658,5824,3534518,8407300
4761,292,283,459366,5833,3534801,7967900
4762,272,281,459094,5824,3535082,8045900
4763,259,265,458835,5818,3535347,8553500
4764,281,301,458554,5798,3535648,8543700
4765,278,295,458276,5781,3535943,8415300
4766,280,288,457996,5773,3536231,8121800
4767,304,281,457692,5796,3536512,7987600
4768,281,303,457411,5774,3536815,8259900
4769,274,281,457137,5767,3537096,7998000
4770,280,295,456857,5752,3537391,8238600
4771,273,273,456584,5752,3537664,8241600
4772,282,289,456302,5745,3537953,8136200
4773,246,280,456056,5711,3538233,7976000
4774,259,272,455797,5698,3538505,8105600
4775,254,295,455543,5657,3538800,8064800
4776,296,278,455247,5675,3539078,7945900
4777,284,288,454963,5671,3539366,7980800
4778,276,291,454687,5656,3539657,8019500
4779,307,254,454380,5709,3539911,8060900
4780,264,292,454116,5681,3540203,8028200
4781,259,270,453857,5670,3540473,8016700
4782,317,302,453540,5685,3540775,8101400
4783,298,276,453242,5707,3541051,8554800
4784,270,280,452972,5697,3541331,8463300
4785,295,267,452677,5725,3541598,8289400
4786,263,297,452414,5691,3541895,8233400
4787,294,280,452120,5705,3542175,8204300
4788,298,275,451822,5728,3542450,8200000
4789,287,254,451535,5761,3542704,8015600
4790,306,290,451229,5777,3542994,8053400
4791,289,279,450940,5787,3543273,8113300
4792,312,250,450628,5849,3543523,8009500
4793,280,306,450348,5823,3543829,8085000
4794,319,294,450029,5848,3544123,8557600
4795,298,296,449731,5850,3544419,8633500
4796,292,280,449439,5862,3544699,8246800
4797,301,288,449138,5875,3544987,8146600
4798,314,305,448824,5884,3545292,8318000
4799,318,273,448506,5929,3545565,7987600
4800,287,299,448219,5917,3545864,8114300
4801,280,298,447939,5899,3546162,8310100
4802,302,275,447637,5926,3546437,8328200
4803,285,307,447352,5904,3546744,8321100
4804,320,301,447032,5923,3547045,8610600
4805,307,313,446725,5917,3547358,8176600
4806,270,287,446455,5900,3547645,8202700
4807,277,285,446178,5892,3547930,8437200
4808,301,277,445877,5916,3548207,8267600
4809,281,283,445596,5914,3548490,8087400
4810,303,292,445293,5925,3548782,8208100
4811,321,301,444972,5945,3549083,8192400
4812,316,288,444656,5973,3549371,8217400
4813,308,279,444348,6002,3549650,8162000
4814,297,318,444051,5981,3549968,8226200
4815,320,288,443731,6013,3550256,8204000
4816,306,303,443425,6016,3550559,8295300
4817,287,288,443138,6015,3550847,8000200
4818,294,310,442844,5999,3551157,8055100
4819,328,299,442516,6028,3551456,8379400
4820,307,303,442209,6032,3551759,8692300
4821,285,259,441924,6058,3552018,8544600
4822,284,333,441640,6009,3552351,8260500
4823,287,303,441353,5993,3552654,8276200
4824,293,319,441060,5967,3552973,9015400
4825,288,308,440772,5947,3553281,8270800
4826,307,330,440465,5924,3553611,8263100
4827,315,315,440150,5924,3553926,8254100
4828,294,273,439856,5945,3554199,8457300
4829,275,297,439581,5923,3554496,8094200
4830,290,293,439291,5920,3554789,8252100
4831,311,306,438980,5925,3555095,8412000
4832,276,271,438704,5930,3555366,8074700
4833,254,287,438450,5897,3555653,8184200
4834,309,312,438141,5894,3555965,8234200
4835,296,313,437845,5877,3556278,8277000
4836,271,301,437574,5847,3556579,8226400
4837,308,294,437266,5861,3556873,8316100
4838,278,303,436988,5836,3557176,7941400
4839,279,299,436709,5816,3557475,7867300
4840,275,315,436434,5776,3557790,8170700
4841,287,296,436147,5767,3558086,7886000
4842,274,278,435873,5763,3558364,8145500
4843,295,293,435578,5765,3558657,8469300
4844,311,317,435267,5759,3558974,8542900
4845,265,295,435002,5729,3559269,8977200
4846,269,274,434733,5724,3559543,8314800
4847,280,279,434453,5725,3559822,8909200
4848,312,310,434141,5727,3560132,8537500
4849,269,274,433872,5722,3560406,8278900
4850,278,264,433594,5736,3560670,8031400
4851,292,278,433302,5750,3560948,8071600
4852,278,294,433024,5734,3561242,8250900
4853,272,292,432752,5714,3561534,8070500
4854,282,261,432470,5735,3561795,8005000
4855,278,297,432192,5716,3562092,8316400
4856,288,315,431904,5689,3562407,7920700
4857,307,266,431597,5730,3562673,8253000
4858,299,291,431298,5738,3562964,8043100
4859,310,259,430988,5789,3563223,8565300
4860,318,273,430670,5834,3563496,8750400
4861,288,282,430382,5840,3563778,8076300
4862,279,276,430103,5843,3564054,8353800
4863,270,290,429833,5823,3564344,8225000
4864,263,280,429570,5806,3564624,8055000
4865,252,317,429318,5741,3564941,7944200
4866,264,302,429054,5703,3565243,8114100
4867,271,278,428783,5696,3565521,7950700
4868,306,284,428477,5718,3565805,8248800
4869,278,246,428199,5750,3566051,8105100
4870,310,318,427889,5742,3566369,8420700
4871,304,293,427585,5753,3566662,8389000
4872,281,287,427304,5747,3566949,8378600
4873,275,287,427029,5735,3567236,8298000
4874,291,284,426738,5742,3567520,8337000
4875,297,276,426441,5763,3567796,8365700
4876,313,328,426128,5748,3568124,8340300
4877,261,281,425867,5728,3568405,8342600
4878,294,276,425573,5746,3568681,8060800
4879,287,302,425286,5731,3568983,8244600
4880,298,273,424988,5756,3569256,8416600
4881,280,320,424708,5716,3569576,8975200
4882,279,284,424429,5711,3569860,8240100
4883,289,279,424140,5721,3570139,8131300
4884,264,264,423876,5721,3570403,8418800
4885,281,286,423595,5716,3570689,8106200
4886,276,278,423319,5714,3570967,7873800
4887,270,298,423049,5686,3571265,8214700
4888,279,275,422770,5690,3571540,7972700
4889,289,280,422481,5699,3571820,8124600
4890,308,295,422173,5712,3572115,8131700
4891,259,284,421914,5687,3572399,8081000
4892,267,316,421647,5638,3572715,8182100
4893,273,307,421374,5604,3573022,8518700
4894,278,306,421096,5576,3573328,8516600
4895,283,268,420813,5591,3573596,8663100
4896,246,302,420567,5535,3573898,8099100
4897,283,267,420284,5551,3574165,8114100
4898,267,288,420017,5530,3574453,7851500
4899,257,274,419760,5513,3574727,7982100
4900,278,266,419482,5525,3574993,7937700
4901,249,262,419233,5512,3575255,8084500
4902,260,280,418973,5492,3575535,8823900
4903,262,290,418711,5464,3575825,8104800
4904,287,254,418424,5497,3576079,8396500
4905,281,282,418143,5496,3576361,7920000
4906,255,269,417888,5482,3576630,7987800
4907,286,262,417602,5506,3576892,8000300
4908,276,272,417326,5510,3577164,8076300
4909,266,275,417060,5501,3577439,8049500
4910,258,283,416802,5476,3577722,8077600
4911,262,264,416540,5474,3577986,8104000
4912,234,262,416306,5446,3578248,8181800
4913,280,264,416026,5462,3578512,8421400
4914,284,245,415742,5501,3578757,8103200
4915,245,272,415497,5474,3579029,7975900
4916,280,271,415217,5483,3579300,8154800
4917,257,262,414960,5478,3579562,8451100
4918,292,265,414668,5505,3579827,8050700
4919,287,264,414381,5528,3580091,8073600
4920,282,279,414099,5531,3580370,8654800
4921,276,277,413823,5530,3580647,8319100
4922,319,283,413504,5566,3580930,8920300
4923,278,274,413226,5570,3581204,8159300
4924,295,265,412931,5600,3581469,8484400
4925,255,284,412676,5571,3581753,8359400
4926,275,294,412401,5552,3582047,8161600
4927,291,267,412110,5576,3582314,8396200
4928,258,290,411852,5544,3582604,7978300
4929,285,297,411567,5532,3582901,7905300
4930,285,285,411282,5532,3583186,7895100
4931,272,286,411010,5518,3583472,8179800
4932,285,281,410725,5522,3583753,8362600
4933,263,254,410462,5531,3584007,8368400
4934,261,279,410201,5513,3584286,8025600
4935,268,296,409933,5485,3584582,8082200
4936,250,311,409683,5424,3584893,8090800
4937,282,275,409401,5431,3585168,8466600
4938,267,275,409134,5423,3585443,8119700
4939,275,296,408859,5402,3585739,8202100
4940,267,281,408592,5388,3586020,8171300
4941,267,231,408325,5424,3586251,8718600
4942,292,279,408033,5437,3586530,8458600
4943,275,255,407758,5457,3586785,8318700
4944,267,288,407491,5436,3587073,8530700
4945,264,270,407227,5430,3587343,7878400
4946,292,265,406935,5457,3587608,7833100
4947,277,253,406658,5481,3587861,8135200
4948,262,280,406396,5463,3588141,7979900
4949,271,302,406125,5432,3588443,8094900
4950,251,279,405874,5404,3588722,8077200
4951,250,277,405624,5377,3588999,8405900
4952,260,277,405364,5360,3589276,8034800
4953,256,261,405108,5355,3589537,7993100
4954,259,289,404849,5325,3589826,7979900
4955,285,275,404564,5335,3590101,8166600
4956,256,267,404308,5324,3590368,7962400
4957,221,272,404087,5273,3590640,8330600
4958,275,272,403812,5276,3590912,8234300
4959,277,251,403535,5302,3591163,8307400
4960,269,248,403266,5323,3591411,8165000
4961,250,264,403016,5309,3591675,8654900
4962,260,267,402756,5302,3591942,8069900
4963,256,276,402500,5282,3592218,8042200
4964,246,271,402254,5257,3592489,8342500
4965,264,251,401990,5270,3592740,8753500
4966,229,297,401761,5202,3593037,8653300
4967,267,262,401494,5207,3593299,9032400
4968,261,274,401233,5194,3593573,9005600
4969,252,274,400981,5172,3593847,8482200
4970,260,249,400721,5183,3594096,8350900
4971,266,249,400455,5200,3594345,8711000
4972,240,283,400215,5157,3594628,8292400
4973,224,253,399991,5128,3594881,8460600
4974,249,245,399742,5132,3595126,8482900
4975,276,253,399466,5155,3595379,8169800
4976,260,251,399206,5164,3595630,8040500
4977,271,265,398935,5170,3595895,8108500
4978,257,282,398678,5145,3596177,8243600
4979,253,275,398425,5123,3596452,8510700
4980,240,254,398185,5109,3596706,8985700
4981,250,240,397935,5119,3596946,9868500
4982,279,295,397656,5103,3597241,10242700
4983,274,250,397382,5127,3597491,9085600
4984,268,227,397114,5168,3597718,8829700
4985,273,248,396841,5193,3597966,8709700
4986,245,256,396596,5182,3598222,8244600
4987,276,263,396320,5195,3598485,8280900
4988,227,260,396093,5162,3598745,8363000
4989,272,249,395821,5185,3598994,8673900
4990,292,270,395529,5207,3599264,8072000
4991,254,265,395275,5196,3599529,8254900
4992,272,283,395003,5185,3599812,8189500
4993,255,250,394748,5190,3600062,8340200
4994,255,258,394493,5187,3600320,8251300
4995,269,262,394224,5194,3600582,8282800
4996,270,291,393954,5173,3600873,8590100
4997,265,247,393689,5191,3601120,7892200
4998,233,230,393456,5194,3601350,7943900
4999,260,272,393196,5182,3601622,8344000
5000,281,268,392915,5195,3601890,7911400
5001,279,262,392636,5212,3602152,8227600
5002,259,274,392377,5197,3602426,8491500
5003,294,267,392083,5224,3602693,8276900
5004,256,264,391827,5216,3602957,8562900
5005,252,288,391575,5180,3603245,8091500
5006,260,256,391315,5184,3603501,8431500
5007,269,267,391046,5186,3603768,7868300
5008,277,251,390769,5212,3604019,8402400
5009,265,263,390504,5214,3604282,8033200
5010,256,250,390248,5220,3604532,8066100
5011,236,250,390012,5206,3604782,8153600
5012,258,218,389754,5246,3605000,8091500
5013,265,263,389489,5248,3605263,8201400
5014,268,255,389221,5261,3605518,8157000
5015,244,258,388977,5247,3605776,8048300
5016,276,305,388701,5218,3606081,8373800
5017,278,260,388423,5236,3606341,7991000
5018,253,252,388170,5237,3606593,7994600
5019,247,247,387923,5237,3606840,8167100
5020,288,267,387635,5258,3607107,8229100
5021,228,256,387407,5230,3607363,8454900
5022,248,289,387159,5189,3607652,8340100
5023,259,266,386900,5182,3607918,8157100
5024,245,254,386655,5173,3608172,7835200
5025,233,276,386422,5130,3608448,8867600
5026,249,213,386173,5166,3608661,7908700
5027,238,259,385935,5145,3608920,8178500
5028,246,260,385689,5131,3609180,8621900
5029,257,281,385432,5107,3609461,8310500
5030,252,255,385180,5104,3609716,8120100
5031,251,216,384929,5139,3609932,8246300
5032,258,257,384671,5140,3610189,8381900
5033,266,297,384405,5109,3610486,8215400
5034,225,274,384180,5060,3610760,8200100
5035,252,266,383928,5046,3611026,7935600
5036,260,257,383668,5049,3611283,7862700
5037,256,230,383412,5075,3611513,8075600
5038,232,251,383180,5056,3611764,8276200
5039,253,242,382927,5067,3612006,8013800
5040,234,250,382693,5051,3612256,8776600
5041,243,227,382450,5067,3612483,8178500
5042,220,257,382230,5030,3612740,8160000
5043,236,245,381994,5021,3612985,8253000
5044,272,250,381722,5043,3613235,8222200
5045,227,268,381495,5002,3613503,8236100
5046,254,224,381241,5032,3613727,8657400
5047,243,238,380998,5037,3613965,8185300
5048,232,251,380766,5018,3614216,8875800
5049,253,249,380513,5022,3614465,8824200
5050,237,272,380276,4987,3614737,8670200
5051,243,234,380033,4996,3614971,8232400
5052,245,276,379788,4965,3615247,8269500
5053,236,243,379552,4958,3615490,8621700
5054,248,234,379304,4972,3615724,8271200
5055,230,246,379074,4956,3615970,8601700
5056,198,240,378876,4914,3616210,7916100
5057,259,237,378617,4936,3616447,7917100
5058,268,203,378349,5001,3616650,8175000
5059,244,232,378105,5013,3616882,7968300
5060,243,274,377862,4982,3617156,8113100
5061,214,246,377648,4950,3617402,8561200
5062,236,238,377412,4948,3617640,8378600
5063,235,247,377177,4936,3617887,8218100
5064,266,259,376911,4943,3618146,8177200
5065,229,235,376682,4937,3618381,8304400
5066,225,258,376457,4904,3618639,8397600
5067,234,244,376223,4894,3618883,8164400
5068,236,231,375987,4899,3619114,8341600
5069,246,238,375741,4907,3619352,8001700
5070,255,245,375486,4917,3619597,8151400
5071,256,229,375230,4944,3619826,7851900
5072,251,275,374979,4920,3620101,7961800
5073,254,258,374725,4916,3620359,8222600
5074,250,256,374475,4910,3620615,8132700
5075,239,229,374236,4920,3620844,8322600
5076,242,244,373994,4918,3621088,8077400
5077,217,246,373777,4889,3621334,8068300
5078,223,262,373554,4850,3621596,8127900
5079,221,248,373333,4823,3621844,8099600
5080,244,250,373089,4817,3622094,7998800
5081,230,254,372859,4793,3622348,8377900
5082,229,225,372630,4797,3622573,8977600
5083,250,245,372380,4802,3622818,8075700
5084,228,255,372152,4775,3623073,8575400
5085,232,215,371920,4792,3623288,8518500
5086,255,248,371665,4799,3623536,8047000
5087,261,238,371404,4822,3623774,9086600
5088,223,227,371181,4818,3624001,8873100
5089,233,263,370948,4788,3624264,8750800
5090,253,210,370695,4831,3624474,8108100
5091,250,260,370445,4821,3624734,8117400
5092,243,216,370202,4848,3624950,8426600
5093,249,272,369953,4825,3625222,8287300
5094,252,242,369701,4835,3625464,8104600
5095,281,228,369420,4888,3625692,7961900
5096,233,230,369187,4891,3625922,7885700
5097,228,283,368959,4836,3626205,7834800
5098,237,256,368722,4817,3626461,8206300
5099,238,262,368484,4793,3626723,8097300
5100,221,249,368263,4765,3626972,8278200
5101,246,259,368017,4752,3627231,8313900
5102,223,254,367794,4721,3627485,8206600
5103,204,213,367590,4712,3627698,8159400
5104,211,247,367379,4676,3627945,7901100
5105,275,211,367104,4740,3628156,8302100
5106,229,251,366875,4718,3628407,8382600
5107,239,250,366636,4707,3628657,8350300
5108,203,227,366433,4683,3628884,8349500
5109,233,241,366200,4675,3629125,8753500
5110,203,235,365997,4643,3629360,8537800
5111,230,245,365767,4628,3629605,8259400
5112,261,236,365506,4653,3629841,8132700
5113,228,228,365278,4653,3630069,8134800
5114,234,264,365044,4623,3630333,8460200
5115,227,223,364817,4627,3630556,8509600
5116,210,240,364607,4597,3630796,8409800
5117,249,217,364358,4629,3631013,8377700
5118,255,244,364103,4640,3631257,8353900
5119,223,237,363880,4626,3631494,8094900
5120,219,247,363661,4598,3631741,8064400
5121,230,258,363431,4570,3631999,8218300
5122,231,216,363200,4585,3632215,7977200
5123,238,227,362962,4596,3632442,8426800
5124,231,229,362731,4598,3632671,8075900
5125,218,213,362513,4603,3632884,8564600
5126,227,241,362286,4589,3633125,8253900
5127,254,231,362032,4612,3633356,8194600
5128,235,244,361797,4603,3633600,8288800
5129,231,226,361566,4608,3633826,8241700
5130,241,217,361325,4632,3634043,8210700
5131,251,225,361074,4658,3634268,8050000
5132,236,249,360838,4645,3634517,8149700
5133,228,215,360610,4658,3634732,8167100
5134,234,239,360376,4653,3634971,8303500
5135,229,255,360147,4627,3635226,8611600
5136,210,250,359937,4587,3635476,7971700
5137,241,226,359696,4602,3635702,8009600
5138,206,221,359490,4587,3635923,8101900
5139,216,224,359274,4579,3636147,7853600
5140,204,198,359070,4585,3636345,8291900
5141,256,256,358814,4585,3636601,7894000
5142,216,222,358598,4579,3636823,8109400
5143,228,226,358370,4581,3637049,8012400
5144,231,210,358139,4602,3637259,8066800
5145,252,204,357887,4650,3637463,8809300
5146,207,225,357680,4632,3637688,8762600
5147,214,267,357466,4579,3637955,8400900
5148,209,216,357257,4572,3638171,8185600
5149,242,230,357015,4584,3638401,7923900
5150,232,225,356783,4591,3638626,8105500
5151,223,239,356560,4575,3638865,7929800
5152,227,199,356333,4603,3639064,8392800
5153,244,229,356089,4618,3639293,8675600
5154,255,228,355834,4645,3639521,8054800
5155,217,250,355617,4612,3639771,9056100
5156,222,248,355395,4586,3640019,8225300
5157,196,208,355199,4574,3640227,8104000
5158,233,214,354966,4593,3640441,8551200
5159,198,225,354768,4566,3640666,8388200
5160,219,243,354549,4542,3640909,8226900
5161,206,224,354343,4524,3641133,8529100
5162,223,244,354120,4503,3641377,8255200
5163,225,210,353895,4518,3641587,8501300
5164,223,248,353672,4493,3641835,8201200
5165,208,225,353464,4476,3642060,8214600
5166,232,215,353232,4493,3642275,8792700
5167,198,242,353034,4449,3642517,8218900
5168,213,205,352821,4457,3642722,8497000
5169,221,209,352600,4469,3642931,8137900
5170,226,234,352374,4461,3643165,7946800
5171,249,229,352125,4481,3643394,7984000
5172,228,225,351897,4484,3643619,7903700
5173,226,223,351671,4487,3643842,8387900
5174,263,226,351408,4524,3644068,8476600
5175,244,235,351164,4533,3644303,8573700
5176,206,205,350958,4534,3644508,8330200
5177,213,212,350745,4535,3644720,8231600
5178,196,275,350549,4456,3644995,9399800
5179,210,247,350339,4419,3645242,9043200
5180,205,229,350134,4395,3645471,8665900
5181,198,226,349936,4367,3645697,8786800
5182,220,186,349716,4401,3645883,8715200
5183,237,211,349479,4427,3646094,8307000
5184,236,219,349243,4444,3646313,9121400
5185,228,223,349015,4449,3646536,8595600
5186,207,224,348808,4432,3646760,9503200
5187,227,213,348581,4446,3646973,9203500
5188,231,219,348350,4458,3647192,8772400
5189,229,203,348121,4484,3647395,8794500
5190,218,206,347903,4496,3647601,8178000
5191,228,242,347675,4482,3647843,8528700
5192,205,222,347470,4465,3648065,8249600
5193,207,236,347263,4436,3648301,8127000
5194,209,222,347054,4423,3648523,8106100
5195,222,216,346832,4429,3648739,8730100
5196,211,204,346621,4436,3648943,8244000
5197,209,230,346412,4415,3649173,8289400
5198,227,219,346185,4423,3649392,8674900
5199,228,253,345957,4398,3649645,8297600
5200,202,215,345755,4385,3649860,8441200
5201,201,231,345554,4355,3650091,8447900
5202,210,226,345344,4339,3650317,8578600
5203,198,213,345146,4324,3650530,8167100
5204,202,200,344944,4326,3650730,8048200
5205,184,221,344760,4289,3650951,8428600
5206,201,190,344559,4300,3651141,8323600
5207,207,220,344352,4287,3651361,8369400
5208,210,203,344142,4294,3651564,8248300
5209,229,233,343913,4290,3651797,9594500
5210,204,228,343709,4266,3652025,9040500
5211,209,192,343500,4283,3652217,8181900
5212,219,213,343281,4289,3652430,8037400
5213,200,230,343081,4259,3652660,8187400
5214,181,227,342900,4213,3652887,8199100
5215,194,228,342706,4179,3653115,8611100
5216,216,225,342490,4170,3653340,8091800
5217,210,232,342280,4148,3653572,8326500
5218,201,201,342079,4148,3653773,8825800
5219,193,208,341886,4133,3653981,8177100
5220,197,199,341689,4131,3654180,8426400
5221,215,212,341474,4134,3654392,8787800
5222,217,204,341257,4147,3654596,8780400
5223,207,196,341050,4158,3654792,8479100
5224,184,197,340866,4145,3654989,8552600
5225,201,215,340665,4131,3655204,8481400
5226,214,207,340451,4138,3655411,8392900
5227,241,203,340210,4176,3655614,8227400
5228,205,196,340005,4185,3655810,8024100
5229,215,203,339790,4197,3656013,8179400
5230,216,207,339574,4206,3656220,8218100
5231,213,212,339361,4207,3656432,8105500
5232,229,239,339132,4197,3656671,8000800
5233,241,208,338891,4230,3656879,8026700
5234,218,219,338673,4229,3657098,8106600
5235,209,193,338464,4245,3657291,7997400
5236,213,193,338251,4265,3657484,8843600
5237,222,220,338029,4267,3657704,8433000
5238,209,230,337820,4246,3657934,8567100
5239,210,207,337610,4249,3658141,8336500
5240,220,216,337390,4253,3658357,8639100
5241,216,212,337174,4257,3658569,8087400
5242,218,205,336956,4270,3658774,8418000
5243,205,222,336751,4253,3658996,8120800
5244,240,217,336511,4276,3659213,8505500
5245,226,217,336285,4285,3659430,8511300
5246,192,221,336093,4256,3659651,8147500
5247,204,199,335889,4261,3659850,8744900
5248,194,206,335695,4249,3660056,8132400
5249,202,237,335493,4214,3660293,7935100
5250,229,233,335264,4210,3660526,7956400
5251,191,214,335073,4187,3660740,8431200
5252,206,224,334867,4169,3660964,8517800
5253,203,191,334664,4181,3661155,8340000
5254,204,224,334460,4161,3661379,8675700
5255,210,209,334250,4162,3661588,8239400
5256,210,202,334040,4170,3661790,8278500
5257,192,199,333848,4163,3661989,8235400
5258,206,194,333642,4175,3662183,8484000
5259,217,225,333425,4167,3662408,8925700
5260,217,194,333208,4190,3662602,8297200
5261,229,201,332979,4218,3662803,8135500
5262,214,212,332765,4220,3663015,8057200
5263,207,242,332558,4185,3663257,8493700
5264,218,198,332340,4205,3663455,8249900
5265,232,210,332108,4227,3663665,8207800
5266,211,220,331897,4218,3663885,8379500
5267,217,216,331680,4219,3664101,8473700
5268,213,212,331467,4220,3664313,8360900
5269,204,201,331263,4223,3664514,8306200
5270,219,231,331044,4211,3664745,8280200
5271,201,206,330843,4206,3664951,8504300
5272,202,217,330641,4191,3665168,8824900
5273,236,227,330405,4200,3665395,8547100
5274,236,213,330169,4223,3665608,8717800
5275,224,200,329945,4247,3665808,8443700
5276,210,233,329735,4224,3666041,8625800
5277,200,201,329535,4223,3666242,8714700
5278,195,194,329340,4224,3666436,8514700
5279,212,214,329128,4222,3666650,9049800
5280,203,212,328925,4213,3666862,8475100
5281,221,260,328704,4174,3667122,8500800
5282,196,223,328508,4147,3667345,8296300
5283,238,205,328270,4180,3667550,8332200
5284,221,175,328049,4226,3667725,8462000
5285,214,188,327835,4252,3667913,8343300
5286,203,212,327632,4243,3668125,8179200
5287,200,219,327432,4224,3668344,8118800
5288,222,237,327210,4209,3668581,8144900
5289,209,206,327001,4212,3668787,8423200
5290,204,195,326797,4221,3668982,8421700
5291,204,181,326593,4244,3669163,8054700
5292,225,223,326368,4246,3669386,8184000
5293,225,207,326143,4264,3669593,8242800
5294,185,226,325958,4223,3669819,8533200
5295,226,188,325732,4261,3670007,8226400
5296,182,214,325550,4229,3670221,8269600
5297,199,221,325351,4207,3670442,8258700
5298,199,205,325152,4201,3670647,8181200
5299,197,209,324955,4189,3670856,8018100
5300,193,197,324762,4185,3671053,8484400
5301,208,241,324554,4152,3671294,8919400
5302,204,199,324350,4157,3671493,8503400
5303,200,215,324150,4142,3671708,8354400
5304,203,222,323947,4123,3671930,8025700
5305,225,184,323722,4164,3672114,8284500
5306,194,197,323528,4161,3672311,8341800
5307,214,204,323314,4171,3672515,9065100
5308,225,216,323089,4180,3672731,8570400
5309,207,223,322882,4164,3672954,8211400
5310,224,200,322658,4188,3673154,8297800
5311,228,218,322430,4198,3673372,8028000
5312,216,209,322214,4205,3673581,8247800
5313,217,199,321997,4223,3673780,7957800
5314,203,220,321794,4206,3674000,8367500
5315,196,202,321598,4200,3674202,8572900
5316,212,199,321386,4213,3674401,9090000
5317,234,202,321152,4245,3674603,8146200
5318,206,218,320946,4233,3674821,7971500
5319,189,196,320757,4226,3675017,7916300
5320,214,204,320543,4236,3675221,8539200
5321,202,216,320341,4222,3675437,8466800
5322,203,226,320138,4199,3675663,8185500
5323,187,207,319951,4179,3675870,8656000
5324,186,223,319765,4142,3676093,8543000
5325,201,245,319564,4098,3676338,8571700
5326,224,206,319340,4116,3676544,8134700
5327,226,219,319114,4123,3676763,8854800
5328,183,212,318931,4094,3676975,8112600
5329,213,222,318718,4085,3677197,8833400
5330,197,202,318521,4080,3677399,8281600
5331,216,217,318305,4079,3677616,8020800
5332,202,188,318103,4093,3677804,7924100
5333,197,172,317906,4118,3677976,8364500
5334,213,190,317693,4141,3678166,8682700
5335,192,227,317501,4106,3678393,8298200
5336,188,215,317313,4079,3678608,8323100
5337,177,201,317136,4055,3678809,8281900
5338,204,192,316932,4067,3679001,7931400
5339,198,215,316734,4050,3679216,8237000
5340,203,223,316531,4030,3679439,8220100
5341,171,214,316360,3987,3679653,8046500
5342,185,209,316175,3963,3679862,8618200
5343,176,202,315999,3937,3680064,8244700
5344,199,198,315800,3938,3680262,8544400
5345,200,211,315600,3927,3680473,8205800
5346,206,180,315394,3953,3680653,8819100
5347,182,197,315212,3938,3680850,8574400
5348,178,195,315034,3921,3681045,8252300
5349,196,180,314838,3937,3681225,8804800
5350,183,208,314655,3912,3681433,8515400
5351,178,173,314477,3917,3681606,8095200
5352,202,191,314275,3928,3681797,8431800
5353,196,194,314079,3930,3681991,8653100
5354,205,210,313874,3925,3682201,8585200
5355,204,215,313670,3914,3682416,8189500
5356,186,181,313484,3919,3682597,8566800
5357,191,176,313293,3934,3682773,8620000
5358,189,214,313104,3909,3682987,8658000
5359,195,208,312909,3896,3683195,8174000
5360,195,211,312714,3880,3683406,8719900
5361,197,194,312517,3883,3683600,8310400
5362,194,183,312323,3894,3683783,8258400
5363,226,183,312097,3937,3683966,8294000
5364,193,189,311904,3941,3684155,8322800
5365,181,195,311723,3927,3684350,8397500
5366,188,204,311535,3911,3684554,8191300
5367,197,186,311338,3922,3684740,8448000
5368,201,212,311137,3911,3684952,8369400
5369,188,174,310949,3925,3685126,8491200
5370,195,189,310754,3931,3685315,8750000
5371,182,225,310572,3888,3685540,8591300
5372,198,213,310374,3873,3685753,8192200
5373,185,206,310189,3852,3685959,8308700
5374,178,204,310011,3826,3686163,8059500
5375,205,213,309806,3818,3686376,8453200
5376,196,190,309610,3824,3686566,8172700
5377,189,197,309421,3816,3686763,8862200
5378,185,190,309236,3811,3686953,7991600
5379,195,182,309041,3824,3687135,8695100
5380,201,197,308840,3828,3687332,8191000
5381,201,195,308639,3834,3687527,8478900
5382,174,203,308465,3805,3687730,8105400
5383,184,187,308281,3802,3687917,8294100
5384,187,196,308094,3793,3688113,8067500
5385,202,204,307892,3791,3688317,8103000
5386,209,201,307683,3799,3688518,8070000
5387,222,212,307461,3809,3688730,8853300
5388,194,191,307267,3812,3688921,8359900
5389,164,177,307103,3799,3689098,8190200
5390,208,198,306895,3809,3689296,8147100
5391,185,197,306710,3797,3689493,8437600
5392,181,191,306529,3787,3689684,8448800
5393,171,182,306358,3776,3689866,8275500
5394,182,189,306176,3769,3690055,8187200
5395,168,204,306008,3733,3690259,8395000
5396,193,187,305815,3739,3690446,8549100
5397,185,207,305630,3717,3690653,8550800
5398,187,184,305443,3720,3690837,8156200
5399,199,189,305244,3730,3691026,8107000
5400,195,195,305049,3730,3691221,8120500
5401,194,206,304855,3718,3691427,8137900
5402,161,180,304694,3699,3691607,8422000
5403,198,190,304496,3707,3691797,8236500
5404,196,180,304300,3723,3691977,9135100
5405,196,187,304104,3732,3692164,8771800
5406,186,152,303918,3766,3692316,8612500
5407,189,185,303729,3770,3692501,8554100
5408,211,207,303518,3774,3692708,8540400
5409,216,163,303302,3827,3692871,8556500
5410,200,205,303102,3822,3693076,8401400
5411,214,181,302888,3855,3693257,8138300
5412,206,186,302682,3875,3693443,8595800
5413,182,190,302500,3867,3693633,8895300
5414,190,203,302310,3854,3693836,8358500
5415,209,189,302101,3874,3694025,8688500
5416,200,206,301901,3868,3694231,8903600
5417,207,207,301694,3868,3694438,8248500
5418,164,196,301530,3836,3694634,8171600
5419,209,205,301321,3840,3694839,8291300
5420,201,198,301120,3843,3695037,8474500
5421,188,179,300932,3852,3695216,8462500
5422,176,198,300756,3830,3695414,8140400
5423,178,187,300578,3821,3695601,8312900
5424,208,198,300370,3831,3695799,8128700
5425,188,203,300182,3816,3696002,8154000
5426,198,185,299984,3829,3696187,8254500
5427,179,185,299805,3823,3696372,9191300
5428,179,189,299626,3813,3696561,8160700
5429,165,175,299461,3803,3696736,8239100
5430,186,155,299275,3834,3696891,8287100
5431,185,186,299090,3833,3697077,8537300
5432,203,193,298887,3843,3697270,8292700
5433,187,200,298700,3830,3697470,8178700
5434,195,191,298505,3834,3697661,8080400
5435,176,192,298329,3818,3697853,8426900
5436,182,204,298147,3796,3698057,8626200
5437,189,198,297958,3787,3698255,8340200
5438,193,188,297765,3792,3698443,8292300
5439,196,204,297569,3784,3698647,8846500
5440,199,174,297370,3809,3698821,8403000
5441,189,195,297181,3803,3699016,8332800
5442,217,206,296964,3814,3699222,8353000
5443,184,202,296780,3796,3699424,8441300
5444,194,180,296586,3810,3699604,8393700
5445,189,201,296397,3798,3699805,8145700
5446,171,185,296226,3784,3699990,8787800
5447,191,156,296035,3819,3700146,8399800
5448,167,185,295868,3801,3700331,8561000
5449,203,208,295665,3796,3700539,8661200
5450,190,181,295475,3805,3700720,8585200
5451,185,167,295290,3823,3700887,8788300
5452,206,193,295084,3836,3701080,8638100
5453,180,175,294904,3841,3701255,9209500
5454,188,189,294716,3840,3701444,8609300
5455,173,194,294543,3819,3701638,8394800
5456,196,190,294347,3825,3701828,8916000
5457,181,203,294166,3803,3702031,9071200
5458,193,187,293973,3809,3702218,8945600
5459,187,195,293786,3801,3702413,8846800
5460,171,187,293615,3785,3702600,8965300
5461,181,203,293434,3763,3702803,8803900
5462,203,198,293231,3768,3703001,8927600
5463,168,196,293063,3740,3703197,8906300
5464,186,186,292877,3740,3703383,8893200
5465,161,184,292716,3717,3703567,8207500
5466,197,162,292519,3752,3703729,8898800
5467,202,166,292317,3788,3703895,8885800
5468,176,168,292141,3796,3704063,8838200
5469,168,174,291973,3790,3704237,8457200
5470,155,195,291818,3750,3704432,8619400
5471,177,189,291641,3738,3704621,8749400
5472,186,161,291455,3763,3704782,8863700
5473,170,172,291285,3761,3704954,8955300
5474,173,186,291112,3748,3705140,8970800
5475,160,198,290952,3710,3705338,9248800
5476,177,182,290775,3705,3705520,9124500
5477,181,201,290594,3685,3705721,8924800
5478,172,182,290422,3675,3705903,9317200
5479,184,177,290238,3682,3706080,8345100
5480,149,189,290089,3642,3706269,8901100
5481,183,164,289906,3661,3706433,8999900
5482,175,195,289731,3641,3706628,8985200
5483,171,168,289560,3644,3706796,8575900
5484,165,167,289395,3642,3706963,8915300
5485,170,211,289225,3601,3707174,8318900
5486,156,176,289069,3581,3707350,8759000
5487,183,183,288886,3581,3707533,8833600
5488,164,176,288722,3569,3707709,8794200
5489,163,170,288559,3562,3707879,9176300
5490,158,176,288401,3544,3708055,8904900
5491,164,207,288237,3501,3708262,9148600
5492,161,176,288076,3486,3708438,9206400
5493,162,175,287914,3473,3708613,8184300
5494,144,197,287770,3420,3708810,9298000
5495,157,190,287613,3387,3709000,8352600
5496,156,174,287457,3369,3709174,9071800
5497,177,173,287280,3373,3709347,8963600
5498,160,179,287120,3354,3709526,8759900
5499,158,165,286962,3347,3709691,8780800
5500,159,168,286803,3338,3709859,8848100
5501,149,196,286654,3291,3710055,8709000
5502,166,199,286488,3258,3710254,8822200
5503,162,175,286326,3245,3710429,8630100
5504,147,159,286179,3233,3710588,9053700
5505,156,154,286023,3235,3710742,8997200
5506,166,163,285857,3238,3710905,8870500
5507,168,179,285689,3227,3711084,8989500
5508,151,142,285538,3236,3711226,9092400
5509,161,153,285377,3244,3711379,8917800
5510,160,198,285217,3206,3711577,8563400
5511,161,169,285056,3198,3711746,8959700
5512,135,165,284921,3168,3711911,9036600
5513,149,156,284772,3161,3712067,8492000
5514,154,168,284618,3147,3712235,9046600
5515,160,142,284458,3165,3712377,9002300
5516,167,163,284291,3169,3712540,8977100
5517,169,161,284122,3177,3712701,8494600
5518,143,156,283979,3164,3712857,8972000
5519,144,160,283835,3148,3713017,9089800
5520,162,172,283673,3138,3713189,9357400
5521,166,153,283507,3151,3713342,8346400
5522,163,145,283344,3169,3713487,8839900
5523,149,167,283195,3151,3713654,8854000
5524,174,174,283021,3151,3713828,9121200
5525,155,135,282866,3171,3713963,9276500
5526,168,140,282698,3199,3714103,8607800
5527,172,166,282526,3205,3714269,9009000
5528,151,177,282375,3179,3714446,8583800
5529,164,150,282211,3193,3714596,9160200
5530,180,150,282031,3223,3714746,8935300
5531,160,149,281871,3234,3714895,8519400
5532,170,168,281701,3236,3715063,8142600
5533,183,167,281518,3252,3715230,8255100
5534,171,158,281347,3265,3715388,8305800
5535,160,168,281187,3257,3715556,8954400
5536,193,161,280994,3289,3715717,8727700
5537,184,164,280810,3309,3715881,8248500
5538,184,145,280626,3348,3716026,8825200
5539,165,166,280461,3347,3716192,8248800
5540,183,133,280278,3397,3716325,8064800
5541,189,180,280089,3406,3716505,8051500
5542,176,172,279913,3410,3716677,8631400
5543,186,155,279727,3441,3716832,8474900
5544,160,180,279567,3421,3717012,8273200
5545,187,187,279380,3421,3717199,7862200
5546,194,162,279186,3453,3717361,8015500
5547,180,172,279006,3461,3717533,7806400
5548,177,159,278829,3479,3717692,8387400
5549,189,180,278640,3488,3717872,8209000
5550,191,154,278449,3525,3718026,8243000
5551,177,151,278272,3551,3718177,8497900
5552,171,177,278101,3545,3718354,8251800
5553,180,183,277921,3542,3718537,8179900
5554,162,177,277759,3527,3718714,8537900
5555,163,178,277596,3512,3718892,8313200
5556,161,180,277435,3493,3719072,8532000
5557,184,172,277251,3505,3719244,8396700
5558,185,172,277066,3518,3719416,8704700
5559,150,173,276916,3495,3719589,8388100
5560,148,185,276768,3458,3719774,8319800
5561,187,171,276581,3474,3719945,8141200
5562,182,194,276399,3462,3720139,8314500
5563,169,203,276230,3428,3720342,8827900
5564,181,178,276049,3431,3720520,8401000
5565,173,182,275876,3422,3720702,8480100
5566,177,193,275699,3406,3720895,8571300
5567,174,192,275525,3388,3721087,8284600
5568,181,172,275344,3397,3721259,8695600
5569,152,152,275192,3397,3721411,8705600
5570,176,164,275016,3409,3721575,9040100
5571,162,156,274854,3415,3721731,8869200
5572,176,155,274678,3436,3721886,8171700
5573,174,180,274504,3430,3722066,8104100
5574,196,170,274308,3456,3722236,8250900
5575,178,180,274130,3454,3722416,8181800
5576,181,166,273949,3469,3722582,8271900
5577,174,176,273775,3467,3722758,7975700
5578,151,180,273624,3438,3722938,7852800
5579,197,177,273427,3458,3723115,7924600
5580,184,170,273243,3472,3723285,8310800
5581,185,165,273058,3492,3723450,8034900
5582,182,187,272876,3487,3723637,8626500
5583,200,154,272676,3533,3723791,8308100
5584,180,187,272496,3526,3723978,8245500
5585,174,180,272322,3520,3724158,8212200
5586,186,170,272136,3536,3724328,8065900
5587,178,163,271958,3551,3724491,8481800
5588,184,159,271774,3576,3724650,8405800
5589,192,179,271582,3589,3724829,8559200
5590,184,184,271398,3589,3725013,8224600
5591,168,197,271230,3560,3725210,7969300
5592,163,176,271067,3547,3725386,8503700
5593,205,165,270862,3587,3725551,8468200
5594,185,188,270677,3584,3725739,8285700
5595,208,187,270469,3605,3725926,8549100
5596,159,176,270310,3588,3726102,8057700
5597,170,175,270140,3583,3726277,8155500
5598,171,201,269969,3553,3726478,8739600
5599,177,159,269792,3571,3726637,8161900
5600,158,186,269634,3543,3726823,8749500
5601,175,182,269459,3536,3727005,8825700
5602,158,148,269301,3546,3727153,8394300
5603,171,174,269130,3543,3727327,7902000
5604,170,176,268960,3537,3727503,8066800
5605,140,191,268820,3486,3727694,9006800
5606,169,160,268651,3495,3727854,8903000
5607,162,155,268489,3502,3728009,8419400
5608,178,152,268311,3528,3728161,8402600
5609,188,172,268123,3544,3728333,8259800
5610,165,184,267958,3525,3728517,8342200
5611,170,195,267788,3500,3728712,8028600
5612,199,187,267589,3512,3728899,8587300
5613,183,190,267406,3505,3729089,8141300
5614,165,186,267241,3484,3729275,7988000
5615,156,177,267085,3463,3729452,7873700
5616,173,169,266912,3467,3729621,8452100
5617,173,183,266739,3457,3729804,8348800
5618,184,182,266555,3459,3729986,8410000
5619,149,188,266406,3420,3730174,7879000
5620,157,181,266249,3396,3730355,8082000
5621,189,167,266060,3418,3730522,7991400
5622,155,181,265905,3392,3730703,8201800
5623,175,179,265730,3388,3730882,8146000
5624,157,157,265573,3388,3731039,7994300
5625,180,161,265393,3407,3731200,8284800
5626,169,181,265224,3395,3731381,8452500
5627,160,184,265064,3371,3731565,7957700
5628,180,168,264884,3383,3731733,8149000
5629,157,177,264727,3363,3731910,8643300
5630,171,194,264556,3340,3732104,8403300
5631,176,188,264380,3328,3732292,7942700
5632,171,153,264209,3346,3732445,8489100
5633,179,160,264030,3365,3732605,8480400
5634,168,198,263862,3335,3732803,8709400
5635,164,167,263698,3332,3732970,8006100
5636,160,146,263538,3346,3733116,8273200
5637,169,174,263369,3341,3733290,8254300
5638,159,185,263210,3315,3733475,8898900
5639,165,162,263045,3318,3733637,8239900
5640,177,154,262868,3341,3733791,8645200
5641,200,165,262668,3376,3733956,8109400
5642,162,144,262506,3394,3734100,8148900
5643,162,165,262344,3391,3734265,7817500
5644,177,159,262167,3409,3734424,7748200
5645,157,169,262010,3397,3734593,8121100
5646,164,172,261846,3389,3734765,7905700
5647,157,162,261689,3384,3734927,8358300
5648,185,200,261504,3369,3735127,8169600
5649,169,169,261335,3369,3735296,8411500
5650,156,170,261179,3355,3735466,8028400
5651,168,157,261011,3366,3735623,8090300
5652,156,183,260855,3339,3735806,8123600
5653,165,172,260690,3332,3735978,7831000
5654,161,189,260529,3304,3736167,8264100
5655,165,178,260364,3291,3736345,8488300
5656,137,164,260227,3264,3736509,8218500
5657,185,159,260042,3290,3736668,7928400
5658,165,158,259877,3297,3736826,8315300
5659,170,187,259707,3280,3737013,7874600
5660,165,156,259542,3289,3737169,7881800
5661,158,170,259384,3277,3737339,7848300
5662,166,161,259218,3282,3737500,8292400
5663,165,163,259053,3284,3737663,8720700
5664,154,160,258899,3278,3737823,7989300
5665,164,159,258735,3283,3737982,8461900
5666,157,158,258578,3282,3738140,8457200
5667,196,179,258382,3299,3738319,8185200
5668,175,170,258207,3304,3738489,8199600
5669,151,167,258056,3288,3738656,7868300
5670,177,167,257879,3298,3738823,8057400
5671,169,189,257710,3278,3739012,8019900
5672,144,170,257566,3252,3739182,8878400
5673,180,156,257386,3276,3739338,8301500
5674,164,152,257222,3288,3739490,8366600
5675,145,157,257077,3276,3739647,8231900
5676,150,182,256927,3244,3739829,7869500
5677,130,165,256797,3209,3739994,8494200
5678,174,184,256623,3199,3740178,8067000
5679,170,157,256453,3212,3740335,8333400
5680,147,151,256306,3208,3740486,8121900
5681,148,143,256158,3213,3740629,7952800
5682,138,170,256020,3181,3740799,8337500
5683,161,156,255859,3186,3740955,7820800
5684,146,151,255713,3181,3741106,8375500
5685,151,155,255562,3177,3741261,8133200
5686,169,162,255393,3184,3741423,8233400
5687,148,172,255245,3160,3741595,8236300
5688,157,141,255088,3176,3741736,8250400
5689,169,166,254919,3179,3741902,8767600
5690,177,189,254742,3167,3742091,8261300
5691,142,161,254600,3148,3742252,8412700
5692,154,156,254446,3146,3742408,8599000
5693,153,165,254293,3134,3742573,8161500
5694,166,163,254127,3137,3742736,7860400
5695,137,180,253990,3094,3742916,8692200
5696,157,140,253833,3111,3743056,8026800
5697,147,159,253686,3099,3743215,8205000
5698,142,159,253544,3082,3743374,8048300
5699,155,151,253389,3086,3743525,8447200
5700,144,153,253245,3077,3743678,8274600
5701,161,139,253084,3099,3743817,8200700
5702,161,151,252923,3109,3743968,8149100
5703,139,158,252784,3090,3744126,9051900
5704,147,135,252637,3102,3744261,8276200
5705,134,149,252503,3087,3744410,8076000
5706,172,146,252331,3113,3744556,8141000
5707,142,155,252189,3100,3744711,8182300
5708,157,147,252032,3110,3744858,8331400
5709,149,134,251883,3125,3744992,8794000
5710,158,135,251725,3148,3745127,8193200
5711,180,171,251545,3157,3745298,9115300
5712,135,136,251410,3156,3745434,8292500
5713,139,144,251271,3151,3745578,8108900
5714,173,151,251098,3173,3745729,8441600
5715,189,175,250909,3187,3745904,8448700
5716,169,168,250740,3188,3746072,8181700
5717,167,146,250573,3209,3746218,8695000
5718,162,166,250411,3205,3746384,8620200
5719,164,157,250247,3212,3746541,8228700
5720,186,147,250061,3251,3746688,7924000
5721,168,166,249893,3253,3746854,8220700
5722,171,161,249722,3263,3747015,8174600
5723,172,144,249550,3291,3747159,8185600
5724,156,186,249394,3261,3747345,8408900
5725,178,169,249216,3270,3747514,8127900
5726,154,164,249062,3260,3747678,8823200
5727,148,167,248914,3241,3747845,8192600
5728,141,159,248773,3223,3748004,7889500
5729,169,161,248604,3231,3748165,7820600
5730,142,162,248462,3211,3748327,7943300
5731,162,166,248300,3207,3748493,7796500
5732,164,161,248136,3210,3748654,8241800
5733,177,183,247959,3204,3748837,8158900
5734,151,154,247808,3201,3748991,8071900
5735,168,162,247640,3207,3749153,8339400
5736,166,145,247474,3228,3749298,8537100
5737,166,169,247308,3225,3749467,8860300
5738,164,150,247144,3239,3749617,8478000
5739,165,148,246979,3256,3749765,8372300
5740,148,164,246831,3240,3749929,8450600
5741,166,142,246665,3264,3750071,7918300
5742,174,165,246491,3273,3750236,7935100
5743,177,165,246314,3285,3750401,8870100
5744,153,187,246161,3251,3750588,8449600
5745,164,166,245997,3249,3750754,8001900
5746,167,174,245830,3242,3750928,7826000
5747,163,164,245667,3241,3751092,8063900
5748,166,150,245501,3257,3751242,8010600
5749,152,156,245349,3253,3751398,7958500
5750,168,166,245181,3255,3751564,8004900
5751,162,180,245019,3237,3751744,8655000
5752,158,173,244861,3222,3751917,8413700
5753,163,153,244698,3232,3752070,7975300
5754,182,164,244516,3250,3752234,8560500
5755,170,155,244346,3265,3752389,8370400
5756,170,143,244176,3292,3752532,8174500
5757,149,169,244027,3272,3752701,8532600
5758,159,143,243868,3288,3752844,8276100
5759,156,156,243712,3288,3753000,8340300
5760,165,160,243547,3293,3753160,8632900
5761,153,163,243394,3283,3753323,8280200
5762,166,162,243228,3287,3753485,8542500
5763,161,149,243067,3299,3753634,8122400
5764,182,168,242885,3313,3753802,8281300
5765,162,169,242723,3306,3753971,8134900
5766,184,160,242539,3330,3754131,8551500
5767,173,161,242366,3342,3754292,8119700
5768,179,173,242187,3348,3754465,8075500
5769,173,136,242014,3385,3754601,8086600
5770,180,165,241834,3400,3754766,8775200
5771,186,189,241648,3397,3754955,8091800
5772,190,180,241458,3407,3755135,8068500
5773,175,167,241283,3415,3755302,8026300
5774,142,178,241141,3379,3755480,8003300
5775,194,184,240947,3389,3755664,8771300
5776,150,192,240797,3347,3755856,8109100
5777,177,153,240620,3371,3756009,8057000
5778,166,161,240454,3376,3756170,8007000
5779,175,156,240279,3395,3756326,8095600
5780,169,165,240110,3399,3756491,7796000
5781,144,160,239966,3383,3756651,7976500
5782,162,163,239804,3382,3756814,7878000
5783,161,176,239643,3367,3756990,7894100
5784,145,181,239498,3331,3757171,7885100
5785,149,179,239349,3301,3757350,7986900
5786,174,186,239175,3289,3757536,7942800
5787,182,165,238993,3306,3757701,7798200
5788,160,150,238833,3316,3757851,7682800
5789,180,194,238653,3302,3758045,7875700
5790,165,162,238488,3305,3758207,7777800
5791,160,165,238328,3300,3758372,7819800
5792,148,177,238180,3271,3758549,7972100
5793,189,188,237991,3272,3758737,7850700
5794,171,174,237820,3269,3758911,7788600
5795,150,158,237670,3261,3759069,8074500
5796,157,170,237513,3248,3759239,7823400
5797,171,158,237342,3261,3759397,7800700
5798,154,158,237188,3257,3759555,7825200
5799,171,151,237017,3277,3759706,7719300
5800,173,137,236844,3313,3759843,7861300
5801,149,158,236695,3304,3760001,7870300
5802,172,168,236523,3308,3760169,7708200
5803,177,158,236346,3327,3760327,8007200
5804,162,152,236184,3337,3760479,8153100
5805,166,148,236018,3355,3760627,7869200
5806,176,163,235842,3368,3760790,7900300
5807,150,157,235692,3361,3760947,8005300
5808,159,181,235533,3339,3761128,7999500
5809,170,173,235363,3336,3761301,8054800
5810,137,146,235226,3327,3761447,8402700
5811,161,158,235065,3330,3761605,8274200
5812,158,180,234907,3308,3761785,8001000
5813,177,166,234730,3319,3761951,7884000
5814,179,166,234551,3332,3762117,7728700
5815,147,145,234404,3334,3762262,7764500
5816,147,152,234257,3329,3762414,7908500
5817,156,185,234101,3300,3762599,8120400
5818,169,173,233932,3296,3762772,8090800
5819,151,163,233781,3284,3762935,7863300
5820,135,172,233646,3247,3763107,7671700
5821,165,162,233481,3250,3763269,7786400
5822,165,190,233316,3225,3763459,8031000
5823,142,155,233174,3212,3763614,7974100
5824,138,151,233036,3199,3763765,8005900
5825,133,157,232903,3175,3763922,7970000
5826,142,155,232761,3162,3764077,7950600
5827,134,183,232627,3113,3764260,7902800
5828,147,153,232480,3107,3764413,7963300
5829,131,172,232349,3066,3764585,8064100
5830,147,163,232202,3050,3764748,7985900
5831,131,159,232071,3022,3764907,7940300
5832,162,153,231909,3031,3765060,7957900
5833,131,154,231778,3008,3765214,7932300
5834,141,141,231637,3008,3765355,8019500
5835,117,142,231520,2983,3765497,7860200
5836,152,159,231368,2976,3765656,7890600
5837,154,145,231214,2985,3765801,7802300
5838,139,163,231075,2961,3765964,7903500
5839,136,136,230939,2961,3766100,8137900
5840,148,153,230791,2956,3766253,8147500
5841,145,147,230646,2954,3766400,8129200
5842,136,112,230510,2978,3766512,7853600
5843,130,155,230380,2953,3766667,7752100
5844,129,156,230251,2926,3766823,7817600
5845,132,137,230119,2921,3766960,7824600
5846,147,141,229972,2927,3767101,7729100
5847,130,165,229842,2892,3767266,7849600
5848,149,155,229693,2886,3767421,7940300
5849,129,145,229564,2870,3767566,7768900
5850,119,145,229445,2844,3767711,7881300
5851,140,158,229305,2826,3767869,8036200
5852,132,137,229173,2821,3768006,7928100
5853,132,157,229041,2796,3768163,7939700
5854,123,145,228918,2774,3768308,8144700
5855,130,120,228788,2784,3768428,8044200
5856,130,141,228658,2773,3768569,7993700
5857,156,140,228502,2789,3768709,8066900
5858,141,134,228361,2796,3768843,8116900
5859,145,141,228216,2800,3768984,8047400
5860,146,147,228070,2799,3769131,8106400
5861,143,129,227927,2813,3769260,7989000
5862,152,130,227775,2835,3769390,8039400
5863,141,155,227634,2821,3769545,8102000
5864,135,146,227499,2810,3769691,8044000
5865,161,143,227338,2828,3769834,8739200
5866,162,154,227176,2836,3769988,8091500
5867,167,147,227009,2856,3770135,8133100
5868,149,159,226860,2846,3770294,8142700
5869,150,131,226710,2865,3770425,8075400
5870,141,125,226569,2881,3770550,8064900
5871,151,138,226418,2894,3770688,8002300
5872,161,139,226257,2916,3770827,8102300
5873,161,143,226096,2934,3770970,8261900
5874,189,168,225907,2955,3771138,7968300
5875,154,147,225753,2962,3771285,8217200
5876,168,140,225585,2990,3771425,8203000
5877,154,149,225431,2995,3771574,8280500
5878,172,150,225259,3017,3771724,8001100
5879,164,162,225095,3019,3771886,8166800
5880,143,142,224952,3020,3772028,8168000
5881,135,156,224817,2999,3772184,8136300
5882,153,142,224664,3010,3772326,8142800
5883,147,138,224517,3019,3772464,8148500
5884,162,161,224355,3020,3772625,8101100
5885,151,148,224204,3023,3772773,7999500
5886,154,142,224050,3035,3772915,8325700
5887,152,143,223898,3044,3773058,7773100
5888,131,143,223767,3032,3773201,7918400
5889,151,181,223616,3002,3773382,7780800
5890,150,136,223466,3016,3773518,8221100
5891,138,144,223328,3010,3773662,8042900
5892,152,148,223176,3014,3773810,8155100
5893,136,172,223040,2978,3773982,7977400
5894,142,162,222898,2958,3774144,7809600
5895,141,153,222757,2946,3774297,7724000
5896,118,133,222639,2931,3774430,8073200
5897,126,132,222513,2925,3774562,7741100
5898,140,149,222373,2916,3774711,7934900
5899,134,165,222239,2885,3774876,7851200
5900,129,143,222110,2871,3775019,7890100
5901,129,160,221981,2840,3775179,7950300
5902,161,151,221820,2850,3775330,7921800
5903,130,142,221690,2838,3775472,7829300
5904,118,134,221572,2822,3775606,7823900
5905,138,142,221434,2818,3775748,7687800
5906,135,150,221299,2803,3775898,7871900
5907,129,143,221170,2789,3776041,7895600
5908,138,126,221032,2801,3776167,8121700
5909,146,150,220886,2797,3776317,7917600
5910,124,133,220762,2788,3776450,7978600
5911,136,153,220626,2771,3776603,7842500
5912,144,127,220482,2788,3776730,7704900
5913,152,136,220330,2804,3776866,7801800
5914,141,125,220189,2820,3776991,8173300
5915,134,142,220055,2812,3777133,7759700
5916,147,153,219908,2806,3777286,8285700
5917,137,121,219771,2822,3777407,8007700
5918,154,140,219617,2836,3777547,8125600
5919,145,142,219472,2839,3777689,7824800
5920,145,141,219327,2843,3777830,7734500
5921,143,149,219184,2837,3777979,7878600
5922,120,156,219064,2801,3778135,7759000
5923,140,140,218924,2801,3778275,7745100
5924,144,113,218780,2832,3778388,7868500
5925,112,140,218668,2804,3778528,7796600
5926,122,136,218546,2790,3778664,7900500
5927,138,138,218408,2790,3778802,7900200
5928,141,138,218267,2793,3778940,7771100
5929,153,152,218114,2794,3779092,7793800
5930,148,162,217966,2780,3779254,7900000
5931,133,151,217833,2762,3779405,7775600
5932,149,139,217684,2772,3779544,8291000
5933,158,138,217526,2792,3779682,7940800
5934,162,122,217364,2832,3779804,8126300
5935,141,161,217223,2812,3779965,8195700
5936,121,137,217102,2796,3780102,8136000
5937,144,143,216958,2797,3780245,8578400
5938,140,136,216818,2801,3780381,8255200
5939,165,152,216653,2814,3780533,8062800
5940,128,147,216525,2795,3780680,7906700
5941,136,132,216389,2799,3780812,7935200
5942,138,144,216251,2793,3780956,7843000
5943,145,131,216106,2807,3781087,8125200
5944,150,142,215956,2815,3781229,7814300
5945,132,133,215824,2814,3781362,7827200
5946,129,144,215695,2799,3781506,7881900
5947,136,138,215559,2797,3781644,7807200
5948,132,140,215427,2789,3781784,7855600
5949,123,142,215304,2770,3781926,7806600
5950,131,150,215173,2751,3782076,7803300
5951,156,131,215017,2776,3782207,7957300
5952,132,120,214885,2788,3782327,7855100
5953,162,139,214723,2811,3782466,8082700
5954,138,145,214585,2804,3782611,7830100
5955,152,136,214433,2820,3782747,7736600
5956,148,136,214285,2832,3782883,7736100
5957,161,142,214124,2851,3783025,7882800
5958,144,137,213980,2858,3783162,7996600
5959,144,145,213836,2857,3783307,8134100
5960,147,130,213689,2874,3783437,7957200
5961,158,148,213531,2884,3783585,8036000
5962,158,135,213373,2907,3783720,7834200
5963,129,140,213244,2896,3783860,7875800
5964,137,154,213107,2879,3784014,7896300
5965,158,148,212949,2889,3784162,7880000
5966,142,133,212807,2898,3784295,8242700
5967,153,142,212654,2909,3784437,8350600
5968,140,154,212514,2895,3784591,8046600
5969,139,142,212375,2892,3784733,7920600
5970,152,145,212223,2899,3784878,7784700
5971,151,146,212072,2904,3785024,7894300
5972,140,143,211932,2901,3785167,7901900
5973,128,168,211804,2861,3785335,7863100
5974,146,151,211658,2856,3785486,7771700
5975,138,141,211520,2853,3785627,7957800
5976,136,126,211384,2863,3785753,7894400
5977,135,138,211249,2860,3785891,7814800
5978,149,145,211100,2864,3786036,7845100
5979,136,141,210964,2859,3786177,7876900
5980,140,136,210824,2863,3786313,7830500
5981,135,155,210689,2843,3786468,7802000
5982,131,135,210558,2839,3786603,7788300
5983,123,144,210435,2818,3786747,7886600
5984,129,140,210306,2807,3786887,8005700
5985,132,138,210174,2801,3787025,8000400
5986,130,149,210044,2782,3787174,7943100
5987,117,139,209927,2760,3787313,8166500
5988,137,147,209790,2750,3787460,7909900
5989,121,151,209669,2720,3787611,7860600
5990,138,121,209531,2737,3787732,7988700
5991,138,131,209393,2744,3787863,7820500
5992,119,128,209274,2735,3787991,7835700
5993,141,124,209133,2752,3788115,7825000
5994,124,156,209009,2720,3788271,7827500
5995,107,126,208902,2701,3788397,8102200
5996,121,116,208781,2706,3788513,8087800
5997,131,141,208650,2696,3788654,7967400
5998,149,145,208501,2700,3788799,7908900
5999,128,149,208373,2679,3788948,7903300
6000,114,135,208259,2658,3789083,7886300
6001,146,142,208113,2662,3789225,7956500
6002,142,136,207971,2668,3789361,7877500
6003,122,140,207849,2650,3789501,7884500
6004,142,132,207707,2660,3789633,8066500
6005,133,134,207574,2659,3789767,7995800
6006,130,147,207444,2642,3789914,8610500
6007,119,130,207325,2631,3790044,8019800
6008,142,144,207183,2629,3790188,8153000
6009,138,118,207045,2649,3790306,8059500
6010,133,119,206912,2663,3790425,8135300
6011,148,147,206764,2664,3790572,8080500
6012,130,128,206634,2666,3790700,8021400
6013,108,127,206526,2647,3790827,7966800
6014,124,134,206402,2637,3790961,8071700
6015,138,126,206264,2649,3791087,7950500
6016,123,152,206141,2620,3791239,8020000
6017,151,129,205990,2642,3791368,8069200
6018,131,121,205859,2652,3791489,8011400
6019,132,113,205727,2671,3791602,7917800
6020,137,141,205590,2667,3791743,8153400
6021,132,125,205458,2674,3791868,7942700
6022,120,135,205338,2659,3792003,7985200
6023,142,118,205196,2683,3792121,7973800
6024,126,144,205070,2665,3792265,7969900
6025,128,132,204942,2661,3792397,8043700
6026,140,139,204802,2662,3792536,8052300
6027,126,136,204676,2652,3792672,7900100
6028,120,113,204556,2659,3792785,8076600
6029,147,120,204409,2686,3792905,7975700
6030,135,143,204274,2678,3793048,7963300
6031,128,137,204146,2669,3793185,8120900
6032,140,126,204006,2683,3793311,7981800
6033,126,131,203880,2678,3793442,7978500
6034,136,142,203744,2672,3793584,8121400
6035,133,132,203611,2673,3793716,8194700
6036,129,127,203482,2675,3793843,8215000
6037,117,139,203365,2653,3793982,8168500
6038,115,138,203250,2630,3794120,8222900
6039,141,121,203109,2650,3794241,8290600
6040,110,140,202999,2620,3794381,8106300
6041,121,145,202878,2596,3794526,8024900
6042,111,106,202767,2601,3794632,8080400
6043,125,137,202642,2589,3794769,8000000
6044,112,123,202530,2578,3794892,8008600
6045,119,149,202411,2548,3795041,8112800
6046,117,135,202294,2530,3795176,7858100
6047,127,135,202167,2522,3795311,7829800
6048,121,134,202046,2509,3795445,8021100
6049,120,140,201926,2489,3795585,7905600
6050,134,123,201792,2500,3795708,8012900
6051,129,143,201663,2486,3795851,7958700
6052,119,105,201544,2500,3795956,7810200
6053,131,100,201413,2531,3796056,7858900
6054,140,120,201273,2551,3796176,7814100
6055,118,126,201155,2543,3796302,7825000
6056,106,127,201049,2522,3796429,7848300
6057,127,122,200922,2527,3796551,7903100
6058,127,125,200795,2529,3796676,7759400
6059,134,142,200661,2521,3796818,7955600
6060,136,122,200525,2535,3796940,8183500
6061,150,129,200375,2556,3797069,8139800
6062,143,105,200232,2594,3797174,8156500
6063,140,153,200092,2581,3797327,8396000
6064,134,127,199958,2588,3797454,8105000
6065,150,123,199808,2615,3797577,7844400
6066,144,129,199664,2630,3797706,7782500
6067,132,117,199532,2645,3797823,7829500
6068,133,132,199399,2646,3797955,7864200
6069,144,150,199255,2640,3798105,7767900
6070,126,134,199129,2632,3798239,7669700
6071,150,130,198979,2652,3798369,7709100
6072,132,126,198847,2658,3798495,7959000
6073,133,143,198714,2648,3798638,7794900
6074,157,135,198557,2670,3798773,7690800
6075,143,143,198414,2670,3798916,7746500
6076,132,105,198282,2697,3799021,7781800
6077,142,148,198140,2691,3799169,7910300
6078,167,138,197973,2720,3799307,7854000
6079,140,141,197833,2719,3799448,7696400
6080,153,125,197680,2747,3799573,7689500
6081,149,125,197531,2771,3799698,7714500
6082,142,134,197389,2779,3799832,7679600
6083,153,147,197236,2785,3799979,7714800
6084,136,147,197100,2774,3800126,7789100
6085,153,146,196947,2781,3800272,7873200
6086,161,139,196786,2803,3800411,8098800
6087,127,151,196659,2779,3800562,7989600
6088,139,137,196520,2781,3800699,8152100
6089,126,131,196394,2776,3800830,7775200
6090,134,132,196260,2778,3800962,8105400
6091,145,135,196115,2788,3801097,7735400
6092,150,148,195965,2790,3801245,8186700
6093,139,134,195826,2795,3801379,8128800
6094,128,146,195698,2777,3801525,8070600
6095,146,139,195552,2784,3801664,8096400
6096,139,115,195413,2808,3801779,7877300
6097,150,141,195263,2817,3801920,7687800
6098,131,152,195132,2796,3802072,7704600
6099,157,122,194975,2831,3802194,7690100
6100,131,146,194844,2816,3802340,7885800
6101,125,141,194719,2800,3802481,8112400
6102,142,126,194577,2816,3802607,8029300
6103,133,145,194444,2804,3802752,7791800
6104,140,141,194304,2803,3802893,7928600
6105,124,148,194180,2779,3803041,7764300
6106,132,134,194048,2777,3803175,7783200
6107,146,159,193902,2764,3803334,7805000
6108,135,130,193767,2769,3803464,7799800
6109,122,143,193645,2748,3803607,7908100
6110,135,141,193510,2742,3803748,8049500
6111,127,123,193383,2746,3803871,7815400
6112,133,139,193250,2740,3804010,7984300
6113,127,147,193123,2720,3804157,7742700
6114,121,134,193002,2707,3804291,7743300
6115,127,150,192875,2684,3804441,7903400
6116,129,149,192746,2664,3804590,7938000
6117,111,150,192635,2625,3804740,7777900
6118,107,126,192528,2606,3804866,7992800
6119,122,154,192406,2574,3805020,7880000
6120,115,129,192291,2560,3805149,7749500
6121,116,137,192175,2539,3805286,8033400
6122,104,141,192071,2502,3805427,7768000
6123,126,101,191945,2527,3805528,7804400
6124,137,123,191808,2541,3805651,7794100
6125,128,135,191680,2534,3805786,7778000
6126,135,107,191545,2562,3805893,8117300
6127,124,149,191421,2537,3806042,8168300
6128,129,135,191292,2531,3806177,8130600
6129,145,158,191147,2518,3806335,8617600
6130,123,123,191024,2518,3806458,8020300
6131,111,136,190913,2493,3806594,8500600
6132,122,115,190791,2500,3806709,7956600
6133,138,143,190653,2495,3806852,7958400
6134,125,113,190528,2507,3806965,7954800
6135,127,115,190401,2519,3807080,8079200
6136,118,129,190283,2508,3807209,8141800
6137,120,128,190163,2500,3807337,8063700
6138,132,135,190031,2497,3807472,7820300
6139,117,138,189914,2476,3807610,8066200
6140,114,129,189800,2461,3807739,8170800
6141,141,127,189659,2475,3807866,7876100
6142,137,100,189522,2512,3807966,7772100
6143,135,127,189387,2520,3808093,7938000
6144,119,114,189268,2525,3808207,7964900
6145,116,101,189152,2540,3808308,7847400
6146,139,130,189013,2549,3808438,7839400
6147,123,128,188890,2544,3808566,7818500
6148,125,124,188765,2545,3808690,7938800
6149,112,129,188653,2528,3808819,7853400
6150,137,154,188516,2511,3808973,7819300
6151,133,103,188383,2541,3809076,8051600
6152,134,123,188249,2552,3809199,8261100
6153,138,114,188111,2576,3809313,7842600
6154,134,126,187977,2584,3809439,7881900
6155,134,126,187843,2592,3809565,7869800
6156,141,137,187702,2596,3809702,7854700
6157,133,120,187569,2609,3809822,7811600
6158,122,132,187447,2599,3809954,7821000
6159,123,132,187324,2590,3810086,7879400
6160,148,124,187176,2614,3810210,7857400
6161,136,159,187040,2591,3810369,7917400
6162,138,137,186902,2592,3810506,7759100
6163,141,113,186761,2620,3810619,7790000
6164,146,126,186615,2640,3810745,7773900
6165,129,110,186486,2659,3810855,7876200
6166,124,133,186362,2650,3810988,8182300
6167,129,125,186233,2654,3811113,7900500
6168,126,132,186107,2648,3811245,8136400
6169,136,128,185971,2656,3811373,8180900
6170,140,137,185831,2659,3811510,8021500
6171,125,145,185706,2639,3811655,8072200
6172,141,127,185565,2653,3811782,8120900
6173,125,144,185440,2634,3811926,7951100
6174,115,113,185325,2636,3812039,7973700
6175,104,141,185221,2599,3812180,8032300
6176,104,120,185117,2583,3812300,8116900
6177,123,117,184994,2589,3812417,8394300
6178,116,154,184878,2551,3812571,8028500
6179,131,127,184747,2555,3812698,7934700
6180,109,133,184638,2531,3812831,8055600
6181,113,116,184525,2528,3812947,7804800
6182,128,116,184397,2540,3813063,8039200
6183,117,126,184280,2531,3813189,7913600
6184,145,147,184135,2529,3813336,9098200
6185,113,108,184022,2534,3813444,8295700
6186,136,133,183886,2537,3813577,8351700
6187,123,131,183763,2529,3813708,8277300
6188,113,118,183650,2524,3813826,8394100
6189,131,119,183519,2536,3813945,8213000
6190,113,146,183406,2503,3814091,8085100
6191,143,136,183263,2510,3814227,8096400
6192,119,119,183144,2510,3814346,8098500
6193,142,130,183002,2522,3814476,8074400
6194,131,132,182871,2521,3814608,7908000
6195,120,112,182751,2529,3814720,7906500
6196,129,143,182622,2515,3814863,7974100
6197,108,114,182514,2509,3814977,7969300
6198,140,135,182374,2514,3815112,7953400
6199,115,120,182259,2509,3815232,8329500
6200,139,112,182120,2536,3815344,7792400
6201,129,134,181991,2531,3815478,7743800
6202,144,115,181847,2560,3815593,7981200
6203,117,147,181730,2530,3815740,7746600
6204,131,133,181599,2528,3815873,7794900
6205,120,141,181479,2507,3816014,7668000
6206,118,121,181361,2504,3816135,7719900
6207,134,122,181227,2516,3816257,7802700
6208,150,133,181077,2533,3816390,7810700
6209,119,146,180958,2506,3816536,7769900
6210,139,125,180819,2520,3816661,8198200
6211,132,127,180687,2525,3816788,8204200
6212,116,116,180571,2525,3816904,8408400
6213,119,132,180452,2512,3817036,8417000
6214,133,121,180319,2524,3817157,8037600
6215,115,116,180204,2523,3817273,8098500
6216,115,145,180089,2493,3817418,8222100
6217,125,107,179964,2511,3817525,8529800
6218,119,111,179845,2519,3817636,8649100
6219,127,128,179718,2518,3817764,8488200
6220,124,135,179594,2507,3817899,8738400
6221,147,119,179447,2535,3818018,8509600
6222,122,143,179325,2514,3818161,8515800
6223,128,141,179197,2501,3818302,8309400
6224,137,123,179060,2515,3818425,8179000
6225,130,123,178930,2522,3818548,8172300
6226,129,128,178801,2523,3818676,8354000
6227,119,127,178682,2515,3818803,8443000
6228,111,119,178571,2507,3818922,8482200
6229,115,140,178456,2482,3819062,8535700
6230,100,145,178356,2437,3819207,8243500
6231,134,112,178222,2459,3819319,8214900
6232,131,131,178091,2459,3819450,8210900
6233,119,132,177972,2446,3819582,8689700
6234,114,116,177858,2444,3819698,8325100
6235,115,142,177743,2417,3819840,8346200
6236,115,132,177628,2400,3819972,8341600
6237,125,108,177503,2417,3820080,8102400
6238,113,139,177390,2391,3820219,8083900
6239,109,116,177281,2384,3820335,8115500
6240,107,111,177174,2380,3820446,8225000
6241,116,119,177058,2377,3820565,8403100
6242,126,127,176932,2376,3820692,8323100
6243,111,133,176821,2354,3820825,8192300
6244,120,122,176701,2352,3820947,8372700
6245,116,112,176585,2356,3821059,8109000
6246,131,106,176454,2381,3821165,8294100
6247,108,127,176346,2362,3821292,8321700
6248,120,120,176226,2362,3821412,8489300
6249,106,122,176120,2346,3821534,8046500
6250,125,117,175995,2354,3821651,8534500
6251,142,114,175853,2382,3821765,8378500
6252,110,133,175743,2359,3821898,8506900
6253,114,129,175629,2344,3822027,8132600
6254,106,115,175523,2335,3822142,8290600
6255,101,123,175422,2313,3822265,8147000
6256,101,115,175321,2299,3822380,8129900
6257,130,109,175191,2320,3822489,8202800
6258,136,124,175055,2332,3822613,8299200
6259,120,115,174935,2337,3822728,8294100
6260,124,115,174811,2346,3822843,8165300
6261,120,108,174691,2358,3822951,8232800
6262,131,105,174560,2384,3823056,8135300
6263,130,125,174430,2389,3823181,7990800
6264,106,114,174324,2381,3823295,7989700
6265,127,119,174197,2389,3823414,8187400
6266,123,123,174074,2389,3823537,8161100
6267,112,116,173962,2385,3823653,8381200
6268,120,100,173842,2405,3823753,8071800
6269,120,128,173722,2397,3823881,8023400
6270,131,117,173591,2411,3823998,8043900
6271,128,119,173463,2420,3824117,8141900
6272,122,109,173341,2433,3824226,8082100
6273,129,111,173212,2451,3824337,8362300
6274,135,132,173077,2454,3824469,8202900
6275,131,129,172946,2456,3824598,8156200
6276,166,146,172780,2476,3824744,8041900
6277,127,140,172653,2463,3824884,8208500
6278,145,112,172508,2496,3824996,8147400
6279,128,148,172380,2476,3825144,8231700
6280,104,113,172276,2467,3825257,8149500
6281,127,115,172149,2479,3825372,8303900
6282,122,109,172027,2492,3825481,8243900
6283,135,140,171892,2487,3825621,8101100
6284,120,133,171772,2474,3825754,8012600
6285,111,116,171661,2469,3825870,7919900
6286,106,135,171555,2440,3826005,7882800
6287,114,128,171441,2426,3826133,8130400
6288,127,108,171314,2445,3826241,8234900
6289,103,112,171211,2436,3826353,8208100
6290,106,108,171105,2434,3826461,8872400
6291,108,144,170997,2398,3826605,8971500
6292,122,124,170875,2396,3826729,8332700
6293,112,113,170763,2395,3826842,8130700
6294,112,121,170651,2386,3826963,7834500
6295,108,120,170543,2374,3827083,7915300
6296,105,114,170438,2365,3827197,7774200
6297,117,98,170321,2384,3827295,7810800
6298,113,103,170208,2394,3827398,7700400
6299,118,103,170090,2409,3827501,7975700
6300,128,130,169962,2407,3827631,7766000
6301,109,120,169853,2396,3827751,7871600
6302,123,123,169730,2396,3827874,7790200
6303,126,140,169604,2382,3828014,7812800
6304,99,108,169505,2373,3828122,7841500
6305,127,127,169378,2373,3828249,8206900
6306,103,125,169275,2351,3828374,7962400
6307,111,107,169164,2355,3828481,8246000
6308,113,121,169051,2347,3828602,8444900
6309,119,131,168932,2335,3828733,8329900
6310,123,112,168809,2346,3828845,8592900
6311,114,133,168695,2327,3828978,7912700
6312,120,118,168575,2329,3829096,8007300
6313,130,113,168445,2346,3829209,8119500
6314,120,116,168325,2350,3829325,7750700
6315,121,102,168204,2369,3829427,7886400
6316,130,116,168074,2383,3829543,7841400
6317,118,134,167956,2367,3829677,7763200
6318,107,128,167849,2346,3829805,7800100
6319,119,124,167730,2341,3829929,7690900
6320,129,101,167601,2369,3830030,7985100
6321,108,119,167493,2358,3830149,7700100
6322,128,119,167365,2367,3830268,7854000
6323,104,133,167261,2338,3830401,8059300
6324,110,103,167151,2345,3830504,8033300
6325,109,113,167042,2341,3830617,8047200
6326,112,106,166930,2347,3830723,8051500
6327,118,105,166812,2360,3830828,8002300
6328,118,123,166694,2355,3830951,7931500
6329,126,124,166568,2357,3831075,8511400
6330,108,120,166460,2345,3831195,8048900
6331,120,115,166340,2350,3831310,7950700
6332,103,125,166237,2328,3831435,8177500
6333,112,110,166125,2330,3831545,8288000
6334,118,120,166007,2328,3831665,8032800
6335,121,115,165886,2334,3831780,8177700
6336,118,118,165768,2334,3831898,7837300
6337,118,113,165650,2339,3832011,8040200
6338,108,120,165542,2327,3832131,8138100
6339,108,115,165434,2320,3832246,8325000
6340,117,120,165317,2317,3832366,8201000
6341,127,110,165190,2334,3832476,8106600
6342,123,109,165067,2348,3832585,7990000
6343,117,119,164950,2346,3832704,8302900
6344,128,112,164822,2362,3832816,8359800
6345,123,107,164699,2378,3832923,8165100
6346,124,114,164575,2388,3833037,8202300
6347,117,120,164458,2385,3833157,7822200
6348,107,130,164351,2362,3833287,8006300
6349,112,145,164239,2329,3833432,7951800
6350,110,123,164129,2316,3833555,8148900
6351,98,118,164031,2296,3833673,8126400
6352,128,105,163903,2319,3833778,7985400
6353,97,128,163806,2288,3833906,8049400
6354,94,108,163712,2274,3834014,8103600
6355,124,131,163588,2267,3834145,7757900
6356,122,100,163466,2289,3834245,7899100
6357,97,130,163369,2256,3834375,8067600
6358,127,112,163242,2271,3834487,7914200
6359,125,114,163117,2282,3834601,7900000
6360,115,111,163002,2286,3834712,7917400
6361,120,116,162882,2290,3834828,7731700
6362,129,141,162753,2278,3834969,7898800
6363,128,128,162625,2278,3835097,7743500
6364,125,120,162500,2283,3835217,7802500
6365,120,121,162380,2282,3835338,7823300
6366,111,101,162269,2292,3835439,7951500
6367,123,120,162146,2295,3835559,7890300
6368,117,120,162029,2292,3835679,8015800
6369,124,125,161905,2291,3835804,7783600
6370,114,118,161791,2287,3835922,7896700
6371,134,110,161657,2311,3836032,7756100
6372,117,127,161540,2301,3836159,7788900
6373,110,116,161430,2295,3836275,7763700
6374,114,119,161316,2290,3836394,7945100
6375,101,104,161215,2287,3836498,7770500
6376,131,121,161084,2297,3836619,8210600
6377,129,97,160955,2329,3836716,7980500
6378,122,126,160833,2325,3836842,8042100
6379,122,122,160711,2325,3836964,7967500
6380,120,111,160591,2334,3837075,8063200
6381,123,124,160468,2333,3837199,7975900
6382,107,124,160361,2316,3837323,8134300
6383,133,121,160228,2328,3837444,8008800
6384,117,125,160111,2320,3837569,8102900
6385,108,108,160003,2320,3837677,8108100
6386,114,102,159889,2332,3837779,8114600
6387,99,114,159790,2317,3837893,7951700
6388,103,122,159687,2298,3838015,8049300
6389,108,115,159579,2291,3838130,8012700
6390,115,112,159464,2294,3838242,7963700
6391,119,94,159345,2319,3838336,7868600
6392,118,126,159227,2311,3838462,7700100
6393,115,111,159112,2315,3838573,7722500
6394,108,100,159004,2323,3838673,7697400
6395,120,117,158884,2326,3838790,8138000
6396,113,123,158771,2316,3838913,7960400
6397,118,130,158653,2304,3839043,7874100
6398,114,126,158539,2292,3839169,8161300
6399,119,112,158420,2299,3839281,8075400
6400,117,114,158303,2302,3839395,7974000
6401,122,121,158181,2303,3839516,7754900
6402,127,111,158054,2319,3839627,7761600
6403,124,111,157930,2332,3839738,7694500
6404,107,113,157823,2326,3839851,7694700
6405,98,106,157725,2318,3839957,7741300
6406,109,119,157616,2308,3840076,7688100
6407,107,115,157509,2300,3840191,7881500
6408,120,120,157389,2300,3840311,7793200
6409,104,116,157285,2288,3840427,8022900
6410,111,114,157174,2285,3840541,7949900
6411,118,126,157056,2277,3840667,7948000
6412,131,116,156925,2292,3840783,8243000
6413,116,133,156809,2275,3840916,7721600
6414,122,112,156687,2285,3841028,7794900
6415,112,123,156575,2274,3841151,8074000
6416,106,105,156469,2275,3841256,7955900
6417,110,112,156359,2273,3841368,7843900
6418,95,119,156264,2249,3841487,7737200
6419,112,118,156152,2243,3841605,7787200
6420,113,119,156039,2237,3841724,7701400
6421,108,113,155931,2232,3841837,7725500
6422,95,127,155836,2200,3841964,7686300
6423,110,104,155726,2206,3842068,7783500
6424,115,110,155611,2211,3842178,7907900
6425,117,99,155494,2229,3842277,7883000
6426,114,102,155380,2241,3842379,7807400
6427,115,106,155265,2250,3842485,8090200
6428,114,121,155151,2243,3842606,8126400
6429,125,109,155026,2259,3842715,8578000
6430,101,93,154925,2267,3842808,7736000
6431,103,115,154822,2255,3842923,7714500
6432,111,121,154711,2245,3843044,7793900
6433,105,113,154606,2237,3843157,8028800
6434,100,105,154506,2232,3843262,8101700
6435,105,127,154401,2210,3843389,8185200
6436,123,117,154278,2216,3843506,8490100
6437,103,104,154175,2215,3843610,8367400
6438,118,121,154057,2212,3843731,8021400
6439,119,112,153938,2219,3843843,8057300
6440,115,108,153823,2226,3843951,7844400
6441,121,109,153702,2238,3844060,7951000
6442,118,114,153584,2242,3844174,7829600
6443,112,108,153472,2246,3844282,7846500
6444,124,124,153348,2246,3844406,7863700
6445,112,109,153236,2249,3844515,7774800
6446,130,119,153106,2260,3844634,7740200
6447,106,114,153000,2252,3844748,7777600
6448,117,138,152883,2231,3844886,7739000
6449,118,99,152765,2250,3844985,7887300
6450,129,102,152636,2277,3845087,7859000
6451,109,120,152527,2266,3845207,7757000
6452,122,108,152405,2280,3845315,7700500
6453,121,120,152284,2281,3845435,7973100
6454,130,108,152154,2303,3845543,7712300
6455,146,122,152008,2327,3845665,7638000
6456,118,128,151890,2317,3845793,7696000
6457,107,127,151783,2297,3845920,7811100
6458,100,143,151683,2254,3846063,8119200
6459,109,103,151574,2260,3846166,7866300
6460,96,127,151478,2229,3846293,7740400
6461,103,116,151375,2216,3846409,7841500
6462,105,96,151270,2225,3846505,7966700
6463,111,116,151159,2220,3846621,7707600
6464,111,107,151048,2224,3846728,8027400
6465,92,107,150956,2209,3846835,7966700
6466,110,109,150846,2210,3846944,7961900
6467,94,104,150752,2200,3847048,7918600
6468,108,120,150644,2188,3847168,7811300
6469,91,101,150553,2178,3847269,7857600
6470,109,105,150444,2182,3847374,7739700
6471,111,101,150333,2192,3847475,8172300
6472,101,94,150232,2199,3847569,8097700
6473,106,115,150126,2190,3847684,8044000
6474,131,99,149995,2222,3847783,8058300
6475,122,112,149873,2232,3847895,7818300
6476,134,113,149739,2253,3848008,7821600
6477,101,110,149638,2244,3848118,7782700
6478,97,108,149541,2233,3848226,7658300
6479,141,104,149400,2270,3848330,7969600
6480,115,124,149285,2261,3848454,7868800
6481,116,132,149169,2245,3848586,7780400
6482,119,97,149050,2267,3848683,7878500
6483,102,104,148948,2265,3848787,8001900
6484,107,127,148841,2245,3848914,8212700
6485,104,115,148737,2234,3849029,8347900
6486,106,93,148631,2247,3849122,7976500
6487,108,107,148523,2248,3849229,7905800
6488,126,115,148397,2259,3849344,7883700
6489,116,111,148281,2264,3849455,7919800
6490,101,104,148180,2261,3849559,7981200
6491,99,114,148081,2246,3849673,7954900
6492,110,106,147971,2250,3849779,8111900
6493,90,119,147881,2221,3849898,8031300
6494,112,121,147769,2212,3850019,8096600
6495,107,105,147662,2214,3850124,7802200
6496,115,109,147547,2220,3850233,7982500
6497,98,106,147449,2212,3850339,7981100
6498,101,115,147348,2198,3850454,8112900
6499,119,113,147229,2204,3850567,8011100
6500,93,105,147136,2192,3850672,8151800
6501,114,114,147022,2192,3850786,7996400
6502,123,112,146899,2203,3850898,8133800
6503,98,104,146801,2197,3851002,8001200
6504,109,94,146692,2212,3851096,8137900
6505,106,110,146586,2208,3851206,8025200
6506,98,119,146488,2187,3851325,8004600
6507,118,118,146370,2187,3851443,8252300
6508,111,126,146259,2172,3851569,8081600
6509,112,108,146147,2176,3851677,8041700
6510,110,110,146037,2176,3851787,8053500
6511,111,103,145926,2184,3851890,7955700
6512,104,99,145822,2189,3851989,7975000
6513,95,108,145727,2176,3852097,7907900
6514,100,98,145627,2178,3852195,8032400
6515,100,107,145527,2171,3852302,7766000
6516,99,104,145428,2166,3852406,7864800
6517,105,104,145323,2167,3852510,8019300
6518,103,113,145220,2157,3852623,8130800
6519,97,102,145123,2152,3852725,8135800
6520,93,122,145030,2123,3852847,7764500
6521,106,97,144924,2132,3852944,7712800
6522,104,108,144820,2128,3853052,7786700
6523,99,105,144721,2122,3853157,7686000
6524,107,97,144614,2132,3853254,7662900
6525,102,117,144512,2117,3853371,8072600
6526,118,104,144394,2131,3853475,7853700
6527,106,113,144288,2124,3853588,7687600
6528,112,107,144176,2129,3853695,7763800
6529,97,107,144079,2119,3853802,7743000
6530,113,108,143966,2124,3853910,7822800
6531,117,109,143849,2132,3854019,7848800
6532,106,96,143743,2142,3854115,7708700
6533,113,92,143630,2163,3854207,7783900
6534,107,100,143523,2170,3854307,7805800
6535,118,105,143405,2183,3854412,7839200
6536,114,116,143291,2181,3854528,7748400
6537,92,103,143199,2170,3854631,7814400
6538,108,115,143091,2163,3854746,7717000
6539,101,103,142990,2161,3854849,7742500
6540,116,104,142874,2173,3854953,7688900
6541,121,111,142753,2183,3855064,7783000
6542,100,88,142653,2195,3855152,8017400
6543,104,101,142549,2198,3855253,7873000
6544,104,107,142445,2195,3855360,7951300
6545,115,105,142330,2205,3855465,7756000
6546,134,111,142196,2228,3855576,7752200
6547,123,101,142073,2250,3855677,7768800
6548,115,108,141958,2257,3855785,7766600
6549,114,107,141844,2264,3855892,7804900
6550,111,109,141733,2266,3856001,7850100
6551,114,118,141619,2262,3856119,7975200
6552,107,127,141512,2242,3856246,7884700
6553,125,109,141387,2258,3856355,8061800
6554,105,106,141282,2257,3856461,7912800
6555,135,125,141147,2267,3856586,7852500
6556,115,118,141032,2264,3856704,7802200
6557,134,116,140898,2282,3856820,7860500
6558,121,125,140777,2278,3856945,7882000
6559,112,123,140665,2267,3857068,8326500
6560,104,107,140561,2264,3857175,8081500
6561,112,105,140449,2271,3857280,8369400
6562,107,122,140342,2256,3857402,8318400
6563,118,126,140224,2248,3857528,8239200
6564,109,105,140115,2252,3857633,8396000
6565,109,125,140006,2236,3857758,8135000
6566,105,118,139901,2223,3857876,8134500
6567,107,121,139794,2209,3857997,7846300
6568,100,115,139694,2194,3858112,8210700
6569,107,98,139587,2203,3858210,7851700
6570,106,91,139481,2218,3858301,7916700
6571,108,116,139373,2210,3858417,7699400
6572,106,107,139267,2209,3858524,7700600
6573,98,112,139169,2195,3858636,7958000
6574,97,117,139072,2175,3858753,7704600
6575,85,104,138987,2156,3858857,7826900
6576,101,113,138886,2144,3858970,7902400
6577,127,112,138759,2159,3859082,7771500
6578,119,112,138640,2166,3859194,7867700
6579,97,115,138543,2148,3859309,7840500
6580,97,101,138446,2144,3859410,7840100
6581,105,101,138341,2148,3859511,7744500
6582,108,122,138233,2134,3859633,7801900
6583,104,114,138129,2124,3859747,7894400
6584,114,104,138015,2134,3859851,8250300
6585,113,92,137902,2155,3859943,7906300
6586,123,106,137779,2172,3860049,7828800
6587,84,104,137695,2152,3860153,7673800
6588,102,110,137593,2144,3860263,7824000
6589,84,127,137509,2101,3860390,8066000
6590,104,99,137405,2106,3860489,7885300
6591,95,114,137310,2087,3860603,7759000
6592,90,100,137220,2077,3860703,8057300
6593,92,109,137128,2060,3860812,7925500
6594,104,98,137024,2066,3860910,7817700
6595,87,97,136937,2056,3861007,7879600
6596,91,110,136846,2037,3861117,7863500
6597,91,113,136755,2015,3861230,7828600
6598,101,115,136654,2001,3861345,7841500
6599,102,113,136552,1990,3861458,8151800
6600,109,92,136443,2007,3861550,8153500
6601,106,97,136337,2016,3861647,8294600
6602,101,105,136236,2012,3861752,7806400
6603,101,101,136135,2012,3861853,7809700
6604,92,94,136043,2010,3861947,7787900
6605,100,92,135943,2018,3862039,7895600
6606,88,90,135855,2016,3862129,7752300
6607,72,112,135783,1976,3862241,7748100
6608,76,100,135707,1952,3862341,7858900
6609,108,99,135599,1961,3862440,7817100
6610,94,80,135505,1975,3862520,7811200
6611,112,99,135393,1988,3862619,7805500
6612,103,94,135290,1997,3862713,7937000
6613,102,99,135188,2000,3862812,7706700
6614,99,82,135089,2017,3862894,7753400
6615,109,105,134980,2021,3862999,7777000
6616,91,109,134889,2003,3863108,7885200
6617,106,105,134783,2004,3863213,7993000
6618,98,105,134685,1997,3863318,8088700
6619,103,106,134582,1994,3863424,7836300
6620,115,83,134467,2026,3863507,8102900
6621,101,111,134366,2016,3863618,7861800
6622,101,86,134265,2031,3863704,7757300
6623,114,99,134151,2046,3863803,7719000
6624,94,93,134057,2047,3863896,7753500
6625,128,112,133929,2063,3864008,7821800
6626,101,97,133828,2067,3864105,7932900
6627,116,86,133712,2097,3864191,7945800
6628,83,97,133629,2083,3864288,8010500
6629,109,102,133520,2090,3864390,8074600
6630,104,90,133416,2104,3864480,7961000
6631,108,93,133308,2119,3864573,8015500
6632,123,103,133185,2139,3864676,8071900
6633,113,103,133072,2149,3864779,8007900
6634,115,110,132957,2154,3864889,8266600
6635,89,109,132868,2134,3864998,8051600
6636,112,116,132756,2130,3865114,8002400
6637,112,112,132644,2130,3865226,7896500
6638,94,110,132550,2114,3865336,7820100
6639,110,114,132440,2110,3865450,7823800
6640,102,117,132338,2095,3865567,8043600
6641,85,91,132253,2089,3865658,8169700
6642,113,122,132140,2080,3865780,8067700
6643,98,103,132042,2075,3865883,8496900
6644,103,100,131939,2078,3865983,8175200
6645,106,102,131833,2082,3866085,8373300
6646,90,96,131743,2076,3866181,8015400
6647,100,105,131643,2071,3866286,7945200
6648,124,111,131519,2084,3866397,8022000
6649,104,104,131415,2084,3866501,8099000
6650,95,110,131320,2069,3866611,7965800
6651,111,111,131209,2069,3866722,8131100
6652,120,92,131089,2097,3866814,7993500
6653,114,89,130975,2122,3866903,8102600
6654,101,78,130874,2145,3866981,7832300
6655,108,108,130766,2145,3867089,8111500
6656,105,110,130661,2140,3867199,7999100
6657,120,100,130541,2160,3867299,7970200
6658,101,98,130440,2163,3867397,7981300
6659,104,117,130336,2150,3867514,7945700
6660,98,112,130238,2136,3867626,7987700
6661,102,100,130136,2138,3867726,8101800
6662,102,114,130034,2126,3867840,7924500
6663,100,117,129934,2109,3867957,7889500
6664,100,108,129834,2101,3868065,7911400
6665,105,116,129729,2090,3868181,7798100
6666,127,112,129602,2105,3868293,7924200
6667,120,91,129482,2134,3868384,7900100
6668,97,93,129385,2138,3868477,8072800
6669,107,112,129278,2133,3868589,8062100
6670,103,121,129175,2115,3868710,7906300
6671,102,95,129073,2122,3868805,7669600
6672,105,94,128968,2133,3868899,7970400
6673,95,114,128873,2114,3869013,7697900
6674,101,108,128772,2107,3869121,8022100
6675,93,106,128679,2094,3869227,7680000
6676,94,105,128585,2083,3869332,8352700
6677,114,95,128471,2102,3869427,7781500
6678,100,125,128371,2077,3869552,8387000
6679,96,114,128275,2059,3869666,7742300
6680,88,94,128187,2053,3869760,7851000
6681,105,117,128082,2041,3869877,7765800
6682,98,95,127984,2044,3869972,7756400
6683,107,102,127877,2049,3870074,7753800
6684,102,102,127775,2049,3870176,7828100
6685,92,102,127683,2039,3870278,7847800
6686,98,87,127585,2050,3870365,7896600
6687,120,106,127465,2064,3870471,8023800
6688,83,110,127382,2037,3870581,7950700
6689,101,89,127281,2049,3870670,7938000
6690,100,100,127181,2049,3870770,8653900
6691,91,103,127090,2037,3870873,7945500
6692,94,111,126996,2020,3870984,7853600
6693,93,95,126903,2018,3871079,7913300
6694,101,106,126802,2013,3871185,7825900
6695,90,103,126712,2000,3871288,7782200
6696,103,110,126609,1993,3871398,7716100
6697,106,93,126503,2006,3871491,7999100
6698,87,93,126416,2000,3871584,8082700
6699,94,88,126322,2006,3871672,8165900
6700,87,103,126235,1990,3871775,7841700
6701,97,123,126138,1964,3871898,8272800
6702,89,92,126049,1961,3871990,7909600
6703,95,92,125954,1964,3872082,7956900
6704,85,92,125869,1957,3872174,7702800
6705,89,108,125780,1938,3872282,7847600
6706,98,98,125682,1938,3872380,7797000
6707,99,97,125583,1940,3872477,7717800
6708,92,107,125491,1925,3872584,7764300
6709,88,78,125403,1935,3872662,7830300
6710,102,86,125301,1951,3872748,7914800
6711,92,111,125209,1932,3872859,7827100
6712,85,104,125124,1913,3872963,7703900
6713,95,102,125029,1906,3873065,8052900
6714,87,98,124942,1895,3873163,7760100
6715,98,109,124844,1884,3873272,7815900
6716,98,83,124746,1899,3873355,7742600
6717,82,99,124664,1882,3873454,7867000
6718,89,85,124575,1886,3873539,8088900
6719,77,90,124498,1873,3873629,7851000
6720,91,100,124407,1864,3873729,7745900
6721,87,85,124320,1866,3873814,7924900
6722,95,98,124225,1863,3873912,7806100
6723,89,95,124136,1857,3874007,7759500
6724,89,81,124047,1865,3874088,7831600
6725,97,78,123950,1884,3874166,7850500
6726,106,104,123844,1886,3874270,8041600
6727,106,91,123738,1901,3874361,8721400
6728,97,103,123641,1895,3874464,8118300
6729,113,88,123528,1920,3874552,7755500
6730,104,97,123424,1927,3874649,7778800
6731,117,95,123307,1949,3874744,7866900
6732,111,107,123196,1953,3874851,7741300
6733,108,102,123088,1959,3874953,7784500
6734,94,75,122994,1978,3875028,7897400
6735,90,100,122904,1968,3875128,7860100
6736,93,92,122811,1969,3875220,7930100
6737,109,111,122702,1967,3875331,7797900
6738,110,90,122592,1987,3875421,7818200
6739,101,107,122491,1981,3875528,7816400
6740,109,94,122382,1996,3875622,7722200
6741,112,103,122270,2005,3875725,7740200
6742,96,115,122174,1986,3875840,7804200
6743,113,89,122061,2010,3875929,7827900
6744,112,98,121949,2024,3876027,7884900
6745,106,120,121843,2010,3876147,7848500
6746,97,110,121746,1997,3876257,8041900
6747,113,83,121633,2027,3876340,8050200
6748,106,96,121527,2037,3876436,8054000
6749,103,101,121424,2039,3876537,8165400
6750,86,96,121338,2029,3876633,7795000
6751,95,103,121243,2021,3876736,7899800
6752,82,101,121161,2002,3876837,8417300
6753,98,99,121063,2001,3876936,8025100
6754,93,94,120970,2000,3877030,8387100
6755,71,95,120899,1976,3877125,8045000
6756,80,116,120819,1940,3877241,8334700
6757,87,85,120732,1942,3877326,8011800
6758,83,108,120649,1917,3877434,8188600
6759,90,108,120559,1899,3877542,8007400
6760,78,80,120481,1897,3877622,8139100
6761,89,95,120392,1891,3877717,8199700
6762,98,83,120294,1906,3877800,8112300
6763,101,104,120193,1903,3877904,8006700
6764,86,89,120107,1900,3877993,8004500
6765,92,102,120015,1890,3878095,8070100
6766,80,106,119935,1864,3878201,8042000
6767,110,84,119825,1890,3878285,7926600
6768,96,88,119729,1898,3878373,7844100
6769,96,85,119633,1909,3878458,7999900
6770,98,96,119535,1911,3878554,8148700
6771,98,82,119437,1927,3878636,7897400
6772,105,100,119332,1932,3878736,7881100
6773,95,106,119237,1921,3878842,7770800
6774,102,92,119135,1931,3878934,7846500
6775,113,103,119022,1941,3879037,7768600
6776,90,108,118932,1923,3879145,7862000
6777,86,105,118846,1904,3879250,7779000
6778,100,74,118746,1930,3879324,8069100
6779,92,102,118654,1920,3879426,8128500
6780,95,99,118559,1916,3879525,8090300
6781,90,105,118469,1901,3879630,7890500
6782,93,86,118376,1908,3879716,8014600
6783,89,122,118287,1875,3879838,8028700
6784,97,90,118190,1882,3879928,7857000
6785,73,84,118117,1871,3880012,7930000
6786,95,83,118022,1883,3880095,7904300
6787,98,74,117924,1907,3880169,7799200
6788,91,95,117833,1903,3880264,7781300
6789,84,90,117749,1897,3880354,7876500
6790,116,86,117633,1927,3880440,7895700
6791,81,90,117552,1918,3880530,7766900
6792,96,80,117456,1934,3880610,7751800
6793,108,125,117348,1917,3880735,8070700
6794,115,82,117233,1950,3880817,7870000
6795,80,120,117153,1910,3880937,7830800
6796,79,79,117074,1910,3881016,7692100
6797,100,81,116974,1929,3881097,7807800
6798,89,109,116885,1909,3881206,8101000
6799,100,86,116785,1923,3881292,8115500
6800,100,108,116685,1915,3881400,8210400
6801,86,90,116599,1911,3881490,8448400
6802,97,92,116502,1916,3881582,8052500
6803,93,98,116409,1911,3881680,8275600
6804,90,103,116319,1898,3881783,8009600
6805,80,98,116239,1880,3881881,8048600
6806,90,84,116149,1886,3881965,7900000
6807,98,94,116051,1890,3882059,7885800
6808,99,94,115952,1895,3882153,7833200
6809,95,114,115857,1876,3882267,8019500
6810,95,110,115762,1861,3882377,8491900
6811,89,95,115673,1855,3882472,8153700
6812,93,85,115580,1863,3882557,8718400
6813,94,112,115486,1845,3882669,8185900
6814,86,97,115400,1834,3882766,8486200
6815,100,103,115300,1831,3882869,8488900
6816,79,81,115221,1829,3882950,8224700
6817,93,90,115128,1832,3883040,8391400
6818,95,91,115033,1836,3883131,8019400
6819,89,91,114944,1834,3883222,8135100
6820,97,80,114847,1851,3883302,7862100
6821,109,79,114738,1881,3883381,8006300
6822,95,105,114643,1871,3883486,8903000
6823,93,76,114550,1888,3883562,8893800
6824,81,87,114469,1882,3883649,8864100
6825,78,93,114391,1867,3883742,9080600
6826,97,89,114294,1875,3883831,8797600
6827,109,85,114185,1899,3883916,8155700
6828,95,98,114090,1896,3884014,9189900
6829,93,89,113997,1900,3884103,9313000
6830,94,99,113903,1895,3884202,8942700
6831,96,84,113807,1907,3884286,8902300
6832,85,80,113722,1912,3884366,9861100
6833,85,109,113637,1888,3884475,9503100
6834,91,100,113546,1879,3884575,8525800
6835,99,80,113447,1898,3884655,10063100
6836,97,104,113350,1891,3884759,9286600
6837,99,102,113251,1888,3884861,8079100
6838,88,99,113163,1877,3884960,8487000
6839,94,95,113069,1876,3885055,7965000
6840,81,98,112988,1859,3885153,8049700
6841,91,81,112897,1869,3885234,8296300
6842,97,123,112800,1843,3885357,8229900
6843,87,91,112713,1839,3885448,8008500
6844,98,93,112615,1844,3885541,8130900
6845,80,85,112535,1839,3885626,8046400
6846,88,82,112447,1845,3885708,7862500
6847,100,92,112347,1853,3885800,8139000
6848,79,96,112268,1836,3885896,7997900
6849,88,97,112180,1827,3885993,8643400
6850,82,86,112098,1823,3886079,8166800
6851,80,84,112018,1819,3886163,8218000
6852,70,99,111948,1790,3886262,7929500
6853,101,87,111847,1804,3886349,7982600
6854,94,105,111753,1793,3886454,8165400
6855,73,96,111680,1770,3886550,8137300
6856,80,72,111600,1778,3886622,8133400
6857,102,100,111498,1780,3886722,7902800
6858,84,99,111414,1765,3886821,8028200
6859,91,88,111323,1768,3886909,7800900
6860,80,92,111243,1756,3887001,8045200
6861,78,106,111165,1728,3887107,8010900
6862,97,82,111068,1743,3887189,8135600
6863,80,101,110988,1722,3887290,7964900
6864,81,72,110907,1731,3887362,8201800
6865,95,86,110812,1740,3887448,7992500
6866,90,89,110722,1741,3887537,7853600
6867,97,95,110625,1743,3887632,7960900
6868,85,95,110540,1733,3887727,7886400
6869,78,93,110462,1718,3887820,7852400
6870,89,76,110373,1731,3887896,8024500
6871,93,92,110280,1732,3887988,7948400
6872,92,91,110188,1733,3888079,8059000
6873,80,92,110108,1721,3888171,7977800
6874,95,70,110013,1746,3888241,8170600
6875,111,73,109902,1784,3888314,8098300
6876,102,74,109800,1812,3888388,8090600
6877,81,92,109719,1801,3888480,8940900
6878,84,100,109635,1785,3888580,7865800
6879,108,89,109527,1804,3888669,8086800
6880,92,91,109435,1805,3888760,8036000
6881,94,94,109341,1805,3888854,8134600
6882,94,94,109247,1805,3888948,7977000
6883,98,84,109149,1819,3889032,8133900
6884,87,95,109062,1811,3889127,8048600
6885,88,101,108974,1798,3889228,8138100
6886,81,90,108893,1789,3889318,7790600
6887,88,122,108805,1755,3889440,7769500
6888,98,97,108707,1756,3889537,7998000
6889,86,77,108621,1765,3889614,8171200
6890,80,80,108541,1765,3889694,8536900
6891,75,95,108466,1745,3889789,8261000
6892,101,96,108365,1750,3889885,8054600
6893,80,79,108285,1751,3889964,7759900
6894,80,84,108205,1747,3890048,7708100
6895,93,83,108112,1757,3890131,7702200
6896,96,84,108016,1769,3890215,8129900
6897,72,107,107944,1734,3890322,7953700
6898,70,97,107874,1707,3890419,8334900
6899,75,83,107799,1699,3890502,8022800
6900,74,83,107725,1690,3890585,8172500
6901,70,90,107655,1670,3890675,7759400
6902,78,74,107577,1674,3890749,7765400
6903,69,96,107508,1647,3890845,7816200
6904,95,80,107413,1662,3890925,7754100
6905,93,76,107320,1679,3891001,7769200
6906,91,83,107229,1687,3891084,7823000
6907,92,90,107137,1689,3891174,7989600
6908,87,76,107050,1700,3891250,8080500
6909,95,92,106955,1703,3891342,7803100
6910,83,74,106872,1712,3891416,7805500
6911,91,90,106781,1713,3891506,7814800
6912,76,95,106705,1694,3891601,7726200
6913,88,73,106617,1709,3891674,7775400
6914,81,99,106536,1691,3891773,7881800
6915,90,80,106446,1701,3891853,7871300
6916,80,82,106366,1699,3891935,7980200
6917,77,93,106289,1683,3892028,7833100
6918,86,93,106203,1676,3892121,7801900
6919,97,79,106106,1694,3892200,7849600
6920,84,88,106022,1690,3892288,7849600
6921,81,80,105941,1691,3892368,7836700
6922,96,84,105845,1703,3892452,7868400
6923,77,79,105768,1701,3892531,7785100
6924,82,89,105686,1694,3892620,7957400
6925,102,86,105584,1710,3892706,7831400
6926,76,91,105508,1695,3892797,7868300
6927,78,77,105430,1696,3892874,7912900
6928,95,90,105335,1701,3892964,7966500
6929,72,85,105263,1688,3893049,8094500
6930,86,96,105177,1678,3893145,8004300
6931,88,80,105089,1686,3893225,8295000
6932,83,67,105006,1702,3893292,7876600
6933,87,98,104919,1691,3893390,8237300
6934,86,84,104833,1693,3893474,8098300
6935,73,78,104760,1688,3893552,8608000
6936,78,90,104682,1676,3893642,8200000
6937,82,81,104600,1677,3893723,8407000
6938,70,78,104530,1669,3893801,8120300
6939,74,91,104456,1652,3893892,8481600
6940,81,76,104375,1657,3893968,8333500
6941,89,72,104286,1674,3894040,7996700
6942,81,81,104205,1674,3894121,7965200
6943,68,100,104137,1642,3894221,7805000
6944,68,82,104069,1628,3894303,8053100
6945,86,79,103983,1635,3894382,8240500
6946,82,72,103901,1645,3894454,8053600
6947,68,99,103833,1614,3894553,8050900
6948,74,78,103759,1610,3894631,7797400
6949,89,73,103670,1626,3894704,8297200
6950,73,84,103597,1615,3894788,7729900
6951,74,87,103523,1602,3894875,7780100
6952,91,82,103432,1611,3894957,7702400
6953,77,87,103355,1601,3895044,7831800
6954,62,82,103293,1581,3895126,7942600
6955,85,74,103208,1592,3895200,8051700
6956,84,68,103124,1608,3895268,8478300
6957,89,84,103035,1613,3895352,8088500
6958,89,82,102946,1620,3895434,7996500
6959,83,72,102863,1631,3895506,8177700
6960,79,78,102784,1632,3895584,8059200
6961,87,80,102697,1639,3895664,8251500
6962,70,73,102627,1636,3895737,8369000
6963,68,88,102559,1616,3895825,8207700
6964,78,76,102481,1618,3895901,8176200
6965,83,70,102398,1631,3895971,8710900
6966,84,82,102314,1633,3896053,7936900
6967,91,80,102223,1644,3896133,8078700
6968,83,85,102140,1642,3896218,8025600
6969,82,107,102058,1617,3896325,7911300
6970,80,81,101978,1616,3896406,7877600
6971,73,85,101905,1604,3896491,7956900
6972,75,72,101830,1607,3896563,7959600
6973,68,87,101762,1588,3896650,7946800
6974,73,70,101689,1591,3896720,8425600
6975,81,86,101608,1586,3896806,8501900
6976,80,79,101528,1587,3896885,8566300
6977,73,76,101455,1584,3896961,8388000
6978,74,65,101381,1593,3897026,8248200
6979,61,77,101320,1577,3897103,8341500
6980,74,83,101246,1568,3897186,8209800
6981,82,75,101164,1575,3897261,8151600
6982,81,73,101083,1583,3897334,8590900
6983,80,84,101003,1579,3897418,8097200
6984,72,95,100931,1556,3897513,8122900
6985,78,79,100853,1555,3897592,9086400
6986,88,71,100765,1572,3897663,8647700
6987,83,85,100682,1570,3897748,8782700
6988,70,62,100612,1578,3897810,8037900
6989,85,72,100527,1591,3897882,8248900
6990,73,89,100454,1575,3897971,7934800
6991,90,85,100364,1580,3898056,7682600
6992,81,87,100283,1574,3898143,7737600
6993,70,81,100213,1563,3898224,7784300
6994,90,89,100123,1564,3898313,7727700
6995,80,78,100043,1566,3898391,7814300
6996,59,77,99984,1548,3898468,7714500
6997,83,61,99901,1570,3898529,7919400
6998,77,76,99824,1571,3898605,7943000
6999,87,82,99737,1576,3898687,8026800
7000,81,83,99656,1574,3898770,8048200
7001,84,77,99572,1581,3898847,8119300
7002,87,63,99485,1605,3898910,8760100
7003,78,78,99407,1605,3898988,8199500
7004,82,100,99325,1587,3899088,8274600
7005,75,85,99250,1577,3899173,8033600
7006,77,94,99173,1560,3899267,8111200
7007,93,68,99080,1585,3899335,8775300
7008,84,74,98996,1595,3899409,8239000
7009,83,89,98913,1589,3899498,7999200
7010,79,75,98834,1593,3899573,7906100
7011,81,82,98753,1592,3899655,7783900
7012,82,90,98671,1584,3899745,7802600
7013,78,74,98593,1588,3899819,7747200
7014,75,82,98518,1581,3899901,8079100
7015,81,80,98437,1582,3899981,7901800
7016,81,61,98356,1602,3900042,7862100
7017,71,88,98285,1585,3900130,7759400
7018,85,81,98200,1589,3900211,7786200
7019,72,78,98128,1583,3900289,7749500
7020,80,86,98048,1577,3900375,7761400
7021,106,75,97942,1608,3900450,7686100
7022,78,87,97864,1599,3900537,7850300
7023,94,69,97770,1624,3900606,7980000
7024,75,65,97695,1634,3900671,8014800
7025,69,75,97626,1628,3900746,7784500
7026,90,83,97536,1635,3900829,7830200
7027,82,81,97454,1636,3900910,7905100
7028,98,90,97356,1644,3901000,8219600
7029,84,78,97272,1650,3901078,8095800
7030,79,67,97193,1662,3901145,7977900
7031,88,63,97105,1687,3901208,7853400
7032,73,78,97032,1682,3901286,7851400
7033,94,82,96938,1694,3901368,7743300
7034,84,93,96854,1685,3901461,7711800
7035,69,98,96785,1656,3901559,7906300
7036,89,87,96696,1658,3901646,7972300
7037,92,68,96604,1682,3901714,8053900
7038,82,68,96522,1696,3901782,7907300
7039,77,72,96445,1701,3901854,8159500
7040,78,61,96367,1718,3901915,8058900
7041,78,68,96289,1728,3901983,8055200
7042,86,91,96203,1723,3902074,7800400
7043,88,96,96115,1715,3902170,7948500
7044,80,67,96035,1728,3902237,8191100
7045,92,72,95943,1748,3902309,8114200
7046,99,70,95844,1777,3902379,7953800
7047,100,86,95744,1791,3902465,7732700
7048,84,94,95660,1781,3902559,7873900
7049,73,89,95587,1765,3902648,8223300
7050,96,84,95491,1777,3902732,7777300
7051,84,95,95407,1766,3902827,7849100
7052,69,85,95338,1750,3902912,8023100
7053,94,85,95244,1759,3902997,7770400
7054,79,92,95165,1746,3903089,8118200
7055,78,77,95087,1747,3903166,8275400
7056,76,93,95011,1730,3903259,8181200
7057,89,93,94922,1726,3903352,7899100
7058,88,100,94834,1714,3903452,7770700
7059,81,93,94753,1702,3903545,7802000
7060,89,96,94664,1695,3903641,7750700
7061,77,97,94587,1675,3903738,7807600
7062,89,76,94498,1688,3903814,8107100
7063,74,76,94424,1686,3903890,8096400
7064,72,80,94352,1678,3903970,8130500
7065,72,82,94280,1668,3904052,8487800
7066,79,68,94201,1679,3904120,8674800
7067,86,90,94115,1675,3904210,9906600
7068,86,96,94029,1665,3904306,7864600
7069,78,86,93951,1657,3904392,7918100
7070,95,80,93856,1672,3904472,7884000
7071,65,69,93791,1668,3904541,7792600
7072,88,83,93703,1673,3904624,7933900
7073,101,90,93602,1684,3904714,7831200
7074,74,91,93528,1667,3904805,7862500
7075,89,80,93439,1676,3904885,8011200
7076,66,76,93373,1666,3904961,7990300
7077,78,75,93295,1669,3905036,8024800
7078,83,74,93212,1678,3905110,8208100
7079,75,83,93137,1670,3905193,7782800
7080,78,87,93059,1661,3905280,7880900
7081,84,68,92975,1677,3905348,7845900
7082,87,92,92888,1672,3905440,8471300
7083,74,101,92814,1645,3905541,8203100
7084,53,85,92761,1613,3905626,8043400
7085,87,88,92674,1612,3905714,7790700
7086,68,71,92606,1609,3905785,7783500
7087,83,93,92523,1599,3905878,7929300
7088,77,87,92446,1589,3905965,7852200
7089,74,89,92372,1574,3906054,7796800
7090,84,83,92288,1575,3906137,7978600
7091,81,78,92207,1578,3906215,8105100
7092,83,70,92124,1591,3906285,8132000
7093,88,88,92036,1591,3906373,8076400
7094,70,72,91966,1589,3906445,8172200
7095,77,72,91889,1594,3906517,7872700
7096,87,84,91802,1597,3906601,7650400
7097,78,92,91724,1583,3906693,7928200
7098,82,77,91642,1588,3906770,7976200
7099,79,78,91563,1589,3906848,8064500
7100,69,88,91494,1570,3906936,8089900
7101,78,90,91416,1558,3907026,8175400
7102,82,82,91334,1558,3907108,8494700
7103,61,88,91273,1531,3907196,8598100
7104,83,80,91190,1534,3907276,8194800
7105,74,81,91116,1527,3907357,8059700
7106,91,85,91025,1533,3907442,7969900
7107,92,59,90933,1566,3907501,7864100
7108,70,68,90863,1568,3907569,7697100
7109,64,92,90799,1540,3907661,7666200
7110,71,79,90728,1532,3907740,7756000
7111,82,77,90646,1537,3907817,7720000
7112,73,80,90573,1530,3907897,7806400
7113,89,60,90484,1559,3907957,7924500
7114,83,87,90401,1555,3908044,8044900
7115,75,84,90326,1546,3908128,8181600
7116,81,76,90245,1551,3908204,8329900
7117,86,81,90159,1556,3908285,8112400
7118,73,78,90086,1551,3908363,7947600
7119,73,69,90013,1555,3908432,7985300
7120,75,81,89938,1549,3908513,7934600
7121,67,75,89871,1541,3908588,7950800
7122,66,81,89805,1526,3908669,7935500
7123,84,66,89721,1544,3908735,8030900
7124,64,87,89657,1521,3908822,7954700
7125,61,62,89596,1520,3908884,8035400
7126,85,83,89511,1522,3908967,8051700
7127,72,77,89439,1517,3909044,8003900
7128,67,79,89372,1505,3909123,8025600
7129,82,83,89290,1504,3909206,8063400
7130,68,65,89222,1507,3909271,8048800
7131,67,74,89155,1500,3909345,8089500
7132,73,80,89082,1493,3909425,8262100
7133,74,66,89008,1501,3909491,8275100
7134,60,66,88948,1495,3909557,8458800
7135,74,69,88874,1500,3909626,8209200
7136,82,80,88792,1502,3909706,8344000
7137,81,75,88711,1508,3909781,8003000
7138,73,67,88638,1514,3909848,7989600
7139,65,64,88573,1515,3909912,7951600
7140,56,70,88517,1501,3909982,8057200
7141,61,79,88456,1483,3910061,8251000
7142,71,80,88385,1474,3910141,8258200
7143,64,76,88321,1462,3910217,7769600
7144,76,66,88245,1472,3910283,7746700
7145,69,66,88176,1475,3910349,7761000
7146,58,74,88118,1459,3910423,7863900
7147,75,76,88043,1458,3910499,7797400
7148,60,78,87983,1440,3910577,7993600
7149,65,59,87918,1446,3910636,7857200
7150,66,79,87852,1433,3910715,8064300
7151,62,58,87790,1437,3910773,8077500
7152,71,82,87719,1426,3910855,8230500
7153,65,69,87654,1422,3910924,8002000
7154,70,66,87584,1426,3910990,8019600
7155,72,78,87512,1420,3911068,7797000
7156,78,59,87434,1439,3911127,7838600
7157,66,87,87368,1418,3911214,7906500
7158,72,80,87296,1410,3911294,7841100
7159,67,68,87229,1409,3911362,7785500
7160,71,70,87158,1410,3911432,7985500
7161,69,64,87089,1415,3911496,7863800
7162,74,64,87015,1425,3911560,7749200
7163,59,80,86956,1404,3911640,7792600
7164,73,75,86883,1402,3911715,7852500
7165,73,77,86810,1398,3911792,8056200
7166,69,67,86741,1400,3911859,8074100
7167,53,65,86688,1388,3911924,8244500
7168,62,70,86626,1380,3911994,8122500
7169,66,70,86560,1376,3912064,7949100
7170,67,58,86493,1385,3912122,7950000
7171,61,67,86432,1379,3912189,7809800
7172,76,73,86356,1382,3912262,7763800
7173,73,73,86283,1382,3912335,8032500
7174,71,62,86212,1391,3912397,7944100
7175,69,76,86143,1384,3912473,7898700
7176,55,67,86088,1372,3912540,7891900
7177,90,58,85998,1404,3912598,7833500
7178,74,76,85924,1402,3912674,7831000
7179,71,89,85853,1384,3912763,7827800
7180,64,59,85789,1389,3912822,7978600
7181,75,69,85714,1395,3912891,8375700
7182,52,56,85662,1391,3912947,8194300
7183,78,71,85584,1398,3913018,8096300
7184,70,63,85514,1405,3913081,7756600
7185,73,77,85441,1401,3913158,7750800
7186,57,71,85384,1387,3913229,8138200
7187,66,79,85318,1374,3913308,8379400
7188,74,72,85244,1376,3913380,8210700
7189,66,58,85178,1384,3913438,8414700
7190,80,64,85098,1400,3913502,8096100
7191,64,56,85034,1408,3913558,7949600
7192,67,82,84967,1393,3913640,7904000
7193,88,82,84879,1399,3913722,7693300
7194,72,74,84807,1397,3913796,7690800
7195,65,77,84742,1385,3913873,7789900
7196,69,60,84673,1394,3913933,7837300
7197,68,76,84605,1386,3914009,7805300
7198,71,72,84534,1385,3914081,8262200
7199,83,80,84451,1388,3914161,8245100
7200,69,72,84382,1385,3914233,7998400
7201,69,76,84313,1378,3914309,7956200
7202,58,73,84255,1363,3914382,7947900
7203,69,68,84186,1364,3914450,7975200
7204,73,71,84113,1366,3914521,7830200
7205,75,60,84038,1381,3914581,7914900
7206,66,78,83972,1369,3914659,7917800
7207,72,66,83900,1375,3914725,7819100
7208,78,56,83822,1397,3914781,7697100
7209,68,71,83754,1394,3914852,7718600
7210,64,63,83690,1395,3914915,7793000
7211,82,70,83608,1407,3914985,7750900
7212,57,65,83551,1399,3915050,8197700
7213,71,66,83480,1404,3915116,8079800
7214,53,70,83427,1387,3915186,8275400
7215,70,81,83357,1376,3915267,7942100
7216,50,63,83307,1363,3915330,7852300
7217,67,71,83240,1359,3915401,8156400
7218,61,58,83179,1362,3915459,8071200
7219,57,61,83122,1358,3915520,7796500
7220,63,77,83059,1344,3915597,8238500
7221,71,69,82988,1346,3915666,7719000
7222,71,61,82917,1356,3915727,7862100
7223,60,86,82857,1330,3915813,8153500
7224,64,66,82793,1328,3915879,8603700
7225,61,82,82732,1307,3915961,8375500
7226,60,67,82672,1300,3916028,8216700
7227,60,73,82612,1287,3916101,8105500
7228,50,59,82562,1278,3916160,8056900
7229,53,64,82509,1267,3916224,8233000
7230,54,64,82455,1257,3916288,8280000
7231,69,59,82386,1267,3916347,8051300
7232,50,56,82336,1261,3916403,8031600
7233,66,45,82270,1282,3916448,7842300
7234,61,71,82209,1272,3916519,7809900
7235,50,69,82159,1253,3916588,7797700
7236,50,55,82109,1248,3916643,7707400
7237,63,47,82046,1264,3916690,7867600
7238,58,74,81988,1248,3916764,8026900
7239,60,58,81928,1250,3916822,8492700
7240,53,63,81875,1240,3916885,8080100
7241,53,59,81822,1234,3916944,8299600
7242,45,61,81777,1218,3917005,8039600
7243,56,64,81721,1210,3917069,7979000
7244,59,68,81662,1201,3917137,7928200
7245,62,60,81600,1203,3917197,7845000
7246,41,50,81559,1194,3917247,7989000
7247,53,55,81506,1192,3917302,7976100
7248,56,58,81450,1190,3917360,7823900
7249,49,66,81401,1173,3917426,7853000
7250,53,48,81348,1178,3917474,7942700
7251,68,54,81280,1192,3917528,8252600
7252,65,50,81215,1207,3917578,7925600
7253,54,52,81161,1209,3917630,8447100
7254,59,58,81102,1210,3917688,7966400
7255,60,67,81042,1203,3917755,8287900
7256,61,52,80981,1212,3917807,7960500
7257,64,52,80917,1224,3917859,7905800
7258,49,56,80868,1217,3917915,8357900
7259,50,75,80818,1192,3917990,8102400
7260,60,59,80758,1193,3918049,8147900
7261,62,59,80696,1196,3918108,7988600
7262,68,51,80628,1213,3918159,7806500
7263,54,66,80574,1201,3918225,7845800
7264,59,46,80515,1214,3918271,7731400
7265,59,51,80456,1222,3918322,7865500
7266,63,54,80393,1231,3918376,7975600
7267,58,59,80335,1230,3918435,8161100
7268,59,73,80276,1216,3918508,8015200
7269,60,59,80216,1217,3918567,7962200
7270,68,62,80148,1223,3918629,7956300
7271,60,56,80088,1227,3918685,7907700
7272,52,68,80036,1211,3918753,7922400
7273,68,59,79968,1220,3918812,8054900
7274,62,66,79906,1216,3918878,8033900
7275,55,64,79851,1207,3918942,8201100
7276,57,58,79794,1206,3919000,8400700
7277,59,63,79735,1202,3919063,8258700
7278,62,65,79673,1199,3919128,8695200
7279,64,63,79609,1200,3919191,7900600
7280,65,57,79544,1208,3919248,7908300
7281,59,61,79485,1206,3919309,8135100
7282,57,59,79428,1204,3919368,8564400
7283,68,48,79360,1224,3919416,8031900
7284,62,52,79298,1234,3919468,8155500
7285,64,55,79234,1243,3919523,8214600
7286,71,62,79163,1252,3919585,8537500
7287,66,61,79097,1257,3919646,8104700
7288,68,64,79029,1261,3919710,8004200
7289,60,69,78969,1252,3919779,8001400
7290,59,61,78910,1250,3919840,8476300
7291,67,64,78843,1253,3919904,8086300
7292,70,48,78773,1275,3919952,7867300
7293,67,62,78706,1280,3920014,7978300
7294,75,61,78631,1294,3920075,8623000
7295,54,64,78577,1284,3920139,8238700
7296,70,63,78507,1291,3920202,8210800
7297,54,62,78453,1283,3920264,8210400
7298,62,66,78391,1279,3920330,8158300
7299,57,67,78334,1269,3920397,7940800
7300,55,75,78279,1249,3920472,8108100
7301,67,60,78212,1256,3920532,7916600
7302,76,73,78136,1259,3920605,7962000
7303,58,64,78078,1253,3920669,7845400
7304,50,66,78028,1237,3920735,7859300
7305,63,56,77965,1244,3920791,7967500
7306,49,58,77916,1235,3920849,8129800
7307,58,60,77858,1233,3920909,8144600
7308,62,56,77796,1239,3920965,8256700
7309,60,58,77736,1241,3921023,8654600
7310,66,58,77670,1249,3921081,8293400
7311,60,81,77610,1228,3921162,8374700
7312,51,61,77559,1218,3921223,8492000
7313,61,55,77498,1224,3921278,9099700
7314,63,65,77435,1222,3921343,8380000
7315,65,78,77370,1209,3921421,8144100
7316,53,62,77317,1200,3921483,7967900
7317,49,51,77268,1198,3921534,7865200
7318,60,57,77208,1201,3921591,7945500
7319,65,53,77143,1213,3921644,8008100
7320,43,65,77100,1191,3921709,8145700
7321,58,70,77042,1179,3921779,8224100
7322,36,61,77006,1154,3921840,8009000
7323,63,66,76943,1151,3921906,7983700
7324,52,53,76891,1150,3921959,8060300
7325,53,51,76838,1152,3922010,7992700
7326,55,53,76783,1154,3922063,7848400
7327,64,55,76719,1163,3922118,7860800
7328,65,60,76654,1168,3922178,7844500
7329,53,49,76601,1172,3922227,7790200
7330,71,72,76530,1171,3922299,7928700
7331,60,53,76470,1178,3922352,8080600
7332,52,57,76418,1173,3922409,7849400
7333,55,55,76363,1173,3922464,8038700
7334,58,52,76305,1179,3922516,8357900
7335,48,48,76257,1179,3922564,9183300
7336,73,61,76184,1191,3922625,8775100
7337,53,58,76131,1186,3922683,8349400
7338,60,62,76071,1184,3922745,8360500
7339,62,59,76009,1187,3922804,8122600
7340,67,66,75942,1188,3922870,7884200
7341,55,84,75887,1159,3922954,7720100
7342,51,66,75836,1144,3923020,7734800
7343,51,57,75785,1138,3923077,7686300
7344,72,60,75713,1150,3923137,7730500
7345,61,52,75652,1159,3923189,7699000
7346,66,53,75586,1172,3923242,7724900
7347,78,67,75508,1183,3923309,7855600
7348,60,57,75448,1186,3923366,8338600
7349,60,61,75388,1185,3923427,7876400
7350,74,62,75314,1197,3923489,7753500
7351,71,54,75243,1214,3923543,8188200
7352,71,49,75172,1236,3923592,8337900
7353,53,64,75119,1225,3923656,8053000
7354,66,54,75053,1237,3923710,8151400
7355,48,55,75005,1230,3923765,7803200
7356,62,54,74943,1238,3923819,7720200
7357,65,38,74878,1265,3923857,7652600
7358,68,67,74810,1266,3923924,7683600
7359,56,80,74754,1242,3924004,7954700
7360,59,54,74695,1247,3924058,7678000
7361,59,60,74636,1246,3924118,7786200
7362,65,73,74571,1238,3924191,7732300
7363,56,66,74515,1228,3924257,8149400
7364,57,69,74458,1216,3924326,8207400
7365,56,58,74402,1214,3924384,8084000
7366,74,67,74328,1221,3924451,8100400
7367,43,57,74285,1207,3924508,7815200
7368,45,65,74240,1187,3924573,7703700
7369,51,59,74189,1179,3924632,7723600
7370,52,55,74137,1176,3924687,7850300
7371,62,52,74075,1186,3924739,8111600
7372,49,54,74026,1181,3924793,8160700
7373,52,70,73974,1163,3924863,8152600
7374,60,60,73914,1163,3924923,8228300
7375,63,59,73851,1167,3924982,8223400
7376,50,54,73801,1163,3925036,8434100
7377,48,65,73753,1146,3925101,8037300
7378,57,43,73696,1160,3925144,8086400
7379,60,60,73636,1160,3925204,8018800
7380,53,59,73583,1154,3925263,8047700
7381,56,59,73527,1151,3925322,7956000
7382,57,60,73470,1148,3925382,7889600
7383,56,55,73414,1149,3925437,7754200
7384,57,67,73357,1139,3925504,7708800
7385,58,56,73299,1141,3925560,7755000
7386,52,60,73247,1133,3925620,7860800
7387,61,55,73186,1139,3925675,7697000
7388,46,62,73140,1123,3925737,7858800
7389,58,53,73082,1128,3925790,8046600
7390,56,58,73026,1126,3925848,8130100
7391,55,48,72971,1133,3925896,8156000
7392,48,56,72923,1125,3925952,8022100
7393,67,53,72856,1139,3926005,7798700
7394,52,49,72804,1142,3926054,7793800
7395,61,54,72743,1149,3926108,7993200
7396,63,57,72680,1155,3926165,8220800
7397,58,57,72622,1156,3926222,8280200
7398,58,61,72564,1153,3926283,7981600
7399,55,61,72509,1147,3926344,8045300
7400,64,62,72445,1149,3926406,8002300
7401,60,65,72385,1144,3926471,8115500
7402,54,61,72331,1137,3926532,8112300
7403,48,73,72283,1112,3926605,8152300
7404,58,71,72225,1099,3926676,8077800
7405,50,63,72175,1086,3926739,7933500
7406,53,48,72122,1091,3926787,7821100
7407,55,54,72067,1092,3926841,7697600
7408,54,65,72013,1081,3926906,7829500
7409,59,48,71954,1092,3926954,7665600
7410,57,37,71897,1112,3926991,7746900
7411,65,42,71832,1135,3927033,7792300
7412,61,63,71771,1133,3927096,7953600
7413,54,51,71717,1136,3927147,8109800
7414,53,50,71664,1139,3927197,7972300
7415,60,50,71604,1149,3927247,8079700
7416,70,58,71534,1161,3927305,7927800
7417,65,49,71469,1177,3927354,8661700
7418,42,53,71427,1166,3927407,8175700
7419,66,64,71361,1168,3927471,8016500
7420,58,46,71303,1180,3927517,8125500
7421,44,65,71259,1159,3927582,7965800
7422,46,58,71213,1147,3927640,8002700
7423,58,45,71155,1160,3927685,7963100
7424,49,49,71106,1160,3927734,7907800
7425,57,80,71049,1137,3927814,8100800
7426,42,56,71007,1123,3927870,8247600
7427,61,72,70946,1112,3927942,8138600
7428,44,53,70902,1103,3927995,8521800
7429,37,47,70865,1093,3928042,8251700
7430,49,51,70816,1091,3928093,8892200
7431,42,59,70774,1074,3928152,9134300
7432,47,56,70727,1065,3928208,8313100
7433,54,61,70673,1058,3928269,8162600
7434,57,51,70616,1064,3928320,8419100
7435,45,54,70571,1055,3928374,8401600
7436,40,50,70531,1045,3928424,8132500
7437,43,47,70488,1041,3928471,8569700
7438,35,53,70453,1023,3928524,8545500
7439,62,48,70391,1037,3928572,8571200
7440,69,46,70322,1060,3928618,8083600
7441,48,53,70274,1055,3928671,7998600
7442,39,70,70235,1024,3928741,9048000
7443,43,47,70192,1020,3928788,9502400
7444,52,48,70140,1024,3928836,8662300
7445,40,51,70100,1013,3928887,9370800
7446,43,62,70057,994,3928949,8981100
7447,53,49,70004,998,3928998,10093900
7448,51,31,69953,1018,3929029,8302500
7449,56,56,69897,1018,3929085,8141300
7450,60,50,69837,1028,3929135,8532800
7451,56,56,69781,1028,3929191,8150700
7452,50,50,69731,1028,3929241,8156400
7453,46,60,69685,1014,3929301,8564300
7454,47,42,69638,1019,3929343,8429900
7455,46,51,69592,1014,3929394,8011000
7456,49,64,69543,999,3929458,8520400
7457,48,46,69495,1001,3929504,8098600
7458,47,46,69448,1002,3929550,8126500
7459,49,52,69399,999,3929602,7838800
7460,50,38,69349,1011,3929640,7917700
7461,49,57,69300,1003,3929697,8441500
7462,42,45,69258,1000,3929742,8758900
7463,40,59,69218,981,3929801,8818000
7464,41,50,69177,972,3929851,8584400
7465,40,55,69137,957,3929906,7891300
7466,36,61,69101,932,3929967,8445800
7467,35,49,69066,918,3930016,8223700
7468,31,46,69035,903,3930062,8380500
7469,41,47,68994,897,3930109,8745300
7470,39,33,68955,903,3930142,8383600
7471,54,50,68901,907,3930192,7962300
7472,39,35,68862,911,3930227,8151800
7473,38,46,68824,903,3930273,8348700
7474,43,39,68781,907,3930312,7949400
7475,50,54,68731,903,3930366,8108200
7476,49,44,68682,908,3930410,8206000
7477,39,46,68643,901,3930456,8115100
7478,41,53,68602,889,3930509,8017100
7479,37,44,68565,882,3930553,8391100
7480,54,44,68511,892,3930597,8203100
7481,47,55,68464,884,3930652,8462900
7482,43,35,68421,892,3930687,8538200
7483,43,44,68378,891,3930731,8074500
7484,44,41,68334,894,3930772,8667700
7485,43,43,68291,894,3930815,8224800
7486,40,38,68251,896,3930853,8331200
7487,47,43,68204,900,3930896,7940100
7488,41,45,68163,896,3930941,8067500
7489,51,45,68112,902,3930986,8027300
7490,45,43,68067,904,3931029,8180200
7491,49,39,68018,914,3931068,8404700
7492,37,51,67981,900,3931119,8096600
7493,36,42,67945,894,3931161,7963700
7494,51,45,67894,900,3931206,8442700
7495,41,46,67853,895,3931252,8839500
7496,50,55,67803,890,3931307,8133100
7497,41,40,67762,891,3931347,8201600
7498,50,47,67712,894,3931394,8097200
7499,29,38,67683,885,3931432,8091900
7500,48,36,67635,897,3931468,8126700
7501,43,33,67592,907,3931501,8166300
7502,52,49,67540,910,3931550,8229400
7503,34,39,67506,905,3931589,8481400
7504,43,57,67463,891,3931646,7997200
7505,38,49,67425,880,3931695,8298200
7506,47,50,67378,877,3931745,8503300
7507,44,46,67334,875,3931791,8355000
7508,33,50,67301,858,3931841,9101000
7509,32,39,67269,851,3931880,8133500
7510,38,39,67231,850,3931919,8021700
7511,43,42,67188,851,3931961,8516700
7512,47,52,67141,846,3932013,8994900
7513,49,44,67092,851,3932057,8355700
7514,41,40,67051,852,3932097,8299800
7515,42,48,67009,846,3932145,8347000
7516,37,38,66972,845,3932183,8627900
7517,42,34,66930,853,3932217,8975500
7518,43,42,66887,854,3932259,8846500
7519,29,37,66858,846,3932296,8274000
7520,38,45,66820,839,3932341,7834400
7521,35,41,66785,833,3932382,8076400
7522,42,39,66743,836,3932421,8125800
7523,43,48,66700,831,3932469,7919500
7524,48,52,66652,827,3932521,7859900
7525,57,43,66595,841,3932564,8155100
7526,42,40,66553,843,3932604,8576600
7527,36,33,66517,846,3932637,8377300
7528,32,46,66485,832,3932683,8374600
7529,44,41,66441,835,3932724,9368100
7530,33,50,66408,818,3932774,8630200
7531,33,43,66375,808,3932817,8808800
7532,32,42,66343,798,3932859,9308900
7533,32,40,66311,790,3932899,8489400
7534,28,45,66283,773,3932944,8343000
7535,35,42,66248,766,3932986,7833700
7536,36,45,66212,757,3933031,8311100
7537,32,40,66180,749,3933071,8425700
7538,34,43,66146,740,3933114,8038300
7539,23,35,66123,728,3933149,7870300
7540,31,39,66092,720,3933188,7953100
7541,25,36,66067,709,3933224,8224100
7542,38,27,66029,720,3933251,8929900
7543,32,30,65997,722,3933281,7866500
7544,28,46,65969,704,3933327,7855300
7545,25,40,65944,689,3933367,8412700
7546,28,27,65916,690,3933394,8284500
7547,32,27,65884,695,3933421,8129000
7548,32,40,65852,687,3933461,8282400
7549,34,46,65818,675,3933507,8295300
7550,38,24,65780,689,3933531,8616700
7551,29,33,65751,685,3933564,8240200
7552,29,35,65722,679,3933599,8200800
7553,31,31,65691,679,3933630,8154700
7554,29,32,65662,676,3933662,8814300
7555,30,36,65632,670,3933698,8475200
7556,27,32,65605,665,3933730,8448000
7557,33,37,65572,661,3933767,8670400
7558,36,32,65536,665,3933799,8287500
7559,32,25,65504,672,3933824,7966300
7560,28,41,65476,659,3933865,8496500
7561,29,30,65447,658,3933895,8593100
7562,22,30,65425,650,3933925,8275700
7563,23,29,65402,644,3933954,8390500
7564,22,32,65380,634,3933986,8901300
7565,26,37,65354,623,3934023,8169300
7566,27,25,65327,625,3934048,8218500
7567,31,24,65296,632,3934072,8836300
7568,23,25,65273,630,3934097,8110700
7569,38,30,65235,638,3934127,7916700
7570,27,33,65208,632,3934160,8830100
7571,29,32,65179,629,3934192,8165200
7572,22,31,65157,620,3934223,7895100
7573,33,36,65124,617,3934259,7916500
7574,23,31,65101,609,3934290,8213400
7575,29,18,65072,620,3934308,7878200
7576,34,30,65038,624,3934338,7990800
7577,25,30,65013,619,3934368,8593000
7578,27,34,64986,612,3934402,8269300
7579,31,37,64955,606,3934439,8477900
7580,26,32,64929,600,3934471,8814500
7581,29,34,64900,595,3934505,8352200
7582,34,21,64866,608,3934526,8588100
7583,31,28,64835,611,3934554,8847800
7584,30,35,64805,606,3934589,8224800
7585,26,28,64779,604,3934617,8444000
7586,31,25,64748,610,3934642,8348100
7587,23,20,64725,613,3934662,8653200
7588,31,31,64694,613,3934693,8457600
7589,33,35,64661,611,3934728,8177800
7590,20,24,64641,607,3934752,8200200
7591,36,31,64605,612,3934783,7996700
7592,29,27,64576,614,3934810,7988600
7593,24,45,64552,593,3934855,8016300
7594,25,37,64527,581,3934892,7965000
7595,22,28,64505,575,3934920,8643800
7596,23,33,64482,565,3934953,8272500
7597,29,32,64453,562,3934985,8376200
7598,18,26,64435,554,3935011,8480300
7599,25,32,64410,547,3935043,8241900
7600,30,26,64380,551,3935069,8717800
7601,23,35,64357,539,3935104,8369100
7602,22,29,64335,532,3935133,8279300
7603,23,35,64312,520,3935168,8207500
7604,25,26,64287,519,3935194,8109600
7605,21,29,64266,511,3935223,8156400
7606,20,29,64246,502,3935252,8186700
7607,16,28,64230,490,3935280,8015300
7608,20,25,64210,485,3935305,8021100
7609,20,31,64190,474,3935336,8406300
7610,20,27,64170,467,3935363,8442600
7611,17,18,64153,466,3935381,8144000
7612,15,13,64138,468,3935394,8066200
7613,27,22,64111,473,3935416,8221400
7614,29,30,64082,472,3935446,8459600
7615,17,27,64065,462,3935473,8305900
7616,24,18,64041,468,3935491,8433800
7617,32,27,64009,473,3935518,8653200
7618,21,19,63988,475,3935537,8105900
7619,17,25,63971,467,3935562,8519300
7620,20,24,63951,463,3935586,8043700
7621,21,20,63930,464,3935606,8210400
7622,15,16,63915,463,3935622,8113600
7623,26,30,63889,459,3935652,8007000
7624,22,31,63867,450,3935683,8632400
7625,15,20,63852,445,3935703,8344800
7626,12,18,63840,439,3935721,8216600
7627,10,19,63830,430,3935740,8333400
7628,8,21,63822,417,3935761,8283800
7629,21,25,63801,413,3935786,8098200
7630,17,24,63784,406,3935810,8546100
7631,23,27,63761,402,3935837,8045700
7632,18,13,63743,407,3935850,8397000
7633,12,19,63731,400,3935869,8508200
7634,17,22,63714,395,3935891,8543600
7635,20,18,63694,397,3935909,8493300
7636,17,20,63677,394,3935929,7859500
7637,13,20,63664,387,3935949,7847700
7638,19,24,63645,382,3935973,8245400
7639,14,20,63631,376,3935993,8611200
7640,14,15,63617,375,3936008,8409700
7641,9,18,63608,366,3936026,8345900
7642,17,12,63591,371,3936038,8307100
7643,10,19,63581,362,3936057,8344100
7644,20,21,63561,361,3936078,8372300
7645,17,18,63544,360,3936096,8206400
7646,9,24,63535,345,3936120,8636400
7647,16,21,63519,340,3936141,8245500
7648,17,16,63502,341,3936157,7973000
7649,10,25,63492,326,3936182,7803900
7650,14,16,63478,324,3936198,8234100
7651,10,13,63468,321,3936211,7974700
7652,9,21,63459,309,3936232,7997900
7653,10,27,63449,292,3936259,8518000
7654,12,12,63437,292,3936271,8396200
7655,10,16,63427,286,3936287,8479400
7656,13,14,63414,285,3936301,8380200
7657,12,10,63402,287,3936311,7921100
7658,16,18,63386,285,3936329,8446700
7659,17,14,63369,288,3936343,7915700
7660,11,17,63358,282,3936360,8200000
7661,17,16,63341,283,3936376,7798500
7662,17,16,63324,284,3936392,8257800
7663,16,12,63308,288,3936404,8480200
7664,20,17,63288,291,3936421,8049100
7665,14,13,63274,292,3936434,8130700
7666,14,15,63260,291,3936449,7970300
7667,24,13,63236,302,3936462,8449900
7668,19,19,63217,302,3936481,8251500
7669,18,14,63199,306,3936495,8378200
7670,22,13,63177,315,3936508,8599400
7671,23,10,63154,328,3936518,7991800
7672,22,16,63132,334,3936534,7965600
7673,21,16,63111,339,3936550,8354500
7674,20,10,63091,349,3936560,7998600
7675,24,18,63067,355,3936578,8286600
7676,20,16,63047,359,3936594,8088100
7677,21,20,63026,360,3936614,8542400
7678,22,17,63004,365,3936631,8898900
7679,19,18,62985,366,3936649,8534400
7680,16,20,62969,362,3936669,8482100
7681,18,12,62951,368,3936681,8515400
7682,22,22,62929,368,3936703,8306100
7683,32,23,62897,377,3936726,8268000
7684,22,19,62875,380,3936745,8170400
7685,25,21,62850,384,3936766,8037900
7686,28,18,62822,394,3936784,8015800
7687,22,18,62800,398,3936802,8590800
7688,21,23,62779,396,3936825,8551300
7689,22,17,62757,401,3936842,8715900
7690,24,27,62733,398,3936869,8077400
7691,20,13,62713,405,3936882,8011200
7692,21,18,62692,408,3936900,8051800
7693,18,17,62674,409,3936917,7826900
7694,19,19,62655,409,3936936,7845000
7695,21,18,62634,412,3936954,8439700
7696,18,23,62616,407,3936977,8668000
7697,24,23,62592,408,3937000,8194100
7698,23,9,62569,422,3937009,7764100
7699,16,32,62553,406,3937041,7867600
7700,18,24,62535,400,3937065,7994000
7701,21,22,62514,399,3937087,7963000
7702,15,13,62499,401,3937100,8528200
7703,11,22,62488,390,3937122,8461700
7704,11,20,62477,381,3937142,8511900
7705,17,18,62460,380,3937160,8499500
7706,20,19,62440,381,3937179,8998900
7707,15,21,62425,375,3937200,8195000
7708,14,21,62411,368,3937221,7808800
7709,10,19,62401,359,3937240,7934900
7710,12,15,62389,356,3937255,8161300
7711,13,19,62376,350,3937274,8374100
7712,11,20,62365,341,3937294,8231900
7713,15,13,62350,343,3937307,8713400
7714,14,23,62336,334,3937330,7896900
7715,13,11,62323,336,3937341,7853400
7716,15,17,62308,334,3937358,8163500
7717,21,13,62287,342,3937371,8247200
7718,22,13,62265,351,3937384,8881400
7719,21,19,62244,353,3937403,8562200
7720,9,17,62235,345,3937420,8292400
7721,23,23,62212,345,3937443,8109000
7722,12,20,62200,337,3937463,8039500
7723,13,13,62187,337,3937476,7995600
7724,17,15,62170,339,3937491,8482900
7725,14,23,62156,330,3937514,7844000
7726,12,19,62144,323,3937533,8313300
7727,10,25,62134,308,3937558,8156800
7728,12,25,62122,295,3937583,7814200
7729,14,10,62108,299,3937593,7883800
7730,13,18,62095,294,3937611,8381700
7731,11,17,62084,288,3937628,8132100
7732,14,9,62070,293,3937637,8804500
7733,11,20,62059,284,3937657,8245200
7734,10,8,62049,286,3937665,8940800
7735,10,14,62039,282,3937679,8562100
7736,6,6,62033,282,3937685,8607400
7737,11,16,62022,277,3937701,8223200
7738,7,15,62015,269,3937716,8589800
7739,7,7,62008,269,3937723,8083400
7740,10,13,61998,266,3937736,8673400
7741,13,11,61985,268,3937747,8100300
7742,9,11,61976,266,3937758,8240300
7743,13,9,61963,270,3937767,8162400
7744,6,16,61957,260,3937783,8337100
7745,14,17,61943,257,3937800,8160800
7746,14,12,61929,259,3937812,8094300
7747,17,9,61912,267,3937821,8077500
7748,17,12,61895,272,3937833,8000400
7749,13,14,61882,271,3937847,8133400
7750,18,13,61864,276,3937860,8375800
7751,12,9,61852,279,3937869,8157200
7752,16,14,61836,281,3937883,8143000
7753,10,25,61826,266,3937908,8185600
7754,10,9,61816,267,3937917,8721300
7755,19,12,61797,274,3937929,8979600
7756,15,17,61782,272,3937946,8589300
7757,14,12,61768,274,3937958,8221500
7758,9,13,61759,270,3937971,8486500
7759,10,14,61749,266,3937985,8495000
7760,12,12,61737,266,3937997,8297200
7761,12,4,61725,274,3938001,7854100
7762,11,11,61714,274,3938012,7941200
7763,10,14,61704,270,3938026,7989900
7764,9,11,61695,268,3938037,8311500
7765,12,13,61683,267,3938050,8359500
7766,6,15,61677,258,3938065,8117300
7767,12,11,61665,259,3938076,8676800
7768,11,14,61654,256,3938090,7885000
7769,5,9,61649,252,3938099,7928600
7770,7,14,61642,245,3938113,8064200
7771,10,11,61632,244,3938124,8018900
7772,9,13,61623,240,3938137,7882400
7773,4,10,61619,234,3938147,8182400
7774,9,9,61610,234,3938156,7850500
7775,13,10,61597,237,3938166,7979800
7776,6,23,61591,220,3938189,8358300
7777,4,10,61587,214,3938199,8454800
7778,8,10,61579,212,3938209,8487300
7779,10,5,61569,217,3938214,7787300
7780,15,8,61554,224,3938222,7935300
7781,12,15,61542,221,3938237,8141100
7782,12,14,61530,219,3938251,8280000
7783,7,11,61523,215,3938262,8564600
7784,15,13,61508,217,3938275,8112400
7785,10,12,61498,215,3938287,8466400
7786,8,14,61490,209,3938301,8251900
7787,11,16,61479,204,3938317,8198600
7788,8,11,61471,201,3938328,8230500
7789,9,6,61462,204,3938334,8634300
7790,12,9,61450,207,3938343,8341700
7791,12,8,61438,211,3938351,8041900
7792,10,4,61428,217,3938355,7954200
7793,7,8,61421,216,3938363,8065900
7794,10,13,61411,213,3938376,7923600
7795,8,11,61403,210,3938387,8054300
7796,6,18,61397,198,3938405,8245400
7797,4,10,61393,192,3938415,8457400
7798,8,11,61385,189,3938426,8592300
7799,12,4,61373,197,3938430,8791300
7800,12,16,61361,193,3938446,8002000
7801,4,2,61357,195,3938448,8831600
7802,9,6,61348,198,3938454,8509600
7803,6,9,61342,195,3938463,8278600
7804,3,7,61339,191,3938470,8324500
7805,9,13,61330,187,3938483,8095600
7806,6,8,61324,185,3938491,7994600
7807,6,9,61318,182,3938500,8139300
7808,12,8,61306,186,3938508,8156800
7809,3,14,61303,175,3938522,8429300
7810,4,11,61299,168,3938533,8436100
7811,8,4,61291,172,3938537,8694300
7812,8,6,61283,174,3938543,8095600
7813,3,13,61280,164,3938556,8279200
7814,1,7,61279,158,3938563,8023800
7815,3,11,61276,150,3938574,8155700
7816,7,4,61269,153,3938578,8414400
7817,6,8,61263,151,3938586,8273700
7818,6,10,61257,147,3938596,8328300
7819,7,6,61250,148,3938602,9306300
7820,10,6,61240,152,3938608,7902200
7821,9,13,61231,148,3938621,8435200
7822,6,13,61225,141,3938634,7952900
7823,7,10,61218,138,3938644,8030300
7824,5,8,61213,135,3938652,8549800
7825,7,9,61206,133,3938661,8006200
7826,9,11,61197,131,3938672,8337100
7827,4,4,61193,131,3938676,8149000
7828,3,5,61190,129,3938681,8592300
7829,4,7,61186,126,3938688,8590400
7830,5,7,61181,124,3938695,8538500
7831,4,8,61177,120,3938703,8216700
7832,9,9,61168,120,3938712,8530200
7833,4,5,61164,119,3938717,8234000
7834,10,4,61154,125,3938721,7725100
7835,4,5,61150,124,3938726,8504500
7836,4,7,61146,121,3938733,7773800
7837,1,9,61145,113,3938742,7749500
7838,4,4,61141,113,3938746,9421400
7839,2,4,61139,111,3938750,8314600
7840,5,5,61134,111,3938755,8431700
7841,5,2,61129,114,3938757,8281700
7842,1,6,61128,109,3938763,8320500
7843,8,2,61120,115,3938765,8315900
7844,6,6,61114,115,3938771,8317100
7845,5,6,61109,114,3938777,7998300
7846,9,5,61100,118,3938782,8317900
7847,6,4,61094,120,3938786,8443900
7848,5,7,61089,118,3938793,8225300
7849,4,5,61085,117,3938798,8158800
7850,4,5,61081,116,3938803,8005600
7851,5,8,61076,113,3938811,8488600
7852,8,6,61068,115,3938817,7847100
7853,1,4,61067,112,3938821,9029100
7854,4,2,61063,114,3938823,8463400
7855,3,4,61060,113,3938827,8891700
7856,6,6,61054,113,3938833,8762600
7857,5,6,61049,112,3938839,8120600
7858,2,5,61047,109,3938844,8165300
7859,2,3,61045,108,3938847,8158600
7860,1,9,61044,100,3938856,8271900
7861,8,3,61036,105,3938859,7966300
7862,3,4,61033,104,3938863,8231600
7863,2,3,61031,103,3938866,8595300
7864,5,1,61026,107,3938867,8633600
7865,7,11,61019,103,3938878,8404500
7866,5,6,61014,102,3938884,7935000
7867,4,4,61010,102,3938888,8081700
7868,4,6,61006,100,3938894,8177500
7869,0,6,61006,94,3938900,8223900
7870,2,6,61004,90,3938906,7904300
7871,4,0,61000,94,3938906,8609300
7872,2,2,60998,94,3938908,8609000
7873,6,4,60992,96,3938912,8264900
7874,3,7,60989,92,3938919,8388900
7875,3,3,60986,92,3938922,8291600
7876,1,3,60985,90,3938925,8284200
7877,3,5,60982,88,3938930,8908100
7878,7,8,60975,87,3938938,7846400
7879,4,3,60971,88,3938941,8861600
7880,3,5,60968,86,3938946,8584800
7881,4,7,60964,83,3938953,8265500
7882,3,4,60961,82,3938957,8176500
7883,4,3,60957,83,3938960,8154700
7884,6,4,60951,85,3938964,8092900
7885,4,2,60947,87,3938966,8162800
7886,5,1,60942,91,3938967,8089500
7887,4,2,60938,93,3938969,8115000
7888,4,2,60934,95,3938971,9345700
7889,6,6,60928,95,3938977,8375600
7890,5,6,60923,94,3938983,8444500
7891,5,3,60918,96,3938986,8297800
7892,3,2,60915,97,3938988,8303500
7893,2,3,60913,96,3938991,8706300
7894,9,3,60904,102,3938994,8046300
7895,5,8,60899,99,3939002,8630900
7896,6,2,60893,103,3939004,8197400
7897,8,6,60885,105,3939010,8686900
7898,4,6,60881,103,3939016,8468200
7899,3,5,60878,101,3939021,8124800
7900,4,4,60874,101,3939025,8148400
7901,4,5,60870,100,3939030,8233700
7902,7,2,60863,105,3939032,8664400
7903,6,4,60857,107,3939036,8223700
7904,3,4,60854,106,3939040,8465600
7905,3,5,60851,104,3939045,8449900
7906,4,8,60847,100,3939053,8240300
7907,2,6,60845,96,3939059,8076800
7908,3,5,60842,94,3939064,8095500
7909,3,7,60839,90,3939071,7917800
7910,2,5,60837,87,3939076,8466200
7911,1,3,60836,85,3939079,8006400
7912,7,2,60829,90,3939081,7915900
7913,4,4,60825,90,3939085,8397000
7914,3,7,60822,86,3939092,8042600
7915,3,3,60819,86,3939095,8515100
7916,2,3,60817,85,3939098,8719700
7917,3,4,60814,84,3939102,8104100
7918,0,4,60814,80,3939106,8268300
7919,2,7,60812,75,3939113,8444600
7920,1,5,60811,71,3939118,8691000
7921,1,7,60810,65,3939125,8387000
7922,0,2,60810,63,3939127,7808400
7923,1,4,60809,60,3939131,7895000
7924,0,7,60809,53,3939138,8318300
7925,1,2,60808,52,3939140,8074200
7926,1,1,60807,52,3939141,8144900
7927,1,1,60806,52,3939142,8730200
7928,0,0,60806,52,3939142,8166700
7929,1,3,60805,50,3939145,8671900
7930,0,4,60805,46,3939149,8343800
7931,0,2,60805,44,3939151,8887700
7932,0,3,60805,41,3939154,8537900
7933,1,3,60804,39,3939157,8344400
7934,0,4,60804,35,3939161,8061400
7935,2,0,60802,37,3939161,7827300
7936,0,1,60802,36,3939162,8269100
7937,0,1,60802,35,3939163,8706400
7938,0,3,60802,32,3939166,7882200
7939,0,2,60802,30,3939168,8618700
7940,0,2,60802,28,3939170,8050200
7941,0,0,60802,28,3939170,8688200
7942,0,0,60802,28,3939170,8805600
7943,0,2,60802,26,3939172,8172000
7944,0,2,60802,24,3939174,8907800
7945,1,3,60801,22,3939177,8303500
7946,0,0,60801,22,3939177,8682600
7947,0,0,60801,22,3939177,8475900
7948,1,1,60800,22,3939178,8506400
7949,0,2,60800,20,3939180,8345400
7950,0,0,60800,20,3939180,8614400
7951,0,0,60800,20,3939180,8351600
7952,0,2,60800,18,3939182,7847400
7953,0,2,60800,16,3939184,8409300
7954,0,1,60800,15,3939185,8450200
7955,0,2,60800,13,3939187,8666700
7956,0,0,60800,13,3939187,8372700
7957,0,0,60800,13,3939187,8609600
7958,0,0,60800,13,3939187,8453700
7959,0,0,60800,13,3939187,8508400
7960,1,1,60799,13,3939188,8138300
7961,1,0,60798,14,3939188,8119800
7962,1,1,60797,14,3939189,8064900
7963,0,0,60797,14,3939189,8120900
7964,1,0,60796,15,3939189,8419000
7965,3,0,60793,18,3939189,8161400
7966,0,1,60793,17,3939190,8117600
7967,1,2,60792,16,3939192,8056700
7968,1,2,60791,15,3939194,8409900
7969,0,0,60791,15,3939194,8266800
7970,0,0,60791,15,3939194,8541500
7971,0,0,60791,15,3939194,7900200
7972,0,1,60791,14,3939195,8179800
7973,0,1,60791,13,3939196,8327500
7974,0,3,60791,10,3939199,8165900
7975,0,0,60791,10,3939199,8102800
7976,0,1,60791,9,3939200,8240800
7977,0,1,60791,8,3939201,8257200
7978,0,0,60791,8,3939201,8007700
7979,0,0,60791,8,3939201,8005500
7980,1,0,60790,9,3939201,8156400
7981,0,0,60790,9,3939201,8165900
7982,1,0,60789,10,3939201,8248200
7983,0,0,60789,10,3939201,8601300
7984,0,1,60789,9,3939202,8578600
7985,0,1,60789,8,3939203,8389100
7986,0,0,60789,8,3939203,8218300
7987,0,0,60789,8,3939203,8847900
7988,0,0,60789,8,3939203,8363300
7989,0,0,60789,8,3939203,7857600
7990,0,1,60789,7,3939204,8323900
7991,0,0,60789,7,3939204,8183200
7992,0,0,60789,7,3939204,8662400
7993,0,0,60789,7,3939204,8341200
7994,0,1,60789,6,3939205,8490900
7995,0,0,60789,6,3939205,8186300
7996,0,3,60789,3,3939208,8165900
7997,0,0,60789,3,3939208,8002100
7998,0,0,60789,3,3939208,8246700
7999,0,0,60789,3,3939208,8688500
8000,0,0,60789,3,3939208,8193200
8001,0,0,60789,3,3939208,7917500
8002,0,0,60789,3,3939208,8355100
8003,0,1,60789,2,3939209,8396200
8004,0,0,60789,2,3939209,8457300
8005,0,0,60789,2,3939209,8671400
8006,0,0,60789,2,3939209,8449900
8007,0,0,60789,2,3939209,8587700
8008,0,0,60789,2,3939209,8715300
8009,0,0,60789,2,3939209,8202300
8010,0,0,60789,2,3939209,8291900
8011,0,0,60789,2,3939209,8484700
8012,0,0,60789,2,3939209,7998900
8013,0,0,60789,2,3939209,8200200
8014,0,0,60789,2,3939209,7890600
8015,0,1,60789,1,3939210,8423300
8016,0,0,60789,1,3939210,8143000
8017,0,0,60789,1,3939210,8567100
8018,0,0,60789,1,3939210,7981300
8019,0,0,60789,1,3939210,7895200
8020,0,0,60789,1,3939210,8053000
8021,0,0,60789,1,3939210,7831900
8022,0,0,60789,1,3939210,8426600
8023,0,1,60789,0,3939211,7944500
