Tick,NewlyInfected,NewlyRecovered,TotalSusceptible,TotalInfected,TotalRecovered,StepTimeNanos
0,1,0,3999994,6,0,46647300
1,3,0,3999991,9,0,24568800
2,2,0,3999989,11,0,6596600
3,3,0,3999986,14,0,6748700
4,1,1,3999985,14,1,6921400
5,7,0,3999978,21,1,8277300
6,2,1,3999976,22,2,7875300
7,1,1,3999975,22,3,7989200
8,4,1,3999971,25,4,7980900
9,6,1,3999965,30,5,8325500
10,2,2,3999963,30,7,8087000
11,8,1,3999955,37,8,8065000
12,3,2,3999952,38,10,8554900
13,6,4,3999946,40,14,8153100
14,5,4,3999941,41,18,8110500
15,5,4,3999936,42,22,8152300
16,8,2,3999928,48,24,8003300
17,9,1,3999919,56,25,7976600
18,6,2,3999913,60,27,7780000
19,6,4,3999907,62,31,7918400
20,5,3,3999902,64,34,8334400
21,6,3,3999896,67,37,7890100
22,5,6,3999891,66,43,8071100
23,12,1,3999879,77,44,7761500
24,7,2,3999872,82,46,7895500
25,10,5,3999862,87,51,7793200
26,11,5,3999851,93,56,7885700
27,13,3,3999838,103,59,7690700
28,4,6,3999834,101,65,7765100
29,9,8,3999825,102,73,8734800
30,13,6,3999812,109,79,8190800
31,12,1,3999800,120,80,8039300
32,15,9,3999785,126,89,8005000
33,16,6,3999769,136,95,8134700
34,19,12,3999750,143,107,8074100
35,12,6,3999738,149,113,8134900
36,20,4,3999718,165,117,8231500
37,19,5,3999699,179,122,8116900
38,18,8,3999681,189,130,7994300
39,22,11,3999659,200,141,7823300
40,18,6,3999641,212,147,7731000
41,21,11,3999620,222,158,8265200
42,20,8,3999600,234,166,7948000
43,16,14,3999584,236,180,7787200
44,19,8,3999565,247,188,7647600
45,19,14,3999546,252,202,7748700
46,15,11,3999531,256,213,7850700
47,20,16,3999511,260,229,7804000
48,22,8,3999489,274,237,7914000
49,19,15,3999470,278,252,8303900
50,18,10,3999452,286,262,8279800
51,15,12,3999437,289,274,8322100
52,27,12,3999410,304,286,8288500
53,21,11,3999389,314,297,7965000
54,23,18,3999366,319,315,8044200
55,29,16,3999337,332,331,7903400
56,23,3,3999314,352,334,7867900
57,26,18,3999288,360,352,7729900
58,26,19,3999262,367,371,8015900
59,29,17,3999233,379,388,8119100
60,36,16,3999197,399,404,7855500
61,29,19,3999168,409,423,7773400
62,28,17,3999140,420,440,7598700
63,34,22,3999106,432,462,7555700
64,39,31,3999067,440,493,7677800
65,32,20,3999035,452,513,7880700
66,29,20,3999006,461,533,7873500
67,34,21,3998972,474,554,7891900
68,40,18,3998932,496,572,7830800
69,38,14,3998894,520,586,7765400
70,38,31,3998856,527,617,7797100
71,47,28,3998809,546,645,7846900
72,40,27,3998769,559,672,8075700
73,37,22,3998732,574,694,7995100
74,55,29,3998677,600,723,8195500
75,41,30,3998636,611,753,7888300
76,55,23,3998581,643,776,8008100
77,47,33,3998534,657,809,7819000
78,49,29,3998485,677,838,7962800
79,48,31,3998437,694,869,8307100
80,60,38,3998377,716,907,8069700
81,50,41,3998327,725,948,7934900
82,53,44,3998274,734,992,7919900
83,35,28,3998239,741,1020,7914100
84,50,38,3998189,753,1058,7890200
85,58,41,3998131,770,1099,7954700
86,54,29,3998077,795,1128,7985400
87,57,46,3998020,806,1174,8127600
88,40,37,3997980,809,1211,7905600
89,55,34,3997925,830,1245,8092800
90,67,38,3997858,859,1283,8044800
91,60,43,3997798,876,1326,7948800
92,67,45,3997731,898,1371,7756000
93,60,44,3997671,914,1415,7912000
94,71,41,3997600,944,1456,8137900
95,54,40,3997546,958,1496,7947500
96,51,51,3997495,958,1547,8360600
97,72,54,3997423,976,1601,7926100
98,62,58,3997361,980,1659,8049300
99,60,52,3997301,988,1711,7947000
100,53,51,3997248,990,1762,8535000
101,65,50,3997183,1005,1812,8172100
102,62,57,3997121,1010,1869,7668600
103,76,51,3997045,1035,1920,7698100
104,64,58,3996981,1041,1978,7816800
105,67,61,3996914,1047,2039,7886500
106,64,55,3996850,1056,2094,7764300
107,81,47,3996769,1090,2141,8158400
108,74,56,3996695,1108,2197,7920100
109,70,58,3996625,1120,2255,7979300
110,70,54,3996555,1136,2309,7947600
111,70,46,3996485,1160,2355,7723300
112,87,74,3996398,1173,2429,7796900
113,90,52,3996308,1211,2481,7756200
114,87,66,3996221,1232,2547,7924000
115,85,53,3996136,1264,2600,7977400
116,77,41,3996059,1300,2641,7947000
117,82,62,3995977,1320,2703,7851300
118,87,59,3995890,1348,2762,8135900
119,71,65,3995819,1354,2827,8170900
120,69,65,3995750,1358,2892,8083100
121,86,52,3995664,1392,2944,7991400
122,75,76,3995589,1391,3020,8035400
123,70,80,3995519,1381,3100,8042900
124,82,85,3995437,1378,3185,7783400
125,88,78,3995349,1388,3263,7872200
126,82,65,3995267,1405,3328,7859300
127,80,82,3995187,1403,3410,7858600
128,82,65,3995105,1420,3475,8276000
129,80,72,3995025,1428,3547,8121800
130,73,70,3994952,1431,3617,7852900
131,91,63,3994861,1459,3680,8106200
132,99,97,3994762,1461,3777,7741200
133,94,68,3994668,1487,3845,7855500
134,98,79,3994570,1506,3924,7756400
135,103,69,3994467,1540,3993,7917700
136,80,60,3994387,1560,4053,8266500
137,85,70,3994302,1575,4123,7744600
138,101,66,3994201,1610,4189,7794100
139,99,70,3994102,1639,4259,7809900
140,108,72,3993994,1675,4331,7798300
141,96,83,3993898,1688,4414,7877000
142,114,84,3993784,1718,4498,7876000
143,106,80,3993678,1744,4578,8071100
144,103,86,3993575,1761,4664,7874400
145,121,82,3993454,1800,4746,8025700
146,107,97,3993347,1810,4843,8105600
147,112,91,3993235,1831,4934,8000000
148,109,87,3993126,1853,5021,7901600
149,112,101,3993014,1864,5122,7915300
150,116,109,3992898,1871,5231,8002500
151,105,86,3992793,1890,5317,7797300
152,108,86,3992685,1912,5403,7724300
153,106,99,3992579,1919,5502,7865200
154,120,100,3992459,1939,5602,7776500
155,122,103,3992337,1958,5705,8123300
156,116,94,3992221,1980,5799,8345300
157,122,82,3992099,2020,5881,8115700
158,131,91,3991968,2060,5972,8402000
159,109,100,3991859,2069,6072,7984600
160,115,91,3991744,2093,6163,7929600
161,106,113,3991638,2086,6276,8211900
162,115,109,3991523,2092,6385,7844800
163,107,90,3991416,2109,6475,7740800
164,122,100,3991294,2131,6575,7811000
165,138,102,3991156,2167,6677,7712100
166,140,129,3991016,2178,6806,7732300
167,104,97,3990912,2185,6903,7694400
168,81,113,3990831,2153,7016,7743400
169,120,100,3990711,2173,7116,7857700
170,106,116,3990605,2163,7232,7766900
171,111,110,3990494,2164,7342,8036900
172,125,84,3990369,2205,7426,7835200
173,125,118,3990244,2212,7544,7911400
174,119,114,3990125,2217,7658,8243000
175,122,108,3990003,2231,7766,7742700
176,121,134,3989882,2218,7900,7772500
177,140,124,3989742,2234,8024,7824500
178,124,114,3989618,2244,8138,7919400
179,140,112,3989478,2272,8250,7898700
180,126,126,3989352,2272,8376,7828200
181,150,119,3989202,2303,8495,7814700
182,125,126,3989077,2302,8621,7874700
183,127,117,3988950,2312,8738,7905600
184,123,120,3988827,2315,8858,7823300
185,146,113,3988681,2348,8971,8074800
186,134,116,3988547,2366,9087,7874500
187,127,122,3988420,2371,9209,8234800
188,134,130,3988286,2375,9339,7805800
189,149,117,3988137,2407,9456,8049200
190,121,110,3988016,2418,9566,7975000
191,149,113,3987867,2454,9679,7910200
192,155,133,3987712,2476,9812,8509500
193,150,129,3987562,2497,9941,8009400
194,134,131,3987428,2500,10072,7833300
195,158,131,3987270,2527,10203,7779300
196,165,122,3987105,2570,10325,7840100
197,142,131,3986963,2581,10456,7792600
198,175,142,3986788,2614,10598,7869000
199,156,118,3986632,2652,10716,7952600
200,205,143,3986427,2714,10859,7880700
201,174,149,3986253,2739,11008,7907700
202,158,139,3986095,2758,11147,7814900
203,147,136,3985948,2769,11283,7999500
204,168,136,3985780,2801,11419,7878700
205,163,141,3985617,2823,11560,7923100
206,174,125,3985443,2872,11685,8017400
207,180,133,3985263,2919,11818,8477100
208,182,156,3985081,2945,11974,8119100
209,183,149,3984898,2979,12123,8097100
210,175,129,3984723,3025,12252,7919900
211,178,157,3984545,3046,12409,7914300
212,174,159,3984371,3061,12568,8079800
213,153,149,3984218,3065,12717,8030600
214,160,173,3984058,3052,12890,8078600
215,184,149,3983874,3087,13039,7929800
216,176,139,3983698,3124,13178,7900800
217,166,142,3983532,3148,13320,7842800
218,182,146,3983350,3184,13466,7927700
219,181,151,3983169,3214,13617,7793400
220,192,179,3982977,3227,13796,8050000
221,178,155,3982799,3250,13951,8160400
222,201,159,3982598,3292,14110,8173200
223,177,192,3982421,3277,14302,8184500
224,173,147,3982248,3303,14449,8045900
225,155,183,3982093,3275,14632,8157600
226,192,157,3981901,3310,14789,8221400
227,179,178,3981722,3311,14967,8181400
228,187,174,3981535,3324,15141,8020000
229,178,163,3981357,3339,15304,8172100
230,175,142,3981182,3372,15446,7967200
231,173,167,3981009,3378,15613,7995900
232,176,185,3980833,3369,15798,7975500
233,186,190,3980647,3365,15988,8059400
234,157,146,3980490,3376,16134,7824900
235,151,158,3980339,3369,16292,8085400
236,200,174,3980139,3395,16466,7873900
237,175,199,3979964,3371,16665,7859800
238,185,171,3979779,3385,16836,7836600
239,192,170,3979587,3407,17006,7862100
240,184,190,3979403,3401,17196,7823600
241,180,140,3979223,3441,17336,8608300
242,187,179,3979036,3449,17515,7961400
243,181,161,3978855,3469,17676,8419300
244,182,173,3978673,3478,17849,7783600
245,187,171,3978486,3494,18020,7859800
246,181,176,3978305,3499,18196,7873300
247,177,160,3978128,3516,18356,7911700
248,169,180,3977959,3505,18536,8088300
249,180,157,3977779,3528,18693,8012400
250,190,169,3977589,3549,18862,7922900
251,198,165,3977391,3582,19027,7937300
252,179,180,3977212,3581,19207,8099100
253,214,181,3976998,3614,19388,7977400
254,194,183,3976804,3625,19571,7841700
255,203,202,3976601,3626,19773,8061800
256,216,185,3976385,3657,19958,8168000
257,201,188,3976184,3670,20146,8158200
258,208,193,3975976,3685,20339,7894800
259,200,188,3975776,3697,20527,7794200
260,198,182,3975578,3713,20709,8015800
261,221,198,3975357,3736,20907,8672900
262,204,211,3975153,3729,21118,8937400
263,193,190,3974960,3732,21308,9074600
264,224,187,3974736,3769,21495,8116900
265,206,196,3974530,3779,21691,7910400
266,197,177,3974333,3799,21868,7927700
267,203,196,3974130,3806,22064,8507200
268,211,195,3973919,3822,22259,7891800
269,198,196,3973721,3824,22455,7917200
270,216,178,3973505,3862,22633,8013800
271,253,220,3973252,3895,22853,7838300
272,212,211,3973040,3896,23064,7865100
273,244,201,3972796,3939,23265,7778000
274,248,189,3972548,3998,23454,7747300
275,227,223,3972321,4002,23677,7700900
276,240,219,3972081,4023,23896,7888000
277,231,227,3971850,4027,24123,7978900
278,220,179,3971630,4068,24302,7877500
279,225,219,3971405,4074,24521,7870200
280,230,180,3971175,4124,24701,7856600
281,213,197,3970962,4140,24898,7936000
282,208,187,3970754,4161,25085,7880800
283,216,191,3970538,4186,25276,7883900
284,234,225,3970304,4195,25501,8981400
285,251,209,3970053,4237,25710,7970500
286,226,233,3969827,4230,25943,7985700
287,223,190,3969604,4263,26133,8226400
288,226,245,3969378,4244,26378,7831100
289,221,225,3969157,4240,26603,8028300
290,222,216,3968935,4246,26819,7844700
291,215,219,3968720,4242,27038,8077900
292,217,230,3968503,4229,27268,8183200
293,227,195,3968276,4261,27463,7836400
294,215,229,3968061,4247,27692,7888700
295,205,218,3967856,4234,27910,7773000
296,246,209,3967610,4271,28119,7802200
297,234,202,3967376,4303,28321,7855300
298,246,199,3967130,4350,28520,8076100
299,226,208,3966904,4368,28728,7904300
300,208,220,3966696,4356,28948,7841300
301,245,231,3966451,4370,29179,7909200
302,215,204,3966236,4381,29383,7905100
303,232,224,3966004,4389,29607,7901800
304,223,193,3965781,4419,29800,8024700
305,240,228,3965541,4431,30028,7957200
306,225,204,3965316,4452,30232,7805500
307,228,235,3965088,4445,30467,7691900
308,224,237,3964864,4432,30704,7843000
309,237,240,3964627,4429,30944,7929500
310,239,203,3964388,4465,31147,7835300
311,216,252,3964172,4429,31399,8088100
312,225,216,3963947,4438,31615,8337700
313,270,259,3963677,4449,31874,8024300
314,231,217,3963446,4463,32091,7980100
315,236,209,3963210,4490,32300,7878400
316,237,231,3962973,4496,32531,7905700
317,256,252,3962717,4500,32783,7803500
318,245,218,3962472,4527,33001,7797100
319,283,230,3962189,4580,33231,8281400
320,242,224,3961947,4598,33455,7828900
321,257,214,3961690,4641,33669,7853200
322,237,252,3961453,4626,33921,7650000
323,271,226,3961182,4671,34147,7752100
324,266,236,3960916,4701,34383,7826800
325,246,204,3960670,4743,34587,8276000
326,271,234,3960399,4780,34821,7855200
327,282,232,3960117,4830,35053,7895200
328,254,224,3959863,4860,35277,7882900
329,282,235,3959581,4907,35512,7857900
330,278,250,3959303,4935,35762,7850100
331,271,266,3959032,4940,36028,7827300
332,262,250,3958770,4952,36278,7968600
333,241,244,3958529,4949,36522,8432100
334,274,251,3958255,4972,36773,8210700
335,287,228,3957968,5031,37001,8233300
336,281,262,3957687,5050,37263,8029800
337,291,277,3957396,5064,37540,7829400
338,279,266,3957117,5077,37806,8122100
339,276,251,3956841,5102,38057,8017400
340,289,229,3956552,5162,38286,8193600
341,293,265,3956259,5190,38551,8565700
342,292,235,3955967,5247,38786,8188600
343,264,231,3955703,5280,39017,8129400
344,302,253,3955401,5329,39270,7919700
345,283,267,3955118,5345,39537,7847900
346,290,282,3954828,5353,39819,8084400
347,294,231,3954534,5416,40050,7915100
348,279,253,3954255,5442,40303,7988200
349,263,284,3953992,5421,40587,7907700
350,312,282,3953680,5451,40869,7898700
351,274,277,3953406,5448,41146,7975600
352,275,293,3953131,5430,41439,8087100
353,263,254,3952868,5439,41693,8067200
354,267,268,3952601,5438,41961,8379400
355,251,243,3952350,5446,42204,8204900
356,263,263,3952087,5446,42467,7962100
357,277,261,3951810,5462,42728,8052900
358,282,290,3951528,5454,43018,7878800
359,273,278,3951255,5449,43296,8134400
360,289,266,3950966,5472,43562,8142600
361,293,280,3950673,5485,43842,8025300
362,285,255,3950388,5515,44097,8872700
363,315,251,3950073,5579,44348,7891000
364,253,285,3949820,5547,44633,7800800
365,307,251,3949513,5603,44884,7779200
366,284,304,3949229,5583,45188,8284000
367,267,279,3948962,5571,45467,8663500
368,289,266,3948673,5594,45733,8451000
369,289,295,3948384,5588,46028,8896900
370,298,276,3948086,5610,46304,8197200
371,325,284,3947761,5651,46588,8090700
372,283,270,3947478,5664,46858,8146700
373,284,257,3947194,5691,47115,8507800
374,299,308,3946895,5682,47423,7698600
375,310,290,3946585,5702,47713,7777400
376,295,280,3946290,5717,47993,8021400
377,313,273,3945977,5757,48266,7854400
378,305,268,3945672,5794,48534,7929300
379,312,260,3945360,5846,48794,7876100
380,290,294,3945070,5842,49088,7994600
381,291,295,3944779,5838,49383,8002800
382,283,303,3944496,5818,49686,8041700
383,297,314,3944199,5801,50000,8585500
384,294,296,3943905,5799,50296,7988500
385,250,279,3943655,5770,50575,7834400
386,285,273,3943370,5782,50848,7897500
387,294,247,3943076,5829,51095,7853100
388,299,289,3942777,5839,51384,7806800
389,275,295,3942502,5819,51679,7964000
390,309,266,3942193,5862,51945,8164400
391,312,276,3941881,5898,52221,7906300
392,275,284,3941606,5889,52505,7849500
393,288,311,3941318,5866,52816,7785500
394,301,286,3941017,5881,53102,7844900
395,306,276,3940711,5911,53378,8018700
396,295,305,3940416,5901,53683,7950800
397,289,286,3940127,5904,53969,7997900
398,283,285,3939844,5902,54254,7895100
399,317,316,3939527,5903,54570,7972000
400,327,303,3939200,5927,54873,7956000
401,302,299,3938898,5930,55172,7832100
402,316,282,3938582,5964,55454,7937400
403,301,306,3938281,5959,55760,7909500
404,287,316,3937994,5930,56076,8114300
405,277,305,3937717,5902,56381,8257900
406,317,312,3937400,5907,56693,8012000
407,325,285,3937075,5947,56978,7836600
408,321,330,3936754,5938,57308,7833000
409,322,305,3936432,5955,57613,7902000
410,331,298,3936101,5988,57911,7943900
411,296,306,3935805,5978,58217,7850300
412,308,279,3935497,6007,58496,8398700
413,354,300,3935143,6061,58796,7966300
414,304,321,3934839,6044,59117,7957400
415,315,280,3934524,6079,59397,7902700
416,310,305,3934214,6084,59702,7867600
417,327,285,3933887,6126,59987,7964200
418,331,313,3933556,6144,60300,7865300
419,324,339,3933232,6129,60639,8025200
420,339,280,3932893,6188,60919,7935500
421,320,267,3932573,6241,61186,8008800
422,327,318,3932246,6250,61504,8226900
423,321,318,3931925,6253,61822,7766800
424,291,318,3931634,6226,62140,7794600
425,313,312,3931321,6227,62452,8018900
426,305,298,3931016,6234,62750,8133000
427,334,310,3930682,6258,63060,8401400
428,322,330,3930360,6250,63390,8125800
429,354,296,3930006,6308,63686,7971500
430,319,304,3929687,6323,63990,8004700
431,322,322,3929365,6323,64312,7974100
432,337,316,3929028,6344,64628,7962500
433,324,313,3928704,6355,64941,8014500
434,303,267,3928401,6391,65208,7917800
435,331,298,3928070,6424,65506,7988800
436,344,331,3927726,6437,65837,7869900
437,313,298,3927413,6452,66135,7865900
438,307,323,3927106,6436,66458,8008300
439,329,349,3926777,6416,66807,7955100
440,329,328,3926448,6417,67135,8058900
441,317,299,3926131,6435,67434,8112700
442,328,347,3925803,6416,67781,8762800
443,326,316,3925477,6426,68097,8266500
444,313,320,3925164,6419,68417,8143000
445,351,333,3924813,6437,68750,8015000
446,309,332,3924504,6414,69082,7848900
447,315,319,3924189,6410,69401,8312900
448,333,325,3923856,6418,69726,8033900
449,340,303,3923516,6455,70029,7914000
450,344,351,3923172,6448,70380,8000800
451,350,338,3922822,6460,70718,8478600
452,343,320,3922479,6483,71038,7992800
453,361,324,3922118,6520,71362,7806500
454,342,320,3921776,6542,71682,7886800
455,364,371,3921412,6535,72053,7899900
456,356,298,3921056,6593,72351,7841000
457,343,323,3920713,6613,72674,7892300
458,328,336,3920385,6605,73010,8013400
459,353,320,3920032,6638,73330,8272900
460,355,334,3919677,6659,73664,8089000
461,355,324,3919322,6690,73988,8125800
462,315,331,3919007,6674,74319,8071700
463,371,340,3918636,6705,74659,7939100
464,329,333,3918307,6701,74992,8067700
465,337,355,3917970,6683,75347,7905600
466,381,349,3917589,6715,75696,7886500
467,392,325,3917197,6782,76021,8253600
468,336,337,3916861,6781,76358,7926500
469,383,314,3916478,6850,76672,8072300
470,340,328,3916138,6862,77000,8156400
471,380,319,3915758,6923,77319,8211400
472,340,346,3915418,6917,77665,8806900
473,382,359,3915036,6940,78024,8049800
474,330,325,3914706,6945,78349,8250600
475,354,337,3914352,6962,78686,8655900
476,381,308,3913971,7035,78994,8388200
477,366,350,3913605,7051,79344,8297900
478,364,331,3913241,7084,79675,8106300
479,392,333,3912849,7143,80008,8236200
480,404,361,3912445,7186,80369,8656300
481,388,349,3912057,7225,80718,8159400
482,411,362,3911646,7274,81080,8117600
483,401,363,3911245,7312,81443,8062100
484,411,385,3910834,7338,81828,7977000
485,403,382,3910431,7359,82210,8016700
486,395,361,3910036,7393,82571,8042200
487,390,343,3909646,7440,82914,8125500
488,407,390,3909239,7457,83304,8020500
489,380,386,3908859,7451,83690,7875900
490,367,400,3908492,7418,84090,8503200
491,389,367,3908103,7440,84457,7937500
492,385,371,3907718,7454,84828,7930200
493,350,366,3907368,7438,85194,8173300
494,392,383,3906976,7447,85577,7956600
495,419,377,3906557,7489,85954,7759300
496,394,373,3906163,7510,86327,7731500
497,413,402,3905750,7521,86729,8104800
498,348,364,3905402,7505,87093,7991600
499,376,400,3905026,7481,87493,7815900
500,392,354,3904634,7519,87847,7897700
501,360,394,3904274,7485,88241,7814600
502,420,353,3903854,7552,88594,7992700
503,402,400,3903452,7554,88994,7959400
504,410,366,3903042,7598,89360,8178700
505,400,395,3902642,7603,89755,8381000
506,423,368,3902219,7658,90123,8023600
507,385,393,3901834,7650,90516,7930600
508,390,421,3901444,7619,90937,7883300
509,416,410,3901028,7625,91347,7980800
510,395,343,3900633,7677,91690,7865100
511,414,367,3900219,7724,92057,8086000
512,410,383,3899809,7751,92440,8152200
513,433,365,3899376,7819,92805,7847400
514,406,402,3898970,7823,93207,7897000
515,410,399,3898560,7834,93606,8165100
516,406,376,3898154,7864,93982,7847900
517,429,390,3897725,7903,94372,7839400
518,389,365,3897336,7927,94737,7882000
519,409,401,3896927,7935,95138,8089300
520,369,374,3896558,7930,95512,8207100
521,420,402,3896138,7948,95914,7915400
522,364,389,3895774,7923,96303,7848700
523,421,393,3895353,7951,96696,7896400
524,387,385,3894966,7953,97081,7856400
525,407,417,3894559,7943,97498,7889800
526,378,404,3894181,7917,97902,8053800
527,389,382,3893792,7924,98284,8152300
528,374,416,3893418,7882,98700,7821500
529,420,401,3892998,7901,99101,7782400
530,424,359,3892574,7966,99460,7849600
531,389,429,3892185,7926,99889,7857500
532,406,394,3891779,7938,100283,8108600
533,383,405,3891396,7916,100688,8036000
534,402,419,3890994,7899,101107,8112900
535,418,373,3890576,7944,101480,7857100
536,423,397,3890153,7970,101877,7912800
537,393,365,3889760,7998,102242,7960300
538,397,401,3889363,7994,102643,7965500
539,414,392,3888949,8016,103035,8103200
540,429,386,3888520,8059,103421,7952600
541,410,396,3888110,8073,103817,7960700
542,425,400,3887685,8098,104217,7953300
543,430,438,3887255,8090,104655,7854100
544,383,415,3886872,8058,105070,7836800
545,413,429,3886459,8042,105499,8136500
546,397,398,3886062,8041,105897,7920600
547,438,377,3885624,8102,106274,7911500
548,431,422,3885193,8111,106696,8243900
549,416,413,3884777,8114,107109,8733200
550,419,404,3884358,8129,107513,8213600
551,402,414,3883956,8117,107927,8205300
552,396,389,3883560,8124,108316,8156500
553,394,404,3883166,8114,108720,7966400
554,459,403,3882707,8170,109123,7808300
555,401,440,3882306,8131,109563,7889300
556,422,393,3881884,8160,109956,7800800
557,394,369,3881490,8185,110325,7950300
558,432,406,3881058,8211,110731,7777800
559,407,405,3880651,8213,111136,8125300
560,432,391,3880219,8254,111527,7891700
561,420,447,3879799,8227,111974,7845300
562,411,421,3879388,8217,112395,7935000
563,412,408,3878976,8221,112803,7892100
564,453,408,3878523,8266,113211,7853100
565,456,387,3878067,8335,113598,7893600
566,433,433,3877634,8335,114031,7940500
567,449,413,3877185,8371,114444,8053900
568,436,426,3876749,8381,114870,7991400
569,474,386,3876275,8469,115256,8052600
570,483,451,3875792,8501,115707,8471700
571,463,430,3875329,8534,116137,8215000
572,491,434,3874838,8591,116571,8067100
573,464,450,3874374,8605,117021,8013200
574,442,429,3873932,8618,117450,7828600
575,435,424,3873497,8629,117874,7891800
576,446,449,3873051,8626,118323,7906000
577,441,436,3872610,8631,118759,8165900
578,418,441,3872192,8608,119200,8222700
579,477,421,3871715,8664,119621,7958700
580,437,438,3871278,8663,120059,7959400
581,471,439,3870807,8695,120498,7908500
582,441,403,3870366,8733,120901,8425400
583,442,426,3869924,8749,121327,8142200
584,439,444,3869485,8744,121771,8323700
585,441,408,3869044,8777,122179,8531900
586,435,447,3868609,8765,122626,8202500
587,460,446,3868149,8779,123072,8026600
588,476,455,3867673,8800,123527,8802900
589,446,403,3867227,8843,123930,7856000
590,476,454,3866751,8865,124384,7950600
591,481,436,3866270,8910,124820,8553300
592,468,485,3865802,8893,125305,8190700
593,490,470,3865312,8913,125775,8008300
594,458,442,3864854,8929,126217,7837400
595,471,453,3864383,8947,126670,7989800
596,452,475,3863931,8924,127145,7974900
597,474,474,3863457,8924,127619,7976900
598,442,446,3863015,8920,128065,7809400
599,496,433,3862519,8983,128498,8266200
600,463,409,3862056,9037,128907,8040200
601,454,457,3861602,9034,129364,7748500
602,485,471,3861117,9048,129835,7854500
603,500,433,3860617,9115,130268,7845800
604,492,451,3860125,9156,130719,8094900
605,444,466,3859681,9134,131185,8553300
606,478,420,3859203,9192,131605,8218200
607,459,452,3858744,9199,132057,8105200
608,493,470,3858251,9222,132527,8033700
609,470,481,3857781,9211,133008,7966900
610,517,433,3857264,9295,133441,8250100
611,505,464,3856759,9336,133905,8157700
612,472,444,3856287,9364,134349,8236600
613,521,480,3855766,9405,134829,8217800
614,509,471,3855257,9443,135300,7979200
615,506,482,3854751,9467,135782,8010000
616,494,504,3854257,9457,136286,8063600
617,491,502,3853766,9446,136788,8109700
618,525,504,3853241,9467,137292,8116600
619,464,473,3852777,9458,137765,8115400
620,456,472,3852321,9442,138237,8136800
621,505,473,3851816,9474,138710,8230500
622,452,523,3851364,9403,139233,8169900
623,468,480,3850896,9391,139713,8180700
624,458,467,3850438,9382,140180,7989100
625,469,465,3849969,9386,140645,8080100
626,522,479,3849447,9429,141124,8063500
627,521,476,3848926,9474,141600,8212000
628,499,497,3848427,9476,142097,8009400
629,513,506,3847914,9483,142603,8115600
630,496,447,3847418,9532,143050,7917400
631,521,461,3846897,9592,143511,7875300
632,501,479,3846396,9614,143990,7899300
633,511,465,3845885,9660,144455,7991600
634,525,456,3845360,9729,144911,8227500
635,527,489,3844833,9767,145400,8511300
636,517,485,3844316,9799,145885,8142600
637,514,519,3843802,9794,146404,7910000
638,540,433,3843262,9901,146837,7834700
639,496,498,3842766,9899,147335,8059100
640,542,496,3842224,9945,147831,8002200
641,551,521,3841673,9975,148352,7898000
642,504,531,3841169,9948,148883,8647000
643,509,509,3840660,9948,149392,8010300
644,557,520,3840103,9985,149912,7931200
645,532,483,3839571,10034,150395,7950900
646,543,430,3839028,10147,150825,7838100
647,508,544,3838520,10111,151369,8101800
648,485,497,3838035,10099,151866,8141700
649,483,442,3837552,10140,152308,8005000
650,508,510,3837044,10138,152818,8135900
651,518,461,3836526,10195,153279,7927200
652,528,499,3835998,10224,153778,7813700
653,504,512,3835494,10216,154290,7922600
654,553,492,3834941,10277,154782,7865200
655,526,489,3834415,10314,155271,7913700
656,502,506,3833913,10310,155777,8033500
657,544,547,3833369,10307,156324,8256100
658,535,583,3832834,10259,156907,7897600
659,468,530,3832366,10197,157437,8291000
660,489,489,3831877,10197,157926,8151700
661,503,476,3831374,10224,158402,8239400
662,502,507,3830872,10219,158909,8242600
663,556,496,3830316,10279,159405,8100200
664,506,498,3829810,10287,159903,8019500
665,534,572,3829276,10249,160475,7867600
666,530,496,3828746,10283,160971,8090300
667,531,491,3828215,10323,161462,7835700
668,529,520,3827686,10332,161982,7767300
669,536,506,3827150,10362,162488,8216500
670,505,555,3826645,10312,163043,7899100
671,536,502,3826109,10346,163545,8186400
672,525,524,3825584,10347,164069,8000700
673,512,520,3825072,10339,164589,7997600
674,526,531,3824546,10334,165120,7856900
675,511,484,3824035,10361,165604,7881100
676,542,510,3823493,10393,166114,7986900
677,542,526,3822951,10409,166640,7846900
678,527,549,3822424,10387,167189,8018800
679,551,534,3821873,10404,167723,8077700
680,533,561,3821340,10376,168284,8161800
681,542,487,3820798,10431,168771,7973600
682,536,528,3820262,10439,169299,7983100
683,519,536,3819743,10422,169835,7933800
684,533,522,3819210,10433,170357,7737700
685,536,513,3818674,10456,170870,8045900
686,513,528,3818161,10441,171398,8101100
687,524,511,3817637,10454,171909,7988900
688,566,528,3817071,10492,172437,7966200
689,535,539,3816536,10488,172976,7938600
690,537,512,3815999,10513,173488,8274700
691,536,494,3815463,10555,173982,8226900
692,546,509,3814917,10592,174491,8289900
693,568,523,3814349,10637,175014,8535300
694,563,533,3813786,10667,175547,8313200
695,529,512,3813257,10684,176059,8187900
696,537,541,3812720,10680,176600,8192900
697,552,530,3812168,10702,177130,8146500
698,546,520,3811622,10728,177650,8085700
699,559,529,3811063,10758,178179,7840800
700,590,572,3810473,10776,178751,8195500
701,576,540,3809897,10812,179291,8035400
702,578,550,3809319,10840,179841,7964200
703,557,522,3808762,10875,180363,7985200
704,556,577,3808206,10854,180940,8013100
705,534,534,3807672,10854,181474,8364900
706,537,503,3807135,10888,181977,8036400
707,519,547,3806616,10860,182524,8219400
708,584,536,3806032,10908,183060,8085000
709,561,527,3805471,10942,183587,8424200
710,548,568,3804923,10922,184155,8311200
711,532,519,3804391,10935,184674,8028300
712,538,567,3803853,10906,185241,8279100
713,564,569,3803289,10901,185810,7887300
714,548,505,3802741,10944,186315,7793300
715,540,545,3802201,10939,186860,8393600
716,534,550,3801667,10923,187410,7980900
717,509,552,3801158,10880,187962,7880300
718,582,541,3800576,10921,188503,7786900
719,507,491,3800069,10937,188994,7859800
720,592,572,3799477,10957,189566,7932200
721,570,542,3798907,10985,190108,7858500
722,544,552,3798363,10977,190660,7921000
723,554,520,3797809,11011,191180,7946400
724,554,548,3797255,11017,191728,8076200
725,564,564,3796691,11017,192292,7938100
726,535,544,3796156,11008,192836,7852400
727,575,596,3795581,10987,193432,7897600
728,580,548,3795001,11019,193980,7834600
729,534,558,3794467,10995,194538,8001100
730,540,544,3793927,10991,195082,8014000
731,545,547,3793382,10989,195629,8032700
732,568,532,3792814,11025,196161,7915300
733,567,591,3792247,11001,196752,7760500
734,572,535,3791675,11038,197287,7799900
735,541,553,3791134,11026,197840,7927300
736,607,529,3790527,11104,198369,8144400
737,572,543,3789955,11133,198912,8046400
738,555,554,3789400,11134,199466,8189000
739,569,561,3788831,11142,200027,7964200
740,555,547,3788276,11150,200574,8144000
741,566,573,3787710,11143,201147,8219100
742,603,606,3787107,11140,201753,8112100
743,575,552,3786532,11163,202305,8221200
744,563,520,3785969,11206,202825,8192200
745,543,605,3785426,11144,203430,8216900
746,563,526,3784863,11181,203956,8370000
747,568,596,3784295,11153,204552,8055600
748,578,580,3783717,11151,205132,8564800
749,565,572,3783152,11144,205704,8137100
750,576,550,3782576,11170,206254,8122100
751,574,560,3782002,11184,206814,8253200
752,592,582,3781410,11194,207396,8367200
753,580,544,3780830,11230,207940,8045400
754,600,555,3780230,11275,208495,8247300
755,576,570,3779654,11281,209065,8397900
756,541,562,3779113,11260,209627,8034500
757,577,562,3778536,11275,210189,8061700
758,604,573,3777932,11306,210762,7944200
759,604,543,3777328,11367,211305,8202600
760,551,541,3776777,11377,211846,8355700
761,561,564,3776216,11374,212410,8077200
762,592,570,3775624,11396,212980,7942000
763,615,550,3775009,11461,213530,8093300
764,577,568,3774432,11470,214098,8134200
765,611,575,3773821,11506,214673,8382400
766,666,601,3773155,11571,215274,7997600
767,612,592,3772543,11591,215866,7821400
768,612,554,3771931,11649,216420,7850800
769,591,568,3771340,11672,216988,7791500
770,617,586,3770723,11703,217574,8242100
771,604,560,3770119,11747,218134,8238700
772,634,584,3769485,11797,218718,8165500
773,639,559,3768846,11877,219277,8171000
774,586,635,3768260,11828,219912,8218600
775,609,566,3767651,11871,220478,8033500
776,607,594,3767044,11884,221072,7884300
777,612,579,3766432,11917,221651,8230700
778,598,580,3765834,11935,222231,7977000
779,642,610,3765192,11967,222841,7955000
780,602,614,3764590,11955,223455,8031800
781,589,605,3764001,11939,224060,8207300
782,614,587,3763387,11966,224647,8414800
783,634,622,3762753,11978,225269,8121200
784,657,585,3762096,12050,225854,8083400
785,635,587,3761461,12098,226441,8032100
786,600,584,3760861,12114,227025,7894700
787,610,620,3760251,12104,227645,8527000
788,615,582,3759636,12137,228227,8199500
789,618,603,3759018,12152,228830,8128400
790,614,598,3758404,12168,229428,8017600
791,643,615,3757761,12196,230043,8165400
792,605,589,3757156,12212,230632,8021600
793,651,620,3756505,12243,231252,7948600
794,592,601,3755913,12234,231853,8271400
795,629,617,3755284,12246,232470,8008100
796,646,614,3754638,12278,233084,8449200
797,631,605,3754007,12304,233689,8010800
798,624,595,3753383,12333,234284,7967100
799,612,615,3752771,12330,234899,7888100
800,661,577,3752110,12414,235476,8290500
801,642,679,3751468,12377,236155,8831300
802,609,603,3750859,12383,236758,8322900
803,620,608,3750239,12395,237366,8560000
804,632,593,3749607,12434,237959,8409400
805,652,591,3748955,12495,238550,8049800
806,602,680,3748353,12417,239230,8281700
807,623,657,3747730,12383,239887,8015600
808,628,634,3747102,12377,240521,7777200
809,614,592,3746488,12399,241113,7848200
810,661,630,3745827,12430,241743,8126900
811,604,635,3745223,12399,242378,8006700
812,608,653,3744615,12354,243031,8083500
813,604,575,3744011,12383,243606,7937200
814,616,622,3743395,12377,244228,7939500
815,558,631,3742837,12304,244859,7889200
816,621,657,3742216,12268,245516,7964900
817,615,656,3741601,12227,246172,8222800
818,615,650,3740986,12192,246822,8034100
819,604,591,3740382,12205,247413,8107000
820,649,584,3739733,12270,247997,8082900
821,606,612,3739127,12264,248609,7997300
822,653,596,3738474,12321,249205,7961900
823,645,620,3737829,12346,249825,7894400
824,606,650,3737223,12302,250475,7951600
825,632,581,3736591,12353,251056,8063900
826,616,627,3735975,12342,251683,8335500
827,607,622,3735368,12327,252305,8075500
828,638,678,3734730,12287,252983,8014500
829,614,658,3734116,12243,253641,7956500
830,633,634,3733483,12242,254275,8237700
831,605,616,3732878,12231,254891,8040700
832,641,672,3732237,12200,255563,7967500
833,616,611,3731621,12205,256174,8128000
834,636,600,3730985,12241,256774,8544500
835,671,612,3730314,12300,257386,7951800
836,614,605,3729700,12309,257991,8061100
837,657,666,3729043,12300,258657,7957100
838,626,632,3728417,12294,259289,8079500
839,624,631,3727793,12287,259920,8029000
840,610,597,3727183,12300,260517,8245100
841,620,613,3726563,12307,261130,8200000
842,621,599,3725942,12329,261729,8026600
843,616,554,3725326,12391,262283,8061700
844,628,628,3724698,12391,262911,8044900
845,683,631,3724015,12443,263542,8047100
846,610,645,3723405,12408,264187,13653100
847,640,602,3722765,12446,264789,8086500
848,659,638,3722106,12467,265427,7989600
849,652,613,3721454,12506,266040,8039600
850,620,631,3720834,12495,266671,7976200
851,609,617,3720225,12487,267288,8067400
852,652,636,3719573,12503,267924,7979400
853,683,627,3718890,12559,268551,8031000
854,643,610,3718247,12592,269161,8291700
855,664,636,3717583,12620,269797,8367700
856,654,613,3716929,12661,270410,8112100
857,642,621,3716287,12682,271031,7984800
858,667,605,3715620,12744,271636,7974900
859,631,667,3714989,12708,272303,7841500
860,661,654,3714328,12715,272957,8076500
861,643,665,3713685,12693,273622,8098700
862,641,620,3713044,12714,274242,8153400
863,676,649,3712368,12741,274891,8141600
864,689,670,3711679,12760,275561,7883200
865,619,651,3711060,12728,276212,7952700
866,610,658,3710450,12680,276870,7993100
867,648,651,3709802,12677,277521,7983600
868,661,607,3709141,12731,278128,8455300
869,686,655,3708455,12762,278783,8113300
870,648,639,3707807,12771,279422,8136400
871,702,628,3707105,12845,280050,7926600
872,648,632,3706457,12861,280682,7941200
873,656,660,3705801,12857,281342,7875700
874,666,640,3705135,12883,281982,7874400
875,631,646,3704504,12868,282628,7921500
876,603,628,3703901,12843,283256,8305800
877,670,602,3703231,12911,283858,8287800
878,644,641,3702587,12914,284499,8284400
879,659,628,3701928,12945,285127,8281800
880,687,626,3701241,13006,285753,8292800
881,701,698,3700540,13009,286451,8155900
882,661,650,3699879,13020,287101,8510200
883,665,651,3699214,13034,287752,8960100
884,662,622,3698552,13074,288374,8986600
885,703,619,3697849,13158,288993,8445300
886,672,650,3697177,13180,289643,8214500
887,731,667,3696446,13244,290310,8140100
888,710,634,3695736,13320,290944,8186500
889,699,680,3695037,13339,291624,8117800
890,654,669,3694383,13324,292293,7986500
891,679,631,3693704,13372,292924,8294900
892,706,702,3692998,13376,293626,8062100
893,742,660,3692256,13458,294286,8131900
894,703,670,3691553,13491,294956,8447000
895,690,705,3690863,13476,295661,8406800
896,720,667,3690143,13529,296328,8071600
897,680,671,3689463,13538,296999,8149200
898,670,642,3688793,13566,297641,8296500
899,715,670,3688078,13611,298311,8071600
900,741,697,3687337,13655,299008,8034100
901,668,715,3686669,13608,299723,7873400
902,661,691,3686008,13578,300414,8016600
903,667,700,3685341,13545,301114,7852000
904,715,687,3684626,13573,301801,7840400
905,706,646,3683920,13633,302447,7783300
906,672,649,3683248,13656,303096,8144300
907,730,667,3682518,13719,303763,7949700
908,681,706,3681837,13694,304469,7828200
909,690,693,3681147,13691,305162,7864600
910,724,676,3680423,13739,305838,8306300
911,713,675,3679710,13777,306513,8527100
912,744,737,3678966,13784,307250,8309300
913,703,670,3678263,13817,307920,8919600
914,653,706,3677610,13764,308626,8311200
915,665,674,3676945,13755,309300,8064200
916,699,658,3676246,13796,309958,8093000
917,676,675,3675570,13797,310633,7979700
918,700,688,3674870,13809,311321,7996900
919,737,649,3674133,13897,311970,7794800
920,693,665,3673440,13925,312635,7790100
921,735,714,3672705,13946,313349,7989500
922,694,702,3672011,13938,314051,7996700
923,730,691,3671281,13977,314742,7910400
924,708,663,3670573,14022,315405,8016800
925,712,707,3669861,14027,316112,7992800
926,702,695,3669159,14034,316807,8018500
927,685,696,3668474,14023,317503,8025000
928,704,719,3667770,14008,318222,8131100
929,732,726,3667038,14014,318948,8347600
930,711,722,3666327,14003,319670,8162000
931,679,649,3665648,14033,320319,7877400
932,680,745,3664968,13968,321064,7888100
933,676,707,3664292,13937,321771,8062000
934,674,730,3663618,13881,322501,8071900
935,645,738,3662973,13788,323239,8386300
936,708,699,3662265,13797,323938,8431800
937,672,740,3661593,13729,324678,8270300
938,682,659,3660911,13752,325337,8064100
939,654,707,3660257,13699,326044,7942100
940,637,692,3659620,13644,326736,7924600
941,667,715,3658953,13596,327451,8444000
942,683,679,3658270,13600,328130,7907400
943,710,662,3657560,13648,328792,8173400
944,650,688,3656910,13610,329480,7949100
945,719,703,3656191,13626,330183,7903200
946,693,651,3655498,13668,330834,8433300
947,678,688,3654820,13658,331522,7940400
948,694,703,3654126,13649,332225,7993900
949,687,645,3653439,13691,332870,7996000
950,697,716,3652742,13672,333586,8032100
951,723,686,3652019,13709,334272,8105400
952,681,649,3651338,13741,334921,8009800
953,677,704,3650661,13714,335625,8002100
954,696,693,3649965,13717,336318,7952500
955,708,697,3649257,13728,337015,8114700
956,722,671,3648535,13779,337686,7951200
957,695,737,3647840,13737,338423,7938400
958,705,728,3647135,13714,339151,8208500
959,675,710,3646460,13679,339861,8089300
960,682,731,3645778,13630,340592,8600900
961,747,703,3645031,13674,341295,8199700
962,730,669,3644301,13735,341964,8318100
963,721,691,3643580,13765,342655,8073000
964,754,667,3642826,13852,343322,8072000
965,733,678,3642093,13907,344000,8002600
966,707,672,3641386,13942,344672,8088800
967,646,695,3640740,13893,345367,8072600
968,735,685,3640005,13943,346052,7964900
969,767,657,3639238,14053,346709,8107100
970,737,680,3638501,14110,347389,7992700
971,711,709,3637790,14112,348098,7909400
972,768,725,3637022,14155,348823,7908900
973,719,692,3636303,14182,349515,8073700
974,733,726,3635570,14189,350241,8072300
975,776,691,3634794,14274,350932,7916100
976,738,715,3634056,14297,351647,8411800
977,769,737,3633287,14329,352384,8009400
978,704,762,3632583,14271,353146,8005900
979,712,726,3631871,14257,353872,7958700
980,718,716,3631153,14259,354588,8345500
981,733,738,3630420,14254,355326,8081800
982,711,722,3629709,14243,356048,8001600
983,750,674,3628959,14319,356722,8100700
984,734,741,3628225,14312,357463,7954700
985,755,795,3627470,14272,358258,8175700
986,744,685,3626726,14331,358943,7965300
987,744,706,3625982,14369,359649,8178800
988,764,700,3625218,14433,360349,8192800
989,720,728,3624498,14425,361077,8188500
990,726,790,3623772,14361,361867,8092300
991,729,710,3623043,14380,362577,7879500
992,719,718,3622324,14381,363295,7974100
993,728,745,3621596,14364,364040,7945400
994,776,667,3620820,14473,364707,8301600
995,736,719,3620084,14490,365426,8900800
996,725,687,3619359,14528,366113,9066000
997,772,753,3618587,14547,366866,8154900
998,778,748,3617809,14577,367614,8071000
999,766,755,3617043,14588,368369,7909200
1000,820,711,3616223,14697,369080,8757200
1001,736,732,3615487,14701,369812,7905600
1002,739,763,3614748,14677,370575,7960700
1003,761,741,3613987,14697,371316,8093900
1004,750,730,3613237,14717,372046,8027500
1005,747,755,3612490,14709,372801,7896000
1006,721,675,3611769,14755,373476,7924700
1007,755,667,3611014,14843,374143,8047100
1008,728,728,3610286,14843,374871,8066800
1009,718,741,3609568,14820,375612,8068500
1010,717,738,3608851,14799,376350,8152400
1011,774,710,3608077,14863,377060,8149400
1012,701,748,3607376,14816,377808,8262800
1013,764,733,3606612,14847,378541,8112300
1014,771,722,3605841,14896,379263,8172900
1015,784,738,3605057,14942,380001,8121000
1016,769,762,3604288,14949,380763,8162600
1017,761,748,3603527,14962,381511,8228700
1018,724,732,3602803,14954,382243,8624600
1019,753,740,3602050,14967,382983,8040400
1020,717,767,3601333,14917,383750,8104900
1021,756,760,3600577,14913,384510,8464300
1022,775,771,3599802,14917,385281,8822000
1023,726,748,3599076,14895,386029,8392500
1024,786,752,3598290,14929,386781,8839700
1025,761,784,3597529,14906,387565,8859900
1026,719,766,3596810,14859,388331,8627100
1027,768,724,3596042,14903,389055,8470000
1028,771,715,3595271,14959,389770,8529000
1029,747,777,3594524,14929,390547,8244300
1030,752,781,3593772,14900,391328,8849000
1031,774,755,3592998,14919,392083,8380800
1032,709,714,3592289,14914,392797,8509900
1033,738,743,3591551,14909,393540,8081400
1034,720,707,3590831,14922,394247,8113100
1035,760,759,3590071,14923,395006,8260300
1036,758,768,3589313,14913,395774,7983000
1037,773,696,3588540,14990,396470,8025700
1038,717,735,3587823,14972,397205,8056300
1039,754,784,3587069,14942,397989,8765800
1040,748,733,3586321,14957,398722,8073200
1041,759,770,3585562,14946,399492,7795600
1042,744,735,3584818,14955,400227,7955800
1043,688,695,3584130,14948,400922,7926600
1044,754,770,3583376,14932,401692,7938500
1045,769,711,3582607,14990,402403,8267800
1046,757,720,3581850,15027,403123,7948500
1047,783,734,3581067,15076,403857,8092300
1048,719,777,3580348,15018,404634,7872600
1049,788,746,3579560,15060,405380,7844900
1050,765,742,3578795,15083,406122,7890500
1051,747,732,3578048,15098,406854,7994200
1052,778,745,3577270,15131,407599,8134300
1053,752,759,3576518,15124,408358,8419100
1054,769,758,3575749,15135,409116,8208100
1055,754,767,3574995,15122,409883,8174500
1056,785,765,3574210,15142,410648,8207400
1057,737,788,3573473,15091,411436,7901600
1058,769,776,3572704,15084,412212,7984000
1059,721,723,3571983,15082,412935,8008600
1060,737,737,3571246,15082,413672,8037800
1061,802,718,3570444,15166,414390,7958800
1062,753,774,3569691,15145,415164,8050600
1063,773,735,3568918,15183,415899,8306000
1064,803,747,3568115,15239,416646,7999700
1065,803,741,3567312,15301,417387,7982100
1066,747,775,3566565,15273,418162,8046300
1067,779,769,3565786,15283,418931,8027300
1068,786,760,3565000,15309,419691,7987500
1069,772,755,3564228,15326,420446,8030100
1070,789,767,3563439,15348,421213,8205800
1071,757,753,3562682,15352,421966,7993100
1072,769,711,3561913,15410,422677,8029800
1073,811,754,3561102,15467,423431,7972400
1074,772,728,3560330,15511,424159,7942300
1075,779,800,3559551,15490,424959,7942500
1076,795,844,3558756,15441,425803,8005100
1077,748,729,3558008,15460,426532,8019200
1078,754,755,3557254,15459,427287,8022100
1079,790,770,3556464,15479,428057,7965100
1080,765,796,3555699,15448,428853,7885900
1081,795,713,3554904,15530,429566,7997500
1082,823,769,3554081,15584,430335,7893100
1083,800,791,3553281,15593,431126,8504200
1084,799,777,3552482,15615,431903,7919000
1085,822,825,3551660,15612,432728,8253200
1086,760,807,3550900,15565,433535,8036800
1087,774,782,3550126,15557,434317,7948700
1088,781,780,3549345,15558,435097,7938800
1089,790,753,3548555,15595,435850,8043000
1090,795,749,3547760,15641,436599,7903800
1091,763,848,3546997,15556,437447,7927000
1092,776,781,3546221,15551,438228,7886400
1093,785,791,3545436,15545,439019,8142900
1094,770,816,3544666,15499,439835,8187100
1095,772,808,3543894,15463,440643,8045600
1096,759,755,3543135,15467,441398,8077100
1097,774,799,3542361,15442,442197,8172400
1098,756,770,3541605,15428,442967,8275400
1099,771,829,3540834,15370,443796,7905600
1100,745,754,3540089,15361,444550,8032400
1101,744,747,3539345,15358,445297,7996000
1102,723,773,3538622,15308,446070,8063000
1103,755,823,3537867,15240,446893,7998400
1104,785,754,3537082,15271,447647,7867600
1105,760,833,3536322,15198,448480,7954200
1106,697,710,3535625,15185,449190,7882900
1107,763,734,3534862,15214,449924,7976300
1108,725,756,3534137,15183,450680,8337800
1109,762,777,3533375,15168,451457,8078100
1110,795,756,3532580,15207,452213,8364000
1111,773,754,3531807,15226,452967,8097400
1112,773,768,3531034,15231,453735,7975500
1113,750,776,3530284,15205,454511,8236900
1114,849,800,3529435,15254,455311,7880100
1115,737,740,3528698,15251,456051,8162900
1116,746,839,3527952,15158,456890,7919600
1117,775,756,3527177,15177,457646,7878600
1118,781,770,3526396,15188,458416,7857000
1119,706,773,3525690,15121,459189,7892600
1120,752,780,3524938,15093,459969,8080200
1121,735,769,3524203,15059,460738,7970500
1122,775,737,3523428,15097,461475,7954700
1123,764,758,3522664,15103,462233,8355900
1124,811,738,3521853,15176,462971,8424200
1125,767,756,3521086,15187,463727,8181000
1126,807,751,3520279,15243,464478,8035300
1127,774,744,3519505,15273,465222,8281600
1128,774,753,3518731,15294,465975,8236400
1129,817,794,3517914,15317,466769,8173400
1130,795,781,3517119,15331,467550,8503900
1131,773,816,3516346,15288,468366,8310700
1132,830,721,3515516,15397,469087,7990300
1133,791,736,3514725,15452,469823,8573600
1134,790,773,3513935,15469,470596,7979100
1135,797,758,3513138,15508,471354,8215100
1136,844,782,3512294,15570,472136,8312900
1137,793,763,3511501,15600,472899,8317500
1138,785,798,3510716,15587,473697,8890300
1139,845,780,3509871,15652,474477,8278800
1140,851,815,3509020,15688,475292,8239500
1141,810,748,3508210,15750,476040,8060700
1142,810,814,3507400,15746,476854,8263800
1143,786,746,3506614,15786,477600,8310000
1144,821,759,3505793,15848,478359,7912400
1145,833,820,3504960,15861,479179,8080100
1146,772,810,3504188,15823,479989,8047100
1147,792,770,3503396,15845,480759,8388100
1148,821,803,3502575,15863,481562,7896200
1149,833,816,3501742,15880,482378,7913600
1150,790,781,3500952,15889,483159,7929100
1151,805,764,3500147,15930,483923,7909100
1152,834,854,3499313,15910,484777,7983500
1153,866,794,3498447,15982,485571,8178600
1154,858,805,3497589,16035,486376,8144800
1155,802,834,3496787,16003,487210,8219100
1156,840,804,3495947,16039,488014,8208400
1157,788,786,3495159,16041,488800,8227600
1158,870,819,3494289,16092,489619,8277200
1159,837,818,3493452,16111,490437,8039000
1160,827,836,3492625,16102,491273,8262800
1161,889,765,3491736,16226,492038,8349200
1162,849,803,3490887,16272,492841,8531900
1163,834,797,3490053,16309,493638,8191900
1164,775,801,3489278,16283,494439,8209900
1165,821,809,3488457,16295,495248,8102900
1166,812,788,3487645,16319,496036,8171000
1167,841,825,3486804,16335,496861,8115100
1168,800,812,3486004,16323,497673,8118800
1169,818,849,3485186,16292,498522,8233200
1170,826,858,3484360,16260,499380,8294400
1171,814,818,3483546,16256,500198,8167400
1172,840,829,3482706,16267,501027,8229500
1173,779,814,3481927,16232,501841,8148600
1174,816,837,3481111,16211,502678,8013400
1175,828,844,3480283,16195,503522,8472000
1176,868,818,3479415,16245,504340,8212700
1177,827,836,3478588,16236,505176,7950400
1178,802,789,3477786,16249,505965,8063500
1179,813,805,3476973,16257,506770,8037300
1180,839,766,3476134,16330,507536,8016500
1181,809,816,3475325,16323,508352,8021800
1182,872,821,3474453,16374,509173,7882800
1183,813,830,3473640,16357,510003,8209600
1184,825,809,3472815,16373,510812,8071500
1185,799,812,3472016,16360,511624,7951000
1186,818,815,3471198,16363,512439,7864700
1187,810,810,3470388,16363,513249,7919100
1188,838,843,3469550,16358,514092,7898600
1189,861,797,3468689,16422,514889,7899400
1190,851,847,3467838,16426,515736,7963000
1191,839,805,3466999,16460,516541,8160000
1192,872,797,3466127,16535,517338,8295500
1193,810,831,3465317,16514,518169,8154900
1194,829,814,3464488,16529,518983,7909800
1195,849,832,3463639,16546,519815,7897300
1196,835,799,3462804,16582,520614,7887900
1197,797,836,3462007,16543,521450,8023100
1198,786,839,3461221,16490,522289,8071700
1199,853,854,3460368,16489,523143,8273000
1200,867,804,3459501,16552,523947,8006400
1201,823,823,3458678,16552,524770,7960300
1202,790,834,3457888,16508,525604,7893000
1203,822,831,3457066,16499,526435,7991500
1204,860,788,3456206,16571,527223,7933600
1205,848,835,3455358,16584,528058,8269600
1206,876,871,3454482,16589,528929,8036100
1207,845,832,3453637,16602,529761,8376800
1208,854,860,3452783,16596,530621,7919200
1209,825,800,3451958,16621,531421,7999200
1210,801,832,3451157,16590,532253,7923200
1211,829,851,3450328,16568,533104,8007200
1212,836,829,3449492,16575,533933,8020700
1213,809,814,3448683,16570,534747,8064400
1214,815,789,3447868,16596,535536,8578700
1215,818,816,3447050,16598,536352,7975300
1216,820,848,3446230,16570,537200,8052800
1217,890,811,3445340,16649,538011,8020400
1218,813,866,3444527,16596,538877,7940300
1219,825,829,3443702,16592,539706,7936400
1220,801,847,3442901,16546,540553,8052100
1221,787,825,3442114,16508,541378,8247200
1222,878,840,3441236,16546,542218,8186900
1223,832,840,3440404,16538,543058,8125300
1224,867,822,3439537,16583,543880,8249100
1225,838,816,3438699,16605,544696,8164000
1226,881,834,3437818,16652,545530,8144200
1227,872,815,3436946,16709,546345,8199200
1228,866,849,3436080,16726,547194,7969500
1229,849,824,3435231,16751,548018,8006300
1230,883,840,3434348,16794,548858,8648000
1231,909,848,3433439,16855,549706,8131100
1232,914,845,3432525,16924,550551,8515800
1233,859,864,3431666,16919,551415,7942500
1234,845,872,3430821,16892,552287,7937500
1235,828,852,3429993,16868,553139,7844600
1236,863,821,3429130,16910,553960,8044900
1237,828,814,3428302,16924,554774,8107100
1238,859,813,3427443,16970,555587,8308500
1239,856,828,3426587,16998,556415,7950100
1240,867,859,3425720,17006,557274,7946500
1241,883,918,3424837,16971,558192,8460300
1242,809,834,3424028,16946,559026,8108700
1243,859,853,3423169,16952,559879,8015400
1244,850,874,3422319,16928,560753,8019200
1245,884,808,3421435,17004,561561,8155100
1246,850,831,3420585,17023,562392,8027900
1247,900,860,3419685,17063,563252,8017700
1248,950,858,3418735,17155,564110,8556900
1249,826,894,3417909,17087,565004,8316200
1250,901,863,3417008,17125,565867,8159500
1251,912,840,3416096,17197,566707,8329200
1252,876,903,3415220,17170,567610,8543500
1253,911,892,3414309,17189,568502,8695500
1254,888,881,3413421,17196,569383,8186100
1255,834,849,3412587,17181,570232,8196600
1256,844,865,3411743,17160,571097,8051000
1257,872,862,3410871,17170,571959,8063000
1258,882,883,3409989,17169,572842,8054700
1259,864,818,3409125,17215,573660,7868800
1260,852,839,3408273,17228,574499,7963400
1261,869,828,3407404,17269,575327,7954600
1262,866,868,3406538,17267,576195,7825000
1263,921,849,3405617,17339,577044,7938600
1264,925,863,3404692,17401,577907,7973500
1265,874,873,3403818,17402,578780,7908400
1266,841,834,3402977,17409,579614,7913800
1267,921,882,3402056,17448,580496,7876900
1268,900,813,3401156,17535,581309,8190200
1269,907,844,3400249,17598,582153,7957700
1270,877,901,3399372,17574,583054,8170300
1271,903,888,3398469,17589,583942,7963200
1272,866,896,3397603,17559,584838,8060200
1273,890,795,3396713,17654,585633,7895100
1274,873,864,3395840,17663,586497,8009800
1275,847,829,3394993,17681,587326,7906200
1276,882,915,3394111,17648,588241,8086200
1277,856,874,3393255,17630,589115,7954700
1278,858,908,3392397,17580,590023,8046400
1279,844,903,3391553,17521,590926,8264100
1280,824,870,3390729,17475,591796,7893200
1281,846,870,3389883,17451,592666,8107700
1282,817,834,3389066,17434,593500,7955700
1283,851,894,3388215,17391,594394,8061800
1284,890,924,3387325,17357,595318,8263200
1285,840,854,3386485,17343,596172,8104200
1286,894,909,3385591,17328,597081,8474300
1287,871,873,3384720,17326,597954,8185400
1288,853,931,3383867,17248,598885,7975700
1289,862,908,3383005,17202,599793,8027500
1290,859,831,3382146,17230,600624,7980600
1291,816,847,3381330,17199,601471,8310000
1292,809,884,3380521,17124,602355,8254300
1293,836,869,3379685,17091,603224,8452800
1294,863,860,3378822,17094,604084,8094200
1295,825,873,3377997,17046,604957,7935300
1296,865,850,3377132,17061,605807,7934200
1297,872,841,3376260,17092,606648,8042700
1298,878,810,3375382,17160,607458,8254700
1299,910,870,3374472,17200,608328,8393800
1300,916,829,3373556,17287,609157,8325700
1301,945,923,3372611,17309,610080,8273500
1302,888,921,3371723,17276,611001,8039800
1303,916,857,3370807,17335,611858,8200900
1304,919,942,3369888,17312,612800,8457400
1305,890,895,3368998,17307,613695,8137000
1306,929,875,3368069,17361,614570,8392700
1307,864,837,3367205,17388,615407,8166600
1308,872,861,3366333,17399,616268,8263900
1309,932,868,3365401,17463,617136,8206100
1310,931,853,3364470,17541,617989,7924500
1311,946,893,3363524,17594,618882,8188600
1312,899,854,3362625,17639,619736,8109400
1313,947,915,3361678,17671,620651,8534900
1314,916,871,3360762,17716,621522,8048600
1315,913,873,3359849,17756,622395,8648000
1316,931,859,3358918,17828,623254,8022100
1317,915,918,3358003,17825,624172,8072100
1318,926,898,3357077,17853,625070,7927500
1319,910,877,3356167,17886,625947,8167900
1320,883,880,3355284,17889,626827,8118600
1321,907,923,3354377,17873,627750,8480700
1322,960,838,3353417,17995,628588,8173900
1323,920,851,3352497,18064,629439,8144300
1324,889,892,3351608,18061,630331,8130800
1325,916,905,3350692,18072,631236,7995100
1326,937,902,3349755,18107,632138,7918300
1327,952,954,3348803,18105,633092,7876000
1328,937,906,3347866,18136,633998,8081600
1329,885,905,3346981,18116,634903,8983700
1330,899,884,3346082,18131,635787,8566800
1331,937,891,3345145,18177,636678,8138000
1332,903,909,3344242,18171,637587,8037300
1333,927,940,3343315,18158,638527,7865500
1334,921,871,3342394,18208,639398,7920400
1335,922,936,3341472,18194,640334,7991600
1336,891,933,3340581,18152,641267,7819700
1337,907,918,3339674,18141,642185,8432100
1338,956,907,3338718,18190,643092,8207400
1339,935,915,3337783,18210,644007,8230100
1340,963,904,3336820,18269,644911,8534400
1341,953,939,3335867,18283,645850,8207200
1342,908,955,3334959,18236,646805,8432200
1343,880,933,3334079,18183,647738,8341800
1344,978,936,3333101,18225,648674,8377000
1345,906,939,3332195,18192,649613,8212200
1346,891,916,3331304,18167,650529,8011500
1347,923,916,3330381,18174,651445,8425400
1348,967,879,3329414,18262,652324,7868100
1349,977,885,3328437,18354,653209,8063700
1350,914,945,3327523,18323,654154,7903400
1351,957,942,3326566,18338,655096,7958600
1352,978,905,3325588,18411,656001,7956500
1353,932,906,3324656,18437,656907,8240100
1354,958,886,3323698,18509,657793,8235000
1355,899,877,3322799,18531,658670,8208100
1356,905,947,3321894,18489,659617,8609300
1357,929,933,3320965,18485,660550,8082400
1358,926,905,3320039,18506,661455,8215000
1359,930,923,3319109,18513,662378,8352800
1360,979,925,3318130,18567,663303,8115200
1361,915,895,3317215,18587,664198,8105400
1362,990,912,3316225,18665,665110,7915200
1363,970,929,3315255,18706,666039,7951300
1364,987,954,3314268,18739,666993,8207800
1365,981,902,3313287,18818,667895,8170100
1366,963,913,3312324,18868,668808,8283800
1367,921,943,3311403,18846,669751,8942900
1368,924,947,3310479,18823,670698,8506800
1369,982,958,3309497,18847,671656,8341700
1370,959,945,3308538,18861,672601,8308900
1371,963,904,3307575,18920,673505,8273900
1372,949,954,3306626,18915,674459,8381300
1373,990,942,3305636,18963,675401,7943600
1374,980,962,3304656,18981,676363,7903400
1375,968,952,3303688,18997,677315,7829800
1376,985,924,3302703,19058,678239,8382800
1377,1006,941,3301697,19123,679180,8066500
1378,925,972,3300772,19076,680152,7988600
1379,920,994,3299852,19002,681146,7977000
1380,989,950,3298863,19041,682096,8097100
1381,932,1008,3297931,18965,683104,8038000
1382,945,991,3296986,18919,684095,7949600
1383,918,987,3296068,18850,685082,8266000
1384,872,937,3295196,18785,686019,8124100
1385,944,960,3294252,18769,686979,8530500
1386,944,915,3293308,18798,687894,7995000
1387,922,920,3292386,18800,688814,8273500
1388,995,973,3291391,18822,689787,8612400
1389,950,896,3290441,18876,690683,8641700
1390,984,932,3289457,18928,691615,8478200
1391,965,974,3288492,18919,692589,8201600
1392,950,943,3287542,18926,693532,8344900
1393,936,939,3286606,18923,694471,8582500
1394,976,921,3285630,18978,695392,8582000
1395,943,953,3284687,18968,696345,8050700
1396,1019,1005,3283668,18982,697350,8031200
1397,986,887,3282682,19081,698237,7901300
1398,946,926,3281736,19101,699163,7946100
1399,958,1023,3280778,19036,700186,8143500
1400,914,967,3279864,18983,701153,8104200
1401,997,958,3278867,19022,702111,8124500
1402,1025,962,3277842,19085,703073,8021500
1403,953,951,3276889,19087,704024,8297300
1404,958,963,3275931,19082,704987,8664400
1405,937,1019,3274994,19000,706006,8379400
1406,924,932,3274070,18992,706938,8004900
1407,977,942,3273093,19027,707880,8127700
1408,936,928,3272157,19035,708808,7895000
1409,1000,961,3271157,19074,709769,8089600
1410,987,934,3270170,19127,710703,8264000
1411,984,914,3269186,19197,711617,8331100
1412,986,987,3268200,19196,712604,8100600
1413,955,953,3267245,19198,713557,7970100
1414,948,946,3266297,19200,714503,8113600
1415,940,945,3265357,19195,715448,8012900
1416,999,954,3264358,19240,716402,8195500
1417,986,984,3263372,19242,717386,8006500
1418,998,979,3262374,19261,718365,8006100
1419,956,997,3261418,19220,719362,7986400
1420,1011,980,3260407,19251,720342,7935600
1421,944,981,3259463,19214,721323,7878800
1422,910,963,3258553,19161,722286,8059800
1423,918,909,3257635,19170,723195,8151400
1424,945,941,3256690,19174,724136,7971500
1425,887,952,3255803,19109,725088,8218900
1426,952,952,3254851,19109,726040,7878300
1427,972,942,3253879,19139,726982,8374000
1428,958,952,3252921,19145,727934,7898200
1429,977,1025,3251944,19097,728959,7897200
1430,950,937,3250994,19110,729896,8031800
1431,978,971,3250016,19117,730867,8132000
1432,1013,916,3249003,19214,731783,7872000
1433,980,931,3248023,19263,732714,7932600
1434,921,977,3247102,19207,733691,7918800
1435,977,962,3246125,19222,734653,8084900
1436,963,1000,3245162,19185,735653,8021900
1437,1016,964,3244146,19237,736617,8169300
1438,995,966,3243151,19266,737583,8304500
1439,996,959,3242155,19303,738542,8259400
1440,975,962,3241180,19316,739504,7964000
1441,980,891,3240200,19405,740395,7954000
1442,1025,929,3239175,19501,741324,8011400
1443,994,910,3238181,19585,742234,8253900
1444,976,1021,3237205,19540,743255,8230300
1445,965,952,3236240,19553,744207,8477600
1446,980,977,3235260,19556,745184,8353400
1447,999,956,3234261,19599,746140,8782200
1448,956,901,3233305,19654,747041,8223400
1449,1006,943,3232299,19717,747984,8253700
1450,994,892,3231305,19819,748876,8091100
1451,960,1004,3230345,19775,749880,8239500
1452,1018,973,3229327,19820,750853,8249800
1453,1003,999,3228324,19824,751852,8331700
1454,1043,1008,3227281,19859,752860,8831200
1455,958,1031,3226323,19786,753891,8173400
1456,976,990,3225347,19772,754881,8418100
1457,1010,982,3224337,19800,755863,8384500
1458,1025,1078,3223312,19747,756941,8315500
1459,1021,959,3222291,19809,757900,8524100
1460,972,984,3221319,19797,758884,8233800
1461,990,1019,3220329,19768,759903,8245300
1462,984,955,3219345,19797,760858,8081700
1463,994,951,3218351,19840,761809,8345700
1464,974,997,3217377,19817,762806,8333900
1465,1009,962,3216368,19864,763768,8144300
1466,1024,1003,3215344,19885,764771,8222500
1467,980,988,3214364,19877,765759,8138700
1468,964,977,3213400,19864,766736,8240700
1469,1041,1019,3212359,19886,767755,8126400
1470,1018,1013,3211341,19891,768768,8600500
1471,950,975,3210391,19866,769743,7857900
1472,958,1018,3209433,19806,770761,7806000
1473,983,1020,3208450,19769,771781,8060000
1474,967,958,3207483,19778,772739,8010000
1475,1026,990,3206457,19814,773729,7823300
1476,990,1044,3205467,19760,774773,7861600
1477,972,984,3204495,19748,775757,8029500
1478,1006,1005,3203489,19749,776762,7971700
1479,994,988,3202495,19755,777750,7922900
1480,994,948,3201501,19801,778698,8009600
1481,1003,947,3200498,19857,779645,7910800
1482,974,1001,3199524,19830,780646,8542100
1483,962,959,3198562,19833,781605,8591900
1484,1001,950,3197561,19884,782555,8698400
1485,964,985,3196597,19863,783540,8632400
1486,992,1022,3195605,19833,784562,8350000
1487,945,1009,3194660,19769,785571,8258900
1488,968,982,3193692,19755,786553,8044100
1489,974,1051,3192718,19678,787604,8300500
1490,990,936,3191728,19732,788540,7939900
1491,983,987,3190745,19728,789527,7805500
1492,990,992,3189755,19726,790519,8166200
1493,1049,958,3188706,19817,791477,7968600
1494,1007,974,3187699,19850,792451,8047900
1495,993,966,3186706,19877,793417,7944100
1496,1024,935,3185682,19966,794352,8088700
1497,1006,1040,3184676,19932,795392,7978100
1498,1013,947,3183663,19998,796339,7844800
1499,985,1021,3182678,19962,797360,8010300
1500,999,978,3181679,19983,798338,8189500
1501,1031,957,3180648,20057,799295,8207900
1502,1012,995,3179636,20074,800290,8342600
1503,1016,994,3178620,20096,801284,7915300
1504,1037,956,3177583,20177,802240,7987000
1505,968,1009,3176615,20136,803249,7984700
1506,1007,1052,3175608,20091,804301,8123600
1507,1000,996,3174608,20095,805297,8027600
1508,985,1002,3173623,20078,806299,8128000
1509,1022,959,3172601,20141,807258,8059500
1510,1040,1039,3171561,20142,808297,7924400
1511,1036,1019,3170525,20159,809316,7922700
1512,1033,1031,3169492,20161,810347,7919700
1513,979,1023,3168513,20117,811370,7981900
1514,1012,990,3167501,20139,812360,7983700
1515,1055,1006,3166446,20188,813366,8007300
1516,968,1045,3165478,20111,814411,8241000
1517,1022,965,3164456,20168,815376,7978600
1518,1013,998,3163443,20183,816374,8039100
1519,1016,1006,3162427,20193,817380,8012500
1520,1046,1028,3161381,20211,818408,7955300
1521,1005,966,3160376,20250,819374,8042900
1522,952,979,3159424,20223,820353,8366500
1523,1010,1006,3158414,20227,821359,7985800
1524,1036,965,3157378,20298,822324,8125600
1525,1010,982,3156368,20326,823306,8109400
1526,1036,1031,3155332,20331,824337,7889300
1527,1027,960,3154305,20398,825297,8020700
1528,1040,1003,3153265,20435,826300,7934200
1529,1025,1028,3152240,20432,827328,7916600
1530,1119,1061,3151121,20490,828389,7938500
1531,1105,1027,3150016,20568,829416,7826500
1532,1049,1027,3148967,20590,830443,8129000
1533,1093,1017,3147874,20666,831460,8347000
1534,1054,1045,3146820,20675,832505,8195600
1535,1010,1096,3145810,20589,833601,8159900
1536,1052,1023,3144758,20618,834624,7947700
1537,1075,1071,3143683,20622,835695,7940800
1538,1086,1028,3142597,20680,836723,7868000
1539,1091,1001,3141506,20770,837724,7938200
1540,1079,1063,3140427,20786,838787,8000200
1541,1046,1034,3139381,20798,839821,8065600
1542,1092,1042,3138289,20848,840863,7941400
1543,1086,1063,3137203,20871,841926,7887200
1544,1054,1034,3136149,20891,842960,7961300
1545,1020,1029,3135129,20882,843989,8004300
1546,1015,1092,3134114,20805,845081,7783400
1547,1105,1066,3133009,20844,846147,7922200
1548,1035,1016,3131974,20863,847163,8159200
1549,993,1020,3130981,20836,848183,8028000
1550,1002,1028,3129979,20810,849211,8331400
1551,1007,1017,3128972,20800,850228,8033700
1552,1037,1033,3127935,20804,851261,8070200
1553,1070,996,3126865,20878,852257,7953500
1554,1060,1084,3125805,20854,853341,8099800
1555,1056,988,3124749,20922,854329,7996400
1556,1041,1071,3123708,20892,855400,8007700
1557,1013,996,3122695,20909,856396,8055900
1558,1008,1071,3121687,20846,857467,7915100
1559,988,1046,3120699,20788,858513,7845600
1560,1015,1010,3119684,20793,859523,7964800
1561,1027,1036,3118657,20784,860559,7995700
1562,1061,997,3117596,20848,861556,8263600
1563,992,1004,3116604,20836,862560,8108500
1564,1043,1057,3115561,20822,863617,8259600
1565,1058,1014,3114503,20866,864631,8033600
1566,1029,1126,3113474,20769,865757,7972600
1567,1083,1051,3112391,20801,866808,7898500
1568,1026,1057,3111365,20770,867865,7987400
1569,1001,972,3110364,20799,868837,7923700
1570,1011,1039,3109353,20771,869876,8259700
1571,1008,1127,3108345,20652,871003,8342600
1572,1025,999,3107320,20678,872002,8409400
1573,1053,1028,3106267,20703,873030,8374700
1574,1037,988,3105230,20752,874018,7983000
1575,1066,1037,3104164,20781,875055,8049400
1576,1076,1036,3103088,20821,876091,8192700
1577,1086,1025,3102002,20882,877116,8723200
1578,970,998,3101032,20854,878114,8663500
1579,1077,1050,3099955,20881,879164,8046300
1580,1076,988,3098879,20969,880152,8180200
1581,1046,1049,3097833,20966,881201,8202600
1582,1086,1085,3096747,20967,882286,8175800
1583,1052,1097,3095695,20922,883383,8106200
1584,1042,1067,3094653,20897,884450,8349800
1585,987,1044,3093666,20840,885494,8247500
1586,995,1059,3092671,20776,886553,8324500
1587,1040,1087,3091631,20729,887640,8356900
1588,1028,997,3090603,20760,888637,8350800
1589,1046,1049,3089557,20757,889686,8355000
1590,1013,1081,3088544,20689,890767,8445700
1591,1039,1056,3087505,20672,891823,8618900
1592,1090,1120,3086415,20642,892943,8447800
1593,1032,1017,3085383,20657,893960,8652400
1594,1094,1029,3084289,20722,894989,8192700
1595,1022,1045,3083267,20699,896034,8592800
1596,1025,1048,3082242,20676,897082,8324900
1597,992,986,3081250,20682,898068,8126600
1598,1041,1040,3080209,20683,899108,8199500
1599,1065,1057,3079144,20691,900165,8183300
1600,1071,1070,3078073,20692,901235,8273300
1601,1051,1029,3077022,20714,902264,8319800
1602,1084,1020,3075938,20778,903284,8546000
1603,1122,987,3074816,20913,904271,9030200
1604,1057,1097,3073759,20873,905368,8817900
1605,1059,1012,3072700,20920,906380,8660800
1606,1054,1035,3071646,20939,907415,9017700
1607,1095,1064,3070551,20970,908479,8514100
1608,1062,1055,3069489,20977,909534,8390300
1609,1149,1046,3068340,21080,910580,8388700
1610,1065,963,3067275,21182,911543,8145300
1611,1040,1083,3066235,21139,912626,8360000
1612,1069,1030,3065166,21178,913656,8594900
1613,1047,1067,3064119,21158,914723,8110400
1614,1038,1051,3063081,21145,915774,8462000
1615,1086,1053,3061995,21178,916827,8100500
1616,1051,1022,3060944,21207,917849,8211500
1617,1071,1022,3059873,21256,918871,8170300
1618,1059,1084,3058814,21231,919955,8465900
1619,1108,1072,3057706,21267,921027,8508700
1620,1091,1113,3056615,21245,922140,8190500
1621,1079,1056,3055536,21268,923196,8271400
1622,1089,1027,3054447,21330,924223,7955700
1623,1135,1078,3053312,21387,925301,8003800
1624,1143,1065,3052169,21465,926366,8002600
1625,1121,1074,3051048,21512,927440,7892800
1626,1062,1095,3049986,21479,928535,8304000
1627,1130,1061,3048856,21548,929596,8119100
1628,1096,1063,3047760,21581,930659,7968900
1629,1123,1045,3046637,21659,931704,8694000
1630,1097,1131,3045540,21625,932835,8142700
1631,1117,1045,3044423,21697,933880,8328400
1632,1106,1131,3043317,21672,935011,8136100
1633,1060,1071,3042257,21661,936082,8303900
1634,1069,1115,3041188,21615,937197,8673000
1635,1054,1090,3040134,21579,938287,8299600
1636,1094,1003,3039040,21670,939290,8123200
1637,1054,1091,3037986,21633,940381,8131500
1638,1074,1101,3036912,21606,941482,8880100
1639,1128,1029,3035784,21705,942511,8303900
1640,1072,1112,3034712,21665,943623,8158500
1641,1187,1060,3033525,21792,944683,8503800
1642,1048,1089,3032477,21751,945772,8490400
1643,1082,1059,3031395,21774,946831,8251900
1644,1137,1070,3030258,21841,947901,8306000
1645,1076,1116,3029182,21801,949017,8494700
1646,1078,1139,3028104,21740,950156,8542700
1647,1103,1084,3027001,21759,951240,8192100
1648,1096,1049,3025905,21806,952289,8451600
1649,1131,1106,3024774,21831,953395,8224300
1650,1073,1084,3023701,21820,954479,8326100
1651,1092,1054,3022609,21858,955533,8126100
1652,1158,1078,3021451,21938,956611,8152500
1653,1104,1055,3020347,21987,957666,8045600
1654,1114,1071,3019233,22030,958737,8079100
1655,1095,1168,3018138,21957,959905,8104800
1656,1099,1099,3017039,21957,961004,8120900
1657,1102,1124,3015937,21935,962128,8269800
1658,1076,1072,3014861,21939,963200,8920800
1659,1077,1100,3013784,21916,964300,8301900
1660,1090,1095,3012694,21911,965395,8323000
1661,1082,1113,3011612,21880,966508,8018600
1662,1120,1145,3010492,21855,967653,8020900
1663,1072,1062,3009420,21865,968715,8162800
1664,1079,1112,3008341,21832,969827,7918900
1665,1091,1135,3007250,21788,970962,7977400
1666,1073,1050,3006177,21811,972012,8020800
1667,1004,1062,3005173,21753,973074,7870100
1668,1091,1070,3004082,21774,974144,7939600
1669,1023,1098,3003059,21699,975242,8377000
1670,1057,1094,3002002,21662,976336,7836500
1671,1120,1053,3000882,21729,977389,8207100
1672,1095,1078,2999787,21746,978467,7893800
1673,1126,1170,2998661,21702,979637,7830600
1674,1106,1043,2997555,21765,980680,8154300
1675,1134,992,2996421,21907,981672,8119900
1676,1049,1069,2995372,21887,982741,8078500
1677,1052,1105,2994320,21834,983846,7903100
1678,1107,1051,2993213,21890,984897,7965800
1679,1078,1073,2992135,21895,985970,7973600
1680,1098,1110,2991037,21883,987080,8003300
1681,1085,1040,2989952,21928,988120,8189200
1682,1079,1115,2988873,21892,989235,8356700
1683,1095,1111,2987778,21876,990346,8068300
1684,1117,1077,2986661,21916,991423,7963400
1685,1035,1127,2985626,21824,992550,7862800
1686,1040,1148,2984586,21716,993698,8110500
1687,1107,1088,2983479,21735,994786,8062300
1688,1027,1069,2982452,21693,995855,8464200
1689,1120,1053,2981332,21760,996908,8116300
1690,1053,1083,2980279,21730,997991,8268700
1691,1056,1082,2979223,21704,999073,8155800
1692,1079,1087,2978144,21696,1000160,8273000
1693,1068,1122,2977076,21642,1001282,8125600
1694,1067,1082,2976009,21627,1002364,8010400
1695,1091,1112,2974918,21606,1003476,8355600
1696,1091,1066,2973827,21631,1004542,8438500
1697,1050,1049,2972777,21632,1005591,8437300
1698,1077,1114,2971700,21595,1006705,8221800
1699,1053,1153,2970647,21495,1007858,8294800
1700,1127,1055,2969520,21567,1008913,8046100
1701,1110,1046,2968410,21631,1009959,8000000
1702,1122,1031,2967288,21722,1010990,7957900
1703,1131,1019,2966157,21834,1012009,8044000
1704,1099,1073,2965058,21860,1013082,7954700
1705,1077,1093,2963981,21844,1014175,8119800
1706,1120,1117,2962861,21847,1015292,8306000
1707,1086,1068,2961775,21865,1016360,8129900
1708,1103,1070,2960672,21898,1017430,8146700
1709,1158,1104,2959514,21952,1018534,7915800
1710,1157,1081,2958357,22028,1019615,7938300
1711,1110,1119,2957247,22019,1020734,8233400
1712,1105,1086,2956142,22038,1021820,8056600
1713,1162,1127,2954980,22073,1022947,8287200
1714,1116,1085,2953864,22104,1024032,8336900
1715,1104,1136,2952760,22072,1025168,8306700
1716,1098,1141,2951662,22029,1026309,8437500
1717,1111,1115,2950551,22025,1027424,8579200
1718,1145,1104,2949406,22066,1028528,8364100
1719,1081,1088,2948325,22059,1029616,8241200
1720,1124,1084,2947201,22099,1030700,8152100
1721,1114,1118,2946087,22095,1031818,8461000
1722,1121,1159,2944966,22057,1032977,8409100
1723,1109,1086,2943857,22080,1034063,8789600
1724,1083,1112,2942774,22051,1035175,8679800
1725,1045,1150,2941729,21946,1036325,8501200
1726,1083,1143,2940646,21886,1037468,8324800
1727,1161,1088,2939485,21959,1038556,8326300
1728,1094,1025,2938391,22028,1039581,8149100
1729,1079,1158,2937312,21949,1040739,8349200
1730,1140,1096,2936172,21993,1041835,8603700
1731,1150,1109,2935022,22034,1042944,8906800
1732,1101,1112,2933921,22023,1044056,8632000
1733,1103,1162,2932818,21964,1045218,8395200
1734,1125,1137,2931693,21952,1046355,8113100
1735,1208,1096,2930485,22064,1047451,8239200
1736,1154,1105,2929331,22113,1048556,8300700
1737,1130,1106,2928201,22137,1049662,8446500
1738,1205,1111,2926996,22231,1050773,8535600
1739,1112,1126,2925884,22217,1051899,8553800
1740,1125,1119,2924759,22223,1053018,8424900
1741,1140,1115,2923619,22248,1054133,8349200
1742,1088,1112,2922531,22224,1055245,8536100
1743,1183,1056,2921348,22351,1056301,8479400
1744,1066,1178,2920282,22239,1057479,8624700
1745,1119,1197,2919163,22161,1058676,8617400
1746,1120,1085,2918043,22196,1059761,8657100
1747,1107,1076,2916936,22227,1060837,8628000
1748,1170,1137,2915766,22260,1061974,8697400
1749,1099,1054,2914667,22305,1063028,8891800
1750,1174,1077,2913493,22402,1064105,8494300
1751,1151,1134,2912342,22419,1065239,8578600
1752,1127,1103,2911215,22443,1066342,8734400
1753,1097,1103,2910118,22437,1067445,8783100
1754,1153,1159,2908965,22431,1068604,8586800
1755,1104,1117,2907861,22418,1069721,8755700
1756,1122,1081,2906739,22459,1070802,8619200
1757,1145,1093,2905594,22511,1071895,8446900
1758,1209,1163,2904385,22557,1073058,8128300
1759,1105,1096,2903280,22566,1074154,8040100
1760,1179,1181,2902101,22564,1075335,8456900
1761,1263,1138,2900838,22689,1076473,8529700
1762,1189,1128,2899649,22750,1077601,8053500
1763,1211,1159,2898438,22802,1078760,8332900
1764,1142,1123,2897296,22821,1079883,8173900
1765,1135,1132,2896161,22824,1081015,8167100
1766,1179,1172,2894982,22831,1082187,8263800
1767,1169,1126,2893813,22874,1083313,8169600
1768,1168,1102,2892645,22940,1084415,7949400
1769,1179,1118,2891466,23001,1085533,8622500
1770,1146,1140,2890320,23007,1086673,7892300
1771,1199,1081,2889121,23125,1087754,8177100
1772,1105,1183,2888016,23047,1088937,7879300
1773,1149,1121,2886867,23075,1090058,8399900
1774,1162,1088,2885705,23149,1091146,7961700
1775,1092,1096,2884613,23145,1092242,7944900
1776,1193,1199,2883420,23139,1093441,7974600
1777,1173,1153,2882247,23159,1094594,8254000
1778,1093,1185,2881154,23067,1095779,8085200
1779,1162,1144,2879992,23085,1096923,8182000
1780,1084,1125,2878908,23044,1098048,8262400
1781,1107,1172,2877801,22979,1099220,8164300
1782,1100,1114,2876701,22965,1100334,8160800
1783,1070,1092,2875631,22943,1101426,7915800
1784,1178,1112,2874453,23009,1102538,7957500
1785,1129,1220,2873324,22918,1103758,8298700
1786,1153,1154,2872171,22917,1104912,8272100
1787,1075,1092,2871096,22900,1106004,8315900
1788,1201,1161,2869895,22940,1107165,8129500
1789,1115,1161,2868780,22894,1108326,8439500
1790,1208,1114,2867572,22988,1109440,8007500
1791,1144,1110,2866428,23022,1110550,8018900
1792,1101,1192,2865327,22931,1111742,7902300
1793,1136,1129,2864191,22938,1112871,8113500
1794,1151,1127,2863040,22962,1113998,8617700
1795,1153,1125,2861887,22990,1115123,8063900
1796,1076,1113,2860811,22953,1116236,7820800
1797,1111,1214,2859700,22850,1117450,7887200
1798,1132,1139,2858568,22843,1118589,7943800
1799,1166,1152,2857402,22857,1119741,7971100
1800,1124,1141,2856278,22840,1120882,8108700
1801,1163,1191,2855115,22812,1122073,8070000
1802,1155,1119,2853960,22848,1123192,7983700
1803,1155,1105,2852805,22898,1124297,7867100
1804,1198,1140,2851607,22956,1125437,8143400
1805,1130,1180,2850477,22906,1126617,8073000
1806,1165,1178,2849312,22893,1127795,7878200
1807,1152,1193,2848160,22852,1128988,8012000
1808,1126,1165,2847034,22813,1130153,7963700
1809,1149,1160,2845885,22802,1131313,8124800
1810,1132,1196,2844753,22738,1132509,8269700
1811,1137,1126,2843616,22749,1133635,7930300
1812,1164,1142,2842452,22771,1134777,8017600
1813,1153,1120,2841299,22804,1135897,7956200
1814,1173,1129,2840126,22848,1137026,8026800
1815,1138,1142,2838988,22844,1138168,8056700
1816,1162,1196,2837826,22810,1139364,8217300
1817,1162,1126,2836664,22846,1140490,8394900
1818,1190,1151,2835474,22885,1141641,8332200
1819,1118,1121,2834356,22882,1142762,8179200
1820,1191,1108,2833165,22965,1143870,7976800
1821,1170,1179,2831995,22956,1145049,8046700
1822,1177,1122,2830818,23011,1146171,7921000
1823,1161,1179,2829657,22993,1147350,8036100
1824,1205,1152,2828452,23046,1148502,8079600
1825,1205,1150,2827247,23101,1149652,8097300
1826,1237,1186,2826010,23152,1150838,8301900
1827,1207,1131,2824803,23228,1151969,8266000
1828,1187,1143,2823616,23272,1153112,8151500
1829,1197,1131,2822419,23338,1154243,8210300
1830,1200,1128,2821219,23410,1155371,8257300
1831,1170,1116,2820049,23464,1156487,8134100
1832,1176,1140,2818873,23500,1157627,8456400
1833,1194,1149,2817679,23545,1158776,8093000
1834,1132,1190,2816547,23487,1159966,8381200
1835,1151,1119,2815396,23519,1161085,8201200
1836,1181,1179,2814215,23521,1162264,8063700
1837,1172,1102,2813043,23591,1163366,8467300
1838,1137,1188,2811906,23540,1164554,8591000
1839,1145,1152,2810761,23533,1165706,8426800
1840,1163,1160,2809598,23536,1166866,8701700
1841,1185,1140,2808413,23581,1168006,8468000
1842,1093,1151,2807320,23523,1169157,8745100
1843,1172,1181,2806148,23514,1170338,8366400
1844,1122,1153,2805026,23483,1171491,8465000
1845,1155,1188,2803871,23450,1172679,8316900
1846,1175,1139,2802696,23486,1173818,8275400
1847,1216,1140,2801480,23562,1174958,8176900
1848,1210,1165,2800270,23607,1176123,8053600
1849,1156,1197,2799114,23566,1177320,7933400
1850,1218,1141,2797896,23643,1178461,8083000
1851,1231,1176,2796665,23698,1179637,8732200
1852,1133,1144,2795532,23687,1180781,8075500
1853,1163,1176,2794369,23674,1181957,7917800
1854,1178,1221,2793191,23631,1183178,7922000
1855,1132,1166,2792059,23597,1184344,8255600
1856,1192,1150,2790867,23639,1185494,8059900
1857,1187,1175,2789680,23651,1186669,8015000
1858,1212,1196,2788468,23667,1187865,8167100
1859,1206,1241,2787262,23632,1189106,8247400
1860,1148,1100,2786114,23680,1190206,8332600
1861,1195,1191,2784919,23684,1191397,8307200
1862,1222,1209,2783697,23697,1192606,8267700
1863,1189,1187,2782508,23699,1193793,8213000
1864,1185,1157,2781323,23727,1194950,8104100
1865,1162,1159,2780161,23730,1196109,8081300
1866,1220,1181,2778941,23769,1197290,8358500
1867,1202,1139,2777739,23832,1198429,8195900
1868,1170,1165,2776569,23837,1199594,8172900
1869,1153,1167,2775416,23823,1200761,8128500
1870,1173,1154,2774243,23842,1201915,8251600
1871,1221,1163,2773022,23900,1203078,8118900
1872,1162,1158,2771860,23904,1204236,8182200
1873,1160,1189,2770700,23875,1205425,8116200
1874,1205,1204,2769495,23876,1206629,8333000
1875,1177,1176,2768318,23877,1207805,8244100
1876,1178,1194,2767140,23861,1208999,8128600
1877,1202,1238,2765938,23825,1210237,8055300
1878,1173,1221,2764765,23777,1211458,8035500
1879,1226,1176,2763539,23827,1212634,8117800
1880,1200,1167,2762339,23860,1213801,8080400
1881,1178,1230,2761161,23808,1215031,8425800
1882,1175,1218,2759986,23765,1216249,8377100
1883,1184,1246,2758802,23703,1217495,8194200
1884,1198,1205,2757604,23696,1218700,8131200
1885,1198,1248,2756406,23646,1219948,8019100
1886,1231,1215,2755175,23662,1221163,8055000
1887,1206,1185,2753969,23683,1222348,8054100
1888,1213,1197,2752756,23699,1223545,8233100
1889,1150,1169,2751606,23680,1224714,8078900
1890,1126,1123,2750480,23683,1225837,8236600
1891,1249,1176,2749231,23756,1227013,8395400
1892,1212,1158,2748019,23810,1228171,8591600
1893,1210,1192,2746809,23828,1229363,8298200
1894,1198,1195,2745611,23831,1230558,8342800
1895,1133,1180,2744478,23784,1231738,8205600
1896,1200,1261,2743278,23723,1232999,8294400
1897,1201,1210,2742077,23714,1234209,8276200
1898,1231,1205,2740846,23740,1235414,8359300
1899,1212,1159,2739634,23793,1236573,8351600
1900,1236,1203,2738398,23826,1237776,8397000
1901,1198,1177,2737200,23847,1238953,8397100
1902,1188,1142,2736012,23893,1240095,8268800
1903,1230,1216,2734782,23907,1241311,8611300
1904,1205,1198,2733577,23914,1242509,8314000
1905,1255,1160,2732322,24009,1243669,8424600
1906,1197,1180,2731125,24026,1244849,8597200
1907,1161,1154,2729964,24033,1246003,8508100
1908,1184,1115,2728780,24102,1247118,8446000
1909,1240,1189,2727540,24153,1248307,8380700
1910,1255,1133,2726285,24275,1249440,8335000
1911,1206,1168,2725079,24313,1250608,8166400
1912,1220,1191,2723859,24342,1251799,8328200
1913,1227,1237,2722632,24332,1253036,8297700
1914,1230,1226,2721402,24336,1254262,8275400
1915,1187,1171,2720215,24352,1255433,8194300
1916,1211,1218,2719004,24345,1256651,8164900
1917,1234,1195,2717770,24384,1257846,8183700
1918,1221,1232,2716549,24373,1259078,8035700
1919,1264,1172,2715285,24465,1260250,8240000
1920,1194,1291,2714091,24368,1261541,8069900
1921,1279,1202,2712812,24445,1262743,7982900
1922,1188,1207,2711624,24426,1263950,8080700
1923,1203,1218,2710421,24411,1265168,8164400
1924,1219,1221,2709202,24409,1266389,8008100
1925,1184,1212,2708018,24381,1267601,8173400
1926,1160,1240,2706858,24301,1268841,8003000
1927,1183,1213,2705675,24271,1270054,8231500
1928,1157,1175,2704518,24253,1271229,8025700
1929,1186,1226,2703332,24213,1272455,7970800
1930,1213,1181,2702119,24245,1273636,8119000
1931,1197,1211,2700922,24231,1274847,8238700
1932,1199,1196,2699723,24234,1276043,8294700
1933,1237,1196,2698486,24275,1277239,8046500
1934,1189,1242,2697297,24222,1278481,7971600
1935,1189,1190,2696108,24221,1279671,8162000
1936,1184,1209,2694924,24196,1280880,8015100
1937,1267,1164,2693657,24299,1282044,8057200
1938,1178,1247,2692479,24230,1283291,8169800
1939,1136,1232,2691343,24134,1284523,8276500
1940,1160,1157,2690183,24137,1285680,8175300
1941,1193,1250,2688990,24080,1286930,8168200
1942,1183,1233,2687807,24030,1288163,7962200
1943,1226,1174,2686581,24082,1289337,7992400
1944,1216,1251,2685365,24047,1290588,7931800
1945,1213,1233,2684152,24027,1291821,8094700
1946,1240,1233,2682912,24034,1293054,8242700
1947,1216,1250,2681696,24000,1294304,8456300
1948,1275,1247,2680421,24028,1295551,8165900
1949,1270,1187,2679151,24111,1296738,8107800
1950,1194,1272,2677957,24033,1298010,8354600
1951,1183,1259,2676774,23957,1299269,8209200
1952,1200,1221,2675574,23936,1300490,8048400
1953,1220,1180,2674354,23976,1301670,8034600
1954,1240,1165,2673114,24051,1302835,8509500
1955,1195,1107,2671919,24139,1303942,8239800
1956,1212,1189,2670707,24162,1305131,8103000
1957,1195,1196,2669512,24161,1306327,8163700
1958,1161,1244,2668351,24078,1307571,8122400
1959,1158,1220,2667193,24016,1308791,7983800
1960,1229,1234,2665964,24011,1310025,8321200
1961,1221,1248,2664743,23984,1311273,8410500
1962,1221,1173,2663522,24032,1312446,8606300
1963,1220,1239,2662302,24013,1313685,8435300
1964,1130,1138,2661172,24005,1314823,8791300
1965,1244,1260,2659928,23989,1316083,8542200
1966,1189,1155,2658739,24023,1317238,8713500
1967,1191,1209,2657548,24005,1318447,8796800
1968,1155,1138,2656393,24022,1319585,8272100
1969,1247,1181,2655146,24088,1320766,8331000
1970,1251,1226,2653895,24113,1321992,8202200
1971,1115,1228,2652780,24000,1323220,8421700
1972,1284,1203,2651496,24081,1324423,8215000
1973,1161,1172,2650335,24070,1325595,8175200
1974,1252,1198,2649083,24124,1326793,8143200
1975,1207,1260,2647876,24071,1328053,8026800
1976,1201,1200,2646675,24072,1329253,8073400
1977,1234,1192,2645441,24114,1330445,8141200
1978,1215,1226,2644226,24103,1331671,8072000
1979,1216,1252,2643010,24067,1332923,8593100
1980,1180,1184,2641830,24063,1334107,8256700
1981,1243,1197,2640587,24109,1335304,8065200
1982,1235,1155,2639352,24189,1336459,8272300
1983,1197,1165,2638155,24221,1337624,7966500
1984,1210,1250,2636945,24181,1338874,8240900
1985,1194,1228,2635751,24147,1340102,8055400
1986,1166,1158,2634585,24155,1341260,8011800
1987,1229,1213,2633356,24171,1342473,8183900
1988,1193,1233,2632163,24131,1343706,8073500
1989,1186,1251,2630977,24066,1344957,8035300
1990,1188,1211,2629789,24043,1346168,7908300
1991,1160,1148,2628629,24055,1347316,7934600
1992,1175,1211,2627454,24019,1348527,8155600
1993,1164,1237,2626290,23946,1349764,8161500
1994,1205,1143,2625085,24008,1350907,7939300
1995,1201,1232,2623884,23977,1352139,8078000
1996,1239,1217,2622645,23999,1353356,8395300
1997,1177,1205,2621468,23971,1354561,7938100
1998,1175,1203,2620293,23943,1355764,7999300
1999,1213,1248,2619080,23908,1357012,7944000
2000,1151,1197,2617929,23862,1358209,7990300
2001,1185,1151,2616744,23896,1359360,7972500
2002,1177,1228,2615567,23845,1360588,8200600
2003,1192,1233,2614375,23804,1361821,8325700
2004,1165,1167,2613210,23802,1362988,8281200
2005,1225,1161,2611985,23866,1364149,8425500
2006,1268,1196,2610717,23938,1365345,7997400
2007,1205,1189,2609512,23954,1366534,8094200
2008,1217,1241,2608295,23930,1367775,7999900
2009,1277,1163,2607018,24044,1368938,8009400
2010,1263,1195,2605755,24112,1370133,7950100
2011,1298,1257,2604457,24153,1371390,8003500
2012,1262,1232,2603195,24183,1372622,8025500
2013,1283,1267,2601912,24199,1373889,7931300
2014,1248,1156,2600664,24291,1375045,7939200
2015,1221,1257,2599443,24255,1376302,8048100
2016,1240,1219,2598203,24276,1377521,8041900
2017,1244,1247,2596959,24273,1378768,8108800
2018,1275,1201,2595684,24347,1379969,8096100
2019,1275,1209,2594409,24413,1381178,8264400
2020,1306,1193,2593103,24526,1382371,8282600
2021,1208,1236,2591895,24498,1383607,8348700
2022,1242,1209,2590653,24531,1384816,8403800
2023,1263,1224,2589390,24570,1386040,8078300
2024,1186,1197,2588204,24559,1387237,8000300
2025,1303,1155,2586901,24707,1388392,7965100
2026,1242,1273,2585659,24676,1389665,9603800
2027,1275,1277,2584384,24674,1390942,8851000
2028,1271,1219,2583113,24726,1392161,8212600
2029,1238,1208,2581875,24756,1393369,8172000
2030,1324,1266,2580551,24814,1394635,8008300
2031,1254,1242,2579297,24826,1395877,8085100
2032,1234,1181,2578063,24879,1397058,8079500
2033,1212,1276,2576851,24815,1398334,8195400
2034,1251,1243,2575600,24823,1399577,8296800
2035,1315,1214,2574285,24924,1400791,8371500
2036,1250,1259,2573035,24915,1402050,8444400
2037,1252,1218,2571783,24949,1403268,8871000
2038,1274,1197,2570509,25026,1404465,7970400
2039,1256,1273,2569253,25009,1405738,8038600
2040,1201,1254,2568052,24956,1406992,8013000
2041,1232,1222,2566820,24966,1408214,8025100
2042,1282,1218,2565538,25030,1409432,8068800
2043,1261,1251,2564277,25040,1410683,8491300
2044,1253,1286,2563024,25007,1411969,8332000
2045,1265,1285,2561759,24987,1413254,8591700
2046,1196,1253,2560563,24930,1414507,8283900
2047,1268,1253,2559295,24945,1415760,8373800
2048,1221,1272,2558074,24894,1417032,8205400
2049,1290,1226,2556784,24958,1418258,8246300
2050,1267,1161,2555517,25064,1419419,8235800
2051,1250,1250,2554267,25064,1420669,8439000
2052,1245,1225,2553022,25084,1421894,8217900
2053,1189,1301,2551833,24972,1423195,8201600
2054,1199,1287,2550634,24884,1424482,8356300
2055,1256,1272,2549378,24868,1425754,8200100
2056,1157,1227,2548221,24798,1426981,8241300
2057,1185,1284,2547036,24699,1428265,8070700
2058,1284,1232,2545752,24751,1429497,8169500
2059,1240,1221,2544512,24770,1430718,8202600
2060,1206,1171,2543306,24805,1431889,8843800
2061,1259,1237,2542047,24827,1433126,8380000
2062,1226,1171,2540821,24882,1434297,8679000
2063,1192,1162,2539629,24912,1435459,8185700
2064,1258,1233,2538371,24937,1436692,8122200
2065,1200,1254,2537171,24883,1437946,8074300
2066,1191,1234,2535980,24840,1439180,8162700
2067,1234,1247,2534746,24827,1440427,8260600
2068,1148,1297,2533598,24678,1441724,8484700
2069,1226,1246,2532372,24658,1442970,8301800
2070,1210,1259,2531162,24609,1444229,8267500
2071,1210,1222,2529952,24597,1445451,8250200
2072,1172,1269,2528780,24500,1446720,8251800
2073,1155,1236,2527625,24419,1447956,8182400
2074,1189,1186,2526436,24422,1449142,8823100
2075,1197,1251,2525239,24368,1450393,8094500
2076,1179,1220,2524060,24327,1451613,8354600
2077,1130,1212,2522930,24245,1452825,8515700
2078,1190,1195,2521740,24240,1454020,7965600
2079,1232,1200,2520508,24272,1455220,8005200
2080,1222,1178,2519286,24316,1456398,7919100
2081,1160,1210,2518126,24266,1457608,7967800
2082,1150,1201,2516976,24215,1458809,8237100
2083,1146,1210,2515830,24151,1460019,8828800
2084,1200,1278,2514630,24073,1461297,8882500
2085,1137,1211,2513493,23999,1462508,8784700
2086,1192,1165,2512301,24026,1463673,8734000
2087,1183,1215,2511118,23994,1464888,8806700
2088,1141,1209,2509977,23926,1466097,8412600
2089,1217,1226,2508760,23917,1467323,8244500
2090,1150,1180,2507610,23887,1468503,8408600
2091,1131,1174,2506479,23844,1469677,7915200
2092,1147,1221,2505332,23770,1470898,8051500
2093,1181,1196,2504151,23755,1472094,8098400
2094,1105,1205,2503046,23655,1473299,7960200
2095,1132,1186,2501914,23601,1474485,8030000
2096,1154,1096,2500760,23659,1475581,8038400
2097,1136,1133,2499624,23662,1476714,7978400
2098,1205,1173,2498419,23694,1477887,8108900
2099,1186,1229,2497233,23651,1479116,7992400
2100,1139,1117,2496094,23673,1480233,8138700
2101,1163,1143,2494931,23693,1481376,8187200
2102,1140,1208,2493791,23625,1482584,8241900
2103,1225,1218,2492566,23632,1483802,8440800
2104,1162,1164,2491404,23630,1484966,8433900
2105,1221,1214,2490183,23637,1486180,8486600
2106,1220,1187,2488963,23670,1487367,8200800
2107,1213,1182,2487750,23701,1488549,8035500
2108,1237,1236,2486513,23702,1489785,8150900
2109,1250,1155,2485263,23797,1490940,7980000
2110,1227,1147,2484036,23877,1492087,7995400
2111,1253,1213,2482783,23917,1493300,8381400
2112,1209,1172,2481574,23954,1494472,7925700
2113,1213,1143,2480361,24024,1495615,8137300
2114,1231,1171,2479130,24084,1496786,8082000
2115,1338,1249,2477792,24173,1498035,8093900
2116,1222,1220,2476570,24175,1499255,8108600
2117,1267,1257,2475303,24185,1500512,8078200
2118,1226,1245,2474077,24166,1501757,8127600
2119,1208,1257,2472869,24117,1503014,8164100
2120,1244,1216,2471625,24145,1504230,8081700
2121,1212,1197,2470413,24160,1505427,8069800
2122,1260,1226,2469153,24194,1506653,8091800
2123,1195,1244,2467958,24145,1507897,8461000
2124,1256,1163,2466702,24238,1509060,8273000
2125,1197,1205,2465505,24230,1510265,8295700
2126,1217,1208,2464288,24239,1511473,8171600
2127,1227,1231,2463061,24235,1512704,7955400
2128,1227,1215,2461834,24247,1513919,7924800
2129,1209,1235,2460625,24221,1515154,8839900
2130,1175,1211,2459450,24185,1516365,8026600
2131,1204,1199,2458246,24190,1517564,8055700
2132,1258,1196,2456988,24252,1518760,8108200
2133,1196,1197,2455792,24251,1519957,8801600
2134,1232,1187,2454560,24296,1521144,8187800
2135,1206,1209,2453354,24293,1522353,8161200
2136,1198,1207,2452156,24284,1523560,8028900
2137,1232,1237,2450924,24279,1524797,8107700
2138,1199,1252,2449725,24226,1526049,8085100
2139,1179,1285,2448546,24120,1527334,8119600
2140,1175,1181,2447371,24114,1528515,8182200
2141,1277,1172,2446094,24219,1529687,8255000
2142,1312,1168,2444782,24363,1530855,8256100
2143,1171,1225,2443611,24309,1532080,8297100
2144,1226,1175,2442385,24360,1533255,8226100
2145,1218,1202,2441167,24376,1534457,8131900
2146,1236,1233,2439931,24379,1535690,8187100
2147,1191,1261,2438740,24309,1536951,8807200
2148,1209,1188,2437531,24330,1538139,8496100
2149,1199,1199,2436332,24330,1539338,8263600
2150,1189,1198,2435143,24321,1540536,8187600
2151,1246,1200,2433897,24367,1541736,8494700
2152,1208,1236,2432689,24339,1542972,8396000
2153,1203,1237,2431486,24305,1544209,8316300
2154,1243,1243,2430243,24305,1545452,8182000
2155,1191,1218,2429052,24278,1546670,8152800
2156,1231,1161,2427821,24348,1547831,8081000
2157,1194,1181,2426627,24361,1549012,8337000
2158,1227,1219,2425400,24369,1550231,8462200
2159,1249,1240,2424151,24378,1551471,8317200
2160,1270,1223,2422881,24425,1552694,8406000
2161,1221,1212,2421660,24434,1553906,8267800
2162,1242,1157,2420418,24519,1555063,8393700
2163,1239,1194,2419179,24564,1556257,8186500
2164,1250,1197,2417929,24617,1557454,8449300
2165,1257,1240,2416672,24634,1558694,8451400
2166,1221,1187,2415451,24668,1559881,8373000
2167,1263,1209,2414188,24722,1561090,8058600
2168,1245,1215,2412943,24752,1562305,8422100
2169,1255,1188,2411688,24819,1563493,8119300
2170,1279,1184,2410409,24914,1564677,8037900
2171,1248,1242,2409161,24920,1565919,7952300
2172,1269,1187,2407892,25002,1567106,8042900
2173,1223,1245,2406669,24980,1568351,8206000
2174,1266,1231,2405403,25015,1569582,8412900
2175,1210,1264,2404193,24961,1570846,8168000
2176,1241,1240,2402952,24962,1572086,8055300
2177,1228,1250,2401724,24940,1573336,8079700
2178,1272,1301,2400452,24911,1574637,8302000
2179,1237,1288,2399215,24860,1575925,8410900
2180,1279,1268,2397936,24871,1577193,8020200
2181,1222,1216,2396714,24877,1578409,8191000
2182,1266,1226,2395448,24917,1579635,8413800
2183,1209,1224,2394239,24902,1580859,8264900
2184,1309,1188,2392930,25023,1582047,8221000
2185,1211,1313,2391719,24921,1583360,8021100
2186,1316,1273,2390403,24964,1584633,7973000
2187,1214,1299,2389189,24879,1585932,7995800
2188,1245,1288,2387944,24836,1587220,8003500
2189,1199,1193,2386745,24842,1588413,8167900
2190,1204,1183,2385541,24863,1589596,8184600
2191,1224,1232,2384317,24855,1590828,8116400
2192,1247,1186,2383070,24916,1592014,7990800
2193,1245,1235,2381825,24926,1593249,8130800
2194,1234,1295,2380591,24865,1594544,8007800
2195,1233,1197,2379358,24901,1595741,8197700
2196,1273,1273,2378085,24901,1597014,8263500
2197,1262,1235,2376823,24928,1598249,8288000
2198,1292,1302,2375531,24918,1599551,8415400
2199,1242,1204,2374289,24956,1600755,8363600
2200,1180,1208,2373109,24928,1601963,8169300
2201,1253,1261,2371856,24920,1603224,8106800
2202,1240,1254,2370616,24906,1604478,8372700
2203,1219,1304,2369397,24821,1605782,8382900
2204,1263,1237,2368134,24847,1607019,8510100
2205,1213,1238,2366921,24822,1608257,8408300
2206,1241,1248,2365680,24815,1609505,8534100
2207,1170,1227,2364510,24758,1610732,8843500
2208,1202,1246,2363308,24714,1611978,8701300
2209,1244,1207,2362064,24751,1613185,8931500
2210,1210,1314,2360854,24647,1614499,8550800
2211,1241,1276,2359613,24612,1615775,9058800
2212,1217,1178,2358396,24651,1616953,8430000
2213,1241,1171,2357155,24721,1618124,8717000
2214,1236,1250,2355919,24707,1619374,8392800
2215,1239,1277,2354680,24669,1620651,8160500
2216,1234,1211,2353446,24692,1621862,8145500
2217,1216,1165,2352230,24743,1623027,8393300
2218,1259,1260,2350971,24742,1624287,8119100
2219,1238,1236,2349733,24744,1625523,8211200
2220,1305,1261,2348428,24788,1626784,8241600
2221,1265,1255,2347163,24798,1628039,8247900
2222,1291,1284,2345872,24805,1629323,8184300
2223,1273,1280,2344599,24798,1630603,8397400
2224,1236,1240,2343363,24794,1631843,8068700
2225,1265,1272,2342098,24787,1633115,8511700
2226,1274,1235,2340824,24826,1634350,8248800
2227,1306,1233,2339518,24899,1635583,8125400
2228,1282,1222,2338236,24959,1636805,8075700
2229,1226,1275,2337010,24910,1638080,8108500
2230,1208,1269,2335802,24849,1639349,8153400
2231,1235,1286,2334567,24798,1640635,8014700
2232,1174,1256,2333393,24716,1641891,8012100
2233,1269,1304,2332124,24681,1643195,7956300
2234,1211,1199,2330913,24693,1644394,7982500
2235,1203,1195,2329710,24701,1645589,8025700
2236,1213,1226,2328497,24688,1646815,8130400
2237,1252,1216,2327245,24724,1648031,8082900
2238,1261,1195,2325984,24790,1649226,8317300
2239,1304,1281,2324680,24813,1650507,8179900
2240,1241,1271,2323439,24783,1651778,7986900
2241,1259,1249,2322180,24793,1653027,8304800
2242,1293,1182,2320887,24904,1654209,7995700
2243,1234,1277,2319653,24861,1655486,7961700
2244,1294,1205,2318359,24950,1656691,8183800
2245,1236,1240,2317123,24946,1657931,8520300
2246,1230,1268,2315893,24908,1659199,8173800
2247,1291,1240,2314602,24959,1660439,7971600
2248,1255,1298,2313347,24916,1661737,8475800
2249,1249,1157,2312098,25008,1662894,8252100
2250,1250,1252,2310848,25006,1664146,8029600
2251,1280,1295,2309568,24991,1665441,8009900
2252,1288,1264,2308280,25015,1666705,8034800
2253,1224,1319,2307056,24920,1668024,8009700
2254,1332,1260,2305724,24992,1669284,8066400
2255,1239,1217,2304485,25014,1670501,8117500
2256,1318,1244,2303167,25088,1671745,8019500
2257,1208,1204,2301959,25092,1672949,8016500
2258,1281,1265,2300678,25108,1674214,8137800
2259,1299,1272,2299379,25135,1675486,8034800
2260,1275,1291,2298104,25119,1676777,8153800
2261,1284,1218,2296820,25185,1677995,7992100
2262,1260,1302,2295560,25143,1679297,8167000
2263,1240,1274,2294320,25109,1680571,8294300
2264,1189,1254,2293131,25044,1681825,7988300
2265,1248,1251,2291883,25041,1683076,7999200
2266,1257,1229,2290626,25069,1684305,8003100
2267,1283,1295,2289343,25057,1685600,7957200
2268,1197,1279,2288146,24975,1686879,7935800
2269,1229,1288,2286917,24916,1688167,8298900
2270,1233,1226,2285684,24923,1689393,8293100
2271,1237,1273,2284447,24887,1690666,8340600
2272,1286,1210,2283161,24963,1691876,8157500
2273,1183,1237,2281978,24909,1693113,8090400
2274,1278,1198,2280700,24989,1694311,7978100
2275,1240,1259,2279460,24970,1695570,8004400
2276,1221,1228,2278239,24963,1696798,8009800
2277,1221,1289,2277018,24895,1698087,7984700
2278,1234,1202,2275784,24927,1699289,8099200
2279,1248,1237,2274536,24938,1700526,8216000
2280,1201,1221,2273335,24918,1701747,7984500
2281,1240,1187,2272095,24971,1702934,8004100
2282,1192,1243,2270903,24920,1704177,8309100
2283,1226,1191,2269677,24955,1705368,7971000
2284,1211,1229,2268466,24937,1706597,8223800
2285,1232,1171,2267234,24998,1707768,8127800
2286,1261,1336,2265973,24923,1709104,8421500
2287,1276,1237,2264697,24962,1710341,8283100
2288,1221,1206,2263476,24977,1711547,8266500
2289,1234,1237,2262242,24974,1712784,8365700
2290,1314,1195,2260928,25093,1713979,8025100
2291,1284,1296,2259644,25081,1715275,8212300
2292,1277,1262,2258367,25096,1716537,8127000
2293,1258,1218,2257109,25136,1717755,8102600
2294,1243,1186,2255866,25193,1718941,8063600
2295,1297,1294,2254569,25196,1720235,8683900
2296,1218,1264,2253351,25150,1721499,7981900
2297,1213,1309,2252138,25054,1722808,8045700
2298,1203,1275,2250935,24982,1724083,8024700
2299,1256,1322,2249679,24916,1725405,7931300
2300,1189,1295,2248490,24810,1726700,8015100
2301,1211,1261,2247279,24760,1727961,7905700
2302,1242,1274,2246037,24728,1729235,7937400
2303,1257,1255,2244780,24730,1730490,8220300
2304,1203,1244,2243577,24689,1731734,7951300
2305,1226,1251,2242351,24664,1732985,8096600
2306,1192,1226,2241159,24630,1734211,8206600
2307,1228,1232,2239931,24626,1735443,8312600
2308,1224,1268,2238707,24582,1736711,8222100
2309,1202,1213,2237505,24571,1737924,8100200
2310,1172,1243,2236333,24500,1739167,8062500
2311,1239,1232,2235094,24507,1740399,8634700
2312,1238,1240,2233856,24505,1741639,8170100
2313,1244,1222,2232612,24527,1742861,8011500
2314,1184,1258,2231428,24453,1744119,8114100
2315,1148,1164,2230280,24437,1745283,7988900
2316,1185,1217,2229095,24405,1746500,8046700
2317,1193,1192,2227902,24406,1747692,7974500
2318,1202,1268,2226700,24340,1748960,8153900
2319,1184,1164,2225516,24360,1750124,8334600
2320,1185,1229,2224331,24316,1751353,8372600
2321,1211,1263,2223120,24264,1752616,8317100
2322,1250,1273,2221870,24241,1753889,8297200
2323,1194,1244,2220676,24191,1755133,8238200
2324,1189,1215,2219487,24165,1756348,8264200
2325,1191,1284,2218296,24072,1757632,8313900
2326,1210,1240,2217086,24042,1758872,8085300
2327,1175,1209,2215911,24008,1760081,8268800
2328,1123,1197,2214788,23934,1761278,8278700
2329,1165,1174,2213623,23925,1762452,8600800
2330,1183,1185,2212440,23923,1763637,8604500
2331,1172,1238,2211268,23857,1764875,8814100
2332,1194,1163,2210074,23888,1766038,8841900
2333,1193,1251,2208881,23830,1767289,9062800
2334,1170,1184,2207711,23816,1768473,8343600
2335,1200,1168,2206511,23848,1769641,8152300
2336,1241,1185,2205270,23904,1770826,8256200
2337,1179,1146,2204091,23937,1771972,8077100
2338,1164,1171,2202927,23930,1773143,7968600
2339,1202,1213,2201725,23919,1774356,7976100
2340,1227,1164,2200498,23982,1775520,7875900
2341,1243,1229,2199255,23996,1776749,8200500
2342,1211,1241,2198044,23966,1777990,7888100
2343,1251,1190,2196793,24027,1779180,8072500
2344,1221,1196,2195572,24052,1780376,8400000
2345,1207,1220,2194365,24039,1781596,7965400
2346,1250,1260,2193115,24029,1782856,8312300
2347,1215,1222,2191900,24022,1784078,8355800
2348,1215,1190,2190685,24047,1785268,8783000
2349,1110,1189,2189575,23968,1786457,8372300
2350,1216,1209,2188359,23975,1787666,8552700
2351,1203,1167,2187156,24011,1788833,8321200
2352,1219,1157,2185937,24073,1789990,8323000
2353,1182,1103,2184755,24152,1791093,8258200
2354,1230,1281,2183525,24101,1792374,8406500
2355,1176,1200,2182349,24077,1793574,8233000
2356,1211,1195,2181138,24093,1794769,8144800
2357,1191,1223,2179947,24061,1795992,8108100
2358,1174,1213,2178773,24022,1797205,8227000
2359,1155,1173,2177618,24004,1798378,8104400
2360,1201,1186,2176417,24019,1799564,8385300
2361,1252,1176,2175165,24095,1800740,8282400
2362,1235,1167,2173930,24163,1801907,8184000
2363,1178,1193,2172752,24148,1803100,8129700
2364,1222,1214,2171530,24156,1804314,8196900
2365,1182,1198,2170348,24140,1805512,8610600
2366,1272,1235,2169076,24177,1806747,8158900
2367,1187,1268,2167889,24096,1808015,8334400
2368,1158,1229,2166731,24025,1809244,8350000
2369,1206,1184,2165525,24047,1810428,8294100
2370,1214,1195,2164311,24066,1811623,8213600
2371,1274,1160,2163037,24180,1812783,8342500
2372,1168,1182,2161869,24166,1813965,8237500
2373,1171,1177,2160698,24160,1815142,8273000
2374,1157,1207,2159541,24110,1816349,8293000
2375,1201,1144,2158340,24167,1817493,8187700
2376,1183,1170,2157157,24180,1818663,8265500
2377,1205,1184,2155952,24201,1819847,7924000
2378,1208,1218,2154744,24191,1821065,7962000
2379,1197,1271,2153547,24117,1822336,8103900
2380,1141,1189,2152406,24069,1823525,7926100
2381,1138,1237,2151268,23970,1824762,7971800
2382,1134,1215,2150134,23889,1825977,7902500
2383,1159,1155,2148975,23893,1827132,7964900
2384,1152,1180,2147823,23865,1828312,8220800
2385,1166,1125,2146657,23906,1829437,8005900
2386,1160,1130,2145497,23936,1830567,7959700
2387,1201,1194,2144296,23943,1831761,8132600
2388,1228,1268,2143068,23903,1833029,8131800
2389,1149,1193,2141919,23859,1834222,8035500
2390,1232,1226,2140687,23865,1835448,8141700
2391,1151,1205,2139536,23811,1836653,7990700
2392,1126,1159,2138410,23778,1837812,8201100
2393,1184,1223,2137226,23739,1839035,8155900
2394,1186,1194,2136040,23731,1840229,8215700
2395,1181,1138,2134859,23774,1841367,7899000
2396,1195,1248,2133664,23721,1842615,7951600
2397,1190,1187,2132474,23724,1843802,7978900
2398,1188,1187,2131286,23725,1844989,7989200
2399,1152,1191,2130134,23686,1846180,8102000
2400,1154,1134,2128980,23706,1847314,8214900
2401,1166,1158,2127814,23714,1848472,8090200
2402,1137,1222,2126677,23629,1849694,8077500
2403,1138,1176,2125539,23591,1850870,8056800
2404,1214,1192,2124325,23613,1852062,8316800
2405,1215,1130,2123110,23698,1853192,8083700
2406,1216,1144,2121894,23770,1854336,8098700
2407,1215,1175,2120679,23810,1855511,7961100
2408,1211,1199,2119468,23822,1856710,8056900
2409,1142,1213,2118326,23751,1857923,8608300
2410,1221,1223,2117105,23749,1859146,8132000
2411,1174,1161,2115931,23762,1860307,8085900
2412,1210,1169,2114721,23803,1861476,8023600
2413,1165,1160,2113556,23808,1862636,8116100
2414,1171,1262,2112385,23717,1863898,8269400
2415,1166,1189,2111219,23694,1865087,8107200
2416,1178,1129,2110041,23743,1866216,8972900
2417,1188,1160,2108853,23771,1867376,8329300
2418,1197,1227,2107656,23741,1868603,8059600
2419,1210,1152,2106446,23799,1869755,8159100
2420,1190,1175,2105256,23814,1870930,8076200
2421,1207,1152,2104049,23869,1872082,8374800
2422,1209,1138,2102840,23940,1873220,8126000
2423,1189,1220,2101651,23909,1874440,8155200
2424,1222,1169,2100429,23962,1875609,8711300
2425,1257,1150,2099172,24069,1876759,8193600
2426,1194,1173,2097978,24090,1877932,8559600
2427,1245,1234,2096733,24101,1879166,8222000
2428,1252,1182,2095481,24171,1880348,8199800
2429,1220,1197,2094261,24194,1881545,8209300
2430,1217,1227,2093044,24184,1882772,8193900
2431,1213,1246,2091831,24151,1884018,7953800
2432,1176,1195,2090655,24132,1885213,8259600
2433,1152,1212,2089503,24072,1886425,8146700
2434,1266,1216,2088237,24122,1887641,8029000
2435,1181,1181,2087056,24122,1888822,7879400
2436,1181,1136,2085875,24167,1889958,7884300
2437,1208,1182,2084667,24193,1891140,8530900
2438,1207,1218,2083460,24182,1892358,8090200
2439,1244,1184,2082216,24242,1893542,8179900
2440,1246,1226,2080970,24262,1894768,8640200
2441,1244,1208,2079726,24298,1895976,8314500
2442,1212,1173,2078514,24337,1897149,8309800
2443,1234,1274,2077280,24297,1898423,8430900
2444,1242,1223,2076038,24316,1899646,8190300
2445,1239,1243,2074799,24312,1900889,8467400
2446,1275,1226,2073524,24361,1902115,8192900
2447,1240,1191,2072284,24410,1903306,8374300
2448,1242,1264,2071042,24388,1904570,8353100
2449,1227,1159,2069815,24456,1905729,8590000
2450,1223,1130,2068592,24549,1906859,8472300
2451,1194,1195,2067398,24548,1908054,9238100
2452,1234,1201,2066164,24581,1909255,8752700
2453,1210,1220,2064954,24571,1910475,8837700
2454,1191,1247,2063763,24515,1911722,9420800
2455,1220,1253,2062543,24482,1912975,8568600
2456,1241,1258,2061302,24465,1914233,8210500
2457,1193,1236,2060109,24422,1915469,8114500
2458,1205,1210,2058904,24417,1916679,7987400
2459,1183,1261,2057721,24339,1917940,7976800
2460,1179,1223,2056542,24295,1919163,7912200
2461,1155,1190,2055387,24260,1920353,7984500
2462,1265,1185,2054122,24340,1921538,7984000
2463,1218,1201,2052904,24357,1922739,8093600
2464,1238,1258,2051666,24337,1923997,8218600
2465,1225,1238,2050441,24324,1925235,8264700
2466,1158,1205,2049283,24277,1926440,8129600
2467,1228,1242,2048055,24263,1927682,7961100
2468,1195,1241,2046860,24217,1928923,7989500
2469,1138,1235,2045722,24120,1930158,8008300
2470,1232,1246,2044490,24106,1931404,8145100
2471,1171,1173,2043319,24104,1932577,8504500
2472,1196,1227,2042123,24073,1933804,8089800
2473,1243,1251,2040880,24065,1935055,8211900
2474,1215,1272,2039665,24008,1936327,8450500
2475,1173,1161,2038492,24020,1937488,8425900
2476,1193,1188,2037299,24025,1938676,8138600
2477,1146,1238,2036153,23933,1939914,8229700
2478,1236,1213,2034917,23956,1941127,8149100
2479,1204,1144,2033713,24016,1942271,8192400
2480,1231,1220,2032482,24027,1943491,8176200
2481,1182,1176,2031300,24033,1944667,8098200
2482,1227,1169,2030073,24091,1945836,8388500
2483,1234,1175,2028839,24150,1947011,8395600
2484,1193,1226,2027646,24117,1948237,8152300
2485,1205,1245,2026441,24077,1949482,8187500
2486,1175,1191,2025266,24061,1950673,8115200
2487,1199,1204,2024067,24056,1951877,8116600
2488,1173,1221,2022894,24008,1953098,8080600
2489,1132,1209,2021762,23931,1954307,8000700
2490,1183,1224,2020579,23890,1955531,8052500
2491,1205,1152,2019374,23943,1956683,8276200
2492,1180,1183,2018194,23940,1957866,7960300
2493,1185,1223,2017009,23902,1959089,7923800
2494,1204,1271,2015805,23835,1960360,7879300
2495,1177,1181,2014628,23831,1961541,7899100
2496,1162,1196,2013466,23797,1962737,8524500
2497,1237,1152,2012229,23882,1963889,7906100
2498,1230,1210,2010999,23902,1965099,8994600
2499,1200,1164,2009799,23938,1966263,8344000
2500,1206,1249,2008593,23895,1967512,8278800
2501,1162,1251,2007431,23806,1968763,8182700
2502,1227,1253,2006204,23780,1970016,8416500
2503,1218,1204,2004986,23794,1971220,8359400
2504,1159,1204,2003827,23749,1972424,8745500
2505,1208,1176,2002619,23781,1973600,8266900
2506,1250,1167,2001369,23864,1974767,8378400
2507,1169,1154,2000200,23879,1975921,8447600
2508,1210,1195,1998990,23894,1977116,8349200
2509,1212,1179,1997778,23927,1978295,8328800
2510,1248,1239,1996530,23936,1979534,8156100
2511,1245,1217,1995285,23964,1980751,8182700
2512,1187,1249,1994098,23902,1982000,8173000
2513,1195,1162,1992903,23935,1983162,8251700
2514,1229,1186,1991674,23978,1984348,8881700
2515,1211,1173,1990463,24016,1985521,8230700
2516,1242,1160,1989221,24098,1986681,8291900
2517,1278,1176,1987943,24200,1987857,8119900
2518,1209,1253,1986734,24156,1989110,8191000
2519,1252,1301,1985482,24107,1990411,8203300
2520,1194,1175,1984288,24126,1991586,8575900
2521,1230,1188,1983058,24168,1992774,8099300
2522,1198,1206,1981860,24160,1993980,8253700
2523,1211,1206,1980649,24165,1995186,8490700
2524,1226,1222,1979423,24169,1996408,8406800
2525,1192,1208,1978231,24153,1997616,8278900
2526,1228,1221,1977003,24160,1998837,8116100
2527,1178,1144,1975825,24194,1999981,8140400
2528,1192,1234,1974633,24152,2001215,8011200
2529,1217,1178,1973416,24191,2002393,8010900
2530,1214,1219,1972202,24186,2003612,8094900
2531,1262,1199,1970940,24249,2004811,8168700
2532,1212,1239,1969728,24222,2006050,8321800
2533,1235,1278,1968493,24179,2007328,8073800
2534,1184,1189,1967309,24174,2008517,8213700
2535,1241,1237,1966068,24178,2009754,8070800
2536,1175,1194,1964893,24159,2010948,8005700
2537,1210,1228,1963683,24141,2012176,8195300
2538,1192,1219,1962491,24114,2013395,8148700
2539,1206,1225,1961285,24095,2014620,8172100
2540,1256,1246,1960029,24105,2015866,8456300
2541,1230,1200,1958799,24135,2017066,8233600
2542,1287,1184,1957512,24238,2018250,8825000
2543,1243,1169,1956269,24312,2019419,8282600
2544,1285,1242,1954984,24355,2020661,8026200
2545,1244,1198,1953740,24401,2021859,7932900
2546,1276,1219,1952464,24458,2023078,8019700
2547,1184,1257,1951280,24385,2024335,8258800
2548,1210,1186,1950070,24409,2025521,7974600
2549,1234,1193,1948836,24450,2026714,8012900
2550,1227,1231,1947609,24446,2027945,8216900
2551,1271,1209,1946338,24508,2029154,8227200
2552,1245,1194,1945093,24559,2030348,8148300
2553,1217,1263,1943876,24513,2031611,8077100
2554,1212,1220,1942664,24505,2032831,8135200
2555,1292,1214,1941372,24583,2034045,7906000
2556,1234,1267,1940138,24550,2035312,7980600
2557,1222,1236,1938916,24536,2036548,7965600
2558,1246,1272,1937670,24510,2037820,7936800
2559,1228,1189,1936442,24549,2039009,8189200
2560,1203,1259,1935239,24493,2040268,8071000
2561,1294,1196,1933945,24591,2041464,8034000
2562,1171,1250,1932774,24512,2042714,8292600
2563,1217,1247,1931557,24482,2043961,8325000
2564,1212,1271,1930345,24423,2045232,8464100
2565,1172,1227,1929173,24368,2046459,8100300
2566,1216,1190,1927957,24394,2047649,8578900
2567,1275,1189,1926682,24480,2048838,8208000
2568,1258,1250,1925424,24488,2050088,8226200
2569,1237,1208,1924187,24517,2051296,8266300
2570,1226,1227,1922961,24516,2052523,8578600
2571,1256,1171,1921705,24601,2053694,8431300
2572,1217,1259,1920488,24559,2054953,8891100
2573,1209,1204,1919279,24564,2056157,8494500
2574,1203,1222,1918076,24545,2057379,8866200
2575,1299,1199,1916777,24645,2058578,8879700
2576,1222,1201,1915555,24666,2059779,8487400
2577,1229,1243,1914326,24652,2061022,8321800
2578,1254,1315,1913072,24591,2062337,8156900
2579,1223,1249,1911849,24565,2063586,7954900
2580,1252,1248,1910597,24569,2064834,8031800
2581,1223,1239,1909374,24553,2066073,8067700
2582,1234,1273,1908140,24514,2067346,8080100
2583,1211,1251,1906929,24474,2068597,8728500
2584,1197,1231,1905732,24440,2069828,8051700
2585,1237,1261,1904495,24416,2071089,8000000
2586,1164,1239,1903331,24341,2072328,8673500
2587,1163,1247,1902168,24257,2073575,8109500
2588,1200,1251,1900968,24206,2074826,8137400
2589,1200,1212,1899768,24194,2076038,8267200
2590,1221,1161,1898547,24254,2077199,8022500
2591,1226,1212,1897321,24268,2078411,7934400
2592,1203,1205,1896118,24266,2079616,7967500
2593,1168,1198,1894950,24236,2080814,7997700
2594,1159,1324,1893791,24071,2082138,8153000
2595,1168,1147,1892623,24092,2083285,8338600
2596,1205,1190,1891418,24107,2084475,8040600
2597,1204,1179,1890214,24132,2085654,8262200
2598,1162,1238,1889052,24056,2086892,8039100
2599,1231,1185,1887821,24102,2088077,8064500
2600,1204,1274,1886617,24032,2089351,8102600
2601,1225,1189,1885392,24068,2090540,8056300
2602,1188,1170,1884204,24086,2091710,8370400
2603,1270,1213,1882934,24143,2092923,8185100
2604,1190,1183,1881744,24150,2094106,8241800
2605,1260,1261,1880484,24149,2095367,8210700
2606,1168,1160,1879316,24157,2096527,8668100
2607,1196,1259,1878120,24094,2097786,8043600
2608,1179,1258,1876941,24015,2099044,8033300
2609,1187,1258,1875754,23944,2100302,8036500
2610,1178,1192,1874576,23930,2101494,8082700
2611,1204,1220,1873372,23914,2102714,8241300
2612,1184,1136,1872188,23962,2103850,7981000
2613,1120,1170,1871068,23912,2105020,7984400
2614,1220,1166,1869848,23966,2106186,7950700
2615,1138,1311,1868710,23793,2107497,7959500
2616,1158,1192,1867552,23759,2108689,8196100
2617,1175,1179,1866377,23755,2109868,7990200
2618,1211,1134,1865166,23832,2111002,8106500
2619,1231,1171,1863935,23892,2112173,8098800
2620,1179,1171,1862756,23900,2113344,8058100
2621,1153,1125,1861603,23928,2114469,8015400
2622,1201,1186,1860402,23943,2115655,8104500
2623,1170,1257,1859232,23856,2116912,8080900
2624,1185,1158,1858047,23883,2118070,8074100
2625,1270,1197,1856777,23956,2119267,7970500
2626,1126,1226,1855651,23856,2120493,8205000
2627,1152,1228,1854499,23780,2121721,8296400
2628,1114,1206,1853385,23688,2122927,8048900
2629,1103,1153,1852282,23638,2124080,8257200
2630,1098,1190,1851184,23546,2125270,7965700
2631,1169,1158,1850015,23557,2126428,8612300
2632,1184,1188,1848831,23553,2127616,8194100
2633,1189,1112,1847642,23630,2128728,7919000
2634,1165,1214,1846477,23581,2129942,7899400
2635,1195,1211,1845282,23565,2131153,8203000
2636,1160,1191,1844122,23534,2132344,8358000
2637,1110,1145,1843012,23499,2133489,8286600
2638,1176,1117,1841836,23558,2134606,8174800
2639,1138,1179,1840698,23517,2135785,8195700
2640,1149,1179,1839549,23487,2136964,7976000
2641,1174,1184,1838375,23477,2138148,8229100
2642,1147,1121,1837228,23503,2139269,8053700
2643,1135,1181,1836093,23457,2140450,8235700
2644,1202,1147,1834891,23512,2141597,8041900
2645,1219,1174,1833672,23557,2142771,7998100
2646,1194,1177,1832478,23574,2143948,7984300
2647,1173,1182,1831305,23565,2145130,7978600
2648,1143,1204,1830162,23504,2146334,8064900
2649,1213,1164,1828949,23553,2147498,8093400
2650,1167,1212,1827782,23508,2148710,8373200
2651,1173,1155,1826609,23526,2149865,8405400
2652,1185,1167,1825424,23544,2151032,8553500
2653,1209,1190,1824215,23563,2152222,8585100
2654,1198,1113,1823017,23648,2153335,8344500
2655,1206,1239,1821811,23615,2154574,8266900
2656,1167,1174,1820644,23608,2155748,8862200
2657,1205,1160,1819439,23653,2156908,8091100
2658,1182,1200,1818257,23635,2158108,8069600
2659,1138,1192,1817119,23581,2159300,8351500
2660,1139,1176,1815980,23544,2160476,8362200
2661,1167,1169,1814813,23542,2161645,8230500
2662,1102,1204,1813711,23440,2162849,8166800
2663,1135,1225,1812576,23350,2164074,8197300
2664,1185,1242,1811391,23293,2165316,8155000
2665,1172,1225,1810219,23240,2166541,8133200
2666,1180,1125,1809039,23295,2167666,8389600
2667,1159,1207,1807880,23247,2168873,8256900
2668,1155,1164,1806725,23238,2170037,8474500
2669,1138,1108,1805587,23268,2171145,8444300
2670,1192,1173,1804395,23287,2172318,8433500
2671,1121,1157,1803274,23251,2173475,8193400
2672,1156,1179,1802118,23228,2174654,8362900
2673,1166,1107,1800952,23287,2175761,8352700
2674,1182,1143,1799770,23326,2176904,8592400
2675,1155,1199,1798615,23282,2178103,8960800
2676,1166,1127,1797449,23321,2179230,8751300
2677,1189,1138,1796260,23372,2180368,8424000
2678,1167,1132,1795093,23407,2181500,7933000
2679,1180,1167,1793913,23420,2182667,8017800
2680,1158,1105,1792755,23473,2183772,7940700
2681,1168,1217,1791587,23424,2184989,7947200
2682,1125,1162,1790462,23387,2186151,7966100
2683,1163,1234,1789299,23316,2187385,8152900
2684,1107,1175,1788192,23248,2188560,8174200
2685,1158,1109,1787034,23297,2189669,8450000
2686,1097,1182,1785937,23212,2190851,8502500
2687,1161,1170,1784776,23203,2192021,8118800
2688,1108,1147,1783668,23164,2193168,8020500
2689,1146,1167,1782522,23143,2194335,8257500
2690,1113,1153,1781409,23103,2195488,8168300
2691,1165,1128,1780244,23140,2196616,8250600
2692,1205,1168,1779039,23177,2197784,8287900
2693,1249,1170,1777790,23256,2198954,8416200
2694,1147,1134,1776643,23269,2200088,9003900
2695,1158,1170,1775485,23257,2201258,8373700
2696,1176,1156,1774309,23277,2202414,8831600
2697,1113,1190,1773196,23200,2203604,8359400
2698,1175,1201,1772021,23174,2204805,8457000
2699,1160,1195,1770861,23139,2206000,8419700
2700,1136,1177,1769725,23098,2207177,8039500
2701,1130,1095,1768595,23133,2208272,8595900
2702,1136,1150,1767459,23119,2209422,8134500
2703,1169,1167,1766290,23121,2210589,8055700
2704,1199,1209,1765091,23111,2211798,8038100
2705,1151,1139,1763940,23123,2212937,8123600
2706,1157,1185,1762783,23095,2214122,8179400
2707,1165,1111,1761618,23149,2215233,8604000
2708,1103,1240,1760515,23012,2216473,8174800
2709,1155,1157,1759360,23010,2217630,7973600
2710,1151,1144,1758209,23017,2218774,7899100
2711,1066,1120,1757143,22963,2219894,7968000
2712,1096,1206,1756047,22853,2221100,8356300
2713,1091,1147,1754956,22797,2222247,8393700
2714,1086,1094,1753870,22789,2223341,8003400
2715,1073,1113,1752797,22749,2224454,8120300
2716,1091,1151,1751706,22689,2225605,8150100
2717,1155,1108,1750551,22736,2226713,8132600
2718,1126,1104,1749425,22758,2227817,8221500
2719,1121,1125,1748304,22754,2228942,8198100
2720,1136,1109,1747168,22781,2230051,8230400
2721,1117,1084,1746051,22814,2231135,8088000
2722,1184,1148,1744867,22850,2232283,8458900
2723,1115,1162,1743752,22803,2233445,8351000
2724,1181,1128,1742571,22856,2234573,9003900
2725,1157,1077,1741414,22936,2235650,9185300
2726,1164,1137,1740250,22963,2236787,8748200
2727,1105,1166,1739145,22902,2237953,8675900
2728,1120,1199,1738025,22823,2239152,9183100
2729,1157,1100,1736868,22880,2240252,8936000
2730,1146,1145,1735722,22881,2241397,8694400
2731,1181,1078,1734541,22984,2242475,8828000
2732,1093,1092,1733448,22985,2243567,9405000
2733,1156,1122,1732292,23019,2244689,8841700
2734,1114,1187,1731178,22946,2245876,8707400
2735,1135,1150,1730043,22931,2247026,8644900
2736,1125,1124,1728918,22932,2248150,8650000
2737,1096,1131,1727822,22897,2249281,8510900
2738,1086,1071,1726736,22912,2250352,8830700
2739,1166,1132,1725570,22946,2251484,8846100
2740,1112,1176,1724458,22882,2252660,8591300
2741,1152,1126,1723306,22908,2253786,8643800
2742,1133,1131,1722173,22910,2254917,8641200
2743,1156,1111,1721017,22955,2256028,8536200
2744,1087,1155,1719930,22887,2257183,8450200
2745,1130,1110,1718800,22907,2258293,8417100
2746,1101,1121,1717699,22887,2259414,8558000
2747,1099,1068,1716600,22918,2260482,9165400
2748,1117,1097,1715483,22938,2261579,9189400
2749,1113,1103,1714370,22948,2262682,9036000
2750,1113,1168,1713257,22893,2263850,9231500
2751,1135,1121,1712122,22907,2264971,8976300
2752,1106,1097,1711016,22916,2266068,9447900
2753,1087,1089,1709929,22914,2267157,9177300
2754,1159,1137,1708770,22936,2268294,9315200
2755,1148,1100,1707622,22984,2269394,9365600
2756,1141,1116,1706481,23009,2270510,8973900
2757,1082,1131,1705399,22960,2271641,9208500
2758,1136,1183,1704263,22913,2272824,9098200
2759,1091,1115,1703172,22889,2273939,8828200
2760,1071,1145,1702101,22815,2275084,9090400
2761,1125,1137,1700976,22803,2276221,9440700
2762,1136,1134,1699840,22805,2277355,9454500
2763,1095,1148,1698745,22752,2278503,9061000
2764,1075,1198,1697670,22629,2279701,9260900
2765,1143,1115,1696527,22657,2280816,9070000
2766,1156,1176,1695371,22637,2281992,8956400
2767,1166,1140,1694205,22663,2283132,9451500
2768,1117,1135,1693088,22645,2284267,8948500
2769,1187,1187,1691901,22645,2285454,9002800
2770,1106,1110,1690795,22641,2286564,9370100
2771,1149,1094,1689646,22696,2287658,8863900
2772,1169,1095,1688477,22770,2288753,8554800
2773,1097,1137,1687380,22730,2289890,8445800
2774,1134,1150,1686246,22714,2291040,8655300
2775,1173,1190,1685073,22697,2292230,8799700
2776,1119,1193,1683954,22623,2293423,8820200
2777,1145,1135,1682809,22633,2294558,8876800
2778,1150,1187,1681659,22596,2295745,8701300
2779,1196,1099,1680463,22693,2296844,8580600
2780,1144,1158,1679319,22679,2298002,9294600
2781,1149,1131,1678170,22697,2299133,9333500
2782,1213,1127,1676957,22783,2300260,9179600
2783,1144,1147,1675813,22780,2301407,8887100
2784,1222,1108,1674591,22894,2302515,8719600
2785,1150,1149,1673441,22895,2303664,9482600
2786,1118,1166,1672323,22847,2304830,8992400
2787,1185,1166,1671138,22866,2305996,9298000
2788,1036,1177,1670102,22725,2307173,9631400
2789,1145,1150,1668957,22720,2308323,9289200
2790,1152,1124,1667805,22748,2309447,9695800
2791,1122,1086,1666683,22784,2310533,9182400
2792,1122,1109,1665561,22797,2311642,9300500
2793,1132,1079,1664429,22850,2312721,8890600
2794,1169,1105,1663260,22914,2313826,8572100
2795,1122,1175,1662138,22861,2315001,9255300
2796,1108,1160,1661030,22809,2316161,9117600
2797,1120,1197,1659910,22732,2317358,9277600
2798,1178,1147,1658732,22763,2318505,10090200
2799,1159,1139,1657573,22783,2319644,10282500
2800,1138,1123,1656435,22798,2320767,9349800
2801,1130,1127,1655305,22801,2321894,9020400
2802,1130,1127,1654175,22804,2323021,8820000
2803,1165,1113,1653010,22856,2324134,9495500
2804,1162,1106,1651848,22912,2325240,8944400
2805,1122,1133,1650726,22901,2326373,9975300
2806,1082,1156,1649644,22827,2327529,9115300
2807,1132,1123,1648512,22836,2328652,8915700
2808,1154,1189,1647358,22801,2329841,9312200
2809,1149,1128,1646209,22822,2330969,9134900
2810,1144,1134,1645065,22832,2332103,10182600
2811,1109,1132,1643956,22809,2333235,9029400
2812,1111,1183,1642845,22737,2334418,8730600
2813,1102,1195,1641743,22644,2335613,8908900
2814,1120,1115,1640623,22649,2336728,8824500
2815,1160,1160,1639463,22649,2337888,9049600
2816,1154,1156,1638309,22647,2339044,9012500
2817,1094,1077,1637215,22664,2340121,9014300
2818,1160,1176,1636055,22648,2341297,8659800
2819,1147,1135,1634908,22660,2342432,8401600
2820,1153,1074,1633755,22739,2343506,8748200
2821,1103,1132,1632652,22710,2344638,8351500
2822,1139,1077,1631513,22772,2345715,8330100
2823,1106,1154,1630407,22724,2346869,8108800
2824,1123,1089,1629284,22758,2347958,8560900
2825,1098,1128,1628186,22728,2349086,8563500
2826,1131,1139,1627055,22720,2350225,8369300
2827,1106,1111,1625949,22715,2351336,8120400
2828,1107,1146,1624842,22676,2352482,8093400
2829,1126,1132,1623716,22670,2353614,8008300
2830,1173,1178,1622543,22665,2354792,7943200
2831,1106,1170,1621437,22601,2355962,8000900
2832,1108,1176,1620329,22533,2357138,8097800
2833,1106,1161,1619223,22478,2358299,8375900
2834,1113,1136,1618110,22455,2359435,8126000
2835,1129,1060,1616981,22524,2360495,7928000
2836,1118,1095,1615863,22547,2361590,8247800
2837,1112,1179,1614751,22480,2362769,7973700
2838,1078,1158,1613673,22400,2363927,8575500
2839,1054,1127,1612619,22327,2365054,8347900
2840,1129,1120,1611490,22336,2366174,8312600
2841,1052,1079,1610438,22309,2367253,8452000
2842,1138,1155,1609300,22292,2368408,8206400
2843,1152,1132,1608148,22312,2369540,8266600
2844,1109,1076,1607039,22345,2370616,8254200
2845,1145,1092,1605894,22398,2371708,8058400
2846,1136,1162,1604758,22372,2372870,7916900
2847,1104,1153,1603654,22323,2374023,8194200
2848,1182,1141,1602472,22364,2375164,7931100
2849,1106,1189,1601366,22281,2376353,8017700
2850,1132,1078,1600234,22335,2377431,7948000
2851,1106,1101,1599128,22340,2378532,8141500
2852,1063,1145,1598065,22258,2379677,8360800
2853,1129,1079,1596936,22308,2380756,8935800
2854,1142,1073,1595794,22377,2381829,9040000
2855,1124,1138,1594670,22363,2382967,8696900
2856,1090,1078,1593580,22375,2384045,9815700
2857,1170,1056,1592410,22489,2385101,8698900
2858,1137,1095,1591273,22531,2386196,8926500
2859,1119,1152,1590154,22498,2387348,9944600
2860,1164,1218,1588990,22444,2388566,9403700
2861,1162,1099,1587828,22507,2389665,8498100
2862,1098,1127,1586730,22478,2390792,8370700
2863,1101,1139,1585629,22440,2391931,8858700
2864,1114,1148,1584515,22406,2393079,10299500
2865,1119,1123,1583396,22402,2394202,11621100
2866,1188,1087,1582208,22503,2395289,9314000
2867,1034,1109,1581174,22428,2396398,8686800
2868,1074,1115,1580100,22387,2397513,9199800
2869,1063,1164,1579037,22286,2398677,8799600
2870,1106,1096,1577931,22296,2399773,8333700
2871,1071,1125,1576860,22242,2400898,8218100
2872,1107,1153,1575753,22196,2402051,8252400
2873,1125,1115,1574628,22206,2403166,8372500
2874,1147,1020,1573481,22333,2404186,8961900
2875,1095,1166,1572386,22262,2405352,8602200
2876,1096,1044,1571290,22314,2406396,8479900
2877,1107,1099,1570183,22322,2407495,8659600
2878,1146,1083,1569037,22385,2408578,8127400
2879,1084,1105,1567953,22364,2409683,8536800
2880,1160,1129,1566793,22395,2410812,8419000
2881,1123,1124,1565670,22394,2411936,8529100
2882,1107,1101,1564563,22400,2413037,8487500
2883,1176,1143,1563387,22433,2414180,8425600
2884,1149,1094,1562238,22488,2415274,8183200
2885,1104,1195,1561134,22397,2416469,8129800
2886,1113,1111,1560021,22399,2417580,8122800
2887,1148,1120,1558873,22427,2418700,8298800
2888,1118,1087,1557755,22458,2419787,8238200
2889,1102,1123,1556653,22437,2420910,8388700
2890,1087,1086,1555566,22438,2421996,8667200
2891,1082,1103,1554484,22417,2423099,8440900
2892,1109,1133,1553375,22393,2424232,8647300
2893,1078,1067,1552297,22404,2425299,8563900
2894,1080,1100,1551217,22384,2426399,8324600
2895,1108,1124,1550109,22368,2427523,8242200
2896,1068,1102,1549041,22334,2428625,8436600
2897,1071,1141,1547970,22264,2429766,8464000
2898,1034,1106,1546936,22192,2430872,8488700
2899,1058,1130,1545878,22120,2432002,8381500
2900,1138,1063,1544740,22195,2433065,8383100
2901,1106,1118,1543634,22183,2434183,8314200
2902,1108,1081,1542526,22210,2435264,8278500
2903,1064,1129,1541462,22145,2436393,8423100
2904,1098,1137,1540364,22106,2437530,8121100
2905,1059,1132,1539305,22033,2438662,8446200
2906,1058,1083,1538247,22008,2439745,8647800
2907,1104,1072,1537143,22040,2440817,8675900
2908,1044,1096,1536099,21988,2441913,8320800
2909,1053,1086,1535046,21955,2442999,8399200
2910,1041,1108,1534005,21888,2444107,8388400
2911,1019,1070,1532986,21837,2445177,8326500
2912,1096,1106,1531890,21827,2446283,8299100
2913,1080,1115,1530810,21792,2447398,8059100
2914,1072,1072,1529738,21792,2448470,8333900
2915,1056,1120,1528682,21728,2449590,8277500
2916,1007,1078,1527675,21657,2450668,8261700
2917,1044,1090,1526631,21611,2451758,8270700
2918,1075,1026,1525556,21660,2452784,8000600
2919,1035,1079,1524521,21616,2453863,8434400
2920,1032,1080,1523489,21568,2454943,8361000
2921,1046,1082,1522443,21532,2456025,8351500
2922,1075,1094,1521368,21513,2457119,8333200
2923,998,1132,1520370,21379,2458251,8280300
2924,1047,1008,1519323,21418,2459259,8421400
2925,1086,1102,1518237,21402,2460361,8385500
2926,1073,1099,1517164,21376,2461460,8409600
2927,1081,1039,1516083,21418,2462499,8941200
2928,1036,1074,1515047,21380,2463573,8480900
2929,1051,1042,1513996,21389,2464615,8505700
2930,1003,1080,1512993,21312,2465695,8092600
2931,1093,1066,1511900,21339,2466761,8301300
2932,1007,1077,1510893,21269,2467838,7975700
2933,1071,1072,1509822,21268,2468910,8152600
2934,1040,1088,1508782,21220,2469998,8187600
2935,1061,1049,1507721,21232,2471047,8213000
2936,1056,1022,1506665,21266,2472069,7956300
2937,1004,1110,1505661,21160,2473179,8057100
2938,1068,1079,1504593,21149,2474258,8171400
2939,995,1040,1503598,21104,2475298,8109900
2940,1018,1048,1502580,21074,2476346,8250500
2941,1021,1086,1501559,21009,2477432,8105400
2942,1024,1081,1500535,20952,2478513,8028500
2943,1050,1015,1499485,20987,2479528,8017000
2944,1033,986,1498452,21034,2480514,8065500
2945,1015,1108,1497437,20941,2481622,8393300
2946,1042,1069,1496395,20914,2482691,8287100
2947,1088,1084,1495307,20918,2483775,8421900
2948,1116,944,1494191,21090,2484719,8351600
2949,969,1085,1493222,20974,2485804,8114000
2950,1033,1077,1492189,20930,2486881,8418400
2951,1058,1060,1491131,20928,2487941,8252000
2952,1048,1042,1490083,20934,2488983,8380800
2953,1043,1003,1489040,20974,2489986,8508900
2954,1047,1079,1487993,20942,2491065,8242200
2955,1023,1042,1486970,20923,2492107,8356800
2956,1062,1091,1485908,20894,2493198,8297000
2957,1050,979,1484858,20965,2494177,8006000
2958,1088,986,1483770,21067,2495163,8371300
2959,1056,1069,1482714,21054,2496232,8308700
2960,1079,1094,1481635,21039,2497326,8338200
2961,1052,1039,1480583,21052,2498365,8411500
2962,1090,1077,1479493,21065,2499442,8295600
2963,1092,988,1478401,21169,2500430,8144500
2964,1071,1079,1477330,21161,2501509,8115200
2965,1006,1054,1476324,21113,2502563,8037400
2966,1037,1077,1475287,21073,2503640,8061200
2967,1070,1013,1474217,21130,2504653,8304600
2968,1012,1061,1473205,21081,2505714,8013100
2969,993,1086,1472212,20988,2506800,8379000
2970,1008,1054,1471204,20942,2507854,8399900
2971,999,1068,1470205,20873,2508922,8280200
2972,989,1004,1469216,20858,2509926,8435600
2973,1011,1063,1468205,20806,2510989,8056900
2974,1037,1054,1467168,20789,2512043,7870100
2975,1014,966,1466154,20837,2513009,7952800
2976,1044,1065,1465110,20816,2514074,8054900
2977,975,1086,1464135,20705,2515160,7949100
2978,992,1126,1463143,20571,2516286,8181400
2979,1010,1019,1462133,20562,2517305,8057100
2980,1024,1034,1461109,20552,2518339,8050600
2981,912,1037,1460197,20427,2519376,7927700
2982,1001,967,1459196,20461,2520343,7979600
2983,986,1076,1458210,20371,2521419,8224900
2984,986,963,1457224,20394,2522382,8395100
2985,953,1069,1456271,20278,2523451,7923000
2986,948,1004,1455323,20222,2524455,7998000
2987,1008,1002,1454315,20228,2525457,7991600
2988,974,1036,1453341,20166,2526493,8255200
2989,981,974,1452360,20173,2527467,7982900
2990,974,1059,1451386,20088,2528526,8013700
2991,1011,1016,1450375,20083,2529542,8416600
2992,1026,953,1449349,20156,2530495,8389600
2993,987,1001,1448362,20142,2531496,8117600
2994,988,964,1447374,20166,2532460,8012700
2995,929,1033,1446445,20062,2533493,8331000
2996,991,954,1445454,20099,2534447,7998200
2997,1006,914,1444448,20191,2535361,7905000
2998,1067,1020,1443381,20238,2536381,7902800
2999,1015,1002,1442366,20251,2537383,8068200
3000,975,999,1441391,20227,2538382,8092400
3001,999,976,1440392,20250,2539358,8084900
3002,1010,978,1439382,20282,2540336,8013300
3003,986,1074,1438396,20194,2541410,8063000
3004,1010,1051,1437386,20153,2542461,7971900
3005,990,984,1436396,20159,2543445,7897200
3006,1006,1009,1435390,20156,2544454,8188600
3007,944,1026,1434446,20074,2545480,9486100
3008,980,1028,1433466,20026,2546508,8561700
3009,982,957,1432484,20051,2547465,8171800
3010,957,1017,1431527,19991,2548482,7961600
3011,946,1079,1430581,19858,2549561,8042300
3012,1045,943,1429536,19960,2550504,8141600
3013,1031,975,1428505,20016,2551479,8235400
3014,901,993,1427604,19924,2552472,8199000
3015,1055,963,1426549,20016,2553435,7887600
3016,988,1009,1425561,19995,2554444,8157900
3017,953,1032,1424608,19916,2555476,7980800
3018,952,1027,1423656,19841,2556503,7974700
3019,941,994,1422715,19788,2557497,8404200
3020,982,939,1421733,19831,2558436,8045900
3021,1011,979,1420722,19863,2559415,8129000
3022,995,1051,1419727,19807,2560466,7950800
3023,964,1001,1418763,19770,2561467,8336500
3024,988,1037,1417775,19721,2562504,8400300
3025,990,941,1416785,19770,2563445,8007200
3026,951,960,1415834,19761,2564405,8003600
3027,985,994,1414849,19752,2565399,8347500
3028,1014,988,1413835,19778,2566387,8187600
3029,943,996,1412892,19725,2567383,8177100
3030,925,961,1411967,19689,2568344,8444300
3031,996,985,1410971,19700,2569329,8334100
3032,956,1008,1410015,19648,2570337,8157800
3033,981,936,1409034,19693,2571273,8392100
3034,975,955,1408059,19713,2572228,8037900
3035,955,956,1407104,19712,2573184,8432900
3036,940,1024,1406164,19628,2574208,8127700
3037,963,945,1405201,19646,2575153,8709300
3038,919,989,1404282,19576,2576142,8398300
3039,922,988,1403360,19510,2577130,8139000
3040,974,959,1402386,19525,2578089,8751000
3041,926,957,1401460,19494,2579046,8562600
3042,957,974,1400503,19477,2580020,8579400
3043,913,973,1399590,19417,2580993,8503500
3044,990,1028,1398600,19379,2582021,8774400
3045,989,1005,1397611,19363,2583026,8537700
3046,989,962,1396622,19390,2583988,8909300
3047,991,953,1395631,19428,2584941,8942500
3048,948,924,1394683,19452,2585865,9106100
3049,933,969,1393750,19416,2586834,8599100
3050,962,1010,1392788,19368,2587844,8114700
3051,984,977,1391804,19375,2588821,7991300
3052,933,948,1390871,19360,2589769,8226200
3053,989,938,1389882,19411,2590707,7976500
3054,961,945,1388921,19427,2591652,8181700
3055,970,938,1387951,19459,2592590,8185700
3056,1020,977,1386931,19502,2593567,7958200
3057,977,965,1385954,19514,2594532,7968200
3058,944,968,1385010,19490,2595500,8194300
3059,974,1005,1384036,19459,2596505,8095000
3060,888,961,1383148,19386,2597466,8017000
3061,953,1006,1382195,19333,2598472,7997900
3062,942,909,1381253,19366,2599381,8111200
3063,956,1018,1380297,19304,2600399,8542700
3064,910,1037,1379387,19177,2601436,8364300
3065,930,958,1378457,19149,2602394,7998200
3066,939,917,1377518,19171,2603311,7981400
3067,936,938,1376582,19169,2604249,8347700
3068,968,1000,1375614,19137,2605249,8027600
3069,893,1012,1374721,19018,2606261,8074200
3070,1024,946,1373697,19096,2607207,8040000
3071,925,924,1372772,19097,2608131,7898800
3072,926,965,1371846,19058,2609096,8629700
3073,960,925,1370886,19093,2610021,8801200
3074,940,966,1369946,19067,2610987,8763300
3075,982,977,1368964,19072,2611964,9129200
3076,892,940,1368072,19024,2612904,10363800
3077,963,912,1367109,19075,2613816,9643500
3078,927,970,1366182,19032,2614786,8844700
3079,939,855,1365243,19116,2615641,8181400
3080,931,911,1364312,19136,2616552,8011900
3081,910,1007,1363402,19039,2617559,7981200
3082,934,909,1362468,19064,2618468,8007700
3083,907,960,1361561,19011,2619428,8086200
3084,920,937,1360641,18994,2620365,8461100
3085,940,940,1359701,18994,2621305,8523300
3086,1021,954,1358680,19061,2622259,8265800
3087,935,1014,1357745,18982,2623273,8011400
3088,946,915,1356799,19013,2624188,8019000
3089,907,947,1355892,18973,2625135,8184100
3090,924,932,1354968,18965,2626067,8054000
3091,906,973,1354062,18898,2627040,8071800
3092,890,952,1353172,18836,2627992,7979800
3093,918,936,1352254,18818,2628928,8172800
3094,904,913,1351350,18809,2629841,8285100
3095,976,876,1350374,18909,2630717,8390400
3096,864,1012,1349510,18761,2631729,8311900
3097,913,946,1348597,18728,2632675,8416500
3098,906,906,1347691,18728,2633581,8354700
3099,898,948,1346793,18678,2634529,8882600
3100,911,972,1345882,18617,2635501,8796400
3101,869,919,1345013,18567,2636420,8872800
3102,882,943,1344131,18506,2637363,8656100
3103,886,907,1343245,18485,2638270,8549900
3104,915,867,1342330,18533,2639137,8348900
3105,942,909,1341388,18566,2640046,8166800
3106,903,858,1340485,18611,2640904,8329400
3107,949,926,1339536,18634,2641830,8400900
3108,910,926,1338626,18618,2642756,8310700
3109,871,942,1337755,18547,2643698,8903700
3110,913,882,1336842,18578,2644580,8609500
3111,868,968,1335974,18478,2645548,8406200
3112,956,848,1335018,18586,2646396,8494500
3113,897,900,1334121,18583,2647296,8093000
3114,869,915,1333252,18537,2648211,8496300
3115,884,959,1332368,18462,2649170,8913400
3116,957,955,1331411,18464,2650125,8441500
3117,910,922,1330501,18452,2651047,8367800
3118,907,900,1329594,18459,2651947,8551100
3119,948,924,1328646,18483,2652871,8293000
3120,920,891,1327726,18512,2653762,8535000
3121,878,946,1326848,18444,2654708,8701300
3122,906,972,1325942,18378,2655680,8373300
3123,883,923,1325059,18338,2656603,8295300
3124,923,922,1324136,18339,2657525,8193000
3125,912,919,1323224,18332,2658444,7958600
3126,887,909,1322337,18310,2659353,7944700
3127,923,922,1321414,18311,2660275,8078600
3128,858,903,1320556,18266,2661178,8063000
3129,906,904,1319650,18268,2662082,7996300
3130,938,905,1318712,18301,2662987,8195700
3131,928,927,1317784,18302,2663914,8448000
3132,858,899,1316926,18261,2664813,8606500
3133,940,918,1315986,18283,2665731,8421300
3134,904,890,1315082,18297,2666621,8170500
3135,913,900,1314169,18310,2667521,7965300
3136,873,917,1313296,18266,2668438,8352700
3137,862,929,1312434,18199,2669367,8696000
3138,909,932,1311525,18176,2670299,9132500
3139,867,938,1310658,18105,2671237,8952700
3140,848,870,1309810,18083,2672107,8974700
3141,909,849,1308901,18143,2672956,8644900
3142,891,924,1308010,18110,2673880,8561800
3143,868,900,1307142,18078,2674780,8800000
3144,910,972,1306232,18016,2675752,8517800
3145,890,931,1305342,17975,2676683,8660800
3146,901,880,1304441,17996,2677563,8628900
3147,888,865,1303553,18019,2678428,8599100
3148,866,911,1302687,17974,2679339,8179900
3149,864,868,1301823,17970,2680207,8432400
3150,893,887,1300930,17976,2681094,8889000
3151,891,925,1300039,17942,2682019,8497100
3152,854,894,1299185,17902,2682913,8240500
3153,906,905,1298279,17903,2683818,8548300
3154,863,897,1297416,17869,2684715,8902900
3155,861,904,1296555,17826,2685619,8469100
3156,855,904,1295700,17777,2686523,8425800
3157,864,929,1294836,17712,2687452,8310500
3158,832,888,1294004,17656,2688340,8007400
3159,803,866,1293201,17593,2689206,8268700
3160,818,896,1292383,17515,2690102,8267800
3161,873,856,1291510,17532,2690958,8550800
3162,846,847,1290664,17531,2691805,9064700
3163,797,842,1289867,17486,2692647,9796400
3164,861,864,1289006,17483,2693511,9287000
3165,877,856,1288129,17504,2694367,9006600
3166,850,862,1287279,17492,2695229,9415100
3167,848,915,1286431,17425,2696144,8460200
3168,837,894,1285594,17368,2697038,8169500
3169,777,876,1284817,17269,2697914,8286500
3170,817,871,1284000,17215,2698785,7959500
3171,801,820,1283199,17196,2699605,7962100
3172,837,863,1282362,17170,2700468,7969500
3173,816,848,1281546,17138,2701316,7985400
3174,838,893,1280708,17083,2702209,8744500
3175,780,899,1279928,16964,2703108,8370100
3176,831,863,1279097,16932,2703971,8002800
3177,811,854,1278286,16889,2704825,8877500
3178,837,846,1277449,16880,2705671,8273100
3179,813,850,1276636,16843,2706521,7984900
3180,820,844,1275816,16819,2707365,8092200
3181,808,839,1275008,16788,2708204,7976500
3182,842,836,1274166,16794,2709040,7959100
3183,799,893,1273367,16700,2709933,7982200
3184,822,840,1272545,16682,2710773,8512000
3185,806,875,1271739,16613,2711648,8598700
3186,833,860,1270906,16586,2712508,8549600
3187,793,868,1270113,16511,2713376,8149100
3188,803,803,1269310,16511,2714179,8108500
3189,821,790,1268489,16542,2714969,7955400
3190,828,877,1267661,16493,2715846,7969300
3191,783,829,1266878,16447,2716675,7893400
3192,804,828,1266074,16423,2717503,7875300
3193,853,796,1265221,16480,2718299,8086600
3194,859,828,1264362,16511,2719127,8107500
3195,771,841,1263591,16441,2719968,8058600
3196,858,767,1262733,16532,2720735,7961400
3197,823,824,1261910,16531,2721559,8064400
3198,851,809,1261059,16573,2722368,7981700
3199,910,848,1260149,16635,2723216,7990200
3200,868,790,1259281,16713,2724006,8260600
3201,870,820,1258411,16763,2724826,8437000
3202,837,839,1257574,16761,2725665,8128000
3203,794,821,1256780,16734,2726486,7940700
3204,856,824,1255924,16766,2727310,7974800
3205,858,850,1255066,16774,2728160,7925700
3206,801,808,1254265,16767,2728968,7852500
3207,854,879,1253411,16742,2729847,8103400
3208,888,859,1252523,16771,2730706,7972500
3209,802,840,1251721,16733,2731546,7970000
3210,902,822,1250819,16813,2732368,8364600
3211,864,832,1249955,16845,2733200,8048200
3212,907,851,1249048,16901,2734051,8637500
3213,867,825,1248181,16943,2734876,8605000
3214,846,882,1247335,16907,2735758,8531000
3215,830,881,1246505,16856,2736639,8103400
3216,865,887,1245640,16834,2737526,7923700
3217,846,838,1244794,16842,2738364,7881900
3218,821,888,1243973,16775,2739252,8175100
3219,771,898,1243202,16648,2740150,7995400
3220,833,852,1242369,16629,2741002,8045600
3221,823,856,1241546,16596,2741858,7913300
3222,752,836,1240794,16512,2742694,8178300
3223,774,869,1240020,16417,2743563,8308500
3224,806,833,1239214,16390,2744396,7917600
3225,774,833,1238440,16331,2745229,7999000
3226,771,844,1237669,16258,2746073,8723700
3227,798,783,1236871,16273,2746856,8574400
3228,816,817,1236055,16272,2747673,8149200
3229,751,789,1235304,16234,2748462,8134900
3230,813,812,1234491,16235,2749274,7923600
3231,813,803,1233678,16245,2750077,7979600
3232,862,848,1232816,16259,2750925,7912500
3233,845,845,1231971,16259,2751770,7973400
3234,824,853,1231147,16230,2752623,8282800
3235,850,829,1230297,16251,2753452,8064400
3236,833,836,1229464,16248,2754288,8044500
3237,825,793,1228639,16280,2755081,7906700
3238,841,806,1227798,16315,2755887,7950600
3239,779,815,1227019,16279,2756702,8020300
3240,820,821,1226199,16278,2757523,7990100
3241,816,798,1225383,16296,2758321,8043500
3242,805,806,1224578,16295,2759127,8157600
3243,803,818,1223775,16280,2759945,8356500
3244,842,836,1222933,16286,2760781,8616600
3245,810,829,1222123,16267,2761610,8429800
3246,825,775,1221298,16317,2762385,8509000
3247,779,781,1220519,16315,2763166,8162100
3248,834,828,1219685,16321,2763994,8302300
3249,807,837,1218878,16291,2764831,8231500
3250,829,851,1218049,16269,2765682,8645900
3251,812,793,1217237,16288,2766475,8589900
3252,858,822,1216379,16324,2767297,8503200
3253,843,830,1215536,16337,2768127,8279800
3254,792,814,1214744,16315,2768941,8123200
3255,824,831,1213920,16308,2769772,8117900
3256,808,796,1213112,16320,2770568,8164000
3257,814,818,1212298,16316,2771386,8006500
3258,855,869,1211443,16302,2772255,8542000
3259,794,841,1210649,16255,2773096,8309300
3260,842,841,1209807,16256,2773937,8064400
3261,814,825,1208993,16245,2774762,8324000
3262,812,815,1208181,16242,2775577,8336800
3263,792,771,1207389,16263,2776348,8274200
3264,760,795,1206629,16228,2777143,7994000
3265,837,762,1205792,16303,2777905,8076700
3266,839,793,1204953,16349,2778698,8106700
3267,760,826,1204193,16283,2779524,8219500
3268,799,852,1203394,16230,2780376,8365800
3269,792,838,1202602,16184,2781214,8753900
3270,811,849,1201791,16146,2782063,8354900
3271,815,821,1200976,16140,2782884,8534700
3272,812,826,1200164,16126,2783710,8525000
3273,776,760,1199388,16142,2784470,8292800
3274,805,795,1198583,16152,2785265,8337500
3275,798,784,1197785,16166,2786049,8316400
3276,801,782,1196984,16185,2786831,7947100
3277,823,812,1196161,16196,2787643,7973700
3278,835,791,1195326,16240,2788434,8035100
3279,796,789,1194530,16247,2789223,8002600
3280,778,818,1193752,16207,2790041,8961000
3281,797,794,1192955,16210,2790835,8349300
3282,825,845,1192130,16190,2791680,8504700
3283,789,842,1191341,16137,2792522,8484200
3284,744,850,1190597,16031,2793372,9227400
3285,801,812,1189796,16020,2794184,8734000
3286,855,821,1188941,16054,2795005,8524600
3287,835,816,1188106,16073,2795821,8656400
3288,776,858,1187330,15991,2796679,8407300
3289,779,803,1186551,15967,2797482,8468600
3290,747,763,1185804,15951,2798245,8636800
3291,786,830,1185018,15907,2799075,8386100
3292,822,796,1184196,15933,2799871,8433400
3293,758,784,1183438,15907,2800655,8928300
3294,808,814,1182630,15901,2801469,8321600
3295,772,834,1181858,15839,2802303,8138400
3296,744,801,1181114,15782,2803104,7910100
3297,802,774,1180312,15810,2803878,8262600
3298,841,808,1179471,15843,2804686,7932500
3299,791,793,1178680,15841,2805479,8051600
3300,806,769,1177874,15878,2806248,8203500
3301,852,809,1177022,15921,2807057,8150200
3302,778,843,1176244,15856,2807900,8016800
3303,744,730,1175500,15870,2808630,7913500
3304,790,763,1174710,15897,2809393,8359900
3305,800,763,1173910,15934,2810156,8497500
3306,822,825,1173088,15931,2810981,9265700
3307,807,780,1172281,15958,2811761,8254600
3308,791,815,1171490,15934,2812576,8050800
3309,863,795,1170627,16002,2813371,8280200
3310,817,812,1169810,16007,2814183,8119800
3311,818,802,1168992,16023,2814985,7948800
3312,787,814,1168205,15996,2815799,8016800
3313,795,802,1167410,15989,2816601,7878900
3314,793,786,1166617,15996,2817387,8197000
3315,715,804,1165902,15907,2818191,8724800
3316,797,844,1165105,15860,2819035,8349200
3317,757,789,1164348,15828,2819824,8134600
3318,773,772,1163575,15829,2820596,8030200
3319,759,807,1162816,15781,2821403,7917700
3320,842,798,1161974,15825,2822201,7963100
3321,799,859,1161175,15765,2823060,8236300
3322,804,805,1160371,15764,2823865,8089900
3323,824,823,1159547,15765,2824688,8183600
3324,804,766,1158743,15803,2825454,8098300
3325,842,790,1157901,15855,2826244,8195400
3326,778,786,1157123,15847,2827030,8586800
3327,768,859,1156355,15756,2827889,8391800
3328,788,804,1155567,15740,2828693,8200400
3329,785,777,1154782,15748,2829470,8032500
3330,773,814,1154009,15707,2830284,7972500
3331,797,807,1153212,15697,2831091,8498700
3332,795,856,1152417,15636,2831947,8178900
3333,763,821,1151654,15578,2832768,8380900
3334,765,755,1150889,15588,2833523,8293000
3335,766,805,1150123,15549,2834328,8209400
3336,790,804,1149333,15535,2835132,8303200
3337,809,771,1148524,15573,2835903,8058800
3338,766,765,1147758,15574,2836668,8099500
3339,826,797,1146932,15603,2837465,8038200
3340,736,710,1146196,15629,2838175,8102100
3341,779,800,1145417,15608,2838975,7926900
3342,794,799,1144623,15603,2839774,7939800
3343,755,763,1143868,15595,2840537,8048200
3344,765,802,1143103,15558,2841339,8158900
3345,766,774,1142337,15550,2842113,8009400
3346,792,768,1141545,15574,2842881,7904400
3347,764,817,1140781,15521,2843698,7991300
3348,751,793,1140030,15479,2844491,8400200
3349,722,777,1139308,15424,2845268,8034200
3350,765,762,1138543,15427,2846030,8514100
3351,761,790,1137782,15398,2846820,7860300
3352,725,785,1137057,15338,2847605,7995500
3353,760,737,1136297,15361,2848342,7971500
3354,764,746,1135533,15379,2849088,8085800
3355,819,762,1134714,15436,2849850,8290400
3356,752,766,1133962,15422,2850616,8119000
3357,823,737,1133139,15508,2851353,8170600
3358,759,818,1132380,15449,2852171,8214900
3359,752,791,1131628,15410,2852962,8105000
3360,744,760,1130884,15394,2853722,7989000
3361,816,782,1130068,15428,2854504,8111500
3362,732,839,1129336,15321,2855343,8022100
3363,789,790,1128547,15320,2856133,8336100
3364,716,696,1127831,15340,2856829,8072000
3365,764,739,1127067,15365,2857568,8142700
3366,740,779,1126327,15326,2858347,7961200
3367,733,730,1125594,15329,2859077,8048000
3368,759,743,1124835,15345,2859820,8009100
3369,709,779,1124126,15275,2860599,8029500
3370,746,758,1123380,15263,2861357,8061700
3371,787,752,1122593,15298,2862109,8198700
3372,756,739,1121837,15315,2862848,8187000
3373,780,762,1121057,15333,2863610,7957500
3374,718,714,1120339,15337,2864324,8011700
3375,762,758,1119577,15341,2865082,7989200
3376,783,794,1118794,15330,2865876,7989800
3377,769,763,1118025,15336,2866639,8052400
3378,804,761,1117221,15379,2867400,8009300
3379,764,774,1116457,15369,2868174,8116300
3380,749,781,1115708,15337,2868955,8460600
3381,787,752,1114921,15372,2869707,8727700
3382,737,757,1114184,15352,2870464,8113600
3383,765,772,1113419,15345,2871236,8025800
3384,756,758,1112663,15343,2871994,7965400
3385,766,758,1111897,15351,2872752,8174900
3386,715,753,1111182,15313,2873505,8234500
3387,745,785,1110437,15273,2874290,8055700
3388,725,756,1109712,15242,2875046,8463700
3389,737,755,1108975,15224,2875801,8101100
3390,753,729,1108222,15248,2876530,8032200
3391,713,740,1107509,15221,2877270,8015700
3392,769,764,1106740,15226,2878034,7969600
3393,755,739,1105985,15242,2878773,8400500
3394,782,737,1105203,15287,2879510,8592400
3395,793,751,1104410,15329,2880261,8529700
3396,807,784,1103603,15352,2881045,8363600
3397,732,809,1102871,15275,2881854,8247900
3398,709,814,1102162,15170,2882668,8399200
3399,777,752,1101385,15195,2883420,8414700
3400,755,736,1100630,15214,2884156,8366700
3401,758,732,1099872,15240,2884888,8891700
3402,753,742,1099119,15251,2885630,8531000
3403,760,801,1098359,15210,2886431,8400200
3404,787,763,1097572,15234,2887194,8723400
3405,769,779,1096803,15224,2887973,9070700
3406,731,783,1096072,15172,2888756,8640200
3407,808,755,1095264,15225,2889511,8984100
3408,770,797,1094494,15198,2890308,8776700
3409,753,813,1093741,15138,2891121,8617300
3410,763,741,1092978,15160,2891862,8609200
3411,787,739,1092191,15208,2892601,8361800
3412,731,789,1091460,15150,2893390,8690200
3413,749,771,1090711,15128,2894161,8290400
3414,790,748,1089921,15170,2894909,8537700
3415,775,776,1089146,15169,2895685,8220000
3416,773,801,1088373,15141,2896486,8252900
3417,760,757,1087613,15144,2897243,8204900
3418,716,762,1086897,15098,2898005,8046900
3419,751,768,1086146,15081,2898773,8336800
3420,758,734,1085388,15105,2899507,8569500
3421,765,693,1084623,15177,2900200,8271800
3422,741,738,1083882,15180,2900938,8013500
3423,791,761,1083091,15210,2901699,8063700
3424,744,752,1082347,15202,2902451,8187400
3425,766,776,1081581,15192,2903227,8076900
3426,737,798,1080844,15131,2904025,8187200
3427,756,760,1080088,15127,2904785,8277900
3428,710,774,1079378,15063,2905559,8540100
3429,702,753,1078676,15012,2906312,8218400
3430,742,749,1077934,15005,2907061,7942400
3431,753,747,1077181,15011,2907808,8164500
3432,770,777,1076411,15004,2908585,7899700
3433,759,731,1075652,15032,2909316,7914900
3434,797,716,1074855,15113,2910032,8107500
3435,810,740,1074045,15183,2910772,8191800
3436,749,743,1073296,15189,2911515,8606900
3437,771,787,1072525,15173,2912302,8213800
3438,717,790,1071808,15100,2913092,8324400
3439,788,763,1071020,15125,2913855,8045600
3440,772,714,1070248,15183,2914569,7944300
3441,762,740,1069486,15205,2915309,7935800
3442,772,734,1068714,15243,2916043,8035800
3443,777,737,1067937,15283,2916780,7942600
3444,754,757,1067183,15280,2917537,8010100
3445,792,804,1066391,15268,2918341,8072800
3446,769,796,1065622,15241,2919137,7987600
3447,762,786,1064860,15217,2919923,8498200
3448,768,757,1064092,15228,2920680,8451400
3449,745,746,1063347,15227,2921426,8090000
3450,749,783,1062598,15193,2922209,7906600
3451,785,759,1061813,15219,2922968,7897500
3452,804,740,1061009,15283,2923708,8233100
3453,750,811,1060259,15222,2924519,8516100
3454,726,801,1059533,15147,2925320,8404500
3455,776,768,1058757,15155,2926088,8638100
3456,773,753,1057984,15175,2926841,8579900
3457,730,704,1057254,15201,2927545,8066400
3458,799,750,1056455,15250,2928295,8098100
3459,758,733,1055697,15275,2929028,8724400
3460,742,810,1054955,15207,2929838,8290700
3461,765,699,1054190,15273,2930537,8876900
3462,749,750,1053441,15272,2931287,8269500
3463,753,716,1052688,15309,2932003,8087600
3464,753,757,1051935,15305,2932760,8765800
3465,776,791,1051159,15290,2933551,8017700
3466,735,750,1050424,15275,2934301,7999800
3467,767,782,1049657,15260,2935083,8437000
3468,761,790,1048896,15231,2935873,8371500
3469,759,738,1048137,15252,2936611,8155100
3470,726,789,1047411,15189,2937400,8012500
3471,722,739,1046689,15172,2938139,8698100
3472,731,718,1045958,15185,2938857,8252600
3473,696,776,1045262,15105,2939633,8437800
3474,710,794,1044552,15021,2940427,8778200
3475,704,731,1043848,14994,2941158,8912000
3476,717,732,1043131,14979,2941890,8271500
3477,746,749,1042385,14976,2942639,8193600
3478,722,767,1041663,14931,2943406,8440100
3479,758,744,1040905,14945,2944150,8396900
3480,743,779,1040162,14909,2944929,8062000
3481,745,780,1039417,14874,2945709,8359400
3482,746,758,1038671,14862,2946467,7964000
3483,713,744,1037958,14831,2947211,8494100
3484,720,753,1037238,14798,2947964,9129700
3485,731,751,1036507,14778,2948715,8676500
3486,756,745,1035751,14789,2949460,8282700
3487,747,752,1035004,14784,2950212,8107600
3488,729,765,1034275,14748,2950977,8680300
3489,734,716,1033541,14766,2951693,8430900
3490,746,775,1032795,14737,2952468,8527700
3491,791,748,1032004,14780,2953216,8109500
3492,688,760,1031316,14708,2953976,8691300
3493,708,698,1030608,14718,2954674,8146500
3494,734,739,1029874,14713,2955413,8304600
3495,722,739,1029152,14696,2956152,8673900
3496,734,715,1028418,14715,2956867,8274100
3497,739,714,1027679,14740,2957581,8043300
3498,748,740,1026931,14748,2958321,8340600
3499,783,727,1026148,14804,2959048,8268900
3500,785,713,1025363,14876,2959761,8446500
3501,712,762,1024651,14826,2960523,9151900
3502,725,718,1023926,14833,2961241,8140700
3503,743,744,1023183,14832,2961985,8855600
3504,688,759,1022495,14761,2962744,8311400
3505,711,704,1021784,14768,2963448,7956400
3506,739,723,1021045,14784,2964171,8481100
3507,722,746,1020323,14760,2964917,8621600
3508,754,803,1019569,14711,2965720,8725500
3509,691,719,1018878,14683,2966439,8715100
3510,720,757,1018158,14646,2967196,8459100
3511,712,769,1017446,14589,2967965,8268600
3512,744,751,1016702,14582,2968716,9221000
3513,753,699,1015949,14636,2969415,8278400
3514,713,722,1015236,14627,2970137,8730500
3515,701,757,1014535,14571,2970894,8472600
3516,719,738,1013816,14552,2971632,8383700
3517,729,725,1013087,14556,2972357,8721300
3518,744,705,1012343,14595,2973062,8956700
3519,701,731,1011642,14565,2973793,8550400
3520,749,771,1010893,14543,2974564,9244700
3521,682,722,1010211,14503,2975286,9049000
3522,705,702,1009506,14506,2975988,8377100
3523,695,755,1008811,14446,2976743,8244100
3524,674,716,1008137,14404,2977459,8409300
3525,645,737,1007492,14312,2978196,8262500
3526,648,718,1006844,14242,2978914,8392300
3527,667,699,1006177,14210,2979613,8611600
3528,673,694,1005504,14189,2980307,8667000
3529,648,718,1004856,14119,2981025,8448800
3530,719,695,1004137,14143,2981720,8260400
3531,738,700,1003399,14181,2982420,8476500
3532,661,702,1002738,14140,2983122,8578400
3533,723,759,1002015,14104,2983881,8219900
3534,624,708,1001391,14020,2984589,8150400
3535,715,706,1000676,14029,2985295,8395600
3536,717,710,999959,14036,2986005,8091300
3537,671,738,999288,13969,2986743,8017100
3538,666,711,998622,13924,2987454,8213700
3539,659,697,997963,13886,2988151,8812600
3540,713,687,997250,13912,2988838,8542200
3541,644,668,996606,13888,2989506,8619700
3542,665,713,995941,13840,2990219,8559200
3543,717,705,995224,13852,2990924,8853300
3544,654,697,994570,13809,2991621,8278700
3545,691,675,993879,13825,2992296,8170200
3546,648,655,993231,13818,2992951,8260600
3547,674,733,992557,13759,2993684,8128900
3548,687,666,991870,13780,2994350,8152100
3549,675,684,991195,13771,2995034,8234500
3550,652,636,990543,13787,2995670,8477500
3551,671,740,989872,13718,2996410,8118600
3552,685,658,989187,13745,2997068,8150500
3553,689,655,988498,13779,2997723,8327100
3554,720,689,987778,13810,2998412,8588700
3555,668,687,987110,13791,2999099,8640900
3556,656,720,986454,13727,2999819,8764600
3557,664,626,985790,13765,3000445,8115500
3558,673,654,985117,13784,3001099,8964500
3559,692,694,984425,13782,3001793,8200000
3560,697,707,983728,13772,3002500,9006600
3561,671,697,983057,13746,3003197,8371300
3562,665,642,982392,13769,3003839,8271900
3563,627,693,981765,13703,3004532,8284600
3564,632,727,981133,13608,3005259,8414700
3565,703,654,980430,13657,3005913,8268700
3566,666,681,979764,13642,3006594,8350600
3567,681,679,979083,13644,3007273,8296900
3568,713,670,978370,13687,3007943,8100500
3569,719,678,977651,13728,3008621,8207900
3570,731,654,976920,13805,3009275,8628300
3571,704,717,976216,13792,3009992,8929500
3572,671,732,975545,13731,3010724,8351800
3573,683,676,974862,13738,3011400,8219600
3574,676,718,974186,13696,3012118,8228400
3575,684,664,973502,13716,3012782,8130200
3576,696,656,972806,13756,3013438,8432100
3577,707,696,972099,13767,3014134,8532800
3578,694,701,971405,13760,3014835,8560000
3579,667,734,970738,13693,3015569,8394500
3580,676,640,970062,13729,3016209,8214200
3581,679,711,969383,13697,3016920,7983400
3582,654,682,968729,13669,3017602,8713000
3583,658,662,968071,13665,3018264,8054400
3584,665,654,967406,13676,3018918,8549100
3585,702,689,966704,13689,3019607,8134700
3586,662,708,966042,13643,3020315,8878300
3587,625,644,965417,13624,3020959,8592500
3588,689,696,964728,13617,3021655,8062000
3589,733,678,963995,13672,3022333,8631500
3590,679,671,963316,13680,3023004,8102600
3591,669,654,962647,13695,3023658,8243000
3592,694,704,961953,13685,3024362,8149600
3593,694,694,961259,13685,3025056,8286900
3594,710,671,960549,13724,3025727,8534900
3595,717,648,959832,13793,3026375,8538800
3596,687,690,959145,13790,3027065,8363200
3597,690,757,958455,13723,3027822,8394300
3598,677,662,957778,13738,3028484,7931800
3599,679,671,957099,13746,3029155,8820400
3600,676,677,956423,13745,3029832,8773900
3601,699,706,955724,13738,3030538,8123300
3602,711,713,955013,13736,3031251,8679100
3603,664,646,954349,13754,3031897,8166400
3604,699,688,953650,13765,3032585,8061900
3605,675,629,952975,13811,3033214,8336100
3606,655,715,952320,13751,3033929,8628900
3607,666,723,951654,13694,3034652,8244900
3608,706,734,950948,13666,3035386,8467500
3609,728,657,950220,13737,3036043,8086400
3610,651,658,949569,13730,3036701,8517600
3611,679,731,948890,13678,3037432,8592700
3612,671,706,948219,13643,3038138,8588500
3613,679,692,947540,13630,3038830,8582800
3614,672,648,946868,13654,3039478,8369900
3615,681,683,946187,13652,3040161,7994000
3616,694,645,945493,13701,3040806,8068300
3617,709,692,944784,13718,3041498,8393900
3618,705,736,944079,13687,3042234,8424000
3619,667,679,943412,13675,3042913,8797900
3620,687,667,942725,13695,3043580,8598600
3621,697,684,942028,13708,3044264,8302000
3622,673,709,941355,13672,3044973,8027100
3623,674,671,940681,13675,3045644,8123200
3624,697,678,939984,13694,3046322,8033800
3625,690,644,939294,13740,3046966,8543000
3626,689,703,938605,13726,3047669,8184700
3627,685,673,937920,13738,3048342,8454500
3628,650,666,937270,13722,3049008,8476800
3629,662,720,936608,13664,3049728,8354600
3630,649,661,935959,13652,3050389,8075100
3631,685,674,935274,13663,3051063,8237900
3632,706,732,934568,13637,3051795,8457900
3633,683,660,933885,13660,3052455,8019000
3634,675,678,933210,13657,3053133,8710000
3635,701,692,932509,13666,3053825,8375700
3636,672,710,931837,13628,3054535,8197700
3637,660,715,931177,13573,3055250,8975800
3638,656,646,930521,13583,3055896,8326400
3639,645,657,929876,13571,3056553,8430900
3640,685,673,929191,13583,3057226,8751900
3641,651,660,928540,13574,3057886,8397600
3642,696,698,927844,13572,3058584,8744500
3643,676,690,927168,13558,3059274,8372700
3644,627,672,926541,13513,3059946,8580300
3645,694,639,925847,13568,3060585,8423100
3646,671,686,925176,13553,3061271,8741400
3647,665,648,924511,13570,3061919,8816200
3648,698,694,923813,13574,3062613,8917700
3649,659,639,923154,13594,3063252,9040800
3650,643,650,922511,13587,3063902,8110400
3651,656,724,921855,13519,3064626,8897000
3652,643,691,921212,13471,3065317,8067100
3653,674,624,920538,13521,3065941,7972700
3654,631,717,919907,13435,3066658,8072800
3655,639,635,919268,13439,3067293,8283400
3656,599,703,918669,13335,3067996,8373100
3657,598,661,918071,13272,3068657,8251300
3658,642,652,917429,13262,3069309,8284700
3659,665,667,916764,13260,3069976,8283900
3660,666,669,916098,13257,3070645,8372400
3661,633,671,915465,13219,3071316,8637900
3662,668,661,914797,13226,3071977,8334200
3663,612,661,914185,13177,3072638,8656200
3664,694,710,913491,13161,3073348,8910200
3665,674,645,912817,13190,3073993,8761500
3666,653,656,912164,13187,3074649,8296200
3667,623,702,911541,13108,3075351,8024100
3668,675,645,910866,13138,3075996,7953800
3669,642,690,910224,13090,3076686,8749100
3670,664,651,909560,13103,3077337,8064700
3671,658,664,908902,13097,3078001,8371700
3672,627,600,908275,13124,3078601,8063500
3673,672,665,907603,13131,3079266,8558200
3674,654,694,906949,13091,3079960,8168200
3675,673,647,906276,13117,3080607,8568300
3676,662,666,905614,13113,3081273,8865200
3677,642,655,904972,13100,3081928,8531000
3678,702,669,904270,13133,3082597,8091500
3679,706,673,903564,13166,3083270,8146000
3680,661,671,902903,13156,3083941,7988400
3681,651,686,902252,13121,3084627,8287700
3682,672,653,901580,13140,3085280,8608800
3683,660,629,900920,13171,3085909,8314800
3684,681,690,900239,13162,3086599,8275800
3685,665,663,899574,13164,3087262,8071700
3686,660,646,898914,13178,3087908,8453600
3687,666,663,898248,13181,3088571,8330500
3688,603,698,897645,13086,3089269,8149300
3689,651,682,896994,13055,3089951,8315400
3690,619,625,896375,13049,3090576,8570200
3691,668,700,895707,13017,3091276,8248100
3692,594,675,895113,12936,3091951,8148900
3693,655,645,894458,12946,3092596,8240600
3694,629,645,893829,12930,3093241,7986300
3695,623,650,893206,12903,3093891,8376400
3696,607,655,892599,12855,3094546,8540200
3697,596,609,892003,12842,3095155,8176800
3698,627,662,891376,12807,3095817,8441400
3699,607,618,890769,12796,3096435,8345500
3700,610,642,890159,12764,3097077,8344900
3701,660,669,889499,12755,3097746,8079200
3702,567,601,888932,12721,3098347,8178000
3703,579,665,888353,12635,3099012,8292500
3704,601,626,887752,12610,3099638,8456200
3705,625,617,887127,12618,3100255,8711400
3706,628,608,886499,12638,3100863,8543600
3707,621,660,885878,12599,3101523,8430500
3708,618,606,885260,12611,3102129,8539000
3709,614,657,884646,12568,3102786,8422300
3710,611,594,884035,12585,3103380,8340800
3711,613,647,883422,12551,3104027,8738300
3712,604,658,882818,12497,3104685,8809400
3713,639,642,882179,12494,3105327,8643300
3714,631,608,881548,12517,3105935,8218800
3715,632,617,880916,12532,3106552,8013300
3716,601,621,880315,12512,3107173,8301200
3717,619,608,879696,12523,3107781,8235300
3718,629,595,879067,12557,3108376,8336700
3719,656,623,878411,12590,3108999,8815000
3720,638,601,877773,12627,3109600,8425500
3721,625,646,877148,12606,3110246,8338000
3722,608,654,876540,12560,3110900,8151800
3723,653,610,875887,12603,3111510,8220400
3724,637,634,875250,12606,3112144,8243000
3725,636,617,874614,12625,3112761,8377400
3726,639,664,873975,12600,3113425,8301900
3727,623,614,873352,12609,3114039,8600300
3728,625,623,872727,12611,3114662,8083200
3729,633,644,872094,12600,3115306,8506300
3730,652,593,871442,12659,3115899,8277700
3731,683,617,870759,12725,3116516,8188600
3732,602,601,870157,12726,3117117,8103800
3733,675,607,869482,12794,3117724,8476800
3734,682,632,868800,12844,3118356,8591800
3735,610,595,868190,12859,3118951,8383400
3736,668,636,867522,12891,3119587,8092000
3737,615,651,866907,12855,3120238,8267300
3738,593,682,866314,12766,3120920,8558100
3739,638,668,865676,12736,3121588,8201300
3740,609,682,865067,12663,3122270,8447200
3741,585,646,864482,12602,3122916,8579100
3742,615,589,863867,12628,3123505,8733400
3743,582,636,863285,12574,3124141,8374700
3744,604,632,862681,12546,3124773,8222700
3745,624,627,862057,12543,3125400,7986700
3746,613,621,861444,12535,3126021,8641100
3747,622,642,860822,12515,3126663,8373200
3748,570,609,860252,12476,3127272,8548700
3749,585,648,859667,12413,3127920,8275200
3750,588,631,859079,12370,3128551,8785700
3751,567,635,858512,12302,3129186,8269700
3752,608,638,857904,12272,3129824,8240600
3753,615,592,857289,12295,3130416,8325400
3754,584,612,856705,12267,3131028,8238500
3755,623,589,856082,12301,3131617,8232200
3756,586,594,855496,12293,3132211,8630800
3757,585,630,854911,12248,3132841,8191800
3758,610,621,854301,12237,3133462,8609400
3759,601,598,853700,12240,3134060,8816500
3760,591,588,853109,12243,3134648,8315100
3761,626,621,852483,12248,3135269,9240100
3762,655,580,851828,12323,3135849,8479100
3763,672,645,851156,12350,3136494,8331000
3764,571,642,850585,12279,3137136,8506200
3765,604,650,849981,12233,3137786,8216900
3766,633,671,849348,12195,3138457,9395000
3767,576,574,848772,12197,3139031,8989900
3768,630,604,848142,12223,3139635,8112100
3769,614,640,847528,12197,3140275,7955100
3770,611,653,846917,12155,3140928,8312600
3771,600,631,846317,12124,3141559,8779900
3772,596,596,845721,12124,3142155,8250900
3773,611,582,845110,12153,3142737,8048900
3774,607,584,844503,12176,3143321,8300700
3775,584,610,843919,12150,3143931,8256200
3776,589,591,843330,12148,3144522,8738300
3777,629,613,842701,12164,3145135,8430500
3778,562,644,842139,12082,3145779,8385600
3779,585,593,841554,12074,3146372,8560200
3780,569,654,840985,11989,3147026,8518200
3781,606,607,840379,11988,3147633,8274900
3782,611,613,839768,11986,3148246,8742400
3783,583,572,839185,11997,3148818,8734700
3784,566,661,838619,11902,3149479,9292400
3785,588,560,838031,11930,3150039,8198700
3786,574,574,837457,11930,3150613,8326100
3787,608,554,836849,11984,3151167,8252400
3788,590,582,836259,11992,3151749,8352200
3789,617,596,835642,12013,3152345,8229500
3790,539,617,835103,11935,3152962,8129500
3791,534,609,834569,11860,3153571,8021000
3792,607,587,833962,11880,3154158,8270900
3793,591,624,833371,11847,3154782,8150700
3794,585,565,832786,11867,3155347,8268100
3795,583,596,832203,11854,3155943,8200900
3796,618,569,831585,11903,3156512,8462400
3797,611,616,830974,11898,3157128,8712700
3798,562,629,830412,11831,3157757,8194400
3799,613,654,829799,11790,3158411,8370400
3800,575,554,829224,11811,3158965,8399700
3801,557,533,828667,11835,3159498,8624600
3802,590,565,828077,11860,3160063,8170100
3803,608,579,827469,11889,3160642,8184500
3804,554,597,826915,11846,3161239,8295600
3805,585,602,826330,11829,3161841,7974700
3806,571,592,825759,11808,3162433,8245300
3807,605,608,825154,11805,3163041,8185900
3808,556,574,824598,11787,3163615,8413800
3809,574,598,824024,11763,3164213,8413700
3810,570,621,823454,11712,3164834,8558800
3811,577,567,822877,11722,3165401,8463100
3812,587,593,822290,11716,3165994,8884800
3813,554,598,821736,11672,3166592,8021000
3814,597,616,821139,11653,3167208,8305800
3815,555,579,820584,11629,3167787,8015800
3816,631,586,819953,11674,3168373,8251300
3817,588,586,819365,11676,3168959,8403400
3818,535,619,818830,11592,3169578,8075800
3819,561,572,818269,11581,3170150,8208600
3820,580,604,817689,11557,3170754,8088200
3821,581,527,817108,11611,3171281,8380600
3822,555,612,816553,11554,3171893,8263700
3823,583,547,815970,11590,3172440,8382700
3824,559,583,815411,11566,3173023,8600500
3825,560,583,814851,11543,3173606,8226200
3826,540,555,814311,11528,3174161,8806300
3827,562,572,813749,11518,3174733,8319600
3828,560,571,813189,11507,3175304,8545300
3829,570,560,812619,11517,3175864,8323800
3830,552,579,812067,11490,3176443,8157400
3831,591,614,811476,11467,3177057,8218300
3832,558,597,810918,11428,3177654,8491300
3833,565,576,810353,11417,3178230,8032800
3834,556,532,809797,11441,3178762,7989100
3835,550,604,809247,11387,3179366,8447100
3836,596,593,808651,11390,3179959,8556400
3837,529,530,808122,11389,3180489,8039800
3838,557,543,807565,11403,3181032,8212800
3839,554,620,807011,11337,3181652,8035400
3840,558,577,806453,11318,3182229,8415600
3841,544,596,805909,11266,3182825,8250600
3842,546,515,805363,11297,3183340,8490500
3843,547,571,804816,11273,3183911,8562600
3844,524,578,804292,11219,3184489,8931100
3845,509,571,803783,11157,3185060,8546900
3846,521,588,803262,11090,3185648,8747800
3847,534,565,802728,11059,3186213,8441200
3848,541,537,802187,11063,3186750,8204000
3849,540,600,801647,11003,3187350,8204800
3850,558,569,801089,10992,3187919,8246200
3851,542,528,800547,11006,3188447,8229200
3852,545,558,800002,10993,3189005,8750200
3853,531,619,799471,10905,3189624,8629500
3854,562,528,798909,10939,3190152,8754800
3855,538,557,798371,10920,3190709,8194500
3856,506,548,797865,10878,3191257,8489600
3857,546,529,797319,10895,3191786,8039600
3858,555,539,796764,10911,3192325,8505600
3859,525,580,796239,10856,3192905,8130300
3860,511,525,795728,10842,3193430,8197600
3861,535,531,795193,10846,3193961,8247300
3862,551,585,794642,10812,3194546,8218400
3863,507,525,794135,10794,3195071,9060800
3864,516,527,793619,10783,3195598,8798100
3865,512,551,793107,10744,3196149,9032700
3866,520,510,792587,10754,3196659,8688000
3867,529,573,792058,10710,3197232,8152900
3868,550,548,791508,10712,3197780,8548600
3869,521,496,790987,10737,3198276,8131200
3870,515,484,790472,10768,3198760,8482700
3871,532,567,789940,10733,3199327,9112800
3872,517,520,789423,10730,3199847,8850900
3873,526,527,788897,10729,3200374,8611400
3874,531,563,788366,10697,3200937,8877400
3875,525,561,787841,10661,3201498,8294700
3876,488,555,787353,10594,3202053,8143700
3877,579,520,786774,10653,3202573,8193300
3878,499,517,786275,10635,3203090,8254700
3879,549,486,785726,10698,3203576,8508700
3880,514,541,785212,10671,3204117,8707500
3881,517,539,784695,10649,3204656,8589400
3882,519,525,784176,10643,3205181,8980700
3883,513,552,783663,10604,3205733,8777200
3884,537,531,783126,10610,3206264,8475000
3885,488,552,782638,10546,3206816,8989200
3886,493,537,782145,10502,3207353,8740200
3887,531,515,781614,10518,3207868,8635000
3888,520,523,781094,10515,3208391,8161600
3889,464,527,780630,10452,3208918,8039500
3890,523,554,780107,10421,3209472,8234100
3891,503,519,779604,10405,3209991,8027400
3892,476,515,779128,10366,3210506,8107700
3893,552,510,778576,10408,3211016,8147100
3894,535,477,778041,10466,3211493,8154000
3895,523,516,777518,10473,3212009,8638600
3896,468,556,777050,10385,3212565,8646000
3897,538,489,776512,10434,3213054,8356700
3898,510,512,776002,10432,3213566,8002500
3899,505,521,775497,10416,3214087,8469800
3900,542,504,774955,10454,3214591,7988400
3901,555,501,774400,10508,3215092,8454700
3902,520,532,773880,10496,3215624,7979200
3903,513,526,773367,10483,3216150,8713200
3904,539,532,772828,10490,3216682,8206000
3905,547,522,772281,10515,3217204,8064200
3906,499,545,771782,10469,3217749,8065500
3907,515,500,771267,10484,3218249,8587800
3908,526,514,770741,10496,3218763,8020700
3909,546,533,770195,10509,3219296,8395900
3910,547,538,769648,10518,3219834,8737300
3911,530,536,769118,10512,3220370,8390400
3912,497,566,768621,10443,3220936,8361500
3913,555,518,768066,10480,3221454,8680700
3914,520,531,767546,10469,3221985,8135200
3915,506,505,767040,10470,3222490,8141000
3916,544,478,766496,10536,3222968,8330600
3917,509,523,765987,10522,3223491,8204500
3918,524,537,765463,10509,3224028,8042700
3919,506,507,764957,10508,3224535,8724800
3920,550,507,764407,10551,3225042,8134300
3921,503,538,763904,10516,3225580,8194200
3922,545,547,763359,10514,3226127,8504700
3923,487,504,762872,10497,3226631,8292600
3924,552,526,762320,10523,3227157,8543400
3925,510,542,761810,10491,3227699,8178900
3926,503,499,761307,10495,3228198,8309700
3927,574,524,760733,10545,3228722,8385500
3928,543,513,760190,10575,3229235,8280900
3929,499,493,759691,10581,3229728,8189500
3930,500,541,759191,10540,3230269,8574500
3931,505,549,758686,10496,3230818,8030600
3932,495,508,758191,10483,3231326,8702400
3933,495,530,757696,10448,3231856,8869400
3934,497,562,757199,10383,3232418,8545000
3935,427,477,756772,10333,3232895,8155100
3936,519,517,756253,10335,3233412,8200500
3937,509,538,755744,10306,3233950,7931200
3938,502,503,755242,10305,3234453,7888300
3939,495,501,754747,10299,3234954,8174600
3940,513,496,754234,10316,3235450,7991300
3941,522,512,753712,10326,3235962,8141200
3942,494,494,753218,10326,3236456,8088300
3943,526,498,752692,10354,3236954,8650400
3944,555,499,752137,10410,3237453,8348200
3945,467,489,751670,10388,3237942,8405100
3946,535,475,751135,10448,3238417,8320700
3947,513,496,750622,10465,3238913,8657900
3948,488,505,750134,10448,3239418,8452200
3949,521,536,749613,10433,3239954,8501500
3950,508,482,749105,10459,3240436,8403600
3951,473,525,748632,10407,3240961,8349900
3952,466,521,748166,10352,3241482,8194700
3953,479,541,747687,10290,3242023,8154300
3954,496,525,747191,10261,3242548,7964500
3955,497,515,746694,10243,3243063,7923600
3956,518,533,746176,10228,3243596,8257900
3957,483,522,745693,10189,3244118,8270600
3958,487,491,745206,10185,3244609,8453400
3959,488,531,744718,10142,3245140,8207900
3960,469,496,744249,10115,3245636,8151100
3961,470,488,743779,10097,3246124,8275600
3962,508,475,743271,10130,3246599,8184900
3963,496,487,742775,10139,3247086,8361700
3964,494,510,742281,10123,3247596,8394800
3965,461,517,741820,10067,3248113,8114100
3966,472,487,741348,10052,3248600,8681600
3967,516,502,740832,10066,3249102,8363400
3968,468,557,740364,9977,3249659,8526300
3969,476,511,739888,9942,3250170,8656400
3970,465,513,739423,9894,3250683,8046300
3971,471,508,738952,9857,3251191,7945100
3972,489,502,738463,9844,3251693,7971400
3973,474,474,737989,9844,3252167,8320000
3974,469,457,737520,9856,3252624,8089500
3975,458,461,737062,9853,3253085,8159900
3976,484,472,736578,9865,3253557,8241800
3977,498,478,736080,9885,3254035,8348000
3978,445,528,735635,9802,3254563,8412600
3979,464,531,735171,9735,3255094,8382100
3980,479,506,734692,9708,3255600,8065200
3981,469,473,734223,9704,3256073,8072000
3982,463,459,733760,9708,3256532,8375800
3983,443,467,733317,9684,3256999,8672000
3984,419,471,732898,9632,3257470,8275000
3985,448,465,732450,9615,3257935,8525700
3986,452,457,731998,9610,3258392,8507200
3987,463,481,731535,9592,3258873,8704600
3988,461,477,731074,9576,3259350,8384800
3989,428,517,730646,9487,3259867,7970700
3990,440,528,730206,9399,3260395,8622200
3991,426,477,729780,9348,3260872,8066600
3992,416,468,729364,9296,3261340,8281800
3993,393,490,728971,9199,3261830,8339000
3994,410,438,728561,9171,3262268,8638900
3995,408,442,728153,9137,3262710,8855100
3996,419,421,727734,9135,3263131,8649000
3997,421,421,727313,9135,3263552,8212400
3998,452,464,726861,9123,3264016,8550400
3999,428,461,726433,9090,3264477,8474100
4000,409,459,726024,9040,3264936,9515100
4001,436,435,725588,9041,3265371,8325500
4002,420,433,725168,9028,3265804,8540600
4003,465,448,724703,9045,3266252,8772000
4004,420,440,724283,9025,3266692,8748200
4005,408,463,723875,8970,3267155,9285400
4006,457,453,723418,8974,3267608,8945900
4007,442,450,722976,8966,3268058,8306800
4008,450,407,722526,9009,3268465,8324400
4009,419,443,722107,8985,3268908,8361700
4010,394,418,721713,8961,3269326,8375800
4011,431,439,721282,8953,3269765,8258700
4012,408,445,720874,8916,3270210,8157800
4013,416,416,720458,8916,3270626,8178600
4014,447,487,720011,8876,3271113,8145900
4015,407,399,719604,8884,3271512,8452000
4016,413,437,719191,8860,3271949,8077100
4017,425,427,718766,8858,3272376,8004200
4018,427,445,718339,8840,3272821,8422600
4019,404,430,717935,8814,3273251,8231300
4020,446,457,717489,8803,3273708,8256200
4021,419,400,717070,8822,3274108,8823400
4022,408,423,716662,8807,3274531,8463000
4023,442,472,716220,8777,3275003,8599600
4024,422,428,715798,8771,3275431,8299100
4025,397,396,715401,8772,3275827,8287300
4026,429,474,714972,8727,3276301,7962600
4027,398,418,714574,8707,3276719,8408000
4028,420,411,714154,8716,3277130,8055500
4029,442,413,713712,8745,3277543,8298000
4030,416,458,713296,8703,3278001,8412100
4031,418,465,712878,8656,3278466,8217500
4032,443,381,712435,8718,3278847,8208000
4033,413,442,712022,8689,3279289,8174600
4034,453,414,711569,8728,3279703,8296900
4035,439,449,711130,8718,3280152,8406300
4036,414,442,710716,8690,3280594,8360300
4037,411,432,710305,8669,3281026,8355000
4038,411,434,709894,8646,3281460,8411200
4039,407,391,709487,8662,3281851,8279000
4040,405,462,709082,8605,3282313,8348100
4041,406,466,708676,8545,3282779,8381300
4042,389,417,708287,8517,3283196,8252600
4043,425,425,707862,8517,3283621,8163300
4044,406,428,707456,8495,3284049,8728400
4045,416,420,707040,8491,3284469,8272900
4046,379,433,706661,8437,3284902,8113100
4047,389,415,706272,8411,3285317,8015500
4048,412,427,705860,8396,3285744,8561000
4049,400,440,705460,8356,3286184,8054900
4050,399,431,705061,8324,3286615,7989700
4051,414,429,704647,8309,3287044,7951700
4052,376,415,704271,8270,3287459,8576000
4053,390,374,703881,8286,3287833,8453800
4054,369,389,703512,8266,3288222,7985900
4055,396,401,703116,8261,3288623,8776300
4056,413,397,702703,8277,3289020,8166100
4057,406,411,702297,8272,3289431,7995400
4058,429,398,701868,8303,3289829,7997300
4059,388,411,701480,8280,3290240,8797000
4060,460,393,701020,8347,3290633,8456800
4061,437,448,700583,8336,3291081,8619300
4062,419,419,700164,8336,3291500,8322800
4063,389,430,699775,8295,3291930,8215000
4064,368,400,699407,8263,3292330,8005000
4065,424,424,698983,8263,3292754,8500800
4066,446,400,698537,8309,3293154,8553000
4067,418,418,698119,8309,3293572,8080600
4068,426,431,697693,8304,3294003,7877400
4069,421,444,697272,8281,3294447,8517500
4070,402,416,696870,8267,3294863,8425100
4071,455,462,696415,8260,3295325,8083600
4072,436,375,695979,8321,3295700,8273900
4073,452,410,695527,8363,3296110,8412600
4074,416,402,695111,8377,3296512,8531700
4075,433,429,694678,8381,3296941,8275000
4076,416,414,694262,8383,3297355,8035900
4077,394,403,693868,8374,3297758,8119900
4078,432,432,693436,8374,3298190,8276400
4079,436,399,693000,8411,3298589,8389000
4080,433,415,692567,8429,3299004,8096900
4081,441,475,692126,8395,3299479,8096400
4082,416,443,691710,8368,3299922,8105700
4083,403,436,691307,8335,3300358,8091700
4084,431,417,690876,8349,3300775,8536700
4085,422,451,690454,8320,3301226,8355000
4086,427,385,690027,8362,3301611,8388100
4087,424,437,689603,8349,3302048,8204200
4088,404,413,689199,8340,3302461,8057400
4089,392,448,688807,8284,3302909,7961500
4090,403,430,688404,8257,3303339,8293600
4091,437,401,687967,8293,3303740,7938500
4092,399,398,687568,8294,3304138,7891300
4093,393,405,687175,8282,3304543,8178200
4094,427,430,686748,8279,3304973,8298600
4095,387,428,686361,8238,3305401,8308200
4096,420,416,685941,8242,3305817,9608700
4097,409,451,685532,8200,3306268,9307600
4098,421,406,685111,8215,3306674,8681700
4099,425,422,684686,8218,3307096,8239200
4100,387,400,684299,8205,3307496,8056500
4101,394,415,683905,8184,3307911,8544600
4102,383,409,683522,8158,3308320,8516500
4103,361,404,683161,8115,3308724,8305600
4104,424,456,682737,8083,3309180,8080000
4105,365,403,682372,8045,3309583,8581100
4106,368,421,682004,7992,3310004,8293500
4107,395,378,681609,8009,3310382,8259100
4108,428,410,681181,8027,3310792,8119500
4109,387,386,680794,8028,3311178,8161600
4110,411,406,680383,8033,3311584,8182300
4111,422,373,679961,8082,3311957,8617600
4112,415,405,679546,8092,3312362,8281900
4113,394,386,679152,8100,3312748,9029100
4114,399,430,678753,8069,3313178,8804200
4115,427,406,678326,8090,3313584,8357200
4116,403,403,677923,8090,3313987,8995600
4117,412,406,677511,8096,3314393,8050600
4118,391,395,677120,8092,3314788,8139200
4119,433,407,676687,8118,3315195,8648600
4120,363,403,676324,8078,3315598,8580700
4121,382,385,675942,8075,3315983,8271700
4122,400,397,675542,8078,3316380,9206300
4123,404,436,675138,8046,3316816,8899200
4124,383,389,674755,8040,3317205,8331900
4125,400,368,674355,8072,3317573,8493300
4126,403,394,673952,8081,3317967,9078400
4127,458,421,673494,8118,3318388,8361400
4128,419,387,673075,8150,3318775,8194500
4129,407,403,672668,8154,3319178,8298400
4130,431,424,672237,8161,3319602,7951700
4131,396,390,671841,8167,3319992,7945800
4132,432,421,671409,8178,3320413,8005100
4133,380,441,671029,8117,3320854,8460300
4134,417,380,670612,8154,3321234,8055700
4135,388,430,670224,8112,3321664,8285600
4136,442,425,669782,8129,3322089,8890900
4137,383,405,669399,8107,3322494,8516000
4138,417,423,668982,8101,3322917,8160900
4139,400,403,668582,8098,3323320,8020700
4140,409,443,668173,8064,3323763,8404500
4141,405,423,667768,8046,3324186,8539900
4142,431,371,667337,8106,3324557,8174200
4143,397,415,666940,8088,3324972,8217600
4144,395,423,666545,8060,3325395,8272000
4145,400,399,666145,8061,3325794,8200500
4146,401,406,665744,8056,3326200,8666700
4147,398,416,665346,8038,3326616,8478300
4148,394,376,664952,8056,3326992,8231000
4149,405,415,664547,8046,3327407,8875700
4150,407,392,664140,8061,3327799,8506400
4151,401,443,663739,8019,3328242,8395100
4152,410,411,663329,8018,3328653,8357000
4153,399,389,662930,8028,3329042,8552900
4154,412,432,662518,8008,3329474,7999000
4155,399,401,662119,8006,3329875,8403100
4156,411,403,661708,8014,3330278,8046000
4157,393,382,661315,8025,3330660,8108000
4158,380,409,660935,7996,3331069,8287200
4159,360,421,660575,7935,3331490,8363100
4160,371,415,660204,7891,3331905,8412500
4161,396,399,659808,7888,3332304,8155600
4162,389,391,659419,7886,3332695,9109300
4163,388,399,659031,7875,3333094,8076600
4164,377,413,658654,7839,3333507,8102400
4165,363,362,658291,7840,3333869,8153800
4166,372,363,657919,7849,3334232,8083000
4167,373,397,657546,7825,3334629,8642800
4168,377,385,657169,7817,3335014,8522000
4169,320,345,656849,7792,3335359,8429600
4170,349,371,656500,7770,3335730,8045200
4171,419,396,656081,7793,3336126,7939800
4172,363,426,655718,7730,3336552,8014500
4173,364,367,655354,7727,3336919,7914400
4174,370,357,654984,7740,3337276,8070100
4175,376,427,654608,7689,3337703,8403300
4176,351,407,654257,7633,3338110,8077100
4177,393,385,653864,7641,3338495,8065700
4178,382,349,653482,7674,3338844,8215700
4179,383,390,653099,7667,3339234,8283600
4180,365,363,652734,7669,3339597,8344000
4181,345,385,652389,7629,3339982,8425400
4182,365,381,652024,7613,3340363,8428000
4183,377,350,651647,7640,3340713,8147400
4184,373,383,651274,7630,3341096,8444800
4185,382,399,650892,7613,3341495,8090300
4186,371,384,650521,7600,3341879,7928100
4187,401,374,650120,7627,3342253,8000200
4188,380,432,649740,7575,3342685,8371700
4189,403,360,649337,7618,3343045,8112100
4190,362,384,648975,7596,3343429,8543500
4191,391,350,648584,7637,3343779,8834800
4192,413,394,648171,7656,3344173,8024600
4193,401,391,647770,7666,3344564,8167600
4194,414,370,647356,7710,3344934,8479400
4195,421,367,646935,7764,3345301,8487400
4196,395,398,646540,7761,3345699,9838300
4197,400,407,646140,7754,3346106,9659500
4198,370,384,645770,7740,3346490,8909000
4199,395,391,645375,7744,3346881,9449900
4200,373,421,645002,7696,3347302,8248500
4201,395,368,644607,7723,3347670,8067400
4202,395,382,644212,7736,3348052,8309700
4203,399,362,643813,7773,3348414,8017400
4204,399,392,643414,7780,3348806,8353800
4205,398,376,643016,7802,3349182,8034400
4206,421,382,642595,7841,3349564,7950600
4207,396,353,642199,7884,3349917,8271700
4208,403,401,641796,7886,3350318,7935600
4209,392,413,641404,7865,3350731,8330300
4210,450,394,640954,7921,3351125,7926400
4211,395,430,640559,7886,3351555,8072300
4212,374,394,640185,7866,3351949,8208900
4213,402,403,639783,7865,3352352,8387300
4214,466,358,639317,7973,3352710,8927600
4215,415,400,638902,7988,3353110,8332500
4216,412,382,638490,8018,3353492,8320000
4217,420,415,638070,8023,3353907,7953200
4218,407,400,637663,8030,3354307,8879800
4219,392,407,637271,8015,3354714,7962700
4220,417,417,636854,8015,3355131,7947100
4221,407,383,636447,8039,3355514,8488200
4222,374,428,636073,7985,3355942,8179400
4223,388,401,635685,7972,3356343,8240300
4224,350,375,635335,7947,3356718,8278100
4225,391,370,634944,7968,3357088,8316300
4226,375,393,634569,7950,3357481,8697500
4227,376,397,634193,7929,3357878,8131900
4228,415,371,633778,7973,3358249,7987300
4229,426,440,633352,7959,3358689,8245800
4230,392,426,632960,7925,3359115,7999200
4231,398,371,632562,7952,3359486,8647700
4232,367,450,632195,7869,3359936,8085300
4233,364,395,631831,7838,3360331,9051100
4234,377,408,631454,7807,3360739,8261100
4235,356,395,631098,7768,3361134,8389700
4236,378,374,630720,7772,3361508,8887700
4237,332,380,630388,7724,3361888,8650300
4238,341,374,630047,7691,3362262,8263200
4239,350,421,629697,7620,3362683,8170300
4240,388,361,629309,7647,3363044,8093300
4241,352,375,628957,7624,3363419,8555900
4242,362,375,628595,7611,3363794,8239500
4243,385,345,628210,7651,3364139,8308900
4244,339,376,627871,7614,3364515,8357300
4245,382,389,627489,7607,3364904,8335800
4246,373,392,627116,7588,3365296,8309500
4247,340,375,626776,7553,3365671,7981500
4248,357,367,626419,7543,3366038,8381400
4249,385,389,626034,7539,3366427,8452700
4250,381,392,625653,7528,3366819,8296100
4251,369,346,625284,7551,3367165,8246500
4252,398,368,624886,7581,3367533,8126900
4253,393,397,624493,7577,3367930,8712300
4254,374,371,624119,7580,3368301,8964300
4255,370,396,623749,7554,3368697,9068500
4256,378,397,623371,7535,3369094,8426000
4257,414,363,622957,7586,3369457,9047900
4258,403,364,622554,7625,3369821,8668900
4259,381,369,622173,7637,3370190,9470100
4260,415,421,621758,7631,3370611,8099800
4261,384,373,621374,7642,3370984,9018100
4262,377,381,620997,7638,3371365,8332200
4263,381,383,620616,7636,3371748,8598200
4264,361,387,620255,7610,3372135,8139700
4265,415,387,619840,7638,3372522,8408100
4266,399,403,619441,7634,3372925,8782900
4267,388,382,619053,7640,3373307,8071400
4268,386,387,618667,7639,3373694,8225600
4269,380,376,618287,7643,3374070,8396400
4270,386,414,617901,7615,3374484,8417900
4271,387,340,617514,7662,3374824,8373400
4272,403,368,617111,7697,3375192,8275400
4273,374,387,616737,7684,3375579,8382200
4274,381,369,616356,7696,3375948,7836100
4275,383,420,615973,7659,3376368,7904100
4276,361,373,615612,7647,3376741,7960100
4277,392,385,615220,7654,3377126,8259300
4278,392,383,614828,7663,3377509,8313700
4279,378,386,614450,7655,3377895,8539800
4280,380,398,614070,7637,3378293,8508100
4281,362,362,613708,7637,3378655,8366000
4282,363,341,613345,7659,3378996,8281200
4283,377,386,612968,7650,3379382,8692000
4284,349,360,612619,7639,3379742,8493400
4285,350,390,612269,7599,3380132,8334300
4286,336,333,611933,7602,3380465,8207900
4287,356,382,611577,7576,3380847,8093600
4288,374,367,611203,7583,3381214,8175100
4289,351,343,610852,7591,3381557,7892700
4290,355,427,610497,7519,3381984,8351100
4291,361,374,610136,7506,3382358,8347300
4292,349,399,609787,7456,3382757,8332100
4293,387,347,609400,7496,3383104,8589900
4294,380,403,609020,7473,3383507,8478200
4295,371,381,608649,7463,3383888,8325600
4296,382,360,608267,7485,3384248,8179600
4297,379,355,607888,7509,3384603,8039800
4298,348,398,607540,7459,3385001,8117300
4299,341,380,607199,7420,3385381,8068900
4300,375,381,606824,7414,3385762,8051000
4301,394,364,606430,7444,3386126,8171400
4302,395,424,606035,7415,3386550,8377100
4303,349,363,605686,7401,3386913,8336400
4304,354,409,605332,7346,3387322,8183800
4305,378,339,604954,7385,3387661,8588600
4306,381,370,604573,7396,3388031,9484200
4307,354,351,604219,7399,3388382,8268900
4308,351,374,603868,7376,3388756,8310400
4309,385,382,603483,7379,3389138,8396500
4310,368,344,603115,7403,3389482,8608700
4311,383,356,602732,7430,3389838,8286700
4312,366,369,602366,7427,3390207,8171000
4313,384,382,601982,7429,3390589,8116800
4314,368,370,601614,7427,3390959,8238000
4315,344,408,601270,7363,3391367,8490800
4316,357,366,600913,7354,3391733,8896900
4317,360,385,600553,7329,3392118,8125300
4318,332,357,600221,7304,3392475,8395600
4319,360,346,599861,7318,3392821,8201100
4320,381,377,599480,7322,3393198,8310700
4321,353,346,599127,7329,3393544,8493600
4322,341,380,598786,7290,3393924,8082700
4323,365,391,598421,7264,3394315,8215500
4324,368,389,598053,7243,3394704,8317200
4325,349,351,597704,7241,3395055,8530400
4326,335,379,597369,7197,3395434,8128200
4327,330,363,597039,7164,3395797,8243400
4328,375,381,596664,7158,3396178,8502600
4329,368,350,596296,7176,3396528,8026800
4330,349,385,595947,7140,3396913,8309300
4331,335,367,595612,7108,3397280,8199400
4332,356,368,595256,7096,3397648,7827300
4333,373,400,594883,7069,3398048,8004600
4334,321,341,594562,7049,3398389,8496900
4335,371,362,594191,7058,3398751,7980100
4336,384,340,593807,7102,3399091,8156700
4337,375,384,593432,7093,3399475,8274600
4338,327,357,593105,7063,3399832,8220000
4339,345,325,592760,7083,3400157,8155900
4340,345,344,592415,7084,3400501,8310300
4341,347,342,592068,7089,3400843,8452000
4342,344,333,591724,7100,3401176,8140400
4343,345,398,591379,7047,3401574,8381000
4344,327,355,591052,7019,3401929,8464200
4345,331,358,590721,6992,3402287,8294900
4346,345,347,590376,6990,3402634,8433200
4347,319,357,590057,6952,3402991,8040100
4348,327,370,589730,6909,3403361,8176600
4349,376,341,589354,6944,3403702,8926300
4350,365,347,588989,6962,3404049,8244300
4351,321,357,588668,6926,3404406,8612600
4352,353,339,588315,6940,3404745,7903800
4353,341,358,587974,6923,3405103,7966900
4354,350,363,587624,6910,3405466,8455600
4355,360,325,587264,6945,3405791,8675100
4356,389,373,586875,6961,3406164,8725300
4357,374,343,586501,6992,3406507,8768000
4358,375,324,586126,7043,3406831,8356100
4359,369,360,585757,7052,3407191,8159800
4360,348,334,585409,7066,3407525,8242900
4361,363,336,585046,7093,3407861,8953900
4362,370,350,584676,7113,3408211,8332600
4363,338,333,584338,7118,3408544,8576600
4364,348,375,583990,7091,3408919,8346900
4365,382,327,583608,7146,3409246,8486900
4366,344,355,583264,7135,3409601,8259400
4367,340,359,582924,7116,3409960,8203700
4368,326,385,582598,7057,3410345,7961800
4369,367,350,582231,7074,3410695,8580300
4370,353,337,581878,7090,3411032,8150700
4371,383,341,581495,7132,3411373,7955200
4372,340,343,581155,7129,3411716,8056300
4373,363,343,580792,7149,3412059,7971800
4374,360,355,580432,7154,3412414,8086500
4375,347,372,580085,7129,3412786,8025500
4376,353,338,579732,7144,3413124,8259700
4377,321,341,579411,7124,3413465,7876600
4378,309,368,579102,7065,3413833,8746400
4379,352,312,578750,7105,3414145,8276200
4380,378,344,578372,7139,3414489,8458300
4381,332,363,578040,7108,3414852,8282400
4382,340,364,577700,7084,3415216,8409500
4383,362,352,577338,7094,3415568,8488200
4384,380,349,576958,7125,3415917,8014800
4385,356,367,576602,7114,3416284,8218700
4386,370,335,576232,7149,3416619,8029100
4387,346,342,575886,7153,3416961,8281400
4388,352,400,575534,7105,3417361,8253600
4389,369,374,575165,7100,3417735,7999800
4390,364,365,574801,7099,3418100,8112000
4391,393,362,574408,7130,3418462,8153900
4392,373,372,574035,7131,3418834,7937000
4393,350,398,573685,7083,3419232,8241500
4394,357,354,573328,7086,3419586,7841900
4395,351,334,572977,7103,3419920,7974600
4396,347,361,572630,7089,3420281,7973800
4397,353,357,572277,7085,3420638,7942400
4398,363,353,571914,7095,3420991,8142900
4399,367,362,571547,7100,3421353,8535500
4400,325,371,571222,7054,3421724,8002400
4401,333,345,570889,7042,3422069,8304400
4402,380,341,570509,7081,3422410,8685100
4403,359,324,570150,7116,3422734,7871700
4404,369,343,569781,7142,3423077,7932100
4405,346,359,569435,7129,3423436,8021500
4406,345,336,569090,7138,3423772,8551300
4407,375,395,568715,7118,3424167,8921800
4408,343,360,568372,7101,3424527,8613100
4409,362,364,568010,7099,3424891,8648300
4410,354,353,567656,7100,3425244,8395200
4411,372,353,567284,7119,3425597,8321500
4412,360,345,566924,7134,3425942,8128100
4413,356,386,566568,7104,3426328,8131600
4414,368,346,566200,7126,3426674,8344400
4415,341,345,565859,7122,3427019,8225400
4416,368,343,565491,7147,3427362,8697000
4417,355,300,565136,7202,3427662,7939800
4418,376,371,564760,7207,3428033,8266900
4419,343,339,564417,7211,3428372,8283700
4420,333,374,564084,7170,3428746,8905900
4421,351,387,563733,7134,3429133,8217600
4422,328,365,563405,7097,3429498,8962000
4423,351,347,563054,7101,3429845,8671300
4424,341,334,562713,7108,3430179,8659400
4425,318,372,562395,7054,3430551,8389000
4426,348,371,562047,7031,3430922,8176700
4427,332,340,561715,7023,3431262,8433600
4428,333,377,561382,6979,3431639,7921500
4429,316,353,561066,6942,3431992,7894800
4430,334,345,560732,6931,3432337,8330300
4431,338,358,560394,6911,3432695,8098400
4432,330,359,560064,6882,3433054,8341000
4433,354,340,559710,6896,3433394,7876900
4434,343,349,559367,6890,3433743,7909200
4435,329,357,559038,6862,3434100,8010300
4436,310,330,558728,6842,3434430,8336800
4437,344,328,558384,6858,3434758,8435000
4438,332,365,558052,6825,3435123,8194600
4439,358,337,557694,6846,3435460,8116200
4440,345,356,557349,6835,3435816,7967900
4441,375,338,556974,6872,3436154,8145200
4442,347,345,556627,6874,3436499,8641300
4443,314,341,556313,6847,3436840,8268500
4444,312,367,556001,6792,3437207,8811800
4445,344,352,555657,6784,3437559,8843000
4446,345,369,555312,6760,3437928,8401300
4447,363,368,554949,6755,3438296,8678700
4448,338,326,554611,6767,3438622,8622400
4449,339,333,554272,6773,3438955,8238600
4450,321,338,553951,6756,3439293,8908300
4451,344,355,553607,6745,3439648,8180600
4452,326,346,553281,6725,3439994,8229100
4453,353,365,552928,6713,3440359,8541700
4454,373,317,552555,6769,3440676,8212300
4455,345,335,552210,6779,3441011,8336700
4456,333,345,551877,6767,3441356,8143800
4457,352,360,551525,6759,3441716,9214000
4458,341,361,551184,6739,3442077,9910600
4459,357,352,550827,6744,3442429,9004600
4460,339,314,550488,6769,3442743,9115200
4461,341,344,550147,6766,3443087,8622500
4462,322,360,549825,6728,3443447,8734400
4463,340,371,549485,6697,3443818,9227500
4464,349,339,549136,6707,3444157,9646800
4465,369,336,548767,6740,3444493,9045800
4466,365,326,548402,6779,3444819,9702600
4467,344,330,548058,6793,3445149,9111100
4468,329,335,547729,6787,3445484,9397500
4469,316,400,547413,6703,3445884,9864600
4470,334,305,547079,6732,3446189,8588900
4471,317,362,546762,6687,3446551,8740300
4472,378,338,546384,6727,3446889,8508200
4473,340,326,546044,6741,3447215,8832600
4474,386,360,545658,6767,3447575,8582300
4475,334,353,545324,6748,3447928,8553900
4476,325,342,544999,6731,3448270,8544600
4477,352,355,544647,6728,3448625,8318600
4478,311,330,544336,6709,3448955,8292400
4479,319,331,544017,6697,3449286,8472400
4480,350,347,543667,6700,3449633,8438800
4481,318,329,543349,6689,3449962,8278400
4482,351,302,542998,6738,3450264,8266800
4483,355,346,542643,6747,3450610,8494500
4484,344,354,542299,6737,3450964,8700400
4485,344,316,541955,6765,3451280,9123100
4486,351,345,541604,6771,3451625,8437900
4487,336,341,541268,6766,3451966,9287700
4488,356,316,540912,6806,3452282,8443100
4489,387,338,540525,6855,3452620,8802300
4490,352,334,540173,6873,3452954,8544600
4491,350,361,539823,6862,3453315,8376100
4492,354,328,539469,6888,3453643,8241500
4493,331,323,539138,6896,3453966,8396000
4494,339,313,538799,6922,3454279,8256000
4495,371,350,538428,6943,3454629,8474900
4496,370,334,538058,6979,3454963,8562400
4497,330,317,537728,6992,3455280,8969300
4498,314,359,537414,6947,3455639,8754700
4499,341,325,537073,6963,3455964,8385700
4500,319,340,536754,6942,3456304,8651500
4501,309,352,536445,6899,3456656,8250200
4502,349,350,536096,6898,3457006,8402000
4503,365,375,535731,6888,3457381,8704700
4504,324,333,535407,6879,3457714,8466500
4505,332,340,535075,6871,3458054,9317800
4506,314,361,534761,6824,3458415,8871000
4507,329,363,534432,6790,3458778,9006300
4508,314,347,534118,6757,3459125,9424800
4509,323,286,533795,6794,3459411,8989900
4510,327,337,533468,6784,3459748,8821600
4511,347,356,533121,6775,3460104,8549000
4512,336,330,532785,6781,3460434,8792800
4513,359,333,532426,6807,3460767,8890400
4514,331,372,532095,6766,3461139,8787800
4515,315,348,531780,6733,3461487,8598300
4516,352,353,531428,6732,3461840,8767500
4517,294,370,531134,6656,3462210,8699800
4518,337,340,530797,6653,3462550,8290200
4519,321,328,530476,6646,3462878,8728400
4520,326,343,530150,6629,3463221,8262100
4521,325,369,529825,6585,3463590,8493600
4522,330,366,529495,6549,3463956,8378400
4523,288,320,529207,6517,3464276,8482300
4524,356,328,528851,6545,3464604,8545500
4525,283,342,528568,6486,3464946,8257100
4526,311,355,528257,6442,3465301,8431900
4527,297,333,527960,6406,3465634,8235500
4528,308,311,527652,6403,3465945,8080400
4529,309,348,527343,6364,3466293,8918200
4530,314,314,527029,6364,3466607,9006500
4531,278,330,526751,6312,3466937,8263400
4532,332,326,526419,6318,3467263,8851300
4533,323,331,526096,6310,3467594,8684800
4534,305,310,525791,6305,3467904,8406400
4535,335,319,525456,6321,3468223,8318100
4536,340,328,525116,6333,3468551,7830200
4537,352,293,524764,6392,3468844,8380400
4538,341,315,524423,6418,3469159,8315900
4539,310,295,524113,6433,3469454,8801000
4540,324,311,523789,6446,3469765,8014100
4541,333,331,523456,6448,3470096,8647700
4542,334,320,523122,6462,3470416,8175300
4543,378,354,522744,6486,3470770,8036800
4544,330,307,522414,6509,3471077,8135100
4545,310,313,522104,6506,3471390,8159600
4546,362,333,521742,6535,3471723,8620000
4547,322,286,521420,6571,3472009,8252200
4548,321,347,521099,6545,3472356,8124800
4549,327,345,520772,6527,3472701,8303800
4550,351,339,520421,6539,3473040,8127200
4551,344,323,520077,6560,3473363,8289000
4552,327,295,519750,6592,3473658,8829800
4553,311,337,519439,6566,3473995,8234400
4554,327,335,519112,6558,3474330,8399900
4555,314,323,518798,6549,3474653,8230400
4556,302,303,518496,6548,3474956,8418700
4557,296,312,518200,6532,3475268,8523300
4558,321,323,517879,6530,3475591,8458500
4559,307,314,517572,6523,3475905,8756000
4560,295,351,517277,6467,3476256,8410900
4561,294,287,516983,6474,3476543,8274900
4562,277,295,516706,6456,3476838,8718900
4563,327,340,516379,6443,3477178,8544700
4564,321,314,516058,6450,3477492,9100400
4565,305,315,515753,6440,3477807,8855900
4566,338,329,515415,6449,3478136,8375800
4567,312,325,515103,6436,3478461,8396500
4568,336,336,514767,6436,3478797,8390900
4569,288,314,514479,6410,3479111,8354300
4570,303,336,514176,6377,3479447,8922500
4571,281,314,513895,6344,3479761,8658000
4572,304,294,513591,6354,3480055,8142100
4573,292,316,513299,6330,3480371,8454800
4574,300,290,512999,6340,3480661,8796800
4575,305,335,512694,6310,3480996,8738600
4576,297,302,512397,6305,3481298,9363300
4577,304,301,512093,6308,3481599,8536700
4578,310,339,511783,6279,3481938,8449400
4579,296,304,511487,6271,3482242,8537400
4580,309,285,511178,6295,3482527,7921200
4581,304,288,510874,6311,3482815,8141600
4582,304,293,510570,6322,3483108,7976400
4583,320,320,510250,6322,3483428,7883800
4584,322,265,509928,6379,3483693,8232900
4585,304,310,509624,6373,3484003,8867600
4586,324,293,509300,6404,3484296,8827900
4587,296,313,509004,6387,3484609,8741700
4588,312,333,508692,6366,3484942,8564800
4589,299,314,508393,6351,3485256,8216600
4590,304,308,508089,6347,3485564,8599800
4591,322,323,507767,6346,3485887,8372500
4592,298,316,507469,6328,3486203,8803700
4593,337,332,507132,6333,3486535,9238300
4594,333,304,506799,6362,3486839,9189200
4595,339,301,506460,6400,3487140,8668100
4596,354,322,506106,6432,3487462,9355000
4597,327,323,505779,6436,3487785,8898900
4598,324,298,505455,6462,3488083,9290200
4599,337,349,505118,6450,3488432,8551500
4600,333,327,504785,6456,3488759,10271900
4601,326,312,504459,6470,3489071,9140700
4602,327,319,504132,6478,3489390,8550700
4603,326,313,503806,6491,3489703,9060500
4604,338,303,503468,6526,3490006,8212400
4605,322,320,503146,6528,3490326,8280500
4606,294,308,502852,6514,3490634,8440900
4607,317,316,502535,6515,3490950,8216600
4608,286,336,502249,6465,3491286,8176000
4609,296,329,501953,6432,3491615,8175000
4610,327,338,501626,6421,3491953,8429400
4611,308,347,501318,6382,3492300,8965700
4612,336,336,500982,6382,3492636,8301400
4613,323,341,500659,6364,3492977,8065700
4614,326,326,500333,6364,3493303,8205300
4615,323,297,500010,6390,3493600,8329400
4616,303,307,499707,6386,3493907,8264200
4617,298,305,499409,6379,3494212,8514500
4618,307,291,499102,6395,3494503,8304900
4619,320,309,498782,6406,3494812,8163100
4620,286,331,498496,6361,3495143,8220200
4621,302,329,498194,6334,3495472,8267700
4622,302,311,497892,6325,3495783,8034400
4623,340,327,497552,6338,3496110,8720100
4624,319,330,497233,6327,3496440,8242400
4625,317,284,496916,6360,3496724,8232600
4626,315,303,496601,6372,3497027,7934900
4627,343,354,496258,6361,3497381,8260500
4628,335,350,495923,6346,3497731,8588300
4629,296,333,495627,6309,3498064,8328600
4630,310,326,495317,6293,3498390,8436300
4631,345,325,494972,6313,3498715,8181800
4632,322,307,494650,6328,3499022,8149900
4633,323,340,494327,6311,3499362,8385700
4634,302,298,494025,6315,3499660,8558600
4635,320,348,493705,6287,3500008,8941300
4636,283,342,493422,6228,3500350,8226200
4637,307,272,493115,6263,3500622,8537100
4638,328,332,492787,6259,3500954,8082500
4639,301,299,492486,6261,3501253,8598100
4640,302,294,492184,6269,3501547,8427600
4641,285,315,491899,6239,3501862,7980300
4642,323,323,491576,6239,3502185,8641400
4643,296,319,491280,6216,3502504,7927200
4644,304,332,490976,6188,3502836,8660500
4645,299,305,490677,6182,3503141,8366600
4646,285,321,490392,6146,3503462,8515200
4647,309,295,490083,6160,3503757,8266300
4648,293,270,489790,6183,3504027,8148700
4649,316,291,489474,6208,3504318,8096500
4650,301,313,489173,6196,3504631,7948300
4651,335,300,488838,6231,3504931,8419400
4652,318,338,488520,6211,3505269,8021900
4653,321,312,488199,6220,3505581,8153200
4654,317,308,487882,6229,3505889,8106600
4655,296,308,487586,6217,3506197,9018700
4656,302,298,487284,6221,3506495,8275100
4657,317,312,486967,6226,3506807,9184400
4658,305,306,486662,6225,3507113,8283500
4659,311,298,486351,6238,3507411,8281400
4660,287,333,486064,6192,3507744,8714200
4661,297,324,485767,6165,3508068,8129400
4662,294,325,485473,6134,3508393,8038700
4663,322,320,485151,6136,3508713,8071900
4664,293,285,484858,6144,3508998,8697700
4665,312,336,484546,6120,3509334,8509600
4666,290,319,484256,6091,3509653,8493600
4667,288,293,483968,6086,3509946,8193200
4668,301,286,483667,6101,3510232,8645100
4669,286,276,483381,6111,3510508,7967900
4670,313,281,483068,6143,3510789,8741600
4671,297,292,482771,6148,3511081,8514500
4672,289,297,482482,6140,3511378,8372000
4673,308,315,482174,6133,3511693,8664600
4674,319,345,481855,6107,3512038,8075800
4675,303,289,481552,6121,3512327,7913900
4676,310,281,481242,6150,3512608,7953200
4677,314,338,480928,6126,3512946,7992700
4678,322,289,480606,6159,3513235,8530100
4679,284,305,480322,6138,3513540,8674300
4680,319,324,480003,6133,3513864,8812900
4681,328,296,479675,6165,3514160,8478000
4682,303,296,479372,6172,3514456,8041100
4683,298,357,479074,6113,3514813,8696100
4684,280,297,478794,6096,3515110,8114700
4685,272,324,478522,6044,3515434,7991500
4686,282,316,478240,6010,3515750,8295000
4687,275,300,477965,5985,3516050,8343900
4688,288,299,477677,5974,3516349,8479100
4689,288,310,477389,5952,3516659,8172400
4690,278,323,477111,5907,3516982,8148400
4691,255,290,476856,5872,3517272,8351300
4692,255,293,476601,5834,3517565,8448200
4693,280,278,476321,5836,3517843,8138400
4694,294,288,476027,5842,3518131,8406300
4695,285,279,475742,5848,3518410,8126700
4696,274,292,475468,5830,3518702,8640900
4697,267,291,475201,5806,3518993,8322000
4698,297,313,474904,5790,3519306,8432300
4699,298,279,474606,5809,3519585,8190500
4700,292,314,474314,5787,3519899,8431200
4701,297,294,474017,5790,3520193,8091000
4702,281,282,473736,5789,3520475,8480600
4703,307,287,473429,5809,3520762,8237000
4704,298,283,473131,5824,3521045,8378900
4705,283,302,472848,5805,3521347,8494400
4706,300,295,472548,5810,3521642,8779500
4707,276,303,472272,5783,3521945,8319100
4708,285,303,471987,5765,3522248,8075900
4709,323,302,471664,5786,3522550,8294900
4710,323,298,471341,5811,3522848,8359300
4711,294,274,471047,5831,3523122,9194700
4712,291,293,470756,5829,3523415,8582000
4713,290,263,470466,5856,3523678,8447300
4714,276,285,470190,5847,3523963,8320900
4715,270,306,469920,5811,3524269,8317100
4716,300,315,469620,5796,3524584,8779800
4717,321,288,469299,5829,3524872,8877100
4718,281,293,469018,5817,3525165,8483900
4719,271,258,468747,5830,3525423,8309600
4720,289,286,468458,5833,3525709,8980400
4721,313,302,468145,5844,3526011,8573200
4722,287,291,467858,5840,3526302,8198900
4723,323,272,467535,5891,3526574,8282300
4724,301,294,467234,5898,3526868,7998600
4725,306,310,466928,5894,3527178,8050200
4726,279,287,466649,5886,3527465,8167900
4727,283,311,466366,5858,3527776,8094900
4728,275,286,466091,5847,3528062,8342800
4729,306,321,465785,5832,3528383,8054300
4730,297,303,465488,5826,3528686,8425600
4731,293,282,465195,5837,3528968,7938900
4732,308,273,464887,5872,3529241,8474100
4733,303,299,464584,5876,3529540,7921200
4734,308,291,464276,5893,3529831,8180300
4735,313,305,463963,5901,3530136,8419500
4736,318,274,463645,5945,3530410,8123100
4737,337,293,463308,5989,3530703,8642700
4738,298,308,463010,5979,3531011,8118200
4739,318,329,462692,5968,3531340,8557000
4740,279,268,462413,5979,3531608,8040600
4741,318,279,462095,6018,3531887,8245500
4742,292,285,461803,6025,3532172,8285400
4743,307,308,461496,6024,3532480,8264900
4744,300,305,461196,6019,3532785,8293900
4745,247,287,460949,5979,3533072,8422700
4746,286,273,460663,5992,3533345,8670300
4747,274,278,460389,5988,3533623,8643200
4748,291,304,460098,5975,3533927,8451900
4749,266,306,459832,5935,3534233,8170000
4750,273,306,459559,5902,3534539,8113500
4751,301,308,459258,5895,3534847,8117400
4752,282,299,458976,5878,3535146,8478100
4753,291,278,458685,5891,3535424,8645900
4754,305,293,458380,5903,3535717,8408400
4755,258,295,458122,5866,3536012,8041500
4756,311,278,457811,5899,3536290,8176100
4757,295,318,457516,5876,3536608,8046000
4758,288,288,457228,5876,3536896,8325800
4759,277,266,456951,5887,3537162,8318000
4760,269,291,456682,5865,3537453,8524900
4761,288,279,456394,5874,3537732,8390100
4762,316,295,456078,5895,3538027,8160200
4763,302,275,455776,5922,3538302,8104800
4764,298,309,455478,5911,3538611,8262500
4765,283,302,455195,5892,3538913,8212900
4766,269,281,454926,5880,3539194,8781600
4767,297,313,454629,5864,3539507,9204000
4768,284,318,454345,5830,3539825,8698000
4769,316,286,454029,5860,3540111,9119800
4770,287,303,453742,5844,3540414,8269400
4771,300,274,453442,5870,3540688,8130600
4772,285,286,453157,5869,3540974,8131200
4773,269,289,452888,5849,3541263,7991300
4774,290,273,452598,5866,3541536,7979300
4775,312,280,452286,5898,3541816,8174600
4776,294,315,451992,5877,3542131,8339800
4777,279,293,451713,5863,3542424,8149900
4778,282,312,451431,5833,3542736,8466000
4779,244,297,451187,5780,3543033,8329100
4780,265,292,450922,5753,3543325,8446800
4781,270,300,450652,5723,3543625,8594100
4782,266,279,450386,5710,3543904,8772200
4783,299,264,450087,5745,3544168,8886100
4784,285,273,449802,5757,3544441,8819400
4785,294,281,449508,5770,3544722,8170600
4786,287,295,449221,5762,3545017,8372400
4787,296,276,448925,5782,3545293,8258600
4788,277,264,448648,5795,3545557,8139000
4789,299,260,448349,5834,3545817,8043600
4790,284,286,448065,5832,3546103,8050400
4791,287,270,447778,5849,3546373,8167700
4792,259,262,447519,5846,3546635,8222600
4793,277,284,447242,5839,3546919,8493400
4794,304,287,446938,5856,3547206,8395600
4795,280,300,446658,5836,3547506,8739300
4796,272,281,446386,5827,3547787,8195000
4797,297,283,446089,5841,3548070,9040600
4798,276,306,445813,5811,3548376,7873000
4799,285,300,445528,5796,3548676,7992200
4800,271,281,445257,5786,3548957,8066500
4801,291,272,444966,5805,3549229,8120700
4802,301,286,444665,5820,3549515,7951400
4803,287,273,444378,5834,3549788,8218300
4804,251,292,444127,5793,3550080,8265900
4805,271,281,443856,5783,3550361,8139100
4806,265,266,443591,5782,3550627,8583100
4807,248,288,443343,5742,3550915,8435600
4808,276,262,443067,5756,3551177,8860500
4809,274,294,442793,5736,3551471,8063000
4810,285,276,442508,5745,3551747,8616500
4811,271,309,442237,5707,3552056,8467500
4812,253,272,441984,5688,3552328,8185300
4813,295,270,441689,5713,3552598,8050000
4814,280,281,441409,5712,3552879,8335300
4815,294,303,441115,5703,3553182,8179100
4816,314,265,440801,5752,3553447,8317200
4817,292,316,440509,5728,3553763,8104800
4818,288,292,440221,5724,3554055,8302100
4819,279,318,439942,5685,3554373,8411700
4820,271,281,439671,5675,3554654,8131800
4821,277,310,439394,5642,3554964,8669000
4822,299,274,439095,5667,3555238,8028900
4823,258,292,438837,5633,3555530,8697600
4824,290,320,438547,5603,3555850,8891400
4825,283,311,438264,5575,3556161,8291100
4826,292,280,437972,5587,3556441,8557000
4827,265,285,437707,5567,3556726,8398700
4828,274,264,437433,5577,3556990,9019600
4829,267,251,437166,5593,3557241,8216300
4830,273,285,436893,5581,3557526,8324300
4831,264,299,436629,5546,3557825,8649900
4832,256,266,436373,5536,3558091,8316500
4833,263,292,436110,5507,3558383,8379700
4834,270,280,435840,5497,3558663,9177200
4835,265,284,435575,5478,3558947,8232800
4836,270,284,435305,5464,3559231,8107000
4837,281,251,435024,5494,3559482,8290300
4838,269,255,434755,5508,3559737,8175200
4839,275,270,434480,5513,3560007,8394700
4840,276,291,434204,5498,3560298,8428600
4841,277,292,433927,5483,3560590,8413900
4842,319,263,433608,5539,3560853,8546200
4843,296,279,433312,5556,3561132,8669700
4844,260,261,433052,5555,3561393,8091500
4845,238,298,432814,5495,3561691,8702400
4846,304,251,432510,5548,3561942,7907300
4847,284,280,432226,5552,3562222,8701800
4848,282,287,431944,5547,3562509,8361300
4849,283,263,431661,5567,3562772,8197700
4850,275,265,431386,5577,3563037,8346200
4851,278,267,431108,5588,3563304,8386700
4852,275,295,430833,5568,3563599,9672900
4853,283,287,430550,5564,3563886,9165700
4854,276,270,430274,5570,3564156,8288900
4855,262,287,430012,5545,3564443,8350500
4856,289,303,429723,5531,3564746,8403400
4857,272,255,429451,5548,3565001,8098300
4858,286,283,429165,5551,3565284,8007800
4859,287,291,428878,5547,3565575,8158900
4860,235,283,428643,5499,3565858,8364800
4861,291,245,428352,5545,3566103,8125600
4862,268,282,428084,5531,3566385,8410600
4863,277,296,427807,5512,3566681,8734300
4864,292,273,427515,5531,3566954,8268900
4865,313,293,427202,5551,3567247,8813700
4866,262,251,426940,5562,3567498,8701400
4867,286,324,426654,5524,3567822,8231700
4868,252,275,426402,5501,3568097,8043700
4869,283,285,426119,5499,3568382,8226500
4870,300,279,425819,5520,3568661,8127700
4871,295,306,425524,5509,3568967,8203000
4872,264,301,425260,5472,3569268,8020800
4873,281,280,424979,5473,3569548,8223800
4874,276,277,424703,5472,3569825,8123500
4875,282,272,424421,5482,3570097,8166500
4876,259,280,424162,5461,3570377,8878500
4877,260,279,423902,5442,3570656,8705900
4878,259,276,423643,5425,3570932,8070900
4879,262,307,423381,5380,3571239,8357800
4880,297,282,423084,5395,3571521,8531100
4881,263,261,422821,5397,3571782,7991600
4882,275,284,422546,5388,3572066,8066800
4883,250,282,422296,5356,3572348,8223500
4884,249,262,422047,5343,3572610,8245000
4885,251,269,421796,5325,3572879,8211900
4886,236,267,421560,5294,3573146,8147200
4887,285,251,421275,5328,3573397,8463600
4888,313,300,420962,5341,3573697,8194800
4889,284,286,420678,5339,3573983,8130900
4890,272,266,420406,5345,3574249,8256900
4891,304,266,420102,5383,3574515,8634200
4892,279,286,419823,5376,3574801,8365800
4893,294,267,419529,5403,3575068,8648600
4894,274,283,419255,5394,3575351,8793600
4895,283,290,418972,5387,3575641,8241200
4896,281,264,418691,5404,3575905,8315600
4897,284,277,418407,5411,3576182,8634700
4898,266,265,418141,5412,3576447,8348800
4899,288,270,417853,5430,3576717,8260500
4900,306,293,417547,5443,3577010,8188500
4901,279,279,417268,5443,3577289,8270300
4902,248,275,417020,5416,3577564,8354700
4903,285,277,416735,5424,3577841,8819900
4904,263,288,416472,5399,3578129,8725000
4905,260,251,416212,5408,3578380,8791600
4906,290,261,415922,5437,3578641,8874900
4907,239,280,415683,5396,3578921,8138100
4908,234,233,415449,5397,3579154,8076700
4909,253,295,415196,5355,3579449,8589000
4910,245,271,414951,5329,3579720,8502700
4911,273,274,414678,5328,3579994,8705900
4912,230,261,414448,5297,3580255,8239400
4913,255,263,414193,5289,3580518,8160600
4914,273,262,413920,5300,3580780,8364600
4915,280,263,413640,5317,3581043,8396700
4916,269,265,413371,5321,3581308,8533100
4917,288,245,413083,5364,3581553,8194300
4918,268,273,412815,5359,3581826,8279300
4919,303,246,412512,5416,3582072,8221900
4920,276,255,412236,5437,3582327,8337700
4921,297,251,411939,5483,3582578,8130900
4922,258,288,411681,5453,3582866,7878200
4923,287,270,411394,5470,3583136,8049100
4924,264,291,411130,5443,3583427,8029700
4925,268,257,410862,5454,3583684,8902700
4926,293,265,410569,5482,3583949,8122200
4927,254,293,410315,5443,3584242,8198300
4928,300,276,410015,5467,3584518,7956700
4929,266,285,409749,5448,3584803,8060500
4930,254,276,409495,5426,3585079,8513400
4931,265,304,409230,5387,3585383,8016100
4932,270,272,408960,5385,3585655,7972400
4933,270,261,408690,5394,3585916,8221500
4934,290,276,408400,5408,3586192,7996600
4935,269,294,408131,5383,3586486,8130000
4936,234,243,407897,5374,3586729,8380100
4937,258,272,407639,5360,3587001,8040700
4938,251,253,407388,5358,3587254,8513600
4939,254,237,407134,5375,3587491,7971300
4940,248,216,406886,5407,3587707,8443700
4941,272,296,406614,5383,3588003,8207000
4942,245,261,406369,5367,3588264,8290300
4943,256,272,406113,5351,3588536,8154400
4944,235,250,405878,5336,3588786,8059900
4945,222,263,405656,5295,3589049,8048200
4946,242,266,405414,5271,3589315,8837900
4947,243,251,405171,5263,3589566,8048000
4948,263,273,404908,5253,3589839,9286300
4949,246,266,404662,5233,3590105,8384500
4950,245,294,404417,5184,3590399,8271300
4951,227,231,404190,5180,3590630,8541900
4952,243,268,403947,5155,3590898,8359300
4953,236,245,403711,5146,3591143,8404300
4954,238,250,403473,5134,3591393,8565600
4955,239,245,403234,5128,3591638,8917000
4956,259,241,402975,5146,3591879,8152100
4957,262,256,402713,5152,3592135,8737100
4958,214,254,402499,5112,3592389,8336300
4959,213,245,402286,5080,3592634,8956500
4960,239,272,402047,5047,3592906,8294600
4961,219,253,401828,5013,3593159,8150300
4962,206,281,401622,4938,3593440,8341900
4963,234,231,401388,4941,3593671,8134000
4964,265,255,401123,4951,3593926,8049800
4965,228,264,400895,4915,3594190,8080200
4966,241,263,400654,4893,3594453,8654800
4967,230,268,400424,4855,3594721,8325800
4968,238,248,400186,4845,3594969,9017400
4969,253,246,399933,4852,3595215,8416400
4970,249,242,399684,4859,3595457,8098500
4971,245,238,399439,4866,3595695,8097900
4972,246,233,399193,4879,3595928,7954800
4973,254,242,398939,4891,3596170,7981600
4974,261,243,398678,4909,3596413,7980400
4975,241,279,398437,4871,3596692,8002900
4976,256,249,398181,4878,3596941,8284600
4977,230,219,397951,4889,3597160,8077100
4978,240,247,397711,4882,3597407,8893100
4979,223,287,397488,4818,3597694,8177600
4980,247,245,397241,4820,3597939,7875300
4981,227,244,397014,4803,3598183,8017900
4982,249,216,396765,4836,3598399,7957500
4983,268,232,396497,4872,3598631,8205700
4984,239,235,396258,4876,3598866,8355500
4985,227,253,396031,4850,3599119,8440500
4986,253,269,395778,4834,3599388,8042400
4987,251,241,395527,4844,3599629,7931500
4988,259,256,395268,4847,3599885,8257800
4989,241,245,395027,4843,3600130,8493500
4990,250,252,394777,4841,3600382,8243700
4991,231,252,394546,4820,3600634,8147600
4992,238,217,394308,4841,3600851,8922100
4993,253,260,394055,4834,3601111,8913400
4994,260,247,393795,4847,3601358,8241700
4995,240,230,393555,4857,3601588,8321600
4996,247,219,393308,4885,3601807,8446800
4997,274,218,393034,4941,3602025,8070000
4998,255,249,392779,4947,3602274,8008300
4999,269,246,392510,4970,3602520,8237300
5000,264,280,392246,4954,3602800,8072300
5001,258,275,391988,4937,3603075,8620400
5002,276,235,391712,4978,3603310,8615100
5003,263,258,391449,4983,3603568,8118200
5004,254,272,391195,4965,3603840,8421700
5005,262,239,390933,4988,3604079,8097000
5006,246,263,390687,4971,3604342,8658800
5007,249,233,390438,4987,3604575,8788600
5008,260,236,390178,5011,3604811,8563300
5009,253,228,389925,5036,3605039,8394300
5010,242,234,389683,5044,3605273,8175300
5011,261,243,389422,5062,3605516,7965000
5012,230,282,389192,5010,3605798,8324300
5013,238,220,388954,5028,3606018,8207500
5014,229,243,388725,5014,3606261,8038300
5015,252,274,388473,4992,3606535,8661800
5016,238,256,388235,4974,3606791,8470700
5017,241,253,387994,4962,3607044,8344200
5018,245,280,387749,4927,3607324,8003700
5019,242,250,387507,4919,3607574,8178900
5020,250,243,387257,4926,3607817,8034300
5021,251,243,387006,4934,3608060,8441000
5022,247,251,386759,4930,3608311,8429400
5023,249,249,386510,4930,3608560,8619300
5024,212,212,386298,4930,3608772,8177200
5025,232,244,386066,4918,3609016,8293700
5026,250,260,385816,4908,3609276,8177500
5027,240,247,385576,4901,3609523,9006400
5028,236,233,385340,4904,3609756,8809300
5029,270,246,385070,4928,3610002,8303000
5030,257,244,384813,4941,3610246,8136600
5031,265,257,384548,4949,3610503,8255200
5032,235,258,384313,4926,3610761,8379200
5033,240,244,384073,4922,3611005,8471200
5034,245,241,383828,4926,3611246,8537500
5035,244,257,383584,4913,3611503,8146300
5036,228,233,383356,4908,3611736,8123200
5037,254,262,383102,4900,3611998,8305800
5038,252,224,382850,4928,3612222,9064900
5039,258,246,382592,4940,3612468,8795900
5040,233,245,382359,4928,3612713,9031700
5041,241,209,382118,4960,3612922,8108400
5042,257,257,381861,4960,3613179,8965700
5043,233,259,381628,4934,3613438,8459700
5044,229,218,381399,4945,3613656,8185400
5045,247,248,381152,4944,3613904,8454200
5046,223,239,380929,4928,3614143,8263400
5047,261,234,380668,4955,3614377,9464200
5048,233,249,380435,4939,3614626,8249100
5049,236,224,380199,4951,3614850,8570800
5050,228,270,379971,4909,3615120,8605000
5051,259,242,379712,4926,3615362,8671800
5052,279,247,379433,4958,3615609,8846300
5053,263,243,379170,4978,3615852,8352600
5054,245,227,378925,4996,3616079,8404500
5055,244,214,378681,5026,3616293,8469100
5056,259,253,378422,5032,3616546,8224400
5057,259,254,378163,5037,3616800,8140400
5058,245,275,377918,5007,3617075,8008300
5059,248,272,377670,4983,3617347,8162800
5060,255,251,377415,4987,3617598,8027000
5061,242,266,377173,4963,3617864,8084300
5062,241,254,376932,4950,3618118,8361900
5063,237,264,376695,4923,3618382,8086700
5064,263,241,376432,4945,3618623,8043600
5065,272,250,376160,4967,3618873,7902500
5066,232,249,375928,4950,3619122,8420100
5067,252,250,375676,4952,3619372,8107900
5068,283,219,375393,5016,3619591,8179000
5069,248,247,375145,5017,3619838,7987000
5070,257,220,374888,5054,3620058,8042200
5071,255,243,374633,5066,3620301,8015600
5072,248,281,374385,5033,3620582,8014700
5073,252,237,374133,5048,3620819,8404500
5074,235,246,373898,5037,3621065,8090600
5075,223,257,373675,5003,3621322,8111700
5076,219,239,373456,4983,3621561,7941300
5077,210,256,373246,4937,3621817,7777100
5078,241,240,373005,4938,3622057,8343200
5079,249,239,372756,4948,3622296,8150000
5080,226,246,372530,4928,3622542,8121800
5081,259,259,372271,4928,3622801,8172300
5082,236,237,372035,4927,3623038,8291000
5083,226,264,371809,4889,3623302,8239200
5084,239,240,371570,4888,3623542,7880300
5085,223,237,371347,4874,3623779,7775600
5086,235,228,371112,4881,3624007,8087500
5087,233,229,370879,4885,3624236,8532500
5088,253,249,370626,4889,3624485,7949100
5089,222,256,370404,4855,3624741,7909800
5090,238,227,370166,4866,3624968,8065200
5091,235,256,369931,4845,3625224,8027400
5092,249,235,369682,4859,3625459,8074200
5093,217,233,369465,4843,3625692,7889600
5094,250,252,369215,4841,3625944,7725300
5095,244,245,368971,4840,3626189,7803900
5096,231,229,368740,4842,3626418,7893800
5097,246,248,368494,4840,3626666,7740100
5098,246,234,368248,4852,3626900,7763200
5099,257,279,367991,4830,3627179,8098100
5100,244,205,367747,4869,3627384,7715500
5101,219,256,367528,4832,3627640,7866400
5102,245,234,367283,4843,3627874,7859100
5103,229,226,367054,4846,3628100,7739300
5104,259,254,366795,4851,3628354,7973700
5105,237,253,366558,4835,3628607,7819600
5106,247,233,366311,4849,3628840,7904400
5107,259,245,366052,4863,3629085,7750700
5108,219,266,365833,4816,3629351,8011300
5109,228,237,365605,4807,3629588,7688400
5110,234,244,365371,4797,3629832,7738200
5111,257,246,365114,4808,3630078,7755000
5112,247,268,364867,4787,3630346,7937400
5113,237,233,364630,4791,3630579,7996000
5114,217,261,364413,4747,3630840,8369500
5115,223,225,364190,4745,3631065,7679000
5116,233,222,363957,4756,3631287,7836200
5117,225,238,363732,4743,3631525,7821300
5118,250,230,363482,4763,3631755,7702400
5119,252,262,363230,4753,3632017,7727300
5120,214,244,363016,4723,3632261,7818800
5121,254,221,362762,4756,3632482,8055500
5122,261,235,362501,4782,3632717,7944300
5123,197,258,362304,4721,3632975,7794000
5124,248,234,362056,4735,3633209,7744600
5125,228,229,361828,4734,3633438,7669200
5126,223,213,361605,4744,3633651,7710700
5127,219,258,361386,4705,3633909,7706500
5128,218,242,361168,4681,3634151,8029200
5129,227,227,360941,4681,3634378,8030900
5130,236,248,360705,4669,3634626,8058600
5131,223,234,360482,4658,3634860,7821700
5132,207,240,360275,4625,3635100,8035100
5133,233,222,360042,4636,3635322,7770600
5134,220,235,359822,4621,3635557,7749000
5135,237,252,359585,4606,3635809,7747700
5136,229,229,359356,4606,3636038,7695500
5137,228,226,359128,4608,3636264,7738200
5138,229,221,358899,4616,3636485,8147900
5139,234,223,358665,4627,3636708,7846800
5140,210,244,358455,4593,3636952,7762700
5141,228,202,358227,4619,3637154,7929800
5142,238,218,357989,4639,3637372,8068300
5143,239,217,357750,4661,3637589,7982800
5144,212,249,357538,4624,3637838,8093100
5145,219,239,357319,4604,3638077,8326600
5146,231,224,357088,4611,3638301,8283300
5147,229,225,356859,4615,3638526,9281500
5148,197,237,356662,4575,3638763,8958800
5149,192,227,356470,4540,3638990,9360600
5150,203,256,356267,4487,3639246,8007200
5151,210,212,356057,4485,3639458,9519400
5152,229,232,355828,4482,3639690,8743100
5153,194,199,355634,4477,3639889,9460900
5154,226,218,355408,4485,3640107,8367600
5155,229,233,355179,4481,3640340,8036600
5156,217,223,354962,4475,3640563,8266200
5157,208,231,354754,4452,3640794,8033700
5158,212,230,354542,4434,3641024,8050900
5159,221,214,354321,4441,3641238,7959100
5160,207,217,354114,4431,3641455,8375100
5161,206,222,353908,4415,3641677,8152300
5162,213,251,353695,4377,3641928,7987100
5163,207,233,353488,4351,3642161,8340100
5164,202,209,353286,4344,3642370,7976500
5165,199,206,353087,4337,3642576,7857400
5166,205,206,352882,4336,3642782,8049700
5167,222,219,352660,4339,3643001,7970700
5168,192,194,352468,4337,3643195,8652400
5169,203,247,352265,4293,3643442,8130800
5170,215,218,352050,4290,3643660,8119100
5171,182,209,351868,4263,3643869,7984300
5172,201,208,351667,4256,3644077,7856700
5173,192,217,351475,4231,3644294,8007500
5174,219,213,351256,4237,3644507,7944200
5175,196,216,351060,4217,3644723,7894400
5176,206,191,350854,4232,3644914,7861400
5177,209,187,350645,4254,3645101,8267400
5178,229,214,350416,4269,3645315,8117500
5179,212,212,350204,4269,3645527,8038800
5180,207,228,349997,4248,3645755,7950100
5181,177,184,349820,4241,3645939,8047400
5182,253,223,349567,4271,3646162,7854000
5183,203,241,349364,4233,3646403,7860500
5184,198,229,349166,4202,3646632,7915400
5185,196,207,348970,4191,3646839,8120300
5186,203,207,348767,4187,3647046,8014600
5187,207,221,348560,4173,3647267,8165700
5188,209,222,348351,4160,3647489,7879200
5189,213,190,348138,4183,3647679,7974700
5190,205,213,347933,4175,3647892,7990100
5191,204,203,347729,4176,3648095,8054700
5192,214,238,347515,4152,3648333,7925200
5193,212,187,347303,4177,3648520,8171900
5194,220,215,347083,4182,3648735,8189500
5195,209,195,346874,4196,3648930,8262500
5196,202,191,346672,4207,3649121,8126300
5197,198,213,346474,4192,3649334,8274800
5198,193,218,346281,4167,3649552,8118700
5199,196,216,346085,4147,3649768,8382000
5200,201,207,345884,4141,3649975,8272100
5201,224,215,345660,4150,3650190,8358300
5202,219,219,345441,4150,3650409,8796400
5203,220,215,345221,4155,3650624,8183200
5204,209,195,345012,4169,3650819,8291900
5205,190,203,344822,4156,3651022,8534500
5206,201,216,344621,4141,3651238,8678900
5207,203,224,344418,4120,3651462,7987000
5208,185,235,344233,4070,3651697,7915400
5209,195,233,344038,4032,3651930,7989700
5210,196,210,343842,4018,3652140,8046500
5211,184,188,343658,4014,3652328,8033700
5212,204,208,343454,4010,3652536,8090000
5213,200,197,343254,4013,3652733,7955400
5214,201,210,343053,4004,3652943,7972000
5215,206,201,342847,4009,3653144,7997200
5216,187,192,342660,4004,3653336,8066100
5217,206,218,342454,3992,3653554,7940500
5218,199,193,342255,3998,3653747,7976100
5219,193,212,342062,3979,3653959,8012500
5220,192,209,341870,3962,3654168,8095200
5221,185,225,341685,3922,3654393,7886800
5222,199,186,341486,3935,3654579,7952900
5223,195,182,341291,3948,3654761,8021700
5224,215,189,341076,3974,3654950,7747200
5225,191,200,340885,3965,3655150,7723100
5226,172,204,340713,3933,3655354,7714800
5227,221,183,340492,3971,3655537,7989700
5228,197,193,340295,3975,3655730,7924200
5229,231,173,340064,4033,3655903,7899100
5230,219,206,339845,4046,3656109,7688500
5231,240,203,339605,4083,3656312,7697400
5232,211,212,339394,4082,3656524,7747800
5233,199,197,339195,4084,3656721,7680600
5234,236,188,338959,4132,3656909,8044000
5235,215,203,338744,4144,3657112,7736900
5236,189,202,338555,4131,3657314,7993000
5237,219,203,338336,4147,3657517,7785100
5238,209,201,338127,4155,3657718,7745200
5239,204,186,337923,4173,3657904,7921400
5240,213,208,337710,4178,3658112,7894300
5241,231,222,337479,4187,3658334,7802700
5242,225,240,337254,4172,3658574,7895200
5243,215,214,337039,4173,3658788,7809700
5244,203,206,336836,4170,3658994,7760700
5245,221,223,336615,4168,3659217,7801400
5246,195,232,336420,4131,3659449,7919600
5247,215,208,336205,4138,3659657,7713600
5248,199,227,336006,4110,3659884,7698300
5249,200,213,335806,4097,3660097,7737100
5250,200,170,335606,4127,3660267,7706400
5251,211,210,335395,4128,3660477,7685900
5252,206,195,335189,4139,3660672,7697700
5253,209,200,334980,4148,3660872,8130500
5254,179,189,334801,4138,3661061,7838000
5255,202,215,334599,4125,3661276,7983800
5256,191,208,334408,4108,3661484,7722800
5257,190,221,334218,4077,3661705,8178000
5258,186,209,334032,4054,3661914,7746800
5259,174,192,333858,4036,3662106,7735900
5260,194,189,333664,4041,3662295,7693600
5261,194,191,333470,4044,3662486,8020200
5262,182,180,333288,4046,3662666,7909500
5263,171,212,333117,4005,3662878,8325000
5264,201,206,332916,4000,3663084,7740900
5265,220,191,332696,4029,3663275,7692700
5266,185,206,332511,4008,3663481,7702100
5267,198,183,332313,4023,3663664,8123700
5268,186,206,332127,4003,3663870,7949500
5269,177,197,331950,3983,3664067,8260400
5270,204,181,331746,4006,3664248,7928300
5271,168,208,331578,3966,3664456,7844300
5272,187,179,331391,3974,3664635,7826300
5273,183,202,331208,3955,3664837,7944800
5274,179,192,331029,3942,3665029,7808700
5275,196,195,330833,3943,3665224,7856500
5276,182,223,330651,3902,3665447,7966700
5277,199,176,330452,3925,3665623,8334400
5278,199,189,330253,3935,3665812,8028500
5279,193,210,330060,3918,3666022,7959000
5280,204,194,329856,3928,3666216,7843200
5281,215,197,329641,3946,3666413,7895000
5282,222,190,329419,3978,3666603,7791900
5283,207,208,329212,3977,3666811,7745900
5284,197,203,329015,3971,3667014,7956300
5285,195,206,328820,3960,3667220,7873100
5286,216,185,328604,3991,3667405,8070500
5287,171,204,328433,3958,3667609,8157300
5288,191,172,328242,3977,3667781,7997300
5289,210,177,328032,4010,3667958,7733000
5290,194,200,327838,4004,3668158,7787000
5291,195,183,327643,4016,3668341,8350200
5292,201,248,327442,3969,3668589,7779500
5293,190,193,327252,3966,3668782,7685400
5294,204,190,327048,3980,3668972,7721100
5295,160,222,326888,3918,3669194,8292600
5296,190,189,326698,3919,3669383,8527700
5297,200,196,326498,3923,3669579,8350200
5298,208,203,326290,3928,3669782,8331800
5299,215,200,326075,3943,3669982,8432700
5300,195,187,325880,3951,3670169,8035400
5301,207,183,325673,3975,3670352,7894400
5302,180,190,325493,3965,3670542,7782900
5303,170,208,325323,3927,3670750,8007300
5304,170,186,325153,3911,3670936,7855600
5305,150,208,325003,3853,3671144,7759700
5306,200,196,324803,3857,3671340,7850700
5307,171,174,324632,3854,3671514,7933400
5308,193,210,324439,3837,3671724,7682000
5309,177,191,324262,3823,3671915,7794000
5310,183,177,324079,3829,3672092,7724400
5311,206,183,323873,3852,3672275,7927300
5312,172,183,323701,3841,3672458,7920100
5313,182,183,323519,3840,3672641,8052700
5314,182,205,323337,3817,3672846,7732500
5315,187,190,323150,3814,3673036,7764900
5316,182,201,322968,3795,3673237,7836500
5317,188,202,322780,3781,3673439,8058200
5318,173,207,322607,3747,3673646,8031500
5319,198,179,322409,3766,3673825,8045500
5320,191,189,322218,3768,3674014,8125300
5321,202,174,322016,3796,3674188,8491900
5322,162,177,321854,3781,3674365,8060700
5323,205,169,321649,3817,3674534,8098900
5324,189,189,321460,3817,3674723,8301100
5325,178,198,321282,3797,3674921,8094700
5326,190,174,321092,3813,3675095,8060200
5327,181,204,320911,3790,3675299,8092800
5328,201,189,320710,3802,3675488,8641000
5329,191,184,320519,3809,3675672,8181200
5330,184,180,320335,3813,3675852,8295300
5331,192,170,320143,3835,3676022,8311400
5332,170,202,319973,3803,3676224,7851300
5333,189,193,319784,3799,3676417,7876400
5334,185,179,319599,3805,3676596,7758200
5335,207,195,319392,3817,3676791,7745400
5336,181,215,319211,3783,3677006,7804300
5337,184,193,319027,3774,3677199,7852800
5338,170,201,318857,3743,3677400,7988400
5339,165,202,318692,3706,3677602,7883400
5340,170,177,318522,3699,3677779,7749700
5341,175,174,318347,3700,3677953,7689600
5342,172,226,318175,3646,3678179,7859500
5343,177,187,317998,3636,3678366,7716900
5344,160,191,317838,3605,3678557,7793800
5345,181,166,317657,3620,3678723,7838000
5346,187,186,317470,3621,3678909,7822900
5347,191,180,317279,3632,3679089,7725100
5348,178,179,317101,3631,3679268,7722400
5349,167,198,316934,3600,3679466,7706000
5350,179,192,316755,3587,3679658,8130900
5351,184,173,316571,3598,3679831,7953600
5352,167,172,316404,3593,3680003,7949700
5353,183,172,316221,3604,3680175,8034000
5354,196,162,316025,3638,3680337,8041600
5355,188,170,315837,3656,3680507,7986000
5356,191,184,315646,3663,3680691,7939400
5357,174,177,315472,3660,3680868,7838800
5358,180,171,315292,3669,3681039,7779700
5359,188,196,315104,3661,3681235,7972000
5360,180,187,314924,3654,3681422,7845400
5361,184,190,314740,3648,3681612,8114500
5362,192,183,314548,3657,3681795,8102700
5363,180,185,314368,3652,3681980,7926400
5364,179,179,314189,3652,3682159,7869000
5365,159,199,314030,3612,3682358,7884600
5366,170,205,313860,3577,3682563,7894900
5367,149,189,313711,3537,3682752,7928200
5368,162,169,313549,3530,3682921,8051900
5369,181,179,313368,3532,3683100,7826800
5370,187,183,313181,3536,3683283,8041000
5371,176,176,313005,3536,3683459,8080700
5372,180,185,312825,3531,3683644,7911900
5373,190,184,312635,3537,3683828,7821700
5374,158,179,312477,3516,3684007,7973600
5375,174,166,312303,3524,3684173,8029700
5376,190,174,312113,3540,3684347,8011800
5377,203,169,311910,3574,3684516,8001900
5378,175,185,311735,3564,3684701,8053700
5379,209,181,311526,3592,3684882,8055600
5380,192,185,311334,3599,3685067,7893800
5381,200,170,311134,3629,3685237,7733500
5382,196,180,310938,3645,3685417,7827000
5383,181,190,310757,3636,3685607,7705300
5384,161,172,310596,3625,3685779,7842400
5385,153,186,310443,3592,3685965,7886800
5386,191,184,310252,3599,3686149,7755200
5387,167,158,310085,3608,3686307,7841900
5388,180,183,309905,3605,3686490,7783800
5389,168,178,309737,3595,3686668,7710400
5390,186,184,309551,3597,3686852,7851900
5391,161,173,309390,3585,3687025,7687200
5392,186,171,309204,3600,3687196,7760400
5393,178,166,309026,3612,3687362,7854900
5394,193,173,308833,3632,3687535,7735500
5395,228,173,308605,3687,3687708,7751900
5396,193,193,308412,3687,3687901,7958400
5397,202,169,308210,3720,3688070,7886600
5398,167,189,308043,3698,3688259,7771400
5399,185,185,307858,3698,3688444,7791400
5400,161,184,307697,3675,3688628,7779300
5401,181,204,307516,3652,3688832,7800000
5402,194,181,307322,3665,3689013,7856500
5403,199,168,307123,3696,3689181,7716500
5404,211,177,306912,3730,3689358,7951800
5405,209,190,306703,3749,3689548,7762800
5406,183,173,306520,3759,3689721,7819300
5407,183,190,306337,3752,3689911,7833200
5408,185,177,306152,3760,3690088,7699400
5409,174,199,305978,3735,3690287,7729600
5410,169,189,305809,3715,3690476,7757500
5411,202,177,305607,3740,3690653,7700700
5412,187,182,305420,3745,3690835,7795300
5413,176,198,305244,3723,3691033,7970100
5414,199,181,305045,3741,3691214,8080400
5415,197,191,304848,3747,3691405,7876800
5416,172,170,304676,3749,3691575,8006700
5417,183,192,304493,3740,3691767,8022300
5418,165,201,304328,3704,3691968,7931400
5419,181,194,304147,3691,3692162,7785600
5420,187,185,303960,3693,3692347,7738100
5421,179,165,303781,3707,3692512,7842600
5422,181,188,303600,3700,3692700,7849400
5423,181,193,303419,3688,3692893,7702400
5424,167,183,303252,3672,3693076,8014900
5425,186,162,303066,3696,3693238,8099100
5426,207,189,302859,3714,3693427,8002400
5427,155,173,302704,3696,3693600,7762300
5428,143,183,302561,3656,3693783,7776500
5429,153,181,302408,3628,3693964,7854200
5430,185,180,302223,3633,3694144,7844200
5431,195,196,302028,3632,3694340,8000900
5432,145,190,301883,3587,3694530,7714200
5433,174,169,301709,3592,3694699,7745700
5434,170,170,301539,3592,3694869,7741000
5435,162,192,301377,3562,3695061,7698500
5436,173,224,301204,3511,3695285,7799500
5437,155,190,301049,3476,3695475,7691000
5438,143,170,300906,3449,3695645,7937700
5439,172,179,300734,3442,3695824,7883900
5440,152,158,300582,3436,3695982,7752700
5441,165,165,300417,3436,3696147,7729000
5442,152,184,300265,3404,3696331,7745200
5443,185,164,300080,3425,3696495,8006300
5444,154,173,299926,3406,3696668,8062400
5445,161,176,299765,3391,3696844,8121700
5446,171,177,299594,3385,3697021,8143800
5447,164,153,299430,3396,3697174,8031000
5448,179,164,299251,3411,3697338,8134400
5449,144,189,299107,3366,3697527,7974100
5450,151,165,298956,3352,3697692,8218000
5451,153,190,298803,3315,3697882,8229400
5452,155,182,298648,3288,3698064,8308000
5453,174,169,298474,3293,3698233,8288000
5454,171,172,298303,3292,3698405,8932700
5455,155,151,298148,3296,3698556,8225500
5456,160,140,297988,3316,3698696,8170100
5457,172,135,297816,3353,3698831,8057200
5458,182,168,297634,3367,3698999,8360300
5459,165,163,297469,3369,3699162,8420400
5460,169,168,297300,3370,3699330,7984500
5461,180,164,297120,3386,3699494,7833100
5462,178,169,296942,3395,3699663,8232500
5463,201,161,296741,3435,3699824,8185300
5464,167,163,296574,3439,3699987,7841100
5465,187,167,296387,3459,3700154,7897400
5466,207,183,296180,3483,3700337,7754300
5467,199,168,295981,3514,3700505,7825900
5468,184,171,295797,3527,3700676,7834900
5469,172,159,295625,3540,3700835,7718200
5470,182,161,295443,3561,3700996,7703500
5471,168,160,295275,3569,3701156,7858500
5472,192,177,295083,3584,3701333,7844600
5473,209,183,294874,3610,3701516,7800700
5474,201,154,294673,3657,3701670,7948000
5475,177,192,294496,3642,3701862,8828200
5476,209,191,294287,3660,3702053,7937000
5477,198,185,294089,3673,3702238,8110000
5478,182,191,293907,3664,3702429,8716700
5479,182,182,293725,3664,3702611,8534400
5480,159,145,293566,3678,3702756,9092400
5481,200,209,293366,3669,3702965,8915100
5482,195,220,293171,3644,3703185,8150500
5483,177,188,292994,3633,3703373,8284200
5484,154,177,292840,3610,3703550,8059900
5485,169,181,292671,3598,3703731,8040600
5486,193,176,292478,3615,3703907,8193700
5487,180,192,292298,3603,3704099,8128400
5488,171,171,292127,3603,3704270,8447300
5489,180,149,291947,3634,3704419,8067600
5490,188,175,291759,3647,3704594,7982200
5491,177,195,291582,3629,3704789,7939500
5492,189,186,291393,3632,3704975,7978800
5493,183,194,291210,3621,3705169,7910000
5494,190,177,291020,3634,3705346,7945300
5495,166,170,290854,3630,3705516,8056500
5496,193,196,290661,3627,3705712,8510900
5497,184,178,290477,3633,3705890,8200800
5498,192,198,290285,3627,3706088,8116300
5499,172,182,290113,3617,3706270,8223200
5500,176,187,289937,3606,3706457,7965300
5501,191,175,289746,3622,3706632,8404700
5502,176,183,289570,3615,3706815,7947500
5503,164,190,289406,3589,3707005,8082900
5504,163,202,289243,3550,3707207,8051500
5505,154,180,289089,3524,3707387,8164000
5506,173,165,288916,3532,3707552,8465100
5507,163,164,288753,3531,3707716,8260700
5508,175,182,288578,3524,3707898,8048400
5509,169,173,288409,3520,3708071,8524700
5510,156,172,288253,3504,3708243,8033500
5511,190,164,288063,3530,3708407,8443100
5512,164,158,287899,3536,3708565,8264800
5513,202,160,287697,3578,3708725,8286100
5514,179,183,287518,3574,3708908,8498100
5515,136,198,287382,3512,3709106,8201500
5516,178,167,287204,3523,3709273,8867300
5517,154,166,287050,3511,3709439,8742300
5518,156,155,286894,3512,3709594,8458300
5519,190,176,286704,3526,3709770,8431300
5520,181,174,286523,3533,3709944,9300900
5521,172,182,286351,3523,3710126,9302200
5522,184,170,286167,3537,3710296,8855300
5523,184,189,285983,3532,3710485,10340200
5524,184,174,285799,3542,3710659,9921900
5525,191,194,285608,3539,3710853,10230000
5526,177,196,285431,3520,3711049,9393000
5527,164,160,285267,3524,3711209,8519900
5528,191,177,285076,3538,3711386,8390300
5529,163,163,284913,3538,3711549,8422900
5530,177,171,284736,3544,3711720,8240100
5531,178,174,284558,3548,3711894,9444800
5532,154,170,284404,3532,3712064,8874900
5533,191,170,284213,3553,3712234,9033900
5534,196,182,284017,3567,3712416,10036200
5535,195,189,283822,3573,3712605,9211600
5536,195,176,283627,3592,3712781,9989400
5537,213,181,283414,3624,3712962,9095600
5538,158,165,283256,3617,3713127,9048800
5539,197,170,283059,3644,3713297,10170300
5540,167,166,282892,3645,3713463,8716200
5541,180,178,282712,3647,3713641,8352300
5542,168,169,282544,3646,3713810,8571800
5543,181,174,282363,3653,3713984,8127700
5544,196,177,282167,3672,3714161,8313400
5545,184,179,281983,3677,3714340,8015500
5546,164,213,281819,3628,3714553,7995800
5547,181,189,281638,3620,3714742,7946500
5548,184,169,281454,3635,3714911,7919800
5549,187,211,281267,3611,3715122,7889600
5550,172,221,281095,3562,3715343,7847300
5551,180,170,280915,3572,3715513,7731400
5552,187,170,280728,3589,3715683,7717500
5553,199,173,280529,3615,3715856,7818400
5554,191,176,280338,3630,3716032,7813800
5555,191,182,280147,3639,3716214,7723200
5556,178,191,279969,3626,3716405,7754300
5557,189,161,279780,3654,3716566,7738300
5558,184,184,279596,3654,3716750,7916600
5559,179,194,279417,3639,3716944,7868700
5560,196,164,279221,3671,3717108,7748300
5561,168,177,279053,3662,3717285,7722300
5562,179,193,278874,3648,3717478,8088000
5563,190,187,278684,3651,3717665,7856900
5564,163,172,278521,3642,3717837,7985800
5565,178,167,278343,3653,3718004,7908100
5566,176,184,278167,3645,3718188,7958600
5567,167,192,278000,3620,3718380,7985500
5568,181,170,277819,3631,3718550,7985600
5569,146,189,277673,3588,3718739,8133500
5570,191,181,277482,3598,3718920,8078200
5571,174,159,277308,3613,3719079,8034300
5572,205,158,277103,3660,3719237,8003300
5573,191,191,276912,3660,3719428,7964200
5574,182,188,276730,3654,3719616,8085100
5575,176,216,276554,3614,3719832,8023000
5576,172,171,276382,3615,3720003,8126900
5577,170,175,276212,3610,3720178,8065800
5578,168,185,276044,3593,3720363,8344000
5579,175,201,275869,3567,3720564,8170100
5580,205,178,275664,3594,3720742,7798100
5581,184,197,275480,3581,3720939,7919600
5582,172,172,275308,3581,3721111,7811900
5583,177,176,275131,3582,3721287,7987000
5584,174,208,274957,3548,3721495,7862900
5585,173,196,274784,3525,3721691,7950600
5586,189,197,274595,3517,3721888,7975300
5587,162,193,274433,3486,3722081,8397100
5588,164,184,274269,3466,3722265,7762700
5589,161,163,274108,3464,3722428,7747100
5590,156,175,273952,3445,3722603,7742100
5591,179,184,273773,3440,3722787,7898200
5592,162,150,273611,3452,3722937,7889300
5593,184,160,273427,3476,3723097,7788200
5594,178,163,273249,3491,3723260,7721700
5595,153,181,273096,3463,3723441,7874300
5596,153,189,272943,3427,3723630,7714600
5597,159,190,272784,3396,3723820,7908700
5598,154,188,272630,3362,3724008,7963700
5599,164,168,272466,3358,3724176,8088600
5600,163,165,272303,3356,3724341,7897500
5601,155,154,272148,3357,3724495,7777900
5602,186,146,271962,3397,3724641,7891300
5603,156,162,271806,3391,3724803,7739000
5604,164,188,271642,3367,3724991,7694000
5605,175,176,271467,3366,3725167,7715200
5606,177,184,271290,3359,3725351,7709500
5607,180,147,271110,3392,3725498,7726800
5608,203,175,270907,3420,3725673,7955100
5609,190,196,270717,3414,3725869,8067500
5610,161,182,270556,3393,3726051,7901000
5611,173,158,270383,3408,3726209,7873600
5612,171,184,270212,3395,3726393,7759700
5613,170,170,270042,3395,3726563,8000800
5614,163,189,269879,3369,3726752,8185900
5615,176,175,269703,3370,3726927,8062800
5616,167,177,269536,3360,3727104,7997200
5617,183,166,269353,3377,3727270,7899000
5618,164,163,269189,3378,3727433,7776700
5619,153,169,269036,3362,3727602,7813300
5620,180,168,268856,3374,3727770,7968400
5621,167,167,268689,3374,3727937,8370600
5622,164,170,268525,3368,3728107,7728100
5623,181,159,268344,3390,3728266,7800100
5624,170,161,268174,3399,3728427,7733100
5625,166,164,268008,3401,3728591,7738600
5626,186,169,267822,3418,3728760,7926600
5627,185,191,267637,3412,3728951,7734800
5628,172,188,267465,3396,3729139,7820000
5629,175,170,267290,3401,3729309,8181900
5630,148,168,267142,3381,3729477,8125700
5631,174,176,266968,3379,3729653,8011100
5632,156,181,266812,3354,3729834,7803600
5633,165,177,266647,3342,3730011,7968500
5634,148,173,266499,3317,3730184,7848700
5635,168,171,266331,3314,3730355,7997800
5636,153,168,266178,3299,3730523,7871800
5637,173,148,266005,3324,3730671,7825200
5638,170,168,265835,3326,3730839,7680200
5639,175,146,265660,3355,3730985,7697000
5640,157,163,265503,3349,3731148,7729500
5641,180,140,265323,3389,3731288,7935900
5642,152,159,265171,3382,3731447,7944900
5643,180,159,264991,3403,3731606,7921000
5644,160,176,264831,3387,3731782,7896600
5645,182,149,264649,3420,3731931,7798400
5646,181,179,264468,3422,3732110,7706800
5647,167,153,264301,3436,3732263,7846900
5648,199,166,264102,3469,3732429,7756700
5649,148,186,263954,3431,3732615,7687900
5650,182,165,263772,3448,3732780,7797700
5651,174,187,263598,3435,3732967,7842100
5652,167,185,263431,3417,3733152,8022800
5653,153,176,263278,3394,3733328,7782900
5654,141,147,263137,3388,3733475,7900000
5655,172,182,262965,3378,3733657,7725700
5656,164,166,262801,3376,3733823,7821700
5657,151,176,262650,3351,3733999,7806400
5658,163,168,262487,3346,3734167,7742400
5659,162,161,262325,3347,3734328,7879700
5660,167,156,262158,3358,3734484,7830100
5661,181,157,261977,3382,3734641,7908300
5662,159,148,261818,3393,3734789,7832000
5663,183,185,261635,3391,3734974,7731700
5664,167,176,261468,3382,3735150,7773600
5665,180,185,261288,3377,3735335,7835600
5666,209,181,261079,3405,3735516,7911900
5667,170,169,260909,3406,3735685,8173600
5668,155,178,260754,3383,3735863,8004100
5669,194,172,260560,3405,3736035,7935600
5670,166,167,260394,3404,3736202,7968700
5671,195,182,260199,3417,3736384,8013500
5672,184,172,260015,3429,3736556,8121900
5673,174,160,259841,3443,3736716,8343900
5674,173,167,259668,3449,3736883,8329300
5675,184,179,259484,3454,3737062,8451200
5676,185,186,259299,3453,3737248,8433200
5677,184,184,259115,3453,3737432,8474000
5678,175,211,258940,3417,3737643,8176900
5679,171,166,258769,3422,3737809,8277400
5680,175,161,258594,3436,3737970,8229600
5681,156,166,258438,3426,3738136,8096400
5682,156,169,258282,3413,3738305,8301700
5683,175,177,258107,3411,3738482,8178500
5684,161,171,257946,3401,3738653,8253900
5685,142,186,257804,3357,3738839,8115000
5686,165,149,257639,3373,3738988,8109900
5687,180,156,257459,3397,3739144,8107200
5688,181,226,257278,3352,3739370,8821700
5689,152,172,257126,3332,3739542,8548400
5690,175,173,256951,3334,3739715,8164600
5691,165,169,256786,3330,3739884,8173000
5692,160,173,256626,3317,3740057,8614400
5693,165,155,256461,3327,3740212,8240400
5694,164,170,256297,3321,3740382,8241300
5695,172,172,256125,3321,3740554,8118600
5696,170,135,255955,3356,3740689,8095300
5697,171,155,255784,3372,3740844,8423100
5698,181,159,255603,3394,3741003,8103000
5699,167,189,255436,3372,3741192,8118700
5700,167,172,255269,3367,3741364,8278400
5701,161,160,255108,3368,3741524,8264200
5702,151,143,254957,3376,3741667,8301000
5703,150,170,254807,3356,3741837,7974000
5704,172,182,254635,3346,3742019,8082900
5705,164,151,254471,3359,3742170,7786000
5706,158,158,254313,3359,3742328,7849200
5707,161,173,254152,3347,3742501,7812400
5708,164,157,253988,3354,3742658,7853800
5709,184,192,253804,3346,3742850,8396700
5710,144,152,253660,3338,3743002,8371400
5711,159,178,253501,3319,3743180,9296100
5712,165,152,253336,3332,3743332,8582300
5713,186,172,253150,3346,3743504,8540100
5714,170,187,252980,3329,3743691,8415600
5715,166,152,252814,3343,3743843,8216000
5716,161,172,252653,3332,3744015,8525100
5717,158,168,252495,3322,3744183,8926600
5718,155,178,252340,3299,3744361,8745800
5719,164,167,252176,3296,3744528,8587100
5720,166,176,252010,3286,3744704,9842600
5721,146,163,251864,3269,3744867,9952100
5722,172,175,251692,3266,3745042,9387100
5723,164,172,251528,3258,3745214,9382100
5724,163,149,251365,3272,3745363,8749700
5725,154,166,251211,3260,3745529,8411200
5726,175,152,251036,3283,3745681,8074500
5727,195,186,250841,3292,3745867,7988200
5728,161,175,250680,3278,3746042,7947500
5729,184,165,250496,3297,3746207,8117500
5730,140,158,250356,3279,3746365,8100400
5731,166,165,250190,3280,3746530,8126700
5732,151,161,250039,3270,3746691,8085700
5733,155,172,249884,3253,3746863,7994800
5734,137,165,249747,3225,3747028,8013100
5735,150,163,249597,3212,3747191,8013600
5736,151,152,249446,3211,3747343,7838300
5737,158,177,249288,3192,3747520,7987800
5738,158,165,249130,3185,3747685,7909300
5739,149,158,248981,3176,3747843,8400000
5740,164,159,248817,3181,3748002,7938700
5741,169,154,248648,3196,3748156,7876200
5742,162,177,248486,3181,3748333,7934100
5743,170,145,248316,3206,3748478,7932300
5744,157,171,248159,3192,3748649,8121900
5745,153,155,248006,3190,3748804,8136400
5746,148,171,247858,3167,3748975,7956000
5747,149,148,247709,3168,3749123,8090400
5748,171,168,247538,3171,3749291,8098700
5749,164,156,247374,3179,3749447,7943200
5750,151,157,247223,3173,3749604,8380700
5751,153,164,247070,3162,3749768,8059100
5752,177,160,246893,3179,3749928,7919600
5753,177,154,246716,3202,3750082,8025400
5754,179,148,246537,3233,3750230,7855100
5755,162,147,246375,3248,3750377,7970400
5756,151,132,246224,3267,3750509,8012900
5757,161,171,246063,3257,3750680,7964500
5758,160,146,245903,3271,3750826,7930800
5759,157,154,245746,3274,3750980,8110400
5760,144,165,245602,3253,3751145,8064800
5761,166,150,245436,3269,3751295,7798600
5762,179,199,245257,3249,3751494,7852300
5763,179,160,245078,3268,3751654,7915000
5764,179,180,244899,3267,3751834,7823000
5765,171,168,244728,3270,3752002,7793500
5766,162,167,244566,3265,3752169,7979400
5767,175,137,244391,3303,3752306,7928300
5768,176,172,244215,3307,3752478,7964100
5769,194,172,244021,3329,3752650,7842600
5770,178,189,243843,3318,3752839,7941500
5771,151,195,243692,3274,3753034,7724800
5772,152,169,243540,3257,3753203,7789700
5773,157,157,243383,3257,3753360,7943400
5774,147,166,243236,3238,3753526,7762000
5775,129,169,243107,3198,3753695,7905200
5776,141,143,242966,3196,3753838,7781500
5777,170,161,242796,3205,3753999,7730900
5778,152,168,242644,3189,3754167,8024500
5779,160,153,242484,3196,3754320,8192600
5780,155,166,242329,3185,3754486,8117400
5781,173,141,242156,3217,3754627,7843400
5782,143,162,242013,3198,3754789,7806300
5783,164,144,241849,3218,3754933,7768300
5784,151,188,241698,3181,3755121,7701200
5785,151,176,241547,3156,3755297,7924800
5786,137,140,241410,3153,3755437,7743800
5787,150,190,241260,3113,3755627,7792700
5788,143,150,241117,3106,3755777,7768500
5789,154,163,240963,3097,3755940,8168100
5790,147,154,240816,3090,3756094,8198200
5791,156,153,240660,3093,3756247,8093600
5792,147,188,240513,3052,3756435,8180600
5793,144,135,240369,3061,3756570,8068000
5794,152,154,240217,3059,3756724,8064400
5795,163,161,240054,3061,3756885,7932200
5796,141,155,239913,3047,3757040,7905000
5797,161,157,239752,3051,3757197,7739200
5798,163,149,239589,3065,3757346,8053400
5799,150,141,239439,3074,3757487,7781300
5800,152,142,239287,3084,3757629,8026500
5801,150,150,239137,3084,3757779,8294900
5802,139,139,238998,3084,3757918,8002400
5803,149,137,238849,3096,3758055,8028500
5804,176,168,238673,3104,3758223,7786800
5805,161,135,238512,3130,3758358,8139800
5806,148,162,238364,3116,3758520,8241000
5807,182,150,238182,3148,3758670,8043500
5808,155,150,238027,3153,3758820,7958500
5809,167,147,237860,3173,3758967,8009700
5810,160,160,237700,3173,3759127,7873900
5811,186,151,237514,3208,3759278,7870400
5812,158,163,237356,3203,3759441,7938900
5813,148,166,237208,3185,3759607,8632200
5814,168,150,237040,3203,3759757,8038700
5815,135,181,236905,3157,3759938,8333600
5816,158,153,236747,3162,3760091,8173500
5817,157,148,236590,3171,3760239,8045000
5818,146,147,236444,3170,3760386,7944500
5819,154,145,236290,3179,3760531,8127000
5820,171,161,236119,3189,3760692,8012900
5821,154,171,235965,3172,3760863,8328500
5822,156,141,235809,3187,3761004,8099900
5823,179,152,235630,3214,3761156,8420400
5824,151,153,235479,3212,3761309,8108900
5825,146,161,235333,3197,3761470,8669100
5826,152,151,235181,3198,3761621,8787500
5827,167,172,235014,3193,3761793,8462600
5828,152,160,234862,3185,3761953,8093400
5829,184,159,234678,3210,3762112,8147700
5830,174,154,234504,3230,3762266,8063000
5831,155,156,234349,3229,3762422,7948300
5832,156,152,234193,3233,3762574,7957700
5833,163,145,234030,3251,3762719,8179200
5834,170,161,233860,3260,3762880,7966700
5835,161,163,233699,3258,3763043,7965900
5836,174,163,233525,3269,3763206,8105600
5837,154,153,233371,3270,3763359,8391400
5838,148,171,233223,3247,3763530,8157300
5839,138,163,233085,3222,3763693,8476100
5840,138,145,232947,3215,3763838,7995900
5841,160,164,232787,3211,3764002,7892100
5842,151,151,232636,3211,3764153,7988000
5843,163,152,232473,3222,3764305,8058800
5844,167,154,232306,3235,3764459,8241800
5845,163,175,232143,3223,3764634,8234600
5846,152,161,231991,3214,3764795,8200900
5847,149,143,231842,3220,3764938,8208100
5848,144,162,231698,3202,3765100,8078000
5849,167,161,231531,3208,3765261,7946400
5850,141,162,231390,3187,3765423,8139000
5851,163,183,231227,3167,3765606,7930500
5852,157,140,231070,3184,3765746,7731100
5853,148,155,230922,3177,3765901,7761800
5854,156,140,230766,3193,3766041,8173900
5855,152,160,230614,3185,3766201,8505900
5856,143,145,230471,3183,3766346,8086200
5857,167,157,230304,3193,3766503,7878600
5858,168,156,230136,3205,3766659,7740700
5859,157,145,229979,3217,3766804,7761000
5860,146,182,229833,3181,3766986,7708300
5861,152,190,229681,3143,3767176,7827600
5862,142,148,229539,3137,3767324,7836800
5863,146,162,229393,3121,3767486,8274700
5864,151,179,229242,3093,3767665,8054300
5865,154,155,229088,3092,3767820,7927400
5866,146,146,228942,3092,3767966,8137000
5867,157,151,228785,3098,3768117,8113300
5868,172,132,228613,3138,3768249,7855700
5869,176,139,228437,3175,3768388,7735600
5870,143,146,228294,3172,3768534,7697400
5871,160,148,228134,3184,3768682,7773100
5872,157,169,227977,3172,3768851,8346800
5873,161,163,227816,3170,3769014,8216700
5874,160,153,227656,3177,3769167,8045300
5875,146,150,227510,3173,3769317,8093500
5876,152,164,227358,3161,3769481,7963300
5877,158,175,227200,3144,3769656,7963000
5878,149,156,227051,3137,3769812,8259000
5879,144,156,226907,3125,3769968,8333000
5880,141,142,226766,3124,3770110,8016200
5881,157,171,226609,3110,3770281,8113900
5882,142,184,226467,3068,3770465,7820800
5883,137,172,226330,3033,3770637,8036900
5884,147,148,226183,3032,3770785,7975200
5885,143,146,226040,3029,3770931,7827700
5886,127,153,225913,3003,3771084,7925900
5887,150,150,225763,3003,3771234,7856400
5888,148,136,225615,3015,3771370,7764400
5889,133,125,225482,3023,3771495,8016400
5890,138,169,225344,2992,3771664,8155200
5891,146,158,225198,2980,3771822,8154300
5892,162,164,225036,2978,3771986,8081300
5893,140,129,224896,2989,3772115,7957100
5894,157,137,224739,3009,3772252,7949800
5895,147,163,224592,2993,3772415,7750400
5896,154,169,224438,2978,3772584,7954100
5897,162,145,224276,2995,3772729,7768000
5898,162,154,224114,3003,3772883,7924900
5899,152,178,223962,2977,3773061,8101000
5900,156,154,223806,2979,3773215,7780800
5901,123,145,223683,2957,3773360,8107100
5902,136,112,223547,2981,3773472,8514000
5903,140,148,223407,2973,3773620,8015000
5904,155,162,223252,2966,3773782,7886300
5905,136,155,223116,2947,3773937,7757500
5906,144,139,222972,2952,3774076,7788500
5907,164,156,222808,2960,3774232,7728300
5908,150,154,222658,2956,3774386,7731900
5909,165,146,222493,2975,3774532,7722100
5910,155,128,222338,3002,3774660,7804300
5911,139,134,222199,3007,3774794,8007100
5912,141,152,222058,2996,3774946,8139900
5913,133,141,221925,2988,3775087,8442800
5914,157,153,221768,2992,3775240,8024800
5915,125,149,221643,2968,3775389,7845800
5916,144,189,221499,2923,3775578,7882200
5917,171,146,221328,2948,3775724,7807500
5918,160,151,221168,2957,3775875,7929000
5919,143,141,221025,2959,3776016,8424400
5920,142,146,220883,2955,3776162,8688300
5921,162,165,220721,2952,3776327,8273900
5922,134,139,220587,2947,3776466,8065400
5923,168,161,220419,2954,3776627,7902400
5924,160,126,220259,2988,3776753,7775200
5925,165,150,220094,3003,3776903,8161500
5926,159,158,219935,3004,3777061,7775300
5927,167,154,219768,3017,3777215,8009500
5928,174,179,219594,3012,3777394,8128100
5929,154,160,219440,3006,3777554,9185100
5930,175,143,219265,3038,3777697,8261400
5931,170,156,219095,3052,3777853,8284300
5932,149,163,218946,3038,3778016,8094000
5933,173,157,218773,3054,3778173,8078500
5934,144,158,218629,3040,3778331,7968500
5935,159,155,218470,3044,3778486,8017600
5936,140,151,218330,3033,3778637,7970300
5937,153,168,218177,3018,3778805,8253300
5938,159,163,218018,3014,3778968,8932200
5939,150,125,217868,3039,3779093,8114700
5940,160,151,217708,3048,3779244,8103700
5941,149,152,217559,3045,3779396,7869900
5942,153,123,217406,3075,3779519,7963800
5943,142,166,217264,3051,3779685,8197900
5944,149,145,217115,3055,3779830,8094200
5945,137,159,216978,3033,3779989,8129800
5946,154,154,216824,3033,3780143,8439000
5947,155,131,216669,3057,3780274,8271400
5948,144,167,216525,3034,3780441,8190300
5949,134,169,216391,2999,3780610,8191400
5950,139,138,216252,3000,3780748,8357200
5951,159,163,216093,2996,3780911,8098700
5952,156,155,215937,2997,3781066,7858200
5953,152,135,215785,3014,3781201,7725300
5954,143,153,215642,3004,3781354,8033500
5955,150,166,215492,2988,3781520,7957600
5956,156,153,215336,2991,3781673,8113200
5957,147,169,215189,2969,3781842,8070400
5958,147,157,215042,2959,3781999,7981800
5959,149,142,214893,2966,3782141,7832000
5960,133,150,214760,2949,3782291,7871200
5961,151,135,214609,2965,3782426,7902700
5962,143,151,214466,2957,3782577,8171900
5963,136,175,214330,2918,3782752,8305100
5964,148,137,214182,2929,3782889,7968700
5965,156,142,214026,2943,3783031,8645300
5966,153,144,213873,2952,3783175,7946700
5967,151,144,213722,2959,3783319,7889500
5968,147,141,213575,2965,3783460,7789500
5969,143,144,213432,2964,3783604,7824000
5970,173,148,213259,2989,3783752,7835600
5971,145,146,213114,2988,3783898,8174500
5972,173,163,212941,2998,3784061,7840400
5973,157,137,212784,3018,3784198,7814300
5974,132,150,212652,3000,3784348,8013700
5975,148,141,212504,3007,3784489,8193800
5976,132,167,212372,2972,3784656,7921000
5977,175,143,212197,3004,3784799,7933000
5978,144,145,212053,3003,3784944,7984100
5979,142,139,211911,3006,3785083,7913200
5980,162,180,211749,2988,3785263,8021200
5981,164,156,211585,2996,3785419,8030800
5982,151,134,211434,3013,3785553,8381500
5983,144,145,211290,3012,3785698,8221900
5984,158,164,211132,3006,3785862,8214100
5985,132,182,211000,2956,3786044,8135200
5986,136,136,210864,2956,3786180,8022800
5987,148,135,210716,2969,3786315,7875300
5988,138,154,210578,2953,3786469,8110700
5989,141,132,210437,2962,3786601,7865500
5990,118,158,210319,2922,3786759,7939500
5991,134,147,210185,2909,3786906,7933400
5992,131,158,210054,2882,3787064,8906400
5993,108,134,209946,2856,3787198,8271100
5994,147,123,209799,2880,3787321,8040200
5995,126,121,209673,2885,3787442,8223900
5996,137,150,209536,2872,3787592,8494400
5997,144,134,209392,2882,3787726,8510100
5998,152,151,209240,2883,3787877,8534800
5999,139,166,209101,2856,3788043,7853100
6000,140,148,208961,2848,3788191,8056500
6001,148,132,208813,2864,3788323,7908300
6002,163,135,208650,2892,3788458,8085100
6003,154,150,208496,2896,3788608,7897900
6004,129,129,208367,2896,3788737,8083100
6005,146,156,208221,2886,3788893,8016000
6006,149,153,208072,2882,3789046,8590000
6007,147,142,207925,2887,3789188,8337800
6008,140,147,207785,2880,3789335,8206000
6009,149,169,207636,2860,3789504,7932100
6010,151,154,207485,2857,3789658,7953400
6011,132,109,207353,2880,3789767,8154600
6012,149,145,207204,2884,3789912,7761100
6013,144,137,207060,2891,3790049,8076500
6014,155,139,206905,2907,3790188,8109200
6015,150,163,206755,2894,3790351,8078000
6016,140,134,206615,2900,3790485,7827500
6017,148,122,206467,2926,3790607,7739100
6018,158,133,206309,2951,3790740,7732700
6019,143,145,206166,2949,3790885,7705900
6020,144,147,206022,2946,3791032,7719400
6021,166,135,205856,2977,3791167,7902000
6022,155,149,205701,2983,3791316,7904400
6023,138,155,205563,2966,3791471,8172800
6024,125,145,205438,2946,3791616,8545000
6025,145,152,205293,2939,3791768,8116000
6026,138,129,205155,2948,3791897,7952900
6027,138,131,205017,2955,3792028,8035000
6028,148,147,204869,2956,3792175,7982700
6029,158,149,204711,2965,3792324,7904400
6030,153,141,204558,2977,3792465,7818700
6031,152,146,204406,2983,3792611,7774500
6032,156,155,204250,2984,3792766,7751800
6033,142,134,204108,2992,3792900,7729100
6034,156,121,203952,3027,3793021,8074600
6035,165,179,203787,3013,3793200,8002300
6036,140,145,203647,3008,3793345,8579200
6037,157,153,203490,3012,3793498,8731900
6038,161,124,203329,3049,3793622,8098300
6039,164,157,203165,3056,3793779,7936100
6040,144,149,203021,3051,3793928,7767900
6041,151,142,202870,3060,3794070,7700300
6042,126,153,202744,3033,3794223,7767700
6043,160,142,202584,3051,3794365,8019300
6044,146,149,202438,3048,3794514,8003000
6045,145,138,202293,3055,3794652,7846400
6046,144,168,202149,3031,3794820,8574300
6047,140,142,202009,3029,3794962,7823400
6048,130,141,201879,3018,3795103,8108000
6049,134,141,201745,3011,3795244,8148800
6050,139,143,201606,3007,3795387,8036300
6051,140,152,201466,2995,3795539,7851800
6052,160,169,201306,2986,3795708,7755700
6053,131,152,201175,2965,3795860,7743800
6054,159,163,201016,2961,3796023,7917100
6055,158,153,200858,2966,3796176,7889400
6056,174,138,200684,3002,3796314,8109600
6057,163,166,200521,2999,3796480,8103600
6058,163,143,200358,3019,3796623,8045700
6059,150,138,200208,3031,3796761,8111400
6060,149,163,200059,3017,3796924,8070000
6061,162,158,199897,3021,3797082,8387600
6062,171,141,199726,3051,3797223,8395900
6063,149,153,199577,3047,3797376,8464500
6064,137,172,199440,3012,3797548,8126100
6065,164,137,199276,3039,3797685,8301900
6066,145,113,199131,3071,3797798,7892500
6067,136,146,198995,3061,3797944,7886200
6068,148,151,198847,3058,3798095,7901000
6069,149,169,198698,3038,3798264,7804500
6070,138,142,198560,3034,3798406,8103600
6071,140,151,198420,3023,3798557,8248000
6072,163,142,198257,3044,3798699,8209600
6073,145,152,198112,3037,3798851,8165400
6074,121,166,197991,2992,3799017,8684700
6075,155,144,197836,3003,3799161,8392600
6076,133,158,197703,2978,3799319,8279800
6077,140,134,197563,2984,3799453,8053000
6078,140,155,197423,2969,3799608,7796200
6079,125,148,197298,2946,3799756,7881300
6080,130,134,197168,2942,3799890,7848500
6081,165,140,197003,2967,3800030,7808400
6082,131,157,196872,2941,3800187,7739200
6083,128,165,196744,2904,3800352,7675000
6084,117,173,196627,2848,3800525,8137200
6085,135,151,196492,2832,3800676,7897700
6086,145,132,196347,2845,3800808,7949800
6087,121,146,196226,2820,3800954,7853800
6088,148,141,196078,2827,3801095,7876200
6089,134,126,195944,2835,3801221,7835100
6090,152,139,195792,2848,3801360,7840600
6091,154,145,195638,2857,3801505,7703200
6092,138,138,195500,2857,3801643,7696700
6093,146,164,195354,2839,3801807,7689700
6094,128,140,195226,2827,3801947,7900200
6095,147,135,195079,2839,3802082,7832700
6096,158,150,194921,2847,3802232,7908800
6097,143,152,194778,2838,3802384,7887900
6098,147,136,194631,2849,3802520,8189000
6099,135,138,194496,2846,3802658,8106300
6100,155,144,194341,2857,3802802,7981800
6101,143,143,194198,2857,3802945,7857300
6102,135,141,194063,2851,3803086,7724700
6103,145,163,193918,2833,3803249,7959600
6104,153,153,193765,2833,3803402,7855500
6105,145,134,193620,2844,3803536,7874900
6106,146,121,193474,2869,3803657,7767100
6107,144,139,193330,2874,3803796,7740500
6108,139,136,193191,2877,3803932,7788300
6109,154,141,193037,2890,3804073,7727300
6110,146,160,192891,2876,3804233,7801900
6111,137,142,192754,2871,3804375,7837900
6112,149,166,192605,2854,3804541,8175400
6113,140,138,192465,2856,3804679,8085500
6114,129,147,192336,2838,3804826,8061400
6115,126,127,192210,2837,3804953,8099000
6116,149,139,192061,2847,3805092,8505500
6117,138,127,191923,2858,3805219,7711400
6118,123,155,191800,2826,3805374,7780600
6119,124,165,191676,2785,3805539,7852600
6120,116,144,191560,2757,3805683,7739800
6121,118,158,191442,2717,3805841,7847200
6122,130,137,191312,2710,3805978,7743600
6123,120,137,191192,2693,3806115,8046100
6124,121,141,191071,2673,3806256,8107200
6125,126,122,190945,2677,3806378,8042600
6126,104,124,190841,2657,3806502,7740600
6127,129,131,190712,2655,3806633,7732600
6128,124,128,190588,2651,3806761,7919000
6129,137,141,190451,2647,3806902,7864000
6130,125,139,190326,2633,3807041,7844200
6131,112,132,190214,2613,3807173,7714700
6132,112,153,190102,2572,3807326,7792000
6133,122,117,189980,2577,3807443,7746600
6134,131,136,189849,2572,3807579,7978900
6135,114,115,189735,2571,3807694,7925800
6136,147,121,189588,2597,3807815,7899100
6137,145,114,189443,2628,3807929,7918100
6138,112,134,189331,2606,3808063,7979900
6139,106,122,189225,2590,3808185,8101600
6140,137,138,189088,2589,3808323,8228200
6141,124,124,188964,2589,3808447,8272100
6142,135,116,188829,2608,3808563,8211300
6143,154,145,188675,2617,3808708,8064500
6144,139,129,188536,2627,3808837,7900500
6145,136,129,188400,2634,3808966,7882700
6146,127,125,188273,2636,3809091,8015500
6147,135,134,188138,2637,3809225,8035900
6148,147,134,187991,2650,3809359,8145400
6149,123,125,187868,2648,3809484,8231200
6150,129,123,187739,2654,3809607,8293500
6151,143,133,187596,2664,3809740,8200800
6152,145,119,187451,2690,3809859,8057300
6153,141,122,187310,2709,3809981,7873600
6154,140,121,187170,2728,3810102,7893300
6155,145,122,187025,2751,3810224,8000300
6156,133,135,186892,2749,3810359,8009300
6157,133,124,186759,2758,3810483,7832600
6158,127,145,186632,2740,3810628,7978300
6159,120,141,186512,2719,3810769,8295400
6160,146,129,186366,2736,3810898,7964800
6161,134,141,186232,2729,3811039,7905600
6162,133,143,186099,2719,3811182,7909600
6163,132,124,185967,2727,3811306,7998100
6164,133,130,185834,2730,3811436,8019000
6165,119,146,185715,2703,3811582,8155700
6166,138,128,185577,2713,3811710,7734500
6167,151,136,185426,2728,3811846,7795400
6168,132,137,185294,2723,3811983,8256400
6169,138,136,185156,2725,3812119,8212400
6170,135,128,185021,2732,3812247,7985400
6171,134,156,184887,2710,3812403,7929000
6172,137,157,184750,2690,3812560,7737300
6173,145,131,184605,2704,3812691,7703000
6174,124,125,184481,2703,3812816,7952900
6175,129,115,184352,2717,3812931,7811700
6176,133,149,184219,2701,3813080,7936900
6177,117,120,184102,2698,3813200,8112600
6178,127,124,183975,2701,3813324,8101600
6179,123,149,183852,2675,3813473,8037900
6180,141,118,183711,2698,3813591,8045200
6181,132,149,183579,2681,3813740,7953500
6182,120,140,183459,2661,3813880,8071900
6183,116,125,183343,2652,3814005,8038200
6184,126,110,183217,2668,3814115,8061600
6185,121,110,183096,2679,3814225,7934300
6186,125,135,182971,2669,3814360,7937000
6187,121,126,182850,2664,3814486,8059800
6188,114,129,182736,2649,3814615,8097700
6189,124,141,182612,2632,3814756,8027900
6190,126,132,182486,2626,3814888,8378300
6191,142,144,182344,2624,3815032,8575700
6192,135,125,182209,2634,3815157,8384100
6193,120,135,182089,2619,3815292,8302200
6194,147,119,181942,2647,3815411,8174700
6195,125,135,181817,2637,3815546,8103500
6196,139,138,181678,2638,3815684,8404200
6197,143,133,181535,2648,3815817,8406200
6198,126,126,181409,2648,3815943,8755300
6199,114,141,181295,2621,3816084,8378600
6200,140,122,181155,2639,3816206,8438300
6201,134,123,181021,2650,3816329,8701800
6202,103,123,180918,2630,3816452,8270900
6203,125,128,180793,2627,3816580,8225100
6204,131,131,180662,2627,3816711,8280800
6205,102,130,180560,2599,3816841,8351800
6206,134,119,180426,2614,3816960,8078700
6207,142,137,180284,2619,3817097,8051500
6208,132,142,180152,2609,3817239,7946300
6209,115,115,180037,2609,3817354,7864800
6210,126,151,179911,2584,3817505,7706700
6211,144,115,179767,2613,3817620,7765500
6212,122,128,179645,2607,3817748,7984800
6213,137,141,179508,2603,3817889,7806700
6214,139,142,179369,2600,3818031,7700200
6215,149,125,179220,2624,3818156,7787500
6216,127,142,179093,2609,3818298,7720900
6217,125,150,178968,2584,3818448,7839200
6218,110,115,178858,2579,3818563,7683000
6219,112,107,178746,2584,3818670,7732900
6220,145,127,178601,2602,3818797,7820900
6221,128,150,178473,2580,3818947,7809000
6222,124,130,178349,2574,3819077,7834400
6223,134,122,178215,2586,3819199,7797400
6224,135,122,178080,2599,3819321,7886700
6225,124,125,177956,2598,3819446,7810000
6226,142,120,177814,2620,3819566,7751000
6227,121,145,177693,2596,3819711,8025700
6228,123,112,177570,2607,3819823,7819800
6229,123,108,177447,2622,3819931,8124400
6230,140,133,177307,2629,3820064,7942500
6231,143,146,177164,2626,3820210,7892600
6232,132,134,177032,2624,3820344,7837300
6233,149,137,176883,2636,3820481,7981200
6234,119,148,176764,2607,3820629,8045000
6235,129,125,176635,2611,3820754,7817500
6236,125,140,176510,2596,3820894,7868000
6237,155,118,176355,2633,3821012,7813900
6238,125,153,176230,2605,3821165,7848700
6239,135,131,176095,2609,3821296,7909900
6240,137,116,175958,2630,3821412,7924600
6241,129,142,175829,2617,3821554,7804000
6242,120,136,175709,2601,3821690,8253100
6243,141,115,175568,2627,3821805,7747700
6244,126,130,175442,2623,3821935,7737800
6245,112,129,175330,2606,3822064,7711000
6246,122,127,175208,2601,3822191,8339800
6247,134,140,175074,2595,3822331,7957300
6248,116,124,174958,2587,3822455,7706900
6249,133,140,174825,2580,3822595,7836200
6250,143,135,174682,2588,3822730,7794000
6251,164,121,174518,2631,3822851,7754400
6252,145,131,174373,2645,3822982,7703300
6253,133,132,174240,2646,3823114,7775100
6254,129,139,174111,2636,3823253,8420400
6255,126,135,173985,2627,3823388,8336000
6256,134,123,173851,2638,3823511,8176700
6257,125,141,173726,2622,3823652,7962400
6258,133,141,173593,2614,3823793,8010700
6259,134,135,173459,2613,3823928,7868700
6260,141,129,173318,2625,3824057,7723900
6261,127,140,173191,2612,3824197,7906600
6262,121,129,173070,2604,3824326,7881000
6263,122,134,172948,2592,3824460,8125000
6264,132,132,172816,2592,3824592,7725500
6265,142,131,172674,2603,3824723,7709200
6266,134,147,172540,2590,3824870,7961800
6267,134,133,172406,2591,3825003,7857200
6268,127,136,172279,2582,3825139,8239400
6269,118,126,172161,2574,3825265,8097300
6270,158,133,172003,2599,3825398,8362000
6271,140,135,171863,2604,3825533,8136200
6272,138,146,171725,2596,3825679,8180000
6273,106,124,171619,2578,3825803,7873500
6274,145,139,171474,2584,3825942,7980600
6275,133,120,171341,2597,3826062,7714500
6276,125,125,171216,2597,3826187,7999600
6277,120,113,171096,2604,3826300,7779800
6278,138,139,170958,2603,3826439,7789800
6279,129,124,170829,2608,3826563,7848900
6280,115,115,170714,2608,3826678,7929800
6281,125,139,170589,2594,3826817,7687700
6282,128,128,170461,2594,3826945,8005800
6283,135,126,170326,2603,3827071,7735400
6284,138,104,170188,2637,3827175,7792700
6285,128,148,170060,2617,3827323,7764100
6286,135,126,169925,2626,3827449,7937600
6287,151,126,169774,2651,3827575,7826300
6288,141,112,169633,2680,3827687,8175900
6289,100,131,169533,2649,3827818,7859000
6290,126,129,169407,2646,3827947,7725900
6291,121,140,169286,2627,3828087,7801200
6292,142,129,169144,2640,3828216,7862500
6293,133,131,169011,2642,3828347,8305600
6294,121,115,168890,2648,3828462,8039500
6295,135,122,168755,2661,3828584,8000200
6296,128,129,168627,2660,3828713,8064300
6297,117,142,168510,2635,3828855,7925900
6298,149,128,168361,2656,3828983,8003200
6299,130,136,168231,2650,3829119,7846800
6300,132,133,168099,2649,3829252,8010400
6301,137,128,167962,2658,3829380,8068200
6302,128,138,167834,2648,3829518,8300300
6303,126,135,167708,2639,3829653,8550100
6304,144,127,167564,2656,3829780,9107800
6305,141,127,167423,2670,3829907,8268800
6306,150,143,167273,2677,3830050,8403900
6307,126,119,167147,2684,3830169,8585200
6308,142,137,167005,2689,3830306,8139300
6309,146,123,166859,2712,3830429,8115700
6310,133,137,166726,2708,3830566,8123600
6311,130,122,166596,2716,3830688,8654800
6312,137,133,166459,2720,3830821,8458700
6313,163,139,166296,2744,3830960,8255500
6314,121,136,166175,2729,3831096,8743800
6315,122,142,166053,2709,3831238,8047300
6316,126,139,165927,2696,3831377,7996300
6317,126,137,165801,2685,3831514,8066200
6318,117,123,165684,2679,3831637,8128100
6319,119,112,165565,2686,3831749,7997500
6320,134,132,165431,2688,3831881,8108200
6321,139,151,165292,2676,3832032,8378900
6322,133,146,165159,2663,3832178,9315200
6323,117,147,165042,2633,3832325,8488900
6324,129,121,164913,2641,3832446,8512700
6325,107,129,164806,2619,3832575,8863500
6326,128,131,164678,2616,3832706,8676400
6327,122,133,164556,2605,3832839,8038300
6328,126,107,164430,2624,3832946,7849900
6329,133,139,164297,2618,3833085,8168700
6330,116,153,164181,2581,3833238,8280500
6331,114,112,164067,2583,3833350,9337200
6332,120,141,163947,2562,3833491,8190100
6333,128,166,163819,2524,3833657,8064800
6334,124,124,163695,2524,3833781,7912100
6335,126,136,163569,2514,3833917,7971900
6336,122,136,163447,2500,3834053,8104300
6337,120,142,163327,2478,3834195,8039400
6338,121,114,163206,2485,3834309,7907500
6339,109,144,163097,2450,3834453,8236500
6340,125,130,162972,2445,3834583,8388300
6341,137,116,162835,2466,3834699,7991800
6342,102,127,162733,2441,3834826,8323200
6343,122,132,162611,2431,3834958,8000000
6344,123,127,162488,2427,3835085,8455100
6345,144,134,162344,2437,3835219,8461400
6346,119,118,162225,2438,3835337,8466900
6347,125,120,162100,2443,3835457,8458500
6348,133,122,161967,2454,3835579,8828000
6349,151,110,161816,2495,3835689,8332600
6350,124,121,161692,2498,3835810,8589700
6351,121,141,161571,2478,3835951,8662700
6352,127,123,161444,2482,3836074,8637100
6353,139,119,161305,2502,3836193,8270700
6354,144,110,161161,2536,3836303,8316600
6355,140,113,161021,2563,3836416,8463100
6356,133,128,160888,2568,3836544,8462300
6357,141,141,160747,2568,3836685,8721200
6358,116,115,160631,2569,3836800,8457800
6359,133,114,160498,2588,3836914,8585100
6360,121,125,160377,2584,3837039,8869700
6361,107,126,160270,2565,3837165,8631600
6362,140,120,160130,2585,3837285,8379200
6363,101,107,160029,2579,3837392,8738300
6364,138,132,159891,2585,3837524,8925700
6365,139,130,159752,2594,3837654,8772900
6366,125,120,159627,2599,3837774,9026400
6367,134,134,159493,2599,3837908,8885500
6368,117,133,159376,2583,3838041,9088000
6369,130,124,159246,2589,3838165,8889100
6370,127,116,159119,2600,3838281,8694300
6371,135,126,158984,2609,3838407,8985800
6372,145,136,158839,2618,3838543,8983700
6373,140,133,158699,2625,3838676,9064900
6374,119,131,158580,2613,3838807,8686600
6375,134,117,158446,2630,3838924,8634700
6376,148,124,158298,2654,3839048,8643800
6377,135,149,158163,2640,3839197,8911000
6378,123,129,158040,2634,3839326,9054000
6379,112,136,157928,2610,3839462,8855900
6380,152,127,157776,2635,3839589,9553800
6381,138,136,157638,2637,3839725,8596200
6382,155,118,157483,2674,3839843,8550500
6383,138,134,157345,2678,3839977,8952300
6384,122,146,157223,2654,3840123,9042800
6385,114,142,157109,2626,3840265,8725700
6386,142,130,156967,2638,3840395,9070900
6387,131,132,156836,2637,3840527,8820900
6388,138,128,156698,2647,3840655,8805100
6389,132,133,156566,2646,3840788,8733400
6390,126,119,156440,2653,3840907,8781400
6391,143,143,156297,2653,3841050,8692200
6392,119,137,156178,2635,3841187,9096100
6393,122,130,156056,2627,3841317,9416000
6394,127,113,155929,2641,3841430,9285400
6395,146,139,155783,2648,3841569,9013600
6396,119,104,155664,2663,3841673,9352500
6397,144,118,155520,2689,3841791,8798300
6398,111,142,155409,2658,3841933,8813300
6399,110,131,155299,2637,3842064,9004900
6400,116,131,155183,2622,3842195,8775700
6401,112,133,155071,2601,3842328,8677900
6402,108,120,154963,2589,3842448,8885000
6403,133,101,154830,2621,3842549,8677900
6404,114,144,154716,2591,3842693,8843200
6405,124,147,154592,2568,3842840,8911300
6406,116,128,154476,2556,3842968,8851800
6407,114,140,154362,2530,3843108,8836700
6408,101,127,154261,2504,3843235,8593500
6409,119,148,154142,2475,3843383,9038400
6410,129,135,154013,2469,3843518,9223500
6411,123,124,153890,2468,3843642,8774200
6412,139,133,153751,2474,3843775,8857300
6413,116,120,153635,2470,3843895,8860200
6414,98,129,153537,2439,3844024,8955900
6415,116,134,153421,2421,3844158,9065700
6416,112,111,153309,2422,3844269,8751900
6417,112,137,153197,2397,3844406,9712100
6418,123,121,153074,2399,3844527,8924600
6419,101,128,152973,2372,3844655,8675900
6420,107,117,152866,2362,3844772,9100700
6421,122,111,152744,2373,3844883,9114200
6422,130,122,152614,2381,3845005,8769400
6423,114,135,152500,2360,3845140,9189900
6424,128,108,152372,2380,3845248,9870800
6425,124,110,152248,2394,3845358,13535100
6426,120,110,152128,2404,3845468,12972100
6427,106,117,152022,2393,3845585,10025300
6428,112,114,151910,2391,3845699,9607100
6429,113,106,151797,2398,3845805,8892000
6430,113,122,151684,2389,3845927,9216700
6431,95,133,151589,2351,3846060,8915600
6432,119,109,151470,2361,3846169,8961600
6433,110,112,151360,2359,3846281,8762700
6434,129,127,151231,2361,3846408,8668700
6435,104,128,151127,2337,3846536,9207500
6436,100,115,151027,2322,3846651,9289300
6437,131,94,150896,2359,3846745,9236100
6438,131,122,150765,2368,3846867,9050700
6439,115,124,150650,2359,3846991,9911500
6440,120,119,150530,2360,3847110,10261200
6441,122,117,150408,2365,3847227,9549400
6442,114,96,150294,2383,3847323,9281300
6443,96,111,150198,2368,3847434,8888700
6444,111,108,150087,2371,3847542,8644600
6445,118,133,149969,2356,3847675,8550800
6446,130,126,149839,2360,3847801,8730900
6447,115,123,149724,2352,3847924,8872900
6448,116,131,149608,2337,3848055,8756200
6449,116,119,149492,2334,3848174,8623800
6450,124,105,149368,2353,3848279,9054700
6451,126,111,149242,2368,3848390,9204100
6452,117,129,149125,2356,3848519,8552300
6453,115,112,149010,2359,3848631,8714500
6454,112,97,148898,2374,3848728,8761200
6455,117,123,148781,2368,3848851,8439100
6456,125,110,148656,2383,3848961,8926600
6457,132,119,148524,2396,3849080,8219900
6458,132,132,148392,2396,3849212,8513400
6459,122,120,148270,2398,3849332,8309600
6460,130,110,148140,2418,3849442,8054100
6461,105,138,148035,2385,3849580,8096900
6462,123,125,147912,2383,3849705,8208400
6463,133,112,147779,2404,3849817,8115500
6464,121,117,147658,2408,3849934,8188300
6465,102,134,147556,2376,3850068,8205900
6466,109,136,147447,2349,3850204,8562700
6467,123,101,147324,2371,3850305,8920000
6468,107,102,147217,2376,3850407,8014400
6469,141,110,147076,2407,3850517,8531900
6470,105,112,146971,2400,3850629,8502900
6471,120,113,146851,2407,3850742,8920900
6472,123,121,146728,2409,3850863,8366100
6473,106,134,146622,2381,3850997,8013900
6474,132,133,146490,2380,3851130,7845900
6475,112,120,146378,2372,3851250,8210100
6476,126,124,146252,2374,3851374,7880200
6477,124,118,146128,2380,3851492,8557300
6478,135,114,145993,2401,3851606,7889600
6479,128,122,145865,2407,3851728,8288900
6480,127,139,145738,2395,3851867,8070300
6481,107,110,145631,2392,3851977,8067600
6482,136,97,145495,2431,3852074,8183700
6483,124,102,145371,2453,3852176,8123900
6484,130,118,145241,2465,3852294,8216800
6485,126,135,145115,2456,3852429,8153000
6486,136,130,144979,2462,3852559,8178500
6487,133,121,144846,2474,3852680,7914100
6488,119,127,144727,2466,3852807,8961200
6489,128,122,144599,2472,3852929,7917500
6490,107,138,144492,2441,3853067,7997100
6491,105,128,144387,2418,3853195,7979000
6492,111,107,144276,2422,3853302,8115700
6493,124,114,144152,2432,3853416,7943300
6494,125,136,144027,2421,3853552,8705000
6495,109,120,143918,2410,3853672,8422200
6496,119,121,143799,2408,3853793,8689700
6497,123,133,143676,2398,3853926,8314200
6498,124,118,143552,2404,3854044,8191300
6499,112,129,143440,2387,3854173,8102200
6500,121,118,143319,2390,3854291,8424300
6501,123,103,143196,2410,3854394,8238600
6502,116,124,143080,2402,3854518,8003600
6503,113,141,142967,2374,3854659,7965000
6504,105,144,142862,2335,3854803,8148500
6505,124,119,142738,2340,3854922,7992500
6506,104,105,142634,2339,3855027,8218400
6507,119,121,142515,2337,3855148,8358000
6508,129,93,142386,2373,3855241,8191500
6509,124,108,142262,2389,3855349,8042800
6510,121,113,142141,2397,3855462,8628800
6511,149,103,141992,2443,3855565,8832900
6512,150,133,141842,2460,3855698,8437900
6513,128,133,141714,2455,3855831,8194900
6514,130,135,141584,2450,3855966,7825900
6515,119,114,141465,2455,3856080,8263200
6516,119,99,141346,2475,3856179,7954300
6517,131,98,141215,2508,3856277,7988400
6518,105,121,141110,2492,3856398,8011900
6519,95,113,141015,2474,3856511,8710100
6520,112,127,140903,2459,3856638,8249000
6521,123,119,140780,2463,3856757,8134800
6522,126,99,140654,2490,3856856,8290100
6523,114,114,140540,2490,3856970,8105600
6524,122,111,140418,2501,3857081,8004100
6525,126,107,140292,2520,3857188,7974000
6526,133,116,140159,2537,3857304,8026000
6527,117,121,140042,2533,3857425,8547600
6528,124,121,139918,2536,3857546,8641300
6529,129,111,139789,2554,3857657,7960900
6530,127,119,139662,2562,3857776,7959800
6531,119,120,139543,2561,3857896,8183100
6532,119,123,139424,2557,3858019,8988200
6533,123,131,139301,2549,3858150,8203700
6534,133,112,139168,2570,3858262,8172400
6535,122,109,139046,2583,3858371,7880800
6536,122,148,138924,2557,3858519,8669600
6537,112,105,138812,2564,3858624,7876800
6538,121,139,138691,2546,3858763,7957500
6539,125,117,138566,2554,3858880,7992100
6540,126,106,138440,2574,3858986,7938900
6541,115,126,138325,2563,3859112,8331500
6542,114,122,138211,2555,3859234,8599800
6543,129,125,138082,2559,3859359,8714700
6544,105,138,137977,2526,3859497,8844700
6545,125,134,137852,2517,3859631,8886400
6546,109,118,137743,2508,3859749,8879700
6547,113,129,137630,2492,3859878,9015600
6548,112,107,137518,2497,3859985,8162700
6549,134,113,137384,2518,3860098,8136100
6550,122,119,137262,2521,3860217,7805900
6551,127,129,137135,2519,3860346,8253000
6552,127,119,137008,2527,3860465,8013100
6553,129,104,136879,2552,3860569,8022200
6554,120,128,136759,2544,3860697,7955400
6555,133,132,136626,2545,3860829,8450000
6556,126,117,136500,2554,3860946,8890500
6557,134,136,136366,2552,3861082,8761400
6558,115,129,136251,2538,3861211,9063200
6559,142,119,136109,2561,3861330,8361000
6560,131,125,135978,2567,3861455,8283000
6561,129,115,135849,2581,3861570,8160200
6562,126,145,135723,2562,3861715,8644700
6563,131,138,135592,2555,3861853,7875600
6564,117,135,135475,2537,3861988,7968300
6565,115,139,135360,2513,3862127,7940100
6566,127,134,135233,2506,3862261,8386700
6567,113,128,135120,2491,3862389,8105500
6568,133,122,134987,2502,3862511,7996000
6569,126,132,134861,2496,3862643,8281400
6570,113,136,134748,2473,3862779,8279700
6571,109,119,134639,2463,3862898,8261500
6572,114,141,134525,2436,3863039,7966900
6573,120,125,134405,2431,3863164,7904800
6574,121,102,134284,2450,3863266,7971400
6575,130,137,134154,2443,3863403,8433000
6576,105,111,134049,2437,3863514,8140700
6577,114,140,133935,2411,3863654,8449500
6578,122,132,133813,2401,3863786,7921400
6579,98,154,133715,2345,3863940,7989500
6580,116,112,133599,2349,3864052,7900700
6581,111,128,133488,2332,3864180,8352200
6582,104,106,133384,2330,3864286,8164900
6583,117,143,133267,2304,3864429,7940200
6584,114,97,133153,2321,3864526,8093100
6585,107,99,133046,2329,3864625,8749800
6586,108,132,132938,2305,3864757,8556100
6587,115,122,132823,2298,3864879,7844900
6588,111,108,132712,2301,3864987,7999600
6589,140,134,132572,2307,3865121,7926000
6590,113,99,132459,2321,3865220,8128600
6591,102,106,132357,2317,3865326,8267900
6592,106,107,132251,2316,3865433,8158900
6593,101,125,132150,2292,3865558,8873600
6594,109,112,132041,2289,3865670,8427400
6595,111,124,131930,2276,3865794,8233100
6596,101,99,131829,2278,3865893,7987900
6597,99,113,131730,2264,3866006,8570300
6598,117,124,131613,2257,3866130,8422300
6599,101,100,131512,2258,3866230,8156100
6600,101,123,131411,2236,3866353,8293800
6601,102,106,131309,2232,3866459,8341700
6602,124,132,131185,2224,3866591,8245200
6603,96,94,131089,2226,3866685,8048200
6604,96,112,130993,2210,3866797,8943400
6605,111,121,130882,2200,3866918,8092900
6606,116,99,130766,2217,3867017,8199400
6607,109,129,130657,2197,3867146,8048300
6608,130,117,130527,2210,3867263,8238400
6609,110,115,130417,2205,3867378,8116800
6610,117,105,130300,2217,3867483,7956300
6611,118,116,130182,2219,3867599,7939700
6612,114,118,130068,2215,3867717,8203600
6613,119,101,129949,2233,3867818,8237000
6614,118,117,129831,2234,3867935,8152100
6615,120,90,129711,2264,3868025,8626900
6616,104,114,129607,2254,3868139,8318200
6617,108,128,129499,2234,3868267,8463800
6618,108,107,129391,2235,3868374,8260900
6619,113,114,129278,2234,3868488,8613900
6620,99,119,129179,2214,3868607,8292400
6621,136,117,129043,2233,3868724,7883600
6622,106,113,128937,2226,3868837,7858700
6623,108,118,128829,2216,3868955,8201200
6624,118,111,128711,2223,3869066,7896500
6625,107,116,128604,2214,3869182,8403600
6626,105,98,128499,2221,3869280,8037700
6627,102,117,128397,2206,3869397,7969800
6628,111,115,128286,2202,3869512,7880100
6629,83,115,128203,2170,3869627,8022700
6630,105,113,128098,2162,3869740,7924800
6631,98,115,128000,2145,3869855,8454700
6632,105,122,127895,2128,3869977,8169600
6633,102,102,127793,2128,3870079,8610000
6634,105,111,127688,2122,3870190,8150900
6635,99,103,127589,2118,3870293,8022700
6636,99,98,127490,2119,3870391,7924800
6637,108,108,127382,2119,3870499,7995900
6638,102,111,127280,2110,3870610,8009000
6639,94,85,127186,2119,3870695,8057700
6640,115,132,127071,2102,3870827,8895300
6641,100,89,126971,2113,3870916,8196500
6642,107,109,126864,2111,3871025,8181200
6643,99,120,126765,2090,3871145,7918500
6644,98,102,126667,2086,3871247,7949200
6645,95,96,126572,2085,3871343,7941900
6646,106,110,126466,2081,3871453,8214200
6647,114,97,126352,2098,3871550,8177400
6648,109,84,126243,2123,3871634,8294100
6649,105,97,126138,2131,3871731,8077000
6650,88,97,126050,2122,3871828,8012600
6651,115,90,125935,2147,3871918,7990300
6652,101,105,125834,2143,3872023,8017600
6653,82,101,125752,2124,3872124,7989900
6654,102,114,125650,2112,3872238,8012100
6655,113,103,125537,2122,3872341,8529700
6656,113,92,125424,2143,3872433,8176000
6657,122,124,125302,2141,3872557,8115200
6658,111,116,125191,2136,3872673,8085300
6659,113,98,125078,2151,3872771,7972600
6660,106,128,124972,2129,3872899,7907600
6661,121,98,124851,2152,3872997,8607100
6662,112,90,124739,2174,3873087,8563700
6663,108,112,124631,2170,3873199,8426900
6664,142,114,124489,2198,3873313,8514900
6665,113,106,124376,2205,3873419,8141600
6666,112,114,124264,2203,3873533,8356800
6667,94,124,124170,2173,3873657,8181000
6668,105,113,124065,2165,3873770,8256100
6669,124,109,123941,2180,3873879,8054100
6670,111,119,123830,2172,3873998,8590000
6671,95,122,123735,2145,3874120,7948900
6672,100,113,123635,2132,3874233,7988300
6673,85,115,123550,2102,3874348,7926100
6674,97,109,123453,2090,3874457,8087600
6675,112,100,123341,2102,3874557,8457700
6676,110,107,123231,2105,3874664,8047600
6677,98,106,123133,2097,3874770,8287600
6678,92,100,123041,2089,3874870,8865200
6679,91,92,122950,2088,3874962,8412300
6680,93,108,122857,2073,3875070,9112000
6681,111,106,122746,2078,3875176,8304800
6682,90,87,122656,2081,3875263,8086100
6683,90,98,122566,2073,3875361,7977900
6684,95,103,122471,2065,3875464,7849900
6685,103,93,122368,2075,3875557,7822600
6686,129,106,122239,2098,3875663,7868100
6687,107,97,122132,2108,3875760,7936300
6688,100,122,122032,2086,3875882,7938700
6689,104,95,121928,2095,3875977,8269600
6690,120,99,121808,2116,3876076,8194300
6691,98,108,121710,2106,3876184,8296100
6692,89,114,121621,2081,3876298,8406700
6693,97,96,121524,2082,3876394,8905900
6694,98,111,121426,2069,3876505,8872400
6695,90,100,121336,2059,3876605,8133500
6696,119,88,121217,2090,3876693,7994600
6697,90,99,121127,2081,3876792,7985000
6698,88,106,121039,2063,3876898,8462700
6699,118,121,120921,2060,3877019,8135900
6700,98,98,120823,2060,3877117,7967300
6701,105,107,120718,2058,3877224,8265000
6702,101,111,120617,2048,3877335,7890600
6703,106,94,120511,2060,3877429,8304800
6704,107,114,120404,2053,3877543,8406100
6705,101,99,120303,2055,3877642,8435000
6706,119,96,120184,2078,3877738,8247500
6707,82,92,120102,2068,3877830,8619700
6708,90,105,120012,2053,3877935,7932300
6709,113,101,119899,2065,3878036,7768900
6710,95,100,119804,2060,3878136,8363800
6711,82,111,119722,2031,3878247,8234800
6712,90,102,119632,2019,3878349,8026800
6713,105,118,119527,2006,3878467,8118100
6714,97,100,119430,2003,3878567,8309500
6715,87,101,119343,1989,3878668,8052000
6716,107,94,119236,2002,3878762,8010300
6717,93,83,119143,2012,3878845,7907200
6718,96,115,119047,1993,3878960,7926800
6719,105,93,118942,2005,3879053,7941200
6720,111,97,118831,2019,3879150,8198700
6721,101,98,118730,2022,3879248,8243200
6722,95,92,118635,2025,3879340,8526300
6723,88,108,118547,2005,3879448,8189700
6724,101,109,118446,1997,3879557,8539200
6725,90,91,118356,1996,3879648,8255800
6726,92,114,118264,1974,3879762,8059200
6727,88,102,118176,1960,3879864,8037600
6728,89,100,118087,1949,3879964,7973400
6729,81,110,118006,1920,3880074,7980200
6730,96,108,117910,1908,3880182,8622200
6731,107,90,117803,1925,3880272,8114600
6732,90,78,117713,1937,3880350,8140800
6733,95,90,117618,1942,3880440,8358000
6734,91,90,117527,1943,3880530,8349700
6735,118,108,117409,1953,3880638,8023300
6736,90,94,117319,1949,3880732,8044500
6737,83,108,117236,1924,3880840,8200700
6738,84,94,117152,1914,3880934,8255700
6739,103,110,117049,1907,3881044,8330400
6740,97,103,116952,1901,3881147,8076800
6741,97,92,116855,1906,3881239,8013200
6742,88,112,116767,1882,3881351,7959900
6743,95,110,116672,1867,3881461,8100600
6744,84,105,116588,1846,3881566,8020500
6745,106,79,116482,1873,3881645,7954200
6746,96,98,116386,1871,3881743,8060100
6747,86,86,116300,1871,3881829,8086300
6748,94,96,116206,1869,3881925,8444200
6749,88,103,116118,1854,3882028,8348400
6750,77,91,116041,1840,3882119,8201700
6751,95,96,115946,1839,3882215,8034300
6752,94,92,115852,1841,3882307,8307900
6753,89,68,115763,1862,3882375,7911700
6754,84,104,115679,1842,3882479,7900700
6755,91,78,115588,1855,3882557,8070300
6756,100,100,115488,1855,3882657,8328100
6757,108,99,115380,1864,3882756,8081800
6758,86,74,115294,1876,3882830,8137000
6759,96,94,115198,1878,3882924,7963700
6760,86,83,115112,1881,3883007,8228400
6761,101,113,115011,1869,3883120,8039000
6762,102,84,114909,1887,3883204,8286900
6763,96,99,114813,1884,3883303,8298900
6764,99,104,114714,1879,3883407,8783800
6765,88,93,114626,1874,3883500,8370800
6766,95,82,114531,1887,3883582,8682200
6767,96,86,114435,1897,3883668,8123900
6768,98,92,114337,1903,3883760,8116000
6769,92,96,114245,1899,3883856,8018900
6770,93,109,114152,1883,3883965,8246400
6771,108,94,114044,1897,3884059,7980100
6772,110,92,113934,1915,3884151,8154400
6773,99,115,113835,1899,3884266,8259000
6774,92,113,113743,1878,3884379,8093100
6775,114,101,113629,1891,3884480,8044500
6776,100,76,113529,1915,3884556,8073300
6777,105,102,113424,1918,3884658,8023600
6778,98,112,113326,1904,3884770,7958500
6779,105,85,113221,1924,3884855,8154800
6780,95,97,113126,1922,3884952,8301800
6781,108,115,113018,1915,3885067,8054500
6782,111,96,112907,1930,3885163,8064300
6783,99,78,112808,1951,3885241,7886900
6784,104,99,112704,1956,3885340,8457800
6785,90,83,112614,1963,3885423,8374200
6786,113,92,112501,1984,3885515,8354600
6787,89,88,112412,1985,3885603,8205400
6788,104,98,112308,1991,3885701,8209400
6789,88,95,112220,1984,3885796,8197000
6790,83,89,112137,1978,3885885,8045800
6791,97,128,112040,1947,3886013,8133000
6792,91,102,111949,1936,3886115,8202600
6793,83,108,111866,1911,3886223,8254000
6794,96,83,111770,1924,3886306,7858100
6795,89,85,111681,1928,3886391,8162000
6796,89,105,111592,1912,3886496,8369800
6797,92,90,111500,1914,3886586,8177600
6798,94,109,111406,1899,3886695,8670300
6799,96,93,111310,1902,3886788,8202900
6800,119,102,111191,1919,3886890,8473800
6801,102,98,111089,1923,3886988,8527800
6802,104,104,110985,1923,3887092,8722700
6803,94,93,110891,1924,3887185,9003400
6804,83,100,110808,1907,3887285,8336200
6805,106,81,110702,1932,3887366,8198700
6806,108,88,110594,1952,3887454,8570000
6807,115,100,110479,1967,3887554,8215800
6808,115,110,110364,1972,3887664,7976000
6809,101,99,110263,1974,3887763,7968300
6810,99,82,110164,1991,3887845,7903100
6811,108,113,110056,1986,3887958,7933700
6812,103,92,109953,1997,3888050,8552300
6813,93,112,109860,1978,3888162,8593500
6814,81,103,109779,1956,3888265,8186400
6815,98,108,109681,1946,3888373,8189900
6816,94,99,109587,1941,3888472,7951400
6817,90,95,109497,1936,3888567,8119300
6818,97,95,109400,1938,3888662,7982800
6819,102,89,109298,1951,3888751,8035700
6820,106,101,109192,1956,3888852,8271400
6821,88,88,109104,1956,3888940,8845800
6822,105,80,108999,1981,3889020,8179200
6823,75,106,108924,1950,3889126,8072800
6824,103,100,108821,1953,3889226,7995200
6825,90,98,108731,1945,3889324,8011700
6826,105,89,108626,1961,3889413,7992800
6827,97,80,108529,1978,3889493,8344700
6828,96,103,108433,1971,3889596,8085600
6829,80,109,108353,1942,3889705,8653600
6830,88,81,108265,1949,3889786,7999000
6831,84,102,108181,1931,3889888,7932300
6832,95,99,108086,1927,3889987,7901200
6833,102,86,107984,1943,3890073,7825200
6834,109,93,107875,1959,3890166,7842400
6835,111,95,107764,1975,3890261,7969800
6836,102,104,107662,1973,3890365,8002600
6837,99,91,107563,1981,3890456,8089300
6838,93,103,107470,1971,3890559,8268300
6839,74,95,107396,1950,3890654,8540200
6840,116,135,107280,1931,3890789,8430600
6841,82,93,107198,1920,3890882,7957600
6842,96,94,107102,1922,3890976,8346900
6843,97,101,107005,1918,3891077,7867800
6844,86,98,106919,1906,3891175,8024200
6845,105,89,106814,1922,3891264,8070200
6846,99,101,106715,1920,3891365,8064300
6847,85,103,106630,1902,3891468,7778200
6848,87,92,106543,1897,3891560,8282900
6849,90,80,106453,1907,3891640,8437000
6850,105,93,106348,1919,3891733,8221500
6851,79,105,106269,1893,3891838,8047600
6852,92,101,106177,1884,3891939,8522400
6853,99,92,106078,1891,3892031,8437600
6854,96,88,105982,1899,3892119,8737600
6855,96,121,105886,1874,3892240,8514900
6856,90,98,105796,1866,3892338,8470700
6857,83,91,105713,1858,3892429,7885200
6858,94,96,105619,1856,3892525,7996000
6859,83,99,105536,1840,3892624,7974300
6860,105,84,105431,1861,3892708,7975600
6861,89,95,105342,1855,3892803,8030900
6862,82,80,105260,1857,3892883,8438300
6863,89,79,105171,1867,3892962,8283300
6864,91,91,105080,1867,3893053,8782700
6865,83,93,104997,1857,3893146,8451800
6866,84,89,104913,1852,3893235,8101900
6867,90,92,104823,1850,3893327,7944100
6868,95,85,104728,1860,3893412,7845400
6869,85,101,104643,1844,3893513,8114400
6870,98,91,104545,1851,3893604,8362200
6871,88,104,104457,1835,3893708,8584300
6872,88,81,104369,1842,3893789,8006200
6873,93,94,104276,1841,3893883,8103700
6874,87,90,104189,1838,3893973,8678900
6875,92,91,104097,1839,3894064,8463600
6876,88,98,104009,1829,3894162,8249600
6877,96,104,103913,1821,3894266,8569600
6878,85,98,103828,1808,3894364,8127100
6879,103,87,103725,1824,3894451,7930400
6880,92,91,103633,1825,3894542,8215500
6881,111,76,103522,1860,3894618,8299900
6882,111,95,103411,1876,3894713,8413300
6883,99,104,103312,1871,3894817,7811800
6884,112,83,103200,1900,3894900,8004400
6885,101,119,103099,1882,3895019,8200000
6886,94,113,103005,1863,3895132,8141900
6887,93,85,102912,1871,3895217,8161000
6888,94,83,102818,1882,3895300,8027800
6889,116,91,102702,1907,3895391,8406900
6890,111,102,102591,1916,3895493,7953000
6891,102,96,102489,1922,3895589,8554200
6892,95,87,102394,1930,3895676,9430200
6893,96,84,102298,1942,3895760,8981100
6894,93,92,102205,1943,3895852,8845800
6895,88,96,102117,1935,3895948,8383400
6896,96,101,102021,1930,3896049,8352800
6897,107,91,101914,1946,3896140,8491500
6898,100,97,101814,1949,3896237,8953900
6899,84,115,101730,1918,3896352,8767400
6900,99,77,101631,1940,3896429,9414200
6901,97,99,101534,1938,3896528,8789400
6902,85,108,101449,1915,3896636,8792100
6903,87,97,101362,1905,3896733,8964400
6904,105,96,101257,1914,3896829,8394000
6905,122,91,101135,1945,3896920,9036100
6906,88,88,101047,1945,3897008,8262000
6907,108,95,100939,1958,3897103,8668400
6908,91,84,100848,1965,3897187,8568000
6909,98,94,100750,1969,3897281,8348100
6910,91,107,100659,1953,3897388,8405300
6911,69,108,100590,1914,3897496,8538700
6912,81,103,100509,1892,3897599,8208800
6913,85,99,100424,1878,3897698,8843200
6914,88,93,100336,1873,3897791,8922900
6915,74,107,100262,1840,3897898,8980900
6916,94,94,100168,1840,3897992,8857100
6917,85,94,100083,1831,3898086,8373900
6918,75,99,100008,1807,3898185,8372800
6919,81,76,99927,1812,3898261,8360100
6920,86,89,99841,1809,3898350,8714500
6921,63,93,99778,1779,3898443,8122400
6922,73,82,99705,1770,3898525,8556700
6923,87,79,99618,1778,3898604,8736600
6924,70,86,99548,1762,3898690,8607400
6925,75,74,99473,1763,3898764,9040900
6926,86,98,99387,1751,3898862,8087000
6927,71,83,99316,1739,3898945,8284200
6928,80,100,99236,1719,3899045,8099400
6929,93,84,99143,1728,3899129,8274600
6930,86,78,99057,1736,3899207,8140200
6931,87,92,98970,1731,3899299,8418800
6932,97,84,98873,1744,3899383,8340900
6933,82,84,98791,1742,3899467,8593700
6934,111,75,98680,1778,3899542,8176900
6935,83,95,98597,1766,3899637,8360800
6936,80,79,98517,1767,3899716,8300400
6937,77,80,98440,1764,3899796,9805400
6938,89,72,98351,1781,3899868,10345200
6939,89,91,98262,1779,3899959,10087600
6940,82,89,98180,1772,3900048,9274700
6941,92,92,98088,1772,3900140,8434600
6942,97,87,97991,1782,3900227,8711500
6943,77,87,97914,1772,3900314,8220500
6944,89,99,97825,1762,3900413,8333600
6945,81,101,97744,1742,3900514,8198500
6946,89,87,97655,1744,3900601,8799100
6947,83,87,97572,1740,3900688,8488500
6948,91,83,97481,1748,3900771,8887100
6949,88,92,97393,1744,3900863,8501200
6950,88,97,97305,1735,3900960,8510600
6951,90,84,97215,1741,3901044,8206700
6952,71,91,97144,1721,3901135,8250100
6953,83,95,97061,1709,3901230,8134800
6954,90,59,96971,1740,3901289,7931600
6955,87,88,96884,1739,3901377,8159200
6956,83,98,96801,1724,3901475,8192700
6957,84,96,96717,1712,3901571,8679300
6958,78,80,96639,1710,3901651,8377700
6959,78,84,96561,1704,3901735,8204800
6960,72,90,96489,1686,3901825,8384800
6961,62,78,96427,1670,3901903,8320000
6962,77,82,96350,1665,3901985,8471200
6963,77,73,96273,1669,3902058,8286000
6964,88,89,96185,1668,3902147,8649900
6965,76,86,96109,1658,3902233,8372300
6966,83,78,96026,1663,3902311,8065600
6967,89,98,95937,1654,3902409,8363900
6968,85,85,95852,1654,3902494,8743800
6969,81,91,95771,1644,3902585,8285000
6970,76,68,95695,1652,3902653,8224000
6971,75,90,95620,1637,3902743,8314500
6972,79,79,95541,1637,3902822,8297100
6973,78,86,95463,1629,3902908,8202100
6974,83,80,95380,1632,3902988,8224700
6975,72,88,95308,1616,3903076,8165300
6976,75,58,95233,1633,3903134,8388800
6977,78,84,95155,1627,3903218,8502400
6978,94,75,95061,1646,3903293,8038800
6979,82,82,94979,1646,3903375,8558400
6980,82,81,94897,1647,3903456,8231100
6981,95,85,94802,1657,3903541,8211100
6982,79,90,94723,1646,3903631,8144200
6983,72,79,94651,1639,3903710,8384500
6984,82,77,94569,1644,3903787,8484800
6985,91,94,94478,1641,3903881,8188000
6986,79,60,94399,1660,3903941,8357300
6987,93,83,94306,1670,3904024,8347600
6988,80,99,94226,1651,3904123,8428600
6989,96,97,94130,1650,3904220,7979900
6990,84,99,94046,1635,3904319,7965400
6991,77,81,93969,1631,3904400,8007700
6992,90,79,93879,1642,3904479,8021100
6993,102,78,93777,1666,3904557,8178800
6994,77,75,93700,1668,3904632,8327800
6995,97,65,93603,1700,3904697,8023900
6996,92,80,93511,1712,3904777,8493100
6997,83,92,93428,1703,3904869,8314900
6998,78,97,93350,1684,3904966,7954000
6999,82,91,93268,1675,3905057,8519300
7000,94,65,93174,1704,3905122,8318500
7001,84,85,93090,1703,3905207,7983200
7002,90,98,93000,1695,3905305,7987900
7003,79,81,92921,1693,3905386,8005400
7004,98,91,92823,1700,3905477,8115600
7005,80,85,92743,1695,3905562,8329500
7006,97,82,92646,1710,3905644,8125800
7007,80,91,92566,1699,3905735,8907600
7008,74,79,92492,1694,3905814,8631100
7009,69,100,92423,1663,3905914,8390800
7010,95,77,92328,1681,3905991,8090800
7011,85,75,92243,1691,3906066,8690900
7012,75,92,92168,1674,3906158,8226500
7013,70,91,92098,1653,3906249,8022100
7014,73,62,92025,1664,3906311,8271900
7015,75,98,91950,1641,3906409,8458900
7016,77,83,91873,1635,3906492,7930400
7017,78,82,91795,1631,3906574,8300000
7018,79,77,91716,1633,3906651,7878900
7019,86,90,91630,1629,3906741,8502000
7020,86,85,91544,1630,3906826,8403600
7021,66,88,91478,1608,3906914,8216100
7022,83,60,91395,1631,3906974,8261100
7023,95,54,91300,1672,3907028,8131400
7024,87,96,91213,1663,3907124,8538300
7025,91,75,91122,1679,3907199,8146500
7026,94,86,91028,1687,3907285,8669800
7027,72,87,90956,1672,3907372,8243800
7028,69,73,90887,1668,3907445,8255500
7029,81,70,90806,1679,3907515,8194100
7030,69,78,90737,1670,3907593,8123000
7031,80,93,90657,1657,3907686,8490000
7032,83,84,90574,1656,3907770,7957300
7033,72,86,90502,1642,3907856,8085000
7034,83,73,90419,1652,3907929,8192700
7035,74,68,90345,1658,3907997,8080500
7036,72,75,90273,1655,3908072,8189400
7037,76,85,90197,1646,3908157,8503000
7038,77,66,90120,1657,3908223,8040300
7039,65,81,90055,1641,3908304,8175500
7040,63,71,89992,1633,3908375,8339100
7041,81,71,89911,1643,3908446,8784900
7042,71,97,89840,1617,3908543,8130600
7043,58,85,89782,1590,3908628,9010800
7044,68,82,89714,1576,3908710,8662900
7045,82,88,89632,1570,3908798,8262800
7046,96,67,89536,1599,3908865,8143400
7047,89,86,89447,1602,3908951,8057900
7048,81,87,89366,1596,3909038,7969900
7049,99,70,89267,1625,3909108,8405700
7050,76,89,89191,1612,3909197,7990400
7051,80,83,89111,1609,3909280,8099100
7052,89,76,89022,1622,3909356,8109500
7053,96,81,88926,1637,3909437,8173300
7054,76,71,88850,1642,3909508,8064000
7055,82,92,88768,1632,3909600,8114400
7056,75,86,88693,1621,3909686,8178100
7057,85,71,88608,1635,3909757,8114500
7058,72,84,88536,1623,3909841,8105700
7059,72,78,88464,1617,3909919,7947300
7060,93,85,88371,1625,3910004,8986900
7061,73,82,88298,1616,3910086,8340300
7062,85,74,88213,1627,3910160,8544600
7063,91,82,88122,1636,3910242,8111900
7064,73,91,88049,1618,3910333,8310400
7065,98,77,87951,1639,3910410,8075000
7066,81,81,87870,1639,3910491,8322800
7067,82,84,87788,1637,3910575,8150100
7068,87,88,87701,1636,3910663,8713400
7069,70,92,87631,1614,3910755,8169200
7070,69,97,87562,1586,3910852,8410100
7071,78,79,87484,1585,3910931,8356200
7072,73,71,87411,1587,3911002,8377100
7073,85,62,87326,1610,3911064,8657300
7074,68,66,87258,1612,3911130,8219900
7075,64,81,87194,1595,3911211,8413700
7076,70,73,87124,1592,3911284,8210500
7077,86,77,87038,1601,3911361,8208100
7078,85,79,86953,1607,3911440,8201500
7079,77,62,86876,1622,3911502,8141600
7080,73,77,86803,1618,3911579,8254700
7081,72,84,86731,1606,3911663,8486100
7082,77,81,86654,1602,3911744,8287900
7083,77,104,86577,1575,3911848,8006300
7084,73,64,86504,1584,3911912,8744700
7085,63,73,86441,1574,3911985,8175800
7086,64,75,86377,1563,3912060,8185500
7087,82,80,86295,1565,3912140,8561200
7088,84,84,86211,1565,3912224,8392900
7089,78,85,86133,1558,3912309,7879500
7090,87,81,86046,1564,3912390,7861300
7091,60,83,85986,1541,3912473,8678500
7092,70,72,85916,1539,3912545,8072700
7093,88,73,85828,1554,3912618,8599000
7094,70,73,85758,1551,3912691,8303200
7095,79,77,85679,1553,3912768,7867800
7096,86,81,85593,1558,3912849,8129700
7097,63,70,85530,1551,3912919,8010800
7098,72,69,85458,1554,3912988,8044700
7099,75,73,85383,1556,3913061,8700300
7100,77,94,85306,1539,3913155,8048000
7101,54,79,85252,1514,3913234,8565600
7102,73,70,85179,1517,3913304,8140500
7103,81,78,85098,1520,3913382,8133800
7104,81,72,85017,1529,3913454,8631000
7105,74,84,84943,1519,3913538,8008600
7106,95,90,84848,1524,3913628,7952700
7107,80,69,84768,1535,3913697,7999700
7108,79,81,84689,1533,3913778,8686400
7109,90,81,84599,1542,3913859,8134600
7110,78,61,84521,1559,3913920,8007300
7111,86,81,84435,1564,3914001,8023500
7112,72,60,84363,1576,3914061,8604200
7113,80,61,84283,1595,3914122,8037800
7114,73,66,84210,1602,3914188,8360200
7115,82,79,84128,1605,3914267,8003100
7116,81,82,84047,1604,3914349,8128100
7117,70,90,83977,1584,3914439,8018900
7118,71,87,83906,1568,3914526,7953000
7119,60,99,83846,1529,3914625,7947400
7120,73,94,83773,1508,3914719,8212100
7121,75,73,83698,1510,3914792,7908900
7122,75,66,83623,1519,3914858,8190500
7123,76,78,83547,1517,3914936,8009100
7124,67,57,83480,1527,3914993,8575600
7125,55,57,83425,1525,3915050,8300000
7126,64,74,83361,1515,3915124,8091800
7127,72,79,83289,1508,3915203,8720400
7128,68,68,83221,1508,3915271,8062900
7129,60,70,83161,1498,3915341,8386000
7130,77,74,83084,1501,3915415,8233700
7131,68,86,83016,1483,3915501,8811500
7132,88,70,82928,1501,3915571,8073500
7133,71,79,82857,1493,3915650,7899600
7134,74,91,82783,1476,3915741,7888700
7135,64,77,82719,1463,3915818,8219400
7136,65,66,82654,1462,3915884,7963400
7137,75,63,82579,1474,3915947,7877000
7138,62,77,82517,1459,3916024,7796400
7139,68,78,82449,1449,3916102,8014900
7140,70,66,82379,1453,3916168,8318000
7141,68,73,82311,1448,3916241,8709200
7142,56,82,82255,1422,3916323,8168200
7143,78,81,82177,1419,3916404,7881800
7144,72,72,82105,1419,3916476,7998500
7145,63,84,82042,1398,3916560,8100600
7146,67,82,81975,1383,3916642,8987000
7147,58,76,81917,1365,3916718,8345800
7148,64,61,81853,1368,3916779,8657300
7149,65,63,81788,1370,3916842,8750300
7150,59,70,81729,1359,3916912,8250600
7151,63,70,81666,1352,3916982,8104200
7152,79,74,81587,1357,3917056,8057300
7153,61,60,81526,1358,3917116,7885300
7154,68,69,81458,1357,3917185,7784800
7155,67,73,81391,1351,3917258,7833000
7156,69,69,81322,1351,3917327,8016800
7157,64,68,81258,1347,3917395,8421400
7158,70,62,81188,1355,3917457,8754800
7159,81,83,81107,1353,3917540,8069600
7160,55,60,81052,1348,3917600,7936900
7161,67,73,80985,1342,3917673,7792100
7162,61,58,80924,1345,3917731,8676800
7163,80,61,80844,1364,3917792,9075800
7164,78,65,80766,1377,3917857,8611300
7165,82,69,80684,1390,3917926,9524000
7166,62,65,80622,1387,3917991,8700700
7167,62,79,80560,1370,3918070,8880300
7168,62,60,80498,1372,3918130,8493100
7169,76,67,80422,1381,3918197,8639500
7170,52,76,80370,1357,3918273,8207400
7171,53,71,80317,1339,3918344,8387800
7172,65,60,80252,1344,3918404,8802000
7173,65,63,80187,1346,3918467,7907100
7174,77,60,80110,1363,3918527,8381900
7175,57,70,80053,1350,3918597,7871600
7176,88,59,79965,1379,3918656,8189400
7177,79,65,79886,1393,3918721,7898700
7178,68,63,79818,1398,3918784,7969600
7179,62,71,79756,1389,3918855,8779000
7180,64,71,79692,1382,3918926,8111300
7181,63,87,79629,1358,3919013,8312400
7182,62,66,79567,1354,3919079,8055600
7183,69,78,79498,1345,3919157,7918200
7184,80,67,79418,1358,3919224,8024500
7185,79,59,79339,1378,3919283,8092400
7186,59,71,79280,1366,3919354,7878000
7187,85,72,79195,1379,3919426,8078300
7188,55,73,79140,1361,3919499,8124000
7189,78,67,79062,1372,3919566,8238400
7190,66,61,78996,1377,3919627,8561300
7191,64,50,78932,1391,3919677,8307600
7192,75,69,78857,1397,3919746,8339000
7193,77,82,78780,1392,3919828,8201400
7194,63,65,78717,1390,3919893,7936600
7195,60,59,78657,1391,3919952,8091700
7196,62,63,78595,1390,3920015,8190000
7197,53,80,78542,1363,3920095,8399700
7198,71,65,78471,1369,3920160,8394800
7199,69,74,78402,1364,3920234,8363600
7200,52,75,78350,1341,3920309,8284900
7201,71,69,78279,1343,3920378,8185100
7202,77,67,78202,1353,3920445,8039400
7203,67,72,78135,1348,3920517,7990200
7204,61,68,78074,1341,3920585,8080700
7205,77,78,77997,1340,3920663,8090000
7206,70,71,77927,1339,3920734,8114000
7207,58,67,77869,1330,3920801,7942200
7208,71,77,77798,1324,3920878,8107200
7209,57,59,77741,1322,3920937,8153200
7210,74,58,77667,1338,3920995,8727800
7211,57,66,77610,1329,3921061,8459700
7212,60,70,77550,1319,3921131,8192700
7213,61,71,77489,1309,3921202,8106200
7214,44,68,77445,1285,3921270,8286600
7215,70,66,77375,1289,3921336,8085200
7216,54,62,77321,1281,3921398,8114200
7217,60,66,77261,1275,3921464,8207200
7218,52,57,77209,1270,3921521,8521200
7219,51,82,77158,1239,3921603,8306400
7220,63,61,77095,1241,3921664,8218400
7221,61,61,77034,1241,3921725,8234500
7222,71,72,76963,1240,3921797,8113900
7223,47,57,76916,1230,3921854,8378000
7224,63,57,76853,1236,3921911,8403600
7225,62,66,76791,1232,3921977,8933400
7226,56,56,76735,1232,3922033,8380900
7227,46,61,76689,1217,3922094,8355800
7228,46,61,76643,1202,3922155,8184800
7229,55,66,76588,1191,3922221,8894200
7230,52,49,76536,1194,3922270,8030800
7231,44,49,76492,1189,3922319,7947900
7232,61,58,76431,1192,3922377,8055700
7233,58,56,76373,1194,3922433,7935100
7234,42,51,76331,1185,3922484,7828000
7235,54,49,76277,1190,3922533,7907800
7236,45,66,76232,1169,3922599,8235500
7237,63,52,76169,1180,3922651,8112700
7238,51,57,76118,1174,3922708,8451300
7239,49,55,76069,1168,3922763,8419300
7240,50,52,76019,1166,3922815,8419700
7241,54,67,75965,1153,3922882,8416300
7242,52,66,75913,1139,3922948,8466600
7243,54,61,75859,1132,3923009,7978700
7244,44,51,75815,1125,3923060,7965400
7245,52,51,75763,1126,3923111,8921700
7246,57,59,75706,1124,3923170,7956000
7247,58,57,75648,1125,3923227,7850900
7248,49,49,75599,1125,3923276,7837500
7249,63,50,75536,1138,3923326,7805400
7250,55,58,75481,1135,3923384,8550800
7251,52,53,75429,1134,3923437,7958900
7252,42,56,75387,1120,3923493,7955800
7253,70,61,75317,1129,3923554,8077000
7254,46,60,75271,1115,3923614,7943900
7255,65,50,75206,1130,3923664,7907300
7256,56,44,75150,1142,3923708,8114000
7257,45,62,75105,1125,3923770,7786200
7258,41,67,75064,1099,3923837,8080400
7259,53,54,75011,1098,3923891,7808600
7260,49,42,74962,1105,3923933,8032300
7261,57,47,74905,1115,3923980,8383700
7262,45,47,74860,1113,3924027,8660900
7263,56,44,74804,1125,3924071,8254800
7264,59,57,74745,1127,3924128,7927000
7265,46,51,74699,1122,3924179,8111000
7266,61,64,74638,1119,3924243,8416900
7267,60,49,74578,1130,3924292,8389600
7268,51,54,74527,1127,3924346,8215600
7269,52,52,74475,1127,3924398,8768800
7270,56,44,74419,1139,3924442,8058500
7271,64,52,74355,1151,3924494,8508600
7272,54,63,74301,1142,3924557,8008300
7273,51,57,74250,1136,3924614,7950200
7274,64,56,74186,1144,3924670,7998500
7275,50,65,74136,1129,3924735,7879700
7276,50,56,74086,1123,3924791,7850300
7277,65,66,74021,1122,3924857,8042600
7278,58,52,73963,1128,3924909,8109500
7279,69,50,73894,1147,3924959,8516200
7280,67,62,73827,1152,3925021,7970900
7281,60,53,73767,1159,3925074,7978100
7282,69,56,73698,1172,3925130,7878300
7283,53,69,73645,1156,3925199,8101100
7284,53,55,73592,1154,3925254,8405100
7285,61,54,73531,1161,3925308,8241600
7286,62,54,73469,1169,3925362,8657800
7287,48,56,73421,1161,3925418,8273200
7288,53,50,73368,1164,3925468,8334900
7289,51,62,73317,1153,3925530,8533800
7290,61,63,73256,1151,3925593,8555400
7291,62,58,73194,1155,3925651,8141900
7292,57,65,73137,1147,3925716,8846700
7293,58,74,73079,1131,3925790,7961700
7294,55,42,73024,1144,3925832,8090400
7295,62,50,72962,1156,3925882,8235800
7296,59,60,72903,1155,3925942,7869800
7297,60,57,72843,1158,3925999,7850700
7298,55,72,72788,1141,3926071,7919700
7299,59,59,72729,1141,3926130,7901900
7300,50,71,72679,1120,3926201,8579500
7301,56,68,72623,1108,3926269,8038700
7302,52,53,72571,1107,3926322,8238600
7303,51,54,72520,1104,3926376,8321100
7304,47,51,72473,1100,3926427,8694200
7305,44,61,72429,1083,3926488,8930500
7306,43,50,72386,1076,3926538,8500200
7307,56,44,72330,1088,3926582,8526200
7308,44,45,72286,1087,3926627,7868100
7309,40,79,72246,1048,3926706,7925500
7310,48,47,72198,1049,3926753,7975300
7311,46,46,72152,1049,3926799,8005200
7312,37,51,72115,1035,3926850,8876200
7313,43,65,72072,1013,3926915,7963100
7314,40,50,72032,1003,3926965,8057300
7315,39,46,71993,996,3927011,7984800
7316,38,47,71955,987,3927058,8145700
7317,52,45,71903,994,3927103,8071800
7318,52,43,71851,1003,3927146,8502100
7319,43,51,71808,995,3927197,8042400
7320,40,42,71768,993,3927239,8096600
7321,38,56,71730,975,3927295,8015700
7322,26,53,71704,948,3927348,8140900
7323,29,47,71675,930,3927395,8321300
7324,36,42,71639,924,3927437,8368100
7325,52,40,71587,936,3927477,8038600
7326,41,61,71546,916,3927538,8258300
7327,41,55,71505,902,3927593,7996400
7328,37,43,71468,896,3927636,8636800
7329,38,33,71430,901,3927669,7954100
7330,43,35,71387,909,3927704,8676000
7331,53,58,71334,904,3927762,7834200
7332,41,34,71293,911,3927796,8053400
7333,40,37,71253,914,3927833,7946500
7334,58,49,71195,923,3927882,8057700
7335,50,47,71145,926,3927929,8142500
7336,41,43,71104,924,3927972,8820900
7337,39,47,71065,916,3928019,7968600
7338,42,43,71023,915,3928062,7945100
7339,46,43,70977,918,3928105,8057500
7340,43,47,70934,914,3928152,8172100
7341,44,49,70890,909,3928201,7775300
7342,41,40,70849,910,3928241,7965800
7343,53,55,70796,908,3928296,8163200
7344,32,39,70764,901,3928335,8285900
7345,51,53,70713,899,3928388,8317700
7346,37,44,70676,892,3928432,7837900
7347,53,58,70623,887,3928490,8095100
7348,51,55,70572,883,3928545,8436000
7349,43,40,70529,886,3928585,8240600
7350,43,42,70486,887,3928627,8226200
7351,52,38,70434,901,3928665,8671000
7352,35,31,70399,905,3928696,8749700
7353,38,52,70361,891,3928748,8209300
7354,39,40,70322,890,3928788,8173500
7355,45,40,70277,895,3928828,8708100
7356,40,36,70237,899,3928864,8127900
7357,39,47,70198,891,3928911,8540300
7358,47,43,70151,895,3928954,8172500
7359,39,37,70112,897,3928991,8307800
7360,39,40,70073,896,3929031,8169100
7361,40,54,70033,882,3929085,8699100
7362,45,51,69988,876,3929136,8023300
7363,30,40,69958,866,3929176,8129600
7364,40,54,69918,852,3929230,8186000
7365,43,40,69875,855,3929270,8406800
7366,34,43,69841,846,3929313,8297100
7367,49,32,69792,863,3929345,8103500
7368,29,44,69763,848,3929389,8153100
7369,42,45,69721,845,3929434,8156000
7370,44,42,69677,847,3929476,8498800
7371,45,51,69632,841,3929527,8594800
7372,40,53,69592,828,3929580,8648800
7373,43,41,69549,830,3929621,8501700
7374,39,35,69510,834,3929656,8320900
7375,39,51,69471,822,3929707,9120500
7376,51,41,69420,832,3929748,8285900
7377,40,41,69380,831,3929789,8203900
7378,37,44,69343,824,3929833,8080500
7379,35,52,69308,807,3929885,8641500
7380,33,41,69275,799,3929926,8671600
7381,49,41,69226,807,3929967,8369400
7382,55,32,69171,830,3929999,8847300
7383,32,42,69139,820,3930041,8064200
7384,46,32,69093,834,3930073,7836800
7385,34,31,69059,837,3930104,7976900
7386,28,41,69031,824,3930145,8158400
7387,44,45,68987,823,3930190,8480600
7388,42,36,68945,829,3930226,8225600
7389,32,44,68913,817,3930270,8212100
7390,47,35,68866,829,3930305,8804700
7391,41,46,68825,824,3930351,8393400
7392,42,35,68783,831,3930386,8094500
7393,28,41,68755,818,3930427,8047300
7394,38,46,68717,810,3930473,8901200
7395,43,36,68674,817,3930509,7894100
7396,49,41,68625,825,3930550,8263200
7397,42,44,68583,823,3930594,7894000
7398,38,37,68545,824,3930631,8061300
7399,30,41,68515,813,3930672,7993900
7400,46,54,68469,805,3930726,8833600
7401,42,39,68427,808,3930765,8441300
7402,34,32,68393,810,3930797,7985300
7403,35,41,68358,804,3930838,7826000
7404,36,41,68322,799,3930879,8036500
7405,46,53,68276,792,3930932,8474700
7406,50,45,68226,797,3930977,8623200
7407,44,44,68182,797,3931021,9092300
7408,48,34,68134,811,3931055,8362000
7409,46,45,68088,812,3931100,8352100
7410,38,43,68050,807,3931143,8593400
7411,28,32,68022,803,3931175,8563200
7412,43,41,67979,805,3931216,8645200
7413,36,37,67943,804,3931253,7955800
7414,41,47,67902,798,3931300,7974100
7415,50,44,67852,804,3931344,8035100
7416,41,30,67811,815,3931374,7985300
7417,40,51,67771,804,3931425,8304600
7418,39,38,67732,805,3931463,8237600
7419,38,38,67694,805,3931501,8311000
7420,37,38,67657,804,3931539,8070600
7421,46,38,67611,812,3931577,8124200
7422,38,35,67573,815,3931612,7952900
7423,53,39,67520,829,3931651,8170600
7424,40,38,67480,831,3931689,8417300
7425,40,42,67440,829,3931731,8343900
7426,38,44,67402,823,3931775,8379000
7427,38,39,67364,822,3931814,8333800
7428,38,41,67326,819,3931855,8116400
7429,44,38,67282,825,3931893,8140400
7430,41,50,67241,816,3931943,7930600
7431,33,50,67208,799,3931993,9043800
7432,34,28,67174,805,3932021,8118800
7433,50,49,67124,806,3932070,7872800
7434,34,47,67090,793,3932117,8372700
7435,30,34,67060,789,3932151,7852600
7436,40,44,67020,785,3932195,7846600
7437,36,35,66984,786,3932230,7945900
7438,27,45,66957,768,3932275,8031100
7439,31,41,66926,758,3932316,8009000
7440,37,31,66889,764,3932347,8659500
7441,37,29,66852,772,3932376,7935100
7442,29,28,66823,773,3932404,8308200
7443,39,46,66784,766,3932450,7923900
7444,28,41,66756,753,3932491,8203500
7445,36,44,66720,745,3932535,7967300
7446,33,39,66687,739,3932574,8835200
7447,37,37,66650,739,3932611,8285300
7448,30,35,66620,734,3932646,8245200
7449,32,38,66588,728,3932684,8976200
7450,41,39,66547,730,3932723,8677000
7451,30,48,66517,712,3932771,8095000
7452,31,43,66486,700,3932814,8134600
7453,40,34,66446,706,3932848,8167300
7454,28,40,66418,694,3932888,8026700
7455,37,36,66381,695,3932924,8602500
7456,20,38,66361,677,3932962,8206400
7457,32,39,66329,670,3933001,8371400
7458,29,29,66300,670,3933030,7870300
7459,25,30,66275,665,3933060,8526000
7460,26,38,66249,653,3933098,7841400
7461,23,31,66226,645,3933129,8111700
7462,35,37,66191,643,3933166,7936800
7463,41,30,66150,654,3933196,8095700
7464,40,28,66110,666,3933224,8827500
7465,33,31,66077,668,3933255,8131600
7466,36,35,66041,669,3933290,8042800
7467,43,31,65998,681,3933321,8011200
7468,31,33,65967,679,3933354,7750800
7469,36,27,65931,688,3933381,7818500
7470,39,31,65892,696,3933412,7984500
7471,36,47,65856,685,3933459,8028400
7472,33,37,65823,681,3933496,8359100
7473,29,36,65794,674,3933532,8280400
7474,31,42,65763,663,3933574,7854800
7475,32,34,65731,661,3933608,7842500
7476,28,23,65703,666,3933631,7872000
7477,28,32,65675,662,3933663,8402300
7478,39,36,65636,665,3933699,7933000
7479,32,31,65604,666,3933730,7898300
7480,28,28,65576,666,3933758,8102900
7481,28,30,65548,664,3933788,8464900
7482,36,26,65512,674,3933814,8336400
7483,36,38,65476,672,3933852,8351300
7484,31,37,65445,666,3933889,7965400
7485,29,33,65416,662,3933922,8277900
7486,32,45,65384,649,3933967,8534400
7487,37,29,65347,657,3933996,7974700
7488,34,28,65313,663,3934024,7975600
7489,29,34,65284,658,3934058,8628300
7490,38,34,65246,662,3934092,8454500
7491,25,36,65221,651,3934128,7957200
7492,26,34,65195,643,3934162,8102100
7493,31,25,65164,649,3934187,8321900
7494,26,31,65138,644,3934218,8385500
7495,24,35,65114,633,3934253,7963700
7496,30,34,65084,629,3934287,8441700
7497,36,33,65048,632,3934320,8011400
7498,32,24,65016,640,3934344,7920000
7499,30,41,64986,629,3934385,8069100
7500,28,32,64958,625,3934417,7946900
7501,34,24,64924,635,3934441,8297800
7502,39,33,64885,641,3934474,8228200
7503,33,38,64852,636,3934512,8097500
7504,30,34,64822,632,3934546,8202100
7505,25,32,64797,625,3934578,8190800
7506,27,32,64770,620,3934610,8016400
7507,33,33,64737,620,3934643,8004000
7508,49,32,64688,637,3934675,7901800
7509,30,28,64658,639,3934703,7982800
7510,33,26,64625,646,3934729,7983000
7511,27,22,64598,651,3934751,8101600
7512,29,27,64569,653,3934778,8074600
7513,25,31,64544,647,3934809,8437000
7514,30,38,64514,639,3934847,8430800
7515,33,34,64481,638,3934881,8027000
7516,38,28,64443,648,3934909,8028600
7517,32,27,64411,653,3934936,8062700
7518,30,37,64381,646,3934973,8316600
7519,27,34,64354,639,3935007,8023100
7520,19,30,64335,628,3935037,7947300
7521,17,39,64318,606,3935076,7943400
7522,21,31,64297,596,3935107,7814600
7523,32,30,64265,598,3935137,8050300
7524,33,27,64232,604,3935164,8024000
7525,32,25,64200,611,3935189,8014700
7526,43,34,64157,620,3935223,8743000
7527,31,33,64126,618,3935256,8236900
7528,19,24,64107,613,3935280,8110400
7529,35,31,64072,617,3935311,8773400
7530,20,41,64052,596,3935352,8182900
7531,28,31,64024,593,3935383,8074000
7532,24,43,64000,574,3935426,8046800
7533,18,28,63982,564,3935454,7967200
7534,24,29,63958,559,3935483,8065300
7535,23,28,63935,554,3935511,8024800
7536,30,26,63905,558,3935537,7788600
7537,22,30,63883,550,3935567,8050900
7538,27,21,63856,556,3935588,7941300
7539,19,24,63837,551,3935612,7708600
7540,18,32,63819,537,3935644,7634600
7541,24,28,63795,533,3935672,8009600
7542,19,36,63776,516,3935708,7694900
7543,23,17,63753,522,3935725,7658500
7544,18,23,63735,517,3935748,7646400
7545,25,26,63710,516,3935774,7837400
7546,29,26,63681,519,3935800,7848200
7547,27,22,63654,524,3935822,7977200
7548,29,33,63625,520,3935855,7732100
7549,27,26,63598,521,3935881,7736200
7550,24,34,63574,511,3935915,7783000
7551,25,26,63549,510,3935941,7727800
7552,20,22,63529,508,3935963,7699200
7553,24,22,63505,510,3935985,7751200
7554,17,25,63488,502,3936010,7808400
7555,23,21,63465,504,3936031,7915600
7556,27,23,63438,508,3936054,7718000
7557,14,22,63424,500,3936076,7746100
7558,28,25,63396,503,3936101,7768300
7559,27,28,63369,502,3936129,7665100
7560,23,16,63346,509,3936145,7825600
7561,29,29,63317,509,3936174,7646200
7562,24,21,63293,512,3936195,7787800
7563,23,30,63270,505,3936225,7983200
7564,24,25,63246,504,3936250,7846400
7565,25,30,63221,499,3936280,7965000
7566,16,22,63205,493,3936302,7901200
7567,23,28,63182,488,3936330,7887600
7568,28,27,63154,489,3936357,7961900
7569,28,26,63126,491,3936383,7980400
7570,20,37,63106,474,3936420,7901500
7571,19,26,63087,467,3936446,8390500
7572,30,18,63057,479,3936464,8148900
7573,16,27,63041,468,3936491,8361200
7574,27,26,63014,469,3936517,7901800
7575,17,24,62997,462,3936541,7863700
7576,21,29,62976,454,3936570,7947600
7577,24,23,62952,455,3936593,7863900
7578,11,19,62941,447,3936612,8004900
7579,30,24,62911,453,3936636,8090200
7580,22,24,62889,451,3936660,8558700
7581,34,24,62855,461,3936684,7989800
7582,19,19,62836,461,3936703,8024900
7583,24,24,62812,461,3936727,7890900
7584,22,29,62790,454,3936756,7719100
7585,13,20,62777,447,3936776,7780500
7586,26,19,62751,454,3936795,7727400
7587,28,17,62723,465,3936812,7814600
7588,22,33,62701,454,3936845,7918000
7589,22,21,62679,455,3936866,7786600
7590,15,20,62664,450,3936886,7777800
7591,19,30,62645,439,3936916,7880400
7592,17,20,62628,436,3936936,7914600
7593,23,18,62605,441,3936954,8109800
7594,19,25,62586,435,3936979,7903300
7595,21,20,62565,436,3936999,7654800
7596,20,23,62545,433,3937022,7754200
7597,13,32,62532,414,3937054,7831700
7598,23,20,62509,417,3937074,7777500
7599,19,17,62490,419,3937091,7916100
7600,21,18,62469,422,3937109,7726200
7601,15,18,62454,419,3937127,7675100
7602,20,28,62434,411,3937155,7769600
7603,19,17,62415,413,3937172,7645300
7604,25,17,62390,421,3937189,7748800
7605,19,24,62371,416,3937213,7909100
7606,23,28,62348,411,3937241,7688200
7607,18,26,62330,403,3937267,7696000
7608,25,28,62305,400,3937295,7836600
7609,19,20,62286,399,3937315,8008500
7610,10,30,62276,379,3937345,7760100
7611,19,22,62257,376,3937367,7680800
7612,18,23,62239,371,3937390,7765200
7613,18,11,62221,378,3937401,7924400
7614,24,12,62197,390,3937413,7795800
7615,17,19,62180,388,3937432,8162900
7616,22,21,62158,389,3937453,7668000
7617,24,17,62134,396,3937470,8393800
7618,12,16,62122,392,3937486,7802700
7619,18,13,62104,397,3937499,7817500
7620,30,18,62074,409,3937517,7736700
7621,21,27,62053,403,3937544,8361300
7622,20,17,62033,406,3937561,7923500
7623,25,16,62008,415,3937577,7900000
7624,20,25,61988,410,3937602,7858900
7625,22,26,61966,406,3937628,7796500
7626,24,20,61942,410,3937648,7791100
7627,26,25,61916,411,3937673,7913900
7628,22,27,61894,406,3937700,7763400
7629,20,26,61874,400,3937726,7755400
7630,20,19,61854,401,3937745,7927800
7631,23,18,61831,406,3937763,8166700
7632,22,22,61809,406,3937785,7826800
7633,16,16,61793,406,3937801,8234600
7634,19,19,61774,406,3937820,7873600
7635,24,14,61750,416,3937834,8005800
7636,18,26,61732,408,3937860,7999800
7637,21,17,61711,412,3937877,7922800
7638,14,20,61697,406,3937897,8661600
7639,21,29,61676,398,3937926,8115000
7640,27,14,61649,411,3937940,8033300
7641,14,14,61635,411,3937954,7932000
7642,18,22,61617,407,3937976,7962600
7643,18,24,61599,401,3938000,7657000
7644,17,20,61582,398,3938020,7763900
7645,11,22,61571,387,3938042,7703500
7646,17,29,61554,375,3938071,7811000
7647,17,24,61537,368,3938095,7928700
7648,18,16,61519,370,3938111,7721900
7649,17,19,61502,368,3938130,7898800
7650,19,19,61483,368,3938149,7793400
7651,12,18,61471,362,3938167,7697300
7652,9,25,61462,346,3938192,7726100
7653,13,22,61449,337,3938214,7848400
7654,15,18,61434,334,3938232,8208600
7655,8,14,61426,328,3938246,8315400
7656,14,14,61412,328,3938260,8260600
7657,14,23,61398,319,3938283,8369100
7658,10,13,61388,316,3938296,8490100
7659,10,20,61378,306,3938316,8099300
7660,16,8,61362,314,3938324,8198800
7661,11,17,61351,308,3938341,8286800
7662,18,13,61333,313,3938354,8140600
7663,16,17,61317,312,3938371,8067800
7664,16,8,61301,320,3938379,8184200
7665,14,10,61287,324,3938389,7944100
7666,11,16,61276,319,3938405,8017800
7667,19,14,61257,324,3938419,8079200
7668,15,16,61242,323,3938435,7916900
7669,20,16,61222,327,3938451,7904900
7670,16,10,61206,333,3938461,7878100
7671,16,18,61190,331,3938479,8351400
7672,10,13,61180,328,3938492,7882100
7673,14,12,61166,330,3938504,8193500
7674,12,11,61154,331,3938515,7941900
7675,12,19,61142,324,3938534,7943000
7676,17,6,61125,335,3938540,7959100
7677,9,14,61116,330,3938554,7895700
7678,13,22,61103,321,3938576,7963400
7679,8,21,61095,308,3938597,7915200
7680,12,12,61083,308,3938609,8004700
7681,15,15,61068,308,3938624,7861700
7682,19,10,61049,317,3938634,8254700
7683,21,12,61028,326,3938646,7962300
7684,15,17,61013,324,3938663,7789300
7685,15,18,60998,321,3938681,8102200
7686,20,9,60978,332,3938690,7885400
7687,17,11,60961,338,3938701,7979000
7688,9,12,60952,335,3938713,7891200
7689,19,19,60933,335,3938732,7831800
7690,17,16,60916,336,3938748,8023400
7691,10,14,60906,332,3938762,7671000
7692,17,18,60889,331,3938780,7739200
7693,9,14,60880,326,3938794,7623300
7694,19,12,60861,333,3938806,8033500
7695,14,18,60847,329,3938824,7704300
7696,9,21,60838,317,3938845,7925200
7697,16,12,60822,321,3938857,7964700
7698,19,15,60803,325,3938872,7779700
7699,17,11,60786,331,3938883,7671100
7700,12,11,60774,332,3938894,7655600
7701,21,21,60753,332,3938915,7718600
7702,17,17,60736,332,3938932,7658500
7703,13,18,60723,327,3938950,7680300
7704,15,15,60708,327,3938965,7823500
7705,14,13,60694,328,3938978,8127100
7706,11,17,60683,322,3938995,8443900
7707,13,12,60670,323,3939007,7789400
7708,11,11,60659,323,3939018,7713200
7709,7,20,60652,310,3939038,7674100
7710,10,14,60642,306,3939052,7757600
7711,9,23,60633,292,3939075,7897600
7712,11,9,60622,294,3939084,8375100
7713,21,8,60601,307,3939092,8144300
7714,14,21,60587,300,3939113,8167900
7715,13,13,60574,300,3939126,7916300
7716,16,15,60558,301,3939141,7773700
7717,12,13,60546,300,3939154,7835800
7718,14,12,60532,302,3939166,7719000
7719,19,18,60513,303,3939184,7668600
7720,13,15,60500,301,3939199,7703700
7721,17,19,60483,299,3939218,8107800
7722,8,27,60475,280,3939245,7859600
7723,15,18,60460,277,3939263,7793800
7724,17,18,60443,276,3939281,7994600
7725,11,14,60432,273,3939295,7835500
7726,17,11,60415,279,3939306,7932400
7727,14,12,60401,281,3939318,7800900
7728,18,11,60383,288,3939329,7757100
7729,10,15,60373,283,3939344,7736600
7730,11,8,60362,286,3939352,7816600
7731,11,19,60351,278,3939371,8002400
7732,6,13,60345,271,3939384,7833000
7733,11,5,60334,277,3939389,7710700
7734,8,11,60326,274,3939400,7837200
7735,11,20,60315,265,3939420,7705200
7736,15,10,60300,270,3939430,8226100
7737,9,17,60291,262,3939447,7708200
7738,5,18,60286,249,3939465,7754400
7739,8,13,60278,244,3939478,7973000
7740,10,10,60268,244,3939488,7964700
7741,4,14,60264,234,3939502,7758200
7742,8,21,60256,221,3939523,7807300
7743,7,14,60249,214,3939537,7915100
7744,12,11,60237,215,3939548,7849400
7745,9,11,60228,213,3939559,7723900
7746,6,12,60222,207,3939571,8053200
7747,9,4,60213,212,3939575,7925300
7748,7,9,60206,210,3939584,7826100
7749,5,11,60201,204,3939595,7721100
7750,7,13,60194,198,3939608,7833700
7751,2,11,60192,189,3939619,7780500
7752,8,8,60184,189,3939627,7681000
7753,5,5,60179,189,3939632,7851500
7754,10,11,60169,188,3939643,7657100
7755,8,13,60161,183,3939656,7798200
7756,10,6,60151,187,3939662,8077000
7757,8,10,60143,185,3939672,7857200
7758,6,9,60137,182,3939681,7755400
7759,10,9,60127,183,3939690,7753900
7760,8,17,60119,174,3939707,7810600
7761,6,9,60113,171,3939716,7999700
7762,5,10,60108,166,3939726,8045900
7763,9,8,60099,167,3939734,7988300
7764,3,10,60096,160,3939744,8109800
7765,6,9,60090,157,3939753,8092600
7766,13,8,60077,162,3939761,7947900
7767,8,6,60069,164,3939767,8031000
7768,9,9,60060,164,3939776,8118600
7769,5,10,60055,159,3939786,8157100
7770,4,6,60051,157,3939792,7997100
7771,5,7,60046,155,3939799,7846400
7772,7,4,60039,158,3939803,7812500
7773,9,8,60030,159,3939811,8341300
7774,8,6,60022,161,3939817,7727300
7775,8,10,60014,159,3939827,7642700
7776,11,7,60003,163,3939834,7686300
7777,6,8,59997,161,3939842,7844000
7778,6,0,59991,167,3939842,7854900
7779,4,7,59987,164,3939849,7651000
7780,7,5,59980,166,3939854,8021900
7781,8,11,59972,163,3939865,8083000
7782,6,9,59966,160,3939874,8080600
7783,7,8,59959,159,3939882,7858900
7784,9,10,59950,158,3939892,8441400
7785,8,6,59942,160,3939898,7833600
7786,10,10,59932,160,3939908,8067300
7787,6,14,59926,152,3939922,8024700
7788,4,6,59922,150,3939928,8080200
7789,7,9,59915,148,3939937,8151500
7790,6,5,59909,149,3939942,7808500
7791,5,9,59904,145,3939951,8004800
7792,6,12,59898,139,3939963,7729100
7793,3,9,59895,133,3939972,8132100
7794,6,9,59889,130,3939981,7796000
7795,7,13,59882,124,3939994,7659300
7796,4,7,59878,121,3940001,7685200
7797,7,5,59871,123,3940006,7814900
7798,5,5,59866,123,3940011,7883700
7799,6,3,59860,126,3940014,8075800
7800,3,3,59857,126,3940017,7806300
7801,3,7,59854,122,3940024,7753100
7802,3,5,59851,120,3940029,7835300
7803,3,6,59848,117,3940035,7817400
7804,4,5,59844,116,3940040,7767100
7805,2,5,59842,113,3940045,7671600
7806,0,5,59842,108,3940050,7933700
7807,2,5,59840,105,3940055,8101300
7808,5,6,59835,104,3940061,7858600
7809,1,4,59834,101,3940065,7721800
7810,3,4,59831,100,3940069,7735500
7811,1,4,59830,97,3940073,7810200
7812,3,6,59827,94,3940079,7863900
7813,2,5,59825,91,3940084,7834200
7814,1,3,59824,89,3940087,7713000
7815,1,6,59823,84,3940093,7858200
7816,0,4,59823,80,3940097,7848400
7817,1,5,59822,76,3940102,7925000
7818,3,2,59819,77,3940104,8145300
7819,1,3,59818,75,3940107,8011800
7820,1,5,59817,71,3940112,8017800
7821,0,6,59817,65,3940118,7930000
7822,0,3,59817,62,3940121,7975000
7823,1,4,59816,59,3940125,8033200
7824,1,6,59815,54,3940131,8103300
7825,0,3,59815,51,3940134,7949000
7826,0,6,59815,45,3940140,7904600
7827,0,3,59815,42,3940143,7835900
7828,0,1,59815,41,3940144,7875500
7829,0,2,59815,39,3940146,7927100
7830,0,0,59815,39,3940146,7859300
7831,0,2,59815,37,3940148,7904300
7832,0,0,59815,37,3940148,8301400
7833,0,5,59815,32,3940153,8287000
7834,0,2,59815,30,3940155,8013400
7835,0,1,59815,29,3940156,7993000
7836,0,1,59815,28,3940157,7963300
7837,0,0,59815,28,3940157,7936200
7838,0,2,59815,26,3940159,8152100
7839,0,4,59815,22,3940163,8095100
7840,0,1,59815,21,3940164,7933100
7841,1,1,59814,21,3940165,7956500
7842,0,1,59814,20,3940166,7927400
7843,0,2,59814,18,3940168,8010300
7844,0,1,59814,17,3940169,8028500
7845,0,0,59814,17,3940169,8110000
7846,0,1,59814,16,3940170,8064000
7847,0,0,59814,16,3940170,7990300
7848,0,2,59814,14,3940172,8302800
7849,0,2,59814,12,3940174,7936200
7850,0,0,59814,12,3940174,8182100
7851,0,1,59814,11,3940175,7825000
7852,0,0,59814,11,3940175,8066300
7853,0,1,59814,10,3940176,7783800
7854,0,0,59814,10,3940176,7820000
7855,0,0,59814,10,3940176,7826200
7856,0,0,59814,10,3940176,8099000
7857,0,0,59814,10,3940176,8018300
7858,0,1,59814,9,3940177,7863800
7859,0,1,59814,8,3940178,7795700
7860,0,1,59814,7,3940179,7797300
7861,0,0,59814,7,3940179,7808500
7862,0,1,59814,6,3940180,7889000
7863,0,0,59814,6,3940180,7783200
7864,0,0,59814,6,3940180,7914900
7865,0,0,59814,6,3940180,7963400
7866,0,0,59814,6,3940180,7936900
7867,0,0,59814,6,3940180,8314900
7868,0,0,59814,6,3940180,7919900
7869,0,0,59814,6,3940180,7854300
7870,0,0,59814,6,3940180,7932500
7871,0,0,59814,6,3940180,7869900
7872,0,0,59814,6,3940180,7826100
7873,0,1,59814,5,3940181,7843400
7874,0,1,59814,4,3940182,8067300
7875,0,0,59814,4,3940182,7961100
7876,0,0,59814,4,3940182,8335500
7877,0,0,59814,4,3940182,7844200
7878,0,0,59814,4,3940182,8109700
7879,0,0,59814,4,3940182,7976200
7880,0,0,59814,4,3940182,7952300
7881,0,1,59814,3,3940183,8095100
7882,0,0,59814,3,3940183,8031100
7883,0,0,59814,3,3940183,7869200
7884,0,0,59814,3,3940183,8123400
7885,0,0,59814,3,3940183,8344400
7886,0,0,59814,3,3940183,8109300
7887,0,0,59814,3,3940183,7863400
7888,0,1,59814,2,3940184,7828400
7889,0,1,59814,1,3940185,8127000
7890,0,1,59814,0,3940186,7984900
