Tick,NewlyInfected,NewlyRecovered,TotalSusceptible,TotalInfected,TotalRecovered,StepTimeNanos
0,6,0,3999989,11,0,8413900
1,3,0,3999986,14,0,7748300
2,2,1,3999984,15,1,7776800
3,3,1,3999981,17,2,8098800
4,1,1,3999980,17,3,8210800
5,7,0,3999973,24,3,7975800
6,5,0,3999968,29,3,7575100
7,2,2,3999966,29,5,8016100
8,5,1,3999961,33,6,7804200
9,6,1,3999955,38,7,7674600
10,4,2,3999951,40,9,7721000
11,3,2,3999948,41,11,7829300
12,5,1,3999943,45,12,7717700
13,9,5,3999934,49,17,7739400
14,7,2,3999927,54,19,7857300
15,5,2,3999922,57,21,8026100
16,7,1,3999915,63,22,7976300
17,13,4,3999902,72,26,7768900
18,6,4,3999896,74,30,7758700
19,9,3,3999887,80,33,8119200
20,8,5,3999879,83,38,7988100
21,6,5,3999873,84,43,8023500
22,9,3,3999864,90,46,8392500
23,11,4,3999853,97,50,7986200
24,15,2,3999838,110,52,7883000
25,11,6,3999827,115,58,7864900
26,18,3,3999809,130,61,7935000
27,21,9,3999788,142,70,7909500
28,13,7,3999775,148,77,8002400
29,12,8,3999763,152,85,7936300
30,16,8,3999747,160,93,7824100
31,15,5,3999732,170,98,7919300
32,17,9,3999715,178,107,7863600
33,21,6,3999694,193,113,8128200
34,27,14,3999667,206,127,7966300
35,20,8,3999647,218,135,8471600
36,23,9,3999624,232,144,8041000
37,19,13,3999605,238,157,8006100
38,20,13,3999585,245,170,7978100
39,22,15,3999563,252,185,7789100
40,22,13,3999541,261,198,8105300
41,32,5,3999509,288,203,7860000
42,22,12,3999487,298,215,7952300
43,22,19,3999465,301,234,7881000
44,22,18,3999443,305,252,8024900
45,19,22,3999424,302,274,7877200
46,26,9,3999398,319,283,7552100
47,32,12,3999366,339,295,7521200
48,28,15,3999338,352,310,8091500
49,33,17,3999305,368,327,7591500
50,20,19,3999285,369,346,7897400
51,23,17,3999262,375,363,7739700
52,38,14,3999224,399,377,7657600
53,25,21,3999199,403,398,7720500
54,39,23,3999160,419,421,7755100
55,40,20,3999120,439,441,7670000
56,34,14,3999086,459,455,7733400
57,33,25,3999053,467,480,7984200
58,41,26,3999012,482,506,7655100
59,44,24,3998968,502,530,7860800
60,32,31,3998936,503,561,7657600
61,40,30,3998896,513,591,7645500
62,38,18,3998858,533,609,7685600
63,41,28,3998817,546,637,7665500
64,50,39,3998767,557,676,7838800
65,48,25,3998719,580,701,7830100
66,41,29,3998678,592,730,8152900
67,39,37,3998639,594,767,7909800
68,47,24,3998592,617,791,8260400
69,43,26,3998549,634,817,7776200
70,50,30,3998499,654,847,7652900
71,59,38,3998440,675,885,7713300
72,48,29,3998392,694,914,7748000
73,35,33,3998357,696,947,7786600
74,69,32,3998288,733,979,7823700
75,54,29,3998234,758,1008,7637600
76,50,38,3998184,770,1046,7878300
77,39,41,3998145,768,1087,7792200
78,54,40,3998091,782,1127,7784100
79,58,36,3998033,804,1163,7683300
80,58,47,3997975,815,1210,7909400
81,59,43,3997916,831,1253,7924100
82,71,56,3997845,846,1309,7738700
83,62,32,3997783,876,1341,7661800
84,63,48,3997720,891,1389,7777200
85,59,60,3997661,890,1449,7714200
86,50,45,3997611,895,1494,8000900
87,68,47,3997543,916,1541,7909400
88,50,36,3997493,930,1577,7895900
89,64,41,3997429,953,1618,8326500
90,68,54,3997361,967,1672,8022800
91,69,44,3997292,992,1716,8075800
92,70,54,3997222,1008,1770,8153800
93,62,47,3997160,1023,1817,7871300
94,61,59,3997099,1025,1876,7825400
95,54,43,3997045,1036,1919,7697200
96,64,52,3996981,1048,1971,7824900
97,73,58,3996908,1063,2029,7878100
98,86,51,3996822,1098,2080,7769700
99,65,68,3996757,1095,2148,7623400
100,59,49,3996698,1105,2197,7827200
101,64,59,3996634,1110,2256,7688800
102,74,63,3996560,1121,2319,7893600
103,67,58,3996493,1130,2377,7719300
104,65,60,3996428,1135,2437,7888900
105,76,59,3996352,1152,2496,7890700
106,67,58,3996285,1161,2554,7644600
107,73,62,3996212,1172,2616,8293900
108,87,57,3996125,1202,2673,7863700
109,95,53,3996030,1244,2726,7860000
110,67,60,3995963,1251,2786,7873200
111,77,68,3995886,1260,2854,7846300
112,101,77,3995785,1284,2931,8034500
113,98,62,3995687,1320,2993,7988100
114,93,66,3995594,1347,3059,8479800
115,70,66,3995524,1351,3125,7817700
116,77,48,3995447,1380,3173,7865300
117,103,69,3995344,1414,3242,7732000
118,92,65,3995252,1441,3307,7878800
119,81,62,3995171,1460,3369,7668600
120,89,63,3995082,1486,3432,7738700
121,93,79,3994989,1500,3511,7741600
122,90,77,3994899,1513,3588,7953300
123,111,70,3994788,1554,3658,7803200
124,104,82,3994684,1576,3740,7956100
125,97,86,3994587,1587,3826,7677600
126,98,79,3994489,1606,3905,7881200
127,105,81,3994384,1630,3986,7728900
128,91,81,3994293,1640,4067,8227900
129,108,81,3994185,1667,4148,8161700
130,99,80,3994086,1686,4228,7926800
131,101,88,3993985,1699,4316,8002600
132,120,106,3993865,1713,4422,7700700
133,101,82,3993764,1732,4504,7832700
134,113,80,3993651,1765,4584,7603600
135,127,81,3993524,1811,4665,7868700
136,100,65,3993424,1846,4730,8268700
137,110,78,3993314,1878,4808,7775200
138,114,95,3993200,1897,4903,7828200
139,122,86,3993078,1933,4989,8002300
140,115,93,3992963,1955,5082,7874900
141,100,91,3992863,1964,5173,7829000
142,118,108,3992745,1974,5281,7932800
143,117,94,3992628,1997,5375,8174500
144,111,95,3992517,2013,5470,7780800
145,128,103,3992389,2038,5573,7769000
146,145,97,3992244,2086,5670,7741300
147,115,117,3992129,2084,5787,7876600
148,126,103,3992003,2107,5890,8006300
149,129,108,3991874,2128,5998,7891800
150,123,125,3991751,2126,6123,7945500
151,111,82,3991640,2155,6205,7699100
152,134,98,3991506,2191,6303,8019700
153,115,109,3991391,2197,6412,7873200
154,128,117,3991263,2208,6529,7933100
155,131,123,3991132,2216,6652,7987600
156,126,118,3991006,2224,6770,7962700
157,134,107,3990872,2251,6877,8635800
158,134,115,3990738,2270,6992,8185100
159,131,104,3990607,2297,7096,7790200
160,120,105,3990487,2312,7201,8060400
161,155,117,3990332,2350,7318,7868800
162,132,128,3990200,2354,7446,7860600
163,140,97,3990060,2397,7543,7748800
164,130,127,3989930,2400,7670,8078500
165,116,149,3989814,2367,7819,8375500
166,145,157,3989669,2355,7976,8245800
167,124,89,3989545,2390,8065,7992300
168,121,119,3989424,2392,8184,7973800
169,141,103,3989283,2430,8287,7914600
170,147,109,3989136,2468,8396,7855000
171,138,120,3988998,2486,8516,8042900
172,137,109,3988861,2514,8625,8299800
173,129,130,3988732,2513,8755,7994200
174,131,120,3988601,2524,8875,7978500
175,133,112,3988468,2545,8987,7884300
176,144,142,3988324,2547,9129,7795500
177,152,139,3988172,2560,9268,7964300
178,129,120,3988043,2569,9388,8009600
179,147,127,3987896,2589,9515,8025300
180,134,132,3987762,2591,9647,7804800
181,164,133,3987598,2622,9780,7964800
182,132,116,3987466,2638,9896,7772700
183,141,140,3987325,2639,10036,7718000
184,143,134,3987182,2648,10170,7772200
185,139,142,3987043,2645,10312,7746000
186,133,129,3986910,2649,10441,8469400
187,148,124,3986762,2673,10565,7850100
188,141,157,3986621,2657,10722,7765400
189,168,142,3986453,2683,10864,7827300
190,160,111,3986293,2732,10975,7826500
191,154,131,3986139,2755,11106,7731700
192,166,145,3985973,2776,11251,7639100
193,161,166,3985812,2771,11417,7812100
194,149,134,3985663,2786,11551,8431100
195,173,157,3985490,2802,11708,8155100
196,187,147,3985303,2842,11855,7915000
197,162,136,3985141,2868,11991,8176400
198,164,172,3984977,2860,12163,8430100
199,164,140,3984813,2884,12303,7847300
200,169,170,3984644,2883,12473,7875700
201,174,163,3984470,2894,12636,7982200
202,150,153,3984320,2891,12789,8008600
203,154,154,3984166,2891,12943,8015400
204,186,165,3983980,2912,13108,8010400
205,162,142,3983818,2932,13250,7757100
206,182,137,3983636,2977,13387,7679300
207,167,137,3983469,3007,13524,7713800
208,164,170,3983305,3001,13694,8341600
209,168,149,3983137,3020,13843,7810900
210,171,134,3982966,3057,13977,7833600
211,167,162,3982799,3062,14139,7722600
212,177,153,3982622,3086,14292,8031500
213,152,153,3982470,3085,14445,7656400
214,196,149,3982274,3132,14594,7657700
215,194,162,3982080,3164,14756,7842700
216,184,140,3981896,3208,14896,8020600
217,182,161,3981714,3229,15057,7742700
218,172,158,3981542,3243,15215,7689400
219,189,152,3981353,3280,15367,7904300
220,197,164,3981156,3313,15531,7754100
221,174,168,3980982,3319,15699,8150900
222,166,174,3980816,3311,15873,8219900
223,184,173,3980632,3322,16046,8612600
224,195,128,3980437,3389,16174,7827500
225,176,166,3980261,3399,16340,7766900
226,192,155,3980069,3436,16495,7647200
227,176,182,3979893,3430,16677,7627200
228,184,183,3979709,3431,16860,7738300
229,182,170,3979527,3443,17030,7845900
230,183,142,3979344,3484,17172,8047300
231,174,183,3979170,3475,17355,8052200
232,204,190,3978966,3489,17545,8649300
233,216,168,3978750,3537,17713,7936800
234,159,157,3978591,3539,17870,7918800
235,166,182,3978425,3523,18052,7826700
236,181,194,3978244,3510,18246,8403200
237,186,196,3978058,3500,18442,8158300
238,197,175,3977861,3522,18617,8169500
239,197,174,3977664,3545,18791,8013600
240,214,180,3977450,3579,18971,7752900
241,215,139,3977235,3655,19110,7655500
242,219,194,3977016,3680,19304,7679700
243,201,182,3976815,3699,19486,7618100
244,195,198,3976620,3696,19684,7684900
245,195,194,3976425,3697,19878,7902000
246,207,189,3976218,3715,20067,7946800
247,205,178,3976013,3742,20245,7741100
248,212,184,3975801,3770,20429,7911900
249,198,180,3975603,3788,20609,8094500
250,189,190,3975414,3787,20799,7889600
251,206,184,3975208,3809,20983,9335400
252,195,191,3975013,3813,21174,8702500
253,211,201,3974802,3823,21375,8091900
254,216,186,3974586,3853,21561,8071500
255,213,201,3974373,3865,21762,8575800
256,202,192,3974171,3875,21954,8175000
257,219,191,3973952,3903,22145,8242800
258,228,197,3973724,3934,22342,7871000
259,233,188,3973491,3979,22530,8176300
260,204,192,3973287,3991,22722,7861100
261,232,199,3973055,4024,22921,8168100
262,216,221,3972839,4019,23142,8725300
263,235,201,3972604,4053,23343,8317500
264,239,206,3972365,4086,23549,8153800
265,232,196,3972133,4122,23745,8198000
266,183,192,3971950,4113,23937,8059800
267,196,218,3971754,4091,24155,7942000
268,224,202,3971530,4113,24357,8182100
269,215,203,3971315,4125,24560,7907800
270,227,185,3971088,4167,24745,8515600
271,231,237,3970857,4161,24982,7916600
272,226,214,3970631,4173,25196,8406200
273,225,223,3970406,4175,25419,8208400
274,223,197,3970183,4201,25616,8262700
275,218,222,3969965,4197,25838,8212300
276,229,219,3969736,4207,26057,8124500
277,233,223,3969503,4217,26280,8204500
278,214,192,3969289,4239,26472,8224200
279,232,213,3969057,4258,26685,8225600
280,209,206,3968848,4261,26891,8043200
281,199,218,3968649,4242,27109,8020000
282,200,189,3968449,4253,27298,7958200
283,203,202,3968246,4254,27500,7955900
284,237,231,3968009,4260,27731,7991000
285,215,233,3967794,4242,27964,7958200
286,247,223,3967547,4266,28187,8087500
287,209,223,3967338,4252,28410,8267200
288,255,229,3967083,4278,28639,8215800
289,230,231,3966853,4277,28870,8157900
290,235,212,3966618,4300,29082,8499600
291,226,218,3966392,4308,29300,8925600
292,228,229,3966164,4307,29529,8415000
293,244,198,3965920,4353,29727,8526300
294,233,229,3965687,4357,29956,8387000
295,237,214,3965450,4380,30170,9820300
296,254,234,3965196,4400,30404,8704000
297,245,216,3964951,4429,30620,8731000
298,236,235,3964715,4430,30855,9458000
299,202,222,3964513,4410,31077,10357900
300,245,214,3964268,4441,31291,9191000
301,252,242,3964016,4451,31533,8916300
302,225,210,3963791,4466,31743,9223000
303,253,220,3963538,4499,31963,10249700
304,235,207,3963303,4527,32170,8658400
305,235,234,3963068,4528,32404,8870300
306,271,193,3962797,4606,32597,9129700
307,279,208,3962518,4677,32805,9052500
308,273,219,3962245,4731,33024,8460800
309,275,257,3961970,4749,33281,8478300
310,256,240,3961714,4765,33521,8550400
311,270,249,3961444,4786,33770,9146200
312,256,223,3961188,4819,33993,8256200
313,301,274,3960887,4846,34267,8167100
314,256,249,3960631,4853,34516,7967100
315,240,250,3960391,4843,34766,7950400
316,256,254,3960135,4845,35020,7897300
317,279,251,3959856,4873,35271,7901400
318,251,241,3959605,4883,35512,7954100
319,296,242,3959309,4937,35754,8048400
320,255,244,3959054,4948,35998,7928000
321,256,220,3958798,4984,36218,7885900
322,275,242,3958523,5017,36460,7820200
323,281,236,3958242,5062,36696,8139800
324,275,266,3957967,5071,36962,7819800
325,244,220,3957723,5095,37182,7995500
326,288,257,3957435,5126,37439,8178000
327,286,243,3957149,5169,37682,8189000
328,275,230,3956874,5214,37912,7916900
329,262,261,3956612,5215,38173,7820900
330,267,269,3956345,5213,38442,7839400
331,304,268,3956041,5249,38710,7751000
332,269,261,3955772,5257,38971,7707600
333,239,255,3955533,5241,39226,7653700
334,266,263,3955267,5244,39489,8010400
335,247,243,3955020,5248,39732,7840800
336,250,293,3954770,5205,40025,7746900
337,297,280,3954473,5222,40305,7785900
338,256,267,3954217,5211,40572,7975800
339,288,244,3953929,5255,40816,7787700
340,270,256,3953659,5269,41072,7793200
341,279,255,3953380,5293,41327,7900000
342,288,250,3953092,5331,41577,7989600
343,276,232,3952816,5375,41809,8022000
344,279,279,3952537,5375,42088,7949400
345,307,273,3952230,5409,42361,8278900
346,294,275,3951936,5428,42636,7752300
347,252,252,3951684,5428,42888,7740200
348,290,265,3951394,5453,43153,7815100
349,289,274,3951105,5468,43427,7960300
350,299,276,3950806,5491,43703,7858400
351,288,259,3950518,5520,43962,7825500
352,291,290,3950227,5521,44252,8373600
353,273,274,3949954,5520,44526,8004100
354,304,279,3949650,5545,44805,7866800
355,292,241,3949358,5596,45046,7933600
356,274,288,3949084,5582,45334,8031200
357,284,285,3948800,5581,45619,8282400
358,307,316,3948493,5572,45935,7938500
359,319,276,3948174,5615,46211,7883700
360,305,279,3947869,5641,46490,7790500
361,307,283,3947562,5665,46773,8101600
362,306,274,3947256,5697,47047,8033600
363,302,265,3946954,5734,47312,8174500
364,302,289,3946652,5747,47601,8118100
365,296,290,3946356,5753,47891,7900100
366,335,297,3946021,5791,48188,8237100
367,300,265,3945721,5826,48453,7970200
368,284,301,3945437,5809,48754,7874700
369,307,303,3945130,5813,49057,7776900
370,323,296,3944807,5840,49353,7864700
371,288,338,3944519,5790,49691,7965400
372,292,263,3944227,5819,49954,7889600
373,282,271,3943945,5830,50225,7788500
374,282,311,3943663,5801,50536,7742500
375,318,285,3943345,5834,50821,7733200
376,284,282,3943061,5836,51103,7979300
377,311,273,3942750,5874,51376,7719100
378,285,277,3942465,5882,51653,7771300
379,324,266,3942141,5940,51919,7835500
380,329,280,3941812,5989,52199,7634600
381,310,295,3941502,6004,52494,8089200
382,309,317,3941193,5996,52811,7669700
383,342,318,3940851,6020,53129,7790600
384,347,304,3940504,6063,53433,7838700
385,271,281,3940233,6053,53714,8125200
386,292,292,3939941,6053,54006,9008200
387,270,267,3939671,6056,54273,8171200
388,299,310,3939372,6045,54583,7874700
389,322,287,3939050,6080,54870,7818000
390,309,296,3938741,6093,55166,7696600
391,296,300,3938445,6089,55466,7817700
392,290,293,3938155,6086,55759,8161200
393,286,326,3937869,6046,56085,7881300
394,336,286,3937533,6096,56371,7753700
395,326,286,3937207,6136,56657,7778900
396,307,345,3936900,6098,57002,7853700
397,299,324,3936601,6073,57326,8330300
398,312,283,3936289,6102,57609,8086600
399,354,312,3935935,6144,57921,7941500
400,313,322,3935622,6135,58243,7918700
401,322,281,3935300,6176,58524,7895500
402,305,321,3934995,6160,58845,7749700
403,343,307,3934652,6196,59152,8104600
404,328,322,3934324,6202,59474,7771400
405,341,307,3933983,6236,59781,7716200
406,334,324,3933649,6246,60105,7804300
407,314,345,3933335,6215,60450,7952500
408,342,339,3932993,6218,60789,8336000
409,350,307,3932643,6261,61096,8061600
410,309,346,3932334,6224,61442,8190500
411,293,323,3932041,6194,61765,8444300
412,332,296,3931709,6230,62061,8119200
413,337,334,3931372,6233,62395,8084600
414,323,324,3931049,6232,62719,8026100
415,345,294,3930704,6283,63013,8073900
416,356,309,3930348,6330,63322,7977400
417,310,307,3930038,6333,63629,7939000
418,328,318,3929710,6343,63947,7878700
419,370,314,3929340,6399,64261,7915200
420,342,293,3928998,6448,64554,8067400
421,342,293,3928656,6497,64847,7837300
422,329,336,3928327,6490,65183,7956400
423,322,339,3928005,6473,65522,7973400
424,362,315,3927643,6520,65837,7809000
425,364,311,3927279,6573,66148,7676400
426,318,334,3926961,6557,66482,8006600
427,369,320,3926592,6606,66802,8171400
428,387,299,3926205,6694,67101,8003100
429,377,345,3925828,6726,67446,8062900
430,387,311,3925441,6802,67757,8217000
431,377,315,3925064,6864,68072,8254600
432,350,345,3924714,6869,68417,8002300
433,379,323,3924335,6925,68740,8021100
434,327,306,3924008,6946,69046,7860700
435,354,330,3923654,6970,69376,7881000
436,379,346,3923275,7003,69722,8249500
437,309,347,3922966,6965,70069,8233900
438,341,341,3922625,6965,70410,8018000
439,378,349,3922247,6994,70759,8083200
440,337,381,3921910,6950,71140,7816000
441,356,308,3921554,6998,71448,7865700
442,333,373,3921221,6958,71821,7858100
443,376,321,3920845,7013,72142,8031800
444,337,352,3920508,6998,72494,8099000
445,338,380,3920170,6956,72874,8511000
446,379,345,3919791,6990,73219,7912500
447,356,345,3919435,7001,73564,8165300
448,350,362,3919085,6989,73926,8095200
449,330,352,3918755,6967,74278,8036900
450,331,372,3918424,6926,74650,8882800
451,350,367,3918074,6909,75017,8685000
452,359,331,3917715,6937,75348,8554200
453,380,344,3917335,6973,75692,8368400
454,351,347,3916984,6977,76039,8350600
455,399,377,3916585,6999,76416,7848500
456,340,311,3916245,7028,76727,8011800
457,364,309,3915881,7083,77036,8057600
458,331,359,3915550,7055,77395,7824200
459,350,346,3915200,7059,77741,7956100
460,342,376,3914858,7025,78117,7777800
461,362,327,3914496,7060,78444,7656100
462,366,329,3914130,7097,78773,7603000
463,346,371,3913784,7072,79144,7838200
464,355,329,3913429,7098,79473,8057300
465,345,397,3913084,7046,79870,7818100
466,390,353,3912694,7083,80223,7931900
467,371,365,3912323,7089,80588,7858000
468,353,335,3911970,7107,80923,7665500
469,397,333,3911573,7171,81256,7674800
470,368,324,3911205,7215,81580,7773800
471,398,339,3910807,7274,81919,7796600
472,371,361,3910436,7284,82280,7952600
473,401,385,3910035,7300,82665,8123100
474,332,367,3909703,7265,83032,7953500
475,368,353,3909335,7280,83385,7832600
476,361,347,3908974,7294,83732,8118000
477,355,373,3908619,7276,84105,8535200
478,363,354,3908256,7285,84459,8629400
479,378,363,3907878,7300,84822,8467300
480,410,366,3907468,7344,85188,8339200
481,350,362,3907118,7332,85550,8450000
482,375,399,3906743,7308,85949,8330500
483,375,379,3906368,7304,86328,8478500
484,406,401,3905962,7309,86729,8487600
485,401,375,3905561,7335,87104,8610100
486,394,342,3905167,7387,87446,8194500
487,361,355,3904806,7393,87801,8166700
488,402,384,3904404,7411,88185,8061900
489,394,395,3904010,7410,88580,8228300
490,390,354,3903620,7446,88934,8233900
491,384,379,3903236,7451,89313,7970900
492,403,363,3902833,7491,89676,7844700
493,359,370,3902474,7480,90046,7899000
494,389,387,3902085,7482,90433,7904000
495,395,381,3901690,7496,90814,7894800
496,390,402,3901300,7484,91216,8547000
497,399,384,3900901,7499,91600,8106200
498,392,340,3900509,7551,91940,8045500
499,431,353,3900078,7629,92293,8371800
500,382,396,3899696,7615,92689,8087300
501,406,372,3899290,7649,93061,7805900
502,393,382,3898897,7660,93443,8169200
503,415,364,3898482,7711,93807,8344900
504,390,386,3898092,7715,94193,8299100
505,397,422,3897695,7690,94615,7854500
506,367,390,3897328,7667,95005,8195300
507,385,384,3896943,7668,95389,8582800
508,426,377,3896517,7717,95766,9046800
509,423,410,3896094,7730,96176,8451800
510,398,366,3895696,7762,96542,8660800
511,422,366,3895274,7818,96908,8366900
512,386,397,3894888,7807,97305,8699600
513,417,384,3894471,7840,97689,8126100
514,401,419,3894070,7822,98108,8240300
515,417,398,3893653,7841,98506,8303900
516,392,381,3893261,7852,98887,8392800
517,386,396,3892875,7842,99283,8903500
518,366,360,3892509,7848,99643,8308500
519,418,410,3892091,7856,100053,8416100
520,401,357,3891690,7900,100410,8925100
521,442,385,3891248,7957,100795,8257500
522,405,374,3890843,7988,101169,8134200
523,385,433,3890458,7940,101602,8275600
524,422,382,3890036,7980,101984,8737000
525,436,409,3889600,8007,102393,8228200
526,448,379,3889152,8076,102772,8115200
527,392,402,3888760,8066,103174,7869700
528,415,429,3888345,8052,103603,7968800
529,426,415,3887919,8063,104018,7955900
530,405,390,3887514,8078,104408,8018400
531,423,399,3887091,8102,104807,7900800
532,422,410,3886669,8114,105217,8144400
533,423,399,3886246,8138,105616,8285000
534,409,437,3885837,8110,106053,8138700
535,399,409,3885438,8100,106462,8174700
536,468,403,3884970,8165,106865,8185000
537,408,374,3884562,8199,107239,8150600
538,417,437,3884145,8179,107676,8189700
539,410,390,3883735,8199,108066,8153100
540,414,401,3883321,8212,108467,8125100
541,422,409,3882899,8225,108876,8113800
542,423,401,3882476,8247,109277,8172300
543,442,448,3882034,8241,109725,8232400
544,435,394,3881599,8282,110119,7985400
545,449,432,3881150,8299,110551,8179600
546,435,400,3880715,8334,110951,8230100
547,468,398,3880247,8404,111349,8124500
548,460,430,3879787,8434,111779,8118800
549,457,417,3879330,8474,112196,8027700
550,461,404,3878869,8531,112600,8213800
551,455,427,3878414,8559,113027,7898100
552,437,401,3877977,8595,113428,8136900
553,458,425,3877519,8628,113853,8292700
554,502,428,3877017,8702,114281,8163400
555,452,439,3876565,8715,114720,8161600
556,455,423,3876110,8747,115143,8362400
557,456,398,3875654,8805,115541,8131800
558,475,397,3875179,8883,115938,7809300
559,416,459,3874763,8840,116397,7760700
560,466,422,3874297,8884,116819,8671300
561,470,469,3873827,8885,117288,8727500
562,435,432,3873392,8888,117720,8522300
563,469,426,3872923,8931,118146,8483400
564,451,459,3872472,8923,118605,8767100
565,435,453,3872037,8905,119058,8716100
566,451,458,3871586,8898,119516,8306600
567,480,416,3871106,8962,119932,8681900
568,472,448,3870634,8986,120380,8318200
569,465,450,3870169,9001,120830,8272500
570,482,481,3869687,9002,121311,8239700
571,507,446,3869180,9063,121757,8565100
572,498,458,3868682,9103,122215,8332900
573,510,434,3868172,9179,122649,8167500
574,461,463,3867711,9177,123112,9015600
575,459,456,3867252,9180,123568,8551100
576,482,471,3866770,9191,124039,8065400
577,481,462,3866289,9210,124501,7950100
578,458,494,3865831,9174,124995,8113800
579,480,469,3865351,9185,125464,8047500
580,471,448,3864880,9208,125912,8075100
581,480,451,3864400,9237,126363,8136100
582,468,446,3863932,9259,126809,8091300
583,460,460,3863472,9259,127269,8403800
584,437,459,3863035,9237,127728,8136100
585,440,449,3862595,9228,128177,7981200
586,481,453,3862114,9256,128630,8330700
587,467,459,3861647,9264,129089,8332400
588,483,474,3861164,9273,129563,8359900
589,468,437,3860696,9304,130000,8146800
590,489,477,3860207,9316,130477,8011300
591,457,483,3859750,9290,130960,8008400
592,478,489,3859272,9279,131449,7942800
593,483,496,3858789,9266,131945,7804600
594,482,461,3858307,9287,132406,7688100
595,494,461,3857813,9320,132867,7739600
596,493,471,3857320,9342,133338,7885100
597,462,503,3856858,9301,133841,7742200
598,493,446,3856365,9348,134287,8030200
599,485,462,3855880,9371,134749,7933900
600,474,431,3855406,9414,135180,7706600
601,484,449,3854922,9449,135629,8431800
602,499,490,3854423,9458,136119,8135700
603,493,482,3853930,9469,136601,8000800
604,461,463,3853469,9467,137064,8039800
605,480,479,3852989,9468,137543,7863800
606,485,454,3852504,9499,137997,8221700
607,439,469,3852065,9469,138466,7969500
608,506,470,3851559,9505,138936,7862300
609,491,477,3851068,9519,139413,7738400
610,514,485,3850554,9548,139898,8127600
611,476,481,3850078,9543,140379,7926900
612,462,478,3849616,9527,140857,7816500
613,509,511,3849107,9525,141368,7886100
614,507,469,3848600,9563,141837,7972000
615,522,491,3848078,9594,142328,8076900
616,529,482,3847549,9641,142810,8299500
617,508,503,3847041,9646,143313,8135800
618,539,522,3846502,9663,143835,7915000
619,493,478,3846009,9678,144313,7897900
620,470,476,3845539,9672,144789,7836400
621,471,496,3845068,9647,145285,7765900
622,524,506,3844544,9665,145791,7711400
623,476,478,3844068,9663,146269,7835600
624,469,490,3843599,9642,146759,7899700
625,503,463,3843096,9682,147222,7929800
626,524,480,3842572,9726,147702,8221300
627,565,478,3842007,9813,148180,8172200
628,481,493,3841526,9801,148673,8137200
629,499,527,3841027,9773,149200,8537400
630,500,467,3840527,9806,149667,8332200
631,505,478,3840022,9833,150145,8101200
632,480,482,3839542,9831,150627,8001900
633,494,495,3839048,9830,151122,8423200
634,514,477,3838534,9867,151599,8232000
635,501,514,3838033,9854,152113,8071900
636,493,481,3837540,9866,152594,8148300
637,531,504,3837009,9893,153098,7678100
638,489,466,3836520,9916,153564,7786900
639,494,525,3836026,9885,154089,7677300
640,521,499,3835505,9907,154588,7891300
641,501,547,3835004,9861,155135,7835900
642,529,502,3834475,9888,155637,7746700
643,511,509,3833964,9890,156146,7870000
644,552,538,3833412,9904,156684,7900500
645,508,530,3832904,9882,157214,7945000
646,503,456,3832401,9929,157670,7733900
647,490,522,3831911,9897,158192,8183900
648,482,499,3831429,9880,158691,8038900
649,499,450,3830930,9929,159141,8112000
650,479,544,3830451,9864,159685,8006400
651,484,478,3829967,9870,160163,7838900
652,519,482,3829448,9907,160645,8112100
653,532,489,3828916,9950,161134,7858800
654,566,489,3828350,10027,161623,7875600
655,524,492,3827826,10059,162115,7837400
656,531,486,3827295,10104,162601,8070300
657,557,517,3826738,10144,163118,8365800
658,558,565,3826180,10137,163683,8004400
659,523,499,3825657,10161,164182,7904000
660,526,487,3825131,10200,164669,7846300
661,505,491,3824626,10214,165160,7841900
662,520,520,3824106,10214,165680,7895500
663,538,501,3823568,10251,166181,7956800
664,532,485,3823036,10298,166666,8151800
665,527,563,3822509,10262,167229,7789900
666,513,502,3821996,10273,167731,8073800
667,539,477,3821457,10335,168208,7738200
668,502,544,3820955,10293,168752,7696900
669,539,507,3820416,10325,169259,7742600
670,511,544,3819905,10292,169803,7771600
671,551,486,3819354,10357,170289,7934600
672,520,540,3818834,10337,170829,8258900
673,523,526,3818311,10334,171355,8438100
674,526,515,3817785,10345,171870,8022800
675,491,491,3817294,10345,172361,7892700
676,536,508,3816758,10373,172869,7920900
677,555,556,3816203,10372,173425,7956100
678,532,507,3815671,10397,173932,7951100
679,526,522,3815145,10401,174454,7878700
680,538,526,3814607,10413,174980,7850000
681,523,499,3814084,10437,175479,7968000
682,538,528,3813546,10447,176007,8060600
683,538,523,3813008,10462,176530,8181500
684,527,541,3812481,10448,177071,7893500
685,517,519,3811964,10446,177590,7791600
686,514,518,3811450,10442,178108,7957600
687,510,512,3810940,10440,178620,7933500
688,514,519,3810426,10435,179139,7777300
689,550,533,3809876,10452,179672,7929800
690,542,491,3809334,10503,180163,7834400
691,541,493,3808793,10551,180656,7905100
692,506,527,3808287,10530,181183,8027600
693,543,521,3807744,10552,181704,8147400
694,565,545,3807179,10572,182249,8301700
695,534,509,3806645,10597,182758,7812300
696,524,537,3806121,10584,183295,7849700
697,546,539,3805575,10591,183834,7827200
698,590,534,3804985,10647,184368,7886100
699,534,529,3804451,10652,184897,7842200
700,592,572,3803859,10672,185469,8118100
701,538,562,3803321,10648,186031,8272700
702,543,565,3802778,10626,186596,8336100
703,563,500,3802215,10689,187096,8318800
704,591,562,3801624,10718,187658,8331400
705,523,516,3801101,10725,188174,8561900
706,537,514,3800564,10748,188688,8732800
707,577,526,3799987,10799,189214,8528700
708,561,578,3799426,10782,189792,8582400
709,536,549,3798890,10769,190341,8507800
710,586,535,3798304,10820,190876,8505400
711,566,510,3797738,10876,191386,8487900
712,573,560,3797165,10889,191946,8345200
713,586,587,3796579,10888,192533,8406200
714,574,525,3796005,10937,193058,8423600
715,580,540,3795425,10977,193598,8521800
716,608,549,3794817,11036,194147,8350800
717,537,556,3794280,11017,194703,8387100
718,574,557,3793706,11034,195260,8275700
719,532,498,3793174,11068,195758,8227700
720,580,576,3792594,11072,196334,8523200
721,580,527,3792014,11125,196861,8372200
722,519,589,3791495,11055,197450,8275800
723,574,521,3790921,11108,197971,8335200
724,551,552,3790370,11107,198523,8324400
725,548,591,3789822,11064,199114,8644800
726,606,517,3789216,11153,199631,8306700
727,577,597,3788639,11133,200228,8343600
728,555,558,3788084,11130,200786,8322000
729,572,527,3787512,11175,201313,8636800
730,560,539,3786952,11196,201852,8408200
731,572,530,3786380,11238,202382,8556600
732,537,565,3785843,11210,202947,8192100
733,580,572,3785263,11218,203519,8476800
734,562,562,3784701,11218,204081,8369900
735,577,560,3784124,11235,204641,8312500
736,625,524,3783499,11336,205165,8392000
737,590,546,3782909,11380,205711,8463400
738,573,539,3782336,11414,206250,8538600
739,629,582,3781707,11461,206832,8350900
740,632,566,3781075,11527,207398,8734200
741,566,582,3780509,11511,207980,8534500
742,639,596,3779870,11554,208576,8328400
743,585,580,3779285,11559,209156,8089100
744,562,573,3778723,11548,209729,8563900
745,562,586,3778161,11524,210315,8516400
746,557,593,3777604,11488,210908,8471700
747,627,587,3776977,11528,211495,8077000
748,595,606,3776382,11517,212101,8148900
749,612,579,3775770,11550,212680,7881500
750,597,559,3775173,11588,213239,7886400
751,608,572,3774565,11624,213811,7912800
752,589,588,3773976,11625,214399,7999400
753,590,591,3773386,11624,214990,7920800
754,594,582,3772792,11636,215572,7937700
755,566,581,3772226,11621,216153,7997200
756,574,572,3771652,11623,216725,7950200
757,618,581,3771034,11660,217306,7829300
758,668,591,3770366,11737,217897,8115100
759,641,587,3769725,11791,218484,8235200
760,570,585,3769155,11776,219069,8087600
761,588,571,3768567,11793,219640,7938800
762,604,601,3767963,11796,220241,8001400
763,630,576,3767333,11850,220817,8371500
764,618,559,3766715,11909,221376,8335500
765,625,593,3766090,11941,221969,8126300
766,657,639,3765433,11959,222608,8156300
767,636,616,3764797,11979,223224,8257700
768,597,605,3764200,11971,223829,8260300
769,611,584,3763589,11998,224413,8454400
770,635,588,3762954,12045,225001,8376000
771,598,626,3762356,12017,225627,8267500
772,635,605,3761721,12047,226232,8337400
773,622,594,3761099,12075,226826,8404900
774,625,640,3760474,12060,227466,8181600
775,612,605,3759862,12067,228071,8349300
776,606,577,3759256,12096,228648,8788400
777,613,606,3758643,12103,229254,8475200
778,628,591,3758015,12140,229845,8464400
779,664,616,3757351,12188,230461,8514700
780,628,605,3756723,12211,231066,8448600
781,582,637,3756141,12156,231703,8548700
782,601,603,3755540,12154,232306,8463500
783,658,628,3754882,12184,232934,8575300
784,635,607,3754247,12212,233541,8489000
785,624,613,3753623,12223,234154,8474100
786,591,585,3753032,12229,234739,8233100
787,610,618,3752422,12221,235357,8393000
788,616,588,3751806,12249,235945,8075100
789,600,616,3751206,12233,236561,8193200
790,593,576,3750613,12250,237137,8001300
791,595,622,3750018,12223,237759,7993100
792,645,564,3749373,12304,238323,8052300
793,608,633,3748765,12279,238956,7958900
794,618,589,3748147,12308,239545,8108000
795,658,622,3747489,12344,240167,8133600
796,636,664,3746853,12316,240831,7975400
797,625,608,3746228,12333,241439,7892200
798,665,595,3745563,12403,242034,7971300
799,634,623,3744929,12414,242657,7865100
800,643,613,3744286,12444,243270,7869500
801,672,638,3743614,12478,243908,7836800
802,652,605,3742962,12525,244513,8233900
803,635,613,3742327,12547,245126,8277100
804,622,623,3741705,12546,245749,7824900
805,635,597,3741070,12584,246346,7952600
806,674,672,3740396,12586,247018,8293800
807,669,665,3739727,12590,247683,8148400
808,646,645,3739081,12591,248328,7936800
809,668,626,3738413,12633,248954,7988700
810,688,651,3737725,12670,249605,8365000
811,682,643,3737043,12709,250248,8511300
812,686,665,3736357,12730,250913,8208700
813,623,621,3735734,12732,251534,8403700
814,643,663,3735091,12712,252197,7984900
815,667,618,3734424,12761,252815,8521400
816,708,659,3733716,12810,253474,7907300
817,672,714,3733044,12768,254188,8725300
818,717,644,3732327,12841,254832,7934500
819,677,623,3731650,12895,255455,8171500
820,695,630,3730955,12960,256085,8081500
821,630,655,3730325,12935,256740,8029400
822,665,631,3729660,12969,257371,8019400
823,692,645,3728968,13016,258016,7916400
824,646,669,3728322,12993,258685,8055000
825,616,615,3727706,12994,259300,8160500
826,693,633,3727013,13054,259933,7818200
827,661,649,3726352,13066,260582,7872600
828,718,660,3725634,13124,261242,7780500
829,647,703,3724987,13068,261945,7827000
830,621,651,3724366,13038,262596,7925000
831,639,651,3723727,13026,263247,8001700
832,623,715,3723104,12934,263962,9127900
833,667,635,3722437,12966,264597,8976100
834,635,653,3721802,12948,265250,8172600
835,682,683,3721120,12947,265933,8131900
836,688,631,3720432,13004,266564,7842400
837,734,705,3719698,13033,267269,7893200
838,650,666,3719048,13017,267935,8451800
839,662,632,3718386,13047,268567,8895600
840,682,617,3717704,13112,269184,8374600
841,641,663,3717063,13090,269847,8176100
842,677,644,3716386,13123,270491,8052900
843,671,628,3715715,13166,271119,8159500
844,690,680,3715025,13176,271799,8106400
845,681,672,3714344,13185,272471,7999100
846,646,670,3713698,13161,273141,8166300
847,654,637,3713044,13178,273778,8121400
848,701,681,3712343,13198,274459,8202300
849,718,628,3711625,13288,275087,8211200
850,656,671,3710969,13273,275758,8371500
851,686,652,3710283,13307,276410,9181300
852,729,660,3709554,13376,277070,8693400
853,678,707,3708876,13347,277777,8977600
854,715,658,3708161,13404,278435,8791400
855,712,697,3707449,13419,279132,9127100
856,715,618,3706734,13516,279750,8776000
857,693,685,3706041,13524,280435,8908500
858,702,669,3705339,13557,281104,9065500
859,715,708,3704624,13564,281812,8828800
860,727,690,3703897,13601,282502,8769200
861,705,661,3703192,13645,283163,8673100
862,706,632,3702486,13719,283795,9029300
863,725,701,3701761,13743,284496,8662900
864,745,678,3701016,13810,285174,8646500
865,735,667,3700281,13878,285841,8761900
866,727,692,3699554,13913,286533,8548600
867,685,739,3698869,13859,287272,8628100
868,702,683,3698167,13878,287955,9205300
869,719,722,3697448,13875,288677,8785000
870,718,642,3696730,13951,289319,8857100
871,675,715,3696055,13911,290034,8231200
872,683,673,3695372,13921,290707,8067000
873,698,697,3694674,13922,291404,8023900
874,689,689,3693985,13922,292093,8432000
875,647,721,3693338,13848,292814,8095300
876,705,684,3692633,13869,293498,7941200
877,754,665,3691879,13958,294163,8185700
878,684,686,3691195,13956,294849,7971900
879,696,678,3690499,13974,295527,8082500
880,690,721,3689809,13943,296248,7967300
881,745,741,3689064,13947,296989,7783900
882,717,679,3688347,13985,297668,8004400
883,698,693,3687649,13990,298361,8363600
884,676,682,3686973,13984,299043,8070500
885,707,658,3686266,14033,299701,8006200
886,706,680,3685560,14059,300381,7803500
887,746,733,3684814,14072,301114,8023900
888,707,716,3684107,14063,301830,7779400
889,709,676,3683398,14096,302506,7964200
890,715,669,3682683,14142,303175,8047700
891,657,687,3682026,14112,303862,7888600
892,722,722,3681304,14112,304584,8503300
893,685,727,3680619,14070,305311,7874500
894,709,715,3679910,14064,306026,7787200
895,713,738,3679197,14039,306764,8214700
896,733,710,3678464,14062,307474,7986400
897,732,696,3677732,14098,308170,8178000
898,707,665,3677025,14140,308835,8148100
899,737,737,3676288,14140,309572,7971900
900,731,712,3675557,14159,310284,7875900
901,737,686,3674820,14210,310970,7790400
902,692,701,3674128,14201,311671,7877900
903,685,726,3673443,14160,312397,7831600
904,711,708,3672732,14163,313105,7851100
905,715,718,3672017,14160,313823,8041000
906,657,683,3671360,14134,314506,8096000
907,678,720,3670682,14092,315226,7758900
908,704,697,3669978,14099,315923,7828700
909,731,720,3669247,14110,316643,7849100
910,699,708,3668548,14101,317351,7770900
911,685,712,3667863,14074,318063,7815800
912,735,754,3667128,14055,318817,7940300
913,733,659,3666395,14129,319476,8317500
914,680,712,3665715,14097,320188,7890400
915,712,687,3665003,14122,320875,7875600
916,727,689,3664276,14160,321564,7916300
917,718,662,3663558,14216,322226,8018300
918,729,710,3662829,14235,322936,7925200
919,769,687,3662060,14317,323623,7817200
920,733,689,3661327,14361,324312,7814800
921,720,771,3660607,14310,325083,8056300
922,771,715,3659836,14366,325798,8028400
923,758,709,3659078,14415,326507,8169300
924,742,709,3658336,14448,327216,7889600
925,755,744,3657581,14459,327960,8124600
926,687,753,3656894,14393,328713,8321500
927,698,701,3656196,14390,329414,7823400
928,764,741,3655432,14413,330155,7935400
929,767,722,3654665,14458,330877,8327400
930,771,746,3653894,14483,331623,8296700
931,698,699,3653196,14482,332322,8220700
932,794,729,3652402,14547,333051,8077200
933,737,710,3651665,14574,333761,7841200
934,740,758,3650925,14556,334519,8834000
935,729,776,3650196,14509,335295,8359200
936,730,742,3649466,14497,336037,8191900
937,737,757,3648729,14477,336794,8245800
938,703,740,3648026,14440,337534,8002200
939,728,714,3647298,14454,338248,7925700
940,709,706,3646589,14457,338954,7848000
941,745,734,3645844,14468,339688,7946500
942,712,736,3645132,14444,340424,7889500
943,707,738,3644425,14413,341162,8195500
944,764,686,3643661,14491,341848,8124300
945,755,727,3642906,14519,342575,8034300
946,748,684,3642158,14583,343259,8012700
947,754,722,3641404,14615,343981,7977300
948,729,753,3640675,14591,344734,8247800
949,716,696,3639959,14611,345430,8186300
950,779,737,3639180,14653,346167,7932300
951,782,722,3638398,14713,346889,8000900
952,734,695,3637664,14752,347584,7886200
953,740,752,3636924,14740,348336,7977500
954,765,742,3636159,14763,349078,7810000
955,726,769,3635433,14720,349847,7863800
956,729,746,3634704,14703,350593,7933100
957,714,784,3633990,14633,351377,8065900
958,762,765,3633228,14630,352142,8079900
959,738,758,3632490,14610,352900,8081900
960,791,726,3631699,14675,353626,7890800
961,718,798,3630981,14595,354424,8052900
962,783,719,3630198,14659,355143,8253900
963,710,724,3629488,14645,355867,8250900
964,723,743,3628765,14625,356610,8156000
965,684,760,3628081,14549,357370,8782200
966,751,701,3627330,14599,358071,8345400
967,679,710,3626651,14568,358781,8083200
968,718,742,3625933,14544,359523,8088600
969,705,726,3625228,14523,360249,8027800
970,747,707,3624481,14563,360956,7994000
971,731,707,3623750,14587,361663,7938100
972,739,751,3623011,14575,362414,7904500
973,695,735,3622316,14535,363149,7898300
974,733,705,3621583,14563,363854,7986100
975,751,731,3620832,14583,364585,7834000
976,806,714,3620026,14675,365299,8028900
977,761,773,3619265,14663,366072,8058000
978,744,747,3618521,14660,366819,7898100
979,758,728,3617763,14690,367547,7952800
980,701,747,3617062,14644,368294,7839100
981,723,752,3616339,14615,369046,8987800
982,714,724,3615625,14605,369770,8453000
983,703,723,3614922,14585,370493,8350600
984,750,767,3614172,14568,371260,8038600
985,744,816,3613428,14496,372076,8128700
986,700,740,3612728,14456,372816,8152700
987,749,706,3611979,14499,373522,8118200
988,731,741,3611248,14489,374263,8030800
989,735,737,3610513,14487,375000,8795000
990,729,763,3609784,14453,375763,8055200
991,722,730,3609062,14445,376493,8199700
992,753,704,3608309,14494,377197,8470000
993,817,703,3607492,14608,377900,8420500
994,760,716,3606732,14652,378616,8098700
995,738,711,3605994,14679,379327,8033900
996,741,682,3605253,14738,380009,8028900
997,771,783,3604482,14726,380792,8078000
998,752,753,3603730,14725,381545,7935400
999,756,773,3602974,14708,382318,7953400
1000,777,742,3602197,14743,383060,8112100
1001,747,726,3601450,14764,383786,7874100
1002,743,748,3600707,14759,384534,7864700
1003,742,745,3599965,14756,385279,7997100
1004,765,734,3599200,14787,386013,7985200
1005,768,723,3598432,14832,386736,8052000
1006,733,675,3597699,14890,387411,8075200
1007,750,687,3596949,14953,388098,8122400
1008,765,737,3596184,14981,388835,8090200
1009,775,731,3595409,15025,389566,7925400
1010,730,755,3594679,15000,390321,8065800
1011,789,738,3593890,15051,391059,8082700
1012,732,726,3593158,15057,391785,8377900
1013,795,766,3592363,15086,392551,8025200
1014,755,733,3591608,15108,393284,7891900
1015,794,771,3590814,15131,394055,8046900
1016,782,769,3590032,15144,394824,8011700
1017,728,793,3589304,15079,395617,7809800
1018,746,707,3588558,15118,396324,7986800
1019,813,719,3587745,15212,397043,8328300
1020,743,768,3587002,15187,397811,8223000
1021,810,796,3586192,15201,398607,8126800
1022,783,777,3585409,15207,399384,7906700
1023,755,758,3584654,15204,400142,7880500
1024,781,787,3583873,15198,400929,7874500
1025,748,809,3583125,15137,401738,8000200
1026,780,719,3582345,15198,402457,8174800
1027,792,775,3581553,15215,403232,8093400
1028,742,752,3580811,15205,403984,7995900
1029,780,791,3580031,15194,404775,8488900
1030,784,805,3579247,15173,405580,8603800
1031,737,806,3578510,15104,406386,9970200
1032,751,731,3577759,15124,407117,9405900
1033,780,733,3576979,15171,407850,9016600
1034,782,704,3576197,15249,408554,9688500
1035,795,778,3575402,15266,409332,9038900
1036,804,772,3574598,15298,410104,8592000
1037,786,744,3573812,15340,410848,8384700
1038,744,728,3573068,15356,411576,8428800
1039,733,826,3572335,15263,412402,8783300
1040,805,751,3571530,15317,413153,8562600
1041,786,758,3570744,15345,413911,8382800
1042,790,767,3569954,15368,414678,8031000
1043,716,724,3569238,15360,415402,8300300
1044,776,778,3568462,15358,416180,8306900
1045,783,734,3567679,15407,416914,8009200
1046,807,736,3566872,15478,417650,8185300
1047,780,774,3566092,15484,418424,8130200
1048,720,798,3565372,15406,419222,8445400
1049,790,772,3564582,15424,419994,7917700
1050,763,779,3563819,15408,420773,7942800
1051,768,763,3563051,15413,421536,7984900
1052,750,750,3562301,15413,422286,8068000
1053,735,798,3561566,15350,423084,8112100
1054,772,759,3560794,15363,423843,8069700
1055,727,772,3560067,15318,424615,7938000
1056,770,775,3559297,15313,425390,8228200
1057,742,794,3558555,15261,426184,7953300
1058,753,782,3557802,15232,426966,7789000
1059,724,716,3557078,15240,427682,7896200
1060,781,727,3556297,15294,428409,7892000
1061,769,755,3555528,15308,429164,7767500
1062,802,741,3554726,15369,429905,7961400
1063,800,769,3553926,15400,430674,8164100
1064,775,793,3553151,15382,431467,8514800
1065,791,738,3552360,15435,432205,8354200
1066,744,770,3551616,15409,432975,8559500
1067,780,745,3550836,15444,433720,8428800
1068,744,785,3550092,15403,434505,8372100
1069,761,742,3549331,15422,435247,8254700
1070,748,769,3548583,15401,436016,8069400
1071,777,789,3547806,15389,436805,8076400
1072,723,717,3547083,15395,437522,7916700
1073,774,721,3546309,15448,438243,7829100
1074,754,745,3545555,15457,438988,7971300
1075,797,766,3544758,15488,439754,8197500
1076,838,807,3543920,15519,440561,8309800
1077,745,714,3543175,15550,441275,8430100
1078,800,745,3542375,15605,442020,8860900
1079,788,775,3541587,15618,442795,8798600
1080,768,787,3540819,15599,443582,8293900
1081,791,747,3540028,15643,444329,8412400
1082,810,806,3539218,15647,445135,7999400
1083,807,761,3538411,15693,445896,8000100
1084,818,765,3537593,15746,446661,7932100
1085,834,794,3536759,15786,447455,7982200
1086,795,796,3535964,15785,448251,8545800
1087,804,827,3535160,15762,449078,8138300
1088,804,772,3534356,15794,449850,8249100
1089,794,765,3533562,15823,450615,8235500
1090,771,810,3532791,15784,451425,7939300
1091,820,806,3531971,15798,452231,7860400
1092,815,795,3531156,15818,453026,7757200
1093,786,792,3530370,15812,453818,8028500
1094,814,839,3529556,15787,454657,8128600
1095,829,797,3528727,15819,455454,8241300
1096,814,820,3527913,15813,456274,8395900
1097,827,773,3527086,15867,457047,8081800
1098,819,809,3526267,15877,457856,8020900
1099,828,820,3525439,15885,458676,8079900
1100,822,768,3524617,15939,459444,8346600
1101,848,763,3523769,16024,460207,8133600
1102,848,784,3522921,16088,460991,8171100
1103,797,845,3522124,16040,461836,8503400
1104,892,791,3521232,16141,462627,7927900
1105,876,877,3520356,16140,463504,8014200
1106,787,727,3519569,16200,464231,8343400
1107,805,771,3518764,16234,465002,8506000
1108,763,825,3518001,16172,465827,8166700
1109,796,851,3517205,16117,466678,8227300
1110,803,839,3516402,16081,467517,7940800
1111,825,798,3515577,16108,468315,7806000
1112,830,792,3514747,16146,469107,8013200
1113,817,841,3513930,16122,469948,8177000
1114,854,870,3513076,16106,470818,8466600
1115,823,793,3512253,16136,471611,7915800
1116,822,825,3511431,16133,472436,7923600
1117,800,838,3510631,16095,473274,7932600
1118,822,831,3509809,16086,474105,8321200
1119,833,795,3508976,16124,474900,8106600
1120,830,849,3508146,16105,475749,8164300
1121,806,817,3507340,16094,476566,8348100
1122,858,779,3506482,16173,477345,8152300
1123,842,809,3505640,16206,478154,8150400
1124,822,788,3504818,16240,478942,8839300
1125,805,802,3504013,16243,479744,8357600
1126,852,796,3503161,16299,480540,8057000
1127,792,804,3502369,16287,481344,7971400
1128,837,815,3501532,16309,482159,8124900
1129,835,846,3500697,16298,483005,8286600
1130,834,836,3499863,16296,483841,8325500
1131,816,831,3499047,16281,484672,8203500
1132,814,809,3498233,16286,485481,8142600
1133,805,813,3497428,16278,486294,8150400
1134,833,790,3496595,16321,487084,8228400
1135,795,832,3495800,16284,487916,8297200
1136,815,854,3494985,16245,488770,8731100
1137,784,789,3494201,16240,489559,8455000
1138,847,801,3493354,16286,490360,8577800
1139,853,835,3492501,16304,491195,9072200
1140,835,866,3491666,16273,492061,8980200
1141,795,808,3490871,16260,492869,9581200
1142,815,847,3490056,16228,493716,8816000
1143,803,780,3489253,16251,494496,9166600
1144,798,812,3488455,16237,495308,9018800
1145,850,876,3487605,16211,496184,9128400
1146,855,784,3486750,16282,496968,8948300
1147,791,803,3485959,16270,497771,8835400
1148,894,807,3485065,16357,498578,8570800
1149,880,822,3484185,16415,499400,8531800
1150,830,803,3483355,16442,500203,8418700
1151,823,835,3482532,16430,501038,8406700
1152,834,869,3481698,16395,501907,8398300
1153,847,844,3480851,16398,502751,9157800
1154,885,841,3479966,16442,503592,8310100
1155,803,838,3479163,16407,504430,8059700
1156,852,842,3478311,16417,505272,8227000
1157,805,808,3477506,16414,506080,8100900
1158,882,849,3476624,16447,506929,8142700
1159,887,842,3475737,16492,507771,8159900
1160,823,877,3474914,16438,508648,8378400
1161,827,823,3474087,16442,509471,8766900
1162,809,820,3473278,16431,510291,8143300
1163,805,835,3472473,16401,511126,8287000
1164,784,772,3471689,16413,511898,8285500
1165,793,819,3470896,16387,512717,8280800
1166,799,823,3470097,16363,513540,8264800
1167,829,797,3469268,16395,514337,8921800
1168,850,784,3468418,16461,515121,8458200
1169,810,849,3467608,16422,515970,8286200
1170,774,845,3466834,16351,516815,8343200
1171,836,807,3465998,16380,517622,8584200
1172,809,831,3465189,16358,518453,8617700
1173,792,816,3464397,16334,519269,8485500
1174,848,802,3463549,16380,520071,8368000
1175,855,827,3462694,16408,520898,8734400
1176,863,837,3461831,16434,521735,9151300
1177,805,844,3461026,16395,522579,9313800
1178,887,765,3460139,16517,523344,8672100
1179,825,829,3459314,16513,524173,8503000
1180,808,781,3458506,16540,524954,8598600
1181,844,795,3457662,16589,525749,8375200
1182,870,850,3456792,16609,526599,8957100
1183,862,827,3455930,16644,527426,9847300
1184,838,831,3455092,16651,528257,8642500
1185,806,821,3454286,16636,529078,9364100
1186,818,858,3453468,16596,529936,8823000
1187,831,823,3452637,16604,530759,8811000
1188,850,838,3451787,16616,531597,9112200
1189,839,821,3450948,16634,532418,9382000
1190,864,853,3450084,16645,533271,9237600
1191,834,849,3449250,16630,534120,8781600
1192,820,830,3448430,16620,534950,8511200
1193,842,834,3447588,16628,535784,8320700
1194,830,840,3446758,16618,536624,8215400
1195,856,847,3445902,16627,537471,8596100
1196,852,799,3445050,16680,538270,8257800
1197,779,819,3444271,16640,539089,7993400
1198,874,771,3443397,16743,539860,8141000
1199,876,867,3442521,16752,540727,8221100
1200,846,845,3441675,16753,541572,8047700
1201,838,785,3440837,16806,542357,7882000
1202,827,821,3440010,16812,543178,7898200
1203,852,823,3439158,16841,544001,7914200
1204,844,819,3438314,16866,544820,7796800
1205,854,843,3437460,16877,545663,7968400
1206,814,943,3436646,16748,546606,8199200
1207,886,818,3435760,16816,547424,8164700
1208,894,864,3434866,16846,548288,7892000
1209,849,814,3434017,16881,549102,8323800
1210,814,850,3433203,16845,549952,8037100
1211,904,818,3432299,16931,550770,7857200
1212,880,854,3431419,16957,551624,7867900
1213,846,805,3430573,16998,552429,8160700
1214,861,789,3429712,17070,553218,7914300
1215,807,860,3428905,17017,554078,7882400
1216,845,856,3428060,17006,554934,7936300
1217,869,835,3427191,17040,555769,7942000
1218,883,855,3426308,17068,556624,8048600
1219,866,858,3425442,17076,557482,8298900
1220,864,874,3424578,17066,558356,8501800
1221,842,839,3423736,17069,559195,8269500
1222,857,912,3422879,17014,560107,8178300
1223,918,858,3421961,17074,560965,8029200
1224,910,872,3421051,17112,561837,7980800
1225,926,835,3420125,17203,562672,8265500
1226,923,857,3419202,17269,563529,8227500
1227,841,913,3418361,17197,564442,8275500
1228,894,874,3417467,17217,565316,8746300
1229,837,853,3416630,17201,566169,8072300
1230,898,834,3415732,17265,567003,8334900
1231,902,878,3414830,17289,567881,8115400
1232,897,857,3413933,17329,568738,8167100
1233,867,879,3413066,17317,569617,8932100
1234,853,906,3412213,17264,570523,8434600
1235,872,819,3411341,17317,571342,8421900
1236,813,870,3410528,17260,572212,8294200
1237,904,821,3409624,17343,573033,8172500
1238,832,851,3408792,17324,573884,8250000
1239,893,832,3407899,17385,574716,8154700
1240,859,852,3407040,17392,575568,8378200
1241,871,916,3406169,17347,576484,8163400
1242,853,812,3405316,17388,577296,8361900
1243,883,867,3404433,17404,578163,8049900
1244,876,859,3403557,17421,579022,8026500
1245,864,868,3402693,17417,579890,8510800
1246,869,851,3401824,17435,580741,8180700
1247,876,885,3400948,17426,581626,8120300
1248,910,927,3400038,17409,582553,8015000
1249,867,878,3399171,17398,583431,8015100
1250,878,893,3398293,17383,584324,8244800
1251,879,855,3397414,17407,585179,8088900
1252,874,881,3396540,17400,586060,8111800
1253,850,924,3395690,17326,586984,8021800
1254,890,899,3394800,17317,587883,7933900
1255,797,861,3394003,17253,588744,8061000
1256,856,869,3393147,17240,589613,8191200
1257,874,867,3392273,17247,590480,8013200
1258,872,890,3391401,17229,591370,8235600
1259,872,829,3390529,17272,592199,8687900
1260,861,836,3389668,17297,593035,8078800
1261,864,859,3388804,17302,593894,7972000
1262,901,851,3387903,17352,594745,7961600
1263,895,861,3387008,17386,595606,8274300
1264,910,871,3386098,17425,596477,8194000
1265,847,891,3385251,17381,597368,8265000
1266,822,849,3384429,17354,598217,8107600
1267,903,907,3383526,17350,599124,8243300
1268,807,853,3382719,17304,599977,8222700
1269,856,839,3381863,17321,600816,8104000
1270,850,873,3381013,17298,601689,8108500
1271,872,894,3380141,17276,602583,7994900
1272,838,880,3379303,17234,603463,8126000
1273,834,796,3378469,17272,604259,8339000
1274,881,863,3377588,17290,605122,8765400
1275,825,799,3376763,17316,605921,8510600
1276,909,853,3375854,17372,606774,8161800
1277,848,844,3375006,17376,607618,8250200
1278,894,916,3374112,17354,608534,8516200
1279,894,862,3373218,17386,609396,8251400
1280,819,863,3372399,17342,610259,8165200
1281,876,865,3371523,17353,611124,8486300
1282,912,779,3370611,17486,611903,8301000
1283,937,866,3369674,17557,612769,8714600
1284,948,952,3368726,17553,613721,8216700
1285,896,838,3367830,17611,614559,8194500
1286,943,904,3366887,17650,615463,8102600
1287,913,895,3365974,17668,616358,8285400
1288,963,923,3365011,17708,617281,8500900
1289,889,944,3364122,17653,618225,8409100
1290,910,826,3363212,17737,619051,8492100
1291,899,843,3362313,17793,619894,8376200
1292,936,871,3361377,17858,620765,8409000
1293,918,880,3360459,17896,621645,7881000
1294,914,907,3359545,17903,622552,8021300
1295,896,884,3358649,17915,623436,7958000
1296,905,894,3357744,17926,624330,7982000
1297,889,892,3356855,17923,625222,7901300
1298,924,847,3355931,18000,626069,8303300
1299,955,876,3354976,18079,626945,7994700
1300,893,924,3354083,18048,627869,8255200
1301,915,978,3353168,17985,628847,8962100
1302,906,922,3352262,17969,629769,8376600
1303,924,898,3351338,17995,630667,8606500
1304,952,971,3350386,17976,631638,8464900
1305,909,910,3349477,17975,632548,8310800
1306,926,920,3348551,17981,633468,8050000
1307,871,870,3347680,17982,634338,8009700
1308,937,869,3346743,18050,635207,8115100
1309,913,879,3345830,18084,636086,8049900
1310,883,901,3344947,18066,636987,7947000
1311,932,916,3344015,18082,637903,7964000
1312,882,906,3343133,18058,638809,8009300
1313,911,940,3342222,18029,639749,8043200
1314,901,891,3341321,18039,640640,8101200
1315,891,895,3340430,18035,641535,8127200
1316,863,934,3339567,17964,642469,7923700
1317,909,896,3338658,17977,643365,7842300
1318,920,861,3337738,18036,644226,7954300
1319,834,903,3336904,17967,645129,8004000
1320,879,861,3336025,17985,645990,8095600
1321,852,930,3335173,17907,646920,8085200
1322,859,867,3334314,17899,647787,7891100
1323,862,869,3333452,17892,648656,8081800
1324,902,857,3332550,17937,649513,7899700
1325,910,892,3331640,17955,650405,8218300
1326,916,901,3330724,17970,651306,7862600
1327,929,913,3329795,17986,652219,7771000
1328,897,908,3328898,17975,653127,7881100
1329,907,905,3327991,17977,654032,8061200
1330,908,871,3327083,18014,654903,7827800
1331,914,876,3326169,18052,655779,7936400
1332,890,891,3325279,18051,656670,7813200
1333,888,953,3324391,17986,657623,8040000
1334,907,855,3323484,18038,658478,7944200
1335,897,950,3322587,17985,659428,8182400
1336,889,918,3321698,17956,660346,8690100
1337,918,875,3320780,17999,661221,8273700
1338,933,907,3319847,18025,662128,7906900
1339,900,925,3318947,18000,663053,7883000
1340,879,908,3318068,17971,663961,7961400
1341,946,923,3317122,17994,664884,7902700
1342,903,906,3316219,17991,665790,8394600
1343,929,894,3315290,18026,666684,8118500
1344,966,934,3314324,18058,667618,8097300
1345,919,887,3313405,18090,668505,8144500
1346,904,927,3312501,18067,669432,8112800
1347,918,930,3311583,18055,670362,8410000
1348,953,873,3310630,18135,671235,8095700
1349,893,933,3309737,18095,672168,7944000
1350,907,888,3308830,18114,673056,7919200
1351,920,944,3307910,18090,674000,7992400
1352,914,954,3306996,18050,674954,8096300
1353,920,910,3306076,18060,675864,8014300
1354,976,895,3305100,18141,676759,7865300
1355,917,891,3304183,18167,677650,7823400
1356,899,896,3303284,18170,678546,7763700
1357,875,921,3302409,18124,679467,8002100
1358,908,887,3301501,18145,680354,8160300
1359,956,906,3300545,18195,681260,7951400
1360,971,886,3299574,18280,682146,8075400
1361,884,881,3298690,18283,683027,8094100
1362,987,899,3297703,18371,683926,7850800
1363,906,950,3296797,18327,684876,7932000
1364,944,951,3295853,18320,685827,7832300
1365,960,915,3294893,18365,686742,7889500
1366,938,901,3293955,18402,687643,7899000
1367,929,933,3293026,18398,688576,7858900
1368,953,942,3292073,18409,689518,8209400
1369,939,973,3291134,18375,690491,7974800
1370,906,928,3290228,18353,691419,8009500
1371,971,861,3289257,18463,692280,7922000
1372,928,923,3288329,18468,693203,7880100
1373,970,952,3287359,18486,694155,7912700
1374,956,907,3286403,18535,695062,7974700
1375,920,919,3285483,18536,695981,8256700
1376,956,952,3284527,18540,696933,8143000
1377,1020,900,3283507,18660,697833,7970600
1378,947,933,3282560,18674,698766,7918200
1379,942,974,3281618,18642,699740,7892100
1380,964,966,3280654,18640,700706,8082300
1381,942,973,3279712,18609,701679,8095900
1382,928,988,3278784,18549,702667,7857300
1383,942,923,3277842,18568,703590,7977500
1384,892,944,3276950,18516,704534,8035300
1385,946,941,3276004,18521,705475,8133300
1386,957,886,3275047,18592,706361,7862200
1387,964,906,3274083,18650,707267,7892700
1388,1006,973,3273077,18683,708240,7877700
1389,940,905,3272137,18718,709145,7811700
1390,959,946,3271178,18731,710091,7838300
1391,973,963,3270205,18741,711054,7971000
1392,969,932,3269236,18778,711986,8405400
1393,900,924,3268336,18754,712910,8031300
1394,968,922,3267368,18800,713832,7964200
1395,972,965,3266396,18807,714797,8063900
1396,978,1001,3265418,18784,715798,7878800
1397,948,888,3264470,18844,716686,7951400
1398,920,940,3263550,18824,717626,7860500
1399,940,978,3262610,18786,718604,8115700
1400,948,927,3261662,18807,719531,8121300
1401,995,942,3260667,18860,720473,8186500
1402,1027,962,3259640,18925,721435,8221400
1403,931,938,3258709,18918,722373,8133600
1404,927,927,3257782,18918,723300,7921200
1405,959,983,3256823,18894,724283,7817100
1406,906,926,3255917,18874,725209,7983400
1407,970,921,3254947,18923,726130,7973200
1408,974,927,3253973,18970,727057,8185000
1409,972,961,3253001,18981,728018,8094800
1410,932,974,3252069,18939,728992,7896400
1411,952,918,3251117,18973,729910,8062500
1412,959,976,3250158,18956,730886,8219200
1413,937,928,3249221,18965,731814,8346600
1414,950,929,3248271,18986,732743,8391700
1415,929,940,3247342,18975,733683,8385300
1416,950,979,3246392,18946,734662,8498300
1417,970,1006,3245422,18910,735668,8301600
1418,943,968,3244479,18885,736636,8357500
1419,922,976,3243557,18831,737612,8202100
1420,990,922,3242567,18899,738534,8813100
1421,933,958,3241634,18874,739492,8726900
1422,916,915,3240718,18875,740407,8598900
1423,942,900,3239776,18917,741307,8907100
1424,908,967,3238868,18858,742274,8776100
1425,958,880,3237910,18936,743154,8936200
1426,960,933,3236950,18963,744087,8804800
1427,997,948,3235953,19012,745035,8229300
1428,932,921,3235021,19023,745956,8451500
1429,1043,977,3233978,19089,746933,8132100
1430,939,954,3233039,19074,747887,8364100
1431,949,1003,3232090,19020,748890,8281300
1432,971,944,3231119,19047,749834,8201600
1433,944,954,3230175,19037,750788,8180700
1434,954,955,3229221,19036,751743,8316600
1435,987,926,3228234,19097,752669,8380300
1436,956,1008,3227278,19045,753677,8183300
1437,950,1008,3226328,18987,754685,8379200
1438,982,961,3225346,19008,755646,8592100
1439,956,966,3224390,18998,756612,8308600
1440,998,885,3223392,19111,757497,8133000
1441,950,904,3222442,19157,758401,8052500
1442,1024,925,3221418,19256,759326,8040400
1443,930,922,3220488,19264,760248,8076600
1444,996,977,3219492,19283,761225,8019500
1445,987,903,3218505,19367,762128,8672500
1446,981,969,3217524,19379,763097,8411700
1447,988,955,3216536,19412,764052,8300500
1448,982,938,3215554,19456,764990,8192700
1449,951,995,3214603,19412,765985,7989400
1450,946,896,3213657,19462,766881,7864900
1451,1010,943,3212647,19529,767824,7819600
1452,1014,958,3211633,19585,768782,7893700
1453,1012,984,3210621,19613,769766,7885600
1454,1032,992,3209589,19653,770758,8338400
1455,1005,965,3208584,19693,771723,8327900
1456,946,983,3207638,19656,772706,8247900
1457,960,999,3206678,19617,773705,8482700
1458,1007,1061,3205671,19563,774766,8013200
1459,977,963,3204694,19577,775729,8135400
1460,983,964,3203711,19596,776693,8134700
1461,1008,967,3202703,19637,777660,8268900
1462,977,949,3201726,19665,778609,8148000
1463,976,936,3200750,19705,779545,7985800
1464,956,948,3199794,19713,780493,7886300
1465,1004,947,3198790,19770,781440,8036000
1466,1029,998,3197761,19801,782438,7862600
1467,950,991,3196811,19760,783429,7923600
1468,961,977,3195850,19744,784406,7824500
1469,948,1043,3194902,19649,785449,7850700
1470,967,1033,3193935,19583,786482,8047100
1471,973,959,3192962,19597,787441,8070300
1472,946,999,3192016,19544,788440,8076500
1473,982,988,3191034,19538,789428,7821400
1474,995,932,3190039,19601,790360,7907100
1475,1085,961,3188954,19725,791321,7950300
1476,1035,1030,3187919,19730,792351,8448200
1477,988,953,3186931,19765,793304,8041200
1478,1019,996,3185912,19788,794300,8353900
1479,978,1002,3184934,19764,795302,7993700
1480,1029,956,3183905,19837,796258,7962700
1481,980,977,3182925,19840,797235,7833700
1482,1049,952,3181876,19937,798187,7985400
1483,957,968,3180919,19926,799155,7942700
1484,1002,1015,3179917,19913,800170,8161700
1485,970,1013,3178947,19870,801183,8271700
1486,1003,1017,3177944,19856,802200,8076700
1487,991,996,3176953,19851,803196,8444800
1488,1027,971,3175926,19907,804167,8602600
1489,983,1033,3174943,19857,805200,8297300
1490,991,951,3173952,19897,806151,7925100
1491,989,1008,3172963,19878,807159,7938600
1492,1029,1009,3171934,19898,808168,7894200
1493,1028,1002,3170906,19924,809170,8152500
1494,1029,1012,3169877,19941,810182,8293800
1495,1042,978,3168835,20005,811160,7946200
1496,1024,994,3167811,20035,812154,7946200
1497,1050,1003,3166761,20082,813157,7919900
1498,1002,951,3165759,20133,814108,8684600
1499,1093,1001,3164666,20225,815109,8300100
1500,1003,1042,3163663,20186,816151,7796000
1501,1085,954,3162578,20317,817105,7940800
1502,1048,1053,3161530,20312,818158,7998300
1503,1017,1030,3160513,20299,819188,8058500
1504,1040,981,3159473,20358,820169,8228000
1505,1029,1013,3158444,20374,821182,8124900
1506,1041,1067,3157403,20348,822249,7934700
1507,992,1047,3156411,20293,823296,8119800
1508,980,1020,3155431,20253,824316,8507100
1509,975,990,3154456,20238,825306,8156900
1510,1057,1044,3153399,20251,826350,8015000
1511,1027,1015,3152372,20263,827365,7898800
1512,1106,999,3151266,20370,828364,7777500
1513,1053,1008,3150213,20415,829372,8262300
1514,1039,1014,3149174,20440,830386,8112900
1515,1047,1027,3148127,20460,831413,8046400
1516,1025,1021,3147102,20464,832434,8263800
1517,1055,976,3146047,20543,833410,8663700
1518,1053,1006,3144994,20590,834416,8130300
1519,1041,990,3143953,20641,835406,7991300
1520,1104,1025,3142849,20720,836431,8073600
1521,978,984,3141871,20714,837415,8256300
1522,944,1019,3140927,20639,838434,7824300
1523,1031,989,3139896,20681,839423,7918300
1524,1024,1021,3138872,20684,840444,7943200
1525,1063,947,3137809,20800,841391,8100100
1526,1052,1033,3136757,20819,842424,8272500
1527,1008,1002,3135749,20825,843426,8522300
1528,1038,1047,3134711,20816,844473,8230300
1529,1010,1035,3133701,20791,845508,7932600
1530,1023,1107,3132678,20707,846615,7824800
1531,1062,1084,3131616,20685,847699,8016000
1532,1076,998,3130540,20763,848697,7957000
1533,1032,1049,3129508,20746,849746,7990000
1534,1011,1058,3128497,20699,850804,8232100
1535,1037,1060,3127460,20676,851864,8038700
1536,923,1096,3126537,20503,852960,8220400
1537,1050,1053,3125487,20500,854013,8400400
1538,1072,1020,3124415,20552,855033,8172200
1539,1074,981,3123341,20645,856014,8685300
1540,1041,1056,3122300,20630,857070,8360400
1541,1054,997,3121246,20687,858067,9074400
1542,1018,1074,3120228,20631,859141,8965600
1543,1042,1087,3119186,20586,860228,8547000
1544,1033,1037,3118153,20582,861265,8507600
1545,973,1031,3117180,20524,862296,8135400
1546,1071,1068,3116109,20527,863364,8139800
1547,1106,1054,3115003,20579,864418,8815800
1548,1042,998,3113961,20623,865416,8351600
1549,1051,1007,3112910,20667,866423,8129700
1550,1008,1015,3111902,20660,867438,8062000
1551,1038,1028,3110864,20670,868466,8006000
1552,1052,1020,3109812,20702,869486,7922800
1553,1038,1059,3108774,20681,870545,7850800
1554,1057,1082,3107717,20656,871627,8032700
1555,1004,997,3106713,20663,872624,7849000
1556,1111,1028,3105602,20746,873652,7959100
1557,1038,1019,3104564,20765,874671,8127200
1558,994,1038,3103570,20721,875709,8297900
1559,997,1027,3102573,20691,876736,8054100
1560,1024,1011,3101549,20704,877747,8252800
1561,1054,1017,3100495,20741,878764,7985400
1562,1009,1061,3099486,20689,879825,8253300
1563,1000,980,3098486,20709,880805,8104500
1564,1048,1072,3097438,20685,881877,8100000
1565,1056,1032,3096382,20709,882909,8213300
1566,1104,1107,3095278,20706,884016,8190600
1567,1054,1034,3094224,20726,885050,8207000
1568,1039,1074,3093185,20691,886124,8053000
1569,1027,964,3092158,20754,887088,8227300
1570,1050,1033,3091108,20771,888121,8270200
1571,1052,1108,3090056,20715,889229,8100200
1572,1036,1018,3089020,20733,890247,8273800
1573,998,1050,3088022,20681,891297,8337200
1574,1008,1027,3087014,20662,892324,8527100
1575,1101,1026,3085913,20737,893350,8396000
1576,1027,1077,3084886,20687,894427,8422600
1577,1007,1061,3083879,20633,895488,8425500
1578,998,968,3082881,20663,896456,8589000
1579,1016,1052,3081865,20627,897508,8278100
1580,1048,1012,3080817,20663,898520,8272800
1581,1030,1063,3079787,20630,899583,8593200
1582,1060,1074,3078727,20616,900657,8401000
1583,1068,1072,3077659,20612,901729,8559700
1584,1059,990,3076600,20681,902719,8857100
1585,985,1033,3075615,20633,903752,10524000
1586,1025,990,3074590,20668,904742,8498500
1587,1072,1061,3073518,20679,905803,8324300
1588,1068,1001,3072450,20746,906804,8495100
1589,1064,1035,3071386,20775,907839,8245000
1590,1036,1048,3070350,20763,908887,8046000
1591,1063,1032,3069287,20794,909919,8119100
1592,1144,1087,3068143,20851,911006,8056400
1593,1027,1028,3067116,20850,912034,8375800
1594,1031,1071,3066085,20810,913105,8096900
1595,1070,1019,3065015,20861,914124,8817900
1596,1055,1059,3063960,20857,915183,8549600
1597,1016,971,3062944,20902,916154,8569700
1598,1048,1107,3061896,20843,917261,8226700
1599,994,1113,3060902,20724,918374,8695300
1600,1098,1080,3059804,20742,919454,8278500
1601,984,1058,3058820,20668,920512,8025200
1602,1074,1011,3057746,20731,921523,8077400
1603,1064,1026,3056682,20769,922549,8007400
1604,1068,1033,3055614,20804,923582,8138700
1605,1071,1029,3054543,20846,924611,7952000
1606,1130,985,3053413,20991,925596,8099400
1607,1087,1103,3052326,20975,926699,8042200
1608,1079,1034,3051247,21020,927733,8037600
1609,1121,1062,3050126,21079,928795,8131800
1610,1018,1023,3049108,21074,929818,7996600
1611,1073,1039,3048035,21108,930857,7897500
1612,1080,1030,3046955,21158,931887,8122100
1613,1047,1083,3045908,21122,932970,8023900
1614,1056,1055,3044852,21123,934025,8010300
1615,1062,1057,3043790,21128,935082,8021100
1616,1024,1065,3042766,21087,936147,8129700
1617,1031,1064,3041735,21054,937211,8051000
1618,1092,1026,3040643,21120,938237,8127700
1619,1097,1107,3039546,21110,939344,8040300
1620,1130,1063,3038416,21177,940407,8099400
1621,1133,1039,3037283,21271,941446,7918700
1622,1079,1061,3036204,21289,942507,7923600
1623,1104,1084,3035100,21309,943591,7916900
1624,1083,1065,3034017,21327,944656,8067200
1625,1114,1035,3032903,21406,945691,8090100
1626,1071,1032,3031832,21445,946723,8061400
1627,1075,1077,3030757,21443,947800,8091600
1628,1094,1098,3029663,21439,948898,8224300
1629,1098,1042,3028565,21495,949940,8182100
1630,1091,1148,3027474,21438,951088,8118300
1631,1103,1057,3026371,21484,952145,8133800
1632,1133,1069,3025238,21548,953214,7941500
1633,1019,1097,3024219,21470,954311,7861200
1634,1112,1097,3023107,21485,955408,8008200
1635,1093,1050,3022014,21528,956458,7787100
1636,1050,1005,3020964,21573,957463,7995900
1637,1089,1075,3019875,21587,958538,8123800
1638,1072,1111,3018803,21548,959649,7985800
1639,1110,1074,3017693,21584,960723,7911700
1640,1130,1080,3016563,21634,961803,7883000
1641,1132,1089,3015431,21677,962892,7893000
1642,1081,1043,3014350,21715,963935,7899000
1643,1076,1054,3013274,21737,964989,7969100
1644,1122,1090,3012152,21769,966079,7928800
1645,1098,1090,3011054,21777,967169,8055700
1646,1136,1072,3009918,21841,968241,7889700
1647,1113,1101,3008805,21853,969342,7958500
1648,1046,1070,3007759,21829,970412,7894000
1649,1111,1100,3006648,21840,971512,7926300
1650,1090,1084,3005558,21846,972596,8210800
1651,1084,1046,3004474,21884,973642,8063200
1652,1074,1128,3003400,21830,974770,8066800
1653,1070,1083,3002330,21817,975853,8046600
1654,1093,1039,3001237,21871,976892,7910400
1655,1158,1082,3000079,21947,977974,8138300
1656,1081,1119,2998998,21909,979093,8358800
1657,1113,1093,2997885,21929,980186,8378100
1658,1125,1037,2996760,22017,981223,8252900
1659,1070,1113,2995690,21974,982336,8538000
1660,1012,1144,2994678,21842,983480,8324000
1661,1072,1107,2993606,21807,984587,8623000
1662,1118,1139,2992488,21786,985726,8625000
1663,1012,1057,2991476,21741,986783,8560200
1664,1098,1109,2990378,21730,987892,8501300
1665,1116,1107,2989262,21739,988999,8439800
1666,1075,1073,2988187,21741,990072,8288400
1667,1126,1036,2987061,21831,991108,8102800
1668,1128,1075,2985933,21884,992183,8119200
1669,1138,1096,2984795,21926,993279,7995300
1670,1118,1034,2983677,22010,994313,8137100
1671,1141,1073,2982536,22078,995386,7876100
1672,1149,1097,2981387,22130,996483,8003900
1673,1065,1209,2980322,21986,997692,7794600
1674,1086,1109,2979236,21963,998801,7937400
1675,1066,1045,2978170,21984,999846,8103900
1676,1078,1061,2977092,22001,1000907,7864900
1677,1120,1087,2975972,22034,1001994,7976000
1678,1051,1098,2974921,21987,1003092,7953100
1679,1107,1066,2973814,22028,1004158,8058100
1680,1077,1114,2972737,21991,1005272,7966500
1681,1076,1102,2971661,21965,1006374,7957400
1682,1126,1102,2970535,21989,1007476,7874700
1683,1089,1122,2969446,21956,1008598,7963700
1684,1034,1172,2968412,21818,1009770,8041700
1685,1056,1131,2967356,21743,1010901,8073500
1686,1127,1088,2966229,21782,1011989,7900300
1687,1130,1079,2965099,21833,1013068,7928900
1688,1119,1023,2963980,21929,1014091,7823300
1689,1121,1104,2962859,21946,1015195,7992100
1690,1085,1075,2961774,21956,1016270,7856600
1691,1061,1089,2960713,21928,1017359,7912600
1692,1136,1090,2959577,21974,1018449,7991600
1693,1098,1126,2958479,21946,1019575,8284400
1694,1045,1154,2957434,21837,1020729,8008000
1695,1100,1102,2956334,21835,1021831,8384300
1696,1052,1074,2955282,21813,1022905,8733400
1697,1022,1059,2954260,21776,1023964,8269000
1698,1072,1084,2953188,21764,1025048,8120200
1699,1161,1134,2952027,21791,1026182,7944900
1700,1101,1078,2950926,21814,1027260,8424400
1701,1103,1067,2949823,21850,1028327,8312200
1702,1035,1112,2948788,21773,1029439,8234300
1703,1070,1059,2947718,21784,1030498,7940700
1704,1119,1056,2946599,21847,1031554,8056400
1705,1091,1061,2945508,21877,1032615,7928400
1706,1085,1116,2944423,21846,1033731,7891900
1707,1081,1091,2943342,21836,1034822,8280500
1708,1091,1102,2942251,21825,1035924,7946300
1709,1035,1150,2941216,21710,1037074,8021100
1710,1050,1107,2940166,21653,1038181,8282200
1711,1090,1112,2939076,21631,1039293,8185600
1712,1088,1087,2937988,21632,1040380,8159600
1713,1149,1095,2936839,21686,1041475,8122000
1714,1097,1080,2935742,21703,1042555,8061100
1715,1091,1114,2934651,21680,1043669,8096300
1716,1137,1121,2933514,21696,1044790,8108900
1717,1130,1079,2932384,21747,1045869,8175500
1718,1158,1064,2931226,21841,1046933,8191700
1719,1131,1058,2930095,21914,1047991,8143200
1720,1138,1081,2928957,21971,1049072,8029800
1721,1185,1089,2927772,22067,1050161,8154300
1722,1160,1143,2926612,22084,1051304,8191600
1723,1131,1081,2925481,22134,1052385,8024700
1724,1195,1100,2924286,22229,1053485,8187500
1725,1124,1120,2923162,22233,1054605,8231800
1726,1092,1169,2922070,22156,1055774,8050000
1727,1193,1114,2920877,22235,1056888,8075300
1728,1148,1033,2919729,22350,1057921,8090600
1729,1127,1136,2918602,22341,1059057,7983000
1730,1175,1121,2917427,22395,1060178,8396200
1731,1157,1140,2916270,22412,1061318,8158600
1732,1147,1132,2915123,22427,1062450,7975900
1733,1176,1151,2913947,22452,1063601,8148800
1734,1187,1169,2912760,22470,1064770,8258500
1735,1187,1137,2911573,22520,1065907,8093000
1736,1195,1116,2910378,22599,1067023,8151900
1737,1124,1134,2909254,22589,1068157,8208400
1738,1131,1161,2908123,22559,1069318,8355100
1739,1121,1145,2907002,22535,1070463,8129500
1740,1102,1149,2905900,22488,1071612,7925200
1741,1113,1100,2904787,22501,1072712,7894500
1742,1071,1111,2903716,22461,1073823,8022300
1743,1090,1105,2902626,22446,1074928,7834800
1744,1112,1160,2901514,22398,1076088,8007100
1745,1172,1125,2900342,22445,1077213,7884000
1746,1098,1095,2899244,22448,1078308,8131800
1747,1190,1061,2898054,22577,1079369,8236900
1748,1148,1177,2896906,22548,1080546,8011400
1749,1117,1044,2895789,22621,1081590,7977300
1750,1162,1110,2894627,22673,1082700,8173000
1751,1128,1162,2893499,22639,1083862,7801900
1752,1155,1107,2892344,22687,1084969,8041800
1753,1182,1070,2891162,22799,1086039,8333900
1754,1178,1168,2889984,22809,1087207,8108200
1755,1140,1101,2888844,22848,1088308,8302500
1756,1121,1072,2887723,22897,1089380,8430600
1757,1088,1165,2886635,22820,1090545,8237300
1758,1190,1171,2885445,22839,1091716,8391700
1759,1134,1105,2884311,22868,1092821,8440700
1760,1183,1148,2883128,22903,1093969,9539800
1761,1183,1177,2881945,22909,1095146,8829300
1762,1162,1137,2880783,22934,1096283,10151100
1763,1121,1198,2879662,22857,1097481,9061100
1764,1105,1135,2878557,22827,1098616,9539900
1765,1105,1119,2877452,22813,1099735,8522300
1766,1153,1147,2876299,22819,1100882,8905100
1767,1142,1113,2875157,22848,1101995,9082500
1768,1103,1162,2874054,22789,1103157,9492000
1769,1104,1140,2872950,22753,1104297,9077100
1770,1142,1129,2871808,22766,1105426,9058900
1771,1119,1081,2870689,22804,1106507,9123500
1772,1141,1145,2869548,22800,1107652,8543200
1773,1120,1120,2868428,22800,1108772,8524300
1774,1110,1141,2867318,22769,1109913,8461800
1775,1073,1049,2866245,22793,1110962,8462200
1776,1133,1190,2865112,22736,1112152,8416200
1777,1109,1131,2864003,22714,1113283,8639000
1778,1117,1156,2862886,22675,1114439,9102300
1779,1143,1138,2861743,22680,1115577,9028000
1780,1117,1118,2860626,22679,1116695,8869300
1781,1128,1156,2859498,22651,1117851,9247300
1782,1067,1116,2858431,22602,1118967,9471500
1783,1061,1134,2857370,22529,1120101,9616800
1784,1172,1125,2856198,22576,1121226,9257700
1785,1199,1152,2854999,22623,1122378,9320500
1786,1164,1130,2853835,22657,1123508,9469400
1787,1093,1094,2852742,22656,1124602,8485000
1788,1166,1180,2851576,22642,1125782,8505900
1789,1154,1124,2850422,22672,1126906,8306200
1790,1200,1129,2849222,22743,1128035,8493900
1791,1156,1100,2848066,22799,1129135,8316400
1792,1176,1083,2846890,22892,1130218,8275100
1793,1120,1132,2845770,22880,1131350,8328400
1794,1172,1123,2844598,22929,1132473,8304400
1795,1102,1137,2843496,22894,1133610,8667000
1796,1118,1109,2842378,22903,1134719,8662200
1797,1155,1183,2841223,22875,1135902,8324500
1798,1103,1166,2840120,22812,1137068,8442100
1799,1128,1170,2838992,22770,1138238,8181700
1800,1157,1157,2837835,22770,1139395,8238700
1801,1177,1171,2836658,22776,1140566,8417100
1802,1143,1113,2835515,22806,1141679,8289200
1803,1102,1135,2834413,22773,1142814,8198300
1804,1168,1121,2833245,22820,1143935,8258500
1805,1157,1176,2832088,22801,1145111,8076600
1806,1158,1164,2830930,22795,1146275,8144500
1807,1185,1164,2829745,22816,1147439,8645400
1808,1170,1128,2828575,22858,1148567,8538400
1809,1135,1181,2827440,22812,1149748,8755100
1810,1167,1144,2826273,22835,1150892,9068700
1811,1148,1165,2825125,22818,1152057,9048100
1812,1141,1146,2823984,22813,1153203,8581700
1813,1152,1188,2822832,22777,1154391,8971000
1814,1127,1132,2821705,22772,1155523,9224700
1815,1143,1163,2820562,22752,1156686,9023700
1816,1203,1172,2819359,22783,1157858,8927900
1817,1199,1107,2818160,22875,1158965,9065000
1818,1192,1160,2816968,22907,1160125,9231700
1819,1168,1119,2815800,22956,1161244,8860600
1820,1144,1155,2814656,22945,1162399,8654600
1821,1158,1154,2813498,22949,1163553,8622600
1822,1140,1135,2812358,22954,1164688,9055300
1823,1262,1154,2811096,23062,1165842,8586600
1824,1214,1160,2809882,23116,1167002,8854400
1825,1145,1168,2808737,23093,1168170,9164400
1826,1232,1183,2807505,23142,1169353,8905000
1827,1170,1166,2806335,23146,1170519,8797200
1828,1161,1174,2805174,23133,1171693,8585200
1829,1168,1146,2804006,23155,1172839,8753900
1830,1173,1145,2802833,23183,1173984,8675300
1831,1183,1095,2801650,23271,1175079,10103000
1832,1172,1124,2800478,23319,1176203,9913000
1833,1195,1162,2799283,23352,1177365,8971400
1834,1212,1173,2798071,23391,1178538,8951000
1835,1163,1116,2796908,23438,1179654,8878500
1836,1202,1202,2795706,23438,1180856,10168700
1837,1151,1154,2794555,23435,1182010,12068200
1838,1177,1168,2793378,23444,1183178,8439400
1839,1186,1120,2792192,23510,1184298,8270700
1840,1175,1175,2791017,23510,1185473,8106200
1841,1158,1126,2789859,23542,1186599,8402000
1842,1165,1118,2788694,23589,1187717,8101400
1843,1184,1205,2787510,23568,1188922,7915200
1844,1115,1152,2786395,23531,1190074,8213300
1845,1190,1182,2785205,23539,1191256,7992500
1846,1202,1150,2784003,23591,1192406,7953300
1847,1190,1162,2782813,23619,1193568,8068200
1848,1166,1205,2781647,23580,1194773,8810700
1849,1214,1184,2780433,23610,1195957,8132900
1850,1248,1122,2779185,23736,1197079,8443200
1851,1214,1154,2777971,23796,1198233,8509100
1852,1157,1145,2776814,23808,1199378,8561100
1853,1161,1152,2775653,23817,1200530,8495500
1854,1246,1213,2774407,23850,1201743,8495100
1855,1181,1175,2773226,23856,1202918,8428200
1856,1202,1192,2772024,23866,1204110,8561300
1857,1181,1145,2770843,23902,1205255,8981100
1858,1229,1199,2769614,23932,1206454,8623000
1859,1307,1176,2768307,24063,1207630,8749200
1860,1115,1151,2767192,24027,1208781,8960100
1861,1187,1242,2766005,23972,1210023,9133900
1862,1202,1233,2764803,23941,1211256,8800300
1863,1161,1172,2763642,23930,1212428,8738000
1864,1155,1213,2762487,23872,1213641,8733800
1865,1202,1174,2761285,23900,1214815,8516400
1866,1243,1225,2760042,23918,1216040,8541600
1867,1173,1190,2758869,23901,1217230,8430200
1868,1229,1170,2757640,23960,1218400,8848300
1869,1179,1178,2756461,23961,1219578,8644100
1870,1203,1165,2755258,23999,1220743,8824400
1871,1220,1210,2754038,24009,1221953,8810900
1872,1165,1176,2752873,23998,1223129,8636800
1873,1224,1182,2751649,24040,1224311,9411300
1874,1202,1266,2750447,23976,1225577,8646300
1875,1229,1185,2749218,24020,1226762,8536500
1876,1219,1251,2747999,23988,1228013,8831400
1877,1200,1240,2746799,23948,1229253,8596200
1878,1208,1183,2745591,23973,1230436,8650700
1879,1187,1202,2744404,23958,1231638,8367900
1880,1214,1192,2743190,23980,1232830,8576700
1881,1223,1211,2741967,23992,1234041,8872200
1882,1233,1188,2740734,24037,1235229,9159100
1883,1205,1249,2739529,23993,1236478,8293000
1884,1227,1218,2738302,24002,1237696,8278000
1885,1230,1236,2737072,23996,1238932,8183000
1886,1210,1279,2735862,23927,1240211,8415500
1887,1198,1184,2734664,23941,1241395,8085000
1888,1209,1228,2733455,23922,1242623,8141200
1889,1167,1172,2732288,23917,1243795,8142900
1890,1155,1153,2731133,23919,1244948,8091800
1891,1172,1249,2729961,23842,1246197,8187100
1892,1187,1137,2728774,23892,1247334,8279900
1893,1190,1207,2727584,23875,1248541,8323700
1894,1267,1159,2726317,23983,1249700,8768100
1895,1209,1169,2725108,24023,1250869,8431100
1896,1269,1235,2723839,24057,1252104,8421900
1897,1205,1222,2722634,24040,1253326,8496400
1898,1237,1235,2721397,24042,1254561,8251000
1899,1153,1226,2720244,23969,1255787,8724400
1900,1236,1175,2719008,24030,1256962,8364800
1901,1212,1188,2717796,24054,1258150,8343800
1902,1148,1182,2716648,24020,1259332,8154400
1903,1267,1196,2715381,24091,1260528,8378700
1904,1215,1236,2714166,24070,1261764,8307400
1905,1243,1178,2712923,24135,1262942,8470600
1906,1190,1203,2711733,24122,1264145,8243300
1907,1171,1171,2710562,24122,1265316,8256000
1908,1275,1133,2709287,24264,1266449,8014600
1909,1243,1197,2708044,24310,1267646,7925500
1910,1207,1196,2706837,24321,1268842,8185900
1911,1208,1182,2705629,24347,1270024,8224200
1912,1213,1190,2704416,24370,1271214,8310600
1913,1240,1228,2703176,24382,1272442,8172400
1914,1238,1246,2701938,24374,1273688,7910100
1915,1176,1208,2700762,24342,1274896,7997100
1916,1231,1210,2699531,24363,1276106,8051200
1917,1183,1260,2698348,24286,1277366,8042400
1918,1252,1221,2697096,24317,1278587,8001700
1919,1249,1171,2695847,24395,1279758,8043000
1920,1212,1278,2694635,24329,1281036,7915800
1921,1208,1225,2693427,24312,1282261,7932900
1922,1206,1211,2692221,24307,1283472,7999400
1923,1250,1173,2690971,24384,1284645,7839000
1924,1260,1180,2689711,24464,1285825,7868800
1925,1214,1200,2688497,24478,1287025,7906500
1926,1171,1204,2687326,24445,1288229,7968700
1927,1220,1219,2686106,24446,1289448,8043600
1928,1178,1207,2684928,24417,1290655,8122900
1929,1143,1239,2683785,24321,1291894,7910500
1930,1184,1172,2682601,24333,1293066,8058600
1931,1186,1208,2681415,24311,1294274,8027300
1932,1151,1224,2680264,24238,1295498,8890800
1933,1264,1150,2679000,24352,1296648,9161400
1934,1154,1245,2677846,24261,1297893,8636700
1935,1168,1202,2676678,24227,1299095,8457200
1936,1218,1185,2675460,24260,1300280,8206700
1937,1256,1179,2674204,24337,1301459,8069200
1938,1236,1217,2672968,24356,1302676,8409600
1939,1178,1237,2671790,24297,1303913,8174000
1940,1159,1165,2670631,24291,1305078,8044200
1941,1252,1215,2669379,24328,1306293,8132800
1942,1217,1263,2668162,24282,1307556,8586200
1943,1187,1211,2666975,24258,1308767,8439400
1944,1189,1262,2665786,24185,1310029,8391400
1945,1229,1198,2664557,24216,1311227,8095200
1946,1217,1243,2663340,24190,1312470,8156400
1947,1193,1214,2662147,24169,1313684,7929500
1948,1265,1246,2660882,24188,1314930,8100100
1949,1211,1217,2659671,24182,1316147,7929300
1950,1189,1285,2658482,24086,1317432,7948800
1951,1194,1242,2657288,24038,1318674,8246700
1952,1228,1200,2656060,24066,1319874,8149700
1953,1234,1163,2654826,24137,1321037,8052000
1954,1172,1188,2653654,24121,1322225,7930300
1955,1198,1134,2652456,24185,1323359,7913800
1956,1188,1162,2651268,24211,1324521,7887500
1957,1159,1259,2650109,24111,1325780,7962700
1958,1248,1188,2648861,24171,1326968,8041000
1959,1218,1188,2647643,24201,1328156,8273100
1960,1261,1240,2646382,24222,1329396,8153800
1961,1191,1255,2645191,24158,1330651,8063700
1962,1229,1181,2643962,24206,1331832,7992800
1963,1215,1289,2642747,24132,1333121,8640200
1964,1160,1138,2641587,24154,1334259,8448200
1965,1236,1284,2640351,24106,1335543,8396500
1966,1159,1155,2639192,24110,1336698,8385600
1967,1165,1196,2638027,24079,1337894,8434900
1968,1146,1169,2636881,24056,1339063,8486200
1969,1171,1176,2635710,24051,1340239,8478600
1970,1190,1248,2634520,23993,1341487,8370700
1971,1214,1145,2633306,24062,1342632,8093200
1972,1278,1253,2632028,24087,1343885,8174500
1973,1210,1150,2630818,24147,1345035,8491500
1974,1231,1251,2629587,24127,1346286,8112500
1975,1188,1252,2628399,24063,1347538,8203400
1976,1235,1183,2627164,24115,1348721,8071100
1977,1248,1186,2625916,24177,1349907,8062600
1978,1220,1199,2624696,24198,1351106,8104400
1979,1182,1218,2623514,24162,1352324,8091800
1980,1195,1196,2622319,24161,1353520,8793000
1981,1241,1195,2621078,24207,1354715,8479900
1982,1210,1178,2619868,24239,1355893,8454500
1983,1214,1160,2618654,24293,1357053,8920400
1984,1203,1219,2617451,24277,1358272,8742100
1985,1192,1210,2616259,24259,1359482,8197100
1986,1164,1222,2615095,24201,1360704,8402300
1987,1241,1215,2613854,24227,1361919,9097000
1988,1228,1261,2612626,24194,1363180,8539600
1989,1233,1215,2611393,24212,1364395,8256200
1990,1230,1222,2610163,24220,1365617,8258700
1991,1201,1155,2608962,24266,1366772,8862000
1992,1224,1209,2607738,24281,1367981,8635400
1993,1216,1227,2606522,24270,1369208,8099400
1994,1160,1212,2605362,24218,1370420,8057400
1995,1202,1240,2604160,24180,1371660,7914600
1996,1204,1237,2602956,24147,1372897,8745000
1997,1227,1200,2601729,24174,1374097,8872800
1998,1147,1259,2600582,24062,1375356,8281100
1999,1270,1228,2599312,24104,1376584,8817500
2000,1184,1164,2598128,24124,1377748,8328000
2001,1204,1186,2596924,24142,1378934,8631400
2002,1124,1258,2595800,24008,1380192,8871700
2003,1149,1320,2594651,23837,1381512,8966400
2004,1196,1158,2593455,23875,1382670,9018900
2005,1241,1180,2592214,23936,1383850,8218100
2006,1204,1197,2591010,23943,1385047,8033800
2007,1169,1192,2589841,23920,1386239,8084400
2008,1147,1222,2588694,23845,1387461,8235500
2009,1173,1224,2587521,23794,1388685,8298600
2010,1178,1225,2586343,23747,1389910,8163700
2011,1191,1237,2585152,23701,1391147,8306700
2012,1169,1192,2583983,23678,1392339,8316700
2013,1141,1223,2582842,23596,1393562,8188600
2014,1188,1159,2581654,23625,1394721,8339000
2015,1182,1171,2580472,23636,1395892,8266500
2016,1203,1195,2579269,23644,1397087,8351100
2017,1184,1174,2578085,23654,1398261,8164100
2018,1194,1184,2576891,23664,1399445,8259200
2019,1211,1191,2575680,23684,1400636,8222300
2020,1245,1165,2574435,23764,1401801,8791800
2021,1185,1183,2573250,23766,1402984,8463200
2022,1232,1164,2572018,23834,1404148,8456100
2023,1207,1225,2570811,23816,1405373,9395900
2024,1163,1182,2569648,23797,1406555,8364400
2025,1233,1169,2568415,23861,1407724,8248600
2026,1216,1193,2567199,23884,1408917,8172900
2027,1251,1204,2565948,23931,1410121,8216500
2028,1192,1160,2564756,23963,1411281,7997900
2029,1187,1150,2563569,24000,1412431,8128000
2030,1213,1256,2562356,23957,1413687,8217100
2031,1293,1190,2561063,24060,1414877,8578500
2032,1220,1119,2559843,24161,1415996,8542200
2033,1265,1222,2558578,24204,1417218,8344500
2034,1249,1190,2557329,24263,1418408,8350000
2035,1223,1214,2556106,24272,1419622,8072800
2036,1175,1258,2554931,24189,1420880,8042900
2037,1183,1190,2553748,24182,1422070,8052900
2038,1270,1175,2552478,24277,1423245,8210300
2039,1264,1219,2551214,24322,1424464,8014400
2040,1248,1216,2549966,24354,1425680,7953200
2041,1229,1192,2548737,24391,1426872,7896100
2042,1268,1201,2547469,24458,1428073,7893200
2043,1228,1207,2546241,24479,1429280,8101600
2044,1287,1246,2544954,24520,1430526,8230900
2045,1277,1237,2543677,24560,1431763,9308200
2046,1263,1192,2542414,24631,1432955,8545000
2047,1257,1258,2541157,24630,1434213,8521200
2048,1242,1269,2539915,24603,1435482,8420600
2049,1276,1237,2538639,24642,1436719,8417000
2050,1226,1188,2537413,24680,1437907,8369400
2051,1292,1214,2536121,24758,1439121,8487700
2052,1277,1257,2534844,24778,1440378,8063300
2053,1267,1251,2533577,24794,1441629,7962400
2054,1228,1276,2532349,24746,1442905,8267300
2055,1231,1301,2531118,24676,1444206,8424600
2056,1188,1228,2529930,24636,1445434,8532200
2057,1199,1301,2528731,24534,1446735,8215900
2058,1203,1262,2527528,24475,1447997,8034100
2059,1183,1213,2526345,24445,1449210,8011500
2060,1174,1190,2525171,24429,1450400,8006700
2061,1197,1222,2523974,24404,1451622,8089000
2062,1214,1144,2522760,24474,1452766,8325800
2063,1174,1172,2521586,24476,1453938,8563400
2064,1176,1252,2520410,24400,1455190,8461800
2065,1230,1237,2519180,24393,1456427,8214200
2066,1171,1189,2518009,24375,1457616,7980100
2067,1248,1172,2516761,24451,1458788,8546900
2068,1199,1246,2515562,24404,1460034,8225300
2069,1269,1204,2514293,24469,1461238,8029900
2070,1267,1255,2513026,24481,1462493,8226900
2071,1241,1235,2511785,24487,1463728,8047200
2072,1246,1246,2510539,24487,1464974,8553300
2073,1213,1229,2509326,24471,1466203,8309400
2074,1202,1199,2508124,24474,1467402,8410900
2075,1199,1252,2506925,24421,1468654,8309300
2076,1191,1261,2505734,24351,1469915,8594500
2077,1207,1156,2504527,24402,1471071,8274700
2078,1201,1223,2503326,24380,1472294,8833600
2079,1217,1265,2502109,24332,1473559,8931200
2080,1252,1222,2500857,24362,1474781,8360800
2081,1166,1227,2499691,24301,1476008,8260600
2082,1233,1139,2498458,24395,1477147,8443800
2083,1187,1223,2497271,24359,1478370,8268300
2084,1267,1282,2496004,24344,1479652,8039400
2085,1227,1198,2494777,24373,1480850,7954900
2086,1231,1170,2493546,24434,1482020,8648300
2087,1220,1232,2492326,24422,1483252,8722500
2088,1197,1218,2491129,24401,1484470,8368600
2089,1197,1279,2489932,24319,1485749,8051800
2090,1215,1193,2488717,24341,1486942,8298300
2091,1175,1188,2487542,24328,1488130,8781200
2092,1225,1235,2486317,24318,1489365,8561500
2093,1218,1238,2485099,24298,1490603,8183200
2094,1174,1219,2483925,24253,1491822,8307400
2095,1204,1223,2482721,24234,1493045,8884200
2096,1209,1106,2481512,24337,1494151,8288500
2097,1184,1171,2480328,24350,1495322,7980800
2098,1246,1219,2479082,24377,1496541,8246400
2099,1255,1221,2477827,24411,1497762,9184200
2100,1241,1132,2476586,24520,1498894,8494500
2101,1238,1212,2475348,24546,1500106,8314700
2102,1243,1224,2474105,24565,1501330,8529200
2103,1266,1254,2472839,24577,1502584,9388000
2104,1213,1221,2471626,24569,1503805,9411700
2105,1229,1269,2470397,24529,1505074,8390300
2106,1144,1215,2469253,24458,1506289,8250700
2107,1199,1205,2468054,24452,1507494,7964700
2108,1229,1225,2466825,24456,1508719,8085500
2109,1179,1227,2465646,24408,1509946,8249100
2110,1195,1185,2464451,24418,1511131,8173000
2111,1150,1254,2463301,24314,1512385,8267200
2112,1207,1223,2462094,24298,1513608,8055100
2113,1158,1142,2460936,24314,1514750,8195300
2114,1180,1246,2459756,24248,1515996,8011600
2115,1247,1294,2458509,24201,1517290,8240800
2116,1195,1230,2457314,24166,1518520,8071600
2117,1234,1234,2456080,24166,1519754,8239200
2118,1219,1244,2454861,24141,1520998,8279600
2119,1182,1234,2453679,24089,1522232,8178600
2120,1182,1238,2452497,24033,1523470,8132300
2121,1189,1219,2451308,24003,1524689,8057800
2122,1211,1220,2450097,23994,1525909,8547200
2123,1229,1213,2448868,24010,1527122,8358900
2124,1243,1197,2447625,24056,1528319,8524600
2125,1186,1226,2446439,24016,1529545,8550100
2126,1252,1202,2445187,24066,1530747,8129000
2127,1246,1241,2443941,24071,1531988,8064900
2128,1271,1204,2442670,24138,1533192,8109000
2129,1201,1236,2441469,24103,1534428,7957400
2130,1221,1194,2440248,24130,1535622,8086800
2131,1221,1163,2439027,24188,1536785,8154200
2132,1242,1196,2437785,24234,1537981,8108600
2133,1240,1184,2436545,24290,1539165,8109300
2134,1288,1178,2435257,24400,1540343,8160500
2135,1226,1233,2434031,24393,1541576,8221200
2136,1256,1205,2432775,24444,1542781,8329600
2137,1288,1254,2431487,24478,1544035,8094200
2138,1255,1218,2430232,24515,1545253,8238500
2139,1247,1253,2428985,24509,1546506,8089700
2140,1196,1251,2427789,24454,1547757,8396900
2141,1259,1218,2426530,24495,1548975,8207100
2142,1269,1264,2425261,24500,1550239,8479300
2143,1253,1234,2424008,24519,1551473,8863100
2144,1249,1208,2422759,24560,1552681,8293800
2145,1250,1226,2421509,24584,1553907,8157800
2146,1281,1237,2420228,24628,1555144,7981400
2147,1259,1226,2418969,24661,1556370,8108100
2148,1193,1210,2417776,24644,1557580,8217200
2149,1225,1214,2416551,24655,1558794,8809100
2150,1221,1248,2415330,24628,1560042,8135000
2151,1255,1211,2414075,24672,1561253,8281000
2152,1255,1265,2412820,24662,1562518,8061900
2153,1256,1220,2411564,24698,1563738,8236500
2154,1263,1254,2410301,24707,1564992,8046500
2155,1217,1248,2409084,24676,1566240,8224800
2156,1214,1213,2407870,24677,1567453,8085600
2157,1202,1197,2406668,24682,1568650,8176400
2158,1236,1223,2405432,24695,1569873,8433500
2159,1256,1284,2404176,24667,1571157,8347900
2160,1255,1260,2402921,24662,1572417,8539700
2161,1244,1229,2401677,24677,1573646,8263400
2162,1174,1225,2400503,24626,1574871,8296500
2163,1191,1199,2399312,24618,1576070,8185600
2164,1215,1216,2398097,24617,1577286,8158300
2165,1284,1220,2396813,24681,1578506,8325700
2166,1212,1214,2395601,24679,1579720,8189300
2167,1237,1241,2394364,24675,1580961,8339100
2168,1210,1276,2393154,24609,1582237,8603200
2169,1251,1203,2391903,24657,1583440,8246500
2170,1244,1230,2390659,24671,1584670,8133000
2171,1207,1218,2389452,24660,1585888,8160700
2172,1237,1195,2388215,24702,1587083,8194500
2173,1264,1254,2386951,24712,1588337,8241000
2174,1202,1227,2385749,24687,1589564,8072500
2175,1223,1221,2384526,24689,1590785,8374100
2176,1243,1212,2383283,24720,1591997,8411400
2177,1256,1220,2382027,24756,1593217,8293300
2178,1246,1250,2380781,24752,1594467,8298000
2179,1264,1239,2379517,24777,1595706,8260000
2180,1301,1266,2378216,24812,1596972,8293500
2181,1285,1180,2376931,24917,1598152,8141000
2182,1198,1259,2375733,24856,1599411,8148100
2183,1235,1231,2374498,24860,1600642,8987800
2184,1270,1233,2373228,24897,1601875,8728400
2185,1292,1275,2371936,24914,1603150,8329800
2186,1283,1318,2370653,24879,1604468,8273500
2187,1231,1274,2369422,24836,1605742,8549800
2188,1256,1222,2368166,24870,1606964,8447500
2189,1164,1260,2367002,24774,1608224,8480900
2190,1164,1219,2365838,24719,1609443,8336900
2191,1208,1235,2364630,24692,1610678,8529400
2192,1216,1174,2363414,24734,1611852,8240100
2193,1265,1186,2362149,24813,1613038,8556800
2194,1260,1284,2360889,24789,1614322,8103800
2195,1238,1187,2359651,24840,1615509,7920100
2196,1244,1277,2358407,24807,1616786,7881700
2197,1233,1238,2357174,24802,1618024,8045200
2198,1259,1289,2355915,24772,1619313,8151300
2199,1183,1222,2354732,24733,1620535,8474200
2200,1168,1198,2353564,24703,1621733,8225600
2201,1242,1274,2352322,24671,1623007,8197200
2202,1250,1215,2351072,24706,1624222,8081400
2203,1241,1287,2349831,24660,1625509,7906400
2204,1274,1283,2348557,24651,1626792,7897000
2205,1279,1187,2347278,24743,1627979,8155200
2206,1241,1267,2346037,24717,1629246,7929500
2207,1194,1213,2344843,24698,1630459,7956700
2208,1293,1238,2343550,24753,1631697,8619400
2209,1239,1230,2342311,24762,1632927,7978700
2210,1236,1277,2341075,24721,1634204,7927300
2211,1205,1291,2339870,24635,1635495,8078300
2212,1197,1185,2338673,24647,1636680,7945400
2213,1224,1183,2337449,24688,1637863,7927400
2214,1209,1306,2336240,24591,1639169,7947700
2215,1200,1273,2335040,24518,1640442,7954800
2216,1205,1211,2333835,24512,1641653,8586900
2217,1216,1144,2332619,24584,1642797,8056500
2218,1249,1265,2331370,24568,1644062,7971300
2219,1275,1234,2330095,24609,1645296,8365600
2220,1302,1246,2328793,24665,1646542,7952600
2221,1298,1247,2327495,24716,1647789,8092700
2222,1270,1262,2326225,24724,1649051,8632400
2223,1256,1271,2324969,24709,1650322,8238700
2224,1250,1210,2323719,24749,1651532,8109700
2225,1263,1227,2322456,24785,1652759,8339000
2226,1270,1258,2321186,24797,1654017,8252500
2227,1278,1229,2319908,24846,1655246,8302900
2228,1212,1235,2318696,24823,1656481,8161300
2229,1267,1280,2317429,24810,1657761,8099400
2230,1203,1240,2316226,24773,1659001,8298700
2231,1210,1280,2315016,24703,1660281,7948300
2232,1241,1186,2313775,24758,1661467,8003700
2233,1300,1255,2312475,24803,1662722,8109700
2234,1198,1189,2311277,24812,1663911,7963100
2235,1160,1244,2310117,24728,1665155,8083800
2236,1232,1231,2308885,24729,1666386,7991900
2237,1225,1225,2307660,24729,1667611,8001000
2238,1263,1179,2306397,24813,1668790,7860900
2239,1280,1263,2305117,24830,1670053,7964800
2240,1306,1212,2303811,24924,1671265,8067400
2241,1225,1276,2302586,24873,1672541,8783400
2242,1191,1256,2301395,24808,1673797,8207700
2243,1241,1257,2300154,24792,1675054,8106300
2244,1227,1217,2298927,24802,1676271,8015800
2245,1259,1231,2297668,24830,1677502,8392200
2246,1179,1274,2296489,24735,1678776,8196900
2247,1208,1247,2295281,24696,1680023,7993900
2248,1195,1283,2294086,24608,1681306,8193700
2249,1161,1210,2292925,24559,1682516,8108100
2250,1224,1241,2291701,24542,1683757,7996800
2251,1257,1246,2290444,24553,1685003,7966400
2252,1179,1235,2289265,24497,1686238,8031600
2253,1251,1227,2288014,24521,1687465,8254100
2254,1240,1250,2286774,24511,1688715,8107000
2255,1245,1180,2285529,24576,1689895,8120000
2256,1223,1293,2284306,24506,1691188,8105200
2257,1207,1166,2283099,24547,1692354,8835500
2258,1244,1215,2281855,24576,1693569,8092300
2259,1272,1240,2280583,24608,1694809,8510900
2260,1163,1327,2279420,24444,1696136,8597500
2261,1194,1205,2278226,24433,1697341,8680400
2262,1273,1252,2276953,24454,1698593,8359900
2263,1200,1234,2275753,24420,1699827,8614400
2264,1155,1194,2274598,24381,1701021,8893800
2265,1251,1171,2273347,24461,1702192,8700300
2266,1211,1220,2272136,24452,1703412,8294200
2267,1250,1303,2270886,24399,1704715,8273000
2268,1243,1205,2269643,24437,1705920,8143700
2269,1265,1238,2268378,24464,1707158,7937500
2270,1225,1174,2267153,24515,1708332,7906600
2271,1232,1278,2265921,24469,1709610,7849400
2272,1295,1168,2264626,24596,1710778,7990300
2273,1240,1228,2263386,24608,1712006,8052000
2274,1231,1196,2262155,24643,1713202,8131700
2275,1296,1175,2260859,24764,1714377,7999300
2276,1223,1213,2259636,24774,1715590,8154500
2277,1244,1240,2258392,24778,1716830,8105500
2278,1219,1210,2257173,24787,1718040,8118800
2279,1213,1266,2255960,24734,1719306,8499200
2280,1214,1231,2254746,24717,1720537,8176200
2281,1242,1189,2253504,24770,1721726,8049100
2282,1248,1265,2252256,24753,1722991,8247100
2283,1230,1221,2251026,24762,1724212,8400900
2284,1229,1219,2249797,24772,1725431,8256400
2285,1220,1212,2248577,24780,1726643,8937300
2286,1264,1297,2247313,24747,1727940,8068400
2287,1302,1232,2246011,24817,1729172,8280200
2288,1278,1215,2244733,24880,1730387,8584300
2289,1248,1235,2243485,24893,1731622,8795900
2290,1290,1225,2242195,24958,1732847,8068800
2291,1305,1307,2240890,24956,1734154,7950200
2292,1215,1235,2239675,24936,1735389,8362700
2293,1218,1214,2238457,24940,1736603,8182700
2294,1205,1253,2237252,24892,1737856,8193700
2295,1287,1239,2235965,24940,1739095,8332200
2296,1270,1269,2234695,24941,1740364,8214800
2297,1245,1225,2233450,24961,1741589,8072100
2298,1202,1277,2232248,24886,1742866,8321300
2299,1272,1284,2230976,24874,1744150,8566200
2300,1192,1327,2229784,24739,1745477,8329600
2301,1154,1257,2228630,24636,1746734,8449100
2302,1205,1230,2227425,24611,1747964,8131900
2303,1221,1245,2226204,24587,1749209,7922600
2304,1261,1203,2224943,24645,1750412,8822400
2305,1263,1200,2223680,24708,1751612,8621700
2306,1189,1232,2222491,24665,1752844,8280900
2307,1270,1205,2221221,24730,1754049,8069500
2308,1195,1255,2220026,24670,1755304,8046800
2309,1204,1273,2218822,24601,1756577,8300600
2310,1128,1289,2217694,24440,1757866,8225200
2311,1238,1201,2216456,24477,1759067,8356700
2312,1254,1231,2215202,24500,1760298,8220000
2313,1217,1201,2213985,24516,1761499,8364800
2314,1191,1229,2212794,24478,1762728,8339400
2315,1198,1165,2211596,24511,1763893,8639100
2316,1211,1179,2210385,24543,1765072,8197300
2317,1197,1205,2209188,24535,1766277,8188900
2318,1261,1219,2207927,24577,1767496,8152200
2319,1184,1212,2206743,24549,1768708,8013300
2320,1280,1235,2205463,24594,1769943,8132600
2321,1281,1249,2204182,24626,1771192,8458600
2322,1215,1340,2202967,24501,1772532,8492300
2323,1256,1236,2201711,24521,1773768,8329600
2324,1193,1281,2200518,24433,1775049,8141400
2325,1259,1272,2199259,24420,1776321,8035100
2326,1198,1236,2198061,24382,1777557,8152500
2327,1215,1226,2196846,24371,1778783,8481300
2328,1202,1161,2195644,24412,1779944,8455700
2329,1238,1194,2194406,24456,1781138,8480000
2330,1224,1228,2193182,24452,1782366,8460100
2331,1180,1237,2192002,24395,1783603,8538500
2332,1177,1230,2190825,24342,1784833,8488300
2333,1262,1234,2189563,24370,1786067,8697900
2334,1236,1245,2188327,24361,1787312,8627000
2335,1250,1174,2187077,24437,1788486,8597700
2336,1249,1244,2185828,24442,1789730,8653900
2337,1227,1164,2184601,24505,1790894,8748300
2338,1215,1187,2183386,24533,1792081,8687000
2339,1206,1221,2182180,24518,1793302,8398500
2340,1246,1196,2180934,24568,1794498,8554200
2341,1260,1256,2179674,24572,1795754,8362700
2342,1260,1262,2178414,24570,1797016,8591900
2343,1262,1198,2177152,24634,1798214,8977200
2344,1192,1254,2175960,24572,1799468,8635300
2345,1193,1272,2174767,24493,1800740,8428000
2346,1275,1302,2173492,24466,1802042,8723800
2347,1249,1264,2172243,24451,1803306,8448200
2348,1215,1216,2171028,24450,1804522,8179100
2349,1142,1204,2169886,24388,1805726,8292900
2350,1248,1206,2168638,24430,1806932,8437700
2351,1228,1168,2167410,24490,1808100,8280600
2352,1212,1224,2166198,24478,1809324,8398100
2353,1168,1139,2165030,24507,1810463,8122300
2354,1168,1280,2163862,24395,1811743,7932900
2355,1214,1175,2162648,24434,1812918,7943400
2356,1186,1230,2161462,24390,1814148,8664800
2357,1172,1249,2160290,24313,1815397,8478400
2358,1140,1219,2159150,24234,1816616,8257600
2359,1203,1158,2157947,24279,1817774,8155500
2360,1170,1242,2156777,24207,1819016,8340500
2361,1220,1192,2155557,24235,1820208,9296200
2362,1197,1182,2154360,24250,1821390,8376300
2363,1163,1227,2153197,24186,1822617,8326100
2364,1159,1254,2152038,24091,1823871,8760700
2365,1154,1186,2150884,24059,1825057,8587400
2366,1170,1244,2149714,23985,1826301,8304600
2367,1190,1212,2148524,23963,1827513,8387300
2368,1217,1164,2147307,24016,1828677,8538200
2369,1171,1198,2146136,23989,1829875,8536000
2370,1204,1180,2144932,24013,1831055,8387500
2371,1186,1195,2143746,24004,1832250,8513400
2372,1140,1152,2142606,23992,1833402,9633000
2373,1194,1150,2141412,24036,1834552,8471600
2374,1217,1131,2140195,24122,1835683,8921600
2375,1190,1177,2139005,24135,1836860,8631300
2376,1224,1132,2137781,24227,1837992,8376900
2377,1177,1237,2136604,24167,1839229,9053800
2378,1179,1207,2135425,24139,1840436,8613100
2379,1184,1278,2134241,24045,1841714,8792100
2380,1170,1209,2133071,24006,1842923,8785700
2381,1150,1204,2131921,23952,1844127,8622400
2382,1204,1205,2130717,23951,1845332,8448500
2383,1178,1136,2129539,23993,1846468,9007200
2384,1229,1156,2128310,24066,1847624,8704700
2385,1117,1212,2127193,23971,1848836,8861600
2386,1131,1134,2126062,23968,1849970,8468200
2387,1184,1169,2124878,23983,1851139,8966700
2388,1190,1288,2123688,23885,1852427,8470600
2389,1123,1190,2122565,23818,1853617,8142700
2390,1215,1234,2121350,23799,1854851,8187500
2391,1204,1185,2120146,23818,1856036,8752100
2392,1144,1152,2119002,23810,1857188,8666200
2393,1169,1223,2117833,23756,1858411,8416700
2394,1215,1204,2116618,23767,1859615,8573100
2395,1215,1090,2115403,23892,1860705,9009000
2396,1182,1270,2114221,23804,1861975,8486100
2397,1190,1176,2113031,23818,1863151,8210800
2398,1203,1203,2111828,23818,1864354,8085500
2399,1143,1181,2110685,23780,1865535,8645200
2400,1188,1142,2109497,23826,1866677,8485000
2401,1197,1166,2108300,23857,1867843,8616100
2402,1183,1226,2107117,23814,1869069,8374300
2403,1203,1172,2105914,23845,1870241,8592700
2404,1212,1235,2104702,23822,1871476,8879700
2405,1184,1190,2103518,23816,1872666,8324300
2406,1230,1153,2102288,23893,1873819,8457600
2407,1200,1185,2101088,23908,1875004,8799600
2408,1190,1199,2099898,23899,1876203,9206100
2409,1210,1208,2098688,23901,1877411,8592700
2410,1231,1240,2097457,23892,1878651,9200300
2411,1240,1176,2096217,23956,1879827,8188200
2412,1279,1176,2094938,24059,1881003,8236100
2413,1220,1204,2093718,24075,1882207,8043800
2414,1218,1268,2092500,24025,1883475,8798100
2415,1233,1216,2091267,24042,1884691,8703900
2416,1211,1172,2090056,24081,1885863,8443900
2417,1234,1183,2088822,24132,1887046,8373100
2418,1178,1247,2087644,24063,1888293,8905500
2419,1205,1183,2086439,24085,1889476,8953600
2420,1160,1220,2085279,24025,1890696,8355200
2421,1187,1153,2084092,24059,1891849,8408900
2422,1207,1154,2082885,24112,1893003,8074300
2423,1226,1209,2081659,24129,1894212,8336700
2424,1209,1223,2080450,24115,1895435,8789000
2425,1214,1185,2079236,24144,1896620,8390300
2426,1191,1219,2078045,24116,1897839,8740200
2427,1234,1204,2076811,24146,1899043,8286200
2428,1177,1214,2075634,24109,1900257,8252000
2429,1226,1158,2074408,24177,1901415,8924000
2430,1220,1243,2073188,24154,1902658,8356100
2431,1222,1247,2071966,24129,1903905,8654300
2432,1191,1194,2070775,24126,1905099,8174100
2433,1222,1192,2069553,24156,1906291,8171800
2434,1214,1248,2068339,24122,1907539,7947800
2435,1189,1235,2067150,24076,1908774,7894700
2436,1186,1142,2065964,24120,1909916,7997500
2437,1183,1169,2064781,24134,1911085,8059800
2438,1192,1201,2063589,24125,1912286,8042300
2439,1204,1187,2062385,24142,1913473,8131700
2440,1263,1207,2061122,24198,1914680,8151000
2441,1260,1215,2059862,24243,1915895,8136200
2442,1192,1205,2058670,24230,1917100,8280700
2443,1250,1284,2057420,24196,1918384,7897700
2444,1186,1218,2056234,24164,1919602,8035900
2445,1243,1195,2054991,24212,1920797,7858600
2446,1215,1229,2053776,24198,1922026,8060400
2447,1243,1178,2052533,24263,1923204,7993300
2448,1237,1257,2051296,24243,1924461,8146500
2449,1225,1154,2050071,24314,1925615,8022800
2450,1188,1195,2048883,24307,1926810,8031600
2451,1188,1191,2047695,24304,1928001,7933600
2452,1250,1189,2046445,24365,1929190,7968100
2453,1232,1177,2045213,24420,1930367,7861700
2454,1225,1200,2043988,24445,1931567,7970200
2455,1206,1246,2042782,24405,1932813,8226500
2456,1277,1240,2041505,24442,1934053,8063900
2457,1180,1235,2040325,24387,1935288,8093100
2458,1206,1211,2039119,24382,1936499,7930100
2459,1242,1200,2037877,24424,1937699,8140400
2460,1168,1192,2036709,24400,1938891,8189600
2461,1145,1208,2035564,24337,1940099,8273400
2462,1273,1209,2034291,24401,1941308,8213400
2463,1176,1198,2033115,24379,1942506,8287200
2464,1248,1218,2031867,24409,1943724,8200700
2465,1228,1280,2030639,24357,1945004,8266900
2466,1220,1153,2029419,24424,1946157,8246400
2467,1235,1244,2028184,24415,1947401,8357200
2468,1242,1224,2026942,24433,1948625,8326900
2469,1226,1215,2025716,24444,1949840,8487600
2470,1289,1252,2024427,24481,1951092,8271400
2471,1206,1156,2023221,24531,1952248,8591400
2472,1225,1259,2021996,24497,1953507,8690800
2473,1226,1296,2020770,24427,1954803,8174200
2474,1200,1266,2019570,24361,1956069,8053500
2475,1182,1183,2018388,24360,1957252,8234400
2476,1221,1182,2017167,24399,1958434,8217400
2477,1263,1230,2015904,24432,1959664,8081000
2478,1250,1283,2014654,24399,1960947,8421000
2479,1211,1196,2013443,24414,1962143,8490700
2480,1249,1254,2012194,24409,1963397,8594800
2481,1205,1223,2010989,24391,1964620,8202000
2482,1231,1205,2009758,24417,1965825,8340000
2483,1250,1212,2008508,24455,1967037,8153500
2484,1245,1214,2007263,24486,1968251,8405900
2485,1205,1270,2006058,24421,1969521,8432700
2486,1204,1171,2004854,24454,1970692,8883400
2487,1238,1214,2003616,24478,1971906,8408400
2488,1275,1205,2002341,24548,1973111,7997600
2489,1185,1225,2001156,24508,1974336,8063800
2490,1240,1256,1999916,24492,1975592,7977300
2491,1163,1249,1998753,24406,1976841,8694600
2492,1223,1203,1997530,24426,1978044,8166500
2493,1212,1252,1996318,24386,1979296,8163800
2494,1209,1294,1995109,24301,1980590,8114600
2495,1151,1210,1993958,24242,1981800,8164000
2496,1142,1251,1992816,24133,1983051,8277400
2497,1193,1182,1991623,24144,1984233,8249400
2498,1211,1250,1990412,24105,1985483,8225700
2499,1219,1188,1989193,24136,1986671,8527000
2500,1239,1211,1987954,24164,1987882,8303600
2501,1218,1222,1986736,24160,1989104,8401400
2502,1165,1328,1985571,23997,1990432,8579000
2503,1218,1173,1984353,24042,1991605,8554300
2504,1198,1182,1983155,24058,1992787,8439800
2505,1229,1187,1981926,24100,1993974,7947700
2506,1258,1193,1980668,24165,1995167,7887500
2507,1237,1168,1979431,24234,1996335,7877900
2508,1255,1206,1978176,24283,1997541,7834700
2509,1246,1205,1976930,24324,1998746,7921500
2510,1254,1279,1975676,24299,2000025,7968700
2511,1217,1250,1974459,24266,2001275,8021700
2512,1272,1229,1973187,24309,2002504,7975600
2513,1174,1215,1972013,24268,2003719,7911100
2514,1225,1203,1970788,24290,2004922,7864400
2515,1211,1224,1969577,24277,2006146,7900700
2516,1194,1202,1968383,24269,2007348,8026800
2517,1232,1190,1967151,24311,2008538,7865900
2518,1187,1250,1965964,24248,2009788,7902100
2519,1284,1253,1964680,24279,2011041,7895700
2520,1200,1138,1963480,24341,2012179,8673600
2521,1209,1236,1962271,24314,2013415,8141100
2522,1226,1170,1961045,24370,2014585,7924700
2523,1189,1236,1959856,24323,2015821,7891500
2524,1227,1217,1958629,24333,2017038,7984200
2525,1192,1195,1957437,24330,2018233,7895900
2526,1205,1255,1956232,24280,2019488,8114000
2527,1185,1150,1955047,24315,2020638,8096900
2528,1242,1215,1953805,24342,2021853,8271200
2529,1215,1238,1952590,24319,2023091,8357200
2530,1229,1238,1951361,24310,2024329,8179400
2531,1204,1220,1950157,24294,2025549,8548700
2532,1222,1179,1948935,24337,2026728,8732200
2533,1216,1268,1947719,24285,2027996,8683200
2534,1164,1155,1946555,24294,2029151,8576800
2535,1257,1236,1945298,24315,2030387,9334400
2536,1196,1187,1944102,24324,2031574,8751400
2537,1196,1254,1942906,24266,2032828,8754800
2538,1205,1172,1941701,24299,2034000,9133100
2539,1189,1185,1940512,24303,2035185,8971300
2540,1238,1227,1939274,24314,2036412,9226300
2541,1226,1177,1938048,24363,2037589,9330300
2542,1218,1227,1936830,24354,2038816,9392900
2543,1240,1168,1935590,24426,2039984,9824900
2544,1230,1262,1934360,24394,2041246,9146200
2545,1171,1211,1933189,24354,2042457,8849400
2546,1171,1237,1932018,24288,2043694,8417300
2547,1151,1227,1930867,24212,2044921,8510500
2548,1141,1209,1929726,24144,2046130,8908800
2549,1184,1186,1928542,24142,2047316,9218900
2550,1187,1227,1927355,24102,2048543,8493500
2551,1210,1237,1926145,24075,2049780,8537400
2552,1194,1187,1924951,24082,2050967,8476400
2553,1188,1196,1923763,24074,2052163,8429000
2554,1210,1181,1922553,24103,2053344,8722900
2555,1245,1184,1921308,24164,2054528,8343200
2556,1198,1250,1920110,24112,2055778,8603500
2557,1244,1237,1918866,24119,2057015,8313200
2558,1211,1257,1917655,24073,2058272,8765000
2559,1217,1167,1916438,24123,2059439,8461600
2560,1136,1203,1915302,24056,2060642,8344600
2561,1241,1208,1914061,24089,2061850,9049000
2562,1137,1214,1912924,24012,2063064,8765600
2563,1146,1228,1911778,23930,2064292,8376000
2564,1174,1215,1910604,23889,2065507,8141000
2565,1195,1160,1909409,23924,2066667,8008500
2566,1139,1184,1908270,23879,2067851,8111400
2567,1209,1189,1907061,23899,2069040,7989600
2568,1194,1225,1905867,23868,2070265,8195200
2569,1227,1174,1904640,23921,2071439,7951900
2570,1147,1189,1903493,23879,2072628,8118300
2571,1189,1134,1902304,23934,2073762,8145800
2572,1176,1233,1901128,23877,2074995,8821000
2573,1191,1194,1899937,23874,2076189,8343400
2574,1161,1165,1898776,23870,2077354,8651900
2575,1207,1183,1897569,23894,2078537,8354200
2576,1176,1169,1896393,23901,2079706,8118800
2577,1167,1215,1895226,23853,2080921,8306200
2578,1199,1268,1894027,23784,2082189,8279100
2579,1213,1186,1892814,23811,2083375,9095600
2580,1244,1210,1891570,23845,2084585,8331000
2581,1219,1150,1890351,23914,2085735,8411300
2582,1211,1174,1889140,23951,2086909,8863700
2583,1190,1200,1887950,23941,2088109,8510300
2584,1252,1135,1886698,24058,2089244,8095800
2585,1255,1204,1885443,24109,2090448,8216400
2586,1181,1253,1884262,24037,2091701,8791800
2587,1149,1191,1883113,23995,2092892,8438500
2588,1198,1248,1881915,23945,2094140,8423900
2589,1143,1192,1880772,23896,2095332,8670100
2590,1196,1171,1879576,23921,2096503,9849600
2591,1165,1210,1878411,23876,2097713,9086600
2592,1193,1180,1877218,23889,2098893,8999700
2593,1147,1210,1876071,23826,2100103,8879800
2594,1193,1259,1874878,23760,2101362,8838600
2595,1159,1154,1873719,23765,2102516,9066700
2596,1195,1166,1872524,23794,2103682,8572400
2597,1168,1205,1871356,23757,2104887,8985300
2598,1257,1158,1870099,23856,2106045,8712700
2599,1197,1197,1868902,23856,2107242,8763100
2600,1176,1269,1867726,23763,2108511,8486900
2601,1213,1198,1866513,23778,2109709,8376100
2602,1214,1129,1865299,23863,2110838,8765500
2603,1229,1226,1864070,23866,2112064,9254100
2604,1178,1195,1862892,23849,2113259,8756900
2605,1211,1254,1861681,23806,2114513,8667000
2606,1109,1179,1860572,23736,2115692,8824300
2607,1188,1205,1859384,23719,2116897,8652800
2608,1143,1169,1858241,23693,2118066,8756700
2609,1183,1197,1857058,23679,2119263,9855300
2610,1183,1168,1855875,23694,2120431,10133200
2611,1185,1214,1854690,23665,2121645,10087800
2612,1162,1152,1853528,23675,2122797,9130400
2613,1132,1149,1852396,23658,2123946,9730100
2614,1115,1201,1851281,23572,2125147,8940800
2615,1157,1195,1850124,23534,2126342,9203500
2616,1158,1160,1848966,23532,2127502,9565900
2617,1170,1141,1847796,23561,2128643,9610200
2618,1112,1142,1846684,23531,2129785,9106300
2619,1165,1165,1845519,23531,2130950,9064600
2620,1116,1138,1844403,23509,2132088,9041100
2621,1164,1106,1843239,23567,2133194,8959200
2622,1133,1185,1842106,23515,2134379,8858900
2623,1180,1154,1840926,23541,2135533,8620000
2624,1173,1146,1839753,23568,2136679,8775600
2625,1142,1232,1838611,23478,2137911,8783300
2626,1157,1167,1837454,23468,2139078,8585700
2627,1170,1153,1836284,23485,2140231,8700600
2628,1147,1108,1835137,23524,2141339,8853500
2629,1136,1161,1834001,23499,2142500,8501400
2630,1123,1164,1832878,23458,2143664,8466600
2631,1127,1106,1831751,23479,2144770,9150800
2632,1130,1237,1830621,23372,2146007,8578200
2633,1070,1118,1829551,23324,2147125,8547600
2634,1110,1201,1828441,23233,2148326,8744200
2635,1173,1139,1827268,23267,2149465,8817600
2636,1133,1158,1826135,23242,2150623,9608500
2637,1116,1105,1825019,23253,2151728,8805400
2638,1146,1121,1823873,23278,2152849,8684900
2639,1082,1203,1822791,23157,2154052,8722700
2640,1113,1165,1821678,23105,2155217,8473200
2641,1150,1119,1820528,23136,2156336,8617800
2642,1125,1084,1819403,23177,2157420,9004400
2643,1109,1171,1818294,23115,2158591,8640000
2644,1139,1142,1817155,23112,2159733,8496100
2645,1101,1221,1816054,22992,2160954,8675600
2646,1075,1118,1814979,22949,2162072,8774900
2647,1105,1162,1813874,22892,2163234,8483400
2648,1103,1147,1812771,22848,2164381,8210300
2649,1141,1158,1811630,22831,2165539,8056600
2650,1133,1182,1810497,22782,2166721,8289300
2651,1185,1070,1809312,22897,2167791,8277400
2652,1069,1188,1808243,22778,2168979,8206800
2653,1146,1193,1807097,22731,2170172,8149700
2654,1095,1137,1806002,22689,2171309,8308400
2655,1109,1206,1804893,22592,2172515,8070300
2656,1089,1141,1803804,22540,2173656,8310100
2657,1115,1098,1802689,22557,2174754,8327900
2658,1116,1139,1801573,22534,2175893,9085600
2659,1088,1125,1800485,22497,2177018,8801500
2660,1101,1176,1799384,22422,2178194,8230000
2661,1146,1117,1798238,22451,2179311,8372800
2662,1162,1120,1797076,22493,2180431,8640100
2663,1162,1150,1795914,22505,2181581,8180200
2664,1185,1178,1794729,22512,2182759,7967800
2665,1164,1172,1793565,22504,2183931,8159900
2666,1168,1101,1792397,22571,2185032,8870600
2667,1168,1171,1791229,22568,2186203,8349700
2668,1135,1149,1790094,22554,2187352,7957900
2669,1100,1092,1788994,22562,2188444,8310500
2670,1129,1170,1787865,22521,2189614,8853400
2671,1136,1077,1786729,22580,2190691,8381200
2672,1208,1099,1785521,22689,2191790,7958400
2673,1147,1093,1784374,22743,2192883,7899100
2674,1190,1139,1783184,22794,2194022,8378100
2675,1172,1134,1782012,22832,2195156,8471900
2676,1162,1074,1780850,22920,2196230,8198700
2677,1105,1140,1779745,22885,2197370,8272500
2678,1148,1126,1778597,22907,2198496,8666100
2679,1175,1146,1777422,22936,2199642,8321600
2680,1114,1111,1776308,22939,2200753,8180200
2681,1141,1187,1775167,22893,2201940,7933500
2682,1130,1121,1774037,22902,2203061,8324600
2683,1189,1171,1772848,22920,2204232,8738600
2684,1197,1134,1771651,22983,2205366,8303600
2685,1190,1149,1770461,23024,2206515,8437500
2686,1158,1129,1769303,23053,2207644,9043200
2687,1205,1160,1768098,23098,2208804,8698300
2688,1185,1138,1766913,23145,2209942,8363500
2689,1148,1152,1765765,23141,2211094,8461300
2690,1141,1153,1764624,23129,2212247,8663900
2691,1151,1154,1763473,23126,2213401,8395800
2692,1124,1215,1762349,23035,2214616,8097000
2693,1225,1213,1761124,23047,2215829,8831000
2694,1179,1128,1759945,23098,2216957,8488400
2695,1124,1197,1758821,23025,2218154,8137000
2696,1154,1122,1757667,23057,2219276,8462000
2697,1197,1153,1756470,23101,2220429,8480800
2698,1206,1171,1755264,23136,2221600,8835100
2699,1192,1177,1754072,23151,2222777,8877300
2700,1152,1163,1752920,23140,2223940,9118300
2701,1111,1129,1751809,23122,2225069,9118900
2702,1134,1126,1750675,23130,2226195,8936700
2703,1147,1192,1749528,23085,2227387,8518500
2704,1150,1238,1748378,22997,2228625,8586800
2705,1119,1157,1747259,22959,2229782,8924100
2706,1140,1168,1746119,22931,2230950,9176900
2707,1177,1109,1744942,22999,2232059,9233900
2708,1172,1168,1743770,23003,2233227,8622100
2709,1114,1162,1742656,22955,2234389,8951800
2710,1125,1159,1741531,22921,2235548,8858500
2711,1070,1101,1740461,22890,2236649,8597000
2712,1189,1165,1739272,22914,2237814,9251300
2713,1113,1141,1738159,22886,2238955,8929500
2714,1081,1122,1737078,22845,2240077,8789400
2715,1079,1103,1735999,22821,2241180,8592300
2716,1148,1113,1734851,22856,2242293,9338000
2717,1151,1147,1733700,22860,2243440,9442600
2718,1128,1092,1732572,22896,2244532,8849700
2719,1116,1145,1731456,22867,2245677,8916600
2720,1115,1141,1730341,22841,2246818,9417200
2721,1131,1109,1729210,22863,2247927,9228000
2722,1135,1153,1728075,22845,2249080,9577900
2723,1139,1151,1726936,22833,2250231,10121600
2724,1107,1150,1725829,22790,2251381,9038600
2725,1140,1070,1724689,22860,2252451,8647500
2726,1138,1172,1723551,22826,2253623,8741300
2727,1089,1151,1722462,22764,2254774,8766300
2728,1134,1188,1721328,22710,2255962,8714700
2729,1172,1036,1720156,22846,2256998,8656700
2730,1092,1144,1719064,22794,2258142,8515800
2731,1093,1141,1717971,22746,2259283,8787200
2732,1080,1089,1716891,22737,2260372,8389100
2733,1139,1119,1715752,22757,2261491,8603200
2734,1152,1161,1714600,22748,2262652,8871300
2735,1087,1179,1713513,22656,2263831,9403600
2736,1104,1066,1712409,22694,2264897,8952300
2737,1159,1094,1711250,22759,2265991,8589000
2738,1137,1093,1710113,22803,2267084,8956300
2739,1160,1115,1708953,22848,2268199,8532400
2740,1127,1171,1707826,22804,2269370,8473500
2741,1179,1086,1706647,22897,2270456,8255600
2742,1152,1138,1705495,22911,2271594,8593300
2743,1079,1126,1704416,22864,2272720,8704200
2744,1112,1135,1703304,22841,2273855,8001400
2745,1083,1102,1702221,22822,2274957,7992400
2746,1112,1129,1701109,22805,2276086,8820400
2747,1049,1067,1700060,22787,2277153,8293500
2748,1115,1128,1698945,22774,2278281,8150800
2749,1090,1127,1697855,22737,2279408,7877500
2750,1114,1136,1696741,22715,2280544,7934100
2751,1108,1172,1695633,22651,2281716,8572000
2752,1111,1096,1694522,22666,2282812,8715700
2753,1066,1080,1693456,22652,2283892,8400600
2754,1132,1138,1692324,22646,2285030,8996600
2755,1099,1098,1691225,22647,2286128,8721000
2756,1155,1115,1690070,22687,2287243,8300500
2757,1105,1124,1688965,22668,2288367,8212800
2758,1149,1165,1687816,22652,2289532,8689900
2759,1083,1094,1686733,22641,2290626,8912400
2760,1099,1102,1685634,22638,2291728,8444000
2761,1164,1127,1684470,22675,2292855,8543300
2762,1161,1111,1683309,22725,2293966,9181000
2763,1113,1135,1682196,22703,2295101,8855600
2764,1147,1170,1681049,22680,2296271,8793200
2765,1141,1138,1679908,22683,2297409,8590500
2766,1113,1157,1678795,22639,2298566,8895300
2767,1148,1113,1677647,22674,2299679,8397300
2768,1085,1147,1676562,22612,2300826,8318400
2769,1145,1181,1675417,22576,2302007,8344900
2770,1106,1084,1674311,22598,2303091,8733300
2771,1128,1127,1673183,22599,2304218,8411300
2772,1172,1088,1672011,22683,2305306,8569800
2773,1103,1119,1670908,22667,2306425,8681900
2774,1133,1165,1669775,22635,2307590,9434700
2775,1145,1207,1668630,22573,2308797,8861900
2776,1179,1123,1667451,22629,2309920,8650700
2777,1136,1131,1666315,22634,2311051,8505000
2778,1133,1176,1665182,22591,2312227,8407000
2779,1149,1086,1664033,22654,2313313,8923300
2780,1111,1140,1662922,22625,2314453,8588600
2781,1088,1106,1661834,22607,2315559,8946300
2782,1102,1166,1660732,22543,2316725,8539600
2783,1138,1104,1659594,22577,2317829,8235400
2784,1172,1095,1658422,22654,2318924,8343400
2785,1123,1136,1657299,22641,2320060,8679000
2786,1194,1105,1656105,22730,2321165,8968500
2787,1081,1188,1655024,22623,2322353,8838400
2788,1077,1101,1653947,22599,2323454,8687700
2789,1161,1109,1652786,22651,2324563,8770000
2790,1124,1127,1651662,22648,2325690,8872500
2791,1132,1073,1650530,22707,2326763,8893800
2792,1081,1116,1649449,22672,2327879,9147900
2793,1094,1097,1648355,22669,2328976,9396700
2794,1104,1101,1647251,22672,2330077,8946400
2795,1096,1088,1646155,22680,2331165,9543100
2796,1103,1129,1645052,22654,2332294,8528100
2797,1106,1164,1643946,22596,2333458,8920500
2798,1120,1139,1642826,22577,2334597,8529000
2799,1089,1176,1641737,22490,2335773,8758700
2800,1125,1149,1640612,22466,2336922,8465200
2801,1056,1118,1639556,22404,2338040,8758500
2802,1051,1121,1638505,22334,2339161,8476000
2803,1088,1108,1637417,22314,2340269,8763800
2804,1126,1064,1636291,22376,2341333,8783100
2805,1098,1110,1635193,22364,2342443,8708000
2806,1064,1109,1634129,22319,2343552,8534000
2807,1056,1169,1633073,22206,2344721,8690300
2808,1132,1132,1631941,22206,2345853,8677900
2809,1083,1093,1630858,22196,2346946,8560400
2810,1089,1121,1629769,22164,2348067,8590800
2811,1084,1071,1628685,22177,2349138,8690800
2812,1083,1130,1627602,22130,2350268,8703500
2813,1123,1113,1626479,22140,2351381,8534100
2814,1072,1095,1625407,22117,2352476,8409700
2815,1062,1169,1624345,22010,2353645,8474900
2816,1101,1115,1623244,21996,2354760,8299800
2817,1032,1049,1622212,21979,2355809,8309800
2818,1131,1114,1621081,21996,2356923,8202300
2819,1129,1104,1619952,22021,2358027,8306700
2820,1139,1075,1618813,22085,2359102,8232800
2821,1131,1076,1617682,22140,2360178,8492400
2822,1136,1060,1616546,22216,2361238,8548200
2823,1121,1112,1615425,22225,2362350,9223900
2824,1107,1083,1614318,22249,2363433,9362400
2825,1094,1122,1613224,22221,2364555,8293700
2826,1117,1123,1612107,22215,2365678,8091500
2827,1167,1057,1610940,22325,2366735,7946800
2828,1123,1081,1609817,22367,2367816,8090300
2829,1072,1121,1608745,22318,2368937,7965300
2830,1158,1175,1607587,22301,2370112,7883400
2831,1143,1099,1606444,22345,2371211,7862000
2832,1194,1110,1605250,22429,2372321,8016100
2833,1142,1153,1604108,22418,2373474,7903900
2834,1111,1096,1602997,22433,2374570,8169300
2835,1101,1106,1601896,22428,2375676,8447500
2836,1146,1066,1600750,22508,2376742,8651100
2837,1147,1154,1599603,22501,2377896,8603700
2838,1179,1095,1598424,22585,2378991,8000100
2839,1087,1103,1597337,22569,2380094,8204400
2840,1113,1139,1596224,22543,2381233,8238600
2841,1066,1102,1595158,22507,2382335,8303600
2842,1073,1164,1594085,22416,2383499,8429100
2843,1075,1144,1593010,22347,2384643,8530700
2844,1067,1120,1591943,22294,2385763,8422500
2845,1049,1117,1590894,22226,2386880,8635400
2846,1052,1156,1589842,22122,2388036,8937200
2847,1093,1145,1588749,22070,2389181,8786400
2848,1156,1154,1587593,22072,2390335,9000600
2849,1096,1151,1586497,22017,2391486,9068300
2850,1095,1084,1585402,22028,2392570,9191500
2851,1056,1102,1584346,21982,2393672,9299800
2852,1144,1034,1583202,22092,2394706,8999400
2853,1115,1057,1582087,22150,2395763,8608400
2854,1082,1102,1581005,22130,2396865,8462500
2855,1111,1093,1579894,22148,2397958,8515000
2856,1053,1058,1578841,22143,2399016,8730600
2857,1079,1090,1577762,22132,2400106,8450200
2858,1070,1101,1576692,22101,2401207,8533000
2859,1097,1093,1575595,22105,2402300,8597100
2860,1079,1205,1574516,21979,2403505,8501000
2861,1105,1088,1573411,21996,2404593,8611600
2862,1128,1085,1572283,22039,2405678,8616400
2863,1068,1104,1571215,22003,2406782,8487200
2864,1090,1127,1570125,21966,2407909,8417100
2865,1053,1128,1569072,21891,2409037,8471700
2866,1088,1052,1567984,21927,2410089,8563100
2867,1076,1042,1566908,21961,2411131,8557700
2868,1076,1040,1565832,21997,2412171,8578400
2869,1055,1115,1564777,21937,2413286,8560900
2870,1084,1067,1563693,21954,2414353,8886300
2871,1086,1058,1562607,21982,2415411,8563700
2872,1030,1169,1561577,21843,2416580,8673900
2873,1075,1070,1560502,21848,2417650,8401100
2874,1050,1025,1559452,21873,2418675,8524500
2875,1071,1103,1558381,21841,2419778,8430200
2876,1049,1046,1557332,21844,2420824,8463800
2877,1036,1061,1556296,21819,2421885,8101800
2878,1091,1044,1555205,21866,2422929,8016200
2879,1037,1063,1554168,21840,2423992,8057200
2880,1120,1082,1553048,21878,2425074,7967800
2881,1098,1103,1551950,21873,2426177,8288100
2882,1016,1104,1550934,21785,2427281,8727500
2883,1069,1130,1549865,21724,2428411,8604100
2884,1088,1070,1548777,21742,2429481,8734000
2885,1087,1131,1547690,21698,2430612,9137800
2886,1076,1069,1546614,21705,2431681,8627300
2887,1093,1087,1545521,21711,2432768,8363900
2888,1057,1025,1544464,21743,2433793,8645900
2889,1101,1098,1543363,21746,2434891,8721100
2890,1035,1059,1542328,21722,2435950,8548500
2891,1077,1039,1541251,21760,2436989,9111800
2892,1109,1105,1540142,21764,2438094,9281200
2893,1071,1065,1539071,21770,2439159,9317000
2894,1082,1055,1537989,21797,2440214,9432700
2895,1116,1115,1536873,21798,2441329,9348200
2896,1098,1071,1535775,21825,2442400,9180700
2897,1119,1085,1534656,21859,2443485,9753800
2898,1088,1052,1533568,21895,2444537,9229900
2899,1068,1086,1532500,21877,2445623,8735100
2900,1084,1110,1531416,21851,2446733,9040500
2901,1053,1120,1530363,21784,2447853,8868800
2902,1080,1084,1529283,21780,2448937,9036000
2903,1135,1054,1528148,21861,2449991,9154600
2904,1094,1110,1527054,21845,2451101,9144900
2905,1086,1059,1525968,21872,2452160,8816200
2906,1083,1115,1524885,21840,2453275,8983400
2907,1099,1093,1523786,21846,2454368,8777600
2908,1094,1064,1522692,21876,2455432,8847800
2909,1125,1054,1521567,21947,2456486,9304100
2910,1088,1088,1520479,21947,2457574,9082000
2911,1066,1031,1519413,21982,2458605,8813800
2912,1107,1131,1518306,21958,2459736,8934100
2913,1104,1117,1517202,21945,2460853,8741600
2914,1067,1097,1516135,21915,2461950,8739200
2915,1079,1102,1515056,21892,2463052,8988200
2916,1050,1048,1514006,21894,2464100,8719700
2917,1027,1088,1512979,21833,2465188,9101900
2918,1104,1069,1511875,21868,2466257,8588900
2919,1103,1064,1510772,21907,2467321,9066400
2920,1034,1093,1509738,21848,2468414,8936500
2921,1120,1054,1508618,21914,2469468,8753200
2922,1101,1104,1507517,21911,2470572,9159500
2923,1079,1085,1506438,21905,2471657,8872500
2924,1089,1040,1505349,21954,2472697,8829000
2925,1114,1091,1504235,21977,2473788,8926900
2926,1055,1121,1503180,21911,2474909,8790200
2927,1047,1097,1502133,21861,2476006,8798800
2928,1098,1049,1501035,21910,2477055,9024500
2929,1070,1046,1499965,21934,2478101,9974300
2930,1047,1064,1498918,21917,2479165,8937700
2931,1180,1067,1497738,22030,2480232,9476600
2932,1126,1051,1496612,22105,2481283,9724800
2933,1125,1050,1495487,22180,2482333,9754900
2934,1099,1148,1494388,22131,2483481,9918500
2935,1077,1085,1493311,22123,2484566,8893400
2936,1025,1160,1492286,21988,2485726,8883600
2937,1139,1086,1491147,22041,2486812,9754700
2938,1141,1109,1490006,22073,2487921,9123300
2939,1021,1049,1488985,22045,2488970,8633200
2940,1093,1093,1487892,22045,2490063,8585200
2941,1062,1114,1486830,21993,2491177,8924800
2942,1039,1104,1485791,21928,2492281,9018900
2943,1028,1056,1484763,21900,2493337,9213900
2944,1040,1058,1483723,21882,2494395,8647200
2945,1104,1129,1482619,21857,2495524,9073300
2946,1090,1096,1481529,21851,2496620,9053100
2947,1062,1129,1480467,21784,2497749,8573800
2948,1033,1049,1479434,21768,2498798,9197500
2949,992,1090,1478442,21670,2499888,9234300
2950,1051,1114,1477391,21607,2501002,9236500
2951,1035,1111,1476356,21531,2502113,8693700
2952,1052,1070,1475304,21513,2503183,8969400
2953,1032,1059,1474272,21486,2504242,8907700
2954,1066,1099,1473206,21453,2505341,8804200
2955,967,1121,1472239,21299,2506462,8766900
2956,1056,1092,1471183,21263,2507554,8805500
2957,992,1017,1470191,21238,2508571,8839400
2958,1028,1025,1469163,21241,2509596,8925100
2959,1061,1098,1468102,21204,2510694,8733400
2960,1049,1066,1467053,21187,2511760,8802000
2961,1049,1079,1466004,21157,2512839,8645900
2962,1074,1067,1464930,21164,2513906,8805400
2963,1036,1056,1463894,21144,2514962,8956700
2964,1055,1074,1462839,21125,2516036,8687200
2965,1033,1040,1461806,21118,2517076,9149900
2966,1040,1058,1460766,21100,2518134,8823000
2967,1050,1046,1459716,21104,2519180,8904900
2968,1059,1032,1458657,21131,2520212,8552300
2969,1039,1100,1457618,21070,2521312,8468100
2970,1007,1058,1456611,21019,2522370,8453100
2971,1060,1028,1455551,21051,2523398,8545500
2972,991,1014,1454560,21028,2524412,8649100
2973,1065,1038,1453495,21055,2525450,8569500
2974,1043,1058,1452452,21040,2526508,9427900
2975,1012,1003,1451440,21049,2527511,8872400
2976,1051,1058,1450389,21042,2528569,8400200
2977,1073,1063,1449316,21052,2529632,8506100
2978,1035,1143,1448281,20944,2530775,8543400
2979,1032,1053,1447249,20923,2531828,8511100
2980,1037,1039,1446212,20921,2532867,8290500
2981,982,1052,1445230,20851,2533919,8496100
2982,1060,1016,1444170,20895,2534935,8361700
2983,1103,1066,1443067,20932,2536001,8489900
2984,1026,1018,1442041,20940,2537019,8248600
2985,1055,1065,1440986,20930,2538084,8184700
2986,1031,1056,1439955,20905,2539140,8022300
2987,1011,1031,1438944,20885,2540171,8239000
2988,1037,1071,1437907,20851,2541242,8100200
2989,1023,1000,1436884,20874,2542242,8282100
2990,1023,1062,1435861,20835,2543304,8028100
2991,1028,1080,1434833,20783,2544384,7921000
2992,961,1059,1433872,20685,2545443,7837200
2993,966,1109,1432906,20542,2546552,7906900
2994,1024,977,1431882,20589,2547529,8083800
2995,970,1022,1430912,20537,2548551,7987600
2996,1000,998,1429912,20539,2549549,8263000
2997,973,983,1428939,20529,2550532,8199200
2998,1027,1106,1427912,20450,2551638,8008800
2999,1013,1001,1426899,20462,2552639,7969400
3000,967,999,1425932,20430,2553638,8030200
3001,998,993,1424934,20435,2554631,8084900
3002,1006,1010,1423928,20431,2555641,8114500
3003,1047,1035,1422881,20443,2556676,8036600
3004,1021,1047,1421860,20417,2557723,7939700
3005,1012,986,1420848,20443,2558709,8360100
3006,1021,1030,1419827,20434,2559739,8381500
3007,1038,995,1418789,20477,2560734,8428800
3008,1071,994,1417718,20554,2561728,8895200
3009,969,1015,1416749,20508,2562743,8371100
3010,1029,1027,1415720,20510,2563770,8395300
3011,1080,1035,1414640,20555,2564805,7990300
3012,1017,1007,1413623,20565,2565812,8012800
3013,1050,1007,1412573,20608,2566819,8051100
3014,981,998,1411592,20591,2567817,7930700
3015,1030,1040,1410562,20581,2568857,8274400
3016,1013,1020,1409549,20574,2569877,8600700
3017,1024,1067,1408525,20531,2570944,8201000
3018,1043,1041,1407482,20533,2571985,8240100
3019,1052,1006,1406430,20579,2572991,7945100
3020,1045,978,1405385,20646,2573969,8238500
3021,1078,1026,1404307,20698,2574995,8053500
3022,1055,1081,1403252,20672,2576076,8459900
3023,1007,1043,1402245,20636,2577119,8113400
3024,1070,1080,1401175,20626,2578199,7893800
3025,1016,1027,1400159,20615,2579226,7912900
3026,1037,994,1399122,20658,2580220,7953700
3027,1051,1048,1398071,20661,2581268,8017600
3028,988,1052,1397083,20597,2582320,8525400
3029,978,1070,1396105,20505,2583390,8337100
3030,1006,962,1395099,20549,2584352,8019300
3031,1044,1002,1394055,20591,2585354,7968800
3032,1055,1040,1393000,20606,2586394,7935300
3033,996,1040,1392004,20562,2587434,7920000
3034,1017,1014,1390987,20565,2588448,8157200
3035,1076,975,1389911,20666,2589423,7995900
3036,1041,1074,1388870,20633,2590497,8344600
3037,1023,1040,1387847,20616,2591537,8156000
3038,990,1050,1386857,20556,2592587,8101500
3039,999,1049,1385858,20506,2593636,7867600
3040,999,1034,1384859,20471,2594670,7928200
3041,1045,985,1383814,20531,2595655,8009600
3042,985,1026,1382829,20490,2596681,7930700
3043,1034,979,1381795,20545,2597660,7974400
3044,1092,1084,1380703,20553,2598744,7945600
3045,1058,1061,1379645,20550,2599805,8321900
3046,1002,1055,1378643,20497,2600860,7957600
3047,1039,1006,1377604,20530,2601866,7934200
3048,1018,992,1376586,20556,2602858,7989400
3049,986,1056,1375600,20486,2603914,7878400
3050,1029,1069,1374571,20446,2604983,7898400
3051,1006,1031,1373565,20421,2606014,7989900
3052,1008,987,1372557,20442,2607001,7968600
3053,983,1031,1371574,20394,2608032,8362800
3054,1035,984,1370539,20445,2609016,8468900
3055,1005,1013,1369534,20437,2610029,8184900
3056,1000,1055,1368534,20382,2611084,8529700
3057,1032,962,1367502,20452,2612046,8318300
3058,991,1001,1366511,20442,2613047,8032200
3059,1048,1032,1365463,20458,2614079,8330700
3060,996,968,1364467,20486,2615047,8313600
3061,982,1052,1363485,20416,2616099,8151000
3062,972,988,1362513,20400,2617087,8560400
3063,1044,1050,1361469,20394,2618137,8193400
3064,988,1086,1360481,20296,2619223,8366600
3065,1001,1039,1359480,20258,2620262,8233000
3066,969,981,1358511,20246,2621243,8262000
3067,1005,986,1357506,20265,2622229,8582200
3068,1006,1053,1356500,20218,2623282,8086300
3069,956,1010,1355544,20164,2624292,8082300
3070,1021,1031,1354523,20154,2625323,8175600
3071,969,959,1353554,20164,2626282,8420600
3072,949,997,1352605,20116,2627279,9079300
3073,967,1006,1351638,20077,2628285,9030700
3074,995,970,1350643,20102,2629255,8469800
3075,999,1032,1349644,20069,2630287,8863700
3076,934,979,1348710,20024,2631266,8385700
3077,963,977,1347747,20010,2632243,8493100
3078,973,1005,1346774,19978,2633248,8406100
3079,883,932,1345891,19929,2634180,8434100
3080,965,951,1344926,19943,2635131,8850600
3081,905,1063,1344021,19785,2636194,7987900
3082,904,966,1343117,19723,2637160,7889400
3083,947,1010,1342170,19660,2638170,8470700
3084,902,981,1341268,19581,2639151,8374600
3085,944,991,1340324,19534,2640142,8444500
3086,940,1012,1339384,19462,2641154,8950400
3087,940,995,1338444,19407,2642149,8167500
3088,871,950,1337573,19328,2643099,8016100
3089,896,967,1336677,19257,2644066,7902300
3090,929,965,1335748,19221,2645031,7949700
3091,939,965,1334809,19195,2645996,7852900
3092,885,1000,1333924,19080,2646996,8010200
3093,944,936,1332980,19088,2647932,8509800
3094,899,970,1332081,19017,2648902,8203800
3095,888,956,1331193,18949,2649858,7990700
3096,947,939,1330246,18957,2650797,7917700
3097,923,940,1329323,18940,2651737,8508100
3098,946,913,1328377,18973,2652650,7954000
3099,922,952,1327455,18943,2653602,7849200
3100,929,975,1326526,18897,2654577,7923500
3101,899,911,1325627,18885,2655488,8210700
3102,929,942,1324698,18872,2656430,8181300
3103,864,927,1323834,18809,2657357,7950000
3104,889,881,1322945,18817,2658238,7972100
3105,871,965,1322074,18723,2659203,7892900
3106,883,875,1321191,18731,2660078,7828500
3107,936,912,1320255,18755,2660990,7897600
3108,894,933,1319361,18716,2661923,8000400
3109,900,918,1318461,18698,2662841,8193400
3110,887,890,1317574,18695,2663731,8670000
3111,866,928,1316708,18633,2664659,10725600
3112,887,882,1315821,18638,2665541,9803000
3113,905,897,1314916,18646,2666438,9251100
3114,906,918,1314010,18634,2667356,9008300
3115,950,933,1313060,18651,2668289,9260700
3116,919,990,1312141,18580,2669279,9132700
3117,880,927,1311261,18533,2670206,8631500
3118,860,924,1310401,18469,2671130,8606500
3119,870,945,1309531,18394,2672075,8844900
3120,859,905,1308672,18348,2672980,8399500
3121,848,913,1307824,18283,2673893,7931300
3122,832,964,1306992,18151,2674857,8017900
3123,876,901,1306116,18126,2675758,8086800
3124,885,905,1305231,18106,2676663,8278300
3125,889,898,1304342,18097,2677561,8015300
3126,916,868,1303426,18145,2678429,8023600
3127,902,925,1302524,18122,2679354,8118500
3128,878,896,1301646,18104,2680250,8484600
3129,851,918,1300795,18037,2681168,8866200
3130,878,878,1299917,18037,2682046,8400900
3131,833,969,1299084,17901,2683015,8071700
3132,851,892,1298233,17860,2683907,8090100
3133,898,906,1297335,17852,2684813,8278000
3134,876,852,1296459,17876,2685665,7925100
3135,819,921,1295640,17774,2686586,7877800
3136,860,918,1294780,17716,2687504,7880600
3137,880,898,1293900,17698,2688402,7826600
3138,872,918,1293028,17652,2689320,8265300
3139,869,898,1292159,17623,2690218,7945700
3140,837,855,1291322,17605,2691073,7974700
3141,840,862,1290482,17583,2691935,8490300
3142,882,883,1289600,17582,2692818,8182000
3143,882,851,1288718,17613,2693669,8362000
3144,895,942,1287823,17566,2694611,8551200
3145,910,869,1286913,17607,2695480,8016900
3146,891,874,1286022,17624,2696354,8305300
3147,877,859,1285145,17642,2697213,7999400
3148,864,879,1284281,17627,2698092,7847600
3149,900,850,1283381,17677,2698942,8051000
3150,876,861,1282505,17692,2699803,8120500
3151,912,905,1281593,17699,2700708,8232400
3152,887,868,1280706,17718,2701576,7997400
3153,917,877,1279789,17758,2702453,7872800
3154,867,897,1278922,17728,2703350,7909900
3155,834,898,1278088,17664,2704248,7818300
3156,857,856,1277231,17665,2705104,7986400
3157,860,903,1276371,17622,2706007,8133200
3158,822,880,1275549,17564,2706887,8202400
3159,820,857,1274729,17527,2707744,7866300
3160,874,848,1273855,17553,2708592,7963800
3161,844,884,1273011,17513,2709476,8140100
3162,782,873,1272229,17422,2710349,7878300
3163,848,809,1271381,17461,2711158,7819300
3164,840,898,1270541,17403,2712056,8209700
3165,830,899,1269711,17334,2712955,7894000
3166,799,894,1268912,17239,2713849,8428200
3167,843,908,1268069,17174,2714757,7970700
3168,830,867,1267239,17137,2715624,8221300
3169,772,857,1266467,17052,2716481,7815400
3170,794,856,1265673,16990,2717337,7905900
3171,828,804,1264845,17014,2718141,7908100
3172,807,858,1264038,16963,2718999,8022900
3173,804,845,1263234,16922,2719844,7986500
3174,832,867,1262402,16887,2720711,8275500
3175,829,867,1261573,16849,2721578,8388300
3176,840,871,1260733,16818,2722449,7871500
3177,829,816,1259904,16831,2723265,8425500
3178,844,819,1259060,16856,2724084,8429600
3179,829,844,1258231,16841,2724928,8264900
3180,794,858,1257437,16777,2725786,7910200
3181,822,832,1256615,16767,2726618,8151200
3182,827,834,1255788,16760,2727452,8195300
3183,867,819,1254921,16808,2728271,8388500
3184,854,857,1254067,16805,2729128,7977900
3185,864,844,1253203,16825,2729972,8082300
3186,810,881,1252393,16754,2730853,8007200
3187,831,847,1251562,16738,2731700,8006100
3188,820,829,1250742,16729,2732529,7984900
3189,797,824,1249945,16702,2733353,7995100
3190,878,825,1249067,16755,2734178,8137500
3191,774,854,1248293,16675,2735032,8089500
3192,803,834,1247490,16644,2735866,7911000
3193,789,840,1246701,16593,2736706,8017000
3194,850,853,1245851,16590,2737559,7989800
3195,810,820,1245041,16580,2738379,8066800
3196,835,799,1244206,16616,2739178,8552800
3197,819,820,1243387,16615,2739998,8203800
3198,796,816,1242591,16595,2740814,8655700
3199,841,852,1241750,16584,2741666,8223500
3200,789,808,1240961,16565,2742474,8167000
3201,847,805,1240114,16607,2743279,8159700
3202,810,840,1239304,16577,2744119,8106700
3203,752,802,1238552,16527,2744921,7816100
3204,828,860,1237724,16495,2745781,7881000
3205,831,816,1236893,16510,2746597,7978300
3206,737,799,1236156,16448,2747396,8597500
3207,841,838,1235315,16451,2748234,8488300
3208,846,844,1234469,16453,2749078,8621000
3209,803,815,1233666,16441,2749893,8381800
3210,836,840,1232830,16437,2750733,8564900
3211,785,846,1232045,16376,2751579,8349300
3212,857,839,1231188,16394,2752418,8379800
3213,789,824,1230399,16359,2753242,8728800
3214,792,864,1229607,16287,2754106,8542800
3215,837,828,1228770,16296,2754934,8374300
3216,799,863,1227971,16232,2755797,8070700
3217,800,789,1227171,16243,2756586,8288400
3218,773,835,1226398,16181,2757421,8222300
3219,768,818,1225630,16131,2758239,8178100
3220,789,835,1224841,16085,2759074,8119700
3221,781,830,1224060,16036,2759904,8044600
3222,776,792,1223284,16020,2760696,8461600
3223,796,834,1222488,15982,2761530,8154600
3224,790,802,1221698,15970,2762332,8324800
3225,733,797,1220965,15906,2763129,8266800
3226,735,795,1220230,15846,2763924,8144500
3227,741,811,1219489,15776,2764735,8028400
3228,804,760,1218685,15820,2765495,8168700
3229,764,735,1217921,15849,2766230,8066500
3230,793,799,1217128,15843,2767029,8361400
3231,786,775,1216342,15854,2767804,8701000
3232,836,808,1215506,15882,2768612,9042300
3233,784,832,1214722,15834,2769444,8962700
3234,810,829,1213912,15815,2770273,9058000
3235,765,807,1213147,15773,2771080,8655500
3236,770,781,1212377,15762,2771861,9250400
3237,740,762,1211637,15740,2772623,8467300
3238,764,756,1210873,15748,2773379,8245400
3239,712,818,1210161,15642,2774197,8364200
3240,754,797,1209407,15599,2774994,8218800
3241,809,721,1208598,15687,2775715,8239400
3242,748,769,1207850,15666,2776484,8303600
3243,767,809,1207083,15624,2777293,8377700
3244,819,789,1206264,15654,2778082,8786700
3245,779,799,1205485,15634,2778881,8137400
3246,780,764,1204705,15650,2779645,8749500
3247,718,714,1203987,15654,2780359,8703000
3248,812,764,1203175,15702,2781123,8292900
3249,782,799,1202393,15685,2781922,8755300
3250,876,754,1201517,15807,2782676,8820900
3251,788,804,1200729,15791,2783480,8720000
3252,817,787,1199912,15821,2784267,9088400
3253,780,796,1199132,15805,2785063,8541500
3254,770,773,1198362,15802,2785836,8821900
3255,775,836,1197587,15741,2786672,8724500
3256,766,755,1196821,15752,2787427,11277800
3257,788,807,1196033,15733,2788234,9454200
3258,768,843,1195265,15658,2789077,9274900
3259,790,768,1194475,15680,2789845,9512400
3260,793,839,1193682,15634,2790684,9317200
3261,774,783,1192908,15625,2791467,9296200
3262,803,765,1192105,15663,2792232,9444500
3263,757,766,1191348,15654,2792998,9126600
3264,804,741,1190544,15717,2793739,9165300
3265,776,760,1189768,15733,2794499,8779300
3266,798,771,1188970,15760,2795270,8730500
3267,732,782,1188238,15710,2796052,8724800
3268,775,795,1187463,15690,2796847,8732900
3269,773,757,1186690,15706,2797604,8769500
3270,810,820,1185880,15696,2798424,8739300
3271,760,795,1185120,15661,2799219,8660600
3272,795,794,1184325,15662,2800013,8433200
3273,746,728,1183579,15680,2800741,8342800
3274,754,755,1182825,15679,2801496,8719500
3275,792,717,1182033,15754,2802213,9091600
3276,794,774,1181239,15774,2802987,9119400
3277,757,806,1180482,15725,2803793,9030500
3278,799,783,1179683,15741,2804576,8746300
3279,780,783,1178903,15738,2805359,8443100
3280,768,804,1178135,15702,2806163,8288300
3281,758,779,1177377,15681,2806942,8536400
3282,825,789,1176552,15717,2807731,8144000
3283,734,821,1175818,15630,2808552,8049600
3284,756,790,1175062,15596,2809342,7952400
3285,789,800,1174273,15585,2810142,8127100
3286,768,810,1173505,15543,2810952,7801900
3287,748,766,1172757,15525,2811718,7798800
3288,810,790,1171947,15545,2812508,8010300
3289,787,777,1171160,15555,2813285,8426700
3290,768,745,1170392,15578,2814030,7968700
3291,797,798,1169595,15577,2814828,8065700
3292,825,793,1168770,15609,2815621,8125200
3293,766,731,1168004,15644,2816352,7941500
3294,757,813,1167247,15588,2817165,8080000
3295,802,810,1166445,15580,2817975,7832100
3296,767,775,1165678,15572,2818750,7956600
3297,769,733,1164909,15608,2819483,8452300
3298,790,800,1164119,15598,2820283,8065700
3299,788,780,1163331,15606,2821063,8091100
3300,771,765,1162560,15612,2821828,7913600
3301,757,834,1161803,15535,2822662,7915300
3302,780,806,1161023,15509,2823468,7967900
3303,761,709,1160262,15561,2824177,7896500
3304,791,756,1159471,15596,2824933,7923700
3305,782,729,1158689,15649,2825662,8015700
3306,764,811,1157925,15602,2826473,8062900
3307,820,782,1157105,15640,2827255,7899500
3308,761,778,1156344,15623,2828033,8202900
3309,788,810,1155556,15601,2828843,8084000
3310,750,825,1154806,15526,2829668,8354000
3311,794,780,1154012,15540,2830448,8780800
3312,763,788,1153249,15515,2831236,7911200
3313,748,762,1152501,15501,2831998,8378600
3314,724,759,1151777,15466,2832757,8327300
3315,733,759,1151044,15440,2833516,8167200
3316,805,830,1150239,15415,2834346,8699700
3317,726,776,1149513,15365,2835122,8263900
3318,702,782,1148811,15285,2835904,8255800
3319,772,738,1148039,15319,2836642,8329900
3320,746,824,1147293,15241,2837466,8338500
3321,795,808,1146498,15228,2838274,7829600
3322,780,755,1145718,15253,2839029,7833400
3323,808,783,1144910,15278,2839812,7871300
3324,749,732,1144161,15295,2840544,7863700
3325,767,812,1143394,15250,2841356,8384400
3326,765,738,1142629,15277,2842094,8545200
3327,791,787,1141838,15281,2842881,8328200
3328,739,767,1141099,15253,2843648,8612400
3329,764,768,1140335,15249,2844416,8297200
3330,773,755,1139562,15267,2845171,7984100
3331,770,767,1138792,15270,2845938,7924300
3332,765,806,1138027,15229,2846744,7884500
3333,762,804,1137265,15187,2847548,8611400
3334,749,712,1136516,15224,2848260,8062100
3335,780,755,1135736,15249,2849015,7833000
3336,766,796,1134970,15219,2849811,8005800
3337,769,769,1134201,15219,2850580,7983700
3338,724,734,1133477,15209,2851314,8172700
3339,792,787,1132685,15214,2852101,7916900
3340,735,690,1131950,15259,2852791,7915200
3341,755,780,1131195,15234,2853571,8627300
3342,783,785,1130412,15232,2854356,8081100
3343,751,734,1129661,15249,2855090,7987700
3344,768,748,1128893,15269,2855838,7857700
3345,712,770,1128181,15211,2856608,7897700
3346,770,725,1127411,15256,2857333,8091900
3347,762,777,1126649,15241,2858110,7850000
3348,755,787,1125894,15209,2858897,7866200
3349,747,804,1125147,15152,2859701,8477400
3350,744,761,1124403,15135,2860462,8071400
3351,748,739,1123655,15144,2861201,8210800
3352,721,755,1122934,15110,2861956,8463100
3353,705,767,1122229,15048,2862723,8483400
3354,747,725,1121482,15070,2863448,8363200
3355,734,774,1120748,15030,2864222,8508800
3356,765,750,1119983,15045,2864972,8379500
3357,765,730,1119218,15080,2865702,8604300
3358,720,791,1118498,15009,2866493,8421800
3359,714,772,1117784,14951,2867265,8422800
3360,691,723,1117093,14919,2867988,9278200
3361,780,769,1116313,14930,2868757,8448100
3362,738,757,1115575,14911,2869514,8491000
3363,714,769,1114861,14856,2870283,8480300
3364,701,672,1114160,14885,2870955,8706200
3365,696,744,1113464,14837,2871699,8612200
3366,695,775,1112769,14757,2872474,8798600
3367,736,656,1112033,14837,2873130,8503400
3368,739,732,1111294,14844,2873862,8655400
3369,700,753,1110594,14791,2874615,9074400
3370,739,741,1109855,14789,2875356,11996100
3371,769,735,1109086,14823,2876091,8923600
3372,753,735,1108333,14841,2876826,8777000
3373,744,756,1107589,14829,2877582,8822100
3374,730,684,1106859,14875,2878266,8779900
3375,738,728,1106121,14885,2878994,8949700
3376,791,746,1105330,14930,2879740,9181100
3377,722,773,1104608,14879,2880513,9022800
3378,796,754,1103812,14921,2881267,8637600
3379,775,724,1103037,14972,2881991,9273100
3380,747,743,1102290,14976,2882734,8796200
3381,763,746,1101527,14993,2883480,9314300
3382,743,740,1100784,14996,2884220,8616300
3383,808,724,1099976,15080,2884944,8651700
3384,737,742,1099239,15075,2885686,8712300
3385,754,727,1098485,15102,2886413,9281300
3386,717,744,1097768,15075,2887157,9120700
3387,733,760,1097035,15048,2887917,8451300
3388,711,744,1096324,15015,2888661,9199700
3389,728,766,1095596,14977,2889427,8329900
3390,757,727,1094839,15007,2890154,8196600
3391,734,718,1094105,15023,2890872,8530500
3392,750,768,1093355,15005,2891640,8629600
3393,708,737,1092647,14976,2892377,8554200
3394,775,743,1091872,15008,2893120,8518600
3395,739,768,1091133,14979,2893888,9056100
3396,803,746,1090330,15036,2894634,8568300
3397,745,762,1089585,15019,2895396,8709500
3398,782,760,1088803,15041,2896156,8370300
3399,757,746,1088046,15052,2896902,8568500
3400,792,746,1087254,15098,2897648,8295200
3401,733,751,1086521,15080,2898399,8312800
3402,711,742,1085810,15049,2899141,8355400
3403,718,804,1085092,14963,2899945,9011000
3404,750,756,1084342,14957,2900701,8189800
3405,738,750,1083604,14945,2901451,8238700
3406,712,758,1082892,14899,2902209,8219200
3407,742,736,1082150,14905,2902945,8337200
3408,742,758,1081408,14889,2903703,8547700
3409,711,789,1080697,14811,2904492,8404400
3410,737,745,1079960,14803,2905237,8800700
3411,731,760,1079229,14774,2905997,8552400
3412,722,758,1078507,14738,2906755,8591900
3413,734,734,1077773,14738,2907489,8667000
3414,741,764,1077032,14715,2908253,8792700
3415,719,752,1076313,14682,2909005,8647200
3416,713,748,1075600,14647,2909753,9845100
3417,722,749,1074878,14620,2910502,9145300
3418,667,738,1074211,14549,2911240,9386600
3419,687,735,1073524,14501,2911975,10050000
3420,669,692,1072855,14478,2912667,8836800
3421,720,668,1072135,14530,2913335,8707400
3422,687,719,1071448,14498,2914054,9185700
3423,729,711,1070719,14516,2914765,8545000
3424,668,764,1070051,14420,2915529,9313200
3425,732,742,1069319,14410,2916271,8739300
3426,732,724,1068587,14418,2916995,8824900
3427,735,721,1067852,14432,2917716,8835100
3428,696,714,1067156,14414,2918430,8592300
3429,692,686,1066464,14420,2919116,10370500
3430,728,724,1065736,14424,2919840,9767700
3431,747,691,1064989,14480,2920531,8685700
3432,776,713,1064213,14543,2921244,9224100
3433,724,726,1063489,14541,2921970,8496100
3434,734,721,1062755,14554,2922691,8426900
3435,708,725,1062047,14537,2923416,8817500
3436,714,710,1061333,14541,2924126,9258800
3437,775,721,1060558,14595,2924847,8252000
3438,758,728,1059800,14625,2925575,8008900
3439,769,747,1059031,14647,2926322,7994600
3440,770,692,1058261,14725,2927014,8088600
3441,681,726,1057580,14680,2927740,7974400
3442,768,678,1056812,14770,2928418,8313300
3443,777,692,1056035,14855,2929110,8329600
3444,719,742,1055316,14832,2929852,8233200
3445,756,773,1054560,14815,2930625,8345000
3446,776,781,1053784,14810,2931406,8333000
3447,762,769,1053022,14803,2932175,8563600
3448,726,737,1052296,14792,2932912,8215100
3449,695,744,1051601,14743,2933656,8308800
3450,671,775,1050930,14639,2934431,8159300
3451,761,745,1050169,14655,2935176,8096500
3452,721,744,1049448,14632,2935920,8030800
3453,741,803,1048707,14570,2936723,8168000
3454,714,765,1047993,14519,2937488,7965800
3455,709,763,1047284,14465,2938251,7913800
3456,716,712,1046568,14469,2938963,7886100
3457,698,692,1045870,14475,2939655,8191900
3458,713,737,1045157,14451,2940392,8118000
3459,655,706,1044502,14400,2941098,8075000
3460,692,742,1043810,14350,2941840,7954300
3461,661,674,1043149,14337,2942514,7921800
3462,674,693,1042475,14318,2943207,7795200
3463,684,677,1041791,14325,2943884,8162900
3464,679,726,1041112,14278,2944610,8050300
3465,722,724,1040390,14276,2945334,8438300
3466,714,655,1039676,14335,2945989,8479700
3467,705,731,1038971,14309,2946720,7957500
3468,680,734,1038291,14255,2947454,8220400
3469,708,693,1037583,14270,2948147,7855000
3470,702,740,1036881,14232,2948887,8039000
3471,693,728,1036188,14197,2949615,7878700
3472,689,691,1035499,14195,2950306,7826500
3473,676,721,1034823,14150,2951027,8334000
3474,683,718,1034140,14115,2951745,8140200
3475,627,700,1033513,14042,2952445,7877900
3476,684,676,1032829,14050,2953121,8290100
3477,664,733,1032165,13981,2953854,7904200
3478,693,679,1031472,13995,2954533,7919500
3479,667,703,1030805,13959,2955236,7854200
3480,692,718,1030113,13933,2955954,8037000
3481,678,783,1029435,13828,2956737,7948000
3482,683,703,1028752,13808,2957440,8239600
3483,667,687,1028085,13788,2958127,7896300
3484,677,694,1027408,13771,2958821,8009500
3485,674,691,1026734,13754,2959512,7952800
3486,700,693,1026034,13761,2960205,8203000
3487,654,708,1025380,13707,2960913,9049800
3488,697,725,1024683,13679,2961638,8535100
3489,704,653,1023979,13730,2962291,8661700
3490,725,753,1023254,13702,2963044,8678400
3491,746,703,1022508,13745,2963747,8704400
3492,665,662,1021843,13748,2964409,8991700
3493,606,701,1021237,13653,2965110,8445200
3494,719,654,1020518,13718,2965764,8294500
3495,658,686,1019860,13690,2966450,8613900
3496,669,698,1019191,13661,2967148,8342500
3497,667,662,1018524,13666,2967810,8280800
3498,707,679,1017817,13694,2968489,8313100
3499,634,698,1017183,13630,2969187,8836100
3500,712,641,1016471,13701,2969828,8272000
3501,687,680,1015784,13708,2970508,8371000
3502,687,674,1015097,13721,2971182,8445200
3503,689,696,1014408,13714,2971878,8358700
3504,631,691,1013777,13654,2972569,8655000
3505,699,645,1013078,13708,2973214,8877400
3506,708,682,1012370,13734,2973896,8575300
3507,703,682,1011667,13755,2974578,8911000
3508,722,753,1010945,13724,2975331,8406300
3509,687,665,1010258,13746,2975996,9127800
3510,667,689,1009591,13724,2976685,8455500
3511,703,648,1008888,13779,2977333,9374400
3512,688,727,1008200,13740,2978060,8362900
3513,682,688,1007518,13734,2978748,8592700
3514,672,680,1006846,13726,2979428,8415300
3515,744,699,1006102,13771,2980127,8613300
3516,710,669,1005392,13812,2980796,9061800
3517,699,706,1004693,13805,2981502,8177000
3518,676,687,1004017,13794,2982189,8320600
3519,694,692,1003323,13796,2982881,8420100
3520,717,748,1002606,13765,2983629,8515300
3521,674,702,1001932,13737,2984331,8248500
3522,692,676,1001240,13753,2985007,8208500
3523,681,718,1000559,13716,2985725,7975300
3524,693,678,999866,13731,2986403,8090400
3525,665,676,999201,13720,2987079,8169000
3526,671,693,998530,13698,2987772,8147400
3527,644,687,997886,13655,2988459,8140800
3528,657,629,997229,13683,2989088,8147100
3529,659,680,996570,13662,2989768,8140600
3530,678,679,995892,13661,2990447,8218100
3531,703,655,995189,13709,2991102,8132100
3532,651,688,994538,13672,2991790,8209300
3533,692,711,993846,13653,2992501,8180100
3534,646,680,993200,13619,2993181,8060300
3535,694,685,992506,13628,2993866,8040700
3536,677,686,991829,13619,2994552,8102100
3537,714,683,991115,13650,2995235,8043800
3538,635,698,990480,13587,2995933,7916300
3539,655,686,989825,13556,2996619,7893100
3540,663,667,989162,13552,2997286,7939000
3541,628,674,988534,13506,2997960,8078900
3542,689,673,987845,13522,2998633,8056900
3543,666,681,987179,13507,2999314,8416100
3544,650,665,986529,13492,2999979,8270900
3545,665,668,985864,13489,3000647,9042000
3546,661,672,985203,13478,3001319,8497700
3547,676,721,984527,13433,3002040,8837400
3548,672,625,983855,13480,3002665,8317600
3549,669,658,983186,13491,3003323,9290400
3550,648,642,982538,13497,3003965,8701000
3551,679,677,981859,13499,3004642,8570300
3552,599,690,981260,13408,3005332,8928800
3553,644,678,980616,13374,3006010,8471100
3554,678,660,979938,13392,3006670,8965600
3555,661,664,979277,13389,3007334,8995800
3556,653,679,978624,13363,3008013,8891200
3557,608,632,978016,13339,3008645,8281600
3558,619,651,977397,13307,3009296,8451500
3559,643,695,976754,13255,3009991,8420200
3560,654,686,976100,13223,3010677,8287600
3561,663,671,975437,13215,3011348,8664800
3562,633,620,974804,13228,3011968,9031800
3563,641,650,974163,13219,3012618,8328000
3564,599,698,973564,13120,3013316,8641100
3565,679,629,972885,13170,3013945,8559100
3566,618,656,972267,13132,3014601,8596200
3567,639,661,971628,13110,3015262,8647700
3568,681,647,970947,13144,3015909,9343600
3569,666,656,970281,13154,3016565,9115200
3570,611,678,969670,13087,3017243,8174200
3571,658,675,969012,13070,3017918,8190500
3572,691,655,968321,13106,3018573,8245400
3573,643,674,967678,13075,3019247,8097300
3574,704,667,966974,13112,3019914,7979600
3575,651,642,966323,13121,3020556,8062800
3576,667,651,965656,13137,3021207,8266900
3577,685,648,964971,13174,3021855,7922500
3578,657,665,964314,13166,3022520,7806800
3579,671,688,963643,13149,3023208,7819600
3580,684,610,962959,13223,3023818,8177900
3581,653,674,962306,13202,3024492,7992200
3582,697,653,961609,13246,3025145,7855000
3583,670,645,960939,13271,3025790,7828700
3584,645,634,960294,13282,3026424,7829300
3585,645,684,959649,13243,3027108,8069800
3586,646,663,959003,13226,3027771,7842100
3587,612,609,958391,13229,3028380,7761500
3588,652,698,957739,13183,3029078,7964900
3589,661,706,957078,13138,3029784,8073900
3590,641,668,956437,13111,3030452,8028500
3591,638,626,955799,13123,3031078,7930100
3592,662,659,955137,13126,3031737,7864400
3593,670,630,954467,13166,3032367,7866400
3594,626,685,953841,13107,3033052,7911600
3595,635,640,953206,13102,3033692,7859500
3596,634,654,952572,13082,3034346,8028800
3597,668,712,951904,13038,3035058,7889100
3598,632,637,951272,13033,3035695,7934000
3599,636,634,950636,13035,3036329,7928600
3600,643,638,949993,13040,3036967,7998500
3601,671,638,949322,13073,3037605,7977600
3602,646,690,948676,13029,3038295,8017700
3603,642,578,948034,13093,3038873,7983100
3604,614,682,947420,13025,3039555,7915200
3605,628,610,946792,13043,3040165,7955400
3606,621,671,946171,12993,3040836,8201700
3607,698,654,945473,13037,3041490,8504100
3608,712,662,944761,13087,3042152,8191300
3609,697,629,944064,13155,3042781,8462700
3610,677,625,943387,13207,3043406,8550000
3611,677,680,942710,13204,3044086,8549300
3612,658,684,942052,13178,3044770,7972700
3613,673,670,941379,13181,3045440,7958400
3614,631,631,940748,13181,3046071,7916900
3615,657,677,940091,13161,3046748,7837700
3616,669,640,939422,13190,3047388,7957200
3617,699,666,938723,13223,3048054,7849400
3618,696,709,938027,13210,3048763,8054200
3619,670,646,937357,13234,3049409,7980400
3620,613,681,936744,13166,3050090,7912300
3621,647,675,936097,13138,3050765,7918200
3622,675,675,935422,13138,3051440,7899300
3623,646,623,934776,13161,3052063,7994400
3624,660,690,934116,13131,3052753,7867400
3625,639,632,933477,13138,3053385,7830500
3626,684,683,932793,13139,3054068,7832900
3627,655,632,932138,13162,3054700,8025400
3628,645,627,931493,13180,3055327,7791300
3629,638,711,930855,13107,3056038,7863700
3630,665,637,930190,13135,3056675,8136400
3631,674,650,929516,13159,3057325,7911100
3632,684,710,928832,13133,3058035,7849200
3633,651,637,928181,13147,3058672,8011400
3634,651,667,927530,13131,3059339,7978100
3635,680,639,926850,13172,3059978,8043100
3636,685,695,926165,13162,3060673,8092700
3637,658,693,925507,13127,3061366,7894600
3638,656,634,924851,13149,3062000,7826200
3639,633,622,924218,13160,3062622,7797200
3640,622,684,923596,13098,3063306,7823800
3641,649,627,922947,13120,3063933,7912100
3642,688,655,922259,13153,3064588,8199000
3643,675,688,921584,13140,3065276,8126300
3644,658,636,920926,13162,3065912,8018100
3645,685,640,920241,13207,3066552,8020800
3646,629,670,919612,13166,3067222,7912800
3647,667,639,918945,13194,3067861,7785900
3648,725,650,918220,13269,3068511,7864600
3649,695,615,917525,13349,3069126,7915800
3650,671,649,916854,13371,3069775,7886200
3651,701,695,916153,13377,3070470,7921000
3652,671,692,915482,13356,3071162,8165000
3653,651,646,914831,13361,3071808,7990300
3654,696,681,914135,13376,3072489,8357900
3655,680,646,913455,13410,3073135,8104900
3656,652,681,912803,13381,3073816,8085200
3657,618,671,912185,13328,3074487,7859000
3658,633,685,911552,13276,3075172,7857200
3659,632,639,910920,13269,3075811,7927100
3660,753,622,910167,13400,3076433,8116600
3661,671,677,909496,13394,3077110,8511000
3662,697,656,908799,13435,3077766,8146000
3663,650,645,908149,13440,3078411,8088500
3664,663,704,907486,13399,3079115,8056500
3665,647,654,906839,13392,3079769,8032400
3666,672,629,906167,13435,3080398,8045000
3667,658,723,905509,13370,3081121,8177000
3668,710,677,904799,13403,3081798,8162800
3669,692,672,904107,13423,3082470,8346900
3670,662,680,903445,13405,3083150,8683200
3671,670,642,902775,13433,3083792,8492500
3672,619,666,902156,13386,3084458,8433600
3673,683,672,901473,13397,3085130,8549500
3674,656,677,900817,13376,3085807,8379200
3675,658,690,900159,13344,3086497,8646400
3676,653,665,899506,13332,3087162,8406900
3677,640,631,898866,13341,3087793,8353500
3678,700,688,898166,13353,3088481,8219800
3679,706,688,897460,13371,3089169,8290800
3680,691,673,896769,13389,3089842,8049800
3681,653,713,896116,13329,3090555,8000500
3682,661,671,895455,13319,3091226,7996400
3683,668,664,894787,13323,3091890,7999900
3684,665,675,894122,13313,3092565,8447400
3685,656,695,893466,13274,3093260,8055600
3686,669,659,892797,13284,3093919,8009400
3687,659,692,892138,13251,3094611,8284500
3688,624,644,891514,13231,3095255,8357100
3689,646,645,890868,13232,3095900,8468900
3690,624,645,890244,13211,3096545,8200200
3691,701,677,889543,13235,3097222,8240900
3692,645,663,888898,13217,3097885,8427000
3693,626,698,888272,13145,3098583,8101700
3694,647,636,887625,13156,3099219,7929200
3695,679,629,886946,13206,3099848,7999400
3696,641,649,886305,13198,3100497,7910000
3697,606,635,885699,13169,3101132,7889800
3698,682,693,885017,13158,3101825,7990400
3699,652,643,884365,13167,3102468,7803500
3700,667,673,883698,13161,3103141,7813000
3701,679,672,883019,13168,3103813,7844700
3702,617,615,882402,13170,3104428,7961900
3703,628,654,881774,13144,3105082,7903100
3704,649,634,881125,13159,3105716,7967400
3705,643,661,880482,13141,3106377,7992600
3706,635,642,879847,13134,3107019,7979800
3707,634,692,879213,13076,3107711,7789600
3708,641,617,878572,13100,3108328,7857000
3709,662,668,877910,13094,3108996,8044600
3710,627,651,877283,13070,3109647,7875100
3711,674,650,876609,13094,3110297,8118700
3712,683,680,875926,13097,3110977,7831000
3713,657,655,875269,13099,3111632,7849800
3714,665,656,874604,13108,3112288,7946300
3715,619,686,873985,13041,3112974,8345000
3716,589,676,873396,12954,3113650,7916800
3717,612,622,872784,12944,3114272,8540200
3718,649,605,872135,12988,3114877,8150300
3719,632,663,871503,12957,3115540,8479900
3720,667,641,870836,12983,3116181,8020800
3721,646,654,870190,12975,3116835,7920900
3722,633,651,869557,12957,3117486,8913200
3723,653,653,868904,12957,3118139,9523500
3724,630,652,868274,12935,3118791,9668300
3725,668,623,867606,12980,3119414,9787900
3726,634,694,866972,12920,3120108,8888600
3727,671,662,866301,12929,3120770,9481700
3728,660,635,865641,12954,3121405,8460700
3729,685,620,864956,13019,3122025,8290300
3730,637,624,864319,13032,3122649,8601800
3731,624,665,863695,12991,3123314,8890300
3732,597,643,863098,12945,3123957,8531400
3733,645,631,862453,12959,3124588,8449400
3734,635,681,861818,12913,3125269,8396700
3735,635,618,861183,12930,3125887,7999400
3736,630,675,860553,12885,3126562,8088000
3737,627,655,859926,12857,3127217,8071700
3738,609,677,859317,12789,3127894,7842400
3739,651,674,858666,12766,3128568,7944000
3740,647,667,858019,12746,3129235,7949000
3741,623,630,857396,12739,3129865,8757500
3742,633,621,856763,12751,3130486,8113400
3743,600,654,856163,12697,3131140,8096400
3744,615,642,855548,12670,3131782,7853100
3745,652,632,854896,12690,3132414,7818900
3746,674,633,854222,12731,3133047,7910000
3747,620,648,853602,12703,3133695,7743400
3748,582,615,853020,12670,3134310,7973100
3749,622,655,852398,12637,3134965,7855600
3750,610,621,851788,12626,3135586,7892400
3751,581,668,851207,12539,3136254,7915100
3752,578,662,850629,12455,3136916,7840000
3753,568,633,850061,12390,3137549,7842300
3754,561,642,849500,12309,3138191,7969500
3755,583,610,848917,12282,3138801,7864600
3756,572,592,848345,12262,3139393,7781500
3757,623,615,847722,12270,3140008,8210600
3758,602,639,847120,12233,3140647,8149200
3759,600,598,846520,12235,3141245,7902800
3760,584,623,845936,12196,3141868,8014400
3761,621,605,845315,12212,3142473,8289800
3762,629,575,844686,12266,3143048,7991400
3763,608,658,844078,12216,3143706,7866900
3764,614,634,843464,12196,3144340,7837100
3765,617,623,842847,12190,3144963,7873800
3766,643,644,842204,12189,3145607,8097500
3767,579,571,841625,12197,3146178,8116500
3768,586,640,841039,12143,3146818,7885100
3769,656,604,840383,12195,3147422,7910600
3770,661,618,839722,12238,3148040,8092100
3771,615,617,839107,12236,3148657,8068200
3772,601,589,838506,12248,3149246,7953000
3773,600,607,837906,12241,3149853,8039400
3774,556,622,837350,12175,3150475,8009800
3775,588,620,836762,12143,3151095,7894900
3776,587,609,836175,12121,3151704,7758100
3777,574,610,835601,12085,3152314,8222100
3778,604,600,834997,12089,3152914,7823600
3779,583,590,834414,12082,3153504,7819300
3780,594,631,833820,12045,3154135,7771800
3781,575,656,833245,11964,3154791,7859300
3782,605,588,832640,11981,3155379,7937300
3783,597,563,832043,12015,3155942,8026700
3784,602,612,831441,12005,3156554,7951400
3785,586,564,830855,12027,3157118,7942200
3786,591,584,830264,12034,3157702,8145000
3787,611,563,829653,12082,3158265,7847300
3788,597,613,829056,12066,3158878,7787100
3789,608,603,828448,12071,3159481,7775100
3790,570,625,827878,12016,3160106,8247800
3791,615,582,827263,12049,3160688,7975100
3792,611,606,826652,12054,3161294,7779600
3793,614,606,826038,12062,3161900,7767700
3794,568,583,825470,12047,3162483,7811200
3795,588,630,824882,12005,3163113,8004400
3796,563,604,824319,11964,3163717,8430300
3797,573,650,823746,11887,3164367,8368700
3798,612,607,823134,11892,3164974,8164700
3799,588,647,822546,11833,3165621,8123800
3800,529,562,822017,11800,3166183,8421100
3801,539,553,821478,11786,3166736,8104000
3802,607,562,820871,11831,3167298,8099100
3803,575,583,820296,11823,3167881,8160600
3804,547,587,819749,11783,3168468,7836400
3805,586,587,819163,11782,3169055,7780600
3806,570,571,818593,11781,3169626,7869400
3807,572,625,818021,11728,3170251,8008300
3808,566,580,817455,11714,3170831,8188800
3809,543,615,816912,11642,3171446,8113000
3810,554,609,816358,11587,3172055,8432600
3811,600,538,815758,11649,3172593,10031300
3812,543,587,815215,11605,3173180,10065400
3813,568,563,814647,11610,3173743,10920700
3814,574,624,814073,11560,3174367,11064600
3815,565,566,813508,11559,3174933,10691600
3816,578,611,812930,11526,3175544,9235400
3817,543,588,812387,11481,3176132,8980100
3818,527,592,811860,11416,3176724,9089600
3819,541,569,811319,11388,3177293,8691500
3820,569,584,810750,11373,3177877,8344100
3821,534,555,810216,11352,3178432,8796400
3822,555,600,809661,11307,3179032,8545600
3823,540,573,809121,11274,3179605,8200200
3824,568,532,808553,11310,3180137,8394000
3825,548,566,808005,11292,3180703,8090100
3826,506,526,807499,11272,3181229,8381900
3827,532,534,806967,11270,3181763,7934100
3828,522,568,806445,11224,3182331,8050400
3829,516,569,805929,11171,3182900,8033600
3830,528,541,805401,11158,3183441,8110900
3831,553,593,804848,11118,3184034,8057800
3832,542,584,804306,11076,3184618,7937000
3833,534,551,803772,11059,3185169,7980700
3834,510,525,803262,11044,3185694,8252900
3835,528,552,802734,11020,3186246,7934800
3836,597,576,802137,11041,3186822,8080100
3837,508,531,801629,11018,3187353,8022400
3838,477,521,801152,10974,3187874,8550400
3839,502,597,800650,10879,3188471,8034400
3840,493,550,800157,10822,3189021,8527300
3841,521,556,799636,10787,3189577,8005000
3842,474,514,799162,10747,3190091,7960000
3843,484,562,798678,10669,3190653,7830500
3844,533,523,798145,10679,3191176,7787700
3845,480,542,797665,10617,3191718,7928200
3846,495,550,797170,10562,3192268,8053900
3847,498,537,796672,10523,3192805,7924100
3848,474,519,796198,10478,3193324,7858000
3849,499,548,795699,10429,3193872,7846400
3850,483,548,795216,10364,3194420,7890200
3851,511,496,794705,10379,3194916,8064600
3852,488,557,794217,10310,3195473,8039000
3853,535,553,793682,10292,3196026,8121400
3854,509,527,793173,10274,3196553,8158100
3855,473,541,792700,10206,3197094,8521700
3856,479,491,792221,10194,3197585,8776400
3857,517,488,791704,10223,3198073,8580900
3858,542,501,791162,10264,3198574,8509400
3859,512,514,790650,10262,3199088,8044000
3860,500,498,790150,10264,3199586,8296400
3861,494,484,789656,10274,3200070,7965000
3862,521,576,789135,10219,3200646,8151000
3863,474,494,788661,10199,3201140,8139200
3864,544,500,788117,10243,3201640,8057400
3865,518,501,787599,10260,3202141,8112600
3866,482,502,787117,10240,3202643,8160000
3867,479,568,786638,10151,3203211,7966200
3868,535,513,786103,10173,3203724,8062900
3869,469,476,785634,10166,3204200,8566000
3870,473,454,785161,10185,3204654,8112000
3871,489,531,784672,10143,3205185,8474700
3872,475,480,784197,10138,3205665,8177500
3873,511,466,783686,10183,3206131,8061400
3874,533,522,783153,10194,3206653,8076100
3875,516,530,782637,10180,3207183,7920600
3876,449,530,782188,10099,3207713,8089600
3877,513,524,781675,10088,3208237,8340100
3878,483,489,781192,10082,3208726,8092400
3879,476,494,780716,10064,3209220,8388600
3880,480,478,780236,10066,3209698,8046500
3881,491,489,779745,10068,3210187,7995200
3882,485,485,779260,10068,3210672,8084500
3883,476,509,778784,10035,3211181,8148500
3884,499,528,778285,10006,3211709,8893400
3885,462,516,777823,9952,3212225,8123300
3886,510,480,777313,9982,3212705,8707100
3887,478,497,776835,9963,3213202,8085000
3888,466,517,776369,9912,3213719,7891100
3889,460,493,775909,9879,3214212,7829600
3890,516,535,775393,9860,3214747,8045000
3891,484,498,774909,9846,3215245,7753800
3892,468,483,774441,9831,3215728,8205400
3893,500,470,773941,9861,3216198,7837900
3894,484,484,773457,9861,3216682,7966800
3895,453,507,773004,9807,3217189,8073700
3896,513,468,772491,9852,3217657,8111300
3897,476,470,772015,9858,3218127,8055300
3898,467,510,771548,9815,3218637,8032600
3899,441,478,771107,9778,3219115,7980300
3900,415,512,770692,9681,3219627,8141600
3901,455,490,770237,9646,3220117,7823600
3902,464,497,769773,9613,3220614,8040300
3903,454,489,769319,9578,3221103,8077900
3904,477,491,768842,9564,3221594,7945700
3905,480,493,768362,9551,3222087,7883000
3906,461,476,767901,9536,3222563,7831300
3907,450,452,767451,9534,3223015,8345700
3908,504,478,766947,9560,3223493,7823000
3909,491,486,766456,9565,3223979,7886500
3910,485,495,765971,9555,3224474,8132900
3911,462,500,765509,9517,3224974,7910700
3912,499,495,765010,9521,3225469,8507900
3913,512,471,764498,9562,3225940,8241300
3914,471,496,764027,9537,3226436,8052500
3915,484,493,763543,9528,3226929,7816900
3916,484,453,763059,9559,3227382,8008600
3917,500,480,762559,9579,3227862,8261800
3918,515,467,762044,9627,3228329,8461800
3919,506,451,761538,9682,3228780,8334200
3920,504,464,761034,9722,3229244,8203400
3921,500,456,760534,9766,3229700,8483000
3922,514,512,760020,9768,3230212,8209000
3923,483,427,759537,9824,3230639,8117900
3924,464,501,759073,9787,3231140,7882700
3925,479,460,758594,9806,3231600,8407500
3926,510,474,758084,9842,3232074,7816600
3927,494,511,757590,9825,3232585,7926200
3928,502,521,757088,9806,3233106,8134200
3929,445,478,756643,9773,3233584,7887900
3930,466,497,756177,9742,3234081,7815100
3931,491,504,755686,9729,3234585,8346400
3932,472,460,755214,9741,3235045,8783100
3933,488,458,754726,9771,3235503,9243000
3934,461,514,754265,9718,3236017,9273300
3935,471,430,753794,9759,3236447,9060900
3936,459,489,753335,9729,3236936,8997200
3937,482,501,752853,9710,3237437,8806100
3938,452,473,752401,9689,3237910,8369800
3939,461,486,751940,9664,3238396,8186800
3940,452,491,751488,9625,3238887,8048000
3941,474,484,751014,9615,3239371,8158700
3942,480,472,750534,9623,3239843,8087700
3943,457,475,750077,9605,3240318,8103500
3944,448,512,749629,9541,3240830,8287800
3945,433,455,749196,9519,3241285,8066400
3946,442,472,748754,9489,3241757,8039200
3947,447,440,748307,9496,3242197,8224900
3948,438,462,747869,9472,3242659,8061100
3949,492,473,747377,9491,3243132,8297700
3950,446,484,746931,9453,3243616,8495100
3951,450,470,746481,9433,3244086,8446500
3952,455,459,746026,9429,3244545,8654200
3953,472,487,745554,9414,3245032,8583600
3954,436,508,745118,9342,3245540,8457800
3955,461,462,744657,9341,3246002,8417500
3956,507,449,744150,9399,3246451,8606100
3957,464,491,743686,9372,3246942,8317900
3958,449,445,743237,9376,3247387,8717600
3959,442,494,742795,9324,3247881,8731400
3960,423,458,742372,9289,3248339,8563600
3961,460,456,741912,9293,3248795,8393300
3962,410,473,741502,9230,3249268,8317300
3963,476,437,741026,9269,3249705,8319500
3964,470,467,740556,9272,3250172,8472300
3965,443,477,740113,9238,3250649,8784500
3966,455,417,739658,9276,3251066,8984300
3967,504,490,739154,9290,3251556,8670500
3968,443,492,738711,9241,3252048,9068600
3969,421,472,738290,9190,3252520,8776400
3970,495,421,737795,9264,3252941,9023000
3971,463,459,737332,9268,3253400,8824700
3972,467,473,736865,9262,3253873,8841400
3973,486,455,736379,9293,3254328,8759500
3974,442,423,735937,9312,3254751,9437400
3975,434,450,735503,9296,3255201,9575500
3976,466,461,735037,9301,3255662,9018000
3977,460,508,734577,9253,3256170,10167400
3978,447,510,734130,9190,3256680,8762100
3979,501,488,733629,9203,3257168,8979200
3980,481,474,733148,9210,3257642,8823400
3981,477,436,732671,9251,3258078,9280100
3982,480,442,732191,9289,3258520,8455700
3983,451,446,731740,9294,3258966,8496700
3984,488,437,731252,9345,3259403,9220600
3985,476,449,730776,9372,3259852,8205500
3986,460,454,730316,9378,3260306,8567900
3987,493,471,729823,9400,3260777,7955900
3988,486,470,729337,9416,3261247,7962200
3989,481,505,728856,9392,3261752,7996600
3990,504,504,728352,9392,3262256,8106800
3991,479,469,727873,9402,3262725,8088900
3992,424,458,727449,9368,3263183,8261700
3993,433,494,727016,9307,3263677,8113100
3994,444,423,726572,9328,3264100,8115100
3995,465,446,726107,9347,3264546,8073400
3996,455,429,725652,9373,3264975,8087400
3997,428,421,725224,9380,3265396,8243900
3998,464,486,724760,9358,3265882,7934500
3999,446,459,724314,9345,3266341,7912900
4000,469,459,723845,9355,3266800,8044300
4001,442,471,723403,9326,3267271,7908200
4002,446,464,722957,9308,3267735,7849900
4003,481,475,722476,9314,3268210,7801700
4004,444,461,722032,9297,3268671,8102700
4005,455,465,721577,9287,3269136,7879600
4006,480,484,721097,9283,3269620,7834200
4007,455,473,720642,9265,3270093,7902800
4008,454,439,720188,9280,3270532,7990100
4009,444,435,719744,9289,3270967,7870900
4010,411,425,719333,9275,3271392,7850300
4011,441,462,718892,9254,3271854,8352200
4012,438,438,718454,9254,3272292,7782100
4013,453,440,718001,9267,3272732,8338800
4014,447,511,717554,9203,3273243,7929900
4015,450,429,717104,9224,3273672,7905500
4016,446,452,716658,9218,3274124,7979300
4017,456,446,716202,9228,3274570,7794700
4018,436,457,715766,9207,3275027,7839200
4019,399,489,715367,9117,3275516,7788300
4020,483,462,714884,9138,3275978,7860500
4021,395,433,714489,9100,3276411,8071200
4022,418,430,714071,9088,3276841,8030800
4023,469,475,713602,9082,3277316,8110000
4024,470,459,713132,9093,3277775,8113900
4025,390,440,712742,9043,3278215,8187500
4026,454,448,712288,9049,3278663,7921100
4027,417,423,711871,9043,3279086,7818700
4028,442,406,711429,9079,3279492,7789300
4029,422,457,711007,9044,3279949,7819700
4030,417,459,710590,9002,3280408,8249400
4031,419,464,710171,8957,3280872,7941400
4032,406,433,709765,8930,3281305,8017100
4033,456,445,709309,8941,3281750,8163700
4034,439,434,708870,8946,3282184,7852700
4035,435,439,708435,8942,3282623,8083800
4036,405,475,708030,8872,3283098,7913100
4037,387,464,707643,8795,3283562,8269700
4038,367,465,707276,8697,3284027,8179400
4039,414,387,706862,8724,3284414,8375500
4040,394,462,706468,8656,3284876,8343200
4041,405,467,706063,8594,3285343,8187900
4042,398,389,705665,8603,3285732,8043700
4043,402,442,705263,8563,3286174,7986800
4044,450,406,704813,8607,3286580,8039900
4045,428,426,704385,8609,3287006,7985300
4046,416,424,703969,8601,3287430,7846300
4047,411,428,703558,8584,3287858,8310400
4048,431,403,703127,8612,3288261,8121200
4049,394,444,702733,8562,3288705,7898500
4050,398,426,702335,8534,3289131,8197300
4051,380,438,701955,8476,3289569,7839400
4052,358,416,701597,8418,3289985,7908400
4053,356,384,701241,8390,3290369,8061000
4054,368,391,700873,8367,3290760,8219800
4055,415,420,700458,8362,3291180,8105000
4056,445,380,700013,8427,3291560,8324800
4057,428,396,699585,8459,3291956,8522600
4058,422,420,699163,8461,3292376,7908400
4059,396,415,698767,8442,3292791,7828300
4060,418,403,698349,8457,3293194,7795400
4061,439,434,697910,8462,3293628,8101500
4062,389,427,697521,8424,3294055,7789500
4063,405,421,697116,8408,3294476,7767500
4064,376,395,696740,8389,3294871,7764900
4065,416,424,696324,8381,3295295,8020300
4066,424,406,695900,8399,3295701,7903500
4067,408,431,695492,8376,3296132,7930900
4068,431,443,695061,8364,3296575,7855900
4069,415,443,694646,8336,3297018,7996100
4070,440,431,694206,8345,3297449,7900000
4071,453,437,693753,8361,3297886,7812200
4072,399,407,693354,8353,3298293,7750000
4073,400,423,692954,8330,3298716,7807900
4074,383,402,692571,8311,3299118,7982200
4075,424,411,692147,8324,3299529,8374500
4076,418,381,691729,8361,3299910,7988800
4077,379,394,691350,8346,3300304,8255600
4078,412,447,690938,8311,3300751,7788800
4079,427,417,690511,8321,3301168,7815600
4080,406,427,690105,8300,3301595,7827600
4081,420,444,689685,8276,3302039,8483900
4082,375,443,689310,8208,3302482,8154800
4083,381,423,688929,8166,3302905,7947000
4084,394,412,688535,8148,3303317,8070400
4085,407,428,688128,8127,3303745,8043800
4086,386,397,687742,8116,3304142,7882500
4087,421,419,687321,8118,3304561,7954500
4088,407,379,686914,8146,3304940,8006700
4089,368,438,686546,8076,3305378,7872800
4090,409,417,686137,8068,3305795,7986200
4091,428,415,685709,8081,3306210,8116100
4092,396,373,685313,8104,3306583,7893100
4093,384,389,684929,8099,3306972,7967500
4094,367,448,684562,8018,3307420,7911500
4095,392,389,684170,8021,3307809,8014600
4096,421,398,683749,8044,3308207,7865400
4097,409,455,683340,7998,3308662,7890100
4098,413,407,682927,8004,3309069,7963200
4099,387,452,682540,7939,3309521,8398400
4100,420,379,682120,7980,3309900,8204900
4101,398,387,681722,7991,3310287,8383400
4102,411,396,681311,8006,3310683,8809800
4103,395,399,680916,8002,3311082,8454400
4104,454,402,680462,8054,3311484,8335100
4105,435,384,680027,8105,3311868,8110900
4106,388,422,679639,8071,3312290,7945400
4107,406,395,679233,8082,3312685,7958000
4108,428,428,678805,8082,3313113,7822300
4109,406,382,678399,8106,3313495,7806400
4110,387,436,678012,8057,3313931,7806800
4111,390,413,677622,8034,3314344,7732600
4112,408,422,677214,8020,3314766,7922100
4113,403,393,676811,8030,3315159,7830600
4114,424,398,676387,8056,3315557,7734600
4115,406,424,675981,8038,3315981,7891200
4116,394,440,675587,7992,3316421,7817100
4117,408,391,675179,8009,3316812,7897600
4118,395,393,674784,8011,3317205,7787300
4119,441,406,674343,8046,3317611,7723500
4120,398,380,673945,8064,3317991,7887500
4121,380,386,673565,8058,3318377,8075900
4122,421,372,673144,8107,3318749,8364500
4123,436,442,672708,8101,3319191,8281300
4124,419,373,672289,8147,3319564,8579700
4125,373,410,671916,8110,3319974,8561600
4126,411,397,671505,8124,3320371,8449700
4127,412,426,671093,8110,3320797,8679600
4128,408,389,670685,8129,3321186,8443200
4129,416,415,670269,8130,3321601,8424000
4130,444,404,669825,8170,3322005,8477300
4131,404,415,669421,8159,3322420,8772200
4132,402,446,669019,8115,3322866,8547800
4133,378,437,668641,8056,3323303,8508700
4134,418,392,668223,8082,3323695,8333600
4135,431,396,667792,8117,3324091,8557100
4136,405,425,667387,8097,3324516,8599500
4137,360,404,667027,8053,3324920,8666400
4138,423,400,666604,8076,3325320,8353600
4139,418,390,666186,8104,3325710,8432600
4140,400,414,665786,8090,3326124,8583100
4141,372,430,665414,8032,3326554,8369500
4142,369,408,665045,7993,3326962,8504800
4143,405,417,664640,7981,3327379,8445800
4144,377,417,664263,7941,3327796,8430000
4145,397,385,663866,7953,3328181,8385700
4146,399,404,663467,7948,3328585,8398900
4147,397,412,663070,7933,3328997,8950400
4148,390,371,662680,7952,3329368,8427400
4149,363,406,662317,7909,3329774,8460300
4150,381,388,661936,7902,3330162,8305900
4151,428,399,661508,7931,3330561,8223000
4152,385,407,661123,7909,3330968,8352200
4153,393,379,660730,7923,3331347,8113400
4154,402,422,660328,7903,3331769,8296300
4155,396,382,659932,7917,3332151,7933000
4156,403,407,659529,7913,3332558,7795400
4157,370,396,659159,7887,3332954,7731500
4158,378,408,658781,7857,3333362,7819200
4159,367,398,658414,7826,3333760,8549100
4160,362,414,658052,7774,3334174,8039100
4161,376,409,657676,7741,3334583,7943200
4162,387,383,657289,7745,3334966,8389900
4163,363,386,656926,7722,3335352,8719500
4164,358,385,656568,7695,3335737,8513600
4165,337,371,656231,7661,3336108,8002800
4166,356,373,655875,7644,3336481,8057600
4167,364,394,655511,7614,3336875,8068100
4168,347,399,655164,7562,3337274,8128400
4169,349,347,654815,7564,3337621,7922700
4170,386,359,654429,7591,3337980,8354600
4171,368,396,654061,7563,3338376,8098000
4172,379,399,653682,7543,3338775,8017800
4173,359,363,653323,7539,3339138,7938300
4174,353,365,652970,7527,3339503,7991600
4175,366,408,652604,7485,3339911,8086100
4176,376,377,652228,7484,3340288,8202100
4177,385,371,651843,7498,3340659,8430500
4178,374,375,651469,7497,3341034,8321900
4179,362,391,651107,7468,3341425,8602700
4180,346,371,650761,7443,3341796,8580600
4181,384,357,650377,7470,3342153,8479700
4182,399,374,649978,7495,3342527,7970300
4183,359,365,649619,7489,3342892,7893500
4184,356,364,649263,7481,3343256,7926700
4185,405,370,648858,7516,3343626,7904400
4186,395,373,648463,7538,3343999,7821400
4187,417,374,648046,7581,3344373,8262900
4188,424,412,647622,7593,3344785,8063100
4189,402,367,647220,7628,3345152,8247100
4190,357,377,646863,7608,3345529,7906900
4191,348,352,646515,7604,3345881,8096100
4192,389,395,646126,7598,3346276,7888800
4193,386,392,645740,7592,3346668,8080500
4194,354,367,645386,7579,3347035,7843400
4195,388,387,644998,7580,3347422,8033400
4196,361,374,644637,7567,3347796,7994900
4197,368,388,644269,7547,3348184,8057300
4198,391,365,643878,7573,3348549,7916900
4199,407,382,643471,7598,3348931,7897700
4200,381,402,643090,7577,3349333,7866600
4201,391,377,642699,7591,3349710,7853600
4202,391,385,642308,7597,3350095,7963400
4203,412,362,641896,7647,3350457,7951200
4204,393,387,641503,7653,3350844,7940700
4205,378,361,641125,7670,3351205,7952300
4206,365,386,640760,7649,3351591,7851000
4207,345,360,640415,7634,3351951,8341100
4208,361,405,640054,7590,3352356,7935600
4209,383,396,639671,7577,3352752,8110300
4210,383,400,639288,7560,3353152,7830800
4211,368,397,638920,7531,3353549,7983800
4212,370,374,638550,7527,3353923,7992800
4213,393,385,638157,7535,3354308,8036500
4214,393,349,637764,7579,3354657,7924300
4215,393,375,637371,7597,3355032,7909400
4216,364,370,637007,7591,3355402,8126000
4217,375,374,636632,7592,3355776,7854900
4218,383,403,636249,7572,3356179,7705700
4219,367,376,635882,7563,3356555,7807800
4220,398,403,635484,7558,3356958,7753300
4221,344,361,635140,7541,3357319,8003700
4222,377,381,634763,7537,3357700,7965900
4223,378,391,634385,7524,3358091,8170400
4224,347,344,634038,7527,3358435,8359900
4225,372,359,633666,7540,3358794,8328300
4226,361,374,633305,7527,3359168,8224200
4227,388,359,632917,7556,3359527,7916800
4228,377,371,632540,7562,3359898,7813700
4229,361,404,632179,7519,3360302,8046600
4230,396,387,631783,7528,3360689,8078700
4231,376,375,631407,7529,3361064,7877900
4232,402,350,631005,7581,3361414,8096900
4233,411,387,630594,7605,3361801,7821400
4234,369,381,630225,7593,3362182,7842200
4235,383,369,629842,7607,3362551,7790500
4236,387,397,629455,7597,3362948,7736700
4237,349,374,629106,7572,3363322,7842100
4238,343,392,628763,7523,3363714,8028800
4239,355,382,628408,7496,3364096,7802700
4240,381,389,628027,7488,3364485,7843800
4241,353,378,627674,7463,3364863,7714400
4242,367,366,627307,7464,3365229,7709600
4243,337,400,626970,7401,3365629,7736600
4244,349,376,626621,7374,3366005,7787000
4245,386,392,626235,7368,3366397,7833800
4246,361,368,625874,7361,3366765,8092600
4247,394,387,625480,7368,3367152,7892400
4248,380,335,625100,7413,3367487,7722400
4249,385,399,624715,7399,3367886,7701400
4250,375,361,624340,7413,3368247,8196400
4251,408,373,623932,7448,3368620,8055400
4252,386,361,623546,7473,3368981,8016800
4253,378,389,623168,7462,3369370,7814100
4254,365,371,622803,7456,3369741,7770900
4255,399,408,622404,7447,3370149,8014600
4256,365,366,622039,7446,3370515,7835900
4257,387,367,621652,7466,3370882,7713500
4258,373,386,621279,7453,3371268,7868700
4259,364,385,620915,7432,3371653,7748400
4260,419,367,620496,7484,3372020,7856100
4261,400,386,620096,7498,3372406,7756200
4262,353,412,619743,7439,3372818,7849800
4263,349,407,619394,7381,3373225,7943800
4264,367,361,619027,7387,3373586,7903600
4265,375,385,618652,7377,3373971,7828700
4266,375,383,618277,7369,3374354,7845600
4267,389,331,617888,7427,3374685,7835800
4268,361,386,617527,7402,3375071,7730300
4269,369,342,617158,7429,3375413,7735600
4270,363,353,616795,7439,3375766,7836700
4271,357,349,616438,7447,3376115,7981800
4272,391,349,616047,7489,3376464,7947800
4273,337,343,615710,7483,3376807,7764200
4274,349,381,615361,7451,3377188,7876100
4275,367,341,614994,7477,3377529,7744100
4276,389,355,614605,7511,3377884,7842800
4277,368,375,614237,7504,3378259,7929300
4278,391,359,613846,7536,3378618,7858400
4279,362,362,613484,7536,3378980,7887200
4280,376,370,613108,7542,3379350,8187400
4281,348,374,612760,7516,3379724,8162100
4282,404,385,612356,7535,3380109,8213200
4283,364,391,611992,7508,3380500,8498700
4284,348,356,611644,7500,3380856,8393000
4285,362,360,611282,7502,3381216,8315600
4286,337,331,610945,7508,3381547,8248700
4287,377,340,610568,7545,3381887,8341600
4288,365,365,610203,7545,3382252,8160000
4289,373,369,609830,7549,3382621,8250500
4290,383,397,609447,7535,3383018,8238800
4291,368,339,609079,7564,3383357,8257800
4292,380,384,608699,7560,3383741,7971000
4293,362,368,608337,7554,3384109,7997700
4294,395,396,607942,7553,3384505,7958500
4295,361,399,607581,7515,3384904,8347100
4296,364,382,607217,7497,3385286,8226600
4297,359,376,606858,7480,3385662,8025700
4298,368,397,606490,7451,3386059,7948200
4299,362,386,606128,7427,3386445,8113700
4300,361,364,605767,7424,3386809,8017800
4301,343,383,605424,7384,3387192,7929300
4302,352,400,605072,7336,3387592,8146800
4303,349,358,604723,7327,3387950,8239800
4304,349,391,604374,7285,3388341,8387800
4305,370,362,604004,7293,3388703,8520700
4306,366,382,603638,7277,3389085,8549000
4307,382,349,603256,7310,3389434,8465000
4308,354,410,602902,7254,3389844,8229800
4309,346,367,602556,7233,3390211,8127200
4310,377,374,602179,7236,3390585,8368300
4311,381,392,601798,7225,3390977,7870500
4312,351,377,601447,7199,3391354,7972700
4313,360,363,601087,7196,3391717,7813200
4314,373,361,600714,7208,3392078,8118900
4315,359,360,600355,7207,3392438,8144900
4316,370,372,599985,7205,3392810,7957000
4317,353,359,599632,7199,3393169,7819700
4318,370,331,599262,7238,3393500,7695700
4319,344,382,598918,7200,3393882,7705000
4320,349,359,598569,7190,3394241,7682300
4321,372,355,598197,7207,3394596,7903100
4322,340,343,597857,7204,3394939,7912400
4323,371,356,597486,7219,3395295,7794800
4324,378,388,597108,7209,3395683,8115800
4325,359,351,596749,7217,3396034,7827400
4326,328,377,596421,7168,3396411,7814500
4327,364,353,596057,7179,3396764,7819800
4328,386,366,595671,7199,3397130,8213200
4329,373,376,595298,7196,3397506,8187800
4330,379,376,594919,7199,3397882,8159000
4331,370,342,594549,7227,3398224,8040500
4332,359,395,594190,7191,3398619,8067800
4333,398,357,593792,7232,3398976,7888800
4334,356,328,593436,7260,3399304,8020800
4335,385,372,593051,7273,3399676,8093500
4336,383,389,592668,7267,3400065,7840600
4337,348,366,592320,7249,3400431,7900000
4338,357,345,591963,7261,3400776,7870100
4339,389,321,591574,7329,3401097,7964300
4340,343,355,591231,7317,3401452,7854400
4341,389,327,590842,7379,3401779,8011500
4342,335,364,590507,7350,3402143,7862800
4343,383,410,590124,7323,3402553,9187000
4344,386,362,589738,7347,3402915,9167300
4345,366,374,589372,7339,3403289,8941900
4346,374,327,588998,7386,3403616,8958500
4347,363,349,588635,7400,3403965,9235600
4348,374,372,588261,7402,3404337,9057800
4349,372,368,587889,7406,3404705,9709400
4350,376,374,587513,7408,3405079,9237100
4351,370,374,587143,7404,3405453,9080100
4352,360,379,586783,7385,3405832,9630500
4353,374,365,586409,7394,3406197,9415200
4354,379,380,586030,7393,3406577,9563400
4355,339,355,585691,7377,3406932,10090000
4356,374,421,585317,7330,3407353,9475900
4357,341,404,584976,7267,3407757,8934500
4358,351,356,584625,7262,3408113,9028000
4359,344,346,584281,7260,3408459,9002900
4360,337,325,583944,7272,3408784,8954900
4361,347,364,583597,7255,3409148,9094600
4362,375,346,583222,7284,3409494,8756500
4363,344,380,582878,7248,3409874,8586700
4364,331,376,582547,7203,3410250,9439700
4365,361,380,582186,7184,3410630,8736000
4366,344,359,581842,7169,3410989,8750800
4367,332,376,581510,7125,3411365,9744000
4368,337,368,581173,7094,3411733,8698100
4369,345,342,580828,7097,3412075,8848000
4370,342,338,580486,7101,3412413,8781200
4371,344,347,580142,7098,3412760,9992700
4372,339,320,579803,7117,3413080,8910100
4373,332,355,579471,7094,3413435,9622900
4374,339,359,579132,7074,3413794,8976000
4375,368,377,578764,7065,3414171,10061800
4376,330,344,578434,7051,3414515,9542400
4377,388,364,578046,7075,3414879,9307500
4378,329,345,577717,7059,3415224,9694800
4379,303,340,577414,7022,3415564,9985000
4380,354,348,577060,7028,3415912,8497800
4381,362,352,576698,7038,3416264,8673400
4382,356,334,576342,7060,3416598,10638900
4383,351,325,575991,7086,3416923,9385300
4384,349,372,575642,7063,3417295,9064400
4385,345,344,575297,7064,3417639,9199700
4386,370,351,574927,7083,3417990,9051500
4387,344,348,574583,7079,3418338,8875600
4388,337,402,574246,7014,3418740,8560000
4389,351,341,573895,7024,3419081,8688200
4390,340,357,573555,7007,3419438,8688300
4391,338,369,573217,6976,3419807,8896400
4392,362,346,572855,6992,3420153,8515900
4393,368,342,572487,7018,3420495,8239000
4394,364,373,572123,7009,3420868,8295000
4395,364,364,571759,7009,3421232,8342300
4396,367,337,571392,7039,3421569,10164900
4397,360,359,571032,7040,3421928,8604900
4398,340,368,570692,7012,3422296,8910100
4399,369,373,570323,7008,3422669,8717300
4400,356,351,569967,7013,3423020,8598600
4401,365,351,569602,7027,3423371,9276000
4402,366,351,569236,7042,3423722,9061300
4403,350,356,568886,7036,3424078,8941800
4404,349,346,568537,7039,3424424,9184500
4405,338,355,568199,7022,3424779,8775200
4406,345,339,567854,7028,3425118,8787200
4407,365,357,567489,7036,3425475,9084200
4408,350,348,567139,7038,3425823,9503600
4409,319,374,566820,6983,3426197,9200000
4410,337,374,566483,6946,3426571,8978800
4411,339,360,566144,6925,3426931,8447900
4412,326,338,565818,6913,3427269,8640800
4413,324,367,565494,6870,3427636,8339100
4414,327,339,565167,6858,3427975,8183000
4415,350,326,564817,6882,3428301,7907900
4416,372,335,564445,6919,3428636,8065700
4417,358,349,564087,6928,3428985,8424300
4418,325,364,563762,6889,3429349,8955200
4419,351,335,563411,6905,3429684,9537400
4420,374,333,563037,6946,3430017,8880300
4421,339,401,562698,6884,3430418,9115900
4422,323,335,562375,6872,3430753,9004000
4423,357,317,562018,6912,3431070,9672200
4424,373,349,561645,6936,3431419,9209400
4425,358,364,561287,6930,3431783,9195400
4426,344,349,560943,6925,3432132,8684000
4427,365,343,560578,6947,3432475,8682300
4428,361,341,560217,6967,3432816,8470800
4429,372,324,559845,7015,3433140,8675000
4430,340,354,559505,7001,3433494,8784500
4431,346,393,559159,6954,3433887,9402100
4432,293,347,558866,6900,3434234,8605800
4433,344,326,558522,6918,3434560,8984700
4434,361,360,558161,6919,3434920,9216800
4435,334,360,557827,6893,3435280,8765100
4436,337,332,557490,6898,3435612,8765700
4437,328,330,557162,6896,3435942,8742200
4438,387,351,556775,6932,3436293,8801600
4439,356,368,556419,6920,3436661,8508400
4440,326,339,556093,6907,3437000,8655400
4441,356,338,555737,6925,3437338,8355200
4442,330,357,555407,6898,3437695,8549000
4443,348,373,555059,6873,3438068,8516900
4444,377,354,554682,6896,3438422,8235900
4445,385,351,554297,6930,3438773,8514000
4446,323,369,553974,6884,3439142,8288100
4447,348,355,553626,6877,3439497,8575400
4448,343,381,553283,6839,3439878,7938800
4449,336,328,552947,6847,3440206,8069400
4450,332,346,552615,6833,3440552,8188000
4451,343,353,552272,6823,3440905,8578800
4452,346,334,551926,6835,3441239,8369700
4453,335,360,551591,6810,3441599,8549500
4454,381,319,551210,6872,3441918,8038400
4455,339,347,550871,6864,3442265,7895800
4456,327,356,550544,6835,3442621,7948800
4457,350,333,550194,6852,3442954,7798900
4458,366,315,549828,6903,3443269,8023400
4459,356,347,549472,6912,3443616,8057300
4460,349,353,549123,6908,3443969,7949800
4461,343,354,548780,6897,3444323,7745300
4462,315,363,548465,6849,3444686,7741800
4463,338,340,548127,6847,3445026,7974200
4464,334,353,547793,6828,3445379,8034700
4465,322,357,547471,6793,3445736,8329900
4466,338,342,547133,6789,3446078,8309900
4467,330,320,546803,6799,3446398,8368500
4468,331,374,546472,6756,3446772,8452800
4469,326,374,546146,6708,3447146,7870900
4470,319,362,545827,6665,3447508,7809600
4471,335,335,545492,6665,3447843,7706000
4472,325,310,545167,6680,3448153,8122300
4473,303,356,544864,6627,3448509,7727600
4474,336,377,544528,6586,3448886,8043900
4475,367,331,544161,6622,3449217,8183900
4476,336,335,543825,6623,3449552,7922900
4477,345,332,543480,6636,3449884,7725400
4478,321,334,543159,6623,3450218,7721600
4479,321,342,542838,6602,3450560,7878600
4480,322,317,542516,6607,3450877,7661800
4481,351,341,542165,6617,3451218,7786300
4482,332,321,541833,6628,3451539,7974100
4483,359,332,541474,6655,3451871,7899500
4484,338,340,541136,6653,3452211,7912700
4485,358,316,540778,6695,3452527,8049100
4486,360,354,540418,6701,3452881,8513300
4487,335,331,540083,6705,3453212,8282600
4488,324,311,539759,6718,3453523,8282800
4489,326,375,539433,6669,3453898,8456700
4490,342,338,539091,6673,3454236,8522700
4491,337,343,538754,6667,3454579,8446200
4492,328,333,538426,6662,3454912,8405600
4493,360,304,538066,6718,3455216,8624400
4494,338,329,537728,6727,3455545,8331500
4495,386,340,537342,6773,3455885,8767600
4496,347,320,536995,6800,3456205,8696700
4497,337,341,536658,6796,3456546,8672300
4498,356,350,536302,6802,3456896,9198400
4499,332,332,535970,6802,3457228,9198700
4500,318,348,535652,6772,3457576,8785400
4501,328,324,535324,6776,3457900,8459700
4502,340,363,534984,6753,3458263,8067200
4503,350,369,534634,6734,3458632,8178000
4504,325,331,534309,6728,3458963,8391300
4505,311,348,533998,6691,3459311,8012800
4506,328,333,533670,6686,3459644,8023500
4507,329,346,533341,6669,3459990,8638200
4508,334,332,533007,6671,3460322,8211900
4509,355,307,532652,6719,3460629,8493800
4510,355,331,532297,6743,3460960,8607200
4511,365,339,531932,6769,3461299,8145800
4512,362,333,531570,6798,3461632,8340400
4513,339,329,531231,6808,3461961,7889600
4514,354,348,530877,6814,3462309,8116400
4515,312,370,530565,6756,3462679,8241000
4516,330,359,530235,6727,3463038,8064200
4517,358,336,529877,6749,3463374,8041400
4518,338,350,529539,6737,3463724,8426800
4519,348,332,529191,6753,3464056,8374000
4520,355,322,528836,6786,3464378,8287800
4521,314,356,528522,6744,3464734,8093200
4522,341,333,528181,6752,3465067,8165600
4523,319,327,527862,6744,3465394,8176100
4524,308,341,527554,6711,3465735,8107400
4525,317,319,527237,6709,3466054,8412900
4526,332,337,526905,6704,3466391,8500600
4527,337,328,526568,6713,3466719,8414100
4528,342,321,526226,6734,3467040,9029900
4529,326,323,525900,6737,3467363,8007400
4530,331,348,525569,6720,3467711,8132900
4531,328,365,525241,6683,3468076,8116500
4532,330,338,524911,6675,3468414,8442000
4533,306,342,524605,6639,3468756,8258900
4534,306,318,524299,6627,3469074,8316200
4535,347,338,523952,6636,3469412,8325600
4536,356,329,523596,6663,3469741,8591300
4537,323,336,523273,6650,3470077,8672400
4538,351,339,522922,6662,3470416,9143000
4539,329,307,522593,6684,3470723,8577700
4540,321,329,522272,6676,3471052,8639900
4541,306,335,521966,6647,3471387,8851300
4542,330,296,521636,6681,3471683,8579100
4543,370,330,521266,6721,3472013,8567300
4544,351,320,520915,6752,3472333,8350100
4545,304,324,520611,6732,3472657,8436900
4546,345,323,520266,6754,3472980,8769600
4547,339,342,519927,6751,3473322,8345700
4548,310,347,519617,6714,3473669,8219700
4549,364,334,519253,6744,3474003,8356200
4550,335,334,518918,6745,3474337,8373500
4551,338,361,518580,6722,3474698,8688000
4552,326,302,518254,6746,3475000,8320000
4553,330,350,517924,6726,3475350,8202300
4554,337,340,517587,6723,3475690,8543900
4555,325,317,517262,6731,3476007,8278900
4556,308,358,516954,6681,3476365,8339900
4557,316,317,516638,6680,3476682,8024000
4558,337,312,516301,6705,3476994,8210400
4559,321,321,515980,6705,3477315,8100800
4560,314,365,515666,6654,3477680,8294900
4561,290,320,515376,6624,3478000,8131600
4562,307,338,515069,6593,3478338,7989500
4563,314,333,514755,6574,3478671,8232800
4564,344,340,514411,6578,3479011,8385700
4565,318,326,514093,6570,3479337,8829500
4566,304,340,513789,6534,3479677,8416600
4567,341,321,513448,6554,3479998,8404000
4568,313,353,513135,6514,3480351,8745400
4569,332,319,512803,6527,3480670,9010000
4570,316,307,512487,6536,3480977,8433900
4571,318,312,512169,6542,3481289,8282700
4572,300,291,511869,6551,3481580,8352200
4573,330,336,511539,6545,3481916,8202900
4574,293,296,511246,6542,3482212,8319200
4575,336,368,510910,6510,3482580,8154400
4576,296,329,510614,6477,3482909,8409100
4577,324,350,510290,6451,3483259,8323700
4578,301,324,509989,6428,3483583,8694000
4579,303,299,509686,6432,3483882,8858100
4580,316,283,509370,6465,3484165,8908100
4581,338,297,509032,6506,3484462,8651300
4582,293,326,508739,6473,3484788,8861600
4583,329,312,508410,6490,3485100,9016100
4584,291,324,508119,6457,3485424,8740200
4585,311,297,507808,6471,3485721,9484900
4586,329,339,507479,6461,3486060,8830900
4587,319,303,507160,6477,3486363,8930300
4588,320,321,506840,6476,3486684,8766200
4589,314,312,506526,6478,3486996,9048000
4590,323,350,506203,6451,3487346,8411900
4591,297,321,505906,6427,3487667,8411200
4592,340,319,505566,6448,3487986,8263500
4593,345,342,505221,6451,3488328,8410500
4594,342,313,504879,6480,3488641,8354200
4595,323,314,504556,6489,3488955,8573300
4596,353,323,504203,6519,3489278,8554100
4597,331,321,503872,6529,3489599,9061400
4598,339,329,503533,6539,3489928,8424500
4599,329,351,503204,6517,3490279,8394300
4600,322,335,502882,6504,3490614,8387500
4601,332,310,502550,6526,3490924,8744100
4602,336,329,502214,6533,3491253,8421300
4603,301,317,501913,6517,3491570,8544300
4604,333,322,501580,6528,3491892,8431500
4605,326,319,501254,6535,3492211,8721700
4606,312,335,500942,6512,3492546,9117000
4607,315,324,500627,6503,3492870,8524700
4608,316,319,500311,6500,3493189,9346100
4609,344,313,499967,6531,3493502,9391900
4610,333,328,499634,6536,3493830,8869300
4611,319,344,499315,6511,3494174,8961700
4612,320,338,498995,6493,3494512,8688200
4613,315,336,498680,6472,3494848,9081100
4614,319,310,498361,6481,3495158,9808200
4615,314,313,498047,6482,3495471,8607400
4616,305,306,497742,6481,3495777,9000600
4617,311,308,497431,6484,3496085,8563300
4618,346,317,497085,6513,3496402,8416300
4619,292,340,496793,6465,3496742,8475200
4620,284,335,496509,6414,3497077,8155800
4621,323,329,496186,6408,3497406,8450500
4622,308,313,495878,6403,3497719,8551900
4623,352,322,495526,6433,3498041,8442200
4624,309,301,495217,6441,3498342,8578800
4625,316,302,494901,6455,3498644,9569800
4626,325,334,494576,6446,3498978,9116800
4627,365,344,494211,6467,3499322,9413000
4628,335,341,493876,6461,3499663,9459600
4629,317,320,493559,6458,3499983,9036100
4630,338,320,493221,6476,3500303,9275000
4631,347,340,492874,6483,3500643,10235900
4632,314,322,492560,6475,3500965,10347900
4633,335,321,492225,6489,3501286,9301500
4634,334,341,491891,6482,3501627,9400100
4635,317,347,491574,6452,3501974,9975700
4636,330,320,491244,6462,3502294,9502000
4637,317,331,490927,6448,3502625,9378400
4638,276,310,490651,6414,3502935,9258000
4639,304,304,490347,6414,3503239,9656100
4640,298,309,490049,6403,3503548,9392000
4641,296,306,489753,6393,3503854,8824000
4642,296,354,489457,6335,3504208,9164800
4643,298,310,489159,6323,3504518,9093900
4644,306,322,488853,6307,3504840,9270400
4645,327,331,488526,6303,3505171,9380600
4646,317,330,488209,6290,3505501,9636200
4647,307,314,487902,6283,3505815,9060700
4648,299,286,487603,6296,3506101,9420600
4649,317,315,487286,6298,3506416,8356600
4650,289,311,486997,6276,3506727,8324500
4651,310,329,486687,6257,3507056,8382200
4652,302,317,486385,6242,3507373,8568100
4653,289,328,486096,6203,3507701,8956300
4654,300,305,485796,6198,3508006,9007000
4655,301,323,485495,6176,3508329,9980100
4656,292,309,485203,6159,3508638,8795700
4657,319,274,484884,6204,3508912,8615600
4658,300,301,484584,6203,3509213,8192400
4659,297,316,484287,6184,3509529,8429300
4660,310,299,483977,6195,3509828,8230300
4661,328,320,483649,6203,3510148,8165600
4662,297,336,483352,6164,3510484,8356800
4663,288,302,483064,6150,3510786,8281100
4664,300,332,482764,6118,3511118,8349600
4665,315,296,482449,6137,3511414,8399300
4666,321,306,482128,6152,3511720,8413200
4667,306,318,481822,6140,3512038,8446700
4668,316,271,481506,6185,3512309,8570800
4669,280,303,481226,6162,3512612,8415400
4670,309,296,480917,6175,3512908,8685000
4671,281,337,480636,6119,3513245,8616600
4672,275,302,480361,6092,3513547,8583700
4673,290,311,480071,6071,3513858,8411500
4674,308,288,479763,6091,3514146,8672500
4675,283,299,479480,6075,3514445,8482000
4676,260,296,479220,6039,3514741,8296200
4677,295,308,478925,6026,3515049,8574100
4678,297,318,478628,6005,3515367,8405500
4679,294,307,478334,5992,3515674,8320300
4680,333,313,478001,6012,3515987,8152900
4681,296,314,477705,5994,3516301,8296300
4682,312,311,477393,5995,3516612,8232400
4683,280,305,477113,5970,3516917,8202300
4684,310,305,476803,5975,3517222,9200500
4685,296,313,476507,5958,3517535,9054700
4686,298,311,476209,5945,3517846,8583400
4687,311,285,475898,5971,3518131,8275000
4688,307,276,475591,6002,3518407,8407900
4689,313,288,475278,6027,3518695,8132600
4690,310,305,474968,6032,3519000,8401000
4691,301,307,474667,6026,3519307,8366500
4692,305,305,474362,6026,3519612,8456800
4693,302,312,474060,6016,3519924,8119400
4694,291,303,473769,6004,3520227,8182900
4695,311,290,473458,6025,3520517,8420000
4696,298,302,473160,6021,3520819,8113700
4697,303,287,472857,6037,3521106,8053600
4698,292,312,472565,6017,3521418,8493100
4699,277,280,472288,6014,3521698,9288000
4700,293,321,471995,5986,3522019,9137300
4701,286,292,471709,5980,3522311,9471700
4702,277,309,471432,5948,3522620,9013400
4703,302,291,471130,5959,3522911,8337800
4704,303,319,470827,5943,3523230,9214800
4705,306,288,470521,5961,3523518,8902100
4706,296,292,470225,5965,3523810,8997900
4707,297,284,469928,5978,3524094,8808200
4708,335,335,469593,5978,3524429,9415000
4709,309,321,469284,5966,3524750,8749100
4710,306,273,468978,5999,3525023,8795500
4711,311,285,468667,6025,3525308,9411400
4712,291,309,468376,6007,3525617,9640600
4713,316,318,468060,6005,3525935,8775300
4714,315,300,467745,6020,3526235,8874400
4715,295,283,467450,6032,3526518,8940700
4716,330,317,467120,6045,3526835,9739500
4717,302,350,466818,5997,3527185,9698400
4718,323,314,466495,6006,3527499,9341500
4719,295,313,466200,5988,3527812,8655800
4720,295,299,465905,5984,3528111,9496800
4721,302,313,465603,5973,3528424,8983700
4722,287,307,465316,5953,3528731,9306700
4723,293,332,465023,5914,3529063,9280500
4724,263,300,464760,5877,3529363,9027400
4725,293,318,464467,5852,3529681,8900900
4726,291,290,464176,5853,3529971,9347500
4727,288,293,463888,5848,3530264,8847800
4728,275,293,463613,5830,3530557,9944300
4729,332,320,463281,5842,3530877,8904900
4730,311,302,462970,5851,3531179,9214100
4731,282,279,462688,5854,3531458,9401800
4732,273,312,462415,5815,3531770,10065900
4733,260,292,462155,5783,3532062,9205700
4734,297,289,461858,5791,3532351,10243300
4735,302,305,461556,5788,3532656,9985500
4736,297,318,461259,5767,3532974,9809700
4737,295,284,460964,5778,3533258,8801000
4738,275,330,460689,5723,3533588,9041900
4739,316,289,460373,5750,3533877,9415600
4740,269,262,460104,5757,3534139,9144200
4741,313,288,459791,5782,3534427,9846700
4742,294,281,459497,5795,3534708,9925600
4743,248,306,459249,5737,3535014,9842400
4744,289,272,458960,5754,3535286,10017600
4745,287,295,458673,5746,3535581,9378000
4746,287,262,458386,5771,3535843,9706800
4747,289,287,458097,5773,3536130,9134600
4748,288,291,457809,5770,3536421,9077400
4749,246,302,457563,5714,3536723,9454000
4750,291,296,457272,5709,3537019,9136800
4751,278,291,456994,5696,3537310,9728600
4752,282,265,456712,5713,3537575,10271100
4753,279,277,456433,5715,3537852,9870200
4754,319,272,456114,5762,3538124,9154500
4755,263,274,455851,5751,3538398,9676600
4756,288,268,455563,5771,3538666,10112000
4757,336,322,455227,5785,3538988,9872100
4758,284,325,454943,5744,3539313,9151800
4759,333,293,454610,5784,3539606,9273600
4760,276,274,454334,5786,3539880,9551200
4761,280,273,454054,5793,3540153,9513400
4762,311,303,453743,5801,3540456,8926600
4763,298,279,453445,5820,3540735,8663200
4764,277,315,453168,5782,3541050,9045200
4765,328,278,452840,5832,3541328,9948000
4766,297,282,452543,5847,3541610,9394900
4767,307,277,452236,5877,3541887,9109500
4768,296,289,451940,5884,3542176,8423800
4769,298,304,451642,5878,3542480,8040800
4770,321,279,451321,5920,3542759,7811900
4771,320,293,451001,5947,3543052,7739600
4772,274,294,450727,5927,3543346,7859000
4773,289,277,450438,5939,3543623,7927500
4774,280,306,450158,5913,3543929,7780500
4775,326,297,449832,5942,3544226,7802800
4776,284,323,449548,5903,3544549,7753500
4777,309,302,449239,5910,3544851,7669300
4778,290,318,448949,5882,3545169,8005200
4779,274,294,448675,5862,3545463,8235600
4780,275,307,448400,5830,3545770,7964900
4781,285,303,448115,5812,3546073,7837100
4782,276,270,447839,5818,3546343,7801500
4783,262,312,447577,5768,3546655,7728100
4784,310,276,447267,5802,3546931,7900100
4785,281,290,446986,5793,3547221,7936100
4786,307,297,446679,5803,3547518,7807800
4787,285,333,446394,5755,3547851,7773700
4788,286,306,446108,5735,3548157,7871200
4789,262,275,445846,5722,3548432,8204700
4790,267,243,445579,5746,3548675,7868900
4791,286,275,445293,5757,3548950,7877900
4792,291,277,445002,5771,3549227,7946800
4793,260,276,444742,5755,3549503,8307200
4794,274,285,444468,5744,3549788,8619000
4795,280,284,444188,5740,3550072,8107100
4796,260,286,443928,5714,3550358,8009300
4797,291,296,443637,5709,3550654,7849200
4798,284,293,443353,5700,3550947,7818600
4799,270,308,443083,5662,3551255,7790000
4800,288,276,442795,5674,3551531,8047700
4801,273,299,442522,5648,3551830,8372900
4802,279,303,442243,5624,3552133,7865600
4803,270,285,441973,5609,3552418,7898900
4804,281,291,441692,5599,3552709,7802300
4805,296,289,441396,5606,3552998,8054400
4806,283,251,441113,5638,3553249,8363300
4807,257,280,440856,5615,3553529,7981000
4808,280,238,440576,5657,3553767,8213600
4809,277,297,440299,5637,3554064,8347800
4810,264,289,440035,5612,3554353,8197600
4811,274,263,439761,5623,3554616,7862300
4812,283,266,439478,5640,3554882,7741200
4813,270,271,439208,5639,3555153,8040800
4814,282,268,438926,5653,3555421,8369300
4815,297,266,438629,5684,3555687,8295100
4816,290,300,438339,5674,3555987,8438500
4817,291,284,438048,5681,3556271,8597400
4818,273,283,437775,5671,3556554,8536400
4819,285,288,437490,5668,3556842,8056500
4820,272,280,437218,5660,3557122,8060500
4821,281,277,436937,5664,3557399,7822100
4822,268,259,436669,5673,3557658,7996400
4823,268,302,436401,5639,3557960,7812700
4824,249,288,436152,5600,3558248,7743700
4825,280,306,435872,5574,3558554,7745200
4826,278,270,435594,5582,3558824,7944300
4827,253,283,435341,5552,3559107,8228800
4828,276,283,435065,5545,3559390,7990600
4829,275,285,434790,5535,3559675,7969300
4830,259,242,434531,5552,3559917,8283500
4831,258,287,434273,5523,3560204,7955400
4832,254,265,434019,5512,3560469,7983400
4833,250,289,433769,5473,3560758,8028100
4834,244,297,433525,5420,3561055,8274200
4835,235,292,433290,5363,3561347,7943500
4836,251,281,433039,5333,3561628,8130100
4837,281,272,432758,5342,3561900,8042300
4838,246,225,432512,5363,3562125,8036700
4839,245,267,432267,5341,3562392,8071500
4840,297,291,431970,5347,3562683,7725600
4841,266,273,431704,5340,3562956,8010100
4842,280,297,431424,5323,3563253,8135300
4843,245,275,431179,5293,3563528,8143100
4844,249,274,430930,5268,3563802,7682800
4845,269,279,430661,5258,3564081,8030000
4846,276,240,430385,5294,3564321,8093400
4847,258,226,430127,5326,3564547,7979300
4848,274,259,429853,5341,3564806,7894400
4849,253,258,429600,5336,3565064,8096400
4850,263,253,429337,5346,3565317,7672100
4851,243,248,429094,5341,3565565,7813500
4852,248,266,428846,5323,3565831,7999600
4853,276,249,428570,5350,3566080,7796800
4854,263,270,428307,5343,3566350,7898500
4855,254,284,428053,5313,3566634,7919600
4856,261,277,427792,5297,3566911,7818300
4857,280,261,427512,5316,3567172,7932700
4858,277,285,427235,5308,3567457,7738600
4859,281,262,426954,5327,3567719,7707300
4860,246,248,426708,5325,3567967,7770400
4861,271,284,426437,5312,3568251,7684800
4862,294,271,426143,5335,3568522,7833900
4863,295,273,425848,5357,3568795,8146000
4864,261,260,425587,5358,3569055,7861000
4865,284,272,425303,5370,3569327,8058200
4866,276,246,425027,5400,3569573,7852700
4867,291,284,424736,5407,3569857,8417700
4868,251,271,424485,5387,3570128,8755500
4869,276,288,424209,5375,3570416,8093600
4870,285,269,423924,5391,3570685,8135100
4871,264,276,423660,5379,3570961,8233200
4872,246,295,423414,5330,3571256,8055500
4873,264,296,423150,5298,3571552,8150400
4874,265,275,422885,5288,3571827,8056200
4875,275,271,422610,5292,3572098,7996400
4876,258,247,422352,5303,3572345,8110900
4877,253,265,422099,5291,3572610,8440400
4878,287,244,421812,5334,3572854,8806600
4879,299,279,421513,5354,3573133,8969500
4880,257,287,421256,5324,3573420,8286200
4881,281,268,420975,5337,3573688,8707700
4882,284,266,420691,5355,3573954,9155300
4883,260,256,420431,5359,3574210,8966200
4884,284,262,420147,5381,3574472,8719600
4885,223,263,419924,5341,3574735,8885500
4886,300,275,419624,5366,3575010,9387500
4887,276,286,419348,5356,3575296,8857800
4888,250,273,419098,5333,3575569,11396800
4889,266,258,418832,5341,3575827,10095700
4890,272,270,418560,5343,3576097,10482700
4891,285,267,418275,5361,3576364,10726300
4892,265,270,418010,5356,3576634,10089400
4893,277,268,417733,5365,3576902,9051900
4894,255,262,417478,5358,3577164,8965600
4895,260,295,417218,5323,3577459,8974100
4896,277,257,416941,5343,3577716,9141300
4897,270,247,416671,5366,3577963,10123400
4898,269,286,416402,5349,3578249,9862400
4899,257,264,416145,5342,3578513,8642300
4900,267,275,415878,5334,3578788,8784500
4901,262,256,415616,5340,3579044,9018900
4902,265,248,415351,5357,3579292,8720500
4903,268,278,415083,5347,3579570,9616300
4904,270,264,414813,5353,3579834,8676000
4905,281,238,414532,5396,3580072,8920800
4906,280,289,414252,5387,3580361,9261400
4907,237,288,414015,5336,3580649,9121600
4908,255,258,413760,5333,3580907,9350900
4909,254,281,413506,5306,3581188,8489700
4910,270,278,413236,5298,3581466,8606600
4911,249,263,412987,5284,3581729,10322700
4912,251,236,412736,5299,3581965,10042000
4913,250,275,412486,5274,3582240,10006400
4914,273,259,412213,5288,3582499,10299200
4915,247,254,411966,5281,3582753,10350800
4916,280,271,411686,5290,3583024,9225100
4917,261,277,411425,5274,3583301,8711200
4918,279,256,411146,5297,3583557,8302000
4919,274,256,410872,5315,3583813,9747100
4920,273,262,410599,5326,3584075,10363600
4921,255,252,410344,5329,3584327,9144500
4922,242,245,410102,5326,3584572,8783300
4923,263,262,409839,5327,3584834,8270400
4924,247,269,409592,5305,3585103,8191900
4925,245,283,409347,5267,3585386,8176300
4926,258,268,409089,5257,3585654,8169500
4927,258,254,408831,5261,3585908,9238000
4928,266,255,408565,5272,3586163,8168700
4929,247,283,408318,5236,3586446,8209900
4930,270,240,408048,5266,3586686,8159600
4931,255,285,407793,5236,3586971,7951000
4932,270,253,407523,5253,3587224,8124100
4933,270,279,407253,5244,3587503,8175100
4934,263,280,406990,5227,3587783,8029800
4935,247,292,406743,5182,3588075,8104600
4936,236,266,406507,5152,3588341,8082400
4937,248,244,406259,5156,3588585,8184700
4938,251,252,406008,5155,3588837,8221200
4939,246,234,405762,5167,3589071,8115500
4940,251,236,405511,5182,3589307,8034900
4941,248,254,405263,5176,3589561,8249900
4942,238,244,405025,5170,3589805,8254100
4943,238,257,404787,5151,3590062,8154300
4944,262,246,404525,5167,3590308,9104200
4945,232,252,404293,5147,3590560,8185400
4946,242,271,404051,5118,3590831,8270400
4947,228,265,403823,5081,3591096,8019800
4948,277,242,403546,5116,3591338,8267000
4949,240,262,403306,5094,3591600,8240100
4950,237,262,403069,5069,3591862,7816900
4951,246,264,402823,5051,3592126,7891500
4952,244,233,402579,5062,3592359,7894300
4953,244,248,402335,5058,3592607,7880700
4954,213,253,402122,5018,3592860,8201000
4955,242,226,401880,5034,3593086,7945100
4956,225,264,401655,4995,3593350,7794500
4957,245,213,401410,5027,3593563,7735500
4958,235,247,401175,5015,3593810,7933700
4959,235,226,400940,5024,3594036,8131700
4960,213,292,400727,4945,3594328,7913900
4961,249,271,400478,4923,3594599,7764400
4962,222,259,400256,4886,3594858,7792400
4963,223,263,400033,4846,3595121,8340900
4964,207,271,399826,4782,3595392,8046100
4965,256,236,399570,4802,3595628,7733800
4966,262,265,399308,4799,3595893,7832400
4967,270,243,399038,4826,3596136,8156800
4968,247,248,398791,4825,3596384,7781600
4969,266,241,398525,4850,3596625,7776100
4970,260,252,398265,4858,3596877,7926100
4971,258,251,398007,4865,3597128,8517100
4972,275,244,397732,4896,3597372,8113000
4973,264,234,397468,4926,3597606,7981900
4974,236,261,397232,4901,3597867,7704400
4975,221,279,397011,4843,3598146,7728600
4976,273,219,396738,4897,3598365,7663700
4977,259,244,396479,4912,3598609,7756400
4978,303,235,396176,4980,3598844,7766400
4979,265,242,395911,5003,3599086,7962500
4980,275,257,395636,5021,3599343,7877300
4981,285,244,395351,5062,3599587,8001700
4982,272,231,395079,5103,3599818,7759100
4983,263,277,394816,5089,3600095,9038600
4984,265,265,394551,5089,3600360,8226200
4985,271,239,394280,5121,3600599,8220700
4986,269,272,394011,5118,3600871,8513700
4987,258,252,393753,5124,3601123,8091100
4988,281,226,393472,5179,3601349,8122200
4989,262,246,393210,5195,3601595,7917600
4990,259,261,392951,5193,3601856,8247200
4991,265,254,392686,5204,3602110,7995600
4992,298,257,392388,5245,3602367,8353600
4993,272,246,392116,5271,3602613,7700000
4994,264,264,391852,5271,3602877,7866700
4995,263,267,391589,5267,3603144,7765000
4996,259,244,391330,5282,3603388,7869600
4997,268,256,391062,5294,3603644,7832300
4998,235,264,390827,5265,3603908,7774400
4999,238,269,390589,5234,3604177,8110800
5000,247,265,390342,5216,3604442,7712600
5001,255,255,390087,5216,3604697,7737000
5002,254,252,389833,5218,3604949,7749000
5003,235,269,389598,5184,3605218,7894800
5004,244,291,389354,5137,3605509,7893600
5005,248,281,389106,5104,3605790,8280800
5006,247,273,388859,5078,3606063,8338900
5007,226,255,388633,5049,3606318,8307700
5008,240,224,388393,5065,3606542,8811700
5009,248,249,388145,5064,3606791,8283100
5010,258,263,387887,5059,3607054,8124400
5011,264,256,387623,5067,3607310,8188900
5012,259,243,387364,5083,3607553,8032000
5013,246,233,387118,5096,3607786,8497600
5014,262,271,386856,5087,3608057,8111000
5015,270,264,386586,5093,3608321,8248100
5016,238,272,386348,5059,3608593,8113500
5017,270,250,386078,5079,3608843,7999300
5018,245,250,385833,5074,3609093,7942900
5019,254,260,385579,5068,3609353,8688200
5020,287,234,385292,5121,3609587,8131700
5021,253,247,385039,5127,3609834,8081900
5022,254,264,384785,5117,3610098,8133000
5023,223,261,384562,5079,3610359,7902100
5024,226,244,384336,5061,3610603,7931200
5025,269,236,384067,5094,3610839,7795300
5026,241,266,383826,5069,3611105,7853000
5027,261,252,383565,5078,3611357,7762300
5028,261,270,383304,5069,3611627,7729900
5029,222,271,383082,5020,3611898,7778700
5030,233,240,382849,5013,3612138,7768000
5031,242,281,382607,4974,3612419,7734600
5032,225,261,382382,4938,3612680,7789400
5033,213,244,382169,4907,3612924,7920500
5034,248,245,381921,4910,3613169,7806100
5035,234,246,381687,4898,3613415,7930900
5036,247,254,381440,4891,3613669,7921200
5037,233,236,381207,4888,3613905,7819700
5038,203,240,381004,4851,3614145,8042200
5039,262,250,380742,4863,3614395,8084400
5040,259,229,380483,4893,3614624,8212700
5041,230,260,380253,4863,3614884,7909000
5042,221,249,380032,4835,3615133,7989400
5043,211,238,379821,4808,3615371,7971000
5044,220,207,379601,4821,3615578,8008000
5045,258,214,379343,4865,3615792,8159200
5046,252,247,379091,4870,3616039,8134800
5047,219,227,378872,4862,3616266,8296300
5048,214,249,378658,4827,3616515,7943400
5049,219,239,378439,4807,3616754,8175200
5050,252,231,378187,4828,3616985,8133800
5051,247,239,377940,4836,3617224,7941000
5052,262,262,377678,4836,3617486,7954600
5053,256,237,377422,4855,3617723,7906100
5054,228,254,377194,4829,3617977,8124900
5055,228,221,376966,4836,3618198,8044700
5056,229,246,376737,4819,3618444,8533600
5057,229,244,376508,4804,3618688,8134800
5058,238,249,376270,4793,3618937,8064200
5059,218,265,376052,4746,3619202,8091300
5060,230,235,375822,4741,3619437,8511500
5061,239,241,375583,4739,3619678,8081400
5062,223,243,375360,4719,3619921,8340700
5063,198,251,375162,4666,3620172,8017200
5064,215,213,374947,4668,3620385,8172500
5065,207,255,374740,4620,3620640,8052100
5066,219,243,374521,4596,3620883,8015900
5067,251,226,374270,4621,3621109,8101100
5068,230,218,374040,4633,3621327,8109100
5069,241,213,373799,4661,3621540,7708500
5070,239,226,373560,4674,3621766,7778200
5071,251,220,373309,4705,3621986,8015800
5072,249,236,373060,4718,3622222,8018300
5073,258,234,372802,4742,3622456,7801300
5074,229,230,372573,4741,3622686,7869900
5075,240,231,372333,4750,3622917,7747100
5076,229,206,372104,4773,3623123,7805800
5077,221,264,371883,4730,3623387,7801400
5078,243,208,371640,4765,3623595,7800500
5079,251,240,371389,4776,3623835,8253000
5080,227,269,371162,4734,3624104,8178800
5081,229,203,370933,4760,3624307,7863600
5082,225,243,370708,4742,3624550,7871200
5083,235,245,370473,4732,3624795,7823100
5084,225,240,370248,4717,3625035,7747900
5085,214,226,370034,4705,3625261,7884100
5086,230,222,369804,4713,3625483,8050200
5087,235,220,369569,4728,3625703,8025300
5088,242,228,369327,4742,3625931,7983800
5089,249,209,369078,4782,3626140,8061100
5090,219,222,368859,4779,3626362,8165400
5091,222,224,368637,4777,3626586,7864400
5092,231,229,368406,4779,3626815,7917300
5093,240,224,368166,4795,3627039,7758900
5094,245,247,367921,4793,3627286,7789800
5095,236,240,367685,4789,3627526,7971000
5096,247,253,367438,4783,3627779,8040100
5097,231,244,367207,4770,3628023,8104900
5098,229,241,366978,4758,3628264,7928300
5099,260,264,366718,4754,3628528,7933800
5100,230,230,366488,4754,3628758,7907300
5101,210,233,366278,4731,3628991,7789800
5102,235,254,366043,4712,3629245,7750600
5103,224,239,365819,4697,3629484,7830500
5104,216,247,365603,4666,3629731,7930300
5105,235,206,365368,4695,3629937,8010400
5106,210,244,365158,4661,3630181,7816500
5107,246,240,364912,4667,3630421,7719900
5108,223,227,364689,4663,3630648,7871200
5109,250,259,364439,4654,3630907,8721800
5110,249,247,364190,4656,3631154,8056900
5111,264,253,363926,4667,3631407,7998800
5112,239,220,363687,4686,3631627,7894500
5113,252,231,363435,4707,3631858,8062500
5114,209,248,363226,4668,3632106,7877100
5115,227,232,362999,4663,3632338,8169400
5116,229,242,362770,4650,3632580,8076500
5117,233,240,362537,4643,3632820,7919100
5118,254,249,362283,4648,3633069,7716600
5119,234,245,362049,4637,3633314,7695200
5120,245,221,361804,4661,3633535,7706800
5121,230,225,361574,4666,3633760,7830700
5122,254,224,361320,4696,3633984,8125100
5123,222,228,361098,4690,3634212,7917800
5124,231,218,360867,4703,3634430,7749300
5125,253,237,360614,4719,3634667,7856600
5126,275,214,360339,4780,3634881,7834900
5127,241,269,360098,4752,3635150,7902800
5128,233,252,359865,4733,3635402,7789500
5129,226,268,359639,4691,3635670,7880900
5130,254,247,359385,4698,3635917,8126700
5131,237,259,359148,4676,3636176,7998900
5132,219,266,358929,4629,3636442,8033800
5133,249,229,358680,4649,3636671,8175000
5134,238,235,358442,4652,3636906,8142600
5135,249,225,358193,4676,3637131,8000800
5136,227,265,357966,4638,3637396,7771100
5137,223,219,357743,4642,3637615,7706900
5138,231,245,357512,4628,3637860,8005400
5139,224,208,357288,4644,3638068,7798700
5140,230,209,357058,4665,3638277,7753700
5141,245,211,356813,4699,3638488,7851200
5142,260,203,356553,4756,3638691,7731900
5143,235,244,356318,4747,3638935,7653200
5144,226,228,356092,4745,3639163,7717100
5145,243,253,355849,4735,3639416,7745400
5146,231,242,355618,4724,3639658,7887200
5147,244,229,355374,4739,3639887,7826200
5148,217,244,355157,4712,3640131,7797700
5149,223,223,354934,4712,3640354,7887600
5150,257,226,354677,4743,3640580,7807500
5151,231,244,354446,4730,3640824,7868300
5152,215,270,354231,4675,3641094,7977100
5153,219,206,354012,4688,3641300,7850600
5154,255,234,353757,4709,3641534,7862300
5155,224,244,353533,4689,3641778,7839400
5156,226,230,353307,4685,3642008,7918200
5157,243,237,353064,4691,3642245,7840500
5158,217,221,352847,4687,3642466,7734500
5159,237,178,352610,4746,3642644,7752700
5160,237,255,352373,4728,3642899,7772100
5161,218,226,352155,4720,3643125,7755300
5162,227,236,351928,4711,3643361,7730500
5163,224,237,351704,4698,3643598,7715000
5164,219,229,351485,4688,3643827,7935000
5165,196,238,351289,4646,3644065,7978700
5166,191,243,351098,4594,3644308,7910800
5167,224,225,350874,4593,3644533,7829900
5168,216,226,350658,4583,3644759,7758200
5169,204,238,350454,4549,3644997,7771800
5170,207,221,350247,4535,3645218,7680000
5171,197,208,350050,4524,3645426,7841000
5172,196,212,349854,4508,3645638,7859600
5173,212,204,349642,4516,3645842,7872700
5174,219,247,349423,4488,3646089,7761300
5175,229,239,349194,4478,3646328,7737400
5176,199,210,348995,4467,3646538,7710400
5177,210,208,348785,4469,3646746,7764300
5178,218,243,348567,4444,3646989,7789200
5179,201,215,348366,4430,3647204,7702400
5180,227,219,348139,4438,3647423,7857700
5181,217,211,347922,4444,3647634,8146000
5182,228,237,347694,4435,3647871,7898800
5183,221,241,347473,4415,3648112,7963600
5184,227,225,347246,4417,3648337,7858800
5185,202,232,347044,4387,3648569,7845300
5186,214,225,346830,4376,3648794,8155500
5187,201,215,346629,4362,3649009,8107200
5188,223,217,346406,4368,3649226,8073900
5189,222,223,346184,4367,3649449,8029200
5190,218,213,345966,4372,3649662,7938000
5191,207,211,345759,4368,3649873,7751200
5192,230,225,345529,4373,3650098,7709700
5193,211,195,345318,4389,3650293,7887900
5194,215,223,345103,4381,3650516,7709100
5195,203,200,344900,4384,3650716,7736700
5196,224,211,344676,4397,3650927,7785400
5197,195,214,344481,4378,3651141,8059200
5198,221,238,344260,4361,3651379,8107800
5199,204,218,344056,4347,3651597,8146000
5200,212,231,343844,4328,3651828,7942600
5201,208,196,343636,4340,3652024,7963700
5202,201,219,343435,4322,3652243,8019400
5203,207,221,343228,4308,3652464,7795500
5204,191,216,343037,4283,3652680,7951300
5205,211,215,342826,4279,3652895,7897900
5206,230,218,342596,4291,3653113,8007800
5207,200,225,342396,4266,3653338,7997400
5208,253,230,342143,4289,3653568,7934300
5209,196,224,341947,4261,3653792,7933100
5210,215,217,341732,4259,3654009,7897400
5211,198,191,341534,4266,3654200,8040800
5212,207,209,341327,4264,3654409,8098700
5213,224,220,341103,4268,3654629,8006100
5214,204,203,340899,4269,3654832,8064500
5215,221,210,340678,4280,3655042,8051500
5216,233,214,340445,4299,3655256,7832000
5217,219,220,340226,4298,3655476,8063600
5218,253,227,339973,4324,3655703,7812100
5219,219,229,339754,4314,3655932,7759400
5220,223,242,339531,4295,3656174,7864000
5221,248,219,339283,4324,3656393,7971100
5222,211,210,339072,4325,3656603,8531200
5223,232,216,338840,4341,3656819,8126800
5224,180,219,338660,4302,3657038,8142300
5225,208,221,338452,4289,3657259,7801600
5226,209,224,338243,4274,3657483,8022400
5227,219,228,338024,4265,3657711,7827100
5228,209,192,337815,4282,3657903,7669400
5229,210,204,337605,4288,3658107,7676800
5230,215,239,337390,4264,3658346,7716400
5231,225,235,337165,4254,3658581,8016000
5232,225,219,336940,4260,3658800,7749700
5233,214,216,336726,4258,3659016,7768200
5234,214,209,336512,4263,3659225,7704000
5235,202,199,336310,4266,3659424,8003700
5236,197,184,336113,4279,3659608,7936800
5237,231,210,335882,4300,3659818,8056300
5238,209,232,335673,4277,3660050,7903100
5239,188,212,335485,4253,3660262,8086600
5240,210,248,335275,4215,3660510,8026500
5241,216,238,335059,4193,3660748,8614000
5242,248,241,334811,4200,3660989,7974100
5243,221,233,334590,4188,3661222,8153100
5244,206,208,334384,4186,3661430,7694900
5245,235,244,334149,4177,3661674,7667700
5246,217,203,333932,4191,3661877,7822300
5247,221,222,333711,4190,3662099,8015500
5248,195,231,333516,4154,3662330,7971600
5249,228,216,333288,4166,3662546,8044200
5250,218,204,333070,4180,3662750,7716200
5251,238,204,332832,4214,3662954,8336300
5252,226,199,332606,4241,3663153,7740400
5253,264,203,332342,4302,3663356,7670400
5254,221,218,332121,4305,3663574,8242600
5255,228,227,331893,4306,3663801,7797100
5256,231,216,331662,4321,3664017,8120300
5257,218,204,331444,4335,3664221,8028000
5258,234,228,331210,4341,3664449,7957500
5259,213,198,330997,4356,3664647,8566800
5260,217,218,330780,4355,3664865,8199800
5261,219,219,330561,4355,3665084,7944300
5262,242,217,330319,4380,3665301,7741300
5263,242,212,330077,4410,3665513,7805700
5264,234,215,329843,4429,3665728,7817000
5265,224,237,329619,4416,3665965,8068500
5266,243,217,329376,4442,3666182,7899100
5267,224,208,329152,4458,3666390,7782500
5268,237,243,328915,4452,3666633,7695000
5269,226,221,328689,4457,3666854,7761300
5270,225,207,328464,4475,3667061,7930400
5271,202,229,328262,4448,3667290,7814000
5272,217,209,328045,4456,3667499,7974900
5273,196,204,327849,4448,3667703,7934100
5274,205,234,327644,4419,3667937,7828600
5275,210,205,327434,4424,3668142,7854400
5276,220,244,327214,4400,3668386,7662300
5277,200,211,327014,4389,3668597,7763700
5278,189,227,326825,4351,3668824,7740000
5279,203,210,326622,4344,3669034,7748900
5280,199,246,326423,4297,3669280,7804900
5281,224,224,326199,4297,3669504,7959200
5282,219,193,325980,4323,3669697,8044400
5283,235,210,325745,4348,3669907,8054600
5284,211,217,325534,4342,3670124,7950700
5285,193,205,325341,4330,3670329,7948500
5286,204,207,325137,4327,3670536,7789100
5287,198,199,324939,4326,3670735,7829300
5288,227,190,324712,4363,3670925,7650600
5289,210,210,324502,4363,3671135,7953000
5290,228,224,324274,4367,3671359,7788600
5291,203,204,324071,4366,3671563,7821500
5292,191,238,323880,4319,3671801,8026100
5293,226,215,323654,4330,3672016,7790800
5294,219,209,323435,4340,3672225,7747500
5295,200,214,323235,4326,3672439,7816100
5296,208,231,323027,4303,3672670,7850300
5297,202,212,322825,4293,3672882,7871500
5298,196,216,322629,4273,3673098,7953100
5299,216,216,322413,4273,3673314,8197800
5300,183,199,322230,4257,3673513,7751700
5301,192,202,322038,4247,3673715,7683100
5302,186,197,321852,4236,3673912,7663300
5303,216,218,321636,4234,3674130,7716600
5304,176,212,321460,4198,3674342,7672400
5305,207,197,321253,4208,3674539,7848000
5306,195,214,321058,4189,3674753,8314500
5307,189,185,320869,4193,3674938,8040000
5308,205,210,320664,4188,3675148,7756500
5309,206,202,320458,4192,3675350,7741000
5310,185,205,320273,4172,3675555,7767600
5311,189,225,320084,4136,3675780,7777200
5312,183,194,319901,4125,3675974,7818100
5313,176,186,319725,4115,3676160,8164100
5314,190,206,319535,4099,3676366,8243500
5315,190,213,319345,4076,3676579,8373400
5316,212,196,319133,4092,3676775,8020800
5317,210,220,318923,4082,3676995,7755600
5318,200,198,318723,4084,3677193,7834000
5319,207,200,318516,4091,3677393,7713200
5320,205,208,318311,4088,3677601,7769200
5321,205,194,318106,4099,3677795,7733300
5322,194,184,317912,4109,3677979,7822900
5323,218,180,317694,4147,3678159,7932500
5324,200,187,317494,4160,3678346,7783700
5325,214,200,317280,4174,3678546,7700700
5326,231,190,317049,4215,3678736,7684900
5327,183,243,316866,4155,3678979,7742000
5328,203,218,316663,4140,3679197,7675400
5329,181,188,316482,4133,3679385,7702800
5330,205,199,316277,4139,3679584,7672300
5331,186,223,316091,4102,3679807,7808000
5332,184,207,315907,4079,3680014,8057200
5333,199,206,315708,4072,3680220,7893700
5334,168,193,315540,4047,3680413,7823800
5335,209,222,315331,4034,3680635,7754700
5336,177,216,315154,3995,3680851,7710800
5337,186,204,314968,3977,3681055,7783100
5338,182,203,314786,3956,3681258,7679000
5339,175,213,314611,3918,3681471,7752300
5340,166,191,314445,3893,3681662,7805100
5341,189,190,314256,3892,3681852,7955200
5342,168,221,314088,3839,3682073,7782600
5343,175,198,313913,3816,3682271,7714800
5344,198,178,313715,3836,3682449,7737300
5345,154,193,313561,3797,3682642,7761500
5346,226,174,313335,3849,3682816,7897500
5347,196,171,313139,3874,3682987,7769900
5348,189,193,312950,3870,3683180,7910300
5349,177,202,312773,3845,3683382,7949600
5350,195,202,312578,3838,3683584,7902400
5351,174,191,312404,3821,3683775,7806100
5352,182,171,312222,3832,3683946,7712300
5353,212,178,312010,3866,3684124,7685000
5354,214,201,311796,3879,3684325,7836000
5355,175,199,311621,3855,3684524,7698100
5356,185,190,311436,3850,3684714,7768300
5357,174,199,311262,3825,3684913,8111400
5358,206,196,311056,3835,3685109,7990300
5359,185,178,310871,3842,3685287,7998300
5360,190,199,310681,3833,3685486,7981000
5361,189,191,310492,3831,3685677,7877800
5362,206,180,310286,3857,3685857,8155900
5363,204,188,310082,3873,3686045,7971700
5364,191,217,309891,3847,3686262,7981000
5365,201,196,309690,3852,3686458,8023700
5366,193,224,309497,3821,3686682,8150500
5367,186,173,309311,3834,3686855,7952900
5368,209,185,309102,3858,3687040,8104300
5369,194,210,308908,3842,3687250,7945500
5370,179,201,308729,3820,3687451,8018500
5371,194,197,308535,3817,3687648,7837200
5372,199,213,308336,3803,3687861,7860300
5373,200,188,308136,3815,3688049,7774700
5374,174,194,307962,3795,3688243,7923300
5375,191,196,307771,3790,3688439,8098800
5376,192,206,307579,3776,3688645,7930000
5377,199,212,307380,3763,3688857,7859200
5378,190,194,307190,3759,3689051,7817100
5379,205,197,306985,3767,3689248,7840900
5380,191,199,306794,3759,3689447,7838200
5381,195,198,306599,3756,3689645,7851200
5382,191,215,306408,3732,3689860,8169800
5383,191,168,306217,3755,3690028,7982400
5384,184,185,306033,3754,3690213,8065800
5385,180,191,305853,3743,3690404,8096700
5386,183,165,305670,3761,3690569,8433700
5387,167,168,305503,3760,3690737,8299200
5388,202,180,305301,3782,3690917,8153400
5389,190,197,305111,3775,3691114,7982000
5390,186,203,304925,3758,3691317,7917400
5391,175,187,304750,3746,3691504,8077600
5392,190,186,304560,3750,3691690,7772500
5393,177,188,304383,3739,3691878,7705400
5394,178,189,304205,3728,3692067,7793600
5395,190,185,304015,3733,3692252,7999000
5396,191,191,303824,3733,3692443,7718700
5397,198,193,303626,3738,3692636,7676400
5398,212,193,303414,3757,3692829,8036300
5399,181,187,303233,3751,3693016,7805700
5400,192,186,303041,3757,3693202,7795400
5401,204,194,302837,3767,3693396,7687500
5402,189,181,302648,3775,3693577,7767000
5403,203,181,302445,3797,3693758,8096300
5404,218,197,302227,3818,3693955,7754500
5405,209,207,302018,3820,3694162,7737600
5406,188,189,301830,3819,3694351,7824500
5407,201,219,301629,3801,3694570,7822000
5408,193,169,301436,3825,3694739,8123500
5409,208,207,301228,3826,3694946,7854600
5410,206,186,301022,3846,3695132,7771700
5411,213,180,300809,3879,3695312,7702100
5412,216,203,300593,3892,3695515,7897900
5413,206,199,300387,3899,3695714,7699100
5414,210,170,300177,3939,3695884,7912800
5415,197,189,299980,3947,3696073,8285300
5416,188,175,299792,3960,3696248,8160000
5417,208,209,299584,3959,3696457,8388300
5418,210,199,299374,3970,3696656,7970300
5419,189,192,299185,3967,3696848,7876300
5420,185,205,299000,3947,3697053,7783600
5421,200,180,298800,3967,3697233,8143800
5422,198,206,298602,3959,3697439,7706800
5423,190,196,298412,3953,3697635,7662400
5424,181,219,298231,3915,3697854,7773900
5425,206,184,298025,3937,3698038,8067500
5426,215,211,297810,3941,3698249,7843800
5427,188,194,297622,3935,3698443,8115700
5428,169,198,297453,3906,3698641,7841000
5429,164,187,297289,3883,3698828,7689800
5430,195,196,297094,3882,3699024,7691400
5431,184,193,296910,3873,3699217,7670800
5432,181,215,296729,3839,3699432,7834000
5433,216,168,296513,3887,3699600,7980700
5434,196,185,296317,3898,3699785,7760000
5435,188,177,296129,3909,3699962,7684700
5436,183,207,295946,3885,3700169,7782000
5437,217,193,295729,3909,3700362,7737200
5438,192,187,295537,3914,3700549,7747800
5439,179,223,295358,3870,3700772,7662400
5440,179,211,295179,3838,3700983,7966500
5441,183,188,294996,3833,3701171,8050500
5442,164,182,294832,3815,3701353,8224900
5443,199,201,294633,3813,3701554,8205100
5444,180,198,294453,3795,3701752,7793500
5445,176,186,294277,3785,3701938,7774000
5446,188,195,294089,3778,3702133,7731300
5447,165,193,293924,3750,3702326,7681600
5448,178,212,293746,3716,3702538,7642500
5449,179,172,293567,3723,3702710,7695400
5450,186,204,293381,3705,3702914,7813400
5451,206,204,293175,3707,3703118,8128800
5452,174,196,293001,3685,3703314,7922700
5453,176,188,292825,3673,3703502,7707200
5454,188,196,292637,3665,3703698,7705300
5455,174,179,292463,3660,3703877,7840000
5456,184,167,292279,3677,3704044,7692900
5457,160,185,292119,3652,3704229,7708500
5458,201,179,291918,3674,3704408,7726000
5459,183,194,291735,3663,3704602,8024600
5460,191,181,291544,3673,3704783,7866300
5461,174,185,291370,3662,3704968,7714700
5462,171,180,291199,3653,3705148,7763400
5463,164,217,291035,3600,3705365,7722000
5464,173,162,290862,3611,3705527,7702000
5465,171,176,290691,3606,3705703,7661000
5466,206,189,290485,3623,3705892,7975400
5467,164,196,290321,3591,3706088,8117400
5468,177,202,290144,3566,3706290,8180600
5469,188,166,289956,3588,3706456,7696900
5470,188,184,289768,3592,3706640,7733600
5471,183,163,289585,3612,3706803,7834600
5472,178,177,289407,3613,3706980,7745400
5473,180,168,289227,3625,3707148,7726400
5474,184,184,289043,3625,3707332,7763700
5475,174,189,288869,3610,3707521,7724500
5476,213,190,288656,3633,3707711,7926200
5477,201,169,288455,3665,3707880,7995500
5478,200,182,288255,3683,3708062,7971100
5479,207,158,288048,3732,3708220,8162400
5480,165,181,287883,3716,3708401,7966400
5481,186,204,287697,3698,3708605,8198800
5482,200,193,287497,3705,3708798,7753800
5483,190,199,287307,3696,3708997,7811300
5484,190,189,287117,3697,3709186,7948100
5485,199,177,286918,3719,3709363,7961700
5486,184,183,286734,3720,3709546,7864000
5487,174,190,286560,3704,3709736,7862200
5488,200,174,286360,3730,3709910,7919400
5489,177,181,286183,3726,3710091,7933200
5490,192,204,285991,3714,3710295,7907900
5491,178,185,285813,3707,3710480,7983500
5492,210,174,285603,3743,3710654,8098400
5493,184,209,285419,3718,3710863,8114000
5494,199,185,285220,3732,3711048,7953500
5495,184,179,285036,3737,3711227,7923300
5496,205,199,284831,3743,3711426,8374700
5497,172,176,284659,3739,3711602,7893000
5498,197,203,284462,3733,3711805,7778200
5499,184,195,284278,3722,3712000,7807600
5500,205,196,284073,3731,3712196,7836800
5501,160,186,283913,3705,3712382,8030800
5502,196,184,283717,3717,3712566,7959500
5503,173,171,283544,3719,3712737,7866900
5504,181,187,283363,3713,3712924,7925900
5505,149,195,283214,3667,3713119,7961200
5506,182,174,283032,3675,3713293,7819000
5507,165,169,282867,3671,3713462,7823400
5508,166,187,282701,3650,3713649,7743900
5509,178,187,282523,3641,3713836,7864600
5510,181,174,282342,3648,3714010,8099500
5511,185,163,282157,3670,3714173,8074300
5512,180,163,281977,3687,3714336,8510900
5513,190,188,281787,3689,3714524,8188800
5514,175,181,281612,3683,3714705,8346400
5515,189,195,281423,3677,3714900,8526600
5516,166,182,281257,3661,3715082,8493700
5517,162,179,281095,3644,3715261,8644900
5518,166,171,280929,3639,3715432,8701100
5519,165,183,280764,3621,3715615,8901900
5520,187,169,280577,3639,3715784,8375500
5521,172,178,280405,3633,3715962,8044900
5522,175,179,280230,3629,3716141,8145100
5523,182,169,280048,3642,3716310,8074700
5524,168,181,279880,3629,3716491,8639600
5525,173,194,279707,3608,3716685,8329000
5526,179,186,279528,3601,3716871,8173200
5527,151,165,279377,3587,3717036,8151900
5528,166,195,279211,3558,3717231,8110100
5529,175,181,279036,3552,3717412,7938900
5530,169,180,278867,3541,3717592,7839000
5531,185,179,278682,3547,3717771,8284600
5532,148,183,278534,3512,3717954,7906400
5533,179,168,278355,3523,3718122,8205800
5534,142,181,278213,3484,3718303,8195800
5535,178,185,278035,3477,3718488,8143300
5536,162,159,277873,3480,3718647,8179500
5537,188,173,277685,3495,3718820,8608000
5538,177,163,277508,3509,3718983,8126000
5539,150,178,277358,3481,3719161,8524700
5540,160,154,277198,3487,3719315,8635900
5541,173,180,277025,3480,3719495,8556100
5542,150,188,276875,3442,3719683,8697500
5543,149,188,276726,3403,3719871,8444600
5544,184,168,276542,3419,3720039,8572300
5545,151,177,276391,3393,3720216,8418200
5546,161,175,276230,3379,3720391,8486100
5547,190,172,276040,3397,3720563,8095400
5548,155,173,275885,3379,3720736,8527200
5549,166,162,275719,3383,3720898,8287500
5550,159,169,275560,3373,3721067,8107800
5551,152,178,275408,3347,3721245,8164900
5552,172,152,275236,3367,3721397,7998800
5553,160,188,275076,3339,3721585,8108000
5554,173,171,274903,3341,3721756,7804300
5555,165,154,274738,3352,3721910,7826800
5556,161,186,274577,3327,3722096,7916500
5557,169,147,274408,3349,3722243,8041000
5558,165,157,274243,3357,3722400,8125100
5559,178,163,274065,3372,3722563,8281100
5560,169,178,273896,3363,3722741,8024800
5561,167,168,273729,3362,3722909,7924100
5562,164,194,273565,3332,3723103,7832700
5563,162,163,273403,3331,3723266,7754100
5564,161,154,273242,3338,3723420,7810200
5565,164,153,273078,3349,3723573,8185500
5566,160,165,272918,3344,3723738,8202100
5567,166,162,272752,3348,3723900,8032900
5568,149,152,272603,3345,3724052,8082600
5569,161,159,272442,3347,3724211,7907600
5570,174,181,272268,3340,3724392,7715600
5571,171,143,272097,3368,3724535,7684600
5572,185,167,271912,3386,3724702,7747800
5573,188,184,271724,3390,3724886,7700300
5574,176,169,271548,3397,3725055,7749600
5575,170,190,271378,3377,3725245,7762300
5576,170,164,271208,3383,3725409,7764900
5577,164,168,271044,3379,3725577,7754800
5578,186,178,270858,3387,3725755,7852300
5579,176,169,270682,3394,3725924,7669100
5580,165,169,270517,3390,3726093,7670400
5581,191,174,270326,3407,3726267,7713200
5582,172,168,270154,3411,3726435,7723700
5583,177,165,269977,3423,3726600,7853700
5584,159,184,269818,3398,3726784,7783700
5585,170,180,269648,3388,3726964,7803300
5586,160,177,269488,3371,3727141,7723700
5587,165,176,269323,3360,3727317,8240200
5588,178,171,269145,3367,3727488,7690200
5589,179,157,268966,3389,3727645,7662400
5590,159,158,268807,3390,3727803,7724500
5591,171,175,268636,3386,3727978,7846700
5592,154,167,268482,3373,3728145,7861500
5593,179,164,268303,3388,3728309,7784000
5594,161,169,268142,3380,3728478,7732100
5595,164,169,267978,3375,3728647,8002800
5596,181,181,267797,3375,3728828,8008300
5597,174,168,267623,3381,3728996,7813200
5598,193,183,267430,3391,3729179,7837300
5599,162,168,267268,3385,3729347,7787000
5600,164,166,267104,3383,3729513,7870900
5601,162,163,266942,3382,3729676,7841600
5602,157,163,266785,3376,3729839,7849700
5603,161,189,266624,3348,3730028,7702600
5604,181,175,266443,3354,3730203,7681200
5605,189,152,266254,3391,3730355,7770500
5606,192,163,266062,3420,3730518,7706500
5607,185,187,265877,3418,3730705,7652500
5608,159,177,265718,3400,3730882,7729100
5609,169,176,265549,3393,3731058,8215000
5610,195,168,265354,3420,3731226,7728300
5611,158,171,265196,3407,3731397,7904700
5612,168,185,265028,3390,3731582,7890900
5613,176,165,264852,3401,3731747,8776500
5614,183,173,264669,3411,3731920,8085300
5615,199,145,264470,3465,3732065,7936700
5616,168,180,264302,3453,3732245,8045800
5617,182,174,264120,3461,3732419,8216700
5618,172,163,263948,3470,3732582,8157100
5619,184,161,263764,3493,3732743,8011800
5620,165,185,263599,3473,3732928,8008600
5621,190,184,263409,3479,3733112,7971700
5622,167,147,263242,3499,3733259,7734700
5623,177,168,263065,3508,3733427,7896700
5624,187,176,262878,3519,3733603,7745400
5625,178,172,262700,3525,3733775,7886900
5626,168,185,262532,3508,3733960,8166900
5627,176,177,262356,3507,3734137,7848000
5628,181,202,262175,3486,3734339,7655400
5629,185,201,261990,3470,3734540,7692500
5630,167,165,261823,3472,3734705,8161100
5631,154,193,261669,3433,3734898,7669800
5632,186,192,261483,3427,3735090,7738400
5633,173,172,261310,3428,3735262,7783000
5634,141,153,261169,3416,3735415,7893400
5635,170,157,260999,3429,3735572,7825300
5636,173,168,260826,3434,3735740,8353400
5637,163,161,260663,3436,3735901,8311500
5638,188,174,260475,3450,3736075,8197900
5639,170,159,260305,3461,3736234,8258600
5640,165,171,260140,3455,3736405,8848900
5641,169,166,259971,3458,3736571,8355500
5642,183,159,259788,3482,3736730,8019700
5643,195,155,259593,3522,3736885,8199200
5644,176,171,259417,3527,3737056,7925700
5645,178,159,259239,3546,3737215,7991200
5646,192,190,259047,3548,3737405,7876900
5647,164,177,258883,3535,3737582,7826600
5648,183,172,258700,3546,3737754,7753800
5649,168,179,258532,3535,3737933,7830500
5650,173,180,258359,3528,3738113,7954800
5651,177,168,258182,3537,3738281,7915500
5652,182,183,258000,3536,3738464,7961900
5653,180,188,257820,3528,3738652,7830300
5654,187,155,257633,3560,3738807,7749400
5655,201,182,257432,3579,3738989,7664000
5656,169,191,257263,3557,3739180,7659900
5657,188,180,257075,3565,3739360,7735200
5658,160,160,256915,3565,3739520,7902600
5659,181,164,256734,3582,3739684,7860300
5660,191,173,256543,3600,3739857,7806400
5661,164,179,256379,3585,3740036,7718500
5662,161,177,256218,3569,3740213,7835400
5663,168,175,256050,3562,3740388,7905200
5664,170,170,255880,3562,3740558,7848500
5665,181,198,255699,3545,3740756,7941300
5666,173,192,255526,3526,3740948,7995100
5667,183,172,255343,3537,3741120,8085700
5668,194,180,255149,3551,3741300,7927800
5669,186,195,254963,3542,3741495,8154200
5670,175,165,254788,3552,3741660,7957500
5671,183,186,254605,3549,3741846,7828300
5672,174,164,254431,3559,3742010,7994300
5673,161,182,254270,3538,3742192,8158800
5674,165,182,254105,3521,3742374,8037100
5675,149,171,253956,3499,3742545,8213600
5676,165,213,253791,3451,3742758,8197900
5677,168,171,253623,3448,3742929,8583900
5678,154,174,253469,3428,3743103,8740000
5679,148,168,253321,3408,3743271,8425400
5680,162,164,253159,3406,3743435,8040400
5681,176,158,252983,3424,3743593,8346800
5682,172,165,252811,3431,3743758,7894700
5683,179,165,252632,3445,3743923,7817000
5684,194,170,252438,3469,3744093,7919100
5685,163,182,252275,3450,3744275,8005100
5686,191,153,252084,3488,3744428,8652600
5687,178,178,251906,3488,3744606,8107000
5688,187,200,251719,3475,3744806,8302100
5689,159,156,251560,3478,3744962,8116400
5690,168,162,251392,3484,3745124,8245200
5691,180,186,251212,3478,3745310,7991000
5692,164,184,251048,3458,3745494,8615500
5693,153,186,250895,3425,3745680,8148000
5694,175,173,250720,3427,3745853,8148000
5695,174,166,250546,3435,3746019,8339800
5696,143,159,250403,3419,3746178,8326100
5697,158,146,250245,3431,3746324,7956700
5698,148,178,250097,3401,3746502,8018100
5699,147,154,249950,3394,3746656,7973600
5700,152,168,249798,3378,3746824,8116000
5701,162,172,249636,3368,3746996,8215100
5702,159,155,249477,3372,3747151,8110500
5703,147,154,249330,3365,3747305,8085300
5704,185,187,249145,3363,3747492,7932000
5705,167,159,248978,3371,3747651,7911100
5706,176,154,248802,3393,3747805,7677300
5707,152,170,248650,3375,3747975,7895000
5708,178,159,248472,3394,3748134,7918700
5709,180,186,248292,3388,3748320,7940700
5710,152,173,248140,3367,3748493,7838900
5711,181,174,247959,3374,3748667,7695600
5712,174,144,247785,3404,3748811,7747800
5713,155,197,247630,3362,3749008,7663000
5714,159,180,247471,3341,3749188,7684900
5715,163,171,247308,3333,3749359,7700100
5716,178,191,247130,3320,3749550,7925500
5717,159,170,246971,3309,3749720,8066500
5718,161,179,246810,3291,3749899,7950400
5719,165,157,246645,3299,3750056,7749900
5720,180,169,246465,3310,3750225,8207300
5721,147,157,246318,3300,3750382,7791100
5722,151,174,246167,3277,3750556,7741600
5723,150,169,246017,3258,3750725,7972700
5724,153,139,245864,3272,3750864,7820800
5725,166,158,245698,3280,3751022,7984900
5726,156,169,245542,3267,3751191,7968200
5727,173,171,245369,3269,3751362,7845000
5728,172,165,245197,3276,3751527,7787200
5729,167,174,245030,3269,3751701,7677400
5730,170,142,244860,3297,3751843,7704900
5731,174,172,244686,3299,3752015,7760900
5732,164,168,244522,3295,3752183,7878600
5733,169,177,244353,3287,3752360,7939600
5734,162,162,244191,3287,3752522,7887700
5735,179,166,244012,3300,3752688,8041800
5736,173,159,243839,3314,3752847,7934100
5737,172,187,243667,3299,3753034,7912300
5738,153,169,243514,3283,3753203,7967100
5739,148,165,243366,3266,3753368,7850300
5740,184,168,243182,3282,3753536,7811400
5741,177,164,243005,3295,3753700,7835700
5742,171,188,242834,3278,3753888,7935900
5743,165,147,242669,3296,3754035,7865900
5744,166,166,242503,3296,3754201,7902600
5745,159,160,242344,3295,3754361,7869200
5746,157,158,242187,3294,3754519,7857700
5747,159,169,242028,3284,3754688,7696400
5748,170,165,241858,3289,3754853,7679200
5749,187,156,241671,3320,3755009,7748200
5750,181,191,241490,3310,3755200,7777600
5751,169,174,241321,3305,3755374,8077600
5752,162,169,241159,3298,3755543,7885300
5753,166,176,240993,3288,3755719,7736300
5754,167,172,240826,3283,3755891,7745500
5755,171,169,240655,3285,3756060,8104700
5756,164,156,240491,3293,3756216,7726800
5757,174,168,240317,3299,3756384,7674600
5758,155,162,240162,3292,3756546,7683100
5759,163,149,239999,3306,3756695,7838100
5760,186,170,239813,3322,3756865,7798400
5761,169,157,239644,3334,3757022,7779000
5762,172,191,239472,3315,3757213,7699300
5763,174,182,239298,3307,3757395,8698100
5764,189,162,239109,3334,3757557,8100900
5765,178,178,238931,3334,3757735,8152400
5766,183,165,238748,3352,3757900,7967400
5767,166,158,238582,3360,3758058,8242400
5768,173,170,238409,3363,3758228,8223400
5769,172,187,238237,3348,3758415,8331400
5770,176,201,238061,3323,3758616,7827400
5771,174,175,237887,3322,3758791,7644800
5772,170,166,237717,3326,3758957,7679200
5773,174,177,237543,3323,3759134,8140700
5774,165,173,237378,3315,3759307,7771700
5775,178,145,237200,3348,3759452,7673900
5776,181,184,237019,3345,3759636,7832400
5777,170,161,236849,3354,3759797,7712800
5778,175,189,236674,3340,3759986,7791800
5779,167,140,236507,3367,3760126,7716000
5780,164,170,236343,3361,3760296,8049300
5781,181,164,236162,3378,3760460,7902400
5782,155,175,236007,3358,3760635,7726600
5783,170,168,235837,3360,3760803,7786500
5784,181,176,235656,3365,3760979,8027100
5785,166,169,235490,3362,3761148,7843600
5786,165,166,235325,3361,3761314,7820700
5787,194,191,235131,3364,3761505,7714700
5788,169,169,234962,3364,3761674,7715300
5789,175,165,234787,3374,3761839,8104300
5790,166,169,234621,3371,3762008,7683800
5791,164,157,234457,3378,3762165,7937200
5792,161,165,234296,3374,3762330,7778700
5793,148,172,234148,3350,3762502,8203700
5794,168,174,233980,3344,3762676,7747700
5795,163,162,233817,3345,3762838,7687100
5796,153,155,233664,3343,3762993,7910400
5797,164,149,233500,3358,3763142,7762900
5798,192,169,233308,3381,3763311,7788600
5799,167,166,233141,3382,3763477,7717100
5800,151,170,232990,3363,3763647,7731100
5801,166,155,232824,3374,3763802,7975200
5802,167,153,232657,3388,3763955,7825200
5803,167,189,232490,3366,3764144,7702700
5804,175,195,232315,3346,3764339,7696500
5805,158,147,232157,3357,3764486,7845600
5806,157,183,232000,3331,3764669,7800700
5807,162,167,231838,3326,3764836,7803300
5808,145,154,231693,3317,3764990,7935200
5809,157,181,231536,3293,3765171,8256000
5810,192,181,231344,3304,3765352,7974100
5811,149,173,231195,3280,3765525,8030100
5812,146,183,231049,3243,3765708,7814200
5813,170,179,230879,3234,3765887,7715300
5814,146,164,230733,3216,3766051,7769800
5815,146,187,230587,3175,3766238,7794400
5816,154,162,230433,3167,3766400,7778000
5817,120,131,230313,3156,3766531,7780400
5818,153,148,230160,3161,3766679,8366500
5819,153,157,230007,3157,3766836,7855400
5820,163,158,229844,3162,3766994,7869700
5821,159,160,229685,3161,3767154,7917900
5822,154,155,229531,3160,3767309,7980000
5823,150,177,229381,3133,3767486,8103100
5824,159,161,229222,3131,3767647,7897800
5825,159,140,229063,3150,3767787,7955400
5826,159,163,228904,3146,3767950,7757100
5827,167,164,228737,3149,3768114,7930300
5828,160,178,228577,3131,3768292,7917500
5829,148,173,228429,3106,3768465,7813500
5830,164,169,228265,3101,3768634,7834200
5831,136,184,228129,3053,3768818,7816400
5832,142,127,227987,3068,3768945,7777200
5833,157,164,227830,3061,3769109,8191100
5834,155,166,227675,3050,3769275,8081100
5835,156,164,227519,3042,3769439,8565700
5836,146,149,227373,3039,3769588,8545200
5837,135,142,227238,3032,3769730,8227000
5838,150,162,227088,3020,3769892,8113700
5839,150,157,226938,3013,3770049,7954200
5840,153,141,226785,3025,3770190,7870900
5841,164,159,226621,3030,3770349,7844400
5842,135,137,226486,3028,3770486,7984300
5843,152,142,226334,3038,3770628,7980200
5844,157,148,226177,3047,3770776,7977400
5845,142,145,226035,3044,3770921,7886000
5846,160,152,225875,3052,3771073,7772900
5847,165,153,225710,3064,3771226,7995600
5848,151,149,225559,3066,3771375,7916400
5849,134,153,225425,3047,3771528,7793800
5850,137,151,225288,3033,3771679,8194600
5851,136,146,225152,3023,3771825,8537500
5852,146,176,225006,2993,3772001,8012800
5853,153,167,224853,2979,3772168,7950100
5854,142,152,224711,2969,3772320,7919700
5855,163,157,224548,2975,3772477,7988800
5856,127,140,224421,2962,3772617,7944600
5857,168,159,224253,2971,3772776,7997800
5858,158,169,224095,2960,3772945,8069000
5859,133,171,223962,2922,3773116,7966000
5860,136,133,223826,2925,3773249,8056400
5861,160,146,223666,2939,3773395,7867400
5862,139,151,223527,2927,3773546,7918400
5863,134,137,223393,2924,3773683,7807900
5864,160,149,223233,2935,3773832,8052300
5865,168,150,223065,2953,3773982,7908500
5866,134,155,222931,2932,3774137,8008400
5867,157,150,222774,2939,3774287,7903000
5868,173,138,222601,2974,3774425,8703900
5869,157,145,222444,2986,3774570,7966000
5870,142,164,222302,2964,3774734,8015800
5871,146,156,222156,2954,3774890,7885300
5872,147,153,222009,2948,3775043,7794300
5873,147,146,221862,2949,3775189,7705800
5874,156,149,221706,2956,3775338,7836100
5875,147,143,221559,2960,3775481,7817300
5876,172,140,221387,2992,3775621,7964200
5877,160,177,221227,2975,3775798,8147800
5878,151,150,221076,2976,3775948,7801100
5879,145,162,220931,2959,3776110,7877900
5880,166,151,220765,2974,3776261,7807000
5881,166,142,220599,2998,3776403,7676300
5882,167,163,220432,3002,3776566,7673600
5883,155,161,220277,2996,3776727,7687700
5884,165,137,220112,3024,3776864,7668500
5885,160,124,219952,3060,3776988,7767800
5886,150,143,219802,3067,3777131,7759300
5887,159,172,219643,3054,3777303,7787900
5888,149,137,219494,3066,3777440,7842800
5889,161,144,219333,3083,3777584,7923900
5890,149,168,219184,3064,3777752,7975900
5891,175,149,219009,3090,3777901,8291600
5892,162,162,218847,3090,3778063,8209800
5893,163,165,218684,3088,3778228,9347600
5894,158,143,218526,3103,3778371,8067400
5895,175,158,218351,3120,3778529,8368600
5896,159,142,218192,3137,3778671,7739500
5897,165,162,218027,3140,3778833,8038700
5898,161,163,217866,3138,3778996,7688100
5899,163,197,217703,3104,3779193,7689800
5900,177,161,217526,3120,3779354,7712300
5901,179,143,217347,3156,3779497,7643500
5902,163,162,217184,3157,3779659,8080500
5903,149,140,217035,3166,3779799,7788100
5904,153,168,216882,3151,3779967,7757100
5905,166,158,216716,3159,3780125,7706100
5906,172,169,216544,3162,3780294,7720800
5907,166,188,216378,3140,3780482,7678000
5908,143,168,216235,3115,3780650,7806000
5909,158,139,216077,3134,3780789,7897100
5910,145,138,215932,3141,3780927,7798200
5911,170,137,215762,3174,3781064,8117200
5912,148,151,215614,3171,3781215,7909000
5913,145,161,215469,3155,3781376,8206500
5914,157,194,215312,3118,3781570,8098600
5915,129,167,215183,3080,3781737,8206900
5916,148,166,215035,3062,3781903,7751600
5917,130,151,214905,3041,3782054,8054400
5918,149,171,214756,3019,3782225,8001900
5919,149,150,214607,3018,3782375,7988500
5920,145,162,214462,3001,3782537,7781100
5921,168,153,214294,3016,3782690,7975000
5922,156,141,214138,3031,3782831,7787700
5923,151,151,213987,3031,3782982,7814700
5924,139,151,213848,3019,3783133,7682400
5925,138,145,213710,3012,3783278,7798900
5926,143,164,213567,2991,3783442,7718400
5927,128,134,213439,2985,3783576,7746800
5928,166,178,213273,2973,3783754,7810000
5929,149,183,213124,2939,3783937,8157500
5930,148,146,212976,2941,3784083,7724600
5931,127,141,212849,2927,3784224,7743400
5932,136,147,212713,2916,3784371,7646200
5933,138,148,212575,2906,3784519,8111000
5934,144,150,212431,2900,3784669,7693900
5935,149,165,212282,2884,3784834,7831700
5936,143,130,212139,2897,3784964,7760600
5937,153,135,211986,2915,3785099,7765900
5938,147,139,211839,2923,3785238,7759800
5939,155,133,211684,2945,3785371,7791300
5940,149,159,211535,2935,3785530,7921800
5941,134,147,211401,2922,3785677,8467900
5942,158,139,211243,2941,3785816,8250800
5943,137,153,211106,2925,3785969,7884000
5944,148,149,210958,2924,3786118,7927900
5945,136,115,210822,2945,3786233,8088300
5946,152,155,210670,2942,3786388,8351400
5947,152,133,210518,2961,3786521,7894600
5948,141,190,210377,2912,3786711,8066500
5949,141,150,210236,2903,3786861,8077000
5950,130,147,210106,2886,3787008,8203500
5951,141,145,209965,2882,3787153,7915700
5952,139,132,209826,2889,3787285,7809900
5953,142,134,209684,2897,3787419,7924700
5954,134,149,209550,2882,3787568,7836500
5955,136,145,209414,2873,3787713,8263400
5956,144,146,209270,2871,3787859,7788600
5957,130,149,209140,2852,3788008,7842700
5958,127,136,209013,2843,3788144,7961800
5959,135,144,208878,2834,3788288,8027200
5960,150,118,208728,2866,3788406,7853100
5961,155,139,208573,2882,3788545,7810900
5962,133,165,208440,2850,3788710,7715700
5963,130,141,208310,2839,3788851,7678700
5964,130,139,208180,2830,3788990,7622100
5965,132,138,208048,2824,3789128,7897400
5966,160,125,207888,2859,3789253,7715500
5967,145,123,207743,2881,3789376,7757600
5968,152,135,207591,2898,3789511,7714900
5969,138,146,207453,2890,3789657,7910300
5970,159,145,207294,2904,3789802,7843100
5971,166,132,207128,2938,3789934,7807600
5972,143,146,206985,2935,3790080,7727100
5973,161,145,206824,2951,3790225,7873500
5974,149,161,206675,2939,3790386,7737900
5975,149,156,206526,2932,3790542,7707700
5976,140,157,206386,2915,3790699,7829600
5977,143,158,206243,2900,3790857,7763500
5978,147,131,206096,2916,3790988,7955800
5979,151,130,205945,2937,3791118,7787900
5980,143,128,205802,2952,3791246,7756100
5981,154,146,205648,2960,3791392,7773900
5982,180,149,205468,2991,3791541,7697800
5983,150,136,205318,3005,3791677,7802900
5984,176,187,205142,2994,3791864,7677400
5985,159,147,204983,3006,3792011,7878900
5986,158,139,204825,3025,3792150,7837300
5987,153,144,204672,3034,3792294,7933700
5988,158,151,204514,3041,3792445,7871500
5989,167,144,204347,3064,3792589,7900200
5990,140,152,204207,3052,3792741,8054900
5991,153,165,204054,3040,3792906,8158900
5992,148,156,203906,3032,3793062,8115800
5993,148,142,203758,3038,3793204,8149300
5994,138,171,203620,3005,3793375,8844400
5995,133,143,203487,2995,3793518,8048200
5996,167,147,203320,3015,3793665,8359000
5997,128,123,203192,3020,3793788,8227600
5998,167,127,203025,3060,3793915,8158900
5999,148,143,202877,3065,3794058,7788300
6000,131,155,202746,3041,3794213,7853100
6001,155,162,202591,3034,3794375,7917400
6002,134,145,202457,3023,3794520,7966300
6003,145,146,202312,3022,3794666,7954300
6004,133,146,202179,3009,3794812,7843100
6005,155,162,202024,3002,3794974,7918700
6006,150,132,201874,3020,3795106,7919000
6007,149,158,201725,3011,3795264,7789000
6008,127,136,201598,3002,3795400,8334000
6009,144,165,201454,2981,3795565,7916900
6010,129,148,201325,2962,3795713,8332700
6011,133,146,201192,2949,3795859,8614800
6012,140,143,201052,2946,3796002,7987100
6013,144,135,200908,2955,3796137,7828800
6014,140,160,200768,2935,3796297,7948900
6015,151,154,200617,2932,3796451,7818800
6016,153,162,200464,2923,3796613,8329700
6017,126,132,200338,2917,3796745,8078600
6018,143,152,200195,2908,3796897,8131500
6019,149,135,200046,2922,3797032,8500300
6020,166,161,199880,2927,3797193,9632500
6021,164,137,199716,2954,3797330,8286300
6022,144,151,199572,2947,3797481,8088200
6023,156,139,199416,2964,3797620,7947200
6024,151,157,199265,2958,3797777,7677700
6025,166,148,199099,2976,3797925,7914000
6026,139,147,198960,2968,3798072,7670500
6027,149,123,198811,2994,3798195,7723500
6028,126,143,198685,2977,3798338,8150000
6029,131,158,198554,2950,3798496,7749200
6030,134,150,198420,2934,3798646,7706100
6031,139,146,198281,2927,3798792,7730000
6032,142,166,198139,2903,3798958,7716100
6033,155,156,197984,2902,3799114,7676900
6034,150,148,197834,2904,3799262,7745600
6035,169,153,197665,2920,3799415,7786900
6036,158,153,197507,2925,3799568,8089200
6037,167,139,197340,2953,3799707,8585800
6038,147,142,197193,2958,3799849,7881100
6039,150,151,197043,2957,3800000,7702700
6040,138,142,196905,2953,3800142,7720100
6041,159,138,196746,2974,3800280,8325600
6042,134,135,196612,2973,3800415,7713000
6043,148,165,196464,2956,3800580,7644500
6044,158,151,196306,2963,3800731,7848300
6045,153,143,196153,2973,3800874,7975100
6046,168,145,195985,2996,3801019,7985700
6047,147,150,195838,2993,3801169,7866800
6048,138,121,195700,3010,3801290,7877100
6049,151,156,195549,3005,3801446,7769400
6050,158,152,195391,3011,3801598,7688600
6051,138,162,195253,2987,3801760,7713800
6052,164,160,195089,2991,3801920,7755400
6053,153,144,194936,3000,3802064,7770600
6054,140,145,194796,2995,3802209,7876700
6055,143,178,194653,2960,3802387,7973000
6056,169,156,194484,2973,3802543,7759100
6057,158,173,194326,2958,3802716,7714200
6058,127,137,194199,2948,3802853,7673500
6059,130,114,194069,2964,3802967,7921200
6060,166,149,193903,2981,3803116,7721400
6061,156,145,193747,2992,3803261,7761900
6062,170,143,193577,3019,3803404,7931800
6063,133,153,193444,2999,3803557,7837400
6064,132,152,193312,2979,3803709,7757500
6065,139,128,193173,2990,3803837,7824800
6066,155,127,193018,3018,3803964,7684500
6067,147,159,192871,3006,3804123,7681500
6068,163,144,192708,3025,3804267,7703800
6069,150,140,192558,3035,3804407,7730600
6070,141,159,192417,3017,3804566,7744400
6071,137,161,192280,2993,3804727,7863700
6072,147,155,192133,2985,3804882,8028200
6073,133,157,192000,2961,3805039,7945700
6074,160,171,191840,2950,3805210,7888800
6075,147,158,191693,2939,3805368,8017800
6076,154,124,191539,2969,3805492,8081000
6077,132,146,191407,2955,3805638,8074000
6078,151,152,191256,2954,3805790,8022700
6079,145,161,191111,2938,3805951,7822600
6080,122,151,190989,2909,3806102,7842400
6081,135,144,190854,2900,3806246,7666100
6082,126,157,190728,2869,3806403,7975400
6083,123,147,190605,2845,3806550,7894800
6084,141,123,190464,2863,3806673,7864800
6085,154,145,190310,2872,3806818,7895000
6086,149,139,190161,2882,3806957,7827000
6087,121,139,190040,2864,3807096,8028400
6088,166,144,189874,2886,3807240,7874800
6089,150,132,189724,2904,3807372,8128900
6090,138,162,189586,2880,3807534,7989100
6091,130,141,189456,2869,3807675,7981100
6092,148,147,189308,2870,3807822,7857300
6093,150,131,189158,2889,3807953,7867500
6094,136,147,189022,2878,3808100,7819800
6095,135,151,188887,2862,3808251,8755400
6096,142,157,188745,2847,3808408,7980300
6097,132,138,188613,2841,3808546,7941100
6098,147,152,188466,2836,3808698,7860500
6099,131,142,188335,2825,3808840,8138000
6100,137,151,188198,2811,3808991,7956900
6101,138,148,188060,2801,3809139,7993400
6102,130,143,187930,2788,3809282,7960500
6103,143,141,187787,2790,3809423,7937400
6104,125,147,187662,2768,3809570,7812000
6105,144,138,187518,2774,3809708,7730500
6106,120,125,187398,2769,3809833,7710300
6107,135,145,187263,2759,3809978,7940800
6108,123,138,187140,2744,3810116,7680500
6109,130,159,187010,2715,3810275,7690100
6110,128,142,186882,2701,3810417,7642600
6111,133,116,186749,2718,3810533,7729100
6112,144,156,186605,2706,3810689,7847300
6113,142,140,186463,2708,3810829,7872200
6114,140,133,186323,2715,3810962,7840400
6115,125,136,186198,2704,3811098,8092800
6116,112,122,186086,2694,3811220,7996100
6117,118,133,185968,2679,3811353,7930200
6118,137,134,185831,2682,3811487,7846900
6119,128,130,185703,2680,3811617,8051900
6120,132,135,185571,2677,3811752,7929300
6121,127,142,185444,2662,3811894,8206500
6122,134,127,185310,2669,3812021,7839300
6123,130,146,185180,2653,3812167,7843800
6124,154,136,185026,2671,3812303,7712700
6125,117,123,184909,2665,3812426,7639000
6126,123,133,184786,2655,3812559,7658600
6127,120,119,184666,2656,3812678,7727400
6128,144,128,184522,2672,3812806,7698800
6129,135,137,184387,2670,3812943,7957600
6130,127,128,184260,2669,3813071,7752600
6131,124,125,184136,2668,3813196,7924800
6132,148,140,183988,2676,3813336,7706500
6133,130,125,183858,2681,3813461,7776700
6134,152,152,183706,2681,3813613,7723100
6135,136,123,183570,2694,3813736,7787600
6136,152,137,183418,2709,3813873,7654400
6137,129,156,183289,2682,3814029,7881400
6138,148,144,183141,2686,3814173,7865300
6139,141,141,183000,2686,3814314,7831400
6140,134,127,182866,2693,3814441,7702700
6141,151,126,182715,2718,3814567,7685200
6142,137,135,182578,2720,3814702,7628300
6143,153,150,182425,2723,3814852,7792700
6144,126,119,182299,2730,3814971,7824700
6145,136,132,182163,2734,3815103,7906400
6146,160,132,182003,2762,3815235,8144400
6147,147,133,181856,2776,3815368,8199300
6148,141,142,181715,2775,3815510,8422200
6149,126,153,181589,2748,3815663,8571800
6150,151,127,181438,2772,3815790,8412200
6151,160,126,181278,2806,3815916,7969900
6152,143,148,181135,2801,3816064,8085300
6153,137,145,180998,2793,3816209,8030400
6154,132,149,180866,2776,3816358,7873400
6155,144,152,180722,2768,3816510,8071700
6156,151,117,180571,2802,3816627,7850800
6157,135,124,180436,2813,3816751,7757000
6158,127,135,180309,2805,3816886,7769600
6159,126,139,180183,2792,3817025,7845100
6160,145,132,180038,2805,3817157,7903100
6161,151,150,179887,2806,3817307,7860700
6162,132,142,179755,2796,3817449,7872700
6163,129,128,179626,2797,3817577,7903500
6164,122,144,179504,2775,3817721,7962200
6165,141,128,179363,2788,3817849,8067700
6166,129,134,179234,2783,3817983,8077600
6167,168,151,179066,2800,3818134,8054000
6168,141,126,178925,2815,3818260,7868300
6169,142,148,178783,2809,3818408,8132500
6170,129,153,178654,2785,3818561,7952200
6171,137,154,178517,2768,3818715,7978700
6172,124,138,178393,2754,3818853,7987700
6173,146,134,178247,2766,3818987,7921900
6174,123,140,178124,2749,3819127,8550200
6175,119,141,178005,2727,3819268,8387900
6176,134,139,177871,2722,3819407,7980700
6177,131,120,177740,2733,3819527,8076500
6178,131,130,177609,2734,3819657,8229900
6179,136,136,177473,2734,3819793,8155300
6180,129,134,177344,2729,3819927,7915000
6181,136,141,177208,2724,3820068,8014700
6182,148,146,177060,2726,3820214,7922700
6183,124,141,176936,2709,3820355,7866200
6184,112,120,176824,2701,3820475,7873100
6185,132,125,176692,2708,3820600,7942600
6186,142,133,176550,2717,3820733,7802500
6187,140,128,176410,2729,3820861,9007300
6188,131,121,176279,2739,3820982,8866600
6189,150,139,176129,2750,3821121,8183500
6190,132,125,175997,2757,3821246,7893200
6191,144,139,175853,2762,3821385,7997200
6192,128,147,175725,2743,3821532,7789600
6193,120,135,175605,2728,3821667,8036100
6194,128,133,175477,2723,3821800,7765000
6195,127,142,175350,2708,3821942,7997700
6196,133,134,175217,2707,3822076,7999700
6197,135,142,175082,2700,3822218,8188500
6198,123,119,174959,2704,3822337,7795400
6199,146,139,174813,2711,3822476,7968200
6200,123,130,174690,2704,3822606,7816700
6201,133,131,174557,2706,3822737,7919600
6202,100,139,174457,2667,3822876,8385100
6203,134,136,174323,2665,3823012,8386200
6204,135,140,174188,2660,3823152,8715100
6205,118,118,174070,2660,3823270,8178800
6206,139,128,173931,2671,3823398,8213700
6207,147,142,173784,2676,3823540,7950400
6208,146,139,173638,2683,3823679,7870000
6209,121,121,173517,2683,3823800,7890200
6210,148,129,173369,2702,3823929,8059800
6211,160,130,173209,2732,3824059,8019700
6212,139,148,173070,2723,3824207,8279300
6213,158,136,172912,2745,3824343,8177200
6214,147,157,172765,2735,3824500,8098600
6215,135,134,172630,2736,3824634,8261900
6216,141,138,172489,2739,3824772,7867300
6217,144,153,172345,2730,3824925,7855800
6218,128,125,172217,2733,3825050,7944800
6219,127,119,172090,2741,3825169,7871900
6220,146,133,171944,2754,3825302,7812900
6221,145,150,171799,2749,3825452,7874100
6222,125,137,171674,2737,3825589,8327700
6223,125,128,171549,2734,3825717,7947200
6224,136,127,171413,2743,3825844,8025500
6225,122,139,171291,2726,3825983,7889200
6226,126,128,171165,2724,3826111,8146600
6227,129,135,171036,2718,3826246,7901200
6228,122,126,170914,2714,3826372,7864100
6229,121,122,170793,2713,3826494,7948200
6230,140,142,170653,2711,3826636,7830100
6231,130,142,170523,2699,3826778,7862800
6232,142,128,170381,2713,3826906,7842700
6233,139,141,170242,2711,3827047,7790500
6234,137,130,170105,2718,3827177,8030500
6235,120,133,169985,2705,3827310,7851700
6236,112,147,169873,2670,3827457,7952600
6237,139,126,169734,2683,3827583,7932500
6238,115,146,169619,2652,3827729,7867800
6239,112,135,169507,2629,3827864,8090500
6240,121,116,169386,2634,3827980,7818400
6241,125,130,169261,2629,3828110,8003600
6242,117,131,169144,2615,3828241,7946400
6243,134,125,169010,2624,3828366,8337300
6244,119,135,168891,2608,3828501,7964300
6245,131,111,168760,2628,3828612,8899500
6246,125,133,168635,2620,3828745,7976900
6247,126,143,168509,2603,3828888,8328900
6248,119,115,168390,2607,3829003,8460000
6249,137,138,168253,2606,3829141,8217500
6250,114,143,168139,2577,3829284,7908500
6251,136,118,168003,2595,3829402,7797600
6252,122,145,167881,2572,3829547,8088300
6253,110,130,167771,2552,3829677,8446500
6254,124,132,167647,2544,3829809,8262600
6255,113,136,167534,2521,3829945,8314200
6256,130,121,167404,2530,3830066,8234500
6257,125,128,167279,2527,3830194,7984700
6258,132,130,167147,2529,3830324,7836300
6259,129,134,167018,2524,3830458,7731800
6260,142,120,166876,2546,3830578,7708000
6261,129,136,166747,2539,3830714,7800900
6262,132,130,166615,2541,3830844,7829100
6263,117,125,166498,2533,3830969,7859300
6264,137,121,166361,2549,3831090,7930300
6265,129,132,166232,2546,3831222,7733000
6266,129,131,166103,2544,3831353,7927300
6267,129,134,165974,2539,3831487,7638700
6268,121,134,165853,2526,3831621,7707700
6269,134,116,165719,2544,3831737,8019100
6270,119,147,165600,2516,3831884,7998000
6271,138,134,165462,2520,3832018,8049200
6272,121,156,165341,2485,3832174,8123200
6273,100,110,165241,2475,3832284,8347900
6274,138,121,165103,2492,3832405,9787300
6275,120,117,164983,2495,3832522,11227000
6276,119,118,164864,2496,3832640,7965700
6277,108,114,164756,2490,3832754,7949800
6278,135,126,164621,2499,3832880,7951600
6279,125,122,164496,2502,3833002,8028800
6280,103,120,164393,2485,3833122,7724000
6281,139,124,164254,2500,3833246,7774900
6282,136,125,164118,2511,3833371,8264000
6283,131,121,163987,2521,3833492,7921800
6284,131,115,163856,2537,3833607,7824800
6285,133,134,163723,2536,3833741,7899300
6286,141,130,163582,2547,3833871,7794400
6287,128,141,163454,2534,3834012,7765900
6288,136,113,163318,2557,3834125,7763500
6289,111,117,163207,2551,3834242,7978800
6290,125,136,163082,2540,3834378,8338600
6291,124,119,162958,2545,3834497,8194100
6292,134,130,162824,2549,3834627,8022000
6293,131,119,162693,2561,3834746,8116200
6294,121,123,162572,2559,3834869,7657200
6295,118,143,162454,2534,3835012,7775900
6296,130,111,162324,2553,3835123,7781300
6297,127,123,162197,2557,3835246,7678100
6298,132,128,162065,2561,3835374,8039200
6299,130,127,161935,2564,3835501,8045800
6300,125,131,161810,2558,3835632,7810400
6301,134,125,161676,2567,3835757,7756400
6302,128,141,161548,2554,3835898,7810100
6303,129,121,161419,2562,3836019,7715600
6304,118,125,161301,2555,3836144,7839200
6305,130,124,161171,2561,3836268,7749900
6306,150,132,161021,2579,3836400,7876400
6307,110,114,160911,2575,3836514,7840100
6308,132,136,160779,2571,3836650,8045400
6309,116,132,160663,2555,3836782,8097800
6310,136,119,160527,2572,3836901,7945200
6311,114,127,160413,2559,3837028,7838500
6312,104,131,160309,2532,3837159,8252600
6313,123,131,160186,2524,3837290,8031200
6314,116,124,160070,2516,3837414,8147200
6315,116,127,159954,2505,3837541,8272900
6316,122,116,159832,2511,3837657,7949100
6317,120,132,159712,2499,3837789,8087800
6318,129,96,159583,2532,3837885,8197400
6319,125,106,159458,2551,3837991,8022400
6320,121,136,159337,2536,3838127,7871500
6321,121,143,159216,2514,3838270,7969400
6322,135,125,159081,2524,3838395,8045700
6323,117,132,158964,2509,3838527,7843400
6324,122,114,158842,2517,3838641,7807400
6325,104,125,158738,2496,3838766,7846700
6326,117,129,158621,2484,3838895,7891200
6327,122,122,158499,2484,3839017,7758200
6328,114,110,158385,2488,3839127,7918500
6329,150,125,158235,2513,3839252,8016300
6330,127,146,158108,2494,3839398,8138000
6331,105,120,158003,2479,3839518,8166100
6332,129,134,157874,2474,3839652,8470600
6333,145,143,157729,2476,3839795,8018000
6334,104,115,157625,2465,3839910,8056500
6335,145,112,157480,2498,3840022,8013600
6336,127,124,157353,2501,3840146,8283800
6337,118,142,157235,2477,3840288,7936900
6338,113,112,157122,2478,3840400,8005700
6339,112,132,157010,2458,3840532,7727800
6340,126,119,156884,2465,3840651,7646800
6341,117,132,156767,2450,3840783,7666200
6342,122,101,156645,2471,3840884,7860300
6343,116,144,156529,2443,3841028,7624200
6344,122,121,156407,2444,3841149,7627200
6345,141,126,156266,2459,3841275,7691800
6346,113,107,156153,2465,3841382,8030700
6347,124,117,156029,2472,3841499,7749200
6348,113,123,155916,2462,3841622,8375800
6349,122,117,155794,2467,3841739,7803200
6350,120,114,155674,2473,3841853,7751300
6351,121,130,155553,2464,3841983,7760300
6352,112,119,155441,2457,3842102,7825400
6353,106,140,155335,2423,3842242,8522700
6354,109,112,155226,2420,3842354,8053600
6355,110,121,155116,2409,3842475,7853300
6356,93,118,155023,2384,3842593,7792400
6357,134,120,154889,2398,3842713,7995600
6358,99,104,154790,2393,3842817,7841700
6359,118,98,154672,2413,3842915,7890600
6360,119,112,154553,2420,3843027,7877300
6361,107,119,154446,2408,3843146,7762700
6362,128,124,154318,2412,3843270,8053600
6363,111,94,154207,2429,3843364,7907700
6364,120,123,154087,2426,3843487,7979000
6365,95,132,153992,2389,3843619,7842100
6366,114,110,153878,2393,3843729,8054700
6367,112,129,153766,2376,3843858,7994700
6368,127,112,153639,2391,3843970,7930600
6369,145,109,153494,2427,3844079,8084700
6370,99,119,153395,2407,3844198,7956700
6371,98,123,153297,2382,3844321,8107200
6372,120,131,153177,2371,3844452,7932700
6373,137,113,153040,2395,3844565,7905900
6374,129,103,152911,2421,3844668,7700200
6375,110,126,152801,2405,3844794,7913900
6376,144,113,152657,2436,3844907,7884600
6377,123,125,152534,2434,3845032,7744300
6378,107,118,152427,2423,3845150,7753800
6379,104,115,152323,2412,3845265,7791700
6380,114,122,152209,2404,3845387,7826500
6381,122,130,152087,2396,3845517,8643900
6382,120,126,151967,2390,3845643,8015100
6383,119,104,151848,2405,3845747,7861800
6384,119,136,151729,2388,3845883,7744900
6385,111,118,151618,2381,3846001,8227200
6386,130,124,151488,2387,3846125,8408500
6387,120,121,151368,2386,3846246,8425300
6388,120,114,151248,2392,3846360,8020400
6389,113,125,151135,2380,3846485,7710600
6390,100,118,151035,2362,3846603,7788800
6391,130,125,150905,2367,3846728,7702600
6392,113,111,150792,2369,3846839,7701100
6393,109,105,150683,2373,3846944,7807900
6394,113,102,150570,2384,3847046,7722400
6395,129,127,150441,2386,3847173,8041000
6396,122,94,150319,2414,3847267,8093900
6397,125,103,150194,2436,3847370,8394500
6398,118,121,150076,2433,3847491,8844400
6399,114,111,149962,2436,3847602,8250800
6400,119,119,149843,2436,3847721,8372600
6401,124,115,149719,2445,3847836,8222500
6402,116,104,149603,2457,3847940,8370900
6403,121,98,149482,2480,3848038,7951500
6404,116,133,149366,2463,3848171,8571800
6405,132,128,149234,2467,3848299,7952800
6406,107,112,149127,2462,3848411,7922900
6407,113,118,149014,2457,3848529,7813600
6408,129,108,148885,2478,3848637,7877100
6409,114,153,148771,2439,3848790,7837200
6410,123,136,148648,2426,3848926,7899400
6411,119,119,148529,2426,3849045,7979600
6412,123,138,148406,2411,3849183,8150700
6413,125,106,148281,2430,3849289,8406700
6414,102,127,148179,2405,3849416,8288200
6415,133,137,148046,2401,3849553,7865900
6416,110,128,147936,2383,3849681,7856800
6417,139,123,147797,2399,3849804,7775300
6418,118,132,147679,2385,3849936,7972200
6419,109,125,147570,2369,3850061,7968100
6420,138,103,147432,2404,3850164,7910400
6421,150,113,147282,2441,3850277,7999000
6422,124,130,147158,2435,3850407,7907000
6423,123,128,147035,2430,3850535,7888700
6424,139,113,146896,2456,3850648,7822200
6425,131,122,146765,2465,3850770,7697300
6426,113,133,146652,2445,3850903,7737800
6427,116,111,146536,2450,3851014,7754100
6428,114,131,146422,2433,3851145,8030400
6429,118,113,146304,2438,3851258,7977100
6430,115,130,146189,2423,3851388,7936700
6431,122,120,146067,2425,3851508,7724800
6432,132,127,145935,2430,3851635,7794000
6433,107,110,145828,2427,3851745,7897300
6434,122,125,145706,2424,3851870,7920500
6435,147,96,145559,2475,3851966,8049100
6436,121,129,145438,2467,3852095,7755400
6437,132,120,145306,2479,3852215,7768700
6438,126,118,145180,2487,3852333,8000600
6439,109,119,145071,2477,3852452,7740500
6440,135,116,144936,2496,3852568,7917300
6441,140,124,144796,2512,3852692,7844300
6442,121,117,144675,2516,3852809,8305500
6443,130,110,144545,2536,3852919,8357800
6444,117,127,144428,2526,3853046,8231200
6445,123,129,144305,2520,3853175,8084400
6446,111,109,144194,2522,3853284,7985300
6447,115,122,144079,2515,3853406,8481300
6448,134,116,143945,2533,3853522,7793300
6449,108,136,143837,2505,3853658,7732400
6450,121,129,143716,2497,3853787,7717000
6451,126,131,143590,2492,3853918,7702100
6452,111,126,143479,2477,3854044,7685600
6453,132,139,143347,2470,3854183,8250600
6454,114,109,143233,2475,3854292,8347600
6455,127,128,143106,2474,3854420,8369900
6456,113,113,142993,2474,3854533,8855100
6457,100,131,142893,2443,3854664,9172400
6458,117,128,142776,2432,3854792,8471100
6459,125,113,142651,2444,3854905,8780800
6460,120,111,142531,2453,3855016,8471700
6461,113,132,142418,2434,3855148,8496300
6462,146,142,142272,2438,3855290,8360700
6463,114,131,142158,2421,3855421,8591100
6464,120,128,142038,2413,3855549,8686300
6465,94,120,141944,2387,3855669,8276500
6466,104,126,141840,2365,3855795,8513400
6467,90,114,141750,2341,3855909,8442400
6468,104,105,141646,2340,3856014,8442200
6469,131,108,141515,2363,3856122,8252400
6470,123,109,141392,2377,3856231,8816200
6471,117,107,141275,2387,3856338,8313800
6472,109,110,141166,2386,3856448,8326800
6473,86,128,141080,2344,3856576,11526000
6474,98,116,140982,2326,3856692,9495200
6475,110,118,140872,2318,3856810,8801400
6476,121,115,140751,2324,3856925,8429900
6477,100,111,140651,2313,3857036,8386200
6478,101,121,140550,2293,3857157,8488600
6479,98,105,140452,2286,3857262,8294000
6480,100,124,140352,2262,3857386,8517200
6481,105,118,140247,2249,3857504,8246500
6482,110,108,140137,2251,3857612,8304000
6483,98,131,140039,2218,3857743,8216600
6484,126,107,139913,2237,3857850,8419500
6485,114,110,139799,2241,3857960,8013500
6486,104,106,139695,2239,3858066,7933200
6487,123,112,139572,2250,3858178,8064500
6488,107,106,139465,2251,3858284,8038800
6489,108,111,139357,2248,3858395,8169400
6490,106,117,139251,2237,3858512,8187400
6491,104,110,139147,2231,3858622,8345400
6492,104,101,139043,2234,3858723,8869200
6493,112,121,138931,2225,3858844,8137100
6494,116,91,138815,2250,3858935,8154900
6495,109,121,138706,2238,3859056,8039000
6496,106,106,138600,2238,3859162,8472900
6497,117,101,138483,2254,3859263,8533000
6498,116,111,138367,2259,3859374,8328700
6499,96,117,138271,2238,3859491,8522400
6500,112,121,138159,2229,3859612,8306500
6501,112,110,138047,2231,3859722,8376700
6502,101,116,137946,2216,3859838,7778100
6503,107,95,137839,2228,3859933,8081900
6504,96,106,137743,2218,3860039,8596800
6505,105,120,137638,2203,3860159,8393200
6506,104,99,137534,2208,3860258,8031500
6507,103,105,137431,2206,3860363,8288400
6508,105,96,137326,2215,3860459,8333100
6509,93,93,137233,2215,3860552,8348000
6510,124,93,137109,2246,3860645,8037000
6511,117,113,136992,2250,3860758,8367200
6512,114,121,136878,2243,3860879,8486300
6513,115,114,136763,2244,3860993,8731700
6514,104,115,136659,2233,3861108,8441500
6515,109,123,136550,2219,3861231,8216700
6516,106,90,136444,2235,3861321,8219700
6517,103,96,136341,2242,3861417,8460100
6518,102,110,136239,2234,3861527,8361900
6519,97,110,136142,2221,3861637,8431700
6520,112,110,136030,2223,3861747,8579600
6521,125,106,135905,2242,3861853,8509900
6522,117,115,135788,2244,3861968,8233600
6523,119,111,135669,2252,3862079,8177400
6524,102,103,135567,2251,3862182,8893600
6525,112,113,135455,2250,3862295,8190300
6526,119,118,135336,2251,3862413,8307400
6527,117,110,135219,2258,3862523,8365000
6528,128,100,135091,2286,3862623,8687600
6529,99,124,134992,2261,3862747,8337000
6530,131,108,134861,2284,3862855,8588300
6531,134,115,134727,2303,3862970,8900200
6532,117,110,134610,2310,3863080,9422400
6533,107,139,134503,2278,3863219,8571600
6534,112,105,134391,2285,3863324,8893600
6535,127,110,134264,2302,3863434,9065700
6536,102,133,134162,2271,3863567,9024300
6537,111,97,134051,2285,3863664,8768500
6538,123,110,133928,2298,3863774,9191800
6539,131,125,133797,2304,3863899,8934700
6540,114,96,133683,2322,3863995,9049300
6541,134,103,133549,2353,3864098,8655600
6542,106,124,133443,2335,3864222,8393700
6543,121,115,133322,2341,3864337,8613500
6544,111,105,133211,2347,3864442,8358900
6545,115,123,133096,2339,3864565,8195900
6546,103,111,132993,2331,3864676,8353500
6547,133,122,132860,2342,3864798,8523200
6548,104,114,132756,2332,3864912,8691000
6549,105,106,132651,2331,3865018,8857500
6550,123,120,132528,2334,3865138,9429000
6551,114,110,132414,2338,3865248,8719600
6552,110,119,132304,2329,3865367,8394500
6553,130,81,132174,2378,3865448,8146400
6554,124,107,132050,2395,3865555,8555700
6555,112,134,131938,2373,3865689,8824200
6556,121,123,131817,2371,3865812,8832000
6557,132,139,131685,2364,3865951,8493500
6558,106,120,131579,2350,3866071,9194000
6559,118,116,131461,2352,3866187,8696400
6560,97,107,131364,2342,3866294,8240300
6561,121,115,131243,2348,3866409,8744700
6562,112,131,131131,2329,3866540,8821100
6563,99,118,131032,2310,3866658,9205000
6564,111,119,130921,2302,3866777,8362400
6565,104,124,130817,2282,3866901,8515700
6566,115,116,130702,2281,3867017,8636900
6567,103,92,130599,2292,3867109,8482200
6568,127,108,130472,2311,3867217,8226100
6569,107,126,130365,2292,3867343,8648800
6570,127,130,130238,2289,3867473,8672500
6571,105,114,130133,2280,3867587,8307900
6572,121,124,130012,2277,3867711,8476700
6573,126,115,129886,2288,3867826,8225400
6574,106,108,129780,2286,3867934,8609600
6575,105,116,129675,2275,3868050,9215600
6576,134,114,129541,2295,3868164,8658500
6577,108,109,129433,2294,3868273,8671600
6578,123,98,129310,2319,3868371,9475400
6579,112,131,129198,2300,3868502,8739700
6580,132,112,129066,2320,3868614,8889500
6581,117,123,128949,2314,3868737,8958200
6582,122,123,128827,2313,3868860,9563400
6583,131,114,128696,2330,3868974,8649600
6584,102,111,128594,2321,3869085,8339700
6585,117,97,128477,2341,3869182,8953600
6586,106,134,128371,2313,3869316,8371500
6587,114,124,128257,2303,3869440,8200600
6588,113,122,128144,2294,3869562,8692800
6589,130,111,128014,2313,3869673,8427300
6590,109,114,127905,2308,3869787,8335100
6591,97,117,127808,2288,3869904,8182700
6592,118,121,127690,2285,3870025,8702100
6593,90,120,127600,2255,3870145,9253500
6594,117,118,127483,2254,3870263,8325700
6595,108,123,127375,2239,3870386,8265200
6596,108,102,127267,2245,3870488,8727800
6597,92,119,127175,2218,3870607,8703800
6598,100,101,127075,2217,3870708,8366700
6599,96,108,126979,2205,3870816,8443500
6600,98,100,126881,2203,3870916,8274800
6601,107,100,126774,2210,3871016,8487600
6602,116,127,126658,2199,3871143,8914200
6603,100,112,126558,2187,3871255,8776000
6604,87,112,126471,2162,3871367,8897400
6605,95,113,126376,2144,3871480,8744400
6606,91,94,126285,2141,3871574,8414900
6607,96,115,126189,2122,3871689,8339800
6608,100,97,126089,2125,3871786,8328400
6609,112,97,125977,2140,3871883,8966700
6610,91,109,125886,2122,3871992,8853300
6611,101,103,125785,2120,3872095,9128100
6612,111,103,125674,2128,3872198,9817900
6613,101,107,125573,2122,3872305,8909000
6614,98,97,125475,2123,3872402,8458700
6615,118,120,125357,2121,3872522,8459200
6616,102,88,125255,2135,3872610,8592200
6617,120,117,125135,2138,3872727,8488200
6618,109,94,125026,2153,3872821,8301200
6619,102,114,124924,2141,3872935,9277100
6620,98,95,124826,2144,3873030,8499100
6621,87,107,124739,2124,3873137,8734700
6622,100,105,124639,2119,3873242,8594600
6623,112,106,124527,2125,3873348,8227100
6624,114,99,124413,2140,3873447,8603900
6625,111,99,124302,2152,3873546,8435300
6626,105,117,124197,2140,3873663,8711600
6627,100,110,124097,2130,3873773,9452900
6628,112,129,123985,2113,3873902,9177200
6629,119,103,123866,2129,3874005,9564100
6630,103,104,123763,2128,3874109,9413500
6631,96,120,123667,2104,3874229,8620000
6632,95,108,123572,2091,3874337,8308900
6633,111,109,123461,2093,3874446,8438400
6634,113,111,123348,2095,3874557,8361100
6635,84,86,123264,2093,3874643,8642700
6636,105,115,123159,2083,3874758,8812300
6637,110,96,123049,2097,3874854,8588000
6638,95,90,122954,2102,3874944,8645300
6639,106,94,122848,2114,3875038,8315600
6640,109,105,122739,2118,3875143,8190200
6641,108,90,122631,2136,3875233,8448300
6642,102,107,122529,2131,3875340,8023600
6643,98,94,122431,2135,3875434,7917300
6644,117,100,122314,2152,3875534,7965400
6645,119,110,122195,2161,3875644,7854000
6646,94,100,122101,2155,3875744,7689000
6647,121,84,121980,2192,3875828,7683600
6648,113,110,121867,2195,3875938,7937000
6649,97,118,121770,2174,3876056,7804000
6650,84,103,121686,2155,3876159,7745100
6651,93,108,121593,2140,3876267,7675500
6652,88,100,121505,2128,3876367,7648600
6653,110,93,121395,2145,3876460,7652400
6654,100,122,121295,2123,3876582,7696200
6655,94,112,121201,2105,3876694,7820700
6656,104,100,121097,2109,3876794,7928400
6657,112,86,120985,2135,3876880,8104500
6658,109,101,120876,2143,3876981,7915300
6659,114,106,120762,2151,3877087,7950300
6660,122,115,120640,2158,3877202,7824100
6661,103,124,120537,2137,3877326,8156700
6662,110,120,120427,2127,3877446,8335300
6663,99,110,120328,2116,3877556,8193700
6664,114,119,120214,2111,3877675,8124700
6665,95,109,120119,2097,3877784,8167200
6666,94,94,120025,2097,3877878,8613200
6667,86,82,119939,2101,3877960,7921200
6668,104,111,119835,2094,3878071,7853800
6669,100,93,119735,2101,3878164,7800100
6670,106,100,119629,2107,3878264,7735000
6671,108,104,119521,2111,3878368,7635200
6672,119,99,119402,2131,3878467,7680500
6673,113,109,119289,2135,3878576,7870300
6674,112,98,119177,2149,3878674,7951900
6675,120,102,119057,2167,3878776,7833900
6676,91,106,118966,2152,3878882,7996700
6677,108,96,118858,2164,3878978,7676200
6678,84,98,118774,2150,3879076,7837100
6679,107,117,118667,2140,3879193,7714500
6680,119,121,118548,2138,3879314,7915100
6681,92,98,118456,2132,3879412,8296500
6682,126,93,118330,2165,3879505,8417200
6683,107,92,118223,2180,3879597,8144200
6684,112,113,118111,2179,3879710,8073400
6685,106,115,118005,2170,3879825,7759700
6686,109,113,117896,2166,3879938,7709700
6687,106,109,117790,2163,3880047,8373200
6688,110,95,117680,2178,3880142,7910500
6689,82,104,117598,2156,3880246,7811500
6690,99,96,117499,2159,3880342,7861700
6691,89,98,117410,2150,3880440,7774300
6692,106,119,117304,2137,3880559,7703200
6693,119,121,117185,2135,3880680,7755600
6694,100,99,117085,2136,3880779,8090100
6695,104,92,116981,2148,3880871,8213400
6696,96,111,116885,2133,3880982,8149800
6697,103,109,116782,2127,3881091,8027200
6698,100,120,116682,2107,3881211,7817400
6699,95,91,116587,2111,3881302,7949700
6700,98,110,116489,2099,3881412,8046300
6701,89,101,116400,2087,3881513,8222200
6702,99,112,116301,2074,3881625,8208800
6703,93,98,116208,2069,3881723,8170600
6704,76,95,116132,2050,3881818,8121600
6705,110,111,116022,2049,3881929,8144200
6706,87,113,115935,2023,3882042,8299200
6707,89,103,115846,2009,3882145,8151700
6708,98,103,115748,2004,3882248,8070600
6709,91,110,115657,1985,3882358,8040300
6710,114,93,115543,2006,3882451,8191300
6711,109,102,115434,2013,3882553,8259200
6712,99,110,115335,2002,3882663,8421400
6713,99,101,115236,2000,3882764,8075300
6714,99,95,115137,2004,3882859,8003200
6715,108,97,115029,2015,3882956,8307600
6716,111,95,114918,2031,3883051,8069300
6717,103,99,114815,2035,3883150,7901600
6718,120,100,114695,2055,3883250,8025700
6719,91,87,114604,2059,3883337,7829200
6720,98,100,114506,2057,3883437,7734300
6721,79,116,114427,2020,3883553,7745500
6722,97,97,114330,2020,3883650,7631000
6723,106,101,114224,2025,3883751,7910200
6724,93,99,114131,2019,3883850,8490500
6725,84,101,114047,2002,3883951,8708500
6726,97,99,113950,2000,3884050,8559000
6727,98,94,113852,2004,3884144,8210400
6728,100,100,113752,2004,3884244,8399400
6729,101,105,113651,2000,3884349,7856300
6730,88,104,113563,1984,3884453,8045600
6731,101,116,113462,1969,3884569,8439800
6732,85,102,113377,1952,3884671,8274600
6733,93,107,113284,1938,3884778,8534200
6734,82,92,113202,1928,3884870,8323400
6735,83,107,113119,1904,3884977,8100200
6736,75,88,113044,1891,3885065,7902900
6737,105,90,112939,1906,3885155,7678700
6738,100,91,112839,1915,3885246,7909200
6739,111,96,112728,1930,3885342,8525800
6740,92,93,112636,1929,3885435,8223900
6741,105,93,112531,1941,3885528,8169500
6742,96,93,112435,1944,3885621,8588900
6743,102,122,112333,1924,3885743,8457400
6744,109,83,112224,1950,3885826,8140600
6745,106,99,112118,1957,3885925,7878300
6746,105,101,112013,1961,3886026,8157600
6747,104,99,111909,1966,3886125,8302000
6748,83,110,111826,1939,3886235,8132900
6749,106,96,111720,1949,3886331,8055200
6750,84,88,111636,1945,3886419,8611700
6751,87,95,111549,1937,3886514,8177100
6752,93,94,111456,1936,3886608,8256000
6753,95,110,111361,1921,3886718,7772600
6754,98,94,111263,1925,3886812,7761400
6755,95,94,111168,1926,3886906,7927700
6756,100,77,111068,1949,3886983,8331700
6757,94,90,110974,1953,3887073,8690500
6758,91,99,110883,1945,3887172,8740800
6759,99,108,110784,1936,3887280,8359500
6760,84,105,110700,1915,3887385,8240400
6761,82,104,110618,1893,3887489,8493800
6762,87,93,110531,1887,3887582,7961400
6763,90,82,110441,1895,3887664,8423100
6764,87,84,110354,1898,3887748,8700000
6765,104,100,110250,1902,3887848,8383100
6766,106,104,110144,1904,3887952,9150300
6767,75,105,110069,1874,3888057,8108900
6768,98,102,109971,1870,3888159,8116500
6769,77,87,109894,1860,3888246,7864700
6770,98,100,109796,1858,3888346,7898700
6771,103,103,109693,1858,3888449,7941400
6772,84,63,109609,1879,3888512,7980600
6773,85,91,109524,1873,3888603,7953600
6774,97,90,109427,1880,3888693,8046900
6775,76,82,109351,1874,3888775,7823300
6776,91,112,109260,1853,3888887,7797900
6777,88,98,109172,1843,3888985,7940500
6778,100,98,109072,1845,3889083,7894400
6779,93,84,108979,1854,3889167,7808400
6780,77,99,108902,1832,3889266,8139900
6781,93,81,108809,1844,3889347,7935800
6782,82,83,108727,1843,3889430,8155400
6783,88,84,108639,1847,3889514,8123600
6784,78,84,108561,1841,3889598,8196300
6785,76,76,108485,1841,3889674,8158100
6786,81,73,108404,1849,3889747,8067800
6787,96,93,108308,1852,3889840,8105400
6788,93,88,108215,1857,3889928,8114700
6789,87,91,108128,1853,3890019,8146300
6790,97,94,108031,1856,3890113,8086400
6791,120,92,107911,1884,3890205,7980800
6792,100,102,107811,1882,3890307,7785200
6793,97,82,107714,1897,3890389,8032400
6794,81,88,107633,1890,3890477,7984000
6795,110,91,107523,1909,3890568,8280200
6796,96,95,107427,1910,3890663,8335800
6797,94,86,107333,1918,3890749,8336000
6798,81,85,107252,1914,3890834,8885000
6799,101,96,107151,1919,3890930,8614500
6800,103,92,107048,1930,3891022,8562300
6801,87,106,106961,1911,3891128,8523300
6802,109,96,106852,1924,3891224,8681100
6803,85,108,106767,1901,3891332,8249000
6804,88,98,106679,1891,3891430,8424900
6805,98,96,106581,1893,3891526,8348700
6806,102,95,106479,1900,3891621,8375200
6807,102,89,106377,1913,3891710,8316800
6808,94,107,106283,1900,3891817,8050800
6809,108,105,106175,1903,3891922,8135400
6810,95,105,106080,1893,3892027,8189400
6811,92,97,105988,1888,3892124,8546500
6812,94,101,105894,1881,3892225,8173300
6813,97,96,105797,1882,3892321,8115500
6814,85,92,105712,1875,3892413,8123800
6815,88,100,105624,1863,3892513,8141600
6816,92,110,105532,1845,3892623,8379800
6817,89,82,105443,1852,3892705,8261200
6818,91,96,105352,1847,3892801,8248600
6819,84,97,105268,1834,3892898,8326300
6820,98,87,105170,1845,3892985,8022500
6821,114,89,105056,1870,3893074,8042400
6822,91,98,104965,1863,3893172,7911500
6823,85,92,104880,1856,3893264,8139400
6824,90,96,104790,1850,3893360,7874500
6825,92,95,104698,1847,3893455,7888900
6826,94,99,104604,1842,3893554,7728500
6827,87,92,104517,1837,3893646,7993600
6828,91,71,104426,1857,3893717,8124600
6829,98,92,104328,1863,3893809,8306100
6830,90,95,104238,1858,3893904,8087000
6831,73,98,104165,1833,3894002,8141300
6832,109,87,104056,1855,3894089,8205200
6833,71,94,103985,1832,3894183,8152000
6834,87,101,103898,1818,3894284,8211000
6835,86,97,103812,1807,3894381,8148800
6836,94,97,103718,1804,3894478,8154300
6837,102,92,103616,1814,3894570,8357800
6838,74,91,103542,1797,3894661,8259200
6839,88,83,103454,1802,3894744,8131000
6840,73,87,103381,1788,3894831,8466000
6841,86,91,103295,1783,3894922,8280400
6842,90,100,103205,1773,3895022,8404100
6843,72,82,103133,1763,3895104,8321200
6844,92,77,103041,1778,3895181,8123100
6845,76,84,102965,1770,3895265,8234900
6846,93,78,102872,1785,3895343,8255100
6847,78,77,102794,1786,3895420,8187100
6848,82,89,102712,1779,3895509,8405200
6849,87,94,102625,1772,3895603,8327200
6850,86,90,102539,1768,3895693,8286600
6851,79,105,102460,1742,3895798,8148500
6852,96,67,102364,1771,3895865,8405600
6853,87,80,102277,1778,3895945,8724000
6854,73,107,102204,1744,3896052,8159000
6855,101,93,102103,1752,3896145,8473800
6856,80,88,102023,1744,3896233,8021800
6857,95,110,101928,1729,3896343,7779500
6858,87,77,101841,1739,3896420,7735400
6859,106,81,101735,1764,3896501,7709700
6860,90,94,101645,1760,3896595,7714400
6861,71,91,101574,1740,3896686,7834000
6862,78,79,101496,1739,3896765,7953200
6863,93,76,101403,1756,3896841,7806900
6864,78,86,101325,1748,3896927,7785100
6865,83,90,101242,1741,3897017,8111400
6866,100,89,101142,1752,3897106,8243300
6867,80,84,101062,1748,3897190,7903700
6868,87,83,100975,1752,3897273,7923100
6869,76,86,100899,1742,3897359,8158800
6870,84,105,100815,1721,3897464,7781700
6871,85,65,100730,1741,3897529,7739500
6872,93,84,100637,1750,3897613,8021900
6873,104,82,100533,1772,3897695,8192400
6874,90,75,100443,1787,3897770,7703600
6875,83,88,100360,1782,3897858,7645800
6876,95,87,100265,1790,3897945,7688800
6877,85,79,100180,1796,3898024,7849800
6878,80,85,100100,1791,3898109,7713700
6879,91,95,100009,1787,3898204,8050000
6880,85,87,99924,1785,3898291,8053700
6881,78,95,99846,1768,3898386,7965500
6882,82,90,99764,1760,3898476,7972900
6883,77,80,99687,1757,3898556,8399900
6884,84,93,99603,1748,3898649,8010600
6885,86,84,99517,1750,3898733,8010100
6886,83,84,99434,1749,3898817,7751000
6887,88,93,99346,1744,3898910,7804400
6888,80,86,99266,1738,3898996,7688900
6889,67,80,99199,1725,3899076,8133800
6890,81,81,99118,1725,3899157,7813600
6891,86,77,99032,1734,3899234,7680200
6892,79,86,98953,1727,3899320,7847200
6893,66,77,98887,1716,3899397,7731600
6894,101,94,98786,1723,3899491,7674600
6895,75,75,98711,1723,3899566,7689600
6896,79,84,98632,1718,3899650,7893000
6897,74,78,98558,1714,3899728,7762300
6898,86,76,98472,1724,3899804,7692800
6899,80,78,98392,1726,3899882,7651200
6900,88,111,98304,1703,3899993,7647500
6901,67,96,98237,1674,3900089,7711300
6902,63,93,98174,1644,3900182,7708200
6903,78,80,98096,1642,3900262,7672200
6904,84,89,98012,1637,3900351,7678500
6905,75,76,97937,1636,3900427,7839800
6906,90,75,97847,1651,3900502,7758500
6907,78,75,97769,1654,3900577,7728400
6908,84,86,97685,1652,3900663,7733300
6909,78,81,97607,1649,3900744,7857400
6910,84,77,97523,1656,3900821,7881100
6911,78,93,97445,1641,3900914,7921900
6912,82,83,97363,1640,3900997,7982600
6913,97,85,97266,1652,3901082,8072500
6914,86,58,97180,1680,3901140,7962700
6915,89,96,97091,1673,3901236,7846000
6916,76,75,97015,1674,3901311,7836300
6917,97,79,96918,1692,3901390,7752800
6918,98,77,96820,1713,3901467,7827900
6919,97,100,96723,1710,3901567,7969600
6920,83,78,96640,1715,3901645,7882700
6921,87,79,96553,1723,3901724,7896100
6922,97,78,96456,1742,3901802,7841600
6923,87,92,96369,1737,3901894,7792900
6924,112,91,96257,1758,3901985,7840000
6925,86,81,96171,1763,3902066,7696700
6926,85,69,96086,1779,3902135,7715900
6927,101,83,95985,1797,3902218,8120400
6928,85,95,95900,1787,3902313,7905300
6929,94,84,95806,1797,3902397,8679200
6930,97,93,95709,1801,3902490,8310400
6931,90,108,95619,1783,3902598,8127400
6932,90,95,95529,1778,3902693,7960600
6933,91,91,95438,1778,3902784,7993300
6934,80,91,95358,1767,3902875,8164900
6935,91,99,95267,1759,3902974,8048200
6936,86,85,95181,1760,3903059,8065000
6937,88,85,95093,1763,3903144,8109900
6938,94,75,94999,1782,3903219,8032200
6939,100,75,94899,1807,3903294,7982000
6940,90,81,94809,1816,3903375,7896300
6941,94,98,94715,1812,3903473,8116800
6942,89,85,94626,1816,3903558,7931400
6943,92,95,94534,1813,3903653,8086000
6944,95,87,94439,1821,3903740,8441400
6945,84,109,94355,1796,3903849,8300300
6946,82,93,94273,1785,3903942,7997600
6947,82,83,94191,1784,3904025,7945700
6948,96,92,94095,1788,3904117,8254400
6949,78,82,94017,1784,3904199,8157700
6950,86,90,93931,1780,3904289,8090300
6951,88,97,93843,1771,3904386,8194300
6952,86,101,93757,1756,3904487,8435100
6953,75,97,93682,1734,3904584,8331900
6954,88,77,93594,1745,3904661,8580000
6955,97,97,93497,1745,3904758,8431100
6956,82,107,93415,1720,3904865,8262500
6957,88,78,93327,1730,3904943,8458200
6958,92,84,93235,1738,3905027,8141400
6959,105,98,93130,1745,3905125,8308800
6960,89,88,93041,1746,3905213,8132000
6961,86,76,92955,1756,3905289,7853600
6962,93,83,92862,1766,3905372,7909500
6963,83,80,92779,1769,3905452,8088100
6964,93,87,92686,1775,3905539,7888900
6965,80,88,92606,1767,3905627,7893200
6966,93,82,92513,1778,3905709,7943700
6967,96,98,92417,1776,3905807,7910900
6968,95,95,92322,1776,3905902,7885400
6969,81,104,92241,1753,3906006,7964300
6970,95,87,92146,1761,3906093,8463400
6971,74,86,92072,1749,3906179,8887700
6972,80,73,91992,1756,3906252,8145500
6973,81,79,91911,1758,3906331,8211000
6974,70,71,91841,1757,3906402,8066600
6975,82,94,91759,1745,3906496,8047500
6976,76,91,91683,1730,3906587,8105600
6977,89,89,91594,1730,3906676,8251900
6978,80,89,91514,1721,3906765,8149100
6979,86,88,91428,1719,3906853,7997900
6980,85,90,91343,1714,3906943,8145900
6981,80,94,91263,1700,3907037,7778200
6982,84,93,91179,1691,3907130,7719700
6983,104,78,91075,1717,3907208,7878400
6984,95,98,90980,1714,3907306,7711900
6985,75,79,90905,1710,3907385,7689100
6986,91,80,90814,1721,3907465,8061100
6987,93,89,90721,1725,3907554,8058400
6988,83,94,90638,1714,3907648,7776400
6989,75,103,90563,1686,3907751,7730600
6990,74,91,90489,1669,3907842,7900700
6991,80,82,90409,1667,3907924,7969200
6992,75,72,90334,1670,3907996,7778000
6993,81,86,90253,1665,3908082,7905800
6994,85,83,90168,1667,3908165,8274800
6995,69,76,90099,1660,3908241,7976900
6996,71,82,90028,1649,3908323,8303500
6997,85,90,89943,1644,3908413,7884900
6998,75,80,89868,1639,3908493,7764400
6999,67,99,89801,1607,3908592,7957400
7000,81,92,89720,1596,3908684,7946000
7001,64,73,89656,1587,3908757,8072500
7002,84,82,89572,1589,3908839,7862900
7003,90,74,89482,1605,3908913,8010000
7004,88,67,89394,1626,3908980,8137300
7005,81,68,89313,1639,3909048,8524300
7006,81,87,89232,1633,3909135,8670700
7007,79,75,89153,1637,3909210,8446200
7008,71,96,89082,1612,3909306,8109900
7009,76,76,89006,1612,3909382,8523000
7010,81,82,88925,1611,3909464,8463400
7011,85,80,88840,1616,3909544,8301800
7012,87,79,88753,1624,3909623,8132100
7013,94,78,88659,1640,3909701,8335900
7014,84,87,88575,1637,3909788,7847400
7015,92,111,88483,1618,3909899,8123100
7016,81,66,88402,1633,3909965,7987500
7017,86,63,88316,1656,3910028,9611700
7018,93,73,88223,1676,3910101,8270600
7019,83,88,88140,1671,3910189,7893400
7020,93,77,88047,1687,3910266,8010400
7021,83,88,87964,1682,3910354,7842600
7022,82,81,87882,1683,3910435,7744200
7023,81,99,87801,1665,3910534,7703500
7024,84,76,87717,1673,3910610,7615300
7025,77,90,87640,1660,3910700,7836100
7026,68,86,87572,1642,3910786,7728800
7027,68,64,87504,1646,3910850,7715100
7028,86,92,87418,1640,3910942,7944200
7029,63,81,87355,1622,3911023,7905000
7030,80,87,87275,1615,3911110,7711600
7031,75,97,87200,1593,3911207,7811300
7032,77,65,87123,1605,3911272,7759200
7033,88,87,87035,1606,3911359,7870300
7034,72,91,86963,1587,3911450,7765800
7035,88,78,86875,1597,3911528,7718900
7036,89,81,86786,1605,3911609,7840000
7037,65,86,86721,1584,3911695,8028600
7038,76,78,86645,1582,3911773,7939700
7039,70,70,86575,1582,3911843,7847500
7040,71,78,86504,1575,3911921,7731600
7041,82,90,86422,1567,3912011,7683600
7042,76,79,86346,1564,3912090,7743400
7043,78,75,86268,1567,3912165,7759800
7044,82,77,86186,1572,3912242,7691400
7045,66,71,86120,1567,3912313,7989200
7046,85,81,86035,1571,3912394,7820300
7047,68,73,85967,1566,3912467,7747800
7048,79,74,85888,1571,3912541,7777500
7049,67,68,85821,1570,3912609,7835700
7050,83,69,85738,1584,3912678,7758400
7051,75,77,85663,1582,3912755,7700800
7052,61,72,85602,1571,3912827,7680200
7053,67,71,85535,1567,3912898,8847300
7054,59,73,85476,1553,3912971,8087400
7055,68,83,85408,1538,3913054,7787800
7056,70,78,85338,1530,3913132,7836400
7057,78,71,85260,1537,3913203,7994500
7058,67,79,85193,1525,3913282,7776000
7059,74,80,85119,1519,3913362,7935500
7060,89,60,85030,1548,3913422,7849400
7061,72,81,84958,1539,3913503,7870500
7062,70,89,84888,1520,3913592,8004600
7063,76,71,84812,1525,3913663,7875700
7064,75,76,84737,1524,3913739,7748000
7065,89,69,84648,1544,3913808,7842000
7066,64,90,84584,1518,3913898,7842700
7067,69,78,84515,1509,3913976,8149500
7068,70,79,84445,1500,3914055,8093900
7069,76,86,84369,1490,3914141,8114300
7070,69,86,84300,1473,3914227,8029200
7071,62,69,84238,1466,3914296,7797700
7072,69,68,84169,1467,3914364,7851900
7073,61,86,84108,1442,3914450,8215900
7074,58,67,84050,1433,3914517,7738300
7075,68,83,83982,1418,3914600,7690600
7076,70,76,83912,1412,3914676,7697800
7077,54,69,83858,1397,3914745,7662100
7078,57,67,83801,1387,3914812,7703100
7079,55,62,83746,1380,3914874,7887200
7080,69,67,83677,1382,3914941,7719700
7081,68,84,83609,1366,3915025,7775000
7082,70,59,83539,1377,3915084,8032500
7083,64,78,83475,1363,3915162,7657800
7084,65,73,83410,1355,3915235,7852900
7085,65,58,83345,1362,3915293,8150000
7086,66,65,83279,1363,3915358,7928900
7087,68,63,83211,1368,3915421,8459500
7088,74,59,83137,1383,3915480,7909300
7089,61,67,83076,1377,3915547,7867700
7090,63,70,83013,1370,3915617,7882500
7091,67,66,82946,1371,3915683,8061600
7092,77,61,82869,1387,3915744,7983100
7093,83,50,82786,1420,3915794,7831100
7094,78,80,82708,1418,3915874,7972200
7095,64,69,82644,1413,3915943,8338600
7096,60,57,82584,1416,3916000,8084800
7097,62,65,82522,1413,3916065,8387000
7098,65,74,82457,1404,3916139,8157200
7099,63,66,82394,1401,3916205,8674000
7100,72,68,82322,1405,3916273,9469700
7101,61,75,82261,1391,3916348,9182700
7102,73,81,82188,1383,3916429,8776000
7103,73,72,82115,1384,3916501,8952800
7104,62,66,82053,1380,3916567,9171200
7105,63,60,81990,1383,3916627,8605300
7106,58,68,81932,1373,3916695,8476700
7107,71,74,81861,1370,3916769,8240400
7108,60,71,81801,1359,3916840,8822200
7109,76,61,81725,1374,3916901,8977400
7110,71,59,81654,1386,3916960,8213600
7111,79,65,81575,1400,3917025,8275300
7112,75,73,81500,1402,3917098,8302400
7113,73,72,81427,1403,3917170,8333200
7114,77,63,81350,1417,3917233,8411900
7115,67,82,81283,1402,3917315,8174300
7116,59,60,81224,1401,3917375,8310200
7117,49,64,81175,1386,3917439,8178900
7118,69,83,81106,1372,3917522,8321600
7119,70,79,81036,1363,3917601,8217700
7120,66,67,80970,1362,3917668,8451300
7121,65,67,80905,1360,3917735,8553900
7122,60,66,80845,1354,3917801,8158500
7123,63,79,80782,1338,3917880,8083000
7124,80,58,80702,1360,3917938,8075400
7125,74,78,80628,1356,3918016,8767900
7126,57,72,80571,1341,3918088,8431400
7127,56,66,80515,1331,3918154,8720900
7128,69,56,80446,1344,3918210,8664400
7129,68,68,80378,1344,3918278,8752500
7130,64,69,80314,1339,3918347,8775300
7131,62,62,80252,1339,3918409,8861400
7132,57,61,80195,1335,3918470,8882100
7133,48,71,80147,1312,3918541,9071400
7134,59,66,80088,1305,3918607,9542900
7135,57,69,80031,1293,3918676,8479800
7136,54,61,79977,1286,3918737,8549200
7137,67,58,79910,1295,3918795,8432100
7138,60,65,79850,1290,3918860,8600000
7139,65,64,79785,1291,3918924,8339800
7140,56,47,79729,1300,3918971,8358300
7141,55,65,79674,1290,3919036,8123600
7142,67,62,79607,1295,3919098,8734300
7143,64,72,79543,1287,3919170,7970700
7144,63,64,79480,1286,3919234,7787800
7145,55,61,79425,1280,3919295,8341200
7146,67,72,79358,1275,3919367,7764100
7147,61,63,79297,1273,3919430,8028000
7148,62,69,79235,1266,3919499,7792400
7149,51,57,79184,1260,3919556,7901600
7150,66,69,79118,1257,3919625,8249100
7151,64,75,79054,1246,3919700,8515500
7152,57,64,78997,1239,3919764,8379200
7153,61,53,78936,1247,3919817,8965300
7154,56,51,78880,1252,3919868,8323000
7155,38,54,78842,1236,3919922,8436400
7156,64,58,78778,1242,3919980,8716400
7157,69,61,78709,1250,3920041,9143600
7158,60,55,78649,1255,3920096,8986000
7159,57,58,78592,1254,3920154,8256000
7160,55,55,78537,1254,3920209,8393200
7161,51,66,78486,1239,3920275,8888600
7162,59,66,78427,1232,3920341,9166700
7163,48,56,78379,1224,3920397,8122700
7164,52,45,78327,1231,3920442,8945700
7165,62,52,78265,1241,3920494,8270300
7166,60,48,78205,1253,3920542,8277400
7167,51,71,78154,1233,3920613,7864800
7168,64,60,78090,1237,3920673,8309900
7169,60,66,78030,1231,3920739,8228300
7170,72,56,77958,1247,3920795,8204500
7171,57,50,77901,1254,3920845,8232800
7172,63,52,77838,1265,3920897,8296500
7173,72,71,77766,1266,3920968,8145200
7174,55,55,77711,1266,3921023,8063500
7175,61,75,77650,1252,3921098,7852500
7176,64,62,77586,1254,3921160,7683400
7177,44,58,77542,1240,3921218,7826400
7178,65,68,77477,1237,3921286,8414800
7179,60,60,77417,1237,3921346,8118500
7180,46,68,77371,1215,3921414,7907900
7181,60,62,77311,1213,3921476,7862700
7182,53,79,77258,1187,3921555,7796100
7183,43,56,77215,1174,3921611,7811600
7184,42,62,77173,1154,3921673,7700300
7185,50,60,77123,1144,3921733,7656300
7186,58,63,77065,1139,3921796,7858200
7187,48,48,77017,1139,3921844,7837700
7188,53,60,76964,1132,3921904,7891300
7189,54,61,76910,1125,3921965,7966800
7190,56,51,76854,1130,3922016,8051800
7191,58,66,76796,1122,3922082,8548100
7192,46,54,76750,1114,3922136,8126700
7193,52,47,76698,1119,3922183,8044300
7194,44,62,76654,1101,3922245,8033100
7195,53,58,76601,1096,3922303,7957300
7196,38,54,76563,1080,3922357,7853200
7197,52,52,76511,1080,3922409,8159100
7198,68,46,76443,1102,3922455,8240800
7199,44,60,76399,1086,3922515,8026900
7200,42,49,76357,1079,3922564,8116100
7201,57,57,76300,1079,3922621,8116000
7202,61,52,76239,1088,3922673,8035500
7203,49,49,76190,1088,3922722,8025200
7204,35,53,76155,1070,3922775,7991100
7205,41,61,76114,1050,3922836,7988500
7206,42,57,76072,1035,3922893,8130600
7207,51,61,76021,1025,3922954,8004000
7208,38,53,75983,1010,3923007,8008300
7209,60,41,75923,1029,3923048,8146800
7210,45,57,75878,1017,3923105,8051400
7211,49,41,75829,1025,3923146,8053600
7212,49,59,75780,1015,3923205,8222200
7213,46,38,75734,1023,3923243,8108800
7214,68,57,75666,1034,3923300,8100400
7215,53,47,75613,1040,3923347,8282800
7216,48,54,75565,1034,3923401,8202900
7217,58,59,75507,1033,3923460,7841800
7218,50,45,75457,1038,3923505,8258900
7219,57,58,75400,1037,3923563,9083600
7220,49,39,75351,1047,3923602,8469000
7221,45,54,75306,1038,3923656,8349700
7222,42,53,75264,1027,3923709,9374300
7223,52,48,75212,1031,3923757,8430600
7224,46,49,75166,1028,3923806,8885900
7225,48,46,75118,1030,3923852,9170400
7226,30,54,75088,1006,3923906,9239600
7227,52,61,75036,997,3923967,8414100
7228,59,43,74977,1013,3924010,8610200
7229,54,56,74923,1011,3924066,8467000
7230,54,36,74869,1029,3924102,8702200
7231,48,61,74821,1016,3924163,8939300
7232,46,39,74775,1023,3924202,8684500
7233,47,55,74728,1015,3924257,8815800
7234,33,60,74695,988,3924317,8397500
7235,48,54,74647,982,3924371,8550000
7236,56,43,74591,995,3924414,8502900
7237,53,49,74538,999,3924463,8622500
7238,45,47,74493,997,3924510,8551200
7239,30,51,74463,976,3924561,8380500
7240,49,30,74414,995,3924591,8351700
7241,45,51,74369,989,3924642,9092700
7242,42,52,74327,979,3924694,9093800
7243,40,43,74287,976,3924737,8609900
7244,40,51,74247,965,3924788,8459800
7245,47,47,74200,965,3924835,8926800
7246,47,57,74153,955,3924892,10021100
7247,45,50,74108,950,3924942,8553000
7248,35,57,74073,928,3924999,8655100
7249,39,45,74034,922,3925044,8576500
7250,40,46,73994,916,3925090,8434100
7251,46,50,73948,912,3925140,8694800
7252,40,41,73908,911,3925181,8417500
7253,44,44,73864,911,3925225,9269100
7254,46,49,73818,908,3925274,8640500
7255,45,49,73773,904,3925323,8801900
7256,42,52,73731,894,3925375,8328900
7257,39,43,73692,890,3925418,8243500
7258,51,45,73641,896,3925463,8940200
7259,51,51,73590,896,3925514,7840000
7260,50,49,73540,897,3925563,8405400
7261,49,31,73491,915,3925594,8609400
7262,53,42,73438,926,3925636,8452600
7263,56,48,73382,934,3925684,8277100
7264,52,44,73330,942,3925728,8666600
7265,49,51,73281,940,3925779,8295000
7266,39,47,73242,932,3925826,7968400
7267,50,22,73192,960,3925848,8376800
7268,53,45,73139,968,3925893,8603600
7269,42,54,73097,956,3925947,8707300
7270,46,43,73051,959,3925990,8830200
7271,44,43,73007,960,3926033,8832500
7272,49,41,72958,968,3926074,8885400
7273,57,41,72901,984,3926115,8488000
7274,44,36,72857,992,3926151,8129800
7275,67,52,72790,1007,3926203,8454700
7276,59,49,72731,1017,3926252,8728400
7277,44,53,72687,1008,3926305,8673900
7278,49,54,72638,1003,3926359,8373300
7279,62,34,72576,1031,3926393,8690300
7280,58,46,72518,1043,3926439,8739500
7281,43,53,72475,1033,3926492,8442300
7282,43,54,72432,1022,3926546,8323700
7283,52,48,72380,1026,3926594,8100800
7284,41,35,72339,1032,3926629,8215400
7285,45,52,72294,1025,3926681,9101700
7286,48,51,72246,1022,3926732,8488700
7287,47,55,72199,1014,3926787,8627700
7288,61,51,72138,1024,3926838,8519900
7289,50,56,72088,1018,3926894,8791900
7290,55,43,72033,1030,3926937,8474500
7291,53,52,71980,1031,3926989,7955200
7292,48,48,71932,1031,3927037,8549400
7293,59,52,71873,1038,3927089,8630900
7294,56,42,71817,1052,3927131,9190200
7295,36,49,71781,1039,3927180,8301700
7296,59,42,71722,1056,3927222,8187400
7297,49,58,71673,1047,3927280,8356800
7298,50,50,71623,1047,3927330,7764300
7299,53,46,71570,1054,3927376,7738400
7300,45,57,71525,1042,3927433,7800400
7301,42,45,71483,1039,3927478,7844800
7302,42,46,71441,1035,3927524,7950600
7303,50,37,71391,1048,3927561,7905800
7304,41,53,71350,1036,3927614,7746600
7305,53,45,71297,1044,3927659,7618100
7306,40,51,71257,1033,3927710,7677600
7307,53,48,71204,1038,3927758,7728800
7308,42,52,71162,1028,3927810,7734200
7309,47,46,71115,1029,3927856,7915000
7310,72,52,71043,1049,3927908,8291400
7311,47,42,70996,1054,3927950,8763700
7312,56,51,70940,1059,3928001,8041600
7313,49,53,70891,1055,3928054,7923100
7314,51,58,70840,1048,3928112,7707200
7315,50,50,70790,1048,3928162,7737200
7316,40,50,70750,1038,3928212,7742300
7317,42,46,70708,1034,3928258,7781000
7318,53,53,70655,1034,3928311,7742000
7319,43,43,70612,1034,3928354,8400700
7320,51,58,70561,1027,3928412,7693900
7321,55,47,70506,1035,3928459,7629300
7322,63,48,70443,1050,3928507,7874600
7323,51,36,70392,1065,3928543,7754900
7324,63,42,70329,1086,3928585,7779200
7325,48,55,70281,1079,3928640,7658700
7326,40,61,70241,1058,3928701,7748600
7327,49,63,70192,1044,3928764,7811400
7328,59,49,70133,1054,3928813,7881900
7329,46,79,70087,1021,3928892,8056700
7330,49,50,70038,1020,3928942,7801400
7331,50,44,69988,1026,3928986,8062400
7332,46,40,69942,1032,3929026,7768300
7333,34,54,69908,1012,3929080,7724000
7334,36,48,69872,1000,3929128,7704900
7335,39,44,69833,995,3929172,8000400
7336,51,47,69782,999,3929219,7901400
7337,53,51,69729,1001,3929270,7932100
7338,66,54,69663,1013,3929324,7894200
7339,37,46,69626,1004,3929370,8766000
7340,45,48,69581,1001,3929418,8024400
7341,43,46,69538,998,3929464,8103300
7342,48,52,69490,994,3929516,7983900
7343,39,53,69451,980,3929569,8106400
7344,51,62,69400,969,3929631,8297000
7345,48,50,69352,967,3929681,8970100
7346,40,49,69312,958,3929730,7909100
7347,45,54,69267,949,3929784,7866300
7348,46,46,69221,949,3929830,8019700
7349,39,44,69182,944,3929874,7834800
7350,39,53,69143,930,3929927,7834300
7351,39,37,69104,932,3929964,7848900
7352,30,53,69074,909,3930017,8425900
7353,36,46,69038,899,3930063,7934800
7354,35,51,69003,883,3930114,8323800
7355,42,38,68961,887,3930152,8137400
7356,37,49,68924,875,3930201,8019500
7357,42,29,68882,888,3930230,8108200
7358,52,45,68830,895,3930275,8851100
7359,41,55,68789,881,3930330,8027300
7360,40,51,68749,870,3930381,7955600
7361,39,41,68710,868,3930422,7865000
7362,46,42,68664,872,3930464,7757700
7363,49,54,68615,867,3930518,7987000
7364,35,44,68580,858,3930562,8441900
7365,34,36,68546,856,3930598,8155100
7366,44,44,68502,856,3930642,8119400
7367,41,47,68461,850,3930689,8128200
7368,49,38,68412,861,3930727,8212900
7369,33,43,68379,851,3930770,8094700
7370,43,47,68336,847,3930817,8229500
7371,35,35,68301,847,3930852,8206400
7372,36,39,68265,844,3930891,8242600
7373,45,38,68220,851,3930929,8430500
7374,34,43,68186,842,3930972,8274700
7375,40,37,68146,845,3931009,8352000
7376,25,28,68121,842,3931037,8466400
7377,46,42,68075,846,3931079,8886900
7378,39,46,68036,839,3931125,8280100
7379,34,40,68002,833,3931165,8207600
7380,40,41,67962,832,3931206,8150500
7381,36,59,67926,809,3931265,8212400
7382,44,34,67882,819,3931299,8073600
7383,24,42,67858,801,3931341,8093200
7384,37,38,67821,800,3931379,8146600
7385,35,37,67786,798,3931416,9040600
7386,46,47,67740,797,3931463,8205800
7387,38,40,67702,795,3931503,8521200
7388,29,40,67673,784,3931543,8549100
7389,22,46,67651,760,3931589,8147200
7390,32,35,67619,757,3931624,8086900
7391,32,47,67587,742,3931671,8242500
7392,31,31,67556,742,3931702,8387900
7393,23,31,67533,734,3931733,8169000
7394,32,32,67501,734,3931765,8143800
7395,25,36,67476,723,3931801,8408100
7396,28,40,67448,711,3931841,8865600
7397,35,34,67413,712,3931875,8221200
7398,43,53,67370,702,3931928,8103000
7399,22,27,67348,697,3931955,7996700
7400,38,38,67310,697,3931993,8087600
7401,29,33,67281,693,3932026,8004300
7402,36,44,67245,685,3932070,8102000
7403,35,41,67210,679,3932111,8204700
7404,34,38,67176,675,3932149,7929200
7405,33,32,67143,676,3932181,7968700
7406,28,38,67115,666,3932219,8458000
7407,32,39,67083,659,3932258,8186100
7408,34,31,67049,662,3932289,8175200
7409,43,31,67006,674,3932320,8281600
7410,32,32,66974,674,3932352,8202800
7411,25,35,66949,664,3932387,8228900
7412,35,50,66914,649,3932437,8185200
7413,27,30,66887,646,3932467,8866900
7414,26,38,66861,634,3932505,8295200
7415,33,28,66828,639,3932533,8396200
7416,26,30,66802,635,3932563,8834400
7417,31,35,66771,631,3932598,8848200
7418,33,34,66738,630,3932632,8270500
7419,33,31,66705,632,3932663,8890000
7420,42,41,66663,633,3932704,8505200
7421,32,38,66631,627,3932742,8694300
7422,32,36,66599,623,3932778,8442900
7423,37,33,66562,627,3932811,8227700
7424,22,35,66540,614,3932846,8795000
7425,27,43,66513,598,3932889,8785800
7426,22,26,66491,594,3932915,8231100
7427,30,40,66461,584,3932955,8104800
7428,23,27,66438,580,3932982,8064800
7429,31,29,66407,582,3933011,8505500
7430,29,34,66378,577,3933045,8145000
7431,25,21,66353,581,3933066,8783600
7432,27,32,66326,576,3933098,8821400
7433,27,23,66299,580,3933121,9102600
7434,16,28,66283,568,3933149,8382100
7435,25,27,66258,566,3933176,8163600
7436,24,18,66234,572,3933194,8619200
7437,31,29,66203,574,3933223,7993500
7438,29,24,66174,579,3933247,7993700
7439,23,37,66151,565,3933284,8613600
7440,23,33,66128,555,3933317,7870500
7441,34,24,66094,565,3933341,7915500
7442,34,22,66060,577,3933363,8105400
7443,30,29,66030,578,3933392,7930700
7444,26,31,66004,573,3933423,7732400
7445,27,22,65977,578,3933445,7807700
7446,25,29,65952,574,3933474,7912100
7447,19,17,65933,576,3933491,7838300
7448,30,26,65903,580,3933517,7864300
7449,29,23,65874,586,3933540,7918700
7450,27,31,65847,582,3933571,7846800
7451,17,33,65830,566,3933604,7773200
7452,28,27,65802,567,3933631,7866600
7453,34,23,65768,578,3933654,7837000
7454,24,28,65744,574,3933682,7689700
7455,35,23,65709,586,3933705,7634700
7456,32,30,65677,588,3933735,7637100
7457,28,31,65649,585,3933766,7890100
7458,21,25,65628,581,3933791,7736600
7459,26,25,65602,582,3933816,7657000
7460,30,34,65572,578,3933850,8396100
7461,30,30,65542,578,3933880,7879200
7462,35,24,65507,589,3933904,7960500
7463,34,36,65473,587,3933940,8203900
7464,32,30,65441,589,3933970,8175600
7465,26,42,65415,573,3934012,9306600
7466,31,32,65384,572,3934044,7962500
7467,30,34,65354,568,3934078,8562500
7468,27,29,65327,566,3934107,7877100
7469,20,27,65307,559,3934134,7787600
7470,27,27,65280,559,3934161,8996300
7471,31,33,65249,557,3934194,7910900
7472,24,23,65225,558,3934217,7807300
7473,27,39,65198,546,3934256,7809600
7474,48,26,65150,568,3934282,7697300
7475,32,25,65118,575,3934307,7766100
7476,34,31,65084,578,3934338,8013100
7477,33,24,65051,587,3934362,7965900
7478,27,34,65024,580,3934396,7736300
7479,31,35,64993,576,3934431,7673900
7480,33,35,64960,574,3934466,7884600
7481,21,35,64939,560,3934501,8628000
7482,32,25,64907,567,3934526,8202600
7483,34,28,64873,573,3934554,8239800
7484,29,32,64844,570,3934586,7851900
7485,38,22,64806,586,3934608,8097100
7486,26,35,64780,577,3934643,7669900
7487,33,27,64747,583,3934670,8334200
7488,33,26,64714,590,3934696,7650600
7489,30,30,64684,590,3934726,7640800
7490,42,30,64642,602,3934756,7928900
7491,36,29,64606,609,3934785,7756300
7492,38,28,64568,619,3934813,7710700
7493,28,25,64540,622,3934838,7818700
7494,32,23,64508,631,3934861,7853600
7495,26,35,64482,622,3934896,8335700
7496,27,30,64455,619,3934926,8356800
7497,39,34,64416,624,3934960,8182200
7498,30,28,64386,626,3934988,8124200
7499,35,30,64351,631,3935018,8286000
7500,32,36,64319,627,3935054,8435000
7501,26,28,64293,625,3935082,8020300
7502,32,30,64261,627,3935112,7969700
7503,27,31,64234,623,3935143,7728500
7504,28,27,64206,624,3935170,7731000
7505,35,32,64171,627,3935202,7759300
7506,35,32,64136,630,3935234,7917600
7507,36,20,64100,646,3935254,7953400
7508,24,29,64076,641,3935283,7799900
7509,36,26,64040,651,3935309,7719400
7510,36,36,64004,651,3935345,7874700
7511,36,28,63968,659,3935373,7798500
7512,34,31,63934,662,3935404,7890100
7513,34,34,63900,662,3935438,7768600
7514,35,29,63865,668,3935467,7861100
7515,34,34,63831,668,3935501,7821800
7516,39,35,63792,672,3935536,7991100
7517,35,40,63757,667,3935576,7822700
7518,33,31,63724,669,3935607,7773900
7519,26,30,63698,665,3935637,7798400
7520,28,40,63670,653,3935677,8490500
7521,18,32,63652,639,3935709,7904000
7522,22,29,63630,632,3935738,7873600
7523,28,37,63602,623,3935775,7873900
7524,33,36,63569,620,3935811,8109000
7525,21,30,63548,611,3935841,8082700
7526,23,26,63525,608,3935867,7848300
7527,27,25,63498,610,3935892,7857200
7528,29,36,63469,603,3935928,7889300
7529,22,35,63447,590,3935963,7923200
7530,20,29,63427,581,3935992,7702800
7531,23,30,63404,574,3936022,7840000
7532,23,32,63381,565,3936054,7968800
7533,40,36,63341,569,3936090,7767500
7534,17,27,63324,559,3936117,7821100
7535,21,24,63303,556,3936141,7764500
7536,21,27,63282,550,3936168,7962400
7537,17,33,63265,534,3936201,7719700
7538,26,27,63239,533,3936228,7886600
7539,18,18,63221,533,3936246,7696100
7540,26,30,63195,529,3936276,7904100
7541,24,33,63171,520,3936309,8121600
7542,20,25,63151,515,3936334,7758800
7543,25,23,63126,517,3936357,7746600
7544,23,28,63103,512,3936385,7877800
7545,20,19,63083,513,3936404,7768300
7546,24,16,63059,521,3936420,8276100
7547,17,26,63042,512,3936446,7652400
7548,22,30,63020,504,3936476,8223300
7549,25,19,62995,510,3936495,8093400
7550,20,25,62975,505,3936520,8298800
7551,29,23,62946,511,3936543,7979900
7552,21,25,62925,507,3936568,8096100
7553,31,29,62894,509,3936597,7908300
7554,27,26,62867,510,3936623,8282900
7555,23,19,62844,514,3936642,7948700
7556,17,25,62827,506,3936667,8041600
7557,23,19,62804,510,3936686,7933100
7558,26,30,62778,506,3936716,8324400
7559,29,32,62749,503,3936748,8012100
7560,16,32,62733,487,3936780,8635800
7561,16,25,62717,478,3936805,8059400
7562,18,17,62699,479,3936822,8061600
7563,26,27,62673,478,3936849,7833000
7564,24,24,62649,478,3936873,7918300
7565,21,25,62628,474,3936898,8461700
7566,21,20,62607,475,3936918,7960300
7567,22,14,62585,483,3936932,8000300
7568,19,23,62566,479,3936955,7714200
7569,18,22,62548,475,3936977,7823900
7570,26,31,62522,470,3937008,7807600
7571,23,31,62499,462,3937039,7788500
7572,30,33,62469,459,3937072,7817900
7573,23,21,62446,461,3937093,8319400
7574,17,22,62429,456,3937115,8304400
7575,16,26,62413,446,3937141,7910900
7576,27,19,62386,454,3937160,7888600
7577,23,21,62363,456,3937181,7862600
7578,27,20,62336,463,3937201,8083600
7579,17,31,62319,449,3937232,7969500
7580,24,23,62295,450,3937255,7955200
7581,21,17,62274,454,3937272,7957900
7582,26,21,62248,459,3937293,8015900
7583,20,22,62228,457,3937315,7768200
7584,21,23,62207,455,3937338,7695000
7585,20,26,62187,449,3937364,7999000
7586,21,28,62166,442,3937392,7976600
7587,22,25,62144,439,3937417,7931600
7588,19,21,62125,437,3937438,7908500
7589,21,21,62104,437,3937459,7932900
7590,13,25,62091,425,3937484,8098600
7591,13,25,62078,413,3937509,7970700
7592,16,22,62062,407,3937531,8399400
7593,12,17,62050,402,3937548,7754400
7594,19,22,62031,399,3937570,7828100
7595,11,26,62020,384,3937596,7759200
7596,19,16,62001,387,3937612,7641300
7597,15,12,61986,390,3937624,7637100
7598,11,16,61975,385,3937640,8815400
7599,11,10,61964,386,3937650,8630500
7600,15,23,61949,378,3937673,8154100
7601,16,14,61933,380,3937687,8138100
7602,16,14,61917,382,3937701,8057900
7603,17,23,61900,376,3937724,9087000
7604,13,23,61887,366,3937747,7964700
7605,17,12,61870,371,3937759,8323100
7606,15,25,61855,361,3937784,8949300
7607,15,18,61840,358,3937802,8720500
7608,13,20,61827,351,3937822,8409200
7609,20,13,61807,358,3937835,8182700
7610,25,24,61782,359,3937859,8512100
7611,14,13,61768,360,3937872,7984100
7612,16,15,61752,361,3937887,8110000
7613,22,18,61730,365,3937905,8339400
7614,14,26,61716,353,3937931,8146000
7615,15,19,61701,349,3937950,8177000
7616,18,17,61683,350,3937967,7938200
7617,20,19,61663,351,3937986,7768800
7618,19,14,61644,356,3938000,7834200
7619,18,16,61626,358,3938016,7838900
7620,21,21,61605,358,3938037,7922100
7621,15,11,61590,362,3938048,7760700
7622,17,18,61573,361,3938066,7923300
7623,13,18,61560,356,3938084,8053500
7624,15,19,61545,352,3938103,8189300
7625,15,13,61530,354,3938116,8210400
7626,16,18,61514,352,3938134,8231800
7627,8,22,61506,338,3938156,8230500
7628,17,16,61489,339,3938172,8000000
7629,14,12,61475,341,3938184,7674000
7630,11,18,61464,334,3938202,7685100
7631,13,24,61451,323,3938226,7872200
7632,12,12,61439,323,3938238,7784400
7633,5,13,61434,315,3938251,7790400
7634,11,14,61423,312,3938265,7691700
7635,11,16,61412,307,3938281,7749600
7636,12,16,61400,303,3938297,7861100
7637,10,16,61390,297,3938313,7830400
7638,9,15,61381,291,3938328,7740600
7639,9,16,61372,284,3938344,7839900
7640,14,9,61358,289,3938353,8117200
7641,15,6,61343,298,3938359,7696300
7642,7,17,61336,288,3938376,7932100
7643,12,19,61324,281,3938395,7620100
7644,15,13,61309,283,3938408,7633700
7645,13,19,61296,277,3938427,7812600
7646,10,15,61286,272,3938442,7736100
7647,8,9,61278,271,3938451,7743600
7648,9,14,61269,266,3938465,7945300
7649,15,10,61254,271,3938475,8071900
7650,10,16,61244,265,3938491,7761600
7651,15,20,61229,260,3938511,7627900
7652,11,16,61218,255,3938527,7814600
7653,7,17,61211,245,3938544,7650800
7654,10,11,61201,244,3938555,7729500
7655,11,15,61190,240,3938570,7653200
7656,11,14,61179,237,3938584,7940500
7657,10,5,61169,242,3938589,7983700
7658,12,10,61157,244,3938599,7730400
7659,7,18,61150,233,3938617,7698200
7660,13,12,61137,234,3938629,7655700
7661,13,10,61124,237,3938639,7631000
7662,14,13,61110,238,3938652,7727200
7663,10,13,61100,235,3938665,8051200
7664,22,12,61078,245,3938677,7860400
7665,9,12,61069,242,3938689,8039600
7666,12,9,61057,245,3938698,7980600
7667,10,12,61047,243,3938710,7828100
7668,7,9,61040,241,3938719,7734000
7669,10,19,61030,232,3938738,8106700
7670,10,15,61020,227,3938753,8281300
7671,15,8,61005,234,3938761,7937800
7672,12,13,60993,233,3938774,7829300
7673,6,14,60987,225,3938788,7766400
7674,12,11,60975,226,3938799,7818800
7675,17,11,60958,232,3938810,7915700
7676,11,19,60947,224,3938829,7805600
7677,7,9,60940,222,3938838,7944700
7678,11,16,60929,217,3938854,7884500
7679,11,5,60918,223,3938859,7731600
7680,8,12,60910,219,3938871,7699600
7681,13,7,60897,225,3938878,7649900
7682,9,5,60888,229,3938883,7823300
7683,10,12,60878,227,3938895,8020500
7684,6,13,60872,220,3938908,7689200
7685,10,8,60862,222,3938916,7742000
7686,10,14,60852,218,3938930,8117100
7687,15,12,60837,221,3938942,8088700
7688,6,12,60831,215,3938954,8051600
7689,13,9,60818,219,3938963,7895400
7690,5,15,60813,209,3938978,7835600
7691,13,11,60800,211,3938989,7936000
7692,8,13,60792,206,3939002,7754200
7693,8,11,60784,203,3939013,7693000
7694,8,9,60776,202,3939022,7946200
7695,6,9,60770,199,3939031,8776500
7696,6,11,60764,194,3939042,9254500
7697,11,11,60753,194,3939053,9896600
7698,7,4,60746,197,3939057,8947400
7699,8,14,60738,191,3939071,10466900
7700,12,12,60726,191,3939083,9239800
7701,8,9,60718,190,3939092,8679400
7702,4,8,60714,186,3939100,8602300
7703,8,9,60706,185,3939109,8775200
7704,8,8,60698,185,3939117,8543900
7705,10,11,60688,184,3939128,8486800
7706,7,9,60681,182,3939137,8361800
7707,6,4,60675,184,3939141,8436800
7708,6,10,60669,180,3939151,8424100
7709,5,8,60664,177,3939159,7979800
7710,7,10,60657,174,3939169,8676200
7711,8,12,60649,170,3939181,8184400
7712,8,9,60641,169,3939190,8037200
7713,6,8,60635,167,3939198,8036100
7714,7,9,60628,165,3939207,8029800
7715,8,9,60620,164,3939216,8031800
7716,11,9,60609,166,3939225,8812600
7717,6,8,60603,164,3939233,7994400
7718,6,5,60597,165,3939238,7907900
7719,3,9,60594,159,3939247,7839600
7720,8,10,60586,157,3939257,7910500
7721,8,11,60578,154,3939268,7915300
7722,3,6,60575,151,3939274,8199600
7723,10,8,60565,153,3939282,7997600
7724,2,6,60563,149,3939288,7928600
7725,12,12,60551,149,3939300,7991800
7726,10,7,60541,152,3939307,7847700
7727,5,8,60536,149,3939315,7973000
7728,10,8,60526,151,3939323,7834800
7729,13,8,60513,156,3939331,7860100
7730,6,8,60507,154,3939339,8099800
7731,4,8,60503,150,3939347,8265500
7732,6,5,60497,151,3939352,8146500
7733,11,3,60486,159,3939355,8145800
7734,6,14,60480,151,3939369,8016100
7735,9,11,60471,149,3939380,7951600
7736,6,4,60465,151,3939384,7827000
7737,8,6,60457,153,3939390,7939200
7738,7,7,60450,153,3939397,7823000
7739,7,6,60443,154,3939403,7802900
7740,7,5,60436,156,3939408,7711000
7741,7,3,60429,160,3939411,7759000
7742,5,5,60424,160,3939416,7947800
7743,6,6,60418,160,3939422,8164700
7744,5,7,60413,158,3939429,8022500
7745,8,4,60405,162,3939433,7875600
7746,4,7,60401,159,3939440,7998600
7747,6,9,60395,156,3939449,8124900
7748,1,9,60394,148,3939458,8370500
7749,2,6,60392,144,3939464,7845500
7750,3,14,60389,133,3939478,8263500
7751,4,7,60385,130,3939485,8035600
7752,4,9,60381,125,3939494,7950000
7753,5,8,60376,122,3939502,7714400
7754,3,8,60373,117,3939510,7686200
7755,2,8,60371,111,3939518,7778400
7756,4,2,60367,113,3939520,7781900
7757,2,5,60365,110,3939525,7776900
7758,9,7,60356,112,3939532,7698200
7759,2,5,60354,109,3939537,7622000
7760,3,4,60351,108,3939541,7957200
7761,6,4,60345,110,3939545,8265300
7762,0,2,60345,108,3939547,9138400
7763,2,8,60343,102,3939555,9842100
7764,4,5,60339,101,3939560,9083600
7765,2,3,60337,100,3939563,9183200
7766,3,3,60334,100,3939566,9048400
7767,0,2,60334,98,3939568,8964300
7768,3,6,60331,95,3939574,8640000
7769,2,7,60329,90,3939581,8065900
7770,2,5,60327,87,3939586,8268900
7771,1,2,60326,86,3939588,8029700
7772,1,5,60325,82,3939593,7912100
7773,1,4,60324,79,3939597,7996800
7774,2,7,60322,74,3939604,7948800
7775,2,3,60320,73,3939607,8011700
7776,3,4,60317,72,3939611,7985700
7777,6,3,60311,75,3939614,7915000
7778,0,4,60311,71,3939618,7921300
7779,1,4,60310,68,3939622,7885800
7780,2,4,60308,66,3939626,7903200
7781,4,7,60304,63,3939633,7914400
7782,5,2,60299,66,3939635,8228600
7783,3,4,60296,65,3939639,8877000
7784,2,5,60294,62,3939644,10065400
7785,2,8,60292,56,3939652,9083600
7786,2,1,60290,57,3939653,8566500
7787,0,2,60290,55,3939655,8754200
7788,4,2,60286,57,3939657,8652500
7789,5,4,60281,58,3939661,8505800
7790,1,3,60280,56,3939664,8408800
7791,3,3,60277,56,3939667,8588400
7792,2,3,60275,55,3939670,8607700
7793,0,5,60275,50,3939675,8552700
7794,1,2,60274,49,3939677,8181800
7795,0,4,60274,45,3939681,8098300
7796,1,3,60273,43,3939684,7930000
7797,1,0,60272,44,3939684,7957800
7798,1,2,60271,43,3939686,7872900
7799,1,0,60270,44,3939686,7837900
7800,2,3,60268,43,3939689,7848800
7801,0,1,60268,42,3939690,7743700
7802,1,3,60267,40,3939693,7692400
7803,0,1,60267,39,3939694,7872800
7804,0,1,60267,38,3939695,8538800
7805,0,1,60267,37,3939696,7737400
7806,0,3,60267,34,3939699,7659700
7807,0,2,60267,32,3939701,7637900
7808,0,1,60267,31,3939702,7790800
7809,1,1,60266,31,3939703,8096400
7810,0,2,60266,29,3939705,8425900
7811,0,3,60266,26,3939708,7944300
7812,0,3,60266,23,3939711,7915900
7813,0,4,60266,19,3939715,7748400
7814,0,3,60266,16,3939718,7769400
7815,0,0,60266,16,3939718,7594400
7816,1,2,60265,15,3939720,7614200
7817,0,0,60265,15,3939720,7625100
7818,1,2,60264,14,3939722,7756200
7819,0,2,60264,12,3939724,7651500
7820,0,1,60264,11,3939725,7667600
7821,0,0,60264,11,3939725,7861800
7822,0,1,60264,10,3939726,7802600
7823,0,1,60264,9,3939727,8394500
7824,0,0,60264,9,3939727,11149600
7825,0,0,60264,9,3939727,9401400
7826,0,1,60264,8,3939728,8659500
7827,0,2,60264,6,3939730,10698900
7828,0,0,60264,6,3939730,8465900
7829,0,0,60264,6,3939730,8753300
7830,0,0,60264,6,3939730,8501800
7831,0,1,60264,5,3939731,8213300
7832,0,0,60264,5,3939731,8457800
7833,0,0,60264,5,3939731,8580700
7834,0,0,60264,5,3939731,8479500
7835,0,0,60264,5,3939731,8144100
7836,0,0,60264,5,3939731,8223700
7837,0,0,60264,5,3939731,8453400
7838,0,0,60264,5,3939731,8593700
7839,0,0,60264,5,3939731,8102100
7840,0,0,60264,5,3939731,8202600
7841,0,0,60264,5,3939731,8226000
7842,0,0,60264,5,3939731,8023900
7843,0,0,60264,5,3939731,8080400
7844,0,1,60264,4,3939732,8081100
7845,0,0,60264,4,3939732,8086400
7846,0,2,60264,2,3939734,7990700
7847,0,0,60264,2,3939734,8260900
7848,0,0,60264,2,3939734,8080500
7849,0,0,60264,2,3939734,8197500
7850,0,0,60264,2,3939734,8163300
7851,0,0,60264,2,3939734,8774200
7852,0,0,60264,2,3939734,8489200
7853,0,0,60264,2,3939734,8547200
7854,0,0,60264,2,3939734,9368100
7855,0,0,60264,2,3939734,8557600
7856,0,0,60264,2,3939734,8918700
7857,0,0,60264,2,3939734,9752900
7858,0,0,60264,2,3939734,8798200
7859,0,0,60264,2,3939734,8725400
7860,0,0,60264,2,3939734,9058900
7861,0,0,60264,2,3939734,8968500
7862,0,0,60264,2,3939734,8963000
7863,0,0,60264,2,3939734,8783700
7864,0,0,60264,2,3939734,8731300
7865,0,0,60264,2,3939734,11762200
7866,0,0,60264,2,3939734,10398100
7867,0,0,60264,2,3939734,9565300
7868,0,0,60264,2,3939734,10311200
7869,0,0,60264,2,3939734,10184200
7870,0,0,60264,2,3939734,9120400
7871,0,0,60264,2,3939734,8669100
7872,0,0,60264,2,3939734,8662400
7873,0,0,60264,2,3939734,8419100
7874,0,0,60264,2,3939734,8100200
7875,0,0,60264,2,3939734,8052400
7876,0,1,60264,1,3939735,8029100
7877,0,1,60264,0,3939736,7925800
