Tick,NewlyInfected,NewlyRecovered,TotalSusceptible,TotalInfected,TotalRecovered,StepTimeNanos
0,5,0,249990,10,0,14227100
1,2,0,249988,12,0,9603800
2,2,3,249986,11,3,1910000
3,4,0,249982,15,3,1983000
4,4,1,249978,18,4,1991800
5,5,1,249973,22,5,1841100
6,8,0,249965,30,5,1887300
7,6,2,249959,34,7,1941300
8,4,1,249955,37,8,1988700
9,11,1,249944,47,9,1924500
10,13,3,249931,57,12,1886500
11,10,2,249921,65,14,1888000
12,10,1,249911,74,15,1992000
13,12,0,249899,86,15,1913700
14,9,5,249890,90,20,4185900
15,10,4,249880,96,24,446200
16,12,8,249868,100,32,416400
17,11,3,249857,108,35,424300
18,7,7,249850,108,42,426400
19,11,2,249839,117,44,424300
20,8,4,249831,121,48,443700
21,13,2,249818,132,50,436700
22,5,5,249813,132,55,508100
23,13,7,249800,138,62,422000
24,15,5,249785,148,67,449300
25,16,10,249769,154,77,404500
26,12,10,249757,156,87,396600
27,13,8,249744,161,95,388100
28,14,3,249730,172,98,401600
29,19,13,249711,178,111,408300
30,12,17,249699,173,128,408400
31,15,4,249684,184,132,393600
32,15,8,249669,191,140,404100
33,18,6,249651,203,146,410500
34,21,11,249630,213,157,395800
35,17,3,249613,227,160,398000
36,24,8,249589,243,168,414300
37,18,8,249571,253,176,434100
38,26,4,249545,275,180,426100
39,24,17,249521,282,197,419900
40,17,15,249504,284,212,393600
41,23,19,249481,288,231,391800
42,24,18,249457,294,249,391400
43,22,13,249435,303,262,405600
44,16,14,249419,305,276,420100
45,23,14,249396,314,290,402900
46,25,16,249371,323,306,389000
47,20,19,249351,324,325,405900
48,32,14,249319,342,339,390200
49,19,16,249300,345,355,394600
50,32,15,249268,362,370,391200
51,23,18,249245,367,388,408100
52,35,16,249210,386,404,399100
53,21,16,249189,391,420,404500
54,25,13,249164,403,433,402000
55,34,18,249130,419,451,404400
56,31,23,249099,427,474,551300
57,46,23,249053,450,497,404200
58,37,20,249016,467,517,424400
59,32,26,248984,473,543,405200
60,37,24,248947,486,567,398500
61,39,21,248908,504,588,402100
62,34,20,248874,518,608,400000
63,37,25,248837,530,633,402100
64,33,29,248804,534,662,412400
65,36,31,248768,539,693,406700
66,39,26,248729,552,719,417800
67,41,30,248688,563,749,511000
68,36,22,248652,577,771,464800
69,37,25,248615,589,796,453600
70,47,30,248568,606,826,447300
71,51,35,248517,622,861,445100
72,42,24,248475,640,885,450600
73,40,27,248435,653,912,515200
74,37,32,248398,658,944,449300
75,39,38,248359,659,982,449800
76,54,36,248305,677,1018,455800
77,52,33,248253,696,1051,557800
78,47,31,248206,712,1082,458400
79,46,33,248160,725,1115,448800
80,53,46,248107,732,1161,448800
81,42,36,248065,738,1197,448500
82,40,39,248025,739,1236,444800
83,52,33,247973,758,1269,447900
84,61,47,247912,772,1316,461900
85,55,42,247857,785,1358,459100
86,65,32,247792,818,1390,453800
87,47,40,247745,825,1430,450900
88,64,42,247681,847,1472,449200
89,57,33,247624,871,1505,444800
90,64,45,247560,890,1550,444200
91,47,47,247513,890,1597,450200
92,46,33,247467,903,1630,446700
93,43,43,247424,903,1673,452600
94,64,44,247360,923,1717,471100
95,64,46,247296,941,1763,450800
96,64,35,247232,970,1798,486900
97,48,50,247184,968,1848,449400
98,63,47,247121,984,1895,539700
99,59,42,247062,1001,1937,442600
100,50,56,247012,995,1993,449800
101,66,56,246946,1005,2049,478700
102,56,41,246890,1020,2090,464400
103,54,50,246836,1024,2140,440400
104,57,46,246779,1035,2186,449900
105,67,49,246712,1053,2235,544200
106,71,51,246641,1073,2286,482400
107,55,61,246586,1067,2347,475400
108,72,59,246514,1080,2406,462000
109,66,52,246448,1094,2458,468300
110,61,56,246387,1099,2514,446400
111,70,48,246317,1121,2562,448700
112,59,55,246258,1125,2617,565900
113,62,63,246196,1124,2680,481700
114,77,61,246119,1140,2741,468700
115,68,59,246051,1149,2800,461100
116,62,46,245989,1165,2846,454500
117,66,47,245923,1184,2893,440900
118,76,63,245847,1197,2956,447000
119,69,63,245778,1203,3019,443900
120,82,79,245696,1206,3098,444400
121,71,69,245625,1208,3167,460700
122,80,70,245545,1218,3237,444700
123,67,63,245478,1222,3300,445200
124,74,79,245404,1217,3379,466600
125,82,63,245322,1236,3442,455000
126,72,66,245250,1242,3508,445400
127,83,61,245167,1264,3569,451000
128,89,75,245078,1278,3644,527500
129,72,57,245006,1293,3701,456000
130,84,51,244922,1326,3752,449000
131,88,56,244834,1358,3808,449800
132,81,63,244753,1376,3871,456600
133,83,74,244670,1385,3945,463100
134,83,52,244587,1416,3997,460900
135,96,72,244491,1440,4069,481400
136,109,75,244382,1474,4144,455200
137,106,60,244276,1520,4204,445600
138,105,76,244171,1549,4280,446600
139,95,81,244076,1563,4361,456900
140,95,60,243981,1598,4421,461500
141,92,92,243889,1598,4513,470200
142,83,79,243806,1602,4592,494300
143,110,55,243696,1657,4647,457800
144,106,88,243590,1675,4735,590500
145,105,72,243485,1708,4807,459200
146,87,77,243398,1718,4884,446300
147,107,100,243291,1725,4984,460700
148,98,93,243193,1730,5077,461700
149,99,96,243094,1733,5173,466200
150,117,95,242977,1755,5268,562500
151,96,84,242881,1767,5352,485000
152,95,90,242786,1772,5442,482400
153,99,79,242687,1792,5521,481400
154,92,87,242595,1797,5608,626300
155,113,91,242482,1819,5699,468800
156,118,85,242364,1852,5784,463000
157,106,94,242258,1864,5878,453700
158,104,101,242154,1867,5979,450100
159,111,82,242043,1896,6061,454400
160,115,95,241928,1916,6156,452700
161,122,105,241806,1933,6261,451400
162,112,71,241694,1974,6332,449300
163,123,102,241571,1995,6434,449700
164,124,93,241447,2026,6527,458800
165,110,97,241337,2039,6624,452800
166,128,101,241209,2066,6725,471100
167,118,116,241091,2068,6841,471700
168,105,94,240986,2079,6935,451200
169,107,96,240879,2090,7031,449600
170,125,101,240754,2114,7132,465100
171,112,91,240642,2135,7223,559200
172,111,105,240531,2141,7328,449400
173,116,115,240415,2142,7443,455200
174,127,96,240288,2173,7539,457000
175,136,96,240152,2213,7635,450900
176,129,131,240023,2211,7766,458500
177,112,109,239911,2214,7875,453400
178,125,102,239786,2237,7977,448400
179,131,112,239655,2256,8089,448400
180,127,134,239528,2249,8223,477900
181,124,115,239404,2258,8338,482900
182,109,106,239295,2261,8444,462600
183,103,131,239192,2233,8575,461400
184,140,120,239052,2253,8695,464600
185,126,110,238926,2269,8805,455100
186,139,114,238787,2294,8919,454400
187,122,127,238665,2289,9046,448100
188,136,119,238529,2306,9165,456700
189,131,113,238398,2324,9278,461200
190,116,123,238282,2317,9401,451200
191,140,119,238142,2338,9520,460800
192,139,111,238003,2366,9631,457600
193,137,126,237866,2377,9757,458200
194,122,143,237744,2356,9900,455800
195,113,106,237631,2363,10006,454400
196,129,120,237502,2372,10126,472100
197,118,110,237384,2380,10236,467400
198,141,125,237243,2396,10361,552800
199,142,125,237101,2413,10486,485300
200,159,131,236942,2441,10617,477400
201,145,108,236797,2478,10725,458000
202,148,120,236649,2506,10845,466200
203,132,107,236517,2531,10952,475000
204,128,141,236389,2518,11093,459800
205,135,120,236254,2533,11213,451200
206,146,105,236108,2574,11318,465700
207,132,129,235976,2577,11447,459700
208,138,148,235838,2567,11595,467000
209,157,139,235681,2585,11734,458100
210,132,139,235549,2578,11873,459200
211,133,136,235416,2575,12009,472100
212,129,118,235287,2586,12127,457700
213,145,115,235142,2616,12242,458400
214,156,134,234986,2638,12376,456600
215,156,119,234830,2675,12495,455600
216,145,121,234685,2699,12616,459100
217,152,136,234533,2715,12752,467600
218,142,136,234391,2721,12888,458300
219,152,139,234239,2734,13027,460500
220,143,145,234096,2732,13172,479300
221,149,138,233947,2743,13310,457900
222,163,148,233784,2758,13458,468000
223,156,150,233628,2764,13608,476800
224,157,121,233471,2800,13729,477700
225,148,133,233323,2815,13862,492500
226,152,136,233171,2831,13998,477200
227,139,163,233032,2807,14161,477500
228,159,134,232873,2832,14295,465100
229,155,149,232718,2838,14444,457800
230,166,140,232552,2864,14584,462400
231,166,153,232386,2877,14737,465700
232,159,172,232227,2864,14909,473700
233,176,137,232051,2903,15046,488300
234,154,135,231897,2922,15181,476600
235,172,152,231725,2942,15333,477100
236,178,168,231547,2952,15501,477000
237,186,139,231361,2999,15640,466900
238,164,148,231197,3015,15788,467600
239,159,150,231038,3024,15938,471000
240,148,157,230890,3015,16095,476700
241,155,143,230735,3027,16238,469500
242,141,173,230594,2995,16411,464700
243,180,145,230414,3030,16556,467800
244,164,148,230250,3046,16704,465200
245,156,155,230094,3047,16859,472800
246,145,148,229949,3044,17007,472400
247,164,140,229785,3068,17147,482000
248,168,143,229617,3093,17290,475400
249,147,159,229470,3081,17449,480700
250,165,159,229305,3087,17608,464500
251,154,151,229151,3090,17759,485500
252,160,180,228991,3070,17939,474000
253,172,180,228819,3062,18119,466800
254,162,147,228657,3077,18266,481100
255,159,157,228498,3079,18423,487400
256,173,157,228325,3095,18580,593400
257,188,148,228137,3135,18728,505600
258,179,162,227958,3152,18890,484400
259,150,160,227808,3142,19050,489500
260,183,162,227625,3163,19212,473500
261,184,144,227441,3203,19356,475200
262,159,200,227282,3162,19556,480900
263,203,149,227079,3216,19705,486400
264,180,168,226899,3228,19873,481100
265,217,154,226682,3291,20027,475900
266,152,161,226530,3282,20188,462500
267,184,158,226346,3308,20346,471500
268,172,166,226174,3314,20512,477300
269,157,135,226017,3336,20647,472000
270,159,183,225858,3312,20830,481700
271,153,173,225705,3292,21003,501300
272,165,166,225540,3291,21169,517500
273,164,157,225376,3298,21326,506400
274,166,137,225210,3327,21463,471600
275,189,157,225021,3359,21620,483700
276,177,158,224844,3378,21778,480200
277,177,178,224667,3377,21956,611200
278,153,158,224514,3372,22114,468500
279,190,161,224324,3401,22275,489400
280,157,170,224167,3388,22445,492000
281,181,173,223986,3396,22618,480700
282,159,163,223827,3392,22781,469300
283,189,158,223638,3423,22939,481800
284,187,193,223451,3417,23132,471900
285,184,171,223267,3430,23303,475700
286,161,173,223106,3418,23476,497000
287,163,170,222943,3411,23646,484000
288,161,187,222782,3385,23833,474700
289,184,164,222598,3405,23997,468000
290,163,188,222435,3380,24185,476600
291,175,185,222260,3370,24370,486900
292,173,152,222087,3391,24522,492300
293,177,169,221910,3399,24691,510200
294,179,193,221731,3385,24884,469200
295,196,176,221535,3405,25060,479000
296,160,141,221375,3424,25201,466800
297,169,168,221206,3425,25369,490600
298,184,169,221022,3440,25538,474000
299,170,180,220852,3430,25718,518600
300,176,174,220676,3432,25892,501400
301,196,188,220480,3440,26080,492100
302,183,167,220297,3456,26247,469600
303,191,157,220106,3490,26404,479300
304,175,138,219931,3527,26542,469700
305,180,179,219751,3528,26721,498200
306,177,170,219574,3535,26891,492000
307,157,173,219417,3519,27064,482500
308,159,187,219258,3491,27251,480500
309,175,180,219083,3486,27431,489400
310,162,167,218921,3481,27598,480500
311,171,169,218750,3483,27767,482400
312,159,153,218591,3489,27920,477600
313,161,202,218430,3448,28122,503800
314,166,169,218264,3445,28291,475200
315,163,155,218101,3453,28446,481600
316,177,160,217924,3470,28606,475200
317,152,213,217772,3409,28819,468100
318,178,163,217594,3424,28982,467200
319,179,187,217415,3416,29169,466900
320,192,173,217223,3435,29342,511500
321,156,176,217067,3415,29518,475900
322,168,184,216899,3399,29702,470100
323,166,187,216733,3378,29889,481600
324,157,169,216576,3366,30058,476400
325,166,153,216410,3379,30211,484100
326,189,174,216221,3394,30385,479200
327,163,161,216058,3396,30546,663900
328,172,157,215886,3411,30703,477500
329,180,174,215706,3417,30877,472400
330,176,166,215530,3427,31043,471200
331,159,182,215371,3404,31225,470900
332,158,161,215213,3401,31386,484100
333,165,174,215048,3392,31560,499400
334,155,159,214893,3388,31719,482600
335,141,168,214752,3361,31887,470900
336,169,188,214583,3342,32075,481500
337,174,176,214409,3340,32251,488000
338,156,170,214253,3326,32421,482800
339,168,154,214085,3340,32575,474400
340,165,168,213920,3337,32743,479900
341,180,138,213740,3379,32881,484900
342,150,166,213590,3363,33047,489900
343,165,187,213425,3341,33234,492900
344,164,157,213261,3348,33391,498900
345,169,174,213092,3343,33565,469400
346,175,169,212917,3349,33734,476000
347,152,134,212765,3367,33868,469500
348,174,159,212591,3382,34027,465200
349,194,132,212397,3444,34159,472700
350,195,167,212202,3472,34326,498100
351,171,184,212031,3459,34510,485500
352,156,170,211875,3445,34680,570100
353,177,165,211698,3457,34845,479700
354,171,177,211527,3451,35022,471000
355,150,158,211377,3443,35180,463200
356,168,167,211209,3444,35347,476100
357,139,181,211070,3402,35528,465400
358,176,183,210894,3395,35711,471900
359,170,154,210724,3411,35865,487300
360,172,190,210552,3393,36055,485300
361,185,167,210367,3411,36222,466200
362,170,162,210197,3419,36384,477800
363,168,168,210029,3419,36552,477600
364,141,176,209888,3384,36728,474200
365,154,173,209734,3365,36901,467300
366,175,165,209559,3375,37066,606600
367,147,148,209412,3374,37214,491400
368,166,173,209246,3367,37387,470900
369,157,180,209089,3344,37567,482200
370,147,168,208942,3323,37735,514700
371,198,154,208744,3367,37889,476200
372,159,158,208585,3368,38047,488400
373,161,167,208424,3362,38214,486300
374,161,152,208263,3371,38366,486200
375,176,191,208087,3356,38557,480900
376,159,168,207928,3347,38725,474500
377,163,172,207765,3338,38897,513000
378,138,172,207627,3304,39069,642900
379,191,155,207436,3340,39224,479100
380,167,165,207269,3342,39389,493600
381,144,154,207125,3332,39543,469500
382,175,175,206950,3332,39718,466600
383,171,151,206779,3352,39869,480700
384,161,179,206618,3334,40048,518900
385,171,155,206447,3350,40203,494100
386,170,180,206277,3340,40383,480400
387,160,160,206117,3340,40543,494100
388,164,167,205953,3337,40710,470900
389,164,179,205789,3322,40889,476000
390,155,175,205634,3302,41064,474300
391,172,148,205462,3326,41212,469800
392,159,189,205303,3296,41401,472700
393,188,175,205115,3309,41576,476400
394,189,161,204926,3337,41737,469000
395,159,161,204767,3335,41898,493500
396,175,192,204592,3318,42090,474200
397,169,183,204423,3304,42273,479200
398,153,152,204270,3305,42425,472300
399,172,177,204098,3300,42602,474600
400,178,171,203920,3307,42773,474100
401,158,160,203762,3305,42933,472200
402,165,153,203597,3317,43086,492800
403,151,166,203446,3302,43252,466800
404,169,168,203277,3303,43420,474300
405,159,164,203118,3298,43584,462100
406,173,162,202945,3309,43746,461200
407,164,174,202781,3299,43920,458500
408,163,180,202618,3282,44100,462700
409,177,140,202441,3319,44240,482500
410,162,153,202279,3328,44393,476100
411,155,182,202124,3301,44575,496400
412,153,166,201971,3288,44741,492900
413,164,162,201807,3290,44903,476100
414,168,152,201639,3306,45055,484800
415,161,166,201478,3301,45221,609800
416,153,165,201325,3289,45386,473400
417,185,154,201140,3320,45540,467300
418,175,154,200965,3341,45694,482100
419,152,145,200813,3348,45839,483000
420,137,155,200676,3330,45994,504400
421,158,163,200518,3325,46157,490600
422,165,154,200353,3336,46311,480700
423,181,175,200172,3342,46486,514600
424,154,173,200018,3323,46659,475600
425,148,164,199870,3307,46823,470500
426,149,166,199721,3290,46989,462400
427,171,193,199550,3268,47182,472600
428,156,165,199394,3259,47347,465800
429,157,144,199237,3272,47491,468900
430,142,159,199095,3255,47650,481700
431,175,152,198920,3278,47802,468000
432,164,154,198756,3288,47956,470000
433,154,155,198602,3287,48111,464400
434,165,149,198437,3303,48260,473300
435,154,167,198283,3290,48427,470700
436,184,171,198099,3303,48598,472900
437,148,152,197951,3299,48750,472700
438,162,143,197789,3318,48893,472100
439,169,189,197620,3298,49082,470600
440,151,191,197469,3258,49273,523400
441,172,164,197297,3266,49437,485300
442,161,177,197136,3250,49614,477500
443,163,164,196973,3249,49778,470100
444,161,167,196812,3243,49945,475100
445,155,167,196657,3231,50112,475900
446,147,160,196510,3218,50272,466900
447,147,137,196363,3228,50409,460700
448,154,157,196209,3225,50566,474900
449,135,171,196074,3189,50737,470500
450,141,179,195933,3151,50916,461600
451,169,165,195764,3155,51081,472100
452,161,155,195603,3161,51236,468800
453,148,141,195455,3168,51377,646400
454,175,167,195280,3176,51544,484700
455,161,182,195119,3155,51726,477400
456,151,160,194968,3146,51886,501400
457,157,170,194811,3133,52056,467000
458,140,164,194671,3109,52220,496100
459,163,144,194508,3128,52364,496000
460,157,154,194351,3131,52518,504200
461,160,151,194191,3140,52669,472300
462,142,177,194049,3105,52846,480600
463,160,149,193889,3116,52995,543700
464,161,137,193728,3140,53132,494200
465,166,179,193562,3127,53311,481500
466,148,157,193414,3118,53468,487000
467,166,174,193248,3110,53642,606300
468,172,147,193076,3135,53789,624300
469,145,154,192931,3126,53943,524000
470,156,154,192775,3128,54097,514300
471,141,136,192634,3133,54233,529900
472,180,147,192454,3166,54380,502600
473,163,177,192291,3152,54557,529900
474,163,139,192128,3176,54696,486700
475,174,151,191954,3199,54847,484700
476,156,155,191798,3200,55002,501200
477,158,168,191640,3190,55170,485600
478,164,132,191476,3222,55302,476000
479,156,171,191320,3207,55473,475300
480,178,138,191142,3247,55611,611700
481,171,163,190971,3255,55774,502600
482,192,166,190779,3281,55940,480600
483,180,152,190599,3309,56092,478600
484,159,165,190440,3303,56257,474000
485,173,176,190267,3300,56433,478800
486,178,167,190089,3311,56600,489700
487,152,149,189937,3314,56749,472300
488,174,167,189763,3321,56916,481500
489,179,172,189584,3328,57088,479100
490,165,176,189419,3317,57264,694100
491,162,187,189257,3292,57451,473000
492,152,182,189105,3262,57633,487500
493,121,168,188984,3215,57801,480900
494,161,165,188823,3211,57966,482800
495,185,172,188638,3224,58138,501100
496,174,150,188464,3248,58288,489600
497,164,174,188300,3238,58462,498000
498,166,150,188134,3254,58612,479600
499,164,172,187970,3246,58784,478600
500,152,163,187818,3235,58947,575200
501,166,149,187652,3252,59096,485400
502,168,158,187484,3262,59254,514900
503,185,173,187299,3274,59427,516900
504,155,146,187144,3283,59573,483000
505,169,173,186975,3279,59746,476200
506,153,138,186822,3294,59884,469900
507,160,150,186662,3304,60034,484800
508,167,174,186495,3297,60208,505000
509,195,161,186300,3331,60369,532200
510,162,160,186138,3333,60529,594800
511,171,158,185967,3346,60687,480600
512,164,156,185803,3354,60843,485100
513,152,170,185651,3336,61013,470600
514,183,166,185468,3353,61179,498500
515,169,154,185299,3368,61333,482900
516,156,184,185143,3340,61517,479900
517,149,152,184994,3337,61669,470600
518,172,148,184822,3361,61817,472000
519,160,171,184662,3350,61988,493400
520,156,165,184506,3341,62153,482600
521,156,166,184350,3331,62319,478300
522,143,136,184207,3338,62455,470600
523,157,151,184050,3344,62606,476100
524,151,164,183899,3331,62770,483900
525,157,164,183742,3324,62934,480700
526,166,164,183576,3326,63098,474800
527,151,185,183425,3292,63283,476100
528,175,154,183250,3313,63437,467900
529,185,174,183065,3324,63611,474300
530,168,145,182897,3347,63756,468800
531,167,147,182730,3367,63903,588100
532,173,171,182557,3369,64074,469500
533,165,182,182392,3352,64256,470700
534,163,192,182229,3323,64448,468600
535,165,170,182064,3318,64618,487400
536,156,170,181908,3304,64788,478400
537,148,186,181760,3266,64974,597300
538,166,188,181594,3244,65162,490500
539,140,161,181454,3223,65323,469600
540,172,172,181282,3223,65495,484500
541,154,148,181128,3229,65643,469300
542,175,151,180953,3253,65794,470100
543,165,144,180788,3274,65938,472500
544,172,160,180616,3286,66098,481500
545,166,183,180450,3269,66281,486500
546,171,143,180279,3297,66424,492700
547,183,158,180096,3322,66582,481200
548,177,172,179919,3327,66754,482200
549,179,185,179740,3321,66939,472600
550,153,163,179587,3311,67102,492000
551,173,160,179414,3324,67262,479200
552,153,148,179261,3329,67410,472100
553,176,157,179085,3348,67567,479100
554,185,166,178900,3367,67733,492800
555,163,164,178737,3366,67897,472200
556,160,166,178577,3360,68063,478200
557,147,161,178430,3346,68224,480400
558,190,158,178240,3378,68382,476000
559,190,148,178050,3420,68530,484500
560,162,143,177888,3439,68673,478000
561,178,192,177710,3425,68865,474800
562,197,183,177513,3439,69048,479300
563,177,152,177336,3464,69200,542500
564,186,155,177150,3495,69355,522100
565,179,163,176971,3511,69518,493200
566,181,163,176790,3529,69681,1983300
567,216,177,176574,3568,69858,2868000
568,193,150,176381,3611,70008,3327500
569,186,168,176195,3629,70176,3880600
570,198,192,175997,3635,70368,2835600
571,187,196,175810,3626,70564,4551300
572,192,218,175618,3600,70782,488200
573,187,174,175431,3613,70956,612800
574,197,190,175234,3620,71146,485400
575,176,169,175058,3627,71315,492100
576,204,172,174854,3659,71487,488600
577,190,185,174664,3664,71672,484500
578,170,174,174494,3660,71846,507800
579,197,190,174297,3667,72036,504300
580,188,153,174109,3702,72189,493800
581,187,182,173922,3707,72371,492600
582,191,180,173731,3718,72551,478500
583,168,206,173563,3680,72757,492200
584,191,169,173372,3702,72926,491000
585,185,159,173187,3728,73085,473900
586,200,213,172987,3715,73298,498100
587,192,189,172795,3718,73487,468600
588,183,204,172612,3697,73691,473100
589,180,174,172432,3703,73865,474500
590,208,185,172224,3726,74050,494100
591,165,205,172059,3686,74255,483200
592,171,163,171888,3694,74418,472100
593,159,191,171729,3662,74609,473200
594,177,191,171552,3648,74800,473700
595,195,166,171357,3677,74966,466500
596,185,198,171172,3664,75164,540600
597,186,176,170986,3674,75340,605900
598,170,195,170816,3649,75535,486700
599,181,190,170635,3640,75725,471600
600,174,165,170461,3649,75890,473600
601,176,201,170285,3624,76091,477500
602,202,189,170083,3637,76280,471700
603,214,200,169869,3651,76480,537600
604,166,191,169703,3626,76671,484900
605,173,183,169530,3616,76854,475300
606,183,172,169347,3627,77026,470100
607,164,172,169183,3619,77198,477900
608,207,185,168976,3641,77383,477700
609,212,181,168764,3672,77564,484000
610,184,198,168580,3658,77762,474200
611,214,178,168366,3694,77940,482700
612,198,196,168168,3696,78136,471300
613,202,206,167966,3692,78342,477400
614,187,197,167779,3682,78539,475800
615,170,188,167609,3664,78727,604400
616,182,190,167427,3656,78917,483900
617,174,171,167253,3659,79088,485900
618,189,192,167064,3656,79280,476500
619,168,186,166896,3638,79466,481000
620,185,170,166711,3653,79636,467700
621,209,163,166502,3699,79799,473200
622,204,180,166298,3723,79979,484500
623,181,201,166117,3703,80180,479300
624,183,184,165934,3702,80364,476800
625,176,187,165758,3691,80551,486200
626,184,170,165574,3705,80721,486100
627,189,186,165385,3708,80907,487600
628,185,187,165200,3706,81094,473700
629,183,193,165017,3696,81287,471800
630,161,172,164856,3685,81459,479600
631,177,190,164679,3672,81649,474500
632,185,180,164494,3677,81829,476700
633,168,199,164326,3646,82028,478900
634,163,187,164163,3622,82215,471200
635,201,189,163962,3634,82404,469100
636,176,170,163786,3640,82574,498700
637,220,183,163566,3677,82757,475700
638,185,176,163381,3686,82933,469900
639,174,180,163207,3680,83113,478300
640,194,167,163013,3707,83280,475500
641,171,184,162842,3694,83464,483600
642,192,213,162650,3673,83677,478100
643,168,192,162482,3649,83869,477300
644,194,198,162288,3645,84067,478800
645,191,196,162097,3640,84263,490100
646,182,192,161915,3630,84455,472500
647,180,191,161735,3619,84646,469800
648,197,170,161538,3646,84816,468500
649,193,146,161345,3693,84962,479200
650,205,179,161140,3719,85141,485000
651,187,172,160953,3734,85313,466000
652,172,182,160781,3724,85495,486000
653,205,186,160576,3743,85681,478700
654,189,187,160387,3745,85868,478000
655,191,204,160196,3732,86072,486700
656,175,176,160021,3731,86248,486200
657,181,188,159840,3724,86436,484000
658,185,195,159655,3714,86631,589200
659,184,187,159471,3711,86818,467400
660,200,177,159271,3734,86995,480300
661,188,185,159083,3737,87180,477700
662,175,196,158908,3716,87376,480500
663,191,199,158717,3708,87575,479500
664,178,196,158539,3690,87771,479900
665,190,190,158349,3690,87961,476000
666,191,174,158158,3707,88135,470400
667,187,184,157971,3710,88319,475100
668,184,195,157787,3699,88514,480900
669,180,180,157607,3699,88694,476400
670,197,193,157410,3703,88887,477700
671,175,168,157235,3710,89055,476500
672,180,177,157055,3713,89232,468000
673,193,199,156862,3707,89431,479700
674,187,189,156675,3705,89620,508800
675,180,175,156495,3710,89795,490300
676,166,192,156329,3684,89987,475700
677,188,194,156141,3678,90181,472000
678,168,202,155973,3644,90383,480500
679,168,194,155805,3618,90577,466800
680,191,200,155614,3609,90777,473200
681,177,180,155437,3606,90957,477200
682,183,190,155254,3599,91147,476800
683,182,149,155072,3632,91296,465200
684,176,172,154896,3636,91468,466100
685,162,185,154734,3613,91653,472500
686,178,189,154556,3602,91842,486900
687,166,184,154390,3584,92026,474300
688,168,207,154222,3545,92233,469300
689,160,187,154062,3518,92420,473500
690,156,196,153906,3478,92616,473800
691,174,162,153732,3490,92778,468300
692,179,156,153553,3513,92934,471000
693,165,188,153388,3490,93122,464700
694,180,170,153208,3500,93292,474100
695,169,152,153039,3517,93444,474100
696,191,183,152848,3525,93627,473300
697,156,195,152692,3486,93822,474600
698,148,176,152544,3458,93998,470500
699,165,178,152379,3445,94176,468400
700,182,180,152197,3447,94356,466800
701,171,181,152026,3437,94537,463500
702,169,160,151857,3446,94697,460900
703,181,184,151676,3443,94881,462100
704,153,184,151523,3412,95065,473800
705,154,188,151369,3378,95253,462500
706,167,145,151202,3400,95398,467800
707,169,164,151033,3405,95562,463700
708,167,171,150866,3401,95733,462800
709,157,169,150709,3389,95902,478500
710,188,161,150521,3416,96063,468500
711,176,163,150345,3429,96226,462100
712,160,175,150185,3414,96401,473000
713,188,175,149997,3427,96576,466900
714,167,168,149830,3426,96744,466300
715,194,155,149636,3465,96899,476700
716,176,165,149460,3476,97064,466900
717,177,184,149283,3469,97248,598000
718,179,160,149104,3488,97408,492700
719,172,168,148932,3492,97576,588300
720,189,164,148743,3517,97740,502500
721,190,192,148553,3515,97932,488500
722,170,189,148383,3496,98121,470100
723,181,170,148202,3507,98291,467600
724,152,180,148050,3479,98471,474500
725,167,183,147883,3463,98654,505700
726,180,167,147703,3476,98821,517200
727,172,202,147531,3446,99023,528000
728,174,183,147357,3437,99206,528800
729,193,164,147164,3466,99370,502400
730,184,162,146980,3488,99532,499300
731,183,153,146797,3518,99685,466200
732,176,182,146621,3512,99867,483700
733,200,185,146421,3527,100052,509700
734,200,189,146221,3538,100241,481600
735,172,168,146049,3542,100409,470600
736,193,179,145856,3556,100588,481100
737,200,148,145656,3608,100736,527600
738,172,189,145484,3591,100925,485600
739,185,187,145299,3589,101112,474100
740,186,155,145113,3620,101267,465200
741,189,183,144924,3626,101450,469900
742,197,197,144727,3626,101647,490300
743,186,178,144541,3634,101825,476700
744,159,175,144382,3618,102000,465000
745,177,155,144205,3640,102155,466200
746,166,183,144039,3623,102338,481500
747,196,191,143843,3628,102529,484600
748,205,189,143638,3644,102718,486300
749,180,155,143458,3669,102873,468700
750,191,188,143267,3672,103061,471200
751,201,198,143066,3675,103259,485100
752,200,192,142866,3683,103451,472700
753,196,169,142670,3710,103620,482700
754,182,177,142488,3715,103797,470300
755,186,189,142302,3712,103986,484000
756,196,194,142106,3714,104180,485400
757,198,170,141908,3742,104350,464600
758,185,197,141723,3730,104547,465100
759,219,179,141504,3770,104726,483300
760,178,195,141326,3753,104921,467300
761,212,182,141114,3783,105103,480200
762,175,181,140939,3777,105284,483300
763,170,183,140769,3764,105467,463300
764,186,176,140583,3774,105643,482200
765,185,198,140398,3761,105841,481700
766,183,227,140215,3717,106068,466800
767,197,199,140018,3715,106267,486400
768,203,177,139815,3741,106444,464400
769,188,181,139627,3748,106625,493900
770,199,198,139428,3749,106823,485600
771,193,195,139235,3747,107018,483400
772,204,193,139031,3758,107211,494400
773,189,181,138842,3766,107392,485600
774,224,181,138618,3809,107573,503000
775,193,194,138425,3808,107767,491800
776,200,200,138225,3808,107967,505800
777,202,172,138023,3838,108139,495200
778,188,194,137835,3832,108333,696500
779,188,188,137647,3832,108521,494500
780,233,193,137414,3872,108714,487200
781,187,189,137227,3870,108903,482700
782,197,178,137030,3889,109081,483400
783,214,208,136816,3895,109289,477700
784,208,208,136608,3895,109497,489200
785,183,190,136425,3888,109687,483900
786,202,182,136223,3908,109869,486600
787,211,216,136012,3903,110085,495700
788,182,214,135830,3871,110299,469200
789,169,199,135661,3841,110498,486700
790,199,164,135462,3876,110662,464100
791,191,204,135271,3863,110866,490300
792,175,223,135096,3815,111089,484800
793,205,205,134891,3815,111294,490200
794,186,185,134705,3816,111479,485400
795,197,193,134508,3820,111672,492500
796,191,196,134317,3815,111868,483100
797,205,176,134112,3844,112044,485200
798,188,184,133924,3848,112228,490100
799,191,185,133733,3854,112413,483700
800,197,208,133536,3843,112621,488100
801,199,220,133337,3822,112841,489300
802,190,172,133147,3840,113013,484200
803,201,178,132946,3863,113191,492200
804,198,196,132748,3865,113387,486200
805,202,183,132546,3884,113570,487100
806,166,199,132380,3851,113769,484800
807,198,219,132182,3830,113988,486200
808,185,207,131997,3808,114195,525000
809,192,193,131805,3807,114388,498500
810,197,184,131608,3820,114572,508400
811,197,214,131411,3803,114786,479200
812,189,205,131222,3787,114991,484100
813,197,195,131025,3789,115186,474300
814,186,189,130839,3786,115375,479200
815,183,180,130656,3789,115555,477200
816,200,179,130456,3810,115734,477300
817,199,199,130257,3810,115933,486700
818,189,217,130068,3782,116150,467700
819,174,189,129894,3767,116339,480400
820,210,185,129684,3792,116524,479200
821,215,167,129469,3840,116691,479200
822,186,206,129283,3820,116897,484600
823,206,181,129077,3845,117078,480500
824,181,199,128896,3827,117277,482100
825,193,188,128703,3832,117465,492700
826,192,204,128511,3820,117669,483400
827,181,195,128330,3806,117864,468900
828,182,208,128148,3780,118072,482700
829,187,175,127961,3792,118247,486200
830,181,203,127780,3770,118450,500400
831,179,193,127601,3756,118643,486000
832,175,179,127426,3752,118822,499100
833,187,191,127239,3748,119013,499200
834,183,171,127056,3760,119184,488400
835,194,188,126862,3766,119372,492200
836,202,192,126660,3776,119564,483300
837,206,217,126454,3765,119781,483400
838,188,182,126266,3771,119963,475900
839,197,185,126069,3783,120148,501800
840,193,188,125876,3788,120336,498500
841,186,198,125690,3776,120534,474200
842,188,192,125502,3772,120726,489300
843,210,167,125292,3815,120893,477900
844,203,194,125089,3824,121087,477700
845,211,205,124878,3830,121292,513200
846,198,158,124680,3870,121450,476000
847,195,178,124485,3887,121628,475000
848,199,219,124286,3867,121847,475500
849,181,203,124105,3845,122050,475800
850,177,185,123928,3837,122235,490100
851,181,186,123747,3832,122421,487600
852,206,172,123541,3866,122593,479200
853,194,166,123347,3894,122759,481600
854,212,184,123135,3922,122943,494200
855,201,195,122934,3928,123138,499500
856,202,193,122732,3937,123331,531500
857,177,192,122555,3922,123523,507600
858,216,185,122339,3953,123708,502600
859,199,212,122140,3940,123920,510300
860,192,189,121948,3943,124109,491000
861,197,189,121751,3951,124298,478900
862,205,172,121546,3984,124470,477500
863,189,215,121357,3958,124685,482700
864,208,186,121149,3980,124871,478500
865,185,186,120964,3979,125057,479100
866,204,206,120760,3977,125263,482200
867,184,222,120576,3939,125485,484400
868,227,197,120349,3969,125682,488900
869,191,229,120158,3931,125911,523900
870,183,201,119975,3913,126112,487800
871,190,191,119785,3912,126303,495400
872,178,203,119607,3887,126506,510700
873,192,198,119415,3881,126704,494700
874,202,207,119213,3876,126911,477400
875,168,178,119045,3866,127089,477900
876,170,192,118875,3844,127281,483200
877,209,172,118666,3881,127453,591600
878,184,188,118482,3877,127641,482100
879,197,183,118285,3891,127824,478300
880,185,170,118100,3906,127994,472700
881,198,212,117902,3892,128206,477200
882,220,202,117682,3910,128408,482400
883,197,202,117485,3905,128610,483600
884,177,206,117308,3876,128816,480700
885,184,198,117124,3862,129014,477300
886,200,172,116924,3890,129186,478800
887,187,189,116737,3888,129375,489900
888,190,187,116547,3891,129562,478300
889,191,186,116356,3896,129748,484300
890,203,175,116153,3924,129923,486300
891,192,176,115961,3940,130099,479700
892,206,216,115755,3930,130315,512400
893,201,191,115554,3940,130506,499600
894,219,193,115335,3966,130699,523000
895,204,200,115131,3970,130899,481800
896,205,213,114926,3962,131112,511300
897,205,197,114721,3970,131309,501900
898,220,197,114501,3993,131506,492100
899,182,227,114319,3948,131733,498800
900,194,198,114125,3944,131931,485500
901,188,204,113937,3928,132135,507500
902,189,220,113748,3897,132355,499900
903,180,219,113568,3858,132574,499300
904,192,209,113376,3841,132783,473900
905,185,184,113191,3842,132967,476800
906,200,185,112991,3857,133152,489800
907,183,203,112808,3837,133355,486800
908,178,195,112630,3820,133550,511000
909,199,184,112431,3835,133734,493300
910,189,199,112242,3825,133933,494200
911,187,177,112055,3835,134110,474900
912,211,211,111844,3835,134321,484100
913,172,212,111672,3795,134533,496000
914,201,197,111471,3799,134730,501800
915,186,165,111285,3820,134895,490200
916,188,164,111097,3844,135059,480500
917,215,183,110882,3876,135242,494500
918,221,198,110661,3899,135440,510400
919,193,190,110468,3902,135630,490500
920,188,219,110280,3871,135849,497600
921,208,186,110072,3893,136035,499200
922,209,180,109863,3922,136215,483900
923,199,197,109664,3924,136412,490100
924,206,174,109458,3956,136586,488900
925,213,184,109245,3985,136770,492800
926,228,190,109017,4023,136960,503300
927,196,200,108821,4019,137160,491000
928,214,226,108607,4007,137386,507400
929,222,217,108385,4012,137603,506300
930,226,202,108159,4036,137805,521500
931,212,190,107947,4058,137995,510200
932,212,206,107735,4064,138201,506800
933,223,201,107512,4086,138402,501700
934,236,199,107276,4123,138601,497000
935,211,217,107065,4117,138818,493000
936,223,215,106842,4125,139033,482200
937,217,221,106625,4121,139254,491700
938,181,230,106444,4072,139484,482700
939,203,192,106241,4083,139676,475300
940,185,197,106056,4071,139873,478000
941,220,202,105836,4089,140075,493500
942,200,188,105636,4101,140263,482700
943,184,201,105452,4084,140464,480000
944,185,204,105267,4065,140668,495300
945,191,216,105076,4040,140884,493300
946,178,174,104898,4044,141058,500400
947,194,201,104704,4037,141259,501200
948,206,194,104498,4049,141453,491400
949,209,185,104289,4073,141638,487700
950,192,200,104097,4065,141838,484800
951,220,200,103877,4085,142038,494000
952,209,202,103668,4092,142240,513400
953,207,216,103461,4083,142456,495800
954,204,200,103257,4087,142656,487900
955,187,190,103070,4084,142846,474000
956,199,188,102871,4095,143034,490300
957,199,222,102672,4072,143256,488700
958,219,197,102453,4094,143453,482800
959,196,201,102257,4089,143654,490500
960,202,191,102055,4100,143845,478400
961,212,220,101843,4092,144065,480900
962,207,197,101636,4102,144262,505800
963,196,192,101440,4106,144454,480600
964,201,194,101239,4113,144648,483900
965,185,218,101054,4080,144866,481900
966,228,221,100826,4087,145087,497800
967,226,197,100600,4116,145284,496500
968,221,188,100379,4149,145472,494800
969,217,197,100162,4169,145669,504300
970,222,220,99940,4171,145889,499900
971,192,220,99748,4143,146109,491900
972,201,210,99547,4134,146319,491700
973,228,186,99319,4176,146505,494400
974,208,218,99111,4166,146723,491500
975,214,213,98897,4167,146936,499000
976,223,184,98674,4206,147120,485800
977,231,219,98443,4218,147339,498500
978,202,220,98241,4200,147559,503600
979,235,210,98006,4225,147769,506200
980,210,204,97796,4231,147973,755800
981,199,235,97597,4195,148208,3518500
982,194,203,97403,4186,148411,3541100
983,214,203,97189,4197,148614,4204700
984,212,206,96977,4203,148820,3584900
985,224,226,96753,4201,149046,2920300
986,197,217,96556,4181,149263,486000
987,187,206,96369,4162,149469,491000
988,185,209,96184,4138,149678,491100
989,180,215,96004,4103,149893,501700
990,221,231,95783,4093,150124,505700
991,194,191,95589,4096,150315,497100
992,210,184,95379,4122,150499,491100
993,206,191,95173,4137,150690,571100
994,194,203,94979,4128,150893,509100
995,230,179,94749,4179,151072,501000
996,224,208,94525,4195,151280,500600
997,216,214,94309,4197,151494,494900
998,224,207,94085,4214,151701,496100
999,211,228,93874,4197,151929,492700
1000,212,216,93662,4193,152145,482900
1001,208,188,93454,4213,152333,576100
1002,225,220,93229,4218,152553,493800
1003,221,214,93008,4225,152767,511800
1004,212,232,92796,4205,152999,500300
1005,193,212,92603,4186,153211,502600
1006,213,188,92390,4211,153399,492100
1007,200,194,92190,4217,153593,486400
1008,224,193,91966,4248,153786,491900
1009,227,202,91739,4273,153988,500400
1010,217,215,91522,4275,154203,495600
1011,202,196,91320,4281,154399,490000
1012,179,202,91141,4258,154601,636000
1013,203,206,90938,4255,154807,489200
1014,194,206,90744,4243,155013,495600
1015,186,209,90558,4220,155222,489400
1016,192,208,90366,4204,155430,493800
1017,214,222,90152,4196,155652,491600
1018,201,207,89951,4190,155859,491200
1019,203,195,89748,4198,156054,494500
1020,206,218,89542,4186,156272,487400
1021,200,190,89342,4196,156462,481700
1022,204,226,89138,4174,156688,491100
1023,211,217,88927,4168,156905,572100
1024,193,223,88734,4138,157128,497500
1025,208,201,88526,4145,157329,498200
1026,191,201,88335,4135,157530,497200
1027,193,237,88142,4091,157767,492600
1028,183,210,87959,4064,157977,497600
1029,208,197,87751,4075,158174,494400
1030,193,226,87558,4042,158400,498400
1031,210,222,87348,4030,158622,494900
1032,171,215,87177,3986,158837,494300
1033,194,206,86983,3974,159043,490500
1034,189,207,86794,3956,159250,552800
1035,212,209,86582,3959,159459,485000
1036,193,190,86389,3962,159649,502100
1037,201,187,86188,3976,159836,488600
1038,181,212,86007,3945,160048,487800
1039,183,184,85824,3944,160232,491700
1040,192,200,85632,3936,160432,482500
1041,177,190,85455,3923,160622,497700
1042,216,192,85239,3947,160814,502600
1043,169,184,85070,3932,160998,490300
1044,189,224,84881,3897,161222,501700
1045,201,208,84680,3890,161430,497500
1046,184,155,84496,3919,161585,483800
1047,190,152,84306,3957,161737,482800
1048,196,183,84110,3970,161920,489700
1049,200,212,83910,3958,162132,486000
1050,197,205,83713,3950,162337,479500
1051,201,173,83512,3978,162510,491000
1052,191,197,83321,3972,162707,492600
1053,195,203,83126,3964,162910,506200
1054,197,189,82929,3972,163099,501500
1055,204,190,82725,3986,163289,494200
1056,196,212,82529,3970,163501,490600
1057,191,225,82338,3936,163726,488400
1058,201,188,82137,3949,163914,494300
1059,194,189,81943,3954,164103,496500
1060,192,196,81751,3950,164299,491100
1061,209,181,81542,3978,164480,509700
1062,206,218,81336,3966,164698,494600
1063,215,200,81121,3981,164898,488200
1064,211,206,80910,3986,165104,486300
1065,188,216,80722,3958,165320,487700
1066,190,194,80532,3954,165514,500300
1067,182,204,80350,3932,165718,494800
1068,220,193,80130,3959,165911,490400
1069,190,187,79940,3962,166098,491300
1070,209,177,79731,3994,166275,481500
1071,185,193,79546,3986,166468,483900
1072,194,170,79352,4010,166638,486500
1073,207,195,79145,4022,166833,487700
1074,201,195,78944,4028,167028,488200
1075,215,204,78729,4039,167232,487500
1076,213,194,78516,4058,167426,487300
1077,179,187,78337,4050,167613,485800
1078,188,207,78149,4031,167820,489100
1079,188,192,77961,4027,168012,487400
1080,189,212,77772,4004,168224,495100
1081,191,200,77581,3995,168424,500100
1082,195,195,77386,3995,168619,495300
1083,188,196,77198,3987,168815,492000
1084,200,216,76998,3971,169031,492300
1085,200,188,76798,3983,169219,546800
1086,171,188,76627,3966,169407,517000
1087,180,200,76447,3946,169607,494200
1088,197,202,76250,3941,169809,485600
1089,210,191,76040,3960,170000,486300
1090,193,224,75847,3929,170224,486700
1091,187,197,75660,3919,170421,485500
1092,179,193,75481,3905,170614,484500
1093,165,182,75316,3888,170796,484200
1094,196,209,75120,3875,171005,487900
1095,193,188,74927,3880,171193,495400
1096,182,192,74745,3870,171385,512100
1097,178,206,74567,3842,171591,481500
1098,182,169,74385,3855,171760,483900
1099,186,221,74199,3820,171981,487000
1100,197,179,74002,3838,172160,488900
1101,160,197,73842,3801,172357,488000
1102,197,197,73645,3801,172554,486500
1103,182,200,73463,3783,172754,485400
1104,177,182,73286,3778,172936,614600
1105,181,187,73105,3772,173123,485900
1106,179,180,72926,3771,173303,483700
1107,154,197,72772,3728,173500,484400
1108,194,203,72578,3719,173703,490600
1109,180,178,72398,3721,173881,484800
1110,158,179,72240,3700,174060,480900
1111,167,189,72073,3678,174249,487500
1112,184,186,71889,3676,174435,490600
1113,179,207,71710,3648,174642,493100
1114,189,213,71521,3624,174855,488900
1115,176,181,71345,3619,175036,498300
1116,184,203,71161,3600,175239,490700
1117,185,186,70976,3599,175425,490000
1118,169,173,70807,3595,175598,481800
1119,178,169,70629,3604,175767,481500
1120,181,173,70448,3612,175940,492300
1121,181,190,70267,3603,176130,482200
1122,201,174,70066,3630,176304,483900
1123,193,184,69873,3639,176488,486700
1124,215,184,69658,3670,176672,489600
1125,182,181,69476,3671,176853,489400
1126,194,175,69282,3690,177028,498900
1127,192,200,69090,3682,177228,490900
1128,189,195,68901,3676,177423,481100
1129,207,203,68694,3680,177626,499500
1130,199,175,68495,3704,177801,631700
1131,204,218,68291,3690,178019,492000
1132,189,194,68102,3685,178213,497300
1133,198,187,67904,3696,178400,485800
1134,199,169,67705,3726,178569,489500
1135,175,159,67530,3742,178728,480100
1136,199,188,67331,3753,178916,493600
1137,192,188,67139,3757,179104,494300
1138,199,187,66940,3769,179291,543300
1139,202,181,66738,3790,179472,764700
1140,207,202,66531,3795,179674,3927000
1141,198,181,66333,3812,179855,5648800
1142,203,193,66130,3822,180048,2226500
1143,197,189,65933,3830,180237,3412900
1144,214,182,65719,3862,180419,3338500
1145,227,194,65492,3895,180613,486700
1146,188,189,65304,3894,180802,497200
1147,176,175,65128,3895,180977,503600
1148,210,180,64918,3925,181157,481900
1149,201,202,64717,3924,181359,485600
1150,182,194,64535,3912,181553,489000
1151,189,171,64346,3930,181724,483900
1152,209,214,64137,3925,181938,508100
1153,207,184,63930,3948,182122,496600
1154,192,213,63738,3927,182335,499000
1155,166,201,63572,3892,182536,509600
1156,184,183,63388,3893,182719,490100
1157,179,175,63209,3897,182894,481400
1158,193,213,63016,3877,183107,482300
1159,189,197,62827,3869,183304,495600
1160,180,219,62647,3830,183523,489800
1161,196,218,62451,3808,183741,499900
1162,169,196,62282,3781,183937,488500
1163,174,186,62108,3769,184123,493400
1164,177,164,61931,3782,184287,490300
1165,186,179,61745,3789,184466,471400
1166,142,187,61603,3744,184653,488600
1167,201,193,61402,3752,184846,482200
1168,166,187,61236,3731,185033,567500
1169,171,207,61065,3695,185240,484800
1170,178,219,60887,3654,185459,494300
1171,170,209,60717,3615,185668,499300
1172,179,191,60538,3603,185859,485700
1173,168,160,60370,3611,186019,471900
1174,180,197,60190,3594,186216,490600
1175,191,169,59999,3616,186385,485500
1176,183,196,59816,3603,186581,486200
1177,178,198,59638,3583,186779,496200
1178,178,170,59460,3591,186949,486000
1179,177,188,59283,3580,187137,471200
1180,154,166,59129,3568,187303,497800
1181,165,179,58964,3554,187482,498500
1182,175,198,58789,3531,187680,487200
1183,166,186,58623,3511,187866,501900
1184,182,155,58441,3538,188021,484300
1185,160,182,58281,3516,188203,485700
1186,172,178,58109,3510,188381,486000
1187,152,170,57957,3492,188551,484400
1188,174,185,57783,3481,188736,473600
1189,154,170,57629,3465,188906,467200
1190,159,181,57470,3443,189087,486500
1191,164,182,57306,3425,189269,492400
1192,154,182,57152,3397,189451,483200
1193,174,172,56978,3399,189623,485900
1194,148,191,56830,3356,189814,484700
1195,156,172,56674,3340,189986,585800
1196,157,150,56517,3347,190136,491200
1197,141,153,56376,3335,190289,484300
1198,150,165,56226,3320,190454,465600
1199,176,183,56050,3313,190637,486000
1200,182,171,55868,3324,190808,477300
1201,160,139,55708,3345,190947,471400
1202,178,165,55530,3358,191112,472000
1203,180,154,55350,3384,191266,483700
1204,178,164,55172,3398,191430,488600
1205,148,165,55024,3381,191595,489200
1206,151,168,54873,3364,191763,490300
1207,146,157,54727,3353,191920,487200
1208,178,163,54549,3368,192083,492900
1209,187,146,54362,3409,192229,478600
1210,164,168,54198,3405,192397,588700
1211,159,185,54039,3379,192582,491900
1212,155,152,53884,3382,192734,478100
1213,156,159,53728,3379,192893,484100
1214,146,180,53582,3345,193073,478600
1215,149,180,53433,3314,193253,483700
1216,143,159,53290,3298,193412,490900
1217,173,164,53117,3307,193576,488100
1218,144,177,52973,3274,193753,486900
1219,149,168,52824,3255,193921,492400
1220,156,164,52668,3247,194085,480400
1221,174,154,52494,3267,194239,479000
1222,156,154,52338,3269,194393,487500
1223,179,185,52159,3263,194578,483700
1224,162,188,51997,3237,194766,494700
1225,173,152,51824,3258,194918,484100
1226,174,185,51650,3247,195103,489400
1227,163,167,51487,3243,195270,479300
1228,187,162,51300,3268,195432,483300
1229,169,163,51131,3274,195595,472200
1230,176,147,50955,3303,195742,480000
1231,168,171,50787,3300,195913,487400
1232,173,165,50614,3308,196078,485000
1233,179,151,50435,3336,196229,483900
1234,146,162,50289,3320,196391,487100
1235,168,142,50121,3346,196533,482400
1236,167,162,49954,3351,196695,493600
1237,172,159,49782,3364,196854,490500
1238,146,149,49636,3361,197003,472600
1239,154,163,49482,3352,197166,481000
1240,160,161,49322,3351,197327,481400
1241,157,172,49165,3336,197499,539300
1242,156,140,49009,3352,197639,482600
1243,141,168,48868,3325,197807,466300
1244,133,175,48735,3283,197982,484800
1245,153,155,48582,3281,198137,486200
1246,134,156,48448,3259,198293,483700
1247,143,179,48305,3223,198472,509400
1248,160,183,48145,3200,198655,527100
1249,154,167,47991,3187,198822,504400
1250,153,158,47838,3182,198980,495800
1251,126,161,47712,3147,199141,478400
1252,142,163,47570,3126,199304,514400
1253,121,193,47449,3054,199497,500700
1254,142,169,47307,3027,199666,493000
1255,108,154,47199,2981,199820,487900
1256,145,132,47054,2994,199952,470700
1257,133,154,46921,2973,200106,486700
1258,139,152,46782,2960,200258,686200
1259,130,146,46652,2944,200404,467700
1260,147,148,46505,2943,200552,476600
1261,127,135,46378,2935,200687,481700
1262,139,129,46239,2945,200816,477500
1263,130,118,46109,2957,200934,479500
1264,113,158,45996,2912,201092,490600
1265,133,141,45863,2904,201233,493600
1266,130,118,45733,2916,201351,487200
1267,131,149,45602,2898,201500,497800
1268,124,137,45478,2885,201637,493400
1269,142,140,45336,2887,201777,464900
1270,127,176,45209,2838,201953,497400
1271,143,145,45066,2836,202098,482700
1272,133,158,44933,2811,202256,479200
1273,135,128,44798,2818,202384,606200
1274,142,129,44656,2831,202513,489200
1275,119,133,44537,2817,202646,479900
1276,146,151,44391,2812,202797,478800
1277,137,127,44254,2822,202924,479500
1278,122,146,44132,2798,203070,487200
1279,139,132,43993,2805,203202,481700
1280,130,136,43863,2799,203338,481000
1281,128,142,43735,2785,203480,538000
1282,128,136,43607,2777,203616,476500
1283,131,143,43476,2765,203759,473600
1284,153,146,43323,2772,203905,481500
1285,156,126,43167,2802,204031,477100
1286,132,151,43035,2783,204182,502200
1287,141,151,42894,2773,204333,477400
1288,136,133,42758,2776,204466,470500
1289,130,143,42628,2763,204609,478800
1290,119,129,42509,2753,204738,474400
1291,115,135,42394,2733,204873,481900
1292,107,138,42287,2702,205011,483500
1293,123,130,42164,2695,205141,477800
1294,136,128,42028,2703,205269,477900
1295,134,123,41894,2714,205392,478300
1296,155,164,41739,2705,205556,478400
1297,146,136,41593,2715,205692,474300
1298,124,106,41469,2733,205798,473800
1299,141,135,41328,2739,205933,471600
1300,123,126,41205,2736,206059,475700
1301,126,146,41079,2716,206205,480100
1302,134,127,40945,2723,206332,472600
1303,119,140,40826,2702,206472,468300
1304,163,174,40663,2691,206646,480500
1305,131,129,40532,2693,206775,492500
1306,133,147,40399,2679,206922,514500
1307,147,117,40252,2709,207039,501000
1308,155,151,40097,2713,207190,480600
1309,146,143,39951,2716,207333,464400
1310,131,140,39820,2707,207473,474800
1311,139,159,39681,2687,207632,464500
1312,141,129,39540,2699,207761,470900
1313,144,145,39396,2698,207906,476500
1314,129,131,39267,2696,208037,471900
1315,144,146,39123,2694,208183,462600
1316,135,144,38988,2685,208327,474200
1317,157,133,38831,2709,208460,461100
1318,146,139,38685,2716,208599,461100
1319,146,104,38539,2758,208703,472900
1320,117,121,38422,2754,208824,460400
1321,133,119,38289,2768,208943,466500
1322,133,136,38156,2765,209079,470500
1323,138,133,38018,2770,209212,473000
1324,124,129,37894,2765,209341,500700
1325,157,137,37737,2785,209478,466300
1326,133,135,37604,2783,209613,473300
1327,135,148,37469,2770,209761,522400
1328,160,130,37309,2800,209891,1665800
1329,153,142,37156,2811,210033,2905600
1330,135,133,37021,2813,210166,3835400
1331,156,142,36865,2827,210308,4946100
1332,129,142,36736,2814,210450,4213100
1333,142,141,36594,2815,210591,491300
1334,121,169,36473,2767,210760,493300
1335,151,142,36322,2776,210902,478800
1336,128,130,36194,2774,211032,479800
1337,143,126,36051,2791,211158,476700
1338,150,136,35901,2805,211294,493400
1339,139,132,35762,2812,211426,471500
1340,119,154,35643,2777,211580,466000
1341,134,130,35509,2781,211710,470500
1342,145,137,35364,2789,211847,464900
1343,145,145,35219,2789,211992,470000
1344,125,150,35094,2764,212142,479400
1345,128,124,34966,2768,212266,473800
1346,137,146,34829,2759,212412,475700
1347,124,150,34705,2733,212562,481600
1348,122,116,34583,2739,212678,458800
1349,105,125,34478,2719,212803,477000
1350,114,161,34364,2672,212964,470900
1351,122,126,34242,2668,213090,467500
1352,130,131,34112,2667,213221,461700
1353,120,131,33992,2656,213352,460800
1354,136,122,33856,2670,213474,459500
1355,120,128,33736,2662,213602,472400
1356,127,122,33609,2667,213724,469500
1357,135,125,33474,2677,213849,469100
1358,133,144,33341,2666,213993,461300
1359,117,139,33224,2644,214132,462500
1360,112,138,33112,2618,214270,468200
1361,117,137,32995,2598,214407,469000
1362,102,145,32893,2555,214552,497900
1363,118,123,32775,2550,214675,474500
1364,103,125,32672,2528,214800,470800
1365,109,134,32563,2503,214934,469400
1366,127,118,32436,2512,215052,459200
1367,105,121,32331,2496,215173,457100
1368,113,134,32218,2475,215307,473900
1369,117,127,32101,2465,215434,459600
1370,120,148,31981,2437,215582,494100
1371,102,137,31879,2402,215719,470600
1372,107,125,31772,2384,215844,473300
1373,102,118,31670,2368,215962,457900
1374,121,115,31549,2374,216077,457800
1375,98,138,31451,2334,216215,467200
1376,117,119,31334,2332,216334,467500
1377,103,115,31231,2320,216449,479400
1378,104,105,31127,2319,216554,464300
1379,116,117,31011,2318,216671,465200
1380,110,117,30901,2311,216788,462700
1381,108,98,30793,2321,216886,461500
1382,114,126,30679,2309,217012,472600
1383,117,107,30562,2319,217119,485500
1384,106,120,30456,2305,217239,464200
1385,110,118,30346,2297,217357,464100
1386,113,123,30233,2287,217480,457400
1387,102,109,30131,2280,217589,456200
1388,120,111,30011,2289,217700,458000
1389,118,98,29893,2309,217798,462900
1390,105,129,29788,2285,217927,460100
1391,105,117,29683,2273,218044,457600
1392,116,106,29567,2283,218150,459900
1393,102,131,29465,2254,218281,460900
1394,90,110,29375,2234,218391,457500
1395,107,105,29268,2236,218496,469600
1396,107,86,29161,2257,218582,457100
1397,86,125,29075,2218,218707,483600
1398,102,110,28973,2210,218817,467400
1399,116,96,28857,2230,218913,463300
1400,117,112,28740,2235,219025,464200
1401,122,121,28618,2236,219146,457400
1402,105,121,28513,2220,219267,479700
1403,109,102,28404,2227,219369,463300
1404,98,107,28306,2218,219476,482400
1405,93,118,28213,2193,219594,471300
1406,99,118,28114,2174,219712,466700
1407,116,107,27998,2183,219819,458200
1408,95,113,27903,2165,219932,461000
1409,101,99,27802,2167,220031,456800
1410,102,105,27700,2164,220136,460200
1411,102,99,27598,2167,220235,455500
1412,100,117,27498,2150,220352,462300
1413,88,100,27410,2138,220452,470300
1414,88,100,27322,2126,220552,458200
1415,93,108,27229,2111,220660,465700
1416,79,103,27150,2087,220763,462000
1417,98,114,27052,2071,220877,461400
1418,83,125,26969,2029,221002,454700
1419,102,108,26867,2023,221110,466400
1420,105,93,26762,2035,221203,458300
1421,87,116,26675,2006,221319,463800
1422,92,83,26583,2015,221402,467300
1423,92,92,26491,2015,221494,460900
1424,111,111,26380,2015,221605,459000
1425,98,92,26282,2021,221697,456000
1426,82,89,26200,2014,221786,478800
1427,94,93,26106,2015,221879,462900
1428,86,108,26020,1993,221987,458000
1429,105,110,25915,1988,222097,524800
1430,98,115,25817,1971,222212,457900
1431,91,88,25726,1974,222300,455300
1432,95,110,25631,1959,222410,469700
1433,89,96,25542,1952,222506,464300
1434,91,94,25451,1949,222600,466600
1435,88,81,25363,1956,222681,458200
1436,90,107,25273,1939,222788,459200
1437,95,98,25178,1936,222886,460700
1438,82,97,25096,1921,222983,457800
1439,85,106,25011,1900,223089,464200
1440,74,100,24937,1874,223189,453500
1441,92,90,24845,1876,223279,475200
1442,90,86,24755,1880,223365,458000
1443,89,88,24666,1881,223453,473800
1444,97,105,24569,1873,223558,462200
1445,96,88,24473,1881,223646,464300
1446,78,75,24395,1884,223721,455400
1447,105,86,24290,1903,223807,465100
1448,77,100,24213,1880,223907,497800
1449,91,80,24122,1891,223987,458100
1450,84,104,24038,1871,224091,477500
1451,89,91,23949,1869,224182,464300
1452,79,91,23870,1857,224273,460600
1453,81,99,23789,1839,224372,460300
1454,93,104,23696,1828,224476,454900
1455,90,86,23606,1832,224562,462900
1456,78,116,23528,1794,224678,463400
1457,88,89,23440,1793,224767,454700
1458,83,106,23357,1770,224873,461000
1459,90,85,23267,1775,224958,463800
1460,89,84,23178,1780,225042,468100
1461,82,90,23096,1772,225132,469800
1462,87,92,23009,1767,225224,455500
1463,93,74,22916,1786,225298,461400
1464,92,77,22824,1801,225375,461700
1465,100,78,22724,1823,225453,453800
1466,74,89,22650,1808,225542,457200
1467,79,100,22571,1787,225642,458600
1468,93,93,22478,1787,225735,460100
1469,79,82,22399,1784,225817,461300
1470,79,84,22320,1779,225901,453800
1471,65,108,22255,1736,226009,469700
1472,72,88,22183,1720,226097,461000
1473,71,101,22112,1690,226198,473800
1474,62,79,22050,1673,226277,473300
1475,75,78,21975,1670,226355,465400
1476,73,82,21902,1661,226437,457600
1477,76,100,21826,1637,226537,463300
1478,85,85,21741,1637,226622,454200
1479,82,87,21659,1632,226709,458300
1480,61,84,21598,1609,226793,462500
1481,63,76,21535,1596,226869,501500
1482,70,80,21465,1586,226949,457700
1483,61,76,21404,1571,227025,461100
1484,57,79,21347,1549,227104,457000
1485,60,84,21287,1525,227188,461800
1486,67,85,21220,1507,227273,464000
1487,82,77,21138,1512,227350,463000
1488,86,78,21052,1520,227428,480700
1489,69,74,20983,1515,227502,457100
1490,60,62,20923,1513,227564,465400
1491,73,73,20850,1513,227637,453400
1492,66,77,20784,1502,227714,470000
1493,84,73,20700,1513,227787,464300
1494,77,90,20623,1500,227877,460700
1495,75,68,20548,1507,227945,454000
1496,65,84,20483,1488,228029,459100
1497,79,83,20404,1484,228112,462100
1498,77,64,20327,1497,228176,458100
1499,86,73,20241,1510,228249,457100
1500,85,73,20156,1522,228322,458400
1501,81,78,20075,1525,228400,462800
1502,74,93,20001,1506,228493,464200
1503,77,65,19924,1518,228558,462600
1504,82,71,19842,1529,228629,461100
1505,74,75,19768,1528,228704,475400
1506,85,62,19683,1551,228766,511600
1507,77,74,19606,1554,228840,510200
1508,80,72,19526,1562,228912,476100
1509,82,77,19444,1567,228989,462400
1510,81,88,19363,1560,229077,462800
1511,84,77,19279,1567,229154,458000
1512,73,79,19206,1561,229233,469300
1513,76,82,19130,1555,229315,469100
1514,74,88,19056,1541,229403,458700
1515,75,75,18981,1541,229478,457100
1516,75,80,18906,1536,229558,473800
1517,76,75,18830,1537,229633,462100
1518,80,76,18750,1541,229709,458400
1519,81,78,18669,1544,229787,456400
1520,76,84,18593,1536,229871,465900
1521,69,65,18524,1540,229936,464500
1522,64,65,18460,1539,230001,471800
1523,96,84,18364,1551,230085,472200
1524,88,88,18276,1551,230173,483100
1525,90,59,18186,1582,230232,460800
1526,85,75,18101,1592,230307,462100
1527,73,77,18028,1588,230384,452600
1528,73,69,17955,1592,230453,479700
1529,82,80,17873,1594,230533,454300
1530,71,94,17802,1571,230627,463700
1531,70,84,17732,1557,230711,519700
1532,87,81,17645,1563,230792,465800
1533,80,80,17565,1563,230872,461200
1534,78,84,17487,1557,230956,460200
1535,70,88,17417,1539,231044,460900
1536,71,76,17346,1534,231120,459100
1537,91,84,17255,1541,231204,468400
1538,86,75,17169,1552,231279,460000
1539,83,87,17086,1548,231366,478900
1540,84,82,17002,1550,231448,548200
1541,71,79,16931,1542,231527,466200
1542,63,83,16868,1522,231610,457700
1543,58,88,16810,1492,231698,461400
1544,65,78,16745,1479,231776,456500
1545,80,61,16665,1498,231837,460800
1546,94,71,16571,1521,231908,462800
1547,71,82,16500,1510,231990,454600
1548,64,87,16436,1487,232077,456500
1549,76,64,16360,1499,232141,459200
1550,52,74,16308,1477,232215,453800
1551,67,73,16241,1471,232288,453500
1552,56,79,16185,1448,232367,451400
1553,65,60,16120,1453,232427,450200
1554,73,74,16047,1452,232501,467300
1555,76,63,15971,1465,232564,451200
1556,74,74,15897,1465,232638,461900
1557,61,77,15836,1449,232715,454300
1558,62,71,15774,1440,232786,452900
1559,59,63,15715,1436,232849,455600
1560,63,67,15652,1432,232916,469000
1561,53,78,15599,1407,232994,454900
1562,60,67,15539,1400,233061,455800
1563,68,74,15471,1394,233135,453100
1564,75,67,15396,1402,233202,453800
1565,65,69,15331,1398,233271,454300
1566,64,62,15267,1400,233333,454700
1567,73,58,15194,1415,233391,455500
1568,69,77,15125,1407,233468,456700
1569,69,77,15056,1399,233545,458300
1570,71,80,14985,1390,233625,461000
1571,71,88,14914,1373,233713,469600
1572,56,85,14858,1344,233798,458200
1573,67,65,14791,1346,233863,462400
1574,67,73,14724,1340,233936,455100
1575,69,75,14655,1334,234011,458700
1576,66,72,14589,1328,234083,462400
1577,68,73,14521,1323,234156,453100
1578,66,55,14455,1334,234211,459500
1579,67,77,14388,1324,234288,446200
1580,85,81,14303,1328,234369,454400
1581,62,60,14241,1330,234429,454500
1582,69,65,14172,1334,234494,453500
1583,62,69,14110,1327,234563,461700
1584,53,65,14057,1315,234628,461600
1585,56,60,14001,1311,234688,454100
1586,63,56,13938,1318,234744,560400
1587,65,71,13873,1312,234815,464300
1588,50,55,13823,1307,234870,459500
1589,60,70,13763,1297,234940,455500
1590,53,73,13710,1277,235013,453200
1591,61,63,13649,1275,235076,448600
1592,62,69,13587,1268,235145,451200
1593,54,68,13533,1254,235213,451700
1594,58,71,13475,1241,235284,456500
1595,52,59,13423,1234,235343,452000
1596,43,62,13380,1215,235405,448800
1597,56,55,13324,1216,235460,487700
1598,58,53,13266,1221,235513,444300
1599,42,79,13224,1184,235592,456100
1600,55,60,13169,1179,235652,452600
1601,61,57,13108,1183,235709,454700
1602,61,43,13047,1201,235752,459400
1603,58,71,12989,1188,235823,444200
1604,61,56,12928,1193,235879,448400
1605,44,63,12884,1174,235942,464000
1606,57,58,12827,1173,236000,464500
1607,56,54,12771,1175,236054,451100
1608,63,54,12708,1184,236108,460700
1609,60,56,12648,1188,236164,456400
1610,53,56,12595,1185,236220,449000
1611,53,72,12542,1166,236292,451900
1612,41,50,12501,1157,236342,448200
1613,46,55,12455,1148,236397,450200
1614,50,69,12405,1129,236466,449800
1615,60,63,12345,1126,236529,450300
1616,51,59,12294,1118,236588,451800
1617,42,55,12252,1105,236643,450600
1618,45,51,12207,1099,236694,449700
1619,54,48,12153,1105,236742,449600
1620,55,56,12098,1104,236798,458400
1621,42,47,12056,1099,236845,453600
1622,59,58,11997,1100,236903,456500
1623,54,47,11943,1107,236950,452000
1624,55,58,11888,1104,237008,443800
1625,56,59,11832,1101,237067,450600
1626,59,67,11773,1093,237134,448000
1627,45,55,11728,1083,237189,447700
1628,43,45,11685,1081,237234,451600
1629,59,53,11626,1087,237287,445400
1630,56,66,11570,1077,237353,449500
1631,53,51,11517,1079,237404,450500
1632,41,51,11476,1069,237455,444100
1633,60,58,11416,1071,237513,449000
1634,57,48,11359,1080,237561,459200
1635,53,29,11306,1104,237590,446600
1636,50,51,11256,1103,237641,453600
1637,52,59,11204,1096,237700,449500
1638,44,57,11160,1083,237757,448000
1639,47,44,11113,1086,237801,457600
1640,43,44,11070,1085,237845,451900
1641,53,52,11017,1086,237897,447800
1642,48,55,10969,1079,237952,540600
1643,55,54,10914,1080,238006,455900
1644,59,52,10855,1087,238058,444100
1645,63,44,10792,1106,238102,446100
1646,57,53,10735,1110,238155,439300
1647,50,51,10685,1109,238206,448300
1648,43,53,10642,1099,238259,451400
1649,42,60,10600,1081,238319,450700
1650,53,54,10547,1080,238373,455700
1651,48,70,10499,1058,238443,452600
1652,50,43,10449,1065,238486,451700
1653,46,58,10403,1053,238544,443300
1654,50,44,10353,1059,238588,457000
1655,43,46,10310,1056,238634,445900
1656,46,46,10264,1056,238680,441300
1657,57,53,10207,1060,238733,447700
1658,57,55,10150,1062,238788,448500
1659,49,44,10101,1067,238832,454500
1660,39,38,10062,1068,238870,446200
1661,50,71,10012,1047,238941,445700
1662,42,61,9970,1028,239002,448200
1663,55,58,9915,1025,239060,447500
1664,53,50,9862,1028,239110,457600
1665,49,66,9813,1011,239176,450200
1666,39,41,9774,1009,239217,446500
1667,47,57,9727,999,239274,452800
1668,36,50,9691,985,239324,444900
1669,49,57,9642,977,239381,440600
1670,40,51,9602,966,239432,459600
1671,52,53,9550,965,239485,456100
1672,43,45,9507,963,239530,449300
1673,57,53,9450,967,239583,451100
1674,40,47,9410,960,239630,456600
1675,39,49,9371,950,239679,443700
1676,45,44,9326,951,239723,444400
1677,42,44,9284,949,239767,444400
1678,49,43,9235,955,239810,450100
1679,44,45,9191,954,239855,453900
1680,44,31,9147,967,239886,446500
1681,36,43,9111,960,239929,451200
1682,45,48,9066,957,239977,449100
1683,49,53,9017,953,240030,472700
1684,42,58,8975,937,240088,460200
1685,42,36,8933,943,240124,446200
1686,45,52,8888,936,240176,447800
1687,37,45,8851,928,240221,449200
1688,43,40,8808,931,240261,447100
1689,38,36,8770,933,240297,447400
1690,46,41,8724,938,240338,455200
1691,33,42,8691,929,240380,449200
1692,37,53,8654,913,240433,449600
1693,40,53,8614,900,240486,443800
1694,39,37,8575,902,240523,441900
1695,42,44,8533,900,240567,447500
1696,31,50,8502,881,240617,451600
1697,35,33,8467,883,240650,446300
1698,41,34,8426,890,240684,454500
1699,37,40,8389,887,240724,446700
1700,37,41,8352,883,240765,447300
1701,43,36,8309,890,240801,449200
1702,28,49,8281,869,240850,447400
1703,35,52,8246,852,240902,447100
1704,30,45,8216,837,240947,447200
1705,42,35,8174,844,240982,554300
1706,37,41,8137,840,241023,453100
1707,38,38,8099,840,241061,450400
1708,36,41,8063,835,241102,442400
1709,36,42,8027,829,241144,447500
1710,33,56,7994,806,241200,451400
1711,41,43,7953,804,241243,450400
1712,38,37,7915,805,241280,451200
1713,32,36,7883,801,241316,446500
1714,35,38,7848,798,241354,446400
1715,35,37,7813,796,241391,445100
1716,25,47,7788,774,241438,450200
1717,38,39,7750,773,241477,443800
1718,48,40,7702,781,241517,450400
1719,30,27,7672,784,241544,448600
1720,28,39,7644,773,241583,444500
1721,51,35,7593,789,241618,449800
1722,35,38,7558,786,241656,468200
1723,21,35,7537,772,241691,486500
1724,29,35,7508,766,241726,453300
1725,35,35,7473,766,241761,451000
1726,27,37,7446,756,241798,451000
1727,51,48,7395,759,241846,449900
1728,40,39,7355,760,241885,448300
1729,42,37,7313,765,241922,457600
1730,42,36,7271,771,241958,461700
1731,38,33,7233,776,241991,462500
1732,38,34,7195,780,242025,460500
1733,43,41,7152,782,242066,448700
1734,38,62,7114,758,242128,440500
1735,47,42,7067,763,242170,439900
1736,39,44,7028,758,242214,437400
1737,43,36,6985,765,242250,439800
1738,24,46,6961,743,242296,446100
1739,36,32,6925,747,242328,438500
1740,40,32,6885,755,242360,453700
1741,42,47,6843,750,242407,449400
1742,35,27,6808,758,242434,450900
1743,32,39,6776,751,242473,450700
1744,33,44,6743,740,242517,445900
1745,33,49,6710,724,242566,444900
1746,36,30,6674,730,242596,449100
1747,37,44,6637,723,242640,444900
1748,31,42,6606,712,242682,442800
1749,35,35,6571,712,242717,561000
1750,22,32,6549,702,242749,452600
1751,23,35,6526,690,242784,444600
1752,25,34,6501,681,242818,442400
1753,18,31,6483,668,242849,447000
1754,12,25,6471,655,242874,527100
1755,27,36,6444,646,242910,444800
1756,21,36,6423,631,242946,461600
1757,21,27,6402,625,242973,442000
1758,25,31,6377,619,243004,447700
1759,22,27,6355,614,243031,436500
1760,25,30,6330,609,243061,436700
1761,24,36,6306,597,243097,442200
1762,21,33,6285,585,243130,450200
1763,17,32,6268,570,243162,441600
1764,24,24,6244,570,243186,447000
1765,25,37,6219,558,243223,440900
1766,22,18,6197,562,243241,446900
1767,15,29,6182,548,243270,446400
1768,13,36,6169,525,243306,440100
1769,14,29,6155,510,243335,439600
1770,12,25,6143,497,243360,440300
1771,19,35,6124,481,243395,449300
1772,21,29,6103,473,243424,445600
1773,10,22,6093,461,243446,436500
1774,19,17,6074,463,243463,526400
1775,18,23,6056,458,243486,448800
1776,17,23,6039,452,243509,441300
1777,17,27,6022,442,243536,440800
1778,24,27,5998,439,243563,436700
1779,17,28,5981,428,243591,439700
1780,22,27,5959,423,243618,442700
1781,20,17,5939,426,243635,442700
1782,13,19,5926,420,243654,439200
1783,31,19,5895,432,243673,441000
1784,21,20,5874,433,243693,443300
1785,20,21,5854,432,243714,443200
1786,18,17,5836,433,243731,442000
1787,19,29,5817,423,243760,440800
1788,22,21,5795,424,243781,443600
1789,22,23,5773,423,243804,449300
1790,19,31,5754,411,243835,442200
1791,13,16,5741,408,243851,440500
1792,14,23,5727,399,243874,441600
1793,20,17,5707,402,243891,432900
1794,21,20,5686,403,243911,449400
1795,21,24,5665,400,243935,449500
1796,14,14,5651,400,243949,436300
1797,22,18,5629,404,243967,443200
1798,20,27,5609,397,243994,447600
1799,23,23,5586,397,244017,442000
1800,15,21,5571,391,244038,441300
1801,21,12,5550,400,244050,439700
1802,28,19,5522,409,244069,439200
1803,18,20,5504,407,244089,442100
1804,28,21,5476,414,244110,437900
1805,18,22,5458,410,244132,457000
1806,13,22,5445,401,244154,461100
1807,13,24,5432,390,244178,452400
1808,18,27,5414,381,244205,441400
1809,25,13,5389,393,244218,460700
1810,25,22,5364,396,244240,473100
1811,23,22,5341,397,244262,444400
1812,27,21,5314,403,244283,468100
1813,22,22,5292,403,244305,469100
1814,17,20,5275,400,244325,437900
1815,17,26,5258,391,244351,463500
1816,17,16,5241,392,244367,444200
1817,18,19,5223,391,244386,439300
1818,20,17,5203,394,244403,440000
1819,19,15,5184,398,244418,444500
1820,18,16,5166,400,244434,440000
1821,13,16,5153,397,244450,440100
1822,15,17,5138,395,244467,443300
1823,16,20,5122,391,244487,443900
1824,14,20,5108,385,244507,443200
1825,10,14,5098,381,244521,466100
1826,24,20,5074,385,244541,443700
1827,15,23,5059,377,244564,439500
1828,15,20,5044,372,244584,442100
1829,7,18,5037,361,244602,437500
1830,17,23,5020,355,244625,461500
1831,15,17,5005,353,244642,439200
1832,18,21,4987,350,244663,437600
1833,14,18,4973,346,244681,438200
1834,16,6,4957,356,244687,438000
1835,11,17,4946,350,244704,436900
1836,11,18,4935,343,244722,437000
1837,15,18,4920,340,244740,441400
1838,21,16,4899,345,244756,441100
1839,16,16,4883,345,244772,439200
1840,10,14,4873,341,244786,452500
1841,17,14,4856,344,244800,445700
1842,23,24,4833,343,244824,441700
1843,8,18,4825,333,244842,436300
1844,13,15,4812,331,244857,552400
1845,16,11,4796,336,244868,449000
1846,19,21,4777,334,244889,441700
1847,10,25,4767,319,244914,442300
1848,16,14,4751,321,244928,437100
1849,18,22,4733,317,244950,443900
1850,19,9,4714,327,244959,442000
1851,14,15,4700,326,244974,443100
1852,23,14,4677,335,244988,443800
1853,19,17,4658,337,245005,437800
1854,18,20,4640,335,245025,439200
1855,22,19,4618,338,245044,445100
1856,19,18,4599,339,245062,437900
1857,14,14,4585,339,245076,440400
1858,18,14,4567,343,245090,437700
1859,18,16,4549,345,245106,436800
1860,19,19,4530,345,245125,455400
1861,9,12,4521,342,245137,438900
1862,12,17,4509,337,245154,443800
1863,21,16,4488,342,245170,441800
1864,11,21,4477,332,245191,521700
1865,12,17,4465,327,245208,441400
1866,14,13,4451,328,245221,437000
1867,19,12,4432,335,245233,437600
1868,11,14,4421,332,245247,440000
1869,9,24,4412,317,245271,441500
1870,9,15,4403,311,245286,442500
1871,6,17,4397,300,245303,440200
1872,6,13,4391,293,245316,438900
1873,11,8,4380,296,245324,448800
1874,21,10,4359,307,245334,440200
1875,15,17,4344,305,245351,444700
1876,16,10,4328,311,245361,440100
1877,10,15,4318,306,245376,457700
1878,13,12,4305,307,245388,445200
1879,11,18,4294,300,245406,449500
1880,12,19,4282,293,245425,459100
1881,10,17,4272,286,245442,466900
1882,17,14,4255,289,245456,465600
1883,13,19,4242,283,245475,522600
1884,8,9,4234,282,245484,439200
1885,10,14,4224,278,245498,446400
1886,6,9,4218,275,245507,442500
1887,12,12,4206,275,245519,567700
1888,12,13,4194,274,245532,442600
1889,7,11,4187,270,245543,452300
1890,9,6,4178,273,245549,439400
1891,15,8,4163,280,245557,438500
1892,13,17,4150,276,245574,436900
1893,8,16,4142,268,245590,436600
1894,5,11,4137,262,245601,431600
1895,4,15,4133,251,245616,457100
1896,8,14,4125,245,245630,434500
1897,9,15,4116,239,245645,437100
1898,8,14,4108,233,245659,436500
1899,11,7,4097,237,245666,434500
1900,7,11,4090,233,245677,435800
1901,10,14,4080,229,245691,436700
1902,5,6,4075,228,245697,436700
1903,7,10,4068,225,245707,435500
1904,10,14,4058,221,245721,440800
1905,8,10,4050,219,245731,442500
1906,12,14,4038,217,245745,440100
1907,7,13,4031,211,245758,436300
1908,7,8,4024,210,245766,435700
1909,8,10,4016,208,245776,441200
1910,5,10,4011,203,245786,473900
1911,10,8,4001,205,245794,445400
1912,7,8,3994,204,245802,438200
1913,7,9,3987,202,245811,437800
1914,6,14,3981,194,245825,448100
1915,10,7,3971,197,245832,439800
1916,4,11,3967,190,245843,438300
1917,4,7,3963,187,245850,437400
1918,7,8,3956,186,245858,439200
1919,4,13,3952,177,245871,435200
1920,6,12,3946,171,245883,439500
1921,1,16,3945,156,245899,437000
1922,6,6,3939,156,245905,436400
1923,3,9,3936,150,245914,436000
1924,12,6,3924,156,245920,441600
1925,7,5,3917,158,245925,438200
1926,7,7,3910,158,245932,437200
1927,12,8,3898,162,245940,445300
1928,3,6,3895,159,245946,435800
1929,4,10,3891,153,245956,436700
1930,4,6,3887,151,245962,437000
1931,10,10,3877,151,245972,437200
1932,4,9,3873,146,245981,444900
1933,7,7,3866,146,245988,438200
1934,9,11,3857,144,245999,441100
1935,7,8,3850,143,246007,433700
1936,4,10,3846,137,246017,441700
1937,5,15,3841,127,246032,435300
1938,4,4,3837,127,246036,434000
1939,5,7,3832,125,246043,457100
1940,4,6,3828,123,246049,457500
1941,4,7,3824,120,246056,437700
1942,6,7,3818,119,246063,439400
1943,3,4,3815,118,246067,435000
1944,4,6,3811,116,246073,435000
1945,2,3,3809,115,246076,448100
1946,5,9,3804,111,246085,433500
1947,4,7,3800,108,246092,435400
1948,5,10,3795,103,246102,434900
1949,4,5,3791,102,246107,432800
1950,2,10,3789,94,246117,433100
1951,0,3,3789,91,246120,440600
1952,2,3,3787,90,246123,444100
1953,0,7,3787,83,246130,435100
1954,1,8,3786,76,246138,431800
1955,1,3,3785,74,246141,432700
1956,3,3,3782,74,246144,432300
1957,0,5,3782,69,246149,434600
1958,1,8,3781,62,246157,443200
1959,3,4,3778,61,246161,432200
1960,1,3,3777,59,246164,432800
1961,1,4,3776,56,246168,433100
1962,2,5,3774,53,246173,433600
1963,3,4,3771,52,246177,440800
1964,2,1,3769,53,246178,432400
1965,3,5,3766,51,246183,431000
1966,1,3,3765,49,246186,433300
1967,4,3,3761,50,246189,435100
1968,2,1,3759,51,246190,431200
1969,1,3,3758,49,246193,431900
1970,1,0,3757,50,246193,432800
1971,2,2,3755,50,246195,433700
1972,1,1,3754,50,246196,438200
1973,3,4,3751,49,246200,435200
1974,1,6,3750,44,246206,437600
1975,1,2,3749,43,246208,441700
1976,1,3,3748,41,246211,432900
1977,2,2,3746,41,246213,432300
1978,0,2,3746,39,246215,434100
1979,0,0,3746,39,246215,433800
1980,1,3,3745,37,246218,434200
1981,0,3,3745,34,246221,544800
1982,0,2,3745,32,246223,433900
1983,0,4,3745,28,246227,433900
1984,0,1,3745,27,246228,434000
1985,0,1,3745,26,246229,433600
1986,0,3,3745,23,246232,429400
1987,0,1,3745,22,246233,432700
1988,0,1,3745,21,246234,432100
1989,0,2,3745,19,246236,432700
1990,1,1,3744,19,246237,434800
1991,0,1,3744,18,246238,435700
1992,0,2,3744,16,246240,436600
1993,0,0,3744,16,246240,432600
1994,0,3,3744,13,246243,434300
1995,0,1,3744,12,246244,434600
1996,0,2,3744,10,246246,432900
1997,0,2,3744,8,246248,435000
1998,0,0,3744,8,246248,435300
1999,0,1,3744,7,246249,436600
2000,0,0,3744,7,246249,433100
2001,0,0,3744,7,246249,432500
2002,0,0,3744,7,246249,439600
2003,0,0,3744,7,246249,432500
2004,0,1,3744,6,246250,436500
2005,0,0,3744,6,246250,434400
2006,0,0,3744,6,246250,437300
2007,0,0,3744,6,246250,431000
2008,0,0,3744,6,246250,433100
2009,0,2,3744,4,246252,435300
2010,0,0,3744,4,246252,434600
2011,0,1,3744,3,246253,436500
2012,0,0,3744,3,246253,431800
2013,0,0,3744,3,246253,432300
2014,0,0,3744,3,246253,432700
2015,0,0,3744,3,246253,432100
2016,0,0,3744,3,246253,434100
2017,0,0,3744,3,246253,445200
2018,0,0,3744,3,246253,448400
2019,0,0,3744,3,246253,435800
2020,0,1,3744,2,246254,464200
2021,0,1,3744,1,246255,440000
2022,0,0,3744,1,246255,439400
2023,0,0,3744,1,246255,434900
2024,0,0,3744,1,246255,432900
2025,0,0,3744,1,246255,432900
2026,0,0,3744,1,246255,436900
2027,0,0,3744,1,246255,433600
2028,0,0,3744,1,246255,434800
2029,0,0,3744,1,246255,433100
2030,0,0,3744,1,246255,456200
2031,0,0,3744,1,246255,465100
2032,0,0,3744,1,246255,431700
2033,0,0,3744,1,246255,437000
2034,0,0,3744,1,246255,438000
2035,0,1,3744,0,246256,433600
