Tick,NewlyInfected,NewlyRecovered,TotalSusceptible,TotalInfected,TotalRecovered,StepTimeNanos
0,5,0,249990,10,0,478200
1,2,0,249988,12,0,463400
2,2,3,249986,11,3,459900
3,4,0,249982,15,3,550800
4,4,1,249978,18,4,429900
5,5,1,249973,22,5,458800
6,8,0,249965,30,5,457000
7,6,2,249959,34,7,462900
8,4,1,249955,37,8,441300
9,11,1,249944,47,9,437200
10,13,3,249931,57,12,435200
11,10,2,249921,65,14,434800
12,10,1,249911,74,15,440000
13,12,0,249899,86,15,435300
14,9,5,249890,90,20,436400
15,10,4,249880,96,24,437600
16,12,8,249868,100,32,437000
17,11,3,249857,108,35,435700
18,7,7,249850,108,42,436000
19,11,2,249839,117,44,436000
20,8,4,249831,121,48,434600
21,13,2,249818,132,50,454200
22,5,5,249813,132,55,462100
23,13,7,249800,138,62,458300
24,15,5,249785,148,67,449700
25,16,10,249769,154,77,431600
26,12,10,249757,156,87,463300
27,13,8,249744,161,95,460000
28,14,3,249730,172,98,434000
29,19,13,249711,178,111,458600
30,12,17,249699,173,128,457200
31,15,4,249684,184,132,457700
32,15,8,249669,191,140,458600
33,18,6,249651,203,146,450200
34,21,11,249630,213,157,459200
35,17,3,249613,227,160,457800
36,24,8,249589,243,168,447100
37,18,8,249571,253,176,458100
38,26,4,249545,275,180,439000
39,24,17,249521,282,197,447900
40,17,15,249504,284,212,435400
41,23,19,249481,288,231,436100
42,24,18,249457,294,249,434800
43,22,13,249435,303,262,441600
44,16,14,249419,305,276,436200
45,23,14,249396,314,290,445100
46,25,16,249371,323,306,451200
47,20,19,249351,324,325,451100
48,32,14,249319,342,339,460300
49,19,16,249300,345,355,459100
50,32,15,249268,362,370,458600
51,23,18,249245,367,388,436300
52,35,16,249210,386,404,476500
53,21,16,249189,391,420,435500
54,25,13,249164,403,433,438400
55,34,18,249130,419,451,436500
56,31,23,249099,427,474,436100
57,46,23,249053,450,497,443300
58,37,20,249016,467,517,439200
59,32,26,248984,473,543,440700
60,37,24,248947,486,567,437500
61,39,21,248908,504,588,442400
62,34,20,248874,518,608,437300
63,37,25,248837,530,633,434000
64,33,29,248804,534,662,458200
65,36,31,248768,539,693,435200
66,39,26,248729,552,719,474700
67,41,30,248688,563,749,459900
68,36,22,248652,577,771,458800
69,37,25,248615,589,796,460400
70,47,30,248568,606,826,437200
71,51,35,248517,622,861,439400
72,42,24,248475,640,885,444700
73,40,27,248435,653,912,441900
74,37,32,248398,658,944,438400
75,39,38,248359,659,982,438800
76,54,36,248305,677,1018,438900
77,52,33,248253,696,1051,437600
78,47,31,248206,712,1082,439100
79,46,33,248160,725,1115,438200
80,53,46,248107,732,1161,439000
81,42,36,248065,738,1197,436800
82,40,39,248025,739,1236,439500
83,52,33,247973,758,1269,433900
84,61,47,247912,772,1316,441300
85,55,42,247857,785,1358,439500
86,65,32,247792,818,1390,448300
87,47,40,247745,825,1430,441700
88,64,42,247681,847,1472,442900
89,57,33,247624,871,1505,441200
90,64,45,247560,890,1550,440000
91,47,47,247513,890,1597,436400
92,46,33,247467,903,1630,439800
93,43,43,247424,903,1673,442100
94,64,44,247360,923,1717,439300
95,64,46,247296,941,1763,442500
96,64,35,247232,970,1798,445800
97,48,50,247184,968,1848,442300
98,63,47,247121,984,1895,441000
99,59,42,247062,1001,1937,438800
100,50,56,247012,995,1993,441400
101,66,56,246946,1005,2049,447600
102,56,41,246890,1020,2090,446500
103,54,50,246836,1024,2140,442500
104,57,46,246779,1035,2186,440600
105,67,49,246712,1053,2235,440200
106,71,51,246641,1073,2286,440300
107,55,61,246586,1067,2347,441100
108,72,59,246514,1080,2406,439300
109,66,52,246448,1094,2458,445200
110,61,56,246387,1099,2514,439400
111,70,48,246317,1121,2562,442100
112,59,55,246258,1125,2617,444900
113,62,63,246196,1124,2680,451400
114,77,61,246119,1140,2741,465500
115,68,59,246051,1149,2800,467100
116,62,46,245989,1165,2846,465300
117,66,47,245923,1184,2893,445200
118,76,63,245847,1197,2956,460800
119,69,63,245778,1203,3019,443000
120,82,79,245696,1206,3098,447800
121,71,69,245625,1208,3167,470000
122,80,70,245545,1218,3237,444600
123,67,63,245478,1222,3300,465900
124,74,79,245404,1217,3379,475100
125,82,63,245322,1236,3442,464700
126,72,66,245250,1242,3508,463300
127,83,61,245167,1264,3569,468100
128,89,75,245078,1278,3644,565500
129,72,57,245006,1293,3701,439700
130,84,51,244922,1326,3752,441300
131,88,56,244834,1358,3808,441600
132,81,63,244753,1376,3871,441800
133,83,74,244670,1385,3945,448100
134,83,52,244587,1416,3997,442800
135,96,72,244491,1440,4069,445700
136,109,75,244382,1474,4144,449300
137,106,60,244276,1520,4204,442800
138,105,76,244171,1549,4280,442100
139,95,81,244076,1563,4361,446100
140,95,60,243981,1598,4421,443500
141,92,92,243889,1598,4513,533000
142,83,79,243806,1602,4592,449700
143,110,55,243696,1657,4647,459500
144,106,88,243590,1675,4735,458700
145,105,72,243485,1708,4807,470100
146,87,77,243398,1718,4884,452400
147,107,100,243291,1725,4984,450900
148,98,93,243193,1730,5077,453400
149,99,96,243094,1733,5173,447800
150,117,95,242977,1755,5268,535700
151,96,84,242881,1767,5352,448400
152,95,90,242786,1772,5442,445300
153,99,79,242687,1792,5521,447700
154,92,87,242595,1797,5608,452100
155,113,91,242482,1819,5699,455300
156,118,85,242364,1852,5784,448300
157,106,94,242258,1864,5878,538500
158,104,101,242154,1867,5979,448500
159,111,82,242043,1896,6061,451000
160,115,95,241928,1916,6156,453200
161,122,105,241806,1933,6261,451700
162,112,71,241694,1974,6332,471000
163,123,102,241571,1995,6434,451900
164,124,93,241447,2026,6527,458600
165,110,97,241337,2039,6624,542500
166,128,101,241209,2066,6725,547200
167,118,116,241091,2068,6841,457400
168,105,94,240986,2079,6935,448300
169,107,96,240879,2090,7031,460400
170,125,101,240754,2114,7132,451200
171,112,91,240642,2135,7223,469300
172,111,105,240531,2141,7328,453300
173,116,115,240415,2142,7443,451800
174,127,96,240288,2173,7539,454600
175,136,96,240152,2213,7635,458600
176,129,131,240023,2211,7766,462300
177,112,109,239911,2214,7875,455500
178,125,102,239786,2237,7977,461000
179,131,112,239655,2256,8089,456700
180,127,134,239528,2249,8223,461700
181,124,115,239404,2258,8338,452400
182,109,106,239295,2261,8444,454100
183,103,131,239192,2233,8575,459300
184,140,120,239052,2253,8695,460300
185,126,110,238926,2269,8805,452000
186,139,114,238787,2294,8919,451400
187,122,127,238665,2289,9046,456000
188,136,119,238529,2306,9165,454500
189,131,113,238398,2324,9278,461000
190,116,123,238282,2317,9401,454700
191,140,119,238142,2338,9520,457000
192,139,111,238003,2366,9631,550100
193,137,126,237866,2377,9757,455000
194,122,143,237744,2356,9900,461300
195,113,106,237631,2363,10006,465600
196,129,120,237502,2372,10126,454300
197,118,110,237384,2380,10236,454100
198,141,125,237243,2396,10361,460700
199,142,125,237101,2413,10486,466100
200,159,131,236942,2441,10617,462800
201,145,108,236797,2478,10725,457500
202,148,120,236649,2506,10845,458500
203,132,107,236517,2531,10952,455800
204,128,141,236389,2518,11093,458400
205,135,120,236254,2533,11213,456900
206,146,105,236108,2574,11318,464500
207,132,129,235976,2577,11447,460600
208,138,148,235838,2567,11595,461800
209,157,139,235681,2585,11734,460500
210,132,139,235549,2578,11873,461000
211,133,136,235416,2575,12009,470100
212,129,118,235287,2586,12127,454200
213,145,115,235142,2616,12242,459400
214,156,134,234986,2638,12376,462500
215,156,119,234830,2675,12495,547700
216,145,121,234685,2699,12616,462300
217,152,136,234533,2715,12752,456900
218,142,136,234391,2721,12888,472900
219,152,139,234239,2734,13027,473200
220,143,145,234096,2732,13172,464800
221,149,138,233947,2743,13310,461200
222,163,148,233784,2758,13458,472300
223,156,150,233628,2764,13608,472100
224,157,121,233471,2800,13729,456200
225,148,133,233323,2815,13862,461100
226,152,136,233171,2831,13998,467000
227,139,163,233032,2807,14161,466300
228,159,134,232873,2832,14295,462600
229,155,149,232718,2838,14444,481400
230,166,140,232552,2864,14584,654000
231,166,153,232386,2877,14737,469200
232,159,172,232227,2864,14909,467100
233,176,137,232051,2903,15046,466400
234,154,135,231897,2922,15181,463100
235,172,152,231725,2942,15333,461900
236,178,168,231547,2952,15501,465800
237,186,139,231361,2999,15640,465100
238,164,148,231197,3015,15788,460300
239,159,150,231038,3024,15938,465500
240,148,157,230890,3015,16095,488700
241,155,143,230735,3027,16238,469500
242,141,173,230594,2995,16411,466700
243,180,145,230414,3030,16556,469200
244,164,148,230250,3046,16704,467900
245,156,155,230094,3047,16859,471300
246,145,148,229949,3044,17007,469500
247,164,140,229785,3068,17147,473700
248,168,143,229617,3093,17290,465400
249,147,159,229470,3081,17449,472600
250,165,159,229305,3087,17608,466200
251,154,151,229151,3090,17759,466600
252,160,180,228991,3070,17939,462500
253,172,180,228819,3062,18119,458400
254,162,147,228657,3077,18266,477600
255,159,157,228498,3079,18423,472400
256,173,157,228325,3095,18580,469100
257,188,148,228137,3135,18728,482000
258,179,162,227958,3152,18890,475000
259,150,160,227808,3142,19050,500600
260,183,162,227625,3163,19212,469000
261,184,144,227441,3203,19356,524700
262,159,200,227282,3162,19556,488600
263,203,149,227079,3216,19705,465900
264,180,168,226899,3228,19873,468900
265,217,154,226682,3291,20027,467100
266,152,161,226530,3282,20188,469600
267,184,158,226346,3308,20346,522200
268,172,166,226174,3314,20512,480800
269,157,135,226017,3336,20647,471000
270,159,183,225858,3312,20830,480500
271,153,173,225705,3292,21003,538100
272,165,166,225540,3291,21169,568800
273,164,157,225376,3298,21326,481300
274,166,137,225210,3327,21463,471600
275,189,157,225021,3359,21620,473700
276,177,158,224844,3378,21778,473200
277,177,178,224667,3377,21956,474000
278,153,158,224514,3372,22114,462000
279,190,161,224324,3401,22275,470800
280,157,170,224167,3388,22445,463000
281,181,173,223986,3396,22618,473700
282,159,163,223827,3392,22781,475600
283,189,158,223638,3423,22939,491700
284,187,193,223451,3417,23132,471500
285,184,171,223267,3430,23303,465500
286,161,173,223106,3418,23476,472300
287,163,170,222943,3411,23646,482000
288,161,187,222782,3385,23833,480700
289,184,164,222598,3405,23997,562500
290,163,188,222435,3380,24185,554400
291,175,185,222260,3370,24370,474700
292,173,152,222087,3391,24522,464300
293,177,169,221910,3399,24691,468200
294,179,193,221731,3385,24884,466400
295,196,176,221535,3405,25060,478200
296,160,141,221375,3424,25201,469200
297,169,168,221206,3425,25369,469800
298,184,169,221022,3440,25538,478700
299,170,180,220852,3430,25718,476300
300,176,174,220676,3432,25892,474000
301,196,188,220480,3440,26080,564200
302,183,167,220297,3456,26247,476900
303,191,157,220106,3490,26404,469900
304,175,138,219931,3527,26542,465800
305,180,179,219751,3528,26721,477400
306,177,170,219574,3535,26891,472000
307,157,173,219417,3519,27064,464000
308,159,187,219258,3491,27251,463500
309,175,180,219083,3486,27431,469200
310,162,167,218921,3481,27598,485900
311,171,169,218750,3483,27767,475400
312,159,153,218591,3489,27920,472500
313,161,202,218430,3448,28122,469500
314,166,169,218264,3445,28291,501000
315,163,155,218101,3453,28446,499100
316,177,160,217924,3470,28606,485300
317,152,213,217772,3409,28819,473900
318,178,163,217594,3424,28982,471900
319,179,187,217415,3416,29169,472800
320,192,173,217223,3435,29342,480700
321,156,176,217067,3415,29518,472400
322,168,184,216899,3399,29702,479200
323,166,187,216733,3378,29889,566500
324,157,169,216576,3366,30058,468000
325,166,153,216410,3379,30211,461200
326,189,174,216221,3394,30385,474100
327,163,161,216058,3396,30546,479300
328,172,157,215886,3411,30703,478000
329,180,174,215706,3417,30877,482200
330,176,166,215530,3427,31043,573300
331,159,182,215371,3404,31225,478400
332,158,161,215213,3401,31386,475400
333,165,174,215048,3392,31560,465300
334,155,159,214893,3388,31719,464200
335,141,168,214752,3361,31887,468000
336,169,188,214583,3342,32075,476200
337,174,176,214409,3340,32251,487500
338,156,170,214253,3326,32421,470300
339,168,154,214085,3340,32575,465100
340,165,168,213920,3337,32743,475900
341,180,138,213740,3379,32881,474800
342,150,166,213590,3363,33047,470000
343,165,187,213425,3341,33234,485700
344,164,157,213261,3348,33391,484200
345,169,174,213092,3343,33565,483800
346,175,169,212917,3349,33734,470200
347,152,134,212765,3367,33868,474100
348,174,159,212591,3382,34027,472900
349,194,132,212397,3444,34159,492700
350,195,167,212202,3472,34326,480000
351,171,184,212031,3459,34510,488500
352,156,170,211875,3445,34680,473700
353,177,165,211698,3457,34845,467400
354,171,177,211527,3451,35022,476500
355,150,158,211377,3443,35180,476400
356,168,167,211209,3444,35347,496700
357,139,181,211070,3402,35528,532800
358,176,183,210894,3395,35711,484100
359,170,154,210724,3411,35865,482300
360,172,190,210552,3393,36055,473300
361,185,167,210367,3411,36222,475400
362,170,162,210197,3419,36384,472000
363,168,168,210029,3419,36552,476000
364,141,176,209888,3384,36728,466400
365,154,173,209734,3365,36901,468000
366,175,165,209559,3375,37066,479500
367,147,148,209412,3374,37214,475300
368,166,173,209246,3367,37387,484900
369,157,180,209089,3344,37567,492000
370,147,168,208942,3323,37735,480500
371,198,154,208744,3367,37889,502800
372,159,158,208585,3368,38047,479900
373,161,167,208424,3362,38214,500800
374,161,152,208263,3371,38366,476700
375,176,191,208087,3356,38557,481300
376,159,168,207928,3347,38725,683500
377,163,172,207765,3338,38897,473900
378,138,172,207627,3304,39069,491900
379,191,155,207436,3340,39224,487300
380,167,165,207269,3342,39389,470500
381,144,154,207125,3332,39543,478200
382,175,175,206950,3332,39718,486300
383,171,151,206779,3352,39869,476200
384,161,179,206618,3334,40048,484900
385,171,155,206447,3350,40203,481200
386,170,180,206277,3340,40383,476300
387,160,160,206117,3340,40543,471700
388,164,167,205953,3337,40710,492200
389,164,179,205789,3322,40889,480200
390,155,175,205634,3302,41064,471600
391,172,148,205462,3326,41212,470000
392,159,189,205303,3296,41401,468700
393,188,175,205115,3309,41576,472200
394,189,161,204926,3337,41737,469200
395,159,161,204767,3335,41898,469900
396,175,192,204592,3318,42090,486500
397,169,183,204423,3304,42273,485500
398,153,152,204270,3305,42425,477700
399,172,177,204098,3300,42602,478700
400,178,171,203920,3307,42773,469200
401,158,160,203762,3305,42933,603500
402,165,153,203597,3317,43086,480300
403,151,166,203446,3302,43252,483100
404,169,168,203277,3303,43420,478100
405,159,164,203118,3298,43584,504300
406,173,162,202945,3309,43746,477000
407,164,174,202781,3299,43920,464500
408,163,180,202618,3282,44100,465100
409,177,140,202441,3319,44240,477200
410,162,153,202279,3328,44393,467300
411,155,182,202124,3301,44575,466500
412,153,166,201971,3288,44741,469300
413,164,162,201807,3290,44903,482800
414,168,152,201639,3306,45055,482500
415,161,166,201478,3301,45221,472600
416,153,165,201325,3289,45386,476300
417,185,154,201140,3320,45540,485100
418,175,154,200965,3341,45694,486600
419,152,145,200813,3348,45839,472300
420,137,155,200676,3330,45994,490400
421,158,163,200518,3325,46157,489300
422,165,154,200353,3336,46311,473600
423,181,175,200172,3342,46486,658300
424,154,173,200018,3323,46659,486400
425,148,164,199870,3307,46823,498500
426,149,166,199721,3290,46989,481100
427,171,193,199550,3268,47182,490100
428,156,165,199394,3259,47347,469600
429,157,144,199237,3272,47491,463200
430,142,159,199095,3255,47650,470800
431,175,152,198920,3278,47802,477500
432,164,154,198756,3288,47956,479300
433,154,155,198602,3287,48111,480600
434,165,149,198437,3303,48260,481600
435,154,167,198283,3290,48427,486700
436,184,171,198099,3303,48598,480100
437,148,152,197951,3299,48750,497500
438,162,143,197789,3318,48893,493500
439,169,189,197620,3298,49082,475700
440,151,191,197469,3258,49273,479900
441,172,164,197297,3266,49437,477200
442,161,177,197136,3250,49614,478200
443,163,164,196973,3249,49778,476600
444,161,167,196812,3243,49945,483400
445,155,167,196657,3231,50112,491800
446,147,160,196510,3218,50272,512400
447,147,137,196363,3228,50409,491400
448,154,157,196209,3225,50566,477700
449,135,171,196074,3189,50737,506900
450,141,179,195933,3151,50916,473700
451,169,165,195764,3155,51081,482100
452,161,155,195603,3161,51236,476200
453,148,141,195455,3168,51377,482100
454,175,167,195280,3176,51544,483400
455,161,182,195119,3155,51726,473800
456,151,160,194968,3146,51886,481100
457,157,170,194811,3133,52056,541100
458,140,164,194671,3109,52220,484000
459,163,144,194508,3128,52364,469200
460,157,154,194351,3131,52518,481100
461,160,151,194191,3140,52669,468900
462,142,177,194049,3105,52846,477800
463,160,149,193889,3116,52995,479100
464,161,137,193728,3140,53132,478100
465,166,179,193562,3127,53311,487000
466,148,157,193414,3118,53468,491700
467,166,174,193248,3110,53642,509600
468,172,147,193076,3135,53789,470200
469,145,154,192931,3126,53943,461000
470,156,154,192775,3128,54097,466700
471,141,136,192634,3133,54233,463300
472,180,147,192454,3166,54380,470400
473,163,177,192291,3152,54557,462300
474,163,139,192128,3176,54696,792800
475,174,151,191954,3199,54847,485700
476,156,155,191798,3200,55002,482900
477,158,168,191640,3190,55170,461400
478,164,132,191476,3222,55302,477000
479,156,171,191320,3207,55473,475200
480,178,138,191142,3247,55611,478800
481,171,163,190971,3255,55774,511400
482,192,166,190779,3281,55940,483900
483,180,152,190599,3309,56092,481100
484,159,165,190440,3303,56257,789400
485,173,176,190267,3300,56433,505700
486,178,167,190089,3311,56600,476300
487,152,149,189937,3314,56749,468600
488,174,167,189763,3321,56916,487200
489,179,172,189584,3328,57088,498200
490,165,176,189419,3317,57264,511000
491,162,187,189257,3292,57451,512900
492,152,182,189105,3262,57633,470900
493,121,168,188984,3215,57801,480500
494,161,165,188823,3211,57966,489200
495,185,172,188638,3224,58138,522700
496,174,150,188464,3248,58288,470300
497,164,174,188300,3238,58462,467400
498,166,150,188134,3254,58612,474800
499,164,172,187970,3246,58784,475800
500,152,163,187818,3235,58947,474400
501,166,149,187652,3252,59096,488900
502,168,158,187484,3262,59254,485600
503,185,173,187299,3274,59427,474900
504,155,146,187144,3283,59573,469000
505,169,173,186975,3279,59746,470100
506,153,138,186822,3294,59884,482800
507,160,150,186662,3304,60034,471700
508,167,174,186495,3297,60208,490800
509,195,161,186300,3331,60369,472200
510,162,160,186138,3333,60529,477200
511,171,158,185967,3346,60687,513400
512,164,156,185803,3354,60843,483300
513,152,170,185651,3336,61013,479800
514,183,166,185468,3353,61179,503800
515,169,154,185299,3368,61333,509000
516,156,184,185143,3340,61517,485600
517,149,152,184994,3337,61669,485400
518,172,148,184822,3361,61817,567300
519,160,171,184662,3350,61988,578800
520,156,165,184506,3341,62153,499000
521,156,166,184350,3331,62319,635100
522,143,136,184207,3338,62455,584800
523,157,151,184050,3344,62606,492300
524,151,164,183899,3331,62770,696200
525,157,164,183742,3324,62934,511500
526,166,164,183576,3326,63098,504100
527,151,185,183425,3292,63283,499600
528,175,154,183250,3313,63437,506100
529,185,174,183065,3324,63611,517800
530,168,145,182897,3347,63756,509200
531,167,147,182730,3367,63903,478800
532,173,171,182557,3369,64074,500000
533,165,182,182392,3352,64256,516500
534,163,192,182229,3323,64448,551200
535,165,170,182064,3318,64618,513600
536,156,170,181908,3304,64788,490900
537,148,186,181760,3266,64974,504800
538,166,188,181594,3244,65162,493400
539,140,161,181454,3223,65323,509400
540,172,172,181282,3223,65495,483100
541,154,148,181128,3229,65643,566900
542,175,151,180953,3253,65794,496100
543,165,144,180788,3274,65938,526500
544,172,160,180616,3286,66098,524100
545,166,183,180450,3269,66281,502100
546,171,143,180279,3297,66424,603300
547,183,158,180096,3322,66582,533700
548,177,172,179919,3327,66754,482100
549,179,185,179740,3321,66939,496100
550,153,163,179587,3311,67102,478800
551,173,160,179414,3324,67262,484900
552,153,148,179261,3329,67410,477900
553,176,157,179085,3348,67567,493100
554,185,166,178900,3367,67733,554300
555,163,164,178737,3366,67897,482000
556,160,166,178577,3360,68063,496100
557,147,161,178430,3346,68224,495400
558,190,158,178240,3378,68382,531300
559,190,148,178050,3420,68530,489400
560,162,143,177888,3439,68673,481700
561,178,192,177710,3425,68865,476500
562,197,183,177513,3439,69048,500100
563,177,152,177336,3464,69200,728800
564,186,155,177150,3495,69355,636300
565,179,163,176971,3511,69518,509900
566,181,163,176790,3529,69681,491800
567,216,177,176574,3568,69858,492500
568,193,150,176381,3611,70008,489600
569,186,168,176195,3629,70176,534500
570,198,192,175997,3635,70368,501200
571,187,196,175810,3626,70564,490800
572,192,218,175618,3600,70782,500700
573,187,174,175431,3613,70956,559700
574,197,190,175234,3620,71146,584700
575,176,169,175058,3627,71315,501500
576,204,172,174854,3659,71487,505500
577,190,185,174664,3664,71672,494700
578,170,174,174494,3660,71846,490400
579,197,190,174297,3667,72036,499600
580,188,153,174109,3702,72189,489300
581,187,182,173922,3707,72371,497200
582,191,180,173731,3718,72551,641400
583,168,206,173563,3680,72757,496300
584,191,169,173372,3702,72926,510400
585,185,159,173187,3728,73085,477900
586,200,213,172987,3715,73298,520400
587,192,189,172795,3718,73487,512300
588,183,204,172612,3697,73691,513100
589,180,174,172432,3703,73865,490700
590,208,185,172224,3726,74050,514000
591,165,205,172059,3686,74255,499300
592,171,163,171888,3694,74418,689100
593,159,191,171729,3662,74609,481300
594,177,191,171552,3648,74800,481400
595,195,166,171357,3677,74966,484400
596,185,198,171172,3664,75164,483100
597,186,176,170986,3674,75340,499300
598,170,195,170816,3649,75535,574300
599,181,190,170635,3640,75725,572700
600,174,165,170461,3649,75890,495400
601,176,201,170285,3624,76091,496400
602,202,189,170083,3637,76280,685900
603,214,200,169869,3651,76480,510700
604,166,191,169703,3626,76671,515800
605,173,183,169530,3616,76854,495600
606,183,172,169347,3627,77026,507600
607,164,172,169183,3619,77198,527800
608,207,185,168976,3641,77383,576000
609,212,181,168764,3672,77564,504200
610,184,198,168580,3658,77762,489900
611,214,178,168366,3694,77940,496600
612,198,196,168168,3696,78136,497500
613,202,206,167966,3692,78342,493400
614,187,197,167779,3682,78539,483900
615,170,188,167609,3664,78727,504400
616,182,190,167427,3656,78917,512800
617,174,171,167253,3659,79088,491100
618,189,192,167064,3656,79280,478100
619,168,186,166896,3638,79466,501000
620,185,170,166711,3653,79636,489500
621,209,163,166502,3699,79799,493100
622,204,180,166298,3723,79979,485000
623,181,201,166117,3703,80180,487900
624,183,184,165934,3702,80364,496000
625,176,187,165758,3691,80551,556600
626,184,170,165574,3705,80721,477800
627,189,186,165385,3708,80907,486800
628,185,187,165200,3706,81094,476300
629,183,193,165017,3696,81287,479400
630,161,172,164856,3685,81459,478700
631,177,190,164679,3672,81649,577800
632,185,180,164494,3677,81829,479600
633,168,199,164326,3646,82028,482700
634,163,187,164163,3622,82215,497700
635,201,189,163962,3634,82404,486300
636,176,170,163786,3640,82574,500200
637,220,183,163566,3677,82757,482800
638,185,176,163381,3686,82933,483900
639,174,180,163207,3680,83113,479200
640,194,167,163013,3707,83280,487200
641,171,184,162842,3694,83464,482800
642,192,213,162650,3673,83677,509100
643,168,192,162482,3649,83869,479000
644,194,198,162288,3645,84067,479800
645,191,196,162097,3640,84263,475800
646,182,192,161915,3630,84455,477100
647,180,191,161735,3619,84646,481800
648,197,170,161538,3646,84816,469500
649,193,146,161345,3693,84962,474400
650,205,179,161140,3719,85141,468100
651,187,172,160953,3734,85313,481900
652,172,182,160781,3724,85495,482700
653,205,186,160576,3743,85681,486200
654,189,187,160387,3745,85868,583600
655,191,204,160196,3732,86072,500900
656,175,176,160021,3731,86248,476500
657,181,188,159840,3724,86436,473500
658,185,195,159655,3714,86631,482500
659,184,187,159471,3711,86818,471600
660,200,177,159271,3734,86995,472500
661,188,185,159083,3737,87180,475500
662,175,196,158908,3716,87376,468000
663,191,199,158717,3708,87575,471700
664,178,196,158539,3690,87771,470700
665,190,190,158349,3690,87961,494600
666,191,174,158158,3707,88135,475400
667,187,184,157971,3710,88319,482700
668,184,195,157787,3699,88514,487500
669,180,180,157607,3699,88694,478600
670,197,193,157410,3703,88887,495300
671,175,168,157235,3710,89055,473600
672,180,177,157055,3713,89232,475400
673,193,199,156862,3707,89431,476300
674,187,189,156675,3705,89620,483000
675,180,175,156495,3710,89795,477500
676,166,192,156329,3684,89987,476000
677,188,194,156141,3678,90181,476300
678,168,202,155973,3644,90383,481000
679,168,194,155805,3618,90577,478900
680,191,200,155614,3609,90777,484600
681,177,180,155437,3606,90957,477000
682,183,190,155254,3599,91147,482600
683,182,149,155072,3632,91296,477100
684,176,172,154896,3636,91468,488600
685,162,185,154734,3613,91653,474100
686,178,189,154556,3602,91842,477000
687,166,184,154390,3584,92026,500700
688,168,207,154222,3545,92233,489100
689,160,187,154062,3518,92420,475900
690,156,196,153906,3478,92616,478800
691,174,162,153732,3490,92778,476100
692,179,156,153553,3513,92934,470600
693,165,188,153388,3490,93122,476700
694,180,170,153208,3500,93292,480500
695,169,152,153039,3517,93444,475100
696,191,183,152848,3525,93627,478600
697,156,195,152692,3486,93822,474200
698,148,176,152544,3458,93998,481400
699,165,178,152379,3445,94176,469300
700,182,180,152197,3447,94356,480400
701,171,181,152026,3437,94537,465700
702,169,160,151857,3446,94697,475100
703,181,184,151676,3443,94881,480400
704,153,184,151523,3412,95065,470100
705,154,188,151369,3378,95253,466700
706,167,145,151202,3400,95398,466000
707,169,164,151033,3405,95562,461600
708,167,171,150866,3401,95733,472600
709,157,169,150709,3389,95902,466300
710,188,161,150521,3416,96063,463500
711,176,163,150345,3429,96226,462200
712,160,175,150185,3414,96401,473200
713,188,175,149997,3427,96576,471400
714,167,168,149830,3426,96744,491100
715,194,155,149636,3465,96899,493900
716,176,165,149460,3476,97064,469200
717,177,184,149283,3469,97248,462700
718,179,160,149104,3488,97408,460600
719,172,168,148932,3492,97576,480900
720,189,164,148743,3517,97740,504500
721,190,192,148553,3515,97932,471500
722,170,189,148383,3496,98121,477600
723,181,170,148202,3507,98291,468200
724,152,180,148050,3479,98471,465000
725,167,183,147883,3463,98654,463900
726,180,167,147703,3476,98821,461800
727,172,202,147531,3446,99023,461400
728,174,183,147357,3437,99206,462500
729,193,164,147164,3466,99370,479800
730,184,162,146980,3488,99532,464700
731,183,153,146797,3518,99685,471100
732,176,182,146621,3512,99867,462500
733,200,185,146421,3527,100052,473300
734,200,189,146221,3538,100241,482700
735,172,168,146049,3542,100409,475800
736,193,179,145856,3556,100588,484400
737,200,148,145656,3608,100736,465900
738,172,189,145484,3591,100925,477400
739,185,187,145299,3589,101112,493100
740,186,155,145113,3620,101267,566900
741,189,183,144924,3626,101450,487000
742,197,197,144727,3626,101647,470700
743,186,178,144541,3634,101825,464200
744,159,175,144382,3618,102000,461200
745,177,155,144205,3640,102155,493600
746,166,183,144039,3623,102338,499500
747,196,191,143843,3628,102529,468700
748,205,189,143638,3644,102718,478300
749,180,155,143458,3669,102873,483800
750,191,188,143267,3672,103061,465200
751,201,198,143066,3675,103259,483600
752,200,192,142866,3683,103451,468100
753,196,169,142670,3710,103620,473800
754,182,177,142488,3715,103797,486200
755,186,189,142302,3712,103986,481800
756,196,194,142106,3714,104180,469800
757,198,170,141908,3742,104350,462200
758,185,197,141723,3730,104547,473400
759,219,179,141504,3770,104726,477900
760,178,195,141326,3753,104921,480500
761,212,182,141114,3783,105103,480900
762,175,181,140939,3777,105284,467000
763,170,183,140769,3764,105467,483400
764,186,176,140583,3774,105643,463300
765,185,198,140398,3761,105841,486500
766,183,227,140215,3717,106068,488800
767,197,199,140018,3715,106267,481700
768,203,177,139815,3741,106444,485000
769,188,181,139627,3748,106625,478300
770,199,198,139428,3749,106823,480600
771,193,195,139235,3747,107018,480500
772,204,193,139031,3758,107211,484500
773,189,181,138842,3766,107392,481400
774,224,181,138618,3809,107573,474800
775,193,194,138425,3808,107767,467600
776,200,200,138225,3808,107967,500800
777,202,172,138023,3838,108139,488300
778,188,194,137835,3832,108333,484400
779,188,188,137647,3832,108521,504500
780,233,193,137414,3872,108714,486400
781,187,189,137227,3870,108903,483600
782,197,178,137030,3889,109081,473200
783,214,208,136816,3895,109289,484700
784,208,208,136608,3895,109497,486600
785,183,190,136425,3888,109687,485000
786,202,182,136223,3908,109869,480300
787,211,216,136012,3903,110085,484400
788,182,214,135830,3871,110299,537200
789,169,199,135661,3841,110498,485500
790,199,164,135462,3876,110662,483600
791,191,204,135271,3863,110866,487700
792,175,223,135096,3815,111089,463400
793,205,205,134891,3815,111294,484600
794,186,185,134705,3816,111479,482800
795,197,193,134508,3820,111672,491000
796,191,196,134317,3815,111868,467600
797,205,176,134112,3844,112044,482500
798,188,184,133924,3848,112228,482900
799,191,185,133733,3854,112413,493000
800,197,208,133536,3843,112621,466500
801,199,220,133337,3822,112841,484300
802,190,172,133147,3840,113013,479500
803,201,178,132946,3863,113191,483800
804,198,196,132748,3865,113387,480500
805,202,183,132546,3884,113570,483700
806,166,199,132380,3851,113769,482300
807,198,219,132182,3830,113988,496500
808,185,207,131997,3808,114195,494300
809,192,193,131805,3807,114388,480700
810,197,184,131608,3820,114572,482200
811,197,214,131411,3803,114786,480300
812,189,205,131222,3787,114991,479500
813,197,195,131025,3789,115186,495200
814,186,189,130839,3786,115375,484100
815,183,180,130656,3789,115555,485300
816,200,179,130456,3810,115734,483700
817,199,199,130257,3810,115933,486400
818,189,217,130068,3782,116150,503000
819,174,189,129894,3767,116339,487800
820,210,185,129684,3792,116524,500700
821,215,167,129469,3840,116691,479800
822,186,206,129283,3820,116897,485300
823,206,181,129077,3845,117078,479300
824,181,199,128896,3827,117277,475100
825,193,188,128703,3832,117465,487900
826,192,204,128511,3820,117669,490800
827,181,195,128330,3806,117864,486600
828,182,208,128148,3780,118072,483800
829,187,175,127961,3792,118247,479200
830,181,203,127780,3770,118450,477900
831,179,193,127601,3756,118643,485400
832,175,179,127426,3752,118822,477100
833,187,191,127239,3748,119013,481900
834,183,171,127056,3760,119184,480700
835,194,188,126862,3766,119372,478800
836,202,192,126660,3776,119564,480700
837,206,217,126454,3765,119781,512400
838,188,182,126266,3771,119963,483100
839,197,185,126069,3783,120148,479800
840,193,188,125876,3788,120336,478200
841,186,198,125690,3776,120534,475100
842,188,192,125502,3772,120726,475800
843,210,167,125292,3815,120893,490400
844,203,194,125089,3824,121087,486300
845,211,205,124878,3830,121292,497000
846,198,158,124680,3870,121450,485200
847,195,178,124485,3887,121628,487500
848,199,219,124286,3867,121847,489300
849,181,203,124105,3845,122050,514600
850,177,185,123928,3837,122235,506000
851,181,186,123747,3832,122421,526500
852,206,172,123541,3866,122593,486800
853,194,166,123347,3894,122759,489100
854,212,184,123135,3922,122943,488100
855,201,195,122934,3928,123138,494600
856,202,193,122732,3937,123331,486200
857,177,192,122555,3922,123523,490300
858,216,185,122339,3953,123708,482700
859,199,212,122140,3940,123920,592600
860,192,189,121948,3943,124109,499800
861,197,189,121751,3951,124298,494700
862,205,172,121546,3984,124470,484500
863,189,215,121357,3958,124685,488100
864,208,186,121149,3980,124871,496400
865,185,186,120964,3979,125057,492200
866,204,206,120760,3977,125263,496800
867,184,222,120576,3939,125485,504100
868,227,197,120349,3969,125682,501500
869,191,229,120158,3931,125911,504100
870,183,201,119975,3913,126112,505000
871,190,191,119785,3912,126303,602000
872,178,203,119607,3887,126506,501500
873,192,198,119415,3881,126704,482800
874,202,207,119213,3876,126911,502200
875,168,178,119045,3866,127089,494300
876,170,192,118875,3844,127281,482700
877,209,172,118666,3881,127453,483300
878,184,188,118482,3877,127641,488300
879,197,183,118285,3891,127824,492500
880,185,170,118100,3906,127994,503100
881,198,212,117902,3892,128206,491000
882,220,202,117682,3910,128408,481500
883,197,202,117485,3905,128610,492000
884,177,206,117308,3876,128816,525800
885,184,198,117124,3862,129014,480200
886,200,172,116924,3890,129186,497100
887,187,189,116737,3888,129375,480000
888,190,187,116547,3891,129562,504100
889,191,186,116356,3896,129748,511700
890,203,175,116153,3924,129923,504200
891,192,176,115961,3940,130099,490200
892,206,216,115755,3930,130315,487400
893,201,191,115554,3940,130506,489100
894,219,193,115335,3966,130699,499100
895,204,200,115131,3970,130899,497300
896,205,213,114926,3962,131112,479100
897,205,197,114721,3970,131309,490800
898,220,197,114501,3993,131506,509900
899,182,227,114319,3948,131733,503100
900,194,198,114125,3944,131931,480000
901,188,204,113937,3928,132135,499100
902,189,220,113748,3897,132355,494200
903,180,219,113568,3858,132574,481600
904,192,209,113376,3841,132783,477300
905,185,184,113191,3842,132967,482800
906,200,185,112991,3857,133152,489000
907,183,203,112808,3837,133355,498100
908,178,195,112630,3820,133550,488900
909,199,184,112431,3835,133734,504800
910,189,199,112242,3825,133933,505800
911,187,177,112055,3835,134110,503800
912,211,211,111844,3835,134321,493100
913,172,212,111672,3795,134533,490700
914,201,197,111471,3799,134730,485900
915,186,165,111285,3820,134895,479700
916,188,164,111097,3844,135059,478000
917,215,183,110882,3876,135242,483400
918,221,198,110661,3899,135440,514600
919,193,190,110468,3902,135630,502900
920,188,219,110280,3871,135849,494800
921,208,186,110072,3893,136035,490800
922,209,180,109863,3922,136215,482700
923,199,197,109664,3924,136412,496500
924,206,174,109458,3956,136586,483400
925,213,184,109245,3985,136770,493800
926,228,190,109017,4023,136960,514300
927,196,200,108821,4019,137160,495500
928,214,226,108607,4007,137386,536200
929,222,217,108385,4012,137603,506500
930,226,202,108159,4036,137805,492100
931,212,190,107947,4058,137995,498700
932,212,206,107735,4064,138201,494400
933,223,201,107512,4086,138402,486900
934,236,199,107276,4123,138601,499900
935,211,217,107065,4117,138818,500600
936,223,215,106842,4125,139033,484300
937,217,221,106625,4121,139254,499200
938,181,230,106444,4072,139484,505600
939,203,192,106241,4083,139676,499900
940,185,197,106056,4071,139873,491800
941,220,202,105836,4089,140075,498400
942,200,188,105636,4101,140263,501900
943,184,201,105452,4084,140464,491500
944,185,204,105267,4065,140668,490000
945,191,216,105076,4040,140884,497600
946,178,174,104898,4044,141058,490700
947,194,201,104704,4037,141259,475900
948,206,194,104498,4049,141453,492800
949,209,185,104289,4073,141638,498100
950,192,200,104097,4065,141838,500700
951,220,200,103877,4085,142038,497500
952,209,202,103668,4092,142240,498300
953,207,216,103461,4083,142456,484900
954,204,200,103257,4087,142656,507900
955,187,190,103070,4084,142846,494600
956,199,188,102871,4095,143034,495600
957,199,222,102672,4072,143256,504100
958,219,197,102453,4094,143453,615400
959,196,201,102257,4089,143654,511300
960,202,191,102055,4100,143845,493500
961,212,220,101843,4092,144065,493000
962,207,197,101636,4102,144262,479500
963,196,192,101440,4106,144454,512500
964,201,194,101239,4113,144648,498200
965,185,218,101054,4080,144866,490700
966,228,221,100826,4087,145087,491500
967,226,197,100600,4116,145284,492700
968,221,188,100379,4149,145472,485700
969,217,197,100162,4169,145669,490900
970,222,220,99940,4171,145889,490800
971,192,220,99748,4143,146109,482800
972,201,210,99547,4134,146319,491100
973,228,186,99319,4176,146505,496900
974,208,218,99111,4166,146723,496100
975,214,213,98897,4167,146936,493200
976,223,184,98674,4206,147120,499000
977,231,219,98443,4218,147339,485400
978,202,220,98241,4200,147559,490100
979,235,210,98006,4225,147769,485500
980,210,204,97796,4231,147973,496000
981,199,235,97597,4195,148208,505100
982,194,203,97403,4186,148411,499500
983,214,203,97189,4197,148614,499500
984,212,206,96977,4203,148820,495000
985,224,226,96753,4201,149046,496700
986,197,217,96556,4181,149263,506700
987,187,206,96369,4162,149469,488800
988,185,209,96184,4138,149678,491800
989,180,215,96004,4103,149893,510800
990,221,231,95783,4093,150124,486200
991,194,191,95589,4096,150315,502700
992,210,184,95379,4122,150499,502000
993,206,191,95173,4137,150690,501500
994,194,203,94979,4128,150893,495400
995,230,179,94749,4179,151072,528500
996,224,208,94525,4195,151280,492600
997,216,214,94309,4197,151494,505500
998,224,207,94085,4214,151701,480300
999,211,228,93874,4197,151929,501700
1000,212,216,93662,4193,152145,500800
1001,208,188,93454,4213,152333,501600
1002,225,220,93229,4218,152553,490400
1003,221,214,93008,4225,152767,502100
1004,212,232,92796,4205,152999,505000
1005,193,212,92603,4186,153211,497100
1006,213,188,92390,4211,153399,483100
1007,200,194,92190,4217,153593,491700
1008,224,193,91966,4248,153786,499100
1009,227,202,91739,4273,153988,508400
1010,217,215,91522,4275,154203,495400
1011,202,196,91320,4281,154399,506300
1012,179,202,91141,4258,154601,498900
1013,203,206,90938,4255,154807,498100
1014,194,206,90744,4243,155013,494600
1015,186,209,90558,4220,155222,476300
1016,192,208,90366,4204,155430,487400
1017,214,222,90152,4196,155652,491600
1018,201,207,89951,4190,155859,499000
1019,203,195,89748,4198,156054,494100
1020,206,218,89542,4186,156272,522000
1021,200,190,89342,4196,156462,498000
1022,204,226,89138,4174,156688,491100
1023,211,217,88927,4168,156905,486000
1024,193,223,88734,4138,157128,492600
1025,208,201,88526,4145,157329,620500
1026,191,201,88335,4135,157530,490100
1027,193,237,88142,4091,157767,506800
1028,183,210,87959,4064,157977,547000
1029,208,197,87751,4075,158174,506100
1030,193,226,87558,4042,158400,495500
1031,210,222,87348,4030,158622,510600
1032,171,215,87177,3986,158837,494000
1033,194,206,86983,3974,159043,495700
1034,189,207,86794,3956,159250,505800
1035,212,209,86582,3959,159459,491600
1036,193,190,86389,3962,159649,483300
1037,201,187,86188,3976,159836,485400
1038,181,212,86007,3945,160048,686400
1039,183,184,85824,3944,160232,499400
1040,192,200,85632,3936,160432,501400
1041,177,190,85455,3923,160622,494500
1042,216,192,85239,3947,160814,495700
1043,169,184,85070,3932,160998,487400
1044,189,224,84881,3897,161222,489200
1045,201,208,84680,3890,161430,483400
1046,184,155,84496,3919,161585,484800
1047,190,152,84306,3957,161737,480300
1048,196,183,84110,3970,161920,488300
1049,200,212,83910,3958,162132,493000
1050,197,205,83713,3950,162337,504400
1051,201,173,83512,3978,162510,511100
1052,191,197,83321,3972,162707,493400
1053,195,203,83126,3964,162910,493400
1054,197,189,82929,3972,163099,487200
1055,204,190,82725,3986,163289,496900
1056,196,212,82529,3970,163501,493000
1057,191,225,82338,3936,163726,513200
1058,201,188,82137,3949,163914,486000
1059,194,189,81943,3954,164103,489700
1060,192,196,81751,3950,164299,487700
1061,209,181,81542,3978,164480,512200
1062,206,218,81336,3966,164698,542100
1063,215,200,81121,3981,164898,491300
1064,211,206,80910,3986,165104,497900
1065,188,216,80722,3958,165320,489600
1066,190,194,80532,3954,165514,482900
1067,182,204,80350,3932,165718,488100
1068,220,193,80130,3959,165911,495100
1069,190,187,79940,3962,166098,495100
1070,209,177,79731,3994,166275,507300
1071,185,193,79546,3986,166468,511700
1072,194,170,79352,4010,166638,496100
1073,207,195,79145,4022,166833,504400
1074,201,195,78944,4028,167028,501500
1075,215,204,78729,4039,167232,500200
1076,213,194,78516,4058,167426,486800
1077,179,187,78337,4050,167613,484800
1078,188,207,78149,4031,167820,485900
1079,188,192,77961,4027,168012,489000
1080,189,212,77772,4004,168224,488000
1081,191,200,77581,3995,168424,483600
1082,195,195,77386,3995,168619,480700
1083,188,196,77198,3987,168815,497200
1084,200,216,76998,3971,169031,484900
1085,200,188,76798,3983,169219,492600
1086,171,188,76627,3966,169407,495700
1087,180,200,76447,3946,169607,498900
1088,197,202,76250,3941,169809,489600
1089,210,191,76040,3960,170000,500500
1090,193,224,75847,3929,170224,500000
1091,187,197,75660,3919,170421,491100
1092,179,193,75481,3905,170614,518400
1093,165,182,75316,3888,170796,499300
1094,196,209,75120,3875,171005,499500
1095,193,188,74927,3880,171193,494300
1096,182,192,74745,3870,171385,490900
1097,178,206,74567,3842,171591,488300
1098,182,169,74385,3855,171760,489900
1099,186,221,74199,3820,171981,485700
1100,197,179,74002,3838,172160,481600
1101,160,197,73842,3801,172357,479900
1102,197,197,73645,3801,172554,497100
1103,182,200,73463,3783,172754,495900
1104,177,182,73286,3778,172936,488700
1105,181,187,73105,3772,173123,485500
1106,179,180,72926,3771,173303,484900
1107,154,197,72772,3728,173500,488900
1108,194,203,72578,3719,173703,486500
1109,180,178,72398,3721,173881,485800
1110,158,179,72240,3700,174060,506100
1111,167,189,72073,3678,174249,626400
1112,184,186,71889,3676,174435,502500
1113,179,207,71710,3648,174642,506400
1114,189,213,71521,3624,174855,493000
1115,176,181,71345,3619,175036,480800
1116,184,203,71161,3600,175239,497600
1117,185,186,70976,3599,175425,485700
1118,169,173,70807,3595,175598,492000
1119,178,169,70629,3604,175767,484300
1120,181,173,70448,3612,175940,485300
1121,181,190,70267,3603,176130,490800
1122,201,174,70066,3630,176304,493100
1123,193,184,69873,3639,176488,492800
1124,215,184,69658,3670,176672,478400
1125,182,181,69476,3671,176853,490500
1126,194,175,69282,3690,177028,486600
1127,192,200,69090,3682,177228,489500
1128,189,195,68901,3676,177423,517000
1129,207,203,68694,3680,177626,485000
1130,199,175,68495,3704,177801,487500
1131,204,218,68291,3690,178019,506400
1132,189,194,68102,3685,178213,476900
1133,198,187,67904,3696,178400,501600
1134,199,169,67705,3726,178569,494800
1135,175,159,67530,3742,178728,507200
1136,199,188,67331,3753,178916,490700
1137,192,188,67139,3757,179104,495800
1138,199,187,66940,3769,179291,561900
1139,202,181,66738,3790,179472,493400
1140,207,202,66531,3795,179674,490400
1141,198,181,66333,3812,179855,596400
1142,203,193,66130,3822,180048,480600
1143,197,189,65933,3830,180237,485300
1144,214,182,65719,3862,180419,498500
1145,227,194,65492,3895,180613,537900
1146,188,189,65304,3894,180802,484700
1147,176,175,65128,3895,180977,501100
1148,210,180,64918,3925,181157,493900
1149,201,202,64717,3924,181359,486300
1150,182,194,64535,3912,181553,496800
1151,189,171,64346,3930,181724,508100
1152,209,214,64137,3925,181938,507400
1153,207,184,63930,3948,182122,497000
1154,192,213,63738,3927,182335,501800
1155,166,201,63572,3892,182536,502000
1156,184,183,63388,3893,182719,494200
1157,179,175,63209,3897,182894,498200
1158,193,213,63016,3877,183107,558400
1159,189,197,62827,3869,183304,487900
1160,180,219,62647,3830,183523,477200
1161,196,218,62451,3808,183741,483300
1162,169,196,62282,3781,183937,487200
1163,174,186,62108,3769,184123,499200
1164,177,164,61931,3782,184287,496300
1165,186,179,61745,3789,184466,502800
1166,142,187,61603,3744,184653,513100
1167,201,193,61402,3752,184846,482200
1168,166,187,61236,3731,185033,491500
1169,171,207,61065,3695,185240,484000
1170,178,219,60887,3654,185459,504000
1171,170,209,60717,3615,185668,659500
1172,179,191,60538,3603,185859,483300
1173,168,160,60370,3611,186019,498400
1174,180,197,60190,3594,186216,493500
1175,191,169,59999,3616,186385,508300
1176,183,196,59816,3603,186581,507400
1177,178,198,59638,3583,186779,475000
1178,178,170,59460,3591,186949,486600
1179,177,188,59283,3580,187137,491000
1180,154,166,59129,3568,187303,490700
1181,165,179,58964,3554,187482,496500
1182,175,198,58789,3531,187680,606700
1183,166,186,58623,3511,187866,496700
1184,182,155,58441,3538,188021,493300
1185,160,182,58281,3516,188203,482900
1186,172,178,58109,3510,188381,489500
1187,152,170,57957,3492,188551,485000
1188,174,185,57783,3481,188736,483200
1189,154,170,57629,3465,188906,479900
1190,159,181,57470,3443,189087,486400
1191,164,182,57306,3425,189269,486600
1192,154,182,57152,3397,189451,489200
1193,174,172,56978,3399,189623,536800
1194,148,191,56830,3356,189814,484200
1195,156,172,56674,3340,189986,496100
1196,157,150,56517,3347,190136,484700
1197,141,153,56376,3335,190289,485100
1198,150,165,56226,3320,190454,476100
1199,176,183,56050,3313,190637,502600
1200,182,171,55868,3324,190808,518800
1201,160,139,55708,3345,190947,472400
1202,178,165,55530,3358,191112,521400
1203,180,154,55350,3384,191266,492600
1204,178,164,55172,3398,191430,638100
1205,148,165,55024,3381,191595,481800
1206,151,168,54873,3364,191763,493100
1207,146,157,54727,3353,191920,486800
1208,178,163,54549,3368,192083,488800
1209,187,146,54362,3409,192229,499500
1210,164,168,54198,3405,192397,518000
1211,159,185,54039,3379,192582,491100
1212,155,152,53884,3382,192734,488300
1213,156,159,53728,3379,192893,486000
1214,146,180,53582,3345,193073,496600
1215,149,180,53433,3314,193253,540500
1216,143,159,53290,3298,193412,481300
1217,173,164,53117,3307,193576,490500
1218,144,177,52973,3274,193753,482400
1219,149,168,52824,3255,193921,492800
1220,156,164,52668,3247,194085,500800
1221,174,154,52494,3267,194239,477600
1222,156,154,52338,3269,194393,476600
1223,179,185,52159,3263,194578,501600
1224,162,188,51997,3237,194766,491400
1225,173,152,51824,3258,194918,480700
1226,174,185,51650,3247,195103,491100
1227,163,167,51487,3243,195270,489900
1228,187,162,51300,3268,195432,488200
1229,169,163,51131,3274,195595,505300
1230,176,147,50955,3303,195742,490300
1231,168,171,50787,3300,195913,486700
1232,173,165,50614,3308,196078,497800
1233,179,151,50435,3336,196229,505100
1234,146,162,50289,3320,196391,475500
1235,168,142,50121,3346,196533,504100
1236,167,162,49954,3351,196695,484600
1237,172,159,49782,3364,196854,486600
1238,146,149,49636,3361,197003,475900
1239,154,163,49482,3352,197166,482800
1240,160,161,49322,3351,197327,497600
1241,157,172,49165,3336,197499,495700
1242,156,140,49009,3352,197639,483500
1243,141,168,48868,3325,197807,469000
1244,133,175,48735,3283,197982,483800
1245,153,155,48582,3281,198137,497500
1246,134,156,48448,3259,198293,486100
1247,143,179,48305,3223,198472,485500
1248,160,183,48145,3200,198655,484900
1249,154,167,47991,3187,198822,493100
1250,153,158,47838,3182,198980,495000
1251,126,161,47712,3147,199141,492700
1252,142,163,47570,3126,199304,481400
1253,121,193,47449,3054,199497,484300
1254,142,169,47307,3027,199666,472700
1255,108,154,47199,2981,199820,477400
1256,145,132,47054,2994,199952,481600
1257,133,154,46921,2973,200106,479200
1258,139,152,46782,2960,200258,481900
1259,130,146,46652,2944,200404,481900
1260,147,148,46505,2943,200552,458000
1261,127,135,46378,2935,200687,484200
1262,139,129,46239,2945,200816,469500
1263,130,118,46109,2957,200934,453200
1264,113,158,45996,2912,201092,458600
1265,133,141,45863,2904,201233,475500
1266,130,118,45733,2916,201351,469600
1267,131,149,45602,2898,201500,470300
1268,124,137,45478,2885,201637,490100
1269,142,140,45336,2887,201777,470000
1270,127,176,45209,2838,201953,479800
1271,143,145,45066,2836,202098,493300
1272,133,158,44933,2811,202256,488700
1273,135,128,44798,2818,202384,486000
1274,142,129,44656,2831,202513,478400
1275,119,133,44537,2817,202646,485400
1276,146,151,44391,2812,202797,477400
1277,137,127,44254,2822,202924,473500
1278,122,146,44132,2798,203070,470400
1279,139,132,43993,2805,203202,469800
1280,130,136,43863,2799,203338,473500
1281,128,142,43735,2785,203480,473800
1282,128,136,43607,2777,203616,469100
1283,131,143,43476,2765,203759,477700
1284,153,146,43323,2772,203905,482600
1285,156,126,43167,2802,204031,490000
1286,132,151,43035,2783,204182,464700
1287,141,151,42894,2773,204333,454500
1288,136,133,42758,2776,204466,451600
1289,130,143,42628,2763,204609,456300
1290,119,129,42509,2753,204738,459900
1291,115,135,42394,2733,204873,476700
1292,107,138,42287,2702,205011,486000
1293,123,130,42164,2695,205141,510400
1294,136,128,42028,2703,205269,517200
1295,134,123,41894,2714,205392,526100
1296,155,164,41739,2705,205556,518000
1297,146,136,41593,2715,205692,482700
1298,124,106,41469,2733,205798,559900
1299,141,135,41328,2739,205933,476700
1300,123,126,41205,2736,206059,464000
1301,126,146,41079,2716,206205,472000
1302,134,127,40945,2723,206332,474700
1303,119,140,40826,2702,206472,468800
1304,163,174,40663,2691,206646,478700
1305,131,129,40532,2693,206775,547700
1306,133,147,40399,2679,206922,638700
1307,147,117,40252,2709,207039,476100
1308,155,151,40097,2713,207190,468800
1309,146,143,39951,2716,207333,473200
1310,131,140,39820,2707,207473,472100
1311,139,159,39681,2687,207632,478200
1312,141,129,39540,2699,207761,487300
1313,144,145,39396,2698,207906,476800
1314,129,131,39267,2696,208037,473300
1315,144,146,39123,2694,208183,473700
1316,135,144,38988,2685,208327,470300
1317,157,133,38831,2709,208460,470200
1318,146,139,38685,2716,208599,471200
1319,146,104,38539,2758,208703,472400
1320,117,121,38422,2754,208824,466300
1321,133,119,38289,2768,208943,463600
1322,133,136,38156,2765,209079,472300
1323,138,133,38018,2770,209212,470700
1324,124,129,37894,2765,209341,467100
1325,157,137,37737,2785,209478,459300
1326,133,135,37604,2783,209613,469800
1327,135,148,37469,2770,209761,487400
1328,160,130,37309,2800,209891,465600
1329,153,142,37156,2811,210033,480600
1330,135,133,37021,2813,210166,481400
1331,156,142,36865,2827,210308,483000
1332,129,142,36736,2814,210450,453200
1333,142,141,36594,2815,210591,501100
1334,121,169,36473,2767,210760,470600
1335,151,142,36322,2776,210902,460600
1336,128,130,36194,2774,211032,474000
1337,143,126,36051,2791,211158,466300
1338,150,136,35901,2805,211294,469400
1339,139,132,35762,2812,211426,467600
1340,119,154,35643,2777,211580,469500
1341,134,130,35509,2781,211710,504000
1342,145,137,35364,2789,211847,470000
1343,145,145,35219,2789,211992,468200
1344,125,150,35094,2764,212142,469200
1345,128,124,34966,2768,212266,467500
1346,137,146,34829,2759,212412,467800
1347,124,150,34705,2733,212562,467900
1348,122,116,34583,2739,212678,466000
1349,105,125,34478,2719,212803,464500
1350,114,161,34364,2672,212964,459100
1351,122,126,34242,2668,213090,456400
1352,130,131,34112,2667,213221,464100
1353,120,131,33992,2656,213352,480600
1354,136,122,33856,2670,213474,484900
1355,120,128,33736,2662,213602,468400
1356,127,122,33609,2667,213724,470200
1357,135,125,33474,2677,213849,470800
1358,133,144,33341,2666,213993,471800
1359,117,139,33224,2644,214132,468900
1360,112,138,33112,2618,214270,487500
1361,117,137,32995,2598,214407,466800
1362,102,145,32893,2555,214552,466900
1363,118,123,32775,2550,214675,468200
1364,103,125,32672,2528,214800,469300
1365,109,134,32563,2503,214934,463700
1366,127,118,32436,2512,215052,469900
1367,105,121,32331,2496,215173,477900
1368,113,134,32218,2475,215307,468800
1369,117,127,32101,2465,215434,471300
1370,120,148,31981,2437,215582,468400
1371,102,137,31879,2402,215719,466700
1372,107,125,31772,2384,215844,462300
1373,102,118,31670,2368,215962,462000
1374,121,115,31549,2374,216077,463600
1375,98,138,31451,2334,216215,484900
1376,117,119,31334,2332,216334,458900
1377,103,115,31231,2320,216449,464700
1378,104,105,31127,2319,216554,462400
1379,116,117,31011,2318,216671,464300
1380,110,117,30901,2311,216788,462700
1381,108,98,30793,2321,216886,461400
1382,114,126,30679,2309,217012,469500
1383,117,107,30562,2319,217119,463300
1384,106,120,30456,2305,217239,463900
1385,110,118,30346,2297,217357,463000
1386,113,123,30233,2287,217480,463600
1387,102,109,30131,2280,217589,461200
1388,120,111,30011,2289,217700,460200
1389,118,98,29893,2309,217798,461400
1390,105,129,29788,2285,217927,462700
1391,105,117,29683,2273,218044,461100
1392,116,106,29567,2283,218150,477100
1393,102,131,29465,2254,218281,470400
1394,90,110,29375,2234,218391,465200
1395,107,105,29268,2236,218496,468200
1396,107,86,29161,2257,218582,464600
1397,86,125,29075,2218,218707,469800
1398,102,110,28973,2210,218817,473200
1399,116,96,28857,2230,218913,466100
1400,117,112,28740,2235,219025,468200
1401,122,121,28618,2236,219146,461500
1402,105,121,28513,2220,219267,460200
1403,109,102,28404,2227,219369,590400
1404,98,107,28306,2218,219476,467800
1405,93,118,28213,2193,219594,466500
1406,99,118,28114,2174,219712,464000
1407,116,107,27998,2183,219819,461400
1408,95,113,27903,2165,219932,457200
1409,101,99,27802,2167,220031,459800
1410,102,105,27700,2164,220136,482200
1411,102,99,27598,2167,220235,462000
1412,100,117,27498,2150,220352,469500
1413,88,100,27410,2138,220452,459300
1414,88,100,27322,2126,220552,459700
1415,93,108,27229,2111,220660,462500
1416,79,103,27150,2087,220763,471000
1417,98,114,27052,2071,220877,464200
1418,83,125,26969,2029,221002,463100
1419,102,108,26867,2023,221110,461200
1420,105,93,26762,2035,221203,459000
1421,87,116,26675,2006,221319,463300
1422,92,83,26583,2015,221402,458300
1423,92,92,26491,2015,221494,457300
1424,111,111,26380,2015,221605,461600
1425,98,92,26282,2021,221697,499700
1426,82,89,26200,2014,221786,460200
1427,94,93,26106,2015,221879,481300
1428,86,108,26020,1993,221987,458800
1429,105,110,25915,1988,222097,459700
1430,98,115,25817,1971,222212,451700
1431,91,88,25726,1974,222300,458500
1432,95,110,25631,1959,222410,457200
1433,89,96,25542,1952,222506,448700
1434,91,94,25451,1949,222600,461100
1435,88,81,25363,1956,222681,456600
1436,90,107,25273,1939,222788,458600
1437,95,98,25178,1936,222886,456600
1438,82,97,25096,1921,222983,461800
1439,85,106,25011,1900,223089,445000
1440,74,100,24937,1874,223189,462900
1441,92,90,24845,1876,223279,473400
1442,90,86,24755,1880,223365,457200
1443,89,88,24666,1881,223453,459100
1444,97,105,24569,1873,223558,447300
1445,96,88,24473,1881,223646,447000
1446,78,75,24395,1884,223721,460500
1447,105,86,24290,1903,223807,461900
1448,77,100,24213,1880,223907,461100
1449,91,80,24122,1891,223987,450100
1450,84,104,24038,1871,224091,456600
1451,89,91,23949,1869,224182,456900
1452,79,91,23870,1857,224273,483900
1453,81,99,23789,1839,224372,461200
1454,93,104,23696,1828,224476,449900
1455,90,86,23606,1832,224562,443400
1456,78,116,23528,1794,224678,447800
1457,88,89,23440,1793,224767,464500
1458,83,106,23357,1770,224873,460000
1459,90,85,23267,1775,224958,454700
1460,89,84,23178,1780,225042,462700
1461,82,90,23096,1772,225132,494600
1462,87,92,23009,1767,225224,459800
1463,93,74,22916,1786,225298,453000
1464,92,77,22824,1801,225375,462300
1465,100,78,22724,1823,225453,458200
1466,74,89,22650,1808,225542,461500
1467,79,100,22571,1787,225642,457800
1468,93,93,22478,1787,225735,452800
1469,79,82,22399,1784,225817,462100
1470,79,84,22320,1779,225901,454200
1471,65,108,22255,1736,226009,455300
1472,72,88,22183,1720,226097,461000
1473,71,101,22112,1690,226198,456700
1474,62,79,22050,1673,226277,446500
1475,75,78,21975,1670,226355,461100
1476,73,82,21902,1661,226437,448200
1477,76,100,21826,1637,226537,444900
1478,85,85,21741,1637,226622,450900
1479,82,87,21659,1632,226709,462700
1480,61,84,21598,1609,226793,453900
1481,63,76,21535,1596,226869,452600
1482,70,80,21465,1586,226949,464000
1483,61,76,21404,1571,227025,454700
1484,57,79,21347,1549,227104,459500
1485,60,84,21287,1525,227188,453800
1486,67,85,21220,1507,227273,460400
1487,82,77,21138,1512,227350,459600
1488,86,78,21052,1520,227428,453200
1489,69,74,20983,1515,227502,472900
1490,60,62,20923,1513,227564,453400
1491,73,73,20850,1513,227637,463400
1492,66,77,20784,1502,227714,526300
1493,84,73,20700,1513,227787,488100
1494,77,90,20623,1500,227877,486700
1495,75,68,20548,1507,227945,457000
1496,65,84,20483,1488,228029,455400
1497,79,83,20404,1484,228112,457500
1498,77,64,20327,1497,228176,444200
1499,86,73,20241,1510,228249,456300
1500,85,73,20156,1522,228322,457500
1501,81,78,20075,1525,228400,456900
1502,74,93,20001,1506,228493,452700
1503,77,65,19924,1518,228558,450800
1504,82,71,19842,1529,228629,546900
1505,74,75,19768,1528,228704,485200
1506,85,62,19683,1551,228766,458400
1507,77,74,19606,1554,228840,450100
1508,80,72,19526,1562,228912,455400
1509,82,77,19444,1567,228989,455300
1510,81,88,19363,1560,229077,451300
1511,84,77,19279,1567,229154,455300
1512,73,79,19206,1561,229233,455400
1513,76,82,19130,1555,229315,461200
1514,74,88,19056,1541,229403,457500
1515,75,75,18981,1541,229478,450000
1516,75,80,18906,1536,229558,456500
1517,76,75,18830,1537,229633,460800
1518,80,76,18750,1541,229709,456400
1519,81,78,18669,1544,229787,456700
1520,76,84,18593,1536,229871,456700
1521,69,65,18524,1540,229936,449300
1522,64,65,18460,1539,230001,450200
1523,96,84,18364,1551,230085,463100
1524,88,88,18276,1551,230173,456500
1525,90,59,18186,1582,230232,482500
1526,85,75,18101,1592,230307,512100
1527,73,77,18028,1588,230384,471400
1528,73,69,17955,1592,230453,462000
1529,82,80,17873,1594,230533,459700
1530,71,94,17802,1571,230627,448100
1531,70,84,17732,1557,230711,458600
1532,87,81,17645,1563,230792,461000
1533,80,80,17565,1563,230872,460100
1534,78,84,17487,1557,230956,455800
1535,70,88,17417,1539,231044,458800
1536,71,76,17346,1534,231120,452300
1537,91,84,17255,1541,231204,459200
1538,86,75,17169,1552,231279,454900
1539,83,87,17086,1548,231366,468200
1540,84,82,17002,1550,231448,480000
1541,71,79,16931,1542,231527,458800
1542,63,83,16868,1522,231610,453900
1543,58,88,16810,1492,231698,459300
1544,65,78,16745,1479,231776,458100
1545,80,61,16665,1498,231837,494600
1546,94,71,16571,1521,231908,488000
1547,71,82,16500,1510,231990,573700
1548,64,87,16436,1487,232077,473500
1549,76,64,16360,1499,232141,454200
1550,52,74,16308,1477,232215,464700
1551,67,73,16241,1471,232288,456300
1552,56,79,16185,1448,232367,455400
1553,65,60,16120,1453,232427,463900
1554,73,74,16047,1452,232501,455500
1555,76,63,15971,1465,232564,454200
1556,74,74,15897,1465,232638,454600
1557,61,77,15836,1449,232715,465000
1558,62,71,15774,1440,232786,454600
1559,59,63,15715,1436,232849,458200
1560,63,67,15652,1432,232916,452400
1561,53,78,15599,1407,232994,453300
1562,60,67,15539,1400,233061,464800
1563,68,74,15471,1394,233135,454100
1564,75,67,15396,1402,233202,451700
1565,65,69,15331,1398,233271,452000
1566,64,62,15267,1400,233333,451800
1567,73,58,15194,1415,233391,564500
1568,69,77,15125,1407,233468,457800
1569,69,77,15056,1399,233545,474600
1570,71,80,14985,1390,233625,457600
1571,71,88,14914,1373,233713,464400
1572,56,85,14858,1344,233798,455600
1573,67,65,14791,1346,233863,453100
1574,67,73,14724,1340,233936,452400
1575,69,75,14655,1334,234011,454600
1576,66,72,14589,1328,234083,454000
1577,68,73,14521,1323,234156,451000
1578,66,55,14455,1334,234211,450900
1579,67,77,14388,1324,234288,452600
1580,85,81,14303,1328,234369,454300
1581,62,60,14241,1330,234429,454100
1582,69,65,14172,1334,234494,459500
1583,62,69,14110,1327,234563,458800
1584,53,65,14057,1315,234628,447400
1585,56,60,14001,1311,234688,451000
1586,63,56,13938,1318,234744,461600
1587,65,71,13873,1312,234815,453400
1588,50,55,13823,1307,234870,452000
1589,60,70,13763,1297,234940,451000
1590,53,73,13710,1277,235013,446000
1591,61,63,13649,1275,235076,535300
1592,62,69,13587,1268,235145,461100
1593,54,68,13533,1254,235213,446800
1594,58,71,13475,1241,235284,449900
1595,52,59,13423,1234,235343,457500
1596,43,62,13380,1215,235405,448800
1597,56,55,13324,1216,235460,449100
1598,58,53,13266,1221,235513,450300
1599,42,79,13224,1184,235592,449600
1600,55,60,13169,1179,235652,450800
1601,61,57,13108,1183,235709,451300
1602,61,43,13047,1201,235752,449500
1603,58,71,12989,1188,235823,448100
1604,61,56,12928,1193,235879,444900
1605,44,63,12884,1174,235942,449200
1606,57,58,12827,1173,236000,458400
1607,56,54,12771,1175,236054,448400
1608,63,54,12708,1184,236108,449700
1609,60,56,12648,1188,236164,449300
1610,53,56,12595,1185,236220,459700
1611,53,72,12542,1166,236292,451000
1612,41,50,12501,1157,236342,438800
1613,46,55,12455,1148,236397,447000
1614,50,69,12405,1129,236466,448500
1615,60,63,12345,1126,236529,448200
1616,51,59,12294,1118,236588,449200
1617,42,55,12252,1105,236643,447500
1618,45,51,12207,1099,236694,448600
1619,54,48,12153,1105,236742,465200
1620,55,56,12098,1104,236798,456000
1621,42,47,12056,1099,236845,449200
1622,59,58,11997,1100,236903,449800
1623,54,47,11943,1107,236950,446100
1624,55,58,11888,1104,237008,449900
1625,56,59,11832,1101,237067,467600
1626,59,67,11773,1093,237134,453400
1627,45,55,11728,1083,237189,448600
1628,43,45,11685,1081,237234,452500
1629,59,53,11626,1087,237287,447300
1630,56,66,11570,1077,237353,448600
1631,53,51,11517,1079,237404,453500
1632,41,51,11476,1069,237455,447900
1633,60,58,11416,1071,237513,446600
1634,57,48,11359,1080,237561,451700
1635,53,29,11306,1104,237590,456700
1636,50,51,11256,1103,237641,453400
1637,52,59,11204,1096,237700,449800
1638,44,57,11160,1083,237757,450500
1639,47,44,11113,1086,237801,447600
1640,43,44,11070,1085,237845,446500
1641,53,52,11017,1086,237897,450200
1642,48,55,10969,1079,237952,453700
1643,55,54,10914,1080,238006,449900
1644,59,52,10855,1087,238058,450100
1645,63,44,10792,1106,238102,446800
1646,57,53,10735,1110,238155,531400
1647,50,51,10685,1109,238206,447700
1648,43,53,10642,1099,238259,454100
1649,42,60,10600,1081,238319,456800
1650,53,54,10547,1080,238373,448100
1651,48,70,10499,1058,238443,448100
1652,50,43,10449,1065,238486,445000
1653,46,58,10403,1053,238544,463400
1654,50,44,10353,1059,238588,446100
1655,43,46,10310,1056,238634,447500
1656,46,46,10264,1056,238680,452500
1657,57,53,10207,1060,238733,450900
1658,57,55,10150,1062,238788,448400
1659,49,44,10101,1067,238832,444100
1660,39,38,10062,1068,238870,450600
1661,50,71,10012,1047,238941,446900
1662,42,61,9970,1028,239002,444600
1663,55,58,9915,1025,239060,449500
1664,53,50,9862,1028,239110,455700
1665,49,66,9813,1011,239176,444900
1666,39,41,9774,1009,239217,453500
1667,47,57,9727,999,239274,451300
1668,36,50,9691,985,239324,442800
1669,49,57,9642,977,239381,443900
1670,40,51,9602,966,239432,443600
1671,52,53,9550,965,239485,444100
1672,43,45,9507,963,239530,442900
1673,57,53,9450,967,239583,443300
1674,40,47,9410,960,239630,441100
1675,39,49,9371,950,239679,443200
1676,45,44,9326,951,239723,448000
1677,42,44,9284,949,239767,441300
1678,49,43,9235,955,239810,442000
1679,44,45,9191,954,239855,450000
1680,44,31,9147,967,239886,450900
1681,36,43,9111,960,239929,441100
1682,45,48,9066,957,239977,443000
1683,49,53,9017,953,240030,441100
1684,42,58,8975,937,240088,442300
1685,42,36,8933,943,240124,453400
1686,45,52,8888,936,240176,444500
1687,37,45,8851,928,240221,450700
1688,43,40,8808,931,240261,447100
1689,38,36,8770,933,240297,443600
1690,46,41,8724,938,240338,439800
1691,33,42,8691,929,240380,439500
1692,37,53,8654,913,240433,441000
1693,40,53,8614,900,240486,471900
1694,39,37,8575,902,240523,534000
1695,42,44,8533,900,240567,559800
1696,31,50,8502,881,240617,447300
1697,35,33,8467,883,240650,447400
1698,41,34,8426,890,240684,461300
1699,37,40,8389,887,240724,439900
1700,37,41,8352,883,240765,449000
1701,43,36,8309,890,240801,604300
1702,28,49,8281,869,240850,442600
1703,35,52,8246,852,240902,441800
1704,30,45,8216,837,240947,439600
1705,42,35,8174,844,240982,448500
1706,37,41,8137,840,241023,452700
1707,38,38,8099,840,241061,446900
1708,36,41,8063,835,241102,446900
1709,36,42,8027,829,241144,448400
1710,33,56,7994,806,241200,439800
1711,41,43,7953,804,241243,440800
1712,38,37,7915,805,241280,440000
1713,32,36,7883,801,241316,447200
1714,35,38,7848,798,241354,450900
1715,35,37,7813,796,241391,440700
1716,25,47,7788,774,241438,439600
1717,38,39,7750,773,241477,450000
1718,48,40,7702,781,241517,446800
1719,30,27,7672,784,241544,445200
1720,28,39,7644,773,241583,538300
1721,51,35,7593,789,241618,449600
1722,35,38,7558,786,241656,470800
1723,21,35,7537,772,241691,442600
1724,29,35,7508,766,241726,467700
1725,35,35,7473,766,241761,442000
1726,27,37,7446,756,241798,446200
1727,51,48,7395,759,241846,447500
1728,40,39,7355,760,241885,454400
1729,42,37,7313,765,241922,446300
1730,42,36,7271,771,241958,452900
1731,38,33,7233,776,241991,448400
1732,38,34,7195,780,242025,445600
1733,43,41,7152,782,242066,442100
1734,38,62,7114,758,242128,446500
1735,47,42,7067,763,242170,450400
1736,39,44,7028,758,242214,452000
1737,43,36,6985,765,242250,454300
1738,24,46,6961,743,242296,444200
1739,36,32,6925,747,242328,449700
1740,40,32,6885,755,242360,447900
1741,42,47,6843,750,242407,454600
1742,35,27,6808,758,242434,455000
1743,32,39,6776,751,242473,448400
1744,33,44,6743,740,242517,457500
1745,33,49,6710,724,242566,450200
1746,36,30,6674,730,242596,448100
1747,37,44,6637,723,242640,445800
1748,31,42,6606,712,242682,445500
1749,35,35,6571,712,242717,443300
1750,22,32,6549,702,242749,456100
1751,23,35,6526,690,242784,443800
1752,25,34,6501,681,242818,449800
1753,18,31,6483,668,242849,441200
1754,12,25,6471,655,242874,445500
1755,27,36,6444,646,242910,448200
1756,21,36,6423,631,242946,447500
1757,21,27,6402,625,242973,446400
1758,25,31,6377,619,243004,446800
1759,22,27,6355,614,243031,440300
1760,25,30,6330,609,243061,446200
1761,24,36,6306,597,243097,451300
1762,21,33,6285,585,243130,443400
1763,17,32,6268,570,243162,445300
1764,24,24,6244,570,243186,444900
1765,25,37,6219,558,243223,449700
1766,22,18,6197,562,243241,437200
1767,15,29,6182,548,243270,448100
1768,13,36,6169,525,243306,442400
1769,14,29,6155,510,243335,438000
1770,12,25,6143,497,243360,438100
1771,19,35,6124,481,243395,438200
1772,21,29,6103,473,243424,448100
1773,10,22,6093,461,243446,442300
1774,19,17,6074,463,243463,442300
1775,18,23,6056,458,243486,438600
1776,17,23,6039,452,243509,447200
1777,17,27,6022,442,243536,443400
1778,24,27,5998,439,243563,444700
1779,17,28,5981,428,243591,444100
1780,22,27,5959,423,243618,445500
1781,20,17,5939,426,243635,443800
1782,13,19,5926,420,243654,445000
1783,31,19,5895,432,243673,480700
1784,21,20,5874,433,243693,440900
1785,20,21,5854,432,243714,462600
1786,18,17,5836,433,243731,568600
1787,19,29,5817,423,243760,446400
1788,22,21,5795,424,243781,446100
1789,22,23,5773,423,243804,445600
1790,19,31,5754,411,243835,443900
1791,13,16,5741,408,243851,437600
1792,14,23,5727,399,243874,443800
1793,20,17,5707,402,243891,438400
1794,21,20,5686,403,243911,442900
1795,21,24,5665,400,243935,437700
1796,14,14,5651,400,243949,442000
1797,22,18,5629,404,243967,546300
1798,20,27,5609,397,243994,446600
1799,23,23,5586,397,244017,447800
1800,15,21,5571,391,244038,441900
1801,21,12,5550,400,244050,442300
1802,28,19,5522,409,244069,437100
1803,18,20,5504,407,244089,441300
1804,28,21,5476,414,244110,434300
1805,18,22,5458,410,244132,435600
1806,13,22,5445,401,244154,465000
1807,13,24,5432,390,244178,436500
1808,18,27,5414,381,244205,438600
1809,25,13,5389,393,244218,441200
1810,25,22,5364,396,244240,500800
1811,23,22,5341,397,244262,444000
1812,27,21,5314,403,244283,449900
1813,22,22,5292,403,244305,432400
1814,17,20,5275,400,244325,436500
1815,17,26,5258,391,244351,467500
1816,17,16,5241,392,244367,448400
1817,18,19,5223,391,244386,442500
1818,20,17,5203,394,244403,438900
1819,19,15,5184,398,244418,438200
1820,18,16,5166,400,244434,443200
1821,13,16,5153,397,244450,444000
1822,15,17,5138,395,244467,465800
1823,16,20,5122,391,244487,439100
1824,14,20,5108,385,244507,449800
1825,10,14,5098,381,244521,440900
1826,24,20,5074,385,244541,443600
1827,15,23,5059,377,244564,442600
1828,15,20,5044,372,244584,465600
1829,7,18,5037,361,244602,443600
1830,17,23,5020,355,244625,462900
1831,15,17,5005,353,244642,445700
1832,18,21,4987,350,244663,442500
1833,14,18,4973,346,244681,442800
1834,16,6,4957,356,244687,466800
1835,11,17,4946,350,244704,447300
1836,11,18,4935,343,244722,443200
1837,15,18,4920,340,244740,438700
1838,21,16,4899,345,244756,439900
1839,16,16,4883,345,244772,441400
1840,10,14,4873,341,244786,435600
1841,17,14,4856,344,244800,441400
1842,23,24,4833,343,244824,453100
1843,8,18,4825,333,244842,467500
1844,13,15,4812,331,244857,467500
1845,16,11,4796,336,244868,438800
1846,19,21,4777,334,244889,441900
1847,10,25,4767,319,244914,444700
1848,16,14,4751,321,244928,445700
1849,18,22,4733,317,244950,445200
1850,19,9,4714,327,244959,441100
1851,14,15,4700,326,244974,443900
1852,23,14,4677,335,244988,475700
1853,19,17,4658,337,245005,437400
1854,18,20,4640,335,245025,436300
1855,22,19,4618,338,245044,469000
1856,19,18,4599,339,245062,445100
1857,14,14,4585,339,245076,438100
1858,18,14,4567,343,245090,440000
1859,18,16,4549,345,245106,441300
1860,19,19,4530,345,245125,438500
1861,9,12,4521,342,245137,460900
1862,12,17,4509,337,245154,442200
1863,21,16,4488,342,245170,455800
1864,11,21,4477,332,245191,439100
1865,12,17,4465,327,245208,438600
1866,14,13,4451,328,245221,436800
1867,19,12,4432,335,245233,440800
1868,11,14,4421,332,245247,445000
1869,9,24,4412,317,245271,439500
1870,9,15,4403,311,245286,435100
1871,6,17,4397,300,245303,442500
1872,6,13,4391,293,245316,436900
1873,11,8,4380,296,245324,438900
1874,21,10,4359,307,245334,440200
1875,15,17,4344,305,245351,434000
1876,16,10,4328,311,245361,441900
1877,10,15,4318,306,245376,444500
1878,13,12,4305,307,245388,439700
1879,11,18,4294,300,245406,438300
1880,12,19,4282,293,245425,437900
1881,10,17,4272,286,245442,440300
1882,17,14,4255,289,245456,439700
1883,13,19,4242,283,245475,447400
1884,8,9,4234,282,245484,533800
1885,10,14,4224,278,245498,437000
1886,6,9,4218,275,245507,442000
1887,12,12,4206,275,245519,443900
1888,12,13,4194,274,245532,442500
1889,7,11,4187,270,245543,441300
1890,9,6,4178,273,245549,438600
1891,15,8,4163,280,245557,440100
1892,13,17,4150,276,245574,438800
1893,8,16,4142,268,245590,432300
1894,5,11,4137,262,245601,439300
1895,4,15,4133,251,245616,442900
1896,8,14,4125,245,245630,439200
1897,9,15,4116,239,245645,449100
1898,8,14,4108,233,245659,431800
1899,11,7,4097,237,245666,437700
1900,7,11,4090,233,245677,434100
1901,10,14,4080,229,245691,448200
1902,5,6,4075,228,245697,442500
1903,7,10,4068,225,245707,439100
1904,10,14,4058,221,245721,433200
1905,8,10,4050,219,245731,441100
1906,12,14,4038,217,245745,439700
1907,7,13,4031,211,245758,432900
1908,7,8,4024,210,245766,457100
1909,8,10,4016,208,245776,454200
1910,5,10,4011,203,245786,435900
1911,10,8,4001,205,245794,440200
1912,7,8,3994,204,245802,437800
1913,7,9,3987,202,245811,429400
1914,6,14,3981,194,245825,433700
1915,10,7,3971,197,245832,435300
1916,4,11,3967,190,245843,434500
1917,4,7,3963,187,245850,440800
1918,7,8,3956,186,245858,445600
1919,4,13,3952,177,245871,438700
1920,6,12,3946,171,245883,435700
1921,1,16,3945,156,245899,462500
1922,6,6,3939,156,245905,459200
1923,3,9,3936,150,245914,439200
1924,12,6,3924,156,245920,435800
1925,7,5,3917,158,245925,441900
1926,7,7,3910,158,245932,439300
1927,12,8,3898,162,245940,439600
1928,3,6,3895,159,245946,438100
1929,4,10,3891,153,245956,435400
1930,4,6,3887,151,245962,438000
1931,10,10,3877,151,245972,443200
1932,4,9,3873,146,245981,459000
1933,7,7,3866,146,245988,437500
1934,9,11,3857,144,245999,441000
1935,7,8,3850,143,246007,439400
1936,4,10,3846,137,246017,438800
1937,5,15,3841,127,246032,435000
1938,4,4,3837,127,246036,437100
1939,5,7,3832,125,246043,439400
1940,4,6,3828,123,246049,441200
1941,4,7,3824,120,246056,434400
1942,6,7,3818,119,246063,444800
1943,3,4,3815,118,246067,438100
1944,4,6,3811,116,246073,433800
1945,2,3,3809,115,246076,455600
1946,5,9,3804,111,246085,439800
1947,4,7,3800,108,246092,434400
1948,5,10,3795,103,246102,434000
1949,4,5,3791,102,246107,472800
1950,2,10,3789,94,246117,442100
1951,0,3,3789,91,246120,441100
1952,2,3,3787,90,246123,443600
1953,0,7,3787,83,246130,435200
1954,1,8,3786,76,246138,438500
1955,1,3,3785,74,246141,440700
1956,3,3,3782,74,246144,433100
1957,0,5,3782,69,246149,438800
1958,1,8,3781,62,246157,441000
1959,3,4,3778,61,246161,437800
1960,1,3,3777,59,246164,438700
1961,1,4,3776,56,246168,438400
1962,2,5,3774,53,246173,433600
1963,3,4,3771,52,246177,438500
1964,2,1,3769,53,246178,454000
1965,3,5,3766,51,246183,448100
1966,1,3,3765,49,246186,438700
1967,4,3,3761,50,246189,451900
1968,2,1,3759,51,246190,465200
1969,1,3,3758,49,246193,440900
1970,1,0,3757,50,246193,445400
1971,2,2,3755,50,246195,442400
1972,1,1,3754,50,246196,441500
1973,3,4,3751,49,246200,437800
1974,1,6,3750,44,246206,441900
1975,1,2,3749,43,246208,441300
1976,1,3,3748,41,246211,442700
1977,2,2,3746,41,246213,466300
1978,0,2,3746,39,246215,435400
1979,0,0,3746,39,246215,440300
1980,1,3,3745,37,246218,451100
1981,0,3,3745,34,246221,437600
1982,0,2,3745,32,246223,440400
1983,0,4,3745,28,246227,490300
1984,0,1,3745,27,246228,463600
1985,0,1,3745,26,246229,461100
1986,0,3,3745,23,246232,437400
1987,0,1,3745,22,246233,436800
1988,0,1,3745,21,246234,436100
1989,0,2,3745,19,246236,436500
1990,1,1,3744,19,246237,438900
1991,0,1,3744,18,246238,432200
1992,0,2,3744,16,246240,436100
1993,0,0,3744,16,246240,456500
1994,0,3,3744,13,246243,438100
1995,0,1,3744,12,246244,439100
1996,0,2,3744,10,246246,439900
1997,0,2,3744,8,246248,434500
1998,0,0,3744,8,246248,513400
1999,0,1,3744,7,246249,449400
2000,0,0,3744,7,246249,434100
2001,0,0,3744,7,246249,428200
2002,0,0,3744,7,246249,433400
2003,0,0,3744,7,246249,512200
2004,0,1,3744,6,246250,445400
2005,0,0,3744,6,246250,437600
2006,0,0,3744,6,246250,441800
2007,0,0,3744,6,246250,433600
2008,0,0,3744,6,246250,428400
2009,0,2,3744,4,246252,435000
2010,0,0,3744,4,246252,440600
2011,0,1,3744,3,246253,438300
2012,0,0,3744,3,246253,454200
2013,0,0,3744,3,246253,440100
2014,0,0,3744,3,246253,434300
2015,0,0,3744,3,246253,436100
2016,0,0,3744,3,246253,433100
2017,0,0,3744,3,246253,433400
2018,0,0,3744,3,246253,438400
2019,0,0,3744,3,246253,438400
2020,0,1,3744,2,246254,431100
2021,0,1,3744,1,246255,440500
2022,0,0,3744,1,246255,438500
2023,0,0,3744,1,246255,433200
2024,0,0,3744,1,246255,440200
2025,0,0,3744,1,246255,439300
2026,0,0,3744,1,246255,433200
2027,0,0,3744,1,246255,440700
2028,0,0,3744,1,246255,438700
2029,0,0,3744,1,246255,439800
2030,0,0,3744,1,246255,438600
2031,0,0,3744,1,246255,438100
2032,0,0,3744,1,246255,443300
2033,0,0,3744,1,246255,440700
2034,0,0,3744,1,246255,586200
2035,0,1,3744,0,246256,437200
