Tick,NewlyInfected,NewlyRecovered,TotalSusceptible,TotalInfected,TotalRecovered,StepTimeNanos
0,4,0,999991,9,0,2287800
1,6,0,999985,15,0,1958700
2,4,2,999981,17,2,1885900
3,5,2,999976,20,4,1748500
4,5,0,999971,25,4,1890000
5,4,3,999967,26,7,1690700
6,7,3,999960,30,10,1711900
7,5,2,999955,33,12,1775600
8,5,0,999950,38,12,1715100
9,9,3,999941,44,15,1735600
10,7,2,999934,49,17,1761700
11,10,3,999924,56,20,1915100
12,2,2,999922,56,22,1750600
13,6,3,999916,59,25,1692500
14,8,4,999908,63,29,1872900
15,6,2,999902,67,31,1684900
16,14,5,999888,76,36,1724600
17,11,4,999877,83,40,1701100
18,10,3,999867,90,43,1646400
19,14,3,999853,101,46,1708700
20,10,5,999843,106,51,1649400
21,15,11,999828,110,62,1691200
22,9,5,999819,114,67,2028000
23,11,3,999808,122,70,1708300
24,13,4,999795,131,74,1919700
25,14,10,999781,135,84,2151200
26,17,9,999764,143,93,1757100
27,12,11,999752,144,104,1787700
28,15,3,999737,156,107,1796300
29,10,10,999727,156,117,1773900
30,20,3,999707,173,120,1777600
31,19,2,999688,190,122,1768300
32,19,8,999669,201,130,2107500
33,25,6,999644,220,136,1882200
34,18,8,999626,230,144,1867600
35,19,7,999607,242,151,1768300
36,21,13,999586,250,164,1960200
37,15,13,999571,252,177,1776100
38,27,12,999544,267,189,1768600
39,19,18,999525,268,207,1852400
40,18,14,999507,272,221,1821200
41,19,7,999488,284,228,1828300
42,22,14,999466,292,242,1805600
43,22,11,999444,303,253,1759200
44,27,19,999417,311,272,1935800
45,20,16,999397,315,288,1791800
46,19,18,999378,316,306,1694400
47,26,23,999352,319,329,1827800
48,30,17,999322,332,346,1829100
49,26,19,999296,339,365,1854400
50,18,16,999278,341,381,1809400
51,25,16,999253,350,397,1778100
52,25,15,999228,360,412,1816400
53,29,10,999199,379,422,1789500
54,37,15,999162,401,437,1750800
55,31,27,999131,405,464,2039000
56,25,15,999106,415,479,1881400
57,43,27,999063,431,506,1827700
58,35,23,999028,443,529,1879600
59,40,28,998988,455,557,1746500
60,31,19,998957,467,576,1807400
61,37,20,998920,484,596,2138500
62,43,23,998877,504,619,1930500
63,37,13,998840,528,632,1986900
64,44,32,998796,540,664,1868900
65,44,33,998752,551,697,1788900
66,55,27,998697,579,724,1793200
67,49,31,998648,597,755,1781500
68,35,37,998613,595,792,1817400
69,40,33,998573,602,825,1807000
70,45,30,998528,617,855,1814900
71,56,27,998472,646,882,1797400
72,45,31,998427,660,913,1777400
73,47,23,998380,684,936,1773300
74,49,38,998331,695,974,1796900
75,53,43,998278,705,1017,1751200
76,36,38,998242,703,1055,1757300
77,52,30,998190,725,1085,1973100
78,63,37,998127,751,1122,1772500
79,41,47,998086,745,1169,1933300
80,58,37,998028,766,1206,1756800
81,57,36,997971,787,1242,1771400
82,54,49,997917,792,1291,1809700
83,50,41,997867,801,1332,1929500
84,53,34,997814,820,1366,1788200
85,61,46,997753,835,1412,1910900
86,55,42,997698,848,1454,1882300
87,58,48,997640,858,1502,1813900
88,57,41,997583,874,1543,1757200
89,51,48,997532,877,1591,1799500
90,60,47,997472,890,1638,1739300
91,63,51,997409,902,1689,1744400
92,57,39,997352,920,1728,1735400
93,54,44,997298,930,1772,1821000
94,78,42,997220,966,1814,1736600
95,62,55,997158,973,1869,1724300
96,56,45,997102,984,1914,1884100
97,53,46,997049,991,1960,1722800
98,56,42,996993,1005,2002,1710900
99,47,46,996946,1006,2048,1729200
100,58,60,996888,1004,2108,1699100
101,49,60,996839,993,2168,1767700
102,60,60,996779,993,2228,1767800
103,73,41,996706,1025,2269,1762200
104,63,62,996643,1026,2331,1728300
105,67,54,996576,1039,2385,1904000
106,71,57,996505,1053,2442,1787000
107,74,45,996431,1082,2487,1822200
108,68,42,996363,1108,2529,1758600
109,62,61,996301,1109,2590,1722000
110,77,65,996224,1121,2655,1782300
111,74,53,996150,1142,2708,1706700
112,89,62,996061,1169,2770,1713500
113,80,63,995981,1186,2833,1795900
114,79,59,995902,1206,2892,1742800
115,86,45,995816,1247,2937,1779100
116,70,50,995746,1267,2987,1831200
117,86,56,995660,1297,3043,1834400
118,98,52,995562,1343,3095,1800400
119,78,76,995484,1345,3171,1851700
120,74,58,995410,1361,3229,1844000
121,63,73,995347,1351,3302,1749200
122,98,55,995249,1394,3357,1733700
123,94,72,995155,1416,3429,1733400
124,103,78,995052,1441,3507,1851100
125,90,79,994962,1452,3586,1743600
126,110,61,994852,1501,3647,1716000
127,109,61,994743,1549,3708,1798700
128,114,69,994629,1594,3777,2260800
129,104,80,994525,1618,3857,1831900
130,95,77,994430,1636,3934,1752200
131,110,76,994320,1670,4010,1764200
132,103,101,994217,1672,4111,1840100
133,120,76,994097,1716,4187,1755400
134,99,87,993998,1728,4274,1831900
135,105,83,993893,1750,4357,1787900
136,106,86,993787,1770,4443,1797000
137,100,75,993687,1795,4518,1732200
138,127,88,993560,1834,4606,1762200
139,109,81,993451,1862,4687,1688400
140,99,103,993352,1858,4790,1670200
141,120,86,993232,1892,4876,1693300
142,103,92,993129,1903,4968,1888700
143,103,90,993026,1916,5058,1731200
144,107,78,992919,1945,5136,1672300
145,119,105,992800,1959,5241,1599000
146,122,102,992678,1979,5343,1754600
147,115,82,992563,2012,5425,1838300
148,123,102,992440,2033,5527,1949300
149,115,103,992325,2045,5630,1761200
150,122,119,992203,2048,5749,1777900
151,108,88,992095,2068,5837,1737500
152,103,107,991992,2064,5944,1748000
153,114,87,991878,2091,6031,1757400
154,108,111,991770,2088,6142,1748400
155,122,108,991648,2102,6250,1739400
156,98,94,991550,2106,6344,2045500
157,136,104,991414,2138,6448,1901300
158,107,115,991307,2130,6563,1758900
159,134,107,991173,2157,6670,1758300
160,111,94,991062,2174,6764,1747900
161,119,111,990943,2182,6875,1713600
162,115,107,990828,2190,6982,1658900
163,110,100,990718,2200,7082,1761000
164,104,122,990614,2182,7204,1918500
165,134,124,990480,2192,7328,1890600
166,124,123,990356,2193,7451,1688100
167,104,116,990252,2181,7567,1645800
168,111,117,990141,2175,7684,1645800
169,110,107,990031,2178,7791,1733600
170,119,110,989912,2187,7901,1771700
171,105,109,989807,2183,8010,1774100
172,129,113,989678,2199,8123,1743300
173,143,111,989535,2231,8234,1759600
174,126,109,989409,2248,8343,1729000
175,122,113,989287,2257,8456,1692300
176,135,118,989152,2274,8574,1650000
177,135,121,989017,2288,8695,1636900
178,145,110,988872,2323,8805,1772400
179,135,121,988737,2337,8926,1751600
180,136,110,988601,2363,9036,1979200
181,160,128,988441,2395,9164,1762200
182,150,111,988291,2434,9275,1735800
183,132,139,988159,2427,9414,1746300
184,140,116,988019,2451,9530,1759200
185,145,117,987874,2479,9647,1753000
186,129,123,987745,2485,9770,1738500
187,157,141,987588,2501,9911,1699100
188,129,128,987459,2502,10039,1674100
189,135,135,987324,2502,10174,1628300
190,155,129,987169,2528,10303,1771200
191,161,126,987008,2563,10429,1764900
192,142,139,986866,2566,10568,1774100
193,159,123,986707,2602,10691,1753900
194,133,117,986574,2618,10808,1765700
195,145,135,986429,2628,10943,1897900
196,158,140,986271,2646,11083,2103000
197,145,139,986126,2652,11222,1764600
198,151,143,985975,2660,11365,1764600
199,159,131,985816,2688,11496,1755200
200,168,150,985648,2706,11646,1766500
201,165,142,985483,2729,11788,1756100
202,142,148,985341,2723,11936,1754400
203,158,138,985183,2743,12074,1701400
204,156,130,985027,2769,12204,1710400
205,147,155,984880,2761,12359,1660500
206,158,134,984722,2785,12493,1756200
207,155,136,984567,2804,12629,1673300
208,170,138,984397,2836,12767,1765700
209,158,133,984239,2861,12900,1747200
210,184,159,984055,2886,13059,1709000
211,173,154,983882,2905,13213,1694100
212,188,159,983694,2934,13372,1665800
213,174,123,983520,2985,13495,1660400
214,176,150,983344,3011,13645,1702700
215,195,149,983149,3057,13794,1647500
216,168,153,982981,3072,13947,1661700
217,181,159,982800,3094,14106,1661500
218,179,147,982621,3126,14253,1649600
219,175,154,982446,3147,14407,1973500
220,183,163,982263,3167,14570,1705400
221,191,168,982072,3190,14738,1726600
222,175,160,981897,3205,14898,1792100
223,183,155,981714,3233,15053,1774900
224,179,166,981535,3246,15219,1783400
225,169,171,981366,3244,15390,1778400
226,175,176,981191,3243,15566,1778900
227,176,174,981015,3245,15740,1792000
228,199,179,980816,3265,15919,1775000
229,194,169,980622,3290,16088,1731000
230,181,180,980441,3291,16268,2028000
231,203,164,980238,3330,16432,1747900
232,187,184,980051,3333,16616,1650600
233,204,184,979847,3353,16800,1649100
234,189,187,979658,3355,16987,1786800
235,201,164,979457,3392,17151,1774800
236,205,179,979252,3418,17330,1861000
237,204,178,979048,3444,17508,1682300
238,188,179,978860,3453,17687,1716500
239,213,164,978647,3502,17851,1654200
240,187,167,978460,3522,18018,1657800
241,177,154,978283,3545,18172,1760300
242,200,180,978083,3565,18352,1669900
243,187,182,977896,3570,18534,1800800
244,187,176,977709,3581,18710,1775900
245,206,190,977503,3597,18900,1761000
246,174,166,977329,3605,19066,1696700
247,200,170,977129,3635,19236,1645900
248,180,182,976949,3633,19418,1644500
249,199,192,976750,3640,19610,1778200
250,202,190,976548,3652,19800,1772100
251,194,188,976354,3658,19988,1746000
252,200,183,976154,3675,20171,2033500
253,204,188,975950,3691,20359,2028900
254,197,169,975753,3719,20528,1676700
255,207,184,975546,3742,20712,1764300
256,201,188,975345,3755,20900,1890400
257,194,189,975151,3760,21089,1770200
258,212,195,974939,3777,21284,1701700
259,178,172,974761,3783,21456,1667000
260,227,186,974534,3824,21642,2118500
261,224,175,974310,3873,21817,1889800
262,232,181,974078,3924,21998,1710300
263,229,216,973849,3937,22214,1660400
264,230,222,973619,3945,22436,1764700
265,246,189,973373,4002,22625,1789900
266,214,193,973159,4023,22818,1688400
267,197,182,972962,4038,23000,1730400
268,221,199,972741,4060,23199,1674800
269,207,209,972534,4058,23408,1673200
270,235,168,972299,4125,23576,1689100
271,207,239,972092,4093,23815,1829700
272,229,195,971863,4127,24010,1774000
273,211,217,971652,4121,24227,1778800
274,211,186,971441,4146,24413,1740900
275,231,206,971210,4171,24619,1711300
276,220,222,970990,4169,24841,1659900
277,218,208,970772,4179,25049,1647900
278,214,203,970558,4190,25252,1812000
279,227,192,970331,4225,25444,1780700
280,221,194,970110,4252,25638,1727300
281,224,224,969886,4252,25862,2045800
282,233,208,969653,4277,26070,1957300
283,235,198,969418,4314,26268,1795400
284,241,232,969177,4323,26500,1773000
285,248,214,968929,4357,26714,1738000
286,235,218,968694,4374,26932,1721000
287,228,219,968466,4383,27151,1774000
288,273,227,968193,4429,27378,1639600
289,284,224,967909,4489,27602,1784800
290,258,202,967651,4545,27804,1779300
291,276,241,967375,4580,28045,1781500
292,259,205,967116,4634,28250,1748900
293,254,218,966862,4670,28468,1866500
294,242,221,966620,4691,28689,1879900
295,280,233,966340,4738,28922,1884200
296,251,265,966089,4724,29187,1731700
297,268,254,965821,4738,29441,1828900
298,279,223,965542,4794,29664,1696800
299,259,217,965283,4836,29881,1688500
300,258,226,965025,4868,30107,1783100
301,248,275,964777,4841,30382,1782700
302,255,257,964522,4839,30639,1795400
303,261,250,964261,4850,30889,1711500
304,268,245,963993,4873,31134,1685100
305,262,231,963731,4904,31365,1666800
306,263,228,963468,4939,31593,1770700
307,262,250,963206,4951,31843,1797900
308,253,237,962953,4967,32080,1784400
309,281,274,962672,4974,32354,1795800
310,256,262,962416,4968,32616,1755500
311,262,248,962154,4982,32864,1784800
312,262,234,961892,5010,33098,1849500
313,272,290,961620,4992,33388,1751100
314,266,229,961354,5029,33617,1736700
315,289,250,961065,5068,33867,1782300
316,237,241,960828,5064,34108,1813600
317,260,267,960568,5057,34375,1761700
318,268,243,960300,5082,34618,1792000
319,266,260,960034,5088,34878,1833900
320,244,260,959790,5072,35138,1964400
321,252,237,959538,5087,35375,1759900
322,265,254,959273,5098,35629,1721500
323,263,249,959010,5112,35878,1700700
324,262,263,958748,5111,36141,1716000
325,226,232,958522,5105,36373,1797100
326,265,241,958257,5129,36614,1777000
327,251,279,958006,5101,36893,1779300
328,252,237,957754,5116,37130,1755600
329,266,241,957488,5141,37371,1703800
330,274,290,957214,5125,37661,1902600
331,278,273,956936,5130,37934,1739100
332,274,226,956662,5178,38160,1693700
333,258,241,956404,5195,38401,1680900
334,267,277,956137,5185,38678,1909900
335,285,248,955852,5222,38926,1836400
336,277,288,955575,5211,39214,1716600
337,293,295,955282,5209,39509,1699900
338,250,246,955032,5213,39755,1689000
339,283,242,954749,5254,39997,1817400
340,273,257,954476,5270,40254,1709100
341,275,250,954201,5295,40504,1778100
342,295,267,953906,5323,40771,1726700
343,278,257,953628,5344,41028,1694800
344,345,266,953283,5423,41294,1964000
345,275,256,953008,5442,41550,1689900
346,277,284,952731,5435,41834,1780600
347,303,269,952428,5469,42103,1800700
348,300,287,952128,5482,42390,1802300
349,306,267,951822,5521,42657,1786400
350,321,263,951501,5579,42920,1740700
351,304,275,951197,5608,43195,1659700
352,308,284,950889,5632,43479,1669600
353,328,270,950561,5690,43749,1742000
354,335,267,950226,5758,44016,1802900
355,322,291,949904,5789,44307,1745700
356,298,300,949606,5787,44607,1673100
357,310,282,949296,5815,44889,1710600
358,346,271,948950,5890,45160,1786700
359,341,302,948609,5929,45462,1800500
360,346,302,948263,5973,45764,1782000
361,343,317,947920,5999,46081,1808000
362,343,290,947577,6052,46371,1748400
363,355,297,947222,6110,46668,1726000
364,336,307,946886,6139,46975,1698900
365,334,299,946552,6174,47274,1702900
366,334,305,946218,6203,47579,1797100
367,333,287,945885,6249,47866,1800800
368,344,315,945541,6278,48181,1713500
369,328,332,945213,6274,48513,1767100
370,358,326,944855,6306,48839,1692900
371,364,364,944491,6306,49203,1809100
372,312,286,944179,6332,49489,1861500
373,314,298,943865,6348,49787,2027400
374,336,317,943529,6367,50104,2026200
375,343,291,943186,6419,50395,1816900
376,338,300,942848,6457,50695,1810300
377,306,339,942542,6424,51034,1826900
378,361,311,942181,6474,51345,1745100
379,346,331,941835,6489,51676,1769900
380,311,331,941524,6469,52007,1672600
381,311,324,941213,6456,52331,1673800
382,330,291,940883,6495,52622,1824200
383,322,348,940561,6469,52970,1841500
384,356,344,940205,6481,53314,1810100
385,331,289,939874,6523,53603,1783300
386,341,343,939533,6521,53946,1692500
387,333,322,939200,6532,54268,1722700
388,321,326,938879,6527,54594,1706800
389,337,345,938542,6519,54939,2103400
390,317,317,938225,6519,55256,1817900
391,333,319,937892,6533,55575,2168100
392,337,345,937555,6525,55920,2045400
393,336,375,937219,6486,56295,1722700
394,324,315,936895,6495,56610,1949100
395,330,340,936565,6485,56950,2055400
396,369,334,936196,6520,57284,1802200
397,316,330,935880,6506,57614,1715200
398,367,327,935513,6546,57941,1796500
399,351,323,935162,6574,58264,1822900
400,355,314,934807,6615,58578,1808300
401,320,316,934487,6619,58894,1760700
402,356,323,934131,6652,59217,1827900
403,373,335,933758,6690,59552,2102600
404,372,352,933386,6710,59904,1789700
405,356,366,933030,6700,60270,1762600
406,344,319,932686,6725,60589,1776000
407,374,350,932312,6749,60939,1779300
408,361,356,931951,6754,61295,1873700
409,370,307,931581,6817,61602,1797900
410,386,335,931195,6868,61937,2066100
411,356,359,930839,6865,62296,1847800
412,373,335,930466,6903,62631,1880900
413,412,320,930054,6995,62951,1856400
414,372,325,929682,7042,63276,1834100
415,341,350,929341,7033,63626,1820100
416,374,357,928967,7050,63983,1735100
417,359,359,928608,7050,64342,1739900
418,375,362,928233,7063,64704,1817500
419,415,347,927818,7131,65051,1874100
420,353,359,927465,7125,65410,1910500
421,403,354,927062,7174,65764,1867700
422,370,337,926692,7207,66101,1844000
423,348,337,926344,7218,66438,1843800
424,396,367,925948,7247,66805,1867900
425,375,363,925573,7259,67168,1807500
426,386,337,925187,7308,67505,1958300
427,404,357,924783,7355,67862,1983200
428,396,352,924387,7399,68214,2160000
429,403,348,923984,7454,68562,1831400
430,373,375,923611,7452,68937,2159400
431,359,359,923252,7452,69296,1938700
432,374,388,922878,7438,69684,1983500
433,349,369,922529,7418,70053,1846000
434,365,337,922164,7446,70390,1789700
435,401,371,921763,7476,70761,1738000
436,385,366,921378,7495,71127,1867800
437,373,362,921005,7506,71489,1737600
438,384,351,920621,7539,71840,1839300
439,396,364,920225,7571,72204,1811900
440,406,383,919819,7594,72587,1842600
441,390,365,919429,7619,72952,1769800
442,386,380,919043,7625,73332,2117900
443,400,377,918643,7648,73709,1818400
444,413,400,918230,7661,74109,1731500
445,402,390,917828,7673,74499,1754700
446,411,389,917417,7695,74888,1752300
447,418,368,916999,7745,75256,1770800
448,434,389,916565,7790,75645,1802600
449,396,369,916169,7817,76014,1859600
450,421,391,915748,7847,76405,1855000
451,432,388,915316,7891,76793,1867800
452,445,378,914871,7958,77171,1789700
453,425,390,914446,7993,77561,1783400
454,451,376,913995,8068,77937,1789300
455,439,403,913556,8104,78340,1819400
456,386,388,913170,8102,78728,2014500
457,400,385,912770,8117,79113,1886000
458,437,432,912333,8122,79545,1802200
459,430,397,911903,8155,79942,1865300
460,432,470,911471,8117,80412,2111100
461,421,403,911050,8135,80815,2230700
462,456,426,910594,8165,81241,1867000
463,440,396,910154,8209,81637,1810900
464,443,367,909711,8285,82004,1821600
465,437,440,909274,8282,82444,1872900
466,433,383,908841,8332,82827,1813800
467,442,412,908399,8362,83239,1860400
468,454,387,907945,8429,83626,1762800
469,424,395,907521,8458,84021,1883200
470,489,395,907032,8552,84416,1812300
471,426,424,906606,8554,84840,1841900
472,408,381,906198,8581,85221,1776000
473,437,486,905761,8532,85707,2039200
474,452,420,905309,8564,86127,1834200
475,456,432,904853,8588,86559,2245400
476,415,426,904438,8577,86985,1816600
477,428,427,904010,8578,87412,1808000
478,436,406,903574,8608,87818,1871300
479,458,413,903116,8653,88231,1865700
480,429,458,902687,8624,88689,1758800
481,410,423,902277,8611,89112,1892000
482,446,464,901831,8593,89576,1729700
483,433,439,901398,8587,90015,1736400
484,449,456,900949,8580,90471,1785900
485,427,470,900522,8537,90941,1867300
486,425,413,900097,8549,91354,1860000
487,388,453,899709,8484,91807,1827100
488,448,435,899261,8497,92242,1813400
489,423,422,898838,8498,92664,1790100
490,423,415,898415,8506,93079,1797100
491,430,429,897985,8507,93508,1847100
492,453,419,897532,8541,93927,1747900
493,463,371,897069,8633,94298,1836400
494,400,444,896669,8589,94742,1818300
495,438,422,896231,8605,95164,1743900
496,414,418,895817,8601,95582,1705700
497,442,444,895375,8599,96026,1854600
498,446,410,894929,8635,96436,1750400
499,418,456,894511,8597,96892,1717100
500,408,441,894103,8564,97333,2062400
501,431,416,893672,8579,97749,1823900
502,433,434,893239,8578,98183,1795400
503,437,436,892802,8579,98619,1948200
504,431,439,892371,8571,99058,1845700
505,443,443,891928,8571,99501,1872800
506,447,423,891481,8595,99924,1868700
507,412,436,891069,8571,100360,1884200
508,449,474,890620,8546,100834,2195500
509,483,415,890137,8614,101249,1898400
510,436,429,889701,8621,101678,2008100
511,428,431,889273,8618,102109,1917500
512,422,418,888851,8622,102527,1915900
513,447,428,888404,8641,102955,1836000
514,461,428,887943,8674,103383,1838400
515,449,422,887494,8701,103805,1871700
516,442,404,887052,8739,104209,1869500
517,422,427,886630,8734,104636,1773000
518,424,431,886206,8727,105067,1786500
519,429,463,885777,8693,105530,1852100
520,400,424,885377,8669,105954,1813000
521,421,432,884956,8658,106386,1865400
522,432,423,884524,8667,106809,2011300
523,404,433,884120,8638,107242,1992600
524,420,426,883700,8632,107668,1807100
525,437,402,883263,8667,108070,1816200
526,442,416,882821,8693,108486,1801200
527,431,447,882390,8677,108933,1848100
528,447,460,881943,8664,109393,1974700
529,496,429,881447,8731,109822,1840900
530,459,413,880988,8777,110235,1718100
531,472,446,880516,8803,110681,1980000
532,436,428,880080,8811,111109,1746200
533,459,434,879621,8836,111543,1814700
534,475,445,879146,8866,111988,1712100
535,450,455,878696,8861,112443,1768900
536,439,469,878257,8831,112912,1734700
537,439,427,877818,8843,113339,1699800
538,456,455,877362,8844,113794,1843300
539,467,442,876895,8869,114236,1796900
540,442,453,876453,8858,114689,1714400
541,424,442,876029,8840,115131,1701000
542,462,423,875567,8879,115554,1843600
543,449,440,875118,8888,115994,2078000
544,462,445,874656,8905,116439,2073200
545,471,475,874185,8901,116914,2068300
546,442,438,873743,8905,117352,2042000
547,461,454,873282,8912,117806,2093100
548,489,412,872793,8989,118218,1837300
549,477,449,872316,9017,118667,1721200
550,429,460,871887,8986,119127,2038600
551,480,450,871407,9016,119577,1862800
552,438,434,870969,9020,120011,1802400
553,444,445,870525,9019,120456,1704700
554,470,473,870055,9016,120929,1702800
555,456,466,869599,9006,121395,1847400
556,444,425,869155,9025,121820,1821100
557,427,427,868728,9025,122247,1728100
558,481,443,868247,9063,122690,1744900
559,455,457,867792,9061,123147,2076300
560,448,440,867344,9069,123587,1930100
561,497,456,866847,9110,124043,1853200
562,482,453,866365,9139,124496,1840300
563,482,454,865883,9167,124950,1803900
564,503,469,865380,9201,125419,1777000
565,476,472,864904,9205,125891,1737600
566,479,472,864425,9212,126363,1724400
567,492,444,863933,9260,126807,1880700
568,418,447,863515,9231,127254,1896700
569,429,468,863086,9192,127722,1946000
570,464,451,862622,9205,128173,1885900
571,454,477,862168,9182,128650,1842500
572,468,488,861700,9162,129138,1840100
573,478,485,861222,9155,129623,1822600
574,444,472,860778,9127,130095,1838500
575,445,460,860333,9112,130555,1862400
576,487,461,859846,9138,131016,1890400
577,480,480,859366,9138,131496,1870100
578,492,446,858874,9184,131942,1895500
579,499,475,858375,9208,132417,1989900
580,433,445,857942,9196,132862,2020000
581,443,459,857499,9180,133321,1927900
582,487,462,857012,9205,133783,2115400
583,414,495,856598,9124,134278,1796300
584,440,438,856158,9126,134716,1829600
585,489,428,855669,9187,135144,1784800
586,478,472,855191,9193,135616,1774700
587,432,494,854759,9131,136110,1800100
588,482,454,854277,9159,136564,1931900
589,474,454,853803,9179,137018,1772100
590,485,437,853318,9227,137455,1756600
591,491,440,852827,9278,137895,1854300
592,479,508,852348,9249,138403,1934300
593,500,485,851848,9264,138888,1846400
594,434,470,851414,9228,139358,1918000
595,498,455,850916,9271,139813,1785100
596,468,474,850448,9265,140287,1761300
597,494,504,849954,9255,140791,1726700
598,493,457,849461,9291,141248,1855500
599,472,475,848989,9288,141723,1940400
600,506,452,848483,9342,142175,1790200
601,487,443,847996,9386,142618,1759400
602,513,483,847483,9416,143101,1764300
603,507,495,846976,9428,143596,1748600
604,485,456,846491,9457,144052,1840700
605,497,483,845994,9471,144535,1969400
606,495,462,845499,9504,144997,1888200
607,465,470,845034,9499,145467,1780800
608,492,494,844542,9497,145961,1803700
609,508,468,844034,9537,146429,1924300
610,465,504,843569,9498,146933,1820600
611,521,459,843048,9560,147392,1775900
612,471,455,842577,9576,147847,1817900
613,493,490,842084,9579,148337,1845800
614,508,461,841576,9626,148798,1899400
615,495,466,841081,9655,149264,1815300
616,458,509,840623,9604,149773,1816200
617,503,470,840120,9637,150243,1929000
618,528,500,839592,9665,150743,1850400
619,479,506,839113,9638,151249,1831100
620,499,442,838614,9695,151691,1797800
621,514,498,838100,9711,152189,1783600
622,498,481,837602,9728,152670,1798900
623,461,505,837141,9684,153175,1805300
624,480,491,836661,9673,153666,1768700
625,453,505,836208,9621,154171,1860500
626,476,496,835732,9601,154667,1835100
627,492,495,835240,9598,155162,1827300
628,519,481,834721,9636,155643,1913100
629,504,502,834217,9638,156145,1832600
630,450,460,833767,9628,156605,1816600
631,484,487,833283,9625,157092,1766600
632,486,502,832797,9609,157594,1850400
633,486,514,832311,9581,158108,1870300
634,471,455,831840,9597,158563,1822000
635,535,451,831305,9681,159014,1805900
636,497,445,830808,9733,159459,1780400
637,453,490,830355,9696,159949,1767000
638,514,490,829841,9720,160439,1838900
639,470,481,829371,9709,160920,1770200
640,462,458,828909,9713,161378,1828500
641,485,518,828424,9680,161896,1779000
642,471,518,827953,9633,162414,1836300
643,484,493,827469,9624,162907,1844700
644,486,539,826983,9571,163446,1826300
645,476,486,826507,9561,163932,1791000
646,461,453,826046,9569,164385,1864700
647,449,557,825597,9461,164942,1810100
648,464,475,825133,9450,165417,1880800
649,476,424,824657,9502,165841,1775100
650,464,512,824193,9454,166353,1847500
651,455,458,823738,9451,166811,1854500
652,469,449,823269,9471,167260,1872000
653,494,469,822775,9496,167729,1779700
654,467,462,822308,9501,168191,1754900
655,488,486,821820,9503,168677,1861800
656,470,446,821350,9527,169123,1858200
657,441,476,820909,9492,169599,1898400
658,481,520,820428,9453,170119,1794500
659,496,486,819932,9463,170605,1788500
660,500,420,819432,9543,171025,1980800
661,484,462,818948,9565,171487,1871500
662,483,459,818465,9589,171946,1866000
663,499,503,817966,9585,172449,1785200
664,499,456,817467,9628,172905,1750200
665,488,500,816979,9616,173405,1734700
666,492,509,816487,9599,173914,1801800
667,504,459,815983,9644,174373,1748800
668,491,489,815492,9646,174862,1829600
669,478,480,815014,9644,175342,1717900
670,488,465,814526,9667,175807,1838700
671,457,481,814069,9643,176288,1807900
672,507,464,813562,9686,176752,1709900
673,502,494,813060,9694,177246,1726500
674,477,488,812583,9683,177734,1836000
675,456,478,812127,9661,178212,1811600
676,533,481,811594,9713,178693,1778300
677,489,514,811105,9688,179207,1776800
678,507,489,810598,9706,179696,1732600
679,477,491,810121,9692,180187,1831400
680,496,501,809625,9687,180688,1803500
681,473,477,809152,9683,181165,1725600
682,488,476,808664,9695,181641,1983200
683,444,474,808220,9665,182115,1851300
684,452,490,807768,9627,182605,1841300
685,477,467,807291,9637,183072,1878900
686,452,487,806839,9602,183559,1862600
687,474,471,806365,9605,184030,1815400
688,498,495,805867,9608,184525,2146000
689,464,530,805403,9542,185055,1794000
690,480,482,804923,9540,185537,1743100
691,472,451,804451,9561,185988,2028100
692,498,462,803953,9597,186450,2103700
693,491,479,803462,9609,186929,1992800
694,459,521,803003,9547,187450,1970900
695,486,466,802517,9567,187916,1745000
696,461,462,802056,9566,188378,1823900
697,446,500,801610,9512,188878,1858700
698,460,475,801150,9497,189353,1820800
699,454,480,800696,9471,189833,1762300
700,510,516,800186,9465,190349,1736500
701,471,468,799715,9468,190817,1817100
702,500,511,799215,9457,191328,1975900
703,479,503,798736,9433,191831,1860900
704,498,493,798238,9438,192324,1847600
705,466,471,797772,9433,192795,1766900
706,447,438,797325,9442,193233,1948800
707,495,479,796830,9458,193712,1736200
708,455,478,796375,9435,194190,1727500
709,463,486,795912,9412,194676,1832900
710,460,486,795452,9386,195162,1796700
711,455,446,794997,9395,195608,1775100
712,463,459,794534,9399,196067,1738500
713,485,435,794049,9449,196502,1880200
714,473,490,793576,9432,196992,1831400
715,464,450,793112,9446,197442,1795100
716,506,436,792606,9516,197878,1734900
717,441,453,792165,9504,198331,1715900
718,427,480,791738,9451,198811,1847500
719,455,473,791283,9433,199284,1835000
720,472,483,790811,9422,199767,1727300
721,498,481,790313,9439,200248,1737000
722,492,494,789821,9437,200742,1733800
723,462,469,789359,9430,201211,1885800
724,477,478,788882,9429,201689,2308800
725,465,502,788417,9392,202191,1782200
726,502,433,787915,9461,202624,1863200
727,478,506,787437,9433,203130,2327900
728,492,479,786945,9446,203609,2211200
729,485,465,786460,9466,204074,1881800
730,444,480,786016,9430,204554,1838100
731,466,480,785550,9416,205034,1855600
732,457,497,785093,9376,205531,1874000
733,523,493,784570,9406,206024,2321400
734,505,478,784065,9433,206502,1934500
735,467,443,783598,9457,206945,2273200
736,497,468,783101,9486,207413,2022600
737,525,474,782576,9537,207887,1918100
738,517,458,782059,9596,208345,1850600
739,499,513,781560,9582,208858,1846400
740,461,458,781099,9585,209316,2320000
741,492,478,780607,9599,209794,1899500
742,523,503,780084,9619,210297,1837700
743,495,431,779589,9683,210728,1872800
744,453,483,779136,9653,211211,1872600
745,476,507,778660,9622,211718,1802600
746,523,481,778137,9664,212199,1866200
747,516,487,777621,9693,212686,1865500
748,526,499,777095,9720,213185,1885500
749,501,450,776594,9771,213635,2035300
750,524,494,776070,9801,214129,1948800
751,543,492,775527,9852,214621,1872600
752,493,507,775034,9838,215128,1859000
753,495,483,774539,9850,215611,1867600
754,490,497,774049,9843,216108,1847400
755,515,509,773534,9849,216617,1824400
756,508,480,773026,9877,217097,1823700
757,515,506,772511,9886,217603,1826500
758,552,489,771959,9949,218092,1862800
759,556,500,771403,10005,218592,1953200
760,476,481,770927,10000,219073,1901600
761,540,483,770387,10057,219556,1921900
762,525,456,769862,10126,220012,1901600
763,480,536,769382,10070,220548,1854400
764,503,482,768879,10091,221030,2354900
765,500,493,768379,10098,221523,1964000
766,570,528,767809,10140,222051,2110100
767,534,525,767275,10149,222576,1995100
768,540,539,766735,10150,223115,1919800
769,510,481,766225,10179,223596,1867800
770,521,514,765704,10186,224110,2119800
771,498,492,765206,10192,224602,1873300
772,527,543,764679,10176,225145,1829000
773,512,499,764167,10189,225644,1808100
774,546,489,763621,10246,226133,1856100
775,491,529,763130,10208,226662,2231800
776,442,533,762688,10117,227195,1917300
777,499,480,762189,10136,227675,1854700
778,527,471,761662,10192,228146,1879600
779,481,541,761181,10132,228687,1968500
780,567,519,760614,10180,229206,1813200
781,479,533,760135,10126,229739,1791600
782,518,489,759617,10155,230228,1833500
783,528,518,759089,10165,230746,1734000
784,502,519,758587,10148,231265,2441600
785,508,476,758079,10180,231741,1886200
786,483,494,757596,10169,232235,1923100
787,529,497,757067,10201,232732,2027700
788,513,490,756554,10224,233222,1809300
789,489,502,756065,10211,233724,1843200
790,500,518,755565,10193,234242,1962200
791,517,497,755048,10213,234739,2081300
792,537,506,754511,10244,235245,2076900
793,509,570,754002,10183,235815,2161200
794,521,496,753481,10208,236311,2072700
795,488,502,752993,10194,236813,2084800
796,489,524,752504,10159,237337,2030400
797,535,508,751969,10186,237845,2080200
798,497,479,751472,10204,238324,1941900
799,502,482,750970,10224,238806,1893800
800,530,522,750440,10232,239328,2077400
801,522,553,749918,10201,239881,1902200
802,512,470,749406,10243,240351,1905800
803,488,520,748918,10211,240871,1905000
804,540,494,748378,10257,241365,1930000
805,523,513,747855,10267,241878,1949600
806,482,505,747373,10244,242383,1771400
807,555,559,746818,10240,242942,1824600
808,511,523,746307,10228,243465,2032000
809,530,514,745777,10244,243979,1943900
810,521,515,745256,10250,244494,1957100
811,552,540,744704,10262,245034,1941700
812,519,562,744185,10219,245596,2159500
813,543,512,743642,10250,246108,2113300
814,485,538,743157,10197,246646,1921600
815,493,504,742664,10186,247150,1951000
816,503,487,742161,10202,247637,2090700
817,518,526,741643,10194,248163,1768500
818,539,530,741104,10203,248693,1775800
819,480,530,740624,10153,249223,1849100
820,505,517,740119,10141,249740,1864700
821,493,523,739626,10111,250263,1914000
822,514,473,739112,10152,250736,2340600
823,529,502,738583,10179,251238,1913100
824,501,510,738082,10170,251748,1807200
825,472,478,737610,10164,252226,1850400
826,514,488,737096,10190,252714,2452300
827,508,528,736588,10170,253242,1853600
828,509,560,736079,10119,253802,1915700
829,502,483,735577,10138,254285,2042600
830,500,521,735077,10117,254806,1857100
831,482,515,734595,10084,255321,1998300
832,478,522,734117,10040,255843,1855400
833,525,503,733592,10062,256346,2182200
834,518,503,733074,10077,256849,2080100
835,525,510,732549,10092,257359,1805100
836,518,504,732031,10106,257863,2322100
837,515,555,731516,10066,258418,1854500
838,518,514,730998,10070,258932,1868300
839,525,500,730473,10095,259432,1897700
840,518,498,729955,10115,259930,1806700
841,511,492,729444,10134,260422,1735600
842,533,480,728911,10187,260902,1693100
843,556,479,728355,10264,261381,1847300
844,530,523,727825,10271,261904,1862900
845,554,520,727271,10305,262424,1756200
846,550,483,726721,10372,262907,1702300
847,535,484,726186,10423,263391,1748800
848,581,523,725605,10481,263914,1861700
849,516,563,725089,10434,264477,1842700
850,553,534,724536,10453,265011,1775900
851,521,557,724015,10417,265568,1732700
852,534,544,723481,10407,266112,1759200
853,499,503,722982,10403,266615,2088200
854,591,521,722391,10473,267136,1814000
855,542,517,721849,10498,267653,1870800
856,587,532,721262,10553,268185,1811800
857,516,524,720746,10545,268709,1775700
858,574,537,720172,10582,269246,1788100
859,542,553,719630,10571,269799,1865000
860,531,547,719099,10555,270346,1803200
861,534,536,718565,10553,270882,1882200
862,551,520,718014,10584,271402,2209900
863,558,521,717456,10621,271923,1863100
864,503,537,716953,10587,272460,1848700
865,514,546,716439,10555,273006,1819400
866,497,495,715942,10557,273501,2088400
867,509,550,715433,10516,274051,1888100
868,532,487,714901,10561,274538,1950600
869,561,561,714340,10561,275099,2038000
870,528,544,713812,10545,275643,1969600
871,545,519,713267,10571,276162,1927400
872,537,486,712730,10622,276648,1887000
873,521,519,712209,10624,277167,1882800
874,516,532,711693,10608,277699,1916100
875,519,510,711174,10617,278209,1924100
876,524,506,710650,10635,278715,1876800
877,547,513,710103,10669,279228,2198800
878,556,523,709547,10702,279751,2104600
879,514,508,709033,10708,280259,2043500
880,531,496,708502,10743,280755,1868900
881,551,553,707951,10741,281308,1831900
882,544,538,707407,10747,281846,1868400
883,511,528,706896,10730,282374,1870700
884,496,537,706400,10689,282911,1761800
885,533,536,705867,10686,283447,1744900
886,521,532,705346,10675,283979,1700200
887,526,527,704820,10674,284506,1858700
888,557,505,704263,10726,285011,1855000
889,530,543,703733,10713,285554,1983100
890,526,498,703207,10741,286052,2110100
891,505,524,702702,10722,286576,1870800
892,535,535,702167,10722,287111,1792300
893,496,535,701671,10683,287646,1771300
894,530,519,701141,10694,288165,1764200
895,503,557,700638,10640,288722,1848300
896,526,536,700112,10630,289258,2012800
897,531,543,699581,10618,289801,1865500
898,527,511,699054,10634,290312,1851200
899,551,539,698503,10646,290851,1814300
900,563,513,697940,10696,291364,1737400
901,523,550,697417,10669,291914,1724700
902,559,566,696858,10662,292480,1866000
903,567,523,696291,10706,293003,1850300
904,492,548,695799,10650,293551,1810600
905,517,517,695282,10650,294068,1726700
906,528,500,694754,10678,294568,1728100
907,506,554,694248,10630,295122,1870900
908,531,542,693717,10619,295664,1834000
909,533,523,693184,10629,296187,1785700
910,530,534,692654,10625,296721,1749700
911,503,566,692151,10562,297287,1752200
912,569,545,691582,10586,297832,1845800
913,510,504,691072,10592,298336,1846700
914,557,530,690515,10619,298866,1791300
915,547,500,689968,10666,299366,1752500
916,513,504,689455,10675,299870,1688400
917,519,523,688936,10671,300393,1730400
918,529,556,688407,10644,300949,1744100
919,524,529,687883,10639,301478,1761700
920,573,537,687310,10675,302015,1893700
921,526,538,686784,10663,302553,1941100
922,535,530,686249,10668,303083,1858700
923,541,532,685708,10677,303615,1857800
924,531,544,685177,10664,304159,1827000
925,522,542,684655,10644,304701,2068800
926,522,516,684133,10650,305217,1929600
927,505,578,683628,10577,305795,1742000
928,530,550,683098,10557,306345,1986200
929,535,528,682563,10564,306873,1733600
930,521,554,682042,10531,307427,1881100
931,517,519,681525,10529,307946,2075500
932,528,542,680997,10515,308488,1901800
933,554,537,680443,10532,309025,1870500
934,511,544,679932,10499,309569,1839600
935,548,523,679384,10524,310092,2013000
936,545,535,678839,10534,310627,2128000
937,546,585,678293,10495,311212,1842700
938,504,535,677789,10464,311747,1947100
939,521,493,677268,10492,312240,1846300
940,518,499,676750,10511,312739,1757900
941,561,555,676189,10517,313294,1796000
942,574,533,675615,10558,313827,1862000
943,527,504,675088,10581,314331,1855800
944,539,510,674549,10610,314841,1816900
945,511,534,674038,10587,315375,1755300
946,505,507,673533,10585,315882,1685000
947,539,520,672994,10604,316402,1867200
948,516,538,672478,10582,316940,1862100
949,533,517,671945,10598,317457,1818400
950,517,548,671428,10567,318005,1889000
951,527,528,670901,10566,318533,1729200
952,501,538,670400,10529,319071,1731900
953,548,494,669852,10583,319565,1864000
954,531,537,669321,10577,320102,1737700
955,550,504,668771,10623,320606,1734500
956,546,522,668225,10647,321128,1754100
957,521,540,667704,10628,321668,1862800
958,519,538,667185,10609,322206,1850000
959,525,528,666660,10606,322734,1815600
960,532,532,666128,10606,323266,1730200
961,535,547,665593,10594,323813,1749900
962,562,531,665031,10625,324344,2053000
963,520,514,664511,10631,324858,1881100
964,547,553,663964,10625,325411,1810500
965,498,523,663466,10600,325934,1866500
966,531,544,662935,10587,326478,2178000
967,525,509,662410,10603,326987,1781300
968,533,517,661877,10619,327504,1942900
969,554,513,661323,10660,328017,1802300
970,539,533,660784,10666,328550,1781500
971,505,530,660279,10641,329080,1791300
972,542,533,659737,10650,329613,1883200
973,523,510,659214,10663,330123,1860100
974,552,569,658662,10646,330692,1999500
975,522,547,658140,10621,331239,1857900
976,558,523,657582,10656,331762,1788500
977,571,587,657011,10640,332349,1687700
978,518,558,656493,10600,332907,1736200
979,538,525,655955,10613,333432,1745500
980,534,512,655421,10635,333944,1743200
981,540,540,654881,10635,334484,1727400
982,499,512,654382,10622,334996,1744300
983,527,535,653855,10614,335531,1855100
984,521,539,653334,10596,336070,1807200
985,549,557,652785,10588,336627,1731700
986,532,503,652253,10617,337130,1725900
987,517,526,651736,10608,337656,1863500
988,526,522,651210,10612,338178,2188100
989,503,494,650707,10621,338672,2061300
990,531,555,650176,10597,339227,1855900
991,516,534,649660,10579,339761,1847300
992,528,498,649132,10609,340259,1845000
993,514,519,648618,10604,340778,1780700
994,529,500,648089,10633,341278,1717400
995,496,504,647593,10625,341782,1742400
996,551,499,647042,10677,342281,2158600
997,577,506,646465,10748,342787,1877800
998,537,586,645928,10699,343373,2054700
999,518,513,645410,10704,343886,1855800
1000,546,534,644864,10716,344420,1848400
1001,542,549,644322,10709,344969,1821200
1002,510,523,643812,10696,345492,1742000
1003,563,550,643249,10709,346042,1833500
1004,533,552,642716,10690,346594,2158000
1005,478,554,642238,10614,347148,1844900
1006,516,491,641722,10639,347639,1809000
1007,520,493,641202,10666,348132,1850200
1008,535,501,640667,10700,348633,1808900
1009,528,533,640139,10695,349166,1790400
1010,502,555,639637,10642,349721,1724600
1011,498,503,639139,10637,350224,1739500
1012,506,533,638633,10610,350757,2172200
1013,461,520,638172,10551,351277,1864100
1014,512,531,637660,10532,351808,1852900
1015,564,501,637096,10595,352309,1848900
1016,526,550,636570,10571,352859,1797100
1017,538,544,636032,10565,353403,1726200
1018,503,507,635529,10561,353910,1734100
1019,521,514,635008,10568,354424,1835600
1020,493,494,634515,10567,354918,2128500
1021,556,531,633959,10592,355449,1775400
1022,566,513,633393,10645,355962,1817600
1023,548,526,632845,10667,356488,1678300
1024,570,561,632275,10676,357049,1736300
1025,545,554,631730,10667,357603,1834000
1026,522,538,631208,10651,358141,1828900
1027,561,541,630647,10671,358682,1770600
1028,527,527,630120,10671,359209,1728300
1029,544,510,629576,10705,359719,1797800
1030,579,543,628997,10741,360262,1814700
1031,554,543,628443,10752,360805,2034700
1032,547,542,627896,10757,361347,1850900
1033,502,546,627394,10713,361893,1835600
1034,526,535,626868,10704,362428,1863000
1035,538,519,626330,10723,362947,2001000
1036,518,532,625812,10709,363479,1943000
1037,516,512,625296,10713,363991,1870600
1038,505,527,624791,10691,364518,1883000
1039,532,539,624259,10684,365057,1892400
1040,531,524,623728,10691,365581,1916100
1041,494,551,623234,10634,366132,1846600
1042,530,543,622704,10621,366675,1838700
1043,502,495,622202,10628,367170,1884000
1044,525,553,621677,10600,367723,1831200
1045,538,520,621139,10618,368243,1911900
1046,511,527,620628,10602,368770,1943400
1047,513,488,620115,10627,369258,1868000
1048,508,534,619607,10601,369792,1857100
1049,524,538,619083,10587,370330,1837500
1050,534,540,618549,10581,370870,1977800
1051,549,498,618000,10632,371368,1850400
1052,536,512,617464,10656,371880,2030100
1053,532,530,616932,10658,372410,2221900
1054,504,511,616428,10651,372921,1944200
1055,548,545,615880,10654,373466,1872000
1056,518,559,615362,10613,374025,1831000
1057,491,549,614871,10555,374574,1844700
1058,545,508,614326,10592,375082,1836800
1059,513,540,613813,10565,375622,1817300
1060,498,509,613315,10554,376131,1872400
1061,541,510,612774,10585,376641,1845700
1062,515,514,612259,10586,377155,1844500
1063,559,520,611700,10625,377675,2002900
1064,571,553,611129,10643,378228,1847700
1065,549,523,610580,10669,378751,1888200
1066,558,549,610022,10678,379300,1825700
1067,516,525,609506,10669,379825,1784700
1068,539,541,608967,10667,380366,1909700
1069,498,527,608469,10638,380893,1876400
1070,535,525,607934,10648,381418,1838600
1071,573,512,607361,10709,381930,1795000
1072,516,499,606845,10726,382429,1795900
1073,507,525,606338,10708,382954,1836000
1074,493,559,605845,10642,383513,1807900
1075,522,552,605323,10612,384065,1893800
1076,551,553,604772,10610,384618,1852300
1077,522,483,604250,10649,385101,1851000
1078,514,538,603736,10625,385639,1782400
1079,512,512,603224,10625,386151,2036300
1080,516,552,602708,10589,386703,1730400
1081,539,508,602169,10620,387211,1800100
1082,551,541,601618,10630,387752,1854600
1083,514,537,601104,10607,388289,1963100
1084,528,550,600576,10585,388839,1853000
1085,552,586,600024,10551,389425,1791700
1086,501,505,599523,10547,389930,1778700
1087,534,551,598989,10530,390481,1964300
1088,515,526,598474,10519,391007,1947600
1089,488,535,597986,10472,391542,2069200
1090,511,517,597475,10466,392059,1992000
1091,539,533,596936,10472,392592,1881000
1092,487,530,596449,10429,393122,1866900
1093,517,510,595932,10436,393632,2327400
1094,553,507,595379,10482,394139,2042700
1095,485,581,594894,10386,394720,1931500
1096,522,547,594372,10361,395267,1873200
1097,511,529,593861,10343,395796,1877700
1098,544,498,593317,10389,396294,1863700
1099,551,511,592766,10429,396805,1869800
1100,509,511,592257,10427,397316,1863800
1101,501,518,591756,10410,397834,1846100
1102,499,506,591257,10403,398340,1922000
1103,513,537,590744,10379,398877,1939200
1104,513,532,590231,10360,399409,1933800
1105,534,530,589697,10364,399939,1899300
1106,496,477,589201,10383,400416,1909500
1107,550,502,588651,10431,400918,1983200
1108,489,541,588162,10379,401459,2050000
1109,503,514,587659,10368,401973,1901200
1110,502,548,587157,10322,402521,1923700
1111,475,516,586682,10281,403037,1891400
1112,479,523,586203,10237,403560,1815100
1113,510,504,585693,10243,404064,1967400
1114,560,546,585133,10257,404610,1878600
1115,501,523,584632,10235,405133,1833400
1116,540,534,584092,10241,405667,2018000
1117,519,532,583573,10228,406199,1801600
1118,516,507,583057,10237,406706,1814900
1119,479,524,582578,10192,407230,2025100
1120,522,507,582056,10207,407737,1741600
1121,490,518,581566,10179,408255,1853300
1122,530,502,581036,10207,408757,1833700
1123,496,522,580540,10181,409279,1994800
1124,498,527,580042,10152,409806,2120800
1125,477,505,579565,10124,410311,1765500
1126,508,518,579057,10114,410829,1809400
1127,493,497,578564,10110,411326,1771700
1128,497,496,578067,10111,411822,1762900
1129,482,504,577585,10089,412326,1804900
1130,505,514,577080,10080,412840,1769900
1131,513,529,576567,10064,413369,1808000
1132,536,532,576031,10068,413901,1732900
1133,542,500,575489,10110,414401,1835000
1134,540,517,574949,10133,414918,1832900
1135,532,511,574417,10154,415429,2430200
1136,552,499,573865,10207,415928,2082300
1137,528,503,573337,10232,416431,1830500
1138,523,508,572814,10247,416939,2048700
1139,552,538,572262,10261,417477,1874700
1140,543,536,571719,10268,418013,1856400
1141,519,510,571200,10277,418523,1836800
1142,548,543,570652,10282,419066,1761400
1143,520,512,570132,10290,419578,2008500
1144,534,513,569598,10311,420091,1783000
1145,579,545,569019,10345,420636,1812200
1146,524,531,568495,10338,421167,1755400
1147,525,501,567970,10362,421668,1868900
1148,529,530,567441,10361,422198,2143400
1149,545,496,566896,10410,422694,1847200
1150,525,552,566371,10383,423246,2104500
1151,525,535,565846,10373,423781,2063200
1152,543,500,565303,10416,424281,1956400
1153,584,550,564719,10450,424831,1859800
1154,550,549,564169,10451,425380,1804400
1155,565,506,563604,10510,425886,1720400
1156,531,522,563073,10519,426408,1772800
1157,520,489,562553,10550,426897,1731300
1158,567,545,561986,10572,427442,1831300
1159,545,548,561441,10569,427990,1771600
1160,582,535,560859,10616,428525,1750000
1161,525,538,560334,10603,429063,1722900
1162,530,544,559804,10589,429607,1827300
1163,545,515,559259,10619,430122,1798900
1164,529,505,558730,10643,430627,1733500
1165,556,523,558174,10676,431150,1715100
1166,556,524,557618,10708,431674,1836200
1167,570,524,557048,10754,432198,1847800
1168,535,541,556513,10748,432739,1779000
1169,568,578,555945,10738,433317,1728700
1170,531,558,555414,10711,433875,1750300
1171,543,555,554871,10699,434430,1854100
1172,519,547,554352,10671,434977,1820600
1173,501,514,553851,10658,435491,1766000
1174,578,551,553273,10685,436042,2040200
1175,548,548,552725,10685,436590,2187200
1176,545,540,552180,10690,437130,1927200
1177,550,525,551630,10715,437655,1877800
1178,522,540,551108,10697,438195,1947600
1179,513,524,550595,10686,438719,2141300
1180,511,511,550084,10686,439230,1931800
1181,493,499,549591,10680,439729,2046100
1182,531,546,549060,10665,440275,3719200
1183,539,539,548521,10665,440814,3436500
1184,521,562,548000,10624,441376,2883500
1185,534,500,547466,10658,441876,4709500
1186,552,525,546914,10685,442401,2773500
1187,486,533,546428,10638,442934,2267500
1188,522,563,545906,10597,443497,2457800
1189,511,511,545395,10597,444008,2288200
1190,526,528,544869,10595,444536,2106800
1191,534,513,544335,10616,445049,2131700
1192,535,551,543800,10600,445600,2064200
1193,540,487,543260,10653,446087,2176900
1194,511,566,542749,10598,446653,2008400
1195,502,504,542247,10596,447157,2278700
1196,520,490,541727,10626,447647,2290500
1197,532,487,541195,10671,448134,2215700
1198,490,512,540705,10649,448646,2098500
1199,542,570,540163,10621,449216,1969900
1200,532,514,539631,10639,449730,2034400
1201,525,499,539106,10665,450229,2093700
1202,509,541,538597,10633,450770,2090700
1203,528,545,538069,10616,451315,2111900
1204,525,489,537544,10652,451804,2112000
1205,555,533,536989,10674,452337,2015900
1206,576,549,536413,10701,452886,1934400
1207,546,508,535867,10739,453394,1918700
1208,533,558,535334,10714,453952,1887600
1209,545,516,534789,10743,454468,1901500
1210,544,499,534245,10788,454967,1945600
1211,588,525,533657,10851,455492,1863100
1212,564,525,533093,10890,456017,1910300
1213,531,528,532562,10893,456545,1853100
1214,525,518,532037,10900,457063,2069200
1215,518,548,531519,10870,457611,1745600
1216,510,535,531009,10845,458146,1726700
1217,543,578,530466,10810,458724,1890000
1218,551,568,529915,10793,459292,1944500
1219,540,547,529375,10786,459839,1792800
1220,542,569,528833,10759,460408,1792900
1221,503,558,528330,10704,460966,1720100
1222,525,514,527805,10715,461480,1762700
1223,564,560,527241,10719,462040,1824700
1224,528,561,526713,10686,462601,1813900
1225,515,532,526198,10669,463133,1825100
1226,546,584,525652,10631,463717,1806400
1227,545,533,525107,10643,464250,2111300
1228,542,549,524565,10636,464799,1882300
1229,512,547,524053,10601,465346,1802700
1230,542,542,523511,10601,465888,1884900
1231,546,531,522965,10616,466419,1884100
1232,542,543,522423,10615,466962,1845900
1233,534,554,521889,10595,467516,1815600
1234,519,557,521370,10557,468073,1720400
1235,499,479,520871,10577,468552,2030400
1236,556,524,520315,10609,469076,2083900
1237,552,499,519763,10662,469575,1871300
1238,512,513,519251,10661,470088,1804900
1239,513,539,518738,10635,470627,1846600
1240,508,544,518230,10599,471171,1794000
1241,538,557,517692,10580,471728,1839300
1242,538,511,517154,10607,472239,1809700
1243,525,539,516629,10593,472778,1843900
1244,550,496,516079,10647,473274,2156900
1245,551,570,515528,10628,473844,1849600
1246,503,505,515025,10626,474349,1840200
1247,532,531,514493,10627,474880,1854700
1248,566,559,513927,10634,475439,1898800
1249,498,534,513429,10598,475973,1879800
1250,519,520,512910,10597,476493,2118300
1251,520,529,512390,10588,477022,2158300
1252,538,529,511852,10597,477551,1872800
1253,514,586,511338,10525,478137,1962800
1254,539,546,510799,10518,478683,2063100
1255,501,526,510298,10493,479209,1782600
1256,512,519,509786,10486,479728,1841600
1257,566,527,509220,10525,480255,1760900
1258,526,526,508694,10525,480781,1730500
1259,554,499,508140,10580,481280,1843800
1260,547,508,507593,10619,481788,1799000
1261,573,519,507020,10673,482307,1779100
1262,512,553,506508,10632,482860,1872400
1263,545,521,505963,10656,483381,1718000
1264,521,540,505442,10637,483921,1761000
1265,553,546,504889,10644,484467,1831600
1266,520,532,504369,10632,484999,1783700
1267,568,536,503801,10664,485535,1759400
1268,538,488,503263,10714,486023,1787000
1269,533,516,502730,10731,486539,1737500
1270,590,524,502140,10797,487063,2018400
1271,561,550,501579,10808,487613,1834200
1272,495,569,501084,10734,488182,1770800
1273,497,476,500587,10755,488658,1723900
1274,538,556,500049,10737,489214,1711800
1275,554,477,499495,10814,489691,1823900
1276,554,544,498941,10824,490235,1797800
1277,554,517,498387,10861,490752,1745800
1278,575,565,497812,10871,491317,1980000
1279,546,561,497266,10856,491878,1802700
1280,537,513,496729,10880,492391,1916200
1281,535,550,496194,10865,492941,1862000
1282,574,526,495620,10913,493467,1861500
1283,547,552,495073,10908,494019,1738800
1284,585,540,494488,10953,494559,1810500
1285,562,521,493926,10994,495080,2071800
1286,580,582,493346,10992,495662,1868900
1287,555,567,492791,10980,496229,1846100
1288,555,580,492236,10955,496809,1832500
1289,535,525,491701,10965,497334,2047800
1290,540,527,491161,10978,497861,1913700
1291,569,536,490592,11011,498397,1906400
1292,528,517,490064,11022,498914,1898500
1293,537,559,489527,11000,499473,1873800
1294,540,554,488987,10986,500027,1883800
1295,517,559,488470,10944,500586,1810500
1296,609,560,487861,10993,501146,1790900
1297,556,563,487305,10986,501709,1827700
1298,518,515,486787,10989,502224,1839100
1299,548,544,486239,10993,502768,1889300
1300,553,550,485686,10996,503318,1800500
1301,547,570,485139,10973,503888,1792200
1302,539,571,484600,10941,504459,2042500
1303,594,541,484006,10994,505000,1869400
1304,550,579,483456,10965,505579,1853900
1305,576,587,482880,10954,506166,1760100
1306,549,551,482331,10952,506717,1837200
1307,546,513,481785,10985,507230,1763600
1308,503,550,481282,10938,507780,2039900
1309,555,565,480727,10928,508345,1773600
1310,525,554,480202,10899,508899,1784700
1311,553,565,479649,10887,509464,1787900
1312,524,531,479125,10880,509995,1821800
1313,550,561,478575,10869,510556,1765200
1314,567,547,478008,10889,511103,1992300
1315,545,554,477463,10880,511657,1753500
1316,516,593,476947,10803,512250,1859200
1317,512,515,476435,10800,512765,1847500
1318,572,558,475863,10814,513323,1984900
1319,570,494,475293,10890,513817,1965800
1320,547,512,474746,10925,514329,2076100
1321,552,579,474194,10898,514908,1846600
1322,526,516,473668,10908,515424,1813100
1323,481,575,473187,10814,515999,1723300
1324,548,518,472639,10844,516517,1784400
1325,580,517,472059,10907,517034,1848400
1326,519,550,471540,10876,517584,1845800
1327,524,548,471016,10852,518132,1780300
1328,551,529,470465,10874,518661,1769500
1329,514,520,469951,10868,519181,1777300
1330,556,554,469395,10870,519735,1740400
1331,513,538,468882,10845,520273,1813400
1332,525,567,468357,10803,520840,1825700
1333,538,563,467819,10778,521403,1751700
1334,525,534,467294,10769,521937,1730300
1335,545,558,466749,10756,522495,2096300
1336,567,513,466182,10810,523008,1875400
1337,549,556,465633,10803,523564,2157500
1338,531,583,465102,10751,524147,1790300
1339,557,541,464545,10767,524688,1836000
1340,520,518,464025,10769,525206,1831900
1341,573,516,463452,10826,525722,1772000
1342,588,529,462864,10885,526251,1762200
1343,555,543,462309,10897,526794,1841100
1344,545,569,461764,10873,527363,1731000
1345,537,561,461227,10849,527924,1875800
1346,552,563,460675,10838,528487,1878900
1347,534,531,460141,10841,529018,2130600
1348,529,547,459612,10823,529565,1815100
1349,554,567,459058,10810,530132,1818000
1350,531,540,458527,10801,530672,1736200
1351,550,569,457977,10782,531241,2086700
1352,520,563,457457,10739,531804,1808100
1353,544,544,456913,10739,532348,1849700
1354,530,529,456383,10740,532877,1830400
1355,501,532,455882,10709,533409,1784400
1356,535,544,455347,10700,533953,1780200
1357,531,541,454816,10690,534494,1754700
1358,507,566,454309,10631,535060,1823000
1359,539,537,453770,10633,535597,1880500
1360,521,556,453249,10598,536153,1766700
1361,517,520,452732,10595,536673,1879600
1362,539,535,452193,10599,537208,1722400
1363,528,504,451665,10623,537712,1705200
1364,523,559,451142,10587,538271,1852200
1365,512,511,450630,10588,538782,1961900
1366,520,512,450110,10596,539294,1780300
1367,554,552,449556,10598,539846,1724000
1368,522,558,449034,10562,540404,1781400
1369,543,556,448491,10549,540960,1769800
1370,574,525,447917,10598,541485,1949100
1371,555,521,447362,10632,542006,1815700
1372,548,503,446814,10677,542509,1788400
1373,571,494,446243,10754,543003,1794200
1374,540,505,445703,10789,543508,1739500
1375,539,560,445164,10768,544068,1769200
1376,554,553,444610,10769,544621,1874800
1377,578,512,444032,10835,545133,1744200
1378,552,518,443480,10869,545651,1730100
1379,543,556,442937,10856,546207,1840400
1380,608,491,442329,10973,546698,1831400
1381,553,555,441776,10971,547253,1876500
1382,546,550,441230,10967,547803,1698600
1383,565,553,440665,10979,548356,1748300
1384,545,544,440120,10980,548900,1835800
1385,556,569,439564,10967,549469,1854500
1386,540,522,439024,10985,549991,2004600
1387,498,504,438526,10979,550495,1825500
1388,551,564,437975,10966,551059,1792800
1389,525,525,437450,10966,551584,1761000
1390,519,555,436931,10930,552139,1854600
1391,577,557,436354,10950,552696,1865400
1392,530,556,435824,10924,553252,1876500
1393,523,508,435301,10939,553760,1857500
1394,501,553,434800,10887,554313,1822300
1395,531,535,434269,10883,554848,1871200
1396,551,540,433718,10894,555388,1867800
1397,555,517,433163,10932,555905,1921000
1398,522,542,432641,10912,556447,1931200
1399,533,549,432108,10896,556996,1932000
1400,535,543,431573,10888,557539,1890100
1401,529,495,431044,10922,558034,1975700
1402,531,583,430513,10870,558617,1844200
1403,517,540,429996,10847,559157,1891900
1404,535,528,429461,10854,559685,2110200
1405,535,599,428926,10790,560284,2034000
1406,516,530,428410,10776,560814,1939900
1407,533,543,427877,10766,561357,1915000
1408,559,540,427318,10785,561897,1846100
1409,586,525,426732,10846,562422,1829200
1410,538,513,426194,10871,562935,1842200
1411,549,516,425645,10904,563451,1970600
1412,545,548,425100,10901,563999,1921500
1413,543,535,424557,10909,564534,1905300
1414,519,557,424038,10871,565091,1853900
1415,564,505,423474,10930,565596,1842900
1416,512,536,422962,10906,566132,1740100
1417,563,565,422399,10904,566697,1734100
1418,554,540,421845,10918,567237,1726200
1419,543,557,421302,10904,567794,1899100
1420,581,515,420721,10970,568309,1820900
1421,508,564,420213,10914,568873,1946100
1422,600,523,419613,10991,569396,1741100
1423,519,514,419094,10996,569910,1734000
1424,564,564,418530,10996,570474,1881900
1425,556,533,417974,11019,571007,1848100
1426,557,558,417417,11018,571565,1888000
1427,557,538,416860,11037,572103,2138800
1428,572,547,416288,11062,572650,1902500
1429,586,568,415702,11080,573218,1813500
1430,516,565,415186,11031,573783,1723300
1431,582,558,414604,11055,574341,1755800
1432,558,591,414046,11022,574932,1837400
1433,564,531,413482,11055,575463,2058500
1434,534,512,412948,11077,575975,2262900
1435,531,569,412417,11039,576544,2076500
1436,569,562,411848,11046,577106,1762300
1437,550,591,411298,11005,577697,1834100
1438,497,572,410801,10930,578269,1846900
1439,534,541,410267,10923,578810,1875900
1440,525,546,409742,10902,579356,1953000
1441,513,513,409229,10902,579869,1714500
1442,547,539,408682,10910,580408,1750300
1443,543,521,408139,10932,580929,1867300
1444,521,551,407618,10902,581480,1741600
1445,545,534,407073,10913,582014,1745100
1446,516,535,406557,10894,582549,1730000
1447,536,569,406021,10861,583118,1769300
1448,506,506,405515,10861,583624,1840900
1449,550,529,404965,10882,584153,1813200
1450,537,496,404428,10923,584649,1734200
1451,573,537,403855,10959,585186,1724200
1452,527,589,403328,10897,585775,1861700
1453,540,566,402788,10871,586341,1838300
1454,557,567,402231,10861,586908,1828000
1455,549,534,401682,10876,587442,1725300
1456,545,566,401137,10855,588008,1950900
1457,537,553,400600,10839,588561,1853600
1458,600,571,400000,10868,589132,1754400
1459,528,527,399472,10869,589659,1889700
1460,525,524,398947,10870,590183,1926700
1461,520,508,398427,10882,590691,1958700
1462,514,551,397913,10845,591242,2027800
1463,537,492,397376,10890,591734,2296100
1464,472,528,396904,10834,592262,1828000
1465,494,530,396410,10798,592792,1864100
1466,545,533,395865,10810,593325,1883500
1467,512,557,395353,10765,593882,1818000
1468,498,523,394855,10740,594405,2100400
1469,549,558,394306,10731,594963,1902300
1470,518,547,393788,10702,595510,1825300
1471,495,517,393293,10680,596027,1849900
1472,497,554,392796,10623,596581,1903500
1473,492,534,392304,10581,597115,1885500
1474,477,498,391827,10560,597613,1901300
1475,498,516,391329,10542,598129,1834900
1476,551,532,390778,10561,598661,1779200
1477,511,537,390267,10535,599198,1850500
1478,502,515,389765,10522,599713,1813400
1479,507,552,389258,10477,600265,1910400
1480,499,497,388759,10479,600762,1838000
1481,465,514,388294,10430,601276,1709300
1482,515,489,387779,10456,601765,1757900
1483,491,509,387288,10438,602274,1813900
1484,475,482,386813,10431,602756,1808500
1485,486,479,386327,10438,603235,1834400
1486,514,538,385813,10414,603773,1757900
1487,506,494,385307,10426,604267,1739400
1488,470,530,384837,10366,604797,1714700
1489,492,517,384345,10341,605314,1754900
1490,502,500,383843,10343,605814,2036600
1491,530,504,383313,10369,606318,1841100
1492,498,517,382815,10350,606835,1815900
1493,522,511,382293,10361,607346,1911100
1494,518,503,381775,10376,607849,1816000
1495,505,513,381270,10368,608362,1809000
1496,516,490,380754,10394,608852,1982400
1497,515,572,380239,10337,609424,1929800
1498,480,484,379759,10333,609908,1824500
1499,525,532,379234,10326,610440,1854500
1500,502,502,378732,10326,610942,1813400
1501,503,490,378229,10339,611432,1959900
1502,501,490,377728,10350,611922,2226800
1503,486,507,377242,10329,612429,1875400
1504,542,497,376700,10374,612926,1868300
1505,488,545,376212,10317,613471,1801800
1506,513,504,375699,10326,613975,1773200
1507,513,519,375186,10320,614494,1904600
1508,511,500,374675,10331,614994,2035300
1509,513,459,374162,10385,615453,1869600
1510,533,540,373629,10378,615993,1968000
1511,498,498,373131,10378,616491,1797300
1512,524,528,372607,10374,617019,1819400
1513,497,511,372110,10360,617530,1788900
1514,490,503,371620,10347,618033,1745000
1515,513,526,371107,10334,618559,1823500
1516,478,501,370629,10311,619060,1860800
1517,480,484,370149,10307,619544,1771900
1518,475,524,369674,10258,620068,2162200
1519,490,537,369184,10211,620605,1938000
1520,509,504,368675,10216,621109,1811300
1521,461,481,368214,10196,621590,1800800
1522,488,467,367726,10217,622057,1987100
1523,520,504,367206,10233,622561,1800400
1524,538,466,366668,10305,623027,1824200
1525,520,484,366148,10341,623511,1826700
1526,515,545,365633,10311,624056,1757600
1527,493,501,365140,10303,624557,1841000
1528,446,513,364694,10236,625070,2046400
1529,502,485,364192,10253,625555,2140900
1530,510,554,363682,10209,626109,2250100
1531,508,560,363174,10157,626669,1797600
1532,507,490,362667,10174,627159,1824300
1533,461,501,362206,10134,627660,1972900
1534,510,497,361696,10147,628157,1842200
1535,527,531,361169,10143,628688,1818800
1536,500,521,360669,10122,629209,1768400
1537,497,535,360172,10084,629744,1744700
1538,507,547,359665,10044,630291,1810300
1539,484,499,359181,10029,630790,1887200
1540,506,558,358675,9977,631348,1759800
1541,477,533,358198,9921,631881,1811900
1542,466,476,357732,9911,632357,1827300
1543,536,536,357196,9911,632893,1787300
1544,493,498,356703,9906,633391,1805300
1545,502,516,356201,9892,633907,1767400
1546,514,507,355687,9899,634414,1746900
1547,487,549,355200,9837,634963,1861500
1548,520,468,354680,9889,635431,1737600
1549,502,479,354178,9912,635910,1795900
1550,476,491,353702,9897,636401,1734600
1551,516,480,353186,9933,636881,1724600
1552,489,476,352697,9946,637357,1837500
1553,502,474,352195,9974,637831,1868400
1554,566,529,351629,10011,638360,1746600
1555,479,529,351150,9961,638889,1760100
1556,515,504,350635,9972,639393,1890000
1557,507,468,350128,10011,639861,1848100
1558,531,468,349597,10074,640329,1851800
1559,481,504,349116,10051,640833,1800400
1560,503,472,348613,10082,641305,1739100
1561,542,480,348071,10144,641785,2060600
1562,502,537,347569,10109,642322,2027600
1563,480,481,347089,10108,642803,1843900
1564,511,517,346578,10102,643320,1786500
1565,521,472,346057,10151,643792,1855600
1566,510,571,345547,10090,644363,1853600
1567,505,517,345042,10078,644880,2167100
1568,487,507,344555,10058,645387,2042400
1569,493,474,344062,10077,645861,2046600
1570,468,523,343594,10022,646384,1849000
1571,487,531,343107,9978,646915,1789300
1572,481,511,342626,9948,647426,1811500
1573,498,486,342128,9960,647912,1843700
1574,474,497,341654,9937,648409,1823200
1575,480,519,341174,9898,648928,1866200
1576,492,535,340682,9855,649463,1919300
1577,466,502,340216,9819,649965,1902900
1578,459,483,339757,9795,650448,1860600
1579,482,495,339275,9782,650943,1836100
1580,487,473,338788,9796,651416,1809800
1581,505,468,338283,9833,651884,1802600
1582,469,494,337814,9808,652378,1772800
1583,526,507,337288,9827,652885,1863800
1584,443,472,336845,9798,653357,1841700
1585,493,460,336352,9831,653817,2069000
1586,485,470,335867,9846,654287,1859800
1587,499,492,335368,9853,654779,1863900
1588,460,446,334908,9867,655225,1748500
1589,481,480,334427,9868,655705,1700000
1590,457,510,333970,9815,656215,1822800
1591,478,489,333492,9804,656704,1867800
1592,496,582,332996,9718,657286,1749800
1593,514,491,332482,9741,657777,1781800
1594,477,455,332005,9763,658232,1835600
1595,477,489,331528,9751,658721,2052200
1596,460,479,331068,9732,659200,1935100
1597,471,457,330597,9746,659657,2605600
1598,522,481,330075,9787,660138,2830400
1599,502,478,329573,9811,660616,2705400
1600,513,520,329060,9804,661136,2185800
1601,475,513,328585,9766,661649,3076400
1602,547,483,328038,9830,662132,7433700
1603,507,496,327531,9841,662628,2951700
1604,525,484,327006,9882,663112,2636700
1605,497,553,326509,9826,663665,2612300
1606,488,478,326021,9836,664143,2372900
1607,489,513,325532,9812,664656,2479000
1608,515,471,325017,9856,665127,2190100
1609,506,525,324511,9837,665652,2179400
1610,470,505,324041,9802,666157,2051100
1611,489,475,323552,9816,666632,2078000
1612,511,456,323041,9871,667088,2027600
1613,482,506,322559,9847,667594,2080100
1614,490,457,322069,9880,668051,2051200
1615,547,513,321522,9914,668564,2303900
1616,473,488,321049,9899,669052,5912400
1617,472,512,320577,9859,669564,2481300
1618,495,471,320082,9883,670035,2412600
1619,486,483,319596,9886,670518,2294700
1620,504,502,319092,9888,671020,2232500
1621,439,497,318653,9830,671517,2054100
1622,446,472,318207,9804,671989,2342900
1623,487,511,317720,9780,672500,2374900
1624,484,446,317236,9818,672946,2206100
1625,510,515,316726,9813,673461,2320100
1626,477,481,316249,9809,673942,2006100
1627,511,449,315738,9871,674391,2148300
1628,447,438,315291,9880,674829,1924700
1629,445,486,314846,9839,675315,1947100
1630,505,519,314341,9825,675834,2098600
1631,524,483,313817,9866,676317,2046700
1632,511,511,313306,9866,676828,1943400
1633,509,504,312797,9871,677332,1927500
1634,517,505,312280,9883,677837,1826300
1635,509,487,311771,9905,678324,1775100
1636,527,454,311244,9978,678778,1865900
1637,532,499,310712,10011,679277,1849600
1638,506,533,310206,9984,679810,1791500
1639,519,519,309687,9984,680329,2087100
1640,500,481,309187,10003,680810,1897700
1641,509,509,308678,10003,681319,1864000
1642,475,492,308203,9986,681811,1793000
1643,535,455,307668,10066,682266,1820000
1644,509,529,307159,10046,682795,1772900
1645,506,477,306653,10075,683272,1819000
1646,506,501,306147,10080,683773,1801500
1647,520,488,305627,10112,684261,2025400
1648,513,477,305114,10148,684738,2006800
1649,485,518,304629,10115,685256,2029800
1650,524,525,304105,10114,685781,1924800
1651,517,469,303588,10162,686250,2038100
1652,508,486,303080,10184,686736,1982200
1653,495,498,302585,10181,687234,1938900
1654,487,489,302098,10179,687723,1985900
1655,473,506,301625,10146,688229,1918100
1656,503,497,301122,10152,688726,1945700
1657,505,517,300617,10140,689243,1926200
1658,469,483,300148,10126,689726,1979500
1659,488,514,299660,10100,690240,1931500
1660,476,507,299184,10069,690747,1907400
1661,483,530,298701,10022,691277,2059500
1662,527,526,298174,10023,691803,2023300
1663,469,503,297705,9989,692306,2049300
1664,469,530,297236,9928,692836,1852100
1665,522,522,296714,9928,693358,1937400
1666,513,490,296201,9951,693848,1879300
1667,463,498,295738,9916,694346,1744300
1668,486,497,295252,9905,694843,1890400
1669,482,521,294770,9866,695364,1806500
1670,467,514,294303,9819,695878,1755800
1671,499,483,293804,9835,696361,1804400
1672,510,514,293294,9831,696875,1852100
1673,507,533,292787,9805,697408,1733000
1674,486,517,292301,9774,697925,1741700
1675,498,481,291803,9791,698406,1694200
1676,475,486,291328,9780,698892,1807200
1677,435,474,290893,9741,699366,1814000
1678,492,484,290401,9749,699850,1748500
1679,446,470,289955,9725,700320,2064400
1680,456,508,289499,9673,700828,1873100
1681,491,488,289008,9676,701316,1749900
1682,476,463,288532,9689,701779,1849000
1683,457,494,288075,9652,702273,1957100
1684,461,513,287614,9600,702786,1966600
1685,481,481,287133,9600,703267,1804300
1686,470,480,286663,9590,703747,1785800
1687,497,459,286166,9628,704206,1764400
1688,475,470,285691,9633,704676,1847200
1689,442,449,285249,9626,705125,1845000
1690,482,508,284767,9600,705633,1764900
1691,492,452,284275,9640,706085,1722500
1692,492,498,283783,9634,706583,1773900
1693,489,508,283294,9615,707091,1850900
1694,477,497,282817,9595,707588,1840800
1695,445,485,282372,9555,708073,1751300
1696,502,486,281870,9571,708559,2109400
1697,472,488,281398,9555,709047,1835100
1698,446,486,280952,9515,709533,1918400
1699,529,461,280423,9583,709994,1765100
1700,484,435,279939,9632,710429,1774900
1701,480,462,279459,9650,710891,2055500
1702,454,478,279005,9626,711369,1847500
1703,474,434,278531,9666,711803,1776800
1704,535,453,277996,9748,712256,1919200
1705,441,482,277555,9707,712738,1988100
1706,497,465,277058,9739,713203,1814000
1707,435,505,276623,9669,713708,1746800
1708,484,494,276139,9659,714202,1841000
1709,487,512,275652,9634,714714,1843300
1710,494,504,275158,9624,715218,1840700
1711,488,458,274670,9654,715676,1827600
1712,512,491,274158,9675,716167,1795700
1713,490,487,273668,9678,716654,1756900
1714,498,472,273170,9704,717126,1855400
1715,496,486,272674,9714,717612,1910600
1716,511,480,272163,9745,718092,1916600
1717,490,474,271673,9761,718566,2165700
1718,484,467,271189,9778,719033,1937700
1719,495,490,270694,9783,719523,1904800
1720,506,478,270188,9811,720001,1925200
1721,518,483,269670,9846,720484,2081000
1722,479,502,269191,9823,720986,1877300
1723,487,469,268704,9841,721455,1870100
1724,464,497,268240,9808,721952,1750300
1725,506,477,267734,9837,722429,1792400
1726,484,463,267250,9858,722892,1800800
1727,520,512,266730,9866,723404,1841500
1728,537,440,266193,9963,723844,1859100
1729,478,525,265715,9916,724369,1810600
1730,463,500,265252,9879,724869,1787500
1731,537,511,264715,9905,725380,1815600
1732,498,487,264217,9916,725867,2032500
1733,512,505,263705,9923,726372,1872400
1734,515,493,263190,9945,726865,1716100
1735,488,512,262702,9921,727377,1847300
1736,534,517,262168,9938,727894,1849000
1737,490,491,261678,9937,728385,1828600
1738,513,522,261165,9928,728907,1819500
1739,515,531,260650,9912,729438,1787800
1740,533,473,260117,9972,729911,1872500
1741,530,516,259587,9986,730427,1861200
1742,453,486,259134,9953,730913,1813600
1743,527,487,258607,9993,731400,2008400
1744,479,477,258128,9995,731877,1853100
1745,544,518,257584,10021,732395,1826400
1746,506,495,257078,10032,732890,1767400
1747,540,502,256538,10070,733392,1769300
1748,540,522,255998,10088,733914,1843400
1749,485,543,255513,10030,734457,1799900
1750,514,509,254999,10035,734966,1717400
1751,485,504,254514,10016,735470,1720100
1752,530,510,253984,10036,735980,1866300
1753,502,458,253482,10080,736438,2000200
1754,500,494,252982,10086,736932,1928800
1755,459,498,252523,10047,737430,1894700
1756,486,470,252037,10063,737900,1806700
1757,476,458,251561,10081,738358,1779300
1758,525,503,251036,10103,738861,1694200
1759,495,525,250541,10073,739386,1730900
1760,487,546,250054,10014,739932,1722200
1761,539,540,249515,10013,740472,1887700
1762,493,490,249022,10016,740962,1731100
1763,497,529,248525,9984,741491,2020900
1764,477,529,248048,9932,742020,1696700
1765,448,490,247600,9890,742510,1866600
1766,518,506,247082,9902,743016,1750000
1767,488,441,246594,9949,743457,1822000
1768,461,484,246133,9926,743941,1750300
1769,495,495,245638,9926,744436,1876700
1770,524,460,245114,9990,744896,1864500
1771,493,534,244621,9949,745430,2166800
1772,492,483,244129,9958,745913,1855700
1773,478,502,243651,9934,746415,1856600
1774,468,473,243183,9929,746888,1809800
1775,466,504,242717,9891,747392,1740500
1776,468,526,242249,9833,747918,1766900
1777,499,501,241750,9831,748419,1769000
1778,476,498,241274,9809,748917,1833900
1779,490,507,240784,9792,749424,2186900
1780,458,463,240326,9787,749887,1925100
1781,431,471,239895,9747,750358,1739400
1782,464,459,239431,9752,750817,1801200
1783,437,473,238994,9716,751290,1765400
1784,474,479,238520,9711,751769,1831500
1785,467,511,238053,9667,752280,1848200
1786,432,459,237621,9640,752739,1810700
1787,451,448,237170,9643,753187,1769300
1788,476,490,236694,9629,753677,1777600
1789,461,462,236233,9628,754139,1714200
1790,456,472,235777,9612,754611,2046200
1791,471,479,235306,9604,755090,1905800
1792,453,473,234853,9584,755563,1837000
1793,475,442,234378,9617,756005,1777500
1794,424,484,233954,9557,756489,1713200
1795,458,493,233496,9522,756982,1716600
1796,442,467,233054,9497,757449,1954700
1797,465,495,232589,9467,757944,2077000
1798,441,484,232148,9424,758428,1836400
1799,408,491,231740,9341,758919,1792100
1800,427,490,231313,9278,759409,1692700
1801,418,471,230895,9225,759880,1831100
1802,439,439,230456,9225,760319,1763600
1803,416,472,230040,9169,760791,2073500
1804,469,470,229571,9168,761261,1977100
1805,425,454,229146,9139,761715,1801300
1806,422,481,228724,9080,762196,1802500
1807,437,485,228287,9032,762681,1720900
1808,469,470,227818,9031,763151,1711500
1809,427,438,227391,9020,763589,1852900
1810,405,466,226986,8959,764055,1824900
1811,473,461,226513,8971,764516,1712700
1812,410,458,226103,8923,764974,1784300
1813,456,442,225647,8937,765416,1747800
1814,440,484,225207,8893,765900,1804100
1815,420,444,224787,8869,766344,1802500
1816,434,470,224353,8833,766814,1801200
1817,464,452,223889,8845,767266,1807600
1818,449,448,223440,8846,767714,1788100
1819,431,425,223009,8852,768139,1822400
1820,416,456,222593,8812,768595,1787100
1821,475,448,222118,8839,769043,1800000
1822,443,436,221675,8846,769479,1904800
1823,436,446,221239,8836,769925,1815400
1824,417,443,220822,8810,770368,1811400
1825,408,474,220414,8744,770842,1798000
1826,463,442,219951,8765,771284,1899700
1827,432,426,219519,8771,771710,1848800
1828,459,443,219060,8787,772153,1689100
1829,422,445,218638,8764,772598,1716200
1830,422,412,218216,8774,773010,1940900
1831,429,426,217787,8777,773436,1757500
1832,426,429,217361,8774,773865,1731600
1833,444,435,216917,8783,774300,1720700
1834,445,440,216472,8788,774740,1791400
1835,392,428,216080,8752,775168,1830400
1836,464,412,215616,8804,775580,1777900
1837,457,401,215159,8860,775981,1714200
1838,418,434,214741,8844,776415,1731100
1839,425,416,214316,8853,776831,1857800
1840,414,446,213902,8821,777277,1845300
1841,458,410,213444,8869,777687,1786400
1842,433,421,213011,8881,778108,1719900
1843,428,429,212583,8880,778537,1862500
1844,444,418,212139,8906,778955,1816000
1845,458,428,211681,8936,779383,1824400
1846,460,462,211221,8934,779845,1746300
1847,415,468,210806,8881,780313,1752700
1848,420,427,210386,8874,780740,2054000
1849,415,447,209971,8842,781187,1846800
1850,431,430,209540,8843,781617,1722500
1851,407,471,209133,8779,782088,2054600
1852,406,431,208727,8754,782519,2247900
1853,451,417,208276,8788,782936,1831600
1854,468,451,207808,8805,783387,2035900
1855,424,430,207384,8799,783817,1843000
1856,415,451,206969,8763,784268,1718200
1857,416,451,206553,8728,784719,1705400
1858,440,431,206113,8737,785150,1700000
1859,429,405,205684,8761,785555,1840500
1860,391,454,205293,8698,786009,1828700
1861,385,439,204908,8644,786448,2083400
1862,395,414,204513,8625,786862,1811200
1863,403,431,204110,8597,787293,1715900
1864,376,460,203734,8513,787753,2007200
1865,362,440,203372,8435,788193,1777000
1866,389,433,202983,8391,788626,1840300
1867,380,411,202603,8360,789037,1856100
1868,368,409,202235,8319,789446,1816800
1869,383,411,201852,8291,789857,1744300
1870,393,415,201459,8269,790272,1696100
1871,429,394,201030,8304,790666,1693200
1872,360,395,200670,8269,791061,1809500
1873,382,390,200288,8261,791451,1725700
1874,409,411,199879,8259,791862,1765400
1875,382,408,199497,8233,792270,1832100
1876,385,383,199112,8235,792653,2133400
1877,404,433,198708,8206,793086,1808400
1878,373,385,198335,8194,793471,1848400
1879,432,400,197903,8226,793871,1832500
1880,389,436,197514,8179,794307,1716400
1881,439,404,197075,8214,794711,1776100
1882,440,417,196635,8237,795128,1757900
1883,431,404,196204,8264,795532,2179200
1884,385,404,195819,8245,795936,2035800
1885,396,418,195423,8223,796354,1814600
1886,413,399,195010,8237,796753,1830900
1887,364,399,194646,8202,797152,2095400
1888,399,434,194247,8167,797586,1825100
1889,392,386,193855,8173,797972,1761500
1890,408,338,193447,8243,798310,1698500
1891,400,396,193047,8247,798706,1708000
1892,388,438,192659,8197,799144,1848000
1893,409,394,192250,8212,799538,1743300
1894,383,431,191867,8164,799969,1860600
1895,372,398,191495,8138,800367,1698300
1896,389,426,191106,8101,800793,1818200
1897,385,437,190721,8049,801230,1810300
1898,391,386,190330,8054,801616,2313700
1899,391,388,189939,8057,802004,2083700
1900,380,381,189559,8056,802385,1835300
1901,410,384,189149,8082,802769,1824500
1902,365,390,188784,8057,803159,1754500
1903,401,387,188383,8071,803546,1686200
1904,399,405,187984,8065,803951,1699700
1905,408,383,187576,8090,804334,1820200
1906,399,381,187177,8108,804715,2110400
1907,400,401,186777,8107,805116,1989100
1908,355,382,186422,8080,805498,1857700
1909,417,401,186005,8096,805899,1761700
1910,378,426,185627,8048,806325,1782300
1911,386,415,185241,8019,806740,2161500
1912,400,381,184841,8038,807121,1846400
1913,414,388,184427,8064,807509,1707000
1914,386,435,184041,8015,807944,2053100
1915,352,370,183689,7997,808314,2112400
1916,420,398,183269,8019,808712,2058700
1917,385,376,182884,8028,809088,1828500
1918,419,388,182465,8059,809476,1717200
1919,389,371,182076,8077,809847,1780900
1920,376,408,181700,8045,810255,2052600
1921,382,422,181318,8005,810677,1923500
1922,362,417,180956,7950,811094,1900300
1923,381,396,180575,7935,811490,2037000
1924,380,388,180195,7927,811878,1833600
1925,367,387,179828,7907,812265,1800400
1926,368,368,179460,7907,812633,1727300
1927,370,399,179090,7878,813032,1807200
1928,394,371,178696,7901,813403,1792300
1929,376,392,178320,7885,813795,1709700
1930,390,398,177930,7877,814193,1699000
1931,357,375,177573,7859,814568,1864200
1932,362,381,177211,7840,814949,1703300
1933,378,369,176833,7849,815318,1677500
1934,355,375,176478,7829,815693,1691100
1935,367,403,176111,7793,816096,1828700
1936,385,386,175726,7792,816482,1747600
1937,383,359,175343,7816,816841,1709300
1938,392,389,174951,7819,817230,1707700
1939,381,391,174570,7809,817621,1867900
1940,349,357,174221,7801,817978,1816900
1941,353,361,173868,7793,818339,1926300
1942,348,402,173520,7739,818741,1976200
1943,356,386,173164,7709,819127,1784200
1944,354,380,172810,7683,819507,1967900
1945,386,393,172424,7676,819900,2105000
1946,366,405,172058,7637,820305,1946700
1947,339,392,171719,7584,820697,1781100
1948,365,351,171354,7598,821048,1880400
1949,340,399,171014,7539,821447,1895500
1950,342,408,170672,7473,821855,1748900
1951,352,400,170320,7425,822255,1771800
1952,371,397,169949,7399,822652,1801800
1953,375,395,169574,7379,823047,1826100
1954,342,398,169232,7323,823445,1835100
1955,372,366,168860,7329,823811,1830600
1956,327,357,168533,7299,824168,1805100
1957,350,356,168183,7293,824524,1711200
1958,387,373,167796,7307,824897,1709700
1959,383,399,167413,7291,825296,1799600
1960,378,365,167035,7304,825661,1812000
1961,376,401,166659,7279,826062,1743500
1962,381,363,166278,7297,826425,1677600
1963,356,367,165922,7286,826792,1677700
1964,392,353,165530,7325,827145,1817000
1965,373,385,165157,7313,827530,1704300
1966,374,351,164783,7336,827881,1687500
1967,372,394,164411,7314,828275,1828100
1968,351,360,164060,7305,828635,1821100
1969,369,328,163691,7346,828963,1699700
1970,385,359,163306,7372,829322,1700100
1971,368,338,162938,7402,829660,1820200
1972,341,375,162597,7368,830035,1815400
1973,365,380,162232,7353,830415,1917300
1974,347,369,161885,7331,830784,1792400
1975,327,358,161558,7300,831142,1723200
1976,357,350,161201,7307,831492,1890400
1977,365,373,160836,7299,831865,1837000
1978,379,356,160457,7322,832221,1822800
1979,363,372,160094,7313,832593,1732200
1980,349,361,159745,7301,832954,1676000
1981,377,383,159368,7295,833337,1724000
1982,348,352,159020,7291,833689,1820100
1983,384,336,158636,7339,834025,1800100
1984,387,392,158249,7334,834417,1739700
1985,387,361,157862,7360,834778,1743200
1986,412,362,157450,7410,835140,1840800
1987,342,410,157108,7342,835550,1790900
1988,349,368,156759,7323,835918,1705100
1989,382,351,156377,7354,836269,1709100
1990,389,375,155988,7368,836644,1840800
1991,343,370,155645,7341,837014,1789500
1992,386,332,155259,7395,837346,1717900
1993,332,360,154927,7367,837706,1661800
1994,352,358,154575,7361,838064,1831800
1995,370,392,154205,7339,838456,1826200
1996,366,393,153839,7312,838849,1754900
1997,361,371,153478,7302,839220,1677200
1998,396,379,153082,7319,839599,1737100
1999,370,353,152712,7336,839952,1819500
2000,377,369,152335,7344,840321,2312900
2001,333,357,152002,7320,840678,1726500
2002,345,385,151657,7280,841063,1752000
2003,323,338,151334,7265,841401,1788100
2004,342,365,150992,7242,841766,1701600
2005,326,354,150666,7214,842120,1814800
2006,337,388,150329,7163,842508,1826600
2007,357,324,149972,7196,842832,1935900
2008,335,357,149637,7174,843189,1685500
2009,356,367,149281,7163,843556,1757600
2010,365,376,148916,7152,843932,1917100
2011,351,367,148565,7136,844299,1846800
2012,299,368,148266,7067,844667,1810300
2013,359,377,147907,7049,845044,1688400
2014,343,340,147564,7052,845384,1709000
2015,349,358,147215,7043,845742,1776000
2016,336,321,146879,7058,846063,1807000
2017,316,346,146563,7028,846409,1930800
2018,357,350,146206,7035,846759,1722400
2019,337,365,145869,7007,847124,1924400
2020,364,333,145505,7038,847457,1851400
2021,368,376,145137,7030,847833,1806100
2022,333,346,144804,7017,848179,1851100
2023,318,351,144486,6984,848530,1794600
2024,342,346,144144,6980,848876,1744300
2025,328,367,143816,6941,849243,1755900
2026,350,348,143466,6943,849591,1808500
2027,329,361,143137,6911,849952,1827600
2028,322,323,142815,6910,850275,1931100
2029,330,335,142485,6905,850610,1762000
2030,362,371,142123,6896,850981,1785100
2031,324,359,141799,6861,851340,1759500
2032,350,306,141449,6905,851646,1851800
2033,372,350,141077,6927,851996,2180400
2034,334,331,140743,6930,852327,2488200
2035,348,355,140395,6923,852682,2103000
2036,357,346,140038,6934,853028,1878700
2037,314,350,139724,6898,853378,2016800
2038,338,341,139386,6895,853719,1843500
2039,343,364,139043,6874,854083,2225100
2040,368,350,138675,6892,854433,3459400
2041,384,357,138291,6919,854790,3358300
2042,345,348,137946,6916,855138,2155600
2043,326,362,137620,6880,855500,5752900
2044,356,360,137264,6876,855860,2598700
2045,360,386,136904,6850,856246,2331200
2046,353,367,136551,6836,856613,2076900
2047,348,363,136203,6821,856976,2089000
2048,334,319,135869,6836,857295,2057100
2049,332,355,135537,6813,857650,2090500
2050,324,337,135213,6800,857987,2274400
2051,347,359,134866,6788,858346,2006700
2052,348,339,134518,6797,858685,2003100
2053,333,326,134185,6804,859011,1924500
2054,369,363,133816,6810,859374,1972800
2055,340,347,133476,6803,859721,1998300
2056,317,326,133159,6794,860047,2034200
2057,343,340,132816,6797,860387,2034800
2058,362,337,132454,6822,860724,2003200
2059,354,355,132100,6821,861079,1942500
2060,330,311,131770,6840,861390,1916200
2061,331,323,131439,6848,861713,2246300
2062,362,334,131077,6876,862047,2048400
2063,346,329,130731,6893,862376,2021300
2064,358,363,130373,6888,862739,1976900
2065,311,354,130062,6845,863093,1915900
2066,331,357,129731,6819,863450,1948000
2067,324,335,129407,6808,863785,1895500
2068,294,345,129113,6757,864130,1867800
2069,351,332,128762,6776,864462,1712100
2070,340,344,128422,6772,864806,1784600
2071,351,349,128071,6774,865155,1816200
2072,318,346,127753,6746,865501,1687100
2073,348,342,127405,6752,865843,1831800
2074,330,327,127075,6755,866170,1974500
2075,332,335,126743,6752,866505,1810100
2076,324,340,126419,6736,866845,1829700
2077,354,318,126065,6772,867163,1770000
2078,295,329,125770,6738,867492,1675500
2079,373,339,125397,6772,867831,1940500
2080,331,349,125066,6754,868180,1840200
2081,327,357,124739,6724,868537,2067800
2082,335,334,124404,6725,868871,1898000
2083,336,323,124068,6738,869194,1907300
2084,316,301,123752,6753,869495,1975300
2085,362,337,123390,6778,869832,1892700
2086,332,312,123058,6798,870144,1934300
2087,315,324,122743,6789,870468,1806100
2088,316,339,122427,6766,870807,1772200
2089,325,349,122102,6742,871156,1928000
2090,313,329,121789,6726,871485,1782600
2091,316,316,121473,6726,871801,1811100
2092,321,310,121152,6737,872111,1812800
2093,318,342,120834,6713,872453,1904000
2094,345,324,120489,6734,872777,2146700
2095,329,341,120160,6722,873118,1876600
2096,318,335,119842,6705,873453,1828800
2097,316,343,119526,6678,873796,1794800
2098,310,282,119216,6706,874078,1800400
2099,300,344,118916,6662,874422,1818200
2100,292,332,118624,6622,874754,1960700
2101,273,323,118351,6572,875077,1956400
2102,305,337,118046,6540,875414,1768900
2103,328,300,117718,6568,875714,1780500
2104,323,338,117395,6553,876052,1803000
2105,308,301,117087,6560,876353,1949500
2106,291,305,116796,6546,876658,1820200
2107,303,321,116493,6528,876979,1784700
2108,309,341,116184,6496,877320,1791200
2109,317,323,115867,6490,877643,1725800
2110,311,311,115556,6490,877954,1813600
2111,326,318,115230,6498,878272,1823700
2112,313,331,114917,6480,878603,2112600
2113,317,297,114600,6500,878900,1799700
2114,312,332,114288,6480,879232,1712800
2115,322,334,113966,6468,879566,1713800
2116,304,356,113662,6416,879922,1872800
2117,312,316,113350,6412,880238,1823700
2118,292,350,113058,6354,880588,2196000
2119,320,303,112738,6371,880891,1820900
2120,335,321,112403,6385,881212,1819700
2121,259,298,112144,6346,881510,1898000
2122,305,312,111839,6339,881822,1687400
2123,313,339,111526,6313,882161,1728600
2124,291,318,111235,6286,882479,1821100
2125,312,328,110923,6270,882807,1766900
2126,290,335,110633,6225,883142,1716500
2127,307,318,110326,6214,883460,1720800
2128,303,304,110023,6213,883764,1858300
2129,272,295,109751,6190,884059,1796900
2130,297,306,109454,6181,884365,1718700
2131,323,330,109131,6174,884695,1762100
2132,317,289,108814,6202,884984,1811100
2133,311,330,108503,6183,885314,1820500
2134,302,314,108201,6171,885628,1765300
2135,297,295,107904,6173,885923,1686300
2136,273,299,107631,6147,886222,1663800
2137,302,312,107329,6137,886534,1872700
2138,279,307,107050,6109,886841,1710600
2139,288,337,106762,6060,887178,1654700
2140,290,314,106472,6036,887492,1694700
2141,284,309,106188,6011,887801,1717900
2142,294,307,105894,5998,888108,1695500
2143,294,288,105600,6004,888396,1697800
2144,303,303,105297,6004,888699,1848700
2145,304,312,104993,5996,889011,1852700
2146,307,281,104686,6022,889292,1855800
2147,346,330,104340,6038,889622,1787200
2148,278,295,104062,6021,889917,1779400
2149,293,302,103769,6012,890219,1767300
2150,321,309,103448,6024,890528,1809700
2151,324,291,103124,6057,890819,1766100
2152,317,281,102807,6093,891100,1770200
2153,320,315,102487,6098,891415,1819700
2154,295,322,102192,6071,891737,1829800
2155,319,275,101873,6115,892012,1853100
2156,270,320,101603,6065,892332,1937800
2157,298,293,101305,6070,892625,1894100
2158,279,322,101026,6027,892947,1888600
2159,315,342,100711,6000,893289,1936600
2160,304,317,100407,5987,893606,1758500
2161,314,280,100093,6021,893886,1821100
2162,289,269,99804,6041,894155,1852200
2163,321,288,99483,6074,894443,1746400
2164,292,304,99191,6062,894747,1736800
2165,312,284,98879,6090,895031,1672800
2166,274,330,98605,6034,895361,1829200
2167,291,274,98314,6051,895635,1792900
2168,290,301,98024,6040,895936,1654400
2169,320,267,97704,6093,896203,1699000
2170,321,275,97383,6139,896478,1740000
2171,301,312,97082,6128,896790,1752600
2172,296,295,96786,6129,897085,1697000
2173,296,321,96490,6104,897406,1688600
2174,297,298,96193,6103,897704,1813200
2175,282,287,95911,6098,897991,1689200
2176,279,281,95632,6096,898272,1696800
2177,307,325,95325,6078,898597,1756600
2178,283,328,95042,6033,898925,2007600
2179,303,312,94739,6024,899237,1800100
2180,303,307,94436,6020,899544,1723300
2181,263,334,94173,5949,899878,1658900
2182,256,309,93917,5896,900187,1652100
2183,255,269,93662,5882,900456,1915400
2184,276,299,93386,5859,900755,1663100
2185,273,313,93113,5819,901068,1650300
2186,286,296,92827,5809,901364,1801300
2187,249,316,92578,5742,901680,1781700
2188,260,294,92318,5708,901974,1916400
2189,277,276,92041,5709,902250,1902700
2190,266,279,91775,5696,902529,1835000
2191,272,283,91503,5685,902812,1784400
2192,285,271,91218,5699,903083,1818100
2193,281,291,90937,5689,903374,1859400
2194,261,276,90676,5674,903650,1789300
2195,257,300,90419,5631,903950,1774300
2196,277,294,90142,5614,904244,1711200
2197,262,282,89880,5594,904526,1821600
2198,255,315,89625,5534,904841,1896200
2199,246,265,89379,5515,905106,2067500
2200,265,273,89114,5507,905379,1813600
2201,257,285,88857,5479,905664,1690100
2202,264,254,88593,5489,905918,1718000
2203,267,265,88326,5491,906183,1802500
2204,251,271,88075,5471,906454,1820500
2205,242,285,87833,5428,906739,1720900
2206,271,265,87562,5434,907004,1899900
2207,223,250,87339,5407,907254,1807200
2208,259,252,87080,5414,907506,1795500
2209,253,287,86827,5380,907793,1766200
2210,248,295,86579,5333,908088,1721200
2211,252,293,86327,5292,908381,1629600
2212,285,259,86042,5318,908640,1787500
2213,299,268,85743,5349,908908,1784100
2214,276,269,85467,5356,909177,1647500
2215,255,258,85212,5353,909435,1823400
2216,267,271,84945,5349,909706,1810500
2217,243,246,84702,5346,909952,1797600
2218,285,280,84417,5351,910232,2103400
2219,267,263,84150,5355,910495,1780600
2220,276,299,83874,5332,910794,1708800
2221,268,293,83606,5307,911087,2004700
2222,260,273,83346,5294,911360,1771300
2223,244,263,83102,5275,911623,1808300
2224,252,276,82850,5251,911899,1806400
2225,244,275,82606,5220,912174,2092000
2226,252,267,82354,5205,912441,1781800
2227,255,283,82099,5177,912724,1763300
2228,265,268,81834,5174,912992,1646000
2229,245,246,81589,5173,913238,1801300
2230,270,253,81319,5190,913491,1685700
2231,258,263,81061,5185,913754,1991000
2232,267,262,80794,5190,914016,1721100
2233,249,272,80545,5167,914288,1707900
2234,251,285,80294,5133,914573,1733400
2235,245,244,80049,5134,914817,1759300
2236,244,291,79805,5087,915108,1724900
2237,253,258,79552,5082,915366,1741900
2238,253,236,79299,5099,915602,1830300
2239,228,235,79071,5092,915837,1690800
2240,247,258,78824,5081,916095,1699600
2241,254,271,78570,5064,916366,1652200
2242,231,251,78339,5044,916617,1765400
2243,228,244,78111,5028,916861,1627900
2244,245,229,77866,5044,917090,1652400
2245,246,249,77620,5041,917339,1770400
2246,213,265,77407,4989,917604,1758400
2247,256,261,77151,4984,917865,1697100
2248,226,272,76925,4938,918137,1793800
2249,247,237,76678,4948,918374,1785800
2250,255,240,76423,4963,918614,1731500
2251,246,252,76177,4957,918866,1674500
2252,260,235,75917,4982,919101,1671300
2253,282,255,75635,5009,919356,1749900
2254,300,241,75335,5068,919597,1673600
2255,249,236,75086,5081,919833,1843900
2256,251,254,74835,5078,920087,1892600
2257,257,257,74578,5078,920344,1689200
2258,246,243,74332,5081,920587,1679400
2259,242,264,74090,5059,920851,1640500
2260,262,247,73828,5074,921098,1785000
2261,265,252,73563,5087,921350,1746300
2262,249,283,73314,5053,921633,1802700
2263,267,256,73047,5064,921889,1987500
2264,222,283,72825,5003,922172,1761100
2265,244,230,72581,5017,922402,2276800
2266,270,227,72311,5060,922629,1742600
2267,235,265,72076,5030,922894,2021700
2268,237,256,71839,5011,923150,1797100
2269,243,254,71596,5000,923404,1790300
2270,256,237,71340,5019,923641,1742100
2271,252,267,71088,5004,923908,1704500
2272,260,237,70828,5027,924145,1648600
2273,227,226,70601,5028,924371,1773600
2274,246,223,70355,5051,924594,1778700
2275,238,237,70117,5052,924831,1682500
2276,257,261,69860,5048,925092,1662300
2277,251,267,69609,5032,925359,1909100
2278,253,253,69356,5032,925612,1678600
2279,249,259,69107,5022,925871,1679100
2280,252,256,68855,5018,926127,1797800
2281,284,241,68571,5061,926368,1743900
2282,251,225,68320,5087,926593,1709900
2283,246,253,68074,5080,926846,1916800
2284,271,234,67803,5117,927080,1794700
2285,258,236,67545,5139,927316,1807100
2286,263,303,67282,5099,927619,1766300
2287,259,256,67023,5102,927875,1687300
2288,258,265,66765,5095,928140,1680000
2289,222,270,66543,5047,928410,1782000
2290,242,260,66301,5029,928670,1734900
2291,268,256,66033,5041,928926,1660500
2292,249,241,65784,5049,929167,1751800
2293,243,232,65541,5060,929399,1799600
2294,248,234,65293,5074,929633,1743900
2295,240,257,65053,5057,929890,1697200
2296,283,243,64770,5097,930133,1709200
2297,222,262,64548,5057,930395,1787300
2298,213,245,64335,5025,930640,1755700
2299,234,264,64101,4995,930904,1737800
2300,237,234,63864,4998,931138,1968600
2301,257,246,63607,5009,931384,1809900
2302,268,256,63339,5021,931640,1905400
2303,240,257,63099,5004,931897,2056100
2304,255,233,62844,5026,932130,1796700
2305,262,266,62582,5022,932396,1844700
2306,228,258,62354,4992,932654,1727000
2307,233,239,62121,4986,932893,1735200
2308,248,249,61873,4985,933142,1925500
2309,256,250,61617,4991,933392,2227300
2310,249,261,61368,4979,933653,1840800
2311,242,226,61126,4995,933879,1995600
2312,254,253,60872,4996,934132,1831600
2313,250,250,60622,4996,934382,1814000
2314,213,258,60409,4951,934640,1799900
2315,262,214,60147,4999,934854,1700400
2316,236,232,59911,5003,935086,1708400
2317,221,245,59690,4979,935331,1923700
2318,208,227,59482,4960,935558,1798500
2319,223,228,59259,4955,935786,1855300
2320,237,256,59022,4936,936042,1658200
2321,244,240,58778,4940,936282,1751700
2322,227,237,58551,4930,936519,1795300
2323,210,261,58341,4879,936780,2091500
2324,238,255,58103,4862,937035,1830700
2325,232,255,57871,4839,937290,1784800
2326,220,239,57651,4820,937529,1789700
2327,236,241,57415,4815,937770,1753900
2328,223,240,57192,4798,938010,1848400
2329,239,230,56953,4807,938240,1804500
2330,242,240,56711,4809,938480,1753400
2331,236,226,56475,4819,938706,1695800
2332,228,236,56247,4811,938942,1704300
2333,228,250,56019,4789,939192,1796100
2334,195,255,55824,4729,939447,1944400
2335,235,228,55589,4736,939675,1687600
2336,224,226,55365,4734,939901,1723500
2337,208,232,55157,4710,940133,1742400
2338,229,238,54928,4701,940371,1796300
2339,210,244,54718,4667,940615,1751800
2340,244,261,54474,4650,940876,1754800
2341,223,245,54251,4628,941121,1690900
2342,198,254,54053,4572,941375,1863800
2343,229,225,53824,4576,941600,1776700
2344,206,214,53618,4568,941814,1718000
2345,202,212,53416,4558,942026,2036000
2346,208,226,53208,4540,942252,2011800
2347,217,236,52991,4521,942488,1799200
2348,210,215,52781,4516,942703,1673200
2349,184,217,52597,4483,942920,1736600
2350,191,226,52406,4448,943146,1673300
2351,207,207,52199,4448,943353,1832000
2352,188,227,52011,4409,943580,1713500
2353,189,225,51822,4373,943805,1756300
2354,203,221,51619,4355,944026,2160500
2355,199,248,51420,4306,944274,1919700
2356,173,217,51247,4262,944491,1718400
2357,175,244,51072,4193,944735,1687200
2358,200,221,50872,4172,944956,1686000
2359,212,216,50660,4168,945172,1703400
2360,158,185,50502,4141,945357,1709100
2361,194,201,50308,4134,945558,1791800
2362,190,196,50118,4128,945754,1802600
2363,148,208,49970,4068,945962,1779100
2364,171,199,49799,4040,946161,1767200
2365,154,195,49645,3999,946356,1837000
2366,146,208,49499,3937,946564,1779000
2367,182,196,49317,3923,946760,1774100
2368,156,204,49161,3875,946964,1755900
2369,165,197,48996,3843,947161,1796700
2370,153,188,48843,3808,947349,1771600
2371,170,193,48673,3785,947542,1790100
2372,166,179,48507,3772,947721,1771600
2373,163,197,48344,3738,947918,1722400
2374,146,197,48198,3687,948115,1670600
2375,144,181,48054,3650,948296,1662600
2376,155,157,47899,3648,948453,1739600
2377,177,178,47722,3647,948631,1796200
2378,142,183,47580,3606,948814,1872800
2379,154,185,47426,3575,948999,2069100
2380,154,153,47272,3576,949152,1762100
2381,172,180,47100,3568,949332,1666400
2382,174,177,46926,3565,949509,1772000
2383,167,169,46759,3563,949678,1740800
2384,152,177,46607,3538,949855,1664200
2385,181,175,46426,3544,950030,1775100
2386,182,164,46244,3562,950194,1713700
2387,174,208,46070,3528,950402,1729000
2388,175,194,45895,3509,950596,1745100
2389,153,183,45742,3479,950779,1775100
2390,142,193,45600,3428,950972,1690600
2391,164,188,45436,3404,951160,1670300
2392,166,151,45270,3419,951311,1762800
2393,165,162,45105,3422,951473,1715300
2394,162,169,44943,3415,951642,1651900
2395,147,160,44796,3402,951802,1703200
2396,147,183,44649,3366,951985,1790400
2397,163,150,44486,3379,952135,1674500
2398,167,165,44319,3381,952300,1627600
2399,157,162,44162,3376,952462,1774800
2400,166,142,43996,3400,952604,1691700
2401,147,165,43849,3382,952769,1628600
2402,141,160,43708,3363,952929,1646700
2403,152,171,43556,3344,953100,1682800
2404,160,174,43396,3330,953274,1748700
2405,155,185,43241,3300,953459,1686600
2406,153,152,43088,3301,953611,1746800
2407,155,153,42933,3303,953764,1643300
2408,159,152,42774,3310,953916,1651900
2409,151,177,42623,3284,954093,1757300
2410,149,160,42474,3273,954253,1666300
2411,137,166,42337,3244,954419,1722300
2412,158,184,42179,3218,954603,1755200
2413,139,196,42040,3161,954799,2033600
2414,145,186,41895,3120,954985,1770000
2415,125,170,41770,3075,955155,1661000
2416,124,145,41646,3054,955300,1623100
2417,126,145,41520,3035,955445,1748000
2418,139,134,41381,3040,955579,1676200
2419,133,126,41248,3047,955705,1682700
2420,111,158,41137,3000,955863,1664300
2421,159,148,40978,3011,956011,1854600
2422,134,175,40844,2970,956186,1655400
2423,139,159,40705,2950,956345,1681800
2424,130,164,40575,2916,956509,1757700
2425,137,169,40438,2884,956678,1677000
2426,136,132,40302,2888,956810,1640200
2427,151,159,40151,2880,956969,1750700
2428,124,122,40027,2882,957091,1879300
2429,116,147,39911,2851,957238,1796400
2430,117,156,39794,2812,957394,1844500
2431,127,144,39667,2795,957538,1655400
2432,127,142,39540,2780,957680,1917400
2433,114,143,39426,2751,957823,1761500
2434,131,130,39295,2752,957953,1707600
2435,123,130,39172,2745,958083,1863000
2436,127,140,39045,2732,958223,1676700
2437,100,127,38945,2705,958350,1776600
2438,104,127,38841,2682,958477,1689100
2439,118,145,38723,2655,958622,1932900
2440,113,137,38610,2631,958759,1740900
2441,111,126,38499,2616,958885,1652600
2442,118,114,38381,2620,958999,1630500
2443,101,132,38280,2589,959131,1651600
2444,117,107,38163,2599,959238,1732100
2445,108,118,38055,2589,959356,1817100
2446,116,144,37939,2561,959500,1700700
2447,100,131,37839,2530,959631,1626200
2448,109,127,37730,2512,959758,1754900
2449,112,128,37618,2496,959886,1644300
2450,107,133,37511,2470,960019,1739200
2451,107,113,37404,2464,960132,1665900
2452,92,123,37312,2433,960255,2165600
2453,121,120,37191,2434,960375,1783700
2454,112,134,37079,2412,960509,1678200
2455,127,105,36952,2434,960614,1642600
2456,113,117,36839,2430,960731,1741000
2457,129,122,36710,2437,960853,1746600
2458,115,129,36595,2423,960982,1693500
2459,107,132,36488,2398,961114,1723500
2460,108,109,36380,2397,961223,1756200
2461,102,115,36278,2384,961338,1855300
2462,108,112,36170,2380,961450,1718500
2463,107,122,36063,2365,961572,1751900
2464,119,127,35944,2357,961699,1803600
2465,115,109,35829,2363,961808,1873300
2466,114,119,35715,2358,961927,2515800
2467,106,102,35609,2362,962029,2764700
2468,112,118,35497,2356,962147,2993700
2469,110,115,35387,2351,962262,2073500
2470,102,118,35285,2335,962380,6143600
2471,112,109,35173,2338,962489,3222500
2472,104,137,35069,2305,962626,2458000
2473,116,114,34953,2307,962740,2346100
2474,131,111,34822,2327,962851,2164400
2475,94,114,34728,2307,962965,1984300
2476,86,122,34642,2271,963087,1923000
2477,114,127,34528,2258,963214,2098500
2478,90,125,34438,2223,963339,2203200
2479,104,129,34334,2198,963468,2314500
2480,107,111,34227,2194,963579,1877900
2481,97,94,34130,2197,963673,1832300
2482,117,108,34013,2206,963781,1799500
2483,97,118,33916,2185,963899,1992500
2484,102,115,33814,2172,964014,1879500
2485,112,114,33702,2170,964128,1869100
2486,97,110,33605,2157,964238,1822700
2487,97,118,33508,2136,964356,2200200
2488,96,109,33412,2123,964465,5058700
2489,90,101,33322,2112,964566,2699000
2490,96,88,33226,2120,964654,2126200
2491,103,105,33123,2118,964759,2346800
2492,102,92,33021,2128,964851,2181500
2493,100,113,32921,2115,964964,1875300
2494,94,89,32827,2120,965053,1816500
2495,86,97,32741,2109,965150,1823900
2496,94,84,32647,2119,965234,1818800
2497,99,73,32548,2145,965307,1817300
2498,113,110,32435,2148,965417,1831800
2499,91,89,32344,2150,965506,1732800
2500,90,105,32254,2135,965611,1857000
2501,96,104,32158,2127,965715,1698200
2502,98,102,32060,2123,965817,1738400
2503,97,112,31963,2108,965929,1702800
2504,81,103,31882,2086,966032,1728200
2505,79,109,31803,2056,966141,1681000
2506,104,91,31699,2069,966232,1654600
2507,79,96,31620,2052,966328,1908500
2508,86,96,31534,2042,966424,1717000
2509,82,105,31452,2019,966529,1664800
2510,106,95,31346,2030,966624,1745700
2511,86,102,31260,2014,966726,1762100
2512,89,99,31171,2004,966825,1862400
2513,90,87,31081,2007,966912,1820900
2514,90,101,30991,1996,967013,1870400
2515,88,110,30903,1974,967123,1759300
2516,99,98,30804,1975,967221,2101200
2517,90,104,30714,1961,967325,1764500
2518,87,102,30627,1946,967427,1657900
2519,86,96,30541,1936,967523,1635100
2520,80,100,30461,1916,967623,1667900
2521,86,88,30375,1914,967711,1887100
2522,82,92,30293,1904,967803,1722700
2523,98,103,30195,1899,967906,1662200
2524,84,100,30111,1883,968006,1669600
2525,83,91,30028,1875,968097,1800700
2526,98,97,29930,1876,968194,1715100
2527,89,83,29841,1882,968277,1634000
2528,97,101,29744,1878,968378,1795500
2529,93,117,29651,1854,968495,1613600
2530,93,100,29558,1847,968595,1641900
2531,98,88,29460,1857,968683,1756100
2532,92,94,29368,1855,968777,1680200
2533,89,91,29279,1853,968868,1783300
2534,75,92,29204,1836,968960,1753200
2535,73,89,29131,1820,969049,1789100
2536,83,73,29048,1830,969122,1875100
2537,86,86,28962,1830,969208,1679600
2538,95,103,28867,1822,969311,1634200
2539,90,82,28777,1830,969393,1789200
2540,101,96,28676,1835,969489,1758800
2541,90,89,28586,1836,969578,1663000
2542,95,81,28491,1850,969659,1886500
2543,94,108,28397,1836,969767,1852300
2544,102,91,28295,1847,969858,1675900
2545,81,88,28214,1840,969946,1729000
2546,87,80,28127,1847,970026,1622700
2547,73,92,28054,1828,970118,1731400
2548,91,87,27963,1832,970205,1673700
2549,86,94,27877,1824,970299,1619200
2550,72,91,27805,1805,970390,1628700
2551,103,94,27702,1814,970484,1752300
2552,90,77,27612,1827,970561,1668000
2553,71,87,27541,1811,970648,1632300
2554,95,85,27446,1821,970733,1683300
2555,88,113,27358,1796,970846,1630300
2556,82,89,27276,1789,970935,1724000
2557,89,99,27187,1779,971034,1719700
2558,97,76,27090,1800,971110,1682600
2559,86,98,27004,1788,971208,1638400
2560,99,82,26905,1805,971290,1816300
2561,84,98,26821,1791,971388,1623400
2562,95,93,26726,1793,971481,1641700
2563,93,105,26633,1781,971586,1744200
2564,97,114,26536,1764,971700,1625900
2565,91,78,26445,1777,971778,1635100
2566,82,86,26363,1773,971864,1728000
2567,83,90,26280,1766,971954,1655800
2568,95,80,26185,1781,972034,1944500
2569,96,83,26089,1794,972117,1761000
2570,85,93,26004,1786,972210,1646400
2571,83,85,25921,1784,972295,1629000
2572,83,110,25838,1757,972405,1634000
2573,80,91,25758,1746,972496,1723600
2574,73,97,25685,1722,972593,1675700
2575,84,74,25601,1732,972667,1622200
2576,77,95,25524,1714,972762,1705900
2577,89,91,25435,1712,972853,1680600
2578,73,87,25362,1698,972940,1888800
2579,63,88,25299,1673,973028,1786700
2580,93,82,25206,1684,973110,1637700
2581,69,78,25137,1675,973188,1688400
2582,75,80,25062,1670,973268,1692600
2583,72,88,24990,1654,973356,1653300
2584,86,93,24904,1647,973449,1682300
2585,84,82,24820,1649,973531,1626300
2586,84,78,24736,1655,973609,1622300
2587,85,90,24651,1650,973699,1680200
2588,79,84,24572,1645,973783,1916500
2589,92,88,24480,1649,973871,1597700
2590,88,82,24392,1655,973953,1728200
2591,95,91,24297,1659,974044,1665100
2592,77,88,24220,1648,974132,1636100
2593,72,87,24148,1633,974219,1727000
2594,83,74,24065,1642,974293,1667200
2595,76,81,23989,1637,974374,1617200
2596,81,80,23908,1638,974454,1730100
2597,84,92,23824,1630,974546,1673600
2598,75,92,23749,1613,974638,1648300
2599,75,71,23674,1617,974709,1665700
2600,62,74,23612,1605,974783,1699900
2601,81,83,23531,1603,974866,1649500
2602,81,70,23450,1614,974936,1637800
2603,63,79,23387,1598,975015,1683500
2604,69,78,23318,1589,975093,1939700
2605,72,94,23246,1567,975187,1631900
2606,84,82,23162,1569,975269,1704900
2607,76,66,23086,1579,975335,1685500
2608,70,83,23016,1566,975418,1669300
2609,70,75,22946,1561,975493,1632300
2610,61,80,22885,1542,975573,1670200
2611,60,78,22825,1524,975651,1661700
2612,68,64,22757,1528,975715,1670000
2613,59,80,22698,1507,975795,1634200
2614,71,65,22627,1513,975860,1702000
2615,71,68,22556,1516,975928,1690200
2616,65,88,22491,1493,976016,1693000
2617,63,69,22428,1487,976085,1727300
2618,65,60,22363,1492,976145,1895700
2619,71,72,22292,1491,976217,1860800
2620,68,56,22224,1503,976273,1674300
2621,48,83,22176,1468,976356,1653500
2622,59,85,22117,1442,976441,1686800
2623,61,86,22056,1417,976527,1648200
2624,57,72,21999,1402,976599,1678400
2625,63,78,21936,1387,976677,1665200
2626,47,66,21889,1368,976743,1728000
2627,58,68,21831,1358,976811,1741200
2628,56,66,21775,1348,976877,1697400
2629,44,71,21731,1321,976948,1739800
2630,47,61,21684,1307,977009,1816600
2631,48,70,21636,1285,977079,1744300
2632,61,61,21575,1285,977140,1678400
2633,55,61,21520,1279,977201,1910400
2634,64,55,21456,1288,977256,1767900
2635,63,56,21393,1295,977312,1728800
2636,65,66,21328,1294,977378,1736100
2637,48,72,21280,1270,977450,1705000
2638,65,69,21215,1266,977519,1724900
2639,62,56,21153,1272,977575,1736100
2640,62,68,21091,1266,977643,1734200
2641,54,69,21037,1251,977712,1756600
2642,56,66,20981,1241,977778,1780700
2643,49,49,20932,1241,977827,1953400
2644,60,69,20872,1232,977896,1852400
2645,53,60,20819,1225,977956,1954900
2646,61,49,20758,1237,978005,1743400
2647,58,63,20700,1232,978068,1734300
2648,52,67,20648,1217,978135,1782300
2649,49,60,20599,1206,978195,1723300
2650,54,58,20545,1202,978253,2042700
2651,52,64,20493,1190,978317,1820500
2652,59,66,20434,1183,978383,1775800
2653,62,64,20372,1181,978447,1750600
2654,57,70,20315,1168,978517,1722700
2655,62,68,20253,1162,978585,1742000
2656,57,55,20196,1164,978640,1944800
2657,52,51,20144,1165,978691,1736600
2658,57,65,20087,1157,978756,1736300
2659,49,67,20038,1139,978823,1782400
2660,42,60,19996,1121,978883,2000100
2661,49,70,19947,1100,978953,1948800
2662,52,61,19895,1091,979014,1800500
2663,67,49,19828,1109,979063,1969200
2664,46,51,19782,1104,979114,1669200
2665,50,54,19732,1100,979168,1656100
2666,63,57,19669,1106,979225,1663100
2667,50,78,19619,1078,979303,1751800
2668,55,46,19564,1087,979349,1659500
2669,37,46,19527,1078,979395,1717800
2670,56,57,19471,1077,979452,1792600
2671,47,52,19424,1072,979504,1624300
2672,45,65,19379,1052,979569,1655200
2673,48,52,19331,1048,979621,1695000
2674,47,44,19284,1051,979665,1677300
2675,47,59,19237,1039,979724,1655500
2676,47,52,19190,1034,979776,1675700
2677,47,50,19143,1031,979826,1701500
2678,48,51,19095,1028,979877,1715000
2679,43,64,19052,1007,979941,1721600
2680,41,50,19011,998,979991,1946800
2681,53,42,18958,1009,980033,1715100
2682,50,53,18908,1006,980086,1768600
2683,41,61,18867,986,980147,1709700
2684,45,39,18822,992,980186,1700500
2685,49,50,18773,991,980236,1714300
2686,41,60,18732,972,980296,1763900
2687,36,43,18696,965,980339,1707900
2688,48,47,18648,966,980386,1923300
2689,52,50,18596,968,980436,1818900
2690,40,35,18556,973,980471,1669400
2691,53,38,18503,988,980509,1694100
2692,39,57,18464,970,980566,1680300
2693,40,44,18424,966,980610,1675400
2694,39,46,18385,959,980656,1719700
2695,53,60,18332,952,980716,1834300
2696,53,44,18279,961,980760,1685300
2697,36,44,18243,953,980804,1776400
2698,46,46,18197,953,980850,1808000
2699,49,59,18148,943,980909,1665200
2700,43,45,18105,941,980954,1676500
2701,39,41,18066,939,980995,1664600
2702,47,54,18019,932,981049,1657100
2703,48,42,17971,938,981091,1788200
2704,41,44,17930,935,981135,1702100
2705,38,50,17892,923,981185,1645400
2706,33,51,17859,905,981236,1754900
2707,26,47,17833,884,981283,1685200
2708,50,47,17783,887,981330,1742900
2709,38,35,17745,890,981365,1653500
2710,40,41,17705,889,981406,1789400
2711,30,40,17675,879,981446,1634300
2712,38,50,17637,867,981496,1866300
2713,44,36,17593,875,981532,1754000
2714,45,46,17548,874,981578,1907300
2715,31,39,17517,866,981617,1799200
2716,41,52,17476,855,981669,1721600
2717,43,32,17433,866,981701,1685200
2718,34,38,17399,862,981739,1767400
2719,38,50,17361,850,981789,1716700
2720,33,32,17328,851,981821,1672300
2721,34,41,17294,844,981862,2115900
2722,36,46,17258,834,981908,1792100
2723,34,41,17224,827,981949,1726800
2724,28,46,17196,809,981995,1749200
2725,35,42,17161,802,982037,1665900
2726,30,47,17131,785,982084,1681100
2727,24,40,17107,769,982124,1727100
2728,29,39,17078,759,982163,1666600
2729,21,44,17057,736,982207,1954600
2730,33,33,17024,736,982240,1759000
2731,29,33,16995,732,982273,1758600
2732,29,47,16966,714,982320,1735800
2733,21,33,16945,702,982353,1697600
2734,23,45,16922,680,982398,1603700
2735,26,27,16896,679,982425,1648600
2736,20,26,16876,673,982451,1573800
2737,20,35,16856,658,982486,1753900
2738,18,28,16838,648,982514,1829800
2739,18,34,16820,632,982548,1808600
2740,21,32,16799,621,982580,1624800
2741,25,32,16774,614,982612,1648900
2742,21,23,16753,612,982635,1714200
2743,24,27,16729,609,982662,1622300
2744,18,31,16711,596,982693,1637700
2745,25,27,16686,594,982720,1717900
2746,28,34,16658,588,982754,1618600
2747,20,21,16638,587,982775,1705700
2748,20,28,16618,579,982803,1692800
2749,21,39,16597,561,982842,1770600
2750,17,31,16580,547,982873,1817300
2751,22,27,16558,542,982900,1847500
2752,13,32,16545,523,982932,1790800
2753,15,19,16530,519,982951,1738000
2754,12,20,16518,511,982971,1639400
2755,13,29,16505,495,983000,1651400
2756,12,23,16493,484,983023,1861100
2757,17,19,16476,482,983042,1921300
2758,13,26,16463,469,983068,1770400
2759,13,28,16450,454,983096,2064000
2760,13,31,16437,436,983127,1663100
2761,16,19,16421,433,983146,1634200
2762,19,20,16402,432,983166,1717200
2763,9,15,16393,426,983181,1645500
2764,11,17,16382,420,983198,1645200
2765,17,24,16365,413,983222,1735700
2766,14,25,16351,402,983247,2117700
2767,13,25,16338,390,983272,2019500
2768,19,19,16319,390,983291,1659200
2769,13,18,16306,385,983309,1631500
2770,13,22,16293,376,983331,1721900
2771,17,17,16276,376,983348,1669700
2772,16,20,16260,372,983368,1678400
2773,19,15,16241,376,983383,1615300
2774,20,14,16221,382,983397,1785600
2775,10,16,16211,376,983413,1624000
2776,18,14,16193,380,983427,1616200
2777,14,23,16179,371,983450,1699700
2778,17,22,16162,366,983472,1627600
2779,14,14,16148,366,983486,1860200
2780,15,15,16133,366,983501,1682300
2781,19,17,16114,368,983518,1799900
2782,14,16,16100,366,983534,1721800
2783,17,24,16083,359,983558,1752300
2784,15,22,16068,352,983580,2237700
2785,17,13,16051,356,983593,1973900
2786,13,15,16038,354,983608,1923400
2787,15,14,16023,355,983622,1737200
2788,13,14,16010,354,983636,1904400
2789,17,24,15993,347,983660,1833500
2790,21,16,15972,352,983676,1803500
2791,15,15,15957,352,983691,1788700
2792,14,17,15943,349,983708,1818900
2793,23,16,15920,356,983724,1782700
2794,14,19,15906,351,983743,1807300
2795,13,20,15893,344,983763,1862600
2796,12,15,15881,341,983778,1792400
2797,14,20,15867,335,983798,2091500
2798,12,18,15855,329,983816,1992000
2799,14,17,15841,326,983833,1791800
2800,14,12,15827,328,983845,2089500
2801,10,18,15817,320,983863,1767400
2802,16,20,15801,316,983883,1798400
2803,5,17,15796,304,983900,1784200
2804,12,12,15784,304,983912,1815600
2805,12,11,15772,305,983923,1753600
2806,14,27,15758,292,983950,2117900
2807,13,14,15745,291,983964,1825300
2808,11,13,15734,289,983977,1820800
2809,16,14,15718,291,983991,1872000
2810,12,14,15706,289,984005,1846200
2811,13,7,15693,295,984012,1781500
2812,8,14,15685,289,984026,1822500
2813,6,18,15679,277,984044,1914100
2814,10,10,15669,277,984054,1764400
2815,18,9,15651,286,984063,1805500
2816,9,12,15642,283,984075,1747200
2817,12,18,15630,277,984093,1802300
2818,9,13,15621,273,984106,1820500
2819,8,15,15613,266,984121,1753200
2820,11,15,15602,262,984136,1965800
2821,3,12,15599,253,984148,1798100
2822,11,12,15588,252,984160,1741000
2823,9,16,15579,245,984176,1783200
2824,4,14,15575,235,984190,1751400
2825,3,16,15572,222,984206,1782900
2826,8,12,15564,218,984218,1828800
2827,6,13,15558,211,984231,1790700
2828,5,12,15553,204,984243,1814800
2829,2,10,15551,196,984253,1774200
2830,7,11,15544,192,984264,1758000
2831,3,7,15541,188,984271,1784500
2832,6,8,15535,186,984279,1761700
2833,5,11,15530,180,984290,1736400
2834,1,7,15529,174,984297,1730800
2835,13,6,15516,181,984303,1733300
2836,6,11,15510,176,984314,2131600
2837,6,7,15504,175,984321,1735600
2838,3,10,15501,168,984331,1767600
2839,4,6,15497,166,984337,1907700
2840,3,10,15494,159,984347,1781900
2841,3,3,15491,159,984350,1800800
2842,7,12,15484,154,984362,1920900
2843,5,4,15479,155,984366,1767000
2844,8,8,15471,155,984374,1730300
2845,4,9,15467,150,984383,1738000
2846,5,13,15462,142,984396,1740800
2847,5,14,15457,133,984410,1721000
2848,2,8,15455,127,984418,1736800
2849,6,2,15449,131,984420,1724400
2850,1,6,15448,126,984426,1699900
2851,4,4,15444,126,984430,1784300
2852,3,7,15441,122,984437,1728300
2853,1,10,15440,113,984447,1624300
2854,7,8,15433,112,984455,1681000
2855,6,3,15427,115,984458,1764600
2856,5,4,15422,116,984462,1733000
2857,6,6,15416,116,984468,1707000
2858,4,7,15412,113,984475,1931500
2859,9,3,15403,119,984478,1730900
2860,8,1,15395,126,984479,1768400
2861,3,4,15392,125,984483,1793400
2862,2,11,15390,116,984494,1732000
2863,5,8,15385,113,984502,1748200
2864,3,8,15382,108,984510,1743800
2865,5,1,15377,112,984511,1746500
2866,4,6,15373,110,984517,1711900
2867,4,7,15369,107,984524,2028300
2868,4,5,15365,106,984529,1858700
2869,3,7,15362,102,984536,2260300
2870,1,7,15361,96,984543,1782700
2871,2,2,15359,96,984545,1731300
2872,1,9,15358,88,984554,1711800
2873,2,5,15356,85,984559,1704300
2874,2,6,15354,81,984565,1810800
2875,3,2,15351,82,984567,1753100
2876,2,1,15349,83,984568,1790600
2877,2,4,15347,81,984572,1747300
2878,4,1,15343,84,984573,1713800
2879,0,6,15343,78,984579,1708800
2880,3,7,15340,74,984586,1729300
2881,1,2,15339,73,984588,1822700
2882,2,5,15337,70,984593,1799500
2883,0,5,15337,65,984598,2062900
2884,0,2,15337,63,984600,1881700
2885,1,3,15336,61,984603,1893000
2886,0,5,15336,56,984608,1781100
2887,0,4,15336,52,984612,1739200
2888,0,1,15336,51,984613,1747900
2889,1,3,15335,49,984616,1720500
2890,0,2,15335,47,984618,1842200
2891,2,1,15333,48,984619,1804300
2892,1,0,15332,49,984619,2108700
2893,0,1,15332,48,984620,2004700
2894,0,6,15332,42,984626,1977400
2895,1,2,15331,41,984628,1796000
2896,0,1,15331,40,984629,1773100
2897,0,2,15331,38,984631,1929300
2898,0,3,15331,35,984634,1826600
2899,2,2,15329,35,984636,1754000
2900,0,2,15329,33,984638,1716100
2901,0,2,15329,31,984640,1823000
2902,0,4,15329,27,984644,1783300
2903,0,2,15329,25,984646,2341700
2904,1,1,15328,25,984647,1734000
2905,1,1,15327,25,984648,1965400
2906,0,1,15327,24,984649,1757300
2907,0,2,15327,22,984651,1700600
2908,0,0,15327,22,984651,1782100
2909,1,0,15326,23,984651,2128000
2910,0,2,15326,21,984653,1849600
2911,1,0,15325,22,984653,1793700
2912,0,2,15325,20,984655,1878100
2913,0,1,15325,19,984656,1834300
2914,0,1,15325,18,984657,1784900
2915,0,2,15325,16,984659,1882400
2916,0,0,15325,16,984659,1869200
2917,0,1,15325,15,984660,1810100
2918,0,1,15325,14,984661,2033300
2919,0,0,15325,14,984661,1684500
2920,0,1,15325,13,984662,1766700
2921,0,1,15325,12,984663,1919900
2922,0,0,15325,12,984663,1786800
2923,0,2,15325,10,984665,1746600
2924,0,1,15325,9,984666,1703100
2925,0,0,15325,9,984666,1729400
2926,0,0,15325,9,984666,1711000
2927,0,1,15325,8,984667,1657100
2928,0,0,15325,8,984667,1816600
2929,0,0,15325,8,984667,1733300
2930,0,1,15325,7,984668,1666100
2931,0,0,15325,7,984668,1677500
2932,0,0,15325,7,984668,1704700
2933,0,0,15325,7,984668,1994800
2934,0,1,15325,6,984669,1862000
2935,0,0,15325,6,984669,1748900
2936,0,0,15325,6,984669,1738500
2937,0,0,15325,6,984669,1808100
2938,0,0,15325,6,984669,1725000
2939,0,0,15325,6,984669,1718600
2940,0,0,15325,6,984669,1730800
2941,0,0,15325,6,984669,1745800
2942,0,0,15325,6,984669,1736900
2943,0,0,15325,6,984669,1781800
2944,0,2,15325,4,984671,1795900
2945,0,0,15325,4,984671,1716000
2946,0,0,15325,4,984671,1719700
2947,0,0,15325,4,984671,1942800
2948,0,0,15325,4,984671,1736300
2949,0,0,15325,4,984671,1735700
2950,0,0,15325,4,984671,1823900
2951,0,0,15325,4,984671,1699500
2952,0,1,15325,3,984672,1703700
2953,0,1,15325,2,984673,1820300
2954,0,0,15325,2,984673,1743500
2955,0,0,15325,2,984673,1782500
2956,0,0,15325,2,984673,1816700
2957,0,0,15325,2,984673,1665100
2958,0,0,15325,2,984673,1739200
2959,0,0,15325,2,984673,1757800
2960,0,0,15325,2,984673,1734700
2961,0,0,15325,2,984673,1794300
2962,0,0,15325,2,984673,1772000
2963,0,0,15325,2,984673,1687600
2964,0,2,15325,0,984675,1760900
