Tick,NewlyInfected,NewlyRecovered,TotalSusceptible,TotalInfected,TotalRecovered,StepTimeNanos
0,5,0,999990,10,0,2471200
1,7,0,999983,17,0,2122800
2,4,3,999979,18,3,1893100
3,5,2,999974,21,5,1712700
4,4,1,999970,24,6,2078900
5,5,1,999965,28,7,1899700
6,7,2,999958,33,9,1769900
7,6,2,999952,37,11,1771400
8,7,0,999945,44,11,1720400
9,7,2,999938,49,13,1949200
10,6,3,999932,52,16,1832700
11,10,3,999922,59,19,1996300
12,2,2,999920,59,21,1931600
13,7,4,999913,62,25,1887000
14,10,2,999903,70,27,1956100
15,7,2,999896,75,29,1845700
16,14,7,999882,82,36,1807500
17,14,5,999868,91,41,1737800
18,9,4,999859,96,45,1741700
19,14,4,999845,106,49,2006300
20,11,5,999834,112,54,1821600
21,17,9,999817,120,63,1908200
22,12,3,999805,129,66,2005500
23,13,4,999792,138,70,1772600
24,13,5,999779,146,75,1795800
25,13,11,999766,148,86,1822200
26,16,11,999750,153,97,1851500
27,12,12,999738,153,109,1808200
28,15,6,999723,162,115,1797500
29,15,8,999708,169,123,1874900
30,17,3,999691,183,126,1942700
31,15,3,999676,195,129,1856200
32,18,8,999658,205,137,1749000
33,23,7,999635,221,144,1826900
34,16,10,999619,227,154,1801900
35,17,13,999602,231,167,1740000
36,22,11,999580,242,178,1793600
37,19,10,999561,251,188,1745500
38,21,15,999540,257,203,1804600
39,19,18,999521,258,221,1914300
40,17,11,999504,264,232,1771200
41,15,9,999489,270,241,1801200
42,23,17,999466,276,258,1755500
43,21,13,999445,284,271,1768200
44,20,17,999425,287,288,1904100
45,20,14,999405,293,302,1766300
46,17,15,999388,295,317,1772300
47,24,23,999364,296,340,1837000
48,23,17,999341,302,357,1843700
49,24,17,999317,309,374,1778600
50,16,16,999301,309,390,1765300
51,25,14,999276,320,404,1716500
52,28,12,999248,336,416,1699900
53,25,9,999223,352,425,1697400
54,34,20,999189,366,445,1736800
55,32,20,999157,378,465,1811900
56,25,15,999132,388,480,1694500
57,36,24,999096,400,504,1657900
58,31,25,999065,406,529,1698600
59,36,25,999029,417,554,1900900
60,27,18,999002,426,572,1715600
61,36,17,998966,445,589,1818600
62,37,24,998929,458,613,1816900
63,34,11,998895,481,624,1788200
64,39,27,998856,493,651,1769800
65,43,30,998813,506,681,1820200
66,49,21,998764,534,702,1770700
67,44,26,998720,552,728,1767700
68,40,31,998680,561,759,1869600
69,42,27,998638,576,786,1773300
70,46,33,998592,589,819,1790000
71,54,28,998538,615,847,1759100
72,39,29,998499,625,876,1777100
73,40,18,998459,647,894,1743400
74,45,34,998414,658,928,1966700
75,54,37,998360,675,965,1789100
76,41,32,998319,684,997,1783100
77,52,30,998267,706,1027,1754700
78,59,44,998208,721,1071,2078500
79,48,44,998160,725,1115,1847400
80,48,42,998112,731,1157,1904100
81,59,37,998053,753,1194,1734100
82,60,49,997993,764,1243,1702500
83,46,42,997947,768,1285,1995000
84,58,37,997889,789,1322,1811000
85,59,46,997830,802,1368,1839500
86,50,41,997780,811,1409,1730800
87,62,41,997718,832,1450,1761900
88,57,34,997661,855,1484,1679200
89,61,42,997600,874,1526,1675900
90,53,47,997547,880,1573,1741500
91,65,50,997482,895,1623,1812000
92,55,42,997427,908,1665,1791600
93,60,43,997367,925,1708,1838600
94,77,42,997290,960,1750,1795600
95,61,52,997229,969,1802,1818600
96,61,43,997168,987,1845,1771100
97,52,50,997116,989,1895,1779400
98,53,44,997063,998,1939,1833800
99,61,43,997002,1016,1982,1766600
100,59,59,996943,1016,2041,1770500
101,51,56,996892,1011,2097,1852200
102,63,60,996829,1014,2157,1822700
103,71,47,996758,1038,2204,1824500
104,80,51,996678,1067,2255,1820600
105,72,57,996606,1082,2312,1875500
106,80,55,996526,1107,2367,1790100
107,85,50,996441,1142,2417,2205100
108,77,48,996364,1171,2465,1979500
109,66,62,996298,1175,2527,1867600
110,87,64,996211,1198,2591,1889100
111,84,57,996127,1225,2648,1841600
112,86,67,996041,1244,2715,1720400
113,84,63,995957,1265,2778,1754500
114,71,64,995886,1272,2842,1787900
115,79,52,995807,1299,2894,1778700
116,90,45,995717,1344,2939,1826400
117,85,71,995632,1358,3010,1800300
118,96,60,995536,1394,3070,1704200
119,81,77,995455,1398,3147,1734900
120,89,58,995366,1429,3205,1751800
121,71,74,995295,1426,3279,1717200
122,94,61,995201,1459,3340,1779300
123,88,74,995113,1473,3414,1834600
124,110,77,995003,1506,3491,2198100
125,94,81,994909,1519,3572,1837100
126,116,62,994793,1573,3634,1822600
127,99,66,994694,1606,3700,1843200
128,93,74,994601,1625,3774,1895900
129,107,77,994494,1655,3851,1814700
130,100,88,994394,1667,3939,1999500
131,97,94,994297,1670,4033,1771700
132,117,94,994180,1693,4127,1721000
133,122,72,994058,1743,4199,1792100
134,97,81,993961,1759,4280,1815100
135,107,86,993854,1780,4366,2113500
136,101,96,993753,1785,4462,1889300
137,109,89,993644,1805,4551,1774300
138,114,94,993530,1825,4645,1879800
139,111,112,993419,1824,4757,1840800
140,94,91,993325,1827,4848,1845700
141,108,92,993217,1843,4940,1790800
142,120,96,993097,1867,5036,1841500
143,97,104,993000,1860,5140,1819300
144,103,79,992897,1884,5219,1941100
145,105,104,992792,1885,5323,1873600
146,131,102,992661,1914,5425,1848100
147,98,80,992563,1932,5505,1776000
148,108,83,992455,1957,5588,1797300
149,95,82,992360,1970,5670,1752900
150,130,101,992230,1999,5771,1748000
151,117,87,992113,2029,5858,1780100
152,92,90,992021,2031,5948,1768200
153,113,92,991908,2052,6040,1734700
154,121,99,991787,2074,6139,1804200
155,115,112,991672,2077,6251,1759600
156,107,87,991565,2097,6338,1726800
157,132,110,991433,2119,6448,1758800
158,116,115,991317,2120,6563,1780500
159,117,108,991200,2129,6671,1907200
160,115,112,991085,2132,6783,1940600
161,125,106,990960,2151,6889,1795600
162,106,102,990854,2155,6991,1986000
163,121,90,990733,2186,7081,1959200
164,124,110,990609,2200,7191,2122600
165,126,106,990483,2220,7297,2008900
166,112,124,990371,2208,7421,2198800
167,127,87,990244,2248,7508,1805200
168,126,119,990118,2255,7627,1799600
169,103,109,990015,2249,7736,1842200
170,123,116,989892,2256,7852,1777500
171,113,98,989779,2271,7950,1769300
172,139,108,989640,2302,8058,1785400
173,135,124,989505,2313,8182,1767200
174,98,114,989407,2297,8296,1754500
175,114,114,989293,2297,8410,1767500
176,141,97,989152,2341,8507,1933000
177,125,113,989027,2353,8620,1825400
178,125,116,988902,2362,8736,1915300
179,125,118,988777,2369,8854,1915400
180,142,126,988635,2385,8980,1898000
181,149,139,988486,2395,9119,1801700
182,127,112,988359,2410,9231,1816700
183,120,134,988239,2396,9365,1817400
184,147,108,988092,2435,9473,1833800
185,144,129,987948,2450,9602,1774700
186,139,117,987809,2472,9719,1735000
187,150,121,987659,2501,9840,1713400
188,144,130,987515,2515,9970,1704200
189,137,136,987378,2516,10106,2029200
190,125,139,987253,2502,10245,1849400
191,145,126,987108,2521,10371,1908800
192,133,125,986975,2529,10496,1886500
193,156,129,986819,2556,10625,1849500
194,121,140,986698,2537,10765,1876100
195,147,145,986551,2539,10910,1928600
196,166,127,986385,2578,11037,1882900
197,158,122,986227,2614,11159,1923400
198,164,127,986063,2651,11286,1863000
199,173,129,985890,2695,11415,2029300
200,163,155,985727,2703,11570,2226700
201,141,135,985586,2709,11705,2390800
202,180,141,985406,2748,11846,3103000
203,143,129,985263,2762,11975,2060700
204,172,141,985091,2793,12116,1951100
205,156,128,984935,2821,12244,1888000
206,164,131,984771,2854,12375,1785400
207,179,138,984592,2895,12513,1775200
208,161,135,984431,2921,12648,1920200
209,156,136,984275,2941,12784,7113200
210,187,144,984088,2984,12928,2211900
211,173,130,983915,3027,13058,2211400
212,194,154,983721,3067,13212,1971900
213,143,152,983578,3058,13364,1982800
214,186,170,983392,3074,13534,1914200
215,190,153,983202,3111,13687,1932200
216,186,165,983016,3132,13852,1845000
217,207,153,982809,3186,14005,1834800
218,173,179,982636,3180,14184,1861000
219,185,153,982451,3212,14337,2120800
220,170,168,982281,3214,14505,1879100
221,172,170,982109,3216,14675,2166600
222,191,141,981918,3266,14816,6619600
223,164,168,981754,3262,14984,2160100
224,201,160,981553,3303,15144,1995900
225,206,165,981347,3344,15309,1973700
226,175,176,981172,3343,15485,1929400
227,186,184,980986,3345,15669,1825600
228,205,170,980781,3380,15839,1778800
229,188,158,980593,3410,15997,1897500
230,206,147,980387,3469,16144,1903400
231,200,182,980187,3487,16326,1942300
232,197,180,979990,3504,16506,2108600
233,191,190,979799,3505,16696,1931500
234,216,182,979583,3539,16878,1977000
235,207,183,979376,3563,17061,1928000
236,198,168,979178,3593,17229,1943300
237,202,190,978976,3605,17419,2062400
238,200,175,978776,3630,17594,2034800
239,194,178,978582,3646,17772,1824400
240,205,187,978377,3664,17959,1798200
241,184,163,978193,3685,18122,1768400
242,220,170,977973,3735,18292,1681100
243,220,201,977753,3754,18493,1754500
244,212,190,977541,3776,18683,1734700
245,195,214,977346,3757,18897,1864700
246,195,177,977151,3775,19074,1664500
247,193,177,976958,3791,19251,1642800
248,208,178,976750,3821,19429,1639400
249,225,198,976525,3848,19627,1964600
250,197,174,976328,3871,19801,1645100
251,237,180,976091,3928,19981,1748500
252,245,192,975846,3981,20173,1721000
253,225,217,975621,3989,20390,1656600
254,205,182,975416,4012,20572,1728200
255,187,197,975229,4002,20769,1645800
256,223,200,975006,4025,20969,1656100
257,213,202,974793,4036,21171,1664300
258,227,210,974566,4053,21381,1726100
259,211,205,974355,4059,21586,1656400
260,217,195,974138,4081,21781,1648600
261,207,202,973931,4086,21983,1753100
262,214,202,973717,4098,22185,2116400
263,214,211,973503,4101,22396,1868400
264,215,233,973288,4083,22629,1834800
265,248,204,973040,4127,22833,1757000
266,207,194,972833,4140,23027,1801900
267,212,193,972621,4159,23220,1705300
268,216,207,972405,4168,23427,1755600
269,207,206,972198,4169,23633,1821500
270,237,203,971961,4203,23836,1683500
271,234,232,971727,4205,24068,1631800
272,199,197,971528,4207,24265,1870600
273,212,228,971316,4191,24493,1648300
274,243,213,971073,4221,24706,1780900
275,240,200,970833,4261,24906,1754500
276,244,207,970589,4298,25113,1710800
277,252,227,970337,4323,25340,1639400
278,259,226,970078,4356,25566,1698200
279,218,241,969860,4333,25807,1769900
280,231,215,969629,4349,26022,1648000
281,229,214,969400,4364,26236,1768200
282,251,208,969149,4407,26444,1871700
283,236,216,968913,4427,26660,1815000
284,244,222,968669,4449,26882,2173200
285,245,222,968424,4472,27104,1884900
286,241,211,968183,4502,27315,1774100
287,255,183,967928,4574,27498,2022900
288,252,200,967676,4626,27698,1800000
289,252,229,967424,4649,27927,1760100
290,264,226,967160,4687,28153,1708100
291,251,250,966909,4688,28403,1669000
292,262,220,966647,4730,28623,1645000
293,241,240,966406,4731,28863,1842000
294,247,213,966159,4765,29076,2090300
295,235,225,965924,4775,29301,1786800
296,260,240,965664,4795,29541,1686600
297,276,260,965388,4811,29801,1777900
298,263,246,965125,4828,30047,1771400
299,276,210,964849,4894,30257,1693000
300,254,249,964595,4899,30506,1653100
301,295,259,964300,4935,30765,1655400
302,276,228,964024,4983,30993,1760300
303,263,228,963761,5018,31221,1765200
304,245,258,963516,5005,31479,1726500
305,262,252,963254,5015,31731,1747400
306,245,216,963009,5044,31947,1691600
307,233,255,962776,5022,32202,1693000
308,264,259,962512,5027,32461,1759200
309,281,237,962231,5071,32698,1757100
310,263,247,961968,5087,32945,1721900
311,264,258,961704,5093,33203,1654900
312,275,273,961429,5095,33476,1721100
313,289,243,961140,5141,33719,1759900
314,272,233,960868,5180,33952,1754900
315,272,267,960596,5185,34219,1773700
316,263,259,960333,5189,34478,1721100
317,257,292,960076,5154,34770,1653100
318,284,246,959792,5192,35016,1649300
319,306,254,959486,5244,35270,1758600
320,287,248,959199,5283,35518,1797000
321,287,286,958912,5284,35804,1826700
322,281,256,958631,5309,36060,1724400
323,289,238,958342,5360,36298,1651100
324,315,296,958027,5379,36594,1663500
325,272,256,957755,5395,36850,1760000
326,311,273,957444,5433,37123,1765700
327,328,269,957116,5492,37392,1762100
328,275,277,956841,5490,37669,1848600
329,269,266,956572,5493,37935,1679400
330,286,281,956286,5498,38216,1663000
331,310,279,955976,5529,38495,1666800
332,305,237,955671,5597,38732,1782900
333,338,293,955333,5642,39025,1775700
334,311,268,955022,5685,39293,1693400
335,306,263,954716,5728,39556,1706600
336,339,330,954377,5737,39886,1663400
337,307,325,954070,5719,40211,2040400
338,313,293,953757,5739,40504,1790500
339,311,291,953446,5759,40795,1774900
340,288,307,953158,5740,41102,1764100
341,323,265,952835,5798,41367,1750200
342,332,288,952503,5842,41655,1862500
343,325,267,952178,5900,41922,1667900
344,332,289,951846,5943,42211,1656400
345,310,296,951536,5957,42507,1925600
346,317,313,951219,5961,42820,1671100
347,303,280,950916,5984,43100,1757600
348,326,309,950590,6001,43409,1712700
349,338,292,950252,6047,43701,1663500
350,326,304,949926,6069,44005,1662500
351,297,289,949629,6077,44294,1777000
352,311,333,949318,6055,44627,1757500
353,328,321,948990,6062,44948,1742400
354,335,297,948655,6100,45245,1668800
355,308,319,948347,6089,45564,1659100
356,331,282,948016,6138,45846,1771200
357,327,281,947689,6184,46127,1776900
358,319,337,947370,6166,46464,1730100
359,324,318,947046,6172,46782,1660200
360,319,304,946727,6187,47086,1660700
361,353,299,946374,6241,47385,1772800
362,315,291,946059,6265,47676,1784100
363,343,322,945716,6286,47998,1734300
364,257,318,945459,6225,48316,1672300
365,295,304,945164,6216,48620,1655600
366,327,311,944837,6232,48931,1786100
367,299,313,944538,6218,49244,1794900
368,329,308,944209,6239,49552,1801800
369,320,341,943889,6218,49893,1719100
370,313,349,943576,6182,50242,1684600
371,324,327,943252,6179,50569,1776200
372,331,285,942921,6225,50854,1792400
373,301,297,942620,6229,51151,1771500
374,303,323,942317,6209,51474,1765000
375,290,304,942027,6195,51778,1688600
376,301,306,941726,6190,52084,1667800
377,294,316,941432,6168,52400,1656000
378,324,325,941108,6167,52725,1787900
379,322,321,940786,6168,53046,2310700
380,325,308,940461,6185,53354,1790600
381,313,263,940148,6235,53617,1985600
382,324,289,939824,6270,53906,1811200
383,338,331,939486,6277,54237,1775500
384,328,322,939158,6283,54559,1885400
385,364,298,938794,6349,54857,2071400
386,363,302,938431,6410,55159,1781400
387,343,318,938088,6435,55477,1668700
388,355,319,937733,6471,55796,1670700
389,335,315,937398,6491,56111,1672500
390,328,316,937070,6503,56427,1775300
391,350,336,936720,6517,56763,1763800
392,321,326,936399,6512,57089,1675500
393,371,343,936028,6540,57432,1669400
394,336,344,935692,6532,57776,1676800
395,329,351,935363,6510,58127,1837400
396,346,326,935017,6530,58453,1773100
397,324,358,934693,6496,58811,1722100
398,336,313,934357,6519,59124,1775500
399,359,317,933998,6561,59441,1774300
400,360,322,933638,6599,59763,1807600
401,357,316,933281,6640,60079,1800900
402,350,348,932931,6642,60427,1832100
403,371,328,932560,6685,60755,1787400
404,350,352,932210,6683,61107,1784600
405,336,336,931874,6683,61443,1692700
406,347,356,931527,6674,61799,1718100
407,357,330,931170,6701,62129,1796000
408,370,364,930800,6707,62493,1808600
409,360,303,930440,6764,62796,1735500
410,356,342,930084,6778,63138,1679400
411,371,344,929713,6805,63482,1711800
412,333,328,929380,6810,63810,2164200
413,360,352,929020,6818,64162,1696900
414,374,313,928646,6879,64475,1870900
415,380,323,928266,6936,64798,1686300
416,354,349,927912,6941,65147,1690900
417,380,339,927532,6982,65486,1657600
418,379,356,927153,7005,65842,1791000
419,360,359,926793,7006,66201,1776600
420,378,346,926415,7038,66547,1848700
421,384,349,926031,7073,66896,1868100
422,366,339,925665,7100,67235,1733200
423,354,333,925311,7121,67568,1702700
424,379,386,924932,7114,67954,1700800
425,383,315,924549,7182,68269,1823000
426,399,350,924150,7231,68619,1860600
427,390,362,923760,7259,68981,2709500
428,352,398,923408,7213,69379,2004500
429,355,360,923053,7208,69739,2280300
430,359,353,922694,7214,70092,2089300
431,374,353,922320,7235,70445,1976100
432,350,367,921970,7218,70812,2052800
433,374,344,921596,7248,71156,2120200
434,368,328,921228,7288,71484,2035000
435,405,406,920823,7287,71890,2107800
436,383,358,920440,7312,72248,2218500
437,403,342,920037,7373,72590,2068900
438,366,341,919671,7398,72931,2128800
439,414,388,919257,7424,73319,1969900
440,394,381,918863,7437,73700,2027700
441,411,369,918452,7479,74069,1993200
442,392,371,918060,7500,74440,1987500
443,412,368,917648,7544,74808,1994400
444,392,414,917256,7522,75222,1904500
445,377,386,916879,7513,75608,1907600
446,389,387,916490,7515,75995,2025700
447,360,366,916130,7509,76361,2023300
448,390,394,915740,7505,76755,1906100
449,412,359,915328,7558,77114,2013900
450,396,407,914932,7547,77521,1962300
451,403,389,914529,7561,77910,1980200
452,408,341,914121,7628,78251,2060900
453,398,348,913723,7678,78599,1927500
454,430,406,913293,7702,79005,2226200
455,404,398,912889,7708,79403,1937900
456,444,380,912445,7772,79783,1949300
457,369,396,912076,7745,80179,2097600
458,403,383,911673,7765,80562,2057800
459,419,385,911254,7799,80947,2207500
460,466,429,910788,7836,81376,1954700
461,407,374,910381,7869,81750,1913400
462,433,424,909948,7878,82174,2074100
463,433,379,909515,7932,82553,1964000
464,419,391,909096,7960,82944,2013900
465,403,423,908693,7940,83367,2048900
466,417,393,908276,7964,83760,2010500
467,451,423,907825,7992,84183,2007500
468,393,388,907432,7997,84571,2024100
469,402,355,907030,8044,84926,1987200
470,420,416,906610,8048,85342,2089100
471,439,366,906171,8121,85708,2031300
472,416,385,905755,8152,86093,2009600
473,441,440,905314,8153,86533,2081800
474,411,411,904903,8153,86944,2086400
475,446,419,904457,8180,87363,2032400
476,426,411,904031,8195,87774,2058400
477,374,390,903657,8179,88164,1980500
478,408,382,903249,8205,88546,2061000
479,396,425,902853,8176,88971,1954200
480,430,418,902423,8188,89389,1982200
481,419,392,902004,8215,89781,2132700
482,436,412,901568,8239,90193,2010900
483,420,411,901148,8248,90604,1971800
484,410,427,900738,8231,91031,1992500
485,437,449,900301,8219,91480,1982600
486,429,444,899872,8204,91924,1981500
487,362,381,899510,8185,92305,2016400
488,410,413,899100,8182,92718,1942600
489,430,408,898670,8204,93126,2132200
490,414,418,898256,8200,93544,1948300
491,398,423,897858,8175,93967,2020700
492,384,427,897474,8132,94394,2001500
493,391,346,897083,8177,94740,2007300
494,431,399,896652,8209,95139,1962400
495,419,399,896233,8229,95538,1962000
496,452,402,895781,8279,95940,1977300
497,390,411,895391,8258,96351,2125700
498,414,390,894977,8282,96741,1952200
499,397,442,894580,8237,97183,1988400
500,404,405,894176,8236,97588,2042800
501,402,428,893774,8210,98016,2011200
502,426,422,893348,8214,98438,2017100
503,447,423,892901,8238,98861,1947000
504,422,386,892479,8274,99247,1950000
505,449,441,892030,8282,99688,2165000
506,407,393,891623,8296,100081,1966000
507,452,385,891171,8363,100466,1963200
508,435,461,890736,8337,100927,2003700
509,473,454,890263,8356,101381,1995800
510,447,393,889816,8410,101774,1991000
511,469,430,889347,8449,102204,1931300
512,432,415,888915,8466,102619,2290700
513,426,411,888489,8481,103030,2032100
514,439,402,888050,8518,103432,2061800
515,429,404,887621,8543,103836,2064200
516,441,442,887180,8542,104278,2087300
517,430,420,886750,8552,104698,1930000
518,431,416,886319,8567,105114,2171200
519,418,456,885901,8529,105570,2044200
520,444,396,885457,8577,105966,2059800
521,427,410,885030,8594,106376,2048600
522,439,422,884591,8611,106798,1998900
523,438,423,884153,8626,107221,2035200
524,396,455,883757,8567,107676,2045700
525,441,414,883316,8594,108090,2044900
526,447,422,882869,8619,108512,2042600
527,404,444,882465,8579,108956,2125900
528,452,465,882013,8566,109421,2044000
529,430,426,881583,8570,109847,2041900
530,468,398,881115,8640,110245,1965300
531,471,437,880644,8674,110682,2020300
532,448,427,880196,8695,111109,1957900
533,446,468,879750,8673,111577,2151400
534,464,426,879286,8711,112003,2061200
535,439,434,878847,8716,112437,2056200
536,458,450,878389,8724,112887,1936300
537,468,454,877921,8738,113341,1926200
538,447,423,877474,8762,113764,1951500
539,477,438,876997,8801,114202,1919700
540,469,432,876528,8838,114634,1926100
541,483,423,876045,8898,115057,1948500
542,464,415,875581,8947,115472,1970000
543,491,450,875090,8988,115922,2036700
544,452,468,874638,8972,116390,1925500
545,484,483,874154,8973,116873,1877200
546,450,451,873704,8972,117324,1877700
547,464,417,873240,9019,117741,1856200
548,478,433,872762,9064,118174,1828900
549,516,457,872246,9123,118631,1887700
550,458,464,871788,9117,119095,1852700
551,455,478,871333,9094,119573,1848000
552,455,431,870878,9118,120004,1885400
553,462,438,870416,9142,120442,1853300
554,445,478,869971,9109,120920,1966900
555,506,457,869465,9158,121377,2135200
556,484,439,868981,9203,121816,1891000
557,452,415,868529,9240,122231,1837900
558,489,440,868040,9289,122671,1925400
559,467,453,867573,9303,123124,2206600
560,475,455,867098,9323,123579,1939900
561,502,483,866596,9342,124062,2391400
562,499,487,866097,9354,124549,2096300
563,480,437,865617,9397,124986,2001800
564,480,493,865137,9384,125479,1998500
565,463,494,864674,9353,125973,1901000
566,466,480,864208,9339,126453,2068900
567,472,469,863736,9342,126922,2114500
568,474,445,863262,9371,127367,2070600
569,477,457,862785,9391,127824,2015500
570,497,482,862288,9406,128306,1973100
571,503,450,861785,9459,128756,2022200
572,504,507,861281,9456,129263,1921800
573,507,501,860774,9462,129764,1988100
574,485,469,860289,9478,130233,1943000
575,457,475,859832,9460,130708,1907800
576,476,490,859356,9446,131198,1859200
577,489,485,858867,9450,131683,1943800
578,494,499,858373,9445,132182,1872200
579,482,499,857891,9428,132681,1906200
580,489,439,857402,9478,133120,2747000
581,476,491,856926,9463,133611,2555600
582,448,471,856478,9440,134082,2731600
583,470,459,856008,9451,134541,2166600
584,475,433,855533,9493,134974,2388500
585,465,446,855068,9512,135420,2176400
586,515,470,854553,9557,135890,2095900
587,464,489,854089,9532,136379,2003600
588,465,474,853624,9523,136853,2283200
589,487,496,853137,9514,137349,1973800
590,476,474,852661,9516,137823,2355400
591,465,477,852196,9504,138300,2956400
592,484,474,851712,9514,138774,5688400
593,472,498,851240,9488,139272,2217100
594,476,468,850764,9496,139740,2572000
595,503,444,850261,9555,140184,2873500
596,512,501,849749,9566,140685,3549200
597,528,505,849221,9589,141190,2824600
598,480,465,848741,9604,141655,2462900
599,484,483,848257,9605,142138,2372100
600,479,457,847778,9627,142595,2526300
601,455,454,847323,9628,143049,2109100
602,537,471,846786,9694,143520,2066400
603,531,491,846255,9734,144011,2125400
604,439,453,845816,9720,144464,2018800
605,479,503,845337,9696,144967,2379300
606,480,471,844857,9705,145438,2160100
607,430,465,844427,9670,145903,1947600
608,463,496,843964,9637,146399,1954000
609,490,472,843474,9655,146871,2127100
610,456,475,843018,9636,147346,1922600
611,448,474,842570,9610,147820,1928700
612,466,473,842104,9603,148293,2159400
613,463,475,841641,9591,148768,2160000
614,459,503,841182,9547,149271,1960500
615,451,468,840731,9530,149739,1980400
616,480,499,840251,9511,150238,1982400
617,494,462,839757,9543,150700,1974300
618,459,512,839298,9490,151212,1961800
619,454,476,838844,9468,151688,1949900
620,438,478,838406,9428,152166,1968300
621,468,507,837938,9389,152673,1991300
622,451,501,837487,9339,153174,1987800
623,444,462,837043,9321,153636,1953400
624,457,487,836586,9291,154123,2232800
625,460,487,836126,9264,154610,1963200
626,473,435,835653,9302,155045,2080700
627,487,467,835166,9322,155512,2118900
628,448,495,834718,9275,156007,2315400
629,474,475,834244,9274,156482,2052800
630,450,470,833794,9254,156952,2078900
631,506,460,833288,9300,157412,2041700
632,489,463,832799,9326,157875,2018900
633,490,482,832309,9334,158357,2207800
634,457,451,831852,9340,158808,2066500
635,510,470,831342,9380,159278,2147100
636,460,435,830882,9405,159713,2100500
637,474,484,830408,9395,160197,2079300
638,480,444,829928,9431,160641,2108100
639,452,436,829476,9447,161077,2083300
640,467,481,829009,9433,161558,2105300
641,467,477,828542,9423,162035,2095000
642,508,503,828034,9428,162538,2129500
643,494,496,827540,9426,163034,2077000
644,498,493,827042,9431,163527,2056400
645,451,496,826591,9386,164023,2036000
646,469,453,826122,9402,164476,2024400
647,471,506,825651,9367,164982,1997900
648,442,467,825209,9342,165449,2052100
649,453,423,824756,9372,165872,2013600
650,478,476,824278,9374,166348,2175600
651,458,460,823820,9372,166808,2102000
652,516,440,823304,9448,167248,3044000
653,490,500,822814,9438,167748,2232300
654,467,462,822347,9443,168210,1969900
655,478,466,821869,9455,168676,1928700
656,485,443,821384,9497,169119,1909500
657,445,468,820939,9474,169587,1963400
658,523,471,820416,9526,170058,2031900
659,505,519,819911,9512,170577,2024400
660,442,464,819469,9490,171041,1928700
661,467,457,819002,9500,171498,1982000
662,454,489,818548,9465,171987,1930100
663,490,484,818058,9471,172471,1889300
664,462,480,817596,9453,172951,1930500
665,477,469,817119,9461,173420,1979200
666,481,476,816638,9466,173896,2007100
667,464,446,816174,9484,174342,2001200
668,474,484,815700,9474,174826,1998200
669,487,465,815213,9496,175291,2017600
670,467,471,814746,9492,175762,2023500
671,485,463,814261,9514,176225,2040000
672,478,472,813783,9520,176697,1992900
673,459,498,813324,9481,177195,1991200
674,475,467,812849,9489,177662,1912800
675,460,471,812389,9478,178133,1989900
676,460,490,811929,9448,178623,1899300
677,494,499,811435,9443,179122,1877000
678,459,501,810976,9401,179623,2093600
679,460,492,810516,9369,180115,1902700
680,495,490,810021,9374,180605,1866400
681,432,474,809589,9332,181079,1841500
682,495,468,809094,9359,181547,1778700
683,461,441,808633,9379,181988,1771100
684,487,441,808146,9425,182429,1728000
685,438,478,807708,9385,182907,1933800
686,431,444,807277,9372,183351,2137000
687,475,493,806802,9354,183844,1975500
688,481,475,806321,9360,184319,1747900
689,497,481,805824,9376,184800,1788400
690,464,471,805360,9369,185271,1750200
691,472,446,804888,9395,185717,1752000
692,475,462,804413,9408,186179,1718600
693,495,474,803918,9429,186653,1788500
694,488,470,803430,9447,187123,1691000
695,504,472,802926,9479,187595,1720100
696,469,490,802457,9458,188085,1791000
697,511,477,801946,9492,188562,1669600
698,478,493,801468,9477,189055,1743600
699,474,480,800994,9471,189535,1850400
700,480,528,800514,9423,190063,1812600
701,468,471,800046,9420,190534,1749300
702,475,521,799571,9374,191055,1705000
703,452,518,799119,9308,191573,1705700
704,466,490,798653,9284,192063,1831400
705,454,461,798199,9277,192524,1755600
706,437,437,797762,9277,192961,1857500
707,454,442,797308,9289,193403,1692200
708,448,475,796860,9262,193878,1828200
709,464,483,796396,9243,194361,1800300
710,464,468,795932,9239,194829,1695700
711,460,421,795472,9278,195250,1705000
712,462,450,795010,9290,195700,1804000
713,508,423,794502,9375,196123,1820200
714,456,470,794046,9361,196593,1749200
715,464,442,793582,9383,197035,1742400
716,432,462,793150,9353,197497,1775200
717,469,464,792681,9358,197961,1834900
718,467,434,792214,9391,198395,1739600
719,473,464,791741,9400,198859,1709700
720,490,449,791251,9441,199308,1696700
721,448,516,790803,9373,199824,2038900
722,498,483,790305,9388,200307,2017900
723,419,465,789886,9342,200772,1960600
724,433,477,789453,9298,201249,1996600
725,436,506,789017,9228,201755,1893300
726,446,456,788571,9218,202211,1861300
727,473,491,788098,9200,202702,1816100
728,462,464,787636,9198,203166,1811800
729,456,454,787180,9200,203620,1814300
730,472,423,786708,9249,204043,1808200
731,468,438,786240,9279,204481,1830100
732,435,494,785805,9220,204975,2255600
733,514,476,785291,9258,205451,1856100
734,523,479,784768,9302,205930,1841500
735,457,454,784311,9305,206384,1818800
736,473,432,783838,9346,206816,1877100
737,504,453,783334,9397,207269,1903300
738,455,474,782879,9378,207743,1851200
739,479,479,782400,9378,208222,1890800
740,461,440,781939,9399,208662,1737600
741,476,488,781463,9387,209150,1859600
742,512,502,780951,9397,209652,1719200
743,474,450,780477,9421,210102,1663400
744,459,447,780018,9433,210549,1710800
745,505,475,779513,9463,211024,1848600
746,460,460,779053,9463,211484,1717100
747,498,494,778555,9467,211978,1709900
748,495,496,778060,9466,212474,1711500
749,473,439,777587,9500,212913,1720400
750,512,494,777075,9518,213407,1718000
751,515,519,776560,9514,213926,1706500
752,539,441,776021,9612,214367,1714400
753,478,454,775543,9636,214821,1791800
754,467,487,775076,9616,215308,1699300
755,514,456,774562,9674,215764,1708600
756,501,449,774061,9726,216213,1841500
757,498,516,773563,9708,216729,1842700
758,490,486,773073,9712,217215,1713100
759,525,509,772548,9728,217724,1720900
760,500,467,772048,9761,218191,1718900
761,514,489,771534,9786,218680,1796800
762,500,476,771034,9810,219156,1779200
763,493,479,770541,9824,219635,1726900
764,450,497,770091,9777,220132,1743400
765,527,449,769564,9855,220581,2049000
766,477,531,769087,9801,221112,2298200
767,470,504,768617,9767,221616,1845100
768,519,501,768098,9785,222117,1787900
769,470,466,767628,9789,222583,1852600
770,461,485,767167,9765,223068,1835200
771,478,468,766689,9775,223536,1939500
772,546,515,766143,9806,224051,1734500
773,484,504,765659,9786,224555,1721000
774,479,495,765180,9770,225050,1934200
775,509,498,764671,9781,225548,1874300
776,502,496,764169,9787,226044,2014800
777,497,492,763672,9792,226536,1846600
778,515,472,763157,9835,227008,1773900
779,523,485,762634,9873,227493,1760500
780,579,507,762055,9945,228000,1721300
781,509,511,761546,9943,228511,1823400
782,506,511,761040,9938,229022,1823000
783,560,472,760480,10026,229494,1706100
784,543,494,759937,10075,229988,1662600
785,523,498,759414,10100,230486,1838300
786,499,460,758915,10139,230946,1813700
787,536,541,758379,10134,231487,1740500
788,510,470,757869,10174,231957,1790700
789,513,499,757356,10188,232456,1723200
790,549,521,756807,10216,232977,1838200
791,542,496,756265,10262,233473,2054500
792,507,534,755758,10235,234007,1784600
793,520,584,755238,10171,234591,1739500
794,536,498,754702,10209,235089,1737500
795,512,534,754190,10187,235623,1797600
796,501,520,753689,10168,236143,1724500
797,510,546,753179,10132,236689,1828300
798,491,493,752688,10130,237182,1722800
799,516,459,752172,10187,237641,1715400
800,522,532,751650,10177,238173,1949200
801,526,527,751124,10176,238700,1839400
802,524,482,750600,10218,239182,1789500
803,484,517,750116,10185,239699,1746800
804,540,480,749576,10245,240179,1739400
805,504,535,749072,10214,240714,1906800
806,520,498,748552,10236,241212,1848600
807,547,549,748005,10234,241761,1852300
808,472,528,747533,10178,242289,1721400
809,536,538,746997,10176,242827,1720300
810,520,513,746477,10183,243340,1830700
811,564,528,745913,10219,243868,1721900
812,544,549,745369,10214,244417,1712400
813,560,506,744809,10268,244923,1939800
814,538,524,744271,10282,245447,1731100
815,531,494,743740,10319,245941,1832500
816,532,495,743208,10356,246436,1817100
817,530,557,742678,10329,246993,1915400
818,592,511,742086,10410,247504,1724400
819,521,513,741565,10418,248017,1791700
820,544,538,741021,10424,248555,1844100
821,520,551,740501,10393,249106,1848700
822,518,484,739983,10427,249590,1808500
823,501,535,739482,10393,250125,1945200
824,535,522,738947,10406,250647,1718300
825,482,510,738465,10378,251157,1731900
826,525,535,737940,10368,251692,1998500
827,506,519,737434,10355,252211,1882000
828,523,542,736911,10336,252753,1793700
829,481,497,736430,10320,253250,1764400
830,487,533,735943,10274,253783,1713700
831,489,491,735454,10272,254274,1718700
832,463,529,734991,10206,254803,1842900
833,466,513,734525,10159,255316,1828100
834,468,544,734057,10083,255860,1829200
835,482,531,733575,10034,256391,1810600
836,499,507,733076,10026,256898,1776400
837,480,544,732596,9962,257442,1837000
838,478,528,732118,9912,257970,1833700
839,493,500,731625,9905,258470,1835600
840,443,508,731182,9840,258978,1777500
841,515,454,730667,9901,259432,1724400
842,482,486,730185,9897,259918,1672700
843,483,493,729702,9887,260411,1857300
844,499,494,729203,9892,260905,1916500
845,483,522,728720,9853,261427,1903500
846,509,472,728211,9890,261899,1982400
847,477,456,727734,9911,262355,1749300
848,527,509,727207,9929,262864,1735300
849,508,513,726699,9924,263377,2109000
850,503,498,726196,9929,263875,1851000
851,497,499,725699,9927,264374,1685600
852,487,513,725212,9901,264887,1787900
853,477,483,724735,9895,265370,1703600
854,538,495,724197,9938,265865,1702600
855,506,493,723691,9951,266358,1802400
856,540,513,723151,9978,266871,1744300
857,472,511,722679,9939,267382,1734800
858,499,506,722180,9932,267888,1822000
859,498,535,721682,9895,268423,1958800
860,491,502,721191,9884,268925,1833700
861,477,499,720714,9862,269424,1775400
862,533,510,720181,9885,269934,1714700
863,537,505,719644,9917,270439,1716000
864,515,476,719129,9956,270915,1823900
865,460,513,718669,9903,271428,1815100
866,474,461,718195,9916,271889,1713900
867,470,521,717725,9865,272410,2013500
868,486,481,717239,9870,272891,1834400
869,510,525,716729,9855,273416,1715300
870,530,476,716199,9909,273892,2065500
871,507,497,715692,9919,274389,2034000
872,491,495,715201,9915,274884,1871200
873,499,488,714702,9926,275372,1832100
874,520,489,714182,9957,275861,1843300
875,507,476,713675,9988,276337,1727400
876,546,466,713129,10068,276803,1747700
877,540,496,712589,10112,277299,1732000
878,501,531,712088,10082,277830,1795300
879,479,480,711609,10081,278310,1878400
880,491,476,711118,10096,278786,1807400
881,523,523,710595,10096,279309,1761300
882,506,534,710089,10068,279843,1819200
883,508,484,709581,10092,280327,1832200
884,489,526,709092,10055,280853,1760000
885,488,524,708604,10019,281377,1939200
886,503,517,708101,10005,281894,2017300
887,514,483,707587,10036,282377,1684300
888,493,480,707094,10049,282857,1670100
889,539,495,706555,10093,283352,1805800
890,506,476,706049,10123,283828,1708000
891,501,483,705548,10141,284311,1717600
892,486,532,705062,10095,284843,1824600
893,487,503,704575,10079,285346,1844800
894,521,499,704054,10101,285845,1835200
895,547,506,703507,10142,286351,1728800
896,506,524,703001,10124,286875,1719900
897,505,511,702496,10118,287386,1826500
898,508,502,701988,10124,287888,1836300
899,515,524,701473,10115,288412,1757700
900,502,510,700971,10107,288922,2073100
901,511,504,700460,10114,289426,1731900
902,528,547,699932,10095,289973,2071100
903,494,538,699438,10051,290511,1701200
904,491,507,698947,10035,291018,1931600
905,488,503,698459,10020,291521,1838200
906,512,486,697947,10046,292007,1813200
907,513,478,697434,10081,292485,1707600
908,479,526,696955,10034,293011,1829200
909,488,516,696467,10006,293527,1821200
910,508,494,695959,10020,294021,1867300
911,480,532,695479,9968,294553,2041700
912,495,517,694984,9946,295070,1862600
913,462,473,694522,9935,295543,1856200
914,525,477,693997,9983,296020,1894700
915,492,502,693505,9973,296522,1720100
916,482,464,693023,9991,296986,1837400
917,475,505,692548,9961,297491,1713300
918,525,496,692023,9990,297987,1769800
919,487,503,691536,9974,298490,1994700
920,511,513,691025,9972,299003,1854700
921,469,524,690556,9917,299527,1808600
922,505,486,690051,9936,300013,1766900
923,522,482,689529,9976,300495,1783800
924,510,505,689019,9981,301000,1776400
925,537,494,688482,10024,301494,1786800
926,526,486,687956,10064,301980,1810200
927,510,504,687446,10070,302484,1880300
928,518,542,686928,10046,303026,1822800
929,527,515,686401,10058,303541,1785100
930,499,535,685902,10022,304076,1771700
931,507,473,685395,10056,304549,1768900
932,478,521,684917,10013,305070,1806800
933,512,504,684405,10021,305574,2078100
934,507,520,683898,10008,306094,1785700
935,534,485,683364,10057,306579,1777500
936,550,497,682814,10110,307076,1758700
937,532,509,682282,10133,307585,1741600
938,522,480,681760,10175,308065,1827100
939,500,485,681260,10190,308550,1765500
940,499,527,680761,10162,309077,1805400
941,534,529,680227,10167,309606,1730500
942,516,525,679711,10158,310131,1776200
943,509,477,679202,10190,310608,1835600
944,496,508,678706,10178,311116,1828500
945,481,534,678225,10125,311650,2001700
946,512,462,677713,10175,312112,1997700
947,516,509,677197,10182,312621,2192200
948,525,495,676672,10212,313116,1964800
949,490,497,676182,10205,313613,1956700
950,492,521,675690,10176,314134,1932000
951,495,520,675195,10151,314654,1880600
952,503,491,674692,10163,315145,1974100
953,516,520,674176,10159,315665,1917100
954,513,521,673663,10151,316186,1923000
955,513,482,673150,10182,316668,1890700
956,525,513,672625,10194,317181,1829000
957,524,526,672101,10192,317707,1772500
958,527,501,671574,10218,318208,2050800
959,542,511,671032,10249,318719,1876000
960,501,512,670531,10238,319231,1875000
961,541,517,669990,10262,319748,1821200
962,505,527,669485,10240,320275,1808400
963,494,505,668991,10229,320780,1780900
964,488,538,668503,10179,321318,1736900
965,533,481,667970,10231,321799,1848000
966,519,520,667451,10230,322319,1796400
967,504,488,666947,10246,322807,1797600
968,524,482,666423,10288,323289,1941600
969,535,489,665888,10334,323778,1763400
970,552,535,665336,10351,324313,1794000
971,568,496,664768,10423,324809,1819200
972,541,500,664227,10464,325309,1808800
973,585,487,663642,10562,325796,1755500
974,575,530,663067,10607,326326,1750400
975,534,533,662533,10608,326859,1726800
976,538,527,661995,10619,327386,1812400
977,600,570,661395,10649,327956,1811400
978,559,532,660836,10676,328488,1906800
979,545,544,660291,10677,329032,1829300
980,501,524,659790,10654,329556,1768800
981,541,548,659249,10647,330104,1864700
982,513,536,658736,10624,330640,1739600
983,561,507,658175,10678,331147,1753800
984,535,558,657640,10655,331705,2011800
985,518,571,657122,10602,332276,1897500
986,529,500,656593,10631,332776,1963700
987,519,543,656074,10607,333319,1784300
988,499,526,655575,10580,333845,1867200
989,520,502,655055,10598,334347,1846500
990,560,545,654495,10613,334892,1782400
991,528,521,653967,10620,335413,2162100
992,510,505,653457,10625,335918,1716700
993,482,554,652975,10553,336472,1749400
994,545,492,652430,10606,336964,1781600
995,549,471,651881,10684,337435,1919300
996,506,548,651375,10642,337983,1844900
997,538,525,650837,10655,338508,1878000
998,554,555,650283,10654,339063,1757600
999,503,518,649780,10639,339581,1732700
1000,569,541,649211,10667,340122,1731700
1001,541,548,648670,10660,340670,1724600
1002,551,529,648119,10682,341199,1842500
1003,535,547,647584,10670,341746,1762100
1004,521,540,647063,10651,342286,1765500
1005,500,555,646563,10596,342841,1720800
1006,513,501,646050,10608,343342,1837800
1007,512,490,645538,10630,343832,2302100
1008,502,506,645036,10626,344338,1857800
1009,521,551,644515,10596,344889,1732200
1010,539,547,643976,10588,345436,1789900
1011,519,471,643457,10636,345907,1928400
1012,524,529,642933,10631,346436,1942200
1013,495,526,642438,10600,346962,1935500
1014,504,547,641934,10557,347509,1735000
1015,533,497,641401,10593,348006,1844700
1016,529,548,640872,10574,348554,1850100
1017,529,537,640343,10566,349091,2161800
1018,503,525,639840,10544,349616,1847100
1019,518,534,639322,10528,350150,1845200
1020,518,520,638804,10526,350670,1820900
1021,533,532,638271,10527,351202,1847100
1022,517,547,637754,10497,351749,1749800
1023,532,548,637222,10481,352297,2163100
1024,534,553,636688,10462,352850,1782900
1025,527,543,636161,10446,353393,1872500
1026,549,512,635612,10483,353905,1853400
1027,528,529,635084,10482,354434,2131200
1028,515,511,634569,10486,354945,1919000
1029,543,494,634026,10535,355439,1911500
1030,538,541,633488,10532,355980,1885600
1031,547,514,632941,10565,356494,1743000
1032,546,528,632395,10583,357022,2032900
1033,514,527,631881,10570,357549,1925900
1034,511,524,631370,10557,358073,1760100
1035,538,513,630832,10582,358586,1792700
1036,543,532,630289,10593,359118,1769200
1037,536,486,629753,10643,359604,1770200
1038,506,519,629247,10630,360123,1786600
1039,551,527,628696,10654,360650,1724900
1040,526,552,628170,10628,361202,1880700
1041,532,510,627638,10650,361712,1795100
1042,561,546,627077,10665,362258,1805000
1043,511,503,626566,10673,362761,1757300
1044,550,515,626016,10708,363276,1820500
1045,558,515,625458,10751,363791,1809000
1046,533,532,624925,10752,364323,1865700
1047,516,486,624409,10782,364809,1822600
1048,505,549,623904,10738,365358,1814900
1049,532,549,623372,10721,365907,1763300
1050,531,545,622841,10707,366452,1739400
1051,539,532,622302,10714,366984,1985000
1052,558,510,621744,10762,367494,1906300
1053,536,536,621208,10762,368030,1927200
1054,510,520,620698,10752,368550,1833100
1055,537,562,620161,10727,369112,1757700
1056,493,566,619668,10654,369678,1799000
1057,476,559,619192,10571,370237,1770700
1058,515,528,618677,10558,370765,1857900
1059,514,534,618163,10538,371299,1805900
1060,504,481,617659,10561,371780,1733900
1061,548,494,617111,10615,372274,1779700
1062,543,519,616568,10639,372793,1762600
1063,501,530,616067,10610,373323,1762400
1064,546,551,615521,10605,373874,1722300
1065,535,517,614986,10623,374391,1750400
1066,563,534,614423,10652,374925,1693700
1067,521,526,613902,10647,375451,1827800
1068,549,542,613353,10654,375993,1806100
1069,527,504,612826,10677,376497,2020200
1070,535,538,612291,10674,377035,1925600
1071,555,548,611736,10681,377583,1930200
1072,511,518,611225,10674,378101,1754500
1073,509,499,610716,10684,378600,1842300
1074,505,539,610211,10650,379139,1864500
1075,536,542,609675,10644,379681,1833200
1076,519,568,609156,10595,380249,1779600
1077,500,514,608656,10581,380763,1736700
1078,544,530,608112,10595,381293,1713800
1079,507,530,607605,10572,381823,1972500
1080,533,537,607072,10568,382360,1840000
1081,537,505,606535,10600,382865,1790900
1082,545,532,605990,10613,383397,1710800
1083,500,547,605490,10566,383944,1709400
1084,505,541,604985,10530,384485,1863200
1085,556,565,604429,10521,385050,1842200
1086,529,524,603900,10526,385574,1765400
1087,529,556,603371,10499,386130,1750100
1088,504,552,602867,10451,386682,1796900
1089,498,500,602369,10449,387182,1766900
1090,498,519,601871,10428,387701,1787300
1091,530,561,601341,10397,388262,1732200
1092,537,513,600804,10421,388775,1801800
1093,538,517,600266,10442,389292,1857100
1094,533,563,599733,10412,389855,1742500
1095,539,526,599194,10425,390381,1993800
1096,561,510,598633,10476,390891,1754700
1097,537,526,598096,10487,391417,1911000
1098,578,522,597518,10543,391939,2098100
1099,515,554,597003,10504,392493,1739400
1100,504,517,596499,10491,393010,1777900
1101,530,515,595969,10506,393525,1747900
1102,530,509,595439,10527,394034,1808700
1103,572,530,594867,10569,394564,1709300
1104,581,522,594286,10628,395086,1798300
1105,550,579,593736,10599,395665,1802400
1106,526,483,593210,10642,396148,1831300
1107,548,536,592662,10654,396684,1969800
1108,526,558,592136,10622,397242,1751200
1109,542,517,591594,10647,397759,1833600
1110,518,542,591076,10623,398301,2055700
1111,539,502,590537,10660,398803,1807700
1112,513,513,590024,10660,399316,1939800
1113,563,525,589461,10698,399841,1768800
1114,612,573,588849,10737,400414,1740200
1115,534,531,588315,10740,400945,1975500
1116,518,591,587797,10667,401536,1877100
1117,537,526,587260,10678,402062,1866400
1118,536,527,586724,10687,402589,1829500
1119,514,550,586210,10651,403139,1810600
1120,488,542,585722,10597,403681,1774800
1121,518,515,585204,10600,404196,1833400
1122,544,553,584660,10591,404749,1854800
1123,523,507,584137,10607,405256,1831500
1124,554,529,583583,10632,405785,2032700
1125,524,516,583059,10640,406301,1866000
1126,518,543,582541,10615,406844,1751900
1127,516,502,582025,10629,407346,1869000
1128,514,508,581511,10635,407854,1764800
1129,531,497,580980,10669,408351,1887100
1130,520,524,580460,10665,408875,1890100
1131,539,528,579921,10676,409403,1802800
1132,575,542,579346,10709,409945,1833800
1133,515,564,578831,10660,410509,1852600
1134,539,542,578292,10657,411051,1733200
1135,529,553,577763,10633,411604,1725100
1136,536,533,577227,10636,412137,1771000
1137,551,541,576676,10646,412678,1987100
1138,517,546,576159,10617,413224,1896100
1139,555,539,575604,10633,413763,1897300
1140,515,587,575089,10561,414350,1802400
1141,538,517,574551,10582,414867,1944300
1142,554,564,573997,10572,415431,1833400
1143,534,525,573463,10581,415956,2019000
1144,529,505,572934,10605,416461,1818700
1145,565,570,572369,10600,417031,1789400
1146,520,534,571849,10586,417565,1821900
1147,511,524,571338,10573,418089,1906700
1148,515,539,570823,10549,418628,1854700
1149,531,525,570292,10555,419153,1802400
1150,524,532,569768,10547,419685,1778000
1151,554,546,569214,10555,420231,1801400
1152,490,524,568724,10521,420755,1729000
1153,564,556,568160,10529,421311,2048400
1154,558,533,567602,10554,421844,1854300
1155,498,531,567104,10521,422375,1902600
1156,551,499,566553,10573,422874,1914000
1157,505,514,566048,10564,423388,2020000
1158,547,540,565501,10571,423928,1846900
1159,514,545,564987,10540,424473,1766500
1160,524,563,564463,10501,425036,2013400
1161,532,527,563931,10506,425563,1738300
1162,527,531,563404,10502,426094,1815600
1163,512,503,562892,10511,426597,1817200
1164,546,504,562346,10553,427101,1801700
1165,521,528,561825,10546,427629,1811000
1166,543,526,561282,10563,428155,1837000
1167,525,517,560757,10571,428672,1730000
1168,552,514,560205,10609,429186,1835000
1169,552,563,559653,10598,429749,1816500
1170,544,554,559109,10588,430303,1765800
1171,562,529,558547,10621,430832,1926800
1172,546,557,558001,10610,431389,1714800
1173,497,533,557504,10574,431922,1818000
1174,560,550,556944,10584,432472,1945600
1175,574,541,556370,10617,433013,1897800
1176,528,526,555842,10619,433539,1782700
1177,539,521,555303,10637,434060,1702200
1178,575,499,554728,10713,434559,1754300
1179,539,512,554189,10740,435071,1834900
1180,523,539,553666,10724,435610,1726400
1181,495,528,553171,10691,436138,1759900
1182,542,537,552629,10696,436675,1733100
1183,559,534,552070,10721,437209,1843900
1184,559,559,551511,10721,437768,1853600
1185,546,520,550965,10747,438288,1788000
1186,526,528,550439,10745,438816,1744100
1187,565,503,549874,10807,439319,1919500
1188,553,556,549321,10804,439875,2034600
1189,520,546,548801,10778,440421,1737200
1190,559,523,548242,10814,440944,1858500
1191,531,527,547711,10818,441471,1828800
1192,553,550,547158,10821,442021,1761600
1193,580,512,546578,10889,442533,1781700
1194,579,550,545999,10918,443083,1892100
1195,522,531,545477,10909,443614,1894300
1196,536,533,544941,10912,444147,2040500
1197,486,537,544455,10861,444684,1924100
1198,497,516,543958,10842,445200,1883500
1199,519,576,543439,10785,445776,1819400
1200,527,523,542912,10789,446299,1799900
1201,480,538,542432,10731,446837,1807900
1202,508,533,541924,10706,447370,1816800
1203,561,552,541363,10715,447922,2020700
1204,472,526,540891,10661,448448,1979600
1205,558,522,540333,10697,448970,1892400
1206,520,550,539813,10667,449520,1832700
1207,532,490,539281,10709,450010,1807500
1208,551,528,538730,10732,450538,1811600
1209,523,515,538207,10740,451053,1870300
1210,525,526,537682,10739,451579,1797700
1211,528,554,537154,10713,452133,1797100
1212,489,552,536665,10650,452685,1846300
1213,534,500,536131,10684,453185,1838900
1214,519,492,535612,10711,453677,1858400
1215,516,540,535096,10687,454217,1840000
1216,560,480,534536,10767,454697,2040800
1217,537,581,533999,10723,455278,1965400
1218,559,556,533440,10726,455834,2127200
1219,532,568,532908,10690,456402,2011100
1220,529,594,532379,10625,456996,1932300
1221,536,526,531843,10635,457522,2089700
1222,537,513,531306,10659,458035,2146300
1223,575,552,530731,10682,458587,2162500
1224,534,544,530197,10672,459131,1901000
1225,536,522,529661,10686,459653,1883600
1226,553,564,529108,10675,460217,1858500
1227,548,556,528560,10667,460773,1827300
1228,573,548,527987,10692,461321,1976200
1229,539,526,527448,10705,461847,1825300
1230,558,536,526890,10727,462383,2055800
1231,527,543,526363,10711,462926,1835300
1232,560,547,525803,10724,463473,1834900
1233,543,538,525260,10729,464011,1918900
1234,568,531,524692,10766,464542,1806300
1235,528,497,524164,10797,465039,1784400
1236,558,500,523606,10855,465539,1817700
1237,522,496,523084,10881,466035,1895600
1238,543,495,522541,10929,466530,1843800
1239,551,533,521990,10947,467063,2049900
1240,570,515,521420,11002,467578,1820600
1241,591,556,520829,11037,468134,1841300
1242,548,530,520281,11055,468664,1834100
1243,553,573,519728,11035,469237,1945300
1244,545,531,519183,11049,469768,1843300
1245,538,566,518645,11021,470334,1849800
1246,533,503,518112,11051,470837,1789400
1247,546,556,517566,11041,471393,1826600
1248,543,559,517023,11025,471952,1834400
1249,555,524,516468,11056,472476,2015800
1250,561,524,515907,11093,473000,1802400
1251,556,543,515351,11106,473543,1768800
1252,546,514,514805,11138,474057,1790500
1253,557,590,514248,11105,474647,1840000
1254,555,571,513693,11089,475218,1853700
1255,501,551,513192,11039,475769,2058400
1256,515,525,512677,11029,476294,1900700
1257,525,600,512152,10954,476894,2061000
1258,507,536,511645,10925,477430,1808700
1259,537,535,511108,10927,477965,1780400
1260,520,544,510588,10903,478509,1838500
1261,529,515,510059,10917,479024,1778500
1262,569,527,509490,10959,479551,1826100
1263,586,506,508904,11039,480057,1992100
1264,543,551,508361,11031,480608,1842800
1265,530,587,507831,10974,481195,1829800
1266,542,540,507289,10976,481735,1859300
1267,538,549,506751,10965,482284,1805900
1268,535,512,506216,10988,482796,1794000
1269,527,516,505689,10999,483312,1787100
1270,548,558,505141,10989,483870,1876600
1271,535,581,504606,10943,484451,2171200
1272,562,539,504044,10966,484990,2121800
1273,492,498,503552,10960,485488,2063100
1274,555,552,502997,10963,486040,1902200
1275,520,500,502477,10983,486540,1955000
1276,593,516,501884,11060,487056,1932900
1277,517,559,501367,11018,487615,1921300
1278,543,549,500824,11012,488164,1873100
1279,562,554,500262,11020,488718,1989700
1280,514,549,499748,10985,489267,1883100
1281,564,530,499184,11019,489797,1886500
1282,552,542,498632,11029,490339,1851300
1283,577,519,498055,11087,490858,1859800
1284,565,541,497490,11111,491399,1891900
1285,559,535,496931,11135,491934,1990900
1286,565,574,496366,11126,492508,1991300
1287,559,577,495807,11108,493085,1907200
1288,591,571,495216,11128,493656,1846000
1289,546,550,494670,11124,494206,2259400
1290,499,559,494171,11064,494765,1831900
1291,518,527,493653,11055,495292,1853200
1292,503,548,493150,11010,495840,1775800
1293,531,532,492619,11009,496372,1865100
1294,532,541,492087,11000,496913,1880300
1295,518,557,491569,10961,497470,1908500
1296,536,586,491033,10911,498056,1898300
1297,550,557,490483,10904,498613,1944400
1298,501,516,489982,10889,499129,1875400
1299,521,558,489461,10852,499687,1854400
1300,524,532,488937,10844,500219,1829300
1301,542,571,488395,10815,500790,1837000
1302,544,549,487851,10810,501339,1813200
1303,577,535,487274,10852,501874,1869000
1304,540,583,486734,10809,502457,1798700
1305,559,570,486175,10798,503027,1783300
1306,547,550,485628,10795,503577,2016100
1307,530,486,485098,10839,504063,1928000
1308,571,549,484527,10861,504612,1857200
1309,551,571,483976,10841,505183,1977200
1310,524,523,483452,10842,505706,1874400
1311,584,596,482868,10830,506302,1845800
1312,526,519,482342,10837,506821,1838400
1313,555,578,481787,10814,507399,1842500
1314,563,555,481224,10822,507954,1996200
1315,534,557,480690,10799,508511,2060400
1316,541,562,480149,10778,509073,1920200
1317,552,500,479597,10830,509573,1888400
1318,547,559,479050,10818,510132,2168400
1319,574,478,478476,10914,510610,1877200
1320,524,533,477952,10905,511143,1844800
1321,580,564,477372,10921,511707,1844400
1322,558,524,476814,10955,512231,1841300
1323,572,511,476242,11016,512742,1812200
1324,553,546,475689,11023,513288,2025800
1325,565,575,475124,11013,513863,1779600
1326,595,518,474529,11090,514381,1812000
1327,560,552,473969,11098,514933,2078100
1328,550,550,473419,11098,515483,1833300
1329,557,544,472862,11111,516027,1864500
1330,578,552,472284,11137,516579,1842200
1331,548,549,471736,11136,517128,1814500
1332,559,564,471177,11131,517692,1788000
1333,550,580,470627,11101,518272,1780300
1334,546,542,470081,11105,518814,1733000
1335,525,595,469556,11035,519409,1838600
1336,559,560,468997,11034,519969,1917800
1337,573,549,468424,11058,520518,1759000
1338,575,543,467849,11090,521061,1727900
1339,534,570,467315,11054,521631,1783500
1340,541,541,466774,11054,522172,1924600
1341,551,550,466223,11055,522722,1819300
1342,572,559,465651,11068,523281,1807600
1343,553,567,465098,11054,523848,1835100
1344,591,535,464507,11110,524383,1802200
1345,569,572,463938,11107,524955,1764500
1346,541,565,463397,11083,525520,1819500
1347,560,557,462837,11086,526077,1804800
1348,572,532,462265,11126,526609,1760500
1349,560,581,461705,11105,527190,1741700
1350,581,549,461124,11137,527739,1829200
1351,565,560,460559,11142,528299,1920100
1352,581,549,459978,11174,528848,1910800
1353,553,549,459425,11178,529397,1884000
1354,590,528,458835,11240,529925,1847400
1355,539,568,458296,11211,530493,1840100
1356,579,568,457717,11222,531061,1756000
1357,574,564,457143,11232,531625,1770500
1358,534,602,456609,11164,532227,1749500
1359,580,548,456029,11196,532775,1789400
1360,616,555,455413,11257,533330,1735300
1361,536,559,454877,11234,533889,2048500
1362,573,581,454304,11226,534470,1855400
1363,544,542,453760,11228,535012,1992700
1364,568,591,453192,11205,535603,1832800
1365,553,544,452639,11214,536147,1880500
1366,542,545,452097,11211,536692,1792600
1367,580,572,451517,11219,537264,1935600
1368,614,562,450903,11271,537826,1800400
1369,563,586,450340,11248,538412,1797100
1370,596,577,449744,11267,538989,1751300
1371,591,544,449153,11314,539533,1832600
1372,560,522,448593,11352,540055,1864600
1373,595,551,447998,11396,540606,1807100
1374,530,543,447468,11383,541149,1728300
1375,576,591,446892,11368,541740,1727000
1376,584,583,446308,11369,542323,1823500
1377,580,586,445728,11363,542909,1791300
1378,552,581,445176,11334,543490,2010800
1379,543,602,444633,11275,544092,2007700
1380,546,585,444087,11236,544677,1842300
1381,562,560,443525,11238,545237,1879200
1382,576,567,442949,11247,545804,1807300
1383,547,596,442402,11198,546400,1864000
1384,544,569,441858,11173,546969,1786600
1385,548,585,441310,11136,547554,1765100
1386,549,531,440761,11154,548085,1804500
1387,504,530,440257,11128,548615,1892900
1388,579,541,439678,11166,549156,1870000
1389,546,542,439132,11170,549698,1877000
1390,557,566,438575,11161,550264,1818000
1391,568,584,438007,11145,550848,1838900
1392,559,578,437448,11126,551426,1821100
1393,560,507,436888,11179,551933,1886300
1394,530,547,436358,11162,552480,1823900
1395,529,573,435829,11118,553053,1816900
1396,570,552,435259,11136,553605,1810300
1397,561,543,434698,11154,554148,1845200
1398,556,542,434142,11168,554690,1871800
1399,545,565,433597,11148,555255,1839800
1400,539,567,433058,11120,555822,1907400
1401,545,539,432513,11126,556361,1881000
1402,574,551,431939,11149,556912,2033400
1403,577,531,431362,11195,557443,1939300
1404,523,569,430839,11149,558012,1831900
1405,574,557,430265,11166,558569,1882700
1406,557,529,429708,11194,559098,1799400
1407,517,572,429191,11139,559670,1820400
1408,534,583,428657,11090,560253,1777900
1409,569,572,428088,11087,560825,1818500
1410,507,560,427581,11034,561385,1811300
1411,536,522,427045,11048,561907,1839500
1412,532,543,426513,11037,562450,1817300
1413,524,528,425989,11033,562978,1887800
1414,540,545,425449,11028,563523,1899700
1415,535,529,424914,11034,564052,1869300
1416,533,544,424381,11023,564596,1833200
1417,564,592,423817,10995,565188,1838500
1418,547,552,423270,10990,565740,1809500
1419,532,566,422738,10956,566306,1836100
1420,552,546,422186,10962,566852,1800900
1421,547,518,421639,10991,567370,1832700
1422,545,562,421094,10974,567932,1784500
1423,529,499,420565,11004,568431,1845700
1424,531,569,420034,10966,569000,1817100
1425,578,541,419456,11003,569541,1842100
1426,518,552,418938,10969,570093,1777500
1427,543,532,418395,10980,570625,1818900
1428,508,562,417887,10926,571187,2024900
1429,569,585,417318,10910,571772,1862200
1430,566,510,416752,10966,572282,1819000
1431,555,549,416197,10972,572831,1826600
1432,592,558,415605,11006,573389,1837600
1433,551,538,415054,11019,573927,1784800
1434,536,527,414518,11028,574454,1806300
1435,535,549,413983,11014,575003,1804400
1436,564,576,413419,11002,575579,1830100
1437,569,569,412850,11002,576148,1773600
1438,560,532,412290,11030,576680,1780500
1439,579,540,411711,11069,577220,1846500
1440,559,558,411152,11070,577778,1794500
1441,583,494,410569,11159,578272,1805000
1442,556,544,410013,11171,578816,1765300
1443,548,545,409465,11174,579361,1804400
1444,537,564,408928,11147,579925,1851200
1445,540,546,408388,11141,580471,1789200
1446,519,559,407869,11101,581030,1791000
1447,526,562,407343,11065,581592,1790600
1448,530,522,406813,11073,582114,1790300
1449,511,571,406302,11013,582685,1822900
1450,532,502,405770,11043,583187,1898900
1451,550,554,405220,11039,583741,1880100
1452,552,563,404668,11028,584304,1819100
1453,562,583,404106,11007,584887,1867100
1454,556,604,403550,10959,585491,1894400
1455,537,562,403013,10934,586053,1946500
1456,542,567,402471,10909,586620,1868300
1457,504,570,401967,10843,587190,1863400
1458,577,573,401390,10847,587763,1915000
1459,500,520,400890,10827,588283,2130200
1460,521,505,400369,10843,588788,2149000
1461,496,494,399873,10845,589282,2157200
1462,541,528,399332,10858,589810,2170500
1463,534,490,398798,10902,590300,1957000
1464,517,521,398281,10898,590821,1973700
1465,544,519,397737,10923,591340,2007800
1466,538,556,397199,10905,591896,1910900
1467,517,551,396682,10871,592447,1931600
1468,524,506,396158,10889,592953,1957300
1469,541,571,395617,10859,593524,1948400
1470,578,535,395039,10902,594059,1923300
1471,516,531,394523,10887,594590,1933700
1472,520,571,394003,10836,595161,1931800
1473,497,556,393506,10777,595717,1934400
1474,510,499,392996,10788,596216,1938300
1475,555,505,392441,10838,596721,1926800
1476,589,563,391852,10864,597284,1914900
1477,525,556,391327,10833,597840,1934800
1478,520,555,390807,10798,598395,1856500
1479,545,570,390262,10773,598965,1962400
1480,522,525,389740,10770,599490,1867800
1481,515,527,389225,10758,600017,1869500
1482,536,517,388689,10777,600534,1927300
1483,519,519,388170,10777,601053,1859300
1484,531,499,387639,10809,601552,1866900
1485,517,507,387122,10819,602059,2051500
1486,576,555,386546,10840,602614,1970800
1487,530,518,386016,10852,603132,2039600
1488,508,553,385508,10807,603685,2047000
1489,535,517,384973,10825,604202,1949600
1490,541,509,384432,10857,604711,1941000
1491,530,556,383902,10831,605267,1966800
1492,496,556,383406,10771,605823,1909100
1493,502,540,382904,10733,606363,2065700
1494,532,528,382372,10737,606891,1936200
1495,519,526,381853,10730,607417,1937100
1496,537,487,381316,10780,607904,2088000
1497,537,595,380779,10722,608499,1910300
1498,497,515,380282,10704,609014,1885200
1499,547,530,379735,10721,609544,1912500
1500,497,532,379238,10686,610076,2243400
1501,542,492,378696,10736,610568,2005100
1502,542,505,378154,10773,611073,1864900
1503,480,545,377674,10708,611618,1848500
1504,540,502,377134,10746,612120,1856600
1505,506,554,376628,10698,612674,1874800
1506,514,558,376114,10654,613232,1861300
1507,549,479,375565,10724,613711,1869000
1508,495,519,375070,10700,614230,2135600
1509,501,489,374569,10712,614719,1886200
1510,515,584,374054,10643,615303,2058700
1511,488,510,373566,10621,615813,1899200
1512,525,549,373041,10597,616362,1847400
1513,468,531,372573,10534,616893,1931600
1514,513,538,372060,10509,617431,1858600
1515,525,518,371535,10516,617949,1872300
1516,495,494,371040,10517,618443,2105000
1517,493,510,370547,10500,618953,2061100
1518,502,513,370045,10489,619466,1918200
1519,507,548,369538,10448,620014,2043100
1520,511,543,369027,10416,620557,1918200
1521,502,487,368525,10431,621044,2074600
1522,453,510,368072,10374,621554,1954200
1523,515,552,367557,10337,622106,1901100
1524,537,491,367020,10383,622597,1889800
1525,508,497,366512,10394,623094,1863200
1526,491,575,366021,10310,623669,1834000
1527,491,492,365530,10309,624161,1865200
1528,516,483,365014,10342,624644,1861900
1529,516,484,364498,10374,625128,1938800
1530,493,544,364005,10323,625672,1883200
1531,503,540,363502,10286,626212,1980800
1532,489,503,363013,10272,626715,2444700
1533,510,503,362503,10279,627218,1950700
1534,540,529,361963,10290,627747,1882100
1535,520,519,361443,10291,628266,2200100
1536,498,514,360945,10275,628780,1899300
1537,514,542,360431,10247,629322,1875600
1538,509,527,359922,10229,629849,1894200
1539,517,512,359405,10234,630361,1884500
1540,520,542,358885,10212,630903,2046000
1541,506,524,358379,10194,631427,2128900
1542,487,479,357892,10202,631906,1876200
1543,499,548,357393,10153,632454,1853200
1544,502,500,356891,10155,632954,1835800
1545,514,524,356377,10145,633478,1903900
1546,506,536,355871,10115,634014,1870800
1547,546,525,355325,10136,634539,2014800
1548,501,500,354824,10137,635039,1871800
1549,511,518,354313,10130,635557,1874700
1550,484,519,353829,10095,636076,1878100
1551,507,504,353322,10098,636580,1859300
1552,503,482,352819,10119,637062,1893300
1553,505,487,352314,10137,637549,1867900
1554,560,555,351754,10142,638104,1862000
1555,513,512,351241,10143,638616,1824200
1556,540,519,350701,10164,639135,1883500
1557,505,475,350196,10194,639610,1891400
1558,507,511,349689,10190,640121,1863600
1559,482,496,349207,10176,640617,1857900
1560,501,497,348706,10180,641114,1886900
1561,515,530,348191,10165,641644,2336600
1562,502,524,347689,10143,642168,1974700
1563,488,492,347201,10139,642660,1956800
1564,512,531,346689,10120,643191,1851800
1565,511,468,346178,10163,643659,1823500
1566,538,561,345640,10140,644220,1812500
1567,502,511,345138,10131,644731,2229000
1568,478,509,344660,10100,645240,1935900
1569,496,485,344164,10111,645725,1935000
1570,513,493,343651,10131,646218,1952100
1571,495,528,343156,10098,646746,1911400
1572,506,508,342650,10096,647254,1862400
1573,505,499,342145,10102,647753,1898000
1574,489,504,341656,10087,648257,1871100
1575,474,561,341182,10000,648818,1849400
1576,495,531,340687,9964,649349,1886800
1577,463,507,340224,9920,649856,1873500
1578,482,473,339742,9929,650329,1878000
1579,486,515,339256,9900,650844,1874200
1580,485,478,338771,9907,651322,1860400
1581,484,476,338287,9915,651798,1873700
1582,494,510,337793,9899,652308,1946600
1583,548,515,337245,9932,652823,2079700
1584,489,489,336756,9932,653312,1901700
1585,498,496,336258,9934,653808,1897000
1586,480,471,335778,9943,654279,1798200
1587,472,499,335306,9916,654778,1918500
1588,501,463,334805,9954,655241,2163500
1589,486,523,334319,9917,655764,1879400
1590,463,531,333856,9849,656295,1856200
1591,481,477,333375,9853,656772,1942600
1592,507,565,332868,9795,657337,2064000
1593,495,498,332373,9792,657835,1845300
1594,495,447,331878,9840,658282,1834200
1595,504,484,331374,9860,658766,1721200
1596,474,495,330900,9839,659261,1870300
1597,463,450,330437,9852,659711,1798500
1598,514,491,329923,9875,660202,1878300
1599,445,500,329478,9820,660702,1885900
1600,492,512,328986,9800,661214,1856000
1601,531,476,328455,9855,661690,1860400
1602,517,506,327938,9866,662196,1815700
1603,536,501,327402,9901,662697,1734800
1604,500,507,326902,9894,663204,1789200
1605,505,531,326397,9868,663735,1923400
1606,481,508,325916,9841,664243,2343800
1607,479,538,325437,9782,664781,1874000
1608,485,481,324952,9786,665262,2087300
1609,510,497,324442,9799,665759,1988600
1610,479,494,323963,9784,666253,1837300
1611,503,475,323460,9812,666728,1820400
1612,510,489,322950,9833,667217,1787000
1613,466,520,322484,9779,667737,1709100
1614,486,497,321998,9768,668234,1737400
1615,509,508,321489,9769,668742,1821300
1616,435,516,321054,9688,669258,1786200
1617,491,485,320563,9694,669743,1727400
1618,466,510,320097,9650,670253,1712100
1619,491,484,319606,9657,670737,1834700
1620,491,487,319115,9661,671224,1897300
1621,464,458,318651,9667,671682,1819800
1622,457,471,318194,9653,672153,1743700
1623,462,520,317732,9595,672673,2038200
1624,424,493,317308,9526,673166,1811200
1625,465,494,316843,9497,673660,1714300
1626,439,479,316404,9457,674139,1923000
1627,507,454,315897,9510,674593,1832000
1628,467,422,315430,9555,675015,1748800
1629,465,468,314965,9552,675483,1817300
1630,475,514,314490,9513,675997,1707000
1631,471,460,314019,9524,676457,1807900
1632,482,466,313537,9540,676923,1788800
1633,479,471,313058,9548,677394,1894700
1634,471,508,312587,9511,677902,1716400
1635,448,466,312139,9493,678368,1692900
1636,437,442,311702,9488,678810,1811900
1637,442,484,311260,9446,679294,1824200
1638,481,502,310779,9425,679796,1692100
1639,461,464,310318,9422,680260,1872100
1640,428,464,309890,9386,680724,1824200
1641,432,473,309458,9345,681197,1755100
1642,448,441,309010,9352,681638,1736300
1643,459,442,308551,9369,682080,1701800
1644,493,475,308058,9387,682555,1726800
1645,442,485,307616,9344,683040,1833300
1646,486,456,307130,9374,683496,1768300
1647,486,464,306644,9396,683960,1724600
1648,473,444,306171,9425,684404,2028400
1649,473,474,305698,9424,684878,1853900
1650,502,482,305196,9444,685360,1723400
1651,475,439,304721,9480,685799,1831100
1652,476,443,304245,9513,686242,1750100
1653,480,482,303765,9511,686724,1689400
1654,490,443,303275,9558,687167,1705500
1655,485,457,302790,9586,687624,1800600
1656,496,495,302294,9587,688119,1716400
1657,507,501,301787,9593,688620,1732100
1658,497,421,301290,9669,689041,1944300
1659,481,477,300809,9673,689518,1803200
1660,502,464,300307,9711,689982,1892600
1661,492,494,299815,9709,690476,1792700
1662,502,502,299313,9709,690978,1714900
1663,480,482,298833,9707,691460,1799100
1664,497,463,298336,9741,691923,1697600
1665,498,539,297838,9700,692462,1778800
1666,504,467,297334,9737,692929,1717900
1667,491,491,296843,9737,693420,1709000
1668,521,471,296322,9787,693891,1844400
1669,515,500,295807,9802,694391,1835100
1670,485,500,295322,9787,694891,1745300
1671,500,461,294822,9826,695352,1699700
1672,526,511,294296,9841,695863,1708700
1673,529,541,293767,9829,696404,1804000
1674,518,503,293249,9844,696907,1694600
1675,507,465,292742,9886,697372,1756100
1676,479,488,292263,9877,697860,1845000
1677,499,462,291764,9914,698322,1936600
1678,509,483,291255,9940,698805,1844100
1679,502,460,290753,9982,699265,1725600
1680,482,518,290271,9946,699783,1715900
1681,474,503,289797,9917,700286,1695900
1682,480,467,289317,9930,700753,1845000
1683,492,509,288825,9913,701262,1796200
1684,480,515,288345,9878,701777,1710100
1685,475,489,287870,9864,702266,1790200
1686,467,504,287403,9827,702770,1833000
1687,520,475,286883,9872,703245,2067300
1688,483,462,286400,9893,703707,1938600
1689,498,444,285902,9947,704151,1851700
1690,540,504,285362,9983,704655,1796000
1691,528,474,284834,10037,705129,1777800
1692,502,509,284332,10030,705638,1756400
1693,522,518,283810,10034,706156,1837600
1694,523,515,283287,10042,706671,1760800
1695,474,498,282813,10018,707169,1769200
1696,511,527,282302,10002,707696,1795700
1697,479,509,281823,9972,708205,2069800
1698,472,517,281351,9927,708722,1861900
1699,495,504,280856,9918,709226,1718000
1700,514,451,280342,9981,709677,1835200
1701,509,477,279833,10013,710154,1795200
1702,553,443,279280,10123,710597,1922300
1703,470,487,278810,10106,711084,1739300
1704,525,515,278285,10116,711599,1732100
1705,519,500,277766,10135,712099,1837400
1706,469,504,277297,10100,712603,1849800
1707,511,497,276786,10114,713100,1792700
1708,522,502,276264,10134,713602,1755300
1709,510,513,275754,10131,714115,1718700
1710,488,536,275266,10083,714651,1974000
1711,485,487,274781,10081,715138,1752400
1712,502,530,274279,10053,715668,1777500
1713,479,523,273800,10009,716191,1712500
1714,493,481,273307,10021,716672,1661800
1715,513,494,272794,10040,717166,1821300
1716,505,536,272289,10009,717702,1760100
1717,484,488,271805,10005,718190,1873000
1718,495,515,271310,9985,718705,1717000
1719,512,538,270798,9959,719243,1822500
1720,495,486,270303,9968,719729,1726300
1721,486,519,269817,9935,720248,1660700
1722,471,514,269346,9892,720762,1706600
1723,497,467,268849,9922,721229,1807300
1724,510,487,268339,9945,721716,1800100
1725,506,502,267833,9949,722218,1724100
1726,499,451,267334,9997,722669,1712500
1727,573,506,266761,10064,723175,1824000
1728,520,427,266241,10157,723602,2164000
1729,492,535,265749,10114,724137,2102500
1730,495,509,265254,10100,724646,1791200
1731,533,543,264721,10090,725189,1860700
1732,498,478,264223,10110,725667,1916400
1733,546,521,263677,10135,726188,1881300
1734,514,516,263163,10133,726704,1841100
1735,519,510,262644,10142,727214,2000500
1736,526,540,262118,10128,727754,2016300
1737,532,466,261586,10194,728220,1854000
1738,530,535,261056,10189,728755,1788900
1739,544,516,260512,10217,729271,1849900
1740,500,524,260012,10193,729795,1844900
1741,547,505,259465,10235,730300,1833300
1742,514,473,258951,10276,730773,1969900
1743,516,518,258435,10274,731291,1978800
1744,525,479,257910,10320,731770,1871400
1745,538,529,257372,10329,732299,1911500
1746,470,488,256902,10311,732787,1945800
1747,516,547,256386,10280,733334,1869000
1748,518,559,255868,10239,733893,1894000
1749,496,525,255372,10210,734418,1928000
1750,506,521,254866,10195,734939,1903900
1751,487,501,254379,10181,735440,2107500
1752,499,528,253880,10152,735968,1909600
1753,495,486,253385,10161,736454,1878800
1754,510,522,252875,10149,736976,2001900
1755,486,493,252389,10142,737469,1895900
1756,477,483,251912,10136,737952,1855800
1757,445,495,251467,10086,738447,1931300
1758,510,514,250957,10082,738961,1865500
1759,471,550,250486,10003,739511,1871000
1760,490,505,249996,9988,740016,1920400
1761,469,536,249527,9921,740552,1896300
1762,466,487,249061,9900,741039,1861700
1763,490,505,248571,9885,741544,1904400
1764,467,500,248104,9852,742044,1893500
1765,478,455,247626,9875,742499,1848900
1766,486,497,247140,9864,742996,2106700
1767,432,473,246708,9823,743469,1879800
1768,417,513,246291,9727,743982,1886500
1769,466,507,245825,9686,744489,1929700
1770,455,469,245370,9672,744958,1911800
1771,464,521,244906,9615,745479,1863300
1772,447,478,244459,9584,745957,1911700
1773,481,493,243978,9572,746450,1845300
1774,474,456,243504,9590,746906,1820900
1775,445,489,243059,9546,747395,1883400
1776,473,504,242586,9515,747899,1879400
1777,464,511,242122,9468,748410,1927700
1778,487,477,241635,9478,748887,1917100
1779,473,500,241162,9451,749387,1940000
1780,455,460,240707,9446,749847,1892200
1781,458,448,240249,9456,750295,1890400
1782,473,436,239776,9493,750731,1856100
1783,433,458,239343,9468,751189,1868700
1784,467,475,238876,9460,751664,1851800
1785,458,485,238418,9433,752149,1870600
1786,465,450,237953,9448,752599,1879600
1787,458,437,237495,9469,753036,1910000
1788,462,468,237033,9463,753504,1896700
1789,459,461,236574,9461,753965,2040100
1790,475,453,236099,9483,754418,1908300
1791,493,472,235606,9504,754890,1832000
1792,453,474,235153,9483,755364,1948600
1793,452,488,234701,9447,755852,1936600
1794,470,466,234231,9451,756318,1870400
1795,491,468,233740,9474,756786,1951900
1796,481,468,233259,9487,757254,1935400
1797,456,484,232803,9459,757738,1873500
1798,473,481,232330,9451,758219,1972700
1799,437,514,231893,9374,758733,1846500
1800,474,489,231419,9359,759222,1960600
1801,494,455,230925,9398,759677,2034400
1802,486,426,230439,9458,760103,2127500
1803,443,450,229996,9451,760553,2126600
1804,462,506,229534,9407,761059,1943800
1805,445,453,229089,9399,761512,2074000
1806,448,466,228641,9381,761978,2010700
1807,429,482,228212,9328,762460,2315200
1808,446,476,227766,9298,762936,2013500
1809,435,459,227331,9274,763395,2031600
1810,444,481,226887,9237,763876,2130900
1811,426,508,226461,9155,764384,2014300
1812,420,451,226041,9124,764835,1914700
1813,407,467,225634,9064,765302,1875200
1814,430,460,225204,9034,765762,1936700
1815,438,425,224766,9047,766187,2030200
1816,441,470,224325,9018,766657,2333500
1817,467,464,223858,9021,767121,2193900
1818,454,462,223404,9013,767583,2030200
1819,421,437,222983,8997,768020,2078100
1820,444,454,222539,8987,768474,1937300
1821,469,473,222070,8983,768947,1873000
1822,420,471,221650,8932,769418,1963000
1823,397,469,221253,8860,769887,1906200
1824,422,440,220831,8842,770327,1930300
1825,449,436,220382,8855,770763,1907900
1826,441,439,219941,8857,771202,1895300
1827,406,443,219535,8820,771645,1898900
1828,419,471,219116,8768,772116,2094900
1829,404,443,218712,8729,772559,1893100
1830,426,427,218286,8728,772986,1883100
1831,426,411,217860,8743,773397,2016000
1832,431,415,217429,8759,773812,2119200
1833,397,432,217032,8724,774244,2004600
1834,397,452,216635,8669,774696,1978500
1835,391,425,216244,8635,775121,1964400
1836,417,427,215827,8625,775548,1979700
1837,407,424,215420,8608,775972,1976500
1838,395,427,215025,8576,776399,1950100
1839,398,389,214627,8585,776788,2058000
1840,426,425,214201,8586,777213,2042300
1841,376,437,213825,8525,777650,1978000
1842,399,414,213426,8510,778064,2048100
1843,376,392,213050,8494,778456,1906700
1844,413,407,212637,8500,778863,1943200
1845,391,429,212246,8462,779292,2040500
1846,433,430,211813,8465,779722,1934900
1847,418,420,211395,8463,780142,2078700
1848,383,452,211012,8394,780594,2110800
1849,412,425,210600,8381,781019,1947300
1850,416,416,210184,8381,781435,2047700
1851,401,431,209783,8351,781866,1915700
1852,423,402,209360,8372,782268,2099600
1853,419,411,208941,8380,782679,1973400
1854,411,430,208530,8361,783109,1969700
1855,390,408,208140,8343,783517,2574300
1856,415,419,207725,8339,783936,2141200
1857,384,422,207341,8301,784358,2113600
1858,395,416,206946,8280,784774,1994900
1859,410,392,206536,8298,785166,1898700
1860,359,412,206177,8245,785578,1982500
1861,378,399,205799,8224,785977,2111300
1862,391,402,205408,8213,786379,2012200
1863,412,415,204996,8210,786794,2176500
1864,388,415,204608,8183,787209,2022700
1865,418,399,204190,8202,787608,1893100
1866,377,417,203813,8162,788025,1922500
1867,369,429,203444,8102,788454,1957200
1868,361,392,203083,8071,788846,1867900
1869,387,395,202696,8063,789241,1918400
1870,388,399,202308,8052,789640,2148200
1871,404,388,201904,8068,790028,1959700
1872,391,382,201513,8077,790410,1892300
1873,335,421,201178,7991,790831,1899800
1874,403,409,200775,7985,791240,1835400
1875,389,419,200386,7955,791659,1889200
1876,390,376,199996,7969,792035,1945000
1877,376,397,199620,7948,792432,1776700
1878,366,398,199254,7916,792830,1925600
1879,381,406,198873,7891,793236,1881700
1880,382,410,198491,7863,793646,1852200
1881,385,436,198106,7812,794082,1843200
1882,396,386,197710,7822,794468,1784000
1883,382,422,197328,7782,794890,1806700
1884,366,395,196962,7753,795285,1839100
1885,353,408,196609,7698,795693,1812200
1886,391,357,196218,7732,796050,1887800
1887,374,359,195844,7747,796409,1895100
1888,388,409,195456,7726,796818,1815900
1889,382,399,195074,7709,797217,1840500
1890,337,364,194737,7682,797581,1941400
1891,384,384,194353,7682,797965,1833500
1892,371,398,193982,7655,798363,1943800
1893,412,377,193570,7690,798740,1932600
1894,394,395,193176,7689,799135,1882400
1895,367,393,192809,7663,799528,1819200
1896,378,397,192431,7644,799925,1854200
1897,352,417,192079,7579,800342,1729000
1898,343,371,191736,7551,800713,1856900
1899,362,372,191374,7541,801085,2011200
1900,358,366,191016,7533,801451,1821800
1901,372,373,190644,7532,801824,2072500
1902,344,364,190300,7512,802188,1717800
1903,366,362,189934,7516,802550,1967800
1904,379,420,189555,7475,802970,1944000
1905,384,386,189171,7473,803356,1783900
1906,339,388,188832,7424,803744,1696400
1907,347,407,188485,7364,804151,1829800
1908,362,330,188123,7396,804481,1780700
1909,388,370,187735,7414,804851,1755600
1910,374,377,187361,7411,805228,1792300
1911,363,391,186998,7383,805619,1739300
1912,344,353,186654,7374,805972,1761700
1913,362,373,186292,7363,806345,1789700
1914,364,418,185928,7309,806763,1869200
1915,311,340,185617,7280,807103,1769800
1916,382,356,185235,7306,807459,1653200
1917,346,329,184889,7323,807788,1748900
1918,360,361,184529,7322,808149,1802700
1919,341,361,184188,7302,808510,1672700
1920,368,345,183820,7325,808855,1774200
1921,370,390,183450,7305,809245,1700500
1922,370,361,183080,7314,809606,1710600
1923,347,394,182733,7267,810000,1700300
1924,362,362,182371,7267,810362,1740100
1925,362,339,182009,7290,810701,1799000
1926,357,359,181652,7288,811060,1813500
1927,350,355,181302,7283,811415,1695800
1928,345,383,180957,7245,811798,1737200
1929,373,355,180584,7263,812153,1898900
1930,360,365,180224,7258,812518,1823600
1931,372,361,179852,7269,812879,1916500
1932,330,386,179522,7213,813265,1762500
1933,349,343,179173,7219,813608,1739200
1934,340,371,178833,7188,813979,1729400
1935,344,364,178489,7168,814343,1819800
1936,362,371,178127,7159,814714,1756500
1937,352,347,177775,7164,815061,1732200
1938,360,351,177415,7173,815412,2007600
1939,368,354,177047,7187,815766,1792000
1940,332,335,176715,7184,816101,1742700
1941,324,364,176391,7144,816465,1896900
1942,347,356,176044,7135,816821,1749600
1943,344,350,175700,7129,817171,1793500
1944,353,358,175347,7124,817529,1909200
1945,377,365,174970,7136,817894,1724700
1946,359,384,174611,7111,818278,1821100
1947,382,347,174229,7146,818625,1779700
1948,364,326,173865,7184,818951,1820100
1949,361,357,173504,7188,819308,1774700
1950,359,378,173145,7169,819686,1702200
1951,364,377,172781,7156,820063,1845500
1952,349,383,172432,7122,820446,1731500
1953,392,370,172040,7144,820816,1686300
1954,370,369,171670,7145,821185,1685900
1955,383,370,171287,7158,821555,1840300
1956,354,346,170933,7166,821901,1753600
1957,349,344,170584,7171,822245,1692700
1958,374,377,170210,7168,822622,1682400
1959,386,377,169824,7177,822999,1795300
1960,347,380,169477,7144,823379,1729900
1961,357,388,169120,7113,823767,1683700
1962,360,334,168760,7139,824101,1659600
1963,339,364,168421,7114,824465,1753000
1964,370,322,168051,7162,824787,1640800
1965,354,366,167697,7150,825153,1665400
1966,356,335,167341,7171,825488,1770600
1967,376,358,166965,7189,825846,1659400
1968,353,345,166612,7197,826191,2059100
1969,363,322,166249,7238,826513,1721900
1970,378,359,165871,7257,826872,1700400
1971,360,371,165511,7246,827243,1697400
1972,376,341,165135,7281,827584,1696500
1973,383,380,164752,7284,827964,1695000
1974,352,359,164400,7277,828323,1794800
1975,330,371,164070,7236,828694,1732900
1976,355,356,163715,7235,829050,1703600
1977,371,345,163344,7261,829395,1784400
1978,354,370,162990,7245,829765,1813100
1979,351,349,162639,7247,830114,1942500
1980,355,352,162284,7250,830466,1658700
1981,360,390,161924,7220,830856,1757900
1982,357,377,161567,7200,831233,1777900
1983,361,340,161206,7221,831573,1798300
1984,398,370,160808,7249,831943,1662800
1985,375,354,160433,7270,832297,1708500
1986,336,399,160097,7207,832696,1829100
1987,381,382,159716,7206,833078,1750300
1988,336,367,159380,7175,833445,1996700
1989,382,358,158998,7199,833803,1712300
1990,371,374,158627,7196,834177,1735400
1991,348,353,158279,7191,834530,1765900
1992,355,335,157924,7211,834865,1779700
1993,342,354,157582,7199,835219,1890100
1994,360,332,157222,7227,835551,1816700
1995,347,393,156875,7181,835944,1941700
1996,378,368,156497,7191,836312,1801800
1997,381,353,156116,7219,836665,1810200
1998,369,381,155747,7207,837046,2071800
1999,358,344,155389,7221,837390,1860700
2000,362,367,155027,7216,837757,1874200
2001,330,345,154697,7201,838102,2114600
2002,369,349,154328,7221,838451,1871000
2003,334,327,153994,7228,838778,1795600
2004,335,362,153659,7201,839140,1873700
2005,301,376,153358,7126,839516,1827100
2006,330,393,153028,7063,839909,1833600
2007,338,317,152690,7084,840226,1843300
2008,370,346,152320,7108,840572,1710700
2009,364,345,151956,7127,840917,1696000
2010,364,354,151592,7137,841271,1718100
2011,364,369,151228,7132,841640,1805400
2012,361,344,150867,7149,841984,1816700
2013,324,398,150543,7075,842382,1718400
2014,332,339,150211,7068,842721,1746500
2015,316,377,149895,7007,843098,1747400
2016,328,319,149567,7016,843417,1872900
2017,339,342,149228,7013,843759,1799400
2018,339,352,148889,7000,844111,1797600
2019,336,342,148553,6994,844453,1784100
2020,351,330,148202,7015,844783,1714800
2021,378,371,147824,7022,845154,1737100
2022,344,338,147480,7028,845492,1774600
2023,328,363,147152,6993,845855,1758100
2024,342,337,146810,6998,846192,1759000
2025,372,350,146438,7020,846542,2035100
2026,333,371,146105,6982,846913,1789900
2027,322,356,145783,6948,847269,1805400
2028,345,327,145438,6966,847596,1830000
2029,308,350,145130,6924,847946,1662300
2030,348,373,144782,6899,848319,1689400
2031,351,324,144431,6926,848643,1798600
2032,319,321,144112,6924,848964,1676000
2033,343,351,143769,6916,849315,1710800
2034,315,348,143454,6883,849663,1791900
2035,356,363,143098,6876,850026,1834600
2036,344,347,142754,6873,850373,1701300
2037,335,317,142419,6891,850690,1700300
2038,339,328,142080,6902,851018,1675300
2039,342,357,141738,6887,851375,1767100
2040,366,316,141372,6937,851691,1688800
2041,353,342,141019,6948,852033,1656800
2042,372,341,140647,6979,852374,1816600
2043,343,369,140304,6953,852743,1669600
2044,369,365,139935,6957,853108,1664000
2045,348,396,139587,6909,853504,1811200
2046,368,364,139219,6913,853868,1793300
2047,366,338,138853,6941,854206,1789700
2048,333,349,138520,6925,854555,2006400
2049,347,351,138173,6921,854906,1860500
2050,312,332,137861,6901,855238,1801900
2051,326,379,137535,6848,855617,1747000
2052,360,335,137175,6873,855952,1789300
2053,317,321,136858,6869,856273,1786600
2054,335,380,136523,6824,856653,1718400
2055,350,327,136173,6847,856980,1687800
2056,342,304,135831,6885,857284,1790800
2057,337,339,135494,6883,857623,1699100
2058,332,342,135162,6873,857965,1654900
2059,351,348,134811,6876,858313,1812400
2060,338,340,134473,6874,858653,2103000
2061,311,357,134162,6828,859010,1729400
2062,331,329,133831,6830,859339,1787900
2063,323,333,133508,6820,859672,1805500
2064,325,360,133183,6785,860032,1725700
2065,326,341,132857,6770,860373,1802400
2066,314,354,132543,6730,860727,1799100
2067,322,349,132221,6703,861076,1744500
2068,306,325,131915,6684,861401,1692500
2069,333,317,131582,6700,861718,1774400
2070,343,330,131239,6713,862048,1823100
2071,348,320,130891,6741,862368,1750400
2072,301,341,130590,6701,862709,1679900
2073,347,340,130243,6708,863049,1653400
2074,329,333,129914,6704,863382,1776100
2075,321,334,129593,6691,863716,1649500
2076,307,317,129286,6681,864033,1653500
2077,327,306,128959,6702,864339,1697000
2078,321,310,128638,6713,864649,1794400
2079,343,367,128295,6689,865016,1703700
2080,338,324,127957,6703,865340,1763400
2081,330,347,127627,6686,865687,1801300
2082,326,341,127301,6671,866028,1703900
2083,338,319,126963,6690,866347,1671200
2084,324,312,126639,6702,866659,1649100
2085,338,340,126301,6700,866999,1734300
2086,316,302,125985,6714,867301,1693200
2087,304,325,125681,6693,867626,1673400
2088,306,317,125375,6682,867943,1768800
2089,311,342,125064,6651,868285,1724600
2090,311,340,124753,6622,868625,1663800
2091,324,302,124429,6644,868927,1821400
2092,312,322,124117,6634,869249,1782400
2093,312,342,123805,6604,869591,1702600
2094,304,334,123501,6574,869925,1696000
2095,298,330,123203,6542,870255,1826400
2096,304,315,122899,6531,870570,1681700
2097,316,335,122583,6512,870905,1657600
2098,307,278,122276,6541,871183,1672400
2099,319,312,121957,6548,871495,1802500
2100,293,325,121664,6516,871820,1726500
2101,310,312,121354,6514,872132,1696300
2102,318,324,121036,6508,872456,1860200
2103,308,335,120728,6481,872791,1702700
2104,305,360,120423,6426,873151,1841300
2105,290,331,120133,6385,873482,1658500
2106,293,330,119840,6348,873812,1668700
2107,322,297,119518,6373,874109,1794500
2108,323,343,119195,6353,874452,1668100
2109,328,322,118867,6359,874774,1762500
2110,330,306,118537,6383,875080,1814000
2111,329,311,118208,6401,875391,1782100
2112,321,336,117887,6386,875727,1728400
2113,295,324,117592,6357,876051,1708200
2114,281,324,117311,6314,876375,1696200
2115,303,342,117008,6275,876717,1658500
2116,302,351,116706,6226,877068,1690200
2117,330,319,116376,6237,877387,1867900
2118,316,331,116060,6222,877718,1874200
2119,311,322,115749,6211,878040,1812100
2120,319,308,115430,6222,878348,1795800
2121,295,287,115135,6230,878635,1802700
2122,308,317,114827,6221,878952,1806300
2123,320,325,114507,6216,879277,2099600
2124,283,297,114224,6202,879574,1868300
2125,304,317,113920,6189,879891,1767800
2126,299,316,113621,6172,880207,1836900
2127,322,298,113299,6196,880505,1836500
2128,319,311,112980,6204,880816,1865300
2129,284,292,112696,6196,881108,1836200
2130,281,317,112415,6160,881425,1939200
2131,317,328,112098,6149,881753,1708500
2132,309,317,111789,6141,882070,1837800
2133,308,338,111481,6111,882408,1781200
2134,328,317,111153,6122,882725,1757600
2135,289,304,110864,6107,883029,1651900
2136,282,295,110582,6094,883324,1758600
2137,289,306,110293,6077,883630,1971400
2138,300,281,109993,6096,883911,1706900
2139,310,328,109683,6078,884239,1780100
2140,312,297,109371,6093,884536,1764000
2141,288,310,109083,6071,884846,1707900
2142,296,308,108787,6059,885154,1747200
2143,263,303,108524,6019,885457,1687100
2144,295,284,108229,6030,885741,1688800
2145,308,311,107921,6027,886052,1803500
2146,271,294,107650,6004,886346,1744600
2147,274,344,107376,5934,886690,1774300
2148,280,271,107096,5943,886961,1852900
2149,276,293,106820,5926,887254,1886200
2150,295,318,106525,5903,887572,1840800
2151,270,308,106255,5865,887880,1824200
2152,271,290,105984,5846,888170,1763400
2153,275,313,105709,5808,888483,1662800
2154,279,291,105430,5796,888774,1702500
2155,276,264,105154,5808,889038,2059900
2156,260,287,104894,5781,889325,1830100
2157,271,280,104623,5772,889605,1699900
2158,261,308,104362,5725,889913,1686600
2159,310,313,104052,5722,890226,1776600
2160,271,308,103781,5685,890534,1798200
2161,309,271,103472,5723,890805,1693700
2162,244,266,103228,5701,891071,1683600
2163,285,274,102943,5712,891345,1654200
2164,293,268,102650,5737,891613,1730000
2165,261,272,102389,5726,891885,1634600
2166,278,305,102111,5699,892190,1678500
2167,291,247,101820,5743,892437,1754300
2168,291,287,101529,5747,892724,1868400
2169,264,281,101265,5730,893005,1824800
2170,272,270,100993,5732,893275,1774500
2171,292,272,100701,5752,893547,1803200
2172,278,268,100423,5762,893815,2101900
2173,283,288,100140,5757,894103,2045400
2174,262,271,99878,5748,894374,2010700
2175,257,281,99621,5724,894655,1993800
2176,277,266,99344,5735,894921,2171800
2177,306,294,99038,5747,895215,1800900
2178,288,299,98750,5736,895514,1853600
2179,283,301,98467,5718,895815,1711600
2180,283,307,98184,5694,896122,1682700
2181,281,306,97903,5669,896428,1727000
2182,266,297,97637,5638,896725,1798800
2183,270,252,97367,5656,896977,1683600
2184,268,292,97099,5632,897269,1641100
2185,294,268,96805,5658,897537,1676300
2186,284,305,96521,5637,897842,2058300
2187,268,307,96253,5598,898149,1797300
2188,272,286,95981,5584,898435,1663200
2189,286,272,95695,5598,898707,1672500
2190,268,270,95427,5596,898977,1808100
2191,293,280,95134,5609,899257,1647800
2192,290,262,94844,5637,899519,1675800
2193,274,291,94570,5620,899810,1640600
2194,288,272,94282,5636,900082,1720500
2195,285,284,93997,5637,900366,1670500
2196,308,277,93689,5668,900643,1657400
2197,308,282,93381,5694,900925,1766200
2198,312,293,93069,5713,901218,1639700
2199,283,278,92786,5718,901496,1763700
2200,292,297,92494,5713,901793,1914400
2201,286,298,92208,5701,902091,1828600
2202,293,280,91915,5714,902371,1808900
2203,294,265,91621,5743,902636,1734000
2204,274,274,91347,5743,902910,2093500
2205,278,301,91069,5720,903211,1720700
2206,280,294,90789,5706,903505,1771000
2207,265,263,90524,5708,903768,1825300
2208,260,296,90264,5672,904064,1846800
2209,270,298,89994,5644,904362,1692300
2210,252,326,89742,5570,904688,1625800
2211,288,278,89454,5580,904966,1678200
2212,257,282,89197,5555,905248,1912700
2213,283,280,88914,5558,905528,1650000
2214,251,297,88663,5512,905825,1715400
2215,247,271,88416,5488,906096,1800400
2216,271,270,88145,5489,906366,1755000
2217,252,240,87893,5501,906606,1867500
2218,280,290,87613,5491,906896,1797100
2219,257,255,87356,5493,907151,1772100
2220,268,272,87088,5489,907423,1807600
2221,246,286,86842,5449,907709,1743100
2222,234,291,86608,5392,908000,1672900
2223,217,275,86391,5334,908275,1668200
2224,246,263,86145,5317,908538,1790700
2225,252,260,85893,5309,908798,1708500
2226,247,276,85646,5280,909074,1645500
2227,261,275,85385,5266,909349,1646900
2228,255,267,85130,5254,909616,1698200
2229,231,238,84899,5247,909854,1642200
2230,241,257,84658,5231,910111,1671800
2231,235,271,84423,5195,910382,1920000
2232,259,271,84164,5183,910653,1743900
2233,257,250,83907,5190,910903,1712400
2234,268,263,83639,5195,911166,1779100
2235,218,250,83421,5163,911416,1979900
2236,279,268,83142,5174,911684,1712400
2237,241,262,82901,5153,911946,1690000
2238,239,246,82662,5146,912192,1697800
2239,235,258,82427,5123,912450,2211600
2240,241,263,82186,5101,912713,2126000
2241,247,263,81939,5085,912976,1672700
2242,246,231,81693,5100,913207,1659500
2243,236,247,81457,5089,913454,1681700
2244,223,234,81234,5078,913688,1714500
2245,242,247,80992,5073,913935,1722400
2246,252,240,80740,5085,914175,1752200
2247,237,264,80503,5058,914439,1954500
2248,235,250,80268,5043,914689,1701900
2249,242,250,80026,5035,914939,1712600
2250,224,268,79802,4991,915207,1725900
2251,226,252,79576,4965,915459,1712300
2252,239,231,79337,4973,915690,1750200
2253,232,277,79105,4928,915967,1812900
2254,259,256,78846,4931,916223,1795100
2255,236,238,78610,4929,916461,1723000
2256,238,251,78372,4916,916712,1663400
2257,221,246,78151,4891,916958,1700900
2258,234,256,77917,4869,917214,1754800
2259,246,224,77671,4891,917438,1615400
2260,236,237,77435,4890,917675,1647900
2261,232,244,77203,4878,917919,1696600
2262,249,273,76954,4854,918192,1666200
2263,221,247,76733,4828,918439,1783100
2264,229,254,76504,4803,918693,1853500
2265,228,217,76276,4814,918910,1785300
2266,216,234,76060,4796,919144,1843800
2267,226,254,75834,4768,919398,1665300
2268,219,215,75615,4772,919613,1664500
2269,240,232,75375,4780,919845,1739100
2270,228,226,75147,4782,920071,1683800
2271,248,236,74899,4794,920307,1616600
2272,224,219,74675,4799,920526,1664200
2273,235,215,74440,4819,920741,1701900
2274,191,222,74249,4788,920963,1753900
2275,224,219,74025,4793,921182,1769500
2276,252,251,73773,4794,921433,1728900
2277,216,257,73557,4753,921690,1735100
2278,237,234,73320,4756,921924,1720900
2279,240,236,73080,4760,922160,1846800
2280,230,239,72850,4751,922399,1818200
2281,232,249,72618,4734,922648,1824700
2282,240,237,72378,4737,922885,1781800
2283,229,228,72149,4738,923113,1791200
2284,217,217,71932,4738,923330,1759700
2285,223,222,71709,4739,923552,2002400
2286,255,272,71454,4722,923824,1749600
2287,232,239,71222,4715,924063,1771500
2288,232,243,70990,4704,924306,1766800
2289,220,229,70770,4695,924535,1770300
2290,218,237,70552,4676,924772,1762000
2291,231,251,70321,4656,925023,1743800
2292,231,260,70090,4627,925283,1752100
2293,211,235,69879,4603,925518,1741300
2294,231,211,69648,4623,925729,1773100
2295,258,232,69390,4649,925961,1895700
2296,211,238,69179,4622,926199,1874800
2297,215,233,68964,4604,926432,1820600
2298,244,215,68720,4633,926647,1742700
2299,227,253,68493,4607,926900,1964700
2300,227,231,68266,4603,927131,1800000
2301,211,243,68055,4571,927374,1664100
2302,224,261,67831,4534,927635,1884400
2303,237,235,67594,4536,927870,1639200
2304,214,223,67380,4527,928093,1761300
2305,217,229,67163,4515,928322,1972300
2306,245,206,66918,4554,928528,1830300
2307,227,217,66691,4564,928745,1704000
2308,194,255,66497,4503,929000,1734700
2309,235,221,66262,4517,929221,1740300
2310,220,244,66042,4493,929465,1737800
2311,213,223,65829,4483,929688,1668000
2312,232,214,65597,4501,929902,1667700
2313,237,213,65360,4525,930115,1756700
2314,222,229,65138,4518,930344,1909800
2315,211,195,64927,4534,930539,1671800
2316,207,213,64720,4528,930752,1724700
2317,223,224,64497,4527,930976,1788300
2318,210,192,64287,4545,931168,1677700
2319,194,217,64093,4522,931385,1667300
2320,220,251,63873,4491,931636,1638300
2321,226,205,63647,4512,931841,1707700
2322,208,210,63439,4510,932051,1626900
2323,208,242,63231,4476,932293,1657900
2324,230,243,63001,4463,932536,1655500
2325,228,234,62773,4457,932770,1635400
2326,208,218,62565,4447,932988,1756700
2327,245,220,62320,4472,933208,1743300
2328,232,204,62088,4500,933412,1651300
2329,216,226,61872,4490,933638,1657400
2330,230,231,61642,4489,933869,1771100
2331,212,207,61430,4494,934076,1687100
2332,193,223,61237,4464,934299,1686500
2333,211,220,61026,4455,934519,1749100
2334,197,241,60829,4411,934760,1739200
2335,185,220,60644,4376,934980,1645900
2336,204,208,60440,4372,935188,1620100
2337,201,202,60239,4371,935390,1718200
2338,192,223,60047,4340,935613,1592600
2339,195,232,59852,4303,935845,1624700
2340,210,237,59642,4276,936082,1725600
2341,203,224,59439,4255,936306,1645400
2342,211,242,59228,4224,936548,1653400
2343,200,210,59028,4214,936758,1698600
2344,189,189,58839,4214,936947,1644800
2345,198,212,58641,4200,937159,1647000
2346,206,211,58435,4195,937370,1723800
2347,196,220,58239,4171,937590,1647000
2348,204,220,58035,4155,937810,1636100
2349,200,191,57835,4164,938001,1732300
2350,220,187,57615,4197,938188,1864100
2351,191,199,57424,4189,938387,1729400
2352,196,206,57228,4179,938593,1875500
2353,206,193,57022,4192,938786,1837700
2354,182,234,56840,4140,939020,1786700
2355,214,225,56626,4129,939245,1924000
2356,175,189,56451,4115,939434,1915900
2357,211,204,56240,4122,939638,1751400
2358,180,233,56060,4069,939871,1786500
2359,178,234,55882,4013,940105,1903400
2360,181,177,55701,4017,940282,2012900
2361,189,195,55512,4011,940477,2035600
2362,173,197,55339,3987,940674,1868700
2363,165,201,55174,3951,940875,1826800
2364,187,192,54987,3946,941067,1836500
2365,164,182,54823,3928,941249,1899800
2366,163,194,54660,3897,941443,1906300
2367,176,192,54484,3881,941635,1866000
2368,183,191,54301,3873,941826,1868000
2369,154,201,54147,3826,942027,1790900
2370,151,201,53996,3776,942228,1740600
2371,167,194,53829,3749,942422,1683300
2372,159,200,53670,3708,942622,1710400
2373,138,213,53532,3633,942835,1761200
2374,142,182,53390,3593,943017,1787300
2375,161,175,53229,3579,943192,1698800
2376,168,161,53061,3586,943353,1968100
2377,182,178,52879,3590,943531,1662200
2378,158,185,52721,3563,943716,1636800
2379,169,181,52552,3551,943897,1664600
2380,161,169,52391,3543,944066,1637100
2381,149,178,52242,3514,944244,1746100
2382,173,195,52069,3492,944439,1681400
2383,161,164,51908,3489,944603,1587800
2384,160,176,51748,3473,944779,1749300
2385,171,183,51577,3461,944962,1765300
2386,174,173,51403,3462,945135,1736400
2387,180,187,51223,3455,945322,1632200
2388,171,199,51052,3427,945521,1940100
2389,153,164,50899,3416,945685,1745200
2390,161,177,50738,3400,945862,1636400
2391,141,198,50597,3343,946060,1643300
2392,155,145,50442,3353,946205,1794600
2393,163,154,50279,3362,946359,1765400
2394,157,158,50122,3361,946517,1667500
2395,160,137,49962,3384,946654,1600700
2396,174,172,49788,3386,946826,1675000
2397,149,180,49639,3355,947006,1631900
2398,144,165,49495,3334,947171,1735800
2399,173,144,49322,3363,947315,1689700
2400,155,136,49167,3382,947451,1602900
2401,163,173,49004,3372,947624,1624900
2402,151,171,48853,3352,947795,1663600
2403,143,180,48710,3315,947975,1651900
2404,165,170,48545,3310,948145,1699800
2405,138,195,48407,3253,948340,1670700
2406,146,129,48261,3270,948469,1694400
2407,165,152,48096,3283,948621,1727800
2408,139,156,47957,3266,948777,2014500
2409,138,174,47819,3230,948951,1780000
2410,142,166,47677,3206,949117,1756700
2411,144,164,47533,3186,949281,1718900
2412,147,176,47386,3157,949457,1994500
2413,155,158,47231,3154,949615,1636700
2414,142,157,47089,3139,949772,1698700
2415,146,163,46943,3122,949935,1761500
2416,127,152,46816,3097,950087,1697900
2417,141,151,46675,3087,950238,1766800
2418,129,146,46546,3070,950384,1666300
2419,116,145,46430,3041,950529,1622300
2420,112,150,46318,3003,950679,1741300
2421,124,160,46194,2967,950839,1708500
2422,148,157,46046,2958,950996,1831500
2423,134,165,45912,2927,951161,1752400
2424,142,164,45770,2905,951325,1724300
2425,138,159,45632,2884,951484,1692200
2426,115,138,45517,2861,951622,1699700
2427,147,141,45370,2867,951763,1684200
2428,124,118,45246,2873,951881,1717000
2429,126,142,45120,2857,952023,1693700
2430,130,136,44990,2851,952159,1608200
2431,120,153,44870,2818,952312,1715200
2432,118,146,44752,2790,952458,1663100
2433,126,114,44626,2802,952572,1631300
2434,131,142,44495,2791,952714,1755100
2435,117,155,44378,2753,952869,1598500
2436,127,140,44251,2740,953009,1618900
2437,110,134,44141,2716,953143,1722100
2438,122,126,44019,2712,953269,1617000
2439,132,124,43887,2720,953393,1912600
2440,122,141,43765,2701,953534,1776600
2441,117,147,43648,2671,953681,1744700
2442,112,130,43536,2653,953811,1765400
2443,121,144,43415,2630,953955,1621000
2444,106,121,43309,2615,954076,1628200
2445,102,115,43207,2602,954191,1653100
2446,132,129,43075,2605,954320,1659500
2447,123,120,42952,2608,954440,1733900
2448,98,124,42854,2582,954564,1665100
2449,108,135,42746,2555,954699,1637600
2450,108,138,42638,2525,954837,1643900
2451,98,106,42540,2517,954943,1642300
2452,110,118,42430,2509,955061,1617300
2453,116,135,42314,2490,955196,1745500
2454,122,130,42192,2482,955326,1660600
2455,97,134,42095,2445,955460,1615600
2456,106,129,41989,2422,955589,1718700
2457,117,121,41872,2418,955710,1654600
2458,94,135,41778,2377,955845,1619100
2459,110,123,41668,2364,955968,1738700
2460,108,110,41560,2362,956078,1666200
2461,117,115,41443,2364,956193,1624100
2462,115,104,41328,2375,956297,1634800
2463,117,110,41211,2382,956407,1627000
2464,118,126,41093,2374,956533,1614400
2465,128,106,40965,2396,956639,1736400
2466,131,121,40834,2406,956760,1622400
2467,107,108,40727,2405,956868,1608400
2468,110,123,40617,2392,956991,1725600
2469,121,102,40496,2411,957093,1615600
2470,101,134,40395,2378,957227,1681200
2471,114,119,40281,2373,957346,1650200
2472,127,134,40154,2366,957480,1662900
2473,116,121,40038,2361,957601,1622800
2474,125,113,39913,2373,957714,1712000
2475,122,98,39791,2397,957812,1624400
2476,134,118,39657,2413,957930,1616900
2477,119,130,39538,2402,958060,1626900
2478,121,119,39417,2404,958179,1623900
2479,120,125,39297,2399,958304,1613000
2480,112,115,39185,2396,958419,1662200
2481,111,110,39074,2397,958529,1614000
2482,121,122,38953,2396,958651,1748600
2483,101,119,38852,2378,958770,1666500
2484,110,126,38742,2362,958896,1678900
2485,117,127,38625,2352,959023,1730300
2486,111,121,38514,2342,959144,1696500
2487,100,135,38414,2307,959279,2040000
2488,100,128,38314,2279,959407,1759600
2489,101,98,38213,2282,959505,1737700
2490,86,107,38127,2261,959612,1726900
2491,101,122,38026,2240,959734,1708200
2492,109,105,37917,2244,959839,1633900
2493,107,114,37810,2237,959953,1567800
2494,98,108,37712,2227,960061,1800700
2495,90,105,37622,2212,960166,1618500
2496,100,79,37522,2233,960245,1633100
2497,95,91,37427,2237,960336,1677700
2498,115,117,37312,2235,960453,1618300
2499,101,93,37211,2243,960546,1638300
2500,101,116,37110,2228,960662,2035200
2501,95,120,37015,2203,960782,1651900
2502,93,112,36922,2184,960894,1615300
2503,98,114,36824,2168,961008,1724400
2504,90,104,36734,2154,961112,1664900
2505,102,105,36632,2151,961217,1890400
2506,82,100,36550,2133,961317,1643100
2507,95,93,36455,2135,961410,1725000
2508,99,93,36356,2141,961503,1637000
2509,95,107,36261,2129,961610,1623800
2510,97,103,36164,2123,961713,1737000
2511,96,99,36068,2120,961812,1877200
2512,97,111,35971,2106,961923,1622100
2513,86,102,35885,2090,962025,1612600
2514,92,105,35793,2077,962130,1845400
2515,80,121,35713,2036,962251,1778500
2516,92,117,35621,2011,962368,1821200
2517,85,107,35536,1989,962475,1619900
2518,96,115,35440,1970,962590,1720100
2519,86,105,35354,1951,962695,1607400
2520,82,90,35272,1943,962785,1627000
2521,76,107,35196,1912,962892,1713900
2522,96,86,35100,1922,962978,1630800
2523,97,92,35003,1927,963070,1706700
2524,96,100,34907,1923,963170,1755300
2525,88,89,34819,1922,963259,1654800
2526,76,108,34743,1890,963367,1759900
2527,79,80,34664,1889,963447,1654400
2528,106,109,34558,1886,963556,1662800
2529,93,117,34465,1862,963673,1662300
2530,74,106,34391,1830,963779,1919300
2531,83,90,34308,1823,963869,1743100
2532,71,105,34237,1789,963974,1725600
2533,78,82,34159,1785,964056,1649600
2534,85,86,34074,1784,964142,1648600
2535,79,79,33995,1784,964221,1832600
2536,86,70,33909,1800,964291,1644000
2537,86,95,33823,1791,964386,2022200
2538,99,91,33724,1799,964477,1666700
2539,87,79,33637,1807,964556,1728500
2540,88,87,33549,1808,964643,1662800
2541,76,92,33473,1792,964735,1718400
2542,86,79,33387,1799,964814,1743000
2543,87,102,33300,1784,964916,1626700
2544,109,98,33191,1795,965014,1631700
2545,76,91,33115,1780,965105,1671100
2546,85,86,33030,1779,965191,1697900
2547,90,85,32940,1784,965276,1634900
2548,80,86,32860,1778,965362,1864800
2549,80,98,32780,1760,965460,2011500
2550,69,76,32711,1753,965536,1658100
2551,81,100,32630,1734,965636,1707300
2552,78,79,32552,1733,965715,1930300
2553,81,65,32471,1749,965780,1639100
2554,88,82,32383,1755,965862,1743100
2555,91,105,32292,1741,965967,1774400
2556,75,93,32217,1723,966060,1656700
2557,78,91,32139,1710,966151,1673800
2558,87,72,32052,1725,966223,1685200
2559,85,96,31967,1714,966319,1639000
2560,83,81,31884,1716,966400,1636100
2561,80,99,31804,1697,966499,1704900
2562,92,95,31712,1694,966594,1643200
2563,80,96,31632,1678,966690,1675200
2564,92,96,31540,1674,966786,1668600
2565,104,77,31436,1701,966863,1631400
2566,74,86,31362,1689,966949,1642200
2567,79,76,31283,1692,967025,1701600
2568,82,83,31201,1691,967108,1861500
2569,72,91,31129,1672,967199,1721900
2570,83,82,31046,1673,967281,1736700
2571,84,75,30962,1682,967356,1706500
2572,86,93,30876,1675,967449,1667300
2573,81,86,30795,1670,967535,1625800
2574,74,78,30721,1666,967613,1722100
2575,83,77,30638,1672,967690,1661100
2576,84,91,30554,1665,967781,1695800
2577,80,105,30474,1640,967886,1859600
2578,85,86,30389,1639,967972,1692700
2579,68,88,30321,1619,968060,1622300
2580,76,95,30245,1600,968155,1638600
2581,67,76,30178,1591,968231,1685800
2582,68,69,30110,1590,968300,1620100
2583,79,68,30031,1601,968368,1718900
2584,94,87,29937,1608,968455,1689100
2585,77,86,29860,1599,968541,1648900
2586,87,73,29773,1613,968614,1692600
2587,81,97,29692,1597,968711,1718900
2588,83,76,29609,1604,968787,1910100
2589,71,98,29538,1577,968885,1705200
2590,80,78,29458,1579,968963,1657100
2591,80,92,29378,1567,969055,1818000
2592,72,72,29306,1567,969127,1657700
2593,71,78,29235,1560,969205,1585000
2594,76,71,29159,1565,969276,1736500
2595,64,91,29095,1538,969367,1754700
2596,71,85,29024,1524,969452,1724400
2597,91,82,28933,1533,969534,1712700
2598,81,82,28852,1532,969616,1840000
2599,74,74,28778,1532,969690,1716000
2600,68,68,28710,1532,969758,1696300
2601,93,79,28617,1546,969837,1705500
2602,69,79,28548,1536,969916,1720500
2603,75,79,28473,1532,969995,1894400
2604,77,75,28396,1534,970070,1712800
2605,83,92,28313,1525,970162,1703600
2606,85,80,28228,1530,970242,1729300
2607,79,73,28149,1536,970315,1684800
2608,80,78,28069,1538,970393,1671000
2609,91,72,27978,1557,970465,1731700
2610,75,68,27903,1564,970533,1650500
2611,85,75,27818,1574,970608,1705400
2612,66,74,27752,1566,970682,1739000
2613,85,72,27667,1579,970754,1760700
2614,77,76,27590,1580,970830,1625500
2615,63,78,27527,1565,970908,1627700
2616,93,86,27434,1572,970994,1737000
2617,72,67,27362,1577,971061,1626500
2618,92,66,27270,1603,971127,1662300
2619,88,73,27182,1618,971200,1722100
2620,65,68,27117,1615,971268,1683200
2621,72,78,27045,1609,971346,1628500
2622,74,94,26971,1589,971440,1687800
2623,90,90,26881,1589,971530,1667300
2624,82,72,26799,1599,971602,1658000
2625,94,88,26705,1605,971690,1741800
2626,92,65,26613,1632,971755,1663300
2627,96,77,26517,1651,971832,1637200
2628,87,79,26430,1659,971911,1848000
2629,79,75,26351,1663,971986,1711600
2630,74,90,26277,1647,972076,1671400
2631,86,82,26191,1651,972158,1645600
2632,74,79,26117,1646,972237,1816200
2633,90,70,26027,1666,972307,2012400
2634,81,84,25946,1663,972391,1661100
2635,80,78,25866,1665,972469,1612200
2636,91,77,25775,1679,972546,1720800
2637,86,83,25689,1682,972629,1678800
2638,76,96,25613,1662,972725,1611000
2639,70,82,25543,1650,972807,1715500
2640,83,88,25460,1645,972895,1696800
2641,82,99,25378,1628,972994,1639700
2642,83,77,25295,1634,973071,1726200
2643,81,66,25214,1649,973137,1999900
2644,73,99,25141,1623,973236,1690600
2645,63,75,25078,1611,973311,1612600
2646,60,78,25018,1593,973389,1618800
2647,75,87,24943,1581,973476,1609100
2648,65,94,24878,1552,973570,1610800
2649,77,69,24801,1560,973639,1713800
2650,82,66,24719,1576,973705,1622300
2651,76,82,24643,1570,973787,1610800
2652,63,89,24580,1544,973876,1616500
2653,86,70,24494,1560,973946,1608100
2654,74,92,24420,1542,974038,1611700
2655,66,94,24354,1514,974132,1694500
2656,68,78,24286,1504,974210,1618600
2657,73,64,24213,1513,974274,1605700
2658,80,81,24133,1512,974355,1657200
2659,75,80,24058,1507,974435,1615900
2660,70,76,23988,1501,974511,1711900
2661,73,73,23915,1501,974584,1912400
2662,72,83,23843,1490,974667,2035200
2663,72,68,23771,1494,974735,1708300
2664,66,87,23705,1473,974822,1779100
2665,65,81,23640,1457,974903,1764100
2666,75,88,23565,1444,974991,2181100
2667,81,82,23484,1443,975073,1993700
2668,75,72,23409,1446,975145,1813600
2669,68,56,23341,1458,975201,1702000
2670,59,87,23282,1430,975288,1681100
2671,81,57,23201,1454,975345,1618100
2672,75,75,23126,1454,975420,1697900
2673,68,70,23058,1452,975490,1675800
2674,61,69,22997,1444,975559,1620700
2675,80,75,22917,1449,975634,1785900
2676,69,68,22848,1450,975702,1875000
2677,73,69,22775,1454,975771,1624900
2678,84,61,22691,1477,975832,1612300
2679,81,89,22610,1469,975921,1718100
2680,72,68,22538,1473,975989,1642000
2681,74,81,22464,1466,976070,1618200
2682,70,83,22394,1453,976153,1715000
2683,70,79,22324,1444,976232,1638000
2684,61,56,22263,1449,976288,1607100
2685,79,73,22184,1455,976361,1734200
2686,67,79,22117,1443,976440,1620000
2687,64,61,22053,1446,976501,1609800
2688,63,79,21990,1430,976580,1710800
2689,57,78,21933,1409,976658,1603200
2690,59,66,21874,1402,976724,1627300
2691,85,49,21789,1438,976773,1691600
2692,68,72,21721,1434,976845,1610400
2693,70,72,21651,1432,976917,1611300
2694,54,75,21597,1411,976992,1657900
2695,80,86,21517,1405,977078,1621200
2696,76,70,21441,1411,977148,1608800
2697,57,68,21384,1400,977216,1612900
2698,71,65,21313,1406,977281,1611300
2699,66,79,21247,1393,977360,1631100
2700,60,73,21187,1380,977433,1609300
2701,69,56,21118,1393,977489,1633200
2702,70,80,21048,1383,977569,1732300
2703,76,65,20972,1394,977634,1734800
2704,80,69,20892,1405,977703,1771300
2705,65,85,20827,1385,977788,1912700
2706,66,77,20761,1374,977865,1703300
2707,64,67,20697,1371,977932,1650600
2708,86,66,20611,1391,977998,2047100
2709,76,57,20535,1410,978055,1700300
2710,72,65,20463,1417,978120,1753500
2711,72,62,20391,1427,978182,1639300
2712,75,80,20316,1422,978262,1620700
2713,66,82,20250,1406,978344,1673400
2714,75,62,20175,1419,978406,1872400
2715,53,70,20122,1402,978476,1630200
2716,69,77,20053,1394,978553,1624800
2717,52,58,20001,1388,978611,1732800
2718,68,65,19933,1391,978676,1617900
2719,64,58,19869,1397,978734,1608100
2720,63,66,19806,1394,978800,1715000
2721,63,64,19743,1393,978864,1675600
2722,60,75,19683,1378,978939,1622400
2723,76,54,19607,1400,978993,1762300
2724,63,73,19544,1390,979066,1637000
2725,55,78,19489,1367,979144,1651400
2726,69,80,19420,1356,979224,1849400
2727,57,65,19363,1348,979289,1682100
2728,52,81,19311,1319,979370,1614100
2729,45,71,19266,1293,979441,1610800
2730,45,68,19221,1270,979509,1762800
2731,56,69,19165,1257,979578,1695900
2732,61,60,19104,1258,979638,1634400
2733,47,67,19057,1238,979705,1731500
2734,47,68,19010,1217,979773,1657000
2735,66,53,18944,1230,979826,1621000
2736,47,61,18897,1216,979887,1705200
2737,53,56,18844,1213,979943,1640000
2738,45,53,18799,1205,979996,1616900
2739,40,65,18759,1180,980061,1688500
2740,42,64,18717,1158,980125,1610700
2741,56,60,18661,1154,980185,1676800
2742,45,57,18616,1142,980242,1649600
2743,45,53,18571,1134,980295,1651900
2744,38,53,18533,1119,980348,1619500
2745,38,52,18495,1105,980400,1675700
2746,40,63,18455,1082,980463,1679000
2747,47,49,18408,1080,980512,1615600
2748,50,46,18358,1084,980558,1652800
2749,53,60,18305,1077,980618,1615700
2750,42,44,18263,1075,980662,1718300
2751,43,51,18220,1067,980713,2339400
2752,39,54,18181,1052,980767,1725900
2753,28,43,18153,1037,980810,1667200
2754,46,52,18107,1031,980862,1614500
2755,41,49,18066,1023,980911,1611900
2756,38,51,18028,1010,980962,1630200
2757,34,49,17994,995,981011,1609600
2758,34,59,17960,970,981070,1716600
2759,40,44,17920,966,981114,1612500
2760,41,51,17879,956,981165,1726100
2761,37,63,17842,930,981228,1944300
2762,38,49,17804,919,981277,1721300
2763,31,39,17773,911,981316,1629500
2764,23,47,17750,887,981363,1610600
2765,24,51,17726,860,981414,1711900
2766,32,43,17694,849,981457,1613500
2767,28,49,17666,828,981506,1605000
2768,34,46,17632,816,981552,1677600
2769,33,37,17599,812,981589,1630600
2770,34,41,17565,805,981630,1625400
2771,42,35,17523,812,981665,1666900
2772,32,47,17491,797,981712,1564700
2773,25,37,17466,785,981749,1712700
2774,25,40,17441,770,981789,1644600
2775,22,42,17419,750,981831,1604600
2776,29,33,17390,746,981864,1711600
2777,24,36,17366,734,981900,1632000
2778,21,42,17345,713,981942,1616500
2779,22,32,17323,703,981974,1714500
2780,27,37,17296,693,982011,1820700
2781,21,34,17275,680,982045,1704800
2782,19,23,17256,676,982068,1756200
2783,26,36,17230,666,982104,1729900
2784,23,34,17207,655,982138,1700600
2785,18,32,17189,641,982170,1718900
2786,20,32,17169,629,982202,1745600
2787,22,25,17147,626,982227,1741600
2788,23,28,17124,621,982255,3019900
2789,31,28,17093,624,982283,2819900
2790,25,28,17068,621,982311,2512300
2791,23,26,17045,618,982337,3986900
2792,31,34,17014,615,982371,2406300
2793,28,38,16986,605,982409,2293400
2794,27,31,16959,601,982440,2015600
2795,33,31,16926,603,982471,1889300
2796,23,27,16903,599,982498,1832400
2797,26,33,16877,592,982531,1773000
2798,26,27,16851,591,982558,1820000
2799,21,35,16830,577,982593,1872800
2800,24,24,16806,577,982617,1785700
2801,18,24,16788,571,982641,1865200
2802,24,38,16764,557,982679,1812300
2803,20,25,16744,552,982704,1741600
2804,18,30,16726,540,982734,1787200
2805,22,23,16704,539,982757,1759900
2806,28,39,16676,528,982796,1774400
2807,29,30,16647,527,982826,2065000
2808,26,25,16621,528,982851,1905600
2809,19,28,16602,519,982879,1829800
2810,19,25,16583,513,982904,1909400
2811,33,19,16550,527,982923,1739600
2812,24,20,16526,531,982943,1961100
2813,25,30,16501,526,982973,1960100
2814,22,21,16479,527,982994,1903700
2815,23,31,16456,519,983025,1882700
2816,24,29,16432,514,983054,1801400
2817,19,24,16413,509,983078,1758100
2818,28,19,16385,518,983097,1822800
2819,20,28,16365,510,983125,1760300
2820,31,21,16334,520,983146,1647600
2821,15,25,16319,510,983171,1735900
2822,22,27,16297,505,983198,1661700
2823,21,27,16276,499,983225,1609600
2824,16,20,16260,495,983245,1710900
2825,20,29,16240,486,983274,1662400
2826,13,27,16227,472,983301,1663200
2827,18,23,16209,467,983324,1620100
2828,20,24,16189,463,983348,1615900
2829,16,23,16173,456,983371,1559200
2830,17,26,16156,447,983397,1711600
2831,18,17,16138,448,983414,1602600
2832,16,17,16122,447,983431,1607300
2833,14,28,16108,433,983459,1683100
2834,9,12,16099,430,983471,1620300
2835,20,17,16079,433,983488,2093700
2836,12,26,16067,419,983514,1667500
2837,13,20,16054,412,983534,1719400
2838,10,19,16044,403,983553,1696700
2839,15,15,16029,403,983568,1774500
2840,13,25,16016,391,983593,1647100
2841,6,17,16010,380,983610,1697300
2842,10,17,16000,373,983627,1632800
2843,9,20,15991,362,983647,1597900
2844,13,18,15978,357,983665,1700500
2845,7,19,15971,345,983684,1632000
2846,12,23,15959,334,983707,1744900
2847,13,25,15946,322,983732,1823300
2848,10,15,15936,317,983747,1747200
2849,7,8,15929,316,983755,1799900
2850,12,10,15917,318,983765,1974900
2851,5,11,15912,312,983776,1944000
2852,7,13,15905,306,983789,1690600
2853,10,20,15895,296,983809,1658400
2854,13,15,15882,294,983824,2034900
2855,6,16,15876,284,983840,1822800
2856,10,14,15866,280,983854,1832700
2857,10,12,15856,278,983866,1667600
2858,8,15,15848,271,983881,1665900
2859,11,18,15837,264,983899,1751800
2860,6,12,15831,258,983911,1711300
2861,7,12,15824,253,983923,1657900
2862,11,20,15813,244,983943,1664000
2863,10,14,15803,240,983957,1868700
2864,12,13,15791,239,983970,1711300
2865,12,7,15779,244,983977,1694900
2866,8,13,15771,239,983990,1800900
2867,10,11,15761,238,984001,1975500
2868,9,10,15752,237,984011,1701500
2869,6,16,15746,227,984027,1741200
2870,6,12,15740,221,984039,1734100
2871,7,6,15733,222,984045,1954200
2872,11,16,15722,217,984061,2059300
2873,9,5,15713,221,984066,1718500
2874,8,9,15705,220,984075,1658800
2875,8,4,15697,224,984079,1656400
2876,8,7,15689,225,984086,1783600
2877,8,10,15681,223,984096,1692800
2878,3,16,15678,210,984112,1602200
2879,3,13,15675,200,984125,1603400
2880,7,16,15668,191,984141,1748600
2881,0,7,15668,184,984148,1659400
2882,5,10,15663,179,984158,1644600
2883,1,10,15662,170,984168,1630000
2884,5,4,15657,171,984172,1710700
2885,4,10,15653,165,984182,1705400
2886,4,5,15649,164,984187,1713200
2887,3,7,15646,160,984194,1719100
2888,3,9,15643,154,984203,1610100
2889,7,8,15636,153,984211,1704000
2890,3,6,15633,150,984217,1629900
2891,1,10,15632,141,984227,1650100
2892,3,4,15629,140,984231,1629000
2893,3,4,15626,139,984235,1719900
2894,4,9,15622,134,984244,1714200
2895,2,3,15620,133,984247,1620000
2896,2,2,15618,133,984249,1610400
2897,2,10,15616,125,984259,1646600
2898,7,6,15609,126,984265,1720300
2899,3,7,15606,122,984272,1710500
2900,9,3,15597,128,984275,1711800
2901,3,4,15594,127,984279,1686600
2902,2,6,15592,123,984285,1602600
2903,1,8,15591,116,984293,1708300
2904,0,6,15591,110,984299,1730400
2905,4,10,15587,104,984309,1702200
2906,2,7,15585,99,984316,1711900
2907,1,7,15584,93,984323,1655200
2908,0,4,15584,89,984327,1712100
2909,0,3,15584,86,984330,1921500
2910,0,6,15584,80,984336,1616100
2911,1,2,15583,79,984338,1636200
2912,0,7,15583,72,984345,1700300
2913,0,7,15583,65,984352,1715700
2914,0,3,15583,62,984355,1715200
2915,0,4,15583,58,984359,1598000
2916,1,4,15582,55,984363,2136000
2917,0,5,15582,50,984368,1799200
2918,1,4,15581,47,984372,2025700
2919,1,0,15580,48,984372,1936500
2920,0,3,15580,45,984375,1808000
2921,0,4,15580,41,984379,1727600
2922,0,1,15580,40,984380,1830300
2923,0,3,15580,37,984383,1744400
2924,0,3,15580,34,984386,1703000
2925,0,1,15580,33,984387,1650600
2926,0,1,15580,32,984388,1723300
2927,0,2,15580,30,984390,1757200
2928,0,1,15580,29,984391,1800600
2929,0,1,15580,28,984392,1715300
2930,0,2,15580,26,984394,1745700
2931,0,2,15580,24,984396,1740200
2932,0,0,15580,24,984396,1705600
2933,0,1,15580,23,984397,1616100
2934,0,1,15580,22,984398,1707900
2935,0,1,15580,21,984399,1713900
2936,0,1,15580,20,984400,1676000
2937,0,1,15580,19,984401,1733600
2938,0,0,15580,19,984401,1723100
2939,0,0,15580,19,984401,1621100
2940,0,1,15580,18,984402,1681400
2941,0,2,15580,16,984404,1714200
2942,0,0,15580,16,984404,1683200
2943,0,1,15580,15,984405,2006700
2944,0,2,15580,13,984407,1618600
2945,0,0,15580,13,984407,1686900
2946,0,2,15580,11,984409,1734800
2947,0,0,15580,11,984409,1739200
2948,0,0,15580,11,984409,1843000
2949,0,1,15580,10,984410,1904500
2950,0,0,15580,10,984410,1723000
2951,0,1,15580,9,984411,1696000
2952,0,1,15580,8,984412,1743300
2953,0,2,15580,6,984414,1752200
2954,0,1,15580,5,984415,1704600
2955,0,0,15580,5,984415,2046800
2956,0,0,15580,5,984415,1714300
2957,0,0,15580,5,984415,1708000
2958,0,0,15580,5,984415,1605700
2959,0,0,15580,5,984415,1690900
2960,0,0,15580,5,984415,1711500
2961,0,0,15580,5,984415,1836200
2962,0,0,15580,5,984415,1828900
2963,0,0,15580,5,984415,1764900
2964,0,2,15580,3,984417,1765300
2965,0,0,15580,3,984417,1656300
2966,0,0,15580,3,984417,1721200
2967,0,0,15580,3,984417,1722500
2968,0,0,15580,3,984417,1924100
2969,0,0,15580,3,984417,1614000
2970,0,0,15580,3,984417,1713400
2971,0,0,15580,3,984417,1720700
2972,0,1,15580,2,984418,1727800
2973,0,0,15580,2,984418,1716800
2974,0,0,15580,2,984418,1736500
2975,0,0,15580,2,984418,1899300
2976,0,0,15580,2,984418,1648200
2977,0,0,15580,2,984418,1735600
2978,0,0,15580,2,984418,1692200
2979,0,0,15580,2,984418,1620600
2980,0,0,15580,2,984418,1909800
2981,0,0,15580,2,984418,1751400
2982,0,0,15580,2,984418,1660400
2983,0,0,15580,2,984418,1871400
2984,0,0,15580,2,984418,1710300
2985,0,0,15580,2,984418,1711300
2986,0,0,15580,2,984418,1684500
2987,0,0,15580,2,984418,1734700
2988,0,0,15580,2,984418,1683400
2989,0,0,15580,2,984418,1708500
2990,0,0,15580,2,984418,1706100
2991,0,0,15580,2,984418,1692600
2992,0,0,15580,2,984418,1711500
2993,0,1,15580,1,984419,1713400
2994,0,0,15580,1,984419,1637300
2995,0,0,15580,1,984419,1726000
2996,0,0,15580,1,984419,1707700
2997,0,0,15580,1,984419,1698800
2998,0,0,15580,1,984419,1717200
2999,0,0,15580,1,984419,1721600
3000,0,0,15580,1,984419,1694500
3001,0,0,15580,1,984419,1737300
3002,0,0,15580,1,984419,1712100
3003,0,1,15580,0,984420,1723000
