Tick,NewlyInfected,NewlyRecovered,TotalSusceptible,TotalInfected,TotalRecovered,StepTimeNanos
0,5,0,999990,10,0,2562900
1,7,0,999983,17,0,2089000
2,3,2,999980,18,2,1896600
3,5,2,999975,21,4,1916500
4,4,1,999971,24,5,1858800
5,5,1,999966,28,6,1886700
6,7,2,999959,33,8,1848600
7,4,3,999955,34,11,2003000
8,7,0,999948,41,11,2011500
9,7,2,999941,46,13,1899400
10,7,3,999934,50,16,1841000
11,11,3,999923,58,19,1850300
12,2,2,999921,58,21,1774500
13,7,4,999914,61,25,1801200
14,10,2,999904,69,27,2600800
15,7,2,999897,74,29,1868200
16,14,7,999883,81,36,1875800
17,13,4,999870,90,40,1855400
18,9,4,999861,95,44,2047200
19,13,5,999848,103,49,1935900
20,11,4,999837,110,53,1962500
21,16,10,999821,116,63,1944500
22,9,3,999812,122,66,1771500
23,12,3,999800,131,69,1811600
24,16,3,999784,144,72,1745000
25,12,11,999772,145,83,1738600
26,18,9,999754,154,92,1717300
27,12,12,999742,154,104,1773600
28,14,6,999728,162,110,1756500
29,15,9,999713,168,119,2628400
30,17,3,999696,182,122,1956300
31,16,3,999680,195,125,2070000
32,18,9,999662,204,134,1728200
33,24,7,999638,221,141,1707900
34,19,8,999619,232,149,1641400
35,19,11,999600,240,160,1627900
36,22,12,999578,250,172,1654800
37,18,10,999560,258,182,1734700
38,22,14,999538,266,196,1726200
39,21,18,999517,269,214,1738500
40,18,11,999499,276,225,1854700
41,20,8,999479,288,233,1815900
42,27,17,999452,298,250,1782400
43,25,13,999427,310,263,1868200
44,29,17,999398,322,280,2002700
45,27,14,999371,335,294,1851000
46,21,17,999350,339,311,1782300
47,26,27,999324,338,338,1994700
48,30,18,999294,350,356,1739600
49,31,20,999263,361,376,1760200
50,20,15,999243,366,391,1863000
51,27,18,999216,375,409,1652700
52,33,12,999183,396,421,1625900
53,28,19,999155,405,440,1860200
54,39,20,999116,424,460,1811300
55,36,22,999080,438,482,1734600
56,22,17,999058,443,499,1625600
57,34,32,999024,445,531,1733600
58,29,24,998995,450,555,1721100
59,39,24,998956,465,579,2035800
60,27,18,998929,474,597,2042400
61,31,19,998898,486,616,1738100
62,41,28,998857,499,644,1618800
63,30,14,998827,515,658,1723500
64,34,32,998793,517,690,1736600
65,45,30,998748,532,720,1747200
66,50,26,998698,556,746,1735600
67,37,27,998661,566,773,1618000
68,36,31,998625,571,804,1709000
69,40,31,998585,580,835,1649800
70,42,30,998543,592,865,1784500
71,55,29,998488,618,894,1739400
72,43,28,998445,633,922,1644900
73,44,20,998401,657,942,1638900
74,45,37,998356,665,979,1624800
75,58,36,998298,687,1015,1627500
76,40,34,998258,693,1049,1618500
77,45,33,998213,705,1082,1630800
78,58,45,998155,718,1127,1628000
79,45,42,998110,721,1169,1719900
80,50,41,998060,730,1210,1722700
81,61,38,997999,753,1248,1618400
82,56,48,997943,761,1296,1669100
83,42,38,997901,765,1334,1615500
84,54,28,997847,791,1362,1644200
85,60,45,997787,806,1407,1782100
86,48,44,997739,810,1451,1692700
87,61,42,997678,829,1493,1746900
88,55,37,997623,847,1530,1814700
89,58,44,997565,861,1574,2188000
90,55,44,997510,872,1618,1748900
91,59,47,997451,884,1665,1687500
92,58,38,997393,904,1703,1656500
93,55,41,997338,918,1744,1715700
94,71,49,997267,940,1793,1767900
95,61,56,997206,945,1849,1721000
96,61,42,997145,964,1891,1657400
97,53,55,997092,962,1946,1602400
98,58,40,997034,980,1986,1642700
99,41,46,996993,975,2032,1717800
100,56,58,996937,973,2090,1692400
101,54,56,996883,971,2146,1799100
102,60,60,996823,971,2206,1654300
103,75,38,996748,1008,2244,1750800
104,74,51,996674,1031,2295,1650300
105,68,59,996606,1040,2354,1641300
106,75,52,996531,1063,2406,1696200
107,79,54,996452,1088,2460,1753600
108,67,44,996385,1111,2504,1653900
109,70,59,996315,1122,2563,1763900
110,81,62,996234,1141,2625,1825700
111,74,52,996160,1163,2677,1827100
112,85,67,996075,1181,2744,1768800
113,79,59,995996,1201,2803,1692600
114,74,55,995922,1220,2858,1713200
115,76,52,995846,1244,2910,1673600
116,84,45,995762,1283,2955,1648400
117,78,65,995684,1296,3020,1923900
118,86,62,995598,1320,3082,1799500
119,84,66,995514,1338,3148,2005100
120,84,57,995430,1365,3205,1714500
121,65,68,995365,1362,3273,1649800
122,83,63,995282,1382,3336,1942200
123,84,70,995198,1396,3406,1684100
124,109,75,995089,1430,3481,1693100
125,85,72,995004,1443,3553,1659500
126,107,59,994897,1491,3612,2118800
127,111,57,994786,1545,3669,1740800
128,107,84,994679,1568,3753,1884500
129,102,75,994577,1595,3828,1779800
130,105,75,994472,1625,3903,1711100
131,106,75,994366,1656,3978,1698600
132,108,92,994258,1672,4070,1811900
133,115,70,994143,1717,4140,1729200
134,102,88,994041,1731,4228,1751000
135,94,85,993947,1740,4313,1698600
136,102,89,993845,1753,4402,1671800
137,91,83,993754,1761,4485,1731300
138,125,91,993629,1795,4576,1709300
139,107,87,993522,1815,4663,1691800
140,98,97,993424,1816,4760,1715100
141,119,71,993305,1864,4831,1707500
142,96,93,993209,1867,4924,1701600
143,104,86,993105,1885,5010,2080800
144,100,84,993005,1901,5094,1723200
145,121,102,992884,1920,5196,1750000
146,117,98,992767,1939,5294,1669300
147,111,83,992656,1967,5377,1650600
148,131,90,992525,2008,5467,1704300
149,125,100,992400,2033,5567,1877600
150,122,124,992278,2031,5691,1801400
151,104,86,992174,2049,5777,1913800
152,100,107,992074,2042,5884,1900200
153,109,85,991965,2066,5969,1714800
154,111,104,991854,2073,6073,1763500
155,120,107,991734,2086,6180,1778400
156,104,91,991630,2099,6271,1657300
157,128,108,991502,2119,6379,1726100
158,106,111,991396,2114,6490,1817900
159,127,110,991269,2131,6600,1819100
160,101,103,991168,2129,6703,1901900
161,123,106,991045,2146,6809,1917000
162,104,109,990941,2141,6918,1914600
163,118,93,990823,2166,7011,2217000
164,118,119,990705,2165,7130,2089100
165,131,121,990574,2175,7251,1938400
166,128,123,990446,2180,7374,1894300
167,118,109,990328,2189,7483,1878400
168,138,105,990190,2222,7588,1766300
169,122,102,990068,2242,7690,1773200
170,119,117,989949,2244,7807,1735600
171,128,112,989821,2260,7919,1734900
172,137,114,989684,2283,8033,1726800
173,155,111,989529,2327,8144,1778900
174,134,127,989395,2334,8271,1734700
175,138,110,989257,2362,8381,1710000
176,139,121,989118,2380,8502,1676600
177,158,109,988960,2429,8611,1799800
178,136,123,988824,2442,8734,1712500
179,140,127,988684,2455,8861,1675500
180,134,113,988550,2476,8974,1647400
181,137,135,988413,2478,9109,1725200
182,145,122,988268,2501,9231,1918200
183,156,129,988112,2528,9360,1701800
184,141,122,987971,2547,9482,1775000
185,132,138,987839,2541,9620,1800800
186,148,103,987691,2586,9723,1703200
187,159,139,987532,2606,9862,1918000
188,140,135,987392,2611,9997,1996100
189,147,135,987245,2623,10132,1760800
190,147,147,987098,2623,10279,2051100
191,153,136,986945,2640,10415,1715600
192,145,140,986800,2645,10555,2117300
193,156,136,986644,2665,10691,1719800
194,141,125,986503,2681,10816,1648700
195,149,123,986354,2707,10939,1775700
196,153,143,986201,2717,11082,1783200
197,133,160,986068,2690,11242,1700600
198,133,137,985935,2686,11379,1780200
199,157,140,985778,2703,11519,1700200
200,176,142,985602,2737,11661,1670800
201,158,140,985444,2755,11801,1746300
202,163,136,985281,2782,11937,1687000
203,162,139,985119,2805,12076,1793500
204,141,138,984978,2808,12214,1741100
205,157,157,984821,2808,12371,1752500
206,171,124,984650,2855,12495,1780600
207,156,135,984494,2876,12630,1910700
208,149,160,984345,2865,12790,1818800
209,180,139,984165,2906,12929,1847400
210,175,155,983990,2926,13084,1777400
211,174,154,983816,2946,13238,1910000
212,186,155,983630,2977,13393,1782900
213,166,128,983464,3015,13521,1754000
214,170,161,983294,3024,13682,1693400
215,182,153,983112,3053,13835,1669800
216,186,135,982926,3104,13970,1670700
217,209,134,982717,3179,14104,1669700
218,173,149,982544,3203,14253,1784500
219,172,148,982372,3227,14401,1771500
220,198,162,982174,3263,14563,1740600
221,183,180,981991,3266,14743,1755700
222,189,181,981802,3274,14924,1712300
223,182,166,981620,3290,15090,1645900
224,210,145,981410,3355,15235,1643200
225,179,170,981231,3364,15405,1765200
226,197,184,981034,3377,15589,1768300
227,194,183,980840,3388,15772,1713900
228,200,170,980640,3418,15942,1734300
229,206,176,980434,3448,16118,1896900
230,193,174,980241,3467,16292,1788800
231,198,184,980043,3481,16476,1726900
232,199,195,979844,3485,16671,1697100
233,211,195,979633,3501,16866,1695800
234,202,183,979431,3520,17049,1785800
235,223,164,979208,3579,17213,1992900
236,223,192,978985,3610,17405,1874600
237,217,187,978768,3640,17592,1828000
238,190,198,978578,3632,17790,1830000
239,194,181,978384,3645,17971,1805300
240,180,190,978204,3635,18161,1815800
241,183,161,978021,3657,18322,1688400
242,209,194,977812,3672,18516,1742500
243,206,188,977606,3690,18704,1906200
244,201,188,977405,3703,18892,2045500
245,218,198,977187,3723,19090,1719800
246,194,165,976993,3752,19255,1766800
247,206,169,976787,3789,19424,1747200
248,197,179,976590,3807,19603,1722900
249,213,195,976377,3825,19798,1682200
250,229,173,976148,3881,19971,1660800
251,209,194,975939,3896,20165,1782300
252,203,214,975736,3885,20379,1790700
253,211,217,975525,3879,20596,1705200
254,196,185,975329,3890,20781,1714900
255,222,179,975107,3933,20960,1689300
256,188,212,974919,3909,21172,1682400
257,224,197,974695,3936,21369,1793100
258,234,195,974461,3975,21564,1769700
259,221,168,974240,4028,21732,1988600
260,241,189,973999,4080,21921,1753700
261,221,195,973778,4106,22116,1783600
262,232,209,973546,4129,22325,1829500
263,238,227,973308,4140,22552,1770500
264,232,244,973076,4128,22796,1741900
265,241,209,972835,4160,23005,1748100
266,225,194,972610,4191,23199,1729700
267,227,186,972383,4232,23385,1662100
268,236,196,972147,4272,23581,1788000
269,217,223,971930,4266,23804,1847700
270,217,220,971713,4263,24024,1683500
271,229,232,971484,4260,24256,1719100
272,240,191,971244,4309,24447,1662500
273,232,209,971012,4332,24656,1662700
274,249,200,970763,4381,24856,1769400
275,265,209,970498,4437,25065,1769200
276,220,213,970278,4444,25278,1767100
277,249,215,970029,4478,25493,1732700
278,228,219,969801,4487,25712,1660800
279,237,230,969564,4494,25942,1706200
280,220,217,969344,4497,26159,1659300
281,248,232,969096,4513,26391,1773000
282,258,211,968838,4560,26602,1767700
283,243,222,968595,4581,26824,1732600
284,259,248,968336,4592,27072,1645000
285,252,235,968084,4609,27307,1660800
286,228,231,967856,4606,27538,1745900
287,246,216,967610,4636,27754,1795900
288,243,252,967367,4627,28006,1770700
289,269,225,967098,4671,28231,1733300
290,258,228,966840,4701,28459,1904800
291,263,238,966577,4726,28697,1706000
292,239,217,966338,4748,28914,1712200
293,241,213,966097,4776,29127,1644000
294,250,224,965847,4802,29351,2213200
295,258,233,965589,4827,29584,1993200
296,262,242,965327,4847,29826,1665600
297,240,275,965087,4812,30101,1651100
298,262,219,964825,4855,30320,1771100
299,240,221,964585,4874,30541,1893300
300,261,234,964324,4901,30775,1787000
301,296,254,964028,4943,31029,1737500
302,278,227,963750,4994,31256,1706800
303,265,254,963485,5005,31510,1757800
304,251,255,963234,5001,31765,1663600
305,265,246,962969,5020,32011,1837000
306,248,239,962721,5029,32250,1786700
307,247,273,962474,5003,32523,1799600
308,245,242,962229,5006,32765,1786900
309,237,304,961992,4939,33069,1744700
310,269,244,961723,4964,33313,2011700
311,258,238,961465,4984,33551,1670700
312,256,236,961209,5004,33787,1649300
313,282,274,960927,5012,34061,1778400
314,270,241,960657,5041,34302,1816400
315,277,265,960380,5053,34567,1774800
316,267,230,960113,5090,34797,1786800
317,267,287,959846,5070,35084,1731500
318,267,250,959579,5087,35334,1661500
319,279,241,959300,5125,35575,2008600
320,288,252,959012,5161,35827,1680400
321,271,257,958741,5175,36084,1663800
322,290,261,958451,5204,36345,1840400
323,298,255,958153,5247,36600,1777900
324,297,271,957856,5273,36871,1768300
325,279,235,957577,5317,37106,1726600
326,273,250,957304,5340,37356,1708200
327,287,293,957017,5334,37649,1894700
328,250,266,956767,5318,37915,1773900
329,270,252,956497,5336,38167,1813500
330,271,271,956226,5336,38438,1683500
331,256,294,955970,5298,38732,1782800
332,276,239,955694,5335,38971,1733900
333,256,249,955438,5342,39220,1668200
334,295,275,955143,5362,39495,1712900
335,280,254,954863,5388,39749,1772800
336,294,285,954569,5397,40034,1803500
337,283,285,954286,5395,40319,1796000
338,259,256,954027,5398,40575,1799200
339,306,244,953721,5460,40819,1742300
340,283,279,953438,5464,41098,1673200
341,287,261,953151,5490,41359,1672100
342,281,300,952870,5471,41659,1778900
343,271,264,952599,5478,41923,1812700
344,311,276,952288,5513,42199,1808500
345,278,271,952010,5520,42470,1735600
346,281,274,951729,5527,42744,1780900
347,312,272,951417,5567,43016,1682300
348,334,293,951083,5608,43309,1670700
349,341,252,950742,5697,43561,1794300
350,297,283,950445,5711,43844,1807900
351,311,288,950134,5734,44132,1788800
352,327,304,949807,5757,44436,1720600
353,312,311,949495,5758,44747,1740800
354,302,303,949193,5757,45050,1661800
355,311,299,948882,5769,45349,2031500
356,313,285,948569,5797,45634,1720200
357,325,270,948244,5852,45904,1801500
358,327,281,947917,5898,46185,1795900
359,343,299,947574,5942,46484,1898000
360,332,317,947242,5957,46801,1769800
361,345,306,946897,5996,47107,1772400
362,325,301,946572,6020,47408,1791100
363,335,317,946237,6038,47725,2001400
364,311,309,945926,6040,48034,1833900
365,316,302,945610,6054,48336,1735900
366,321,333,945289,6042,48669,1770600
367,323,288,944966,6077,48957,1817300
368,345,302,944621,6120,49259,1813100
369,327,334,944294,6113,49593,2040400
370,341,323,943953,6131,49916,1848700
371,364,339,943589,6156,50255,1811800
372,303,290,943286,6169,50545,1813600
373,291,305,942995,6155,50850,1744600
374,325,315,942670,6165,51165,1744100
375,290,316,942380,6139,51481,1712700
376,307,297,942073,6149,51778,1711900
377,318,292,941755,6175,52070,2003400
378,327,325,941428,6177,52395,1789000
379,357,304,941071,6230,52699,1824200
380,324,306,940747,6248,53005,1931700
381,338,301,940409,6285,53306,2067600
382,311,297,940098,6299,53603,1793100
383,315,328,939783,6286,53931,1813000
384,349,340,939434,6295,54271,1913900
385,323,301,939111,6317,54572,1698600
386,304,361,938807,6260,54933,1673900
387,320,303,938487,6277,55236,1698000
388,304,325,938183,6256,55561,1802700
389,327,325,937856,6258,55886,1716600
390,314,294,937542,6278,56180,1740500
391,320,296,937222,6302,56476,1874600
392,318,343,936904,6277,56819,1710400
393,367,332,936537,6312,57151,1701800
394,324,299,936213,6337,57450,1808700
395,334,339,935879,6332,57789,1806900
396,347,335,935532,6344,58124,1804300
397,332,294,935200,6382,58418,1730700
398,350,310,934850,6422,58728,1687600
399,385,308,934465,6499,59036,1929200
400,351,324,934114,6526,59360,1759000
401,356,313,933758,6569,59673,1821700
402,348,334,933410,6583,60007,1826700
403,369,342,933041,6610,60349,1790000
404,369,358,932672,6621,60707,1702900
405,383,354,932289,6650,61061,1800700
406,368,325,931921,6693,61386,1712800
407,393,336,931528,6750,61722,1815800
408,371,379,931157,6742,62101,1811200
409,366,320,930791,6788,62421,1832900
410,370,341,930421,6817,62762,1756700
411,369,348,930052,6838,63110,1763600
412,339,351,929713,6826,63461,1656200
413,377,337,929336,6866,63798,1800300
414,397,324,928939,6939,64122,1801400
415,386,343,928553,6982,64465,2014800
416,376,381,928177,6977,64846,1731400
417,391,346,927786,7022,65192,1687500
418,417,358,927369,7081,65550,1695000
419,442,359,926927,7164,65909,1811100
420,380,354,926547,7190,66263,1723700
421,400,366,926147,7224,66629,1789500
422,397,324,925750,7297,66953,1701300
423,363,357,925387,7303,67310,1776200
424,388,370,924999,7321,67680,1775200
425,368,377,924631,7312,68057,1772000
426,359,356,924272,7315,68413,2030100
427,380,367,923892,7328,68780,1797200
428,350,375,923542,7303,69155,1723800
429,389,334,923153,7358,69489,1705400
430,354,370,922799,7342,69859,1885100
431,393,355,922406,7380,70214,1913600
432,355,402,922051,7333,70616,1742200
433,374,340,921677,7367,70956,1868500
434,364,347,921313,7384,71303,1834200
435,400,388,920913,7396,71691,1840800
436,393,354,920520,7435,72045,2161600
437,380,381,920140,7434,72426,2128500
438,415,352,919725,7497,72778,2037300
439,421,365,919304,7553,73143,1837400
440,401,377,918903,7577,73520,1841700
441,400,356,918503,7621,73876,1791500
442,390,380,918113,7631,74256,1813100
443,417,377,917696,7671,74633,1812600
444,418,375,917278,7714,75008,2037000
445,411,399,916867,7726,75407,1796000
446,416,401,916451,7741,75808,1854000
447,406,359,916045,7788,76167,1850100
448,411,400,915634,7799,76567,1824400
449,403,376,915231,7826,76943,2103400
450,388,415,914843,7799,77358,1939600
451,422,398,914421,7823,77756,2029500
452,415,389,914006,7849,78145,1856000
453,416,381,913590,7884,78526,1824900
454,404,379,913186,7909,78905,1884600
455,414,426,912772,7897,79331,1689300
456,385,373,912387,7909,79704,1822200
457,382,391,912005,7900,80095,1840100
458,421,423,911584,7898,80518,1794600
459,382,395,911202,7885,80913,1704800
460,414,446,910788,7853,81359,1785700
461,405,391,910383,7867,81750,1734000
462,427,418,909956,7876,82168,1847900
463,402,405,909554,7873,82573,1861400
464,379,386,909175,7866,82959,1702000
465,412,423,908763,7855,83382,1703200
466,396,386,908367,7865,83768,1712200
467,414,398,907953,7881,84166,1835900
468,411,379,907542,7913,84545,1937900
469,404,357,907138,7960,84902,2096900
470,444,409,906694,7995,85311,2068100
471,416,399,906278,8012,85710,1861600
472,408,382,905870,8038,86092,1828300
473,441,432,905429,8047,86524,1940500
474,463,383,904966,8127,86907,1735700
475,431,401,904535,8157,87308,1755800
476,422,404,904113,8175,87712,1703000
477,445,391,903668,8229,88103,1726900
478,412,383,903256,8258,88486,1826200
479,419,407,902837,8270,88893,1821300
480,454,436,902383,8288,89329,1704000
481,427,382,901956,8333,89711,1709300
482,471,433,901485,8371,90144,1713200
483,433,413,901052,8391,90557,1812800
484,432,424,900620,8399,90981,1828200
485,433,455,900187,8377,91436,1776000
486,416,408,899771,8385,91844,1678900
487,432,399,899339,8418,92243,1781200
488,429,426,898910,8421,92669,1865700
489,434,437,898476,8418,93106,1831500
490,426,404,898050,8440,93510,1783000
491,420,449,897630,8411,93959,2122300
492,411,433,897219,8389,94392,1835200
493,414,392,896805,8411,94784,1861600
494,429,395,896376,8445,95179,1788500
495,431,419,895945,8457,95598,1768400
496,437,399,895508,8495,95997,1776700
497,429,458,895079,8466,96455,1833900
498,419,425,894660,8460,96880,1817000
499,431,434,894229,8457,97314,1767800
500,428,403,893801,8482,97717,1708900
501,438,423,893363,8497,98140,1904900
502,381,445,892982,8433,98585,1752400
503,425,412,892557,8446,98997,1856300
504,440,414,892117,8472,99411,1820400
505,447,408,891670,8511,99819,1877500
506,430,423,891240,8518,100242,1729800
507,421,419,890819,8520,100661,1832100
508,439,468,890380,8491,101129,1830200
509,443,423,889937,8511,101552,1821600
510,440,422,889497,8529,101974,1876300
511,459,423,889038,8565,102397,1859400
512,451,416,888587,8600,102813,1768400
513,470,415,888117,8655,103228,1734500
514,457,421,887660,8691,103649,1698000
515,504,403,887156,8792,104052,1850900
516,455,429,886701,8818,104481,1819200
517,458,418,886243,8858,104899,1767000
518,478,437,885765,8899,105336,1721600
519,437,486,885328,8850,105822,1744100
520,451,409,884877,8892,106231,1840000
521,467,457,884410,8902,106688,1799300
522,472,410,883938,8964,107098,1833300
523,482,435,883456,9011,107533,1721800
524,466,451,882990,9026,107984,1717800
525,496,413,882494,9109,108397,1815800
526,483,436,882011,9156,108833,1805500
527,454,469,881557,9141,109302,1736900
528,496,490,881061,9147,109792,1787000
529,522,426,880539,9243,110218,1913400
530,491,437,880048,9297,110655,1844400
531,469,484,879579,9282,111139,1836500
532,456,442,879123,9296,111581,1803100
533,444,491,878679,9249,112072,1729300
534,486,458,878193,9277,112530,1704100
535,473,473,877720,9277,113003,1705600
536,443,462,877277,9258,113465,1845900
537,474,464,876803,9268,113929,2182100
538,459,477,876344,9250,114406,1770700
539,447,435,875897,9262,114841,1784300
540,478,467,875419,9273,115308,1771600
541,438,434,874981,9277,115742,1735400
542,492,421,874489,9348,116163,1874300
543,442,494,874047,9296,116657,1863400
544,442,469,873605,9269,117126,1820100
545,459,502,873146,9226,117628,1793400
546,457,453,872689,9230,118081,1675000
547,432,455,872257,9207,118536,1840300
548,473,438,871784,9242,118974,1827300
549,440,460,871344,9222,119434,1785500
550,453,463,870891,9212,119897,1711300
551,431,490,870460,9153,120387,1834100
552,453,442,870007,9164,120829,1847300
553,426,454,869581,9136,121283,1917200
554,493,489,869088,9140,121772,1822200
555,464,461,868624,9143,122233,1829300
556,474,427,868150,9190,122660,1729300
557,452,436,867698,9206,123096,1726200
558,489,454,867209,9241,123550,1835400
559,482,462,866727,9261,124012,2152800
560,492,454,866235,9299,124466,2240300
561,494,477,865741,9316,124943,1873200
562,485,486,865256,9315,125429,1737000
563,490,447,864766,9358,125876,1833500
564,497,509,864269,9346,126385,1768800
565,492,494,863777,9344,126879,1710600
566,477,475,863300,9346,127354,1757400
567,488,484,862812,9350,127838,2271500
568,478,445,862334,9383,128283,1762800
569,466,473,861868,9376,128756,1864900
570,502,458,861366,9420,129214,1724100
571,506,483,860860,9443,129697,1749800
572,521,508,860339,9456,130205,1725100
573,553,505,859786,9504,130710,1829500
574,543,457,859243,9590,131167,1846400
575,478,488,858765,9580,131655,1824800
576,515,496,858250,9599,132151,1741700
577,521,482,857729,9638,132633,1746600
578,492,503,857237,9627,133136,1988900
579,493,526,856744,9594,133662,1824600
580,485,476,856259,9603,134138,1885000
581,481,494,855778,9590,134632,1800600
582,517,478,855261,9629,135110,1741700
583,481,482,854780,9628,135592,1737600
584,450,466,854330,9612,136058,1730800
585,493,443,853837,9662,136501,1861200
586,510,483,853327,9689,136984,1791400
587,522,469,852805,9742,137453,1969000
588,510,480,852295,9772,137933,1760200
589,448,496,851847,9724,138429,1697500
590,513,474,851334,9763,138903,1815800
591,448,494,850886,9717,139397,1839100
592,451,519,850435,9649,139916,1929100
593,485,513,849950,9621,140429,1737700
594,470,469,849480,9622,140898,1718000
595,467,486,849013,9603,141384,1879200
596,474,479,848539,9598,141863,2175900
597,500,504,848039,9594,142367,1882900
598,479,466,847560,9607,142833,1720800
599,487,460,847073,9634,143293,1786300
600,461,487,846612,9608,143780,1729900
601,427,494,846185,9541,144274,1735000
602,498,484,845687,9555,144758,1813000
603,511,475,845176,9591,145233,1788600
604,449,450,844727,9590,145683,1942200
605,433,497,844294,9526,146180,1691000
606,468,461,843826,9533,146641,1689300
607,449,474,843377,9508,147115,1850900
608,463,498,842914,9473,147613,1906500
609,437,483,842477,9427,148096,1897000
610,471,480,842006,9418,148576,1715300
611,471,456,841535,9433,149032,1711900
612,442,461,841093,9414,149493,1872900
613,489,469,840604,9434,149962,1734400
614,454,478,840150,9410,150440,1999000
615,429,476,839721,9363,150916,1817200
616,457,476,839264,9344,151392,1749600
617,414,483,838850,9275,151875,1817300
618,423,517,838427,9181,152392,1866100
619,438,454,837989,9165,152846,1839900
620,443,452,837546,9156,153298,1802500
621,431,508,837115,9079,153806,1732100
622,482,455,836633,9106,154261,1707700
623,438,445,836195,9099,154706,1832900
624,434,462,835761,9071,155168,1825700
625,438,439,835323,9070,155607,1687800
626,480,453,834843,9097,156060,1738500
627,463,484,834380,9076,156544,1734200
628,497,473,833883,9100,157017,1831400
629,466,452,833417,9114,157469,1789300
630,452,452,832965,9114,157921,1764000
631,500,437,832465,9177,158358,1742200
632,481,488,831984,9170,158846,1843300
633,495,476,831489,9189,159322,1832000
634,462,443,831027,9208,159765,1766600
635,473,448,830554,9233,160213,1719600
636,482,423,830072,9292,160636,1701400
637,483,468,829589,9307,161104,2100900
638,501,442,829088,9366,161546,1758700
639,476,444,828612,9398,161990,1821200
640,495,457,828117,9436,162447,1673200
641,513,493,827604,9456,162940,1718100
642,489,518,827115,9427,163458,1801400
643,465,510,826650,9382,163968,1845300
644,493,503,826157,9372,164471,1869200
645,440,500,825717,9312,164971,1762600
646,520,417,825197,9415,165388,1748500
647,484,535,824713,9364,165923,2006400
648,485,461,824228,9388,166384,2047300
649,451,443,823777,9396,166827,1895100
650,490,494,823287,9392,167321,1876700
651,463,452,822824,9403,167773,1949400
652,478,440,822346,9441,168213,1868300
653,473,479,821873,9435,168692,1817100
654,523,438,821350,9520,169130,1793000
655,508,472,820842,9556,169602,1740400
656,490,445,820352,9601,170047,1939000
657,465,512,819887,9554,170559,1762400
658,483,531,819404,9506,171090,1841800
659,518,503,818886,9521,171593,1798800
660,474,448,818412,9547,172041,1724900
661,461,475,817951,9533,172516,1733300
662,490,466,817461,9557,172982,1853700
663,509,496,816952,9570,173478,1903300
664,515,480,816437,9605,173958,1797200
665,458,493,815979,9570,174451,1744700
666,514,469,815465,9615,174920,2016300
667,464,465,815001,9614,175385,1948400
668,504,468,814497,9650,175853,1765000
669,527,458,813970,9719,176311,1768100
670,485,471,813485,9733,176782,1811700
671,507,476,812978,9764,177258,1731300
672,475,494,812503,9745,177752,1865200
673,497,475,812006,9767,178227,1820600
674,516,495,811490,9788,178722,1809600
675,497,464,810993,9821,179186,2059000
676,543,483,810450,9881,179669,1899300
677,516,504,809934,9893,180173,1835000
678,511,518,809423,9886,180691,1831200
679,495,486,808928,9895,181177,1756900
680,499,519,808429,9875,181696,1819100
681,535,475,807894,9935,182171,1737200
682,508,486,807386,9957,182657,1828000
683,515,485,806871,9987,183142,1778500
684,523,463,806348,10047,183605,1736700
685,495,505,805853,10037,184110,1861200
686,507,473,805346,10071,184583,1880600
687,481,517,804865,10035,185100,1924900
688,485,507,804380,10013,185607,1892000
689,525,549,803855,9989,186156,2023400
690,526,512,803329,10003,186668,1779900
691,498,488,802831,10013,187156,1794000
692,485,503,802346,9995,187659,1776400
693,524,498,801822,10021,188157,1715100
694,528,485,801294,10064,188642,1843100
695,506,516,800788,10054,189158,1786900
696,488,506,800300,10036,189664,1734400
697,516,529,799784,10023,190193,1826000
698,520,495,799264,10048,190688,1876200
699,500,510,798764,10038,191198,1851300
700,522,540,798242,10020,191738,1852200
701,510,496,797732,10034,192234,2265100
702,539,530,797193,10043,192764,1846500
703,505,503,796688,10045,193267,1843300
704,518,537,796170,10026,193804,1846700
705,487,490,795683,10023,194294,1821800
706,447,482,795236,9988,194776,1848800
707,514,481,794722,10021,195257,1834300
708,471,504,794251,9988,195761,1832400
709,499,516,793752,9971,196277,1845600
710,526,506,793226,9991,196783,1957000
711,442,495,792784,9938,197278,1808200
712,488,515,792296,9911,197793,1968400
713,456,499,791840,9868,198292,1721200
714,502,472,791338,9898,198764,1845400
715,509,461,790829,9946,199225,1863000
716,483,494,790346,9935,199719,1874500
717,471,469,789875,9937,200188,1751300
718,503,472,789372,9968,200660,1743600
719,451,474,788921,9945,201134,1839600
720,496,476,788425,9965,201610,1770400
721,544,472,787881,10037,202082,1842400
722,522,514,787359,10045,202596,1762100
723,482,480,786877,10047,203076,2055500
724,490,508,786387,10029,203584,1830900
725,508,524,785879,10013,204108,1899600
726,485,473,785394,10025,204581,1782500
727,496,548,784898,9973,205129,1764500
728,493,522,784405,9944,205651,1871000
729,471,492,783934,9923,206143,1795000
730,472,490,783462,9905,206633,1966600
731,489,494,782973,9900,207127,1800000
732,461,523,782512,9838,207650,1825200
733,534,528,781978,9844,208178,1772600
734,538,507,781440,9875,208685,1804000
735,468,459,780972,9884,209144,1889400
736,477,507,780495,9854,209651,1842700
737,506,509,779989,9851,210160,1809000
738,517,480,779472,9888,210640,1957600
739,511,524,778961,9875,211164,1732900
740,481,435,778480,9921,211599,1736600
741,516,491,777964,9946,212090,1913500
742,489,550,777475,9885,212640,1848500
743,511,453,776964,9943,213093,1771100
744,479,497,776485,9925,213590,1750400
745,507,502,775978,9930,214092,1853600
746,507,507,775471,9930,214599,1779300
747,490,518,774981,9902,215117,1744100
748,463,546,774518,9819,215663,2075300
749,489,477,774029,9831,216140,1778700
750,544,486,773485,9889,216626,1767200
751,548,511,772937,9926,217137,1782900
752,527,492,772410,9961,217629,2039500
753,501,480,771909,9982,218109,1832400
754,468,542,771441,9908,218651,1822100
755,489,499,770952,9898,219150,1780000
756,501,474,770451,9925,219624,2102800
757,518,509,769933,9934,220133,1856100
758,517,505,769416,9946,220638,1737300
759,478,536,768938,9888,221174,1804800
760,452,465,768486,9875,221639,2007700
761,491,492,767995,9874,222131,1895500
762,486,466,767509,9894,222597,1779200
763,502,492,767007,9904,223089,1862700
764,478,461,766529,9921,223550,1752000
765,542,449,765987,10014,223999,1856800
766,529,519,765458,10024,224518,1818600
767,493,518,764965,9999,225036,2026200
768,521,524,764444,9996,225560,1852100
769,458,497,763986,9957,226057,1896700
770,483,517,763503,9923,226574,1760300
771,479,498,763024,9904,227072,1742900
772,527,522,762497,9909,227594,1961800
773,481,516,762016,9874,228110,1777400
774,514,479,761502,9909,228589,1788900
775,502,488,761000,9923,229077,1875600
776,452,490,760548,9885,229567,1761700
777,462,478,760086,9869,230045,1750200
778,510,450,759576,9929,230495,2128700
779,495,498,759081,9926,230993,1771200
780,504,550,758577,9880,231543,1769000
781,539,484,758038,9935,232027,1801600
782,489,499,757549,9925,232526,2043100
783,507,494,757042,9938,233020,1766000
784,504,490,756538,9952,233510,1788900
785,479,498,756059,9933,234008,1821000
786,496,471,755563,9958,234479,1699200
787,517,509,755046,9966,234988,2054700
788,531,485,754515,10012,235473,1853300
789,503,461,754012,10054,235934,1950700
790,552,487,753460,10119,236421,1898300
791,495,525,752965,10089,236946,1797100
792,540,515,752425,10114,237461,1748200
793,545,546,751880,10113,238007,1772700
794,521,489,751359,10145,238496,1861300
795,491,521,750868,10115,239017,1854900
796,521,523,750347,10113,239540,1812500
797,527,507,749820,10133,240047,1822200
798,497,497,749323,10133,240544,1888100
799,518,471,748805,10180,241015,2255300
800,540,515,748265,10205,241530,1869900
801,583,513,747682,10275,242043,1843900
802,524,486,747158,10313,242529,1820100
803,519,497,746639,10335,243026,1832800
804,533,512,746106,10356,243538,2012300
805,537,516,745569,10377,244054,1930000
806,510,512,745059,10375,244566,2048700
807,572,534,744487,10413,245100,1917900
808,502,517,743985,10398,245617,1843400
809,528,526,743457,10400,246143,1869200
810,534,562,742923,10372,246705,1866400
811,534,512,742389,10394,247217,1880500
812,542,567,741847,10369,247784,1896400
813,556,514,741291,10411,248298,1888700
814,527,531,740764,10407,248829,1842400
815,499,523,740265,10383,249352,1927800
816,506,522,739759,10367,249874,1977700
817,515,549,739244,10333,250423,1958700
818,545,517,738699,10361,250940,1908500
819,520,483,738179,10398,251423,1788500
820,550,536,737629,10412,251959,1776400
821,520,531,737109,10401,252490,1902200
822,534,510,736575,10425,253000,1795500
823,519,572,736056,10372,253572,1874100
824,545,535,735511,10382,254107,1862300
825,490,495,735021,10377,254602,1861500
826,550,516,734471,10411,255118,1860100
827,519,513,733952,10417,255631,1847600
828,546,537,733406,10426,256168,1886400
829,481,530,732925,10377,256698,1790400
830,513,544,732412,10346,257242,1844900
831,527,521,731885,10352,257763,1905100
832,486,540,731399,10298,258303,1994300
833,518,518,730881,10298,258821,2007800
834,547,490,730334,10355,259311,1851200
835,551,510,729783,10396,259821,1870700
836,547,521,729236,10422,260342,2007300
837,515,564,728721,10373,260906,1859300
838,549,518,728172,10404,261424,1859000
839,539,525,727633,10418,261949,1839200
840,548,488,727085,10478,262437,1858400
841,539,515,726546,10502,262952,1866500
842,580,530,725966,10552,263482,1895800
843,571,497,725395,10626,263979,1884100
844,599,514,724796,10711,264493,1943100
845,601,526,724195,10786,265019,1778900
846,521,543,723674,10764,265562,2072200
847,546,499,723128,10811,266061,1951500
848,568,555,722560,10824,266616,2021400
849,581,560,721979,10845,267176,1988300
850,542,546,721437,10841,267722,1884800
851,533,540,720904,10834,268262,1860700
852,548,562,720356,10820,268824,1856700
853,561,563,719795,10818,269387,1834400
854,555,569,719240,10804,269956,2044600
855,569,536,718671,10837,270492,2013700
856,567,544,718104,10860,271036,2078800
857,535,548,717569,10847,271584,1903400
858,612,500,716957,10959,272084,1883800
859,546,547,716411,10958,272631,1842000
860,586,554,715825,10990,273185,1837700
861,564,539,715261,11015,273724,1859000
862,563,536,714698,11042,274260,2042100
863,557,564,714141,11035,274824,1977800
864,533,561,713608,11007,275385,1866800
865,505,547,713103,10965,275932,1997600
866,542,527,712561,10980,276459,1908600
867,521,575,712040,10926,277034,1920500
868,548,517,711492,10957,277551,1922800
869,532,592,710960,10897,278143,1866400
870,528,539,710432,10886,278682,1869600
871,522,532,709910,10876,279214,1869200
872,506,530,709404,10852,279744,1861500
873,493,557,708911,10788,280301,2053900
874,563,536,708348,10815,280837,1790800
875,549,515,707799,10849,281352,2010500
876,539,541,707260,10847,281893,1877900
877,559,549,706701,10857,282442,1865600
878,534,508,706167,10883,282950,1886100
879,493,549,705674,10827,283499,1860500
880,497,523,705177,10801,284022,1774900
881,552,546,704625,10807,284568,1871600
882,558,563,704067,10802,285131,1863000
883,558,508,703509,10852,285639,1870300
884,526,527,702983,10851,286166,1869800
885,519,541,702464,10829,286707,1812800
886,543,543,701921,10829,287250,1779500
887,516,535,701405,10810,287785,1872000
888,540,518,700865,10832,288303,1863100
889,527,552,700338,10807,288855,1775400
890,513,507,699825,10813,289362,1966900
891,509,509,699316,10813,289871,1916800
892,543,575,698773,10781,290446,1983800
893,534,520,698239,10795,290966,1857700
894,538,539,697701,10794,291505,1848200
895,530,583,697171,10741,292088,1822700
896,561,535,696610,10767,292623,1830800
897,533,551,696077,10749,293174,1813600
898,544,513,695533,10780,293687,2044900
899,544,554,694989,10770,294241,1891100
900,547,537,694442,10780,294778,2035600
901,531,582,693911,10729,295360,1872600
902,533,575,693378,10687,295935,1858900
903,530,565,692848,10652,296500,1829300
904,568,538,692280,10682,297038,1868800
905,529,527,691751,10684,297565,2029200
906,514,511,691237,10687,298076,1915500
907,511,546,690726,10652,298622,1814700
908,549,510,690177,10691,299132,1801900
909,496,561,689681,10626,299693,1836300
910,542,522,689139,10646,300215,1973600
911,509,561,688630,10594,300776,2308700
912,498,586,688132,10506,301362,1886700
913,514,498,687618,10522,301860,1868800
914,517,531,687101,10508,302391,1939200
915,479,499,686622,10488,302890,1861800
916,477,503,686145,10462,303393,1819900
917,505,518,685640,10449,303911,1806300
918,511,495,685129,10465,304406,1800700
919,521,510,684608,10476,304916,1789000
920,563,521,684045,10518,305437,1846300
921,549,524,683496,10543,305961,2009700
922,514,550,682982,10507,306511,1870500
923,510,525,682472,10492,307036,1791800
924,532,496,681940,10528,307532,1734900
925,523,538,681417,10513,308070,1769100
926,517,524,680900,10506,308594,1844300
927,496,547,680404,10455,309141,1847300
928,548,541,679856,10462,309682,1792100
929,544,544,679312,10462,310226,1736400
930,519,548,678793,10433,310774,1733300
931,492,495,678301,10430,311269,1860400
932,545,549,677756,10426,311818,1845200
933,504,522,677252,10408,312340,1782100
934,499,513,676753,10394,312853,1800200
935,533,522,676220,10405,313375,1722800
936,528,512,675692,10421,313887,2151300
937,583,509,675109,10495,314396,1900600
938,504,522,674605,10477,314918,1772100
939,518,502,674087,10493,315420,2069400
940,507,521,673580,10479,315941,2055300
941,550,531,673030,10498,316472,1748500
942,536,550,672494,10484,317022,1809300
943,507,511,671987,10480,317533,1735500
944,538,526,671449,10492,318059,1731300
945,535,539,670914,10488,318598,1856400
946,486,527,670428,10447,319125,2314100
947,558,465,669870,10540,319590,2047100
948,478,573,669392,10445,320163,1860500
949,497,521,668895,10421,320684,1837900
950,492,568,668403,10345,321252,1855600
951,492,538,667911,10299,321790,1812500
952,494,557,667417,10236,322347,1911700
953,550,494,666867,10292,322841,1748800
954,498,536,666369,10254,323377,1747800
955,430,533,665939,10151,323910,1866000
956,518,470,665421,10199,324380,1849100
957,588,493,664833,10294,324873,1926800
958,544,512,664289,10326,325385,1811200
959,515,473,663774,10368,325858,1735700
960,524,539,663250,10353,326397,1708900
961,551,521,662699,10383,326918,1848300
962,513,546,662186,10350,327464,1839300
963,540,498,661646,10392,327962,1811000
964,556,517,661090,10431,328479,1734400
965,513,526,660577,10418,329005,1730500
966,519,520,660058,10417,329525,1848500
967,509,473,659549,10453,329998,1844800
968,549,498,659000,10504,330496,1785900
969,523,484,658477,10543,330980,1963400
970,501,555,657976,10489,331535,1776700
971,518,513,657458,10494,332048,1767900
972,538,516,656920,10516,332564,1950300
973,510,526,656410,10500,333090,1853900
974,548,532,655862,10516,333622,1861900
975,539,532,655323,10523,334154,1798800
976,524,522,654799,10525,334676,1680200
977,564,533,654235,10556,335209,1719200
978,533,546,653702,10543,335755,1848000
979,556,509,653146,10590,336264,1834400
980,526,511,652620,10605,336775,1994400
981,545,562,652075,10588,337337,1992100
982,531,511,651544,10608,337848,1927300
983,550,498,650994,10660,338346,1904500
984,553,550,650441,10663,338896,1908300
985,586,572,649855,10677,339468,1894900
986,531,536,649324,10672,340004,1839100
987,571,506,648753,10737,340510,1937300
988,567,520,648186,10784,341030,1896000
989,569,511,647617,10842,341541,1839500
990,563,578,647054,10827,342119,1895600
991,563,495,646491,10895,342614,1867900
992,552,520,645939,10927,343134,1888600
993,541,540,645398,10928,343674,1970700
994,527,545,644871,10910,344219,1882700
995,547,523,644324,10934,344742,1799300
996,520,537,643804,10917,345279,1987400
997,556,578,643248,10895,345857,1872900
998,562,561,642686,10896,346418,1881000
999,549,526,642137,10919,346944,1945000
1000,555,564,641582,10910,347508,1858100
1001,531,546,641051,10895,348054,1805100
1002,544,574,640507,10865,348628,1740400
1003,526,545,639981,10846,349173,1893000
1004,563,535,639418,10874,349708,2088900
1005,513,529,638905,10858,350237,2058600
1006,566,505,638339,10919,350742,1750800
1007,548,494,637791,10973,351236,2087900
1008,554,503,637237,11024,351739,1876800
1009,550,551,636687,11023,352290,1856500
1010,565,548,636122,11040,352838,1876900
1011,563,530,635559,11073,353368,1845200
1012,516,541,635043,11048,353909,1945800
1013,543,514,634500,11077,354423,1766200
1014,555,544,633945,11088,354967,1738000
1015,604,540,633341,11152,355507,1729900
1016,558,550,632783,11160,356057,1875600
1017,550,567,632233,11143,356624,1804900
1018,502,551,631731,11094,357175,1733700
1019,536,542,631195,11088,357717,1733700
1020,507,574,630688,11021,358291,1895800
1021,559,551,630129,11029,358842,1848400
1022,546,597,629583,10978,359439,1820300
1023,559,561,629024,10976,360000,1716400
1024,548,564,628476,10960,360564,1758300
1025,559,562,627917,10957,361126,1856000
1026,567,554,627350,10970,361680,1834600
1027,546,561,626804,10955,362241,1804300
1028,531,555,626273,10931,362796,1730000
1029,545,551,625728,10925,363347,1949800
1030,566,556,625162,10935,363903,1813100
1031,515,577,624647,10873,364480,1865500
1032,521,564,624126,10830,365044,1958800
1033,505,565,623621,10770,365609,1893700
1034,568,504,623053,10834,366113,1983500
1035,495,574,622558,10755,366687,1855000
1036,521,552,622037,10724,367239,1780700
1037,520,526,621517,10718,367765,1828800
1038,525,516,620992,10727,368281,1824900
1039,567,516,620425,10778,368797,1852700
1040,540,515,619885,10803,369312,1851600
1041,526,524,619359,10805,369836,2042500
1042,509,563,618850,10751,370399,1828800
1043,502,476,618348,10777,370875,1854700
1044,544,573,617804,10748,371448,1898000
1045,538,531,617266,10755,371979,1846000
1046,527,522,616739,10760,372501,1857800
1047,496,520,616243,10736,373021,1824300
1048,516,547,615727,10705,373568,1930500
1049,547,569,615180,10683,374137,2005500
1050,556,519,614624,10720,374656,1888400
1051,546,504,614078,10762,375160,1790100
1052,546,522,613532,10786,375682,1969600
1053,556,541,612976,10801,376223,1755100
1054,556,544,612420,10813,376767,1745900
1055,527,560,611893,10780,377327,1752200
1056,548,548,611345,10780,377875,1845700
1057,549,552,610796,10777,378427,1808800
1058,527,508,610269,10796,378935,1736200
1059,533,518,609736,10811,379453,1730700
1060,526,499,609210,10838,379952,1841000
1061,516,546,608694,10808,380498,1844100
1062,493,517,608201,10784,381015,1799000
1063,528,546,607673,10766,381561,1765000
1064,568,539,607105,10795,382100,1679300
1065,543,534,606562,10804,382634,1893300
1066,536,547,606026,10793,383181,1848500
1067,484,564,605542,10713,383745,1809000
1068,531,535,605011,10709,384280,1725800
1069,505,519,604506,10695,384799,1726200
1070,521,537,603985,10679,385336,1857000
1071,538,532,603447,10685,385868,1719500
1072,527,492,602920,10720,386360,1787400
1073,586,510,602334,10796,386870,1942400
1074,542,534,601792,10804,387404,1742600
1075,538,557,601254,10785,387961,1827300
1076,589,551,600665,10823,388512,1882700
1077,511,539,600154,10795,389051,2299400
1078,564,537,599590,10822,389588,2099300
1079,548,522,599042,10848,390110,1900900
1080,560,536,598482,10872,390646,1824400
1081,566,521,597916,10917,391167,1817600
1082,578,570,597338,10925,391737,1849700
1083,569,524,596769,10970,392261,1715400
1084,579,556,596190,10993,392817,1743700
1085,576,577,595614,10992,393394,1838100
1086,550,547,595064,10995,393941,1834000
1087,552,576,594512,10971,394517,1829200
1088,514,541,593998,10944,395058,2090100
1089,537,500,593461,10981,395558,1782700
1090,535,555,592926,10961,396113,1744100
1091,559,549,592367,10971,396662,1724900
1092,519,562,591848,10928,397224,1863200
1093,560,541,591288,10947,397765,1824600
1094,561,573,590727,10935,398338,1774300
1095,535,550,590192,10920,398888,1709600
1096,544,556,589648,10908,399444,1743000
1097,535,563,589113,10880,400007,1887300
1098,530,555,588583,10855,400562,1798500
1099,539,563,588044,10831,401125,1802100
1100,440,570,587604,10701,401695,1823700
1101,532,498,587072,10735,402193,1724900
1102,503,538,586569,10700,402731,1824400
1103,537,531,586032,10706,403262,1824500
1104,524,557,585508,10673,403819,1757100
1105,528,573,584980,10628,404392,1746200
1106,505,476,584475,10657,404868,2099500
1107,542,521,583933,10678,405389,2134000
1108,507,554,583426,10631,405943,2054000
1109,518,577,582908,10572,406520,1748400
1110,537,527,582371,10582,407047,1731700
1111,537,512,581834,10607,407559,1833700
1112,516,529,581318,10594,408088,1805900
1113,529,553,580789,10570,408641,1978400
1114,569,559,580220,10580,409200,1792900
1115,509,511,579711,10578,409711,1827400
1116,532,564,579179,10546,410275,1774900
1117,530,526,578649,10550,410801,1882600
1118,529,516,578120,10563,411317,1720800
1119,526,543,577594,10546,411860,1774300
1120,529,524,577065,10551,412384,1723200
1121,526,552,576539,10525,412936,1701000
1122,539,551,576000,10513,413487,1816800
1123,508,546,575492,10475,414033,1953200
1124,573,524,574919,10524,414557,1700800
1125,528,507,574391,10545,415064,1732100
1126,549,526,573842,10568,415590,1850900
1127,542,493,573300,10617,416083,2082300
1128,513,537,572787,10593,416620,1847900
1129,542,539,572245,10596,417159,1802200
1130,546,551,571699,10591,417710,1736000
1131,525,546,571174,10570,418256,1741800
1132,534,544,570640,10560,418800,1800000
1133,545,516,570095,10589,419316,1748200
1134,532,528,569563,10593,419844,1797600
1135,532,542,569031,10583,420386,1721100
1136,551,537,568480,10597,420923,1715900
1137,573,506,567907,10664,421429,2041600
1138,535,553,567372,10646,421982,1857100
1139,529,539,566843,10636,422521,2101700
1140,564,561,566279,10639,423082,2153800
1141,516,536,565763,10619,423618,1857700
1142,542,578,565221,10583,424196,1848400
1143,562,497,564659,10648,424693,1818800
1144,554,510,564105,10692,425203,1734400
1145,560,574,563545,10678,425777,1736000
1146,527,529,563018,10676,426306,2004300
1147,523,518,562495,10681,426824,1857000
1148,556,505,561939,10732,427329,2006900
1149,550,547,561389,10735,427876,1864300
1150,546,528,560843,10753,428404,1851600
1151,546,520,560297,10779,428924,1853500
1152,568,570,559729,10777,429494,1787200
1153,566,536,559163,10807,430030,1789400
1154,533,570,558630,10770,430600,1841000
1155,528,529,558102,10769,431129,1879700
1156,547,522,557555,10794,431651,1745600
1157,562,495,556993,10861,432146,1801700
1158,523,575,556470,10809,432721,1754400
1159,556,542,555914,10823,433263,1828000
1160,611,539,555303,10895,433802,1920600
1161,570,505,554733,10960,434307,2026000
1162,551,559,554182,10952,434866,1802000
1163,572,539,553610,10985,435405,1873400
1164,534,521,553076,10998,435926,1751700
1165,525,587,552551,10936,436513,1993400
1166,513,516,552038,10933,437029,1760800
1167,549,547,551489,10935,437576,1786100
1168,514,527,550975,10922,438103,2009600
1169,575,559,550400,10938,438662,1850200
1170,524,584,549876,10878,439246,1798800
1171,555,531,549321,10902,439777,1811000
1172,523,553,548798,10872,440330,1955000
1173,523,524,548275,10871,440854,1914500
1174,548,584,547727,10835,441438,1857400
1175,543,551,547184,10827,441989,1871600
1176,568,536,546616,10859,442525,1946900
1177,552,559,546064,10852,443084,1869100
1178,568,503,545496,10917,443587,1879000
1179,549,498,544947,10968,444085,1945700
1180,553,527,544394,10994,444612,1852900
1181,520,524,543874,10990,445136,2040100
1182,541,546,543333,10985,445682,1954200
1183,550,555,542783,10980,446237,2015500
1184,530,562,542253,10948,446799,1893700
1185,543,513,541710,10978,447312,1865400
1186,559,536,541151,11001,447848,2139300
1187,524,540,540627,10985,448388,2109000
1188,538,562,540089,10961,448950,1961700
1189,563,547,539526,10977,449497,1936900
1190,576,564,538950,10989,450061,2161700
1191,580,543,538370,11026,450604,1950800
1192,536,550,537834,11012,451154,2142100
1193,533,567,537301,10978,451721,1979800
1194,562,558,536739,10982,452279,1875500
1195,548,532,536191,10998,452811,1886400
1196,533,544,535658,10987,453355,1883300
1197,552,500,535106,11039,453855,1829700
1198,527,536,534579,11030,454391,1902300
1199,545,590,534034,10985,454981,1874900
1200,550,567,533484,10968,455548,1893300
1201,502,558,532982,10912,456106,1896500
1202,527,542,532455,10897,456648,1827200
1203,506,545,531949,10858,457193,1826500
1204,540,512,531409,10886,457705,1959100
1205,523,581,530886,10828,458286,1950700
1206,526,618,530360,10736,458904,1928500
1207,523,497,529837,10762,459401,2075000
1208,554,520,529283,10796,459921,1894600
1209,537,522,528746,10811,460443,2326900
1210,528,515,528218,10824,460958,2087400
1211,583,516,527635,10891,461474,1862400
1212,547,555,527088,10883,462029,1888000
1213,505,517,526583,10871,462546,1886400
1214,528,509,526055,10890,463055,1897400
1215,538,529,525517,10899,463584,1849600
1216,531,537,524986,10893,464121,1776700
1217,550,557,524436,10886,464678,1977800
1218,543,565,523893,10864,465243,1957500
1219,523,577,523370,10810,465820,1949800
1220,550,552,522820,10808,466372,1917500
1221,510,527,522310,10791,466899,1924500
1222,518,541,521792,10768,467440,2039900
1223,550,575,521242,10743,468015,1906800
1224,510,559,520732,10694,468574,1901200
1225,520,526,520212,10688,469100,1822400
1226,529,591,519683,10626,469691,1874600
1227,544,554,519139,10616,470245,1967600
1228,559,524,518580,10651,470769,1955900
1229,513,525,518067,10639,471294,2135700
1230,565,533,517502,10671,471827,1952200
1231,585,516,516917,10740,472343,2135800
1232,602,522,516315,10820,472865,1906400
1233,540,534,515775,10826,473399,1898600
1234,527,531,515248,10822,473930,1888700
1235,567,496,514681,10893,474426,1831800
1236,550,535,514131,10908,474961,1886000
1237,527,516,513604,10919,475477,1832600
1238,513,529,513091,10903,476006,2069500
1239,535,542,512556,10896,476548,2074000
1240,506,570,512050,10832,477118,2002900
1241,574,548,511476,10858,477666,2103500
1242,526,503,510950,10881,478169,2075600
1243,565,525,510385,10921,478694,2007100
1244,521,554,509864,10888,479248,2069500
1245,541,547,509323,10882,479795,2167900
1246,504,517,508819,10869,480312,2021800
1247,513,554,508306,10828,480866,2038200
1248,576,605,507730,10799,481471,1986700
1249,543,546,507187,10796,482017,2021900
1250,547,549,506640,10794,482566,1902300
1251,555,497,506085,10852,483063,1966000
1252,566,542,505519,10876,483605,2023600
1253,541,612,504978,10805,484217,1976400
1254,538,564,504440,10779,484781,2032100
1255,473,512,503967,10740,485293,1862200
1256,507,519,503460,10728,485812,1834000
1257,514,580,502946,10662,486392,1891500
1258,523,537,502423,10648,486929,1850600
1259,538,520,501885,10666,487449,1819400
1260,528,515,501357,10679,487964,1928300
1261,518,521,500839,10676,488485,1881700
1262,539,542,500300,10673,489027,1898800
1263,522,546,499778,10649,489573,1822900
1264,543,501,499235,10691,490074,1812800
1265,530,510,498705,10711,490584,1866800
1266,529,531,498176,10709,491115,1891600
1267,584,516,497592,10777,491631,1981300
1268,522,508,497070,10791,492139,1855400
1269,547,545,496523,10793,492684,1827100
1270,526,550,495997,10769,493234,1807500
1271,564,545,495433,10788,493779,1816500
1272,529,563,494904,10754,494342,1776500
1273,531,471,494373,10814,494813,1786600
1274,550,519,493823,10845,495332,1957100
1275,556,477,493267,10924,495809,1927000
1276,543,533,492724,10934,496342,2016400
1277,506,519,492218,10921,496861,1806900
1278,545,561,491673,10905,497422,1848600
1279,540,558,491133,10887,497980,1848700
1280,527,519,490606,10895,498499,1761800
1281,535,550,490071,10880,499049,1812100
1282,545,511,489526,10914,499560,1757900
1283,545,538,488981,10921,500098,1816300
1284,562,576,488419,10907,500674,1808700
1285,535,501,487884,10941,501175,1781100
1286,566,591,487318,10916,501766,1890800
1287,570,537,486748,10949,502303,1900100
1288,573,569,486175,10953,502872,1782900
1289,540,548,485635,10945,503420,1900800
1290,538,514,485097,10969,503934,1790900
1291,539,557,484558,10951,504491,1883700
1292,539,516,484019,10974,505007,1812500
1293,494,581,483525,10887,505588,1810300
1294,572,528,482953,10931,506116,1861100
1295,549,555,482404,10925,506671,1794500
1296,531,578,481873,10878,507249,1852600
1297,549,564,481324,10863,507813,1936700
1298,536,489,480788,10910,508302,1952700
1299,578,575,480210,10913,508877,1849800
1300,553,540,479657,10926,509417,1821800
1301,558,585,479099,10899,510002,1761200
1302,585,567,478514,10917,510569,1759300
1303,572,544,477942,10945,511113,1769100
1304,600,567,477342,10978,511680,1857300
1305,543,559,476799,10962,512239,1766500
1306,534,597,476265,10899,512836,1793300
1307,519,530,475746,10888,513366,1959600
1308,539,560,475207,10867,513926,1766900
1309,601,535,474606,10933,514461,1884000
1310,568,527,474038,10974,514988,1919700
1311,538,554,473500,10958,515542,2110000
1312,542,544,472958,10956,516086,1839000
1313,529,595,472429,10890,516681,1831300
1314,585,549,471844,10926,517230,1784600
1315,544,568,471300,10902,517798,1843100
1316,552,564,470748,10890,518362,1741900
1317,547,535,470201,10902,518897,2092300
1318,555,559,469646,10898,519456,1786900
1319,549,511,469097,10936,519967,1828700
1320,550,512,468547,10974,520479,1800300
1321,567,549,467980,10992,521028,1876400
1322,591,503,467389,11080,521531,2084300
1323,535,538,466854,11077,522069,1997200
1324,552,532,466302,11097,522601,1857300
1325,561,570,465741,11088,523171,1873000
1326,565,546,465176,11107,523717,1795600
1327,589,556,464587,11140,524273,1944300
1328,558,551,464029,11147,524824,1818500
1329,532,556,463497,11123,525380,1863200
1330,605,533,462892,11195,525913,1836900
1331,545,564,462347,11176,526477,1950300
1332,555,572,461792,11159,527049,1786100
1333,556,546,461236,11169,527595,1848400
1334,578,532,460658,11215,528127,2106400
1335,594,579,460064,11230,528706,1909300
1336,580,531,459484,11279,529237,1832800
1337,554,554,458930,11279,529791,1801200
1338,567,580,458363,11266,530371,1753000
1339,540,549,457823,11257,530920,1746300
1340,519,588,457304,11188,531508,1756800
1341,557,556,456747,11189,532064,1706700
1342,548,586,456199,11151,532650,1811100
1343,520,585,455679,11086,533235,1754200
1344,608,573,455071,11121,533808,1743300
1345,576,542,454495,11155,534350,1823300
1346,591,534,453904,11212,534884,1826000
1347,583,563,453321,11232,535447,1762900
1348,594,566,452727,11260,536013,1774400
1349,555,576,452172,11239,536589,1797000
1350,562,583,451610,11218,537172,1731600
1351,544,544,451066,11218,537716,2060700
1352,555,559,450511,11214,538275,1765600
1353,551,564,449960,11201,538839,1761200
1354,556,583,449404,11174,539422,1752300
1355,531,559,448873,11146,539981,1726400
1356,557,550,448316,11153,540531,1844400
1357,554,544,447762,11163,541075,1944400
1358,561,599,447201,11125,541674,1775900
1359,536,548,446665,11113,542222,1930100
1360,616,548,446049,11181,542770,1758400
1361,553,532,445496,11202,543302,1821900
1362,569,552,444927,11219,543854,1893800
1363,573,540,444354,11252,544394,1865800
1364,571,568,443783,11255,544962,1853400
1365,565,505,443218,11315,545467,1833100
1366,568,552,442650,11331,546019,1767300
1367,574,571,442076,11334,546590,1745200
1368,579,592,441497,11321,547182,1746100
1369,556,572,440941,11305,547754,1833800
1370,542,612,440399,11235,548366,1913000
1371,561,549,439838,11247,548915,1803400
1372,539,575,439299,11211,549490,1739100
1373,570,554,438729,11227,550044,1763200
1374,543,549,438186,11221,550593,1831000
1375,551,558,437635,11214,551151,1834100
1376,564,560,437071,11218,551711,1761300
1377,589,594,436482,11213,552305,1820100
1378,602,546,435880,11269,552851,1958200
1379,526,616,435354,11179,553467,1893300
1380,555,568,434799,11166,554035,1866000
1381,535,553,434264,11148,554588,1848300
1382,570,562,433694,11156,555150,1852400
1383,569,577,433125,11148,555727,1879500
1384,516,553,432609,11111,556280,1726400
1385,533,575,432076,11069,556855,1719200
1386,545,517,431531,11097,557372,1864600
1387,543,537,430988,11103,557909,1891700
1388,567,561,430421,11109,558470,1853400
1389,552,521,429869,11140,558991,1907000
1390,558,533,429311,11165,559524,1871900
1391,589,570,428722,11184,560094,2002700
1392,562,553,428160,11193,560647,1764400
1393,541,537,427619,11197,561184,1804800
1394,560,531,427059,11226,561715,2028800
1395,573,561,426486,11238,562276,1970700
1396,589,571,425897,11256,562847,2126400
1397,588,528,425309,11316,563375,1878700
1398,565,576,424744,11305,563951,1809900
1399,554,609,424190,11250,564560,1884100
1400,555,555,423635,11250,565115,1798000
1401,559,543,423076,11266,565658,1909200
1402,608,581,422468,11293,566239,1914600
1403,578,537,421890,11334,566776,1932400
1404,565,562,421325,11337,567338,1925800
1405,547,608,420778,11276,567946,1902300
1406,543,595,420235,11224,568541,1864400
1407,535,574,419700,11185,569115,1841200
1408,553,559,419147,11179,569674,2202100
1409,596,528,418551,11247,570202,1822600
1410,548,569,418003,11226,570771,1874800
1411,546,537,417457,11235,571308,1930100
1412,593,571,416864,11257,571879,2183900
1413,551,551,416313,11257,572430,2105600
1414,544,546,415769,11255,572976,1930500
1415,579,538,415190,11296,573514,1842600
1416,555,564,414635,11287,574078,1834200
1417,592,560,414043,11319,574638,1858100
1418,552,596,413491,11275,575234,1763100
1419,565,556,412926,11284,575790,1856300
1420,561,564,412365,11281,576354,1863600
1421,537,547,411828,11271,576901,1854000
1422,560,590,411268,11241,577491,1857900
1423,545,543,410723,11243,578034,1964700
1424,593,538,410130,11298,578572,2176400
1425,593,539,409537,11352,579111,1902700
1426,547,552,408990,11347,579663,1877800
1427,593,567,408397,11373,580230,1922400
1428,550,573,407847,11350,580803,1886100
1429,569,643,407278,11276,581446,1859600
1430,540,555,406738,11261,582001,1913300
1431,554,550,406184,11265,582551,1896000
1432,562,580,405622,11247,583131,1942700
1433,530,558,405092,11219,583689,1891700
1434,525,576,404567,11168,584265,1907200
1435,549,561,404018,11156,584826,1915300
1436,529,587,403489,11098,585413,1955900
1437,508,570,402981,11036,585983,1982000
1438,512,571,402469,10977,586554,1938500
1439,480,555,401989,10902,587109,1950000
1440,517,546,401472,10873,587655,1948500
1441,496,514,400976,10855,588169,1913800
1442,505,525,400471,10835,588694,1978200
1443,505,523,399966,10817,589217,1921700
1444,485,555,399481,10747,589772,1959000
1445,522,502,398959,10767,590274,1926100
1446,540,527,398419,10780,590801,2021100
1447,518,562,397901,10736,591363,2008400
1448,534,487,397367,10783,591850,1962000
1449,522,526,396845,10779,592376,1928300
1450,527,498,396318,10808,592874,1919300
1451,527,518,395791,10817,593392,1912500
1452,535,560,395256,10792,593952,1879800
1453,539,550,394717,10781,594502,1969600
1454,557,564,394160,10774,595066,2070500
1455,578,531,393582,10821,595597,1949100
1456,541,550,393041,10812,596147,1987400
1457,573,547,392468,10838,596694,1956700
1458,556,580,391912,10814,597274,1969100
1459,547,519,391365,10842,597793,1946200
1460,540,520,390825,10862,598313,1959700
1461,520,546,390305,10836,598859,1923500
1462,562,562,389743,10836,599421,1818200
1463,552,523,389191,10865,599944,1885600
1464,520,505,388671,10880,600449,1907200
1465,491,545,388180,10826,600994,2047000
1466,543,568,387637,10801,601562,2150600
1467,536,516,387101,10821,602078,1981700
1468,526,511,386575,10836,602589,1850800
1469,524,566,386051,10794,603155,2076800
1470,536,557,385515,10773,603712,1813200
1471,486,537,385029,10722,604249,1881800
1472,498,532,384531,10688,604781,1796700
1473,530,518,384001,10700,605299,1878000
1474,516,486,383485,10730,605785,1869900
1475,489,537,382996,10682,606322,1913300
1476,530,529,382466,10683,606851,1911100
1477,501,537,381965,10647,607388,1963600
1478,511,536,381454,10622,607924,1929000
1479,493,563,380961,10552,608487,1944800
1480,469,534,380492,10487,609021,1810500
1481,468,515,380024,10440,609536,1866200
1482,493,507,379531,10426,610043,1871200
1483,467,476,379064,10417,610519,1789400
1484,491,499,378573,10409,611018,1728600
1485,485,484,378088,10410,611502,1902100
1486,487,564,377601,10333,612066,1750900
1487,496,516,377105,10313,612582,1765900
1488,506,524,376599,10295,613106,1793000
1489,490,514,376109,10271,613620,1918900
1490,490,491,375619,10270,614111,1870000
1491,502,528,375117,10244,614639,1859200
1492,535,505,374582,10274,615144,1909400
1493,505,537,374077,10242,615681,1810400
1494,513,518,373564,10237,616199,1976900
1495,457,506,373107,10188,616705,1835800
1496,496,492,372611,10192,617197,1802700
1497,519,508,372092,10203,617705,1754000
1498,496,448,371596,10251,618153,1852800
1499,541,512,371055,10280,618665,1853300
1500,473,504,370582,10249,619169,1830500
1501,519,482,370063,10286,619651,1837200
1502,523,496,369540,10313,620147,1819600
1503,486,512,369054,10287,620659,1767300
1504,537,481,368517,10343,621140,1881500
1505,513,521,368004,10335,621661,1879400
1506,509,512,367495,10332,622173,2184300
1507,508,512,366987,10328,622685,1958000
1508,485,484,366502,10329,623169,1831900
1509,520,478,365982,10371,623647,1820600
1510,558,539,365424,10390,624186,2057900
1511,504,492,364920,10402,624678,1761400
1512,535,539,364385,10398,625217,1822400
1513,516,511,363869,10403,625728,1809900
1514,513,485,363356,10431,626213,1877100
1515,489,530,362867,10390,626743,2019500
1516,519,473,362348,10436,627216,1987800
1517,551,485,361797,10502,627701,1975900
1518,511,530,361286,10483,628231,1923000
1519,529,521,360757,10491,628752,1995700
1520,551,519,360206,10523,629271,1914700
1521,495,504,359711,10514,629775,2379100
1522,494,483,359217,10525,630258,1895800
1523,514,530,358703,10509,630788,1845800
1524,490,518,358213,10481,631306,1921800
1525,488,499,357725,10470,631805,1995100
1526,468,539,357257,10399,632344,1939700
1527,467,505,356790,10361,632849,1915300
1528,475,477,356315,10359,633326,1893400
1529,492,505,355823,10346,633831,1913700
1530,521,553,355302,10314,634384,1984000
1531,517,531,354785,10300,634915,2137800
1532,515,502,354270,10313,635417,1924100
1533,532,508,353738,10337,635925,2097500
1534,494,535,353244,10296,636460,1878100
1535,498,541,352746,10253,637001,1988900
1536,508,515,352238,10246,637516,1850500
1537,507,526,351731,10227,638042,2034400
1538,520,544,351211,10203,638586,2093800
1539,530,528,350681,10205,639114,2299300
1540,539,559,350142,10185,639673,2023500
1541,493,525,349649,10153,640198,1910400
1542,468,486,349181,10135,640684,2156900
1543,532,514,348649,10153,641198,1996000
1544,495,523,348154,10125,641721,1889600
1545,528,505,347626,10148,642226,1850900
1546,547,534,347079,10161,642760,1841400
1547,530,505,346549,10186,643265,1967300
1548,495,507,346054,10174,643772,1748300
1549,522,517,345532,10179,644289,1728800
1550,480,538,345052,10121,644827,1781100
1551,524,494,344528,10151,645321,1841700
1552,502,502,344026,10151,645823,1818400
1553,513,491,343513,10173,646314,1787500
1554,551,538,342962,10186,646852,1755600
1555,511,496,342451,10201,647348,1689300
1556,539,529,341912,10211,647877,1867100
1557,490,509,341422,10192,648386,1805100
1558,510,487,340912,10215,648873,1760100
1559,514,495,340398,10234,649368,1879700
1560,488,498,339910,10224,649866,1859800
1561,484,531,339426,10177,650397,1737400
1562,532,502,338894,10207,650899,1824700
1563,467,462,338427,10212,651361,1694300
1564,508,533,337919,10187,651894,1730400
1565,514,528,337405,10173,652422,1949700
1566,512,550,336893,10135,652972,1901200
1567,494,516,336399,10113,653488,1862900
1568,533,537,335866,10109,654025,1888100
1569,528,492,335338,10145,654517,2024100
1570,477,473,334861,10149,654990,1997600
1571,515,527,334346,10137,655517,2150900
1572,472,502,333874,10107,656019,1925900
1573,505,503,333369,10109,656522,1880800
1574,553,533,332816,10129,657055,1929900
1575,521,522,332295,10128,657577,1763000
1576,558,501,331737,10185,658078,1713500
1577,537,487,331200,10235,658565,1835600
1578,511,490,330689,10256,659055,1754400
1579,541,516,330148,10281,659571,1878300
1580,482,484,329666,10279,660055,1846900
1581,473,552,329193,10200,660607,1734400
1582,488,507,328705,10181,661114,1806400
1583,522,517,328183,10186,661631,1865300
1584,480,478,327703,10188,662109,1868200
1585,465,490,327238,10163,662599,1787600
1586,515,460,326723,10218,663059,1799000
1587,497,504,326226,10211,663563,2020400
1588,485,463,325741,10233,664026,1825700
1589,505,510,325236,10228,664536,2090600
1590,489,543,324747,10174,665079,1843900
1591,485,533,324262,10126,665612,1883500
1592,527,558,323735,10095,666170,2019100
1593,506,452,323229,10149,666622,1748800
1594,517,485,322712,10181,667107,1833100
1595,503,480,322209,10204,667587,1776200
1596,503,537,321706,10170,668124,1720000
1597,508,465,321198,10213,668589,1711600
1598,510,508,320688,10215,669097,1846300
1599,495,529,320193,10181,669626,1795100
1600,562,535,319631,10208,670161,1712500
1601,514,510,319117,10212,670671,1713300
1602,500,519,318617,10193,671190,1828100
1603,547,496,318070,10244,671686,1826700
1604,518,534,317552,10228,672220,1917700
1605,525,530,317027,10223,672750,1994600
1606,541,466,316486,10298,673216,2269300
1607,551,507,315935,10342,673723,2034800
1608,496,525,315439,10313,674248,3604300
1609,500,534,314939,10279,674782,2940700
1610,493,490,314446,10282,675272,4092500
1611,521,522,313925,10281,675794,2338100
1612,521,494,313404,10308,676288,2389800
1613,496,510,312908,10294,676798,2021200
1614,478,521,312430,10251,677319,2226600
1615,496,508,311934,10239,677827,2304200
1616,454,513,311480,10180,678340,1939700
1617,515,511,310965,10184,678851,1934300
1618,495,484,310470,10195,679335,2377900
1619,512,521,309958,10186,679856,1933300
1620,499,528,309459,10157,680384,2413000
1621,471,512,308988,10116,680896,2106100
1622,456,516,308532,10056,681412,2065900
1623,491,483,308041,10064,681895,2433600
1624,488,495,307553,10057,682390,2296700
1625,520,482,307033,10095,682872,2264300
1626,514,511,306519,10098,683383,2018400
1627,485,527,306034,10056,683910,2084600
1628,483,475,305551,10064,684385,2143500
1629,480,476,305071,10068,684861,2073000
1630,494,539,304577,10023,685400,2078100
1631,497,478,304080,10042,685878,2241000
1632,503,519,303577,10026,686397,2017400
1633,491,524,303086,9993,686921,1928200
1634,475,510,302611,9958,687431,1963600
1635,473,498,302138,9933,687929,2251200
1636,494,433,301644,9994,688362,2093200
1637,468,511,301176,9951,688873,2220800
1638,487,506,300689,9932,689379,5230000
1639,484,474,300205,9942,689853,3570300
1640,496,489,299709,9949,690342,3751600
1641,474,483,299235,9940,690825,2700500
1642,477,489,298758,9928,691314,2183000
1643,473,465,298285,9936,691779,2138400
1644,504,513,297781,9927,692292,2081100
1645,460,488,297321,9899,692780,2073500
1646,496,488,296825,9907,693268,1997900
1647,504,482,296321,9929,693750,2133700
1648,485,491,295836,9923,694241,2183000
1649,501,503,295335,9921,694744,2287200
1650,492,505,294843,9908,695249,2154100
1651,483,468,294360,9923,695717,2298600
1652,508,486,293852,9945,696203,2228900
1653,480,529,293372,9896,696732,2111500
1654,470,459,292902,9907,697191,2052300
1655,469,485,292433,9891,697676,2341800
1656,509,487,291924,9913,698163,2168800
1657,511,521,291413,9903,698684,1970600
1658,492,482,290921,9913,699166,2215100
1659,496,485,290425,9924,699651,1831600
1660,501,457,289924,9968,700108,1878400
1661,524,519,289400,9973,700627,1917000
1662,534,551,288866,9956,701178,1865100
1663,544,488,288322,10012,701666,1876700
1664,515,497,287807,10030,702163,1874200
1665,534,540,287273,10024,702703,1966300
1666,494,526,286779,9992,703229,1722700
1667,500,483,286279,10009,703712,1745200
1668,509,499,285770,10019,704211,1837400
1669,495,483,285275,10031,704694,1816600
1670,495,499,284780,10027,705193,1760700
1671,482,501,284298,10008,705694,1719200
1672,545,490,283753,10063,706184,1786200
1673,523,553,283230,10033,706737,1829700
1674,506,521,282724,10018,707258,1739700
1675,515,482,282209,10051,707740,1810600
1676,485,470,281724,10066,708210,1884700
1677,466,513,281258,10019,708723,1839700
1678,485,509,280773,9995,709232,1846800
1679,472,504,280301,9963,709736,2264000
1680,489,488,279812,9964,710224,2046700
1681,497,463,279315,9998,710687,1841400
1682,509,465,278806,10042,711152,1721200
1683,473,519,278333,9996,711671,1816400
1684,468,524,277865,9940,712195,1748900
1685,457,508,277408,9889,712703,1746000
1686,453,509,276955,9833,713212,1730300
1687,523,509,276432,9847,713721,1791000
1688,476,486,275956,9837,714207,1798200
1689,444,457,275512,9824,714664,1832500
1690,442,503,275070,9763,715167,2127500
1691,471,461,274599,9773,715628,1796700
1692,451,530,274148,9694,716158,1849400
1693,463,487,273685,9670,716645,1821600
1694,459,499,273226,9630,717144,1823100
1695,464,496,272762,9598,717640,1794000
1696,482,498,272280,9582,718138,1681100
1697,456,463,271824,9575,718601,1880000
1698,478,460,271346,9593,719061,1866500
1699,465,495,270881,9563,719556,1758400
1700,467,475,270414,9555,720031,1990800
1701,451,478,269963,9528,720509,1806500
1702,459,455,269504,9532,720964,1955100
1703,492,453,269012,9571,721417,1838100
1704,485,462,268527,9594,721879,1745900
1705,461,492,268066,9563,722371,1695100
1706,443,490,267623,9516,722861,1853400
1707,463,492,267160,9487,723353,1720600
1708,463,499,266697,9451,723852,1699800
1709,480,484,266217,9447,724336,1709500
1710,489,499,265728,9437,724835,1933400
1711,484,461,265244,9460,725296,2081900
1712,473,468,264771,9465,725764,2151400
1713,474,476,264297,9463,726240,1902200
1714,504,459,263793,9508,726699,1935300
1715,510,457,263283,9561,727156,2328500
1716,526,513,262757,9574,727669,1884500
1717,508,475,262249,9607,728144,1892400
1718,511,467,261738,9651,728611,1847000
1719,464,521,261274,9594,729132,1746900
1720,514,488,260760,9620,729620,1759500
1721,500,510,260260,9610,730130,1739500
1722,528,483,259732,9655,730613,1711600
1723,474,487,259258,9642,731100,1974300
1724,464,503,258794,9603,731603,1846800
1725,484,520,258310,9567,732123,1723700
1726,416,478,257894,9505,732601,1712800
1727,512,494,257382,9523,733095,1708700
1728,486,426,256896,9583,733521,1808900
1729,460,545,256436,9498,734066,1775200
1730,467,485,255969,9480,734551,1993400
1731,489,502,255480,9467,735053,1769600
1732,466,482,255014,9451,735535,1714100
1733,495,488,254519,9458,736023,2043300
1734,478,521,254041,9415,736544,1850700
1735,462,494,253579,9383,737038,1852400
1736,468,506,253111,9345,737544,1821200
1737,473,436,252638,9382,737980,1730500
1738,523,478,252115,9427,738458,1706700
1739,505,467,251610,9465,738925,1823400
1740,500,478,251110,9487,739403,1988200
1741,470,495,250640,9462,739898,1955900
1742,497,432,250143,9527,740330,1799000
1743,506,458,249637,9575,740788,1721800
1744,456,463,249181,9568,741251,1718200
1745,501,509,248680,9560,741760,2062500
1746,463,465,248217,9558,742225,1840800
1747,513,496,247704,9575,742721,1850700
1748,489,526,247215,9538,743247,1847300
1749,475,479,246740,9534,743726,1723200
1750,463,490,246277,9507,744216,1716700
1751,471,446,245806,9532,744662,1710600
1752,484,484,245322,9532,745146,1802200
1753,416,463,244906,9485,745609,1731900
1754,459,519,244447,9425,746128,1710400
1755,463,446,243984,9442,746574,1819300
1756,458,486,243526,9414,747060,1816300
1757,432,445,243094,9401,747505,1830100
1758,496,451,242598,9446,747956,2234300
1759,470,458,242128,9458,748414,1964500
1760,463,499,241665,9422,748913,2028300
1761,501,485,241164,9438,749398,1909700
1762,494,483,240670,9449,749881,1911600
1763,490,485,240180,9454,750366,1909300
1764,474,463,239706,9465,750829,1920200
1765,465,462,239241,9468,751291,2052400
1766,478,500,238763,9446,751791,1842200
1767,457,496,238306,9407,752287,2017700
1768,469,489,237837,9387,752776,1819700
1769,481,498,237356,9370,753274,1844700
1770,437,469,236919,9338,753743,1848800
1771,427,487,236492,9278,754230,1874300
1772,435,480,236057,9233,754710,2035400
1773,440,451,235617,9222,755161,2183500
1774,418,454,235199,9186,755615,1822300
1775,401,461,234798,9126,756076,1863400
1776,460,478,234338,9108,756554,1802900
1777,462,467,233876,9103,757021,1828700
1778,471,457,233405,9117,757478,1946900
1779,433,457,232972,9093,757935,1773200
1780,485,432,232487,9146,758367,1694700
1781,450,424,232037,9172,758791,1843700
1782,423,424,231614,9171,759215,1724700
1783,405,431,231209,9145,759646,1885300
1784,447,466,230762,9126,760112,1706000
1785,443,479,230319,9090,760591,1849200
1786,407,449,229912,9048,761040,1818200
1787,388,458,229524,8978,761498,1719500
1788,419,430,229105,8967,761928,1716100
1789,409,464,228696,8912,762392,1705000
1790,450,425,228246,8937,762817,1944700
1791,413,422,227833,8928,763239,1740900
1792,398,417,227435,8909,763656,1715200
1793,417,446,227018,8880,764102,1713900
1794,390,425,226628,8845,764527,1839500
1795,411,456,226217,8800,764983,1809600
1796,415,451,225802,8764,765434,1748900
1797,436,454,225366,8746,765888,1850400
1798,415,438,224951,8723,766326,1709300
1799,442,461,224509,8704,766787,1837200
1800,434,434,224075,8704,767221,1718200
1801,412,455,223663,8661,767676,1696000
1802,404,431,223259,8634,768107,1772300
1803,449,384,222810,8699,768491,1816900
1804,415,454,222395,8660,768945,1795000
1805,398,424,221997,8634,769369,1744600
1806,433,415,221564,8652,769784,1714200
1807,433,400,221131,8685,770184,1814700
1808,426,454,220705,8657,770638,2351500
1809,404,407,220301,8654,771045,1857300
1810,394,476,219907,8572,771521,1887300
1811,417,448,219490,8541,771969,1833500
1812,415,458,219075,8498,772427,1825600
1813,372,430,218703,8440,772857,1786100
1814,395,440,218308,8395,773297,1843200
1815,390,420,217918,8365,773717,1821200
1816,429,420,217489,8374,774137,1759400
1817,404,449,217085,8329,774586,1742500
1818,420,405,216665,8344,774991,1723100
1819,406,405,216259,8345,775396,1719900
1820,428,420,215831,8353,775816,1726700
1821,398,430,215433,8321,776246,1743700
1822,390,430,215043,8281,776676,1736000
1823,390,407,214653,8264,777083,1700300
1824,371,420,214282,8215,777503,1805400
1825,405,419,213877,8201,777922,1904500
1826,433,425,213444,8209,778347,1980900
1827,397,401,213047,8205,778748,1891900
1828,421,434,212626,8192,779182,1906900
1829,385,375,212241,8202,779557,1838600
1830,420,364,211821,8258,779921,2060700
1831,397,379,211424,8276,780300,1816100
1832,417,385,211007,8308,780685,1800500
1833,415,427,210592,8296,781112,1947200
1834,396,414,210196,8278,781526,1887600
1835,393,411,209803,8260,781937,1783600
1836,411,409,209392,8262,782346,1734800
1837,384,434,209008,8212,782780,1727500
1838,375,396,208633,8191,783176,1756900
1839,367,380,208266,8178,783556,1850600
1840,390,390,207876,8178,783946,1825900
1841,393,417,207483,8154,784363,1794600
1842,377,402,207106,8129,784765,1848000
1843,384,395,206722,8118,785160,1858600
1844,412,380,206310,8150,785540,1937800
1845,414,436,205896,8128,785976,1864300
1846,396,415,205500,8109,786391,1757600
1847,370,416,205130,8063,786807,2038700
1848,407,411,204723,8059,787218,1822500
1849,429,398,204294,8090,787616,1934100
1850,419,441,203875,8068,788057,1777600
1851,386,395,203489,8059,788452,1803500
1852,406,386,203083,8079,788838,1731000
1853,377,422,202706,8034,789260,1868300
1854,423,397,202283,8060,789657,1752300
1855,383,418,201900,8025,790075,1849800
1856,398,399,201502,8024,790474,1719300
1857,401,413,201101,8012,790887,1807600
1858,417,395,200684,8034,791282,1871300
1859,400,417,200284,8017,791699,1878200
1860,368,367,199916,8018,792066,1723800
1861,384,405,199532,7997,792471,1880800
1862,363,412,199169,7948,792883,1880500
1863,393,382,198776,7959,793265,1723800
1864,381,398,198395,7942,793663,1875500
1865,388,407,198007,7923,794070,1833000
1866,401,433,197606,7891,794503,1813000
1867,385,376,197221,7900,794879,1901200
1868,366,379,196855,7887,795258,1861700
1869,347,393,196508,7841,795651,1721000
1870,353,374,196155,7820,796025,1834200
1871,373,371,195782,7822,796396,1845400
1872,368,342,195414,7848,796738,1802600
1873,366,361,195048,7853,797099,1821400
1874,368,391,194680,7830,797490,1706000
1875,368,397,194312,7801,797887,2014100
1876,369,364,193943,7806,798251,1754000
1877,373,403,193570,7776,798654,1899900
1878,393,393,193177,7776,799047,1836200
1879,388,398,192789,7766,799445,1747700
1880,376,373,192413,7769,799818,1815800
1881,365,419,192048,7715,800237,1783400
1882,399,399,191649,7715,800636,1719200
1883,382,393,191267,7704,801029,1866100
1884,344,402,190923,7646,801431,1794100
1885,366,366,190557,7646,801797,1773900
1886,383,371,190174,7658,802168,1765600
1887,414,375,189760,7697,802543,1799400
1888,366,390,189394,7673,802933,1762700
1889,364,375,189030,7662,803308,1750200
1890,363,390,188667,7635,803698,1773200
1891,430,374,188237,7691,804072,1723600
1892,406,388,187831,7709,804460,1851500
1893,406,391,187425,7724,804851,1828200
1894,403,401,187022,7726,805252,1930400
1895,390,386,186632,7730,805638,1780900
1896,396,401,186236,7725,806039,2084900
1897,343,426,185893,7642,806465,1898700
1898,390,397,185503,7635,806862,1822100
1899,438,350,185065,7723,807212,1791200
1900,390,366,184675,7747,807578,1973900
1901,401,370,184274,7778,807948,1727600
1902,395,367,183879,7806,808315,1796500
1903,376,378,183503,7804,808693,1899300
1904,453,395,183050,7862,809088,1930800
1905,427,374,182623,7915,809462,1776100
1906,384,405,182239,7894,809867,1723300
1907,401,388,181838,7907,810255,1839400
1908,396,363,181442,7940,810618,1815800
1909,395,369,181047,7966,810987,1816100
1910,407,395,180640,7978,811382,1848900
1911,414,408,180226,7984,811790,2122800
1912,388,389,179838,7983,812179,2004100
1913,394,401,179444,7976,812580,2136900
1914,398,425,179046,7949,813005,2116700
1915,374,406,178672,7917,813411,2307700
1916,387,394,178285,7910,813805,1947300
1917,390,368,177895,7932,814173,1829300
1918,356,356,177539,7932,814529,1823500
1919,357,385,177182,7904,814914,1948300
1920,366,403,176816,7867,815317,1971600
1921,383,422,176433,7828,815739,2218200
1922,363,394,176070,7797,816133,1969900
1923,346,384,175724,7759,816517,2129600
1924,367,383,175357,7743,816900,2495500
1925,379,393,174978,7729,817293,1944000
1926,385,378,174593,7736,817671,2033000
1927,369,417,174224,7688,818088,2012400
1928,369,334,173855,7723,818422,2022700
1929,380,421,173475,7682,818843,1892300
1930,345,370,173130,7657,819213,2079000
1931,335,384,172795,7608,819597,2093600
1932,356,367,172439,7597,819964,2100900
1933,395,394,172044,7598,820358,1927100
1934,367,403,171677,7562,820761,2055500
1935,337,373,171340,7526,821134,2062100
1936,358,363,170982,7521,821497,1907100
1937,380,375,170602,7526,821872,1939200
1938,352,401,170250,7477,822273,1863400
1939,340,375,169910,7442,822648,1858800
1940,378,342,169532,7478,822990,1955200
1941,334,369,169198,7443,823359,2075300
1942,349,399,168849,7393,823758,1949700
1943,337,380,168512,7350,824138,1945100
1944,341,370,168171,7321,824508,1913400
1945,370,379,167801,7312,824887,1882200
1946,347,398,167454,7261,825285,2157700
1947,361,381,167093,7241,825666,2023600
1948,356,375,166737,7222,826041,2133200
1949,331,358,166406,7195,826399,2319400
1950,328,374,166078,7149,826773,2365700
1951,353,364,165725,7138,827137,2104200
1952,363,359,165362,7142,827496,2240700
1953,394,377,164968,7159,827873,2275700
1954,355,349,164613,7165,828222,2120000
1955,363,308,164250,7220,828530,2257300
1956,350,359,163900,7211,828889,2542100
1957,344,358,163556,7197,829247,2242500
1958,356,382,163200,7171,829629,2067000
1959,372,370,162828,7173,829999,2242900
1960,328,398,162500,7103,830397,2486500
1961,361,381,162139,7083,830778,2282200
1962,355,343,161784,7095,831121,2106400
1963,366,359,161418,7102,831480,2152300
1964,334,357,161084,7079,831837,2245000
1965,370,346,160714,7103,832183,2119800
1966,347,333,160367,7117,832516,2012300
1967,347,365,160020,7099,832881,1969400
1968,353,323,159667,7129,833204,2066900
1969,373,343,159294,7159,833547,1967800
1970,352,342,158942,7169,833889,2170900
1971,333,338,158609,7164,834227,2118900
1972,331,352,158278,7143,834579,2276500
1973,360,349,157918,7154,834928,2242500
1974,293,380,157625,7067,835308,2265000
1975,340,351,157285,7056,835659,2072400
1976,314,342,156971,7028,836001,2043700
1977,369,345,156602,7052,836346,2061400
1978,348,342,156254,7058,836688,1955900
1979,330,384,155924,7004,837072,1983900
1980,306,349,155618,6961,837421,1939800
1981,345,369,155273,6937,837790,1898800
1982,331,363,154942,6905,838153,1881100
1983,339,322,154603,6922,838475,1900000
1984,365,380,154238,6907,838855,1906300
1985,350,325,153888,6932,839180,1883500
1986,323,358,153565,6897,839538,1946400
1987,328,352,153237,6873,839890,1907100
1988,340,324,152897,6889,840214,2196900
1989,360,359,152537,6890,840573,1859400
1990,333,353,152204,6870,840926,1877400
1991,333,321,151871,6882,841247,1877900
1992,354,352,151517,6884,841599,2105500
1993,352,333,151165,6903,841932,1886100
1994,314,347,150851,6870,842279,1967700
1995,327,348,150524,6849,842627,1871400
1996,316,370,150208,6795,842997,1845900
1997,341,357,149867,6779,843354,2010100
1998,311,354,149556,6736,843708,1809300
1999,326,340,149230,6722,844048,1911100
2000,366,329,148864,6759,844377,1831300
2001,324,333,148540,6750,844710,2163400
2002,348,333,148192,6765,845043,1883800
2003,348,334,147844,6779,845377,1852800
2004,315,343,147529,6751,845720,1847100
2005,338,335,147191,6754,846055,1849200
2006,338,391,146853,6701,846446,1813500
2007,311,304,146542,6708,846750,1790800
2008,341,322,146201,6727,847072,1982800
2009,309,348,145892,6688,847420,1828700
2010,297,350,145595,6635,847770,1814600
2011,343,358,145252,6620,848128,1829600
2012,300,338,144952,6582,848466,1933700
2013,306,377,144646,6511,848843,1855400
2014,326,314,144320,6523,849157,2187200
2015,285,339,144035,6469,849496,2095700
2016,315,302,143720,6482,849798,1943400
2017,336,308,143384,6510,850106,1969200
2018,326,347,143058,6489,850453,1996400
2019,336,336,142722,6489,850789,2485800
2020,313,317,142409,6485,851106,2335300
2021,349,341,142060,6493,851447,2203900
2022,322,316,141738,6499,851763,2562000
2023,329,315,141409,6513,852078,2242000
2024,316,320,141093,6509,852398,2591300
2025,318,316,140775,6511,852714,2510800
2026,306,358,140469,6459,853072,2392900
2027,309,302,140160,6466,853374,2158600
2028,309,306,139851,6469,853680,2132900
2029,319,311,139532,6477,853991,2021200
2030,313,365,139219,6425,854356,2010600
2031,316,342,138903,6399,854698,2059900
2032,318,286,138585,6431,854984,2285700
2033,314,335,138271,6410,855319,2250500
2034,317,295,137954,6432,855614,2246000
2035,335,323,137619,6444,855937,1992600
2036,304,330,137315,6418,856267,1964600
2037,328,305,136987,6441,856572,2112300
2038,323,320,136664,6444,856892,1986100
2039,307,334,136357,6417,857226,2054100
2040,332,305,136025,6444,857531,2264100
2041,322,327,135703,6439,857858,2109000
2042,327,303,135376,6463,858161,2126400
2043,302,324,135074,6441,858485,1983400
2044,342,349,134732,6434,858834,1964800
2045,346,336,134386,6444,859170,2310300
2046,316,340,134070,6420,859510,2257200
2047,295,340,133775,6375,859850,2235600
2048,331,310,133444,6396,860160,2247600
2049,305,334,133139,6367,860494,1957400
2050,299,307,132840,6359,860801,1957200
2051,331,322,132509,6368,861123,1943100
2052,286,326,132223,6328,861449,1870500
2053,292,325,131931,6295,861774,2045400
2054,329,330,131602,6294,862104,1935600
2055,283,333,131319,6244,862437,2313700
2056,294,316,131025,6222,862753,2253200
2057,311,331,130714,6202,863084,2025800
2058,313,326,130401,6189,863410,1930500
2059,322,307,130079,6204,863717,1986500
2060,301,325,129778,6180,864042,1894400
2061,316,310,129462,6186,864352,1923700
2062,330,305,129132,6211,864657,1854700
2063,269,288,128863,6192,864945,2246900
2064,317,297,128546,6212,865242,2118100
2065,274,312,128272,6174,865554,2175700
2066,288,323,127984,6139,865877,2049600
2067,310,319,127674,6130,866196,2097500
2068,296,297,127378,6129,866493,1945700
2069,277,297,127101,6109,866790,1923400
2070,292,307,126809,6094,867097,2025600
2071,319,293,126490,6120,867390,1915200
2072,286,282,126204,6124,867672,2062600
2073,324,315,125880,6133,867987,2027300
2074,296,293,125584,6136,868280,1982900
2075,295,296,125289,6135,868576,1933600
2076,303,307,124986,6131,868883,1909800
2077,284,298,124702,6117,869181,2003700
2078,298,298,124404,6117,869479,2068300
2079,289,333,124115,6073,869812,2034200
2080,298,328,123817,6043,870140,2038400
2081,301,301,123516,6043,870441,1964800
2082,289,276,123227,6056,870717,1995700
2083,276,325,122951,6007,871042,1958400
2084,322,277,122629,6052,871319,1922800
2085,296,288,122333,6060,871607,2243400
2086,316,297,122017,6079,871904,1913400
2087,269,303,121748,6045,872207,1922600
2088,308,316,121440,6037,872523,1999800
2089,311,302,121129,6046,872825,1925300
2090,274,306,120855,6014,873131,1887100
2091,263,297,120592,5980,873428,1893400
2092,302,315,120290,5967,873743,1905600
2093,296,310,119994,5953,874053,1886500
2094,282,308,119712,5927,874361,1857700
2095,301,295,119411,5933,874656,1881900
2096,319,272,119092,5980,874928,2159900
2097,286,291,118806,5975,875219,2117200
2098,307,263,118499,6019,875482,1974900
2099,305,320,118194,6004,875802,2147600
2100,275,294,117919,5985,876096,1964900
2101,302,275,117617,6012,876371,2119400
2102,275,343,117342,5944,876714,2059400
2103,329,296,117013,5977,877010,1869200
2104,296,302,116717,5971,877312,2033700
2105,296,289,116421,5978,877601,1922500
2106,275,282,116146,5971,877883,1883400
2107,306,293,115840,5984,878176,1978400
2108,307,289,115533,6002,878465,2016400
2109,309,307,115224,6004,878772,1929900
2110,319,300,114905,6023,879072,2007000
2111,284,326,114621,5981,879398,1911400
2112,281,306,114340,5956,879704,1979500
2113,283,286,114057,5953,879990,1977500
2114,289,284,113768,5958,880274,1913600
2115,284,323,113484,5919,880597,2028800
2116,300,332,113184,5887,880929,1968600
2117,300,267,112884,5920,881196,1898600
2118,276,304,112608,5892,881500,1878100
2119,308,295,112300,5905,881795,1953400
2120,291,296,112009,5900,882091,1859300
2121,287,307,111722,5880,882398,1879800
2122,296,294,111426,5882,882692,1903200
2123,322,311,111104,5893,883003,1893000
2124,283,284,110821,5892,883287,1911900
2125,262,294,110559,5860,883581,1883700
2126,295,301,110264,5854,883882,1875200
2127,271,303,109993,5822,884185,1902300
2128,289,286,109704,5825,884471,1909700
2129,266,280,109438,5811,884751,1890700
2130,293,292,109145,5812,885043,1897600
2131,305,281,108840,5836,885324,2096700
2132,285,270,108555,5851,885594,1910700
2133,283,300,108272,5834,885894,1928500
2134,291,289,107981,5836,886183,1860500
2135,272,270,107709,5838,886453,2068500
2136,275,243,107434,5870,886696,2092300
2137,287,302,107147,5855,886998,1849800
2138,290,294,106857,5851,887292,1850800
2139,296,302,106561,5845,887594,1889600
2140,277,291,106284,5831,887885,2003800
2141,279,305,106005,5805,888190,2018800
2142,280,274,105725,5811,888464,1901700
2143,283,301,105442,5793,888765,1905600
2144,292,280,105150,5805,889045,1942900
2145,290,304,104860,5791,889349,1919100
2146,272,308,104588,5755,889657,1887500
2147,273,312,104315,5716,889969,1881900
2148,255,285,104060,5686,890254,2018300
2149,265,273,103795,5678,890527,1896500
2150,270,283,103525,5665,890810,1911000
2151,273,300,103252,5638,891110,1970800
2152,280,275,102972,5643,891385,1870200
2153,263,271,102709,5635,891656,1842300
2154,283,308,102426,5610,891964,1858400
2155,257,230,102169,5637,892194,1828900
2156,260,257,101909,5640,892451,1967800
2157,247,271,101662,5616,892722,1897200
2158,257,282,101405,5591,893004,1896000
2159,282,313,101123,5560,893317,1938000
2160,261,283,100862,5538,893600,1881100
2161,266,263,100596,5541,893863,1885700
2162,275,246,100321,5570,894109,1961300
2163,243,268,100078,5545,894377,1857800
2164,257,261,99821,5541,894638,1943400
2165,237,285,99584,5493,894923,2002200
2166,240,281,99344,5452,895204,2083400
2167,250,258,99094,5444,895462,2009400
2168,249,253,98845,5440,895715,2033900
2169,255,252,98590,5443,895967,2028300
2170,271,272,98319,5442,896239,1969800
2171,247,227,98072,5462,896466,1952700
2172,276,244,97796,5494,896710,2037200
2173,272,272,97524,5494,896982,2168100
2174,277,251,97247,5520,897233,1912100
2175,251,267,96996,5504,897500,2072000
2176,260,265,96736,5499,897765,1916800
2177,252,297,96484,5454,898062,1890900
2178,264,280,96220,5438,898342,2312000
2179,263,289,95957,5412,898631,1888000
2180,288,244,95669,5456,898875,1855800
2181,276,280,95393,5452,899155,1823100
2182,234,275,95159,5411,899430,1865800
2183,263,257,94896,5417,899687,1883400
2184,252,279,94644,5390,899966,1878600
2185,247,258,94397,5379,900224,1862800
2186,262,289,94135,5352,900513,1823200
2187,268,281,93867,5339,900794,1840700
2188,257,278,93610,5318,901072,1831100
2189,257,244,93353,5331,901316,1887400
2190,237,239,93116,5329,901555,1824600
2191,227,293,92889,5263,901848,2093000
2192,242,262,92647,5243,902110,1940400
2193,259,254,92388,5248,902364,2069500
2194,244,256,92144,5236,902620,2568000
2195,242,241,91902,5237,902861,2091300
2196,255,276,91647,5216,903137,1989100
2197,227,259,91420,5184,903396,1933800
2198,256,266,91164,5174,903662,1886600
2199,234,260,90930,5148,903922,2028000
2200,245,257,90685,5136,904179,2032400
2201,220,261,90465,5095,904440,2050100
2202,233,230,90232,5098,904670,1886400
2203,238,229,89994,5107,904899,1807900
2204,235,250,89759,5092,905149,2015700
2205,254,271,89505,5075,905420,1805300
2206,223,254,89282,5044,905674,1792900
2207,220,241,89062,5023,905915,1798400
2208,248,276,88814,4995,906191,1774200
2209,246,248,88568,4993,906439,1973800
2210,241,249,88327,4985,906688,1892800
2211,234,252,88093,4967,906940,1859300
2212,247,238,87846,4976,907178,2273200
2213,255,256,87591,4975,907434,1869200
2214,249,260,87342,4964,907694,2383700
2215,219,260,87123,4923,907954,1833700
2216,230,242,86893,4911,908196,1894300
2217,220,222,86673,4909,908418,1792900
2218,221,284,86452,4846,908702,1818900
2219,217,229,86235,4834,908931,1968300
2220,233,244,86002,4823,909175,2517300
2221,255,233,85747,4845,909408,2348400
2222,241,262,85506,4824,909670,2188800
2223,237,247,85269,4814,909917,1984200
2224,229,252,85040,4791,910169,1991800
2225,228,222,84812,4797,910391,2029600
2226,226,251,84586,4772,910642,2134000
2227,238,256,84348,4754,910898,1906600
2228,226,202,84122,4778,911100,1900600
2229,222,229,83900,4771,911329,1875100
2230,247,233,83653,4785,911562,1846300
2231,232,242,83421,4775,911804,1874100
2232,238,252,83183,4761,912056,1828200
2233,237,212,82946,4786,912268,1723200
2234,224,244,82722,4766,912512,1843000
2235,213,245,82509,4734,912757,2049600
2236,226,250,82283,4710,913007,1841600
2237,217,236,82066,4691,913243,1981700
2238,210,226,81856,4675,913469,1821500
2239,222,221,81634,4676,913690,1799200
2240,217,239,81417,4654,913929,1791000
2241,216,262,81201,4608,914191,1827500
2242,215,225,80986,4598,914416,1898600
2243,240,225,80746,4613,914641,1947700
2244,223,215,80523,4621,914856,1852100
2245,238,217,80285,4642,915073,1990600
2246,207,221,80078,4628,915294,1893700
2247,218,246,79860,4600,915540,1812100
2248,199,255,79661,4544,915795,1757000
2249,215,209,79446,4550,916004,1805400
2250,196,243,79250,4503,916247,1831100
2251,202,214,79048,4491,916461,2164100
2252,208,229,78840,4470,916690,1810200
2253,215,248,78625,4437,916938,1782200
2254,208,243,78417,4402,917181,1701700
2255,210,214,78207,4398,917395,1721200
2256,233,227,77974,4404,917622,1793800
2257,224,205,77750,4423,917827,1801500
2258,200,239,77550,4384,918066,1695600
2259,228,212,77322,4400,918278,1994900
2260,216,200,77106,4416,918478,1672900
2261,239,241,76867,4414,918719,1808000
2262,225,237,76642,4402,918956,1728500
2263,207,219,76435,4390,919175,1641600
2264,213,201,76222,4402,919376,1650200
2265,206,211,76016,4397,919587,1749200
2266,225,224,75791,4398,919811,1675900
2267,211,226,75580,4383,920037,1704700
2268,200,218,75380,4365,920255,1829300
2269,221,235,75159,4351,920490,1958900
2270,192,213,74967,4330,920703,1798100
2271,222,240,74745,4312,920943,1759600
2272,224,202,74521,4334,921145,1773900
2273,228,210,74293,4352,921355,1799300
2274,208,198,74085,4362,921553,1796500
2275,220,210,73865,4372,921763,1806600
2276,241,219,73624,4394,921982,1778200
2277,195,245,73429,4344,922227,2049600
2278,201,210,73228,4335,922437,1855700
2279,206,202,73022,4339,922639,1802700
2280,207,224,72815,4322,922863,1850400
2281,208,218,72607,4312,923081,1844200
2282,223,206,72384,4329,923287,1862300
2283,222,210,72162,4341,923497,1771200
2284,222,191,71940,4372,923688,1847300
2285,229,192,71711,4409,923880,1804500
2286,235,234,71476,4410,924114,1682800
2287,217,225,71259,4402,924339,1828400
2288,218,218,71041,4402,924557,1686900
2289,218,207,70823,4413,924764,1701100
2290,213,232,70610,4394,924996,1882500
2291,248,247,70362,4395,925243,1793200
2292,221,201,70141,4415,925444,1767000
2293,203,202,69938,4416,925646,1786900
2294,207,214,69731,4409,925860,1958300
2295,214,223,69517,4400,926083,1893100
2296,199,219,69318,4380,926302,1913700
2297,197,242,69121,4335,926544,1786700
2298,193,211,68928,4317,926755,1761400
2299,214,212,68714,4319,926967,1730800
2300,196,238,68518,4277,927205,1690600
2301,184,225,68334,4236,927430,1759200
2302,198,216,68136,4218,927646,1779600
2303,199,210,67937,4207,927856,1820300
2304,191,205,67746,4193,928061,1829400
2305,198,199,67548,4192,928260,2036200
2306,188,204,67360,4176,928464,1993800
2307,178,193,67182,4161,928657,1955800
2308,206,217,66976,4150,928874,1992500
2309,211,193,66765,4168,929067,1860900
2310,183,192,66582,4159,929259,1735900
2311,181,202,66401,4138,929461,1880900
2312,225,206,66176,4157,929667,1902300
2313,198,190,65978,4165,929857,1837200
2314,206,207,65772,4164,930064,1813400
2315,213,187,65559,4190,930251,1701000
2316,186,212,65373,4164,930463,1817900
2317,203,213,65170,4154,930676,1800100
2318,189,223,64981,4120,930899,1800000
2319,195,187,64786,4128,931086,1807100
2320,222,203,64564,4147,931289,1740100
2321,214,216,64350,4145,931505,1785600
2322,205,205,64145,4145,931710,1780000
2323,205,196,63940,4154,931906,1741200
2324,200,214,63740,4140,932120,1677200
2325,211,228,63529,4123,932348,1791000
2326,194,196,63335,4121,932544,1749300
2327,218,204,63117,4135,932748,2001600
2328,201,199,62916,4137,932947,1690100
2329,195,199,62721,4133,933146,1739000
2330,207,215,62514,4125,933361,1816000
2331,207,217,62307,4115,933578,2032500
2332,157,205,62150,4067,933783,1791000
2333,198,187,61952,4078,933970,1822200
2334,165,204,61787,4039,934174,1916100
2335,190,187,61597,4042,934361,1873100
2336,183,193,61414,4032,934554,2031900
2337,209,185,61205,4056,934739,1997600
2338,175,224,61030,4007,934963,1722700
2339,175,212,60855,3970,935175,1722400
2340,182,199,60673,3953,935374,2083900
2341,187,206,60486,3934,935580,1905300
2342,191,207,60295,3918,935787,1842100
2343,187,194,60108,3911,935981,1783600
2344,183,185,59925,3909,936166,1790200
2345,171,193,59754,3887,936359,1794300
2346,197,182,59557,3902,936541,1777300
2347,197,197,59360,3902,936738,1663500
2348,189,204,59171,3887,936942,1781700
2349,185,181,58986,3891,937123,1838100
2350,199,193,58787,3897,937316,2186700
2351,198,177,58589,3918,937493,1732300
2352,186,206,58403,3898,937699,1938000
2353,175,200,58228,3873,937899,1806200
2354,187,215,58041,3845,938114,1784500
2355,203,180,57838,3868,938294,1753300
2356,191,189,57647,3870,938483,1726700
2357,175,217,57472,3828,938700,1730000
2358,170,225,57302,3773,938925,1964700
2359,172,181,57130,3764,939106,1836000
2360,188,167,56942,3785,939273,1713800
2361,173,185,56769,3773,939458,1715500
2362,160,199,56609,3734,939657,1775900
2363,173,203,56436,3704,939860,1767600
2364,169,163,56267,3710,940023,1714000
2365,140,167,56127,3683,940190,1707200
2366,175,187,55952,3671,940377,1719700
2367,161,183,55791,3649,940560,1774000
2368,144,170,55647,3623,940730,1640200
2369,171,207,55476,3587,940937,1716400
2370,161,166,55315,3582,941103,1781900
2371,176,167,55139,3591,941270,1812100
2372,162,156,54977,3597,941426,1769900
2373,169,165,54808,3601,941591,1761200
2374,182,173,54626,3610,941764,1760400
2375,148,175,54478,3583,941939,2195500
2376,162,163,54316,3582,942102,1751400
2377,148,196,54168,3534,942298,1891800
2378,163,205,54005,3492,942503,1768300
2379,167,158,53838,3501,942661,1691300
2380,161,180,53677,3482,942841,1667000
2381,174,151,53503,3505,942992,1720000
2382,172,186,53331,3491,943178,1770000
2383,160,159,53171,3492,943337,1963800
2384,161,177,53010,3476,943514,2004700
2385,162,175,52848,3463,943689,1894000
2386,162,171,52686,3454,943860,1739600
2387,165,192,52521,3427,944052,1714700
2388,158,194,52363,3391,944246,1754600
2389,154,173,52209,3372,944419,1725200
2390,187,181,52022,3378,944600,1707100
2391,152,156,51870,3374,944756,1835900
2392,149,165,51721,3358,944921,1791100
2393,192,157,51529,3393,945078,1943700
2394,168,168,51361,3393,945246,1747600
2395,148,162,51213,3379,945408,1665800
2396,145,176,51068,3348,945584,1965200
2397,154,193,50914,3309,945777,1752200
2398,127,168,50787,3268,945945,1762300
2399,144,145,50643,3267,946090,1925700
2400,147,162,50496,3252,946252,1619000
2401,145,151,50351,3246,946403,1656700
2402,147,157,50204,3236,946560,1690700
2403,150,150,50054,3236,946710,1641800
2404,162,169,49892,3229,946879,1643200
2405,148,178,49744,3199,947057,1743900
2406,132,145,49612,3186,947202,1669000
2407,153,153,49459,3186,947355,1648900
2408,134,159,49325,3161,947514,1750200
2409,146,152,49179,3155,947666,1666200
2410,141,156,49038,3140,947822,1668900
2411,145,155,48893,3130,947977,1653000
2412,144,161,48749,3113,948138,1663400
2413,157,145,48592,3125,948283,1629000
2414,144,160,48448,3109,948443,1778800
2415,171,152,48277,3128,948595,1699800
2416,151,160,48126,3119,948755,1762800
2417,150,133,47976,3136,948888,1674700
2418,132,148,47844,3120,949036,1722500
2419,168,158,47676,3130,949194,1652500
2420,140,146,47536,3124,949340,1644900
2421,146,155,47390,3115,949495,1713800
2422,161,186,47229,3090,949681,1860900
2423,157,154,47072,3093,949835,1809200
2424,160,176,46912,3077,950011,1639100
2425,157,151,46755,3083,950162,1758000
2426,139,157,46616,3065,950319,1641800
2427,144,143,46472,3066,950462,1622400
2428,129,156,46343,3039,950618,1752700
2429,142,151,46201,3030,950769,1920300
2430,149,149,46052,3030,950918,1646300
2431,135,149,45917,3016,951067,1670200
2432,115,171,45802,2960,951238,1789100
2433,122,132,45680,2950,951370,1816100
2434,108,159,45572,2899,951529,1659600
2435,118,149,45454,2868,951678,1671300
2436,141,138,45313,2871,951816,1730000
2437,130,124,45183,2877,951940,1634600
2438,121,139,45062,2859,952079,1642300
2439,129,132,44933,2856,952211,1746500
2440,119,147,44814,2828,952358,1642800
2441,111,149,44703,2790,952507,1672200
2442,114,126,44589,2778,952633,1635600
2443,123,146,44466,2755,952779,1657000
2444,123,123,44343,2755,952902,1625900
2445,128,126,44215,2757,953028,1713900
2446,125,134,44090,2748,953162,1637500
2447,132,135,43958,2745,953297,1627000
2448,137,144,43821,2738,953441,1742700
2449,119,112,43702,2745,953553,1620400
2450,118,129,43584,2734,953682,1751600
2451,110,119,43474,2725,953801,1876600
2452,109,134,43365,2700,953935,1791000
2453,125,131,43240,2694,954066,1677500
2454,124,132,43116,2686,954198,1643000
2455,114,137,43002,2663,954335,1654700
2456,118,140,42884,2641,954475,1658100
2457,124,144,42760,2621,954619,1836700
2458,126,140,42634,2607,954759,1641800
2459,102,129,42532,2580,954888,1735500
2460,113,117,42419,2576,955005,1715500
2461,123,126,42296,2573,955131,1831800
2462,120,119,42176,2574,955250,1772000
2463,113,131,42063,2556,955381,1707500
2464,116,123,41947,2549,955504,1700800
2465,134,106,41813,2577,955610,1951600
2466,123,129,41690,2571,955739,1698300
2467,128,122,41562,2577,955861,1976000
2468,135,120,41427,2592,955981,1767000
2469,134,146,41293,2580,956127,1836800
2470,130,126,41163,2584,956253,1741900
2471,106,127,41057,2563,956380,1734700
2472,126,143,40931,2546,956523,1764900
2473,120,125,40811,2541,956648,1753500
2474,138,121,40673,2558,956769,1688200
2475,118,118,40555,2558,956887,1704100
2476,127,137,40428,2548,957024,1758100
2477,130,131,40298,2547,957155,1760100
2478,132,128,40166,2551,957283,1702900
2479,132,141,40034,2542,957424,1695800
2480,137,109,39897,2570,957533,1842000
2481,114,128,39783,2556,957661,1727100
2482,126,122,39657,2560,957783,1680000
2483,125,130,39532,2555,957913,1677000
2484,114,122,39418,2547,958035,1742500
2485,114,135,39304,2526,958170,1680200
2486,117,133,39187,2510,958303,1688200
2487,116,124,39071,2502,958427,1681900
2488,119,143,38952,2478,958570,1685600
2489,118,111,38834,2485,958681,1644800
2490,117,128,38717,2474,958809,1751200
2491,94,133,38623,2435,958942,1691800
2492,108,117,38515,2426,959059,1637600
2493,125,114,38390,2437,959173,1622800
2494,116,114,38274,2439,959287,1680700
2495,91,109,38183,2421,959396,1851500
2496,102,112,38081,2411,959508,1769800
2497,106,112,37975,2405,959620,1641700
2498,102,131,37873,2376,959751,1652500
2499,98,115,37775,2359,959866,1639700
2500,102,120,37673,2341,959986,1741600
2501,112,127,37561,2326,960113,1670000
2502,110,130,37451,2306,960243,1633800
2503,114,118,37337,2302,960361,1647300
2504,97,118,37240,2281,960479,1685800
2505,96,117,37144,2260,960596,1904600
2506,94,110,37050,2244,960706,1604500
2507,98,85,36952,2257,960791,1766100
2508,102,108,36850,2251,960899,1664800
2509,100,121,36750,2230,961020,1758200
2510,91,124,36659,2197,961144,1744000
2511,109,110,36550,2196,961254,1712900
2512,102,122,36448,2176,961376,1649400
2513,87,96,36361,2167,961472,1641600
2514,95,99,36266,2163,961571,1743800
2515,109,101,36157,2171,961672,1634200
2516,96,104,36061,2163,961776,1635900
2517,110,108,35951,2165,961884,1741300
2518,111,123,35840,2153,962007,1667500
2519,121,115,35719,2159,962122,1633200
2520,97,117,35622,2139,962239,1742800
2521,99,112,35523,2126,962351,1673100
2522,118,102,35405,2142,962453,1633500
2523,113,111,35292,2144,962564,1750900
2524,105,107,35187,2142,962671,1642600
2525,105,91,35082,2156,962762,1614100
2526,106,114,34976,2148,962876,1744600
2527,106,95,34870,2159,962971,1702800
2528,101,122,34769,2138,963093,2041100
2529,105,118,34664,2125,963211,1654900
2530,106,111,34558,2120,963322,1667300
2531,119,99,34439,2140,963421,1727200
2532,84,116,34355,2108,963537,1657500
2533,97,121,34258,2084,963658,1710200
2534,115,88,34143,2111,963746,1733200
2535,106,94,34037,2123,963840,1816600
2536,100,102,33937,2121,963942,1637700
2537,97,103,33840,2115,964045,1625200
2538,85,100,33755,2100,964145,1638100
2539,111,114,33644,2097,964259,1646900
2540,114,99,33530,2112,964358,1621100
2541,92,125,33438,2079,964483,1676400
2542,91,110,33347,2060,964593,1644700
2543,102,112,33245,2050,964705,1735200
2544,117,111,33128,2056,964816,1703200
2545,104,100,33024,2060,964916,1701700
2546,95,106,32929,2049,965022,1924700
2547,108,116,32821,2041,965138,1773100
2548,95,94,32726,2042,965232,1774500
2549,96,112,32630,2026,965344,1644800
2550,82,87,32548,2021,965431,1846600
2551,99,129,32449,1991,965560,1673500
2552,87,95,32362,1983,965655,1712000
2553,122,102,32240,2003,965757,1636100
2554,109,88,32131,2024,965845,1615800
2555,128,99,32003,2053,965944,1720300
2556,115,99,31888,2069,966043,1681800
2557,103,109,31785,2063,966152,1615100
2558,92,114,31693,2041,966266,1719400
2559,108,96,31585,2053,966362,1608200
2560,102,91,31483,2064,966453,1642500
2561,113,118,31370,2059,966571,1711800
2562,96,97,31274,2058,966668,1618800
2563,108,116,31166,2050,966784,1634400
2564,106,111,31060,2045,966895,1689600
2565,102,94,30958,2053,966989,1650500
2566,110,96,30848,2067,967085,1630600
2567,109,103,30739,2073,967188,1674700
2568,133,86,30606,2120,967274,1652400
2569,112,78,30494,2154,967352,1928100
2570,118,106,30376,2166,967458,1969500
2571,119,92,30257,2193,967550,1958300
2572,111,120,30146,2184,967670,2137300
2573,101,118,30045,2167,967788,2047500
2574,99,101,29946,2165,967889,1914500
2575,97,100,29849,2162,967989,1818400
2576,100,114,29749,2148,968103,1845600
2577,86,111,29663,2123,968214,1789800
2578,95,106,29568,2112,968320,1847300
2579,103,96,29465,2119,968416,1725800
2580,83,112,29382,2090,968528,1799600
2581,89,101,29293,2078,968629,1771800
2582,70,100,29223,2048,968729,1719000
2583,101,88,29122,2061,968817,1736400
2584,101,107,29021,2055,968924,1832600
2585,104,98,28917,2061,969022,1773000
2586,87,95,28830,2053,969117,1745000
2587,87,102,28743,2038,969219,1670500
2588,85,104,28658,2019,969323,1592100
2589,85,99,28573,2005,969422,2117600
2590,90,103,28483,1992,969525,1739500
2591,85,96,28398,1981,969621,1729300
2592,92,96,28306,1977,969717,1720900
2593,88,100,28218,1965,969817,2003900
2594,91,106,28127,1950,969923,1795700
2595,87,102,28040,1935,970025,1722000
2596,83,91,27957,1927,970116,1733500
2597,93,112,27864,1908,970228,1678800
2598,90,91,27774,1907,970319,1664600
2599,66,98,27708,1875,970417,1777200
2600,78,85,27630,1868,970502,1742600
2601,88,101,27542,1855,970603,1739200
2602,89,89,27453,1855,970692,1727600
2603,71,80,27382,1846,970772,1826300
2604,89,101,27293,1834,970873,2232600
2605,95,102,27198,1827,970975,1825900
2606,81,82,27117,1826,971057,1873700
2607,77,96,27040,1807,971153,2046600
2608,75,80,26965,1802,971233,1694800
2609,73,87,26892,1788,971320,1648000
2610,77,88,26815,1777,971408,1637500
2611,74,79,26741,1772,971487,2026200
2612,78,79,26663,1771,971566,1864300
2613,75,88,26588,1758,971654,1639200
2614,73,81,26515,1750,971735,1640000
2615,71,89,26444,1732,971824,1735400
2616,83,92,26361,1723,971916,1626200
2617,76,95,26285,1704,972011,1618800
2618,71,83,26214,1692,972094,1726600
2619,90,74,26124,1708,972168,1631800
2620,81,80,26043,1709,972248,1617100
2621,66,97,25977,1678,972345,1901700
2622,83,101,25894,1660,972446,1632800
2623,87,92,25807,1655,972538,1663600
2624,91,91,25716,1655,972629,1680600
2625,70,89,25646,1636,972718,1700000
2626,69,78,25577,1627,972796,1633300
2627,86,73,25491,1640,972869,1721100
2628,77,74,25414,1643,972943,1810400
2629,68,70,25346,1641,973013,1750900
2630,67,93,25279,1615,973106,1782500
2631,79,76,25200,1618,973182,1725300
2632,81,71,25119,1628,973253,1767700
2633,75,74,25044,1629,973327,1755700
2634,67,96,24977,1600,973423,1657800
2635,63,82,24914,1581,973505,1634100
2636,76,82,24838,1575,973587,1708700
2637,67,88,24771,1554,973675,1583300
2638,66,84,24705,1536,973759,1622000
2639,62,71,24643,1527,973830,1738700
2640,65,73,24578,1519,973903,1820000
2641,75,86,24503,1508,973989,1656000
2642,82,66,24421,1524,974055,1634700
2643,68,77,24353,1515,974132,1676900
2644,78,81,24275,1512,974213,1623300
2645,79,63,24196,1528,974276,1622400
2646,64,78,24132,1514,974354,1760700
2647,74,93,24058,1495,974447,1627400
2648,82,65,23976,1512,974512,1611600
2649,68,74,23908,1506,974586,1697500
2650,80,66,23828,1520,974652,1666700
2651,75,72,23753,1523,974724,1786500
2652,65,72,23688,1516,974796,1749200
2653,64,86,23624,1494,974882,1777900
2654,71,70,23553,1495,974952,1997500
2655,62,74,23491,1483,975026,1980000
2656,77,78,23414,1482,975104,1869000
2657,63,67,23351,1478,975171,1787200
2658,77,73,23274,1482,975244,1970900
2659,82,72,23192,1492,975316,2034700
2660,69,76,23123,1485,975392,1797800
2661,64,88,23059,1461,975480,1668500
2662,76,77,22983,1460,975557,1718100
2663,76,71,22907,1465,975628,1679200
2664,69,69,22838,1465,975697,1637300
2665,73,70,22765,1468,975767,1698200
2666,79,76,22686,1471,975843,1598500
2667,80,84,22606,1467,975927,2233300
2668,69,74,22537,1462,976001,1709700
2669,66,55,22471,1473,976056,1757400
2670,66,86,22405,1453,976142,1627200
2671,65,73,22340,1445,976215,1703700
2672,74,77,22266,1442,976292,1727500
2673,69,56,22197,1455,976348,1723400
2674,67,64,22130,1458,976412,1629400
2675,79,74,22051,1463,976486,1659300
2676,72,77,21979,1458,976563,1786300
2677,67,83,21912,1442,976646,1846000
2678,73,68,21839,1447,976714,1652100
2679,70,88,21769,1429,976802,1640000
2680,64,82,21705,1411,976884,1708600
2681,55,100,21650,1366,976984,1657600
2682,73,81,21577,1358,977065,1776900
2683,64,79,21513,1343,977144,1846000
2684,58,65,21455,1336,977209,1971000
2685,62,82,21393,1316,977291,1795400
2686,59,67,21334,1308,977358,1755100
2687,52,58,21282,1302,977416,1718000
2688,67,66,21215,1303,977482,1659900
2689,65,56,21150,1312,977538,1679900
2690,52,54,21098,1310,977592,1848800
2691,75,68,21023,1317,977660,1658300
2692,70,72,20953,1315,977732,1760700
2693,61,74,20892,1302,977806,1688800
2694,57,54,20835,1305,977860,1647900
2695,55,79,20780,1281,977939,1614900
2696,64,72,20716,1273,978011,1642200
2697,73,70,20643,1276,978081,1859200
2698,72,67,20571,1281,978148,1649600
2699,67,56,20504,1292,978204,1792500
2700,68,53,20436,1307,978257,1648300
2701,60,45,20376,1322,978302,1649100
2702,79,63,20297,1338,978365,1751500
2703,67,66,20230,1339,978431,1827000
2704,69,79,20161,1329,978510,1746300
2705,66,82,20095,1313,978592,1660300
2706,62,76,20033,1299,978668,1725600
2707,51,61,19982,1289,978729,1646600
2708,65,64,19917,1290,978793,1628200
2709,56,68,19861,1278,978861,1769600
2710,62,66,19799,1274,978927,1857400
2711,54,52,19745,1276,978979,1645400
2712,58,79,19687,1255,979058,1577500
2713,66,57,19621,1264,979115,1629600
2714,43,58,19578,1249,979173,1621600
2715,53,61,19525,1241,979234,1618700
2716,53,63,19472,1231,979297,1659200
2717,44,67,19428,1208,979364,1620100
2718,45,62,19383,1191,979426,1623100
2719,45,67,19338,1169,979493,1638900
2720,45,59,19293,1155,979552,1629400
2721,51,51,19242,1155,979603,1681700
2722,55,54,19187,1156,979657,1864400
2723,53,56,19134,1153,979713,1633200
2724,51,60,19083,1144,979773,1619300
2725,45,65,19038,1124,979838,1636700
2726,43,58,18995,1109,979896,1619600
2727,50,55,18945,1104,979951,1739000
2728,56,49,18889,1111,980000,1673700
2729,54,61,18835,1104,980061,1639200
2730,53,45,18782,1112,980106,1955600
2731,40,48,18742,1104,980154,1776500
2732,46,54,18696,1096,980208,2029100
2733,50,60,18646,1086,980268,1811100
2734,38,51,18608,1073,980319,1953500
2735,45,52,18563,1066,980371,1646100
2736,42,48,18521,1060,980419,1769700
2737,35,65,18486,1030,980484,1785600
2738,39,54,18447,1015,980538,2053900
2739,39,52,18408,1002,980590,1764700
2740,43,50,18365,995,980640,1665900
2741,48,41,18317,1002,980681,1672100
2742,50,50,18267,1002,980731,1652700
2743,30,50,18237,982,980781,1684100
2744,46,55,18191,973,980836,1686700
2745,43,54,18148,962,980890,1701500
2746,38,51,18110,949,980941,1865200
2747,31,42,18079,938,980983,1775600
2748,30,49,18049,919,981032,1803900
2749,39,45,18010,913,981077,1650000
2750,34,32,17976,915,981109,1775800
2751,33,46,17943,902,981155,1808600
2752,29,49,17914,882,981204,1881400
2753,29,30,17885,881,981234,1663500
2754,27,50,17858,858,981284,1674200
2755,32,32,17826,858,981316,1956900
2756,19,44,17807,833,981360,1663700
2757,25,41,17782,817,981401,1677100
2758,23,40,17759,800,981441,1685500
2759,25,45,17734,780,981486,1837900
2760,27,41,17707,766,981527,1872500
2761,29,43,17678,752,981570,1790200
2762,32,37,17646,747,981607,1705900
2763,19,26,17627,740,981633,1719800
2764,26,40,17601,726,981673,1746800
2765,34,36,17567,724,981709,1748000
2766,32,30,17535,726,981739,1683800
2767,39,40,17496,725,981779,1724900
2768,28,43,17468,710,981822,1737700
2769,29,34,17439,705,981856,1704600
2770,30,30,17409,705,981886,1704700
2771,27,34,17382,698,981920,1708100
2772,28,40,17354,686,981960,1717700
2773,26,25,17328,687,981985,1887300
2774,22,45,17306,664,982030,1810300
2775,20,37,17286,647,982067,1936100
2776,25,27,17261,645,982094,1772900
2777,27,30,17234,642,982124,1894800
2778,34,38,17200,638,982162,1965600
2779,27,34,17173,631,982196,1705200
2780,21,26,17152,626,982222,1742500
2781,25,23,17127,628,982245,1692400
2782,21,26,17106,623,982271,1756100
2783,26,35,17080,614,982306,1721300
2784,26,28,17054,612,982334,1692700
2785,23,43,17031,592,982377,1935000
2786,32,27,16999,597,982404,1715200
2787,32,29,16967,600,982433,1677200
2788,28,33,16939,595,982466,1694500
2789,25,29,16914,591,982495,1736600
2790,21,20,16893,592,982515,1822100
2791,25,30,16868,587,982545,1842000
2792,30,32,16838,585,982577,1720500
2793,18,27,16820,576,982604,1684000
2794,20,32,16800,564,982636,1767000
2795,21,24,16779,561,982660,1693700
2796,26,29,16753,558,982689,1701100
2797,23,26,16730,555,982715,1690400
2798,27,21,16703,561,982736,1782600
2799,21,31,16682,551,982767,1745500
2800,24,20,16658,555,982787,1729700
2801,23,23,16635,555,982810,2032600
2802,26,29,16609,552,982839,1720900
2803,18,27,16591,543,982866,2058200
2804,24,29,16567,538,982895,1947900
2805,24,27,16543,535,982922,1823400
2806,26,33,16517,528,982955,1979600
2807,21,19,16496,530,982974,1976000
2808,27,21,16469,536,982995,1821900
2809,21,21,16448,536,983016,2358200
2810,29,28,16419,537,983044,1855100
2811,20,21,16399,536,983065,1819300
2812,24,20,16375,540,983085,1765200
2813,30,22,16345,548,983107,1912700
2814,18,30,16327,536,983137,1904200
2815,30,33,16297,533,983170,1888200
2816,23,23,16274,533,983193,1825300
2817,25,22,16249,536,983215,1724100
2818,22,23,16227,535,983238,1793500
2819,26,23,16201,538,983261,1723000
2820,19,19,16182,538,983280,1685000
2821,21,30,16161,529,983310,1711100
2822,23,20,16138,532,983330,1701700
2823,21,34,16117,519,983364,1702500
2824,25,19,16092,525,983383,1702700
2825,26,30,16066,521,983413,1721700
2826,20,24,16046,517,983437,1722700
2827,19,35,16027,501,983472,1728400
2828,24,30,16003,495,983502,1707100
2829,27,16,15976,506,983518,1727800
2830,16,29,15960,493,983547,1734800
2831,22,26,15938,489,983573,1717200
2832,25,21,15913,493,983594,1724100
2833,13,36,15900,470,983630,1716400
2834,16,27,15884,459,983657,1693400
2835,12,16,15872,455,983673,1721200
2836,24,34,15848,445,983707,1686700
2837,14,21,15834,438,983728,1695000
2838,9,17,15825,430,983745,1660700
2839,16,18,15809,428,983763,1694300
2840,14,19,15795,423,983782,1729100
2841,15,20,15780,418,983802,1766600
2842,17,15,15763,420,983817,1740900
2843,15,17,15748,418,983834,1713600
2844,16,22,15732,412,983856,1719800
2845,20,20,15712,412,983876,1714800
2846,15,19,15697,408,983895,1919100
2847,10,25,15687,393,983920,2002400
2848,12,21,15675,384,983941,2065400
2849,13,12,15662,385,983953,1875000
2850,14,21,15648,378,983974,1793300
2851,10,21,15638,367,983995,1702400
2852,11,19,15627,359,984014,1651000
2853,17,16,15610,360,984030,1698000
2854,11,22,15599,349,984052,1682800
2855,10,18,15589,341,984070,1699300
2856,8,15,15581,334,984085,1720600
2857,10,13,15571,331,984098,1674000
2858,4,19,15567,316,984117,1688400
2859,6,8,15561,314,984125,1646500
2860,10,18,15551,306,984143,1594000
2861,7,24,15544,289,984167,1702800
2862,13,13,15531,289,984180,1686100
2863,13,15,15518,287,984195,1669400
2864,8,13,15510,282,984208,1685600
2865,6,14,15504,274,984222,1675000
2866,7,15,15497,266,984237,1673300
2867,2,5,15495,263,984242,1688800
2868,7,15,15488,255,984257,1649600
2869,11,8,15477,258,984265,1689000
2870,8,9,15469,257,984274,1661800
2871,11,9,15458,259,984283,1742900
2872,7,10,15451,256,984293,1654900
2873,13,9,15438,260,984302,1599100
2874,9,16,15429,253,984318,2123800
2875,6,17,15423,242,984335,1712700
2876,7,16,15416,233,984351,1688000
2877,18,12,15398,239,984363,1713800
2878,6,15,15392,230,984378,1730400
2879,11,11,15381,230,984389,1743600
2880,6,10,15375,226,984399,1732400
2881,8,6,15367,228,984405,1703100
2882,15,13,15352,230,984418,1938900
2883,7,18,15345,219,984436,1676500
2884,7,7,15338,219,984443,1688200
2885,9,13,15329,215,984456,1673200
2886,6,15,15323,206,984471,1650000
2887,5,15,15318,196,984486,1692500
2888,5,14,15313,187,984500,1627500
2889,2,16,15311,173,984516,1629100
2890,4,7,15307,170,984523,1676700
2891,4,6,15303,168,984529,1699600
2892,3,12,15300,159,984541,1663400
2893,4,7,15296,156,984548,1768900
2894,6,5,15290,157,984553,1996500
2895,6,6,15284,157,984559,1674400
2896,4,6,15280,155,984565,1659700
2897,6,6,15274,155,984571,1702300
2898,3,8,15271,150,984579,1899800
2899,5,4,15266,151,984583,2083400
2900,1,6,15265,146,984589,1810000
2901,4,8,15261,142,984597,1924500
2902,3,5,15258,140,984602,1842400
2903,3,7,15255,136,984609,1660400
2904,1,9,15254,128,984618,1744900
2905,1,6,15253,123,984624,1789400
2906,2,10,15251,115,984634,1703100
2907,1,2,15250,114,984636,1719700
2908,3,7,15247,110,984643,1791300
2909,6,5,15241,111,984648,1693800
2910,6,7,15235,110,984655,1675100
2911,3,2,15232,111,984657,1643700
2912,3,4,15229,110,984661,1740700
2913,3,7,15226,106,984668,1823600
2914,2,5,15224,103,984673,1749200
2915,4,3,15220,104,984676,1698800
2916,2,8,15218,98,984684,1699000
2917,1,2,15217,97,984686,1867500
2918,1,5,15216,93,984691,1683400
2919,2,5,15214,90,984696,1729200
2920,1,3,15213,88,984699,1712900
2921,1,4,15212,85,984703,1665100
2922,1,5,15211,81,984708,1657600
2923,3,7,15208,77,984715,1691700
2924,1,5,15207,73,984720,1735900
2925,2,2,15205,73,984722,1668900
2926,0,5,15205,68,984727,2007700
2927,0,4,15205,64,984731,1773600
2928,1,3,15204,62,984734,1897700
2929,1,3,15203,60,984737,1646900
2930,2,1,15201,61,984738,1753000
2931,0,6,15201,55,984744,1707000
2932,0,4,15201,51,984748,1768500
2933,0,2,15201,49,984750,1987800
2934,0,7,15201,42,984757,1668200
2935,1,2,15200,41,984759,1679600
2936,0,1,15200,40,984760,1812600
2937,0,0,15200,40,984760,1653900
2938,0,3,15200,37,984763,1938100
2939,0,1,15200,36,984764,1758300
2940,0,2,15200,34,984766,1789200
2941,0,4,15200,30,984770,1789200
2942,0,2,15200,28,984772,1794000
2943,0,2,15200,26,984774,1759500
2944,0,1,15200,25,984775,1712500
2945,0,0,15200,25,984775,1633500
2946,0,4,15200,21,984779,1652300
2947,0,2,15200,19,984781,1732500
2948,1,0,15199,20,984781,1706800
2949,0,0,15199,20,984781,1636800
2950,0,0,15199,20,984781,1773800
2951,0,1,15199,19,984782,1708300
2952,0,2,15199,17,984784,1749800
2953,0,0,15199,17,984784,1655400
2954,0,1,15199,16,984785,1736400
2955,0,2,15199,14,984787,1732300
2956,0,0,15199,14,984787,1666600
2957,0,2,15199,12,984789,1746100
2958,0,0,15199,12,984789,1725900
2959,0,0,15199,12,984789,1676000
2960,0,0,15199,12,984789,1731300
2961,0,0,15199,12,984789,1730100
2962,0,0,15199,12,984789,1704500
2963,0,1,15199,11,984790,1692800
2964,0,1,15199,10,984791,1696900
2965,0,3,15199,7,984794,1865500
2966,0,0,15199,7,984794,1625800
2967,0,0,15199,7,984794,1758500
2968,0,1,15199,6,984795,1716600
2969,0,1,15199,5,984796,1714600
2970,0,0,15199,5,984796,1782200
2971,0,0,15199,5,984796,1725100
2972,0,0,15199,5,984796,1726200
2973,0,2,15199,3,984798,1749500
2974,0,0,15199,3,984798,1743200
2975,0,0,15199,3,984798,2038200
2976,0,0,15199,3,984798,1708200
2977,0,0,15199,3,984798,1638500
2978,0,0,15199,3,984798,1822900
2979,0,0,15199,3,984798,1662500
2980,0,1,15199,2,984799,1615200
2981,0,1,15199,1,984800,1631400
2982,0,0,15199,1,984800,1630500
2983,0,0,15199,1,984800,1744000
2984,0,0,15199,1,984800,1632700
2985,0,0,15199,1,984800,1917300
2986,0,0,15199,1,984800,2005500
2987,0,0,15199,1,984800,1745800
2988,0,1,15199,0,984801,1718100
