Tick,NewlyInfected,NewlyRecovered,TotalSusceptible,TotalInfected,TotalRecovered,StepTimeNanos
0,3,0,999992,8,0,2506500
1,6,0,999986,14,0,2005500
2,4,0,999982,18,0,1914600
3,5,2,999977,21,2,1783900
4,4,0,999973,25,2,1671700
5,5,1,999968,29,3,1641000
6,4,2,999964,31,5,1723800
7,7,2,999957,36,7,1708900
8,6,1,999951,41,8,1724300
9,10,0,999941,51,8,1693700
10,7,4,999934,54,12,1693800
11,11,2,999923,63,14,1673200
12,3,3,999920,63,17,1667500
13,7,3,999913,67,20,1611700
14,6,4,999907,69,24,1609600
15,7,2,999900,74,26,1997100
16,15,8,999885,81,34,1744300
17,12,3,999873,90,37,1677700
18,8,4,999865,94,41,1766000
19,10,7,999855,97,48,1755500
20,9,6,999846,100,54,1750800
21,15,9,999831,106,63,1739300
22,11,3,999820,114,66,1713900
23,10,4,999810,120,70,1712600
24,10,5,999800,125,75,1711300
25,7,8,999793,124,83,1707200
26,14,9,999779,129,92,1682700
27,14,9,999765,134,101,1617900
28,15,6,999750,143,107,1656800
29,16,7,999734,152,114,1621600
30,11,6,999723,157,120,1736000
31,13,3,999710,167,123,1737400
32,16,7,999694,176,130,1915700
33,24,5,999670,195,135,1722300
34,18,8,999652,205,143,1717300
35,17,9,999635,213,152,1713600
36,20,12,999615,221,164,1791700
37,16,7,999599,230,171,1838600
38,17,15,999582,232,186,1725500
39,21,12,999561,241,198,1682400
40,18,10,999543,249,208,1640200
41,22,8,999521,263,216,1604100
42,24,16,999497,271,232,1616100
43,16,12,999481,275,244,1969000
44,16,20,999465,271,264,1831200
45,17,11,999448,277,275,1713200
46,12,17,999436,272,292,1724600
47,23,22,999413,273,314,1633900
48,22,15,999391,280,329,1646900
49,26,15,999365,291,344,1699500
50,19,12,999346,298,356,1661500
51,25,12,999321,311,368,1625300
52,29,13,999292,327,381,1610400
53,28,11,999264,344,392,1722400
54,32,13,999232,363,405,1724500
55,30,24,999202,369,429,1711000
56,29,12,999173,386,441,1714600
57,43,20,999130,409,461,1678300
58,35,18,999095,426,479,2003400
59,43,27,999052,442,506,1789700
60,25,20,999027,447,526,1970100
61,32,23,998995,456,549,1733400
62,38,25,998957,469,574,1736100
63,33,15,998924,487,589,1754200
64,38,27,998886,498,616,1728100
65,38,31,998848,505,647,1696000
66,51,25,998797,531,672,1654100
67,37,29,998760,539,701,1656200
68,36,28,998724,547,729,1623200
69,40,29,998684,558,758,1727600
70,41,26,998643,573,784,1749400
71,52,28,998591,597,812,1721900
72,48,22,998543,623,834,1742600
73,43,20,998500,646,854,1730600
74,48,35,998452,659,889,1821200
75,50,40,998402,669,929,1673600
76,45,34,998357,680,963,1654600
77,46,31,998311,695,994,1632300
78,56,40,998255,711,1034,1631400
79,52,39,998203,724,1073,1624300
80,45,49,998158,720,1122,1731900
81,58,34,998100,744,1156,1740800
82,53,50,998047,747,1206,1725900
83,49,36,997998,760,1242,1703200
84,48,29,997950,779,1271,1631800
85,61,46,997889,794,1317,1664400
86,53,41,997836,806,1358,1630600
87,66,41,997770,831,1399,1960700
88,58,34,997712,855,1433,1837400
89,53,48,997659,860,1481,2092900
90,62,41,997597,881,1522,1724300
91,62,49,997535,894,1571,1630500
92,58,36,997477,916,1607,1630900
93,54,43,997423,927,1650,1624600
94,83,45,997340,965,1695,1746100
95,71,51,997269,985,1746,1726800
96,68,41,997201,1012,1787,1837800
97,57,53,997144,1016,1840,1711100
98,65,40,997079,1041,1880,1655700
99,50,50,997029,1041,1930,1705100
100,68,56,996961,1053,1986,1667700
101,61,59,996900,1055,2045,1755700
102,73,61,996827,1067,2106,1669200
103,89,48,996738,1108,2154,1693800
104,81,61,996657,1128,2215,1756100
105,76,58,996581,1146,2273,1825800
106,82,66,996499,1162,2339,1691700
107,88,51,996411,1199,2390,1725000
108,75,56,996336,1218,2446,1702100
109,84,52,996252,1250,2498,1925900
110,78,72,996174,1256,2570,1940900
111,86,59,996088,1283,2629,1757100
112,88,69,996000,1302,2698,1874900
113,85,70,995915,1317,2768,1754200
114,70,69,995845,1318,2837,1735000
115,84,55,995761,1347,2892,1790300
116,78,54,995683,1371,2946,1701600
117,87,57,995596,1401,3003,1731400
118,100,64,995496,1437,3067,1713000
119,84,74,995412,1447,3141,1727500
120,84,58,995328,1473,3199,1714300
121,74,70,995254,1477,3269,1816400
122,80,70,995174,1487,3339,1754100
123,81,76,995093,1492,3415,2173300
124,102,82,994991,1512,3497,1963300
125,86,80,994905,1518,3577,1938100
126,105,69,994800,1554,3646,1906800
127,119,62,994681,1611,3708,1764700
128,102,85,994579,1628,3793,1698900
129,98,87,994481,1639,3880,1994400
130,97,75,994384,1661,3955,2036400
131,108,75,994276,1694,4030,1723200
132,112,92,994164,1714,4122,1829800
133,118,73,994046,1759,4195,1765000
134,99,88,993947,1770,4283,1799300
135,104,83,993843,1791,4366,1784000
136,100,86,993743,1805,4452,1836200
137,97,77,993646,1825,4529,1847200
138,116,93,993530,1848,4622,1738800
139,86,98,993444,1836,4720,1709800
140,102,103,993342,1835,4823,1769100
141,118,79,993224,1874,4902,1874600
142,86,102,993138,1858,5004,1966300
143,96,89,993042,1865,5093,1911200
144,90,80,992952,1875,5173,1692200
145,114,104,992838,1885,5277,1698200
146,107,99,992731,1893,5376,1723300
147,103,85,992628,1911,5461,1695200
148,110,97,992518,1924,5558,1734900
149,114,92,992404,1946,5650,1703800
150,116,113,992288,1949,5763,1654400
151,111,77,992177,1983,5840,1654900
152,86,114,992091,1955,5954,1953200
153,100,87,991991,1968,6041,1754100
154,112,105,991879,1975,6146,1941500
155,117,108,991762,1984,6254,1845800
156,100,83,991662,2001,6337,1747300
157,120,98,991542,2023,6435,1740300
158,102,104,991440,2021,6539,1692900
159,122,96,991318,2047,6635,1663300
160,100,100,991218,2047,6735,1685300
161,117,98,991101,2066,6833,1679400
162,108,104,990993,2070,6937,1740900
163,107,96,990886,2081,7033,1748800
164,112,114,990774,2079,7147,1757500
165,124,124,990650,2079,7271,1708700
166,131,118,990519,2092,7389,1906800
167,113,103,990406,2102,7492,1701400
168,127,101,990279,2128,7593,1705900
169,133,97,990146,2164,7690,1633100
170,129,113,990017,2180,7803,1691200
171,107,107,989910,2180,7910,1642400
172,127,123,989783,2184,8033,1731700
173,143,113,989640,2214,8146,1901100
174,132,112,989508,2234,8258,1735100
175,126,112,989382,2248,8370,1687000
176,136,117,989246,2267,8487,1649300
177,143,116,989103,2294,8603,1662200
178,114,119,988989,2289,8722,1749800
179,125,114,988864,2300,8836,1751100
180,123,111,988741,2312,8947,1803000
181,138,116,988603,2334,9063,1690800
182,127,114,988476,2347,9177,1731200
183,146,123,988330,2370,9300,1692400
184,130,111,988200,2389,9411,1632300
185,126,126,988074,2389,9537,1666700
186,135,105,987939,2419,9642,1954800
187,149,138,987790,2430,9780,1759000
188,140,123,987650,2447,9903,1749400
189,150,123,987500,2474,10026,1774100
190,149,136,987351,2487,10162,1754000
191,151,130,987200,2508,10292,1642600
192,134,132,987066,2510,10424,1687100
193,152,141,986914,2521,10565,1650400
194,131,126,986783,2526,10691,1631100
195,136,119,986647,2543,10810,1753100
196,145,132,986502,2556,10942,1747200
197,149,145,986353,2560,11087,1671300
198,138,128,986215,2570,11215,1683300
199,157,127,986058,2600,11342,1899000
200,162,147,985896,2615,11489,1781700
201,155,138,985741,2632,11627,1722400
202,156,133,985585,2655,11760,1688900
203,145,143,985440,2657,11903,1744300
204,144,123,985296,2678,12026,1743000
205,162,151,985134,2689,12177,1751500
206,175,107,984959,2757,12284,2177700
207,165,128,984794,2794,12412,2037700
208,174,145,984620,2823,12557,1655800
209,201,123,984419,2901,12680,1696900
210,182,159,984237,2924,12839,1688200
211,190,152,984047,2962,12991,1783200
212,192,153,983855,3001,13144,1662200
213,164,134,983691,3031,13278,1760900
214,174,169,983517,3036,13447,2029700
215,203,140,983314,3099,13587,1910400
216,180,147,983134,3132,13734,1767300
217,205,141,982929,3196,13875,1818800
218,188,144,982741,3240,14019,2084200
219,198,150,982543,3288,14169,1967800
220,196,181,982347,3303,14350,1781100
221,193,185,982154,3311,14535,2047200
222,197,175,981957,3333,14710,1655700
223,197,170,981760,3360,14880,1767000
224,199,163,981561,3396,15043,1771600
225,189,166,981372,3419,15209,1762400
226,204,186,981168,3437,15395,1732800
227,182,192,980986,3427,15587,1630700
228,196,174,980790,3449,15761,1656600
229,196,190,980594,3455,15951,1730300
230,177,181,980417,3451,16132,1980300
231,197,177,980220,3471,16309,1665900
232,182,196,980038,3457,16505,1768500
233,185,196,979853,3446,16701,1771200
234,178,184,979675,3440,16885,1710800
235,200,171,979475,3469,17056,1678600
236,204,184,979271,3489,17240,1654800
237,197,176,979074,3510,17416,1634000
238,186,183,978888,3513,17599,1659000
239,174,176,978714,3511,17775,1763600
240,171,178,978543,3504,17953,1878800
241,165,154,978378,3515,18107,1959800
242,199,174,978179,3540,18281,1944400
243,208,176,977971,3572,18457,3173900
244,182,176,977789,3578,18633,2914200
245,193,207,977596,3564,18840,2026200
246,173,151,977423,3586,18991,8648100
247,204,153,977219,3637,19144,2403300
248,192,176,977027,3653,19320,2200100
249,201,186,976826,3668,19506,2147900
250,206,182,976620,3692,19688,2051900
251,226,169,976394,3749,19857,1993700
252,189,187,976205,3751,20044,2083800
253,181,202,976024,3730,20246,1988900
254,193,174,975831,3749,20420,1916400
255,216,172,975615,3793,20592,1886200
256,195,197,975420,3791,20789,1863700
257,215,190,975205,3816,20979,1820700
258,217,191,974988,3842,21170,1937600
259,203,174,974785,3871,21344,2017200
260,226,197,974559,3900,21541,3837600
261,222,202,974337,3920,21743,2099800
262,213,210,974124,3923,21953,2293500
263,230,209,973894,3944,22162,1979500
264,250,222,973644,3972,22384,2264300
265,241,200,973403,4013,22584,1970700
266,217,196,973186,4034,22780,2186900
267,236,179,972950,4091,22959,2219200
268,235,188,972715,4138,23147,2069300
269,209,219,972506,4128,23366,2072600
270,226,196,972280,4158,23562,1988400
271,241,230,972039,4169,23792,1955900
272,221,208,971818,4182,24000,1990700
273,227,217,971591,4192,24217,2109100
274,226,195,971365,4223,24412,1991200
275,246,208,971119,4261,24620,1741200
276,221,207,970898,4275,24827,1762900
277,220,210,970678,4285,25037,1781800
278,215,206,970463,4294,25243,1695400
279,222,223,970241,4293,25466,1845700
280,233,195,970008,4331,25661,1871500
281,243,214,969765,4360,25875,1751400
282,247,205,969518,4402,26080,1782700
283,247,200,969271,4449,26280,1841000
284,246,245,969025,4450,26525,1792300
285,242,223,968783,4469,26748,1817200
286,249,207,968534,4511,26955,1829400
287,240,213,968294,4538,27168,1896400
288,247,247,968047,4538,27415,1808300
289,248,224,967799,4562,27639,1844200
290,261,217,967538,4606,27856,1859100
291,247,241,967291,4612,28097,2006500
292,236,204,967055,4644,28301,1999600
293,245,214,966810,4675,28515,1966500
294,262,203,966548,4734,28718,2171900
295,254,234,966294,4754,28952,1934600
296,266,245,966028,4775,29197,1862500
297,258,258,965770,4775,29455,1920400
298,251,221,965519,4805,29676,1861300
299,224,228,965295,4801,29904,1904600
300,259,222,965036,4838,30126,1922100
301,274,258,964762,4854,30384,1900900
302,276,223,964486,4907,30607,1961800
303,231,262,964255,4876,30869,2133500
304,262,245,963993,4893,31114,1999000
305,254,228,963739,4919,31342,1845000
306,234,237,963505,4916,31579,1838400
307,239,269,963266,4886,31848,1898200
308,244,240,963022,4890,32088,1826800
309,237,287,962785,4840,32375,1804600
310,255,232,962530,4863,32607,2026300
311,252,241,962278,4874,32848,1893300
312,258,216,962020,4916,33064,1825400
313,263,268,961757,4911,33332,1844900
314,249,239,961508,4921,33571,1788900
315,264,272,961244,4913,33843,2042600
316,253,224,960991,4942,34067,1955100
317,256,274,960735,4924,34341,1885500
318,260,246,960475,4938,34587,1848000
319,270,222,960205,4986,34809,2104200
320,268,252,959937,5002,35061,2023100
321,245,253,959692,4994,35314,1863000
322,277,237,959415,5034,35551,1837600
323,278,238,959137,5074,35789,1958100
324,272,258,958865,5088,36047,1932600
325,245,226,958620,5107,36273,1928700
326,260,245,958360,5122,36518,1898900
327,284,257,958076,5149,36775,1926300
328,252,242,957824,5159,37017,1886800
329,260,244,957564,5175,37261,1913700
330,244,291,957320,5128,37552,1966700
331,254,280,957066,5102,37832,1936900
332,259,244,956807,5117,38076,2010600
333,257,250,956550,5124,38326,1970400
334,282,267,956268,5139,38593,1929900
335,284,249,955984,5174,38842,1881900
336,271,272,955713,5173,39114,1865600
337,301,266,955412,5208,39380,1899300
338,281,244,955131,5245,39624,1908000
339,267,259,954864,5253,39883,1867100
340,303,258,954561,5298,40141,1917300
341,302,256,954259,5344,40397,1934900
342,304,295,953955,5353,40692,1874900
343,262,267,953693,5348,40959,1841200
344,313,276,953380,5385,41235,1838000
345,304,263,953076,5426,41498,1857500
346,293,266,952783,5453,41764,1927500
347,304,269,952479,5488,42033,1852200
348,349,272,952130,5565,42305,1805900
349,326,271,951804,5620,42576,1846300
350,324,273,951480,5671,42849,1941100
351,312,295,951168,5688,43144,1791900
352,302,291,950866,5699,43435,1778500
353,329,287,950537,5741,43722,1794300
354,301,301,950236,5741,44023,1788700
355,310,297,949926,5754,44320,1889200
356,288,295,949638,5747,44615,1872100
357,296,290,949342,5753,44905,1830400
358,320,275,949022,5798,45180,2113200
359,333,296,948689,5835,45476,1846200
360,316,306,948373,5845,45782,1925300
361,325,313,948048,5857,46095,1914900
362,303,289,947745,5871,46384,2049500
363,342,297,947403,5916,46681,1760500
364,321,297,947082,5940,46978,1955500
365,324,298,946758,5966,47276,1741700
366,324,314,946434,5976,47590,1878500
367,319,290,946115,6005,47880,1982600
368,331,311,945784,6025,48191,1717300
369,341,319,945443,6047,48510,1785100
370,355,317,945088,6085,48827,1820600
371,353,338,944735,6100,49165,2018200
372,318,280,944417,6138,49445,1769900
373,319,290,944098,6167,49735,1712900
374,337,304,943761,6200,50039,1750100
375,307,322,943454,6185,50361,1771900
376,334,283,943120,6236,50644,1798200
377,328,290,942792,6274,50934,1736300
378,341,321,942451,6294,51255,1816900
379,350,319,942101,6325,51574,1731900
380,339,295,941762,6369,51869,1840600
381,315,336,941447,6348,52205,1807200
382,317,288,941130,6377,52493,1731700
383,313,345,940817,6345,52838,1746600
384,321,354,940496,6312,53192,1819100
385,306,307,940190,6311,53499,1810300
386,315,361,939875,6265,53860,1777800
387,313,310,939562,6268,54170,1916300
388,294,331,939268,6231,54501,1878400
389,303,327,938965,6207,54828,1964800
390,312,309,938653,6210,55137,1853300
391,320,282,938333,6248,55419,2019500
392,322,330,938011,6240,55749,1940400
393,352,339,937659,6253,56088,1836900
394,335,281,937324,6307,56369,1956000
395,325,337,936999,6295,56706,1992400
396,350,325,936649,6320,57031,1962600
397,344,292,936305,6372,57323,1946800
398,333,318,935972,6387,57641,1942100
399,363,336,935609,6414,57977,1896500
400,337,310,935272,6441,58287,1887500
401,324,319,934948,6446,58606,1898400
402,342,320,934606,6468,58926,1968400
403,326,361,934280,6433,59287,2038200
404,336,340,933944,6429,59627,2079200
405,361,347,933583,6443,59974,2004800
406,334,320,933249,6457,60294,2073000
407,353,327,932896,6483,60621,2066000
408,342,346,932554,6479,60967,2083500
409,326,311,932228,6494,61278,2048600
410,360,316,931868,6538,61594,2036100
411,361,328,931507,6571,61922,2008800
412,313,330,931194,6554,62252,1969000
413,368,330,930826,6592,62582,1864700
414,357,329,930469,6620,62911,1996100
415,367,330,930102,6657,63241,1998300
416,365,352,929737,6670,63593,1997800
417,364,332,929373,6702,63925,1869700
418,391,345,928982,6748,64270,1930900
419,404,364,928578,6788,64634,1935200
420,380,330,928198,6838,64964,1982600
421,387,346,927811,6879,65310,1949100
422,349,327,927462,6901,65637,2047300
423,332,337,927130,6896,65974,2199400
424,401,343,926729,6954,66317,2376300
425,381,349,926348,6986,66666,1966600
426,365,347,925983,7004,67013,1977000
427,384,353,925599,7035,67366,1989400
428,364,345,925235,7054,67711,2080600
429,368,341,924867,7081,68052,2128600
430,366,352,924501,7095,68404,1888200
431,403,330,924098,7168,68734,1927100
432,368,380,923730,7156,69114,2155500
433,381,343,923349,7194,69457,2194700
434,351,337,922998,7208,69794,1881300
435,391,377,922607,7222,70171,1909600
436,378,363,922229,7237,70534,1897200
437,374,357,921855,7254,70891,2111900
438,386,367,921469,7273,71258,2013500
439,417,354,921052,7336,71612,2046400
440,397,383,920655,7350,71995,1978700
441,377,352,920278,7375,72347,2047300
442,401,355,919877,7421,72702,2000700
443,412,370,919465,7463,73072,2012100
444,419,367,919046,7515,73439,1907600
445,411,400,918635,7526,73839,1892400
446,412,379,918223,7559,74218,1928700
447,366,376,917857,7549,74594,1972800
448,403,392,917454,7560,74986,2151300
449,382,351,917072,7591,75337,1856100
450,392,395,916680,7588,75732,1790400
451,411,384,916269,7615,76116,1795100
452,390,384,915879,7621,76500,2043500
453,401,385,915478,7637,76885,1871700
454,380,375,915098,7642,77260,1916300
455,388,409,914710,7621,77669,1911300
456,375,345,914335,7651,78014,2089700
457,362,387,913973,7626,78401,1914900
458,423,385,913550,7664,78786,1874700
459,386,376,913164,7674,79162,1896300
460,396,431,912768,7639,79593,1860200
461,383,371,912385,7651,79964,2038400
462,422,400,911963,7673,80364,2264500
463,400,399,911563,7674,80763,1980000
464,399,362,911164,7711,81125,1910300
465,421,412,910743,7720,81537,1872700
466,384,373,910359,7731,81910,1851500
467,375,404,909984,7702,82314,1879500
468,379,392,909605,7689,82706,1843600
469,397,365,909208,7721,83071,1811600
470,420,395,908788,7746,83466,1836700
471,411,383,908377,7774,83849,1911100
472,403,363,907974,7814,84212,1876600
473,417,406,907557,7825,84618,1831200
474,459,386,907098,7898,85004,1799400
475,399,384,906699,7913,85388,1877100
476,389,400,906310,7902,85788,1831000
477,402,379,905908,7925,86167,1871500
478,400,371,905508,7954,86538,1798700
479,403,383,905105,7974,86921,1842400
480,390,433,904715,7931,87354,1831500
481,416,347,904299,8000,87701,1838600
482,439,431,903860,8008,88132,1804200
483,435,388,903425,8055,88520,1852600
484,438,412,902987,8081,88932,1904600
485,408,444,902579,8045,89376,1857400
486,413,379,902166,8079,89755,1850100
487,412,396,901754,8095,90151,2016100
488,457,400,901297,8152,90551,1921000
489,409,444,900888,8117,90995,1917300
490,408,392,900480,8133,91387,1887200
491,427,430,900053,8130,91817,1871400
492,394,411,899659,8113,92228,1839000
493,392,394,899267,8111,92622,1863200
494,413,382,898854,8142,93004,2084200
495,405,412,898449,8135,93416,1845800
496,423,394,898026,8164,93810,1817000
497,425,431,897601,8158,94241,1841700
498,406,400,897195,8164,94641,1834100
499,416,423,896779,8157,95064,1832200
500,404,420,896375,8141,95484,1840100
501,404,417,895971,8128,95901,1795100
502,404,415,895567,8117,96316,2012300
503,435,380,895132,8172,96696,1860300
504,430,401,894702,8201,97097,1888800
505,448,407,894254,8242,97504,1831400
506,436,417,893818,8261,97921,1819000
507,396,415,893422,8242,98336,1920300
508,419,468,893003,8193,98804,1857500
509,429,396,892574,8226,99200,1878100
510,422,416,892152,8232,99616,1991700
511,434,409,891718,8257,100025,1899800
512,432,402,891286,8287,100427,1873800
513,437,408,890849,8316,100835,1843600
514,425,423,890424,8318,101258,1928700
515,466,379,889958,8405,101637,1922300
516,443,413,889515,8435,102050,2150300
517,472,407,889043,8500,102457,1906000
518,477,415,888566,8562,102872,1816700
519,432,486,888134,8508,103358,1804900
520,451,423,887683,8536,103781,2167500
521,463,431,887220,8568,104212,1985100
522,449,411,886771,8606,104623,1890100
523,428,455,886343,8579,105078,1947900
524,438,423,885905,8594,105501,1865700
525,453,408,885452,8639,105909,1856300
526,442,408,885010,8673,106317,1877900
527,438,446,884572,8665,106763,1931200
528,449,475,884123,8639,107238,2000500
529,477,417,883646,8699,107655,2042000
530,472,404,883174,8767,108059,2016400
531,448,453,882726,8762,108512,1967600
532,421,420,882305,8763,108932,1907000
533,464,436,881841,8791,109368,1928600
534,473,438,881368,8826,109806,1848000
535,434,471,880934,8789,110277,1869800
536,455,440,880479,8804,110717,1829100
537,448,456,880031,8796,111173,1868000
538,467,431,879564,8832,111604,1753300
539,446,424,879118,8854,112028,1755700
540,456,452,878662,8858,112480,1882300
541,429,410,878233,8877,112890,1806600
542,446,426,877787,8897,113316,1799400
543,456,457,877331,8896,113773,1830600
544,420,459,876911,8857,114232,1962700
545,467,468,876444,8856,114700,1889200
546,423,426,876021,8853,115126,1796000
547,436,427,875585,8862,115553,1820500
548,455,419,875130,8898,115972,1761500
549,425,439,874705,8884,116411,1799200
550,421,454,874284,8851,116865,1796300
551,406,464,873878,8793,117329,1791900
552,453,423,873425,8823,117752,1997800
553,426,420,872999,8829,118172,2025900
554,442,491,872557,8780,118663,1842500
555,426,458,872131,8748,119121,1867400
556,466,398,871665,8816,119519,1829700
557,418,422,871247,8812,119941,1890200
558,446,440,870801,8818,120381,1799800
559,424,450,870377,8792,120831,1799800
560,450,435,869927,8807,121266,1798100
561,456,451,869471,8812,121717,1901300
562,491,463,868980,8840,122180,1861300
563,448,437,868532,8851,122617,1788500
564,467,478,868065,8840,123095,1918800
565,464,451,867601,8853,123546,1789600
566,479,420,867122,8912,123966,1788300
567,484,441,866638,8955,124407,1922800
568,428,431,866210,8952,124838,1873000
569,447,445,865763,8954,125283,1738400
570,459,441,865304,8972,125724,1937500
571,459,464,864845,8967,126188,2212800
572,464,491,864381,8940,126679,1887900
573,482,473,863899,8949,127152,1962800
574,460,447,863439,8962,127599,1856800
575,474,419,862965,9017,128018,1846300
576,461,450,862504,9028,128468,1779200
577,474,448,862030,9054,128916,1788900
578,457,462,861573,9049,129378,1879100
579,468,486,861105,9031,129864,1713800
580,431,441,860674,9021,130305,1791100
581,432,474,860242,8979,130779,1728400
582,471,446,859771,9004,131225,1813800
583,461,440,859310,9025,131665,1881900
584,440,407,858870,9058,132072,1945500
585,477,431,858393,9104,132503,1818000
586,470,470,857923,9104,132973,1771900
587,479,461,857444,9122,133434,1813300
588,483,459,856961,9146,133893,1735200
589,408,471,856553,9083,134364,1842400
590,472,446,856081,9109,134810,1820800
591,424,469,855657,9064,135279,1845700
592,433,492,855224,9005,135771,1813300
593,461,478,854763,8988,136249,1798000
594,434,448,854329,8974,136697,1918000
595,430,458,853899,8946,137155,1951900
596,463,445,853436,8964,137600,1974400
597,491,474,852945,8981,138074,2279300
598,444,448,852501,8977,138522,1933900
599,472,464,852029,8985,138986,1863600
600,470,450,851559,9005,139436,1862500
601,430,456,851129,8979,139892,1899600
602,505,435,850624,9049,140327,1947200
603,501,466,850123,9084,140793,1823000
604,446,471,849677,9059,141264,1810400
605,448,495,849229,9012,141759,1806500
606,436,466,848793,8982,142225,1717200
607,468,444,848325,9006,142669,1871300
608,457,471,847868,8992,143140,1785200
609,449,449,847419,8992,143589,1746000
610,483,429,846936,9046,144018,1803200
611,499,428,846437,9117,144446,1830900
612,475,452,845962,9140,144898,1850200
613,463,468,845499,9135,145366,1841000
614,455,444,845044,9146,145810,1834800
615,416,486,844628,9076,146296,1840500
616,438,451,844190,9063,146747,1802800
617,468,434,843722,9097,147181,1792200
618,464,496,843258,9065,147677,1824600
619,444,456,842814,9053,148133,1906600
620,476,446,842338,9083,148579,1845400
621,470,460,841868,9093,149039,1836300
622,446,455,841422,9084,149494,2031700
623,441,451,840981,9074,149945,2037600
624,450,454,840531,9070,150399,1833300
625,428,459,840103,9039,150858,1809800
626,459,451,839644,9047,151309,1810900
627,490,458,839154,9079,151767,1928800
628,499,455,838655,9123,152222,1915100
629,496,443,838159,9176,152665,2137100
630,425,463,837734,9138,153128,1942100
631,482,461,837252,9159,153589,1951800
632,477,486,836775,9150,154075,1907900
633,466,458,836309,9158,154533,2041700
634,471,448,835838,9181,154981,1912000
635,467,459,835371,9189,155440,1860200
636,469,423,834902,9235,155863,1963500
637,457,459,834445,9233,156322,1836800
638,457,484,833988,9206,156806,1892300
639,458,453,833530,9211,157259,1844000
640,462,445,833068,9228,157704,1837300
641,472,487,832596,9213,158191,1873000
642,453,480,832143,9186,158671,2038700
643,499,471,831644,9214,159142,1857700
644,489,494,831155,9209,159636,1888600
645,435,477,830720,9167,160113,1921200
646,474,434,830246,9207,160547,1893600
647,499,497,829747,9209,161044,1833700
648,457,452,829290,9214,161496,2012400
649,460,411,828830,9263,161907,1865100
650,480,477,828350,9266,162384,1867900
651,481,475,827869,9272,162859,1848300
652,459,441,827410,9290,163300,1887300
653,506,478,826904,9318,163778,1982400
654,509,460,826395,9367,164238,1896700
655,499,489,825896,9377,164727,1864400
656,468,445,825428,9400,165172,1859000
657,468,482,824960,9386,165654,1879500
658,516,481,824444,9421,166135,1971300
659,512,484,823932,9449,166619,1997600
660,473,466,823459,9456,167085,2025600
661,468,489,822991,9435,167574,1970200
662,472,437,822519,9470,168011,1872600
663,495,511,822024,9454,168522,1891900
664,485,471,821539,9468,168993,1782000
665,506,487,821033,9487,169480,1829800
666,474,513,820559,9448,169993,1979700
667,468,448,820091,9468,170441,1970400
668,518,445,819573,9541,170886,1974800
669,486,464,819087,9563,171350,1932100
670,472,466,818615,9569,171816,2008500
671,490,498,818125,9561,172314,1974900
672,515,467,817610,9609,172781,2016500
673,484,478,817126,9615,173259,2066300
674,470,499,816656,9586,173758,1979600
675,450,467,816206,9569,174225,1889000
676,510,485,815696,9594,174710,2193500
677,548,490,815148,9652,175200,2336200
678,463,511,814685,9604,175711,2192700
679,477,488,814208,9593,176199,2216400
680,522,514,813686,9601,176713,1872600
681,474,489,813212,9586,177202,1911800
682,488,477,812724,9597,177679,1901700
683,444,453,812280,9588,178132,1892500
684,481,481,811799,9588,178613,1791700
685,481,465,811318,9604,179078,1780400
686,445,498,810873,9551,179576,1859300
687,462,486,810411,9527,180062,1833500
688,452,502,809959,9477,180564,1929300
689,474,519,809485,9432,181083,1751000
690,495,468,808990,9459,181551,1738200
691,429,488,808561,9400,182039,1847100
692,462,449,808099,9413,182488,1846500
693,506,477,807593,9442,182965,1808200
694,499,460,807094,9481,183425,1741600
695,480,463,806614,9498,183888,1712000
696,497,486,806117,9509,184374,1845500
697,486,475,805631,9520,184849,1853200
698,485,482,805146,9523,185331,1769400
699,479,479,804667,9523,185810,1715700
700,523,511,804144,9535,186321,1750700
701,468,484,803676,9519,186805,1878300
702,524,477,803152,9566,187282,2033200
703,515,481,802637,9600,187763,1882000
704,508,504,802129,9604,188267,2023000
705,457,484,801672,9577,188751,1864400
706,488,442,801184,9623,189193,1793400
707,524,475,800660,9672,189668,1762500
708,497,493,800163,9676,190161,1690300
709,501,492,799662,9685,190653,1872700
710,491,509,799171,9667,191162,1758600
711,486,459,798685,9694,191621,1831000
712,544,446,798141,9792,192067,1742200
713,502,474,797639,9820,192541,1706800
714,528,496,797111,9852,193037,1862700
715,484,498,796627,9838,193535,1944300
716,487,495,796140,9830,194030,1792000
717,467,489,795673,9808,194519,1732600
718,490,469,795183,9829,194988,1772000
719,469,470,794714,9828,195458,2084900
720,495,497,794219,9826,195955,1883200
721,530,494,793689,9862,196449,1863100
722,504,505,793185,9861,196954,1800200
723,443,485,792742,9819,197439,1741800
724,467,502,792275,9784,197941,1684800
725,499,491,791776,9792,198432,1833400
726,468,489,791308,9771,198921,1870000
727,522,505,790786,9788,199426,1887600
728,493,495,790293,9786,199921,1712300
729,528,475,789765,9839,200396,1724500
730,512,470,789253,9881,200866,1885200
731,497,473,788756,9905,201339,1855500
732,481,527,788275,9859,201866,1841900
733,524,518,787751,9865,202384,1748200
734,527,512,787224,9880,202896,1762800
735,473,477,786751,9876,203373,1746600
736,516,496,786235,9896,203869,2097900
737,491,494,785744,9893,204363,1876400
738,527,466,785217,9954,204829,1850200
739,537,500,784680,9991,205329,1855900
740,489,449,784191,10031,205778,1806000
741,524,505,783667,10050,206283,1804600
742,517,520,783150,10047,206803,1821200
743,484,469,782666,10062,207272,1850000
744,500,494,782166,10068,207766,2134600
745,519,501,781647,10086,208267,1865000
746,485,505,781162,10066,208772,2266900
747,489,526,780673,10029,209298,2000700
748,545,498,780128,10076,209796,2017000
749,473,482,779655,10067,210278,2174500
750,506,505,779149,10068,210783,2108100
751,496,530,778653,10034,211313,2089000
752,509,500,778144,10043,211813,1956000
753,494,466,777650,10071,212279,1935700
754,479,493,777171,10057,212772,2061300
755,511,496,776660,10072,213268,1893400
756,471,512,776189,10031,213780,2048800
757,526,504,775663,10053,214284,1997300
758,502,512,775161,10043,214796,2013000
759,525,517,774636,10051,215313,2163200
760,482,472,774154,10061,215785,1995000
761,499,494,773655,10066,216279,1959300
762,482,492,773173,10056,216771,2081500
763,464,517,772709,10003,217288,1940600
764,455,466,772254,9992,217754,2107200
765,459,507,771795,9944,218261,1940300
766,530,474,771265,10000,218735,1930400
767,491,514,770774,9977,219249,1925500
768,496,531,770278,9942,219780,1905900
769,473,505,769805,9910,220285,1852700
770,473,484,769332,9899,220769,1896000
771,473,495,768859,9877,221264,1911700
772,532,503,768327,9906,221767,1962100
773,475,483,767852,9898,222250,1835600
774,498,512,767354,9884,222762,1876500
775,479,487,766875,9876,223249,1878400
776,456,497,766419,9835,223746,1896400
777,484,480,765935,9839,224226,1907500
778,459,484,765476,9814,224710,1859100
779,467,479,765009,9802,225189,1825000
780,520,522,764489,9800,225711,1828400
781,465,502,764024,9763,226213,1810600
782,446,485,763578,9724,226698,1860600
783,473,497,763105,9700,227195,1921900
784,463,486,762642,9677,227681,1864300
785,458,493,762184,9642,228174,1923400
786,468,460,761716,9650,228634,2073300
787,461,491,761255,9620,229125,1981600
788,487,485,760768,9622,229610,1940100
789,451,473,760317,9600,230083,1886800
790,489,470,759828,9619,230553,1906700
791,462,482,759366,9599,231035,1837300
792,536,443,758830,9692,231478,1957500
793,525,518,758305,9699,231996,1898100
794,501,476,757804,9724,232472,1873100
795,506,500,757298,9730,232972,1918700
796,507,511,756791,9726,233483,1834600
797,486,505,756305,9707,233988,1831400
798,501,452,755804,9756,234440,1843500
799,474,482,755330,9748,234922,1895300
800,505,481,754825,9772,235403,1899600
801,496,558,754329,9710,235961,1973100
802,495,473,753834,9732,236434,1948300
803,482,477,753352,9737,236911,1902900
804,494,492,752858,9739,237403,1902400
805,480,503,752378,9716,237906,2144600
806,475,508,751903,9683,238414,2082200
807,578,487,751325,9774,238901,2089900
808,491,501,750834,9764,239402,1895700
809,510,506,750324,9768,239908,1878900
810,512,491,749812,9789,240399,1835400
811,558,481,749254,9866,240880,1901200
812,511,537,748743,9840,241417,1879500
813,545,485,748198,9900,241902,1863700
814,533,520,747665,9913,242422,2000200
815,521,519,747144,9915,242941,1867500
816,514,473,746630,9956,243414,1874200
817,504,511,746126,9949,243925,1883100
818,517,518,745609,9948,244443,2061100
819,502,483,745107,9967,244926,1936100
820,504,513,744603,9958,245439,1871600
821,503,491,744100,9970,245930,1767200
822,500,490,743600,9980,246420,1841300
823,534,550,743066,9964,246970,2285500
824,548,484,742518,10028,247454,1920400
825,487,466,742031,10049,247920,1888500
826,538,479,741493,10108,248399,2159100
827,546,501,740947,10153,248900,2162600
828,548,503,740399,10198,249403,1872600
829,490,518,739909,10170,249921,1970600
830,519,521,739390,10168,250442,1986800
831,511,520,738879,10159,250962,2082000
832,509,510,738370,10158,251472,2018700
833,549,481,737821,10226,251953,2191100
834,540,506,737281,10260,252459,2257300
835,512,534,736769,10238,252993,2431300
836,512,531,736257,10219,253524,2053600
837,510,545,735747,10184,254069,2117100
838,507,519,735240,10172,254588,2062500
839,526,512,734714,10186,255100,2041700
840,562,487,734152,10261,255587,2035900
841,529,522,733623,10268,256109,2065000
842,556,532,733067,10292,256641,1991800
843,536,489,732531,10339,257130,1963000
844,546,541,731985,10344,257671,1933800
845,521,559,731464,10306,258230,2091600
846,537,470,730927,10373,258700,2113400
847,524,478,730403,10419,259178,2422600
848,552,524,729851,10447,259702,2113500
849,551,545,729300,10453,260247,2498600
850,489,547,728811,10395,260794,2100500
851,531,507,728280,10419,261301,2078300
852,518,520,727762,10417,261821,2358900
853,513,545,727249,10385,262366,2129000
854,548,527,726701,10406,262893,2130900
855,571,500,726130,10477,263393,2098300
856,550,519,725580,10508,263912,1961500
857,530,490,725050,10548,264402,2151400
858,534,524,724516,10558,264926,2053800
859,531,541,723985,10548,265467,2265900
860,529,536,723456,10541,266003,2152300
861,516,523,722940,10534,266526,2189900
862,500,556,722440,10478,267082,2044000
863,535,542,721905,10471,267624,1985600
864,501,538,721404,10434,268162,2012900
865,518,490,720886,10462,268652,2018700
866,466,535,720420,10393,269187,2199700
867,487,537,719933,10343,269724,2111300
868,550,491,719383,10402,270215,2104100
869,503,577,718880,10328,270792,2296700
870,551,499,718329,10380,271291,2140700
871,518,521,717811,10377,271812,2042400
872,541,504,717270,10414,272316,2079000
873,511,517,716759,10408,272833,2108300
874,531,531,716228,10408,273364,2443200
875,534,500,715694,10442,273864,2123700
876,535,525,715159,10452,274389,2101500
877,554,534,714605,10472,274923,2283200
878,529,502,714076,10499,275425,2043100
879,516,504,713560,10511,275929,2133900
880,539,490,713021,10560,276419,2082900
881,538,536,712483,10562,276955,2187000
882,520,537,711963,10545,277492,2246200
883,527,520,711436,10552,278012,2072200
884,534,507,710902,10579,278519,1986100
885,518,530,710384,10567,279049,1961500
886,523,532,709861,10558,279581,1955000
887,566,502,709295,10622,280083,2165100
888,526,526,708769,10622,280609,2099900
889,478,553,708291,10547,281162,2496200
890,502,486,707789,10563,281648,2304200
891,516,491,707273,10588,282139,2268900
892,522,575,706751,10535,282714,2108500
893,513,519,706238,10529,283233,2112600
894,576,511,705662,10594,283744,2120000
895,546,547,705116,10593,284291,2129800
896,604,540,704512,10657,284831,2122400
897,539,549,703973,10647,285380,2256300
898,568,513,703405,10702,285893,2129600
899,550,552,702855,10700,286445,2100400
900,580,526,702275,10754,286971,2326300
901,541,576,701734,10719,287547,2152700
902,532,580,701202,10671,288127,2093000
903,566,556,700636,10681,288683,2244800
904,543,568,700093,10656,289251,2054100
905,547,496,699546,10707,289747,2059000
906,563,551,698983,10719,290298,2132900
907,547,528,698436,10738,290826,2102800
908,550,532,697886,10756,291358,2350700
909,587,540,697299,10803,291898,2228600
910,557,541,696742,10819,292439,2244500
911,559,558,696183,10820,292997,2294000
912,563,578,695620,10805,293575,2235700
913,549,511,695071,10843,294086,2164200
914,531,551,694540,10823,294637,2226600
915,529,512,694011,10840,295149,2095100
916,561,501,693450,10900,295650,2057000
917,549,550,692901,10899,296200,2118900
918,537,520,692364,10916,296720,1992000
919,547,523,691817,10940,297243,2168600
920,579,556,691238,10963,297799,2003700
921,566,557,690672,10972,298356,1954400
922,559,570,690113,10961,298926,2052000
923,527,548,689586,10940,299474,1948100
924,576,537,689010,10979,300011,2000900
925,559,570,688451,10968,300581,2162600
926,539,548,687912,10959,301129,2059100
927,527,558,687385,10928,301687,2041200
928,570,582,686815,10916,302269,2053400
929,544,564,686271,10896,302833,2024500
930,577,543,685694,10930,303376,2207700
931,526,539,685168,10917,303915,1991600
932,548,561,684620,10904,304476,1993200
933,547,578,684073,10873,305054,1995500
934,531,552,683542,10852,305606,1991600
935,541,583,683001,10810,306189,1965900
936,516,552,682485,10774,306741,2037600
937,551,565,681934,10760,307306,2165900
938,540,565,681394,10735,307871,2036800
939,498,524,680896,10709,308395,2135700
940,512,514,680384,10707,308909,2057700
941,554,550,679830,10711,309459,2122600
942,571,567,679259,10715,310026,2042400
943,529,524,678730,10720,310550,2072700
944,510,553,678220,10677,311103,2163100
945,542,551,677678,10668,311654,2284600
946,491,517,677187,10642,312171,2195700
947,514,528,676673,10628,312699,2152700
948,483,532,676190,10579,313231,2239800
949,539,520,675651,10598,313751,2768300
950,487,577,675164,10508,314328,2728200
951,510,531,674654,10487,314859,4136900
952,526,551,674128,10462,315410,5762400
953,515,528,673613,10449,315938,2200900
954,493,538,673120,10404,316476,2034400
955,472,506,672648,10370,316982,1902400
956,544,504,672104,10410,317486,2063800
957,528,555,671576,10383,318041,2206500
958,558,516,671018,10425,318557,4418400
959,532,505,670486,10452,319062,2260900
960,534,527,669952,10459,319589,2175500
961,527,543,669425,10443,320132,2063500
962,565,540,668860,10468,320672,2030600
963,537,510,668323,10495,321182,2029700
964,557,514,667766,10538,321696,2071300
965,523,513,667243,10548,322209,2048100
966,547,525,666696,10570,322734,2130400
967,538,507,666158,10601,323241,2404400
968,500,538,665658,10563,323779,2197500
969,535,492,665123,10606,324271,2135200
970,533,557,664590,10582,324828,2234800
971,540,532,664050,10590,325360,2102200
972,556,522,663494,10624,325882,2071200
973,501,557,662993,10568,326439,2003500
974,506,566,662487,10508,327005,1935500
975,542,532,661945,10518,327537,1886300
976,562,498,661383,10582,328035,1921700
977,548,566,660835,10564,328601,2059600
978,546,558,660289,10552,329159,1864500
979,543,548,659746,10547,329707,1935000
980,516,523,659230,10540,330230,1838600
981,578,546,658652,10572,330776,1842500
982,530,480,658122,10622,331256,1900400
983,550,522,657572,10650,331778,2005300
984,559,536,657013,10673,332314,1888100
985,556,592,656457,10637,332906,1869200
986,524,529,655933,10632,333435,2033900
987,542,515,655391,10659,333950,1953000
988,531,543,654860,10647,334493,1858400
989,566,517,654294,10696,335010,1827600
990,573,558,653721,10711,335568,2032000
991,542,498,653179,10755,336066,1749600
992,530,519,652649,10766,336585,1717500
993,549,536,652100,10779,337121,1883800
994,551,540,651549,10790,337661,1874100
995,534,544,651015,10780,338205,1881300
996,556,503,650459,10833,338708,1827300
997,531,563,649928,10801,339271,1760200
998,540,534,649388,10807,339805,1817300
999,554,527,648834,10834,340332,1862200
1000,524,557,648310,10801,340889,1857100
1001,527,503,647783,10825,341392,1859000
1002,524,565,647259,10784,341957,1802700
1003,554,530,646705,10808,342487,1764400
1004,502,564,646203,10746,343051,1948200
1005,499,520,645704,10725,343571,1863500
1006,512,508,645192,10729,344079,1857600
1007,513,501,644679,10741,344580,1862100
1008,500,487,644179,10754,345067,1818100
1009,537,518,643642,10773,345585,1723400
1010,492,553,643150,10712,346138,1751500
1011,533,525,642617,10720,346663,1839100
1012,501,545,642116,10676,347208,1871200
1013,509,514,641607,10671,347722,1727400
1014,554,522,641053,10703,348244,1742900
1015,535,556,640518,10682,348800,1810100
1016,555,515,639963,10722,349315,1918400
1017,534,523,639429,10733,349838,2045100
1018,502,516,638927,10719,350354,1858300
1019,518,521,638409,10716,350875,1840100
1020,522,520,637887,10718,351395,1843600
1021,477,549,637410,10646,351944,1723100
1022,532,571,636878,10607,352515,1709000
1023,533,543,636345,10597,353058,1849000
1024,537,546,635808,10588,353604,1863000
1025,549,562,635259,10575,354166,1853500
1026,554,540,634705,10589,354706,1730900
1027,569,535,634136,10623,355241,1874100
1028,532,526,633604,10629,355767,1738600
1029,548,538,633056,10639,356305,2009900
1030,523,574,632533,10588,356879,2181300
1031,517,549,632016,10556,357428,1953200
1032,522,551,631494,10527,357979,1872900
1033,518,530,630976,10515,358509,1868800
1034,524,527,630452,10512,359036,1857600
1035,548,532,629904,10528,359568,1898200
1036,507,559,629397,10476,360127,1710700
1037,536,520,628861,10492,360647,1840000
1038,551,477,628310,10566,361124,1757900
1039,535,518,627775,10583,361642,1857500
1040,508,529,627267,10562,362171,1839800
1041,532,507,626735,10587,362678,1798700
1042,544,552,626191,10579,363230,1943400
1043,491,471,625700,10599,363701,1776200
1044,552,562,625148,10589,364263,1815200
1045,570,520,624578,10639,364783,1861200
1046,517,522,624061,10634,365305,2154400
1047,498,507,623563,10625,365812,2103000
1048,526,523,623037,10628,366335,1906500
1049,511,555,622526,10584,366890,1760800
1050,529,532,621997,10581,367422,1833400
1051,519,520,621478,10580,367942,1755300
1052,532,509,620946,10603,368451,1723600
1053,515,549,620431,10569,369000,1726300
1054,535,530,619896,10574,369530,1865800
1055,526,554,619370,10546,370084,1867100
1056,516,515,618854,10547,370599,2059500
1057,498,537,618356,10508,371136,1934700
1058,524,504,617832,10528,371640,1829500
1059,498,517,617334,10509,372157,1750700
1060,487,483,616847,10513,372640,1745200
1061,500,523,616347,10490,373163,1852300
1062,509,500,615838,10499,373663,1809600
1063,542,521,615296,10520,374184,1872000
1064,537,561,614759,10496,374745,1880200
1065,559,509,614200,10546,375254,1776400
1066,537,509,613663,10574,375763,1862400
1067,519,518,613144,10575,376281,1845800
1068,509,549,612635,10535,376830,2388000
1069,501,523,612134,10513,377353,1886500
1070,501,524,611633,10490,377877,1832700
1071,520,533,611113,10477,378410,1870800
1072,509,484,610604,10502,378894,1872300
1073,531,499,610073,10534,379393,1834200
1074,507,493,609566,10548,379886,1744700
1075,551,514,609015,10585,380400,1735100
1076,554,527,608461,10612,380927,1898500
1077,492,513,607969,10591,381440,1861500
1078,512,545,607457,10558,381985,1869300
1079,538,498,606919,10598,382483,1761900
1080,518,538,606401,10578,383021,1716000
1081,520,501,605881,10597,383522,1716200
1082,557,513,605324,10641,384035,1859000
1083,512,513,604812,10640,384548,1827800
1084,517,565,604295,10592,385113,1754200
1085,540,569,603755,10563,385682,1975400
1086,509,544,603246,10528,386226,1744700
1087,522,555,602724,10495,386781,1750900
1088,532,517,602192,10510,387298,1841600
1089,494,527,601698,10477,387825,1718500
1090,543,518,601155,10502,388343,1759400
1091,491,546,600664,10447,388889,1900600
1092,554,516,600110,10485,389405,2050200
1093,507,525,599603,10467,389930,1859900
1094,540,546,599063,10461,390476,1850900
1095,536,521,598527,10476,390997,2221500
1096,526,548,598001,10454,391545,1931600
1097,516,535,597485,10435,392080,1848600
1098,523,527,596962,10431,392607,1880700
1099,518,540,596444,10409,393147,1791600
1100,488,495,595956,10402,393642,1814400
1101,496,510,595460,10388,394152,1739900
1102,492,525,594968,10355,394677,1793800
1103,524,539,594444,10340,395216,1847500
1104,543,518,593901,10365,395734,1792300
1105,530,538,593371,10357,396272,1764800
1106,459,492,592912,10324,396764,1788500
1107,506,511,592406,10319,397275,1778700
1108,509,530,591897,10298,397805,1857000
1109,481,552,591416,10227,398357,1830500
1110,513,486,590903,10254,398843,1780300
1111,482,513,590421,10223,399356,1924100
1112,519,496,589902,10246,399852,1852700
1113,512,542,589390,10216,400394,1970300
1114,542,532,588848,10226,400926,1762400
1115,492,511,588356,10207,401437,1843200
1116,503,557,587853,10153,401994,1832600
1117,542,485,587311,10210,402479,1726000
1118,478,523,586833,10165,403002,1736200
1119,498,523,586335,10140,403525,1812700
1120,503,491,585832,10152,404016,1864300
1121,533,495,585299,10190,404511,2080000
1122,533,506,584766,10217,405017,1864700
1123,536,494,584230,10259,405511,1871400
1124,568,480,583662,10347,405991,1857400
1125,526,522,583136,10351,406513,1809600
1126,531,500,582605,10382,407013,1792800
1127,515,519,582090,10378,407532,1862100
1128,565,486,581525,10457,408018,1840800
1129,533,535,580992,10455,408553,1813300
1130,508,554,580484,10409,409107,1991300
1131,549,532,579935,10426,409639,1822100
1132,526,536,579409,10416,410175,1815000
1133,542,521,578867,10437,410696,1822900
1134,534,503,578333,10468,411199,1859500
1135,526,499,577807,10495,411698,1837600
1136,552,507,577255,10540,412205,1839700
1137,522,522,576733,10540,412727,1737900
1138,566,532,576167,10574,413259,1832800
1139,555,559,575612,10570,413818,1850500
1140,537,566,575075,10541,414384,1799900
1141,538,527,574537,10552,414911,1837100
1142,548,558,573989,10542,415469,1755400
1143,520,510,573469,10552,415979,1768200
1144,501,525,572968,10528,416504,1737800
1145,579,559,572389,10548,417063,1847500
1146,526,505,571863,10569,417568,1829200
1147,501,505,571362,10565,418073,1780200
1148,513,535,570849,10543,418608,1741600
1149,537,517,570312,10563,419125,1793700
1150,528,534,569784,10557,419659,1848400
1151,543,479,569241,10621,420138,1837400
1152,502,570,568739,10553,420708,1785500
1153,540,513,568199,10580,421221,1804600
1154,543,549,567656,10574,421770,1705300
1155,475,527,567181,10522,422297,1739600
1156,525,488,566656,10559,422785,1802800
1157,523,504,566133,10578,423289,2023600
1158,505,563,565628,10520,423852,1796200
1159,486,562,565142,10444,424414,1824800
1160,533,546,564609,10431,424960,1831700
1161,535,490,564074,10476,425450,1855100
1162,546,539,563528,10483,425989,1852800
1163,503,545,563025,10441,426534,1812900
1164,534,471,562491,10504,427005,1731000
1165,514,540,561977,10478,427545,2012100
1166,507,510,561470,10475,428055,1725800
1167,529,522,560941,10482,428577,2053700
1168,552,479,560389,10555,429056,1851900
1169,541,575,559848,10521,429631,1841800
1170,539,555,559309,10505,430186,1819100
1171,531,522,558778,10514,430708,1754700
1172,521,546,558257,10489,431254,1735400
1173,527,510,557730,10506,431764,1826200
1174,528,561,557202,10473,432325,1759600
1175,530,540,556672,10463,432865,1932300
1176,550,535,556122,10478,433400,1791600
1177,543,550,555579,10471,433950,1880100
1178,509,532,555070,10448,434482,1737900
1179,525,521,554545,10452,435003,1828000
1180,508,530,554037,10430,435533,1792300
1181,542,518,553495,10454,436051,1746300
1182,560,499,552935,10515,436550,1756700
1183,522,536,552413,10501,437086,1918800
1184,535,517,551878,10519,437603,1850900
1185,542,531,551336,10530,438134,1835500
1186,535,520,550801,10545,438654,1830000
1187,517,537,550284,10525,439191,1737700
1188,544,532,549740,10537,439723,1754700
1189,540,553,549200,10524,440276,1744500
1190,533,551,548667,10506,440827,1835900
1191,539,545,548128,10500,441372,1810800
1192,560,521,547568,10539,441893,1737800
1193,552,529,547016,10562,442422,1743700
1194,561,528,546455,10595,442950,1844400
1195,515,522,545940,10588,443472,1836900
1196,524,517,545416,10595,443989,1815200
1197,492,515,544924,10572,444504,1721200
1198,487,507,544437,10552,445011,1902200
1199,523,563,543914,10512,445574,2139600
1200,529,531,543385,10510,446105,1923000
1201,511,513,542874,10508,446618,1845300
1202,507,543,542367,10472,447161,1745000
1203,501,514,541866,10459,447675,1798900
1204,532,535,541334,10456,448210,1712800
1205,553,531,540781,10478,448741,1740900
1206,544,568,540237,10454,449309,1761600
1207,520,507,539717,10467,449816,1888100
1208,556,529,539161,10494,450345,2092300
1209,531,501,538630,10524,450846,1864200
1210,520,499,538110,10545,451345,1825400
1211,516,533,537594,10528,451878,1738200
1212,534,524,537060,10538,452402,1828000
1213,527,482,536533,10583,452884,1850400
1214,543,511,535990,10615,453395,1835400
1215,506,523,535484,10598,453918,2049500
1216,597,512,534887,10683,454430,1936200
1217,508,550,534379,10641,454980,2029500
1218,542,535,533837,10648,455515,1877600
1219,541,542,533296,10647,456057,1869300
1220,539,537,532757,10649,456594,1790900
1221,529,505,532228,10673,457099,1755700
1222,534,511,531694,10696,457610,1770300
1223,565,540,531129,10721,458150,1845300
1224,538,528,530591,10731,458678,1894700
1225,511,514,530080,10728,459192,1878500
1226,577,552,529503,10753,459744,1757000
1227,555,540,528948,10768,460284,1916600
1228,550,546,528398,10772,460830,1882000
1229,557,510,527841,10819,461340,1849500
1230,561,519,527280,10861,461859,1848100
1231,580,532,526700,10909,462391,1755600
1232,556,552,526144,10913,462943,1763500
1233,555,539,525589,10929,463482,1729700
1234,536,520,525053,10945,464002,1773100
1235,544,499,524509,10990,464501,1894100
1236,572,533,523937,11029,465034,1832400
1237,561,512,523376,11078,465546,1803600
1238,526,531,522850,11073,466077,1733400
1239,543,542,522307,11074,466619,1728200
1240,534,558,521773,11050,467177,1858000
1241,556,558,521217,11048,467735,1765700
1242,558,531,520659,11075,468266,1789400
1243,529,571,520130,11033,468837,1831800
1244,546,550,519584,11029,469387,1839800
1245,565,544,519019,11050,469931,2267400
1246,546,519,518473,11077,470450,1766400
1247,589,564,517884,11102,471014,1865900
1248,598,609,517286,11091,471623,1874100
1249,565,562,516721,11094,472185,1864700
1250,601,541,516120,11154,472726,1985300
1251,543,541,515577,11156,473267,1818700
1252,597,529,514980,11224,473796,1764300
1253,598,571,514382,11251,474367,1756900
1254,577,594,513805,11234,474961,1865100
1255,535,535,513270,11234,475496,1846900
1256,549,550,512721,11233,476046,1801000
1257,514,604,512207,11143,476650,1757400
1258,564,563,511643,11144,477213,1984900
1259,569,551,511074,11162,477764,1743600
1260,591,519,510483,11234,478283,1863900
1261,556,546,509927,11244,478829,1866500
1262,576,559,509351,11261,479388,1956700
1263,554,563,508797,11252,479951,2567300
1264,564,576,508233,11240,480527,1987400
1265,564,588,507669,11216,481115,2009200
1266,554,554,507115,11216,481669,1790800
1267,609,579,506506,11246,482248,1861800
1268,545,521,505961,11270,482769,1788400
1269,557,556,505404,11271,483325,1866700
1270,522,591,504882,11202,483916,1796400
1271,559,596,504323,11165,484512,1743100
1272,538,586,503785,11117,485098,1710600
1273,534,477,503251,11174,485575,1826200
1274,538,559,502713,11153,486134,1812400
1275,532,512,502181,11173,486646,1926000
1276,557,565,501624,11165,487211,1743400
1277,534,541,501090,11158,487752,1775300
1278,570,552,500520,11176,488304,1850100
1279,613,540,499907,11249,488844,1720100
1280,525,546,499382,11228,489390,1742800
1281,557,558,498825,11227,489948,1763400
1282,566,510,498259,11283,490458,2211700
1283,582,581,497677,11284,491039,1938200
1284,559,578,497118,11265,491617,1751400
1285,547,551,496571,11261,492168,2027400
1286,581,604,495990,11238,492772,1862600
1287,566,577,495424,11227,493349,1850100
1288,637,560,494787,11304,493909,1816100
1289,585,573,494202,11316,494482,1933800
1290,563,531,493639,11348,495013,1791200
1291,530,561,493109,11317,495574,1766200
1292,558,542,492551,11333,496116,1973300
1293,547,568,492004,11312,496684,1914400
1294,541,584,491463,11269,497268,2076800
1295,550,559,490913,11260,497827,1933300
1296,578,586,490335,11252,498413,1911500
1297,546,577,489789,11221,498990,1847500
1298,547,511,489242,11257,499501,1769000
1299,574,598,488668,11233,500099,1854500
1300,539,591,488129,11181,500690,1875200
1301,574,612,487555,11143,501302,1798900
1302,555,583,487000,11115,501885,1858500
1303,607,536,486393,11186,502421,1859200
1304,571,600,485822,11157,503021,1846700
1305,554,575,485268,11136,503596,2199600
1306,586,561,484682,11161,504157,1800400
1307,509,554,484173,11116,504711,1775700
1308,562,583,483611,11095,505294,1838300
1309,578,555,483033,11118,505849,1854700
1310,545,552,482488,11111,506401,1847500
1311,568,536,481920,11143,506937,1833400
1312,563,557,481357,11149,507494,2036500
1313,532,597,480825,11084,508091,1863200
1314,548,550,480277,11082,508641,1909300
1315,544,576,479733,11050,509217,1895500
1316,542,594,479191,10998,509811,1983300
1317,566,535,478625,11029,510346,1923000
1318,553,560,478072,11022,510906,1869800
1319,539,525,477533,11036,511431,1796300
1320,587,507,476946,11116,511938,1774000
1321,571,561,476375,11126,512499,1833700
1322,573,546,475802,11153,513045,1722700
1323,569,525,475233,11197,513570,1802500
1324,523,542,474710,11178,514112,1759100
1325,574,563,474136,11189,514675,1854600
1326,555,551,473581,11193,515226,1875400
1327,579,573,473002,11199,515799,1857600
1328,585,564,472417,11220,516363,1818500
1329,552,546,471865,11226,516909,1748500
1330,579,545,471286,11260,517454,1707200
1331,548,560,470738,11248,518014,1845400
1332,572,563,470166,11257,518577,1813400
1333,545,574,469621,11228,519151,1811200
1334,578,546,469043,11260,519697,1726200
1335,601,584,468442,11277,520281,48857200
1336,577,546,467865,11308,520827,2353100
1337,596,549,467269,11355,521376,2159100
1338,580,579,466689,11356,521955,2309600
1339,558,563,466131,11351,522518,2025100
1340,587,538,465544,11400,523056,2017600
1341,588,582,464956,11406,523638,1898500
1342,570,593,464386,11383,524231,1978700
1343,566,554,463820,11395,524785,1891900
1344,571,618,463249,11348,525403,1875500
1345,570,565,462679,11353,525968,1912000
1346,579,539,462100,11393,526507,1865400
1347,559,595,461541,11357,527102,1884100
1348,546,568,460995,11335,527670,2021200
1349,550,558,460445,11327,528228,2012400
1350,581,577,459864,11331,528805,2109000
1351,534,556,459330,11309,529361,1994800
1352,541,581,458789,11269,529942,1863100
1353,537,537,458252,11269,530479,1865100
1354,563,572,457689,11260,531051,1872900
1355,559,556,457130,11263,531607,1891400
1356,547,560,456583,11250,532167,2086300
1357,551,562,456032,11239,532729,2016500
1358,569,574,455463,11234,533303,1799200
1359,552,541,454911,11245,533844,1813200
1360,577,580,454334,11242,534424,1822200
1361,563,543,453771,11262,534967,1798700
1362,536,579,453235,11219,535546,2051000
1363,539,553,452696,11205,536099,1916600
1364,565,573,452131,11197,536672,1863700
1365,510,568,451621,11139,537240,2097700
1366,554,550,451067,11143,537790,1929300
1367,565,545,450502,11163,538335,1901900
1368,513,569,449989,11107,538904,1891600
1369,543,576,449446,11074,539480,1895300
1370,580,581,448866,11073,540061,2027800
1371,548,533,448318,11088,540594,1920100
1372,548,521,447770,11115,541115,2055000
1373,576,520,447194,11171,541635,1939700
1374,551,552,446643,11170,542187,2047100
1375,537,567,446106,11140,542754,1977100
1376,541,577,445565,11104,543331,1862500
1377,559,575,445006,11088,543906,1860300
1378,546,548,444460,11086,544454,1906800
1379,544,567,443916,11063,545021,1875000
1380,545,547,443371,11061,545568,1884000
1381,532,562,442839,11031,546130,2024900
1382,560,552,442279,11039,546682,1984600
1383,529,577,441750,10991,547259,1946600
1384,523,548,441227,10966,547807,2162800
1385,507,584,440720,10889,548391,2073400
1386,510,543,440210,10856,548934,1976900
1387,471,545,439739,10782,549479,1970000
1388,544,527,439195,10799,550006,1975200
1389,516,507,438679,10808,550513,2082700
1390,519,535,438160,10792,551048,2203800
1391,518,547,437642,10763,551595,2179700
1392,547,545,437095,10765,552140,2308400
1393,505,513,436590,10757,552653,2435300
1394,513,536,436077,10734,553189,2046800
1395,533,557,435544,10710,553746,2195700
1396,532,568,435012,10674,554314,2136700
1397,543,531,434469,10686,554845,2070900
1398,520,532,433949,10674,555377,2254400
1399,534,554,433415,10654,555931,2256000
1400,541,544,432874,10651,556475,2098100
1401,536,511,432338,10676,556986,2231600
1402,550,574,431788,10652,557560,2235900
1403,550,491,431238,10711,558051,2662100
1404,554,513,430684,10752,558564,2096600
1405,547,569,430137,10730,559133,2090800
1406,518,528,429619,10720,559661,1953100
1407,557,531,429062,10746,560192,2037000
1408,522,552,428540,10716,560744,2041600
1409,559,520,427981,10755,561264,2094000
1410,502,547,427479,10710,561811,1936900
1411,509,523,426970,10696,562334,1998900
1412,548,561,426422,10683,562895,1928600
1413,535,522,425887,10696,563417,2220300
1414,515,527,425372,10684,563944,1946700
1415,545,525,424827,10704,564469,1896600
1416,511,551,424316,10664,565020,1944000
1417,564,551,423752,10677,565571,1925400
1418,526,586,423226,10617,566157,1966300
1419,503,550,422723,10570,566707,2111700
1420,533,554,422190,10549,567261,2040400
1421,496,525,421694,10520,567786,1964000
1422,495,508,421199,10507,568294,1924100
1423,497,508,420702,10496,568802,1983400
1424,498,535,420204,10459,569337,1970200
1425,517,528,419687,10448,569865,1953200
1426,496,500,419191,10444,570365,1937100
1427,527,521,418664,10450,570886,2297800
1428,502,529,418162,10423,571415,1963600
1429,546,562,417616,10407,571977,1935700
1430,503,505,417113,10405,572482,1957900
1431,516,525,416597,10396,573007,2352300
1432,538,512,416059,10422,573519,1930000
1433,489,516,415570,10395,574035,2017400
1434,498,503,415072,10390,574538,2023900
1435,491,544,414581,10337,575082,1959600
1436,516,536,414065,10317,575618,2055300
1437,534,503,413531,10348,576121,1825500
1438,492,502,413039,10338,576623,1933900
1439,510,511,412529,10337,577134,1930700
1440,508,504,412021,10341,577638,2097100
1441,466,501,411555,10306,578139,2120600
1442,519,497,411036,10328,578636,1949000
1443,506,467,410530,10367,579103,2000200
1444,508,512,410022,10363,579615,1933400
1445,522,510,409500,10375,580125,1916800
1446,518,506,408982,10387,580631,2089600
1447,524,524,408458,10387,581155,1911600
1448,505,464,407953,10428,581619,2065900
1449,510,506,407443,10432,582125,2039400
1450,483,506,406960,10409,582631,1920400
1451,476,529,406484,10356,583160,2251200
1452,538,524,405946,10370,583684,2029200
1453,522,518,405424,10374,584202,1930100
1454,525,553,404899,10346,584755,1920800
1455,500,535,404399,10311,585290,1983200
1456,490,551,403909,10250,585841,1992100
1457,521,513,403388,10258,586354,1970300
1458,543,550,402845,10251,586904,1940600
1459,493,502,402352,10242,587406,1890000
1460,490,489,401862,10243,587895,2098000
1461,475,504,401387,10214,588399,1893800
1462,540,503,400847,10251,588902,1927600
1463,507,496,400340,10262,589398,2278000
1464,500,499,399840,10263,589897,2044700
1465,522,478,399318,10307,590375,1948200
1466,532,534,398786,10305,590909,1909400
1467,505,513,398281,10297,591422,1905100
1468,511,477,397770,10331,591899,2194200
1469,468,555,397302,10244,592454,2282900
1470,501,486,396801,10259,592940,1933700
1471,488,512,396313,10235,593452,1996900
1472,477,528,395836,10184,593980,2045000
1473,525,491,395311,10218,594471,1958600
1474,533,473,394778,10278,594944,1963900
1475,510,526,394268,10262,595470,1923900
1476,569,479,393699,10352,595949,1896000
1477,520,528,393179,10344,596477,1975700
1478,510,519,392669,10335,596996,1875100
1479,525,532,392144,10328,597528,1874400
1480,517,503,391627,10342,598031,1904100
1481,482,505,391145,10319,598536,1896300
1482,507,538,390638,10288,599074,1922100
1483,511,465,390127,10334,599539,1935300
1484,528,488,389599,10374,600027,1912200
1485,493,503,389106,10364,600530,1995000
1486,528,551,388578,10341,601081,2105000
1487,574,486,388004,10429,601567,1899900
1488,525,516,387479,10438,602083,2136700
1489,506,549,386973,10395,602632,2111700
1490,525,508,386448,10412,603140,1921900
1491,536,491,385912,10457,603631,2233300
1492,530,515,385382,10472,604146,1934900
1493,528,551,384854,10449,604697,2175300
1494,499,536,384355,10412,605233,1901200
1495,513,493,383842,10432,605726,1903300
1496,521,506,383321,10447,606232,2186400
1497,554,530,382767,10471,606762,1883900
1498,504,498,382263,10477,607260,2175600
1499,558,526,381705,10509,607786,1929300
1500,520,528,381185,10501,608314,2032400
1501,552,510,380633,10543,608824,1891900
1502,529,512,380104,10560,609336,1934400
1503,529,523,379575,10566,609859,1851800
1504,525,496,379050,10595,610355,1828600
1505,521,530,378529,10586,610885,1933200
1506,562,505,377967,10643,611390,1914300
1507,525,523,377442,10645,611913,1881900
1508,498,509,376944,10634,612422,2011400
1509,529,485,376415,10678,612907,1793200
1510,526,566,375889,10638,613473,1881900
1511,526,509,375363,10655,613982,1896700
1512,531,571,374832,10615,614553,1813800
1513,513,550,374319,10578,615103,1906200
1514,497,506,373822,10569,615609,1906000
1515,531,531,373291,10569,616140,1773200
1516,530,507,372761,10592,616647,1773500
1517,518,500,372243,10610,617147,1893200
1518,534,519,371709,10625,617666,1980900
1519,569,532,371140,10662,618198,1847800
1520,543,527,370597,10678,618725,1901600
1521,500,520,370097,10658,619245,1969600
1522,501,521,369596,10638,619766,1951700
1523,561,531,369035,10668,620297,1775500
1524,514,536,368521,10646,620833,1829500
1525,509,503,368012,10652,621336,1866800
1526,553,521,367459,10684,621857,1854300
1527,522,523,366937,10683,622380,1808800
1528,507,501,366430,10689,622881,2126700
1529,508,545,365922,10652,623426,1745400
1530,547,565,365375,10634,623991,1792700
1531,544,550,364831,10628,624541,1878500
1532,514,530,364317,10612,625071,1871700
1533,527,502,363790,10637,625573,1856700
1534,522,528,363268,10631,626101,1916000
1535,535,554,362733,10612,626655,1823600
1536,490,541,362243,10561,627196,1776600
1537,518,535,361725,10544,627731,1761500
1538,521,569,361204,10496,628300,1854900
1539,521,530,360683,10487,628830,1878400
1540,534,579,360149,10442,629409,2027400
1541,527,503,359622,10466,629912,1859400
1542,504,495,359118,10475,630407,1812500
1543,527,564,358591,10438,630971,1865100
1544,522,506,358069,10454,631477,1787700
1545,528,503,357541,10479,631980,1780600
1546,526,565,357015,10440,632545,1874200
1547,509,557,356506,10392,633102,1832600
1548,473,537,356033,10328,633639,1743000
1549,504,528,355529,10304,634167,1799200
1550,496,514,355033,10286,634681,1760100
1551,485,515,354548,10256,635196,1763800
1552,497,494,354051,10259,635690,1816900
1553,483,513,353568,10229,636203,1748700
1554,500,559,353068,10170,636762,1773100
1555,495,480,352573,10185,637242,1763900
1556,542,501,352031,10226,637743,1845000
1557,517,496,351514,10247,638239,1796600
1558,497,496,351017,10248,638735,1750500
1559,493,498,350524,10243,639233,1919600
1560,459,517,350065,10185,639750,1854300
1561,507,514,349558,10178,640264,1844900
1562,506,484,349052,10200,640748,1847600
1563,483,468,348569,10215,641216,1942200
1564,489,555,348080,10149,641771,1836200
1565,491,494,347589,10146,642265,1864600
1566,511,522,347078,10135,642787,1780100
1567,496,513,346582,10118,643300,1754100
1568,481,528,346101,10071,643828,1878700
1569,488,498,345613,10061,644326,1826300
1570,498,481,345115,10078,644807,1762400
1571,445,557,344670,9966,645364,1982400
1572,472,484,344198,9954,645848,1758900
1573,493,514,343705,9933,646362,1748500
1574,524,488,343181,9969,646850,1842800
1575,528,520,342653,9977,647370,1814400
1576,520,521,342133,9976,647891,1743300
1577,492,515,341641,9953,648406,1952300
1578,472,496,341169,9929,648902,1882200
1579,501,513,340668,9917,649415,1744500
1580,501,478,340167,9940,649893,1737900
1581,499,525,339668,9914,650418,1741600
1582,515,517,339153,9912,650935,1736100
1583,527,532,338626,9907,651467,1735000
1584,492,466,338134,9933,651933,1835600
1585,501,483,337633,9951,652416,1771700
1586,457,476,337176,9932,652892,1752800
1587,481,485,336695,9928,653377,1914500
1588,467,473,336228,9922,653850,2207500
1589,483,492,335745,9913,654342,2046900
1590,498,524,335247,9887,654866,1740300
1591,503,491,334744,9899,655357,1735300
1592,544,543,334200,9900,655900,1862800
1593,505,468,333695,9937,656368,1768700
1594,457,500,333238,9894,656868,1735700
1595,479,490,332759,9883,657358,1736900
1596,490,505,332269,9868,657863,1843600
1597,490,479,331779,9879,658342,1741000
1598,473,493,331306,9859,658835,1763100
1599,467,495,330839,9831,659330,1755000
1600,497,522,330342,9806,659852,1864600
1601,498,487,329844,9817,660339,2053100
1602,489,493,329355,9813,660832,1920800
1603,519,489,328836,9843,661321,1853400
1604,470,502,328366,9811,661823,1812100
1605,473,512,327893,9772,662335,1755200
1606,460,491,327433,9741,662826,2004800
1607,487,505,326946,9723,663331,1847000
1608,467,506,326479,9684,663837,1737300
1609,499,486,325980,9697,664323,1881200
1610,486,465,325494,9718,664788,1809200
1611,512,525,324982,9705,665313,1783500
1612,511,478,324471,9738,665791,1750500
1613,507,490,323964,9755,666281,1765100
1614,497,505,323467,9747,666786,1773600
1615,484,490,322983,9741,667276,1791200
1616,454,490,322529,9705,667766,1817600
1617,468,504,322061,9669,668270,1850000
1618,486,483,321575,9672,668753,1839900
1619,502,504,321073,9670,669257,1840600
1620,511,483,320562,9698,669740,1839000
1621,503,442,320059,9759,670182,1789000
1622,481,509,319578,9731,670691,2134100
1623,463,493,319115,9701,671184,1757400
1624,490,495,318625,9696,671679,1831800
1625,524,462,318101,9758,672141,2022500
1626,536,485,317565,9809,672626,1762300
1627,499,506,317066,9802,673132,1852200
1628,493,445,316573,9850,673577,1886300
1629,500,465,316073,9885,674042,1870500
1630,561,485,315512,9961,674527,2081300
1631,519,500,314993,9980,675027,1841300
1632,525,537,314468,9968,675564,2019100
1633,502,501,313966,9969,676065,1871000
1634,492,522,313474,9939,676587,1830000
1635,528,477,312946,9990,677064,1845800
1636,505,449,312441,10046,677513,1863800
1637,502,478,311939,10070,677991,1900900
1638,509,508,311430,10071,678499,1834400
1639,494,476,310936,10089,678975,1852400
1640,483,503,310453,10069,679478,1835600
1641,511,472,309942,10108,679950,1841500
1642,465,505,309477,10068,680455,1819300
1643,467,477,309010,10058,680932,1859600
1644,537,505,308473,10090,681437,1851400
1645,501,464,307972,10127,681901,1819300
1646,507,507,307465,10127,682408,1785400
1647,537,493,306928,10171,682901,1781800
1648,527,478,306401,10220,683379,1931600
1649,516,523,305885,10213,683902,1768600
1650,512,526,305373,10199,684428,1855900
1651,516,490,304857,10225,684918,1825700
1652,521,491,304336,10255,685409,1765300
1653,501,529,303835,10227,685938,1751200
1654,487,490,303348,10224,686428,1742600
1655,505,509,302843,10220,686937,1877800
1656,504,509,302339,10215,687446,2067800
1657,508,559,301831,10164,688005,1884900
1658,507,491,301324,10180,688496,1790400
1659,485,516,300839,10149,689012,1760100
1660,477,482,300362,10144,689494,1750100
1661,482,553,299880,10073,690047,1844300
1662,476,551,299404,9998,690598,1851900
1663,466,497,298938,9967,691095,1825700
1664,477,510,298461,9934,691605,1747600
1665,473,531,297988,9876,692136,1921100
1666,488,493,297500,9871,692629,1850200
1667,444,495,297056,9820,693124,1846900
1668,489,492,296567,9817,693616,1861300
1669,493,464,296074,9846,694080,1824500
1670,463,499,295611,9810,694579,1768400
1671,467,503,295144,9774,695082,1739400
1672,511,502,294633,9783,695584,1829800
1673,522,503,294111,9802,696087,1906200
1674,476,495,293635,9783,696582,1873100
1675,469,470,293166,9782,697052,1828700
1676,449,482,292717,9749,697534,1784400
1677,470,482,292247,9737,698016,1741500
1678,506,445,291741,9798,698461,1742100
1679,462,484,291279,9776,698945,1845800
1680,467,474,290812,9769,699419,1813600
1681,481,456,290331,9794,699875,1953000
1682,462,503,289869,9753,700378,2209600
1683,480,495,289389,9738,700873,1851900
1684,495,515,288894,9718,701388,1758500
1685,486,493,288408,9711,701881,1753200
1686,480,469,287928,9722,702350,1839600
1687,460,506,287468,9676,702856,1942800
1688,522,474,286946,9724,703330,1871600
1689,476,452,286470,9748,703782,1808900
1690,472,497,285998,9723,704279,1768000
1691,496,458,285502,9761,704737,1759400
1692,479,521,285023,9719,705258,1842100
1693,521,494,284502,9746,705752,1850300
1694,513,472,283989,9787,706224,1925500
1695,496,495,283493,9788,706719,1799500
1696,455,542,283038,9701,707261,1999500
1697,452,482,282586,9671,707743,1757400
1698,500,475,282086,9696,708218,1894800
1699,530,473,281556,9753,708691,1919900
1700,489,494,281067,9748,709185,1920000
1701,522,462,280545,9808,709647,1901100
1702,483,449,280062,9842,710096,1878100
1703,520,468,279542,9894,710564,1938500
1704,493,489,279049,9898,711053,1936600
1705,500,491,278549,9907,711544,1921300
1706,509,502,278040,9914,712046,2114600
1707,536,476,277504,9974,712522,1948600
1708,506,500,276998,9980,713022,1915500
1709,513,499,276485,9994,713521,2118900
1710,550,526,275935,10018,714047,2187300
1711,536,472,275399,10082,714519,2247400
1712,526,487,274873,10121,715006,1935600
1713,505,503,274368,10123,715509,1972400
1714,523,484,273845,10162,715993,1953500
1715,500,515,273345,10147,716508,1813200
1716,500,550,272845,10097,717058,1793800
1717,502,511,272343,10088,717569,1879900
1718,500,511,271843,10077,718080,1814700
1719,508,506,271335,10079,718586,1771200
1720,488,507,270847,10060,719093,1830900
1721,503,518,270344,10045,719611,1874700
1722,508,525,269836,10028,720136,1752800
1723,492,476,269344,10044,720612,1775600
1724,501,506,268843,10039,721118,1737100
1725,513,506,268330,10046,721624,1796300
1726,466,481,267864,10031,722105,1914100
1727,505,521,267359,10015,722626,1771700
1728,514,440,266845,10089,723066,1770800
1729,451,564,266394,9976,723630,1924400
1730,488,506,265906,9958,724136,1849100
1731,497,533,265409,9922,724669,1752900
1732,500,508,264909,9914,725177,1877800
1733,493,510,264416,9897,725687,1850500
1734,476,522,263940,9851,726209,1948800
1735,434,529,263506,9756,726738,1816500
1736,483,506,263023,9733,727244,1769000
1737,442,482,262581,9693,727726,1913000
1738,512,480,262069,9725,728206,1993000
1739,447,493,261622,9679,728699,1810400
1740,510,469,261112,9720,729168,1866000
1741,501,462,260611,9759,729630,1840200
1742,497,458,260114,9798,730088,1767000
1743,479,497,259635,9780,730585,2204000
1744,481,463,259154,9798,731048,1967700
1745,478,531,258676,9745,731579,1801500
1746,483,455,258193,9773,732034,1916400
1747,527,495,257666,9805,732529,1794600
1748,511,483,257155,9833,733012,1788500
1749,475,508,256680,9800,733520,1858500
1750,515,481,256165,9834,734001,1765100
1751,455,499,255710,9790,734500,1757700
1752,492,501,255218,9781,735001,1944400
1753,451,455,254767,9777,735456,1882700
1754,491,507,254276,9761,735963,1855400
1755,496,457,253780,9800,736420,1866400
1756,480,487,253300,9793,736907,1764200
1757,470,459,252830,9804,737366,1803000
1758,517,474,252313,9847,737840,1745600
1759,446,506,251867,9787,738346,1752900
1760,503,512,251364,9778,738858,1848800
1761,497,497,250867,9778,739355,2140400
1762,499,489,250368,9788,739844,1864000
1763,482,513,249886,9757,740357,1844900
1764,433,488,249453,9702,740845,1755400
1765,463,474,248990,9691,741319,1795800
1766,438,499,248552,9630,741818,1733400
1767,475,477,248077,9628,742295,1841000
1768,469,502,247608,9595,742797,1823200
1769,508,493,247100,9610,743290,1734900
1770,427,469,246673,9568,743759,1726300
1771,468,488,246205,9548,744247,1748300
1772,457,488,245748,9517,744735,1839900
1773,450,490,245298,9477,745225,1780100
1774,454,450,244844,9481,745675,1872100
1775,427,470,244417,9438,746145,1752900
1776,468,494,243949,9412,746639,1837800
1777,478,466,243471,9424,747105,1778800
1778,445,488,243026,9381,747593,1833500
1779,441,473,242585,9349,748066,1749000
1780,443,476,242142,9316,748542,1866500
1781,427,457,241715,9286,748999,1783500
1782,398,434,241317,9250,749433,1753900
1783,399,435,240918,9214,749868,1790800
1784,432,453,240486,9193,750321,1774700
1785,451,479,240035,9165,750800,1737900
1786,441,425,239594,9181,751225,1856800
1787,434,465,239160,9150,751690,1841900
1788,427,429,238733,9148,752119,1780300
1789,462,461,238271,9149,752580,1761200
1790,442,466,237829,9125,753046,1756500
1791,437,432,237392,9130,753478,1864600
1792,441,436,236951,9135,753914,1853500
1793,432,452,236519,9115,754366,1978400
1794,427,457,236092,9085,754823,1758800
1795,458,471,235634,9072,755294,1765200
1796,433,444,235201,9061,755738,1826900
1797,426,495,234775,8992,756233,1850600
1798,429,459,234346,8962,756692,1746800
1799,449,486,233897,8925,757178,1795200
1800,439,465,233458,8899,757643,1782600
1801,456,466,233002,8889,758109,1701200
1802,448,420,232554,8917,758529,1840300
1803,394,440,232160,8871,758969,1816700
1804,432,435,231728,8868,759404,1773100
1805,444,436,231284,8876,759840,1738000
1806,430,435,230854,8871,760275,1748300
1807,441,454,230413,8858,760729,1745400
1808,431,469,229982,8820,761198,1774600
1809,435,421,229547,8834,761619,1737400
1810,413,469,229134,8778,762088,1920900
1811,460,432,228674,8806,762520,1984300
1812,427,492,228247,8741,763012,1848500
1813,413,433,227834,8721,763445,1839100
1814,452,456,227382,8717,763901,1837100
1815,439,416,226943,8740,764317,1939700
1816,464,433,226479,8771,764750,2246800
1817,450,471,226029,8750,765221,2060800
1818,443,433,225586,8760,765654,1878000
1819,380,429,225206,8711,766083,1829100
1820,448,432,224758,8727,766515,1747400
1821,451,417,224307,8761,766932,1756500
1822,426,437,223881,8750,767369,1740400
1823,433,452,223448,8731,767821,1878800
1824,444,435,223004,8740,768256,1889800
1825,403,443,222601,8700,768699,1739800
1826,473,447,222128,8726,769146,1775800
1827,440,423,221688,8743,769569,1752800
1828,455,450,221233,8748,770019,1846100
1829,453,390,220780,8811,770409,1816600
1830,459,448,220321,8822,770857,1908200
1831,431,425,219890,8828,771282,1744500
1832,448,421,219442,8855,771703,1837800
1833,418,473,219024,8800,772176,1853700
1834,414,450,218610,8764,772626,1846600
1835,434,437,218176,8761,773063,1812100
1836,425,456,217751,8730,773519,1731600
1837,418,433,217333,8715,773952,1753700
1838,415,413,216918,8717,774365,1737100
1839,423,379,216495,8761,774744,1820600
1840,443,436,216052,8768,775180,1792100
1841,412,433,215640,8747,775613,1748500
1842,402,420,215238,8729,776033,1918000
1843,427,424,214811,8732,776457,2128600
1844,441,422,214370,8751,776879,2176100
1845,426,453,213944,8724,777332,1738400
1846,389,433,213555,8680,777765,1729400
1847,411,444,213144,8647,778209,1842100
1848,429,437,212715,8639,778646,1992100
1849,441,441,212274,8639,779087,1972600
1850,435,443,211839,8631,779530,2010300
1851,427,422,211412,8636,779952,1841100
1852,419,411,210993,8644,780363,1835100
1853,403,427,210590,8620,780790,1822900
1854,416,458,210174,8578,781248,1826500
1855,401,443,209773,8536,781691,1820100
1856,402,427,209371,8511,782118,1846600
1857,412,440,208959,8483,782558,1822100
1858,384,450,208575,8417,783008,1827100
1859,415,405,208160,8427,783413,1792500
1860,407,385,207753,8449,783798,2031100
1861,390,423,207363,8416,784221,1855800
1862,385,434,206978,8367,784655,1808400
1863,413,412,206565,8368,785067,1856500
1864,395,411,206170,8352,785478,2288100
1865,411,428,205759,8335,785906,1896000
1866,424,451,205335,8308,786357,1855800
1867,401,401,204934,8308,786758,1831800
1868,350,420,204584,8238,787178,1825400
1869,380,392,204204,8226,787570,1792800
1870,366,428,203838,8164,787998,1807900
1871,425,374,203413,8215,788372,1843200
1872,362,387,203051,8190,788759,1841400
1873,375,373,202676,8192,789132,1850300
1874,381,428,202295,8145,789560,1823700
1875,468,388,201827,8225,789948,1797000
1876,379,403,201448,8201,790351,2083800
1877,427,418,201021,8210,790769,1916300
1878,418,405,200603,8223,791174,1851600
1879,430,429,200173,8224,791603,2081900
1880,417,427,199756,8214,792030,1910600
1881,417,429,199339,8202,792459,1805500
1882,441,450,198898,8193,792909,1889000
1883,421,412,198477,8202,793321,1799400
1884,419,423,198058,8198,793744,1800100
1885,429,383,197629,8244,794127,1819900
1886,385,401,197244,8228,794528,1744000
1887,418,387,196826,8259,794915,1790000
1888,436,402,196390,8293,795317,1815500
1889,372,401,196018,8264,795718,1867700
1890,398,397,195620,8265,796115,2060500
1891,410,410,195210,8265,796525,1879100
1892,399,428,194811,8236,796953,1870500
1893,400,417,194411,8219,797370,1798700
1894,423,433,193988,8209,797803,1847300
1895,399,414,193589,8194,798217,1803600
1896,400,431,193189,8163,798648,1790100
1897,394,438,192795,8119,799086,1797800
1898,376,402,192419,8093,799488,1799300
1899,405,391,192014,8107,799879,1880700
1900,385,401,191629,8091,800280,1792700
1901,398,391,191231,8098,800671,1816500
1902,381,380,190850,8099,801051,1822000
1903,397,390,190453,8106,801441,1807000
1904,441,414,190012,8133,801855,1863400
1905,384,406,189628,8111,802261,1768300
1906,372,416,189256,8067,802677,1786000
1907,382,402,188874,8047,803079,1784000
1908,389,372,188485,8064,803451,1774200
1909,394,386,188091,8072,803837,1968200
1910,388,399,187703,8061,804236,1764400
1911,392,422,187311,8031,804658,1977600
1912,385,361,186926,8055,805019,1779300
1913,394,405,186532,8044,805424,1858900
1914,429,414,186103,8059,805838,1831100
1915,396,371,185707,8084,806209,1914700
1916,405,386,185302,8103,806595,2320100
1917,400,382,184902,8121,806977,2028400
1918,393,362,184509,8152,807339,1957300
1919,415,394,184094,8173,807733,1928000
1920,379,431,183715,8121,808164,1903500
1921,387,454,183328,8054,808618,1907200
1922,408,386,182920,8076,809004,1903900
1923,381,411,182539,8046,809415,1970900
1924,401,405,182138,8042,809820,2371700
1925,373,408,181765,8007,810228,2094400
1926,382,394,181383,7995,810622,2122500
1927,401,392,180982,8004,811014,1962800
1928,379,371,180603,8012,811385,2260400
1929,407,418,180196,8001,811803,2080100
1930,386,389,179810,7998,812192,2122800
1931,366,418,179444,7946,812610,2049400
1932,390,391,179054,7945,813001,2013000
1933,407,400,178647,7952,813401,2115300
1934,389,374,178258,7967,813775,1905100
1935,358,391,177900,7934,814166,1991700
1936,370,395,177530,7909,814561,2025200
1937,404,387,177126,7926,814948,2086500
1938,341,417,176785,7850,815365,2039100
1939,381,375,176404,7856,815740,1965600
1940,370,350,176034,7876,816090,1925100
1941,338,396,175696,7818,816486,1873500
1942,364,386,175332,7796,816872,1783300
1943,365,397,174967,7764,817269,1808200
1944,388,381,174579,7771,817650,1799100
1945,375,391,174204,7755,818041,1976000
1946,356,402,173848,7709,818443,1953600
1947,377,387,173471,7699,818830,1899600
1948,390,365,173081,7724,819195,1900200
1949,329,375,172752,7678,819570,1894800
1950,367,391,172385,7654,819961,1922400
1951,359,407,172026,7606,820368,1837200
1952,363,373,171663,7596,820741,1804200
1953,377,403,171286,7570,821144,1831900
1954,334,405,170952,7499,821549,1806200
1955,341,364,170611,7476,821913,1866800
1956,347,336,170264,7487,822249,1840900
1957,335,371,169929,7451,822620,1761500
1958,348,393,169581,7406,823013,1790000
1959,351,384,169230,7373,823397,1742700
1960,325,394,168905,7304,823791,1833900
1961,377,381,168528,7300,824172,1802000
1962,367,372,168161,7295,824544,1884600
1963,374,368,167787,7301,824912,2031400
1964,332,349,167455,7284,825261,1784100
1965,359,393,167096,7250,825654,1744600
1966,358,351,166738,7257,826005,1816600
1967,367,358,166371,7266,826363,1828900
1968,371,342,166000,7295,826705,1784900
1969,354,372,165646,7277,827077,1951400
1970,339,373,165307,7243,827450,1701200
1971,350,331,164957,7262,827781,1966600
1972,353,366,164604,7249,828147,2387800
1973,382,364,164222,7267,828511,1927700
1974,334,377,163888,7224,828888,1839700
1975,367,359,163521,7232,829247,1899500
1976,338,316,163183,7254,829563,1911000
1977,362,376,162821,7240,829939,1788700
1978,326,354,162495,7212,830293,1845200
1979,381,361,162114,7232,830654,1983900
1980,334,336,161780,7230,830990,1859000
1981,358,379,161422,7209,831369,1802000
1982,374,365,161048,7218,831734,1915900
1983,336,343,160712,7211,832077,1831900
1984,359,404,160353,7166,832481,1946900
1985,345,334,160008,7177,832815,1871000
1986,349,361,159659,7165,833176,1853300
1987,323,365,159336,7123,833541,2099200
1988,325,359,159011,7089,833900,1826500
1989,366,356,158645,7099,834256,1817900
1990,358,388,158287,7069,834644,1936100
1991,335,354,157952,7050,834998,2043000
1992,355,371,157597,7034,835369,1820400
1993,313,356,157284,6991,835725,1769300
1994,338,348,156946,6981,836073,1883300
1995,346,359,156600,6968,836432,1885200
1996,365,362,156235,6971,836794,1894100
1997,343,362,155892,6952,837156,2013100
1998,335,359,155557,6928,837515,2134100
1999,342,360,155215,6910,837875,1817600
2000,355,360,154860,6905,838235,1752700
2001,334,334,154526,6905,838569,1735100
2002,357,334,154169,6928,838903,1989100
2003,331,346,153838,6913,839249,1879200
2004,351,333,153487,6931,839582,1824200
2005,330,345,153157,6916,839927,1844100
2006,371,380,152786,6907,840307,1790600
2007,331,306,152455,6932,840613,2042400
2008,323,360,152132,6895,840973,1798400
2009,351,326,151781,6920,841299,2013400
2010,344,333,151437,6931,841632,1781400
2011,385,368,151052,6948,842000,1794100
2012,334,347,150718,6935,842347,1895900
2013,341,388,150377,6888,842735,1750800
2014,330,328,150047,6890,843063,1787900
2015,323,340,149724,6873,843403,1745400
2016,350,319,149374,6904,843722,1894900
2017,328,356,149046,6876,844078,1932700
2018,350,347,148696,6879,844425,2002700
2019,358,358,148338,6879,844783,1835300
2020,348,322,147990,6905,845105,1878800
2021,357,371,147633,6891,845476,1945800
2022,358,330,147275,6919,845806,1821500
2023,337,340,146938,6916,846146,1750700
2024,348,348,146590,6916,846494,1799200
2025,352,345,146238,6923,846839,1804700
2026,337,390,145901,6870,847229,1858900
2027,351,322,145550,6899,847551,1770800
2028,317,328,145233,6888,847879,1791100
2029,339,343,144894,6884,848222,1879900
2030,337,379,144557,6842,848601,1736200
2031,320,361,144237,6801,848962,1886800
2032,352,293,143885,6860,849255,1868800
2033,356,347,143529,6869,849602,1791300
2034,324,339,143205,6854,849941,1743100
2035,343,349,142862,6848,850290,1811600
2036,362,336,142500,6874,850626,1868200
2037,349,334,142151,6889,850960,1872700
2038,351,328,141800,6912,851288,1905100
2039,353,372,141447,6893,851660,2023200
2040,342,337,141105,6898,851997,2064800
2041,361,347,140744,6912,852344,1842900
2042,359,350,140385,6921,852694,1788400
2043,322,336,140063,6907,853030,1782800
2044,344,364,139719,6887,853394,1830300
2045,353,365,139366,6875,853759,1828300
2046,349,345,139017,6879,854104,1873000
2047,335,341,138682,6873,854445,1852900
2048,364,338,138318,6899,854783,1881700
2049,329,343,137989,6885,855126,1768200
2050,323,325,137666,6883,855451,1843900
2051,349,372,137317,6860,855823,1817600
2052,360,337,136957,6883,856160,1799300
2053,318,349,136639,6852,856509,1827200
2054,334,373,136305,6813,856882,1810100
2055,361,330,135944,6844,857212,1838700
2056,332,317,135612,6859,857529,1765100
2057,345,370,135267,6834,857899,1724700
2058,347,347,134920,6834,858246,2317000
2059,335,354,134585,6815,858600,1853000
2060,344,334,134241,6825,858934,1857200
2061,344,343,133897,6826,859277,1930700
2062,341,340,133556,6827,859617,1861100
2063,318,333,133238,6812,859950,1913000
2064,333,359,132905,6786,860309,1867000
2065,324,330,132581,6780,860639,1848500
2066,332,347,132249,6765,860986,1832700
2067,365,321,131884,6809,861307,2129600
2068,345,323,131539,6831,861630,1862200
2069,325,327,131214,6829,861957,2030000
2070,355,342,130859,6842,862299,2028900
2071,318,338,130541,6822,862637,1814900
2072,311,337,130230,6796,862974,1748200
2073,329,366,129901,6759,863340,1813600
2074,305,342,129596,6722,863682,1772100
2075,321,335,129275,6708,864017,1758800
2076,269,354,129006,6623,864371,1776000
2077,312,322,128694,6613,864693,1832900
2078,296,313,128398,6596,865006,1817000
2079,303,352,128095,6547,865358,1854600
2080,331,342,127764,6536,865700,1791800
2081,334,307,127430,6563,866007,1824700
2082,314,305,127116,6572,866312,1762600
2083,309,335,126807,6546,866647,1736700
2084,311,314,126496,6543,866961,1762700
2085,336,312,126160,6567,867273,1714900
2086,307,338,125853,6536,867611,1745800
2087,320,299,125533,6557,867910,1830200
2088,313,313,125220,6557,868223,1755000
2089,309,341,124911,6525,868564,1752500
2090,285,332,124626,6478,868896,1838400
2091,283,311,124343,6450,869207,1718900
2092,305,340,124038,6415,869547,1806900
2093,325,319,123713,6421,869866,1725900
2094,301,308,123412,6414,870174,1728400
2095,318,315,123094,6417,870489,1784000
2096,302,328,122792,6391,870817,1781800
2097,313,295,122479,6409,871112,1755900
2098,288,313,122191,6384,871425,1782000
2099,284,340,121907,6328,871765,1780400
2100,268,324,121639,6272,872089,1853700
2101,273,308,121366,6237,872397,1751600
2102,299,328,121067,6208,872725,1777200
2103,305,331,120762,6182,873056,1745500
2104,319,319,120443,6182,873375,1767100
2105,293,312,120150,6163,873687,1889900
2106,270,282,119880,6151,873969,1730700
2107,316,292,119564,6175,874261,1729200
2108,309,323,119255,6161,874584,1677700
2109,303,310,118952,6154,874894,1820000
2110,322,313,118630,6163,875207,1771600
2111,306,319,118324,6150,875526,1682200
2112,282,334,118042,6098,875860,1702200
2113,293,294,117749,6097,876154,1807600
2114,281,300,117468,6078,876454,1946500
2115,308,333,117160,6053,876787,1968100
2116,300,327,116860,6026,877114,1752000
2117,312,287,116548,6051,877401,1772800
2118,278,330,116270,5999,877731,1806500
2119,293,295,115977,5997,878026,1840500
2120,286,309,115691,5974,878335,1776500
2121,278,318,115413,5934,878653,1750700
2122,303,298,115110,5939,878951,1676200
2123,319,321,114791,5937,879272,1829700
2124,253,330,114538,5860,879602,1820200
2125,297,296,114241,5861,879898,1690900
2126,263,314,113978,5810,880212,1682200
2127,295,274,113683,5831,880486,1827200
2128,298,272,113385,5857,880758,1802900
2129,273,281,113112,5849,881039,1761800
2130,291,295,112821,5845,881334,1718800
2131,297,284,112524,5858,881618,1728900
2132,286,283,112238,5861,881901,1900600
2133,285,312,111953,5834,882213,1857800
2134,285,302,111668,5817,882515,1710100
2135,280,262,111388,5835,882777,1719100
2136,256,273,111132,5818,883050,1762800
2137,308,288,110824,5838,883338,1814400
2138,294,277,110530,5855,883615,1788600
2139,291,307,110239,5839,883922,1720200
2140,272,298,109967,5813,884220,1899400
2141,267,317,109700,5763,884537,1732100
2142,266,288,109434,5741,884825,1783800
2143,279,282,109155,5738,885107,1796600
2144,293,273,108862,5758,885380,1722900
2145,305,289,108557,5774,885669,1751400
2146,285,297,108272,5762,885966,1830000
2147,290,309,107982,5743,886275,1777800
2148,293,262,107689,5774,886537,1723400
2149,238,322,107451,5690,886859,1951500
2150,252,298,107199,5644,887157,1700300
2151,296,277,106903,5663,887434,1812600
2152,280,289,106623,5654,887723,1767800
2153,277,290,106346,5641,888013,1714000
2154,307,290,106039,5658,888303,1696800
2155,294,257,105745,5695,888560,1822000
2156,258,270,105487,5683,888830,1775000
2157,277,289,105210,5671,889119,1666900
2158,294,276,104916,5689,889395,1782200
2159,311,329,104605,5671,889724,1828200
2160,299,271,104306,5699,889995,1810100
2161,296,268,104010,5727,890263,1832500
2162,281,268,103729,5740,890531,1724100
2163,281,279,103448,5742,890810,1720100
2164,257,292,103191,5707,891102,1817200
2165,257,308,102934,5656,891410,1773600
2166,274,289,102660,5641,891699,1777300
2167,284,271,102376,5654,891970,1993400
2168,260,285,102116,5629,892255,1838600
2169,238,273,101878,5594,892528,1809700
2170,289,277,101589,5606,892805,1812200
2171,258,259,101331,5605,893064,1792700
2172,271,273,101060,5603,893337,1673800
2173,277,285,100783,5595,893622,1673600
2174,270,268,100513,5597,893890,1820800
2175,255,284,100258,5568,894174,1808100
2176,283,251,99975,5600,894425,2013800
2177,293,288,99682,5605,894713,1799400
2178,278,289,99404,5594,895002,1810500
2179,297,279,99107,5612,895281,1823800
2180,314,249,98793,5677,895530,1832300
2181,288,275,98505,5690,895805,1786700
2182,273,277,98232,5686,896082,1816900
2183,283,267,97949,5702,896349,1817400
2184,271,300,97678,5673,896649,1807400
2185,250,262,97428,5661,896911,1826300
2186,304,305,97124,5660,897216,1819400
2187,281,318,96843,5623,897534,1803200
2188,254,299,96589,5578,897833,1746900
2189,258,291,96331,5545,898124,1717800
2190,246,259,96085,5532,898383,1825700
2191,294,276,95791,5550,898659,1808700
2192,285,271,95506,5564,898930,1738700
2193,286,292,95220,5558,899222,1738500
2194,262,281,94958,5539,899503,1712200
2195,290,253,94668,5576,899756,1792600
2196,301,296,94367,5581,900052,1730400
2197,288,260,94079,5609,900312,1976500
2198,285,288,93794,5606,900600,1701600
2199,263,291,93531,5578,900891,1837800
2200,261,281,93270,5558,901172,1817400
2201,262,289,93008,5531,901461,1743200
2202,258,270,92750,5519,901731,1678600
2203,266,256,92484,5529,901987,1694900
2204,245,292,92239,5482,902279,1829500
2205,282,283,91957,5481,902562,1702400
2206,221,274,91736,5428,902836,1721900
2207,230,252,91506,5406,903088,1818200
2208,251,289,91255,5368,903377,1838200
2209,256,258,90999,5366,903635,1774100
2210,258,266,90741,5358,903901,1951400
2211,265,268,90476,5355,904169,1729200
2212,272,255,90204,5372,904424,1701600
2213,277,259,89927,5390,904683,1805300
2214,270,289,89657,5371,904972,1785800
2215,261,253,89396,5379,905225,1682300
2216,265,251,89131,5393,905476,1679200
2217,231,249,88900,5375,905725,1786500
2218,287,282,88613,5380,906007,1924300
2219,266,258,88347,5388,906265,1838200
2220,275,286,88072,5377,906551,1699200
2221,272,268,87800,5381,906819,1811300
2222,298,285,87502,5394,907104,1822500
2223,256,256,87246,5394,907360,1782900
2224,272,264,86974,5402,907624,1785500
2225,276,258,86698,5420,907882,1714900
2226,249,257,86449,5412,908139,1823200
2227,266,285,86183,5393,908424,1813600
2228,232,245,85951,5380,908669,1710500
2229,243,257,85708,5366,908926,1718400
2230,270,262,85438,5374,909188,1766800
2231,247,292,85191,5329,909480,1796600
2232,266,264,84925,5331,909744,1726900
2233,246,266,84679,5311,910010,1685500
2234,245,277,84434,5279,910287,1801200
2235,235,254,84199,5260,910541,1790600
2236,275,262,83924,5273,910803,1761300
2237,253,260,83671,5266,911063,1719800
2238,241,238,83430,5269,911301,1721200
2239,245,257,83185,5257,911558,1809200
2240,255,293,82930,5219,911851,1749900
2241,243,280,82687,5182,912131,1707500
2242,236,249,82451,5169,912380,1760800
2243,229,260,82222,5138,912640,1783100
2244,264,223,81958,5179,912863,1820800
2245,260,251,81698,5188,913114,1774800
2246,224,243,81474,5169,913357,1701900
2247,247,255,81227,5161,913612,1817900
2248,246,256,80981,5151,913868,1780900
2249,249,245,80732,5155,914113,1731300
2250,244,250,80488,5149,914363,1806100
2251,253,248,80235,5154,914611,1722900
2252,265,255,79970,5164,914866,1818600
2253,270,275,79700,5159,915141,1810700
2254,266,275,79434,5150,915416,1734200
2255,240,245,79194,5145,915661,2032100
2256,271,268,78923,5148,915929,1734700
2257,260,241,78663,5167,916170,1813200
2258,250,270,78413,5147,916440,1812600
2259,266,263,78147,5150,916703,1919500
2260,244,258,77903,5136,916961,1712800
2261,255,263,77648,5128,917224,1920200
2262,271,275,77377,5124,917499,1687400
2263,239,258,77138,5105,917757,1794800
2264,253,243,76885,5115,918000,1765900
2265,207,240,76678,5082,918240,1666700
2266,238,274,76440,5046,918514,1694500
2267,244,267,76196,5023,918781,1788700
2268,230,238,75966,5015,919019,1708100
2269,245,272,75721,4988,919291,1714800
2270,237,225,75484,5000,919516,1826600
2271,239,272,75245,4967,919788,1849700
2272,235,222,75010,4980,920010,1697500
2273,227,237,74783,4970,920247,1712500
2274,220,230,74563,4960,920477,2072800
2275,240,241,74323,4959,920718,1703000
2276,241,261,74082,4939,920979,1805900
2277,236,247,73846,4928,921226,1773700
2278,244,234,73602,4938,921460,1673200
2279,257,234,73345,4961,921694,1977000
2280,240,251,73105,4950,921945,1825500
2281,215,249,72890,4916,922194,1754600
2282,259,213,72631,4962,922407,1686200
2283,246,233,72385,4975,922640,1721900
2284,252,210,72133,5017,922850,1736100
2285,223,239,71910,5001,923089,1802100
2286,258,268,71652,4991,923357,1721400
2287,246,235,71406,5002,923592,1760700
2288,245,254,71161,4993,923846,1805000
2289,229,233,70932,4989,924079,1716400
2290,244,260,70688,4973,924339,2112000
2291,254,277,70434,4950,924616,1805800
2292,216,240,70218,4926,924856,1769500
2293,258,205,69960,4979,925061,1678900
2294,227,234,69733,4972,925295,1674800
2295,239,223,69494,4988,925518,1785300
2296,235,237,69259,4986,925755,1966900
2297,230,263,69029,4953,926018,1695500
2298,211,231,68818,4933,926249,1717100
2299,228,249,68590,4912,926498,1745500
2300,217,261,68373,4868,926759,1771100
2301,194,243,68179,4819,927002,1709300
2302,227,248,67952,4798,927250,1733800
2303,225,239,67727,4784,927489,1807900
2304,208,243,67519,4749,927732,1760700
2305,249,228,67270,4770,927960,1737200
2306,228,233,67042,4765,928193,2047500
2307,240,213,66802,4792,928406,1780600
2308,236,244,66566,4784,928650,1815900
2309,204,231,66362,4757,928881,1798200
2310,207,221,66155,4743,929102,1759600
2311,236,230,65919,4749,929332,1690000
2312,242,238,65677,4753,929570,1675600
2313,216,227,65461,4742,929797,1781400
2314,220,237,65241,4725,930034,1712300
2315,223,194,65018,4754,930228,1722000
2316,252,213,64766,4793,930441,1715600
2317,217,236,64549,4774,930677,1829300
2318,206,222,64343,4758,930899,1698900
2319,213,224,64130,4747,931123,1704800
2320,219,241,63911,4725,931364,1804900
2321,231,249,63680,4707,931613,1780500
2322,205,228,63475,4684,931841,1706100
2323,219,220,63256,4683,932061,1689400
2324,234,239,63022,4678,932300,1802500
2325,210,240,62812,4648,932540,1789800
2326,220,210,62592,4658,932750,1713300
2327,224,245,62368,4637,932995,1677900
2328,237,214,62131,4660,933209,1809500
2329,218,246,61913,4632,933455,1779100
2330,229,244,61684,4617,933699,1698700
2331,219,241,61465,4595,933940,1696000
2332,208,218,61257,4585,934158,1990600
2333,227,236,61030,4576,934394,1687300
2334,213,233,60817,4556,934627,1711200
2335,218,217,60599,4557,934844,1711200
2336,210,226,60389,4541,935070,1666500
2337,239,216,60150,4564,935286,1765900
2338,208,236,59942,4536,935522,1699200
2339,211,241,59731,4506,935763,1661800
2340,224,238,59507,4492,936001,1812400
2341,214,225,59293,4481,936226,1989800
2342,203,238,59090,4446,936464,1737300
2343,210,221,58880,4435,936685,1685600
2344,212,215,58668,4432,936900,1678800
2345,220,215,58448,4437,937115,1789400
2346,206,218,58242,4425,937333,1701800
2347,230,204,58012,4451,937537,1744500
2348,211,219,57801,4443,937756,1764200
2349,199,216,57602,4426,937972,1794900
2350,218,226,57384,4418,938198,1706300
2351,208,209,57176,4417,938407,1725400
2352,214,217,56962,4414,938624,1754500
2353,186,213,56776,4387,938837,1771500
2354,193,250,56583,4330,939087,1697500
2355,214,217,56369,4327,939304,1669200
2356,223,202,56146,4348,939506,1905900
2357,206,223,55940,4331,939729,1795400
2358,203,221,55737,4313,939950,1740000
2359,200,195,55537,4318,940145,1669600
2360,164,209,55373,4273,940354,1709200
2361,199,190,55174,4282,940544,1785100
2362,184,205,54990,4261,940749,1892200
2363,188,227,54802,4222,940976,1781700
2364,184,195,54618,4211,941171,1828600
2365,187,164,54431,4234,941335,1839400
2366,213,209,54218,4238,941544,2259400
2367,174,217,54044,4195,941761,1945700
2368,186,192,53858,4189,941953,1733800
2369,197,234,53661,4152,942187,1877800
2370,172,212,53489,4112,942399,1836000
2371,199,194,53290,4117,942593,2100900
2372,191,190,53099,4118,942783,1938700
2373,179,194,52920,4103,942977,1760500
2374,171,189,52749,4085,943166,1702000
2375,183,201,52566,4067,943367,1822700
2376,167,198,52399,4036,943565,1923000
2377,185,207,52214,4014,943772,1856500
2378,157,220,52057,3951,943992,1901400
2379,176,198,51881,3929,944190,1966500
2380,189,188,51692,3930,944378,1848600
2381,186,176,51506,3940,944554,1809500
2382,192,207,51314,3925,944761,1790700
2383,179,178,51135,3926,944939,2108200
2384,176,197,50959,3905,945136,1867300
2385,180,196,50779,3889,945332,1866100
2386,172,204,50607,3857,945536,1840200
2387,182,205,50425,3834,945741,1811400
2388,169,217,50256,3786,945958,1789700
2389,162,187,50094,3761,946145,1845700
2390,187,202,49907,3746,946347,1833300
2391,158,170,49749,3734,946517,1799100
2392,147,177,49602,3704,946694,1822300
2393,184,175,49418,3713,946869,1791500
2394,161,200,49257,3674,947069,1820600
2395,172,170,49085,3676,947239,1864300
2396,168,199,48917,3645,947438,1883200
2397,176,195,48741,3626,947633,1849800
2398,176,163,48565,3639,947796,2007100
2399,150,193,48415,3596,947989,1851600
2400,150,192,48265,3554,948181,1927400
2401,153,173,48112,3534,948354,1841700
2402,151,175,47961,3510,948529,1893700
2403,164,182,47797,3492,948711,1878200
2404,181,174,47616,3499,948885,1876600
2405,158,182,47458,3475,949067,1878200
2406,136,159,47322,3452,949226,1829300
2407,149,184,47173,3417,949410,2064200
2408,151,171,47022,3397,949581,1821700
2409,159,165,46863,3391,949746,1936900
2410,166,172,46697,3385,949918,1905100
2411,132,195,46565,3322,950113,1823100
2412,156,165,46409,3313,950278,1803600
2413,151,180,46258,3284,950458,2093100
2414,152,160,46106,3276,950618,1830300
2415,160,162,45946,3274,950780,1840100
2416,154,176,45792,3252,950956,1803500
2417,155,140,45637,3267,951096,1869200
2418,152,163,45485,3256,951259,1954100
2419,166,153,45319,3269,951412,1847300
2420,151,151,45168,3269,951563,1812100
2421,161,160,45007,3270,951723,1809100
2422,165,177,44842,3258,951900,2003600
2423,145,162,44697,3241,952062,1794500
2424,157,183,44540,3215,952245,1816500
2425,157,161,44383,3211,952406,2676400
2426,127,162,44256,3176,952568,1856200
2427,140,161,44116,3155,952729,1717200
2428,133,153,43983,3135,952882,1811200
2429,155,152,43828,3138,953034,1817300
2430,149,165,43679,3122,953199,1744400
2431,154,157,43525,3119,953356,1828700
2432,144,166,43381,3097,953522,1739800
2433,136,141,43245,3092,953663,1741200
2434,147,164,43098,3075,953827,1843600
2435,147,151,42951,3071,953978,1762400
2436,144,152,42807,3063,954130,1726400
2437,135,143,42672,3055,954273,1807200
2438,139,152,42533,3042,954425,1718700
2439,132,151,42401,3023,954576,1784800
2440,144,146,42257,3021,954722,1766600
2441,142,156,42115,3007,954878,1751300
2442,147,140,41968,3014,955018,1792500
2443,150,150,41818,3014,955168,2173200
2444,149,144,41669,3019,955312,1756300
2445,126,149,41543,2996,955461,1807200
2446,136,167,41407,2965,955628,1754700
2447,150,155,41257,2960,955783,1669500
2448,137,155,41120,2942,955938,1749500
2449,132,142,40988,2932,956080,1876500
2450,131,137,40857,2926,956217,1699200
2451,140,117,40717,2949,956334,1713600
2452,127,132,40590,2944,956466,1708200
2453,120,155,40470,2909,956621,1772100
2454,155,132,40315,2932,956753,1753700
2455,140,138,40175,2934,956891,1892500
2456,139,150,40036,2923,957041,1706100
2457,140,150,39896,2913,957191,1774800
2458,133,149,39763,2897,957340,1741600
2459,115,137,39648,2875,957477,1682500
2460,130,129,39518,2876,957606,1727800
2461,130,145,39388,2861,957751,1832100
2462,130,130,39258,2861,957881,1973000
2463,121,141,39137,2841,958022,1808900
2464,129,156,39008,2814,958178,1837100
2465,138,129,38870,2823,958307,1802700
2466,135,148,38735,2810,958455,1785400
2467,126,130,38609,2806,958585,1674100
2468,115,151,38494,2770,958736,1713800
2469,140,156,38354,2754,958892,1815100
2470,128,124,38226,2758,959016,1785900
2471,112,138,38114,2732,959154,1823600
2472,131,139,37983,2724,959293,1770200
2473,129,125,37854,2728,959418,1791100
2474,139,136,37715,2731,959554,1755400
2475,126,118,37589,2739,959672,1750900
2476,124,137,37465,2726,959809,1785700
2477,125,147,37340,2704,959956,1780700
2478,128,148,37212,2684,960104,1754600
2479,132,140,37080,2676,960244,1753500
2480,127,129,36953,2674,960373,1767000
2481,114,131,36839,2657,960504,1812700
2482,113,124,36726,2646,960628,1705100
2483,121,139,36605,2628,960767,1701200
2484,125,119,36480,2634,960886,1784200
2485,132,146,36348,2620,961032,1942400
2486,125,140,36223,2605,961172,2013000
2487,123,119,36100,2609,961291,1804000
2488,121,147,35979,2583,961438,1703000
2489,118,124,35861,2577,961562,1638400
2490,120,126,35741,2571,961688,1734100
2491,118,123,35623,2566,961811,1697700
2492,96,132,35527,2530,961943,1653900
2493,119,127,35408,2522,962070,1682200
2494,115,108,35293,2529,962178,1699400
2495,89,113,35204,2505,962291,1887200
2496,110,127,35094,2488,962418,1779900
2497,120,109,34974,2499,962527,1694800
2498,116,134,34858,2481,962661,1717000
2499,89,127,34769,2443,962788,1703800
2500,92,146,34677,2389,962934,1687300
2501,111,127,34566,2373,963061,1773100
2502,111,128,34455,2356,963189,1691700
2503,105,122,34350,2339,963311,1686800
2504,95,112,34255,2322,963423,1855000
2505,88,118,34167,2292,963541,1733100
2506,96,120,34071,2268,963661,1686800
2507,90,104,33981,2254,963765,1701200
2508,102,124,33879,2232,963889,1767200
2509,91,112,33788,2211,964001,1715800
2510,102,114,33686,2199,964115,1953700
2511,109,96,33577,2212,964211,1713700
2512,103,118,33474,2197,964329,1660500
2513,95,101,33379,2191,964430,2003600
2514,95,113,33284,2173,964543,1667500
2515,93,105,33191,2161,964648,1683800
2516,102,98,33089,2165,964746,1679400
2517,108,101,32981,2172,964847,1727800
2518,115,113,32866,2174,964960,1670300
2519,103,134,32763,2143,965094,1662500
2520,96,102,32667,2137,965196,1763700
2521,100,106,32567,2131,965302,1692900
2522,114,87,32453,2158,965389,1750900
2523,101,106,32352,2153,965495,1674700
2524,106,108,32246,2151,965603,1725200
2525,97,106,32149,2142,965709,1650300
2526,116,106,32033,2152,965815,1656100
2527,113,94,31920,2171,965909,1739200
2528,108,119,31812,2160,966028,1658600
2529,109,139,31703,2130,966167,1653100
2530,108,129,31595,2109,966296,1760300
2531,101,114,31494,2096,966410,1677400
2532,89,111,31405,2074,966521,1669900
2533,107,104,31298,2077,966625,1660300
2534,101,107,31197,2071,966732,1726900
2535,101,95,31096,2077,966827,1649200
2536,97,105,30999,2069,966932,1635800
2537,91,101,30908,2059,967033,1702000
2538,97,95,30811,2061,967128,1652500
2539,106,110,30705,2057,967238,1728100
2540,110,87,30595,2080,967325,1712100
2541,99,111,30496,2068,967436,1657400
2542,118,95,30378,2091,967531,1656200
2543,102,131,30276,2062,967662,1774500
2544,119,123,30157,2058,967785,1659200
2545,103,106,30054,2055,967891,1662400
2546,91,112,29963,2034,968003,1758300
2547,100,107,29863,2027,968110,1700800
2548,99,100,29764,2026,968210,1666500
2549,103,104,29661,2025,968314,1660400
2550,91,88,29570,2028,968402,1735500
2551,115,108,29455,2035,968510,1737800
2552,90,90,29365,2035,968600,1714300
2553,95,106,29270,2024,968706,1950700
2554,89,86,29181,2027,968792,1741500
2555,105,103,29076,2029,968895,1665500
2556,97,102,28979,2024,968997,1645900
2557,104,111,28875,2017,969108,1749000
2558,100,95,28775,2022,969203,1757400
2559,97,97,28678,2022,969300,1723400
2560,96,98,28582,2020,969398,2010300
2561,92,112,28490,2000,969510,1740600
2562,96,93,28394,2003,969603,1747000
2563,101,127,28293,1977,969730,1643300
2564,104,106,28189,1975,969836,1650500
2565,98,89,28091,1984,969925,1744800
2566,90,92,28001,1982,970017,1676600
2567,104,98,27897,1988,970115,1661400
2568,103,95,27794,1996,970210,1753400
2569,93,84,27701,2005,970294,1836200
2570,93,107,27608,1991,970401,1841600
2571,93,88,27515,1996,970489,1647400
2572,83,120,27432,1959,970609,1643800
2573,81,97,27351,1943,970706,1711400
2574,90,90,27261,1943,970796,1695300
2575,92,90,27169,1945,970886,1658100
2576,80,108,27089,1917,970994,1652900
2577,89,109,27000,1897,971103,1661100
2578,91,97,26909,1891,971200,1664200
2579,82,90,26827,1883,971290,1697300
2580,82,98,26745,1867,971388,1659500
2581,81,88,26664,1860,971476,1652300
2582,79,85,26585,1854,971561,1713800
2583,85,97,26500,1842,971658,1655200
2584,84,100,26416,1826,971758,1645000
2585,110,74,26306,1862,971832,1729400
2586,91,84,26215,1869,971916,1672600
2587,78,93,26137,1854,972009,1910100
2588,87,90,26050,1851,972099,1744000
2589,72,97,25978,1826,972196,1862300
2590,80,88,25898,1818,972284,1698500
2591,77,105,25821,1790,972389,1625900
2592,68,94,25753,1764,972483,1705800
2593,72,89,25681,1747,972572,1758200
2594,76,91,25605,1732,972663,1641600
2595,75,93,25530,1714,972756,1675800
2596,66,84,25464,1696,972840,1670200
2597,75,104,25389,1667,972944,1672800
2598,78,81,25311,1664,973025,2005900
2599,62,79,25249,1647,973104,1756700
2600,58,81,25191,1624,973185,1730000
2601,66,88,25125,1602,973273,1713600
2602,82,71,25043,1613,973344,1650000
2603,62,68,24981,1607,973412,1852300
2604,80,81,24901,1606,973493,1859000
2605,63,96,24838,1573,973589,1678900
2606,51,76,24787,1548,973665,1641200
2607,71,73,24716,1546,973738,1645800
2608,63,71,24653,1538,973809,1734300
2609,54,77,24599,1515,973886,1649600
2610,74,65,24525,1524,973951,1716000
2611,55,69,24470,1510,974020,1739000
2612,65,62,24405,1513,974082,1700100
2613,77,63,24328,1527,974145,1666900
2614,60,73,24268,1514,974218,1672600
2615,45,81,24223,1478,974299,1713800
2616,64,85,24159,1457,974384,1654800
2617,62,79,24097,1440,974463,1633700
2618,65,65,24032,1440,974528,1715100
2619,76,67,23956,1449,974595,1651300
2620,54,59,23902,1444,974654,1749800
2621,58,70,23844,1432,974724,1761300
2622,62,84,23782,1410,974808,1620000
2623,60,89,23722,1381,974897,1671700
2624,43,75,23679,1349,974972,1767500
2625,67,70,23612,1346,975042,1667500
2626,62,59,23550,1349,975101,1661000
2627,48,68,23502,1329,975169,1681400
2628,42,61,23460,1310,975230,1698900
2629,54,52,23406,1312,975282,1652600
2630,54,56,23352,1310,975338,1675500
2631,60,57,23292,1313,975395,1699500
2632,58,55,23234,1316,975450,1689100
2633,52,59,23182,1309,975509,1705800
2634,61,58,23121,1312,975567,1740300
2635,57,59,23064,1310,975626,1698300
2636,61,71,23003,1300,975697,1692500
2637,62,60,22941,1302,975757,1760700
2638,64,69,22877,1297,975826,1746100
2639,56,61,22821,1292,975887,1711800
2640,61,71,22760,1282,975958,1703100
2641,58,72,22702,1268,976030,1770100
2642,59,57,22643,1270,976087,1724200
2643,46,61,22597,1255,976148,1661900
2644,56,73,22541,1238,976221,1664900
2645,49,64,22492,1223,976285,1661100
2646,55,58,22437,1220,976343,1666900
2647,73,75,22364,1218,976418,1965700
2648,54,64,22310,1208,976482,1673400
2649,57,61,22253,1204,976543,1704900
2650,56,59,22197,1201,976602,1689300
2651,49,53,22148,1197,976655,1759100
2652,61,48,22087,1210,976703,1787300
2653,54,61,22033,1203,976764,1705100
2654,48,79,21985,1172,976843,1708100
2655,64,50,21921,1186,976893,1661500
2656,46,68,21875,1164,976961,1723600
2657,50,47,21825,1167,977008,1699700
2658,62,52,21763,1177,977060,1657300
2659,73,54,21690,1196,977114,1745200
2660,58,58,21632,1196,977172,1686100
2661,56,69,21576,1183,977241,1669800
2662,53,63,21523,1173,977304,1765400
2663,59,57,21464,1175,977361,1853600
2664,39,67,21425,1147,977428,1684800
2665,43,59,21382,1131,977487,1643900
2666,50,53,21332,1128,977540,1762500
2667,50,68,21282,1110,977608,1685200
2668,40,60,21242,1090,977668,1893000
2669,43,44,21199,1089,977712,1767500
2670,54,59,21145,1084,977771,1679200
2671,56,52,21089,1088,977823,1749300
2672,47,51,21042,1084,977874,1665600
2673,52,43,20990,1093,977917,1689300
2674,45,56,20945,1082,977973,1744800
2675,64,54,20881,1092,978027,1743800
2676,58,52,20823,1098,978079,1714700
2677,49,62,20774,1085,978141,1760600
2678,48,60,20726,1073,978201,1681200
2679,53,52,20673,1074,978253,1718300
2680,40,60,20633,1054,978313,1711600
2681,48,54,20585,1048,978367,1980400
2682,52,51,20533,1049,978418,1772900
2683,46,57,20487,1038,978475,1740200
2684,42,47,20445,1033,978522,1649000
2685,47,54,20398,1026,978576,1687500
2686,41,55,20357,1012,978631,1750300
2687,38,55,20319,995,978686,1760800
2688,42,62,20277,975,978748,1707100
2689,41,44,20236,972,978792,1762400
2690,33,38,20203,967,978830,1713600
2691,30,51,20173,946,978881,1694500
2692,40,42,20133,944,978923,1691700
2693,38,49,20095,933,978972,1662300
2694,39,39,20056,933,979011,1690100
2695,41,47,20015,927,979058,1685400
2696,44,44,19971,927,979102,1879800
2697,42,51,19929,918,979153,1834200
2698,43,53,19886,908,979206,1696400
2699,34,41,19852,901,979247,1688500
2700,34,38,19818,897,979285,1650900
2701,39,30,19779,906,979315,1723700
2702,38,45,19741,899,979360,1731700
2703,42,50,19699,891,979410,1692800
2704,42,46,19657,887,979456,1794200
2705,32,55,19625,864,979511,1697800
2706,38,41,19587,861,979552,1685300
2707,34,42,19553,853,979594,1665900
2708,55,37,19498,871,979631,1716900
2709,38,36,19460,873,979667,1764500
2710,43,44,19417,872,979711,1941500
2711,38,32,19379,878,979743,1674500
2712,41,47,19338,872,979790,1725000
2713,55,29,19283,898,979819,1788600
2714,47,39,19236,906,979858,1926300
2715,47,43,19189,910,979901,1928000
2716,48,49,19141,909,979950,1966500
2717,41,59,19100,891,980009,1862100
2718,45,38,19055,898,980047,1930400
2719,42,42,19013,898,980089,1798600
2720,40,43,18973,895,980132,1892000
2721,35,35,18938,895,980167,1749800
2722,41,45,18897,891,980212,1776200
2723,38,45,18859,884,980257,1745300
2724,40,43,18819,881,980300,1700000
2725,39,63,18780,857,980363,1704900
2726,38,55,18742,840,980418,1679800
2727,41,44,18701,837,980462,1679900
2728,34,43,18667,828,980505,2110000
2729,40,51,18627,817,980556,1836900
2730,31,29,18596,819,980585,1919700
2731,39,36,18557,822,980621,1712700
2732,36,41,18521,817,980662,1748500
2733,23,51,18498,789,980713,1700300
2734,26,36,18472,779,980749,1701600
2735,31,41,18441,769,980790,1953400
2736,35,32,18406,772,980822,1810400
2737,37,39,18369,770,980861,1969100
2738,24,40,18345,754,980901,1767700
2739,27,38,18318,743,980939,2023100
2740,34,43,18284,734,980982,2113500
2741,39,39,18245,734,981021,1901100
2742,29,39,18216,724,981060,1832500
2743,41,33,18175,732,981093,1796500
2744,33,38,18142,727,981131,1771300
2745,32,44,18110,715,981175,1916800
2746,36,26,18074,725,981201,1797800
2747,33,32,18041,726,981233,1764600
2748,32,43,18009,715,981276,1726400
2749,39,39,17970,715,981315,1719900
2750,29,32,17941,712,981347,1754200
2751,38,40,17903,710,981387,1743200
2752,28,36,17875,702,981423,1762000
2753,34,26,17841,710,981449,1680900
2754,31,33,17810,708,981482,1659200
2755,25,35,17785,698,981517,1643200
2756,27,36,17758,689,981553,1731600
2757,25,36,17733,678,981589,1643800
2758,22,34,17711,666,981623,1727200
2759,29,36,17682,659,981659,1659800
2760,27,31,17655,655,981690,1638600
2761,37,32,17618,660,981722,1717200
2762,27,39,17591,648,981761,1742000
2763,20,21,17571,647,981782,1938400
2764,30,29,17541,648,981811,1849400
2765,38,30,17503,656,981841,1744700
2766,30,31,17473,655,981872,1648300
2767,36,38,17437,653,981910,1742000
2768,42,38,17395,657,981948,1740000
2769,33,32,17362,658,981980,1765600
2770,26,33,17336,651,982013,1721100
2771,34,33,17302,652,982046,1662300
2772,29,31,17273,650,982077,1650900
2773,23,28,17250,645,982105,1645000
2774,33,31,17217,647,982136,1672000
2775,31,33,17186,645,982169,1656000
2776,38,29,17148,654,982198,1706300
2777,32,27,17116,659,982225,1738800
2778,32,43,17084,648,982268,1898900
2779,23,31,17061,640,982299,1676500
2780,25,24,17036,641,982323,1648400
2781,25,26,17011,640,982349,1664700
2782,27,25,16984,642,982374,1946400
2783,31,31,16953,642,982405,1723900
2784,33,26,16920,649,982431,1716600
2785,30,35,16890,644,982466,1722700
2786,29,40,16861,633,982506,1987500
2787,24,44,16837,613,982550,2796500
2788,32,31,16805,614,982581,2325200
2789,17,36,16788,595,982617,1908400
2790,21,29,16767,587,982646,1852500
2791,31,32,16736,586,982678,1794000
2792,30,31,16706,585,982709,1698000
2793,25,26,16681,584,982735,2068500
2794,18,31,16663,571,982766,2119800
2795,29,29,16634,571,982795,2094900
2796,28,33,16606,566,982828,1818300
2797,26,26,16580,566,982854,2037800
2798,29,29,16551,566,982883,2537800
2799,32,18,16519,580,982901,3490900
2800,25,20,16494,585,982921,2281000
2801,22,27,16472,580,982948,2240400
2802,21,33,16451,568,982981,2039200
2803,25,25,16426,568,983006,1980300
2804,32,29,16394,571,983035,4170000
2805,21,33,16373,559,983068,2714300
2806,23,36,16350,546,983104,2203600
2807,21,22,16329,545,983126,2292200
2808,23,30,16306,538,983156,2098200
2809,27,21,16279,544,983177,1888400
2810,19,28,16260,535,983205,2274200
2811,20,26,16240,529,983231,4455800
2812,15,24,16225,520,983255,2514700
2813,20,25,16205,515,983280,2031300
2814,19,29,16186,505,983309,1837300
2815,32,33,16154,504,983342,1764400
2816,26,19,16128,511,983361,1904900
2817,20,25,16108,506,983386,1869600
2818,18,29,16090,495,983415,1784200
2819,16,27,16074,484,983442,1803700
2820,16,20,16058,480,983462,1912900
2821,22,22,16036,480,983484,1711300
2822,19,19,16017,480,983503,1889100
2823,18,26,15999,472,983529,1730400
2824,17,22,15982,467,983551,1727900
2825,17,28,15965,456,983579,1697900
2826,23,20,15942,459,983599,1731000
2827,20,21,15922,458,983620,1745500
2828,22,28,15900,452,983648,2045700
2829,15,20,15885,447,983668,1790500
2830,14,27,15871,434,983695,1745400
2831,15,21,15856,428,983716,1699000
2832,19,18,15837,429,983734,1776800
2833,10,32,15827,407,983766,2050300
2834,20,22,15807,405,983788,1798900
2835,13,12,15794,406,983800,1895300
2836,14,26,15780,394,983826,1867600
2837,10,17,15770,387,983843,1753700
2838,11,12,15759,386,983855,1913400
2839,11,15,15748,382,983870,1785600
2840,14,15,15734,381,983885,1798900
2841,13,17,15721,377,983902,1686800
2842,6,17,15715,366,983919,1686800
2843,9,18,15706,357,983937,1684500
2844,10,19,15696,348,983956,1681100
2845,11,19,15685,340,983975,1737600
2846,10,18,15675,332,983993,1773000
2847,5,14,15670,323,984007,1781800
2848,7,16,15663,314,984023,1739200
2849,4,15,15659,303,984038,1699600
2850,4,20,15655,287,984058,1685100
2851,10,15,15645,282,984073,1729700
2852,6,17,15639,271,984090,1731700
2853,10,17,15629,264,984107,1812500
2854,9,17,15620,256,984124,1798400
2855,9,13,15611,252,984137,1748300
2856,7,10,15604,249,984147,1691200
2857,6,5,15598,250,984152,1892000
2858,4,18,15594,236,984170,1786400
2859,2,8,15592,230,984178,1746200
2860,7,15,15585,222,984193,1701700
2861,10,18,15575,214,984211,1701100
2862,12,11,15563,215,984222,1757700
2863,6,10,15557,211,984232,1652400
2864,9,7,15548,213,984239,1684000
2865,6,9,15542,210,984248,1941700
2866,9,8,15533,211,984256,2112800
2867,3,5,15530,209,984261,1838100
2868,12,10,15518,211,984271,1794300
2869,5,10,15513,206,984281,1755300
2870,2,6,15511,202,984287,1748200
2871,13,6,15498,209,984293,1753400
2872,5,7,15493,207,984300,1675100
2873,7,7,15486,207,984307,1744100
2874,6,15,15480,198,984322,1669500
2875,7,11,15473,194,984333,1661100
2876,5,16,15468,183,984349,2097800
2877,10,13,15458,180,984362,1770200
2878,6,12,15452,174,984374,2195200
2879,9,9,15443,174,984383,2107100
2880,7,6,15436,175,984389,1869800
2881,9,8,15427,176,984397,1887200
2882,8,14,15419,170,984411,1760700
2883,6,13,15413,163,984424,1730100
2884,7,5,15406,165,984429,1760300
2885,8,11,15398,162,984440,1757000
2886,11,10,15387,163,984450,1712200
2887,7,15,15380,155,984465,1763200
2888,6,10,15374,151,984475,1701100
2889,11,7,15363,155,984482,1768700
2890,10,3,15353,162,984485,1758600
2891,7,5,15346,164,984490,1683900
2892,6,11,15340,159,984501,1849500
2893,7,9,15333,157,984510,1716500
2894,4,9,15329,152,984519,1694000
2895,8,4,15321,156,984523,1963500
2896,5,6,15316,155,984529,1704000
2897,7,8,15309,154,984537,1663000
2898,7,6,15302,155,984543,1728800
2899,6,6,15296,155,984549,1706300
2900,6,5,15290,156,984554,1720700
2901,6,7,15284,155,984561,1670000
2902,3,4,15281,154,984565,1778600
2903,5,6,15276,153,984571,1724700
2904,6,6,15270,153,984577,1735900
2905,3,8,15267,148,984585,1687000
2906,6,11,15261,143,984596,1723300
2907,2,6,15259,139,984602,1725400
2908,4,8,15255,135,984610,1703500
2909,1,9,15254,127,984619,2042500
2910,4,9,15250,122,984628,1771400
2911,2,2,15248,122,984630,1719700
2912,1,7,15247,116,984637,1720100
2913,3,3,15244,116,984640,1934300
2914,2,4,15242,114,984644,1826800
2915,4,4,15238,114,984648,2027100
2916,2,7,15236,109,984655,1980600
2917,1,3,15235,107,984658,1745500
2918,3,6,15232,104,984664,1776200
2919,5,4,15227,105,984668,1712900
2920,0,4,15227,101,984672,1769100
2921,1,2,15226,100,984674,1850800
2922,2,4,15224,98,984678,1907200
2923,2,8,15222,92,984686,1913700
2924,3,9,15219,86,984695,1751300
2925,1,2,15218,85,984697,1788200
2926,3,5,15215,83,984702,1916700
2927,5,0,15210,88,984702,1719300
2928,2,9,15208,81,984711,1926500
2929,5,2,15203,84,984713,1785200
2930,2,2,15201,84,984715,1772800
2931,2,5,15199,81,984720,1772100
2932,5,7,15194,79,984727,1933100
2933,4,6,15190,77,984733,1745400
2934,3,6,15187,74,984739,1783800
2935,2,5,15185,71,984744,1771200
2936,0,2,15185,69,984746,1842700
2937,1,3,15184,67,984749,1755000
2938,2,2,15182,67,984751,1734800
2939,2,2,15180,67,984753,1730400
2940,0,2,15180,65,984755,2275800
2941,1,1,15179,65,984756,1839200
2942,1,6,15178,60,984762,1783500
2943,1,2,15177,59,984764,1745000
2944,2,3,15175,58,984767,1791900
2945,0,3,15175,55,984770,1814500
2946,1,6,15174,50,984776,1744600
2947,1,2,15173,49,984778,1789300
2948,1,3,15172,47,984781,1781100
2949,1,0,15171,48,984781,1714700
2950,0,2,15171,46,984783,1785100
2951,0,1,15171,45,984784,1728100
2952,0,1,15171,44,984785,1747500
2953,0,3,15171,41,984788,1771200
2954,0,5,15171,36,984793,1855200
2955,0,3,15171,33,984796,1780000
2956,0,1,15171,32,984797,1742400
2957,0,0,15171,32,984797,1960900
2958,0,0,15171,32,984797,1754100
2959,1,0,15170,33,984797,2064400
2960,0,0,15170,33,984797,1752600
2961,0,2,15170,31,984799,1797800
2962,0,3,15170,28,984802,1717100
2963,0,2,15170,26,984804,1705200
2964,0,2,15170,24,984806,2126600
2965,0,3,15170,21,984809,1732800
2966,0,1,15170,20,984810,1738300
2967,0,1,15170,19,984811,1924700
2968,0,1,15170,18,984812,1770500
2969,0,2,15170,16,984814,1751500
2970,0,0,15170,16,984814,1720700
2971,1,0,15169,17,984814,2109000
2972,0,1,15169,16,984815,1877400
2973,0,2,15169,14,984817,1951500
2974,0,0,15169,14,984817,1880200
2975,0,1,15169,13,984818,1816900
2976,0,1,15169,12,984819,2013800
2977,0,2,15169,10,984821,1952100
2978,0,0,15169,10,984821,2000000
2979,0,0,15169,10,984821,1728100
2980,0,1,15169,9,984822,1961300
2981,0,1,15169,8,984823,1928000
2982,0,0,15169,8,984823,1783800
2983,0,0,15169,8,984823,1927600
2984,0,0,15169,8,984823,1969400
2985,0,1,15169,7,984824,1916900
2986,0,0,15169,7,984824,1909700
2987,0,1,15169,6,984825,1932900
2988,0,1,15169,5,984826,1860400
2989,0,0,15169,5,984826,2046200
2990,0,0,15169,5,984826,1925600
2991,0,0,15169,5,984826,1816900
2992,0,0,15169,5,984826,1818300
2993,0,1,15169,4,984827,1706300
2994,0,0,15169,4,984827,1747400
2995,0,0,15169,4,984827,1772300
2996,0,0,15169,4,984827,1784800
2997,0,2,15169,2,984829,1733900
2998,0,0,15169,2,984829,1777800
2999,0,0,15169,2,984829,1801600
3000,0,0,15169,2,984829,1771000
3001,0,0,15169,2,984829,1850100
3002,0,0,15169,2,984829,2019400
3003,0,0,15169,2,984829,1762300
3004,0,0,15169,2,984829,1748800
3005,0,0,15169,2,984829,1728700
3006,0,0,15169,2,984829,1721600
3007,0,0,15169,2,984829,1727800
3008,0,0,15169,2,984829,1831400
3009,0,0,15169,2,984829,1697400
3010,0,0,15169,2,984829,1718400
3011,0,0,15169,2,984829,1676700
3012,0,0,15169,2,984829,1713100
3013,0,0,15169,2,984829,1701700
3014,0,0,15169,2,984829,1702500
3015,0,1,15169,1,984830,1670300
3016,0,0,15169,1,984830,1715300
3017,0,0,15169,1,984830,1661900
3018,0,0,15169,1,984830,1660500
3019,0,0,15169,1,984830,1817000
3020,0,0,15169,1,984830,1817200
3021,0,0,15169,1,984830,2119800
3022,0,1,15169,0,984831,1785500
