Tick,NewlyInfected,NewlyRecovered,TotalSusceptible,TotalInfected,TotalRecovered,StepTimeNanos
0,5,0,999990,10,0,39678300
1,7,0,999983,17,0,19764600
2,3,2,999980,18,2,23436200
3,5,2,999975,21,4,2342800
4,4,1,999971,24,5,1503800
5,5,1,999966,28,6,1520100
6,7,2,999959,33,8,1671600
7,4,3,999955,34,11,1615800
8,7,0,999948,41,11,1431500
9,7,2,999941,46,13,1523400
10,7,3,999934,50,16,1560100
11,11,3,999923,58,19,1577800
12,2,2,999921,58,21,1496300
13,7,4,999914,61,25,1452000
14,10,2,999904,69,27,1654900
15,7,2,999897,74,29,1662400
16,14,7,999883,81,36,1493200
17,13,4,999870,90,40,1510100
18,9,4,999861,95,44,1471400
19,13,5,999848,103,49,1650000
20,11,4,999837,110,53,1656700
21,16,10,999821,116,63,1555400
22,9,3,999812,122,66,1895800
23,12,3,999800,131,69,1786700
24,16,3,999784,144,72,1765900
25,12,11,999772,145,83,1758700
26,18,9,999754,154,92,1742900
27,12,12,999742,154,104,2121600
28,14,6,999728,162,110,1758900
29,15,9,999713,168,119,1871400
30,17,3,999696,182,122,1743200
31,16,3,999680,195,125,1657100
32,18,9,999662,204,134,1775800
33,24,7,999638,221,141,1753400
34,19,8,999619,232,149,1734000
35,19,11,999600,240,160,1631200
36,22,12,999578,250,172,1631300
37,18,10,999560,258,182,1644700
38,22,14,999538,266,196,1629900
39,21,18,999517,269,214,1756700
40,18,11,999499,276,225,1730000
41,20,8,999479,288,233,1743400
42,27,17,999452,298,250,1886400
43,20,15,999432,303,265,1899500
44,23,19,999409,307,284,1849500
45,22,14,999387,315,298,1750900
46,17,17,999370,315,315,1727600
47,27,25,999343,317,340,1685000
48,26,19,999317,324,359,1720800
49,26,18,999291,332,377,1724800
50,22,14,999269,340,391,2037400
51,24,17,999245,347,408,1824700
52,28,15,999217,360,423,1796400
53,27,12,999190,375,435,1778300
54,36,19,999154,392,454,1808200
55,33,24,999121,401,478,1917100
56,27,15,999094,413,493,1850900
57,46,22,999048,437,515,1708800
58,33,21,999015,449,536,1719700
59,44,26,998971,467,562,1664600
60,27,20,998944,474,582,2012700
61,31,23,998913,482,605,1703900
62,35,28,998878,489,633,1685500
63,32,15,998846,506,648,1613800
64,38,32,998808,512,680,1854300
65,44,31,998764,525,711,1679700
66,53,25,998711,553,736,1647200
67,43,30,998668,566,766,1819400
68,38,31,998630,573,797,1743000
69,35,32,998595,576,829,2031500
70,43,30,998552,589,859,1672100
71,49,32,998503,606,891,1677400
72,45,25,998458,626,916,1748500
73,45,20,998413,651,936,1848900
74,48,30,998365,669,966,1647400
75,52,40,998313,681,1006,1736100
76,39,36,998274,684,1042,1758200
77,47,26,998227,705,1068,1859800
78,57,43,998170,719,1111,1758100
79,38,44,998132,713,1155,2087100
80,47,40,998085,720,1195,1763600
81,58,36,998027,742,1231,2047400
82,50,51,997977,741,1282,1658300
83,42,40,997935,743,1322,1687400
84,49,28,997886,764,1350,1722900
85,56,42,997830,778,1392,1750200
86,53,42,997777,789,1434,1750500
87,62,40,997715,811,1474,1783300
88,53,36,997662,828,1510,1718800
89,56,42,997606,842,1552,1773700
90,57,42,997549,857,1594,1789500
91,56,51,997493,862,1645,2216900
92,60,36,997433,886,1681,1956200
93,56,39,997377,903,1720,1807500
94,72,48,997305,927,1768,1904800
95,64,54,997241,937,1822,1758800
96,59,44,997182,952,1866,1776700
97,47,54,997135,945,1920,1739700
98,55,42,997080,958,1962,1669900
99,49,44,997031,963,2006,1638200
100,65,55,996966,973,2061,1698100
101,54,55,996912,972,2116,1737400
102,56,65,996856,963,2181,1732900
103,79,42,996777,1000,2223,1636100
104,73,61,996704,1012,2284,1777300
105,73,54,996631,1031,2338,1782000
106,71,57,996560,1045,2395,1749200
107,76,52,996484,1069,2447,1786900
108,70,48,996414,1091,2495,1808700
109,70,62,996344,1099,2557,1732100
110,89,65,996255,1123,2622,1826500
111,77,58,996178,1142,2680,1650400
112,90,62,996088,1170,2742,1681700
113,83,55,996005,1198,2797,1663700
114,78,56,995927,1220,2853,2071400
115,85,50,995842,1255,2903,1748300
116,84,46,995758,1293,2949,1684600
117,91,59,995667,1325,3008,1787800
118,86,72,995581,1339,3080,1789900
119,83,56,995498,1366,3136,1803500
120,83,56,995415,1393,3192,1781800
121,76,68,995339,1401,3260,1796500
122,89,58,995250,1432,3318,1776600
123,91,70,995159,1453,3388,1716200
124,105,85,995054,1473,3473,1723700
125,83,71,994971,1485,3544,1697800
126,100,71,994871,1514,3615,1767400
127,106,66,994765,1554,3681,1772100
128,108,84,994657,1578,3765,1656300
129,111,81,994546,1608,3846,1731700
130,102,75,994444,1635,3921,1731700
131,102,78,994342,1659,3999,1715900
132,107,99,994235,1667,4098,1604600
133,108,71,994127,1704,4169,1624400
134,110,81,994017,1733,4250,1639500
135,103,81,993914,1755,4331,1754300
136,95,91,993819,1759,4422,1666300
137,96,75,993723,1780,4497,1750300
138,106,98,993617,1788,4595,1742100
139,94,93,993523,1789,4688,1715700
140,93,98,993430,1784,4786,1942100
141,110,84,993320,1810,4870,1727300
142,88,95,993232,1803,4965,1689800
143,107,81,993125,1829,5046,1748100
144,89,81,993036,1837,5127,1662100
145,110,99,992926,1848,5226,1672300
146,107,98,992819,1857,5324,1752100
147,102,81,992717,1878,5405,1756400
148,119,94,992598,1903,5499,1732400
149,118,83,992480,1938,5582,1744100
150,132,101,992348,1969,5683,1790200
151,106,86,992242,1989,5769,1736300
152,112,94,992130,2007,5863,1833100
153,105,90,992025,2022,5953,1794000
154,121,115,991904,2028,6068,1719100
155,119,111,991785,2036,6179,1715700
156,101,92,991684,2045,6271,1645300
157,119,108,991565,2056,6379,1673100
158,114,108,991451,2062,6487,1640100
159,133,105,991318,2090,6592,1783000
160,103,113,991215,2080,6705,1792900
161,123,114,991092,2089,6819,1741900
162,115,104,990977,2100,6923,1744500
163,123,86,990854,2137,7009,1734400
164,129,108,990725,2158,7117,1708400
165,143,128,990582,2173,7245,1658800
166,139,107,990443,2205,7352,1635200
167,133,112,990310,2226,7464,1653600
168,123,113,990187,2236,7577,1926800
169,133,107,990054,2262,7684,1768800
170,137,107,989917,2292,7791,2185200
171,125,105,989792,2312,7896,1738900
172,126,119,989666,2319,8015,1624500
173,135,131,989531,2323,8146,1614900
174,137,125,989394,2335,8271,1955300
175,128,106,989266,2357,8377,1758800
176,131,127,989135,2361,8504,1756200
177,129,125,989006,2365,8629,1711100
178,125,115,988881,2375,8744,1778100
179,139,122,988742,2392,8866,1780600
180,137,106,988605,2423,8972,1742200
181,142,131,988463,2434,9103,1667500
182,144,138,988319,2440,9241,1654900
183,132,137,988187,2435,9378,1644800
184,125,126,988062,2434,9504,1798200
185,139,116,987923,2457,9620,1639600
186,124,122,987799,2459,9742,1740700
187,152,134,987647,2477,9876,1738700
188,134,124,987513,2487,10000,1689000
189,137,120,987376,2504,10120,1618500
190,146,140,987230,2510,10260,1629600
191,145,128,987085,2527,10388,1876400
192,146,138,986939,2535,10526,1936900
193,168,127,986771,2576,10653,1689000
194,135,128,986636,2583,10781,1681700
195,141,130,986495,2594,10911,1956200
196,162,141,986333,2615,11052,1763000
197,158,138,986175,2635,11190,1764300
198,157,136,986018,2656,11326,1784300
199,150,140,985868,2666,11466,1755100
200,158,140,985710,2684,11606,1720800
201,154,130,985556,2708,11736,1698100
202,142,127,985414,2723,11863,1693500
203,136,153,985278,2706,12016,1681100
204,142,136,985136,2712,12152,1749500
205,147,139,984989,2720,12291,1749700
206,141,120,984848,2741,12411,1897500
207,139,139,984709,2741,12550,2115400
208,135,138,984574,2738,12688,1994000
209,137,134,984437,2741,12822,1871900
210,149,145,984288,2745,12967,1802500
211,149,144,984139,2750,13111,1732400
212,128,165,984011,2713,13276,1931700
213,138,124,983873,2727,13400,1713300
214,143,143,983730,2727,13543,1678400
215,153,136,983577,2744,13679,1628800
216,144,131,983433,2757,13810,1772300
217,153,131,983280,2779,13941,2017800
218,167,132,983113,2814,14073,1765600
219,155,131,982958,2838,14204,1674600
220,173,137,982785,2874,14341,1744900
221,172,152,982613,2894,14493,1775400
222,170,135,982443,2929,14628,1699100
223,160,159,982283,2930,14787,1676500
224,183,144,982100,2969,14931,1762600
225,156,157,981944,2968,15088,1720700
226,178,156,981766,2990,15244,1689400
227,193,153,981573,3030,15397,1961600
228,185,164,981388,3051,15561,1748900
229,192,164,981196,3079,15725,1832200
230,182,152,981014,3109,15877,1766300
231,186,155,980828,3140,16032,1752100
232,205,159,980623,3186,16191,1771800
233,182,178,980441,3190,16369,1849600
234,190,180,980251,3200,16549,1660400
235,182,171,980069,3211,16720,1631000
236,188,169,979881,3230,16889,1639500
237,198,169,979683,3259,17058,1663200
238,192,161,979491,3290,17219,1750300
239,169,167,979322,3292,17386,1766200
240,175,157,979147,3310,17543,1734100
241,168,138,978979,3340,17681,2149100
242,207,162,978772,3385,17843,2058500
243,182,161,978590,3406,18004,2103600
244,195,171,978395,3430,18175,1937100
245,204,184,978191,3450,18359,1851800
246,185,148,978006,3487,18507,1646400
247,175,167,977831,3495,18674,1684600
248,199,165,977632,3529,18839,2069600
249,188,191,977444,3526,19030,1849500
250,210,162,977234,3574,19192,1656700
251,205,152,977029,3627,19344,1646200
252,203,191,976826,3639,19535,1787200
253,205,193,976621,3651,19728,1764800
254,196,168,976425,3679,19896,1748500
255,188,193,976237,3674,20089,1718500
256,199,187,976038,3686,20276,1768900
257,218,173,975820,3731,20449,1665700
258,223,181,975597,3773,20630,1652700
259,208,164,975389,3817,20794,1755400
260,210,189,975179,3838,20983,1822500
261,219,176,974960,3881,21159,1779000
262,220,202,974740,3899,21361,1762200
263,221,217,974519,3903,21578,1726000
264,242,217,974277,3928,21795,1685100
265,252,191,974025,3989,21986,1728900
266,220,179,973805,4030,22165,1666900
267,200,186,973605,4044,22351,1678700
268,226,191,973379,4079,22542,1768500
269,191,226,973188,4044,22768,1764600
270,215,197,972973,4062,22965,1744900
271,222,229,972751,4055,23194,1707300
272,219,189,972532,4085,23383,1856000
273,210,217,972322,4078,23600,1651500
274,200,203,972122,4075,23803,1636600
275,244,196,971878,4123,23999,1762600
276,228,209,971650,4142,24208,1793400
277,251,188,971399,4205,24396,1779600
278,231,187,971168,4249,24583,1751700
279,217,204,970951,4262,24787,1857400
280,238,193,970713,4307,24980,1753400
281,249,208,970464,4348,25188,2058500
282,237,194,970227,4391,25382,1936400
283,236,220,969991,4407,25602,2100700
284,239,235,969752,4411,25837,1800400
285,243,219,969509,4435,26056,2095400
286,239,204,969270,4470,26260,1988900
287,240,203,969030,4507,26463,1766300
288,264,234,968766,4537,26697,1685800
289,232,253,968534,4516,26950,1788000
290,250,221,968284,4545,27171,1723300
291,270,219,968014,4596,27390,1800300
292,253,215,967761,4634,27605,1835800
293,248,227,967513,4655,27832,1770400
294,240,221,967273,4674,28053,1726100
295,244,225,967029,4693,28278,1766100
296,256,257,966773,4692,28535,1715200
297,253,248,966520,4697,28783,2023000
298,237,245,966283,4689,29028,1836700
299,230,228,966053,4691,29256,1873300
300,253,241,965800,4703,29497,1871600
301,266,246,965534,4723,29743,2159200
302,254,235,965280,4742,29978,2563100
303,264,242,965016,4764,30220,2653100
304,262,235,964754,4791,30455,5928500
305,260,237,964494,4814,30692,2385000
306,249,220,964245,4843,30912,2340300
307,243,250,964002,4836,31162,2244500
308,254,234,963748,4856,31396,2071600
309,250,280,963498,4826,31676,2036900
310,259,235,963239,4850,31911,1963700
311,252,256,962987,4846,32167,1971200
312,278,217,962709,4907,32384,2437800
313,279,271,962430,4915,32655,1889500
314,264,236,962166,4943,32891,1746700
315,265,265,961901,4943,33156,1721200
316,235,240,961666,4938,33396,1730100
317,269,260,961397,4947,33656,1799800
318,300,224,961097,5023,33880,1833300
319,300,241,960797,5082,34121,1830000
320,266,263,960531,5085,34384,1866600
321,284,244,960247,5125,34628,1917800
322,279,247,959968,5157,34875,1829100
323,274,245,959694,5186,35120,1882700
324,292,266,959402,5212,35386,2223400
325,237,236,959165,5213,35622,1889000
326,272,246,958893,5239,35868,1732700
327,282,274,958611,5247,36142,1736100
328,249,269,958362,5227,36411,1750100
329,294,240,958068,5281,36651,1680400
330,293,272,957775,5302,36923,2033900
331,255,288,957520,5269,37211,1723100
332,271,249,957249,5291,37460,1696700
333,270,255,956979,5306,37715,1691600
334,279,260,956700,5325,37975,1801600
335,258,270,956442,5313,38245,1778900
336,315,275,956127,5353,38520,1783700
337,308,285,955819,5376,38805,1728000
338,256,268,955563,5364,39073,1677100
339,295,254,955268,5405,39327,1659600
340,281,258,954987,5428,39585,1789900
341,303,265,954684,5466,39850,1763500
342,298,285,954386,5479,40135,1798400
343,292,244,954094,5527,40379,2087700
344,312,300,953782,5539,40679,1808500
345,273,263,953509,5549,40942,1807700
346,263,291,953246,5521,41233,1699300
347,314,250,952932,5585,41483,1714600
348,305,296,952627,5594,41779,1745600
349,293,285,952334,5602,42064,1825300
350,299,271,952035,5630,42335,1653900
351,300,290,951735,5640,42625,1803800
352,261,329,951474,5572,42954,1904600
353,299,279,951175,5592,43233,1695100
354,309,276,950866,5625,43509,1735100
355,295,290,950571,5630,43799,1823200
356,274,311,950297,5593,44110,1874200
357,283,283,950014,5593,44393,1717900
358,304,262,949710,5635,44655,1752500
359,281,301,949429,5615,44956,1775700
360,288,293,949141,5610,45249,1848400
361,326,301,948815,5635,45550,1811100
362,286,263,948529,5658,45813,1794200
363,292,304,948237,5646,46117,1739400
364,303,271,947934,5678,46388,1707300
365,286,302,947648,5662,46690,1824700
366,296,300,947352,5658,46990,2267200
367,303,263,947049,5698,47253,1972100
368,323,287,946726,5734,47540,1963400
369,308,297,946418,5745,47837,1715100
370,314,300,946104,5759,48137,1674500
371,334,320,945770,5773,48457,1680600
372,307,273,945463,5807,48730,1720000
373,275,293,945188,5789,49023,1801100
374,339,276,944849,5852,49299,1723600
375,314,286,944535,5880,49585,1745000
376,309,277,944226,5912,49862,1728300
377,299,290,943927,5921,50152,1683600
378,347,288,943580,5980,50440,1911000
379,326,295,943254,6011,50735,1822300
380,295,282,942959,6024,51017,1815000
381,304,298,942655,6030,51315,1804200
382,291,295,942364,6026,51610,1881600
383,330,326,942034,6030,51936,1784500
384,335,324,941699,6041,52260,1901600
385,311,296,941388,6056,52556,1862100
386,340,315,941048,6081,52871,1886500
387,324,293,940724,6112,53164,1677300
388,291,340,940433,6063,53504,1696800
389,306,344,940127,6025,53848,1682900
390,342,273,939785,6094,54121,1875900
391,321,295,939464,6120,54416,1766400
392,344,321,939120,6143,54737,1773000
393,350,345,938770,6148,55082,1959800
394,345,275,938425,6218,55357,1963200
395,363,319,938062,6262,55676,2062100
396,364,333,937698,6293,56009,1855100
397,341,305,937357,6329,56314,1809800
398,370,317,936987,6382,56631,1810700
399,355,314,936632,6423,56945,1781100
400,379,294,936253,6508,57239,1733200
401,371,300,935882,6579,57539,1741200
402,386,327,935496,6638,57866,1811000
403,344,355,935152,6627,58221,1836600
404,384,366,934768,6645,58587,1707500
405,346,362,934422,6629,58949,1756900
406,349,308,934073,6670,59257,2109100
407,379,342,933694,6707,59599,2029900
408,377,356,933317,6728,59955,1880900
409,363,320,932954,6771,60275,1932100
410,380,345,932574,6806,60620,2151300
411,415,343,932159,6878,60963,1959500
412,361,338,931798,6901,61301,1913400
413,374,339,931424,6936,61640,2110200
414,364,332,931060,6968,61972,1938300
415,367,325,930693,7010,62297,2017900
416,363,377,930330,6996,62674,1920400
417,353,358,929977,6991,63032,1922900
418,385,377,929592,6999,63409,1851600
419,397,384,929195,7012,63793,2018100
420,371,341,928824,7042,64134,2219300
421,382,365,928442,7059,64499,2240700
422,375,344,928067,7090,64843,2016200
423,356,356,927711,7090,65199,2700200
424,366,379,927345,7077,65578,2111200
425,348,369,926997,7056,65947,4752300
426,386,342,926611,7100,66289,2881300
427,384,378,926227,7106,66667,5703900
428,375,334,925852,7147,67001,3048200
429,363,334,925489,7176,67335,2470900
430,329,384,925160,7121,67719,2503300
431,357,353,924803,7125,68072,2260300
432,347,380,924456,7092,68452,2368400
433,348,349,924108,7091,68801,2161300
434,382,309,923726,7164,69110,2170000
435,404,350,923322,7218,69460,2098100
436,386,357,922936,7247,69817,2018400
437,395,363,922541,7279,70180,2057000
438,363,368,922178,7274,70548,2120600
439,378,366,921800,7286,70914,2059000
440,378,393,921422,7271,71307,2299100
441,378,334,921044,7315,71641,2026300
442,371,376,920673,7310,72017,2016700
443,369,363,920304,7316,72380,1958100
444,372,378,919932,7310,72758,2073300
445,387,359,919545,7338,73117,2404800
446,356,398,919189,7296,73515,2138800
447,361,351,918828,7306,73866,2088800
448,396,374,918432,7328,74240,2099000
449,387,370,918045,7345,74610,1995800
450,387,379,917658,7353,74989,2014100
451,407,375,917251,7385,75364,1916200
452,423,359,916828,7449,75723,1930400
453,382,381,916446,7450,76104,1915700
454,407,358,916039,7499,76462,1928300
455,416,390,915623,7525,76852,1865500
456,357,371,915266,7511,77223,1833700
457,413,360,914853,7564,77583,1829300
458,392,410,914461,7546,77993,2390000
459,386,358,914075,7574,78351,2010600
460,453,411,913622,7616,78762,2061200
461,385,374,913237,7627,79136,1900500
462,428,407,912809,7648,79543,1885100
463,416,366,912393,7698,79909,1871600
464,406,358,911987,7746,80267,2186000
465,425,408,911562,7763,80675,1866200
466,429,363,911133,7829,81038,1832400
467,429,404,910704,7854,81442,2186700
468,441,396,910263,7899,81838,2100200
469,405,380,909858,7924,82218,1886600
470,452,416,909406,7960,82634,1859000
471,401,418,909005,7943,83052,1915200
472,416,377,908589,7982,83429,2013200
473,423,441,908166,7964,83870,2072900
474,414,423,907752,7955,84293,2102900
475,425,400,907327,7980,84693,2073200
476,400,394,906927,7986,85087,3394700
477,407,399,906520,7994,85486,3492200
478,446,358,906074,8082,85844,3212200
479,415,382,905659,8115,86226,3903000
480,453,405,905206,8163,86631,2718100
481,399,396,904807,8166,87027,2325200
482,462,437,904345,8191,87464,2330500
483,439,422,903906,8208,87886,2130400
484,472,413,903434,8267,88299,2040300
485,477,421,902957,8323,88720,2069100
486,469,406,902488,8386,89126,2107700
487,423,411,902065,8398,89537,2092400
488,433,459,901632,8372,89996,2030100
489,457,429,901175,8400,90425,1920000
490,444,410,900731,8434,90835,1922900
491,428,432,900303,8430,91267,1981500
492,425,429,899878,8426,91696,1846900
493,390,409,899488,8407,92105,2072300
494,407,408,899081,8406,92513,1932200
495,444,400,898637,8450,92913,2335000
496,411,392,898226,8469,93305,2033400
497,440,434,897786,8475,93739,2093100
498,428,398,897358,8505,94137,1998900
499,415,425,896943,8495,94562,1987700
500,463,412,896480,8546,94974,1945300
501,409,435,896071,8520,95409,1962100
502,427,421,895644,8526,95830,2170800
503,434,435,895210,8525,96265,1945100
504,462,421,894748,8566,96686,1972100
505,414,447,894334,8533,97133,1894600
506,418,455,893916,8496,97588,1858400
507,440,430,893476,8506,98018,1916900
508,491,466,892985,8531,98484,1861600
509,445,448,892540,8528,98932,1843300
510,458,423,892082,8563,99355,1797100
511,455,425,891627,8593,99780,1825100
512,456,419,891171,8630,100199,1819400
513,426,437,890745,8619,100636,1795100
514,440,428,890305,8631,101064,1749400
515,461,407,889844,8685,101471,1811200
516,465,433,889379,8717,101904,1849300
517,430,431,888949,8716,102335,1803100
518,435,429,888514,8722,102764,1807500
519,464,455,888050,8731,103219,1773800
520,433,427,887617,8737,103646,1797200
521,449,459,887168,8727,104105,1984000
522,455,427,886713,8755,104532,1836300
523,418,468,886295,8705,105000,1890400
524,454,431,885841,8728,105431,1871100
525,465,410,885376,8783,105841,1766700
526,420,448,884956,8755,106289,1713500
527,465,443,884491,8777,106732,1725000
528,497,462,883994,8812,107194,1848000
529,470,416,883524,8866,107610,1826000
530,457,425,883067,8898,108035,1794800
531,451,457,882616,8892,108492,1714500
532,424,417,882192,8899,108909,1778700
533,479,448,881713,8930,109357,1824000
534,481,432,881232,8979,109789,1773700
535,446,472,880786,8953,110261,1924200
536,480,436,880306,8997,110697,1847600
537,472,459,879834,9010,111156,1772000
538,469,447,879365,9032,111603,1740400
539,457,464,878908,9025,112067,1858000
540,455,464,878453,9016,112531,1859200
541,414,439,878039,8991,112970,1849500
542,450,442,877589,8999,113412,1886000
543,431,496,877158,8934,113908,2055000
544,432,482,876726,8884,114390,2058400
545,497,438,876229,8943,114828,2079300
546,512,430,875717,9025,115258,2228600
547,452,455,875265,9022,115713,1935000
548,444,445,874821,9021,116158,1964900
549,466,436,874355,9051,116594,1995700
550,437,473,873918,9015,117067,1887600
551,459,448,873459,9026,117515,2005400
552,435,440,873024,9021,117955,1858700
553,462,428,872562,9055,118383,1868700
554,500,467,872062,9088,118850,1852600
555,447,486,871615,9049,119336,1820000
556,440,449,871175,9040,119785,1871500
557,439,426,870736,9053,120211,1980200
558,481,432,870255,9102,120643,2282200
559,453,465,869802,9090,121108,1849300
560,440,454,869362,9076,121562,2270500
561,459,461,868903,9074,122023,1856800
562,476,479,868427,9071,122502,1844600
563,482,439,867945,9114,122941,1834500
564,473,492,867472,9095,123433,1787100
565,448,488,867024,9055,123921,1744900
566,474,450,866550,9079,124371,1703500
567,491,449,866059,9121,124820,1875000
568,469,443,865590,9147,125263,1849800
569,441,465,865149,9123,125728,1835000
570,447,456,864702,9114,126184,1903600
571,480,486,864222,9108,126670,1732300
572,461,475,863761,9094,127145,1728200
573,474,480,863287,9088,127625,1893600
574,481,449,862806,9120,128074,2288100
575,463,465,862343,9118,128539,2069800
576,525,432,861818,9211,128971,1934100
577,473,472,861345,9212,129443,1852300
578,472,461,860873,9223,129904,1842500
579,472,494,860401,9201,130398,1826600
580,445,441,859956,9205,130839,1715900
581,463,481,859493,9187,131320,1668200
582,462,470,859031,9179,131790,1704800
583,465,461,858566,9183,132251,2103900
584,443,420,858123,9206,132671,1752800
585,473,438,857650,9241,133109,1706100
586,491,490,857159,9242,133599,1836800
587,484,471,856675,9255,134070,1739400
588,472,470,856203,9257,134540,1737200
589,461,457,855742,9261,134997,2024200
590,491,444,855251,9308,135441,1807000
591,472,446,854779,9334,135887,1743700
592,507,454,854272,9387,136341,1734800
593,476,497,853796,9366,136838,1724700
594,486,465,853310,9387,137303,1875900
595,451,468,852859,9370,137771,1719000
596,476,465,852383,9381,138236,1661100
597,489,513,851894,9357,138749,1848000
598,454,442,851440,9369,139191,1828900
599,450,459,850990,9360,139650,1772300
600,476,462,850514,9374,140112,1698100
601,471,443,850043,9402,140555,1751000
602,479,490,849564,9391,141045,1798200
603,462,480,849102,9373,141525,1761900
604,433,469,848669,9337,141994,1884100
605,460,483,848209,9314,142477,1748400
606,477,447,847732,9344,142924,1750800
607,427,471,847305,9300,143395,1869700
608,463,466,846842,9297,143861,1839200
609,440,471,846402,9266,144332,1785800
610,428,470,845974,9224,144802,1811700
611,462,460,845512,9226,145262,1728100
612,435,441,845077,9220,145703,2112400
613,434,489,844643,9165,146192,1830400
614,451,455,844192,9161,146647,1882300
615,427,472,843765,9116,147119,1834700
616,431,473,843334,9074,147592,1731200
617,472,443,842862,9103,148035,1719300
618,459,475,842403,9087,148510,1718800
619,417,470,841986,9034,148980,1704800
620,446,433,841540,9047,149413,1722900
621,472,452,841068,9067,149865,1717200
622,451,474,840617,9044,150339,1827600
623,437,461,840180,9020,150800,1825800
624,440,455,839740,9005,151255,1720900
625,476,440,839264,9041,151695,1720700
626,431,460,838833,9012,152155,1812500
627,474,455,838359,9031,152610,1855600
628,441,480,837918,8992,153090,1744700
629,475,439,837443,9028,153529,1663400
630,443,441,837000,9030,153970,1700400
631,468,446,836532,9052,154416,1836800
632,483,472,836049,9063,154888,1785100
633,504,432,835545,9135,155320,1718500
634,438,452,835107,9121,155772,1721400
635,460,445,834647,9136,156217,1841400
636,441,419,834206,9158,156636,1709100
637,462,484,833744,9136,157120,1775900
638,430,488,833314,9078,157608,1725000
639,420,459,832894,9039,158067,1849900
640,463,440,832431,9062,158507,1845800
641,465,474,831966,9053,158981,1887800
642,432,501,831534,8984,159482,1747400
643,453,481,831081,8956,159963,1799400
644,454,510,830627,8900,160473,1727800
645,462,463,830165,8899,160936,1859500
646,491,431,829674,8959,161367,1908500
647,479,500,829195,8938,161867,1974800
648,417,447,828778,8908,162314,1749000
649,466,391,828312,8983,162705,1731700
650,488,479,827824,8992,163184,1820300
651,478,456,827346,9014,163640,1829300
652,463,419,826883,9058,164059,2337800
653,450,463,826433,9045,164522,2246800
654,463,457,825970,9051,164979,1836500
655,487,458,825483,9080,165437,1829400
656,434,451,825049,9063,165888,1836900
657,457,440,824592,9080,166328,1828900
658,498,490,824094,9088,166818,1718100
659,472,491,823622,9069,167309,1714200
660,465,439,823157,9095,167748,2082000
661,486,419,822671,9162,168167,1858000
662,447,445,822224,9164,168612,1855500
663,448,472,821776,9140,169084,1837800
664,466,458,821310,9148,169542,1776700
665,471,460,820839,9159,170002,1728200
666,438,479,820401,9118,170481,1821800
667,461,424,819940,9155,170905,2147500
668,438,482,819502,9111,171387,1898100
669,472,454,819030,9129,171841,1864700
670,453,463,818577,9119,172304,1864500
671,475,449,818102,9145,172753,1798600
672,466,463,817636,9148,173216,1709000
673,486,432,817150,9202,173648,1712600
674,464,470,816686,9196,174118,2136000
675,427,453,816259,9170,174571,1848300
676,477,474,815782,9173,175045,1873300
677,477,475,815305,9175,175520,1917500
678,455,490,814850,9140,176010,1848200
679,476,460,814374,9156,176470,1942100
680,481,485,813893,9152,176955,1807800
681,479,462,813414,9169,177417,1893700
682,484,452,812930,9201,177869,1716200
683,424,464,812506,9161,178333,1839600
684,483,447,812023,9197,178780,1844800
685,455,438,811568,9214,179218,1733500
686,501,430,811067,9285,179648,1667900
687,472,463,810595,9294,180111,1707500
688,493,471,810102,9316,180582,1831100
689,495,502,809607,9309,181084,1764800
690,514,483,809093,9340,181567,1722200
691,488,460,808605,9368,182027,1715100
692,497,436,808108,9429,182463,1830900
693,531,482,807577,9478,182945,1816900
694,513,490,807064,9501,183435,1822500
695,511,474,806553,9538,183909,1721800
696,494,483,806059,9549,184392,1695300
697,487,518,805572,9518,184910,1826800
698,495,465,805077,9548,185375,1783200
699,501,469,804576,9580,185844,1712800
700,527,514,804049,9593,186358,1712000
701,537,450,803512,9680,186808,1864800
702,515,523,802997,9672,187331,1758800
703,500,495,802497,9677,187826,1711200
704,485,522,802012,9640,188348,1716400
705,451,490,801561,9601,188838,1855300
706,498,429,801063,9670,189267,1814200
707,505,460,800558,9715,189727,1914500
708,495,498,800063,9712,190225,1738800
709,515,488,799548,9739,190713,1728600
710,545,487,799003,9797,191200,1878000
711,495,467,798508,9825,191667,1906500
712,525,483,797983,9867,192150,1836200
713,516,475,797467,9908,192625,1925400
714,545,478,796922,9975,193103,1916200
715,515,482,796407,10008,193585,1869500
716,536,497,795871,10047,194082,1907400
717,528,471,795343,10104,194553,1825000
718,480,504,794863,10080,195057,1800100
719,522,472,794341,10130,195529,1810700
720,516,508,793825,10138,196037,2326100
721,502,505,793323,10135,196542,1877200
722,538,495,792785,10178,197037,1866500
723,498,490,792287,10186,197527,1866500
724,482,511,791805,10157,198038,1762300
725,517,534,791288,10140,198572,1952200
726,495,480,790793,10155,199052,1776600
727,512,544,790281,10123,199596,2038700
728,497,520,789784,10100,200116,1938200
729,511,486,789273,10125,200602,1857700
730,480,497,788793,10108,201099,1851200
731,468,479,788325,10097,201578,1857900
732,495,515,787830,10077,202093,1801500
733,567,516,787263,10128,202609,1834900
734,524,517,786739,10135,203126,1725000
735,486,490,786253,10131,203616,1779500
736,494,491,785759,10134,204107,1778500
737,496,519,785263,10111,204626,1887000
738,478,509,784785,10080,205135,1992800
739,508,514,784277,10074,205649,1816300
740,453,477,783824,10050,206126,1797400
741,493,491,783331,10052,206617,1836200
742,473,543,782858,9982,207160,1860000
743,500,459,782358,10023,207619,2107300
744,493,484,781865,10032,208103,1868400
745,509,517,781356,10024,208620,1853000
746,472,511,780884,9985,209131,1807600
747,521,505,780363,10001,209636,1717300
748,503,537,779860,9967,210173,2068500
749,494,479,779366,9982,210652,1927300
750,514,512,778852,9984,211164,1797800
751,514,512,778338,9986,211676,1864800
752,499,495,777839,9990,212171,1848100
753,463,484,777376,9969,212655,1871400
754,464,524,776912,9909,213179,1780200
755,502,507,776410,9904,213686,1722700
756,483,483,775927,9904,214169,1669000
757,491,499,775436,9896,214668,1842100
758,494,499,774942,9891,215167,1800900
759,529,509,774413,9911,215676,1733400
760,465,468,773948,9908,216144,2029400
761,488,479,773460,9917,216623,1869800
762,454,478,773006,9893,217101,1839200
763,486,486,772520,9893,217587,1826400
764,460,468,772060,9885,218055,1846400
765,477,496,771583,9866,218551,1745500
766,502,526,771081,9842,219077,1758300
767,486,503,770595,9825,219580,1741800
768,508,502,770087,9831,220082,2132000
769,469,457,769618,9843,220539,1759100
770,453,493,769165,9803,221032,1847800
771,469,479,768696,9793,221511,1792000
772,509,517,768187,9785,222028,1730800
773,465,500,767722,9750,222528,1706800
774,503,469,767219,9784,222997,1839500
775,515,475,766704,9824,223472,1825000
776,480,473,766224,9831,223945,1690700
777,474,476,765750,9829,224421,1719200
778,480,458,765270,9851,224879,1850600
779,479,503,764791,9827,225382,1843700
780,535,520,764256,9842,225902,1828300
781,466,508,763790,9800,226410,1729000
782,472,480,763318,9792,226890,1721700
783,505,502,762813,9795,227392,1904600
784,487,489,762326,9793,227881,1856700
785,474,485,761852,9782,228366,1852900
786,501,453,761351,9830,228819,1945800
787,494,483,760857,9841,229302,1744600
788,489,486,760368,9844,229788,1684700
789,476,477,759892,9843,230265,1846200
790,542,486,759350,9899,230751,1852700
791,513,491,758837,9921,231242,1778800
792,544,503,758293,9962,231745,1734700
793,554,540,757739,9976,232285,1807400
794,530,495,757209,10011,232780,1756600
795,490,525,756719,9976,233305,1717100
796,524,522,756195,9978,233827,1741900
797,539,494,755656,10023,234321,1990500
798,520,481,755136,10062,234802,1853600
799,544,457,754592,10149,235259,1719300
800,470,521,754122,10098,235780,1842000
801,527,537,753595,10088,236317,1800500
802,492,510,753103,10070,236827,1737100
803,507,491,752596,10086,237318,1718600
804,510,506,752086,10090,237824,1720600
805,538,486,751548,10142,238310,1792300
806,514,497,751034,10159,238807,1754400
807,569,551,750465,10177,239358,1706900
808,501,533,749964,10145,239891,1835600
809,562,503,749402,10204,240394,1801000
810,571,522,748831,10253,240916,1703600
811,550,526,748281,10277,241442,1775300
812,545,574,747736,10248,242016,1876600
813,547,528,747189,10267,242544,1835000
814,537,528,746652,10276,243072,1956100
815,493,530,746159,10239,243602,1822900
816,511,493,745648,10257,244095,1722900
817,533,531,745115,10259,244626,1726100
818,549,510,744566,10298,245136,1813600
819,501,485,744065,10314,245621,1835500
820,522,534,743543,10302,246155,2209500
821,516,529,743027,10289,246684,1833500
822,521,478,742506,10332,247162,1837500
823,565,535,741941,10362,247697,1786800
824,533,504,741408,10391,248201,1729500
825,449,497,740959,10343,248698,1770400
826,516,495,740443,10364,249193,2115800
827,539,513,739904,10390,249706,1869500
828,513,548,739391,10355,250254,1887700
829,511,495,738880,10371,250749,1925700
830,521,527,738359,10365,251276,1856800
831,528,521,737831,10372,251797,1865800
832,519,519,737312,10372,252316,1769400
833,536,528,736776,10380,252844,1737500
834,522,506,736254,10396,253350,1866000
835,568,526,735686,10438,253876,1841700
836,545,516,735141,10467,254392,1780400
837,536,548,734605,10455,254940,1729000
838,522,570,734083,10407,255510,1724800
839,523,528,733560,10402,256038,1852500
840,469,523,733091,10348,256561,1801800
841,531,510,732560,10369,257071,1773600
842,531,532,732029,10368,257603,1736200
843,558,492,731471,10434,258095,1729700
844,540,537,730931,10437,258632,1850800
845,544,517,730387,10464,259149,1789900
846,514,508,729873,10470,259657,1738900
847,537,486,729336,10521,260143,1687300
848,574,533,728762,10562,260676,1881800
849,558,539,728204,10581,261215,1832700
850,540,523,727664,10598,261738,1775700
851,535,508,727129,10625,262246,1710000
852,566,514,726563,10677,262760,1721000
853,544,544,726019,10677,263304,1866100
854,585,527,725434,10735,263831,1974100
855,566,538,724868,10763,264369,1986700
856,573,522,724295,10814,264891,2332500
857,547,523,723748,10838,265414,2098400
858,563,526,723185,10875,265940,1895600
859,566,558,722619,10883,266498,1922300
860,538,566,722081,10855,267064,1885900
861,546,542,721535,10859,267606,1834000
862,567,534,720968,10892,268140,2025400
863,541,564,720427,10869,268704,1925900
864,557,538,719870,10888,269242,1884900
865,553,534,719317,10907,269776,1868600
866,534,551,718783,10890,270327,1866400
867,566,540,718217,10916,270867,1801900
868,558,548,717659,10926,271415,1752700
869,584,582,717075,10928,271997,1739800
870,565,546,716510,10947,272543,1862900
871,576,516,715934,11007,273059,1860000
872,538,543,715396,11002,273602,1809100
873,547,537,714849,11012,274139,1744400
874,564,544,714285,11032,274683,1688100
875,545,522,713740,11055,275205,1959200
876,569,551,713171,11073,275756,1877300
877,569,573,712602,11069,276329,1877400
878,541,544,712061,11066,276873,1813400
879,519,536,711542,11049,277409,1721200
880,505,538,711037,11016,277947,1891700
881,522,569,710515,10969,278516,1868800
882,538,581,709977,10926,279097,1869700
883,540,541,709437,10925,279638,1851300
884,558,540,708879,10943,280178,2075100
885,522,545,708357,10920,280723,1770100
886,528,538,707829,10910,281261,1778100
887,523,550,707306,10883,281811,1737600
888,537,532,706769,10888,282343,1741000
889,502,552,706267,10838,282895,1864500
890,507,528,705760,10817,283423,1811500
891,541,519,705219,10839,283942,1773600
892,562,567,704657,10834,284509,1971900
893,537,527,704120,10844,285036,1901300
894,530,558,703590,10816,285594,1740300
895,529,562,703061,10783,286156,1862200
896,522,584,702539,10721,286740,2071700
897,549,548,701990,10722,287288,1738300
898,533,527,701457,10728,287815,1770500
899,537,553,700920,10712,288368,1740800
900,521,532,700399,10701,288900,1750900
901,497,567,699902,10631,289467,1844900
902,544,550,699358,10625,290017,1730300
903,533,558,698825,10600,290575,1741100
904,575,533,698250,10642,291108,1677300
905,518,529,697732,10631,291637,1850300
906,532,504,697200,10659,292141,1821400
907,519,526,696681,10652,292667,1921100
908,515,551,696166,10616,293218,1734900
909,514,537,695652,10593,293755,1721100
910,511,533,695141,10571,294288,1853000
911,500,578,694641,10493,294866,1955200
912,531,539,694110,10485,295405,2093400
913,513,502,693597,10496,295907,2058000
914,509,542,693088,10463,296449,2058200
915,502,503,692586,10462,296952,1837500
916,504,509,692082,10457,297461,1846500
917,518,511,691564,10464,297972,1798300
918,541,488,691023,10517,298460,1726600
919,535,484,690488,10568,298944,1845300
920,559,540,689929,10587,299484,1852700
921,545,546,689384,10586,300030,1856400
922,504,547,688880,10543,300577,1833100
923,517,507,688363,10553,301084,1754600
924,533,517,687830,10569,301601,1723800
925,543,532,687287,10580,302133,1735300
926,527,507,686760,10600,302640,1858800
927,504,546,686256,10558,303186,1870800
928,513,573,685743,10498,303759,1925900
929,539,532,685204,10505,304291,1857800
930,544,524,684660,10525,304815,1831600
931,513,509,684147,10529,305324,1847300
932,565,556,683582,10538,305880,1810300
933,532,544,683050,10526,306424,1880200
934,523,517,682527,10532,306941,1817600
935,547,546,681980,10533,307487,1975900
936,559,533,681421,10559,308020,1702900
937,556,544,680865,10571,308564,1725000
938,510,535,680355,10546,309099,1849700
939,516,510,679839,10552,309609,1839700
940,531,513,679308,10570,310122,2047800
941,573,544,678735,10599,310666,1865100
942,546,582,678189,10563,311248,1759900
943,555,518,677634,10600,311766,1747300
944,540,534,677094,10606,312300,1821800
945,520,568,676574,10558,312868,1957200
946,496,526,676078,10528,313394,1815200
947,558,497,675520,10589,313891,1826800
948,529,525,674991,10593,314416,1728600
949,536,522,674455,10607,314938,1737200
950,544,539,673911,10612,315477,1719500
951,548,524,673363,10636,316001,1915300
952,535,559,672828,10612,316560,1839400
953,501,541,672327,10572,317101,1714700
954,521,523,671806,10570,317624,1791800
955,514,490,671292,10594,318114,1868900
956,550,492,670742,10652,318606,1861600
957,544,560,670198,10636,319166,1851500
958,533,541,669665,10628,319707,1789500
959,510,509,669155,10629,320216,1750400
960,520,539,668635,10610,320755,1738700
961,493,562,668142,10541,321317,1846600
962,555,546,667587,10550,321863,1926200
963,466,518,667121,10498,322381,1853900
964,515,525,666606,10488,322906,1813600
965,508,534,666098,10462,323440,1775800
966,495,548,665603,10409,323988,1730700
967,539,477,665064,10471,324465,1855700
968,527,496,664537,10502,324961,1840700
969,505,500,664032,10507,325461,1716100
970,506,533,663526,10480,325994,1725500
971,514,530,663012,10464,326524,1833200
972,537,506,662475,10495,327030,1852200
973,496,529,661979,10462,327559,1822200
974,499,530,661480,10431,328089,1773200
975,501,526,660979,10406,328615,1733600
976,516,506,660463,10416,329121,1739600
977,550,531,659913,10435,329652,1848700
978,497,532,659416,10400,330184,1805700
979,511,511,658905,10400,330695,1731800
980,487,520,658418,10367,331215,1683000
981,552,520,657866,10399,331735,1854800
982,513,504,657353,10408,332239,1831900
983,523,489,656830,10442,332728,1950000
984,511,544,656319,10409,333272,1733200
985,548,560,655771,10397,333832,1726200
986,481,552,655290,10326,334384,1854300
987,560,474,654730,10412,334858,2074700
988,562,505,654168,10469,335363,1745900
989,584,487,653584,10566,335850,1828900
990,539,561,653045,10544,336411,1738300
991,539,479,652506,10604,336890,1740000
992,543,500,651963,10647,337390,1843000
993,528,551,651435,10624,337941,1852900
994,511,529,650924,10606,338470,1813200
995,544,491,650380,10659,338961,1733700
996,535,518,649845,10676,339479,1779000
997,576,539,649269,10713,340018,1740900
998,546,537,648723,10722,340555,1869300
999,513,528,648210,10707,341083,1811800
1000,561,522,647649,10746,341605,1827400
1001,515,527,647134,10734,342132,1811000
1002,545,531,646589,10748,342663,1750900
1003,556,528,646033,10776,343191,2090800
1004,499,572,645534,10703,343763,1959900
1005,511,513,645023,10701,344276,2023900
1006,507,513,644516,10695,344789,2005700
1007,553,495,643963,10753,345284,2087800
1008,491,532,643472,10712,345816,2017500
1009,560,523,642912,10749,346339,1964300
1010,529,532,642383,10746,346871,1896200
1011,515,552,641868,10709,347423,1873700
1012,521,534,641347,10696,347957,2073900
1013,505,532,640842,10669,348489,2016300
1014,544,553,640298,10660,349042,2074500
1015,560,544,639738,10676,349586,1982600
1016,572,501,639166,10747,350087,1996900
1017,567,536,638599,10778,350623,1947500
1018,540,517,638059,10801,351140,1909400
1019,535,513,637524,10823,351653,2102400
1020,551,527,636973,10847,352180,1974400
1021,533,550,636440,10830,352730,1968700
1022,573,550,635867,10853,353280,2102500
1023,535,557,635332,10831,353837,1915400
1024,549,562,634783,10818,354399,2014800
1025,547,549,634236,10816,354948,1887300
1026,496,582,633740,10730,355530,1845800
1027,526,551,633214,10705,356081,1868800
1028,534,519,632680,10720,356600,2206900
1029,567,513,632113,10774,357113,2152000
1030,528,570,631585,10732,357683,2066700
1031,510,545,631075,10697,358228,1950600
1032,552,561,630523,10688,358789,1912500
1033,508,543,630015,10653,359332,2126000
1034,574,501,629441,10726,359833,1894000
1035,552,524,628889,10754,360357,1900300
1036,549,521,628340,10782,360878,2121700
1037,534,522,627806,10794,361400,2018300
1038,526,510,627280,10810,361910,2106400
1039,511,552,626769,10769,362462,1951400
1040,552,506,626217,10815,362968,2138700
1041,524,535,625693,10804,363503,1983200
1042,538,525,625155,10817,364028,1950900
1043,523,496,624632,10844,364524,1935000
1044,567,568,624065,10843,365092,1924000
1045,549,523,623516,10869,365615,1870500
1046,515,520,623001,10864,366135,1872500
1047,514,511,622487,10867,366646,1926900
1048,526,545,621961,10848,367191,1941000
1049,560,556,621401,10852,367747,1874400
1050,545,541,620856,10856,368288,1869400
1051,548,544,620308,10860,368832,1911600
1052,532,543,619776,10849,369375,1889600
1053,532,559,619244,10822,369934,1921800
1054,521,551,618723,10792,370485,1961900
1055,529,560,618194,10761,371045,1976400
1056,525,560,617669,10726,371605,1942500
1057,519,560,617150,10685,372165,1913400
1058,523,526,616627,10682,372691,1945900
1059,489,529,616138,10642,373220,1972800
1060,524,497,615614,10669,373717,2123400
1061,536,511,615078,10694,374228,1882300
1062,544,503,614534,10735,374731,1862200
1063,526,540,614008,10721,375271,1880300
1064,529,567,613479,10683,375838,1990000
1065,544,528,612935,10699,376366,1954200
1066,531,555,612404,10675,376921,1967300
1067,524,535,611880,10664,377456,1974600
1068,557,536,611323,10685,377992,2055800
1069,496,553,610827,10628,378545,1994700
1070,547,533,610280,10642,379078,1912600
1071,572,521,609708,10693,379599,1975700
1072,536,495,609172,10734,380094,1920100
1073,533,535,608639,10732,380629,1790200
1074,559,490,608080,10801,381119,1866500
1075,588,534,607492,10855,381653,2210200
1076,564,561,606928,10858,382214,1995800
1077,520,510,606408,10868,382724,2005700
1078,536,563,605872,10841,383287,2062300
1079,539,516,605333,10864,383803,1932000
1080,547,573,604786,10838,384376,1889700
1081,542,518,604244,10862,384894,2040400
1082,529,560,603715,10831,385454,2273200
1083,540,518,603175,10853,385972,2033400
1084,553,553,602622,10853,386525,2163100
1085,531,589,602091,10795,387114,2259500
1086,520,563,601571,10752,387677,2172700
1087,514,569,601057,10697,388246,2184400
1088,528,521,600529,10704,388767,2027200
1089,516,524,600013,10696,389291,2107200
1090,532,544,599481,10684,389835,2131300
1091,529,523,598952,10690,390358,2029300
1092,556,534,598396,10712,390892,1979600
1093,510,549,597886,10673,391441,1970500
1094,521,568,597365,10626,392009,1914400
1095,517,529,596848,10614,392538,2321700
1096,523,562,596325,10575,393100,1986700
1097,553,525,595772,10603,393625,2198300
1098,516,527,595256,10592,394152,1926400
1099,539,528,594717,10603,394680,1933800
1100,529,494,594188,10638,395174,1984900
1101,548,511,593640,10675,395685,1936400
1102,517,546,593123,10646,396231,2010500
1103,576,530,592547,10692,396761,1940300
1104,556,535,591991,10713,397296,1955800
1105,536,568,591455,10681,397864,2074700
1106,489,515,590966,10655,398379,1909300
1107,548,542,590418,10661,398921,2397100
1108,524,538,589894,10647,399459,2177500
1109,538,577,589356,10608,400036,1910100
1110,496,541,588860,10563,400577,1921300
1111,509,523,588351,10549,401100,2180000
1112,538,533,587813,10554,401633,1950500
1113,520,569,587293,10505,402202,1921100
1114,571,552,586722,10524,402754,2200600
1115,550,519,586172,10555,403273,1930400
1116,531,554,585641,10532,403827,1924000
1117,515,523,585126,10524,404350,1917300
1118,565,515,584561,10574,404865,1924100
1119,547,501,584014,10620,405366,2034800
1120,551,519,583463,10652,405885,2041000
1121,533,534,582930,10651,406419,1885000
1122,525,541,582405,10635,406960,1894400
1123,555,512,581850,10678,407472,1825400
1124,525,546,581325,10657,408018,1848400
1125,505,505,580820,10657,408523,1887000
1126,542,528,580278,10671,409051,1908000
1127,480,523,579798,10628,409574,2032400
1128,528,513,579270,10643,410087,2169300
1129,520,538,578750,10625,410625,1913300
1130,517,549,578233,10593,411174,1927800
1131,521,538,577712,10576,411712,1919200
1132,550,524,577162,10602,412236,1949800
1133,529,544,576633,10587,412780,2259500
1134,513,495,576120,10605,413275,1919300
1135,524,546,575596,10583,413821,1834200
1136,503,509,575093,10577,414330,2388800
1137,505,511,574588,10571,414841,1933000
1138,576,529,574012,10618,415370,1854100
1139,523,556,573489,10585,415926,1858300
1140,539,545,572950,10579,416471,1877100
1141,522,525,572428,10576,416996,1875800
1142,514,543,571914,10547,417539,1877200
1143,523,513,571391,10557,418052,1884000
1144,500,509,570891,10548,418561,1909200
1145,531,561,570360,10518,419122,1902400
1146,496,508,569864,10506,419630,1867600
1147,499,499,569365,10506,420129,1817600
1148,502,521,568863,10487,420650,1823900
1149,561,487,568302,10561,421137,1861900
1150,499,524,567803,10536,421661,1816100
1151,524,490,567279,10570,422151,1833800
1152,498,562,566781,10506,422713,2014800
1153,553,515,566228,10544,423228,1901000
1154,549,526,565679,10567,423754,2198900
1155,512,517,565167,10562,424271,2070300
1156,521,531,564646,10552,424802,2117800
1157,536,491,564110,10597,425293,2386700
1158,550,547,563560,10600,425840,3695900
1159,520,544,563040,10576,426384,2862100
1160,519,576,562521,10519,426960,2395400
1161,524,512,561997,10531,427472,9108000
1162,571,534,561426,10568,428006,4118800
1163,500,553,560926,10515,428559,2500000
1164,506,503,560420,10518,429062,2537200
1165,501,546,559919,10473,429608,2278700
1166,491,482,559428,10482,430090,2187900
1167,516,536,558912,10462,430626,2508800
1168,497,488,558415,10471,431114,2409600
1169,525,557,557890,10439,431671,2162400
1170,527,552,557363,10414,432223,2152700
1171,537,509,556826,10442,432732,2264900
1172,527,528,556299,10441,433260,2116700
1173,503,504,555796,10440,433764,2625700
1174,529,551,555267,10418,434315,2156000
1175,552,513,554715,10457,434828,2065400
1176,550,526,554165,10481,435354,2217500
1177,552,538,553613,10495,435892,2114200
1178,563,494,553050,10564,436386,2081700
1179,538,513,552512,10589,436899,1943900
1180,568,500,551944,10657,437399,1987700
1181,529,517,551415,10669,437916,2322300
1182,531,554,550884,10646,438470,1944400
1183,548,530,550336,10664,439000,1916000
1184,564,537,549772,10691,439537,1908800
1185,548,519,549224,10720,440056,1822900
1186,525,552,548699,10693,440608,1864300
1187,495,535,548204,10653,441143,1932400
1188,536,553,547668,10636,441696,2000600
1189,549,521,547119,10664,442217,2364200
1190,584,544,546535,10704,442761,2258600
1191,566,539,545969,10731,443300,4883000
1192,531,559,545438,10703,443859,2217000
1193,567,532,544871,10738,444391,1973000
1194,543,546,544328,10735,444937,1881000
1195,547,510,543781,10772,445447,1849700
1196,564,501,543217,10835,445948,1982200
1197,507,545,542710,10797,446493,2056100
1198,496,540,542214,10753,447033,2096100
1199,566,561,541648,10758,447594,2065500
1200,554,548,541094,10764,448142,2120300
1201,538,509,540556,10793,448651,2138800
1202,534,547,540022,10780,449198,2020500
1203,521,542,539501,10759,449740,2202700
1204,549,515,538952,10793,450255,6420100
1205,542,538,538410,10797,450793,2653300
1206,601,579,537809,10819,451372,2378400
1207,550,503,537259,10866,451875,2237300
1208,561,560,536698,10867,452435,2033300
1209,551,531,536147,10887,452966,2049200
1210,531,539,535616,10879,453505,2191600
1211,574,535,535042,10918,454040,2295200
1212,577,551,534465,10944,454591,2115600
1213,517,525,533948,10936,455116,2019900
1214,577,515,533371,10998,455631,1995800
1215,545,533,532826,11010,456164,2124500
1216,554,544,532272,11020,456708,1964700
1217,555,568,531717,11007,457276,1994300
1218,537,582,531180,10962,457858,2005600
1219,577,563,530603,10976,458421,2012600
1220,576,568,530027,10984,458989,2032900
1221,548,516,529479,11016,459505,2081500
1222,569,531,528910,11054,460036,1822100
1223,541,584,528369,11011,460620,2376800
1224,532,558,527837,10985,461178,2031600
1225,525,527,527312,10983,461705,1902100
1226,578,550,526734,11011,462255,1946000
1227,576,559,526158,11028,462814,1973800
1228,534,541,525624,11021,463355,1914300
1229,566,546,525058,11041,463901,2045600
1230,563,549,524495,11055,464450,1894700
1231,553,589,523942,11019,465039,1891800
1232,556,584,523386,10991,465623,2212500
1233,559,525,522827,11025,466148,1955100
1234,543,558,522284,11010,466706,2068500
1235,563,502,521721,11071,467208,2879400
1236,505,565,521216,11011,467773,4166000
1237,536,514,520680,11033,468287,3620900
1238,504,530,520176,11007,468817,6766200
1239,532,529,519644,11010,469346,2623300
1240,540,569,519104,10981,469915,2663100
1241,542,572,518562,10951,470487,2272800
1242,528,521,518034,10958,471008,2312200
1243,543,542,517491,10959,471550,2164200
1244,494,566,516997,10887,472116,2126200
1245,500,579,516497,10808,472695,2232200
1246,543,507,515954,10844,473202,2045200
1247,565,542,515389,10867,473744,1929900
1248,558,612,514831,10813,474356,2004800
1249,538,545,514293,10806,474901,2071300
1250,562,546,513731,10822,475447,1991400
1251,540,540,513191,10822,475987,2176600
1252,573,530,512618,10865,476517,4956100
1253,559,580,512059,10844,477097,2323100
1254,534,606,511525,10772,477703,2301400
1255,478,546,511047,10704,478249,1980600
1256,550,521,510497,10733,478770,2200100
1257,544,557,509953,10720,479327,1972000
1258,474,576,509479,10618,479903,1979400
1259,522,526,508957,10614,480429,2046500
1260,498,538,508459,10574,480967,2123500
1261,474,513,507985,10535,481480,1929600
1262,514,543,507471,10506,482023,1988800
1263,510,514,506961,10502,482537,1966500
1264,482,562,506479,10422,483099,1919700
1265,521,491,505958,10452,483590,1826300
1266,538,506,505420,10484,484096,1864600
1267,605,534,504815,10555,484630,1990400
1268,521,498,504294,10578,485128,1920500
1269,537,518,503757,10597,485646,1853100
1270,526,546,503231,10577,486192,1857600
1271,576,530,502655,10623,486722,1759800
1272,542,570,502113,10595,487292,1756300
1273,509,487,501604,10617,487779,1810800
1274,585,526,501019,10676,488305,1899000
1275,529,487,500490,10718,488792,1828200
1276,549,536,499941,10731,489328,1750800
1277,502,530,499439,10703,489858,2046500
1278,557,539,498882,10721,490397,1723500
1279,586,533,498296,10774,490930,1830400
1280,531,535,497765,10770,491465,1757200
1281,607,517,497158,10860,491982,1838600
1282,548,488,496610,10920,492470,2306700
1283,567,538,496043,10949,493008,1911100
1284,555,567,495488,10937,493575,1877900
1285,545,499,494943,10983,494074,1811200
1286,585,575,494358,10993,494649,1797400
1287,546,556,493812,10983,495205,1996600
1288,573,563,493239,10993,495768,1837100
1289,557,553,492682,10997,496321,1840700
1290,509,517,492173,10989,496838,1869300
1291,533,542,491640,10980,497380,1724500
1292,525,508,491115,10997,497888,1816100
1293,509,557,490606,10949,498445,1753100
1294,513,540,490093,10922,498985,1724500
1295,552,516,489541,10958,499501,1833000
1296,557,581,488984,10934,500082,1835000
1297,567,573,488417,10928,500655,1903300
1298,503,487,487914,10944,501142,1895600
1299,571,571,487343,10944,501713,1819100
1300,561,552,486782,10953,502265,1841000
1301,534,609,486248,10878,502874,1878200
1302,572,560,485676,10890,503434,1769100
1303,539,564,485137,10865,503998,1876400
1304,564,601,484573,10828,504599,2042600
1305,576,534,483997,10870,505133,1881400
1306,537,548,483460,10859,505681,1792400
1307,532,559,482928,10832,506240,2005000
1308,553,585,482375,10800,506825,1994300
1309,575,548,481800,10827,507373,1928000
1310,526,533,481274,10820,507906,2007500
1311,551,554,480723,10817,508460,1810600
1312,548,525,480175,10840,508985,1844100
1313,536,593,479639,10783,509578,1865600
1314,531,559,479108,10755,510137,1933400
1315,551,544,478557,10762,510681,2049800
1316,562,537,477995,10787,511218,1931400
1317,555,526,477440,10816,511744,1772700
1318,550,555,476890,10811,512299,1891800
1319,544,522,476346,10833,512821,1816000
1320,556,529,475790,10860,513350,1871200
1321,543,539,475247,10864,513889,2085700
1322,531,534,474716,10861,514423,1771400
1323,519,536,474197,10844,514959,1840300
1324,568,504,473629,10908,515463,1942300
1325,527,537,473102,10898,516000,1842800
1326,540,522,472562,10916,516522,1781000
1327,551,534,472011,10933,517056,1717000
1328,523,588,471488,10868,517644,1784900
1329,541,539,470947,10870,518183,2099400
1330,556,518,470391,10908,518701,1770600
1331,519,530,469872,10897,519231,1857800
1332,546,546,469326,10897,519777,1753300
1333,578,517,468748,10958,520294,1771000
1334,552,533,468196,10977,520827,1734700
1335,610,560,467586,11027,521387,1838000
1336,539,537,467047,11029,521924,1836400
1337,577,540,466470,11066,522464,1801900
1338,572,573,465898,11065,523037,1985800
1339,542,521,465356,11086,523558,1894900
1340,500,582,464856,11004,524140,1765400
1341,573,578,464283,10999,524718,1758700
1342,556,567,463727,10988,525285,1831000
1343,566,537,463161,11017,525822,1788400
1344,598,561,462563,11054,526383,1772500
1345,583,528,461980,11109,526911,1749300
1346,523,590,461457,11042,527501,1733700
1347,580,592,460877,11030,528093,1727700
1348,543,548,460334,11025,528641,1787400
1349,549,568,459785,11006,529209,1735100
1350,551,548,459234,11009,529757,1837100
1351,552,528,458682,11033,530285,2185300
1352,537,555,458145,11015,530840,1896600
1353,539,534,457606,11020,531374,1859900
1354,545,584,457061,10981,531958,1799400
1355,534,575,456527,10940,532533,2006900
1356,549,531,455978,10958,533064,1796300
1357,573,532,455405,10999,533596,1713200
1358,579,556,454826,11022,534152,1762400
1359,513,556,454313,10979,534708,1886400
1360,573,586,453740,10966,535294,2074300
1361,565,544,453175,10987,535838,1863600
1362,562,551,452613,10998,536389,1928500
1363,566,532,452047,11032,536921,1775900
1364,581,565,451466,11048,537486,1730500
1365,518,543,450948,11023,538029,1726700
1366,543,569,450405,10997,538598,1834200
1367,560,583,449845,10974,539181,1831100
1368,549,573,449296,10950,539754,1771000
1369,587,546,448709,10991,540300,1699400
1370,574,583,448135,10982,540883,1755100
1371,568,539,447567,11011,541422,1954200
1372,592,535,446975,11068,541957,1782000
1373,555,560,446420,11063,542517,1756000
1374,599,540,445821,11122,543057,1770500
1375,583,563,445238,11142,543620,1721800
1376,588,543,444650,11187,544163,2058000
1377,591,583,444059,11195,544746,1869900
1378,572,541,443487,11226,545287,2038000
1379,590,576,442897,11240,545863,1856300
1380,582,554,442315,11268,546417,1747300
1381,544,573,441771,11239,546990,1724400
1382,578,548,441193,11269,547538,1742300
1383,581,554,440612,11296,548092,1844600
1384,578,542,440034,11332,548634,1787400
1385,539,598,439495,11273,549232,1748900
1386,561,537,438934,11297,549769,1710300
1387,538,555,438396,11280,550324,1790900
1388,576,577,437820,11279,550901,1893600
1389,545,538,437275,11286,551439,1760800
1390,538,547,436737,11277,551986,1776400
1391,582,579,436155,11280,552565,1725900
1392,582,568,435573,11294,553133,1819600
1393,565,537,435008,11322,553670,2043500
1394,576,541,434432,11357,554211,2050900
1395,543,586,433889,11314,554797,1838400
1396,568,577,433321,11305,555374,1776700
1397,568,561,432753,11312,555935,1947000
1398,542,570,432211,11284,556505,1737800
1399,543,601,431668,11226,557106,1718500
1400,558,558,431110,11226,557664,1843500
1401,575,508,430535,11293,558172,1848600
1402,581,562,429954,11312,558734,1752500
1403,543,547,429411,11308,559281,1707000
1404,555,566,428856,11297,559847,1763600
1405,538,601,428318,11234,560448,1865200
1406,576,559,427742,11251,561007,1922000
1407,499,579,427243,11171,561586,1795200
1408,518,573,426725,11116,562159,1871200
1409,528,547,426197,11097,562706,1732300
1410,550,549,425647,11098,563255,2098400
1411,506,538,425141,11066,563793,1860300
1412,551,570,424590,11047,564363,1834600
1413,520,540,424070,11027,564903,2365900
1414,537,552,423533,11012,565455,2070200
1415,551,533,422982,11030,565988,2046000
1416,502,552,422480,10980,566540,1739900
1417,565,542,421915,11003,567082,1788300
1418,533,560,421382,10976,567642,1850200
1419,506,567,420876,10915,568209,1821900
1420,531,541,420345,10905,568750,1920100
1421,517,529,419828,10893,569279,1990300
1422,494,547,419334,10840,569826,1762900
1423,548,488,418786,10900,570314,1837800
1424,513,522,418273,10891,570836,1902900
1425,532,530,417741,10893,571366,1854200
1426,529,491,417212,10931,571857,1857800
1427,533,554,416679,10910,572411,1785100
1428,540,536,416139,10914,572947,1734200
1429,570,594,415569,10890,573541,1839700
1430,521,519,415048,10892,574060,1739500
1431,556,532,414492,10916,574592,1843500
1432,564,554,413928,10926,575146,1804200
1433,514,546,413414,10894,575692,1736500
1434,507,555,412907,10846,576247,1749600
1435,527,533,412380,10840,576780,1826200
1436,521,573,411859,10788,577353,1830200
1437,482,571,411377,10699,577924,1796500
1438,518,553,410859,10664,578477,1734400
1439,519,491,410340,10692,578968,1781200
1440,482,548,409858,10626,579516,1859000
1441,495,508,409363,10613,580024,1724100
1442,548,508,408815,10653,580532,1765200
1443,510,525,408305,10638,581057,1667700
1444,526,539,407779,10625,581596,1715100
1445,481,528,407298,10578,582124,1808200
1446,492,559,406806,10511,582683,1870700
1447,525,522,406281,10514,583205,1783300
1448,481,501,405800,10494,583706,1725700
1449,487,512,405313,10469,584218,1821800
1450,499,483,404814,10485,584701,1830000
1451,496,514,404318,10467,585215,1776200
1452,541,523,403777,10485,585738,1724200
1453,497,532,403280,10450,586270,1716100
1454,472,560,402808,10362,586830,1821800
1455,525,522,402283,10365,587352,1797500
1456,475,577,401808,10263,587929,1806500
1457,552,494,401256,10321,588423,1989900
1458,545,550,400711,10316,588973,1831800
1459,475,505,400236,10286,589478,1851400
1460,519,483,399717,10322,589961,1827800
1461,511,500,399206,10333,590461,1833900
1462,547,507,398659,10373,590968,1727800
1463,515,495,398144,10393,591463,1722000
1464,487,494,397657,10386,591957,1932300
1465,489,503,397168,10372,592460,1842200
1466,560,510,396608,10422,592970,1829800
1467,511,493,396097,10440,593463,1804900
1468,498,491,395599,10447,593954,1888900
1469,491,521,395108,10417,594475,1718500
1470,515,504,394593,10428,594979,1712000
1471,501,527,394092,10402,595506,1830300
1472,504,512,393588,10394,596018,1926000
1473,534,512,393054,10416,596530,1768900
1474,510,505,392544,10421,597035,1871500
1475,538,519,392006,10440,597554,1754900
1476,538,528,391468,10450,598082,1826700
1477,560,521,390908,10489,598603,1830100
1478,546,522,390362,10513,599125,1788100
1479,524,536,389838,10501,599661,1713800
1480,507,545,389331,10463,600206,1742000
1481,473,511,388858,10425,600717,1735800
1482,523,510,388335,10438,601227,1787800
1483,495,471,387840,10462,601698,1717500
1484,499,500,387341,10461,602198,1717300
1485,495,526,386846,10430,602724,1716000
1486,494,537,386352,10387,603261,1731400
1487,519,512,385833,10394,603773,1730600
1488,491,524,385342,10361,604297,1722800
1489,518,525,384824,10354,604822,1838100
1490,511,481,384313,10384,605303,1722800
1491,521,515,383792,10390,605818,1871400
1492,517,514,383275,10393,606332,1731300
1493,553,539,382722,10407,606871,1744500
1494,491,515,382231,10383,607386,1866000
1495,529,485,381702,10427,607871,1775400
1496,523,513,381179,10437,608384,1725800
1497,565,524,380614,10478,608908,1936500
1498,523,478,380091,10523,609386,2119400
1499,535,514,379556,10544,609900,1898600
1500,533,528,379023,10549,610428,1875300
1501,524,504,378499,10569,610932,1909800
1502,522,510,377977,10581,611442,1993600
1503,504,520,377473,10565,611962,3811300
1504,529,515,376944,10579,612477,2807600
1505,536,498,376408,10617,612975,3545400
1506,514,535,375894,10596,613510,3746400
1507,519,510,375375,10605,614020,2382200
1508,489,530,374886,10564,614550,2254400
1509,488,500,374398,10552,615050,2321200
1510,522,566,373876,10508,615616,2123700
1511,516,478,373360,10546,616094,2077400
1512,529,551,372831,10524,616645,2000800
1513,567,496,372264,10595,617141,1995100
1514,530,501,371734,10624,617642,2102100
1515,507,537,371227,10594,618179,1923700
1516,503,506,370724,10591,618685,2114400
1517,523,503,370201,10611,619188,2262500
1518,526,526,369675,10611,619714,1898800
1519,535,540,369140,10606,620254,1881500
1520,524,539,368616,10591,620793,1836700
1521,503,509,368113,10585,621302,2037500
1522,497,497,367616,10585,621799,2113800
1523,516,509,367100,10592,622308,2017500
1524,540,513,366560,10619,622821,2076600
1525,490,494,366070,10615,623315,2104000
1526,487,549,365583,10553,623864,2156300
1527,458,508,365125,10503,624372,2214900
1528,467,487,364658,10483,624859,1956300
1529,521,504,364137,10500,625363,1932900
1530,527,584,363610,10443,625947,1909000
1531,506,557,363104,10392,626504,1893600
1532,513,508,362591,10397,627012,1891900
1533,499,504,362092,10392,627516,1995800
1534,530,516,361562,10406,628032,1915000
1535,521,533,361041,10394,628565,1815500
1536,540,534,360501,10400,629099,1798100
1537,549,519,359952,10430,629618,1798700
1538,536,547,359416,10419,630165,1851400
1539,510,512,358906,10417,630677,1876300
1540,527,579,358379,10365,631256,1842000
1541,499,535,357880,10329,631791,2026900
1542,508,498,357372,10339,632289,1818300
1543,563,525,356809,10377,632814,1801400
1544,501,547,356308,10331,633361,1796800
1545,547,505,355761,10373,633866,1836500
1546,537,555,355224,10355,634421,1838600
1547,527,541,354697,10341,634962,1939800
1548,522,513,354175,10350,635475,1858800
1549,524,518,353651,10356,635993,1876200
1550,512,509,353139,10359,636502,1874400
1551,477,529,352662,10307,637031,1768800
1552,471,512,352191,10266,637543,1939600
1553,487,506,351704,10247,638049,1851500
1554,508,565,351196,10190,638614,1872600
1555,489,516,350707,10163,639130,1792500
1556,565,487,350142,10241,639617,1725500
1557,474,496,349668,10219,640113,1746700
1558,464,507,349204,10176,640620,1856400
1559,508,506,348696,10178,641126,1865800
1560,514,472,348182,10220,641598,1785000
1561,520,507,347662,10233,642105,2134000
1562,508,502,347154,10239,642607,2388600
1563,485,480,346669,10244,643087,1849900
1564,496,537,346173,10203,643624,1841600
1565,493,497,345680,10199,644121,2304400
1566,508,534,345172,10173,644655,1952900
1567,507,508,344665,10172,645163,1863000
1568,537,502,344128,10207,645665,2104400
1569,518,482,343610,10243,646147,1898400
1570,505,476,343105,10272,646623,1940000
1571,495,560,342610,10207,647183,1897000
1572,519,516,342091,10210,647699,1902500
1573,540,499,341551,10251,648198,2201300
1574,519,499,341032,10271,648697,1931900
1575,516,545,340516,10242,649242,1858700
1576,483,571,340033,10154,649813,1941700
1577,521,501,339512,10174,650314,1992800
1578,516,486,338996,10204,650800,1799400
1579,525,507,338471,10222,651307,1991700
1580,517,458,337954,10281,651765,1831700
1581,506,519,337448,10268,652284,1936100
1582,473,545,336975,10196,652829,2097100
1583,530,533,336445,10193,653362,1864500
1584,493,502,335952,10184,653864,1832300
1585,518,477,335434,10225,654341,1771100
1586,498,495,334936,10228,654836,1837500
1587,560,488,334376,10300,655324,1777700
1588,472,479,333904,10293,655803,1754600
1589,538,511,333366,10320,656314,1747200
1590,486,548,332880,10258,656862,1734600
1591,529,519,332351,10268,657381,1737000
1592,533,577,331818,10224,657958,1725100
1593,531,502,331287,10253,658460,1718500
1594,507,500,330780,10260,658960,1988900
1595,484,510,330296,10234,659470,1840300
1596,482,540,329814,10176,660010,1919900
1597,476,500,329338,10152,660510,1884200
1598,500,517,328838,10135,661027,1814800
1599,485,538,328353,10082,661565,1683300
1600,528,521,327825,10089,662086,1762600
1601,534,484,327291,10139,662570,1817800
1602,504,520,326787,10123,663090,1816300
1603,511,534,326276,10100,663624,1708600
1604,466,520,325810,10046,664144,1714300
1605,488,518,325322,10016,664662,1913900
1606,469,486,324853,9999,665148,1830500
1607,465,525,324388,9939,665673,1736800
1608,479,519,323909,9899,666192,1819600
1609,490,500,323419,9889,666692,1726500
1610,487,455,322932,9921,667147,1821100
1611,534,487,322398,9968,667634,1908100
1612,511,497,321887,9982,668131,2085200
1613,479,533,321408,9928,668664,1912700
1614,494,514,320914,9908,669178,1978800
1615,493,504,320421,9897,669682,2123900
1616,502,465,319919,9934,670147,1845400
1617,495,509,319424,9920,670656,1772000
1618,455,516,318969,9859,671172,1882900
1619,519,493,318450,9885,671665,1814500
1620,479,522,317971,9842,672187,1852100
1621,472,480,317499,9834,672667,1835900
1622,495,493,317004,9836,673160,1826000
1623,461,495,316543,9802,673655,1797000
1624,487,504,316056,9785,674159,2046900
1625,436,512,315620,9709,674671,1742000
1626,486,488,315134,9707,675159,1724200
1627,466,477,314668,9696,675636,1817400
1628,449,441,314219,9704,676077,1813800
1629,485,446,313734,9743,676523,1767500
1630,496,503,313238,9736,677026,1730900
1631,484,477,312754,9743,677503,1716400
1632,494,523,312260,9714,678026,1849100
1633,492,496,311768,9710,678522,1759500
1634,506,484,311262,9732,679006,1805700
1635,521,476,310741,9777,679482,1800900
1636,467,448,310274,9796,679930,1843900
1637,503,491,309771,9808,680421,1833300
1638,493,501,309278,9800,680922,2013800
1639,472,459,308806,9813,681381,2285500
1640,482,488,308324,9807,681869,1838900
1641,475,469,307849,9813,682338,1864800
1642,502,492,307347,9823,682830,1836200
1643,473,468,306874,9828,683298,1773900
1644,527,501,306347,9854,683799,1761500
1645,510,456,305837,9908,684255,1776000
1646,483,504,305354,9887,684759,1867800
1647,521,482,304833,9926,685241,1801000
1648,511,498,304322,9939,685739,2250500
1649,504,505,303818,9938,686244,1873900
1650,517,492,303301,9963,686736,1810200
1651,513,456,302788,10020,687192,1801700
1652,542,472,302246,10090,687664,1786100
1653,515,509,301731,10096,688173,1761400
1654,513,472,301218,10137,688645,1869000
1655,500,484,300718,10153,689129,1812500
1656,503,523,300215,10133,689652,1956200
1657,552,511,299663,10174,690163,1892000
1658,473,499,299190,10148,690662,1911900
1659,534,490,298656,10192,691152,1739800
1660,485,483,298171,10194,691635,1822500
1661,508,547,297663,10155,692182,1926200
1662,539,546,297124,10148,692728,1883500
1663,511,476,296613,10183,693204,1857200
1664,465,526,296148,10122,693730,1808800
1665,521,520,295627,10123,694250,1736900
1666,488,515,295139,10096,694765,1957700
1667,489,492,294650,10093,695257,1856100
1668,494,494,294156,10093,695751,1858600
1669,531,471,293625,10153,696222,1842800
1670,487,523,293138,10117,696745,1817600
1671,497,491,292641,10123,697236,1821800
1672,517,526,292124,10114,697762,1833000
1673,513,541,291611,10086,698303,2005700
1674,470,529,291141,10027,698832,1970400
1675,507,464,290634,10070,699296,1811400
1676,479,468,290155,10081,699764,1858400
1677,502,493,289653,10090,700257,1879100
1678,492,505,289161,10077,700762,1943100
1679,474,501,288687,10050,701263,1835100
1680,464,513,288223,10001,701776,1774100
1681,456,486,287767,9971,702262,1817700
1682,485,477,287282,9979,702739,1778700
1683,480,502,286802,9957,703241,1809600
1684,510,503,286292,9964,703744,1804100
1685,495,517,285797,9942,704261,1794000
1686,466,510,285331,9898,704771,1760400
1687,489,493,284842,9894,705264,1702200
1688,509,481,284333,9922,705745,1918700
1689,451,454,283882,9919,706199,2141400
1690,492,489,283390,9922,706688,1851600
1691,475,497,282915,9900,707185,2124100
1692,527,483,282388,9944,707668,1767300
1693,487,501,281901,9930,708169,1815600
1694,490,523,281411,9897,708692,1748500
1695,471,525,280940,9843,709217,1775900
1696,498,521,280442,9820,709738,1837300
1697,469,475,279973,9814,710213,1773900
1698,509,460,279464,9863,710673,1791700
1699,496,501,278968,9858,711174,1801300
1700,491,468,278477,9881,711642,1852700
1701,502,482,277975,9901,712124,1873900
1702,483,447,277492,9937,712571,1877200
1703,489,473,277003,9953,713044,1970000
1704,486,489,276517,9950,713533,2163300
1705,484,474,276033,9960,714007,1915900
1706,461,501,275572,9920,714508,1896700
1707,468,492,275104,9896,715000,1866700
1708,489,509,274615,9876,715509,1782100
1709,508,495,274107,9889,716004,1788700
1710,487,525,273620,9851,716529,1787000
1711,453,481,273167,9823,717010,1788800
1712,482,474,272685,9831,717484,1789100
1713,485,498,272200,9818,717982,1816100
1714,511,489,271689,9840,718471,1797000
1715,487,493,271202,9834,718964,1737200
1716,529,501,270673,9862,719465,1816900
1717,517,479,270156,9900,719944,1922200
1718,510,495,269646,9915,720439,1870300
1719,493,482,269153,9926,720921,1816300
1720,512,482,268641,9956,721403,1801000
1721,536,509,268105,9983,721912,1769500
1722,486,530,267619,9939,722442,1741400
1723,499,463,267120,9975,722905,1771200
1724,464,500,266656,9939,723405,1762800
1725,515,488,266141,9966,723893,2126200
1726,490,470,265651,9986,724363,1838700
1727,488,507,265163,9967,724870,1802800
1728,488,469,264675,9986,725339,1800600
1729,531,500,264144,10017,725839,1854500
1730,513,499,263631,10031,726338,1845600
1731,482,522,263149,9991,726860,1734100
1732,475,504,262674,9962,727364,1807300
1733,500,500,262174,9962,727864,1792100
1734,469,542,261705,9889,728406,2222200
1735,481,515,261224,9855,728921,2040400
1736,509,504,260715,9860,729425,1748200
1737,469,475,260246,9854,729900,1725700
1738,503,516,259743,9841,730416,1874400
1739,510,501,259233,9850,730917,1741000
1740,492,497,258741,9845,731414,2052200
1741,483,483,258258,9845,731897,1805700
1742,501,449,257757,9897,732346,1762800
1743,458,501,257299,9854,732847,1760200
1744,490,474,256809,9870,733321,1830300
1745,461,560,256348,9771,733881,1762900
1746,430,471,255918,9730,734352,1981800
1747,456,558,255462,9628,734910,1681500
1748,474,501,254988,9601,735411,1729000
1749,460,491,254528,9570,735902,1833000
1750,466,495,254062,9541,736397,1814100
1751,446,471,253616,9516,736868,2127600
1752,446,519,253170,9443,737387,1866200
1753,437,418,252733,9462,737805,1823000
1754,452,495,252281,9419,738300,1910300
1755,441,442,251840,9418,738742,1826100
1756,443,452,251397,9409,739194,1794800
1757,415,449,250982,9375,739643,2254300
1758,431,496,250551,9310,740139,2139700
1759,469,467,250082,9312,740606,1807100
1760,483,479,249599,9316,741085,1782300
1761,501,464,249098,9353,741549,1857400
1762,464,453,248634,9364,742002,1804100
1763,469,484,248165,9349,742486,1712600
1764,465,448,247700,9366,742934,1726500
1765,434,475,247266,9325,743409,1811700
1766,489,449,246777,9365,743858,1821700
1767,456,486,246321,9335,744344,1718400
1768,463,480,245858,9318,744824,1726300
1769,445,494,245413,9269,745318,1710000
1770,471,415,244942,9325,745733,1811200
1771,447,504,244495,9268,746237,1750900
1772,434,472,244061,9230,746709,1704000
1773,455,459,243606,9226,747168,1696700
1774,440,443,243166,9223,747611,2302100
1775,441,451,242725,9213,748062,1849900
1776,454,476,242271,9191,748538,1872300
1777,454,458,241817,9187,748996,1751300
1778,423,475,241394,9135,749471,1743700
1779,414,456,240980,9093,749927,1820300
1780,459,448,240521,9104,750375,1814200
1781,421,452,240100,9073,750827,1845700
1782,402,422,239698,9053,751249,1831100
1783,450,402,239248,9101,751651,2095500
1784,461,467,238787,9095,752118,2343000
1785,447,474,238340,9068,752592,1718800
1786,460,425,237880,9103,753017,1806500
1787,442,426,237438,9119,753443,1750500
1788,436,465,237002,9090,753908,1704800
1789,452,463,236550,9079,754371,1707600
1790,435,443,236115,9071,754814,1801900
1791,436,417,235679,9090,755231,1772900
1792,424,458,235255,9056,755689,1758100
1793,405,454,234850,9007,756143,1824700
1794,401,461,234449,8947,756604,1846300
1795,473,451,233976,8969,757055,1828100
1796,429,455,233547,8943,757510,1813400
1797,449,457,233098,8935,757967,1712600
1798,443,461,232655,8917,758428,1753100
1799,457,467,232198,8907,758895,1818800
1800,432,460,231766,8879,759355,1805900
1801,419,482,231347,8816,759837,1960700
1802,431,428,230916,8819,760265,1748600
1803,424,418,230492,8825,760683,1724100
1804,446,437,230046,8834,761120,1791200
1805,448,434,229598,8848,761554,1860400
1806,444,445,229154,8847,761999,1821500
1807,432,453,228722,8826,762452,2001800
1808,462,450,228260,8838,762902,1806500
1809,407,435,227853,8810,763337,1709500
1810,436,479,227417,8767,763816,1826600
1811,445,461,226972,8751,764277,1863100
1812,454,474,226518,8731,764751,1797300
1813,427,430,226091,8728,765181,2274100
1814,431,460,225660,8699,765641,2184500
1815,407,454,225253,8652,766095,1832900
1816,426,425,224827,8653,766520,2288900
1817,433,482,224394,8604,767002,2166900
1818,431,414,223963,8621,767416,1974000
1819,441,388,223522,8674,767804,2187700
1820,418,446,223104,8646,768250,2049800
1821,415,449,222689,8612,768699,2027700
1822,440,448,222249,8604,769147,2002600
1823,432,443,221817,8593,769590,1995800
1824,467,413,221350,8647,770003,1965200
1825,382,450,220968,8579,770453,2009200
1826,456,455,220512,8580,770908,2093300
1827,418,430,220094,8568,771338,1822000
1828,449,420,219645,8597,771758,2150100
1829,439,386,219206,8650,772144,1961100
1830,455,417,218751,8688,772561,1793200
1831,431,416,218320,8703,772977,1983200
1832,442,429,217878,8716,773406,2009300
1833,388,473,217490,8631,773879,2020700
1834,409,439,217081,8601,774318,1832600
1835,420,417,216661,8604,774735,2053100
1836,423,433,216238,8594,775168,1995900
1837,403,427,215835,8570,775595,2057600
1838,430,392,215405,8608,775987,1867700
1839,378,422,215027,8564,776409,1865600
1840,395,428,214632,8531,776837,1840000
1841,421,425,214211,8527,777262,1863900
1842,401,433,213810,8495,777695,1862500
1843,386,390,213424,8491,778085,1857900
1844,397,419,213027,8469,778504,1914200
1845,412,466,212615,8415,778970,1906300
1846,426,417,212189,8424,779387,1958000
1847,415,412,211774,8427,779799,1889300
1848,413,423,211361,8417,780222,1827600
1849,424,431,210937,8410,780653,1723700
1850,424,430,210513,8404,781083,1874300
1851,430,423,210083,8411,781506,1837800
1852,417,404,209666,8424,781910,1821700
1853,406,426,209260,8404,782336,1695600
1854,433,447,208827,8390,782783,1734600
1855,408,416,208419,8382,783199,1822800
1856,436,409,207983,8409,783608,1811800
1857,398,438,207585,8369,784046,1758500
1858,424,432,207161,8361,784478,1722800
1859,427,408,206734,8380,784886,1759800
1860,421,378,206313,8423,785264,1724100
1861,398,406,205915,8415,785670,1738600
1862,420,421,205495,8414,786091,1727400
1863,409,408,205086,8415,786499,1648400
1864,425,409,204661,8431,786908,1692900
1865,419,444,204242,8406,787352,1998900
1866,417,449,203825,8374,787801,2106300
1867,389,403,203436,8360,788204,1742600
1868,393,410,203043,8343,788614,1828300
1869,387,394,202656,8336,789008,1731200
1870,376,420,202280,8292,789428,1829000
1871,388,392,201892,8288,789820,1799800
1872,369,381,201523,8276,790201,1703600
1873,348,380,201175,8244,790581,1699400
1874,367,430,200808,8181,791011,1828000
1875,433,390,200375,8224,791401,1705100
1876,371,381,200004,8214,791782,1722100
1877,396,435,199608,8175,792217,1700300
1878,376,408,199232,8143,792625,1813500
1879,384,436,198848,8091,793061,1785900
1880,394,417,198454,8068,793478,1703100
1881,396,439,198058,8025,793917,2098400
1882,386,449,197672,7962,794366,1950400
1883,344,409,197328,7897,794775,1899400
1884,341,418,196987,7820,795193,1906000
1885,359,405,196628,7774,795598,1858300
1886,387,360,196241,7801,795958,2133200
1887,364,383,195877,7782,796341,1797300
1888,368,373,195509,7777,796714,1833800
1889,365,376,195144,7766,797090,1790100
1890,383,377,194761,7772,797467,1741600
1891,388,361,194373,7799,797828,1863000
1892,377,383,193996,7793,798211,2027300
1893,381,397,193615,7777,798608,1689700
1894,399,399,193216,7777,799007,1822000
1895,378,387,192838,7768,799394,1772200
1896,376,414,192462,7730,799808,1703800
1897,376,424,192086,7682,800232,1712100
1898,370,400,191716,7652,800632,1807100
1899,401,363,191315,7690,800995,1772200
1900,395,359,190920,7726,801354,1697500
1901,399,373,190521,7752,801727,1709400
1902,381,360,190140,7773,802087,1814100
1903,400,366,189740,7807,802453,1741200
1904,394,412,189346,7789,802865,1709800
1905,368,408,188978,7749,803273,1700200
1906,379,376,188599,7752,803649,1813800
1907,403,393,188196,7762,804042,1759000
1908,391,357,187805,7796,804399,1706400
1909,381,385,187424,7792,804784,1882000
1910,391,376,187033,7807,805160,1697600
1911,396,386,186637,7817,805546,1788100
1912,355,392,186282,7780,805938,1714200
1913,378,401,185904,7757,806339,1678800
1914,392,388,185512,7761,806727,1810800
1915,365,384,185147,7742,807111,1814100
1916,389,370,184758,7761,807481,1671000
1917,357,388,184401,7730,807869,1679200
1918,365,355,184036,7740,808224,1828600
1919,410,349,183626,7801,808573,1718800
1920,382,415,183244,7768,808988,1714800
1921,392,416,182852,7744,809404,2019600
1922,388,387,182464,7745,809791,1836000
1923,383,382,182081,7746,810173,1717000
1924,403,374,181678,7775,810547,1803400
1925,403,403,181275,7775,810950,1704600
1926,359,411,180916,7723,811361,1754900
1927,384,385,180532,7722,811746,1924900
1928,361,367,180171,7716,812113,1773600
1929,379,423,179792,7672,812536,1794300
1930,358,369,179434,7661,812905,1646000
1931,355,366,179079,7650,813271,1668300
1932,388,366,178691,7672,813637,1809700
1933,387,417,178304,7642,814054,1762400
1934,382,393,177922,7631,814447,1694200
1935,364,386,177558,7609,814833,1696900
1936,386,347,177172,7648,815180,2061000
1937,399,371,176773,7676,815551,1891000
1938,384,410,176389,7650,815961,1812800
1939,418,366,175971,7702,816327,1775600
1940,379,366,175592,7715,816693,1697900
1941,364,380,175228,7699,817073,1670500
1942,363,410,174865,7652,817483,1795100
1943,371,396,174494,7627,817879,1703300
1944,397,370,174097,7654,818249,1679300
1945,420,380,173677,7694,818629,1954700
1946,419,361,173258,7752,818990,1802600
1947,389,396,172869,7745,819386,1757200
1948,382,388,172487,7739,819774,1675400
1949,375,370,172112,7744,820144,1985000
1950,351,394,171761,7701,820538,1936900
1951,369,393,171392,7677,820931,1812500
1952,367,364,171025,7680,821295,1818700
1953,394,401,170631,7673,821696,1737700
1954,367,398,170264,7642,822094,1751600
1955,356,354,169908,7644,822448,1670300
1956,348,360,169560,7632,822808,1833500
1957,349,367,169211,7614,823175,1777100
1958,384,383,168827,7615,823558,1996800
1959,374,398,168453,7591,823956,1698500
1960,371,380,168082,7582,824336,1685300
1961,397,411,167685,7568,824747,1831100
1962,376,384,167309,7560,825131,1830200
1963,381,376,166928,7565,825507,1762500
1964,350,370,166578,7545,825877,1773700
1965,367,396,166211,7516,826273,1754200
1966,348,366,165863,7498,826639,1819300
1967,328,365,165535,7461,827004,1767300
1968,340,351,165195,7450,827355,1704300
1969,362,374,164833,7438,827729,1694700
1970,348,378,164485,7408,828107,1666400
1971,343,357,164142,7394,828464,1714400
1972,344,350,163798,7388,828814,1702100
1973,370,368,163428,7390,829182,2003600
1974,335,379,163093,7346,829561,1799300
1975,377,370,162716,7353,829931,1821700
1976,333,338,162383,7348,830269,1748900
1977,376,383,162007,7341,830652,1668400
1978,318,348,161689,7311,831000,1803300
1979,332,391,161357,7252,831391,2053400
1980,334,330,161023,7256,831721,2284000
1981,355,364,160668,7247,832085,1874400
1982,341,363,160327,7225,832448,2036300
1983,320,359,160007,7186,832807,1859900
1984,354,398,159653,7142,833205,1844400
1985,352,348,159301,7146,833553,1825000
1986,329,358,158972,7117,833911,2111200
1987,345,351,158627,7111,834262,2194300
1988,362,343,158265,7130,834605,1812000
1989,354,362,157911,7122,834967,1838200
1990,331,378,157580,7075,835345,1773500
1991,345,334,157235,7086,835679,1997900
1992,369,360,156866,7095,836039,1852900
1993,341,327,156525,7109,836366,1849400
1994,345,352,156180,7102,836718,1885600
1995,353,374,155827,7081,837092,1899900
1996,369,370,155458,7080,837462,1935700
1997,356,341,155102,7095,837803,2069900
1998,339,369,154763,7065,838172,1841200
1999,341,361,154422,7045,838533,1858000
2000,355,341,154067,7059,838874,1725900
2001,315,354,153752,7020,839228,1783600
2002,349,334,153403,7035,839562,1796300
2003,342,338,153061,7039,839900,1944500
2004,339,345,152722,7033,840245,1908900
2005,331,344,152391,7020,840589,1958500
2006,333,404,152058,6949,840993,2009500
2007,334,291,151724,6992,841284,1991200
2008,346,335,151378,7003,841619,2228300
2009,331,329,151047,7005,841948,1982000
2010,353,322,150694,7036,842270,1862900
2011,354,382,150340,7008,842652,1936100
2012,313,349,150027,6972,843001,1979600
2013,349,381,149678,6940,843382,2085100
2014,324,332,149354,6932,843714,1992000
2015,319,340,149035,6911,844054,1957100
2016,320,327,148715,6904,844381,1915100
2017,338,334,148377,6908,844715,1976000
2018,346,365,148031,6889,845080,2056700
2019,332,357,147699,6864,845437,1921800
2020,314,339,147385,6839,845776,1932800
2021,358,347,147027,6850,846123,2064900
2022,328,326,146699,6852,846449,2003600
2023,314,330,146385,6836,846779,1934600
2024,315,330,146070,6821,847109,2117500
2025,337,341,145733,6817,847450,1979100
2026,346,357,145387,6806,847807,2014100
2027,313,313,145074,6806,848120,2065200
2028,323,337,144751,6792,848457,1884200
2029,317,342,144434,6767,848799,1907600
2030,326,365,144108,6728,849164,1870900
2031,329,337,143779,6720,849501,2021600
2032,316,301,143463,6735,849802,1980300
2033,376,320,143087,6791,850122,1961800
2034,325,317,142762,6799,850439,1971800
2035,340,326,142422,6813,850765,2179900
2036,358,320,142064,6851,851085,2022500
2037,324,342,141740,6833,851427,1950700
2038,315,353,141425,6795,851780,1972100
2039,354,349,141071,6800,852129,2107200
2040,323,341,140748,6782,852470,1966800
2041,353,331,140395,6804,852801,1947500
2042,323,356,140072,6771,853157,2053100
2043,293,346,139779,6718,853503,2081500
2044,344,354,139435,6708,853857,2083500
2045,338,345,139097,6701,854202,2080800
2046,341,340,138756,6702,854542,2060800
2047,332,340,138424,6694,854882,2022300
2048,343,323,138081,6714,855205,1933500
2049,325,348,137756,6691,855553,2072400
2050,312,322,137444,6681,855875,2102700
2051,339,361,137105,6659,856236,2023500
2052,321,325,136784,6655,856561,2044200
2053,307,339,136477,6623,856900,2068500
2054,362,354,136115,6631,857254,2231000
2055,317,333,135798,6615,857587,2279100
2056,322,313,135476,6624,857900,2151200
2057,338,340,135138,6622,858240,2336100
2058,348,328,134790,6642,858568,2105100
2059,348,313,134442,6677,858881,2022800
2060,323,341,134119,6659,859222,2366400
2061,318,319,133801,6658,859541,2111300
2062,369,302,133432,6725,859843,2089900
2063,317,301,133115,6741,860144,2069800
2064,331,350,132784,6722,860494,1970300
2065,312,329,132472,6705,860823,2032700
2066,322,331,132150,6696,861154,2036600
2067,338,329,131812,6705,861483,2026500
2068,305,306,131507,6704,861789,2005300
2069,302,331,131205,6675,862120,2170100
2070,318,348,130887,6645,862468,2154400
2071,289,345,130598,6589,862813,2059000
2072,318,326,130280,6581,863139,2112900
2073,323,357,129957,6547,863496,2248500
2074,329,309,129628,6567,863805,2107900
2075,330,314,129298,6583,864119,2140600
2076,327,335,128971,6575,864454,2298200
2077,312,326,128659,6561,864780,2092700
2078,287,332,128372,6516,865112,2185800
2079,337,340,128035,6513,865452,1954900
2080,343,343,127692,6513,865795,1947000
2081,319,322,127373,6510,866117,1927300
2082,281,321,127092,6470,866438,2032300
2083,304,339,126788,6435,866777,2071600
2084,312,322,126476,6425,867099,2044000
2085,309,324,126167,6410,867423,1959500
2086,299,325,125868,6384,867748,2003900
2087,304,301,125564,6387,868049,1969000
2088,295,340,125269,6342,868389,1911200
2089,330,315,124939,6357,868704,2283500
2090,308,296,124631,6369,869000,2104500
2091,298,295,124333,6372,869295,2044800
2092,321,314,124012,6379,869609,2027800
2093,310,312,123702,6377,869921,1940000
2094,315,294,123387,6398,870215,2018400
2095,325,319,123062,6404,870534,2084800
2096,308,308,122754,6404,870842,1948100
2097,306,308,122448,6402,871150,1928000
2098,311,291,122137,6422,871441,1945200
2099,323,338,121814,6407,871779,1917400
2100,298,306,121516,6399,872085,2133100
2101,305,298,121211,6406,872383,2115500
2102,315,328,120896,6393,872711,2217700
2103,328,321,120568,6400,873032,2246600
2104,335,319,120233,6416,873351,2293600
2105,315,318,119918,6413,873669,2217100
2106,277,313,119641,6377,873982,2032700
2107,324,299,119317,6402,874281,2208600
2108,313,335,119004,6380,874616,2203000
2109,324,315,118680,6389,874931,2241800
2110,311,323,118369,6377,875254,2214600
2111,336,325,118033,6388,875579,2142700
2112,291,336,117742,6343,875915,2083100
2113,304,293,117438,6354,876208,2003000
2114,309,308,117129,6355,876516,2042400
2115,318,346,116811,6327,876862,2026100
2116,302,337,116509,6292,877199,2228900
2117,311,313,116198,6290,877512,2187600
2118,296,332,115902,6254,877844,2143600
2119,293,315,115609,6232,878159,2000700
2120,304,329,115305,6207,878488,2032700
2121,302,290,115003,6219,878778,2104200
2122,316,303,114687,6232,879081,2056400
2123,320,337,114367,6215,879418,1941200
2124,287,300,114080,6202,879718,2067300
2125,296,324,113784,6174,880042,2000400
2126,312,332,113472,6154,880374,2060800
2127,308,315,113164,6147,880689,2039300
2128,319,313,112845,6153,881002,2034500
2129,277,294,112568,6136,881296,1985300
2130,323,287,112245,6172,881583,1903600
2131,341,310,111904,6203,881893,1879900
2132,317,300,111587,6220,882193,1961200
2133,323,332,111264,6211,882525,1902300
2134,325,311,110939,6225,882836,2003800
2135,286,301,110653,6210,883137,2215600
2136,283,286,110370,6207,883423,1962900
2137,303,297,110067,6213,883720,1960800
2138,274,294,109793,6193,884014,2021200
2139,304,337,109489,6160,884351,1939100
2140,288,315,109201,6133,884666,1994500
2141,292,310,108909,6115,884976,1991400
2142,297,294,108612,6118,885270,2029900
2143,274,318,108338,6074,885588,2191700
2144,275,314,108063,6035,885902,1935100
2145,268,327,107795,5976,886229,1896500
2146,258,291,107537,5943,886520,2045800
2147,301,318,107236,5926,886838,1828300
2148,257,299,106979,5884,887137,1872400
2149,255,297,106724,5842,887434,1889000
2150,267,302,106457,5807,887736,1806600
2151,268,286,106189,5789,888022,1835500
2152,280,293,105909,5776,888315,1741800
2153,302,319,105607,5759,888634,1718800
2154,289,291,105318,5757,888925,1722500
2155,270,274,105048,5753,889199,1853000
2156,266,280,104782,5739,889479,1870300
2157,267,283,104515,5723,889762,1873600
2158,284,305,104231,5702,890067,1880300
2159,297,307,103934,5692,890374,1819100
2160,307,301,103627,5698,890675,1858100
2161,275,271,103352,5702,890946,1888900
2162,258,260,103094,5700,891206,1815300
2163,288,277,102806,5711,891483,1843600
2164,278,272,102528,5717,891755,1992200
2165,284,259,102244,5742,892014,1813700
2166,300,292,101944,5750,892306,1995300
2167,278,279,101666,5749,892585,1850400
2168,267,289,101399,5727,892874,1834200
2169,288,267,101111,5748,893141,1920500
2170,284,267,100827,5765,893408,1800900
2171,275,279,100552,5761,893687,1764100
2172,279,271,100273,5769,893958,2145800
2173,279,301,99994,5747,894259,1884600
2174,298,263,99696,5782,894522,1888400
2175,290,281,99406,5791,894803,1900600
2176,253,273,99153,5771,895076,1910300
2177,268,318,98885,5721,895394,1959000
2178,288,301,98597,5708,895695,2007200
2179,272,303,98325,5677,895998,1899200
2180,291,295,98034,5673,896293,1962700
2181,278,310,97756,5641,896603,1884600
2182,281,287,97475,5635,896890,1902000
2183,263,256,97212,5642,897146,1839700
2184,281,285,96931,5638,897431,1828000
2185,271,301,96660,5608,897732,1905700
2186,289,287,96371,5610,898019,1803700
2187,284,307,96087,5587,898326,1863500
2188,279,286,95808,5580,898612,1828900
2189,281,272,95527,5589,898884,1837000
2190,269,260,95258,5598,899144,2165200
2191,278,279,94980,5597,899423,2053200
2192,257,290,94723,5564,899713,1882400
2193,268,291,94455,5541,900004,1990300
2194,255,294,94200,5502,900298,2012300
2195,267,288,93933,5481,900586,1806300
2196,286,293,93647,5474,900879,1951800
2197,262,274,93385,5462,901153,1796900
2198,262,314,93123,5410,901467,1795300
2199,277,251,92846,5436,901718,1731000
2200,256,285,92590,5407,902003,1792000
2201,274,269,92316,5412,902272,1793100
2202,257,266,92059,5403,902538,1832600
2203,273,256,91786,5420,902794,1930500
2204,254,269,91532,5405,903063,2059100
2205,271,275,91261,5401,903338,1823000
2206,292,268,90969,5425,903606,1803500
2207,248,241,90721,5432,903847,1785800
2208,268,265,90453,5435,904112,1776500
2209,265,273,90188,5427,904385,1895200
2210,280,278,89908,5429,904663,1797900
2211,265,288,89643,5406,904951,1858400
2212,271,258,89372,5419,905209,1864300
2213,268,292,89104,5395,905501,2028500
2214,269,276,88835,5388,905777,1808200
2215,257,250,88578,5395,906027,1847600
2216,256,267,88322,5384,906294,1883400
2217,252,242,88070,5394,906536,1885400
2218,258,295,87812,5357,906831,1833700
2219,282,248,87530,5391,907079,1921400
2220,251,278,87279,5364,907357,1833400
2221,263,276,87016,5351,907633,1762600
2222,234,291,86782,5294,907924,1841700
2223,240,261,86542,5273,908185,1707900
2224,247,263,86295,5257,908448,1825800
2225,230,255,86065,5232,908703,1814000
2226,246,266,85819,5212,908969,1899800
2227,257,279,85562,5190,909248,1705700
2228,251,265,85311,5176,909513,1869400
2229,224,228,85087,5172,909741,1855300
2230,236,259,84851,5149,910000,1778300
2231,242,264,84609,5127,910264,1765200
2232,245,281,84364,5091,910545,1830200
2233,248,249,84116,5090,910794,1894700
2234,252,272,83864,5070,911066,1945600
2235,216,256,83648,5030,911322,1841600
2236,247,275,83401,5002,911597,2021600
2237,251,254,83150,4999,911851,1922200
2238,268,232,82882,5035,912083,1809300
2239,239,242,82643,5032,912325,1840700
2240,249,257,82394,5024,912582,2119700
2241,261,257,82133,5028,912839,2464100
2242,250,235,81883,5043,913074,2406100
2243,244,248,81639,5039,913322,4045200
2244,252,241,81387,5050,913563,2078000
2245,250,257,81137,5043,913820,1953200
2246,215,269,80922,4989,914089,1878800
2247,270,254,80652,5005,914343,1896800
2248,241,231,80411,5015,914574,2007400
2249,256,253,80155,5018,914827,1915400
2250,242,249,79913,5011,915076,2080900
2251,227,271,79686,4967,915347,1916200
2252,248,240,79438,4975,915587,1996000
2253,249,277,79189,4947,915864,2192300
2254,277,252,78912,4972,916116,1929300
2255,235,254,78677,4953,916370,2024100
2256,233,268,78444,4918,916638,2184200
2257,240,246,78204,4912,916884,4718800
2258,220,263,77984,4869,917147,2136600
2259,239,242,77745,4866,917389,1995600
2260,225,242,77520,4849,917631,2071900
2261,269,231,77251,4887,917862,2101000
2262,230,262,77021,4855,918124,1981100
2263,227,248,76794,4834,918372,1964100
2264,222,280,76572,4776,918652,1958900
2265,235,215,76337,4796,918867,1891400
2266,221,235,76116,4782,919102,1931600
2267,246,248,75870,4780,919350,2025800
2268,229,225,75641,4784,919575,1926300
2269,242,228,75399,4798,919803,1930200
2270,233,232,75166,4799,920035,1816000
2271,239,241,74927,4797,920276,1780300
2272,242,239,74685,4800,920515,1749900
2273,202,249,74483,4753,920764,1794000
2274,205,223,74278,4735,920987,1741800
2275,235,207,74043,4763,921194,1717900
2276,258,256,73785,4765,921450,1762700
2277,243,247,73542,4761,921697,1795800
2278,228,255,73314,4734,921952,1912000
2279,245,248,73069,4731,922200,1812700
2280,236,245,72833,4722,922445,1791200
2281,232,229,72601,4725,922674,1807500
2282,234,231,72367,4728,922905,1856800
2283,214,238,72153,4704,923143,1838300
2284,232,200,71921,4736,923343,1855600
2285,234,221,71687,4749,923564,1832300
2286,262,249,71425,4762,923813,1812700
2287,221,233,71204,4750,924046,1806500
2288,251,248,70953,4753,924294,1813600
2289,235,222,70718,4766,924516,1798000
2290,234,237,70484,4763,924753,1681400
2291,227,251,70257,4739,925004,1716900
2292,238,242,70019,4735,925246,2067100
2293,240,218,69779,4757,925464,1801300
2294,215,226,69564,4746,925690,1852600
2295,237,252,69327,4731,925942,1794300
2296,208,242,69119,4697,926184,1815500
2297,206,259,68913,4644,926443,1936200
2298,224,237,68689,4631,926680,1747300
2299,218,255,68471,4594,926935,1959500
2300,240,252,68231,4582,927187,1695700
2301,201,235,68030,4548,927422,1804100
2302,236,240,67794,4544,927662,1729000
2303,245,228,67549,4561,927890,1692100
2304,227,207,67322,4581,928097,1746800
2305,225,236,67097,4570,928333,1782400
2306,228,232,66869,4566,928565,1779800
2307,226,211,66643,4581,928776,1697200
2308,245,223,66398,4603,928999,1686100
2309,213,218,66185,4598,929217,1803800
2310,229,233,65956,4594,929450,1897300
2311,214,232,65742,4576,929682,1710200
2312,232,232,65510,4576,929914,1851600
2313,215,241,65295,4550,930155,1768600
2314,244,207,65051,4587,930362,1767400
2315,222,215,64829,4594,930577,1928600
2316,225,195,64604,4624,930772,2049000
2317,212,229,64392,4607,931001,1928100
2318,214,217,64178,4604,931218,1751600
2319,220,201,63958,4623,931419,1703300
2320,253,225,63705,4651,931644,1700900
2321,247,222,63458,4676,931866,1792900
2322,230,217,63228,4689,932083,1740100
2323,222,233,63006,4678,932316,1755400
2324,257,243,62749,4692,932559,1730700
2325,233,251,62516,4674,932810,1682600
2326,208,239,62308,4643,933049,1921300
2327,221,237,62087,4627,933286,1685500
2328,208,228,61879,4607,933514,1728300
2329,224,236,61655,4595,933750,1806100
2330,230,230,61425,4595,933980,2046100
2331,211,243,61214,4563,934223,2253100
2332,206,213,61008,4556,934436,1792800
2333,213,229,60795,4540,934665,2136300
2334,203,215,60592,4528,934880,1796200
2335,211,208,60381,4531,935088,1854600
2336,207,235,60174,4503,935323,1769500
2337,192,214,59982,4481,935537,1969900
2338,187,247,59795,4421,935784,1753700
2339,218,209,59577,4430,935993,1704900
2340,214,239,59363,4405,936232,1838500
2341,209,223,59154,4391,936455,1736600
2342,233,234,58921,4390,936689,1770000
2343,198,242,58723,4346,936931,1783700
2344,200,197,58523,4349,937128,1793200
2345,172,214,58351,4307,937342,1812200
2346,183,215,58168,4275,937557,1769400
2347,179,198,57989,4256,937755,2056200
2348,192,221,57797,4227,937976,1754700
2349,191,190,57606,4228,938166,1723100
2350,221,208,57385,4241,938374,1759600
2351,186,202,57199,4225,938576,1751800
2352,190,214,57009,4201,938790,1789700
2353,187,208,56822,4180,938998,1912300
2354,195,217,56627,4158,939215,1876200
2355,203,231,56424,4130,939446,1775500
2356,207,197,56217,4140,939643,1779900
2357,195,214,56022,4121,939857,1732900
2358,205,210,55817,4116,940067,1700700
2359,173,225,55644,4064,940292,1721400
2360,174,181,55470,4057,940473,1717000
2361,175,192,55295,4040,940665,1744800
2362,201,193,55094,4048,940858,1756400
2363,179,208,54915,4019,941066,1742500
2364,169,206,54746,3982,941272,1776100
2365,194,177,54552,3999,941449,1666100
2366,165,199,54387,3965,941648,1681100
2367,171,209,54216,3927,941857,1795500
2368,190,186,54026,3931,942043,1727500
2369,180,223,53846,3888,942266,1917700
2370,183,182,53663,3889,942448,1646700
2371,200,203,53463,3886,942651,1671100
2372,176,183,53287,3879,942834,1738300
2373,161,175,53126,3865,943009,1939600
2374,175,195,52951,3845,943204,1675500
2375,178,172,52773,3851,943376,1667900
2376,165,170,52608,3846,943546,1654400
2377,166,202,52442,3810,943748,1665100
2378,182,197,52260,3795,943945,1695300
2379,199,174,52061,3820,944119,1799700
2380,159,201,51902,3778,944320,1674000
2381,170,176,51732,3772,944496,1665300
2382,191,197,51541,3766,944693,1777100
2383,155,173,51386,3748,944866,1728300
2384,177,184,51209,3741,945050,1658600
2385,190,188,51019,3743,945238,1632700
2386,185,193,50834,3735,945431,1733700
2387,179,190,50655,3724,945621,1605800
2388,196,182,50459,3738,945803,1843400
2389,177,184,50282,3731,945987,1836800
2390,177,207,50105,3701,946194,1882600
2391,172,200,49933,3673,946394,1746900
2392,158,157,49775,3674,946551,1783400
2393,160,176,49615,3658,946727,1789000
2394,148,198,49467,3608,946925,1808700
2395,164,172,49303,3600,947097,1764200
2396,174,172,49129,3602,947269,1935200
2397,175,176,48954,3601,947445,1805200
2398,169,184,48785,3586,947629,1682800
2399,153,167,48632,3572,947796,1788200
2400,150,170,48482,3552,947966,1689300
2401,152,181,48330,3523,948147,1686800
2402,153,174,48177,3502,948321,1669800
2403,147,190,48030,3459,948511,1771100
2404,163,177,47867,3445,948688,2048900
2405,152,184,47715,3413,948872,1686900
2406,162,135,47553,3440,949007,1816800
2407,171,166,47382,3445,949173,1789100
2408,151,177,47231,3419,949350,1814400
2409,141,181,47090,3379,949531,1883600
2410,151,176,46939,3354,949707,1826100
2411,138,161,46801,3331,949868,1783100
2412,160,180,46641,3311,950048,1755100
2413,168,181,46473,3298,950229,1801900
2414,156,179,46317,3275,950408,1799600
2415,142,166,46175,3251,950574,1749000
2416,149,164,46026,3236,950738,1668100
2417,142,151,45884,3227,950889,1625500
2418,149,151,45735,3225,951040,1782000
2419,135,151,45600,3209,951191,1614400
2420,134,152,45466,3191,951343,1628200
2421,138,163,45328,3166,951506,1751000
2422,159,175,45169,3150,951681,1660900
2423,133,162,45036,3121,951843,1707900
2424,134,171,44902,3084,952014,1695900
2425,152,152,44750,3084,952166,1662800
2426,154,155,44596,3083,952321,1649400
2427,152,149,44444,3086,952470,1640700
2428,138,128,44306,3096,952598,1671000
2429,132,169,44174,3059,952767,1651600
2430,146,153,44028,3052,952920,1743600
2431,123,164,43905,3011,953084,1695600
2432,144,144,43761,3011,953228,1653100
2433,129,150,43632,2990,953378,1646500
2434,139,159,43493,2970,953537,1714900
2435,136,133,43357,2973,953670,1630800
2436,139,162,43218,2950,953832,1681700
2437,122,125,43096,2947,953957,1729700
2438,149,117,42947,2979,954074,1644800
2439,138,146,42809,2971,954220,1751500
2440,132,143,42677,2960,954363,1765100
2441,135,139,42542,2956,954502,1675700
2442,133,127,42409,2962,954629,1654600
2443,132,155,42277,2939,954784,1745300
2444,132,138,42145,2933,954922,1697900
2445,148,122,41997,2959,955044,2001800
2446,132,152,41865,2939,955196,1652300
2447,131,145,41734,2925,955341,1648800
2448,129,152,41605,2902,955493,1781600
2449,143,138,41462,2907,955631,1641400
2450,134,162,41328,2879,955793,1726400
2451,130,121,41198,2888,955914,1834600
2452,117,148,41081,2857,956062,1685900
2453,143,150,40938,2850,956212,1616900
2454,136,134,40802,2852,956346,1679700
2455,138,128,40664,2862,956474,1703900
2456,119,151,40545,2830,956625,1645500
2457,150,135,40395,2845,956760,1683700
2458,137,136,40258,2846,956896,1652600
2459,127,149,40131,2824,957045,1871900
2460,118,129,40013,2813,957174,1633700
2461,106,147,39907,2772,957321,1756900
2462,109,136,39798,2745,957457,1767500
2463,110,147,39688,2708,957604,1747900
2464,99,152,39589,2655,957756,1612700
2465,120,127,39469,2648,957883,1781400
2466,122,132,39347,2638,958015,1737100
2467,99,125,39248,2612,958140,1690600
2468,115,133,39133,2594,958273,1696700
2469,116,125,39017,2585,958398,2082300
2470,111,148,38906,2548,958546,1694200
2471,116,123,38790,2541,958669,1715000
2472,131,140,38659,2532,958809,1684900
2473,134,137,38525,2529,958946,1680300
2474,121,135,38404,2515,959081,1738700
2475,115,110,38289,2520,959191,1714100
2476,123,139,38166,2504,959330,1696900
2477,138,129,38028,2513,959459,1732700
2478,116,135,37912,2494,959594,1713700
2479,147,132,37765,2509,959726,1650500
2480,96,131,37669,2474,959857,1637900
2481,105,116,37564,2463,959973,1681200
2482,112,121,37452,2454,960094,1742900
2483,114,120,37338,2448,960214,1652000
2484,122,129,37216,2441,960343,1798900
2485,136,108,37080,2469,960451,1697600
2486,102,147,36978,2424,960598,1706300
2487,140,124,36838,2440,960722,1729200
2488,119,125,36719,2434,960847,1790700
2489,118,109,36601,2443,960956,1623800
2490,113,110,36488,2446,961066,1718900
2491,113,133,36375,2426,961199,1709100
2492,105,123,36270,2408,961322,1705100
2493,116,122,36154,2402,961444,1669200
2494,114,103,36040,2413,961547,1812200
2495,124,114,35916,2423,961661,1723500
2496,114,95,35802,2442,961756,1658400
2497,110,103,35692,2449,961859,1675900
2498,121,128,35571,2442,961987,1708800
2499,101,106,35470,2437,962093,1579800
2500,111,134,35359,2414,962227,1648400
2501,130,119,35229,2425,962346,1712100
2502,122,115,35107,2432,962461,1625100
2503,115,137,34992,2410,962598,1753400
2504,104,107,34888,2407,962705,1762200
2505,111,115,34777,2403,962820,1645200
2506,118,111,34659,2410,962931,1657400
2507,106,116,34553,2400,963047,1642400
2508,104,114,34449,2390,963161,1883900
2509,108,116,34341,2382,963277,1771600
2510,96,140,34245,2338,963417,1724400
2511,114,103,34131,2349,963520,1799200
2512,118,116,34013,2351,963636,1803900
2513,92,111,33921,2332,963747,1833800
2514,104,114,33817,2322,963861,1817100
2515,89,128,33728,2283,963989,1844900
2516,99,115,33629,2267,964104,1832100
2517,95,97,33534,2265,964201,2045900
2518,102,113,33432,2254,964314,1978600
2519,110,113,33322,2251,964427,1860900
2520,96,102,33226,2245,964529,1765800
2521,114,107,33112,2252,964636,1721800
2522,91,111,33021,2232,964747,1811500
2523,119,116,32902,2235,964863,1755900
2524,98,116,32804,2217,964979,1751400
2525,91,87,32713,2221,965066,1756800
2526,92,135,32621,2178,965201,1874100
2527,109,85,32512,2202,965286,1749100
2528,111,119,32401,2194,965405,1790800
2529,114,127,32287,2181,965532,2020000
2530,109,107,32178,2183,965639,1825300
2531,93,108,32085,2168,965747,2156600
2532,92,123,31993,2137,965870,1822300
2533,101,102,31892,2136,965972,1829100
2534,108,96,31784,2148,966068,1754200
2535,100,97,31684,2151,966165,1726700
2536,100,100,31584,2151,966265,1762400
2537,115,100,31469,2166,966365,1807600
2538,108,119,31361,2155,966484,1754900
2539,88,97,31273,2146,966581,1748900
2540,95,125,31178,2116,966706,1856100
2541,99,106,31079,2109,966812,1659700
2542,88,88,30991,2109,966900,1742900
2543,103,117,30888,2095,967017,1744800
2544,102,118,30786,2079,967135,1768500
2545,101,93,30685,2087,967228,1916100
2546,97,99,30588,2085,967327,1811500
2547,101,88,30487,2098,967415,1772800
2548,83,91,30404,2090,967506,1754400
2549,81,103,30323,2068,967609,1926500
2550,65,95,30258,2038,967704,1774600
2551,84,117,30174,2005,967821,1713500
2552,80,95,30094,1990,967916,1933900
2553,65,92,30029,1963,968008,1768500
2554,79,100,29950,1942,968108,1728200
2555,91,108,29859,1925,968216,1937700
2556,92,93,29767,1924,968309,1813300
2557,78,105,29689,1897,968414,1889200
2558,64,91,29625,1870,968505,1850300
2559,71,92,29554,1849,968597,1848400
2560,67,95,29487,1821,968692,1771000
2561,74,96,29413,1799,968788,1722200
2562,85,109,29328,1775,968897,1830600
2563,70,106,29258,1739,969003,1753000
2564,97,96,29161,1740,969099,1831200
2565,61,96,29100,1705,969195,1789900
2566,76,77,29024,1704,969272,1743600
2567,68,81,28956,1691,969353,1673100
2568,83,77,28873,1697,969430,1755300
2569,78,87,28795,1688,969517,1735700
2570,95,78,28700,1705,969595,1727600
2571,82,83,28618,1704,969678,1926400
2572,86,84,28532,1706,969762,1800900
2573,88,87,28444,1707,969849,1838400
2574,71,96,28373,1682,969945,1807700
2575,85,65,28288,1702,970010,1798000
2576,68,108,28220,1662,970118,2007600
2577,85,99,28135,1648,970217,1736100
2578,82,94,28053,1636,970311,1656200
2579,83,84,27970,1635,970395,1704600
2580,92,78,27878,1649,970473,1953200
2581,74,82,27804,1641,970555,1828500
2582,71,75,27733,1637,970630,1776900
2583,85,82,27648,1640,970712,1735900
2584,83,94,27565,1629,970806,1792300
2585,88,87,27477,1630,970893,1758100
2586,86,81,27391,1635,970974,1739400
2587,78,100,27313,1613,971074,1755400
2588,98,67,27215,1644,971141,1782300
2589,76,94,27139,1626,971235,1778100
2590,95,81,27044,1640,971316,2036400
2591,87,94,26957,1633,971410,1884500
2592,84,84,26873,1633,971494,1910200
2593,75,79,26798,1629,971573,1821200
2594,83,83,26715,1629,971656,1768900
2595,70,89,26645,1610,971745,1820500
2596,87,74,26558,1623,971819,1779800
2597,84,91,26474,1616,971910,1743700
2598,87,83,26387,1620,971993,2217300
2599,63,84,26324,1599,972077,1797300
2600,66,75,26258,1590,972152,1733900
2601,87,86,26171,1591,972238,1748200
2602,73,77,26098,1587,972315,1737700
2603,66,78,26032,1575,972393,1757200
2604,75,83,25957,1567,972476,2057200
2605,78,92,25879,1553,972568,1765900
2606,69,84,25810,1538,972652,1719500
2607,64,77,25746,1525,972729,1816800
2608,75,74,25671,1526,972803,1778700
2609,72,74,25599,1524,972877,1949200
2610,81,68,25518,1537,972945,1769500
2611,63,90,25455,1510,973035,1738800
2612,62,64,25393,1508,973099,1761200
2613,68,76,25325,1500,973175,2098800
2614,64,71,25261,1493,973246,1797100
2615,65,62,25196,1496,973308,1838500
2616,82,85,25114,1493,973393,1864600
2617,61,74,25053,1480,973467,1760400
2618,63,60,24990,1483,973527,1763700
2619,74,84,24916,1473,973611,1976000
2620,54,61,24862,1466,973672,1788900
2621,66,71,24796,1461,973743,1735000
2622,69,79,24727,1451,973822,1901300
2623,64,89,24663,1426,973911,1722000
2624,71,63,24592,1434,973974,1752100
2625,64,80,24528,1418,974054,1794400
2626,62,71,24466,1409,974125,1730400
2627,61,77,24405,1393,974202,1728800
2628,62,68,24343,1387,974270,1693600
2629,61,55,24282,1393,974325,1730800
2630,52,72,24230,1373,974397,1798600
2631,66,55,24164,1384,974452,1707200
2632,57,63,24107,1378,974515,1788500
2633,52,67,24055,1363,974582,1746600
2634,49,69,24006,1343,974651,1772000
2635,45,69,23961,1319,974720,1774900
2636,38,70,23923,1287,974790,1734600
2637,62,62,23861,1287,974852,1713300
2638,41,80,23820,1248,974932,1751900
2639,53,58,23767,1243,974990,1996900
2640,53,70,23714,1226,975060,1805000
2641,59,70,23655,1215,975130,1842800
2642,66,55,23589,1226,975185,2005700
2643,46,65,23543,1207,975250,1976700
2644,56,68,23487,1195,975318,1946500
2645,59,48,23428,1206,975366,1864500
2646,45,58,23383,1193,975424,1872100
2647,55,66,23328,1182,975490,1832000
2648,46,61,23282,1167,975551,1776100
2649,37,56,23245,1148,975607,1859400
2650,66,51,23179,1163,975658,1953300
2651,49,55,23130,1157,975713,1873900
2652,52,65,23078,1144,975778,1874000
2653,69,52,23009,1161,975830,1905400
2654,55,66,22954,1150,975896,1820900
2655,43,66,22911,1127,975962,1919700
2656,38,61,22873,1104,976023,2027700
2657,52,51,22821,1105,976074,1961600
2658,69,45,22752,1129,976119,2031800
2659,56,59,22696,1126,976178,1866700
2660,59,52,22637,1133,976230,1813200
2661,53,61,22584,1125,976291,1930000
2662,63,62,22521,1126,976353,1810000
2663,59,45,22462,1140,976398,1766400
2664,43,67,22419,1116,976465,1798800
2665,41,60,22378,1097,976525,1695700
2666,43,65,22335,1075,976590,1954300
2667,53,66,22282,1062,976656,1823500
2668,58,49,22224,1071,976705,1812200
2669,43,44,22181,1070,976749,1656000
2670,49,64,22132,1055,976813,1696100
2671,48,56,22084,1047,976869,1756900
2672,40,56,22044,1031,976925,1649700
2673,56,32,21988,1055,976957,1757400
2674,41,54,21947,1042,977011,1750000
2675,43,67,21904,1018,977078,1750900
2676,48,53,21856,1013,977131,1827300
2677,48,41,21808,1020,977172,2082000
2678,40,59,21768,1001,977231,1663700
2679,55,59,21713,997,977290,1605700
2680,41,49,21672,989,977339,1698800
2681,39,59,21633,969,977398,1606900
2682,40,51,21593,958,977449,1727800
2683,43,51,21550,950,977500,1890400
2684,47,46,21503,951,977546,1704200
2685,50,52,21453,949,977598,1657600
2686,56,47,21397,958,977645,1742300
2687,38,45,21359,951,977690,1688600
2688,45,52,21314,944,977742,1648000
2689,41,51,21273,934,977793,1643300
2690,41,43,21232,932,977836,1662600
2691,49,42,21183,939,977878,1658700
2692,51,41,21132,949,977919,1597700
2693,51,44,21081,956,977963,1644900
2694,36,46,21045,946,978009,1589500
2695,47,61,20998,932,978070,1890200
2696,55,53,20943,934,978123,1813300
2697,48,53,20895,929,978176,1888200
2698,48,50,20847,927,978226,1602500
2699,56,45,20791,938,978271,1643400
2700,53,39,20738,952,978310,1700300
2701,40,51,20698,941,978361,1651600
2702,40,56,20658,925,978417,1750400
2703,45,48,20613,922,978465,1725700
2704,47,61,20566,908,978526,1663900
2705,42,47,20524,903,978573,1660700
2706,36,49,20488,890,978622,1765900
2707,38,59,20450,869,978681,1646300
2708,46,52,20404,863,978733,1643200
2709,43,45,20361,861,978778,1719600
2710,42,39,20319,864,978817,1677200
2711,40,32,20279,872,978849,1598500
2712,47,47,20232,872,978896,1696300
2713,39,48,20193,863,978944,1678600
2714,46,46,20147,863,978990,1629600
2715,47,34,20100,876,979024,1637200
2716,35,43,20065,868,979067,1609900
2717,29,47,20036,850,979114,1633700
2718,38,37,19998,851,979151,1766900
2719,41,42,19957,850,979193,1829100
2720,37,36,19920,851,979229,1692600
2721,35,38,19885,848,979267,1632500
2722,43,42,19842,849,979309,1716600
2723,42,34,19800,857,979343,1619100
2724,39,45,19761,851,979388,1611100
2725,28,41,19733,838,979429,1799100
2726,37,48,19696,827,979477,1866800
2727,38,46,19658,819,979523,1837100
2728,35,46,19623,808,979569,1621900
2729,37,42,19586,803,979611,2137500
2730,40,36,19546,807,979647,1655000
2731,31,41,19515,797,979688,1709500
2732,46,41,19469,802,979729,1628900
2733,35,39,19434,798,979768,1624900
2734,35,38,19399,795,979806,1676600
2735,36,44,19363,787,979850,1645400
2736,40,36,19323,791,979886,1628000
2737,36,36,19287,791,979922,1662500
2738,31,32,19256,790,979954,1629900
2739,39,40,19217,789,979994,1632100
2740,27,43,19190,773,980037,1657800
2741,37,50,19153,760,980087,1616600
2742,37,40,19116,757,980127,1719000
2743,27,39,19089,745,980166,1852700
2744,40,38,19049,747,980204,1705500
2745,28,33,19021,742,980237,1662100
2746,37,34,18984,745,980271,1782200
2747,19,38,18965,726,980309,1671500
2748,30,28,18935,728,980337,1813600
2749,32,42,18903,718,980379,1628100
2750,41,42,18862,717,980421,1718000
2751,30,30,18832,717,980451,1634600
2752,32,28,18800,721,980479,1626900
2753,31,34,18769,718,980513,1696100
2754,34,30,18735,722,980543,1629000
2755,27,36,18708,713,980579,1632400
2756,29,34,18679,708,980613,1707200
2757,26,35,18653,699,980648,1674100
2758,25,37,18628,687,980685,1845500
2759,40,28,18588,699,980713,1649700
2760,40,40,18548,699,980753,1673700
2761,34,39,18514,694,980792,1624700
2762,23,37,18491,680,980829,1723200
2763,31,28,18460,683,980857,1695900
2764,32,42,18428,673,980899,1636000
2765,29,18,18399,684,980917,1626800
2766,29,41,18370,672,980958,1622900
2767,32,31,18338,673,980989,1617800
2768,36,38,18302,671,981027,1617500
2769,25,30,18277,666,981057,1670500
2770,28,31,18249,663,981088,1630500
2771,30,27,18219,666,981115,1565000
2772,28,31,18191,663,981146,1666000
2773,23,31,18168,655,981177,1615900
2774,30,29,18138,656,981206,1608300
2775,24,34,18114,646,981240,1683600
2776,34,32,18080,648,981272,1630900
2777,25,35,18055,638,981307,1614400
2778,27,27,18028,638,981334,1661600
2779,23,38,18005,623,981372,1614100
2780,25,34,17980,614,981406,1717700
2781,34,29,17946,619,981435,1682600
2782,29,21,17917,627,981456,1647600
2783,36,44,17881,619,981500,1646700
2784,38,33,17843,624,981533,1731100
2785,47,31,17796,640,981564,1656100
2786,29,39,17767,630,981603,1642500
2787,33,26,17734,637,981629,1722500
2788,29,32,17705,634,981661,1672000
2789,42,33,17663,643,981694,1638300
2790,34,36,17629,641,981730,1837000
2791,38,35,17591,644,981765,1736400
2792,41,33,17550,652,981798,2026800
2793,39,44,17511,647,981842,1719700
2794,34,32,17477,649,981874,1597500
2795,38,32,17439,655,981906,1644500
2796,37,37,17402,655,981943,1697400
2797,39,23,17363,671,981966,1825700
2798,37,33,17326,675,981999,1631100
2799,37,41,17289,671,982040,1950200
2800,30,34,17259,667,982074,2032400
2801,47,27,17212,687,982101,1954900
2802,36,44,17176,679,982145,1723600
2803,40,34,17136,685,982179,1711400
2804,35,37,17101,683,982216,1692900
2805,30,35,17071,678,982251,1726200
2806,45,36,17026,687,982287,1616700
2807,39,43,16987,683,982330,1663200
2808,37,36,16950,684,982366,1982700
2809,29,37,16921,676,982403,1741200
2810,31,30,16890,677,982433,1671300
2811,28,40,16862,665,982473,1661800
2812,46,31,16816,680,982504,1749400
2813,36,36,16780,680,982540,1653700
2814,26,25,16754,681,982565,1722300
2815,31,35,16723,677,982600,1892700
2816,32,39,16691,670,982639,1874600
2817,23,26,16668,667,982665,1844000
2818,40,43,16628,664,982708,1698800
2819,34,39,16594,659,982747,1699400
2820,35,35,16559,659,982782,1738000
2821,35,33,16524,661,982815,1739100
2822,31,30,16493,662,982845,1626600
2823,38,28,16455,672,982873,1631000
2824,31,28,16424,675,982901,1663100
2825,29,33,16395,671,982934,1721100
2826,29,45,16366,655,982979,1718700
2827,22,35,16344,642,983014,1903600
2828,33,30,16311,645,983044,1739500
2829,31,23,16280,653,983067,1640400
2830,27,32,16253,648,983099,1747500
2831,27,30,16226,645,983129,1725500
2832,23,40,16203,628,983169,1664100
2833,20,33,16183,615,983202,1622200
2834,20,17,16163,618,983219,1755200
2835,17,29,16146,606,983248,1935500
2836,23,29,16123,600,983277,1862700
2837,21,28,16102,593,983305,1853700
2838,17,22,16085,588,983327,1740900
2839,23,32,16062,579,983359,1735100
2840,18,34,16044,563,983393,1662300
2841,15,31,16029,547,983424,1663800
2842,17,31,16012,533,983455,1817800
2843,16,20,15996,529,983475,1674700
2844,16,22,15980,523,983497,1737100
2845,19,26,15961,516,983523,1674300
2846,16,24,15945,508,983547,1735100
2847,24,38,15921,494,983585,1766000
2848,14,22,15907,486,983607,1719200
2849,14,22,15893,478,983629,1664100
2850,18,19,15875,477,983648,1694800
2851,13,19,15862,471,983667,1728100
2852,17,16,15845,472,983683,2069200
2853,15,26,15830,461,983709,1648400
2854,15,32,15815,444,983741,1737900
2855,16,20,15799,440,983761,1913600
2856,13,25,15786,428,983786,1798600
2857,21,16,15765,433,983802,1754300
2858,11,19,15754,425,983821,1687000
2859,15,23,15739,417,983844,1675200
2860,14,18,15725,413,983862,1683000
2861,16,18,15709,411,983880,1704200
2862,22,21,15687,412,983901,1989200
2863,16,21,15671,407,983922,1749400
2864,14,21,15657,400,983943,1641400
2865,17,9,15640,408,983952,1968200
2866,14,18,15626,404,983970,1917800
2867,14,14,15612,404,983984,1660700
2868,21,17,15591,408,984001,1660900
2869,21,18,15570,411,984019,1646700
2870,12,16,15558,407,984035,1713100
2871,13,14,15545,406,984049,1697500
2872,12,23,15533,395,984072,1934500
2873,18,19,15515,394,984091,1688000
2874,14,14,15501,394,984105,1689800
2875,8,22,15493,380,984127,1720000
2876,10,14,15483,376,984141,1698900
2877,6,18,15477,364,984159,1720400
2878,8,23,15469,349,984182,1777700
2879,12,13,15457,348,984195,1715200
2880,7,16,15450,339,984211,1727300
2881,6,16,15444,329,984227,1685100
2882,7,23,15437,313,984250,1669900
2883,11,13,15426,311,984263,1669300
2884,9,12,15417,308,984275,1676500
2885,8,20,15409,296,984295,1766100
2886,1,18,15408,279,984313,1652300
2887,6,10,15402,275,984323,1801100
2888,2,13,15400,264,984336,1656400
2889,1,19,15399,246,984355,1671600
2890,2,13,15397,235,984368,1939700
2891,4,12,15393,227,984380,1648900
2892,5,12,15388,220,984392,1758700
2893,3,6,15385,217,984398,1840500
2894,4,11,15381,210,984409,1726000
2895,3,7,15378,206,984416,1649400
2896,3,7,15375,202,984423,1626900
2897,1,10,15374,193,984433,1675300
2898,4,12,15370,185,984445,1689800
2899,1,10,15369,176,984455,1700100
2900,1,7,15368,170,984462,1711400
2901,1,14,15367,157,984476,1742500
2902,5,5,15362,157,984481,1771400
2903,4,4,15358,157,984485,1700900
2904,4,10,15354,151,984495,1801800
2905,6,11,15348,146,984506,1798200
2906,5,10,15343,141,984516,1776200
2907,3,11,15340,133,984527,1774500
2908,4,4,15336,133,984531,1764100
2909,4,8,15332,129,984539,1757300
2910,2,9,15330,122,984548,1813900
2911,1,4,15329,119,984552,1836100
2912,2,10,15327,111,984562,2100800
2913,8,3,15319,116,984565,1950800
2914,3,5,15316,114,984570,1920500
2915,3,8,15313,109,984578,1758100
2916,3,3,15310,109,984581,1785600
2917,6,2,15304,113,984583,1935200
2918,6,10,15298,109,984593,1706800
2919,1,9,15297,101,984602,1695400
2920,4,4,15293,101,984606,1741000
2921,4,3,15289,102,984609,1761600
2922,4,4,15285,102,984613,1767800
2923,3,6,15282,99,984619,1725400
2924,2,3,15280,98,984622,1785700
2925,2,6,15278,94,984628,1690800
2926,3,5,15275,92,984633,1692100
2927,4,2,15271,94,984635,1693700
2928,4,2,15267,96,984637,1674500
2929,4,4,15263,96,984641,2048400
2930,6,3,15257,99,984644,1712800
2931,2,6,15255,95,984650,1741400
2932,1,3,15254,93,984653,1761800
2933,2,5,15252,90,984658,1726700
2934,1,7,15251,84,984665,1710100
2935,1,2,15250,83,984667,1686700
2936,3,4,15247,82,984671,1678400
2937,2,7,15245,77,984678,1807900
2938,1,3,15244,75,984681,1676100
2939,2,4,15242,73,984685,1682100
2940,3,6,15239,70,984691,1689500
2941,0,4,15239,66,984695,1683100
2942,1,3,15238,64,984698,1768700
2943,2,2,15236,64,984700,1673100
2944,4,1,15232,67,984701,1714000
2945,1,1,15231,67,984702,1972900
2946,1,5,15230,63,984707,1718600
2947,2,2,15228,63,984709,1672800
2948,1,1,15227,63,984710,1795600
2949,1,5,15226,59,984715,1752300
2950,4,2,15222,61,984717,2049700
2951,1,3,15221,59,984720,1858500
2952,0,5,15221,54,984725,1774900
2953,2,6,15219,50,984731,1747800
2954,3,0,15216,53,984731,1939900
2955,1,3,15215,51,984734,1748500
2956,2,0,15213,53,984734,2031600
2957,0,3,15213,50,984737,1880100
2958,1,1,15212,50,984738,1779200
2959,0,5,15212,45,984743,1894400
2960,1,2,15211,44,984745,1866300
2961,0,2,15211,42,984747,1910800
2962,1,1,15210,42,984748,1792100
2963,0,1,15210,41,984749,2083900
2964,1,2,15209,40,984751,1796800
2965,0,2,15209,38,984753,1790200
2966,1,4,15208,35,984757,1839600
2967,1,0,15207,36,984757,1845500
2968,1,2,15206,35,984759,1836400
2969,0,3,15206,32,984762,1871600
2970,0,1,15206,31,984763,1831000
2971,0,1,15206,30,984764,1798200
2972,0,2,15206,28,984766,2108600
2973,0,0,15206,28,984766,1830600
2974,0,2,15206,26,984768,1813300
2975,0,1,15206,25,984769,1855200
2976,0,2,15206,23,984771,1805400
2977,0,0,15206,23,984771,1787000
2978,0,0,15206,23,984771,1825600
2979,0,0,15206,23,984771,1808500
2980,0,1,15206,22,984772,1810500
2981,0,0,15206,22,984772,2057500
2982,0,1,15206,21,984773,1854500
2983,0,2,15206,19,984775,1769600
2984,0,0,15206,19,984775,1751400
2985,0,0,15206,19,984775,1801600
2986,0,1,15206,18,984776,2040800
2987,0,0,15206,18,984776,1796600
2988,0,1,15206,17,984777,2075600
2989,0,1,15206,16,984778,1835900
2990,0,1,15206,15,984779,1791500
2991,0,0,15206,15,984779,1888800
2992,0,0,15206,15,984779,1797900
2993,0,1,15206,14,984780,1772600
2994,0,1,15206,13,984781,1791600
2995,0,1,15206,12,984782,1922000
2996,0,0,15206,12,984782,1796300
2997,0,0,15206,12,984782,1815800
2998,0,0,15206,12,984782,1792000
2999,0,1,15206,11,984783,1810900
3000,0,0,15206,11,984783,1763300
3001,0,1,15206,10,984784,1775800
3002,0,1,15206,9,984785,1733300
3003,0,1,15206,8,984786,1752900
3004,0,0,15206,8,984786,1781500
3005,0,0,15206,8,984786,1869300
3006,0,0,15206,8,984786,1817300
3007,0,0,15206,8,984786,1799600
3008,0,0,15206,8,984786,1795600
3009,0,0,15206,8,984786,1784800
3010,0,0,15206,8,984786,1780000
3011,0,0,15206,8,984786,1784500
3012,0,0,15206,8,984786,1794400
3013,0,0,15206,8,984786,1760800
3014,0,0,15206,8,984786,1940900
3015,0,2,15206,6,984788,1724300
3016,0,1,15206,5,984789,1787100
3017,0,0,15206,5,984789,1894800
3018,0,0,15206,5,984789,1916500
3019,0,0,15206,5,984789,1777300
3020,0,2,15206,3,984791,1809200
3021,0,0,15206,3,984791,1796100
3022,0,0,15206,3,984791,1788500
3023,0,0,15206,3,984791,1869400
3024,0,0,15206,3,984791,1740200
3025,0,0,15206,3,984791,1816100
3026,0,0,15206,3,984791,1859100
3027,0,0,15206,3,984791,1848900
3028,0,0,15206,3,984791,1725900
3029,0,0,15206,3,984791,1754300
3030,0,0,15206,3,984791,1752800
3031,0,0,15206,3,984791,1969500
3032,0,1,15206,2,984792,1859000
3033,0,0,15206,2,984792,1919100
3034,0,0,15206,2,984792,1783000
3035,0,0,15206,2,984792,1828100
3036,0,0,15206,2,984792,1766400
3037,0,0,15206,2,984792,1803700
3038,0,0,15206,2,984792,1912400
3039,0,0,15206,2,984792,2218400
3040,0,0,15206,2,984792,1787800
3041,0,0,15206,2,984792,1862500
3042,0,0,15206,2,984792,2113800
3043,0,0,15206,2,984792,1802900
3044,0,0,15206,2,984792,1725900
3045,0,0,15206,2,984792,1933600
3046,0,0,15206,2,984792,1771100
3047,0,0,15206,2,984792,1859400
3048,0,0,15206,2,984792,1763600
3049,0,0,15206,2,984792,1797500
3050,0,0,15206,2,984792,1774900
3051,0,0,15206,2,984792,1757800
3052,0,0,15206,2,984792,1781300
3053,0,0,15206,2,984792,1716800
3054,0,0,15206,2,984792,1785800
3055,0,0,15206,2,984792,1738900
3056,0,1,15206,1,984793,1793900
3057,0,0,15206,1,984793,1765300
3058,0,0,15206,1,984793,1972900
3059,0,0,15206,1,984793,1729400
3060,0,0,15206,1,984793,1910800
3061,0,0,15206,1,984793,1698300
3062,0,1,15206,0,984794,1736200
