Tick,NewlyInfected,NewlyRecovered,TotalSusceptible,TotalInfected,TotalRecovered,StepTimeNanos
0,2,0,2249993,7,0,4880400
1,1,0,2249992,8,0,4698900
2,0,1,2249992,7,1,4490000
3,3,0,2249989,10,1,4449300
4,3,0,2249986,13,1,4332600
5,5,1,2249981,17,2,4410200
6,5,0,2249976,22,2,4382600
7,1,2,2249975,21,4,4261700
8,4,2,2249971,23,6,4225000
9,9,2,2249962,30,8,4230000
10,7,2,2249955,35,10,4523600
11,7,1,2249948,41,11,4497100
12,4,0,2249944,45,11,4336700
13,9,1,2249935,53,12,4598200
14,6,2,2249929,57,14,4356900
15,4,6,2249925,55,20,4255200
16,7,2,2249918,60,22,4423300
17,12,2,2249906,70,24,4214800
18,2,3,2249904,69,27,4183000
19,3,7,2249901,65,34,4356200
20,4,0,2249897,69,34,4296700
21,7,4,2249890,72,38,4419100
22,9,3,2249881,78,41,4474100
23,6,3,2249875,81,44,4192100
24,12,4,2249863,89,48,4748600
25,9,5,2249854,93,53,4315900
26,11,4,2249843,100,57,4394000
27,13,6,2249830,107,63,4201800
28,8,4,2249822,111,67,4366900
29,7,6,2249815,112,73,4304800
30,8,7,2249807,113,80,4302800
31,4,4,2249803,113,84,4183900
32,7,11,2249796,109,95,4324700
33,14,3,2249782,120,98,4237400
34,19,7,2249763,132,105,4276100
35,12,8,2249751,136,113,4624400
36,15,2,2249736,149,115,4462500
37,15,7,2249721,157,122,4781700
38,19,6,2249702,170,128,4437900
39,19,2,2249683,187,130,4707700
40,19,11,2249664,195,141,4518400
41,21,13,2249643,203,154,4397700
42,31,12,2249612,222,166,4698600
43,18,14,2249594,226,180,4445600
44,14,13,2249580,227,193,4398800
45,20,10,2249560,237,203,4694300
46,16,16,2249544,237,219,4409300
47,17,12,2249527,242,231,4871400
48,24,10,2249503,256,241,4816200
49,20,15,2249483,261,256,4571500
50,23,9,2249460,275,265,4921000
51,19,12,2249441,282,277,4611200
52,20,15,2249421,287,292,4481000
53,17,9,2249404,295,301,4427900
54,31,22,2249373,304,323,4469900
55,36,14,2249337,326,337,4430600
56,26,16,2249311,336,353,4151600
57,33,10,2249278,359,363,4203600
58,37,15,2249241,381,378,4267600
59,29,16,2249212,394,394,4241800
60,38,23,2249174,409,417,4279000
61,30,18,2249144,421,435,4351100
62,26,24,2249118,423,459,4422500
63,35,24,2249083,434,483,4406000
64,37,28,2249046,443,511,4437400
65,35,24,2249011,454,535,4354200
66,29,17,2248982,466,552,4287800
67,40,26,2248942,480,578,4325000
68,39,19,2248903,500,597,4422900
69,38,25,2248865,513,622,4247400
70,38,27,2248827,524,649,4506300
71,36,30,2248791,530,679,4312900
72,41,29,2248750,542,708,4297000
73,37,19,2248713,560,727,4486700
74,33,28,2248680,565,755,4445000
75,23,23,2248657,565,778,4462000
76,40,33,2248617,572,811,4303600
77,46,19,2248571,599,830,4260800
78,42,30,2248529,611,860,4511600
79,52,35,2248477,628,895,4361800
80,43,43,2248434,628,938,4292700
81,41,32,2248393,637,970,4357600
82,43,35,2248350,645,1005,4279100
83,43,24,2248307,664,1029,4265600
84,52,27,2248255,689,1056,4377500
85,66,40,2248189,715,1096,4219100
86,48,23,2248141,740,1119,4332900
87,54,45,2248087,749,1164,4886900
88,50,30,2248037,769,1194,4322700
89,54,36,2247983,787,1230,4289600
90,51,34,2247932,804,1264,4231600
91,45,36,2247887,813,1300,4298800
92,48,48,2247839,813,1348,4263200
93,38,41,2247801,810,1389,4304500
94,63,39,2247738,834,1428,4266600
95,53,43,2247685,844,1471,4382300
96,55,37,2247630,862,1508,4492600
97,59,35,2247571,886,1543,4285600
98,64,43,2247507,907,1586,4266000
99,42,47,2247465,902,1633,4491900
100,43,59,2247422,886,1692,4815800
101,57,48,2247365,895,1740,4508200
102,55,36,2247310,914,1776,4297200
103,60,48,2247250,926,1824,4324900
104,68,49,2247182,945,1873,4237500
105,76,53,2247106,968,1926,4480100
106,68,43,2247038,993,1969,4428800
107,53,54,2246985,992,2023,4340800
108,51,54,2246934,989,2077,4381000
109,69,46,2246865,1012,2123,4267700
110,69,46,2246796,1035,2169,4445100
111,67,48,2246729,1054,2217,4283600
112,71,64,2246658,1061,2281,4497500
113,63,61,2246595,1063,2342,4342600
114,62,67,2246533,1058,2409,4260000
115,58,55,2246475,1061,2464,4437400
116,55,53,2246420,1063,2517,4429000
117,68,47,2246352,1084,2564,4249900
118,54,56,2246298,1082,2620,4432900
119,59,51,2246239,1090,2671,4319700
120,61,52,2246178,1099,2723,4621300
121,46,55,2246132,1090,2778,4570400
122,55,65,2246077,1080,2843,4418400
123,56,53,2246021,1083,2896,4641400
124,56,62,2245965,1077,2958,4597300
125,62,67,2245903,1072,3025,4555900
126,53,56,2245850,1069,3081,4529100
127,60,40,2245790,1089,3121,4471900
128,63,57,2245727,1095,3178,4428400
129,68,56,2245659,1107,3234,4385100
130,74,52,2245585,1129,3286,4395500
131,69,51,2245516,1147,3337,4337700
132,64,66,2245452,1145,3403,4524500
133,82,49,2245370,1178,3452,4461600
134,81,54,2245289,1205,3506,4443600
135,69,52,2245220,1222,3558,4464900
136,58,57,2245162,1223,3615,4388400
137,72,56,2245090,1239,3671,4514700
138,67,57,2245023,1249,3728,4411500
139,83,58,2244940,1274,3786,4286200
140,72,46,2244868,1300,3832,4302800
141,64,75,2244804,1289,3907,4525900
142,73,81,2244731,1281,3988,4327300
143,73,62,2244658,1292,4050,4467700
144,69,63,2244589,1298,4113,4297000
145,78,69,2244511,1307,4182,4255600
146,77,58,2244434,1326,4240,4280500
147,77,74,2244357,1329,4314,4498200
148,78,68,2244279,1339,4382,4358600
149,89,60,2244190,1368,4442,4381300
150,85,69,2244105,1384,4511,4327700
151,87,58,2244018,1413,4569,4898000
152,72,60,2243946,1425,4629,4564100
153,76,76,2243870,1425,4705,4436900
154,89,71,2243781,1443,4776,4753100
155,88,77,2243693,1454,4853,4496600
156,94,70,2243599,1478,4923,4603500
157,91,71,2243508,1498,4994,4507500
158,106,74,2243402,1530,5068,4380000
159,99,64,2243303,1565,5132,4349100
160,97,86,2243206,1576,5218,4617500
161,104,89,2243102,1591,5307,4539100
162,94,81,2243008,1604,5388,4507800
163,120,73,2242888,1651,5461,4308700
164,97,83,2242791,1665,5544,4364400
165,99,75,2242692,1689,5619,4137300
166,81,97,2242611,1673,5716,4219300
167,96,78,2242515,1691,5794,4323500
168,89,78,2242426,1702,5872,4491400
169,83,91,2242343,1694,5963,4278900
170,88,116,2242255,1666,6079,4226000
171,89,90,2242166,1665,6169,4218700
172,94,76,2242072,1683,6245,4243400
173,91,91,2241981,1683,6336,4341700
174,89,84,2241892,1688,6420,4323000
175,97,73,2241795,1712,6493,4558500
176,95,83,2241700,1724,6576,4501800
177,98,83,2241602,1739,6659,4237400
178,105,78,2241497,1766,6737,4429900
179,116,90,2241381,1792,6827,4334400
180,99,89,2241282,1802,6916,4243800
181,99,105,2241183,1796,7021,4296000
182,118,90,2241065,1824,7111,4264300
183,114,90,2240951,1848,7201,4474900
184,100,109,2240851,1839,7310,4395600
185,107,98,2240744,1848,7408,4472600
186,100,96,2240644,1852,7504,4543500
187,104,85,2240540,1871,7589,4333500
188,126,97,2240414,1900,7686,4477400
189,134,119,2240280,1915,7805,4925200
190,121,102,2240159,1934,7907,4805500
191,101,102,2240058,1933,8009,4563400
192,107,104,2239951,1936,8113,4358000
193,126,127,2239825,1935,8240,4515700
194,132,101,2239693,1966,8341,4266200
195,131,81,2239562,2016,8422,4183700
196,123,99,2239439,2040,8521,4342900
197,115,104,2239324,2051,8625,4305900
198,107,117,2239217,2041,8742,4302600
199,125,106,2239092,2060,8848,4364800
200,125,121,2238967,2064,8969,4661200
201,124,121,2238843,2067,9090,4502700
202,109,113,2238734,2063,9203,4481500
203,115,100,2238619,2078,9303,4614900
204,107,123,2238512,2062,9426,4349400
205,100,92,2238412,2070,9518,4398200
206,113,115,2238299,2068,9633,4325500
207,112,98,2238187,2082,9731,4306500
208,129,98,2238058,2113,9829,4396700
209,116,127,2237942,2102,9956,4462700
210,116,108,2237826,2110,10064,4163400
211,132,109,2237694,2133,10173,4329700
212,101,108,2237593,2126,10281,4311100
213,122,123,2237471,2125,10404,4388300
214,135,105,2237336,2155,10509,4597100
215,143,93,2237193,2205,10602,4542900
216,148,92,2237045,2261,10694,4202000
217,150,114,2236895,2297,10808,4313100
218,141,94,2236754,2344,10902,4295700
219,125,107,2236629,2362,11009,4192800
220,147,123,2236482,2386,11132,4440900
221,128,113,2236354,2401,11245,4433500
222,150,114,2236204,2437,11359,4329200
223,144,139,2236060,2442,11498,4249000
224,142,109,2235918,2475,11607,4216700
225,139,128,2235779,2486,11735,4243600
226,147,118,2235632,2515,11853,4438600
227,138,150,2235494,2503,12003,4473200
228,140,130,2235354,2513,12133,4311800
229,139,114,2235215,2538,12247,4262200
230,135,123,2235080,2550,12370,4474700
231,159,131,2234921,2578,12501,4382900
232,150,138,2234771,2590,12639,4301000
233,133,144,2234638,2579,12783,4506100
234,118,112,2234520,2585,12895,4293500
235,132,129,2234388,2588,13024,4234800
236,170,128,2234218,2630,13152,4312200
237,165,128,2234053,2667,13280,4365100
238,145,144,2233908,2668,13424,4339600
239,136,118,2233772,2686,13542,4445100
240,156,128,2233616,2714,13670,4357200
241,145,131,2233471,2728,13801,4445000
242,176,133,2233295,2771,13934,4407300
243,145,150,2233150,2766,14084,4314400
244,147,145,2233003,2768,14229,4285400
245,148,163,2232855,2753,14392,4311800
246,158,143,2232697,2768,14535,4416900
247,146,116,2232551,2798,14651,4331000
248,144,136,2232407,2806,14787,4292500
249,160,134,2232247,2832,14921,4433100
250,154,154,2232093,2832,15075,4393200
251,147,149,2231946,2830,15224,4335700
252,160,147,2231786,2843,15371,5059300
253,144,164,2231642,2823,15535,4858800
254,167,150,2231475,2840,15685,4593600
255,167,138,2231308,2869,15823,4331600
256,160,144,2231148,2885,15967,4377500
257,148,153,2231000,2880,16120,4407700
258,157,160,2230843,2877,16280,4350500
259,150,146,2230693,2881,16426,4362800
260,137,121,2230556,2897,16547,4275800
261,147,149,2230409,2895,16696,4270300
262,165,158,2230244,2902,16854,4553900
263,145,135,2230099,2912,16989,4445700
264,154,174,2229945,2892,17163,4250000
265,163,149,2229782,2906,17312,4482600
266,136,145,2229646,2897,17457,4412400
267,148,145,2229498,2900,17602,4447500
268,155,138,2229343,2917,17740,4565700
269,133,131,2229210,2919,17871,4359800
270,175,138,2229035,2956,18009,4436400
271,164,154,2228871,2966,18163,4336900
272,175,166,2228696,2975,18329,4286700
273,156,138,2228540,2993,18467,4519800
274,188,141,2228352,3040,18608,4277000
275,170,150,2228182,3060,18758,4431200
276,176,158,2228006,3078,18916,4337200
277,150,165,2227856,3063,19081,4637700
278,170,133,2227686,3100,19214,4763100
279,171,166,2227515,3105,19380,4381500
280,167,156,2227348,3116,19536,4329700
281,175,186,2227173,3105,19722,4252600
282,144,136,2227029,3113,19858,4299200
283,162,169,2226867,3106,20027,4544600
284,161,130,2226706,3137,20157,4411900
285,156,150,2226550,3143,20307,4417100
286,172,166,2226378,3149,20473,4458900
287,173,164,2226205,3158,20637,4321100
288,167,172,2226038,3153,20809,4377000
289,163,151,2225875,3165,20960,4385400
290,176,158,2225699,3183,21118,4455000
291,182,149,2225517,3216,21267,4327000
292,181,157,2225336,3240,21424,4330700
293,183,140,2225153,3283,21564,4314400
294,198,173,2224955,3308,21737,4537600
295,204,172,2224751,3340,21909,4356900
296,178,174,2224573,3344,22083,4271100
297,197,157,2224376,3384,22240,4403800
298,189,181,2224187,3392,22421,4459500
299,178,154,2224009,3416,22575,4476900
300,192,153,2223817,3455,22728,4440600
301,200,172,2223617,3483,22900,4297300
302,214,171,2223403,3526,23071,4453100
303,204,178,2223199,3552,23249,4585800
304,192,154,2223007,3590,23403,4602000
305,177,191,2222830,3576,23594,4388600
306,202,200,2222628,3578,23794,4293900
307,174,173,2222454,3579,23967,4347000
308,188,163,2222266,3604,24130,4403100
309,186,196,2222080,3594,24326,4302800
310,201,162,2221879,3633,24488,4418600
311,192,173,2221687,3652,24661,4312300
312,200,171,2221487,3681,24832,4421800
313,190,204,2221297,3667,25036,4556500
314,194,186,2221103,3675,25222,4562400
315,176,183,2220927,3668,25405,4609200
316,186,176,2220741,3678,25581,4440200
317,209,216,2220532,3671,25797,4578300
318,213,179,2220319,3705,25976,4390500
319,193,209,2220126,3689,26185,4501600
320,195,173,2219931,3711,26358,4501600
321,197,194,2219734,3714,26552,4628900
322,208,166,2219526,3756,26718,4401600
323,219,211,2219307,3764,26929,4343100
324,193,182,2219114,3775,27111,4268900
325,184,189,2218930,3770,27300,4484100
326,198,174,2218732,3794,27474,4528500
327,195,199,2218537,3790,27673,4437800
328,181,196,2218356,3775,27869,4533900
329,206,196,2218150,3785,28065,4483800
330,204,188,2217946,3801,28253,4409300
331,204,187,2217742,3818,28440,4339500
332,214,178,2217528,3854,28618,4309900
333,202,203,2217326,3853,28821,4492000
334,204,185,2217122,3872,29006,4474900
335,204,184,2216918,3892,29190,4335700
336,199,199,2216719,3892,29389,4263900
337,209,200,2216510,3901,29589,4444700
338,196,184,2216314,3913,29773,4341600
339,212,196,2216102,3929,29969,4324800
340,211,198,2215891,3942,30167,4402000
341,214,195,2215677,3961,30362,4440100
342,217,205,2215460,3973,30567,4505800
343,204,200,2215256,3977,30767,4429500
344,211,162,2215045,4026,30929,4348300
345,244,216,2214801,4054,31145,4410800
346,210,194,2214591,4070,31339,4576000
347,220,203,2214371,4087,31542,4447600
348,232,196,2214139,4123,31738,4515600
349,223,197,2213916,4149,31935,4730100
350,214,221,2213702,4142,32156,4471100
351,222,206,2213480,4158,32362,4325000
352,235,187,2213245,4206,32549,4292100
353,226,209,2213019,4223,32758,4291700
354,230,216,2212789,4237,32974,4427600
355,240,202,2212549,4275,33176,4518600
356,225,213,2212324,4287,33389,4415500
357,213,210,2212111,4290,33599,4460500
358,211,226,2211900,4275,33825,4498800
359,223,223,2211677,4275,34048,4401200
360,233,195,2211444,4313,34243,4602400
361,248,208,2211196,4353,34451,4475000
362,236,219,2210960,4370,34670,4603700
363,217,219,2210743,4368,34889,4459400
364,227,202,2210516,4393,35091,4658200
365,233,208,2210283,4418,35299,4533300
366,231,241,2210052,4408,35540,4495600
367,213,190,2209839,4431,35730,4501600
368,249,213,2209590,4467,35943,4615400
369,237,237,2209353,4467,36180,4562200
370,222,217,2209131,4472,36397,4524400
371,256,237,2208875,4491,36634,4452300
372,235,209,2208640,4517,36843,4554600
373,231,222,2208409,4526,37065,4608500
374,217,237,2208192,4506,37302,4340500
375,237,251,2207955,4492,37553,4510800
376,217,217,2207738,4492,37770,4792000
377,252,201,2207486,4543,37971,4619700
378,238,221,2207248,4560,38192,4482400
379,284,248,2206964,4596,38440,4753800
380,259,247,2206705,4608,38687,4797300
381,269,217,2206436,4660,38904,4974900
382,237,257,2206199,4640,39161,4609700
383,244,232,2205955,4652,39393,4559200
384,258,241,2205697,4669,39634,4561100
385,222,216,2205475,4675,39850,4616000
386,217,258,2205258,4634,40108,4458400
387,232,229,2205026,4637,40337,4364500
388,232,234,2204794,4635,40571,4333300
389,254,219,2204540,4670,40790,4452200
390,247,217,2204293,4700,41007,4447900
391,235,229,2204058,4706,41236,4420000
392,228,249,2203830,4685,41485,4495700
393,242,252,2203588,4675,41737,4728800
394,252,245,2203336,4682,41982,4436100
395,251,234,2203085,4699,42216,4558600
396,269,252,2202816,4716,42468,4710700
397,260,234,2202556,4742,42702,4433000
398,276,222,2202280,4796,42924,4424600
399,257,272,2202023,4781,43196,4482800
400,261,231,2201762,4811,43427,4330400
401,276,223,2201486,4864,43650,4312700
402,259,240,2201227,4883,43890,4446100
403,269,246,2200958,4906,44136,4336900
404,254,245,2200704,4915,44381,4485900
405,284,220,2200420,4979,44601,4383500
406,262,248,2200158,4993,44849,4386200
407,271,266,2199887,4998,45115,4373400
408,262,262,2199625,4998,45377,4321000
409,256,250,2199369,5004,45627,4259600
410,270,252,2199099,5022,45879,4494000
411,259,258,2198840,5023,46137,4502400
412,256,244,2198584,5035,46381,4437100
413,253,252,2198331,5036,46633,4488300
414,261,256,2198070,5041,46889,4325800
415,254,241,2197816,5054,47130,4656800
416,283,261,2197533,5076,47391,4625500
417,267,240,2197266,5103,47631,4523800
418,211,275,2197055,5039,47906,4418300
419,257,241,2196798,5055,48147,4461000
420,265,228,2196533,5092,48375,4357100
421,255,254,2196278,5093,48629,4274500
422,252,232,2196026,5113,48861,4330500
423,295,265,2195731,5143,49126,4293300
424,281,241,2195450,5183,49367,4322500
425,255,277,2195195,5161,49644,4801300
426,234,264,2194961,5131,49908,4596600
427,277,293,2194684,5115,50201,4344700
428,261,252,2194423,5124,50453,4335400
429,278,243,2194145,5159,50696,4409900
430,273,244,2193872,5188,50940,4668500
431,268,263,2193604,5193,51203,4689100
432,304,275,2193300,5222,51478,4434300
433,283,235,2193017,5270,51713,4290000
434,306,250,2192711,5326,51963,4415400
435,308,266,2192403,5368,52229,4359400
436,305,298,2192098,5375,52527,4413800
437,292,225,2191806,5442,52752,4550600
438,289,280,2191517,5451,53032,4317500
439,314,279,2191203,5486,53311,4397500
440,277,295,2190926,5468,53606,4503700
441,306,283,2190620,5491,53889,4386700
442,281,275,2190339,5497,54164,4583400
443,276,282,2190063,5491,54446,5095400
444,310,312,2189753,5489,54758,4569200
445,312,246,2189441,5555,55004,4467900
446,344,278,2189097,5621,55282,4605300
447,286,266,2188811,5641,55548,4522300
448,315,312,2188496,5644,55860,4470900
449,326,282,2188170,5688,56142,4549300
450,351,285,2187819,5754,56427,4396100
451,319,270,2187500,5803,56697,4528500
452,326,288,2187174,5841,56985,4503100
453,315,303,2186859,5853,57288,4538400
454,320,303,2186539,5870,57591,4532100
455,303,322,2186236,5851,57913,4548300
456,322,285,2185914,5888,58198,4530700
457,285,314,2185629,5859,58512,4406400
458,318,300,2185311,5877,58812,4478600
459,302,292,2185009,5887,59104,4377100
460,327,298,2184682,5916,59402,4364200
461,308,272,2184374,5952,59674,4697200
462,337,300,2184037,5989,59974,4618900
463,320,294,2183717,6015,60268,4575800
464,292,277,2183425,6030,60545,4486000
465,321,325,2183104,6026,60870,4464500
466,319,290,2182785,6055,61160,4390400
467,339,284,2182446,6110,61444,4695100
468,308,305,2182138,6113,61749,4606900
469,305,294,2181833,6124,62043,4426200
470,318,298,2181515,6144,62341,4426700
471,320,290,2181195,6174,62631,4419200
472,285,304,2180910,6155,62935,4585000
473,330,322,2180580,6163,63257,4465600
474,310,304,2180270,6169,63561,4325500
475,303,310,2179967,6162,63871,4289000
476,279,288,2179688,6153,64159,4360600
477,314,308,2179374,6159,64467,4364800
478,299,282,2179075,6176,64749,4315800
479,314,295,2178761,6195,65044,4882500
480,329,320,2178432,6204,65364,4463900
481,314,306,2178118,6212,65670,4769300
482,348,339,2177770,6221,66009,5189200
483,284,366,2177486,6139,66375,4595200
484,330,301,2177156,6168,66676,4433200
485,361,307,2176795,6222,66983,4455300
486,300,327,2176495,6195,67310,4390800
487,321,299,2176174,6217,67609,4384000
488,332,322,2175842,6227,67931,4637500
489,315,338,2175527,6204,68269,4487000
490,314,312,2175213,6206,68581,4403100
491,304,339,2174909,6171,68920,4817800
492,320,309,2174589,6182,69229,4403000
493,306,277,2174283,6211,69506,4610300
494,326,301,2173957,6236,69807,4663000
495,337,325,2173620,6248,70132,4497600
496,318,317,2173302,6249,70449,4446100
497,324,337,2172978,6236,70786,4449800
498,301,305,2172677,6232,71091,4382800
499,326,318,2172351,6240,71409,4555500
500,310,321,2172041,6229,71730,4414900
501,286,282,2171755,6233,72012,4373000
502,296,316,2171459,6213,72328,4604100
503,358,346,2171101,6225,72674,4511800
504,301,320,2170800,6206,72994,4628000
505,317,330,2170483,6193,73324,4597200
506,305,296,2170178,6202,73620,4969200
507,341,278,2169837,6265,73898,4584200
508,334,334,2169503,6265,74232,4454800
509,377,347,2169126,6295,74579,4599000
510,327,291,2168799,6331,74870,4363700
511,337,321,2168462,6347,75191,4520100
512,303,279,2168159,6371,75470,4499400
513,322,316,2167837,6377,75786,4454700
514,309,325,2167528,6361,76111,4562700
515,354,319,2167174,6396,76430,4542600
516,324,292,2166850,6428,76722,4516700
517,358,312,2166492,6474,77034,4487000
518,336,316,2166156,6494,77350,4471600
519,333,367,2165823,6460,77717,5039000
520,312,311,2165511,6461,78028,4577900
521,313,357,2165198,6417,78385,4592100
522,322,310,2164876,6429,78695,4480800
523,352,313,2164524,6468,79008,4384200
524,361,294,2164163,6535,79302,4380500
525,334,296,2163829,6573,79598,4401800
526,324,324,2163505,6573,79922,4318800
527,330,344,2163175,6559,80266,4355900
528,352,322,2162823,6589,80588,4367000
529,356,315,2162467,6630,80903,4420300
530,345,314,2162122,6661,81217,4506500
531,328,341,2161794,6648,81558,4628800
532,371,327,2161423,6692,81885,4770500
533,358,326,2161065,6724,82211,4674200
534,353,350,2160712,6727,82561,4469500
535,362,337,2160350,6752,82898,4436500
536,351,343,2159999,6760,83241,4622500
537,363,345,2159636,6778,83586,4543100
538,361,346,2159275,6793,83932,4482400
539,328,335,2158947,6786,84267,4428200
540,347,337,2158600,6796,84604,4388400
541,359,331,2158241,6824,84935,4399300
542,358,319,2157883,6863,85254,4487200
543,336,353,2157547,6846,85607,4479000
544,349,337,2157198,6858,85944,4582600
545,348,356,2156850,6850,86300,4487100
546,356,318,2156494,6888,86618,4608800
547,349,333,2156145,6904,86951,4502900
548,337,336,2155808,6905,87287,4474400
549,376,352,2155432,6929,87639,4435400
550,366,349,2155066,6946,87988,4538100
551,343,377,2154723,6912,88365,4430900
552,337,340,2154386,6909,88705,4396400
553,352,361,2154034,6900,89066,4370000
554,360,335,2153674,6925,89401,4577200
555,351,344,2153323,6932,89745,4444800
556,317,345,2153006,6904,90090,4337100
557,339,320,2152667,6923,90410,4548100
558,340,337,2152327,6926,90747,4446700
559,360,348,2151967,6938,91095,4627700
560,355,332,2151612,6961,91427,4471500
561,337,354,2151275,6944,91781,4517500
562,343,362,2150932,6925,92143,4440200
563,333,339,2150599,6919,92482,4586600
564,359,351,2150240,6927,92833,4506700
565,364,360,2149876,6931,93193,4566200
566,378,325,2149498,6984,93518,4567200
567,354,386,2149144,6952,93904,4616300
568,344,305,2148800,6991,94209,4528600
569,374,337,2148426,7028,94546,4574600
570,365,370,2148061,7023,94916,4680600
571,384,357,2147677,7050,95273,4914900
572,373,362,2147304,7061,95635,4644100
573,363,365,2146941,7059,96000,4513700
574,363,365,2146578,7057,96365,4492700
575,355,333,2146223,7079,96698,4475200
576,367,353,2145856,7093,97051,4395600
577,397,379,2145459,7111,97430,4421600
578,367,390,2145092,7088,97820,4397800
579,364,337,2144728,7115,98157,4544900
580,364,364,2144364,7115,98521,4501400
581,368,346,2143996,7137,98867,4444700
582,357,351,2143639,7143,99218,4540500
583,394,321,2143245,7216,99539,4810700
584,375,305,2142870,7286,99844,4648000
585,401,367,2142469,7320,100211,4518100
586,380,360,2142089,7340,100571,4486400
587,370,378,2141719,7332,100949,4426100
588,409,354,2141310,7387,101303,4598500
589,377,359,2140933,7405,101662,4845200
590,358,390,2140575,7373,102052,4535900
591,391,359,2140184,7405,102411,4535800
592,391,392,2139793,7404,102803,4486600
593,400,363,2139393,7441,103166,4553900
594,393,361,2139000,7473,103527,4869100
595,409,369,2138591,7513,103896,4928300
596,380,353,2138211,7540,104249,4761500
597,402,395,2137809,7547,104644,4665200
598,412,338,2137397,7621,104982,4612300
599,403,379,2136994,7645,105361,4896600
600,421,349,2136573,7717,105710,4650500
601,357,369,2136216,7705,106079,4887100
602,447,372,2135769,7780,106451,4661600
603,405,398,2135364,7787,106849,4514700
604,401,379,2134963,7809,107228,4589600
605,414,400,2134549,7823,107628,4553100
606,408,353,2134141,7878,107981,4451100
607,383,401,2133758,7860,108382,4515200
608,404,400,2133354,7864,108782,4795500
609,399,419,2132955,7844,109201,4666500
610,400,406,2132555,7838,109607,4512800
611,408,403,2132147,7843,110010,4510800
612,396,376,2131751,7863,110386,4638300
613,411,411,2131340,7863,110797,4476700
614,394,417,2130946,7840,111214,4714400
615,437,395,2130509,7882,111609,4455000
616,419,376,2130090,7925,111985,4633500
617,411,389,2129679,7947,112374,4551500
618,412,395,2129267,7964,112769,4447400
619,432,398,2128835,7998,113167,4517000
620,391,419,2128444,7970,113586,5031700
621,400,402,2128044,7968,113988,4529800
622,420,410,2127624,7978,114398,4501300
623,401,403,2127223,7976,114801,4435100
624,424,397,2126799,8003,115198,4479900
625,398,391,2126401,8010,115589,4566000
626,405,388,2125996,8027,115977,4446800
627,413,417,2125583,8023,116394,4456200
628,440,429,2125143,8034,116823,4618000
629,416,424,2124727,8026,117247,4461400
630,437,399,2124290,8064,117646,4623800
631,419,409,2123871,8074,118055,4867300
632,407,397,2123464,8084,118452,4529200
633,469,394,2122995,8159,118846,4515500
634,427,403,2122568,8183,119249,4708700
635,456,391,2122112,8248,119640,4542000
636,415,384,2121697,8279,120024,4474100
637,437,426,2121260,8290,120450,4486100
638,410,416,2120850,8284,120866,4456500
639,406,378,2120444,8312,121244,4473700
640,443,397,2120001,8358,121641,4457900
641,430,424,2119571,8364,122065,4374200
642,432,436,2119139,8360,122501,4527100
643,410,433,2118729,8337,122934,4494500
644,449,440,2118280,8346,123374,4495800
645,438,416,2117842,8368,123790,4477800
646,398,408,2117444,8358,124198,4565800
647,432,442,2117012,8348,124640,4743300
648,415,404,2116597,8359,125044,4496800
649,404,382,2116193,8381,125426,4520800
650,447,422,2115746,8406,125848,4403300
651,440,419,2115306,8427,126267,4652700
652,432,399,2114874,8460,126666,4520000
653,432,457,2114442,8435,127123,4471100
654,461,403,2113981,8493,127526,4487600
655,411,444,2113570,8460,127970,4539300
656,437,411,2113133,8486,128381,4634300
657,404,415,2112729,8475,128796,4552000
658,448,443,2112281,8480,129239,4760300
659,460,403,2111821,8537,129642,4620400
660,427,427,2111394,8537,130069,4479300
661,418,458,2110976,8497,130527,4548400
662,438,411,2110538,8524,130938,4671400
663,454,417,2110084,8561,131355,4717800
664,410,447,2109674,8524,131802,4663300
665,449,421,2109225,8552,132223,4598200
666,466,411,2108759,8607,132634,4700000
667,426,402,2108333,8631,133036,4581200
668,446,440,2107887,8637,133476,4467900
669,440,437,2107447,8640,133913,4476600
670,406,417,2107041,8629,134330,4713000
671,432,429,2106609,8632,134759,4626700
672,437,458,2106172,8611,135217,4819000
673,466,417,2105706,8660,135634,4441300
674,440,490,2105266,8610,136124,4606100
675,428,412,2104838,8626,136536,4366600
676,450,431,2104388,8645,136967,4508600
677,468,435,2103920,8678,137402,4622100
678,427,462,2103493,8643,137864,4764300
679,437,463,2103056,8617,138327,4601700
680,470,492,2102586,8595,138819,4481000
681,446,419,2102140,8622,139238,4490800
682,440,410,2101700,8652,139648,4632400
683,466,443,2101234,8675,140091,4605800
684,467,421,2100767,8721,140512,4586500
685,468,435,2100299,8754,140947,4509100
686,458,420,2099841,8792,141367,4415400
687,470,457,2099371,8805,141824,4723300
688,463,409,2098908,8859,142233,4672000
689,451,449,2098457,8861,142682,4435200
690,476,455,2097981,8882,143137,4566200
691,469,427,2097512,8924,143564,4455800
692,487,439,2097025,8972,144003,4464300
693,486,455,2096539,9003,144458,4673600
694,488,419,2096051,9072,144877,4598800
695,506,444,2095545,9134,145321,4638600
696,501,450,2095044,9185,145771,4576200
697,495,462,2094549,9218,146233,4647900
698,454,474,2094095,9198,146707,4441000
699,476,429,2093619,9245,147136,4559600
700,457,502,2093162,9200,147638,4471100
701,460,445,2092702,9215,148083,4586400
702,492,486,2092210,9221,148569,4510400
703,458,448,2091752,9231,149017,4622200
704,456,489,2091296,9198,149506,4520100
705,449,462,2090847,9185,149968,4858500
706,463,452,2090384,9196,150420,4794800
707,471,464,2089913,9203,150884,4670800
708,452,468,2089461,9187,151352,4838700
709,452,451,2089009,9188,151803,4672700
710,468,448,2088541,9208,152251,4590300
711,454,447,2088087,9215,152698,4659200
712,482,462,2087605,9235,153160,4494100
713,459,465,2087146,9229,153625,4867800
714,446,464,2086700,9211,154089,4650600
715,497,458,2086203,9250,154547,4534200
716,489,464,2085714,9275,155011,4491400
717,462,422,2085252,9315,155433,4628900
718,458,474,2084794,9299,155907,4412400
719,474,431,2084320,9342,156338,4617900
720,486,430,2083834,9398,156768,4565000
721,501,457,2083333,9442,157225,4535900
722,501,469,2082832,9474,157694,4492900
723,501,455,2082331,9520,158149,4460900
724,491,487,2081840,9524,158636,4641700
725,505,504,2081335,9525,159140,4679600
726,517,442,2080818,9600,159582,4521700
727,491,496,2080327,9595,160078,4561000
728,508,465,2079819,9638,160543,4462900
729,522,447,2079297,9713,160990,4628500
730,492,495,2078805,9710,161485,4569500
731,515,459,2078290,9766,161944,4565200
732,477,493,2077813,9750,162437,4552500
733,513,509,2077300,9754,162946,4479000
734,531,464,2076769,9821,163410,4552900
735,530,451,2076239,9900,163861,4708000
736,522,495,2075717,9927,164356,4535500
737,504,524,2075213,9907,164880,4567900
738,522,490,2074691,9939,165370,4525800
739,504,517,2074187,9926,165887,4468000
740,513,457,2073674,9982,166344,4785800
741,496,535,2073178,9943,166879,4535100
742,521,511,2072657,9953,167390,4656000
743,494,479,2072163,9968,167869,4599500
744,497,480,2071666,9985,168349,4505300
745,520,465,2071146,10040,168814,4511100
746,496,511,2070650,10025,169325,4626000
747,528,476,2070122,10077,169801,4716900
748,518,523,2069604,10072,170324,4560100
749,508,497,2069096,10083,170821,4583300
750,490,511,2068606,10062,171332,4510200
751,508,524,2068098,10046,171856,4614100
752,497,505,2067601,10038,172361,4512700
753,484,479,2067117,10043,172840,4762100
754,516,501,2066601,10058,173341,4552400
755,516,488,2066085,10086,173829,4675700
756,499,512,2065586,10073,174341,4765000
757,513,519,2065073,10067,174860,4681700
758,491,535,2064582,10023,175395,4867500
759,536,487,2064046,10072,175882,4788200
760,448,485,2063598,10035,176367,5002300
761,497,494,2063101,10038,176861,4904700
762,473,457,2062628,10054,177318,4881300
763,504,502,2062124,10056,177820,4721900
764,499,463,2061625,10092,178283,4815400
765,504,498,2061121,10098,178781,4549700
766,538,511,2060583,10125,179292,4534500
767,527,512,2060056,10140,179804,4556500
768,538,503,2059518,10175,180307,4563100
769,495,476,2059023,10194,180783,4492600
770,502,478,2058521,10218,181261,4700200
771,496,533,2058025,10181,181794,4528100
772,571,533,2057454,10219,182327,4728900
773,547,506,2056907,10260,182833,4610100
774,525,521,2056382,10264,183354,4662700
775,498,572,2055884,10190,183926,16880700
776,515,514,2055369,10191,184440,5205100
777,495,530,2054874,10156,184970,4821300
778,502,504,2054372,10154,185474,4787600
779,530,497,2053842,10187,185971,4851500
780,515,514,2053327,10188,186485,4725400
781,503,548,2052824,10143,187033,4760300
782,533,502,2052291,10174,187535,4900200
783,485,541,2051806,10118,188076,4715800
784,541,509,2051265,10150,188585,4852200
785,546,466,2050719,10230,189051,4899300
786,492,479,2050227,10243,189530,4661200
787,554,516,2049673,10281,190046,4656800
788,518,492,2049155,10307,190538,4741100
789,543,470,2048612,10380,191008,4641100
790,532,539,2048080,10373,191547,4831700
791,561,537,2047519,10397,192084,5062100
792,521,538,2046998,10380,192622,4874200
793,562,568,2046436,10374,193190,4964600
794,511,522,2045925,10363,193712,5020800
795,537,518,2045388,10382,194230,4802000
796,521,557,2044867,10346,194787,4826600
797,533,501,2044334,10378,195288,4693300
798,532,492,2043802,10418,195780,4755600
799,518,492,2043284,10444,196272,4671600
800,543,532,2042741,10455,196804,4730300
801,535,535,2042206,10455,197339,4797200
802,473,522,2041733,10406,197861,4675800
803,520,514,2041213,10412,198375,4585000
804,544,513,2040669,10443,198888,4821000
805,534,533,2040135,10444,199421,4610300
806,537,563,2039598,10418,199984,4642500
807,576,544,2039022,10450,200528,4690900
808,503,539,2038519,10414,201067,4545300
809,561,515,2037958,10460,201582,4778900
810,530,545,2037428,10445,202127,4776300
811,562,486,2036866,10521,202613,4683000
812,562,526,2036304,10557,203139,4560400
813,574,540,2035730,10591,203679,4910800
814,543,527,2035187,10607,204206,4906900
815,532,524,2034655,10615,204730,5055700
816,480,519,2034175,10576,205249,4947300
817,602,528,2033573,10650,205777,4692100
818,593,541,2032980,10702,206318,4920900
819,498,544,2032482,10656,206862,4975000
820,552,498,2031930,10710,207360,4978600
821,524,562,2031406,10672,207922,5124000
822,541,518,2030865,10695,208440,5089900
823,579,548,2030286,10726,208988,5032800
824,558,559,2029728,10725,209547,5291600
825,521,481,2029207,10765,210028,5057000
826,533,518,2028674,10780,210546,5162200
827,534,569,2028140,10745,211115,5302500
828,562,587,2027578,10720,211702,5085800
829,492,612,2027086,10600,212314,5557200
830,554,563,2026532,10591,212877,5068000
831,539,539,2025993,10591,213416,5026500
832,540,540,2025453,10591,213956,5002000
833,527,513,2024926,10605,214469,4959200
834,547,555,2024379,10597,215024,4956000
835,569,539,2023810,10627,215563,4973300
836,561,523,2023249,10665,216086,4961700
837,543,556,2022706,10652,216642,4968600
838,555,570,2022151,10637,217212,4924500
839,522,519,2021629,10640,217731,4935700
840,534,524,2021095,10650,218255,5089300
841,536,508,2020559,10678,218763,4900000
842,556,519,2020003,10715,219282,4971800
843,558,502,2019445,10771,219784,5250400
844,597,535,2018848,10833,220319,5273400
845,529,551,2018319,10811,220870,5266900
846,533,532,2017786,10812,221402,5098300
847,553,500,2017233,10865,221902,5054300
848,594,550,2016639,10909,222452,5101400
849,553,566,2016086,10896,223018,5058100
850,517,607,2015569,10806,223625,5208700
851,555,539,2015014,10822,224164,5075100
852,607,519,2014407,10910,224683,5208600
853,553,561,2013854,10902,225244,5044900
854,587,543,2013267,10946,225787,5163200
855,576,559,2012691,10963,226346,5187200
856,583,551,2012108,10995,226897,5130700
857,543,548,2011565,10990,227445,4979100
858,573,556,2010992,11007,228001,5183400
859,568,551,2010424,11024,228552,5044200
860,595,579,2009829,11040,229131,4892100
861,535,560,2009294,11015,229691,4933500
862,568,528,2008726,11055,230219,5139500
863,592,567,2008134,11080,230786,5066800
864,599,549,2007535,11130,231335,4992600
865,613,553,2006922,11190,231888,4783300
866,560,524,2006362,11226,232412,4903500
867,572,594,2005790,11204,233006,4702800
868,599,557,2005191,11246,233563,4923900
869,557,587,2004634,11216,234150,4689200
870,580,549,2004054,11247,234699,4625700
871,589,536,2003465,11300,235235,4864100
872,581,530,2002884,11351,235765,4878800
873,591,562,2002293,11380,236327,4836400
874,589,560,2001704,11409,236887,4745900
875,559,563,2001145,11405,237450,4750400
876,628,572,2000517,11461,238022,4834500
877,599,590,1999918,11470,238612,4660300
878,587,562,1999331,11495,239174,4800900
879,565,574,1998766,11486,239748,4766200
880,557,566,1998209,11477,240314,4677400
881,615,622,1997594,11470,240936,4729900
882,630,590,1996964,11510,241526,4639200
883,591,582,1996373,11519,242108,4563700
884,573,604,1995800,11488,242712,4781700
885,606,588,1995194,11506,243300,4594900
886,600,607,1994594,11499,243907,4589900
887,569,560,1994025,11508,244467,4804300
888,595,545,1993430,11558,245012,4594700
889,573,590,1992857,11541,245602,4862200
890,589,537,1992268,11593,246139,4864400
891,596,546,1991672,11643,246685,4886400
892,601,630,1991071,11614,247315,4947500
893,625,588,1990446,11651,247903,4816600
894,619,551,1989827,11719,248454,4745500
895,629,638,1989198,11710,249092,5014200
896,616,621,1988582,11705,249713,4789800
897,664,572,1987918,11797,250285,4725800
898,652,558,1987266,11891,250843,4971600
899,635,592,1986631,11934,251435,4805800
900,615,615,1986016,11934,252050,4734100
901,601,638,1985415,11897,252688,4812800
902,616,626,1984799,11887,253314,4985200
903,629,593,1984170,11923,253907,4883300
904,606,595,1983564,11934,254502,4972100
905,605,567,1982959,11972,255069,4757000
906,636,580,1982323,12028,255649,4783300
907,622,583,1981701,12067,256232,4797400
908,627,583,1981074,12111,256815,4671000
909,609,607,1980465,12113,257422,4978400
910,589,596,1979876,12106,258018,4810800
911,587,631,1979289,12062,258649,4803900
912,633,656,1978656,12039,259305,4901100
913,618,572,1978038,12085,259877,4785300
914,612,643,1977426,12054,260520,4870900
915,551,552,1976875,12053,261072,4885300
916,625,574,1976250,12104,261646,4829300
917,596,635,1975654,12065,262281,4659600
918,607,600,1975047,12072,262881,4658100
919,629,588,1974418,12113,263469,4788200
920,663,630,1973755,12146,264099,5050800
921,609,625,1973146,12130,264724,4729400
922,638,614,1972508,12154,265338,4637900
923,588,646,1971920,12096,265984,4682500
924,609,621,1971311,12084,266605,4732400
925,652,622,1970659,12114,267227,4710500
926,582,599,1970077,12097,267826,4788900
927,598,617,1969479,12078,268443,4600700
928,606,648,1968873,12036,269091,4674100
929,634,595,1968239,12075,269686,4773200
930,645,631,1967594,12089,270317,4698400
931,604,589,1966990,12104,270906,4663900
932,631,592,1966359,12143,271498,5005000
933,641,637,1965718,12147,272135,4849700
934,612,645,1965106,12114,272780,4870300
935,648,616,1964458,12146,273396,4865300
936,655,604,1963803,12197,274000,5012700
937,617,626,1963186,12188,274626,5290100
938,604,626,1962582,12166,275252,4978400
939,580,556,1962002,12190,275808,4800500
940,617,608,1961385,12199,276416,4781500
941,658,600,1960727,12257,277016,4809900
942,667,633,1960060,12291,277649,4773800
943,601,616,1959459,12276,278265,4793000
944,653,608,1958806,12321,278873,4631600
945,639,626,1958167,12334,279499,4771200
946,585,619,1957582,12300,280118,5268500
947,656,594,1956926,12362,280712,5340200
948,604,619,1956322,12347,281331,9589900
949,622,606,1955700,12363,281937,7518700
950,669,637,1955031,12395,282574,5358200
951,648,617,1954383,12426,283191,5605200
952,666,631,1953717,12461,283822,5378900
953,659,635,1953058,12485,284457,5599100
954,663,626,1952395,12522,285083,5483300
955,659,588,1951736,12593,285671,5261700
956,631,628,1951105,12596,286299,5841500
957,679,581,1950426,12694,286880,12909900
958,650,605,1949776,12739,287485,7370700
959,610,623,1949166,12726,288108,8332600
960,671,676,1948495,12721,288784,5838700
961,656,671,1947839,12706,289455,7295100
962,706,614,1947133,12798,290069,5678600
963,699,649,1946434,12848,290718,5784900
964,713,624,1945721,12937,291342,5582400
965,698,608,1945023,13027,291950,5327900
966,672,658,1944351,13041,292608,5505900
967,652,598,1943699,13095,293206,5230600
968,683,643,1943016,13135,293849,5245300
969,703,621,1942313,13217,294470,5490600
970,718,657,1941595,13278,295127,13752600
971,757,659,1940838,13376,295786,5501100
972,675,648,1940163,13403,296434,5374400
973,673,679,1939490,13397,297113,5815200
974,752,672,1938738,13477,297785,5509800
975,745,681,1937993,13541,298466,5223700
976,717,662,1937276,13596,299128,5301400
977,691,711,1936585,13576,299839,5235800
978,691,675,1935894,13592,300514,5160400
979,667,708,1935227,13551,301222,5383800
980,681,607,1934546,13625,301829,5218800
981,667,672,1933879,13620,302501,5082500
982,687,630,1933192,13677,303131,5166800
983,665,680,1932527,13662,303811,5005500
984,686,684,1931841,13664,304495,5016000
985,708,743,1931133,13629,305238,4968900
986,653,653,1930480,13629,305891,4962700
987,693,662,1929787,13660,306553,4901400
988,694,698,1929093,13656,307251,5072000
989,678,657,1928415,13677,307908,4794000
990,703,657,1927712,13723,308565,4867900
991,680,650,1927032,13753,309215,4910800
992,637,705,1926395,13685,309920,4902900
993,649,666,1925746,13668,310586,4917500
994,725,650,1925021,13743,311236,4841900
995,666,670,1924355,13739,311906,4829000
996,668,663,1923687,13744,312569,5111200
997,681,738,1923006,13687,313307,4891000
998,695,686,1922311,13696,313993,4910700
999,686,666,1921625,13716,314659,5059800
1000,649,678,1920976,13687,315337,4793600
1001,673,694,1920303,13666,316031,4845700
1002,711,663,1919592,13714,316694,4719800
1003,670,670,1918922,13714,317364,4839800
1004,698,700,1918224,13712,318064,4726400
1005,684,682,1917540,13714,318746,4714600
1006,710,653,1916830,13771,319399,4772600
1007,663,638,1916167,13796,320037,4707600
1008,686,626,1915481,13856,320663,4670000
1009,679,697,1914802,13838,321360,5016400
1010,686,679,1914116,13845,322039,4877700
1011,705,673,1913411,13877,322712,4869200
1012,644,689,1912767,13832,323401,4843800
1013,639,665,1912128,13806,324066,4647500
1014,668,691,1911460,13783,324757,4551300
1015,664,679,1910796,13768,325436,4827800
1016,696,694,1910100,13770,326130,4882200
1017,685,690,1909415,13765,326820,4700600
1018,659,671,1908756,13753,327491,4754500
1019,660,672,1908096,13741,328163,4813700
1020,689,675,1907407,13755,328838,4665700
1021,684,689,1906723,13750,329527,5110200
1022,724,724,1905999,13750,330251,4772200
1023,744,666,1905255,13828,330917,4702500
1024,718,702,1904537,13844,331619,5019200
1025,681,713,1903856,13812,332332,4827400
1026,667,659,1903189,13820,332991,4738300
1027,717,698,1902472,13839,333689,4712800
1028,693,670,1901779,13862,334359,4772300
1029,743,687,1901036,13918,335046,4826200
1030,709,755,1900327,13872,335801,4833500
1031,720,681,1899607,13911,336482,4935800
1032,721,707,1898886,13925,337189,5021300
1033,698,740,1898188,13883,337929,5149300
1034,682,699,1897506,13866,338628,4917400
1035,712,701,1896794,13877,339329,5201100
1036,687,689,1896107,13875,340018,5016900
1037,733,690,1895374,13918,340708,5045900
1038,742,660,1894632,14000,341368,5246500
1039,741,726,1893891,14015,342094,5009500
1040,731,693,1893160,14053,342787,4927700
1041,685,678,1892475,14060,343465,5127400
1042,731,699,1891744,14092,344164,5131400
1043,685,660,1891059,14117,344824,5149300
1044,711,733,1890348,14095,345557,4940000
1045,746,658,1889602,14183,346215,4937800
1046,710,686,1888892,14207,346901,5032900
1047,735,667,1888157,14275,347568,4837700
1048,707,745,1887450,14237,348313,4822400
1049,729,726,1886721,14240,349039,5231400
1050,707,714,1886014,14233,349753,5086800
1051,719,706,1885295,14246,350459,4944500
1052,706,694,1884589,14258,351153,4922000
1053,724,701,1883865,14281,351854,4721200
1054,714,733,1883151,14262,352587,4753100
1055,717,701,1882434,14278,353288,4858200
1056,720,690,1881714,14308,353978,4883800
1057,710,734,1881004,14284,354712,5360000
1058,736,706,1880268,14314,355418,5090800
1059,697,697,1879571,14314,356115,4955200
1060,698,695,1878873,14317,356810,4998600
1061,740,710,1878133,14347,357520,5044400
1062,724,719,1877409,14352,358239,5288100
1063,724,710,1876685,14366,358949,5245500
1064,712,726,1875973,14352,359675,5167900
1065,724,708,1875249,14368,360383,5027700
1066,711,748,1874538,14331,361131,5086700
1067,770,767,1873768,14334,361898,4972100
1068,763,746,1873005,14351,362644,5038100
1069,712,686,1872293,14377,363330,4923700
1070,755,694,1871538,14438,364024,4723600
1071,779,718,1870759,14499,364742,5061100
1072,712,724,1870047,14487,365466,4627500
1073,701,708,1869346,14480,366174,4805700
1074,758,714,1868588,14524,366888,4771300
1075,689,751,1867899,14462,367639,4598000
1076,743,719,1867156,14486,368358,4690800
1077,715,709,1866441,14492,369067,4698200
1078,765,711,1865676,14546,369778,4623100
1079,758,719,1864918,14585,370497,4728800
1080,737,747,1864181,14575,371244,4765500
1081,746,714,1863435,14607,371958,4808900
1082,762,737,1862673,14632,372695,4830700
1083,744,715,1861929,14661,373410,4776600
1084,704,750,1861225,14615,374160,4804200
1085,766,745,1860459,14636,374905,5167800
1086,743,745,1859716,14634,375650,4829000
1087,761,704,1858955,14691,376354,4723400
1088,768,732,1858187,14727,377086,4767900
1089,709,718,1857478,14718,377804,4676400
1090,733,745,1856745,14706,378549,4705600
1091,759,747,1855986,14718,379296,4799500
1092,716,754,1855270,14680,380050,4708800
1093,700,766,1854570,14614,380816,4714800
1094,701,773,1853869,14542,381589,4809000
1095,780,727,1853089,14595,382316,4780800
1096,750,773,1852339,14572,383089,4672000
1097,746,753,1851593,14565,383842,4824600
1098,787,709,1850806,14643,384551,4596800
1099,759,727,1850047,14675,385278,4722500
1100,715,728,1849332,14662,386006,4749500
1101,766,674,1848566,14754,386680,4850900
1102,751,777,1847815,14728,387457,4944500
1103,738,747,1847077,14719,388204,4788600
1104,811,710,1846266,14820,388914,4926700
1105,803,778,1845463,14845,389692,5190100
1106,783,684,1844680,14944,390376,5127200
1107,793,698,1843887,15039,391074,4723100
1108,771,780,1843116,15030,391854,4922100
1109,767,755,1842349,15042,392609,4834700
1110,776,785,1841573,15033,393394,4660100
1111,767,742,1840806,15058,394136,4699900
1112,725,765,1840081,15018,394901,4665300
1113,730,786,1839351,14962,395687,4709600
1114,797,794,1838554,14965,396481,4734700
1115,787,747,1837767,15005,397228,4718600
1116,715,814,1837052,14906,398042,4650800
1117,773,747,1836279,14932,398789,4787800
1118,765,732,1835514,14965,399521,5056100
1119,729,747,1834785,14947,400268,4993400
1120,762,731,1834023,14978,400999,5158400
1121,756,778,1833267,14956,401777,5162200
1122,774,718,1832493,15012,402495,5046600
1123,735,785,1831758,14962,403280,5223100
1124,758,723,1831000,14997,404003,5061300
1125,739,761,1830261,14975,404764,5530500
1126,766,774,1829495,14967,405538,5288500
1127,737,728,1828758,14976,406266,5202100
1128,757,770,1828001,14963,407036,5353000
1129,781,737,1827220,15007,407773,4974400
1130,738,790,1826482,14955,408563,5050000
1131,777,768,1825705,14964,409331,5535300
1132,706,790,1824999,14880,410121,5100400
1133,749,755,1824250,14874,410876,5173900
1134,716,733,1823534,14857,411609,5065400
1135,760,765,1822774,14852,412374,5079900
1136,756,750,1822018,14858,413124,5089800
1137,802,699,1821216,14961,413823,5048800
1138,825,749,1820391,15037,414572,5230800
1139,798,740,1819593,15095,415312,5071700
1140,805,740,1818788,15160,416052,5134800
1141,750,759,1818038,15151,416811,5708100
1142,726,809,1817312,15068,417620,5376100
1143,782,708,1816530,15142,418328,5371900
1144,772,769,1815758,15145,419097,5238200
1145,760,799,1814998,15106,419896,5226800
1146,706,755,1814292,15057,420651,5146100
1147,726,722,1813566,15061,421373,5117300
1148,751,800,1812815,15012,422173,4977900
1149,745,764,1812070,14993,422937,5156000
1150,756,741,1811314,15008,423678,5030000
1151,789,748,1810525,15049,424426,5033200
1152,762,755,1809763,15056,425181,4958700
1153,756,746,1809007,15066,425927,5232500
1154,778,768,1808229,15076,426695,5031200
1155,741,777,1807488,15040,427472,5195500
1156,761,778,1806727,15023,428250,5161100
1157,742,722,1805985,15043,428972,5144500
1158,784,765,1805201,15062,429737,5217900
1159,774,742,1804427,15094,430479,5436000
1160,789,780,1803638,15103,431259,5384800
1161,807,741,1802831,15169,432000,5210800
1162,762,740,1802069,15191,432740,5369100
1163,758,766,1801311,15183,433506,5195500
1164,778,720,1800533,15241,434226,5107400
1165,818,746,1799715,15313,434972,5301300
1166,808,763,1798907,15358,435735,17490800
1167,813,737,1798094,15434,436472,5294200
1168,794,736,1797300,15492,437208,5155400
1169,769,789,1796531,15472,437997,5394100
1170,773,767,1795758,15478,438764,5099600
1171,775,776,1794983,15477,439540,5277100
1172,764,838,1794219,15403,440378,5206600
1173,731,761,1793488,15373,441139,5211000
1174,757,811,1792731,15319,441950,5025500
1175,756,765,1791975,15310,442715,5149600
1176,781,811,1791194,15280,443526,5090800
1177,739,765,1790455,15254,444291,5120200
1178,761,772,1789694,15243,445063,5153000
1179,777,744,1788917,15276,445807,5299000
1180,795,725,1788122,15346,446532,5232300
1181,733,778,1787389,15301,447310,5152300
1182,754,816,1786635,15239,448126,5254900
1183,761,761,1785874,15239,448887,5108900
1184,765,728,1785109,15276,449615,5276000
1185,749,790,1784360,15235,450405,5205800
1186,739,738,1783621,15236,451143,5180300
1187,729,695,1782892,15270,451838,5286600
1188,778,772,1782114,15276,452610,5212200
1189,802,805,1781312,15273,453415,5138900
1190,820,768,1780492,15325,454183,5127900
1191,779,766,1779713,15338,454949,5137000
1192,754,752,1778959,15340,455701,5107400
1193,789,767,1778170,15362,456468,5178700
1194,819,797,1777351,15384,457265,5173800
1195,790,732,1776561,15442,457997,5196200
1196,779,757,1775782,15464,458754,5196500
1197,790,721,1774992,15533,459475,5114200
1198,761,761,1774231,15533,460236,5389900
1199,835,791,1773396,15577,461027,5191800
1200,781,803,1772615,15555,461830,5178500
1201,780,762,1771835,15573,462592,5016000
1202,747,805,1771088,15515,463397,5034800
1203,758,779,1770330,15494,464176,5050900
1204,794,751,1769536,15537,464927,4871100
1205,795,751,1768741,15581,465678,4801500
1206,798,775,1767943,15604,466453,4862500
1207,777,792,1767166,15589,467245,4813600
1208,749,781,1766417,15557,468026,4931600
1209,762,773,1765655,15546,468799,5506100
1210,782,783,1764873,15545,469582,4855800
1211,829,806,1764044,15568,470388,4872100
1212,798,732,1763246,15634,471120,5096400
1213,783,756,1762463,15661,471876,4976100
1214,751,775,1761712,15637,472651,4760400
1215,732,773,1760980,15596,473424,4796800
1216,794,754,1760186,15636,474178,5231500
1217,775,802,1759411,15609,474980,4841300
1218,745,835,1758666,15519,475815,4889400
1219,718,789,1757948,15448,476604,4835300
1220,803,799,1757145,15452,477403,4995700
1221,795,730,1756350,15517,478133,5012400
1222,789,767,1755561,15539,478900,4852300
1223,815,799,1754746,15555,479699,4917900
1224,787,790,1753959,15552,480489,5062500
1225,752,741,1753207,15563,481230,5258100
1226,799,820,1752408,15542,482050,5244000
1227,753,799,1751655,15496,482849,5299900
1228,777,796,1750878,15477,483645,5260900
1229,738,782,1750140,15433,484427,5171700
1230,820,763,1749320,15490,485190,5257600
1231,763,799,1748557,15454,485989,5223000
1232,824,811,1747733,15467,486800,5294400
1233,808,760,1746925,15515,487560,5157200
1234,786,796,1746139,15505,488356,5129900
1235,779,734,1745360,15550,489090,5241700
1236,802,741,1744558,15611,489831,5352400
1237,760,798,1743798,15573,490629,5140000
1238,783,752,1743015,15604,491381,5296800
1239,762,747,1742253,15619,492128,5296900
1240,756,801,1741497,15574,492929,5316100
1241,795,777,1740702,15592,493706,5237300
1242,772,742,1739930,15622,494448,5097000
1243,799,772,1739131,15649,495220,5286100
1244,818,751,1738313,15716,495971,5183000
1245,821,794,1737492,15743,496765,5276600
1246,787,780,1736705,15750,497545,5257700
1247,784,779,1735921,15755,498324,5183000
1248,860,830,1735061,15785,499154,5483500
1249,771,814,1734290,15742,499968,5371000
1250,808,793,1733482,15757,500761,5210600
1251,798,789,1732684,15766,501550,5515900
1252,776,793,1731908,15749,502343,5305300
1253,779,848,1731129,15680,503191,5279300
1254,802,795,1730327,15687,503986,5558000
1255,734,775,1729593,15646,504761,5843400
1256,795,783,1728798,15658,505544,5403100
1257,764,809,1728034,15613,506353,5265200
1258,792,783,1727242,15622,507136,5181000
1259,777,784,1726465,15615,507920,5364900
1260,812,772,1725653,15655,508692,5294500
1261,775,752,1724878,15678,509444,5438600
1262,789,773,1724089,15694,510217,5589300
1263,835,709,1723254,15820,510926,5434900
1264,821,794,1722433,15847,511720,5271100
1265,814,767,1721619,15894,512487,5108300
1266,820,775,1720799,15939,513262,5371500
1267,848,807,1719951,15980,514069,5096700
1268,776,760,1719175,15996,514829,5076800
1269,799,811,1718376,15984,515640,5403900
1270,848,802,1717528,16030,516442,5050700
1271,814,785,1716714,16059,517227,5039800
1272,818,820,1715896,16057,518047,5079300
1273,764,754,1715132,16067,518801,4932200
1274,817,855,1714315,16029,519656,5061100
1275,762,777,1713553,16014,520433,5317300
1276,776,837,1712777,15953,521270,5165600
1277,808,773,1711969,15988,522043,5195200
1278,792,814,1711177,15966,522857,5336600
1279,846,794,1710331,16018,523651,5435800
1280,767,787,1709564,15998,524438,5655700
1281,827,756,1708737,16069,525194,5477800
1282,790,769,1707947,16090,525963,5448600
1283,822,765,1707125,16147,526728,5561500
1284,839,832,1706286,16154,527560,5526400
1285,811,797,1705475,16168,528357,5441000
1286,838,837,1704637,16169,529194,5544100
1287,825,856,1703812,16138,530050,5516000
1288,840,823,1702972,16155,530873,5600100
1289,882,824,1702090,16213,531697,5308900
1290,814,801,1701276,16226,532498,5441700
1291,821,759,1700455,16288,533257,5476400
1292,818,845,1699637,16261,534102,5258800
1293,796,846,1698841,16211,534948,5332300
1294,815,830,1698026,16196,535778,5332900
1295,796,790,1697230,16202,536568,5218600
1296,806,831,1696424,16177,537399,5446400
1297,832,816,1695592,16193,538215,5370800
1298,798,769,1694794,16222,538984,5429100
1299,802,778,1693992,16246,539762,5286300
1300,838,828,1693154,16256,540590,5472600
1301,806,856,1692348,16206,541446,5384700
1302,841,805,1691507,16242,542251,5484700
1303,800,804,1690707,16238,543055,5335000
1304,787,875,1689920,16150,543930,5394100
1305,823,815,1689097,16158,544745,5243600
1306,795,831,1688302,16122,545576,5303100
1307,759,773,1687543,16108,546349,5303600
1308,812,834,1686731,16086,547183,5269300
1309,812,830,1685919,16068,548013,5214300
1310,832,739,1685087,16161,548752,5199900
1311,761,898,1684326,16024,549650,5647600
1312,766,769,1683560,16021,550419,5332900
1313,861,789,1682699,16093,551208,5356400
1314,800,852,1681899,16041,552060,5444700
1315,782,847,1681117,15976,552907,5419500
1316,774,818,1680343,15932,553725,5296800
1317,776,798,1679567,15910,554523,5344800
1318,795,785,1678772,15920,555308,5261200
1319,798,754,1677974,15964,556062,5485400
1320,752,817,1677222,15899,556879,5372400
1321,783,772,1676439,15910,557651,5294800
1322,803,785,1675636,15928,558436,5195800
1323,743,772,1674893,15899,559208,5111800
1324,781,791,1674112,15889,559999,5061100
1325,835,757,1673277,15967,560756,5462600
1326,776,820,1672501,15923,561576,5392300
1327,817,841,1671684,15899,562417,5197600
1328,785,813,1670899,15871,563230,5042400
1329,753,796,1670146,15828,564026,4948600
1330,763,773,1669383,15818,564799,4936900
1331,812,797,1668571,15833,565596,4942700
1332,786,801,1667785,15818,566397,4949300
1333,788,840,1666997,15766,567237,5146000
1334,778,776,1666219,15768,568013,4991800
1335,832,784,1665387,15816,568797,5272400
1336,790,759,1664597,15847,569556,5088300
1337,811,778,1663786,15880,570334,4965900
1338,796,830,1662990,15846,571164,5110700
1339,761,770,1662229,15837,571934,5038800
1340,759,779,1661470,15817,572713,5000400
1341,829,820,1660641,15826,573533,4937600
1342,781,821,1659860,15786,574354,4897000
1343,796,794,1659064,15788,575148,4979500
1344,813,788,1658251,15813,575936,5239800
1345,791,811,1657460,15793,576747,4829900
1346,825,790,1656635,15828,577537,4920700
1347,806,780,1655829,15854,578317,5320900
1348,804,797,1655025,15861,579114,5024100
1349,819,789,1654206,15891,579903,4798800
1350,802,820,1653404,15873,580723,5028500
1351,843,795,1652561,15921,581518,4881000
1352,813,839,1651748,15895,582357,4886100
1353,814,805,1650934,15904,583162,5284200
1354,834,740,1650100,15998,583902,4999600
1355,747,774,1649353,15971,584676,4815100
1356,829,806,1648524,15994,585482,5023000
1357,778,847,1647746,15925,586329,5209100
1358,795,781,1646951,15939,587110,4998600
1359,787,756,1646164,15970,587866,5047500
1360,773,828,1645391,15915,588694,4880700
1361,793,735,1644598,15973,589429,5022600
1362,798,832,1643800,15939,590261,4958800
1363,780,793,1643020,15926,591054,4974600
1364,789,822,1642231,15893,591876,4968600
1365,759,827,1641472,15825,592703,5016400
1366,778,783,1640694,15820,593486,5040600
1367,761,783,1639933,15798,594269,5018500
1368,783,832,1639150,15749,595101,4979500
1369,859,793,1638291,15815,595894,4819600
1370,770,806,1637521,15779,596700,4958900
1371,806,770,1636715,15815,597470,4992100
1372,761,785,1635954,15791,598255,4950500
1373,763,803,1635191,15751,599058,4898600
1374,774,787,1634417,15738,599845,4890000
1375,778,799,1633639,15717,600644,4832100
1376,819,808,1632820,15728,601452,4918000
1377,816,804,1632004,15740,602256,4900100
1378,783,775,1631221,15748,603031,4886500
1379,791,784,1630430,15755,603815,4960400
1380,769,789,1629661,15735,604604,4918700
1381,783,763,1628878,15755,605367,4917200
1382,843,790,1628035,15808,606157,4913000
1383,770,769,1627265,15809,606926,4864500
1384,792,784,1626473,15817,607710,5073000
1385,756,821,1625717,15752,608531,5189200
1386,818,753,1624899,15817,609284,4974200
1387,751,769,1624148,15799,610053,4965900
1388,762,807,1623386,15754,610860,4942900
1389,794,748,1622592,15800,611608,4877700
1390,762,801,1621830,15761,612409,5166100
1391,727,782,1621103,15706,613191,4780000
1392,752,790,1620351,15668,613981,4973000
1393,746,785,1619605,15629,614766,5142800
1394,782,748,1618823,15663,615514,4990500
1395,775,783,1618048,15655,616297,5042200
1396,751,828,1617297,15578,617125,5073000
1397,760,755,1616537,15583,617880,5002500
1398,780,741,1615757,15622,618621,4818500
1399,763,816,1614994,15569,619437,4984300
1400,787,779,1614207,15577,620216,4993500
1401,750,778,1613457,15549,620994,5233400
1402,791,809,1612666,15531,621803,5395400
1403,762,799,1611904,15494,622602,5426800
1404,773,772,1611131,15495,623374,5460300
1405,777,808,1610354,15464,624182,5464800
1406,786,744,1609568,15506,624926,5766400
1407,772,784,1608796,15494,625710,5679800
1408,741,815,1608055,15420,626525,5322000
1409,806,750,1607249,15476,627275,5544700
1410,778,727,1606471,15527,628002,5280200
1411,736,760,1605735,15503,628762,5204800
1412,771,759,1604964,15515,629521,5237300
1413,766,742,1604198,15539,630263,5626100
1414,790,748,1603408,15581,631011,5473000
1415,794,752,1602614,15623,631763,5445200
1416,761,811,1601853,15573,632574,5736300
1417,797,827,1601056,15543,633401,5553300
1418,799,791,1600257,15551,634192,5264600
1419,797,754,1599460,15594,634946,5178200
1420,773,798,1598687,15569,635744,5428900
1421,740,817,1597947,15492,636561,5167600
1422,767,765,1597180,15494,637326,5277400
1423,737,762,1596443,15469,638088,5168600
1424,800,813,1595643,15456,638901,5220900
1425,805,752,1594838,15509,639653,5328800
1426,819,766,1594019,15562,640419,5480900
1427,813,746,1593206,15629,641165,5142300
1428,791,771,1592415,15649,641936,5443000
1429,832,811,1591583,15670,642747,5346600
1430,804,776,1590779,15698,643523,5393100
1431,853,745,1589926,15806,644268,5379100
1432,789,851,1589137,15744,645119,5446200
1433,788,780,1588349,15752,645899,5463000
1434,779,802,1587570,15729,646701,5233500
1435,771,786,1586799,15714,647487,5279100
1436,800,813,1585999,15701,648300,5161500
1437,805,792,1585194,15714,649092,5036900
1438,806,799,1584388,15721,649891,5024400
1439,762,821,1583626,15662,650712,5103900
1440,763,801,1582863,15624,651513,4810000
1441,763,741,1582100,15646,652254,4898700
1442,820,746,1581280,15720,653000,4822800
1443,802,752,1580478,15770,653752,4889200
1444,739,776,1579739,15733,654528,5047400
1445,769,728,1578970,15774,655256,4799300
1446,753,789,1578217,15738,656045,4875800
1447,785,773,1577432,15750,656818,5036300
1448,740,765,1576692,15725,657583,4771800
1449,755,789,1575937,15691,658372,4825600
1450,774,728,1575163,15737,659100,5180300
1451,761,797,1574402,15701,659897,4936400
1452,770,797,1573632,15674,660694,5341800
1453,807,824,1572825,15657,661518,5377100
1454,787,862,1572038,15582,662380,5407000
1455,759,772,1571279,15569,663152,5313000
1456,759,799,1570520,15529,663951,5595800
1457,762,784,1569758,15507,664735,5263500
1458,787,820,1568971,15474,665555,5341200
1459,759,749,1568212,15484,666304,5260800
1460,729,761,1567483,15452,667065,5042300
1461,755,764,1566728,15443,667829,6143900
1462,761,772,1565967,15432,668601,4924700
1463,761,766,1565206,15427,669367,4798500
1464,702,799,1564504,15330,670166,4842400
1465,765,769,1563739,15326,670935,4849100
1466,717,791,1563022,15252,671726,5065500
1467,736,734,1562286,15254,672460,5184400
1468,732,729,1561554,15257,673189,5204400
1469,775,812,1560779,15220,674001,4949500
1470,739,808,1560040,15151,674809,5001600
1471,762,722,1559278,15191,675531,4999800
1472,778,765,1558500,15204,676296,4945500
1473,760,764,1557740,15200,677060,4991700
1474,755,736,1556985,15219,677796,4928800
1475,778,774,1556207,15223,678570,5052700
1476,810,768,1555397,15265,679338,4994800
1477,734,799,1554663,15200,680137,5058400
1478,777,740,1553886,15237,680877,4922700
1479,793,802,1553093,15228,681679,5047700
1480,798,728,1552295,15298,682407,5177700
1481,811,715,1551484,15394,683122,5343700
1482,806,723,1550678,15477,683845,5110000
1483,722,781,1549956,15418,684626,4985100
1484,750,744,1549206,15424,685370,4979700
1485,734,761,1548472,15397,686131,5033300
1486,764,760,1547708,15401,686891,5219200
1487,759,792,1546949,15368,687683,5071400
1488,816,789,1546133,15395,688472,5030300
1489,790,793,1545343,15392,689265,5001300
1490,762,762,1544581,15392,690027,4945500
1491,780,761,1543801,15411,690788,5425500
1492,751,732,1543050,15430,691520,5256700
1493,834,773,1542216,15491,692293,5170600
1494,757,760,1541459,15488,693053,5284500
1495,789,747,1540670,15530,693800,5242500
1496,732,794,1539938,15468,694594,5089800
1497,809,774,1539129,15503,695368,5018400
1498,763,784,1538366,15482,696152,4967400
1499,819,815,1537547,15486,696967,5115400
1500,783,753,1536764,15516,697720,5073200
1501,825,754,1535939,15587,698474,5358300
1502,755,753,1535184,15589,699227,5015300
1503,778,774,1534406,15593,700001,5188200
1504,777,762,1533629,15608,700763,5134900
1505,773,791,1532856,15590,701554,5217300
1506,815,805,1532041,15600,702359,5127800
1507,803,751,1531238,15652,703110,5047600
1508,755,786,1530483,15621,703896,5022200
1509,784,712,1529699,15693,704608,5245700
1510,778,822,1528921,15649,705430,5041900
1511,774,779,1528147,15644,706209,4982200
1512,778,814,1527369,15608,707023,4960200
1513,780,735,1526589,15653,707758,5150700
1514,789,763,1525800,15679,708521,4961900
1515,829,776,1524971,15732,709297,4938000
1516,745,798,1524226,15679,710095,4834900
1517,778,762,1523448,15695,710857,4966600
1518,787,790,1522661,15692,711647,5026500
1519,779,799,1521882,15672,712446,4962600
1520,816,821,1521066,15667,713267,5073400
1521,771,768,1520295,15670,714035,5277800
1522,800,719,1519495,15751,714754,5102400
1523,772,795,1518723,15728,715549,5222000
1524,744,747,1517979,15725,716296,5192400
1525,790,745,1517189,15770,717041,5146200
1526,779,778,1516410,15771,717819,4999700
1527,791,754,1515619,15808,718573,5198900
1528,758,777,1514861,15789,719350,5164400
1529,811,808,1514050,15792,720158,5318800
1530,803,876,1513247,15719,721034,5006200
1531,761,810,1512486,15670,721844,4998300
1532,777,801,1511709,15646,722645,4936400
1533,764,778,1510945,15632,723423,4785000
1534,770,787,1510175,15615,724210,4960100
1535,787,801,1509388,15601,725011,5038600
1536,798,768,1508590,15631,725779,5212700
1537,775,792,1507815,15614,726571,5039300
1538,795,775,1507020,15634,727346,4929500
1539,782,781,1506238,15635,728127,5164800
1540,810,812,1505428,15633,728939,5316400
1541,789,781,1504639,15641,729720,5044400
1542,773,762,1503866,15652,730482,4976900
1543,791,823,1503075,15620,731305,5057100
1544,795,778,1502280,15637,732083,4938600
1545,808,786,1501472,15659,732869,4970900
1546,823,786,1500649,15696,733655,4988600
1547,818,807,1499831,15707,734462,4950200
1548,775,747,1499056,15735,735209,5076500
1549,747,757,1498309,15725,735966,5005900
1550,796,760,1497513,15761,736726,4878200
1551,792,780,1496721,15773,737506,4901000
1552,745,817,1495976,15701,738323,5027000
1553,773,763,1495203,15711,739086,5228300
1554,780,861,1494423,15630,739947,4920500
1555,743,782,1493680,15591,740729,4839500
1556,769,800,1492911,15560,741529,4901200
1557,737,756,1492174,15541,742285,4827200
1558,747,725,1491427,15563,743010,4928200
1559,732,744,1490695,15551,743754,4954400
1560,753,775,1489942,15529,744529,4921000
1561,764,776,1489178,15517,745305,4853400
1562,760,736,1488418,15541,746041,4952100
1563,767,734,1487651,15574,746775,5123600
1564,790,802,1486861,15562,747577,5057800
1565,791,758,1486070,15595,748335,4935700
1566,787,822,1485283,15560,749157,5365800
1567,763,769,1484520,15554,749926,4797300
1568,800,764,1483720,15590,750690,4840100
1569,789,743,1482931,15636,751433,4942800
1570,819,734,1482112,15721,752167,5266100
1571,786,845,1481326,15662,753012,4850300
1572,815,780,1480511,15697,753792,5296500
1573,772,776,1479739,15693,754568,5064500
1574,816,790,1478923,15719,755358,4859600
1575,799,810,1478124,15708,756168,4889200
1576,809,850,1477315,15667,757018,5029900
1577,778,808,1476537,15637,757826,5128100
1578,800,747,1475737,15690,758573,5209200
1579,800,783,1474937,15707,759356,5028700
1580,784,788,1474153,15703,760144,5049700
1581,818,774,1473335,15747,760918,5000500
1582,778,817,1472557,15708,761735,5065000
1583,833,797,1471724,15744,762532,4912700
1584,793,760,1470931,15777,763292,5216800
1585,718,776,1470213,15719,764068,4907400
1586,762,721,1469451,15760,764789,4937000
1587,757,817,1468694,15700,765606,5027600
1588,774,716,1467920,15758,766322,5134700
1589,790,794,1467130,15754,767116,5027800
1590,748,824,1466382,15678,767940,4904100
1591,772,779,1465610,15671,768719,4833900
1592,847,905,1464763,15613,769624,5004200
1593,787,773,1463976,15627,770397,5034100
1594,779,788,1463197,15618,771185,5082000
1595,758,767,1462439,15609,771952,5418100
1596,782,816,1461657,15575,772768,5443000
1597,732,717,1460925,15590,773485,5030200
1598,776,792,1460149,15574,774277,5664200
1599,779,770,1459370,15583,775047,5222100
1600,817,843,1458553,15557,775890,5189000
1601,777,787,1457776,15547,776677,5405400
1602,822,769,1456954,15600,777446,5392000
1603,833,777,1456121,15656,778223,5833000
1604,781,772,1455340,15665,778995,8421900
1605,756,850,1454584,15571,779845,6626700
1606,822,738,1453762,15655,780583,14914000
1607,782,807,1452980,15630,781390,6951700
1608,796,761,1452184,15665,782151,6609700
1609,785,821,1451399,15629,782972,6336000
1610,772,745,1450627,15656,783717,6322100
1611,817,753,1449810,15720,784470,6321300
1612,783,770,1449027,15733,785240,6562300
1613,777,794,1448250,15716,786034,5469700
1614,787,812,1447463,15691,786846,6423800
1615,795,787,1446668,15699,787633,8242900
1616,793,768,1445875,15724,788401,5390500
1617,751,803,1445124,15672,789204,5178000
1618,803,748,1444321,15727,789952,4990400
1619,834,779,1443487,15782,790731,5021000
1620,839,774,1442648,15847,791505,5111100
1621,823,751,1441825,15919,792256,5071000
1622,822,795,1441003,15946,793051,5215500
1623,786,813,1440217,15919,793864,5090600
1624,815,800,1439402,15934,794664,4919200
1625,813,800,1438589,15947,795464,4873000
1626,830,748,1437759,16029,796212,4853800
1627,804,779,1436955,16054,796991,4898000
1628,824,751,1436131,16127,797742,5115900
1629,801,779,1435330,16149,798521,5066800
1630,785,834,1434545,16100,799355,4996800
1631,799,775,1433746,16124,800130,5079000
1632,785,855,1432961,16054,800985,4951500
1633,760,815,1432201,15999,801800,5144200
1634,781,839,1431420,15941,802639,5011400
1635,765,799,1430655,15907,803438,5242300
1636,776,710,1429879,15973,804148,5168000
1637,760,830,1429119,15903,804978,5498500
1638,763,828,1428356,15838,805806,5172900
1639,817,740,1427539,15915,806546,5300600
1640,758,779,1426781,15894,807325,5459400
1641,816,785,1425965,15925,808110,5091000
1642,781,793,1425184,15913,808903,5341400
1643,740,781,1424444,15872,809684,4955500
1644,812,799,1423632,15885,810483,5226500
1645,735,798,1422897,15822,811281,5212000
1646,723,812,1422174,15733,812093,4966100
1647,808,779,1421366,15762,812872,4946800
1648,807,724,1420559,15845,813596,4924500
1649,796,848,1419763,15793,814444,4925600
1650,783,821,1418980,15755,815265,4957600
1651,727,764,1418253,15718,816029,5014000
1652,798,764,1417455,15752,816793,5281200
1653,722,800,1416733,15674,817593,4938200
1654,747,783,1415986,15638,818376,5008800
1655,771,766,1415215,15643,819142,4860800
1656,772,809,1414443,15606,819951,5113300
1657,792,778,1413651,15620,820729,5059400
1658,773,725,1412878,15668,821454,4996300
1659,785,772,1412093,15681,822226,5061800
1660,731,789,1411362,15623,823015,5093300
1661,838,773,1410524,15688,823788,4885600
1662,818,836,1409706,15670,824624,5026700
1663,787,752,1408919,15705,825376,4912000
1664,803,774,1408116,15734,826150,4892300
1665,837,805,1407279,15766,826955,4896100
1666,806,804,1406473,15768,827759,4842900
1667,799,775,1405674,15792,828534,4927200
1668,838,783,1404836,15847,829317,4888000
1669,785,816,1404051,15816,830133,5030000
1670,765,791,1403286,15790,830924,4897400
1671,776,765,1402510,15801,831689,5151100
1672,847,813,1401663,15835,832502,4891700
1673,800,876,1400863,15759,833378,4987300
1674,811,769,1400052,15801,834147,4984200
1675,797,763,1399255,15835,834910,4873000
1676,714,801,1398541,15748,835711,5076900
1677,808,776,1397733,15780,836487,4996400
1678,817,733,1396916,15864,837220,4907600
1679,762,803,1396154,15823,838023,4976400
1680,761,817,1395393,15767,838840,4911800
1681,789,778,1394604,15778,839618,5011400
1682,737,794,1393867,15721,840412,5516600
1683,775,807,1393092,15689,841219,4984300
1684,755,811,1392337,15633,842030,4874600
1685,750,786,1391587,15597,842816,5151300
1686,764,739,1390823,15622,843555,5205500
1687,799,770,1390024,15651,844325,4965500
1688,761,748,1389263,15664,845073,5115600
1689,783,759,1388480,15688,845832,4959300
1690,790,765,1387690,15713,846597,4936700
1691,766,780,1386924,15699,847377,4941700
1692,748,812,1386176,15635,848189,5133200
1693,790,767,1385386,15658,848956,5061200
1694,744,797,1384642,15605,849753,5292300
1695,741,776,1383901,15570,850529,5115200
1696,786,767,1383115,15589,851296,5180200
1697,726,725,1382389,15590,852021,5094400
1698,752,772,1381637,15570,852793,4884400
1699,814,817,1380823,15567,853610,5015200
1700,758,762,1380065,15563,854372,4905500
1701,758,742,1379307,15579,855114,5030000
1702,777,728,1378530,15628,855842,4965100
1703,747,764,1377783,15611,856606,5174200
1704,789,748,1376994,15652,857354,4984800
1705,781,785,1376213,15648,858139,5092000
1706,793,792,1375420,15649,858931,5224800
1707,748,811,1374672,15586,859742,5530500
1708,789,785,1373883,15590,860527,5243100
1709,786,774,1373097,15602,861301,5217200
1710,802,781,1372295,15623,862082,5440700
1711,750,806,1371545,15567,862888,5201100
1712,805,768,1370740,15604,863656,5376600
1713,791,772,1369949,15623,864428,5108300
1714,801,741,1369148,15683,865169,5061300
1715,777,797,1368371,15663,865966,4923900
1716,760,817,1367611,15606,866783,5057800
1717,759,789,1366852,15576,867572,5126400
1718,742,812,1366110,15506,868384,5198200
1719,798,732,1365312,15572,869116,5036100
1720,762,771,1364550,15563,869887,5121000
1721,779,784,1363771,15558,870671,5125100
1722,746,790,1363025,15514,871461,4901000
1723,790,754,1362235,15550,872215,5105900
1724,771,780,1361464,15541,872995,5071600
1725,768,773,1360696,15536,873768,5021700
1726,783,746,1359913,15573,874514,5082900
1727,772,785,1359141,15560,875299,4959900
1728,734,721,1358407,15573,876020,4954100
1729,738,807,1357669,15504,876827,5039500
1730,749,826,1356920,15427,877653,5158800
1731,752,798,1356168,15381,878451,5056800
1732,774,743,1355394,15412,879194,4892200
1733,784,765,1354610,15431,879959,4908600
1734,780,767,1353830,15444,880726,4776600
1735,756,741,1353074,15459,881467,4852300
1736,776,803,1352298,15432,882270,4881700
1737,807,721,1351491,15518,882991,4890700
1738,793,799,1350698,15512,883790,4862200
1739,745,789,1349953,15468,884579,5003300
1740,786,785,1349167,15469,885364,5002500
1741,793,759,1348374,15503,886123,4895100
1742,769,776,1347605,15496,886899,4997600
1743,771,787,1346834,15480,887686,4848100
1744,788,776,1346046,15492,888462,4972700
1745,765,812,1345281,15445,889274,4857500
1746,778,731,1344503,15492,890005,5086800
1747,799,748,1343704,15543,890753,5018600
1748,808,776,1342896,15575,891529,4810700
1749,745,772,1342151,15548,892301,4704900
1750,772,782,1341379,15538,893083,4920800
1751,780,782,1340599,15536,893865,4979300
1752,784,755,1339815,15565,894620,4817700
1753,736,751,1339079,15550,895371,4921400
1754,766,819,1338313,15497,896190,5144600
1755,735,734,1337578,15498,896924,5018300
1756,785,724,1336793,15559,897648,5462900
1757,760,769,1336033,15550,898417,5110200
1758,794,772,1335239,15572,899189,4830900
1759,763,781,1334476,15554,899970,4903300
1760,794,785,1333682,15563,900755,4853500
1761,800,753,1332882,15610,901508,4906200
1762,802,773,1332080,15639,902281,4885400
1763,769,806,1331311,15602,903087,5848800
1764,768,807,1330543,15563,903894,5050900
1765,763,740,1329780,15586,904634,4969700
1766,812,784,1328968,15614,905418,4944200
1767,749,823,1328219,15540,906241,4980500
1768,750,764,1327469,15526,907005,5124500
1769,747,779,1326722,15494,907784,4979800
1770,748,769,1325974,15473,908553,5350300
1771,744,778,1325230,15439,909331,5454200
1772,749,802,1324481,15386,910133,5303400
1773,758,758,1323723,15386,910891,5047100
1774,680,781,1323043,15285,911672,4932700
1775,670,755,1322373,15200,912427,4852700
1776,776,782,1321597,15194,913209,4889700
1777,742,752,1320855,15184,913961,5010300
1778,764,739,1320091,15209,914700,5176400
1779,762,780,1319329,15191,915480,5482700
1780,740,749,1318589,15182,916229,5233800
1781,741,768,1317848,15155,916997,5298200
1782,826,709,1317022,15272,917706,5408600
1783,730,741,1316292,15261,918447,5537800
1784,741,741,1315551,15261,919188,5746500
1785,760,773,1314791,15248,919961,5586300
1786,743,755,1314048,15236,920716,5517000
1787,725,742,1313323,15219,921458,5493500
1788,757,765,1312566,15211,922223,5207300
1789,765,790,1311801,15186,923013,5627700
1790,727,773,1311074,15140,923786,5339700
1791,744,753,1310330,15131,924539,5773200
1792,709,745,1309621,15095,925284,5808400
1793,751,713,1308870,15133,925997,5578300
1794,770,767,1308100,15136,926764,5427900
1795,742,752,1307358,15126,927516,5416300
1796,723,757,1306635,15092,928273,5361200
1797,786,778,1305849,15100,929051,5733500
1798,713,752,1305136,15061,929803,5484400
1799,724,784,1304412,15001,930587,5429200
1800,733,775,1303679,14959,931362,5680700
1801,772,756,1302907,14975,932118,5523000
1802,753,717,1302154,15011,932835,6072100
1803,734,745,1301420,15000,933580,6274400
1804,766,740,1300654,15026,934320,5948600
1805,738,775,1299916,14989,935095,5697600
1806,740,764,1299176,14965,935859,6033500
1807,743,781,1298433,14927,936640,5631100
1808,711,761,1297722,14877,937401,5858800
1809,690,764,1297032,14803,938165,5664800
1810,691,756,1296341,14738,938921,5758900
1811,698,764,1295643,14672,939685,5525700
1812,716,743,1294927,14645,940428,5435900
1813,712,745,1294215,14612,941173,5574300
1814,710,739,1293505,14583,941912,5461000
1815,708,764,1292797,14527,942676,5951800
1816,735,737,1292062,14525,943413,6308600
1817,711,730,1291351,14506,944143,5850800
1818,714,729,1290637,14491,944872,5640600
1819,660,729,1289977,14422,945601,5768600
1820,736,720,1289241,14438,946321,5915000
1821,707,729,1288534,14416,947050,6354800
1822,673,742,1287861,14347,947792,5963500
1823,710,746,1287151,14311,948538,5588900
1824,712,689,1286439,14334,949227,5265200
1825,736,715,1285703,14355,949942,5553600
1826,769,735,1284934,14389,950677,5673300
1827,724,720,1284210,14393,951397,5337800
1828,708,717,1283502,14384,952114,5641700
1829,711,711,1282791,14384,952825,5644500
1830,752,702,1282039,14434,953527,5784500
1831,708,722,1281331,14420,954249,5542400
1832,693,677,1280638,14436,954926,5300100
1833,751,742,1279887,14445,955668,5744100
1834,715,734,1279172,14426,956402,5899100
1835,705,700,1278467,14431,957102,5477500
1836,723,760,1277744,14394,957862,5906800
1837,692,709,1277052,14377,958571,6852000
1838,706,684,1276346,14399,959255,5976300
1839,721,653,1275625,14467,959908,5919400
1840,694,733,1274931,14428,960641,5774400
1841,710,720,1274221,14418,961361,5694600
1842,707,694,1273514,14431,962055,5590900
1843,721,725,1272793,14427,962780,5636700
1844,698,699,1272095,14426,963479,5643000
1845,686,749,1271409,14363,964228,5647900
1846,717,688,1270692,14392,964916,5494000
1847,711,726,1269981,14377,965642,5578400
1848,698,753,1269283,14322,966395,5434300
1849,736,723,1268547,14335,967118,5721600
1850,749,755,1267798,14329,967873,5543800
1851,693,707,1267105,14315,968580,5689200
1852,703,655,1266402,14363,969235,5204500
1853,710,701,1265692,14372,969936,5884400
1854,687,715,1265005,14344,970651,6156300
1855,705,728,1264300,14321,971379,6365100
1856,670,767,1263630,14224,972146,5921400
1857,686,692,1262944,14218,972838,6270800
1858,687,761,1262257,14144,973599,5805000
1859,705,739,1261552,14110,974338,5606800
1860,656,689,1260896,14077,975027,5527400
1861,694,728,1260202,14043,975755,5696800
1862,718,686,1259484,14075,976441,5704000
1863,679,732,1258805,14022,977173,5459100
1864,707,682,1258098,14047,977855,5980600
1865,684,734,1257414,13997,978589,5420200
1866,729,717,1256685,14009,979306,5182300
1867,677,652,1256008,14034,979958,5171300
1868,711,699,1255297,14046,980657,5264300
1869,705,674,1254592,14077,981331,5166200
1870,691,647,1253901,14121,981978,5061900
1871,714,709,1253187,14126,982687,4934700
1872,652,689,1252535,14089,983376,5241900
1873,675,680,1251860,14084,984056,4996500
1874,703,733,1251157,14054,984789,5066400
1875,665,752,1250492,13967,985541,5373400
1876,691,654,1249801,14004,986195,5078800
1877,731,684,1249070,14051,986879,5179300
1878,700,694,1248370,14057,987573,5131100
1879,722,707,1247648,14072,988280,5093300
1880,648,722,1247000,13998,989002,4997500
1881,667,717,1246333,13948,989719,5097800
1882,663,743,1245670,13868,990462,5249100
1883,714,699,1244956,13883,991161,5302000
1884,689,703,1244267,13869,991864,5096600
1885,721,691,1243546,13899,992555,5198400
1886,721,676,1242825,13944,993231,5078500
1887,673,697,1242152,13920,993928,5135900
1888,731,670,1241421,13981,994598,5038400
1889,681,670,1240740,13992,995268,5351100
1890,668,680,1240072,13980,995948,5200600
1891,698,735,1239374,13943,996683,5124400
1892,728,680,1238646,13991,997363,5162600
1893,714,701,1237932,14004,998064,5328300
1894,700,704,1237232,14000,998768,5432300
1895,667,712,1236565,13955,999480,5434200
1896,729,706,1235836,13978,1000186,5119300
1897,685,736,1235151,13927,1000922,5148900
1898,701,701,1234450,13927,1001623,5219300
1899,710,682,1233740,13955,1002305,5136100
1900,695,709,1233045,13941,1003014,6179300
1901,740,670,1232305,14011,1003684,6004000
1902,660,657,1231645,14014,1004341,5151600
1903,719,671,1230926,14062,1005012,5944600
1904,757,716,1230169,14103,1005728,18393800
1905,716,706,1229453,14113,1006434,10964100
1906,689,673,1228764,14129,1007107,7468400
1907,707,692,1228057,14144,1007799,6443700
1908,692,681,1227365,14155,1008480,5925600
1909,722,682,1226643,14195,1009162,5844800
1910,745,693,1225898,14247,1009855,6913600
1911,709,730,1225189,14226,1010585,6428600
1912,655,715,1224534,14166,1011300,6616800
1913,677,731,1223857,14112,1012031,5957000
1914,691,719,1223166,14084,1012750,6058400
1915,684,692,1222482,14076,1013442,6629600
1916,709,666,1221773,14119,1014108,6917300
1917,719,654,1221054,14184,1014762,6108700
1918,694,663,1220360,14215,1015425,14008500
1919,682,677,1219678,14220,1016102,14055400
1920,710,713,1218968,14217,1016815,6472700
1921,717,693,1218251,14241,1017508,5796100
1922,686,737,1217565,14190,1018245,5606000
1923,709,728,1216856,14171,1018973,6154700
1924,718,724,1216138,14165,1019697,6552500
1925,716,709,1215422,14172,1020406,5811700
1926,665,717,1214757,14120,1021123,5913600
1927,710,667,1214047,14163,1021790,6030800
1928,663,689,1213384,14137,1022479,12088700
1929,716,702,1212668,14151,1023181,9510400
1930,677,688,1211991,14140,1023869,8799600
1931,679,697,1211312,14122,1024566,5528400
1932,653,739,1210659,14036,1025305,6219800
1933,672,678,1209987,14030,1025983,5352400
1934,703,714,1209284,14019,1026697,5195200
1935,655,697,1208629,13977,1027394,5174000
1936,688,677,1207941,13988,1028071,5161700
1937,719,666,1207222,14041,1028737,5121700
1938,682,709,1206540,14014,1029446,5454600
1939,670,697,1205870,13987,1030143,6692000
1940,654,674,1205216,13967,1030817,5430600
1941,625,694,1204591,13898,1031511,5358600
1942,651,747,1203940,13802,1032258,5357000
1943,633,708,1203307,13727,1032966,5919100
1944,668,672,1202639,13723,1033638,5300900
1945,675,717,1201964,13681,1034355,5216300
1946,673,689,1201291,13665,1035044,5094600
1947,713,668,1200578,13710,1035712,5052300
1948,662,687,1199916,13685,1036399,6014900
1949,629,671,1199287,13643,1037070,5081400
1950,660,694,1198627,13609,1037764,4976600
1951,665,698,1197962,13576,1038462,4800200
1952,629,699,1197333,13506,1039161,4916900
1953,702,669,1196631,13539,1039830,5328100
1954,648,660,1195983,13527,1040490,4741700
1955,666,665,1195317,13528,1041155,4747700
1956,600,658,1194717,13470,1041813,4753400
1957,643,667,1194074,13446,1042480,4963400
1958,683,696,1193391,13433,1043176,4926200
1959,644,697,1192747,13380,1043873,4993000
1960,647,668,1192100,13359,1044541,5306400
1961,701,720,1191399,13340,1045261,5047800
1962,681,663,1190718,13358,1045924,4758400
1963,657,664,1190061,13351,1046588,4783600
1964,633,642,1189428,13342,1047230,4776200
1965,695,689,1188733,13348,1047919,4953000
1966,713,602,1188020,13459,1048521,4973500
1967,677,633,1187343,13503,1049154,4916400
1968,654,634,1186689,13523,1049788,4794400
1969,707,649,1185982,13581,1050437,4915300
1970,679,682,1185303,13578,1051119,5110400
1971,633,647,1184670,13564,1051766,5361800
1972,686,658,1183984,13592,1052424,5883600
1973,716,636,1183268,13672,1053060,5095700
1974,702,728,1182566,13646,1053788,5302600
1975,682,691,1181884,13637,1054479,4917800
1976,630,689,1181254,13578,1055168,5308800
1977,696,689,1180558,13585,1055857,5003700
1978,674,654,1179884,13605,1056511,5308800
1979,674,691,1179210,13588,1057202,5419300
1980,712,656,1178498,13644,1057858,5016000
1981,691,724,1177807,13611,1058582,5189700
1982,735,695,1177072,13651,1059277,5153700
1983,686,659,1176386,13678,1059936,5139400
1984,749,709,1175637,13718,1060645,5853300
1985,714,654,1174923,13778,1061299,5805600
1986,738,668,1174185,13848,1061967,7330800
1987,731,658,1173454,13921,1062625,8468100
1988,667,707,1172787,13881,1063332,11527600
1989,724,718,1172063,13887,1064050,6782000
1990,731,712,1171332,13906,1064762,5872100
1991,649,699,1170683,13856,1065461,6557000
1992,720,694,1169963,13882,1066155,5889900
1993,715,655,1169248,13942,1066810,6126100
1994,686,677,1168562,13951,1067487,5472700
1995,681,718,1167881,13914,1068205,5514800
1996,738,700,1167143,13952,1068905,5264900
1997,695,678,1166448,13969,1069583,10114500
1998,702,728,1165746,13943,1070311,5942300
1999,712,696,1165034,13959,1071007,5295900
2000,656,685,1164378,13930,1071692,5089600
2001,634,655,1163744,13909,1072347,5041100
2002,661,705,1163083,13865,1073052,5044000
2003,708,677,1162375,13896,1073729,4963800
2004,675,736,1161700,13835,1074465,4883300
2005,647,694,1161053,13788,1075159,4873500
2006,704,751,1160349,13741,1075910,4869200
2007,695,647,1159654,13789,1076557,4860100
2008,683,711,1158971,13761,1077268,5078800
2009,701,682,1158270,13780,1077950,4860100
2010,688,643,1157582,13825,1078593,4964000
2011,692,772,1156890,13745,1079365,5054800
2012,637,711,1156253,13671,1080076,4951200
2013,732,708,1155521,13695,1080784,4834900
2014,649,673,1154872,13671,1081457,5030200
2015,651,729,1154221,13593,1082186,4873500
2016,676,695,1153545,13574,1082881,4863400
2017,685,704,1152860,13555,1083585,5311500
2018,640,705,1152220,13490,1084290,4944000
2019,624,708,1151596,13406,1084998,5003200
2020,620,677,1150976,13349,1085675,4872700
2021,680,678,1150296,13351,1086353,5141600
2022,662,678,1149634,13335,1087031,5241500
2023,633,665,1149001,13303,1087696,5171400
2024,665,643,1148336,13325,1088339,5318900
2025,647,645,1147689,13327,1088984,5341600
2026,666,678,1147023,13315,1089662,5154700
2027,626,713,1146397,13228,1090375,5195100
2028,660,618,1145737,13270,1090993,5181800
2029,677,611,1145060,13336,1091604,5346100
2030,709,705,1144351,13340,1092309,5260900
2031,655,652,1143696,13343,1092961,5479500
2032,662,631,1143034,13374,1093592,5294500
2033,650,640,1142384,13384,1094232,5431600
2034,669,708,1141715,13345,1094940,5312100
2035,663,731,1141052,13277,1095671,5284600
2036,665,645,1140387,13297,1096316,5715600
2037,633,682,1139754,13248,1096998,5226600
2038,661,629,1139093,13280,1097627,5297100
2039,660,673,1138433,13267,1098300,5250000
2040,689,663,1137744,13293,1098963,5128000
2041,651,669,1137093,13275,1099632,5061100
2042,644,633,1136449,13286,1100265,5158600
2043,622,656,1135827,13252,1100921,5327500
2044,706,737,1135121,13221,1101658,5233100
2045,716,650,1134405,13287,1102308,5518200
2046,656,622,1133749,13321,1102930,5446900
2047,680,650,1133069,13351,1103580,5188700
2048,679,692,1132390,13338,1104272,5161100
2049,676,671,1131714,13343,1104943,5177800
2050,629,635,1131085,13337,1105578,5911900
2051,676,689,1130409,13324,1106267,5465000
2052,690,675,1129719,13339,1106942,5239000
2053,732,655,1128987,13416,1107597,5340500
2054,679,690,1128308,13405,1108287,5368400
2055,633,690,1127675,13348,1108977,5336700
2056,647,623,1127028,13372,1109600,5300600
2057,650,715,1126378,13307,1110315,5344700
2058,666,687,1125712,13286,1111002,5156900
2059,674,652,1125038,13308,1111654,5084100
2060,638,690,1124400,13256,1112344,5368900
2061,615,703,1123785,13168,1113047,5115200
2062,700,619,1123085,13249,1113666,5354200
2063,630,636,1122455,13243,1114302,5236200
2064,629,670,1121826,13202,1114972,5607800
2065,675,675,1121151,13202,1115647,5770600
2066,659,655,1120492,13206,1116302,5471200
2067,623,652,1119869,13177,1116954,5281000
2068,652,641,1119217,13188,1117595,5618000
2069,685,653,1118532,13220,1118248,5330500
2070,664,703,1117868,13181,1118951,5357100
2071,621,654,1117247,13148,1119605,5241600
2072,638,633,1116609,13153,1120238,5173600
2073,644,663,1115965,13134,1120901,5332500
2074,651,632,1115314,13153,1121533,5594800
2075,618,665,1114696,13106,1122198,5317500
2076,676,648,1114020,13134,1122846,5347600
2077,631,643,1113389,13122,1123489,5302400
2078,665,662,1112724,13125,1124151,4996300
2079,667,679,1112057,13113,1124830,5178400
2080,660,702,1111397,13071,1125532,5089900
2081,671,667,1110726,13075,1126199,4855200
2082,673,604,1110053,13144,1126803,4840000
2083,673,643,1109380,13174,1127446,5036700
2084,702,653,1108678,13223,1128099,4930500
2085,671,674,1108007,13220,1128773,4813900
2086,681,646,1107326,13255,1129419,4815900
2087,670,640,1106656,13285,1130059,5437300
2088,666,695,1105990,13256,1130754,4936400
2089,677,672,1105313,13261,1131426,4948100
2090,692,655,1104621,13298,1132081,4972100
2091,685,614,1103936,13369,1132695,5206200
2092,703,683,1103233,13389,1133378,5356900
2093,693,665,1102540,13417,1134043,4876100
2094,639,653,1101901,13403,1134696,4876800
2095,634,693,1101267,13344,1135389,5297600
2096,695,655,1100572,13384,1136044,5318700
2097,630,616,1099942,13398,1136660,5087300
2098,710,647,1099232,13461,1137307,5263600
2099,709,647,1098523,13523,1137954,5102000
2100,641,659,1097882,13505,1138613,4975600
2101,663,626,1097219,13542,1139239,4940500
2102,639,672,1096580,13509,1139911,4963900
2103,693,691,1095887,13511,1140602,5132000
2104,662,661,1095225,13512,1141263,4915500
2105,694,689,1094531,13517,1141952,4928000
2106,711,653,1093820,13575,1142605,4912600
2107,681,674,1093139,13582,1143279,4817600
2108,688,668,1092451,13602,1143947,5209300
2109,653,684,1091798,13571,1144631,5133400
2110,730,695,1091068,13606,1145326,4957900
2111,673,697,1090395,13582,1146023,4871300
2112,633,714,1089762,13501,1146737,4844400
2113,615,660,1089147,13456,1147397,4832300
2114,688,650,1088459,13494,1148047,4951100
2115,675,686,1087784,13483,1148733,4867100
2116,679,627,1087105,13535,1149360,5028200
2117,641,683,1086464,13493,1150043,4880200
2118,686,674,1085778,13505,1150717,5164600
2119,638,695,1085140,13448,1151412,5317600
2120,658,669,1084482,13437,1152081,5112800
2121,642,658,1083840,13421,1152739,5309700
2122,634,669,1083206,13386,1153408,5235900
2123,668,660,1082538,13394,1154068,5354800
2124,642,664,1081896,13372,1154732,5211900
2125,639,646,1081257,13365,1155378,5120500
2126,656,672,1080601,13349,1156050,4906800
2127,687,655,1079914,13381,1156705,4932400
2128,663,654,1079251,13390,1157359,5244000
2129,653,716,1078598,13327,1158075,4984400
2130,678,660,1077920,13345,1158735,5103000
2131,649,675,1077271,13319,1159410,5027800
2132,654,674,1076617,13299,1160084,4940800
2133,617,694,1076000,13222,1160778,5075600
2134,631,665,1075369,13188,1161443,5092700
2135,623,660,1074746,13151,1162103,4921900
2136,637,650,1074109,13138,1162753,5082600
2137,660,687,1073449,13111,1163440,5124600
2138,609,686,1072840,13034,1164126,5121100
2139,663,673,1072177,13024,1164799,5044900
2140,635,635,1071542,13024,1165434,5129400
2141,636,647,1070906,13013,1166081,4988500
2142,660,635,1070246,13038,1166716,5104700
2143,680,631,1069566,13087,1167347,5208700
2144,663,663,1068903,13087,1168010,6060400
2145,639,625,1068264,13101,1168635,5474200
2146,678,694,1067586,13085,1169329,5223900
2147,689,649,1066897,13125,1169978,5729800
2148,633,645,1066264,13113,1170623,5113800
2149,678,634,1065586,13157,1171257,5149700
2150,633,635,1064953,13155,1171892,5098400
2151,644,677,1064309,13122,1172569,5206200
2152,628,639,1063681,13111,1173208,5184500
2153,683,660,1062998,13134,1173868,5101000
2154,733,671,1062265,13196,1174539,5500100
2155,682,664,1061583,13214,1175203,5175900
2156,659,639,1060924,13234,1175842,5205300
2157,652,608,1060272,13278,1176450,5145800
2158,671,627,1059601,13322,1177077,5102700
2159,679,713,1058922,13288,1177790,5503400
2160,668,717,1058254,13239,1178507,5094000
2161,643,658,1057611,13224,1179165,5317100
2162,651,628,1056960,13247,1179793,5177700
2163,657,640,1056303,13264,1180433,5123400
2164,708,644,1055595,13328,1181077,5556300
2165,709,662,1054886,13375,1181739,5763100
2166,704,632,1054182,13447,1182371,5809900
2167,677,670,1053505,13454,1183041,6116000
2168,685,672,1052820,13467,1183713,5763400
2169,678,616,1052142,13529,1184329,5489200
2170,671,670,1051471,13530,1184999,5966000
2171,669,654,1050802,13545,1185653,5790100
2172,704,691,1050098,13558,1186344,5632200
2173,668,661,1049430,13565,1187005,6156400
2174,671,620,1048759,13616,1187625,5669500
2175,706,687,1048053,13635,1188312,6084400
2176,668,684,1047385,13619,1188996,5574800
2177,670,711,1046715,13578,1189707,5584400
2178,684,669,1046031,13593,1190376,5354700
2179,704,679,1045327,13618,1191055,5453800
2180,669,681,1044658,13606,1191736,5361800
2181,667,677,1043991,13596,1192413,5570000
2182,630,678,1043361,13548,1193091,5525200
2183,622,668,1042739,13502,1193759,5183800
2184,649,656,1042090,13495,1194415,5524800
2185,654,654,1041436,13495,1195069,5633700
2186,698,694,1040738,13499,1195763,5595000
2187,655,702,1040083,13452,1196465,5431200
2188,673,694,1039410,13431,1197159,5518500
2189,695,643,1038715,13483,1197802,5707200
2190,632,627,1038083,13488,1198429,5601300
2191,662,693,1037421,13457,1199122,5330500
2192,637,644,1036784,13450,1199766,5564600
2193,669,648,1036115,13471,1200414,6295300
2194,672,687,1035443,13456,1201101,5569000
2195,640,668,1034803,13428,1201769,5729800
2196,709,720,1034094,13417,1202489,5885200
2197,700,656,1033394,13461,1203145,5221500
2198,715,714,1032679,13462,1203859,5245100
2199,682,714,1031997,13430,1204573,5183300
2200,631,651,1031366,13410,1205224,4999300
2201,615,654,1030751,13371,1205878,5237300
2202,649,639,1030102,13381,1206517,5094300
2203,642,659,1029460,13364,1207176,5288600
2204,678,667,1028782,13375,1207843,5323600
2205,662,689,1028120,13348,1208532,5098200
2206,633,652,1027487,13329,1209184,5321100
2207,649,639,1026838,13339,1209823,5469800
2208,716,683,1026122,13372,1210506,5324100
2209,629,682,1025493,13319,1211188,5331800
2210,665,697,1024828,13287,1211885,5031300
2211,655,666,1024173,13276,1212551,5204800
2212,691,653,1023482,13314,1213204,5280300
2213,668,648,1022814,13334,1213852,5079200
2214,658,718,1022156,13274,1214570,5173100
2215,643,703,1021513,13214,1215273,5452200
2216,647,656,1020866,13205,1215929,5345200
2217,619,622,1020247,13202,1216551,5537900
2218,631,699,1019616,13134,1217250,5652500
2219,663,664,1018953,13133,1217914,5465100
2220,671,670,1018282,13134,1218584,5253400
2221,688,649,1017594,13173,1219233,5534500
2222,681,702,1016913,13152,1219935,5081800
2223,635,637,1016278,13150,1220572,5522700
2224,642,668,1015636,13124,1221240,5410800
2225,630,666,1015006,13088,1221906,5147500
2226,666,661,1014340,13093,1222567,5361300
2227,682,619,1013658,13156,1223186,5722900
2228,673,640,1012985,13189,1223826,5430200
2229,639,654,1012346,13174,1224480,5674000
2230,663,649,1011683,13188,1225129,5221000
2231,646,688,1011037,13146,1225817,5332700
2232,643,682,1010394,13107,1226499,5356600
2233,664,663,1009730,13108,1227162,5373600
2234,654,644,1009076,13118,1227806,5225500
2235,627,668,1008449,13077,1228474,5085800
2236,650,667,1007799,13060,1229141,5173000
2237,633,666,1007166,13027,1229807,5163900
2238,646,640,1006520,13033,1230447,5170800
2239,629,652,1005891,13010,1231099,5118900
2240,617,677,1005274,12950,1231776,4982100
2241,677,632,1004597,12995,1232408,5521900
2242,673,620,1003924,13048,1233028,5475500
2243,639,616,1003285,13071,1233644,6057800
2244,681,601,1002604,13151,1234245,5712900
2245,651,640,1001953,13162,1234885,6046100
2246,628,700,1001325,13090,1235585,5564500
2247,669,624,1000656,13135,1236209,5432200
2248,637,643,1000019,13129,1236852,5729600
2249,607,644,999412,13092,1237496,5913400
2250,643,673,998769,13062,1238169,5436700
2251,610,659,998159,13013,1238828,5802400
2252,636,639,997523,13010,1239467,5695800
2253,658,668,996865,13000,1240135,5958700
2254,694,653,996171,13041,1240788,5515400
2255,612,625,995559,13028,1241413,5602700
2256,644,621,994915,13051,1242034,5420300
2257,659,612,994256,13098,1242646,6282900
2258,666,673,993590,13091,1243319,6419200
2259,694,653,992896,13132,1243972,5889700
2260,643,694,992253,13081,1244666,5918100
2261,648,616,991605,13113,1245282,5283700
2262,680,690,990925,13103,1245972,5407300
2263,657,668,990268,13092,1246640,5930700
2264,631,617,989637,13106,1247257,5508000
2265,676,653,988961,13129,1247910,5592500
2266,665,658,988296,13136,1248568,5416600
2267,635,646,987661,13125,1249214,5421200
2268,613,663,987048,13075,1249877,5999600
2269,643,662,986405,13056,1250539,5842200
2270,647,633,985758,13070,1251172,5795800
2271,664,660,985094,13074,1251832,5491600
2272,630,625,984464,13079,1252457,5642800
2273,674,628,983790,13125,1253085,5526800
2274,631,607,983159,13149,1253692,5720400
2275,643,634,982516,13158,1254326,5376600
2276,609,682,981907,13085,1255008,6204500
2277,634,635,981273,13084,1255643,6109100
2278,654,642,980619,13096,1256285,5613700
2279,695,637,979924,13154,1256922,5586300
2280,660,615,979264,13199,1257537,5485500
2281,679,634,978585,13244,1258171,5496700
2282,697,640,977888,13301,1258811,5516300
2283,641,661,977247,13281,1259472,5708700
2284,673,603,976574,13351,1260075,5696600
2285,661,665,975913,13347,1260740,5607700
2286,698,737,975215,13308,1261477,5532800
2287,703,656,974512,13355,1262133,6656900
2288,630,660,973882,13325,1262793,8011000
2289,645,682,973237,13288,1263475,5651300
2290,644,706,972593,13226,1264181,6426000
2291,664,685,971929,13205,1264866,17100000
2292,664,671,971265,13198,1265537,12517300
2293,632,632,970633,13198,1266169,5968000
2294,662,628,969971,13232,1266797,5992300
2295,615,717,969356,13130,1267514,6696100
2296,635,669,968721,13096,1268183,6633000
2297,637,669,968084,13064,1268852,6382200
2298,667,636,967417,13095,1269488,6555800
2299,621,710,966796,13006,1270198,5743900
2300,638,694,966158,12950,1270892,6538400
2301,608,651,965550,12907,1271543,6119700
2302,658,662,964892,12903,1272205,6531100
2303,618,627,964274,12894,1272832,6253000
2304,630,667,963644,12857,1273499,5765700
2305,632,673,963012,12816,1274172,5687400
2306,627,678,962385,12765,1274850,6033800
2307,639,621,961746,12783,1275471,5344900
2308,639,650,961107,12772,1276121,5344600
2309,645,617,960462,12800,1276738,5408700
2310,578,651,959884,12727,1277389,5289600
2311,650,617,959234,12760,1278006,5362500
2312,675,641,958559,12794,1278647,5174300
2313,619,676,957940,12737,1279323,5138600
2314,660,641,957280,12756,1279964,5074100
2315,651,566,956629,12841,1280530,5216100
2316,613,645,956016,12809,1281175,5176600
2317,654,629,955362,12834,1281804,4952100
2318,700,612,954662,12922,1282416,4947200
2319,645,605,954017,12962,1283021,4914500
2320,661,623,953356,13000,1283644,4972400
2321,703,657,952653,13046,1284301,5070600
2322,695,630,951958,13111,1284931,4929500
2323,714,665,951244,13160,1285596,4913700
2324,706,664,950538,13202,1286260,4878900
2325,680,662,949858,13220,1286922,4885900
2326,684,633,949174,13271,1287555,5015500
2327,667,665,948507,13273,1288220,5098500
2328,629,603,947878,13299,1288823,4824700
2329,667,640,947211,13326,1289463,5062700
2330,669,680,946542,13315,1290143,4996400
2331,698,694,945844,13319,1290837,5033000
2332,648,654,945196,13313,1291491,4958900
2333,655,729,944541,13239,1292220,5203100
2334,665,677,943876,13227,1292897,5157500
2335,628,646,943248,13209,1293543,5404700
2336,634,637,942614,13206,1294180,5549100
2337,617,639,941997,13184,1294819,5141600
2338,647,622,941350,13209,1295441,5263200
2339,655,642,940695,13222,1296083,5505400
2340,644,648,940051,13218,1296731,5391100
2341,671,679,939380,13210,1297410,5932900
2342,647,668,938733,13189,1298078,5504500
2343,602,678,938131,13113,1298756,5100300
2344,634,651,937497,13096,1299407,5314900
2345,634,690,936863,13040,1300097,5245800
2346,645,687,936218,12998,1300784,5205700
2347,663,649,935555,13012,1301433,5865000
2348,624,652,934931,12984,1302085,5113900
2349,616,608,934315,12992,1302693,5248500
2350,615,621,933700,12986,1303314,5180700
2351,649,617,933051,13018,1303931,5083700
2352,616,680,932435,12954,1304611,5145900
2353,610,647,931825,12917,1305258,5162000
2354,638,674,931187,12881,1305932,5115000
2355,658,642,930529,12897,1306574,5514500
2356,631,651,929898,12877,1307225,5329700
2357,622,625,929276,12874,1307850,5414000
2358,595,639,928681,12830,1308489,5394400
2359,628,631,928053,12827,1309120,5154400
2360,598,657,927455,12768,1309777,5191500
2361,648,642,926807,12774,1310419,5769100
2362,600,614,926207,12760,1311033,5316100
2363,620,619,925587,12761,1311652,5131700
2364,621,629,924966,12753,1312281,5304300
2365,610,625,924356,12738,1312906,5137200
2366,609,692,923747,12655,1313598,5426000
2367,636,639,923111,12652,1314237,5533300
2368,617,650,922494,12619,1314887,5328500
2369,618,620,921876,12617,1315507,5246400
2370,607,629,921269,12595,1316136,5580400
2371,604,639,920665,12560,1316775,5236200
2372,614,611,920051,12563,1317386,5360200
2373,642,608,919409,12597,1317994,5411700
2374,654,635,918755,12616,1318629,5604900
2375,655,612,918100,12659,1319241,5183200
2376,653,577,917447,12735,1319818,5585600
2377,596,633,916851,12698,1320451,5167900
2378,631,653,916220,12676,1321104,5135000
2379,687,606,915533,12757,1321710,5319400
2380,613,670,914920,12700,1322380,5478600
2381,638,611,914282,12727,1322991,5231500
2382,657,632,913625,12752,1323623,5219700
2383,586,619,913039,12719,1324242,5434700
2384,610,630,912429,12699,1324872,5249700
2385,669,620,911760,12748,1325492,5198100
2386,621,584,911139,12785,1326076,4851000
2387,635,614,910504,12806,1326690,5060600
2388,665,699,909839,12772,1327389,5473200
2389,628,637,909211,12763,1328026,5108200
2390,633,662,908578,12734,1328688,5074400
2391,637,606,907941,12765,1329294,4968700
2392,612,608,907329,12769,1329902,5113300
2393,685,607,906644,12847,1330509,4949300
2394,638,646,906006,12839,1331155,5336400
2395,611,664,905395,12786,1331819,4951300
2396,637,616,904758,12807,1332435,4873100
2397,646,656,904112,12797,1333091,4963300
2398,665,649,903447,12813,1333740,4993100
2399,635,613,902812,12835,1334353,4919700
2400,623,623,902189,12835,1334976,4965400
2401,636,661,901553,12810,1335637,4848900
2402,628,641,900925,12797,1336278,4814500
2403,643,643,900282,12797,1336921,4989200
2404,617,656,899665,12758,1337577,4827400
2405,663,631,899002,12790,1338208,4914500
2406,678,577,898324,12891,1338785,4878500
2407,680,654,897644,12917,1339439,5315000
2408,638,632,897006,12923,1340071,4870100
2409,652,624,896354,12951,1340695,4922700
2410,650,673,895704,12928,1341368,4964800
2411,629,669,895075,12888,1342037,4889800
2412,635,664,894440,12859,1342701,4990900
2413,638,643,893802,12854,1343344,4938000
2414,646,688,893156,12812,1344032,4890600
2415,623,652,892533,12783,1344684,4945400
2416,608,646,891925,12745,1345330,4981600
2417,633,600,891292,12778,1345930,4916500
2418,658,645,890634,12791,1346575,4905800
2419,622,662,890012,12751,1347237,4945500
2420,622,640,889390,12733,1347877,5040500
2421,596,641,888794,12688,1348518,5190300
2422,675,617,888119,12746,1349135,4854400
2423,636,658,887483,12724,1349793,4947500
2424,609,650,886874,12683,1350443,4984900
2425,650,644,886224,12689,1351087,5082800
2426,570,639,885654,12620,1351726,4977000
2427,649,599,885005,12670,1352325,5035000
2428,636,628,884369,12678,1352953,5001600
2429,634,624,883735,12688,1353577,4969400
2430,612,655,883123,12645,1354232,4996400
2431,620,663,882503,12602,1354895,5003100
2432,605,601,881898,12606,1355496,4803300
2433,620,646,881278,12580,1356142,4914800
2434,654,610,880624,12624,1356752,5157500
2435,623,594,880001,12653,1357346,4866600
2436,651,595,879350,12709,1357941,4783100
2437,616,615,878734,12710,1358556,4844500
2438,634,641,878100,12703,1359197,4807700
2439,625,636,877475,12692,1359833,4896400
2440,660,634,876815,12718,1360467,4954400
2441,652,636,876163,12734,1361103,4905400
2442,624,651,875539,12707,1361754,4901900
2443,608,711,874931,12604,1362465,5158300
2444,622,610,874309,12616,1363075,5192800
2445,591,645,873718,12562,1363720,5172600
2446,606,648,873112,12520,1364368,5211600
2447,622,622,872490,12520,1364990,5472800
2448,620,650,871870,12490,1365640,5146900
2449,644,579,871226,12555,1366219,5238000
2450,568,627,870658,12496,1366846,4933400
2451,574,631,870084,12439,1367477,5053100
2452,631,630,869453,12440,1368107,4912100
2453,583,616,868870,12407,1368723,4870900
2454,653,599,868217,12461,1369322,4972700
2455,623,642,867594,12442,1369964,5193500
2456,597,619,866997,12420,1370583,4972900
2457,616,608,866381,12428,1371191,4973300
2458,615,657,865766,12386,1371848,4974200
2459,594,606,865172,12374,1372454,4956800
2460,615,590,864557,12399,1373044,5141800
2461,639,599,863918,12439,1373643,5495200
2462,671,601,863247,12509,1374244,4983800
2463,655,622,862592,12542,1374866,5122000
2464,655,638,861937,12559,1375504,5029600
2465,673,641,861264,12591,1376145,5007700
2466,603,588,860661,12606,1376733,4950500
2467,622,657,860039,12571,1377390,5017200
2468,630,675,859409,12526,1378065,5038400
2469,578,619,858831,12485,1378684,4908500
2470,678,616,858153,12547,1379300,4904200
2471,635,569,857518,12613,1379869,4967900
2472,680,626,856838,12667,1380495,5003900
2473,655,660,856183,12662,1381155,5108900
2474,660,638,855523,12684,1381793,5547800
2475,618,574,854905,12728,1382367,5227900
2476,652,599,854253,12781,1382966,4894500
2477,615,679,853638,12717,1383645,4919700
2478,631,631,853007,12717,1384276,5032200
2479,621,636,852386,12702,1384912,4847900
2480,670,658,851716,12714,1385570,4904700
2481,611,592,851105,12733,1386162,5250200
2482,625,655,850480,12703,1386817,5030500
2483,652,639,849828,12716,1387456,4988400
2484,627,626,849201,12717,1388082,4916200
2485,619,668,848582,12668,1388750,4843700
2486,591,598,847991,12661,1389348,5041400
2487,601,647,847390,12615,1389995,5000000
2488,625,673,846765,12567,1390668,4818600
2489,621,609,846144,12579,1391277,5142000
2490,631,628,845513,12582,1391905,5218900
2491,625,650,844888,12557,1392555,5016600
2492,619,635,844269,12541,1393190,5294300
2493,627,634,843642,12534,1393824,4997400
2494,623,617,843019,12540,1394441,5147200
2495,588,632,842431,12496,1395073,5010100
2496,608,628,841823,12476,1395701,5016800
2497,601,606,841222,12471,1396307,4931800
2498,650,618,840572,12503,1396925,5090200
2499,621,646,839951,12478,1397571,5342400
2500,634,648,839317,12464,1398219,4968500
2501,659,606,838658,12517,1398825,4956200
2502,637,653,838021,12501,1399478,5036000
2503,636,616,837385,12521,1400094,4888200
2504,606,645,836779,12482,1400739,4965400
2505,613,604,836166,12491,1401343,4896000
2506,615,645,835551,12461,1401988,5060000
2507,616,602,834935,12475,1402590,4874300
2508,621,613,834314,12483,1403203,5104300
2509,589,645,833725,12427,1403848,5042100
2510,633,634,833092,12426,1404482,4918400
2511,640,620,832452,12446,1405102,5014700
2512,602,635,831850,12413,1405737,4836200
2513,595,582,831255,12426,1406319,5556700
2514,631,633,830624,12424,1406952,5103300
2515,633,645,829991,12412,1407597,4937300
2516,592,611,829399,12393,1408208,4929300
2517,661,603,828738,12451,1408811,4886100
2518,633,627,828105,12457,1409438,4898600
2519,653,684,827452,12426,1410122,4892000
2520,587,632,826865,12381,1410754,5038100
2521,608,577,826257,12412,1411331,4873800
2522,627,624,825630,12415,1411955,4824600
2523,617,610,825013,12422,1412565,4831100
2524,596,646,824417,12372,1413211,5118000
2525,610,601,823807,12381,1413812,5090100
2526,606,642,823201,12345,1414454,5065300
2527,612,592,822589,12365,1415046,4939600
2528,619,611,821970,12373,1415657,4957000
2529,618,607,821352,12384,1416264,4758500
2530,643,635,820709,12392,1416899,4882200
2531,645,665,820064,12372,1417564,5003600
2532,613,670,819451,12315,1418234,4834100
2533,670,622,818781,12363,1418856,4918700
2534,671,603,818110,12431,1419459,5134500
2535,615,654,817495,12392,1420113,4982100
2536,651,613,816844,12430,1420726,5030600
2537,662,656,816182,12436,1421382,4999000
2538,635,594,815547,12477,1421976,5117600
2539,674,621,814873,12530,1422597,5299300
2540,668,625,814205,12573,1423222,5099200
2541,642,650,813563,12565,1423872,5028600
2542,658,617,812905,12606,1424489,4957200
2543,606,659,812299,12553,1425148,5096800
2544,634,631,811665,12556,1425779,4967600
2545,626,637,811039,12545,1426416,4972500
2546,639,652,810400,12532,1427068,4926000
2547,658,587,809742,12603,1427655,4877500
2548,592,658,809150,12537,1428313,4841300
2549,625,596,808525,12566,1428909,4891000
2550,606,604,807919,12568,1429513,4745100
2551,606,641,807313,12533,1430154,4862500
2552,583,570,806730,12546,1430724,4832100
2553,607,599,806123,12554,1431323,5069300
2554,589,603,805534,12540,1431926,5064000
2555,650,647,804884,12543,1432573,4927300
2556,618,649,804266,12512,1433222,4895200
2557,602,642,803664,12472,1433864,5041700
2558,621,619,803043,12474,1434483,4926100
2559,584,579,802459,12479,1435062,4868600
2560,613,631,801846,12461,1435693,4903100
2561,602,624,801244,12439,1436317,4806900
2562,566,615,800678,12390,1436932,4762500
2563,610,655,800068,12345,1437587,4798200
2564,603,662,799465,12286,1438249,4853800
2565,597,618,798868,12265,1438867,5019100
2566,563,622,798305,12206,1439489,4884400
2567,619,604,797686,12221,1440093,4951500
2568,602,632,797084,12191,1440725,5095100
2569,599,595,796485,12195,1441320,4798600
2570,599,562,795886,12232,1441882,5145100
2571,582,556,795304,12258,1442438,4907100
2572,664,600,794640,12322,1443038,4875800
2573,669,612,793971,12379,1443650,5259600
2574,560,590,793411,12349,1444240,4810300
2575,576,587,792835,12338,1444827,4936700
2576,591,629,792244,12300,1445456,4895500
2577,585,591,791659,12294,1446047,4905400
2578,569,651,791090,12212,1446698,4816900
2579,593,621,790497,12184,1447319,4866000
2580,627,604,789870,12207,1447923,5050700
2581,624,611,789246,12220,1448534,5103800
2582,598,622,788648,12196,1449156,4860200
2583,598,601,788050,12193,1449757,5051200
2584,571,632,787479,12132,1450389,4834300
2585,632,635,786847,12129,1451024,4914500
2586,592,603,786255,12118,1451627,4891400
2587,605,580,785650,12143,1452207,4868000
2588,597,621,785053,12119,1452828,4866300
2589,581,606,784472,12094,1453434,5898500
2590,592,542,783880,12144,1453976,4751500
2591,563,617,783317,12090,1454593,4773100
2592,596,596,782721,12090,1455189,4810600
2593,580,628,782141,12042,1455817,4960900
2594,623,616,781518,12049,1456433,4924200
2595,611,572,780907,12088,1457005,4796000
2596,608,599,780299,12097,1457604,4985800
2597,592,606,779707,12083,1458210,4833200
2598,523,614,779184,11992,1458824,4898700
2599,555,575,778629,11972,1459399,4814200
2600,571,590,778058,11953,1459989,4878500
2601,571,596,777487,11928,1460585,4727300
2602,574,577,776913,11925,1461162,4973300
2603,587,586,776326,11926,1461748,4914100
2604,593,574,775733,11945,1462322,4831400
2605,567,660,775166,11852,1462982,5059500
2606,541,563,774625,11830,1463545,4992100
2607,614,609,774011,11835,1464154,5033100
2608,573,608,773438,11800,1464762,5172200
2609,556,624,772882,11732,1465386,5098700
2610,571,576,772311,11727,1465962,4810800
2611,528,596,771783,11659,1466558,5025000
2612,551,552,771232,11658,1467110,4870400
2613,549,564,770683,11643,1467674,5074000
2614,582,539,770101,11686,1468213,4989900
2615,584,604,769517,11666,1468817,5016500
2616,589,581,768928,11674,1469398,4724400
2617,561,584,768367,11651,1469982,4781200
2618,582,559,767785,11674,1470541,4880600
2619,604,570,767181,11708,1471111,5056000
2620,590,548,766591,11750,1471659,4947200
2621,574,539,766017,11785,1472198,4987700
2622,589,546,765428,11828,1472744,4865900
2623,568,634,764860,11762,1473378,4822200
2624,580,609,764280,11733,1473987,4974100
2625,575,629,763705,11679,1474616,4965800
2626,568,559,763137,11688,1475175,4894800
2627,574,615,762563,11647,1475790,5162000
2628,549,569,762014,11627,1476359,4846000
2629,545,565,761469,11607,1476924,4837000
2630,570,570,760899,11607,1477494,4831000
2631,531,576,760368,11562,1478070,4978100
2632,568,588,759800,11542,1478658,4897900
2633,554,556,759246,11540,1479214,5098000
2634,557,564,758689,11533,1479778,4909800
2635,548,618,758141,11463,1480396,4956500
2636,538,558,757603,11443,1480954,4835200
2637,523,561,757080,11405,1481515,4856300
2638,560,541,756520,11424,1482056,4856000
2639,528,599,755992,11353,1482655,4848200
2640,552,555,755440,11350,1483210,4911800
2641,540,581,754900,11309,1483791,5061100
2642,505,553,754395,11261,1484344,4898100
2643,544,543,753851,11262,1484887,4800800
2644,527,544,753324,11245,1485431,4899700
2645,554,565,752770,11234,1485996,4865000
2646,493,505,752277,11222,1486501,5132900
2647,531,558,751746,11195,1487059,5083200
2648,543,538,751203,11200,1487597,4931300
2649,525,565,750678,11160,1488162,4757500
2650,507,575,750171,11092,1488737,4885300
2651,545,536,749626,11101,1489273,4853700
2652,540,586,749086,11055,1489859,5136300
2653,532,545,748554,11042,1490404,4874600
2654,517,570,748037,10989,1490974,4876900
2655,507,556,747530,10940,1491530,4972400
2656,512,575,747018,10877,1492105,4986300
2657,527,517,746491,10887,1492622,4879000
2658,530,544,745961,10873,1493166,4987700
2659,520,586,745441,10807,1493752,5179500
2660,514,562,744927,10759,1494314,4961800
2661,509,559,744418,10709,1494873,5171600
2662,501,519,743917,10691,1495392,5601100
2663,534,570,743383,10655,1495962,5256200
2664,526,529,742857,10652,1496491,5049500
2665,527,576,742330,10603,1497067,5184500
2666,533,539,741797,10597,1497606,4976000
2667,540,527,741257,10610,1498133,4866500
2668,537,526,740720,10621,1498659,4854900
2669,518,491,740202,10648,1499150,4827200
2670,514,533,739688,10629,1499683,4820600
2671,501,521,739187,10609,1500204,4876500
2672,528,587,738659,10550,1500791,5263600
2673,488,528,738171,10510,1501319,4988500
2674,496,519,737675,10487,1501838,5029600
2675,528,514,737147,10501,1502352,4927700
2676,482,484,736665,10499,1502836,4924400
2677,531,489,736134,10541,1503325,5287700
2678,502,511,735632,10532,1503836,4929700
2679,493,549,735139,10476,1504385,4713400
2680,518,488,734621,10506,1504873,4980000
2681,532,545,734089,10493,1505418,4831400
2682,491,502,733598,10482,1505920,4728700
2683,484,539,733114,10427,1506459,4946500
2684,544,507,732570,10464,1506966,5018700
2685,541,510,732029,10495,1507476,4963500
2686,490,518,731539,10467,1507994,5073900
2687,495,536,731044,10426,1508530,5048800
2688,533,455,730511,10504,1508985,5008500
2689,503,548,730008,10459,1509533,5158200
2690,506,506,729502,10459,1510039,5178600
2691,563,510,728939,10512,1510549,5108700
2692,522,537,728417,10497,1511086,4913400
2693,538,528,727879,10507,1511614,5132100
2694,510,496,727369,10521,1512110,5005600
2695,526,526,726843,10521,1512636,4906400
2696,538,519,726305,10540,1513155,5140900
2697,533,539,725772,10534,1513694,5009800
2698,562,526,725210,10570,1514220,4904100
2699,519,538,724691,10551,1514758,4770700
2700,563,485,724128,10629,1515243,4868400
2701,545,487,723583,10687,1515730,4905500
2702,512,511,723071,10688,1516241,4955700
2703,531,549,722540,10670,1516790,4777800
2704,512,568,722028,10614,1517358,4834500
2705,550,538,721478,10626,1517896,4802400
2706,566,512,720912,10680,1518408,4788500
2707,554,516,720358,10718,1518924,4893600
2708,558,559,719800,10717,1519483,4839200
2709,484,534,719316,10667,1520017,4765800
2710,496,540,718820,10623,1520557,4816800
2711,538,517,718282,10644,1521074,4878500
2712,482,535,717800,10591,1521609,4894700
2713,509,514,717291,10586,1522123,4860100
2714,522,509,716769,10599,1522632,4974100
2715,525,512,716244,10612,1523144,4986900
2716,510,560,715734,10562,1523704,4782100
2717,507,546,715227,10523,1524250,4735300
2718,470,496,714757,10497,1524746,4755900
2719,506,531,714251,10472,1525277,4847300
2720,483,525,713768,10430,1525802,4813400
2721,438,513,713330,10355,1526315,4968300
2722,525,469,712805,10411,1526784,4792300
2723,486,519,712319,10378,1527303,4692500
2724,513,515,711806,10376,1527818,5099700
2725,515,504,711291,10387,1528322,4734100
2726,513,546,710778,10354,1528868,4859300
2727,489,489,710289,10354,1529357,4865900
2728,517,512,709772,10359,1529869,5170600
2729,500,518,709272,10341,1530387,4813000
2730,469,522,708803,10288,1530909,5025600
2731,493,509,708310,10272,1531418,4849300
2732,517,482,707793,10307,1531900,5169800
2733,497,542,707296,10262,1532442,4961500
2734,490,514,706806,10238,1532956,4818100
2735,544,506,706262,10276,1533462,4986300
2736,512,505,705750,10283,1533967,4930500
2737,516,531,705234,10268,1534498,5174800
2738,466,523,704768,10211,1535021,5049600
2739,467,504,704301,10174,1535525,4915600
2740,517,482,703784,10209,1536007,4900900
2741,497,538,703287,10168,1536545,5059800
2742,504,489,702783,10183,1537034,5362100
2743,507,536,702276,10154,1537570,5146000
2744,477,502,701799,10129,1538072,4882600
2745,511,536,701288,10104,1538608,4883300
2746,559,499,700729,10164,1539107,4999000
2747,479,477,700250,10166,1539584,4997000
2748,471,514,699779,10123,1540098,4917500
2749,487,549,699292,10061,1540647,4991900
2750,513,495,698779,10079,1541142,4822600
2751,475,500,698304,10054,1541642,4784300
2752,524,477,697780,10101,1542119,4920400
2753,491,470,697289,10122,1542589,5002400
2754,514,484,696775,10152,1543073,4985700
2755,517,492,696258,10177,1543565,4907100
2756,505,515,695753,10167,1544080,4919200
2757,500,485,695253,10182,1544565,5003600
2758,509,502,694744,10189,1545067,4768600
2759,493,517,694251,10165,1545584,4977200
2760,502,505,693749,10162,1546089,4793800
2761,520,528,693229,10154,1546617,4822800
2762,489,472,692740,10171,1547089,5056000
2763,495,512,692245,10154,1547601,4726200
2764,486,512,691759,10128,1548113,4771900
2765,494,511,691265,10111,1548624,4983600
2766,466,534,690799,10043,1549158,4775800
2767,489,521,690310,10011,1549679,4820300
2768,466,506,689844,9971,1550185,4940100
2769,503,515,689341,9959,1550700,4990300
2770,490,497,688851,9952,1551197,5050400
2771,460,486,688391,9926,1551683,5509700
2772,471,486,687920,9911,1552169,4927200
2773,471,458,687449,9924,1552627,4743900
2774,488,556,686961,9856,1553183,4997800
2775,525,520,686436,9861,1553703,4782900
2776,484,493,685952,9852,1554196,4815500
2777,476,547,685476,9781,1554743,4763500
2778,496,498,684980,9779,1555241,4706400
2779,446,483,684534,9742,1555724,4742700
2780,430,475,684104,9697,1556199,4783100
2781,477,472,683627,9702,1556671,5016400
2782,456,468,683171,9690,1557139,5010200
2783,471,524,682700,9637,1557663,5010400
2784,508,476,682192,9669,1558139,4852300
2785,489,489,681703,9669,1558628,4905900
2786,472,485,681231,9656,1559113,4985400
2787,492,510,680739,9638,1559623,4858800
2788,455,457,680284,9636,1560080,4730800
2789,493,508,679791,9621,1560588,4835000
2790,461,488,679330,9594,1561076,4947400
2791,459,459,678871,9594,1561535,5128000
2792,463,469,678408,9588,1562004,5188000
2793,427,494,677981,9521,1562498,5274300
2794,478,473,677503,9526,1562971,4771900
2795,475,436,677028,9565,1563407,4815100
2796,460,479,676568,9546,1563886,4814000
2797,495,485,676073,9556,1564371,4853800
2798,462,493,675611,9525,1564864,4856800
2799,478,494,675133,9509,1565358,4723800
2800,464,494,674669,9479,1565852,4758000
2801,471,444,674198,9506,1566296,4729900
2802,465,481,673733,9490,1566777,4868800
2803,465,465,673268,9490,1567242,4890000
2804,448,474,672820,9464,1567716,4782200
2805,445,497,672375,9412,1568213,4831600
2806,473,500,671902,9385,1568713,4703700
2807,454,492,671448,9347,1569205,4748400
2808,520,457,670928,9410,1569662,4819500
2809,443,429,670485,9424,1570091,4953600
2810,465,480,670020,9409,1570571,4899600
2811,467,432,669553,9444,1571003,4712200
2812,475,460,669078,9459,1571463,4728300
2813,447,452,668631,9454,1571915,4733400
2814,449,445,668182,9458,1572360,4857100
2815,472,479,667710,9451,1572839,4858300
2816,464,506,667246,9409,1573345,4835900
2817,462,461,666784,9410,1573806,4718400
2818,475,475,666309,9410,1574281,4778600
2819,499,461,665810,9448,1574742,4857700
2820,505,458,665305,9495,1575200,4878300
2821,461,489,664844,9467,1575689,4835300
2822,525,466,664319,9526,1576155,5149100
2823,479,481,663840,9524,1576636,4957600
2824,451,484,663389,9491,1577120,4959000
2825,472,446,662917,9517,1577566,4879800
2826,467,514,662450,9470,1578080,4916700
2827,473,450,661977,9493,1578530,4716100
2828,532,446,661445,9579,1578976,4899700
2829,495,439,660950,9635,1579415,4779800
2830,491,487,660459,9639,1579902,4776800
2831,498,506,659961,9631,1580408,4875300
2832,488,462,659473,9657,1580870,4894700
2833,496,487,658977,9666,1581357,4902100
2834,446,494,658531,9618,1581851,4778300
2835,430,495,658101,9553,1582346,4820100
2836,468,474,657633,9547,1582820,4901400
2837,496,489,657137,9554,1583309,4827300
2838,447,508,656690,9493,1583817,5094500
2839,434,451,656256,9476,1584268,5138800
2840,482,467,655774,9491,1584735,4924700
2841,440,496,655334,9435,1585231,4827100
2842,490,462,654844,9463,1585693,4917600
2843,481,466,654363,9478,1586159,4845300
2844,463,444,653900,9497,1586603,5247800
2845,463,439,653437,9521,1587042,4804900
2846,451,449,652986,9523,1587491,4686000
2847,478,476,652508,9525,1587967,5115900
2848,476,450,652032,9551,1588417,4777200
2849,466,473,651566,9544,1588890,5339400
2850,470,466,651096,9548,1589356,5261300
2851,431,476,650665,9503,1589832,5101300
2852,442,488,650223,9457,1590320,5056100
2853,471,469,649752,9459,1590789,4954700
2854,472,444,649280,9487,1591233,5018200
2855,470,501,648810,9456,1591734,4974000
2856,444,444,648366,9456,1592178,4982700
2857,480,438,647886,9498,1592616,4865300
2858,455,487,647431,9466,1593103,4886000
2859,481,467,646950,9480,1593570,5018100
2860,470,459,646480,9491,1594029,4942500
2861,477,497,646003,9471,1594526,4866200
2862,494,472,645509,9493,1594998,4875100
2863,452,484,645057,9461,1595482,5052900
2864,466,484,644591,9443,1595966,4985300
2865,473,459,644118,9457,1596425,4915800
2866,501,473,643617,9485,1596898,4998000
2867,412,488,643205,9409,1597386,5029400
2868,462,443,642743,9428,1597829,5000300
2869,501,480,642242,9449,1598309,4974100
2870,462,475,641780,9436,1598784,5070400
2871,472,478,641308,9430,1599262,4841300
2872,461,511,640847,9380,1599773,4846300
2873,483,439,640364,9424,1600212,4921400
2874,473,441,639891,9456,1600653,4910900
2875,419,462,639472,9413,1601115,4920900
2876,460,433,639012,9440,1601548,5277700
2877,482,477,638530,9445,1602025,5007400
2878,506,462,638024,9489,1602487,5001400
2879,454,468,637570,9475,1602955,4922700
2880,494,470,637076,9499,1603425,5003700
2881,430,472,636646,9457,1603897,4932400
2882,477,471,636169,9463,1604368,5026700
2883,496,477,635673,9482,1604845,4935700
2884,484,447,635189,9519,1605292,5135700
2885,447,493,634742,9473,1605785,4966500
2886,447,465,634295,9455,1606250,4915700
2887,494,476,633801,9473,1606726,4914000
2888,455,464,633346,9464,1607190,5083000
2889,466,463,632880,9467,1607653,5136200
2890,429,460,632451,9436,1608113,5299600
2891,462,415,631989,9483,1608528,5005800
2892,479,457,631510,9505,1608985,5210700
2893,479,440,631031,9544,1609425,5233100
2894,464,466,630567,9542,1609891,5110600
2895,456,489,630111,9509,1610380,5043700
2896,484,471,629627,9522,1610851,4944200
2897,456,505,629171,9473,1611356,5146100
2898,456,468,628715,9461,1611824,4932900
2899,464,482,628251,9443,1612306,5003500
2900,461,459,627790,9445,1612765,4987300
2901,472,479,627318,9438,1613244,4914800
2902,459,451,626859,9446,1613695,4787300
2903,463,480,626396,9429,1614175,5025100
2904,439,495,625957,9373,1614670,4963400
2905,444,474,625513,9343,1615144,4852400
2906,423,461,625090,9305,1615605,5030500
2907,454,429,624636,9330,1616034,4690900
2908,491,460,624145,9361,1616494,4933300
2909,441,447,623704,9355,1616941,4753100
2910,418,445,623286,9328,1617386,4865400
2911,440,436,622846,9332,1617822,4803900
2912,475,461,622371,9346,1618283,4878400
2913,467,460,621904,9353,1618743,4834800
2914,442,488,621462,9307,1619231,4927100
2915,433,457,621029,9283,1619688,4747800
2916,449,468,620580,9264,1620156,5035500
2917,420,473,620160,9211,1620629,4837400
2918,429,490,619731,9150,1621119,4821700
2919,417,464,619314,9103,1621583,4943700
2920,397,488,618917,9012,1622071,4910800
2921,453,434,618464,9031,1622505,4745400
2922,458,468,618006,9021,1622973,4736600
2923,423,451,617583,8993,1623424,4726000
2924,390,443,617193,8940,1623867,4762000
2925,436,463,616757,8913,1624330,4813100
2926,417,458,616340,8872,1624788,4906700
2927,431,434,615909,8869,1625222,4713600
2928,413,486,615496,8796,1625708,4714300
2929,421,439,615075,8778,1626147,4980200
2930,432,432,614643,8778,1626579,4838000
2931,454,455,614189,8777,1627034,4714300
2932,423,438,613766,8762,1627472,4934000
2933,424,456,613342,8730,1627928,4948200
2934,445,466,612897,8709,1628394,4724600
2935,436,450,612461,8695,1628844,4712000
2936,461,422,612000,8734,1629266,4641200
2937,426,450,611574,8710,1629716,4680800
2938,461,454,611113,8717,1630170,4866800
2939,411,419,610702,8709,1630589,4836200
2940,438,418,610264,8729,1631007,4790200
2941,477,454,609787,8752,1631461,4752800
2942,451,411,609336,8792,1631872,5230500
2943,451,400,608885,8843,1632272,4949900
2944,437,429,608448,8851,1632701,5056400
2945,434,482,608014,8803,1633183,4948600
2946,434,422,607580,8815,1633605,5013600
2947,455,492,607125,8778,1634097,5179800
2948,468,413,606657,8833,1634510,5950900
2949,405,401,606252,8837,1634911,6882700
2950,398,468,605854,8767,1635379,6984700
2951,429,424,605425,8772,1635803,6494700
2952,464,431,604961,8805,1636234,5806500
2953,457,423,604504,8839,1636657,6074300
2954,448,439,604056,8848,1637096,5692500
2955,426,454,603630,8820,1637550,5802100
2956,436,463,603194,8793,1638013,6335300
2957,418,414,602776,8797,1638427,5415300
2958,460,458,602316,8799,1638885,5380000
2959,389,423,601927,8765,1639308,5535000
2960,462,460,601465,8767,1639768,5623400
2961,433,414,601032,8786,1640182,6540900
2962,435,460,600597,8761,1640642,5354200
2963,431,459,600166,8733,1641101,5864700
2964,400,483,599766,8650,1641584,6189400
2965,410,416,599356,8644,1642000,5647700
2966,443,387,598913,8700,1642387,5733000
2967,420,470,598493,8650,1642857,5418700
2968,464,413,598029,8701,1643270,5279500
2969,405,446,597624,8660,1643716,5173200
2970,433,399,597191,8694,1644115,4981900
2971,466,439,596725,8721,1644554,5044900
2972,442,452,596283,8711,1645006,5411300
2973,432,422,595851,8721,1645428,5318000
2974,414,433,595437,8702,1645861,5102100
2975,442,395,594995,8749,1646256,5624200
2976,445,457,594550,8737,1646713,5125000
2977,467,438,594083,8766,1647151,4907900
2978,448,439,593635,8775,1647590,5025700
2979,450,442,593185,8783,1648032,5256700
2980,467,440,592718,8810,1648472,5124500
2981,381,451,592337,8740,1648923,5072600
2982,414,451,591923,8703,1649374,4991400
2983,424,462,591499,8665,1649836,4941400
2984,449,410,591050,8704,1650246,5208300
2985,427,497,590623,8634,1650743,5002800
2986,416,418,590207,8632,1651161,5025800
2987,430,423,589777,8639,1651584,5110300
2988,413,429,589364,8623,1652013,5217700
2989,390,432,588974,8581,1652445,5403100
2990,435,443,588539,8573,1652888,5229500
2991,399,459,588140,8513,1653347,5406600
2992,389,413,587751,8489,1653760,5362600
2993,420,425,587331,8484,1654185,5487500
2994,420,438,586911,8466,1654623,5041000
2995,423,408,586488,8481,1655031,5135600
2996,409,431,586079,8459,1655462,4891600
2997,404,395,585675,8468,1655857,4925600
2998,448,430,585227,8486,1656287,5042300
2999,426,416,584801,8496,1656703,5138200
3000,427,412,584374,8511,1657115,4931200
3001,410,397,583964,8524,1657512,4719200
3002,445,391,583519,8578,1657903,4892300
3003,428,422,583091,8584,1658325,5575100
3004,473,425,582618,8632,1658750,5893500
3005,430,421,582188,8641,1659171,5492100
3006,488,437,581700,8692,1659608,5251000
3007,461,411,581239,8742,1660019,4882700
3008,436,423,580803,8755,1660442,4928900
3009,458,441,580345,8772,1660883,5048400
3010,447,455,579898,8764,1661338,4849400
3011,484,452,579414,8796,1661790,6244200
3012,459,424,578955,8831,1662214,6158600
3013,464,440,578491,8855,1662654,5338000
3014,430,419,578061,8866,1663073,5212100
3015,483,438,577578,8911,1663511,5704900
3016,450,445,577128,8916,1663956,7165500
3017,424,465,576704,8875,1664421,6483900
3018,427,423,576277,8879,1664844,6717100
3019,420,453,575857,8846,1665297,5969300
3020,419,399,575438,8866,1665696,5797400
3021,403,402,575035,8867,1666098,6511300
3022,426,481,574609,8812,1666579,6498200
3023,414,450,574195,8776,1667029,5576200
3024,428,417,573767,8787,1667446,6191600
3025,434,420,573333,8801,1667866,5256600
3026,428,437,572905,8792,1668303,5098500
3027,431,412,572474,8811,1668715,5232100
3028,418,446,572056,8783,1669161,6002700
3029,423,435,571633,8771,1669596,5701300
3030,404,439,571229,8736,1670035,6425400
3031,452,451,570777,8737,1670486,5656000
3032,435,446,570342,8726,1670932,5495100
3033,436,466,569906,8696,1671398,5851800
3034,427,399,569479,8724,1671797,5609600
3035,423,384,569056,8763,1672181,5146800
3036,422,437,568634,8748,1672618,5451200
3037,419,460,568215,8707,1673078,5725900
3038,425,462,567790,8670,1673540,5682600
3039,364,448,567426,8586,1673988,5202600
3040,371,413,567055,8544,1674401,5992700
3041,382,423,566673,8503,1674824,5762800
3042,444,422,566229,8525,1675246,5517000
3043,398,438,565831,8485,1675684,5646600
3044,437,433,565394,8489,1676117,5535600
3045,435,461,564959,8463,1676578,5403300
3046,408,428,564551,8443,1677006,5424900
3047,429,438,564122,8434,1677444,6135800
3048,408,407,563714,8435,1677851,6100400
3049,402,416,563312,8421,1678267,5390500
3050,402,440,562910,8383,1678707,5432300
3051,397,421,562513,8359,1679128,5408000
3052,401,407,562112,8353,1679535,5473100
3053,456,395,561656,8414,1679930,5506400
3054,434,420,561222,8428,1680350,5603500
3055,410,410,560812,8428,1680760,5570700
3056,393,453,560419,8368,1681213,5277900
3057,399,428,560020,8339,1681641,5609600
3058,417,406,559603,8350,1682047,5331000
3059,407,424,559196,8333,1682471,5160500
3060,385,391,558811,8327,1682862,5047900
3061,427,443,558384,8311,1683305,5339700
3062,392,425,557992,8278,1683730,5527400
3063,451,370,557541,8359,1684100,5543300
3064,417,422,557124,8354,1684522,5185900
3065,409,420,556715,8343,1684942,5099100
3066,403,395,556312,8351,1685337,4948400
3067,454,399,555858,8406,1685736,5093000
3068,412,427,555446,8391,1686163,5154000
3069,420,403,555026,8408,1686566,5178600
3070,449,452,554577,8405,1687018,4864800
3071,404,424,554173,8385,1687442,4826900
3072,384,441,553789,8328,1687883,5292100
3073,440,394,553349,8374,1688277,4707400
3074,410,429,552939,8355,1688706,5069500
3075,454,412,552485,8397,1689118,4902700
3076,435,402,552050,8430,1689520,5160100
3077,436,418,551614,8448,1689938,5003000
3078,422,411,551192,8459,1690349,4925800
3079,415,394,550777,8480,1690743,5037500
3080,431,420,550346,8491,1691163,5217800
3081,401,445,549945,8447,1691608,5344200
3082,437,413,549508,8471,1692021,5193200
3083,467,422,549041,8516,1692443,5069100
3084,402,419,548639,8499,1692862,5100700
3085,433,447,548206,8485,1693309,5351000
3086,426,426,547780,8485,1693735,5284000
3087,447,412,547333,8520,1694147,5171600
3088,411,419,546922,8512,1694566,5228500
3089,415,437,546507,8490,1695003,5138100
3090,431,427,546076,8494,1695430,5116100
3091,452,445,545624,8501,1695875,4994900
3092,434,435,545190,8500,1696310,4874700
3093,436,432,544754,8504,1696742,4838500
3094,423,411,544331,8516,1697153,4772600
3095,417,429,543914,8504,1697582,4964400
3096,451,438,543463,8517,1698020,5014900
3097,366,459,543097,8424,1698479,4841900
3098,418,400,542679,8442,1698879,4821800
3099,461,417,542218,8486,1699296,5039700
3100,427,425,541791,8488,1699721,4921300
3101,432,422,541359,8498,1700143,4803000
3102,464,427,540895,8535,1700570,4769900
3103,434,382,540461,8587,1700952,4702800
3104,470,415,539991,8642,1701367,4978000
3105,447,407,539544,8682,1701774,4917700
3106,421,400,539123,8703,1702174,4805300
3107,430,440,538693,8693,1702614,4781900
3108,429,416,538264,8706,1703030,4961100
3109,438,445,537826,8699,1703475,4813300
3110,402,419,537424,8682,1703894,5044800
3111,443,390,536981,8735,1704284,4897000
3112,422,421,536559,8736,1704705,4744200
3113,441,425,536118,8752,1705130,4970800
3114,397,439,535721,8710,1705569,4819800
3115,410,477,535311,8643,1706046,4808100
3116,470,438,534841,8675,1706484,4848400
3117,422,449,534419,8648,1706933,5098800
3118,426,452,533993,8622,1707385,4906800
3119,443,437,533550,8628,1707822,4801700
3120,402,417,533148,8613,1708239,4899000
3121,411,422,532737,8602,1708661,4724900
3122,431,421,532306,8612,1709082,4929000
3123,421,421,531885,8612,1709503,4876900
3124,436,433,531449,8615,1709936,4851800
3125,439,442,531010,8612,1710378,4842000
3126,386,443,530624,8555,1710821,4786800
3127,403,421,530221,8537,1711242,4813100
3128,408,405,529813,8540,1711647,4699100
3129,397,393,529416,8544,1712040,5173300
3130,405,423,529011,8526,1712463,5224200
3131,398,447,528613,8477,1712910,4981900
3132,385,425,528228,8437,1713335,4924300
3133,451,438,527777,8450,1713773,5103300
3134,411,440,527366,8421,1714213,4744000
3135,402,468,526964,8355,1714681,5049300
3136,403,416,526561,8342,1715097,5288600
3137,422,426,526139,8338,1715523,5016200
3138,376,446,525763,8268,1715969,5136300
3139,385,419,525378,8234,1716388,5010000
3140,355,396,525023,8193,1716784,4952800
3141,366,437,524657,8122,1717221,4669600
3142,362,409,524295,8075,1717630,4904500
3143,376,397,523919,8054,1718027,4641500
3144,341,437,523578,7958,1718464,4950800
3145,412,403,523166,7967,1718867,4984800
3146,410,390,522756,7987,1719257,5066500
3147,402,393,522354,7996,1719650,4965500
3148,390,387,521964,7999,1720037,4958100
3149,393,365,521571,8027,1720402,4803800
3150,424,389,521147,8062,1720791,4706200
3151,383,401,520764,8044,1721192,4783300
3152,361,410,520403,7995,1721602,4653500
3153,421,402,519982,8014,1722004,4705100
3154,424,370,519558,8068,1722374,4836300
3155,433,395,519125,8106,1722769,4630000
3156,386,386,518739,8106,1723155,5043600
3157,372,419,518367,8059,1723574,5061400
3158,402,373,517965,8088,1723947,5010600
3159,421,405,517544,8104,1724352,4810000
3160,411,404,517133,8111,1724756,4863000
3161,414,399,516719,8126,1725155,4819200
3162,401,398,516318,8129,1725553,4816700
3163,393,417,515925,8105,1725970,4789500
3164,408,421,515517,8092,1726391,5063800
3165,422,399,515095,8115,1726790,4561400
3166,407,399,514688,8123,1727189,4715500
3167,421,446,514267,8098,1727635,4818400
3168,383,425,513884,8056,1728060,4754600
3169,408,392,513476,8072,1728452,4865100
3170,387,418,513089,8041,1728870,4650000
3171,350,417,512739,7974,1729287,4922800
3172,398,401,512341,7971,1729688,4866900
3173,383,387,511958,7967,1730075,4803700
3174,409,404,511549,7972,1730479,4913100
3175,394,397,511155,7969,1730876,5193800
3176,421,404,510734,7986,1731280,5370000
3177,390,410,510344,7966,1731690,5532600
3178,375,399,509969,7942,1732089,5461900
3179,405,414,509564,7933,1732503,5358800
3180,388,403,509176,7918,1732906,5562300
3181,402,402,508774,7918,1733308,5543200
3182,387,399,508387,7906,1733707,5245800
3183,393,405,507994,7894,1734112,5113700
3184,390,395,507604,7889,1734507,5135800
3185,384,404,507220,7869,1734911,5339300
3186,391,386,506829,7874,1735297,5285500
3187,426,384,506403,7916,1735681,5011400
3188,377,405,506026,7888,1736086,4963500
3189,379,390,505647,7877,1736476,5137900
3190,416,404,505231,7889,1736880,5138100
3191,397,385,504834,7901,1737265,5020100
3192,385,398,504449,7888,1737663,5361700
3193,409,379,504040,7918,1738042,5439000
3194,371,403,503669,7886,1738445,5483500
3195,394,388,503275,7892,1738833,4766300
3196,385,409,502890,7868,1739242,4761200
3197,400,413,502490,7855,1739655,5032700
3198,403,380,502087,7878,1740035,4902800
3199,391,388,501696,7881,1740423,4951500
3200,359,405,501337,7835,1740828,4845300
3201,388,388,500949,7835,1741216,4983400
3202,383,418,500566,7800,1741634,4999200
3203,382,388,500184,7794,1742022,4758200
3204,376,392,499808,7778,1742414,4949900
3205,380,387,499428,7771,1742801,4820000
3206,331,355,499097,7747,1743156,4965000
3207,382,391,498715,7738,1743547,4806800
3208,367,398,498348,7707,1743945,4880400
3209,376,385,497972,7698,1744330,4824300
3210,380,404,497592,7674,1744734,4982800
3211,384,393,497208,7665,1745127,4999100
3212,380,416,496828,7629,1745543,4965600
3213,385,411,496443,7603,1745954,5007400
3214,396,373,496047,7626,1746327,4781600
3215,367,392,495680,7601,1746719,4709500
3216,386,440,495294,7547,1747159,4811600
3217,370,378,494924,7539,1747537,4821100
3218,380,390,494544,7529,1747927,4778200
3219,366,396,494178,7499,1748323,4789100
3220,377,354,493801,7522,1748677,4786600
3221,359,389,493442,7492,1749066,4742600
3222,398,380,493044,7510,1749446,4995200
3223,346,388,492698,7468,1749834,4848500
3224,395,388,492303,7475,1750222,4899900
3225,397,382,491906,7490,1750604,4816900
3226,361,363,491545,7488,1750967,4878800
3227,374,373,491171,7489,1751340,4798400
3228,380,374,490791,7495,1751714,4755500
3229,362,329,490429,7528,1752043,5056400
3230,385,373,490044,7540,1752416,4715500
3231,386,394,489658,7532,1752810,4756700
3232,388,383,489270,7537,1753193,4741300
3233,397,395,488873,7539,1753588,4689600
3234,389,424,488484,7504,1754012,4854500
3235,369,408,488115,7465,1754420,4751000
3236,393,378,487722,7480,1754798,4720800
3237,384,391,487338,7473,1755189,4745500
3238,374,370,486964,7477,1755559,4855700
3239,364,368,486600,7473,1755927,5018700
3240,377,386,486223,7464,1756313,4804800
3241,373,359,485850,7478,1756672,4729500
3242,374,366,485476,7486,1757038,4766700
3243,385,366,485091,7505,1757404,4682300
3244,359,370,484732,7494,1757774,4682700
3245,382,378,484350,7498,1758152,4725900
3246,355,356,483995,7497,1758508,4837500
3247,360,352,483635,7505,1758860,4820900
3248,347,411,483288,7441,1759271,4798600
3249,357,361,482931,7437,1759632,4746100
3250,361,396,482570,7402,1760028,4974500
3251,356,358,482214,7400,1760386,4874800
3252,354,377,481860,7377,1760763,5205400
3253,394,370,481466,7401,1761133,5177000
3254,351,370,481115,7382,1761503,5002700
3255,344,376,480771,7350,1761879,5093500
3256,365,354,480406,7361,1762233,4995100
3257,388,332,480018,7417,1762565,4798100
3258,382,405,479636,7394,1762970,4957700
3259,360,351,479276,7403,1763321,4797200
3260,376,409,478900,7370,1763730,4814200
3261,404,394,478496,7380,1764124,4600300
3262,360,382,478136,7358,1764506,4771100
3263,394,360,477742,7392,1764866,5064300
3264,366,335,477376,7423,1765201,4947100
3265,319,353,477057,7389,1765554,4882500
3266,407,375,476650,7421,1765929,4823700
3267,348,360,476302,7409,1766289,4923500
3268,360,375,475942,7394,1766664,4823800
3269,368,355,475574,7407,1767019,4934800
3270,392,407,475182,7392,1767426,4757400
3271,369,376,474813,7385,1767802,4781200
3272,333,383,474480,7335,1768185,4825500
3273,351,352,474129,7334,1768537,4904300
3274,349,376,473780,7307,1768913,4763000
3275,363,341,473417,7329,1769254,4912500
3276,360,333,473057,7356,1769587,4967400
3277,365,355,472692,7366,1769942,5177600
3278,347,385,472345,7328,1770327,4929800
3279,347,354,471998,7321,1770681,4787100
3280,345,379,471653,7287,1771060,4910900
3281,348,342,471305,7293,1771402,4976000
3282,349,349,470956,7293,1771751,4767500
3283,320,361,470636,7252,1772112,4669000
3284,343,376,470293,7219,1772488,4897200
3285,367,382,469926,7204,1772870,4815100
3286,391,355,469535,7240,1773225,4905600
3287,380,346,469155,7274,1773571,5175800
3288,371,373,468784,7272,1773944,4988100
3289,357,388,468427,7241,1774332,4812200
3290,349,334,468078,7256,1774666,5326900
3291,364,368,467714,7252,1775034,5044800
3292,343,353,467371,7242,1775387,4948000
3293,350,386,467021,7206,1775773,4908300
3294,386,359,466635,7233,1776132,4930800
3295,346,356,466289,7223,1776488,4903500
3296,361,380,465928,7204,1776868,4811700
3297,373,341,465555,7236,1777209,4711700
3298,356,372,465199,7220,1777581,4745200
3299,332,392,464867,7160,1777973,4889700
3300,346,372,464521,7134,1778345,4736800
3301,390,371,464131,7153,1778716,4916300
3302,377,351,463754,7179,1779067,4834000
3303,338,331,463416,7186,1779398,4752300
3304,361,358,463055,7189,1779756,4871600
3305,397,333,462658,7253,1780089,4684300
3306,371,364,462287,7260,1780453,4833700
3307,336,378,461951,7218,1780831,4826500
3308,344,377,461607,7185,1781208,4828600
3309,415,367,461192,7233,1781575,4977300
3310,391,353,460801,7271,1781928,4721500
3311,360,372,460441,7259,1782300,4969600
3312,344,362,460097,7241,1782662,4842100
3313,383,374,459714,7250,1783036,4777300
3314,338,345,459376,7243,1783381,4892500
3315,358,355,459018,7246,1783736,4869000
3316,376,373,458642,7249,1784109,4817700
3317,361,370,458281,7240,1784479,4778900
3318,371,362,457910,7249,1784841,4814600
3319,363,344,457547,7268,1785185,4875200
3320,368,395,457179,7241,1785580,5127200
3321,377,416,456802,7202,1785996,5036000
3322,360,355,456442,7207,1786351,5250500
3323,376,349,456066,7234,1786700,4877900
3324,332,359,455734,7207,1787059,4932400
3325,362,361,455372,7208,1787420,4964500
3326,337,360,455035,7185,1787780,4891700
3327,350,387,454685,7148,1788167,4905000
3328,342,349,454343,7141,1788516,4815900
3329,368,351,453975,7158,1788867,5058800
3330,343,377,453632,7124,1789244,4919400
3331,342,376,453290,7090,1789620,5012500
3332,391,357,452899,7124,1789977,4766600
3333,349,343,452550,7130,1790320,4846300
3334,348,359,452202,7119,1790679,4952100
3335,386,367,451816,7138,1791046,5493600
3336,389,370,451427,7157,1791416,4891200
3337,360,356,451067,7161,1791772,4852300
3338,376,344,450691,7193,1792116,4902800
3339,340,354,450351,7179,1792470,5187100
3340,358,349,449993,7188,1792819,5157600
3341,364,387,449629,7165,1793206,5302500
3342,391,375,449238,7181,1793581,5053800
3343,378,363,448860,7196,1793944,4783500
3344,370,383,448490,7183,1794327,4787400
3345,368,366,448122,7185,1794693,4800700
3346,365,345,447757,7205,1795038,4912300
3347,382,405,447375,7182,1795443,5209600
3348,347,347,447028,7182,1795790,4927200
3349,379,349,446649,7212,1796139,4911700
3350,357,343,446292,7226,1796482,4812900
3351,387,359,445905,7254,1796841,4991500
3352,359,377,445546,7236,1797218,4786000
3353,363,372,445183,7227,1797590,4756100
3354,348,373,444835,7202,1797963,4682400
3355,349,346,444486,7205,1798309,4687300
3356,359,359,444127,7205,1798668,4632200
3357,350,355,443777,7200,1799023,4752300
3358,376,383,443401,7193,1799406,4787300
3359,379,361,443022,7211,1799767,4995600
3360,341,359,442681,7193,1800126,4842600
3361,346,359,442335,7180,1800485,5036500
3362,370,373,441965,7177,1800858,5060500
3363,338,369,441627,7146,1801227,4917600
3364,361,325,441266,7182,1801552,4809000
3365,358,325,440908,7215,1801877,4688900
3366,351,389,440557,7177,1802266,4805200
3367,339,338,440218,7178,1802604,4664500
3368,356,382,439862,7152,1802986,4711100
3369,355,347,439507,7160,1803333,4650600
3370,357,365,439150,7152,1803698,4781500
3371,329,370,438821,7111,1804068,4847100
3372,360,359,438461,7112,1804427,4756500
3373,331,371,438130,7072,1804798,4743700
3374,394,344,437736,7122,1805142,4796300
3375,372,343,437364,7151,1805485,5057900
3376,373,398,436991,7126,1805883,5299700
3377,350,358,436641,7118,1806241,4853800
3378,348,381,436293,7085,1806622,4777900
3379,381,348,435912,7118,1806970,5086300
3380,366,368,435546,7116,1807338,4973600
3381,357,331,435189,7142,1807669,4751100
3382,362,379,434827,7125,1808048,4798100
3383,366,381,434461,7110,1808429,4697900
3384,360,355,434101,7115,1808784,4702700
3385,346,392,433755,7069,1809176,4744700
3386,337,336,433418,7070,1809512,4856100
3387,355,354,433063,7071,1809866,4662500
3388,338,355,432725,7054,1810221,4775100
3389,354,368,432371,7040,1810589,4949300
3390,349,363,432022,7026,1810952,5045300
3391,350,354,431672,7022,1811306,5130200
3392,354,348,431318,7028,1811654,5207900
3393,329,380,430989,6977,1812034,4830300
3394,345,346,430644,6976,1812380,4888100
3395,323,372,430321,6927,1812752,4821700
3396,356,339,429965,6944,1813091,4619000
3397,347,365,429618,6926,1813456,4609300
3398,362,373,429256,6915,1813829,4749400
3399,327,336,428929,6906,1814165,4604900
3400,329,334,428600,6901,1814499,4641700
3401,337,355,428263,6883,1814854,4673600
3402,346,340,427917,6889,1815194,4796800
3403,353,354,427564,6888,1815548,4905900
3404,377,344,427187,6921,1815892,4708700
3405,341,348,426846,6914,1816240,4949100
3406,380,333,426466,6961,1816573,4655800
3407,346,325,426120,6982,1816898,4655900
3408,368,355,425752,6995,1817253,4860800
3409,349,395,425403,6949,1817648,4755100
3410,345,344,425058,6950,1817992,4735700
3411,311,349,424747,6912,1818341,4878000
3412,330,379,424417,6863,1818720,4716400
3413,330,378,424087,6815,1819098,4732300
3414,325,352,423762,6788,1819450,4679400
3415,340,341,423422,6787,1819791,4898100
3416,333,320,423089,6800,1820111,4916800
3417,325,389,422764,6736,1820500,5005400
3418,315,333,422449,6718,1820833,4843800
3419,322,333,422127,6707,1821166,4849200
3420,304,310,421823,6701,1821476,4975400
3421,310,317,421513,6694,1821793,4893100
3422,333,344,421180,6683,1822137,4758600
3423,354,331,420826,6706,1822468,4893400
3424,340,341,420486,6705,1822809,4835500
3425,338,342,420148,6701,1823151,4793600
3426,314,329,419834,6686,1823480,4765500
3427,312,331,419522,6667,1823811,4630900
3428,337,332,419185,6672,1824143,4815600
3429,326,322,418859,6676,1824465,4839500
3430,313,330,418546,6659,1824795,4784200
3431,297,327,418249,6629,1825122,4817800
3432,339,341,417910,6627,1825463,4733200
3433,291,347,417619,6571,1825810,4726800
3434,334,323,417285,6582,1826133,4904900
3435,316,343,416969,6555,1826476,4757000
3436,280,307,416689,6528,1826783,4828400
3437,339,321,416350,6546,1827104,4901900
3438,356,337,415994,6565,1827441,4712700
3439,348,318,415646,6595,1827759,4746500
3440,322,334,415324,6583,1828093,4680100
3441,302,307,415022,6578,1828400,4675900
3442,315,349,414707,6544,1828749,4627700
3443,298,303,414409,6539,1829052,4667900
3444,285,315,414124,6509,1829367,4718500
3445,323,319,413801,6513,1829686,4768600
3446,299,331,413502,6481,1830017,4637400
3447,305,338,413197,6448,1830355,4659000
3448,310,305,412887,6453,1830660,4714800
3449,331,343,412556,6441,1831003,4747800
3450,340,343,412216,6438,1831346,4825900
3451,329,287,411887,6480,1831633,4662200
3452,305,343,411582,6442,1831976,4771400
3453,322,318,411260,6446,1832294,4785600
3454,323,357,410937,6412,1832651,5024900
3455,338,319,410599,6431,1832970,4748700
3456,313,312,410286,6432,1833282,4673200
3457,325,294,409961,6463,1833576,4879800
3458,357,323,409604,6497,1833899,4752300
3459,327,332,409277,6492,1834231,4712200
3460,317,342,408960,6467,1834573,4728900
3461,332,304,408628,6495,1834877,4670600
3462,322,303,408306,6514,1835180,4613000
3463,334,339,407972,6509,1835519,4756100
3464,297,320,407675,6486,1835839,4801000
3465,341,346,407334,6481,1836185,4716700
3466,313,301,407021,6493,1836486,4755800
3467,300,334,406721,6459,1836820,4688600
3468,310,327,406411,6442,1837147,4631300
3469,328,328,406083,6442,1837475,4577000
3470,323,335,405760,6430,1837810,4666700
3471,338,347,405422,6421,1838157,4879400
3472,302,273,405120,6450,1838430,4720200
3473,296,354,404824,6392,1838784,4740600
3474,318,317,404506,6393,1839101,4687000
3475,294,308,404212,6379,1839409,4643500
3476,297,308,403915,6368,1839717,4709000
3477,303,340,403612,6331,1840057,4801600
3478,311,312,403301,6330,1840369,4832800
3479,311,314,402990,6327,1840683,4610600
3480,302,327,402688,6302,1841010,4741700
3481,326,316,402362,6312,1841326,4554000
3482,313,337,402049,6288,1841663,4629300
3483,334,274,401715,6348,1841937,4763800
3484,313,351,401402,6310,1842288,4729700
3485,357,301,401045,6366,1842589,4714500
3486,307,345,400738,6328,1842934,4835400
3487,313,325,400425,6316,1843259,4791400
3488,303,325,400122,6294,1843584,4724500
3489,311,278,399811,6327,1843862,4852800
3490,337,289,399474,6375,1844151,5239900
3491,305,350,399169,6330,1844501,5214700
3492,307,312,398862,6325,1844813,5873300
3493,293,294,398569,6324,1845107,5508300
3494,320,293,398249,6351,1845400,5366900
3495,291,299,397958,6343,1845699,5406900
3496,297,317,397661,6323,1846016,5999800
3497,304,314,397357,6313,1846330,5240200
3498,313,304,397044,6322,1846634,5181500
3499,315,318,396729,6319,1846952,5312400
3500,300,319,396429,6300,1847271,5293700
3501,302,320,396127,6282,1847591,5781200
3502,288,306,395839,6264,1847897,5062800
3503,355,316,395484,6303,1848213,5712100
3504,280,303,395204,6280,1848516,5258200
3505,291,310,394913,6261,1848826,5202700
3506,289,333,394624,6217,1849159,4992000
3507,304,309,394320,6212,1849468,5052700
3508,328,357,393992,6183,1849825,4763500
3509,290,290,393702,6183,1850115,4723900
3510,283,307,393419,6159,1850422,4884800
3511,288,303,393131,6144,1850725,4843300
3512,313,330,392818,6127,1851055,4738300
3513,309,306,392509,6130,1851361,4928500
3514,312,304,392197,6138,1851665,4820300
3515,325,326,391872,6137,1851991,4738800
3516,303,290,391569,6150,1852281,4883300
3517,275,303,391294,6122,1852584,5038200
3518,263,299,391031,6086,1852883,4876700
3519,291,301,390740,6076,1853184,4736800
3520,337,343,390403,6070,1853527,4804000
3521,315,310,390088,6075,1853837,4846300
3522,313,295,389775,6093,1854132,4831600
3523,335,313,389440,6115,1854445,4787700
3524,316,288,389124,6143,1854733,4658800
3525,302,304,388822,6141,1855037,4764400
3526,300,298,388522,6143,1855335,4689400
3527,324,280,388198,6187,1855615,4776900
3528,315,266,387883,6236,1855881,4654900
3529,303,299,387580,6240,1856180,4623900
3530,319,304,387261,6255,1856484,4784400
3531,329,295,386932,6289,1856779,4712100
3532,330,319,386602,6300,1857098,4647400
3533,320,340,386282,6280,1857438,4631200
3534,316,304,385966,6292,1857742,4730700
3535,312,303,385654,6301,1858045,4666600
3536,306,332,385348,6275,1858377,4770600
3537,277,353,385071,6199,1858730,4919700
3538,295,306,384776,6188,1859036,4605100
3539,312,341,384464,6159,1859377,4889500
3540,308,319,384156,6148,1859696,5026500
3541,274,295,383882,6127,1859991,4819400
3542,296,320,383586,6103,1860311,4748400
3543,320,320,383266,6103,1860631,5172800
3544,279,333,382987,6049,1860964,4782600
3545,303,298,382684,6054,1861262,4893500
3546,281,312,382403,6023,1861574,5094100
3547,315,299,382088,6039,1861873,4664800
3548,264,300,381824,6003,1862173,4596300
3549,323,315,381501,6011,1862488,4759000
3550,261,302,381240,5970,1862790,4822000
3551,261,334,380979,5897,1863124,4920500
3552,286,294,380693,5889,1863418,4923300
3553,291,300,380402,5880,1863718,4781600
3554,264,277,380138,5867,1863995,4638700
3555,257,309,379881,5815,1864304,5172400
3556,270,300,379611,5785,1864604,4713800
3557,259,289,379352,5755,1864893,4868400
3558,299,306,379053,5748,1865199,4907600
3559,297,290,378756,5755,1865489,4886900
3560,294,290,378462,5759,1865779,4522500
3561,272,285,378190,5746,1866064,4850400
3562,287,277,377903,5756,1866341,4982500
3563,251,287,377652,5720,1866628,4752700
3564,279,300,377373,5699,1866928,4705000
3565,280,290,377093,5689,1867218,4606900
3566,275,296,376818,5668,1867514,4826100
3567,264,278,376554,5654,1867792,4883300
3568,271,282,376283,5643,1868074,4692100
3569,273,274,376010,5642,1868348,4722400
3570,270,258,375740,5654,1868606,4616700
3571,280,311,375460,5623,1868917,4651400
3572,297,298,375163,5622,1869215,4638700
3573,290,276,374873,5636,1869491,4585900
3574,284,275,374589,5645,1869766,4721500
3575,287,281,374302,5651,1870047,4528500
3576,279,262,374023,5668,1870309,4774500
3577,282,312,373741,5638,1870621,4848400
3578,303,268,373438,5673,1870889,4697000
3579,318,306,373120,5685,1871195,5001900
3580,281,273,372839,5693,1871468,5160100
3581,267,288,372572,5672,1871756,5235900
3582,318,259,372254,5731,1872015,5256200
3583,290,284,371964,5737,1872299,5183600
3584,285,287,371679,5735,1872586,4962500
3585,289,311,371390,5713,1872897,4848800
3586,282,292,371108,5703,1873189,4843500
3587,275,254,370833,5724,1873443,4840600
3588,303,262,370530,5765,1873705,4787600
3589,317,308,370213,5774,1874013,4739000
3590,293,282,369920,5785,1874295,4959000
3591,301,285,369619,5801,1874580,5082200
3592,281,273,369338,5809,1874853,4968300
3593,278,299,369060,5788,1875152,5105300
3594,262,291,368798,5759,1875443,4944100
3595,283,286,368515,5756,1875729,6048200
3596,295,288,368220,5763,1876017,5237200
3597,332,282,367888,5813,1876299,5107000
3598,296,274,367592,5835,1876573,5461800
3599,326,284,367266,5877,1876857,5029700
3600,323,279,366943,5921,1877136,4978800
3601,307,302,366636,5926,1877438,4954300
3602,315,305,366321,5936,1877743,4794400
3603,301,273,366020,5964,1878016,4936000
3604,318,293,365702,5989,1878309,4855900
3605,298,302,365404,5985,1878611,4818100
3606,271,306,365133,5950,1878917,4912500
3607,277,284,364856,5943,1879201,4848800
3608,321,308,364535,5956,1879509,4765700
3609,313,280,364222,5989,1879789,4826400
3610,297,316,363925,5970,1880105,4899400
3611,304,314,363621,5960,1880419,4835200
3612,298,306,363323,5952,1880725,4783200
3613,323,296,363000,5979,1881021,4878700
3614,268,314,362732,5933,1881335,4673000
3615,310,284,362422,5959,1881619,4715400
3616,268,298,362154,5929,1881917,4841900
3617,297,282,361857,5944,1882199,4745600
3618,302,322,361555,5924,1882521,4756000
3619,283,299,361272,5908,1882820,4726900
3620,298,293,360974,5913,1883113,4672800
3621,298,308,360676,5903,1883421,4924300
3622,315,321,360361,5897,1883742,5276300
3623,290,287,360071,5900,1884029,4795300
3624,282,292,359789,5890,1884321,4771800
3625,281,285,359508,5886,1884606,4877500
3626,305,310,359203,5881,1884916,4753700
3627,275,280,358928,5876,1885196,4594000
3628,291,289,358637,5878,1885485,4506700
3629,287,300,358350,5865,1885785,4869200
3630,288,271,358062,5882,1886056,4608500
3631,288,307,357774,5863,1886363,4510900
3632,302,281,357472,5884,1886644,4742900
3633,296,285,357176,5895,1886929,4773900
3634,244,294,356932,5845,1887223,4774700
3635,298,279,356634,5864,1887502,5013700
3636,275,312,356359,5827,1887814,4821800
3637,271,332,356088,5766,1888146,4980900
3638,284,305,355804,5745,1888451,4854500
3639,245,287,355559,5703,1888738,4596200
3640,299,286,355260,5716,1889024,4624600
3641,294,271,354966,5739,1889295,4703000
3642,278,297,354688,5720,1889592,4585300
3643,280,265,354408,5735,1889857,4681200
3644,291,278,354117,5748,1890135,4554000
3645,266,275,353851,5739,1890410,4612600
3646,279,289,353572,5729,1890699,4526200
3647,292,289,353280,5732,1890988,4538900
3648,304,277,352976,5759,1891265,4695700
3649,252,264,352724,5747,1891529,5022500
3650,304,260,352420,5791,1891789,4664000
3651,303,314,352117,5780,1892103,4599400
3652,293,258,351824,5815,1892361,4940000
3653,249,288,351575,5776,1892649,4666500
3654,280,312,351295,5744,1892961,4628000
3655,270,270,351025,5744,1893231,4722000
3656,268,256,350757,5756,1893487,4666900
3657,274,270,350483,5760,1893757,4604000
3658,270,270,350213,5760,1894027,4673100
3659,277,273,349936,5764,1894300,4768700
3660,245,287,349691,5722,1894587,4850000
3661,286,302,349405,5706,1894889,4702300
3662,247,287,349158,5666,1895176,4783700
3663,257,278,348901,5645,1895454,4819000
3664,272,296,348629,5621,1895750,4795900
3665,226,271,348403,5576,1896021,4952700
3666,238,271,348165,5543,1896292,4761800
3667,252,259,347913,5536,1896551,4629300
3668,270,282,347643,5524,1896833,4601100
3669,264,267,347379,5521,1897100,4664600
3670,275,267,347104,5529,1897367,4682200
3671,271,252,346833,5548,1897619,4642700
3672,270,277,346563,5541,1897896,4534100
3673,283,308,346280,5516,1898204,4637300
3674,243,265,346037,5494,1898469,4480000
3675,264,282,345773,5476,1898751,4793100
3676,263,285,345510,5454,1899036,4644500
3677,241,276,345269,5419,1899312,4975900
3678,253,284,345016,5388,1899596,5067500
3679,274,270,344742,5392,1899866,5003000
3680,261,295,344481,5358,1900161,4624400
3681,254,273,344227,5339,1900434,5060500
3682,255,264,343972,5330,1900698,4831800
3683,284,290,343688,5324,1900988,4612700
3684,279,274,343409,5329,1901262,4609700
3685,252,305,343157,5276,1901567,4556400
3686,276,280,342881,5272,1901847,4630900
3687,272,268,342609,5276,1902115,4687300
3688,271,257,342338,5290,1902372,5000400
3689,266,260,342072,5296,1902632,5041800
3690,237,277,341835,5256,1902909,4668900
3691,294,295,341541,5255,1903204,4836900
3692,256,273,341285,5238,1903477,4956300
3693,268,259,341017,5247,1903736,4841700
3694,249,276,340768,5220,1904012,4713000
3695,272,239,340496,5253,1904251,4771000
3696,258,295,340238,5216,1904546,4545900
3697,254,249,339984,5221,1904795,4477100
3698,276,266,339708,5231,1905061,5197100
3699,249,216,339459,5264,1905277,4782500
3700,256,260,339203,5260,1905537,5410500
3701,287,294,338916,5253,1905831,5288000
3702,269,246,338647,5276,1906077,5089800
3703,261,283,338386,5254,1906360,4825400
3704,275,260,338111,5269,1906620,5504200
3705,275,263,337836,5281,1906883,4965300
3706,282,277,337554,5286,1907160,4736500
3707,284,271,337270,5299,1907431,5008300
3708,283,274,336987,5308,1907705,4909400
3709,278,264,336709,5322,1907969,4889300
3710,287,251,336422,5358,1908220,4736500
3711,278,268,336144,5368,1908488,4757900
3712,301,283,335843,5386,1908771,5009200
3713,293,254,335550,5425,1909025,4891000
3714,300,248,335250,5477,1909273,5302800
3715,260,289,334990,5448,1909562,5154400
3716,287,272,334703,5463,1909834,5187100
3717,259,273,334444,5449,1910107,5110500
3718,271,258,334173,5462,1910365,4764800
3719,281,281,333892,5462,1910646,4833500
3720,273,267,333619,5468,1910913,5056100
3721,271,262,333348,5477,1911175,5204100
3722,263,301,333085,5439,1911476,4853100
3723,283,260,332802,5462,1911736,4818400
3724,283,271,332519,5474,1912007,4810800
3725,238,288,332281,5424,1912295,5116000
3726,271,278,332010,5417,1912573,4787800
3727,263,261,331747,5419,1912834,4861000
3728,255,282,331492,5392,1913116,4819400
3729,255,253,331237,5394,1913369,4756700
3730,280,243,330957,5431,1913612,4779100
3731,297,267,330660,5461,1913879,4648900
3732,285,272,330375,5474,1914151,4791000
3733,300,264,330075,5510,1914415,4855000
3734,267,280,329808,5497,1914695,4817600
3735,274,277,329534,5494,1914972,5068600
3736,287,263,329247,5518,1915235,4882900
3737,266,253,328981,5531,1915488,4896600
3738,244,270,328737,5505,1915758,4760200
3739,268,275,328469,5498,1916033,4592200
3740,273,288,328196,5483,1916321,4500400
3741,280,280,327916,5483,1916601,4606900
3742,260,268,327656,5475,1916869,4623400
3743,249,262,327407,5462,1917131,4806800
3744,272,268,327135,5466,1917399,4647700
3745,271,269,326864,5468,1917668,5020700
3746,277,298,326587,5447,1917966,4959700
3747,252,269,326335,5430,1918235,4987900
3748,264,259,326071,5435,1918494,4702600
3749,268,293,325803,5410,1918787,4699700
3750,258,281,325545,5387,1919068,4779400
3751,258,261,325287,5384,1919329,4733000
3752,253,276,325034,5361,1919605,4587200
3753,274,250,324760,5385,1919855,5024300
3754,256,265,324504,5376,1920120,4900800
3755,264,299,324240,5341,1920419,4892300
3756,231,270,324009,5302,1920689,4685000
3757,241,291,323768,5252,1920980,4559700
3758,270,264,323498,5258,1921244,4537100
3759,273,286,323225,5245,1921530,4782800
3760,244,254,322981,5235,1921784,4644900
3761,254,238,322727,5251,1922022,4768300
3762,242,271,322485,5222,1922293,4870000
3763,263,279,322222,5206,1922572,4778900
3764,224,270,321998,5160,1922842,4734100
3765,268,277,321730,5151,1923119,5061000
3766,262,269,321468,5144,1923388,4776500
3767,249,224,321219,5169,1923612,4542500
3768,259,256,320960,5172,1923868,4912700
3769,276,246,320684,5202,1924114,4658500
3770,282,261,320402,5223,1924375,4650700
3771,272,244,320130,5251,1924619,4732700
3772,268,243,319862,5276,1924862,4909800
3773,285,291,319577,5270,1925153,4777800
3774,262,265,319315,5267,1925418,4774300
3775,278,260,319037,5285,1925678,4739300
3776,260,262,318777,5283,1925940,4900800
3777,268,258,318509,5293,1926198,5004500
3778,248,260,318261,5281,1926458,4740200
3779,241,256,318020,5266,1926714,4599900
3780,272,285,317748,5253,1926999,4628400
3781,267,260,317481,5260,1927259,4750700
3782,247,257,317234,5250,1927516,4700300
3783,276,233,316958,5293,1927749,4599300
3784,272,256,316686,5309,1928005,4917200
3785,261,236,316425,5334,1928241,4633300
3786,272,243,316153,5363,1928484,4754100
3787,259,237,315894,5385,1928721,5508200
3788,257,260,315637,5382,1928981,5077400
3789,284,286,315353,5380,1929267,4827800
3790,274,280,315079,5374,1929547,4947700
3791,268,285,314811,5357,1929832,4700600
3792,279,250,314532,5386,1930082,4854900
3793,264,279,314268,5371,1930361,4649900
3794,272,251,313996,5392,1930612,4661000
3795,271,268,313725,5395,1930880,4742600
3796,261,274,313464,5382,1931154,4666000
3797,264,266,313200,5380,1931420,4593000
3798,257,260,312943,5377,1931680,4769500
3799,273,306,312670,5344,1931986,4650600
3800,278,270,312392,5352,1932256,4755200
3801,259,264,312133,5347,1932520,5128200
3802,262,250,311871,5359,1932770,4749300
3803,241,283,311630,5317,1933053,4917000
3804,288,256,311342,5349,1933309,5265700
3805,282,284,311060,5347,1933593,5009900
3806,269,247,310791,5369,1933840,4980000
3807,273,272,310518,5370,1934112,4885800
3808,267,270,310251,5367,1934382,4592700
3809,272,265,309979,5374,1934647,4717400
3810,238,277,309741,5335,1934924,4761900
3811,245,287,309496,5293,1935211,4605100
3812,237,281,309259,5249,1935492,4584800
3813,263,240,308996,5272,1935732,4764200
3814,253,272,308743,5253,1936004,4566600
3815,258,255,308485,5256,1936259,4748800
3816,271,246,308214,5281,1936505,4679900
3817,241,254,307973,5268,1936759,4591300
3818,279,268,307694,5279,1937027,4593400
3819,241,258,307453,5262,1937285,4721400
3820,258,299,307195,5221,1937584,4666100
3821,239,250,306956,5210,1937834,4662200
3822,245,271,306711,5184,1938105,4563400
3823,251,253,306460,5182,1938358,4979500
3824,241,265,306219,5158,1938623,4832500
3825,239,255,305980,5142,1938878,4724600
3826,239,237,305741,5144,1939115,5181600
3827,240,237,305501,5147,1939352,4663900
3828,263,274,305238,5136,1939626,4833000
3829,243,256,304995,5123,1939882,5066400
3830,260,241,304735,5142,1940123,4726300
3831,259,262,304476,5139,1940385,4674400
3832,247,264,304229,5122,1940649,4586000
3833,218,227,304011,5113,1940876,4576500
3834,218,245,303793,5086,1941121,4689100
3835,247,278,303546,5055,1941399,4665600
3836,249,233,303297,5071,1941632,4842800
3837,238,263,303059,5046,1941895,4593700
3838,257,244,302802,5059,1942139,4706400
3839,250,246,302552,5063,1942385,4653900
3840,265,263,302287,5065,1942648,4642300
3841,256,254,302031,5067,1942902,4720500
3842,228,245,301803,5050,1943147,4819100
3843,241,270,301562,5021,1943417,4802700
3844,256,246,301306,5031,1943663,4637200
3845,246,254,301060,5023,1943917,4753700
3846,222,248,300838,4997,1944165,4655700
3847,299,250,300539,5046,1944415,4959800
3848,259,250,300280,5055,1944665,4724600
3849,251,257,300029,5049,1944922,4841000
3850,259,276,299770,5032,1945198,4846100
3851,229,225,299541,5036,1945423,4720500
3852,217,277,299324,4976,1945700,4695400
3853,271,289,299053,4958,1945989,4806900
3854,213,236,298840,4935,1946225,4708800
3855,288,257,298552,4966,1946482,4814900
3856,232,281,298320,4917,1946763,4737000
3857,244,246,298076,4915,1947009,4771000
3858,246,239,297830,4922,1947248,4917200
3859,240,250,297590,4912,1947498,5389400
3860,222,232,297368,4902,1947730,4915800
3861,234,263,297134,4873,1947993,4670100
3862,254,265,296880,4862,1948258,4780300
3863,249,250,296631,4861,1948508,4891400
3864,261,244,296370,4878,1948752,4700700
3865,247,216,296123,4909,1948968,4915300
3866,241,253,295882,4897,1949221,4676600
3867,231,260,295651,4868,1949481,4658400
3868,233,244,295418,4857,1949725,4546500
3869,224,241,295194,4840,1949966,4731300
3870,219,231,294975,4828,1950197,5087000
3871,224,233,294751,4819,1950430,4773300
3872,260,234,294491,4845,1950664,4712700
3873,266,236,294225,4875,1950900,4682900
3874,269,248,293956,4896,1951148,4646100
3875,254,244,293702,4906,1951392,4618900
3876,234,239,293468,4901,1951631,4650500
3877,262,234,293206,4929,1951865,4686100
3878,259,220,292947,4968,1952085,4613700
3879,239,278,292708,4929,1952363,4621500
3880,266,242,292442,4953,1952605,4700800
3881,258,264,292184,4947,1952869,4538500
3882,236,248,291948,4935,1953117,4558300
3883,260,266,291688,4929,1953383,4663500
3884,263,242,291425,4950,1953625,4838600
3885,241,224,291184,4967,1953849,4755400
3886,249,231,290935,4985,1954080,4568300
3887,259,240,290676,5004,1954320,4805700
3888,249,263,290427,4990,1954583,4708600
3889,255,228,290172,5017,1954811,5001100
3890,267,267,289905,5017,1955078,4696700
3891,239,294,289666,4962,1955372,4650600
3892,247,245,289419,4964,1955617,4504500
3893,264,262,289155,4966,1955879,4570100
3894,267,280,288888,4953,1956159,4614700
3895,259,231,288629,4981,1956390,4502500
3896,262,224,288367,5019,1956614,4618900
3897,250,260,288117,5009,1956874,4510500
3898,244,255,287873,4998,1957129,4581100
3899,250,244,287623,5004,1957373,4777700
3900,246,263,287377,4987,1957636,4943000
3901,285,250,287092,5022,1957886,4585000
3902,240,258,286852,5004,1958144,4624700
3903,259,237,286593,5026,1958381,4531100
3904,274,238,286319,5062,1958619,4624500
3905,244,251,286075,5055,1958870,4627700
3906,255,253,285820,5057,1959123,4617000
3907,215,253,285605,5019,1959376,4661000
3908,246,242,285359,5023,1959618,4703600
3909,270,261,285089,5032,1959879,4615900
3910,241,267,284848,5006,1960146,4901600
3911,261,251,284587,5016,1960397,4774800
3912,230,257,284357,4989,1960654,4704900
3913,262,249,284095,5002,1960903,4879700
3914,244,265,283851,4981,1961168,4682800
3915,231,244,283620,4968,1961412,4636800
3916,265,256,283355,4977,1961668,4612900
3917,268,254,283087,4991,1961922,4625400
3918,251,259,282836,4983,1962181,4615200
3919,227,240,282609,4970,1962421,4772300
3920,236,234,282373,4972,1962655,4791000
3921,276,227,282097,5021,1962882,4884800
3922,265,234,281832,5052,1963116,4783000
3923,232,244,281600,5040,1963360,4846000
3924,261,259,281339,5042,1963619,4689700
3925,244,276,281095,5010,1963895,4717000
3926,220,261,280875,4969,1964156,4857400
3927,263,265,280612,4967,1964421,4794700
3928,273,243,280339,4997,1964664,5296300
3929,232,246,280107,4983,1964910,4866400
3930,233,267,279874,4949,1965177,4805300
3931,251,257,279623,4943,1965434,4610600
3932,250,246,279373,4947,1965680,4883300
3933,248,223,279125,4972,1965903,4623400
3934,238,257,278887,4953,1966160,4577200
3935,243,215,278644,4981,1966375,4753100
3936,241,243,278403,4979,1966618,4527800
3937,238,261,278165,4956,1966879,4601500
3938,236,252,277929,4940,1967131,4569900
3939,237,230,277692,4947,1967361,4617000
3940,230,234,277462,4943,1967595,4689500
3941,225,245,277237,4923,1967840,4688400
3942,254,246,276983,4931,1968086,4758700
3943,271,242,276712,4960,1968328,4679400
3944,255,238,276457,4977,1968566,4560500
3945,244,232,276213,4989,1968798,4655300
3946,245,233,275968,5001,1969031,4526600
3947,239,222,275729,5018,1969253,4566900
3948,236,237,275493,5017,1969490,4723300
3949,245,250,275248,5012,1969740,4686400
3950,240,261,275008,4991,1970001,4602200
3951,255,246,274753,5000,1970247,4580200
3952,230,249,274523,4981,1970496,4846600
3953,237,277,274286,4941,1970773,4809000
3954,265,251,274021,4955,1971024,4614700
3955,250,233,273771,4972,1971257,4981900
3956,285,250,273486,5007,1971507,4805500
3957,285,249,273201,5043,1971756,4783600
3958,282,225,272919,5100,1971981,4605800
3959,244,277,272675,5067,1972258,5108200
3960,262,246,272413,5083,1972504,4850000
3961,245,262,272168,5066,1972766,4666400
3962,229,270,271939,5025,1973036,4649500
3963,209,257,271730,4977,1973293,4911100
3964,249,252,271481,4974,1973545,5088800
3965,252,245,271229,4981,1973790,4932900
3966,249,241,270980,4989,1974031,4889800
3967,246,256,270734,4979,1974287,4650900
3968,242,222,270492,4999,1974509,4560800
3969,243,228,270249,5014,1974737,4696800
3970,232,277,270017,4969,1975014,4719600
3971,266,239,269751,4996,1975253,4709200
3972,235,255,269516,4976,1975508,4580400
3973,254,276,269262,4954,1975784,4569200
3974,262,222,269000,4994,1976006,4500400
3975,239,235,268761,4998,1976241,4656000
3976,226,244,268535,4980,1976485,4654000
3977,242,261,268293,4961,1976746,4535600
3978,259,234,268034,4986,1976980,4644400
3979,235,271,267799,4950,1977251,4549600
3980,238,240,267561,4948,1977491,4604300
3981,233,242,267328,4939,1977733,4697000
3982,240,209,267088,4970,1977942,4795100
3983,249,271,266839,4948,1978213,4746400
3984,227,234,266612,4941,1978447,4828500
3985,222,235,266390,4928,1978682,4782000
3986,231,238,266159,4921,1978920,4639300
3987,239,259,265920,4901,1979179,4697700
3988,240,253,265680,4888,1979432,5104200
3989,203,231,265477,4860,1979663,4574900
3990,245,273,265232,4832,1979936,4765300
3991,218,244,265014,4806,1980180,4553400
3992,257,252,264757,4811,1980432,4659500
3993,244,263,264513,4792,1980695,4661100
3994,237,247,264276,4782,1980942,4582800
3995,227,222,264049,4787,1981164,4698800
3996,230,248,263819,4769,1981412,4545000
3997,227,232,263592,4764,1981644,4685300
3998,222,225,263370,4761,1981869,5174600
3999,219,267,263151,4713,1982136,4977800
4000,237,203,262914,4747,1982339,4620800
4001,207,216,262707,4738,1982555,4978600
4002,238,237,262469,4739,1982792,4669400
4003,251,241,262218,4749,1983033,4634400
4004,253,235,261965,4767,1983268,4636200
4005,225,222,261740,4770,1983490,4661600
4006,230,248,261510,4752,1983738,4501900
4007,241,248,261269,4745,1983986,4581100
4008,213,220,261056,4738,1984206,4532300
4009,217,214,260839,4741,1984420,4616200
4010,221,214,260618,4748,1984634,4639700
4011,217,260,260401,4705,1984894,4808300
4012,226,237,260175,4694,1985131,4785200
4013,249,240,259926,4703,1985371,4714200
4014,241,257,259685,4687,1985628,4575300
4015,271,211,259414,4747,1985839,4637100
4016,233,219,259181,4761,1986058,4647600
4017,234,241,258947,4754,1986299,4697600
4018,229,229,258718,4754,1986528,4630600
4019,223,215,258495,4762,1986743,4626700
4020,256,258,258239,4760,1987001,4559500
4021,258,247,257981,4771,1987248,4634300
4022,251,237,257730,4785,1987485,4660700
4023,241,214,257489,4812,1987699,4720300
4024,266,258,257223,4820,1987957,4637400
4025,235,219,256988,4836,1988176,4704200
4026,261,237,256727,4860,1988413,4842000
4027,242,244,256485,4858,1988657,5067200
4028,232,254,256253,4836,1988911,4849800
4029,271,262,255982,4845,1989173,4580300
4030,244,234,255738,4855,1989407,4620800
4031,236,252,255502,4839,1989659,4591400
4032,241,217,255261,4863,1989876,4610700
4033,257,260,255004,4860,1990136,4693100
4034,220,239,254784,4841,1990375,5007500
4035,231,239,254553,4833,1990614,4804500
4036,234,262,254319,4805,1990876,4687800
4037,239,246,254080,4798,1991122,4761300
4038,241,256,253839,4783,1991378,4661700
4039,213,234,253626,4762,1991612,4825500
4040,256,253,253370,4765,1991865,4688000
4041,275,268,253095,4772,1992133,4804500
4042,248,227,252847,4793,1992360,4697400
4043,239,272,252608,4760,1992632,4652300
4044,235,241,252373,4754,1992873,4662700
4045,254,240,252119,4768,1993113,4672000
4046,256,220,251863,4804,1993333,4763100
4047,252,264,251611,4792,1993597,4662500
4048,207,243,251404,4756,1993840,4690900
4049,226,243,251178,4739,1994083,4512900
4050,242,248,250936,4733,1994331,4713500
4051,238,257,250698,4714,1994588,4747900
4052,254,210,250444,4758,1994798,4723500
4053,238,234,250206,4762,1995032,4625300
4054,211,235,249995,4738,1995267,4907000
4055,239,218,249756,4759,1995485,4975300
4056,219,216,249537,4762,1995701,4694800
4057,249,211,249288,4800,1995912,4762200
4058,253,242,249035,4811,1996154,4677900
4059,248,216,248787,4843,1996370,4646600
4060,254,241,248533,4856,1996611,4711800
4061,257,257,248276,4856,1996868,4641500
4062,246,249,248030,4853,1997117,4829100
4063,277,241,247753,4889,1997358,4671000
4064,239,240,247514,4888,1997598,4780300
4065,260,252,247254,4896,1997850,4633500
4066,254,229,247000,4921,1998079,4635800
4067,256,228,246744,4949,1998307,4575400
4068,244,265,246500,4928,1998572,4944900
4069,264,254,246236,4938,1998826,4752800
4070,240,222,245996,4956,1999048,5058000
4071,271,251,245725,4976,1999299,4619100
4072,242,269,245483,4949,1999568,4510800
4073,230,223,245253,4956,1999791,4633900
4074,249,258,245004,4947,2000049,4751100
4075,247,252,244757,4942,2000301,4766100
4076,225,251,244532,4916,2000552,4644700
4077,243,238,244289,4921,2000790,4807500
4078,259,248,244030,4932,2001038,4696600
4079,252,232,243778,4952,2001270,4785200
4080,261,270,243517,4943,2001540,4864500
4081,260,247,243257,4956,2001787,4766400
4082,249,238,243008,4967,2002025,5057500
4083,248,263,242760,4952,2002288,5178300
4084,279,234,242481,4997,2002522,4921300
4085,258,278,242223,4977,2002800,4622000
4086,263,263,241960,4977,2003063,4898000
4087,232,220,241728,4989,2003283,4783200
4088,266,242,241462,5013,2003525,4629900
4089,242,275,241220,4980,2003800,4695100
4090,267,227,240953,5020,2004027,4554900
4091,280,258,240673,5042,2004285,4775100
4092,263,248,240410,5057,2004533,4497900
4093,240,255,240170,5042,2004788,4703800
4094,260,276,239910,5026,2005064,4578100
4095,264,230,239646,5060,2005294,4665900
4096,258,256,239388,5062,2005550,4648700
4097,253,282,239135,5033,2005832,5077900
4098,235,280,238900,4988,2006112,4559400
4099,250,265,238650,4973,2006377,4641000
4100,262,232,238388,5003,2006609,4774000
4101,248,248,238140,5003,2006857,4571500
4102,262,251,237878,5014,2007108,4552100
4103,256,211,237622,5059,2007319,4794000
4104,264,278,237358,5045,2007597,4695000
4105,256,250,237102,5051,2007847,4624100
4106,244,258,236858,5037,2008105,4574500
4107,251,237,236607,5051,2008342,4786900
4108,243,279,236364,5015,2008621,4789800
4109,254,245,236110,5024,2008866,4789300
4110,260,254,235850,5030,2009120,4996100
4111,245,231,235605,5044,2009351,4902600
4112,257,268,235348,5033,2009619,4721100
4113,239,264,235109,5008,2009883,4717300
4114,240,261,234869,4987,2010144,4805900
4115,245,275,234624,4957,2010419,4816300
4116,267,249,234357,4975,2010668,4798500
4117,238,255,234119,4958,2010923,4802900
4118,256,240,233863,4974,2011163,4676300
4119,242,261,233621,4955,2011424,4738200
4120,251,240,233370,4966,2011664,4800100
4121,225,214,233145,4977,2011878,4620500
4122,223,229,232922,4971,2012107,4629600
4123,260,227,232662,5004,2012334,4887800
4124,237,224,232425,5017,2012558,4969200
4125,251,239,232174,5029,2012797,5085100
4126,257,245,231917,5041,2013042,5030200
4127,266,248,231651,5059,2013290,4667800
4128,225,248,231426,5036,2013538,4649000
4129,219,261,231207,4994,2013799,4865300
4130,234,264,230973,4964,2014063,4849400
4131,240,239,230733,4965,2014302,4735900
4132,262,241,230471,4986,2014543,4634700
4133,227,265,230244,4948,2014808,4829100
4134,220,258,230024,4910,2015066,4828700
4135,207,254,229817,4863,2015320,4830300
4136,238,255,229579,4846,2015575,4810500
4137,236,237,229343,4845,2015812,4771900
4138,236,272,229107,4809,2016084,5197700
4139,237,232,228870,4814,2016316,5287900
4140,246,220,228624,4840,2016536,4984000
4141,226,224,228398,4842,2016760,4847700
4142,254,249,228144,4847,2017009,4958300
4143,224,261,227920,4810,2017270,4700900
4144,223,245,227697,4788,2017515,4778000
4145,230,249,227467,4769,2017764,4668800
4146,231,243,227236,4757,2018007,4796700
4147,246,241,226990,4762,2018248,4629800
4148,240,235,226750,4767,2018483,4682300
4149,241,229,226509,4779,2018712,4711600
4150,257,240,226252,4796,2018952,4606000
4151,228,255,226024,4769,2019207,4824000
4152,255,242,225769,4782,2019449,4853300
4153,251,227,225518,4806,2019676,4701700
4154,259,253,225259,4812,2019929,4652700
4155,220,265,225039,4767,2020194,4645800
4156,221,239,224818,4749,2020433,4654600
4157,220,224,224598,4745,2020657,4554000
4158,221,272,224377,4694,2020929,4635900
4159,236,230,224141,4700,2021159,4539800
4160,230,246,223911,4684,2021405,4638800
4161,206,232,223705,4658,2021637,4581400
4162,213,249,223492,4622,2021886,4845100
4163,223,234,223269,4611,2022120,4656400
4164,233,245,223036,4599,2022365,4579000
4165,215,215,222821,4599,2022580,4540200
4166,209,184,222612,4624,2022764,4818700
4167,244,239,222368,4629,2023003,4675200
4168,227,215,222141,4641,2023218,4572800
4169,189,194,221952,4636,2023412,4715000
4170,231,192,221721,4675,2023604,4962200
4171,219,219,221502,4675,2023823,4853500
4172,261,224,221241,4712,2024047,4953800
4173,202,223,221039,4691,2024270,5292600
4174,234,210,220805,4715,2024480,4876900
4175,239,253,220566,4701,2024733,5157600
4176,242,258,220324,4685,2024991,4913000
4177,235,209,220089,4711,2025200,4692200
4178,232,232,219857,4711,2025432,5025600
4179,256,225,219601,4742,2025657,4874500
4180,242,230,219359,4754,2025887,4739200
4181,216,235,219143,4735,2026122,5107000
4182,207,223,218936,4719,2026345,4915700
4183,186,232,218750,4673,2026577,4797400
4184,211,221,218539,4663,2026798,4773100
4185,237,212,218302,4688,2027010,4588800
4186,234,224,218068,4698,2027234,4644400
4187,233,237,217835,4694,2027471,4662500
4188,254,239,217581,4709,2027710,4670200
4189,216,228,217365,4697,2027938,4645600
4190,219,240,217146,4676,2028178,4748200
4191,216,229,216930,4663,2028407,4667700
4192,228,260,216702,4631,2028667,4595600
4193,233,242,216469,4622,2028909,4592200
4194,221,219,216248,4624,2029128,4901300
4195,240,222,216008,4642,2029350,4764500
4196,247,251,215761,4638,2029601,4658100
4197,243,246,215518,4635,2029847,4543200
4198,213,228,215305,4620,2030075,4546700
4199,243,232,215062,4631,2030307,4602600
4200,228,246,214834,4613,2030553,4662300
4201,234,211,214600,4636,2030764,4752200
4202,228,251,214372,4613,2031015,4709300
4203,232,225,214140,4620,2031240,4615100
4204,241,212,213899,4649,2031452,4681100
4205,213,222,213686,4640,2031674,4545400
4206,239,245,213447,4634,2031919,4594600
4207,220,234,213227,4620,2032153,4703100
4208,208,220,213019,4608,2032373,4693100
4209,232,229,212787,4611,2032602,4689100
4210,235,244,212552,4602,2032846,4686800
4211,203,243,212349,4562,2033089,4729000
4212,209,224,212140,4547,2033313,4540500
4213,234,227,211906,4554,2033540,4662300
4214,250,212,211656,4592,2033752,4854200
4215,237,213,211419,4616,2033965,4730000
4216,239,228,211180,4627,2034193,4549900
4217,221,239,210959,4609,2034432,4503000
4218,220,215,210739,4614,2034647,4655500
4219,228,237,210511,4605,2034884,4476400
4220,230,228,210281,4607,2035112,4567600
4221,250,233,210031,4624,2035345,4709900
4222,241,244,209790,4621,2035589,4626700
4223,229,240,209561,4610,2035829,4702700
4224,221,228,209340,4603,2036057,4564200
4225,233,224,209107,4612,2036281,4694600
4226,232,240,208875,4604,2036521,4668200
4227,236,205,208639,4635,2036726,4628100
4228,217,240,208422,4612,2036966,4780700
4229,263,229,208159,4646,2037195,4522000
4230,252,234,207907,4664,2037429,4523900
4231,237,242,207670,4659,2037671,5199700
4232,242,228,207428,4673,2037899,4678100
4233,227,245,207201,4655,2038144,4589000
4234,235,237,206966,4653,2038381,4744600
4235,238,222,206728,4669,2038603,4598100
4236,230,247,206498,4652,2038850,4920200
4237,201,226,206297,4627,2039076,4717000
4238,221,221,206076,4627,2039297,4743000
4239,235,232,205841,4630,2039529,4672100
4240,245,236,205596,4639,2039765,4583500
4241,222,226,205374,4635,2039991,4801100
4242,211,229,205163,4617,2040220,4707500
4243,212,236,204951,4593,2040456,4743900
4244,239,225,204712,4607,2040681,4807900
4245,229,248,204483,4588,2040929,4664800
4246,218,227,204265,4579,2041156,4556300
4247,200,222,204065,4557,2041378,4626400
4248,204,229,203861,4532,2041607,4795300
4249,226,216,203635,4542,2041823,4707200
4250,229,211,203406,4560,2042034,4966400
4251,225,221,203181,4564,2042255,4885900
4252,205,210,202976,4559,2042465,4703300
4253,192,243,202784,4508,2042708,4628800
4254,216,219,202568,4505,2042927,4555400
4255,244,231,202324,4518,2043158,4622400
4256,245,229,202079,4534,2043387,4624100
4257,227,241,201852,4520,2043628,4633000
4258,228,239,201624,4509,2043867,4672500
4259,221,215,201403,4515,2044082,4539300
4260,234,250,201169,4499,2044332,4816200
4261,203,218,200966,4484,2044550,4704500
4262,235,241,200731,4478,2044791,4617200
4263,216,233,200515,4461,2045024,4552500
4264,195,239,200320,4417,2045263,4778300
4265,223,224,200097,4416,2045487,4882500
4266,209,207,199888,4418,2045694,4701500
4267,224,218,199664,4424,2045912,4775700
4268,229,226,199435,4427,2046138,4607400
4269,200,219,199235,4408,2046357,4545900
4270,222,219,199013,4411,2046576,4656300
4271,204,239,198809,4376,2046815,4781000
4272,196,233,198613,4339,2047048,4714700
4273,190,199,198423,4330,2047247,4733200
4274,213,216,198210,4327,2047463,4604700
4275,204,198,198006,4333,2047661,4491700
4276,217,201,197789,4349,2047862,4604800
4277,213,226,197576,4336,2048088,4796200
4278,220,215,197356,4341,2048303,4724500
4279,218,197,197138,4362,2048500,4756300
4280,216,212,196922,4366,2048712,4632900
4281,206,187,196716,4385,2048899,4742400
4282,199,227,196517,4357,2049126,4607600
4283,214,245,196303,4326,2049371,4742800
4284,225,214,196078,4337,2049585,4649100
4285,203,216,195875,4324,2049801,4671300
4286,189,204,195686,4309,2050005,4542700
4287,206,211,195480,4304,2050216,4682200
4288,210,188,195270,4326,2050404,4629000
4289,214,211,195056,4329,2050615,4629700
4290,217,234,194839,4312,2050849,4703200
4291,198,206,194641,4304,2051055,4849000
4292,205,224,194436,4285,2051279,4750500
4293,193,218,194243,4260,2051497,4773400
4294,242,238,194001,4264,2051735,4751600
4295,212,224,193789,4252,2051959,4671200
4296,228,213,193561,4267,2052172,4695200
4297,218,234,193343,4251,2052406,4637200
4298,227,201,193116,4277,2052607,4832600
4299,224,228,192892,4273,2052835,4614300
4300,223,230,192669,4266,2053065,4907700
4301,227,182,192442,4311,2053247,4728800
4302,227,237,192215,4301,2053484,4686800
4303,233,185,191982,4349,2053669,4646500
4304,239,227,191743,4361,2053896,4915000
4305,225,231,191518,4355,2054127,4823800
4306,233,210,191285,4378,2054337,4885900
4307,211,186,191074,4403,2054523,4938000
4308,237,224,190837,4416,2054747,4799000
4309,260,212,190577,4464,2054959,4952400
4310,236,219,190341,4481,2055178,4689700
4311,234,223,190107,4492,2055401,4707400
4312,247,219,189860,4520,2055620,4708800
4313,240,204,189620,4556,2055824,4622300
4314,257,224,189363,4589,2056048,4774700
4315,238,227,189125,4600,2056275,4631700
4316,242,228,188883,4614,2056503,4736300
4317,238,220,188645,4632,2056723,4693800
4318,219,210,188426,4641,2056933,4593800
4319,257,232,188169,4666,2057165,4715100
4320,234,222,187935,4678,2057387,4777300
4321,231,225,187704,4684,2057612,4708700
4322,242,240,187462,4686,2057852,4714000
4323,232,244,187230,4674,2058096,4505100
4324,245,237,186985,4682,2058333,4780200
4325,237,208,186748,4711,2058541,4608600
4326,224,238,186524,4697,2058779,4699500
4327,236,251,186288,4682,2059030,4667500
4328,263,244,186025,4701,2059274,4690000
4329,239,238,185786,4702,2059512,4533500
4330,228,226,185558,4704,2059738,4608400
4331,245,224,185313,4725,2059962,4629000
4332,255,240,185058,4740,2060202,4823700
4333,246,246,184812,4740,2060448,5076600
4334,245,242,184567,4743,2060690,4773900
4335,268,237,184299,4774,2060927,4811200
4336,238,256,184061,4756,2061183,4719900
4337,240,252,183821,4744,2061435,4863600
4338,250,255,183571,4739,2061690,4882700
4339,246,213,183325,4772,2061903,4705400
4340,222,251,183103,4743,2062154,4690800
4341,242,227,182861,4758,2062381,4640200
4342,221,225,182640,4754,2062606,4636400
4343,223,270,182417,4707,2062876,4661000
4344,228,237,182189,4698,2063113,4733700
4345,232,239,181957,4691,2063352,4537400
4346,238,234,181719,4695,2063586,4551200
4347,184,222,181535,4657,2063808,5080000
4348,222,220,181313,4659,2064028,4775600
4349,231,219,181082,4671,2064247,5304000
4350,225,239,180857,4657,2064486,4850700
4351,212,266,180645,4603,2064752,4799000
4352,211,221,180434,4593,2064973,4619700
4353,233,233,180201,4593,2065206,4813400
4354,225,220,179976,4598,2065426,4718800
4355,214,219,179762,4593,2065645,4689500
4356,241,246,179521,4588,2065891,4495200
4357,213,201,179308,4600,2066092,4679700
4358,216,228,179092,4588,2066320,4522200
4359,224,203,178868,4609,2066523,4772500
4360,207,211,178661,4605,2066734,4704700
4361,212,253,178449,4564,2066987,4691700
4362,239,205,178210,4598,2067192,4590600
4363,174,237,178036,4535,2067429,4734200
4364,222,219,177814,4538,2067648,4760200
4365,239,239,177575,4538,2067887,4685500
4366,234,219,177341,4553,2068106,4814400
4367,215,220,177126,4548,2068326,4885700
4368,227,267,176899,4508,2068593,5106000
4369,215,233,176684,4490,2068826,4973100
4370,210,255,176474,4445,2069081,5076000
4371,224,226,176250,4443,2069307,4769500
4372,204,222,176046,4425,2069529,4674600
4373,215,235,175831,4405,2069764,4524300
4374,212,211,175619,4406,2069975,4657100
4375,219,207,175400,4418,2070182,4507700
4376,194,217,175206,4395,2070399,4626500
4377,205,213,175001,4387,2070612,5428700
4378,221,189,174780,4419,2070801,4991100
4379,217,233,174563,4403,2071034,4921900
4380,226,209,174337,4420,2071243,5027100
4381,206,197,174131,4429,2071440,4866800
4382,196,217,173935,4408,2071657,4848300
4383,187,204,173748,4391,2071861,4901400
4384,177,227,173571,4341,2072088,5340800
4385,202,217,173369,4326,2072305,5151800
4386,202,230,173167,4298,2072535,4979500
4387,206,195,172961,4309,2072730,4919700
4388,228,220,172733,4317,2072950,4655200
4389,211,207,172522,4321,2073157,4608000
4390,211,191,172311,4341,2073348,4722900
4391,223,206,172088,4358,2073554,4745000
4392,213,209,171875,4362,2073763,4799400
4393,220,219,171655,4363,2073982,4668400
4394,223,216,171432,4370,2074198,4618700
4395,191,237,171241,4324,2074435,4631700
4396,207,201,171034,4330,2074636,4702000
4397,200,213,170834,4317,2074849,4594100
4398,216,209,170618,4324,2075058,5277800
4399,212,213,170406,4323,2075271,5114400
4400,202,217,170204,4308,2075488,4961900
4401,229,202,169975,4335,2075690,4747700
4402,209,227,169766,4317,2075917,4738900
4403,231,225,169535,4323,2076142,4874200
4404,249,217,169286,4355,2076359,5222400
4405,230,213,169056,4372,2076572,4967900
4406,220,201,168836,4391,2076773,4820900
4407,247,218,168589,4420,2076991,4834900
4408,232,243,168357,4409,2077234,4884400
4409,214,215,168143,4408,2077449,4863200
4410,206,211,167937,4403,2077660,4811700
4411,246,219,167691,4430,2077879,5080800
4412,204,214,167487,4420,2078093,4744300
4413,238,216,167249,4442,2078309,4864300
4414,235,205,167014,4472,2078514,4686100
4415,219,213,166795,4478,2078727,4706800
4416,215,231,166580,4462,2078958,4617600
4417,207,223,166373,4446,2079181,4838900
4418,218,269,166155,4395,2079450,4832200
4419,224,200,165931,4419,2079650,4828100
4420,220,220,165711,4419,2079870,4588800
4421,211,251,165500,4379,2080121,4779200
4422,238,221,165262,4396,2080342,4716500
4423,216,206,165046,4406,2080548,4715300
4424,198,231,164848,4373,2080779,4731100
4425,199,206,164649,4366,2080985,4688500
4426,204,251,164445,4319,2081236,4637100
4427,191,203,164254,4307,2081439,4929100
4428,213,213,164041,4307,2081652,4972800
4429,184,210,163857,4281,2081862,4960100
4430,210,221,163647,4270,2082083,4826500
4431,222,220,163425,4272,2082303,4752600
4432,216,205,163209,4283,2082508,4680300
4433,213,224,162996,4272,2082732,4923000
4434,230,226,162766,4276,2082958,4727600
4435,189,210,162577,4255,2083168,4567000
4436,203,197,162374,4261,2083365,4778800
4437,220,196,162154,4285,2083561,5136700
4438,207,220,161947,4272,2083781,4886000
4439,217,216,161730,4273,2083997,4734200
4440,214,233,161516,4254,2084230,4643200
4441,200,226,161316,4228,2084456,4694500
4442,203,217,161113,4214,2084673,4670400
4443,207,219,160906,4202,2084892,4581900
4444,216,205,160690,4213,2085097,4923900
4445,196,220,160494,4189,2085317,4674400
4446,210,208,160284,4191,2085525,4923300
4447,241,207,160043,4225,2085732,5064100
4448,205,224,159838,4206,2085956,4732700
4449,213,200,159625,4219,2086156,4465800
4450,199,187,159426,4231,2086343,4609400
4451,215,232,159211,4214,2086575,5068500
4452,192,223,159019,4183,2086798,4727900
4453,191,227,158828,4147,2087025,4615700
4454,199,227,158629,4119,2087252,4833000
4455,209,200,158420,4128,2087452,4634700
4456,201,208,158219,4121,2087660,4676400
4457,213,206,158006,4128,2087866,5149500
4458,222,225,157784,4125,2088091,4586800
4459,217,200,157567,4142,2088291,4707600
4460,217,234,157350,4125,2088525,5100000
4461,207,213,157143,4119,2088738,4656700
4462,190,221,156953,4088,2088959,4617500
4463,202,211,156751,4079,2089170,4887000
4464,203,208,156548,4074,2089378,4764000
4465,193,211,156355,4056,2089589,4840500
4466,207,202,156148,4061,2089791,4552400
4467,189,221,155959,4029,2090012,4778100
4468,193,217,155766,4005,2090229,4724300
4469,193,195,155573,4003,2090424,4871200
4470,203,181,155370,4025,2090605,4774500
4471,208,210,155162,4023,2090815,4705100
4472,189,208,154973,4004,2091023,4608500
4473,193,207,154780,3990,2091230,4716200
4474,219,196,154561,4013,2091426,4864800
4475,186,202,154375,3997,2091628,4625500
4476,171,196,154204,3972,2091824,4558800
4477,213,191,153991,3994,2092015,4562600
4478,206,208,153785,3992,2092223,4623900
4479,150,200,153635,3942,2092423,4620800
4480,196,201,153439,3937,2092624,4761700
4481,195,192,153244,3940,2092816,4582200
4482,169,198,153075,3911,2093014,4505700
4483,192,200,152883,3903,2093214,4618300
4484,165,196,152718,3872,2093410,4510500
4485,190,179,152528,3883,2093589,4762500
4486,191,191,152337,3883,2093780,5019400
4487,190,197,152147,3876,2093977,5336800
4488,194,213,151953,3857,2094190,5364300
4489,223,205,151730,3875,2094395,4975200
4490,175,210,151555,3840,2094605,5292500
4491,174,199,151381,3815,2094804,5178400
4492,209,195,151172,3829,2094999,5859100
4493,191,161,150981,3859,2095160,5349800
4494,208,193,150773,3874,2095353,5293800
4495,214,217,150559,3871,2095570,4864400
4496,176,179,150383,3868,2095749,5265700
4497,204,189,150179,3883,2095938,5059300
4498,222,217,149957,3888,2096155,5004400
4499,207,186,149750,3909,2096341,5227800
4500,221,195,149529,3935,2096536,5128500
4501,212,218,149317,3929,2096754,5126400
4502,222,195,149095,3956,2096949,5102100
4503,224,193,148871,3987,2097142,5100000
4504,185,181,148686,3991,2097323,4839100
4505,206,207,148480,3990,2097530,5122100
4506,197,183,148283,4004,2097713,4753000
4507,203,205,148080,4002,2097918,4542100
4508,211,204,147869,4009,2098122,4635900
4509,227,197,147642,4039,2098319,4664500
4510,203,208,147439,4034,2098527,4528300
4511,214,174,147225,4074,2098701,4510700
4512,175,197,147050,4052,2098898,4853900
4513,206,204,146844,4054,2099102,4866100
4514,202,235,146642,4021,2099337,4752800
4515,228,182,146414,4067,2099519,4692500
4516,209,213,146205,4063,2099732,4548900
4517,217,188,145988,4092,2099920,4601400
4518,228,208,145760,4112,2100128,4696800
4519,194,197,145566,4109,2100325,4729000
4520,210,224,145356,4095,2100549,4642800
4521,200,205,145156,4090,2100754,4658400
4522,186,209,144970,4067,2100963,4552800
4523,190,213,144780,4044,2101176,4628600
4524,212,235,144568,4021,2101411,4896600
4525,208,178,144360,4051,2101589,4740200
4526,213,207,144147,4057,2101796,4678500
4527,206,193,143941,4070,2101989,4823600
4528,209,192,143732,4087,2102181,4835700
4529,206,188,143526,4105,2102369,4859700
4530,189,209,143337,4085,2102578,4744800
4531,198,214,143139,4069,2102792,4725400
4532,200,181,142939,4088,2102973,4642100
4533,190,217,142749,4061,2103190,4909900
4534,168,215,142581,4014,2103405,4763200
4535,186,206,142395,3994,2103611,4743500
4536,182,192,142213,3984,2103803,4620800
4537,202,186,142011,4000,2103989,4604700
4538,179,216,141832,3963,2104205,4713500
4539,203,188,141629,3978,2104393,4745500
4540,171,190,141458,3959,2104583,4649000
4541,214,216,141244,3957,2104799,4933200
4542,205,197,141039,3965,2104996,5040900
4543,199,203,140840,3961,2105199,5058600
4544,204,203,140636,3962,2105402,4773400
4545,187,178,140449,3971,2105580,4685800
4546,201,203,140248,3969,2105783,4767600
4547,194,186,140054,3977,2105969,4808300
4548,202,202,139852,3977,2106171,4706500
4549,207,227,139645,3957,2106398,4601600
4550,199,202,139446,3954,2106600,4676100
4551,202,212,139244,3944,2106812,4616500
4552,205,199,139039,3950,2107011,4775300
4553,197,202,138842,3945,2107213,4657300
4554,197,201,138645,3941,2107414,4749000
4555,181,191,138464,3931,2107605,4754500
4556,189,203,138275,3917,2107808,4712700
4557,186,194,138089,3909,2108002,4991200
4558,189,186,137900,3912,2108188,4887800
4559,184,168,137716,3928,2108356,4744900
4560,199,206,137517,3921,2108562,4915000
4561,183,185,137334,3919,2108747,4900100
4562,179,206,137155,3892,2108953,4592800
4563,178,210,136977,3860,2109163,4812300
4564,200,204,136777,3856,2109367,4593700
4565,206,193,136571,3869,2109560,4719400
4566,190,191,136381,3868,2109751,4504100
4567,206,173,136175,3901,2109924,4664300
4568,172,194,136003,3879,2110118,4574300
4569,196,194,135807,3881,2110312,4504800
4570,211,187,135596,3905,2110499,4795000
4571,180,191,135416,3894,2110690,4970500
4572,198,190,135218,3902,2110880,4884600
4573,188,185,135030,3905,2111065,5066600
4574,168,160,134862,3913,2111225,4753500
4575,211,233,134651,3891,2111458,4664700
4576,186,199,134465,3878,2111657,4744900
4577,200,191,134265,3887,2111848,4706200
4578,212,209,134053,3890,2112057,4612900
4579,192,187,133861,3895,2112244,4568900
4580,189,183,133672,3901,2112427,4709300
4581,187,184,133485,3904,2112611,5003100
4582,193,169,133292,3928,2112780,5508500
4583,207,205,133085,3930,2112985,5178400
4584,195,177,132890,3948,2113162,4815300
4585,182,202,132708,3928,2113364,4631500
4586,181,194,132527,3915,2113558,4655000
4587,175,166,132352,3924,2113724,4808600
4588,193,207,132159,3910,2113931,4698300
4589,179,212,131980,3877,2114143,5166500
4590,203,186,131777,3894,2114329,4666400
4591,202,188,131575,3908,2114517,4491200
4592,192,204,131383,3896,2114721,4661100
4593,201,191,131182,3906,2114912,4789200
4594,203,188,130979,3921,2115100,4703700
4595,189,189,130790,3921,2115289,4762400
4596,197,204,130593,3914,2115493,4819500
4597,173,178,130420,3909,2115671,4817400
4598,195,179,130225,3925,2115850,5119200
4599,202,199,130023,3928,2116049,5613300
4600,198,210,129825,3916,2116259,5409600
4601,179,183,129646,3912,2116442,5867000
4602,195,204,129451,3903,2116646,5214400
4603,177,197,129274,3883,2116843,5445300
4604,185,188,129089,3880,2117031,5684700
4605,197,209,128892,3868,2117240,5121700
4606,192,219,128700,3841,2117459,4994100
4607,193,217,128507,3817,2117676,5432300
4608,196,167,128311,3846,2117843,4888200
4609,176,179,128135,3843,2118022,4843900
4610,209,205,127926,3847,2118227,5219700
4611,202,226,127724,3823,2118453,5240500
4612,223,184,127501,3862,2118637,4823000
4613,214,198,127287,3878,2118835,5180400
4614,194,181,127093,3891,2119016,4692400
4615,199,186,126894,3904,2119202,4711100
4616,177,168,126717,3913,2119370,4649800
4617,187,180,126530,3920,2119550,4781900
4618,193,180,126337,3933,2119730,4546600
4619,194,184,126143,3943,2119914,4672800
4620,183,183,125960,3943,2120097,4559300
4621,183,194,125777,3932,2120291,4767800
4622,176,185,125601,3923,2120476,4599200
4623,165,214,125436,3874,2120690,4878300
4624,181,169,125255,3886,2120859,4860400
4625,163,190,125092,3859,2121049,4893000
4626,185,190,124907,3854,2121239,4940300
4627,190,220,124717,3824,2121459,4905600
4628,186,215,124531,3795,2121674,5109300
4629,193,194,124338,3794,2121868,4810500
4630,186,190,124152,3790,2122058,5065200
4631,186,219,123966,3757,2122277,4800800
4632,161,170,123805,3748,2122447,4904100
4633,181,193,123624,3736,2122640,4848600
4634,188,184,123436,3740,2122824,4921400
4635,175,200,123261,3715,2123024,4755300
4636,194,200,123067,3709,2123224,4823200
4637,166,198,122901,3677,2123422,4732400
4638,168,172,122733,3673,2123594,4734900
4639,171,168,122562,3676,2123762,5018800
4640,181,179,122381,3678,2123941,4694800
4641,191,174,122190,3695,2124115,4827100
4642,176,196,122014,3675,2124311,5119700
4643,169,176,121845,3668,2124487,5192200
4644,168,194,121677,3642,2124681,4868900
4645,196,194,121481,3644,2124875,5272700
4646,173,187,121308,3630,2125062,5017700
4647,192,171,121116,3651,2125233,4914600
4648,179,164,120937,3666,2125397,5052500
4649,174,191,120763,3649,2125588,4824900
4650,170,169,120593,3650,2125757,4903000
4651,194,198,120399,3646,2125955,5066500
4652,206,195,120193,3657,2126150,4899200
4653,162,200,120031,3619,2126350,4781200
4654,184,185,119847,3618,2126535,4749200
4655,201,192,119646,3627,2126727,4721700
4656,203,161,119443,3669,2126888,4618800
4657,214,195,119229,3688,2127083,4593000
4658,192,176,119037,3704,2127259,5006300
4659,204,175,118833,3733,2127434,4889700
4660,183,183,118650,3733,2127617,4857100
4661,199,180,118451,3752,2127797,4761800
4662,193,184,118258,3761,2127981,4793100
4663,189,187,118069,3763,2128168,4661100
4664,185,176,117884,3772,2128344,4706200
4665,184,196,117700,3760,2128540,4871500
4666,186,207,117514,3739,2128747,4672700
4667,176,196,117338,3719,2128943,4652300
4668,179,181,117159,3717,2129124,4977800
4669,195,173,116964,3739,2129297,4790700
4670,175,193,116789,3721,2129490,4903500
4671,175,186,116614,3710,2129676,4714900
4672,184,189,116430,3705,2129865,4821000
4673,185,192,116245,3698,2130057,4761300
4674,195,189,116050,3704,2130246,4639300
4675,190,189,115860,3705,2130435,4713700
4676,178,188,115682,3695,2130623,4544700
4677,188,184,115494,3699,2130807,4625100
4678,176,206,115318,3669,2131013,5110300
4679,181,201,115137,3649,2131214,5095900
4680,183,199,114954,3633,2131413,4999800
4681,188,163,114766,3658,2131576,4793400
4682,206,193,114560,3671,2131769,4616200
4683,191,187,114369,3675,2131956,4808200
4684,190,199,114179,3666,2132155,4686700
4685,187,188,113992,3665,2132343,4604900
4686,193,172,113799,3686,2132515,4601500
4687,172,184,113627,3674,2132699,4739800
4688,162,171,113465,3665,2132870,4549200
4689,174,178,113291,3661,2133048,4571800
4690,172,188,113119,3645,2133236,4951400
4691,164,162,112955,3647,2133398,4922300
4692,153,183,112802,3617,2133581,4628000
4693,170,194,112632,3593,2133775,4817600
4694,175,180,112457,3588,2133955,4763600
4695,194,159,112263,3623,2134114,4781500
4696,169,173,112094,3619,2134287,4789400
4697,171,181,111923,3609,2134468,5429600
4698,175,191,111748,3593,2134659,4638100
4699,176,178,111572,3591,2134837,4503600
4700,201,195,111371,3597,2135032,4924900
4701,162,187,111209,3572,2135219,4678200
4702,159,175,111050,3556,2135394,4819300
4703,191,174,110859,3573,2135568,4617100
4704,162,159,110697,3576,2135727,4734100
4705,180,180,110517,3576,2135907,4550300
4706,193,170,110324,3599,2136077,4571100
4707,166,191,110158,3574,2136268,5118000
4708,194,197,109964,3571,2136465,5079500
4709,162,192,109802,3541,2136657,5073400
4710,181,207,109621,3515,2136864,5399800
4711,187,168,109434,3534,2137032,5246800
4712,182,155,109252,3561,2137187,5447000
4713,194,173,109058,3582,2137360,5430600
4714,186,175,108872,3593,2137535,5423500
4715,183,176,108689,3600,2137711,5575400
4716,177,199,108512,3578,2137910,5056900
4717,189,202,108323,3565,2138112,4912600
4718,175,188,108148,3552,2138300,4895600
4719,195,169,107953,3578,2138469,5166000
4720,218,184,107735,3612,2138653,5025300
4721,174,179,107561,3607,2138832,5021900
4722,163,191,107398,3579,2139023,5432500
4723,159,194,107239,3544,2139217,4934100
4724,174,185,107065,3533,2139402,5114200
4725,176,184,106889,3525,2139586,5203100
4726,170,188,106719,3507,2139774,4881500
4727,185,185,106534,3507,2139959,4998800
4728,179,180,106355,3506,2140139,5245400
4729,177,201,106178,3482,2140340,4867200
4730,177,177,106001,3482,2140517,4758900
4731,166,160,105835,3488,2140677,4548500
4732,175,178,105660,3485,2140855,4521300
4733,172,159,105488,3498,2141014,4743100
4734,160,171,105328,3487,2141185,4651300
4735,179,199,105149,3467,2141384,4693000
4736,184,175,104965,3476,2141559,4694900
4737,153,164,104812,3465,2141723,4519000
4738,168,170,104644,3463,2141893,4753800
4739,183,166,104461,3480,2142059,4924700
4740,147,161,104314,3466,2142220,4638100
4741,163,161,104151,3468,2142381,4695400
4742,189,140,103962,3517,2142521,4724800
4743,201,177,103761,3541,2142698,4535500
4744,177,161,103584,3557,2142859,4651900
4745,195,164,103389,3588,2143023,4769000
4746,175,180,103214,3583,2143203,4690000
4747,180,162,103034,3601,2143365,4845800
4748,170,190,102864,3581,2143555,4943500
4749,154,155,102710,3580,2143710,4875100
4750,163,177,102547,3566,2143887,4711200
4751,169,191,102378,3544,2144078,4804300
4752,172,174,102206,3542,2144252,4882400
4753,194,143,102012,3593,2144395,4584000
4754,159,178,101853,3574,2144573,4607900
4755,156,168,101697,3562,2144741,4574400
4756,160,188,101537,3534,2144929,4798700
4757,174,178,101363,3530,2145107,4559400
4758,165,168,101198,3527,2145275,4679000
4759,197,181,101001,3543,2145456,4622500
4760,182,182,100819,3543,2145638,4721800
4761,171,171,100648,3543,2145809,4650700
4762,181,173,100467,3551,2145982,4663100
4763,172,153,100295,3570,2146135,4570000
4764,189,186,100106,3573,2146321,4960500
4765,172,205,99934,3540,2146526,4669800
4766,179,154,99755,3565,2146680,4742800
4767,179,196,99576,3548,2146876,4804700
4768,177,179,99399,3546,2147055,4687000
4769,177,174,99222,3549,2147229,4814900
4770,186,178,99036,3557,2147407,4586900
4771,197,181,98839,3573,2147588,4680500
4772,191,154,98648,3610,2147742,4783800
4773,166,203,98482,3573,2147945,4547600
4774,185,178,98297,3580,2148123,4748600
4775,174,166,98123,3588,2148289,4668600
4776,170,213,97953,3545,2148502,4732300
4777,164,179,97789,3530,2148681,4700900
4778,169,190,97620,3509,2148871,4556200
4779,189,180,97431,3518,2149051,4505400
4780,192,182,97239,3528,2149233,4554400
4781,186,174,97053,3540,2149407,4611000
4782,199,170,96854,3569,2149577,4597700
4783,181,187,96673,3563,2149764,4619400
4784,197,199,96476,3561,2149963,4673300
4785,174,194,96302,3541,2150157,4609400
4786,181,189,96121,3533,2150346,4640300
4787,183,204,95938,3512,2150550,4620900
4788,185,186,95753,3511,2150736,4691400
4789,181,165,95572,3527,2150901,4547400
4790,179,168,95393,3538,2151069,4737600
4791,181,179,95212,3540,2151248,4761200
4792,192,169,95020,3563,2151417,4613700
4793,193,184,94827,3572,2151601,4629800
4794,201,181,94626,3592,2151782,4780200
4795,176,176,94450,3592,2151958,4848800
4796,190,159,94260,3623,2152117,4692800
4797,183,158,94077,3648,2152275,4796200
4798,191,186,93886,3653,2152461,4915700
4799,198,196,93688,3655,2152657,4785200
4800,206,158,93482,3703,2152815,4696700
4801,175,193,93307,3685,2153008,4773000
4802,191,186,93116,3690,2153194,4733100
4803,183,177,92933,3696,2153371,4878300
4804,188,188,92745,3696,2153559,5033200
4805,194,160,92551,3730,2153719,4985100
4806,204,178,92347,3756,2153897,4891100
4807,158,191,92189,3723,2154088,4765600
4808,166,172,92023,3717,2154260,4598700
4809,163,191,91860,3689,2154451,4716300
4810,178,190,91682,3677,2154641,4609300
4811,184,184,91498,3677,2154825,4690900
4812,171,170,91327,3678,2154995,4615000
4813,170,180,91157,3668,2155175,4566500
4814,181,158,90976,3691,2155333,4587000
4815,175,179,90801,3687,2155512,4575800
4816,172,182,90629,3677,2155694,4774600
4817,182,180,90447,3679,2155874,4698400
4818,186,164,90261,3701,2156038,4845600
4819,173,193,90088,3681,2156231,4736700
4820,199,157,89889,3723,2156388,4559800
4821,203,184,89686,3742,2156572,4779500
4822,185,160,89501,3767,2156732,4647000
4823,198,211,89303,3754,2156943,4719800
4824,191,179,89112,3766,2157122,4728500
4825,182,206,88930,3742,2157328,4761900
4826,164,193,88766,3713,2157521,4482300
4827,159,203,88607,3669,2157724,4722300
4828,163,167,88444,3665,2157891,4670100
4829,190,181,88254,3674,2158072,4541200
4830,177,185,88077,3666,2158257,4544300
4831,172,178,87905,3660,2158435,4708400
4832,181,171,87724,3670,2158606,4659500
4833,170,178,87554,3662,2158784,4943600
4834,187,205,87367,3644,2158989,4860200
4835,178,185,87189,3637,2159174,4702400
4836,162,189,87027,3610,2159363,4634500
4837,160,177,86867,3593,2159540,4632100
4838,150,170,86717,3573,2159710,4854500
4839,161,158,86556,3576,2159868,4580000
4840,165,186,86391,3555,2160054,4653000
4841,171,185,86220,3541,2160239,4699200
4842,180,156,86040,3565,2160395,4666500
4843,195,182,85845,3578,2160577,4444100
4844,168,160,85677,3586,2160737,5089600
4845,163,200,85514,3549,2160937,4737200
4846,174,188,85340,3535,2161125,4730500
4847,172,161,85168,3546,2161286,4839800
4848,178,186,84990,3538,2161472,4567900
4849,152,202,84838,3488,2161674,4540300
4850,158,170,84680,3476,2161844,4613300
4851,161,179,84519,3458,2162023,4483000
4852,155,169,84364,3444,2162192,4524400
4853,167,178,84197,3433,2162370,4564200
4854,162,178,84035,3417,2162548,4707300
4855,179,172,83856,3424,2162720,4485100
4856,161,165,83695,3420,2162885,4796000
4857,140,172,83555,3388,2163057,4645400
4858,146,198,83409,3336,2163255,4683200
4859,160,195,83249,3301,2163450,4564200
4860,167,147,83082,3321,2163597,4664500
4861,182,157,82900,3346,2163754,4794700
4862,163,172,82737,3337,2163926,4851100
4863,168,161,82569,3344,2164087,4879300
4864,170,173,82399,3341,2164260,4689300
4865,145,162,82254,3324,2164422,4768000
4866,160,150,82094,3334,2164572,4534500
4867,174,155,81920,3353,2164727,4762700
4868,162,192,81758,3323,2164919,4601400
4869,175,173,81583,3325,2165092,4578500
4870,167,173,81416,3319,2165265,4615400
4871,162,194,81254,3287,2165459,4748800
4872,156,186,81098,3257,2165645,4563600
4873,153,185,80945,3225,2165830,4658200
4874,170,171,80775,3224,2166001,4743200
4875,189,147,80586,3266,2166148,4934800
4876,159,170,80427,3255,2166318,4704400
4877,134,168,80293,3221,2166486,4739900
4878,158,161,80135,3218,2166647,4625800
4879,160,163,79975,3215,2166810,4764700
4880,168,179,79807,3204,2166989,4822900
4881,150,165,79657,3189,2167154,4668700
4882,155,172,79502,3172,2167326,4673100
4883,184,146,79318,3210,2167472,4571900
4884,145,169,79173,3186,2167641,4720700
4885,174,134,78999,3226,2167775,4639000
4886,183,176,78816,3233,2167951,4704600
4887,182,149,78634,3266,2168100,4797000
4888,147,174,78487,3239,2168274,4795600
4889,168,151,78319,3256,2168425,4801800
4890,161,141,78158,3276,2168566,4770000
4891,147,184,78011,3239,2168750,4789200
4892,144,181,77867,3202,2168931,4581500
4893,146,190,77721,3158,2169121,4589000
4894,144,162,77577,3140,2169283,4759400
4895,150,153,77427,3137,2169436,4761300
4896,157,152,77270,3142,2169588,4514900
4897,151,156,77119,3137,2169744,5101300
4898,142,149,76977,3130,2169893,4815100
4899,135,159,76842,3106,2170052,4578600
4900,155,157,76687,3104,2170209,4956600
4901,129,154,76558,3079,2170363,4573100
4902,158,140,76400,3097,2170503,4603600
4903,129,141,76271,3085,2170644,4585200
4904,138,173,76133,3050,2170817,4882500
4905,148,134,75985,3064,2170951,4654600
4906,149,146,75836,3067,2171097,4611400
4907,153,159,75683,3061,2171256,4698900
4908,130,146,75553,3045,2171402,4700900
4909,148,168,75405,3025,2171570,4795500
4910,150,149,75255,3026,2171719,4679200
4911,143,147,75112,3022,2171866,4863000
4912,133,135,74979,3020,2172001,4744500
4913,120,136,74859,3004,2172137,4875300
4914,142,158,74717,2988,2172295,4701900
4915,130,156,74587,2962,2172451,4752900
4916,150,145,74437,2967,2172596,4943000
4917,125,156,74312,2936,2172752,4842100
4918,124,177,74188,2883,2172929,4757300
4919,115,154,74073,2844,2173083,4633200
4920,132,147,73941,2829,2173230,4779300
4921,124,147,73817,2806,2173377,4805700
4922,135,135,73682,2806,2173512,4809000
4923,135,163,73547,2778,2173675,4791400
4924,132,144,73415,2766,2173819,4617300
4925,126,150,73289,2742,2173969,4631800
4926,116,142,73173,2716,2174111,4477000
4927,129,130,73044,2715,2174241,4541600
4928,135,143,72909,2707,2174384,4644400
4929,139,128,72770,2718,2174512,4600400
4930,132,141,72638,2709,2174653,4528400
4931,138,137,72500,2710,2174790,4736800
4932,133,134,72367,2709,2174924,4624100
4933,125,138,72242,2696,2175062,4932300
4934,135,123,72107,2708,2175185,4549300
4935,141,160,71966,2689,2175345,4582000
4936,123,134,71843,2678,2175479,4454100
4937,127,129,71716,2676,2175608,4557600
4938,137,135,71579,2678,2175743,4623500
4939,134,128,71445,2684,2175871,4463900
4940,121,115,71324,2690,2175986,4554000
4941,146,145,71178,2691,2176131,4587900
4942,127,124,71051,2694,2176255,4497300
4943,142,137,70909,2699,2176392,4588200
4944,133,125,70776,2707,2176517,4780900
4945,133,138,70643,2702,2176655,4758300
4946,147,119,70496,2730,2176774,4731900
4947,141,116,70355,2755,2176890,4706000
4948,148,147,70207,2756,2177037,4726700
4949,132,135,70075,2753,2177172,4690200
4950,125,138,69950,2740,2177310,4797800
4951,128,119,69822,2749,2177429,4634700
4952,130,135,69692,2744,2177564,4636200
4953,141,136,69551,2749,2177700,4598500
4954,118,138,69433,2729,2177838,4607100
4955,125,131,69308,2723,2177969,4467600
4956,140,151,69168,2712,2178120,4622700
4957,133,136,69035,2709,2178256,4770100
4958,116,122,68919,2703,2178378,4774400
4959,128,132,68791,2699,2178510,4667100
4960,145,133,68646,2711,2178643,4797000
4961,127,141,68519,2697,2178784,4580900
4962,125,138,68394,2684,2178922,4794300
4963,128,128,68266,2684,2179050,4893200
4964,119,143,68147,2660,2179193,4940600
4965,116,139,68031,2637,2179332,4688100
4966,115,142,67916,2610,2179474,4482200
4967,119,143,67797,2586,2179617,4638500
4968,144,125,67653,2605,2179742,4573700
4969,123,139,67530,2589,2179881,4739000
4970,105,124,67425,2570,2180005,4536000
4971,118,122,67307,2566,2180127,4514900
4972,128,117,67179,2577,2180244,4589000
4973,129,134,67050,2572,2180378,4735400
4974,128,127,66922,2573,2180505,4802600
4975,128,128,66794,2573,2180633,4836100
4976,125,122,66669,2576,2180755,4702900
4977,136,124,66533,2588,2180879,4689300
4978,105,115,66428,2578,2180994,4508800
4979,121,124,66307,2575,2181118,4793200
4980,124,137,66183,2562,2181255,4800200
4981,111,143,66072,2530,2181398,4759000
4982,99,119,65973,2510,2181517,4803700
4983,106,121,65867,2495,2181638,4749500
4984,122,115,65745,2502,2181753,4719800
4985,113,131,65632,2484,2181884,4743600
4986,128,137,65504,2475,2182021,5125700
4987,112,128,65392,2459,2182149,4632600
4988,125,124,65267,2460,2182273,4664500
4989,133,134,65134,2459,2182407,4620700
4990,128,127,65006,2460,2182534,4602600
4991,124,130,64882,2454,2182664,4748500
4992,125,130,64757,2449,2182794,4513600
4993,109,125,64648,2433,2182919,4871900
4994,123,125,64525,2431,2183044,4547000
4995,116,124,64409,2423,2183168,4558800
4996,129,105,64280,2447,2183273,4526700
4997,127,130,64153,2444,2183403,4704300
4998,109,107,64044,2446,2183510,4627100
4999,132,131,63912,2447,2183641,4763800
5000,121,142,63791,2426,2183783,4612100
5001,126,129,63665,2423,2183912,4649400
5002,116,132,63549,2407,2184044,4889000
5003,129,114,63420,2422,2184158,4732100
5004,103,124,63317,2401,2184282,4591200
5005,128,117,63189,2412,2184399,4637300
5006,111,128,63078,2395,2184527,4482200
5007,116,114,62962,2397,2184641,4667900
5008,125,127,62837,2395,2184768,4664100
5009,119,115,62718,2399,2184883,4846100
5010,101,130,62617,2370,2185013,5144400
5011,123,120,62494,2373,2185133,4891500
5012,111,117,62383,2367,2185250,4771900
5013,107,103,62276,2371,2185353,4917500
5014,106,129,62170,2348,2185482,5063900
5015,107,134,62063,2321,2185616,5046900
5016,107,116,61956,2312,2185732,5154600
5017,91,108,61865,2295,2185840,4853100
5018,131,118,61734,2308,2185958,4796700
5019,118,141,61616,2285,2186099,4694800
5020,118,116,61498,2287,2186215,4650100
5021,100,114,61398,2273,2186329,4477500
5022,113,121,61285,2265,2186450,4468000
5023,104,103,61181,2266,2186553,4573000
5024,96,99,61085,2263,2186652,4503100
5025,96,111,60989,2248,2186763,4533300
5026,110,104,60879,2254,2186867,4635500
5027,99,112,60780,2241,2186979,4658100
5028,99,128,60681,2212,2187107,4528700
5029,112,111,60569,2213,2187218,4759100
5030,113,108,60456,2218,2187326,4737300
5031,102,138,60354,2182,2187464,4656100
5032,119,118,60235,2183,2187582,4642600
5033,101,107,60134,2177,2187689,4772100
5034,107,120,60027,2164,2187809,4531000
5035,110,112,59917,2162,2187921,4558000
5036,97,98,59820,2161,2188019,4496400
5037,86,105,59734,2142,2188124,4857200
5038,91,109,59643,2124,2188233,4567000
5039,116,121,59527,2119,2188354,4642700
5040,100,105,59427,2114,2188459,4757700
5041,103,114,59324,2103,2188573,4658100
5042,91,113,59233,2081,2188686,4537000
5043,104,105,59129,2080,2188791,4628600
5044,96,95,59033,2081,2188886,4750100
5045,120,70,58913,2131,2188956,4700300
5046,117,98,58796,2150,2189054,4829500
5047,112,83,58684,2179,2189137,4765800
5048,96,106,58588,2169,2189243,4631300
5049,95,113,58493,2151,2189356,4719200
5050,112,124,58381,2139,2189480,4727200
5051,95,115,58286,2119,2189595,4685600
5052,112,111,58174,2120,2189706,4750200
5053,100,110,58074,2110,2189816,4786900
5054,97,103,57977,2104,2189919,4718700
5055,111,81,57866,2134,2190000,4577100
5056,107,100,57759,2141,2190100,4713700
5057,109,91,57650,2159,2190191,4699900
5058,113,119,57537,2153,2190310,4829500
5059,102,132,57435,2123,2190442,4765400
5060,101,104,57334,2120,2190546,4657100
5061,113,104,57221,2129,2190650,4561200
5062,105,114,57116,2120,2190764,4619500
5063,105,97,57011,2128,2190861,4549100
5064,102,86,56909,2144,2190947,4625400
5065,94,117,56815,2121,2191064,4518200
5066,98,97,56717,2122,2191161,4569800
5067,90,112,56627,2100,2191273,4782500
5068,85,90,56542,2095,2191363,4677600
5069,89,92,56453,2092,2191455,4577900
5070,87,91,56366,2088,2191546,4779900
5071,98,102,56268,2084,2191648,4505200
5072,92,107,56176,2069,2191755,4507600
5073,88,102,56088,2055,2191857,4833600
5074,83,95,56005,2043,2191952,4722300
5075,96,105,55909,2034,2192057,4576300
5076,86,105,55823,2015,2192162,4731100
5077,86,106,55737,1995,2192268,4645300
5078,100,93,55637,2002,2192361,4525000
5079,104,92,55533,2014,2192453,4640700
5080,93,112,55440,1995,2192565,4790000
5081,83,101,55357,1977,2192666,4577900
5082,81,104,55276,1954,2192770,4636500
5083,72,98,55204,1928,2192868,4955400
5084,78,94,55126,1912,2192962,4604700
5085,77,82,55049,1907,2193044,4590900
5086,79,90,54970,1896,2193134,4771700
5087,78,82,54892,1892,2193216,4740800
5088,91,99,54801,1884,2193315,4748200
5089,85,95,54716,1874,2193410,4655000
5090,71,97,54645,1848,2193507,4704800
5091,82,101,54563,1829,2193608,4599900
5092,68,96,54495,1801,2193704,4682800
5093,75,77,54420,1799,2193781,4607100
5094,91,85,54329,1805,2193866,4670800
5095,82,73,54247,1814,2193939,4470800
5096,64,96,54183,1782,2194035,4795400
5097,85,104,54098,1763,2194139,4666600
5098,77,109,54021,1731,2194248,4679000
5099,79,97,53942,1713,2194345,4580600
5100,67,71,53875,1709,2194416,4694800
5101,71,85,53804,1695,2194501,4681100
5102,81,85,53723,1691,2194586,4769200
5103,75,86,53648,1680,2194672,5003900
5104,84,72,53564,1692,2194744,4907600
5105,78,86,53486,1684,2194830,4709400
5106,73,80,53413,1677,2194910,4612700
5107,66,83,53347,1660,2194993,4550300
5108,71,63,53276,1668,2195056,4556900
5109,71,93,53205,1646,2195149,4776500
5110,71,75,53134,1642,2195224,4822100
5111,89,83,53045,1648,2195307,4716800
5112,74,86,52971,1636,2195393,4547100
5113,60,84,52911,1612,2195477,4861500
5114,77,68,52834,1621,2195545,4987100
5115,64,79,52770,1606,2195624,4836600
5116,83,81,52687,1608,2195705,5079700
5117,79,77,52608,1610,2195782,4928800
5118,71,75,52537,1606,2195857,4846800
5119,65,92,52472,1579,2195949,4835000
5120,65,69,52407,1575,2196018,4819400
5121,61,75,52346,1561,2196093,4628400
5122,62,84,52284,1539,2196177,4693300
5123,51,78,52233,1512,2196255,4753500
5124,58,81,52175,1489,2196336,4638800
5125,58,72,52117,1475,2196408,4678100
5126,70,71,52047,1474,2196479,4715800
5127,52,97,51995,1429,2196576,4673700
5128,51,60,51944,1420,2196636,4828600
5129,62,73,51882,1409,2196709,4812100
5130,70,90,51812,1389,2196799,4840200
5131,50,63,51762,1376,2196862,4801800
5132,68,77,51694,1367,2196939,4655000
5133,59,45,51635,1381,2196984,4731300
5134,55,63,51580,1373,2197047,4832600
5135,56,58,51524,1371,2197105,5074700
5136,51,59,51473,1363,2197164,4956700
5137,47,55,51426,1355,2197219,4687600
5138,60,63,51366,1352,2197282,4999800
5139,49,69,51317,1332,2197351,4790200
5140,54,60,51263,1326,2197411,4647400
5141,44,73,51219,1297,2197484,4783500
5142,54,63,51165,1288,2197547,4850400
5143,53,70,51112,1271,2197617,4840400
5144,57,59,51055,1269,2197676,4615400
5145,68,80,50987,1257,2197756,4809100
5146,69,66,50918,1260,2197822,4913300
5147,76,75,50842,1261,2197897,4744800
5148,60,68,50782,1253,2197965,5071700
5149,55,58,50727,1250,2198023,4789400
5150,59,64,50668,1245,2198087,4611900
5151,44,67,50624,1222,2198154,5033600
5152,47,74,50577,1195,2198228,4796200
5153,44,56,50533,1183,2198284,4618200
5154,60,53,50473,1190,2198337,4901300
5155,70,54,50403,1206,2198391,4618400
5156,58,72,50345,1192,2198463,4668600
5157,63,64,50282,1191,2198527,4772200
5158,56,60,50226,1187,2198587,4667100
5159,66,53,50160,1200,2198640,4616800
5160,58,66,50102,1192,2198706,4474800
5161,55,52,50047,1195,2198758,4753600
5162,60,70,49987,1185,2198828,4677400
5163,68,54,49919,1199,2198882,4588400
5164,53,52,49866,1200,2198934,4578200
5165,58,55,49808,1203,2198989,4739800
5166,68,61,49740,1210,2199050,4595500
5167,67,51,49673,1226,2199101,4460000
5168,61,67,49612,1220,2199168,4654100
5169,43,47,49569,1216,2199215,4614500
5170,69,58,49500,1227,2199273,4630000
5171,59,55,49441,1231,2199328,4701700
5172,56,60,49385,1227,2199388,4829600
5173,59,65,49326,1221,2199453,4988100
5174,66,61,49260,1226,2199514,4915000
5175,65,69,49195,1222,2199583,4962700
5176,51,48,49144,1225,2199631,4753500
5177,74,53,49070,1246,2199684,4682200
5178,56,59,49014,1243,2199743,4711000
5179,59,55,48955,1247,2199798,4440500
5180,63,71,48892,1239,2199869,4712500
5181,61,61,48831,1239,2199930,4754200
5182,55,49,48776,1245,2199979,4532300
5183,49,74,48727,1220,2200053,4578300
5184,52,62,48675,1210,2200115,4630600
5185,49,69,48626,1190,2200184,4605600
5186,56,59,48570,1187,2200243,4484900
5187,51,60,48519,1178,2200303,4702100
5188,53,64,48466,1167,2200367,4599200
5189,58,51,48408,1174,2200418,4523900
5190,55,56,48353,1173,2200474,4551600
5191,48,60,48305,1161,2200534,4679800
5192,58,59,48247,1160,2200593,4528800
5193,49,64,48198,1145,2200657,4433400
5194,66,54,48132,1157,2200711,4889900
5195,53,56,48079,1154,2200767,4835400
5196,49,59,48030,1144,2200826,4647100
5197,39,62,47991,1121,2200888,4531200
5198,56,45,47935,1132,2200933,4609400
5199,54,50,47881,1136,2200983,4664500
5200,57,55,47824,1138,2201038,4790600
5201,57,44,47767,1151,2201082,4891100
5202,55,71,47712,1135,2201153,4577500
5203,59,53,47653,1141,2201206,4408400
5204,43,52,47610,1132,2201258,4647800
5205,53,44,47557,1141,2201302,4502100
5206,39,58,47518,1122,2201360,4630400
5207,53,63,47465,1112,2201423,4513900
5208,57,76,47408,1093,2201499,4804300
5209,40,56,47368,1077,2201555,4694000
5210,52,55,47316,1074,2201610,4499200
5211,47,52,47269,1069,2201662,4591400
5212,51,52,47218,1068,2201714,4525500
5213,48,58,47170,1058,2201772,4648600
5214,43,46,47127,1055,2201818,4957400
5215,44,59,47083,1040,2201877,4743200
5216,48,39,47035,1049,2201916,4550000
5217,59,51,46976,1057,2201967,4445400
5218,40,63,46936,1034,2202030,4628600
5219,44,49,46892,1029,2202079,4402600
5220,47,60,46845,1016,2202139,4503300
5221,45,63,46800,998,2202202,4668600
5222,44,51,46756,991,2202253,4927800
5223,51,42,46705,1000,2202295,4795000
5224,43,40,46662,1003,2202335,4683400
5225,44,48,46618,999,2202383,4960300
5226,41,47,46577,993,2202430,4923300
5227,38,59,46539,972,2202489,5095700
5228,44,41,46495,975,2202530,4963400
5229,52,47,46443,980,2202577,4724300
5230,45,57,46398,968,2202634,4841700
5231,55,50,46343,973,2202684,4848000
5232,39,55,46304,957,2202739,4614500
5233,42,43,46262,956,2202782,4769900
5234,49,43,46213,962,2202825,4752700
5235,47,44,46166,965,2202869,4748200
5236,42,38,46124,969,2202907,4650600
5237,44,57,46080,956,2202964,4621600
5238,41,43,46039,954,2203007,4506700
5239,40,34,45999,960,2203041,4581700
5240,48,46,45951,962,2203087,4671600
5241,54,51,45897,965,2203138,4555300
5242,46,48,45851,963,2203186,4460200
5243,43,47,45808,959,2203233,4753500
5244,40,41,45768,958,2203274,4557700
5245,42,58,45726,942,2203332,4657100
5246,43,56,45683,929,2203388,4483800
5247,44,50,45639,923,2203438,4415000
5248,41,54,45598,910,2203492,4493600
5249,36,45,45562,901,2203537,4643800
5250,46,36,45516,911,2203573,4516800
5251,62,50,45454,923,2203623,4699700
5252,47,31,45407,939,2203654,4434500
5253,49,39,45358,949,2203693,4429500
5254,38,40,45320,947,2203733,4853700
5255,41,47,45279,941,2203780,4645700
5256,41,45,45238,937,2203825,4715100
5257,44,50,45194,931,2203875,4740600
5258,36,50,45158,917,2203925,4649600
5259,35,39,45123,913,2203964,4509300
5260,37,39,45086,911,2204003,4600400
5261,41,59,45045,893,2204062,4686200
5262,39,42,45006,890,2204104,4653500
5263,49,36,44957,903,2204140,4465400
5264,38,50,44919,891,2204190,4616400
5265,42,47,44877,886,2204237,4586600
5266,48,36,44829,898,2204273,4774000
5267,37,35,44792,900,2204308,4813500
5268,42,37,44750,905,2204345,4578100
5269,39,45,44711,899,2204390,4648900
5270,47,40,44664,906,2204430,4600800
5271,43,41,44621,908,2204471,4712700
5272,40,40,44581,908,2204511,4825600
5273,44,42,44537,910,2204553,4568400
5274,34,41,44503,903,2204594,4815800
5275,35,36,44468,902,2204630,4692300
5276,43,52,44425,893,2204682,4719300
5277,39,36,44386,896,2204718,4591500
5278,41,30,44345,907,2204748,4571200
5279,44,50,44301,901,2204798,4613300
5280,33,51,44268,883,2204849,4617400
5281,40,45,44228,878,2204894,4709700
5282,37,49,44191,866,2204943,4705700
5283,41,57,44150,850,2205000,4573100
5284,39,39,44111,850,2205039,4696700
5285,41,39,44070,852,2205078,4657300
5286,35,44,44035,843,2205122,4720400
5287,33,38,44002,838,2205160,4900000
5288,35,43,43967,830,2205203,4528200
5289,40,42,43927,828,2205245,4617600
5290,42,36,43885,834,2205281,4647600
5291,33,32,43852,835,2205313,4518600
5292,51,35,43801,851,2205348,4729000
5293,41,47,43760,845,2205395,4580600
5294,31,44,43729,832,2205439,4853500
5295,39,43,43690,828,2205482,4458500
5296,39,41,43651,826,2205523,4416700
5297,41,32,43610,835,2205555,4616500
5298,34,40,43576,829,2205595,4550800
5299,42,41,43534,830,2205636,4662200
5300,33,41,43501,822,2205677,4748900
5301,40,41,43461,821,2205718,4809800
5302,37,36,43424,822,2205754,5124100
5303,48,41,43376,829,2205795,4845800
5304,42,40,43334,831,2205835,5131300
5305,40,41,43294,830,2205876,4815100
5306,45,43,43249,832,2205919,5003500
5307,48,33,43201,847,2205952,5055200
5308,64,42,43137,869,2205994,4692100
5309,40,37,43097,872,2206031,4808500
5310,43,42,43054,873,2206073,5049600
5311,57,39,42997,891,2206112,4632500
5312,54,40,42943,905,2206152,4830900
5313,39,42,42904,902,2206194,5060100
5314,49,45,42855,906,2206239,4805100
5315,40,54,42815,892,2206293,4973000
5316,41,46,42774,887,2206339,4957600
5317,42,49,42732,880,2206388,4665300
5318,29,47,42703,862,2206435,4725100
5319,49,45,42654,866,2206480,4816900
5320,40,38,42614,868,2206518,4706400
5321,46,48,42568,866,2206566,4794000
5322,51,31,42517,886,2206597,4857000
5323,46,33,42471,899,2206630,4923500
5324,41,40,42430,900,2206670,4921400
5325,41,53,42389,888,2206723,4870700
5326,40,37,42349,891,2206760,5106300
5327,44,50,42305,885,2206810,4891400
5328,37,50,42268,872,2206860,4800800
5329,43,38,42225,877,2206898,5003300
5330,43,35,42182,885,2206933,4769600
5331,37,51,42145,871,2206984,4792300
5332,38,53,42107,856,2207037,4783200
5333,39,43,42068,852,2207080,4537500
5334,41,44,42027,849,2207124,4473700
5335,38,50,41989,837,2207174,4689200
5336,30,50,41959,817,2207224,4883100
5337,40,54,41919,803,2207278,4710700
5338,35,32,41884,806,2207310,4689400
5339,36,45,41848,797,2207355,4673700
5340,35,34,41813,798,2207389,4702200
5341,30,45,41783,783,2207434,4664400
5342,38,44,41745,777,2207478,4850000
5343,42,43,41703,776,2207521,4936100
5344,33,30,41670,779,2207551,5007000
5345,39,32,41631,786,2207583,5233800
5346,43,44,41588,785,2207627,4908300
5347,39,44,41549,780,2207671,4997000
5348,38,37,41511,781,2207708,5045700
5349,34,46,41477,769,2207754,5027300
5350,37,45,41440,761,2207799,4811900
5351,40,28,41400,773,2207827,4812100
5352,32,37,41368,768,2207864,4726000
5353,31,45,41337,754,2207909,4709400
5354,49,34,41288,769,2207943,4873000
5355,32,24,41256,777,2207967,4899800
5356,39,33,41217,783,2208000,4844900
5357,30,42,41187,771,2208042,4775600
5358,39,34,41148,776,2208076,5112600
5359,39,31,41109,784,2208107,4893300
5360,46,46,41063,784,2208153,4767600
5361,44,42,41019,786,2208195,4934000
5362,39,50,40980,775,2208245,5043800
5363,36,39,40944,772,2208284,4847200
5364,29,37,40915,764,2208321,4933400
5365,32,32,40883,764,2208353,4905800
5366,41,40,40842,765,2208393,4800000
5367,35,41,40807,759,2208434,4764700
5368,37,41,40770,755,2208475,4636200
5369,43,35,40727,763,2208510,4913300
5370,41,37,40686,767,2208547,4577000
5371,34,47,40652,754,2208594,4739800
5372,43,36,40609,761,2208630,4587500
5373,35,30,40574,766,2208660,4652300
5374,29,38,40545,757,2208698,4530700
5375,41,45,40504,753,2208743,4507700
5376,52,44,40452,761,2208787,4558800
5377,47,41,40405,767,2208828,4601400
5378,41,33,40364,775,2208861,4562600
5379,42,48,40322,769,2208909,4452600
5380,35,37,40287,767,2208946,4401700
5381,41,39,40246,769,2208985,4746800
5382,40,31,40206,778,2209016,4587300
5383,36,41,40170,773,2209057,4788200
5384,36,34,40134,775,2209091,4755500
5385,32,27,40102,780,2209118,4898500
5386,40,31,40062,789,2209149,4764000
5387,39,33,40023,795,2209182,4624700
5388,28,42,39995,781,2209224,4728800
5389,33,40,39962,774,2209264,4923500
5390,44,38,39918,780,2209302,5187100
5391,34,28,39884,786,2209330,5112400
5392,32,32,39852,786,2209362,5076200
5393,27,41,39825,772,2209403,5069900
5394,35,45,39790,762,2209448,5032400
5395,33,41,39757,754,2209489,5117400
5396,31,33,39726,752,2209522,5050900
5397,26,31,39700,747,2209553,4867100
5398,39,43,39661,743,2209596,5024700
5399,21,43,39640,721,2209639,4928700
5400,31,39,39609,713,2209678,5171600
5401,32,50,39577,695,2209728,5037900
5402,34,38,39543,691,2209766,4858500
5403,25,39,39518,677,2209805,4871700
5404,32,39,39486,670,2209844,4916100
5405,30,38,39456,662,2209882,4870000
5406,26,37,39430,651,2209919,4722600
5407,35,34,39395,652,2209953,4902100
5408,30,30,39365,652,2209983,4970800
5409,26,29,39339,649,2210012,5323000
5410,24,32,39315,641,2210044,5224400
5411,39,28,39276,652,2210072,5105600
5412,31,35,39245,648,2210107,4877300
5413,23,29,39222,642,2210136,4942100
5414,29,34,39193,637,2210170,4708400
5415,30,34,39163,633,2210204,4666000
5416,23,24,39140,632,2210228,4587800
5417,25,30,39115,627,2210258,4498600
5418,33,25,39082,635,2210283,4574100
5419,31,32,39051,634,2210315,4570000
5420,43,31,39008,646,2210346,4573300
5421,19,30,38989,635,2210376,4562400
5422,29,27,38960,637,2210403,4653200
5423,35,35,38925,637,2210438,4825900
5424,22,34,38903,625,2210472,4671700
5425,32,36,38871,621,2210508,4538300
5426,28,30,38843,619,2210538,4533700
5427,29,34,38814,614,2210572,4751800
5428,24,27,38790,611,2210599,4866900
5429,18,30,38772,599,2210629,5074700
5430,35,33,38737,601,2210662,4885500
5431,36,31,38701,606,2210693,4784700
5432,24,30,38677,600,2210723,4820600
5433,28,26,38649,602,2210749,4674000
5434,35,26,38614,611,2210775,4837500
5435,31,21,38583,621,2210796,4956100
5436,23,34,38560,610,2210830,5115800
5437,43,32,38517,621,2210862,5282100
5438,38,28,38479,631,2210890,4761800
5439,36,37,38443,630,2210927,4891400
5440,32,22,38411,640,2210949,4658600
5441,26,43,38385,623,2210992,4893200
5442,33,33,38352,623,2211025,5102000
5443,32,25,38320,630,2211050,5215200
5444,26,28,38294,628,2211078,5017600
5445,32,36,38262,624,2211114,4809300
5446,23,32,38239,615,2211146,4721200
5447,25,28,38214,612,2211174,4694300
5448,39,32,38175,619,2211206,4547300
5449,32,25,38143,626,2211231,4741000
5450,25,26,38118,625,2211257,4743600
5451,29,35,38089,619,2211292,4880100
5452,27,37,38062,609,2211329,5202500
5453,27,37,38035,599,2211366,4981700
5454,29,29,38006,599,2211395,4845100
5455,18,25,37988,592,2211420,4685500
5456,23,21,37965,594,2211441,4599200
5457,19,24,37946,589,2211465,4708600
5458,21,24,37925,586,2211489,4885000
5459,23,26,37902,583,2211515,4498900
5460,21,31,37881,573,2211546,4486400
5461,20,34,37861,559,2211580,4634000
5462,16,25,37845,550,2211605,4741600
5463,22,29,37823,543,2211634,4604500
5464,19,17,37804,545,2211651,4473200
5465,21,22,37783,544,2211673,4779100
5466,22,30,37761,536,2211703,4812000
5467,23,28,37738,531,2211731,4596700
5468,25,18,37713,538,2211749,4599100
5469,24,28,37689,534,2211777,4789900
5470,23,25,37666,532,2211802,4518200
5471,19,22,37647,529,2211824,4542900
5472,31,15,37616,545,2211839,4632000
5473,36,27,37580,554,2211866,4677700
5474,29,24,37551,559,2211890,4370700
5475,26,33,37525,552,2211923,4498000
5476,27,30,37498,549,2211953,4600400
5477,14,25,37484,538,2211978,4455900
5478,22,36,37462,524,2212014,4745000
5479,22,22,37440,524,2212036,4621900
5480,19,23,37421,520,2212059,4590000
5481,21,35,37400,506,2212094,4594200
5482,30,34,37370,502,2212128,5012600
5483,21,19,37349,504,2212147,4684100
5484,32,27,37317,509,2212174,4657800
5485,24,26,37293,507,2212200,4600600
5486,23,30,37270,500,2212230,4490000
5487,20,33,37250,487,2212263,4536900
5488,18,22,37232,483,2212285,4443100
5489,15,21,37217,477,2212306,4809800
5490,19,22,37198,474,2212328,4792900
5491,19,31,37179,462,2212359,4924200
5492,21,14,37158,469,2212373,4910500
5493,18,30,37140,457,2212403,4972200
5494,28,22,37112,463,2212425,5059300
5495,18,24,37094,457,2212449,5077900
5496,27,25,37067,459,2212474,4973000
5497,26,28,37041,457,2212502,4842900
5498,17,30,37024,444,2212532,4614600
5499,20,16,37004,448,2212548,4824200
5500,17,29,36987,436,2212577,4491400
5501,25,22,36962,439,2212599,4474200
5502,27,25,36935,441,2212624,4739300
5503,23,19,36912,445,2212643,4589000
5504,21,28,36891,438,2212671,4583900
5505,23,16,36868,445,2212687,5000300
5506,26,30,36842,441,2212717,4734800
5507,22,19,36820,444,2212736,4898900
5508,32,25,36788,451,2212761,4771900
5509,28,26,36760,453,2212787,4836200
5510,26,25,36734,454,2212812,4593200
5511,27,24,36707,457,2212836,4607000
5512,22,24,36685,455,2212860,4760400
5513,26,27,36659,454,2212887,4761800
5514,14,30,36645,438,2212917,4880800
5515,21,21,36624,438,2212938,5619700
5516,16,21,36608,433,2212959,5129600
5517,23,22,36585,434,2212981,4840800
5518,18,21,36567,431,2213002,4918800
5519,21,14,36546,438,2213016,4967200
5520,26,18,36520,446,2213034,5345900
5521,28,23,36492,451,2213057,5042200
5522,19,26,36473,444,2213083,5010300
5523,15,24,36458,435,2213107,4793600
5524,21,32,36437,424,2213139,5032000
5525,30,18,36407,436,2213157,4865400
5526,18,21,36389,433,2213178,4648800
5527,21,18,36368,436,2213196,4761800
5528,28,27,36340,437,2213223,4759400
5529,26,21,36314,442,2213244,4636000
5530,21,21,36293,442,2213265,4664200
5531,28,20,36265,450,2213285,4703100
5532,20,22,36245,448,2213307,4892000
5533,28,23,36217,453,2213330,4637100
5534,24,25,36193,452,2213355,4894300
5535,37,19,36156,470,2213374,4949100
5536,23,23,36133,470,2213397,4876400
5537,25,21,36108,474,2213418,4750200
5538,23,28,36085,469,2213446,4783500
5539,26,21,36059,474,2213467,4910900
5540,25,22,36034,477,2213489,4902000
5541,28,22,36006,483,2213511,4871400
5542,23,28,35983,478,2213539,5355900
5543,26,30,35957,474,2213569,5257000
5544,18,27,35939,465,2213596,5577500
5545,23,28,35916,460,2213624,5445100
5546,9,33,35907,436,2213657,5181700
5547,18,25,35889,429,2213682,4924300
5548,21,21,35868,429,2213703,5175800
5549,17,20,35851,426,2213723,5479100
5550,19,27,35832,418,2213750,4962800
5551,13,14,35819,417,2213764,4878700
5552,13,22,35806,408,2213786,5351700
5553,17,19,35789,406,2213805,4885900
5554,20,19,35769,407,2213824,4982400
5555,15,18,35754,404,2213842,4946500
5556,16,20,35738,400,2213862,4917800
5557,25,13,35713,412,2213875,4627900
5558,21,29,35692,404,2213904,4744700
5559,12,18,35680,398,2213922,4888500
5560,16,21,35664,393,2213943,4967700
5561,27,11,35637,409,2213954,4833700
5562,21,16,35616,414,2213970,4762000
5563,17,21,35599,410,2213991,4977600
5564,23,15,35576,418,2214006,4910500
5565,22,14,35554,426,2214020,4911500
5566,26,22,35528,430,2214042,4855000
5567,20,22,35508,428,2214064,4710500
5568,24,20,35484,432,2214084,4878100
5569,22,26,35462,428,2214110,4787300
5570,18,22,35444,424,2214132,4744900
5571,27,23,35417,428,2214155,4767500
5572,23,18,35394,433,2214173,4656500
5573,25,26,35369,432,2214199,4761900
5574,10,30,35359,412,2214229,4765100
5575,17,31,35342,398,2214260,5053200
5576,20,22,35322,396,2214282,5052600
5577,11,25,35311,382,2214307,4823100
5578,17,16,35294,383,2214323,5183500
5579,14,31,35280,366,2214354,4744700
5580,15,23,35265,358,2214377,5006600
5581,14,23,35251,349,2214400,5058200
5582,14,24,35237,339,2214424,4779900
5583,12,20,35225,331,2214444,4846900
5584,11,22,35214,320,2214466,4857900
5585,11,14,35203,317,2214480,4847000
5586,22,16,35181,323,2214496,4735400
5587,14,22,35167,315,2214518,4926300
5588,12,26,35155,301,2214544,4869800
5589,8,17,35147,292,2214561,4788300
5590,21,18,35126,295,2214579,4896900
5591,16,12,35110,299,2214591,4969400
5592,13,16,35097,296,2214607,5032000
5593,20,15,35077,301,2214622,4901500
5594,13,15,35064,299,2214637,4972300
5595,11,15,35053,295,2214652,5008400
5596,11,21,35042,285,2214673,4881200
5597,13,15,35029,283,2214688,4961200
5598,13,16,35016,280,2214704,4944300
5599,12,16,35004,276,2214720,4861900
5600,11,11,34993,276,2214731,5012000
5601,15,13,34978,278,2214744,4797700
5602,18,9,34960,287,2214753,4883300
5603,18,13,34942,292,2214766,5103500
5604,20,15,34922,297,2214781,4883400
5605,16,16,34906,297,2214797,4796500
5606,17,12,34889,302,2214809,4800800
5607,12,18,34877,296,2214827,4907600
5608,13,14,34864,295,2214841,4941100
5609,11,18,34853,288,2214859,4814000
5610,11,15,34842,284,2214874,4991300
5611,16,12,34826,288,2214886,4821400
5612,12,14,34814,286,2214900,4773300
5613,12,15,34802,283,2214915,5215800
5614,11,23,34791,271,2214938,4876200
5615,13,10,34778,274,2214948,4984700
5616,18,8,34760,284,2214956,4898600
5617,10,10,34750,284,2214966,4902200
5618,11,14,34739,281,2214980,4929000
5619,10,15,34729,276,2214995,5066500
5620,11,9,34718,278,2215004,4768800
5621,9,19,34709,268,2215023,4778900
5622,4,13,34705,259,2215036,4732100
5623,8,12,34697,255,2215048,4874700
5624,8,9,34689,254,2215057,4958000
5625,11,15,34678,250,2215072,4670400
5626,9,11,34669,248,2215083,4852800
5627,8,11,34661,245,2215094,4955300
5628,11,12,34650,244,2215106,4877800
5629,7,13,34643,238,2215119,5034300
5630,13,9,34630,242,2215128,4878000
5631,12,11,34618,243,2215139,4950100
5632,18,15,34600,246,2215154,5352200
5633,15,15,34585,246,2215169,4885400
5634,18,9,34567,255,2215178,4857200
5635,13,12,34554,256,2215190,4938800
5636,11,13,34543,254,2215203,5231000
5637,8,10,34535,252,2215213,4939000
5638,12,15,34523,249,2215228,4838500
5639,3,14,34520,238,2215242,5450900
5640,5,11,34515,232,2215253,4945700
5641,9,7,34506,234,2215260,5697700
5642,5,10,34501,229,2215270,5357100
5643,9,7,34492,231,2215277,4886900
5644,9,15,34483,225,2215292,4939400
5645,11,6,34472,230,2215298,4941800
5646,9,13,34463,226,2215311,4788200
5647,4,17,34459,213,2215328,4941400
5648,4,11,34455,206,2215339,5235500
5649,5,14,34450,197,2215353,4884800
5650,7,11,34443,193,2215364,4832000
5651,12,17,34431,188,2215381,4873300
5652,7,12,34424,183,2215393,4867900
5653,8,14,34416,177,2215407,4844900
5654,10,12,34406,175,2215419,4776800
5655,5,9,34401,171,2215428,5042300
5656,5,9,34396,167,2215437,5000100
5657,8,12,34388,163,2215449,5125700
5658,7,8,34381,162,2215457,5291900
5659,6,6,34375,162,2215463,4791000
5660,8,5,34367,165,2215468,4737100
5661,4,9,34363,160,2215477,4824600
5662,1,6,34362,155,2215483,4654000
5663,4,8,34358,151,2215491,4632300
5664,9,6,34349,154,2215497,5102600
5665,5,5,34344,154,2215502,5043500
5666,5,9,34339,150,2215511,5208600
5667,6,10,34333,146,2215521,5294300
5668,6,8,34327,144,2215529,5156400
5669,11,9,34316,146,2215538,5043400
5670,3,6,34313,143,2215544,4926200
5671,8,13,34305,138,2215557,5152900
5672,7,9,34298,136,2215566,4916800
5673,4,7,34294,133,2215573,4929600
5674,6,6,34288,133,2215579,4741700
5675,5,7,34283,131,2215586,4633300
5676,8,11,34275,128,2215597,4625600
5677,6,4,34269,130,2215601,4657200
5678,3,8,34266,125,2215609,4703700
5679,5,4,34261,126,2215613,4742600
5680,2,6,34259,122,2215619,4694400
5681,8,8,34251,122,2215627,4636800
5682,4,4,34247,122,2215631,4687600
5683,2,10,34245,114,2215641,4845500
5684,6,2,34239,118,2215643,4843100
5685,12,7,34227,123,2215650,5239800
5686,5,4,34222,124,2215654,4785800
5687,8,6,34214,126,2215660,4906900
5688,10,8,34204,128,2215668,4908300
5689,6,10,34198,124,2215678,5073300
5690,12,10,34186,126,2215688,5021100
5691,5,2,34181,129,2215690,4779900
5692,1,5,34180,125,2215695,4890900
5693,9,10,34171,124,2215705,5014500
5694,12,5,34159,131,2215710,4914100
5695,9,10,34150,130,2215720,4939700
5696,4,6,34146,128,2215726,4923200
5697,7,1,34139,134,2215727,4708800
5698,10,9,34129,135,2215736,4834800
5699,8,6,34121,137,2215742,4793900
5700,15,5,34106,147,2215747,4693000
5701,9,10,34097,146,2215757,4643000
5702,7,8,34090,145,2215765,4685400
5703,10,8,34080,147,2215773,4624000
5704,7,8,34073,146,2215781,4717700
5705,7,5,34066,148,2215786,4732100
5706,6,11,34060,143,2215797,4758300
5707,4,7,34056,140,2215804,4798200
5708,10,5,34046,145,2215809,4641500
5709,8,3,34038,150,2215812,4650100
5710,7,3,34031,154,2215815,4653700
5711,9,9,34022,154,2215824,4883700
5712,9,7,34013,156,2215831,4536800
5713,6,3,34007,159,2215834,4442100
5714,8,7,33999,160,2215841,4498100
5715,6,8,33993,158,2215849,4550000
5716,4,10,33989,152,2215859,4495400
5717,5,9,33984,148,2215868,4552600
5718,7,7,33977,148,2215875,4509300
5719,7,5,33970,150,2215880,4605600
5720,10,5,33960,155,2215885,4521200
5721,8,8,33952,155,2215893,4800200
5722,9,5,33943,159,2215898,4620600
5723,3,13,33940,149,2215911,4677200
5724,2,7,33938,144,2215918,4825500
5725,5,5,33933,144,2215923,4712200
5726,8,7,33925,145,2215930,4677900
5727,5,10,33920,140,2215940,4656600
5728,2,11,33918,131,2215951,4719000
5729,8,8,33910,131,2215959,4576800
5730,7,11,33903,127,2215970,4470400
5731,3,5,33900,125,2215975,4606200
5732,6,11,33894,120,2215986,4545100
5733,2,9,33892,113,2215995,4576100
5734,2,6,33890,109,2216001,4718100
5735,1,4,33889,106,2216005,4679100
5736,1,3,33888,104,2216008,4518400
5737,3,5,33885,102,2216013,4478900
5738,3,3,33882,102,2216016,4593600
5739,1,1,33881,102,2216017,4765600
5740,5,4,33876,103,2216021,4575700
5741,4,6,33872,101,2216027,4583300
5742,4,3,33868,102,2216030,4669000
5743,3,5,33865,100,2216035,4489400
5744,4,5,33861,99,2216040,4606600
5745,2,7,33859,94,2216047,4939400
5746,3,5,33856,92,2216052,4636100
5747,3,3,33853,92,2216055,4560500
5748,6,7,33847,91,2216062,4990600
5749,4,5,33843,90,2216067,4561200
5750,4,6,33839,88,2216073,4781700
5751,4,4,33835,88,2216077,4731700
5752,7,3,33828,92,2216080,4787800
5753,3,6,33825,89,2216086,4793700
5754,3,8,33822,84,2216094,4886200
5755,1,7,33821,78,2216101,4607900
5756,1,1,33820,78,2216102,4502600
5757,2,1,33818,79,2216103,4762300
5758,0,5,33818,74,2216108,4798700
5759,1,3,33817,72,2216111,4695300
5760,2,5,33815,69,2216116,4625700
5761,0,1,33815,68,2216117,4866900
5762,0,3,33815,65,2216120,4754100
5763,1,4,33814,62,2216124,4552100
5764,1,5,33813,58,2216129,4536600
5765,3,5,33810,56,2216134,4675300
5766,2,6,33808,52,2216140,4534300
5767,1,1,33807,52,2216141,4736900
5768,1,3,33806,50,2216144,4622100
5769,1,3,33805,48,2216147,4628600
5770,2,3,33803,47,2216150,4773700
5771,0,2,33803,45,2216152,4588200
5772,0,2,33803,43,2216154,4485100
5773,0,1,33803,42,2216155,4423400
5774,2,2,33801,42,2216157,4542000
5775,0,4,33801,38,2216161,4499000
5776,0,4,33801,34,2216165,4588400
5777,2,4,33799,32,2216169,4468900
5778,0,2,33799,30,2216171,4479200
5779,0,2,33799,28,2216173,4562500
5780,0,1,33799,27,2216174,4644500
5781,1,0,33798,28,2216174,4701200
5782,0,2,33798,26,2216176,4622900
5783,1,3,33797,24,2216179,4966200
5784,1,2,33796,23,2216181,4419400
5785,1,2,33795,22,2216183,4536300
5786,0,0,33795,22,2216183,4588000
5787,0,1,33795,21,2216184,4511500
5788,0,0,33795,21,2216184,4820200
5789,0,0,33795,21,2216184,4476300
5790,0,1,33795,20,2216185,4495600
5791,0,1,33795,19,2216186,4580500
5792,1,1,33794,19,2216187,4493700
5793,0,2,33794,17,2216189,4760200
5794,0,1,33794,16,2216190,4585200
5795,0,1,33794,15,2216191,4531100
5796,1,3,33793,13,2216194,4520800
5797,0,0,33793,13,2216194,4621500
5798,0,3,33793,10,2216197,4844200
5799,0,0,33793,10,2216197,4657700
5800,0,0,33793,10,2216197,4525300
5801,0,1,33793,9,2216198,4569900
5802,0,1,33793,8,2216199,4574000
5803,0,0,33793,8,2216199,4599700
5804,0,0,33793,8,2216199,4520000
5805,0,1,33793,7,2216200,4615200
5806,0,0,33793,7,2216200,4972600
5807,0,1,33793,6,2216201,4569600
5808,0,0,33793,6,2216201,4624700
5809,0,0,33793,6,2216201,4461700
5810,0,0,33793,6,2216201,4676200
5811,0,0,33793,6,2216201,4767500
5812,0,0,33793,6,2216201,4848000
5813,1,0,33792,7,2216201,4564500
5814,0,0,33792,7,2216201,4554300
5815,0,1,33792,6,2216202,4442300
5816,0,0,33792,6,2216202,4763200
5817,0,0,33792,6,2216202,4508500
5818,1,0,33791,7,2216202,4422100
5819,0,0,33791,7,2216202,4625700
5820,0,0,33791,7,2216202,4468200
5821,0,1,33791,6,2216203,4530500
5822,0,0,33791,6,2216203,4755500
5823,0,0,33791,6,2216203,4574300
5824,0,2,33791,4,2216205,4634400
5825,0,0,33791,4,2216205,5331000
5826,0,0,33791,4,2216205,4906300
5827,0,1,33791,3,2216206,4705400
5828,0,0,33791,3,2216206,4872100
5829,0,1,33791,2,2216207,4872400
5830,0,0,33791,2,2216207,4823300
5831,0,0,33791,2,2216207,4770300
5832,0,0,33791,2,2216207,4544600
5833,0,0,33791,2,2216207,4621700
5834,0,0,33791,2,2216207,4540400
5835,0,0,33791,2,2216207,4644200
5836,0,1,33791,1,2216208,4477900
5837,0,0,33791,1,2216208,4604700
5838,0,0,33791,1,2216208,4565500
5839,0,1,33791,0,2216209,4730900
