Tick,NewlyInfected,NewlyRecovered,TotalSusceptible,TotalInfected,TotalRecovered,StepTimeNanos
0,2,0,2249993,7,0,5824900
1,1,0,2249992,8,0,6768800
2,0,1,2249992,7,1,10485200
3,3,0,2249989,10,1,5381600
4,3,0,2249986,13,1,5798700
5,5,1,2249981,17,2,5100800
6,5,0,2249976,22,2,4985800
7,1,2,2249975,21,4,4856500
8,4,2,2249971,23,6,4836300
9,9,2,2249962,30,8,4946000
10,7,2,2249955,35,10,5038400
11,7,1,2249948,41,11,4784600
12,4,0,2249944,45,11,4872600
13,9,1,2249935,53,12,4849400
14,6,2,2249929,57,14,4819000
15,4,6,2249925,55,20,5167200
16,7,2,2249918,60,22,4763400
17,12,2,2249906,70,24,4899800
18,2,3,2249904,69,27,4686300
19,3,7,2249901,65,34,4540900
20,4,0,2249897,69,34,4553300
21,7,4,2249890,72,38,4554000
22,9,3,2249881,78,41,4537200
23,6,3,2249875,81,44,4427900
24,12,4,2249863,89,48,4374800
25,9,5,2249854,93,53,4327300
26,11,4,2249843,100,57,4450200
27,13,6,2249830,107,63,4545000
28,8,4,2249822,111,67,4436100
29,7,6,2249815,112,73,4341200
30,8,7,2249807,113,80,4288600
31,4,4,2249803,113,84,4384200
32,7,11,2249796,109,95,4552200
33,14,3,2249782,120,98,4486400
34,19,7,2249763,132,105,4179700
35,12,8,2249751,136,113,4285000
36,15,2,2249736,149,115,4492700
37,15,7,2249721,157,122,4239000
38,19,6,2249702,170,128,4451600
39,19,2,2249683,187,130,4341700
40,19,11,2249664,195,141,4350900
41,21,13,2249643,203,154,4215100
42,31,12,2249612,222,166,4188000
43,18,14,2249594,226,180,4203800
44,14,13,2249580,227,193,4741100
45,20,10,2249560,237,203,4177000
46,16,16,2249544,237,219,4192600
47,17,12,2249527,242,231,4542000
48,24,10,2249503,256,241,4868300
49,20,15,2249483,261,256,8315000
50,23,9,2249460,275,265,4966900
51,19,12,2249441,282,277,17479800
52,20,15,2249421,287,292,5042100
53,17,9,2249404,295,301,4924400
54,31,22,2249373,304,323,4949800
55,36,14,2249337,326,337,5105300
56,26,16,2249311,336,353,5054700
57,33,10,2249278,359,363,5085300
58,37,15,2249241,381,378,5085400
59,29,16,2249212,394,394,5230900
60,38,23,2249174,409,417,5117200
61,30,18,2249144,421,435,5696400
62,26,24,2249118,423,459,5261400
63,35,24,2249083,434,483,5104700
64,37,28,2249046,443,511,5063700
65,35,24,2249011,454,535,5046700
66,29,17,2248982,466,552,5006000
67,40,26,2248942,480,578,4751100
68,39,19,2248903,500,597,4601200
69,38,25,2248865,513,622,4552400
70,38,27,2248827,524,649,4608200
71,36,30,2248791,530,679,4759900
72,41,29,2248750,542,708,4552300
73,37,19,2248713,560,727,4503300
74,33,28,2248680,565,755,4473700
75,23,23,2248657,565,778,4394700
76,40,33,2248617,572,811,4424800
77,46,19,2248571,599,830,4388900
78,42,30,2248529,611,860,4467000
79,52,35,2248477,628,895,4429800
80,43,43,2248434,628,938,4304600
81,41,32,2248393,637,970,4536000
82,43,35,2248350,645,1005,4526900
83,43,24,2248307,664,1029,4582100
84,52,27,2248255,689,1056,4469500
85,66,40,2248189,715,1096,4224700
86,48,23,2248141,740,1119,4349700
87,54,45,2248087,749,1164,4259800
88,50,30,2248037,769,1194,4338100
89,54,36,2247983,787,1230,4292900
90,51,34,2247932,804,1264,4290900
91,45,36,2247887,813,1300,4274300
92,48,48,2247839,813,1348,4342300
93,38,41,2247801,810,1389,4218900
94,63,39,2247738,834,1428,4432400
95,53,43,2247685,844,1471,4461200
96,55,37,2247630,862,1508,4622500
97,59,35,2247571,886,1543,4660200
98,64,43,2247507,907,1586,4507000
99,42,47,2247465,902,1633,4590800
100,43,59,2247422,886,1692,4861800
101,57,48,2247365,895,1740,4540500
102,55,36,2247310,914,1776,4425600
103,60,48,2247250,926,1824,4448200
104,68,49,2247182,945,1873,4795900
105,76,53,2247106,968,1926,5336800
106,68,43,2247038,993,1969,5277900
107,53,54,2246985,992,2023,5370700
108,51,54,2246934,989,2077,4621700
109,69,46,2246865,1012,2123,4484900
110,69,46,2246796,1035,2169,4376600
111,67,48,2246729,1054,2217,4390300
112,71,64,2246658,1061,2281,4341500
113,63,61,2246595,1063,2342,4351300
114,62,67,2246533,1058,2409,4342900
115,58,55,2246475,1061,2464,4341900
116,55,53,2246420,1063,2517,4227200
117,68,47,2246352,1084,2564,4397000
118,54,56,2246298,1082,2620,4430900
119,59,51,2246239,1090,2671,4806000
120,61,52,2246178,1099,2723,4376200
121,46,55,2246132,1090,2778,4512400
122,55,65,2246077,1080,2843,4266900
123,56,53,2246021,1083,2896,4307800
124,56,62,2245965,1077,2958,4406200
125,62,67,2245903,1072,3025,4318400
126,53,56,2245850,1069,3081,4315800
127,60,40,2245790,1089,3121,4394900
128,63,57,2245727,1095,3178,4460600
129,68,56,2245659,1107,3234,4439500
130,74,52,2245585,1129,3286,4420000
131,69,51,2245516,1147,3337,4619200
132,64,66,2245452,1145,3403,4635000
133,82,49,2245370,1178,3452,4391400
134,81,54,2245289,1205,3506,4615100
135,69,52,2245220,1222,3558,4657800
136,58,57,2245162,1223,3615,4486400
137,72,56,2245090,1239,3671,4409500
138,67,57,2245023,1249,3728,4590700
139,83,58,2244940,1274,3786,4838700
140,72,46,2244868,1300,3832,4656100
141,64,75,2244804,1289,3907,4366600
142,73,81,2244731,1281,3988,4262200
143,73,62,2244658,1292,4050,4317500
144,69,63,2244589,1298,4113,4280600
145,78,69,2244511,1307,4182,4185600
146,77,58,2244434,1326,4240,4807800
147,77,74,2244357,1329,4314,4320100
148,78,68,2244279,1339,4382,4325900
149,89,60,2244190,1368,4442,4315800
150,85,69,2244105,1384,4511,4379800
151,87,58,2244018,1413,4569,4737400
152,72,60,2243946,1425,4629,4439600
153,76,76,2243870,1425,4705,4501700
154,89,71,2243781,1443,4776,4447600
155,88,77,2243693,1454,4853,4715600
156,94,70,2243599,1478,4923,4616400
157,91,71,2243508,1498,4994,4790900
158,106,74,2243402,1530,5068,4571600
159,99,64,2243303,1565,5132,4673500
160,97,86,2243206,1576,5218,4609400
161,104,89,2243102,1591,5307,4495400
162,94,81,2243008,1604,5388,4376300
163,120,73,2242888,1651,5461,4232900
164,97,83,2242791,1665,5544,4477200
165,99,75,2242692,1689,5619,4256400
166,81,97,2242611,1673,5716,4442500
167,96,78,2242515,1691,5794,4349900
168,89,78,2242426,1702,5872,4371700
169,83,91,2242343,1694,5963,4830200
170,88,116,2242255,1666,6079,4605900
171,89,90,2242166,1665,6169,4647400
172,94,76,2242072,1683,6245,4506900
173,91,91,2241981,1683,6336,4284400
174,89,84,2241892,1688,6420,4379600
175,97,73,2241795,1712,6493,4298400
176,95,83,2241700,1724,6576,4619000
177,98,83,2241602,1739,6659,4414000
178,105,78,2241497,1766,6737,4506200
179,116,90,2241381,1792,6827,4390200
180,99,89,2241282,1802,6916,4306500
181,99,105,2241183,1796,7021,4507000
182,118,90,2241065,1824,7111,4363900
183,114,90,2240951,1848,7201,4403700
184,100,109,2240851,1839,7310,4404900
185,107,98,2240744,1848,7408,4489500
186,100,96,2240644,1852,7504,4598000
187,104,85,2240540,1871,7589,4334200
188,126,97,2240414,1900,7686,4489000
189,134,119,2240280,1915,7805,4388900
190,121,102,2240159,1934,7907,4679500
191,101,102,2240058,1933,8009,4458600
192,107,104,2239951,1936,8113,4432000
193,126,127,2239825,1935,8240,4302600
194,132,101,2239693,1966,8341,4235000
195,131,81,2239562,2016,8422,4295800
196,123,99,2239439,2040,8521,4407100
197,115,104,2239324,2051,8625,4309900
198,107,117,2239217,2041,8742,4233700
199,125,106,2239092,2060,8848,4238000
200,125,121,2238967,2064,8969,4877000
201,124,121,2238843,2067,9090,4549900
202,109,113,2238734,2063,9203,4609800
203,115,100,2238619,2078,9303,4197400
204,107,123,2238512,2062,9426,4429800
205,100,92,2238412,2070,9518,4244000
206,113,115,2238299,2068,9633,4341100
207,112,98,2238187,2082,9731,4287000
208,129,98,2238058,2113,9829,4387600
209,116,127,2237942,2102,9956,4283300
210,116,108,2237826,2110,10064,4269600
211,132,109,2237694,2133,10173,4429500
212,101,108,2237593,2126,10281,4379800
213,122,123,2237471,2125,10404,4226100
214,135,105,2237336,2155,10509,4471100
215,143,93,2237193,2205,10602,4590200
216,148,92,2237045,2261,10694,4487200
217,150,114,2236895,2297,10808,4504400
218,141,94,2236754,2344,10902,4623000
219,125,107,2236629,2362,11009,4490400
220,147,123,2236482,2386,11132,4680000
221,128,113,2236354,2401,11245,4693100
222,150,114,2236204,2437,11359,4584600
223,144,139,2236060,2442,11498,4483200
224,142,109,2235918,2475,11607,4349500
225,139,128,2235779,2486,11735,4275900
226,147,118,2235632,2515,11853,4403100
227,138,150,2235494,2503,12003,4358700
228,140,130,2235354,2513,12133,4419700
229,139,114,2235215,2538,12247,4519000
230,135,123,2235080,2550,12370,4250700
231,159,131,2234921,2578,12501,4306100
232,150,138,2234771,2590,12639,4497400
233,133,144,2234638,2579,12783,4430500
234,118,112,2234520,2585,12895,4533100
235,132,129,2234388,2588,13024,4351700
236,170,128,2234218,2630,13152,4330200
237,165,128,2234053,2667,13280,4297600
238,145,144,2233908,2668,13424,4504000
239,136,118,2233772,2686,13542,4243700
240,156,128,2233616,2714,13670,4271700
241,145,131,2233471,2728,13801,4287600
242,176,133,2233295,2771,13934,4314600
243,145,150,2233150,2766,14084,4342300
244,147,145,2233003,2768,14229,4771900
245,148,163,2232855,2753,14392,4718800
246,158,143,2232697,2768,14535,4800200
247,146,116,2232551,2798,14651,4652300
248,144,136,2232407,2806,14787,4724600
249,160,134,2232247,2832,14921,4863400
250,154,154,2232093,2832,15075,4964800
251,147,149,2231946,2830,15224,4919200
252,160,147,2231786,2843,15371,4736300
253,144,164,2231642,2823,15535,4600300
254,167,150,2231475,2840,15685,4618000
255,167,138,2231308,2869,15823,4483000
256,160,144,2231148,2885,15967,4967900
257,148,153,2231000,2880,16120,4643200
258,157,160,2230843,2877,16280,4791200
259,150,146,2230693,2881,16426,4707400
260,137,121,2230556,2897,16547,4633600
261,147,149,2230409,2895,16696,4463800
262,165,158,2230244,2902,16854,4591100
263,145,135,2230099,2912,16989,4346100
264,154,174,2229945,2892,17163,4330400
265,163,149,2229782,2906,17312,4274500
266,136,145,2229646,2897,17457,4252800
267,148,145,2229498,2900,17602,4414200
268,155,138,2229343,2917,17740,4595200
269,133,131,2229210,2919,17871,4380100
270,175,138,2229035,2956,18009,4469300
271,164,154,2228871,2966,18163,4340200
272,175,166,2228696,2975,18329,4402300
273,156,138,2228540,2993,18467,4598500
274,188,141,2228352,3040,18608,4348900
275,170,150,2228182,3060,18758,4270100
276,176,158,2228006,3078,18916,4372600
277,150,165,2227856,3063,19081,4251300
278,170,133,2227686,3100,19214,4412300
279,171,166,2227515,3105,19380,4343200
280,167,156,2227348,3116,19536,4385300
281,175,186,2227173,3105,19722,4297500
282,144,136,2227029,3113,19858,4354900
283,162,169,2226867,3106,20027,4488000
284,161,130,2226706,3137,20157,4876100
285,156,150,2226550,3143,20307,4646500
286,172,166,2226378,3149,20473,4301700
287,173,164,2226205,3158,20637,4302700
288,167,172,2226038,3153,20809,4583200
289,163,151,2225875,3165,20960,4654600
290,176,158,2225699,3183,21118,4298100
291,182,149,2225517,3216,21267,4280200
292,181,157,2225336,3240,21424,4323100
293,183,140,2225153,3283,21564,4330400
294,198,173,2224955,3308,21737,4434000
295,204,172,2224751,3340,21909,4301300
296,178,174,2224573,3344,22083,4294900
297,197,157,2224376,3384,22240,4389300
298,189,181,2224187,3392,22421,4239000
299,178,154,2224009,3416,22575,4473900
300,192,153,2223817,3455,22728,4350400
301,200,172,2223617,3483,22900,4330400
302,214,171,2223403,3526,23071,4316700
303,204,178,2223199,3552,23249,4385900
304,192,154,2223007,3590,23403,4267000
305,177,191,2222830,3576,23594,4458600
306,202,200,2222628,3578,23794,4396200
307,174,173,2222454,3579,23967,4381300
308,188,163,2222266,3604,24130,4395600
309,186,196,2222080,3594,24326,4411100
310,201,162,2221879,3633,24488,4556400
311,192,173,2221687,3652,24661,4345000
312,200,171,2221487,3681,24832,4557000
313,190,204,2221297,3667,25036,4218900
314,194,186,2221103,3675,25222,4198200
315,176,183,2220927,3668,25405,4352500
316,186,176,2220741,3678,25581,4518400
317,209,216,2220532,3671,25797,4460400
318,213,179,2220319,3705,25976,4397300
319,193,209,2220126,3689,26185,4413700
320,195,173,2219931,3711,26358,4679200
321,197,194,2219734,3714,26552,4522500
322,208,166,2219526,3756,26718,4637900
323,219,211,2219307,3764,26929,4322500
324,193,182,2219114,3775,27111,4331800
325,184,189,2218930,3770,27300,4620300
326,198,174,2218732,3794,27474,4893200
327,195,199,2218537,3790,27673,5028600
328,181,196,2218356,3775,27869,5152500
329,206,196,2218150,3785,28065,6169600
330,204,188,2217946,3801,28253,11232800
331,204,187,2217742,3818,28440,5090200
332,214,178,2217528,3854,28618,4741900
333,202,203,2217326,3853,28821,4539000
334,204,185,2217122,3872,29006,4615400
335,204,184,2216918,3892,29190,4598200
336,199,199,2216719,3892,29389,4624900
337,209,200,2216510,3901,29589,4688600
338,196,184,2216314,3913,29773,4650700
339,212,196,2216102,3929,29969,4639000
340,211,198,2215891,3942,30167,4396500
341,214,195,2215677,3961,30362,4272800
342,217,205,2215460,3973,30567,4364600
343,204,200,2215256,3977,30767,4438600
344,211,162,2215045,4026,30929,4910100
345,244,216,2214801,4054,31145,4564400
346,210,194,2214591,4070,31339,4449000
347,220,203,2214371,4087,31542,4205100
348,232,196,2214139,4123,31738,4662500
349,223,197,2213916,4149,31935,5124100
350,214,221,2213702,4142,32156,4530400
351,222,206,2213480,4158,32362,4770000
352,235,187,2213245,4206,32549,4853300
353,226,209,2213019,4223,32758,4414500
354,230,216,2212789,4237,32974,4461600
355,240,202,2212549,4275,33176,4707000
356,225,213,2212324,4287,33389,4560400
357,213,210,2212111,4290,33599,4368500
358,211,226,2211900,4275,33825,4305700
359,223,223,2211677,4275,34048,4470300
360,233,195,2211444,4313,34243,4758300
361,248,208,2211196,4353,34451,4655800
362,236,219,2210960,4370,34670,4521200
363,217,219,2210743,4368,34889,4529600
364,227,202,2210516,4393,35091,4656900
365,233,208,2210283,4418,35299,7408200
366,231,241,2210052,4408,35540,10819200
367,213,190,2209839,4431,35730,5340900
368,249,213,2209590,4467,35943,4718400
369,237,237,2209353,4467,36180,4626700
370,222,217,2209131,4472,36397,4654400
371,256,237,2208875,4491,36634,4827600
372,235,209,2208640,4517,36843,4578100
373,231,222,2208409,4526,37065,4660200
374,217,237,2208192,4506,37302,4691800
375,237,251,2207955,4492,37553,5451100
376,217,217,2207738,4492,37770,5066100
377,252,201,2207486,4543,37971,4501500
378,238,221,2207248,4560,38192,4848100
379,284,248,2206964,4596,38440,4480400
380,259,247,2206705,4608,38687,4605300
381,269,217,2206436,4660,38904,4454900
382,237,257,2206199,4640,39161,4359700
383,244,232,2205955,4652,39393,4375900
384,258,241,2205697,4669,39634,4732700
385,222,216,2205475,4675,39850,4643600
386,217,258,2205258,4634,40108,4649400
387,232,229,2205026,4637,40337,4474000
388,232,234,2204794,4635,40571,4376900
389,254,219,2204540,4670,40790,4277200
390,247,217,2204293,4700,41007,4366100
391,235,229,2204058,4706,41236,4311800
392,228,249,2203830,4685,41485,4287100
393,242,252,2203588,4675,41737,4456900
394,252,245,2203336,4682,41982,4430100
395,251,234,2203085,4699,42216,4333600
396,269,252,2202816,4716,42468,4486300
397,260,234,2202556,4742,42702,4460500
398,276,222,2202280,4796,42924,4319200
399,257,272,2202023,4781,43196,4279300
400,261,231,2201762,4811,43427,4254600
401,276,223,2201486,4864,43650,4302100
402,259,240,2201227,4883,43890,4249400
403,269,246,2200958,4906,44136,4311400
404,254,245,2200704,4915,44381,4347700
405,284,220,2200420,4979,44601,4679000
406,262,248,2200158,4993,44849,4468100
407,271,266,2199887,4998,45115,4317300
408,262,262,2199625,4998,45377,4309200
409,256,250,2199369,5004,45627,4316500
410,270,252,2199099,5022,45879,4585100
411,259,258,2198840,5023,46137,4415600
412,256,244,2198584,5035,46381,4326800
413,253,252,2198331,5036,46633,4257600
414,261,256,2198070,5041,46889,4371200
415,254,241,2197816,5054,47130,4499800
416,283,261,2197533,5076,47391,4453900
417,267,240,2197266,5103,47631,4699100
418,211,275,2197055,5039,47906,4456800
419,257,241,2196798,5055,48147,4420600
420,265,228,2196533,5092,48375,4298900
421,255,254,2196278,5093,48629,4229800
422,252,232,2196026,5113,48861,4202400
423,295,265,2195731,5143,49126,4291900
424,281,241,2195450,5183,49367,4288200
425,255,277,2195195,5161,49644,4316400
426,234,264,2194961,5131,49908,4540000
427,277,293,2194684,5115,50201,4442700
428,261,252,2194423,5124,50453,4280200
429,278,243,2194145,5159,50696,4807800
430,273,244,2193872,5188,50940,4657300
431,268,263,2193604,5193,51203,4738400
432,304,275,2193300,5222,51478,4605200
433,283,235,2193017,5270,51713,4523200
434,306,250,2192711,5326,51963,4748400
435,308,266,2192403,5368,52229,4851000
436,305,298,2192098,5375,52527,4800600
437,292,225,2191806,5442,52752,5383100
438,289,280,2191517,5451,53032,4657100
439,314,279,2191203,5486,53311,4522100
440,277,295,2190926,5468,53606,4439000
441,306,283,2190620,5491,53889,4450600
442,281,275,2190339,5497,54164,4406900
443,276,282,2190063,5491,54446,4525200
444,310,312,2189753,5489,54758,4666900
445,312,246,2189441,5555,55004,4484700
446,344,278,2189097,5621,55282,4774800
447,286,266,2188811,5641,55548,4542900
448,315,312,2188496,5644,55860,4436000
449,326,282,2188170,5688,56142,4546100
450,351,285,2187819,5754,56427,4647900
451,319,270,2187500,5803,56697,4541200
452,326,288,2187174,5841,56985,4970200
453,315,303,2186859,5853,57288,5305400
454,320,303,2186539,5870,57591,6042100
455,303,322,2186236,5851,57913,10367400
456,322,285,2185914,5888,58198,5848100
457,285,314,2185629,5859,58512,5318900
458,318,300,2185311,5877,58812,5287700
459,302,292,2185009,5887,59104,6649800
460,327,298,2184682,5916,59402,5205500
461,308,272,2184374,5952,59674,5187000
462,337,300,2184037,5989,59974,5385300
463,320,294,2183717,6015,60268,5197300
464,292,277,2183425,6030,60545,5029800
465,321,325,2183104,6026,60870,4767900
466,319,290,2182785,6055,61160,4791800
467,339,284,2182446,6110,61444,4694500
468,308,305,2182138,6113,61749,4641100
469,305,294,2181833,6124,62043,4638500
470,318,298,2181515,6144,62341,4784200
471,320,290,2181195,6174,62631,4632200
472,285,304,2180910,6155,62935,4935200
473,330,322,2180580,6163,63257,4946500
474,310,304,2180270,6169,63561,5456800
475,303,310,2179967,6162,63871,4687600
476,279,288,2179688,6153,64159,4652800
477,314,308,2179374,6159,64467,4687500
478,299,282,2179075,6176,64749,4766100
479,314,295,2178761,6195,65044,4698700
480,329,320,2178432,6204,65364,4653900
481,314,306,2178118,6212,65670,4544100
482,348,339,2177770,6221,66009,4525900
483,284,366,2177486,6139,66375,4437600
484,330,301,2177156,6168,66676,4440500
485,361,307,2176795,6222,66983,4473800
486,300,327,2176495,6195,67310,4793100
487,321,299,2176174,6217,67609,6074400
488,332,322,2175842,6227,67931,7334300
489,315,338,2175527,6204,68269,7889100
490,314,312,2175213,6206,68581,6307200
491,304,339,2174909,6171,68920,5858300
492,320,309,2174589,6182,69229,5102000
493,306,277,2174283,6211,69506,5477800
494,326,301,2173957,6236,69807,5912700
495,337,325,2173620,6248,70132,5429700
496,318,317,2173302,6249,70449,5697400
497,324,337,2172978,6236,70786,5526700
498,301,305,2172677,6232,71091,5293700
499,326,318,2172351,6240,71409,4988600
500,310,321,2172041,6229,71730,4904700
501,286,282,2171755,6233,72012,5931600
502,296,316,2171459,6213,72328,4955300
503,358,346,2171101,6225,72674,4532700
504,301,320,2170800,6206,72994,4820600
505,317,330,2170483,6193,73324,4486500
506,305,296,2170178,6202,73620,4702900
507,341,278,2169837,6265,73898,4581900
508,334,334,2169503,6265,74232,4643600
509,377,347,2169126,6295,74579,4490000
510,327,291,2168799,6331,74870,4853300
511,337,321,2168462,6347,75191,4554300
512,303,279,2168159,6371,75470,4407200
513,322,316,2167837,6377,75786,4595100
514,309,325,2167528,6361,76111,4407300
515,354,319,2167174,6396,76430,4548700
516,324,292,2166850,6428,76722,4583400
517,358,312,2166492,6474,77034,4351900
518,336,316,2166156,6494,77350,4295300
519,333,367,2165823,6460,77717,4997100
520,312,311,2165511,6461,78028,4512100
521,313,357,2165198,6417,78385,4532300
522,322,310,2164876,6429,78695,4450200
523,352,313,2164524,6468,79008,4369900
524,361,294,2164163,6535,79302,4353400
525,334,296,2163829,6573,79598,4349500
526,324,324,2163505,6573,79922,4363300
527,330,344,2163175,6559,80266,4465400
528,352,322,2162823,6589,80588,4427100
529,356,315,2162467,6630,80903,4383000
530,345,314,2162122,6661,81217,4378300
531,328,341,2161794,6648,81558,4613700
532,371,327,2161423,6692,81885,4380000
533,358,326,2161065,6724,82211,4353900
534,353,350,2160712,6727,82561,4399300
535,362,337,2160350,6752,82898,4444400
536,351,343,2159999,6760,83241,4489200
537,363,345,2159636,6778,83586,4456100
538,361,346,2159275,6793,83932,4524200
539,328,335,2158947,6786,84267,4641800
540,347,337,2158600,6796,84604,4695200
541,359,331,2158241,6824,84935,4661200
542,358,319,2157883,6863,85254,4609400
543,336,353,2157547,6846,85607,4668400
544,349,337,2157198,6858,85944,4580300
545,348,356,2156850,6850,86300,4555600
546,356,318,2156494,6888,86618,5091900
547,349,333,2156145,6904,86951,4542200
548,337,336,2155808,6905,87287,4318600
549,376,352,2155432,6929,87639,4425000
550,366,349,2155066,6946,87988,4417700
551,343,377,2154723,6912,88365,4360200
552,337,340,2154386,6909,88705,4577500
553,352,361,2154034,6900,89066,4531400
554,360,335,2153674,6925,89401,4368900
555,351,344,2153323,6932,89745,4444200
556,317,345,2153006,6904,90090,4530800
557,339,320,2152667,6923,90410,4489500
558,340,337,2152327,6926,90747,4746400
559,360,348,2151967,6938,91095,4531600
560,355,332,2151612,6961,91427,4565100
561,337,354,2151275,6944,91781,4525400
562,343,362,2150932,6925,92143,4426700
563,333,339,2150599,6919,92482,4338300
564,359,351,2150240,6927,92833,4334500
565,364,360,2149876,6931,93193,4460500
566,378,325,2149498,6984,93518,4344500
567,354,386,2149144,6952,93904,4295800
568,344,305,2148800,6991,94209,4305100
569,374,337,2148426,7028,94546,4445300
570,365,370,2148061,7023,94916,4387600
571,384,357,2147677,7050,95273,4537300
572,373,362,2147304,7061,95635,4392000
573,363,365,2146941,7059,96000,4359000
574,363,365,2146578,7057,96365,4499500
575,355,333,2146223,7079,96698,4472400
576,367,353,2145856,7093,97051,4381400
577,397,379,2145459,7111,97430,4558100
578,367,390,2145092,7088,97820,4343600
579,364,337,2144728,7115,98157,4553600
580,364,364,2144364,7115,98521,4585900
581,368,346,2143996,7137,98867,4401300
582,357,351,2143639,7143,99218,4318600
583,394,321,2143245,7216,99539,4519000
584,375,305,2142870,7286,99844,4503000
585,401,367,2142469,7320,100211,4426500
586,380,360,2142089,7340,100571,4460900
587,370,378,2141719,7332,100949,4405000
588,409,354,2141310,7387,101303,4379100
589,377,359,2140933,7405,101662,4422300
590,358,390,2140575,7373,102052,4508100
591,391,359,2140184,7405,102411,4440600
592,391,392,2139793,7404,102803,4455100
593,400,363,2139393,7441,103166,4596900
594,393,361,2139000,7473,103527,4462800
595,409,369,2138591,7513,103896,4395100
596,380,353,2138211,7540,104249,4350200
597,402,395,2137809,7547,104644,4443800
598,412,338,2137397,7621,104982,4420400
599,403,379,2136994,7645,105361,4376200
600,421,349,2136573,7717,105710,4466500
601,357,369,2136216,7705,106079,4467100
602,447,372,2135769,7780,106451,4455200
603,405,398,2135364,7787,106849,4409900
604,401,379,2134963,7809,107228,4382200
605,414,400,2134549,7823,107628,4389400
606,408,353,2134141,7878,107981,4512300
607,383,401,2133758,7860,108382,4605500
608,404,400,2133354,7864,108782,4468800
609,399,419,2132955,7844,109201,4427600
610,400,406,2132555,7838,109607,4719600
611,408,403,2132147,7843,110010,4849300
612,396,376,2131751,7863,110386,5120000
613,411,411,2131340,7863,110797,5288200
614,394,417,2130946,7840,111214,4957100
615,437,395,2130509,7882,111609,5090100
616,419,376,2130090,7925,111985,4634300
617,411,389,2129679,7947,112374,4445500
618,412,395,2129267,7964,112769,4388900
619,432,398,2128835,7998,113167,4583100
620,391,419,2128444,7970,113586,4475900
621,400,402,2128044,7968,113988,4644600
622,420,410,2127624,7978,114398,4609200
623,401,403,2127223,7976,114801,4470000
624,424,397,2126799,8003,115198,4576200
625,398,391,2126401,8010,115589,4405800
626,405,388,2125996,8027,115977,4541100
627,413,417,2125583,8023,116394,4573300
628,440,429,2125143,8034,116823,4593800
629,416,424,2124727,8026,117247,4509900
630,437,399,2124290,8064,117646,4584400
631,419,409,2123871,8074,118055,4620300
632,407,397,2123464,8084,118452,4638800
633,469,394,2122995,8159,118846,4518800
634,427,403,2122568,8183,119249,4350200
635,456,391,2122112,8248,119640,4441200
636,415,384,2121697,8279,120024,4605100
637,437,426,2121260,8290,120450,4701800
638,410,416,2120850,8284,120866,4603700
639,406,378,2120444,8312,121244,4633000
640,443,397,2120001,8358,121641,4772600
641,430,424,2119571,8364,122065,4544800
642,432,436,2119139,8360,122501,4640100
643,410,433,2118729,8337,122934,4547100
644,449,440,2118280,8346,123374,4581700
645,438,416,2117842,8368,123790,4405900
646,398,408,2117444,8358,124198,4402700
647,432,442,2117012,8348,124640,4571500
648,415,404,2116597,8359,125044,4641000
649,404,382,2116193,8381,125426,4604600
650,447,422,2115746,8406,125848,4551300
651,440,419,2115306,8427,126267,4509300
652,432,399,2114874,8460,126666,4817000
653,432,457,2114442,8435,127123,4596600
654,461,403,2113981,8493,127526,4466300
655,411,444,2113570,8460,127970,4433000
656,437,411,2113133,8486,128381,4411200
657,404,415,2112729,8475,128796,4769600
658,448,443,2112281,8480,129239,4695500
659,460,403,2111821,8537,129642,4645000
660,427,427,2111394,8537,130069,4489000
661,418,458,2110976,8497,130527,4638200
662,438,411,2110538,8524,130938,4460400
663,454,417,2110084,8561,131355,4539700
664,410,447,2109674,8524,131802,4623200
665,449,421,2109225,8552,132223,4528900
666,466,411,2108759,8607,132634,4498100
667,426,402,2108333,8631,133036,4346100
668,446,440,2107887,8637,133476,4408200
669,440,437,2107447,8640,133913,4535300
670,406,417,2107041,8629,134330,4536000
671,432,429,2106609,8632,134759,4490000
672,437,458,2106172,8611,135217,4503200
673,466,417,2105706,8660,135634,5191900
674,440,490,2105266,8610,136124,5190500
675,428,412,2104838,8626,136536,5175100
676,450,431,2104388,8645,136967,4973700
677,468,435,2103920,8678,137402,5522100
678,427,462,2103493,8643,137864,5350300
679,437,463,2103056,8617,138327,4751100
680,470,492,2102586,8595,138819,4856500
681,446,419,2102140,8622,139238,4872100
682,440,410,2101700,8652,139648,4829400
683,466,443,2101234,8675,140091,4805800
684,467,421,2100767,8721,140512,4708500
685,468,435,2100299,8754,140947,4766000
686,458,420,2099841,8792,141367,4690200
687,470,457,2099371,8805,141824,4688400
688,463,409,2098908,8859,142233,5100400
689,451,449,2098457,8861,142682,4795700
690,476,455,2097981,8882,143137,4791000
691,469,427,2097512,8924,143564,5204400
692,487,439,2097025,8972,144003,4747800
693,486,455,2096539,9003,144458,4716700
694,488,419,2096051,9072,144877,4686200
695,506,444,2095545,9134,145321,4839300
696,501,450,2095044,9185,145771,4764100
697,495,462,2094549,9218,146233,5203100
698,454,474,2094095,9198,146707,4950600
699,476,429,2093619,9245,147136,4701000
700,457,502,2093162,9200,147638,4807300
701,460,445,2092702,9215,148083,5161500
702,492,486,2092210,9221,148569,5072900
703,458,448,2091752,9231,149017,4637400
704,456,489,2091296,9198,149506,4691200
705,449,462,2090847,9185,149968,4635800
706,463,452,2090384,9196,150420,4749600
707,471,464,2089913,9203,150884,4780600
708,452,468,2089461,9187,151352,4850500
709,452,451,2089009,9188,151803,4768800
710,468,448,2088541,9208,152251,4857000
711,454,447,2088087,9215,152698,4903600
712,482,462,2087605,9235,153160,4873100
713,459,465,2087146,9229,153625,4741400
714,446,464,2086700,9211,154089,4663500
715,497,458,2086203,9250,154547,4551100
716,489,464,2085714,9275,155011,4531100
717,462,422,2085252,9315,155433,4694600
718,458,474,2084794,9299,155907,4694400
719,474,431,2084320,9342,156338,4695300
720,486,430,2083834,9398,156768,4895500
721,501,457,2083333,9442,157225,4680000
722,501,469,2082832,9474,157694,4590600
723,501,455,2082331,9520,158149,4668100
724,491,487,2081840,9524,158636,5142000
725,505,504,2081335,9525,159140,4887600
726,517,442,2080818,9600,159582,4513300
727,491,496,2080327,9595,160078,4567900
728,508,465,2079819,9638,160543,4699900
729,522,447,2079297,9713,160990,4718100
730,492,495,2078805,9710,161485,4616200
731,515,459,2078290,9766,161944,5022500
732,477,493,2077813,9750,162437,4869800
733,513,509,2077300,9754,162946,4669700
734,531,464,2076769,9821,163410,4992100
735,530,451,2076239,9900,163861,4946700
736,522,495,2075717,9927,164356,4841800
737,504,524,2075213,9907,164880,4904900
738,522,490,2074691,9939,165370,4881800
739,504,517,2074187,9926,165887,4894200
740,513,457,2073674,9982,166344,4790700
741,496,535,2073178,9943,166879,4674500
742,521,511,2072657,9953,167390,4860400
743,494,479,2072163,9968,167869,5018400
744,497,480,2071666,9985,168349,4723800
745,520,465,2071146,10040,168814,5219300
746,496,511,2070650,10025,169325,5285800
747,528,476,2070122,10077,169801,5023600
748,518,523,2069604,10072,170324,4761700
749,508,497,2069096,10083,170821,4798700
750,490,511,2068606,10062,171332,4766700
751,508,524,2068098,10046,171856,4713400
752,497,505,2067601,10038,172361,4654900
753,484,479,2067117,10043,172840,4872300
754,516,501,2066601,10058,173341,4785600
755,516,488,2066085,10086,173829,4730800
756,499,512,2065586,10073,174341,4913200
757,513,519,2065073,10067,174860,4694000
758,491,535,2064582,10023,175395,4789300
759,536,487,2064046,10072,175882,4835900
760,448,485,2063598,10035,176367,4606300
761,497,494,2063101,10038,176861,4695100
762,473,457,2062628,10054,177318,4676700
763,504,502,2062124,10056,177820,4622500
764,499,463,2061625,10092,178283,4765100
765,504,498,2061121,10098,178781,4828500
766,538,511,2060583,10125,179292,4729600
767,527,512,2060056,10140,179804,4757600
768,538,503,2059518,10175,180307,4708600
769,495,476,2059023,10194,180783,4557200
770,502,478,2058521,10218,181261,4858600
771,496,533,2058025,10181,181794,4794900
772,571,533,2057454,10219,182327,4592700
773,547,506,2056907,10260,182833,4986800
774,525,521,2056382,10264,183354,4797100
775,498,572,2055884,10190,183926,4819300
776,515,514,2055369,10191,184440,4716500
777,495,530,2054874,10156,184970,4747900
778,502,504,2054372,10154,185474,4772700
779,530,497,2053842,10187,185971,5075800
780,515,514,2053327,10188,186485,5141200
781,503,548,2052824,10143,187033,4853000
782,533,502,2052291,10174,187535,4965200
783,485,541,2051806,10118,188076,4968200
784,541,509,2051265,10150,188585,4960900
785,546,466,2050719,10230,189051,4870600
786,492,479,2050227,10243,189530,4636400
787,554,516,2049673,10281,190046,4724300
788,518,492,2049155,10307,190538,6286200
789,543,470,2048612,10380,191008,6648500
790,532,539,2048080,10373,191547,5082900
791,561,537,2047519,10397,192084,5357800
792,521,538,2046998,10380,192622,4965400
793,562,568,2046436,10374,193190,5434100
794,511,522,2045925,10363,193712,5731900
795,537,518,2045388,10382,194230,13591000
796,521,557,2044867,10346,194787,5578400
797,533,501,2044334,10378,195288,4903100
798,532,492,2043802,10418,195780,5471400
799,518,492,2043284,10444,196272,5958400
800,543,532,2042741,10455,196804,5495800
801,535,535,2042206,10455,197339,6297800
802,473,522,2041733,10406,197861,5140300
803,520,514,2041213,10412,198375,4970700
804,544,513,2040669,10443,198888,4979700
805,534,533,2040135,10444,199421,4864400
806,537,563,2039598,10418,199984,5036500
807,576,544,2039022,10450,200528,4785600
808,503,539,2038519,10414,201067,4735400
809,561,515,2037958,10460,201582,4920700
810,530,545,2037428,10445,202127,4978200
811,562,486,2036866,10521,202613,4793100
812,562,526,2036304,10557,203139,4958700
813,574,540,2035730,10591,203679,4937000
814,543,527,2035187,10607,204206,5261700
815,532,524,2034655,10615,204730,4850900
816,480,519,2034175,10576,205249,4702300
817,602,528,2033573,10650,205777,5366700
818,593,541,2032980,10702,206318,6545300
819,498,544,2032482,10656,206862,6273500
820,552,498,2031930,10710,207360,5779000
821,524,562,2031406,10672,207922,6375400
822,541,518,2030865,10695,208440,4786500
823,579,548,2030286,10726,208988,5004300
824,558,559,2029728,10725,209547,4838400
825,521,481,2029207,10765,210028,4759100
826,533,518,2028674,10780,210546,4750500
827,534,569,2028140,10745,211115,5118900
828,562,587,2027578,10720,211702,4876700
829,492,612,2027086,10600,212314,5108800
830,554,563,2026532,10591,212877,5601600
831,539,539,2025993,10591,213416,5052500
832,540,540,2025453,10591,213956,5212200
833,527,513,2024926,10605,214469,8253300
834,547,555,2024379,10597,215024,11365300
835,569,539,2023810,10627,215563,6683000
836,561,523,2023249,10665,216086,5386600
837,543,556,2022706,10652,216642,4907500
838,555,570,2022151,10637,217212,4883600
839,522,519,2021629,10640,217731,4898800
840,534,524,2021095,10650,218255,4770500
841,536,508,2020559,10678,218763,5309700
842,556,519,2020003,10715,219282,5044500
843,558,502,2019445,10771,219784,4956600
844,597,535,2018848,10833,220319,4901400
845,529,551,2018319,10811,220870,4800600
846,533,532,2017786,10812,221402,4906800
847,553,500,2017233,10865,221902,4809200
848,594,550,2016639,10909,222452,4799400
849,553,566,2016086,10896,223018,4797700
850,517,607,2015569,10806,223625,5080100
851,555,539,2015014,10822,224164,4872900
852,607,519,2014407,10910,224683,4836600
853,553,561,2013854,10902,225244,4917000
854,587,543,2013267,10946,225787,5140700
855,576,559,2012691,10963,226346,5068900
856,583,551,2012108,10995,226897,5018200
857,543,548,2011565,10990,227445,4762900
858,573,556,2010992,11007,228001,5425000
859,568,551,2010424,11024,228552,9282300
860,595,579,2009829,11040,229131,8377900
861,535,560,2009294,11015,229691,6602000
862,568,528,2008726,11055,230219,6777800
863,592,567,2008134,11080,230786,5634500
864,599,549,2007535,11130,231335,5299500
865,613,553,2006922,11190,231888,4919400
866,560,524,2006362,11226,232412,4900300
867,572,594,2005790,11204,233006,4998700
868,599,557,2005191,11246,233563,5346200
869,557,587,2004634,11216,234150,5625300
870,580,549,2004054,11247,234699,4951000
871,589,536,2003465,11300,235235,4638400
872,581,530,2002884,11351,235765,4659300
873,591,562,2002293,11380,236327,4622800
874,589,560,2001704,11409,236887,4655200
875,559,563,2001145,11405,237450,4686900
876,628,572,2000517,11461,238022,4607800
877,599,590,1999918,11470,238612,4681700
878,587,562,1999331,11495,239174,4656400
879,565,574,1998766,11486,239748,4696700
880,557,566,1998209,11477,240314,4623200
881,615,622,1997594,11470,240936,4734600
882,630,590,1996964,11510,241526,4815900
883,591,582,1996373,11519,242108,4611800
884,573,604,1995800,11488,242712,5106200
885,606,588,1995194,11506,243300,4734400
886,600,607,1994594,11499,243907,4555100
887,569,560,1994025,11508,244467,4787700
888,595,545,1993430,11558,245012,4808900
889,573,590,1992857,11541,245602,4418500
890,589,537,1992268,11593,246139,4530900
891,596,546,1991672,11643,246685,4533600
892,601,630,1991071,11614,247315,4633800
893,625,588,1990446,11651,247903,5374800
894,619,551,1989827,11719,248454,4646700
895,629,638,1989198,11710,249092,4625500
896,616,621,1988582,11705,249713,4808900
897,664,572,1987918,11797,250285,4640600
898,652,558,1987266,11891,250843,4739500
899,635,592,1986631,11934,251435,4764400
900,615,615,1986016,11934,252050,4720200
901,601,638,1985415,11897,252688,4524400
902,616,626,1984799,11887,253314,4633000
903,629,593,1984170,11923,253907,4606400
904,606,595,1983564,11934,254502,4902800
905,605,567,1982959,11972,255069,4747600
906,636,580,1982323,12028,255649,4895400
907,622,583,1981701,12067,256232,4695000
908,627,583,1981074,12111,256815,4712700
909,609,607,1980465,12113,257422,4887900
910,589,596,1979876,12106,258018,4693400
911,587,631,1979289,12062,258649,4662300
912,633,656,1978656,12039,259305,4677900
913,618,572,1978038,12085,259877,4642600
914,612,643,1977426,12054,260520,4812500
915,551,552,1976875,12053,261072,4849700
916,625,574,1976250,12104,261646,4860900
917,596,635,1975654,12065,262281,5275600
918,607,600,1975047,12072,262881,5215000
919,629,588,1974418,12113,263469,4870400
920,663,630,1973755,12146,264099,5008500
921,609,625,1973146,12130,264724,4876000
922,638,614,1972508,12154,265338,4890500
923,588,646,1971920,12096,265984,4725300
924,609,621,1971311,12084,266605,4705700
925,652,622,1970659,12114,267227,4986600
926,582,599,1970077,12097,267826,5864500
927,598,617,1969479,12078,268443,7279500
928,606,648,1968873,12036,269091,9007700
929,634,595,1968239,12075,269686,5524600
930,645,631,1967594,12089,270317,5042300
931,604,589,1966990,12104,270906,4936800
932,631,592,1966359,12143,271498,4870100
933,641,637,1965718,12147,272135,18433600
934,612,645,1965106,12114,272780,5732100
935,648,616,1964458,12146,273396,5371800
936,655,604,1963803,12197,274000,4968200
937,617,626,1963186,12188,274626,4924500
938,604,626,1962582,12166,275252,4962800
939,580,556,1962002,12190,275808,5005200
940,617,608,1961385,12199,276416,5090800
941,658,600,1960727,12257,277016,5047300
942,667,633,1960060,12291,277649,4799000
943,601,616,1959459,12276,278265,4962400
944,653,608,1958806,12321,278873,4967500
945,639,626,1958167,12334,279499,4728000
946,585,619,1957582,12300,280118,4706300
947,656,594,1956926,12362,280712,4774100
948,604,619,1956322,12347,281331,4615800
949,622,606,1955700,12363,281937,4929200
950,669,637,1955031,12395,282574,4806300
951,648,617,1954383,12426,283191,4786500
952,666,631,1953717,12461,283822,4861100
953,659,635,1953058,12485,284457,4592300
954,663,626,1952395,12522,285083,4685400
955,659,588,1951736,12593,285671,4760800
956,631,628,1951105,12596,286299,4750600
957,679,581,1950426,12694,286880,4664100
958,650,605,1949776,12739,287485,4762900
959,610,623,1949166,12726,288108,4735700
960,671,676,1948495,12721,288784,4641100
961,656,671,1947839,12706,289455,5047500
962,706,614,1947133,12798,290069,5061700
963,699,649,1946434,12848,290718,4899300
964,713,624,1945721,12937,291342,4947200
965,698,608,1945023,13027,291950,4968000
966,672,658,1944351,13041,292608,5032700
967,652,598,1943699,13095,293206,5208400
968,683,643,1943016,13135,293849,4732900
969,703,621,1942313,13217,294470,4902900
970,718,657,1941595,13278,295127,4791000
971,757,659,1940838,13376,295786,4962400
972,675,648,1940163,13403,296434,4677500
973,673,679,1939490,13397,297113,4903000
974,752,672,1938738,13477,297785,4785600
975,745,681,1937993,13541,298466,4740900
976,717,662,1937276,13596,299128,4789400
977,691,711,1936585,13576,299839,4754300
978,691,675,1935894,13592,300514,4646500
979,667,708,1935227,13551,301222,4647200
980,681,607,1934546,13625,301829,4831900
981,667,672,1933879,13620,302501,4791600
982,687,630,1933192,13677,303131,4721800
983,665,680,1932527,13662,303811,4888600
984,686,684,1931841,13664,304495,4755100
985,708,743,1931133,13629,305238,4921100
986,653,653,1930480,13629,305891,5306600
987,693,662,1929787,13660,306553,8975400
988,694,698,1929093,13656,307251,7986100
989,678,657,1928415,13677,307908,5868700
990,703,657,1927712,13723,308565,5290800
991,680,650,1927032,13753,309215,4716100
992,637,705,1926395,13685,309920,4800600
993,649,666,1925746,13668,310586,5084400
994,725,650,1925021,13743,311236,5142700
995,666,670,1924355,13739,311906,5297000
996,668,663,1923687,13744,312569,5429800
997,681,738,1923006,13687,313307,5294200
998,695,686,1922311,13696,313993,5349600
999,686,666,1921625,13716,314659,5013400
1000,649,678,1920976,13687,315337,5085500
1001,673,694,1920303,13666,316031,4912900
1002,711,663,1919592,13714,316694,5183000
1003,670,670,1918922,13714,317364,5491000
1004,698,700,1918224,13712,318064,5700600
1005,684,682,1917540,13714,318746,12827500
1006,710,653,1916830,13771,319399,6260500
1007,663,638,1916167,13796,320037,5310000
1008,686,626,1915481,13856,320663,5092400
1009,679,697,1914802,13838,321360,4971400
1010,686,679,1914116,13845,322039,5072900
1011,705,673,1913411,13877,322712,5118800
1012,644,689,1912767,13832,323401,5276800
1013,639,665,1912128,13806,324066,4899900
1014,668,691,1911460,13783,324757,5071600
1015,664,679,1910796,13768,325436,5004400
1016,696,694,1910100,13770,326130,4889900
1017,685,690,1909415,13765,326820,5102700
1018,659,671,1908756,13753,327491,4806800
1019,660,672,1908096,13741,328163,4603100
1020,689,675,1907407,13755,328838,5110200
1021,684,689,1906723,13750,329527,4790400
1022,724,724,1905999,13750,330251,4929100
1023,744,666,1905255,13828,330917,4974300
1024,718,702,1904537,13844,331619,5306800
1025,681,713,1903856,13812,332332,4891300
1026,667,659,1903189,13820,332991,5011100
1027,717,698,1902472,13839,333689,5098300
1028,693,670,1901779,13862,334359,4981000
1029,743,687,1901036,13918,335046,4840900
1030,709,755,1900327,13872,335801,4721700
1031,720,681,1899607,13911,336482,4707600
1032,721,707,1898886,13925,337189,4771400
1033,698,740,1898188,13883,337929,4757200
1034,682,699,1897506,13866,338628,5362200
1035,712,701,1896794,13877,339329,5120700
1036,687,689,1896107,13875,340018,4963000
1037,733,690,1895374,13918,340708,5184100
1038,742,660,1894632,14000,341368,4768700
1039,741,726,1893891,14015,342094,4897200
1040,731,693,1893160,14053,342787,5292500
1041,685,678,1892475,14060,343465,4783500
1042,731,699,1891744,14092,344164,4822200
1043,685,660,1891059,14117,344824,4667400
1044,711,733,1890348,14095,345557,4840100
1045,746,658,1889602,14183,346215,4727000
1046,710,686,1888892,14207,346901,4715800
1047,735,667,1888157,14275,347568,4606100
1048,707,745,1887450,14237,348313,4656200
1049,729,726,1886721,14240,349039,4957900
1050,707,714,1886014,14233,349753,4741800
1051,719,706,1885295,14246,350459,4932900
1052,706,694,1884589,14258,351153,4818500
1053,724,701,1883865,14281,351854,4701400
1054,714,733,1883151,14262,352587,4704500
1055,717,701,1882434,14278,353288,4633200
1056,720,690,1881714,14308,353978,4635400
1057,710,734,1881004,14284,354712,4702500
1058,736,706,1880268,14314,355418,4604000
1059,697,697,1879571,14314,356115,4587600
1060,698,695,1878873,14317,356810,4690300
1061,740,710,1878133,14347,357520,4730000
1062,724,719,1877409,14352,358239,4762300
1063,724,710,1876685,14366,358949,4943500
1064,712,726,1875973,14352,359675,4896200
1065,724,708,1875249,14368,360383,4815300
1066,711,748,1874538,14331,361131,4754600
1067,770,767,1873768,14334,361898,4723600
1068,763,746,1873005,14351,362644,4766800
1069,712,686,1872293,14377,363330,4723400
1070,755,694,1871538,14438,364024,4903300
1071,779,718,1870759,14499,364742,4757900
1072,712,724,1870047,14487,365466,4694300
1073,701,708,1869346,14480,366174,4915300
1074,758,714,1868588,14524,366888,4766300
1075,689,751,1867899,14462,367639,4895100
1076,743,719,1867156,14486,368358,4686600
1077,715,709,1866441,14492,369067,4788300
1078,765,711,1865676,14546,369778,4732000
1079,758,719,1864918,14585,370497,4659000
1080,737,747,1864181,14575,371244,4711400
1081,746,714,1863435,14607,371958,4663500
1082,762,737,1862673,14632,372695,4569100
1083,744,715,1861929,14661,373410,4789200
1084,704,750,1861225,14615,374160,4727200
1085,766,745,1860459,14636,374905,4730600
1086,743,745,1859716,14634,375650,4702600
1087,761,704,1858955,14691,376354,5148600
1088,768,732,1858187,14727,377086,5044400
1089,709,718,1857478,14718,377804,4971000
1090,733,745,1856745,14706,378549,5062800
1091,759,747,1855986,14718,379296,4850300
1092,716,754,1855270,14680,380050,4798200
1093,700,766,1854570,14614,380816,4776400
1094,701,773,1853869,14542,381589,4842900
1095,780,727,1853089,14595,382316,4823600
1096,750,773,1852339,14572,383089,4710800
1097,746,753,1851593,14565,383842,5071900
1098,787,709,1850806,14643,384551,4825200
1099,759,727,1850047,14675,385278,4712300
1100,715,728,1849332,14662,386006,4757700
1101,766,674,1848566,14754,386680,4831000
1102,751,777,1847815,14728,387457,5173300
1103,738,747,1847077,14719,388204,5566700
1104,811,710,1846266,14820,388914,6007900
1105,803,778,1845463,14845,389692,7655900
1106,783,684,1844680,14944,390376,7266500
1107,793,698,1843887,15039,391074,5933800
1108,771,780,1843116,15030,391854,4948100
1109,767,755,1842349,15042,392609,5477900
1110,776,785,1841573,15033,393394,5210700
1111,767,742,1840806,15058,394136,5194500
1112,725,765,1840081,15018,394901,5663200
1113,730,786,1839351,14962,395687,5595900
1114,797,794,1838554,14965,396481,5505800
1115,787,747,1837767,15005,397228,5136700
1116,715,814,1837052,14906,398042,4901500
1117,773,747,1836279,14932,398789,5029300
1118,765,732,1835514,14965,399521,5180400
1119,729,747,1834785,14947,400268,6264900
1120,762,731,1834023,14978,400999,11507700
1121,756,778,1833267,14956,401777,6573100
1122,774,718,1832493,15012,402495,5694900
1123,735,785,1831758,14962,403280,5364800
1124,758,723,1831000,14997,404003,5448700
1125,739,761,1830261,14975,404764,5360300
1126,766,774,1829495,14967,405538,5211400
1127,737,728,1828758,14976,406266,5200600
1128,757,770,1828001,14963,407036,5026700
1129,781,737,1827220,15007,407773,4951300
1130,738,790,1826482,14955,408563,4883800
1131,777,768,1825705,14964,409331,5138000
1132,706,790,1824999,14880,410121,5085400
1133,749,755,1824250,14874,410876,5026200
1134,716,733,1823534,14857,411609,5174200
1135,760,765,1822774,14852,412374,5318200
1136,756,750,1822018,14858,413124,5120400
1137,802,699,1821216,14961,413823,5492400
1138,825,749,1820391,15037,414572,5962000
1139,798,740,1819593,15095,415312,5212000
1140,805,740,1818788,15160,416052,5108300
1141,750,759,1818038,15151,416811,4950000
1142,726,809,1817312,15068,417620,5001500
1143,782,708,1816530,15142,418328,5131600
1144,772,769,1815758,15145,419097,4979200
1145,760,799,1814998,15106,419896,4962900
1146,706,755,1814292,15057,420651,4865700
1147,726,722,1813566,15061,421373,4711200
1148,751,800,1812815,15012,422173,4785200
1149,745,764,1812070,14993,422937,4843400
1150,756,741,1811314,15008,423678,4779700
1151,789,748,1810525,15049,424426,5070600
1152,762,755,1809763,15056,425181,4817300
1153,756,746,1809007,15066,425927,4931400
1154,778,768,1808229,15076,426695,4900100
1155,741,777,1807488,15040,427472,5052200
1156,761,778,1806727,15023,428250,5733700
1157,742,722,1805985,15043,428972,5195500
1158,784,765,1805201,15062,429737,5099900
1159,774,742,1804427,15094,430479,5008600
1160,789,780,1803638,15103,431259,4777600
1161,807,741,1802831,15169,432000,4830400
1162,762,740,1802069,15191,432740,4932400
1163,758,766,1801311,15183,433506,4892100
1164,778,720,1800533,15241,434226,4784800
1165,818,746,1799715,15313,434972,4791300
1166,808,763,1798907,15358,435735,4751100
1167,813,737,1798094,15434,436472,4843100
1168,794,736,1797300,15492,437208,4847300
1169,769,789,1796531,15472,437997,4891900
1170,773,767,1795758,15478,438764,4995700
1171,775,776,1794983,15477,439540,4803900
1172,764,838,1794219,15403,440378,4842700
1173,731,761,1793488,15373,441139,5083900
1174,757,811,1792731,15319,441950,4890400
1175,756,765,1791975,15310,442715,4855400
1176,781,811,1791194,15280,443526,4836300
1177,739,765,1790455,15254,444291,4762000
1178,761,772,1789694,15243,445063,4936400
1179,777,744,1788917,15276,445807,4819600
1180,795,725,1788122,15346,446532,4854400
1181,733,778,1787389,15301,447310,4865500
1182,754,816,1786635,15239,448126,4890000
1183,761,761,1785874,15239,448887,4933500
1184,765,728,1785109,15276,449615,4961600
1185,749,790,1784360,15235,450405,6384900
1186,739,738,1783621,15236,451143,5329900
1187,729,695,1782892,15270,451838,5004400
1188,778,772,1782114,15276,452610,4967300
1189,802,805,1781312,15273,453415,4957100
1190,820,768,1780492,15325,454183,5069700
1191,779,766,1779713,15338,454949,5236700
1192,754,752,1778959,15340,455701,4959800
1193,789,767,1778170,15362,456468,4804700
1194,819,797,1777351,15384,457265,4758800
1195,790,732,1776561,15442,457997,4936100
1196,779,757,1775782,15464,458754,4747400
1197,790,721,1774992,15533,459475,4694700
1198,761,761,1774231,15533,460236,4909100
1199,835,791,1773396,15577,461027,4764200
1200,781,803,1772615,15555,461830,4852300
1201,780,762,1771835,15573,462592,4891900
1202,747,805,1771088,15515,463397,4870200
1203,758,779,1770330,15494,464176,4698100
1204,794,751,1769536,15537,464927,5068200
1205,795,751,1768741,15581,465678,4801400
1206,798,775,1767943,15604,466453,4940800
1207,777,792,1767166,15589,467245,4843000
1208,749,781,1766417,15557,468026,4835000
1209,762,773,1765655,15546,468799,4941700
1210,782,783,1764873,15545,469582,4804900
1211,829,806,1764044,15568,470388,4781200
1212,798,732,1763246,15634,471120,4698100
1213,783,756,1762463,15661,471876,4627500
1214,751,775,1761712,15637,472651,4755800
1215,732,773,1760980,15596,473424,5309300
1216,794,754,1760186,15636,474178,4949600
1217,775,802,1759411,15609,474980,4863000
1218,745,835,1758666,15519,475815,4884600
1219,718,789,1757948,15448,476604,4841300
1220,803,799,1757145,15452,477403,4764700
1221,795,730,1756350,15517,478133,4710800
1222,789,767,1755561,15539,478900,4747300
1223,815,799,1754746,15555,479699,16266300
1224,787,790,1753959,15552,480489,5316500
1225,752,741,1753207,15563,481230,5622000
1226,799,820,1752408,15542,482050,5926600
1227,753,799,1751655,15496,482849,11369100
1228,777,796,1750878,15477,483645,6432800
1229,738,782,1750140,15433,484427,5570600
1230,820,763,1749320,15490,485190,4952200
1231,763,799,1748557,15454,485989,5149900
1232,824,811,1747733,15467,486800,4986800
1233,808,760,1746925,15515,487560,5032000
1234,786,796,1746139,15505,488356,5297700
1235,779,734,1745360,15550,489090,5211700
1236,802,741,1744558,15611,489831,5279600
1237,760,798,1743798,15573,490629,4947300
1238,783,752,1743015,15604,491381,4854200
1239,762,747,1742253,15619,492128,5014400
1240,756,801,1741497,15574,492929,4900400
1241,795,777,1740702,15592,493706,4920800
1242,772,742,1739930,15622,494448,5081500
1243,799,772,1739131,15649,495220,4969700
1244,818,751,1738313,15716,495971,5033100
1245,821,794,1737492,15743,496765,5270700
1246,787,780,1736705,15750,497545,5063100
1247,784,779,1735921,15755,498324,4879600
1248,860,830,1735061,15785,499154,4952300
1249,771,814,1734290,15742,499968,5075200
1250,808,793,1733482,15757,500761,5040500
1251,798,789,1732684,15766,501550,4887000
1252,776,793,1731908,15749,502343,4819000
1253,779,848,1731129,15680,503191,4802000
1254,802,795,1730327,15687,503986,4942300
1255,734,775,1729593,15646,504761,4916800
1256,795,783,1728798,15658,505544,4906000
1257,764,809,1728034,15613,506353,4966500
1258,792,783,1727242,15622,507136,4886900
1259,777,784,1726465,15615,507920,4849300
1260,812,772,1725653,15655,508692,5066400
1261,775,752,1724878,15678,509444,5125400
1262,789,773,1724089,15694,510217,5201900
1263,835,709,1723254,15820,510926,5026900
1264,821,794,1722433,15847,511720,4954300
1265,814,767,1721619,15894,512487,4948700
1266,820,775,1720799,15939,513262,4863600
1267,848,807,1719951,15980,514069,4957600
1268,776,760,1719175,15996,514829,5565200
1269,799,811,1718376,15984,515640,5009700
1270,848,802,1717528,16030,516442,5001800
1271,814,785,1716714,16059,517227,5069400
1272,818,820,1715896,16057,518047,5130800
1273,764,754,1715132,16067,518801,5085800
1274,817,855,1714315,16029,519656,5293000
1275,762,777,1713553,16014,520433,5015600
1276,776,837,1712777,15953,521270,5014900
1277,808,773,1711969,15988,522043,4954000
1278,792,814,1711177,15966,522857,4947600
1279,846,794,1710331,16018,523651,4955600
1280,767,787,1709564,15998,524438,4933700
1281,827,756,1708737,16069,525194,4874400
1282,790,769,1707947,16090,525963,4920900
1283,822,765,1707125,16147,526728,4905500
1284,839,832,1706286,16154,527560,4852200
1285,811,797,1705475,16168,528357,4999200
1286,838,837,1704637,16169,529194,5120300
1287,825,856,1703812,16138,530050,4831900
1288,840,823,1702972,16155,530873,5061500
1289,882,824,1702090,16213,531697,4912100
1290,814,801,1701276,16226,532498,4780700
1291,821,759,1700455,16288,533257,4885400
1292,818,845,1699637,16261,534102,4837400
1293,796,846,1698841,16211,534948,4833700
1294,815,830,1698026,16196,535778,4835000
1295,796,790,1697230,16202,536568,4889300
1296,806,831,1696424,16177,537399,4764900
1297,832,816,1695592,16193,538215,5192400
1298,798,769,1694794,16222,538984,5011700
1299,802,778,1693992,16246,539762,4899200
1300,838,828,1693154,16256,540590,5097500
1301,806,856,1692348,16206,541446,4863000
1302,841,805,1691507,16242,542251,4927600
1303,800,804,1690707,16238,543055,4827400
1304,787,875,1689920,16150,543930,4825400
1305,823,815,1689097,16158,544745,4880900
1306,795,831,1688302,16122,545576,5100000
1307,759,773,1687543,16108,546349,4755900
1308,812,834,1686731,16086,547183,4833600
1309,812,830,1685919,16068,548013,4954200
1310,832,739,1685087,16161,548752,5158300
1311,761,898,1684326,16024,549650,5133300
1312,766,769,1683560,16021,550419,5296100
1313,861,789,1682699,16093,551208,4889800
1314,800,852,1681899,16041,552060,5003000
1315,782,847,1681117,15976,552907,5502900
1316,774,818,1680343,15932,553725,5184900
1317,776,798,1679567,15910,554523,5053100
1318,795,785,1678772,15920,555308,4975600
1319,798,754,1677974,15964,556062,5123600
1320,752,817,1677222,15899,556879,6689100
1321,783,772,1676439,15910,557651,11377100
1322,803,785,1675636,15928,558436,6214200
1323,743,772,1674893,15899,559208,5502100
1324,781,791,1674112,15889,559999,5390100
1325,835,757,1673277,15967,560756,5258100
1326,776,820,1672501,15923,561576,5190300
1327,817,841,1671684,15899,562417,5326500
1328,785,813,1670899,15871,563230,5182100
1329,753,796,1670146,15828,564026,5460900
1330,763,773,1669383,15818,564799,5391500
1331,812,797,1668571,15833,565596,5329200
1332,786,801,1667785,15818,566397,5233700
1333,788,840,1666997,15766,567237,5255500
1334,778,776,1666219,15768,568013,5200600
1335,832,784,1665387,15816,568797,4912200
1336,790,759,1664597,15847,569556,5014100
1337,811,778,1663786,15880,570334,5128900
1338,796,830,1662990,15846,571164,5098600
1339,761,770,1662229,15837,571934,5160700
1340,759,779,1661470,15817,572713,5346200
1341,829,820,1660641,15826,573533,5165000
1342,781,821,1659860,15786,574354,5154100
1343,796,794,1659064,15788,575148,5317600
1344,813,788,1658251,15813,575936,4987000
1345,791,811,1657460,15793,576747,5012000
1346,825,790,1656635,15828,577537,4886100
1347,806,780,1655829,15854,578317,5189900
1348,804,797,1655025,15861,579114,5556400
1349,819,789,1654206,15891,579903,7814200
1350,802,820,1653404,15873,580723,12738900
1351,843,795,1652561,15921,581518,7123500
1352,813,839,1651748,15895,582357,6133200
1353,814,805,1650934,15904,583162,5843100
1354,834,740,1650100,15998,583902,6135800
1355,747,774,1649353,15971,584676,5532100
1356,829,806,1648524,15994,585482,5585400
1357,778,847,1647746,15925,586329,5300600
1358,795,781,1646951,15939,587110,5203900
1359,787,756,1646164,15970,587866,5127700
1360,773,828,1645391,15915,588694,5154500
1361,793,735,1644598,15973,589429,5045800
1362,798,832,1643800,15939,590261,5163900
1363,780,793,1643020,15926,591054,5106100
1364,789,822,1642231,15893,591876,5087400
1365,759,827,1641472,15825,592703,5144800
1366,778,783,1640694,15820,593486,5163000
1367,761,783,1639933,15798,594269,5424600
1368,783,832,1639150,15749,595101,5300700
1369,859,793,1638291,15815,595894,5177000
1370,770,806,1637521,15779,596700,6443400
1371,806,770,1636715,15815,597470,7405600
1372,761,785,1635954,15791,598255,9518800
1373,763,803,1635191,15751,599058,6057300
1374,774,787,1634417,15738,599845,5574400
1375,778,799,1633639,15717,600644,7385100
1376,819,808,1632820,15728,601452,5819600
1377,816,804,1632004,15740,602256,5843500
1378,783,775,1631221,15748,603031,5642500
1379,791,784,1630430,15755,603815,5500400
1380,769,789,1629661,15735,604604,5532500
1381,783,763,1628878,15755,605367,5176800
1382,843,790,1628035,15808,606157,5004300
1383,770,769,1627265,15809,606926,4949600
1384,792,784,1626473,15817,607710,5006000
1385,756,821,1625717,15752,608531,4984300
1386,818,753,1624899,15817,609284,4926200
1387,751,769,1624148,15799,610053,5260400
1388,762,807,1623386,15754,610860,5181800
1389,794,748,1622592,15800,611608,5119900
1390,762,801,1621830,15761,612409,5392600
1391,727,782,1621103,15706,613191,4890100
1392,752,790,1620351,15668,613981,4939000
1393,746,785,1619605,15629,614766,4925800
1394,782,748,1618823,15663,615514,4876800
1395,775,783,1618048,15655,616297,5196600
1396,751,828,1617297,15578,617125,5538300
1397,760,755,1616537,15583,617880,6058700
1398,780,741,1615757,15622,618621,9820900
1399,763,816,1614994,15569,619437,8173600
1400,787,779,1614207,15577,620216,5576500
1401,750,778,1613457,15549,620994,5280900
1402,791,809,1612666,15531,621803,5286900
1403,762,799,1611904,15494,622602,5079400
1404,773,772,1611131,15495,623374,5554300
1405,777,808,1610354,15464,624182,5341900
1406,786,744,1609568,15506,624926,5439100
1407,772,784,1608796,15494,625710,5548700
1408,741,815,1608055,15420,626525,5205600
1409,806,750,1607249,15476,627275,4948000
1410,778,727,1606471,15527,628002,4922400
1411,736,760,1605735,15503,628762,4866100
1412,771,759,1604964,15515,629521,4919000
1413,766,742,1604198,15539,630263,5100600
1414,790,748,1603408,15581,631011,4982400
1415,794,752,1602614,15623,631763,5061000
1416,761,811,1601853,15573,632574,4938400
1417,797,827,1601056,15543,633401,5440800
1418,799,791,1600257,15551,634192,5119600
1419,797,754,1599460,15594,634946,5080200
1420,773,798,1598687,15569,635744,4918600
1421,740,817,1597947,15492,636561,4976100
1422,767,765,1597180,15494,637326,4928000
1423,737,762,1596443,15469,638088,4889900
1424,800,813,1595643,15456,638901,4952800
1425,805,752,1594838,15509,639653,5018500
1426,819,766,1594019,15562,640419,4877000
1427,813,746,1593206,15629,641165,5367200
1428,791,771,1592415,15649,641936,5049000
1429,832,811,1591583,15670,642747,5173800
1430,804,776,1590779,15698,643523,5195200
1431,853,745,1589926,15806,644268,5380400
1432,789,851,1589137,15744,645119,5700400
1433,788,780,1588349,15752,645899,8225100
1434,779,802,1587570,15729,646701,8722500
1435,771,786,1586799,15714,647487,5609800
1436,800,813,1585999,15701,648300,9269300
1437,805,792,1585194,15714,649092,6325400
1438,806,799,1584388,15721,649891,5791600
1439,762,821,1583626,15662,650712,6184600
1440,763,801,1582863,15624,651513,5978300
1441,763,741,1582100,15646,652254,5718100
1442,820,746,1581280,15720,653000,5325500
1443,802,752,1580478,15770,653752,5569400
1444,739,776,1579739,15733,654528,5127500
1445,769,728,1578970,15774,655256,5015800
1446,753,789,1578217,15738,656045,5232400
1447,785,773,1577432,15750,656818,5230400
1448,740,765,1576692,15725,657583,5228900
1449,755,789,1575937,15691,658372,5399400
1450,774,728,1575163,15737,659100,5248600
1451,761,797,1574402,15701,659897,5427100
1452,770,797,1573632,15674,660694,5278400
1453,807,824,1572825,15657,661518,5295100
1454,787,862,1572038,15582,662380,5294000
1455,759,772,1571279,15569,663152,5313000
1456,759,799,1570520,15529,663951,5236700
1457,762,784,1569758,15507,664735,5140100
1458,787,820,1568971,15474,665555,5057700
1459,759,749,1568212,15484,666304,4996100
1460,729,761,1567483,15452,667065,5040500
1461,755,764,1566728,15443,667829,5001000
1462,761,772,1565967,15432,668601,4943800
1463,761,766,1565206,15427,669367,5070000
1464,702,799,1564504,15330,670166,5037200
1465,765,769,1563739,15326,670935,5287500
1466,717,791,1563022,15252,671726,5065500
1467,736,734,1562286,15254,672460,4890400
1468,732,729,1561554,15257,673189,4962900
1469,775,812,1560779,15220,674001,4921700
1470,739,808,1560040,15151,674809,4953800
1471,762,722,1559278,15191,675531,4955000
1472,778,765,1558500,15204,676296,4874800
1473,760,764,1557740,15200,677060,4946900
1474,755,736,1556985,15219,677796,4999400
1475,778,774,1556207,15223,678570,5226700
1476,810,768,1555397,15265,679338,5171700
1477,734,799,1554663,15200,680137,5792600
1478,777,740,1553886,15237,680877,5281100
1479,793,802,1553093,15228,681679,5039100
1480,798,728,1552295,15298,682407,5489100
1481,811,715,1551484,15394,683122,5439900
1482,806,723,1550678,15477,683845,5544500
1483,722,781,1549956,15418,684626,4979300
1484,750,744,1549206,15424,685370,4911900
1485,734,761,1548472,15397,686131,5224000
1486,764,760,1547708,15401,686891,6643400
1487,759,792,1546949,15368,687683,4901400
1488,816,789,1546133,15395,688472,5072600
1489,790,793,1545343,15392,689265,4872100
1490,762,762,1544581,15392,690027,4972500
1491,780,761,1543801,15411,690788,4940900
1492,751,732,1543050,15430,691520,4824100
1493,834,773,1542216,15491,692293,4956800
1494,757,760,1541459,15488,693053,4951000
1495,789,747,1540670,15530,693800,4841600
1496,732,794,1539938,15468,694594,4830100
1497,809,774,1539129,15503,695368,4849700
1498,763,784,1538366,15482,696152,4833500
1499,819,815,1537547,15486,696967,4819200
1500,783,753,1536764,15516,697720,4960400
1501,825,754,1535939,15587,698474,5209200
1502,755,753,1535184,15589,699227,4949700
1503,778,774,1534406,15593,700001,5082500
1504,777,762,1533629,15608,700763,5072900
1505,773,791,1532856,15590,701554,5174000
1506,815,805,1532041,15600,702359,5474400
1507,803,751,1531238,15652,703110,6341600
1508,755,786,1530483,15621,703896,11058800
1509,784,712,1529699,15693,704608,5771700
1510,778,822,1528921,15649,705430,5438500
1511,774,779,1528147,15644,706209,5025100
1512,778,814,1527369,15608,707023,5437200
1513,780,735,1526589,15653,707758,5364700
1514,789,763,1525800,15679,708521,5167900
1515,829,776,1524971,15732,709297,5366100
1516,745,798,1524226,15679,710095,5359700
1517,778,762,1523448,15695,710857,5571500
1518,787,790,1522661,15692,711647,6397000
1519,779,799,1521882,15672,712446,5831400
1520,816,821,1521066,15667,713267,5706100
1521,771,768,1520295,15670,714035,5502900
1522,800,719,1519495,15751,714754,5565600
1523,772,795,1518723,15728,715549,5851000
1524,744,747,1517979,15725,716296,5711600
1525,790,745,1517189,15770,717041,5769300
1526,779,778,1516410,15771,717819,5095200
1527,791,754,1515619,15808,718573,5102700
1528,758,777,1514861,15789,719350,5080800
1529,811,808,1514050,15792,720158,4942600
1530,803,876,1513247,15719,721034,4898900
1531,761,810,1512486,15670,721844,4912800
1532,777,801,1511709,15646,722645,4838000
1533,764,778,1510945,15632,723423,4972100
1534,770,787,1510175,15615,724210,5135100
1535,787,801,1509388,15601,725011,5061200
1536,798,768,1508590,15631,725779,4820200
1537,775,792,1507815,15614,726571,4970600
1538,795,775,1507020,15634,727346,5045200
1539,782,781,1506238,15635,728127,5547800
1540,810,812,1505428,15633,728939,5095000
1541,789,781,1504639,15641,729720,4833700
1542,773,762,1503866,15652,730482,5336500
1543,791,823,1503075,15620,731305,4958800
1544,795,778,1502280,15637,732083,5057300
1545,808,786,1501472,15659,732869,5261300
1546,823,786,1500649,15696,733655,5226600
1547,818,807,1499831,15707,734462,5091100
1548,775,747,1499056,15735,735209,5081600
1549,747,757,1498309,15725,735966,5032800
1550,796,760,1497513,15761,736726,4824100
1551,792,780,1496721,15773,737506,5093000
1552,745,817,1495976,15701,738323,5033300
1553,773,763,1495203,15711,739086,5297200
1554,780,861,1494423,15630,739947,5181600
1555,743,782,1493680,15591,740729,5695500
1556,769,800,1492911,15560,741529,5699500
1557,737,756,1492174,15541,742285,5359300
1558,747,725,1491427,15563,743010,5347400
1559,732,744,1490695,15551,743754,5103800
1560,753,775,1489942,15529,744529,5032800
1561,764,776,1489178,15517,745305,5241900
1562,760,736,1488418,15541,746041,8241900
1563,767,734,1487651,15574,746775,5281400
1564,790,802,1486861,15562,747577,5159400
1565,791,758,1486070,15595,748335,5275200
1566,787,822,1485283,15560,749157,5347500
1567,763,769,1484520,15554,749926,5471100
1568,800,764,1483720,15590,750690,5057900
1569,789,743,1482931,15636,751433,5133900
1570,819,734,1482112,15721,752167,5067300
1571,786,845,1481326,15662,753012,5345100
1572,815,780,1480511,15697,753792,5108500
1573,772,776,1479739,15693,754568,5166400
1574,816,790,1478923,15719,755358,5079000
1575,799,810,1478124,15708,756168,5308900
1576,809,850,1477315,15667,757018,5133100
1577,778,808,1476537,15637,757826,5091000
1578,800,747,1475737,15690,758573,5094800
1579,800,783,1474937,15707,759356,4891400
1580,784,788,1474153,15703,760144,4803800
1581,818,774,1473335,15747,760918,4915000
1582,778,817,1472557,15708,761735,4786400
1583,833,797,1471724,15744,762532,4851800
1584,793,760,1470931,15777,763292,4918000
1585,718,776,1470213,15719,764068,4810000
1586,762,721,1469451,15760,764789,4791900
1587,757,817,1468694,15700,765606,5000100
1588,774,716,1467920,15758,766322,4863100
1589,790,794,1467130,15754,767116,4927700
1590,748,824,1466382,15678,767940,4920300
1591,772,779,1465610,15671,768719,5051300
1592,847,905,1464763,15613,769624,4776400
1593,787,773,1463976,15627,770397,4857200
1594,779,788,1463197,15618,771185,5097900
1595,758,767,1462439,15609,771952,4959900
1596,782,816,1461657,15575,772768,5048300
1597,732,717,1460925,15590,773485,5021500
1598,776,792,1460149,15574,774277,4847900
1599,779,770,1459370,15583,775047,4772900
1600,817,843,1458553,15557,775890,5009600
1601,777,787,1457776,15547,776677,4918600
1602,822,769,1456954,15600,777446,5011200
1603,833,777,1456121,15656,778223,5108600
1604,781,772,1455340,15665,778995,5102300
1605,756,850,1454584,15571,779845,5135800
1606,822,738,1453762,15655,780583,5017100
1607,782,807,1452980,15630,781390,5005400
1608,796,761,1452184,15665,782151,5050000
1609,785,821,1451399,15629,782972,5150800
1610,772,745,1450627,15656,783717,5286800
1611,817,753,1449810,15720,784470,4979700
1612,783,770,1449027,15733,785240,5071000
1613,777,794,1448250,15716,786034,5885600
1614,787,812,1447463,15691,786846,5277500
1615,795,787,1446668,15699,787633,5095000
1616,793,768,1445875,15724,788401,5205100
1617,751,803,1445124,15672,789204,4970100
1618,803,748,1444321,15727,789952,5105600
1619,834,779,1443487,15782,790731,5215800
1620,839,774,1442648,15847,791505,5222300
1621,823,751,1441825,15919,792256,5255900
1622,822,795,1441003,15946,793051,5213500
1623,786,813,1440217,15919,793864,5182400
1624,815,800,1439402,15934,794664,5490400
1625,813,800,1438589,15947,795464,5257400
1626,830,748,1437759,16029,796212,5239000
1627,804,779,1436955,16054,796991,5436700
1628,824,751,1436131,16127,797742,5218100
1629,801,779,1435330,16149,798521,5201500
1630,785,834,1434545,16100,799355,5185700
1631,799,775,1433746,16124,800130,5157000
1632,785,855,1432961,16054,800985,5258700
1633,760,815,1432201,15999,801800,5229500
1634,781,839,1431420,15941,802639,5530900
1635,765,799,1430655,15907,803438,5611800
1636,776,710,1429879,15973,804148,5449600
1637,760,830,1429119,15903,804978,5463200
1638,763,828,1428356,15838,805806,5568600
1639,817,740,1427539,15915,806546,5575200
1640,758,779,1426781,15894,807325,5480000
1641,816,785,1425965,15925,808110,5212900
1642,781,793,1425184,15913,808903,5444800
1643,740,781,1424444,15872,809684,5362600
1644,812,799,1423632,15885,810483,5395300
1645,735,798,1422897,15822,811281,5937000
1646,723,812,1422174,15733,812093,5978100
1647,808,779,1421366,15762,812872,6152900
1648,807,724,1420559,15845,813596,6590500
1649,796,848,1419763,15793,814444,6430900
1650,783,821,1418980,15755,815265,6015400
1651,727,764,1418253,15718,816029,7377500
1652,798,764,1417455,15752,816793,5857000
1653,722,800,1416733,15674,817593,5219100
1654,747,783,1415986,15638,818376,5432800
1655,771,766,1415215,15643,819142,5153000
1656,772,809,1414443,15606,819951,5597000
1657,792,778,1413651,15620,820729,5421100
1658,773,725,1412878,15668,821454,5173100
1659,785,772,1412093,15681,822226,5073800
1660,731,789,1411362,15623,823015,5081300
1661,838,773,1410524,15688,823788,5322700
1662,818,836,1409706,15670,824624,5140300
1663,787,752,1408919,15705,825376,4905500
1664,803,774,1408116,15734,826150,5547100
1665,837,805,1407279,15766,826955,5110600
1666,806,804,1406473,15768,827759,5053600
1667,799,775,1405674,15792,828534,5113700
1668,838,783,1404836,15847,829317,4957900
1669,785,816,1404051,15816,830133,5084600
1670,765,791,1403286,15790,830924,5162400
1671,776,765,1402510,15801,831689,5247100
1672,847,813,1401663,15835,832502,4955200
1673,800,876,1400863,15759,833378,4882700
1674,811,769,1400052,15801,834147,5119600
1675,797,763,1399255,15835,834910,5203800
1676,714,801,1398541,15748,835711,5483000
1677,808,776,1397733,15780,836487,5099100
1678,817,733,1396916,15864,837220,5278400
1679,762,803,1396154,15823,838023,5431600
1680,761,817,1395393,15767,838840,5165100
1681,789,778,1394604,15778,839618,5317600
1682,737,794,1393867,15721,840412,6048300
1683,775,807,1393092,15689,841219,5775800
1684,755,811,1392337,15633,842030,5421800
1685,750,786,1391587,15597,842816,5827400
1686,764,739,1390823,15622,843555,5425200
1687,799,770,1390024,15651,844325,5387900
1688,761,748,1389263,15664,845073,5658300
1689,783,759,1388480,15688,845832,5623500
1690,790,765,1387690,15713,846597,5272400
1691,766,780,1386924,15699,847377,5261200
1692,748,812,1386176,15635,848189,5114100
1693,790,767,1385386,15658,848956,5067600
1694,744,797,1384642,15605,849753,5137500
1695,741,776,1383901,15570,850529,5177100
1696,786,767,1383115,15589,851296,5681300
1697,726,725,1382389,15590,852021,5689200
1698,752,772,1381637,15570,852793,5079400
1699,814,817,1380823,15567,853610,5946300
1700,758,762,1380065,15563,854372,5256100
1701,758,742,1379307,15579,855114,5364400
1702,777,728,1378530,15628,855842,5658500
1703,747,764,1377783,15611,856606,5419700
1704,789,748,1376994,15652,857354,5354000
1705,781,785,1376213,15648,858139,5238500
1706,793,792,1375420,15649,858931,5508400
1707,748,811,1374672,15586,859742,5771700
1708,789,785,1373883,15590,860527,5667400
1709,786,774,1373097,15602,861301,5784900
1710,802,781,1372295,15623,862082,5344000
1711,750,806,1371545,15567,862888,5574700
1712,805,768,1370740,15604,863656,5371900
1713,791,772,1369949,15623,864428,5238500
1714,801,741,1369148,15683,865169,5608800
1715,777,797,1368371,15663,865966,5580100
1716,760,817,1367611,15606,866783,5619800
1717,759,789,1366852,15576,867572,5170200
1718,742,812,1366110,15506,868384,5671500
1719,798,732,1365312,15572,869116,5552400
1720,762,771,1364550,15563,869887,5500800
1721,779,784,1363771,15558,870671,5718000
1722,746,790,1363025,15514,871461,5706600
1723,790,754,1362235,15550,872215,5612500
1724,771,780,1361464,15541,872995,5394600
1725,768,773,1360696,15536,873768,5518300
1726,783,746,1359913,15573,874514,5390700
1727,772,785,1359141,15560,875299,5230900
1728,734,721,1358407,15573,876020,5503600
1729,738,807,1357669,15504,876827,5641600
1730,749,826,1356920,15427,877653,5342300
1731,752,798,1356168,15381,878451,5433600
1732,774,743,1355394,15412,879194,5401600
1733,784,765,1354610,15431,879959,5364500
1734,780,767,1353830,15444,880726,5328700
1735,756,741,1353074,15459,881467,5394900
1736,776,803,1352298,15432,882270,5425900
1737,807,721,1351491,15518,882991,5640500
1738,793,799,1350698,15512,883790,5567300
1739,745,789,1349953,15468,884579,5517700
1740,786,785,1349167,15469,885364,5484100
1741,793,759,1348374,15503,886123,5253800
1742,769,776,1347605,15496,886899,5503600
1743,771,787,1346834,15480,887686,5589200
1744,788,776,1346046,15492,888462,5493400
1745,765,812,1345281,15445,889274,5511000
1746,778,731,1344503,15492,890005,5451400
1747,799,748,1343704,15543,890753,6239800
1748,808,776,1342896,15575,891529,5484000
1749,745,772,1342151,15548,892301,5457900
1750,772,782,1341379,15538,893083,5349500
1751,780,782,1340599,15536,893865,5173700
1752,784,755,1339815,15565,894620,5391900
1753,736,751,1339079,15550,895371,5306900
1754,766,819,1338313,15497,896190,5384600
1755,735,734,1337578,15498,896924,5181300
1756,785,724,1336793,15559,897648,5486300
1757,760,769,1336033,15550,898417,5551700
1758,794,772,1335239,15572,899189,6491900
1759,763,781,1334476,15554,899970,5504800
1760,794,785,1333682,15563,900755,6085000
1761,800,753,1332882,15610,901508,5466100
1762,802,773,1332080,15639,902281,5204600
1763,769,806,1331311,15602,903087,5296400
1764,768,807,1330543,15563,903894,5337700
1765,763,740,1329780,15586,904634,5255800
1766,812,784,1328968,15614,905418,5493900
1767,749,823,1328219,15540,906241,5747900
1768,750,764,1327469,15526,907005,6032400
1769,747,779,1326722,15494,907784,5384700
1770,748,769,1325974,15473,908553,5210300
1771,744,778,1325230,15439,909331,5279900
1772,749,802,1324481,15386,910133,5453700
1773,758,758,1323723,15386,910891,5051400
1774,680,781,1323043,15285,911672,5157000
1775,670,755,1322373,15200,912427,5210200
1776,776,782,1321597,15194,913209,5143500
1777,742,752,1320855,15184,913961,5147200
1778,764,739,1320091,15209,914700,5208000
1779,762,780,1319329,15191,915480,5266800
1780,740,749,1318589,15182,916229,5291300
1781,741,768,1317848,15155,916997,5610100
1782,826,709,1317022,15272,917706,5404100
1783,730,741,1316292,15261,918447,5217100
1784,741,741,1315551,15261,919188,5033000
1785,760,773,1314791,15248,919961,5104800
1786,743,755,1314048,15236,920716,5606300
1787,725,742,1313323,15219,921458,5338200
1788,757,765,1312566,15211,922223,5316800
1789,765,790,1311801,15186,923013,5344900
1790,727,773,1311074,15140,923786,5346900
1791,744,753,1310330,15131,924539,5328300
1792,709,745,1309621,15095,925284,5132100
1793,751,713,1308870,15133,925997,5188400
1794,770,767,1308100,15136,926764,5746800
1795,742,752,1307358,15126,927516,5689000
1796,723,757,1306635,15092,928273,5304600
1797,786,778,1305849,15100,929051,7176700
1798,713,752,1305136,15061,929803,6181000
1799,724,784,1304412,15001,930587,5682600
1800,733,775,1303679,14959,931362,6180600
1801,772,756,1302907,14975,932118,5771300
1802,753,717,1302154,15011,932835,5433300
1803,734,745,1301420,15000,933580,5924400
1804,766,740,1300654,15026,934320,5519700
1805,738,775,1299916,14989,935095,5655500
1806,740,764,1299176,14965,935859,6842500
1807,743,781,1298433,14927,936640,5535900
1808,711,761,1297722,14877,937401,5345900
1809,690,764,1297032,14803,938165,5534500
1810,691,756,1296341,14738,938921,5365100
1811,698,764,1295643,14672,939685,5758300
1812,716,743,1294927,14645,940428,5318600
1813,712,745,1294215,14612,941173,5815600
1814,710,739,1293505,14583,941912,5807300
1815,708,764,1292797,14527,942676,5707500
1816,735,737,1292062,14525,943413,5557500
1817,711,730,1291351,14506,944143,5719700
1818,714,729,1290637,14491,944872,5399100
1819,660,729,1289977,14422,945601,5317500
1820,736,720,1289241,14438,946321,5226500
1821,707,729,1288534,14416,947050,5334900
1822,673,742,1287861,14347,947792,5094000
1823,710,746,1287151,14311,948538,5810000
1824,712,689,1286439,14334,949227,6117700
1825,736,715,1285703,14355,949942,10720100
1826,769,735,1284934,14389,950677,7314600
1827,724,720,1284210,14393,951397,6074700
1828,708,717,1283502,14384,952114,7673600
1829,711,711,1282791,14384,952825,5530700
1830,752,702,1282039,14434,953527,5320400
1831,708,722,1281331,14420,954249,5050000
1832,693,677,1280638,14436,954926,5061500
1833,751,742,1279887,14445,955668,4921200
1834,715,734,1279172,14426,956402,5152900
1835,705,700,1278467,14431,957102,5439200
1836,723,760,1277744,14394,957862,4990600
1837,692,709,1277052,14377,958571,5048400
1838,706,684,1276346,14399,959255,4887700
1839,721,653,1275625,14467,959908,4882100
1840,694,733,1274931,14428,960641,4994000
1841,710,720,1274221,14418,961361,4948100
1842,707,694,1273514,14431,962055,4976800
1843,721,725,1272793,14427,962780,5018900
1844,698,699,1272095,14426,963479,4902500
1845,686,749,1271409,14363,964228,4989700
1846,717,688,1270692,14392,964916,5114600
1847,711,726,1269981,14377,965642,4938400
1848,698,753,1269283,14322,966395,4870200
1849,736,723,1268547,14335,967118,5070100
1850,749,755,1267798,14329,967873,4976900
1851,693,707,1267105,14315,968580,4929900
1852,703,655,1266402,14363,969235,5083100
1853,710,701,1265692,14372,969936,4968300
1854,687,715,1265005,14344,970651,4965200
1855,705,728,1264300,14321,971379,5022000
1856,670,767,1263630,14224,972146,4773500
1857,686,692,1262944,14218,972838,4854800
1858,687,761,1262257,14144,973599,5031500
1859,705,739,1261552,14110,974338,4947500
1860,656,689,1260896,14077,975027,5178700
1861,694,728,1260202,14043,975755,5044700
1862,718,686,1259484,14075,976441,4961900
1863,679,732,1258805,14022,977173,4944900
1864,707,682,1258098,14047,977855,5157700
1865,684,734,1257414,13997,978589,4875100
1866,729,717,1256685,14009,979306,4734500
1867,677,652,1256008,14034,979958,5065800
1868,711,699,1255297,14046,980657,4857200
1869,705,674,1254592,14077,981331,5064000
1870,691,647,1253901,14121,981978,5204300
1871,714,709,1253187,14126,982687,5131800
1872,652,689,1252535,14089,983376,5033700
1873,675,680,1251860,14084,984056,5024400
1874,703,733,1251157,14054,984789,4932500
1875,665,752,1250492,13967,985541,4798900
1876,691,654,1249801,14004,986195,4856400
1877,731,684,1249070,14051,986879,4940800
1878,700,694,1248370,14057,987573,4852200
1879,722,707,1247648,14072,988280,4800700
1880,648,722,1247000,13998,989002,4719300
1881,667,717,1246333,13948,989719,4767000
1882,663,743,1245670,13868,990462,5128300
1883,714,699,1244956,13883,991161,4951500
1884,689,703,1244267,13869,991864,4846900
1885,721,691,1243546,13899,992555,5173400
1886,721,676,1242825,13944,993231,5011600
1887,673,697,1242152,13920,993928,4898700
1888,731,670,1241421,13981,994598,4979300
1889,681,670,1240740,13992,995268,4888100
1890,668,680,1240072,13980,995948,4843100
1891,698,735,1239374,13943,996683,4853200
1892,728,680,1238646,13991,997363,4805100
1893,714,701,1237932,14004,998064,4848100
1894,700,704,1237232,14000,998768,5069500
1895,667,712,1236565,13955,999480,5112300
1896,729,706,1235836,13978,1000186,4951900
1897,685,736,1235151,13927,1000922,5052200
1898,701,701,1234450,13927,1001623,5133300
1899,710,682,1233740,13955,1002305,5079700
1900,695,709,1233045,13941,1003014,5083800
1901,740,670,1232305,14011,1003684,4920900
1902,660,657,1231645,14014,1004341,4952700
1903,719,671,1230926,14062,1005012,5301800
1904,757,716,1230169,14103,1005728,4935300
1905,716,706,1229453,14113,1006434,4964300
1906,689,673,1228764,14129,1007107,5097300
1907,707,692,1228057,14144,1007799,4900800
1908,692,681,1227365,14155,1008480,4749300
1909,722,682,1226643,14195,1009162,4888200
1910,745,693,1225898,14247,1009855,4839000
1911,709,730,1225189,14226,1010585,4940200
1912,655,715,1224534,14166,1011300,4909400
1913,677,731,1223857,14112,1012031,4943000
1914,691,719,1223166,14084,1012750,5087600
1915,684,692,1222482,14076,1013442,5046400
1916,709,666,1221773,14119,1014108,5027700
1917,719,654,1221054,14184,1014762,4886000
1918,694,663,1220360,14215,1015425,5129100
1919,682,677,1219678,14220,1016102,4988500
1920,710,713,1218968,14217,1016815,5046500
1921,717,693,1218251,14241,1017508,4927300
1922,686,737,1217565,14190,1018245,4823600
1923,709,728,1216856,14171,1018973,5228500
1924,718,724,1216138,14165,1019697,5129400
1925,716,709,1215422,14172,1020406,4899300
1926,665,717,1214757,14120,1021123,5057300
1927,710,667,1214047,14163,1021790,5054200
1928,663,689,1213384,14137,1022479,4834500
1929,716,702,1212668,14151,1023181,4900400
1930,677,688,1211991,14140,1023869,4758800
1931,679,697,1211312,14122,1024566,5090600
1932,653,739,1210659,14036,1025305,5261300
1933,672,678,1209987,14030,1025983,4872200
1934,703,714,1209284,14019,1026697,4771400
1935,655,697,1208629,13977,1027394,4837900
1936,688,677,1207941,13988,1028071,5074600
1937,719,666,1207222,14041,1028737,5476400
1938,682,709,1206540,14014,1029446,4983200
1939,670,697,1205870,13987,1030143,4849700
1940,654,674,1205216,13967,1030817,5119000
1941,625,694,1204591,13898,1031511,5145400
1942,651,747,1203940,13802,1032258,4925600
1943,633,708,1203307,13727,1032966,4803700
1944,668,672,1202639,13723,1033638,4866800
1945,675,717,1201964,13681,1034355,4820500
1946,673,689,1201291,13665,1035044,4915000
1947,713,668,1200578,13710,1035712,4939100
1948,662,687,1199916,13685,1036399,4884600
1949,629,671,1199287,13643,1037070,4858500
1950,660,694,1198627,13609,1037764,5665400
1951,665,698,1197962,13576,1038462,4871900
1952,629,699,1197333,13506,1039161,4902400
1953,702,669,1196631,13539,1039830,4853600
1954,648,660,1195983,13527,1040490,4873300
1955,666,665,1195317,13528,1041155,4913900
1956,600,658,1194717,13470,1041813,4894100
1957,643,667,1194074,13446,1042480,4879000
1958,683,696,1193391,13433,1043176,4776600
1959,644,697,1192747,13380,1043873,4837600
1960,647,668,1192100,13359,1044541,4713700
1961,701,720,1191399,13340,1045261,4777500
1962,681,663,1190718,13358,1045924,4866400
1963,657,664,1190061,13351,1046588,5161000
1964,633,642,1189428,13342,1047230,4882400
1965,695,689,1188733,13348,1047919,4853400
1966,713,602,1188020,13459,1048521,5175800
1967,677,633,1187343,13503,1049154,4979500
1968,654,634,1186689,13523,1049788,4951900
1969,707,649,1185982,13581,1050437,4893500
1970,679,682,1185303,13578,1051119,4692100
1971,633,647,1184670,13564,1051766,5009500
1972,686,658,1183984,13592,1052424,5355000
1973,716,636,1183268,13672,1053060,5059900
1974,702,728,1182566,13646,1053788,5019200
1975,682,691,1181884,13637,1054479,5061200
1976,630,689,1181254,13578,1055168,5412000
1977,696,689,1180558,13585,1055857,5507800
1978,674,654,1179884,13605,1056511,5832200
1979,674,691,1179210,13588,1057202,5193000
1980,712,656,1178498,13644,1057858,5242100
1981,691,724,1177807,13611,1058582,5004500
1982,735,695,1177072,13651,1059277,4835300
1983,686,659,1176386,13678,1059936,4949600
1984,749,709,1175637,13718,1060645,4782000
1985,714,654,1174923,13778,1061299,4775200
1986,738,668,1174185,13848,1061967,5049000
1987,731,658,1173454,13921,1062625,5609500
1988,667,707,1172787,13881,1063332,5349500
1989,724,718,1172063,13887,1064050,5134300
1990,731,712,1171332,13906,1064762,5036800
1991,649,699,1170683,13856,1065461,4933600
1992,720,694,1169963,13882,1066155,5058500
1993,715,655,1169248,13942,1066810,4953600
1994,686,677,1168562,13951,1067487,4911100
1995,681,718,1167881,13914,1068205,4800200
1996,738,700,1167143,13952,1068905,4886100
1997,695,678,1166448,13969,1069583,4951400
1998,702,728,1165746,13943,1070311,4862000
1999,712,696,1165034,13959,1071007,5043900
2000,656,685,1164378,13930,1071692,5227900
2001,634,655,1163744,13909,1072347,5296800
2002,661,705,1163083,13865,1073052,5864700
2003,708,677,1162375,13896,1073729,5748400
2004,675,736,1161700,13835,1074465,5434200
2005,647,694,1161053,13788,1075159,5371400
2006,704,751,1160349,13741,1075910,5126400
2007,695,647,1159654,13789,1076557,5008300
2008,683,711,1158971,13761,1077268,4985200
2009,701,682,1158270,13780,1077950,5093700
2010,688,643,1157582,13825,1078593,5010800
2011,692,772,1156890,13745,1079365,5908900
2012,637,711,1156253,13671,1080076,6242900
2013,732,708,1155521,13695,1080784,6007600
2014,649,673,1154872,13671,1081457,5203400
2015,651,729,1154221,13593,1082186,5172500
2016,676,695,1153545,13574,1082881,5433700
2017,685,704,1152860,13555,1083585,5002300
2018,640,705,1152220,13490,1084290,5332400
2019,624,708,1151596,13406,1084998,5375800
2020,620,677,1150976,13349,1085675,5156900
2021,680,678,1150296,13351,1086353,4950700
2022,662,678,1149634,13335,1087031,4906900
2023,633,665,1149001,13303,1087696,4986000
2024,665,643,1148336,13325,1088339,5578700
2025,647,645,1147689,13327,1088984,5075100
2026,666,678,1147023,13315,1089662,4991900
2027,626,713,1146397,13228,1090375,5336400
2028,660,618,1145737,13270,1090993,4964000
2029,677,611,1145060,13336,1091604,5398700
2030,709,705,1144351,13340,1092309,4949100
2031,655,652,1143696,13343,1092961,4843500
2032,662,631,1143034,13374,1093592,5039200
2033,650,640,1142384,13384,1094232,5118000
2034,669,708,1141715,13345,1094940,4951600
2035,663,731,1141052,13277,1095671,4929200
2036,665,645,1140387,13297,1096316,4967700
2037,633,682,1139754,13248,1096998,4993100
2038,661,629,1139093,13280,1097627,5133900
2039,660,673,1138433,13267,1098300,4828900
2040,689,663,1137744,13293,1098963,4805800
2041,651,669,1137093,13275,1099632,4939100
2042,644,633,1136449,13286,1100265,5013300
2043,622,656,1135827,13252,1100921,5039800
2044,706,737,1135121,13221,1101658,5253000
2045,716,650,1134405,13287,1102308,4960300
2046,656,622,1133749,13321,1102930,4980900
2047,680,650,1133069,13351,1103580,4810300
2048,679,692,1132390,13338,1104272,4790300
2049,676,671,1131714,13343,1104943,4888300
2050,629,635,1131085,13337,1105578,5024200
2051,676,689,1130409,13324,1106267,5024900
2052,690,675,1129719,13339,1106942,4912400
2053,732,655,1128987,13416,1107597,4819100
2054,679,690,1128308,13405,1108287,4920200
2055,633,690,1127675,13348,1108977,5078400
2056,647,623,1127028,13372,1109600,4770800
2057,650,715,1126378,13307,1110315,4901000
2058,666,687,1125712,13286,1111002,4988700
2059,674,652,1125038,13308,1111654,5227200
2060,638,690,1124400,13256,1112344,5057500
2061,615,703,1123785,13168,1113047,5740200
2062,700,619,1123085,13249,1113666,5524600
2063,630,636,1122455,13243,1114302,5025500
2064,629,670,1121826,13202,1114972,4939300
2065,675,675,1121151,13202,1115647,4819700
2066,659,655,1120492,13206,1116302,4944200
2067,623,652,1119869,13177,1116954,4758700
2068,652,641,1119217,13188,1117595,5023800
2069,685,653,1118532,13220,1118248,4825300
2070,664,703,1117868,13181,1118951,4947000
2071,621,654,1117247,13148,1119605,4859300
2072,638,633,1116609,13153,1120238,4794400
2073,644,663,1115965,13134,1120901,4755900
2074,651,632,1115314,13153,1121533,4786900
2075,618,665,1114696,13106,1122198,5206500
2076,676,648,1114020,13134,1122846,4871800
2077,631,643,1113389,13122,1123489,4899700
2078,665,662,1112724,13125,1124151,5051600
2079,667,679,1112057,13113,1124830,4975500
2080,660,702,1111397,13071,1125532,4885500
2081,671,667,1110726,13075,1126199,5284500
2082,673,604,1110053,13144,1126803,4800000
2083,673,643,1109380,13174,1127446,4754000
2084,702,653,1108678,13223,1128099,4848700
2085,671,674,1108007,13220,1128773,4949100
2086,681,646,1107326,13255,1129419,5005700
2087,670,640,1106656,13285,1130059,5140200
2088,666,695,1105990,13256,1130754,5164300
2089,677,672,1105313,13261,1131426,5074200
2090,692,655,1104621,13298,1132081,4985800
2091,685,614,1103936,13369,1132695,5129700
2092,703,683,1103233,13389,1133378,5097700
2093,693,665,1102540,13417,1134043,5020700
2094,639,653,1101901,13403,1134696,4970500
2095,634,693,1101267,13344,1135389,4878000
2096,695,655,1100572,13384,1136044,4852800
2097,630,616,1099942,13398,1136660,6105400
2098,710,647,1099232,13461,1137307,4865900
2099,709,647,1098523,13523,1137954,4909000
2100,641,659,1097882,13505,1138613,4755500
2101,663,626,1097219,13542,1139239,4906500
2102,639,672,1096580,13509,1139911,4857300
2103,693,691,1095887,13511,1140602,4923700
2104,662,661,1095225,13512,1141263,4910900
2105,694,689,1094531,13517,1141952,4648700
2106,711,653,1093820,13575,1142605,5087900
2107,681,674,1093139,13582,1143279,4876500
2108,688,668,1092451,13602,1143947,4837200
2109,653,684,1091798,13571,1144631,4969100
2110,730,695,1091068,13606,1145326,4967700
2111,673,697,1090395,13582,1146023,4813700
2112,633,714,1089762,13501,1146737,5100900
2113,615,660,1089147,13456,1147397,4882400
2114,688,650,1088459,13494,1148047,5103900
2115,675,686,1087784,13483,1148733,5099000
2116,679,627,1087105,13535,1149360,5019900
2117,641,683,1086464,13493,1150043,4851800
2118,686,674,1085778,13505,1150717,5045000
2119,638,695,1085140,13448,1151412,5208400
2120,658,669,1084482,13437,1152081,4970300
2121,642,658,1083840,13421,1152739,5053700
2122,634,669,1083206,13386,1153408,4940800
2123,668,660,1082538,13394,1154068,4809200
2124,642,664,1081896,13372,1154732,4870700
2125,639,646,1081257,13365,1155378,4856200
2126,656,672,1080601,13349,1156050,4847700
2127,687,655,1079914,13381,1156705,5128000
2128,663,654,1079251,13390,1157359,4924000
2129,653,716,1078598,13327,1158075,5025400
2130,678,660,1077920,13345,1158735,4861200
2131,649,675,1077271,13319,1159410,4955000
2132,654,674,1076617,13299,1160084,4786500
2133,617,694,1076000,13222,1160778,5108400
2134,631,665,1075369,13188,1161443,4980800
2135,623,660,1074746,13151,1162103,4952800
2136,637,650,1074109,13138,1162753,4982600
2137,660,687,1073449,13111,1163440,4961000
2138,609,686,1072840,13034,1164126,4795300
2139,663,673,1072177,13024,1164799,4879200
2140,635,635,1071542,13024,1165434,4942900
2141,636,647,1070906,13013,1166081,5205200
2142,660,635,1070246,13038,1166716,4996300
2143,680,631,1069566,13087,1167347,5094300
2144,663,663,1068903,13087,1168010,5009400
2145,639,625,1068264,13101,1168635,5172900
2146,678,694,1067586,13085,1169329,4961300
2147,689,649,1066897,13125,1169978,4875100
2148,633,645,1066264,13113,1170623,5243200
2149,678,634,1065586,13157,1171257,4856300
2150,633,635,1064953,13155,1171892,4865900
2151,644,677,1064309,13122,1172569,4879000
2152,628,639,1063681,13111,1173208,4939300
2153,683,660,1062998,13134,1173868,5061400
2154,733,671,1062265,13196,1174539,5150900
2155,682,664,1061583,13214,1175203,4931200
2156,659,639,1060924,13234,1175842,5047800
2157,652,608,1060272,13278,1176450,5207600
2158,671,627,1059601,13322,1177077,4883000
2159,679,713,1058922,13288,1177790,4826300
2160,668,717,1058254,13239,1178507,4814900
2161,643,658,1057611,13224,1179165,4850200
2162,651,628,1056960,13247,1179793,5009800
2163,657,640,1056303,13264,1180433,4939300
2164,708,644,1055595,13328,1181077,5065100
2165,709,662,1054886,13375,1181739,4841800
2166,704,632,1054182,13447,1182371,4749000
2167,677,670,1053505,13454,1183041,5071300
2168,685,672,1052820,13467,1183713,5132200
2169,678,616,1052142,13529,1184329,4980700
2170,671,670,1051471,13530,1184999,4906000
2171,669,654,1050802,13545,1185653,4823800
2172,704,691,1050098,13558,1186344,4906200
2173,668,661,1049430,13565,1187005,4956700
2174,671,620,1048759,13616,1187625,4772200
2175,706,687,1048053,13635,1188312,4808800
2176,668,684,1047385,13619,1188996,4783700
2177,670,711,1046715,13578,1189707,4755500
2178,684,669,1046031,13593,1190376,4901200
2179,704,679,1045327,13618,1191055,5233100
2180,669,681,1044658,13606,1191736,5318800
2181,667,677,1043991,13596,1192413,4967400
2182,630,678,1043361,13548,1193091,5000800
2183,622,668,1042739,13502,1193759,5079300
2184,649,656,1042090,13495,1194415,4889700
2185,654,654,1041436,13495,1195069,4798400
2186,698,694,1040738,13499,1195763,4867500
2187,655,702,1040083,13452,1196465,4791400
2188,673,694,1039410,13431,1197159,4910200
2189,695,643,1038715,13483,1197802,4941800
2190,632,627,1038083,13488,1198429,4967400
2191,662,693,1037421,13457,1199122,4954000
2192,637,644,1036784,13450,1199766,5243400
2193,669,648,1036115,13471,1200414,5069100
2194,672,687,1035443,13456,1201101,5077200
2195,640,668,1034803,13428,1201769,4941600
2196,709,720,1034094,13417,1202489,4888600
2197,700,656,1033394,13461,1203145,4745800
2198,715,714,1032679,13462,1203859,4905900
2199,682,714,1031997,13430,1204573,4871600
2200,631,651,1031366,13410,1205224,5134600
2201,615,654,1030751,13371,1205878,4865300
2202,649,639,1030102,13381,1206517,4769700
2203,642,659,1029460,13364,1207176,4829000
2204,678,667,1028782,13375,1207843,5016200
2205,662,689,1028120,13348,1208532,5015400
2206,633,652,1027487,13329,1209184,5030200
2207,649,639,1026838,13339,1209823,4941300
2208,716,683,1026122,13372,1210506,5005000
2209,629,682,1025493,13319,1211188,5029800
2210,665,697,1024828,13287,1211885,5255100
2211,655,666,1024173,13276,1212551,5089300
2212,691,653,1023482,13314,1213204,5405600
2213,668,648,1022814,13334,1213852,5329200
2214,658,718,1022156,13274,1214570,5022700
2215,643,703,1021513,13214,1215273,4894200
2216,647,656,1020866,13205,1215929,4937200
2217,619,622,1020247,13202,1216551,4804300
2218,631,699,1019616,13134,1217250,4878000
2219,663,664,1018953,13133,1217914,4915600
2220,671,670,1018282,13134,1218584,4883100
2221,688,649,1017594,13173,1219233,4939700
2222,681,702,1016913,13152,1219935,4908600
2223,635,637,1016278,13150,1220572,4897700
2224,642,668,1015636,13124,1221240,4842000
2225,630,666,1015006,13088,1221906,4909100
2226,666,661,1014340,13093,1222567,4874400
2227,682,619,1013658,13156,1223186,4880200
2228,673,640,1012985,13189,1223826,5150900
2229,639,654,1012346,13174,1224480,4946300
2230,663,649,1011683,13188,1225129,5017100
2231,646,688,1011037,13146,1225817,5348000
2232,643,682,1010394,13107,1226499,5213500
2233,664,663,1009730,13108,1227162,5341900
2234,654,644,1009076,13118,1227806,5007900
2235,627,668,1008449,13077,1228474,5064500
2236,650,667,1007799,13060,1229141,4893800
2237,633,666,1007166,13027,1229807,5214300
2238,646,640,1006520,13033,1230447,4962400
2239,629,652,1005891,13010,1231099,5133100
2240,617,677,1005274,12950,1231776,5050300
2241,677,632,1004597,12995,1232408,4931400
2242,673,620,1003924,13048,1233028,5053700
2243,639,616,1003285,13071,1233644,5005300
2244,681,601,1002604,13151,1234245,4963600
2245,651,640,1001953,13162,1234885,4984000
2246,628,700,1001325,13090,1235585,5774800
2247,669,624,1000656,13135,1236209,5012800
2248,637,643,1000019,13129,1236852,5010200
2249,607,644,999412,13092,1237496,5046700
2250,643,673,998769,13062,1238169,4916200
2251,610,659,998159,13013,1238828,5035700
2252,636,639,997523,13010,1239467,5032700
2253,658,668,996865,13000,1240135,5072900
2254,694,653,996171,13041,1240788,4959000
2255,612,625,995559,13028,1241413,5212800
2256,644,621,994915,13051,1242034,5272200
2257,659,612,994256,13098,1242646,5537800
2258,666,673,993590,13091,1243319,5820800
2259,694,653,992896,13132,1243972,5686600
2260,643,694,992253,13081,1244666,5607000
2261,648,616,991605,13113,1245282,5501500
2262,680,690,990925,13103,1245972,5625700
2263,657,668,990268,13092,1246640,5536900
2264,631,617,989637,13106,1247257,5310500
2265,676,653,988961,13129,1247910,5634900
2266,665,658,988296,13136,1248568,5994900
2267,635,646,987661,13125,1249214,5339100
2268,613,663,987048,13075,1249877,5318600
2269,643,662,986405,13056,1250539,5265100
2270,647,633,985758,13070,1251172,5082000
2271,664,660,985094,13074,1251832,5301000
2272,630,625,984464,13079,1252457,5455300
2273,674,628,983790,13125,1253085,5098100
2274,631,607,983159,13149,1253692,5290100
2275,643,634,982516,13158,1254326,5413500
2276,609,682,981907,13085,1255008,5335600
2277,634,635,981273,13084,1255643,5101700
2278,654,642,980619,13096,1256285,5309800
2279,695,637,979924,13154,1256922,5282900
2280,660,615,979264,13199,1257537,4956100
2281,679,634,978585,13244,1258171,5025000
2282,697,640,977888,13301,1258811,5070200
2283,641,661,977247,13281,1259472,4926300
2284,673,603,976574,13351,1260075,4925600
2285,661,665,975913,13347,1260740,4930800
2286,698,737,975215,13308,1261477,4999000
2287,703,656,974512,13355,1262133,4959500
2288,630,660,973882,13325,1262793,4881500
2289,645,682,973237,13288,1263475,4800000
2290,644,706,972593,13226,1264181,4909700
2291,664,685,971929,13205,1264866,4976500
2292,664,671,971265,13198,1265537,4879100
2293,632,632,970633,13198,1266169,4822300
2294,662,628,969971,13232,1266797,4938400
2295,615,717,969356,13130,1267514,5059400
2296,635,669,968721,13096,1268183,5116700
2297,637,669,968084,13064,1268852,4935500
2298,667,636,967417,13095,1269488,5069200
2299,621,710,966796,13006,1270198,4998000
2300,638,694,966158,12950,1270892,4893600
2301,608,651,965550,12907,1271543,4914700
2302,658,662,964892,12903,1272205,4983100
2303,618,627,964274,12894,1272832,4859300
2304,630,667,963644,12857,1273499,4876000
2305,632,673,963012,12816,1274172,4983000
2306,627,678,962385,12765,1274850,5126000
2307,639,621,961746,12783,1275471,4992700
2308,639,650,961107,12772,1276121,5151600
2309,645,617,960462,12800,1276738,5501400
2310,578,651,959884,12727,1277389,4875600
2311,650,617,959234,12760,1278006,5343700
2312,675,641,958559,12794,1278647,5040400
2313,619,676,957940,12737,1279323,5375100
2314,660,641,957280,12756,1279964,5549400
2315,651,566,956629,12841,1280530,5479200
2316,613,645,956016,12809,1281175,5206200
2317,654,629,955362,12834,1281804,5519400
2318,700,612,954662,12922,1282416,5440800
2319,645,605,954017,12962,1283021,5187400
2320,661,623,953356,13000,1283644,5567500
2321,703,657,952653,13046,1284301,5647500
2322,695,630,951958,13111,1284931,5122200
2323,714,665,951244,13160,1285596,5073300
2324,706,664,950538,13202,1286260,5110000
2325,680,662,949858,13220,1286922,4977500
2326,684,633,949174,13271,1287555,5075400
2327,667,665,948507,13273,1288220,5217100
2328,629,603,947878,13299,1288823,5030300
2329,667,640,947211,13326,1289463,4948900
2330,669,680,946542,13315,1290143,5064100
2331,698,694,945844,13319,1290837,5381300
2332,648,654,945196,13313,1291491,5472700
2333,655,729,944541,13239,1292220,5161600
2334,665,677,943876,13227,1292897,5465000
2335,628,646,943248,13209,1293543,5272500
2336,634,637,942614,13206,1294180,5347100
2337,617,639,941997,13184,1294819,5418400
2338,647,622,941350,13209,1295441,5173200
2339,655,642,940695,13222,1296083,5357400
2340,644,648,940051,13218,1296731,5500100
2341,671,679,939380,13210,1297410,5432800
2342,647,668,938733,13189,1298078,5359900
2343,602,678,938131,13113,1298756,5366400
2344,634,651,937497,13096,1299407,5250100
2345,634,690,936863,13040,1300097,5514100
2346,645,687,936218,12998,1300784,5173200
2347,663,649,935555,13012,1301433,5294800
2348,624,652,934931,12984,1302085,5838700
2349,616,608,934315,12992,1302693,5243900
2350,615,621,933700,12986,1303314,5284600
2351,649,617,933051,13018,1303931,5466500
2352,616,680,932435,12954,1304611,5775700
2353,610,647,931825,12917,1305258,5683200
2354,638,674,931187,12881,1305932,5292400
2355,658,642,930529,12897,1306574,5313600
2356,631,651,929898,12877,1307225,5488600
2357,622,625,929276,12874,1307850,5716100
2358,595,639,928681,12830,1308489,5477600
2359,628,631,928053,12827,1309120,5322300
2360,598,657,927455,12768,1309777,5260500
2361,648,642,926807,12774,1310419,5730400
2362,600,614,926207,12760,1311033,5497000
2363,620,619,925587,12761,1311652,5324200
2364,621,629,924966,12753,1312281,5349000
2365,610,625,924356,12738,1312906,5362800
2366,609,692,923747,12655,1313598,5295500
2367,636,639,923111,12652,1314237,5342400
2368,617,650,922494,12619,1314887,5079100
2369,618,620,921876,12617,1315507,5333800
2370,607,629,921269,12595,1316136,5187100
2371,604,639,920665,12560,1316775,5284100
2372,614,611,920051,12563,1317386,5100300
2373,642,608,919409,12597,1317994,5200800
2374,654,635,918755,12616,1318629,5336700
2375,655,612,918100,12659,1319241,5121400
2376,653,577,917447,12735,1319818,5084400
2377,596,633,916851,12698,1320451,5253300
2378,631,653,916220,12676,1321104,5201900
2379,687,606,915533,12757,1321710,5525700
2380,613,670,914920,12700,1322380,5173300
2381,638,611,914282,12727,1322991,5137400
2382,657,632,913625,12752,1323623,5381000
2383,586,619,913039,12719,1324242,5192900
2384,610,630,912429,12699,1324872,5031600
2385,669,620,911760,12748,1325492,4819700
2386,621,584,911139,12785,1326076,4784400
2387,635,614,910504,12806,1326690,4926400
2388,665,699,909839,12772,1327389,4785300
2389,628,637,909211,12763,1328026,4961200
2390,633,662,908578,12734,1328688,4872700
2391,637,606,907941,12765,1329294,4790900
2392,612,608,907329,12769,1329902,4875000
2393,685,607,906644,12847,1330509,4860700
2394,638,646,906006,12839,1331155,4918700
2395,611,664,905395,12786,1331819,4928900
2396,637,616,904758,12807,1332435,4881900
2397,646,656,904112,12797,1333091,4885900
2398,665,649,903447,12813,1333740,5044900
2399,635,613,902812,12835,1334353,5145000
2400,623,623,902189,12835,1334976,5370300
2401,636,661,901553,12810,1335637,5150700
2402,628,641,900925,12797,1336278,5141200
2403,643,643,900282,12797,1336921,5098800
2404,617,656,899665,12758,1337577,5675800
2405,663,631,899002,12790,1338208,5094000
2406,678,577,898324,12891,1338785,4898600
2407,680,654,897644,12917,1339439,5262500
2408,638,632,897006,12923,1340071,4991000
2409,652,624,896354,12951,1340695,5129300
2410,650,673,895704,12928,1341368,5182300
2411,629,669,895075,12888,1342037,5138000
2412,635,664,894440,12859,1342701,4890100
2413,638,643,893802,12854,1343344,4905400
2414,646,688,893156,12812,1344032,4807400
2415,623,652,892533,12783,1344684,4839400
2416,608,646,891925,12745,1345330,4692400
2417,633,600,891292,12778,1345930,5074400
2418,658,645,890634,12791,1346575,5202000
2419,622,662,890012,12751,1347237,5064100
2420,622,640,889390,12733,1347877,5453500
2421,596,641,888794,12688,1348518,5161000
2422,675,617,888119,12746,1349135,5327200
2423,636,658,887483,12724,1349793,5399300
2424,609,650,886874,12683,1350443,5390700
2425,650,644,886224,12689,1351087,5264600
2426,570,639,885654,12620,1351726,5264600
2427,649,599,885005,12670,1352325,5267500
2428,636,628,884369,12678,1352953,5480100
2429,634,624,883735,12688,1353577,5420200
2430,612,655,883123,12645,1354232,5457700
2431,620,663,882503,12602,1354895,5485100
2432,605,601,881898,12606,1355496,5483200
2433,620,646,881278,12580,1356142,5414100
2434,654,610,880624,12624,1356752,5301400
2435,623,594,880001,12653,1357346,6016300
2436,651,595,879350,12709,1357941,5259000
2437,616,615,878734,12710,1358556,5364000
2438,634,641,878100,12703,1359197,5256000
2439,625,636,877475,12692,1359833,5189000
2440,660,634,876815,12718,1360467,5153600
2441,652,636,876163,12734,1361103,5198000
2442,624,651,875539,12707,1361754,5140200
2443,608,711,874931,12604,1362465,5220600
2444,622,610,874309,12616,1363075,5203700
2445,591,645,873718,12562,1363720,5300200
2446,606,648,873112,12520,1364368,5657700
2447,622,622,872490,12520,1364990,5419300
2448,620,650,871870,12490,1365640,5234000
2449,644,579,871226,12555,1366219,5249700
2450,568,627,870658,12496,1366846,5320700
2451,574,631,870084,12439,1367477,5135700
2452,631,630,869453,12440,1368107,5104300
2453,583,616,868870,12407,1368723,5224700
2454,653,599,868217,12461,1369322,5178300
2455,623,642,867594,12442,1369964,5339700
2456,597,619,866997,12420,1370583,5309800
2457,616,608,866381,12428,1371191,5474900
2458,615,657,865766,12386,1371848,5386400
2459,594,606,865172,12374,1372454,5234300
2460,615,590,864557,12399,1373044,5237200
2461,639,599,863918,12439,1373643,5199200
2462,671,601,863247,12509,1374244,5336700
2463,655,622,862592,12542,1374866,5194500
2464,655,638,861937,12559,1375504,5058000
2465,673,641,861264,12591,1376145,5202000
2466,603,588,860661,12606,1376733,5321700
2467,622,657,860039,12571,1377390,5388300
2468,630,675,859409,12526,1378065,5390500
2469,578,619,858831,12485,1378684,5639800
2470,678,616,858153,12547,1379300,5317700
2471,635,569,857518,12613,1379869,5605500
2472,680,626,856838,12667,1380495,5402000
2473,655,660,856183,12662,1381155,5351000
2474,660,638,855523,12684,1381793,5655100
2475,618,574,854905,12728,1382367,5436900
2476,652,599,854253,12781,1382966,5213400
2477,615,679,853638,12717,1383645,5096200
2478,631,631,853007,12717,1384276,5152500
2479,621,636,852386,12702,1384912,5356700
2480,670,658,851716,12714,1385570,5202600
2481,611,592,851105,12733,1386162,4895400
2482,625,655,850480,12703,1386817,4981600
2483,652,639,849828,12716,1387456,4898700
2484,627,626,849201,12717,1388082,5162600
2485,619,668,848582,12668,1388750,4889400
2486,591,598,847991,12661,1389348,4824700
2487,601,647,847390,12615,1389995,4994600
2488,625,673,846765,12567,1390668,4893800
2489,621,609,846144,12579,1391277,5992000
2490,631,628,845513,12582,1391905,5223400
2491,625,650,844888,12557,1392555,4835600
2492,619,635,844269,12541,1393190,4895600
2493,627,634,843642,12534,1393824,4972600
2494,623,617,843019,12540,1394441,4897500
2495,588,632,842431,12496,1395073,4942400
2496,608,628,841823,12476,1395701,4986600
2497,601,606,841222,12471,1396307,5385300
2498,650,618,840572,12503,1396925,5035100
2499,621,646,839951,12478,1397571,5283900
2500,634,648,839317,12464,1398219,5166800
2501,659,606,838658,12517,1398825,4873800
2502,637,653,838021,12501,1399478,4854900
2503,636,616,837385,12521,1400094,4900000
2504,606,645,836779,12482,1400739,4914600
2505,613,604,836166,12491,1401343,4970200
2506,615,645,835551,12461,1401988,4932600
2507,616,602,834935,12475,1402590,5075500
2508,621,613,834314,12483,1403203,4877800
2509,589,645,833725,12427,1403848,5101300
2510,633,634,833092,12426,1404482,5404500
2511,640,620,832452,12446,1405102,4989300
2512,602,635,831850,12413,1405737,4880600
2513,595,582,831255,12426,1406319,4580900
2514,631,633,830624,12424,1406952,4699300
2515,633,645,829991,12412,1407597,4828200
2516,592,611,829399,12393,1408208,4788400
2517,661,603,828738,12451,1408811,4855800
2518,633,627,828105,12457,1409438,5025700
2519,653,684,827452,12426,1410122,4866800
2520,587,632,826865,12381,1410754,5089600
2521,608,577,826257,12412,1411331,5141400
2522,627,624,825630,12415,1411955,4978700
2523,617,610,825013,12422,1412565,4893400
2524,596,646,824417,12372,1413211,5011600
2525,610,601,823807,12381,1413812,4874400
2526,606,642,823201,12345,1414454,4896300
2527,612,592,822589,12365,1415046,4920800
2528,619,611,821970,12373,1415657,4873100
2529,618,607,821352,12384,1416264,4806300
2530,643,635,820709,12392,1416899,5042800
2531,645,665,820064,12372,1417564,4995700
2532,613,670,819451,12315,1418234,5047900
2533,670,622,818781,12363,1418856,5015500
2534,671,603,818110,12431,1419459,5065100
2535,615,654,817495,12392,1420113,4802600
2536,651,613,816844,12430,1420726,4896900
2537,662,656,816182,12436,1421382,4966000
2538,635,594,815547,12477,1421976,5048100
2539,674,621,814873,12530,1422597,4744000
2540,668,625,814205,12573,1423222,5026700
2541,642,650,813563,12565,1423872,4681000
2542,658,617,812905,12606,1424489,4788300
2543,606,659,812299,12553,1425148,4931900
2544,634,631,811665,12556,1425779,4763000
2545,626,637,811039,12545,1426416,4840900
2546,639,652,810400,12532,1427068,4881800
2547,658,587,809742,12603,1427655,4865700
2548,592,658,809150,12537,1428313,4887400
2549,625,596,808525,12566,1428909,5041200
2550,606,604,807919,12568,1429513,5075100
2551,606,641,807313,12533,1430154,5086400
2552,583,570,806730,12546,1430724,4883300
2553,607,599,806123,12554,1431323,4809500
2554,589,603,805534,12540,1431926,4820300
2555,650,647,804884,12543,1432573,4990800
2556,618,649,804266,12512,1433222,4842600
2557,602,642,803664,12472,1433864,5101400
2558,621,619,803043,12474,1434483,4846900
2559,584,579,802459,12479,1435062,4798200
2560,613,631,801846,12461,1435693,4754400
2561,602,624,801244,12439,1436317,4977400
2562,566,615,800678,12390,1436932,5093700
2563,610,655,800068,12345,1437587,4955400
2564,603,662,799465,12286,1438249,5137700
2565,597,618,798868,12265,1438867,4964900
2566,563,622,798305,12206,1439489,4796700
2567,619,604,797686,12221,1440093,4909100
2568,602,632,797084,12191,1440725,4857400
2569,599,595,796485,12195,1441320,4885100
2570,599,562,795886,12232,1441882,4747600
2571,582,556,795304,12258,1442438,4806300
2572,664,600,794640,12322,1443038,4962000
2573,669,612,793971,12379,1443650,4826000
2574,560,590,793411,12349,1444240,4728600
2575,576,587,792835,12338,1444827,4795000
2576,591,629,792244,12300,1445456,4965200
2577,585,591,791659,12294,1446047,4777000
2578,569,651,791090,12212,1446698,5283500
2579,593,621,790497,12184,1447319,5230000
2580,627,604,789870,12207,1447923,5271700
2581,624,611,789246,12220,1448534,5581900
2582,598,622,788648,12196,1449156,5262300
2583,598,601,788050,12193,1449757,5323200
2584,571,632,787479,12132,1450389,5200400
2585,632,635,786847,12129,1451024,5215200
2586,592,603,786255,12118,1451627,5238800
2587,605,580,785650,12143,1452207,5291000
2588,597,621,785053,12119,1452828,5209600
2589,581,606,784472,12094,1453434,5100400
2590,592,542,783880,12144,1453976,5183300
2591,563,617,783317,12090,1454593,5280300
2592,596,596,782721,12090,1455189,5142700
2593,580,628,782141,12042,1455817,5152600
2594,623,616,781518,12049,1456433,5133900
2595,611,572,780907,12088,1457005,5182800
2596,608,599,780299,12097,1457604,5407100
2597,592,606,779707,12083,1458210,5579300
2598,523,614,779184,11992,1458824,5763700
2599,555,575,778629,11972,1459399,5376500
2600,571,590,778058,11953,1459989,5240700
2601,571,596,777487,11928,1460585,5904000
2602,574,577,776913,11925,1461162,5761800
2603,587,586,776326,11926,1461748,5315100
2604,593,574,775733,11945,1462322,5328800
2605,567,660,775166,11852,1462982,5237300
2606,541,563,774625,11830,1463545,5256300
2607,614,609,774011,11835,1464154,5232400
2608,573,608,773438,11800,1464762,5238300
2609,556,624,772882,11732,1465386,5132100
2610,571,576,772311,11727,1465962,5669900
2611,528,596,771783,11659,1466558,5333200
2612,551,552,771232,11658,1467110,5450900
2613,549,564,770683,11643,1467674,5409700
2614,582,539,770101,11686,1468213,5569000
2615,584,604,769517,11666,1468817,5692300
2616,589,581,768928,11674,1469398,5374700
2617,561,584,768367,11651,1469982,5153300
2618,582,559,767785,11674,1470541,5391400
2619,604,570,767181,11708,1471111,5308600
2620,590,548,766591,11750,1471659,5209200
2621,574,539,766017,11785,1472198,5230800
2622,589,546,765428,11828,1472744,5033600
2623,568,634,764860,11762,1473378,5057500
2624,580,609,764280,11733,1473987,5219400
2625,575,629,763705,11679,1474616,4969200
2626,568,559,763137,11688,1475175,4931700
2627,574,615,762563,11647,1475790,5044800
2628,549,569,762014,11627,1476359,5011100
2629,545,565,761469,11607,1476924,5082000
2630,570,570,760899,11607,1477494,4984100
2631,531,576,760368,11562,1478070,4990700
2632,568,588,759800,11542,1478658,5087000
2633,554,556,759246,11540,1479214,5176300
2634,557,564,758689,11533,1479778,5318600
2635,548,618,758141,11463,1480396,5449000
2636,538,558,757603,11443,1480954,5211500
2637,523,561,757080,11405,1481515,5381600
2638,560,541,756520,11424,1482056,5147300
2639,528,599,755992,11353,1482655,5389800
2640,552,555,755440,11350,1483210,5304600
2641,540,581,754900,11309,1483791,5240900
2642,505,553,754395,11261,1484344,5250100
2643,544,543,753851,11262,1484887,5097300
2644,527,544,753324,11245,1485431,5162800
2645,554,565,752770,11234,1485996,5265500
2646,493,505,752277,11222,1486501,5115300
2647,531,558,751746,11195,1487059,5428100
2648,543,538,751203,11200,1487597,5415800
2649,525,565,750678,11160,1488162,5353000
2650,507,575,750171,11092,1488737,5228800
2651,545,536,749626,11101,1489273,5327700
2652,540,586,749086,11055,1489859,5176100
2653,532,545,748554,11042,1490404,5136900
2654,517,570,748037,10989,1490974,5497700
2655,507,556,747530,10940,1491530,5324500
2656,512,575,747018,10877,1492105,5366300
2657,527,517,746491,10887,1492622,5692300
2658,530,544,745961,10873,1493166,5130900
2659,520,586,745441,10807,1493752,5112700
2660,514,562,744927,10759,1494314,5221400
2661,509,559,744418,10709,1494873,5137000
2662,501,519,743917,10691,1495392,5170900
2663,534,570,743383,10655,1495962,5366500
2664,526,529,742857,10652,1496491,5151800
2665,527,576,742330,10603,1497067,5193800
2666,533,539,741797,10597,1497606,5584600
2667,540,527,741257,10610,1498133,5443000
2668,537,526,740720,10621,1498659,5122500
2669,518,491,740202,10648,1499150,5162500
2670,514,533,739688,10629,1499683,5266800
2671,501,521,739187,10609,1500204,5364400
2672,528,587,738659,10550,1500791,5285000
2673,488,528,738171,10510,1501319,5211300
2674,496,519,737675,10487,1501838,5324200
2675,528,514,737147,10501,1502352,5367800
2676,482,484,736665,10499,1502836,5258700
2677,531,489,736134,10541,1503325,5397200
2678,502,511,735632,10532,1503836,5306500
2679,493,549,735139,10476,1504385,5317600
2680,518,488,734621,10506,1504873,5561600
2681,532,545,734089,10493,1505418,5334800
2682,491,502,733598,10482,1505920,5095300
2683,484,539,733114,10427,1506459,5124000
2684,544,507,732570,10464,1506966,4841600
2685,541,510,732029,10495,1507476,4780500
2686,490,518,731539,10467,1507994,4742100
2687,495,536,731044,10426,1508530,4809000
2688,533,455,730511,10504,1508985,4786300
2689,503,548,730008,10459,1509533,4711200
2690,506,506,729502,10459,1510039,4813900
2691,563,510,728939,10512,1510549,4825900
2692,522,537,728417,10497,1511086,4897200
2693,538,528,727879,10507,1511614,4952400
2694,510,496,727369,10521,1512110,4875000
2695,526,526,726843,10521,1512636,4920300
2696,538,519,726305,10540,1513155,4915800
2697,533,539,725772,10534,1513694,4837600
2698,562,526,725210,10570,1514220,4951900
2699,519,538,724691,10551,1514758,4935700
2700,563,485,724128,10629,1515243,4771800
2701,545,487,723583,10687,1515730,4854600
2702,512,511,723071,10688,1516241,4999600
2703,531,549,722540,10670,1516790,5176200
2704,512,568,722028,10614,1517358,4908100
2705,550,538,721478,10626,1517896,5635400
2706,566,512,720912,10680,1518408,5293800
2707,554,516,720358,10718,1518924,5377700
2708,558,559,719800,10717,1519483,5670700
2709,484,534,719316,10667,1520017,5550000
2710,496,540,718820,10623,1520557,5470300
2711,538,517,718282,10644,1521074,5460700
2712,482,535,717800,10591,1521609,5572000
2713,509,514,717291,10586,1522123,5775200
2714,522,509,716769,10599,1522632,5482000
2715,525,512,716244,10612,1523144,5367600
2716,510,560,715734,10562,1523704,5342800
2717,507,546,715227,10523,1524250,5530000
2718,470,496,714757,10497,1524746,5612100
2719,506,531,714251,10472,1525277,5408300
2720,483,525,713768,10430,1525802,5516200
2721,438,513,713330,10355,1526315,5550800
2722,525,469,712805,10411,1526784,5545000
2723,486,519,712319,10378,1527303,5229700
2724,513,515,711806,10376,1527818,5422000
2725,515,504,711291,10387,1528322,5431200
2726,513,546,710778,10354,1528868,5442400
2727,489,489,710289,10354,1529357,5345400
2728,517,512,709772,10359,1529869,5321400
2729,500,518,709272,10341,1530387,5640900
2730,469,522,708803,10288,1530909,5309200
2731,493,509,708310,10272,1531418,5346300
2732,517,482,707793,10307,1531900,5263300
2733,497,542,707296,10262,1532442,5306900
2734,490,514,706806,10238,1532956,5401500
2735,544,506,706262,10276,1533462,5259400
2736,512,505,705750,10283,1533967,5293600
2737,516,531,705234,10268,1534498,5304600
2738,466,523,704768,10211,1535021,5499200
2739,467,504,704301,10174,1535525,5297800
2740,517,482,703784,10209,1536007,5273500
2741,497,538,703287,10168,1536545,5202400
2742,504,489,702783,10183,1537034,5522100
2743,507,536,702276,10154,1537570,5354700
2744,477,502,701799,10129,1538072,5379000
2745,511,536,701288,10104,1538608,5313000
2746,559,499,700729,10164,1539107,5505500
2747,479,477,700250,10166,1539584,5268500
2748,471,514,699779,10123,1540098,5414900
2749,487,549,699292,10061,1540647,5285100
2750,513,495,698779,10079,1541142,5317700
2751,475,500,698304,10054,1541642,5640300
2752,524,477,697780,10101,1542119,5177900
2753,491,470,697289,10122,1542589,5122300
2754,514,484,696775,10152,1543073,5082900
2755,517,492,696258,10177,1543565,5051800
2756,505,515,695753,10167,1544080,4973600
2757,500,485,695253,10182,1544565,5090100
2758,509,502,694744,10189,1545067,4906400
2759,493,517,694251,10165,1545584,5177400
2760,502,505,693749,10162,1546089,5014100
2761,520,528,693229,10154,1546617,5020900
2762,489,472,692740,10171,1547089,4931800
2763,495,512,692245,10154,1547601,4874700
2764,486,512,691759,10128,1548113,4844000
2765,494,511,691265,10111,1548624,4888800
2766,466,534,690799,10043,1549158,4899000
2767,489,521,690310,10011,1549679,4888400
2768,466,506,689844,9971,1550185,4884400
2769,503,515,689341,9959,1550700,4892500
2770,490,497,688851,9952,1551197,4978200
2771,460,486,688391,9926,1551683,4959000
2772,471,486,687920,9911,1552169,4958300
2773,471,458,687449,9924,1552627,4857800
2774,488,556,686961,9856,1553183,4797200
2775,525,520,686436,9861,1553703,4838700
2776,484,493,685952,9852,1554196,4973200
2777,476,547,685476,9781,1554743,4862400
2778,496,498,684980,9779,1555241,4983600
2779,446,483,684534,9742,1555724,4933100
2780,430,475,684104,9697,1556199,5083300
2781,477,472,683627,9702,1556671,5194900
2782,456,468,683171,9690,1557139,4972500
2783,471,524,682700,9637,1557663,4867600
2784,508,476,682192,9669,1558139,4798800
2785,489,489,681703,9669,1558628,4980900
2786,472,485,681231,9656,1559113,5096200
2787,492,510,680739,9638,1559623,4910400
2788,455,457,680284,9636,1560080,5078900
2789,493,508,679791,9621,1560588,5163900
2790,461,488,679330,9594,1561076,5148900
2791,459,459,678871,9594,1561535,5524400
2792,463,469,678408,9588,1562004,5038800
2793,427,494,677981,9521,1562498,4929300
2794,478,473,677503,9526,1562971,4811300
2795,475,436,677028,9565,1563407,5087500
2796,460,479,676568,9546,1563886,4859800
2797,495,485,676073,9556,1564371,4835600
2798,462,493,675611,9525,1564864,4897700
2799,478,494,675133,9509,1565358,4855100
2800,464,494,674669,9479,1565852,4979700
2801,471,444,674198,9506,1566296,4887600
2802,465,481,673733,9490,1566777,4829300
2803,465,465,673268,9490,1567242,4761100
2804,448,474,672820,9464,1567716,4842800
2805,445,497,672375,9412,1568213,4795200
2806,473,500,671902,9385,1568713,4775500
2807,454,492,671448,9347,1569205,4861200
2808,520,457,670928,9410,1569662,4869000
2809,443,429,670485,9424,1570091,4902600
2810,465,480,670020,9409,1570571,5009200
2811,467,432,669553,9444,1571003,4985900
2812,475,460,669078,9459,1571463,4719100
2813,447,452,668631,9454,1571915,4737300
2814,449,445,668182,9458,1572360,5022200
2815,472,479,667710,9451,1572839,5321000
2816,464,506,667246,9409,1573345,5140300
2817,462,461,666784,9410,1573806,4937400
2818,475,475,666309,9410,1574281,4780900
2819,499,461,665810,9448,1574742,4724800
2820,505,458,665305,9495,1575200,5112100
2821,461,489,664844,9467,1575689,4929300
2822,525,466,664319,9526,1576155,5092800
2823,479,481,663840,9524,1576636,5068300
2824,451,484,663389,9491,1577120,4855600
2825,472,446,662917,9517,1577566,4859400
2826,467,514,662450,9470,1578080,4928800
2827,473,450,661977,9493,1578530,5304700
2828,532,446,661445,9579,1578976,5052900
2829,495,439,660950,9635,1579415,4843300
2830,491,487,660459,9639,1579902,4857400
2831,498,506,659961,9631,1580408,4802800
2832,488,462,659473,9657,1580870,5109600
2833,496,487,658977,9666,1581357,4928700
2834,446,494,658531,9618,1581851,4708700
2835,430,495,658101,9553,1582346,4929200
2836,468,474,657633,9547,1582820,4945900
2837,496,489,657137,9554,1583309,4821700
2838,447,508,656690,9493,1583817,5213400
2839,434,451,656256,9476,1584268,5333500
2840,482,467,655774,9491,1584735,5005900
2841,440,496,655334,9435,1585231,5202900
2842,490,462,654844,9463,1585693,5149200
2843,481,466,654363,9478,1586159,4851400
2844,463,444,653900,9497,1586603,4876000
2845,463,439,653437,9521,1587042,4814300
2846,451,449,652986,9523,1587491,4692600
2847,478,476,652508,9525,1587967,4664600
2848,476,450,652032,9551,1588417,4804400
2849,466,473,651566,9544,1588890,4858900
2850,470,466,651096,9548,1589356,4804200
2851,431,476,650665,9503,1589832,4877300
2852,442,488,650223,9457,1590320,5017800
2853,471,469,649752,9459,1590789,4964100
2854,472,444,649280,9487,1591233,4846500
2855,470,501,648810,9456,1591734,4704300
2856,444,444,648366,9456,1592178,4739900
2857,480,438,647886,9498,1592616,4991000
2858,455,487,647431,9466,1593103,5025100
2859,481,467,646950,9480,1593570,4967900
2860,470,459,646480,9491,1594029,5082600
2861,477,497,646003,9471,1594526,5010100
2862,494,472,645509,9493,1594998,5005600
2863,452,484,645057,9461,1595482,5170000
2864,466,484,644591,9443,1595966,4958100
2865,473,459,644118,9457,1596425,5056900
2866,501,473,643617,9485,1596898,5000900
2867,412,488,643205,9409,1597386,4860200
2868,462,443,642743,9428,1597829,4854600
2869,501,480,642242,9449,1598309,4735800
2870,462,475,641780,9436,1598784,4856300
2871,472,478,641308,9430,1599262,4863200
2872,461,511,640847,9380,1599773,4917700
2873,483,439,640364,9424,1600212,4801900
2874,473,441,639891,9456,1600653,4769800
2875,419,462,639472,9413,1601115,4676600
2876,460,433,639012,9440,1601548,4907000
2877,482,477,638530,9445,1602025,4805300
2878,506,462,638024,9489,1602487,4762900
2879,454,468,637570,9475,1602955,4697800
2880,494,470,637076,9499,1603425,5121500
2881,430,472,636646,9457,1603897,4807000
2882,477,471,636169,9463,1604368,4829600
2883,496,477,635673,9482,1604845,5032000
2884,484,447,635189,9519,1605292,4857300
2885,447,493,634742,9473,1605785,4643100
2886,447,465,634295,9455,1606250,4721500
2887,494,476,633801,9473,1606726,4675000
2888,455,464,633346,9464,1607190,4925300
2889,466,463,632880,9467,1607653,4888700
2890,429,460,632451,9436,1608113,4927200
2891,462,415,631989,9483,1608528,4761400
2892,479,457,631510,9505,1608985,4704900
2893,479,440,631031,9544,1609425,4891900
2894,464,466,630567,9542,1609891,4937600
2895,456,489,630111,9509,1610380,4814900
2896,484,471,629627,9522,1610851,4855300
2897,456,505,629171,9473,1611356,4784200
2898,456,468,628715,9461,1611824,4673600
2899,464,482,628251,9443,1612306,4879600
2900,461,459,627790,9445,1612765,4816800
2901,472,479,627318,9438,1613244,4704900
2902,459,451,626859,9446,1613695,4662200
2903,463,480,626396,9429,1614175,5017300
2904,439,495,625957,9373,1614670,5053600
2905,444,474,625513,9343,1615144,4838400
2906,423,461,625090,9305,1615605,4786100
2907,454,429,624636,9330,1616034,4788500
2908,491,460,624145,9361,1616494,4701000
2909,441,447,623704,9355,1616941,4740700
2910,418,445,623286,9328,1617386,4782600
2911,440,436,622846,9332,1617822,4756800
2912,475,461,622371,9346,1618283,5476400
2913,467,460,621904,9353,1618743,4797800
2914,442,488,621462,9307,1619231,4642000
2915,433,457,621029,9283,1619688,4765300
2916,449,468,620580,9264,1620156,4779300
2917,420,473,620160,9211,1620629,4916200
2918,429,490,619731,9150,1621119,4866700
2919,417,464,619314,9103,1621583,4859200
2920,397,488,618917,9012,1622071,4652100
2921,453,434,618464,9031,1622505,4726400
2922,458,468,618006,9021,1622973,4806400
2923,423,451,617583,8993,1623424,4821300
2924,390,443,617193,8940,1623867,4783300
2925,436,463,616757,8913,1624330,4844700
2926,417,458,616340,8872,1624788,4736600
2927,431,434,615909,8869,1625222,4933300
2928,413,486,615496,8796,1625708,4755400
2929,421,439,615075,8778,1626147,4776900
2930,432,432,614643,8778,1626579,4946500
2931,454,455,614189,8777,1627034,4817500
2932,423,438,613766,8762,1627472,4842700
2933,424,456,613342,8730,1627928,4890900
2934,445,466,612897,8709,1628394,4874400
2935,436,450,612461,8695,1628844,4855400
2936,461,422,612000,8734,1629266,4823500
2937,426,450,611574,8710,1629716,4640000
2938,461,454,611113,8717,1630170,4724000
2939,411,419,610702,8709,1630589,5007200
2940,438,418,610264,8729,1631007,5158800
2941,477,454,609787,8752,1631461,5874300
2942,451,411,609336,8792,1631872,7146600
2943,451,400,608885,8843,1632272,13790100
2944,437,429,608448,8851,1632701,6697400
2945,434,482,608014,8803,1633183,5441200
2946,434,422,607580,8815,1633605,5365000
2947,455,492,607125,8778,1634097,5329600
2948,468,413,606657,8833,1634510,5703200
2949,405,401,606252,8837,1634911,5733200
2950,398,468,605854,8767,1635379,5719200
2951,429,424,605425,8772,1635803,11004700
2952,464,431,604961,8805,1636234,5546100
2953,457,423,604504,8839,1636657,5268600
2954,448,439,604056,8848,1637096,5010100
2955,426,454,603630,8820,1637550,5084000
2956,436,463,603194,8793,1638013,4964000
2957,418,414,602776,8797,1638427,4909200
2958,460,458,602316,8799,1638885,4835600
2959,389,423,601927,8765,1639308,4896000
2960,462,460,601465,8767,1639768,4949100
2961,433,414,601032,8786,1640182,4848200
2962,435,460,600597,8761,1640642,5188800
2963,431,459,600166,8733,1641101,4952900
2964,400,483,599766,8650,1641584,4924300
2965,410,416,599356,8644,1642000,4920400
2966,443,387,598913,8700,1642387,4938600
2967,420,470,598493,8650,1642857,5208700
2968,464,413,598029,8701,1643270,4825800
2969,405,446,597624,8660,1643716,4845700
2970,433,399,597191,8694,1644115,4706400
2971,466,439,596725,8721,1644554,5097900
2972,442,452,596283,8711,1645006,5211400
2973,432,422,595851,8721,1645428,9425000
2974,414,433,595437,8702,1645861,14033300
2975,442,395,594995,8749,1646256,6136800
2976,445,457,594550,8737,1646713,5452100
2977,467,438,594083,8766,1647151,5636900
2978,448,439,593635,8775,1647590,5295800
2979,450,442,593185,8783,1648032,5482300
2980,467,440,592718,8810,1648472,5952600
2981,381,451,592337,8740,1648923,7023500
2982,414,451,591923,8703,1649374,10293500
2983,424,462,591499,8665,1649836,5451200
2984,449,410,591050,8704,1650246,5374500
2985,427,497,590623,8634,1650743,5140700
2986,416,418,590207,8632,1651161,5583100
2987,430,423,589777,8639,1651584,5364900
2988,413,429,589364,8623,1652013,5322300
2989,390,432,588974,8581,1652445,5102700
2990,435,443,588539,8573,1652888,5157700
2991,399,459,588140,8513,1653347,4998400
2992,389,413,587751,8489,1653760,5014900
2993,420,425,587331,8484,1654185,4827400
2994,420,438,586911,8466,1654623,5003600
2995,423,408,586488,8481,1655031,10402200
2996,409,431,586079,8459,1655462,7808600
2997,404,395,585675,8468,1655857,10267700
2998,448,430,585227,8486,1656287,6665400
2999,426,416,584801,8496,1656703,5575300
3000,427,412,584374,8511,1657115,5304800
3001,410,397,583964,8524,1657512,5375000
3002,445,391,583519,8578,1657903,5696700
3003,428,422,583091,8584,1658325,5919100
3004,473,425,582618,8632,1658750,11723500
3005,430,421,582188,8641,1659171,5896300
3006,488,437,581700,8692,1659608,5378700
3007,461,411,581239,8742,1660019,5090500
3008,436,423,580803,8755,1660442,4954500
3009,458,441,580345,8772,1660883,5212500
3010,447,455,579898,8764,1661338,5248900
3011,484,452,579414,8796,1661790,5074300
3012,459,424,578955,8831,1662214,5115900
3013,464,440,578491,8855,1662654,5038900
3014,430,419,578061,8866,1663073,5153100
3015,483,438,577578,8911,1663511,4963200
3016,450,445,577128,8916,1663956,4769700
3017,424,465,576704,8875,1664421,4827700
3018,427,423,576277,8879,1664844,4868000
3019,420,453,575857,8846,1665297,4725100
3020,419,399,575438,8866,1665696,4759800
3021,403,402,575035,8867,1666098,4650400
3022,426,481,574609,8812,1666579,5009700
3023,414,450,574195,8776,1667029,4958300
3024,428,417,573767,8787,1667446,4962000
3025,434,420,573333,8801,1667866,4725600
3026,428,437,572905,8792,1668303,4743100
3027,431,412,572474,8811,1668715,4729400
3028,418,446,572056,8783,1669161,4769500
3029,423,435,571633,8771,1669596,4909600
3030,404,439,571229,8736,1670035,4684300
3031,452,451,570777,8737,1670486,4735700
3032,435,446,570342,8726,1670932,4798300
3033,436,466,569906,8696,1671398,4588100
3034,427,399,569479,8724,1671797,4696300
3035,423,384,569056,8763,1672181,4836600
3036,422,437,568634,8748,1672618,4980900
3037,419,460,568215,8707,1673078,4819700
3038,425,462,567790,8670,1673540,5012200
3039,364,448,567426,8586,1673988,4698100
3040,371,413,567055,8544,1674401,4713100
3041,382,423,566673,8503,1674824,4859200
3042,444,422,566229,8525,1675246,4795600
3043,398,438,565831,8485,1675684,4685400
3044,437,433,565394,8489,1676117,4705700
3045,435,461,564959,8463,1676578,4924600
3046,408,428,564551,8443,1677006,4861500
3047,429,438,564122,8434,1677444,4824800
3048,408,407,563714,8435,1677851,4926000
3049,402,416,563312,8421,1678267,4869500
3050,402,440,562910,8383,1678707,5020100
3051,397,421,562513,8359,1679128,5037000
3052,401,407,562112,8353,1679535,4776500
3053,456,395,561656,8414,1679930,4729500
3054,434,420,561222,8428,1680350,4949700
3055,410,410,560812,8428,1680760,4883200
3056,393,453,560419,8368,1681213,4707000
3057,399,428,560020,8339,1681641,4699200
3058,417,406,559603,8350,1682047,4808600
3059,407,424,559196,8333,1682471,4696600
3060,385,391,558811,8327,1682862,4702800
3061,427,443,558384,8311,1683305,4977700
3062,392,425,557992,8278,1683730,4836100
3063,451,370,557541,8359,1684100,4720700
3064,417,422,557124,8354,1684522,4834500
3065,409,420,556715,8343,1684942,4896900
3066,403,395,556312,8351,1685337,4898300
3067,454,399,555858,8406,1685736,4753600
3068,412,427,555446,8391,1686163,4724100
3069,420,403,555026,8408,1686566,4681600
3070,449,452,554577,8405,1687018,4751700
3071,404,424,554173,8385,1687442,4884200
3072,384,441,553789,8328,1687883,4666700
3073,440,394,553349,8374,1688277,4650500
3074,410,429,552939,8355,1688706,4939200
3075,454,412,552485,8397,1689118,4765900
3076,435,402,552050,8430,1689520,4803100
3077,436,418,551614,8448,1689938,4818100
3078,422,411,551192,8459,1690349,4830400
3079,415,394,550777,8480,1690743,4898900
3080,431,420,550346,8491,1691163,4947100
3081,401,445,549945,8447,1691608,4657300
3082,437,413,549508,8471,1692021,4865800
3083,467,422,549041,8516,1692443,4678400
3084,402,419,548639,8499,1692862,4758500
3085,433,447,548206,8485,1693309,4734900
3086,426,426,547780,8485,1693735,4832200
3087,447,412,547333,8520,1694147,4971800
3088,411,419,546922,8512,1694566,4834400
3089,415,437,546507,8490,1695003,4745700
3090,431,427,546076,8494,1695430,4773500
3091,452,445,545624,8501,1695875,4856000
3092,434,435,545190,8500,1696310,4966000
3093,436,432,544754,8504,1696742,4954200
3094,423,411,544331,8516,1697153,4808400
3095,417,429,543914,8504,1697582,4649600
3096,451,438,543463,8517,1698020,4741600
3097,366,459,543097,8424,1698479,4722800
3098,418,400,542679,8442,1698879,4773500
3099,461,417,542218,8486,1699296,4687800
3100,427,425,541791,8488,1699721,4737400
3101,432,422,541359,8498,1700143,4631100
3102,464,427,540895,8535,1700570,4716500
3103,434,382,540461,8587,1700952,4651600
3104,470,415,539991,8642,1701367,4849500
3105,447,407,539544,8682,1701774,5002300
3106,421,400,539123,8703,1702174,4845300
3107,430,440,538693,8693,1702614,4929300
3108,429,416,538264,8706,1703030,5026500
3109,438,445,537826,8699,1703475,4711900
3110,402,419,537424,8682,1703894,5045800
3111,443,390,536981,8735,1704284,5357900
3112,422,421,536559,8736,1704705,9460800
3113,441,425,536118,8752,1705130,6497900
3114,397,439,535721,8710,1705569,11144700
3115,410,477,535311,8643,1706046,5620300
3116,470,438,534841,8675,1706484,5417400
3117,422,449,534419,8648,1706933,5364900
3118,426,452,533993,8622,1707385,5498600
3119,443,437,533550,8628,1707822,5540800
3120,402,417,533148,8613,1708239,5686400
3121,411,422,532737,8602,1708661,5614300
3122,431,421,532306,8612,1709082,6948500
3123,421,421,531885,8612,1709503,6467000
3124,436,433,531449,8615,1709936,5207000
3125,439,442,531010,8612,1710378,5092200
3126,386,443,530624,8555,1710821,5006400
3127,403,421,530221,8537,1711242,5155400
3128,408,405,529813,8540,1711647,4985800
3129,397,393,529416,8544,1712040,4861000
3130,405,423,529011,8526,1712463,4778300
3131,398,447,528613,8477,1712910,4876100
3132,385,425,528228,8437,1713335,4811400
3133,451,438,527777,8450,1713773,4878300
3134,411,440,527366,8421,1714213,4889000
3135,402,468,526964,8355,1714681,4678100
3136,403,416,526561,8342,1715097,4705000
3137,422,426,526139,8338,1715523,4584100
3138,376,446,525763,8268,1715969,4891200
3139,385,419,525378,8234,1716388,4776500
3140,355,396,525023,8193,1716784,4659800
3141,366,437,524657,8122,1717221,4777800
3142,362,409,524295,8075,1717630,4785100
3143,376,397,523919,8054,1718027,5821900
3144,341,437,523578,7958,1718464,4949100
3145,412,403,523166,7967,1718867,4662900
3146,410,390,522756,7987,1719257,4688700
3147,402,393,522354,7996,1719650,4592600
3148,390,387,521964,7999,1720037,4646500
3149,393,365,521571,8027,1720402,4824100
3150,424,389,521147,8062,1720791,4719600
3151,383,401,520764,8044,1721192,4600000
3152,361,410,520403,7995,1721602,4641300
3153,421,402,519982,8014,1722004,4742500
3154,424,370,519558,8068,1722374,4722400
3155,433,395,519125,8106,1722769,4683400
3156,386,386,518739,8106,1723155,4879300
3157,372,419,518367,8059,1723574,4909900
3158,402,373,517965,8088,1723947,4826100
3159,421,405,517544,8104,1724352,4822400
3160,411,404,517133,8111,1724756,5077800
3161,414,399,516719,8126,1725155,5222600
3162,401,398,516318,8129,1725553,5047800
3163,393,417,515925,8105,1725970,4851700
3164,408,421,515517,8092,1726391,4704700
3165,422,399,515095,8115,1726790,4702900
3166,407,399,514688,8123,1727189,5301300
3167,421,446,514267,8098,1727635,4863700
3168,383,425,513884,8056,1728060,4757000
3169,408,392,513476,8072,1728452,5151300
3170,387,418,513089,8041,1728870,5057700
3171,350,417,512739,7974,1729287,4873100
3172,398,401,512341,7971,1729688,4749000
3173,383,387,511958,7967,1730075,4728500
3174,409,404,511549,7972,1730479,4712800
3175,394,397,511155,7969,1730876,4714100
3176,421,404,510734,7986,1731280,4878300
3177,390,410,510344,7966,1731690,4876000
3178,375,399,509969,7942,1732089,4884500
3179,405,414,509564,7933,1732503,4859500
3180,388,403,509176,7918,1732906,4910900
3181,402,402,508774,7918,1733308,4978400
3182,387,399,508387,7906,1733707,5323700
3183,393,405,507994,7894,1734112,4946700
3184,390,395,507604,7889,1734507,4756000
3185,384,404,507220,7869,1734911,4929900
3186,391,386,506829,7874,1735297,4787300
3187,426,384,506403,7916,1735681,4709800
3188,377,405,506026,7888,1736086,4610500
3189,379,390,505647,7877,1736476,4649600
3190,416,404,505231,7889,1736880,4655100
3191,397,385,504834,7901,1737265,4655200
3192,385,398,504449,7888,1737663,4624300
3193,409,379,504040,7918,1738042,4625700
3194,371,403,503669,7886,1738445,4625600
3195,394,388,503275,7892,1738833,4811500
3196,385,409,502890,7868,1739242,4842900
3197,400,413,502490,7855,1739655,4794000
3198,403,380,502087,7878,1740035,4943800
3199,391,388,501696,7881,1740423,4754500
3200,359,405,501337,7835,1740828,4912300
3201,388,388,500949,7835,1741216,4902400
3202,383,418,500566,7800,1741634,4938500
3203,382,388,500184,7794,1742022,4592800
3204,376,392,499808,7778,1742414,4697000
3205,380,387,499428,7771,1742801,4692000
3206,331,355,499097,7747,1743156,4687500
3207,382,391,498715,7738,1743547,4660600
3208,367,398,498348,7707,1743945,5058000
3209,376,385,497972,7698,1744330,5391400
3210,380,404,497592,7674,1744734,5202100
3211,384,393,497208,7665,1745127,5096800
3212,380,416,496828,7629,1745543,5084400
3213,385,411,496443,7603,1745954,5278300
3214,396,373,496047,7626,1746327,4898900
3215,367,392,495680,7601,1746719,4857400
3216,386,440,495294,7547,1747159,5183400
3217,370,378,494924,7539,1747537,4958000
3218,380,390,494544,7529,1747927,5036400
3219,366,396,494178,7499,1748323,4975400
3220,377,354,493801,7522,1748677,4948200
3221,359,389,493442,7492,1749066,4996100
3222,398,380,493044,7510,1749446,4977200
3223,346,388,492698,7468,1749834,5319900
3224,395,388,492303,7475,1750222,5138400
3225,397,382,491906,7490,1750604,5086600
3226,361,363,491545,7488,1750967,4792000
3227,374,373,491171,7489,1751340,4690900
3228,380,374,490791,7495,1751714,4704500
3229,362,329,490429,7528,1752043,4966000
3230,385,373,490044,7540,1752416,5220900
3231,386,394,489658,7532,1752810,5191100
3232,388,383,489270,7537,1753193,5675100
3233,397,395,488873,7539,1753588,15970000
3234,389,424,488484,7504,1754012,6823500
3235,369,408,488115,7465,1754420,9206900
3236,393,378,487722,7480,1754798,5871500
3237,384,391,487338,7473,1755189,6095900
3238,374,370,486964,7477,1755559,6704000
3239,364,368,486600,7473,1755927,5911300
3240,377,386,486223,7464,1756313,6214900
3241,373,359,485850,7478,1756672,5839600
3242,374,366,485476,7486,1757038,5447600
3243,385,366,485091,7505,1757404,6063500
3244,359,370,484732,7494,1757774,7167200
3245,382,378,484350,7498,1758152,5470000
3246,355,356,483995,7497,1758508,5254100
3247,360,352,483635,7505,1758860,5158700
3248,347,411,483288,7441,1759271,5013500
3249,357,361,482931,7437,1759632,4892200
3250,361,396,482570,7402,1760028,4868900
3251,356,358,482214,7400,1760386,4877300
3252,354,377,481860,7377,1760763,5000800
3253,394,370,481466,7401,1761133,4924700
3254,351,370,481115,7382,1761503,4853400
3255,344,376,480771,7350,1761879,4821500
3256,365,354,480406,7361,1762233,4717300
3257,388,332,480018,7417,1762565,4865000
3258,382,405,479636,7394,1762970,4837800
3259,360,351,479276,7403,1763321,4664600
3260,376,409,478900,7370,1763730,4982700
3261,404,394,478496,7380,1764124,5137700
3262,360,382,478136,7358,1764506,6110200
3263,394,360,477742,7392,1764866,8156900
3264,366,335,477376,7423,1765201,12201400
3265,319,353,477057,7389,1765554,5687100
3266,407,375,476650,7421,1765929,5384600
3267,348,360,476302,7409,1766289,5100800
3268,360,375,475942,7394,1766664,5323400
3269,368,355,475574,7407,1767019,5354400
3270,392,407,475182,7392,1767426,5497600
3271,369,376,474813,7385,1767802,5997900
3272,333,383,474480,7335,1768185,10776800
3273,351,352,474129,7334,1768537,5346200
3274,349,376,473780,7307,1768913,4838500
3275,363,341,473417,7329,1769254,4688100
3276,360,333,473057,7356,1769587,4759700
3277,365,355,472692,7366,1769942,4844000
3278,347,385,472345,7328,1770327,4958900
3279,347,354,471998,7321,1770681,5055500
3280,345,379,471653,7287,1771060,4881100
3281,348,342,471305,7293,1771402,4943400
3282,349,349,470956,7293,1771751,4947800
3283,320,361,470636,7252,1772112,4916000
3284,343,376,470293,7219,1772488,4935700
3285,367,382,469926,7204,1772870,4943200
3286,391,355,469535,7240,1773225,4721500
3287,380,346,469155,7274,1773571,4690300
3288,371,373,468784,7272,1773944,4749400
3289,357,388,468427,7241,1774332,4646500
3290,349,334,468078,7256,1774666,4848500
3291,364,368,467714,7252,1775034,5667200
3292,343,353,467371,7242,1775387,8912600
3293,350,386,467021,7206,1775773,12050400
3294,386,359,466635,7233,1776132,6090200
3295,346,356,466289,7223,1776488,5754400
3296,361,380,465928,7204,1776868,5219900
3297,373,341,465555,7236,1777209,5188300
3298,356,372,465199,7220,1777581,5335200
3299,332,392,464867,7160,1777973,6205000
3300,346,372,464521,7134,1778345,6389100
3301,390,371,464131,7153,1778716,8684200
3302,377,351,463754,7179,1779067,6333900
3303,338,331,463416,7186,1779398,5625000
3304,361,358,463055,7189,1779756,5190900
3305,397,333,462658,7253,1780089,5113900
3306,371,364,462287,7260,1780453,4921800
3307,336,378,461951,7218,1780831,4988300
3308,344,377,461607,7185,1781208,5392700
3309,415,367,461192,7233,1781575,7923600
3310,391,353,460801,7271,1781928,15737400
3311,360,372,460441,7259,1782300,5951300
3312,344,362,460097,7241,1782662,5435800
3313,383,374,459714,7250,1783036,5244400
3314,338,345,459376,7243,1783381,5405800
3315,358,355,459018,7246,1783736,5670700
3316,376,373,458642,7249,1784109,5749300
3317,361,370,458281,7240,1784479,6438200
3318,371,362,457910,7249,1784841,9611200
3319,363,344,457547,7268,1785185,5727800
3320,368,395,457179,7241,1785580,5370000
3321,377,416,456802,7202,1785996,5199000
3322,360,355,456442,7207,1786351,5161500
3323,376,349,456066,7234,1786700,5442100
3324,332,359,455734,7207,1787059,4918800
3325,362,361,455372,7208,1787420,5021600
3326,337,360,455035,7185,1787780,4991700
3327,350,387,454685,7148,1788167,4770800
3328,342,349,454343,7141,1788516,4941000
3329,368,351,453975,7158,1788867,4951800
3330,343,377,453632,7124,1789244,4759000
3331,342,376,453290,7090,1789620,4718000
3332,391,357,452899,7124,1789977,4661800
3333,349,343,452550,7130,1790320,4642100
3334,348,359,452202,7119,1790679,4791600
3335,386,367,451816,7138,1791046,4856300
3336,389,370,451427,7157,1791416,4853000
3337,360,356,451067,7161,1791772,4851500
3338,376,344,450691,7193,1792116,4845800
3339,340,354,450351,7179,1792470,4784500
3340,358,349,449993,7188,1792819,4697200
3341,364,387,449629,7165,1793206,4744300
3342,391,375,449238,7181,1793581,5077800
3343,378,363,448860,7196,1793944,5243800
3344,370,383,448490,7183,1794327,8084800
3345,368,366,448122,7185,1794693,10667600
3346,365,345,447757,7205,1795038,7037900
3347,382,405,447375,7182,1795443,5487200
3348,347,347,447028,7182,1795790,5361000
3349,379,349,446649,7212,1796139,5220300
3350,357,343,446292,7226,1796482,5142900
3351,387,359,445905,7254,1796841,5477300
3352,359,377,445546,7236,1797218,5600000
3353,363,372,445183,7227,1797590,11034700
3354,348,373,444835,7202,1797963,5559700
3355,349,346,444486,7205,1798309,5141800
3356,359,359,444127,7205,1798668,5118500
3357,350,355,443777,7200,1799023,5191400
3358,376,383,443401,7193,1799406,5085400
3359,379,361,443022,7211,1799767,5039100
3360,341,359,442681,7193,1800126,5125500
3361,346,359,442335,7180,1800485,4954100
3362,370,373,441965,7177,1800858,5515400
3363,338,369,441627,7146,1801227,5089500
3364,361,325,441266,7182,1801552,5115600
3365,358,325,440908,7215,1801877,5317800
3366,351,389,440557,7177,1802266,6858600
3367,339,338,440218,7178,1802604,11311200
3368,356,382,439862,7152,1802986,8405800
3369,355,347,439507,7160,1803333,6016000
3370,357,365,439150,7152,1803698,5224400
3371,329,370,438821,7111,1804068,5358400
3372,360,359,438461,7112,1804427,5296100
3373,331,371,438130,7072,1804798,5827200
3374,394,344,437736,7122,1805142,6503200
3375,372,343,437364,7151,1805485,9679400
3376,373,398,436991,7126,1805883,5513700
3377,350,358,436641,7118,1806241,5148000
3378,348,381,436293,7085,1806622,5102600
3379,381,348,435912,7118,1806970,4815700
3380,366,368,435546,7116,1807338,4906100
3381,357,331,435189,7142,1807669,5032000
3382,362,379,434827,7125,1808048,4996600
3383,366,381,434461,7110,1808429,5107700
3384,360,355,434101,7115,1808784,5204100
3385,346,392,433755,7069,1809176,5014900
3386,337,336,433418,7070,1809512,4956000
3387,355,354,433063,7071,1809866,4921800
3388,338,355,432725,7054,1810221,5006900
3389,354,368,432371,7040,1810589,4856400
3390,349,363,432022,7026,1810952,4805200
3391,350,354,431672,7022,1811306,4547500
3392,354,348,431318,7028,1811654,4684500
3393,329,380,430989,6977,1812034,4798500
3394,345,346,430644,6976,1812380,4662400
3395,323,372,430321,6927,1812752,4722800
3396,356,339,429965,6944,1813091,4870600
3397,347,365,429618,6926,1813456,4710000
3398,362,373,429256,6915,1813829,4690700
3399,327,336,428929,6906,1814165,4721600
3400,329,334,428600,6901,1814499,4815800
3401,337,355,428263,6883,1814854,4907500
3402,346,340,427917,6889,1815194,4791200
3403,353,354,427564,6888,1815548,5017700
3404,377,344,427187,6921,1815892,4639900
3405,341,348,426846,6914,1816240,4673000
3406,380,333,426466,6961,1816573,4760200
3407,346,325,426120,6982,1816898,4729500
3408,368,355,425752,6995,1817253,4594600
3409,349,395,425403,6949,1817648,4918100
3410,345,344,425058,6950,1817992,4834600
3411,311,349,424747,6912,1818341,4794900
3412,330,379,424417,6863,1818720,4864300
3413,330,378,424087,6815,1819098,4642000
3414,325,352,423762,6788,1819450,4622800
3415,340,341,423422,6787,1819791,4616200
3416,333,320,423089,6800,1820111,4808300
3417,325,389,422764,6736,1820500,4618600
3418,315,333,422449,6718,1820833,4648100
3419,322,333,422127,6707,1821166,4851400
3420,304,310,421823,6701,1821476,4787000
3421,310,317,421513,6694,1821793,4732800
3422,333,344,421180,6683,1822137,4864200
3423,354,331,420826,6706,1822468,5012700
3424,340,341,420486,6705,1822809,5083500
3425,338,342,420148,6701,1823151,5156900
3426,314,329,419834,6686,1823480,4733800
3427,312,331,419522,6667,1823811,4604000
3428,337,332,419185,6672,1824143,4688500
3429,326,322,418859,6676,1824465,4691500
3430,313,330,418546,6659,1824795,4601500
3431,297,327,418249,6629,1825122,4603800
3432,339,341,417910,6627,1825463,4641400
3433,291,347,417619,6571,1825810,4567100
3434,334,323,417285,6582,1826133,4845300
3435,316,343,416969,6555,1826476,5004600
3436,280,307,416689,6528,1826783,4994800
3437,339,321,416350,6546,1827104,4886500
3438,356,337,415994,6565,1827441,4882800
3439,348,318,415646,6595,1827759,4866300
3440,322,334,415324,6583,1828093,4760300
3441,302,307,415022,6578,1828400,4919400
3442,315,349,414707,6544,1828749,4844000
3443,298,303,414409,6539,1829052,4820000
3444,285,315,414124,6509,1829367,4847900
3445,323,319,413801,6513,1829686,4793300
3446,299,331,413502,6481,1830017,4848800
3447,305,338,413197,6448,1830355,4800000
3448,310,305,412887,6453,1830660,4857000
3449,331,343,412556,6441,1831003,4917100
3450,340,343,412216,6438,1831346,5040400
3451,329,287,411887,6480,1831633,4853700
3452,305,343,411582,6442,1831976,4897900
3453,322,318,411260,6446,1832294,4912900
3454,323,357,410937,6412,1832651,4971000
3455,338,319,410599,6431,1832970,4866700
3456,313,312,410286,6432,1833282,5014700
3457,325,294,409961,6463,1833576,4896500
3458,357,323,409604,6497,1833899,4930600
3459,327,332,409277,6492,1834231,4795500
3460,317,342,408960,6467,1834573,4913300
3461,332,304,408628,6495,1834877,4896400
3462,322,303,408306,6514,1835180,4793000
3463,334,339,407972,6509,1835519,4825100
3464,297,320,407675,6486,1835839,4867200
3465,341,346,407334,6481,1836185,4980800
3466,313,301,407021,6493,1836486,4855600
3467,300,334,406721,6459,1836820,5048600
3468,310,327,406411,6442,1837147,4831700
3469,328,328,406083,6442,1837475,4810800
3470,323,335,405760,6430,1837810,4913600
3471,338,347,405422,6421,1838157,4810700
3472,302,273,405120,6450,1838430,4834900
3473,296,354,404824,6392,1838784,4899500
3474,318,317,404506,6393,1839101,4799600
3475,294,308,404212,6379,1839409,4785600
3476,297,308,403915,6368,1839717,4859500
3477,303,340,403612,6331,1840057,4805300
3478,311,312,403301,6330,1840369,4818000
3479,311,314,402990,6327,1840683,4933900
3480,302,327,402688,6302,1841010,4941900
3481,326,316,402362,6312,1841326,4933100
3482,313,337,402049,6288,1841663,4906000
3483,334,274,401715,6348,1841937,5069200
3484,313,351,401402,6310,1842288,4866600
3485,357,301,401045,6366,1842589,4787600
3486,307,345,400738,6328,1842934,4758000
3487,313,325,400425,6316,1843259,4738200
3488,303,325,400122,6294,1843584,4770900
3489,311,278,399811,6327,1843862,4768600
3490,337,289,399474,6375,1844151,4705500
3491,305,350,399169,6330,1844501,4782300
3492,307,312,398862,6325,1844813,4840200
3493,293,294,398569,6324,1845107,4820900
3494,320,293,398249,6351,1845400,4671900
3495,291,299,397958,6343,1845699,4789200
3496,297,317,397661,6323,1846016,4706600
3497,304,314,397357,6313,1846330,4702100
3498,313,304,397044,6322,1846634,4641800
3499,315,318,396729,6319,1846952,4700200
3500,300,319,396429,6300,1847271,4678700
3501,302,320,396127,6282,1847591,4688300
3502,288,306,395839,6264,1847897,4736900
3503,355,316,395484,6303,1848213,4718100
3504,280,303,395204,6280,1848516,4668200
3505,291,310,394913,6261,1848826,4879800
3506,289,333,394624,6217,1849159,5047500
3507,304,309,394320,6212,1849468,5085000
3508,328,357,393992,6183,1849825,4952100
3509,290,290,393702,6183,1850115,4839100
3510,283,307,393419,6159,1850422,4750800
3511,288,303,393131,6144,1850725,4694900
3512,313,330,392818,6127,1851055,5033400
3513,309,306,392509,6130,1851361,4685800
3514,312,304,392197,6138,1851665,4864000
3515,325,326,391872,6137,1851991,4776600
3516,303,290,391569,6150,1852281,4696000
3517,275,303,391294,6122,1852584,4571600
3518,263,299,391031,6086,1852883,4736200
3519,291,301,390740,6076,1853184,4726400
3520,337,343,390403,6070,1853527,4928900
3521,315,310,390088,6075,1853837,4849200
3522,313,295,389775,6093,1854132,4708300
3523,335,313,389440,6115,1854445,4668800
3524,316,288,389124,6143,1854733,4752500
3525,302,304,388822,6141,1855037,4679200
3526,300,298,388522,6143,1855335,4784600
3527,324,280,388198,6187,1855615,4693400
3528,315,266,387883,6236,1855881,4713100
3529,303,299,387580,6240,1856180,4631000
3530,319,304,387261,6255,1856484,4590200
3531,329,295,386932,6289,1856779,4925100
3532,330,319,386602,6300,1857098,4687800
3533,320,340,386282,6280,1857438,4815100
3534,316,304,385966,6292,1857742,4860800
3535,312,303,385654,6301,1858045,4717700
3536,306,332,385348,6275,1858377,4621600
3537,277,353,385071,6199,1858730,4852400
3538,295,306,384776,6188,1859036,4892100
3539,312,341,384464,6159,1859377,4633300
3540,308,319,384156,6148,1859696,4657700
3541,274,295,383882,6127,1859991,4631900
3542,296,320,383586,6103,1860311,4632300
3543,320,320,383266,6103,1860631,4606500
3544,279,333,382987,6049,1860964,4753900
3545,303,298,382684,6054,1861262,4616200
3546,281,312,382403,6023,1861574,4589100
3547,315,299,382088,6039,1861873,4566300
3548,264,300,381824,6003,1862173,4853900
3549,323,315,381501,6011,1862488,4777600
3550,261,302,381240,5970,1862790,4753000
3551,261,334,380979,5897,1863124,4634400
3552,286,294,380693,5889,1863418,4625100
3553,291,300,380402,5880,1863718,4646600
3554,264,277,380138,5867,1863995,4631500
3555,257,309,379881,5815,1864304,4665300
3556,270,300,379611,5785,1864604,4674800
3557,259,289,379352,5755,1864893,4602300
3558,299,306,379053,5748,1865199,5160200
3559,297,290,378756,5755,1865489,5037400
3560,294,290,378462,5759,1865779,5005600
3561,272,285,378190,5746,1866064,4796100
3562,287,277,377903,5756,1866341,5005000
3563,251,287,377652,5720,1866628,4939900
3564,279,300,377373,5699,1866928,5281800
3565,280,290,377093,5689,1867218,5060300
3566,275,296,376818,5668,1867514,4938400
3567,264,278,376554,5654,1867792,4923600
3568,271,282,376283,5643,1868074,5167400
3569,273,274,376010,5642,1868348,5267700
3570,270,258,375740,5654,1868606,5049800
3571,280,311,375460,5623,1868917,5132900
3572,297,298,375163,5622,1869215,5290400
3573,290,276,374873,5636,1869491,5290100
3574,284,275,374589,5645,1869766,5036900
3575,287,281,374302,5651,1870047,5351800
3576,279,262,374023,5668,1870309,5198200
3577,282,312,373741,5638,1870621,5072000
3578,303,268,373438,5673,1870889,4985700
3579,318,306,373120,5685,1871195,5028100
3580,281,273,372839,5693,1871468,4743400
3581,267,288,372572,5672,1871756,4791900
3582,318,259,372254,5731,1872015,5291600
3583,290,284,371964,5737,1872299,4989800
3584,285,287,371679,5735,1872586,4729200
3585,289,311,371390,5713,1872897,5340800
3586,282,292,371108,5703,1873189,4766200
3587,275,254,370833,5724,1873443,4821800
3588,303,262,370530,5765,1873705,4959300
3589,317,308,370213,5774,1874013,4950400
3590,293,282,369920,5785,1874295,4702500
3591,301,285,369619,5801,1874580,4791400
3592,281,273,369338,5809,1874853,5376100
3593,278,299,369060,5788,1875152,5230600
3594,262,291,368798,5759,1875443,5064700
3595,283,286,368515,5756,1875729,4967500
3596,295,288,368220,5763,1876017,5013700
3597,332,282,367888,5813,1876299,5218900
3598,296,274,367592,5835,1876573,4972700
3599,326,284,367266,5877,1876857,5310200
3600,323,279,366943,5921,1877136,4953000
3601,307,302,366636,5926,1877438,4814300
3602,315,305,366321,5936,1877743,4755200
3603,301,273,366020,5964,1878016,4789500
3604,318,293,365702,5989,1878309,4753100
3605,298,302,365404,5985,1878611,4642800
3606,271,306,365133,5950,1878917,4959800
3607,277,284,364856,5943,1879201,5041000
3608,321,308,364535,5956,1879509,4969300
3609,313,280,364222,5989,1879789,5237100
3610,297,316,363925,5970,1880105,4826900
3611,304,314,363621,5960,1880419,4794400
3612,298,306,363323,5952,1880725,4784500
3613,323,296,363000,5979,1881021,4780100
3614,268,314,362732,5933,1881335,5170500
3615,310,284,362422,5959,1881619,4832700
3616,268,298,362154,5929,1881917,4797700
3617,297,282,361857,5944,1882199,4872800
3618,302,322,361555,5924,1882521,4817900
3619,283,299,361272,5908,1882820,4706800
3620,298,293,360974,5913,1883113,4909400
3621,298,308,360676,5903,1883421,4792900
3622,315,321,360361,5897,1883742,4820900
3623,290,287,360071,5900,1884029,4866800
3624,282,292,359789,5890,1884321,5123700
3625,281,285,359508,5886,1884606,4685700
3626,305,310,359203,5881,1884916,5560100
3627,275,280,358928,5876,1885196,4813900
3628,291,289,358637,5878,1885485,4879500
3629,287,300,358350,5865,1885785,5340400
3630,288,271,358062,5882,1886056,5040500
3631,288,307,357774,5863,1886363,4926600
3632,302,281,357472,5884,1886644,4918700
3633,296,285,357176,5895,1886929,4902800
3634,244,294,356932,5845,1887223,5055900
3635,298,279,356634,5864,1887502,5154300
3636,275,312,356359,5827,1887814,4872200
3637,271,332,356088,5766,1888146,4925300
3638,284,305,355804,5745,1888451,4890400
3639,245,287,355559,5703,1888738,4922700
3640,299,286,355260,5716,1889024,4907700
3641,294,271,354966,5739,1889295,4816200
3642,278,297,354688,5720,1889592,5197600
3643,280,265,354408,5735,1889857,4980900
3644,291,278,354117,5748,1890135,5015100
3645,266,275,353851,5739,1890410,4895600
3646,279,289,353572,5729,1890699,4796900
3647,292,289,353280,5732,1890988,4746900
3648,304,277,352976,5759,1891265,5751600
3649,252,264,352724,5747,1891529,5141400
3650,304,260,352420,5791,1891789,4977800
3651,303,314,352117,5780,1892103,4905700
3652,293,258,351824,5815,1892361,4844300
3653,249,288,351575,5776,1892649,4900800
3654,280,312,351295,5744,1892961,4772800
3655,270,270,351025,5744,1893231,5033900
3656,268,256,350757,5756,1893487,5035800
3657,274,270,350483,5760,1893757,5108200
3658,270,270,350213,5760,1894027,5075700
3659,277,273,349936,5764,1894300,4808900
3660,245,287,349691,5722,1894587,5602200
3661,286,302,349405,5706,1894889,5416800
3662,247,287,349158,5666,1895176,5008500
3663,257,278,348901,5645,1895454,5231400
3664,272,296,348629,5621,1895750,4863900
3665,226,271,348403,5576,1896021,4962100
3666,238,271,348165,5543,1896292,5418500
3667,252,259,347913,5536,1896551,4979200
3668,270,282,347643,5524,1896833,5235600
3669,264,267,347379,5521,1897100,5116300
3670,275,267,347104,5529,1897367,5660200
3671,271,252,346833,5548,1897619,5041200
3672,270,277,346563,5541,1897896,5390100
3673,283,308,346280,5516,1898204,5259700
3674,243,265,346037,5494,1898469,5129400
3675,264,282,345773,5476,1898751,5420500
3676,263,285,345510,5454,1899036,5484400
3677,241,276,345269,5419,1899312,5532100
3678,253,284,345016,5388,1899596,5800300
3679,274,270,344742,5392,1899866,8375300
3680,261,295,344481,5358,1900161,9657900
3681,254,273,344227,5339,1900434,7956100
3682,255,264,343972,5330,1900698,5440300
3683,284,290,343688,5324,1900988,5303800
3684,279,274,343409,5329,1901262,5163000
3685,252,305,343157,5276,1901567,6028300
3686,276,280,342881,5272,1901847,5867000
3687,272,268,342609,5276,1902115,5392900
3688,271,257,342338,5290,1902372,5435100
3689,266,260,342072,5296,1902632,5347600
3690,237,277,341835,5256,1902909,5819000
3691,294,295,341541,5255,1903204,6411900
3692,256,273,341285,5238,1903477,5960300
3693,268,259,341017,5247,1903736,5723100
3694,249,276,340768,5220,1904012,5701400
3695,272,239,340496,5253,1904251,5124300
3696,258,295,340238,5216,1904546,6089800
3697,254,249,339984,5221,1904795,6679400
3698,276,266,339708,5231,1905061,7320000
3699,249,216,339459,5264,1905277,6946300
3700,256,260,339203,5260,1905537,6902900
3701,287,294,338916,5253,1905831,6576000
3702,269,246,338647,5276,1906077,7376700
3703,261,283,338386,5254,1906360,6305000
3704,275,260,338111,5269,1906620,6737700
3705,275,263,337836,5281,1906883,6426200
3706,282,277,337554,5286,1907160,21563100
3707,284,271,337270,5299,1907431,13430200
3708,283,274,336987,5308,1907705,8857800
3709,278,264,336709,5322,1907969,7355800
3710,287,251,336422,5358,1908220,6775100
3711,278,268,336144,5368,1908488,6747400
3712,301,283,335843,5386,1908771,6681300
3713,293,254,335550,5425,1909025,7084900
3714,300,248,335250,5477,1909273,6843200
3715,260,289,334990,5448,1909562,7098000
3716,287,272,334703,5463,1909834,6143100
3717,259,273,334444,5449,1910107,6700600
3718,271,258,334173,5462,1910365,6289200
3719,281,281,333892,5462,1910646,6318800
3720,273,267,333619,5468,1910913,6365100
3721,271,262,333348,5477,1911175,6431700
3722,263,301,333085,5439,1911476,6191500
3723,283,260,332802,5462,1911736,6238000
3724,283,271,332519,5474,1912007,5979500
3725,238,288,332281,5424,1912295,6478000
3726,271,278,332010,5417,1912573,6549800
3727,263,261,331747,5419,1912834,5724800
3728,255,282,331492,5392,1913116,5570700
3729,255,253,331237,5394,1913369,5790800
3730,280,243,330957,5431,1913612,5734400
3731,297,267,330660,5461,1913879,5341900
3732,285,272,330375,5474,1914151,6003600
3733,300,264,330075,5510,1914415,6205200
3734,267,280,329808,5497,1914695,5333900
3735,274,277,329534,5494,1914972,5900000
3736,287,263,329247,5518,1915235,5855400
3737,266,253,328981,5531,1915488,6025300
3738,244,270,328737,5505,1915758,5929100
3739,268,275,328469,5498,1916033,6016400
3740,273,288,328196,5483,1916321,5779200
3741,280,280,327916,5483,1916601,5934300
3742,260,268,327656,5475,1916869,6228000
3743,249,262,327407,5462,1917131,5734800
3744,272,268,327135,5466,1917399,5688100
3745,271,269,326864,5468,1917668,5649100
3746,277,298,326587,5447,1917966,5435200
3747,252,269,326335,5430,1918235,5334100
3748,264,259,326071,5435,1918494,5013200
3749,268,293,325803,5410,1918787,5247800
3750,258,281,325545,5387,1919068,5315500
3751,258,261,325287,5384,1919329,5251200
3752,253,276,325034,5361,1919605,5568100
3753,274,250,324760,5385,1919855,5635400
3754,256,265,324504,5376,1920120,5243000
3755,264,299,324240,5341,1920419,5224000
3756,231,270,324009,5302,1920689,5308500
3757,241,291,323768,5252,1920980,5170500
3758,270,264,323498,5258,1921244,5615300
3759,273,286,323225,5245,1921530,5384600
3760,244,254,322981,5235,1921784,6131600
3761,254,238,322727,5251,1922022,6270500
3762,242,271,322485,5222,1922293,5994400
3763,263,279,322222,5206,1922572,5943000
3764,224,270,321998,5160,1922842,5449700
3765,268,277,321730,5151,1923119,5340800
3766,262,269,321468,5144,1923388,5506500
3767,249,224,321219,5169,1923612,5917400
3768,259,256,320960,5172,1923868,5477800
3769,276,246,320684,5202,1924114,5464700
3770,282,261,320402,5223,1924375,5228600
3771,272,244,320130,5251,1924619,5059500
3772,268,243,319862,5276,1924862,5448000
3773,285,291,319577,5270,1925153,5265800
3774,262,265,319315,5267,1925418,5129900
3775,278,260,319037,5285,1925678,5368300
3776,260,262,318777,5283,1925940,5149300
3777,268,258,318509,5293,1926198,5226900
3778,248,260,318261,5281,1926458,5080700
3779,241,256,318020,5266,1926714,5069200
3780,272,285,317748,5253,1926999,5158900
3781,267,260,317481,5260,1927259,4967000
3782,247,257,317234,5250,1927516,5048200
3783,276,233,316958,5293,1927749,5310800
3784,272,256,316686,5309,1928005,6008900
3785,261,236,316425,5334,1928241,5131800
3786,272,243,316153,5363,1928484,5196400
3787,259,237,315894,5385,1928721,5421900
3788,257,260,315637,5382,1928981,5126900
3789,284,286,315353,5380,1929267,5212000
3790,274,280,315079,5374,1929547,5540400
3791,268,285,314811,5357,1929832,5002900
3792,279,250,314532,5386,1930082,5010600
3793,264,279,314268,5371,1930361,5028500
3794,272,251,313996,5392,1930612,5104000
3795,271,268,313725,5395,1930880,5137800
3796,261,274,313464,5382,1931154,5336500
3797,264,266,313200,5380,1931420,5483100
3798,257,260,312943,5377,1931680,6118300
3799,273,306,312670,5344,1931986,5854300
3800,278,270,312392,5352,1932256,5432900
3801,259,264,312133,5347,1932520,5812400
3802,262,250,311871,5359,1932770,5574100
3803,241,283,311630,5317,1933053,5070700
3804,288,256,311342,5349,1933309,5176100
3805,282,284,311060,5347,1933593,4926400
3806,269,247,310791,5369,1933840,5062200
3807,273,272,310518,5370,1934112,5080800
3808,267,270,310251,5367,1934382,4979200
3809,272,265,309979,5374,1934647,4947500
3810,238,277,309741,5335,1934924,5029600
3811,245,287,309496,5293,1935211,4861900
3812,237,281,309259,5249,1935492,4802100
3813,263,240,308996,5272,1935732,5048300
3814,253,272,308743,5253,1936004,5057000
3815,258,255,308485,5256,1936259,5139900
3816,271,246,308214,5281,1936505,4968500
3817,241,254,307973,5268,1936759,5111200
3818,279,268,307694,5279,1937027,4925100
3819,241,258,307453,5262,1937285,5171400
3820,258,299,307195,5221,1937584,4920300
3821,239,250,306956,5210,1937834,4817200
3822,245,271,306711,5184,1938105,4806800
3823,251,253,306460,5182,1938358,4706700
3824,241,265,306219,5158,1938623,5062600
3825,239,255,305980,5142,1938878,4895700
3826,239,237,305741,5144,1939115,4971800
3827,240,237,305501,5147,1939352,4910400
3828,263,274,305238,5136,1939626,4886200
3829,243,256,304995,5123,1939882,4895800
3830,260,241,304735,5142,1940123,4872500
3831,259,262,304476,5139,1940385,4899200
3832,247,264,304229,5122,1940649,4909800
3833,218,227,304011,5113,1940876,4633000
3834,218,245,303793,5086,1941121,4761800
3835,247,278,303546,5055,1941399,5228500
3836,249,233,303297,5071,1941632,4894400
3837,238,263,303059,5046,1941895,4839500
3838,257,244,302802,5059,1942139,5445700
3839,250,246,302552,5063,1942385,4783000
3840,265,263,302287,5065,1942648,5168400
3841,256,254,302031,5067,1942902,5137900
3842,228,245,301803,5050,1943147,4901000
3843,241,270,301562,5021,1943417,4747300
3844,256,246,301306,5031,1943663,5026100
3845,246,254,301060,5023,1943917,5716400
3846,222,248,300838,4997,1944165,5550400
3847,299,250,300539,5046,1944415,5632600
3848,259,250,300280,5055,1944665,5332200
3849,251,257,300029,5049,1944922,5488500
3850,259,276,299770,5032,1945198,5745300
3851,229,225,299541,5036,1945423,5375500
3852,217,277,299324,4976,1945700,5257100
3853,271,289,299053,4958,1945989,5129900
3854,213,236,298840,4935,1946225,5034500
3855,288,257,298552,4966,1946482,4916300
3856,232,281,298320,4917,1946763,5002800
3857,244,246,298076,4915,1947009,5502300
3858,246,239,297830,4922,1947248,4947300
3859,240,250,297590,4912,1947498,4828900
3860,222,232,297368,4902,1947730,4976300
3861,234,263,297134,4873,1947993,5155000
3862,254,265,296880,4862,1948258,5337200
3863,249,250,296631,4861,1948508,4905600
3864,261,244,296370,4878,1948752,5495900
3865,247,216,296123,4909,1948968,5122700
3866,241,253,295882,4897,1949221,4791900
3867,231,260,295651,4868,1949481,5007700
3868,233,244,295418,4857,1949725,5268800
3869,224,241,295194,4840,1949966,5050700
3870,219,231,294975,4828,1950197,4889100
3871,224,233,294751,4819,1950430,4907000
3872,260,234,294491,4845,1950664,5183000
3873,266,236,294225,4875,1950900,5100500
3874,269,248,293956,4896,1951148,5176600
3875,254,244,293702,4906,1951392,5694900
3876,234,239,293468,4901,1951631,5125500
3877,262,234,293206,4929,1951865,5149400
3878,259,220,292947,4968,1952085,6036600
3879,239,278,292708,4929,1952363,5457500
3880,266,242,292442,4953,1952605,5369700
3881,258,264,292184,4947,1952869,5044900
3882,236,248,291948,4935,1953117,5452000
3883,260,266,291688,4929,1953383,5335700
3884,263,242,291425,4950,1953625,5919500
3885,241,224,291184,4967,1953849,5097900
3886,249,231,290935,4985,1954080,5406300
3887,259,240,290676,5004,1954320,5041500
3888,249,263,290427,4990,1954583,5046800
3889,255,228,290172,5017,1954811,5511800
3890,267,267,289905,5017,1955078,5062000
3891,239,294,289666,4962,1955372,4921900
3892,247,245,289419,4964,1955617,6009700
3893,264,262,289155,4966,1955879,5082700
3894,267,280,288888,4953,1956159,5025800
3895,259,231,288629,4981,1956390,4992900
3896,262,224,288367,5019,1956614,5226000
3897,250,260,288117,5009,1956874,5010900
3898,244,255,287873,4998,1957129,5287300
3899,250,244,287623,5004,1957373,5058000
3900,246,263,287377,4987,1957636,5256600
3901,285,250,287092,5022,1957886,5121600
3902,240,258,286852,5004,1958144,5136700
3903,259,237,286593,5026,1958381,5092000
3904,274,238,286319,5062,1958619,5702000
3905,244,251,286075,5055,1958870,5606600
3906,255,253,285820,5057,1959123,5530000
3907,215,253,285605,5019,1959376,5422400
3908,246,242,285359,5023,1959618,5426700
3909,270,261,285089,5032,1959879,5217500
3910,241,267,284848,5006,1960146,5746800
3911,261,251,284587,5016,1960397,5081000
3912,230,257,284357,4989,1960654,5136500
3913,262,249,284095,5002,1960903,5455700
3914,244,265,283851,4981,1961168,5155900
3915,231,244,283620,4968,1961412,5084500
3916,265,256,283355,4977,1961668,5124700
3917,268,254,283087,4991,1961922,5150300
3918,251,259,282836,4983,1962181,4920400
3919,227,240,282609,4970,1962421,5108800
3920,236,234,282373,4972,1962655,5053100
3921,276,227,282097,5021,1962882,5145500
3922,265,234,281832,5052,1963116,5269000
3923,232,244,281600,5040,1963360,5377900
3924,261,259,281339,5042,1963619,5333100
3925,244,276,281095,5010,1963895,6255000
3926,220,261,280875,4969,1964156,6719400
3927,263,265,280612,4967,1964421,5611800
3928,273,243,280339,4997,1964664,5996300
3929,232,246,280107,4983,1964910,6091600
3930,233,267,279874,4949,1965177,6688200
3931,251,257,279623,4943,1965434,6351400
3932,250,246,279373,4947,1965680,6301000
3933,248,223,279125,4972,1965903,5429500
3934,238,257,278887,4953,1966160,5182200
3935,243,215,278644,4981,1966375,5250600
3936,241,243,278403,4979,1966618,5974100
3937,238,261,278165,4956,1966879,6327100
3938,236,252,277929,4940,1967131,5553900
3939,237,230,277692,4947,1967361,5391600
3940,230,234,277462,4943,1967595,5722200
3941,225,245,277237,4923,1967840,5436700
3942,254,246,276983,4931,1968086,5332800
3943,271,242,276712,4960,1968328,5408700
3944,255,238,276457,4977,1968566,5339300
3945,244,232,276213,4989,1968798,5381300
3946,245,233,275968,5001,1969031,5599300
3947,239,222,275729,5018,1969253,5154300
3948,236,237,275493,5017,1969490,5034400
3949,245,250,275248,5012,1969740,5322800
3950,240,261,275008,4991,1970001,5030900
3951,255,246,274753,5000,1970247,5270200
3952,230,249,274523,4981,1970496,5288900
3953,237,277,274286,4941,1970773,5405500
3954,265,251,274021,4955,1971024,5528100
3955,250,233,273771,4972,1971257,5076900
3956,285,250,273486,5007,1971507,5058500
3957,285,249,273201,5043,1971756,5733600
3958,282,225,272919,5100,1971981,5637000
3959,244,277,272675,5067,1972258,5865600
3960,262,246,272413,5083,1972504,5506100
3961,245,262,272168,5066,1972766,5848500
3962,229,270,271939,5025,1973036,5637800
3963,209,257,271730,4977,1973293,5970700
3964,249,252,271481,4974,1973545,5755600
3965,252,245,271229,4981,1973790,5461400
3966,249,241,270980,4989,1974031,6039100
3967,246,256,270734,4979,1974287,5865900
3968,242,222,270492,4999,1974509,7135200
3969,243,228,270249,5014,1974737,5966200
3970,232,277,270017,4969,1975014,5616600
3971,266,239,269751,4996,1975253,7452700
3972,235,255,269516,4976,1975508,5983300
3973,254,276,269262,4954,1975784,6468100
3974,262,222,269000,4994,1976006,22011400
3975,239,235,268761,4998,1976241,6413800
3976,226,244,268535,4980,1976485,6465000
3977,242,261,268293,4961,1976746,6399100
3978,259,234,268034,4986,1976980,6675900
3979,235,271,267799,4950,1977251,6268800
3980,238,240,267561,4948,1977491,6369300
3981,233,242,267328,4939,1977733,6359200
3982,240,209,267088,4970,1977942,5812300
3983,249,271,266839,4948,1978213,5980500
3984,227,234,266612,4941,1978447,7795300
3985,222,235,266390,4928,1978682,6197600
3986,231,238,266159,4921,1978920,5961400
3987,239,259,265920,4901,1979179,5580200
3988,240,253,265680,4888,1979432,6169400
3989,203,231,265477,4860,1979663,5410300
3990,245,273,265232,4832,1979936,5311800
3991,218,244,265014,4806,1980180,5352900
3992,257,252,264757,4811,1980432,6023300
3993,244,263,264513,4792,1980695,5514500
3994,237,247,264276,4782,1980942,5767900
3995,227,222,264049,4787,1981164,6111000
3996,230,248,263819,4769,1981412,5445900
3997,227,232,263592,4764,1981644,5076300
3998,222,225,263370,4761,1981869,5090600
3999,219,267,263151,4713,1982136,5407500
4000,237,203,262914,4747,1982339,5379600
4001,207,216,262707,4738,1982555,5165700
4002,238,237,262469,4739,1982792,5540400
4003,251,241,262218,4749,1983033,5107500
4004,253,235,261965,4767,1983268,5016100
4005,225,222,261740,4770,1983490,5111300
4006,230,248,261510,4752,1983738,5188600
4007,241,248,261269,4745,1983986,5469500
4008,213,220,261056,4738,1984206,5278000
4009,217,214,260839,4741,1984420,5106800
4010,221,214,260618,4748,1984634,5153200
4011,217,260,260401,4705,1984894,5231400
4012,226,237,260175,4694,1985131,5250100
4013,249,240,259926,4703,1985371,5408300
4014,241,257,259685,4687,1985628,5570900
4015,271,211,259414,4747,1985839,5328500
4016,233,219,259181,4761,1986058,5234800
4017,234,241,258947,4754,1986299,5279200
4018,229,229,258718,4754,1986528,5159700
4019,223,215,258495,4762,1986743,5237500
4020,256,258,258239,4760,1987001,5485700
4021,258,247,257981,4771,1987248,5236800
4022,251,237,257730,4785,1987485,5459200
4023,241,214,257489,4812,1987699,5525100
4024,266,258,257223,4820,1987957,5416400
4025,235,219,256988,4836,1988176,5493700
4026,261,237,256727,4860,1988413,5696900
4027,242,244,256485,4858,1988657,5151500
4028,232,254,256253,4836,1988911,5054700
4029,271,262,255982,4845,1989173,5107300
4030,244,234,255738,4855,1989407,5125300
4031,236,252,255502,4839,1989659,5289100
4032,241,217,255261,4863,1989876,5577600
4033,257,260,255004,4860,1990136,5057200
4034,220,239,254784,4841,1990375,5356700
4035,231,239,254553,4833,1990614,5317100
4036,234,262,254319,4805,1990876,5130500
4037,239,246,254080,4798,1991122,5321800
4038,241,256,253839,4783,1991378,5142600
4039,213,234,253626,4762,1991612,5312700
4040,256,253,253370,4765,1991865,5727600
4041,275,268,253095,4772,1992133,5310900
4042,248,227,252847,4793,1992360,5262900
4043,239,272,252608,4760,1992632,5242300
4044,235,241,252373,4754,1992873,5392100
4045,254,240,252119,4768,1993113,5301600
4046,256,220,251863,4804,1993333,5654000
4047,252,264,251611,4792,1993597,5813200
4048,207,243,251404,4756,1993840,5651200
4049,226,243,251178,4739,1994083,6058100
4050,242,248,250936,4733,1994331,5708500
4051,238,257,250698,4714,1994588,5642400
4052,254,210,250444,4758,1994798,5233400
4053,238,234,250206,4762,1995032,5216300
4054,211,235,249995,4738,1995267,5267400
4055,239,218,249756,4759,1995485,5074900
4056,219,216,249537,4762,1995701,5063000
4057,249,211,249288,4800,1995912,5087000
4058,253,242,249035,4811,1996154,5392600
4059,248,216,248787,4843,1996370,4909000
4060,254,241,248533,4856,1996611,4896600
4061,257,257,248276,4856,1996868,5667500
4062,246,249,248030,4853,1997117,5598900
4063,277,241,247753,4889,1997358,5183900
4064,239,240,247514,4888,1997598,5563900
4065,260,252,247254,4896,1997850,5087600
4066,254,229,247000,4921,1998079,4939300
4067,256,228,246744,4949,1998307,5031100
4068,244,265,246500,4928,1998572,5006200
4069,264,254,246236,4938,1998826,5031200
4070,240,222,245996,4956,1999048,4930600
4071,271,251,245725,4976,1999299,4959300
4072,242,269,245483,4949,1999568,5204600
4073,230,223,245253,4956,1999791,4950400
4074,249,258,245004,4947,2000049,4735300
4075,247,252,244757,4942,2000301,5126300
4076,225,251,244532,4916,2000552,5069600
4077,243,238,244289,4921,2000790,5073300
4078,259,248,244030,4932,2001038,6901100
4079,252,232,243778,4952,2001270,5528100
4080,261,270,243517,4943,2001540,5819800
4081,260,247,243257,4956,2001787,5090500
4082,249,238,243008,4967,2002025,5506900
4083,248,263,242760,4952,2002288,5291600
4084,279,234,242481,4997,2002522,5293300
4085,258,278,242223,4977,2002800,5120800
4086,263,263,241960,4977,2003063,5161000
4087,232,220,241728,4989,2003283,5432100
4088,266,242,241462,5013,2003525,5426800
4089,242,275,241220,4980,2003800,5770000
4090,267,227,240953,5020,2004027,6104700
4091,280,258,240673,5042,2004285,5422500
4092,263,248,240410,5057,2004533,5278600
4093,240,255,240170,5042,2004788,5254100
4094,260,276,239910,5026,2005064,5750900
4095,264,230,239646,5060,2005294,5537100
4096,258,256,239388,5062,2005550,5202400
4097,253,282,239135,5033,2005832,5119500
4098,235,280,238900,4988,2006112,5178700
4099,250,265,238650,4973,2006377,4950400
4100,262,232,238388,5003,2006609,4845500
4101,248,248,238140,5003,2006857,5061600
4102,262,251,237878,5014,2007108,5156900
4103,256,211,237622,5059,2007319,4992100
4104,264,278,237358,5045,2007597,5794700
4105,256,250,237102,5051,2007847,5765000
4106,244,258,236858,5037,2008105,5204100
4107,251,237,236607,5051,2008342,5667400
4108,243,279,236364,5015,2008621,5703500
4109,254,245,236110,5024,2008866,5746100
4110,260,254,235850,5030,2009120,5980900
4111,245,231,235605,5044,2009351,5446400
4112,257,268,235348,5033,2009619,5047700
4113,239,264,235109,5008,2009883,4940900
4114,240,261,234869,4987,2010144,4960700
4115,245,275,234624,4957,2010419,4959400
4116,267,249,234357,4975,2010668,5139500
4117,238,255,234119,4958,2010923,5233800
4118,256,240,233863,4974,2011163,5128000
4119,242,261,233621,4955,2011424,5004500
4120,251,240,233370,4966,2011664,5083300
4121,225,214,233145,4977,2011878,4944700
4122,223,229,232922,4971,2012107,4854200
4123,260,227,232662,5004,2012334,4840700
4124,237,224,232425,5017,2012558,4978900
4125,251,239,232174,5029,2012797,5224000
4126,257,245,231917,5041,2013042,5123800
4127,266,248,231651,5059,2013290,5114400
4128,225,248,231426,5036,2013538,5026300
4129,219,261,231207,4994,2013799,4980500
4130,234,264,230973,4964,2014063,4965900
4131,240,239,230733,4965,2014302,4941000
4132,262,241,230471,4986,2014543,5138300
4133,227,265,230244,4948,2014808,5288200
4134,220,258,230024,4910,2015066,5122800
4135,207,254,229817,4863,2015320,5157900
4136,238,255,229579,4846,2015575,5329400
4137,236,237,229343,4845,2015812,5248200
4138,236,272,229107,4809,2016084,5047900
4139,237,232,228870,4814,2016316,5026900
4140,246,220,228624,4840,2016536,5933400
4141,226,224,228398,4842,2016760,6197500
4142,254,249,228144,4847,2017009,5706600
4143,224,261,227920,4810,2017270,5526500
4144,223,245,227697,4788,2017515,5825400
4145,230,249,227467,4769,2017764,6342800
4146,231,243,227236,4757,2018007,5273900
4147,246,241,226990,4762,2018248,5212500
4148,240,235,226750,4767,2018483,5343000
4149,241,229,226509,4779,2018712,5155700
4150,257,240,226252,4796,2018952,5326600
4151,228,255,226024,4769,2019207,5923500
4152,255,242,225769,4782,2019449,5179400
4153,251,227,225518,4806,2019676,5420400
4154,259,253,225259,4812,2019929,5342900
4155,220,265,225039,4767,2020194,5531000
4156,221,239,224818,4749,2020433,6568700
4157,220,224,224598,4745,2020657,6427800
4158,221,272,224377,4694,2020929,6488300
4159,236,230,224141,4700,2021159,5990500
4160,230,246,223911,4684,2021405,5265000
4161,206,232,223705,4658,2021637,5413600
4162,213,249,223492,4622,2021886,5593000
4163,223,234,223269,4611,2022120,5303000
4164,233,245,223036,4599,2022365,5353200
4165,215,215,222821,4599,2022580,5198300
4166,209,184,222612,4624,2022764,5741900
4167,244,239,222368,4629,2023003,5631000
4168,227,215,222141,4641,2023218,6404600
4169,189,194,221952,4636,2023412,6629700
4170,231,192,221721,4675,2023604,6789500
4171,219,219,221502,4675,2023823,5527800
4172,261,224,221241,4712,2024047,6386400
4173,202,223,221039,4691,2024270,6343600
4174,234,210,220805,4715,2024480,6653900
4175,239,253,220566,4701,2024733,6204200
4176,242,258,220324,4685,2024991,7431800
4177,235,209,220089,4711,2025200,7026600
4178,232,232,219857,4711,2025432,6286100
4179,256,225,219601,4742,2025657,7871900
4180,242,230,219359,4754,2025887,6249300
4181,216,235,219143,4735,2026122,5746500
4182,207,223,218936,4719,2026345,6455300
4183,186,232,218750,4673,2026577,6663300
4184,211,221,218539,4663,2026798,5787400
4185,237,212,218302,4688,2027010,6375200
4186,234,224,218068,4698,2027234,6207100
4187,233,237,217835,4694,2027471,5654300
4188,254,239,217581,4709,2027710,5785000
4189,216,228,217365,4697,2027938,5466400
4190,219,240,217146,4676,2028178,5453800
4191,216,229,216930,4663,2028407,6223700
4192,228,260,216702,4631,2028667,5395300
4193,233,242,216469,4622,2028909,6267000
4194,221,219,216248,4624,2029128,5545100
4195,240,222,216008,4642,2029350,5279800
4196,247,251,215761,4638,2029601,5260200
4197,243,246,215518,4635,2029847,5469400
4198,213,228,215305,4620,2030075,6056700
4199,243,232,215062,4631,2030307,5523800
4200,228,246,214834,4613,2030553,6210400
4201,234,211,214600,4636,2030764,5759600
4202,228,251,214372,4613,2031015,6105000
4203,232,225,214140,4620,2031240,6104100
4204,241,212,213899,4649,2031452,5978800
4205,213,222,213686,4640,2031674,5410200
4206,239,245,213447,4634,2031919,5254900
4207,220,234,213227,4620,2032153,5256900
4208,208,220,213019,4608,2032373,5803600
4209,232,229,212787,4611,2032602,5905200
4210,235,244,212552,4602,2032846,6350000
4211,203,243,212349,4562,2033089,6924900
4212,209,224,212140,4547,2033313,5669900
4213,234,227,211906,4554,2033540,5265300
4214,250,212,211656,4592,2033752,4981100
4215,237,213,211419,4616,2033965,5433900
4216,239,228,211180,4627,2034193,5577800
4217,221,239,210959,4609,2034432,5708100
4218,220,215,210739,4614,2034647,5360000
4219,228,237,210511,4605,2034884,6346400
4220,230,228,210281,4607,2035112,6126500
4221,250,233,210031,4624,2035345,5994700
4222,241,244,209790,4621,2035589,5532600
4223,229,240,209561,4610,2035829,6439600
4224,221,228,209340,4603,2036057,6879500
4225,233,224,209107,4612,2036281,5467700
4226,232,240,208875,4604,2036521,6595200
4227,236,205,208639,4635,2036726,5743100
4228,217,240,208422,4612,2036966,5261300
4229,263,229,208159,4646,2037195,6225300
4230,252,234,207907,4664,2037429,5134700
4231,237,242,207670,4659,2037671,5034400
4232,242,228,207428,4673,2037899,5911600
4233,227,245,207201,4655,2038144,5508600
4234,235,237,206966,4653,2038381,5693600
4235,238,222,206728,4669,2038603,5319800
4236,230,247,206498,4652,2038850,5938700
4237,201,226,206297,4627,2039076,5130400
4238,221,221,206076,4627,2039297,5277700
4239,235,232,205841,4630,2039529,5851600
4240,245,236,205596,4639,2039765,5314000
4241,222,226,205374,4635,2039991,5281600
4242,211,229,205163,4617,2040220,5035600
4243,212,236,204951,4593,2040456,5086900
4244,239,225,204712,4607,2040681,5239800
4245,229,248,204483,4588,2040929,5118100
4246,218,227,204265,4579,2041156,5201800
4247,200,222,204065,4557,2041378,5375100
4248,204,229,203861,4532,2041607,5219400
4249,226,216,203635,4542,2041823,5405400
4250,229,211,203406,4560,2042034,5272100
4251,225,221,203181,4564,2042255,4990900
4252,205,210,202976,4559,2042465,5017500
4253,192,243,202784,4508,2042708,4962400
4254,216,219,202568,4505,2042927,5095600
4255,244,231,202324,4518,2043158,5586400
4256,245,229,202079,4534,2043387,4975600
4257,227,241,201852,4520,2043628,4969600
4258,228,239,201624,4509,2043867,5024000
4259,221,215,201403,4515,2044082,5511100
4260,234,250,201169,4499,2044332,5277200
4261,203,218,200966,4484,2044550,5180800
4262,235,241,200731,4478,2044791,5103200
4263,216,233,200515,4461,2045024,4996700
4264,195,239,200320,4417,2045263,5617300
4265,223,224,200097,4416,2045487,5240300
4266,209,207,199888,4418,2045694,5306800
4267,224,218,199664,4424,2045912,5581200
4268,229,226,199435,4427,2046138,4839000
4269,200,219,199235,4408,2046357,5338000
4270,222,219,199013,4411,2046576,5392800
4271,204,239,198809,4376,2046815,5180500
4272,196,233,198613,4339,2047048,4961300
4273,190,199,198423,4330,2047247,5185800
4274,213,216,198210,4327,2047463,5063200
4275,204,198,198006,4333,2047661,4956100
4276,217,201,197789,4349,2047862,4994000
4277,213,226,197576,4336,2048088,5656000
4278,220,215,197356,4341,2048303,5220500
4279,218,197,197138,4362,2048500,5063100
4280,216,212,196922,4366,2048712,5127900
4281,206,187,196716,4385,2048899,5353100
4282,199,227,196517,4357,2049126,5093400
4283,214,245,196303,4326,2049371,6013300
4284,225,214,196078,4337,2049585,5712400
4285,203,216,195875,4324,2049801,6154300
4286,189,204,195686,4309,2050005,6214700
4287,206,211,195480,4304,2050216,6084000
4288,210,188,195270,4326,2050404,6051600
4289,214,211,195056,4329,2050615,5327300
4290,217,234,194839,4312,2050849,5432200
4291,198,206,194641,4304,2051055,5243200
4292,205,224,194436,4285,2051279,5379900
4293,193,218,194243,4260,2051497,5748500
4294,242,238,194001,4264,2051735,5211200
4295,212,224,193789,4252,2051959,5364100
4296,228,213,193561,4267,2052172,4995200
4297,218,234,193343,4251,2052406,5173000
4298,227,201,193116,4277,2052607,5232200
4299,224,228,192892,4273,2052835,5458100
4300,223,230,192669,4266,2053065,5298100
4301,227,182,192442,4311,2053247,5392300
4302,227,237,192215,4301,2053484,5159300
4303,233,185,191982,4349,2053669,5102300
4304,239,227,191743,4361,2053896,5163800
4305,225,231,191518,4355,2054127,5060800
4306,233,210,191285,4378,2054337,4969000
4307,211,186,191074,4403,2054523,4988500
4308,237,224,190837,4416,2054747,5049500
4309,260,212,190577,4464,2054959,5603900
4310,236,219,190341,4481,2055178,5029300
4311,234,223,190107,4492,2055401,5517100
4312,247,219,189860,4520,2055620,5246800
4313,240,204,189620,4556,2055824,5041000
4314,257,224,189363,4589,2056048,5543400
4315,238,227,189125,4600,2056275,4978800
4316,242,228,188883,4614,2056503,4938900
4317,238,220,188645,4632,2056723,4999200
4318,219,210,188426,4641,2056933,6222400
4319,257,232,188169,4666,2057165,6262900
4320,234,222,187935,4678,2057387,5483700
4321,231,225,187704,4684,2057612,5417300
4322,242,240,187462,4686,2057852,5629000
4323,232,244,187230,4674,2058096,5450400
4324,245,237,186985,4682,2058333,5698600
4325,237,208,186748,4711,2058541,5393700
4326,224,238,186524,4697,2058779,6103700
4327,236,251,186288,4682,2059030,5795600
4328,263,244,186025,4701,2059274,5222500
4329,239,238,185786,4702,2059512,5122400
4330,228,226,185558,4704,2059738,5447000
4331,245,224,185313,4725,2059962,5544500
4332,255,240,185058,4740,2060202,5539400
4333,246,246,184812,4740,2060448,5182100
4334,245,242,184567,4743,2060690,5167200
4335,268,237,184299,4774,2060927,5159300
4336,238,256,184061,4756,2061183,5771400
4337,240,252,183821,4744,2061435,5124700
4338,250,255,183571,4739,2061690,5091800
4339,246,213,183325,4772,2061903,5187800
4340,222,251,183103,4743,2062154,5293500
4341,242,227,182861,4758,2062381,5200200
4342,221,225,182640,4754,2062606,5144100
4343,223,270,182417,4707,2062876,5563000
4344,228,237,182189,4698,2063113,5239300
4345,232,239,181957,4691,2063352,5859500
4346,238,234,181719,4695,2063586,5122600
4347,184,222,181535,4657,2063808,5000100
4348,222,220,181313,4659,2064028,4924200
4349,231,219,181082,4671,2064247,4984500
4350,225,239,180857,4657,2064486,4807800
4351,212,266,180645,4603,2064752,4796100
4352,211,221,180434,4593,2064973,5091000
4353,233,233,180201,4593,2065206,4930800
4354,225,220,179976,4598,2065426,4750900
4355,214,219,179762,4593,2065645,5223500
4356,241,246,179521,4588,2065891,4739800
4357,213,201,179308,4600,2066092,4715900
4358,216,228,179092,4588,2066320,4912400
4359,224,203,178868,4609,2066523,4674600
4360,207,211,178661,4605,2066734,4776400
4361,212,253,178449,4564,2066987,4697800
4362,239,205,178210,4598,2067192,4857100
4363,174,237,178036,4535,2067429,4628700
4364,222,219,177814,4538,2067648,5321300
4365,239,239,177575,4538,2067887,4980800
4366,234,219,177341,4553,2068106,4775600
4367,215,220,177126,4548,2068326,4762000
4368,227,267,176899,4508,2068593,4696900
4369,215,233,176684,4490,2068826,4887700
4370,210,255,176474,4445,2069081,4689800
4371,224,226,176250,4443,2069307,4760400
4372,204,222,176046,4425,2069529,4699200
4373,215,235,175831,4405,2069764,4713300
4374,212,211,175619,4406,2069975,5745100
4375,219,207,175400,4418,2070182,5598800
4376,194,217,175206,4395,2070399,5141800
4377,205,213,175001,4387,2070612,4908300
4378,221,189,174780,4419,2070801,4975400
4379,217,233,174563,4403,2071034,4839000
4380,226,209,174337,4420,2071243,4826900
4381,206,197,174131,4429,2071440,5110100
4382,196,217,173935,4408,2071657,5178300
4383,187,204,173748,4391,2071861,6964400
4384,177,227,173571,4341,2072088,5985400
4385,202,217,173369,4326,2072305,5293100
4386,202,230,173167,4298,2072535,5671000
4387,206,195,172961,4309,2072730,10850000
4388,228,220,172733,4317,2072950,8748900
4389,211,207,172522,4321,2073157,7442100
4390,211,191,172311,4341,2073348,7664100
4391,223,206,172088,4358,2073554,6724700
4392,213,209,171875,4362,2073763,6089300
4393,220,219,171655,4363,2073982,5715800
4394,223,216,171432,4370,2074198,4950900
4395,191,237,171241,4324,2074435,5057100
4396,207,201,171034,4330,2074636,5614600
4397,200,213,170834,4317,2074849,6221700
4398,216,209,170618,4324,2075058,5281300
4399,212,213,170406,4323,2075271,5059700
4400,202,217,170204,4308,2075488,5419300
4401,229,202,169975,4335,2075690,5482800
4402,209,227,169766,4317,2075917,5879000
4403,231,225,169535,4323,2076142,5144000
4404,249,217,169286,4355,2076359,5705200
4405,230,213,169056,4372,2076572,5250800
4406,220,201,168836,4391,2076773,5519900
4407,247,218,168589,4420,2076991,5131800
4408,232,243,168357,4409,2077234,5263000
4409,214,215,168143,4408,2077449,5322000
4410,206,211,167937,4403,2077660,5071200
4411,246,219,167691,4430,2077879,5095300
4412,204,214,167487,4420,2078093,6210800
4413,238,216,167249,4442,2078309,4957400
4414,235,205,167014,4472,2078514,4751500
4415,219,213,166795,4478,2078727,4705900
4416,215,231,166580,4462,2078958,4646700
4417,207,223,166373,4446,2079181,4567600
4418,218,269,166155,4395,2079450,4804300
4419,224,200,165931,4419,2079650,4837000
4420,220,220,165711,4419,2079870,4915900
4421,211,251,165500,4379,2080121,4778800
4422,238,221,165262,4396,2080342,5230000
4423,216,206,165046,4406,2080548,4973300
4424,198,231,164848,4373,2080779,5399400
4425,199,206,164649,4366,2080985,4847200
4426,204,251,164445,4319,2081236,4779500
4427,191,203,164254,4307,2081439,4891300
4428,213,213,164041,4307,2081652,4985100
4429,184,210,163857,4281,2081862,5203400
4430,210,221,163647,4270,2082083,5198100
4431,222,220,163425,4272,2082303,5383700
4432,216,205,163209,4283,2082508,4864700
4433,213,224,162996,4272,2082732,4939300
4434,230,226,162766,4276,2082958,5017600
4435,189,210,162577,4255,2083168,5328800
4436,203,197,162374,4261,2083365,4902900
4437,220,196,162154,4285,2083561,4842700
4438,207,220,161947,4272,2083781,4832200
4439,217,216,161730,4273,2083997,5030100
4440,214,233,161516,4254,2084230,4785700
4441,200,226,161316,4228,2084456,4811300
4442,203,217,161113,4214,2084673,4891400
4443,207,219,160906,4202,2084892,5280400
4444,216,205,160690,4213,2085097,5438700
4445,196,220,160494,4189,2085317,5312400
4446,210,208,160284,4191,2085525,5193300
4447,241,207,160043,4225,2085732,5057100
4448,205,224,159838,4206,2085956,5290000
4449,213,200,159625,4219,2086156,5566500
4450,199,187,159426,4231,2086343,5703700
4451,215,232,159211,4214,2086575,5401200
4452,192,223,159019,4183,2086798,6542600
4453,191,227,158828,4147,2087025,6385800
4454,199,227,158629,4119,2087252,10151800
4455,209,200,158420,4128,2087452,5676700
4456,201,208,158219,4121,2087660,5525200
4457,213,206,158006,4128,2087866,5754600
4458,222,225,157784,4125,2088091,7041400
4459,217,200,157567,4142,2088291,6962300
4460,217,234,157350,4125,2088525,5651000
4461,207,213,157143,4119,2088738,5797500
4462,190,221,156953,4088,2088959,5668300
4463,202,211,156751,4079,2089170,5738200
4464,203,208,156548,4074,2089378,7399700
4465,193,211,156355,4056,2089589,5995300
4466,207,202,156148,4061,2089791,5584800
4467,189,221,155959,4029,2090012,5948600
4468,193,217,155766,4005,2090229,5544800
4469,193,195,155573,4003,2090424,6093000
4470,203,181,155370,4025,2090605,6593300
4471,208,210,155162,4023,2090815,6207100
4472,189,208,154973,4004,2091023,5857600
4473,193,207,154780,3990,2091230,5896300
4474,219,196,154561,4013,2091426,6627400
4475,186,202,154375,3997,2091628,6914200
4476,171,196,154204,3972,2091824,6116100
4477,213,191,153991,3994,2092015,6371600
4478,206,208,153785,3992,2092223,5507200
4479,150,200,153635,3942,2092423,5761800
4480,196,201,153439,3937,2092624,5718800
4481,195,192,153244,3940,2092816,5905500
4482,169,198,153075,3911,2093014,5516500
4483,192,200,152883,3903,2093214,5086700
4484,165,196,152718,3872,2093410,5334200
4485,190,179,152528,3883,2093589,5558400
4486,191,191,152337,3883,2093780,4809800
4487,190,197,152147,3876,2093977,5197800
4488,194,213,151953,3857,2094190,4697200
4489,223,205,151730,3875,2094395,4706200
4490,175,210,151555,3840,2094605,4693300
4491,174,199,151381,3815,2094804,4640900
4492,209,195,151172,3829,2094999,4651300
4493,191,161,150981,3859,2095160,4816400
4494,208,193,150773,3874,2095353,4921700
4495,214,217,150559,3871,2095570,4693000
4496,176,179,150383,3868,2095749,5279000
4497,204,189,150179,3883,2095938,4834300
4498,222,217,149957,3888,2096155,4714600
4499,207,186,149750,3909,2096341,4625700
4500,221,195,149529,3935,2096536,4963900
4501,212,218,149317,3929,2096754,4942200
4502,222,195,149095,3956,2096949,4856600
4503,224,193,148871,3987,2097142,4807400
4504,185,181,148686,3991,2097323,4720200
4505,206,207,148480,3990,2097530,4986800
4506,197,183,148283,4004,2097713,5211400
4507,203,205,148080,4002,2097918,5850800
4508,211,204,147869,4009,2098122,5971400
4509,227,197,147642,4039,2098319,5908100
4510,203,208,147439,4034,2098527,5152900
4511,214,174,147225,4074,2098701,5079400
4512,175,197,147050,4052,2098898,5212800
4513,206,204,146844,4054,2099102,5138900
4514,202,235,146642,4021,2099337,5294700
4515,228,182,146414,4067,2099519,4956600
4516,209,213,146205,4063,2099732,4898500
4517,217,188,145988,4092,2099920,5780800
4518,228,208,145760,4112,2100128,5259000
4519,194,197,145566,4109,2100325,5155200
4520,210,224,145356,4095,2100549,5300200
4521,200,205,145156,4090,2100754,5879500
4522,186,209,144970,4067,2100963,5295500
4523,190,213,144780,4044,2101176,5053700
4524,212,235,144568,4021,2101411,5395400
4525,208,178,144360,4051,2101589,5301200
4526,213,207,144147,4057,2101796,5216000
4527,206,193,143941,4070,2101989,5412700
4528,209,192,143732,4087,2102181,5059900
4529,206,188,143526,4105,2102369,4923600
4530,189,209,143337,4085,2102578,5179900
4531,198,214,143139,4069,2102792,5131600
4532,200,181,142939,4088,2102973,5251700
4533,190,217,142749,4061,2103190,5309400
4534,168,215,142581,4014,2103405,5291700
4535,186,206,142395,3994,2103611,5701000
4536,182,192,142213,3984,2103803,5263700
4537,202,186,142011,4000,2103989,4990200
4538,179,216,141832,3963,2104205,4777500
4539,203,188,141629,3978,2104393,4958700
4540,171,190,141458,3959,2104583,4989200
4541,214,216,141244,3957,2104799,5054500
4542,205,197,141039,3965,2104996,4914200
4543,199,203,140840,3961,2105199,5182200
4544,204,203,140636,3962,2105402,4880900
4545,187,178,140449,3971,2105580,4963600
4546,201,203,140248,3969,2105783,5343000
4547,194,186,140054,3977,2105969,5314800
4548,202,202,139852,3977,2106171,5354100
4549,207,227,139645,3957,2106398,5960700
4550,199,202,139446,3954,2106600,5082400
4551,202,212,139244,3944,2106812,5042900
4552,205,199,139039,3950,2107011,4848100
4553,197,202,138842,3945,2107213,4731600
4554,197,201,138645,3941,2107414,4905700
4555,181,191,138464,3931,2107605,5069700
4556,189,203,138275,3917,2107808,4875600
4557,186,194,138089,3909,2108002,5345900
4558,189,186,137900,3912,2108188,5179500
4559,184,168,137716,3928,2108356,5726500
4560,199,206,137517,3921,2108562,4982500
4561,183,185,137334,3919,2108747,4947200
4562,179,206,137155,3892,2108953,5008000
4563,178,210,136977,3860,2109163,5279500
4564,200,204,136777,3856,2109367,5137600
4565,206,193,136571,3869,2109560,5408400
4566,190,191,136381,3868,2109751,4832200
4567,206,173,136175,3901,2109924,4858600
4568,172,194,136003,3879,2110118,4721200
4569,196,194,135807,3881,2110312,4780900
4570,211,187,135596,3905,2110499,4979400
4571,180,191,135416,3894,2110690,4802200
4572,198,190,135218,3902,2110880,4863900
4573,188,185,135030,3905,2111065,4955500
4574,168,160,134862,3913,2111225,4940600
4575,211,233,134651,3891,2111458,4886600
4576,186,199,134465,3878,2111657,5515800
4577,200,191,134265,3887,2111848,4949300
4578,212,209,134053,3890,2112057,4815100
4579,192,187,133861,3895,2112244,4728200
4580,189,183,133672,3901,2112427,4723500
4581,187,184,133485,3904,2112611,4742900
4582,193,169,133292,3928,2112780,4810500
4583,207,205,133085,3930,2112985,4705000
4584,195,177,132890,3948,2113162,4858900
4585,182,202,132708,3928,2113364,5290000
4586,181,194,132527,3915,2113558,5523000
4587,175,166,132352,3924,2113724,5005300
4588,193,207,132159,3910,2113931,4888600
4589,179,212,131980,3877,2114143,4791900
4590,203,186,131777,3894,2114329,4908100
4591,202,188,131575,3908,2114517,4872400
4592,192,204,131383,3896,2114721,4813800
4593,201,191,131182,3906,2114912,4696400
4594,203,188,130979,3921,2115100,4636400
4595,189,189,130790,3921,2115289,4775000
4596,197,204,130593,3914,2115493,4677200
4597,173,178,130420,3909,2115671,4626500
4598,195,179,130225,3925,2115850,4677400
4599,202,199,130023,3928,2116049,4711900
4600,198,210,129825,3916,2116259,4702000
4601,179,183,129646,3912,2116442,4721000
4602,195,204,129451,3903,2116646,4660800
4603,177,197,129274,3883,2116843,4620800
4604,185,188,129089,3880,2117031,4971200
4605,197,209,128892,3868,2117240,4756200
4606,192,219,128700,3841,2117459,4563700
4607,193,217,128507,3817,2117676,4613700
4608,196,167,128311,3846,2117843,4750900
4609,176,179,128135,3843,2118022,4792200
4610,209,205,127926,3847,2118227,4696000
4611,202,226,127724,3823,2118453,4547500
4612,223,184,127501,3862,2118637,4811500
4613,214,198,127287,3878,2118835,4709800
4614,194,181,127093,3891,2119016,4706700
4615,199,186,126894,3904,2119202,4645300
4616,177,168,126717,3913,2119370,4594500
4617,187,180,126530,3920,2119550,4464300
4618,193,180,126337,3933,2119730,4686600
4619,194,184,126143,3943,2119914,4594800
4620,183,183,125960,3943,2120097,4645800
4621,183,194,125777,3932,2120291,4798300
4622,176,185,125601,3923,2120476,4896900
4623,165,214,125436,3874,2120690,4854800
4624,181,169,125255,3886,2120859,4757400
4625,163,190,125092,3859,2121049,4673400
4626,185,190,124907,3854,2121239,4481800
4627,190,220,124717,3824,2121459,4643600
4628,186,215,124531,3795,2121674,4760100
4629,193,194,124338,3794,2121868,4801200
4630,186,190,124152,3790,2122058,4617400
4631,186,219,123966,3757,2122277,4817600
4632,161,170,123805,3748,2122447,4619800
4633,181,193,123624,3736,2122640,4479900
4634,188,184,123436,3740,2122824,4610000
4635,175,200,123261,3715,2123024,4701200
4636,194,200,123067,3709,2123224,4532200
4637,166,198,122901,3677,2123422,4621600
4638,168,172,122733,3673,2123594,4639500
4639,171,168,122562,3676,2123762,4701100
4640,181,179,122381,3678,2123941,4571100
4641,191,174,122190,3695,2124115,4880600
4642,176,196,122014,3675,2124311,4732700
4643,169,176,121845,3668,2124487,4784500
4644,168,194,121677,3642,2124681,4503800
4645,196,194,121481,3644,2124875,4829100
4646,173,187,121308,3630,2125062,4539600
4647,192,171,121116,3651,2125233,4763200
4648,179,164,120937,3666,2125397,4529600
4649,174,191,120763,3649,2125588,4536100
4650,170,169,120593,3650,2125757,4504400
4651,194,198,120399,3646,2125955,4474800
4652,206,195,120193,3657,2126150,4871300
4653,162,200,120031,3619,2126350,4702300
4654,184,185,119847,3618,2126535,4735200
4655,201,192,119646,3627,2126727,4701000
4656,203,161,119443,3669,2126888,4693700
4657,214,195,119229,3688,2127083,4694300
4658,192,176,119037,3704,2127259,4822200
4659,204,175,118833,3733,2127434,4653200
4660,183,183,118650,3733,2127617,4665400
4661,199,180,118451,3752,2127797,4711700
4662,193,184,118258,3761,2127981,4985500
4663,189,187,118069,3763,2128168,4482500
4664,185,176,117884,3772,2128344,4732000
4665,184,196,117700,3760,2128540,4664600
4666,186,207,117514,3739,2128747,4704700
4667,176,196,117338,3719,2128943,4593700
4668,179,181,117159,3717,2129124,4859900
4669,195,173,116964,3739,2129297,4897000
4670,175,193,116789,3721,2129490,5000300
4671,175,186,116614,3710,2129676,4818500
4672,184,189,116430,3705,2129865,5153700
4673,185,192,116245,3698,2130057,4777300
4674,195,189,116050,3704,2130246,5260800
4675,190,189,115860,3705,2130435,5023900
4676,178,188,115682,3695,2130623,4778200
4677,188,184,115494,3699,2130807,4948700
4678,176,206,115318,3669,2131013,4749900
4679,181,201,115137,3649,2131214,4631500
4680,183,199,114954,3633,2131413,4605800
4681,188,163,114766,3658,2131576,4610500
4682,206,193,114560,3671,2131769,4784200
4683,191,187,114369,3675,2131956,4536900
4684,190,199,114179,3666,2132155,4785600
4685,187,188,113992,3665,2132343,4810400
4686,193,172,113799,3686,2132515,4681700
4687,172,184,113627,3674,2132699,4712600
4688,162,171,113465,3665,2132870,4592400
4689,174,178,113291,3661,2133048,4594100
4690,172,188,113119,3645,2133236,4723800
4691,164,162,112955,3647,2133398,4722000
4692,153,183,112802,3617,2133581,4612500
4693,170,194,112632,3593,2133775,4626100
4694,175,180,112457,3588,2133955,4613200
4695,194,159,112263,3623,2134114,4635500
4696,169,173,112094,3619,2134287,4532500
4697,171,181,111923,3609,2134468,4599300
4698,175,191,111748,3593,2134659,4672600
4699,176,178,111572,3591,2134837,4974700
4700,201,195,111371,3597,2135032,4580200
4701,162,187,111209,3572,2135219,4625100
4702,159,175,111050,3556,2135394,4648700
4703,191,174,110859,3573,2135568,4668900
4704,162,159,110697,3576,2135727,4738400
4705,180,180,110517,3576,2135907,4643000
4706,193,170,110324,3599,2136077,4585600
4707,166,191,110158,3574,2136268,4727700
4708,194,197,109964,3571,2136465,4657000
4709,162,192,109802,3541,2136657,4652600
4710,181,207,109621,3515,2136864,4840900
4711,187,168,109434,3534,2137032,4691500
4712,182,155,109252,3561,2137187,4843400
4713,194,173,109058,3582,2137360,4735900
4714,186,175,108872,3593,2137535,4987100
4715,183,176,108689,3600,2137711,4781500
4716,177,199,108512,3578,2137910,4735700
4717,189,202,108323,3565,2138112,4620900
4718,175,188,108148,3552,2138300,4592600
4719,195,169,107953,3578,2138469,4637000
4720,218,184,107735,3612,2138653,4742000
4721,174,179,107561,3607,2138832,4858600
4722,163,191,107398,3579,2139023,4630200
4723,159,194,107239,3544,2139217,4638800
4724,174,185,107065,3533,2139402,4718900
4725,176,184,106889,3525,2139586,4700900
4726,170,188,106719,3507,2139774,4739100
4727,185,185,106534,3507,2139959,4750300
4728,179,180,106355,3506,2140139,4784700
4729,177,201,106178,3482,2140340,4828000
4730,177,177,106001,3482,2140517,4918800
4731,166,160,105835,3488,2140677,4725700
4732,175,178,105660,3485,2140855,4634200
4733,172,159,105488,3498,2141014,4825500
4734,160,171,105328,3487,2141185,4710400
4735,179,199,105149,3467,2141384,4706900
4736,184,175,104965,3476,2141559,4782500
4737,153,164,104812,3465,2141723,4770400
4738,168,170,104644,3463,2141893,4600900
4739,183,166,104461,3480,2142059,4657800
4740,147,161,104314,3466,2142220,4910000
4741,163,161,104151,3468,2142381,4791400
4742,189,140,103962,3517,2142521,4747200
4743,201,177,103761,3541,2142698,4636400
4744,177,161,103584,3557,2142859,4643200
4745,195,164,103389,3588,2143023,4668000
4746,175,180,103214,3583,2143203,4816000
4747,180,162,103034,3601,2143365,4959400
4748,170,190,102864,3581,2143555,5135200
4749,154,155,102710,3580,2143710,4829700
4750,163,177,102547,3566,2143887,4672700
4751,169,191,102378,3544,2144078,4872400
4752,172,174,102206,3542,2144252,5085100
4753,194,143,102012,3593,2144395,4998700
4754,159,178,101853,3574,2144573,5273800
4755,156,168,101697,3562,2144741,5000100
4756,160,188,101537,3534,2144929,4982500
4757,174,178,101363,3530,2145107,5036300
4758,165,168,101198,3527,2145275,5274400
4759,197,181,101001,3543,2145456,5226300
4760,182,182,100819,3543,2145638,5010900
4761,171,171,100648,3543,2145809,5715100
4762,181,173,100467,3551,2145982,5100700
4763,172,153,100295,3570,2146135,5089100
4764,189,186,100106,3573,2146321,5270800
4765,172,205,99934,3540,2146526,4983200
4766,179,154,99755,3565,2146680,4919900
4767,179,196,99576,3548,2146876,4831400
4768,177,179,99399,3546,2147055,4778800
4769,177,174,99222,3549,2147229,4657500
4770,186,178,99036,3557,2147407,4484700
4771,197,181,98839,3573,2147588,4719800
4772,191,154,98648,3610,2147742,4954700
4773,166,203,98482,3573,2147945,4944500
4774,185,178,98297,3580,2148123,4895900
4775,174,166,98123,3588,2148289,4824000
4776,170,213,97953,3545,2148502,5021100
4777,164,179,97789,3530,2148681,5032300
4778,169,190,97620,3509,2148871,4993700
4779,189,180,97431,3518,2149051,4945900
4780,192,182,97239,3528,2149233,4965700
4781,186,174,97053,3540,2149407,4939700
4782,199,170,96854,3569,2149577,5026300
4783,181,187,96673,3563,2149764,4890600
4784,197,199,96476,3561,2149963,5089900
4785,174,194,96302,3541,2150157,4921000
4786,181,189,96121,3533,2150346,5118000
4787,183,204,95938,3512,2150550,5013100
4788,185,186,95753,3511,2150736,4920900
4789,181,165,95572,3527,2150901,5126800
4790,179,168,95393,3538,2151069,4966700
4791,181,179,95212,3540,2151248,5065700
4792,192,169,95020,3563,2151417,5093300
4793,193,184,94827,3572,2151601,5214300
4794,201,181,94626,3592,2151782,5141500
4795,176,176,94450,3592,2151958,5054200
4796,190,159,94260,3623,2152117,4951100
4797,183,158,94077,3648,2152275,4936700
4798,191,186,93886,3653,2152461,4734900
4799,198,196,93688,3655,2152657,4990400
4800,206,158,93482,3703,2152815,4964100
4801,175,193,93307,3685,2153008,5023800
4802,191,186,93116,3690,2153194,5242800
4803,183,177,92933,3696,2153371,5016100
4804,188,188,92745,3696,2153559,4998000
4805,194,160,92551,3730,2153719,5209500
4806,204,178,92347,3756,2153897,5251900
4807,158,191,92189,3723,2154088,5060900
4808,166,172,92023,3717,2154260,5196200
4809,163,191,91860,3689,2154451,5109400
4810,178,190,91682,3677,2154641,5066900
4811,184,184,91498,3677,2154825,5054800
4812,171,170,91327,3678,2154995,5004400
4813,170,180,91157,3668,2155175,5010200
4814,181,158,90976,3691,2155333,5167300
4815,175,179,90801,3687,2155512,4885400
4816,172,182,90629,3677,2155694,4686100
4817,182,180,90447,3679,2155874,4748600
4818,186,164,90261,3701,2156038,4676200
4819,173,193,90088,3681,2156231,4640200
4820,199,157,89889,3723,2156388,4884600
4821,203,184,89686,3742,2156572,4712900
4822,185,160,89501,3767,2156732,4621400
4823,198,211,89303,3754,2156943,4734900
4824,191,179,89112,3766,2157122,4712800
4825,182,206,88930,3742,2157328,4639000
4826,164,193,88766,3713,2157521,4552400
4827,159,203,88607,3669,2157724,4641700
4828,163,167,88444,3665,2157891,4804700
4829,190,181,88254,3674,2158072,4632900
4830,177,185,88077,3666,2158257,4581500
4831,172,178,87905,3660,2158435,4685400
4832,181,171,87724,3670,2158606,4518000
4833,170,178,87554,3662,2158784,4597400
4834,187,205,87367,3644,2158989,4935900
4835,178,185,87189,3637,2159174,4895200
4836,162,189,87027,3610,2159363,4684700
4837,160,177,86867,3593,2159540,4804400
4838,150,170,86717,3573,2159710,4684500
4839,161,158,86556,3576,2159868,4571200
4840,165,186,86391,3555,2160054,4642600
4841,171,185,86220,3541,2160239,4781900
4842,180,156,86040,3565,2160395,4488800
4843,195,182,85845,3578,2160577,4584700
4844,168,160,85677,3586,2160737,4695000
4845,163,200,85514,3549,2160937,4551300
4846,174,188,85340,3535,2161125,4584500
4847,172,161,85168,3546,2161286,4985900
4848,178,186,84990,3538,2161472,4727900
4849,152,202,84838,3488,2161674,4702900
4850,158,170,84680,3476,2161844,4769900
4851,161,179,84519,3458,2162023,4669700
4852,155,169,84364,3444,2162192,4762000
4853,167,178,84197,3433,2162370,4670000
4854,162,178,84035,3417,2162548,4614800
4855,179,172,83856,3424,2162720,4572000
4856,161,165,83695,3420,2162885,4610700
4857,140,172,83555,3388,2163057,4489500
4858,146,198,83409,3336,2163255,4639100
4859,160,195,83249,3301,2163450,4410900
4860,167,147,83082,3321,2163597,4598800
4861,182,157,82900,3346,2163754,4668500
4862,163,172,82737,3337,2163926,4547500
4863,168,161,82569,3344,2164087,4636800
4864,170,173,82399,3341,2164260,4722800
4865,145,162,82254,3324,2164422,4595900
4866,160,150,82094,3334,2164572,4606700
4867,174,155,81920,3353,2164727,4501500
4868,162,192,81758,3323,2164919,4600400
4869,175,173,81583,3325,2165092,4603800
4870,167,173,81416,3319,2165265,5421200
4871,162,194,81254,3287,2165459,4693300
4872,156,186,81098,3257,2165645,4587900
4873,153,185,80945,3225,2165830,4846100
4874,170,171,80775,3224,2166001,4602200
4875,189,147,80586,3266,2166148,4584100
4876,159,170,80427,3255,2166318,4742300
4877,134,168,80293,3221,2166486,5461000
4878,158,161,80135,3218,2166647,4885600
4879,160,163,79975,3215,2166810,4734600
4880,168,179,79807,3204,2166989,5073300
4881,150,165,79657,3189,2167154,4858900
4882,155,172,79502,3172,2167326,4664600
4883,184,146,79318,3210,2167472,5043200
4884,145,169,79173,3186,2167641,5155200
4885,174,134,78999,3226,2167775,4700200
4886,183,176,78816,3233,2167951,4705500
4887,182,149,78634,3266,2168100,4631100
4888,147,174,78487,3239,2168274,4616300
4889,168,151,78319,3256,2168425,4507100
4890,161,141,78158,3276,2168566,4754300
4891,147,184,78011,3239,2168750,4529200
4892,144,181,77867,3202,2168931,4599600
4893,146,190,77721,3158,2169121,4688600
4894,144,162,77577,3140,2169283,4680700
4895,150,153,77427,3137,2169436,4481900
4896,157,152,77270,3142,2169588,4854300
4897,151,156,77119,3137,2169744,4509000
4898,142,149,76977,3130,2169893,4762200
4899,135,159,76842,3106,2170052,4707000
4900,155,157,76687,3104,2170209,4676300
4901,129,154,76558,3079,2170363,4576700
4902,158,140,76400,3097,2170503,4437400
4903,129,141,76271,3085,2170644,4623100
4904,138,173,76133,3050,2170817,4818200
4905,148,134,75985,3064,2170951,4867200
4906,149,146,75836,3067,2171097,4786300
4907,153,159,75683,3061,2171256,4572100
4908,130,146,75553,3045,2171402,4754100
4909,148,168,75405,3025,2171570,4589600
4910,150,149,75255,3026,2171719,5161200
4911,143,147,75112,3022,2171866,4881600
4912,133,135,74979,3020,2172001,4946800
4913,120,136,74859,3004,2172137,4934100
4914,142,158,74717,2988,2172295,4892700
4915,130,156,74587,2962,2172451,4929400
4916,150,145,74437,2967,2172596,5280000
4917,125,156,74312,2936,2172752,5059200
4918,124,177,74188,2883,2172929,4964000
4919,115,154,74073,2844,2173083,5199800
4920,132,147,73941,2829,2173230,4943600
4921,124,147,73817,2806,2173377,5008800
4922,135,135,73682,2806,2173512,5158300
4923,135,163,73547,2778,2173675,6130100
4924,132,144,73415,2766,2173819,5180300
4925,126,150,73289,2742,2173969,5116200
4926,116,142,73173,2716,2174111,4991900
4927,129,130,73044,2715,2174241,5104200
4928,135,143,72909,2707,2174384,5364000
4929,139,128,72770,2718,2174512,5137400
4930,132,141,72638,2709,2174653,5067800
4931,138,137,72500,2710,2174790,5565900
4932,133,134,72367,2709,2174924,6041000
4933,125,138,72242,2696,2175062,5081900
4934,135,123,72107,2708,2175185,5119400
4935,141,160,71966,2689,2175345,5552200
4936,123,134,71843,2678,2175479,5258800
4937,127,129,71716,2676,2175608,5260600
4938,137,135,71579,2678,2175743,5113200
4939,134,128,71445,2684,2175871,5391500
4940,121,115,71324,2690,2175986,5062500
4941,146,145,71178,2691,2176131,5254200
4942,127,124,71051,2694,2176255,5263600
4943,142,137,70909,2699,2176392,5106300
4944,133,125,70776,2707,2176517,5286700
4945,133,138,70643,2702,2176655,5250300
4946,147,119,70496,2730,2176774,5055100
4947,141,116,70355,2755,2176890,5254500
4948,148,147,70207,2756,2177037,5349900
4949,132,135,70075,2753,2177172,5185700
4950,125,138,69950,2740,2177310,5179000
4951,128,119,69822,2749,2177429,5264200
4952,130,135,69692,2744,2177564,5127400
4953,141,136,69551,2749,2177700,5166900
4954,118,138,69433,2729,2177838,5087300
4955,125,131,69308,2723,2177969,5056100
4956,140,151,69168,2712,2178120,5170000
4957,133,136,69035,2709,2178256,5087800
4958,116,122,68919,2703,2178378,5155100
4959,128,132,68791,2699,2178510,4965500
4960,145,133,68646,2711,2178643,4921000
4961,127,141,68519,2697,2178784,4956700
4962,125,138,68394,2684,2178922,5046200
4963,128,128,68266,2684,2179050,5071100
4964,119,143,68147,2660,2179193,5058500
4965,116,139,68031,2637,2179332,5068700
4966,115,142,67916,2610,2179474,4853800
4967,119,143,67797,2586,2179617,5158300
4968,144,125,67653,2605,2179742,5308500
4969,123,139,67530,2589,2179881,5094900
4970,105,124,67425,2570,2180005,5152200
4971,118,122,67307,2566,2180127,5065500
4972,128,117,67179,2577,2180244,5077100
4973,129,134,67050,2572,2180378,4981700
4974,128,127,66922,2573,2180505,5017600
4975,128,128,66794,2573,2180633,4718300
4976,125,122,66669,2576,2180755,4753200
4977,136,124,66533,2588,2180879,4848800
4978,105,115,66428,2578,2180994,4597200
4979,121,124,66307,2575,2181118,4509200
4980,124,137,66183,2562,2181255,4673400
4981,111,143,66072,2530,2181398,4541800
4982,99,119,65973,2510,2181517,4683800
4983,106,121,65867,2495,2181638,4910200
4984,122,115,65745,2502,2181753,4756500
4985,113,131,65632,2484,2181884,4652600
4986,128,137,65504,2475,2182021,4769700
4987,112,128,65392,2459,2182149,4614100
4988,125,124,65267,2460,2182273,4508600
4989,133,134,65134,2459,2182407,4671400
4990,128,127,65006,2460,2182534,4538900
4991,124,130,64882,2454,2182664,4440400
4992,125,130,64757,2449,2182794,4651100
4993,109,125,64648,2433,2182919,4741200
4994,123,125,64525,2431,2183044,4723000
4995,116,124,64409,2423,2183168,4578500
4996,129,105,64280,2447,2183273,4676300
4997,127,130,64153,2444,2183403,4933100
4998,109,107,64044,2446,2183510,4842200
4999,132,131,63912,2447,2183641,4932500
5000,121,142,63791,2426,2183783,4716400
5001,126,129,63665,2423,2183912,4505200
5002,116,132,63549,2407,2184044,4466900
5003,129,114,63420,2422,2184158,4923300
5004,103,124,63317,2401,2184282,4676600
5005,128,117,63189,2412,2184399,4543700
5006,111,128,63078,2395,2184527,4921700
5007,116,114,62962,2397,2184641,4726700
5008,125,127,62837,2395,2184768,4613900
5009,119,115,62718,2399,2184883,4713500
5010,101,130,62617,2370,2185013,4792000
5011,123,120,62494,2373,2185133,4956200
5012,111,117,62383,2367,2185250,5304200
5013,107,103,62276,2371,2185353,5165400
5014,106,129,62170,2348,2185482,4955900
5015,107,134,62063,2321,2185616,4989500
5016,107,116,61956,2312,2185732,4938300
5017,91,108,61865,2295,2185840,5004200
5018,131,118,61734,2308,2185958,5195300
5019,118,141,61616,2285,2186099,4917700
5020,118,116,61498,2287,2186215,5175800
5021,100,114,61398,2273,2186329,5822000
5022,113,121,61285,2265,2186450,6157800
5023,104,103,61181,2266,2186553,4863000
5024,96,99,61085,2263,2186652,5192700
5025,96,111,60989,2248,2186763,5116800
5026,110,104,60879,2254,2186867,5148600
5027,99,112,60780,2241,2186979,5035600
5028,99,128,60681,2212,2187107,5005600
5029,112,111,60569,2213,2187218,5003700
5030,113,108,60456,2218,2187326,5036200
5031,102,138,60354,2182,2187464,4949600
5032,119,118,60235,2183,2187582,4896700
5033,101,107,60134,2177,2187689,5239300
5034,107,120,60027,2164,2187809,4896100
5035,110,112,59917,2162,2187921,5007600
5036,97,98,59820,2161,2188019,5229500
5037,86,105,59734,2142,2188124,5004000
5038,91,109,59643,2124,2188233,4949900
5039,116,121,59527,2119,2188354,5112600
5040,100,105,59427,2114,2188459,5132700
5041,103,114,59324,2103,2188573,4968500
5042,91,113,59233,2081,2188686,4944500
5043,104,105,59129,2080,2188791,5036100
5044,96,95,59033,2081,2188886,4971900
5045,120,70,58913,2131,2188956,4876400
5046,117,98,58796,2150,2189054,5001500
5047,112,83,58684,2179,2189137,4914200
5048,96,106,58588,2169,2189243,4964600
5049,95,113,58493,2151,2189356,5027800
5050,112,124,58381,2139,2189480,5037300
5051,95,115,58286,2119,2189595,4931300
5052,112,111,58174,2120,2189706,5089300
5053,100,110,58074,2110,2189816,4943600
5054,97,103,57977,2104,2189919,4901300
5055,111,81,57866,2134,2190000,5116300
5056,107,100,57759,2141,2190100,4846700
5057,109,91,57650,2159,2190191,4874500
5058,113,119,57537,2153,2190310,5005300
5059,102,132,57435,2123,2190442,4907000
5060,101,104,57334,2120,2190546,4923800
5061,113,104,57221,2129,2190650,5050400
5062,105,114,57116,2120,2190764,4979000
5063,105,97,57011,2128,2190861,4923500
5064,102,86,56909,2144,2190947,4866000
5065,94,117,56815,2121,2191064,4680200
5066,98,97,56717,2122,2191161,4706800
5067,90,112,56627,2100,2191273,4520100
5068,85,90,56542,2095,2191363,4536300
5069,89,92,56453,2092,2191455,4430100
5070,87,91,56366,2088,2191546,4548400
5071,98,102,56268,2084,2191648,4625300
5072,92,107,56176,2069,2191755,4482600
5073,88,102,56088,2055,2191857,4528800
5074,83,95,56005,2043,2191952,4536500
5075,96,105,55909,2034,2192057,4538100
5076,86,105,55823,2015,2192162,4504700
5077,86,106,55737,1995,2192268,4569500
5078,100,93,55637,2002,2192361,4619200
5079,104,92,55533,2014,2192453,4678400
5080,93,112,55440,1995,2192565,4546200
5081,83,101,55357,1977,2192666,4584200
5082,81,104,55276,1954,2192770,4634000
5083,72,98,55204,1928,2192868,4620400
5084,78,94,55126,1912,2192962,4604300
5085,77,82,55049,1907,2193044,4953500
5086,79,90,54970,1896,2193134,4706800
5087,78,82,54892,1892,2193216,4699700
5088,91,99,54801,1884,2193315,4743100
5089,85,95,54716,1874,2193410,4894500
5090,71,97,54645,1848,2193507,4845600
5091,82,101,54563,1829,2193608,5136800
5092,68,96,54495,1801,2193704,4872600
5093,75,77,54420,1799,2193781,4641900
5094,91,85,54329,1805,2193866,4614600
5095,82,73,54247,1814,2193939,4607700
5096,64,96,54183,1782,2194035,4469300
5097,85,104,54098,1763,2194139,4500000
5098,77,109,54021,1731,2194248,4518400
5099,79,97,53942,1713,2194345,4773900
5100,67,71,53875,1709,2194416,4579500
5101,71,85,53804,1695,2194501,4572100
5102,81,85,53723,1691,2194586,4620700
5103,75,86,53648,1680,2194672,4499900
5104,84,72,53564,1692,2194744,4507200
5105,78,86,53486,1684,2194830,4495000
5106,73,80,53413,1677,2194910,4395100
5107,66,83,53347,1660,2194993,4485000
5108,71,63,53276,1668,2195056,4772000
5109,71,93,53205,1646,2195149,4706500
5110,71,75,53134,1642,2195224,4678100
5111,89,83,53045,1648,2195307,5031500
5112,74,86,52971,1636,2195393,4686100
5113,60,84,52911,1612,2195477,4473700
5114,77,68,52834,1621,2195545,4573400
5115,64,79,52770,1606,2195624,4496700
5116,83,81,52687,1608,2195705,4638600
5117,79,77,52608,1610,2195782,4537300
5118,71,75,52537,1606,2195857,4842800
5119,65,92,52472,1579,2195949,5122300
5120,65,69,52407,1575,2196018,5269600
5121,61,75,52346,1561,2196093,4945700
5122,62,84,52284,1539,2196177,5166000
5123,51,78,52233,1512,2196255,5283800
5124,58,81,52175,1489,2196336,5014900
5125,58,72,52117,1475,2196408,4971700
5126,70,71,52047,1474,2196479,5023900
5127,52,97,51995,1429,2196576,5065800
5128,51,60,51944,1420,2196636,5745400
5129,62,73,51882,1409,2196709,5218700
5130,70,90,51812,1389,2196799,5018600
5131,50,63,51762,1376,2196862,5508600
5132,68,77,51694,1367,2196939,4941800
5133,59,45,51635,1381,2196984,4829800
5134,55,63,51580,1373,2197047,4814800
5135,56,58,51524,1371,2197105,4814000
5136,51,59,51473,1363,2197164,4826900
5137,47,55,51426,1355,2197219,4875600
5138,60,63,51366,1352,2197282,4690700
5139,49,69,51317,1332,2197351,4871500
5140,54,60,51263,1326,2197411,5329000
5141,44,73,51219,1297,2197484,5168000
5142,54,63,51165,1288,2197547,5290700
5143,53,70,51112,1271,2197617,5983500
5144,57,59,51055,1269,2197676,5609200
5145,68,80,50987,1257,2197756,5414200
5146,69,66,50918,1260,2197822,6328900
5147,76,75,50842,1261,2197897,5898600
5148,60,68,50782,1253,2197965,5602600
5149,55,58,50727,1250,2198023,5417900
5150,59,64,50668,1245,2198087,5318700
5151,44,67,50624,1222,2198154,5420600
5152,47,74,50577,1195,2198228,5433500
5153,44,56,50533,1183,2198284,5449400
5154,60,53,50473,1190,2198337,5382900
5155,70,54,50403,1206,2198391,5372200
5156,58,72,50345,1192,2198463,5452400
5157,63,64,50282,1191,2198527,5283700
5158,56,60,50226,1187,2198587,5301900
5159,66,53,50160,1200,2198640,5748000
5160,58,66,50102,1192,2198706,5115900
5161,55,52,50047,1195,2198758,5057900
5162,60,70,49987,1185,2198828,5182000
5163,68,54,49919,1199,2198882,5266100
5164,53,52,49866,1200,2198934,5400600
5165,58,55,49808,1203,2198989,5227400
5166,68,61,49740,1210,2199050,5273400
5167,67,51,49673,1226,2199101,5158300
5168,61,67,49612,1220,2199168,5248400
5169,43,47,49569,1216,2199215,5304900
5170,69,58,49500,1227,2199273,5290600
5171,59,55,49441,1231,2199328,5232600
5172,56,60,49385,1227,2199388,5199100
5173,59,65,49326,1221,2199453,5282800
5174,66,61,49260,1226,2199514,5129000
5175,65,69,49195,1222,2199583,5129300
5176,51,48,49144,1225,2199631,5123400
5177,74,53,49070,1246,2199684,5412700
5178,56,59,49014,1243,2199743,5224800
5179,59,55,48955,1247,2199798,5179400
5180,63,71,48892,1239,2199869,5359300
5181,61,61,48831,1239,2199930,5563500
5182,55,49,48776,1245,2199979,5407600
5183,49,74,48727,1220,2200053,5318500
5184,52,62,48675,1210,2200115,5312400
5185,49,69,48626,1190,2200184,5691300
5186,56,59,48570,1187,2200243,5110700
5187,51,60,48519,1178,2200303,5240400
5188,53,64,48466,1167,2200367,5470400
5189,58,51,48408,1174,2200418,5272100
5190,55,56,48353,1173,2200474,5255700
5191,48,60,48305,1161,2200534,5447200
5192,58,59,48247,1160,2200593,5627700
5193,49,64,48198,1145,2200657,5334400
5194,66,54,48132,1157,2200711,5095500
5195,53,56,48079,1154,2200767,5056200
5196,49,59,48030,1144,2200826,5048700
5197,39,62,47991,1121,2200888,5389800
5198,56,45,47935,1132,2200933,4891500
5199,54,50,47881,1136,2200983,4931200
5200,57,55,47824,1138,2201038,5067700
5201,57,44,47767,1151,2201082,4945500
5202,55,71,47712,1135,2201153,4893100
5203,59,53,47653,1141,2201206,5090400
5204,43,52,47610,1132,2201258,4909100
5205,53,44,47557,1141,2201302,4750800
5206,39,58,47518,1122,2201360,4880500
5207,53,63,47465,1112,2201423,5946400
5208,57,76,47408,1093,2201499,5119600
5209,40,56,47368,1077,2201555,4965900
5210,52,55,47316,1074,2201610,5001000
5211,47,52,47269,1069,2201662,5015200
5212,51,52,47218,1068,2201714,5505000
5213,48,58,47170,1058,2201772,4934500
5214,43,46,47127,1055,2201818,5277900
5215,44,59,47083,1040,2201877,4948500
5216,48,39,47035,1049,2201916,5014900
5217,59,51,46976,1057,2201967,4921800
5218,40,63,46936,1034,2202030,4739200
5219,44,49,46892,1029,2202079,4850200
5220,47,60,46845,1016,2202139,4981600
5221,45,63,46800,998,2202202,4852900
5222,44,51,46756,991,2202253,4786600
5223,51,42,46705,1000,2202295,4933600
5224,43,40,46662,1003,2202335,5013400
5225,44,48,46618,999,2202383,5056000
5226,41,47,46577,993,2202430,4897300
5227,38,59,46539,972,2202489,4958200
5228,44,41,46495,975,2202530,4995200
5229,52,47,46443,980,2202577,4933300
5230,45,57,46398,968,2202634,5037300
5231,55,50,46343,973,2202684,4871900
5232,39,55,46304,957,2202739,4861700
5233,42,43,46262,956,2202782,4943600
5234,49,43,46213,962,2202825,4976900
5235,47,44,46166,965,2202869,4942500
5236,42,38,46124,969,2202907,4960700
5237,44,57,46080,956,2202964,4973200
5238,41,43,46039,954,2203007,4811600
5239,40,34,45999,960,2203041,4748600
5240,48,46,45951,962,2203087,4841500
5241,54,51,45897,965,2203138,4923600
5242,46,48,45851,963,2203186,4917100
5243,43,47,45808,959,2203233,4860900
5244,40,41,45768,958,2203274,4959200
5245,42,58,45726,942,2203332,4786200
5246,43,56,45683,929,2203388,4947600
5247,44,50,45639,923,2203438,4856600
5248,41,54,45598,910,2203492,4787000
5249,36,45,45562,901,2203537,4941100
5250,46,36,45516,911,2203573,4838600
5251,62,50,45454,923,2203623,4865000
5252,47,31,45407,939,2203654,4932800
5253,49,39,45358,949,2203693,4960300
5254,38,40,45320,947,2203733,4846500
5255,41,47,45279,941,2203780,4881600
5256,41,45,45238,937,2203825,4743500
5257,44,50,45194,931,2203875,4855700
5258,36,50,45158,917,2203925,4843500
5259,35,39,45123,913,2203964,4654900
5260,37,39,45086,911,2204003,4924900
5261,41,59,45045,893,2204062,4659600
5262,39,42,45006,890,2204104,4890800
5263,49,36,44957,903,2204140,4814800
5264,38,50,44919,891,2204190,4806000
5265,42,47,44877,886,2204237,4821300
5266,48,36,44829,898,2204273,4659500
5267,37,35,44792,900,2204308,4892500
5268,42,37,44750,905,2204345,4864700
5269,39,45,44711,899,2204390,4889900
5270,47,40,44664,906,2204430,5240200
5271,43,41,44621,908,2204471,5032400
5272,40,40,44581,908,2204511,5175100
5273,44,42,44537,910,2204553,4966000
5274,34,41,44503,903,2204594,4742300
5275,35,36,44468,902,2204630,4612300
5276,43,52,44425,893,2204682,4828600
5277,39,36,44386,896,2204718,4921300
5278,41,30,44345,907,2204748,4926000
5279,44,50,44301,901,2204798,4885900
5280,33,51,44268,883,2204849,4799500
5281,40,45,44228,878,2204894,4553100
5282,37,49,44191,866,2204943,4672500
5283,41,57,44150,850,2205000,4795300
5284,39,39,44111,850,2205039,4832000
5285,41,39,44070,852,2205078,4591600
5286,35,44,44035,843,2205122,4725900
5287,33,38,44002,838,2205160,4739100
5288,35,43,43967,830,2205203,4919300
5289,40,42,43927,828,2205245,5098400
5290,42,36,43885,834,2205281,5453300
5291,33,32,43852,835,2205313,4910700
5292,51,35,43801,851,2205348,4980200
5293,41,47,43760,845,2205395,4863200
5294,31,44,43729,832,2205439,4858800
5295,39,43,43690,828,2205482,5101100
5296,39,41,43651,826,2205523,5127300
5297,41,32,43610,835,2205555,4961500
5298,34,40,43576,829,2205595,4999300
5299,42,41,43534,830,2205636,4913700
5300,33,41,43501,822,2205677,4839100
5301,40,41,43461,821,2205718,4878600
5302,37,36,43424,822,2205754,4978500
5303,48,41,43376,829,2205795,5002700
5304,42,40,43334,831,2205835,4832800
5305,40,41,43294,830,2205876,5062700
5306,45,43,43249,832,2205919,4919400
5307,48,33,43201,847,2205952,4773400
5308,64,42,43137,869,2205994,5058500
5309,40,37,43097,872,2206031,5025200
5310,43,42,43054,873,2206073,4926600
5311,57,39,42997,891,2206112,5089700
5312,54,40,42943,905,2206152,4985100
5313,39,42,42904,902,2206194,4870300
5314,49,45,42855,906,2206239,4951200
5315,40,54,42815,892,2206293,4884800
5316,41,46,42774,887,2206339,4921900
5317,42,49,42732,880,2206388,5033600
5318,29,47,42703,862,2206435,5198400
5319,49,45,42654,866,2206480,4871200
5320,40,38,42614,868,2206518,5127400
5321,46,48,42568,866,2206566,4979500
5322,51,31,42517,886,2206597,4871100
5323,46,33,42471,899,2206630,5001700
5324,41,40,42430,900,2206670,4841400
5325,41,53,42389,888,2206723,4814900
5326,40,37,42349,891,2206760,4919900
5327,44,50,42305,885,2206810,5226000
5328,37,50,42268,872,2206860,5185100
5329,43,38,42225,877,2206898,5142400
5330,43,35,42182,885,2206933,5059900
5331,37,51,42145,871,2206984,5098000
5332,38,53,42107,856,2207037,5667100
5333,39,43,42068,852,2207080,4963700
5334,41,44,42027,849,2207124,4961800
5335,38,50,41989,837,2207174,4897800
5336,30,50,41959,817,2207224,4963200
5337,40,54,41919,803,2207278,4917400
5338,35,32,41884,806,2207310,4892700
5339,36,45,41848,797,2207355,4791200
5340,35,34,41813,798,2207389,5055900
5341,30,45,41783,783,2207434,5000800
5342,38,44,41745,777,2207478,5322700
5343,42,43,41703,776,2207521,4980500
5344,33,30,41670,779,2207551,4843000
5345,39,32,41631,786,2207583,5219300
5346,43,44,41588,785,2207627,4952300
5347,39,44,41549,780,2207671,4705700
5348,38,37,41511,781,2207708,4680700
5349,34,46,41477,769,2207754,4574200
5350,37,45,41440,761,2207799,4596200
5351,40,28,41400,773,2207827,4594500
5352,32,37,41368,768,2207864,4614000
5353,31,45,41337,754,2207909,4564300
5354,49,34,41288,769,2207943,4441400
5355,32,24,41256,777,2207967,4578100
5356,39,33,41217,783,2208000,4613800
5357,30,42,41187,771,2208042,4708200
5358,39,34,41148,776,2208076,4736100
5359,39,31,41109,784,2208107,4714300
5360,46,46,41063,784,2208153,4477000
5361,44,42,41019,786,2208195,4510800
5362,39,50,40980,775,2208245,4550300
5363,36,39,40944,772,2208284,4427400
5364,29,37,40915,764,2208321,4542200
5365,32,32,40883,764,2208353,4556400
5366,41,40,40842,765,2208393,4969500
5367,35,41,40807,759,2208434,4797300
5368,37,41,40770,755,2208475,4637500
5369,43,35,40727,763,2208510,4733400
5370,41,37,40686,767,2208547,4620000
5371,34,47,40652,754,2208594,4578700
5372,43,36,40609,761,2208630,4742400
5373,35,30,40574,766,2208660,4872000
5374,29,38,40545,757,2208698,4755100
5375,41,45,40504,753,2208743,4732900
5376,52,44,40452,761,2208787,4758400
5377,47,41,40405,767,2208828,4953600
5378,41,33,40364,775,2208861,4793900
5379,42,48,40322,769,2208909,4676300
5380,35,37,40287,767,2208946,4715200
5381,41,39,40246,769,2208985,4899400
5382,40,31,40206,778,2209016,4661100
5383,36,41,40170,773,2209057,4586300
5384,36,34,40134,775,2209091,4530300
5385,32,27,40102,780,2209118,4617400
5386,40,31,40062,789,2209149,4681900
5387,39,33,40023,795,2209182,4680400
5388,28,42,39995,781,2209224,4756900
5389,33,40,39962,774,2209264,4773100
5390,44,38,39918,780,2209302,4553000
5391,34,28,39884,786,2209330,4677800
5392,32,32,39852,786,2209362,4558900
5393,27,41,39825,772,2209403,4804100
5394,35,45,39790,762,2209448,4610500
5395,33,41,39757,754,2209489,4683500
5396,31,33,39726,752,2209522,4574400
5397,26,31,39700,747,2209553,4700500
5398,39,43,39661,743,2209596,4658600
5399,21,43,39640,721,2209639,4792900
5400,31,39,39609,713,2209678,4639500
5401,32,50,39577,695,2209728,4641900
5402,34,38,39543,691,2209766,4745500
5403,25,39,39518,677,2209805,4616200
5404,32,39,39486,670,2209844,4702300
5405,30,38,39456,662,2209882,4624800
5406,26,37,39430,651,2209919,4616900
5407,35,34,39395,652,2209953,4638700
5408,30,30,39365,652,2209983,4612300
5409,26,29,39339,649,2210012,4760000
5410,24,32,39315,641,2210044,4681600
5411,39,28,39276,652,2210072,4901500
5412,31,35,39245,648,2210107,4597500
5413,23,29,39222,642,2210136,4533600
5414,29,34,39193,637,2210170,4765400
5415,30,34,39163,633,2210204,4646700
5416,23,24,39140,632,2210228,4869600
5417,25,30,39115,627,2210258,4718100
5418,33,25,39082,635,2210283,4692200
5419,31,32,39051,634,2210315,4525400
5420,43,31,39008,646,2210346,4592900
5421,19,30,38989,635,2210376,4729400
5422,29,27,38960,637,2210403,4869900
5423,35,35,38925,637,2210438,4605900
5424,22,34,38903,625,2210472,4829500
5425,32,36,38871,621,2210508,4618900
5426,28,30,38843,619,2210538,4719800
5427,29,34,38814,614,2210572,4899000
5428,24,27,38790,611,2210599,4722400
5429,18,30,38772,599,2210629,4502700
5430,35,33,38737,601,2210662,4628100
5431,36,31,38701,606,2210693,4796800
5432,24,30,38677,600,2210723,4507600
5433,28,26,38649,602,2210749,4820100
5434,35,26,38614,611,2210775,4584400
5435,31,21,38583,621,2210796,4605900
5436,23,34,38560,610,2210830,4483100
5437,43,32,38517,621,2210862,4529100
5438,38,28,38479,631,2210890,4574000
5439,36,37,38443,630,2210927,4534400
5440,32,22,38411,640,2210949,4612600
5441,26,43,38385,623,2210992,4574300
5442,33,33,38352,623,2211025,4674600
5443,32,25,38320,630,2211050,4650000
5444,26,28,38294,628,2211078,5017300
5445,32,36,38262,624,2211114,4917900
5446,23,32,38239,615,2211146,4723800
5447,25,28,38214,612,2211174,4776000
5448,39,32,38175,619,2211206,4623900
5449,32,25,38143,626,2211231,4608100
5450,25,26,38118,625,2211257,4469000
5451,29,35,38089,619,2211292,4606200
5452,27,37,38062,609,2211329,4675800
5453,27,37,38035,599,2211366,4551700
5454,29,29,38006,599,2211395,4741700
5455,18,25,37988,592,2211420,4722900
5456,23,21,37965,594,2211441,4561200
5457,19,24,37946,589,2211465,4530800
5458,21,24,37925,586,2211489,4869800
5459,23,26,37902,583,2211515,4675700
5460,21,31,37881,573,2211546,4640100
5461,20,34,37861,559,2211580,4552900
5462,16,25,37845,550,2211605,4584700
5463,22,29,37823,543,2211634,4622000
5464,19,17,37804,545,2211651,4850300
5465,21,22,37783,544,2211673,5008300
5466,22,30,37761,536,2211703,4663800
5467,23,28,37738,531,2211731,4522900
5468,25,18,37713,538,2211749,4660800
5469,24,28,37689,534,2211777,4586900
5470,23,25,37666,532,2211802,4655900
5471,19,22,37647,529,2211824,4740600
5472,31,15,37616,545,2211839,4803600
5473,36,27,37580,554,2211866,4722400
5474,29,24,37551,559,2211890,4736700
5475,26,33,37525,552,2211923,4826900
5476,27,30,37498,549,2211953,4632100
5477,14,25,37484,538,2211978,4579100
5478,22,36,37462,524,2212014,5036300
5479,22,22,37440,524,2212036,4555000
5480,19,23,37421,520,2212059,4654300
5481,21,35,37400,506,2212094,4846300
5482,30,34,37370,502,2212128,4733600
5483,21,19,37349,504,2212147,4621200
5484,32,27,37317,509,2212174,4614300
5485,24,26,37293,507,2212200,4641300
5486,23,30,37270,500,2212230,4838300
5487,20,33,37250,487,2212263,4726700
5488,18,22,37232,483,2212285,4883800
5489,15,21,37217,477,2212306,4691400
5490,19,22,37198,474,2212328,4514100
5491,19,31,37179,462,2212359,4747200
5492,21,14,37158,469,2212373,4808000
5493,18,30,37140,457,2212403,4798700
5494,28,22,37112,463,2212425,4896900
5495,18,24,37094,457,2212449,4597100
5496,27,25,37067,459,2212474,4870800
5497,26,28,37041,457,2212502,5115500
5498,17,30,37024,444,2212532,4818100
5499,20,16,37004,448,2212548,4669400
5500,17,29,36987,436,2212577,4533500
5501,25,22,36962,439,2212599,4679200
5502,27,25,36935,441,2212624,4489200
5503,23,19,36912,445,2212643,4584800
5504,21,28,36891,438,2212671,4669600
5505,23,16,36868,445,2212687,4622500
5506,26,30,36842,441,2212717,4486800
5507,22,19,36820,444,2212736,4403000
5508,32,25,36788,451,2212761,4695700
5509,28,26,36760,453,2212787,4343300
5510,26,25,36734,454,2212812,4455500
5511,27,24,36707,457,2212836,4731600
5512,22,24,36685,455,2212860,4512300
5513,26,27,36659,454,2212887,4570500
5514,14,30,36645,438,2212917,4421200
5515,21,21,36624,438,2212938,4819100
5516,16,21,36608,433,2212959,4779900
5517,23,22,36585,434,2212981,4500800
5518,18,21,36567,431,2213002,4615700
5519,21,14,36546,438,2213016,4752500
5520,26,18,36520,446,2213034,4465000
5521,28,23,36492,451,2213057,4367000
5522,19,26,36473,444,2213083,4698200
5523,15,24,36458,435,2213107,4391200
5524,21,32,36437,424,2213139,4437300
5525,30,18,36407,436,2213157,4597300
5526,18,21,36389,433,2213178,4536200
5527,21,18,36368,436,2213196,4361900
5528,28,27,36340,437,2213223,4456500
5529,26,21,36314,442,2213244,4665900
5530,21,21,36293,442,2213265,5303300
5531,28,20,36265,450,2213285,19520400
5532,20,22,36245,448,2213307,5770900
5533,28,23,36217,453,2213330,5182700
5534,24,25,36193,452,2213355,5141200
5535,37,19,36156,470,2213374,6138600
5536,23,23,36133,470,2213397,15240300
5537,25,21,36108,474,2213418,6335600
5538,23,28,36085,469,2213446,7145800
5539,26,21,36059,474,2213467,11016800
5540,25,22,36034,477,2213489,7414900
5541,28,22,36006,483,2213511,5269300
5542,23,28,35983,478,2213539,5959300
5543,26,30,35957,474,2213569,6812900
5544,18,27,35939,465,2213596,6750800
5545,23,28,35916,460,2213624,5340100
5546,9,33,35907,436,2213657,5404700
5547,18,25,35889,429,2213682,5732600
5548,21,21,35868,429,2213703,5372900
5549,17,20,35851,426,2213723,5687800
5550,19,27,35832,418,2213750,6152000
5551,13,14,35819,417,2213764,10325500
5552,13,22,35806,408,2213786,7947500
5553,17,19,35789,406,2213805,5277500
5554,20,19,35769,407,2213824,6358800
5555,15,18,35754,404,2213842,5674700
5556,16,20,35738,400,2213862,5107700
5557,25,13,35713,412,2213875,5100500
5558,21,29,35692,404,2213904,5164700
5559,12,18,35680,398,2213922,4997600
5560,16,21,35664,393,2213943,5380100
5561,27,11,35637,409,2213954,5352900
5562,21,16,35616,414,2213970,5620800
5563,17,21,35599,410,2213991,6237600
5564,23,15,35576,418,2214006,7700800
5565,22,14,35554,426,2214020,8430100
5566,26,22,35528,430,2214042,5559300
5567,20,22,35508,428,2214064,5047900
5568,24,20,35484,432,2214084,5023900
5569,22,26,35462,428,2214110,5084000
5570,18,22,35444,424,2214132,5095400
5571,27,23,35417,428,2214155,5452300
5572,23,18,35394,433,2214173,5782500
5573,25,26,35369,432,2214199,9795200
5574,10,30,35359,412,2214229,8084700
5575,17,31,35342,398,2214260,6353900
5576,20,22,35322,396,2214282,5080200
5577,11,25,35311,382,2214307,4971600
5578,17,16,35294,383,2214323,5379400
5579,14,31,35280,366,2214354,4908500
5580,15,23,35265,358,2214377,5689100
5581,14,23,35251,349,2214400,8344200
5582,14,24,35237,339,2214424,5718500
5583,12,20,35225,331,2214444,5196100
5584,11,22,35214,320,2214466,5313800
5585,11,14,35203,317,2214480,5604100
5586,22,16,35181,323,2214496,10122500
5587,14,22,35167,315,2214518,7066100
5588,12,26,35155,301,2214544,6235100
5589,8,17,35147,292,2214561,4975500
5590,21,18,35126,295,2214579,4979800
5591,16,12,35110,299,2214591,7188200
5592,13,16,35097,296,2214607,7487100
5593,20,15,35077,301,2214622,5262000
5594,13,15,35064,299,2214637,5355900
5595,11,15,35053,295,2214652,6185200
5596,11,21,35042,285,2214673,5571200
5597,13,15,35029,283,2214688,5147500
5598,13,16,35016,280,2214704,4949700
5599,12,16,35004,276,2214720,5318500
5600,11,11,34993,276,2214731,4728300
5601,15,13,34978,278,2214744,4792400
5602,18,9,34960,287,2214753,4890900
5603,18,13,34942,292,2214766,5174500
5604,20,15,34922,297,2214781,4939100
5605,16,16,34906,297,2214797,4973700
5606,17,12,34889,302,2214809,4713300
5607,12,18,34877,296,2214827,4517500
5608,13,14,34864,295,2214841,4798000
5609,11,18,34853,288,2214859,4773900
5610,11,15,34842,284,2214874,4609700
5611,16,12,34826,288,2214886,4534100
5612,12,14,34814,286,2214900,5200000
5613,12,15,34802,283,2214915,4859900
5614,11,23,34791,271,2214938,4663200
5615,13,10,34778,274,2214948,4780800
5616,18,8,34760,284,2214956,4680600
5617,10,10,34750,284,2214966,4775100
5618,11,14,34739,281,2214980,4685500
5619,10,15,34729,276,2214995,4900200
5620,11,9,34718,278,2215004,4732000
5621,9,19,34709,268,2215023,4800100
5622,4,13,34705,259,2215036,4884700
5623,8,12,34697,255,2215048,4675800
5624,8,9,34689,254,2215057,4770500
5625,11,15,34678,250,2215072,4770500
5626,9,11,34669,248,2215083,4607800
5627,8,11,34661,245,2215094,4679900
5628,11,12,34650,244,2215106,4986000
5629,7,13,34643,238,2215119,4841600
5630,13,9,34630,242,2215128,4755500
5631,12,11,34618,243,2215139,4786800
5632,18,15,34600,246,2215154,4886600
5633,15,15,34585,246,2215169,4653900
5634,18,9,34567,255,2215178,4679900
5635,13,12,34554,256,2215190,4646100
5636,11,13,34543,254,2215203,4853900
5637,8,10,34535,252,2215213,4705900
5638,12,15,34523,249,2215228,4743700
5639,3,14,34520,238,2215242,4591800
5640,5,11,34515,232,2215253,4705000
5641,9,7,34506,234,2215260,4509600
5642,5,10,34501,229,2215270,4531300
5643,9,7,34492,231,2215277,4662400
5644,9,15,34483,225,2215292,4533300
5645,11,6,34472,230,2215298,4851200
5646,9,13,34463,226,2215311,4696300
5647,4,17,34459,213,2215328,4380500
5648,4,11,34455,206,2215339,4600500
5649,5,14,34450,197,2215353,4957900
5650,7,11,34443,193,2215364,4784700
5651,12,17,34431,188,2215381,4741500
5652,7,12,34424,183,2215393,4714800
5653,8,14,34416,177,2215407,4438300
5654,10,12,34406,175,2215419,4471000
5655,5,9,34401,171,2215428,4941600
5656,5,9,34396,167,2215437,4607400
5657,8,12,34388,163,2215449,4386800
5658,7,8,34381,162,2215457,4406600
5659,6,6,34375,162,2215463,4505100
5660,8,5,34367,165,2215468,4747700
5661,4,9,34363,160,2215477,4672000
5662,1,6,34362,155,2215483,4522600
5663,4,8,34358,151,2215491,4424800
5664,9,6,34349,154,2215497,4470700
5665,5,5,34344,154,2215502,4443600
5666,5,9,34339,150,2215511,4969500
5667,6,10,34333,146,2215521,4590700
5668,6,8,34327,144,2215529,4693100
5669,11,9,34316,146,2215538,4607300
5670,3,6,34313,143,2215544,4490600
5671,8,13,34305,138,2215557,4450300
5672,7,9,34298,136,2215566,4593800
5673,4,7,34294,133,2215573,4673300
5674,6,6,34288,133,2215579,4629700
5675,5,7,34283,131,2215586,4584700
5676,8,11,34275,128,2215597,4702200
5677,6,4,34269,130,2215601,4828000
5678,3,8,34266,125,2215609,4798900
5679,5,4,34261,126,2215613,5031800
5680,2,6,34259,122,2215619,4795300
5681,8,8,34251,122,2215627,4703700
5682,4,4,34247,122,2215631,5018500
5683,2,10,34245,114,2215641,4787600
5684,6,2,34239,118,2215643,5042200
5685,12,7,34227,123,2215650,5065200
5686,5,4,34222,124,2215654,5082500
5687,8,6,34214,126,2215660,4752500
5688,10,8,34204,128,2215668,4729700
5689,6,10,34198,124,2215678,4531400
5690,12,10,34186,126,2215688,4729200
5691,5,2,34181,129,2215690,4709300
5692,1,5,34180,125,2215695,4468500
5693,9,10,34171,124,2215705,4498500
5694,12,5,34159,131,2215710,4587500
5695,9,10,34150,130,2215720,4852200
5696,4,6,34146,128,2215726,4995300
5697,7,1,34139,134,2215727,4904700
5698,10,9,34129,135,2215736,4908700
5699,8,6,34121,137,2215742,5056600
5700,15,5,34106,147,2215747,5191100
5701,9,10,34097,146,2215757,5298300
5702,7,8,34090,145,2215765,5250800
5703,10,8,34080,147,2215773,4985800
5704,7,8,34073,146,2215781,5014000
5705,7,5,34066,148,2215786,5141800
5706,6,11,34060,143,2215797,4967800
5707,4,7,34056,140,2215804,5004500
5708,10,5,34046,145,2215809,4909100
5709,8,3,34038,150,2215812,4714200
5710,7,3,34031,154,2215815,4677700
5711,9,9,34022,154,2215824,4949400
5712,9,7,34013,156,2215831,4796600
5713,6,3,34007,159,2215834,4689900
5714,8,7,33999,160,2215841,4901400
5715,6,8,33993,158,2215849,4654800
5716,4,10,33989,152,2215859,4751200
5717,5,9,33984,148,2215868,4621400
5718,7,7,33977,148,2215875,4540600
5719,7,5,33970,150,2215880,4536800
5720,10,5,33960,155,2215885,4608200
5721,8,8,33952,155,2215893,4585900
5722,9,5,33943,159,2215898,4594700
5723,3,13,33940,149,2215911,4431900
5724,2,7,33938,144,2215918,4720300
5725,5,5,33933,144,2215923,4946000
5726,8,7,33925,145,2215930,4865800
5727,5,10,33920,140,2215940,4719700
5728,2,11,33918,131,2215951,4791000
5729,8,8,33910,131,2215959,5003600
5730,7,11,33903,127,2215970,5200300
5731,3,5,33900,125,2215975,4424700
5732,6,11,33894,120,2215986,4591800
5733,2,9,33892,113,2215995,4445600
5734,2,6,33890,109,2216001,5428600
5735,1,4,33889,106,2216005,4687600
5736,1,3,33888,104,2216008,4544700
5737,3,5,33885,102,2216013,4550800
5738,3,3,33882,102,2216016,4820800
5739,1,1,33881,102,2216017,4577000
5740,5,4,33876,103,2216021,4948600
5741,4,6,33872,101,2216027,4688700
5742,4,3,33868,102,2216030,4910200
5743,3,5,33865,100,2216035,4674400
5744,4,5,33861,99,2216040,4768700
5745,2,7,33859,94,2216047,4552500
5746,3,5,33856,92,2216052,4591600
5747,3,3,33853,92,2216055,4653400
5748,6,7,33847,91,2216062,4537100
5749,4,5,33843,90,2216067,4629800
5750,4,6,33839,88,2216073,4468400
5751,4,4,33835,88,2216077,4460200
5752,7,3,33828,92,2216080,4584000
5753,3,6,33825,89,2216086,4466900
5754,3,8,33822,84,2216094,4461500
5755,1,7,33821,78,2216101,4472600
5756,1,1,33820,78,2216102,4422200
5757,2,1,33818,79,2216103,4473800
5758,0,5,33818,74,2216108,4561100
5759,1,3,33817,72,2216111,4564300
5760,2,5,33815,69,2216116,4415900
5761,0,1,33815,68,2216117,4550800
5762,0,3,33815,65,2216120,4434800
5763,1,4,33814,62,2216124,4506900
5764,1,5,33813,58,2216129,4687000
5765,3,5,33810,56,2216134,4522300
5766,2,6,33808,52,2216140,4573900
5767,1,1,33807,52,2216141,4457200
5768,1,3,33806,50,2216144,4556700
5769,1,3,33805,48,2216147,4496500
5770,2,3,33803,47,2216150,4529700
5771,0,2,33803,45,2216152,4655800
5772,0,2,33803,43,2216154,4633400
5773,0,1,33803,42,2216155,4737000
5774,2,2,33801,42,2216157,4773800
5775,0,4,33801,38,2216161,4519000
5776,0,4,33801,34,2216165,4549400
5777,2,4,33799,32,2216169,4550400
5778,0,2,33799,30,2216171,4572000
5779,0,2,33799,28,2216173,4536900
5780,0,1,33799,27,2216174,4553900
5781,1,0,33798,28,2216174,4944900
5782,0,2,33798,26,2216176,4800200
5783,1,3,33797,24,2216179,4566500
5784,1,2,33796,23,2216181,4698300
5785,1,2,33795,22,2216183,4658300
5786,0,0,33795,22,2216183,4588400
5787,0,1,33795,21,2216184,4606300
5788,0,0,33795,21,2216184,4597100
5789,0,0,33795,21,2216184,4584700
5790,0,1,33795,20,2216185,4565000
5791,0,1,33795,19,2216186,4780500
5792,1,1,33794,19,2216187,4580200
5793,0,2,33794,17,2216189,4520700
5794,0,1,33794,16,2216190,4522400
5795,0,1,33794,15,2216191,4529100
5796,1,3,33793,13,2216194,4642700
5797,0,0,33793,13,2216194,4685200
5798,0,3,33793,10,2216197,4648800
5799,0,0,33793,10,2216197,4526100
5800,0,0,33793,10,2216197,4687500
5801,0,1,33793,9,2216198,4684100
5802,0,1,33793,8,2216199,4588100
5803,0,0,33793,8,2216199,4611500
5804,0,0,33793,8,2216199,4551000
5805,0,1,33793,7,2216200,4778400
5806,0,0,33793,7,2216200,4748300
5807,0,1,33793,6,2216201,4625000
5808,0,0,33793,6,2216201,4877500
5809,0,0,33793,6,2216201,4971000
5810,0,0,33793,6,2216201,4569100
5811,0,0,33793,6,2216201,4654000
5812,0,0,33793,6,2216201,4563400
5813,1,0,33792,7,2216201,4507900
5814,0,0,33792,7,2216201,4977700
5815,0,1,33792,6,2216202,4689400
5816,0,0,33792,6,2216202,4601300
5817,0,0,33792,6,2216202,4652000
5818,1,0,33791,7,2216202,4753400
5819,0,0,33791,7,2216202,4651300
5820,0,0,33791,7,2216202,4585500
5821,0,1,33791,6,2216203,4754500
5822,0,0,33791,6,2216203,4486100
5823,0,0,33791,6,2216203,4470100
5824,0,2,33791,4,2216205,4523900
5825,0,0,33791,4,2216205,4640400
5826,0,0,33791,4,2216205,4422000
5827,0,1,33791,3,2216206,4367700
5828,0,0,33791,3,2216206,4383300
5829,0,1,33791,2,2216207,4588700
5830,0,0,33791,2,2216207,4483500
5831,0,0,33791,2,2216207,4586000
5832,0,0,33791,2,2216207,4549500
5833,0,0,33791,2,2216207,4490800
5834,0,0,33791,2,2216207,4588600
5835,0,0,33791,2,2216207,4522900
5836,0,1,33791,1,2216208,4700300
5837,0,0,33791,1,2216208,4455300
5838,0,0,33791,1,2216208,4719200
5839,0,1,33791,0,2216209,4555200
