Tick,NewlyInfected,NewlyRecovered,TotalSusceptible,TotalInfected,TotalRecovered,StepTimeNanos
0,2,0,999993,7,0,2474100
1,6,0,999987,13,0,2260100
2,3,2,999984,14,2,2327000
3,3,2,999981,15,4,1990600
4,3,0,999978,18,4,1816500
5,4,2,999974,20,6,1795800
6,6,1,999968,25,7,1704700
7,3,2,999965,26,9,1976300
8,5,0,999960,31,9,1736300
9,10,0,999950,41,9,1605700
10,8,1,999942,48,10,1923900
11,12,2,999930,58,12,1723700
12,2,3,999928,57,15,1642800
13,6,3,999922,60,18,1671100
14,9,4,999913,65,22,1681100
15,8,3,999905,70,25,2121200
16,14,6,999891,78,31,1731400
17,16,2,999875,92,33,1823300
18,8,4,999867,96,37,1816000
19,13,4,999854,105,41,2098800
20,9,7,999845,107,48,1705500
21,17,8,999828,116,56,2127300
22,12,4,999816,124,60,1849800
23,15,3,999801,136,63,1656600
24,15,4,999786,147,67,1764600
25,12,9,999774,150,76,1658600
26,19,10,999755,159,86,2070300
27,18,12,999737,165,98,1683200
28,21,6,999716,180,104,1882100
29,17,9,999699,188,113,1654100
30,22,5,999677,205,118,1915100
31,19,3,999658,221,121,1655000
32,23,8,999635,236,129,2037400
33,32,5,999603,263,134,1743500
34,26,10,999577,279,144,1756600
35,25,13,999552,291,157,1711300
36,26,13,999526,304,170,2159900
37,23,13,999503,314,183,2143800
38,31,17,999472,328,200,1883700
39,19,22,999453,325,222,1919100
40,24,11,999429,338,233,1736100
41,17,14,999412,341,247,1717000
42,29,20,999383,350,267,1727100
43,23,14,999360,359,281,1698200
44,33,17,999327,375,298,1701200
45,19,24,999308,370,322,2056400
46,19,21,999289,368,343,1712600
47,24,26,999265,366,369,1675000
48,32,22,999233,376,391,2041500
49,34,20,999199,390,411,1712300
50,24,15,999175,399,426,1696800
51,28,22,999147,405,448,1755300
52,26,13,999121,418,461,1709900
53,36,14,999085,440,475,2101200
54,41,17,999044,464,492,1973200
55,35,25,999009,474,517,1703600
56,28,16,998981,486,533,1945500
57,44,31,998937,499,564,1797100
58,35,27,998902,507,591,1702000
59,44,33,998858,518,624,2001200
60,27,22,998831,523,646,1812000
61,41,23,998790,541,669,1677100
62,42,30,998748,553,699,2169000
63,33,18,998715,568,717,2007800
64,36,36,998679,568,753,1710200
65,42,35,998637,575,788,1726500
66,50,29,998587,596,817,1863200
67,42,31,998545,607,848,2060600
68,43,31,998502,619,879,1871100
69,41,32,998461,628,911,1950400
70,48,31,998413,645,942,1796900
71,56,31,998357,670,973,1731700
72,47,32,998310,685,1005,2107400
73,41,28,998269,698,1033,1712900
74,42,38,998227,702,1071,1982700
75,53,44,998174,711,1115,2177200
76,42,36,998132,717,1151,1920000
77,44,34,998088,727,1185,1958400
78,67,34,998021,760,1219,1766900
79,46,43,997975,763,1262,1711500
80,54,45,997921,772,1307,1728300
81,57,39,997864,790,1346,1872200
82,55,55,997809,790,1401,1694500
83,51,42,997758,799,1443,1781100
84,52,37,997706,814,1480,1914900
85,65,42,997641,837,1522,1969800
86,59,43,997582,853,1565,1915300
87,57,48,997525,862,1613,2108200
88,59,38,997466,883,1651,1687900
89,63,41,997403,905,1692,1977800
90,66,42,997337,929,1734,2260300
91,63,55,997274,937,1789,1984700
92,62,40,997212,959,1829,2061100
93,63,54,997149,968,1883,1802200
94,77,53,997072,992,1936,2051100
95,72,58,997000,1006,1994,2073500
96,65,45,996935,1026,2039,1707000
97,67,51,996868,1042,2090,2112900
98,62,45,996806,1059,2135,1909800
99,61,47,996745,1073,2182,1799400
100,68,58,996677,1083,2240,1707500
101,53,61,996624,1075,2301,1804000
102,67,64,996557,1078,2365,2034200
103,84,50,996473,1112,2415,1832000
104,79,62,996394,1129,2477,1978000
105,74,62,996320,1141,2539,1794200
106,87,56,996233,1172,2595,2398400
107,88,51,996145,1209,2646,1913700
108,83,54,996062,1238,2700,1839500
109,79,65,995983,1252,2765,1783800
110,95,66,995888,1281,2831,1803300
111,83,63,995805,1301,2894,2091600
112,104,68,995701,1337,2962,1874100
113,88,62,995613,1363,3024,1930700
114,88,59,995525,1392,3083,1798100
115,92,54,995433,1430,3137,1762400
116,90,52,995343,1468,3189,1816900
117,87,72,995256,1483,3261,1975800
118,95,62,995161,1516,3323,1921900
119,90,79,995071,1527,3402,2034500
120,79,70,994992,1536,3472,1691100
121,74,79,994918,1531,3551,1731700
122,94,64,994824,1561,3615,1942500
123,97,86,994727,1572,3701,1675000
124,121,88,994606,1605,3789,1907400
125,95,79,994511,1621,3868,1704900
126,122,65,994389,1678,3933,1837300
127,108,71,994281,1715,4004,1823700
128,113,88,994168,1740,4092,1887300
129,109,91,994059,1758,4183,1940200
130,104,81,993955,1781,4264,1862400
131,118,78,993837,1821,4342,1848400
132,104,107,993733,1818,4449,1859800
133,127,76,993606,1869,4525,2053100
134,116,94,993490,1891,4619,2235900
135,95,94,993395,1892,4713,1965400
136,104,97,993291,1899,4810,2052100
137,98,86,993193,1911,4896,1824800
138,117,97,993076,1931,4993,2218300
139,115,89,992961,1957,5082,2177900
140,91,111,992870,1937,5193,2119200
141,115,88,992755,1964,5281,2001000
142,97,100,992658,1961,5381,2093400
143,106,98,992552,1969,5479,2026200
144,112,79,992440,2002,5558,2088300
145,114,114,992326,2002,5672,2016400
146,111,110,992215,2003,5782,2077200
147,112,86,992103,2029,5868,2131400
148,115,104,991988,2040,5972,1989700
149,120,97,991868,2063,6069,2406500
150,108,125,991760,2046,6194,1997000
151,100,90,991660,2056,6284,2010000
152,107,107,991553,2056,6391,2275600
153,116,88,991437,2084,6479,1915300
154,117,105,991320,2096,6584,2002500
155,115,113,991205,2098,6697,1969600
156,94,98,991111,2094,6795,2084300
157,121,113,990990,2102,6908,2068200
158,110,110,990880,2102,7018,1891700
159,125,114,990755,2113,7132,2103400
160,106,101,990649,2118,7233,1880500
161,112,113,990537,2117,7346,1865500
162,116,103,990421,2130,7449,1898900
163,107,97,990314,2140,7546,1841500
164,111,121,990203,2130,7667,2124900
165,131,126,990072,2135,7793,1829300
166,117,125,989955,2127,7918,1774000
167,110,101,989845,2136,8019,2119000
168,118,109,989727,2145,8128,2006600
169,116,102,989611,2159,8230,1749200
170,137,102,989474,2194,8332,1780000
171,126,99,989348,2221,8431,1790300
172,131,117,989217,2235,8548,1791600
173,146,115,989071,2266,8663,2023300
174,141,114,988930,2293,8777,1794100
175,136,112,988794,2317,8889,1679300
176,136,119,988658,2334,9008,1772000
177,139,121,988519,2352,9129,1722000
178,130,113,988389,2369,9242,2131600
179,129,122,988260,2376,9364,1982700
180,131,109,988129,2398,9473,1848700
181,158,118,987971,2438,9591,1864200
182,139,117,987832,2460,9708,1878400
183,143,141,987689,2462,9849,1867600
184,142,114,987547,2490,9963,1847000
185,135,119,987412,2506,10082,1723300
186,137,112,987275,2531,10194,1924300
187,168,144,987107,2555,10338,2027100
188,146,122,986961,2579,10460,2003500
189,150,136,986811,2593,10596,1995500
190,156,134,986655,2615,10730,2119900
191,150,146,986505,2619,10876,2003200
192,153,144,986352,2628,11020,1846600
193,168,139,986184,2657,11159,1843300
194,131,135,986053,2653,11294,1847500
195,145,129,985908,2669,11423,1892700
196,144,144,985764,2669,11567,2126000
197,144,151,985620,2662,11718,2029200
198,143,137,985477,2668,11855,1807000
199,153,139,985324,2682,11994,1983100
200,176,141,985148,2717,12135,2221200
201,180,138,984968,2759,12273,1932600
202,172,132,984796,2799,12405,1897700
203,165,151,984631,2813,12556,1695500
204,161,133,984470,2841,12689,2308400
205,151,165,984319,2827,12854,2331100
206,166,123,984153,2870,12977,1910300
207,162,136,983991,2896,13113,1880200
208,156,160,983835,2892,13273,1928700
209,181,146,983654,2927,13419,1806100
210,187,160,983467,2954,13579,2302900
211,189,145,983278,2998,13724,1993000
212,192,148,983086,3042,13872,2318800
213,159,131,982927,3070,14003,1924200
214,178,163,982749,3085,14166,2018100
215,192,152,982557,3125,14318,2161200
216,191,146,982366,3170,14464,1928300
217,206,142,982160,3234,14606,1866600
218,175,157,981985,3252,14763,2055200
219,174,162,981811,3264,14925,2079800
220,194,163,981617,3295,15088,2223900
221,175,186,981442,3284,15274,1954000
222,194,164,981248,3314,15438,2018500
223,186,170,981062,3330,15608,1989600
224,190,164,980872,3356,15772,2280500
225,180,173,980692,3363,15945,1958900
226,187,187,980505,3363,16132,1885100
227,175,191,980330,3347,16323,2091200
228,195,172,980135,3370,16495,1986400
229,206,169,979929,3407,16664,2318600
230,192,186,979737,3413,16850,2111200
231,189,186,979548,3416,17036,1740300
232,191,195,979357,3412,17231,2050100
233,216,173,979141,3455,17404,2105400
234,189,182,978952,3462,17586,2091500
235,216,163,978736,3515,17749,2027500
236,213,190,978523,3538,17939,2017600
237,210,194,978313,3554,18133,2120500
238,198,179,978115,3573,18312,2391500
239,198,187,977917,3584,18499,1964500
240,193,181,977724,3596,18680,1973700
241,179,159,977545,3616,18839,1865600
242,217,195,977328,3638,19034,2081100
243,210,182,977118,3666,19216,1882300
244,204,183,976914,3687,19399,1875900
245,193,202,976721,3678,19601,2291600
246,197,149,976524,3726,19750,2155000
247,221,168,976303,3779,19918,2014700
248,206,178,976097,3807,20096,1921900
249,202,209,975895,3800,20305,1989200
250,228,183,975667,3845,20488,2127000
251,197,200,975470,3842,20688,2034400
252,194,201,975276,3835,20889,1893100
253,204,207,975072,3832,21096,2151100
254,214,168,974858,3878,21264,1891300
255,207,183,974651,3902,21447,1852400
256,195,197,974456,3900,21644,1847900
257,231,181,974225,3950,21825,1932700
258,207,210,974018,3947,22035,1920900
259,221,172,973797,3996,22207,1741000
260,240,206,973557,4030,22413,1948700
261,247,202,973310,4075,22615,2020700
262,239,213,973071,4101,22828,2047400
263,238,232,972833,4107,23060,2244500
264,254,234,972579,4127,23294,2187600
265,237,220,972342,4144,23514,1988600
266,230,201,972112,4173,23715,2055400
267,241,183,971871,4231,23898,2040900
268,250,194,971621,4287,24092,2198800
269,215,235,971406,4267,24327,2082600
270,260,192,971146,4335,24519,1912600
271,237,231,970909,4341,24750,1895100
272,258,191,970651,4408,24941,1895300
273,243,221,970408,4430,25162,1859000
274,252,189,970156,4493,25351,1890400
275,251,225,969905,4519,25576,2013400
276,247,215,969658,4551,25791,2047100
277,239,233,969419,4557,26024,2277200
278,232,235,969187,4554,26259,1954400
279,229,238,968958,4545,26497,2275400
280,232,214,968726,4563,26711,2050400
281,273,222,968453,4614,26933,2234800
282,237,223,968216,4628,27156,2033400
283,247,225,967969,4650,27381,1724600
284,247,256,967722,4641,27637,2103700
285,241,239,967481,4643,27876,1942100
286,223,242,967258,4624,28118,2103800
287,250,210,967008,4664,28328,1844100
288,249,261,966759,4652,28589,2095500
289,262,241,966497,4673,28830,2177500
290,265,226,966232,4712,29056,2093100
291,230,253,966002,4689,29309,1954000
292,221,222,965781,4688,29531,2040600
293,239,228,965542,4699,29759,2328500
294,244,218,965298,4725,29977,1964400
295,268,229,965030,4764,30206,2059300
296,274,247,964756,4791,30453,1909200
297,252,266,964504,4777,30719,1907600
298,241,244,964263,4774,30963,1999400
299,246,225,964017,4795,31188,1900900
300,257,233,963760,4819,31421,2138900
301,286,253,963474,4852,31674,1833100
302,289,224,963185,4917,31898,2277700
303,261,254,962924,4924,32152,1855700
304,259,256,962665,4927,32408,2097900
305,280,236,962385,4971,32644,2105800
306,252,235,962133,4988,32879,1720200
307,269,251,961864,5006,33130,1885700
308,258,244,961606,5020,33374,1947200
309,259,293,961347,4986,33667,1878800
310,273,247,961074,5012,33914,2109000
311,267,245,960807,5034,34159,1844500
312,252,235,960555,5051,34394,2091400
313,293,259,960262,5085,34653,1993700
314,267,237,959995,5115,34890,1800700
315,280,270,959715,5125,35160,2232600
316,256,233,959459,5148,35393,2149800
317,282,288,959177,5142,35681,1931100
318,275,260,958902,5157,35941,2309500
319,309,235,958593,5231,36176,2030200
320,309,258,958284,5282,36434,2142900
321,276,258,958008,5300,36692,2041800
322,283,267,957725,5316,36959,1874600
323,300,266,957425,5350,37225,1883200
324,287,283,957138,5354,37508,1965200
325,268,244,956870,5378,37752,1915200
326,288,260,956582,5406,38012,2114500
327,312,287,956270,5431,38299,2081000
328,267,263,956003,5435,38562,2010800
329,295,258,955708,5472,38820,2156600
330,284,279,955424,5477,39099,1966600
331,284,291,955140,5470,39390,2160600
332,277,262,954863,5485,39652,1974100
333,286,259,954577,5512,39911,2320100
334,316,282,954261,5546,40193,1944200
335,300,265,953961,5581,40458,2069900
336,303,295,953658,5589,40753,2000500
337,329,286,953329,5632,41039,1910100
338,307,265,953022,5674,41304,1895100
339,306,276,952716,5704,41580,2010300
340,289,299,952427,5694,41879,2136300
341,294,275,952133,5713,42154,2219600
342,328,291,951805,5750,42445,2107000
343,271,291,951534,5730,42736,2040800
344,319,294,951215,5755,43030,2107000
345,314,264,950901,5805,43294,2208100
346,305,279,950596,5831,43573,1815400
347,305,289,950291,5847,43862,1876000
348,327,312,949964,5862,44174,1804000
349,326,281,949638,5907,44455,2073100
350,334,291,949304,5950,44746,1787000
351,330,294,948974,5986,45040,2070000
352,312,313,948662,5985,45353,2301100
353,320,303,948342,6002,45656,1816300
354,310,303,948032,6009,45959,1938800
355,319,288,947713,6040,46247,2132500
356,314,294,947399,6060,46541,1950100
357,309,295,947090,6074,46836,1996600
358,325,311,946765,6088,47147,1882100
359,319,299,946446,6108,47446,2165200
360,313,320,946133,6101,47766,1908000
361,341,311,945792,6131,48077,1925600
362,309,311,945483,6129,48388,1928900
363,336,306,945147,6159,48694,2266200
364,303,305,944844,6157,48999,1801600
365,302,321,944542,6138,49320,2090400
366,334,326,944208,6146,49646,1963800
367,313,304,943895,6155,49950,1807800
368,323,323,943572,6155,50273,2229700
369,316,333,943256,6138,50606,2082500
370,323,318,942933,6143,50924,2210900
371,368,324,942565,6187,51248,2049400
372,301,290,942264,6198,51538,1871200
373,312,305,941952,6205,51843,1906400
374,336,302,941616,6239,52145,1927300
375,295,324,941321,6210,52469,1910600
376,310,293,941011,6227,52762,1953100
377,317,282,940694,6262,53044,1906800
378,330,316,940364,6276,53360,2211300
379,346,308,940018,6314,53668,2095600
380,304,331,939714,6287,53999,2227600
381,317,318,939397,6286,54317,2173900
382,345,287,939052,6344,54604,2025200
383,330,331,938722,6343,54935,2191200
384,335,342,938387,6336,55277,2127300
385,322,293,938065,6365,55570,2170900
386,305,365,937760,6305,55935,2061400
387,341,294,937419,6352,56229,2009000
388,321,332,937098,6341,56561,1988700
389,320,337,936778,6324,56898,1766500
390,334,313,936444,6345,57211,2041000
391,357,279,936087,6423,57490,2142900
392,331,349,935756,6405,57839,2326800
393,374,354,935382,6425,58193,2083200
394,332,307,935050,6450,58500,2177800
395,335,347,934715,6438,58847,2142000
396,336,352,934379,6422,59199,2296000
397,332,313,934047,6441,59512,2023700
398,336,314,933711,6463,59826,2247100
399,376,318,933335,6521,60144,2205400
400,370,306,932965,6585,60450,2249200
401,346,330,932619,6601,60780,2073300
402,366,349,932253,6618,61129,1944400
403,372,352,931881,6638,61481,2032500
404,367,339,931514,6666,61820,2070300
405,386,365,931128,6687,62185,2104700
406,360,323,930768,6724,62508,2388100
407,372,328,930396,6768,62836,1986400
408,354,372,930042,6750,63208,2057400
409,340,347,929702,6743,63555,2002700
410,373,338,929329,6778,63893,2152900
411,367,351,928962,6794,64244,2304500
412,363,333,928599,6824,64577,2027500
413,380,350,928219,6854,64927,2114800
414,362,341,927857,6875,65268,1980900
415,368,329,927489,6914,65597,1928000
416,370,365,927119,6919,65962,2020800
417,388,352,926731,6955,66314,1988200
418,384,364,926347,6975,66678,2243200
419,402,364,925945,7013,67042,2249300
420,375,357,925570,7031,67399,1863100
421,392,359,925178,7064,67758,2171200
422,377,322,924801,7119,68080,1856200
423,361,344,924440,7136,68424,2058300
424,414,364,924026,7186,68788,2002500
425,379,370,923647,7195,69158,1981900
426,369,350,923278,7214,69508,1980000
427,408,364,922870,7258,69872,1934600
428,376,356,922494,7278,70228,1859500
429,379,335,922115,7322,70563,1788400
430,364,363,921751,7323,70926,2302700
431,382,359,921369,7346,71285,1820400
432,381,385,920988,7342,71670,2574000
433,388,341,920600,7389,72011,2092000
434,377,333,920223,7433,72344,2028100
435,408,396,919815,7445,72740,2168200
436,418,363,919397,7500,73103,1978600
437,384,379,919013,7505,73482,2440600
438,427,353,918586,7579,73835,2116100
439,425,375,918161,7629,74210,1950100
440,388,396,917773,7621,74606,2177500
441,402,361,917371,7662,74967,2097700
442,416,375,916955,7703,75342,2082800
443,423,385,916532,7741,75727,2234000
444,431,371,916101,7801,76098,1996700
445,403,416,915698,7788,76514,2092300
446,419,400,915279,7807,76914,1914000
447,389,386,914890,7810,77300,1731200
448,413,401,914477,7822,77701,1898100
449,411,359,914066,7874,78060,1868500
450,410,402,913656,7882,78462,1738600
451,415,408,913241,7889,78870,2178800
452,390,415,912851,7864,79285,2036500
453,432,368,912419,7928,79653,2095500
454,411,378,912008,7961,80031,1772100
455,406,413,911602,7954,80444,2121000
456,395,370,911207,7979,80814,1987900
457,407,370,910800,8016,81184,2188100
458,412,435,910388,7993,81619,2058500
459,405,379,909983,8019,81998,2252300
460,407,459,909576,7967,82457,1956700
461,400,393,909176,7974,82850,2181300
462,439,417,908737,7996,83267,2059400
463,404,423,908333,7977,83690,1915500
464,420,384,907913,8013,84074,1973900
465,446,419,907467,8040,84493,1928400
466,405,413,907062,8032,84906,1907400
467,441,399,906621,8074,85305,1952300
468,414,390,906207,8098,85695,1954600
469,416,378,905791,8136,86073,2178900
470,435,411,905356,8160,86484,1982900
471,421,411,904935,8170,86895,2370500
472,404,375,904531,8199,87270,2146600
473,430,438,904101,8191,87708,1772700
474,466,404,903635,8253,88112,2177900
475,436,399,903199,8290,88511,2165800
476,412,403,902787,8299,88914,2159000
477,425,410,902362,8314,89324,2351000
478,439,378,901923,8375,89702,2126500
479,433,408,901490,8400,90110,1929500
480,427,454,901063,8373,90564,2085900
481,426,376,900637,8423,90940,2063900
482,495,429,900142,8489,91369,2192000
483,456,411,899686,8534,91780,2061400
484,471,422,899215,8583,92202,2285600
485,445,461,898770,8567,92663,2156800
486,424,423,898346,8568,93086,2046300
487,427,410,897919,8585,93496,1984300
488,433,436,897486,8582,93932,1928100
489,411,439,897075,8554,94371,1930600
490,447,403,896628,8598,94774,2237400
491,434,454,896194,8578,95228,2134700
492,415,443,895779,8550,95671,2087400
493,423,417,895356,8556,96088,2088000
494,445,409,894911,8592,96497,1889900
495,434,418,894477,8608,96915,2373600
496,426,413,894051,8621,97328,1976900
497,453,442,893598,8632,97770,1919500
498,411,430,893187,8613,98200,1929800
499,412,459,892775,8566,98659,1926600
500,453,400,892322,8619,99059,1949700
501,443,436,891879,8626,99495,1965900
502,436,417,891443,8645,99912,1951700
503,480,416,890963,8709,100328,1924100
504,480,429,890483,8760,100757,1987000
505,497,429,889986,8828,101186,1918600
506,447,452,889539,8823,101638,2057200
507,453,437,889086,8839,102075,1982700
508,458,484,888628,8813,102559,2063100
509,468,444,888160,8837,103003,2172900
510,449,462,887711,8824,103465,1820100
511,469,435,887242,8858,103900,1906000
512,479,403,886763,8934,104303,1918100
513,494,451,886269,8977,104754,1922600
514,465,453,885804,8989,105207,1725000
515,499,424,885305,9064,105631,2052200
516,464,455,884841,9073,106086,1941100
517,475,433,884366,9115,106519,2179100
518,478,461,883888,9132,106980,1935700
519,449,499,883439,9082,107479,2064000
520,442,447,882997,9077,107926,1803700
521,481,465,882516,9093,108391,1857200
522,479,433,882037,9139,108824,2073900
523,484,446,881553,9177,109270,2103300
524,489,448,881064,9218,109718,1971400
525,467,438,880597,9247,110156,1923300
526,502,402,880095,9347,110558,2039700
527,464,475,879631,9336,111033,1938500
528,479,496,879152,9319,111529,1923000
529,496,459,878656,9356,111988,2022000
530,498,429,878158,9425,112417,2008000
531,461,504,877697,9382,112921,2104100
532,441,466,877256,9357,113387,1960900
533,472,463,876784,9366,113850,1927800
534,510,468,876274,9408,114318,1933900
535,450,480,875824,9378,114798,1859600
536,460,460,875364,9378,115258,1987500
537,458,485,874906,9351,115743,2147600
538,473,455,874433,9369,116198,1936100
539,441,451,873992,9359,116649,1926000
540,472,466,873520,9365,117115,1908200
541,422,450,873098,9337,117565,1957200
542,459,433,872639,9363,117998,2138800
543,467,454,872172,9376,118452,2100800
544,442,467,871730,9351,118919,1944100
545,476,490,871254,9337,119409,1962600
546,408,473,870846,9272,119882,1976800
547,427,449,870419,9250,120331,2015000
548,435,466,869984,9219,120797,2164800
549,425,450,869559,9194,121247,2125500
550,449,468,869110,9175,121715,2151500
551,417,470,868693,9122,122185,2333900
552,438,438,868255,9122,122623,1957400
553,404,456,867851,9070,123079,2293200
554,472,489,867379,9053,123568,1905200
555,431,464,866948,9020,124032,1828200
556,452,406,866496,9066,124438,1951800
557,441,415,866055,9092,124853,2007700
558,469,444,865586,9117,125297,2272000
559,426,477,865160,9066,125774,2012500
560,435,468,864725,9033,126242,1988800
561,467,465,864258,9035,126707,1969600
562,482,475,863776,9042,127182,2149700
563,475,440,863301,9077,127622,2398800
564,488,508,862813,9057,128130,2317400
565,454,475,862359,9036,128605,2030600
566,485,447,861874,9074,129052,1918800
567,491,457,861383,9108,129509,1991900
568,445,437,860938,9116,129946,1970200
569,444,457,860494,9103,130403,2131600
570,465,470,860029,9098,130873,2085600
571,512,453,859517,9157,131326,2003100
572,511,475,859006,9193,131801,1954200
573,511,470,858495,9234,132271,1847400
574,467,462,858028,9239,132733,1947900
575,503,442,857525,9300,133175,1932000
576,484,476,857041,9308,133651,1867700
577,510,456,856531,9362,134107,2043600
578,487,475,856044,9374,134582,1984200
579,501,484,855543,9391,135066,1899000
580,476,444,855067,9423,135510,2186600
581,440,498,854627,9365,136008,1983800
582,497,478,854130,9384,136486,2088500
583,456,468,853674,9372,136954,2066100
584,455,430,853219,9397,137384,2178900
585,492,431,852727,9458,137815,2027700
586,516,470,852211,9504,138285,1909900
587,522,478,851689,9548,138763,1823200
588,536,469,851153,9615,139232,1970400
589,473,477,850680,9611,139709,1994100
590,495,468,850185,9638,140177,2128600
591,437,472,849748,9603,140649,2083400
592,457,514,849291,9546,141163,1970000
593,484,490,848807,9540,141653,2176000
594,466,482,848341,9524,142135,1975300
595,433,477,847908,9480,142612,2364300
596,463,468,847445,9475,143080,2160100
597,477,508,846968,9444,143588,2094700
598,442,463,846526,9423,144051,1991800
599,498,449,846028,9472,144500,2144400
600,455,478,845573,9449,144978,2046700
601,460,469,845113,9440,145447,1847300
602,517,470,844596,9487,145917,1842200
603,480,494,844116,9473,146411,1853800
604,438,479,843678,9432,146890,2012100
605,470,484,843208,9418,147374,2014200
606,445,477,842763,9386,147851,1991500
607,426,489,842337,9323,148340,2001500
608,489,471,841848,9341,148811,1888600
609,444,462,841404,9323,149273,1834100
610,461,462,840943,9322,149735,2218000
611,482,459,840461,9345,150194,2129100
612,474,448,839987,9371,150642,2084500
613,490,469,839497,9392,151111,1985800
614,483,451,839014,9424,151562,2054900
615,451,478,838563,9397,152040,2175100
616,472,471,838091,9398,152511,1980100
617,482,458,837609,9422,152969,2158500
618,457,504,837152,9375,153473,2355600
619,455,472,836697,9358,153945,2083300
620,477,449,836220,9386,154394,2140900
621,501,473,835719,9414,154867,1966600
622,444,481,835275,9377,155348,2034700
623,449,477,834826,9349,155825,1937200
624,470,466,834356,9353,156291,1901800
625,417,474,833939,9296,156765,2018400
626,479,448,833460,9327,157213,2095000
627,462,475,832998,9314,157688,2019200
628,474,479,832524,9309,158167,1986400
629,480,447,832044,9342,158614,2001900
630,435,461,831609,9316,159075,2129200
631,477,455,831132,9338,159530,1942700
632,480,481,830652,9337,160011,2061500
633,474,461,830178,9350,160472,1913700
634,465,467,829713,9348,160939,1826900
635,447,474,829266,9321,161413,1973400
636,448,457,828818,9312,161870,1859800
637,459,464,828359,9307,162334,1965300
638,458,473,827901,9292,162807,2065500
639,464,455,827437,9301,163262,1939900
640,436,466,827001,9271,163728,1905800
641,482,503,826519,9250,164231,1904200
642,468,482,826051,9236,164713,1913300
643,485,472,825566,9249,165185,2309100
644,509,493,825057,9265,165678,1937700
645,479,469,824578,9275,166147,1919200
646,469,442,824109,9302,166589,2129200
647,491,505,823618,9288,167094,1877000
648,473,454,823145,9307,167548,1941100
649,435,446,822710,9296,167994,1853700
650,478,486,822232,9288,168480,2003700
651,454,475,821778,9267,168955,2238600
652,476,443,821302,9300,169398,2057300
653,466,491,820836,9275,169889,1882500
654,489,459,820347,9305,170348,2044900
655,521,465,819826,9361,170813,1860700
656,481,418,819345,9424,171231,2010100
657,466,470,818879,9420,171701,2180800
658,493,499,818386,9414,172200,1802800
659,519,491,817867,9442,172691,1812600
660,498,459,817369,9481,173150,2284200
661,474,486,816895,9469,173636,1903100
662,485,459,816410,9495,174095,2049300
663,514,485,815896,9524,174580,2206000
664,515,468,815381,9571,175048,1763700
665,498,498,814883,9571,175546,1817400
666,517,490,814366,9598,176036,2209500
667,502,465,813864,9635,176501,2148100
668,516,470,813348,9681,176971,2351500
669,518,483,812830,9716,177454,1901400
670,479,498,812351,9697,177952,1821000
671,499,492,811852,9704,178444,1835100
672,520,471,811332,9753,178915,2071400
673,515,465,810817,9803,179380,1839800
674,471,509,810346,9765,179889,1994500
675,484,466,809862,9783,180355,2033500
676,477,510,809385,9750,180865,1960300
677,489,516,808896,9723,181381,2076500
678,484,510,808412,9697,181891,1815100
679,489,496,807923,9690,182387,2012200
680,521,526,807402,9685,182913,1831100
681,504,479,806898,9710,183392,2205500
682,490,474,806408,9726,183866,2146600
683,483,474,805925,9735,184340,2058500
684,485,489,805440,9731,184829,2291500
685,486,474,804954,9743,185303,2075400
686,474,480,804480,9737,185783,1984100
687,502,509,803978,9730,186292,1992600
688,445,525,803533,9650,186817,2096300
689,472,528,803061,9594,187345,2092500
690,501,477,802560,9618,187822,2206800
691,459,484,802101,9593,188306,1729000
692,483,452,801618,9624,188758,2078200
693,521,470,801097,9675,189228,2074000
694,486,480,800611,9681,189708,2019500
695,485,482,800126,9684,190190,2148900
696,483,479,799643,9688,190669,2079400
697,484,484,799159,9688,191153,1949200
698,501,488,798658,9701,191641,2110600
699,476,500,798182,9677,192141,1968900
700,485,534,797697,9628,192675,1946900
701,490,479,797207,9639,193154,2037300
702,520,491,796687,9668,193645,2107100
703,511,476,796176,9703,194121,2182600
704,522,501,795654,9724,194622,2103200
705,456,478,795198,9702,195100,2288200
706,464,464,794734,9702,195564,2163600
707,510,473,794224,9739,196037,2036600
708,495,492,793729,9742,196529,1857300
709,495,491,793234,9746,197020,2118000
710,491,508,792743,9729,197528,1795100
711,478,464,792265,9743,197992,1851100
712,548,446,791717,9845,198438,1987600
713,494,485,791223,9854,198923,1730900
714,524,487,790699,9891,199410,2331900
715,477,495,790222,9873,199905,2070300
716,512,492,789710,9893,200397,1943300
717,492,465,789218,9920,200862,2171100
718,508,471,788710,9957,201333,1812200
719,481,473,788229,9965,201806,2088200
720,483,517,787746,9931,202323,2135700
721,527,493,787219,9965,202816,1954400
722,516,518,786703,9963,203334,2057200
723,491,465,786212,9989,203799,1839600
724,498,500,785714,9987,204299,1993900
725,486,521,785228,9952,204820,2119600
726,486,481,784742,9957,205301,2214700
727,509,531,784233,9935,205832,2098900
728,519,492,783714,9962,206324,2428000
729,494,498,783220,9958,206822,1994400
730,494,479,782726,9973,207301,1996300
731,499,476,782227,9996,207777,2163600
732,472,528,781755,9940,208305,1938200
733,516,525,781239,9931,208830,2093400
734,540,501,780699,9970,209331,1965700
735,472,479,780227,9963,209810,1948000
736,516,455,779711,10024,210265,2127600
737,502,509,779209,10017,210774,1999900
738,527,491,778682,10053,211265,2108100
739,531,512,778151,10072,211777,1968100
740,481,488,777670,10065,212265,2153200
741,529,485,777141,10109,212750,2391300
742,507,529,776634,10087,213279,1855000
743,473,478,776161,10082,213757,2278500
744,468,514,775693,10036,214271,2042000
745,548,485,775145,10099,214756,2006400
746,478,505,774667,10072,215261,2098600
747,519,506,774148,10085,215767,1828600
748,550,515,773598,10120,216282,1989600
749,528,470,773070,10178,216752,2146100
750,520,498,772550,10200,217250,2074300
751,516,545,772034,10171,217795,2078100
752,526,487,771508,10210,218282,2108900
753,497,495,771011,10212,218777,1910600
754,485,522,770526,10175,219299,2585300
755,512,511,770014,10176,219810,2154100
756,490,497,769524,10169,220307,1930200
757,513,519,769011,10163,220826,2095600
758,507,533,768504,10137,221359,2002200
759,525,522,767979,10140,221881,1719000
760,453,481,767526,10112,222362,2013000
761,467,503,767059,10076,222865,2045600
762,471,494,766588,10053,223359,2171600
763,473,516,766115,10010,223875,1820300
764,450,471,765665,9989,224346,1824400
765,470,511,765195,9948,224857,2030500
766,511,498,764684,9961,225355,2141400
767,462,535,764222,9888,225890,2024100
768,488,529,763734,9847,226419,2259200
769,452,481,763282,9818,226900,1960700
770,471,480,762811,9809,227380,1851500
771,461,499,762350,9771,227879,1966200
772,520,509,761830,9782,228388,1965800
773,483,468,761347,9797,228856,2165700
774,503,495,760844,9805,229351,2016700
775,485,475,760359,9815,229826,1966600
776,463,490,759896,9788,230316,1970500
777,464,469,759432,9783,230785,1796100
778,478,471,758954,9790,231256,1813200
779,490,465,758464,9815,231721,2218800
780,497,528,757967,9784,232249,2114600
781,474,507,757493,9751,232756,1863300
782,469,502,757024,9718,233258,2030200
783,485,485,756539,9718,233743,1793100
784,500,480,756039,9738,234223,1886400
785,481,483,755558,9736,234706,2220500
786,510,464,755048,9782,235170,2001900
787,511,504,754537,9789,235674,2127500
788,475,492,754062,9772,236166,1819200
789,489,462,753573,9799,236628,1975200
790,544,462,753029,9881,237090,1830700
791,538,481,752491,9938,237571,1854200
792,565,479,751926,10024,238050,2307000
793,547,531,751379,10040,238581,1956500
794,538,492,750841,10086,239073,2029400
795,537,513,750304,10110,239586,2170000
796,522,541,749782,10091,240127,1994600
797,520,511,749262,10100,240638,1922700
798,514,481,748748,10133,241119,1929000
799,504,486,748244,10151,241605,2141300
800,532,511,747712,10172,242116,2081000
801,552,536,747160,10188,242652,1986700
802,535,488,746625,10235,243140,1912700
803,509,514,746116,10230,243654,1978100
804,512,521,745604,10221,244175,2099200
805,541,480,745063,10282,244655,1986800
806,508,525,744555,10265,245180,1982300
807,538,550,744017,10253,245730,2097700
808,546,493,743471,10306,246223,2422900
809,529,520,742942,10315,246743,2067200
810,511,527,742431,10299,247270,2191700
811,545,495,741886,10349,247765,2130700
812,568,555,741318,10362,248320,2072600
813,518,519,740800,10361,248839,1739400
814,534,535,740266,10360,249374,1754400
815,503,517,739763,10346,249891,2548500
816,495,509,739268,10332,250400,1965700
817,552,528,738716,10356,250928,1957600
818,540,550,738176,10346,251478,1821500
819,542,486,737634,10402,251964,2066300
820,521,538,737113,10385,252502,1873100
821,493,542,736620,10336,253044,2094400
822,539,481,736081,10394,253525,2116800
823,545,556,735536,10383,254081,2063200
824,523,529,735013,10377,254610,1925300
825,502,500,734511,10379,255110,2100800
826,524,513,733987,10390,255623,2206200
827,542,534,733445,10398,256157,2337600
828,556,517,732889,10437,256674,2333900
829,513,539,732376,10411,257213,1883600
830,500,534,731876,10377,257747,1842300
831,510,522,731366,10365,258269,1831500
832,501,523,730865,10343,258792,1818700
833,544,508,730321,10379,259300,2297700
834,511,527,729810,10363,259827,1961600
835,536,522,729274,10377,260349,2195500
836,531,532,728743,10376,260881,2280100
837,489,556,728254,10309,261437,1932900
838,573,507,727681,10375,261944,2022900
839,552,514,727129,10413,262458,1953400
840,538,507,726591,10444,262965,1851600
841,511,519,726080,10436,263484,1832100
842,525,551,725555,10410,264035,1837500
843,555,487,725000,10478,264522,2131100
844,559,522,724441,10515,265044,2197200
845,510,555,723931,10470,265599,1924200
846,505,499,723426,10476,266098,1890500
847,546,473,722880,10549,266571,1885900
848,578,526,722302,10601,267097,1948400
849,573,534,721729,10640,267631,1978600
850,536,547,721193,10629,268178,1934300
851,521,522,720672,10628,268700,1895300
852,549,515,720123,10662,269215,1980300
853,550,522,719573,10690,269737,1969800
854,559,535,719014,10714,270272,2096100
855,511,552,718503,10673,270824,1810700
856,576,530,717927,10719,271354,2119300
857,534,502,717393,10751,271856,1835600
858,540,542,716853,10749,272398,2129700
859,523,552,716330,10720,272950,2289600
860,560,531,715770,10749,273481,1880500
861,525,549,715245,10725,274030,2107100
862,537,549,714708,10713,274579,2094800
863,546,547,714162,10712,275126,2084400
864,524,528,713638,10708,275654,1942600
865,513,510,713125,10711,276164,1753000
866,524,545,712601,10690,276709,1802400
867,529,537,712072,10682,277246,2347600
868,559,518,711513,10723,277764,1983800
869,536,584,710977,10675,278348,1978500
870,568,525,710409,10718,278873,2005200
871,533,543,709876,10708,279416,1969900
872,491,530,709385,10669,279946,1972400
873,529,524,708856,10674,280470,2114800
874,548,530,708308,10692,281000,2109200
875,527,500,707781,10719,281500,2124700
876,518,534,707263,10703,282034,2110700
877,541,539,706722,10705,282573,2330100
878,526,528,706196,10703,283101,2249000
879,506,508,705690,10701,283609,2065500
880,502,508,705188,10695,284117,1845800
881,534,536,704654,10693,284653,2096000
882,526,556,704128,10663,285209,2010600
883,524,537,703604,10650,285746,1999900
884,552,502,703052,10700,286248,1958900
885,515,540,702537,10675,286788,1919600
886,513,548,702024,10640,287336,1991500
887,538,500,701486,10678,287836,2114100
888,521,533,700965,10666,288369,1993600
889,510,534,700455,10642,288903,2033900
890,551,478,699904,10715,289381,2133400
891,511,499,699393,10727,289880,2384000
892,550,591,698843,10686,290471,2078000
893,553,502,698290,10737,290973,2185300
894,572,519,697718,10790,291492,2136500
895,527,550,697191,10767,292042,1978600
896,532,567,696659,10732,292609,1920300
897,545,553,696114,10724,293162,1989700
898,523,531,695591,10716,293693,1979600
899,522,550,695069,10688,294243,2005800
900,537,535,694532,10690,294778,2092800
901,547,550,693985,10687,295328,2111700
902,509,587,693476,10609,295915,2216000
903,564,539,692912,10634,296454,2354600
904,563,533,692349,10664,296987,2210300
905,494,533,691855,10625,297520,1788400
906,520,539,691335,10606,298059,1925600
907,541,527,690794,10620,298586,2222600
908,518,540,690276,10598,299126,1979700
909,562,507,689714,10653,299633,2148300
910,548,538,689166,10663,300171,2029700
911,526,548,688640,10641,300719,1998200
912,564,549,688076,10656,301268,2007400
913,542,518,687534,10680,301786,1969200
914,519,529,687015,10670,302315,2152700
915,532,508,686483,10694,302823,2010600
916,548,506,685935,10736,303329,1855200
917,537,539,685398,10734,303868,1880300
918,514,531,684884,10717,304399,1989100
919,568,518,684316,10767,304917,1926800
920,558,563,683758,10762,305480,1972000
921,543,562,683215,10743,306042,1851500
922,538,537,682677,10744,306579,1881800
923,522,553,682155,10713,307132,1863100
924,562,542,681593,10733,307674,2154000
925,560,561,681033,10732,308235,1838700
926,490,563,680543,10659,308798,2272900
927,557,534,679986,10682,309332,1937400
928,573,554,679413,10701,309886,1915000
929,568,544,678845,10725,310430,1993400
930,551,555,678294,10721,310985,2112100
931,543,512,677751,10752,311497,2054700
932,564,553,677187,10763,312050,1935300
933,546,557,676641,10752,312607,1926000
934,532,539,676109,10745,313146,2163300
935,599,522,675510,10822,313668,2108800
936,543,536,674967,10829,314204,1853400
937,538,560,674429,10807,314764,1945600
938,533,536,673896,10804,315300,2022200
939,500,520,673396,10784,315820,2136900
940,512,541,672884,10755,316361,2071800
941,519,589,672365,10685,316950,1966200
942,568,542,671797,10711,317492,1904000
943,523,541,671274,10693,318033,1998800
944,537,530,670737,10700,318563,1875200
945,513,564,670224,10649,319127,1802800
946,516,500,669708,10665,319627,2062300
947,541,513,669167,10693,320140,2046800
948,503,557,668664,10639,320697,2129100
949,538,538,668126,10639,321235,2070100
950,510,563,667616,10586,321798,2238800
951,505,556,667111,10535,322354,1941700
952,535,540,666576,10530,322894,1956800
953,540,535,666036,10535,323429,2040100
954,531,525,665505,10541,323954,2192200
955,529,506,664976,10564,324460,2106700
956,523,515,664453,10572,324975,2280000
957,562,537,663891,10597,325512,2216400
958,551,539,663340,10609,326051,2132900
959,508,511,662832,10606,326562,1871000
960,536,552,662296,10590,327114,2093700
961,529,536,661767,10583,327650,2138900
962,597,527,661170,10653,328177,2103300
963,535,519,660635,10669,328696,2326000
964,526,545,660109,10650,329241,1917200
965,508,538,659601,10620,329779,2046600
966,523,524,659078,10619,330303,2101700
967,506,525,658572,10600,330828,2008500
968,536,521,658036,10615,331349,1916100
969,501,506,657535,10610,331855,1886900
970,523,547,657012,10586,332402,2003400
971,539,527,656473,10598,332929,1829100
972,541,514,655932,10625,333443,2018200
973,552,518,655380,10659,333961,2173300
974,527,564,654853,10622,334525,2212200
975,530,541,654323,10611,335066,1899200
976,547,536,653776,10622,335602,2033500
977,555,549,653221,10628,336151,2062300
978,532,546,652689,10614,336697,1928900
979,548,531,652141,10631,337228,1891500
980,513,490,651628,10654,337718,2156500
981,552,550,651076,10656,338268,2015800
982,510,511,650566,10655,338779,1887000
983,502,533,650064,10624,339312,1843000
984,534,544,649530,10614,339856,2023800
985,531,588,648999,10557,340444,1979700
986,507,554,648492,10510,340998,2187700
987,536,499,647956,10547,341497,1851900
988,521,519,647435,10549,342016,1992600
989,541,525,646894,10565,342541,2123300
990,536,558,646358,10543,343099,2147000
991,530,492,645828,10581,343591,1851400
992,539,492,645289,10628,344083,1841500
993,541,516,644748,10653,344599,1765000
994,511,543,644237,10621,345142,2058500
995,529,510,643708,10640,345652,2055500
996,543,515,643165,10668,346167,2069900
997,537,565,642628,10640,346732,2135400
998,551,536,642077,10655,347268,2254000
999,509,547,641568,10617,347815,2356300
1000,517,551,641051,10583,348366,2071300
1001,570,488,640481,10665,348854,2072000
1002,568,551,639913,10682,349405,2210400
1003,558,550,639355,10690,349955,2117400
1004,554,534,638801,10710,350489,1933400
1005,506,540,638295,10676,351029,1998600
1006,557,504,637738,10729,351533,1926300
1007,544,501,637194,10772,352034,2001400
1008,547,485,636647,10834,352519,2101900
1009,534,549,636113,10819,353068,2146600
1010,539,538,635574,10820,353606,2418600
1011,573,535,635001,10858,354141,2158900
1012,518,545,634483,10831,354686,1974000
1013,532,522,633951,10841,355208,2175300
1014,520,548,633431,10813,355756,1843400
1015,546,557,632885,10802,356313,2734300
1016,569,515,632316,10856,356828,4241400
1017,563,551,631753,10868,357379,3151000
1018,541,519,631212,10890,357898,2912700
1019,574,533,630638,10931,358431,3006700
1020,545,520,630093,10956,358951,2945300
1021,526,559,629567,10923,359510,2729900
1022,576,569,628991,10930,360079,2666300
1023,564,549,628427,10945,360628,5920900
1024,571,572,627856,10944,361200,4392600
1025,561,565,627295,10940,361765,2543500
1026,567,557,626728,10950,362322,2523100
1027,544,559,626184,10935,362881,2373400
1028,560,540,625624,10955,363421,2309600
1029,544,551,625080,10948,363972,2382000
1030,525,580,624555,10893,364552,1995000
1031,550,558,624005,10885,365110,2020100
1032,554,560,623451,10879,365670,1955400
1033,521,559,622930,10841,366229,2113700
1034,574,540,622356,10875,366769,1866500
1035,564,540,621792,10899,367309,1900500
1036,559,551,621233,10907,367860,2395100
1037,568,520,620665,10955,368380,2456200
1038,528,518,620137,10965,368898,2401200
1039,530,547,619607,10948,369445,2436900
1040,506,570,619101,10884,370015,2035500
1041,517,556,618584,10845,370571,1983800
1042,535,579,618049,10801,371150,2000100
1043,517,484,617532,10834,371634,2015500
1044,534,578,616998,10790,372212,1980900
1045,523,558,616475,10755,372770,2099000
1046,510,536,615965,10729,373306,1991800
1047,522,494,615443,10757,373800,2177600
1048,513,543,614930,10727,374343,2182200
1049,546,540,614384,10733,374883,2024500
1050,504,563,613880,10674,375446,2022500
1051,536,511,613344,10699,375957,2072000
1052,537,520,612807,10716,376477,1943500
1053,517,560,612290,10673,377037,1968400
1054,535,557,611755,10651,377594,1843900
1055,511,561,611244,10601,378155,1918800
1056,489,537,610755,10553,378692,1825300
1057,501,552,610254,10502,379244,1903600
1058,469,503,609785,10468,379747,2263800
1059,487,497,609298,10458,380244,2163400
1060,467,483,608831,10442,380727,1918600
1061,512,508,608319,10446,381235,1930500
1062,494,510,607825,10430,381745,1955300
1063,526,525,607299,10431,382270,1925100
1064,507,550,606792,10388,382820,2168500
1065,504,521,606288,10371,383341,2182600
1066,486,520,605802,10337,383861,2199800
1067,504,512,605298,10329,384373,2026800
1068,516,501,604782,10344,384874,1832300
1069,489,507,604293,10326,385381,2289900
1070,525,519,603768,10332,385900,2314300
1071,511,512,603257,10331,386412,1825600
1072,486,481,602771,10336,386893,2333600
1073,520,503,602251,10353,387396,2063500
1074,507,515,601744,10345,387911,1919400
1075,521,505,601223,10361,388416,1911300
1076,548,516,600675,10393,388932,1949000
1077,529,496,600146,10426,389428,2102100
1078,525,547,599621,10404,389975,2117600
1079,554,493,599067,10465,390468,1973400
1080,542,536,598525,10471,391004,1937500
1081,560,492,597965,10539,391496,1953600
1082,535,539,597430,10535,392035,2126300
1083,527,538,596903,10524,392573,1993000
1084,578,537,596325,10565,393110,1933100
1085,570,554,595755,10581,393664,1974200
1086,560,519,595195,10622,394183,2196300
1087,555,563,594640,10614,394746,1843500
1088,558,518,594082,10654,395264,1799200
1089,531,520,593551,10665,395784,1929600
1090,556,556,592995,10665,396340,2046800
1091,554,538,592441,10681,396878,2139500
1092,523,560,591918,10644,397438,2038000
1093,544,558,591374,10630,397996,1940600
1094,569,562,590805,10637,398558,1757200
1095,572,531,590233,10678,399089,1838600
1096,581,555,589652,10704,399644,1832900
1097,538,546,589114,10696,400190,2301700
1098,546,542,588568,10700,400732,2150300
1099,563,523,588005,10740,401255,1967200
1100,499,535,587506,10704,401790,2030100
1101,512,538,586994,10678,402328,2060300
1102,546,519,586448,10705,402847,2108100
1103,578,556,585870,10727,403403,2206100
1104,577,519,585293,10785,403922,2234400
1105,586,552,584707,10819,404474,2048500
1106,485,511,584222,10793,404985,1897600
1107,520,567,583702,10746,405552,1976500
1108,510,558,583192,10698,406110,1933000
1109,496,591,582696,10603,406701,2038300
1110,500,539,582196,10564,407240,2269000
1111,537,492,581659,10609,407732,2094900
1112,536,510,581123,10635,408242,1949700
1113,534,523,580589,10646,408765,1763000
1114,566,551,580023,10661,409316,2053700
1115,532,532,579491,10661,409848,2201000
1116,507,586,578984,10582,410434,1885300
1117,536,519,578448,10599,410953,1823700
1118,508,540,577940,10567,411493,2218500
1119,495,539,577445,10523,412032,2114900
1120,527,491,576918,10559,412523,1984400
1121,494,537,576424,10516,413060,1984300
1122,483,539,575941,10460,413599,2084800
1123,523,532,575418,10451,414131,2026200
1124,548,511,574870,10488,414642,1929400
1125,484,540,574386,10432,415182,1949000
1126,544,513,573842,10463,415695,1913600
1127,480,518,573362,10425,416213,1939200
1128,543,496,572819,10472,416709,1877000
1129,524,545,572295,10451,417254,1845900
1130,521,563,571774,10409,417817,1866300
1131,540,523,571234,10426,418340,1921900
1132,509,524,570725,10411,418864,2082800
1133,549,511,570176,10449,419375,1946600
1134,493,519,569683,10423,419894,1997700
1135,512,523,569171,10412,420417,2063900
1136,532,500,568639,10444,420917,2026700
1137,524,511,568115,10457,421428,2153200
1138,564,548,567551,10473,421976,2433900
1139,560,555,566991,10478,422531,1977900
1140,569,542,566422,10505,423073,1986600
1141,529,524,565893,10510,423597,2396900
1142,551,567,565342,10494,424164,1980200
1143,521,523,564821,10492,424687,2266500
1144,515,514,564306,10493,425201,2245600
1145,558,571,563748,10480,425772,1991100
1146,531,497,563217,10514,426269,1969200
1147,509,504,562708,10519,426773,1941300
1148,534,521,562174,10532,427294,1972500
1149,533,506,561641,10559,427800,1970200
1150,561,480,561080,10640,428280,1998600
1151,515,534,560565,10621,428814,2086300
1152,516,561,560049,10576,429375,1958700
1153,541,527,559508,10590,429902,1945000
1154,535,532,558973,10593,430434,1746000
1155,518,511,558455,10600,430945,2052900
1156,522,519,557933,10603,431464,2149800
1157,506,510,557427,10599,431974,2277900
1158,558,541,556869,10616,432515,1943800
1159,531,537,556338,10610,433052,2161100
1160,573,539,555765,10644,433591,2144300
1161,551,502,555214,10693,434093,1921500
1162,567,547,554647,10713,434640,2354100
1163,538,551,554109,10700,435191,2139600
1164,536,495,553573,10741,435686,2100100
1165,567,531,553006,10777,436217,2084700
1166,548,516,552458,10809,436733,1898000
1167,575,537,551883,10847,437270,2118500
1168,536,526,551347,10857,437796,1960500
1169,549,582,550798,10824,438378,2124200
1170,597,549,550201,10872,438927,2251500
1171,564,552,549637,10884,439479,2054500
1172,553,546,549084,10891,440025,2018700
1173,572,522,548512,10941,440547,1994900
1174,594,564,547918,10971,441111,2029800
1175,543,578,547375,10936,441689,1896200
1176,563,549,546812,10950,442238,2093700
1177,569,573,546243,10946,442811,1915600
1178,547,546,545696,10947,443357,1823900
1179,551,543,545145,10955,443900,1837400
1180,521,533,544624,10943,444433,1973100
1181,537,531,544087,10949,444964,2344800
1182,555,529,543532,10975,445493,1877400
1183,512,557,543020,10930,446050,2251300
1184,556,545,542464,10941,446595,2148900
1185,559,533,541905,10967,447128,1860200
1186,572,527,541333,11012,447655,2056800
1187,519,538,540814,10993,448193,2180000
1188,542,534,540272,11001,448727,2031500
1189,577,574,539695,11004,449301,1830400
1190,529,602,539166,10931,449903,2066200
1191,520,552,538646,10899,450455,2007300
1192,536,534,538110,10901,450989,2128800
1193,539,544,537571,10896,451533,2109000
1194,540,536,537031,10900,452069,2067500
1195,527,533,536504,10894,452602,1965500
1196,520,541,535984,10873,453143,1904800
1197,521,528,535463,10866,453671,2451300
1198,504,515,534959,10855,454186,2188400
1199,533,581,534426,10807,454767,2086000
1200,534,556,533892,10785,455323,2123100
1201,533,513,533359,10805,455836,1995600
1202,519,527,532840,10797,456363,1851400
1203,508,551,532332,10754,456914,1831700
1204,521,543,531811,10732,457457,1933700
1205,523,554,531288,10701,458011,2028300
1206,561,565,530727,10697,458576,2182800
1207,561,485,530166,10773,459061,1856200
1208,549,540,529617,10782,459601,1914800
1209,521,533,529096,10770,460134,2206400
1210,533,531,528563,10772,460665,2044700
1211,538,538,528025,10772,461203,2039500
1212,541,532,527484,10781,461735,2091700
1213,505,493,526979,10793,462228,1896900
1214,534,520,526445,10807,462748,1879800
1215,506,542,525939,10771,463290,2067100
1216,550,540,525389,10781,463830,1958600
1217,565,529,524824,10817,464359,2092300
1218,552,535,524272,10834,464894,1849700
1219,530,556,523742,10808,465450,1826500
1220,527,550,523215,10785,466000,2023800
1221,490,533,522725,10742,466533,1760700
1222,493,521,522232,10714,467054,2319100
1223,561,570,521671,10705,467624,2053300
1224,539,522,521132,10722,468146,1897000
1225,519,495,520613,10746,468641,1865100
1226,541,569,520072,10718,469210,2086100
1227,568,555,519504,10731,469765,2179200
1228,544,538,518960,10737,470303,2144500
1229,530,520,518430,10747,470823,2024400
1230,580,508,517850,10819,471331,2644000
1231,549,555,517301,10813,471886,2315600
1232,547,570,516754,10790,472456,2274000
1233,540,519,516214,10811,472975,2339200
1234,536,535,515678,10812,473510,2019700
1235,554,495,515124,10871,474005,1925700
1236,545,543,514579,10873,474548,1870300
1237,516,522,514063,10867,475070,2094600
1238,539,514,513524,10892,475584,2109200
1239,527,534,512997,10885,476118,1836900
1240,503,564,512494,10824,476682,2224300
1241,540,547,511954,10817,477229,2213000
1242,505,509,511449,10813,477738,2123700
1243,571,540,510878,10844,478278,1846800
1244,540,534,510338,10850,478812,1892100
1245,567,526,509771,10891,479338,1939100
1246,508,523,509263,10876,479861,2144000
1247,553,552,508710,10877,480413,1988800
1248,566,605,508144,10838,481018,2209800
1249,510,556,507634,10792,481574,2008900
1250,544,538,507090,10798,482112,2021200
1251,536,528,506554,10806,482640,2000000
1252,534,523,506020,10817,483163,2288000
1253,561,569,505459,10809,483732,1901300
1254,536,562,504923,10783,484294,2089800
1255,501,518,504422,10766,484812,1908500
1256,568,515,503854,10819,485327,1812700
1257,555,552,503299,10822,485879,2099900
1258,530,550,502769,10802,486429,1876400
1259,530,534,502239,10798,486963,2319700
1260,541,506,501698,10833,487469,2266200
1261,508,530,501190,10811,487999,2137800
1262,525,541,500665,10795,488540,2253300
1263,543,526,500122,10812,489066,2009300
1264,553,533,499569,10832,489599,2336800
1265,536,539,499033,10829,490138,2175100
1266,528,527,498505,10830,490665,2053100
1267,572,581,497933,10821,491246,2177800
1268,508,504,497425,10825,491750,2009500
1269,556,527,496869,10854,492277,2161200
1270,512,543,496357,10823,492820,2302800
1271,549,557,495808,10815,493377,1838600
1272,551,573,495257,10793,493950,2253700
1273,528,493,494729,10828,494443,1976500
1274,574,554,494155,10848,494997,1813300
1275,536,476,493619,10908,495473,2220200
1276,559,548,493060,10919,496021,2156600
1277,513,533,492547,10899,496554,1946800
1278,561,555,491986,10905,497109,1938700
1279,523,560,491463,10868,497669,2019000
1280,514,507,490949,10875,498176,1939200
1281,546,550,490403,10871,498726,2096200
1282,517,509,489886,10879,499235,2150300
1283,542,542,489344,10879,499777,2414500
1284,548,570,488796,10857,500347,2220500
1285,534,513,488262,10878,500860,2088700
1286,579,558,487683,10899,501418,2128500
1287,546,564,487137,10881,501982,2137500
1288,574,554,486563,10901,502536,2386100
1289,571,537,485992,10935,503073,2265100
1290,516,541,485476,10910,503614,2039500
1291,542,550,484934,10902,504164,2138700
1292,518,528,484416,10892,504692,1955400
1293,509,565,483907,10836,505257,2037700
1294,535,552,483372,10819,505809,2107300
1295,540,532,482832,10827,506341,2214400
1296,589,549,482243,10867,506890,2075600
1297,579,570,481664,10876,507460,1808000
1298,545,487,481119,10934,507947,1941200
1299,566,562,480553,10938,508509,2130100
1300,549,550,480004,10937,509059,2147000
1301,542,580,479462,10899,509639,2331100
1302,544,570,478918,10873,510209,2164000
1303,584,554,478334,10903,510763,2113300
1304,566,587,477768,10882,511350,2024700
1305,507,590,477261,10799,511940,1955400
1306,549,530,476712,10818,512470,2214800
1307,546,516,476166,10848,512986,2538900
1308,549,572,475617,10825,513558,2013900
1309,577,535,475040,10867,514093,1804700
1310,552,537,474488,10882,514630,2063100
1311,559,548,473929,10893,515178,1913100
1312,536,561,473393,10868,515739,2115100
1313,562,569,472831,10861,516308,1946900
1314,572,537,472259,10896,516845,1814300
1315,570,544,471689,10922,517389,2250100
1316,563,569,471126,10916,517958,1820800
1317,546,547,470580,10915,518505,1798200
1318,526,561,470054,10880,519066,2261400
1319,592,497,469462,10975,519563,1829300
1320,577,501,468885,11051,520064,2054400
1321,581,537,468304,11095,520601,2048300
1322,554,540,467750,11109,521141,1924200
1323,576,511,467174,11174,521652,2041300
1324,571,526,466603,11219,522178,2186400
1325,595,543,466008,11271,522721,1840200
1326,563,548,465445,11286,523269,1965300
1327,603,558,464842,11331,523827,1988500
1328,601,542,464241,11390,524369,1934500
1329,591,531,463650,11450,524900,1898200
1330,584,578,463066,11456,525478,1862600
1331,599,541,462467,11514,526019,2049100
1332,556,561,461911,11509,526580,2301200
1333,569,575,461342,11503,527155,2060700
1334,564,587,460778,11480,527742,2106200
1335,602,596,460176,11486,528338,2201100
1336,582,556,459594,11512,528894,2047800
1337,604,553,458990,11563,529447,2390900
1338,563,619,458427,11507,530066,1874800
1339,554,574,457873,11487,530640,2331100
1340,574,572,457299,11489,531212,2103500
1341,584,573,456715,11500,531785,1992700
1342,571,595,456144,11476,532380,1909400
1343,575,561,455569,11490,532941,1796600
1344,566,622,455003,11434,533563,1807100
1345,561,565,454442,11430,534128,2291800
1346,584,568,453858,11446,534696,2065400
1347,583,585,453275,11444,535281,2095500
1348,596,568,452679,11472,535849,2230900
1349,563,562,452116,11473,536411,2158100
1350,583,603,451533,11453,537014,2446200
1351,572,562,450961,11463,537576,2030500
1352,552,597,450409,11418,538173,2086700
1353,564,561,449845,11421,538734,2084200
1354,604,574,449241,11451,539308,1951000
1355,548,584,448693,11415,539892,1993700
1356,565,557,448128,11423,540449,1818300
1357,604,542,447524,11485,540991,1967400
1358,550,621,446974,11414,541612,2174500
1359,581,552,446393,11443,542164,1948300
1360,638,563,445755,11518,542727,2174300
1361,544,572,445211,11490,543299,1836500
1362,606,586,444605,11510,543885,1941300
1363,540,568,444065,11482,544453,1899100
1364,565,608,443500,11439,545061,2069300
1365,582,548,442918,11473,545609,2013800
1366,588,576,442330,11485,546185,2121100
1367,569,600,441761,11454,546785,2020000
1368,561,592,441200,11423,547377,2449800
1369,553,585,440647,11391,547962,2539700
1370,574,573,440073,11392,548535,1999600
1371,600,544,439473,11448,549079,1943500
1372,563,571,438910,11440,549650,2311600
1373,558,569,438352,11429,550219,2060800
1374,566,563,437786,11432,550782,2103700
1375,553,560,437233,11425,551342,2109600
1376,538,602,436695,11361,551944,2210700
1377,580,565,436115,11376,552509,2148300
1378,522,603,435593,11295,553112,1991500
1379,533,612,435060,11216,553724,1981500
1380,525,596,434535,11145,554320,1890000
1381,516,542,434019,11119,554862,2102400
1382,558,542,433461,11135,555404,2088500
1383,537,562,432924,11110,555966,1867500
1384,498,580,432426,11028,556546,2124700
1385,540,565,431886,11003,557111,1889100
1386,545,525,431341,11023,557636,1893000
1387,498,558,430843,10963,558194,1875900
1388,513,570,430330,10906,558764,1886300
1389,516,516,429814,10906,559280,1977200
1390,509,531,429305,10884,559811,2018500
1391,542,550,428763,10876,560361,2025600
1392,521,582,428242,10815,560943,2389100
1393,527,511,427715,10831,561454,2196300
1394,523,528,427192,10826,561982,2104000
1395,549,515,426643,10860,562497,2198900
1396,525,564,426118,10821,563061,2245100
1397,515,549,425603,10787,563610,2049300
1398,553,516,425050,10824,564126,1986100
1399,503,609,424547,10718,564735,1830300
1400,543,531,424004,10730,565266,2029400
1401,538,503,423466,10765,565769,2095500
1402,571,553,422895,10783,566322,2219800
1403,540,525,422355,10798,566847,2413000
1404,512,549,421843,10761,567396,2307500
1405,535,588,421308,10708,567984,1928200
1406,545,529,420763,10724,568513,2188300
1407,525,528,420238,10721,569041,1845900
1408,528,535,419710,10714,569576,1800900
1409,532,530,419178,10716,570106,1959200
1410,512,549,418666,10679,570655,1854300
1411,519,507,418147,10691,571162,1912600
1412,514,560,417633,10645,571722,2316400
1413,532,501,417101,10676,572223,1824600
1414,497,544,416604,10629,572767,2079000
1415,545,516,416059,10658,573283,1976100
1416,499,532,415560,10625,573815,2049200
1417,546,558,415014,10613,574373,2171700
1418,519,575,414495,10557,574948,2079500
1419,507,528,413988,10536,575476,1936000
1420,533,524,413455,10545,576000,2005300
1421,505,528,412950,10522,576528,2005300
1422,523,529,412427,10516,577057,1986900
1423,537,490,411890,10563,577547,1845800
1424,525,538,411365,10550,578085,1805800
1425,516,539,410849,10527,578624,2035400
1426,530,501,410319,10556,579125,1967400
1427,526,534,409793,10548,579659,2035900
1428,509,527,409284,10530,580186,2266100
1429,579,539,408705,10570,580725,2109300
1430,526,494,408179,10602,581219,1884800
1431,538,540,407641,10600,581759,2147200
1432,512,551,407129,10561,582310,2123200
1433,499,508,406630,10552,582818,2106400
1434,524,506,406106,10570,583324,2354300
1435,508,556,405598,10522,583880,2056400
1436,527,544,405071,10505,584424,2150700
1437,527,541,404544,10491,584965,2031400
1438,517,516,404027,10492,585481,1905700
1439,535,499,403492,10528,585980,2005900
1440,515,534,402977,10509,586514,1993300
1441,482,504,402495,10487,587018,1786200
1442,512,511,401983,10488,587529,2103800
1443,495,495,401488,10488,588024,2044800
1444,498,528,400990,10458,588552,2294300
1445,530,495,400460,10493,589047,1969200
1446,499,535,399961,10457,589582,1902800
1447,509,545,399452,10421,590127,2105600
1448,512,455,398940,10478,590582,1979600
1449,511,529,398429,10460,591111,2134700
1450,471,519,397958,10412,591630,2126800
1451,524,512,397434,10424,592142,1895500
1452,515,553,396919,10386,592695,2333500
1453,524,521,396395,10389,593216,2187600
1454,523,553,395872,10359,593769,2002000
1455,504,510,395368,10353,594279,2219900
1456,489,551,394879,10291,594830,2244500
1457,511,519,394368,10283,595349,2332400
1458,511,549,393857,10245,595898,2013100
1459,490,482,393367,10253,596380,1901900
1460,486,497,392881,10242,596877,2278600
1461,495,485,392386,10252,597362,2085300
1462,478,526,391908,10204,597888,1933100
1463,483,471,391425,10216,598359,2052800
1464,497,466,390928,10247,598825,2155000
1465,483,479,390445,10251,599304,1935900
1466,539,509,389906,10281,599813,2104800
1467,484,496,389422,10269,600309,1990000
1468,497,475,388925,10291,600784,2096900
1469,493,548,388432,10236,601332,2140800
1470,521,515,387911,10242,601847,2315100
1471,493,520,387418,10215,602367,2354100
1472,481,500,386937,10196,602867,2046900
1473,493,496,386444,10193,603363,2090800
1474,540,438,385904,10295,603801,1879500
1475,483,538,385421,10240,604339,2353400
1476,490,532,384931,10198,604871,2201100
1477,498,519,384433,10177,605390,1893900
1478,467,514,383966,10130,605904,2045500
1479,503,515,383463,10118,606419,2226400
1480,495,494,382968,10119,606913,1963800
1481,467,490,382501,10096,607403,1790700
1482,518,491,381983,10123,607894,2035800
1483,452,458,381531,10117,608352,2298900
1484,462,489,381069,10090,608841,2142000
1485,456,507,380613,10039,609348,2200500
1486,481,537,380132,9983,609885,2195100
1487,510,500,379622,9993,610385,2221100
1488,494,501,379128,9986,610886,1986100
1489,464,526,378664,9924,611412,1961300
1490,468,479,378196,9913,611891,1886600
1491,464,513,377732,9864,612404,2217800
1492,452,516,377280,9800,612920,2061200
1493,511,494,376769,9817,613414,1992500
1494,487,473,376282,9831,613887,1965200
1495,482,477,375800,9836,614364,2187400
1496,504,456,375296,9884,614820,2096300
1497,499,500,374797,9883,615320,2366200
1498,444,461,374353,9866,615781,2178500
1499,522,493,373831,9895,616274,1772600
1500,488,502,373343,9881,616776,2182300
1501,497,481,372846,9897,617257,1950700
1502,473,479,372373,9891,617736,2154500
1503,475,497,371898,9869,618233,2074400
1504,495,465,371403,9899,618698,1960400
1505,466,502,370937,9863,619200,1806600
1506,507,491,370430,9879,619691,2009900
1507,511,477,369919,9913,620168,2158800
1508,475,489,369444,9899,620657,2157200
1509,460,476,368984,9883,621133,2194600
1510,479,540,368505,9822,621673,2142400
1511,488,461,368017,9849,622134,2318700
1512,507,522,367510,9834,622656,1939500
1513,482,493,367028,9823,623149,2132100
1514,462,482,366566,9803,623631,2050700
1515,523,446,366043,9880,624077,2179300
1516,443,484,365600,9839,624561,1932900
1517,499,459,365101,9879,625020,1928500
1518,477,490,364624,9866,625510,1752400
1519,489,503,364135,9852,626013,1964600
1520,524,493,363611,9883,626506,1844100
1521,470,484,363141,9869,626990,2066600
1522,455,489,362686,9835,627479,2259100
1523,474,496,362212,9813,627975,2119300
1524,523,466,361689,9870,628441,2089700
1525,479,487,361210,9862,628928,2123400
1526,451,509,360759,9804,629437,2393500
1527,468,471,360291,9801,629908,1867700
1528,461,465,359830,9797,630373,2219300
1529,522,446,359308,9873,630819,2242000
1530,554,506,358754,9921,631325,2137400
1531,481,557,358273,9845,631882,2229600
1532,497,492,357776,9850,632374,2209000
1533,474,482,357302,9842,632856,2265300
1534,521,484,356781,9879,633340,2233500
1535,519,513,356262,9885,633853,2231200
1536,516,507,355746,9894,634360,2320200
1537,499,523,355247,9870,634883,2090400
1538,537,506,354710,9901,635389,1922800
1539,506,490,354204,9917,635879,2155600
1540,515,542,353689,9890,636421,2186500
1541,494,495,353195,9889,636916,1990900
1542,483,467,352712,9905,637383,1896200
1543,531,489,352181,9947,637872,2029900
1544,510,511,351671,9946,638383,2049800
1545,496,478,351175,9964,638861,1913800
1546,505,563,350670,9906,639424,1921600
1547,493,523,350177,9876,639947,2123900
1548,493,485,349684,9884,640432,2218400
1549,499,498,349185,9885,640930,2032700
1550,467,509,348718,9843,641439,2155400
1551,491,483,348227,9851,641922,2125500
1552,488,480,347739,9859,642402,1980500
1553,488,454,347251,9893,642856,2081600
1554,508,528,346743,9873,643384,1935500
1555,464,496,346279,9841,643880,1927200
1556,548,483,345731,9906,644363,2256000
1557,475,493,345256,9888,644856,1835000
1558,443,492,344813,9839,645348,1865300
1559,472,501,344341,9810,645849,1833300
1560,461,491,343880,9780,646340,2116200
1561,476,486,343404,9770,646826,2230700
1562,474,476,342930,9768,647302,1950400
1563,480,455,342450,9793,647757,2218000
1564,477,519,341973,9751,648276,1962500
1565,492,492,341481,9751,648768,1981900
1566,495,486,340986,9760,649254,1907100
1567,473,487,340513,9746,649741,2023100
1568,526,506,339987,9766,650247,1952300
1569,471,476,339516,9761,650723,2033700
1570,443,483,339073,9721,651206,2111700
1571,455,553,338618,9623,651759,2059800
1572,454,457,338164,9620,652216,1964500
1573,446,490,337718,9576,652706,2051600
1574,496,479,337222,9593,653185,1885100
1575,501,497,336721,9597,653682,2095200
1576,504,513,336217,9588,654195,2074200
1577,503,488,335714,9603,654683,2250300
1578,463,465,335251,9601,655148,2116100
1579,487,488,334764,9600,655636,2266700
1580,474,460,334290,9614,656096,2156300
1581,496,499,333794,9611,656595,1938400
1582,498,488,333296,9621,657083,1920300
1583,509,512,332787,9618,657595,2111000
1584,461,474,332326,9605,658069,1942800
1585,452,468,331874,9589,658537,1956700
1586,440,462,331434,9567,658999,1843500
1587,475,456,330959,9586,659455,1859000
1588,422,454,330537,9554,659909,2145600
1589,486,469,330051,9571,660378,1927000
1590,464,503,329587,9532,660881,2171200
1591,476,483,329111,9525,661364,2115200
1592,484,544,328627,9465,661908,1906100
1593,505,458,328122,9512,662366,1940800
1594,468,457,327654,9523,662823,2113600
1595,496,449,327158,9570,663272,1971800
1596,486,511,326672,9545,663783,1897300
1597,486,428,326186,9603,664211,2020500
1598,495,489,325691,9609,664700,2034500
1599,485,511,325206,9583,665211,2051000
1600,522,513,324684,9592,665724,1989600
1601,524,476,324160,9640,666200,2044300
1602,519,480,323641,9679,666680,1775100
1603,518,502,323123,9695,667182,1810800
1604,516,464,322607,9747,667646,2033100
1605,500,483,322107,9764,668129,1984200
1606,524,471,321583,9817,668600,1919300
1607,520,491,321063,9846,669091,1922700
1608,444,508,320619,9782,669599,2318000
1609,516,492,320103,9806,670091,1828700
1610,468,469,319635,9805,670560,1833900
1611,515,474,319120,9846,671034,2326500
1612,497,490,318623,9853,671524,1992700
1613,470,506,318153,9817,672030,1873100
1614,456,524,317697,9749,672554,1943600
1615,466,505,317231,9710,673059,1918000
1616,454,470,316777,9694,673529,1985700
1617,456,490,316321,9660,674019,2009700
1618,476,467,315845,9669,674486,1879900
1619,497,509,315348,9657,674995,2273000
1620,478,482,314870,9653,675477,1971700
1621,491,449,314379,9695,675926,2143800
1622,474,489,313905,9680,676415,1853800
1623,422,502,313483,9600,676917,1716000
1624,456,471,313027,9585,677388,2258500
1625,485,465,312542,9605,677853,2122200
1626,495,460,312047,9640,678313,2081200
1627,500,454,311547,9686,678767,2300800
1628,477,448,311070,9715,679215,1948200
1629,463,462,310607,9716,679677,2010100
1630,494,513,310113,9697,680190,2386600
1631,489,474,309624,9712,680664,1863300
1632,515,493,309109,9734,681157,2260400
1633,451,504,308658,9681,681661,1973700
1634,454,486,308204,9649,682147,2171400
1635,431,504,307773,9576,682651,2036000
1636,442,440,307331,9578,683091,1824100
1637,428,522,306903,9484,683613,1957200
1638,485,496,306418,9473,684109,1946500
1639,490,449,305928,9514,684558,1782500
1640,479,458,305449,9535,685016,2039800
1641,472,437,304977,9570,685453,2130100
1642,489,460,304488,9599,685913,2083300
1643,450,456,304038,9593,686369,1947000
1644,504,479,303534,9618,686848,2077200
1645,456,486,303078,9588,687334,1955400
1646,454,488,302624,9554,687822,1754500
1647,492,466,302132,9580,688288,1807700
1648,484,477,301648,9587,688765,2068200
1649,483,498,301165,9572,689263,2279500
1650,474,482,300691,9564,689745,2047700
1651,459,447,300232,9576,690192,1961600
1652,510,455,299722,9631,690647,2117200
1653,473,492,299249,9612,691139,1931800
1654,464,457,298785,9619,691596,2076500
1655,448,491,298337,9576,692087,2255600
1656,509,473,297828,9612,692560,2159500
1657,516,503,297312,9625,693063,2051500
1658,485,486,296827,9624,693549,1892500
1659,493,477,296334,9640,694026,2282500
1660,473,456,295861,9657,694482,1894000
1661,519,510,295342,9666,694992,1937700
1662,556,495,294786,9727,695487,2173900
1663,506,452,294280,9781,695939,2118500
1664,477,509,293803,9749,696448,2085300
1665,513,522,293290,9740,696970,1833100
1666,494,504,292796,9730,697474,2181800
1667,483,484,292313,9729,697958,1968900
1668,496,495,291817,9730,698453,1955400
1669,502,453,291315,9779,698906,1933600
1670,497,495,290818,9781,699401,1972800
1671,488,490,290330,9779,699891,2031100
1672,484,509,289846,9754,700400,1917100
1673,497,531,289349,9720,700931,1901900
1674,484,484,288865,9720,701415,2120800
1675,477,450,288388,9747,701865,1976300
1676,483,450,287905,9780,702315,1897400
1677,481,483,287424,9778,702798,2175800
1678,479,464,286945,9793,703262,1952600
1679,442,480,286503,9755,703742,1989300
1680,458,506,286045,9707,704248,1980100
1681,476,439,285569,9744,704687,1995100
1682,477,500,285092,9721,705187,1955400
1683,462,511,284630,9672,705698,1926500
1684,472,512,284158,9632,706210,2003200
1685,455,496,283703,9591,706706,2128000
1686,434,487,283269,9538,707193,1726600
1687,507,479,282762,9566,707672,1921500
1688,455,481,282307,9540,708153,1834000
1689,468,423,281839,9585,708576,1805600
1690,494,456,281345,9623,709032,2120400
1691,473,461,280872,9635,709493,2334600
1692,509,505,280363,9639,709998,2047500
1693,508,476,279855,9671,710474,2066900
1694,508,475,279347,9704,710949,2151400
1695,481,505,278866,9680,711454,1915600
1696,515,484,278351,9711,711938,1819200
1697,466,487,277885,9690,712425,1997200
1698,478,469,277407,9699,712894,2123900
1699,505,488,276902,9716,713382,2044900
1700,490,477,276412,9729,713859,1900500
1701,483,477,275929,9735,714336,1944000
1702,465,471,275464,9729,714807,2081900
1703,499,458,274965,9770,715265,1842300
1704,489,495,274476,9764,715760,1999800
1705,476,478,274000,9762,716238,2026300
1706,498,479,273502,9781,716717,1994500
1707,496,470,273006,9807,717187,1913600
1708,446,507,272560,9746,717694,1937800
1709,489,510,272071,9725,718204,2203300
1710,484,523,271587,9686,718727,1866800
1711,502,472,271085,9716,719199,1990400
1712,494,456,270591,9754,719655,1790100
1713,460,504,270131,9710,720159,2306000
1714,513,454,269618,9769,720613,2036600
1715,460,491,269158,9738,721104,1914700
1716,487,529,268671,9696,721633,2012900
1717,440,506,268231,9630,722139,1979200
1718,483,469,267748,9644,722608,2148000
1719,482,489,267266,9637,723097,1826300
1720,491,500,266775,9628,723597,1997300
1721,491,489,266284,9630,724086,2111000
1722,496,487,265788,9639,724573,2091300
1723,429,490,265359,9578,725063,2114100
1724,492,478,264867,9592,725541,1968400
1725,489,485,264378,9596,726026,2221300
1726,450,477,263928,9569,726503,2313500
1727,470,495,263458,9544,726998,1833200
1728,456,433,263002,9567,727431,2232900
1729,487,497,262515,9557,727928,2051600
1730,476,469,262039,9564,728397,2013800
1731,493,479,261546,9578,728876,2090100
1732,473,467,261073,9584,729343,2084500
1733,505,459,260568,9630,729802,1996900
1734,495,512,260073,9613,730314,1978200
1735,508,469,259565,9652,730783,1795100
1736,490,509,259075,9633,731292,1884200
1737,465,446,258610,9652,731738,1955900
1738,472,504,258138,9620,732242,1990100
1739,497,469,257641,9648,732711,2180500
1740,493,498,257148,9643,733209,2062700
1741,508,444,256640,9707,733653,1945800
1742,487,465,256153,9729,734118,2023800
1743,493,464,255660,9758,734582,1793700
1744,493,471,255167,9780,735053,1808400
1745,488,537,254679,9731,735590,1874400
1746,489,460,254190,9760,736050,1945700
1747,517,510,253673,9767,736560,1880800
1748,510,505,253163,9772,737065,2169400
1749,485,485,252678,9772,737550,1997000
1750,480,508,252198,9744,738058,1849500
1751,467,479,251731,9732,738537,2302700
1752,513,506,251218,9739,739043,1852400
1753,471,450,250747,9760,739493,2098800
1754,464,520,250283,9704,740013,2156400
1755,461,469,249822,9696,740482,1842600
1756,480,476,249342,9700,740958,2220700
1757,475,436,248867,9739,741394,2028800
1758,509,478,248358,9770,741872,1801600
1759,466,524,247892,9712,742396,2029700
1760,523,484,247369,9751,742880,2117600
1761,508,499,246861,9760,743379,1830900
1762,502,488,246359,9774,743867,2145400
1763,538,499,245821,9813,744366,1840300
1764,506,488,245315,9831,744854,1815500
1765,495,465,244820,9861,745319,2279200
1766,489,515,244331,9835,745834,2015200
1767,482,500,243849,9817,746334,2208600
1768,526,502,243323,9841,746836,1856100
1769,535,505,242788,9871,747341,1816700
1770,477,463,242311,9885,747804,1757700
1771,493,518,241818,9860,748322,2285100
1772,482,509,241336,9833,748831,2040300
1773,489,490,240847,9832,749321,2143600
1774,494,458,240353,9868,749779,1817600
1775,480,460,239873,9888,750239,2014700
1776,485,535,239388,9838,750774,2246900
1777,504,503,238884,9839,751277,1946800
1778,503,522,238381,9820,751799,1845400
1779,512,488,237869,9844,752287,2113600
1780,478,485,237391,9837,752772,1872600
1781,497,487,236894,9847,753259,1758200
1782,477,472,236417,9852,753731,2068300
1783,441,484,235976,9809,754215,1824800
1784,486,494,235490,9801,754709,2211600
1785,504,513,234986,9792,755222,2101700
1786,461,456,234525,9797,755678,1919700
1787,475,503,234050,9769,756181,2036100
1788,469,489,233581,9749,756670,1833200
1789,482,489,233099,9742,757159,1783800
1790,515,462,232584,9795,757621,1821800
1791,485,440,232099,9840,758061,1806600
1792,456,485,231643,9811,758546,2356400
1793,455,501,231188,9765,759047,2372900
1794,462,501,230726,9726,759548,2058200
1795,480,502,230246,9704,760050,1949600
1796,505,456,229741,9753,760506,1914800
1797,480,509,229261,9724,761015,1909000
1798,445,489,228816,9680,761504,1911200
1799,502,502,228314,9680,762006,1959400
1800,465,510,227849,9635,762516,1842900
1801,475,512,227374,9598,763028,2076400
1802,477,467,226897,9608,763495,1909400
1803,426,467,226471,9567,763962,1832100
1804,472,514,225999,9525,764476,2362500
1805,460,489,225539,9496,764965,2032800
1806,468,457,225071,9507,765422,1865500
1807,481,470,224590,9518,765892,2092500
1808,491,504,224099,9505,766396,1887300
1809,446,459,223653,9492,766855,1919500
1810,451,487,223202,9456,767342,2292200
1811,455,478,222747,9433,767820,1890100
1812,465,506,222282,9392,768326,1873000
1813,437,458,221845,9371,768784,1918500
1814,473,474,221372,9370,769258,1881500
1815,450,473,220922,9347,769731,2170500
1816,473,469,220449,9351,770200,1894000
1817,474,486,219975,9339,770686,2338300
1818,422,466,219553,9295,771152,2002800
1819,423,448,219130,9270,771600,1856000
1820,459,491,218671,9238,772091,1942800
1821,443,451,218228,9230,772542,2279300
1822,450,478,217778,9202,773020,1811200
1823,472,443,217306,9231,773463,1826200
1824,487,424,216819,9294,773887,2121300
1825,431,456,216388,9269,774343,2156800
1826,463,493,215925,9239,774836,1827100
1827,402,486,215523,9155,775322,1770800
1828,455,450,215068,9160,775772,2224700
1829,385,424,214683,9121,776196,2213300
1830,417,469,214266,9069,776665,1933100
1831,427,444,213839,9052,777109,2052400
1832,460,423,213379,9089,777532,2158600
1833,479,458,212900,9110,777990,1927200
1834,453,446,212447,9117,778436,1891300
1835,460,412,211987,9165,778848,1958600
1836,391,500,211596,9056,779348,2123700
1837,458,448,211138,9066,779796,1760400
1838,409,440,210729,9035,780236,1993200
1839,405,428,210324,9012,780664,2040800
1840,431,440,209893,9003,781104,2096200
1841,438,454,209455,8987,781558,1831200
1842,435,435,209020,8987,781993,1990100
1843,451,397,208569,9041,782390,2167500
1844,449,427,208120,9063,782817,1970200
1845,407,485,207713,8985,783302,1809000
1846,463,435,207250,9013,783737,1931300
1847,446,436,206804,9023,784173,2033000
1848,432,469,206372,8986,784642,2311100
1849,444,460,205928,8970,785102,1876200
1850,446,440,205482,8976,785542,1984200
1851,432,446,205050,8962,785988,1820900
1852,415,416,204635,8961,786404,1805400
1853,404,449,204231,8916,786853,1919800
1854,422,475,203809,8863,787328,2162700
1855,383,476,203426,8770,787804,1973600
1856,403,451,203023,8722,788255,2097000
1857,402,430,202621,8694,788685,1822800
1858,396,449,202225,8641,789134,2000400
1859,418,434,201807,8625,789568,1937400
1860,390,412,201417,8603,789980,2151600
1861,386,420,201031,8569,790400,2079300
1862,427,393,200604,8603,790793,2055800
1863,417,427,200187,8593,791220,2285400
1864,401,435,199786,8559,791655,1786800
1865,414,436,199372,8537,792091,1814600
1866,428,442,198944,8523,792533,1841000
1867,395,410,198549,8508,792943,1747800
1868,370,424,198179,8454,793367,2037100
1869,411,419,197768,8446,793786,2035300
1870,396,410,197372,8432,794196,2184800
1871,381,410,196991,8403,794606,1858700
1872,363,389,196628,8377,794995,1827400
1873,390,373,196238,8394,795368,2157500
1874,419,416,195819,8397,795784,2099200
1875,407,405,195412,8399,796189,1880300
1876,400,381,195012,8418,796570,1995200
1877,415,436,194597,8397,797006,1736500
1878,392,423,194205,8366,797429,2297700
1879,418,435,193787,8349,797864,2389000
1880,425,421,193362,8353,798285,1955800
1881,421,458,192941,8316,798743,1944700
1882,451,432,192490,8335,799175,1756200
1883,404,423,192086,8316,799598,1995700
1884,428,403,191658,8341,800001,2275800
1885,400,404,191258,8337,800405,2008700
1886,371,424,190887,8284,800829,1901900
1887,391,407,190496,8268,801236,2123600
1888,386,425,190110,8229,801661,1802000
1889,385,396,189725,8218,802057,1852300
1890,404,391,189321,8231,802448,1983800
1891,373,405,188948,8199,802853,1795900
1892,393,392,188555,8200,803245,2063400
1893,373,424,188182,8149,803669,2235600
1894,378,425,187804,8102,804094,1871200
1895,350,412,187454,8040,804506,2150400
1896,379,434,187075,7985,804940,1842600
1897,368,436,186707,7917,805376,1816600
1898,355,403,186352,7869,805779,2164600
1899,372,392,185980,7849,806171,1820700
1900,380,371,185600,7858,806542,2013200
1901,367,386,185233,7839,806928,2118800
1902,334,372,184899,7801,807300,1765500
1903,381,367,184518,7815,807667,2261400
1904,389,407,184129,7797,808074,1892200
1905,394,392,183735,7799,808466,1805400
1906,389,383,183346,7805,808849,2073100
1907,377,398,182969,7784,809247,2231900
1908,368,359,182601,7793,809606,1859500
1909,401,383,182200,7811,809989,1861500
1910,390,365,181810,7836,810354,1894900
1911,399,381,181411,7854,810735,2154000
1912,373,368,181038,7859,811103,2045300
1913,392,405,180646,7846,811508,2122900
1914,410,407,180236,7849,811915,1893100
1915,387,368,179849,7868,812283,2136500
1916,358,383,179491,7843,812666,1754500
1917,393,362,179098,7874,813028,2274400
1918,375,351,178723,7898,813379,1881100
1919,390,368,178333,7920,813747,2146400
1920,364,424,177969,7860,814171,2067200
1921,382,417,177587,7825,814588,1866100
1922,385,400,177202,7810,814988,1889600
1923,369,371,176833,7808,815359,2154300
1924,396,373,176437,7831,815732,1999900
1925,372,393,176065,7810,816125,1984600
1926,363,407,175702,7766,816532,2130800
1927,392,371,175310,7787,816903,1963500
1928,377,345,174933,7819,817248,2040700
1929,381,420,174552,7780,817668,1911100
1930,379,368,174173,7791,818036,2035700
1931,343,399,173830,7735,818435,1807700
1932,355,377,173475,7713,818812,1840500
1933,369,411,173106,7671,819223,2182100
1934,369,373,172737,7667,819596,1879500
1935,369,366,172368,7670,819962,2021200
1936,362,369,172006,7663,820331,1829200
1937,390,365,171616,7688,820696,1967800
1938,375,413,171241,7650,821109,1844100
1939,367,387,170874,7630,821496,2272800
1940,337,358,170537,7609,821854,2049900
1941,353,368,170184,7594,822222,1819600
1942,356,390,169828,7560,822612,2189400
1943,335,385,169493,7510,822997,1783900
1944,395,364,169098,7541,823361,1938600
1945,410,369,168688,7582,823730,2058400
1946,395,394,168293,7583,824124,2237700
1947,361,384,167932,7560,824508,2026200
1948,374,382,167558,7552,824890,2044700
1949,360,353,167198,7559,825243,1724600
1950,369,384,166829,7544,825627,2166100
1951,368,392,166461,7520,826019,2162800
1952,353,387,166108,7486,826406,1942800
1953,382,398,165726,7470,826804,1925700
1954,366,381,165360,7455,827185,1873900
1955,324,368,165036,7411,827553,1978000
1956,353,364,164683,7400,827917,2113400
1957,335,375,164348,7360,828292,2157800
1958,372,385,163976,7347,828677,1846300
1959,356,380,163620,7323,829057,1982700
1960,351,374,163269,7300,829431,1763200
1961,367,403,162902,7264,829834,2181100
1962,364,380,162538,7248,830214,2090900
1963,370,362,162168,7256,830576,1957900
1964,365,344,161803,7277,830920,2054500
1965,338,402,161465,7213,831322,2205300
1966,364,349,161101,7228,831671,1829200
1967,345,353,160756,7220,832024,1806600
1968,334,350,160422,7204,832374,2043600
1969,378,356,160044,7226,832730,1806000
1970,373,359,159671,7240,833089,1963800
1971,345,333,159326,7252,833422,1749900
1972,374,345,158952,7281,833767,2320900
1973,368,370,158584,7279,834137,2164500
1974,359,355,158225,7283,834492,1769800
1975,362,380,157863,7265,834872,2143800
1976,364,324,157499,7305,835196,2179300
1977,377,356,157122,7326,835552,1985800
1978,376,333,156746,7369,835885,1886100
1979,379,379,156367,7369,836264,1791300
1980,360,352,156007,7377,836616,1813000
1981,363,391,155644,7349,837007,2190500
1982,395,376,155249,7368,837383,1993000
1983,380,347,154869,7401,837730,2073900
1984,398,408,154471,7391,838138,2129900
1985,391,360,154080,7422,838498,1975300
1986,379,370,153701,7431,838868,2055300
1987,374,371,153327,7434,839239,1917600
1988,379,362,152948,7451,839601,1939500
1989,372,413,152576,7410,840014,2084400
1990,366,391,152210,7385,840405,2091200
1991,359,360,151851,7384,840765,1916300
1992,364,378,151487,7370,841143,1901500
1993,336,357,151151,7349,841500,2117400
1994,338,378,150813,7309,841878,1967900
1995,338,389,150475,7258,842267,2062900
1996,363,382,150112,7239,842649,1958700
1997,345,382,149767,7202,843031,1769500
1998,347,362,149420,7187,843393,2079000
1999,377,352,149043,7212,843745,2077600
2000,357,370,148686,7199,844115,2059500
2001,320,365,148366,7154,844480,2179000
2002,355,338,148011,7171,844818,2056400
2003,322,365,147689,7128,845183,2321500
2004,325,360,147364,7093,845543,1861600
2005,318,356,147046,7055,845899,2168400
2006,347,388,146699,7014,846287,1885300
2007,298,310,146401,7002,846597,1926700
2008,338,346,146063,6994,846943,1845200
2009,347,342,145716,6999,847285,1744300
2010,310,337,145406,6972,847622,2136000
2011,333,383,145073,6922,848005,1785100
2012,339,357,144734,6904,848362,2081500
2013,335,371,144399,6868,848733,1778300
2014,337,340,144062,6865,849073,1763500
2015,299,342,143763,6822,849415,2000200
2016,336,308,143427,6850,849723,2000600
2017,313,331,143114,6832,850054,1939800
2018,355,340,142759,6847,850394,1921900
2019,318,352,142441,6813,850746,2322300
2020,316,325,142125,6804,851071,2192500
2021,351,360,141774,6795,851431,1817500
2022,340,297,141434,6838,851728,1836000
2023,351,309,141083,6880,852037,1983000
2024,320,355,140763,6845,852392,1941000
2025,315,339,140448,6821,852731,2056800
2026,319,375,140129,6765,853106,2010800
2027,301,313,139828,6753,853419,1812000
2028,312,322,139516,6743,853741,1782700
2029,323,337,139193,6729,854078,1953600
2030,333,360,138860,6702,854438,2221000
2031,321,345,138539,6678,854783,2320000
2032,326,290,138213,6714,855073,1761600
2033,339,331,137874,6722,855404,2237000
2034,329,313,137545,6738,855717,2074500
2035,349,319,137196,6768,856036,1831800
2036,320,347,136876,6741,856383,1788500
2037,300,355,136576,6686,856738,2062500
2038,331,316,136245,6701,857054,2019500
2039,337,366,135908,6672,857420,2153100
2040,317,339,135591,6650,857759,2107700
2041,340,356,135251,6634,858115,1947200
2042,354,328,134897,6660,858443,2068300
2043,308,329,134589,6639,858772,2173900
2044,357,356,134232,6640,859128,2126900
2045,343,343,133889,6640,859471,2010400
2046,336,329,133553,6647,859800,1768500
2047,346,321,133207,6672,860121,1939800
2048,350,342,132857,6680,860463,1909100
2049,328,349,132529,6659,860812,1884900
2050,332,310,132197,6681,861122,1872000
2051,325,351,131872,6655,861473,1880300
2052,357,324,131515,6688,861797,2042200
2053,301,319,131214,6670,862116,2205800
2054,358,343,130856,6685,862459,2071900
2055,350,334,130506,6701,862793,2086500
2056,291,333,130215,6659,863126,1997200
2057,325,362,129890,6622,863488,2033400
2058,330,325,129560,6627,863813,2028300
2059,345,315,129215,6657,864128,1728900
2060,330,327,128885,6660,864455,1697900
2061,347,334,128538,6673,864789,1992400
2062,320,328,128218,6665,865117,2048900
2063,315,311,127903,6669,865428,2019400
2064,338,338,127565,6669,865766,1848400
2065,312,329,127253,6652,866095,2166300
2066,328,327,126925,6653,866422,1954300
2067,344,333,126581,6664,866755,2203300
2068,361,300,126220,6725,867055,1909700
2069,332,322,125888,6735,867377,2155200
2070,322,355,125566,6702,867732,2058800
2071,330,323,125236,6709,868055,1737100
2072,340,300,124896,6749,868355,1817300
2073,350,352,124546,6747,868707,1902200
2074,313,319,124233,6741,869026,1824800
2075,321,338,123912,6724,869364,2159800
2076,323,324,123589,6723,869688,1837600
2077,289,334,123300,6678,870022,1902300
2078,302,329,122998,6651,870351,1745400
2079,305,365,122693,6591,870716,1792000
2080,356,327,122337,6620,871043,2025200
2081,297,337,122040,6580,871380,2013400
2082,286,319,121754,6547,871699,2179800
2083,299,342,121455,6504,872041,1937700
2084,336,309,121119,6531,872350,2067300
2085,338,311,120781,6558,872661,2064000
2086,289,348,120492,6499,873009,1934500
2087,311,304,120181,6506,873313,1866100
2088,325,327,119856,6504,873640,1950000
2089,305,344,119551,6465,873984,2072700
2090,323,298,119228,6490,874282,2137000
2091,296,293,118932,6493,874575,1943800
2092,311,349,118621,6455,874924,1927700
2093,285,321,118336,6419,875245,1847700
2094,291,319,118045,6391,875564,2025000
2095,301,314,117744,6378,875878,1855700
2096,297,308,117447,6367,876186,2027600
2097,275,321,117172,6321,876507,1733800
2098,336,276,116836,6381,876783,2336200
2099,280,340,116556,6321,877123,1981900
2100,294,306,116262,6309,877429,2188400
2101,285,298,115977,6296,877727,1964200
2102,299,328,115678,6267,878055,1887200
2103,305,311,115373,6261,878366,2039700
2104,342,297,115031,6306,878663,2078100
2105,308,313,114723,6301,878976,1898200
2106,278,301,114445,6278,879277,1855300
2107,292,307,114153,6263,879584,2211000
2108,312,312,113841,6263,879896,1911200
2109,308,311,113533,6260,880207,1796100
2110,323,318,113210,6265,880525,1871800
2111,301,327,112909,6239,880852,2028200
2112,304,315,112605,6228,881167,1883300
2113,280,304,112325,6204,881471,2007700
2114,310,291,112015,6223,881762,2011700
2115,319,341,111696,6201,882103,2411100
2116,329,318,111367,6212,882421,2240900
2117,312,316,111055,6208,882737,1953900
2118,318,324,110737,6202,883061,1951900
2119,314,306,110423,6210,883367,1886900
2120,313,304,110110,6219,883671,1924700
2121,290,327,109820,6182,883998,2133000
2122,287,324,109533,6145,884322,1870100
2123,319,353,109214,6111,884675,1969500
2124,291,316,108923,6086,884991,2169600
2125,297,319,108626,6064,885310,2002400
2126,332,323,108294,6073,885633,1949700
2127,328,309,107966,6092,885942,1944500
2128,330,303,107636,6119,886245,1952900
2129,308,290,107328,6137,886535,2097900
2130,331,302,106997,6166,886837,1812800
2131,300,316,106697,6150,887153,1755500
2132,330,275,106367,6205,887428,2017500
2133,341,318,106026,6228,887746,2162500
2134,340,303,105686,6265,888049,1889800
2135,292,309,105394,6248,888358,2219600
2136,310,282,105084,6276,888640,2073400
2137,346,314,104738,6308,888954,2058600
2138,304,309,104434,6303,889263,1992100
2139,325,335,104109,6293,889598,1941700
2140,308,299,103801,6302,889897,2027000
2141,284,332,103517,6254,890229,1902500
2142,297,298,103220,6253,890527,1879100
2143,290,341,102930,6202,890868,1823400
2144,309,300,102621,6211,891168,1747000
2145,279,344,102342,6146,891512,2106900
2146,299,293,102043,6152,891805,1872100
2147,293,325,101750,6120,892130,1801800
2148,266,298,101484,6088,892428,2109600
2149,255,317,101229,6026,892745,2126500
2150,272,297,100957,6001,893042,2066900
2151,324,314,100633,6011,893356,2197100
2152,275,307,100358,5979,893663,1990700
2153,269,310,100089,5938,893973,1766000
2154,286,322,99803,5902,894295,2211700
2155,290,245,99513,5947,894540,1969000
2156,288,269,99225,5966,894809,2135800
2157,266,291,98959,5941,895100,2067200
2158,270,291,98689,5920,895391,1951600
2159,305,333,98384,5892,895724,2080500
2160,254,302,98130,5844,896026,1927600
2161,264,279,97866,5829,896305,1916400
2162,240,278,97626,5791,896583,1952100
2163,233,298,97393,5726,896881,1726000
2164,246,304,97147,5668,897185,2217500
2165,287,271,96860,5684,897456,2216700
2166,256,287,96604,5653,897743,1910700
2167,289,263,96315,5679,898006,1947700
2168,260,283,96055,5656,898289,1761200
2169,255,265,95800,5646,898554,1890300
2170,283,274,95517,5655,898828,2229700
2171,256,274,95261,5637,899102,2134200
2172,278,278,94983,5637,899380,2091600
2173,276,289,94707,5624,899669,1975200
2174,279,271,94428,5632,899940,2070900
2175,269,269,94159,5632,900209,1932700
2176,265,262,93894,5635,900471,2203900
2177,267,292,93627,5610,900763,2320300
2178,280,290,93347,5600,901053,2007800
2179,275,279,93072,5596,901332,1983000
2180,263,284,92809,5575,901616,1998600
2181,288,276,92521,5587,901892,2239300
2182,251,269,92270,5569,902161,1999800
2183,263,266,92007,5566,902427,1986100
2184,263,288,91744,5541,902715,2254400
2185,233,265,91511,5509,902980,2084100
2186,274,281,91237,5502,903261,1877200
2187,252,308,90985,5446,903569,1820800
2188,250,290,90735,5406,903859,1754800
2189,268,254,90467,5420,904113,2292200
2190,261,248,90206,5433,904361,2078200
2191,260,288,89946,5405,904649,1954300
2192,230,286,89716,5349,904935,2065200
2193,274,279,89442,5344,905214,1946200
2194,252,272,89190,5324,905486,1663900
2195,250,270,88940,5304,905756,1972300
2196,276,264,88664,5316,906020,1772800
2197,238,253,88426,5301,906273,2277300
2198,265,270,88161,5296,906543,2242900
2199,232,279,87929,5249,906822,1997200
2200,268,234,87661,5283,907056,1771300
2201,269,242,87392,5310,907298,1843400
2202,286,232,87106,5364,907530,2034300
2203,266,245,86840,5385,907775,1995800
2204,260,276,86580,5369,908051,1785600
2205,304,270,86276,5403,908321,2296100
2206,285,238,85991,5450,908559,2276300
2207,238,264,85753,5424,908823,1906500
2208,262,276,85491,5410,909099,1915300
2209,264,261,85227,5413,909360,2096900
2210,259,250,84968,5422,909610,2027000
2211,250,281,84718,5391,909891,2056600
2212,272,259,84446,5404,910150,1757000
2213,267,263,84179,5408,910413,2101300
2214,266,272,83913,5402,910685,2144800
2215,243,261,83670,5384,910946,1893900
2216,228,278,83442,5334,911224,1933400
2217,233,238,83209,5329,911462,2287600
2218,251,300,82958,5280,911762,2128800
2219,268,239,82690,5309,912001,2289100
2220,281,268,82409,5322,912269,2062900
2221,268,261,82141,5329,912530,2199900
2222,249,290,81892,5288,912820,1778400
2223,237,266,81655,5259,913086,1890600
2224,242,275,81413,5226,913361,2071000
2225,253,258,81160,5221,913619,2087300
2226,248,267,80912,5202,913886,1902600
2227,274,261,80638,5215,914147,1818900
2228,249,223,80389,5241,914370,2010500
2229,231,247,80158,5225,914617,1952100
2230,248,252,79910,5221,914869,1826600
2231,235,278,79675,5178,915147,1835800
2232,254,268,79421,5164,915415,1816100
2233,219,261,79202,5122,915676,1721100
2234,266,252,78936,5136,915928,1963800
2235,232,244,78704,5124,916172,1848800
2236,246,260,78458,5110,916432,2159800
2237,246,248,78212,5108,916680,2059600
2238,235,257,77977,5086,916937,2133500
2239,248,245,77729,5089,917182,2085700
2240,255,262,77474,5082,917444,1905700
2241,260,272,77214,5070,917716,1946400
2242,248,241,76966,5077,917957,2085000
2243,240,263,76726,5054,918220,1945400
2244,221,261,76505,5014,918481,2250000
2245,236,253,76269,4997,918734,2074400
2246,227,243,76042,4981,918977,2161400
2247,260,252,75782,4989,919229,2367600
2248,233,273,75549,4949,919502,1784400
2249,257,233,75292,4973,919735,2414900
2250,242,251,75050,4964,919986,2024600
2251,245,242,74805,4967,920228,1906300
2252,260,249,74545,4978,920477,1714900
2253,254,265,74291,4967,920742,1989500
2254,269,264,74022,4972,921006,2026300
2255,227,249,73795,4950,921255,2149900
2256,234,271,73561,4913,921526,2089000
2257,224,222,73337,4915,921748,2039900
2258,227,261,73110,4881,922009,1803800
2259,238,241,72872,4878,922250,2081100
2260,219,243,72653,4854,922493,1883200
2261,245,257,72408,4842,922750,2305000
2262,253,274,72155,4821,923024,1916400
2263,239,241,71916,4819,923265,1904900
2264,231,234,71685,4816,923499,1759600
2265,254,202,71431,4868,923701,1867400
2266,281,228,71150,4921,923929,2194700
2267,217,255,70933,4883,924184,2163900
2268,209,253,70724,4839,924437,1977500
2269,235,246,70489,4828,924683,2042800
2270,219,224,70270,4823,924907,1937500
2271,258,245,70012,4836,925152,2017200
2272,220,224,69792,4832,925376,1981800
2273,211,230,69581,4813,925606,2042500
2274,212,223,69369,4802,925829,2032900
2275,223,250,69146,4775,926079,2233800
2276,238,243,68908,4770,926322,2310700
2277,218,233,68690,4755,926555,2181300
2278,215,241,68475,4729,926796,2064600
2279,214,230,68261,4713,927026,2090500
2280,228,227,68033,4714,927253,1903700
2281,210,247,67823,4677,927500,1932300
2282,238,230,67585,4685,927730,1794800
2283,229,224,67356,4690,927954,1893800
2284,208,223,67148,4675,928177,1850300
2285,216,217,66932,4674,928394,2048700
2286,219,251,66713,4642,928645,2253700
2287,177,254,66536,4565,928899,2142000
2288,202,235,66334,4532,929134,2101100
2289,205,214,66129,4523,929348,2042700
2290,229,232,65900,4520,929580,2043000
2291,233,255,65667,4498,929835,2067100
2292,202,206,65465,4494,930041,1868800
2293,211,202,65254,4503,930243,1963100
2294,217,202,65037,4518,930445,1779900
2295,207,221,64830,4504,930666,1794700
2296,198,234,64632,4468,930900,2024400
2297,217,229,64415,4456,931129,1992700
2298,178,222,64237,4412,931351,1857400
2299,188,214,64049,4386,931565,2340100
2300,193,245,63856,4334,931810,1778100
2301,178,220,63678,4292,932030,2208100
2302,200,211,63478,4281,932241,1883500
2303,212,218,63266,4275,932459,1770400
2304,181,201,63085,4255,932660,2035500
2305,218,206,62867,4267,932866,2323600
2306,193,201,62674,4259,933067,1960500
2307,184,201,62490,4242,933268,2117000
2308,201,200,62289,4243,933468,1971100
2309,182,205,62107,4220,933673,2002300
2310,180,208,61927,4192,933881,1766000
2311,184,187,61743,4189,934068,1852100
2312,190,224,61553,4155,934292,1791700
2313,175,200,61378,4130,934492,1749800
2314,208,204,61170,4134,934696,2203400
2315,187,177,60983,4144,934873,1778100
2316,175,202,60808,4117,935075,1730500
2317,172,220,60636,4069,935295,1761900
2318,193,191,60443,4071,935486,1975700
2319,188,171,60255,4088,935657,2341600
2320,184,215,60071,4057,935872,1935600
2321,210,201,59861,4066,936073,2103700
2322,171,204,59690,4033,936277,2042400
2323,199,203,59491,4029,936480,1852600
2324,203,198,59288,4034,936678,1731600
2325,191,223,59097,4002,936901,2023100
2326,194,194,58903,4002,937095,1803300
2327,184,230,58719,3956,937325,2111700
2328,171,209,58548,3918,937534,2000700
2329,170,205,58378,3883,937739,2277800
2330,181,223,58197,3841,937962,1918200
2331,198,214,57999,3825,938176,1919400
2332,164,194,57835,3795,938370,2159700
2333,190,191,57645,3794,938561,1701600
2334,159,172,57486,3781,938733,1702500
2335,170,146,57316,3805,938879,1758500
2336,176,182,57140,3799,939061,1803300
2337,167,188,56973,3778,939249,1795700
2338,171,202,56802,3747,939451,2081000
2339,177,192,56625,3732,939643,1829300
2340,189,182,56436,3739,939825,1946500
2341,169,197,56267,3711,940022,1804500
2342,193,200,56074,3704,940222,1793800
2343,169,203,55905,3670,940425,1794600
2344,184,175,55721,3679,940600,1812600
2345,171,174,55550,3676,940774,1833300
2346,164,180,55386,3660,940954,1855200
2347,164,179,55222,3645,941133,1846000
2348,166,177,55056,3634,941310,1828100
2349,171,175,54885,3630,941485,1764700
2350,195,171,54690,3654,941656,1790600
2351,148,194,54542,3608,941850,1767900
2352,172,183,54370,3597,942033,1800500
2353,145,181,54225,3561,942214,1792900
2354,176,177,54049,3560,942391,1786000
2355,158,196,53891,3522,942587,1778500
2356,170,170,53721,3522,942757,2008400
2357,174,170,53547,3526,942927,1915700
2358,165,197,53382,3494,943124,1821500
2359,151,169,53231,3476,943293,1796800
2360,150,151,53081,3475,943444,1854500
2361,164,155,52917,3484,943599,1817400
2362,151,177,52766,3458,943776,1804800
2363,141,187,52625,3412,943963,1880800
2364,137,156,52488,3393,944119,1824800
2365,148,153,52340,3388,944272,1822500
2366,174,165,52166,3397,944437,1891100
2367,139,155,52027,3381,944592,1848000
2368,138,156,51889,3363,944748,2046700
2369,155,205,51734,3313,944953,1789500
2370,147,144,51587,3316,945097,1856700
2371,149,166,51438,3299,945263,1863800
2372,139,154,51299,3284,945417,1911600
2373,142,159,51157,3267,945576,1766700
2374,143,163,51014,3247,945739,1804800
2375,147,159,50867,3235,945898,1799200
2376,142,151,50725,3226,946049,1806700
2377,154,161,50571,3219,946210,1959800
2378,142,173,50429,3188,946383,2073600
2379,146,152,50283,3182,946535,1772400
2380,140,154,50143,3168,946689,1782100
2381,139,151,50004,3156,946840,1852600
2382,152,162,49852,3146,947002,1794400
2383,126,149,49726,3123,947151,1812800
2384,142,151,49584,3114,947302,1771600
2385,146,152,49438,3108,947454,1760300
2386,139,161,49299,3086,947615,1757000
2387,138,173,49161,3051,947788,1894600
2388,127,171,49034,3007,947959,2717700
2389,130,143,48904,2994,948102,1847000
2390,153,149,48751,2998,948251,1833400
2391,111,148,48640,2961,948399,2057800
2392,126,133,48514,2954,948532,1749600
2393,139,142,48375,2951,948674,1990500
2394,148,138,48227,2961,948812,2068200
2395,133,137,48094,2957,948949,1958700
2396,158,150,47936,2965,949099,1793800
2397,138,167,47798,2936,949266,1791900
2398,126,137,47672,2925,949403,1757800
2399,134,129,47538,2930,949532,2119900
2400,121,144,47417,2907,949676,1834000
2401,124,141,47293,2890,949817,2180800
2402,111,137,47182,2864,949954,1793300
2403,133,129,47049,2868,950083,1816600
2404,130,150,46919,2848,950233,1796400
2405,137,154,46782,2831,950387,1779000
2406,121,123,46661,2829,950510,1831000
2407,120,146,46541,2803,950656,1762400
2408,120,133,46421,2790,950789,1760100
2409,127,140,46294,2777,950929,2007000
2410,123,147,46171,2753,951076,2032700
2411,130,128,46041,2755,951204,1805400
2412,125,137,45916,2743,951341,1904900
2413,126,138,45790,2731,951479,2130100
2414,109,137,45681,2703,951616,2294900
2415,118,136,45563,2685,951752,2031100
2416,125,135,45438,2675,951887,1861600
2417,118,123,45320,2670,952010,1884600
2418,114,124,45206,2660,952134,1801300
2419,134,124,45072,2670,952258,2051600
2420,117,126,44955,2661,952384,1808100
2421,132,133,44823,2660,952517,1758200
2422,134,162,44689,2632,952679,1859000
2423,131,138,44558,2625,952817,1751700
2424,130,170,44428,2585,952987,2156800
2425,125,125,44303,2585,953112,2081600
2426,112,134,44191,2563,953246,2044900
2427,139,96,44052,2606,953342,2025200
2428,124,113,43928,2617,953455,2064200
2429,127,135,43801,2609,953590,2014800
2430,144,127,43657,2626,953717,1814400
2431,115,135,43542,2606,953852,1850000
2432,133,136,43409,2603,953988,1782600
2433,115,118,43294,2600,954106,1768400
2434,139,127,43155,2612,954233,1713700
2435,136,124,43019,2624,954357,1779100
2436,146,129,42873,2641,954486,1762800
2437,147,122,42726,2666,954608,1756400
2438,137,134,42589,2669,954742,1760400
2439,160,108,42429,2721,954850,1792800
2440,110,149,42319,2682,954999,1799300
2441,149,123,42170,2708,955122,1755300
2442,132,132,42038,2708,955254,1774800
2443,134,133,41904,2709,955387,1767000
2444,135,141,41769,2703,955528,1795300
2445,120,123,41649,2700,955651,1742000
2446,136,138,41513,2698,955789,1754900
2447,142,142,41371,2698,955931,1741800
2448,141,145,41230,2694,956076,1773600
2449,139,115,41091,2718,956191,1752700
2450,132,131,40959,2719,956322,1759900
2451,123,115,40836,2727,956437,1733800
2452,124,125,40712,2726,956562,1832200
2453,129,138,40583,2717,956700,1798300
2454,129,137,40454,2709,956837,2074600
2455,134,132,40320,2711,956969,1746600
2456,122,139,40198,2694,957108,1717800
2457,132,136,40066,2690,957244,1746300
2458,132,142,39934,2680,957386,1728100
2459,120,131,39814,2669,957517,1727900
2460,106,130,39708,2645,957647,2239600
2461,123,132,39585,2636,957779,1831500
2462,108,116,39477,2628,957895,1789500
2463,129,133,39348,2624,958028,1731500
2464,120,131,39228,2613,958159,1713900
2465,111,128,39117,2596,958287,1786300
2466,127,125,38990,2598,958412,1775000
2467,102,133,38888,2567,958545,1753500
2468,116,129,38772,2554,958674,1742700
2469,114,150,38658,2518,958824,1791800
2470,95,120,38563,2493,958944,1756300
2471,98,111,38465,2480,959055,1738900
2472,105,141,38360,2444,959196,1770200
2473,105,128,38255,2421,959324,1882900
2474,105,127,38150,2399,959451,1790900
2475,101,103,38049,2397,959554,1796100
2476,124,112,37925,2409,959666,1808900
2477,113,123,37812,2399,959789,1750500
2478,121,120,37691,2400,959909,1812600
2479,116,132,37575,2384,960041,1996600
2480,104,120,37471,2368,960161,1800600
2481,101,109,37370,2360,960270,1969400
2482,107,103,37263,2364,960373,2098400
2483,117,119,37146,2362,960492,2036900
2484,109,108,37037,2363,960600,2121700
2485,119,121,36918,2361,960721,2075600
2486,101,129,36817,2333,960850,1859000
2487,97,115,36720,2315,960965,1793300
2488,111,130,36609,2296,961095,1904000
2489,104,106,36505,2294,961201,2267700
2490,130,104,36375,2320,961305,1794900
2491,106,110,36269,2316,961415,1940600
2492,102,109,36167,2309,961524,1775600
2493,104,113,36063,2300,961637,2046300
2494,112,105,35951,2307,961742,1720600
2495,100,102,35851,2305,961844,1727900
2496,110,109,35741,2306,961953,1782300
2497,89,114,35652,2281,962067,2027200
2498,122,116,35530,2287,962183,1986700
2499,100,112,35430,2275,962295,2111200
2500,112,126,35318,2261,962421,1918900
2501,117,123,35201,2255,962544,2099800
2502,115,116,35086,2254,962660,2017300
2503,107,109,34979,2252,962769,1800700
2504,91,117,34888,2226,962886,1912700
2505,97,108,34791,2215,962994,1989400
2506,110,98,34681,2227,963092,1741000
2507,107,93,34574,2241,963185,2032700
2508,93,123,34481,2211,963308,1825000
2509,107,107,34374,2211,963415,1764100
2510,112,108,34262,2215,963523,1928000
2511,103,106,34159,2212,963629,1790000
2512,109,122,34050,2199,963751,1989000
2513,85,108,33965,2176,963859,1713400
2514,95,97,33870,2174,963956,2234600
2515,109,107,33761,2176,964063,1936500
2516,127,97,33634,2206,964160,2141500
2517,98,108,33536,2196,964268,1835100
2518,110,123,33426,2183,964391,2021900
2519,129,110,33297,2202,964501,1809100
2520,103,113,33194,2192,964614,1806800
2521,89,118,33105,2163,964732,1796200
2522,122,105,32983,2180,964837,1734300
2523,121,110,32862,2191,964947,1810500
2524,81,133,32781,2139,965080,1733800
2525,95,95,32686,2139,965175,1815000
2526,96,120,32590,2115,965295,1776800
2527,104,92,32486,2127,965387,1773900
2528,112,99,32374,2140,965486,1804800
2529,103,126,32271,2117,965612,1830700
2530,100,127,32171,2090,965739,1811200
2531,99,107,32072,2082,965846,1956800
2532,92,108,31980,2066,965954,1799800
2533,111,96,31869,2081,966050,1878900
2534,103,99,31766,2085,966149,1766800
2535,86,107,31680,2064,966256,1870000
2536,83,107,31597,2040,966363,1868700
2537,91,93,31506,2038,966456,1846700
2538,117,78,31389,2077,966534,1932800
2539,113,110,31276,2080,966644,1893600
2540,111,95,31165,2096,966739,1873300
2541,112,104,31053,2104,966843,1863500
2542,103,106,30950,2101,966949,1806900
2543,101,127,30849,2075,967076,1783900
2544,109,111,30740,2073,967187,2258700
2545,99,99,30641,2073,967286,1915100
2546,91,108,30550,2056,967394,1862900
2547,82,109,30468,2029,967503,1850300
2548,82,108,30386,2003,967611,1861300
2549,90,109,30296,1984,967720,1768400
2550,94,82,30202,1996,967802,1837500
2551,93,107,30109,1982,967909,1770900
2552,78,85,30031,1975,967994,1782000
2553,91,102,29940,1964,968096,1844900
2554,71,96,29869,1939,968192,1740200
2555,89,105,29780,1923,968297,1896500
2556,69,99,29711,1893,968396,1830000
2557,84,103,29627,1874,968499,1779400
2558,90,89,29537,1875,968588,1732300
2559,75,100,29462,1850,968688,1824400
2560,103,81,29359,1872,968769,1822400
2561,97,94,29262,1875,968863,1667600
2562,96,97,29166,1874,968960,2225000
2563,95,109,29071,1860,969069,1835600
2564,102,104,28969,1858,969173,1678500
2565,78,94,28891,1842,969267,1914300
2566,95,81,28796,1856,969348,1728200
2567,89,100,28707,1845,969448,1698700
2568,121,73,28586,1893,969521,1990800
2569,105,68,28481,1930,969589,1762900
2570,108,102,28373,1936,969691,2169700
2571,88,91,28285,1933,969782,1894700
2572,107,110,28178,1930,969892,1756500
2573,96,87,28082,1939,969979,1811900
2574,91,91,27991,1939,970070,1819500
2575,89,82,27902,1946,970152,1725100
2576,91,112,27811,1925,970264,1702400
2577,80,95,27731,1910,970359,1888200
2578,86,89,27645,1907,970448,1796600
2579,88,94,27557,1901,970542,1855600
2580,101,86,27456,1916,970628,1814400
2581,82,90,27374,1908,970718,1782700
2582,93,83,27281,1918,970801,1651600
2583,92,95,27189,1915,970896,1865900
2584,97,110,27092,1902,971006,1842900
2585,83,99,27009,1886,971105,1944600
2586,75,86,26934,1875,971191,1753900
2587,68,102,26866,1841,971293,1770200
2588,77,83,26789,1835,971376,1719000
2589,76,88,26713,1823,971464,1814100
2590,69,89,26644,1803,971553,1761200
2591,82,90,26562,1795,971643,1702900
2592,75,85,26487,1785,971728,1982400
2593,61,98,26426,1748,971826,1799200
2594,72,102,26354,1718,971928,1953500
2595,63,91,26291,1690,972019,1944800
2596,75,77,26216,1688,972096,1853200
2597,80,97,26136,1671,972193,1731700
2598,76,84,26060,1663,972277,1861000
2599,67,76,25993,1654,972353,1823300
2600,72,76,25921,1650,972429,1762300
2601,68,92,25853,1626,972521,1829200
2602,85,76,25768,1635,972597,1816500
2603,75,62,25693,1648,972659,1677900
2604,89,89,25604,1648,972748,1760100
2605,84,91,25520,1641,972839,1818900
2606,76,65,25444,1652,972904,1751600
2607,76,90,25368,1638,972994,1670600
2608,81,75,25287,1644,973069,1842100
2609,80,69,25207,1655,973138,1707000
2610,75,80,25132,1650,973218,1770700
2611,78,73,25054,1655,973291,1817600
2612,62,85,24992,1632,973376,1798000
2613,71,79,24921,1624,973455,1722400
2614,71,68,24850,1627,973523,1808200
2615,87,68,24763,1646,973591,1740500
2616,67,97,24696,1616,973688,1683500
2617,80,88,24616,1608,973776,1860700
2618,79,83,24537,1604,973859,1787800
2619,81,80,24456,1605,973939,1757200
2620,74,66,24382,1613,974005,1855600
2621,92,70,24290,1635,974075,1878700
2622,89,86,24201,1638,974161,1841800
2623,70,97,24131,1611,974258,1958400
2624,71,87,24060,1595,974345,1859100
2625,60,89,24000,1566,974434,1820900
2626,75,64,23925,1577,974498,2106100
2627,72,77,23853,1572,974575,1824000
2628,61,74,23792,1559,974649,1766200
2629,64,64,23728,1559,974713,1920800
2630,52,68,23676,1543,974781,1806200
2631,68,74,23608,1537,974855,1758200
2632,62,71,23546,1528,974926,1957200
2633,66,61,23480,1533,974987,1921300
2634,62,86,23418,1509,975073,1906100
2635,61,71,23357,1499,975144,2000300
2636,71,69,23286,1501,975213,1899100
2637,52,86,23234,1467,975299,1955400
2638,61,77,23173,1451,975376,1982400
2639,67,64,23106,1454,975440,1813500
2640,63,76,23043,1441,975516,1867100
2641,64,77,22979,1428,975593,1835200
2642,53,77,22926,1404,975670,1776100
2643,56,68,22870,1392,975738,1793900
2644,57,76,22813,1373,975814,2068200
2645,50,60,22763,1363,975874,1764200
2646,58,72,22705,1349,975946,2237500
2647,64,77,22641,1336,976023,1809000
2648,58,64,22583,1330,976087,1872800
2649,57,65,22526,1322,976152,2144900
2650,53,68,22473,1307,976220,1870300
2651,65,54,22408,1318,976274,1754000
2652,50,63,22358,1305,976337,1788800
2653,56,67,22302,1294,976404,1886900
2654,56,74,22246,1276,976478,1878000
2655,58,70,22188,1264,976548,1852500
2656,50,70,22138,1244,976618,1799100
2657,60,49,22078,1255,976667,1731200
2658,73,56,22005,1272,976723,1987000
2659,63,70,21942,1265,976793,1722000
2660,52,68,21890,1249,976861,1711000
2661,63,75,21827,1237,976936,1956600
2662,60,65,21767,1232,977001,1836900
2663,54,62,21713,1224,977063,1769700
2664,62,49,21651,1237,977112,1835700
2665,61,53,21590,1245,977165,1852600
2666,56,66,21534,1235,977231,1749800
2667,55,65,21479,1225,977296,2020500
2668,44,67,21435,1202,977363,1794100
2669,48,44,21387,1206,977407,1676100
2670,51,68,21336,1189,977475,1746500
2671,67,50,21269,1206,977525,1779700
2672,47,58,21222,1195,977583,1997300
2673,61,41,21161,1215,977624,1950100
2674,46,53,21115,1208,977677,1817300
2675,58,72,21057,1194,977749,1814200
2676,56,62,21001,1188,977811,1853600
2677,57,60,20944,1185,977871,1776600
2678,51,62,20893,1174,977933,1691500
2679,53,72,20840,1155,978005,1935200
2680,55,59,20785,1151,978064,1782900
2681,47,62,20738,1136,978126,1830700
2682,53,60,20685,1129,978186,2036300
2683,51,64,20634,1116,978250,1804600
2684,51,55,20583,1112,978305,1714100
2685,48,50,20535,1110,978355,1739000
2686,52,55,20483,1107,978410,1841300
2687,39,52,20444,1094,978462,1704800
2688,59,53,20385,1100,978515,1929600
2689,41,58,20344,1083,978573,1841300
2690,31,48,20313,1066,978621,1673400
2691,45,47,20268,1064,978668,2037600
2692,39,55,20229,1048,978723,1787900
2693,39,52,20190,1035,978775,1726500
2694,46,44,20144,1037,978819,1653800
2695,38,60,20106,1015,978879,1833600
2696,41,54,20065,1002,978933,1788400
2697,51,55,20014,998,978988,1821700
2698,44,48,19970,994,979036,1818800
2699,50,48,19920,996,979084,1754700
2700,46,49,19874,993,979133,1801300
2701,32,34,19842,991,979167,1874500
2702,38,62,19804,967,979229,1842800
2703,53,56,19751,964,979285,1788000
2704,32,53,19719,943,979338,1818400
2705,47,51,19672,939,979389,1938600
2706,44,48,19628,935,979437,1726200
2707,41,37,19587,939,979474,1816200
2708,42,49,19545,932,979523,1730200
2709,47,44,19498,935,979567,1986500
2710,38,46,19460,927,979613,1837500
2711,40,36,19420,931,979649,1741300
2712,55,52,19365,934,979701,1758200
2713,38,45,19327,927,979746,1996200
2714,54,43,19273,938,979789,2025500
2715,51,51,19222,938,979840,1780800
2716,48,51,19174,935,979891,1905700
2717,61,49,19113,947,979940,2000200
2718,33,51,19080,929,979991,1788400
2719,46,45,19034,930,980036,1813200
2720,46,44,18988,932,980080,1756000
2721,40,38,18948,934,980118,1754700
2722,52,47,18896,939,980165,1863500
2723,43,53,18853,929,980218,1788400
2724,53,49,18800,933,980267,1659300
2725,58,43,18742,948,980310,1871600
2726,47,55,18695,940,980365,1719000
2727,49,43,18646,946,980408,1761200
2728,52,53,18594,945,980461,1985200
2729,48,51,18546,942,980512,1816900
2730,42,40,18504,944,980552,1843100
2731,49,36,18455,957,980588,1958300
2732,57,41,18398,973,980629,1784400
2733,38,52,18360,959,980681,2229800
2734,36,43,18324,952,980724,1902400
2735,44,39,18280,957,980763,1734800
2736,38,41,18242,954,980804,2204000
2737,46,49,18196,951,980853,2043100
2738,28,44,18168,935,980897,1889500
2739,45,41,18123,939,980938,2046000
2740,39,46,18084,932,980984,1964200
2741,41,52,18043,921,981036,1728100
2742,40,51,18003,910,981087,1938500
2743,47,36,17956,921,981123,1763900
2744,38,44,17918,915,981167,1713200
2745,41,47,17877,909,981214,1786200
2746,51,36,17826,924,981250,1751300
2747,36,42,17790,918,981292,1721400
2748,40,41,17750,917,981333,1791900
2749,57,46,17693,928,981379,1756500
2750,36,42,17657,922,981421,1668100
2751,38,47,17619,913,981468,1988500
2752,36,53,17583,896,981521,2109300
2753,37,39,17546,894,981560,1700500
2754,41,44,17505,891,981604,1939600
2755,35,41,17470,885,981645,1763000
2756,37,44,17433,878,981689,1820400
2757,38,43,17395,873,981732,2006600
2758,28,41,17367,860,981773,1785900
2759,33,50,17334,843,981823,1873200
2760,36,40,17298,839,981863,1765700
2761,31,46,17267,824,981909,1736100
2762,31,48,17236,807,981957,1694000
2763,21,29,17215,799,981986,1845400
2764,31,38,17184,792,982024,1789000
2765,29,40,17155,781,982064,1730100
2766,24,39,17131,766,982103,1929600
2767,23,49,17108,740,982152,1936600
2768,35,40,17073,735,982192,1665000
2769,20,39,17053,716,982231,1850500
2770,21,34,17032,703,982265,1758800
2771,22,38,17010,687,982303,1955900
2772,28,35,16982,680,982338,1973800
2773,23,31,16959,672,982369,1776100
2774,21,35,16938,658,982404,1819700
2775,23,34,16915,647,982438,2046200
2776,20,35,16895,632,982473,1769500
2777,21,33,16874,620,982506,1678000
2778,23,40,16851,603,982546,1987200
2779,24,25,16827,602,982571,1783300
2780,15,26,16812,591,982597,1792500
2781,18,28,16794,581,982625,1857200
2782,23,25,16771,579,982650,1749400
2783,25,27,16746,577,982677,1889000
2784,16,29,16730,564,982706,1960800
2785,26,35,16704,555,982741,1755200
2786,25,32,16679,548,982773,1798700
2787,22,29,16657,541,982802,1743800
2788,21,34,16636,528,982836,1878800
2789,18,30,16618,516,982866,1766400
2790,17,19,16601,514,982885,1812800
2791,15,30,16586,499,982915,1755800
2792,24,21,16562,502,982936,1795700
2793,17,23,16545,496,982959,2127700
2794,21,25,16524,492,982984,1763600
2795,18,24,16506,486,983008,1796900
2796,23,26,16483,483,983034,1828500
2797,20,25,16463,478,983059,1721200
2798,20,23,16443,475,983082,1965100
2799,19,22,16424,472,983104,1744600
2800,12,21,16412,463,983125,1786700
2801,11,22,16401,452,983147,1774700
2802,15,20,16386,447,983167,1790100
2803,22,18,16364,451,983185,2109400
2804,19,28,16345,442,983213,1761900
2805,25,18,16320,449,983231,2055800
2806,19,24,16301,444,983255,1782800
2807,10,17,16291,437,983272,2267900
2808,21,18,16270,440,983290,1993900
2809,23,14,16247,449,983304,1780300
2810,25,20,16222,454,983324,2064000
2811,24,17,16198,461,983341,1807900
2812,18,18,16180,461,983359,5134600
2813,16,24,16164,453,983383,3125000
2814,24,19,16140,458,983402,2322000
2815,28,25,16112,461,983427,5805200
2816,18,20,16094,459,983447,4479300
2817,19,19,16075,459,983466,4697500
2818,13,24,16062,448,983490,2285200
2819,15,26,16047,437,983516,2312700
2820,16,21,16031,432,983537,2607700
2821,14,22,16017,424,983559,2500800
2822,24,12,15993,436,983571,2307500
2823,16,27,15977,425,983598,2559800
2824,18,16,15959,427,983614,2090000
2825,17,30,15942,414,983644,1962300
2826,17,22,15925,409,983666,1924100
2827,13,24,15912,398,983690,2007000
2828,25,22,15887,401,983712,1863000
2829,14,17,15873,398,983729,1895800
2830,9,25,15864,382,983754,1777600
2831,15,15,15849,382,983769,1893500
2832,19,13,15830,388,983782,1890000
2833,16,21,15814,383,983803,2586500
2834,16,24,15798,375,983827,3229800
2835,7,14,15791,368,983841,2050300
2836,19,22,15772,365,983863,2231100
2837,16,15,15756,366,983878,2089400
2838,11,7,15745,370,983885,2025700
2839,6,15,15739,361,983900,2104400
2840,7,16,15732,352,983916,1921700
2841,10,19,15722,343,983935,1917600
2842,12,10,15710,345,983945,1850300
2843,9,15,15701,339,983960,1847600
2844,5,20,15696,324,983980,2052300
2845,11,14,15685,321,983994,1868100
2846,8,14,15677,315,984008,1801000
2847,5,11,15672,309,984019,1763800
2848,7,14,15665,302,984033,1885800
2849,5,11,15660,296,984044,1767800
2850,5,19,15655,282,984063,1722800
2851,8,18,15647,272,984081,1978800
2852,5,14,15642,263,984095,1759500
2853,7,13,15635,257,984108,2131600
2854,7,16,15628,248,984124,1807500
2855,7,13,15621,242,984137,2029400
2856,5,10,15616,237,984147,1760000
2857,2,6,15614,233,984153,1752100
2858,8,14,15606,227,984167,1915600
2859,7,4,15599,230,984171,1720200
2860,8,17,15591,221,984188,1847700
2861,10,17,15581,214,984205,1811600
2862,10,13,15571,211,984218,1701800
2863,4,12,15567,203,984230,1759400
2864,7,10,15560,200,984240,1851700
2865,5,10,15555,195,984250,1818600
2866,4,9,15551,190,984259,1795300
2867,1,3,15550,188,984262,1797300
2868,3,8,15547,183,984270,1808000
2869,4,8,15543,179,984278,1811600
2870,5,5,15538,179,984283,1825800
2871,8,9,15530,178,984292,1880800
2872,5,3,15525,180,984295,1842800
2873,5,4,15520,181,984299,1794000
2874,5,13,15515,173,984312,1705300
2875,4,9,15511,168,984321,1789400
2876,5,13,15506,160,984334,1804100
2877,12,8,15494,164,984342,2124100
2878,5,9,15489,160,984351,1844500
2879,6,5,15483,161,984356,1972600
2880,2,6,15481,157,984362,1868900
2881,5,7,15476,155,984369,1852400
2882,5,13,15471,147,984382,1937200
2883,2,8,15469,141,984390,1833900
2884,5,2,15464,144,984392,1946200
2885,5,11,15459,138,984403,1876700
2886,5,12,15454,131,984415,1887500
2887,9,8,15445,132,984423,2034700
2888,5,13,15440,124,984436,1783800
2889,6,11,15434,119,984447,1870800
2890,6,6,15428,119,984453,1749800
2891,3,4,15425,118,984457,1913600
2892,4,7,15421,115,984464,1786700
2893,4,7,15417,112,984471,1934100
2894,4,4,15413,112,984475,1784800
2895,8,5,15405,115,984480,2108100
2896,4,4,15401,115,984484,1765900
2897,7,6,15394,116,984490,1940700
2898,4,6,15390,114,984496,1851300
2899,6,3,15384,117,984499,1772000
2900,4,3,15380,118,984502,1828600
2901,8,5,15372,121,984507,1800500
2902,4,3,15368,122,984510,1797900
2903,5,7,15363,120,984517,1848500
2904,3,6,15360,117,984523,1946100
2905,5,6,15355,116,984529,1901500
2906,10,6,15345,120,984535,1955000
2907,5,4,15340,121,984539,1855600
2908,2,8,15338,115,984547,1817600
2909,4,5,15334,114,984552,2017400
2910,5,10,15329,109,984562,1835200
2911,1,2,15328,108,984564,1895700
2912,4,4,15324,108,984568,1781000
2913,4,3,15320,109,984571,1806300
2914,2,4,15318,107,984575,1808100
2915,6,3,15312,110,984578,1734300
2916,3,7,15309,106,984585,1789200
2917,2,3,15307,105,984588,1886800
2918,5,4,15302,106,984592,1774800
2919,5,4,15297,107,984596,1724300
2920,3,3,15294,107,984599,1818900
2921,0,4,15294,103,984603,1824800
2922,2,4,15292,101,984607,1761900
2923,4,7,15288,98,984614,1823100
2924,4,6,15284,96,984620,2042200
2925,3,3,15281,96,984623,1918400
2926,1,8,15280,89,984631,1851500
2927,0,6,15280,83,984637,1892300
2928,1,10,15279,74,984647,1814700
2929,1,3,15278,72,984650,1909800
2930,3,3,15275,72,984653,1844700
2931,1,5,15274,68,984658,1938400
2932,0,6,15274,62,984664,1862000
2933,3,5,15271,60,984669,1804200
2934,1,6,15270,55,984675,1887400
2935,0,5,15270,50,984680,1857000
2936,1,1,15269,50,984681,2001300
2937,0,1,15269,49,984682,1781500
2938,1,3,15268,47,984685,1865100
2939,1,2,15267,46,984687,1866800
2940,0,2,15267,44,984689,1803800
2941,0,2,15267,42,984691,1950000
2942,1,4,15266,39,984695,1818200
2943,0,2,15266,37,984697,1829700
2944,1,1,15265,37,984698,1843400
2945,2,0,15263,39,984698,1821200
2946,1,4,15262,36,984702,1812400
2947,0,3,15262,33,984705,1896900
2948,2,1,15260,34,984706,1862300
2949,0,0,15260,34,984706,1803600
2950,0,1,15260,33,984707,1904700
2951,0,0,15260,33,984707,1814600
2952,0,1,15260,32,984708,1834500
2953,0,2,15260,30,984710,1904500
2954,0,4,15260,26,984714,1756500
2955,0,3,15260,23,984717,1852300
2956,0,1,15260,22,984718,1874000
2957,0,0,15260,22,984718,1853600
2958,0,0,15260,22,984718,1852800
2959,0,0,15260,22,984718,1891300
2960,0,0,15260,22,984718,2033900
2961,0,1,15260,21,984719,2088500
2962,0,0,15260,21,984719,1847500
2963,0,1,15260,20,984720,1818800
2964,0,0,15260,20,984720,1829400
2965,0,3,15260,17,984723,1857600
2966,0,1,15260,16,984724,1782900
2967,0,1,15260,15,984725,1708000
2968,0,1,15260,14,984726,1873500
2969,0,2,15260,12,984728,1781800
2970,0,0,15260,12,984728,1757800
2971,0,0,15260,12,984728,1795600
2972,0,0,15260,12,984728,2046100
2973,0,2,15260,10,984730,1795000
2974,0,0,15260,10,984730,1775100
2975,0,0,15260,10,984730,1855000
2976,0,1,15260,9,984731,1767700
2977,0,1,15260,8,984732,1785200
2978,0,0,15260,8,984732,1946300
2979,0,0,15260,8,984732,1812400
2980,0,1,15260,7,984733,1805700
2981,0,1,15260,6,984734,1856700
2982,0,0,15260,6,984734,1899600
2983,0,0,15260,6,984734,2108100
2984,0,0,15260,6,984734,1737700
2985,0,1,15260,5,984735,1926100
2986,0,0,15260,5,984735,1807800
2987,0,1,15260,4,984736,1985300
2988,0,1,15260,3,984737,1762100
2989,0,0,15260,3,984737,1954200
2990,0,0,15260,3,984737,1843500
2991,0,0,15260,3,984737,1806300
2992,0,0,15260,3,984737,1818400
2993,0,1,15260,2,984738,1799600
2994,0,0,15260,2,984738,1822300
2995,0,0,15260,2,984738,1742900
2996,0,0,15260,2,984738,1771700
2997,0,0,15260,2,984738,1745300
2998,0,0,15260,2,984738,1815400
2999,0,0,15260,2,984738,1800700
3000,0,0,15260,2,984738,1968600
3001,0,0,15260,2,984738,1840500
3002,0,0,15260,2,984738,1816300
3003,0,0,15260,2,984738,1792000
3004,0,0,15260,2,984738,1741200
3005,0,0,15260,2,984738,1784800
3006,0,0,15260,2,984738,1744400
3007,0,0,15260,2,984738,2048600
3008,0,0,15260,2,984738,1771600
3009,0,0,15260,2,984738,1767800
3010,0,0,15260,2,984738,1727200
3011,0,0,15260,2,984738,2076800
3012,0,0,15260,2,984738,1799200
3013,0,0,15260,2,984738,1950400
3014,0,0,15260,2,984738,1828900
3015,0,1,15260,1,984739,1744400
3016,0,0,15260,1,984739,1813300
3017,0,0,15260,1,984739,1775000
3018,0,0,15260,1,984739,1758400
3019,0,0,15260,1,984739,1786000
3020,0,0,15260,1,984739,1977600
3021,0,0,15260,1,984739,1784300
3022,0,1,15260,0,984740,1863300
