Tick,NewlyInfected,NewlyRecovered,TotalSusceptible,TotalInfected,TotalRecovered,StepTimeNanos
0,4,0,999991,9,0,2751800
1,7,0,999984,16,0,2058800
2,3,2,999981,17,2,1970300
3,5,2,999976,20,4,1930300
4,4,0,999972,24,4,1908000
5,5,1,999967,28,5,1938100
6,5,1,999962,32,6,1922900
7,6,2,999956,36,8,1910300
8,6,0,999950,42,8,1922000
9,8,1,999942,49,9,2547000
10,7,3,999935,53,12,1979600
11,11,3,999924,61,15,1943000
12,2,3,999922,60,18,1797700
13,8,3,999914,65,21,1803500
14,10,3,999904,72,24,1787200
15,6,3,999898,75,27,1804000
16,13,8,999885,80,35,1772900
17,12,4,999873,88,39,1729300
18,8,5,999865,91,44,2068900
19,12,4,999853,99,48,1733100
20,9,5,999844,103,53,1752400
21,16,9,999828,110,62,1962600
22,6,4,999822,112,66,1754200
23,11,2,999811,121,68,1930900
24,13,3,999798,131,71,2052200
25,11,10,999787,132,81,1858100
26,17,9,999770,140,90,1752500
27,15,11,999755,144,101,1701200
28,13,5,999742,152,106,1637000
29,12,9,999730,155,115,1664100
30,15,4,999715,166,119,1754200
31,15,3,999700,178,122,1734100
32,18,6,999682,190,128,1927600
33,24,7,999658,207,135,1823300
34,22,8,999636,221,143,1794700
35,20,8,999616,233,151,1690000
36,19,12,999597,240,163,1651500
37,16,10,999581,246,173,1854600
38,21,16,999560,251,189,1626400
39,18,16,999542,253,205,1906500
40,20,10,999522,263,215,1836800
41,19,8,999503,274,223,1739400
42,23,17,999480,280,240,2136000
43,17,14,999463,283,254,1961800
44,20,19,999443,284,273,1681900
45,20,14,999423,290,287,1677700
46,14,17,999409,287,304,1882200
47,22,26,999387,283,330,1691600
48,27,17,999360,293,347,1725600
49,25,15,999335,303,362,1754000
50,22,10,999313,315,372,2124500
51,28,13,999285,330,385,1768800
52,26,14,999259,342,399,1733900
53,30,9,999229,363,408,1684200
54,32,16,999197,379,424,1768100
55,32,25,999165,386,449,1747800
56,29,13,999136,402,462,1769400
57,45,24,999091,423,486,1744700
58,32,23,999059,432,509,1709500
59,45,23,999014,454,532,1836400
60,29,20,998985,463,552,1737500
61,35,19,998950,479,571,1750700
62,34,29,998916,484,600,1715000
63,35,15,998881,504,615,1687200
64,39,30,998842,513,645,1889000
65,41,27,998801,527,672,1966600
66,53,24,998748,556,696,1685500
67,44,28,998704,572,724,1706100
68,39,28,998665,583,752,1697900
69,38,31,998627,590,783,1797000
70,42,30,998585,602,813,2027400
71,52,32,998533,622,845,1761100
72,46,26,998487,642,871,1700900
73,45,23,998442,664,894,1707900
74,43,35,998399,672,929,1852000
75,54,42,998345,684,971,1684200
76,41,37,998304,688,1008,1755800
77,47,26,998257,709,1034,1731600
78,56,44,998201,721,1078,1738000
79,37,45,998164,713,1123,1672600
80,49,43,998115,719,1166,1690100
81,59,36,998056,742,1202,1722700
82,55,51,998001,746,1253,1722300
83,48,41,997953,753,1294,1708800
84,50,31,997903,772,1325,1958600
85,60,41,997843,791,1366,1917300
86,55,45,997788,801,1411,1719400
87,58,43,997730,816,1454,1857100
88,55,38,997675,833,1492,1723500
89,53,44,997622,842,1536,1908700
90,58,42,997564,858,1578,1761900
91,63,49,997501,872,1627,1668900
92,60,36,997441,896,1663,1949500
93,57,43,997384,910,1706,1723000
94,74,43,997310,941,1749,1702700
95,61,54,997249,948,1803,1744100
96,59,46,997190,961,1849,1693900
97,50,54,997140,957,1903,1700500
98,60,41,997080,976,1944,1927500
99,47,47,997033,976,1991,1676000
100,62,52,996971,986,2043,1755200
101,51,56,996920,981,2099,1738400
102,57,62,996863,976,2161,1693700
103,74,46,996789,1004,2207,1670700
104,74,61,996715,1017,2268,1753800
105,62,56,996653,1023,2324,2031700
106,74,55,996579,1042,2379,1763500
107,72,53,996507,1061,2432,1722800
108,72,49,996435,1084,2481,1814100
109,65,57,996370,1092,2538,1915000
110,79,64,996291,1107,2602,1979500
111,79,55,996212,1131,2657,1809500
112,83,64,996129,1150,2721,1885600
113,81,55,996048,1176,2776,1742400
114,72,53,995976,1195,2829,1671400
115,77,51,995899,1221,2880,1756300
116,74,46,995825,1249,2926,1788400
117,77,54,995748,1272,2980,2156200
118,89,59,995659,1302,3039,1778800
119,83,65,995576,1320,3104,1685300
120,78,60,995498,1338,3164,1803300
121,65,69,995433,1334,3233,1699000
122,83,58,995350,1359,3291,1772500
123,83,69,995267,1373,3360,1799000
124,103,69,995164,1407,3429,1764800
125,96,72,995068,1431,3501,1658000
126,105,56,994963,1480,3557,1699400
127,107,56,994856,1531,3613,1695100
128,102,79,994754,1554,3692,1824100
129,107,79,994647,1582,3771,1702500
130,102,73,994545,1611,3844,1655200
131,106,74,994439,1643,3918,1644600
132,99,96,994340,1646,4014,1670900
133,116,66,994224,1696,4080,1995000
134,107,89,994117,1714,4169,1749500
135,111,75,994006,1750,4244,1729000
136,98,83,993908,1765,4327,1741000
137,98,81,993810,1782,4408,1781000
138,112,93,993698,1801,4501,1705500
139,99,91,993599,1809,4592,1743600
140,105,99,993494,1815,4691,1786800
141,126,78,993368,1863,4769,1725700
142,95,98,993273,1860,4867,1700200
143,106,95,993167,1871,4962,1770100
144,87,88,993080,1870,5050,1780200
145,114,108,992966,1876,5158,2168900
146,120,89,992846,1907,5247,1804600
147,103,87,992743,1923,5334,1862000
148,115,105,992628,1933,5439,1861000
149,117,92,992511,1958,5531,1768400
150,129,116,992382,1971,5647,1720100
151,92,86,992290,1977,5733,1771700
152,95,101,992195,1971,5834,1986400
153,108,82,992087,1997,5916,1691800
154,118,103,991969,2012,6019,1760100
155,116,116,991853,2012,6135,1751100
156,96,87,991757,2021,6222,1928400
157,118,103,991639,2036,6325,1729300
158,124,97,991515,2063,6422,1660100
159,129,103,991386,2089,6525,1627000
160,120,95,991266,2114,6620,1626400
161,133,96,991133,2151,6716,1638300
162,125,104,991008,2172,6820,1739900
163,109,97,990899,2184,6917,1744800
164,118,124,990781,2178,7041,1754400
165,140,120,990641,2198,7161,1746600
166,130,133,990511,2195,7294,1831500
167,120,111,990391,2204,7405,1763700
168,134,111,990257,2227,7516,1706200
169,119,105,990138,2241,7621,1666800
170,123,118,990015,2246,7739,1597900
171,123,110,989892,2259,7849,1614800
172,122,127,989770,2254,7976,2052200
173,143,123,989627,2274,8099,1874400
174,146,112,989481,2308,8211,1787000
175,122,116,989359,2314,8327,1849800
176,140,115,989219,2339,8442,1696800
177,137,127,989082,2349,8569,1700300
178,131,115,988951,2365,8684,1736600
179,131,114,988820,2382,8798,1974900
180,124,109,988696,2397,8907,1922500
181,157,115,988539,2439,9022,1750900
182,139,120,988400,2458,9142,1738200
183,155,136,988245,2477,9278,1749200
184,139,123,988106,2493,9401,1865500
185,135,127,987971,2501,9528,1763300
186,135,111,987836,2525,9639,1741400
187,151,142,987685,2534,9781,1695400
188,153,126,987532,2561,9907,1854800
189,134,141,987398,2554,10048,1647500
190,152,141,987246,2565,10189,1746400
191,159,136,987087,2588,10325,1736700
192,148,133,986939,2603,10458,1673200
193,182,133,986757,2652,10591,1753900
194,146,126,986611,2672,10717,2159100
195,150,131,986461,2691,10848,1755100
196,148,147,986313,2692,10995,1967900
197,135,155,986178,2672,11150,1668900
198,144,128,986034,2688,11278,1671400
199,138,147,985896,2679,11425,1759300
200,171,145,985725,2705,11570,1656200
201,159,139,985566,2725,11709,1719900
202,157,130,985409,2752,11839,1641900
203,163,143,985246,2772,11982,1627700
204,160,118,985086,2814,12100,1664200
205,168,156,984918,2826,12256,1692200
206,181,118,984737,2889,12374,1768300
207,164,130,984573,2923,12504,1758700
208,143,167,984430,2899,12671,1710200
209,193,133,984237,2959,12804,1693700
210,182,149,984055,2992,12953,1641400
211,166,165,983889,2993,13118,1587300
212,198,150,983691,3041,13268,1679300
213,161,136,983530,3066,13404,1791300
214,174,161,983356,3079,13565,1707400
215,197,146,983159,3130,13711,1667300
216,196,138,982963,3188,13849,1635600
217,205,144,982758,3249,13993,1638900
218,186,154,982572,3281,14147,1836600
219,196,161,982376,3316,14308,1798200
220,176,186,982200,3306,14494,1760800
221,186,184,982014,3308,14678,1939000
222,190,172,981824,3326,14850,1736000
223,176,164,981648,3338,15014,1836700
224,198,160,981450,3376,15174,1785700
225,174,173,981276,3377,15347,1755900
226,185,187,981091,3375,15534,1734700
227,178,188,980913,3365,15722,1697100
228,191,175,980722,3381,15897,1647500
229,189,194,980533,3376,16091,1637300
230,185,172,980348,3389,16263,1738300
231,176,186,980172,3379,16449,1781600
232,175,200,979997,3354,16649,2084100
233,187,191,979810,3350,16840,1870700
234,194,184,979616,3360,17024,1773100
235,224,161,979392,3423,17185,1958300
236,201,195,979191,3429,17380,2092600
237,197,179,978994,3447,17559,1663100
238,199,177,978795,3469,17736,1767800
239,203,171,978592,3501,17907,1830900
240,173,178,978419,3496,18085,1843200
241,174,159,978245,3511,18244,1785100
242,213,175,978032,3549,18419,1844100
243,177,190,977855,3536,18609,1816100
244,179,180,977676,3535,18789,1782800
245,195,193,977481,3537,18982,1784000
246,182,153,977299,3566,19135,2065700
247,213,160,977086,3619,19295,1858900
248,199,158,976887,3660,19453,1782600
249,231,184,976656,3707,19637,1779200
250,205,179,976451,3733,19816,1684200
251,227,161,976224,3799,19977,1735200
252,204,207,976020,3796,20184,1718400
253,207,212,975813,3791,20396,1828000
254,205,177,975608,3819,20573,1903400
255,230,186,975378,3863,20759,1653300
256,200,197,975178,3866,20956,1670000
257,233,184,974945,3915,21140,1706500
258,231,202,974714,3944,21342,1694700
259,227,163,974487,4008,21505,1722500
260,237,211,974250,4034,21716,1692500
261,223,206,974027,4051,21922,1828200
262,252,199,973775,4104,22121,1873000
263,242,219,973533,4127,22340,1721300
264,243,238,973290,4132,22578,1690200
265,246,192,973044,4186,22770,1864000
266,230,195,972814,4221,22965,1763200
267,233,190,972581,4264,23155,1668100
268,247,203,972334,4308,23358,1701600
269,219,220,972115,4307,23578,1658900
270,237,200,971878,4344,23778,1656100
271,243,236,971635,4351,24014,1647700
272,238,199,971397,4390,24213,1782400
273,225,211,971172,4404,24424,1754100
274,230,199,970942,4435,24623,1639900
275,234,218,970708,4451,24841,1636500
276,244,202,970464,4493,25043,1672700
277,239,211,970225,4521,25254,1763400
278,225,214,970000,4532,25468,1783700
279,233,225,969767,4540,25693,1691200
280,240,207,969527,4573,25900,1671600
281,264,219,969263,4618,26119,1663100
282,242,213,969021,4647,26332,1755300
283,239,221,968782,4665,26553,1769700
284,247,250,968535,4662,26803,1783800
285,199,253,968336,4608,27056,1760200
286,244,217,968092,4635,27273,1721600
287,240,224,967852,4651,27497,1673200
288,262,245,967590,4668,27742,1674000
289,254,231,967336,4691,27973,1765900
290,254,227,967082,4718,28200,1779800
291,251,241,966831,4728,28441,1760000
292,249,213,966582,4764,28654,1944000
293,244,219,966338,4789,28873,2219500
294,259,195,966079,4853,29068,1655900
295,255,239,965824,4869,29307,1880700
296,257,255,965567,4871,29562,1827000
297,249,262,965318,4858,29824,1861600
298,240,236,965078,4862,30060,1801600
299,236,232,964842,4866,30292,2118600
300,250,228,964592,4888,30520,1989400
301,254,263,964338,4879,30783,1777300
302,286,219,964052,4946,31002,1688700
303,257,252,963795,4951,31254,1792800
304,270,253,963525,4968,31507,1824400
305,255,251,963270,4972,31758,1832300
306,249,231,963021,4990,31989,1841000
307,245,269,962776,4966,32258,1775600
308,262,218,962514,5010,32476,1703200
309,251,286,962263,4975,32762,1680600
310,265,241,961998,4999,33003,1909400
311,266,237,961732,5028,33240,1767100
312,258,235,961474,5051,33475,1868800
313,263,273,961211,5041,33748,1799300
314,280,229,960931,5092,33977,1706400
315,278,255,960653,5115,34232,1693300
316,257,240,960396,5132,34472,1711900
317,248,292,960148,5088,34764,1658900
318,262,252,959886,5098,35016,1648000
319,263,243,959623,5118,35259,1791200
320,281,250,959342,5149,35509,1908100
321,243,271,959099,5121,35780,1735800
322,281,257,958818,5145,36037,1707200
323,280,252,958538,5173,36289,1723000
324,280,272,958258,5181,36561,1675100
325,245,228,958013,5198,36789,1650400
326,261,237,957752,5222,37026,1740700
327,287,271,957465,5238,37297,1776800
328,250,249,957215,5239,37546,1967400
329,250,265,956965,5224,37811,1719300
330,254,274,956711,5204,38085,1646900
331,268,289,956443,5183,38374,1663600
332,264,234,956179,5213,38608,1671000
333,270,248,955909,5235,38856,1806700
334,293,270,955616,5258,39126,1770300
335,272,260,955344,5270,39386,1723100
336,296,269,955048,5297,39655,1715800
337,288,285,954760,5300,39940,1682000
338,263,253,954497,5310,40193,1677000
339,289,261,954208,5338,40454,1779700
340,300,283,953908,5355,40737,1732500
341,276,268,953632,5363,41005,1681300
342,301,298,953331,5366,41303,1988900
343,272,259,953059,5379,41562,1780900
344,302,288,952757,5393,41850,1916800
345,290,261,952467,5422,42111,1891200
346,292,271,952175,5443,42382,2696700
347,307,266,951868,5484,42648,2080700
348,339,289,951529,5534,42937,1823300
349,318,265,951211,5587,43202,1748300
350,325,263,950886,5649,43465,1903700
351,313,284,950573,5678,43749,1835000
352,310,297,950263,5691,44046,1732800
353,321,292,949942,5720,44338,1811200
354,299,313,949643,5706,44651,2343700
355,294,291,949349,5709,44942,1973100
356,311,280,949038,5740,45222,1986600
357,296,275,948742,5761,45497,1718200
358,303,276,948439,5788,45773,1729000
359,317,294,948122,5811,46067,1748300
360,328,306,947794,5833,46373,1748600
361,325,306,947469,5852,46679,1738000
362,310,288,947159,5874,46967,1745400
363,333,303,946826,5904,47270,1751200
364,317,290,946509,5931,47560,1769200
365,289,314,946220,5906,47874,1969800
366,324,316,945896,5914,48190,1822000
367,324,291,945572,5947,48481,1873700
368,331,307,945241,5971,48788,1783100
369,315,325,944926,5961,49113,1775200
370,313,323,944613,5951,49436,1816000
371,353,320,944260,5984,49756,1788700
372,310,276,943950,6018,50032,1748200
373,306,289,943644,6035,50321,1717900
374,334,299,943310,6070,50620,1724500
375,299,315,943011,6054,50935,1759300
376,327,274,942684,6107,51209,1809000
377,308,297,942376,6118,51506,1800700
378,317,327,942059,6108,51833,1680100
379,354,302,941705,6160,52135,1685900
380,322,300,941383,6182,52435,1801000
381,310,315,941073,6177,52750,1710400
382,323,284,940750,6216,53034,1798400
383,326,327,940424,6215,53361,1967900
384,337,340,940087,6212,53701,1914400
385,319,301,939768,6230,54002,1731400
386,323,353,939445,6200,54355,1799100
387,331,292,939114,6239,54647,2055700
388,307,322,938807,6224,54969,1858700
389,312,324,938495,6212,55293,1858700
390,339,299,938156,6252,55592,1746000
391,346,276,937810,6322,55868,1690400
392,342,331,937468,6333,56199,1899700
393,371,336,937097,6368,56535,1824100
394,337,290,936760,6415,56825,1699400
395,349,342,936411,6422,57167,1823600
396,355,345,936056,6432,57512,1856800
397,319,315,935737,6436,57827,1759200
398,354,332,935383,6458,58159,1772200
399,395,306,934988,6547,58465,1858600
400,352,323,934636,6576,58788,1772400
401,368,309,934268,6635,59097,1823100
402,349,337,933919,6647,59434,1894100
403,383,350,933536,6680,59784,1841100
404,372,342,933164,6710,60126,1968600
405,376,364,932788,6722,60490,1827200
406,390,307,932398,6805,60797,1804200
407,407,350,931991,6862,61147,1748600
408,395,382,931596,6875,61529,1809100
409,368,329,931228,6914,61858,1761300
410,393,332,930835,6975,62190,1761500
411,382,348,930453,7009,62538,1761200
412,370,340,930083,7039,62878,1812200
413,388,346,929695,7081,63224,1776300
414,378,346,929317,7113,63570,1771700
415,394,337,928923,7170,63907,1948200
416,363,377,928560,7156,64284,1785600
417,367,371,928193,7152,64655,1848300
418,407,388,927786,7171,65043,1839200
419,432,374,927354,7229,65417,1794400
420,401,352,926953,7278,65769,1791000
421,381,376,926572,7283,66145,1831900
422,392,332,926180,7343,66477,1772500
423,357,367,925823,7333,66844,1885500
424,401,381,925422,7353,67225,2019000
425,367,377,925055,7343,67602,2119600
426,371,357,924684,7357,67959,1844000
427,392,382,924292,7367,68341,1942100
428,401,367,923891,7401,68708,1835600
429,390,350,923501,7441,69058,1790900
430,376,362,923125,7455,69420,1818700
431,390,395,922735,7450,69815,1793700
432,370,403,922365,7417,70218,1963700
433,357,363,922008,7411,70581,1906000
434,369,343,921639,7437,70924,1799200
435,412,395,921227,7454,71319,2106800
436,405,350,920822,7509,71669,1830300
437,392,385,920430,7516,72054,2113200
438,382,382,920048,7516,72436,1867600
439,414,365,919634,7565,72801,1846300
440,398,391,919236,7572,73192,2027200
441,395,342,918841,7625,73534,1734200
442,401,384,918440,7642,73918,1830500
443,402,377,918038,7667,74295,1813400
444,404,362,917634,7709,74657,1838900
445,424,387,917210,7746,75044,1780300
446,432,381,916778,7797,75425,1765900
447,380,390,916398,7787,75815,1685100
448,398,394,916000,7791,76209,1712100
449,406,366,915594,7831,76575,1749600
450,397,419,915197,7809,76994,1763200
451,411,405,914786,7815,77399,1721500
452,433,382,914353,7866,77781,1706900
453,420,382,913933,7904,78163,1829000
454,411,367,913522,7948,78530,1812600
455,401,419,913121,7930,78949,1805500
456,364,385,912757,7909,79334,1759700
457,384,397,912373,7896,79731,1754300
458,432,424,911941,7904,80155,1697900
459,425,374,911516,7955,80529,1827000
460,439,436,911077,7958,80965,1720700
461,409,387,910668,7980,81352,1753700
462,477,411,910191,8046,81763,1684400
463,420,395,909771,8071,82158,1710700
464,414,372,909357,8113,82530,1819300
465,412,456,908945,8069,82986,1805200
466,381,414,908564,8036,83400,1708300
467,432,401,908132,8067,83801,1712200
468,403,391,907729,8079,84192,1715500
469,430,367,907299,8142,84559,1722800
470,455,401,906844,8196,84960,1787200
471,432,406,906412,8222,85366,1725600
472,403,384,906009,8241,85750,1780900
473,441,444,905568,8238,86194,1779300
474,454,419,905114,8273,86613,1835400
475,418,421,904696,8270,87034,1945700
476,433,405,904263,8298,87439,1849500
477,431,426,903832,8303,87865,1818800
478,439,377,903393,8365,88242,1726200
479,458,395,902935,8428,88637,1730400
480,442,435,902493,8435,89072,1713400
481,430,379,902063,8486,89451,1834400
482,482,431,901581,8537,89882,1800400
483,421,436,901160,8522,90318,2020300
484,450,414,900710,8558,90732,1878400
485,439,453,900271,8544,91185,2371300
486,413,418,899858,8539,91603,2203600
487,433,416,899425,8556,92019,1810700
488,457,436,898968,8577,92455,1687600
489,399,469,898569,8507,92924,1818200
490,435,397,898134,8545,93321,1804200
491,428,448,897706,8525,93769,1680200
492,419,424,897287,8520,94193,1704500
493,414,413,896873,8521,94606,1824800
494,443,406,896430,8558,95012,1933800
495,460,403,895970,8615,95415,1841400
496,440,422,895530,8633,95837,1769200
497,457,450,895073,8640,96287,1712600
498,424,443,894649,8621,96730,1714300
499,446,439,894203,8628,97169,1830900
500,411,429,893792,8610,97598,1736300
501,429,437,893363,8602,98035,1789600
502,434,402,892929,8634,98437,1734700
503,441,444,892488,8631,98881,1691300
504,461,422,892027,8670,99303,1946300
505,457,430,891570,8697,99733,1837000
506,419,425,891151,8691,100158,1852500
507,405,440,890746,8656,100598,1965100
508,445,484,890301,8617,101082,1841400
509,472,430,889829,8659,101512,2082200
510,446,432,889383,8673,101944,1949000
511,453,419,888930,8707,102363,1977000
512,449,423,888481,8733,102786,2178400
513,477,427,888004,8783,103213,1879000
514,439,441,887565,8781,103654,1843900
515,475,417,887090,8839,104071,1803200
516,440,447,886650,8832,104518,1968600
517,448,423,886202,8857,104941,1684900
518,478,450,885724,8885,105391,1690000
519,472,471,885252,8886,105862,2038500
520,438,430,884814,8894,106292,2029900
521,476,446,884338,8924,106738,1824100
522,464,442,883874,8946,107180,1828300
523,474,443,883400,8977,107623,1774100
524,476,451,882924,9002,108074,1731600
525,471,434,882453,9039,108508,1750600
526,479,420,881974,9098,108928,1847300
527,462,442,881512,9118,109370,1842400
528,490,474,881022,9134,109844,1803000
529,477,449,880545,9162,110293,1727700
530,465,439,880080,9188,110732,1717300
531,445,488,879635,9145,111220,1802700
532,419,436,879216,9128,111656,1892700
533,464,451,878752,9141,112107,1785200
534,466,464,878286,9143,112571,2024100
535,461,475,877825,9129,113046,1752300
536,485,432,877340,9182,113478,1704200
537,451,470,876889,9163,113948,1785800
538,453,450,876436,9166,114398,1764200
539,445,445,875991,9166,114843,1768200
540,464,464,875527,9166,115307,1969900
541,434,432,875093,9168,115739,1875500
542,461,423,874632,9206,116162,1756700
543,453,472,874179,9187,116634,1819400
544,427,461,873752,9153,117095,1748800
545,464,491,873288,9126,117586,1803400
546,431,445,872857,9112,118031,1730500
547,448,454,872409,9106,118485,1767600
548,465,439,871944,9132,118924,1844100
549,452,432,871492,9152,119356,1996000
550,433,471,871059,9114,119827,1761200
551,427,495,870632,9046,120322,1779300
552,436,433,870196,9049,120755,1709200
553,426,436,869770,9039,121191,1727100
554,482,499,869288,9022,121690,1985800
555,449,473,868839,8998,122163,1890200
556,462,423,868377,9037,122586,1927800
557,429,429,867948,9037,123015,1902700
558,476,445,867472,9068,123460,1892900
559,459,473,867013,9054,123933,1770900
560,459,449,866554,9064,124382,1746800
561,467,458,866087,9073,124840,1933500
562,488,474,865599,9087,125314,1724700
563,468,414,865131,9141,125728,1823100
564,508,478,864623,9171,126206,1729300
565,453,486,864170,9138,126692,1718800
566,504,429,863666,9213,127121,1876900
567,469,463,863197,9219,127584,1769900
568,457,430,862740,9246,128014,1704000
569,450,454,862290,9242,128468,1733000
570,468,468,861822,9242,128936,1738000
571,470,483,861352,9229,129419,1731100
572,469,510,860883,9188,129929,1916100
573,505,476,860378,9217,130405,1735500
574,471,467,859907,9221,130872,1741400
575,494,430,859413,9285,131302,1824000
576,475,465,858938,9295,131767,1717600
577,476,471,858462,9300,132238,1776800
578,477,482,857985,9295,132720,1741300
579,477,497,857508,9275,133217,1714300
580,454,467,857054,9262,133684,1848900
581,466,474,856588,9254,134158,1834500
582,504,466,856084,9292,134624,1731700
583,474,459,855610,9307,135083,1804400
584,438,430,855172,9315,135513,1762900
585,486,432,854686,9369,135945,1857100
586,506,458,854180,9417,136403,1986300
587,506,466,853674,9457,136869,2316600
588,491,486,853183,9462,137355,2208800
589,433,470,852750,9425,137825,1832200
590,478,464,852272,9439,138289,1701700
591,451,447,851821,9443,138736,1844100
592,444,511,851377,9376,139247,1750400
593,463,504,850914,9335,139751,1676700
594,445,463,850469,9317,140214,1703000
595,473,453,849996,9337,140667,1823200
596,475,454,849521,9358,141121,1715700
597,479,506,849042,9331,141627,1702800
598,430,467,848612,9294,142094,2070700
599,472,456,848140,9310,142550,1839900
600,505,443,847635,9372,142993,1867000
601,447,477,847188,9342,143470,1822700
602,521,467,846667,9396,143937,1797800
603,518,477,846149,9437,144414,1790200
604,454,477,845695,9414,144891,1757100
605,480,490,845215,9404,145381,1820900
606,485,449,844730,9440,145830,1848600
607,458,481,844272,9417,146311,1820100
608,479,487,843793,9409,146798,1783300
609,469,478,843324,9400,147276,1740100
610,477,468,842847,9409,147744,1979400
611,491,456,842356,9444,148200,1851500
612,440,476,841916,9408,148676,1860100
613,473,474,841443,9407,149150,1858000
614,476,456,840967,9427,149606,1846700
615,452,485,840515,9394,150091,1916200
616,447,488,840068,9353,150579,1868000
617,471,455,839597,9369,151034,2127600
618,468,514,839129,9323,151548,1962000
619,450,478,838679,9295,152026,1779400
620,467,469,838212,9293,152495,1690500
621,476,472,837736,9297,152967,1843000
622,472,462,837264,9307,153429,1836400
623,450,487,836814,9270,153916,1736600
624,450,476,836364,9244,154392,1699100
625,429,472,835935,9201,154864,1938500
626,486,435,835449,9252,155299,2166900
627,471,475,834978,9248,155774,1773400
628,475,485,834503,9238,156259,2122200
629,504,443,833999,9299,156702,1934600
630,408,481,833591,9226,157183,2020400
631,488,453,833103,9261,157636,1761900
632,508,457,832595,9312,158093,1837700
633,452,491,832143,9273,158584,1908600
634,457,458,831686,9272,159042,1766500
635,450,471,831236,9251,159513,1740100
636,465,439,830771,9277,159952,1828500
637,452,469,830319,9260,160421,1825300
638,437,492,829882,9205,160913,1810400
639,425,467,829457,9163,161380,1729600
640,444,443,829013,9164,161823,1712500
641,456,492,828557,9128,162315,1851700
642,454,469,828103,9113,162784,1853700
643,478,461,827625,9130,163245,1740200
644,509,494,827116,9145,163739,1740200
645,458,451,826658,9152,164190,1723100
646,464,443,826194,9173,164633,1757400
647,470,504,825724,9139,165137,1812900
648,489,421,825235,9207,165558,1724200
649,471,413,824764,9265,165971,1801800
650,501,465,824263,9301,166436,1718200
651,479,486,823784,9294,166922,1864900
652,474,470,823310,9298,167392,2033600
653,484,478,822826,9304,167870,1874000
654,502,466,822324,9340,168336,1834300
655,510,468,821814,9382,168804,1750500
656,525,442,821289,9465,169246,1817500
657,462,462,820827,9465,169708,1834100
658,510,488,820317,9487,170196,1859200
659,489,507,819828,9469,170703,1979700
660,471,473,819357,9467,171176,1945000
661,472,476,818885,9463,171652,2046100
662,471,465,818414,9469,172117,2216700
663,522,480,817892,9511,172597,2075600
664,464,478,817428,9497,173075,2043000
665,473,499,816955,9471,173574,2025100
666,453,489,816502,9435,174063,1939000
667,472,436,816030,9471,174499,2035900
668,528,484,815502,9515,174983,1984500
669,458,480,815044,9493,175463,2120300
670,501,477,814543,9517,175940,2025700
671,502,447,814041,9572,176387,1924800
672,498,455,813543,9615,176842,1955200
673,447,492,813096,9570,177334,2058300
674,509,460,812587,9619,177794,1967100
675,479,475,812108,9623,178269,1965000
676,507,478,811601,9652,178747,1901100
677,523,515,811078,9660,179262,1882500
678,502,491,810576,9671,179753,1911600
679,520,490,810056,9701,180243,1894700
680,506,506,809550,9701,180749,1860200
681,509,443,809041,9767,181192,1848800
682,532,473,808509,9826,181665,1759800
683,489,475,808020,9840,182140,1907200
684,524,467,807496,9897,182607,1744500
685,493,489,807003,9901,183096,1891100
686,464,478,806539,9887,183574,1886000
687,532,517,806007,9902,184091,1879100
688,498,491,805509,9909,184582,1799200
689,529,505,804980,9933,185087,1865000
690,549,488,804431,9994,185575,1869500
691,466,510,803965,9950,186085,1822800
692,507,476,803458,9981,186561,1808600
693,504,507,802954,9978,187068,1813500
694,497,504,802457,9971,187572,1791600
695,483,525,801974,9929,188097,1773400
696,492,515,801482,9906,188612,1801000
697,485,518,800997,9873,189130,1845900
698,500,489,800497,9884,189619,1845700
699,446,516,800051,9814,190135,1789000
700,509,523,799542,9800,190658,1855900
701,483,472,799059,9811,191130,1846100
702,516,507,798543,9820,191637,1841800
703,477,498,798066,9799,192135,1873900
704,489,519,797577,9769,192654,1866500
705,448,513,797129,9704,193167,1815500
706,460,453,796669,9711,193620,1968400
707,445,497,796224,9659,194117,2190200
708,456,489,795768,9626,194606,1973300
709,467,510,795301,9583,195116,1892700
710,484,485,794817,9582,195601,1988800
711,439,461,794378,9560,196062,1910800
712,479,468,793899,9571,196530,1831000
713,473,459,793426,9585,196989,1999600
714,489,476,792937,9598,197465,1991900
715,508,449,792429,9657,197914,1847900
716,508,462,791921,9703,198376,1904800
717,495,477,791426,9721,198853,1848800
718,466,449,790960,9738,199302,1849500
719,438,502,790522,9674,199804,1788200
720,496,480,790026,9690,200284,1812500
721,491,525,789535,9656,200809,1731900
722,504,488,789031,9672,201297,2050000
723,505,465,788526,9712,201762,1815200
724,490,479,788036,9723,202241,1803200
725,490,500,787546,9713,202741,1849000
726,487,468,787059,9732,203209,1872200
727,497,512,786562,9717,203721,1839100
728,510,487,786052,9740,204208,1800000
729,470,483,785582,9727,204691,1788400
730,498,465,785084,9760,205156,1796100
731,468,471,784616,9757,205627,1871200
732,485,513,784131,9729,206140,1852700
733,516,508,783615,9737,206648,1796500
734,523,502,783092,9758,207150,1780500
735,424,490,782668,9692,207640,1798100
736,429,471,782239,9650,208111,1919600
737,506,467,781733,9689,208578,1903800
738,477,465,781256,9701,209043,1852900
739,488,500,780768,9689,209543,1851500
740,433,477,780335,9645,210020,1794500
741,477,457,779858,9665,210477,1807100
742,511,502,779347,9674,210979,1815500
743,488,455,778859,9707,211434,1984500
744,471,451,778388,9727,211885,2023300
745,482,481,777906,9728,212366,1872900
746,468,496,777438,9700,212862,1936100
747,495,519,776943,9676,213381,2279100
748,541,496,776402,9721,213877,1879100
749,492,465,775910,9748,214342,2124100
750,476,521,775434,9703,214863,1972200
751,504,512,774930,9695,215375,1916300
752,529,477,774401,9747,215852,1863800
753,487,481,773914,9753,216333,1859500
754,481,463,773433,9771,216796,1890000
755,530,474,772903,9827,217270,1858200
756,540,459,772363,9908,217729,1868100
757,517,515,771846,9910,218244,1923500
758,524,482,771322,9952,218726,1890100
759,542,513,770780,9981,219239,1829000
760,500,495,770280,9986,219734,2015400
761,502,505,769778,9983,220239,1862200
762,499,466,769279,10016,220705,1857400
763,518,493,768761,10041,221198,1759900
764,486,484,768275,10043,221682,1829700
765,500,480,767775,10063,222162,1807400
766,506,528,767269,10041,222690,1877100
767,515,495,766754,10061,223185,1778500
768,541,522,766213,10080,223707,1846100
769,478,480,765735,10078,224187,1848800
770,480,512,765255,10046,224699,1824200
771,493,489,764762,10050,225188,1768100
772,546,532,764216,10064,225720,1773100
773,549,506,763667,10107,226226,1729200
774,516,507,763151,10116,226733,1899100
775,515,509,762636,10122,227242,1991700
776,477,514,762159,10085,227756,2047000
777,493,493,761666,10085,228249,1853400
778,502,498,761164,10089,228747,1727100
779,531,480,760633,10140,229227,1728600
780,518,561,760115,10097,229788,1726800
781,513,525,759602,10085,230313,1846400
782,495,492,759107,10088,230805,1831300
783,487,541,758620,10034,231346,1735900
784,481,515,758139,10000,231861,1777100
785,471,511,757668,9960,232372,1716000
786,482,458,757186,9984,232830,1832400
787,522,493,756664,10013,233323,1987200
788,478,477,756186,10014,233800,1769000
789,506,476,755680,10044,234276,1718400
790,530,515,755150,10059,234791,1914500
791,490,515,754660,10034,235306,1899000
792,499,524,754161,10009,235830,1823900
793,506,545,753655,9970,236375,1892600
794,501,489,753154,9982,236864,1840700
795,509,498,752645,9993,237362,1806500
796,486,523,752159,9956,237885,1847200
797,521,505,751638,9972,238390,1820300
798,511,448,751127,10035,238838,1733800
799,516,466,750611,10085,239304,1876800
800,535,504,750076,10116,239808,1855300
801,516,514,749560,10118,240322,1826600
802,499,489,749061,10128,240811,1995400
803,447,539,748614,10036,241350,1760800
804,511,491,748103,10056,241841,1891400
805,505,501,747598,10060,242342,1989900
806,473,523,747125,10010,242865,1755500
807,547,536,746578,10021,243401,1828800
808,489,520,746089,9990,243921,1944600
809,504,515,745585,9979,244436,1933200
810,508,494,745077,9993,244930,1733300
811,533,525,744544,10001,245455,1772400
812,506,539,744038,9968,245994,1676300
813,533,500,743505,10001,246494,2004000
814,505,503,743000,10003,246997,1894100
815,482,502,742518,9983,247499,2069100
816,486,490,742032,9979,247989,1989800
817,540,504,741492,10015,248493,1917100
818,538,517,740954,10036,249010,1884800
819,504,489,740450,10051,249499,1744100
820,519,514,739931,10056,250013,2038900
821,532,515,739399,10073,250528,1746700
822,521,474,738878,10120,251002,1745400
823,489,526,738389,10083,251528,1858700
824,498,511,737891,10070,252039,1913200
825,516,478,737375,10108,252517,1823400
826,503,508,736872,10103,253025,1770900
827,520,487,736352,10136,253512,1701600
828,548,525,735804,10159,254037,1851500
829,497,488,735307,10168,254525,1881800
830,538,523,734769,10183,255048,1836900
831,549,483,734220,10249,255531,1743800
832,514,531,733706,10232,256062,2004600
833,517,487,733189,10262,256549,1870900
834,509,532,732680,10239,257081,1871100
835,503,532,732177,10210,257613,1871200
836,524,521,731653,10213,258134,1864800
837,541,547,731112,10207,258681,1818400
838,515,541,730597,10181,259222,1743000
839,518,499,730079,10200,259721,1743900
840,472,490,729607,10182,260211,1728900
841,534,474,729073,10242,260685,1848700
842,542,477,728531,10307,261162,1817500
843,541,488,727990,10360,261650,1748000
844,544,515,727446,10389,262165,1793400
845,549,550,726897,10388,262715,1848400
846,545,485,726352,10448,263200,1845100
847,505,467,725847,10486,263667,1908400
848,578,549,725269,10515,264216,1795300
849,565,527,724704,10553,264743,1735600
850,513,539,724191,10527,265282,1808700
851,546,519,723645,10554,265801,1767200
852,550,534,723095,10570,266335,2000100
853,531,523,722564,10578,266858,1817800
854,555,545,722009,10588,267403,1808700
855,559,507,721450,10640,267910,1750500
856,568,545,720882,10663,268455,1770100
857,482,554,720400,10591,269009,1854100
858,550,528,719850,10613,269537,1844400
859,516,555,719334,10574,270092,1821400
860,537,530,718797,10581,270622,1709000
861,523,527,718274,10577,271149,1728800
862,549,536,717725,10590,271685,1769800
863,542,526,717183,10606,272211,1883300
864,519,503,716664,10622,272714,1798400
865,546,528,716118,10640,273242,1945700
866,521,505,715597,10656,273747,1997800
867,524,547,715073,10633,274294,1968100
868,512,509,714561,10636,274803,2045000
869,541,566,714020,10611,275369,1855200
870,549,519,713471,10641,275888,1792200
871,544,536,712927,10649,276424,1866300
872,504,530,712423,10623,276954,1875400
873,512,531,711911,10604,277485,2080600
874,529,527,711382,10606,278012,2052400
875,504,516,710878,10594,278528,1868600
876,532,504,710346,10622,279032,1981700
877,525,541,709821,10606,279573,1784100
878,531,521,709290,10616,280094,1824600
879,502,505,708788,10613,280599,1757500
880,515,492,708273,10636,281091,1925100
881,530,568,707743,10598,281659,1857300
882,535,546,707208,10587,282205,1882700
883,527,498,706681,10616,282703,1791900
884,529,507,706152,10638,283210,1965200
885,514,530,705638,10622,283740,2015400
886,506,547,705132,10581,284287,1815700
887,533,533,704599,10581,284820,1838200
888,497,496,704102,10582,285316,1773900
889,501,532,703601,10551,285848,1794700
890,494,507,703107,10538,286355,1862200
891,501,493,702606,10546,286848,1873900
892,500,526,702106,10520,287374,1878000
893,486,503,701620,10503,287877,1822900
894,502,537,701118,10468,288414,1808000
895,505,538,700613,10435,288952,1791300
896,499,567,700114,10367,289519,1818500
897,501,536,699613,10332,290055,1848600
898,528,487,699085,10373,290542,1818800
899,525,534,698560,10364,291076,1824500
900,521,523,698039,10362,291599,1828400
901,493,550,697546,10305,292149,1869200
902,502,584,697044,10223,292733,2049600
903,520,512,696524,10231,293245,1955600
904,516,488,696008,10259,293733,1826400
905,487,518,695521,10228,294251,1857300
906,486,531,695035,10183,294782,1849800
907,534,506,694501,10211,295288,2151400
908,493,534,694008,10170,295822,1830300
909,504,509,693504,10165,296331,1802500
910,496,516,693008,10145,296847,1764000
911,519,508,692489,10156,297355,1750100
912,527,524,691962,10159,297879,1858400
913,483,497,691479,10145,298376,1844000
914,515,525,690964,10135,298901,1822200
915,442,514,690522,10063,299415,1728100
916,522,471,690000,10114,299886,1732600
917,490,505,689510,10099,300391,1826200
918,522,495,688988,10126,300886,1729700
919,510,491,688478,10145,301377,1956000
920,548,519,687930,10174,301896,1741200
921,524,518,687406,10180,302414,1780200
922,497,514,686909,10163,302928,1850000
923,498,509,686411,10152,303437,1936500
924,539,504,685872,10187,303941,1959000
925,497,541,685375,10143,304482,1891500
926,508,508,684867,10143,304990,1802000
927,497,507,684370,10133,305497,1773000
928,537,527,683833,10143,306024,1790600
929,515,507,683318,10151,306531,1762200
930,510,539,682808,10122,307070,1846600
931,489,490,682319,10121,307560,1837000
932,498,515,681821,10104,308075,1865400
933,519,518,681302,10105,308593,1732900
934,497,529,680805,10073,309122,1839500
935,515,523,680290,10065,309645,1802200
936,542,503,679748,10104,310148,1889700
937,529,539,679219,10094,310687,1875200
938,512,503,678707,10103,311190,1836500
939,484,493,678223,10094,311683,1794800
940,518,492,677705,10120,312175,1778800
941,532,540,677173,10112,312715,1774800
942,507,540,676666,10079,313255,1895800
943,523,482,676143,10120,313737,1995200
944,512,502,675631,10130,314239,1988200
945,514,499,675117,10145,314738,1963600
946,494,470,674623,10169,315208,1781700
947,540,472,674083,10237,315680,1752200
948,498,512,673585,10223,316192,1693800
949,485,504,673100,10204,316696,1860800
950,515,523,672585,10196,317219,1864700
951,545,485,672040,10256,317704,1975300
952,511,518,671529,10249,318222,1922700
953,538,505,670991,10282,318727,1819600
954,548,532,670443,10298,319259,1984800
955,560,482,669883,10376,319741,1847700
956,489,509,669394,10356,320250,1814900
957,527,526,668867,10357,320776,1802800
958,525,481,668342,10401,321257,1807200
959,497,539,667845,10359,321796,1784500
960,507,526,667338,10340,322322,1843100
961,503,541,666835,10302,322863,1878000
962,497,545,666338,10254,323408,1726500
963,487,488,665851,10253,323896,1817200
964,475,532,665376,10196,324428,1767100
965,496,534,664880,10158,324962,1810100
966,546,490,664334,10214,325452,1713100
967,550,477,663784,10287,325929,2082000
968,525,499,663259,10313,326428,1867500
969,545,494,662714,10364,326922,1734300
970,540,529,662174,10375,327451,1835800
971,565,474,661609,10466,327925,1806600
972,543,514,661066,10495,328439,1751100
973,517,524,660549,10488,328963,1826000
974,530,559,660019,10459,329522,1713100
975,552,521,659467,10490,330043,1895300
976,546,514,658921,10522,330557,1758000
977,584,569,658337,10537,331126,1753600
978,541,529,657796,10549,331655,1702900
979,533,541,657263,10541,332196,1848700
980,521,508,656742,10554,332704,1853100
981,544,538,656198,10560,333242,1799400
982,523,514,655675,10569,333756,1775200
983,524,519,655151,10574,334275,1737000
984,542,527,654609,10589,334802,1774500
985,548,566,654061,10571,335368,2001300
986,534,511,653527,10594,335879,1883800
987,528,522,652999,10600,336401,1755400
988,516,523,652483,10593,336924,1768200
989,540,476,651943,10657,337400,1725100
990,567,551,651376,10673,337951,1854700
991,529,524,650847,10678,338475,1857100
992,531,516,650316,10693,338991,1809600
993,538,539,649778,10692,339530,1951300
994,491,530,649287,10653,340060,1858800
995,518,515,648769,10656,340575,1734900
996,529,511,648240,10674,341086,1834900
997,543,544,647697,10673,341630,1969000
998,549,545,647148,10677,342175,2088600
999,462,543,646686,10596,342718,1864800
1000,555,538,646131,10613,343256,1837500
1001,521,549,645610,10585,343805,1930400
1002,526,528,645084,10583,344333,1797100
1003,534,542,644550,10575,344875,1793000
1004,561,517,643989,10619,345392,1983000
1005,532,528,643457,10623,345920,1923100
1006,538,488,642919,10673,346408,1972000
1007,525,497,642394,10701,346905,2068500
1008,509,519,641885,10691,347424,1901500
1009,553,534,641332,10710,347958,1989300
1010,519,568,640813,10661,348526,1962400
1011,504,493,640309,10672,349019,1927500
1012,515,512,639794,10675,349531,2097200
1013,505,532,639289,10648,350063,1892500
1014,549,531,638740,10666,350594,1889900
1015,552,543,638188,10675,351137,1973000
1016,534,545,637654,10664,351682,2092900
1017,521,536,637133,10649,352218,1823400
1018,513,515,636620,10647,352733,1864400
1019,490,525,636130,10612,353258,1839700
1020,493,516,635637,10589,353774,1808300
1021,517,552,635120,10554,354326,1693000
1022,503,524,634617,10533,354850,1721500
1023,542,519,634075,10556,355369,1846600
1024,541,529,633534,10568,355898,1777300
1025,517,547,633017,10538,356445,2014900
1026,543,511,632474,10570,356956,1879400
1027,560,513,631914,10617,357469,1833900
1028,534,519,631380,10632,357988,1808600
1029,551,514,630829,10669,358502,1983500
1030,583,522,630246,10730,359024,1811900
1031,505,582,629741,10653,359606,1866300
1032,546,505,629195,10694,360111,1927200
1033,512,526,628683,10680,360637,1762600
1034,517,526,628166,10671,361163,1747000
1035,536,583,627630,10624,361746,1947900
1036,489,543,627141,10570,362289,1847000
1037,523,508,626618,10585,362797,1788600
1038,522,507,626096,10600,363304,1835500
1039,542,548,625554,10594,363852,1706100
1040,562,501,624992,10655,364353,1723000
1041,544,529,624448,10670,364882,1913700
1042,521,542,623927,10649,365424,1769500
1043,526,507,623401,10668,365931,1820000
1044,511,519,622890,10660,366450,1891000
1045,539,528,622351,10671,366978,1831800
1046,558,517,621793,10712,367495,1785200
1047,505,511,621288,10706,368006,2090200
1048,493,526,620795,10673,368532,1968100
1049,524,565,620271,10632,369097,1862700
1050,526,508,619745,10650,369605,1862200
1051,524,530,619221,10644,370135,1869900
1052,495,530,618726,10609,370665,1979900
1053,530,528,618196,10611,371193,1887100
1054,517,479,617679,10649,371672,1739300
1055,508,575,617171,10582,372247,1884700
1056,497,550,616674,10529,372797,1983300
1057,498,563,616176,10464,373360,1921800
1058,505,531,615671,10438,373891,2120900
1059,498,520,615173,10416,374411,1814900
1060,487,493,614686,10410,374904,1774200
1061,535,512,614151,10433,375416,1856500
1062,522,526,613629,10429,375942,1830300
1063,513,532,613116,10410,376474,2046500
1064,534,556,612582,10388,377030,1925500
1065,476,547,612106,10317,377577,1767700
1066,541,516,611565,10342,378093,1664100
1067,507,512,611058,10337,378605,1722000
1068,492,543,610566,10286,379148,1831900
1069,525,484,610041,10327,379632,1714800
1070,528,524,609513,10331,380156,1720500
1071,543,498,608970,10376,380654,1920800
1072,487,483,608483,10380,381137,1820300
1073,499,510,607984,10369,381647,1847600
1074,534,502,607450,10401,382149,1794300
1075,517,517,606933,10401,382666,1756400
1076,555,528,606378,10428,383194,1785100
1077,508,488,605870,10448,383682,1983200
1078,532,505,605338,10475,384187,1867800
1079,520,534,604818,10461,384721,1877300
1080,500,525,604318,10436,385246,1927400
1081,501,519,603817,10418,385765,1829000
1082,554,528,603263,10444,386293,1725000
1083,517,505,602746,10456,386798,2119700
1084,516,520,602230,10452,387318,1975800
1085,547,546,601683,10453,387864,2048100
1086,518,493,601165,10478,388357,1772100
1087,526,546,600639,10458,388903,1731100
1088,527,514,600112,10471,389417,1838800
1089,508,513,599604,10466,389930,1814300
1090,521,504,599083,10483,390434,1729600
1091,513,546,598570,10450,390980,1739400
1092,511,536,598059,10425,391516,1880300
1093,490,523,597569,10392,392039,2408100
1094,544,538,597025,10398,392577,1941100
1095,567,510,596458,10455,393087,1952300
1096,554,538,595904,10471,393625,1828000
1097,506,537,595398,10440,394162,1780800
1098,560,504,594838,10496,394666,1758500
1099,526,516,594312,10506,395182,1951600
1100,503,560,593809,10449,395742,2155500
1101,532,499,593277,10482,396241,1838200
1102,494,516,592783,10460,396757,1778100
1103,560,533,592223,10487,397290,1872400
1104,534,532,591689,10489,397822,1762000
1105,538,556,591151,10471,398378,1814500
1106,508,525,590643,10454,398903,2070600
1107,541,518,590102,10477,399421,2077700
1108,524,536,589578,10465,399957,1785200
1109,502,537,589076,10430,400494,1850800
1110,499,530,588577,10399,401024,1799800
1111,508,482,588069,10425,401506,1967000
1112,526,525,587543,10426,402031,1877600
1113,514,513,587029,10427,402544,1766800
1114,543,583,586486,10387,403127,1757200
1115,540,517,585946,10410,403644,2074700
1116,513,557,585433,10366,404201,1911300
1117,497,510,584936,10353,404711,1897600
1118,533,519,584403,10367,405230,1884200
1119,505,499,583898,10373,405729,1834600
1120,530,509,583368,10394,406238,1733100
1121,492,514,582876,10372,406752,1969900
1122,548,541,582328,10379,407293,1856600
1123,543,536,581785,10386,407829,1859300
1124,526,540,581259,10372,408369,1915300
1125,527,493,580732,10406,408862,2004200
1126,520,506,580212,10420,409368,2057000
1127,492,519,579720,10393,409887,1964900
1128,491,523,579229,10361,410410,1816500
1129,481,542,578748,10300,410952,1872700
1130,542,520,578206,10322,411472,1728700
1131,496,551,577710,10267,412023,1726800
1132,535,515,577175,10287,412538,1736500
1133,493,536,576682,10244,413074,1749000
1134,503,538,576179,10209,413612,1796800
1135,541,531,575638,10219,414143,1721000
1136,502,507,575136,10214,414650,1673900
1137,503,520,574633,10197,415170,1832600
1138,487,499,574146,10185,415669,1729800
1139,524,547,573622,10162,416216,1784400
1140,492,532,573130,10122,416748,1667700
1141,478,501,572652,10099,417249,2133400
1142,517,558,572135,10058,417807,1808800
1143,505,499,571630,10064,418306,1832700
1144,507,458,571123,10113,418764,1722100
1145,508,553,570615,10068,419317,1803900
1146,538,471,570077,10135,419788,1731200
1147,489,477,569588,10147,420265,1840800
1148,525,512,569063,10160,420777,1862300
1149,482,484,568581,10158,421261,1768400
1150,515,484,568066,10189,421745,1780300
1151,518,516,567548,10191,422261,2027500
1152,468,498,567080,10161,422759,1753200
1153,516,527,566564,10150,423286,1854300
1154,471,540,566093,10081,423826,1963500
1155,477,529,565616,10029,424355,1916300
1156,496,483,565120,10042,424838,1754800
1157,497,492,564623,10047,425330,1784400
1158,494,521,564129,10020,425851,1834400
1159,510,502,563619,10028,426353,1846700
1160,551,539,563068,10040,426892,1780100
1161,520,505,562548,10055,427397,1737600
1162,537,496,562011,10096,427893,1726500
1163,495,509,561516,10082,428402,2032600
1164,524,480,560992,10126,428882,1738000
1165,544,492,560448,10178,429374,1839400
1166,499,507,559949,10170,429881,2118200
1167,541,505,559408,10206,430386,1923800
1168,551,489,558857,10268,430875,1819600
1169,525,553,558332,10240,431428,1974300
1170,550,532,557782,10258,431960,1943600
1171,520,500,557262,10278,432460,1861400
1172,531,512,556731,10297,432972,1894000
1173,526,503,556205,10320,433475,1731000
1174,537,541,555668,10316,434016,1742500
1175,571,513,555097,10374,434529,1799000
1176,547,530,554550,10391,435059,1833900
1177,560,515,553990,10436,435574,2143400
1178,584,509,553406,10511,436083,1872100
1179,551,514,552855,10548,436597,1777200
1180,545,515,552310,10578,437112,1719700
1181,558,492,551752,10644,437604,1988100
1182,561,539,551191,10666,438143,2101900
1183,554,538,550637,10682,438681,1722100
1184,582,542,550055,10722,439223,1751000
1185,522,527,549533,10717,439750,1812300
1186,542,532,548991,10727,440282,1683400
1187,505,514,548486,10718,440796,1843600
1188,536,553,547950,10701,441349,1865900
1189,579,539,547371,10741,441888,1846000
1190,568,524,546803,10785,442412,1986000
1191,523,560,546280,10748,442972,1971100
1192,579,514,545701,10813,443486,2063200
1193,565,527,545136,10851,444013,1939700
1194,575,523,544561,10903,444536,1836700
1195,546,539,544015,10910,445075,1873200
1196,543,531,543472,10922,445606,1816200
1197,496,515,542976,10903,446121,1816300
1198,509,505,542467,10907,446626,1840700
1199,547,569,541920,10885,447195,1955700
1200,520,548,541400,10857,447743,1863300
1201,509,523,540891,10843,448266,1886700
1202,540,558,540351,10825,448824,1874100
1203,491,567,539860,10749,449391,1934600
1204,531,518,539329,10762,449909,1942300
1205,528,536,538801,10754,450445,1913100
1206,514,559,538287,10709,451004,1857800
1207,532,521,537755,10720,451525,1794000
1208,539,496,537216,10763,452021,1774900
1209,512,537,536704,10738,452558,1853500
1210,517,530,536187,10725,453088,1836800
1211,524,531,535663,10718,453619,1759700
1212,524,505,535139,10737,454124,1795100
1213,520,555,534619,10702,454679,1713600
1214,503,500,534116,10705,455179,1746100
1215,504,501,533612,10708,455680,1754300
1216,483,518,533129,10673,456198,1926100
1217,519,521,532610,10671,456719,1779100
1218,533,539,532077,10665,457258,1865000
1219,520,560,531557,10625,457818,1942000
1220,485,533,531072,10577,458351,1943500
1221,519,494,530553,10602,458845,1923500
1222,495,526,530058,10571,459371,1800100
1223,523,575,529535,10519,459946,1833200
1224,552,548,528983,10523,460494,1779400
1225,504,460,528479,10567,460954,1856500
1226,497,558,527982,10506,461512,1748900
1227,513,549,527469,10470,462061,1862500
1228,497,568,526972,10399,462629,2128700
1229,483,529,526489,10353,463158,1784300
1230,521,524,525968,10350,463682,1743800
1231,519,519,525449,10350,464201,1968900
1232,530,503,524919,10377,464704,1755200
1233,548,508,524371,10417,465212,1781000
1234,528,570,523843,10375,465782,1837600
1235,471,493,523372,10353,466275,1796900
1236,502,532,522870,10323,466807,1730500
1237,506,505,522364,10324,467312,1715900
1238,521,469,521843,10376,467781,1830100
1239,502,521,521341,10357,468302,1824100
1240,510,478,520831,10389,468780,1764500
1241,502,515,520329,10376,469295,1977800
1242,525,506,519804,10395,469801,1714500
1243,523,513,519281,10405,470314,1810100
1244,518,526,518763,10397,470840,1842400
1245,523,517,518240,10403,471357,1858100
1246,498,502,517742,10399,471859,1734100
1247,495,525,517247,10369,472384,1712600
1248,547,533,516700,10383,472917,1739800
1249,522,508,516178,10397,473425,1835900
1250,514,514,515664,10397,473939,2017700
1251,535,523,515129,10409,474462,1835100
1252,500,514,514629,10395,474976,1841800
1253,519,564,514110,10350,475540,1864700
1254,564,519,513546,10395,476059,1724100
1255,509,522,513037,10382,476581,1825600
1256,552,520,512485,10414,477101,1808800
1257,522,531,511963,10405,477632,1797800
1258,510,524,511453,10391,478156,1791000
1259,522,519,510931,10394,478675,1848100
1260,535,541,510396,10388,479216,1758400
1261,566,527,509830,10427,479743,1854900
1262,531,526,509299,10432,480269,1930200
1263,534,517,508765,10449,480786,2096000
1264,551,514,508214,10486,481300,1816600
1265,530,518,507684,10498,481818,1752600
1266,575,518,507109,10555,482336,1748800
1267,560,563,506549,10552,482899,1737700
1268,576,487,505973,10641,483386,1832100
1269,537,512,505436,10666,483898,1816000
1270,566,517,504870,10715,484415,1777000
1271,539,562,504331,10692,484977,1773400
1272,562,530,503769,10724,485507,1694100
1273,497,505,503272,10716,486012,1929500
1274,575,544,502697,10747,486556,2095000
1275,531,526,502166,10752,487082,1904600
1276,561,528,501605,10785,487610,1900200
1277,547,521,501058,10811,488131,1833000
1278,546,552,500512,10805,488683,1819700
1279,575,540,499937,10840,489223,1810900
1280,504,505,499433,10839,489728,1837700
1281,541,503,498892,10877,490231,1840400
1282,555,533,498337,10899,490764,1834700
1283,560,534,497777,10925,491298,1763700
1284,528,562,497249,10891,491860,1754700
1285,544,523,496705,10912,492383,1737600
1286,554,591,496151,10875,492974,2134200
1287,542,549,495609,10868,493523,2064200
1288,537,601,495072,10804,494124,1861600
1289,533,525,494539,10812,494649,1781500
1290,541,503,493998,10850,495152,1893000
1291,552,500,493446,10902,495652,1788600
1292,531,572,492915,10861,496224,1746600
1293,554,528,492361,10887,496752,1817100
1294,576,544,491785,10919,497296,1869400
1295,535,537,491250,10917,497833,1877600
1296,544,571,490706,10890,498404,1846600
1297,554,574,490152,10870,498978,1851200
1298,558,494,489594,10934,499472,1784100
1299,549,504,489045,10979,499976,1731800
1300,565,542,488480,11002,500518,1758200
1301,547,565,487933,10984,501083,1877300
1302,570,558,487363,10996,501641,1814500
1303,555,573,486808,10978,502214,1862500
1304,574,573,486234,10979,502787,1774400
1305,546,578,485688,10947,503365,1721600
1306,592,528,485096,11011,503893,1830300
1307,547,518,484549,11040,504411,1866900
1308,550,545,483999,11045,504956,2213700
1309,569,561,483430,11053,505517,1890800
1310,532,528,482898,11057,506045,1863700
1311,563,615,482335,11005,506660,1819200
1312,515,528,481820,10992,507188,2003500
1313,536,567,481284,10961,507755,1795600
1314,538,557,480746,10942,508312,1809500
1315,547,556,480199,10933,508868,1857400
1316,537,569,479662,10901,509437,1887000
1317,507,551,479155,10857,509988,1902600
1318,535,551,478620,10841,510539,2077200
1319,545,531,478075,10855,511070,1944100
1320,574,511,477501,10918,511581,1905200
1321,549,548,476952,10919,512129,1899400
1322,576,529,476376,10966,512658,1926800
1323,548,515,475828,10999,513173,1809700
1324,563,548,475265,11014,513721,1789800
1325,518,553,474747,10979,514274,1789400
1326,564,562,474183,10981,514836,1865000
1327,548,566,473635,10963,515402,2171100
1328,545,550,473090,10958,515952,1853000
1329,530,534,472560,10954,516486,1895600
1330,558,532,472002,10980,517018,1989500
1331,565,561,471437,10984,517579,1930000
1332,548,570,470889,10962,518149,1891700
1333,574,589,470315,10947,518738,1860100
1334,533,541,469782,10939,519279,1846000
1335,546,567,469236,10918,519846,1790600
1336,555,541,468681,10932,520387,1980700
1337,609,545,468072,10996,520932,1796400
1338,577,566,467495,11007,521498,1863900
1339,579,548,466916,11038,522046,1865000
1340,558,548,466358,11048,522594,2020800
1341,602,556,465756,11094,523150,2107900
1342,575,540,465181,11129,523690,2132500
1343,619,577,464562,11171,524267,1893900
1344,588,585,463974,11174,524852,1858900
1345,580,561,463394,11193,525413,1828200
1346,568,532,462826,11229,525945,1839900
1347,587,547,462239,11269,526492,1947100
1348,553,577,461686,11245,527069,1859400
1349,553,599,461133,11199,527668,1856900
1350,555,580,460578,11174,528248,1922500
1351,574,567,460004,11181,528815,1918100
1352,611,527,459393,11265,529342,1838200
1353,506,569,458887,11202,529911,1925700
1354,571,577,458316,11196,530488,1921300
1355,534,529,457782,11201,531017,1893600
1356,602,521,457180,11282,531538,2214400
1357,561,583,456619,11260,532121,1935500
1358,583,556,456036,11287,532677,1998900
1359,570,544,455466,11313,533221,1894900
1360,584,606,454882,11291,533827,1851000
1361,566,502,454316,11355,534329,1885100
1362,605,571,453711,11389,534900,2098900
1363,563,570,453148,11382,535470,1921100
1364,545,595,452603,11332,536065,1853400
1365,559,598,452044,11293,536663,1860100
1366,569,519,451475,11343,537182,1843800
1367,595,566,450880,11372,537748,1770100
1368,552,572,450328,11352,538320,1819800
1369,582,553,449746,11381,538873,1904600
1370,549,585,449197,11345,539458,2006100
1371,559,565,448638,11339,540023,1872900
1372,536,541,448102,11334,540564,1931300
1373,536,570,447566,11300,541134,1850800
1374,560,517,447006,11343,541651,1853400
1375,571,567,446435,11347,542218,1842700
1376,544,573,445891,11318,542791,1825400
1377,579,576,445312,11321,543367,1787700
1378,522,549,444790,11294,543916,2032200
1379,558,552,444232,11300,544468,1916600
1380,537,595,443695,11242,545063,1750000
1381,540,573,443155,11209,545636,1853600
1382,570,533,442585,11246,546169,1841400
1383,566,586,442019,11226,546755,1826400
1384,530,560,441489,11196,547315,1733700
1385,531,576,440958,11151,547891,1855000
1386,572,528,440386,11195,548419,1806700
1387,530,519,439856,11206,548938,1907500
1388,509,572,439347,11143,549510,1839400
1389,573,554,438774,11162,550064,2035900
1390,547,530,438227,11179,550594,2026700
1391,542,583,437685,11138,551177,1849800
1392,545,556,437140,11127,551733,1824000
1393,507,581,436633,11053,552314,1790600
1394,515,563,436118,11005,552877,1816600
1395,531,544,435587,10992,553421,1819100
1396,514,547,435073,10959,553968,1850000
1397,550,544,434523,10965,554512,2062400
1398,521,562,434002,10924,555074,1832400
1399,540,535,433462,10929,555609,1796400
1400,524,546,432938,10907,556155,1703400
1401,507,530,432431,10884,556685,1839300
1402,560,562,431871,10882,557247,1836000
1403,526,561,431345,10847,557808,1809200
1404,546,578,430799,10815,558386,1811400
1405,527,568,430272,10774,558954,1723000
1406,510,550,429762,10734,559504,1842400
1407,499,528,429263,10705,560032,1852000
1408,539,558,428724,10686,560590,1737600
1409,515,531,428209,10670,561121,1735400
1410,488,528,427721,10630,561649,1734100
1411,488,532,427233,10586,562181,1828200
1412,540,511,426693,10615,562692,1824900
1413,509,489,426184,10635,563181,1990400
1414,540,539,425644,10636,563720,1853900
1415,515,516,425129,10635,564236,1799100
1416,538,512,424591,10661,564748,1782600
1417,546,572,424045,10635,565320,1836600
1418,535,531,423510,10639,565851,1986700
1419,516,546,422994,10609,566397,1948000
1420,525,532,422469,10602,566929,2100100
1421,538,506,421931,10634,567435,1964500
1422,519,555,421412,10598,567990,2179600
1423,511,499,420901,10610,568489,1848600
1424,550,539,420351,10621,569028,1951300
1425,516,544,419835,10593,569572,1893800
1426,589,490,419246,10692,570062,1862300
1427,557,519,418689,10730,570581,1796100
1428,532,513,418157,10749,571094,1811600
1429,560,569,417597,10740,571663,1790500
1430,588,503,417009,10825,572166,1857100
1431,548,556,416461,10817,572722,1924000
1432,560,589,415901,10788,573311,1872000
1433,541,532,415360,10797,573843,1892500
1434,528,541,414832,10784,574384,1882200
1435,537,538,414295,10783,574922,1828300
1436,528,573,413767,10738,575495,1830700
1437,564,542,413203,10760,576037,1835000
1438,550,519,412653,10791,576556,1824200
1439,567,540,412086,10818,577096,1811200
1440,550,520,411536,10848,577616,1739700
1441,533,523,411003,10858,578139,1749300
1442,553,546,410450,10865,578685,2019900
1443,553,545,409897,10873,579230,1850600
1444,518,506,409379,10885,579736,1754900
1445,562,544,408817,10903,580280,1966300
1446,513,551,408304,10865,580831,1778600
1447,581,528,407723,10918,581359,1720600
1448,536,501,407187,10953,581860,1838800
1449,550,552,406637,10951,582412,1731400
1450,544,495,406093,11000,582907,1832600
1451,560,527,405533,11033,583434,2132600
1452,577,559,404956,11051,583993,2067500
1453,564,567,404392,11048,584560,1842600
1454,541,575,403851,11014,585135,2290400
1455,581,567,403270,11028,585702,1774200
1456,507,593,402763,10942,586295,1784900
1457,534,544,402229,10932,586839,1782400
1458,554,601,401675,10885,587440,1747600
1459,515,530,401160,10870,587970,1883900
1460,487,544,400673,10813,588514,2061000
1461,517,502,400156,10828,589016,2157300
1462,537,537,399619,10828,589553,1862700
1463,534,493,399085,10869,590046,1727900
1464,507,521,398578,10855,590567,1850100
1465,548,511,398030,10892,591078,1822300
1466,533,534,397497,10891,591612,1725600
1467,528,532,396969,10887,592144,1783200
1468,514,500,396455,10901,592644,1738200
1469,556,525,395899,10932,593169,2003700
1470,537,555,395362,10914,593724,1890900
1471,497,526,394865,10885,594250,1761600
1472,499,571,394366,10813,594821,1748900
1473,567,525,393799,10855,595346,1740700
1474,538,504,393261,10889,595850,1859200
1475,519,512,392742,10896,596362,1843700
1476,513,546,392229,10863,596908,1812700
1477,527,551,391702,10839,597459,1735000
1478,497,514,391205,10822,597973,1728200
1479,525,571,390680,10776,598544,1915100
1480,506,522,390174,10760,599066,1870200
1481,490,512,389684,10738,599578,1930600
1482,513,555,389171,10696,600133,1828900
1483,488,486,388683,10698,600619,1913400
1484,494,508,388189,10684,601127,1761500
1485,457,518,387732,10623,601645,1732500
1486,520,564,387212,10579,602209,1828300
1487,511,519,386701,10571,602728,1935200
1488,552,517,386149,10606,603245,1925200
1489,508,544,385641,10570,603789,1810600
1490,521,530,385120,10561,604319,1795000
1491,488,529,384632,10520,604848,1764500
1492,535,542,384097,10513,605390,1772200
1493,477,540,383620,10450,605930,1814200
1494,473,546,383147,10377,606476,1793400
1495,503,537,382644,10343,607013,1795700
1496,481,511,382163,10313,607524,1811700
1497,545,537,381618,10321,608061,1774800
1498,496,542,381122,10275,608603,1835500
1499,511,556,380611,10230,609159,1816600
1500,485,485,380126,10230,609644,1751000
1501,533,516,379593,10247,610160,1714900
1502,495,480,379098,10262,610640,2006100
1503,511,491,378587,10282,611131,1869200
1504,530,485,378057,10327,611616,1868500
1505,513,478,377544,10362,612094,2158500
1506,484,551,377060,10295,612645,1877300
1507,517,498,376543,10314,613143,1973700
1508,542,494,376001,10362,613637,1746100
1509,503,472,375498,10393,614109,1685100
1510,517,545,374981,10365,614654,1767600
1511,492,509,374489,10348,615163,1870100
1512,546,513,373943,10381,615676,1855400
1513,504,509,373439,10376,616185,1728600
1514,493,501,372946,10368,616686,1973200
1515,533,530,372413,10371,617216,1732900
1516,499,512,371914,10358,617728,1719400
1517,514,468,371400,10404,618196,1975600
1518,513,526,370887,10391,618722,2042000
1519,514,535,370373,10370,619257,1842600
1520,528,540,369845,10358,619797,1855300
1521,518,475,369327,10401,620272,2140400
1522,484,501,368843,10384,620773,1851400
1523,516,529,368327,10371,621302,1773800
1524,518,513,367809,10376,621815,1726700
1525,494,491,367315,10379,622306,1723800
1526,497,522,366818,10354,622828,2055900
1527,490,519,366328,10325,623347,1852000
1528,500,495,365828,10330,623842,1718100
1529,529,493,365299,10366,624335,1768600
1530,561,549,364738,10378,624884,1730300
1531,528,556,364210,10350,625440,1721900
1532,499,530,363711,10319,625970,1913600
1533,500,534,363211,10285,626504,2105400
1534,538,542,362673,10281,627046,1825600
1535,494,546,362179,10229,627592,1786900
1536,503,529,361676,10203,628121,1869800
1537,523,510,361153,10216,628631,1733100
1538,520,537,360633,10199,629168,1748300
1539,521,503,360112,10217,629671,1885800
1540,531,555,359581,10193,630226,1814500
1541,495,556,359086,10132,630782,2327400
1542,466,467,358620,10131,631249,1781700
1543,546,543,358074,10134,631792,1821400
1544,515,486,357559,10163,632278,1745100
1545,528,515,357031,10176,632793,1726200
1546,523,560,356508,10139,633353,1875000
1547,534,518,355974,10155,633871,1805600
1548,494,488,355480,10161,634359,1810700
1549,503,509,354977,10155,634868,1723700
1550,496,503,354481,10148,635371,1773000
1551,537,510,353944,10175,635881,1843900
1552,489,486,353455,10178,636367,1844100
1553,496,479,352959,10195,636846,1988800
1554,479,586,352480,10088,637432,2132100
1555,487,499,351993,10076,637931,1729200
1556,522,512,351471,10086,638443,1761100
1557,473,493,350998,10066,638936,1722100
1558,497,512,350501,10051,639448,1711800
1559,491,487,350010,10055,639935,1785200
1560,493,455,349517,10093,640390,1922800
1561,520,528,348997,10085,640918,2076700
1562,537,529,348460,10093,641447,1915200
1563,486,461,347974,10118,641908,1731800
1564,505,495,347469,10128,642403,1806500
1565,518,475,346951,10171,642878,1884900
1566,489,543,346462,10117,643421,1862700
1567,490,501,345972,10106,643922,1827800
1568,518,493,345454,10131,644415,1812300
1569,489,489,344965,10131,644904,1737000
1570,467,492,344498,10106,645396,1726700
1571,519,530,343979,10095,645926,1851300
1572,468,518,343511,10045,646444,1719700
1573,479,491,343032,10033,646935,1755200
1574,496,511,342536,10018,647446,1774200
1575,537,491,341999,10064,647937,1749700
1576,512,558,341487,10018,648495,1854900
1577,490,504,340997,10004,648999,1813600
1578,512,482,340485,10034,649481,1813900
1579,469,497,340016,10006,649978,1676200
1580,510,487,339506,10029,650465,1923100
1581,468,516,339038,9981,650981,1749400
1582,511,517,338527,9975,651498,1767500
1583,521,502,338006,9994,652000,1703000
1584,433,495,337573,9932,652495,1709500
1585,515,474,337058,9973,652969,1836300
1586,465,507,336593,9931,653476,2107500
1587,510,487,336083,9954,653963,1838100
1588,512,463,335571,10003,654426,1772400
1589,518,515,335053,10006,654941,1999600
1590,454,514,334599,9946,655455,1759200
1591,500,473,334099,9973,655928,1727400
1592,472,569,333627,9876,656497,1831400
1593,512,490,333115,9898,656987,1830700
1594,464,455,332651,9907,657442,1704600
1595,491,483,332160,9915,657925,1661100
1596,450,502,331710,9863,658427,1712100
1597,479,487,331231,9855,658914,1892500
1598,480,502,330751,9833,659416,1718400
1599,483,512,330268,9804,659928,1724800
1600,559,510,329709,9853,660438,1818600
1601,537,485,329172,9905,660923,1833200
1602,521,481,328651,9945,661404,1729000
1603,517,523,328134,9939,661927,1731800
1604,484,477,327650,9946,662404,2046700
1605,525,524,327125,9947,662928,1886200
1606,490,502,326635,9935,663430,1736400
1607,506,490,326129,9951,663920,1841100
1608,479,517,325650,9913,664437,1995500
1609,504,503,325146,9914,664940,1823600
1610,508,493,324638,9929,665433,1725100
1611,518,506,324120,9941,665939,1702100
1612,497,485,323623,9953,666424,1836000
1613,500,494,323123,9959,666918,1842800
1614,518,491,322605,9986,667409,1861600
1615,510,527,322095,9969,667936,1745500
1616,504,499,321591,9974,668435,1753900
1617,501,505,321090,9970,668940,2220300
1618,475,518,320615,9927,669458,1946100
1619,503,506,320112,9924,669964,1732300
1620,483,512,319629,9895,670476,1815300
1621,516,467,319113,9944,670943,1993500
1622,457,486,318656,9915,671429,2173300
1623,501,521,318155,9895,671950,1756200
1624,480,449,317675,9926,672399,1761400
1625,502,504,317173,9924,672903,1725300
1626,503,490,316670,9937,673393,1722100
1627,498,490,316172,9945,673883,1824300
1628,469,444,315703,9970,674327,1798200
1629,484,474,315219,9980,674801,1674200
1630,512,503,314707,9989,675304,1712800
1631,474,513,314233,9950,675817,1830000
1632,507,506,313726,9951,676323,2119600
1633,481,524,313245,9908,676847,1841400
1634,488,485,312757,9911,677332,1806200
1635,471,494,312286,9888,677826,1913400
1636,467,472,311819,9883,678298,1720700
1637,486,479,311333,9890,678777,1718700
1638,498,508,310835,9880,679285,1846200
1639,495,475,310340,9900,679760,1830400
1640,474,492,309866,9882,680252,1722800
1641,506,461,309360,9927,680713,1946000
1642,461,492,308899,9896,681205,1733100
1643,514,451,308385,9959,681656,1829800
1644,532,441,307853,10050,682097,1869900
1645,486,471,307367,10065,682568,1803100
1646,472,515,306895,10022,683083,1900100
1647,513,504,306382,10031,683587,2256600
1648,514,501,305868,10044,684088,2103700
1649,500,512,305368,10032,684600,2182600
1650,503,508,304865,10027,685108,1776000
1651,447,514,304418,9960,685622,1718200
1652,493,496,303925,9957,686118,1752800
1653,487,482,303438,9962,686600,1732400
1654,471,472,302967,9961,687072,1719900
1655,473,463,302494,9971,687535,1817300
1656,504,493,301990,9982,688028,1918300
1657,511,538,301479,9955,688566,1735200
1658,463,477,301016,9941,689043,1723300
1659,480,484,300536,9937,689527,1827500
1660,483,473,300053,9947,690000,1834600
1661,496,472,299557,9971,690472,1801000
1662,498,544,299059,9925,691016,1809200
1663,469,495,298590,9899,691511,1719400
1664,485,538,298105,9846,692049,1732900
1665,483,518,297622,9811,692567,2075200
1666,453,517,297169,9747,693084,2049700
1667,483,456,296686,9774,693540,1831200
1668,485,465,296201,9794,694005,1730600
1669,470,500,295731,9764,694505,1709100
1670,486,513,295245,9737,695018,1711300
1671,472,465,294773,9744,695483,1843100
1672,518,492,294255,9770,695975,1809800
1673,518,516,293737,9772,696491,1714000
1674,460,494,293277,9738,696985,1782100
1675,495,456,292782,9777,697441,1710800
1676,512,456,292270,9833,697897,1808300
1677,504,438,291766,9899,698335,1817600
1678,491,496,291275,9894,698831,1731200
1679,474,461,290801,9907,699292,1714700
1680,472,501,290329,9878,699793,1824400
1681,462,497,289867,9843,700290,1804800
1682,461,469,289406,9835,700759,1735500
1683,491,480,288915,9846,701239,1734600
1684,455,512,288460,9789,701751,1774000
1685,450,472,288010,9767,702223,1861800
1686,497,502,287513,9762,702725,1838100
1687,455,494,287058,9723,703219,1721500
1688,451,463,286607,9711,703682,1740700
1689,438,441,286169,9708,704123,1835100
1690,476,483,285693,9701,704606,1751100
1691,462,451,285231,9712,705057,1711100
1692,467,472,284764,9707,705529,2195000
1693,483,468,284281,9722,705997,1830100
1694,461,487,283820,9696,706484,1715600
1695,470,468,283350,9698,706952,1814900
1696,463,527,282887,9634,707479,1718500
1697,452,451,282435,9635,707930,1709200
1698,485,455,281950,9665,708385,1800500
1699,475,498,281475,9642,708883,2090100
1700,464,452,281011,9654,709335,1972300
1701,439,469,280572,9624,709804,2105900
1702,462,455,280110,9631,710259,1834000
1703,508,463,279602,9676,710722,1703500
1704,458,492,279144,9642,711214,1814500
1705,442,479,278702,9605,711693,1703700
1706,476,468,278226,9613,712161,1692700
1707,473,494,277753,9592,712655,1791300
1708,494,464,277259,9622,713119,1841600
1709,447,508,276812,9561,713627,1772200
1710,434,504,276378,9491,714131,1707800
1711,488,458,275890,9521,714589,1791500
1712,491,496,275399,9516,715085,2048400
1713,460,482,274939,9494,715567,1940800
1714,479,461,274460,9512,716028,1741100
1715,475,451,273985,9536,716479,1795800
1716,482,471,273503,9547,716950,1800000
1717,469,477,273034,9539,717427,1789600
1718,505,456,272529,9588,717883,1713600
1719,491,476,272038,9603,718359,1835200
1720,481,469,271557,9615,718828,1801400
1721,478,502,271079,9591,719330,1748900
1722,479,449,270600,9621,719779,1716500
1723,502,473,270098,9650,720252,2128700
1724,492,515,269606,9627,720767,1893100
1725,490,536,269116,9581,721303,1877400
1726,453,463,268663,9571,721766,1765900
1727,521,501,268142,9591,722267,1787500
1728,459,443,267683,9607,722710,1751300
1729,494,510,267189,9591,723220,1749900
1730,460,522,266729,9529,723742,1820400
1731,493,520,266236,9502,724262,1813700
1732,494,453,265742,9543,724715,2222700
1733,482,489,265260,9536,725204,1829200
1734,491,470,264769,9557,725674,1791300
1735,455,479,264314,9533,726153,1948600
1736,522,485,263792,9570,726638,1785900
1737,450,463,263342,9557,727101,1797200
1738,500,459,262842,9598,727560,1867100
1739,463,509,262379,9552,728069,2031400
1740,492,482,261887,9562,728551,2126500
1741,532,486,261355,9608,729037,1870200
1742,476,434,260879,9650,729471,1892500
1743,474,505,260405,9619,729976,1851900
1744,459,484,259946,9594,730460,1946400
1745,487,491,259459,9590,730951,1854100
1746,450,488,259009,9552,731439,1799500
1747,495,486,258514,9561,731925,1813500
1748,499,511,258015,9549,732436,1963300
1749,485,488,257530,9546,732924,2046500
1750,496,473,257034,9569,733397,1866400
1751,507,465,256527,9611,733862,1873200
1752,468,531,256059,9548,734393,2152900
1753,454,418,255605,9584,734811,1952000
1754,461,480,255144,9565,735291,1911700
1755,456,459,254688,9562,735750,1890800
1756,464,445,254224,9581,736195,1796400
1757,453,468,253771,9566,736663,1798900
1758,488,484,253283,9570,737147,1994100
1759,465,499,252818,9536,737646,1790900
1760,465,480,252353,9521,738126,1930700
1761,443,514,251910,9450,738640,1872700
1762,442,447,251468,9445,739087,1823200
1763,480,475,250988,9450,739562,1864200
1764,466,491,250522,9425,740053,1893400
1765,457,465,250065,9417,740518,1738600
1766,480,474,249585,9423,740992,1728700
1767,452,462,249133,9413,741454,1813100
1768,481,464,248652,9430,741918,1817200
1769,498,478,248154,9450,742396,1835100
1770,454,465,247700,9439,742861,1828400
1771,431,510,247269,9360,743371,1725000
1772,443,469,246826,9334,743840,1714800
1773,457,495,246369,9296,744335,2128600
1774,448,429,245921,9315,744764,1855200
1775,433,430,245488,9318,745194,1834700
1776,454,475,245034,9297,745669,1855800
1777,447,497,244587,9247,746166,1758000
1778,475,462,244112,9260,746628,1697500
1779,431,500,243681,9191,747128,1825300
1780,426,434,243255,9183,747562,1734000
1781,452,462,242803,9173,748024,1692600
1782,415,426,242388,9162,748450,1723000
1783,401,457,241987,9106,748907,1922400
1784,434,441,241553,9099,749348,1832800
1785,467,481,241086,9085,749829,1821100
1786,430,443,240656,9072,750272,1767500
1787,477,420,240179,9129,750692,1712500
1788,417,456,239762,9090,751148,1695700
1789,429,448,239333,9071,751596,1824000
1790,416,437,238917,9050,752033,1846700
1791,438,450,238479,9038,752483,2088600
1792,423,433,238056,9028,752916,1908200
1793,406,449,237650,8985,753365,1790000
1794,409,408,237241,8986,753773,1734100
1795,413,445,236828,8954,754218,1766900
1796,384,479,236444,8859,754697,1852400
1797,440,441,236004,8858,755138,1796300
1798,414,431,235590,8841,755569,1794700
1799,420,436,235170,8825,756005,1784800
1800,413,440,234757,8798,756445,1777300
1801,423,431,234334,8790,756876,1754500
1802,404,451,233930,8743,757327,1773600
1803,388,428,233542,8703,757755,1708600
1804,411,454,233131,8660,758209,1703200
1805,398,472,232733,8586,758681,1866100
1806,388,459,232345,8515,759140,1770000
1807,409,425,231936,8499,759565,1743200
1808,430,458,231506,8471,760023,1987200
1809,426,432,231080,8465,760455,1940100
1810,400,426,230680,8439,760881,2019100
1811,414,455,230266,8398,761336,2132200
1812,392,428,229874,8362,761764,2180800
1813,427,407,229447,8382,762171,2055600
1814,412,426,229035,8368,762597,2162200
1815,404,424,228631,8348,763021,2052700
1816,431,392,228200,8387,763413,2042400
1817,430,439,227770,8378,763852,2122700
1818,436,384,227334,8430,764236,2152100
1819,387,403,226947,8414,764639,2143700
1820,420,421,226527,8413,765060,1990700
1821,430,421,226097,8422,765481,2036200
1822,442,423,225655,8441,765904,2051200
1823,420,423,225235,8438,766327,2192400
1824,398,410,224837,8426,766737,2416400
1825,399,416,224438,8409,767153,2201700
1826,429,454,224009,8384,767607,2141600
1827,406,409,223603,8381,768016,1882300
1828,416,442,223187,8355,768458,2060600
1829,408,372,222779,8391,768830,1812900
1830,422,415,222357,8398,769245,2153400
1831,400,421,221957,8377,769666,1866300
1832,391,410,221566,8358,770076,2168100
1833,415,406,221151,8367,770482,2064100
1834,388,435,220763,8320,770917,1973100
1835,366,400,220397,8286,771317,1924000
1836,379,439,220018,8226,771756,2075500
1837,400,413,219618,8213,772169,1958400
1838,438,374,219180,8277,772543,2067000
1839,374,385,218806,8266,772928,2001000
1840,408,387,218398,8287,773315,2069000
1841,380,441,218018,8226,773756,1931700
1842,402,370,217616,8258,774126,2167100
1843,396,376,217220,8278,774502,2085500
1844,391,399,216829,8270,774901,2344200
1845,384,425,216445,8229,775326,2178700
1846,427,409,216018,8247,775735,2105300
1847,393,404,215625,8236,776139,2079900
1848,403,432,215222,8207,776571,1947100
1849,421,409,214801,8219,776980,1923700
1850,419,416,214382,8222,777396,1742700
1851,403,432,213979,8193,777828,2000100
1852,407,409,213572,8191,778237,2220300
1853,373,397,213199,8167,778634,1978800
1854,408,432,212791,8143,779066,2022200
1855,383,398,212408,8128,779464,1875500
1856,371,409,212037,8090,779873,1902100
1857,364,414,211673,8040,780287,2152200
1858,379,416,211294,8003,780703,2064500
1859,390,387,210904,8006,781090,1952900
1860,409,351,210495,8064,781441,1944100
1861,394,409,210101,8049,781850,2191600
1862,393,397,209708,8045,782247,1957900
1863,371,434,209337,7982,782681,1964000
1864,417,388,208920,8011,783069,1983200
1865,403,416,208517,7998,783485,2064700
1866,426,403,208091,8021,783888,1933800
1867,411,416,207680,8016,784304,1941600
1868,402,366,207278,8052,784670,2049600
1869,411,348,206867,8115,785018,1749500
1870,428,392,206439,8151,785410,1727600
1871,448,417,205991,8182,785827,2322000
1872,425,354,205566,8253,786181,2123600
1873,407,376,205159,8284,786557,1950700
1874,464,396,204695,8352,786953,1913900
1875,438,407,204257,8383,787360,2167600
1876,442,392,203815,8433,787752,1740300
1877,438,449,203377,8422,788201,1742000
1878,408,404,202969,8426,788605,1788500
1879,395,436,202574,8385,789041,2252600
1880,415,413,202159,8387,789454,2251100
1881,420,431,201739,8376,789885,1931100
1882,429,434,201310,8371,790319,2015400
1883,408,404,200902,8375,790723,2135100
1884,386,430,200516,8331,791153,2094900
1885,400,404,200116,8327,791557,2021500
1886,411,416,199705,8322,791973,1968500
1887,396,410,199309,8308,792383,1934100
1888,423,405,198886,8326,792788,1717500
1889,403,406,198483,8323,793194,1743700
1890,391,385,198092,8329,793579,2054100
1891,400,384,197692,8345,793963,2132400
1892,457,427,197235,8375,794390,2004200
1893,432,416,196803,8391,794806,1821100
1894,423,408,196380,8406,795214,2053600
1895,388,438,195992,8356,795652,1880500
1896,398,415,195594,8339,796067,2393300
1897,429,455,195165,8313,796522,2120800
1898,423,420,194742,8316,796942,1895300
1899,395,419,194347,8292,797361,1850100
1900,407,408,193940,8291,797769,1904000
1901,391,426,193549,8256,798195,2180900
1902,386,402,193163,8240,798597,2147100
1903,393,379,192770,8254,798976,1791600
1904,399,452,192371,8201,799428,2077800
1905,404,393,191967,8212,799821,1933000
1906,374,389,191593,8197,800210,2025100
1907,391,424,191202,8164,800634,2109900
1908,383,378,190819,8169,801012,1969700
1909,391,422,190428,8138,801434,2062500
1910,363,405,190065,8096,801839,1849600
1911,415,395,189650,8116,802234,1727600
1912,391,418,189259,8089,802652,2185100
1913,391,375,188868,8105,803027,2129700
1914,383,452,188485,8036,803479,2056500
1915,372,396,188113,8012,803875,1851600
1916,382,395,187731,7999,804270,1770700
1917,394,387,187337,8006,804657,2158800
1918,394,407,186943,7993,805064,2140900
1919,370,408,186573,7955,805472,1870400
1920,356,400,186217,7911,805872,1742400
1921,419,412,185798,7918,806284,2306900
1922,406,397,185392,7927,806681,2112500
1923,391,401,185001,7917,807082,1814100
1924,417,367,184584,7967,807449,1727300
1925,390,410,184194,7947,807859,2255600
1926,365,399,183829,7913,808258,2136600
1927,371,409,183458,7875,808667,2057100
1928,379,392,183079,7862,809059,2019500
1929,385,390,182694,7857,809449,1950300
1930,408,389,182286,7876,809838,1808600
1931,388,411,181898,7853,810249,1829100
1932,362,390,181536,7825,810639,2022800
1933,368,396,181168,7797,811035,1994700
1934,413,390,180755,7820,811425,1936900
1935,388,447,180367,7761,811872,1880000
1936,374,347,179993,7788,812219,2029800
1937,391,405,179602,7774,812624,2051500
1938,386,381,179216,7779,813005,2359100
1939,381,395,178835,7765,813400,1881000
1940,330,373,178505,7722,813773,2114000
1941,368,367,178137,7723,814140,2126500
1942,354,381,177783,7696,814521,2049300
1943,356,367,177427,7685,814888,1869400
1944,348,379,177079,7654,815267,2012800
1945,391,413,176688,7632,815680,1853300
1946,374,395,176314,7611,816075,1830400
1947,394,398,175920,7607,816473,2097400
1948,335,393,175585,7549,816866,2024000
1949,342,364,175243,7527,817230,2215300
1950,380,379,174863,7528,817609,1855700
1951,338,411,174525,7455,818020,1797000
1952,385,397,174140,7443,818417,2106800
1953,400,369,173740,7474,818786,1841400
1954,378,391,173362,7461,819177,1949200
1955,374,386,172988,7449,819563,1799900
1956,322,365,172666,7406,819928,1994100
1957,347,400,172319,7353,820328,2063800
1958,337,386,171982,7304,820714,1973100
1959,377,394,171605,7287,821108,1805800
1960,355,398,171250,7244,821506,2071300
1961,362,365,170888,7241,821871,1953600
1962,353,355,170535,7239,822226,2295100
1963,362,360,170173,7241,822586,1848700
1964,349,349,169824,7241,822935,1859900
1965,345,345,169479,7241,823280,2316500
1966,314,382,169165,7173,823662,2160900
1967,368,341,168797,7200,824003,1994900
1968,309,350,168488,7159,824353,1998200
1969,340,331,168148,7168,824684,2033100
1970,362,373,167786,7157,825057,1755900
1971,312,400,167474,7069,825457,1742800
1972,329,342,167145,7056,825799,2016200
1973,380,341,166765,7095,826140,1854400
1974,334,347,166431,7082,826487,2099300
1975,334,351,166097,7065,826838,2089400
1976,341,385,165756,7021,827223,2215200
1977,342,339,165414,7024,827562,2129300
1978,343,332,165071,7035,827894,1791400
1979,350,358,164721,7027,828252,1774900
1980,340,342,164381,7025,828594,2218500
1981,361,361,164020,7025,828955,1832500
1982,356,355,163664,7026,829310,1830100
1983,343,350,163321,7019,829660,1981800
1984,368,364,162953,7023,830024,1776200
1985,342,366,162611,6999,830390,2137300
1986,352,354,162259,6997,830744,1788300
1987,362,354,161897,7005,831098,1811600
1988,344,376,161553,6973,831474,1857300
1989,333,351,161220,6955,831825,1857800
1990,377,372,160843,6960,832197,1819100
1991,333,331,160510,6962,832528,2252300
1992,365,339,160145,6988,832867,2144000
1993,359,346,159786,7001,833213,1847000
1994,320,351,159466,6970,833564,2035600
1995,328,374,159138,6924,833938,1788500
1996,379,348,158759,6955,834286,1838400
1997,388,350,158371,6993,834636,2379600
1998,360,393,158011,6960,835029,1914500
1999,366,326,157645,7000,835355,2143600
2000,358,368,157287,6990,835723,1827800
2001,340,324,156947,7006,836047,1854100
2002,375,349,156572,7032,836396,2220300
2003,341,349,156231,7024,836745,1844600
2004,355,341,155876,7038,837086,2131600
2005,348,342,155528,7044,837428,2217900
2006,350,369,155178,7025,837797,1785500
2007,370,359,154808,7036,838156,1778100
2008,360,340,154448,7056,838496,1786400
2009,363,349,154085,7070,838845,1915700
2010,338,358,153747,7050,839203,1801400
2011,367,369,153380,7048,839572,1942000
2012,345,358,153035,7035,839930,1981000
2013,353,386,152682,7002,840316,1792200
2014,355,359,152327,6998,840675,1926800
2015,347,346,151980,6999,841021,1812000
2016,354,358,151626,6995,841379,2512800
2017,372,331,151254,7036,841710,2439600
2018,354,335,150900,7055,842045,1824200
2019,373,352,150527,7076,842397,2098600
2020,350,364,150177,7062,842761,1811000
2021,391,382,149786,7071,843143,2391300
2022,343,342,149443,7072,843485,2132800
2023,353,377,149090,7048,843862,1800900
2024,344,330,148746,7062,844192,1843400
2025,364,357,148382,7069,844549,1970700
2026,369,365,148013,7073,844914,1806300
2027,351,369,147662,7055,845283,2214600
2028,334,334,147328,7055,845617,1788100
2029,354,322,146974,7087,845939,2080000
2030,347,387,146627,7047,846326,2206200
2031,312,370,146315,6989,846696,2139300
2032,346,325,145969,7010,847021,1850000
2033,353,320,145616,7043,847341,1814100
2034,353,341,145263,7055,847682,1911800
2035,370,337,144893,7088,848019,2315400
2036,349,381,144544,7056,848400,2178600
2037,348,352,144196,7052,848752,2092600
2038,336,354,143860,7034,849106,1833900
2039,376,332,143484,7078,849438,1857200
2040,367,343,143117,7102,849781,2258200
2041,341,338,142776,7105,850119,2150000
2042,327,357,142449,7075,850476,1749700
2043,341,334,142108,7082,850810,1720400
2044,360,348,141748,7094,851158,2199900
2045,337,366,141411,7065,851524,2212200
2046,337,374,141074,7028,851898,2025100
2047,323,359,140751,6992,852257,1943900
2048,343,334,140408,7001,852591,2197700
2049,353,326,140055,7028,852917,2056300
2050,321,341,139734,7008,853258,2395800
2051,341,341,139393,7008,853599,2169500
2052,339,339,139054,7008,853938,2074700
2053,320,363,138734,6965,854301,1924900
2054,336,333,138398,6968,854634,2094200
2055,367,354,138031,6981,854988,2002700
2056,345,337,137686,6989,855325,2127900
2057,323,356,137363,6956,855681,2085500
2058,336,357,137027,6935,856038,1942300
2059,324,388,136703,6871,856426,2124600
2060,292,331,136411,6832,856757,2315100
2061,319,355,136092,6796,857112,2164200
2062,325,312,135767,6809,857424,1919300
2063,331,317,135436,6823,857741,1998400
2064,353,364,135083,6812,858105,1899900
2065,319,384,134764,6747,858489,2142600
2066,310,345,134454,6712,858834,2052700
2067,324,309,134130,6727,859143,2332500
2068,324,339,133806,6712,859482,1973300
2069,358,337,133448,6733,859819,1821100
2070,327,328,133121,6732,860147,2230700
2071,328,343,132793,6717,860490,1933000
2072,340,332,132453,6725,860822,1930500
2073,352,341,132101,6736,861163,2167300
2074,351,347,131750,6740,861510,1902300
2075,359,291,131391,6808,861801,2172000
2076,317,352,131074,6773,862153,2159000
2077,321,341,130753,6753,862494,2050900
2078,322,335,130431,6740,862829,1878700
2079,320,363,130111,6697,863192,2071200
2080,358,313,129753,6742,863505,1911400
2081,336,342,129417,6736,863847,1903000
2082,329,348,129088,6717,864195,1981500
2083,328,330,128760,6715,864525,2080300
2084,336,344,128424,6707,864869,1971800
2085,343,358,128081,6692,865227,1962200
2086,306,339,127775,6659,865566,1899100
2087,325,314,127450,6670,865880,1814100
2088,316,349,127134,6637,866229,1897400
2089,318,341,126816,6614,866570,2162300
2090,294,342,126522,6566,866912,2131900
2091,302,328,126220,6540,867240,2024800
2092,298,316,125922,6522,867556,1891600
2093,301,329,125621,6494,867885,2127400
2094,299,334,125322,6459,868219,1985900
2095,303,307,125019,6455,868526,1943300
2096,325,283,124694,6497,868809,2077200
2097,276,346,124418,6427,869155,2176700
2098,304,281,124114,6450,869436,2504000
2099,337,328,123777,6459,869764,2170300
2100,325,276,123452,6508,870040,2087600
2101,318,286,123134,6540,870326,1885500
2102,339,331,122795,6548,870657,1918000
2103,341,338,122454,6551,870995,2126900
2104,317,332,122137,6536,871327,2045100
2105,308,337,121829,6507,871664,2075200
2106,316,296,121513,6527,871960,1828100
2107,296,311,121217,6512,872271,2133200
2108,302,342,120915,6472,872613,1870700
2109,331,334,120584,6469,872947,2036300
2110,317,339,120267,6447,873286,1874100
2111,293,319,119974,6421,873605,1698700
2112,310,334,119664,6397,873939,2044100
2113,294,324,119370,6367,874263,2200100
2114,282,312,119088,6337,874575,1916900
2115,299,344,118789,6292,874919,1714600
2116,322,304,118467,6310,875223,1778600
2117,308,315,118159,6303,875538,2420000
2118,300,320,117859,6283,875858,1748800
2119,302,302,117557,6283,876160,2120500
2120,294,306,117263,6271,876466,1729900
2121,296,276,116967,6291,876742,1898900
2122,265,354,116702,6202,877096,1883100
2123,277,335,116425,6144,877431,1952200
2124,292,313,116133,6123,877744,1966400
2125,269,303,115864,6089,878047,1932900
2126,298,317,115566,6070,878364,2077900
2127,301,304,115265,6067,878668,1810400
2128,294,307,114971,6054,878975,1776200
2129,280,274,114691,6060,879249,1948700
2130,262,296,114429,6026,879545,2072900
2131,301,309,114128,6018,879854,2178400
2132,294,289,113834,6023,880143,2076100
2133,281,313,113553,5991,880456,2065800
2134,262,295,113291,5958,880751,1980700
2135,264,291,113027,5931,881042,1893000
2136,291,281,112736,5941,881323,1884200
2137,290,287,112446,5944,881610,2092400
2138,285,295,112161,5934,881905,1975300
2139,272,346,111889,5860,882251,2131000
2140,258,304,111631,5814,882555,2014500
2141,324,293,111307,5845,882848,2045100
2142,284,267,111023,5862,883115,1896100
2143,291,282,110732,5871,883397,1951400
2144,293,275,110439,5889,883672,2035000
2145,296,286,110143,5899,883958,2021900
2146,295,297,109848,5897,884255,2001200
2147,306,313,109542,5890,884568,2040500
2148,287,293,109255,5884,884861,2026700
2149,274,270,108981,5888,885131,1866800
2150,276,317,108705,5847,885448,1897100
2151,298,315,108407,5830,885763,1966100
2152,270,267,108137,5833,886030,1942900
2153,272,304,107865,5801,886334,2267000
2154,293,300,107572,5794,886634,2032300
2155,276,270,107296,5800,886904,1778400
2156,259,276,107037,5783,887180,1893800
2157,266,272,106771,5777,887452,1737400
2158,251,294,106520,5734,887746,2213200
2159,289,311,106231,5712,888057,2421100
2160,284,310,105947,5686,888367,1937400
2161,258,282,105689,5662,888649,1867300
2162,265,277,105424,5650,888926,1950000
2163,268,278,105156,5640,889204,1872700
2164,271,292,104885,5619,889496,1700400
2165,271,267,104614,5623,889763,1831700
2166,274,285,104340,5612,890048,1757300
2167,275,274,104065,5613,890322,1766700
2168,260,295,103805,5578,890617,1834300
2169,256,271,103549,5563,890888,2018100
2170,279,242,103270,5600,891130,1890800
2171,277,305,102993,5572,891435,2133000
2172,289,281,102704,5580,891716,2108800
2173,286,293,102418,5573,892009,2210900
2174,284,260,102134,5597,892269,1939100
2175,278,256,101856,5619,892525,1721800
2176,250,287,101606,5582,892812,1970900
2177,292,280,101314,5594,893092,2013800
2178,305,274,101009,5625,893366,2059800
2179,281,303,100728,5603,893669,1899700
2180,277,273,100451,5607,893942,1985500
2181,254,322,100197,5539,894264,2018100
2182,277,271,99920,5545,894535,2113800
2183,250,245,99670,5550,894780,2116500
2184,273,281,99397,5542,895061,1865200
2185,296,300,99101,5538,895361,1882300
2186,303,285,98798,5556,895646,1947000
2187,301,293,98497,5564,895939,2040000
2188,275,285,98222,5554,896224,1981100
2189,257,275,97965,5536,896499,1973800
2190,289,264,97676,5561,896763,2083900
2191,288,281,97388,5568,897044,1959100
2192,302,280,97086,5590,897324,1988300
2193,291,272,96795,5609,897596,1835500
2194,274,278,96521,5605,897874,1990600
2195,287,258,96234,5634,898132,1938600
2196,280,297,95954,5617,898429,2029500
2197,310,317,95644,5610,898746,1872800
2198,289,291,95355,5608,899037,2139500
2199,267,286,95088,5589,899323,2126400
2200,279,270,94809,5598,899593,2026000
2201,306,278,94503,5626,899871,1950100
2202,288,283,94215,5631,900154,1883500
2203,296,250,93919,5677,900404,2199500
2204,260,292,93659,5645,900696,2127600
2205,269,271,93390,5643,900967,1935100
2206,278,282,93112,5639,901249,1932200
2207,252,244,92860,5647,901493,2001300
2208,260,301,92600,5606,901794,1757100
2209,249,288,92351,5567,902082,1982400
2210,251,290,92100,5528,902372,2116500
2211,242,290,91858,5480,902662,2001300
2212,254,300,91604,5434,902962,2074800
2213,268,281,91336,5421,903243,1957800
2214,259,262,91077,5418,903505,1943500
2215,247,285,90830,5380,903790,1890500
2216,282,246,90548,5416,904036,1968900
2217,244,238,90304,5422,904274,2088300
2218,266,287,90038,5401,904561,2130600
2219,282,275,89756,5408,904836,1959100
2220,264,269,89492,5403,905105,1948200
2221,263,289,89229,5377,905394,1958400
2222,278,267,88951,5388,905661,1978200
2223,285,264,88666,5409,905925,2180100
2224,269,271,88397,5407,906196,1940400
2225,243,292,88154,5358,906488,1942700
2226,235,296,87919,5297,906784,1965100
2227,263,269,87656,5291,907053,1739900
2228,264,272,87392,5283,907325,2151400
2229,254,244,87138,5293,907569,2071300
2230,227,277,86911,5243,907846,1947200
2231,257,266,86654,5234,908112,1973400
2232,278,257,86376,5255,908369,2076800
2233,248,281,86128,5222,908650,2055600
2234,245,247,85883,5220,908897,2021400
2235,239,254,85644,5205,909151,1836400
2236,270,265,85374,5210,909416,1959800
2237,251,265,85123,5196,909681,2058500
2238,269,239,84854,5226,909920,1980200
2239,238,248,84616,5216,910168,2043700
2240,266,255,84350,5227,910423,1943800
2241,252,284,84098,5195,910707,1863500
2242,257,251,83841,5201,910958,2134800
2243,242,256,83599,5187,911214,2123500
2244,260,247,83339,5200,911461,1821100
2245,263,253,83076,5210,911714,2068800
2246,228,265,82848,5173,911979,1825300
2247,236,264,82612,5145,912243,1977000
2248,256,253,82356,5148,912496,1955900
2249,243,228,82113,5163,912724,1798400
2250,237,268,81876,5132,912992,2236100
2251,237,248,81639,5121,913240,1864200
2252,241,248,81398,5114,913488,1886900
2253,234,279,81164,5069,913767,2040000
2254,261,260,80903,5070,914027,1873500
2255,234,238,80669,5066,914265,1890700
2256,229,244,80440,5051,914509,1863100
2257,218,259,80222,5010,914768,2040100
2258,238,243,79984,5005,915011,1834300
2259,248,269,79736,4984,915280,1912700
2260,237,260,79499,4961,915540,1891600
2261,245,250,79254,4956,915790,1927000
2262,215,283,79039,4888,916073,1865800
2263,218,272,78821,4834,916345,2203500
2264,235,247,78586,4822,916592,1938400
2265,259,236,78327,4845,916828,1930300
2266,216,222,78111,4839,917050,1861300
2267,218,240,77893,4817,917290,1835200
2268,212,258,77681,4771,917548,1997500
2269,216,239,77465,4748,917787,2233100
2270,250,219,77215,4779,918006,2135600
2271,252,242,76963,4789,918248,2203500
2272,254,230,76709,4813,918478,1928900
2273,223,244,76486,4792,918722,1915800
2274,220,223,76266,4789,918945,1987900
2275,203,236,76063,4756,919181,1779400
2276,235,225,75828,4766,919406,2068600
2277,236,241,75592,4761,919647,1952100
2278,235,227,75357,4769,919874,2132700
2279,237,251,75120,4755,920125,2180900
2280,238,247,74882,4746,920372,1936600
2281,260,248,74622,4758,920620,1994000
2282,224,244,74398,4738,920864,1706800
2283,238,244,74160,4732,921108,2062500
2284,224,242,73936,4714,921350,2151600
2285,222,235,73714,4701,921585,2046500
2286,248,233,73466,4716,921818,1863200
2287,231,257,73235,4690,922075,2034000
2288,230,245,73005,4675,922320,2045000
2289,247,258,72758,4664,922578,1925800
2290,213,241,72545,4636,922819,1880600
2291,261,224,72284,4673,923043,2004800
2292,245,238,72039,4680,923281,2371600
2293,220,215,71819,4685,923496,1822100
2294,217,239,71602,4663,923735,2053900
2295,234,247,71368,4650,923982,2349400
2296,236,245,71132,4641,924227,2063100
2297,220,232,70912,4629,924459,2048000
2298,226,220,70686,4635,924679,2313400
2299,216,241,70470,4610,924920,1755600
2300,234,241,70236,4603,925161,2116900
2301,224,234,70012,4593,925395,2147800
2302,217,234,69795,4576,925629,2148100
2303,233,215,69562,4594,925844,2146200
2304,226,229,69336,4591,926073,1885100
2305,240,235,69096,4596,926308,1932600
2306,232,233,68864,4595,926541,1693700
2307,215,219,68649,4591,926760,1752300
2308,220,224,68429,4587,926984,2227400
2309,195,220,68234,4562,927204,2160600
2310,223,223,68011,4562,927427,2080300
2311,218,240,67793,4540,927667,2050400
2312,216,230,67577,4526,927897,1930600
2313,225,225,67352,4526,928122,1906800
2314,234,238,67118,4522,928360,1949900
2315,219,207,66899,4534,928567,2108600
2316,212,199,66687,4547,928766,2158100
2317,196,239,66491,4504,929005,1991600
2318,225,205,66266,4524,929210,1938300
2319,196,202,66070,4518,929412,1980300
2320,224,234,65846,4508,929646,2134000
2321,240,214,65606,4534,929860,1973300
2322,215,219,65391,4530,930079,1766300
2323,234,244,65157,4520,930323,1732600
2324,237,227,64920,4530,930550,2030000
2325,229,231,64691,4528,930781,1959800
2326,226,229,64465,4525,931010,2162400
2327,221,219,64244,4527,931229,1907800
2328,219,240,64025,4506,931469,1947300
2329,236,216,63789,4526,931685,2173100
2330,224,239,63565,4511,931924,2033900
2331,204,219,63361,4496,932143,2090500
2332,178,239,63183,4435,932382,2020300
2333,214,228,62969,4421,932610,2021100
2334,216,214,62753,4423,932824,1716700
2335,197,229,62556,4391,933053,1803600
2336,199,209,62357,4381,933262,1751100
2337,213,219,62144,4375,933481,2130900
2338,230,212,61914,4393,933693,1773000
2339,195,217,61719,4371,933910,2352100
2340,228,205,61491,4394,934115,2243700
2341,226,224,61265,4396,934339,1958200
2342,210,242,61055,4364,934581,2122900
2343,226,204,60829,4386,934785,1921300
2344,208,219,60621,4375,935004,1882100
2345,180,198,60441,4357,935202,1768900
2346,200,241,60241,4316,935443,2205400
2347,227,221,60014,4322,935664,2105500
2348,196,197,59818,4321,935861,2024400
2349,210,213,59608,4318,936074,1868700
2350,209,183,59399,4344,936257,2104600
2351,185,209,59214,4320,936466,2109500
2352,204,204,59010,4320,936670,1701400
2353,206,220,58804,4306,936890,1838400
2354,220,213,58584,4313,937103,2016400
2355,202,268,58382,4247,937371,1897800
2356,217,223,58165,4241,937594,2071300
2357,194,213,57971,4222,937807,1985300
2358,201,210,57770,4213,938017,2009600
2359,215,219,57555,4209,938236,1984700
2360,200,208,57355,4201,938444,1815700
2361,226,187,57129,4240,938631,2292300
2362,202,206,56927,4236,938837,1845600
2363,175,198,56752,4213,939035,2169200
2364,201,227,56551,4187,939262,2101600
2365,211,194,56340,4204,939456,1975900
2366,179,206,56161,4177,939662,1890500
2367,183,209,55978,4151,939871,1908100
2368,181,213,55797,4119,940084,1708600
2369,197,208,55600,4108,940292,2066000
2370,175,201,55425,4082,940493,2225000
2371,190,196,55235,4076,940689,1974800
2372,198,204,55037,4070,940893,1960100
2373,177,214,54860,4033,941107,2214000
2374,174,208,54686,3999,941315,1911700
2375,198,180,54488,4017,941495,1995500
2376,176,171,54312,4022,941666,1966600
2377,190,221,54122,3991,941887,1968700
2378,172,201,53950,3962,942088,2106200
2379,198,193,53752,3967,942281,2067200
2380,177,195,53575,3949,942476,1993200
2381,169,179,53406,3939,942655,1908000
2382,181,194,53225,3926,942849,2369500
2383,204,172,53021,3958,943021,1829900
2384,189,185,52832,3962,943206,1722300
2385,177,192,52655,3947,943398,1940100
2386,201,196,52454,3952,943594,1902800
2387,194,208,52260,3938,943802,2157900
2388,200,193,52060,3945,943995,1836900
2389,175,221,51885,3899,944216,2115400
2390,173,210,51712,3862,944426,2134700
2391,175,198,51537,3839,944624,1939400
2392,174,170,51363,3843,944794,2209800
2393,182,163,51181,3862,944957,1960200
2394,198,189,50983,3871,945146,1869000
2395,183,188,50800,3866,945334,1938300
2396,178,190,50622,3854,945524,1934400
2397,179,193,50443,3840,945717,2074100
2398,183,186,50260,3837,945903,2231800
2399,171,185,50089,3823,946088,1911100
2400,176,164,49913,3835,946252,1900700
2401,179,193,49734,3821,946445,1953700
2402,163,200,49571,3784,946645,1917500
2403,157,199,49414,3742,946844,2030800
2404,182,192,49232,3732,947036,2032300
2405,183,194,49049,3721,947230,1636700
2406,179,163,48870,3737,947393,2209300
2407,147,173,48723,3711,947566,1941900
2408,166,177,48557,3700,947743,1767600
2409,176,187,48381,3689,947930,2190600
2410,189,209,48192,3669,948139,1914700
2411,161,191,48031,3639,948330,1810500
2412,155,193,47876,3601,948523,1751300
2413,169,185,47707,3585,948708,1747600
2414,182,168,47525,3599,948876,1729400
2415,159,200,47366,3558,949076,2005400
2416,140,187,47226,3511,949263,1792300
2417,187,180,47039,3518,949443,1921500
2418,138,162,46901,3494,949605,2071400
2419,160,165,46741,3489,949770,1892500
2420,157,167,46584,3479,949937,2079600
2421,172,164,46412,3487,950101,1812500
2422,175,158,46237,3504,950259,2016700
2423,170,178,46067,3496,950437,2096300
2424,155,200,45912,3451,950637,2060000
2425,159,171,45753,3439,950808,2035500
2426,141,180,45612,3400,950988,1946700
2427,160,164,45452,3396,951152,1814600
2428,154,146,45298,3404,951298,2306300
2429,153,163,45145,3394,951461,1807300
2430,172,173,44973,3393,951634,2654700
2431,166,176,44807,3383,951810,1976700
2432,148,192,44659,3339,952002,2033200
2433,157,164,44502,3332,952166,2304600
2434,162,174,44340,3320,952340,2206300
2435,160,168,44180,3312,952508,1752600
2436,176,156,44004,3332,952664,1808900
2437,141,158,43863,3315,952822,2157400
2438,145,180,43718,3280,953002,2034800
2439,145,156,43573,3269,953158,2030800
2440,141,150,43432,3260,953308,2198200
2441,152,166,43280,3246,953474,1914800
2442,158,152,43122,3252,953626,2125800
2443,154,137,42968,3269,953763,1750700
2444,118,169,42850,3218,953932,2210100
2445,130,146,42720,3202,954078,2091500
2446,159,163,42561,3198,954241,1785100
2447,142,163,42419,3177,954404,2118700
2448,156,146,42263,3187,954550,2195900
2449,136,162,42127,3161,954712,1910400
2450,164,150,41963,3175,954862,1705500
2451,122,142,41841,3155,955004,2032000
2452,144,138,41697,3161,955142,2129600
2453,166,166,41531,3161,955308,1928500
2454,160,145,41371,3176,955453,1937400
2455,147,148,41224,3175,955601,1979900
2456,150,159,41074,3166,955760,2127100
2457,155,166,40919,3155,955926,1929400
2458,145,163,40774,3137,956089,1726200
2459,145,154,40629,3128,956243,2318500
2460,141,150,40488,3119,956393,1745500
2461,151,169,40337,3101,956562,2316700
2462,134,128,40203,3107,956690,1727400
2463,150,145,40053,3112,956835,2217300
2464,156,159,39897,3109,956994,1774900
2465,160,142,39737,3127,957136,1925700
2466,139,138,39598,3128,957274,1860100
2467,146,124,39452,3150,957398,2103300
2468,150,160,39302,3140,957558,1734600
2469,128,170,39174,3098,957728,1786700
2470,155,145,39019,3108,957873,1774700
2471,134,166,38885,3076,958039,1987400
2472,125,177,38760,3024,958216,1830900
2473,135,161,38625,2998,958377,2137000
2474,137,149,38488,2986,958526,1752300
2475,129,135,38359,2980,958661,2194800
2476,134,145,38225,2969,958806,2109900
2477,115,154,38110,2930,958960,1945400
2478,133,149,37977,2914,959109,1958900
2479,135,164,37842,2885,959273,2074100
2480,154,138,37688,2901,959411,1946900
2481,121,130,37567,2892,959541,2084300
2482,128,145,37439,2875,959686,1828700
2483,132,146,37307,2861,959832,1955500
2484,138,156,37169,2843,959988,2079100
2485,129,157,37040,2815,960145,2187800
2486,112,141,36928,2786,960286,2028000
2487,121,139,36807,2768,960425,1678500
2488,122,134,36685,2756,960559,1639200
2489,125,124,36560,2757,960683,1988500
2490,99,126,36461,2730,960809,2300100
2491,124,140,36337,2714,960949,1981900
2492,108,115,36229,2707,961064,2169600
2493,113,146,36116,2674,961210,2168300
2494,98,118,36018,2654,961328,1902000
2495,109,136,35909,2627,961464,2189500
2496,99,122,35810,2604,961586,2002800
2497,88,111,35722,2581,961697,1867300
2498,116,126,35606,2571,961823,1910900
2499,109,134,35497,2546,961957,1936900
2500,100,127,35397,2519,962084,2106400
2501,123,128,35274,2514,962212,1845900
2502,100,134,35174,2480,962346,1768800
2503,115,120,35059,2475,962466,2221100
2504,111,119,34948,2467,962585,2099000
2505,100,131,34848,2436,962716,1925600
2506,87,127,34761,2396,962843,2054900
2507,98,110,34663,2384,962953,2143800
2508,120,107,34543,2397,963060,1904700
2509,93,114,34450,2376,963174,1727800
2510,114,126,34336,2364,963300,2201900
2511,103,125,34233,2342,963425,2047400
2512,110,116,34123,2336,963541,1880100
2513,98,120,34025,2314,963661,1758700
2514,112,112,33913,2314,963773,2165600
2515,102,137,33811,2279,963910,2130400
2516,106,110,33705,2275,964020,1908600
2517,105,102,33600,2278,964122,1946500
2518,94,124,33506,2248,964246,2156100
2519,121,113,33385,2256,964359,1697900
2520,119,108,33266,2267,964467,1970300
2521,113,118,33153,2262,964585,1964700
2522,107,121,33046,2248,964706,2018300
2523,120,104,32926,2264,964810,2127400
2524,100,103,32826,2261,964913,2069800
2525,106,108,32720,2259,965021,1824600
2526,119,114,32601,2264,965135,1966500
2527,101,106,32500,2259,965241,1764800
2528,126,128,32374,2257,965369,2343500
2529,90,128,32284,2219,965497,1828200
2530,103,113,32181,2209,965610,1962500
2531,101,109,32080,2201,965719,1999000
2532,109,120,31971,2190,965839,1791100
2533,106,108,31865,2188,965947,2236500
2534,115,115,31750,2188,966062,2172100
2535,109,109,31641,2188,966171,2087600
2536,122,121,31519,2189,966292,1718500
2537,111,110,31408,2190,966402,1835200
2538,128,95,31280,2223,966497,2000800
2539,106,104,31174,2225,966601,2286300
2540,129,116,31045,2238,966717,1799300
2541,115,104,30930,2249,966821,1909100
2542,107,117,30823,2239,966938,2290500
2543,107,127,30716,2219,967065,2173600
2544,126,113,30590,2232,967178,1732200
2545,85,97,30505,2220,967275,2102800
2546,114,127,30391,2207,967402,1996700
2547,110,96,30281,2221,967498,2108500
2548,87,130,30194,2178,967628,1899300
2549,104,103,30090,2179,967731,1996200
2550,93,103,29997,2169,967834,1950700
2551,113,122,29884,2160,967956,2000700
2552,101,89,29783,2172,968045,1781300
2553,98,92,29685,2178,968137,2229100
2554,85,114,29600,2149,968251,1943000
2555,101,101,29499,2149,968352,1811100
2556,107,100,29392,2156,968452,1757700
2557,86,104,29306,2138,968556,1989900
2558,108,100,29198,2146,968656,1743900
2559,94,131,29104,2109,968787,1678600
2560,92,108,29012,2093,968895,1722200
2561,91,121,28921,2063,969016,1774300
2562,90,113,28831,2040,969129,1721500
2563,82,123,28749,1999,969252,1672500
2564,96,115,28653,1980,969367,1705700
2565,89,106,28564,1963,969473,1972100
2566,92,88,28472,1967,969561,2052300
2567,102,96,28370,1973,969657,1807400
2568,103,109,28267,1967,969766,1844100
2569,85,99,28182,1953,969865,1701200
2570,89,98,28093,1944,969963,1716100
2571,92,82,28001,1954,970045,2146700
2572,95,107,27906,1942,970152,1860000
2573,101,92,27805,1951,970244,1997500
2574,102,98,27703,1955,970342,2183400
2575,95,87,27608,1963,970429,2207000
2576,78,113,27530,1928,970542,1708600
2577,90,111,27440,1907,970653,2135600
2578,98,98,27342,1907,970751,1870300
2579,98,94,27244,1911,970845,1953000
2580,94,108,27150,1897,970953,1710400
2581,85,91,27065,1891,971044,2091900
2582,89,95,26976,1885,971139,2247600
2583,95,89,26881,1891,971228,1811000
2584,109,89,26772,1911,971317,1641800
2585,84,89,26688,1906,971406,2056300
2586,83,106,26605,1883,971512,2255400
2587,94,90,26511,1887,971602,1916800
2588,94,107,26417,1874,971709,2037700
2589,102,109,26315,1867,971818,1749800
2590,93,90,26222,1870,971908,1851200
2591,105,102,26117,1873,972010,1675500
2592,85,95,26032,1863,972105,1982500
2593,97,95,25935,1865,972200,1745000
2594,96,81,25839,1880,972281,2006100
2595,94,96,25745,1878,972377,1803200
2596,75,106,25670,1847,972483,2282000
2597,86,100,25584,1833,972583,2091800
2598,81,102,25503,1812,972685,1781500
2599,86,90,25417,1808,972775,2232900
2600,74,79,25343,1803,972854,2151200
2601,81,114,25262,1770,972968,1976900
2602,78,84,25184,1764,973052,1684900
2603,75,81,25109,1758,973133,1706000
2604,78,89,25031,1747,973222,1710300
2605,81,99,24950,1729,973321,1701400
2606,78,89,24872,1718,973410,1710300
2607,80,90,24792,1708,973500,1839800
2608,74,93,24718,1689,973593,2041200
2609,64,84,24654,1669,973677,2016400
2610,82,70,24572,1681,973747,1806800
2611,86,78,24486,1689,973825,2053700
2612,80,83,24406,1686,973908,1719000
2613,75,82,24331,1679,973990,1916100
2614,83,65,24248,1697,974055,1635500
2615,62,94,24186,1665,974149,1796200
2616,90,89,24096,1666,974238,1981500
2617,72,66,24024,1672,974304,2231800
2618,74,76,23950,1670,974380,2217600
2619,76,68,23874,1678,974448,1847000
2620,73,73,23801,1678,974521,2099200
2621,66,88,23735,1656,974609,2079500
2622,70,79,23665,1647,974688,1884000
2623,80,81,23585,1646,974769,1769000
2624,80,86,23505,1640,974855,1661000
2625,78,80,23427,1638,974935,1681800
2626,77,78,23350,1637,975013,1663700
2627,75,85,23275,1627,975098,2180300
2628,75,82,23200,1620,975180,1878800
2629,53,80,23147,1593,975260,2529800
2630,64,83,23083,1574,975343,1799300
2631,70,82,23013,1562,975425,1906700
2632,59,80,22954,1541,975505,1834200
2633,69,75,22885,1535,975580,1950800
2634,60,71,22825,1524,975651,1646100
2635,52,83,22773,1493,975734,2005100
2636,62,81,22711,1474,975815,1812400
2637,60,78,22651,1456,975893,1832500
2638,59,84,22592,1431,975977,1883100
2639,72,69,22520,1434,976046,1743500
2640,73,68,22447,1439,976114,2110500
2641,74,75,22373,1438,976189,2079100
2642,68,72,22305,1434,976261,1700900
2643,58,68,22247,1424,976329,2180200
2644,56,83,22191,1397,976412,2138000
2645,60,52,22131,1405,976464,1850900
2646,54,69,22077,1390,976533,2192900
2647,52,71,22025,1371,976604,2026200
2648,42,56,21983,1357,976660,1943600
2649,52,73,21931,1336,976733,1802300
2650,64,56,21867,1344,976789,2062600
2651,52,67,21815,1329,976856,1917400
2652,54,76,21761,1307,976932,1908600
2653,60,64,21701,1303,976996,2209000
2654,65,78,21636,1290,977074,1935800
2655,50,71,21586,1269,977145,1858200
2656,65,65,21521,1269,977210,2085000
2657,55,69,21466,1255,977279,1768600
2658,50,66,21416,1239,977345,2243300
2659,45,78,21371,1206,977423,1886900
2660,48,49,21323,1205,977472,2123400
2661,57,66,21266,1196,977538,2115900
2662,43,65,21223,1174,977603,2022600
2663,49,63,21174,1160,977666,2012500
2664,52,48,21122,1164,977714,1720000
2665,47,58,21075,1153,977772,1862300
2666,46,63,21029,1136,977835,1983200
2667,54,66,20975,1124,977901,2080900
2668,55,66,20920,1113,977967,1872100
2669,52,47,20868,1118,978014,1853600
2670,51,63,20817,1106,978077,1821100
2671,46,54,20771,1098,978131,1713700
2672,49,68,20722,1079,978199,1777100
2673,40,38,20682,1081,978237,1760500
2674,38,47,20644,1072,978284,1822500
2675,43,58,20601,1057,978342,2020900
2676,39,60,20562,1036,978402,1782500
2677,56,44,20506,1048,978446,1857900
2678,46,47,20460,1047,978493,1680600
2679,53,64,20407,1036,978557,1806100
2680,48,50,20359,1034,978607,1854600
2681,50,47,20309,1037,978654,2062400
2682,51,54,20258,1034,978708,1971800
2683,34,56,20224,1012,978764,2270700
2684,41,41,20183,1012,978805,2143400
2685,36,55,20147,993,978860,2160000
2686,44,61,20103,976,978921,2027100
2687,34,41,20069,969,978962,1718300
2688,56,47,20013,978,979009,2069400
2689,38,48,19975,968,979057,2085200
2690,42,46,19933,964,979103,2023200
2691,44,44,19889,964,979147,2013100
2692,44,42,19845,966,979189,2069900
2693,39,50,19806,955,979239,1843800
2694,39,42,19767,952,979281,1934900
2695,44,50,19723,946,979331,2145100
2696,38,57,19685,927,979388,1681100
2697,52,42,19633,937,979430,2114800
2698,38,56,19595,919,979486,2099900
2699,39,46,19556,912,979532,2156500
2700,45,42,19511,915,979574,1982500
2701,40,47,19471,908,979621,1835600
2702,43,51,19428,900,979672,1698900
2703,57,45,19371,912,979717,2226700
2704,52,52,19319,912,979769,1842800
2705,39,54,19280,897,979823,1766200
2706,43,40,19237,900,979863,1857600
2707,45,51,19192,894,979914,1638800
2708,40,46,19152,888,979960,1644400
2709,26,42,19126,872,980002,2103300
2710,40,42,19086,870,980044,1911700
2711,33,38,19053,865,980082,1765600
2712,45,49,19008,861,980131,1820300
2713,38,47,18970,852,980178,1698400
2714,41,44,18929,849,980222,1702300
2715,33,43,18896,839,980265,2016000
2716,35,47,18861,827,980312,1965700
2717,32,34,18829,825,980346,2164800
2718,42,43,18787,824,980389,2155800
2719,29,49,18758,804,980438,2002000
2720,38,35,18720,807,980473,1895000
2721,35,42,18685,800,980515,2054800
2722,44,39,18641,805,980554,1718500
2723,44,36,18597,813,980590,2166600
2724,43,48,18554,808,980638,2092000
2725,44,41,18510,811,980679,1781500
2726,46,41,18464,816,980720,1654500
2727,43,44,18421,815,980764,1872400
2728,38,39,18383,814,980803,1728400
2729,31,44,18352,801,980847,1691000
2730,24,44,18328,781,980891,1717600
2731,36,34,18292,783,980925,2012400
2732,31,46,18261,768,980971,2089600
2733,34,35,18227,767,981006,1698200
2734,16,37,18211,746,981043,1880400
2735,35,35,18176,746,981078,1660100
2736,38,31,18138,753,981109,1676600
2737,34,34,18104,753,981143,1704500
2738,31,33,18073,751,981176,2015900
2739,38,49,18035,740,981225,1723700
2740,39,25,17996,754,981250,1914600
2741,42,45,17954,751,981295,2125300
2742,41,46,17913,746,981341,2113400
2743,38,31,17875,753,981372,1997700
2744,40,37,17835,756,981409,1848600
2745,41,30,17794,767,981439,2159100
2746,24,38,17770,753,981477,2154500
2747,24,35,17746,742,981512,1737300
2748,27,41,17719,728,981553,1891000
2749,38,46,17681,720,981599,1963400
2750,41,41,17640,720,981640,1813700
2751,25,35,17615,710,981675,1913000
2752,28,35,17587,703,981710,2080400
2753,36,31,17551,708,981741,1956600
2754,32,37,17519,703,981778,1861400
2755,25,35,17494,693,981813,1896900
2756,30,30,17464,693,981843,1840600
2757,30,35,17434,688,981878,1842600
2758,26,36,17408,678,981914,2064600
2759,27,30,17381,675,981944,1771600
2760,33,38,17348,670,981982,1809800
2761,33,37,17315,666,982019,1749700
2762,36,36,17279,666,982055,2111600
2763,18,29,17261,655,982084,1911400
2764,26,45,17235,636,982129,1856300
2765,26,25,17209,637,982154,1795900
2766,16,44,17193,609,982198,1838900
2767,15,27,17178,597,982225,1790800
2768,32,26,17146,603,982251,1737900
2769,28,25,17118,606,982276,1730300
2770,28,31,17090,603,982307,1714100
2771,27,27,17063,603,982334,1693500
2772,26,35,17037,594,982369,2161000
2773,16,22,17021,588,982391,2194800
2774,25,30,16996,583,982421,1778700
2775,18,32,16978,569,982453,1783600
2776,15,33,16963,551,982486,1711700
2777,20,26,16943,545,982512,1702600
2778,16,24,16927,537,982536,1777300
2779,22,28,16905,531,982564,1770200
2780,18,25,16887,524,982589,1941800
2781,10,24,16877,510,982613,2032300
2782,18,18,16859,510,982631,1773900
2783,16,30,16843,496,982661,1629500
2784,20,30,16823,486,982691,1609600
2785,23,33,16800,476,982724,2011500
2786,21,32,16779,465,982756,2240900
2787,15,20,16764,460,982776,2110500
2788,16,21,16748,455,982797,2031700
2789,16,17,16732,454,982814,1682100
2790,21,22,16711,453,982836,1998700
2791,17,17,16694,453,982853,1996000
2792,23,22,16671,454,982875,2157500
2793,13,27,16658,440,982902,1950000
2794,22,21,16636,441,982923,2110400
2795,17,24,16619,434,982947,1871000
2796,23,20,16596,437,982967,1937500
2797,13,24,16583,426,982991,1644300
2798,16,20,16567,422,983011,2204600
2799,21,34,16546,409,983045,1720900
2800,16,27,16530,398,983072,1679400
2801,15,21,16515,392,983093,1934100
2802,20,24,16495,388,983117,1886600
2803,15,19,16480,384,983136,1923200
2804,21,20,16459,385,983156,1919300
2805,18,23,16441,380,983179,1993200
2806,23,18,16418,385,983197,2173100
2807,12,13,16406,384,983210,1648400
2808,21,25,16385,380,983235,1868700
2809,17,18,16368,379,983253,2207700
2810,18,12,16350,385,983265,2157300
2811,29,15,16321,399,983280,1924100
2812,17,23,16304,393,983303,2113200
2813,16,16,16288,393,983319,2117900
2814,14,20,16274,387,983339,1713300
2815,13,14,16261,386,983353,1851200
2816,15,18,16246,383,983371,1846400
2817,19,14,16227,388,983385,1698000
2818,19,22,16208,385,983407,1719100
2819,18,16,16190,387,983423,1632400
2820,18,17,16172,388,983440,1781200
2821,19,15,16153,392,983455,2003600
2822,9,24,16144,377,983479,2133800
2823,26,19,16118,384,983498,2017500
2824,18,21,16100,381,983519,1682200
2825,17,18,16083,380,983537,1843900
2826,18,19,16065,379,983556,1640700
2827,16,16,16049,379,983572,1640000
2828,24,19,16025,384,983591,2302600
2829,8,22,16017,370,983613,1853600
2830,15,14,16002,371,983627,2148600
2831,16,14,15986,373,983641,1932600
2832,21,21,15965,373,983662,1946500
2833,17,24,15948,366,983686,2109100
2834,12,25,15936,353,983711,2038000
2835,9,23,15927,339,983734,2059200
2836,8,19,15919,328,983753,1940800
2837,16,12,15903,332,983765,1786700
2838,10,12,15893,330,983777,1943300
2839,7,10,15886,327,983787,1722100
2840,12,9,15874,330,983796,1652700
2841,12,19,15862,323,983815,1831400
2842,13,21,15849,315,983836,2223400
2843,14,15,15835,314,983851,1993400
2844,11,17,15824,308,983868,1955300
2845,6,10,15818,304,983878,1869000
2846,12,16,15806,300,983894,1953800
2847,7,13,15799,294,983907,2011100
2848,7,10,15792,291,983917,1972800
2849,6,8,15786,289,983925,2136700
2850,8,8,15778,289,983933,2220000
2851,6,21,15772,274,983954,1916800
2852,7,10,15765,271,983964,1686000
2853,7,18,15758,260,983982,1781000
2854,12,8,15746,264,983990,1717400
2855,9,12,15737,261,984002,1982400
2856,10,13,15727,258,984015,1923400
2857,7,10,15720,255,984025,1737400
2858,15,13,15705,257,984038,1782800
2859,7,12,15698,252,984050,1676500
2860,12,12,15686,252,984062,1719900
2861,9,9,15677,252,984071,2044900
2862,8,11,15669,249,984082,1730200
2863,11,11,15658,249,984093,2247000
2864,16,11,15642,254,984104,1999500
2865,9,12,15633,251,984116,2159800
2866,13,14,15620,250,984130,2219300
2867,12,11,15608,251,984141,1952600
2868,7,9,15601,249,984150,1852400
2869,8,15,15593,242,984165,1758100
2870,9,16,15584,235,984181,1790400
2871,10,9,15574,236,984190,1796500
2872,9,8,15565,237,984198,1676300
2873,9,11,15556,235,984209,2178900
2874,6,11,15550,230,984220,2207100
2875,9,18,15541,221,984238,2162000
2876,6,7,15535,220,984245,1936000
2877,11,14,15524,217,984259,1845200
2878,9,11,15515,215,984270,2148900
2879,5,9,15510,211,984279,1852100
2880,13,14,15497,210,984293,1941700
2881,7,14,15490,203,984307,1703700
2882,5,9,15485,199,984316,1832200
2883,5,9,15480,195,984325,2014600
2884,9,7,15471,197,984332,2198500
2885,5,10,15466,192,984342,2225600
2886,2,8,15464,186,984350,1758000
2887,5,8,15459,183,984358,1839200
2888,5,12,15454,176,984370,1933100
2889,5,11,15449,170,984381,1955800
2890,3,4,15446,169,984385,1707700
2891,2,12,15444,159,984397,1875900
2892,5,10,15439,154,984407,1655500
2893,5,3,15434,156,984410,2007900
2894,7,13,15427,150,984423,2124200
2895,4,9,15423,145,984432,1899200
2896,3,6,15420,142,984438,1784200
2897,2,10,15418,134,984448,2085100
2898,3,4,15415,133,984452,2150100
2899,2,4,15413,131,984456,2056000
2900,5,6,15408,130,984462,1885000
2901,2,7,15406,125,984469,2004700
2902,2,5,15404,122,984474,1978300
2903,2,4,15402,120,984478,2035100
2904,1,7,15401,114,984485,2072100
2905,2,2,15399,114,984487,1758800
2906,2,4,15397,112,984491,1809500
2907,2,5,15395,109,984496,1892800
2908,2,10,15393,101,984506,2217500
2909,1,4,15392,98,984510,1856100
2910,0,3,15392,95,984513,2113900
2911,0,6,15392,89,984519,1865300
2912,2,5,15390,86,984524,1741200
2913,1,3,15389,84,984527,2272100
2914,0,6,15389,78,984533,2039400
2915,1,2,15388,77,984535,1728300
2916,1,6,15387,72,984541,1792100
2917,0,4,15387,68,984545,1938200
2918,0,3,15387,65,984548,1773500
2919,1,5,15386,61,984553,1715000
2920,0,1,15386,60,984554,1719100
2921,1,2,15385,59,984556,1962100
2922,0,7,15385,52,984563,1658500
2923,1,2,15384,51,984565,1919400
2924,1,2,15383,50,984567,1842000
2925,0,1,15383,49,984568,1751500
2926,0,1,15383,48,984569,2463500
2927,0,5,15383,43,984574,2064600
2928,0,2,15383,41,984576,2321000
2929,0,0,15383,41,984576,1696200
2930,0,0,15383,41,984576,2178900
2931,0,2,15383,39,984578,2048800
2932,0,1,15383,38,984579,2046500
2933,0,2,15383,36,984581,2201600
2934,0,1,15383,35,984582,1841700
2935,0,0,15383,35,984582,1731300
2936,0,3,15383,32,984585,1709800
2937,0,1,15383,31,984586,1856800
2938,0,1,15383,30,984587,1825900
2939,0,0,15383,30,984587,1835200
2940,0,0,15383,30,984587,1827400
2941,0,3,15383,27,984590,2081500
2942,0,1,15383,26,984591,1723200
2943,0,1,15383,25,984592,2140100
2944,0,0,15383,25,984592,1879400
2945,0,1,15383,24,984593,1843200
2946,0,0,15383,24,984593,1958700
2947,0,2,15383,22,984595,1849800
2948,0,2,15383,20,984597,1860400
2949,0,1,15383,19,984598,2162200
2950,0,0,15383,19,984598,1676100
2951,0,1,15383,18,984599,1722400
2952,0,0,15383,18,984599,1926500
2953,0,1,15383,17,984600,2060000
2954,0,0,15383,17,984600,1941200
2955,0,0,15383,17,984600,2046400
2956,0,1,15383,16,984601,2319800
2957,0,0,15383,16,984601,1850700
2958,0,2,15383,14,984603,1950200
2959,0,0,15383,14,984603,2142200
2960,0,3,15383,11,984606,1995200
2961,0,0,15383,11,984606,1976500
2962,0,1,15383,10,984607,2154600
2963,0,0,15383,10,984607,2115300
2964,0,0,15383,10,984607,1751800
2965,0,0,15383,10,984607,1947200
2966,0,0,15383,10,984607,1790600
2967,0,0,15383,10,984607,1926400
2968,0,1,15383,9,984608,2198700
2969,0,1,15383,8,984609,1997100
2970,0,3,15383,5,984612,1889300
2971,0,0,15383,5,984612,1721600
2972,0,0,15383,5,984612,1688900
2973,0,0,15383,5,984612,1680400
2974,0,1,15383,4,984613,1949700
2975,0,0,15383,4,984613,1792600
2976,0,0,15383,4,984613,2080500
2977,0,0,15383,4,984613,1898600
2978,0,0,15383,4,984613,1951800
2979,0,0,15383,4,984613,2170400
2980,0,0,15383,4,984613,2089900
2981,0,0,15383,4,984613,1644200
2982,0,0,15383,4,984613,1742000
2983,0,0,15383,4,984613,1887000
2984,0,0,15383,4,984613,1967700
2985,0,1,15383,3,984614,2056600
2986,0,0,15383,3,984614,2170500
2987,0,0,15383,3,984614,1979300
2988,0,0,15383,3,984614,2279700
2989,0,0,15383,3,984614,1943700
2990,0,0,15383,3,984614,1996000
2991,0,0,15383,3,984614,1768800
2992,0,0,15383,3,984614,1763400
2993,0,0,15383,3,984614,1934600
2994,0,0,15383,3,984614,1724600
2995,0,0,15383,3,984614,1840000
2996,0,0,15383,3,984614,1680600
2997,0,0,15383,3,984614,2214800
2998,0,0,15383,3,984614,1636600
2999,0,0,15383,3,984614,1960500
3000,0,0,15383,3,984614,1965200
3001,0,0,15383,3,984614,1972000
3002,0,0,15383,3,984614,2046400
3003,0,0,15383,3,984614,2050800
3004,0,0,15383,3,984614,1802800
3005,0,0,15383,3,984614,1873500
3006,0,0,15383,3,984614,2048100
3007,0,0,15383,3,984614,1790100
3008,0,0,15383,3,984614,1748600
3009,0,0,15383,3,984614,1783800
3010,0,0,15383,3,984614,1744400
3011,0,0,15383,3,984614,1785800
3012,0,0,15383,3,984614,1741800
3013,0,0,15383,3,984614,2051400
3014,0,0,15383,3,984614,1747100
3015,0,0,15383,3,984614,1961800
3016,0,0,15383,3,984614,1666900
3017,0,0,15383,3,984614,1748900
3018,0,2,15383,1,984616,2071700
3019,0,0,15383,1,984616,1952000
3020,0,0,15383,1,984616,1762700
3021,0,1,15383,0,984617,1680800
