Tick,NewlyInfected,NewlyRecovered,TotalSusceptible,TotalInfected,TotalRecovered,StepTimeNanos
0,4,0,999991,9,0,2503200
1,6,0,999985,15,0,1962600
2,4,0,999981,19,0,1838000
3,5,2,999976,22,2,1779700
4,4,1,999972,25,3,1787500
5,5,1,999967,29,4,1714300
6,6,2,999961,33,6,1924500
7,5,3,999956,35,9,1743000
8,6,1,999950,40,10,1763800
9,7,2,999943,45,12,1835200
10,6,4,999937,47,16,1724100
11,10,3,999927,54,19,1751100
12,2,2,999925,54,21,1836100
13,7,4,999918,57,25,1910600
14,8,2,999910,63,27,1732000
15,7,2,999903,68,29,1733400
16,14,7,999889,75,36,1724300
17,12,3,999877,84,39,1900900
18,9,4,999868,89,43,1787900
19,11,6,999857,94,49,1658400
20,12,3,999845,103,52,1755200
21,14,10,999831,107,62,1716900
22,12,2,999819,117,64,1684100
23,11,5,999808,123,69,1789600
24,12,5,999796,130,74,1790400
25,10,8,999786,132,82,1717300
26,15,9,999771,138,91,1738100
27,12,9,999759,141,100,1749000
28,14,6,999745,149,106,1756400
29,18,7,999727,160,113,1770700
30,15,5,999712,170,118,1710600
31,14,3,999698,181,121,2156800
32,16,9,999682,188,130,1963500
33,23,6,999659,205,136,1796000
34,16,7,999643,214,143,1786600
35,17,12,999626,219,155,1734800
36,23,12,999603,230,167,2319300
37,18,8,999585,240,175,1742400
38,19,13,999566,246,188,1875700
39,22,15,999544,253,203,1766600
40,16,12,999528,257,215,1712200
41,21,8,999507,270,223,2088000
42,26,16,999481,280,239,1796200
43,19,14,999462,285,253,1755500
44,20,19,999442,286,272,1940000
45,21,10,999421,297,282,1816100
46,14,17,999407,294,299,1889100
47,25,23,999382,296,322,1781100
48,22,17,999360,301,339,1767400
49,26,17,999334,310,356,1773700
50,20,14,999314,316,370,1862500
51,21,14,999293,323,384,1755500
52,28,15,999265,336,399,1965300
53,26,13,999239,349,412,1801600
54,32,17,999207,364,429,1788700
55,29,23,999178,370,452,1775200
56,25,14,999153,381,466,1794400
57,42,19,999111,404,485,1782300
58,33,17,999078,420,502,2085400
59,42,27,999036,435,529,1731800
60,25,18,999011,442,547,2041200
61,26,24,998985,444,571,1756300
62,35,24,998950,455,595,1733700
63,31,15,998919,471,610,1982400
64,34,28,998885,477,638,1775100
65,38,32,998847,483,670,1744000
66,51,24,998796,510,694,1832500
67,38,28,998758,520,722,1752900
68,35,28,998723,527,750,1837800
69,39,29,998684,537,779,2042200
70,40,24,998644,553,803,1809200
71,45,31,998599,567,834,2130200
72,43,22,998556,588,856,1770000
73,40,17,998516,611,873,1773100
74,48,28,998468,631,901,1889400
75,51,36,998417,646,937,1783500
76,47,31,998370,662,968,1850600
77,50,24,998320,688,992,1869200
78,54,42,998266,700,1034,1788600
79,47,39,998219,708,1073,1844500
80,42,50,998177,700,1123,1790100
81,58,30,998119,728,1153,1777400
82,59,48,998060,739,1201,1799400
83,55,34,998005,760,1235,1829300
84,49,36,997956,773,1271,1771400
85,56,48,997900,781,1319,2738500
86,49,37,997851,793,1356,2390100
87,58,41,997793,810,1397,1961200
88,55,38,997738,827,1435,1831900
89,56,50,997682,833,1485,1795700
90,56,39,997626,850,1524,1799700
91,69,43,997557,876,1567,1785400
92,57,37,997500,896,1604,1920100
93,62,40,997438,918,1644,1985400
94,85,44,997353,959,1688,1776600
95,71,52,997282,978,1740,1979400
96,68,38,997214,1008,1778,1822500
97,63,54,997151,1017,1832,1797700
98,62,45,997089,1034,1877,2024400
99,49,55,997040,1028,1932,1778100
100,62,56,996978,1034,1988,1975000
101,65,52,996913,1047,2040,1827700
102,65,59,996848,1053,2099,1966200
103,83,50,996765,1086,2149,1863900
104,81,57,996684,1110,2206,1766600
105,67,58,996617,1119,2264,1762400
106,81,61,996536,1139,2325,1754800
107,92,41,996444,1190,2366,1788500
108,78,50,996366,1218,2416,1781600
109,74,58,996292,1234,2474,1795600
110,70,71,996222,1233,2545,1857000
111,78,59,996144,1252,2604,1985100
112,86,65,996058,1273,2669,1906200
113,87,59,995971,1301,2728,1939900
114,73,64,995898,1310,2792,1779700
115,87,52,995811,1345,2844,1715600
116,87,50,995724,1382,2894,1954500
117,90,58,995634,1414,2952,2017000
118,97,63,995537,1448,3015,1748000
119,87,72,995450,1463,3087,1756100
120,89,57,995361,1495,3144,1785000
121,80,69,995281,1506,3213,1871000
122,93,66,995188,1533,3279,1767800
123,89,78,995099,1544,3357,1772500
124,102,91,994997,1555,3448,1695300
125,89,81,994908,1563,3529,1790000
126,111,67,994797,1607,3596,1831200
127,114,68,994683,1653,3664,1798200
128,104,90,994579,1667,3754,1855600
129,100,83,994479,1684,3837,1745900
130,98,77,994381,1705,3914,1749200
131,114,79,994267,1740,3993,1768600
132,110,100,994157,1750,4093,1918900
133,115,72,994042,1793,4165,1921600
134,107,92,993935,1808,4257,1784000
135,101,85,993834,1824,4342,1681700
136,108,89,993726,1843,4431,1858300
137,99,81,993627,1861,4512,1784100
138,115,102,993512,1874,4614,1771000
139,106,95,993406,1885,4709,1798200
140,106,103,993300,1888,4812,1739600
141,117,82,993183,1923,4894,1980300
142,91,100,993092,1914,4994,1929000
143,113,93,992979,1934,5087,1785700
144,95,80,992884,1949,5167,1794400
145,124,103,992760,1970,5270,1838100
146,112,111,992648,1971,5381,1755700
147,113,95,992535,1989,5476,1936300
148,119,97,992416,2011,5573,1759700
149,123,91,992293,2043,5664,1799100
150,126,118,992167,2051,5782,1921400
151,119,82,992048,2088,5864,1791600
152,104,105,991944,2087,5969,1773700
153,106,88,991838,2105,6057,1837700
154,122,110,991716,2117,6167,1742500
155,117,118,991599,2116,6285,1752200
156,93,87,991506,2122,6372,1821500
157,116,101,991390,2137,6473,1760500
158,109,114,991281,2132,6587,1767000
159,121,110,991160,2143,6697,1781000
160,107,100,991053,2150,6797,1922800
161,132,102,990921,2180,6899,2047100
162,120,99,990801,2201,6998,1779000
163,110,105,990691,2206,7103,1919100
164,115,120,990576,2201,7223,1880600
165,124,124,990452,2201,7347,1773300
166,129,119,990323,2211,7466,1781900
167,112,100,990211,2223,7566,2104300
168,129,105,990082,2247,7671,1773300
169,128,102,989954,2273,7773,1759300
170,134,118,989820,2289,7891,1775000
171,117,110,989703,2296,8001,1756900
172,135,121,989568,2310,8122,1830600
173,153,114,989415,2349,8236,1901900
174,139,120,989276,2368,8356,1866000
175,134,116,989142,2386,8472,2824700
176,138,121,989004,2403,8593,2293400
177,146,116,988858,2433,8709,1916500
178,121,126,988737,2428,8835,1782800
179,123,124,988614,2427,8959,2054200
180,129,113,988485,2443,9072,1830400
181,138,127,988347,2454,9199,1791300
182,115,128,988232,2441,9327,1769800
183,136,136,988096,2441,9463,1810900
184,125,109,987971,2457,9572,1763500
185,120,134,987851,2443,9706,1945700
186,136,99,987715,2480,9805,1819500
187,141,137,987574,2484,9942,2018800
188,134,125,987440,2493,10067,1851000
189,141,127,987299,2507,10194,1803600
190,143,138,987156,2512,10332,1775000
191,149,142,987007,2519,10474,1940500
192,137,133,986870,2523,10607,1780700
193,156,134,986714,2545,10741,1763600
194,133,118,986581,2560,10859,1953000
195,140,130,986441,2570,10989,1821300
196,141,137,986300,2574,11126,1974400
197,136,152,986164,2558,11278,1795400
198,144,136,986020,2566,11414,1813600
199,156,125,985864,2597,11539,1834500
200,158,151,985706,2604,11690,1763100
201,169,130,985537,2643,11820,1967700
202,166,137,985371,2672,11957,1857000
203,157,142,985214,2687,12099,1773700
204,149,128,985065,2708,12227,1783300
205,173,152,984892,2729,12379,1826600
206,164,115,984728,2778,12494,1784900
207,175,124,984553,2829,12618,1846300
208,184,140,984369,2873,12758,1842000
209,196,131,984173,2938,12889,1991400
210,185,148,983988,2975,13037,1933200
211,181,162,983807,2994,13199,1823600
212,202,150,983605,3046,13349,1872200
213,146,142,983459,3050,13491,1827000
214,181,162,983278,3069,13653,1826200
215,181,150,983097,3100,13803,1830800
216,191,136,982906,3155,13939,2007400
217,194,139,982712,3210,14078,1877300
218,181,152,982531,3239,14230,2302700
219,186,154,982345,3271,14384,2626100
220,196,174,982149,3293,14558,3483100
221,183,188,981966,3288,14746,1896500
222,185,179,981781,3294,14925,1976900
223,176,175,981605,3295,15100,1821400
224,202,152,981403,3345,15252,1800600
225,167,180,981236,3332,15432,2082000
226,195,182,981041,3345,15614,1800600
227,181,183,980860,3343,15797,1720300
228,195,176,980665,3362,15973,2021800
229,183,175,980482,3370,16148,1777500
230,175,178,980307,3367,16326,1804400
231,186,173,980121,3380,16499,1893300
232,180,187,979941,3373,16686,1804800
233,192,185,979749,3380,16871,1716100
234,186,184,979563,3382,17055,1816000
235,198,168,979365,3412,17223,1759900
236,190,190,979175,3412,17413,1914500
237,183,173,978992,3422,17586,1751700
238,179,184,978813,3417,17770,1932300
239,180,174,978633,3423,17944,2033200
240,174,174,978459,3423,18118,1787300
241,161,154,978298,3430,18272,1772800
242,201,176,978097,3455,18448,1862900
243,191,176,977906,3470,18624,1936400
244,167,173,977739,3464,18797,1865600
245,199,197,977540,3466,18994,1757000
246,172,144,977368,3494,19138,2030800
247,198,154,977170,3538,19292,1999500
248,182,164,976988,3556,19456,1901700
249,204,183,976784,3577,19639,1786200
250,194,186,976590,3585,19825,1877200
251,224,169,976366,3640,19994,1793500
252,193,185,976173,3648,20179,1764900
253,193,193,975980,3648,20372,1865100
254,186,175,975794,3659,20547,1736800
255,212,161,975582,3710,20708,1788400
256,178,203,975404,3685,20911,1844300
257,211,183,975193,3713,21094,1828800
258,215,177,974978,3751,21271,1778000
259,194,168,974784,3777,21439,1812700
260,219,192,974565,3804,21631,1800300
261,214,197,974351,3821,21828,1730200
262,215,194,974136,3842,22022,1815900
263,207,216,973929,3833,22238,1733600
264,229,221,973700,3841,22459,1804500
265,237,185,973463,3893,22644,1823100
266,213,192,973250,3914,22836,1913100
267,233,168,973017,3979,23004,2021900
268,221,190,972796,4010,23194,1791900
269,206,208,972590,4008,23402,1756100
270,222,188,972368,4042,23590,2028000
271,228,222,972140,4048,23812,1844800
272,220,196,971920,4072,24008,1789400
273,222,203,971698,4091,24211,1877900
274,221,185,971477,4127,24396,1780900
275,248,202,971229,4173,24598,1829900
276,243,198,970986,4218,24796,1892300
277,214,204,970772,4228,25000,1824800
278,225,203,970547,4250,25203,1837500
279,213,218,970334,4245,25421,1844400
280,224,196,970110,4273,25617,1893600
281,251,202,969859,4322,25819,2106400
282,236,198,969623,4360,26017,1882300
283,240,205,969383,4395,26222,2053200
284,245,241,969138,4399,26463,2156100
285,231,217,968907,4413,26680,1904000
286,239,201,968668,4451,26881,1876900
287,230,210,968438,4471,27091,1885400
288,251,241,968187,4481,27332,1874000
289,255,227,967932,4509,27559,2024000
290,268,216,967664,4561,27775,1841300
291,267,227,967397,4601,28002,1986400
292,235,217,967162,4619,28219,1866400
293,253,208,966909,4664,28427,2065700
294,258,203,966651,4719,28630,1908200
295,261,239,966390,4741,28869,2041200
296,258,251,966132,4748,29120,1924600
297,273,266,965859,4755,29386,1956400
298,260,226,965599,4789,29612,2429900
299,255,218,965344,4826,29830,2354100
300,264,226,965080,4864,30056,1949300
301,270,265,964810,4869,30321,1802100
302,278,226,964532,4921,30547,2024900
303,271,242,964261,4950,30789,1875200
304,270,253,963991,4967,31042,1841400
305,270,250,963721,4987,31292,1932600
306,263,224,963458,5026,31516,1860500
307,279,250,963179,5055,31766,1860100
308,270,240,962909,5085,32006,2107200
309,272,285,962637,5072,32291,2062400
310,278,249,962359,5101,32540,1858700
311,282,246,962077,5137,32786,1838400
312,280,226,961797,5191,33012,1820800
313,310,264,961487,5237,33276,1956100
314,278,252,961209,5263,33528,1860000
315,272,281,960937,5254,33809,1773300
316,257,257,960680,5254,34066,2036300
317,268,305,960412,5217,34371,1812200
318,274,256,960138,5235,34627,1802100
319,289,245,959849,5279,34872,1843900
320,277,262,959572,5294,35134,1825400
321,273,257,959299,5310,35391,1811200
322,272,272,959027,5310,35663,1844000
323,281,267,958746,5324,35930,1756600
324,271,293,958475,5302,36223,1960900
325,264,229,958211,5337,36452,1806500
326,292,248,957919,5381,36700,1726500
327,286,282,957633,5385,36982,1949200
328,254,259,957379,5380,37241,1778500
329,275,258,957104,5397,37499,1828400
330,271,282,956833,5386,37781,1858400
331,297,275,956536,5408,38056,1814200
332,268,248,956268,5428,38304,1892000
333,267,255,956001,5440,38559,1862900
334,291,269,955710,5462,38828,1914700
335,282,283,955428,5461,39111,1805500
336,264,291,955164,5434,39402,1907300
337,310,285,954854,5459,39687,1897200
338,271,260,954583,5470,39947,1976300
339,264,283,954319,5451,40230,1868600
340,287,276,954032,5462,40506,1868800
341,274,266,953758,5470,40772,1948500
342,292,292,953466,5470,41064,1840200
343,260,273,953206,5457,41337,1834500
344,311,285,952895,5483,41622,2027500
345,302,260,952593,5525,41882,2010500
346,285,266,952308,5544,42148,1779500
347,301,282,952007,5563,42430,2079200
348,314,304,951693,5573,42734,2009400
349,325,258,951368,5640,42992,1822800
350,322,272,951046,5690,43264,1890400
351,309,291,950737,5708,43555,1813300
352,310,297,950427,5721,43852,1835800
353,343,276,950084,5788,44128,1963700
354,321,284,949763,5825,44412,2082700
355,299,293,949464,5831,44705,2074000
356,304,296,949160,5839,45001,1935500
357,332,263,948828,5908,45264,1831400
358,291,304,948537,5895,45568,2126800
359,316,295,948221,5916,45863,1816200
360,324,305,947897,5935,46168,1796600
361,341,317,947556,5959,46485,1818900
362,290,290,947266,5959,46775,1965600
363,326,318,946940,5967,47093,2023500
364,327,289,946613,6005,47382,1908800
365,320,292,946293,6033,47674,1860400
366,315,327,945978,6021,48001,1949000
367,282,293,945696,6010,48294,1856600
368,307,317,945389,6000,48611,1834000
369,296,336,945093,5960,48947,1936200
370,315,314,944778,5961,49261,1862800
371,355,322,944423,5994,49583,2067600
372,310,267,944113,6037,49850,1965400
373,329,288,943784,6078,50138,1893100
374,339,308,943445,6109,50446,1851000
375,329,298,943116,6140,50744,1938300
376,320,292,942796,6168,51036,1841300
377,329,293,942467,6204,51329,2017800
378,352,306,942115,6250,51635,1911700
379,343,324,941772,6269,51959,1908300
380,316,303,941456,6282,52262,1932600
381,312,329,941144,6265,52591,2091900
382,311,289,940833,6287,52880,1875000
383,322,333,940511,6276,53213,2003900
384,356,329,940155,6303,53542,2000300
385,353,288,939802,6368,53830,1964800
386,345,339,939457,6374,54169,1910500
387,328,319,939129,6383,54488,2120600
388,321,330,938808,6374,54818,1948300
389,337,337,938471,6374,55155,1875800
390,352,305,938119,6421,55460,1828400
391,385,292,937734,6514,55752,2038900
392,381,319,937353,6576,56071,1896700
393,367,367,936986,6576,56438,1885300
394,356,304,936630,6628,56742,2263500
395,381,338,936249,6671,57080,1942300
396,349,364,935900,6656,57444,2237600
397,338,335,935562,6659,57779,1952500
398,338,333,935224,6664,58112,1907400
399,398,321,934826,6741,58433,2189300
400,373,315,934453,6799,58748,1896900
401,346,319,934107,6826,59067,2143300
402,339,351,933768,6814,59418,2255300
403,375,358,933393,6831,59776,2268500
404,374,367,933019,6838,60143,3205500
405,405,354,932614,6889,60497,2066600
406,362,332,932252,6919,60829,2210900
407,377,358,931875,6938,61187,2001500
408,380,368,931495,6950,61555,2044600
409,356,335,931139,6971,61890,2003300
410,366,343,930773,6994,62233,1961200
411,383,354,930390,7023,62587,2146000
412,335,348,930055,7010,62935,2101600
413,363,368,929692,7005,63303,2000000
414,356,343,929336,7018,63646,2115500
415,356,343,928980,7031,63989,2013400
416,367,381,928613,7017,64370,2407100
417,370,343,928243,7044,64713,2084500
418,398,374,927845,7068,65087,2156700
419,383,360,927462,7091,65447,1961400
420,361,364,927101,7088,65811,1860500
421,391,356,926710,7123,66167,1864800
422,368,338,926342,7153,66505,2085200
423,358,346,925984,7165,66851,1956900
424,360,392,925624,7133,67243,1884000
425,368,351,925256,7150,67594,1851800
426,370,348,924886,7172,67942,2048900
427,382,350,924504,7204,68292,2063200
428,343,367,924161,7180,68659,1866000
429,351,339,923810,7192,68998,1865400
430,374,337,923436,7229,69335,1987000
431,392,363,923044,7258,69698,1916300
432,383,372,922661,7269,70070,1883900
433,374,358,922287,7285,70428,1937300
434,392,336,921895,7341,70764,1860600
435,410,382,921485,7369,71146,2055800
436,388,358,921097,7399,71504,1937100
437,413,351,920684,7461,71855,2028200
438,408,367,920276,7502,72222,2010300
439,425,361,919851,7566,72583,1898300
440,402,401,919449,7567,72984,1842600
441,409,351,919040,7625,73335,2050200
442,398,390,918642,7633,73725,1892500
443,423,359,918219,7697,74084,2041100
444,404,381,917815,7720,74465,1985200
445,428,383,917387,7765,74848,1946000
446,405,395,916982,7775,75243,2303400
447,397,384,916585,7788,75627,2129500
448,420,394,916165,7814,76021,1868300
449,418,366,915747,7866,76387,2015600
450,421,395,915326,7892,76782,1829600
451,425,402,914901,7915,77184,1810700
452,405,404,914496,7916,77588,1907900
453,426,384,914070,7958,77972,2059500
454,411,388,913659,7981,78360,2147500
455,427,419,913232,7989,78779,1856100
456,396,384,912836,8001,79163,2013800
457,387,395,912449,7993,79558,2226200
458,459,421,911990,8031,79979,1877400
459,421,386,911569,8066,80365,1847500
460,433,453,911136,8046,80818,1962700
461,426,393,910710,8079,81211,1927900
462,454,421,910256,8112,81632,2000800
463,462,387,909794,8187,82019,2131800
464,390,400,909404,8177,82419,2025000
465,438,442,908966,8173,82861,2345500
466,438,391,908528,8220,83252,2284300
467,430,421,908098,8229,83673,2302400
468,418,405,907680,8242,84078,1897300
469,403,382,907277,8263,84460,1865400
470,437,434,906840,8266,84894,2233400
471,427,419,906413,8274,85313,1894000
472,416,380,905997,8310,85693,2051000
473,426,446,905571,8290,86139,1933700
474,435,409,905136,8316,86548,2047100
475,414,413,904722,8317,86961,2039800
476,420,399,904302,8338,87360,1962400
477,414,422,903888,8330,87782,2178600
478,419,395,903469,8354,88177,2217900
479,400,424,903069,8330,88601,1921000
480,426,444,902643,8312,89045,1857200
481,456,351,902187,8417,89396,1952000
482,459,437,901728,8439,89833,1908800
483,425,423,901303,8441,90256,1844600
484,474,409,900829,8506,90665,2003500
485,430,467,900399,8469,91132,1890700
486,416,422,899983,8463,91554,2296300
487,414,411,899569,8466,91965,1941800
488,436,439,899133,8463,92404,2178900
489,397,451,898736,8409,92855,1934000
490,415,414,898321,8410,93269,2091600
491,432,448,897889,8394,93717,2225100
492,458,411,897431,8441,94128,1988500
493,455,402,896976,8494,94530,2383800
494,432,403,896544,8523,94933,2126100
495,435,400,896109,8558,95333,2236000
496,431,409,895678,8580,95742,1870100
497,422,466,895256,8536,96208,2025300
498,449,404,894807,8581,96612,2004900
499,435,455,894372,8561,97067,4373800
500,479,413,893893,8627,97480,2230900
501,441,432,893452,8636,97912,2066000
502,441,431,893011,8646,98343,1864600
503,448,433,892563,8661,98776,1885300
504,444,437,892119,8668,99213,2008600
505,466,437,891653,8697,99650,1879900
506,471,402,891182,8766,100052,1961800
507,433,432,890749,8767,100484,1949800
508,446,487,890303,8726,100971,1899500
509,457,456,889846,8727,101427,2024300
510,426,446,889420,8707,101873,1974400
511,430,434,888990,8703,102307,1913900
512,438,418,888552,8723,102725,2173900
513,468,413,888084,8778,103138,2078300
514,445,438,887639,8785,103576,2081000
515,451,414,887188,8822,103990,2091100
516,428,455,886760,8795,104445,1986100
517,449,403,886311,8841,104848,1970200
518,457,429,885854,8869,105277,1880400
519,443,481,885411,8831,105758,1891700
520,425,425,884986,8831,106183,2001400
521,490,445,884496,8876,106628,1905900
522,474,427,884022,8923,107055,2040000
523,489,452,883533,8960,107507,1886500
524,460,456,883073,8964,107963,1897900
525,478,433,882595,9009,108396,1790400
526,477,419,882118,9067,108815,1906600
527,478,465,881640,9080,109280,1926800
528,465,488,881175,9057,109768,1901100
529,475,448,880700,9084,110216,2009100
530,448,438,880252,9094,110654,1853100
531,441,484,879811,9051,111138,1841300
532,433,433,879378,9051,111571,1919600
533,426,474,878952,9003,112045,2169100
534,459,451,878493,9011,112496,2394900
535,455,462,878038,9004,112958,2060100
536,445,454,877593,8995,113412,1782300
537,426,457,877167,8964,113869,2109500
538,480,428,876687,9016,114297,1911900
539,448,457,876239,9007,114754,1936700
540,460,459,875779,9008,115213,2340300
541,419,432,875360,8995,115645,1874500
542,447,429,874913,9013,116074,1896400
543,444,450,874469,9007,116524,1987300
544,453,427,874016,9033,116951,2071900
545,454,496,873562,8991,117447,2038400
546,450,435,873112,9006,117882,1940700
547,467,438,872645,9035,118320,1865400
548,458,446,872187,9047,118766,1922600
549,461,436,871726,9072,119202,2025200
550,447,469,871279,9050,119671,1793300
551,426,472,870853,9004,120143,1984200
552,450,428,870403,9026,120571,1838500
553,414,450,869989,8990,121021,1947400
554,483,486,869506,8987,121507,1926900
555,464,466,869042,8985,121973,1901600
556,443,438,868599,8990,122411,2080500
557,428,426,868171,8992,122837,2082900
558,480,437,867691,9035,123274,1920500
559,438,460,867253,9013,123734,2210600
560,454,442,866799,9025,124176,1939900
561,482,442,866317,9065,124618,1898400
562,503,452,865814,9116,125070,2020900
563,438,445,865376,9109,125515,1917700
564,430,510,864946,9029,126025,2339100
565,452,476,864494,9005,126501,2008300
566,464,447,864030,9022,126948,1864800
567,447,458,863583,9011,127406,1939700
568,460,410,863123,9061,127816,1910200
569,450,442,862673,9069,128258,1878100
570,470,477,862203,9062,128735,1946100
571,500,465,861703,9097,129200,1959200
572,462,482,861241,9077,129682,1943700
573,489,471,860752,9095,130153,2007500
574,463,439,860289,9119,130592,1987600
575,447,449,859842,9117,131041,1974200
576,468,492,859374,9093,131533,2017300
577,514,445,858860,9162,131978,2012400
578,484,452,858376,9194,132430,2145100
579,481,488,857895,9187,132918,1952200
580,468,447,857427,9208,133365,1914700
581,420,502,857007,9126,133867,1916800
582,489,467,856518,9148,134334,2141100
583,468,460,856050,9156,134794,1959800
584,452,441,855598,9167,135235,2033600
585,489,435,855109,9221,135670,1968700
586,477,467,854632,9231,136137,1905500
587,477,469,854155,9239,136606,2119100
588,493,443,853662,9289,137049,1912800
589,448,457,853214,9280,137506,2319500
590,486,466,852728,9300,137972,2252300
591,453,464,852275,9289,138436,1912100
592,478,491,851797,9276,138927,1875800
593,495,501,851302,9270,139428,1945900
594,474,461,850828,9283,139889,1892600
595,473,477,850355,9279,140366,2330400
596,490,443,849865,9326,140809,1944700
597,518,469,849347,9375,141278,1914100
598,468,447,848879,9396,141725,1952000
599,474,471,848405,9399,142196,2101300
600,488,452,847917,9435,142648,1971700
601,467,453,847450,9449,143101,2021000
602,503,492,846947,9460,143593,2243800
603,495,503,846452,9452,144096,2930700
604,443,502,846009,9393,144598,2062300
605,484,485,845525,9392,145083,1937400
606,484,456,845041,9420,145539,2003200
607,460,474,844581,9406,146013,1915100
608,486,466,844095,9426,146479,1950300
609,452,471,843643,9407,146950,1967900
610,491,445,843152,9453,147395,2041900
611,471,475,842681,9449,147870,2007900
612,440,478,842241,9411,148348,2006500
613,485,487,841756,9409,148835,2280100
614,464,454,841292,9419,149289,2037300
615,459,487,840833,9391,149776,2104100
616,464,499,840369,9356,150275,1885200
617,492,468,839877,9380,150743,1922900
618,476,503,839401,9353,151246,2111300
619,446,476,838955,9323,151722,2389100
620,443,475,838512,9291,152197,1933100
621,468,482,838044,9277,152679,1914000
622,459,460,837585,9276,153139,1999600
623,448,484,837137,9240,153623,2028100
624,461,458,836676,9243,154081,2134800
625,444,462,836232,9225,154543,2143600
626,465,453,835767,9237,154996,1775500
627,473,476,835294,9234,155472,1844500
628,505,459,834789,9280,155931,1943000
629,470,473,834319,9277,156404,1964400
630,450,451,833869,9276,156855,2224000
631,480,464,833389,9292,157319,1966700
632,466,495,832923,9263,157814,1951800
633,466,480,832457,9249,158294,2007400
634,456,457,832001,9248,158751,1901900
635,475,456,831526,9267,159207,2078800
636,472,433,831054,9306,159640,2186600
637,473,474,830581,9305,160114,1902300
638,493,465,830088,9333,160579,1971900
639,469,474,829619,9328,161053,1928700
640,464,458,829155,9334,161511,2118400
641,473,509,828682,9298,162020,1980300
642,478,476,828204,9300,162496,1939700
643,525,459,827679,9366,162955,1873900
644,510,505,827169,9371,163460,1930400
645,497,460,826672,9408,163920,1929700
646,475,445,826197,9438,164365,1792800
647,493,536,825704,9395,164901,2106100
648,473,481,825231,9387,165382,2103400
649,487,415,824744,9459,165797,1891900
650,498,497,824246,9460,166294,2011500
651,491,490,823755,9461,166784,2082900
652,493,472,823262,9482,167256,2009800
653,502,474,822760,9510,167730,1849800
654,525,472,822235,9563,168202,1847400
655,486,516,821749,9533,168718,1860300
656,490,447,821259,9576,169165,1882300
657,443,502,820816,9517,169667,1821200
658,515,508,820301,9524,170175,2219200
659,481,503,819820,9502,170678,1939700
660,490,454,819330,9538,171132,1838100
661,506,460,818824,9584,171592,2091900
662,493,452,818331,9625,172044,1941300
663,510,492,817821,9643,172536,1822300
664,516,472,817305,9687,173008,1914800
665,514,486,816791,9715,173494,2045700
666,517,498,816274,9734,173992,2134800
667,469,477,815805,9726,174469,1992900
668,475,496,815330,9705,174965,1877700
669,500,483,814830,9722,175448,1828800
670,466,486,814364,9702,175934,2194000
671,479,478,813885,9703,176412,2064200
672,487,474,813398,9716,176886,2168800
673,455,472,812943,9699,177358,1939400
674,476,511,812467,9664,177869,2134500
675,477,468,811990,9673,178337,1989500
676,507,486,811483,9694,178823,1935600
677,499,503,810984,9690,179326,1911400
678,482,511,810502,9661,179837,1925500
679,494,490,810008,9665,180327,2078200
680,497,517,809511,9645,180844,1891900
681,500,466,809011,9679,181310,1944800
682,454,490,808557,9643,181800,1934300
683,460,461,808097,9642,182261,2035100
684,482,475,807615,9649,182736,2025300
685,489,483,807126,9655,183219,1886800
686,483,469,806643,9669,183688,1992900
687,496,480,806147,9685,184168,1926500
688,484,511,805663,9658,184679,1863900
689,474,522,805189,9610,185201,1985000
690,507,466,804682,9651,185667,1933700
691,469,469,804213,9651,186136,1908700
692,481,457,803732,9675,186593,1959800
693,471,497,803261,9649,187090,1917800
694,499,475,802762,9673,187565,1898300
695,480,473,802282,9680,188038,2210500
696,490,456,801792,9714,188494,1957600
697,493,479,801299,9728,188973,1978100
698,494,490,800805,9732,189463,1931700
699,437,496,800368,9673,189959,1914500
700,486,514,799882,9645,190473,1991200
701,477,473,799405,9649,190946,2782800
702,510,494,798895,9665,191440,2618500
703,483,509,798412,9639,191949,2084300
704,502,502,797910,9639,192451,1966600
705,456,497,797454,9598,192948,2089400
706,427,455,797027,9570,193403,2020600
707,498,468,796529,9600,193871,2012200
708,508,447,796021,9661,194318,2025600
709,469,488,795552,9642,194806,1905700
710,507,467,795045,9682,195273,1944700
711,469,455,794576,9696,195728,1985900
712,475,481,794101,9690,196209,1912300
713,456,490,793645,9656,196699,2110700
714,487,492,793158,9651,197191,2010100
715,470,490,792688,9631,197681,2134700
716,501,472,792187,9660,198153,2013600
717,483,469,791704,9674,198622,1930000
718,475,483,791229,9666,199105,2032600
719,456,461,790773,9661,199566,2121600
720,494,480,790279,9675,200046,1885500
721,517,484,789762,9708,200530,1870600
722,539,489,789223,9758,201019,1909400
723,470,469,788753,9759,201488,1864200
724,475,498,788278,9736,201986,1819300
725,510,499,787768,9747,202485,1938800
726,494,463,787274,9778,202948,1817300
727,526,526,786748,9778,203474,1951100
728,487,516,786261,9749,203990,1957600
729,492,479,785769,9762,204469,2365200
730,492,467,785277,9787,204936,1978800
731,492,482,784785,9797,205418,1937900
732,510,493,784275,9814,205911,2046300
733,541,494,783734,9861,206405,1973600
734,551,509,783183,9903,206914,1895700
735,481,486,782702,9898,207400,2132000
736,483,489,782219,9892,207889,1910000
737,531,486,781688,9937,208375,1848700
738,500,494,781188,9943,208869,1780800
739,542,501,780646,9984,209370,1931700
740,513,442,780133,10055,209812,2121100
741,504,507,779629,10052,210319,2041200
742,536,521,779093,10067,210840,2099300
743,511,461,778582,10117,211301,2017500
744,521,484,778061,10154,211785,2314400
745,545,489,777516,10210,212274,1965800
746,462,532,777054,10140,212806,1803200
747,524,512,776530,10152,213318,1928800
748,547,542,775983,10157,213860,2205100
749,537,457,775446,10237,214317,2118300
750,540,526,774906,10251,214843,1921600
751,569,518,774337,10302,215361,1839200
752,549,515,773788,10336,215876,1912800
753,511,487,773277,10360,216363,1907800
754,507,542,772770,10325,216905,1890500
755,506,507,772264,10324,217412,1944300
756,493,501,771771,10316,217913,1850600
757,538,529,771233,10325,218442,1864800
758,516,542,770717,10299,218984,1929100
759,555,546,770162,10308,219530,1892500
760,514,467,769648,10355,219997,1812400
761,501,528,769147,10328,220525,2030300
762,539,487,768608,10380,221012,1892300
763,476,535,768132,10321,221547,1862700
764,508,471,767624,10358,222018,2007100
765,516,515,767108,10359,222533,1878500
766,520,545,766588,10334,223078,1871400
767,509,549,766079,10294,223627,1956900
768,535,538,765544,10291,224165,1887200
769,506,493,765038,10304,224658,1912300
770,496,507,764542,10293,225165,1926500
771,509,496,764033,10306,225661,1855100
772,561,522,763472,10345,226183,1931700
773,503,503,762969,10345,226686,1987800
774,515,513,762454,10347,227199,1887400
775,508,526,761946,10329,227725,1893200
776,478,537,761468,10270,228262,1964400
777,505,504,760963,10271,228766,1958600
778,504,485,760459,10290,229251,2133800
779,515,514,759944,10291,229765,2021300
780,528,549,759416,10270,230314,2110500
781,484,524,758932,10230,230838,2015100
782,488,519,758444,10199,231357,2059300
783,492,540,757952,10151,231897,2178600
784,494,525,757458,10120,232422,1992400
785,494,499,756964,10115,232921,1968300
786,493,502,756471,10106,233423,2156700
787,518,501,755953,10123,233924,2064600
788,474,518,755479,10079,234442,2036300
789,490,485,754989,10084,234927,1980200
790,527,509,754462,10102,235436,1937900
791,526,485,753936,10143,235921,1989200
792,545,502,753391,10186,236423,2062100
793,542,531,752849,10197,236954,1985400
794,512,509,752337,10200,237463,1930400
795,558,495,751779,10263,237958,2066300
796,532,544,751247,10251,238502,2023900
797,563,504,750684,10310,239006,2214400
798,523,466,750161,10367,239472,2060000
799,526,504,749635,10389,239976,2025500
800,524,523,749111,10390,240499,2150100
801,552,546,748559,10396,241045,2083500
802,541,501,748018,10436,241546,2120100
803,493,533,747525,10396,242079,3018900
804,508,529,747017,10375,242608,2520300
805,496,529,746521,10342,243137,2151300
806,526,518,745995,10350,243655,2130600
807,531,547,745464,10334,244202,2069100
808,524,524,744940,10334,244726,1986900
809,505,528,744435,10311,245254,2068100
810,503,529,743932,10285,245783,2134300
811,529,544,743403,10270,246327,1998100
812,540,566,742863,10244,246893,2242700
813,500,536,742363,10208,247429,2035300
814,510,545,741853,10173,247974,2081800
815,525,506,741328,10192,248480,2252800
816,520,488,740808,10224,248968,1924800
817,560,500,740248,10284,249468,1789300
818,550,525,739698,10309,249993,2009600
819,523,502,739175,10330,250495,1830700
820,558,514,738617,10374,251009,1845500
821,531,516,738086,10389,251525,2078700
822,524,490,737562,10423,252015,1930700
823,563,551,736999,10435,252566,2057200
824,547,533,736452,10449,253099,2165000
825,473,520,735979,10402,253619,1931900
826,544,510,735435,10436,254129,2173600
827,512,543,734923,10405,254672,1830200
828,586,512,734337,10479,255184,1779500
829,494,539,733843,10434,255723,2105000
830,557,537,733286,10454,256260,1902900
831,542,522,732744,10474,256782,1892500
832,512,538,732232,10448,257320,1994000
833,547,521,731685,10474,257841,1818600
834,530,524,731155,10480,258365,1890700
835,555,530,730600,10505,258895,1927600
836,556,522,730044,10539,259417,1891800
837,536,544,729508,10531,259961,1888900
838,533,549,728975,10515,260510,2074400
839,537,524,728438,10528,261034,2103100
840,569,500,727869,10597,261534,2080000
841,544,534,727325,10607,262068,2054700
842,564,537,726761,10634,262605,2210400
843,530,512,726231,10652,263117,2320100
844,556,530,725675,10678,263647,2112800
845,577,537,725098,10718,264184,2056900
846,532,510,724566,10740,264694,2107400
847,518,517,724048,10741,265211,2002900
848,598,523,723450,10816,265734,1991700
849,583,557,722867,10842,266291,2120100
850,532,556,722335,10818,266847,2171100
851,500,564,721835,10754,267411,2131700
852,508,541,721327,10721,267952,1997000
853,510,568,720817,10663,268520,1953600
854,540,561,720277,10642,269081,1982200
855,542,525,719735,10659,269606,1940700
856,522,543,719213,10638,270149,2019400
857,529,519,718684,10648,270668,1960600
858,533,541,718151,10640,271209,2198600
859,535,539,717616,10636,271748,2046300
860,566,542,717050,10660,272290,1986400
861,519,534,716531,10645,272824,2135000
862,529,526,716002,10648,273350,1942200
863,548,542,715454,10654,273892,1876100
864,523,537,714931,10640,274429,1833200
865,524,511,714407,10653,274940,1848700
866,525,528,713882,10650,275468,2240000
867,549,530,713333,10669,275998,2239600
868,561,508,712772,10722,276506,2076100
869,543,566,712229,10699,277072,2040600
870,550,533,711679,10716,277605,2086800
871,547,514,711132,10749,278119,1969800
872,527,501,710605,10775,278620,1855400
873,539,544,710066,10770,279164,1978000
874,564,555,709502,10779,279719,1799000
875,537,516,708965,10800,280235,2117900
876,551,527,708414,10824,280762,1867500
877,598,555,707816,10867,281317,1790300
878,546,532,707270,10881,281849,2025300
879,528,520,706742,10889,282369,1892500
880,549,499,706193,10939,282868,1879300
881,542,569,705651,10912,283437,2086600
882,559,577,705092,10894,284014,1982200
883,572,526,704520,10940,284540,1968400
884,555,530,703965,10965,285070,2080300
885,520,562,703445,10923,285632,1966100
886,525,544,702920,10904,286176,2042600
887,550,513,702370,10941,286689,1902000
888,537,534,701833,10944,287223,1902500
889,532,571,701301,10905,287794,1885000
890,538,501,700763,10942,288295,1881300
891,531,536,700232,10937,288831,2102900
892,566,589,699666,10914,289420,2006600
893,551,519,699115,10946,289939,2040900
894,562,540,698553,10968,290479,1931000
895,558,571,697995,10955,291050,2038900
896,584,536,697411,11003,291586,1997900
897,532,569,696879,10966,292155,1986200
898,546,517,696333,10995,292672,2029300
899,547,565,695786,10977,293237,2115400
900,534,576,695252,10935,293813,2095000
901,553,568,694699,10920,294381,2098700
902,522,576,694177,10866,294957,2032000
903,555,560,693622,10861,295517,2052700
904,533,581,693089,10813,296098,2038200
905,476,550,692613,10739,296648,2082300
906,516,536,692097,10719,297184,2141900
907,525,524,691572,10720,297708,2044900
908,589,516,690983,10793,298224,2232600
909,504,546,690479,10751,298770,1980100
910,562,538,689917,10775,299308,2323200
911,522,566,689395,10731,299874,2022900
912,555,564,688840,10722,300438,2079000
913,569,509,688271,10782,300947,2078400
914,525,550,687746,10757,301497,2065300
915,522,507,687224,10772,302004,2032500
916,554,494,686670,10832,302498,1922400
917,553,517,686117,10868,303015,1895500
918,527,530,685590,10865,303545,1975300
919,559,521,685031,10903,304066,2034100
920,562,573,684469,10892,304639,1939700
921,533,572,683936,10853,305211,1909700
922,548,570,683388,10831,305781,2342200
923,573,529,682815,10875,306310,2015300
924,569,544,682246,10900,306854,2260600
925,543,561,681703,10882,307415,2041500
926,519,540,681184,10861,307955,2309200
927,534,546,680650,10849,308501,2046600
928,538,573,680112,10814,309074,1972300
929,553,533,679559,10834,309607,1989600
930,562,543,678997,10853,310150,2053300
931,505,528,678492,10830,310678,1914200
932,562,547,677930,10845,311225,1896800
933,538,559,677392,10824,311784,2033800
934,492,571,676900,10745,312355,1957300
935,540,560,676360,10725,312915,1959300
936,535,538,675825,10722,313453,2174100
937,522,561,675303,10683,314014,2027300
938,496,544,674807,10635,314558,2038300
939,518,510,674289,10643,315068,2101500
940,532,498,673757,10677,315566,1970300
941,551,549,673206,10679,316115,2082000
942,548,559,672658,10668,316674,1946800
943,539,536,672119,10671,317210,2119300
944,501,569,671618,10603,317779,2392600
945,534,535,671084,10602,318314,2644800
946,508,490,670576,10620,318804,2156400
947,546,487,670030,10679,319291,2015200
948,560,528,669470,10711,319819,2171100
949,533,527,668937,10717,320346,2002300
950,550,568,668387,10699,320914,2174700
951,529,554,667858,10674,321468,2330600
952,554,535,667304,10693,322003,2098400
953,522,539,666782,10676,322542,2067900
954,499,549,666283,10626,323091,2077500
955,528,497,665755,10657,323588,2019200
956,530,513,665225,10674,324101,2107700
957,552,546,664673,10680,324647,2042500
958,527,526,664146,10681,325173,2038400
959,546,513,663600,10714,325686,2083700
960,533,556,663067,10691,326242,2042400
961,514,558,662553,10647,326800,1931000
962,536,545,662017,10638,327345,2115100
963,537,522,661480,10653,327867,2053800
964,527,559,660953,10621,328426,2077100
965,557,538,660396,10640,328964,2062500
966,533,551,659863,10622,329515,2147300
967,529,486,659334,10665,330001,2054900
968,526,513,658808,10678,330514,1963100
969,550,515,658258,10713,331029,1939300
970,541,541,657717,10713,331570,2034000
971,549,542,657168,10720,332112,1975300
972,570,526,656598,10764,332638,2355200
973,558,503,656040,10819,333141,1975200
974,544,543,655496,10820,333684,1896700
975,574,535,654922,10859,334219,1968200
976,559,528,654363,10890,334747,1951900
977,589,535,653774,10944,335282,1903600
978,550,554,653224,10940,335836,2040700
979,544,554,652680,10930,336390,1981200
980,498,539,652182,10889,336929,1957200
981,545,567,651637,10867,337496,2144900
982,498,526,651139,10839,338022,2011400
983,507,528,650632,10818,338550,1973500
984,515,564,650117,10769,339114,1981000
985,578,564,649539,10783,339678,2273000
986,558,533,648981,10808,340211,2203200
987,522,512,648459,10818,340723,1908700
988,523,548,647936,10793,341271,1924200
989,515,531,647421,10777,341802,2000700
990,546,570,646875,10753,342372,1918600
991,512,491,646363,10774,342863,1907500
992,551,513,645812,10812,343376,2073300
993,493,551,645319,10754,343927,1972000
994,517,537,644802,10734,344464,1975100
995,535,518,644267,10751,344982,2136400
996,543,517,643724,10777,345499,1995800
997,541,585,643183,10733,346084,2086300
998,551,552,642632,10732,346636,2074300
999,523,530,642109,10725,347166,2009500
1000,535,537,641574,10723,347703,2037200
1001,497,562,641077,10658,348265,1982000
1002,538,550,640539,10646,348815,1915700
1003,544,540,639995,10650,349355,2004200
1004,530,540,639465,10640,349895,1899200
1005,496,515,638969,10621,350410,1904000
1006,522,500,638447,10643,350910,2111600
1007,507,489,637940,10661,351399,1936200
1008,519,492,637421,10688,351891,2176900
1009,518,548,636903,10658,352439,1993000
1010,527,534,636376,10651,352973,2112200
1011,535,504,635841,10682,353477,2004000
1012,476,565,635365,10593,354042,1947500
1013,521,522,634844,10592,354564,1912500
1014,528,526,634316,10594,355090,2059000
1015,524,517,633792,10601,355607,1856600
1016,521,541,633271,10581,356148,1900100
1017,549,532,632722,10598,356680,1979500
1018,494,514,632228,10578,357194,1808900
1019,515,534,631713,10559,357728,1856500
1020,506,552,631207,10513,358280,2026700
1021,515,526,630692,10502,358806,1916200
1022,528,556,630164,10474,359362,2026300
1023,495,555,629669,10414,359917,1981000
1024,540,537,629129,10417,360454,1953800
1025,509,532,628620,10394,360986,2052000
1026,531,523,628089,10402,361509,2062100
1027,551,507,627538,10446,362016,2067800
1028,528,511,627010,10463,362527,2121700
1029,533,527,626477,10469,363054,2078600
1030,516,556,625961,10429,363610,1983000
1031,506,548,625455,10387,364158,1948100
1032,558,511,624897,10434,364669,1930700
1033,544,509,624353,10469,365178,2072600
1034,548,515,623805,10502,365693,1996400
1035,515,551,623290,10466,366244,2025400
1036,498,531,622792,10433,366775,2035400
1037,523,521,622269,10435,367296,1984100
1038,523,517,621746,10441,367813,1961700
1039,495,546,621251,10390,368359,2088700
1040,550,506,620701,10434,368865,2046900
1041,528,521,620173,10441,369386,2210400
1042,514,553,619659,10402,369939,2266100
1043,500,475,619159,10427,370414,1991100
1044,551,546,618608,10432,370960,2091100
1045,540,535,618068,10437,371495,1987800
1046,538,489,617530,10486,371984,2025900
1047,492,498,617038,10480,372482,2011600
1048,498,522,616540,10456,373004,1924800
1049,550,532,615990,10474,373536,2306700
1050,518,517,615472,10475,374053,2058400
1051,545,501,614927,10519,374554,1974800
1052,538,510,614389,10547,375064,1932900
1053,521,548,613868,10520,375612,2333200
1054,521,553,613347,10488,376165,2119400
1055,530,552,612817,10466,376717,2017200
1056,552,529,612265,10489,377246,2065200
1057,514,558,611751,10445,377804,2924000
1058,500,536,611251,10409,378340,3250700
1059,522,485,610729,10446,378825,2111600
1060,528,492,610201,10482,379317,2069400
1061,538,514,609663,10506,379831,2057400
1062,504,524,609159,10486,380355,2308500
1063,589,497,608570,10578,380852,2014300
1064,520,559,608050,10539,381411,2370900
1065,531,522,607519,10548,381933,2112300
1066,539,537,606980,10550,382470,2010800
1067,513,533,606467,10530,383003,2177500
1068,545,531,605922,10544,383534,1988100
1069,528,530,605394,10542,384064,1989200
1070,545,509,604849,10578,384573,1984100
1071,547,532,604302,10593,385105,1969000
1072,506,506,603796,10593,385611,2111000
1073,524,519,603272,10598,386130,1956700
1074,523,521,602749,10600,386651,1877700
1075,499,560,602250,10539,387211,1966500
1076,566,514,601684,10591,387725,1938700
1077,527,515,601157,10603,388240,1916900
1078,536,534,600621,10605,388774,1936400
1079,507,521,600114,10591,389295,1897900
1080,515,565,599599,10541,389860,2159300
1081,540,496,599059,10585,390356,2007700
1082,574,518,598485,10641,390874,1969400
1083,544,499,597941,10686,391373,1840600
1084,546,540,597395,10692,391913,1875700
1085,542,553,596853,10681,392466,1832500
1086,523,518,596330,10686,392984,2361900
1087,519,564,595811,10641,393548,1899200
1088,490,527,595321,10604,394075,1909600
1089,495,519,594826,10580,394594,2004200
1090,513,544,594313,10549,395138,1876200
1091,521,535,593792,10535,395673,1886100
1092,556,520,593236,10571,396193,1986900
1093,487,553,592749,10505,396746,2047500
1094,514,564,592235,10455,397310,1932900
1095,529,505,591706,10479,397815,2189900
1096,524,556,591182,10447,398371,1995900
1097,513,554,590669,10406,398925,1904900
1098,501,522,590168,10385,399447,1855900
1099,514,537,589654,10362,399984,1834800
1100,505,492,589149,10375,400476,2072500
1101,502,510,588647,10367,400986,1888300
1102,494,510,588153,10351,401496,2093200
1103,527,540,587626,10338,402036,2414800
1104,542,530,587084,10350,402566,1858300
1105,517,540,586567,10327,403106,1843000
1106,521,469,586046,10379,403575,1945300
1107,515,511,585531,10383,404086,2262900
1108,564,514,584967,10433,404600,1935800
1109,519,554,584448,10398,405154,1918700
1110,492,546,583956,10344,405700,1906300
1111,527,489,583429,10382,406189,2127100
1112,514,518,582915,10378,406707,1968300
1113,539,536,582376,10381,407243,1945000
1114,560,530,581816,10411,407773,1957600
1115,525,531,581291,10405,408304,2121200
1116,520,565,580771,10360,408869,2193700
1117,500,524,580271,10336,409393,2007700
1118,531,519,579740,10348,409912,1794500
1119,518,525,579222,10341,410437,2070200
1120,538,512,578684,10367,410949,1846800
1121,523,522,578161,10368,411471,2010100
1122,541,539,577620,10370,412010,2225100
1123,545,505,577075,10410,412515,1872000
1124,561,536,576514,10435,413051,1772900
1125,512,535,576002,10412,413586,1985700
1126,533,504,575469,10441,414090,1889500
1127,514,525,574955,10430,414615,1976900
1128,515,525,574440,10420,415140,1975100
1129,532,548,573908,10404,415688,2135000
1130,502,544,573406,10362,416232,2068800
1131,543,524,572863,10381,416756,1903000
1132,541,531,572322,10391,417287,2072200
1133,521,527,571801,10385,417814,1912200
1134,529,512,571272,10402,418326,1811900
1135,558,492,570714,10468,418818,1987000
1136,545,534,570169,10479,419352,1887000
1137,518,544,569651,10453,419896,1945700
1138,552,539,569099,10466,420435,1851000
1139,536,539,568563,10463,420974,1984400
1140,570,534,567993,10499,421508,2004900
1141,512,529,567481,10482,422037,1919600
1142,570,553,566911,10499,422590,2151700
1143,517,545,566394,10471,423135,2007800
1144,537,508,565857,10500,423643,1975300
1145,537,577,565320,10460,424220,2171000
1146,500,530,564820,10430,424750,2310700
1147,521,484,564299,10467,425234,2230000
1148,522,558,563777,10431,425792,1934600
1149,538,474,563239,10495,426266,1879400
1150,495,506,562744,10484,426772,2135300
1151,530,507,562214,10507,427279,1924000
1152,547,528,561667,10526,427807,1901100
1153,518,534,561149,10510,428341,1954400
1154,510,564,560639,10456,428905,1895200
1155,512,523,560127,10445,429428,2236000
1156,547,505,559580,10487,429933,1944400
1157,526,476,559054,10537,430409,1896900
1158,483,565,558571,10455,430974,2134200
1159,503,541,558068,10417,431515,1943600
1160,546,532,557522,10431,432047,1886900
1161,554,502,556968,10483,432549,2030500
1162,516,544,556452,10455,433093,1901000
1163,520,544,555932,10431,433637,1881900
1164,469,499,555463,10401,434136,2091200
1165,533,517,554930,10417,434653,2000900
1166,529,493,554401,10453,435146,1874500
1167,528,521,553873,10460,435667,2162600
1168,516,499,553357,10477,436166,1896000
1169,520,565,552837,10432,436731,1929300
1170,519,567,552318,10384,437298,2023400
1171,520,528,551798,10376,437826,1934900
1172,502,520,551296,10358,438346,2604200
1173,486,510,550810,10334,438856,2980200
1174,538,530,550272,10342,439386,2159000
1175,522,527,549750,10337,439913,2029600
1176,558,489,549192,10406,440402,1948300
1177,488,550,548704,10344,440952,1957000
1178,523,491,548181,10376,441443,1937000
1179,473,517,547708,10332,441960,1859800
1180,497,491,547211,10338,442451,2078100
1181,511,510,546700,10339,442961,1944900
1182,538,506,546162,10371,443467,1952200
1183,493,530,545669,10334,443997,1981900
1184,520,521,545149,10333,444518,1917000
1185,529,479,544620,10383,444997,1983100
1186,491,533,544129,10341,445530,1852900
1187,501,513,543628,10329,446043,1909400
1188,489,585,543139,10233,446628,2121300
1189,513,513,542626,10233,447141,1771700
1190,512,522,542114,10223,447663,2208500
1191,508,526,541606,10205,448189,1973000
1192,548,480,541058,10273,448669,1972100
1193,538,492,540520,10319,449161,1946600
1194,532,527,539988,10324,449688,1843900
1195,484,516,539504,10292,450204,1959900
1196,471,517,539033,10246,450721,1883300
1197,471,475,538562,10242,451196,1826200
1198,500,451,538062,10291,451647,1928000
1199,532,531,537530,10292,452178,2060300
1200,496,523,537034,10265,452701,1823500
1201,517,500,536517,10282,453201,1837900
1202,544,500,535973,10326,453701,1978700
1203,489,516,535484,10299,454217,1754700
1204,524,510,534960,10313,454727,1808500
1205,497,543,534463,10267,455270,1864600
1206,530,563,533933,10234,455833,1932100
1207,537,463,533396,10308,456296,1837200
1208,540,517,532856,10331,456813,1837200
1209,523,478,532333,10376,457291,1868800
1210,496,526,531837,10346,457817,1921500
1211,530,526,531307,10350,458343,1973700
1212,556,537,530751,10369,458880,1898500
1213,491,515,530260,10345,459395,2081000
1214,553,507,529707,10391,459902,2323800
1215,551,510,529156,10432,460412,1872600
1216,574,539,528582,10467,460951,1801100
1217,594,530,527988,10531,461481,1865900
1218,578,542,527410,10567,462023,2040000
1219,559,540,526851,10586,462563,1973800
1220,614,511,526237,10689,463074,1832900
1221,552,528,525685,10713,463602,1773000
1222,562,522,525123,10753,464124,1868500
1223,587,568,524536,10772,464692,2062300
1224,586,509,523950,10849,465201,2158300
1225,548,499,523402,10898,465700,1951200
1226,565,568,522837,10895,466268,1838400
1227,556,554,522281,10897,466822,1848100
1228,522,578,521759,10841,467400,1846600
1229,533,526,521226,10848,467926,1898100
1230,544,540,520682,10852,468466,1914600
1231,541,552,520141,10841,469018,1817800
1232,579,553,519562,10867,469571,2284900
1233,563,533,518999,10897,470104,1937900
1234,538,562,518461,10873,470666,1843700
1235,528,534,517933,10867,471200,1800600
1236,560,543,517373,10884,471743,1903700
1237,572,499,516801,10957,472242,2098700
1238,529,516,516272,10970,472758,2060500
1239,548,538,515724,10980,473296,1941000
1240,566,537,515158,11009,473833,1887500
1241,550,579,514608,10980,474412,1850500
1242,537,518,514071,10999,474930,1904400
1243,580,552,513491,11027,475482,1860100
1244,515,575,512976,10967,476057,2086100
1245,548,547,512428,10968,476604,1923700
1246,537,542,511891,10963,477146,1865300
1247,558,554,511333,10967,477700,1768400
1248,589,594,510744,10962,478294,1769000
1249,527,542,510217,10947,478836,1841600
1250,547,555,509670,10939,479391,1867300
1251,555,519,509115,10975,479910,1768500
1252,569,534,508546,11010,480444,1793000
1253,620,551,507926,11079,480995,1883300
1254,571,585,507355,11065,481580,1907800
1255,537,520,506818,11082,482100,1835400
1256,543,580,506275,11045,482680,1924000
1257,564,579,505711,11030,483259,1895500
1258,519,561,505192,10988,483820,1830200
1259,535,546,504657,10977,484366,1870400
1260,570,538,504087,11009,484904,1905100
1261,543,521,503544,11031,485425,1904600
1262,566,568,502978,11029,485993,1911000
1263,551,556,502427,11024,486549,1883800
1264,544,562,501883,11006,487111,1930200
1265,525,516,501358,11015,487627,1895000
1266,503,544,500855,10974,488171,1879200
1267,567,556,500288,10985,488727,1998600
1268,496,524,499792,10957,489251,1991400
1269,540,561,499252,10936,489812,2007100
1270,539,530,498713,10945,490342,1936400
1271,538,588,498175,10895,490930,1878000
1272,537,556,497638,10876,491486,1890400
1273,490,515,497148,10851,492001,1880400
1274,560,543,496588,10868,492544,1907300
1275,551,491,496037,10928,493035,1911100
1276,559,543,495478,10944,493578,1876300
1277,485,545,494993,10884,494123,2183700
1278,551,555,494442,10880,494678,2039300
1279,552,561,493890,10871,495239,1940200
1280,497,546,493393,10822,495785,1915300
1281,554,528,492839,10848,496313,1953700
1282,513,489,492326,10872,496802,3203800
1283,569,535,491757,10906,497337,2327100
1284,533,587,491224,10852,497924,2201700
1285,537,522,490687,10867,498446,2155200
1286,565,581,490122,10851,499027,1966100
1287,592,526,489530,10917,499553,1885400
1288,562,580,488968,10899,500133,2039500
1289,569,550,488399,10918,500683,1957600
1290,537,519,487862,10936,501202,1962700
1291,572,511,487290,10997,501713,1912000
1292,532,532,486758,10997,502245,1968000
1293,530,539,486228,10988,502784,2011300
1294,540,549,485688,10979,503333,1901800
1295,531,561,485157,10949,503894,2064700
1296,578,569,484579,10958,504463,2348800
1297,546,579,484033,10925,505042,1963300
1298,580,475,483453,11030,505517,2205700
1299,581,570,482872,11041,506087,1994800
1300,521,592,482351,10970,506679,1895300
1301,528,593,481823,10905,507272,1885500
1302,567,556,481256,10916,507828,1954900
1303,562,562,480694,10916,508390,1919900
1304,560,586,480134,10890,508976,1917700
1305,548,537,479586,10901,509513,1871900
1306,543,567,479043,10877,510080,1904900
1307,500,543,478543,10834,510623,1977800
1308,511,587,478032,10758,511210,1924900
1309,574,533,477458,10799,511743,1885500
1310,577,517,476881,10859,512260,1896500
1311,561,532,476320,10888,512792,1859900
1312,519,559,475801,10848,513351,1867900
1313,526,583,475275,10791,513934,1929100
1314,579,543,474696,10827,514477,1879600
1315,543,547,474153,10823,515024,1889800
1316,566,550,473587,10839,515574,1888800
1317,546,552,473041,10833,516126,1913000
1318,536,562,472505,10807,516688,1943700
1319,579,479,471926,10907,517167,1849300
1320,546,509,471380,10944,517676,1908900
1321,551,535,470829,10960,518211,1931100
1322,560,522,470269,10998,518733,1898300
1323,515,544,469754,10969,519277,2018300
1324,546,526,469208,10989,519803,1848700
1325,586,540,468622,11035,520343,1845300
1326,557,529,468065,11063,520872,1985800
1327,590,562,467475,11091,521434,2259500
1328,562,560,466913,11093,521994,1772800
1329,564,537,466349,11120,522531,2248400
1330,536,556,465813,11100,523087,2103300
1331,556,556,465257,11100,523643,1973400
1332,554,564,464703,11090,524207,1757500
1333,603,528,464100,11165,524735,1839900
1334,590,553,463510,11202,525288,1887000
1335,582,600,462928,11184,525888,1972800
1336,586,532,462342,11238,526420,1900200
1337,570,545,461772,11263,526965,1954500
1338,564,558,461208,11269,527523,1870100
1339,591,533,460617,11327,528056,1915800
1340,563,565,460054,11325,528621,1917000
1341,593,563,459461,11355,529184,1876000
1342,577,610,458884,11322,529794,1859900
1343,574,550,458310,11346,530344,1784600
1344,602,605,457708,11343,530949,1857900
1345,546,561,457162,11328,531510,1868500
1346,545,597,456617,11276,532107,1853400
1347,598,571,456019,11303,532678,1961500
1348,563,552,455456,11314,533230,1975700
1349,602,555,454854,11361,533785,1892800
1350,565,584,454289,11342,534369,1813300
1351,550,543,453739,11349,534912,1869300
1352,554,575,453185,11328,535487,2028300
1353,570,517,452615,11381,536004,2054100
1354,596,553,452019,11424,536557,1918400
1355,556,577,451463,11403,537134,1793600
1356,545,573,450918,11375,537707,1994300
1357,599,538,450319,11436,538245,1801000
1358,545,614,449774,11367,538859,1894600
1359,533,561,449241,11339,539420,1866300
1360,600,557,448641,11382,539977,1806300
1361,566,550,448075,11398,540527,2019700
1362,584,550,447491,11432,541077,1759300
1363,542,565,446949,11409,541642,1766600
1364,600,573,446349,11436,542215,1914700
1365,547,540,445802,11443,542755,1847600
1366,552,553,445250,11442,543308,1921100
1367,552,591,444698,11403,543899,1911800
1368,512,589,444186,11326,544488,1799900
1369,547,559,443639,11314,545047,1884600
1370,559,600,443080,11273,545647,1916600
1371,564,554,442516,11283,546201,1951300
1372,536,580,441980,11239,546781,2021300
1373,529,553,441451,11215,547334,2001700
1374,562,544,440889,11233,547878,2058500
1375,529,583,440360,11179,548461,1780000
1376,532,559,439828,11152,549020,1858000
1377,568,573,439260,11147,549593,1939200
1378,550,546,438710,11151,550139,1891700
1379,567,589,438143,11129,550728,1837700
1380,544,564,437599,11109,551292,1833900
1381,519,584,437080,11044,551876,2151000
1382,547,537,436533,11054,552413,1900700
1383,569,582,435964,11041,552995,1868300
1384,541,543,435423,11039,553538,2102500
1385,568,555,434855,11052,554093,1934000
1386,513,542,434342,11023,554635,1790300
1387,518,533,433824,11008,555168,1778500
1388,548,559,433276,10997,555727,1867000
1389,518,529,432758,10986,556256,2052900
1390,546,548,432212,10984,556804,2337200
1391,558,582,431654,10960,557386,2163500
1392,602,536,431052,11026,557922,2065000
1393,543,519,430509,11050,558441,1902200
1394,546,532,429963,11064,558973,2035300
1395,552,531,429411,11085,559504,1851000
1396,557,567,428854,11075,560071,1887600
1397,581,534,428273,11122,560605,2045300
1398,542,551,427731,11113,561156,2020300
1399,553,572,427178,11094,561728,1988000
1400,541,568,426637,11067,562296,1971600
1401,539,530,426098,11076,562826,1929500
1402,562,569,425536,11069,563395,2017900
1403,524,539,425012,11054,563934,1996200
1404,562,557,424450,11059,564491,2109600
1405,572,550,423878,11081,565041,2127600
1406,522,566,423356,11037,565607,1980200
1407,513,558,422843,10992,566165,2103100
1408,521,565,422322,10948,566730,2065800
1409,532,542,421790,10938,567272,2053200
1410,525,547,421265,10916,567819,2123200
1411,523,517,420742,10922,568336,2051700
1412,543,562,420199,10903,568898,1956700
1413,538,515,419661,10926,569413,1908800
1414,546,516,419115,10956,569929,1947000
1415,516,546,418599,10926,570475,1911000
1416,515,544,418084,10897,571019,1907400
1417,528,588,417556,10837,571607,1908200
1418,505,562,417051,10780,572169,1900400
1419,504,555,416547,10729,572724,2674800
1420,536,522,416011,10743,573246,2499200
1421,496,529,415515,10710,573775,1976800
1422,537,517,414978,10730,574292,2038700
1423,519,510,414459,10739,574802,1941600
1424,495,550,413964,10684,575352,1933800
1425,526,530,413438,10680,575882,1896100
1426,500,516,412938,10664,576398,1930700
1427,571,518,412367,10717,576916,2144100
1428,540,523,411827,10734,577439,2169500
1429,546,603,411281,10677,578042,1975700
1430,559,515,410722,10721,578557,1868200
1431,538,503,410184,10756,579060,1968400
1432,510,574,409674,10692,579634,1959700
1433,493,535,409181,10650,580169,1795800
1434,530,513,408651,10667,580682,1879000
1435,547,502,408104,10712,581184,1886600
1436,544,528,407560,10728,581712,2248000
1437,514,531,407046,10711,582243,1957300
1438,484,544,406562,10651,582787,1891500
1439,485,520,406077,10616,583307,1877300
1440,463,525,405614,10554,583832,2053300
1441,471,494,405143,10531,584326,2004800
1442,511,528,404632,10514,584854,2094400
1443,497,488,404135,10523,585342,1902200
1444,548,529,403587,10542,585871,1907600
1445,538,511,403049,10569,586382,1839900
1446,514,529,402535,10554,586911,2236200
1447,525,531,402010,10548,587442,1888900
1448,546,507,401464,10587,587949,2192900
1449,535,511,400929,10611,588460,2004500
1450,519,495,400410,10635,588955,1851300
1451,513,512,399897,10636,589467,1910400
1452,575,527,399322,10684,589994,1968200
1453,537,549,398785,10672,590543,2065100
1454,547,579,398238,10640,591122,1735500
1455,555,525,397683,10670,591647,2038100
1456,500,554,397183,10616,592201,1900800
1457,524,533,396659,10607,592734,1870600
1458,547,561,396112,10593,593295,2371700
1459,491,526,395621,10558,593821,1968000
1460,517,497,395104,10578,594318,1910700
1461,516,527,394588,10567,594845,2027900
1462,505,543,394083,10529,595388,1895100
1463,493,519,393590,10503,595907,1906200
1464,520,499,393070,10524,596406,2056400
1465,504,504,392566,10524,596910,2348700
1466,563,537,392003,10550,597447,2012500
1467,483,567,391520,10466,598014,1912200
1468,482,507,391038,10441,598521,2022200
1469,540,517,390498,10464,599038,1946200
1470,503,541,389995,10426,599579,2173700
1471,500,528,389495,10398,600107,2103300
1472,477,522,389018,10353,600629,2076300
1473,514,518,388504,10349,601147,2010600
1474,528,486,387976,10391,601633,1870200
1475,503,517,387473,10377,602150,2051800
1476,487,550,386986,10314,602700,1911900
1477,520,516,386466,10318,603216,1938000
1478,489,508,385977,10299,603724,1853400
1479,518,524,385459,10293,604248,1867500
1480,481,517,384978,10257,604765,1995600
1481,491,485,384487,10263,605250,2073500
1482,511,497,383976,10277,605747,1918700
1483,487,457,383489,10307,606204,2005200
1484,493,485,382996,10315,606689,2228200
1485,503,483,382493,10335,607172,1953600
1486,509,519,381984,10325,607691,1816000
1487,514,494,381470,10345,608185,1899500
1488,507,519,380963,10333,608704,1942800
1489,478,530,380485,10281,609234,1867500
1490,484,502,380001,10263,609736,1884500
1491,532,512,379469,10283,610248,2015600
1492,537,511,378932,10309,610759,2437700
1493,573,522,378359,10360,611281,2184600
1494,544,492,377815,10412,611773,1792900
1495,530,511,377285,10431,612284,1781600
1496,533,502,376752,10462,612786,2248200
1497,525,553,376227,10434,613339,2026100
1498,498,496,375729,10436,613835,1914400
1499,525,539,375204,10422,614374,1996100
1500,516,513,374688,10425,614887,2183800
1501,523,510,374165,10438,615397,2115100
1502,522,501,373643,10459,615898,1839900
1503,521,519,373122,10461,616417,2111900
1504,523,497,372599,10487,616914,2059400
1505,505,546,372094,10446,617460,1975900
1506,499,547,371595,10398,618007,2024700
1507,535,509,371060,10424,618516,2249000
1508,474,521,370586,10377,619037,2053700
1509,514,476,370072,10415,619513,2358100
1510,557,587,369515,10385,620100,1879600
1511,521,504,368994,10402,620604,1966900
1512,523,550,368471,10375,621154,2032600
1513,535,505,367936,10405,621659,1962000
1514,524,491,367412,10438,622150,1863600
1515,543,500,366869,10481,622650,1846600
1516,505,507,366364,10479,623157,1861000
1517,508,498,365856,10489,623655,1858000
1518,531,530,365325,10490,624185,1870100
1519,499,533,364826,10456,624718,1823900
1520,546,516,364280,10486,625234,2021700
1521,509,503,363771,10492,625737,1916100
1522,495,491,363276,10496,626228,1842900
1523,529,521,362747,10504,626749,1949600
1524,506,520,362241,10490,627269,1832500
1525,546,501,361695,10535,627770,1840300
1526,514,543,361181,10506,628313,2119000
1527,518,495,360663,10529,628808,1861000
1528,493,515,360170,10507,629323,1916400
1529,507,536,359663,10478,629859,2015700
1530,543,583,359120,10438,630442,1888800
1531,542,548,358578,10432,630990,1889000
1532,485,529,358093,10388,631519,1877500
1533,515,502,357578,10401,632021,1899000
1534,534,525,357044,10410,632546,2560000
1535,523,552,356521,10381,633098,2712100
1536,533,501,355988,10413,633599,2042900
1537,494,555,355494,10352,634154,1939300
1538,531,545,354963,10338,634699,1940100
1539,497,528,354466,10307,635227,1889500
1540,536,538,353930,10305,635765,1908200
1541,510,521,353420,10294,636286,1893000
1542,490,497,352930,10287,636783,1948900
1543,539,522,352391,10304,637305,1989600
1544,511,512,351880,10303,637817,1903800
1545,512,503,351368,10312,638320,2029400
1546,587,533,350781,10366,638853,1879800
1547,517,558,350264,10325,639411,1920500
1548,506,504,349758,10327,639915,1915100
1549,511,517,349247,10321,640432,1760500
1550,488,518,348759,10291,640950,2319000
1551,520,477,348239,10334,641427,2088800
1552,496,498,347743,10332,641925,2088100
1553,462,520,347281,10274,642445,1941800
1554,544,555,346737,10263,643000,1930700
1555,494,509,346243,10248,643509,2005500
1556,504,521,345739,10231,644030,2155500
1557,445,516,345294,10160,644546,1972800
1558,475,505,344819,10130,645051,2108600
1559,472,507,344347,10095,645558,2048300
1560,475,452,343872,10118,646010,2009400
1561,490,509,343382,10099,646519,1880900
1562,485,499,342897,10085,647018,1978200
1563,478,477,342419,10086,647495,1936800
1564,520,496,341899,10110,647991,1937400
1565,493,498,341406,10105,648489,1892900
1566,482,530,340924,10057,649019,1885400
1567,506,518,340418,10045,649537,2151400
1568,547,504,339871,10088,650041,1990500
1569,467,502,339404,10053,650543,1899000
1570,463,487,338941,10029,651030,2136700
1571,506,542,338435,9993,651572,1942800
1572,504,482,337931,10015,652054,1944800
1573,473,517,337458,9971,652571,1936400
1574,525,483,336933,10013,653054,1962100
1575,525,504,336408,10034,653558,1946700
1576,507,518,335901,10023,654076,2027200
1577,471,520,335430,9974,654596,1968500
1578,462,484,334968,9952,655080,2006600
1579,513,517,334455,9948,655597,1925600
1580,460,480,333995,9928,656077,1874000
1581,497,525,333498,9900,656602,1822100
1582,506,488,332992,9918,657090,1889800
1583,491,538,332501,9871,657628,1829400
1584,487,480,332014,9878,658108,1852300
1585,508,478,331506,9908,658586,1904800
1586,476,467,331030,9917,659053,2053700
1587,456,523,330574,9850,659576,1862600
1588,464,451,330110,9863,660027,1862700
1589,458,507,329652,9814,660534,1936200
1590,477,518,329175,9773,661052,1905900
1591,490,486,328685,9777,661538,1902400
1592,515,541,328170,9751,662079,1914900
1593,483,471,327687,9763,662550,1976700
1594,465,494,327222,9734,663044,1917800
1595,505,476,326717,9763,663520,1839400
1596,490,496,326227,9757,664016,1956800
1597,446,466,325781,9737,664482,1803500
1598,534,459,325247,9812,664941,1789400
1599,484,503,324763,9793,665444,1900400
1600,521,513,324242,9801,665957,1833400
1601,533,492,323709,9842,666449,1893100
1602,504,518,323205,9828,666967,1884400
1603,521,508,322684,9841,667475,1906400
1604,501,495,322183,9847,667970,1896500
1605,480,508,321703,9819,668478,1956700
1606,484,481,321219,9822,668959,1932200
1607,498,510,320721,9810,669469,2005600
1608,515,489,320206,9836,669958,2040000
1609,508,494,319698,9850,670452,1961900
1610,495,470,319203,9875,670922,1932100
1611,508,525,318695,9858,671447,1903700
1612,538,461,318157,9935,671908,1980100
1613,473,511,317684,9897,672419,1849000
1614,513,474,317171,9936,672893,1888500
1615,505,502,316666,9939,673395,2218000
1616,489,469,316177,9959,673864,1975600
1617,477,515,315700,9921,674379,1903000
1618,485,474,315215,9932,674853,1962800
1619,456,533,314759,9855,675386,2220900
1620,482,499,314277,9838,675885,1953700
1621,458,472,313819,9824,676357,2038400
1622,448,488,313371,9784,676845,1879300
1623,485,468,312886,9801,677313,1884900
1624,452,502,312434,9751,677815,1908500
1625,477,464,311957,9764,678279,1881100
1626,496,491,311461,9769,678770,1954300
1627,434,512,311027,9691,679282,1900500
1628,471,445,310556,9717,679727,1976200
1629,448,467,310108,9698,680194,1860900
1630,476,497,309632,9677,680691,1965300
1631,487,477,309145,9687,681168,2042400
1632,490,515,308655,9662,681683,1889900
1633,479,492,308176,9649,682175,1968600
1634,485,456,307691,9678,682631,1911500
1635,461,497,307230,9642,683128,1871700
1636,474,430,306756,9686,683558,1947200
1637,516,457,306240,9745,684015,1970800
1638,511,492,305729,9764,684507,2005200
1639,510,467,305219,9807,684974,2188400
1640,485,488,304734,9804,685462,1915100
1641,512,463,304222,9853,685925,1896700
1642,517,482,303705,9888,686407,1921000
1643,501,479,303204,9910,686886,1886000
1644,524,498,302680,9936,687384,1891900
1645,535,450,302145,10021,687834,1975400
1646,536,479,301609,10078,688313,2978700
1647,521,481,301088,10118,688794,2382000
1648,521,495,300567,10144,689289,2042300
1649,553,492,300014,10205,689781,1899300
1650,540,500,299474,10245,690281,1882400
1651,528,492,298946,10281,690773,1883300
1652,577,464,298369,10394,691237,2004800
1653,514,524,297855,10384,691761,2234000
1654,474,476,297381,10382,692237,2138200
1655,500,533,296881,10349,692770,1875800
1656,467,549,296414,10267,693319,1910500
1657,522,537,295892,10252,693856,1927700
1658,445,515,295447,10182,694371,2003800
1659,530,498,294917,10214,694869,1956200
1660,514,472,294403,10256,695341,1915200
1661,515,522,293888,10249,695863,1821400
1662,531,559,293357,10221,696422,2082200
1663,523,492,292834,10252,696914,1902700
1664,481,510,292353,10223,697424,2053700
1665,481,564,291872,10140,697988,2217100
1666,510,513,291362,10137,698501,2135200
1667,466,480,290896,10123,698981,1869300
1668,476,518,290420,10081,699499,1907600
1669,459,509,289961,10031,700008,1866900
1670,494,510,289467,10015,700518,1939500
1671,468,501,288999,9982,701019,2300200
1672,519,514,288480,9987,701533,1933700
1673,523,525,287957,9985,702058,1807000
1674,465,519,287492,9931,702577,2021000
1675,468,479,287024,9920,703056,1959900
1676,452,469,286572,9903,703525,2013500
1677,468,511,286104,9860,704036,2024500
1678,491,476,285613,9875,704512,1787400
1679,488,476,285125,9887,704988,2318000
1680,472,493,284653,9866,705481,1930000
1681,503,461,284150,9908,705942,2025900
1682,483,470,283667,9921,706412,2151900
1683,468,516,283199,9873,706928,1835600
1684,476,506,282723,9843,707434,1843500
1685,476,494,282247,9825,707928,1796700
1686,449,478,281798,9796,708406,1852300
1687,452,502,281346,9746,708908,1880200
1688,455,481,280891,9720,709389,1979900
1689,446,435,280445,9731,709824,1820300
1690,460,480,279985,9711,710304,1782200
1691,475,475,279510,9711,710779,1717900
1692,477,492,279033,9696,711271,1816800
1693,468,500,278565,9664,711771,2186400
1694,487,491,278078,9660,712262,2310600
1695,457,491,277621,9626,712753,1896600
1696,464,519,277157,9571,713272,1835600
1697,437,474,276720,9534,713746,1916100
1698,474,471,276246,9537,714217,1860400
1699,491,470,275755,9558,714687,1947500
1700,472,465,275283,9565,715152,1872800
1701,475,453,274808,9587,715605,2010600
1702,452,446,274356,9593,716051,1936300
1703,473,467,273883,9599,716518,2013000
1704,461,479,273422,9581,716997,1834300
1705,461,478,272961,9564,717475,2000300
1706,471,465,272490,9570,717940,1819100
1707,479,453,272011,9596,718393,1789200
1708,495,472,271516,9619,718865,2225200
1709,476,484,271040,9611,719349,1891200
1710,466,515,270574,9562,719864,1846700
1711,483,459,270091,9586,720323,2232400
1712,475,482,269616,9579,720805,1887400
1713,497,451,269119,9625,721256,2001600
1714,503,465,268616,9663,721721,1917300
1715,483,479,268133,9667,722200,1838800
1716,477,528,267656,9616,722728,1861100
1717,459,484,267197,9591,723212,2392300
1718,487,446,266710,9632,723658,1970600
1719,475,485,266235,9622,724143,1905900
1720,486,498,265749,9610,724641,1928300
1721,454,525,265295,9539,725166,1877500
1722,464,516,264831,9487,725682,1897900
1723,481,444,264350,9524,726126,2097500
1724,427,488,263923,9463,726614,1932200
1725,451,515,263472,9399,727129,2142900
1726,473,452,262999,9420,727581,1895500
1727,490,470,262509,9440,728051,1931500
1728,467,438,262042,9469,728489,1986100
1729,477,499,261565,9447,728988,1863300
1730,469,465,261096,9451,729453,1863500
1731,483,501,260613,9433,729954,1894200
1732,463,451,260150,9445,730405,1849200
1733,478,477,259672,9446,730882,1927800
1734,431,531,259241,9346,731413,1935100
1735,473,490,258768,9329,731903,1855600
1736,463,495,258305,9297,732398,1891600
1737,446,423,257859,9320,732821,2430900
1738,477,456,257382,9341,733277,2700300
1739,445,500,256937,9286,733777,2540700
1740,436,487,256501,9235,734264,1999200
1741,466,452,256035,9249,734716,2221600
1742,443,435,255592,9257,735151,1881300
1743,484,435,255108,9306,735586,1882800
1744,415,472,254693,9249,736058,1892600
1745,468,488,254225,9229,736546,2015700
1746,446,421,253779,9254,736967,2068200
1747,470,508,253309,9216,737475,1941400
1748,438,478,252871,9176,737953,1920500
1749,451,455,252420,9172,738408,1873000
1750,450,461,251970,9161,738869,1926900
1751,425,486,251545,9100,739355,1815800
1752,462,466,251083,9096,739821,1807000
1753,441,412,250642,9125,740233,1981200
1754,443,480,250199,9088,740713,1881000
1755,441,426,249758,9103,741139,2094900
1756,438,438,249320,9103,741577,1873700
1757,423,438,248897,9088,742015,2228900
1758,451,449,248446,9090,742464,2171400
1759,430,442,248016,9078,742906,1825600
1760,446,492,247570,9032,743398,1820800
1761,457,470,247113,9019,743868,2237200
1762,435,472,246678,8982,744340,1836500
1763,457,478,246221,8961,744818,2024600
1764,441,447,245780,8955,745265,1928200
1765,455,437,245325,8973,745702,1856900
1766,428,475,244897,8926,746177,2263700
1767,434,443,244463,8917,746620,1898500
1768,426,471,244037,8872,747091,2065700
1769,465,441,243572,8896,747532,1855800
1770,430,406,243142,8920,747938,1977600
1771,427,458,242715,8889,748396,2061000
1772,405,450,242310,8844,748846,1830000
1773,424,437,241886,8831,749283,1889600
1774,411,429,241475,8813,749712,2109200
1775,395,427,241080,8781,750139,2237400
1776,424,480,240656,8725,750619,1828700
1777,459,436,240197,8748,751055,1871400
1778,416,460,239781,8704,751515,2290000
1779,425,421,239356,8708,751936,2191200
1780,422,456,238934,8674,752392,2101000
1781,433,416,238501,8691,752808,1960600
1782,405,396,238096,8700,753204,1784700
1783,368,440,237728,8628,753644,1774700
1784,411,436,237317,8603,754080,1893600
1785,436,450,236881,8589,754530,2252300
1786,436,407,236445,8618,754937,2136500
1787,400,447,236045,8571,755384,1998000
1788,422,411,235623,8582,755795,1893700
1789,437,451,235186,8568,756246,1941500
1790,425,426,234761,8567,756672,1828300
1791,432,403,234329,8596,757075,1852200
1792,409,430,233920,8575,757505,2304700
1793,441,418,233479,8598,757923,2165200
1794,391,438,233088,8551,758361,1915500
1795,447,420,232641,8578,758781,1913100
1796,424,410,232217,8592,759191,2209900
1797,437,450,231780,8579,759641,2092100
1798,406,429,231374,8556,760070,1874700
1799,421,449,230953,8528,760519,1865700
1800,405,434,230548,8499,760953,1817100
1801,422,448,230126,8473,761401,1809100
1802,413,425,229713,8461,761826,1846400
1803,381,404,229332,8438,762230,2062400
1804,452,414,228880,8476,762644,1886900
1805,426,403,228454,8499,763047,1860700
1806,416,412,228038,8503,763459,1991700
1807,406,438,227632,8471,763897,1864000
1808,438,446,227194,8463,764343,1888100
1809,400,408,226794,8455,764751,1893300
1810,397,451,226397,8401,765202,1862200
1811,400,434,225997,8367,765636,1992000
1812,452,422,225545,8397,766058,1890600
1813,413,419,225132,8391,766477,1846100
1814,458,424,224674,8425,766901,1830500
1815,399,424,224275,8400,767325,1839500
1816,421,425,223854,8396,767750,1789300
1817,404,469,223450,8331,768219,1987300
1818,448,400,223002,8379,768619,1979600
1819,443,359,222559,8463,768978,1931300
1820,413,436,222146,8440,769414,1883300
1821,413,417,221733,8436,769831,2145500
1822,407,429,221326,8414,770260,1910400
1823,431,411,220895,8434,770671,1773700
1824,408,403,220487,8439,771074,2223000
1825,408,411,220079,8436,771485,1860600
1826,431,450,219648,8417,771935,1992600
1827,384,430,219264,8371,772365,1792100
1828,404,434,218860,8341,772799,1838600
1829,367,377,218493,8331,773176,1938700
1830,399,433,218094,8297,773609,1904500
1831,422,380,217672,8339,773989,1984400
1832,411,384,217261,8366,774373,1898000
1833,392,441,216869,8317,774814,1967100
1834,384,432,216485,8269,775246,1831100
1835,395,411,216090,8253,775657,1866700
1836,429,400,215661,8282,776057,1918800
1837,423,405,215238,8300,776462,2081800
1838,414,391,214824,8323,776853,1868300
1839,386,392,214438,8317,777245,2043000
1840,401,405,214037,8313,777650,1937300
1841,403,404,213634,8312,778054,1966900
1842,371,414,213263,8269,778468,1999200
1843,372,413,212891,8228,778881,2329900
1844,407,419,212484,8216,779300,2019200
1845,385,441,212099,8160,779741,1948200
1846,380,393,211719,8147,780134,1897300
1847,397,393,211322,8151,780527,1874200
1848,390,437,210932,8104,780964,1851200
1849,398,415,210534,8087,781379,1846400
1850,410,419,210124,8078,781798,1876500
1851,397,419,209727,8056,782217,1844100
1852,372,372,209355,8056,782589,1857100
1853,407,387,208948,8076,782976,1837700
1854,412,425,208536,8063,783401,1839300
1855,377,421,208159,8019,783822,1862400
1856,375,416,207784,7978,784238,1837600
1857,422,404,207362,7996,784642,1855200
1858,391,426,206971,7961,785068,1861900
1859,383,400,206588,7944,785468,1955900
1860,391,365,206197,7970,785833,1874200
1861,392,409,205805,7953,786242,1878100
1862,421,395,205384,7979,786637,1847200
1863,386,421,204998,7944,787058,1824300
1864,406,382,204592,7968,787440,2026000
1865,413,408,204179,7973,787848,2031600
1866,405,427,203774,7951,788275,1848400
1867,417,374,203357,7994,788649,1946200
1868,364,392,202993,7966,789041,1838300
1869,395,384,202598,7977,789425,1854500
1870,380,385,202218,7972,789810,1878800
1871,409,383,201809,7998,790193,1893400
1872,381,352,201428,8027,790545,1879100
1873,363,377,201065,8013,790922,2201600
1874,382,406,200683,7989,791328,2681500
1875,413,392,200270,8010,791720,2186700
1876,389,378,199881,8021,792098,1961700
1877,418,408,199463,8031,792506,1850600
1878,383,408,199080,8006,792914,1873100
1879,392,422,198688,7976,793336,1877100
1880,384,405,198304,7955,793741,2224800
1881,431,396,197873,7990,794137,2026300
1882,382,452,197491,7920,794589,1935400
1883,389,396,197102,7913,794985,1922600
1884,387,390,196715,7910,795375,1872500
1885,385,388,196330,7907,795763,1871100
1886,395,376,195935,7926,796139,2088500
1887,396,393,195539,7929,796532,2045900
1888,372,393,195167,7908,796925,2211100
1889,375,397,194792,7886,797322,1815600
1890,386,368,194406,7904,797690,2139000
1891,373,407,194033,7870,798097,2061600
1892,382,396,193651,7856,798493,1790200
1893,384,411,193267,7829,798904,2133900
1894,398,416,192869,7811,799320,2069200
1895,378,383,192491,7806,799703,2120800
1896,398,419,192093,7785,800122,1859400
1897,396,398,191697,7783,800520,1831200
1898,384,395,191313,7772,800915,2148900
1899,393,395,190920,7770,801310,2443000
1900,406,347,190514,7829,801657,2238000
1901,379,378,190135,7830,802035,2053900
1902,357,370,189778,7817,802405,2218800
1903,398,376,189380,7839,802781,2253100
1904,378,407,189002,7810,803188,1882900
1905,381,389,188621,7802,803577,2220700
1906,359,395,188262,7766,803972,2171200
1907,389,360,187873,7795,804332,2124600
1908,373,352,187500,7816,804684,1980900
1909,372,390,187128,7798,805074,1960300
1910,354,409,186774,7743,805483,1992600
1911,395,400,186379,7738,805883,1975400
1912,365,377,186014,7726,806260,2267700
1913,414,397,185600,7743,806657,2248600
1914,366,411,185234,7698,807068,2176900
1915,343,383,184891,7658,807451,2073900
1916,388,355,184503,7691,807806,2155600
1917,369,367,184134,7693,808173,2105100
1918,361,336,183773,7718,808509,2152300
1919,371,358,183402,7731,808867,1831400
1920,389,392,183013,7728,809259,2227000
1921,390,398,182623,7720,809657,1828800
1922,363,404,182260,7679,810061,2168200
1923,369,376,181891,7672,810437,2247200
1924,380,377,181511,7675,810814,2053500
1925,380,377,181131,7678,811191,1821100
1926,370,375,180761,7673,811566,1818600
1927,377,385,180384,7665,811951,1810700
1928,359,358,180025,7666,812309,2068800
1929,373,414,179652,7625,812723,2091400
1930,360,364,179292,7621,813087,1757500
1931,358,389,178934,7590,813476,1892300
1932,387,362,178547,7615,813838,1781600
1933,401,383,178146,7633,814221,2050800
1934,356,375,177790,7614,814596,2097600
1935,384,368,177406,7630,814964,1867500
1936,391,353,177015,7668,815317,2337800
1937,362,409,176653,7621,815726,1814000
1938,355,388,176298,7588,816114,2064400
1939,363,382,175935,7569,816496,2054400
1940,335,347,175600,7557,816843,1937800
1941,303,382,175297,7478,817225,1797300
1942,354,385,174943,7447,817610,2335600
1943,336,381,174607,7402,817991,1925900
1944,352,376,174255,7378,818367,1878200
1945,376,397,173879,7357,818764,2055500
1946,352,392,173527,7317,819156,1908700
1947,343,355,173184,7305,819511,2237500
1948,348,385,172836,7268,819896,1986000
1949,318,364,172518,7222,820260,1762000
1950,324,383,172194,7163,820643,1977600
1951,374,358,171820,7179,821001,1861000
1952,327,377,171493,7129,821378,2004600
1953,339,388,171154,7080,821766,2295900
1954,347,358,170807,7069,822124,1788400
1955,341,322,170466,7088,822446,2062300
1956,324,343,170142,7069,822789,2024400
1957,318,354,169824,7033,823143,2201800
1958,359,365,169465,7027,823508,1898300
1959,345,353,169120,7019,823861,1920800
1960,336,372,168784,6983,824233,1858100
1961,396,348,168388,7031,824581,1847200
1962,351,364,168037,7018,824945,1858800
1963,366,356,167671,7028,825301,1812000
1964,354,331,167317,7051,825632,1756400
1965,378,338,166939,7091,825970,1847400
1966,355,340,166584,7106,826310,1817600
1967,361,360,166223,7107,826670,2366100
1968,369,323,165854,7153,826993,1826900
1969,343,362,165511,7134,827355,2147200
1970,345,355,165166,7124,827710,1874600
1971,343,346,164823,7121,828056,2154300
1972,390,333,164433,7178,828389,1881600
1973,384,377,164049,7185,828766,1786600
1974,341,347,163708,7179,829113,1933700
1975,367,355,163341,7191,829468,1939700
1976,313,331,163028,7173,829799,1855100
1977,356,363,162672,7166,830162,1829000
1978,359,335,162313,7190,830497,1835200
1979,368,359,161945,7199,830856,1822700
1980,342,351,161603,7190,831207,2066100
1981,371,356,161232,7205,831563,1873100
1982,328,372,160904,7161,831935,1930700
1983,348,344,160556,7165,832279,1816600
1984,369,396,160187,7138,832675,1866500
1985,332,361,159855,7109,833036,1866200
1986,351,373,159504,7087,833409,2226500
1987,334,351,159170,7070,833760,2240700
1988,354,327,158816,7097,834087,2137300
1989,342,380,158474,7059,834467,1855800
1990,358,360,158116,7057,834827,1870000
1991,335,348,157781,7044,835175,1917400
1992,341,353,157440,7032,835528,2042600
1993,349,339,157091,7042,835867,1872000
1994,336,347,156755,7031,836214,1869900
1995,348,352,156407,7027,836566,1854000
1996,396,357,156011,7066,836923,2158200
1997,391,359,155620,7098,837282,1807500
1998,354,353,155266,7099,837635,2362200
1999,357,362,154909,7094,837997,2255300
2000,369,377,154540,7086,838374,1818200
2001,360,341,154180,7105,838715,1869800
2002,346,362,153834,7089,839077,2209700
2003,337,372,153497,7054,839449,2158100
2004,361,336,153136,7079,839785,2081900
2005,333,354,152803,7058,840139,1812500
2006,400,383,152403,7075,840522,1848200
2007,327,317,152076,7085,840839,2222900
2008,348,350,151728,7083,841189,2041000
2009,352,345,151376,7090,841534,1827300
2010,357,357,151019,7090,841891,1876000
2011,376,403,150643,7063,842294,2169800
2012,366,361,150277,7068,842655,1931600
2013,392,377,149885,7083,843032,1831500
2014,375,327,149510,7131,843359,2550800
2015,362,349,149148,7144,843708,2808200
2016,364,346,148784,7162,844054,2092400
2017,353,355,148431,7160,844409,1950700
2018,368,367,148063,7161,844776,1873200
2019,365,373,147698,7153,845149,1829400
2020,383,345,147315,7191,845494,1842100
2021,388,366,146927,7213,845860,1833500
2022,369,346,146558,7236,846206,2033200
2023,366,335,146192,7267,846541,2129000
2024,366,342,145826,7291,846883,1925300
2025,365,342,145461,7314,847225,1819000
2026,362,388,145099,7288,847613,2241400
2027,344,334,144755,7298,847947,1845600
2028,358,342,144397,7314,848289,2261500
2029,349,361,144048,7302,848650,1838300
2030,385,380,143663,7307,849030,2309400
2031,374,371,143289,7310,849401,1900600
2032,339,356,142950,7293,849757,2017000
2033,360,359,142590,7294,850116,1843700
2034,327,352,142263,7269,850468,1984000
2035,346,363,141917,7252,850831,1907700
2036,367,363,141550,7256,851194,1849200
2037,345,349,141205,7252,851543,2082900
2038,348,343,140857,7257,851886,2238400
2039,345,383,140512,7219,852269,2119300
2040,369,339,140143,7249,852608,1988900
2041,348,381,139795,7216,852989,1775500
2042,342,349,139453,7209,853338,1760100
2043,339,342,139114,7206,853680,2385400
2044,381,366,138733,7221,854046,1829400
2045,336,376,138397,7181,854422,2044500
2046,316,375,138081,7122,854797,1904300
2047,354,347,137727,7129,855144,1826200
2048,339,358,137388,7110,855502,1902800
2049,317,380,137071,7047,855882,1868300
2050,330,333,136741,7044,856215,2109900
2051,339,372,136402,7011,856587,2315000
2052,336,333,136066,7014,856920,2018900
2053,341,338,135725,7017,857258,2232600
2054,352,380,135373,6989,857638,2117700
2055,338,370,135035,6957,858008,1905300
2056,315,332,134720,6940,858340,1963200
2057,359,343,134361,6956,858683,1899800
2058,342,361,134019,6937,859044,1913300
2059,336,341,133683,6932,859385,1835100
2060,315,348,133368,6899,859733,1836200
2061,303,379,133065,6823,860112,2098400
2062,343,333,132722,6833,860445,1854000
2063,302,309,132420,6826,860754,2045400
2064,353,333,132067,6846,861087,1837700
2065,316,327,131751,6835,861414,1985500
2066,324,341,131427,6818,861755,2049700
2067,337,341,131090,6814,862096,2047900
2068,338,329,130752,6823,862425,1873000
2069,321,348,130431,6796,862773,1852100
2070,323,354,130108,6765,863127,2058500
2071,317,322,129791,6760,863449,1816900
2072,336,324,129455,6772,863773,1810000
2073,356,344,129099,6784,864117,1812100
2074,337,313,128762,6808,864430,1843700
2075,327,338,128435,6797,864768,1859200
2076,334,328,128101,6803,865096,1889700
2077,329,301,127772,6831,865397,1997700
2078,315,331,127457,6815,865728,1930800
2079,331,368,127126,6778,866096,1970200
2080,354,357,126772,6775,866453,1891700
2081,310,325,126462,6760,866778,1979900
2082,334,300,126128,6794,867078,1848300
2083,293,357,125835,6730,867435,1974000
2084,327,322,125508,6735,867757,1726700
2085,309,346,125199,6698,868103,1900200
2086,301,348,124898,6651,868451,1986100
2087,291,321,124607,6621,868772,1980700
2088,313,322,124294,6612,869094,2171600
2089,284,364,124010,6532,869458,1963100
2090,303,321,123707,6514,869779,1924100
2091,292,298,123415,6508,870077,1799800
2092,325,330,123090,6503,870407,1826100
2093,309,314,122781,6498,870721,2124300
2094,294,309,122487,6483,871030,2256300
2095,324,311,122163,6496,871341,2148400
2096,319,284,121844,6531,871625,1795000
2097,288,315,121556,6504,871940,1867600
2098,305,284,121251,6525,872224,2222300
2099,286,343,120965,6468,872567,1901700
2100,280,320,120685,6428,872887,1785300
2101,297,304,120388,6421,873191,1853600
2102,305,324,120083,6402,873515,1863000
2103,333,304,119750,6431,873819,1804200
2104,311,340,119439,6402,874159,1734800
2105,309,310,119130,6401,874469,1994000
2106,290,299,118840,6392,874768,1831800
2107,304,329,118536,6367,875097,1946200
2108,296,333,118240,6330,875430,1901000
2109,305,310,117935,6325,875740,2062300
2110,302,333,117633,6294,876073,1837800
2111,313,327,117320,6280,876400,1900200
2112,307,314,117013,6273,876714,1855300
2113,281,312,116732,6242,877026,1856800
2114,299,293,116433,6248,877319,1808300
2115,333,332,116100,6249,877651,1789300
2116,297,334,115803,6212,877985,1819500
2117,307,305,115496,6214,878290,1804500
2118,283,320,115213,6177,878610,2207700
2119,329,311,114884,6195,878921,1918000
2120,290,327,114594,6158,879248,1830900
2121,300,319,114294,6139,879567,1757000
2122,312,321,113982,6130,879888,1758700
2123,321,343,113661,6108,880231,1841900
2124,290,319,113371,6079,880550,1763800
2125,275,306,113096,6048,880856,2066600
2126,310,310,112786,6048,881166,2132200
2127,307,313,112479,6042,881479,1847600
2128,295,299,112184,6038,881778,1864300
2129,309,277,111875,6070,882055,1834500
2130,311,275,111564,6106,882330,1807900
2131,295,298,111269,6103,882628,1835300
2132,277,297,110992,6083,882925,1831100
2133,277,325,110715,6035,883250,1835200
2134,300,306,110415,6029,883556,2043900
2135,286,286,110129,6029,883842,1864700
2136,291,288,109838,6032,884130,1826000
2137,321,296,109517,6057,884426,2056500
2138,306,294,109211,6069,884720,1815700
2139,297,350,108914,6016,885070,1775900
2140,295,284,108619,6027,885354,1833900
2141,269,321,108350,5975,885675,1832300
2142,308,279,108042,6004,885954,1832400
2143,326,307,107716,6023,886261,2125800
2144,306,295,107410,6034,886556,1919900
2145,317,318,107093,6033,886874,2088800
2146,300,297,106793,6036,887171,2061800
2147,316,308,106477,6044,887479,1822400
2148,332,287,106145,6089,887766,2003000
2149,301,302,105844,6088,888068,1857500
2150,300,315,105544,6073,888383,2303600
2151,323,310,105221,6086,888693,1822200
2152,291,304,104930,6073,888997,2205500
2153,318,318,104612,6073,889315,2563000
2154,339,311,104273,6101,889626,2498200
2155,308,264,103965,6145,889890,1928300
2156,288,289,103677,6144,890179,1866900
2157,329,285,103348,6188,890464,1958300
2158,335,299,103013,6224,890763,2125500
2159,339,345,102674,6218,891108,1933100
2160,312,308,102362,6222,891416,1893400
2161,303,312,102059,6213,891728,1998600
2162,306,292,101753,6227,892020,2047100
2163,294,308,101459,6213,892328,1876500
2164,298,309,101161,6202,892637,2019600
2165,309,318,100852,6193,892955,2172200
2166,292,306,100560,6179,893261,1964300
2167,290,288,100270,6181,893549,1969400
2168,250,311,100020,6120,893860,1972800
2169,291,269,99729,6142,894129,2250500
2170,309,282,99420,6169,894411,1894300
2171,273,289,99147,6153,894700,1887500
2172,279,274,98868,6158,894974,1851900
2173,311,303,98557,6166,895277,2041000
2174,268,306,98289,6128,895583,1762200
2175,295,294,97994,6129,895877,2104700
2176,257,310,97737,6076,896187,2099400
2177,298,300,97439,6074,896487,2049700
2178,280,313,97159,6041,896800,1990000
2179,325,312,96834,6054,897112,1831000
2180,307,292,96527,6069,897404,1804900
2181,311,302,96216,6078,897706,1969500
2182,278,320,95938,6036,898026,1866600
2183,272,300,95666,6008,898326,1876800
2184,277,304,95389,5981,898630,1857700
2185,257,290,95132,5948,898920,1884200
2186,302,318,94830,5932,899238,1843400
2187,254,324,94576,5862,899562,2136500
2188,261,305,94315,5818,899867,1791500
2189,254,283,94061,5789,900150,1755000
2190,243,263,93818,5769,900413,1961500
2191,273,292,93545,5750,900705,1884600
2192,265,289,93280,5726,900994,1811500
2193,301,298,92979,5729,901292,1821300
2194,266,287,92713,5708,901579,1772800
2195,297,261,92416,5744,901840,1792300
2196,288,305,92128,5727,902145,1997100
2197,255,281,91873,5701,902426,1928600
2198,254,313,91619,5642,902739,1841300
2199,279,265,91340,5656,903004,1931100
2200,257,287,91083,5626,903291,1875400
2201,287,279,90796,5634,903570,1858400
2202,264,255,90532,5643,903825,1784500
2203,241,274,90291,5610,904099,1962600
2204,259,276,90032,5593,904375,1784100
2205,258,313,89774,5538,904688,2302000
2206,250,263,89524,5525,904951,1790500
2207,224,269,89300,5480,905220,1857400
2208,250,292,89050,5438,905512,2212100
2209,232,274,88818,5396,905786,1793400
2210,259,254,88559,5401,906040,2068300
2211,252,271,88307,5382,906311,2124600
2212,266,251,88041,5397,906562,1854700
2213,258,281,87783,5374,906843,2095200
2214,254,282,87529,5346,907125,2006900
2215,244,247,87285,5343,907372,1772700
2216,222,276,87063,5289,907648,2115500
2217,226,256,86837,5259,907904,1777400
2218,263,281,86574,5241,908185,1798700
2219,228,257,86346,5212,908442,1817400
2220,268,259,86078,5221,908701,1829300
2221,274,244,85804,5251,908945,1774300
2222,242,286,85562,5207,909231,1780300
2223,233,260,85329,5180,909491,1767500
2224,244,254,85085,5170,909745,1749400
2225,232,267,84853,5135,910012,1707400
2226,233,273,84620,5095,910285,1788000
2227,275,259,84345,5111,910544,1742100
2228,240,223,84105,5128,910767,1689900
2229,238,240,83867,5126,911007,1803500
2230,228,275,83639,5079,911282,1887000
2231,230,260,83409,5049,911542,1923500
2232,279,233,83130,5095,911775,1877500
2233,230,239,82900,5086,912014,1854400
2234,234,276,82666,5044,912290,1858000
2235,238,243,82428,5039,912533,1904400
2236,267,252,82161,5054,912785,1890500
2237,264,257,81897,5061,913042,1890400
2238,239,236,81658,5064,913278,1987500
2239,238,260,81420,5042,913538,1944200
2240,255,267,81165,5030,913805,1842100
2241,275,263,80890,5042,914068,1839400
2242,276,235,80614,5083,914303,1828100
2243,236,258,80378,5061,914561,1758700
2244,242,248,80136,5055,914809,1777600
2245,248,248,79888,5055,915057,1876100
2246,228,244,79660,5039,915301,1979100
2247,237,270,79423,5006,915571,2061100
2248,237,267,79186,4976,915838,1865400
2249,264,239,78922,5001,916077,1892600
2250,260,249,78662,5012,916326,1882000
2251,219,263,78443,4968,916589,1822500
2252,260,253,78183,4975,916842,1793400
2253,246,271,77937,4950,917113,1855100
2254,266,271,77671,4945,917384,1705100
2255,243,236,77428,4952,917620,1835000
2256,253,260,77175,4945,917880,1787400
2257,248,219,76927,4974,918099,1840900
2258,227,274,76700,4927,918373,1818800
2259,251,243,76449,4935,918616,1780500
2260,257,225,76192,4967,918841,1797000
2261,244,258,75948,4953,919099,1785900
2262,275,262,75673,4966,919361,1776900
2263,242,255,75431,4953,919616,1793000
2264,238,254,75193,4937,919870,1862700
2265,239,219,74954,4957,920089,1828500
2266,263,239,74691,4981,920328,1785800
2267,233,272,74458,4942,920600,1792600
2268,228,237,74230,4933,920837,1858800
2269,229,261,74001,4901,921098,1813400
2270,223,243,73778,4881,921341,1784400
2271,243,273,73535,4851,921614,1785800
2272,235,202,73300,4884,921816,1776500
2273,212,240,73088,4856,922056,1796200
2274,201,232,72887,4825,922288,1872300
2275,217,232,72670,4810,922520,1762700
2276,223,246,72447,4787,922766,2134900
2277,211,254,72236,4744,923020,1808500
2278,227,230,72009,4741,923250,1875700
2279,207,245,71802,4703,923495,1989500
2280,224,239,71578,4688,923734,1764900
2281,227,226,71351,4689,923960,2064600
2282,217,217,71134,4689,924177,2108700
2283,197,242,70937,4644,924419,1862600
2284,212,210,70725,4646,924629,1749700
2285,236,211,70489,4671,924840,1935600
2286,249,258,70240,4662,925098,2358400
2287,198,254,70042,4606,925352,2064500
2288,222,239,69820,4589,925591,2144400
2289,228,216,69592,4601,925807,1858000
2290,245,240,69347,4606,926047,2243600
2291,239,257,69108,4588,926304,1819500
2292,203,227,68905,4564,926531,2275100
2293,190,217,68715,4537,926748,1921700
2294,185,214,68530,4508,926962,1800100
2295,210,198,68320,4520,927160,1776500
2296,206,229,68114,4497,927389,1857700
2297,240,229,67874,4508,927618,1886900
2298,196,233,67678,4471,927851,1808000
2299,197,227,67481,4441,928078,1839900
2300,211,237,67270,4415,928315,1878300
2301,207,207,67063,4415,928522,1996100
2302,198,233,66865,4380,928755,2185600
2303,226,211,66639,4395,928966,1991800
2304,207,203,66432,4399,929169,1895300
2305,217,209,66215,4407,929378,1957000
2306,225,202,65990,4430,929580,1833800
2307,194,211,65796,4413,929791,1820800
2308,217,227,65579,4403,930018,1881100
2309,209,227,65370,4385,930245,1786700
2310,208,197,65162,4396,930442,1789800
2311,220,213,64942,4403,930655,1842600
2312,218,229,64724,4392,930884,1732300
2313,193,218,64531,4367,931102,1808900
2314,220,220,64311,4367,931322,1729100
2315,190,189,64121,4368,931511,1793300
2316,193,223,63928,4338,931734,1820200
2317,221,211,63707,4348,931945,1809500
2318,197,212,63510,4333,932157,2044800
2319,183,195,63327,4321,932352,1782800
2320,216,215,63111,4322,932567,1720400
2321,210,228,62901,4304,932795,1790100
2322,213,185,62688,4332,932980,1773800
2323,212,208,62476,4336,933188,1797900
2324,206,214,62270,4328,933402,1735300
2325,216,228,62054,4316,933630,1921500
2326,185,218,61869,4283,933848,1672300
2327,210,230,61659,4263,934078,1793100
2328,193,210,61466,4246,934288,1789200
2329,204,210,61262,4240,934498,1723400
2330,198,215,61064,4223,934713,2054800
2331,179,238,60885,4164,934951,1771500
2332,172,209,60713,4127,935160,1760400
2333,205,185,60508,4147,935345,1886200
2334,185,202,60323,4130,935547,2038100
2335,162,213,60161,4079,935760,1823300
2336,185,194,59976,4070,935954,1731200
2337,182,184,59794,4068,936138,1710600
2338,167,213,59627,4022,936351,1855800
2339,183,211,59444,3994,936562,1917400
2340,183,205,59261,3972,936767,2193600
2341,193,186,59068,3979,936953,1809900
2342,177,220,58891,3936,937173,2204800
2343,169,218,58722,3887,937391,2098200
2344,192,180,58530,3899,937571,1825600
2345,166,208,58364,3857,937779,1850400
2346,172,190,58192,3839,937969,1885200
2347,164,200,58028,3803,938169,1947000
2348,175,189,57853,3789,938358,2137000
2349,165,178,57688,3776,938536,2010400
2350,198,183,57490,3791,938719,1737500
2351,156,185,57334,3762,938904,1818800
2352,161,193,57173,3730,939097,1808300
2353,156,185,57017,3701,939282,1837200
2354,164,210,56853,3655,939492,1789800
2355,174,200,56679,3629,939692,1857500
2356,178,172,56501,3635,939864,1741200
2357,185,173,56316,3647,940037,1745200
2358,172,198,56144,3621,940235,1714200
2359,199,169,55945,3651,940404,1863200
2360,167,155,55778,3663,940559,1773600
2361,171,180,55607,3654,940739,1821800
2362,169,173,55438,3650,940912,1863200
2363,164,195,55274,3619,941107,1805700
2364,150,163,55124,3606,941270,1836900
2365,147,170,54977,3583,941440,1803800
2366,141,190,54836,3534,941630,2181900
2367,163,161,54673,3536,941791,1988500
2368,156,165,54517,3527,941956,1983300
2369,167,197,54350,3497,942153,1800200
2370,163,160,54187,3500,942313,1790700
2371,167,155,54020,3512,942468,2846600
2372,175,155,53845,3532,942623,2391100
2373,149,174,53696,3507,942797,1912300
2374,143,181,53553,3469,942978,2113700
2375,135,180,53418,3424,943158,1823500
2376,152,160,53266,3416,943318,1804800
2377,167,180,53099,3403,943498,1796400
2378,149,179,52950,3373,943677,1787500
2379,170,157,52780,3386,943834,1793500
2380,145,171,52635,3360,944005,1796000
2381,162,145,52473,3377,944150,1772800
2382,169,186,52304,3360,944336,2065400
2383,155,155,52149,3360,944491,2097500
2384,152,173,51997,3339,944664,2262300
2385,159,180,51838,3318,944844,1777000
2386,154,162,51684,3310,945006,2317700
2387,162,186,51522,3286,945192,2200000
2388,169,168,51353,3287,945360,1830400
2389,168,156,51185,3299,945516,1791900
2390,155,199,51030,3255,945715,1868200
2391,149,161,50881,3243,945876,1752700
2392,157,154,50724,3246,946030,1758800
2393,160,168,50564,3238,946198,1833700
2394,144,159,50420,3223,946357,1760600
2395,135,141,50285,3217,946498,2218300
2396,149,172,50136,3194,946670,1784000
2397,156,173,49980,3177,946843,1818000
2398,132,160,49848,3149,947003,2173900
2399,138,149,49710,3138,947152,1995000
2400,146,165,49564,3119,947317,1794800
2401,143,146,49421,3116,947463,1790700
2402,134,163,49287,3087,947626,1738500
2403,139,140,49148,3086,947766,1773700
2404,147,137,49001,3096,947903,1789700
2405,163,156,48838,3103,948059,1856700
2406,137,142,48701,3098,948201,1755200
2407,156,151,48545,3103,948352,1722400
2408,140,149,48405,3094,948501,1804100
2409,143,153,48262,3084,948654,1765900
2410,164,158,48098,3090,948812,1772300
2411,144,149,47954,3085,948961,1739200
2412,132,162,47822,3055,949123,1778300
2413,151,156,47671,3050,949279,1762800
2414,127,154,47544,3023,949433,2178200
2415,143,150,47401,3016,949583,1746800
2416,135,146,47266,3005,949729,2157500
2417,132,147,47134,2990,949876,2004700
2418,116,152,47018,2954,950028,2169900
2419,123,143,46895,2934,950171,2095800
2420,118,129,46777,2923,950300,1884600
2421,152,156,46625,2919,950456,1817700
2422,144,177,46481,2886,950633,1808900
2423,125,140,46356,2871,950773,1862000
2424,133,178,46223,2826,950951,1909700
2425,136,137,46087,2825,951088,2894200
2426,116,148,45971,2793,951236,2946200
2427,112,147,45859,2758,951383,2210400
2428,107,127,45752,2738,951510,2122300
2429,128,142,45624,2724,951652,2152600
2430,141,138,45483,2727,951790,1829600
2431,122,142,45361,2707,951932,1819400
2432,123,160,45238,2670,952092,1801000
2433,122,123,45116,2669,952215,1784500
2434,149,134,44967,2684,952349,1794200
2435,128,134,44839,2678,952483,2019100
2436,146,131,44693,2693,952614,1930000
2437,137,113,44556,2717,952727,1977100
2438,146,124,44410,2739,952851,1793000
2439,139,119,44271,2759,952970,1844400
2440,131,148,44140,2742,953118,1825200
2441,145,134,43995,2753,953252,1804800
2442,145,124,43850,2774,953376,1805500
2443,120,155,43730,2739,953531,1900700
2444,123,135,43607,2727,953666,1823000
2445,126,123,43481,2730,953789,1900700
2446,137,132,43344,2735,953921,1717700
2447,150,144,43194,2741,954065,1651600
2448,140,150,43054,2731,954215,1767600
2449,129,127,42925,2733,954342,1914200
2450,128,139,42797,2722,954481,2036500
2451,113,124,42684,2711,954605,1817600
2452,103,142,42581,2672,954747,1716000
2453,124,124,42457,2672,954871,1678100
2454,118,131,42339,2659,955002,1918400
2455,115,128,42224,2646,955130,1945500
2456,112,138,42112,2620,955268,1798200
2457,127,139,41985,2608,955407,1841300
2458,121,139,41864,2590,955546,1797500
2459,131,120,41733,2601,955666,1782600
2460,119,119,41614,2601,955785,1821100
2461,124,131,41490,2594,955916,1760100
2462,116,116,41374,2594,956032,1977900
2463,131,114,41243,2611,956146,1927400
2464,121,121,41122,2611,956267,1748800
2465,107,118,41015,2600,956385,1740600
2466,114,143,40901,2571,956528,1832700
2467,131,121,40770,2581,956649,1660700
2468,99,135,40671,2545,956784,1735700
2469,118,152,40553,2511,956936,1788400
2470,120,121,40433,2510,957057,1930000
2471,108,110,40325,2508,957167,2067900
2472,114,138,40211,2484,957305,1995000
2473,125,130,40086,2479,957435,1754000
2474,116,135,39970,2460,957570,2144200
2475,111,118,39859,2453,957688,2085800
2476,110,128,39749,2435,957816,2037200
2477,114,129,39635,2420,957945,2250600
2478,109,129,39526,2400,958074,1895400
2479,125,119,39401,2406,958193,1764500
2480,104,125,39297,2385,958318,1736200
2481,124,114,39173,2395,958432,1801600
2482,106,113,39067,2388,958545,2023100
2483,130,110,38937,2408,958655,1776500
2484,116,108,38821,2416,958763,1721600
2485,108,138,38713,2386,958901,1921900
2486,111,132,38602,2365,959033,1938100
2487,100,112,38502,2353,959145,1922700
2488,111,141,38391,2323,959286,1929700
2489,108,97,38283,2334,959383,2103200
2490,114,115,38169,2333,959498,1756900
2491,95,115,38074,2313,959613,1758400
2492,106,106,37968,2313,959719,1848700
2493,105,113,37863,2305,959832,1862000
2494,113,99,37750,2319,959931,1847600
2495,114,92,37636,2341,960023,1773900
2496,96,111,37540,2326,960134,1742200
2497,101,103,37439,2324,960237,1936900
2498,117,124,37322,2317,960361,2026700
2499,111,110,37211,2318,960471,2258400
2500,89,140,37122,2267,960611,2044700
2501,107,130,37015,2244,960741,1962700
2502,119,121,36896,2242,960862,1746300
2503,113,111,36783,2244,960973,1810800
2504,88,118,36695,2214,961091,1704300
2505,105,107,36590,2212,961198,1714100
2506,93,117,36497,2188,961315,1706800
2507,82,100,36415,2170,961415,2019000
2508,95,106,36320,2159,961521,1963600
2509,100,101,36220,2158,961622,1964100
2510,104,108,36116,2154,961730,1760700
2511,124,100,35992,2178,961830,2245700
2512,111,114,35881,2175,961944,2109600
2513,105,98,35776,2182,962042,2292200
2514,89,100,35687,2171,962142,2246000
2515,98,110,35589,2159,962252,2102800
2516,110,101,35479,2168,962353,2275800
2517,111,106,35368,2173,962459,2057100
2518,109,114,35259,2168,962573,1797900
2519,102,125,35157,2145,962698,1929900
2520,92,109,35065,2128,962807,2205900
2521,94,118,34971,2104,962925,1696900
2522,94,113,34877,2085,963038,1811800
2523,102,101,34775,2086,963139,1715500
2524,105,112,34670,2079,963251,1786800
2525,95,91,34575,2083,963342,1867800
2526,109,105,34466,2087,963447,1800300
2527,99,93,34367,2093,963540,1732400
2528,120,114,34247,2099,963654,1734800
2529,110,121,34137,2088,963775,1826100
2530,100,116,34037,2072,963891,1735700
2531,97,118,33940,2051,964009,1841500
2532,95,102,33845,2044,964111,1965700
2533,114,95,33731,2063,964206,1703500
2534,122,96,33609,2089,964302,1776100
2535,109,94,33500,2104,964396,1730300
2536,105,101,33395,2108,964497,1911600
2537,110,102,33285,2116,964599,2037700
2538,117,85,33168,2148,964684,1774100
2539,127,110,33041,2165,964794,1776100
2540,106,112,32935,2159,964906,1745800
2541,104,137,32831,2126,965043,1709000
2542,94,113,32737,2107,965156,2107800
2543,108,139,32629,2076,965295,1984700
2544,115,118,32514,2073,965413,1812900
2545,118,104,32396,2087,965517,1861300
2546,86,108,32310,2065,965625,1880400
2547,121,105,32189,2081,965730,1661000
2548,111,95,32078,2097,965825,1684300
2549,103,111,31975,2089,965936,1894200
2550,93,96,31882,2086,966032,2026700
2551,114,118,31768,2082,966150,1724400
2552,101,101,31667,2082,966251,1695100
2553,110,108,31557,2084,966359,1716400
2554,107,83,31450,2108,966442,1741600
2555,123,103,31327,2128,966545,1965700
2556,93,109,31234,2112,966654,2046400
2557,95,115,31139,2092,966769,1755200
2558,85,107,31054,2070,966876,1724700
2559,95,107,30959,2058,966983,1711700
2560,96,112,30863,2042,967095,1794600
2561,94,112,30769,2024,967207,1797800
2562,84,111,30685,1997,967318,1744800
2563,105,111,30580,1991,967429,1767800
2564,114,96,30466,2009,967525,1954600
2565,88,97,30378,2000,967622,1794500
2566,96,95,30282,2001,967717,1799500
2567,104,96,30178,2009,967813,1719600
2568,97,94,30081,2012,967907,1693500
2569,90,88,29991,2014,967995,1785700
2570,106,102,29885,2018,968097,1695800
2571,92,90,29793,2020,968187,1706400
2572,116,102,29677,2034,968289,1917400
2573,94,95,29583,2033,968384,1860100
2574,101,85,29482,2049,968469,1704500
2575,113,89,29369,2073,968558,1746900
2576,90,117,29279,2046,968675,1691600
2577,109,90,29170,2065,968765,1744300
2578,84,110,29086,2039,968875,1820800
2579,90,112,28996,2017,968987,1862300
2580,98,104,28898,2011,969091,1778800
2581,85,97,28813,1999,969188,1751200
2582,85,86,28728,1998,969274,1753200
2583,100,91,28628,2007,969365,1685800
2584,86,112,28542,1981,969477,1743700
2585,98,106,28444,1973,969583,1990600
2586,113,87,28331,1999,969670,1748000
2587,106,101,28225,2004,969771,1709100
2588,87,94,28138,1997,969865,2175700
2589,89,94,28049,1992,969959,1708600
2590,87,102,27962,1977,970061,1776900
2591,91,107,27871,1961,970168,1736300
2592,86,92,27785,1955,970260,1792200
2593,83,109,27702,1929,970369,1739500
2594,107,96,27595,1940,970465,1844400
2595,87,102,27508,1925,970567,2013900
2596,81,102,27427,1904,970669,2052100
2597,103,98,27324,1909,970767,1745600
2598,94,99,27230,1904,970866,1843500
2599,86,92,27144,1898,970958,1785200
2600,92,81,27052,1909,971039,1773400
2601,100,99,26952,1910,971138,1762400
2602,105,97,26847,1918,971235,1786900
2603,101,90,26746,1929,971325,1803900
2604,100,111,26646,1918,971436,1806700
2605,99,111,26547,1906,971547,1769300
2606,82,91,26465,1897,971638,1854900
2607,82,104,26383,1875,971742,1777300
2608,97,77,26286,1895,971819,1763900
2609,94,83,26192,1906,971902,1742400
2610,81,100,26111,1887,972002,1727200
2611,88,90,26023,1885,972092,1751400
2612,87,80,25936,1892,972172,1805300
2613,97,87,25839,1902,972259,1841400
2614,90,82,25749,1910,972341,1785400
2615,87,84,25662,1913,972425,1755300
2616,77,108,25585,1882,972533,1741200
2617,78,110,25507,1850,972643,1750300
2618,100,70,25407,1880,972713,1961400
2619,102,94,25305,1888,972807,1741900
2620,81,78,25224,1891,972885,1742300
2621,84,99,25140,1876,972984,2264100
2622,83,102,25057,1857,973086,1748100
2623,75,108,24982,1824,973194,1743400
2624,86,86,24896,1824,973280,1700900
2625,82,85,24814,1821,973365,1724300
2626,72,78,24742,1815,973443,1747900
2627,80,91,24662,1804,973534,1695500
2628,85,77,24577,1812,973611,1720500
2629,79,81,24498,1810,973692,1742000
2630,75,80,24423,1805,973772,2825600
2631,72,87,24351,1790,973859,2277300
2632,91,78,24260,1803,973937,1794000
2633,75,80,24185,1798,974017,1778800
2634,81,98,24104,1781,974115,1781600
2635,60,89,24044,1752,974204,1786000
2636,69,87,23975,1734,974291,1883900
2637,73,88,23902,1719,974379,1910400
2638,77,81,23825,1715,974460,1787100
2639,69,83,23756,1701,974543,1815100
2640,66,94,23690,1673,974637,1739200
2641,64,101,23626,1636,974738,1830400
2642,52,88,23574,1600,974826,1882200
2643,56,80,23518,1576,974906,1784800
2644,55,92,23463,1539,974998,2008800
2645,59,68,23404,1530,975066,1777800
2646,66,79,23338,1517,975145,1762700
2647,72,86,23266,1503,975231,1743200
2648,60,75,23206,1488,975306,1866500
2649,57,72,23149,1473,975378,1766300
2650,63,72,23086,1464,975450,1890600
2651,68,56,23018,1476,975506,1910900
2652,57,72,22961,1461,975578,1739200
2653,55,84,22906,1432,975662,1742200
2654,59,86,22847,1405,975748,1767000
2655,53,78,22794,1380,975826,1837900
2656,64,65,22730,1379,975891,1877500
2657,54,64,22676,1369,975955,1751000
2658,69,71,22607,1367,976026,1923000
2659,60,74,22547,1353,976100,1670500
2660,60,65,22487,1348,976165,1758400
2661,60,84,22427,1324,976249,1877600
2662,56,69,22371,1311,976318,2073300
2663,73,68,22298,1316,976386,2459000
2664,63,74,22235,1305,976460,1706700
2665,71,60,22164,1316,976520,1760200
2666,61,70,22103,1307,976590,1800900
2667,71,77,22032,1301,976667,1667500
2668,55,64,21977,1292,976731,1668700
2669,51,48,21926,1295,976779,1712000
2670,56,78,21870,1273,976857,1674900
2671,55,62,21815,1266,976919,2023700
2672,49,66,21766,1249,976985,1851300
2673,55,55,21711,1249,977040,1773700
2674,55,50,21656,1254,977090,1765700
2675,54,72,21602,1236,977162,1870900
2676,45,72,21557,1209,977234,1736000
2677,56,58,21501,1207,977292,1733600
2678,47,64,21454,1190,977356,1970700
2679,59,68,21395,1181,977424,1702500
2680,54,68,21341,1167,977492,1801100
2681,60,67,21281,1160,977559,1703200
2682,44,70,21237,1134,977629,1705200
2683,53,54,21184,1133,977683,1677800
2684,55,63,21129,1125,977746,1966600
2685,59,53,21070,1131,977799,1697300
2686,49,65,21021,1115,977864,1673700
2687,45,57,20976,1103,977921,1713200
2688,52,56,20924,1099,977977,2224800
2689,56,55,20868,1100,978032,1761400
2690,45,41,20823,1104,978073,1754700
2691,64,48,20759,1120,978121,1718100
2692,43,66,20716,1097,978187,1677200
2693,46,59,20670,1084,978246,2223300
2694,38,49,20632,1073,978295,1764200
2695,42,54,20590,1061,978349,1754100
2696,48,53,20542,1056,978402,1717200
2697,55,59,20487,1052,978461,1818500
2698,52,62,20435,1042,978523,1723500
2699,53,41,20382,1054,978564,1741000
2700,42,46,20340,1050,978610,1702200
2701,37,43,20303,1044,978653,1694900
2702,42,58,20261,1028,978711,2052600
2703,41,60,20220,1009,978771,1958700
2704,34,54,20186,989,978825,1935100
2705,53,53,20133,989,978878,1781100
2706,41,54,20092,976,978932,1797600
2707,38,45,20054,969,978977,1864700
2708,41,56,20013,954,979033,1694600
2709,44,44,19969,954,979077,1722800
2710,34,48,19935,940,979125,1737300
2711,33,33,19902,940,979158,1727700
2712,45,59,19857,926,979217,1726800
2713,41,37,19816,930,979254,1737400
2714,49,41,19767,938,979295,1974000
2715,43,43,19724,938,979338,2070700
2716,44,51,19680,931,979389,1721800
2717,41,47,19639,925,979436,1716400
2718,45,42,19594,928,979478,1713100
2719,43,40,19551,931,979518,1711900
2720,42,42,19509,931,979560,1747900
2721,27,43,19482,915,979603,1709500
2722,45,49,19437,911,979652,1744400
2723,39,42,19398,908,979694,1735100
2724,35,49,19363,894,979743,1739000
2725,47,54,19316,887,979797,1721400
2726,41,55,19275,873,979852,1716900
2727,41,47,19234,867,979899,1744200
2728,32,46,19202,853,979945,1794800
2729,48,48,19154,853,979993,1728900
2730,41,37,19113,857,980030,1710300
2731,45,34,19068,868,980064,1769000
2732,49,42,19019,875,980106,1725500
2733,51,42,18968,884,980148,1712800
2734,44,33,18924,895,980181,1973500
2735,33,44,18891,884,980225,1697600
2736,40,38,18851,886,980263,1788700
2737,42,46,18809,882,980309,1916900
2738,36,43,18773,875,980352,2316700
2739,42,44,18731,873,980396,2096600
2740,50,45,18681,878,980441,1791200
2741,34,50,18647,862,980491,2347600
2742,50,36,18597,876,980527,1906000
2743,38,42,18559,872,980569,1723200
2744,38,40,18521,870,980609,2164200
2745,53,43,18468,880,980652,2184300
2746,45,41,18423,884,980693,1841100
2747,39,44,18384,879,980737,1978200
2748,48,43,18336,884,980780,1856500
2749,43,54,18293,873,980834,1822900
2750,48,32,18245,889,980866,1754200
2751,52,45,18193,896,980911,1786200
2752,57,38,18136,915,980949,2033200
2753,48,27,18088,936,980976,1740700
2754,41,47,18047,930,981023,1737700
2755,53,39,17994,944,981062,1717000
2756,48,44,17946,948,981106,1994700
2757,51,42,17895,957,981148,1644600
2758,48,44,17847,961,981192,1680600
2759,52,48,17795,965,981240,1713900
2760,52,45,17743,972,981285,1940300
2761,50,58,17693,964,981343,1738900
2762,43,56,17650,951,981399,1694000
2763,29,37,17621,943,981436,1870400
2764,46,37,17575,952,981473,1822000
2765,29,53,17546,928,981526,1863000
2766,44,42,17502,930,981568,1837300
2767,44,53,17458,921,981621,1740700
2768,37,62,17421,896,981683,1710900
2769,37,46,17384,887,981729,1770200
2770,38,40,17346,885,981769,1738000
2771,38,41,17308,882,981810,1852500
2772,33,40,17275,875,981850,1660000
2773,32,37,17243,870,981887,1962900
2774,34,48,17209,856,981935,1708700
2775,29,47,17180,838,981982,2040500
2776,46,45,17134,839,982027,2084200
2777,34,45,17100,828,982072,1768000
2778,26,50,17074,804,982122,1727800
2779,31,36,17043,799,982158,1744700
2780,27,30,17016,796,982188,1752800
2781,28,43,16988,781,982231,1818500
2782,37,28,16951,790,982259,1809300
2783,31,47,16920,774,982306,1767400
2784,29,37,16891,766,982343,1753100
2785,35,42,16856,759,982385,1751900
2786,31,40,16825,750,982425,1722700
2787,22,41,16803,731,982466,1962200
2788,34,42,16769,723,982508,2130200
2789,25,43,16744,705,982551,2021500
2790,27,31,16717,701,982582,2056100
2791,25,36,16692,690,982618,1735200
2792,24,33,16668,681,982651,1701400
2793,25,34,16643,672,982685,1746200
2794,28,33,16615,667,982718,1769500
2795,24,31,16591,660,982749,1759200
2796,31,37,16560,654,982786,1794400
2797,27,31,16533,650,982817,1793300
2798,26,32,16507,644,982849,1743700
2799,32,25,16475,651,982874,1845900
2800,18,26,16457,643,982900,1751800
2801,19,31,16438,631,982931,1736500
2802,19,36,16419,614,982967,1781400
2803,19,32,16400,601,982999,1938200
2804,23,26,16377,598,983025,1959900
2805,16,27,16361,587,983052,1699000
2806,12,39,16349,560,983091,1966900
2807,14,17,16335,557,983108,1772200
2808,14,27,16321,544,983135,1810400
2809,21,21,16300,544,983156,1757700
2810,12,27,16288,529,983183,2216700
2811,14,12,16274,531,983195,1779100
2812,18,16,16256,533,983211,1760600
2813,12,25,16244,520,983236,1814800
2814,12,17,16232,515,983253,1757800
2815,17,35,16215,497,983288,1755000
2816,16,19,16199,494,983307,1989600
2817,14,25,16185,483,983332,1798900
2818,10,23,16175,470,983355,1876000
2819,14,22,16161,462,983377,1753700
2820,13,24,16148,451,983401,1787600
2821,11,29,16137,433,983430,1771500
2822,15,16,16122,432,983446,1872700
2823,17,24,16105,425,983470,1739000
2824,15,19,16090,421,983489,2180600
2825,20,26,16070,415,983515,2212100
2826,11,25,16059,401,983540,1730000
2827,18,18,16041,401,983558,1791600
2828,10,28,16031,383,983586,1784800
2829,2,17,16029,368,983603,1754400
2830,8,20,16021,356,983623,2114500
2831,12,15,16009,353,983638,2086500
2832,10,19,15999,344,983657,1905800
2833,13,22,15986,335,983679,1982600
2834,10,20,15976,325,983699,1800200
2835,8,11,15968,322,983710,1762900
2836,10,23,15958,309,983733,1754300
2837,6,13,15952,302,983746,2619900
2838,10,14,15942,298,983760,2467900
2839,8,19,15934,287,983779,1854800
2840,11,7,15923,291,983786,1902000
2841,10,17,15913,284,983803,2120500
2842,11,12,15902,283,983815,1839300
2843,7,14,15895,276,983829,2098900
2844,15,14,15880,277,983843,1801900
2845,6,16,15874,267,983859,1717700
2846,9,11,15865,265,983870,1782300
2847,3,15,15862,253,983885,1818300
2848,8,14,15854,247,983899,1825000
2849,9,8,15845,248,983907,1727900
2850,8,12,15837,244,983919,1817100
2851,8,11,15829,241,983930,1731900
2852,10,11,15819,240,983941,1788900
2853,8,13,15811,235,983954,1703100
2854,8,16,15803,227,983970,1726600
2855,7,8,15796,226,983978,1746300
2856,6,10,15790,222,983988,1778200
2857,4,10,15786,216,983998,1781700
2858,6,12,15780,210,984010,2212000
2859,3,8,15777,205,984018,1778400
2860,9,14,15768,200,984032,1848400
2861,15,10,15753,205,984042,1814400
2862,15,10,15738,210,984052,1752800
2863,14,10,15724,214,984062,1732800
2864,13,6,15711,221,984068,1736200
2865,9,10,15702,220,984078,1792500
2866,8,14,15694,214,984092,1849600
2867,7,6,15687,215,984098,1700200
2868,12,13,15675,214,984111,1687200
2869,4,12,15671,206,984123,1725500
2870,5,10,15666,201,984133,2046900
2871,6,8,15660,199,984141,1842900
2872,7,9,15653,197,984150,1863400
2873,11,4,15642,204,984154,1805500
2874,8,9,15634,203,984163,1746700
2875,8,9,15626,202,984172,1829900
2876,11,11,15615,202,984183,1758200
2877,5,14,15610,193,984197,1761000
2878,5,10,15605,188,984207,1786600
2879,10,9,15595,189,984216,1951300
2880,3,10,15592,182,984226,1721400
2881,2,9,15590,175,984235,1696500
2882,6,14,15584,167,984249,1799900
2883,7,12,15577,162,984261,1759700
2884,3,4,15574,161,984265,1699900
2885,4,11,15570,154,984276,1763300
2886,4,13,15566,145,984289,1777500
2887,4,8,15562,141,984297,1758900
2888,4,11,15558,134,984308,2094300
2889,5,8,15553,131,984316,1713200
2890,0,7,15553,124,984323,1773400
2891,3,5,15550,122,984328,1982000
2892,1,7,15549,116,984335,1731700
2893,2,6,15547,112,984341,1741000
2894,2,4,15545,110,984345,1814800
2895,3,4,15542,109,984349,1977800
2896,1,3,15541,107,984352,1727800
2897,2,7,15539,102,984359,1775800
2898,1,6,15538,97,984365,1727900
2899,1,3,15537,95,984368,1816900
2900,0,3,15537,92,984371,1887100
2901,1,3,15536,90,984374,1718100
2902,0,2,15536,88,984376,2024200
2903,1,5,15535,84,984381,1747200
2904,2,4,15533,82,984385,1790900
2905,1,6,15532,77,984391,1827000
2906,1,3,15531,75,984394,1812200
2907,2,2,15529,75,984396,1733000
2908,2,6,15527,71,984402,1773700
2909,1,5,15526,67,984407,1929300
2910,4,5,15522,66,984412,1786400
2911,0,0,15522,66,984412,1708300
2912,1,3,15521,64,984415,1835400
2913,2,4,15519,62,984419,1861400
2914,3,1,15516,64,984420,1740000
2915,3,2,15513,65,984422,1802600
2916,5,2,15508,68,984424,2112900
2917,1,2,15507,67,984426,1727600
2918,3,3,15504,67,984429,1746300
2919,2,4,15502,65,984433,1732800
2920,0,2,15502,63,984435,2132400
2921,0,2,15502,61,984437,2277100
2922,2,4,15500,59,984441,1872200
2923,1,7,15499,53,984448,2003200
2924,2,5,15497,50,984453,1859200
2925,1,1,15496,50,984454,1836500
2926,2,2,15494,50,984456,1783700
2927,0,4,15494,46,984460,1735400
2928,0,4,15494,42,984464,1876200
2929,1,2,15493,41,984466,1919000
2930,0,0,15493,41,984466,1880200
2931,0,3,15493,38,984469,1890300
2932,0,3,15493,35,984472,1830900
2933,3,3,15490,35,984475,1849500
2934,0,7,15490,28,984482,2095700
2935,0,2,15490,26,984484,1921500
2936,1,0,15489,27,984484,2262400
2937,1,0,15488,28,984484,1793000
2938,1,1,15487,28,984485,2059000
2939,0,1,15487,27,984486,1742800
2940,1,0,15486,28,984486,1791000
2941,1,1,15485,28,984487,1735700
2942,0,1,15485,27,984488,1771400
2943,0,2,15485,25,984490,1758400
2944,2,0,15483,27,984490,1779300
2945,0,1,15483,26,984491,1723100
2946,0,4,15483,22,984495,1773500
2947,0,2,15483,20,984497,1847900
2948,1,2,15482,19,984499,1758200
2949,0,0,15482,19,984499,1770600
2950,0,1,15482,18,984500,1797100
2951,0,0,15482,18,984500,1868100
2952,0,1,15482,17,984501,1813700
2953,0,1,15482,16,984502,1809100
2954,0,1,15482,15,984503,1858600
2955,0,1,15482,14,984504,1724600
2956,0,0,15482,14,984504,1705900
2957,0,0,15482,14,984504,1699800
2958,0,0,15482,14,984504,1729900
2959,0,0,15482,14,984504,1706500
2960,1,0,15481,15,984504,1956900
2961,0,1,15481,14,984505,1721200
2962,0,0,15481,14,984505,1801400
2963,0,1,15481,13,984506,1744100
2964,0,0,15481,13,984506,1729500
2965,0,3,15481,10,984509,1958100
2966,0,0,15481,10,984509,1817100
2967,0,0,15481,10,984509,1759900
2968,0,1,15481,9,984510,1747900
2969,0,1,15481,8,984511,1750600
2970,0,0,15481,8,984511,1727900
2971,0,0,15481,8,984511,1763400
2972,0,0,15481,8,984511,1788600
2973,0,1,15481,7,984512,1955500
2974,0,0,15481,7,984512,1820600
2975,0,0,15481,7,984512,1758000
2976,0,1,15481,6,984513,1736300
2977,0,0,15481,6,984513,1724900
2978,0,0,15481,6,984513,1746100
2979,0,0,15481,6,984513,1782800
2980,0,1,15481,5,984514,1803200
2981,0,1,15481,4,984515,1780200
2982,0,0,15481,4,984515,1769200
2983,0,0,15481,4,984515,1856100
2984,0,0,15481,4,984515,1746700
2985,0,1,15481,3,984516,1781500
2986,0,0,15481,3,984516,1733000
2987,0,1,15481,2,984517,1776700
2988,0,1,15481,1,984518,1738800
2989,0,0,15481,1,984518,1866200
2990,0,0,15481,1,984518,1782500
2991,0,0,15481,1,984518,1774400
2992,0,0,15481,1,984518,1751500
2993,0,1,15481,0,984519,1698100
