Tick,NewlyInfected,NewlyRecovered,TotalSusceptible,TotalInfected,TotalRecovered,StepTimeNanos
0,5,0,999990,10,0,42723600
1,7,0,999983,17,0,27112000
2,3,2,999980,18,2,23660600
3,5,2,999975,21,4,1869900
4,4,1,999971,24,5,1784700
5,5,1,999966,28,6,1673300
6,7,2,999959,33,8,1554000
7,4,3,999955,34,11,1542900
8,7,0,999948,41,11,1706900
9,7,2,999941,46,13,1687600
10,7,3,999934,50,16,1677100
11,12,2,999922,60,18,1580400
12,2,3,999920,59,21,1543200
13,7,4,999913,62,25,1560500
14,6,2,999907,66,27,1548400
15,7,2,999900,71,29,1519600
16,12,7,999888,76,36,1511800
17,12,3,999876,85,39,1504500
18,10,3,999866,92,42,1530500
19,12,3,999854,101,45,1508800
20,10,5,999844,106,50,1545500
21,15,10,999829,111,60,1648700
22,8,3,999821,116,63,1878000
23,16,3,999805,129,66,1654300
24,12,10,999793,131,76,1542200
25,14,9,999779,136,85,1769200
26,18,7,999761,147,92,1717700
27,14,10,999747,151,102,1751600
28,13,9,999734,155,111,1957200
29,10,9,999724,156,120,1670800
30,18,1,999706,173,121,1712800
31,14,6,999692,181,127,1778400
32,17,8,999675,190,135,2158400
33,23,6,999652,207,141,1904500
34,15,10,999637,212,151,1801600
35,16,9,999621,219,160,1825800
36,24,11,999597,232,171,1720800
37,18,9,999579,241,180,1708500
38,19,17,999560,243,197,1715000
39,22,13,999538,252,210,1752600
40,22,11,999516,263,221,1722000
41,19,10,999497,272,231,1723400
42,22,17,999475,277,248,2117800
43,25,22,999450,280,270,2042400
44,23,12,999427,291,282,1756400
45,23,15,999404,299,297,1745500
46,22,18,999382,303,315,1751500
47,28,16,999354,315,331,1732300
48,28,17,999326,326,348,2324000
49,27,16,999299,337,364,2001400
50,21,12,999278,346,376,1853400
51,28,19,999250,355,395,1913200
52,35,12,999215,378,407,2158900
53,21,16,999194,383,423,1994200
54,35,17,999159,401,440,1771000
55,36,21,999123,416,461,2323200
56,39,12,999084,443,473,1936600
57,29,27,999055,445,500,2050900
58,32,24,999023,453,524,1875700
59,45,29,998978,469,553,1825600
60,42,17,998936,494,570,1740900
61,39,22,998897,511,592,1756600
62,37,20,998860,528,612,1772400
63,50,19,998810,559,631,1871900
64,42,28,998768,573,659,1821200
65,48,36,998720,585,695,1773000
66,48,29,998672,604,724,1788100
67,43,24,998629,623,748,1769300
68,42,26,998587,639,774,1716600
69,51,21,998536,669,795,2017900
70,53,36,998483,686,831,1741500
71,53,36,998430,703,867,1845600
72,37,39,998393,701,906,1739500
73,42,31,998351,712,937,1734600
74,50,34,998301,728,971,1751000
75,48,29,998253,747,1000,1719500
76,48,31,998205,764,1031,1690100
77,58,35,998147,787,1066,1687100
78,62,38,998085,811,1104,1672200
79,44,49,998041,806,1153,1669400
80,57,47,997984,816,1200,1744700
81,60,40,997924,836,1240,1749200
82,51,50,997873,837,1290,1645900
83,57,37,997816,857,1327,2124400
84,68,50,997748,875,1377,2055800
85,68,40,997680,903,1417,1777000
86,62,40,997618,925,1457,1624900
87,53,51,997565,927,1508,1719000
88,57,42,997508,942,1550,1740300
89,61,38,997447,965,1588,1734100
90,68,42,997379,991,1630,1737200
91,55,55,997324,991,1685,1732000
92,61,52,997263,1000,1737,1663600
93,57,40,997206,1017,1777,1788400
94,67,50,997139,1034,1827,1694900
95,76,51,997063,1059,1878,1676400
96,66,53,996997,1072,1931,1696300
97,73,44,996924,1101,1975,1623700
98,75,56,996849,1120,2031,1736700
99,56,49,996793,1127,2080,1773200
100,54,68,996739,1113,2148,1633800
101,59,57,996680,1115,2205,1690600
102,74,49,996606,1140,2254,1691000
103,68,55,996538,1153,2309,1736900
104,72,63,996466,1162,2372,2166200
105,66,56,996400,1172,2428,1775700
106,80,62,996320,1190,2490,1772800
107,76,60,996244,1206,2550,1796400
108,80,54,996164,1232,2604,1927000
109,74,62,996090,1244,2666,1802000
110,71,64,996019,1251,2730,2081800
111,79,62,995940,1268,2792,1868100
112,80,67,995860,1281,2859,1744700
113,79,77,995781,1283,2936,1627800
114,78,65,995703,1296,3001,1742800
115,76,64,995627,1308,3065,1770100
116,74,48,995553,1334,3113,1785400
117,93,60,995460,1367,3173,1778400
118,73,65,995387,1375,3238,1928900
119,86,82,995301,1379,3320,1671400
120,77,52,995224,1404,3372,1738400
121,83,66,995141,1421,3438,1727200
122,88,64,995053,1445,3502,1718800
123,87,66,994966,1466,3568,1689500
124,94,76,994872,1484,3644,1624400
125,82,78,994790,1488,3722,1635400
126,95,64,994695,1519,3786,1747300
127,102,60,994593,1561,3846,1792100
128,86,90,994507,1557,3936,1675400
129,92,81,994415,1568,4017,1755600
130,96,73,994319,1591,4090,1746800
131,91,94,994228,1588,4184,1729800
132,100,107,994128,1581,4291,1701500
133,100,74,994028,1607,4365,1669300
134,95,77,993933,1625,4442,1649100
135,111,69,993822,1667,4511,1632600
136,94,85,993728,1676,4596,1644000
137,113,86,993615,1703,4682,1756600
138,102,86,993513,1719,4768,1736400
139,107,97,993406,1729,4865,1732800
140,87,83,993319,1733,4948,1712300
141,100,92,993219,1741,5040,1688000
142,106,105,993113,1742,5145,1653400
143,101,85,993012,1758,5230,1635600
144,98,76,992914,1780,5306,1679400
145,104,99,992810,1785,5405,1740100
146,113,104,992697,1794,5509,1722900
147,78,87,992619,1785,5596,1694000
148,103,81,992516,1807,5677,1715300
149,93,92,992423,1808,5769,2015300
150,106,112,992317,1802,5881,1926400
151,100,70,992217,1832,5951,1763300
152,105,82,992112,1855,6033,1629900
153,112,91,992000,1876,6124,1656900
154,110,95,991890,1891,6219,1644200
155,118,95,991772,1914,6314,1631000
156,110,69,991662,1955,6383,1752600
157,122,109,991540,1968,6492,1756000
158,128,96,991412,2000,6588,1764100
159,131,88,991281,2043,6676,1895200
160,129,107,991152,2065,6783,1668700
161,121,102,991031,2084,6885,1868200
162,108,99,990923,2093,6984,1926300
163,135,106,990788,2122,7090,1757500
164,116,109,990672,2129,7199,1755000
165,126,109,990546,2146,7308,1743400
166,113,131,990433,2128,7439,1701600
167,123,96,990310,2155,7535,1656100
168,143,98,990167,2200,7633,1659200
169,112,117,990055,2195,7750,1646000
170,146,106,989909,2235,7856,1778100
171,118,102,989791,2251,7958,1749100
172,148,121,989643,2278,8079,1737100
173,134,134,989509,2278,8213,1738500
174,119,123,989390,2274,8336,1662200
175,151,108,989239,2317,8444,1691500
176,156,104,989083,2369,8548,1845000
177,160,128,988923,2401,8676,1770800
178,146,115,988777,2432,8791,1745200
179,145,109,988632,2468,8900,1739900
180,163,123,988469,2508,9023,1746700
181,152,152,988317,2508,9175,1793000
182,154,127,988163,2535,9302,1766100
183,161,114,988002,2582,9416,1755700
184,147,114,987855,2615,9530,1664600
185,154,134,987701,2635,9664,1649200
186,153,126,987548,2662,9790,1633300
187,155,138,987393,2679,9928,1766900
188,155,145,987238,2689,10073,1754700
189,163,157,987075,2695,10230,1788900
190,155,128,986920,2722,10358,1771400
191,155,144,986765,2733,10502,1748700
192,125,151,986640,2707,10653,1651900
193,161,152,986479,2716,10805,1672300
194,131,138,986348,2709,10943,1657000
195,160,139,986188,2730,11082,1664300
196,168,135,986020,2763,11217,1764300
197,162,130,985858,2795,11347,1831800
198,168,134,985690,2829,11481,1757100
199,161,144,985529,2846,11625,1745800
200,182,146,985347,2882,11771,1698500
201,146,154,985201,2874,11925,1639700
202,155,161,985046,2868,12086,1632400
203,134,135,984912,2867,12221,1761300
204,162,153,984750,2876,12374,1757500
205,157,138,984593,2895,12512,1794800
206,159,144,984434,2910,12656,1792000
207,166,154,984268,2922,12810,1743200
208,184,130,984084,2976,12940,1692000
209,185,146,983899,3015,13086,1691700
210,199,145,983700,3069,13231,1658100
211,182,152,983518,3099,13383,1856100
212,183,156,983335,3126,13539,1690300
213,184,135,983151,3175,13674,2049500
214,213,152,982938,3236,13826,1811800
215,195,160,982743,3271,13986,1648500
216,185,170,982558,3286,14156,1867200
217,194,162,982364,3318,14318,1794100
218,196,162,982168,3352,14480,1783300
219,188,158,981980,3382,14638,1775000
220,183,164,981797,3401,14802,1757100
221,189,173,981608,3417,14975,2057600
222,180,151,981428,3446,15126,1969700
223,169,183,981259,3432,15309,1769800
224,194,168,981065,3458,15477,1818100
225,185,184,980880,3459,15661,1778500
226,182,166,980698,3475,15827,1775300
227,183,193,980515,3465,16020,1745100
228,206,182,980309,3489,16202,1669100
229,195,156,980114,3528,16358,1652600
230,224,145,979890,3607,16503,1649300
231,201,195,979689,3613,16698,1778300
232,201,171,979488,3643,16869,1761700
233,220,162,979268,3701,17031,1670100
234,188,193,979080,3696,17224,1671700
235,181,190,978899,3687,17414,1668200
236,195,194,978704,3688,17608,1658600
237,200,193,978504,3695,17801,1775100
238,186,185,978318,3696,17986,1760800
239,184,187,978134,3693,18173,1741700
240,193,188,977941,3698,18361,1695800
241,187,170,977754,3715,18531,1953000
242,206,187,977548,3734,18718,1672100
243,202,200,977346,3736,18918,1655000
244,197,193,977149,3740,19111,1644600
245,201,202,976948,3739,19313,1802400
246,194,187,976754,3746,19500,1788700
247,182,182,976572,3746,19682,1686700
248,222,164,976350,3804,19846,1701500
249,234,191,976116,3847,20037,1686700
250,186,177,975930,3856,20214,1652800
251,193,188,975737,3861,20402,1780400
252,228,185,975509,3904,20587,1649400
253,222,211,975287,3915,20798,1730700
254,185,188,975102,3912,20986,1652400
255,212,195,974890,3929,21181,1693100
256,214,201,974676,3942,21382,1853200
257,223,201,974453,3964,21583,1791200
258,227,203,974226,3988,21786,1868600
259,207,191,974019,4004,21977,1765700
260,214,194,973805,4024,22171,1765000
261,218,191,973587,4051,22362,1781100
262,249,191,973338,4109,22553,1766300
263,188,221,973150,4076,22774,1729900
264,231,225,972919,4082,22999,1663200
265,230,207,972689,4105,23206,1674400
266,229,187,972460,4147,23393,1714800
267,229,197,972231,4179,23590,1773300
268,223,200,972008,4202,23790,1800000
269,207,221,971801,4188,24011,1778600
270,241,219,971560,4210,24230,1657400
271,239,232,971321,4217,24462,1661900
272,234,154,971087,4297,24616,1637400
273,238,225,970849,4310,24841,1978700
274,252,228,970597,4334,25069,1682400
275,236,206,970361,4364,25275,2201600
276,243,198,970118,4409,25473,1788600
277,252,218,969866,4443,25691,1806900
278,221,238,969645,4426,25929,1765000
279,243,226,969402,4443,26155,2196900
280,227,201,969175,4469,26356,2040500
281,225,237,968950,4457,26593,1719300
282,243,217,968707,4483,26810,1727800
283,238,220,968469,4501,27030,1676000
284,250,234,968219,4517,27264,1806600
285,231,230,967988,4518,27494,1798500
286,234,210,967754,4542,27704,1770800
287,235,210,967519,4567,27914,1723800
288,256,213,967263,4610,28127,1645500
289,265,222,966998,4653,28349,1787100
290,241,235,966757,4659,28584,1767400
291,251,240,966506,4670,28824,1757200
292,246,222,966260,4694,29046,1794500
293,242,231,966018,4705,29277,1772300
294,236,206,965782,4735,29483,1728300
295,230,212,965552,4753,29695,1732200
296,252,234,965300,4771,29929,1781700
297,273,242,965027,4802,30171,1701500
298,267,275,964760,4794,30446,1706300
299,247,230,964513,4811,30676,1784200
300,236,245,964277,4802,30921,1748400
301,268,245,964009,4825,31166,1770700
302,251,228,963758,4848,31394,1749700
303,246,245,963512,4849,31639,1701900
304,265,229,963247,4885,31868,1675400
305,277,233,962970,4929,32101,1777900
306,232,209,962738,4952,32310,1789200
307,235,239,962503,4948,32549,1741300
308,261,255,962242,4954,32804,1894200
309,263,249,961979,4968,33053,1747000
310,248,243,961731,4973,33296,1745300
311,261,259,961470,4975,33555,1745200
312,289,223,961181,5041,33778,1793100
313,272,245,960909,5068,34023,1773100
314,244,246,960665,5066,34269,1835400
315,269,260,960396,5075,34529,2212600
316,283,246,960113,5112,34775,1889600
317,292,275,959821,5129,35050,1884000
318,257,257,959564,5129,35307,1960900
319,304,257,959260,5176,35564,1733300
320,274,248,958986,5202,35812,1750300
321,266,279,958720,5189,36091,1800500
322,260,257,958460,5192,36348,1807700
323,270,233,958190,5229,36581,2122300
324,311,273,957879,5267,36854,1958800
325,272,236,957607,5303,37090,2096200
326,282,288,957325,5297,37378,1790200
327,294,288,957031,5303,37666,1707900
328,276,262,956755,5317,37928,1801100
329,271,274,956484,5314,38202,1789700
330,280,256,956204,5338,38458,1825100
331,330,257,955874,5411,38715,1889000
332,291,228,955583,5474,38943,1772000
333,319,267,955264,5526,39210,1766600
334,314,253,954950,5587,39463,1812300
335,265,284,954685,5568,39747,1711000
336,307,311,954378,5564,40058,1695700
337,285,311,954093,5538,40369,1672300
338,310,274,953783,5574,40643,1701000
339,300,252,953483,5622,40895,1793700
340,307,287,953176,5642,41182,1756500
341,290,270,952886,5662,41452,1678400
342,305,281,952581,5686,41733,1708400
343,280,259,952301,5707,41992,1789400
344,294,300,952007,5701,42292,1787600
345,294,267,951713,5728,42559,1791200
346,303,305,951410,5726,42864,1760500
347,322,252,951088,5796,43116,1670100
348,337,292,950751,5841,43408,1671200
349,316,282,950435,5875,43690,1682000
350,304,307,950131,5872,43997,1790600
351,279,270,949852,5881,44267,1794800
352,325,300,949527,5906,44567,1784900
353,275,335,949252,5846,44902,1738500
354,297,288,948955,5855,45190,1689200
355,287,299,948668,5843,45489,1680000
356,302,287,948366,5858,45776,1692000
357,288,280,948078,5866,46056,1765100
358,307,318,947771,5855,46374,1714700
359,312,283,947459,5884,46657,1671600
360,296,299,947163,5881,46956,1874100
361,313,304,946850,5890,47260,1795600
362,317,291,946533,5916,47551,1789400
363,313,315,946220,5914,47866,1794600
364,290,278,945930,5926,48144,1730400
365,300,274,945630,5952,48418,1722400
366,306,285,945324,5973,48703,1677200
367,327,292,944997,6008,48995,1674000
368,311,279,944686,6040,49274,1810800
369,312,338,944374,6014,49612,1792900
370,327,323,944047,6018,49935,1765000
371,312,292,943735,6038,50227,1706000
372,338,277,943397,6099,50504,1697900
373,295,310,943102,6084,50814,1683100
374,310,293,942792,6101,51107,1804100
375,308,295,942484,6114,51402,1800300
376,285,304,942199,6095,51706,1804200
377,310,292,941889,6113,51998,1679900
378,335,312,941554,6136,52310,1666600
379,324,319,941230,6141,52629,1967700
380,332,314,940898,6159,52943,1841400
381,297,280,940601,6176,53223,1802100
382,305,283,940296,6198,53506,1811000
383,330,325,939966,6203,53831,1687400
384,345,316,939621,6232,54147,1734800
385,337,321,939284,6248,54468,1684000
386,340,301,938944,6287,54769,1693000
387,323,310,938621,6300,55079,1699900
388,313,351,938308,6262,55430,1868300
389,287,340,938021,6209,55770,1756400
390,259,315,937762,6153,56085,1730100
391,378,291,937384,6240,56376,1680900
392,310,310,937074,6240,56686,1686400
393,345,334,936729,6251,57020,1833600
394,304,340,936425,6215,57360,1810100
395,313,322,936112,6206,57682,1772500
396,325,314,935787,6217,57996,1710800
397,327,308,935460,6236,58304,2050200
398,347,300,935113,6283,58604,1728000
399,363,310,934750,6336,58914,1705900
400,352,302,934398,6386,59216,1817500
401,328,306,934070,6408,59522,1793900
402,326,327,933744,6407,59849,1795700
403,343,345,933401,6405,60194,1783800
404,355,344,933046,6416,60538,1729600
405,322,313,932724,6425,60851,1935000
406,334,345,932390,6414,61196,1877100
407,357,315,932033,6456,61511,1756400
408,356,343,931677,6469,61854,1711700
409,331,316,931346,6484,62170,1821400
410,337,336,931009,6485,62506,1810200
411,352,332,930657,6505,62838,1789400
412,345,305,930312,6545,63143,1743900
413,366,330,929946,6581,63473,1715100
414,370,309,929576,6642,63782,1726900
415,355,324,929221,6673,64106,1845000
416,407,299,928814,6781,64405,1835300
417,369,343,928445,6807,64748,1824700
418,373,373,928072,6807,65121,1794900
419,363,331,927709,6839,65452,1723200
420,362,343,927347,6858,65795,1710800
421,412,330,926935,6940,66125,1676300
422,357,336,926578,6961,66461,2099200
423,377,337,926201,7001,66798,2041300
424,387,361,925814,7027,67159,2028600
425,381,349,925433,7059,67508,1976100
426,378,366,925055,7071,67874,1760700
427,411,334,924644,7148,68208,1877100
428,400,348,924244,7200,68556,1800100
429,403,371,923841,7232,68927,1830300
430,388,339,923453,7281,69266,1811800
431,384,355,923069,7310,69621,1705400
432,385,367,922684,7328,69988,1986300
433,413,347,922271,7394,70335,1750200
434,393,341,921878,7446,70676,1697200
435,402,412,921476,7436,71088,1830300
436,382,356,921094,7462,71444,1870800
437,409,330,920685,7541,71774,1838100
438,370,343,920315,7568,72117,2303800
439,409,393,919906,7584,72510,1827500
440,386,388,919520,7582,72898,1787300
441,389,376,919131,7595,73274,1851200
442,422,373,918709,7644,73647,1822200
443,405,379,918304,7670,74026,1774900
444,433,412,917871,7691,74438,1719600
445,400,370,917471,7721,74808,1766600
446,420,386,917051,7755,75194,1753100
447,395,372,916656,7778,75566,2062900
448,397,412,916259,7763,75978,1846400
449,415,370,915844,7808,76348,1883500
450,398,401,915446,7805,76749,1823700
451,423,382,915023,7846,77131,1792400
452,403,374,914620,7875,77505,1777900
453,386,376,914234,7885,77881,1771000
454,444,405,913790,7924,78286,1764800
455,439,404,913351,7959,78690,2025600
456,420,425,912931,7954,79115,1745100
457,426,373,912505,8007,79488,1864000
458,387,405,912118,7989,79893,1913900
459,447,378,911671,8058,80271,1879300
460,425,444,911246,8039,80715,2078600
461,391,389,910855,8041,81104,1792600
462,443,439,910412,8045,81543,1812200
463,438,363,909974,8120,81906,1846200
464,391,420,909583,8091,82326,1811800
465,449,409,909134,8131,82735,1783900
466,407,382,908727,8156,83117,1791300
467,430,438,908297,8148,83555,1887400
468,430,354,907867,8224,83909,1845800
469,406,385,907461,8245,84294,1765300
470,402,419,907059,8228,84713,2032200
471,407,411,906652,8224,85124,2404500
472,419,395,906233,8248,85519,1815400
473,449,462,905784,8235,85981,1793000
474,412,415,905372,8232,86396,1842400
475,426,435,904946,8223,86831,1802300
476,435,401,904511,8257,87232,1829000
477,409,384,904102,8282,87616,1903200
478,394,405,903708,8271,88021,1800100
479,423,393,903285,8301,88414,1784300
480,448,438,902837,8311,88852,1721400
481,438,404,902399,8345,89256,1844700
482,453,441,901946,8357,89697,1728600
483,470,397,901476,8430,90094,2344000
484,476,437,901000,8469,90531,2077400
485,444,479,900556,8434,91010,1926300
486,443,431,900113,8446,91441,1905100
487,421,371,899692,8496,91812,2004400
488,474,399,899218,8571,92211,2161000
489,403,451,898815,8523,92662,1842500
490,449,420,898366,8552,93082,1706400
491,421,458,897945,8515,93540,1847600
492,435,400,897510,8550,93940,1898400
493,393,408,897117,8535,94348,1829400
494,447,424,896670,8558,94772,1730000
495,457,426,896213,8589,95198,1769600
496,467,442,895746,8614,95640,1730800
497,434,433,895312,8615,96073,1818500
498,424,415,894888,8624,96488,1705400
499,441,446,894447,8619,96934,1725700
500,438,413,894009,8644,97347,1710600
501,420,437,893589,8627,97784,1834600
502,461,424,893128,8664,98208,1835900
503,446,467,892682,8643,98675,2112000
504,417,431,892265,8629,99106,1839900
505,490,425,891775,8694,99531,1800000
506,424,407,891351,8711,99938,1748300
507,408,440,890943,8679,100378,1699600
508,387,477,890556,8589,100855,1699700
509,465,476,890091,8578,101331,1843500
510,413,442,889678,8549,101773,1766200
511,442,442,889236,8549,102215,1836100
512,463,396,888773,8616,102611,1751500
513,426,420,888347,8622,103031,1733600
514,429,400,887918,8651,103431,1713900
515,459,417,887459,8693,103848,1770500
516,487,431,886972,8749,104279,1712200
517,468,409,886504,8808,104688,1715100
518,464,414,886040,8858,105102,1854100
519,470,459,885570,8869,105561,1822800
520,456,420,885114,8905,105981,1774600
521,443,444,884671,8904,106425,1724300
522,452,432,884219,8924,106857,1706400
523,444,452,883775,8916,107309,1852100
524,459,464,883316,8911,107773,1830600
525,469,444,882847,8936,108217,1745300
526,498,427,882349,9007,108644,1719600
527,458,460,881891,9005,109104,1737200
528,510,460,881381,9055,109564,1868500
529,476,467,880905,9064,110031,1888900
530,485,434,880420,9115,110465,1729500
531,493,458,879927,9150,110923,1736300
532,469,436,879458,9183,111359,1976300
533,464,477,878994,9170,111836,1837200
534,452,465,878542,9157,112301,1851600
535,428,466,878114,9119,112767,1843900
536,476,460,877638,9135,113227,1844000
537,456,456,877182,9135,113683,1793500
538,466,443,876716,9158,114126,1828800
539,489,465,876227,9182,114591,1730100
540,447,471,875780,9158,115062,1738300
541,444,449,875336,9153,115511,1835700
542,426,445,874910,9134,115956,1907700
543,472,478,874438,9128,116434,1801500
544,467,475,873971,9120,116909,1789100
545,520,463,873451,9177,117372,1770100
546,445,460,873006,9162,117832,1833900
547,438,446,872568,9154,118278,1735000
548,469,434,872099,9189,118712,1846800
549,499,466,871600,9222,119178,1742500
550,477,472,871123,9227,119650,1674400
551,484,451,870639,9260,120101,1844000
552,457,435,870182,9282,120536,1838800
553,447,432,869735,9297,120968,1798700
554,478,479,869257,9296,121447,1725100
555,458,513,868799,9241,121960,1735700
556,476,414,868323,9303,122374,1857500
557,444,449,867879,9298,122823,1844800
558,481,460,867398,9319,123283,1841800
559,475,451,866923,9343,123734,1785600
560,491,439,866432,9395,124173,1935900
561,465,475,865967,9385,124648,1939400
562,502,472,865465,9415,125120,1911300
563,465,457,865000,9423,125577,1952200
564,471,491,864529,9403,126068,1885900
565,466,482,864063,9387,126550,1796900
566,501,471,863562,9417,127021,1869100
567,466,478,863096,9405,127499,1837000
568,466,429,862630,9442,127928,1730000
569,494,438,862136,9498,128366,1713900
570,522,458,861614,9562,128824,1725200
571,467,490,861147,9539,129314,1861000
572,493,527,860654,9505,129841,1942300
573,534,455,860120,9584,130296,1908000
574,445,511,859675,9518,130807,1870000
575,438,469,859237,9487,131276,1842200
576,444,480,858793,9451,131756,1844100
577,503,467,858290,9487,132223,1834900
578,516,512,857774,9491,132735,1788900
579,491,479,857283,9503,133214,1845700
580,483,445,856800,9541,133659,1896100
581,460,518,856340,9483,134177,1840300
582,476,470,855864,9489,134647,1900300
583,463,500,855401,9452,135147,1886500
584,464,426,854937,9490,135573,1984000
585,449,453,854488,9486,136026,2083300
586,472,493,854016,9465,136519,1940300
587,444,514,853572,9395,137033,1771400
588,434,496,853138,9333,137529,2103900
589,465,486,852673,9312,138015,1857600
590,449,470,852224,9291,138485,1795300
591,439,449,851785,9281,138934,1839500
592,447,462,851338,9266,139396,1866200
593,460,498,850878,9228,139894,1724400
594,473,461,850405,9240,140355,1712300
595,488,467,849917,9261,140822,1938700
596,491,498,849426,9254,141320,1866500
597,491,476,848935,9269,141796,1735300
598,456,456,848479,9269,142252,1673300
599,496,464,847983,9301,142716,1720900
600,458,475,847525,9284,143191,1863300
601,447,428,847078,9303,143619,2114500
602,453,486,846625,9270,144105,2082600
603,522,497,846103,9295,144602,1857900
604,475,416,845628,9354,145018,2086000
605,482,473,845146,9363,145491,1897400
606,501,456,844645,9408,145947,2028200
607,413,460,844232,9361,146407,1926000
608,500,495,843732,9366,146902,2157900
609,442,481,843290,9327,147383,1871200
610,455,462,842835,9320,147845,1869200
611,479,466,842356,9333,148311,1795800
612,464,467,841892,9330,148778,1680000
613,507,460,841385,9377,149238,1751600
614,501,481,840884,9397,149719,1791600
615,469,470,840415,9396,150189,2047600
616,480,483,839935,9393,150672,1818100
617,447,490,839488,9350,151162,1761400
618,485,491,839003,9344,151653,1879700
619,469,480,838534,9333,152133,1810400
620,488,453,838046,9368,152586,1918000
621,492,512,837554,9348,153098,1889200
622,493,475,837061,9366,153573,1855500
623,448,472,836613,9342,154045,1803800
624,471,478,836142,9335,154523,1822500
625,485,457,835657,9363,154980,1796200
626,440,466,835217,9337,155446,1793500
627,489,465,834728,9361,155911,1808400
628,442,510,834286,9293,156421,1850000
629,496,467,833790,9322,156888,1758000
630,454,455,833336,9321,157343,1761800
631,479,473,832857,9327,157816,1788000
632,493,478,832364,9342,158294,1782300
633,491,505,831873,9328,158799,1729500
634,449,461,831424,9316,159260,1935000
635,490,459,830934,9347,159719,1827200
636,438,457,830496,9328,160176,1776800
637,494,476,830002,9346,160652,1776300
638,436,470,829566,9312,161122,1724900
639,446,442,829120,9316,161564,1813700
640,454,477,828666,9293,162041,1831300
641,469,487,828197,9275,162528,2010400
642,477,512,827720,9240,163040,1926000
643,481,487,827239,9234,163527,1816600
644,487,497,826752,9224,164024,1850700
645,468,497,826284,9195,164521,1909400
646,467,447,825817,9215,164968,2147100
647,484,500,825333,9199,165468,1924700
648,447,476,824886,9170,165944,1870800
649,470,417,824416,9223,166361,1922800
650,479,457,823937,9245,166818,1860400
651,506,447,823431,9304,167265,1824600
652,467,463,822964,9308,167728,1766000
653,488,457,822476,9339,168185,1784800
654,482,471,821994,9350,168656,1811000
655,467,473,821527,9344,169129,1857600
656,500,421,821027,9423,169550,1884700
657,475,456,820552,9442,170006,1787600
658,488,510,820064,9420,170516,1807600
659,494,521,819570,9393,171037,1859500
660,440,478,819130,9355,171515,1852500
661,462,489,818668,9328,172004,1795700
662,485,445,818183,9368,172449,1810000
663,513,466,817670,9415,172915,1996900
664,520,465,817150,9470,173380,2010800
665,490,483,816660,9477,173863,1814500
666,504,467,816156,9514,174330,1757400
667,462,459,815694,9517,174789,1719300
668,510,485,815184,9542,175274,1823600
669,492,476,814692,9558,175750,1774800
670,485,485,814207,9558,176235,1917600
671,485,471,813722,9572,176706,1733000
672,499,457,813223,9614,177163,2109100
673,451,532,812772,9533,177695,1872000
674,500,472,812272,9561,178167,1871700
675,467,468,811805,9560,178635,1854300
676,498,480,811307,9578,179115,1757300
677,540,511,810767,9607,179626,1764700
678,504,493,810263,9618,180119,1848700
679,470,499,809793,9589,180618,1793800
680,509,514,809284,9584,181132,1861700
681,478,463,808806,9599,181595,1850800
682,499,443,808307,9655,182038,1803300
683,452,472,807855,9635,182510,1741800
684,505,454,807350,9686,182964,1971700
685,484,483,806866,9687,183447,1875900
686,475,438,806391,9724,183885,1775300
687,500,491,805891,9733,184376,1840400
688,487,487,805404,9733,184863,1836800
689,520,505,804884,9748,185368,1745700
690,528,485,804356,9791,185853,1834000
691,497,468,803859,9820,186321,1792300
692,497,476,803362,9841,186797,1848000
693,518,496,802844,9863,187293,1892400
694,487,509,802357,9841,187802,1809500
695,491,514,801866,9818,188316,1802800
696,502,491,801364,9829,188807,1808800
697,514,488,800850,9855,189295,1764900
698,505,495,800345,9865,189790,1861100
699,462,503,799883,9824,190293,1853000
700,543,516,799340,9851,190809,1810000
701,495,490,798845,9856,191299,1952100
702,538,513,798307,9881,191812,1765800
703,474,545,797833,9810,192357,1814100
704,499,514,797334,9795,192871,1863000
705,472,493,796862,9774,193364,1869500
706,462,462,796400,9774,193826,1797500
707,537,457,795863,9854,194283,1759900
708,477,497,795386,9834,194780,1774600
709,515,507,794871,9842,195287,1852100
710,516,482,794355,9876,195769,1865500
711,491,459,793864,9908,196228,1923400
712,509,496,793355,9921,196724,1830200
713,501,471,792854,9951,197195,1776200
714,487,518,792367,9920,197713,1769800
715,488,469,791879,9939,198182,1742200
716,511,462,791368,9988,198644,1868000
717,510,498,790858,10000,199142,2129800
718,472,476,790386,9996,199618,1863500
719,478,502,789908,9972,200120,1836600
720,495,507,789413,9960,200627,1779100
721,512,528,788901,9944,201155,1737500
722,499,543,788402,9900,201698,1746700
723,523,457,787879,9966,202155,1725900
724,506,471,787373,10001,202626,1788100
725,508,509,786865,10000,203135,1730700
726,506,480,786359,10026,203615,1676100
727,519,508,785840,10037,204123,1837400
728,532,502,785308,10067,204625,1788900
729,503,490,784805,10080,205115,1730400
730,470,509,784335,10041,205624,2001300
731,473,484,783862,10030,206108,1844300
732,508,524,783354,10014,206632,1749500
733,529,526,782825,10017,207158,1843900
734,504,518,782321,10003,207676,1777300
735,475,501,781846,9977,208177,1729900
736,490,493,781356,9974,208670,1731200
737,501,509,780855,9966,209179,1842900
738,500,471,780355,9995,209650,1821200
739,539,516,779816,10018,210166,1719100
740,472,486,779344,10004,210652,2045900
741,511,468,778833,10047,211120,1755100
742,548,525,778285,10070,211645,1849300
743,518,455,777767,10133,212100,1842800
744,476,466,777291,10143,212566,1818400
745,526,515,776765,10154,213081,1838900
746,505,481,776260,10178,213562,1767100
747,514,534,775746,10158,214096,1737400
748,549,523,775197,10184,214619,2000000
749,509,476,774688,10217,215095,1768200
750,533,528,774155,10222,215623,2319300
751,539,554,773616,10207,216177,1862200
752,540,506,773076,10241,216683,1832000
753,489,506,772587,10224,217189,1868000
754,494,524,772093,10194,217713,1786300
755,510,496,771583,10208,218209,1732800
756,536,496,771047,10248,218705,1731800
757,514,520,770533,10242,219225,1746300
758,524,514,770009,10252,219739,1851800
759,584,506,769425,10330,220245,1743600
760,519,502,768906,10347,220747,1734000
761,490,527,768416,10310,221274,1852500
762,529,489,767887,10350,221763,2075300
763,509,496,767378,10363,222259,1872400
764,478,523,766900,10318,222782,1806500
765,517,484,766383,10351,223266,1811600
766,526,528,765857,10349,223794,2116300
767,526,521,765331,10354,224315,1848700
768,532,529,764799,10357,224844,1903300
769,491,501,764308,10347,225345,1743400
770,509,498,763799,10358,225843,1726000
771,479,526,763320,10311,226369,1817100
772,558,517,762762,10352,226886,1772900
773,535,503,762227,10384,227389,1730300
774,520,531,761707,10373,227920,1977400
775,491,539,761216,10325,228459,1770600
776,499,523,760717,10301,228982,1874300
777,496,501,760221,10296,229483,1847500
778,507,495,759714,10308,229978,1736000
779,504,502,759210,10310,230480,1740000
780,572,538,758638,10344,231018,1741700
781,510,524,758128,10330,231542,1877700
782,499,515,757629,10314,232057,2106300
783,519,516,757110,10317,232573,1913500
784,521,504,756589,10334,233077,1772000
785,498,527,756091,10305,233604,1908800
786,480,482,755611,10303,234086,1872700
787,525,504,755086,10324,234590,1776400
788,478,519,754608,10283,235109,1776100
789,516,492,754092,10307,235601,1905900
790,540,530,753552,10317,236131,1824300
791,533,510,753019,10340,236641,1879300
792,563,506,752456,10397,237147,2068500
793,568,560,751888,10405,237707,1774300
794,554,512,751334,10447,238219,1811600
795,526,535,750808,10438,238754,1881600
796,529,549,750279,10418,239303,1797500
797,533,551,749746,10400,239854,1880300
798,514,486,749232,10428,240340,1806800
799,564,477,748668,10515,240817,1814100
800,555,542,748113,10528,241359,1875000
801,522,557,747591,10493,241916,1847700
802,502,528,747089,10467,242444,1879200
803,511,519,746578,10459,242963,1782500
804,523,523,746055,10459,243486,1811900
805,524,522,745531,10461,244008,1791300
806,495,525,745036,10431,244533,1763900
807,552,579,744484,10404,245112,1945000
808,484,520,744000,10368,245632,1808200
809,520,527,743480,10361,246159,1818400
810,540,507,742940,10394,246666,1858300
811,550,527,742390,10417,247193,1776900
812,521,549,741869,10389,247742,1780400
813,502,537,741367,10354,248279,1826200
814,476,528,740891,10302,248807,1857100
815,504,522,740387,10284,249329,1829400
816,506,489,739881,10301,249818,2016500
817,538,508,739343,10331,250326,1922000
818,578,520,738765,10389,250846,1950900
819,494,521,738271,10362,251367,2013500
820,514,519,737757,10357,251886,1873800
821,491,553,737266,10295,252439,1780500
822,511,495,736755,10311,252934,1928200
823,524,523,736231,10312,253457,1954800
824,531,523,735700,10320,253980,1919400
825,488,499,735212,10309,254479,1842800
826,524,523,734688,10310,255002,1871400
827,535,497,734153,10348,255499,1861500
828,546,563,733607,10331,256062,2055600
829,487,499,733120,10319,256561,1847000
830,510,550,732610,10279,257111,1842600
831,505,508,732105,10276,257619,2138900
832,519,518,731586,10277,258137,2102700
833,509,518,731077,10268,258655,1924200
834,546,525,730531,10289,259180,1923000
835,528,536,730003,10281,259716,1959200
836,535,512,729468,10304,260228,1920400
837,605,528,728863,10381,260756,1897600
838,550,529,728313,10402,261285,1889600
839,544,523,727769,10423,261808,2052000
840,514,508,727255,10429,262316,1923700
841,505,512,726750,10422,262828,2072800
842,516,495,726234,10443,263323,1917500
843,536,498,725698,10481,263821,1906100
844,528,529,725170,10480,264350,1928600
845,535,542,724635,10473,264892,1893700
846,534,495,724101,10512,265387,1935200
847,542,450,723559,10604,265837,1879100
848,559,538,723000,10625,266375,2096300
849,513,543,722487,10595,266918,1903900
850,523,547,721964,10571,267465,1885300
851,555,524,721409,10602,267989,1887100
852,524,565,720885,10561,268554,1990000
853,558,489,720327,10630,269043,1978600
854,563,541,719764,10652,269584,1970000
855,565,507,719199,10710,270091,1975900
856,564,557,718635,10717,270648,1974100
857,554,511,718081,10760,271159,2016000
858,566,548,717515,10778,271707,1932800
859,536,569,716979,10745,272276,1921900
860,547,550,716432,10742,272826,1823500
861,562,543,715870,10761,273369,1935700
862,554,537,715316,10778,273906,1926600
863,564,541,714752,10801,274447,1933800
864,532,523,714220,10810,274970,2041100
865,542,530,713678,10822,275500,1978000
866,523,515,713155,10830,276015,2032900
867,554,564,712601,10820,276579,1998900
868,553,513,712048,10860,277092,2021200
869,540,590,711508,10810,277682,2151400
870,556,522,710952,10844,278204,1954500
871,546,549,710406,10841,278753,2014600
872,530,497,709876,10874,279250,1974400
873,533,532,709343,10875,279782,1933700
874,536,536,708807,10875,280318,1934400
875,521,525,708286,10871,280843,1939500
876,531,511,707755,10891,281354,2132500
877,527,550,707228,10868,281904,1914100
878,541,536,706687,10873,282440,1785300
879,541,492,706146,10922,282932,1920300
880,506,514,705640,10914,283446,1799600
881,549,556,705091,10907,284002,1822700
882,546,568,704545,10885,284570,1892600
883,528,517,704017,10896,285087,1933800
884,504,555,703513,10845,285642,1853300
885,533,547,702980,10831,286189,1864000
886,544,541,702436,10834,286730,1860700
887,592,496,701844,10930,287226,1864500
888,520,529,701324,10921,287755,1785800
889,518,547,700806,10892,288302,1930200
890,510,518,700296,10884,288820,1833800
891,510,516,699786,10878,289336,1763600
892,516,561,699270,10833,289897,1847300
893,500,540,698770,10793,290437,2019300
894,548,524,698222,10817,290961,1858400
895,517,570,697705,10764,291531,2185100
896,571,536,697134,10799,292067,2101500
897,534,543,696600,10790,292610,1915400
898,562,516,696038,10836,293126,1853700
899,551,561,695487,10826,293687,1788400
900,540,536,694947,10830,294223,1819200
901,538,570,694409,10798,294793,1792500
902,545,605,693864,10738,295398,1718000
903,549,552,693315,10735,295950,1853500
904,539,539,692776,10735,296489,1803400
905,526,529,692250,10732,297018,2206500
906,506,543,691744,10695,297561,1874200
907,559,521,691185,10733,298082,1959000
908,547,556,690638,10724,298638,1759500
909,538,507,690100,10755,299145,1761800
910,542,519,689558,10778,299664,1875500
911,527,563,689031,10742,300227,1871400
912,555,546,688476,10751,300773,1966500
913,481,523,687995,10709,301296,1791600
914,505,542,687490,10672,301838,1789200
915,533,516,686957,10689,302354,1858400
916,531,492,686426,10728,302846,1912000
917,510,515,685916,10723,303361,1863600
918,550,535,685366,10738,303896,1734400
919,540,549,684826,10729,304445,1804800
920,559,543,684267,10745,304988,2063600
921,578,540,683689,10783,305528,1938300
922,516,571,683173,10728,306099,1808400
923,545,515,682628,10758,306614,2025500
924,567,545,682061,10780,307159,2107400
925,581,550,681480,10811,307709,1827300
926,588,518,680892,10881,308227,1875800
927,540,565,680352,10856,308792,1818700
928,565,586,679787,10835,309378,1919100
929,596,522,679191,10909,309900,1857900
930,579,568,678612,10920,310468,1903800
931,530,533,678082,10917,311001,1828900
932,540,569,677542,10888,311570,1754600
933,527,565,677015,10850,312135,1733400
934,534,541,676481,10843,312676,1858600
935,501,559,675980,10785,313235,1864200
936,562,542,675418,10805,313777,1987400
937,551,600,674867,10756,314377,1825000
938,510,563,674357,10703,314940,1755700
939,523,516,673834,10710,315456,1849100
940,506,566,673328,10650,316022,1765300
941,557,547,672771,10660,316569,1863600
942,572,541,672199,10691,317110,1749000
943,515,525,671684,10681,317635,1750300
944,559,489,671125,10751,318124,2107000
945,532,536,670593,10747,318660,1867800
946,518,536,670075,10729,319196,1729000
947,548,515,669527,10762,319711,1893800
948,535,534,668992,10763,320245,1856000
949,522,541,668470,10744,320786,1778300
950,557,561,667913,10740,321347,2025100
951,558,545,667355,10753,321892,1765700
952,547,522,666808,10778,322414,1804900
953,549,560,666259,10767,322974,1870200
954,533,573,665726,10727,323547,1876500
955,529,511,665197,10745,324058,1889800
956,537,533,664660,10749,324591,1943700
957,550,534,664110,10765,325125,1818900
958,545,544,663565,10766,325669,1772100
959,558,523,663007,10801,326192,1839000
960,594,522,662413,10873,326714,1969000
961,571,571,661842,10873,327285,2068500
962,540,563,661302,10850,327848,1798200
963,579,499,660723,10930,328347,1882200
964,553,555,660170,10928,328902,1936100
965,548,529,659622,10947,329431,1928300
966,555,545,659067,10957,329976,1968200
967,517,532,658550,10942,330508,2105800
968,553,549,657997,10946,331057,1760900
969,506,542,657491,10910,331599,1850200
970,542,561,656949,10891,332160,1738400
971,522,528,656427,10885,332688,1748800
972,567,513,655860,10939,333201,1773400
973,515,531,655345,10923,333732,1839200
974,555,555,654790,10923,334287,2004200
975,511,564,654279,10870,334851,1891400
976,534,530,653745,10874,335381,1848300
977,573,569,653172,10878,335950,1860900
978,526,554,652646,10850,336504,1770700
979,525,559,652121,10816,337063,1748200
980,551,492,651570,10875,337555,1877000
981,534,541,651036,10868,338096,1835500
982,526,521,650510,10873,338617,1714600
983,548,505,649962,10916,339122,1740300
984,538,547,649424,10907,339669,1836900
985,562,573,648862,10896,340242,1836300
986,525,553,648337,10868,340795,1875200
987,538,523,647799,10883,341318,1811500
988,556,497,647243,10942,341815,1741600
989,542,517,646701,10967,342332,1747400
990,576,577,646125,10966,342909,1857900
991,543,530,645582,10979,343439,1869700
992,530,542,645052,10967,343981,1876100
993,553,518,644499,11002,344499,1724800
994,530,522,643969,11010,345021,1759500
995,524,531,643445,11003,345552,1745900
996,557,540,642888,11020,346092,1754900
997,536,580,642352,10976,346672,1695000
998,549,556,641803,10969,347228,1751400
999,481,543,641322,10907,347771,1866700
1000,529,545,640793,10891,348316,1859900
1001,529,549,640264,10871,348865,1833900
1002,531,541,639733,10861,349406,1854200
1003,548,545,639185,10864,349951,1748600
1004,559,535,638626,10888,350486,1742900
1005,543,547,638083,10884,351033,1872200
1006,530,497,637553,10917,351530,1855800
1007,499,501,637054,10915,352031,1789800
1008,554,518,636500,10951,352549,1678200
1009,524,553,635976,10922,353102,1740600
1010,500,586,635476,10836,353688,1854000
1011,532,499,634944,10869,354187,1896300
1012,503,555,634441,10817,354742,1742100
1013,513,521,633928,10809,355263,1730600
1014,550,532,633378,10827,355795,1735300
1015,560,523,632818,10864,356318,1855000
1016,574,535,632244,10903,356853,1812900
1017,542,536,631702,10909,357389,1750400
1018,502,519,631200,10892,357908,1754100
1019,497,548,630703,10841,358456,1723900
1020,533,533,630170,10841,358989,1952200
1021,520,579,629650,10782,359568,1801000
1022,491,557,629159,10716,360125,1771400
1023,556,545,628603,10727,360670,1791600
1024,518,564,628085,10681,361234,1873600
1025,549,556,627536,10674,361790,1758900
1026,514,552,627022,10636,362342,1832200
1027,528,547,626494,10617,362889,1724000
1028,519,533,625975,10603,363422,1950100
1029,548,525,625427,10626,363947,2174700
1030,531,539,624896,10618,364486,1816400
1031,552,538,624344,10632,365024,1760200
1032,573,522,623771,10683,365546,1864100
1033,547,533,623224,10697,366079,1870800
1034,571,511,622653,10757,366590,2085000
1035,568,565,622085,10760,367155,1882600
1036,565,538,621520,10787,367693,1848600
1037,535,504,620985,10818,368197,1802200
1038,541,518,620444,10841,368715,1710800
1039,564,542,619880,10863,369257,2022600
1040,569,500,619311,10932,369757,1984200
1041,539,548,618772,10923,370305,1839200
1042,521,573,618251,10871,370878,1871400
1043,493,492,617758,10872,371370,1852500
1044,552,532,617206,10892,371902,1737300
1045,525,530,616681,10887,372432,1761600
1046,540,542,616141,10885,372974,1774100
1047,512,499,615629,10898,373473,1953100
1048,519,559,615110,10858,374032,1843300
1049,556,576,614554,10838,374608,1874500
1050,551,539,614003,10850,375147,1970000
1051,557,526,613446,10881,375673,2146600
1052,530,539,612916,10872,376212,1986200
1053,553,537,612363,10888,376749,2124800
1054,508,542,611855,10854,377291,1758500
1055,557,560,611298,10851,377851,1843300
1056,551,566,610747,10836,378417,1738100
1057,549,535,610198,10850,378952,1728700
1058,574,506,609624,10918,379458,1863400
1059,563,527,609061,10954,379985,1864600
1060,526,504,608535,10976,380489,1809200
1061,562,537,607973,11001,381026,1865300
1062,552,546,607421,11007,381572,1820100
1063,560,540,606861,11027,382112,1835400
1064,551,568,606310,11010,382680,1835200
1065,518,547,605792,10981,383227,1952400
1066,528,564,605264,10945,383791,1920800
1067,502,529,604762,10918,384320,1865100
1068,544,561,604218,10901,384881,1777700
1069,516,533,603702,10884,385414,1881600
1070,549,521,603153,10912,385935,2061000
1071,556,533,602597,10935,386468,1850300
1072,499,524,602098,10910,386992,1773300
1073,511,517,601587,10904,387509,1793300
1074,546,539,601041,10911,388048,1894400
1075,515,563,600526,10863,388611,1724800
1076,533,561,599993,10835,389172,1743200
1077,533,512,599460,10856,389684,1747300
1078,563,529,598897,10890,390213,1894000
1079,555,508,598342,10937,390721,2180800
1080,488,572,597854,10853,391293,2189000
1081,541,500,597313,10894,391793,1877400
1082,554,555,596759,10893,392348,1754100
1083,514,529,596245,10878,392877,1964100
1084,551,543,595694,10886,393420,2070800
1085,579,603,595115,10862,394023,2059200
1086,544,508,594571,10898,394531,2020400
1087,551,570,594020,10879,395101,2063700
1088,547,559,593473,10867,395660,2067500
1089,520,527,592953,10860,396187,1847600
1090,536,540,592417,10856,396727,1858400
1091,557,551,591860,10862,397278,1861300
1092,554,535,591306,10881,397813,1867700
1093,578,528,590728,10931,398341,1788100
1094,547,593,590181,10885,398934,1738100
1095,549,576,589632,10858,399510,1740900
1096,587,550,589045,10895,400060,1743600
1097,569,537,588476,10927,400597,1840800
1098,584,551,587892,10960,401148,2017700
1099,545,568,587347,10937,401716,1743800
1100,504,567,586843,10874,402283,1903400
1101,518,551,586325,10841,402834,1753100
1102,509,535,585816,10815,403369,1930600
1103,545,551,585271,10809,403920,1876900
1104,531,539,584740,10801,404459,1735100
1105,559,562,584181,10798,405021,1832800
1106,483,526,583698,10755,405547,1734400
1107,532,545,583166,10742,406092,1730600
1108,509,551,582657,10700,406643,1740900
1109,491,531,582166,10660,407174,1781200
1110,516,545,581650,10631,407719,1729900
1111,509,520,581141,10620,408239,1726400
1112,497,550,580644,10567,408789,1871200
1113,525,508,580119,10584,409297,1733700
1114,575,572,579544,10587,409869,1989000
1115,544,528,579000,10603,410397,1947900
1116,548,579,578452,10572,410976,1739800
1117,546,514,577906,10604,411490,1733900
1118,513,534,577393,10583,412024,1871100
1119,499,528,576894,10554,412552,1771400
1120,513,511,576381,10556,413063,1736900
1121,500,525,575881,10531,413588,2114200
1122,590,524,575291,10597,414112,2124200
1123,542,517,574749,10622,414629,1879200
1124,562,531,574187,10653,415160,1920400
1125,496,534,573691,10615,415694,1884800
1126,513,558,573178,10570,416252,1882700
1127,516,529,572662,10557,416781,1831800
1128,512,531,572150,10538,417312,1922100
1129,528,519,571622,10547,417831,1942000
1130,525,534,571097,10538,418365,1970900
1131,519,571,570578,10486,418936,1956900
1132,550,525,570028,10511,419461,1912100
1133,539,545,569489,10505,420006,1971400
1134,559,529,568930,10535,420535,2046000
1135,553,525,568377,10563,421060,1934300
1136,530,528,567847,10565,421588,1944300
1137,512,535,567335,10542,422123,2202700
1138,548,528,566787,10562,422651,1942200
1139,551,539,566236,10574,423190,1975200
1140,541,545,565695,10570,423735,2102900
1141,492,537,565203,10525,424272,1896200
1142,524,566,564679,10483,424838,1979400
1143,537,507,564142,10513,425345,1925800
1144,520,512,563622,10521,425857,1965900
1145,530,588,563092,10463,426445,1852700
1146,548,517,562544,10494,426962,1784400
1147,528,503,562016,10519,427465,1757100
1148,514,538,561502,10495,428003,1866100
1149,513,533,560989,10475,428536,1845200
1150,529,528,560460,10476,429064,1830100
1151,544,522,559916,10498,429586,1812600
1152,535,509,559381,10524,430095,1872100
1153,557,527,558824,10554,430622,1890900
1154,529,551,558295,10532,431173,1788100
1155,496,558,557799,10470,431731,1882100
1156,557,506,557242,10521,432237,1819900
1157,539,487,556703,10573,432724,1814600
1158,548,540,556155,10581,433264,1834700
1159,546,543,555609,10584,433807,1793100
1160,540,554,555069,10570,434361,1776000
1161,534,539,554535,10565,434900,1850100
1162,523,547,554012,10541,435447,1863300
1163,517,530,553495,10528,435977,1912000
1164,531,493,552964,10566,436470,1849200
1165,551,534,552413,10583,437004,1878900
1166,542,510,551871,10615,437514,1789400
1167,542,529,551329,10628,438043,1759500
1168,494,546,550835,10576,438589,1838200
1169,577,548,550258,10605,439137,1989500
1170,578,531,549680,10652,439668,2125800
1171,566,527,549114,10691,440195,1914800
1172,571,548,548543,10714,440743,2015000
1173,534,509,548009,10739,441252,1836900
1174,539,574,547470,10704,441826,2180400
1175,525,550,546945,10679,442376,1937000
1176,536,534,546409,10681,442910,1963800
1177,505,550,545904,10636,443460,1859300
1178,559,505,545345,10690,443965,1869800
1179,552,510,544793,10732,444475,1900600
1180,530,523,544263,10739,444998,1894700
1181,515,537,543748,10717,445535,1848300
1182,532,552,543216,10697,446087,1840700
1183,540,548,542676,10689,446635,1783800
1184,542,562,542134,10669,447197,1834000
1185,534,511,541600,10692,447708,1952300
1186,520,540,541080,10672,448248,1921200
1187,534,517,540546,10689,448765,1868500
1188,553,539,539993,10703,449304,1825400
1189,554,540,539439,10717,449844,1891500
1190,538,540,538901,10715,450384,1976500
1191,517,569,538384,10663,450953,1818800
1192,560,534,537824,10689,451487,1906800
1193,526,517,537298,10698,452004,1871900
1194,578,538,536720,10738,452542,1926000
1195,553,503,536167,10788,453045,1978900
1196,507,547,535660,10748,453592,2014100
1197,510,522,535150,10736,454114,1906000
1198,478,528,534672,10686,454642,1886600
1199,518,584,534154,10620,455226,1858100
1200,538,530,533616,10628,455756,1864200
1201,493,534,533123,10587,456290,1923600
1202,542,519,532581,10610,456809,1919700
1203,561,538,532020,10633,457347,2022700
1204,522,506,531498,10649,457853,1875400
1205,507,549,530991,10607,458402,1920500
1206,532,554,530459,10585,458956,1876700
1207,528,514,529931,10599,459470,1840700
1208,561,526,529370,10634,459996,1908700
1209,519,533,528851,10620,460529,1870000
1210,523,532,528328,10611,461061,1876300
1211,569,521,527759,10659,461582,1837400
1212,562,518,527197,10703,462100,2005800
1213,504,525,526693,10682,462625,2063900
1214,534,512,526159,10704,463137,2054200
1215,526,525,525633,10705,463662,1830600
1216,538,491,525095,10752,464153,1849500
1217,552,542,524543,10762,464695,1805100
1218,523,576,524020,10709,465271,2097000
1219,513,568,523507,10654,465839,1801200
1220,529,545,522978,10638,466384,1801900
1221,516,548,522462,10606,466932,1870600
1222,548,484,521914,10670,467416,1837700
1223,543,570,521371,10643,467986,1823200
1224,528,523,520843,10648,468509,1841300
1225,507,532,520336,10623,469041,1802600
1226,559,555,519777,10627,469596,1801900
1227,550,524,519227,10653,470120,1878500
1228,574,536,518653,10691,470656,1827000
1229,522,539,518131,10674,471195,1809800
1230,585,531,517546,10728,471726,1749300
1231,574,543,516972,10759,472269,1847000
1232,586,540,516386,10805,472809,1810300
1233,602,502,515784,10905,473311,1869900
1234,563,568,515221,10900,473879,1749800
1235,505,507,514716,10898,474386,1832600
1236,501,533,514215,10866,474919,1801000
1237,518,507,513697,10877,475426,1753100
1238,537,503,513160,10911,475929,1840600
1239,543,533,512617,10921,476462,1848800
1240,522,530,512095,10913,476992,1839000
1241,543,566,511552,10890,477558,2162300
1242,527,549,511025,10868,478107,1748100
1243,538,554,510487,10852,478661,1779100
1244,508,540,509979,10820,479201,1883100
1245,543,564,509436,10799,479765,1933400
1246,502,492,508934,10809,480257,1931700
1247,561,536,508373,10834,480793,1897300
1248,539,575,507834,10798,481368,1854800
1249,515,543,507319,10770,481911,1817700
1250,531,532,506788,10769,482443,1822800
1251,513,556,506275,10726,482999,1820900
1252,527,510,505748,10743,483509,2144900
1253,505,587,505243,10661,484096,1874100
1254,547,558,504696,10650,484654,1852600
1255,500,522,504196,10628,485176,1859100
1256,519,520,503677,10627,485696,2024500
1257,534,532,503143,10629,486228,1812700
1258,496,528,502647,10597,486756,1818700
1259,527,517,502120,10607,487273,1849300
1260,548,527,501572,10628,487800,1786100
1261,551,510,501021,10669,488310,1859600
1262,531,528,500490,10672,488838,1817700
1263,541,521,499949,10692,489359,1893800
1264,542,535,499407,10699,489894,1861000
1265,552,549,498855,10702,490443,1872500
1266,545,529,498310,10718,490972,1764300
1267,563,533,497747,10748,491505,1804300
1268,526,501,497221,10773,492006,2152800
1269,561,498,496660,10836,492504,2053700
1270,529,549,496131,10816,493053,2047300
1271,570,554,495561,10832,493607,1827000
1272,498,566,495063,10764,494173,1861400
1273,499,490,494564,10773,494663,2021700
1274,557,528,494007,10802,495191,2133900
1275,528,504,493479,10826,495695,2130500
1276,554,517,492925,10863,496212,2156800
1277,535,535,492390,10863,496747,1984300
1278,558,564,491832,10857,497311,1980500
1279,559,547,491273,10869,497858,2135200
1280,493,537,490780,10825,498395,1999300
1281,544,524,490236,10845,498919,1938700
1282,560,517,489676,10888,499436,1962600
1283,509,561,489167,10836,499997,2115800
1284,545,556,488622,10825,500553,1940200
1285,529,529,488093,10825,501082,2082400
1286,553,573,487540,10805,501655,2139000
1287,567,567,486973,10805,502222,2224200
1288,566,565,486407,10806,502787,2001500
1289,554,517,485853,10843,503304,2013000
1290,511,531,485342,10823,503835,2039800
1291,512,560,484830,10775,504395,2082800
1292,509,533,484321,10751,504928,2045700
1293,541,524,483780,10768,505452,1975700
1294,583,530,483197,10821,505982,1944500
1295,532,540,482665,10813,506522,2146400
1296,554,555,482111,10812,507077,1967500
1297,506,573,481605,10745,507650,2008700
1298,541,516,481064,10770,508166,2052600
1299,578,515,480486,10833,508681,1965300
1300,572,548,479914,10857,509229,1947900
1301,556,553,479358,10860,509782,1909800
1302,571,549,478787,10882,510331,1863200
1303,548,585,478239,10845,510916,1930600
1304,589,559,477650,10875,511475,1879200
1305,544,591,477106,10828,512066,2140500
1306,537,541,476569,10824,512607,2088400
1307,568,491,476001,10901,513098,1997700
1308,548,556,475453,10893,513654,1947600
1309,575,556,474878,10912,514210,1963600
1310,559,529,474319,10942,514739,2379000
1311,565,571,473754,10936,515310,1916000
1312,485,538,473269,10883,515848,1862600
1313,558,546,472711,10895,516394,2086500
1314,545,556,472166,10884,516950,1949500
1315,556,547,471610,10893,517497,1929900
1316,562,571,471048,10884,518068,1869000
1317,559,500,470489,10943,518568,1888200
1318,533,566,469956,10910,519134,1833200
1319,546,521,469410,10935,519655,2002300
1320,539,532,468871,10942,520187,2079900
1321,522,587,468349,10877,520774,1908900
1322,504,539,467845,10842,521313,1894400
1323,521,550,467324,10813,521863,1972200
1324,527,540,466797,10800,522403,1923900
1325,519,561,466278,10758,522964,2101100
1326,531,527,465747,10762,523491,1881500
1327,529,540,465218,10751,524031,2318300
1328,522,534,464696,10739,524565,2100100
1329,505,539,464191,10705,525104,1951900
1330,542,516,463649,10731,525620,1952800
1331,520,519,463129,10732,526139,1883100
1332,518,562,462611,10688,526701,1824400
1333,523,548,462088,10663,527249,1847400
1334,484,537,461604,10610,527786,1880300
1335,538,544,461066,10604,528330,2128800
1336,521,552,460545,10573,528882,2002400
1337,551,506,459994,10618,529388,1887000
1338,508,558,459486,10568,529946,2148100
1339,509,547,458977,10530,530493,1954400
1340,528,511,458449,10547,531004,1952900
1341,556,506,457893,10597,531510,1892000
1342,543,544,457350,10596,532054,1883700
1343,556,534,456794,10618,532588,1815400
1344,580,555,456214,10643,533143,1950500
1345,545,521,455669,10667,533664,1853700
1346,543,540,455126,10670,534204,1813000
1347,553,546,454573,10677,534750,1893500
1348,574,517,453999,10734,535267,2019100
1349,573,552,453426,10755,535819,1899800
1350,528,550,452898,10733,536369,1885300
1351,530,540,452368,10723,536909,1814000
1352,539,545,451829,10717,537454,1832600
1353,519,533,451310,10703,537987,1891100
1354,500,542,450810,10661,538529,1764500
1355,518,521,450292,10658,539050,1717400
1356,560,550,449732,10668,539600,1953300
1357,545,533,449187,10680,540133,1821700
1358,542,549,448645,10673,540682,1836900
1359,533,536,448112,10670,541218,1875000
1360,576,525,447536,10721,541743,1815400
1361,549,524,446987,10746,542267,1811700
1362,576,566,446411,10756,542833,1806900
1363,546,517,445865,10785,543350,1905600
1364,547,563,445318,10769,543913,1809600
1365,552,496,444766,10825,544409,1840000
1366,556,514,444210,10867,544923,1775800
1367,578,543,443632,10902,545466,1795100
1368,549,557,443083,10894,546023,2088400
1369,543,598,442540,10839,546621,2166700
1370,563,547,441977,10855,547168,1797500
1371,564,551,441413,10868,547719,1842200
1372,557,522,440856,10903,548241,1836600
1373,583,525,440273,10961,548766,1796800
1374,547,514,439726,10994,549280,1830600
1375,587,526,439139,11055,549806,1822000
1376,589,554,438550,11090,550360,2085500
1377,602,555,437948,11137,550915,1875600
1378,554,581,437394,11110,551496,1847100
1379,553,571,436841,11092,552067,1890700
1380,571,572,436270,11091,552639,1857500
1381,559,559,435711,11091,553198,1829300
1382,548,557,435163,11082,553755,1844100
1383,558,556,434605,11084,554311,1795100
1384,561,549,434044,11096,554860,1762400
1385,551,564,433493,11083,555424,1880200
1386,550,556,432943,11077,555980,1877200
1387,541,508,432402,11110,556488,1844200
1388,585,542,431817,11153,557030,1750600
1389,560,565,431257,11148,557595,1779700
1390,564,554,430693,11158,558149,1720000
1391,595,573,430098,11180,558722,1840900
1392,570,574,429528,11176,559296,1789200
1393,533,551,428995,11158,559847,1761300
1394,592,556,428403,11194,560403,1737100
1395,577,542,427826,11229,560945,2047500
1396,548,571,427278,11206,561516,1939200
1397,579,559,426699,11226,562075,1920600
1398,551,553,426148,11224,562628,1915100
1399,569,581,425579,11212,563209,1922100
1400,591,560,424988,11243,563769,1934200
1401,551,563,424437,11231,564332,1867300
1402,590,572,423847,11249,564904,2035900
1403,561,578,423286,11232,565482,1855700
1404,532,598,422754,11166,566080,1857600
1405,592,574,422162,11184,566654,1747100
1406,527,558,421635,11153,567212,1722900
1407,548,590,421087,11111,567802,1891300
1408,546,593,420541,11064,568395,1809700
1409,585,549,419956,11100,568944,1730700
1410,537,548,419419,11089,569492,1724800
1411,522,559,418897,11052,570051,1845700
1412,584,554,418313,11082,570605,2002500
1413,555,533,417758,11104,571138,2052500
1414,583,556,417175,11131,571694,1929600
1415,587,503,416588,11215,572197,1901500
1416,535,561,416053,11189,572758,2003500
1417,603,559,415450,11233,573317,1860700
1418,592,544,414858,11281,573861,1912400
1419,555,595,414303,11241,574456,1857500
1420,593,552,413710,11282,575008,1812500
1421,545,560,413165,11267,575568,1749500
1422,572,586,412593,11253,576154,1845600
1423,568,492,412025,11329,576646,1859500
1424,527,593,411498,11263,577239,1802500
1425,549,570,410949,11242,577809,1733100
1426,570,534,410379,11278,578343,1958200
1427,563,557,409816,11284,578900,1801100
1428,566,562,409250,11288,579462,1931200
1429,599,612,408651,11275,580074,1985700
1430,587,524,408064,11338,580598,2081800
1431,627,555,407437,11410,581153,1973000
1432,581,604,406856,11387,581757,1874600
1433,586,549,406270,11424,582306,1863400
1434,536,540,405734,11420,582846,1816000
1435,525,581,405209,11364,583427,1959700
1436,592,588,404617,11368,584015,1799400
1437,560,576,404057,11352,584591,1735300
1438,572,559,403485,11365,585150,1727500
1439,528,564,402957,11329,585714,1876700
1440,519,578,402438,11270,586292,1803700
1441,516,552,401922,11234,586844,1732100
1442,563,528,401359,11269,587372,1718300
1443,539,544,400820,11264,587916,1840500
1444,534,568,400286,11230,588484,1844100
1445,532,544,399754,11218,589028,2134000
1446,560,557,399194,11221,589585,1856700
1447,544,578,398650,11187,590163,1797500
1448,524,539,398126,11172,590702,1793800
1449,536,583,397590,11125,591285,1878600
1450,547,503,397043,11169,591788,2047700
1451,578,546,396465,11201,592334,1895400
1452,532,598,395933,11135,592932,2284500
1453,552,569,395381,11118,593501,2049600
1454,551,588,394830,11081,594089,1955800
1455,543,562,394287,11062,594651,1713200
1456,542,559,393745,11045,595210,1734100
1457,544,569,393201,11020,595779,1840100
1458,597,605,392604,11012,596384,1890900
1459,514,522,392090,11004,596906,1719400
1460,556,520,391534,11040,597426,1719000
1461,549,494,390985,11095,597920,1976000
1462,531,536,390454,11090,598456,1873500
1463,528,500,389926,11118,598956,1851800
1464,549,521,389377,11146,599477,1819900
1465,523,556,388854,11113,600033,1769900
1466,544,562,388310,11095,600595,1744100
1467,554,548,387756,11101,601143,1728900
1468,543,524,387213,11120,601667,1835000
1469,573,581,386640,11112,602248,1792700
1470,535,550,386105,11097,602798,1781100
1471,518,540,385587,11075,603338,1902800
1472,536,573,385051,11038,603911,1848600
1473,522,547,384529,11013,604458,1735700
1474,538,518,383991,11033,604976,1833400
1475,551,527,383440,11057,605503,1903700
1476,579,581,382861,11055,606084,1753600
1477,584,544,382277,11095,606628,1735000
1478,539,575,381738,11059,607203,1844600
1479,562,584,381176,11037,607787,1726800
1480,521,542,380655,11016,608329,1767900
1481,540,526,380115,11030,608855,1741300
1482,566,526,379549,11070,609381,1723200
1483,544,502,379005,11112,609883,1837600
1484,521,522,378484,11111,610405,1839800
1485,521,531,377963,11101,610936,1731200
1486,558,570,377405,11089,611506,1765300
1487,541,493,376864,11137,611999,1868100
1488,518,562,376346,11093,612561,2106000
1489,526,547,375820,11072,613108,2075500
1490,531,515,375289,11088,613623,1876700
1491,558,513,374731,11133,614136,1864500
1492,517,552,374214,11098,614688,1842300
1493,554,541,373660,11111,615229,1794900
1494,536,557,373124,11090,615786,1742400
1495,536,538,372588,11088,616324,1759800
1496,535,529,372053,11094,616853,1738200
1497,553,582,371500,11065,617435,1822300
1498,512,514,370988,11063,617949,1769800
1499,516,580,370472,10999,618529,1719000
1500,467,564,370005,10902,619093,1889100
1501,494,527,369511,10869,619620,1861800
1502,542,496,368969,10915,620116,2097600
1503,498,532,368471,10881,620648,1848600
1504,523,545,367948,10859,621193,1740000
1505,510,545,367438,10824,621738,1719400
1506,524,544,366914,10804,622282,1727000
1507,521,542,366393,10783,622824,1842300
1508,506,524,365887,10765,623348,1822600
1509,495,513,365392,10747,623861,1787900
1510,531,583,364861,10695,624444,1738900
1511,501,520,364360,10676,624964,1740000
1512,512,573,363848,10615,625537,2090000
1513,517,536,363331,10596,626073,2197000
1514,526,526,362805,10596,626599,1841500
1515,519,515,362286,10600,627114,1835500
1516,464,513,361822,10551,627627,1834800
1517,523,485,361299,10589,628112,1808600
1518,521,513,360778,10597,628625,1720900
1519,528,532,360250,10593,629157,1724300
1520,553,557,359697,10589,629714,2122800
1521,474,499,359223,10564,630213,1780400
1522,501,506,358722,10559,630719,1890900
1523,557,526,358165,10590,631245,1869200
1524,526,532,357639,10584,631777,1789900
1525,547,486,357092,10645,632263,1722900
1526,548,553,356544,10640,632816,1817800
1527,525,524,356019,10641,633340,1733000
1528,518,536,355501,10623,633876,1868000
1529,509,515,354992,10617,634391,1877200
1530,531,571,354461,10577,634962,1737600
1531,554,544,353907,10587,635506,1725800
1532,552,509,353355,10630,636015,1728700
1533,523,517,352832,10636,636532,1724700
1534,528,560,352304,10604,637092,1720200
1535,529,557,351775,10576,637649,1927300
1536,549,520,351226,10605,638169,1905300
1537,564,531,350662,10638,638700,1841100
1538,575,510,350087,10703,639210,1839200
1539,521,537,349566,10687,639747,1813600
1540,557,568,349009,10676,640315,1732400
1541,548,521,348461,10703,640836,1783300
1542,483,523,347978,10663,641359,1839900
1543,529,569,347449,10623,641928,1837700
1544,546,524,346903,10645,642452,1833200
1545,553,508,346350,10690,642960,1747400
1546,559,554,345791,10695,643514,1805100
1547,552,543,345239,10704,644057,1870100
1548,529,536,344710,10697,644593,2009100
1549,504,531,344206,10670,645124,1949900
1550,505,558,343701,10617,645682,1850500
1551,509,537,343192,10589,646219,1848900
1552,477,537,342715,10529,646756,1750500
1553,498,495,342217,10532,647251,1741500
1554,522,596,341695,10458,647847,1743300
1555,469,525,341226,10402,648372,2182000
1556,497,531,340729,10368,648903,1775700
1557,493,487,340236,10374,649390,1814700
1558,465,522,339771,10317,649912,1848800
1559,484,492,339287,10309,650404,1776400
1560,499,490,338788,10318,650894,1758200
1561,499,542,338289,10275,651436,1912400
1562,491,537,337798,10229,651973,2052200
1563,442,500,337356,10171,652473,2132100
1564,474,512,336882,10133,652985,1937700
1565,509,467,336373,10175,653452,1836600
1566,507,544,335866,10138,653996,1786900
1567,516,497,335350,10157,654493,1834000
1568,502,477,334848,10182,654970,1788900
1569,476,486,334372,10172,655456,1734600
1570,490,495,333882,10167,655951,1722100
1571,483,552,333399,10098,656503,1843000
1572,486,521,332913,10063,657024,1784000
1573,497,495,332416,10065,657519,1723600
1574,510,493,331906,10082,658012,1730700
1575,526,544,331380,10064,658556,1839900
1576,497,551,330883,10010,659107,1846200
1577,487,504,330396,9993,659611,1803000
1578,499,479,329897,10013,660090,1846200
1579,475,501,329422,9987,660591,1845400
1580,454,508,328968,9933,661099,1743500
1581,447,497,328521,9883,661596,1895700
1582,480,520,328041,9843,662116,1836400
1583,545,500,327496,9888,662616,1800000
1584,499,473,326997,9914,663089,1767300
1585,460,510,326537,9864,663599,1719500
1586,485,458,326052,9891,664057,1707300
1587,494,485,325558,9900,664542,1823000
1588,487,457,325071,9930,664999,1813500
1589,513,473,324558,9970,665472,1749100
1590,531,504,324027,9997,665976,1738400
1591,508,480,323519,10025,666456,1727700
1592,544,540,322975,10029,666996,1946300
1593,526,504,322449,10051,667500,1754400
1594,495,466,321954,10080,667966,1857600
1595,514,501,321440,10093,668467,1720900
1596,503,473,320937,10123,668940,1802400
1597,501,468,320436,10156,669408,1888600
1598,520,510,319916,10166,669918,1846700
1599,523,523,319393,10166,670441,1807800
1600,523,545,318870,10144,670986,1750800
1601,500,541,318370,10103,671527,1734300
1602,541,523,317829,10121,672050,1855900
1603,525,502,317304,10144,672552,1833000
1604,509,511,316795,10142,673063,1780400
1605,533,543,316262,10132,673606,1724000
1606,479,508,315783,10103,674114,1742000
1607,508,528,315275,10083,674642,1893200
1608,488,505,314787,10066,675147,1851500
1609,532,504,314255,10094,675651,1790000
1610,494,507,313761,10081,676158,1753800
1611,485,500,313276,10066,676658,1870500
1612,505,486,312771,10085,677144,1979200
1613,503,511,312268,10077,677655,1995700
1614,489,484,311779,10082,678139,1935500
1615,508,521,311271,10069,678660,1922400
1616,509,478,310762,10100,679138,1862000
1617,498,506,310264,10092,679644,1854800
1618,503,489,309761,10106,680133,1968000
1619,496,503,309265,10099,680636,2124000
1620,515,501,308750,10113,681137,1890800
1621,487,471,308263,10129,681608,1822900
1622,458,526,307805,10061,682134,1967300
1623,490,541,307315,10010,682675,1823200
1624,452,512,306863,9950,683187,1728000
1625,512,490,306351,9972,683677,1718200
1626,505,468,305846,10009,684145,1829100
1627,512,483,305334,10038,684628,2018300
1628,467,438,304867,10067,685066,2410200
1629,441,508,304426,10000,685574,1943600
1630,473,546,303953,9927,686120,1864100
1631,467,511,303486,9883,686631,1938000
1632,509,491,302977,9901,687122,1745600
1633,501,493,302476,9909,687615,1776700
1634,491,521,301985,9879,688136,1716300
1635,504,482,301481,9901,688618,1711100
1636,474,469,301007,9906,689087,1817200
1637,488,470,300519,9924,689557,1755100
1638,515,499,300004,9940,690056,1880500
1639,471,524,299533,9887,690580,1716100
1640,479,464,299054,9902,691044,1852700
1641,502,497,298552,9907,691541,1832200
1642,489,475,298063,9921,692016,1731000
1643,492,465,297571,9948,692481,1724300
1644,527,506,297044,9969,692987,1721800
1645,489,485,296555,9973,693472,1820800
1646,503,470,296052,10006,693942,1786400
1647,515,487,295537,10034,694429,1732200
1648,481,499,295056,10016,694928,1739200
1649,511,518,294545,10009,695446,1738100
1650,512,531,294033,9990,695977,1811600
1651,481,464,293552,10007,696441,1725900
1652,513,466,293039,10054,696907,1784100
1653,492,495,292547,10051,697402,1851400
1654,493,485,292054,10059,697887,1831200
1655,477,501,291577,10035,698388,1793100
1656,499,524,291078,10010,698912,1711800
1657,533,508,290545,10035,699420,1847700
1658,473,455,290072,10053,699875,1976100
1659,485,530,289587,10008,700405,2074700
1660,473,493,289114,9988,700898,1871600
1661,497,526,288617,9959,701424,1889700
1662,496,518,288121,9937,701942,1881100
1663,510,478,287611,9969,702420,1842100
1664,529,488,287082,10010,702908,1835800
1665,557,518,286525,10049,703426,2066400
1666,532,503,285993,10078,703929,2031800
1667,515,484,285478,10109,704413,1966600
1668,500,498,284978,10111,704911,1940700
1669,506,511,284472,10106,705422,2042400
1670,495,528,283977,10073,705950,1943200
1671,496,480,283481,10089,706430,2167300
1672,516,527,282965,10078,706957,1928300
1673,530,553,282435,10055,707510,2177900
1674,485,534,281950,10006,708044,2149500
1675,534,476,281416,10064,708520,1976500
1676,515,497,280901,10082,709017,1904700
1677,518,466,280383,10134,709483,1853800
1678,534,512,279849,10156,709995,1812800
1679,495,483,279354,10168,710478,1721100
1680,522,518,278832,10172,710996,1726500
1681,510,513,278322,10169,711509,1731500
1682,490,488,277832,10171,711997,1781500
1683,524,518,277308,10177,712515,1748200
1684,522,531,276786,10168,713046,1814500
1685,503,501,276283,10170,713547,1914200
1686,491,502,275792,10159,714049,2236300
1687,543,484,275249,10218,714533,1896200
1688,512,486,274737,10244,715019,1854100
1689,483,468,274254,10259,715487,1937300
1690,505,526,273749,10238,716013,1918100
1691,474,495,273275,10217,716508,1952200
1692,517,509,272758,10225,717017,1866600
1693,529,498,272229,10256,717515,1821200
1694,549,511,271680,10294,718026,1928100
1695,485,519,271195,10260,718545,1723400
1696,470,573,270725,10157,719118,1720300
1697,472,498,270253,10131,719616,1878600
1698,499,491,269754,10139,720107,2295200
1699,537,511,269217,10165,720618,1837200
1700,479,485,268738,10159,721103,1843400
1701,483,498,268255,10144,721601,2097000
1702,469,490,267786,10123,722091,1891200
1703,521,466,267265,10178,722557,1863800
1704,510,512,266755,10176,723069,1792300
1705,508,493,266247,10191,723562,1722700
1706,523,480,265724,10234,724042,1849000
1707,511,512,265213,10233,724554,1734800
1708,539,508,264674,10264,725062,1828300
1709,519,514,264155,10269,725576,1812800
1710,525,532,263630,10262,726108,1723400
1711,465,517,263165,10210,726625,1725800
1712,523,509,262642,10224,727134,1837600
1713,515,510,262127,10229,727644,1808100
1714,542,492,261585,10279,728136,1673900
1715,521,497,261064,10303,728633,1834300
1716,528,548,260536,10283,729181,1860500
1717,514,517,260022,10280,729698,1841900
1718,500,521,259522,10259,730219,1838200
1719,551,528,258971,10282,730747,2128300
1720,502,510,258469,10274,731257,2001100
1721,498,547,257971,10225,731804,1830300
1722,485,484,257486,10226,732288,1776300
1723,508,493,256978,10241,732781,1818300
1724,503,503,256475,10241,733284,1749400
1725,496,533,255979,10204,733817,1851600
1726,468,487,255511,10185,734304,1833500
1727,521,522,254990,10184,734826,1762200
1728,497,440,254493,10241,735266,2026000
1729,504,521,253989,10224,735787,1750300
1730,525,488,253464,10261,736275,1734900
1731,535,528,252929,10268,736803,1839300
1732,471,457,252458,10282,737260,2009500
1733,490,533,251968,10239,737793,1846700
1734,441,537,251527,10143,738330,1909100
1735,424,531,251103,10036,738861,1734900
1736,494,506,250609,10024,739367,1746900
1737,457,500,250152,9981,739867,1841100
1738,521,491,249631,10011,740358,1919000
1739,502,526,249129,9987,740884,1904500
1740,512,478,248617,10021,741362,1848300
1741,471,523,248146,9969,741885,1796500
1742,448,483,247698,9934,742368,1776400
1743,474,484,247224,9924,742852,1736700
1744,485,488,246739,9921,743340,1889500
1745,455,535,246284,9841,743875,1798700
1746,426,494,245858,9773,744369,1783100
1747,473,485,245385,9761,744854,1778900
1748,499,502,244886,9758,745356,1828700
1749,450,525,244436,9683,745881,1816600
1750,465,483,243971,9665,746364,2099800
1751,457,460,243514,9662,746824,1894100
1752,465,517,243049,9610,747341,2240800
1753,459,450,242590,9619,747791,2103500
1754,435,519,242155,9535,748310,1904100
1755,436,462,241719,9509,748772,1875600
1756,453,463,241266,9499,749235,1868200
1757,412,453,240854,9458,749688,1848500
1758,467,491,240387,9434,750179,1974900
1759,474,487,239913,9421,750666,1795500
1760,487,501,239426,9407,751167,1804400
1761,523,481,238903,9449,751648,1819800
1762,451,465,238452,9435,752113,1830600
1763,504,472,237948,9467,752585,1852600
1764,514,477,237434,9504,753062,1860500
1765,515,425,236919,9594,753487,1739100
1766,541,480,236378,9655,753967,1731000
1767,480,448,235898,9687,754415,1882700
1768,477,482,235421,9682,754897,1843600
1769,481,483,234940,9680,755380,1849500
1770,464,471,234476,9673,755851,1829200
1771,489,506,233987,9656,756357,1785700
1772,471,465,233516,9662,756822,1738600
1773,468,507,233048,9623,757329,1919200
1774,464,454,232584,9633,757783,1834400
1775,470,478,232114,9625,758261,1872500
1776,474,509,231640,9590,758770,1856000
1777,484,473,231156,9601,759243,1843500
1778,470,485,230686,9586,759728,1749200
1779,449,509,230237,9526,760237,1721400
1780,458,492,229779,9492,760729,1828600
1781,452,465,229327,9479,761194,1829400
1782,464,443,228863,9500,761637,1925800
1783,444,445,228419,9499,762082,1745500
1784,433,485,227986,9447,762567,1671300
1785,499,470,227487,9476,763037,1836700
1786,446,483,227041,9439,763520,1822800
1787,436,456,226605,9419,763976,1772700
1788,479,479,226126,9419,764455,1944800
1789,452,484,225674,9387,764939,1714100
1790,449,449,225225,9387,765388,1739400
1791,466,473,224759,9380,765861,1828500
1792,429,466,224330,9343,766327,1794300
1793,440,461,223890,9322,766788,1727300
1794,455,461,223435,9316,767249,1728200
1795,481,485,222954,9312,767734,1834800
1796,434,471,222520,9275,768205,1813700
1797,453,469,222067,9259,768674,1740000
1798,442,467,221625,9234,769141,1712600
1799,474,466,221151,9242,769607,1829600
1800,472,470,220679,9244,770077,1982500
1801,424,486,220255,9182,770563,1861700
1802,432,457,219823,9157,771020,1808800
1803,422,457,219401,9122,771477,1719000
1804,463,466,218938,9119,771943,1705900
1805,425,452,218513,9092,772395,1822100
1806,431,472,218082,9051,772867,1830200
1807,451,448,217631,9054,773315,1768900
1808,481,449,217150,9086,773764,1824300
1809,448,462,216702,9072,774226,1870600
1810,428,472,216274,9028,774698,1818800
1811,423,486,215851,8965,775184,1874100
1812,437,458,215414,8944,775642,1950100
1813,469,450,214945,8963,776092,1852000
1814,422,468,214523,8917,776560,1977800
1815,432,443,214091,8906,777003,1808100
1816,416,461,213675,8861,777464,1886300
1817,426,469,213249,8818,777933,1984300
1818,476,464,212773,8830,778397,2025600
1819,397,431,212376,8796,778828,1840400
1820,409,451,211967,8754,779279,1768900
1821,420,464,211547,8710,779743,1781200
1822,408,464,211139,8654,780207,1826600
1823,429,421,210710,8662,780628,1792800
1824,411,443,210299,8630,781071,1821100
1825,419,436,209880,8613,781507,1992500
1826,386,445,209494,8554,781952,1883100
1827,385,423,209109,8516,782375,1742500
1828,399,456,208710,8459,782831,1843300
1829,408,400,208302,8467,783231,1851000
1830,403,397,207899,8473,783628,1747900
1831,415,404,207484,8484,784032,1721500
1832,408,404,207076,8488,784436,1829500
1833,405,408,206671,8485,784844,1854100
1834,407,436,206264,8456,785280,1698800
1835,366,411,205898,8411,785691,1703900
1836,376,409,205522,8378,786100,1717000
1837,395,407,205127,8366,786507,1717000
1838,398,399,204729,8365,786906,1709300
1839,399,381,204330,8383,787287,1708300
1840,404,424,203926,8363,787711,1821000
1841,391,418,203535,8336,788129,1810100
1842,404,392,203131,8348,788521,1766600
1843,373,392,202758,8329,788913,1787600
1844,422,378,202336,8373,789291,1995000
1845,398,439,201938,8332,789730,1842800
1846,410,435,201528,8307,790165,1726100
1847,426,408,201102,8325,790573,2105000
1848,367,449,200735,8243,791022,1867600
1849,392,392,200343,8243,791414,1810600
1850,402,391,199941,8254,791805,1723200
1851,398,424,199543,8228,792229,2004000
1852,397,394,199146,8231,792623,1830300
1853,416,399,198730,8248,793022,1746200
1854,426,421,198304,8253,793443,2015300
1855,381,407,197923,8227,793850,2245400
1856,421,408,197502,8240,794258,1835400
1857,413,402,197089,8251,794660,1852600
1858,389,411,196700,8229,795071,2031500
1859,387,402,196313,8214,795473,2138800
1860,413,389,195900,8238,795862,1907900
1861,401,409,195499,8230,796271,1862000
1862,410,412,195089,8228,796683,1951600
1863,399,415,194690,8212,797098,1838900
1864,404,408,194286,8208,797506,1718700
1865,383,403,193903,8188,797909,1730600
1866,416,422,193487,8182,798331,1823900
1867,412,412,193075,8182,798743,1833700
1868,366,396,192709,8152,799139,1830700
1869,398,402,192311,8148,799541,1708900
1870,398,394,191913,8152,799935,1712800
1871,405,394,191508,8163,800329,1806000
1872,385,374,191123,8174,800703,2029200
1873,406,382,190717,8198,801085,1811300
1874,379,406,190338,8171,801491,1763400
1875,388,409,189950,8150,801900,1813000
1876,389,394,189561,8145,802294,1735000
1877,419,406,189142,8158,802700,1837200
1878,373,394,188769,8137,803094,1820900
1879,368,427,188401,8078,803521,1698600
1880,430,390,187971,8118,803911,1743600
1881,422,417,187549,8123,804328,1736500
1882,383,421,187166,8085,804749,1839900
1883,351,436,186815,8000,805185,1829900
1884,352,403,186463,7949,805588,1893700
1885,382,402,186081,7929,805990,1816900
1886,362,391,185719,7900,806381,1838200
1887,361,393,185358,7868,806774,1939100
1888,412,376,184946,7904,807150,1910300
1889,383,404,184563,7883,807554,2043500
1890,381,345,184182,7919,807899,2152800
1891,412,357,183770,7974,808256,1943500
1892,410,400,183360,7984,808656,1964300
1893,391,392,182969,7983,809048,1881700
1894,404,412,182565,7975,809460,1783500
1895,412,389,182153,7998,809849,1838500
1896,383,415,181770,7966,810264,2262300
1897,375,405,181395,7936,810669,2142800
1898,357,396,181038,7897,811065,1837000
1899,384,377,180654,7904,811442,1839000
1900,385,365,180269,7924,811807,2055200
1901,390,372,179879,7942,812179,2054600
1902,387,365,179492,7964,812544,1846400
1903,391,370,179101,7985,812914,2031900
1904,361,435,178740,7911,813349,1869300
1905,384,383,178356,7912,813732,1854100
1906,372,403,177984,7881,814135,1819200
1907,368,419,177616,7830,814554,1885500
1908,347,366,177269,7811,814920,2024500
1909,371,398,176898,7784,815318,1804700
1910,410,382,176488,7812,815700,1796200
1911,378,406,176110,7784,816106,2116400
1912,361,371,175749,7774,816477,2081600
1913,381,358,175368,7797,816835,1852300
1914,371,418,174997,7750,817253,2004100
1915,347,341,174650,7756,817594,1894300
1916,395,375,174255,7776,817969,1892600
1917,351,369,173904,7758,818338,1832700
1918,376,377,173528,7757,818715,2172300
1919,349,381,173179,7725,819096,1867800
1920,399,374,172780,7750,819470,1866300
1921,388,421,172392,7717,819891,2036600
1922,348,407,172044,7658,820298,1846400
1923,387,397,171657,7648,820695,2108800
1924,389,372,171268,7665,821067,1976200
1925,352,387,170916,7630,821454,1834200
1926,370,375,170546,7625,821829,1807700
1927,383,367,170163,7641,822196,1781500
1928,368,371,169795,7638,822567,1720000
1929,387,365,169408,7660,822932,1779800
1930,381,374,169027,7667,823306,1779400
1931,360,367,168667,7660,823673,1797900
1932,384,368,168283,7676,824041,1816500
1933,392,366,167891,7702,824407,1855000
1934,360,375,167531,7687,824782,1817100
1935,399,383,167132,7703,825165,1724500
1936,361,391,166771,7673,825556,1728100
1937,375,371,166396,7677,825927,1823600
1938,356,382,166040,7651,826309,1766300
1939,348,392,165692,7607,826701,1712500
1940,352,358,165340,7601,827059,1836100
1941,354,367,164986,7588,827426,2029000
1942,331,391,164655,7528,827817,2098500
1943,364,375,164291,7517,828192,1868700
1944,354,359,163937,7512,828551,2055400
1945,365,398,163572,7479,828949,1810800
1946,360,391,163212,7448,829340,1825400
1947,373,361,162839,7460,829701,1825200
1948,344,356,162495,7448,830057,1887200
1949,342,373,162153,7417,830430,1824000
1950,332,378,161821,7371,830808,1829400
1951,364,382,161457,7353,831190,1855000
1952,375,376,161082,7352,831566,1837500
1953,369,395,160713,7326,831961,2005200
1954,325,387,160388,7264,832348,1912500
1955,347,364,160041,7247,832712,1888800
1956,341,336,159700,7252,833048,1894200
1957,357,335,159343,7274,833383,2038000
1958,346,389,158997,7231,833772,1766200
1959,358,389,158639,7200,834161,1952800
1960,342,385,158297,7157,834546,1861200
1961,356,402,157941,7111,834948,1771600
1962,364,360,157577,7115,835308,1816100
1963,317,345,157260,7087,835653,1839400
1964,360,323,156900,7124,835976,1883400
1965,303,373,156597,7054,836349,1826500
1966,350,338,156247,7066,836687,1719100
1967,327,373,155920,7020,837060,1759600
1968,344,320,155576,7044,837380,1716900
1969,338,337,155238,7045,837717,1892600
1970,321,359,154917,7007,838076,1804100
1971,332,341,154585,6998,838417,1822000
1972,365,324,154220,7039,838741,1773300
1973,360,368,153860,7031,839109,1991400
1974,337,340,153523,7028,839449,1957800
1975,334,345,153189,7017,839794,1838400
1976,337,345,152852,7009,840139,1838400
1977,351,351,152501,7009,840490,1815500
1978,359,358,152142,7010,840848,1749700
1979,343,335,151799,7018,841183,1738800
1980,327,341,151472,7004,841524,1811400
1981,346,366,151126,6984,841890,1815200
1982,340,363,150786,6961,842253,1719800
1983,349,357,150437,6953,842610,1717800
1984,349,371,150088,6931,842981,1709500
1985,351,324,149737,6958,843305,1817400
1986,334,369,149403,6923,843674,1800200
1987,334,363,149069,6894,844037,1724800
1988,355,333,148714,6916,844370,1716500
1989,360,340,148354,6936,844710,1818400
1990,368,352,147986,6952,845062,1998800
1991,337,344,147649,6945,845406,2008100
1992,338,331,147311,6952,845737,1752100
1993,372,316,146939,7008,846053,1730500
1994,324,340,146615,6992,846393,1671900
1995,369,360,146246,7001,846753,1947300
1996,366,374,145880,6993,847127,2017400
1997,364,354,145516,7003,847481,2212300
1998,351,395,145165,6959,847876,2371800
1999,327,356,144838,6930,848232,1935700
2000,371,336,144467,6965,848568,1883500
2001,318,335,144149,6948,848903,1789400
2002,357,351,143792,6954,849254,1803300
2003,309,319,143483,6944,849573,1853000
2004,324,362,143159,6906,849935,1844000
2005,309,329,142850,6886,850264,1790800
2006,331,367,142519,6850,850631,1725200
2007,357,298,142162,6909,850929,1683400
2008,359,333,141803,6935,851262,1802300
2009,344,364,141459,6915,851626,1805600
2010,328,355,141131,6888,851981,1673900
2011,357,371,140774,6874,852352,1676000
2012,334,336,140440,6872,852688,2093100
2013,322,376,140118,6818,853064,2011800
2014,310,339,139808,6789,853403,1805100
2015,332,339,139476,6782,853742,1849900
2016,334,309,139142,6807,854051,1783200
2017,323,303,138819,6827,854354,1709000
2018,334,348,138485,6813,854702,1704700
2019,312,353,138173,6772,855055,1704500
2020,316,336,137857,6752,855391,1732300
2021,342,337,137515,6757,855728,1711800
2022,329,331,137186,6755,856059,1964200
2023,317,331,136869,6741,856390,1853300
2024,330,317,136539,6754,856707,2150500
2025,337,321,136202,6770,857028,1886800
2026,311,339,135891,6742,857367,1862900
2027,322,332,135569,6732,857699,1810400
2028,294,333,135275,6693,858032,1702000
2029,342,308,134933,6727,858340,1719700
2030,340,343,134593,6724,858683,2016000
2031,347,335,134246,6736,859018,1727900
2032,335,293,133911,6778,859311,1836400
2033,334,348,133577,6764,859659,1714600
2034,320,343,133257,6741,860002,1716200
2035,343,324,132914,6760,860326,1668400
2036,332,334,132582,6758,860660,1799800
2037,318,331,132264,6745,860991,1707600
2038,330,328,131934,6747,861319,1663100
2039,314,351,131620,6710,861670,1827600
2040,339,301,131281,6748,861971,1788700
2041,331,357,130950,6722,862328,1680100
2042,320,323,130630,6719,862651,1751000
2043,324,344,130306,6699,862995,1820200
2044,344,343,129962,6700,863338,1711800
2045,334,366,129628,6668,863704,1726600
2046,324,360,129304,6632,864064,1706900
2047,331,326,128973,6637,864390,1839100
2048,311,320,128662,6628,864710,1829000
2049,312,343,128350,6597,865053,1764000
2050,293,302,128057,6588,865355,1732600
2051,331,340,127726,6579,865695,1672300
2052,305,339,127421,6545,866034,1810800
2053,288,298,127133,6535,866332,1748300
2054,302,340,126831,6497,866672,1693600
2055,317,328,126514,6486,867000,1773000
2056,294,315,126220,6465,867315,1812600
2057,289,315,125931,6439,867630,1871300
2058,306,335,125625,6410,867965,1764200
2059,342,329,125283,6423,868294,1980700
2060,314,324,124969,6413,868618,1750100
2061,299,320,124670,6392,868938,1757600
2062,291,317,124379,6366,869255,1839800
2063,303,312,124076,6357,869567,1783900
2064,324,303,123752,6378,869870,1714300
2065,297,311,123455,6364,870181,1703500
2066,286,357,123169,6293,870538,1818600
2067,306,298,122863,6301,870836,1796900
2068,299,287,122564,6313,871123,1721800
2069,305,310,122259,6308,871433,1668300
2070,310,304,121949,6314,871737,1829100
2071,304,331,121645,6287,872068,1855900
2072,294,323,121351,6258,872391,1687800
2073,338,301,121013,6295,872692,1654200
2074,301,326,120712,6270,873018,1832100
2075,298,303,120414,6265,873321,2077400
2076,312,311,120102,6266,873632,2076200
2077,281,325,119821,6222,873957,1832000
2078,285,292,119536,6215,874249,1926400
2079,312,337,119224,6190,874586,1732000
2080,317,311,118907,6196,874897,1737300
2081,307,317,118600,6186,875214,1651100
2082,306,308,118294,6184,875522,1801000
2083,308,320,117986,6172,875842,1776200
2084,289,294,117697,6167,876136,1766400
2085,319,304,117378,6182,876440,1693000
2086,310,307,117068,6185,876747,1697700
2087,298,294,116770,6189,877041,1782300
2088,274,310,116496,6153,877351,1676800
2089,286,324,116210,6115,877675,1772900
2090,285,300,115925,6100,877975,1825500
2091,287,318,115638,6069,878293,2056400
2092,271,306,115367,6034,878599,1793600
2093,262,329,115105,5967,878928,1921200
2094,288,298,114817,5957,879226,1719100
2095,278,308,114539,5927,879534,1733000
2096,290,285,114249,5932,879819,1836600
2097,248,312,114001,5868,880131,1722200
2098,281,253,113720,5896,880384,1705700
2099,286,304,113434,5878,880688,1679400
2100,270,291,113164,5857,880979,2235000
2101,266,272,112898,5851,881251,1834600
2102,278,284,112620,5845,881535,1935700
2103,297,303,112323,5839,881838,1846300
2104,278,316,112045,5801,882154,1795200
2105,250,289,111795,5762,882443,1691300
2106,256,286,111539,5732,882729,2064100
2107,288,271,111251,5749,883000,2022500
2108,277,307,110974,5719,883307,1802000
2109,311,285,110663,5745,883592,1763000
2110,300,287,110363,5758,883879,1855400
2111,257,291,110106,5724,884170,1846800
2112,288,286,109818,5726,884456,1929100
2113,270,281,109548,5715,884737,1884200
2114,298,258,109250,5755,884995,1862500
2115,280,311,108970,5724,885306,2059400
2116,274,319,108696,5679,885625,1797900
2117,283,291,108413,5671,885916,1735000
2118,255,310,108158,5616,886226,1859800
2119,294,256,107864,5654,886482,1718300
2120,288,280,107576,5662,886762,1689600
2121,258,260,107318,5660,887022,1758000
2122,296,287,107022,5669,887309,1802700
2123,268,314,106754,5623,887623,1819000
2124,251,272,106503,5602,887895,1672000
2125,270,279,106233,5593,888174,1699800
2126,281,286,105952,5588,888460,1652600
2127,262,301,105690,5549,888761,1787400
2128,312,270,105378,5591,889031,1719900
2129,246,254,105132,5583,889285,1669800
2130,279,265,104853,5597,889550,1823000
2131,289,301,104564,5585,889851,1785500
2132,278,282,104286,5581,890133,1862800
2133,291,308,103995,5564,890441,1704400
2134,260,292,103735,5532,890733,1744200
2135,267,250,103468,5549,890983,1733600
2136,262,265,103206,5546,891248,1895500
2137,275,270,102931,5551,891518,1771200
2138,270,277,102661,5544,891795,1702200
2139,280,310,102381,5514,892105,1813200
2140,280,272,102101,5522,892377,1795900
2141,261,285,101840,5498,892662,1736700
2142,265,273,101575,5490,892935,1733600
2143,265,258,101310,5497,893193,1773500
2144,254,263,101056,5488,893456,1882100
2145,270,288,100786,5470,893744,1736100
2146,222,273,100564,5419,894017,1647800
2147,263,300,100301,5382,894317,1660700
2148,273,235,100028,5420,894552,1804100
2149,265,262,99763,5423,894814,1666700
2150,246,308,99517,5361,895122,1701600
2151,293,240,99224,5414,895362,1811200
2152,253,262,98971,5405,895624,1755100
2153,270,284,98701,5391,895908,1903900
2154,249,290,98452,5350,896198,1724700
2155,264,244,98188,5370,896442,1709800
2156,250,261,97938,5359,896703,1813000
2157,252,251,97686,5360,896954,1775300
2158,265,273,97421,5352,897227,1699500
2159,269,294,97152,5327,897521,1660500
2160,263,289,96889,5301,897810,1811500
2161,271,262,96618,5310,898072,1755100
2162,239,245,96379,5304,898317,1659900
2163,271,267,96108,5308,898584,1668800
2164,255,258,95853,5305,898842,1883400
2165,256,253,95597,5308,899095,1700000
2166,263,267,95334,5304,899362,1699500
2167,269,249,95065,5324,899611,1694000
2168,270,262,94795,5332,899873,1765200
2169,276,260,94519,5348,900133,1702500
2170,258,243,94261,5363,900376,1999100
2171,281,262,93980,5382,900638,1763600
2172,279,250,93701,5411,900888,1966400
2173,279,289,93422,5401,901177,2045900
2174,253,265,93169,5389,901442,1815100
2175,287,259,92882,5417,901701,1716900
2176,239,257,92643,5399,901958,1695100
2177,277,274,92366,5402,902232,1646900
2178,276,280,92090,5398,902512,1811700
2179,272,291,91818,5379,902803,1743800
2180,275,271,91543,5383,903074,1828800
2181,274,293,91269,5364,903367,1745400
2182,244,270,91025,5338,903637,1720100
2183,240,252,90785,5326,903889,1805900
2184,269,277,90516,5318,904166,1684500
2185,264,271,90252,5311,904437,1696500
2186,288,261,89964,5338,904698,1788400
2187,275,266,89689,5347,904964,1798800
2188,283,259,89406,5371,905223,1696000
2189,238,265,89168,5344,905488,1707300
2190,250,243,88918,5351,905731,1670500
2191,235,293,88683,5293,906024,1739500
2192,234,283,88449,5244,906307,1651800
2193,266,276,88183,5234,906583,1650300
2194,248,275,87935,5207,906858,1784000
2195,246,268,87689,5185,907126,1745500
2196,276,261,87413,5200,907387,1812900
2197,238,280,87175,5158,907667,1735200
2198,268,284,86907,5142,907951,1825700
2199,253,242,86654,5153,908193,1911100
2200,269,259,86385,5163,908452,1848800
2201,238,265,86147,5136,908717,1797300
2202,241,247,85906,5130,908964,1780600
2203,269,242,85637,5157,909206,1962500
2204,243,253,85394,5147,909459,1801700
2205,259,267,85135,5139,909726,1763500
2206,280,248,84855,5171,909974,1737100
2207,215,240,84640,5146,910214,1804400
2208,247,246,84393,5147,910460,1840900
2209,238,259,84155,5126,910719,1867900
2210,234,284,83921,5076,911003,1864100
2211,258,259,83663,5075,911262,1867500
2212,264,260,83399,5079,911522,1847500
2213,242,270,83157,5051,911792,1822400
2214,235,266,82922,5020,912058,1831000
2215,246,241,82676,5025,912299,1833000
2216,245,253,82431,5017,912552,1702900
2217,226,215,82205,5028,912767,1683400
2218,256,267,81949,5017,913034,1716800
2219,225,253,81724,4989,913287,1773400
2220,251,259,81473,4981,913546,1821800
2221,234,267,81239,4948,913813,1800200
2222,238,273,81001,4913,914086,1697000
2223,232,228,80769,4917,914314,1647000
2224,242,246,80527,4913,914560,1810400
2225,257,221,80270,4949,914781,1944000
2226,246,245,80024,4950,915026,1733600
2227,244,266,79780,4928,915292,1764400
2228,215,280,79565,4863,915572,1731000
2229,232,219,79333,4876,915791,2008500
2230,218,235,79115,4859,916026,1794500
2231,239,245,78876,4853,916271,1859600
2232,223,250,78653,4826,916521,1933200
2233,221,237,78432,4810,916758,2109500
2234,233,256,78199,4787,917014,1886400
2235,200,243,77999,4744,917257,1851700
2236,256,248,77743,4752,917505,2062200
2237,230,242,77513,4740,917747,1743500
2238,221,219,77292,4742,917966,1725200
2239,229,216,77063,4755,918182,1857100
2240,213,242,76850,4726,918424,1782100
2241,248,249,76602,4725,918673,1716100
2242,226,237,76376,4714,918910,1908400
2243,221,229,76155,4706,919139,1959900
2244,223,224,75932,4705,919363,1811600
2245,216,244,75716,4677,919607,1825000
2246,212,232,75504,4657,919839,1830500
2247,253,224,75251,4686,920063,1797100
2248,217,248,75034,4655,920311,1803000
2249,242,249,74792,4648,920560,1987800
2250,223,242,74569,4629,920802,1785600
2251,239,230,74330,4638,921032,1807100
2252,236,223,74094,4651,921255,1858500
2253,261,244,73833,4668,921499,1742800
2254,245,264,73588,4649,921763,1765800
2255,212,231,73376,4630,921994,1657900
2256,228,248,73148,4610,922242,1805200
2257,227,217,72921,4620,922459,1698600
2258,223,223,72698,4620,922682,1707000
2259,219,239,72479,4600,922921,1692600
2260,208,225,72271,4583,923146,1774100
2261,239,226,72032,4596,923372,1682600
2262,227,266,71805,4557,923638,1691100
2263,203,242,71602,4518,923880,1805100
2264,216,240,71386,4494,924120,1784400
2265,213,210,71173,4497,924330,1704600
2266,210,229,70963,4478,924559,1646400
2267,232,240,70731,4470,924799,1819000
2268,217,221,70514,4466,925020,1677900
2269,222,211,70292,4477,925231,1637000
2270,222,215,70070,4484,925446,1656600
2271,240,231,69830,4493,925677,1771500
2272,205,241,69625,4457,925918,1644700
2273,193,205,69432,4445,926123,1683700
2274,203,194,69229,4454,926317,1785000
2275,194,224,69035,4424,926541,1664400
2276,243,223,68792,4444,926764,1695100
2277,232,208,68560,4468,926972,1686200
2278,217,217,68343,4468,927189,1738000
2279,202,231,68141,4439,927420,1677500
2280,228,218,67913,4449,927638,1648200
2281,221,219,67692,4451,927857,1654100
2282,204,220,67488,4435,928077,1688100
2283,207,229,67281,4413,928306,1656900
2284,200,206,67081,4407,928512,1775700
2285,198,219,66883,4386,928731,1753400
2286,229,248,66654,4367,928979,1675000
2287,196,214,66458,4349,929193,1666700
2288,211,234,66247,4326,929427,1637500
2289,198,210,66049,4314,929637,1653900
2290,205,231,65844,4288,929868,1796400
2291,191,227,65653,4252,930095,1741200
2292,214,212,65439,4254,930307,1680500
2293,182,206,65257,4230,930513,1677100
2294,194,192,65063,4232,930705,1771600
2295,184,226,64879,4190,930931,1727500
2296,198,194,64681,4194,931125,2161100
2297,179,216,64502,4157,931341,2007700
2298,185,196,64317,4146,931537,1923700
2299,181,214,64136,4113,931751,2218800
2300,205,207,63931,4111,931958,2185500
2301,166,205,63765,4072,932163,2365400
2302,179,194,63586,4057,932357,2123500
2303,184,189,63402,4052,932546,2053300
2304,173,200,63229,4025,932746,2012100
2305,178,203,63051,4000,932949,1893400
2306,186,199,62865,3987,933148,1955900
2307,172,193,62693,3966,933341,1992500
2308,183,203,62510,3946,933544,2009800
2309,188,187,62322,3947,933731,2263800
2310,199,184,62123,3962,933915,2385400
2311,194,186,61929,3970,934101,2547800
2312,171,210,61758,3931,934311,2022900
2313,188,197,61570,3922,934508,1932400
2314,182,209,61388,3895,934717,1981700
2315,191,166,61197,3920,934883,2154200
2316,187,170,61010,3937,935053,2633700
2317,177,190,60833,3924,935243,2390000
2318,179,172,60654,3931,935415,2341500
2319,175,181,60479,3925,935596,2409200
2320,184,214,60295,3895,935810,2386200
2321,204,186,60091,3913,935996,3058300
2322,192,183,59899,3922,936179,2974800
2323,195,188,59704,3929,936367,2226600
2324,214,187,59490,3956,936554,2192300
2325,192,213,59298,3935,936767,2225900
2326,172,188,59126,3919,936955,2098700
2327,189,209,58937,3899,937164,1912900
2328,168,204,58769,3863,937368,1742900
2329,177,190,58592,3850,937558,1683400
2330,190,215,58402,3825,937773,1700300
2331,179,181,58223,3823,937954,2176600
2332,152,186,58071,3789,938140,2598600
2333,175,181,57896,3783,938321,2280800
2334,183,188,57713,3778,938509,2316900
2335,179,189,57534,3768,938698,2174500
2336,182,186,57352,3764,938884,2809800
2337,186,195,57166,3755,939079,2773600
2338,212,176,56954,3791,939255,2594400
2339,174,215,56780,3750,939470,2697100
2340,201,198,56579,3753,939668,3739000
2341,167,202,56412,3718,939870,2785000
2342,191,185,56221,3724,940055,3285500
2343,157,188,56064,3693,940243,2874800
2344,183,162,55881,3714,940405,2461900
2345,158,167,55723,3705,940572,2677600
2346,170,169,55553,3706,940741,2494200
2347,178,189,55375,3695,940930,2197000
2348,172,176,55203,3691,941106,2605300
2349,159,175,55044,3675,941281,2267800
2350,183,166,54861,3692,941447,2167100
2351,164,168,54697,3688,941615,2126800
2352,161,182,54536,3667,941797,2029300
2353,159,191,54377,3635,941988,2145700
2354,177,190,54200,3622,942178,2025400
2355,167,214,54033,3575,942392,2464500
2356,140,179,53893,3536,942571,2072300
2357,164,191,53729,3509,942762,2285500
2358,148,206,53581,3451,942968,2131900
2359,148,188,53433,3411,943156,2375700
2360,138,156,53295,3393,943312,2305000
2361,158,164,53137,3387,943476,2197200
2362,150,167,52987,3370,943643,2283900
2363,158,153,52829,3375,943796,2424600
2364,149,176,52680,3348,943972,2329400
2365,150,143,52530,3355,944115,2464700
2366,145,160,52385,3340,944275,2203900
2367,155,162,52230,3333,944437,2055900
2368,144,166,52086,3311,944603,1982400
2369,146,175,51940,3282,944778,1992400
2370,152,150,51788,3284,944928,1940200
2371,155,157,51633,3282,945085,1942900
2372,141,179,51492,3244,945264,1907000
2373,152,175,51340,3221,945439,2044100
2374,134,168,51206,3187,945607,2148000
2375,119,162,51087,3144,945769,2012500
2376,127,144,50960,3127,945913,2214400
2377,144,148,50816,3123,946061,2011900
2378,140,157,50676,3106,946218,2084600
2379,146,158,50530,3094,946376,2240100
2380,132,146,50398,3080,946522,2001100
2381,143,147,50255,3076,946669,2213900
2382,141,162,50114,3055,946831,2022200
2383,137,142,49977,3050,946973,1988700
2384,135,139,49842,3046,947112,2038400
2385,135,160,49707,3021,947272,2085000
2386,142,154,49565,3009,947426,1955200
2387,116,177,49449,2948,947603,1990700
2388,154,168,49295,2934,947771,1936900
2389,138,147,49157,2925,947918,1893300
2390,137,145,49020,2917,948063,1871200
2391,152,145,48868,2924,948208,1944200
2392,135,134,48733,2925,948342,1873400
2393,134,134,48599,2925,948476,1879700
2394,154,135,48445,2944,948611,1894300
2395,134,144,48311,2934,948755,1870000
2396,147,138,48164,2943,948893,1919200
2397,127,151,48037,2919,949044,1934400
2398,131,152,47906,2898,949196,1980200
2399,144,129,47762,2913,949325,1913400
2400,118,135,47644,2896,949460,1862500
2401,124,154,47520,2866,949614,1902400
2402,128,143,47392,2851,949757,1816300
2403,141,135,47251,2857,949892,1901700
2404,131,154,47120,2834,950046,2069600
2405,127,171,46993,2790,950217,1840500
2406,124,118,46869,2796,950335,1853700
2407,129,133,46740,2792,950468,2044700
2408,135,130,46605,2797,950598,2106700
2409,143,140,46462,2800,950738,1851000
2410,128,143,46334,2785,950881,1901000
2411,131,125,46203,2791,951006,2145900
2412,136,163,46067,2764,951169,1958000
2413,146,156,45921,2754,951325,2105600
2414,136,158,45785,2732,951483,1931300
2415,114,151,45671,2695,951634,1914900
2416,136,120,45535,2711,951754,1854000
2417,101,144,45434,2668,951898,1817000
2418,112,123,45322,2657,952021,1939200
2419,135,116,45187,2676,952137,1818600
2420,136,133,45051,2679,952270,1775200
2421,134,158,44917,2655,952428,2072600
2422,141,142,44776,2654,952570,2044900
2423,155,137,44621,2672,952707,6898900
2424,126,154,44495,2644,952861,2015500
2425,116,131,44379,2629,952992,1903600
2426,116,134,44263,2611,953126,2083500
2427,116,129,44147,2598,953255,1992800
2428,124,112,44023,2610,953367,1913000
2429,140,130,43883,2620,953497,2189700
2430,141,129,43742,2632,953626,2080400
2431,141,121,43601,2652,953747,1989400
2432,143,125,43458,2670,953872,2168500
2433,114,139,43344,2645,954011,2156700
2434,128,144,43216,2629,954155,2099500
2435,120,135,43096,2614,954290,2098800
2436,133,128,42963,2619,954418,2256400
2437,134,118,42829,2635,954536,2104800
2438,130,135,42699,2630,954671,2097800
2439,122,143,42577,2609,954814,2007100
2440,108,130,42469,2587,954944,2037200
2441,122,132,42347,2577,955076,1935300
2442,130,120,42217,2587,955196,1864600
2443,124,112,42093,2599,955308,2186000
2444,116,122,41977,2593,955430,1974900
2445,107,117,41870,2583,955547,2050800
2446,116,144,41754,2555,955691,2251900
2447,108,115,41646,2548,955806,1898400
2448,129,123,41517,2554,955929,1959400
2449,101,133,41416,2522,956062,1880400
2450,116,134,41300,2504,956196,1839900
2451,104,108,41196,2500,956304,2085800
2452,128,107,41068,2521,956411,1914700
2453,118,133,40950,2506,956544,1837000
2454,128,136,40822,2498,956680,1940300
2455,106,133,40716,2471,956813,1784300
2456,131,127,40585,2475,956940,1974300
2457,129,133,40456,2471,957073,1991200
2458,116,133,40340,2454,957206,1991400
2459,116,136,40224,2434,957342,1813800
2460,106,105,40118,2435,957447,1943100
2461,117,121,40001,2431,957568,2028700
2462,104,104,39897,2431,957672,1856600
2463,135,118,39762,2448,957790,2082500
2464,116,133,39646,2431,957923,2085500
2465,132,107,39514,2456,958030,2282500
2466,114,110,39400,2460,958140,2104300
2467,108,97,39292,2471,958237,1958800
2468,105,141,39187,2435,958378,2004300
2469,119,125,39068,2429,958503,2120700
2470,118,122,38950,2425,958625,2205500
2471,152,120,38798,2457,958745,2070800
2472,123,125,38675,2455,958870,1898600
2473,119,134,38556,2440,959004,2184000
2474,111,132,38445,2419,959136,2047000
2475,99,106,38346,2412,959242,1959000
2476,123,110,38223,2425,959352,1958000
2477,117,131,38106,2411,959483,1914400
2478,124,126,37982,2409,959609,1848600
2479,122,118,37860,2413,959727,1796100
2480,131,118,37729,2426,959845,1863500
2481,105,100,37624,2431,959945,1854500
2482,116,109,37508,2438,960054,1919700
2483,121,138,37387,2421,960192,1980600
2484,110,132,37277,2399,960324,1838600
2485,125,142,37152,2382,960466,1915600
2486,100,120,37052,2362,960586,1825600
2487,122,133,36930,2351,960719,1827300
2488,111,121,36819,2341,960840,1814200
2489,100,115,36719,2326,960955,1816900
2490,128,107,36591,2347,961062,1784100
2491,123,121,36468,2349,961183,2095500
2492,96,105,36372,2340,961288,1937000
2493,114,136,36258,2318,961424,1887800
2494,103,101,36155,2320,961525,2035400
2495,124,110,36031,2334,961635,1897500
2496,109,101,35922,2342,961736,1834300
2497,111,104,35811,2349,961840,1863700
2498,131,117,35680,2363,961957,1862700
2499,127,112,35553,2378,962069,2069300
2500,109,116,35444,2371,962185,1685600
2501,117,132,35327,2356,962317,1786300
2502,119,107,35208,2368,962424,1752900
2503,109,127,35099,2350,962551,1725400
2504,108,115,34991,2343,962666,1785900
2505,100,115,34891,2328,962781,1692900
2506,121,112,34770,2337,962893,1975500
2507,110,115,34660,2332,963008,1788200
2508,110,114,34550,2328,963122,1821500
2509,119,102,34431,2345,963224,1820100
2510,105,126,34326,2324,963350,1860600
2511,92,116,34234,2300,963466,1841100
2512,117,104,34117,2313,963570,1891900
2513,96,109,34021,2300,963679,1815800
2514,110,114,33911,2296,963793,1921100
2515,115,134,33796,2277,963927,1884000
2516,109,103,33687,2283,964030,1771600
2517,120,96,33567,2307,964126,1816400
2518,120,112,33447,2315,964238,1715700
2519,122,112,33325,2325,964350,1773000
2520,120,125,33205,2320,964475,1825500
2521,127,109,33078,2338,964584,1794100
2522,120,107,32958,2351,964691,1852000
2523,106,124,32852,2333,964815,1855700
2524,107,109,32745,2331,964924,1816800
2525,101,110,32644,2322,965034,1873800
2526,105,133,32539,2294,965167,1798900
2527,107,103,32432,2298,965270,1761300
2528,114,127,32318,2285,965397,1740900
2529,100,127,32218,2258,965524,1784200
2530,103,133,32115,2228,965657,1789300
2531,107,104,32008,2231,965761,1894000
2532,121,114,31887,2238,965875,1857700
2533,107,105,31780,2240,965980,1860300
2534,111,110,31669,2241,966090,1812700
2535,122,102,31547,2261,966192,1773300
2536,114,129,31433,2246,966321,1767400
2537,111,106,31322,2251,966427,1768300
2538,117,113,31205,2255,966540,1840100
2539,103,112,31102,2246,966652,1883400
2540,120,109,30982,2257,966761,1810900
2541,102,111,30880,2248,966872,1923700
2542,100,111,30780,2237,966983,1969700
2543,102,122,30678,2217,967105,1937400
2544,116,115,30562,2218,967220,1970400
2545,91,95,30471,2214,967315,1886600
2546,110,115,30361,2209,967430,2065000
2547,93,110,30268,2192,967540,1944200
2548,91,119,30177,2164,967659,1878300
2549,96,101,30081,2159,967760,1829900
2550,86,100,29995,2145,967860,1831700
2551,102,113,29893,2134,967973,1782800
2552,86,108,29807,2112,968081,1764800
2553,90,96,29717,2106,968177,1752300
2554,88,106,29629,2088,968283,1762300
2555,86,102,29543,2072,968385,1704300
2556,104,93,29439,2083,968478,1851700
2557,107,98,29332,2092,968576,1753500
2558,100,91,29232,2101,968667,1698100
2559,97,128,29135,2070,968795,2003500
2560,94,109,29041,2055,968904,1757100
2561,114,111,28927,2058,969015,1858300
2562,104,116,28823,2046,969131,1684200
2563,102,115,28721,2033,969246,1723800
2564,108,120,28613,2021,969366,1663400
2565,89,99,28524,2011,969465,1737400
2566,92,95,28432,2008,969560,1849200
2567,105,93,28327,2020,969653,1739800
2568,98,105,28229,2013,969758,1781800
2569,97,91,28132,2019,969849,1730900
2570,96,94,28036,2021,969943,1812400
2571,104,94,27932,2031,970037,1813400
2572,105,109,27827,2027,970146,1825900
2573,100,103,27727,2024,970249,1824900
2574,97,102,27630,2019,970351,1843600
2575,95,94,27535,2020,970445,2010700
2576,78,103,27457,1995,970548,2677600
2577,98,107,27359,1986,970655,1993200
2578,92,104,27267,1974,970759,3544600
2579,90,93,27177,1971,970852,5993100
2580,98,104,27079,1965,970956,5730600
2581,86,92,26993,1959,971048,11635100
2582,82,107,26911,1934,971155,2570300
2583,95,78,26816,1951,971233,3004300
2584,83,101,26733,1933,971334,2585100
2585,93,101,26640,1925,971435,2343000
2586,89,98,26551,1916,971533,2461100
2587,95,92,26456,1919,971625,2197200
2588,99,100,26357,1918,971725,2127500
2589,112,105,26245,1925,971830,2437300
2590,94,97,26151,1922,971927,1945100
2591,100,92,26051,1930,972019,2001400
2592,95,97,25956,1928,972116,1857300
2593,87,108,25869,1907,972224,1874700
2594,90,95,25779,1902,972319,1781300
2595,90,112,25689,1880,972431,1781500
2596,94,100,25595,1874,972531,1782800
2597,97,114,25498,1857,972645,2069300
2598,95,99,25403,1853,972744,2645600
2599,76,96,25327,1833,972840,2708100
2600,86,75,25241,1844,972915,2676800
2601,80,114,25161,1810,973029,2099600
2602,80,90,25081,1800,973119,1864900
2603,75,88,25006,1787,973207,2047800
2604,75,103,24931,1759,973310,1952900
2605,107,103,24824,1763,973413,1876700
2606,83,83,24741,1763,973496,1774400
2607,103,91,24638,1775,973587,1837400
2608,89,98,24549,1766,973685,1820500
2609,71,85,24478,1752,973770,1885900
2610,73,88,24405,1737,973858,1879000
2611,85,80,24320,1742,973938,2021300
2612,78,86,24242,1734,974024,1939100
2613,91,89,24151,1736,974113,1759700
2614,75,74,24076,1737,974187,1679200
2615,81,93,23995,1725,974280,1673200
2616,94,87,23901,1732,974367,1819000
2617,66,73,23835,1725,974440,2031100
2618,93,74,23742,1744,974514,1833600
2619,81,88,23661,1737,974602,1813800
2620,82,77,23579,1742,974679,1690800
2621,87,83,23492,1746,974762,1658400
2622,94,85,23398,1755,974847,1804600
2623,87,94,23311,1748,974941,1711300
2624,71,102,23240,1717,975043,1659200
2625,87,91,23153,1713,975134,1788700
2626,79,79,23074,1713,975213,1675100
2627,85,85,22989,1713,975298,1637700
2628,83,88,22906,1708,975386,1626000
2629,85,77,22821,1716,975463,1715500
2630,101,72,22720,1745,975535,1590100
2631,89,92,22631,1742,975627,1639900
2632,97,90,22534,1749,975717,1940400
2633,74,89,22460,1734,975806,1710900
2634,76,78,22384,1732,975884,1714100
2635,69,93,22315,1708,975977,1685600
2636,79,70,22236,1717,976047,1759700
2637,85,75,22151,1727,976122,1672500
2638,86,87,22065,1726,976209,1655100
2639,80,86,21985,1720,976295,1744400
2640,91,81,21894,1730,976376,1722000
2641,82,92,21812,1720,976468,1692100
2642,84,82,21728,1722,976550,1915500
2643,84,70,21644,1736,976620,1915100
2644,73,90,21571,1719,976710,1865000
2645,76,74,21495,1721,976784,1881700
2646,69,83,21426,1707,976867,1791800
2647,78,84,21348,1701,976951,1716800
2648,71,78,21277,1694,977029,2012400
2649,79,85,21198,1688,977114,1759800
2650,71,82,21127,1677,977196,1808800
2651,83,94,21044,1666,977290,1773400
2652,79,96,20965,1649,977386,1743300
2653,86,94,20879,1641,977480,1689300
2654,86,90,20793,1637,977570,1684500
2655,79,100,20714,1616,977670,1759200
2656,79,80,20635,1615,977750,1645500
2657,68,77,20567,1606,977827,1752500
2658,68,79,20499,1595,977906,1751900
2659,65,98,20434,1562,978004,1707200
2660,56,84,20378,1534,978088,1588700
2661,71,79,20307,1526,978167,1661800
2662,68,72,20239,1522,978239,1640200
2663,69,78,20170,1513,978317,1630900
2664,60,79,20110,1494,978396,1664400
2665,68,70,20042,1492,978466,1667500
2666,68,82,19974,1478,978548,1900800
2667,71,94,19903,1455,978642,1860300
2668,72,81,19831,1446,978723,1779800
2669,64,56,19767,1454,978779,1744200
2670,58,77,19709,1435,978856,1882000
2671,62,64,19647,1433,978920,1703900
2672,49,96,19598,1386,979016,1633100
2673,47,61,19551,1372,979077,1866400
2674,61,62,19490,1371,979139,1654300
2675,62,65,19428,1368,979204,1637300
2676,57,73,19371,1352,979277,1631000
2677,65,64,19306,1353,979341,1682300
2678,61,56,19245,1358,979397,1643100
2679,66,85,19179,1339,979482,1661400
2680,61,60,19118,1340,979542,1689500
2681,46,78,19072,1308,979620,1654400
2682,53,71,19019,1290,979691,1657500
2683,66,69,18953,1287,979760,1768400
2684,50,53,18903,1284,979813,1649800
2685,60,64,18843,1280,979877,1641500
2686,48,65,18795,1263,979942,1732600
2687,49,53,18746,1259,979995,1660400
2688,52,61,18694,1250,980056,1630600
2689,46,61,18648,1235,980117,1669000
2690,50,62,18598,1223,980179,1661100
2691,57,53,18541,1227,980232,1665000
2692,48,65,18493,1210,980297,1654500
2693,44,70,18449,1184,980367,1748700
2694,43,64,18406,1163,980431,1648400
2695,54,67,18352,1150,980498,1737100
2696,56,61,18296,1145,980559,1703000
2697,46,54,18250,1137,980613,1646000
2698,45,59,18205,1123,980672,2123000
2699,35,69,18170,1089,980741,1712100
2700,49,43,18121,1095,980784,1663200
2701,41,48,18080,1088,980832,1642600
2702,45,62,18035,1071,980894,1719800
2703,42,54,17993,1059,980948,1730100
2704,48,56,17945,1051,981004,1665800
2705,52,41,17893,1062,981045,1630300
2706,39,57,17854,1044,981102,1664500
2707,42,59,17812,1027,981161,1762300
2708,47,58,17765,1016,981219,1715300
2709,44,45,17721,1015,981264,1755500
2710,45,48,17676,1012,981312,1747600
2711,41,42,17635,1011,981354,1736700
2712,43,54,17592,1000,981408,1748200
2713,40,58,17552,982,981466,1760700
2714,51,44,17501,989,981510,1762400
2715,34,40,17467,983,981550,1895900
2716,27,56,17440,954,981606,1707000
2717,28,38,17412,944,981644,1873400
2718,33,50,17379,927,981694,1820000
2719,30,47,17349,910,981741,1973300
2720,29,35,17320,904,981776,1758400
2721,33,42,17287,895,981818,1790900
2722,35,41,17252,889,981859,1751100
2723,46,33,17206,902,981892,1903500
2724,36,44,17170,894,981936,2027600
2725,26,45,17144,875,981981,1979700
2726,22,54,17122,843,982035,1904100
2727,35,41,17087,837,982076,2032200
2728,22,53,17065,806,982129,1829000
2729,23,37,17042,792,982166,1792400
2730,26,39,17016,779,982205,1866700
2731,32,38,16984,773,982243,1783700
2732,21,40,16963,754,982283,1695800
2733,31,39,16932,746,982322,1760900
2734,23,34,16909,735,982356,1746100
2735,29,30,16880,734,982386,1666400
2736,25,29,16855,730,982415,1574000
2737,25,34,16830,721,982449,2007500
2738,26,30,16804,717,982479,1770700
2739,21,42,16783,696,982521,1871900
2740,27,33,16756,690,982554,1926700
2741,34,36,16722,688,982590,1917000
2742,26,40,16696,674,982630,1775200
2743,16,37,16680,653,982667,1736900
2744,26,34,16654,645,982701,1730900
2745,20,31,16634,634,982732,1725400
2746,24,20,16610,638,982752,1758200
2747,22,24,16588,636,982776,1757800
2748,25,27,16563,634,982803,1853300
2749,27,29,16536,632,982832,1761900
2750,17,35,16519,614,982867,1686000
2751,23,24,16496,613,982891,1877600
2752,23,27,16473,609,982918,1834200
2753,24,26,16449,607,982944,1670900
2754,28,31,16421,604,982975,1887700
2755,20,23,16401,601,982998,1723800
2756,18,31,16383,588,983029,1691400
2757,23,24,16360,587,983053,1688400
2758,23,25,16337,585,983078,1751600
2759,21,22,16316,584,983100,1676600
2760,18,30,16298,572,983130,1727100
2761,28,27,16270,573,983157,1922300
2762,21,25,16249,569,983182,1863400
2763,21,25,16228,565,983207,1760700
2764,21,37,16207,549,983244,1717500
2765,11,22,16196,538,983266,1703700
2766,23,28,16173,533,983294,1764300
2767,10,28,16163,515,983322,1868100
2768,14,30,16149,499,983352,1827600
2769,15,26,16134,488,983378,1924700
2770,16,23,16118,481,983401,1970400
2771,22,27,16096,476,983428,1922300
2772,23,19,16073,480,983447,1731800
2773,14,19,16059,475,983466,1698700
2774,15,24,16044,466,983490,1884700
2775,21,24,16023,463,983514,1816600
2776,15,26,16008,452,983540,1789100
2777,17,16,15991,453,983556,1724700
2778,21,19,15970,455,983575,1686900
2779,17,29,15953,443,983604,1764900
2780,19,20,15934,442,983624,1718700
2781,14,18,15920,438,983642,1724400
2782,21,17,15899,442,983659,1645100
2783,13,28,15886,427,983687,1695200
2784,18,24,15868,421,983711,1678300
2785,29,25,15839,425,983736,1685400
2786,14,29,15825,410,983765,1772300
2787,16,16,15809,410,983781,1680400
2788,23,16,15786,417,983797,1665000
2789,20,15,15766,422,983812,1750400
2790,16,23,15750,415,983835,1704500
2791,22,13,15728,424,983848,1679300
2792,16,27,15712,413,983875,1684800
2793,14,25,15698,402,983900,1886700
2794,14,25,15684,391,983925,1758000
2795,15,23,15669,383,983948,1841100
2796,17,22,15652,378,983970,1694100
2797,12,15,15640,375,983985,1680500
2798,17,20,15623,372,984005,1893600
2799,24,25,15599,371,984030,1897400
2800,15,21,15584,365,984051,2143100
2801,12,20,15572,357,984071,1875200
2802,14,21,15558,350,984092,1676500
2803,16,28,15542,338,984120,1996700
2804,14,23,15528,329,984143,1816600
2805,12,16,15516,325,984159,1836000
2806,9,18,15507,316,984177,1858200
2807,12,27,15495,301,984204,1862600
2808,12,20,15483,293,984224,1897900
2809,12,15,15471,290,984239,1802600
2810,11,12,15460,289,984251,2122500
2811,9,14,15451,284,984265,2092900
2812,13,15,15438,282,984280,2074200
2813,4,17,15434,269,984297,1798100
2814,9,7,15425,271,984304,1970900
2815,8,14,15417,265,984318,1818600
2816,12,17,15405,260,984335,1983800
2817,12,7,15393,265,984342,2070200
2818,9,22,15384,252,984364,1916500
2819,13,17,15371,248,984381,1787300
2820,6,13,15365,241,984394,1747400
2821,11,19,15354,233,984413,1750600
2822,10,11,15344,232,984424,1783700
2823,9,5,15335,236,984429,1705500
2824,6,7,15329,235,984436,1793100
2825,5,17,15324,223,984453,1747900
2826,7,10,15317,220,984463,1870500
2827,3,13,15314,210,984476,1759800
2828,9,11,15305,208,984487,1834800
2829,11,9,15294,210,984496,1826800
2830,8,12,15286,206,984508,1773900
2831,14,12,15272,208,984520,1788400
2832,10,10,15262,208,984530,1779100
2833,7,12,15255,203,984542,1733600
2834,8,6,15247,205,984548,1796200
2835,4,11,15243,198,984559,1843700
2836,11,9,15232,200,984568,1743600
2837,9,12,15223,197,984580,1712600
2838,7,7,15216,197,984587,1668500
2839,13,11,15203,199,984598,1678300
2840,15,8,15188,206,984606,1729200
2841,10,16,15178,200,984622,1825400
2842,14,9,15164,205,984631,1700400
2843,8,11,15156,202,984642,1674200
2844,8,11,15148,199,984653,1652300
2845,8,11,15140,196,984664,1914700
2846,10,7,15130,199,984671,1867700
2847,15,15,15115,199,984686,1775600
2848,8,10,15107,197,984696,1817500
2849,7,7,15100,197,984703,1794200
2850,6,7,15094,196,984710,1768700
2851,9,7,15085,198,984717,1697600
2852,14,6,15071,206,984723,1761000
2853,15,8,15056,213,984731,1890900
2854,12,13,15044,212,984744,1757900
2855,10,10,15034,212,984754,2000900
2856,14,9,15020,217,984763,1860500
2857,6,11,15014,212,984774,1779000
2858,6,9,15008,209,984783,1936500
2859,9,12,14999,206,984795,1837900
2860,6,12,14993,200,984807,1731400
2861,9,11,14984,198,984818,1788300
2862,7,7,14977,198,984825,1973600
2863,9,8,14968,199,984833,1823700
2864,8,9,14960,198,984842,1736500
2865,7,10,14953,195,984852,1690700
2866,6,3,14947,198,984855,2031100
2867,6,8,14941,196,984863,2028300
2868,5,8,14936,193,984871,1737100
2869,8,9,14928,192,984880,1810000
2870,8,6,14920,194,984886,1847300
2871,8,6,14912,196,984892,1873900
2872,4,9,14908,191,984901,1801500
2873,9,7,14899,193,984908,1806400
2874,9,7,14890,195,984915,1715000
2875,4,15,14886,184,984930,1944600
2876,1,10,14885,175,984940,1846500
2877,1,7,14884,169,984947,1746300
2878,4,9,14880,164,984956,1735300
2879,2,9,14878,157,984965,1857100
2880,2,8,14876,151,984973,1772500
2881,4,9,14872,146,984982,1775600
2882,2,8,14870,140,984990,1751400
2883,3,7,14867,136,984997,1774900
2884,2,7,14865,131,985004,1770100
2885,6,8,14859,129,985012,1717100
2886,3,4,14856,128,985016,2160000
2887,2,4,14854,126,985020,1695800
2888,4,6,14850,124,985026,1715700
2889,1,10,14849,115,985036,1654600
2890,3,7,14846,111,985043,1668800
2891,2,6,14844,107,985049,1862300
2892,1,8,14843,100,985057,2259900
2893,0,2,14843,98,985059,1862600
2894,2,2,14841,98,985061,1798500
2895,0,5,14841,93,985066,2025000
2896,0,7,14841,86,985073,2007400
2897,4,4,14837,86,985077,1802800
2898,2,5,14835,83,985082,1762600
2899,0,3,14835,80,985085,1953000
2900,1,4,14834,77,985089,1840000
2901,0,3,14834,74,985092,1786300
2902,1,5,14833,70,985097,1717700
2903,0,2,14833,68,985099,1720700
2904,0,3,14833,65,985102,1779800
2905,1,1,14832,65,985103,1697900
2906,2,2,14830,65,985105,1873900
2907,0,3,14830,62,985108,1726900
2908,0,4,14830,58,985112,2151800
2909,1,1,14829,58,985113,1720900
2910,0,2,14829,56,985115,2464500
2911,1,3,14828,54,985118,2019100
2912,1,6,14827,49,985124,1834500
2913,0,2,14827,47,985126,1783600
2914,2,2,14825,47,985128,1748600
2915,1,1,14824,47,985129,1733100
2916,1,5,14823,43,985134,1709800
2917,0,3,14823,40,985137,1819400
2918,1,2,14822,39,985139,1738900
2919,1,2,14821,38,985141,1831200
2920,0,1,14821,37,985142,1925500
2921,1,1,14820,37,985143,2030800
2922,0,3,14820,34,985146,1774200
2923,0,2,14820,32,985148,1903000
2924,1,1,14819,32,985149,1773100
2925,0,1,14819,31,985150,1795700
2926,0,1,14819,30,985151,2139000
2927,0,5,14819,25,985156,2062700
2928,0,2,14819,23,985158,1888800
2929,0,0,14819,23,985158,1988600
2930,0,0,14819,23,985158,1834400
2931,0,1,14819,22,985159,1792700
2932,0,0,14819,22,985159,1795200
2933,0,2,14819,20,985161,1817700
2934,0,0,14819,20,985161,1896800
2935,0,0,14819,20,985161,1687300
2936,0,3,14819,17,985164,1700800
2937,0,1,14819,16,985165,1683200
2938,0,1,14819,15,985166,1755800
2939,0,0,14819,15,985166,1752600
2940,0,0,14819,15,985166,1925900
2941,0,2,14819,13,985168,1850800
2942,0,1,14819,12,985169,1875900
2943,0,0,14819,12,985169,1847600
2944,0,0,14819,12,985169,1719900
2945,0,1,14819,11,985170,1870400
2946,0,0,14819,11,985170,1741000
2947,0,1,14819,10,985171,1734600
2948,0,1,14819,9,985172,2048300
2949,0,0,14819,9,985172,1994200
2950,0,0,14819,9,985172,1695800
2951,0,1,14819,8,985173,1701300
2952,0,0,14819,8,985173,1890500
2953,0,0,14819,8,985173,1919300
2954,0,0,14819,8,985173,1918300
2955,0,0,14819,8,985173,1783600
2956,0,0,14819,8,985173,1849300
2957,0,0,14819,8,985173,1740300
2958,0,1,14819,7,985174,1746300
2959,0,0,14819,7,985174,1781700
2960,0,3,14819,4,985177,1842400
2961,0,0,14819,4,985177,2175300
2962,0,0,14819,4,985177,2125500
2963,0,0,14819,4,985177,1886900
2964,0,0,14819,4,985177,1790900
2965,0,0,14819,4,985177,2001000
2966,0,0,14819,4,985177,1822500
2967,0,0,14819,4,985177,1763700
2968,0,1,14819,3,985178,2296700
2969,0,0,14819,3,985178,3989800
2970,0,1,14819,2,985179,2019400
2971,0,0,14819,2,985179,1902800
2972,0,0,14819,2,985179,1895800
2973,0,0,14819,2,985179,1822200
2974,0,0,14819,2,985179,1755900
2975,0,0,14819,2,985179,1763800
2976,0,0,14819,2,985179,1837500
2977,0,0,14819,2,985179,1813300
2978,0,0,14819,2,985179,1772000
2979,0,0,14819,2,985179,2234700
2980,0,0,14819,2,985179,1883500
2981,0,0,14819,2,985179,1831500
2982,0,0,14819,2,985179,1791000
2983,0,0,14819,2,985179,1710000
2984,0,0,14819,2,985179,1849400
2985,0,1,14819,1,985180,1796800
2986,0,0,14819,1,985180,1744400
2987,0,0,14819,1,985180,1827700
2988,0,0,14819,1,985180,1841700
2989,0,0,14819,1,985180,1740800
2990,0,0,14819,1,985180,1723500
2991,0,0,14819,1,985180,1644400
2992,0,0,14819,1,985180,1914700
2993,0,0,14819,1,985180,1749000
2994,0,0,14819,1,985180,2036600
2995,0,0,14819,1,985180,1661900
2996,0,0,14819,1,985180,1764000
2997,0,0,14819,1,985180,1765100
2998,0,0,14819,1,985180,1734600
2999,0,0,14819,1,985180,1799800
3000,0,0,14819,1,985180,1633800
3001,0,0,14819,1,985180,2070400
3002,0,0,14819,1,985180,2013900
3003,0,0,14819,1,985180,2076800
3004,0,0,14819,1,985180,1661200
3005,0,0,14819,1,985180,1738800
3006,0,0,14819,1,985180,1754500
3007,0,0,14819,1,985180,1754000
3008,0,0,14819,1,985180,1651600
3009,0,0,14819,1,985180,1736700
3010,0,0,14819,1,985180,2003200
3011,0,0,14819,1,985180,1798800
3012,0,0,14819,1,985180,1748900
3013,0,0,14819,1,985180,1726200
3014,0,0,14819,1,985180,1727300
3015,0,0,14819,1,985180,1754200
3016,0,0,14819,1,985180,1742700
3017,0,0,14819,1,985180,1741900
3018,0,1,14819,0,985181,1690600
