Tick,NewlyInfected,NewlyRecovered,TotalSusceptible,TotalInfected,TotalRecovered,StepTimeNanos
0,5,0,999990,10,0,2533100
1,7,0,999983,17,0,2072600
2,3,2,999980,18,2,1808300
3,5,2,999975,21,4,1694700
4,4,1,999971,24,5,1736300
5,5,1,999966,28,6,1734600
6,7,2,999959,33,8,1686000
7,4,3,999955,34,11,1745100
8,7,0,999948,41,11,1732300
9,7,2,999941,46,13,1748800
10,7,3,999934,50,16,1726700
11,11,3,999923,58,19,1727500
12,2,2,999921,58,21,1711300
13,7,4,999914,61,25,1864900
14,10,2,999904,69,27,1751900
15,6,2,999898,73,29,2165700
16,14,8,999884,79,37,1804500
17,12,4,999872,87,41,1691300
18,9,5,999863,91,46,1990300
19,13,5,999850,99,51,1718100
20,9,5,999841,103,56,2043000
21,16,9,999825,110,65,1779900
22,7,3,999818,114,68,1703500
23,11,2,999807,123,70,1800900
24,13,3,999794,133,73,1726900
25,11,11,999783,133,84,1706200
26,17,9,999766,141,93,1741000
27,15,10,999751,146,103,1847500
28,15,5,999736,156,108,2112900
29,12,9,999724,159,117,1812300
30,14,5,999710,168,122,1769800
31,15,3,999695,180,125,1925800
32,19,7,999676,192,132,1727300
33,26,6,999650,212,138,1694200
34,18,9,999632,221,147,1908100
35,20,8,999612,233,155,1754900
36,20,11,999592,242,166,2150200
37,16,10,999576,248,176,1843600
38,20,15,999556,253,191,1740100
39,16,18,999540,251,209,1784300
40,18,9,999522,260,218,1747500
41,19,8,999503,271,226,1724500
42,23,16,999480,278,242,1946200
43,17,14,999463,281,256,1755700
44,19,19,999444,281,275,1808900
45,18,15,999426,284,290,1857800
46,16,15,999410,285,305,1802400
47,25,23,999385,287,328,1805500
48,26,16,999359,297,344,1895400
49,27,12,999332,312,356,1835500
50,19,12,999313,319,368,1899300
51,21,16,999292,324,384,2019700
52,28,12,999264,340,396,1791000
53,25,12,999239,353,408,1749100
54,32,16,999207,369,424,1669600
55,32,23,999175,378,447,1864200
56,23,17,999152,384,464,1728100
57,40,21,999112,403,485,1659600
58,28,25,999084,406,510,1694100
59,40,23,999044,423,533,1767800
60,24,19,999020,428,552,1721500
61,36,18,998984,446,570,1894700
62,33,25,998951,454,595,1737300
63,31,16,998920,469,611,1763400
64,39,26,998881,482,637,1766600
65,42,30,998839,494,667,1800900
66,47,22,998792,519,689,1772000
67,42,26,998750,535,715,1828200
68,34,31,998716,538,746,1963900
69,35,26,998681,547,772,1875500
70,39,24,998642,562,796,1768700
71,52,29,998590,585,825,1727500
72,45,23,998545,607,848,1773700
73,32,19,998513,620,867,1772500
74,42,35,998471,627,902,1791000
75,54,35,998417,646,937,1773800
76,45,27,998372,664,964,1723800
77,56,24,998316,696,988,1692200
78,66,37,998250,725,1025,1736400
79,47,41,998203,731,1066,1696600
80,56,43,998147,744,1109,1766800
81,58,37,998089,765,1146,1903800
82,55,48,998034,772,1194,1782200
83,42,37,997992,777,1231,2069800
84,46,33,997946,790,1264,1749800
85,65,45,997881,810,1309,1684000
86,58,35,997823,833,1344,2073900
87,53,46,997770,840,1390,1731800
88,62,34,997708,868,1424,1683100
89,47,50,997661,865,1474,1710400
90,65,39,997596,891,1513,1886400
91,64,43,997532,912,1556,1721100
92,58,42,997474,928,1598,1779600
93,52,40,997422,940,1638,1667100
94,63,50,997359,953,1688,1752700
95,60,52,997299,961,1740,1825400
96,54,50,997245,965,1790,1747800
97,58,53,997187,970,1843,2061900
98,66,33,997121,1003,1876,1771500
99,48,51,997073,1000,1927,1777300
100,63,53,997010,1010,1980,1781200
101,54,61,996956,1003,2041,1745000
102,60,63,996896,1000,2104,1735100
103,73,47,996823,1026,2151,1817900
104,79,57,996744,1048,2208,1726400
105,63,61,996681,1050,2269,1763100
106,77,52,996604,1075,2321,1950500
107,92,52,996512,1115,2373,1712100
108,85,46,996427,1154,2419,2075100
109,77,60,996350,1171,2479,1741400
110,77,73,996273,1175,2552,1744700
111,77,57,996196,1195,2609,1814600
112,84,67,996112,1212,2676,1787800
113,79,58,996033,1233,2734,1820700
114,64,63,995969,1234,2797,1811700
115,86,49,995883,1271,2846,1754800
116,80,61,995803,1290,2907,1755900
117,88,54,995715,1324,2961,1861300
118,85,65,995630,1344,3026,1730700
119,91,55,995539,1380,3081,1811500
120,84,53,995455,1411,3134,1732400
121,77,64,995378,1424,3198,1804800
122,91,63,995287,1452,3261,1734800
123,87,77,995200,1462,3338,1758100
124,100,82,995100,1480,3420,2173800
125,87,72,995013,1495,3492,1825500
126,107,60,994906,1542,3552,1924600
127,110,63,994796,1589,3615,1841000
128,100,82,994696,1607,3697,1777700
129,113,78,994583,1642,3775,1779400
130,93,83,994490,1652,3858,1786100
131,99,82,994391,1669,3940,1746000
132,100,97,994291,1672,4037,1764100
133,100,81,994191,1691,4118,2136600
134,109,81,994082,1719,4199,1790400
135,111,78,993971,1752,4277,1886200
136,103,81,993868,1774,4358,1897900
137,104,81,993764,1797,4439,1778600
138,132,88,993632,1841,4527,1668000
139,93,104,993539,1830,4631,1767400
140,96,101,993443,1825,4732,1706800
141,121,80,993322,1866,4812,1813500
142,96,100,993226,1862,4912,2065000
143,97,90,993129,1869,5002,1710700
144,88,82,993041,1875,5084,2120100
145,118,93,992923,1900,5177,1849400
146,105,105,992818,1900,5282,1922000
147,97,89,992721,1908,5371,1800800
148,96,108,992625,1896,5479,1899100
149,108,96,992517,1908,5575,1689100
150,112,116,992405,1904,5691,1930400
151,94,77,992311,1921,5768,1673900
152,102,101,992209,1922,5869,1938600
153,93,93,992116,1922,5962,1769200
154,102,112,992014,1912,6074,1678300
155,118,105,991896,1925,6179,1651400
156,90,87,991806,1928,6266,1730500
157,106,103,991700,1931,6369,1996000
158,101,93,991599,1939,6462,1814600
159,104,103,991495,1940,6565,1849200
160,112,88,991383,1964,6653,2135500
161,105,106,991278,1963,6759,1706700
162,101,94,991177,1970,6853,1724900
163,100,96,991077,1974,6949,1836400
164,105,105,990972,1974,7054,1858200
165,125,108,990847,1991,7162,1726000
166,125,112,990722,2004,7274,2077800
167,106,98,990616,2012,7372,1770100
168,123,100,990493,2035,7472,1725600
169,101,95,990392,2041,7567,2053200
170,107,109,990285,2039,7676,1788200
171,102,102,990183,2039,7778,1701500
172,110,112,990073,2037,7890,1747800
173,126,105,989947,2058,7995,1723200
174,130,102,989817,2086,8097,1783800
175,132,104,989685,2114,8201,1876500
176,131,96,989554,2149,8297,1722600
177,134,112,989420,2171,8409,1841500
178,117,98,989303,2190,8507,1771000
179,119,118,989184,2191,8625,1746300
180,128,99,989056,2220,8724,1769500
181,150,108,988906,2262,8832,1780800
182,113,111,988793,2264,8943,1694600
183,142,131,988651,2275,9074,1691500
184,127,108,988524,2294,9182,1834300
185,128,122,988396,2300,9304,1745600
186,129,111,988267,2318,9415,1712800
187,154,132,988113,2340,9547,1769700
188,145,119,987968,2366,9666,1774800
189,133,127,987835,2372,9793,1839400
190,134,139,987701,2367,9932,1747400
191,142,137,987559,2372,10069,2062900
192,131,133,987428,2370,10202,1762900
193,155,125,987273,2400,10327,1754600
194,123,114,987150,2409,10441,1766000
195,119,118,987031,2410,10559,1735500
196,144,131,986887,2423,10690,1736200
197,129,148,986758,2404,10838,1980400
198,134,120,986624,2418,10958,1756500
199,141,125,986483,2434,11083,1778500
200,158,130,986325,2462,11213,1739700
201,148,132,986177,2478,11345,1955300
202,144,129,986033,2493,11474,2144900
203,148,133,985885,2508,11607,1972500
204,139,115,985746,2532,11722,1788700
205,145,140,985601,2537,11862,1804700
206,155,116,985446,2576,11978,1822900
207,157,115,985289,2618,12093,1978300
208,148,140,985141,2626,12233,1743100
209,178,125,984963,2679,12358,1757900
210,188,144,984775,2723,12502,1740400
211,172,148,984603,2747,12650,1749300
212,181,150,984422,2778,12800,1758200
213,158,120,984264,2816,12920,1744600
214,174,159,984090,2831,13079,1723300
215,204,130,983886,2905,13209,1853400
216,168,138,983718,2935,13347,1959300
217,205,135,983513,3005,13482,1924600
218,176,147,983337,3034,13629,1829400
219,173,138,983164,3069,13767,1869300
220,186,164,982978,3091,13931,1715400
221,180,183,982798,3088,14114,1743000
222,179,163,982619,3104,14277,1690600
223,175,165,982444,3114,14442,1882400
224,202,146,982242,3170,14588,1814600
225,169,160,982073,3179,14748,1830800
226,175,175,981898,3179,14923,1784700
227,168,181,981730,3166,15104,1744300
228,181,167,981549,3180,15271,1781700
229,181,183,981368,3178,15454,2221700
230,180,155,981188,3203,15609,1757200
231,180,179,981008,3204,15788,2172300
232,177,174,980831,3207,15962,1788000
233,197,174,980634,3230,16136,1759300
234,201,160,980433,3271,16296,1837800
235,212,167,980221,3316,16463,1740000
236,195,193,980026,3318,16656,1972800
237,196,173,979830,3341,16829,1848200
238,178,190,979652,3329,17019,1801300
239,173,172,979479,3330,17191,2128900
240,170,180,979309,3320,17371,1827800
241,184,142,979125,3362,17513,1754900
242,194,171,978931,3385,17684,2298600
243,205,167,978726,3423,17851,1957700
244,173,177,978553,3419,18028,2144400
245,206,189,978347,3436,18217,1797800
246,168,156,978179,3448,18373,1930100
247,194,151,977985,3491,18524,1844600
248,177,164,977808,3504,18688,1827200
249,181,190,977627,3495,18878,1742100
250,212,164,977415,3543,19042,1788900
251,198,177,977217,3564,19219,1751700
252,192,187,977025,3569,19406,1756200
253,201,180,976824,3590,19586,1760400
254,208,162,976616,3636,19748,1838100
255,209,166,976407,3679,19914,1791100
256,183,181,976224,3681,20095,1861900
257,209,180,976015,3710,20275,1734700
258,215,192,975800,3733,20467,1859500
259,214,159,975586,3788,20626,1786800
260,218,192,975368,3814,20818,1815800
261,232,188,975136,3858,21006,1822300
262,227,191,974909,3894,21197,1805300
263,236,219,974673,3911,21416,1828000
264,255,214,974418,3952,21630,1738000
265,237,206,974181,3983,21836,1826300
266,211,195,973970,3999,22031,1741800
267,236,171,973734,4064,22202,1726200
268,242,191,973492,4115,22393,1973600
269,207,217,973285,4105,22610,1771300
270,251,183,973034,4173,22793,1912500
271,236,231,972798,4178,23024,2054000
272,221,201,972577,4198,23225,1723300
273,241,198,972336,4241,23423,1942100
274,209,200,972127,4250,23623,1962100
275,229,210,971898,4269,23833,1759800
276,232,203,971666,4298,24036,1771200
277,224,208,971442,4314,24244,1738300
278,216,210,971226,4320,24454,1868900
279,223,221,971003,4322,24675,1906800
280,212,218,970791,4316,24893,1768200
281,257,209,970534,4364,25102,1755400
282,252,200,970282,4416,25302,2145000
283,230,202,970052,4444,25504,1797900
284,265,236,969787,4473,25740,2195900
285,241,218,969546,4496,25958,1855500
286,233,216,969313,4513,26174,1722400
287,240,218,969073,4535,26392,1926500
288,260,226,968813,4569,26618,1787600
289,258,229,968555,4598,26847,1795200
290,246,223,968309,4621,27070,1808700
291,230,257,968079,4594,27327,1975100
292,235,217,967844,4612,27544,1763100
293,243,211,967601,4644,27755,1925800
294,248,209,967353,4683,27964,1848400
295,248,228,967105,4703,28192,1781100
296,265,242,966840,4726,28434,1829500
297,246,252,966594,4720,28686,2047100
298,242,232,966352,4730,28918,1892800
299,240,221,966112,4749,29139,1823500
300,262,226,965850,4785,29365,1937000
301,270,254,965580,4801,29619,1866000
302,262,222,965318,4841,29841,1796500
303,265,243,965053,4863,30084,1768400
304,268,246,964785,4885,30330,1842500
305,251,235,964534,4901,30565,1792100
306,249,239,964285,4911,30804,1742900
307,260,249,964025,4922,31053,1788600
308,239,256,963786,4905,31309,1796600
309,278,288,963508,4895,31597,1806800
310,280,232,963228,4943,31829,1829200
311,258,259,962970,4942,32088,1829100
312,271,220,962699,4993,32308,1766400
313,297,269,962402,5021,32577,1790900
314,279,220,962123,5080,32797,1790300
315,273,274,961850,5079,33071,1769500
316,267,222,961583,5124,33293,2039000
317,273,274,961310,5123,33567,1801200
318,260,255,961050,5128,33822,2249600
319,272,251,960778,5149,34073,1788800
320,279,268,960499,5160,34341,1799800
321,274,258,960225,5176,34599,2213400
322,280,256,959945,5200,34855,1788900
323,266,249,959679,5217,35104,1794000
324,259,289,959420,5187,35393,1875100
325,249,230,959171,5206,35623,1808100
326,269,252,958902,5223,35875,2195200
327,301,270,958601,5254,36145,1882000
328,266,246,958335,5274,36391,2043400
329,261,256,958074,5279,36647,2061500
330,263,286,957811,5256,36933,2010200
331,277,275,957534,5258,37208,2320000
332,270,230,957264,5298,37438,1903200
333,245,261,957019,5282,37699,1874100
334,300,271,956719,5311,37970,1813100
335,264,266,956455,5309,38236,1795400
336,285,279,956170,5315,38515,1831500
337,287,291,955883,5311,38806,2284100
338,264,262,955619,5313,39068,2133100
339,300,233,955319,5380,39301,1795000
340,291,269,955028,5402,39570,1863400
341,293,256,954735,5439,39826,1858400
342,306,282,954429,5463,40108,1836600
343,276,262,954153,5477,40370,1982000
344,322,274,953831,5525,40644,1735700
345,305,266,953526,5564,40910,2021200
346,281,268,953245,5577,41178,1880000
347,321,279,952924,5619,41457,1842000
348,320,296,952604,5643,41753,1843900
349,328,258,952276,5713,42011,1898900
350,303,271,951973,5745,42282,2011400
351,312,287,951661,5770,42569,1934300
352,297,305,951364,5762,42874,1836100
353,321,292,951043,5791,43166,1793400
354,308,306,950735,5793,43472,1860800
355,291,301,950444,5783,43773,1877100
356,314,297,950130,5800,44070,2015000
357,298,284,949832,5814,44354,1800900
358,337,279,949495,5872,44633,1720100
359,334,292,949161,5914,44925,1827700
360,318,308,948843,5924,45233,1808500
361,322,305,948521,5941,45538,1815600
362,316,276,948205,5981,45814,1806100
363,322,316,947883,5987,46130,1854200
364,310,292,947573,6005,46422,1768000
365,313,300,947260,6018,46722,1908500
366,326,321,946934,6023,47043,1816900
367,325,294,946609,6054,47337,1783500
368,339,318,946270,6075,47655,1848300
369,337,322,945933,6090,47977,1763900
370,347,317,945586,6120,48294,1817900
371,340,340,945246,6120,48634,1989900
372,318,275,944928,6163,48909,1813200
373,313,303,944615,6173,49212,1801800
374,371,290,944244,6254,49502,1819100
375,331,314,943913,6271,49816,1774000
376,317,303,943596,6285,50119,1757100
377,327,304,943269,6308,50423,1806500
378,325,331,942944,6302,50754,1811900
379,369,301,942575,6370,51055,1785000
380,324,304,942251,6390,51359,1836700
381,342,315,941909,6417,51674,1821000
382,339,302,941570,6454,51976,1786700
383,339,338,941231,6455,52314,1825400
384,360,352,940871,6463,52666,1817500
385,332,308,940539,6487,52974,1775100
386,324,354,940215,6457,53328,1866600
387,347,309,939868,6495,53637,1758900
388,330,328,939538,6497,53965,1844500
389,310,360,939228,6447,54325,1816400
390,328,315,938900,6460,54640,1781700
391,353,291,938547,6522,54931,1730800
392,353,349,938194,6526,55280,1822800
393,385,347,937809,6564,55627,1788100
394,351,306,937458,6609,55933,2032400
395,362,336,937096,6635,56269,1922100
396,370,341,936726,6664,56610,1808000
397,327,320,936399,6671,56930,1744700
398,347,343,936052,6675,57273,1884900
399,380,322,935672,6733,57595,2107600
400,350,333,935322,6750,57928,2089900
401,326,336,934996,6740,58264,1785100
402,349,351,934647,6738,58615,1905300
403,376,350,934271,6764,58965,1829200
404,373,357,933898,6780,59322,1774400
405,382,360,933516,6802,59682,1818700
406,362,323,933154,6841,60005,1829900
407,361,365,932793,6837,60370,1786500
408,361,388,932432,6810,60758,1752000
409,336,351,932096,6795,61109,1831700
410,371,329,931725,6837,61438,1794000
411,386,343,931339,6880,61781,1888900
412,339,347,931000,6872,62128,1799600
413,360,345,930640,6887,62473,1768600
414,365,317,930275,6935,62790,1798100
415,375,338,929900,6972,63128,1886800
416,349,369,929551,6952,63497,1775400
417,366,349,929185,6969,63846,1740000
418,376,383,928809,6962,64229,1870600
419,395,374,928414,6983,64603,1834700
420,397,330,928017,7050,64933,1793900
421,378,348,927639,7080,65281,1880500
422,388,330,927251,7138,65611,1791200
423,332,356,926919,7114,65967,1730400
424,380,361,926539,7133,66328,1845600
425,386,358,926153,7161,66686,1801700
426,356,351,925797,7166,67037,2110700
427,376,358,925421,7184,67395,2071200
428,366,351,925055,7199,67746,1767600
429,362,340,924693,7221,68086,1727700
430,361,366,924332,7216,68452,1845500
431,396,348,923936,7264,68800,1870400
432,327,401,923609,7190,69201,2012200
433,357,339,923252,7208,69540,2124200
434,337,340,922915,7205,69880,2248800
435,381,389,922534,7197,70269,1952000
436,369,359,922165,7207,70628,1787900
437,372,367,921793,7212,70995,1783900
438,389,353,921404,7248,71348,1958500
439,411,359,920993,7300,71707,1833200
440,386,385,920607,7301,72092,1905700
441,376,336,920231,7341,72428,1912700
442,387,353,919844,7375,72781,1769800
443,409,358,919435,7426,73139,1989300
444,384,363,919051,7447,73502,1859400
445,416,372,918635,7491,73874,1862400
446,393,393,918242,7491,74267,1953200
447,376,365,917866,7502,74632,1838700
448,398,388,917468,7512,75020,1976300
449,378,380,917090,7510,75400,1859600
450,393,389,916697,7514,75789,1779700
451,405,379,916292,7540,76168,1800700
452,402,378,915890,7564,76546,1818300
453,421,366,915469,7619,76912,1867900
454,407,372,915062,7654,77284,1867900
455,405,407,914657,7652,77691,1917200
456,377,360,914280,7669,78051,1775400
457,387,378,913893,7678,78429,1828900
458,411,394,913482,7695,78823,1830000
459,401,366,913081,7730,79189,1865800
460,440,448,912641,7722,79637,1757200
461,380,385,912261,7717,80022,1819700
462,452,384,911809,7785,80406,1822900
463,437,383,911372,7839,80789,1866100
464,407,373,910965,7873,81162,1827300
465,449,413,910516,7909,81575,1807800
466,425,374,910091,7960,81949,1734900
467,417,390,909674,7987,82339,2059500
468,416,387,909258,8016,82726,2067000
469,399,376,908859,8039,83102,1969400
470,445,406,908414,8078,83508,1922800
471,402,419,908012,8061,83927,1836000
472,376,377,907636,8060,84304,1811600
473,407,436,907229,8031,84740,1919000
474,450,396,906779,8085,85136,1837700
475,388,420,906391,8053,85556,2222100
476,390,400,906001,8043,85956,2104700
477,400,398,905601,8045,86354,2037200
478,433,366,905168,8112,86720,2071900
479,416,386,904752,8142,87106,1984300
480,413,423,904339,8132,87529,2142600
481,431,355,903908,8208,87884,1902700
482,465,446,903443,8227,88330,2148200
483,428,397,903015,8258,88727,2055100
484,450,410,902565,8298,89137,1908100
485,434,437,902131,8295,89574,1911400
486,406,388,901725,8313,89962,1921500
487,415,391,901310,8337,90353,1923500
488,433,419,900877,8351,90772,2072600
489,412,422,900465,8341,91194,1953100
490,428,402,900037,8367,91596,2067900
491,442,442,899595,8367,92038,1870400
492,417,405,899178,8379,92443,1936700
493,406,409,898772,8376,92852,1862200
494,413,407,898359,8382,93259,1931900
495,422,412,897937,8392,93671,1865200
496,429,402,897508,8419,94073,1837100
497,434,446,897074,8407,94519,2432200
498,409,441,896665,8375,94960,2016800
499,431,438,896234,8368,95398,1879600
500,438,405,895796,8401,95803,1920800
501,428,436,895368,8393,96239,1904800
502,408,411,894960,8390,96650,1981300
503,440,410,894520,8420,97060,1915100
504,470,408,894050,8482,97468,1844900
505,473,421,893577,8534,97889,2163300
506,445,432,893132,8547,98321,1893500
507,426,419,892706,8554,98740,2088200
508,420,480,892286,8494,99220,2095100
509,464,424,891822,8534,99644,1874700
510,462,424,891360,8572,100068,1829600
511,469,423,890891,8618,100491,1912500
512,419,421,890472,8616,100912,1938400
513,466,429,890006,8653,101341,1985900
514,433,431,889573,8655,101772,1985100
515,479,401,889094,8733,102173,2125400
516,436,422,888658,8747,102595,2108700
517,450,417,888208,8780,103012,1964500
518,453,442,887755,8791,103454,1895200
519,422,478,887333,8735,103932,1930100
520,442,400,886891,8777,104332,1955200
521,462,445,886429,8794,104777,1896700
522,443,428,885986,8809,105205,2085000
523,457,433,885529,8833,105638,1918200
524,448,446,885081,8835,106084,2078200
525,447,430,884634,8852,106514,1924800
526,462,408,884172,8906,106922,1923200
527,444,443,883728,8907,107365,2224700
528,467,473,883261,8901,107838,2083000
529,475,425,882786,8951,108263,1921700
530,463,426,882323,8988,108689,1913500
531,447,469,881876,8966,109158,1963500
532,407,453,881469,8920,109611,1883700
533,449,449,881020,8920,110060,2087500
534,489,433,880531,8976,110493,1931100
535,429,480,880102,8925,110973,1887800
536,476,423,879626,8978,111396,1990100
537,463,457,879163,8984,111853,1973800
538,450,462,878713,8972,112315,1993200
539,448,414,878265,9006,112729,1972900
540,474,437,877791,9043,113166,1902700
541,440,428,877351,9055,113594,1917700
542,457,427,876894,9085,114021,2021800
543,456,466,876438,9075,114487,2094600
544,421,460,876017,9036,114947,2378600
545,466,481,875551,9021,115428,2189600
546,419,445,875132,8995,115873,2198100
547,430,428,874702,8997,116301,1999600
548,472,432,874230,9037,116733,1970200
549,436,442,873794,9031,117175,2027700
550,423,448,873371,9006,117623,1989200
551,433,455,872938,8984,118078,1990800
552,435,437,872503,8982,118515,2094300
553,441,447,872062,8976,118962,2015800
554,458,479,871604,8955,119441,2037500
555,420,464,871184,8911,119905,2003200
556,451,412,870733,8950,120317,2143800
557,430,420,870303,8960,120737,2012100
558,443,456,869860,8947,121193,2189200
559,441,451,869419,8937,121644,2093200
560,461,417,868958,8981,122061,2015600
561,448,471,868510,8958,122532,1980400
562,450,474,868060,8934,123006,1944600
563,455,442,867605,8947,123448,1989400
564,456,485,867149,8918,123933,1941700
565,475,447,866674,8946,124380,1895900
566,462,445,866212,8963,124825,2124300
567,471,433,865741,9001,125258,1913200
568,427,428,865314,9000,125686,1926700
569,420,453,864894,8967,126139,1870100
570,461,439,864433,8989,126578,1820700
571,472,460,863961,9001,127038,1887500
572,463,499,863498,8965,127537,1858000
573,481,465,863017,8981,128002,1869600
574,447,458,862570,8970,128460,2333300
575,486,425,862084,9031,128885,1918500
576,482,461,861602,9052,129346,1862900
577,485,469,861117,9068,129815,1905600
578,486,461,860631,9093,130276,1946800
579,490,473,860141,9110,130749,1871900
580,450,446,859691,9114,131195,1964900
581,452,467,859239,9099,131662,1870000
582,479,471,858760,9107,132133,1932600
583,449,467,858311,9089,132600,2022700
584,421,428,857890,9082,133028,1846400
585,479,435,857411,9126,133463,1977800
586,482,456,856929,9152,133919,1902100
587,491,463,856438,9180,134382,1998500
588,489,454,855949,9215,134836,1785400
589,441,453,855508,9203,135289,1863500
590,483,427,855025,9259,135716,1900300
591,438,461,854587,9236,136177,2268100
592,453,496,854134,9193,136673,1882100
593,448,495,853686,9146,137168,1949500
594,465,450,853221,9161,137618,1846100
595,469,461,852752,9169,138079,1802200
596,485,449,852267,9205,138528,1875500
597,519,479,851748,9245,139007,1829400
598,457,433,851291,9269,139440,1882600
599,479,446,850812,9302,139886,1769300
600,467,465,850345,9304,140351,1954400
601,470,461,849875,9313,140812,1837800
602,510,464,849365,9359,141276,1869700
603,507,492,848858,9374,141768,1885900
604,428,483,848430,9319,142251,1992500
605,494,457,847936,9356,142708,1897800
606,447,465,847489,9338,143173,1974000
607,446,475,847043,9309,143648,1841000
608,461,484,846582,9286,144132,1806300
609,438,479,846144,9245,144611,1927100
610,486,465,845658,9266,145076,1837900
611,486,463,845172,9289,145539,1893600
612,456,454,844716,9291,145993,1888000
613,464,482,844252,9273,146475,1875500
614,458,447,843794,9284,146922,1902200
615,430,487,843364,9227,147409,1924800
616,457,454,842907,9230,147863,1895100
617,459,464,842448,9225,148327,2062600
618,472,484,841976,9213,148811,1897900
619,458,467,841518,9204,149278,2068700
620,465,444,841053,9225,149722,1883200
621,466,477,840587,9214,150199,1979000
622,447,469,840140,9192,150668,2028000
623,441,473,839699,9160,151141,1950000
624,458,455,839241,9163,151596,1902600
625,435,456,838806,9142,152052,2155800
626,474,455,838332,9161,152507,1957500
627,470,478,837862,9153,152985,2081100
628,477,494,837385,9136,153479,2052900
629,492,456,836893,9172,153935,1912200
630,458,454,836435,9176,154389,1970100
631,485,454,835950,9207,154843,1901800
632,496,488,835454,9215,155331,1872600
633,482,458,834972,9239,155789,2004700
634,459,453,834513,9245,156242,2416300
635,459,483,834054,9221,156725,2060900
636,461,424,833593,9258,157149,2422500
637,463,459,833130,9262,157608,1995300
638,490,464,832640,9288,158072,1995400
639,460,458,832180,9290,158530,2243900
640,440,460,831740,9270,158990,2105800
641,494,489,831246,9275,159479,1885400
642,493,483,830753,9285,159962,2102600
643,514,467,830239,9332,160429,2115100
644,533,491,829706,9374,160920,2034700
645,462,481,829244,9355,161401,2065300
646,469,451,828775,9373,161852,2295200
647,486,528,828289,9331,162380,2142200
648,479,470,827810,9340,162850,1999000
649,461,439,827349,9362,163289,1996100
650,494,484,826855,9372,163773,1976800
651,462,483,826393,9351,164256,1900700
652,476,443,825917,9384,164699,2167900
653,516,472,825401,9428,165171,2028400
654,510,464,824891,9474,165635,1912500
655,509,489,824382,9494,166124,2020500
656,493,446,823889,9541,166570,2110300
657,476,472,823413,9545,167042,1908100
658,523,510,822890,9558,167552,2296800
659,525,489,822365,9594,168041,2113800
660,516,440,821849,9670,168481,2137500
661,469,522,821380,9617,169003,2007900
662,508,472,820872,9653,169475,1925700
663,525,500,820347,9678,169975,1918800
664,517,482,819830,9713,170457,1912700
665,523,483,819307,9753,170940,1846800
666,519,506,818788,9766,171446,1864200
667,473,482,818315,9757,171928,1931200
668,534,446,817781,9845,172374,2325700
669,513,492,817268,9866,172866,2659400
670,500,478,816768,9888,173344,2169000
671,517,503,816251,9902,173847,2008800
672,517,490,815734,9929,174337,1954400
673,519,497,815215,9951,174834,2102100
674,486,517,814729,9920,175351,2184600
675,491,473,814238,9938,175824,1971500
676,566,478,813672,10026,176302,2111900
677,542,531,813130,10037,176833,2180800
678,514,512,812616,10039,177345,1915100
679,498,520,812118,10017,177865,2112300
680,550,533,811568,10034,178398,1851100
681,522,495,811046,10061,178893,2312800
682,487,494,810559,10054,179387,2216500
683,466,506,810093,10014,179893,1949600
684,517,508,809576,10023,180401,2031600
685,509,499,809067,10033,180900,2107800
686,486,505,808581,10014,181405,1969700
687,520,498,808061,10036,181903,1928900
688,486,515,807575,10007,182418,2002300
689,503,539,807072,9971,182957,1997200
690,527,487,806545,10011,183444,2038900
691,449,507,806096,9953,183951,1961000
692,490,474,805606,9969,184425,1876400
693,532,496,805074,10005,184921,1985500
694,517,504,804557,10018,185425,1922200
695,485,499,804072,10004,185924,1929800
696,515,474,803557,10045,186398,1981900
697,499,506,803058,10038,186904,2122500
698,523,488,802535,10073,187392,2065600
699,465,525,802070,10013,187917,1970900
700,506,563,801564,9956,188480,2050200
701,489,502,801075,9943,188982,2075900
702,494,536,800581,9901,189518,1967500
703,482,513,800099,9870,190031,2119200
704,527,526,799572,9871,190557,2007400
705,491,477,799081,9885,191034,2087600
706,488,454,798593,9919,191488,1956800
707,513,493,798080,9939,191981,1981500
708,495,499,797585,9935,192480,1921900
709,502,487,797083,9950,192967,1933700
710,497,520,796586,9927,193487,2065700
711,497,467,796089,9957,193954,2172300
712,524,495,795565,9986,194449,2049100
713,506,492,795059,10000,194941,2254500
714,528,510,794531,10018,195451,1951400
715,512,490,794019,10040,195941,2177500
716,521,495,793498,10066,196436,1898600
717,492,493,793006,10065,196929,1936000
718,513,493,792493,10085,197422,2896400
719,506,490,791987,10101,197912,2730700
720,506,521,791481,10086,198433,3028400
721,573,466,790908,10193,198899,1998900
722,541,518,790367,10216,199417,1984400
723,488,500,789879,10204,199917,2273100
724,533,509,789346,10228,200426,1966600
725,537,528,788809,10237,200954,1958000
726,531,491,788278,10277,201445,1964800
727,508,571,787770,10214,202016,2251700
728,517,511,787253,10220,202527,1939500
729,514,494,786739,10240,203021,1907100
730,485,513,786254,10212,203534,2309800
731,508,472,785746,10248,204006,1998200
732,488,565,785258,10171,204571,1969100
733,556,549,784702,10178,205120,2011800
734,552,495,784150,10235,205615,2143700
735,478,496,783672,10217,206111,2027200
736,508,510,783164,10215,206621,2047800
737,517,521,782647,10211,207142,1982600
738,533,516,782114,10228,207658,2222700
739,522,522,781592,10228,208180,1979900
740,503,461,781089,10270,208641,1941700
741,523,502,780566,10291,209143,2031700
742,533,547,780033,10277,209690,2068600
743,499,484,779534,10292,210174,1924600
744,503,506,779031,10289,210680,2047600
745,554,524,778477,10319,211204,1985800
746,466,525,778011,10260,211729,2032400
747,504,518,777507,10246,212247,2102700
748,517,547,776990,10216,212794,1976400
749,476,499,776514,10193,213293,2119000
750,538,506,775976,10225,213799,2030900
751,499,542,775477,10182,214341,2143100
752,542,466,774935,10258,214807,2020100
753,518,483,774417,10293,215290,1917800
754,491,534,773926,10250,215824,2096100
755,525,498,773401,10277,216322,2035000
756,515,496,772886,10296,216818,1932700
757,554,515,772332,10335,217333,2085800
758,531,523,771801,10343,217856,2018800
759,513,539,771288,10317,218395,1984600
760,477,469,770811,10325,218864,1982500
761,490,521,770321,10294,219385,1974200
762,485,493,769836,10286,219878,1919400
763,495,529,769341,10252,220407,1902800
764,474,479,768867,10247,220886,1905600
765,478,494,768389,10231,221380,2059400
766,548,505,767841,10274,221885,2007500
767,508,546,767333,10236,222431,1928600
768,510,533,766823,10213,222964,2199000
769,434,518,766389,10129,223482,2106500
770,470,512,765919,10087,223994,2584200
771,472,493,765447,10066,224487,3130600
772,559,516,764888,10109,225003,2153300
773,489,495,764399,10103,225498,2042100
774,497,521,763902,10079,226019,1958700
775,486,511,763416,10054,226530,1934200
776,477,502,762939,10029,227032,1954400
777,490,467,762449,10052,227499,1933300
778,476,487,761973,10041,227986,2213400
779,492,498,761481,10035,228484,2084000
780,494,542,760987,9987,229026,1914100
781,521,505,760466,10003,229531,1985600
782,444,526,760022,9921,230057,2092800
783,516,517,759506,9920,230574,1947000
784,492,508,759014,9904,231082,2122800
785,504,488,758510,9920,231570,1899800
786,488,488,758022,9920,232058,2025900
787,493,521,757529,9892,232579,2303500
788,507,492,757022,9907,233071,1972500
789,495,481,756527,9921,233552,2016400
790,542,501,755985,9962,234053,1955200
791,499,512,755486,9949,234565,2140300
792,542,496,754944,9995,235061,2059900
793,540,541,754404,9994,235602,1815800
794,501,505,753903,9990,236107,1812200
795,521,524,753382,9987,236631,2019300
796,515,525,752867,9977,237156,1904300
797,522,524,752345,9975,237680,1873300
798,507,467,751838,10015,238147,1954500
799,514,477,751324,10052,238624,1864000
800,529,509,750795,10072,239133,1830400
801,556,535,750239,10093,239668,1877200
802,494,491,749745,10096,240159,1771700
803,461,517,749284,10040,240676,1841400
804,524,502,748760,10062,241178,1932600
805,528,502,748232,10088,241680,1892200
806,490,525,747742,10053,242205,1966100
807,528,559,747214,10022,242764,1883000
808,520,483,746694,10059,243247,1875700
809,480,529,746214,10010,243776,2036800
810,493,510,745721,9993,244286,1955000
811,526,505,745195,10014,244791,2257000
812,493,535,744702,9972,245326,1971100
813,505,501,744197,9976,245827,1930800
814,518,522,743679,9972,246349,1935100
815,553,490,743126,10035,246839,1981600
816,506,487,742620,10054,247326,1865800
817,525,513,742095,10066,247839,1886300
818,556,512,741539,10110,248351,1938300
819,507,493,741032,10124,248844,1972700
820,535,514,740497,10145,249358,1924400
821,499,512,739998,10132,249870,1938900
822,534,471,739464,10195,250341,1941000
823,515,580,738949,10130,250921,2123800
824,525,516,738424,10139,251437,1948100
825,512,467,737912,10184,251904,1957800
826,525,502,737387,10207,252406,2012700
827,511,526,736876,10192,252932,1986800
828,553,518,736323,10227,253450,2003600
829,505,527,735818,10205,253977,1990300
830,507,518,735311,10194,254495,2069900
831,521,517,734790,10198,255012,1902100
832,520,519,734270,10199,255531,2074400
833,545,489,733725,10255,256020,1937300
834,522,522,733203,10255,256542,1970000
835,544,539,732659,10260,257081,2412200
836,532,518,732127,10274,257599,2663000
837,502,541,731625,10235,258140,3002000
838,524,508,731101,10251,258648,1975300
839,527,515,730574,10263,259163,2036800
840,521,495,730053,10289,259658,1949600
841,512,531,729541,10270,260189,1990500
842,538,542,729003,10266,260731,2032000
843,535,498,728468,10303,261229,2067300
844,569,517,727899,10355,261746,1999500
845,565,527,727334,10393,262273,2039900
846,546,466,726788,10473,262739,1942700
847,538,483,726250,10528,263222,2049500
848,580,543,725670,10565,263765,2063300
849,548,561,725122,10552,264326,1988000
850,508,548,724614,10512,264874,2035400
851,558,504,724056,10566,265378,1974700
852,535,536,723521,10565,265914,2005800
853,542,540,722979,10567,266454,2121200
854,563,546,722416,10584,267000,1963300
855,539,530,721877,10593,267530,2125200
856,557,531,721320,10619,268061,1994100
857,518,514,720802,10623,268575,1950700
858,542,530,720260,10635,269105,2314000
859,526,538,719734,10623,269643,1993500
860,514,538,719220,10599,270181,1971700
861,495,536,718725,10558,270717,1977300
862,511,520,718214,10549,271237,2005000
863,531,547,717683,10533,271784,1968100
864,525,506,717158,10552,272290,1879400
865,510,507,716648,10555,272797,1896200
866,517,513,716131,10559,273310,2412500
867,510,520,715621,10549,273830,1821200
868,531,504,715090,10576,274334,1949900
869,494,590,714596,10480,274924,2116400
870,559,511,714037,10528,275435,1778400
871,491,523,713546,10496,275958,1931000
872,524,503,713022,10517,276461,1969100
873,493,544,712529,10466,277005,1978800
874,521,529,712008,10458,277534,2115600
875,492,507,711516,10443,278041,1923900
876,524,513,710992,10454,278554,1936400
877,534,521,710458,10467,279075,2003600
878,496,530,709962,10433,279605,1966100
879,499,491,709463,10441,280096,2102000
880,514,490,708949,10465,280586,2536800
881,509,540,708440,10434,281126,1838500
882,514,551,707926,10397,281677,1800900
883,511,512,707415,10396,282189,1988800
884,502,518,706913,10380,282707,2159800
885,503,515,706410,10368,283222,1935600
886,514,541,705896,10341,283763,1900900
887,565,482,705331,10424,284245,1841100
888,547,519,704784,10452,284764,2105900
889,496,531,704288,10417,285295,1966100
890,528,461,703760,10484,285756,2170400
891,512,490,703248,10506,286246,1929500
892,543,531,702705,10518,286777,1839500
893,508,513,702197,10513,287290,1877500
894,562,470,701635,10605,287760,2149200
895,545,550,701090,10600,288310,1828500
896,567,547,700523,10620,288857,2193000
897,513,559,700010,10574,289416,1957400
898,538,518,699472,10594,289934,2126100
899,523,544,698949,10573,290478,2130500
900,544,551,698405,10566,291029,1815400
901,547,545,697858,10568,291574,1763300
902,531,571,697327,10528,292145,2124000
903,547,554,696780,10521,292699,1941900
904,577,539,696203,10559,293238,2026900
905,552,484,695651,10627,293722,1973300
906,556,520,695095,10663,294242,1862600
907,555,544,694540,10674,294786,1891300
908,584,536,693956,10722,295322,1979600
909,561,554,693395,10729,295876,1869500
910,536,563,692859,10702,296439,1942600
911,578,532,692281,10748,296971,2006900
912,569,564,691712,10753,297535,2034700
913,567,505,691145,10815,298040,2059700
914,544,552,690601,10807,298592,2090600
915,519,505,690082,10821,299097,2033800
916,571,485,689511,10907,299582,2030200
917,540,541,688971,10906,300123,2003400
918,529,522,688442,10913,300645,1973600
919,529,534,687913,10908,301179,1983400
920,573,562,687340,10919,301741,2094000
921,554,559,686786,10914,302300,2109000
922,559,558,686227,10915,302858,1970200
923,547,529,685680,10933,303387,1906100
924,541,568,685139,10906,303955,2054300
925,542,562,684597,10886,304517,2066400
926,511,547,684086,10850,305064,1979600
927,522,538,683564,10834,305602,2110200
928,557,572,683007,10819,306174,1940800
929,566,542,682441,10843,306716,1932400
930,569,562,681872,10850,307278,1947800
931,506,518,681366,10838,307796,1944300
932,520,561,680846,10797,308357,2251600
933,534,581,680312,10750,308938,1990000
934,532,540,679780,10742,309478,1890100
935,530,575,679250,10697,310053,1993800
936,543,522,678707,10718,310575,2068600
937,545,554,678162,10709,311129,2001600
938,507,548,677655,10668,311677,2014100
939,494,507,677161,10655,312184,2066700
940,495,521,676666,10629,312705,1978200
941,538,547,676128,10620,313252,1990100
942,558,527,675570,10651,313779,2007600
943,541,529,675029,10663,314308,1972700
944,567,526,674462,10704,314834,2168700
945,530,554,673932,10680,315388,1901400
946,516,524,673416,10672,315912,1901300
947,499,512,672917,10659,316424,2079200
948,500,535,672417,10624,316959,1780400
949,525,512,671892,10637,317471,1902400
950,524,545,671368,10616,318016,1893500
951,546,519,670822,10643,318535,2131100
952,513,557,670309,10599,319092,2018000
953,489,533,669820,10555,319625,1941300
954,468,565,669352,10458,320190,1834800
955,497,498,668855,10457,320688,2040600
956,507,516,668348,10448,321204,1895400
957,534,537,667814,10445,321741,1884300
958,525,534,667289,10436,322275,2189200
959,501,517,666788,10420,322792,1872600
960,494,559,666294,10355,323351,1980500
961,518,539,665776,10334,323890,1967700
962,548,537,665228,10345,324427,1911600
963,531,495,664697,10381,324922,1950500
964,544,528,664153,10397,325450,2126500
965,554,499,663599,10452,325949,1944700
966,504,523,663095,10433,326472,2181600
967,536,511,662559,10458,326983,1891000
968,511,521,662048,10448,327504,1902600
969,505,519,661543,10434,328023,1991600
970,544,520,660999,10458,328543,1844600
971,526,521,660473,10463,329064,1854600
972,571,509,659902,10525,329573,2007500
973,552,522,659350,10555,330095,1914100
974,519,538,658831,10536,330633,2142400
975,537,539,658294,10534,331172,1982700
976,514,532,657780,10516,331704,1917000
977,547,544,657233,10519,332248,2085300
978,529,562,656704,10486,332810,2215200
979,538,506,656166,10518,333316,1954900
980,534,489,655632,10563,333805,2054200
981,550,540,655082,10573,334345,1974100
982,524,496,654558,10601,334841,2138800
983,529,509,654029,10621,335350,1978800
984,534,528,653495,10627,335878,1961700
985,572,567,652923,10632,336445,1895200
986,521,560,652402,10593,337005,1928300
987,508,523,651894,10578,337528,1940700
988,510,521,651384,10567,338049,1886200
989,548,503,650836,10612,338552,1924600
990,539,573,650297,10578,339125,1917700
991,523,484,649774,10617,339609,2026000
992,504,528,649270,10593,340137,2007000
993,535,511,648735,10617,340648,1891700
994,534,515,648201,10636,341163,2204700
995,502,551,647699,10587,341714,2755400
996,548,520,647151,10615,342234,2557400
997,545,532,646606,10628,342766,2072200
998,532,558,646074,10602,343324,1980300
999,490,549,645584,10543,343873,2015700
1000,534,528,645050,10549,344401,1819200
1001,550,508,644500,10591,344909,1939200
1002,535,532,643965,10594,345441,2040600
1003,562,555,643403,10601,345996,2128400
1004,543,534,642860,10610,346530,2055900
1005,477,531,642383,10556,347061,1899300
1006,507,524,641876,10539,347585,2146700
1007,531,485,641345,10585,348070,2191000
1008,545,484,640800,10646,348554,1800700
1009,553,523,640247,10676,349077,1745900
1010,523,545,639724,10654,349622,2135200
1011,542,522,639182,10674,350144,1927200
1012,535,520,638647,10689,350664,1894400
1013,511,528,638136,10672,351192,1939500
1014,511,555,637625,10628,351747,1879500
1015,531,548,637094,10611,352295,1878800
1016,534,523,636560,10622,352818,2005500
1017,554,528,636006,10648,353346,1885900
1018,525,507,635481,10666,353853,1859700
1019,504,521,634977,10649,354374,2007600
1020,531,523,634446,10657,354897,1913500
1021,524,526,633922,10655,355423,2091600
1022,537,582,633385,10610,356005,1976400
1023,571,539,632814,10642,356544,1793100
1024,541,567,632273,10616,357111,1968800
1025,540,533,631733,10623,357644,1837000
1026,536,553,631197,10606,358197,1848800
1027,556,519,630641,10643,358716,2155600
1028,547,515,630094,10675,359231,1910400
1029,566,526,629528,10715,359757,1887500
1030,517,582,629011,10650,360339,1971100
1031,546,543,628465,10653,360882,1932800
1032,539,541,627926,10651,361423,1926300
1033,495,555,627431,10591,361978,1998900
1034,566,519,626865,10638,362497,1927600
1035,536,531,626329,10643,363028,2510400
1036,549,511,625780,10681,363539,2129300
1037,553,524,625227,10710,364063,2080300
1038,520,510,624707,10720,364573,2045300
1039,571,525,624136,10766,365098,2042700
1040,519,564,623617,10721,365662,1965700
1041,508,556,623109,10673,366218,2232500
1042,523,539,622586,10657,366757,1957900
1043,476,484,622110,10649,367241,2310800
1044,532,574,621578,10607,367815,2100000
1045,548,518,621030,10637,368333,2083700
1046,538,514,620492,10661,368847,2087600
1047,510,500,619982,10671,369347,1987500
1048,522,525,619460,10668,369872,2116400
1049,549,526,618911,10691,370398,2122800
1050,528,549,618383,10670,370947,2199300
1051,511,524,617872,10657,371471,2226600
1052,542,506,617330,10693,371977,2028000
1053,528,540,616802,10681,372517,2233500
1054,547,536,616255,10692,373053,1922400
1055,537,542,615718,10687,373595,1895700
1056,512,543,615206,10656,374138,1988700
1057,485,578,614721,10563,374716,2147600
1058,515,501,614206,10577,375217,1996000
1059,506,513,613700,10570,375730,2081700
1060,512,499,613188,10583,376229,1992900
1061,526,508,612662,10601,376737,1943700
1062,501,518,612161,10584,377255,2032200
1063,534,516,611627,10602,377771,1930200
1064,518,544,611109,10576,378315,2149000
1065,495,525,610614,10546,378840,2125900
1066,519,534,610095,10531,379374,1970100
1067,492,523,609603,10500,379897,1958100
1068,498,546,609105,10452,380443,2033000
1069,482,523,608623,10411,380966,1922900
1070,554,498,608069,10467,381464,2294000
1071,506,543,607563,10430,382007,2073300
1072,522,488,607041,10464,382495,2032300
1073,535,499,606506,10500,382994,2134900
1074,553,518,605953,10535,383512,2001700
1075,532,526,605421,10541,384038,1994700
1076,539,555,604882,10525,384593,2051600
1077,501,521,604381,10505,385114,1828900
1078,577,517,603804,10565,385631,1909100
1079,510,518,603294,10557,386149,1962600
1080,530,532,602764,10555,386681,2039400
1081,564,488,602200,10631,387169,2038800
1082,540,526,601660,10645,387695,2015800
1083,567,508,601093,10704,388203,1931500
1084,536,557,600557,10683,388760,2007100
1085,537,576,600020,10644,389336,2141300
1086,500,558,599520,10586,389894,2059400
1087,530,533,598990,10583,390427,2054500
1088,531,504,598459,10610,390931,2112400
1089,480,518,597979,10572,391449,2029000
1090,539,523,597440,10588,391972,1958100
1091,507,529,596933,10566,392501,1896800
1092,528,551,596405,10543,393052,2038300
1093,492,546,595913,10489,393598,1928600
1094,538,563,595375,10464,394161,1877000
1095,516,529,594859,10451,394690,2051200
1096,534,559,594325,10426,395249,1852400
1097,496,559,593829,10363,395808,1905000
1098,553,492,593276,10424,396300,1977200
1099,539,517,592737,10446,396817,1910100
1100,504,523,592233,10427,397340,1951600
1101,507,535,591726,10399,397875,1996700
1102,487,539,591239,10347,398414,2006300
1103,536,530,590703,10353,398944,2229300
1104,564,509,590139,10408,399453,2058400
1105,534,568,589605,10374,400021,1978600
1106,499,475,589106,10398,400496,2061200
1107,517,521,588589,10394,401017,1938300
1108,541,527,588048,10408,401544,1920000
1109,516,546,587532,10378,402090,1940000
1110,484,528,587048,10334,402618,1940300
1111,492,512,586556,10314,403130,1994900
1112,533,502,586023,10345,403632,2039700
1113,510,509,585513,10346,404141,1926200
1114,535,563,584978,10318,404704,1924600
1115,517,513,584461,10322,405217,1969200
1116,502,572,583959,10252,405789,2005600
1117,557,493,583402,10316,406282,2055400
1118,539,515,582863,10340,406797,1983400
1119,519,523,582344,10336,407320,1879800
1120,527,513,581817,10350,407833,2101500
1121,501,530,581316,10321,408363,1993900
1122,568,509,580748,10380,408872,2176500
1123,512,519,580236,10373,409391,2054500
1124,556,510,579680,10419,409901,1862100
1125,520,522,579160,10417,410423,1936200
1126,564,481,578596,10500,410904,2084900
1127,548,493,578048,10555,411397,1859700
1128,536,521,577512,10570,411918,2525600
1129,519,537,576993,10552,412455,2089600
1130,557,545,576436,10564,413000,1930200
1131,511,537,575925,10538,413537,2045700
1132,549,522,575376,10565,414059,1915600
1133,519,544,574857,10540,414603,1969400
1134,527,532,574330,10535,415135,2235300
1135,515,546,573815,10504,415681,2244700
1136,535,520,573280,10519,416201,2021600
1137,525,515,572755,10529,416716,1939700
1138,573,544,572182,10558,417260,1915000
1139,583,543,571599,10598,417803,1943500
1140,573,542,571026,10629,418345,1916000
1141,547,520,570479,10656,418865,1965800
1142,552,552,569927,10656,419417,2108800
1143,553,518,569374,10691,419935,1972000
1144,507,512,568867,10686,420447,2037500
1145,541,590,568326,10637,421037,2096000
1146,517,519,567809,10635,421556,1967800
1147,530,521,567279,10644,422077,2003000
1148,545,509,566734,10680,422586,1956300
1149,533,517,566201,10696,423103,2137500
1150,527,544,565674,10679,423647,2022000
1151,535,515,565139,10699,424162,1928800
1152,532,544,564607,10687,424706,2009300
1153,558,528,564049,10717,425234,1911300
1154,588,525,563461,10780,425759,1860600
1155,530,527,562931,10783,426286,2160900
1156,535,532,562396,10786,426818,2015000
1157,535,515,561861,10806,427333,1947500
1158,548,551,561313,10803,427884,2304100
1159,512,578,560801,10737,428462,2092500
1160,543,560,560258,10720,429022,1897900
1161,522,510,559736,10732,429532,1999100
1162,564,544,559172,10752,430076,2001600
1163,558,550,558614,10760,430626,1947300
1164,510,522,558104,10748,431148,2095500
1165,515,561,557589,10702,431709,1950500
1166,491,513,557098,10680,432222,1897500
1167,563,524,556535,10719,432746,1866600
1168,514,524,556021,10709,433270,2176700
1169,536,561,555485,10684,433831,2268200
1170,525,566,554960,10643,434397,1846500
1171,491,557,554469,10577,434954,1773400
1172,504,533,553965,10548,435487,2023500
1173,492,508,553473,10532,435995,2148000
1174,536,556,552937,10512,436551,2811500
1175,493,553,552444,10452,437104,2459500
1176,527,529,551917,10450,437633,1996200
1177,527,532,551390,10445,438165,2050600
1178,516,496,550874,10465,438661,2040100
1179,528,492,550346,10501,439153,1992400
1180,531,519,549815,10513,439672,1998600
1181,544,495,549271,10562,440167,1910300
1182,550,528,548721,10584,440695,2498400
1183,547,524,548174,10607,441219,2159300
1184,563,514,547611,10656,441733,2169500
1185,533,532,547078,10657,442265,1928800
1186,522,515,546556,10664,442780,1873800
1187,513,530,546043,10647,443310,2041900
1188,559,562,545484,10644,443872,1987400
1189,544,549,544940,10639,444421,1983500
1190,552,560,544388,10631,444981,1996300
1191,569,512,543819,10688,445493,1909500
1192,531,538,543288,10681,446031,1840300
1193,526,552,542762,10655,446583,1943700
1194,538,565,542224,10628,447148,1926900
1195,560,506,541664,10682,447654,2054500
1196,565,502,541099,10745,448156,2290100
1197,527,529,540572,10743,448685,2020900
1198,542,521,540030,10764,449206,2043500
1199,529,576,539501,10717,449782,2000100
1200,557,533,538944,10741,450315,1924400
1201,528,533,538416,10736,450848,2113300
1202,520,539,537896,10717,451387,2168000
1203,501,544,537395,10674,451931,2004400
1204,528,530,536867,10672,452461,2057800
1205,548,535,536319,10685,452996,1936800
1206,571,568,535748,10688,453564,1951800
1207,564,505,535184,10747,454069,2028700
1208,549,544,534635,10752,454613,2309900
1209,563,517,534072,10798,455130,2149900
1210,532,510,533540,10820,455640,2166100
1211,564,529,532976,10855,456169,2046200
1212,518,544,532458,10829,456713,2175600
1213,477,514,531981,10792,457227,2041200
1214,518,500,531463,10810,457727,2059800
1215,481,546,530982,10745,458273,2183100
1216,550,524,530432,10771,458797,2047400
1217,539,550,529893,10760,459347,2239500
1218,533,536,529360,10757,459883,2026700
1219,559,559,528801,10757,460442,2028800
1220,544,561,528257,10740,461003,2053200
1221,541,517,527716,10764,461520,1955700
1222,522,517,527194,10769,462037,2082800
1223,545,556,526649,10758,462593,2242700
1224,521,516,526128,10763,463109,2158000
1225,465,539,525663,10689,463648,2076900
1226,561,571,525102,10679,464219,2023600
1227,526,539,524576,10666,464758,1981700
1228,541,518,524035,10689,465276,2116300
1229,507,530,523528,10666,465806,1922400
1230,530,524,522998,10672,466330,1958000
1231,529,551,522469,10650,466881,2049200
1232,586,539,521883,10697,467420,1937500
1233,555,513,521328,10739,467933,1961800
1234,563,515,520765,10787,468448,1999800
1235,515,494,520250,10808,468942,1933100
1236,544,536,519706,10816,469478,2053200
1237,489,523,519217,10782,470001,1964100
1238,548,482,518669,10848,470483,1922800
1239,533,524,518136,10857,471007,2056400
1240,537,555,517599,10839,471562,2096100
1241,558,571,517041,10826,472133,1950500
1242,507,497,516534,10836,472630,2163700
1243,579,533,515955,10882,473163,2050600
1244,501,534,515454,10849,473697,2092400
1245,542,525,514912,10866,474222,2028600
1246,528,509,514384,10885,474731,2062500
1247,549,556,513835,10878,475287,2263500
1248,591,599,513244,10870,475886,2062800
1249,535,537,512709,10868,476423,2028500
1250,555,541,512154,10882,476964,2057900
1251,568,496,511586,10954,477460,2163300
1252,567,521,511019,11000,477981,2042100
1253,566,569,510453,10997,478550,2027600
1254,562,579,509891,10980,479129,1926000
1255,510,540,509381,10950,479669,2089800
1256,557,541,508824,10966,480210,1954400
1257,540,576,508284,10930,480786,1979600
1258,553,550,507731,10933,481336,2024500
1259,557,534,507174,10956,481870,2002700
1260,537,542,506637,10951,482412,2039700
1261,519,552,506118,10918,482964,2065000
1262,580,528,505538,10970,483492,1979200
1263,561,541,504977,10990,484033,1999300
1264,547,566,504430,10971,484599,1963200
1265,521,527,503909,10965,485126,2115100
1266,553,528,503356,10990,485654,2022300
1267,567,566,502789,10991,486220,1911700
1268,504,522,502285,10973,486742,2107900
1269,558,551,501727,10980,487293,1956800
1270,509,558,501218,10931,487851,1973200
1271,538,561,500680,10908,488412,2078700
1272,541,565,500139,10884,488977,2143100
1273,494,484,499645,10894,489461,2003000
1274,517,552,499128,10859,490013,2336800
1275,543,494,498585,10908,490507,2221500
1276,502,543,498083,10867,491050,2133900
1277,514,505,497569,10876,491555,2105300
1278,558,541,497011,10893,492096,2000900
1279,514,553,496497,10854,492649,2027500
1280,496,535,496001,10815,493184,1969900
1281,531,523,495470,10823,493707,1997400
1282,497,505,494973,10815,494212,2064100
1283,523,540,494450,10798,494752,2055900
1284,542,569,493908,10771,495321,2026300
1285,503,508,493405,10766,495829,2171900
1286,556,557,492849,10765,496386,2066600
1287,574,547,492275,10792,496933,2164700
1288,581,568,491694,10805,497501,2092700
1289,570,537,491124,10838,498038,2036300
1290,509,542,490615,10805,498580,2038600
1291,533,543,490082,10795,499123,1942100
1292,533,517,489549,10811,499640,2636100
1293,520,538,489029,10793,500178,3217700
1294,506,548,488523,10751,500726,2594000
1295,555,513,487968,10793,501239,2062400
1296,558,567,487410,10784,501806,2085500
1297,573,524,486837,10833,502330,2137700
1298,512,483,486325,10862,502813,2056400
1299,551,575,485774,10838,503388,2080100
1300,535,557,485239,10816,503945,2217600
1301,531,589,484708,10758,504534,2005200
1302,539,581,484169,10716,505115,2149800
1303,518,564,483651,10670,505679,2095300
1304,557,580,483094,10647,506259,2126500
1305,542,561,482552,10628,506820,2091500
1306,537,525,482015,10640,507345,2032000
1307,554,519,481461,10675,507864,2049400
1308,552,533,480909,10694,508397,2003100
1309,544,539,480365,10699,508936,2010300
1310,563,522,479802,10740,509458,2047900
1311,547,536,479255,10751,509994,2006900
1312,506,542,478749,10715,510536,1931800
1313,554,556,478195,10713,511092,2226900
1314,534,552,477661,10695,511644,1963200
1315,504,535,477157,10664,512179,1895900
1316,518,560,476639,10622,512739,2071800
1317,537,536,476102,10623,513275,1960800
1318,550,526,475552,10647,513801,1997100
1319,544,521,475008,10670,514322,1953400
1320,548,506,474460,10712,514828,1984400
1321,543,561,473917,10694,515389,2337300
1322,539,526,473378,10707,515915,1952300
1323,568,516,472810,10759,516431,1992400
1324,553,515,472257,10797,516946,2144000
1325,557,566,471700,10788,517512,1984900
1326,556,516,471144,10828,518028,2282700
1327,556,556,470588,10828,518584,1882900
1328,574,550,470014,10852,519134,1903000
1329,569,522,469445,10899,519656,2041900
1330,578,538,468867,10939,520194,1946200
1331,556,534,468311,10961,520728,1910600
1332,573,515,467738,11019,521243,1940200
1333,582,560,467156,11041,521803,1906300
1334,573,551,466583,11063,522354,1891400
1335,601,567,465982,11097,522921,2026300
1336,583,544,465399,11136,523465,1941300
1337,549,539,464850,11146,524004,2089200
1338,560,605,464290,11101,524609,1980300
1339,557,563,463733,11095,525172,1875500
1340,544,536,463189,11103,525708,1896000
1341,580,571,462609,11112,526279,1874800
1342,578,571,462031,11119,526850,2224400
1343,590,548,461441,11161,527398,2247000
1344,587,607,460854,11141,528005,2124500
1345,622,518,460232,11245,528523,2033100
1346,591,545,459641,11291,529068,2039500
1347,572,585,459069,11278,529653,2028900
1348,566,564,458503,11280,530217,1991900
1349,562,576,457941,11266,530793,1999200
1350,545,596,457396,11215,531389,1991400
1351,571,542,456825,11244,531931,1922200
1352,552,571,456273,11225,532502,2011400
1353,540,536,455733,11229,533038,2393200
1354,613,552,455120,11290,533590,2232700
1355,597,545,454523,11342,534135,1931700
1356,572,541,453951,11373,534676,1901700
1357,588,561,453363,11400,535237,2058900
1358,639,553,452724,11486,535790,1897700
1359,538,569,452186,11455,536359,2133100
1360,602,597,451584,11460,536956,1978700
1361,585,538,450999,11507,537494,1890500
1362,556,602,450443,11461,538096,2066100
1363,584,557,449859,11488,538653,1930100
1364,540,614,449319,11414,539267,1844600
1365,557,551,448762,11420,539818,2148900
1366,575,558,448187,11437,540376,1856100
1367,609,575,447578,11471,540951,1879900
1368,568,583,447010,11456,541534,1979500
1369,575,592,446435,11439,542126,1840200
1370,584,595,445851,11428,542721,1957200
1371,600,554,445251,11474,543275,2103600
1372,549,582,444702,11441,543857,1957900
1373,557,561,444145,11437,544418,1878400
1374,562,542,443583,11457,544960,1886400
1375,547,597,443036,11407,545557,1868300
1376,547,609,442489,11345,546166,1804300
1377,618,552,441871,11411,546718,2032400
1378,590,555,441281,11446,547273,1819000
1379,589,582,440692,11453,547855,1881600
1380,583,570,440109,11466,548425,1862200
1381,582,566,439527,11482,548991,1997700
1382,591,570,438936,11503,549561,2146200
1383,609,588,438327,11524,550149,2086900
1384,548,593,437779,11479,550742,1899400
1385,546,612,437233,11413,551354,2294100
1386,567,523,436666,11457,551877,1877400
1387,548,554,436118,11451,552431,1890500
1388,589,567,435529,11473,552998,2017300
1389,563,528,434966,11508,553526,1916700
1390,560,556,434406,11512,554082,1975900
1391,572,587,433834,11497,554669,2256800
1392,582,564,433252,11515,555233,1920800
1393,539,551,432713,11503,555784,2077200
1394,558,543,432155,11518,556327,1983800
1395,564,560,431591,11522,556887,1883700
1396,566,602,431025,11486,557489,1992900
1397,564,568,430461,11482,558057,1916500
1398,553,585,429908,11450,558642,2061200
1399,599,574,429309,11475,559216,2031900
1400,572,591,428737,11456,559807,2021900
1401,552,540,428185,11468,560347,2000200
1402,593,593,427592,11468,560940,1963800
1403,559,573,427033,11454,561513,1957700
1404,558,579,426475,11433,562092,1937000
1405,604,585,425871,11452,562677,2013800
1406,552,578,425319,11426,563255,2903900
1407,557,574,424762,11409,563829,17060800
1408,555,569,424207,11395,564398,2307200
1409,571,559,423636,11407,564957,2185600
1410,562,550,423074,11419,565507,2152900
1411,538,540,422536,11417,566047,2028500
1412,573,575,421963,11415,566622,2063200
1413,523,578,421440,11360,567200,2141500
1414,554,561,420886,11353,567761,2077800
1415,537,575,420349,11315,568336,2239000
1416,534,570,419815,11279,568906,1998900
1417,619,572,419196,11326,569478,1935400
1418,582,573,418614,11335,570051,2270800
1419,554,557,418060,11332,570608,1998200
1420,557,577,417503,11312,571185,2001000
1421,538,548,416965,11302,571733,2204200
1422,566,548,416399,11320,572281,2063100
1423,551,544,415848,11327,572825,2263900
1424,565,573,415283,11319,573398,1979400
1425,563,541,414720,11341,573939,1852000
1426,536,553,414184,11324,574492,2330800
1427,560,545,413624,11339,575037,1881000
1428,577,546,413047,11370,575583,1955000
1429,597,593,412450,11374,576176,2110000
1430,535,539,411915,11370,576715,1882000
1431,587,588,411328,11369,577303,1850000
1432,608,563,410720,11414,577866,1976100
1433,485,585,410235,11314,578451,1941400
1434,520,574,409715,11260,579025,2234300
1435,535,580,409180,11215,579605,2209800
1436,541,582,408639,11174,580187,2043600
1437,530,570,408109,11134,580757,2301500
1438,540,538,407569,11136,581295,2149100
1439,561,522,407008,11175,581817,2396900
1440,508,574,406500,11109,582391,2123600
1441,509,525,405991,11093,582916,2024300
1442,524,544,405467,11073,583460,2357700
1443,516,519,404951,11070,583979,2044600
1444,533,562,404418,11041,584541,2021200
1445,507,538,403911,11010,585079,2013600
1446,525,564,403386,10971,585643,2039900
1447,558,547,402828,10982,586190,2246800
1448,511,492,402317,11001,586682,2158200
1449,514,560,401803,10955,587242,1914000
1450,515,515,401288,10955,587757,2000000
1451,553,529,400735,10979,588286,1969500
1452,505,574,400230,10910,588860,1891700
1453,554,535,399676,10929,589395,1915200
1454,544,573,399132,10900,589968,1822600
1455,522,558,398610,10864,590526,1918400
1456,520,575,398090,10809,591101,1886600
1457,517,542,397573,10784,591643,2233600
1458,559,578,397014,10765,592221,2317600
1459,487,540,396527,10712,592761,2046200
1460,523,504,396004,10731,593265,1841700
1461,521,510,395483,10742,593775,2073200
1462,509,563,394974,10688,594338,1950500
1463,524,495,394450,10717,594833,1834500
1464,494,492,393956,10719,595325,2052500
1465,504,500,393452,10723,595825,1887700
1466,530,545,392922,10708,596370,1829500
1467,510,538,392412,10680,596908,2052500
1468,488,497,391924,10671,597405,1858800
1469,520,561,391404,10630,597966,2021800
1470,515,533,390889,10612,598499,2035400
1471,507,534,390382,10585,599033,1843900
1472,513,537,389869,10561,599570,2411300
1473,530,515,389339,10576,600085,2170800
1474,500,470,388839,10606,600555,1921700
1475,520,529,388319,10597,601084,2059000
1476,514,558,387805,10553,601642,1849100
1477,520,532,387285,10541,602174,1826300
1478,490,543,386795,10488,602717,2010700
1479,529,543,386266,10474,603260,2056400
1480,547,508,385719,10513,603768,2117900
1481,513,504,385206,10522,604272,1867200
1482,536,508,384670,10550,604780,2060400
1483,492,505,384178,10537,605285,2162300
1484,529,477,383649,10589,605762,1857600
1485,536,485,383113,10640,606247,1789300
1486,505,570,382608,10575,606817,2173100
1487,529,510,382079,10594,607327,2066300
1488,518,530,381561,10582,607857,1847800
1489,501,529,381060,10554,608386,2116500
1490,498,491,380562,10561,608877,1981500
1491,515,527,380047,10549,609404,2111000
1492,499,516,379548,10532,609920,1936700
1493,509,534,379039,10507,610454,1905300
1494,496,524,378543,10479,610978,2017000
1495,509,495,378034,10493,611473,2007000
1496,526,479,377508,10540,611952,1935600
1497,510,556,376998,10494,612508,2079500
1498,480,483,376518,10491,612991,1955400
1499,502,535,376016,10458,613526,1949700
1500,503,518,375513,10443,614044,2000800
1501,517,484,374996,10476,614528,1935900
1502,509,492,374487,10493,615020,1925000
1503,495,533,373992,10455,615553,1984800
1504,514,485,373478,10484,616038,1895100
1505,491,545,372987,10430,616583,2185500
1506,484,541,372503,10373,617124,2104600
1507,544,487,371959,10430,617611,1962700
1508,520,497,371439,10453,618108,2170400
1509,520,478,370919,10495,618586,1980000
1510,534,558,370385,10471,619144,2105900
1511,511,508,369874,10474,619652,2064200
1512,527,526,369347,10475,620178,2089200
1513,551,508,368796,10518,620686,2101400
1514,520,502,368276,10536,621188,1942600
1515,534,517,367742,10553,621705,1920100
1516,513,507,367229,10559,622212,2048100
1517,504,522,366725,10541,622734,1932900
1518,520,500,366205,10561,623234,1960100
1519,516,510,365689,10567,623744,3604700
1520,519,531,365170,10555,624275,3371300
1521,491,485,364679,10561,624760,2178800
1522,462,524,364217,10499,625284,2109000
1523,478,520,363739,10457,625804,2148200
1524,489,502,363250,10444,626306,2087300
1525,487,503,362763,10428,626809,2154000
1526,463,544,362300,10347,627353,2429200
1527,476,492,361824,10331,627845,2098800
1528,458,490,361366,10299,628335,2259300
1529,508,489,360858,10318,628824,2095800
1530,500,568,360358,10250,629392,2284900
1531,525,550,359833,10225,629942,2112600
1532,515,506,359318,10234,630448,2043800
1533,520,517,358798,10237,630965,2454600
1534,553,475,358245,10315,631440,2059100
1535,525,556,357720,10284,631996,2066800
1536,529,497,357191,10316,632493,2072500
1537,527,522,356664,10321,633015,1852900
1538,536,541,356128,10316,633556,1960200
1539,529,519,355599,10326,634075,1974800
1540,500,561,355099,10265,634636,1909500
1541,505,518,354594,10252,635154,2013800
1542,500,503,354094,10249,635657,1936000
1543,504,543,353590,10210,636200,2199700
1544,514,517,353076,10207,636717,2011800
1545,529,499,352547,10237,637216,1950800
1546,522,571,352025,10188,637787,2019300
1547,529,523,351496,10194,638310,2090000
1548,500,515,350996,10179,638825,1921700
1549,491,545,350505,10125,639370,2205600
1550,489,485,350016,10129,639855,2210300
1551,506,482,349510,10153,640337,2230200
1552,489,502,349021,10140,640839,2363500
1553,473,495,348548,10118,641334,2166800
1554,521,560,348027,10079,641894,2260400
1555,502,519,347525,10062,642413,2085300
1556,520,521,347005,10061,642934,1999900
1557,495,484,346510,10072,643418,2128300
1558,508,497,346002,10083,643915,2055300
1559,509,486,345493,10106,644401,2242800
1560,467,493,345026,10080,644894,2077400
1561,471,501,344555,10050,645395,1942300
1562,483,521,344072,10012,645916,2302000
1563,511,449,343561,10074,646365,2189000
1564,496,535,343065,10035,646900,2301600
1565,505,496,342560,10044,647396,2343700
1566,530,523,342030,10051,647919,2093100
1567,498,519,341532,10030,648438,2199200
1568,519,530,341013,10019,648968,2168500
1569,508,485,340505,10042,649453,2177700
1570,487,485,340018,10044,649938,2170600
1571,476,549,339542,9971,650487,2087800
1572,463,498,339079,9936,650985,2203900
1573,460,532,338619,9864,651517,2099300
1574,521,497,338098,9888,652014,2034800
1575,518,500,337580,9906,652514,2246200
1576,499,513,337081,9892,653027,2127700
1577,485,517,336596,9860,653544,2268100
1578,493,480,336103,9873,654024,2073900
1579,489,503,335614,9859,654527,1975300
1580,485,465,335129,9879,654992,2091500
1581,502,495,334627,9886,655487,2077400
1582,506,492,334121,9900,655979,1972200
1583,524,518,333597,9906,656497,2050400
1584,489,466,333108,9929,656963,2132300
1585,480,486,332628,9923,657449,2205100
1586,480,439,332148,9964,657888,2091600
1587,488,487,331660,9965,658375,1988700
1588,469,478,331191,9956,658853,2132600
1589,473,500,330718,9929,659353,1980300
1590,482,537,330236,9874,659890,1898100
1591,503,503,329733,9874,660393,2063500
1592,535,560,329198,9849,660953,2151100
1593,471,493,328727,9827,661446,2211400
1594,450,476,328277,9801,661922,2133800
1595,491,480,327786,9812,662402,2038100
1596,526,502,327260,9836,662904,2165100
1597,467,462,326793,9841,663366,2078500
1598,529,490,326264,9880,663856,2098100
1599,479,523,325785,9836,664379,2301800
1600,540,529,325245,9847,664908,2126200
1601,518,507,324727,9858,665415,2219800
1602,552,483,324175,9927,665898,2152500
1603,522,520,323653,9929,666418,2108400
1604,517,496,323136,9950,666914,2236200
1605,488,507,322648,9931,667421,2216300
1606,513,473,322135,9971,667894,2283000
1607,491,506,321644,9956,668400,2236900
1608,504,495,321140,9965,668895,2397700
1609,531,475,320609,10021,669370,2273400
1610,500,461,320109,10060,669831,2201500
1611,534,514,319575,10080,670345,2444600
1612,523,498,319052,10105,670843,2229000
1613,503,517,318549,10091,671360,2334200
1614,515,496,318034,10110,671856,2220700
1615,501,524,317533,10087,672380,2263700
1616,454,503,317079,10038,672883,2447400
1617,488,516,316591,10010,673399,2215200
1618,484,475,316107,10019,673874,2293600
1619,539,515,315568,10043,674389,2181900
1620,521,506,315047,10058,674895,2365600
1621,509,481,314538,10086,675376,2195900
1622,488,502,314050,10072,675878,2212100
1623,496,502,313554,10066,676380,2574000
1624,485,503,313069,10048,676883,2229900
1625,532,485,312537,10095,677368,2325600
1626,487,526,312050,10056,677894,2242500
1627,449,526,311601,9979,678420,2412100
1628,478,462,311123,9995,678882,2270100
1629,464,489,310659,9970,679371,2253800
1630,464,539,310195,9895,679910,2372000
1631,470,518,309725,9847,680428,2190700
1632,537,508,309188,9876,680936,2090400
1633,490,485,308698,9881,681421,2110100
1634,488,474,308210,9895,681895,2077800
1635,440,518,307770,9817,682413,2179700
1636,468,426,307302,9859,682839,2146900
1637,455,530,306847,9784,683369,2087100
1638,518,482,306329,9820,683851,2286700
1639,496,473,305833,9843,684324,2863900
1640,466,480,305367,9829,684804,4397800
1641,497,455,304870,9871,685259,2415600
1642,479,468,304391,9882,685727,2384600
1643,469,476,303922,9875,686203,2462100
1644,471,499,303451,9847,686702,2233900
1645,480,468,302971,9859,687170,2211700
1646,503,464,302468,9898,687634,2382100
1647,496,492,301972,9902,688126,2195600
1648,450,516,301522,9836,688642,2214800
1649,504,481,301018,9859,689123,2301100
1650,462,511,300556,9810,689634,2162700
1651,491,470,300065,9831,690104,2378200
1652,516,469,299549,9878,690573,2204400
1653,491,507,299058,9862,691080,2305500
1654,481,439,298577,9904,691519,2239600
1655,479,468,298098,9915,691987,2365300
1656,517,511,297581,9921,692498,2627100
1657,522,529,297059,9914,693027,2383100
1658,495,461,296564,9948,693488,2723200
1659,490,499,296074,9939,693987,2215500
1660,468,470,295606,9937,694457,2289200
1661,506,526,295100,9917,694983,2258200
1662,534,540,294566,9911,695523,2215100
1663,499,464,294067,9946,695987,2439400
1664,478,527,293589,9897,696514,2232100
1665,507,543,293082,9861,697057,2654000
1666,474,507,292608,9828,697564,2347300
1667,482,469,292126,9841,698033,2372500
1668,468,512,291658,9797,698545,2327000
1669,506,477,291152,9826,699022,2333800
1670,505,503,290647,9828,699525,2520700
1671,487,475,290160,9840,700000,2278400
1672,497,498,289663,9839,700498,2566400
1673,488,546,289175,9781,701044,2203500
1674,504,487,288671,9798,701531,2376200
1675,482,484,288189,9796,702015,2265700
1676,465,462,287724,9799,702477,2354100
1677,513,463,287211,9849,702940,2499200
1678,507,469,286704,9887,703409,2381300
1679,498,486,286206,9899,703895,2477500
1680,518,498,285688,9919,704393,2348900
1681,496,469,285192,9946,704862,2790800
1682,490,486,284702,9950,705348,2267300
1683,483,508,284219,9925,705856,2432000
1684,474,520,283745,9879,706376,2263700
1685,471,521,283274,9829,706897,2614000
1686,478,505,282796,9802,707402,2476200
1687,489,503,282307,9788,707905,2249000
1688,511,477,281796,9822,708382,2614700
1689,464,469,281332,9817,708851,2419900
1690,509,471,280823,9855,709322,2661800
1691,470,498,280353,9827,709820,2501100
1692,514,505,279839,9836,710325,2589400
1693,476,517,279363,9795,710842,2340700
1694,498,507,278865,9786,711349,2497000
1695,489,488,278376,9787,711837,2372600
1696,489,505,277887,9771,712342,2420400
1697,491,456,277396,9806,712798,2437300
1698,519,473,276877,9852,713271,2296000
1699,530,476,276347,9906,713747,2384800
1700,473,477,275874,9902,714224,2379300
1701,499,490,275375,9911,714714,2292000
1702,508,453,274867,9966,715167,2531900
1703,477,479,274390,9964,715646,2176500
1704,519,473,273871,10010,716119,2503200
1705,495,487,273376,10018,716606,2247600
1706,480,487,272896,10011,717093,2502300
1707,463,501,272433,9973,717594,2353300
1708,502,487,271931,9988,718081,2319100
1709,486,520,271445,9954,718601,2246000
1710,520,501,270925,9973,719102,2395700
1711,491,514,270434,9950,719616,2844700
1712,474,508,269960,9916,720124,2228300
1713,495,488,269465,9923,720612,2294400
1714,469,492,268996,9900,721104,2250600
1715,455,487,268541,9868,721591,2353600
1716,534,498,268007,9904,722089,2288300
1717,479,508,267528,9875,722597,2435900
1718,490,488,267038,9877,723085,2391700
1719,491,495,266547,9873,723580,2339900
1720,507,521,266040,9859,724101,2338400
1721,515,499,265525,9875,724600,2172700
1722,448,554,265077,9769,725154,2193700
1723,490,462,264587,9797,725616,2232100
1724,458,500,264129,9755,726116,2178400
1725,488,506,263641,9737,726622,2221000
1726,451,471,263190,9717,727093,2295200
1727,514,512,262676,9719,727605,2119200
1728,491,441,262185,9769,728046,2199300
1729,505,512,261680,9762,728558,2103300
1730,501,491,261179,9772,729049,2418700
1731,486,525,260693,9733,729574,2454500
1732,475,489,260218,9719,730063,2325100
1733,505,489,259713,9735,730552,2304300
1734,491,533,259222,9693,731085,2276400
1735,497,476,258725,9714,731561,2335500
1736,514,483,258211,9745,732044,2230600
1737,485,450,257726,9780,732494,2365500
1738,497,507,257229,9770,733001,2320600
1739,441,492,256788,9719,733493,2163300
1740,493,500,256295,9712,733993,2313200
1741,460,473,255835,9699,734466,2164900
1742,472,479,255363,9692,734945,2259100
1743,504,469,254859,9727,735414,2128200
1744,480,479,254379,9728,735893,2287900
1745,494,521,253885,9701,736414,2393600
1746,448,499,253437,9650,736913,2217800
1747,514,512,252923,9652,737425,2246500
1748,503,495,252420,9660,737920,2260500
1749,508,467,251912,9701,738387,2266500
1750,472,501,251440,9672,738888,2244400
1751,464,502,250976,9634,739390,2117200
1752,476,510,250500,9600,739900,2247500
1753,484,454,250016,9630,740354,2285200
1754,522,491,249494,9661,740845,2375000
1755,506,456,248988,9711,741301,2261100
1756,491,469,248497,9733,741770,2171900
1757,457,455,248040,9735,742225,2244600
1758,516,468,247524,9783,742693,2163300
1759,485,474,247039,9794,743167,2237100
1760,510,509,246529,9795,743676,2304200
1761,494,522,246035,9767,744198,2299900
1762,471,493,245564,9745,744691,2293100
1763,497,495,245067,9747,745186,2293600
1764,471,477,244596,9741,745663,2351300
1765,511,454,244085,9798,746117,2508300
1766,479,512,243606,9765,746629,2380400
1767,497,469,243109,9793,747098,2035700
1768,503,500,242606,9796,747598,2118800
1769,476,533,242130,9739,748131,2282800
1770,473,474,241657,9738,748605,2269800
1771,445,517,241212,9666,749122,2370700
1772,468,489,240744,9645,749611,2268400
1773,441,493,240303,9593,750104,2202900
1774,446,446,239857,9593,750550,2183400
1775,457,459,239400,9591,751009,2137000
1776,468,516,238932,9543,751525,2396500
1777,459,488,238473,9514,752013,2196700
1778,478,493,237995,9499,752506,2249200
1779,458,482,237537,9475,752988,2510100
1780,435,494,237102,9416,753482,2189000
1781,419,475,236683,9360,753957,2271900
1782,425,444,236258,9341,754401,2195900
1783,410,432,235848,9319,754833,2334700
1784,480,455,235368,9344,755288,2255200
1785,463,490,234905,9317,755778,2202500
1786,463,450,234442,9330,756228,2310800
1787,450,478,233992,9302,756706,2312900
1788,469,457,233523,9314,757163,2244700
1789,443,480,233080,9277,757643,2251800
1790,453,460,232627,9270,758103,2181700
1791,436,443,232191,9263,758546,2238800
1792,435,455,231756,9243,759001,2434200
1793,417,467,231339,9193,759468,4946500
1794,448,458,230891,9183,759926,2437400
1795,464,480,230427,9167,760406,2337500
1796,429,474,229998,9122,760880,2306200
1797,459,481,229539,9100,761361,2394800
1798,485,448,229054,9137,761809,2283700
1799,461,487,228593,9111,762296,2321300
1800,444,465,228149,9090,762761,2373400
1801,465,476,227684,9079,763237,2457600
1802,492,419,227192,9152,763656,2356100
1803,449,437,226743,9164,764093,2398200
1804,495,456,226248,9203,764549,2622800
1805,427,465,225821,9165,765014,2209700
1806,471,461,225350,9175,765475,2360500
1807,465,469,224885,9171,765944,2219400
1808,462,489,224423,9144,766433,2228900
1809,456,440,223967,9160,766873,2347600
1810,444,486,223523,9118,767359,2255800
1811,453,446,223070,9125,767805,2356400
1812,440,489,222630,9076,768294,2250400
1813,435,454,222195,9057,768748,2538600
1814,449,483,221746,9023,769231,2290600
1815,434,446,221312,9011,769677,2229300
1816,444,447,220868,9008,770124,2252500
1817,435,485,220433,8958,770609,2783500
1818,410,433,220023,8935,771042,2325200
1819,440,400,219583,8975,771442,2351200
1820,467,459,219116,8983,771901,2490800
1821,467,432,218649,9018,772333,2437300
1822,415,454,218234,8979,772787,2285000
1823,411,452,217823,8938,773239,2241300
1824,431,446,217392,8923,773685,2195500
1825,418,438,216974,8903,774123,2373100
1826,392,502,216582,8793,774625,2209700
1827,391,434,216191,8750,775059,2125400
1828,419,442,215772,8727,775501,2279000
1829,424,399,215348,8752,775900,2290700
1830,420,444,214928,8728,776344,2365700
1831,441,404,214487,8765,776748,2259000
1832,430,433,214057,8762,777181,2368100
1833,420,442,213637,8740,777623,2269500
1834,422,421,213215,8741,778044,2399200
1835,403,438,212812,8706,778482,2330800
1836,434,410,212378,8730,778892,2331500
1837,399,438,211979,8691,779330,2329200
1838,419,423,211560,8687,779753,2089100
1839,440,394,211120,8733,780147,2231300
1840,442,422,210678,8753,780569,2290300
1841,402,448,210276,8707,781017,2221200
1842,426,407,209850,8726,781424,2238300
1843,414,403,209436,8737,781827,2146900
1844,429,403,209007,8763,782230,2166400
1845,436,428,208571,8771,782658,2170800
1846,433,433,208138,8771,783091,2258600
1847,463,430,207675,8804,783521,2325300
1848,410,446,207265,8768,783967,2152800
1849,416,449,206849,8735,784416,1954800
1850,391,432,206458,8694,784848,1922500
1851,389,449,206069,8634,785297,1911000
1852,416,418,205653,8632,785715,2061200
1853,431,416,205222,8647,786131,1900100
1854,461,444,204761,8664,786575,2133000
1855,408,430,204353,8642,787005,2261600
1856,404,445,203949,8601,787450,2112900
1857,380,453,203569,8528,787903,2406500
1858,410,445,203159,8493,788348,2027200
1859,399,428,202760,8464,788776,2044200
1860,423,417,202337,8470,789193,2208700
1861,403,418,201934,8455,789611,1990000
1862,365,430,201569,8390,790041,1922400
1863,405,394,201164,8401,790435,2055100
1864,404,414,200760,8391,790849,1958300
1865,385,446,200375,8330,791295,1809300
1866,381,438,199994,8273,791733,1982100
1867,394,406,199600,8261,792139,1830400
1868,366,405,199234,8222,792544,1892300
1869,376,420,198858,8178,792964,2030600
1870,393,396,198465,8175,793360,2028100
1871,388,408,198077,8155,793768,2163100
1872,380,377,197697,8158,794145,1899100
1873,359,407,197338,8110,794552,2063900
1874,399,397,196939,8112,794949,2110100
1875,383,415,196556,8080,795364,1854600
1876,397,383,196159,8094,795747,1890700
1877,385,423,195774,8056,796170,2196300
1878,361,397,195413,8020,796567,1892700
1879,369,426,195044,7963,796993,2152100
1880,399,392,194645,7970,797385,2026400
1881,411,415,194234,7966,797800,2118100
1882,382,418,193852,7930,798218,2435700
1883,400,399,193452,7931,798617,1952900
1884,361,402,193091,7890,799019,2352900
1885,388,377,192703,7901,799396,2004800
1886,391,380,192312,7912,799776,1996800
1887,393,373,191919,7932,800149,2182800
1888,394,420,191525,7906,800569,1899900
1889,382,378,191143,7910,800947,2148300
1890,363,377,190780,7896,801324,1973800
1891,368,382,190412,7882,801706,1893400
1892,391,395,190021,7878,802101,1875700
1893,390,395,189631,7873,802496,2070800
1894,369,416,189262,7826,802912,1864700
1895,390,371,188872,7845,803283,2018600
1896,396,405,188476,7836,803688,1943300
1897,377,420,188099,7793,804108,1947200
1898,350,395,187749,7748,804503,1925800
1899,358,388,187391,7718,804891,1953400
1900,385,380,187006,7723,805271,1883400
1901,363,378,186643,7708,805649,2388600
1902,378,360,186265,7726,806009,1965600
1903,384,377,185881,7733,806386,1900000
1904,399,398,185482,7734,806784,2463700
1905,379,384,185103,7729,807168,1956500
1906,357,392,184746,7694,807560,1949900
1907,388,385,184358,7697,807945,2126100
1908,380,336,183978,7741,808281,2527600
1909,373,389,183605,7725,808670,3621200
1910,347,390,183258,7682,809060,2349000
1911,363,409,182895,7636,809469,2061700
1912,362,385,182533,7613,809854,1947100
1913,382,375,182151,7620,810229,2142200
1914,410,392,181741,7638,810621,2028800
1915,321,368,181420,7591,810989,1836200
1916,396,369,181024,7618,811358,1978100
1917,365,358,180659,7625,811716,1853900
1918,385,370,180274,7640,812086,1872100
1919,343,375,179931,7608,812461,1969600
1920,347,382,179584,7573,812843,1976100
1921,370,398,179214,7545,813241,1961300
1922,353,369,178861,7529,813610,2018800
1923,355,400,178506,7484,814010,1943800
1924,362,357,178144,7489,814367,1936600
1925,357,351,177787,7495,814718,2017700
1926,337,380,177450,7452,815098,2249500
1927,355,374,177095,7433,815472,2169700
1928,372,346,176723,7459,815818,1943300
1929,349,366,176374,7442,816184,1905400
1930,335,394,176039,7383,816578,2167000
1931,337,360,175702,7360,816938,1920600
1932,381,364,175321,7377,817302,1807200
1933,366,376,174955,7367,817678,2019100
1934,365,350,174590,7382,818028,2121600
1935,378,362,174212,7398,818390,1882400
1936,394,340,173818,7452,818730,1963900
1937,388,350,173430,7490,819080,1866200
1938,394,356,173036,7528,819436,1886700
1939,388,368,172648,7548,819804,1884000
1940,361,335,172287,7574,820139,2105900
1941,346,371,171941,7549,820510,2179700
1942,376,374,171565,7551,820884,2096400
1943,356,376,171209,7531,821260,1948300
1944,354,379,170855,7506,821639,2345100
1945,350,411,170505,7445,822050,1951000
1946,393,375,170112,7463,822425,2020000
1947,370,386,169742,7447,822811,1953700
1948,365,350,169377,7462,823161,1841900
1949,376,361,169001,7477,823522,1915400
1950,366,386,168635,7457,823908,1893100
1951,364,404,168271,7417,824312,2007500
1952,355,395,167916,7377,824707,1939000
1953,377,382,167539,7372,825089,1818900
1954,349,394,167190,7327,825483,1776400
1955,394,354,166796,7367,825837,2280600
1956,347,361,166449,7353,826198,2098600
1957,341,375,166108,7319,826573,2230800
1958,374,375,165734,7318,826948,2040000
1959,361,402,165373,7277,827350,1991100
1960,366,377,165007,7266,827727,1846200
1961,377,399,164630,7244,828126,1985000
1962,377,359,164253,7262,828485,1765300
1963,377,353,163876,7286,828838,2165400
1964,358,367,163518,7277,829205,1871400
1965,377,360,163141,7294,829565,1825300
1966,356,338,162785,7312,829903,2012700
1967,391,364,162394,7339,830267,1901000
1968,333,369,162061,7303,830636,2257100
1969,378,322,161683,7359,830958,2075900
1970,363,355,161320,7367,831313,1967400
1971,341,359,160979,7349,831672,1809000
1972,359,348,160620,7360,832020,2065800
1973,353,391,160267,7322,832411,1960600
1974,334,326,159933,7330,832737,2139300
1975,343,366,159590,7307,833103,1966000
1976,339,376,159251,7270,833479,2112100
1977,363,365,158888,7268,833844,1938400
1978,356,358,158532,7266,834202,1833600
1979,346,351,158186,7261,834553,1875600
1980,333,370,157853,7224,834923,2329600
1981,351,385,157502,7190,835308,2347900
1982,318,395,157184,7113,835703,1957100
1983,331,351,156853,7093,836054,1975800
1984,382,363,156471,7112,836417,1904700
1985,352,356,156119,7108,836773,2071500
1986,362,340,155757,7130,837113,2107400
1987,344,372,155413,7102,837485,2010300
1988,343,352,155070,7093,837837,2194100
1989,365,355,154705,7103,838192,2056400
1990,347,373,154358,7077,838565,2040600
1991,326,360,154032,7043,838925,2200500
1992,344,333,153688,7054,839258,2120800
1993,324,337,153364,7041,839595,2291200
1994,348,344,153016,7045,839939,2296400
1995,318,376,152698,6987,840315,2346900
1996,334,370,152364,6951,840685,2359000
1997,312,366,152052,6897,841051,2065800
1998,338,374,151714,6861,841425,2095100
1999,323,326,151391,6858,841751,1907500
2000,326,354,151065,6830,842105,1899900
2001,306,326,150759,6810,842431,2013200
2002,333,360,150426,6783,842791,1985400
2003,313,320,150113,6776,843111,2131500
2004,310,347,149803,6739,843458,1997700
2005,315,329,149488,6725,843787,1938500
2006,361,335,149127,6751,844122,2254100
2007,303,315,148824,6739,844437,1960600
2008,325,353,148499,6711,844790,1892600
2009,347,335,148152,6723,845125,2223300
2010,330,327,147822,6726,845452,1933000
2011,363,348,147459,6741,845800,1775900
2012,320,357,147139,6704,846157,1928700
2013,348,361,146791,6691,846518,1936900
2014,307,332,146484,6666,846850,1828700
2015,326,342,146158,6650,847192,1998000
2016,306,318,145852,6638,847510,1905900
2017,341,299,145511,6680,847809,2196000
2018,313,369,145198,6624,848178,1988500
2019,301,357,144897,6568,848535,1931100
2020,300,319,144597,6549,848854,1892900
2021,327,365,144270,6511,849219,2164000
2022,324,333,143946,6502,849552,1805700
2023,306,321,143640,6487,849873,2180200
2024,305,335,143335,6457,850208,1868000
2025,319,341,143016,6435,850549,1831500
2026,315,344,142701,6406,850893,2004700
2027,291,331,142410,6366,851224,1810500
2028,309,304,142101,6371,851528,1730100
2029,301,293,141800,6379,851821,1876300
2030,324,344,141476,6359,852165,1829700
2031,303,336,141173,6326,852501,1845700
2032,291,280,140882,6337,852781,1887600
2033,329,316,140553,6350,853097,1939900
2034,296,316,140257,6330,853413,1943200
2035,351,319,139906,6362,853732,1985100
2036,326,310,139580,6378,854042,1918000
2037,327,318,139253,6387,854360,1979500
2038,311,335,138942,6363,854695,2130200
2039,313,343,138629,6333,855038,1821800
2040,349,302,138280,6380,855340,1787500
2041,324,341,137956,6363,855681,1944200
2042,327,311,137629,6379,855992,1963800
2043,331,322,137298,6388,856314,2232500
2044,299,341,136999,6346,856655,2015100
2045,340,341,136659,6345,856996,1803500
2046,325,319,136334,6351,857315,1916000
2047,335,311,135999,6375,857626,1924000
2048,338,308,135661,6405,857934,2003000
2049,315,335,135346,6385,858269,1999600
2050,341,254,135005,6472,858523,1932100
2051,308,360,134697,6420,858883,1829100
2052,333,323,134364,6430,859206,2037200
2053,296,294,134068,6432,859500,1998400
2054,350,329,133718,6453,859829,2296200
2055,339,333,133379,6459,860162,2162900
2056,309,314,133070,6454,860476,2044700
2057,293,327,132777,6420,860803,2122800
2058,313,334,132464,6399,861137,1896300
2059,300,339,132164,6360,861476,2136800
2060,318,301,131846,6377,861777,2199900
2061,295,319,131551,6353,862096,2051400
2062,319,298,131232,6374,862394,2042500
2063,297,332,130935,6339,862726,1977400
2064,319,318,130616,6340,863044,1923700
2065,302,298,130314,6344,863342,2322500
2066,331,311,129983,6364,863653,2032200
2067,320,300,129663,6384,863953,2032900
2068,328,290,129335,6422,864243,2056200
2069,343,318,128992,6447,864561,2086200
2070,335,316,128657,6466,864877,2287100
2071,326,338,128331,6454,865215,1938900
2072,292,324,128039,6422,865539,2155900
2073,347,325,127692,6444,865864,1965800
2074,339,321,127353,6462,866185,2018000
2075,333,310,127020,6485,866495,1994700
2076,296,342,126724,6439,866837,1944100
2077,298,321,126426,6416,867158,1925000
2078,304,303,126122,6417,867461,1926100
2079,324,342,125798,6399,867803,2026600
2080,340,315,125458,6424,868118,1931500
2081,307,328,125151,6403,868446,1918200
2082,325,329,124826,6399,868775,1979600
2083,319,336,124507,6382,869111,2036600
2084,308,303,124199,6387,869414,2058500
2085,313,329,123886,6371,869743,1982100
2086,333,296,123553,6408,870039,1916200
2087,295,325,123258,6378,870364,1949300
2088,299,312,122959,6365,870676,1980700
2089,308,333,122651,6340,871009,1878300
2090,308,317,122343,6331,871326,1970700
2091,327,300,122016,6358,871626,1934800
2092,307,312,121709,6353,871938,1869300
2093,353,321,121356,6385,872259,2032900
2094,306,326,121050,6365,872585,1920600
2095,327,323,120723,6369,872908,1927800
2096,287,323,120436,6333,873231,2102000
2097,306,318,120130,6321,873549,1923400
2098,318,261,119812,6378,873810,2102000
2099,295,322,119517,6351,874132,1910200
2100,302,299,119215,6354,874431,2149500
2101,297,307,118918,6344,874738,3570200
2102,322,311,118596,6355,875049,2149700
2103,331,315,118265,6371,875364,2156100
2104,311,334,117954,6348,875698,1990600
2105,297,311,117657,6334,876009,1982500
2106,301,277,117356,6358,876286,1955800
2107,308,300,117048,6366,876586,1923700
2108,295,341,116753,6320,876927,1897600
2109,290,335,116463,6275,877262,1985100
2110,305,300,116158,6280,877562,1839600
2111,314,311,115844,6283,877873,2237800
2112,340,304,115504,6319,878177,2056900
2113,290,319,115214,6290,878496,1879300
2114,310,304,114904,6296,878800,2088000
2115,305,317,114599,6284,879117,1826100
2116,331,334,114268,6281,879451,2006900
2117,330,317,113938,6294,879768,2157100
2118,292,336,113646,6250,880104,2083200
2119,299,321,113347,6228,880425,2102100
2120,290,328,113057,6190,880753,1868500
2121,273,294,112784,6169,881047,1747800
2122,309,323,112475,6155,881370,2039400
2123,290,346,112185,6099,881716,1833400
2124,297,297,111888,6099,882013,1842100
2125,270,319,111618,6050,882332,2229300
2126,302,315,111316,6037,882647,2026000
2127,301,316,111015,6022,882963,2306400
2128,290,307,110725,6005,883270,2007200
2129,285,283,110440,6007,883553,1895800
2130,304,282,110136,6029,883835,1817400
2131,282,337,109854,5974,884172,1932600
2132,283,288,109571,5969,884460,2085800
2133,283,322,109288,5930,884782,2131000
2134,289,292,108999,5927,885074,1880300
2135,282,264,108717,5945,885338,1856700
2136,280,276,108437,5949,885614,2293200
2137,292,293,108145,5948,885907,2007500
2138,278,281,107867,5945,886188,2131900
2139,295,331,107572,5909,886519,2019500
2140,280,293,107292,5896,886812,2167700
2141,269,305,107023,5860,887117,2172800
2142,288,292,106735,5856,887409,1931600
2143,271,285,106464,5842,887694,1879100
2144,274,295,106190,5821,887989,1968100
2145,270,309,105920,5782,888298,1903100
2146,285,270,105635,5797,888568,2341500
2147,300,307,105335,5790,888875,1980200
2148,284,279,105051,5795,889154,1916800
2149,296,279,104755,5812,889433,2330500
2150,276,313,104479,5775,889746,1906100
2151,273,292,104206,5756,890038,1901600
2152,265,277,103941,5744,890315,2624500
2153,312,303,103629,5753,890618,2218200
2154,287,300,103342,5740,890918,2243100
2155,285,271,103057,5754,891189,2494400
2156,252,287,102805,5719,891476,1974700
2157,289,269,102516,5739,891745,1971400
2158,253,294,102263,5698,892039,1959600
2159,318,306,101945,5710,892345,1916600
2160,291,309,101654,5692,892654,2031500
2161,289,271,101365,5710,892925,1904700
2162,259,254,101106,5715,893179,1890900
2163,286,288,100820,5713,893467,1968000
2164,286,288,100534,5711,893755,1932800
2165,248,278,100286,5681,894033,1795700
2166,278,277,100008,5682,894310,1960300
2167,259,268,99749,5673,894578,1849600
2168,281,267,99468,5687,894845,2015200
2169,279,279,99189,5687,895124,1961200
2170,272,252,98917,5707,895376,2074400
2171,256,300,98661,5663,895676,2173900
2172,269,289,98392,5643,895965,1998400
2173,281,278,98111,5646,896243,1957200
2174,267,270,97844,5643,896513,1965600
2175,279,290,97565,5632,896803,1987100
2176,252,249,97313,5635,897052,1940700
2177,298,289,97015,5644,897341,1987700
2178,292,287,96723,5649,897628,1919400
2179,275,286,96448,5638,897914,2011800
2180,288,290,96160,5636,898204,2129800
2181,255,315,95905,5576,898519,2009500
2182,257,284,95648,5549,898803,1960200
2183,247,259,95401,5537,899062,1932000
2184,261,285,95140,5513,899347,1986400
2185,284,276,94856,5521,899623,2137600
2186,279,300,94577,5500,899923,1927200
2187,264,303,94313,5461,900226,1901100
2188,294,268,94019,5487,900494,2212400
2189,259,292,93760,5454,900786,1870100
2190,250,270,93510,5434,901056,1857000
2191,269,271,93241,5432,901327,1930200
2192,265,270,92976,5427,901597,1861000
2193,253,292,92723,5388,901889,1860300
2194,261,269,92462,5380,902158,1967100
2195,263,274,92199,5369,902432,1838300
2196,273,281,91926,5361,902713,2161100
2197,271,260,91655,5372,902973,1949500
2198,264,288,91391,5348,903261,1877400
2199,242,263,91149,5327,903524,1976400
2200,245,277,90904,5295,903801,1921700
2201,264,276,90640,5283,904077,1911400
2202,269,239,90371,5313,904316,1924600
2203,262,253,90109,5322,904569,1892100
2204,275,251,89834,5346,904820,1979600
2205,252,276,89582,5322,905096,1960600
2206,269,274,89313,5317,905370,1923200
2207,268,234,89045,5351,905604,2132300
2208,231,272,88814,5310,905876,1967800
2209,249,274,88565,5285,906150,1909500
2210,240,293,88325,5232,906443,1889200
2211,268,263,88057,5237,906706,1966000
2212,263,255,87794,5245,906961,3543200
2213,272,266,87522,5251,907227,3389700
2214,263,256,87259,5258,907483,2065700
2215,227,272,87032,5213,907755,2039200
2216,262,263,86770,5212,908018,1946000
2217,246,217,86524,5241,908235,2043100
2218,248,298,86276,5191,908533,2211600
2219,259,264,86017,5186,908797,1907800
2220,261,253,85756,5194,909050,1959800
2221,273,260,85483,5207,909310,1897400
2222,261,272,85222,5196,909582,1979300
2223,234,232,84988,5198,909814,2098900
2224,262,264,84726,5196,910078,1891700
2225,264,248,84462,5212,910326,2196400
2226,284,256,84178,5240,910582,2264200
2227,258,288,83920,5210,910870,1996500
2228,258,305,83662,5163,911175,2335500
2229,233,239,83429,5157,911414,1965300
2230,245,239,83184,5163,911653,2130200
2231,246,272,82938,5137,911925,2241800
2232,263,270,82675,5130,912195,1922200
2233,251,272,82424,5109,912467,2062800
2234,266,280,82158,5095,912747,1990500
2235,244,256,81914,5083,913003,2119900
2236,291,251,81623,5123,913254,2127000
2237,287,236,81336,5174,913490,2033600
2238,267,223,81069,5218,913713,1866000
2239,269,249,80800,5238,913962,2192400
2240,260,276,80540,5222,914238,2024200
2241,253,284,80287,5191,914522,1954500
2242,243,251,80044,5183,914773,2016600
2243,258,250,79786,5191,915023,1847700
2244,279,259,79507,5211,915282,2081400
2245,269,265,79238,5215,915547,1944500
2246,220,265,79018,5170,915812,1967600
2247,263,249,78755,5184,916061,1941000
2248,246,269,78509,5161,916330,2056600
2249,234,268,78275,5127,916598,2112400
2250,241,267,78034,5101,916865,2082600
2251,235,267,77799,5069,917132,1985500
2252,261,242,77538,5088,917374,1933300
2253,252,277,77286,5063,917651,2128000
2254,275,260,77011,5078,917911,2999500
2255,248,245,76763,5081,918156,2766100
2256,232,281,76531,5032,918437,2159400
2257,252,237,76279,5047,918674,1982300
2258,227,260,76052,5014,918934,1960100
2259,239,253,75813,5000,919187,2054600
2260,240,239,75573,5001,919426,2126900
2261,253,239,75320,5015,919665,1948000
2262,259,270,75061,5004,919935,1884500
2263,226,274,74835,4956,920209,2100300
2264,256,264,74579,4948,920473,1985200
2265,214,230,74365,4932,920703,2301400
2266,264,222,74101,4974,920925,1988300
2267,264,253,73837,4985,921178,1953500
2268,238,235,73599,4988,921413,1985400
2269,228,256,73371,4960,921669,1931100
2270,264,229,73107,4995,921898,1978000
2271,240,264,72867,4971,922162,2006500
2272,251,240,72616,4982,922402,1871300
2273,225,235,72391,4972,922637,1995800
2274,220,213,72171,4979,922850,2034700
2275,210,241,71961,4948,923091,1887400
2276,254,266,71707,4936,923357,2107500
2277,231,262,71476,4905,923619,1866500
2278,231,241,71245,4895,923860,2100800
2279,269,249,70976,4915,924109,1982100
2280,256,262,70720,4909,924371,1853200
2281,252,251,70468,4910,924622,2071700
2282,224,241,70244,4893,924863,2035200
2283,239,249,70005,4883,925112,1908100
2284,225,225,69780,4883,925337,1927800
2285,222,246,69558,4859,925583,2033700
2286,266,265,69292,4860,925848,2060700
2287,231,246,69061,4845,926094,1943900
2288,259,248,68802,4856,926342,1987300
2289,223,248,68579,4831,926590,1956300
2290,241,237,68338,4835,926827,2053600
2291,236,262,68102,4809,927089,1983300
2292,225,264,67877,4770,927353,1977600
2293,228,228,67649,4770,927581,2107300
2294,193,236,67456,4727,927817,2001400
2295,238,252,67218,4713,928069,1978400
2296,235,222,66983,4726,928291,2326900
2297,209,244,66774,4691,928535,1997300
2298,206,227,66568,4670,928762,2249300
2299,219,249,66349,4640,929011,1970800
2300,237,226,66112,4651,929237,1922700
2301,211,233,65901,4629,929470,2115400
2302,222,239,65679,4612,929709,2224100
2303,205,232,65474,4585,929941,1973500
2304,224,214,65250,4595,930155,2056500
2305,233,221,65017,4607,930376,1893800
2306,199,222,64818,4584,930598,1902400
2307,192,220,64626,4556,930818,1952500
2308,201,231,64425,4526,931049,1911200
2309,211,196,64214,4541,931245,2041300
2310,207,241,64007,4507,931486,1898200
2311,210,208,63797,4509,931694,1950900
2312,206,234,63591,4481,931928,2107800
2313,206,227,63385,4460,932155,2009900
2314,214,248,63171,4426,932403,1845300
2315,223,199,62948,4450,932602,1920400
2316,196,221,62752,4425,932823,1959100
2317,204,222,62548,4407,933045,1955600
2318,194,203,62354,4398,933248,2023800
2319,203,194,62151,4407,933442,1953200
2320,216,239,61935,4384,933681,1986500
2321,224,200,61711,4408,933881,2089700
2322,203,202,61508,4409,934083,25383200
2323,207,223,61301,4393,934306,5209700
2324,209,228,61092,4374,934534,3381800
2325,223,216,60869,4381,934750,2831500
2326,186,213,60683,4354,934963,2412600
2327,202,218,60481,4338,935181,2562000
2328,196,222,60285,4312,935403,2581000
2329,212,208,60073,4316,935611,2069200
2330,195,236,59878,4275,935847,1976100
2331,194,215,59684,4254,936062,1901300
2332,174,208,59510,4220,936270,2319300
2333,184,222,59326,4182,936492,2000000
2334,192,213,59134,4161,936705,1800900
2335,193,196,58941,4158,936901,2246500
2336,169,216,58772,4111,937117,2007000
2337,183,222,58589,4072,937339,2024300
2338,197,207,58392,4062,937546,2393000
2339,193,205,58199,4050,937751,2841000
2340,182,233,58017,3999,937984,2729600
2341,183,194,57834,3988,938178,2670800
2342,182,221,57652,3949,938399,2141500
2343,160,211,57492,3898,938610,2122900
2344,176,171,57316,3903,938781,2146700
2345,176,182,57140,3897,938963,2117100
2346,162,203,56978,3856,939166,2093500
2347,174,197,56804,3833,939363,2019600
2348,166,189,56638,3810,939552,2046500
2349,164,173,56474,3801,939725,1933700
2350,188,180,56286,3809,939905,1993500
2351,174,162,56112,3821,940067,2052500
2352,170,188,55942,3803,940255,2038200
2353,173,192,55769,3784,940447,2204200
2354,197,194,55572,3787,940641,1986300
2355,194,212,55378,3769,940853,1886400
2356,167,181,55211,3755,941034,1918600
2357,180,199,55031,3736,941233,1975900
2358,182,195,54849,3723,941428,2067900
2359,175,213,54674,3685,941641,1893200
2360,142,174,54532,3653,941815,1836200
2361,160,166,54372,3647,941981,2137000
2362,145,193,54227,3599,942174,1908300
2363,154,181,54073,3572,942355,2071700
2364,155,187,53918,3540,942542,2070900
2365,159,164,53759,3535,942706,1778400
2366,137,181,53622,3491,942887,1818300
2367,138,180,53484,3449,943067,2142500
2368,159,164,53325,3444,943231,1800400
2369,136,185,53189,3395,943416,1752400
2370,132,177,53057,3350,943593,2058600
2371,154,171,52903,3333,943764,1883900
2372,136,174,52767,3295,943938,1821700
2373,135,164,52632,3266,944102,2025100
2374,111,170,52521,3207,944272,1835000
2375,146,134,52375,3219,944406,1876300
2376,135,134,52240,3220,944540,1917900
2377,153,151,52087,3222,944691,1880100
2378,133,162,51954,3193,944853,2164900
2379,152,149,51802,3196,945002,1953700
2380,143,145,51659,3194,945147,1899800
2381,148,142,51511,3200,945289,1926200
2382,154,157,51357,3197,945446,1983500
2383,134,142,51223,3189,945588,2029300
2384,145,139,51078,3195,945727,2172200
2385,145,169,50933,3171,945896,1899000
2386,136,176,50797,3131,946072,1879400
2387,143,159,50654,3115,946231,1938700
2388,161,179,50493,3097,946410,1844100
2389,136,157,50357,3076,946567,1766300
2390,152,148,50205,3080,946715,2048600
2391,138,176,50067,3042,946891,1883500
2392,141,141,49926,3042,947032,1829200
2393,154,147,49772,3049,947179,1924500
2394,157,141,49615,3065,947320,1808600
2395,143,152,49472,3056,947472,2231200
2396,130,147,49342,3039,947619,1889400
2397,134,149,49208,3024,947768,1811300
2398,140,164,49068,3000,947932,1862800
2399,144,130,48924,3014,948062,1960800
2400,133,130,48791,3017,948192,1827300
2401,141,148,48650,3010,948340,1837800
2402,121,158,48529,2973,948498,1962000
2403,124,157,48405,2940,948655,1854800
2404,141,143,48264,2938,948798,1845000
2405,135,181,48129,2892,948979,1898200
2406,141,120,47988,2913,949099,1882600
2407,143,123,47845,2933,949222,1843100
2408,128,149,47717,2912,949371,1774600
2409,132,155,47585,2889,949526,1895600
2410,151,137,47434,2903,949663,1791500
2411,131,137,47303,2897,949800,1762000
2412,148,171,47155,2874,949971,2012800
2413,154,166,47001,2862,950137,1813800
2414,131,162,46870,2831,950299,1773100
2415,131,154,46739,2808,950453,1734300
2416,127,135,46612,2800,950588,1953600
2417,139,121,46473,2818,950709,1895500
2418,132,114,46341,2836,950823,2170600
2419,135,122,46206,2849,950945,1937100
2420,131,147,46075,2833,951092,1849400
2421,150,142,45925,2841,951234,1808600
2422,141,169,45784,2813,951403,2089500
2423,144,140,45640,2817,951543,1784400
2424,142,137,45498,2822,951680,1819300
2425,130,154,45368,2798,951834,2000700
2426,135,132,45233,2801,951966,1949200
2427,150,140,45083,2811,952106,1888500
2428,154,102,44929,2863,952208,1894400
2429,121,148,44808,2836,952356,1765000
2430,128,145,44680,2819,952501,1668100
2431,133,144,44547,2808,952645,1921900
2432,120,141,44427,2787,952786,1764800
2433,130,135,44297,2782,952921,1933200
2434,130,131,44167,2781,953052,1908600
2435,132,131,44035,2782,953183,1857700
2436,137,137,43898,2782,953320,1995500
2437,126,129,43772,2779,953449,1997800
2438,127,126,43645,2780,953575,1880500
2439,129,144,43516,2765,953719,1858400
2440,105,135,43411,2735,953854,1901600
2441,115,127,43296,2723,953981,1761300
2442,122,122,43174,2723,954103,2209800
2443,112,142,43062,2693,954245,1871400
2444,118,119,42944,2692,954364,2252500
2445,104,129,42840,2667,954493,2120700
2446,122,134,42718,2655,954627,1783900
2447,115,135,42603,2635,954762,1925800
2448,124,128,42479,2631,954890,2092800
2449,132,128,42347,2635,955018,1826400
2450,114,143,42233,2606,955161,1745400
2451,106,109,42127,2603,955270,1897500
2452,114,133,42013,2584,955403,1869600
2453,110,136,41903,2558,955539,1752300
2454,134,119,41769,2573,955658,1803500
2455,125,132,41644,2566,955790,1825000
2456,112,134,41532,2544,955924,1887200
2457,131,126,41401,2549,956050,2035400
2458,112,135,41289,2526,956185,2292300
2459,115,129,41174,2512,956314,1733400
2460,123,113,41051,2522,956427,1839300
2461,125,120,40926,2527,956547,1801700
2462,121,123,40805,2525,956670,1711300
2463,105,123,40700,2507,956793,1814400
2464,128,129,40572,2506,956922,1832100
2465,128,127,40444,2507,957049,1713500
2466,120,134,40324,2493,957183,1876100
2467,110,111,40214,2492,957294,1899300
2468,112,114,40102,2490,957408,1846600
2469,119,132,39983,2477,957540,1912800
2470,109,131,39874,2455,957671,1865600
2471,127,136,39747,2446,957807,1865300
2472,126,137,39621,2435,957944,2085500
2473,132,125,39489,2442,958069,1863000
2474,110,117,39379,2435,958186,1884600
2475,99,125,39280,2409,958311,2048800
2476,121,128,39159,2402,958439,1881000
2477,91,125,39068,2368,958564,1854100
2478,109,121,38959,2356,958685,1901200
2479,94,127,38865,2323,958812,1831900
2480,114,118,38751,2319,958930,1967400
2481,111,112,38640,2318,959042,2119100
2482,109,96,38531,2331,959138,1924600
2483,116,119,38415,2328,959257,1986800
2484,116,114,38299,2330,959371,1851400
2485,115,123,38184,2322,959494,1836500
2486,113,124,38071,2311,959618,2015400
2487,115,101,37956,2325,959719,2003600
2488,111,120,37845,2316,959839,1990400
2489,115,114,37730,2317,959953,2039000
2490,93,106,37637,2304,960059,2015600
2491,116,123,37521,2297,960182,2138400
2492,116,111,37405,2302,960293,1957800
2493,111,135,37294,2278,960428,2011500
2494,110,119,37184,2269,960547,1873000
2495,113,118,37071,2264,960665,1851000
2496,97,103,36974,2258,960768,1846900
2497,97,118,36877,2237,960886,1868400
2498,113,112,36764,2238,960998,1851900
2499,103,134,36661,2207,961132,1813100
2500,100,107,36561,2200,961239,1813200
2501,130,119,36431,2211,961358,1846200
2502,113,102,36318,2222,961460,1962700
2503,126,123,36192,2225,961583,2195500
2504,99,108,36093,2216,961691,1820400
2505,100,101,35993,2215,961792,2026500
2506,114,110,35879,2219,961902,2050500
2507,102,110,35777,2211,962012,1857700
2508,107,99,35670,2219,962111,1854300
2509,126,95,35544,2250,962206,1833000
2510,108,105,35436,2253,962311,1765900
2511,110,116,35326,2247,962427,1759900
2512,111,117,35215,2241,962544,1858500
2513,109,108,35106,2242,962652,1930600
2514,89,112,35017,2219,962764,2533300
2515,99,126,34918,2192,962890,2881000
2516,116,107,34802,2201,962997,1892800
2517,97,106,34705,2192,963103,1922600
2518,106,115,34599,2183,963218,2046100
2519,103,129,34496,2157,963347,2010800
2520,105,121,34391,2141,963468,1884300
2521,101,96,34290,2146,963564,1856600
2522,104,99,34186,2151,963663,1966200
2523,94,111,34092,2134,963774,1865600
2524,97,95,33995,2136,963869,2070600
2525,115,109,33880,2142,963978,1820400
2526,105,107,33775,2140,964085,1952600
2527,86,106,33689,2120,964191,1992900
2528,113,119,33576,2114,964310,2269400
2529,107,102,33469,2119,964412,2053100
2530,112,106,33357,2125,964518,1921200
2531,117,110,33240,2132,964628,1978100
2532,112,104,33128,2140,964732,2060900
2533,99,107,33029,2132,964839,1854400
2534,109,107,32920,2134,964946,1856200
2535,102,110,32818,2126,965056,1751400
2536,108,100,32710,2134,965156,1775200
2537,106,92,32604,2148,965248,1957600
2538,106,120,32498,2134,965368,1759100
2539,115,81,32383,2168,965449,1759500
2540,141,88,32242,2221,965537,1862200
2541,108,111,32134,2218,965648,1839900
2542,103,114,32031,2207,965762,1772600
2543,115,118,31916,2204,965880,1839700
2544,110,131,31806,2183,966011,1747600
2545,99,99,31707,2183,966110,1976300
2546,114,119,31593,2178,966229,2003100
2547,105,92,31488,2191,966321,1777100
2548,108,104,31380,2195,966425,1793800
2549,105,108,31275,2192,966533,1841900
2550,96,93,31179,2195,966626,1700800
2551,108,118,31071,2185,966744,1708100
2552,112,106,30959,2191,966850,1829600
2553,117,100,30842,2208,966950,1895000
2554,105,112,30737,2201,967062,1870600
2555,112,122,30625,2191,967184,1829500
2556,117,103,30508,2205,967287,1761900
2557,101,109,30407,2197,967396,1788600
2558,102,121,30305,2178,967517,2068800
2559,125,126,30180,2177,967643,1855700
2560,113,113,30067,2177,967756,2226200
2561,103,115,29964,2165,967871,1966500
2562,123,111,29841,2177,967982,1954100
2563,100,129,29741,2148,968111,1804700
2564,111,140,29630,2119,968251,1876500
2565,104,104,29526,2119,968355,2020500
2566,91,111,29435,2099,968466,1826500
2567,97,101,29338,2095,968567,1777100
2568,103,100,29235,2098,968667,1716700
2569,119,106,29116,2111,968773,1726100
2570,102,111,29014,2102,968884,1987800
2571,89,98,28925,2093,968982,1750000
2572,85,108,28840,2070,969090,1772800
2573,91,97,28749,2064,969187,1896400
2574,97,107,28652,2054,969294,1703800
2575,84,100,28568,2038,969394,1707700
2576,87,97,28481,2028,969491,1936300
2577,101,94,28380,2035,969585,1766100
2578,79,116,28301,1998,969701,1716700
2579,103,110,28198,1991,969811,1849100
2580,93,109,28105,1975,969920,1784600
2581,87,96,28018,1966,970016,1978700
2582,101,91,27917,1976,970107,1862600
2583,89,113,27828,1952,970220,1781600
2584,96,110,27732,1938,970330,1717500
2585,100,101,27632,1937,970431,1825800
2586,86,115,27546,1908,970546,1791400
2587,88,112,27458,1884,970658,2052300
2588,86,117,27372,1853,970775,1864900
2589,108,106,27264,1855,970881,2183100
2590,89,94,27175,1850,970975,2042300
2591,86,97,27089,1839,971072,2013800
2592,88,98,27001,1829,971170,1982200
2593,88,107,26913,1810,971277,2290800
2594,79,90,26834,1799,971367,2036700
2595,83,100,26751,1782,971467,1873000
2596,91,77,26660,1796,971544,1848500
2597,102,81,26558,1817,971625,1838100
2598,94,81,26464,1830,971706,2169600
2599,77,92,26387,1815,971798,2072600
2600,79,78,26308,1816,971876,1820400
2601,90,96,26218,1810,971972,1849700
2602,79,91,26139,1798,972063,2105600
2603,88,83,26051,1803,972146,1982400
2604,86,95,25965,1794,972241,1867000
2605,90,99,25875,1785,972340,1859200
2606,77,93,25798,1769,972433,1770800
2607,81,95,25717,1755,972528,1813400
2608,95,90,25622,1760,972618,1841700
2609,67,81,25555,1746,972699,1759000
2610,83,71,25472,1758,972770,1859300
2611,85,101,25387,1742,972871,1861100
2612,85,90,25302,1737,972961,1796400
2613,98,94,25204,1741,973055,1813400
2614,67,73,25137,1735,973128,1863400
2615,77,77,25060,1735,973205,1795900
2616,72,89,24988,1718,973294,2002300
2617,72,88,24916,1702,973382,1868400
2618,74,78,24842,1698,973460,1860600
2619,81,66,24761,1713,973526,1823700
2620,77,89,24684,1701,973615,1846200
2621,73,79,24611,1695,973694,1765800
2622,66,86,24545,1675,973780,1783500
2623,89,87,24456,1677,973867,1802300
2624,73,84,24383,1666,973951,1787300
2625,94,79,24289,1681,974030,1747900
2626,66,89,24223,1658,974119,1911600
2627,78,92,24145,1644,974211,1836400
2628,73,86,24072,1631,974297,2375400
2629,54,79,24018,1606,974376,2803500
2630,67,80,23951,1593,974456,2747300
2631,67,84,23884,1576,974540,1988500
2632,68,85,23816,1559,974625,1807100
2633,82,81,23734,1560,974706,1897300
2634,59,74,23675,1545,974780,1852000
2635,76,83,23599,1538,974863,1760800
2636,81,66,23518,1553,974929,1838400
2637,64,71,23454,1546,975000,1944700
2638,67,91,23387,1522,975091,1836300
2639,73,68,23314,1527,975159,1920500
2640,83,64,23231,1546,975223,1863500
2641,85,69,23146,1562,975292,1908000
2642,67,81,23079,1548,975373,2329200
2643,54,69,23025,1533,975442,1951600
2644,82,85,22943,1530,975527,2037100
2645,72,67,22871,1535,975594,1929800
2646,74,81,22797,1528,975675,2154900
2647,74,66,22723,1536,975741,1755000
2648,81,69,22642,1548,975810,1825800
2649,80,69,22562,1559,975879,1786600
2650,81,72,22481,1568,975951,1820200
2651,66,79,22415,1555,976030,1900200
2652,65,99,22350,1521,976129,1866300
2653,75,89,22275,1507,976218,1808900
2654,67,84,22208,1490,976302,1846600
2655,66,82,22142,1474,976384,1824200
2656,68,72,22074,1470,976456,1786700
2657,66,66,22008,1470,976522,1913600
2658,59,51,21949,1478,976573,2035000
2659,66,93,21883,1451,976666,2009700
2660,60,83,21823,1428,976749,1823800
2661,78,71,21745,1435,976820,1790100
2662,63,59,21682,1439,976879,1940500
2663,61,64,21621,1436,976943,1840800
2664,71,74,21550,1433,977017,1780600
2665,64,74,21486,1423,977091,1876400
2666,66,78,21420,1411,977169,1998400
2667,73,66,21347,1418,977235,1796300
2668,69,82,21278,1405,977317,1863900
2669,69,63,21209,1411,977380,1880200
2670,57,74,21152,1394,977454,1996100
2671,57,64,21095,1387,977518,1908400
2672,61,81,21034,1367,977599,1819500
2673,67,71,20967,1363,977670,1799700
2674,56,62,20911,1357,977732,2171900
2675,68,67,20843,1358,977799,1811100
2676,63,64,20780,1357,977863,1707400
2677,59,74,20721,1342,977937,1762300
2678,65,50,20656,1357,977987,1756400
2679,58,84,20598,1331,978071,1728100
2680,55,69,20543,1317,978140,1840300
2681,56,68,20487,1305,978208,1738700
2682,57,70,20430,1292,978278,1744700
2683,66,66,20364,1292,978344,2049900
2684,39,56,20325,1275,978400,1840300
2685,64,64,20261,1275,978464,1853500
2686,46,76,20215,1245,978540,1895000
2687,43,60,20172,1228,978600,1818700
2688,51,64,20121,1215,978664,1783500
2689,37,57,20084,1195,978721,1920900
2690,54,55,20030,1194,978776,1796200
2691,50,54,19980,1190,978830,1916900
2692,58,59,19922,1189,978889,2013200
2693,47,74,19875,1162,978963,1766300
2694,41,59,19834,1144,979022,1988300
2695,56,59,19778,1141,979081,1933800
2696,57,56,19721,1142,979137,1770100
2697,51,50,19670,1143,979187,1825300
2698,42,62,19628,1123,979249,1841100
2699,54,62,19574,1115,979311,1952500
2700,43,56,19531,1102,979367,1831000
2701,42,49,19489,1095,979416,1806900
2702,50,60,19439,1085,979476,1780100
2703,46,49,19393,1082,979525,1743100
2704,56,55,19337,1083,979580,1791500
2705,43,63,19294,1063,979643,1858200
2706,44,56,19250,1051,979699,1805700
2707,41,57,19209,1035,979756,1911600
2708,40,62,19169,1013,979818,1781000
2709,40,52,19129,1001,979870,1740800
2710,46,53,19083,994,979923,1825600
2711,45,52,19038,987,979975,1814300
2712,37,56,19001,968,980031,1847000
2713,37,52,18964,953,980083,1862900
2714,30,57,18934,926,980140,1798500
2715,30,41,18904,915,980181,1776700
2716,28,45,18876,898,980226,1933700
2717,23,27,18853,894,980253,1884200
2718,45,34,18808,905,980287,1842600
2719,31,47,18777,889,980334,1849700
2720,35,45,18742,879,980379,1813000
2721,34,43,18708,870,980422,1747000
2722,34,38,18674,866,980460,1828300
2723,41,35,18633,872,980495,1849800
2724,48,40,18585,880,980535,1957300
2725,50,47,18535,883,980582,1854100
2726,38,47,18497,874,980629,1797000
2727,44,44,18453,874,980673,1793300
2728,48,47,18405,875,980720,1897700
2729,43,37,18362,881,980757,1813700
2730,39,43,18323,877,980800,1773100
2731,48,36,18275,889,980836,1918400
2732,42,46,18233,885,980882,1888200
2733,40,45,18193,880,980927,1858800
2734,40,43,18153,877,980970,1930400
2735,37,44,18116,870,981014,1838600
2736,38,39,18078,869,981053,1792800
2737,29,42,18049,856,981095,1837400
2738,30,43,18019,843,981138,1837700
2739,42,36,17977,849,981174,1917800
2740,29,39,17948,839,981213,1903800
2741,43,52,17905,830,981265,1803800
2742,38,41,17867,827,981306,2421500
2743,31,36,17836,822,981342,2922900
2744,36,38,17800,820,981380,1934200
2745,31,35,17769,816,981415,1995600
2746,28,46,17741,798,981461,1784700
2747,34,35,17707,797,981496,1782400
2748,31,33,17676,795,981529,1814000
2749,23,44,17653,774,981573,1978000
2750,38,40,17615,772,981613,1708300
2751,27,43,17588,756,981656,2241200
2752,28,34,17560,750,981690,1802600
2753,25,35,17535,740,981725,1765300
2754,32,46,17503,726,981771,1897500
2755,33,33,17470,726,981804,1800700
2756,28,36,17442,718,981840,1791300
2757,35,39,17407,714,981879,1840800
2758,37,36,17370,715,981915,1816000
2759,29,32,17341,712,981947,1774600
2760,31,43,17310,700,981990,1796200
2761,33,32,17277,701,982022,1724000
2762,22,42,17255,681,982064,1661500
2763,37,29,17218,689,982093,1932900
2764,40,47,17178,682,982140,1839100
2765,32,26,17146,688,982166,1750200
2766,31,36,17115,683,982202,1871000
2767,24,34,17091,673,982236,1869100
2768,19,43,17072,649,982279,1745400
2769,25,31,17047,643,982310,1854100
2770,38,33,17009,648,982343,1818800
2771,21,36,16988,633,982379,1809600
2772,25,35,16963,623,982414,1925000
2773,32,27,16931,628,982441,1871300
2774,24,34,16907,618,982475,1736500
2775,27,30,16880,615,982505,1854300
2776,23,29,16857,609,982534,1834200
2777,23,38,16834,594,982572,1769000
2778,30,31,16804,593,982603,1815500
2779,35,28,16769,600,982631,1766500
2780,28,31,16741,597,982662,1718100
2781,28,26,16713,599,982688,1983200
2782,29,21,16684,607,982709,1919900
2783,28,37,16656,598,982746,1743600
2784,33,26,16623,605,982772,1875900
2785,24,29,16599,600,982801,1789600
2786,20,37,16579,583,982838,1722500
2787,30,16,16549,597,982854,2078300
2788,21,27,16528,591,982881,1826200
2789,28,24,16500,595,982905,1924000
2790,16,30,16484,581,982935,1969800
2791,26,34,16458,573,982969,1887000
2792,24,23,16434,574,982992,1787600
2793,29,30,16405,573,983022,1889700
2794,18,30,16387,561,983052,1772100
2795,24,32,16363,553,983084,2099700
2796,31,28,16332,556,983112,1879700
2797,26,26,16306,556,983138,1947800
2798,21,30,16285,547,983168,1827200
2799,24,35,16261,536,983203,1934400
2800,20,27,16241,529,983230,1980600
2801,29,27,16212,531,983257,1829100
2802,24,26,16188,529,983283,1832000
2803,19,25,16169,523,983308,1795600
2804,18,31,16151,510,983339,1964900
2805,23,26,16128,507,983365,1839700
2806,21,26,16107,502,983391,1755300
2807,22,23,16085,501,983414,2162600
2808,35,28,16050,508,983442,1840400
2809,16,17,16034,507,983459,1748100
2810,20,21,16014,506,983480,2057200
2811,26,26,15988,506,983506,2051600
2812,17,31,15971,492,983537,1840100
2813,19,26,15952,485,983563,2075500
2814,18,21,15934,482,983584,2278600
2815,15,21,15919,476,983605,1984200
2816,18,28,15901,466,983633,1846600
2817,19,19,15882,466,983652,1828000
2818,24,24,15858,466,983676,1775800
2819,18,20,15840,464,983696,1786600
2820,22,20,15818,466,983716,1989800
2821,16,25,15802,457,983741,1818000
2822,19,21,15783,455,983762,2268400
2823,21,31,15762,445,983793,1777900
2824,18,19,15744,444,983812,1725600
2825,14,25,15730,433,983837,2001500
2826,13,24,15717,422,983861,1781300
2827,16,17,15701,421,983878,1923100
2828,13,27,15688,407,983905,1853200
2829,8,23,15680,392,983928,1873100
2830,8,17,15672,383,983945,1977600
2831,12,20,15660,375,983965,1768100
2832,12,21,15648,366,983986,1925700
2833,19,21,15629,364,984007,1873200
2834,7,19,15622,352,984026,1891800
2835,10,17,15612,345,984043,1900400
2836,11,14,15601,342,984057,1786100
2837,9,17,15592,334,984074,1779000
2838,8,9,15584,333,984083,1885900
2839,9,17,15575,325,984100,1716900
2840,7,12,15568,320,984112,2065900
2841,10,16,15558,314,984128,1816000
2842,6,21,15552,299,984149,1823400
2843,7,15,15545,291,984164,1955300
2844,14,15,15531,290,984179,1824300
2845,5,16,15526,279,984195,1959900
2846,6,18,15520,267,984213,1885500
2847,6,13,15514,260,984226,1953700
2848,7,8,15507,259,984234,2042600
2849,3,10,15504,252,984244,2065000
2850,4,6,15500,250,984250,1878700
2851,7,15,15493,242,984265,1817700
2852,4,8,15489,238,984273,1911300
2853,4,18,15485,224,984291,1848700
2854,7,5,15478,226,984296,1960200
2855,5,9,15473,222,984305,2048600
2856,6,10,15467,218,984315,1975000
2857,7,10,15460,215,984325,1853000
2858,8,13,15452,210,984338,1942600
2859,8,10,15444,208,984348,1920600
2860,4,10,15440,202,984358,1807600
2861,6,9,15434,199,984367,1911100
2862,5,9,15429,195,984376,1826400
2863,1,6,15428,190,984382,2370800
2864,4,11,15424,183,984393,1827000
2865,4,8,15420,179,984401,2258700
2866,6,12,15414,173,984413,1785300
2867,3,10,15411,166,984423,1979100
2868,4,8,15407,162,984431,1881300
2869,5,11,15402,156,984442,1856200
2870,5,9,15397,152,984451,1910700
2871,5,9,15392,148,984460,1912900
2872,3,5,15389,146,984465,1921200
2873,5,5,15384,146,984470,1867100
2874,3,8,15381,141,984478,2013800
2875,4,11,15377,134,984489,1852800
2876,3,2,15374,135,984491,1810900
2877,5,8,15369,132,984499,1862900
2878,2,8,15367,126,984507,1947300
2879,1,8,15366,119,984515,1855500
2880,6,8,15360,117,984523,1842400
2881,2,8,15358,111,984531,1917700
2882,3,3,15355,111,984534,1829400
2883,3,6,15352,108,984540,1880900
2884,4,2,15348,110,984542,1880800
2885,4,4,15344,110,984546,1778000
2886,2,4,15342,108,984550,1915700
2887,3,4,15339,107,984554,1819200
2888,3,7,15336,103,984561,1906200
2889,5,5,15331,103,984566,1880300
2890,2,2,15329,103,984568,1841300
2891,7,3,15322,107,984571,1826600
2892,6,4,15316,109,984575,1794900
2893,1,6,15315,104,984581,1915600
2894,4,9,15311,99,984590,1833900
2895,3,5,15308,97,984595,2043500
2896,2,2,15306,97,984597,1837600
2897,5,5,15301,97,984602,1872500
2898,3,3,15298,97,984605,1833200
2899,6,3,15292,100,984608,1851300
2900,5,5,15287,100,984613,1876900
2901,3,5,15284,98,984618,1842200
2902,3,5,15281,96,984623,1841100
2903,0,3,15281,93,984626,2092500
2904,4,6,15277,91,984632,1837600
2905,1,4,15276,88,984636,2058900
2906,5,4,15271,89,984640,2092300
2907,3,4,15268,88,984644,2105700
2908,1,7,15267,82,984651,1861700
2909,1,4,15266,79,984655,1846600
2910,2,2,15264,79,984657,1819500
2911,2,4,15262,77,984661,2144100
2912,1,5,15261,73,984666,1781400
2913,1,4,15260,70,984670,1911300
2914,1,5,15259,66,984675,1825700
2915,1,2,15258,65,984677,2270300
2916,1,5,15257,61,984682,1856900
2917,0,4,15257,57,984686,1813300
2918,2,2,15255,57,984688,2097000
2919,2,4,15253,55,984692,1866100
2920,1,1,15252,55,984693,1837900
2921,0,4,15252,51,984697,1827700
2922,0,5,15252,46,984702,1852400
2923,0,2,15252,44,984704,1765500
2924,0,3,15252,41,984707,2037000
2925,0,1,15252,40,984708,1845900
2926,0,1,15252,39,984709,1837400
2927,0,5,15252,34,984714,1826100
2928,1,1,15251,34,984715,1879200
2929,0,0,15251,34,984715,1827300
2930,0,0,15251,34,984715,1827200
2931,0,2,15251,32,984717,1901500
2932,0,1,15251,31,984718,1818800
2933,1,1,15250,31,984719,1799800
2934,0,0,15250,31,984719,1905200
2935,0,0,15250,31,984719,1784900
2936,0,3,15250,28,984722,1845400
2937,1,2,15249,27,984724,1861700
2938,0,1,15249,26,984725,2124900
2939,0,0,15249,26,984725,1791400
2940,0,0,15249,26,984725,1804300
2941,1,2,15248,25,984727,1791300
2942,1,1,15247,25,984728,1782800
2943,0,1,15247,24,984729,1943300
2944,0,0,15247,24,984729,1846000
2945,0,1,15247,23,984730,1918600
2946,0,0,15247,23,984730,1935800
2947,0,2,15247,21,984732,1842000
2948,0,2,15247,19,984734,1819700
2949,0,0,15247,19,984734,1963900
2950,0,0,15247,19,984734,2002600
2951,0,1,15247,18,984735,1773600
2952,0,1,15247,17,984736,2104600
2953,0,1,15247,16,984737,1794000
2954,0,0,15247,16,984737,1952400
2955,0,0,15247,16,984737,1883900
2956,0,1,15247,15,984738,1896800
2957,0,0,15247,15,984738,2036600
2958,0,2,15247,13,984740,1992500
2959,0,0,15247,13,984740,1893900
2960,0,3,15247,10,984743,2093100
2961,0,0,15247,10,984743,1928800
2962,0,1,15247,9,984744,2399700
2963,0,0,15247,9,984744,1847900
2964,0,0,15247,9,984744,1943300
2965,0,0,15247,9,984744,1851900
2966,0,0,15247,9,984744,1931800
2967,0,0,15247,9,984744,2010100
2968,0,1,15247,8,984745,1871100
2969,0,1,15247,7,984746,1878700
2970,0,3,15247,4,984749,1834800
2971,0,0,15247,4,984749,1891600
2972,0,0,15247,4,984749,1838100
2973,0,0,15247,4,984749,1821500
2974,0,0,15247,4,984749,1780000
2975,0,0,15247,4,984749,2020400
2976,0,0,15247,4,984749,1761400
2977,0,0,15247,4,984749,2044400
2978,0,0,15247,4,984749,1740500
2979,0,0,15247,4,984749,2095200
2980,0,0,15247,4,984749,2138000
2981,0,0,15247,4,984749,1893700
2982,0,0,15247,4,984749,1830600
2983,0,0,15247,4,984749,1866100
2984,0,0,15247,4,984749,1821800
2985,0,1,15247,3,984750,1885600
2986,0,0,15247,3,984750,1899400
2987,0,0,15247,3,984750,1998400
2988,0,0,15247,3,984750,1914900
2989,0,0,15247,3,984750,1839700
2990,0,0,15247,3,984750,1864900
2991,0,0,15247,3,984750,1844600
2992,0,0,15247,3,984750,1954300
2993,0,0,15247,3,984750,1831100
2994,0,0,15247,3,984750,1952900
2995,0,0,15247,3,984750,1835100
2996,0,0,15247,3,984750,2019000
2997,0,0,15247,3,984750,1802300
2998,0,0,15247,3,984750,3665700
2999,0,0,15247,3,984750,2085200
3000,0,0,15247,3,984750,1932600
3001,0,0,15247,3,984750,1889700
3002,0,0,15247,3,984750,1805900
3003,0,0,15247,3,984750,1995200
3004,0,0,15247,3,984750,1872800
3005,0,0,15247,3,984750,1843300
3006,0,0,15247,3,984750,1859000
3007,0,0,15247,3,984750,1730800
3008,0,0,15247,3,984750,2181700
3009,0,0,15247,3,984750,1781500
3010,0,0,15247,3,984750,1903100
3011,0,0,15247,3,984750,1956200
3012,0,0,15247,3,984750,2163000
3013,0,0,15247,3,984750,1764300
3014,0,0,15247,3,984750,2029200
3015,0,0,15247,3,984750,1785100
3016,0,0,15247,3,984750,1807800
3017,0,0,15247,3,984750,1813200
3018,0,2,15247,1,984752,1803100
3019,0,0,15247,1,984752,1849900
3020,0,0,15247,1,984752,1777800
3021,0,1,15247,0,984753,2004300
