Tick,NewlyInfected,NewlyRecovered,TotalSusceptible,TotalInfected,TotalRecovered,StepTimeNanos
0,1,0,999994,6,0,2381400
1,3,0,999991,9,0,2332300
2,2,1,999989,10,1,2198500
3,1,1,999988,10,2,2223000
4,3,0,999985,13,2,2222000
5,3,0,999982,16,2,2215400
6,2,1,999980,17,3,2200100
7,1,0,999979,18,3,2183900
8,6,1,999973,23,4,2174200
9,4,0,999969,27,4,2216800
10,9,1,999960,35,5,2256000
11,9,2,999951,42,7,2301800
12,10,1,999941,51,8,2245400
13,7,2,999934,56,10,2193700
14,9,2,999925,63,12,2190200
15,8,1,999917,70,13,2267100
16,12,3,999905,79,16,2219100
17,10,2,999895,87,18,2182500
18,9,1,999886,95,19,2771900
19,11,6,999875,100,25,2259700
20,15,5,999860,110,30,2226200
21,16,5,999844,121,35,2229300
22,9,2,999835,128,37,2246800
23,10,4,999825,134,41,2233000
24,15,9,999810,140,50,2403300
25,9,9,999801,140,59,2223600
26,12,10,999789,142,69,2224000
27,15,12,999774,145,81,2221000
28,16,12,999758,149,93,2228500
29,12,7,999746,154,100,2216600
30,9,13,999737,150,113,2221900
31,16,5,999721,161,118,2420900
32,11,11,999710,161,129,2434400
33,15,10,999695,166,139,2248100
34,15,11,999680,170,150,2223900
35,9,3,999671,176,153,2262500
36,13,5,999658,184,158,2294300
37,16,2,999642,198,160,2255900
38,23,12,999619,209,172,2243600
39,16,16,999603,209,188,2233200
40,17,13,999586,213,201,2217600
41,20,12,999566,221,213,2357100
42,20,15,999546,226,228,2404900
43,23,12,999523,237,240,2298300
44,25,13,999498,249,253,2260700
45,25,11,999473,263,264,2292500
46,20,13,999453,270,277,2273300
47,23,12,999430,281,289,2247100
48,32,14,999398,299,303,2767800
49,21,13,999377,307,316,2276700
50,29,12,999348,324,328,2292100
51,25,16,999323,333,344,2266500
52,34,22,999289,345,366,2246700
53,27,18,999262,354,384,2231600
54,36,16,999226,374,400,2305600
55,27,18,999199,383,418,2239900
56,31,21,999168,393,439,2221400
57,23,20,999145,396,459,2253200
58,30,22,999115,404,481,2229200
59,42,21,999073,425,502,2217900
60,31,9,999042,447,511,2217900
61,30,28,999012,449,539,2256000
62,36,27,998976,458,566,2247400
63,18,15,998958,461,581,2298500
64,32,19,998926,474,600,2312000
65,36,19,998890,491,619,2271100
66,41,23,998849,509,642,2266200
67,44,27,998805,526,669,2529000
68,49,28,998756,547,697,2311500
69,34,24,998722,557,721,2228600
70,48,25,998674,580,746,2241400
71,50,16,998624,614,762,2249500
72,40,35,998584,619,797,2248000
73,45,29,998539,635,826,2295600
74,35,32,998504,638,858,2686400
75,37,24,998467,651,882,2281100
76,59,35,998408,675,917,2269200
77,53,41,998355,687,958,2246800
78,49,30,998306,706,988,2271000
79,61,37,998245,730,1025,2369200
80,55,46,998190,739,1071,2445000
81,56,40,998134,755,1111,2468800
82,50,28,998084,777,1139,2495100
83,61,43,998023,795,1182,2392800
84,52,35,997971,812,1217,2405200
85,60,37,997911,835,1254,2360200
86,52,45,997859,842,1299,2682400
87,62,41,997797,863,1340,2392900
88,50,49,997747,864,1389,2343600
89,69,35,997678,898,1424,2411900
90,62,46,997616,914,1470,2347900
91,60,39,997556,935,1509,2461600
92,48,44,997508,939,1553,2827900
93,59,54,997449,944,1607,2367400
94,64,58,997385,950,1665,2375000
95,64,50,997321,964,1715,2400400
96,65,46,997256,983,1761,2360300
97,48,51,997208,980,1812,2362600
98,68,41,997140,1007,1853,2377800
99,68,47,997072,1028,1900,2358000
100,71,48,997001,1051,1948,2386900
101,70,50,996931,1071,1998,2345400
102,70,48,996861,1093,2046,2369100
103,62,56,996799,1099,2102,2345700
104,69,49,996730,1119,2151,2574100
105,69,47,996661,1141,2198,2442900
106,62,66,996599,1137,2264,2347700
107,63,64,996536,1136,2328,2334600
108,72,61,996464,1147,2389,2286800
109,77,65,996387,1159,2454,2344700
110,80,49,996307,1190,2503,2297400
111,69,58,996238,1201,2561,2449700
112,72,66,996166,1207,2627,2537900
113,80,59,996086,1228,2686,2346600
114,70,62,996016,1236,2748,2387400
115,85,71,995931,1250,2819,2402800
116,67,53,995864,1264,2872,2387700
117,77,52,995787,1289,2924,2685300
118,75,59,995712,1305,2983,2612400
119,79,60,995633,1324,3043,2567700
120,85,75,995548,1334,3118,2449100
121,86,54,995462,1366,3172,2426800
122,96,71,995366,1391,3243,2417800
123,86,74,995280,1403,3317,2609700
124,105,75,995175,1433,3392,2452600
125,93,66,995082,1460,3458,2363800
126,98,73,994984,1485,3531,2484700
127,102,77,994882,1510,3608,2461000
128,90,63,994792,1537,3671,2747900
129,99,83,994693,1553,3754,2822200
130,98,69,994595,1582,3823,2483500
131,95,81,994500,1596,3904,2428100
132,94,97,994406,1593,4001,2395700
133,78,67,994328,1604,4068,2346100
134,93,79,994235,1618,4147,2372700
135,100,76,994135,1642,4223,2698900
136,86,82,994049,1646,4305,2931600
137,94,82,993955,1658,4387,2385000
138,107,87,993848,1678,4474,2327400
139,95,80,993753,1693,4554,2329200
140,112,91,993641,1714,4645,2352900
141,111,98,993530,1727,4743,2726400
142,98,81,993432,1744,4824,2417200
143,111,86,993321,1769,4910,2456200
144,87,91,993234,1765,5001,2394200
145,100,100,993134,1765,5101,2408500
146,102,84,993032,1783,5185,2408300
147,101,80,992931,1804,5265,2371400
148,118,96,992813,1826,5361,2354000
149,117,91,992696,1852,5452,2330800
150,90,86,992606,1856,5538,2313900
151,99,88,992507,1867,5626,2322200
152,98,96,992409,1869,5722,2328100
153,108,95,992301,1882,5817,2456800
154,95,102,992206,1875,5919,2633400
155,95,91,992111,1879,6010,2284400
156,122,102,991989,1899,6112,2276700
157,118,113,991871,1904,6225,2261700
158,123,95,991748,1932,6320,2283500
159,122,79,991626,1975,6399,2295900
160,118,100,991508,1993,6499,2331600
161,122,94,991386,2021,6593,2306100
162,115,100,991271,2036,6693,2844000
163,117,114,991154,2039,6807,2295100
164,118,110,991036,2047,6917,2286400
165,125,106,990911,2066,7023,2306400
166,116,98,990795,2084,7121,2372300
167,127,96,990668,2115,7217,2404000
168,117,102,990551,2130,7319,2399000
169,122,113,990429,2139,7432,2442700
170,119,112,990310,2146,7544,2486300
171,127,120,990183,2153,7664,2499600
172,121,100,990062,2174,7764,2792600
173,114,117,989948,2171,7881,2527000
174,122,116,989826,2177,7997,2470600
175,117,115,989709,2179,8112,2437800
176,132,110,989577,2201,8222,2418100
177,131,117,989446,2215,8339,2474600
178,108,109,989338,2214,8448,2439400
179,117,117,989221,2214,8565,2482500
180,127,109,989094,2232,8674,2550300
181,127,109,988967,2250,8783,2579700
182,146,117,988821,2279,8900,2564000
183,120,112,988701,2287,9012,2648600
184,133,102,988568,2318,9114,2622600
185,111,125,988457,2304,9239,2601700
186,142,133,988315,2313,9372,2626400
187,139,107,988176,2345,9479,2625600
188,138,116,988038,2367,9595,2573900
189,139,107,987899,2399,9702,2691700
190,141,131,987758,2409,9833,2889400
191,136,120,987622,2425,9953,2606000
192,130,102,987492,2453,10055,2619000
193,167,132,987325,2488,10187,2634100
194,149,124,987176,2513,10311,2626700
195,143,126,987033,2530,10437,2689600
196,147,147,986886,2530,10584,2664800
197,136,131,986750,2535,10715,2605500
198,144,113,986606,2566,10828,2803500
199,136,121,986470,2581,10949,2683000
200,155,117,986315,2619,11066,2600200
201,146,142,986169,2623,11208,2799600
202,157,158,986012,2622,11366,2714600
203,162,136,985850,2648,11502,2607900
204,146,139,985704,2655,11641,2591200
205,161,123,985543,2693,11764,2657400
206,136,149,985407,2680,11913,2648000
207,155,115,985252,2720,12028,2675800
208,155,128,985097,2747,12156,2628500
209,130,129,984967,2748,12285,2664000
210,147,125,984820,2770,12410,2618200
211,169,139,984651,2800,12549,2680500
212,133,137,984518,2796,12686,2757300
213,146,135,984372,2807,12821,2700200
214,145,151,984227,2801,12972,2649100
215,146,143,984081,2804,13115,2723600
216,161,139,983920,2826,13254,2638200
217,170,151,983750,2845,13405,2751200
218,147,147,983603,2845,13552,3005600
219,155,150,983448,2850,13702,2686300
220,156,124,983292,2882,13826,2637300
221,158,140,983134,2900,13966,2718300
222,183,146,982951,2937,14112,2690700
223,170,157,982781,2950,14269,2713000
224,170,131,982611,2989,14400,2604700
225,174,163,982437,3000,14563,2757000
226,179,162,982258,3017,14725,2645800
227,189,151,982069,3055,14876,2668300
228,193,158,981876,3090,15034,2711800
229,168,156,981708,3102,15190,2786600
230,160,166,981548,3096,15356,2669200
231,184,154,981364,3126,15510,2704000
232,186,152,981178,3160,15662,2599000
233,169,175,981009,3154,15837,2649100
234,127,155,980882,3126,15992,2658000
235,175,150,980707,3151,16142,2691500
236,191,163,980516,3179,16305,2620600
237,196,176,980320,3199,16481,2710800
238,215,162,980105,3252,16643,2610800
239,204,153,979901,3303,16796,2598700
240,193,169,979708,3327,16965,2809800
241,208,167,979500,3368,17132,2658100
242,201,196,979299,3373,17328,2629800
243,192,152,979107,3413,17480,2610900
244,202,172,978905,3443,17652,2570600
245,225,154,978680,3514,17806,2717100
246,210,180,978470,3544,17986,2652500
247,217,183,978253,3578,18169,2620800
248,188,156,978065,3610,18325,2572300
249,201,197,977864,3614,18522,2583800
250,210,168,977654,3656,18690,2564800
251,202,179,977452,3679,18869,2648500
252,211,189,977241,3701,19058,2617400
253,247,188,976994,3760,19246,2751300
254,206,187,976788,3779,19433,2616100
255,240,158,976548,3861,19591,2616100
256,191,186,976357,3866,19777,2597400
257,213,209,976144,3870,19986,3115200
258,207,189,975937,3888,20175,2664600
259,204,194,975733,3898,20369,2669300
260,195,184,975538,3909,20553,2614000
261,218,180,975320,3947,20733,2601600
262,233,194,975087,3986,20927,2644400
263,236,160,974851,4062,21087,2700200
264,243,236,974608,4069,21323,2699700
265,220,201,974388,4088,21524,2663600
266,230,196,974158,4122,21720,2615600
267,209,212,973949,4119,21932,2645000
268,190,208,973759,4101,22140,2686200
269,227,203,973532,4125,22343,2643100
270,208,204,973324,4129,22547,2694900
271,210,232,973114,4107,22779,2670000
272,224,213,972890,4118,22992,2613400
273,199,224,972691,4093,23216,2755600
274,218,209,972473,4102,23425,2782300
275,207,190,972266,4119,23615,2660800
276,241,206,972025,4154,23821,2714300
277,231,210,971794,4175,24031,2655300
278,227,215,971567,4187,24246,2712600
279,243,202,971324,4228,24448,2740200
280,226,214,971098,4240,24662,2711300
281,226,226,970872,4240,24888,2640100
282,235,207,970637,4268,25095,2639100
283,238,212,970399,4294,25307,2625300
284,250,205,970149,4339,25512,2719900
285,231,233,969918,4337,25745,3041700
286,236,241,969682,4332,25986,2678300
287,257,198,969425,4391,26184,2669000
288,272,223,969153,4440,26407,2693000
289,270,224,968883,4486,26631,2681000
290,253,227,968630,4512,26858,2700600
291,238,238,968392,4512,27096,2789400
292,233,222,968159,4523,27318,2945500
293,223,242,967936,4504,27560,2714700
294,238,234,967698,4508,27794,2823000
295,259,234,967439,4533,28028,2786300
296,241,211,967198,4563,28239,2708700
297,243,234,966955,4572,28473,2777000
298,252,225,966703,4599,28698,2614700
299,241,253,966462,4587,28951,2606900
300,263,239,966199,4611,29190,2670600
301,229,246,965970,4594,29436,2602000
302,247,235,965723,4606,29671,2579400
303,275,232,965448,4649,29903,2522100
304,228,236,965220,4641,30139,2499700
305,285,215,964935,4711,30354,2486900
306,246,259,964689,4698,30613,2467700
307,252,229,964437,4721,30842,2485700
308,253,242,964184,4732,31084,2504100
309,249,242,963935,4739,31326,2516100
310,249,222,963686,4766,31548,2447500
311,249,247,963437,4768,31795,2429600
312,241,255,963196,4754,32050,2438000
313,256,251,962940,4759,32301,2480200
314,268,228,962672,4799,32529,2509200
315,287,221,962385,4865,32750,2581000
316,278,206,962107,4937,32956,2567000
317,284,235,961823,4986,33191,2583500
318,252,259,961571,4979,33450,2514600
319,260,268,961311,4971,33718,2550400
320,274,234,961037,5011,33952,2505700
321,272,259,960765,5024,34211,2486600
322,267,255,960498,5036,34466,2527600
323,263,252,960235,5047,34718,2534300
324,295,244,959940,5098,34962,2480600
325,253,273,959687,5078,35235,2537700
326,252,269,959435,5061,35504,2489600
327,275,277,959160,5059,35781,2459000
328,261,268,958899,5052,36049,2747900
329,253,231,958646,5074,36280,2522700
330,254,287,958392,5041,36567,2511500
331,303,264,958089,5080,36831,2752600
332,282,274,957807,5088,37105,2587100
333,270,267,957537,5091,37372,2536600
334,280,261,957257,5110,37633,2658800
335,299,262,956958,5147,37895,2582700
336,281,267,956677,5161,38162,2626500
337,276,280,956401,5157,38442,2596400
338,260,279,956141,5138,38721,2604800
339,269,276,955872,5131,38997,2573900
340,307,263,955565,5175,39260,2757100
341,284,230,955281,5229,39490,2579500
342,286,243,954995,5272,39733,2669300
343,286,256,954709,5302,39989,2712300
344,290,256,954419,5336,40245,2666400
345,298,244,954121,5390,40489,2642600
346,286,273,953835,5403,40762,2669400
347,285,301,953550,5387,41063,2650900
348,316,259,953234,5444,41322,2766200
349,284,288,952950,5440,41610,2649500
350,304,270,952646,5474,41880,2612600
351,303,277,952343,5500,42157,2561100
352,323,293,952020,5530,42450,2527200
353,331,262,951689,5599,42712,2573600
354,323,291,951366,5631,43003,2564800
355,301,257,951065,5675,43260,2592300
356,316,271,950749,5720,43531,2561400
357,303,349,950446,5674,43880,2525800
358,315,266,950131,5723,44146,2517600
359,330,306,949801,5747,44452,2716900
360,326,268,949475,5805,44720,2713200
361,308,293,949167,5820,45013,2508400
362,337,290,948830,5867,45303,2496300
363,306,305,948524,5868,45608,2485400
364,333,265,948191,5936,45873,2511700
365,320,289,947871,5967,46162,2610800
366,279,284,947592,5962,46446,2798800
367,319,280,947273,6001,46726,2644700
368,335,290,946938,6046,47016,2592100
369,348,294,946590,6100,47310,2564500
370,318,275,946272,6143,47585,2544100
371,320,292,945952,6171,47877,2572100
372,349,331,945603,6189,48208,2635800
373,340,316,945263,6213,48524,2592200
374,372,336,944891,6249,48860,2604400
375,320,305,944571,6264,49165,2558200
376,369,305,944202,6328,49470,2557800
377,314,288,943888,6354,49758,2587900
378,372,314,943516,6412,50072,2567500
379,335,295,943181,6452,50367,2547000
380,358,328,942823,6482,50695,2524900
381,332,321,942491,6493,51016,2566000
382,367,316,942124,6544,51332,2626000
383,369,339,941755,6574,51671,2802200
384,378,328,941377,6624,51999,2770900
385,383,330,940994,6677,52329,2592000
386,335,319,940659,6693,52648,2617700
387,357,318,940302,6732,52966,2597100
388,384,338,939918,6778,53304,2600600
389,364,337,939554,6805,53641,2960300
390,363,357,939191,6811,53998,2619400
391,350,336,938841,6825,54334,2627400
392,331,345,938510,6811,54679,2709700
393,389,366,938121,6834,55045,2674900
394,358,363,937763,6829,55408,2675000
395,358,370,937405,6817,55778,2642900
396,313,390,937092,6740,56168,2593800
397,366,325,936726,6781,56493,2569200
398,350,340,936376,6791,56833,2564400
399,359,364,936017,6786,57197,2585900
400,352,357,935665,6781,57554,2659000
401,376,336,935289,6821,57890,2620900
402,354,366,934935,6809,58256,2604900
403,348,331,934587,6826,58587,2568200
404,360,321,934227,6865,58908,2583300
405,341,303,933886,6903,59211,2558500
406,353,358,933533,6898,59569,2602200
407,337,345,933196,6890,59914,2686700
408,345,326,932851,6909,60240,2661600
409,373,315,932478,6967,60555,2635200
410,355,364,932123,6958,60919,2636600
411,342,340,931781,6960,61259,2709300
412,383,303,931398,7040,61562,2764300
413,337,347,931061,7030,61909,2664600
414,395,342,930666,7083,62251,2636100
415,386,346,930280,7123,62597,2682500
416,347,355,929933,7115,62952,2664400
417,328,334,929605,7109,63286,2789600
418,354,342,929251,7121,63628,2777100
419,382,374,928869,7129,64002,2741200
420,381,368,928488,7142,64370,2673000
421,370,350,928118,7162,64720,2681000
422,383,361,927735,7184,65081,2694400
423,380,362,927355,7202,65443,2695500
424,335,352,927020,7185,65795,2645400
425,355,362,926665,7178,66157,2681000
426,328,333,926337,7173,66490,2643800
427,358,366,925979,7165,66856,2656100
428,369,371,925610,7163,67227,2635600
429,375,352,925235,7186,67579,2831500
430,372,341,924863,7217,67920,2846400
431,368,352,924495,7233,68272,2797200
432,375,381,924120,7227,68653,2788400
433,405,379,923715,7253,69032,2753800
434,387,353,923328,7287,69385,2713300
435,336,363,922992,7260,69748,2719200
436,359,389,922633,7230,70137,2733700
437,376,358,922257,7248,70495,2691600
438,340,363,921917,7225,70858,2642300
439,376,376,921541,7225,71234,2651000
440,393,381,921148,7237,71615,2749700
441,391,373,920757,7255,71988,3286200
442,370,376,920387,7249,72364,2900100
443,393,369,919994,7273,72733,2775800
444,377,372,919617,7278,73105,2686500
445,411,371,919206,7318,73476,2878300
446,394,368,918812,7344,73844,3153700
447,426,362,918386,7408,74206,3011700
448,411,336,917975,7483,74542,2730300
449,392,381,917583,7494,74923,2699800
450,409,360,917174,7543,75283,2656100
451,413,364,916761,7592,75647,2655700
452,413,365,916348,7640,76012,2661300
453,442,369,915906,7713,76381,2631400
454,423,392,915483,7744,76773,2612400
455,399,414,915084,7729,77187,2588100
456,399,398,914685,7730,77585,2582500
457,410,369,914275,7771,77954,2615300
458,415,388,913860,7798,78342,2654000
459,395,420,913465,7773,78762,2691100
460,401,417,913064,7757,79179,2606400
461,407,396,912657,7768,79575,2591200
462,425,384,912232,7809,79959,2578900
463,394,389,911838,7814,80348,2644300
464,405,379,911433,7840,80727,2664300
465,428,380,911005,7888,81107,2744600
466,417,390,910588,7915,81497,2783300
467,448,405,910140,7958,81902,2782700
468,379,401,909761,7936,82303,3235900
469,398,370,909363,7964,82673,2766900
470,400,390,908963,7974,83063,2665000
471,416,424,908547,7966,83487,2632000
472,408,376,908139,7998,83863,2727900
473,406,400,907733,8004,84263,2617200
474,371,393,907362,7982,84656,2693900
475,398,401,906964,7979,85057,2697200
476,400,390,906564,7989,85447,2829300
477,389,406,906175,7972,85853,2806900
478,437,382,905738,8027,86235,2747200
479,421,375,905317,8073,86610,3072600
480,431,401,904886,8103,87011,2932300
481,441,410,904445,8134,87421,2773100
482,476,404,903969,8206,87825,2703000
483,430,409,903539,8227,88234,2799200
484,416,429,903123,8214,88663,2820300
485,422,449,902701,8187,89112,2899900
486,427,435,902274,8179,89547,2798000
487,447,436,901827,8190,89983,2757100
488,379,423,901448,8146,90406,2740400
489,433,380,901015,8199,90786,2751100
490,443,387,900572,8255,91173,2739200
491,447,425,900125,8277,91598,2918000
492,456,430,899669,8303,92028,2895800
493,448,439,899221,8312,92467,2854600
494,442,405,898779,8349,92872,2835300
495,436,415,898343,8370,93287,2869000
496,456,431,897887,8395,93718,2989900
497,459,406,897428,8448,94124,2786300
498,465,431,896963,8482,94555,2860900
499,452,405,896511,8529,94960,2905100
500,434,418,896077,8545,95378,2831200
501,432,452,895645,8525,95830,3363300
502,443,416,895202,8552,96246,2887300
503,462,474,894740,8540,96720,2648600
504,448,420,894292,8568,97140,2682400
505,482,462,893810,8588,97602,2672000
506,439,417,893371,8610,98019,2829000
507,473,406,892898,8677,98425,2784900
508,454,402,892444,8729,98827,2636900
509,452,402,891992,8779,99229,2610500
510,442,463,891550,8758,99692,2612000
511,453,447,891097,8764,100139,2671000
512,430,436,890667,8758,100575,3126500
513,462,408,890205,8812,100983,2769100
514,465,442,889740,8835,101425,2679900
515,452,463,889288,8824,101888,2726800
516,467,471,888821,8820,102359,2637300
517,424,487,888397,8757,102846,2609400
518,471,452,887926,8776,103298,2809600
519,426,420,887500,8782,103718,2758500
520,435,431,887065,8786,104149,2724500
521,452,454,886613,8784,104603,2707100
522,427,452,886186,8759,105055,2715200
523,487,410,885699,8836,105465,3251900
524,440,429,885259,8847,105894,2783400
525,435,422,884824,8860,106316,2631600
526,471,415,884353,8916,106731,2628600
527,421,452,883932,8885,107183,2610500
528,448,450,883484,8883,107633,2961600
529,459,440,883025,8902,108073,2682900
530,463,449,882562,8916,108522,2645100
531,509,429,882053,8996,108951,2627700
532,473,434,881580,9035,109385,2619700
533,459,487,881121,9007,109872,2648600
534,454,469,880667,8992,110341,2688000
535,495,458,880172,9029,110799,2912600
536,490,509,879682,9010,111308,2901300
537,463,443,879219,9030,111751,2850800
538,455,455,878764,9030,112206,2816500
539,459,427,878305,9062,112633,2817900
540,433,442,877872,9053,113075,2857300
541,523,457,877349,9119,113532,2861800
542,450,488,876899,9081,114020,2783600
543,451,437,876448,9095,114457,2739900
544,503,480,875945,9118,114937,2734600
545,471,444,875474,9145,115381,2702300
546,521,436,874953,9230,115817,2704500
547,482,519,874471,9193,116336,2671600
548,490,470,873981,9213,116806,2664900
549,476,456,873505,9233,117262,2647900
550,504,452,873001,9285,117714,2654300
551,475,474,872526,9286,118188,3239300
552,482,482,872044,9286,118670,2968800
553,488,468,871556,9306,119138,2875400
554,496,480,871060,9322,119618,3129800
555,474,477,870586,9319,120095,3027600
556,480,434,870106,9365,120529,3091100
557,426,478,869680,9313,121007,3052200
558,442,472,869238,9283,121479,3034200
559,476,492,868762,9267,121971,3013900
560,477,442,868285,9302,122413,3075900
561,461,447,867824,9316,122860,3143400
562,491,468,867333,9339,123328,3104900
563,437,476,866896,9300,123804,3041400
564,469,510,866427,9259,124314,2993600
565,439,467,865988,9231,124781,3044700
566,451,464,865537,9218,125245,2972100
567,474,488,865063,9204,125733,3063500
568,484,490,864579,9198,126223,2980300
569,454,438,864125,9214,126661,2986400
570,416,501,863709,9129,127162,3002300
571,433,458,863276,9104,127620,3107400
572,467,456,862809,9115,128076,3187000
573,484,466,862325,9133,128542,3022500
574,454,455,861871,9132,128997,3088400
575,434,425,861437,9141,129422,2983200
576,453,447,860984,9147,129869,3054000
577,499,452,860485,9194,130321,3044100
578,465,414,860020,9245,130735,2999100
579,442,457,859578,9230,131192,2998100
580,428,430,859150,9228,131622,3050400
581,438,478,858712,9188,132100,3075900
582,447,478,858265,9157,132578,3061900
583,417,464,857848,9110,133042,3149000
584,424,459,857424,9075,133501,3138100
585,416,450,857008,9041,133951,3062000
586,427,434,856581,9034,134385,3015800
587,457,447,856124,9044,134832,3232700
588,456,487,855668,9013,135319,3053500
589,422,471,855246,8964,135790,3026600
590,437,437,854809,8964,136227,3034800
591,502,410,854307,9056,136637,2981900
592,477,450,853830,9083,137087,3419500
593,451,441,853379,9093,137528,3441700
594,487,476,852892,9104,138004,3138700
595,478,432,852414,9150,138436,3091200
596,446,450,851968,9146,138886,3158700
597,445,458,851523,9133,139344,3648400
598,477,447,851046,9163,139791,3382100
599,467,472,850579,9158,140263,3369900
600,470,467,850109,9161,140730,3388800
601,496,459,849613,9198,141189,3542000
602,453,467,849160,9184,141656,3296800
603,468,414,848692,9238,142070,3209700
604,495,437,848197,9296,142507,3118200
605,463,451,847734,9308,142958,3183100
606,473,496,847261,9285,143454,3159700
607,465,452,846796,9298,143906,3158500
608,452,508,846344,9242,144414,3116400
609,433,450,845911,9225,144864,3195100
610,448,477,845463,9196,145341,3183300
611,449,452,845014,9193,145793,3198200
612,486,463,844528,9216,146256,3186400
613,448,494,844080,9170,146750,3126600
614,445,488,843635,9127,147238,3153500
615,459,458,843176,9128,147696,3149000
616,489,446,842687,9171,148142,3160900
617,482,426,842205,9227,148568,3160500
618,486,511,841719,9202,149079,3168800
619,468,480,841251,9190,149559,3111700
620,487,480,840764,9197,150039,3174200
621,492,452,840272,9237,150491,3419600
622,468,446,839804,9259,150937,3226400
623,505,434,839299,9330,151371,3173200
624,506,442,838793,9394,151813,3148800
625,464,464,838329,9394,152277,3164400
626,468,438,837861,9424,152715,3225900
627,523,463,837338,9484,153178,3190200
628,499,493,836839,9490,153671,3173800
629,504,501,836335,9493,154172,3157500
630,490,458,835845,9525,154630,3275200
631,534,440,835311,9619,155070,3246500
632,505,472,834806,9652,155542,3100800
633,523,488,834283,9687,156030,3193100
634,486,494,833797,9679,156524,3176500
635,511,487,833286,9703,157011,3630700
636,448,507,832838,9644,157518,3175000
637,514,460,832324,9698,157978,3138600
638,465,496,831859,9667,158474,3131700
639,501,505,831358,9663,158979,3161800
640,467,468,830891,9662,159447,3214200
641,494,446,830397,9710,159893,3131500
642,482,483,829915,9709,160376,3157500
643,463,461,829452,9711,160837,3203100
644,493,513,828959,9691,161350,3253600
645,477,485,828482,9683,161835,3361000
646,462,500,828020,9645,162335,3243800
647,443,424,827577,9664,162759,3282600
648,489,509,827088,9644,163268,3278400
649,468,494,826620,9618,163762,3404000
650,428,459,826192,9587,164221,3292500
651,452,449,825740,9590,164670,3146200
652,495,479,825245,9606,165149,3299700
653,471,463,824774,9614,165612,3144500
654,500,507,824274,9607,166119,3349100
655,531,502,823743,9636,166621,3173700
656,513,473,823230,9676,167094,3081200
657,470,478,822760,9668,167572,3143100
658,474,505,822286,9637,168077,3116400
659,498,454,821788,9681,168531,3125600
660,493,503,821295,9671,169034,3090200
661,487,466,820808,9692,169500,3032600
662,460,516,820348,9636,170016,3040500
663,468,514,819880,9590,170530,3401000
664,496,478,819384,9608,171008,3142500
665,500,487,818884,9621,171495,3085500
666,457,483,818427,9595,171978,3165800
667,484,480,817943,9599,172458,3161500
668,483,451,817460,9631,172909,3653600
669,466,483,816994,9614,173392,6260300
670,487,485,816507,9616,173877,4156700
671,470,489,816037,9597,174366,3794200
672,469,470,815568,9596,174836,4469500
673,477,487,815091,9586,175323,3401400
674,451,461,814640,9576,175784,3376800
675,486,473,814154,9589,176257,3391000
676,464,448,813690,9605,176705,3548100
677,457,478,813233,9584,177183,3294300
678,495,513,812738,9566,177696,3405000
679,457,450,812281,9573,178146,3320200
680,438,479,811843,9532,178625,4630800
681,470,490,811373,9512,179115,4437500
682,453,491,810920,9474,179606,4029900
683,466,446,810454,9494,180052,3637000
684,459,450,809995,9503,180502,3355800
685,456,505,809539,9454,181007,3307200
686,493,481,809046,9466,181488,3292600
687,507,479,808539,9494,181967,3466300
688,528,481,808011,9541,182448,3331100
689,483,461,807528,9563,182909,3147600
690,492,502,807036,9553,183411,3158500
691,460,465,806576,9548,183876,3473800
692,464,434,806112,9578,184310,3377400
693,479,480,805633,9577,184790,5849500
694,481,479,805152,9579,185269,4590700
695,482,483,804670,9578,185752,3920600
696,473,483,804197,9568,186235,3888900
697,459,446,803738,9581,186681,3708700
698,498,442,803240,9637,187123,3508400
699,472,476,802768,9633,187599,3463300
700,499,526,802269,9606,188125,3192300
701,499,483,801770,9622,188608,3108300
702,508,464,801262,9666,189072,3002200
703,471,500,800791,9637,189572,2941000
704,442,486,800349,9593,190058,3319300
705,475,460,799874,9608,190518,2881300
706,490,491,799384,9607,191009,2772200
707,451,447,798933,9611,191456,2913500
708,504,487,798429,9628,191943,5694700
709,458,506,797971,9580,192449,3440600
710,495,457,797476,9618,192906,3278900
711,487,476,796989,9629,193382,3091400
712,487,470,796502,9646,193852,3089100
713,527,492,795975,9681,194344,3336500
714,447,488,795528,9640,194832,3181700
715,502,484,795026,9658,195316,2960100
716,478,459,794548,9677,195775,3002400
717,526,445,794022,9758,196220,2850700
718,479,489,793543,9748,196709,3239500
719,526,468,793017,9806,197177,3015500
720,525,488,792492,9843,197665,2947800
721,515,474,791977,9884,198139,2899300
722,489,469,791488,9904,198608,2887300
723,497,491,790991,9910,199099,3647000
724,500,501,790491,9909,199600,4531700
725,505,471,789986,9943,200071,3434800
726,505,486,789481,9962,200557,3264400
727,511,503,788970,9970,201060,3595400
728,505,515,788465,9960,201575,3239200
729,469,506,787996,9923,202081,3186100
730,496,456,787500,9963,202537,3343900
731,491,477,787009,9977,203014,3210300
732,491,477,786518,9991,203491,3080200
733,509,490,786009,10010,203981,3018300
734,496,503,785513,10003,204484,2962900
735,517,514,784996,10006,204998,2942600
736,499,485,784497,10020,205483,2846300
737,501,518,783996,10003,206001,2833900
738,522,503,783474,10022,206504,3406800
739,518,502,782956,10038,207006,5712300
740,530,498,782426,10070,207504,3637300
741,496,517,781930,10049,208021,3426500
742,464,495,781466,10018,208516,3166500
743,504,465,780962,10057,208981,3112100
744,480,517,780482,10020,209498,3142800
745,492,478,779990,10034,209976,3025900
746,504,517,779486,10021,210493,3002500
747,512,484,778974,10049,210977,3083000
748,493,487,778481,10055,211464,2977600
749,532,512,777949,10075,211976,2902200
750,486,529,777463,10032,212505,2849300
751,498,497,776965,10033,213002,2744100
752,517,501,776448,10049,213503,3266700
753,494,505,775954,10038,214008,2955200
754,524,473,775430,10089,214481,3128300
755,496,508,774934,10077,214989,5363300
756,533,502,774401,10108,215491,3843500
757,546,488,773855,10166,215979,3485300
758,471,477,773384,10160,216456,4021500
759,488,512,772896,10136,216968,3176400
760,519,506,772377,10149,217474,3180600
761,490,490,771887,10149,217964,3195000
762,486,507,771401,10128,218471,3141300
763,501,498,770900,10131,218969,3070400
764,479,491,770421,10119,219460,2975200
765,486,485,769935,10120,219945,2964100
766,500,498,769435,10122,220443,2941000
767,488,548,768947,10062,220991,2932000
768,466,510,768481,10018,221501,2892400
769,461,510,768020,9969,222011,3316300
770,475,503,767545,9941,222514,5049300
771,495,524,767050,9912,223038,4122700
772,512,497,766538,9927,223535,3192400
773,494,551,766044,9870,224086,3163900
774,498,488,765546,9880,224574,3100000
775,482,497,765064,9865,225071,3094700
776,499,432,764565,9932,225503,3102400
777,488,516,764077,9904,226019,3057000
778,491,481,763586,9914,226500,3048400
779,448,478,763138,9884,226978,3117200
780,506,519,762632,9871,227497,3139300
781,462,487,762170,9846,227984,3170400
782,476,458,761694,9864,228442,2986400
783,489,468,761205,9885,228910,2978200
784,497,480,760708,9902,229390,3042400
785,476,489,760232,9889,229879,5205400
786,512,504,759720,9897,230383,4732100
787,511,525,759209,9883,230908,3567000
788,538,472,758671,9949,231380,3518800
789,536,519,758135,9966,231899,3354700
790,469,498,757666,9937,232397,3197900
791,509,481,757157,9965,232878,3226200
792,498,506,756659,9957,233384,3277500
793,538,488,756121,10007,233872,3292700
794,491,476,755630,10022,234348,3216900
795,487,507,755143,10002,234855,3108000
796,515,506,754628,10011,235361,3096800
797,515,489,754113,10037,235850,3061600
798,506,452,753607,10091,236302,3104700
799,495,488,753112,10098,236790,5032800
800,487,541,752625,10044,237331,4553300
801,436,483,752189,9997,237814,3839700
802,515,479,751674,10033,238293,4101400
803,457,515,751217,9975,238808,4130300
804,482,480,750735,9977,239288,3598800
805,499,527,750236,9949,239815,3939600
806,505,483,749731,9971,240298,3962900
807,494,493,749237,9972,240791,3427100
808,528,489,748709,10011,241280,3358900
809,536,520,748173,10027,241800,3414200
810,542,526,747631,10043,242326,3216400
811,551,508,747080,10086,242834,3239200
812,533,544,746547,10075,243378,3220800
813,522,514,746025,10083,243892,5930500
814,476,478,745549,10081,244370,4392200
815,530,484,745019,10127,244854,3644600
816,510,560,744509,10077,245414,3680500
817,515,514,743994,10078,245928,3406300
818,529,508,743465,10099,246436,3303700
819,520,513,742945,10106,246949,3604600
820,545,474,742400,10177,247423,3233900
821,540,505,741860,10212,247928,3576600
822,521,495,741339,10238,248423,3432100
823,492,470,740847,10260,248893,3044700
824,511,501,740336,10270,249394,2964600
825,547,517,739789,10300,249911,2879400
826,535,516,739254,10319,250427,3045800
827,513,531,738741,10301,250958,6273700
828,503,527,738238,10277,251485,4155500
829,523,506,737715,10294,251991,3449500
830,491,508,737224,10277,252499,3480900
831,546,572,736678,10251,253071,3193700
832,520,512,736158,10259,253583,3193600
833,490,497,735668,10252,254080,3069700
834,498,507,735170,10243,254587,3001500
835,488,507,734682,10224,255094,3218500
836,480,499,734202,10205,255593,3196700
837,550,488,733652,10267,256081,3034900
838,489,519,733163,10237,256600,3096400
839,511,522,732652,10226,257122,2928400
840,534,487,732118,10273,257609,3108000
841,523,535,731595,10261,258144,5345200
842,538,501,731057,10298,258645,4951300
843,523,497,730534,10324,259142,3911600
844,512,515,730022,10321,259657,4242700
845,560,558,729462,10323,260215,3192200
846,549,503,728913,10369,260718,3315400
847,496,513,728417,10352,261231,3095500
848,518,495,727899,10375,261726,3110900
849,481,553,727418,10303,262279,3067600
850,541,518,726877,10326,262797,3009400
851,497,559,726380,10264,263356,2947300
852,517,529,725863,10252,263885,2906100
853,513,536,725350,10229,264421,2902100
854,510,486,724840,10253,264907,2954900
855,527,556,724313,10224,265463,3973200
856,518,503,723795,10239,265966,6202300
857,571,540,723224,10270,266506,3566900
858,475,493,722749,10252,266999,3576500
859,496,522,722253,10226,267521,3559800
860,547,487,721706,10286,268008,3302000
861,540,484,721166,10342,268492,3372200
862,541,532,720625,10351,269024,3378700
863,515,555,720110,10311,269579,3221900
864,511,505,719599,10317,270084,3275700
865,535,515,719064,10337,270599,3148400
866,522,508,718542,10351,271107,3206000
867,529,509,718013,10371,271616,3130600
868,531,517,717482,10385,272133,3059200
869,500,536,716982,10349,272669,3152900
870,506,499,716476,10356,273168,4262000
871,498,539,715978,10315,273707,4433500
872,521,507,715457,10329,274214,3616400
873,537,504,714920,10362,274718,3601900
874,535,482,714385,10415,275200,3335000
875,570,508,713815,10477,275708,3403500
876,526,505,713289,10498,276213,3279200
877,544,532,712745,10510,276745,3253900
878,541,527,712204,10524,277272,3247300
879,511,530,711693,10505,277802,3197800
880,548,558,711145,10495,278360,3243500
881,556,576,710589,10475,278936,3122600
882,536,552,710053,10459,279488,3081800
883,542,517,709511,10484,280005,3030500
884,501,490,709010,10495,280495,3163700
885,534,514,708476,10515,281009,6543800
886,553,530,707923,10538,281539,3792700
887,517,534,707406,10521,282073,3751600
888,562,569,706844,10514,282642,3477400
889,508,533,706336,10489,283175,3395100
890,544,553,705792,10480,283728,3295100
891,567,526,705225,10521,284254,3272500
892,545,480,704680,10586,284734,3224400
893,557,552,704123,10591,285286,3326800
894,521,517,703602,10595,285803,3146400
895,563,522,703039,10636,286325,3143200
896,504,524,702535,10616,286849,3096000
897,521,533,702014,10604,287382,3026500
898,557,535,701457,10626,287917,3634200
899,516,503,700941,10639,288420,7265000
900,516,541,700425,10614,288961,4566100
901,531,485,699894,10660,289446,3800700
902,496,499,699398,10657,289945,3294500
903,554,544,698844,10667,290489,3346200
904,557,495,698287,10729,290984,3251400
905,554,539,697733,10744,291523,3238100
906,552,518,697181,10778,292041,3231100
907,539,561,696642,10756,292602,3164700
908,555,543,696087,10768,293145,3079200
909,520,544,695567,10744,293689,3054100
910,510,568,695057,10686,294257,2971800
911,504,527,694553,10663,294784,3020700
912,511,510,694042,10664,295294,3452900
913,482,564,693560,10582,295858,5199300
914,477,508,693083,10551,296366,3829900
915,493,505,692590,10539,296871,3356500
916,501,557,692089,10483,297428,3245100
917,529,478,691560,10534,297906,3227300
918,555,523,691005,10566,298429,3180100
919,533,561,690472,10538,298990,3122000
920,505,535,689967,10508,299525,3126400
921,563,546,689404,10525,300071,3378400
922,494,506,688910,10513,300577,3100500
923,476,527,688434,10462,301104,3032500
924,507,519,687927,10450,301623,2978600
925,483,503,687444,10430,302126,2940500
926,554,490,686890,10494,302616,2871400
927,486,555,686404,10425,303171,2991100
928,484,532,685920,10377,303703,5357500
929,457,511,685463,10323,304214,3631500
930,492,511,684971,10304,304725,3388700
931,509,500,684462,10313,305225,3554900
932,537,497,683925,10353,305722,3233200
933,533,501,683392,10385,306223,3364600
934,541,523,682851,10403,306746,3986200
935,543,554,682308,10392,307300,3312300
936,533,546,681775,10379,307846,3193500
937,525,526,681250,10378,308372,3333300
938,552,511,680698,10419,308883,3292700
939,517,517,680181,10419,309400,3236600
940,523,535,679658,10407,309935,3073800
941,520,524,679138,10403,310459,3045900
942,533,496,678605,10440,310955,3235300
943,542,500,678063,10482,311455,7111700
944,534,519,677529,10497,311974,3659800
945,493,508,677036,10482,312482,3629700
946,540,485,676496,10537,312967,3492300
947,516,527,675980,10526,313494,3306400
948,514,519,675466,10521,314013,3232900
949,533,528,674933,10526,314541,3295600
950,554,518,674379,10562,315059,3340400
951,518,529,673861,10551,315588,3658000
952,493,527,673368,10517,316115,3438100
953,506,502,672862,10521,316617,3357800
954,537,478,672325,10580,317095,3524600
955,536,513,671789,10603,317608,3166000
956,544,531,671245,10616,318139,3906400
957,539,521,670706,10634,318660,4099400
958,557,541,670149,10650,319201,4146000
959,516,494,669633,10672,319695,3874300
960,526,516,669107,10682,320211,3735800
961,499,580,668608,10601,320791,3551800
962,542,534,668066,10609,321325,3544400
963,517,502,667549,10624,321827,3488000
964,529,550,667020,10603,322377,3222300
965,517,542,666503,10578,322919,3428800
966,542,515,665961,10605,323434,3269400
967,536,533,665425,10608,323967,3197100
968,545,518,664880,10635,324485,3333900
969,535,525,664345,10645,325010,3196400
970,525,537,663820,10633,325547,3320500
971,540,532,663280,10641,326079,9291500
972,496,533,662784,10604,326612,4967300
973,496,528,662288,10572,327140,3945400
974,514,546,661774,10540,327686,3855300
975,496,531,661278,10505,328217,3712000
976,527,560,660751,10472,328777,3742400
977,510,535,660241,10447,329312,3345500
978,520,538,659721,10429,329850,3577800
979,568,509,659153,10488,330359,3458100
980,516,480,658637,10524,330839,3435200
981,493,524,658144,10493,331363,3260100
982,527,517,657617,10503,331880,3311500
983,485,522,657132,10466,332402,5494300
984,536,513,656596,10489,332915,3785700
985,549,548,656047,10490,333463,3598700
986,545,494,655502,10541,333957,3767500
987,504,520,654998,10525,334477,4306900
988,520,569,654478,10476,335046,4108600
989,485,538,653993,10423,335584,3468700
990,532,513,653461,10442,336097,3315400
991,506,534,652955,10414,336631,3323600
992,520,555,652435,10379,337186,3235600
993,529,510,651906,10398,337696,3120700
994,531,484,651375,10445,338180,3078100
995,560,490,650815,10515,338670,2973300
996,542,536,650273,10521,339206,3899300
997,518,577,649755,10462,339783,4966900
998,544,506,649211,10500,340289,4558400
999,492,539,648719,10453,340828,4517000
1000,541,515,648178,10479,341343,3243600
1001,535,572,647643,10442,341915,3168600
1002,518,499,647125,10461,342414,3324100
1003,545,503,646580,10503,342917,3550500
1004,521,540,646059,10484,343457,3739800
1005,519,548,645540,10455,344005,3066300
1006,533,509,645007,10479,344514,3003800
1007,526,530,644481,10475,345044,2744500
1008,495,498,643986,10472,345542,2847200
1009,482,517,643504,10437,346059,3223400
1010,536,499,642968,10474,346558,2804000
1011,550,468,642418,10556,347026,5105300
1012,506,546,641912,10516,347572,3799900
1013,554,522,641358,10548,348094,3711700
1014,519,511,640839,10556,348605,3464600
1015,511,526,640328,10541,349131,3266000
1016,544,516,639784,10569,349647,3214200
1017,547,514,639237,10602,350161,3140200
1018,564,515,638673,10651,350676,3068600
1019,517,518,638156,10650,351194,3045300
1020,511,532,637645,10629,351726,3008800
1021,511,565,637134,10575,352291,2858800
1022,497,499,636637,10573,352790,2875000
1023,528,519,636109,10582,353309,3246900
1024,535,500,635574,10617,353809,2905200
1025,537,519,635037,10635,354328,2829300
1026,559,524,634478,10670,354852,2894500
1027,572,538,633906,10704,355390,5617300
1028,532,548,633374,10688,355938,5356700
1029,548,576,632826,10660,356514,3847100
1030,525,535,632301,10650,357049,3538800
1031,534,513,631767,10671,357562,3413200
1032,526,516,631241,10681,358078,3609200
1033,529,536,630712,10674,358614,4151200
1034,540,527,630172,10687,359141,3947100
1035,544,571,629628,10660,359712,3474800
1036,572,544,629056,10688,360256,3138200
1037,546,546,628510,10688,360802,3100700
1038,501,541,628009,10648,361343,3032800
1039,535,509,627474,10674,361852,2976100
1040,535,540,626939,10669,362392,5267900
1041,543,528,626396,10684,362920,3778400
1042,540,544,625856,10680,363464,3652600
1043,542,523,625314,10699,363987,3554200
1044,511,521,624803,10689,364508,3420100
1045,496,569,624307,10616,365077,3231500
1046,548,512,623759,10652,365589,3177900
1047,530,530,623229,10652,366119,3148800
1048,514,505,622715,10661,366624,3165300
1049,555,490,622160,10726,367114,3146000
1050,509,551,621651,10684,367665,3011500
1051,525,532,621126,10677,368197,2953500
1052,473,557,620653,10593,368754,2928900
1053,520,496,620133,10617,369250,2890200
1054,546,536,619587,10627,369786,3012500
1055,517,518,619070,10626,370304,3230000
1056,522,532,618548,10616,370836,3038100
1057,521,498,618027,10639,371334,2981700
1058,520,515,617507,10644,371849,2923100
1059,532,529,616975,10647,372378,2989800
1060,514,557,616461,10604,372935,2853200
1061,494,537,615967,10561,373472,2885900
1062,522,549,615445,10534,374021,2914500
1063,514,520,614931,10528,374541,2827300
1064,510,532,614421,10506,375073,2813500
1065,524,519,613897,10511,375592,2842000
1066,538,545,613359,10504,376137,2802700
1067,505,535,612854,10474,376672,2757800
1068,507,482,612347,10499,377154,2747400
1069,531,481,611816,10549,377635,2757200
1070,568,501,611248,10616,378136,2783400
1071,515,539,610733,10592,378675,2888500
1072,530,535,610203,10587,379210,2878500
1073,573,562,609630,10598,379772,5679500
1074,531,522,609099,10607,380294,4580400
1075,550,541,608549,10616,380835,3414200
1076,562,545,607987,10633,381380,3313500
1077,505,497,607482,10641,381877,3074800
1078,505,525,606977,10621,382402,3095000
1079,519,530,606458,10610,382932,3173000
1080,543,562,605915,10591,383494,3097800
1081,504,532,605411,10563,384026,3074100
1082,530,521,604881,10572,384547,3015600
1083,518,532,604363,10558,385079,2912300
1084,536,561,603827,10533,385640,2856100
1085,531,525,603296,10539,386165,2785300
1086,522,548,602774,10513,386713,2708400
1087,497,509,602277,10501,387222,2705300
1088,521,512,601756,10510,387734,3731500
1089,542,511,601214,10541,388245,5231300
1090,493,516,600721,10518,388761,4142400
1091,526,549,600195,10495,389310,3968900
1092,513,560,599682,10448,389870,3469400
1093,526,539,599156,10435,390409,3463800
1094,500,526,598656,10409,390935,3333000
1095,537,586,598119,10360,391521,3296800
1096,493,496,597626,10357,392017,3362100
1097,528,520,597098,10365,392537,3295200
1098,544,573,596554,10336,393110,3082500
1099,524,447,596030,10413,393557,2907100
1100,551,478,595479,10486,394035,2791600
1101,542,501,594937,10527,394536,2758600
1102,522,512,594415,10537,395048,2919200
1103,505,546,593910,10496,395594,4109800
1104,536,553,593374,10479,396147,4239500
1105,519,552,592855,10446,396699,4247500
1106,512,532,592343,10426,397231,3612300
1107,528,496,591815,10458,397727,3268400
1108,574,510,591241,10522,398237,3222100
1109,512,518,590729,10516,398755,3123900
1110,544,533,590185,10527,399288,3156100
1111,521,527,589664,10521,399815,3001800
1112,517,539,589147,10499,400354,3089200
1113,523,490,588624,10532,400844,3014400
1114,495,568,588129,10459,401412,3002200
1115,514,518,587615,10455,401930,2934600
1116,520,531,587095,10444,402461,3137800
1117,509,530,586586,10423,402991,3346700
1118,547,530,586039,10440,403521,3069400
1119,531,505,585508,10466,404026,3168100
1120,521,504,584987,10483,404530,3161600
1121,494,499,584493,10478,405029,3021100
1122,545,540,583948,10483,405569,3231600
1123,528,526,583420,10485,406095,3271000
1124,555,535,582865,10505,406630,2970100
1125,537,495,582328,10547,407125,2889800
1126,501,546,581827,10502,407671,2862200
1127,505,493,581322,10514,408164,2880500
1128,515,508,580807,10521,408672,2803100
1129,518,518,580289,10521,409190,2783400
1130,490,552,579799,10459,409742,2746900
1131,541,550,579258,10450,410292,2739300
1132,524,525,578734,10449,410817,2824200
1133,484,536,578250,10397,411353,2875800
1134,514,531,577736,10380,411884,2842200
1135,505,480,577231,10405,412364,4433700
1136,502,507,576729,10400,412871,4265400
1137,462,510,576267,10352,413381,3481000
1138,507,492,575760,10367,413873,3420600
1139,517,514,575243,10370,414387,3207000
1140,504,529,574739,10345,414916,3103800
1141,515,514,574224,10346,415430,3090900
1142,519,497,573705,10368,415927,3244400
1143,475,522,573230,10321,416449,3162600
1144,525,487,572705,10359,416936,3038100
1145,518,513,572187,10364,417449,2956900
1146,565,515,571622,10414,417964,2855900
1147,505,520,571117,10399,418484,2834700
1148,523,511,570594,10411,418995,2772300
1149,545,531,570049,10425,419526,2772800
1150,538,461,569511,10502,419987,2842100
1151,504,479,569007,10527,420466,4850800
1152,548,542,568459,10533,421008,4511900
1153,548,502,567911,10579,421510,4453200
1154,576,480,567335,10675,421990,3326200
1155,532,533,566803,10674,422523,3263700
1156,530,540,566273,10664,423063,3288400
1157,523,556,565750,10631,423619,3158000
1158,527,525,565223,10633,424144,3046600
1159,543,499,564680,10677,424643,3104800
1160,531,545,564149,10663,425188,3272700
1161,532,528,563617,10667,425716,2985700
1162,540,568,563077,10639,426284,2888900
1163,558,520,562519,10677,426804,2844700
1164,546,508,561973,10715,427312,3137400
1165,534,557,561439,10692,427869,3374500
1166,547,503,560892,10736,428372,4318300
1167,545,518,560347,10763,428890,3719700
1168,541,514,559806,10790,429404,3565000
1169,575,550,559231,10815,429954,3537400
1170,561,552,558670,10824,430506,3269000
1171,512,549,558158,10787,431055,3269400
1172,543,549,557615,10781,431604,3244400
1173,550,504,557065,10827,432108,3153000
1174,532,524,556533,10835,432632,3266700
1175,513,534,556020,10814,433166,3163000
1176,546,539,555474,10821,433705,3054400
1177,556,525,554918,10852,434230,3020000
1178,527,534,554391,10845,434764,2951800
1179,536,575,553855,10806,435339,3242500
1180,544,548,553311,10802,435887,2966000
1181,502,566,552809,10738,436453,5643800
1182,553,523,552256,10768,436976,3788600
1183,541,558,551715,10751,437534,3634900
1184,543,568,551172,10726,438102,3330100
1185,533,541,550639,10718,438643,3274500
1186,548,538,550091,10728,439181,3203600
1187,519,524,549572,10723,439705,3280000
1188,582,531,548990,10774,440236,3191600
1189,534,524,548456,10784,440760,3099400
1190,557,557,547899,10784,441317,3050100
1191,559,581,547340,10762,441898,2979500
1192,535,506,546805,10791,442404,2871400
1193,536,549,546269,10778,442953,2957300
1194,571,501,545698,10848,443454,2836100
1195,549,527,545149,10870,443981,2870800
1196,544,503,544605,10911,444484,3110900
1197,569,557,544036,10923,445041,5613000
1198,554,552,543482,10925,445593,3708500
1199,546,540,542936,10931,446133,3729100
1200,532,528,542404,10935,446661,3466200
1201,530,558,541874,10907,447219,3635800
1202,554,542,541320,10919,447761,3389700
1203,539,516,540781,10942,448277,3752000
1204,524,542,540257,10924,448819,3594400
1205,517,540,539740,10901,449359,3898000
1206,565,540,539175,10926,449899,3313600
1207,515,529,538660,10912,450428,3277900
1208,531,519,538129,10924,450947,3279000
1209,550,532,537579,10942,451479,3247400
1210,582,502,536997,11022,451981,5820300
1211,593,587,536404,11028,452568,4048800
1212,555,549,535849,11034,453117,3993300
1213,569,574,535280,11029,453691,4127600
1214,563,566,534717,11026,454257,4284000
1215,572,558,534145,11040,454815,4185000
1216,576,535,533569,11081,455350,3361500
1217,580,552,532989,11109,455902,3284500
1218,589,531,532400,11167,456433,3301400
1219,573,566,531827,11174,456999,3232500
1220,575,553,531252,11196,457552,3191100
1221,545,596,530707,11145,458148,3125700
1222,526,559,530181,11112,458707,3537200
1223,530,581,529651,11061,459288,3286500
1224,540,562,529111,11039,459850,5326800
1225,543,528,528568,11054,460378,4224700
1226,494,542,528074,11006,460920,3925000
1227,540,519,527534,11027,461439,3938100
1228,527,520,527007,11034,461959,3545300
1229,552,537,526455,11049,462496,3474800
1230,554,595,525901,11008,463091,4071500
1231,515,549,525386,10974,463640,4184000
1232,568,517,524818,11025,464157,3729100
1233,531,546,524287,11010,464703,3232400
1234,538,576,523749,10972,465279,3188300
1235,532,561,523217,10943,465840,3107200
1236,540,543,522677,10940,466383,3105500
1237,529,537,522148,10932,466920,4239200
1238,554,486,521594,11000,467406,4858200
1239,547,532,521047,11015,467938,4038800
1240,563,537,520484,11041,468475,3839300
1241,570,517,519914,11094,468992,3355000
1242,521,549,519393,11066,469541,3629800
1243,563,560,518830,11069,470101,4238600
1244,512,577,518318,11004,470678,3392700
1245,530,553,517788,10981,471231,3308600
1246,535,545,517253,10971,471776,3312900
1247,566,558,516687,10979,472334,3351300
1248,511,559,516176,10931,472893,2904800
1249,570,576,515606,10925,473469,2871400
1250,517,541,515089,10901,474010,2839500
1251,524,564,514565,10861,474574,3696600
1252,536,501,514029,10896,475075,4723600
1253,550,535,513479,10911,475610,3542000
1254,544,540,512935,10915,476150,3860800
1255,542,563,512393,10894,476713,3347300
1256,546,613,511847,10827,477326,3288000
1257,564,515,511283,10876,477841,3292400
1258,543,524,510740,10895,478365,3199800
1259,513,564,510227,10844,478929,3220700
1260,563,560,509664,10847,479489,3239100
1261,528,559,509136,10816,480048,3127000
1262,522,516,508614,10822,480564,3348000
1263,571,540,508043,10853,481104,3153300
1264,550,563,507493,10840,481667,3087200
1265,520,529,506973,10831,482196,3112500
1266,540,552,506433,10819,482748,4718600
1267,556,549,505877,10826,483297,3609100
1268,510,556,505367,10780,483853,3491300
1269,537,543,504830,10774,484396,3520800
1270,489,589,504341,10674,484985,3314600
1271,538,507,503803,10705,485492,3237000
1272,570,536,503233,10739,486028,3175700
1273,567,527,502666,10779,486555,3144600
1274,512,504,502154,10787,487059,3159200
1275,533,570,501621,10750,487629,3080000
1276,516,549,501105,10717,488178,3075300
1277,531,523,500574,10725,488701,3193500
1278,573,503,500001,10795,489204,2859800
1279,536,567,499465,10764,489771,2888600
1280,530,518,498935,10776,490289,2921000
1281,510,562,498425,10724,490851,2975000
1282,522,500,497903,10746,491351,3240000
1283,564,541,497339,10769,491892,3103400
1284,529,534,496810,10764,492426,3137000
1285,511,503,496299,10772,492929,3290800
1286,525,559,495774,10738,493488,2932300
1287,533,540,495241,10731,494028,2846300
1288,557,528,494684,10760,494556,2820500
1289,553,541,494131,10772,495097,2784500
1290,581,537,493550,10816,495634,2919400
1291,543,554,493007,10805,496188,2918100
1292,582,549,492425,10838,496737,2864700
1293,536,566,491889,10808,497303,2865400
1294,548,581,491341,10775,497884,2862300
1295,544,556,490797,10763,498440,3071300
1296,544,532,490253,10775,498972,3177200
1297,552,535,489701,10792,499507,3186200
1298,559,519,489142,10832,500026,6177300
1299,524,511,488618,10845,500537,4506300
1300,531,498,488087,10878,501035,3990400
1301,582,550,487505,10910,501585,3681300
1302,582,549,486923,10943,502134,3646300
1303,576,563,486347,10956,502697,3488400
1304,577,542,485770,10991,503239,3366400
1305,598,542,485172,11047,503781,3406900
1306,575,558,484597,11064,504339,3342100
1307,540,548,484057,11056,504887,3413200
1308,530,550,483527,11036,505437,3139600
1309,520,541,483007,11015,505978,3041100
1310,554,550,482453,11019,506528,3034200
1311,596,529,481857,11086,507057,3014900
1312,576,529,481281,11133,507586,3361500
1313,554,589,480727,11098,508175,6125800
1314,571,527,480156,11142,508702,4158600
1315,548,541,479608,11149,509243,3769200
1316,558,574,479050,11133,509817,3600300
1317,575,546,478475,11162,510363,3410600
1318,587,577,477888,11172,510940,3390500
1319,544,555,477344,11161,511495,3275200
1320,535,588,476809,11108,512083,3495300
1321,566,561,476243,11113,512644,3340600
1322,565,542,475678,11136,513186,3150300
1323,552,557,475126,11131,513743,3011000
1324,551,547,474575,11135,514290,2809300
1325,583,599,473992,11119,514889,3188000
1326,541,553,473451,11107,515442,3384300
1327,606,532,472845,11181,515974,3268100
1328,578,539,472267,11220,516513,3163000
1329,600,562,471667,11258,517075,3091900
1330,566,556,471101,11268,517631,3257900
1331,603,568,470498,11303,518199,3336200
1332,571,587,469927,11287,518786,3327200
1333,571,563,469356,11295,519349,3300100
1334,563,580,468793,11278,519929,3676600
1335,569,603,468224,11244,520532,3268600
1336,549,558,467675,11235,521090,3062300
1337,570,563,467105,11242,521653,3061700
1338,602,552,466503,11292,522205,3052400
1339,581,554,465922,11319,522759,3149100
1340,553,570,465369,11302,523329,3054100
1341,578,556,464791,11324,523885,3042100
1342,573,587,464218,11310,524472,3164100
1343,553,494,463665,11369,524966,6814700
1344,567,572,463098,11364,525538,4224300
1345,521,589,462577,11296,526127,3667900
1346,522,533,462055,11285,526660,3314900
1347,559,566,461496,11278,527226,3341400
1348,589,617,460907,11250,527843,3577200
1349,567,562,460340,11255,528405,3319600
1350,566,582,459774,11239,528987,3269000
1351,595,564,459179,11270,529551,3284700
1352,542,558,458637,11254,530109,3465300
1353,531,578,458106,11207,530687,3142600
1354,532,556,457574,11183,531243,2938800
1355,517,553,457057,11147,531796,3292500
1356,483,541,456574,11089,532337,3228700
1357,539,586,456035,11042,532923,3270100
1358,537,552,455498,11027,533475,3115400
1359,540,570,454958,10997,534045,3058400
1360,540,591,454418,10946,534636,3083300
1361,512,541,453906,10917,535177,3008100
1362,530,529,453376,10918,535706,3027400
1363,512,537,452864,10893,536243,3017900
1364,556,554,452308,10895,536797,2948300
1365,526,560,451782,10861,537357,2905500
1366,545,526,451237,10880,537883,2887200
1367,533,534,450704,10879,538417,3466600
1368,548,535,450156,10892,538952,2939700
1369,582,577,449574,10897,539529,2884200
1370,501,547,449073,10851,540076,2837500
1371,553,559,448520,10845,540635,2800700
1372,522,519,447998,10848,541154,3058100
1373,571,548,447427,10871,541702,5180900
1374,500,527,446927,10844,542229,4264900
1375,557,539,446370,10862,542768,3808000
1376,526,542,445844,10846,543310,4066600
1377,536,544,445308,10838,543854,4350800
1378,561,533,444747,10866,544387,4173400
1379,571,593,444176,10844,544980,3378100
1380,572,568,443604,10848,545548,3928400
1381,539,560,443065,10827,546108,3234100
1382,544,535,442521,10836,546643,3109100
1383,556,549,441965,10843,547192,3068800
1384,516,541,441449,10818,547733,3086500
1385,543,547,440906,10814,548280,3151900
1386,522,572,440384,10764,548852,3926100
1387,537,547,439847,10754,549399,6127100
1388,538,534,439309,10758,549933,4209600
1389,551,532,438758,10777,550465,4114200
1390,561,523,438197,10815,550988,4353000
1391,591,567,437606,10839,551555,4399600
1392,560,525,437046,10874,552080,3728800
1393,609,523,436437,10960,552603,3363900
1394,592,573,435845,10979,553176,3324600
1395,529,543,435316,10965,553719,3181000
1396,576,557,434740,10984,554276,3134900
1397,585,573,434155,10996,554849,3141100
1398,549,545,433606,11000,555394,2931300
1399,535,573,433071,10962,555967,2895300
1400,498,551,432573,10909,556518,4847800
1401,534,523,432039,10920,557041,4103400
1402,572,540,431467,10952,557581,3539900
1403,552,585,430915,10919,558166,3435100
1404,575,556,430340,10938,558722,3363600
1405,580,563,429760,10955,559285,3442500
1406,586,518,429174,11023,559803,3299900
1407,577,584,428597,11016,560387,3164500
1408,599,565,427998,11050,560952,3291400
1409,578,569,427420,11059,561521,3349400
1410,546,567,426874,11038,562088,3515200
1411,555,590,426319,11003,562678,3276400
1412,551,545,425768,11009,563223,3519700
1413,530,526,425238,11013,563749,3257400
1414,566,576,424672,11003,564325,5994900
1415,581,556,424091,11028,564881,3863000
1416,564,535,423527,11057,565416,3815800
1417,591,528,422936,11120,565944,3838600
1418,564,576,422372,11108,566520,3694300
1419,566,577,421806,11097,567097,3328600
1420,566,550,421240,11113,567647,3256600
1421,528,587,420712,11054,568234,3306500
1422,596,530,420116,11120,568764,3323500
1423,601,617,419515,11104,569381,3524000
1424,608,564,418907,11148,569945,3233300
1425,591,569,418316,11170,570514,3086200
1426,574,546,417742,11198,571060,2901600
1427,556,575,417186,11179,571635,2774800
1428,592,552,416594,11219,572187,3159500
1429,536,567,416058,11188,572754,6998700
1430,594,529,415464,11253,573283,3753100
1431,538,561,414926,11230,573844,3788400
1432,548,570,414378,11208,574414,3782800
1433,566,534,413812,11240,574948,3201000
1434,596,587,413216,11249,575535,3515600
1435,525,552,412691,11222,576087,3341900
1436,573,587,412118,11208,576674,3138100
1437,535,582,411583,11161,577256,3008000
1438,586,506,410997,11241,577762,2961800
1439,577,523,410420,11295,578285,2831300
1440,598,570,409822,11323,578855,2781800
1441,619,563,409203,11379,579418,3173400
1442,569,553,408634,11395,579971,4345600
1443,591,582,408043,11404,580553,4024500
1444,630,553,407413,11481,581106,3667800
1445,568,530,406845,11519,581636,3652700
1446,578,543,406267,11554,582179,3192600
1447,549,585,405718,11518,582764,3164600
1448,594,598,405124,11514,583362,3051800
1449,543,569,404581,11488,583931,3204300
1450,558,588,404023,11458,584519,3397400
1451,554,562,403469,11450,585081,3230700
1452,569,586,402900,11433,585667,3196200
1453,585,627,402315,11391,586294,3134100
1454,604,559,401711,11436,586853,3280000
1455,579,570,401132,11445,587423,3174700
1456,554,571,400578,11428,587994,3007000
1457,545,557,400033,11416,588551,3039600
1458,516,599,399517,11333,589150,5042700
1459,552,596,398965,11289,589746,4450000
1460,566,547,398399,11308,590293,3656000
1461,534,573,397865,11269,590866,3344800
1462,522,559,397343,11232,591425,3343800
1463,575,599,396768,11208,592024,3407300
1464,556,583,396212,11181,592607,3112500
1465,501,578,395711,11104,593185,3102700
1466,529,554,395182,11079,593739,3019400
1467,522,502,394660,11099,594241,2837800
1468,531,565,394129,11065,594806,2945800
1469,544,538,393585,11071,595344,2863300
1470,542,547,393043,11066,595891,2792400
1471,577,550,392466,11093,596441,2854200
1472,576,591,391890,11078,597032,2904900
1473,559,573,391331,11064,597605,4795500
1474,595,561,390736,11098,598166,4206700
1475,526,579,390210,11045,598745,3422600
1476,548,561,389662,11032,599306,3403000
1477,508,536,389154,11004,599842,3363200
1478,550,558,388604,10996,600400,3233700
1479,526,592,388078,10930,600992,3246000
1480,557,581,387521,10906,601573,3148000
1481,539,507,386982,10938,602080,3092400
1482,531,582,386451,10887,602662,3109600
1483,578,521,385873,10944,603183,3010800
1484,550,528,385323,10966,603711,2945000
1485,535,532,384788,10969,604243,2948200
1486,554,557,384234,10966,604800,2923600
1487,579,540,383655,11005,605340,2984000
1488,588,542,383067,11051,605882,3102000
1489,523,510,382544,11064,606392,5688800
1490,545,552,381999,11057,606944,3716200
1491,557,568,381442,11046,607512,3610700
1492,557,533,380885,11070,608045,3750800
1493,477,568,380408,10979,608613,3386400
1494,522,561,379886,10940,609174,3454000
1495,519,529,379367,10930,609703,3357500
1496,498,582,378869,10846,610285,3133900
1497,532,535,378337,10843,610820,3113300
1498,555,545,377782,10853,611365,2945100
1499,548,560,377234,10841,611925,3099700
1500,508,560,376726,10789,612485,3065300
1501,524,544,376202,10769,613029,3108900
1502,518,542,375684,10745,613571,3022300
1503,502,537,375182,10710,614108,4304400
1504,534,517,374648,10727,614625,4040500
1505,577,580,374071,10724,615205,4105500
1506,532,549,373539,10707,615754,4059600
1507,552,525,372987,10734,616279,3274900
1508,517,532,372470,10719,616811,3203900
1509,519,524,371951,10714,617335,3607600
1510,543,528,371408,10729,617863,3249900
1511,531,510,370877,10750,618373,3259100
1512,524,548,370353,10726,618921,3226100
1513,500,534,369853,10692,619455,3207600
1514,568,560,369285,10700,620015,3159800
1515,543,545,368742,10698,620560,2901600
1516,502,552,368240,10648,621112,2851800
1517,523,538,367717,10633,621650,3112800
1518,566,518,367151,10681,622168,6545200
1519,549,575,366602,10655,622743,3707100
1520,519,530,366083,10644,623273,3717900
1521,512,494,365571,10662,623767,3380200
1522,519,537,365052,10644,624304,3296500
1523,505,520,364547,10629,624824,3368100
1524,500,533,364047,10596,625357,3321400
1525,526,529,363521,10593,625886,2989900
1526,537,534,362984,10596,626420,3005700
1527,511,524,362473,10583,626944,2929800
1528,504,509,361969,10578,627453,2889300
1529,538,504,361431,10612,627957,3154200
1530,501,543,360930,10570,628500,2920500
1531,526,492,360404,10604,628992,2838100
1532,552,492,359852,10664,629484,3106500
1533,531,586,359321,10609,630070,4675700
1534,543,536,358778,10616,630606,4705700
1535,529,559,358249,10586,631165,3667500
1536,524,518,357725,10592,631683,3394500
1537,533,516,357192,10609,632199,3459600
1538,496,538,356696,10567,632737,3644500
1539,495,512,356201,10550,633249,3236400
1540,510,551,355691,10509,633800,3442600
1541,527,522,355164,10514,634322,3219300
1542,541,488,354623,10567,634810,3052100
1543,503,513,354120,10557,635323,2984700
1544,507,540,353613,10524,635863,2954100
1545,526,540,353087,10510,636403,2978600
1546,562,474,352525,10598,636877,3052600
1547,528,558,351997,10568,637435,3528800
1548,539,485,351458,10622,637920,4551300
1549,544,537,350914,10629,638457,4032700
1550,532,544,350382,10617,639001,3720700
1551,538,542,349844,10613,639543,4256100
1552,551,526,349293,10638,640069,4205600
1553,550,514,348743,10674,640583,4234100
1554,529,572,348214,10631,641155,3344600
1555,541,545,347673,10627,641700,3219600
1556,494,504,347179,10617,642204,3194700
1557,520,510,346659,10627,642714,3151900
1558,505,527,346154,10605,643241,3421100
1559,570,532,345584,10643,643773,3024800
1560,553,521,345031,10675,644294,3028600
1561,563,551,344468,10687,644845,5487400
1562,519,551,343949,10655,645396,4641000
1563,537,518,343412,10674,645914,3337900
1564,533,565,342879,10642,646479,3494300
1565,545,557,342334,10630,647036,3220000
1566,515,539,341819,10606,647575,3164700
1567,540,578,341279,10568,648153,3243400
1568,490,537,340789,10521,648690,3138500
1569,558,510,340231,10569,649200,3102200
1570,504,537,339727,10536,649737,3065600
1571,510,534,339217,10512,650271,2904500
1572,539,570,338678,10481,650841,2905700
1573,521,552,338157,10450,651393,2794600
1574,523,505,337634,10468,651898,2713100
1575,547,531,337087,10484,652429,2686600
1576,522,473,336565,10533,652902,2934400
1577,540,499,336025,10574,653401,5703900
1578,522,524,335503,10572,653925,3706100
1579,520,570,334983,10522,654495,3423200
1580,537,484,334446,10575,654979,3460100
1581,528,552,333918,10551,655531,3351900
1582,547,529,333371,10569,656060,3261200
1583,521,515,332850,10575,656575,3112400
1584,532,542,332318,10565,657117,3026700
1585,503,542,331815,10526,657659,3009700
1586,524,560,331291,10490,658219,3210200
1587,505,487,330786,10508,658706,2962300
1588,505,519,330281,10494,659225,3318400
1589,508,535,329773,10467,659760,2966400
1590,496,495,329277,10468,660255,2921400
1591,524,517,328753,10475,660772,3074200
1592,444,525,328309,10394,661297,6225700
1593,497,496,327812,10395,661793,4337100
1594,521,519,327291,10397,662312,3721400
1595,505,521,326786,10381,662833,3441100
1596,514,525,326272,10370,663358,3286000
1597,472,515,325800,10327,663873,3258800
1598,549,516,325251,10360,664389,3204300
1599,529,548,324722,10341,664937,3221500
1600,490,480,324232,10351,665417,3189100
1601,518,501,323714,10368,665918,3064400
1602,481,516,323233,10333,666434,2986300
1603,524,488,322709,10369,666922,2941100
1604,508,504,322201,10373,667426,3234600
1605,500,517,321701,10356,667943,3269900
1606,500,537,321201,10319,668480,5445400
1607,530,539,320671,10310,669019,4037400
1608,535,511,320136,10334,669530,3916400
1609,512,546,319624,10300,670076,3352900
1610,516,511,319108,10305,670587,3256100
1611,530,480,318578,10355,671067,3063000
1612,521,520,318057,10356,671587,3055800
1613,474,519,317583,10311,672106,3108400
1614,501,555,317082,10257,672661,2994900
1615,501,534,316581,10224,673195,3022000
1616,510,499,316071,10235,673694,3030800
1617,480,511,315591,10204,674205,2897900
1618,508,491,315083,10221,674696,3214600
1619,517,542,314566,10196,675238,2773300
1620,506,515,314060,10187,675753,2948300
1621,547,556,313513,10178,676309,3286700
1622,530,518,312983,10190,676827,3155800
1623,489,528,312494,10151,677355,3373200
1624,522,514,311972,10159,677869,2834700
1625,539,512,311433,10186,678381,2735900
1626,511,506,310922,10191,678887,2729600
1627,515,506,310407,10200,679393,2831200
1628,503,545,309904,10158,679938,2897000
1629,484,510,309420,10132,680448,2946600
1630,527,516,308893,10143,680964,2850100
1631,569,508,308324,10204,681472,2774100
1632,544,510,307780,10238,681982,2765800
1633,542,524,307238,10256,682506,2851900
1634,545,517,306693,10284,683023,2973300
1635,513,507,306180,10290,683530,2834600
1636,506,519,305674,10277,684049,2874500
1637,500,490,305174,10287,684539,2812400
1638,522,482,304652,10327,685021,2880800
1639,528,558,304124,10297,685579,6216500
1640,446,534,303678,10209,686113,4255900
1641,514,512,303164,10211,686625,3847800
1642,465,515,302699,10161,687140,3663500
1643,487,502,302212,10146,687642,3381900
1644,481,521,301731,10106,688163,3311700
1645,501,468,301230,10139,688631,3226500
1646,502,502,300728,10139,689133,3226700
1647,460,496,300268,10103,689629,3543800
1648,470,497,299798,10076,690126,3248200
1649,507,522,299291,10061,690648,3273800
1650,529,531,298762,10059,691179,3139400
1651,504,537,298258,10026,691716,3129000
1652,489,525,297769,9990,692241,3296000
1653,533,514,297236,10009,692755,4747800
1654,536,504,296700,10041,693259,5288500
1655,514,477,296186,10078,693736,4109800
1656,521,499,295665,10100,694235,3517100
1657,517,471,295148,10146,694706,3331200
1658,529,528,294619,10147,695234,3361800
1659,480,507,294139,10120,695741,3244200
1660,531,519,293608,10132,696260,3221500
1661,472,474,293136,10130,696734,3149200
1662,471,556,292665,10045,697290,3112800
1663,538,518,292127,10065,697808,3063000
1664,498,485,291629,10078,698293,3009100
1665,503,522,291126,10059,698815,3626400
1666,452,511,290674,10000,699326,3130400
1667,530,498,290144,10032,699824,5816900
1668,464,492,289680,10004,700316,4289000
1669,467,471,289213,10000,700787,3535100
1670,508,472,288705,10036,701259,3677700
1671,506,531,288199,10011,701790,4252500
1672,501,507,287698,10005,702297,4097000
1673,471,470,287227,10006,702767,3551600
1674,473,508,286754,9971,703275,3365400
1675,463,528,286291,9906,703803,3249900
1676,499,489,285792,9916,704292,3159900
1677,503,472,285289,9947,704764,3272800
1678,451,437,284838,9961,705201,3392300
1679,459,464,284379,9956,705665,3487300
1680,513,489,283866,9980,706154,3686500
1681,486,465,283380,10001,706619,3404200
1682,485,488,282895,9998,707107,3219100
1683,532,483,282363,10047,707590,3145200
1684,453,521,281910,9979,708111,3352200
1685,454,468,281456,9965,708579,3089600
1686,473,467,280983,9971,709046,3090800
1687,475,517,280508,9929,709563,3073600
1688,481,516,280027,9894,710079,3003300
1689,502,494,279525,9902,710573,2974100
1690,496,492,279029,9906,711065,2954900
1691,509,501,278520,9914,711566,2902200
1692,466,451,278054,9929,712017,3154400
1693,487,497,277567,9919,712514,2968300
1694,482,510,277085,9891,713024,2945400
1695,509,519,276576,9881,713543,3023400
1696,496,518,276080,9859,714061,2923400
1697,501,489,275579,9871,714550,4836400
1698,476,498,275103,9849,715048,3809400
1699,455,513,274648,9791,715561,3513900
1700,488,523,274160,9756,716084,3634600
1701,470,479,273690,9747,716563,3513100
1702,491,460,273199,9778,717023,3331800
1703,519,480,272680,9817,717503,3223200
1704,444,506,272236,9755,718009,3314600
1705,472,489,271764,9738,718498,3252100
1706,504,479,271260,9763,718977,3141400
1707,493,507,270767,9749,719484,3046800
1708,521,494,270246,9776,719978,3013900
1709,478,470,269768,9784,720448,2821800
1710,504,525,269264,9763,720973,2831000
1711,491,474,268773,9780,721447,2973700
1712,519,465,268254,9834,721912,5005200
1713,483,509,267771,9808,722421,4271700
1714,472,469,267299,9811,722890,3813500
1715,456,462,266843,9805,723352,3377300
1716,480,457,266363,9828,723809,3425300
1717,480,490,265883,9818,724299,3423300
1718,486,472,265397,9832,724771,3170700
1719,440,503,264957,9769,725274,3373300
1720,479,457,264478,9791,725731,3224000
1721,496,479,263982,9808,726210,3070900
1722,455,459,263527,9804,726669,2880600
1723,477,458,263050,9823,727127,2835000
1724,475,524,262575,9774,727651,3139600
1725,456,443,262119,9787,728094,3006400
1726,464,475,261655,9776,728569,3163500
1727,466,507,261189,9735,729076,5371300
1728,479,510,260710,9704,729586,3450900
1729,471,482,260239,9693,730068,3235900
1730,464,438,259775,9719,730506,3144800
1731,532,526,259243,9725,731032,3136000
1732,453,508,258790,9670,731540,3150200
1733,480,523,258310,9627,732063,3170000
1734,506,488,257804,9645,732551,3095200
1735,505,474,257299,9676,733025,3053200
1736,488,460,256811,9704,733485,3024000
1737,469,470,256342,9703,733955,2912900
1738,474,516,255868,9661,734471,2971900
1739,455,455,255413,9661,734926,2871500
1740,499,456,254914,9704,735382,2826500
1741,471,485,254443,9690,735867,2826500
1742,486,475,253957,9701,736342,3044700
1743,475,482,253482,9694,736824,5571900
1744,489,463,252993,9720,737287,3911900
1745,480,461,252513,9739,737748,3551200
1746,492,478,252021,9753,738226,3227200
1747,474,480,251547,9747,738706,3442800
1748,476,505,251071,9718,739211,3197400
1749,456,449,250615,9725,739660,3109500
1750,461,521,250154,9665,740181,3124000
1751,461,490,249693,9636,740671,2916300
1752,449,483,249244,9602,741154,3372200
1753,487,497,248757,9592,741651,2790200
1754,490,472,248267,9610,742123,3025300
1755,505,509,247762,9606,742632,2819000
1756,471,512,247291,9565,743144,2699800
1757,465,498,246826,9532,743642,2980500
1758,478,467,246348,9543,744109,4749600
1759,450,463,245898,9530,744572,3605100
1760,474,462,245424,9542,745034,3258000
1761,439,518,244985,9463,745552,3239700
1762,455,528,244530,9390,746080,3096800
1763,480,486,244050,9384,746566,3048100
1764,449,420,243601,9413,746986,3059200
1765,489,457,243112,9445,747443,2956800
1766,419,483,242693,9381,747926,3284000
1767,481,440,242212,9422,748366,3548000
1768,453,457,241759,9418,748823,2953600
1769,437,481,241322,9374,749304,2929600
1770,419,481,240903,9312,749785,3084100
1771,422,467,240481,9267,750252,2892300
1772,458,462,240023,9263,750714,2921100
1773,412,471,239611,9204,751185,5085300
1774,458,398,239153,9264,751583,4484400
1775,431,501,238722,9194,752084,3577600
1776,441,438,238281,9197,752522,3455800
1777,409,408,237872,9198,752930,3288200
1778,448,469,237424,9177,753399,3191600
1779,423,448,237001,9152,753847,3194300
1780,413,438,236588,9127,754285,3229500
1781,453,444,236135,9136,754729,3407300
1782,444,425,235691,9155,755154,3163500
1783,440,465,235251,9130,755619,3062800
1784,424,464,234827,9090,756083,3161000
1785,432,468,234395,9054,756551,3110500
1786,402,475,233993,8981,757026,3043100
1787,408,473,233585,8916,757499,3134100
1788,461,434,233124,8943,757933,3330300
1789,442,479,232682,8906,758412,3071500
1790,454,429,232228,8931,758841,3048600
1791,423,458,231805,8896,759299,2971100
1792,440,465,231365,8871,759764,2910500
1793,474,443,230891,8902,760207,2925100
1794,443,435,230448,8910,760642,2883400
1795,424,459,230024,8875,761101,2990900
1796,418,453,229606,8840,761554,2912000
1797,448,443,229158,8845,761997,2931000
1798,466,424,228692,8887,762421,3058800
1799,405,435,228287,8857,762856,3278800
1800,425,433,227862,8849,763289,3064300
1801,462,460,227400,8851,763749,3278800
1802,395,428,227005,8818,764177,3081200
1803,423,429,226582,8812,764606,3174100
1804,446,427,226136,8831,765033,3034200
1805,393,461,225743,8763,765494,3200300
1806,424,453,225319,8734,765947,5400100
1807,426,469,224893,8691,766416,3791100
1808,385,421,224508,8655,766837,3816700
1809,421,420,224087,8656,767257,3914900
1810,409,453,223678,8612,767710,3217400
1811,424,449,223254,8587,768159,3217000
1812,383,464,222871,8506,768623,3338200
1813,403,408,222468,8501,769031,3439800
1814,409,464,222059,8446,769495,3174700
1815,405,412,221654,8439,769907,3204800
1816,379,455,221275,8363,770362,3069600
1817,399,404,220876,8358,770766,3076200
1818,372,417,220504,8313,771183,3137800
1819,407,411,220097,8309,771594,3132000
1820,435,409,219662,8335,772003,6152400
1821,415,409,219247,8341,772412,3948900
1822,377,406,218870,8312,772818,3801300
1823,423,423,218447,8312,773241,3916000
1824,438,412,218009,8338,773653,3530600
1825,448,423,217561,8363,774076,3533200
1826,409,386,217152,8386,774462,3321200
1827,423,385,216729,8424,774847,3659500
1828,402,407,216327,8419,775254,3368600
1829,425,433,215902,8411,775687,3164300
1830,392,416,215510,8387,776103,3219700
1831,362,451,215148,8298,776554,3107300
1832,400,393,214748,8305,776947,2881500
1833,424,428,214324,8301,777375,2994100
1834,401,404,213923,8298,777779,3431600
1835,430,417,213493,8311,778196,3154000
1836,394,393,213099,8312,778589,3014000
1837,404,396,212695,8320,778985,2882800
1838,378,424,212317,8274,779409,2848100
1839,369,450,211948,8193,779859,2806800
1840,408,379,211540,8222,780238,2778900
1841,415,430,211125,8207,780668,3073500
1842,379,411,210746,8175,781079,2973800
1843,392,367,210354,8200,781446,2796400
1844,398,416,209956,8182,781862,2867200
1845,419,406,209537,8195,782268,2968200
1846,439,396,209098,8238,782664,2779200
1847,374,398,208724,8214,783062,2786300
1848,404,441,208320,8177,783503,2856900
1849,392,435,207928,8134,783938,4104400
1850,387,384,207541,8137,784322,4639000
1851,397,391,207144,8143,784713,3450000
1852,399,367,206745,8175,785080,4165900
1853,389,429,206356,8135,785509,3611500
1854,392,384,205964,8143,785893,3251100
1855,403,396,205561,8150,786289,3222500
1856,395,389,205166,8156,786678,3106500
1857,416,402,204750,8170,787080,3036200
1858,388,406,204362,8152,787486,3045200
1859,420,394,203942,8178,787880,2975700
1860,407,431,203535,8154,788311,3206500
1861,362,428,203173,8088,788739,2965600
1862,411,427,202762,8072,789166,2894400
1863,394,376,202368,8090,789542,2900300
1864,403,397,201965,8096,789939,2860300
1865,382,425,201583,8053,790364,5795100
1866,401,442,201182,8012,790806,3670000
1867,385,426,200797,7971,791232,3342800
1868,395,387,200402,7979,791619,3197800
1869,382,431,200020,7930,792050,3339800
1870,384,365,199636,7949,792415,3044800
1871,396,383,199240,7962,792798,3031800
1872,393,375,198847,7980,793173,3007200
1873,396,407,198451,7969,793580,2996700
1874,412,392,198039,7989,793972,3410400
1875,388,409,197651,7968,794381,3034400
1876,390,420,197261,7938,794801,2899600
1877,396,399,196865,7935,795200,3010400
1878,388,408,196477,7915,795608,2841400
1879,405,403,196072,7917,796011,3134800
1880,381,390,195691,7908,796401,3148000
1881,403,406,195288,7905,796807,5393800
1882,410,415,194878,7900,797222,3500700
1883,393,385,194485,7908,797607,3305000
1884,397,423,194088,7882,798030,3146000
1885,382,393,193706,7871,798423,3010900
1886,368,380,193338,7859,798803,3068100
1887,354,372,192984,7841,799175,3060800
1888,398,368,192586,7871,799543,3023700
1889,349,409,192237,7811,799952,2983500
1890,376,366,191861,7821,800318,2941800
1891,384,460,191477,7745,800778,2851400
1892,375,389,191102,7731,801167,2794600
1893,357,391,190745,7697,801558,2842200
1894,350,354,190395,7693,801912,3015700
1895,398,393,189997,7698,802305,2754300
1896,359,392,189638,7665,802697,4635400
1897,376,413,189262,7628,803110,3817300
1898,350,344,188912,7634,803454,3778700
1899,367,390,188545,7611,803844,3292200
1900,359,404,188186,7566,804248,3033200
1901,384,375,187802,7575,804623,2995000
1902,359,375,187443,7559,804998,2984100
1903,378,379,187065,7558,805377,3003900
1904,394,392,186671,7560,805769,2998500
1905,384,415,186287,7529,806184,2982900
1906,383,429,185904,7483,806613,2980200
1907,390,381,185514,7492,806994,2912200
1908,395,353,185119,7534,807347,2986200
1909,380,376,184739,7538,807723,2962900
1910,376,388,184363,7526,808111,2851300
1911,344,355,184019,7515,808466,2798300
1912,375,367,183644,7523,808833,5159600
1913,363,397,183281,7489,809230,3890400
1914,379,402,182902,7466,809632,3322500
1915,353,332,182549,7487,809964,3250300
1916,376,376,182173,7487,810340,3042000
1917,367,391,181806,7463,810731,2955400
1918,360,368,181446,7455,811099,2982600
1919,357,349,181089,7463,811448,3006000
1920,372,397,180717,7438,811845,2904300
1921,361,371,180356,7428,812216,2922600
1922,364,362,179992,7430,812578,3062800
1923,333,365,179659,7398,812943,2990500
1924,350,341,179309,7407,813284,2919500
1925,374,366,178935,7415,813650,2844000
1926,357,358,178578,7414,814008,2817300
1927,347,406,178231,7355,814414,3103000
1928,324,372,177907,7307,814786,5719100
1929,329,384,177578,7252,815170,3435500
1930,342,375,177236,7219,815545,3280000
1931,342,400,176894,7161,815945,3403200
1932,313,337,176581,7137,816282,3092600
1933,354,340,176227,7151,816622,3137100
1934,347,359,175880,7139,816981,2982600
1935,361,360,175519,7140,817341,3011900
1936,356,333,175163,7163,817674,3183200
1937,389,392,174774,7160,818066,3596000
1938,358,360,174416,7158,818426,2944400
1939,351,352,174065,7157,818778,2867100
1940,357,359,173708,7155,819137,2799100
1941,356,367,173352,7144,819504,3076800
1942,345,387,173007,7102,819891,2877700
1943,371,347,172636,7126,820238,2904200
1944,345,375,172291,7096,820613,3079700
1945,353,390,171938,7059,821003,2834700
1946,348,362,171590,7045,821365,2831500
1947,359,356,171231,7048,821721,3192100
1948,364,363,170867,7049,822084,3216900
1949,351,343,170516,7057,822427,2786900
1950,334,359,170182,7032,822786,2735000
1951,360,335,169822,7057,823121,2713000
1952,354,373,169468,7038,823494,2921500
1953,330,358,169138,7010,823852,2695700
1954,343,327,168795,7026,824179,2655700
1955,350,373,168445,7003,824552,2614300
1956,327,351,168118,6979,824903,2592400
1957,362,362,167756,6979,825265,2626200
1958,344,371,167412,6952,825636,2646700
1959,335,368,167077,6919,826004,2635400
1960,374,348,166703,6945,826352,2624000
1961,369,352,166334,6962,826704,2910900
1962,365,360,165969,6967,827064,2906600
1963,328,349,165641,6946,827413,3122500
1964,306,351,165335,6901,827764,2841700
1965,346,332,164989,6915,828096,2783100
1966,379,342,164610,6952,828438,2697500
1967,361,329,164249,6984,828767,2695000
1968,364,373,163885,6975,829140,2946400
1969,359,344,163526,6990,829484,2895700
1970,338,338,163188,6990,829822,2652800
1971,350,327,162838,7013,830149,2958300
1972,354,352,162484,7015,830501,2632000
1973,311,342,162173,6984,830843,2637000
1974,353,354,161820,6983,831197,2951400
1975,345,344,161475,6984,831541,2931000
1976,341,356,161134,6969,831897,2807800
1977,370,353,160764,6986,832250,2748900
1978,362,334,160402,7014,832584,2715000
1979,354,341,160048,7027,832925,3023100
1980,365,331,159683,7061,833256,6629200
1981,347,351,159336,7057,833607,3425200
1982,358,360,158978,7055,833967,3543100
1983,372,331,158606,7096,834298,3584100
1984,365,365,158241,7096,834663,3068000
1985,322,325,157919,7093,834988,2945700
1986,350,362,157569,7081,835350,3020200
1987,370,373,157199,7078,835723,3174700
1988,379,338,156820,7119,836061,3030300
1989,360,346,156460,7133,836407,2923500
1990,339,347,156121,7125,836754,2813800
1991,342,373,155779,7094,837127,2753700
1992,353,322,155426,7125,837449,2793200
1993,344,326,155082,7143,837775,2960200
1994,318,345,154764,7116,838120,3241100
1995,353,373,154411,7096,838493,5205500
1996,356,351,154055,7101,838844,3284000
1997,343,356,153712,7088,839200,3130700
1998,369,366,153343,7091,839566,3140800
1999,381,374,152962,7098,839940,2973800
2000,391,328,152571,7161,840268,2906400
2001,384,364,152187,7181,840632,2800600
2002,390,391,151797,7180,841023,2908100
2003,390,387,151407,7183,841410,2962000
2004,342,356,151065,7169,841766,2914300
2005,333,370,150732,7132,842136,2866600
2006,329,365,150403,7096,842501,2702600
2007,368,343,150035,7121,842844,2660000
2008,379,326,149656,7174,843170,3327700
2009,404,332,149252,7246,843502,3017700
2010,354,366,148898,7234,843868,3020000
2011,380,339,148518,7275,844207,2983900
2012,375,409,148143,7241,844616,3086300
2013,348,386,147795,7203,845002,7106900
2014,381,374,147414,7210,845376,4070000
2015,350,373,147064,7187,845749,3552800
2016,372,362,146692,7197,846111,3557200
2017,356,355,146336,7198,846466,3664300
2018,344,344,145992,7198,846810,4009500
2019,351,355,145641,7194,847165,3421200
2020,362,323,145279,7233,847488,3365100
2021,339,380,144940,7192,847868,3341600
2022,372,336,144568,7228,848204,3164400
2023,353,351,144215,7230,848555,3197200
2024,326,336,143889,7220,848891,3154400
2025,368,351,143521,7237,849242,3096400
2026,335,393,143186,7179,849635,3077100
2027,338,396,142848,7121,850031,6423300
2028,335,355,142513,7101,850386,4317000
2029,324,311,142189,7114,850697,3568800
2030,323,404,141866,7033,851101,3318400
2031,369,336,141497,7066,851437,3172100
2032,362,362,141135,7066,851799,3154000
2033,351,308,140784,7109,852107,3124400
2034,374,379,140410,7104,852486,3527200
2035,363,341,140047,7126,852827,2951600
2036,305,391,139742,7040,853218,3108300
2037,335,339,139407,7036,853557,3117700
2038,320,372,139087,6984,853929,3172500
2039,324,348,138763,6960,854277,3841700
2040,340,344,138423,6956,854621,3030400
2041,326,348,138097,6934,854969,2877500
2042,339,296,137758,6977,855265,2821300
2043,341,351,137417,6967,855616,2797600
2044,336,333,137081,6970,855949,2806000
2045,329,356,136752,6943,856305,2759500
2046,311,364,136441,6890,856669,2726600
2047,332,351,136109,6871,857020,2718900
2048,309,321,135800,6859,857341,2705500
2049,305,363,135495,6801,857704,2722700
2050,341,358,135154,6784,858062,2720400
2051,303,360,134851,6727,858422,2705800
2052,317,319,134534,6725,858741,2705400
2053,316,363,134218,6678,859104,2678200
2054,311,340,133907,6649,859444,2679800
2055,287,302,133620,6634,859746,2758100
2056,317,309,133303,6642,860055,2884100
2057,343,332,132960,6653,860387,3049300
2058,308,325,132652,6636,860712,3016400
2059,345,343,132307,6638,861055,2886300
2060,310,342,131997,6606,861397,2781900
2061,334,322,131663,6618,861719,2786600
2062,369,350,131294,6637,862069,2729200
2063,347,330,130947,6654,862399,2664000
2064,340,323,130607,6671,862722,2660800
2065,317,340,130290,6648,863062,2617300
2066,342,321,129948,6669,863383,2928300
2067,293,317,129655,6645,863700,2698600
2068,336,301,129319,6680,864001,2646100
2069,322,339,128997,6663,864340,2651100
2070,348,322,128649,6689,864662,2702300
2071,330,304,128319,6715,864966,2637400
2072,377,332,127942,6760,865298,3376000
2073,321,356,127621,6725,865654,2792200
2074,303,326,127318,6702,865980,2760800
2075,340,399,126978,6643,866379,3156500
2076,338,327,126640,6654,866706,4152200
2077,338,329,126302,6663,867035,4291000
2078,364,342,125938,6685,867377,3173900
2079,346,320,125592,6711,867697,3110300
2080,339,349,125253,6701,868046,3158500
2081,324,311,124929,6714,868357,3201600
2082,350,352,124579,6712,868709,3360400
2083,307,302,124272,6717,869011,2902100
2084,315,316,123957,6716,869327,2877300
2085,355,334,123602,6737,869661,2798400
2086,327,352,123275,6712,870013,2827100
2087,330,330,122945,6712,870343,3081000
2088,315,326,122630,6701,870669,2794900
2089,324,334,122306,6691,871003,2732900
2090,307,328,121999,6670,871331,2620600
2091,277,369,121722,6578,871700,2730100
2092,363,353,121359,6588,872053,3888900
2093,300,332,121059,6556,872385,3664900
2094,281,343,120778,6494,872728,3391800
2095,314,347,120464,6461,873075,3254500
2096,300,311,120164,6450,873386,3111000
2097,279,305,119885,6424,873691,3199500
2098,310,345,119575,6389,874036,2910900
2099,306,335,119269,6360,874371,2884600
2100,293,305,118976,6348,874676,2981800
2101,305,324,118671,6329,875000,2847600
2102,300,338,118371,6291,875338,2915600
2103,300,335,118071,6256,875673,2804300
2104,292,335,117779,6213,876008,2757300
2105,279,325,117500,6167,876333,2617500
2106,278,331,117222,6114,876664,2549800
2107,313,291,116909,6136,876955,2616700
2108,316,300,116593,6152,877255,2962600
2109,289,304,116304,6137,877559,4794100
2110,277,305,116027,6109,877864,3274400
2111,297,305,115730,6101,878169,3321200
2112,288,312,115442,6077,878481,2964300
2113,287,316,115155,6048,878797,2855500
2114,296,336,114859,6008,879133,2879200
2115,286,290,114573,6004,879423,2834700
2116,290,282,114283,6012,879705,2807300
2117,292,292,113991,6012,879997,2836100
2118,280,275,113711,6017,880272,2818400
2119,266,292,113445,5991,880564,2803500
2120,262,279,113183,5974,880843,2734400
2121,287,280,112896,5981,881123,2743600
2122,292,288,112604,5985,881411,2711900
2123,277,353,112327,5909,881764,2679500
2124,283,307,112044,5885,882071,2670900
2125,267,285,111777,5867,882356,2858200
2126,279,280,111498,5866,882636,3164900
2127,299,275,111199,5890,882911,2759300
2128,288,260,110911,5918,883171,2690900
2129,308,248,110603,5978,883419,2630700
2130,298,307,110305,5969,883726,2661700
2131,298,295,110007,5972,884021,2662800
2132,276,294,109731,5954,884315,2723500
2133,324,328,109407,5950,884643,2676300
2134,284,293,109123,5941,884936,2626400
2135,308,330,108815,5919,885266,2592100
2136,285,290,108530,5914,885556,2686100
2137,302,287,108228,5929,885843,2609600
2138,306,293,107922,5942,886136,2572400
2139,324,312,107598,5954,886448,2581900
2140,331,291,107267,5994,886739,2542200
2141,335,281,106932,6048,887020,2531800
2142,317,317,106615,6048,887337,2909600
2143,304,292,106311,6060,887629,2820000
2144,278,294,106033,6044,887923,3056800
2145,270,292,105763,6022,888215,2794300
2146,310,308,105453,6024,888523,2776100
2147,290,296,105163,6018,888819,2772600
2148,302,289,104861,6031,889108,2715100
2149,324,308,104537,6047,889416,2648500
2150,285,291,104252,6041,889707,2618200
2151,298,287,103954,6052,889994,2572400
2152,306,317,103648,6041,890311,2538500
2153,323,290,103325,6074,890601,2555200
2154,314,294,103011,6094,890895,2549200
2155,272,294,102739,6072,891189,2635700
2156,289,320,102450,6041,891509,2625800
2157,277,303,102173,6015,891812,2576200
2158,306,290,101867,6031,892102,2938800
2159,295,281,101572,6045,892383,2742300
2160,245,292,101327,5998,892675,2628500
2161,273,296,101054,5975,892971,2620000
2162,263,308,100791,5930,893279,2728900
2163,278,288,100513,5920,893567,2855700
2164,265,325,100248,5860,893892,6100300
2165,285,292,99963,5853,894184,3624100
2166,266,279,99697,5840,894463,3430100
2167,287,308,99410,5819,894771,3235600
2168,269,282,99141,5806,895053,2912000
2169,280,272,98861,5814,895325,2914800
2170,264,297,98597,5781,895622,2940800
2171,273,278,98324,5776,895900,2846000
2172,295,294,98029,5777,896194,2811400
2173,263,296,97766,5744,896490,2782200
2174,259,302,97507,5701,896792,2754300
2175,247,273,97260,5675,897065,2654600
2176,277,283,96983,5669,897348,2608000
2177,265,299,96718,5635,897647,2608500
2178,246,297,96472,5584,897944,2630700
2179,262,261,96210,5585,898205,2891700
2180,253,250,95957,5588,898455,5456600
2181,270,287,95687,5571,898742,3643500
2182,250,309,95437,5512,899051,2997500
2183,267,262,95170,5517,899313,2937600
2184,244,298,94926,5463,899611,3066600
2185,248,288,94678,5423,899899,2828200
2186,267,268,94411,5422,900167,2783600
2187,280,250,94131,5452,900417,2749200
2188,277,271,93854,5458,900688,2869800
2189,272,261,93582,5469,900949,2760200
2190,261,255,93321,5475,901204,2713600
2191,253,241,93068,5487,901445,2725800
2192,281,289,92787,5479,901734,2701600
2193,273,255,92514,5497,901989,2655400
2194,262,280,92252,5479,902269,2649400
2195,283,271,91969,5491,902540,2619300
2196,260,269,91709,5482,902809,2755200
2197,289,257,91420,5514,903066,5240400
2198,258,290,91162,5482,903356,3062400
2199,274,282,90888,5474,903638,3065500
2200,269,265,90619,5478,903903,3138400
2201,269,290,90350,5457,904193,3717000
2202,229,289,90121,5397,904482,3554800
2203,254,268,89867,5383,904750,3422400
2204,262,261,89605,5384,905011,2829900
2205,241,299,89364,5326,905310,2763400
2206,241,252,89123,5315,905562,2691300
2207,267,258,88856,5324,905820,2647400
2208,234,254,88622,5304,906074,2614500
2209,245,229,88377,5320,906303,2561900
2210,234,255,88143,5299,906558,2499700
2211,268,275,87875,5292,906833,2436600
2212,246,257,87629,5281,907090,2425100
2213,268,281,87361,5268,907371,2786000
2214,293,249,87068,5312,907620,2963000
2215,235,235,86833,5312,907855,2958100
2216,240,259,86593,5293,908114,2761200
2217,257,264,86336,5286,908378,2627900
2218,244,266,86092,5264,908644,2675500
2219,262,286,85830,5240,908930,2581900
2220,236,255,85594,5221,909185,2522600
2221,263,248,85331,5236,909433,3084500
2222,249,261,85082,5224,909694,2531600
2223,260,247,84822,5237,909941,3114800
2224,230,258,84592,5209,910199,2472500
2225,240,272,84352,5177,910471,2469400
2226,230,261,84122,5146,910732,2446800
2227,235,262,83887,5119,910994,2479600
2228,261,235,83626,5145,911229,2445300
2229,248,233,83378,5160,911462,2544300
2230,255,272,83123,5143,911734,2523000
2231,270,234,82853,5179,911968,2567500
2232,227,254,82626,5152,912222,2774600
2233,279,259,82347,5172,912481,2890400
2234,252,246,82095,5178,912727,2620400
2235,232,261,81863,5149,912988,2566000
2236,250,279,81613,5120,913267,2533900
2237,226,248,81387,5098,913515,2504800
2238,216,267,81171,5047,913782,2477400
2239,247,252,80924,5042,914034,2574200
2240,240,218,80684,5064,914252,2546900
2241,244,250,80440,5058,914502,2498800
2242,247,246,80193,5059,914748,2558200
2243,245,265,79948,5039,915013,2511200
2244,240,235,79708,5044,915248,2602800
2245,230,248,79478,5026,915496,2934200
2246,233,251,79245,5008,915747,2884700
2247,225,249,79020,4984,915996,2920800
2248,254,224,78766,5014,916220,2672400
2249,228,261,78538,4981,916481,2627600
2250,216,275,78322,4922,916756,2602400
2251,242,226,78080,4938,916982,2784700
2252,238,261,77842,4915,917243,3540300
2253,237,219,77605,4933,917462,3722300
2254,258,253,77347,4938,917715,3118400
2255,234,229,77113,4943,917944,3078300
2256,234,272,76879,4905,918216,2948300
2257,239,217,76640,4927,918433,2716900
2258,254,270,76386,4911,918703,2682200
2259,251,246,76135,4916,918949,2655000
2260,254,233,75881,4937,919182,2641000
2261,222,233,75659,4926,919415,2717100
2262,209,262,75450,4873,919677,2698600
2263,220,248,75230,4845,919925,2665600
2264,246,259,74984,4832,920184,2685200
2265,244,241,74740,4835,920425,2665600
2266,207,259,74533,4783,920684,2603000
2267,250,239,74283,4794,920923,2581200
2268,213,225,74070,4782,921148,2580500
2269,224,233,73846,4773,921381,3119800
2270,238,221,73608,4790,921602,4335000
2271,221,225,73387,4786,921827,3750500
2272,209,222,73178,4773,922049,3255400
2273,238,217,72940,4794,922266,3126500
2274,264,237,72676,4821,922503,2846400
2275,204,238,72472,4787,922741,2792700
2276,241,262,72231,4766,923003,2775300
2277,219,247,72012,4738,923250,2857000
2278,226,229,71786,4735,923479,2685500
2279,232,251,71554,4716,923730,2561100
2280,233,238,71321,4711,923968,2417800
2281,226,250,71095,4687,924218,2586500
2282,245,236,70850,4696,924454,2676800
2283,221,207,70629,4710,924661,2849300
2284,234,221,70395,4723,924882,2557000
2285,219,215,70176,4727,925097,2469700
2286,233,275,69943,4685,925372,2704600
2287,225,222,69718,4688,925594,5731800
2288,235,227,69483,4696,925821,3115400
2289,218,232,69265,4682,926053,3001000
2290,226,267,69039,4641,926320,2925200
2291,221,200,68818,4662,926520,2737600
2292,215,235,68603,4642,926755,2637000
2293,214,217,68389,4639,926972,2695700
2294,227,236,68162,4630,927208,2668600
2295,197,238,67965,4589,927446,2623800
2296,203,221,67762,4571,927667,2648500
2297,210,224,67552,4557,927891,2578500
2298,214,228,67338,4543,928119,2535800
2299,201,213,67137,4531,928332,2896400
2300,207,221,66930,4517,928553,2592400
2301,201,234,66729,4484,928787,2372400
2302,194,233,66535,4445,929020,2351000
2303,201,218,66334,4428,929238,2403300
2304,190,225,66144,4393,929463,4119300
2305,197,223,65947,4367,929686,3553100
2306,208,224,65739,4351,929910,2948700
2307,175,208,65564,4318,930118,2822700
2308,194,229,65370,4283,930347,2901600
2309,205,230,65165,4258,930577,2719700
2310,156,207,65009,4207,930784,2853000
2311,196,216,64813,4187,931000,2696500
2312,200,230,64613,4157,931230,2634500
2313,192,237,64421,4112,931467,2544000
2314,179,212,64242,4079,931679,2524700
2315,195,198,64047,4076,931877,2520800
2316,202,203,63845,4075,932080,2502900
2317,186,186,63659,4075,932266,2585100
2318,167,197,63492,4045,932463,2464400
2319,222,204,63270,4063,932667,2424000
2320,195,197,63075,4061,932864,2407100
2321,189,179,62886,4071,933043,2409900
2322,171,214,62715,4028,933257,2845100
2323,191,171,62524,4048,933428,3203900
2324,192,213,62332,4027,933641,4484600
2325,188,180,62144,4035,933821,3180500
2326,214,217,61930,4032,934038,3004800
2327,194,213,61736,4013,934251,3096400
2328,188,184,61548,4017,934435,2729800
2329,199,215,61349,4001,934650,2625700
2330,192,192,61157,4001,934842,2582300
2331,178,215,60979,3964,935057,2657900
2332,194,185,60785,3973,935242,2604200
2333,214,186,60571,4001,935428,2640200
2334,169,206,60402,3964,935634,2530000
2335,173,200,60229,3937,935834,2525500
2336,161,205,60068,3893,936039,2504500
2337,164,188,59904,3869,936227,2387000
2338,170,193,59734,3846,936420,2395000
2339,163,184,59571,3825,936604,2414600
2340,181,199,59390,3807,936803,2384700
2341,159,191,59231,3775,936994,2548300
2342,188,197,59043,3766,937191,4964100
2343,195,206,58848,3755,937397,2991400
2344,176,183,58672,3748,937580,2921700
2345,169,180,58503,3737,937760,2757400
2346,174,184,58329,3727,937944,2676000
2347,171,203,58158,3695,938147,2596300
2348,148,207,58010,3636,938354,2555700
2349,169,172,57841,3633,938526,2650600
2350,180,160,57661,3653,938686,2620900
2351,168,188,57493,3633,938874,2523300
2352,181,193,57312,3621,939067,2581900
2353,175,180,57137,3616,939247,2523300
2354,164,208,56973,3572,939455,2401400
2355,177,183,56796,3566,939638,2556400
2356,152,174,56644,3544,939812,2475000
2357,167,185,56477,3526,939997,2766900
2358,165,162,56312,3529,940159,2701600
2359,173,166,56139,3536,940325,2639300
2360,198,161,55941,3573,940486,2679200
2361,155,184,55786,3544,940670,2833400
2362,168,185,55618,3527,940855,5461400
2363,167,150,55451,3544,941005,3852200
2364,164,199,55287,3509,941204,2861200
2365,164,163,55123,3510,941367,2881700
2366,169,158,54954,3521,941525,2682300
2367,171,193,54783,3499,941718,2744600
2368,158,194,54625,3463,941912,2609000
2369,174,174,54451,3463,942086,2556000
2370,176,192,54275,3447,942278,2628600
2371,175,157,54100,3465,942435,2632000
2372,152,182,53948,3435,942617,2572300
2373,186,189,53762,3432,942806,2583200
2374,165,149,53597,3448,942955,2497600
2375,156,189,53441,3415,943144,2494700
2376,164,167,53277,3412,943311,2726100
2377,201,147,53076,3466,943458,2689800
2378,162,178,52914,3450,943636,2589700
2379,193,184,52721,3459,943820,2547700
2380,157,171,52564,3445,943991,2483100
2381,165,172,52399,3438,944163,2469000
2382,139,154,52260,3423,944317,2497700
2383,166,194,52094,3395,944511,2446600
2384,159,153,51935,3401,944664,2481600
2385,170,153,51765,3418,944817,2438900
2386,163,170,51602,3411,944987,2437800
2387,140,161,51462,3390,945148,2395300
2388,142,195,51320,3337,945343,2377700
2389,157,188,51163,3306,945531,2376700
2390,157,167,51006,3296,945698,2392800
2391,149,174,50857,3271,945872,2347300
2392,159,175,50698,3255,946047,2330400
2393,149,163,50549,3241,946210,2342500
2394,128,152,50421,3217,946362,2321400
2395,148,163,50273,3202,946525,2361200
2396,162,174,50111,3190,946699,2624200
2397,154,151,49957,3193,946850,2642300
2398,158,167,49799,3184,947017,2648500
2399,157,162,49642,3179,947179,2529100
2400,131,140,49511,3170,947319,2491800
2401,148,162,49363,3156,947481,2476100
2402,169,151,49194,3174,947632,2899400
2403,149,171,49045,3152,947803,2446100
2404,139,153,48906,3138,947956,2401800
2405,169,167,48737,3140,948123,2393500
2406,131,136,48606,3135,948259,2367100
2407,150,161,48456,3124,948420,2378500
2408,141,165,48315,3100,948585,2458300
2409,142,147,48173,3095,948732,2449900
2410,133,142,48040,3086,948874,2408200
2411,139,181,47901,3044,949055,2460700
2412,155,158,47746,3041,949213,2419900
2413,139,148,47607,3032,949361,2417200
2414,155,124,47452,3063,949485,2582600
2415,124,146,47328,3041,949631,2791100
2416,142,157,47186,3026,949788,2610900
2417,137,169,47049,2994,949957,2598700
2418,152,143,46897,3003,950100,2678100
2419,126,137,46771,2992,950237,5079900
2420,144,133,46627,3003,950370,2971800
2421,133,139,46494,2997,950509,2848300
2422,111,141,46383,2967,950650,2785100
2423,118,156,46265,2929,950806,2689100
2424,152,143,46113,2938,950949,2650500
2425,126,156,45987,2908,951105,3085200
2426,143,152,45844,2899,951257,2773000
2427,108,125,45736,2882,951382,2574700
2428,126,161,45610,2847,951543,2585300
2429,133,148,45477,2832,951691,2578600
2430,128,122,45349,2838,951813,2532900
2431,133,164,45216,2807,951977,2586100
2432,116,108,45100,2815,952085,2505000
2433,150,126,44950,2839,952211,2484600
2434,129,169,44821,2799,952380,2556600
2435,130,118,44691,2811,952498,2458900
2436,104,148,44587,2767,952646,2564700
2437,133,139,44454,2761,952785,5148100
2438,138,149,44316,2750,952934,3095500
2439,125,137,44191,2738,953071,2959000
2440,130,138,44061,2730,953209,3005900
2441,115,142,43946,2703,953351,3725500
2442,128,133,43818,2698,953484,2676900
2443,113,136,43705,2675,953620,2646700
2444,125,126,43580,2674,953746,2663100
2445,136,124,43444,2686,953870,2627000
2446,122,93,43322,2715,953963,2631200
2447,130,131,43192,2714,954094,2609500
2448,129,137,43063,2706,954231,2519300
2449,137,132,42926,2711,954363,2499600
2450,134,122,42792,2723,954485,2815700
2451,143,136,42649,2730,954621,2546900
2452,122,145,42527,2707,954766,2426400
2453,135,159,42392,2683,954925,2523800
2454,127,144,42265,2666,955069,4579000
2455,138,140,42127,2664,955209,3420700
2456,124,114,42003,2674,955323,3414400
2457,117,135,41886,2656,955458,2878700
2458,124,140,41762,2640,955598,2824600
2459,107,133,41655,2614,955731,2701800
2460,108,120,41547,2602,955851,2682600
2461,117,120,41430,2599,955971,2689200
2462,108,130,41322,2577,956101,2616100
2463,105,95,41217,2587,956196,2652600
2464,108,121,41109,2574,956317,2621400
2465,99,127,41010,2546,956444,2572700
2466,90,130,40920,2506,956574,2524800
2467,110,124,40810,2492,956698,2512700
2468,96,111,40714,2477,956809,2471800
2469,101,122,40613,2456,956931,2462000
2470,115,122,40498,2449,957053,2439000
2471,105,133,40393,2421,957186,2512500
2472,101,117,40292,2405,957303,3058200
2473,97,107,40195,2395,957410,3648700
2474,106,97,40089,2404,957507,2812400
2475,84,123,40005,2365,957630,2803400
2476,104,103,39901,2366,957733,2830100
2477,99,129,39802,2336,957862,3137800
2478,95,108,39707,2323,957970,3496900
2479,120,117,39587,2326,958087,3212200
2480,110,114,39477,2322,958201,2985600
2481,103,115,39374,2310,958316,2603200
2482,114,99,39260,2325,958415,2608600
2483,89,90,39171,2324,958505,2626800
2484,107,132,39064,2299,958637,2534100
2485,112,114,38952,2297,958751,2470100
2486,106,89,38846,2314,958840,2740600
2487,98,119,38748,2293,958959,2545700
2488,105,112,38643,2286,959071,2466800
2489,123,109,38520,2300,959180,2686600
2490,118,111,38402,2307,959291,2813300
2491,122,115,38280,2314,959406,2527700
2492,111,109,38169,2316,959515,2707400
2493,102,116,38067,2302,959631,2504800
2494,121,142,37946,2281,959773,2472000
2495,109,110,37837,2280,959883,2435100
2496,109,130,37728,2259,960013,2456000
2497,118,117,37610,2260,960130,2432900
2498,96,114,37514,2242,960244,2494300
2499,107,112,37407,2237,960356,2547800
2500,127,117,37280,2247,960473,2470400
2501,111,103,37169,2255,960576,2439700
2502,118,123,37051,2250,960699,2409700
2503,106,110,36945,2246,960809,2402400
2504,126,117,36819,2255,960926,2685800
2505,130,119,36689,2266,961045,3172800
2506,112,121,36577,2257,961166,3278100
2507,111,126,36466,2242,961292,2708000
2508,119,112,36347,2249,961404,2903300
2509,107,126,36240,2230,961530,2855400
2510,109,116,36131,2223,961646,2663500
2511,110,101,36021,2232,961747,2659800
2512,99,136,35922,2195,961883,2688600
2513,99,124,35823,2170,962007,2720600
2514,86,102,35737,2154,962109,2539200
2515,95,95,35642,2154,962204,2828700
2516,108,101,35534,2161,962305,2547800
2517,110,115,35424,2156,962420,2578900
2518,107,98,35317,2165,962518,2495000
2519,97,115,35220,2147,962633,2584900
2520,109,114,35111,2142,962747,2587700
2521,97,110,35014,2129,962857,2663600
2522,115,101,34899,2143,962958,2684700
2523,104,106,34795,2141,963064,2815700
2524,110,115,34685,2136,963179,2868800
2525,92,116,34593,2112,963295,2826700
2526,97,103,34496,2106,963398,2704500
2527,80,120,34416,2066,963518,2793200
2528,76,96,34340,2046,963614,2587800
2529,115,104,34225,2057,963718,3831500
2530,77,92,34148,2042,963810,3259800
2531,100,117,34048,2025,963927,2903600
2532,81,97,33967,2009,964024,2905100
2533,98,98,33869,2009,964122,2899700
2534,78,111,33791,1976,964233,2680400
2535,84,90,33707,1970,964323,2791000
2536,86,110,33621,1946,964433,2572400
2537,85,93,33536,1938,964526,2641500
2538,86,114,33450,1910,964640,2516400
2539,92,100,33358,1902,964740,2489400
2540,79,99,33279,1882,964839,2511100
2541,105,100,33174,1887,964939,2736200
2542,73,80,33101,1880,965019,2576200
2543,94,101,33007,1873,965120,2670200
2544,89,94,32918,1868,965214,2964400
2545,75,103,32843,1840,965317,2520000
2546,64,99,32779,1805,965416,3173100
2547,74,96,32705,1783,965512,4117800
2548,75,87,32630,1771,965599,3579600
2549,83,89,32547,1765,965688,2685400
2550,91,89,32456,1767,965777,2694000
2551,90,73,32366,1784,965850,2689500
2552,84,111,32282,1757,965961,2590200
2553,90,94,32192,1753,966055,2614200
2554,91,99,32101,1745,966154,2630700
2555,86,88,32015,1743,966242,2572900
2556,100,81,31915,1762,966323,2563200
2557,75,82,31840,1755,966405,2502200
2558,94,94,31746,1755,966499,2515600
2559,89,86,31657,1758,966585,2431600
2560,78,97,31579,1739,966682,2424400
2561,90,73,31489,1756,966755,2373500
2562,109,84,31380,1781,966839,2357000
2563,87,78,31293,1790,966917,2389400
2564,88,111,31205,1767,967028,2465800
2565,89,93,31116,1763,967121,3455500
2566,76,79,31040,1760,967200,3339100
2567,87,86,30953,1761,967286,2731200
2568,87,91,30866,1757,967377,2651900
2569,92,80,30774,1769,967457,2677000
2570,110,97,30664,1782,967554,2586300
2571,85,79,30579,1788,967633,2503200
2572,91,85,30488,1794,967718,2603100
2573,89,78,30399,1805,967796,2546300
2574,100,91,30299,1814,967887,2495800
2575,97,89,30202,1822,967976,2476400
2576,79,99,30123,1802,968075,2439700
2577,103,82,30020,1823,968157,2440100
2578,93,73,29927,1843,968230,2453700
2579,87,80,29840,1850,968310,2409800
2580,93,78,29747,1865,968388,2375800
2581,102,83,29645,1884,968471,2362900
2582,107,108,29538,1883,968579,2392200
2583,107,92,29431,1898,968671,2376200
2584,84,90,29347,1892,968761,2552200
2585,110,98,29237,1904,968859,4716200
2586,87,103,29150,1888,968962,3189200
2587,91,75,29059,1904,969037,2845800
2588,94,96,28965,1902,969133,2773800
2589,89,119,28876,1872,969252,2793200
2590,100,111,28776,1861,969363,2597800
2591,82,77,28694,1866,969440,2525300
2592,96,92,28598,1870,969532,2519800
2593,86,98,28512,1858,969630,2509800
2594,82,91,28430,1849,969721,2474100
2595,80,90,28350,1839,969811,2518500
2596,100,99,28250,1840,969910,2458000
2597,82,100,28168,1822,970010,2393900
2598,77,80,28091,1819,970090,2371300
2599,85,114,28006,1790,970204,2367600
2600,92,92,27914,1790,970296,2346800
2601,88,94,27826,1784,970390,2378300
2602,73,96,27753,1761,970486,2573000
2603,81,96,27672,1746,970582,2454600
2604,83,82,27589,1747,970664,4683400
2605,82,97,27507,1732,970761,3331700
2606,66,76,27441,1722,970837,3253500
2607,78,80,27363,1720,970917,2705500
2608,78,73,27285,1725,970990,2654900
2609,87,80,27198,1732,971070,2467000
2610,91,86,27107,1737,971156,2478300
2611,88,86,27019,1739,971242,2473500
2612,77,88,26942,1728,971330,2758800
2613,77,95,26865,1710,971425,2738000
2614,71,73,26794,1708,971498,2533600
2615,78,93,26716,1693,971591,2540100
2616,70,92,26646,1671,971683,2542800
2617,70,79,26576,1662,971762,2407700
2618,59,82,26517,1639,971844,2558900
2619,79,79,26438,1639,971923,2570000
2620,64,77,26374,1626,972000,2485100
2621,78,68,26296,1636,972068,2757000
2622,65,76,26231,1625,972144,2585600
2623,88,74,26143,1639,972218,4348100
2624,74,67,26069,1646,972285,2924600
2625,81,76,25988,1651,972361,2902200
2626,67,73,25921,1645,972434,2865100
2627,81,76,25840,1650,972510,2813800
2628,81,80,25759,1651,972590,2517400
2629,77,99,25682,1629,972689,2796900
2630,77,84,25605,1622,972773,2598700
2631,99,82,25506,1639,972855,2462800
2632,96,94,25410,1641,972949,2441100
2633,76,86,25334,1631,973035,2459700
2634,70,73,25264,1628,973108,2430300
2635,84,69,25180,1643,973177,2800900
2636,94,62,25086,1675,973239,2576600
2637,81,78,25005,1678,973317,2363700
2638,94,88,24911,1684,973405,2402800
2639,86,77,24825,1693,973482,2320900
2640,87,101,24738,1679,973583,2354700
2641,97,75,24641,1701,973658,2470700
2642,84,72,24557,1713,973730,4957000
2643,91,88,24466,1716,973818,2716500
2644,110,79,24356,1747,973897,2705200
2645,80,82,24276,1745,973979,2594100
2646,92,85,24184,1752,974064,2545500
2647,76,87,24108,1741,974151,2488000
2648,73,98,24035,1716,974249,2447800
2649,101,88,23934,1729,974337,2423900
2650,74,79,23860,1724,974416,2464300
2651,73,71,23787,1726,974487,2452200
2652,82,74,23705,1734,974561,2452300
2653,90,103,23615,1721,974664,2508200
2654,79,97,23536,1703,974761,2436500
2655,84,69,23452,1718,974830,2279700
2656,84,88,23368,1714,974918,2250200
2657,68,84,23300,1698,975002,2242900
2658,75,90,23225,1683,975092,2310400
2659,85,90,23140,1678,975182,2295100
2660,64,70,23076,1672,975252,2558600
2661,77,93,22999,1656,975345,4996500
2662,73,91,22926,1638,975436,3427400
2663,68,77,22858,1629,975513,2875500
2664,69,93,22789,1605,975606,2928100
2665,63,93,22726,1575,975699,3276900
2666,75,71,22651,1579,975770,3377700
2667,74,96,22577,1557,975866,3290000
2668,67,81,22510,1543,975947,2707100
2669,70,71,22440,1542,976018,2551400
2670,73,73,22367,1542,976091,2406400
2671,65,74,22302,1533,976165,2367000
2672,85,81,22217,1537,976246,2350200
2673,80,67,22137,1550,976313,2384400
2674,85,68,22052,1567,976381,2332900
2675,64,74,21988,1557,976455,2372300
2676,63,64,21925,1556,976519,2364000
2677,68,83,21857,1541,976602,2403800
2678,77,70,21780,1548,976672,2397000
2679,69,66,21711,1551,976738,3704400
2680,75,77,21636,1549,976815,4737900
2681,58,74,21578,1533,976889,3034600
2682,61,78,21517,1516,976967,2854400
2683,51,87,21466,1480,977054,2898900
2684,56,75,21410,1461,977129,3448600
2685,60,72,21350,1449,977201,3231100
2686,49,70,21301,1428,977271,3355000
2687,50,68,21251,1410,977339,2755700
2688,62,78,21189,1394,977417,2548000
2689,53,77,21136,1370,977494,2560700
2690,65,59,21071,1376,977553,2499900
2691,59,68,21012,1367,977621,2622300
2692,57,87,20955,1337,977708,2593100
2693,57,63,20898,1331,977771,2474200
2694,55,61,20843,1325,977832,2566300
2695,54,71,20789,1308,977903,2711700
2696,61,56,20728,1313,977959,2707000
2697,46,60,20682,1299,978019,4558200
2698,57,65,20625,1291,978084,3059700
2699,60,49,20565,1302,978133,2916700
2700,59,71,20506,1290,978204,2671100
2701,64,67,20442,1287,978271,2647000
2702,56,72,20386,1271,978343,2544800
2703,53,71,20333,1253,978414,2595800
2704,52,61,20281,1244,978475,2586900
2705,42,67,20239,1219,978542,2487100
2706,40,65,20199,1194,978607,2456700
2707,58,51,20141,1201,978658,2425400
2708,45,65,20096,1181,978723,2433300
2709,43,54,20053,1170,978777,2400300
2710,38,72,20015,1136,978849,2437800
2711,51,50,19964,1137,978899,2354800
2712,43,38,19921,1142,978937,2392100
2713,39,52,19882,1129,978989,2349700
2714,38,48,19844,1119,979037,2547500
2715,56,59,19788,1116,979096,3062200
2716,38,56,19750,1098,979152,2418800
2717,47,60,19703,1085,979212,2435700
2718,41,54,19662,1072,979266,2424900
2719,45,55,19617,1062,979321,2389600
2720,36,58,19581,1040,979379,2335300
2721,44,48,19537,1036,979427,2636200
2722,37,52,19500,1021,979479,2357000
2723,36,38,19464,1019,979517,2296000
2724,42,49,19422,1012,979566,2334200
2725,41,45,19381,1008,979611,2350700
2726,44,56,19337,996,979667,2425000
2727,35,56,19302,975,979723,2623200
2728,35,42,19267,968,979765,2479400
2729,42,43,19225,967,979808,2466600
2730,52,44,19173,975,979852,2413800
2731,47,37,19126,985,979889,2409900
2732,39,52,19087,972,979941,2367700
2733,38,51,19049,959,979992,2401400
2734,34,62,19015,931,980054,2476700
2735,34,47,18981,918,980101,2587600
2736,36,46,18945,908,980147,2435200
2737,35,44,18910,899,980191,2406700
2738,51,47,18859,903,980238,2366000
2739,34,44,18825,893,980282,2344800
2740,28,36,18797,885,980318,2886800
2741,43,42,18754,886,980360,2390700
2742,36,47,18718,875,980407,2352600
2743,38,48,18680,865,980455,2335200
2744,34,42,18646,857,980497,2347600
2745,44,43,18602,858,980540,2322300
2746,39,56,18563,841,980596,2326200
2747,38,41,18525,838,980637,2318600
2748,31,42,18494,827,980679,2287400
2749,31,40,18463,818,980719,2283400
2750,34,47,18429,805,980766,2315000
2751,30,36,18399,799,980802,2482900
2752,33,38,18366,794,980840,2398000
2753,26,58,18340,762,980898,2457900
2754,36,36,18304,762,980934,2425000
2755,21,41,18283,742,980975,2571800
2756,24,38,18259,728,981013,2665300
2757,26,26,18233,728,981039,2552800
2758,20,45,18213,703,981084,2410200
2759,25,32,18188,696,981116,2418300
2760,22,29,18166,689,981145,2387500
2761,20,35,18146,674,981180,2346600
2762,30,37,18116,667,981217,2344300
2763,22,39,18094,650,981256,2321600
2764,29,41,18065,638,981297,2308900
2765,25,30,18040,633,981327,2292300
2766,26,29,18014,630,981356,2628200
2767,22,24,17992,628,981380,2329400
2768,32,38,17960,622,981418,2326900
2769,23,30,17937,615,981448,2275500
2770,27,26,17910,616,981474,2288800
2771,22,33,17888,605,981507,2266900
2772,12,27,17876,590,981534,2314700
2773,19,23,17857,586,981557,2413700
2774,16,17,17841,585,981574,2314800
2775,19,39,17822,565,981613,2295900
2776,22,30,17800,557,981643,2296300
2777,17,27,17783,547,981670,2392700
2778,14,17,17769,544,981687,4534900
2779,22,15,17747,551,981702,3295000
2780,32,23,17715,560,981725,2703600
2781,30,18,17685,572,981743,2727400
2782,18,26,17667,564,981769,2642200
2783,17,25,17650,556,981794,2436200
2784,17,28,17633,545,981822,2511400
2785,31,23,17602,553,981845,2501600
2786,17,26,17585,544,981871,2435900
2787,32,22,17553,554,981893,2390600
2788,32,27,17521,559,981920,2459200
2789,36,34,17485,561,981954,3061300
2790,31,26,17454,566,981980,2434300
2791,24,21,17430,569,982001,2351200
2792,28,33,17402,564,982034,2306600
2793,31,24,17371,571,982058,2289100
2794,25,27,17346,569,982085,2291500
2795,28,25,17318,572,982110,2262100
2796,19,23,17299,568,982133,2298600
2797,28,24,17271,572,982157,5142500
2798,18,27,17253,563,982184,2819600
2799,30,28,17223,565,982212,2595700
2800,25,26,17198,564,982238,2531300
2801,17,19,17181,562,982257,2503500
2802,25,26,17156,561,982283,2468200
2803,21,30,17135,552,982313,2442800
2804,23,23,17112,552,982336,2435600
2805,25,31,17087,546,982367,2437400
2806,13,29,17074,530,982396,2396900
2807,21,17,17053,534,982413,2386300
2808,22,25,17031,531,982438,2422300
2809,17,31,17014,517,982469,2398100
2810,17,28,16997,506,982497,2634600
2811,20,31,16977,495,982528,2439600
2812,17,22,16960,490,982550,2283800
2813,25,24,16935,491,982574,2263300
2814,18,31,16917,478,982605,2292200
2815,21,23,16896,476,982628,2265500
2816,13,28,16883,461,982656,2381100
2817,12,26,16871,447,982682,4986800
2818,16,26,16855,437,982708,3242900
2819,16,23,16839,430,982731,3509400
2820,15,23,16824,422,982754,3148100
2821,19,24,16805,417,982778,3159600
2822,16,33,16789,400,982811,2650700
2823,13,21,16776,392,982832,2616500
2824,19,20,16757,391,982852,2384300
2825,20,26,16737,385,982878,2281400
2826,16,21,16721,380,982899,2304000
2827,10,31,16711,359,982930,2309300
2828,12,21,16699,350,982951,2241000
2829,5,25,16694,330,982976,2270800
2830,20,14,16674,336,982990,2217100
2831,15,16,16659,335,983006,2261400
2832,17,13,16642,339,983019,2282700
2833,19,22,16623,336,983041,2436300
2834,14,19,16609,331,983060,3112500
2835,18,17,16591,332,983077,2313100
2836,14,24,16577,322,983101,2300600
2837,11,18,16566,315,983119,2274700
2838,21,15,16545,321,983134,2242500
2839,16,14,16529,323,983148,2232500
2840,15,12,16514,326,983160,2222400
2841,14,21,16500,319,983181,2238100
2842,16,26,16484,309,983207,2680900
2843,8,13,16476,304,983220,2240200
2844,10,18,16466,296,983238,2210600
2845,15,24,16451,287,983262,2241100
2846,11,12,16440,286,983274,2215900
2847,16,7,16424,295,983281,2204700
2848,13,20,16411,288,983301,2296200
2849,14,15,16397,287,983316,2259000
2850,10,16,16387,281,983332,2209300
2851,9,15,16378,275,983347,2203500
2852,18,12,16360,281,983359,2264000
2853,9,17,16351,273,983376,2384300
2854,18,16,16333,275,983392,2733900
2855,12,21,16321,266,983413,2577200
2856,10,12,16311,264,983425,2546700
2857,12,12,16299,264,983437,2577500
2858,10,16,16289,258,983453,2698400
2859,11,4,16278,265,983457,2429700
2860,16,14,16262,267,983471,2621700
2861,17,10,16245,274,983481,2319900
2862,18,12,16227,280,983493,2428000
2863,11,17,16216,274,983510,2296200
2864,17,18,16199,273,983528,2532400
2865,15,13,16184,275,983541,2641600
2866,13,23,16171,265,983564,2355500
2867,13,7,16158,271,983571,2255300
2868,15,11,16143,275,983582,2248100
2869,17,14,16126,278,983596,2292000
2870,7,10,16119,275,983606,2528800
2871,23,14,16096,284,983620,2473600
2872,13,11,16083,286,983631,2430400
2873,10,14,16073,282,983645,3500900
2874,19,10,16054,291,983655,3266300
2875,10,19,16044,282,983674,2738200
2876,6,19,16038,269,983693,3119100
2877,9,18,16029,260,983711,3192100
2878,14,12,16015,262,983723,3261200
2879,11,8,16004,265,983731,3069600
2880,13,10,15991,268,983741,3015200
2881,13,15,15978,266,983756,2568100
2882,5,10,15973,261,983766,2842100
2883,7,10,15966,258,983776,2508600
2884,13,8,15953,263,983784,2425100
2885,14,9,15939,268,983793,2418200
2886,11,10,15928,269,983803,2387800
2887,7,14,15921,262,983817,2989700
2888,13,17,15908,258,983834,2997800
2889,14,16,15894,256,983850,2896700
2890,13,20,15881,249,983870,2898700
2891,11,14,15870,246,983884,2367000
2892,16,6,15854,256,983890,2338000
2893,18,3,15836,271,983893,2333200
2894,14,9,15822,276,983902,2294100
2895,15,10,15807,281,983912,2298500
2896,17,16,15790,282,983928,2384000
2897,17,14,15773,285,983942,2623100
2898,4,17,15769,272,983959,2359500
2899,13,13,15756,272,983972,2331300
2900,20,12,15736,280,983984,2336300
2901,11,17,15725,274,984001,2321900
2902,20,21,15705,273,984022,2522100
2903,19,9,15686,283,984031,2513400
2904,18,17,15668,284,984048,2540600
2905,11,15,15657,280,984063,2751000
2906,18,17,15639,281,984080,2524300
2907,17,7,15622,291,984087,2365100
2908,9,18,15613,282,984105,2392100
2909,16,14,15597,284,984119,2357200
2910,12,9,15585,287,984128,2328700
2911,19,12,15566,294,984140,2313500
2912,14,19,15552,289,984159,2296700
2913,12,15,15540,286,984174,2294300
2914,22,13,15518,295,984187,2497400
2915,10,18,15508,287,984205,2444200
2916,13,17,15495,283,984222,2392200
2917,21,12,15474,292,984234,2324300
2918,8,16,15466,284,984250,2292400
2919,12,6,15454,290,984256,2423400
2920,12,17,15442,285,984273,2534900
2921,9,13,15433,281,984286,2299600
2922,7,15,15426,273,984301,2270400
2923,9,13,15417,269,984314,2304300
2924,7,13,15410,263,984327,2339000
2925,6,13,15404,256,984340,4334200
2926,7,16,15397,247,984356,3404900
2927,6,17,15391,236,984373,2772200
2928,6,8,15385,234,984381,2851000
2929,7,11,15378,230,984392,2896800
2930,8,15,15370,223,984407,2732500
2931,2,13,15368,212,984420,2338500
2932,4,9,15364,207,984429,2320800
2933,9,5,15355,211,984434,2290100
2934,6,13,15349,204,984447,2249900
2935,6,7,15343,203,984454,2531200
2936,4,11,15339,196,984465,2444600
2937,2,10,15337,188,984475,2295400
2938,3,13,15334,178,984488,2253300
2939,2,9,15332,171,984497,2267700
2940,6,6,15326,171,984503,2322800
2941,1,9,15325,163,984512,2443300
2942,2,10,15323,155,984522,2525900
2943,1,6,15322,150,984528,2495000
2944,3,7,15319,146,984535,2530100
2945,3,6,15316,143,984541,2388200
2946,3,4,15313,142,984545,2322100
2947,0,8,15313,134,984553,2398900
2948,0,6,15313,128,984559,2292700
2949,3,7,15310,124,984566,2262500
2950,1,2,15309,123,984568,2289500
2951,2,9,15307,116,984577,2269700
2952,1,7,15306,110,984584,2458700
2953,1,5,15305,106,984589,2291000
2954,1,4,15304,103,984593,2242400
2955,1,3,15303,101,984596,2257000
2956,2,8,15301,95,984604,2217500
2957,0,7,15301,88,984611,2204100
2958,1,4,15300,85,984615,2190900
2959,0,3,15300,82,984618,2232800
2960,0,5,15300,77,984623,2218200
2961,1,5,15299,73,984628,2296700
2962,0,4,15299,69,984632,2398000
2963,0,6,15299,63,984638,4163200
2964,0,1,15299,62,984639,3038200
2965,0,4,15299,58,984643,2466200
2966,0,1,15299,57,984644,2468300
2967,0,1,15299,56,984645,2534700
2968,0,4,15299,52,984649,2308800
2969,0,2,15299,50,984651,2357800
2970,0,0,15299,50,984651,2407200
2971,0,0,15299,50,984651,2340300
2972,0,2,15299,48,984653,2407300
2973,0,1,15299,47,984654,2339100
2974,0,3,15299,44,984657,2322500
2975,0,5,15299,39,984662,2338100
2976,1,0,15298,40,984662,2593700
2977,0,1,15298,39,984663,2283100
2978,0,2,15298,37,984665,2272600
2979,0,4,15298,33,984669,2297400
2980,0,1,15298,32,984670,2302500
2981,0,1,15298,31,984671,2293000
2982,0,0,15298,31,984671,2289400
2983,0,2,15298,29,984673,2241000
2984,1,2,15297,28,984675,2219200
2985,0,1,15297,27,984676,2206100
2986,0,0,15297,27,984676,2642900
2987,0,1,15297,26,984677,2201400
2988,0,0,15297,26,984677,2328900
2989,0,1,15297,25,984678,2222900
2990,0,1,15297,24,984679,2204900
2991,0,4,15297,20,984683,2225300
2992,1,1,15296,20,984684,2222300
2993,0,1,15296,19,984685,2190800
2994,0,1,15296,18,984686,2216900
2995,0,0,15296,18,984686,2197600
2996,0,1,15296,17,984687,2189200
2997,0,1,15296,16,984688,2241300
2998,0,3,15296,13,984691,2233000
2999,0,0,15296,13,984691,2258600
3000,0,0,15296,13,984691,2391700
3001,0,2,15296,11,984693,2421100
3002,0,2,15296,9,984695,2360600
3003,0,0,15296,9,984695,2373900
3004,0,1,15296,8,984696,2323300
3005,1,1,15295,8,984697,2301100
3006,0,0,15295,8,984697,2557800
3007,0,0,15295,8,984697,2294700
3008,0,0,15295,8,984697,2318800
3009,0,0,15295,8,984697,2405800
3010,1,1,15294,8,984698,2422200
3011,0,0,15294,8,984698,2246000
3012,0,0,15294,8,984698,2250400
3013,0,2,15294,6,984700,2221200
3014,0,0,15294,6,984700,2210300
3015,0,0,15294,6,984700,2234500
3016,0,0,15294,6,984700,2257200
3017,0,0,15294,6,984700,2267600
3018,0,0,15294,6,984700,2405800
3019,0,0,15294,6,984700,3105500
3020,0,0,15294,6,984700,2297000
3021,0,0,15294,6,984700,2219100
3022,0,0,15294,6,984700,2241000
3023,0,0,15294,6,984700,2249400
3024,0,0,15294,6,984700,2282800
3025,0,0,15294,6,984700,2225400
3026,0,0,15294,6,984700,2226200
3027,0,0,15294,6,984700,2221300
3028,0,0,15294,6,984700,2198300
3029,0,0,15294,6,984700,2191200
3030,0,0,15294,6,984700,2228500
3031,0,0,15294,6,984700,2234900
3032,0,0,15294,6,984700,2226300
3033,0,0,15294,6,984700,2188700
3034,0,0,15294,6,984700,2188200
3035,0,0,15294,6,984700,2212300
3036,0,0,15294,6,984700,2193000
3037,0,0,15294,6,984700,2199200
3038,0,1,15294,5,984701,2197400
3039,0,0,15294,5,984701,2226000
3040,0,0,15294,5,984701,2174700
3041,0,0,15294,5,984701,2177800
3042,0,0,15294,5,984701,2206500
3043,0,1,15294,4,984702,2421100
3044,0,0,15294,4,984702,2494200
3045,0,0,15294,4,984702,2475600
3046,0,0,15294,4,984702,2463900
3047,0,0,15294,4,984702,2451600
3048,0,0,15294,4,984702,2798900
3049,0,1,15294,3,984703,2368800
3050,0,0,15294,3,984703,2339600
3051,0,0,15294,3,984703,2308000
3052,0,0,15294,3,984703,2282200
3053,0,0,15294,3,984703,2236800
3054,0,0,15294,3,984703,2269800
3055,0,0,15294,3,984703,2224700
3056,0,1,15294,2,984704,2206800
3057,0,1,15294,1,984705,2199400
3058,0,0,15294,1,984705,2197000
3059,0,0,15294,1,984705,2197600
3060,0,0,15294,1,984705,2215100
3061,0,0,15294,1,984705,2350200
3062,0,0,15294,1,984705,2393300
3063,0,0,15294,1,984705,2303400
3064,0,0,15294,1,984705,2282500
3065,0,0,15294,1,984705,2261300
3066,0,0,15294,1,984705,2509700
3067,0,0,15294,1,984705,2405800
3068,0,0,15294,1,984705,2304700
3069,0,0,15294,1,984705,2578200
3070,0,0,15294,1,984705,2419600
3071,0,0,15294,1,984705,2284900
3072,0,0,15294,1,984705,2286200
3073,0,0,15294,1,984705,2283700
3074,0,0,15294,1,984705,2336400
3075,0,0,15294,1,984705,2313100
3076,0,0,15294,1,984705,2246800
3077,0,0,15294,1,984705,2264700
3078,0,0,15294,1,984705,2557600
3079,0,0,15294,1,984705,2237400
3080,0,0,15294,1,984705,2216000
3081,0,0,15294,1,984705,2249800
3082,0,0,15294,1,984705,2238800
3083,0,0,15294,1,984705,2228500
3084,0,0,15294,1,984705,2239200
3085,0,0,15294,1,984705,2273400
3086,0,0,15294,1,984705,2245400
3087,0,0,15294,1,984705,2232500
3088,0,0,15294,1,984705,2254600
3089,0,0,15294,1,984705,2218400
3090,0,0,15294,1,984705,2384500
3091,0,0,15294,1,984705,2439900
3092,0,0,15294,1,984705,2287000
3093,0,0,15294,1,984705,2229200
3094,0,1,15294,0,984706,2222800
