Tick,NewlyInfected,NewlyRecovered,TotalSusceptible,TotalInfected,TotalRecovered,StepTimeNanos
0,2,0,2249993,7,0,5000900
1,1,0,2249992,8,0,4531200
2,0,1,2249992,7,1,4448100
3,3,0,2249989,10,1,4254300
4,3,0,2249986,13,1,4508800
5,5,1,2249981,17,2,4372800
6,5,0,2249976,22,2,4390900
7,1,2,2249975,21,4,4443400
8,4,2,2249971,23,6,4305400
9,9,2,2249962,30,8,4152700
10,7,2,2249955,35,10,4338100
11,7,1,2249948,41,11,4243400
12,4,0,2249944,45,11,4206100
13,9,1,2249935,53,12,4416100
14,6,2,2249929,57,14,4488600
15,4,6,2249925,55,20,4463400
16,7,2,2249918,60,22,4593900
17,12,2,2249906,70,24,4493700
18,2,3,2249904,69,27,4411200
19,3,7,2249901,65,34,4331600
20,4,0,2249897,69,34,4370700
21,7,4,2249890,72,38,4458700
22,9,3,2249881,78,41,4437200
23,6,3,2249875,81,44,4357300
24,12,4,2249863,89,48,4407700
25,9,5,2249854,93,53,4319200
26,11,4,2249843,100,57,4929900
27,13,6,2249830,107,63,4702000
28,8,4,2249822,111,67,4518700
29,7,6,2249815,112,73,4616500
30,8,7,2249807,113,80,4360700
31,4,4,2249803,113,84,4574000
32,7,11,2249796,109,95,4598900
33,14,3,2249782,120,98,4500200
34,19,7,2249763,132,105,4542300
35,12,8,2249751,136,113,4715500
36,15,2,2249736,149,115,4381600
37,15,7,2249721,157,122,4813700
38,19,6,2249702,170,128,4515700
39,19,2,2249683,187,130,4348100
40,19,11,2249664,195,141,4449900
41,21,13,2249643,203,154,4285100
42,31,12,2249612,222,166,4469400
43,18,14,2249594,226,180,4408800
44,14,13,2249580,227,193,4343700
45,20,10,2249560,237,203,4332100
46,16,16,2249544,237,219,4567000
47,17,12,2249527,242,231,4527600
48,24,10,2249503,256,241,4438000
49,20,15,2249483,261,256,4612100
50,23,9,2249460,275,265,4662500
51,19,12,2249441,282,277,4476900
52,20,15,2249421,287,292,4399600
53,17,9,2249404,295,301,4381000
54,31,22,2249373,304,323,4359000
55,36,14,2249337,326,337,4596200
56,26,16,2249311,336,353,4555500
57,33,10,2249278,359,363,4764200
58,37,15,2249241,381,378,4641200
59,29,16,2249212,394,394,4630500
60,38,23,2249174,409,417,4813500
61,30,18,2249144,421,435,5204000
62,26,24,2249118,423,459,5402800
63,35,24,2249083,434,483,4631800
64,37,28,2249046,443,511,4302600
65,35,24,2249011,454,535,4231000
66,29,17,2248982,466,552,4257900
67,40,26,2248942,480,578,4472400
68,39,19,2248903,500,597,4216600
69,38,25,2248865,513,622,4643600
70,38,27,2248827,524,649,4666700
71,36,30,2248791,530,679,4630700
72,41,29,2248750,542,708,4315100
73,37,19,2248713,560,727,4477400
74,33,28,2248680,565,755,4872200
75,23,23,2248657,565,778,4218200
76,40,33,2248617,572,811,4768300
77,46,19,2248571,599,830,4687800
78,42,30,2248529,611,860,4471700
79,52,35,2248477,628,895,4228400
80,43,43,2248434,628,938,4249900
81,41,32,2248393,637,970,5110000
82,43,35,2248350,645,1005,5015200
83,43,24,2248307,664,1029,4476700
84,52,27,2248255,689,1056,4584900
85,66,40,2248189,715,1096,4497600
86,48,23,2248141,740,1119,4467100
87,54,45,2248087,749,1164,4426200
88,50,30,2248037,769,1194,4925800
89,54,36,2247983,787,1230,4328300
90,51,34,2247932,804,1264,4575700
91,45,36,2247887,813,1300,4706700
92,48,48,2247839,813,1348,4701600
93,38,41,2247801,810,1389,4615300
94,63,39,2247738,834,1428,4649100
95,53,43,2247685,844,1471,4533000
96,59,34,2247626,869,1505,5045500
97,59,33,2247567,895,1538,4434600
98,64,43,2247503,916,1581,4449600
99,42,46,2247461,912,1627,4679500
100,43,60,2247418,895,1687,4534200
101,59,50,2247359,904,1737,4699100
102,54,38,2247305,920,1775,4786900
103,60,49,2247245,931,1824,4616200
104,70,49,2247175,952,1873,4610700
105,65,59,2247110,958,1932,4566300
106,73,41,2247037,990,1973,4541600
107,51,53,2246986,988,2026,4703100
108,57,52,2246929,993,2078,4639700
109,73,51,2246856,1015,2129,4719900
110,68,48,2246788,1035,2177,4845900
111,64,48,2246724,1051,2225,4493100
112,71,61,2246653,1061,2286,4617800
113,61,58,2246592,1064,2344,4374200
114,64,64,2246528,1064,2408,4722100
115,61,55,2246467,1070,2463,4579100
116,56,50,2246411,1076,2513,4568900
117,72,48,2246339,1100,2561,4500000
118,61,54,2246278,1107,2615,4369400
119,56,55,2246222,1108,2670,4831600
120,58,55,2246164,1111,2725,4313300
121,48,58,2246116,1101,2783,4413100
122,62,60,2246054,1103,2843,4396900
123,57,56,2245997,1104,2899,4639100
124,70,59,2245927,1115,2958,4682500
125,62,67,2245865,1110,3025,4613500
126,51,58,2245814,1103,3083,4597600
127,65,44,2245749,1124,3127,4556100
128,66,55,2245683,1135,3182,4738100
129,73,56,2245610,1152,3238,4634600
130,73,62,2245537,1163,3300,4662200
131,70,52,2245467,1181,3352,4558700
132,66,76,2245401,1171,3428,4498500
133,85,52,2245316,1204,3480,4220700
134,74,62,2245242,1216,3542,4597400
135,67,57,2245175,1226,3599,4410900
136,63,56,2245112,1233,3655,4513200
137,69,55,2245043,1247,3710,4669400
138,71,56,2244972,1262,3766,4536300
139,81,61,2244891,1282,3827,4869000
140,73,51,2244818,1304,3878,4790500
141,65,76,2244753,1293,3954,4770700
142,88,79,2244665,1302,4033,4552600
143,74,68,2244591,1308,4101,4345900
144,69,62,2244522,1315,4163,4786000
145,75,78,2244447,1312,4241,4462400
146,77,55,2244370,1334,4296,4352100
147,81,77,2244289,1338,4373,4792800
148,90,66,2244199,1362,4439,4946000
149,86,67,2244113,1381,4506,4442100
150,93,69,2244020,1405,4575,4683900
151,94,62,2243926,1437,4637,4349900
152,87,56,2243839,1468,4693,4713400
153,85,82,2243754,1471,4775,4346000
154,99,79,2243655,1491,4854,4605600
155,89,82,2243566,1498,4936,4243400
156,100,73,2243466,1525,5009,4308500
157,104,72,2243362,1557,5081,4580200
158,101,76,2243261,1582,5157,4449200
159,99,74,2243162,1607,5231,4330600
160,99,97,2243063,1609,5328,4486800
161,113,99,2242950,1623,5427,4817700
162,101,79,2242849,1645,5506,4808000
163,116,71,2242733,1690,5577,4312600
164,98,91,2242635,1697,5668,4793200
165,116,69,2242519,1744,5737,4598800
166,102,89,2242417,1757,5826,4547600
167,101,89,2242316,1769,5915,4554300
168,76,94,2242240,1751,6009,4300900
169,100,90,2242140,1761,6099,4244000
170,93,121,2242047,1733,6220,4642200
171,105,89,2241942,1749,6309,4272000
172,111,76,2241831,1784,6385,4696400
173,98,94,2241733,1788,6479,4227900
174,96,89,2241637,1795,6568,4457000
175,95,89,2241542,1801,6657,4308400
176,101,95,2241441,1807,6752,4151400
177,113,80,2241328,1840,6832,4834800
178,113,84,2241215,1869,6916,4234800
179,110,107,2241105,1872,7023,4515600
180,106,93,2240999,1885,7116,4506000
181,109,103,2240890,1891,7219,4557600
182,121,97,2240769,1915,7316,4606600
183,125,92,2240644,1948,7408,4745300
184,110,98,2240534,1960,7506,4778200
185,119,99,2240415,1980,7605,4466900
186,106,99,2240309,1987,7704,4304800
187,110,97,2240199,2000,7801,4535300
188,126,107,2240073,2019,7908,4447400
189,133,118,2239940,2034,8026,4570700
190,124,112,2239816,2046,8138,4300500
191,100,107,2239716,2039,8245,4562700
192,112,105,2239604,2046,8350,4768300
193,124,125,2239480,2045,8475,4788000
194,125,109,2239355,2061,8584,4811500
195,125,97,2239230,2089,8681,4768900
196,98,116,2239132,2071,8797,4513400
197,103,104,2239029,2070,8901,4588400
198,101,112,2238928,2059,9013,4358700
199,113,112,2238815,2060,9125,4706800
200,131,115,2238684,2076,9240,4812300
201,123,123,2238561,2076,9363,4528900
202,110,107,2238451,2079,9470,5449700
203,99,108,2238352,2070,9578,4649600
204,116,107,2238236,2079,9685,4679100
205,107,84,2238129,2102,9769,5067200
206,110,118,2238019,2094,9887,4492500
207,109,103,2237910,2100,9990,4427600
208,120,104,2237790,2116,10094,4780500
209,120,116,2237670,2120,10210,4400000
210,111,108,2237559,2123,10318,4975200
211,142,100,2237417,2165,10418,4393000
212,100,111,2237317,2154,10529,4477400
213,131,107,2237186,2178,10636,4444900
214,125,113,2237061,2190,10749,4415300
215,122,106,2236939,2206,10855,4659800
216,141,93,2236798,2254,10948,4553500
217,159,111,2236639,2302,11059,4626500
218,136,89,2236503,2349,11148,4535300
219,118,105,2236385,2362,11253,4629100
220,133,120,2236252,2375,11373,4558900
221,133,113,2236119,2395,11486,4387400
222,133,118,2235986,2410,11604,5022700
223,142,138,2235844,2414,11742,4807800
224,135,112,2235709,2437,11854,4389800
225,139,123,2235570,2453,11977,4623600
226,126,131,2235444,2448,12108,4423300
227,138,137,2235306,2449,12245,4475000
228,135,134,2235171,2450,12379,4463700
229,133,112,2235038,2471,12491,4523800
230,147,114,2234891,2504,12605,4741000
231,161,131,2234730,2534,12736,4601100
232,146,139,2234584,2541,12875,4440300
233,133,133,2234451,2541,13008,4406500
234,123,107,2234328,2557,13115,4375200
235,141,126,2234187,2572,13241,4381800
236,168,127,2234019,2613,13368,4350100
237,174,130,2233845,2657,13498,4411000
238,139,147,2233706,2649,13645,4429100
239,148,117,2233558,2680,13762,4422400
240,155,130,2233403,2705,13892,4544300
241,166,123,2233237,2748,14015,4489800
242,179,128,2233058,2799,14143,4685700
243,163,143,2232895,2819,14286,4339100
244,158,142,2232737,2835,14428,4437100
245,166,159,2232571,2842,14587,4368600
246,162,157,2232409,2847,14744,4197200
247,161,122,2232248,2886,14866,4521800
248,162,135,2232086,2913,15001,4557300
249,163,139,2231923,2937,15140,4791300
250,179,146,2231744,2970,15286,4662800
251,159,142,2231585,2987,15428,4388500
252,173,145,2231412,3015,15573,4432900
253,169,173,2231243,3011,15746,4380200
254,164,160,2231079,3015,15906,4444100
255,171,153,2230908,3033,16059,4431800
256,157,157,2230751,3033,16216,4364900
257,152,158,2230599,3027,16374,4530900
258,173,170,2230426,3030,16544,4529100
259,168,142,2230258,3056,16686,4749100
260,157,138,2230101,3075,16824,4620000
261,160,154,2229941,3081,16978,4598200
262,192,168,2229749,3105,17146,4646600
263,158,143,2229591,3120,17289,4641700
264,157,181,2229434,3096,17470,4274800
265,171,166,2229263,3101,17636,4321600
266,153,152,2229110,3102,17788,4682300
267,175,159,2228935,3118,17947,4319300
268,163,162,2228772,3119,18109,4273100
269,152,134,2228620,3137,18243,4372700
270,202,150,2228418,3189,18393,4652900
271,179,172,2228239,3196,18565,4729900
272,176,176,2228063,3196,18741,4562800
273,168,149,2227895,3215,18890,4910400
274,183,151,2227712,3247,19041,4341600
275,158,169,2227554,3236,19210,4399300
276,167,172,2227387,3231,19382,4387200
277,159,178,2227228,3212,19560,4617600
278,178,130,2227050,3260,19690,4484500
279,177,164,2226873,3273,19854,4594200
280,154,186,2226719,3241,20040,4435200
281,190,177,2226529,3254,20217,4605900
282,161,136,2226368,3279,20353,4690600
283,173,178,2226195,3274,20531,4458300
284,172,161,2226023,3285,20692,4741700
285,163,164,2225860,3284,20856,4282100
286,172,175,2225688,3281,21031,4262400
287,178,168,2225510,3291,21199,4524200
288,174,168,2225336,3297,21367,4355300
289,169,158,2225167,3308,21525,4282200
290,161,172,2225006,3297,21697,4541700
291,168,167,2224838,3298,21864,4765600
292,177,160,2224661,3315,22024,4649500
293,184,141,2224477,3358,22165,4740800
294,199,180,2224278,3377,22345,4487200
295,182,192,2224096,3367,22537,4478800
296,170,171,2223926,3366,22708,4455200
297,181,170,2223745,3377,22878,4774000
298,182,177,2223563,3382,23055,4452000
299,181,162,2223382,3401,23217,4363300
300,187,158,2223195,3430,23375,4555700
301,200,171,2222995,3459,23546,4719100
302,202,175,2222793,3486,23721,4665700
303,212,167,2222581,3531,23888,4616500
304,174,173,2222407,3532,24061,4729100
305,192,180,2222215,3544,24241,4692900
306,202,201,2222013,3545,24442,4919200
307,204,158,2221809,3591,24600,4652900
308,191,172,2221618,3610,24772,5015000
309,197,205,2221421,3602,24977,4721700
310,207,175,2221214,3634,25152,4585000
311,211,184,2221003,3661,25336,4631800
312,198,178,2220805,3681,25514,4497900
313,190,199,2220615,3672,25713,4678700
314,206,194,2220409,3684,25907,4596700
315,175,186,2220234,3673,26093,4683300
316,182,177,2220052,3678,26270,4500800
317,208,226,2219844,3660,26496,4536600
318,194,189,2219650,3665,26685,4778900
319,195,197,2219455,3663,26882,4644400
320,187,175,2219268,3675,27057,4596700
321,207,179,2219061,3703,27236,4705600
322,193,180,2218868,3716,27416,4661900
323,221,205,2218647,3732,27621,4729700
324,175,188,2218472,3719,27809,4387600
325,180,177,2218292,3722,27986,4417600
326,199,176,2218093,3745,28162,4408800
327,196,187,2217897,3754,28349,4731600
328,171,209,2217726,3716,28558,4503200
329,193,195,2217533,3714,28753,4761400
330,201,183,2217332,3732,28936,4379700
331,223,172,2217109,3783,29108,4609400
332,220,172,2216889,3831,29280,4449800
333,184,205,2216705,3810,29485,4444300
334,218,182,2216487,3846,29667,4364500
335,206,186,2216281,3866,29853,4260900
336,216,197,2216065,3885,30050,4356400
337,211,200,2215854,3896,30250,4821100
338,191,186,2215663,3901,30436,4568100
339,204,204,2215459,3901,30640,4572100
340,199,210,2215260,3890,30850,4617000
341,188,199,2215072,3879,31049,4937800
342,190,211,2214882,3858,31260,4708400
343,187,193,2214695,3852,31453,4360800
344,197,169,2214498,3880,31622,4347900
345,246,209,2214252,3917,31831,4364300
346,215,197,2214037,3935,32028,4612500
347,228,195,2213809,3968,32223,4744600
348,226,194,2213583,4000,32417,4815800
349,236,196,2213347,4040,32613,4746400
350,217,212,2213130,4045,32825,4967700
351,235,203,2212895,4077,33028,4361600
352,237,191,2212658,4123,33219,4740500
353,212,204,2212446,4131,33423,4671700
354,230,210,2212216,4151,33633,4693000
355,243,188,2211973,4206,33821,4667500
356,217,207,2211756,4216,34028,4456000
357,213,213,2211543,4216,34241,4418700
358,223,211,2211320,4228,34452,4292200
359,234,218,2211086,4244,34670,4465600
360,236,205,2210850,4275,34875,5156800
361,256,202,2210594,4329,35077,4606700
362,241,224,2210353,4346,35301,4680000
363,236,218,2210117,4364,35519,4302300
364,225,211,2209892,4378,35730,4363300
365,230,212,2209662,4396,35942,4469300
366,255,224,2209407,4427,36166,4644000
367,241,178,2209166,4490,36344,4281300
368,252,214,2208914,4528,36558,4712100
369,232,250,2208682,4510,36808,4395300
370,227,228,2208455,4509,37036,4595600
371,267,249,2208188,4527,37285,4432100
372,238,214,2207950,4551,37499,4547900
373,231,228,2207719,4554,37727,4842400
374,237,226,2207482,4565,37953,4803000
375,245,251,2207237,4559,38204,4339200
376,219,211,2207018,4567,38415,4792600
377,234,221,2206784,4580,38636,4559700
378,240,224,2206544,4596,38860,4675400
379,287,246,2206257,4637,39106,4467100
380,271,246,2205986,4662,39352,4690400
381,267,230,2205719,4699,39582,4892600
382,255,258,2205464,4696,39840,4317500
383,239,246,2205225,4689,40086,4416600
384,270,238,2204955,4721,40324,4770800
385,228,216,2204727,4733,40540,4679400
386,234,264,2204493,4703,40804,4389900
387,241,233,2204252,4711,41037,4361800
388,235,239,2204017,4707,41276,4493200
389,250,219,2203767,4738,41495,4287100
390,248,215,2203519,4771,41710,4921700
391,245,227,2203274,4789,41937,4530900
392,236,246,2203038,4779,42183,4838600
393,250,258,2202788,4771,42441,4841400
394,266,238,2202522,4799,42679,4351900
395,265,225,2202257,4839,42904,4606400
396,279,260,2201978,4858,43164,4778500
397,255,253,2201723,4860,43417,4748300
398,271,230,2201452,4901,43647,4796400
399,280,268,2201172,4913,43915,4397500
400,253,241,2200919,4925,44156,4552500
401,253,239,2200666,4939,44395,4280500
402,258,242,2200408,4955,44637,4546600
403,257,239,2200151,4973,44876,4435800
404,251,245,2199900,4979,45121,4423100
405,278,216,2199622,5041,45337,4605400
406,273,237,2199349,5077,45574,4940500
407,284,267,2199065,5094,45841,4490200
408,255,279,2198810,5070,46120,4782900
409,271,235,2198539,5106,46355,4350900
410,291,262,2198248,5135,46617,4489500
411,257,261,2197991,5131,46878,4384200
412,269,254,2197722,5146,47132,4819000
413,269,248,2197453,5167,47380,4690600
414,281,253,2197172,5195,47633,4205700
415,249,251,2196923,5193,47884,4245300
416,284,265,2196639,5212,48149,4795300
417,269,241,2196370,5240,48390,4896500
418,233,267,2196137,5206,48657,4971600
419,266,251,2195871,5221,48908,4615900
420,267,234,2195604,5254,49142,4726900
421,246,267,2195358,5233,49409,4654800
422,252,237,2195106,5248,49646,4801800
423,284,271,2194822,5261,49917,4689100
424,283,244,2194539,5300,50161,4767200
425,242,282,2194297,5260,50443,4633500
426,239,262,2194058,5237,50705,4736300
427,282,313,2193776,5206,51018,4599200
428,269,262,2193507,5213,51280,4935200
429,273,244,2193234,5242,51524,4829500
430,262,258,2192972,5246,51782,4399100
431,268,270,2192704,5244,52052,4280500
432,299,275,2192405,5268,52327,4404000
433,272,244,2192133,5296,52571,4410800
434,314,241,2191819,5369,52812,4792000
435,299,280,2191520,5388,53092,4605900
436,299,292,2191221,5395,53384,4338300
437,265,232,2190956,5428,53616,4425800
438,295,266,2190661,5457,53882,4448700
439,308,294,2190353,5471,54176,4583200
440,270,302,2190083,5439,54478,4369000
441,302,274,2189781,5467,54752,4751700
442,272,273,2189509,5466,55025,4390200
443,267,285,2189242,5448,55310,4833100
444,290,301,2188952,5437,55611,4220100
445,276,257,2188676,5456,55868,4293700
446,302,271,2188374,5487,56139,4648400
447,263,268,2188111,5482,56407,4692200
448,297,301,2187814,5478,56708,4666600
449,282,284,2187532,5476,56992,4372700
450,307,279,2187225,5504,57271,4609200
451,287,280,2186938,5511,57551,4321600
452,304,277,2186634,5538,57828,4373500
453,288,283,2186346,5543,58111,4474700
454,315,281,2186031,5577,58392,5039600
455,314,293,2185717,5598,58685,4698900
456,311,261,2185406,5648,58946,4563000
457,287,290,2185119,5645,59236,4387900
458,318,293,2184801,5670,59529,4469600
459,300,263,2184501,5707,59792,4601200
460,312,301,2184189,5718,60093,4616600
461,304,265,2183885,5757,60358,4503500
462,316,293,2183569,5780,60651,4309300
463,317,282,2183252,5815,60933,4476300
464,299,268,2182953,5846,61201,4413600
465,331,305,2182622,5872,61506,4388200
466,327,277,2182295,5922,61783,4295600
467,332,283,2181963,5971,62066,4700300
468,310,285,2181653,5996,62351,4664200
469,293,282,2181360,6007,62633,4408200
470,321,280,2181039,6048,62913,4817200
471,300,288,2180739,6060,63201,4756000
472,274,298,2180465,6036,63499,4739500
473,336,307,2180129,6065,63806,4511100
474,309,301,2179820,6073,64107,4584300
475,282,319,2179538,6036,64426,4564900
476,276,291,2179262,6021,64717,4759400
477,312,288,2178950,6045,65005,4449900
478,299,286,2178651,6058,65291,4605800
479,313,304,2178338,6067,65595,4893800
480,311,329,2178027,6049,65924,4643800
481,308,298,2177719,6059,66222,4812700
482,338,325,2177381,6072,66547,4649100
483,300,336,2177081,6036,66883,4734900
484,307,293,2176774,6050,67176,4805500
485,341,306,2176433,6085,67482,4395800
486,300,299,2176133,6086,67781,4497400
487,316,299,2175817,6103,68080,4347800
488,365,281,2175452,6187,68361,4401500
489,317,331,2175135,6173,68692,4567900
490,330,310,2174805,6193,69002,4241600
491,314,337,2174491,6170,69339,4217000
492,330,306,2174161,6194,69645,4784000
493,309,291,2173852,6212,69936,4553400
494,323,315,2173529,6220,70251,4668500
495,338,322,2173191,6236,70573,4670800
496,336,319,2172855,6253,70892,4272900
497,343,344,2172512,6252,71236,4567200
498,314,299,2172198,6267,71535,4444000
499,320,318,2171878,6269,71853,4497800
500,312,322,2171566,6259,72175,4359400
501,312,271,2171254,6300,72446,4760000
502,315,310,2170939,6305,72756,4422000
503,343,361,2170596,6287,73117,4524600
504,293,326,2170303,6254,73443,4452000
505,303,337,2170000,6220,73780,4407900
506,301,296,2169699,6225,74076,4627900
507,331,287,2169368,6269,74363,4901500
508,312,351,2169056,6230,74714,4680600
509,348,346,2168708,6232,75060,5062500
510,307,299,2168401,6240,75359,4625000
511,321,323,2168080,6238,75682,4596500
512,291,277,2167789,6252,75959,4491500
513,321,302,2167468,6271,76261,4494200
514,305,303,2167163,6273,76564,4531100
515,329,320,2166834,6282,76884,4611100
516,317,294,2166517,6305,77178,4507400
517,353,290,2166164,6368,77468,4564700
518,316,312,2165848,6372,77780,4703700
519,320,358,2165528,6334,78138,4596400
520,307,288,2165221,6353,78426,4776200
521,313,348,2164908,6318,78774,4562400
522,315,306,2164593,6327,79080,4566000
523,358,289,2164235,6396,79369,4597900
524,343,304,2163892,6435,79673,4409300
525,330,288,2163562,6477,79961,5170100
526,314,340,2163248,6451,80301,4701300
527,306,335,2162942,6422,80636,4878200
528,332,318,2162610,6436,80954,4554900
529,335,325,2162275,6446,81279,4340800
530,315,316,2161960,6445,81595,4518100
531,290,336,2161670,6399,81931,4458300
532,335,327,2161335,6407,82258,4533100
533,330,332,2161005,6405,82590,4420400
534,329,331,2160676,6403,82921,4319000
535,329,330,2160347,6402,83251,4554100
536,332,325,2160015,6409,83576,4728500
537,327,337,2159688,6399,83913,4386800
538,342,335,2159346,6406,84248,4634700
539,321,312,2159025,6415,84560,4521000
540,325,328,2158700,6412,84888,4470700
541,318,313,2158382,6417,85201,4919700
542,363,286,2158019,6494,85487,4654300
543,326,331,2157693,6489,85818,4436300
544,303,336,2157390,6456,86154,4336100
545,316,329,2157074,6443,86483,4617500
546,345,299,2156729,6489,86782,4354500
547,328,314,2156401,6503,87096,4258000
548,316,317,2156085,6502,87413,4622600
549,354,342,2155731,6514,87755,4338700
550,364,316,2155367,6562,88071,4703500
551,353,335,2155014,6580,88406,4647300
552,333,319,2154681,6594,88725,4697200
553,352,329,2154329,6617,89054,4445900
554,320,348,2154009,6589,89402,4480200
555,343,324,2153666,6608,89726,4546700
556,308,324,2153358,6592,90050,4481100
557,305,303,2153053,6594,90353,4393300
558,342,327,2152711,6609,90680,4457800
559,322,348,2152389,6583,91028,4425100
560,336,321,2152053,6598,91349,4602000
561,332,331,2151721,6599,91680,4500100
562,339,326,2151382,6612,92006,4645600
563,325,316,2151057,6621,92322,4435900
564,360,334,2150697,6647,92656,4370600
565,350,347,2150347,6650,93003,4367900
566,353,329,2149994,6674,93332,4485100
567,374,351,2149620,6697,93683,4394200
568,353,290,2149267,6760,93973,4396700
569,381,321,2148886,6820,94294,4980700
570,333,370,2148553,6783,94664,4496900
571,376,338,2148177,6821,95002,4378200
572,368,363,2147809,6826,95365,4340900
573,364,351,2147445,6839,95716,4387600
574,362,342,2147083,6859,96058,4678900
575,339,337,2146744,6861,96395,4834300
576,352,338,2146392,6875,96733,4253100
577,385,362,2146007,6898,97095,4356400
578,369,367,2145638,6900,97462,4485000
579,355,308,2145283,6947,97770,4742000
580,368,343,2144915,6972,98113,4604300
581,364,323,2144551,7013,98436,4733000
582,351,343,2144200,7021,98779,4358900
583,364,334,2143836,7051,99113,4522600
584,366,310,2143470,7107,99423,4687800
585,371,356,2143099,7122,99779,4348500
586,368,349,2142731,7141,100128,4485100
587,356,370,2142375,7127,100498,4618500
588,407,352,2141968,7182,100850,4656100
589,363,359,2141605,7186,101209,4862500
590,360,361,2141245,7185,101570,4963100
591,389,356,2140856,7218,101926,4464200
592,362,383,2140494,7197,102309,4208500
593,386,360,2140108,7223,102669,4633000
594,388,350,2139720,7261,103019,4225100
595,389,365,2139331,7285,103384,4655800
596,368,324,2138963,7329,103708,4310200
597,372,387,2138591,7314,104095,4583800
598,398,328,2138193,7384,104423,4361700
599,376,359,2137817,7401,104782,4471900
600,397,350,2137420,7448,105132,4748600
601,368,348,2137052,7468,105480,4504700
602,419,379,2136633,7508,105859,4623700
603,401,382,2136232,7527,106241,4479700
604,367,371,2135865,7523,106612,4799700
605,417,362,2135448,7578,106974,4859200
606,378,355,2135070,7601,107329,4448100
607,398,361,2134672,7638,107690,4515000
608,414,386,2134258,7666,108076,4677100
609,371,423,2133887,7614,108499,4605000
610,408,387,2133479,7635,108886,4367300
611,410,391,2133069,7654,109277,4445100
612,400,362,2132669,7692,109639,4624300
613,418,401,2132251,7709,110040,4455000
614,378,411,2131873,7676,110451,4353400
615,401,388,2131472,7689,110839,4479900
616,421,362,2131051,7748,111201,4618100
617,379,404,2130672,7723,111605,4372900
618,392,381,2130280,7734,111986,4381400
619,381,408,2129899,7707,112394,4362400
620,374,392,2129525,7689,112786,4531600
621,378,398,2129147,7669,113184,4440800
622,387,411,2128760,7645,113595,4335800
623,368,399,2128392,7614,113994,4392900
624,428,376,2127964,7666,114370,4775200
625,362,370,2127602,7658,114740,4539300
626,393,380,2127209,7671,115120,4464000
627,356,415,2126853,7612,115535,4508900
628,377,424,2126476,7565,115959,4519000
629,411,390,2126065,7586,116349,4543200
630,419,360,2125646,7645,116709,4419300
631,395,396,2125251,7644,117105,4433600
632,395,360,2124856,7679,117465,4438200
633,411,387,2124445,7703,117852,4867300
634,378,384,2124067,7697,118236,4420300
635,425,381,2123642,7741,118617,4395500
636,399,357,2123243,7783,118974,4494700
637,434,387,2122809,7830,119361,4425400
638,415,382,2122394,7863,119743,4471800
639,382,371,2122012,7874,120114,4498700
640,420,380,2121592,7914,120494,4585600
641,437,389,2121155,7962,120883,4487900
642,452,382,2120703,8032,121265,4550000
643,441,390,2120262,8083,121655,4399700
644,441,413,2119821,8111,122068,4361200
645,460,393,2119361,8178,122461,4324400
646,416,391,2118945,8203,122852,4459900
647,421,436,2118524,8188,123288,4376400
648,419,398,2118105,8209,123686,4607100
649,409,376,2117696,8242,124062,4732700
650,448,415,2117248,8275,124477,4775800
651,445,422,2116803,8298,124899,4576200
652,452,398,2116351,8352,125297,4773700
653,448,418,2115903,8382,125715,4631800
654,457,398,2115446,8441,126113,4530100
655,412,453,2115034,8400,126566,4453700
656,459,409,2114575,8450,126975,4586900
657,442,393,2114133,8499,127368,4745000
658,463,450,2113670,8512,127818,4523400
659,444,432,2113226,8524,128250,4851000
660,439,431,2112787,8532,128681,4552700
661,455,446,2112332,8541,129127,4570900
662,451,410,2111881,8582,129537,4380600
663,481,430,2111400,8633,129967,4393600
664,450,440,2110950,8643,130407,4402200
665,476,445,2110474,8674,130852,4754400
666,443,432,2110031,8685,131284,4444300
667,468,390,2109563,8763,131674,4705600
668,437,466,2109126,8734,132140,4678700
669,454,449,2108672,8739,132589,4351100
670,437,424,2108235,8752,133013,4364500
671,454,438,2107781,8768,133451,4413800
672,473,466,2107308,8775,133917,4573100
673,420,463,2106888,8732,134380,4566700
674,462,472,2106426,8722,134852,4306100
675,463,410,2105963,8775,135262,4668600
676,462,443,2105501,8794,135705,4534500
677,475,423,2105026,8846,136128,4688700
678,449,482,2104577,8813,136610,5097000
679,482,469,2104095,8826,137079,4430200
680,503,484,2103592,8845,137563,4519600
681,480,436,2103112,8889,137999,4588700
682,472,438,2102640,8923,138437,4429300
683,484,440,2102156,8967,138877,4617500
684,468,429,2101688,9006,139306,4942300
685,472,452,2101216,9026,139758,4425300
686,454,447,2100762,9033,140205,4770500
687,468,455,2100294,9046,140660,4430900
688,449,435,2099845,9060,141095,4516300
689,476,446,2099369,9090,141541,4189700
690,481,469,2098888,9102,142010,4497600
691,470,428,2098418,9144,142438,4708800
692,475,467,2097943,9152,142905,4964800
693,482,469,2097461,9165,143374,4875600
694,465,455,2096996,9175,143829,4610800
695,496,449,2096500,9222,144278,4528100
696,486,491,2096014,9217,144769,4885700
697,494,470,2095520,9241,145239,4760900
698,457,486,2095063,9212,145725,4824300
699,482,417,2094581,9277,146142,4424900
700,457,503,2094124,9231,146645,4357900
701,465,451,2093659,9245,147096,4414000
702,493,492,2093166,9246,147588,4803900
703,495,438,2092671,9303,148026,4394500
704,488,482,2092183,9309,148508,4500400
705,478,469,2091705,9318,148977,4423600
706,462,461,2091243,9319,149438,4501900
707,494,467,2090749,9346,149905,4457900
708,456,482,2090293,9320,150387,4447800
709,490,464,2089803,9346,150851,4689200
710,471,475,2089332,9342,151326,4417300
711,467,467,2088865,9342,151793,4377500
712,453,505,2088412,9290,152298,4771800
713,455,472,2087957,9273,152770,4462600
714,450,467,2087507,9256,153237,4448200
715,469,469,2087038,9256,153706,4453400
716,481,455,2086557,9282,154161,4663500
717,440,420,2086117,9302,154581,4743700
718,442,468,2085675,9276,155049,4817300
719,473,423,2085202,9326,155472,4735600
720,504,435,2084698,9395,155907,5060700
721,504,470,2084194,9429,156377,4696800
722,484,491,2083710,9422,156868,4752700
723,484,453,2083226,9453,157321,4624200
724,475,495,2082751,9433,157816,4641100
725,500,507,2082251,9426,158323,4847600
726,479,453,2081772,9452,158776,4392900
727,477,513,2081295,9416,159289,4385400
728,499,473,2080796,9442,159762,4584400
729,455,459,2080341,9438,160221,4833000
730,457,483,2079884,9412,160704,4563200
731,486,441,2079398,9457,161145,4560200
732,465,469,2078933,9453,161614,4394100
733,476,493,2078457,9436,162107,4529400
734,519,449,2077938,9506,162556,4810300
735,453,455,2077485,9504,163011,4885000
736,488,506,2076997,9486,163517,4656800
737,519,471,2076478,9534,163988,5077900
738,492,470,2075986,9556,164458,4713600
739,467,510,2075519,9513,164968,4457400
740,512,431,2075007,9594,165399,4371900
741,490,507,2074517,9577,165906,4644600
742,504,490,2074013,9591,166396,4851900
743,507,428,2073506,9670,166824,4983500
744,497,476,2073009,9691,167300,4832000
745,524,485,2072485,9730,167785,4566500
746,535,479,2071950,9786,168264,4517800
747,470,501,2071480,9755,168765,4660500
748,510,516,2070970,9749,169281,4958400
749,486,501,2070484,9734,169782,4979700
750,488,511,2069996,9711,170293,4533900
751,466,527,2069530,9650,170820,4638600
752,515,465,2069015,9700,171285,4876300
753,481,477,2068534,9704,171762,5053400
754,493,506,2068041,9691,172268,4954700
755,542,480,2067499,9753,172748,4598500
756,479,506,2067020,9726,173254,4596900
757,519,497,2066501,9748,173751,4555200
758,506,517,2065995,9737,174268,4574200
759,524,488,2065471,9773,174756,4608800
760,482,473,2064989,9782,175229,4420600
761,509,459,2064480,9832,175688,4378300
762,499,446,2063981,9885,176134,4809400
763,543,477,2063438,9951,176611,4425700
764,512,460,2062926,10003,177071,4437500
765,505,487,2062421,10021,177558,4457100
766,540,519,2061881,10042,178077,4487400
767,507,504,2061374,10045,178581,4619100
768,545,525,2060829,10065,179106,4559800
769,516,468,2060313,10113,179574,4804800
770,514,489,2059799,10138,180063,4825300
771,500,522,2059299,10116,180585,4827900
772,556,526,2058743,10146,181111,4489100
773,523,535,2058220,10134,181646,4498600
774,528,502,2057692,10160,182148,4960400
775,513,546,2057179,10127,182694,4808800
776,492,506,2056687,10113,183200,4598000
777,504,512,2056183,10105,183712,4681500
778,472,512,2055711,10065,184224,4689200
779,489,525,2055222,10029,184749,4579600
780,530,488,2054692,10071,185237,4537800
781,510,537,2054182,10044,185774,4782300
782,496,492,2053686,10048,186266,4381100
783,484,535,2053202,9997,186801,4770000
784,504,492,2052698,10009,187293,4487400
785,522,475,2052176,10056,187768,4449500
786,422,505,2051754,9973,188273,4585900
787,496,529,2051258,9940,188802,4573000
788,499,483,2050759,9956,189285,4468600
789,482,457,2050277,9981,189742,4496000
790,521,501,2049756,10001,190243,4476900
791,532,513,2049224,10020,190756,4377300
792,497,519,2048727,9998,191275,4580200
793,508,571,2048219,9935,191846,4543400
794,531,507,2047688,9959,192353,4364800
795,495,497,2047193,9957,192850,4638700
796,542,518,2046651,9981,193368,4490800
797,516,482,2046135,10015,193850,4539800
798,547,466,2045588,10096,194316,4863400
799,515,487,2045073,10124,194803,4406800
800,514,518,2044559,10120,195321,4466600
801,523,524,2044036,10119,195845,4682800
802,546,498,2043490,10167,196343,4843300
803,526,509,2042964,10184,196852,4305100
804,518,498,2042446,10204,197350,4911800
805,508,544,2041938,10168,197894,4854800
806,542,545,2041396,10165,198439,4477000
807,548,536,2040848,10177,198975,4474300
808,536,511,2040312,10202,199486,4389500
809,552,523,2039760,10231,200009,4349000
810,532,537,2039228,10226,200546,4632400
811,539,494,2038689,10271,201040,4552600
812,569,529,2038120,10311,201569,4910300
813,598,517,2037522,10392,202086,5089600
814,544,537,2036978,10399,202623,4756700
815,545,510,2036433,10434,203133,4538100
816,511,505,2035922,10440,203638,4707000
817,549,550,2035373,10439,204188,4359200
818,573,521,2034800,10491,204709,4410900
819,533,493,2034267,10531,205202,4615100
820,556,498,2033711,10589,205700,4646000
821,518,573,2033193,10534,206273,4608100
822,571,507,2032622,10598,206780,4459400
823,571,549,2032051,10620,207329,4722300
824,555,558,2031496,10617,207887,4625200
825,512,498,2030984,10631,208385,4675500
826,550,509,2030434,10672,208894,4526300
827,565,552,2029869,10685,209446,4760300
828,590,550,2029279,10725,209996,4893900
829,586,569,2028693,10742,210565,4756700
830,557,588,2028136,10711,211153,4655400
831,590,536,2027546,10765,211689,4669100
832,559,563,2026987,10761,212252,4538200
833,550,518,2026437,10793,212770,4749700
834,569,568,2025868,10794,213338,4924800
835,556,548,2025312,10802,213886,5106900
836,572,528,2024740,10846,214414,4690100
837,582,544,2024158,10884,214958,4628200
838,576,561,2023582,10899,215519,4957800
839,541,533,2023041,10907,216052,4442400
840,579,514,2022462,10972,216566,4391800
841,570,514,2021892,11028,217080,4840300
842,589,524,2021303,11093,217604,4333200
843,577,535,2020726,11135,218139,4682000
844,575,583,2020151,11127,218722,4406200
845,585,547,2019566,11165,219269,4538300
846,588,553,2018978,11200,219822,4632400
847,555,496,2018423,11259,220318,4541300
848,593,548,2017830,11304,220866,4894800
849,584,579,2017246,11309,221445,4442200
850,566,585,2016680,11290,222030,4711600
851,574,557,2016106,11307,222587,4709300
852,574,570,2015532,11311,223157,4425600
853,573,566,2014959,11318,223723,4424200
854,591,585,2014368,11324,224308,4381200
855,587,568,2013781,11343,224876,4513300
856,538,551,2013243,11330,225427,4624400
857,559,573,2012684,11316,226000,4841000
858,607,570,2012077,11353,226570,4454200
859,567,572,2011510,11348,227142,4965900
860,598,578,2010912,11368,227720,4726000
861,574,534,2010338,11408,228254,4691400
862,552,558,2009786,11402,228812,4532400
863,608,576,2009178,11434,229388,4442900
864,593,568,2008585,11459,229956,4410300
865,592,554,2007993,11497,230510,4819200
866,556,538,2007437,11515,231048,4920300
867,604,564,2006833,11555,231612,4464600
868,564,595,2006269,11524,232207,4298600
869,556,617,2005713,11463,232824,4497700
870,568,577,2005145,11454,233401,4433100
871,542,565,2004603,11431,233966,4612100
872,581,517,2004022,11495,234483,4413800
873,561,565,2003461,11491,235048,4498800
874,600,553,2002861,11538,235601,4721200
875,583,536,2002278,11585,236137,4720500
876,615,574,2001663,11626,236711,4447700
877,602,591,2001061,11637,237302,4939300
878,595,576,2000466,11656,237878,4366800
879,540,579,1999926,11617,238457,4427900
880,575,565,1999351,11627,239022,4570700
881,616,602,1998735,11641,239624,4630200
882,584,607,1998151,11618,240231,4487200
883,587,573,1997564,11632,240804,4400800
884,588,580,1996976,11640,241384,4656600
885,606,582,1996370,11664,241966,4842900
886,567,614,1995803,11617,242580,4341900
887,568,576,1995235,11609,243156,4725200
888,593,576,1994642,11626,243732,4323200
889,571,598,1994071,11599,244330,4778900
890,564,548,1993507,11615,244878,4674600
891,621,530,1992886,11706,245408,4486200
892,585,617,1992301,11674,246025,4871300
893,585,604,1991716,11655,246629,5156700
894,603,550,1991113,11708,247179,4742100
895,589,647,1990524,11650,247826,4837900
896,594,612,1989930,11632,248438,4758000
897,595,584,1989335,11643,249022,4587500
898,586,568,1988749,11661,249590,4546900
899,592,598,1988157,11655,250188,4334900
900,586,598,1987571,11643,250786,4440600
901,605,593,1986966,11655,251379,4648100
902,605,592,1986361,11668,251971,4417400
903,624,598,1985737,11694,252569,4681100
904,581,595,1985156,11680,253164,4455000
905,559,574,1984597,11665,253738,4707600
906,589,601,1984008,11653,254339,4483600
907,608,573,1983400,11688,254912,4658200
908,601,573,1982799,11716,255485,4469100
909,595,583,1982204,11728,256068,4475800
910,606,563,1981598,11771,256631,4434800
911,601,608,1980997,11764,257239,5141600
912,638,638,1980359,11764,257877,4644800
913,582,566,1979777,11780,258443,4585400
914,664,612,1979113,11832,259055,4681200
915,584,529,1978529,11887,259584,4735400
916,632,587,1977897,11932,260171,4610100
917,621,589,1977276,11964,260760,5001800
918,659,563,1976617,12060,261323,4592500
919,623,617,1975994,12066,261940,4957400
920,645,638,1975349,12073,262578,5072300
921,615,612,1974734,12076,263190,4658300
922,638,633,1974096,12081,263823,4567000
923,631,605,1973465,12107,264428,4537600
924,656,598,1972809,12165,265026,4578900
925,685,632,1972124,12218,265658,4378500
926,599,614,1971525,12203,266272,4497000
927,601,623,1970924,12181,266895,4923300
928,672,626,1970252,12227,267521,4876800
929,641,614,1969611,12254,268135,4372500
930,631,640,1968980,12245,268775,5019400
931,572,630,1968408,12187,269405,4859500
932,621,620,1967787,12188,270025,4346000
933,635,650,1967152,12173,270675,4504700
934,636,641,1966516,12168,271316,4391300
935,644,632,1965872,12180,271948,4853700
936,676,604,1965196,12252,272552,4459300
937,624,618,1964572,12258,273170,4577800
938,655,612,1963917,12301,273782,4661500
939,608,569,1963309,12340,274351,4862300
940,611,622,1962698,12329,274973,4892200
941,671,618,1962027,12382,275591,4710500
942,688,656,1961339,12414,276247,4719300
943,623,641,1960716,12396,276888,5033900
944,650,616,1960066,12430,277504,4726200
945,670,617,1959396,12483,278121,4661600
946,633,612,1958763,12504,278733,4669900
947,633,600,1958130,12537,279333,4635100
948,604,602,1957526,12539,279935,4694700
949,624,622,1956902,12541,280557,4817200
950,675,636,1956227,12580,281193,4497400
951,628,625,1955599,12583,281818,4502700
952,636,660,1954963,12559,282478,4769600
953,637,653,1954326,12543,283131,4593700
954,623,655,1953703,12511,283786,4551500
955,626,579,1953077,12558,284365,4814500
956,638,598,1952439,12598,284963,4779000
957,616,620,1951823,12594,285583,4597000
958,633,610,1951190,12617,286193,4787900
959,618,589,1950572,12646,286782,4697100
960,641,650,1949931,12637,287432,4500400
961,666,636,1949265,12667,288068,4683600
962,676,598,1948589,12745,288666,4604900
963,647,646,1947942,12746,289312,4572800
964,661,613,1947281,12794,289925,4687600
965,663,617,1946618,12840,290542,4565100
966,684,627,1945934,12897,291169,5025400
967,640,603,1945294,12934,291772,4994500
968,686,629,1944608,12991,292401,5091100
969,657,619,1943951,13029,293020,4756800
970,704,649,1943247,13084,293669,4735300
971,675,680,1942572,13079,294349,4470300
972,665,639,1941907,13105,294988,4638800
973,624,658,1941283,13071,295646,4616900
974,727,656,1940556,13142,296302,4622200
975,724,653,1939832,13213,296955,4709800
976,688,652,1939144,13249,297607,4764900
977,682,695,1938462,13236,298302,4551700
978,685,672,1937777,13249,298974,5042600
979,707,655,1937070,13301,299629,4994900
980,674,611,1936396,13364,300240,4769300
981,686,668,1935710,13382,300908,4378500
982,690,639,1935020,13433,301547,4909000
983,684,667,1934336,13450,302214,4690300
984,705,663,1933631,13492,302877,4731800
985,715,718,1932916,13489,303595,4846900
986,661,674,1932255,13476,304269,4817100
987,670,688,1931585,13458,304957,4409300
988,705,682,1930880,13481,305639,4507000
989,662,688,1930218,13455,306327,4527700
990,692,683,1929526,13464,307010,4523200
991,672,649,1928854,13487,307659,4694100
992,715,612,1928139,13590,308271,4406600
993,638,673,1927501,13555,308944,4955200
994,689,672,1926812,13572,309616,4643700
995,649,669,1926163,13552,310285,4695100
996,644,623,1925519,13573,310908,4576000
997,683,693,1924836,13563,311601,4684700
998,668,683,1924168,13548,312284,4518400
999,636,682,1923532,13502,312966,4598400
1000,629,707,1922903,13424,313673,4401100
1001,654,648,1922249,13430,314321,4634400
1002,661,683,1921588,13408,315004,5232900
1003,656,659,1920932,13405,315663,4762300
1004,663,673,1920269,13395,316336,4484400
1005,661,669,1919608,13387,317005,4501700
1006,650,660,1918958,13377,317665,4954700
1007,637,617,1918321,13397,318282,4746600
1008,639,635,1917682,13401,318917,4918600
1009,674,658,1917008,13417,319575,5016400
1010,650,665,1916358,13402,320240,4992200
1011,670,653,1915688,13419,320893,4919800
1012,614,663,1915074,13370,321556,5067300
1013,657,649,1914417,13378,322205,4903700
1014,681,678,1913736,13381,322883,4759900
1015,671,685,1913065,13367,323568,5141100
1016,676,662,1912389,13381,324230,4691500
1017,674,679,1911715,13376,324909,4967500
1018,684,622,1911031,13438,325531,4661600
1019,657,658,1910374,13437,326189,4594900
1020,649,666,1909725,13420,326855,4607900
1021,644,701,1909081,13363,327556,4844100
1022,691,707,1908390,13347,328263,4547800
1023,711,673,1907679,13385,328936,4615300
1024,685,674,1906994,13396,329610,4850900
1025,703,688,1906291,13411,330298,4711700
1026,662,671,1905629,13402,330969,5225600
1027,672,684,1904957,13390,331653,4964900
1028,647,657,1904310,13380,332310,4388100
1029,719,673,1903591,13426,332983,4893000
1030,700,731,1902891,13395,333714,4481500
1031,706,671,1902185,13430,334385,4896300
1032,692,693,1901493,13429,335078,4508400
1033,707,699,1900786,13437,335777,4603100
1034,716,651,1900070,13502,336428,4628200
1035,706,689,1899364,13519,337117,4697700
1036,709,675,1898655,13553,337792,4477300
1037,682,685,1897973,13550,338477,4475300
1038,683,681,1897290,13552,339158,4902800
1039,722,680,1896568,13594,339838,4489300
1040,727,687,1895841,13634,340525,4666200
1041,683,668,1895158,13649,341193,4476300
1042,729,700,1894429,13678,341893,4816300
1043,681,643,1893748,13716,342536,4731100
1044,761,708,1892987,13769,343244,4591300
1045,767,637,1892220,13899,343881,4447800
1046,682,712,1891538,13869,344593,4755000
1047,729,661,1890809,13937,345254,4636800
1048,718,745,1890091,13910,345999,4781500
1049,714,702,1889377,13922,346701,4720500
1050,726,700,1888651,13948,347401,4687700
1051,726,673,1887925,14001,348074,4406700
1052,720,693,1887205,14028,348767,4468300
1053,727,702,1886478,14053,349469,4773800
1054,713,730,1885765,14036,350199,4976500
1055,663,719,1885102,13980,350918,4643600
1056,706,708,1884396,13978,351626,4765600
1057,698,695,1883698,13981,352321,4517300
1058,700,690,1882998,13991,353011,4720600
1059,667,678,1882331,13980,353689,4797000
1060,644,648,1881687,13976,354337,4788600
1061,715,663,1880972,14028,355000,4958300
1062,714,713,1880258,14029,355713,4529900
1063,659,726,1879599,13962,356439,4999800
1064,706,689,1878893,13979,357128,4598700
1065,673,715,1878220,13937,357843,4471200
1066,712,671,1877508,13978,358514,4563000
1067,725,734,1876783,13969,359248,4597400
1068,669,743,1876114,13895,359991,4601000
1069,662,652,1875452,13905,360643,4434700
1070,686,706,1874766,13885,361349,4529200
1071,677,692,1874089,13870,362041,4515500
1072,646,660,1873443,13856,362701,4449400
1073,663,676,1872780,13843,363377,4944800
1074,720,634,1872060,13929,364011,4516400
1075,656,732,1871404,13853,364743,4650000
1076,707,685,1870697,13875,365428,4804800
1077,704,685,1869993,13894,366113,4648800
1078,770,669,1869223,13995,366782,4501000
1079,718,694,1868505,14019,367476,4663500
1080,729,692,1867776,14056,368168,4660600
1081,708,704,1867068,14060,368872,4484400
1082,703,715,1866365,14048,369587,4542700
1083,717,713,1865648,14052,370300,4659700
1084,701,695,1864947,14058,370995,4595200
1085,733,735,1864214,14056,371730,4765100
1086,750,703,1863464,14103,372433,4601700
1087,716,677,1862748,14142,373110,4829900
1088,693,729,1862055,14106,373839,4628600
1089,693,690,1861362,14109,374529,4942700
1090,754,713,1860608,14150,375242,4912600
1091,734,717,1859874,14167,375959,4684600
1092,699,732,1859175,14134,376691,4739300
1093,707,740,1858468,14101,377431,4550300
1094,747,718,1857721,14130,378149,4623400
1095,734,722,1856987,14142,378871,4677500
1096,754,709,1856233,14187,379580,4738600
1097,725,729,1855508,14183,380309,4490100
1098,713,687,1854795,14209,380996,4996500
1099,728,709,1854067,14228,381705,4514200
1100,694,702,1853373,14220,382407,4872800
1101,706,717,1852667,14209,383124,4390000
1102,766,683,1851901,14292,383807,4517700
1103,709,711,1851192,14290,384518,4459900
1104,743,708,1850449,14325,385226,4607700
1105,746,771,1849703,14300,385997,4841600
1106,695,706,1849008,14289,386703,4550700
1107,735,678,1848273,14346,387381,4570500
1108,726,728,1847547,14344,388109,4545300
1109,722,744,1846825,14322,388853,4907900
1110,779,720,1846046,14381,389573,4550800
1111,763,713,1845283,14431,390286,4786700
1112,774,740,1844509,14465,391026,5106200
1113,768,738,1843741,14495,391764,4670200
1114,813,772,1842928,14536,392536,4724800
1115,753,747,1842175,14542,393283,4636300
1116,757,788,1841418,14511,394071,4717800
1117,767,714,1840651,14564,394785,4517900
1118,744,747,1839907,14561,395532,4529900
1119,711,722,1839196,14550,396254,4774900
1120,760,723,1838436,14587,396977,4537700
1121,738,743,1837698,14582,397720,4827000
1122,745,728,1836953,14599,398448,4521000
1123,740,752,1836213,14587,399200,4445200
1124,731,707,1835482,14611,399907,4600500
1125,778,707,1834704,14682,400614,4515100
1126,777,746,1833927,14713,401360,4630200
1127,676,730,1833251,14659,402090,4659800
1128,756,729,1832495,14686,402819,4550400
1129,733,765,1831762,14654,403584,4430000
1130,743,754,1831019,14643,404338,4398200
1131,750,789,1830269,14604,405127,4527300
1132,744,754,1829525,14594,405881,4693700
1133,752,738,1828773,14608,406619,5025900
1134,727,746,1828046,14589,407365,4574000
1135,765,726,1827281,14628,408091,4406500
1136,767,729,1826514,14666,408820,4497400
1137,727,738,1825787,14655,409558,4556400
1138,813,735,1824974,14733,410293,4524300
1139,810,745,1824164,14798,411038,4555900
1140,797,748,1823367,14847,411786,4528000
1141,784,726,1822583,14905,412512,4964300
1142,776,774,1821807,14907,413286,4431900
1143,786,717,1821021,14976,414003,4461600
1144,783,714,1820238,15045,414717,4419000
1145,778,792,1819460,15031,415509,4976100
1146,776,722,1818684,15085,416231,4333900
1147,772,721,1817912,15136,416952,4447600
1148,787,790,1817125,15133,417742,4477000
1149,770,757,1816355,15146,418499,4713500
1150,778,743,1815577,15181,419242,4423300
1151,821,759,1814756,15243,420001,4697200
1152,799,745,1813957,15297,420746,4538000
1153,810,735,1813147,15372,421481,4440600
1154,793,760,1812354,15405,422241,4793200
1155,743,779,1811611,15369,423020,4617100
1156,812,795,1810799,15386,423815,4721300
1157,732,751,1810067,15367,424566,4557000
1158,760,787,1809307,15340,425353,4690200
1159,751,770,1808556,15321,426123,4678100
1160,772,763,1807784,15330,426886,4493900
1161,761,768,1807023,15323,427654,4503400
1162,766,727,1806257,15362,428381,5153700
1163,725,775,1805532,15312,429156,4576900
1164,730,750,1804802,15292,429906,4865500
1165,812,783,1803990,15321,430689,4485900
1166,763,773,1803227,15311,431462,4759200
1167,782,767,1802445,15326,432229,4948600
1168,746,767,1801699,15305,432996,4625200
1169,785,769,1800914,15321,433765,4806100
1170,791,755,1800123,15357,434520,4719700
1171,807,753,1799316,15411,435273,4765300
1172,764,832,1798552,15343,436105,4530000
1173,734,747,1797818,15330,436852,4857600
1174,752,809,1797066,15273,437661,4531700
1175,766,764,1796300,15275,438425,4569100
1176,803,806,1795497,15272,439231,4775100
1177,800,731,1794697,15341,439962,4574500
1178,779,763,1793918,15357,440725,4687500
1179,758,772,1793160,15343,441497,4715500
1180,786,733,1792374,15396,442230,4604200
1181,768,784,1791606,15380,443014,4756400
1182,787,802,1790819,15365,443816,4889200
1183,778,778,1790041,15365,444594,4937200
1184,772,773,1789269,15364,445367,4793100
1185,842,767,1788427,15439,446134,5330100
1186,772,758,1787655,15453,446892,5223400
1187,726,731,1786929,15448,447623,4997200
1188,757,763,1786172,15442,448386,5325800
1189,784,820,1785388,15406,449206,5545200
1190,831,778,1784557,15459,449984,5270500
1191,783,754,1783774,15488,450738,5080100
1192,767,751,1783007,15504,451489,5195100
1193,787,772,1782220,15519,452261,5738300
1194,805,803,1781415,15521,453064,5487100
1195,755,748,1780660,15528,453812,5155700
1196,774,749,1779886,15553,454561,5293800
1197,786,733,1779100,15606,455294,5290900
1198,779,761,1778321,15624,456055,5015300
1199,812,788,1777509,15648,456843,5212300
1200,787,797,1776722,15638,457640,5237000
1201,722,773,1776000,15587,458413,5365400
1202,759,782,1775241,15564,459195,5422800
1203,741,790,1774500,15515,459985,5296700
1204,786,754,1773714,15547,460739,5208700
1205,769,765,1772945,15551,461504,5440500
1206,835,767,1772110,15619,462271,5280200
1207,804,756,1771306,15667,463027,5148200
1208,769,787,1770537,15649,463814,5217300
1209,781,801,1769756,15629,464615,4939500
1210,830,760,1768926,15699,465375,5094100
1211,839,793,1768087,15745,466168,5209000
1212,755,787,1767332,15713,466955,4964600
1213,779,763,1766553,15729,467718,4952400
1214,803,756,1765750,15776,468474,4987400
1215,741,795,1765009,15722,469269,4908400
1216,756,762,1764253,15716,470031,4653500
1217,746,819,1763507,15643,470850,4712800
1218,779,793,1762728,15629,471643,5012900
1219,765,782,1761963,15612,472425,4737400
1220,796,812,1761167,15596,473237,4928400
1221,772,751,1760395,15617,473988,4991300
1222,780,756,1759615,15641,474744,5022600
1223,781,809,1758834,15613,475553,5181000
1224,803,787,1758031,15629,476340,4900700
1225,745,767,1757286,15607,477107,4769500
1226,809,819,1756477,15597,477926,4938000
1227,762,800,1755715,15559,478726,4762200
1228,824,791,1754891,15592,479517,5080700
1229,795,766,1754096,15621,480283,4962800
1230,844,790,1753252,15675,481073,4873700
1231,823,774,1752429,15724,481847,4802200
1232,831,835,1751598,15720,482682,4986900
1233,823,751,1750775,15792,483433,4875900
1234,824,801,1749951,15815,484234,5225400
1235,790,729,1749161,15876,484963,5324300
1236,778,781,1748383,15873,485744,5076400
1237,804,811,1747579,15866,486555,4662800
1238,801,804,1746778,15863,487359,4693000
1239,798,729,1745980,15932,488088,4620200
1240,814,799,1745166,15947,488887,4376900
1241,806,796,1744360,15957,489683,4791600
1242,813,729,1743547,16041,490412,4639100
1243,767,812,1742780,15996,491224,5073500
1244,784,791,1741996,15989,492015,4866300
1245,792,822,1741204,15959,492837,4548500
1246,787,776,1740417,15970,493613,4662700
1247,826,777,1739591,16019,494390,4794900
1248,864,855,1738727,16028,495245,5010300
1249,770,801,1737957,15997,496046,4489200
1250,782,790,1737175,15989,496836,5210700
1251,800,790,1736375,15999,497626,4896700
1252,812,794,1735563,16017,498420,4591400
1253,768,879,1734795,15906,499299,4963900
1254,828,796,1733967,15938,500095,4667300
1255,696,797,1733271,15837,500892,5040300
1256,809,801,1732462,15845,501693,4783800
1257,829,792,1731633,15882,502485,5191500
1258,798,781,1730835,15899,503266,4639400
1259,778,781,1730057,15896,504047,4860400
1260,837,784,1729220,15949,504831,4572000
1261,811,759,1728409,16001,505590,5151800
1262,829,782,1727580,16048,506372,5040800
1263,824,761,1726756,16111,507133,5111900
1264,835,787,1725921,16159,507920,4551100
1265,779,797,1725142,16141,508717,4579200
1266,797,792,1724345,16146,509509,4462800
1267,831,839,1723514,16138,510348,4573800
1268,786,770,1722728,16154,511118,4460000
1269,795,770,1721933,16179,511888,4426600
1270,837,817,1721096,16199,512705,4959100
1271,787,778,1720309,16208,513483,4538300
1272,794,805,1719515,16197,514288,4393000
1273,781,758,1718734,16220,515046,4357400
1274,803,847,1717931,16176,515893,4445000
1275,723,783,1717208,16116,516676,5081600
1276,792,792,1716416,16116,517468,5155100
1277,749,777,1715667,16088,518245,5007100
1278,797,802,1714870,16083,519047,5443400
1279,828,808,1714042,16103,519855,4981500
1280,763,769,1713279,16097,520624,5082700
1281,783,816,1712496,16064,521440,4991600
1282,796,759,1711700,16101,522199,5056500
1283,757,784,1710943,16074,522983,4956500
1284,811,810,1710132,16075,523793,4928000
1285,790,810,1709342,16055,524603,4858700
1286,791,851,1708551,15995,525454,5054600
1287,809,838,1707742,15966,526292,4805600
1288,826,816,1706916,15976,527108,4898200
1289,821,847,1706095,15950,527955,4752700
1290,738,782,1705357,15906,528737,4820400
1291,781,763,1704576,15924,529500,5053400
1292,787,849,1703789,15862,530349,5411500
1293,769,820,1703020,15811,531169,5302900
1294,797,783,1702223,15825,531952,5303900
1295,795,769,1701428,15851,532721,4971700
1296,797,804,1700631,15844,533525,5311500
1297,790,794,1699841,15840,534319,4785900
1298,781,730,1699060,15891,535049,4937800
1299,783,739,1698277,15935,535788,4917700
1300,814,823,1697463,15926,536611,4756800
1301,793,858,1696670,15861,537469,4675400
1302,801,808,1695869,15854,538277,4790200
1303,806,741,1695063,15919,539018,5094000
1304,826,817,1694237,15928,539835,4911400
1305,770,820,1693467,15878,540655,4779500
1306,787,796,1692680,15869,541451,4792500
1307,735,763,1691945,15841,542214,4777000
1308,813,787,1691132,15867,543001,4614700
1309,800,804,1690332,15863,543805,4564000
1310,777,751,1689555,15889,544556,4683900
1311,828,854,1688727,15863,545410,4665700
1312,749,778,1687978,15834,546188,4682600
1313,816,805,1687162,15845,546993,4731300
1314,813,810,1686349,15848,547803,4949000
1315,792,825,1685557,15815,548628,4633400
1316,795,829,1684762,15781,549457,4616600
1317,804,762,1683958,15823,550219,4448600
1318,819,792,1683139,15850,551011,4704300
1319,806,750,1682333,15906,551761,4581800
1320,801,764,1681532,15943,552525,4463700
1321,817,763,1680715,15997,553288,4851900
1322,803,779,1679912,16021,554067,4752800
1323,782,753,1679130,16050,554820,4574500
1324,815,810,1678315,16055,555630,4602200
1325,790,796,1677525,16049,556426,4681400
1326,805,813,1676720,16041,557239,4482900
1327,805,875,1675915,15971,558114,4519600
1328,808,829,1675107,15950,558943,4612400
1329,812,779,1674295,15983,559722,4458100
1330,805,790,1673490,15998,560512,4504200
1331,834,790,1672656,16042,561302,4446300
1332,814,800,1671842,16056,562102,4437300
1333,857,832,1670985,16081,562934,4515500
1334,794,796,1670191,16079,563730,4420000
1335,819,845,1669372,16053,564575,4388700
1336,800,782,1668572,16071,565357,4884200
1337,826,784,1667746,16113,566141,4417500
1338,816,853,1666930,16076,566994,4408500
1339,762,814,1666168,16024,567808,4394000
1340,791,816,1665377,15999,568624,4339700
1341,835,832,1664542,16002,569456,4650500
1342,832,828,1663710,16006,570284,4765200
1343,758,831,1662952,15933,571115,4551600
1344,807,827,1662145,15913,571942,4310400
1345,820,793,1661325,15940,572735,4340200
1346,786,816,1660539,15910,573551,4343900
1347,770,810,1659769,15870,574361,4329600
1348,807,766,1658962,15911,575127,4395400
1349,801,773,1658161,15939,575900,4399900
1350,783,832,1657378,15890,576732,4601200
1351,813,796,1656565,15907,577528,4705300
1352,816,849,1655749,15874,578377,4569200
1353,795,805,1654954,15864,579182,4440400
1354,776,776,1654178,15864,579958,4620200
1355,792,757,1653386,15899,580715,4513200
1356,794,800,1652592,15893,581515,4473200
1357,807,820,1651785,15880,582335,4686600
1358,805,796,1650980,15889,583131,4938000
1359,786,778,1650194,15897,583909,4806900
1360,811,837,1649383,15871,584746,5023600
1361,788,750,1648595,15909,585496,4913500
1362,797,840,1647798,15866,586336,5265300
1363,801,798,1646997,15869,587134,5024900
1364,804,826,1646193,15847,587960,5024300
1365,816,789,1645377,15874,588749,4693100
1366,812,760,1644565,15926,589509,4737000
1367,804,768,1643761,15962,590277,4527700
1368,799,827,1642962,15934,591104,4515900
1369,845,794,1642117,15985,591898,4459600
1370,786,811,1641331,15960,592709,4373000
1371,805,803,1640526,15962,593512,4528100
1372,774,793,1639752,15943,594305,4671400
1373,829,805,1638923,15967,595110,4439500
1374,851,773,1638072,16045,595883,4587900
1375,877,780,1637195,16142,596663,4818100
1376,848,815,1636347,16175,597478,4760500
1377,851,833,1635496,16193,598311,4959700
1378,813,800,1634683,16206,599111,4884900
1379,829,817,1633854,16218,599928,4643200
1380,835,803,1633019,16250,600731,4675200
1381,785,821,1632234,16214,601552,4526900
1382,849,819,1631385,16244,602371,4541400
1383,809,773,1630576,16280,603144,4469100
1384,825,787,1629751,16318,603931,4398200
1385,782,833,1628969,16267,604764,4593100
1386,759,812,1628210,16214,605576,4549700
1387,794,775,1627416,16233,606351,4465900
1388,775,823,1626641,16185,607174,4445200
1389,792,774,1625849,16203,607948,4559800
1390,789,799,1625060,16193,608747,4713800
1391,749,842,1624311,16100,609589,4776200
1392,798,782,1623513,16116,610371,4550300
1393,778,814,1622735,16080,611185,4587100
1394,796,773,1621939,16103,611958,4625200
1395,787,801,1621152,16089,612759,4605100
1396,816,805,1620336,16100,613564,4565900
1397,778,809,1619558,16069,614373,4535700
1398,842,778,1618716,16133,615151,4486800
1399,796,847,1617920,16082,615998,4458400
1400,805,791,1617115,16096,616789,4778800
1401,792,794,1616323,16094,617583,4557800
1402,807,804,1615516,16097,618387,4447500
1403,772,825,1614744,16044,619212,5278300
1404,819,804,1613925,16059,620016,4802600
1405,830,815,1613095,16074,620831,4594700
1406,767,782,1612328,16059,621613,4573500
1407,798,787,1611530,16070,622400,4708500
1408,780,795,1610750,16055,623195,4481100
1409,778,789,1609972,16044,623984,4778900
1410,783,779,1609189,16048,624763,4532600
1411,749,790,1608440,16007,625553,4581700
1412,747,808,1607693,15946,626361,4685600
1413,751,768,1606942,15929,627129,4479700
1414,771,773,1606171,15927,627902,4410900
1415,764,824,1605407,15867,628726,4536200
1416,750,823,1604657,15794,629549,4718200
1417,829,844,1603828,15779,630393,4455300
1418,792,805,1603036,15766,631198,4696800
1419,719,843,1602317,15642,632041,4656200
1420,784,837,1601533,15589,632878,4402700
1421,781,779,1600752,15591,633657,5466400
1422,750,759,1600002,15582,634416,4676300
1423,757,737,1599245,15602,635153,4300300
1424,811,790,1598434,15623,635943,4324300
1425,781,735,1597653,15669,636678,4301600
1426,777,779,1596876,15667,637457,4286600
1427,751,764,1596125,15654,638221,4728300
1428,771,773,1595354,15652,638994,4543300
1429,837,794,1594517,15695,639788,4556100
1430,768,795,1593749,15668,640583,4465600
1431,823,761,1592926,15730,641344,4468100
1432,787,803,1592139,15714,642147,4363800
1433,801,770,1591338,15745,642917,4935800
1434,771,796,1590567,15720,643713,4473500
1435,782,792,1589785,15710,644505,4405200
1436,834,790,1588951,15754,645295,4810700
1437,801,789,1588150,15766,646084,4517000
1438,828,791,1587322,15803,646875,4418300
1439,845,796,1586477,15852,647671,4932400
1440,795,818,1585682,15829,648489,4534400
1441,782,765,1584900,15846,649254,4576900
1442,786,822,1584114,15810,650076,4849700
1443,849,768,1583265,15891,650844,4617900
1444,841,767,1582424,15965,651611,4671300
1445,805,757,1581619,16013,652368,4569400
1446,803,817,1580816,15999,653185,4594400
1447,802,813,1580014,15988,653998,4607100
1448,817,719,1579197,16086,654717,5022700
1449,757,831,1578440,16012,655548,4624100
1450,792,760,1577648,16044,656308,4552300
1451,877,782,1576771,16139,657090,4613300
1452,830,819,1575941,16150,657909,4334700
1453,833,842,1575108,16141,658751,4469900
1454,830,891,1574278,16080,659642,4749300
1455,773,831,1573505,16022,660473,4603600
1456,776,836,1572729,15962,661309,4412000
1457,771,805,1571958,15928,662114,4395700
1458,826,829,1571132,15925,662943,4382000
1459,806,773,1570326,15958,663716,4309200
1460,749,817,1569577,15890,664533,4422900
1461,779,801,1568798,15868,665334,4404500
1462,780,798,1568018,15850,666132,4345700
1463,780,773,1567238,15857,666905,4560200
1464,790,762,1566448,15885,667667,4389600
1465,786,798,1565662,15873,668465,4441600
1466,819,773,1564843,15919,669238,4530900
1467,753,775,1564090,15897,670013,4757800
1468,721,777,1563369,15841,670790,4395400
1469,788,849,1562581,15780,671639,4447700
1470,788,798,1561793,15770,672437,4345000
1471,728,793,1561065,15705,673230,4366700
1472,804,778,1560261,15731,674008,4877200
1473,787,806,1559474,15712,674814,4414300
1474,771,768,1558703,15715,675582,4363000
1475,773,810,1557930,15678,676392,5076700
1476,792,845,1557138,15625,677237,4547700
1477,772,780,1556366,15617,678017,4705600
1478,791,772,1555575,15636,678789,4663600
1479,788,788,1554787,15636,679577,4921800
1480,769,755,1554018,15650,680332,4927800
1481,801,741,1553217,15710,681073,5037100
1482,770,755,1552447,15725,681828,4606200
1483,706,774,1551741,15657,682602,4461600
1484,789,757,1550952,15689,683359,4418600
1485,748,750,1550204,15687,684109,4359100
1486,782,788,1549422,15681,684897,4343300
1487,789,777,1548633,15693,685674,4402500
1488,786,840,1547847,15639,686514,4454600
1489,739,820,1547108,15558,687334,4433300
1490,753,753,1546355,15558,688087,4658100
1491,753,753,1545602,15558,688840,4423900
1492,737,736,1544865,15559,689576,4487900
1493,752,797,1544113,15514,690373,5418900
1494,749,773,1543364,15490,691146,4648200
1495,768,737,1542596,15521,691883,4362200
1496,748,760,1541848,15509,692643,4638800
1497,762,802,1541086,15469,693445,4583700
1498,765,760,1540321,15474,694205,4405800
1499,794,821,1539527,15447,695026,4879500
1500,788,729,1538739,15506,695755,4545700
1501,785,765,1537954,15526,696520,4624200
1502,778,739,1537176,15565,697259,4629900
1503,724,763,1536452,15526,698022,4544600
1504,780,747,1535672,15559,698769,4502900
1505,727,811,1534945,15475,699580,4453300
1506,806,787,1534139,15494,700367,4451500
1507,763,776,1533376,15481,701143,4279000
1508,760,768,1532616,15473,701911,4704800
1509,720,743,1531896,15450,702654,4417000
1510,748,827,1531148,15371,703481,4317300
1511,754,756,1530394,15369,704237,4534700
1512,786,806,1529608,15349,705043,4456400
1513,757,741,1528851,15365,705784,4617100
1514,768,761,1528083,15372,706545,4425200
1515,747,796,1527336,15323,707341,4378800
1516,723,771,1526613,15275,708112,4292100
1517,740,718,1525873,15297,708830,4534800
1518,788,780,1525085,15305,709610,4550400
1519,756,761,1524329,15300,710371,4809600
1520,786,788,1523543,15298,711159,4795000
1521,708,771,1522835,15235,711930,4413100
1522,722,726,1522113,15231,712656,4465700
1523,731,783,1521382,15179,713439,4281100
1524,710,716,1520672,15173,714155,4290000
1525,741,753,1519931,15161,714908,4311900
1526,751,754,1519180,15158,715662,4327800
1527,716,734,1518464,15140,716396,4385600
1528,743,729,1517721,15154,717125,4345400
1529,756,752,1516965,15158,717877,4388500
1530,791,789,1516174,15160,718666,4408900
1531,777,798,1515397,15139,719464,4556100
1532,741,768,1514656,15112,720232,4364500
1533,787,744,1513869,15155,720976,4545000
1534,773,742,1513096,15186,721718,4462500
1535,784,777,1512312,15193,722495,4496500
1536,772,757,1511540,15208,723252,4408500
1537,770,756,1510770,15222,724008,4430400
1538,758,797,1510012,15183,724805,4311900
1539,807,724,1509205,15266,725529,4355700
1540,830,797,1508375,15299,726326,4308800
1541,789,763,1507586,15325,727089,4348600
1542,778,746,1506808,15357,727835,4379300
1543,830,783,1505978,15404,728618,4508700
1544,794,793,1505184,15405,729411,4607900
1545,805,784,1504379,15426,730195,4668800
1546,794,806,1503585,15414,731001,4449700
1547,832,783,1502753,15463,731784,4472500
1548,790,717,1501963,15536,732501,4528900
1549,766,775,1501197,15527,733276,4753500
1550,804,764,1500393,15567,734040,4685100
1551,794,767,1499599,15594,734807,4712300
1552,760,782,1498839,15572,735589,5013600
1553,806,766,1498033,15612,736355,4966400
1554,822,819,1497211,15615,737174,4986700
1555,766,781,1496445,15600,737955,4640100
1556,824,781,1495621,15643,738736,4801600
1557,764,766,1494857,15641,739502,4974700
1558,758,759,1494099,15640,740261,4622600
1559,743,780,1493356,15603,741041,4613600
1560,752,760,1492604,15595,741801,4694300
1561,743,778,1491861,15560,742579,4570700
1562,762,760,1491099,15562,743339,4435400
1563,779,723,1490320,15618,744062,4441400
1564,773,805,1489547,15586,744867,4460600
1565,785,758,1488762,15613,745625,4347000
1566,791,799,1487971,15605,746424,4333000
1567,784,759,1487187,15630,747183,4585700
1568,798,768,1486389,15660,747951,4400300
1569,803,733,1485586,15730,748684,4890700
1570,784,773,1484802,15741,749457,4595800
1571,791,846,1484011,15686,750303,4458900
1572,767,785,1483244,15668,751088,4392900
1573,796,763,1482448,15701,751851,4695200
1574,807,767,1481641,15741,752618,4572800
1575,797,814,1480844,15724,753432,4532700
1576,846,796,1479998,15774,754228,4613800
1577,794,815,1479204,15753,755043,4698800
1578,770,742,1478434,15781,755785,4515400
1579,767,800,1477667,15748,756585,4456400
1580,786,787,1476881,15747,757372,4382200
1581,798,786,1476083,15759,758158,4911000
1582,825,784,1475258,15800,758942,4723900
1583,808,833,1474450,15775,759775,4573900
1584,757,803,1473693,15729,760578,4528800
1585,787,761,1472906,15755,761339,4404300
1586,778,721,1472128,15812,762060,4409400
1587,824,801,1471304,15835,762861,4660700
1588,753,763,1470551,15825,763624,4442200
1589,816,787,1469735,15854,764411,4373100
1590,765,832,1468970,15787,765243,4700600
1591,769,782,1468201,15774,766025,4427600
1592,897,862,1467304,15809,766887,4372600
1593,803,799,1466501,15813,767686,4346300
1594,827,787,1465674,15853,768473,4600500
1595,732,786,1464942,15799,769259,4509400
1596,805,819,1464137,15785,770078,4487100
1597,769,715,1463368,15839,770793,4631300
1598,797,809,1462571,15827,771602,4323400
1599,768,818,1461803,15777,772420,4323200
1600,830,864,1460973,15743,773284,4391600
1601,819,797,1460154,15765,774081,4355200
1602,787,790,1459367,15762,774871,4347700
1603,816,810,1458551,15768,775681,4349600
1604,847,768,1457704,15847,776449,4398800
1605,777,859,1456927,15765,777308,4409200
1606,780,788,1456147,15757,778096,5001000
1607,769,843,1455378,15683,778939,4550000
1608,761,787,1454617,15657,779726,4566200
1609,882,783,1453735,15756,780509,4823900
1610,772,771,1452963,15757,781280,4920600
1611,790,790,1452173,15757,782070,4554600
1612,751,761,1451422,15747,782831,4556400
1613,782,776,1450640,15753,783607,4573300
1614,800,803,1449840,15750,784410,4547900
1615,770,781,1449070,15739,785191,4482800
1616,766,772,1448304,15733,785963,4587100
1617,759,800,1447545,15692,786763,4633900
1618,804,745,1446741,15751,787508,4508500
1619,809,794,1445932,15766,788302,4642100
1620,757,816,1445175,15707,789118,4576600
1621,779,740,1444396,15746,789858,4586100
1622,793,781,1443603,15758,790639,4712300
1623,782,789,1442821,15751,791428,4709700
1624,808,769,1442013,15790,792197,4569100
1625,788,783,1441225,15795,792980,4530500
1626,804,771,1440421,15828,793751,4824400
1627,763,789,1439658,15802,794540,4925400
1628,775,761,1438883,15816,795301,4639000
1629,798,766,1438085,15848,796067,4575200
1630,812,779,1437273,15881,796846,4520800
1631,820,769,1436453,15932,797615,4467600
1632,806,823,1435647,15915,798438,4489800
1633,737,794,1434910,15858,799232,4513500
1634,773,857,1434137,15774,800089,4551900
1635,810,774,1433327,15810,800863,4558100
1636,733,749,1432594,15794,801612,4579500
1637,758,813,1431836,15739,802425,4529700
1638,804,765,1431032,15778,803190,4456200
1639,808,757,1430224,15829,803947,4943000
1640,749,772,1429475,15806,804719,4807800
1641,788,795,1428687,15799,805514,4849800
1642,784,758,1427903,15825,806272,4493500
1643,745,745,1427158,15825,807017,4728400
1644,802,799,1426356,15828,807816,4947500
1645,778,770,1425578,15836,808586,4777100
1646,736,836,1424842,15736,809422,4455500
1647,816,793,1424026,15759,810215,4611700
1648,790,762,1423236,15787,810977,4685500
1649,811,828,1422425,15770,811805,4666300
1650,774,803,1421651,15741,812608,4549100
1651,761,746,1420890,15756,813354,4527100
1652,775,783,1420115,15748,814137,4436300
1653,708,816,1419407,15640,814953,4302500
1654,738,778,1418669,15600,815731,4364600
1655,802,748,1417867,15654,816479,4344000
1656,788,794,1417079,15648,817273,4288700
1657,778,811,1416301,15615,818084,4330300
1658,774,722,1415527,15667,818806,4415100
1659,833,740,1414694,15760,819546,4452200
1660,827,754,1413867,15833,820300,4609600
1661,810,812,1413057,15831,821112,4785600
1662,840,794,1412217,15877,821906,4388100
1663,796,755,1411421,15918,822661,4433300
1664,794,812,1410627,15900,823473,4752400
1665,787,817,1409840,15870,824290,4509300
1666,797,803,1409043,15864,825093,4696800
1667,744,787,1408299,15821,825880,4505600
1668,836,782,1407463,15875,826662,4348100
1669,797,818,1406666,15854,827480,4956700
1670,783,794,1405883,15843,828274,4726000
1671,792,777,1405091,15858,829051,4393800
1672,848,834,1404243,15872,829885,4707400
1673,847,829,1403396,15890,830714,4429200
1674,790,826,1402606,15854,831540,4593900
1675,837,751,1401769,15940,832291,4576100
1676,779,778,1400990,15941,833069,4493300
1677,805,772,1400185,15974,833841,4410900
1678,835,723,1399350,16086,834564,4526200
1679,783,800,1398567,16069,835364,4398800
1680,800,826,1397767,16043,836190,4316100
1681,768,790,1396999,16021,836980,4357200
1682,758,794,1396241,15985,837774,4382300
1683,790,807,1395451,15968,838581,4485800
1684,768,800,1394683,15936,839381,4300100
1685,768,794,1393915,15910,840175,4396800
1686,713,788,1393202,15835,840963,4533200
1687,784,796,1392418,15823,841759,4489200
1688,750,757,1391668,15816,842516,4692200
1689,703,783,1390965,15736,843299,4369200
1690,735,778,1390230,15693,844077,4353800
1691,735,770,1389495,15658,844847,4615900
1692,726,798,1388769,15586,845645,4400500
1693,746,793,1388023,15539,846438,4295000
1694,682,810,1387341,15411,847248,4483200
1695,734,771,1386607,15374,848019,4445100
1696,747,761,1385860,15360,848780,4383700
1697,731,740,1385129,15351,849520,4420800
1698,708,771,1384421,15288,850291,4499700
1699,744,823,1383677,15209,851114,4486200
1700,753,728,1382924,15234,851842,4490800
1701,785,726,1382139,15293,852568,4665900
1702,715,737,1381424,15271,853305,4979900
1703,756,715,1380668,15312,854020,4808200
1704,764,725,1379904,15351,854745,4440100
1705,756,759,1379148,15348,855504,4332300
1706,757,791,1378391,15314,856295,4466700
1707,757,767,1377634,15304,857062,4519400
1708,758,776,1376876,15286,857838,4383600
1709,743,782,1376133,15247,858620,4359900
1710,739,759,1375394,15227,859379,4584900
1711,755,767,1374639,15215,860146,4382100
1712,756,770,1373883,15201,860916,4437800
1713,745,764,1373138,15182,861680,4365300
1714,740,741,1372398,15181,862421,4599100
1715,752,755,1371646,15178,863176,4527700
1716,719,787,1370927,15110,863963,4481100
1717,734,758,1370193,15086,864721,4371200
1718,754,754,1369439,15086,865475,4333600
1719,675,750,1368764,15011,866225,4345700
1720,765,734,1367999,15042,866959,4312500
1721,737,787,1367262,14992,867746,4325200
1722,732,791,1366530,14933,868537,4348000
1723,746,730,1365784,14949,869267,4351600
1724,744,742,1365040,14951,870009,4420200
1725,720,759,1364320,14912,870768,4406200
1726,672,773,1363648,14811,871541,4530400
1727,746,755,1362902,14802,872296,4950100
1728,746,663,1362156,14885,872959,4756500
1729,753,754,1361403,14884,873713,4509100
1730,753,756,1360650,14881,874469,4490600
1731,716,768,1359934,14829,875237,4282000
1732,726,764,1359208,14791,876001,4386200
1733,733,733,1358475,14791,876734,4380700
1734,739,734,1357736,14796,877468,4339600
1735,696,697,1357040,14795,878165,4297100
1736,747,760,1356293,14782,878925,4442800
1737,728,707,1355565,14803,879632,4364800
1738,767,774,1354798,14796,880406,4413900
1739,773,729,1354025,14840,881135,4378700
1740,742,744,1353283,14838,881879,4366100
1741,750,751,1352533,14837,882630,4484500
1742,745,724,1351788,14858,883354,4548700
1743,774,748,1351014,14884,884102,4381300
1744,738,747,1350276,14875,884849,4337800
1745,739,760,1349537,14854,885609,4497100
1746,752,706,1348785,14900,886315,4736000
1747,747,709,1348038,14938,887024,4658000
1748,756,721,1347282,14973,887745,4713300
1749,698,770,1346584,14901,888515,4751400
1750,745,735,1345839,14911,889250,4973900
1751,792,741,1345047,14962,889991,4957400
1752,794,734,1344253,15022,890725,4568100
1753,748,715,1343505,15055,891440,4463700
1754,764,792,1342741,15027,892232,4682600
1755,798,684,1341943,15141,892916,4614800
1756,791,718,1341152,15214,893634,4433400
1757,750,739,1340402,15225,894373,4573700
1758,782,746,1339620,15261,895119,4513300
1759,730,769,1338890,15222,895888,4386000
1760,794,770,1338096,15246,896658,4573800
1761,793,769,1337303,15270,897427,4366000
1762,738,788,1336565,15220,898215,4311300
1763,770,761,1335795,15229,898976,4373400
1764,772,755,1335023,15246,899731,4363400
1765,753,708,1334270,15291,900439,4304300
1766,752,799,1333518,15244,901238,4319300
1767,751,784,1332767,15211,902022,4677200
1768,747,763,1332020,15195,902785,4448700
1769,779,774,1331241,15200,903559,4377000
1770,760,733,1330481,15227,904292,4601100
1771,763,781,1329718,15209,905073,4509800
1772,771,749,1328947,15231,905822,4433100
1773,753,750,1328194,15234,906572,4451500
1774,695,791,1327499,15138,907363,4481500
1775,736,699,1326763,15175,908062,4552400
1776,796,783,1325967,15188,908845,4599200
1777,789,766,1325178,15211,909611,4400300
1778,756,771,1324422,15196,910382,4576800
1779,796,730,1323626,15262,911112,4593600
1780,729,737,1322897,15254,911849,4654500
1781,746,767,1322151,15233,912616,4887600
1782,762,734,1321389,15261,913350,4803500
1783,707,733,1320682,15235,914083,4587400
1784,733,749,1319949,15219,914832,4588200
1785,792,801,1319157,15210,915633,4499500
1786,734,770,1318423,15174,916403,4488700
1787,687,754,1317736,15107,917157,4368000
1788,774,766,1316962,15115,917923,4467600
1789,748,788,1316214,15075,918711,4403200
1790,740,773,1315474,15042,919484,4391200
1791,796,735,1314678,15103,920219,4460500
1792,744,725,1313934,15122,920944,4390200
1793,714,753,1313220,15083,921697,4410100
1794,730,817,1312490,14996,922514,4511600
1795,742,746,1311748,14992,923260,4589900
1796,722,732,1311026,14982,923992,4494600
1797,740,829,1310286,14893,924821,4352000
1798,737,741,1309549,14889,925562,4551900
1799,725,786,1308824,14828,926348,4425000
1800,732,780,1308092,14780,927128,4441000
1801,727,768,1307365,14739,927896,4376500
1802,696,735,1306669,14700,928631,4477600
1803,721,745,1305948,14676,929376,4340800
1804,724,716,1305224,14684,930092,4466900
1805,714,757,1304510,14641,930849,4511700
1806,727,768,1303783,14600,931617,4336100
1807,744,740,1303039,14604,932357,4624400
1808,694,780,1302345,14518,933137,4662400
1809,692,720,1301653,14490,933857,4422700
1810,680,750,1300973,14420,934607,4378800
1811,720,732,1300253,14408,935339,4648800
1812,678,764,1299575,14322,936103,4376700
1813,711,719,1298864,14314,936822,4304200
1814,723,728,1298141,14309,937550,4458400
1815,708,720,1297433,14297,938270,4482300
1816,734,718,1296699,14313,938988,4343700
1817,748,709,1295951,14352,939697,4564500
1818,739,716,1295212,14375,940413,4445800
1819,664,729,1294548,14310,941142,4434400
1820,688,741,1293860,14257,941883,4656600
1821,687,733,1293173,14211,942616,4906300
1822,656,725,1292517,14142,943341,4635100
1823,721,720,1291796,14143,944061,4435700
1824,756,678,1291040,14221,944739,4364400
1825,696,717,1290344,14200,945456,4309700
1826,723,788,1289621,14135,946244,4464100
1827,682,728,1288939,14089,946972,4765900
1828,724,686,1288215,14127,947658,4317100
1829,692,735,1287523,14084,948393,4692000
1830,727,694,1286796,14117,949087,4285800
1831,728,686,1286068,14159,949773,4294000
1832,687,694,1285381,14152,950467,4410300
1833,744,721,1284637,14175,951188,4513000
1834,709,733,1283928,14151,951921,4499200
1835,672,704,1283256,14119,952625,4702800
1836,721,711,1282535,14129,953336,4652100
1837,695,710,1281840,14114,954046,4377700
1838,702,693,1281138,14123,954739,4323400
1839,738,667,1280400,14194,955406,4350300
1840,714,666,1279686,14242,956072,4357500
1841,726,708,1278960,14260,956780,4326000
1842,708,680,1278252,14288,957460,4534500
1843,717,741,1277535,14264,958201,4380800
1844,685,706,1276850,14243,958907,4333100
1845,742,733,1276108,14252,959640,4771100
1846,700,696,1275408,14256,960336,4373500
1847,710,714,1274698,14252,961050,4399400
1848,733,725,1273965,14260,961775,4584400
1849,718,721,1273247,14257,962496,4749500
1850,732,757,1272515,14232,963253,4386000
1851,680,722,1271835,14190,963975,4317300
1852,664,680,1271171,14174,964655,4409200
1853,726,686,1270445,14214,965341,4280000
1854,729,685,1269716,14258,966026,4330400
1855,720,709,1268996,14269,966735,4403800
1856,684,736,1268312,14217,967471,4584700
1857,676,707,1267636,14186,968178,4529200
1858,694,730,1266942,14150,968908,4721100
1859,735,726,1266207,14159,969634,4531600
1860,677,667,1265530,14169,970301,4580600
1861,737,728,1264793,14178,971029,4587400
1862,711,710,1264082,14179,971739,4606700
1863,731,668,1263351,14242,972407,4693000
1864,730,687,1262621,14285,973094,4675400
1865,715,698,1261906,14302,973792,4786100
1866,726,724,1261180,14304,974516,4630800
1867,670,656,1260510,14318,975172,4655100
1868,692,728,1259818,14282,975900,4808600
1869,673,711,1259145,14244,976611,4696900
1870,670,645,1258475,14269,977256,4834800
1871,695,740,1257780,14224,977996,4457500
1872,642,697,1257138,14169,978693,4469400
1873,614,680,1256524,14103,979373,4461800
1874,640,723,1255884,14020,980096,4939100
1875,682,726,1255202,13976,980822,5211900
1876,669,665,1254533,13980,981487,5169800
1877,696,692,1253837,13984,982179,4993800
1878,661,706,1253176,13939,982885,5508300
1879,671,699,1252505,13911,983584,4672600
1880,675,691,1251830,13895,984275,4518600
1881,665,682,1251165,13878,984957,4491600
1882,670,728,1250495,13820,985685,4734000
1883,663,749,1249832,13734,986434,4400000
1884,673,701,1249159,13706,987135,4428700
1885,689,659,1248470,13736,987794,4448300
1886,675,689,1247795,13722,988483,4444500
1887,684,658,1247111,13748,989141,4466500
1888,673,670,1246438,13751,989811,4573700
1889,646,668,1245792,13729,990479,4581900
1890,653,664,1245139,13718,991143,4512000
1891,685,705,1244454,13698,991848,4492800
1892,712,657,1243742,13753,992505,4723400
1893,696,696,1243046,13753,993201,4556300
1894,680,692,1242366,13741,993893,4748400
1895,668,658,1241698,13751,994551,5024200
1896,717,703,1240981,13765,995254,4580900
1897,654,735,1240327,13684,995989,4545500
1898,705,687,1239622,13702,996676,4568700
1899,721,662,1238901,13761,997338,4643400
1900,665,685,1238236,13741,998023,4345400
1901,717,666,1237519,13792,998689,4399100
1902,638,668,1236881,13762,999357,4618700
1903,664,691,1236217,13735,1000048,4467800
1904,716,735,1235501,13716,1000783,4659700
1905,694,667,1234807,13743,1001450,4494600
1906,659,670,1234148,13732,1002120,4373300
1907,687,652,1233461,13767,1002772,4470200
1908,680,648,1232781,13799,1003420,4379600
1909,715,678,1232066,13836,1004098,4305600
1910,725,677,1231341,13884,1004775,4284400
1911,693,673,1230648,13904,1005448,4403400
1912,672,661,1229976,13915,1006109,4311200
1913,706,684,1229270,13937,1006793,4272700
1914,698,718,1228572,13917,1007511,4404700
1915,692,652,1227880,13957,1008163,4476300
1916,680,675,1227200,13962,1008838,4676100
1917,648,666,1226552,13944,1009504,4369100
1918,648,649,1225904,13943,1010153,4317300
1919,697,655,1225207,13985,1010808,4332000
1920,666,730,1224541,13921,1011538,4334000
1921,708,674,1223833,13955,1012212,4504700
1922,657,737,1223176,13875,1012949,4353700
1923,699,685,1222477,13889,1013634,4333800
1924,702,701,1221775,13890,1014335,4329000
1925,707,716,1221068,13881,1015051,4357900
1926,699,668,1220369,13912,1015719,4271900
1927,686,683,1219683,13915,1016402,4511800
1928,696,663,1218987,13948,1017065,4380900
1929,743,683,1218244,14008,1017748,4605000
1930,702,660,1217542,14050,1018408,4505800
1931,648,669,1216894,14029,1019077,4426400
1932,656,703,1216238,13982,1019780,4371600
1933,683,668,1215555,13997,1020448,4454700
1934,669,726,1214886,13940,1021174,4495600
1935,669,667,1214217,13942,1021841,4421500
1936,670,673,1213547,13939,1022514,4403800
1937,715,675,1212832,13979,1023189,4881600
1938,695,677,1212137,13997,1023866,4444600
1939,656,709,1211481,13944,1024575,4541600
1940,660,672,1210821,13932,1025247,4478900
1941,655,695,1210166,13892,1025942,4559100
1942,683,738,1209483,13837,1026680,4313400
1943,665,696,1208818,13806,1027376,4537000
1944,694,676,1208124,13824,1028052,4459000
1945,666,735,1207458,13755,1028787,4312000
1946,683,692,1206775,13746,1029479,4311900
1947,700,669,1206075,13777,1030148,4734300
1948,674,688,1205401,13763,1030836,4575000
1949,676,677,1204725,13762,1031513,4516000
1950,663,721,1204062,13704,1032234,4567300
1951,639,732,1203423,13611,1032966,4731700
1952,664,691,1202759,13584,1033657,4921700
1953,685,699,1202074,13570,1034356,4928800
1954,647,665,1201427,13552,1035021,4702800
1955,690,687,1200737,13555,1035708,4547400
1956,648,633,1200089,13570,1036341,4669600
1957,659,675,1199430,13554,1037016,4567300
1958,703,672,1198727,13585,1037688,4343000
1959,676,692,1198051,13569,1038380,4675300
1960,649,700,1197402,13518,1039080,4451300
1961,721,718,1196681,13521,1039798,4555900
1962,685,684,1195996,13522,1040482,4751700
1963,661,666,1195335,13517,1041148,4522600
1964,634,643,1194701,13508,1041791,4507900
1965,700,696,1194001,13512,1042487,4442500
1966,652,655,1193349,13509,1043142,4557900
1967,631,674,1192718,13466,1043816,4423200
1968,640,639,1192078,13467,1044455,4608100
1969,671,659,1191407,13479,1045114,4593000
1970,659,693,1190748,13445,1045807,4693000
1971,624,657,1190124,13412,1046464,4550600
1972,672,657,1189452,13427,1047121,4655100
1973,660,639,1188792,13448,1047760,4707000
1974,690,718,1188102,13420,1048478,4692000
1975,652,671,1187450,13401,1049149,4793800
1976,701,623,1186749,13479,1049772,4747900
1977,678,698,1186071,13459,1050470,4658600
1978,667,664,1185404,13462,1051134,4997400
1979,662,682,1184742,13442,1051816,4557100
1980,648,647,1184094,13443,1052463,4389500
1981,695,676,1183399,13462,1053139,4595500
1982,672,692,1182727,13442,1053831,4488000
1983,670,638,1182057,13474,1054469,4601100
1984,699,719,1181358,13454,1055188,4617100
1985,711,636,1180647,13529,1055824,4549300
1986,707,650,1179940,13586,1056474,4573800
1987,691,658,1179249,13619,1057132,4397200
1988,688,681,1178561,13626,1057813,4449200
1989,692,697,1177869,13621,1058510,4350700
1990,718,699,1177151,13640,1059209,4300800
1991,700,654,1176451,13686,1059863,4350700
1992,713,686,1175738,13713,1060549,4448500
1993,676,679,1175062,13710,1061228,4448200
1994,651,698,1174411,13663,1061926,4852600
1995,685,706,1173726,13642,1062632,4524000
1996,689,726,1173037,13605,1063358,4420700
1997,651,672,1172386,13584,1064030,4576800
1998,676,703,1171710,13557,1064733,4586200
1999,670,700,1171040,13527,1065433,4804000
2000,651,669,1170389,13509,1066102,4309800
2001,630,649,1169759,13490,1066751,4404600
2002,644,688,1169115,13446,1067439,4320100
2003,677,644,1168438,13479,1068083,4256600
2004,680,694,1167758,13465,1068777,4385500
2005,673,669,1167085,13469,1069446,4891400
2006,724,713,1166361,13480,1070159,5021600
2007,599,678,1165762,13401,1070837,4801100
2008,638,704,1165124,13335,1071541,5228400
2009,694,654,1164430,13375,1072195,4555100
2010,670,624,1163760,13421,1072819,4412500
2011,683,702,1163077,13402,1073521,4468100
2012,649,634,1162428,13417,1074155,4457100
2013,702,682,1161726,13437,1074837,4631900
2014,674,644,1161052,13467,1075481,4704700
2015,683,696,1160369,13454,1076177,4490700
2016,704,662,1159665,13496,1076839,4811800
2017,691,681,1158974,13506,1077520,4705100
2018,663,667,1158311,13502,1078187,4709300
2019,654,699,1157657,13457,1078886,4577900
2020,670,660,1156987,13467,1079546,5031700
2021,649,693,1156338,13423,1080239,4802100
2022,651,705,1155687,13369,1080944,4993300
2023,639,663,1155048,13345,1081607,4577000
2024,662,663,1154386,13344,1082270,4451100
2025,694,629,1153692,13409,1082899,4564000
2026,647,690,1153045,13366,1083589,4917900
2027,660,667,1152385,13359,1084256,4554400
2028,589,662,1151796,13286,1084918,4419600
2029,628,636,1151168,13278,1085554,4556900
2030,704,695,1150464,13287,1086249,4465500
2031,713,618,1149751,13382,1086867,4353600
2032,676,614,1149075,13444,1087481,4605900
2033,689,632,1148386,13501,1088113,4636700
2034,692,697,1147694,13496,1088810,4761300
2035,725,670,1146969,13551,1089480,4734100
2036,636,675,1146333,13512,1090155,4651200
2037,652,680,1145681,13484,1090835,4779200
2038,638,650,1145043,13472,1091485,4714200
2039,663,652,1144380,13483,1092137,4778500
2040,661,705,1143719,13439,1092842,4753300
2041,672,658,1143047,13453,1093500,4705000
2042,631,662,1142416,13422,1094162,4800900
2043,654,673,1141762,13403,1094835,4648400
2044,704,731,1141058,13376,1095566,4847200
2045,701,700,1140357,13377,1096266,4802100
2046,615,661,1139742,13331,1096927,4695200
2047,674,633,1139068,13372,1097560,4630800
2048,649,675,1138419,13346,1098235,4674400
2049,648,670,1137771,13324,1098905,4778000
2050,605,632,1137166,13297,1099537,4643000
2051,677,670,1136489,13304,1100207,4673300
2052,676,647,1135813,13333,1100854,4904400
2053,678,674,1135135,13337,1101528,4692000
2054,657,689,1134478,13305,1102217,4692000
2055,619,689,1133859,13235,1102906,4702400
2056,649,605,1133210,13279,1103511,4629200
2057,637,678,1132573,13238,1104189,5061200
2058,650,687,1131923,13201,1104876,4801300
2059,658,669,1131265,13190,1105545,4810500
2060,674,669,1130591,13195,1106214,4681900
2061,637,671,1129954,13161,1106885,4686500
2062,581,675,1129373,13067,1107560,4714800
2063,640,606,1128733,13101,1108166,4617100
2064,662,658,1128071,13105,1108824,4742600
2065,618,692,1127453,13031,1109516,4618800
2066,661,635,1126792,13057,1110151,4399000
2067,641,653,1126151,13045,1110804,4609700
2068,647,626,1125504,13066,1111430,4389800
2069,691,663,1124813,13094,1112093,4261900
2070,662,713,1124151,13043,1112806,4653300
2071,638,637,1123513,13044,1113443,4622100
2072,640,629,1122873,13055,1114072,4309600
2073,704,623,1122169,13136,1114695,4513600
2074,634,621,1121535,13149,1115316,4480800
2075,619,677,1120916,13091,1115993,4348300
2076,658,651,1120258,13098,1116644,4247800
2077,663,606,1119595,13155,1117250,4508200
2078,692,638,1118903,13209,1117888,4314600
2079,725,662,1118178,13272,1118550,4473400
2080,677,725,1117501,13224,1119275,4456000
2081,698,670,1116803,13252,1119945,4579600
2082,655,624,1116148,13283,1120569,5409900
2083,634,675,1115514,13242,1121244,4995900
2084,666,691,1114848,13217,1121935,4923100
2085,672,677,1114176,13212,1122612,4985500
2086,663,631,1113513,13244,1123243,4874600
2087,661,630,1112852,13275,1123873,4570400
2088,651,662,1112201,13264,1124535,4362900
2089,670,674,1111531,13260,1125209,4347800
2090,640,658,1110891,13242,1125867,4288000
2091,674,607,1110217,13309,1126474,4246300
2092,662,694,1109555,13277,1127168,4392500
2093,684,638,1108871,13323,1127806,4464800
2094,610,663,1108261,13270,1128469,4424300
2095,639,640,1107622,13269,1129109,4280000
2096,673,650,1106949,13292,1129759,4335000
2097,616,615,1106333,13293,1130374,4325300
2098,631,661,1105702,13263,1131035,4273400
2099,652,688,1105050,13227,1131723,4425000
2100,678,617,1104372,13288,1132340,4708200
2101,641,624,1103731,13305,1132964,4683800
2102,659,671,1103072,13293,1133635,4496000
2103,705,672,1102367,13326,1134307,4646900
2104,644,652,1101723,13318,1134959,4403800
2105,674,671,1101049,13321,1135630,4394900
2106,657,703,1100392,13275,1136333,4548600
2107,697,644,1099695,13328,1136977,4888700
2108,711,644,1098984,13395,1137621,4738700
2109,692,653,1098292,13434,1138274,4757700
2110,718,684,1097574,13468,1138958,5410500
2111,710,689,1096864,13489,1139647,5139900
2112,664,671,1096200,13482,1140318,5094500
2113,636,678,1095564,13440,1140996,4858700
2114,663,658,1094901,13445,1141654,4757900
2115,677,682,1094224,13440,1142336,4648900
2116,654,650,1093570,13444,1142986,4735400
2117,649,697,1092921,13396,1143683,4672500
2118,633,671,1092288,13358,1144354,4553200
2119,679,680,1091609,13357,1145034,4650800
2120,624,666,1090985,13315,1145700,4667700
2121,634,655,1090351,13294,1146355,4888900
2122,606,679,1089745,13221,1147034,4889000
2123,685,666,1089060,13240,1147700,4657400
2124,646,633,1088414,13253,1148333,4961300
2125,645,655,1087769,13243,1148988,4579300
2126,626,679,1087143,13190,1149667,4705100
2127,644,637,1086499,13197,1150304,4509300
2128,652,673,1085847,13176,1150977,4604700
2129,680,650,1085167,13206,1151627,4585100
2130,675,662,1084492,13219,1152289,4558600
2131,689,618,1083803,13290,1152907,4655000
2132,670,647,1083133,13313,1153554,4615400
2133,663,653,1082470,13323,1154207,4780500
2134,663,640,1081807,13346,1154847,4757700
2135,664,639,1081143,13371,1155486,4708400
2136,653,657,1080490,13367,1156143,4836100
2137,673,680,1079817,13360,1156823,4617600
2138,637,651,1079180,13346,1157474,4801500
2139,632,710,1078548,13268,1158184,4534900
2140,667,627,1077881,13308,1158811,4741200
2141,640,652,1077241,13296,1159463,4521700
2142,667,646,1076574,13317,1160109,4571600
2143,651,657,1075923,13311,1160766,4623100
2144,675,643,1075248,13343,1161409,4618100
2145,674,622,1074574,13395,1162031,4777000
2146,659,718,1073915,13336,1162749,4731100
2147,687,677,1073228,13346,1163426,4711100
2148,661,655,1072567,13352,1164081,4560600
2149,685,634,1071882,13403,1164715,4589200
2150,656,635,1071226,13424,1165350,4741300
2151,715,644,1070511,13495,1165994,4806600
2152,709,646,1069802,13558,1166640,4720500
2153,731,660,1069071,13629,1167300,4598200
2154,725,729,1068346,13625,1168029,4823700
2155,708,666,1067638,13667,1168695,4681900
2156,685,669,1066953,13683,1169364,4946200
2157,672,642,1066281,13713,1170006,4538600
2158,660,641,1065621,13732,1170647,4887300
2159,697,729,1064924,13700,1171376,4838400
2160,697,717,1064227,13680,1172093,4794500
2161,688,670,1063539,13698,1172763,4684900
2162,632,637,1062907,13693,1173400,4675900
2163,690,654,1062217,13729,1174054,4639000
2164,679,690,1061538,13718,1174744,4509700
2165,696,713,1060842,13701,1175457,4569400
2166,679,664,1060163,13716,1176121,4498200
2167,659,708,1059504,13667,1176829,4328900
2168,658,684,1058846,13641,1177513,4403600
2169,669,638,1058177,13672,1178151,4359100
2170,669,653,1057508,13688,1178804,4597200
2171,676,661,1056832,13703,1179465,4421100
2172,672,692,1056160,13683,1180157,4695500
2173,671,685,1055489,13669,1180842,4485900
2174,661,628,1054828,13702,1181470,4404700
2175,667,696,1054161,13673,1182166,4477500
2176,661,710,1053500,13624,1182876,4348500
2177,682,714,1052818,13592,1183590,4322400
2178,654,722,1052164,13524,1184312,4250700
2179,679,706,1051485,13497,1185018,4342900
2180,681,656,1050804,13522,1185674,4371900
2181,643,693,1050161,13472,1186367,4340700
2182,650,665,1049511,13457,1187032,4289700
2183,632,659,1048879,13430,1187691,4415600
2184,627,670,1048252,13387,1188361,4286700
2185,635,683,1047617,13339,1189044,4322300
2186,658,682,1046959,13315,1189726,4323200
2187,644,676,1046315,13283,1190402,4585100
2188,682,643,1045633,13322,1191045,4655800
2189,666,648,1044967,13340,1191693,4740400
2190,641,587,1044326,13394,1192280,4690700
2191,647,674,1043679,13367,1192954,4405100
2192,631,651,1043048,13347,1193605,4430200
2193,654,617,1042394,13384,1194222,4389200
2194,655,729,1041739,13310,1194951,4287300
2195,615,680,1041124,13245,1195631,4260600
2196,719,675,1040405,13289,1196306,4337000
2197,642,685,1039763,13246,1196991,4287700
2198,729,698,1039034,13277,1197689,4316100
2199,652,693,1038382,13236,1198382,4341400
2200,636,641,1037746,13231,1199023,4330700
2201,614,658,1037132,13187,1199681,4462900
2202,616,642,1036516,13161,1200323,4358800
2203,640,655,1035876,13146,1200978,4723600
2204,620,650,1035256,13116,1201628,4753900
2205,627,661,1034629,13082,1202289,4635400
2206,655,639,1033974,13098,1202928,4685400
2207,646,629,1033328,13115,1203557,4780600
2208,643,683,1032685,13075,1204240,4561300
2209,597,657,1032088,13015,1204897,4532300
2210,612,687,1031476,12940,1205584,4556300
2211,631,641,1030845,12930,1206225,4348400
2212,618,652,1030227,12896,1206877,4448800
2213,622,640,1029605,12878,1207517,4377900
2214,678,667,1028927,12889,1208184,4350000
2215,623,665,1028304,12847,1208849,4456900
2216,579,656,1027725,12770,1209505,4530500
2217,595,588,1027130,12777,1210093,4417000
2218,608,663,1026522,12722,1210756,4691300
2219,625,617,1025897,12730,1211373,4372900
2220,637,664,1025260,12703,1212037,4349000
2221,644,649,1024616,12698,1212686,4411100
2222,613,672,1024003,12639,1213358,4693200
2223,612,615,1023391,12636,1213973,4473500
2224,572,647,1022819,12561,1214620,4246600
2225,581,647,1022238,12495,1215267,4240800
2226,599,633,1021639,12461,1215900,4370300
2227,652,613,1020987,12500,1216513,4919100
2228,610,634,1020377,12476,1217147,4295900
2229,633,624,1019744,12485,1217771,4630900
2230,657,622,1019087,12520,1218393,4339500
2231,649,648,1018438,12521,1219041,4777400
2232,646,627,1017792,12540,1219668,4419000
2233,610,635,1017182,12515,1220303,4518900
2234,605,643,1016577,12477,1220946,4413200
2235,625,610,1015952,12492,1221556,4345600
2236,591,626,1015361,12457,1222182,4809200
2237,638,615,1014723,12480,1222797,4400200
2238,629,646,1014094,12463,1223443,4227700
2239,649,610,1013445,12502,1224053,4214700
2240,673,663,1012772,12512,1224716,4461100
2241,667,611,1012105,12568,1225327,4486200
2242,645,611,1011460,12602,1225938,4227200
2243,660,610,1010800,12652,1226548,4544300
2244,633,595,1010167,12690,1227143,4552100
2245,609,628,1009558,12671,1227771,4370600
2246,631,668,1008927,12634,1228439,4503300
2247,668,612,1008259,12690,1229051,4967800
2248,588,652,1007671,12626,1229703,4269400
2249,591,641,1007080,12576,1230344,4470100
2250,619,641,1006461,12554,1230985,4493700
2251,682,601,1005779,12635,1231586,4561000
2252,660,646,1005119,12649,1232232,4394800
2253,621,645,1004498,12625,1232877,4493500
2254,679,633,1003819,12671,1233510,4359000
2255,616,590,1003203,12697,1234100,4348300
2256,644,653,1002559,12688,1234753,5030000
2257,633,608,1001926,12713,1235361,4468800
2258,668,643,1001258,12738,1236004,4498600
2259,672,631,1000586,12779,1236635,4391500
2260,646,645,999940,12780,1237280,4554400
2261,670,607,999270,12843,1237887,4671800
2262,654,691,998616,12806,1238578,4839400
2263,656,650,997960,12812,1239228,4473600
2264,631,617,997329,12826,1239845,4385500
2265,653,636,996676,12843,1240481,4461700
2266,653,657,996023,12839,1241138,4399100
2267,662,631,995361,12870,1241769,4244500
2268,622,653,994739,12839,1242422,4526100
2269,673,665,994066,12847,1243087,4344400
2270,623,626,993443,12844,1243713,4787500
2271,644,686,992799,12802,1244399,4282800
2272,670,591,992129,12881,1244990,4333500
2273,660,643,991469,12898,1245633,4421800
2274,612,612,990857,12898,1246245,4650500
2275,658,614,990199,12942,1246859,4497000
2276,634,641,989565,12935,1247500,4409500
2277,623,644,988942,12914,1248144,4732500
2278,637,633,988305,12918,1248777,4581000
2279,690,647,987615,12961,1249424,5173400
2280,618,656,986997,12923,1250080,5016500
2281,684,609,986313,12998,1250689,4646900
2282,655,660,985658,12993,1251349,4883500
2283,640,632,985018,13001,1251981,4484900
2284,654,612,984364,13043,1252593,4537100
2285,643,651,983721,13035,1253244,4409900
2286,692,709,983029,13018,1253953,4405200
2287,685,626,982344,13077,1254579,4584800
2288,680,626,981664,13131,1255205,4954100
2289,712,622,980952,13221,1255827,4707800
2290,690,691,980262,13220,1256518,4600500
2291,698,693,979564,13225,1257211,4532400
2292,654,688,978910,13191,1257899,4484800
2293,629,658,978281,13162,1258557,4652000
2294,642,632,977639,13172,1259189,4420400
2295,665,708,976974,13129,1259897,4792900
2296,638,693,976336,13074,1260590,4945600
2297,642,659,975694,13057,1261249,4910100
2298,652,680,975042,13029,1261929,4725700
2299,646,700,974396,12975,1262629,5079300
2300,644,686,973752,12933,1263315,4852300
2301,620,653,973132,12900,1263968,4727500
2302,651,659,972481,12892,1264627,4680300
2303,643,643,971838,12892,1265270,4620500
2304,633,644,971205,12881,1265914,4519500
2305,689,637,970516,12933,1266551,4656400
2306,625,696,969891,12862,1267247,4551300
2307,659,621,969232,12900,1267868,4492900
2308,660,635,968572,12925,1268503,4521100
2309,679,618,967893,12986,1269121,4561600
2310,688,612,967205,13062,1269733,4588500
2311,662,674,966543,13050,1270407,5115300
2312,670,653,965873,13067,1271060,5411300
2313,679,664,965194,13082,1271724,5063600
2314,653,687,964541,13048,1272411,6186900
2315,656,601,963885,13103,1273012,5072100
2316,642,652,963243,13093,1273664,5716300
2317,643,623,962600,13113,1274287,4953800
2318,655,625,961945,13143,1274912,5047600
2319,604,630,961341,13117,1275542,4857400
2320,675,640,960666,13152,1276182,4852300
2321,670,697,959996,13125,1276879,5518200
2322,646,648,959350,13123,1277527,4879900
2323,656,685,958694,13094,1278212,5009500
2324,677,668,958017,13103,1278880,4812700
2325,641,686,957376,13058,1279566,4584600
2326,644,637,956732,13065,1280203,4655600
2327,652,672,956080,13045,1280875,4554100
2328,652,602,955428,13095,1281477,4502100
2329,637,663,954791,13069,1282140,4744800
2330,679,657,954112,13091,1282797,4817700
2331,676,672,953436,13095,1283469,5179200
2332,613,649,952823,13059,1284118,5320100
2333,675,684,952148,13050,1284802,5389600
2334,673,667,951475,13056,1285469,5768100
2335,653,644,950822,13065,1286113,5383300
2336,641,636,950181,13070,1286749,5662600
2337,667,631,949514,13106,1287380,6094800
2338,656,643,948858,13119,1288023,6291800
2339,665,631,948193,13153,1288654,5029300
2340,696,636,947497,13213,1289290,4987500
2341,651,675,946846,13189,1289965,5141100
2342,652,669,946194,13172,1290634,4985300
2343,646,666,945548,13152,1291300,5627000
2344,642,655,944906,13139,1291955,5408100
2345,636,686,944270,13089,1292641,5205100
2346,652,703,943618,13038,1293344,5384400
2347,654,652,942964,13040,1293996,5155700
2348,620,682,942344,12978,1294678,5143100
2349,601,656,941743,12923,1295334,5206900
2350,652,620,941091,12955,1295954,4867000
2351,640,640,940451,12955,1296594,4949800
2352,631,653,939820,12933,1297247,5517300
2353,625,626,939195,12932,1297873,5806000
2354,617,678,938578,12871,1298551,5670900
2355,607,681,937971,12797,1299232,5651100
2356,612,627,937359,12782,1299859,5344900
2357,632,615,936727,12799,1300474,5499000
2358,636,619,936091,12816,1301093,5190500
2359,613,654,935478,12775,1301747,5123000
2360,611,649,934867,12737,1302396,5266100
2361,614,641,934253,12710,1303037,5862200
2362,640,602,933613,12748,1303639,6374500
2363,589,620,933024,12717,1304259,8853800
2364,625,634,932399,12708,1304893,6624400
2365,634,626,931765,12716,1305519,6543600
2366,642,668,931123,12690,1306187,7036600
2367,658,656,930465,12692,1306843,6987600
2368,642,639,929823,12695,1307482,6150200
2369,618,633,929205,12680,1308115,5759400
2370,606,635,928599,12651,1308750,5133200
2371,655,629,927944,12677,1309379,5147800
2372,570,627,927374,12620,1310006,4974600
2373,574,633,926800,12561,1310639,8063000
2374,620,638,926180,12543,1311277,6938800
2375,637,618,925543,12562,1311895,5691600
2376,623,612,924920,12573,1312507,5705900
2377,623,639,924297,12557,1313146,5278900
2378,640,672,923657,12525,1313818,5845000
2379,617,637,923040,12505,1314455,5782700
2380,622,635,922418,12492,1315090,5381600
2381,620,627,921798,12485,1315717,5611600
2382,619,646,921179,12458,1316363,6180300
2383,610,594,920569,12474,1316957,5771800
2384,606,625,919963,12455,1317582,5650300
2385,624,637,919339,12442,1318219,5106800
2386,591,585,918748,12448,1318804,5390400
2387,631,612,918117,12467,1319416,5037800
2388,713,648,917404,12532,1320064,4946100
2389,632,631,916772,12533,1320695,5031200
2390,642,664,916130,12511,1321359,5106000
2391,598,604,915532,12505,1321963,4823600
2392,612,574,914920,12543,1322537,4864100
2393,625,634,914295,12534,1323171,4748400
2394,648,641,913647,12541,1323812,4696300
2395,631,622,913016,12550,1324434,4949400
2396,611,614,912405,12547,1325048,4928800
2397,638,626,911767,12559,1325674,5065300
2398,663,610,911104,12612,1326284,4729900
2399,599,610,910505,12601,1326894,4851100
2400,604,624,909901,12581,1327518,4923300
2401,616,635,909285,12562,1328153,5045200
2402,618,632,908667,12548,1328785,4788800
2403,617,626,908050,12539,1329411,4983600
2404,587,636,907463,12490,1330047,4778200
2405,576,643,906887,12423,1330690,4994600
2406,636,567,906251,12492,1331257,5026000
2407,582,671,905669,12403,1331928,4715600
2408,594,638,905075,12359,1332566,4903400
2409,605,591,904470,12373,1333157,4907100
2410,614,655,903856,12332,1333812,5057700
2411,659,626,903197,12365,1334438,5205200
2412,603,625,902594,12343,1335063,5699900
2413,570,637,902024,12276,1335700,4853500
2414,602,639,901422,12239,1336339,5428400
2415,614,614,900808,12239,1336953,5166700
2416,586,595,900222,12230,1337548,5051800
2417,581,601,899641,12210,1338149,4808600
2418,587,628,899054,12169,1338777,4658600
2419,603,625,898451,12147,1339402,5062900
2420,604,628,897847,12123,1340030,4701100
2421,638,602,897209,12159,1340632,5010800
2422,640,606,896569,12193,1341238,4742200
2423,618,626,895951,12185,1341864,4779400
2424,618,586,895333,12217,1342450,4623200
2425,621,631,894712,12207,1343081,4783600
2426,581,596,894131,12192,1343677,4595100
2427,624,616,893507,12200,1344293,4711200
2428,627,606,892880,12221,1344899,4884400
2429,652,574,892228,12299,1345473,4781500
2430,638,620,891590,12317,1346093,4840300
2431,634,633,890956,12318,1346726,4792300
2432,617,597,890339,12338,1347323,4604200
2433,627,658,889712,12307,1347981,4777300
2434,673,624,889039,12356,1348605,4563200
2435,623,588,888416,12391,1349193,4602200
2436,634,593,887782,12432,1349786,5201900
2437,635,620,887147,12447,1350406,4775900
2438,649,609,886498,12487,1351015,4687300
2439,631,608,885867,12510,1351623,4788000
2440,624,634,885243,12500,1352257,5036700
2441,598,625,884645,12473,1352882,4728700
2442,618,622,884027,12469,1353504,4825800
2443,629,653,883398,12445,1354157,5109700
2444,617,604,882781,12458,1354761,4772300
2445,599,608,882182,12449,1355369,5063600
2446,644,624,881538,12469,1355993,4866600
2447,603,601,880935,12471,1356594,4883800
2448,609,625,880326,12455,1357219,4862300
2449,625,588,879701,12492,1357807,4825500
2450,596,587,879105,12501,1358394,4629800
2451,567,645,878538,12423,1359039,4819400
2452,644,619,877894,12448,1359658,4749400
2453,592,618,877302,12422,1360276,4691200
2454,584,644,876718,12362,1360920,4661600
2455,651,631,876067,12382,1361551,4877600
2456,633,613,875434,12402,1362164,4659400
2457,611,620,874823,12393,1362784,4534900
2458,621,656,874202,12358,1363440,4618300
2459,588,599,873614,12347,1364039,4890200
2460,617,568,872997,12396,1364607,4788500
2461,608,604,872389,12400,1365211,4588200
2462,607,632,871782,12375,1365843,4720800
2463,648,607,871134,12416,1366450,4653000
2464,663,660,870471,12419,1367110,4636800
2465,645,600,869826,12464,1367710,4652700
2466,599,610,869227,12453,1368320,4711000
2467,620,624,868607,12449,1368944,4744100
2468,643,622,867964,12470,1369566,4693900
2469,584,607,867380,12447,1370173,4758300
2470,620,632,866760,12435,1370805,4679800
2471,606,593,866154,12448,1371398,4603800
2472,676,603,865478,12521,1372001,4953400
2473,686,645,864792,12562,1372646,4798000
2474,619,660,864173,12521,1373306,5013600
2475,609,575,863564,12555,1373881,4750100
2476,650,567,862914,12638,1374448,4656100
2477,639,629,862275,12648,1375077,4753900
2478,617,631,861658,12634,1375708,4696900
2479,605,617,861053,12622,1376325,4697000
2480,623,676,860430,12569,1377001,4778900
2481,627,588,859803,12608,1377589,4678700
2482,610,650,859193,12568,1378239,4866600
2483,639,620,858554,12587,1378859,4718400
2484,594,632,857960,12549,1379491,4776100
2485,635,657,857325,12527,1380148,4757200
2486,599,585,856726,12541,1380733,4778700
2487,634,602,856092,12573,1381335,4622600
2488,634,637,855458,12570,1381972,5030000
2489,611,616,854847,12565,1382588,4737500
2490,627,644,854220,12548,1383232,4774400
2491,666,640,853554,12574,1383872,5102000
2492,584,635,852970,12523,1384507,5078800
2493,613,640,852357,12496,1385147,4962000
2494,598,624,851759,12470,1385771,5049500
2495,649,587,851110,12532,1386358,4785200
2496,630,581,850480,12581,1386939,4835400
2497,620,608,849860,12593,1387547,4766700
2498,626,648,849234,12571,1388195,4876300
2499,618,624,848616,12565,1388819,4820300
2500,594,652,848022,12507,1389471,4933400
2501,636,630,847386,12513,1390101,4874200
2502,607,676,846779,12444,1390777,4974900
2503,605,616,846174,12433,1391393,4757000
2504,596,645,845578,12384,1392038,4994400
2505,591,610,844987,12365,1392648,4845400
2506,641,620,844346,12386,1393268,4956900
2507,612,609,843734,12389,1393877,4958800
2508,614,598,843120,12405,1394475,4978700
2509,575,649,842545,12331,1395124,4799000
2510,615,642,841930,12304,1395766,4723200
2511,600,626,841330,12278,1396392,4754200
2512,600,624,840730,12254,1397016,4909700
2513,571,625,840159,12200,1397641,4863800
2514,613,624,839546,12189,1398265,4980000
2515,617,618,838929,12188,1398883,4917200
2516,597,560,838332,12225,1399443,4723300
2517,625,610,837707,12240,1400053,5127200
2518,575,645,837132,12170,1400698,4995400
2519,636,651,836496,12155,1401349,4852100
2520,594,603,835902,12146,1401952,4928300
2521,563,588,835339,12121,1402540,4850900
2522,603,616,834736,12108,1403156,5012000
2523,570,606,834166,12072,1403762,5070700
2524,591,634,833575,12029,1404396,5161800
2525,585,591,832990,12023,1404987,4627400
2526,567,633,832423,11957,1405620,4926200
2527,588,567,831835,11978,1406187,4787400
2528,571,629,831264,11920,1406816,4750600
2529,527,605,830737,11842,1407421,4794300
2530,564,648,830173,11758,1408069,4712100
2531,584,625,829589,11717,1408694,5170300
2532,561,610,829028,11668,1409304,4740800
2533,596,618,828432,11646,1409922,4634200
2534,613,561,827819,11698,1410483,4748400
2535,588,571,827231,11715,1411054,4422100
2536,569,599,826662,11685,1411653,4531600
2537,569,643,826093,11611,1412296,4726200
2538,573,556,825520,11628,1412852,4642100
2539,610,571,824910,11667,1413423,4883900
2540,576,573,824334,11670,1413996,4444700
2541,573,601,823761,11642,1414597,5016300
2542,591,550,823170,11683,1415147,4767400
2543,586,605,822584,11664,1415752,4520600
2544,590,574,821994,11680,1416326,4629500
2545,572,588,821422,11664,1416914,4593700
2546,533,608,820889,11589,1417522,4707100
2547,542,574,820347,11557,1418096,4715500
2548,577,595,819770,11539,1418691,4806400
2549,562,573,819208,11528,1419264,4902800
2550,550,571,818658,11507,1419835,4808300
2551,606,593,818052,11520,1420428,4829500
2552,584,503,817468,11601,1420931,5126500
2553,575,547,816893,11629,1421478,4687000
2554,598,552,816295,11675,1422030,4641300
2555,585,620,815710,11640,1422650,4949000
2556,600,599,815110,11641,1423249,5016300
2557,563,610,814547,11594,1423859,5033500
2558,598,594,813949,11598,1424453,4695400
2559,548,574,813401,11572,1425027,5040500
2560,578,595,812823,11555,1425622,5487300
2561,611,556,812212,11610,1426178,5775000
2562,574,558,811638,11626,1426736,5372300
2563,611,613,811027,11624,1427349,5319300
2564,575,671,810452,11528,1428020,5068600
2565,588,596,809864,11520,1428616,5405600
2566,587,564,809277,11543,1429180,5142000
2567,582,567,808695,11558,1429747,4729700
2568,566,615,808129,11509,1430362,4691900
2569,576,569,807553,11516,1430931,4553100
2570,496,586,807057,11426,1431517,4410700
2571,527,523,806530,11430,1432040,4926200
2572,590,576,805940,11444,1432616,4526500
2573,608,586,805332,11466,1433202,4385600
2574,544,548,804788,11462,1433750,4263500
2575,554,567,804234,11449,1434317,4333800
2576,552,579,803682,11422,1434896,4300000
2577,572,547,803110,11447,1435443,4301200
2578,573,563,802537,11457,1436006,4786800
2579,590,571,801947,11476,1436577,4511400
2580,589,584,801358,11481,1437161,4379800
2581,594,586,800764,11489,1437747,4260300
2582,596,566,800168,11519,1438313,4385400
2583,586,603,799582,11502,1438916,4375900
2584,608,561,798974,11549,1439477,4742700
2585,576,610,798398,11515,1440087,4775800
2586,595,567,797803,11543,1440654,4281200
2587,550,564,797253,11529,1441218,4288000
2588,600,610,796653,11519,1441828,4504100
2589,564,566,796089,11517,1442394,4730800
2590,582,516,795507,11583,1442910,4615300
2591,558,600,794949,11541,1443510,4550400
2592,617,551,794332,11607,1444061,4685200
2593,554,616,793778,11545,1444677,4440400
2594,580,599,793198,11526,1445276,4506800
2595,548,558,792650,11516,1445834,4565800
2596,592,585,792058,11523,1446419,4526700
2597,546,581,791512,11488,1447000,4403600
2598,552,590,790960,11450,1447590,4417100
2599,521,556,790439,11415,1448146,4484000
2600,558,553,789881,11420,1448699,4620300
2601,566,565,789315,11421,1449264,4552400
2602,568,548,788747,11441,1449812,4464000
2603,563,561,788184,11443,1450373,4555700
2604,557,555,787627,11445,1450928,4577900
2605,613,603,787014,11455,1451531,4389200
2606,547,566,786467,11436,1452097,4599300
2607,580,600,785887,11416,1452697,4409900
2608,550,572,785337,11394,1453269,4561900
2609,591,593,784746,11392,1453862,4455500
2610,563,567,784183,11388,1454429,4492300
2611,565,559,783618,11394,1454988,4458200
2612,559,523,783059,11430,1455511,4188800
2613,543,561,782516,11412,1456072,4375600
2614,612,536,781904,11488,1456608,4375900
2615,604,555,781300,11537,1457163,4497900
2616,563,556,780737,11544,1457719,4535600
2617,562,578,780175,11528,1458297,4957100
2618,550,580,779625,11498,1458877,4499400
2619,531,605,779094,11424,1459482,4785900
2620,542,524,778552,11442,1460006,4616600
2621,527,532,778025,11437,1460538,4581000
2622,576,511,777449,11502,1461049,4584100
2623,548,598,776901,11452,1461647,4637000
2624,578,582,776323,11448,1462229,4783500
2625,545,592,775778,11401,1462821,4632300
2626,536,572,775242,11365,1463393,4676500
2627,555,573,774687,11347,1463966,4694100
2628,562,522,774125,11387,1464488,4797400
2629,504,553,773621,11338,1465041,4889000
2630,563,561,773058,11340,1465602,4976300
2631,512,569,772546,11283,1466171,4947800
2632,552,575,771994,11260,1466746,4917800
2633,532,528,771462,11264,1467274,5011900
2634,532,555,770930,11241,1467829,5014400
2635,528,614,770402,11155,1468443,4819900
2636,555,559,769847,11151,1469002,4946600
2637,512,559,769335,11104,1469561,4619000
2638,549,537,768786,11116,1470098,4627000
2639,527,595,768259,11048,1470693,4778500
2640,529,550,767730,11027,1471243,4643900
2641,542,536,767188,11033,1471779,4782600
2642,494,534,766694,10993,1472313,4879900
2643,542,496,766152,11039,1472809,4819800
2644,493,547,765659,10985,1473356,4704800
2645,521,583,765138,10923,1473939,4682000
2646,497,490,764641,10930,1474429,4902300
2647,553,531,764088,10952,1474960,4886800
2648,543,521,763545,10974,1475481,4763300
2649,553,534,762992,10993,1476015,5010400
2650,505,576,762487,10922,1476591,4813000
2651,532,556,761955,10898,1477147,4753000
2652,554,555,761401,10897,1477702,4737900
2653,539,545,760862,10891,1478247,5189000
2654,528,538,760334,10881,1478785,4541300
2655,565,530,759769,10916,1479315,4732700
2656,513,576,759256,10853,1479891,4607400
2657,497,551,758759,10799,1480442,4549600
2658,535,521,758224,10813,1480963,4621700
2659,544,567,757680,10790,1481530,4539900
2660,541,559,757139,10772,1482089,4795300
2661,540,543,756599,10769,1482632,4603500
2662,533,515,756066,10787,1483147,4688200
2663,560,573,755506,10774,1483720,4989700
2664,529,542,754977,10761,1484262,4572300
2665,565,570,754412,10756,1484832,5098300
2666,559,551,753853,10764,1485383,4559600
2667,532,564,753321,10732,1485947,4723900
2668,569,525,752752,10776,1486472,4554100
2669,503,501,752249,10778,1486973,4330900
2670,509,536,751740,10751,1487509,4370200
2671,521,525,751219,10747,1488034,4459900
2672,504,588,750715,10663,1488622,4494600
2673,539,522,750176,10680,1489144,4393600
2674,510,519,749666,10671,1489663,4595100
2675,508,559,749158,10620,1490222,4581900
2676,493,494,748665,10619,1490716,4634200
2677,531,525,748134,10625,1491241,4451500
2678,506,499,747628,10632,1491740,4434900
2679,514,554,747114,10592,1492294,4775500
2680,544,478,746570,10658,1492772,4770200
2681,519,564,746051,10613,1493336,4369200
2682,511,506,745540,10618,1493842,4642900
2683,495,517,745045,10596,1494359,4237500
2684,516,537,744529,10575,1494896,4280000
2685,491,538,744038,10528,1495434,4366500
2686,523,502,743515,10549,1495936,4323200
2687,522,526,742993,10545,1496462,4568700
2688,503,534,742490,10514,1496996,4667100
2689,546,529,741944,10531,1497525,4582700
2690,543,518,741401,10556,1498043,4938400
2691,491,543,740910,10504,1498586,4633500
2692,523,513,740387,10514,1499099,4393200
2693,557,552,739830,10519,1499651,4519700
2694,524,504,739306,10539,1500155,4523900
2695,512,526,738794,10525,1500681,4262400
2696,509,527,738285,10507,1501208,4432200
2697,550,519,737735,10538,1501727,4282100
2698,550,512,737185,10576,1502239,4266200
2699,511,535,736674,10552,1502774,4195200
2700,535,507,736139,10580,1503281,4391000
2701,454,493,735685,10541,1503774,4323400
2702,502,483,735183,10560,1504257,4256500
2703,531,557,734652,10534,1504814,4216900
2704,531,553,734121,10512,1505367,4446900
2705,512,543,733609,10481,1505910,4541600
2706,497,541,733112,10437,1506451,4488200
2707,503,545,732609,10395,1506996,4437400
2708,503,547,732106,10351,1507543,4391100
2709,465,504,731641,10312,1508047,4674800
2710,509,526,731132,10295,1508573,4416600
2711,499,507,730633,10287,1509080,4687500
2712,520,511,730113,10296,1509591,4345000
2713,467,503,729646,10260,1510094,4353300
2714,460,507,729186,10213,1510601,4637800
2715,509,484,728677,10238,1511085,4513500
2716,460,525,728217,10173,1511610,4333200
2717,472,547,727745,10098,1512157,4356900
2718,467,455,727278,10110,1512612,4440000
2719,478,506,726800,10082,1513118,4294100
2720,472,474,726328,10080,1513592,4769000
2721,454,470,725874,10064,1514062,4309500
2722,481,485,725393,10060,1514547,4449900
2723,456,490,724937,10026,1515037,4436300
2724,450,533,724487,9943,1515570,4374300
2725,443,489,724044,9897,1516059,4682500
2726,506,519,723538,9884,1516578,4277500
2727,466,472,723072,9878,1517050,4414400
2728,470,481,722602,9867,1517531,4314500
2729,475,502,722127,9840,1518033,4243700
2730,495,488,721632,9847,1518521,4796200
2731,510,485,721122,9872,1519006,4237100
2732,510,471,720612,9911,1519477,4470700
2733,500,511,720112,9900,1519988,4491000
2734,536,471,719576,9965,1520459,4400500
2735,505,526,719071,9944,1520985,4394500
2736,514,495,718557,9963,1521480,4504800
2737,537,492,718020,10008,1521972,4406700
2738,487,493,717533,10002,1522465,4473400
2739,509,479,717024,10032,1522944,5111900
2740,469,493,716555,10008,1523437,4433700
2741,531,507,716024,10032,1523944,4271700
2742,515,488,715509,10059,1524432,4625900
2743,541,517,714968,10083,1524949,4813600
2744,492,495,714476,10080,1525444,4408800
2745,528,509,713948,10099,1525953,4265800
2746,508,526,713440,10081,1526479,4507900
2747,497,476,712943,10102,1526955,4252700
2748,503,489,712440,10116,1527444,4265500
2749,520,535,711920,10101,1527979,4606800
2750,517,498,711403,10120,1528477,4394700
2751,500,475,710903,10145,1528952,4367000
2752,515,499,710388,10161,1529451,4320400
2753,489,476,709899,10174,1529927,4489900
2754,538,492,709361,10220,1530419,4468800
2755,518,506,708843,10232,1530925,4334800
2756,501,498,708342,10235,1531423,4682300
2757,493,481,707849,10247,1531904,4831300
2758,498,488,707351,10257,1532392,4445200
2759,540,496,706811,10301,1532888,4519700
2760,524,499,706287,10326,1533387,4439100
2761,536,519,705751,10343,1533906,4511000
2762,542,459,705209,10426,1534365,4717500
2763,500,537,704709,10389,1534902,4567800
2764,551,479,704158,10461,1535381,4471400
2765,510,532,703648,10439,1535913,4497300
2766,564,540,703084,10463,1536453,4883000
2767,522,530,702562,10455,1536983,4557900
2768,514,517,702048,10452,1537500,4649500
2769,513,545,701535,10420,1538045,4749500
2770,495,493,701040,10422,1538538,5024300
2771,495,499,700545,10418,1539037,4500700
2772,514,513,700031,10419,1539550,4537900
2773,509,480,699522,10448,1540030,4638800
2774,544,518,698978,10474,1540548,5066700
2775,521,578,698457,10417,1541126,4754000
2776,533,525,697924,10425,1541651,4761300
2777,495,564,697429,10356,1542215,4643400
2778,514,499,696915,10371,1542714,4680600
2779,492,524,696423,10339,1543238,4716600
2780,462,525,695961,10276,1543763,4659900
2781,473,515,695488,10234,1544278,4785100
2782,462,483,695026,10213,1544761,4712300
2783,481,529,694545,10165,1545290,4650300
2784,489,514,694056,10140,1545804,4904400
2785,475,505,693581,10110,1546309,4987900
2786,482,513,693099,10079,1546822,4792800
2787,488,552,692611,10015,1547374,4725400
2788,478,475,692133,10018,1547849,4893800
2789,496,525,691637,9989,1548374,4757400
2790,484,490,691153,9983,1548864,4707200
2791,457,477,690696,9963,1549341,4685800
2792,493,500,690203,9956,1549841,4885600
2793,465,472,689738,9949,1550313,4563300
2794,467,527,689271,9889,1550840,4807800
2795,477,487,688794,9879,1551327,4858200
2796,462,517,688332,9824,1551844,4735500
2797,495,503,687837,9816,1552347,4734800
2798,481,491,687356,9806,1552838,4751500
2799,527,494,686829,9839,1553332,4628100
2800,470,512,686359,9797,1553844,4681000
2801,468,469,685891,9796,1554313,4714800
2802,479,488,685412,9787,1554801,4613800
2803,488,472,684924,9803,1555273,4714500
2804,491,464,684433,9830,1555737,4741700
2805,507,486,683926,9851,1556223,4800300
2806,497,503,683429,9845,1556726,4682100
2807,509,516,682920,9838,1557242,4523100
2808,497,496,682423,9839,1557738,4706900
2809,461,429,681962,9871,1558167,4622200
2810,465,518,681497,9818,1558685,4648000
2811,474,473,681023,9819,1559158,4659200
2812,500,505,680523,9814,1559663,4742600
2813,503,473,680020,9844,1560136,4648900
2814,473,481,679547,9836,1560617,4656300
2815,499,480,679048,9855,1561097,4991600
2816,473,516,678575,9812,1561613,4960400
2817,474,472,678101,9814,1562085,4850300
2818,484,507,677617,9791,1562592,4706100
2819,465,514,677152,9742,1563106,4745400
2820,480,510,676672,9712,1563616,4732000
2821,489,509,676183,9692,1564125,4685800
2822,495,495,675688,9692,1564620,4761500
2823,463,476,675225,9679,1565096,5168900
2824,473,482,674752,9670,1565578,4745600
2825,471,468,674281,9673,1566046,4844600
2826,449,532,673832,9590,1566578,4761000
2827,442,471,673390,9561,1567049,4684100
2828,495,482,672895,9574,1567531,4720700
2829,450,447,672445,9577,1567978,5219800
2830,458,514,671987,9521,1568492,4801400
2831,498,452,671489,9567,1568944,4948900
2832,471,480,671018,9558,1569424,4753500
2833,437,524,670581,9471,1569948,4775200
2834,448,451,670133,9468,1570399,4741300
2835,455,476,669678,9447,1570875,4741200
2836,443,486,669235,9404,1571361,4824400
2837,455,493,668780,9366,1571854,4668600
2838,451,487,668329,9330,1572341,5032200
2839,424,458,667905,9296,1572799,4841700
2840,469,464,667436,9301,1573263,4727400
2841,448,463,666988,9286,1573726,4878000
2842,478,444,666510,9320,1574170,4604600
2843,466,482,666044,9304,1574652,4565100
2844,473,430,665571,9347,1575082,4940200
2845,445,442,665126,9350,1575524,4622600
2846,469,441,664657,9378,1575965,4644400
2847,480,469,664177,9389,1576434,4443600
2848,453,466,663724,9376,1576900,4496200
2849,467,459,663257,9384,1577359,4397800
2850,454,475,662803,9363,1577834,4426900
2851,452,435,662351,9380,1578269,4584400
2852,455,476,661896,9359,1578745,4775400
2853,469,487,661427,9341,1579232,4609700
2854,484,447,660943,9378,1579679,4935800
2855,474,483,660469,9369,1580162,5273700
2856,440,428,660029,9381,1580590,4833200
2857,461,433,659568,9409,1581023,4719000
2858,448,465,659120,9392,1581488,4802600
2859,439,470,658681,9361,1581958,4556500
2860,455,459,658226,9357,1582417,4252600
2861,455,475,657771,9337,1582892,4379800
2862,466,466,657305,9337,1583358,4321100
2863,456,451,656849,9342,1583809,4371800
2864,478,455,656371,9365,1584264,4288300
2865,493,448,655878,9410,1584712,4294400
2866,484,474,655394,9420,1585186,4558900
2867,440,446,654954,9414,1585632,4655700
2868,468,446,654486,9436,1586078,4628900
2869,478,492,654008,9422,1586570,4563000
2870,473,480,653535,9415,1587050,4707800
2871,479,468,653056,9426,1587518,4303000
2872,450,507,652606,9369,1588025,4829400
2873,478,453,652128,9394,1588478,4418400
2874,477,437,651651,9434,1588915,4342700
2875,446,449,651205,9431,1589364,4564900
2876,480,425,650725,9486,1589789,4859300
2877,494,452,650231,9528,1590241,4248500
2878,484,517,649747,9495,1590758,4291200
2879,449,458,649298,9486,1591216,4784900
2880,488,475,648810,9499,1591691,5201900
2881,483,448,648327,9534,1592139,5011100
2882,462,498,647865,9498,1592637,4648400
2883,474,478,647391,9494,1593115,4439900
2884,448,473,646943,9469,1593588,4275800
2885,470,472,646473,9467,1594060,4600900
2886,449,468,646024,9448,1594528,4368800
2887,454,490,645570,9412,1595018,4187600
2888,465,440,645105,9437,1595458,4173700
2889,446,472,644659,9411,1595930,4232100
2890,451,451,644208,9411,1596381,4283500
2891,465,415,643743,9461,1596796,4259900
2892,467,485,643276,9443,1597281,4277800
2893,454,457,642822,9440,1597738,4279700
2894,462,453,642360,9449,1598191,4198000
2895,464,490,641896,9423,1598681,4241100
2896,475,455,641421,9443,1599136,4351900
2897,458,481,640963,9420,1599617,4519700
2898,434,470,640529,9384,1600087,4481300
2899,459,469,640070,9374,1600556,4716300
2900,425,482,639645,9317,1601038,4605000
2901,470,489,639175,9298,1601527,4588300
2902,438,456,638737,9280,1601983,4526900
2903,475,451,638262,9304,1602434,4592500
2904,463,473,637799,9294,1602907,4652400
2905,468,462,637331,9300,1603369,4596000
2906,480,437,636851,9343,1603806,4761700
2907,473,432,636378,9384,1604238,4499100
2908,474,474,635904,9384,1604712,4528200
2909,435,464,635469,9355,1605176,4631300
2910,451,444,635018,9362,1605620,4671600
2911,451,447,634567,9366,1606067,4737600
2912,475,474,634092,9367,1606541,4645700
2913,447,501,633645,9313,1607042,4705200
2914,457,472,633188,9298,1607514,4586300
2915,479,437,632709,9340,1607951,4394600
2916,468,480,632241,9328,1608431,4599700
2917,454,471,631787,9311,1608902,4746800
2918,458,465,631329,9304,1609367,4632900
2919,430,465,630899,9269,1609832,4617000
2920,424,468,630475,9225,1610300,4577800
2921,474,430,630001,9269,1610730,4542100
2922,456,489,629545,9236,1611219,4469800
2923,439,465,629106,9210,1611684,4474900
2924,405,436,628701,9179,1612120,4469700
2925,435,462,628266,9152,1612582,4515200
2926,424,484,627842,9092,1613066,4829800
2927,402,449,627440,9045,1613515,4513100
2928,449,465,626991,9029,1613980,4465700
2929,447,422,626544,9054,1614402,4265100
2930,423,431,626121,9046,1614833,4421400
2931,491,460,625630,9077,1615293,4353900
2932,435,461,625195,9051,1615754,4308300
2933,442,441,624753,9052,1616195,4632500
2934,480,467,624273,9065,1616662,4688800
2935,451,462,623822,9054,1617124,4824800
2936,449,448,623373,9055,1617572,4344000
2937,444,466,622929,9033,1618038,4444000
2938,433,485,622496,8981,1618523,4353700
2939,423,421,622073,8983,1618944,4456500
2940,466,438,621607,9011,1619382,4603800
2941,496,460,621111,9047,1619842,4823200
2942,418,444,620693,9021,1620286,4448000
2943,437,420,620256,9038,1620706,4478900
2944,430,442,619826,9026,1621148,4285900
2945,463,449,619363,9040,1621597,4294700
2946,487,417,618876,9110,1622014,4406400
2947,474,501,618402,9083,1622515,4380900
2948,461,450,617941,9094,1622965,4359300
2949,382,457,617559,9019,1623422,4485400
2950,418,449,617141,8988,1623871,4556900
2951,429,427,616712,8990,1624298,4710700
2952,410,477,616302,8923,1624775,4507400
2953,409,442,615893,8890,1625217,4471800
2954,431,463,615462,8858,1625680,4442500
2955,436,449,615026,8845,1626129,4725500
2956,440,453,614586,8832,1626582,4515700
2957,404,434,614182,8802,1627016,4723900
2958,463,429,613719,8836,1627445,5043500
2959,448,439,613271,8845,1627884,4263400
2960,452,451,612819,8846,1628335,4202000
2961,460,416,612359,8890,1628751,4402400
2962,463,456,611896,8897,1629207,4274300
2963,445,438,611451,8904,1629645,4242400
2964,428,461,611023,8871,1630106,4413600
2965,404,445,610619,8830,1630551,4270500
2966,427,444,610192,8813,1630995,4243500
2967,400,459,609792,8754,1631454,4226300
2968,422,425,609370,8751,1631879,4503200
2969,426,439,608944,8738,1632318,4695800
2970,418,419,608526,8737,1632737,4391100
2971,440,435,608086,8742,1633172,4626600
2972,435,444,607651,8733,1633616,4245700
2973,434,433,607217,8734,1634049,4613600
2974,425,460,606792,8699,1634509,4281300
2975,400,399,606392,8700,1634908,4369200
2976,465,444,605927,8721,1635352,4318100
2977,420,439,605507,8702,1635791,4248700
2978,442,436,605065,8708,1636227,4466600
2979,441,424,604624,8725,1636651,4392500
2980,458,431,604166,8752,1637082,4360000
2981,407,426,603759,8733,1637508,4758500
2982,438,438,603321,8733,1637946,4521300
2983,418,473,602903,8678,1638419,4281600
2984,410,411,602493,8677,1638830,4399800
2985,408,489,602085,8596,1639319,4534100
2986,421,440,601664,8577,1639759,4483000
2987,406,445,601258,8538,1640204,4294700
2988,427,443,600831,8522,1640647,4197000
2989,408,422,600423,8508,1641069,4844400
2990,386,475,600037,8419,1641544,4413100
2991,416,442,599621,8393,1641986,4261900
2992,405,424,599216,8374,1642410,4569100
2993,401,442,598815,8333,1642852,4428500
2994,432,424,598383,8341,1643276,4221800
2995,426,399,597957,8368,1643675,4470200
2996,412,423,597545,8357,1644098,4527000
2997,413,388,597132,8382,1644486,4590500
2998,437,460,596695,8359,1644946,4426200
2999,429,404,596266,8384,1645350,4627400
3000,383,426,595883,8341,1645776,4714900
3001,410,400,595473,8351,1646176,4857900
3002,435,401,595038,8385,1646577,4703000
3003,464,419,594574,8430,1646996,4454900
3004,467,420,594107,8477,1647416,4707100
3005,406,417,593701,8466,1647833,4976000
3006,460,442,593241,8484,1648275,4674100
3007,447,413,592794,8518,1648688,4485500
3008,449,435,592345,8532,1649123,4412700
3009,435,441,591910,8526,1649564,4810000
3010,447,445,591463,8528,1650009,4385100
3011,453,456,591010,8525,1650465,4205000
3012,458,424,590552,8559,1650889,4389200
3013,446,408,590106,8597,1651297,4303300
3014,419,416,589687,8600,1651713,4424200
3015,461,420,589226,8641,1652133,4380700
3016,444,449,588782,8636,1652582,4494300
3017,445,446,588337,8635,1653028,4326100
3018,441,429,587896,8647,1653457,4305800
3019,451,421,587445,8677,1653878,4315700
3020,450,405,586995,8722,1654283,4385900
3021,448,408,586547,8762,1654691,4522100
3022,477,499,586070,8740,1655190,4269000
3023,439,442,585631,8737,1655632,4480600
3024,477,415,585154,8799,1656047,4356100
3025,465,420,584689,8844,1656467,4294100
3026,462,436,584227,8870,1656903,4283100
3027,486,425,583741,8931,1657328,4280100
3028,473,422,583268,8982,1657750,4278900
3029,459,459,582809,8982,1658209,4234200
3030,451,431,582358,9002,1658640,4504900
3031,484,453,581874,9033,1659093,4434100
3032,484,457,581390,9060,1659550,4330400
3033,463,483,580927,9040,1660033,4242700
3034,457,434,580470,9063,1660467,4354600
3035,465,422,580005,9106,1660889,4410100
3036,491,457,579514,9140,1661346,4245600
3037,453,478,579061,9115,1661824,4472600
3038,501,477,578560,9139,1662301,4354300
3039,423,479,578137,9083,1662780,4545400
3040,423,422,577714,9084,1663202,4374300
3041,442,445,577272,9081,1663647,4393600
3042,482,454,576790,9109,1664101,4597700
3043,407,483,576383,9033,1664584,4319300
3044,466,456,575917,9043,1665040,4619700
3045,443,506,575474,8980,1665546,4591600
3046,465,429,575009,9016,1665975,4393800
3047,399,480,574610,8935,1666455,4395700
3048,437,413,574173,8959,1666868,4542000
3049,425,453,573748,8931,1667321,4498100
3050,428,480,573320,8879,1667801,4394300
3051,435,425,572885,8889,1668226,4489600
3052,441,428,572444,8902,1668654,4617800
3053,469,444,571975,8927,1669098,4588200
3054,434,454,571541,8907,1669552,4475600
3055,415,448,571126,8874,1670000,4485000
3056,419,458,570707,8835,1670458,4544200
3057,443,448,570264,8830,1670906,4745800
3058,453,424,569811,8859,1671330,4685400
3059,454,451,569357,8862,1671781,4815000
3060,421,426,568936,8857,1672207,4550500
3061,453,471,568483,8839,1672678,4514900
3062,405,450,568078,8794,1673128,4553500
3063,435,419,567643,8810,1673547,4324800
3064,453,435,567190,8828,1673982,4686400
3065,453,454,566737,8827,1674436,4780400
3066,406,414,566331,8819,1674850,4844700
3067,481,427,565850,8873,1675277,4398600
3068,461,416,565389,8918,1675693,4392000
3069,425,449,564964,8894,1676142,4450100
3070,438,481,564526,8851,1676623,4539900
3071,430,422,564096,8859,1677045,4573600
3072,445,452,563651,8852,1677497,4595800
3073,454,415,563197,8891,1677912,4526900
3074,464,472,562733,8883,1678384,4653300
3075,438,459,562295,8862,1678843,4471100
3076,436,441,561859,8857,1679284,4830500
3077,452,425,561407,8884,1679709,4657200
3078,449,408,560958,8925,1680117,4397900
3079,429,415,560529,8939,1680532,4567500
3080,477,418,560052,8998,1680950,4450800
3081,458,449,559594,9007,1681399,4236900
3082,450,441,559144,9016,1681840,4218300
3083,500,464,558644,9052,1682304,4246700
3084,422,465,558222,9009,1682769,4341800
3085,453,461,557769,9001,1683230,4415300
3086,467,476,557302,8992,1683706,4469300
3087,472,456,556830,9008,1684162,4353000
3088,438,428,556392,9018,1684590,4570500
3089,442,455,555950,9005,1685045,4742100
3090,449,446,555501,9008,1685491,4733000
3091,424,482,555077,8950,1685973,4557000
3092,436,476,554641,8910,1686449,4845100
3093,454,459,554187,8905,1686908,4582700
3094,444,435,553743,8914,1687343,4634100
3095,428,432,553315,8910,1687775,5001400
3096,462,468,552853,8904,1688243,4570200
3097,417,452,552436,8869,1688695,4701400
3098,423,428,552013,8864,1689123,4580100
3099,458,434,551555,8888,1689557,4810400
3100,405,457,551150,8836,1690014,4734600
3101,421,449,550729,8808,1690463,4617600
3102,430,451,550299,8787,1690914,4643100
3103,391,426,549908,8752,1691340,4632200
3104,412,434,549496,8730,1691774,4624100
3105,427,422,549069,8735,1692196,4535900
3106,423,414,548646,8744,1692610,4797400
3107,435,417,548211,8762,1693027,4767900
3108,401,415,547810,8748,1693442,4591500
3109,409,453,547401,8704,1693895,4653900
3110,382,408,547019,8678,1694303,4589800
3111,403,395,546616,8686,1694698,4769800
3112,391,418,546225,8659,1695116,4726200
3113,394,409,545831,8644,1695525,4596000
3114,419,404,545412,8659,1695929,4713400
3115,432,449,544980,8642,1696378,4581300
3116,432,437,544548,8637,1696815,4716400
3117,440,436,544108,8641,1697251,4567800
3118,414,426,543694,8629,1697677,4884200
3119,444,447,543250,8626,1698124,4677800
3120,405,405,542845,8626,1698529,4594300
3121,413,424,542432,8615,1698953,4549600
3122,419,430,542013,8604,1699383,4575000
3123,421,446,541592,8579,1699829,4511000
3124,415,443,541177,8551,1700272,4574600
3125,441,407,540736,8585,1700679,4700600
3126,428,415,540308,8598,1701094,4508600
3127,430,421,539878,8607,1701515,4552400
3128,391,415,539487,8583,1701930,4294500
3129,416,390,539071,8609,1702320,4236100
3130,402,448,538669,8563,1702768,4274900
3131,432,447,538237,8548,1703215,4202900
3132,389,407,537848,8530,1703622,4326800
3133,420,445,537428,8505,1704067,4408300
3134,419,438,537009,8486,1704505,4457400
3135,425,442,536584,8469,1704947,4354300
3136,404,419,536180,8454,1705366,4221200
3137,441,419,535739,8476,1705785,4577100
3138,402,413,535337,8465,1706198,4295700
3139,407,442,534930,8430,1706640,4233900
3140,401,408,534529,8423,1707048,4278500
3141,390,427,534139,8386,1707475,4477900
3142,402,406,533737,8382,1707881,4326800
3143,418,389,533319,8411,1708270,4255700
3144,408,435,532911,8384,1708705,4326300
3145,402,456,532509,8330,1709161,4302200
3146,416,416,532093,8330,1709577,4266600
3147,396,438,531697,8288,1710015,4527000
3148,378,443,531319,8223,1710458,4457500
3149,390,389,530929,8224,1710847,4297300
3150,436,398,530493,8262,1711245,4248000
3151,450,374,530043,8338,1711619,4741000
3152,425,404,529618,8359,1712023,4294300
3153,430,437,529188,8352,1712460,4263000
3154,414,415,528774,8351,1712875,4274100
3155,426,414,528348,8363,1713289,4567800
3156,354,440,527994,8277,1713729,4421600
3157,404,409,527590,8272,1714138,4279700
3158,377,400,527213,8249,1714538,4463000
3159,384,427,526829,8206,1714965,4312500
3160,395,413,526434,8188,1715378,4254500
3161,393,415,526041,8166,1715793,4410100
3162,394,404,525647,8156,1716197,4512700
3163,381,392,525266,8145,1716589,4633900
3164,417,437,524849,8125,1717026,4213800
3165,430,396,524419,8159,1717422,4292200
3166,370,411,524049,8118,1717833,4333200
3167,408,434,523641,8092,1718267,4241900
3168,369,418,523272,8043,1718685,4231900
3169,398,390,522874,8051,1719075,4361000
3170,381,423,522493,8009,1719498,4761800
3171,383,409,522110,7983,1719907,4536500
3172,389,397,521721,7975,1720304,4558500
3173,389,380,521332,7984,1720684,4623800
3174,429,407,520903,8006,1721091,4542300
3175,383,404,520520,7985,1721495,4464900
3176,410,404,520110,7991,1721899,4648300
3177,395,388,519715,7998,1722287,4618300
3178,411,404,519304,8005,1722691,4607500
3179,426,419,518878,8012,1723110,4636200
3180,382,390,518496,8004,1723500,5370400
3181,364,429,518132,7939,1723929,4596300
3182,392,379,517740,7952,1724308,4583900
3183,389,396,517351,7945,1724704,4468900
3184,387,409,516964,7923,1725113,4491800
3185,378,397,516586,7904,1725510,4347800
3186,389,409,516197,7884,1725919,4495900
3187,386,398,515811,7872,1726317,4460300
3188,386,396,515425,7862,1726713,4496900
3189,420,366,515005,7916,1727079,4708200
3190,369,428,514636,7857,1727507,4655000
3191,406,375,514230,7888,1727882,4756200
3192,359,411,513871,7836,1728293,4643700
3193,419,382,513452,7873,1728675,4634400
3194,413,383,513039,7903,1729058,4476500
3195,392,374,512647,7921,1729432,4568500
3196,402,397,512245,7926,1729829,4772400
3197,370,421,511875,7875,1730250,4758200
3198,406,379,511469,7902,1730629,4603600
3199,421,384,511048,7939,1731013,4657700
3200,355,399,510693,7895,1731412,4511800
3201,398,368,510295,7925,1731780,4479300
3202,370,409,509925,7886,1732189,4390100
3203,381,387,509544,7880,1732576,4542300
3204,387,382,509157,7885,1732958,4497000
3205,394,390,508763,7889,1733348,4460100
3206,366,374,508397,7881,1733722,4926200
3207,371,425,508026,7827,1734147,4657400
3208,384,371,507642,7840,1734518,4788200
3209,371,387,507271,7824,1734905,4828400
3210,386,417,506885,7793,1735322,4843300
3211,351,405,506534,7739,1735727,4726300
3212,430,392,506104,7777,1736119,4688000
3213,368,403,505736,7742,1736522,4900300
3214,410,375,505326,7777,1736897,4832200
3215,368,376,504958,7769,1737273,4972400
3216,393,419,504565,7743,1737692,4915200
3217,378,374,504187,7747,1738066,4853200
3218,387,397,503800,7737,1738463,4784900
3219,398,397,503402,7738,1738860,5165300
3220,401,377,503001,7762,1739237,5060400
3221,363,403,502638,7722,1739640,4870100
3222,379,403,502259,7698,1740043,4890100
3223,377,379,501882,7696,1740422,5347100
3224,393,397,501489,7692,1740819,4663900
3225,395,364,501094,7723,1741183,5012700
3226,357,372,500737,7708,1741555,4949400
3227,348,410,500389,7646,1741965,4980100
3228,379,370,500010,7655,1742335,5388800
3229,394,353,499616,7696,1742688,4836100
3230,362,393,499254,7665,1743081,4761500
3231,382,396,498872,7651,1743477,4845000
3232,392,373,498480,7670,1743850,4537000
3233,361,419,498119,7612,1744269,4622500
3234,396,403,497723,7605,1744672,4625900
3235,374,404,497349,7575,1745076,4699600
3236,381,412,496968,7544,1745488,4673400
3237,396,361,496572,7579,1745849,4501200
3238,381,393,496191,7567,1746242,4604100
3239,371,358,495820,7580,1746600,4498000
3240,401,379,495419,7602,1746979,4442800
3241,373,380,495046,7595,1747359,4563600
3242,371,377,494675,7589,1747736,4399900
3243,380,385,494295,7584,1748121,4361000
3244,391,364,493904,7611,1748485,4199700
3245,422,381,493482,7652,1748866,4798300
3246,380,382,493102,7650,1749248,4198400
3247,373,336,492729,7687,1749584,4175000
3248,397,402,492332,7682,1749986,4290600
3249,420,364,491912,7738,1750350,4356800
3250,378,408,491534,7708,1750758,4211700
3251,378,387,491156,7699,1751145,4141700
3252,384,373,490772,7710,1751518,4473800
3253,404,385,490368,7729,1751903,4366700
3254,393,375,489975,7747,1752278,4246100
3255,393,386,489582,7754,1752664,4267600
3256,371,382,489211,7743,1753046,4348100
3257,381,374,488830,7750,1753420,4239900
3258,393,431,488437,7712,1753851,4261500
3259,388,373,488049,7727,1754224,4262500
3260,407,416,487642,7718,1754640,4239800
3261,421,414,487221,7725,1755054,4228100
3262,416,388,486805,7753,1755442,4271400
3263,390,386,486415,7757,1755828,4795300
3264,424,345,485991,7836,1756173,4701900
3265,390,347,485601,7879,1756520,4390500
3266,418,411,485183,7886,1756931,4413800
3267,373,372,484810,7887,1757303,4248100
3268,393,388,484417,7892,1757691,4193700
3269,343,421,484074,7814,1758112,4195000
3270,406,419,483668,7801,1758531,4473700
3271,379,404,483289,7776,1758935,4767500
3272,392,384,482897,7784,1759319,4950800
3273,355,376,482542,7763,1759695,5318200
3274,371,388,482171,7746,1760083,4795200
3275,389,373,481782,7762,1760456,4852900
3276,388,357,481394,7793,1760813,4825200
3277,371,369,481023,7795,1761182,4821600
3278,360,421,480663,7734,1761603,4746400
3279,356,375,480307,7715,1761978,4672400
3280,381,389,479926,7707,1762367,4978600
3281,376,364,479550,7719,1762731,4589300
3282,387,384,479163,7722,1763115,4610100
3283,346,372,478817,7696,1763487,4838200
3284,369,377,478448,7688,1763864,4649500
3285,407,391,478041,7704,1764255,4670500
3286,398,376,477643,7726,1764631,4897100
3287,376,379,477267,7723,1765010,4632900
3288,389,390,476878,7722,1765400,4561100
3289,374,422,476504,7674,1765822,4687800
3290,355,358,476149,7671,1766180,4740300
3291,366,402,475783,7635,1766582,4779700
3292,384,367,475399,7652,1766949,5151400
3293,349,389,475050,7612,1767338,4841900
3294,365,392,474685,7585,1767730,4574200
3295,346,396,474339,7535,1768126,4601900
3296,346,391,473993,7490,1768517,4724900
3297,369,345,473624,7514,1768862,4900800
3298,360,371,473264,7503,1769233,4476300
3299,352,388,472912,7467,1769621,4631300
3300,365,398,472547,7434,1770019,4514300
3301,373,401,472174,7406,1770420,4436100
3302,339,390,471835,7355,1770810,4591700
3303,355,342,471480,7368,1771152,4604200
3304,363,362,471117,7369,1771514,4654000
3305,384,362,470733,7391,1771876,4560300
3306,355,375,470378,7371,1772251,4564400
3307,382,362,469996,7391,1772613,4588000
3308,358,386,469638,7363,1772999,4700200
3309,384,414,469254,7333,1773413,4600300
3310,400,401,468854,7332,1773814,4805400
3311,357,359,468497,7330,1774173,4589800
3312,350,367,468147,7313,1774540,4500800
3313,340,384,467807,7269,1774924,5052800
3314,351,342,467456,7278,1775266,4548600
3315,355,344,467101,7289,1775610,4523400
3316,388,375,466713,7302,1775985,4643900
3317,374,369,466339,7307,1776354,4887000
3318,359,364,465980,7302,1776718,4509700
3319,373,372,465607,7303,1777090,4262400
3320,401,404,465206,7300,1777494,4869600
3321,407,388,464799,7319,1777882,4858500
3322,348,382,464451,7285,1778264,4471600
3323,360,375,464091,7270,1778639,4536800
3324,329,353,463762,7246,1778992,4532800
3325,389,355,463373,7280,1779347,4467700
3326,366,370,463007,7276,1779717,4498300
3327,358,396,462649,7238,1780113,4639000
3328,351,366,462298,7223,1780479,4652200
3329,392,351,461906,7264,1780830,4330200
3330,379,368,461527,7275,1781198,4531300
3331,373,363,461154,7285,1781561,4319700
3332,371,370,460783,7286,1781931,4375200
3333,342,351,460441,7277,1782282,4293000
3334,344,374,460097,7247,1782656,4786400
3335,366,373,459731,7240,1783029,4462500
3336,345,384,459386,7201,1783413,4547500
3337,336,369,459050,7168,1783782,4715100
3338,338,362,458712,7144,1784144,4685900
3339,368,348,458344,7164,1784492,4474000
3340,381,321,457963,7224,1784813,4724600
3341,368,357,457595,7235,1785170,4525500
3342,358,389,457237,7204,1785559,4496300
3343,360,347,456877,7217,1785906,4444900
3344,352,370,456525,7199,1786276,4747400
3345,326,355,456199,7170,1786631,4563000
3346,340,352,455859,7158,1786983,4326800
3347,358,389,455501,7127,1787372,4502200
3348,330,329,455171,7128,1787701,4367800
3349,349,366,454822,7111,1788067,4311800
3350,322,345,454500,7088,1788412,4191100
3351,372,351,454128,7109,1788763,4327800
3352,341,365,453787,7085,1789128,4501900
3353,355,356,453432,7084,1789484,4769900
3354,338,356,453094,7066,1789840,4481900
3355,331,343,452763,7054,1790183,4201600
3356,329,351,452434,7032,1790534,4140100
3357,348,327,452086,7053,1790861,4196100
3358,359,374,451727,7038,1791235,4270600
3359,367,371,451360,7034,1791606,4282900
3360,345,355,451015,7024,1791961,4191400
3361,360,353,450655,7031,1792314,4158500
3362,344,360,450311,7015,1792674,4462900
3363,379,328,449932,7066,1793002,4386500
3364,339,327,449593,7078,1793329,4253600
3365,328,312,449265,7094,1793641,4262400
3366,344,373,448921,7065,1794014,4441500
3367,337,313,448584,7089,1794327,4437400
3368,326,351,448258,7064,1794678,4312000
3369,353,339,447905,7078,1795017,4342200
3370,369,344,447536,7103,1795361,4217300
3371,374,330,447162,7147,1795691,4317700
3372,348,357,446814,7138,1796048,4592900
3373,355,362,446459,7131,1796410,4401600
3374,355,360,446104,7126,1796770,4214000
3375,351,346,445753,7131,1797116,4197200
3376,367,383,445386,7115,1797499,4301700
3377,389,333,444997,7171,1797832,4246900
3378,356,398,444641,7129,1798230,4755900
3379,385,341,444256,7173,1798571,4229000
3380,371,372,443885,7172,1798943,4861900
3381,393,319,443492,7246,1799262,4293500
3382,356,389,443136,7213,1799651,4305000
3383,379,371,442757,7221,1800022,4433500
3384,332,367,442425,7186,1800389,4849400
3385,371,364,442054,7193,1800753,4469300
3386,401,316,441653,7278,1801069,4843700
3387,398,353,441255,7323,1801422,5006000
3388,368,366,440887,7325,1801788,4715000
3389,369,368,440518,7326,1802156,4866900
3390,390,365,440128,7351,1802521,4705100
3391,348,385,439780,7314,1802906,4687500
3392,372,381,439408,7305,1803287,4795300
3393,387,369,439021,7323,1803656,4412900
3394,369,352,438652,7340,1804008,4222900
3395,370,364,438282,7346,1804372,4206400
3396,360,393,437922,7313,1804765,4716200
3397,373,370,437549,7316,1805135,4803500
3398,358,405,437191,7269,1805540,5153600
3399,358,343,436833,7284,1805883,4527600
3400,370,332,436463,7322,1806215,4748100
3401,338,370,436125,7290,1806585,5092900
3402,401,363,435724,7328,1806948,4558500
3403,368,371,435356,7325,1807319,4412700
3404,378,388,434978,7315,1807707,4392900
3405,384,359,434594,7340,1808066,4735800
3406,370,366,434224,7344,1808432,4755800
3407,357,348,433867,7353,1808780,4455900
3408,376,398,433491,7331,1809178,5056900
3409,373,386,433118,7318,1809564,4766200
3410,356,360,432762,7314,1809924,5113400
3411,334,380,432428,7268,1810304,4667200
3412,407,390,432021,7285,1810694,4806000
3413,385,363,431636,7307,1811057,4501200
3414,357,364,431279,7300,1811421,4816200
3415,390,368,430889,7322,1811789,4581000
3416,348,352,430541,7318,1812141,4779800
3417,367,391,430174,7294,1812532,4493300
3418,339,362,429835,7271,1812894,4622000
3419,362,326,429473,7307,1813220,4809500
3420,327,329,429146,7305,1813549,4715700
3421,356,324,428790,7337,1813873,5124900
3422,347,377,428443,7307,1814250,5010200
3423,365,368,428078,7304,1814618,4766200
3424,380,373,427698,7311,1814991,4833200
3425,376,366,427322,7321,1815357,4701200
3426,336,376,426986,7281,1815733,4883700
3427,340,358,426646,7263,1816091,5136600
3428,345,350,426301,7258,1816441,5058300
3429,334,368,425967,7224,1816809,5035500
3430,396,362,425571,7258,1817171,4995500
3431,312,363,425259,7207,1817534,4746000
3432,375,370,424884,7212,1817904,4821100
3433,352,351,424532,7213,1818255,4719000
3434,352,350,424180,7215,1818605,4688800
3435,344,366,423836,7193,1818971,5023800
3436,328,331,423508,7190,1819302,4915800
3437,336,364,423172,7162,1819666,5000000
3438,358,361,422814,7159,1820027,4977200
3439,348,361,422466,7146,1820388,5031400
3440,370,359,422096,7157,1820747,4892700
3441,331,346,421765,7142,1821093,5169700
3442,316,375,421449,7083,1821468,5318100
3443,318,338,421131,7063,1821806,5366700
3444,293,361,420838,6995,1822167,5595500
3445,331,361,420507,6965,1822528,5561200
3446,340,357,420167,6948,1822885,4936700
3447,344,346,419823,6946,1823231,5258300
3448,315,351,419508,6910,1823582,4937000
3449,338,356,419170,6892,1823938,5071400
3450,345,369,418825,6868,1824307,5052900
3451,356,320,418469,6904,1824627,4855000
3452,358,353,418111,6909,1824980,4892300
3453,324,354,417787,6879,1825334,5018500
3454,352,338,417435,6893,1825672,4969600
3455,348,353,417087,6888,1826025,5512900
3456,315,343,416772,6860,1826368,5529200
3457,314,337,416458,6837,1826705,5212700
3458,345,356,416113,6826,1827061,5200400
3459,312,365,415801,6773,1827426,5625300
3460,316,346,415485,6743,1827772,5408900
3461,305,338,415180,6710,1828110,5308500
3462,296,333,414884,6673,1828443,5347500
3463,315,338,414569,6650,1828781,5089200
3464,308,337,414261,6621,1829118,4990900
3465,337,331,413924,6627,1829449,5099800
3466,354,301,413570,6680,1829750,4992100
3467,331,322,413239,6689,1830072,4844200
3468,346,345,412893,6690,1830417,5015700
3469,342,349,412551,6683,1830766,4989900
3470,368,323,412183,6728,1831089,5085200
3471,340,351,411843,6717,1831440,5003300
3472,303,291,411540,6729,1831731,4917700
3473,317,361,411223,6685,1832092,4971900
3474,348,332,410875,6701,1832424,5131200
3475,295,324,410580,6672,1832748,5181900
3476,315,321,410265,6666,1833069,5092100
3477,301,374,409964,6593,1833443,5118300
3478,314,319,409650,6588,1833762,4952400
3479,291,338,409359,6541,1834100,4916700
3480,296,341,409063,6496,1834441,5111100
3481,343,332,408720,6507,1834773,5202400
3482,324,335,408396,6496,1835108,5243100
3483,320,290,408076,6526,1835398,5139300
3484,317,347,407759,6496,1835745,5278500
3485,361,333,407398,6524,1836078,4867900
3486,295,349,407103,6470,1836427,5365400
3487,321,325,406782,6466,1836752,4826100
3488,318,332,406464,6452,1837084,5106400
3489,294,312,406170,6434,1837396,5029400
3490,298,311,405872,6421,1837707,5136000
3491,336,331,405536,6426,1838038,5063900
3492,306,315,405230,6417,1838353,5018000
3493,282,314,404948,6385,1838667,5543400
3494,298,328,404650,6355,1838995,5194600
3495,279,289,404371,6345,1839284,5187600
3496,313,309,404058,6349,1839593,5108400
3497,303,317,403755,6335,1839910,4947000
3498,317,303,403438,6349,1840213,4947300
3499,328,329,403110,6348,1840542,5060500
3500,321,312,402789,6357,1840854,5211000
3501,334,294,402455,6397,1841148,4883400
3502,325,304,402130,6418,1841452,5126100
3503,321,325,401809,6414,1841777,5052500
3504,288,324,401521,6378,1842101,4886800
3505,343,292,401178,6429,1842393,4853400
3506,335,303,400843,6461,1842696,4644800
3507,315,334,400528,6442,1843030,4470400
3508,353,340,400175,6455,1843370,4545100
3509,302,339,399873,6418,1843709,4887600
3510,316,318,399557,6416,1844027,4832800
3511,305,309,399252,6412,1844336,5091200
3512,326,348,398926,6390,1844684,5098400
3513,308,321,398618,6377,1845005,4915800
3514,279,333,398339,6323,1845338,4932700
3515,315,349,398024,6289,1845687,5108700
3516,306,301,397718,6294,1845988,5213200
3517,326,275,397392,6345,1846263,4938300
3518,327,283,397065,6389,1846546,5305600
3519,292,340,396773,6341,1846886,5133800
3520,341,343,396432,6339,1847229,5160300
3521,280,322,396152,6297,1847551,4969800
3522,332,316,395820,6313,1847867,5080000
3523,327,319,395493,6321,1848186,5002200
3524,304,331,395189,6294,1848517,5140500
3525,312,314,394877,6292,1848831,4980100
3526,299,310,394578,6281,1849141,4935500
3527,327,313,394251,6295,1849454,5093900
3528,315,274,393936,6336,1849728,5018500
3529,338,302,393598,6372,1850030,4993200
3530,299,291,393299,6380,1850321,5002000
3531,330,311,392969,6399,1850632,4832000
3532,321,325,392648,6395,1850957,5122300
3533,343,336,392305,6402,1851293,5063100
3534,322,331,391983,6393,1851624,4857100
3535,342,315,391641,6420,1851939,4822600
3536,304,346,391337,6378,1852285,5040200
3537,329,315,391008,6392,1852600,4972200
3538,314,320,390694,6386,1852920,4872300
3539,319,343,390375,6362,1853263,4703800
3540,296,308,390079,6350,1853571,5093200
3541,285,298,389794,6337,1853869,5094800
3542,322,327,389472,6332,1854196,4977400
3543,309,323,389163,6318,1854519,4946900
3544,317,322,388846,6313,1854841,4748100
3545,333,307,388513,6339,1855148,5019100
3546,295,322,388218,6312,1855470,5106700
3547,317,325,387901,6304,1855795,4970400
3548,301,299,387600,6306,1856094,4967600
3549,311,330,387289,6287,1856424,5274100
3550,275,330,387014,6232,1856754,4876000
3551,301,335,386713,6198,1857089,4902700
3552,280,304,386433,6174,1857393,4900900
3553,302,315,386131,6161,1857708,5207800
3554,302,282,385829,6181,1857990,5094200
3555,306,306,385523,6181,1858296,5140300
3556,280,323,385243,6138,1858619,4883000
3557,295,287,384948,6146,1858906,4906500
3558,292,328,384656,6110,1859234,4822600
3559,304,310,384352,6104,1859544,4612700
3560,301,313,384051,6092,1859857,4813100
3561,305,295,383746,6102,1860152,5023600
3562,303,297,383443,6108,1860449,4837900
3563,281,321,383162,6068,1860770,4792800
3564,311,305,382851,6074,1861075,5032300
3565,312,309,382539,6077,1861384,4958800
3566,299,295,382240,6081,1861679,4922800
3567,319,307,381921,6093,1861986,4943300
3568,317,282,381604,6128,1862268,4959200
3569,281,323,381323,6086,1862591,5430900
3570,271,292,381052,6065,1862883,4846200
3571,283,352,380769,5996,1863235,4975000
3572,326,307,380443,6015,1863542,4707500
3573,293,283,380150,6025,1863825,5097100
3574,274,317,379876,5982,1864142,4981200
3575,263,303,379613,5942,1864445,4637900
3576,291,274,379322,5959,1864719,4684000
3577,313,324,379009,5948,1865043,5031900
3578,299,296,378710,5951,1865339,5031500
3579,275,330,378435,5896,1865669,4958500
3580,311,262,378124,5945,1865931,4982800
3581,283,297,377841,5931,1866228,5125900
3582,298,293,377543,5936,1866521,4909200
3583,304,274,377239,5966,1866795,5067900
3584,311,275,376928,6002,1867070,4969400
3585,302,313,376626,5991,1867383,4995400
3586,314,289,376312,6016,1867672,4920400
3587,263,287,376049,5992,1867959,4832300
3588,290,313,375759,5969,1868272,5223400
3589,308,334,375451,5943,1868606,4963000
3590,308,268,375143,5983,1868874,5086200
3591,288,316,374855,5955,1869190,4938300
3592,312,284,374543,5983,1869474,4939500
3593,292,303,374251,5972,1869777,4864200
3594,289,280,373962,5981,1870057,4746400
3595,289,294,373673,5976,1870351,4893100
3596,287,314,373386,5949,1870665,5142600
3597,322,304,373064,5967,1870969,5122000
3598,320,286,372744,6001,1871255,5118000
3599,313,311,372431,6003,1871566,4976100
3600,339,289,372092,6053,1871855,5507100
3601,320,324,371772,6049,1872179,5268300
3602,321,312,371451,6058,1872491,5462100
3603,307,284,371144,6081,1872775,4735600
3604,316,293,370828,6104,1873068,5021200
3605,331,313,370497,6122,1873381,4766200
3606,287,290,370210,6119,1873671,4515100
3607,303,284,369907,6138,1873955,4466000
3608,336,302,369571,6172,1874257,4694700
3609,309,272,369262,6209,1874529,4389300
3610,305,309,368957,6205,1874838,5080600
3611,297,323,368660,6179,1875161,4496900
3612,288,314,368372,6153,1875475,4401200
3613,334,312,368038,6175,1875787,4433400
3614,304,312,367734,6167,1876099,4693000
3615,291,341,367443,6117,1876440,4519300
3616,293,286,367150,6124,1876726,4150800
3617,321,289,366829,6156,1877015,4209100
3618,309,314,366520,6151,1877329,4418800
3619,302,303,366218,6150,1877632,4344000
3620,290,324,365928,6116,1877956,4380700
3621,307,311,365621,6112,1878267,4378000
3622,306,350,365315,6068,1878617,4110000
3623,293,306,365022,6055,1878923,4264700
3624,282,277,364740,6060,1879200,4394200
3625,305,292,364435,6073,1879492,4298200
3626,296,303,364139,6066,1879795,4550500
3627,261,310,363878,6017,1880105,4452300
3628,280,324,363598,5973,1880429,4243500
3629,292,330,363306,5935,1880759,4399500
3630,289,263,363017,5961,1881022,4423700
3631,294,309,362723,5946,1881331,4416500
3632,288,315,362435,5919,1881646,4428200
3633,303,306,362132,5916,1881952,4807200
3634,281,302,361851,5895,1882254,4607700
3635,315,309,361536,5901,1882563,4438800
3636,305,303,361231,5903,1882866,4819500
3637,274,340,360957,5837,1883206,4926100
3638,296,305,360661,5828,1883511,4825200
3639,282,268,360379,5842,1883779,4897600
3640,341,273,360038,5910,1884052,4676100
3641,289,290,359749,5909,1884342,4939800
3642,287,317,359462,5879,1884659,4937600
3643,267,296,359195,5850,1884955,4597500
3644,269,295,358926,5824,1885250,5023900
3645,273,294,358653,5803,1885544,4644100
3646,275,304,358378,5774,1885848,4999200
3647,290,302,358088,5762,1886150,4689700
3648,287,319,357801,5730,1886469,4779400
3649,280,267,357521,5743,1886736,4826900
3650,279,268,357242,5754,1887004,4759000
3651,320,290,356922,5784,1887294,4761200
3652,272,291,356650,5765,1887585,4531400
3653,301,261,356349,5805,1887846,5161600
3654,300,297,356049,5808,1888143,4474500
3655,280,290,355769,5798,1888433,4854700
3656,280,277,355489,5801,1888710,4718300
3657,273,290,355216,5784,1889000,4675800
3658,296,276,354920,5804,1889276,4921800
3659,307,277,354613,5834,1889553,4744600
3660,301,302,354312,5833,1889855,4952400
3661,310,312,354002,5831,1890167,4406500
3662,287,283,353715,5835,1890450,4193700
3663,308,281,353407,5862,1890731,4228100
3664,307,297,353100,5872,1891028,4305200
3665,277,282,352823,5867,1891310,4386800
3666,293,277,352530,5883,1891587,5135200
3667,283,296,352247,5870,1891883,4882900
3668,311,305,351936,5876,1892188,4480500
3669,308,290,351628,5894,1892478,4295900
3670,296,286,351332,5904,1892764,4465900
3671,275,284,351057,5895,1893048,4476700
3672,301,295,350756,5901,1893343,4482400
3673,316,302,350440,5915,1893645,4652100
3674,267,307,350173,5875,1893952,4479000
3675,308,275,349865,5908,1894227,4148300
3676,309,296,349556,5921,1894523,4159600
3677,314,278,349242,5957,1894801,4409100
3678,318,311,348924,5964,1895112,4451000
3679,299,324,348625,5939,1895436,4619100
3680,282,319,348343,5902,1895755,4381600
3681,280,295,348063,5887,1896050,4485300
3682,268,306,347795,5849,1896356,4455400
3683,310,294,347485,5865,1896650,4489100
3684,278,296,347207,5847,1896946,4470300
3685,282,312,346925,5817,1897258,4559700
3686,315,294,346610,5838,1897552,4513300
3687,273,297,346337,5814,1897849,4392300
3688,312,270,346025,5856,1898119,4300400
3689,277,290,345748,5843,1898409,4452100
3690,302,261,345446,5884,1898670,4555400
3691,318,328,345128,5874,1898998,4477700
3692,276,304,344852,5846,1899302,4255400
3693,292,288,344560,5850,1899590,4190300
3694,281,297,344279,5834,1899887,4432800
3695,287,259,343992,5862,1900146,4483900
3696,292,311,343700,5843,1900457,4252500
3697,277,275,343423,5845,1900732,4843900
3698,294,294,343129,5845,1901026,5111100
3699,314,235,342815,5924,1901261,4221400
3700,295,278,342520,5941,1901539,4301200
3701,280,326,342240,5895,1901865,4580100
3702,262,284,341978,5873,1902149,4453200
3703,295,291,341683,5877,1902440,4657400
3704,278,305,341405,5850,1902745,4426800
3705,275,291,341130,5834,1903036,4275900
3706,271,297,340859,5808,1903333,4122600
3707,305,281,340554,5832,1903614,4253700
3708,274,308,340280,5798,1903922,4432700
3709,287,291,339993,5794,1904213,4418300
3710,289,270,339704,5813,1904483,4329800
3711,272,308,339432,5777,1904791,4488600
3712,255,320,339177,5712,1905111,4432800
3713,269,284,338908,5697,1905395,4466100
3714,279,287,338629,5689,1905682,4404600
3715,271,298,338358,5662,1905980,4480500
3716,251,294,338107,5619,1906274,4610000
3717,274,279,337833,5614,1906553,4415400
3718,274,263,337559,5625,1906816,4517200
3719,258,315,337301,5568,1907131,4293800
3720,278,268,337023,5578,1907399,4359100
3721,285,267,336738,5596,1907666,4389400
3722,276,300,336462,5572,1907966,4480100
3723,297,258,336165,5611,1908224,4746600
3724,282,271,335883,5622,1908495,4621200
3725,279,270,335604,5631,1908765,4487800
3726,293,265,335311,5659,1909030,4581600
3727,271,260,335040,5670,1909290,4595300
3728,291,271,334749,5690,1909561,4559600
3729,261,262,334488,5689,1909823,4730400
3730,298,270,334190,5717,1910093,4454400
3731,294,287,333896,5724,1910380,4477000
3732,289,295,333607,5718,1910675,4410600
3733,287,294,333320,5711,1910969,4358200
3734,266,287,333054,5690,1911256,4361000
3735,273,299,332781,5664,1911555,4684900
3736,309,280,332472,5693,1911835,4356200
3737,276,267,332196,5702,1912102,4382700
3738,277,277,331919,5702,1912379,4402300
3739,295,292,331624,5705,1912671,4408900
3740,280,312,331344,5673,1912983,4371500
3741,281,302,331063,5652,1913285,4388900
3742,271,292,330792,5631,1913577,4470900
3743,262,254,330530,5639,1913831,4409600
3744,271,270,330259,5640,1914101,4392000
3745,284,288,329975,5636,1914389,4428000
3746,298,290,329677,5644,1914679,4388600
3747,266,284,329411,5626,1914963,4432500
3748,275,278,329136,5623,1915241,4371300
3749,295,293,328841,5625,1915534,4395800
3750,296,283,328545,5638,1915817,4330500
3751,251,287,328294,5602,1916104,4373100
3752,260,282,328034,5580,1916386,4253000
3753,257,268,327777,5569,1916654,4304700
3754,272,277,327505,5564,1916931,4332100
3755,291,282,327214,5573,1917213,4321500
3756,271,284,326943,5560,1917497,4410100
3757,281,280,326662,5561,1917777,4632000
3758,297,264,326365,5594,1918041,4603700
3759,308,281,326057,5621,1918322,4376900
3760,252,260,325805,5613,1918582,4417500
3761,280,269,325525,5624,1918851,4539400
3762,289,287,325236,5626,1919138,4457000
3763,286,305,324950,5607,1919443,4312000
3764,301,262,324649,5646,1919705,4301800
3765,296,298,324353,5644,1920003,4339000
3766,305,281,324048,5668,1920284,4422100
3767,268,246,323780,5690,1920530,4419600
3768,264,292,323516,5662,1920822,4355600
3769,309,289,323207,5682,1921111,4494000
3770,299,306,322908,5675,1921417,4332400
3771,276,284,322632,5667,1921701,4534700
3772,299,265,322333,5701,1921966,4485700
3773,321,305,322012,5717,1922271,4624400
3774,288,283,321724,5722,1922554,4351800
3775,272,310,321452,5684,1922864,4484300
3776,318,275,321134,5727,1923139,4422100
3777,267,275,320867,5719,1923414,4408700
3778,269,278,320598,5710,1923692,4479600
3779,248,282,320350,5676,1923974,4226100
3780,301,285,320049,5692,1924259,4144400
3781,272,277,319777,5687,1924536,4528900
3782,271,305,319506,5653,1924841,4537700
3783,264,263,319242,5654,1925104,4450300
3784,274,294,318968,5634,1925398,4412600
3785,276,248,318692,5662,1925646,4396600
3786,277,261,318415,5678,1925907,4203200
3787,268,253,318147,5693,1926160,4341300
3788,254,290,317893,5657,1926450,4605700
3789,242,306,317651,5593,1926756,4770500
3790,261,296,317390,5558,1927052,4538900
3791,260,301,317130,5517,1927353,4502200
3792,267,266,316863,5518,1927619,4557000
3793,262,270,316601,5510,1927889,4441200
3794,255,257,316346,5508,1928146,4409100
3795,257,282,316089,5483,1928428,4480500
3796,260,275,315829,5468,1928703,4452300
3797,247,279,315582,5436,1928982,4164000
3798,257,260,315325,5433,1929242,4799900
3799,272,295,315053,5410,1929537,4434100
3800,236,285,314817,5361,1929822,4269200
3801,246,244,314571,5363,1930066,4283200
3802,249,247,314322,5365,1930313,4581800
3803,259,266,314063,5358,1930579,4584500
3804,242,259,313821,5341,1930838,4338100
3805,243,301,313578,5283,1931139,4509000
3806,260,244,313318,5299,1931383,4187300
3807,263,267,313055,5295,1931650,4759700
3808,237,265,312818,5267,1931915,4281800
3809,260,269,312558,5258,1932184,4440600
3810,243,276,312315,5225,1932460,4477800
3811,245,270,312070,5200,1932730,4338000
3812,245,267,311825,5178,1932997,4260700
3813,264,232,311561,5210,1933229,4462900
3814,245,264,311316,5191,1933493,4200900
3815,263,265,311053,5189,1933758,4438900
3816,288,235,310765,5242,1933993,4532900
3817,251,248,310514,5245,1934241,4275900
3818,262,285,310252,5222,1934526,4320500
3819,225,264,310027,5183,1934790,4490100
3820,281,277,309746,5187,1935067,4471100
3821,227,250,309519,5164,1935317,4555800
3822,240,261,309279,5143,1935578,4425800
3823,287,241,308992,5189,1935819,4499700
3824,259,263,308733,5185,1936082,4534900
3825,251,257,308482,5179,1936339,4359700
3826,278,240,308204,5217,1936579,4483100
3827,244,240,307960,5221,1936819,4459900
3828,257,274,307703,5204,1937093,4435900
3829,267,256,307436,5215,1937349,4349400
3830,277,233,307159,5259,1937582,4578000
3831,274,277,306885,5256,1937859,4736800
3832,295,257,306590,5294,1938116,4337800
3833,239,231,306351,5302,1938347,4344000
3834,257,234,306094,5325,1938581,4672300
3835,263,289,305831,5299,1938870,4434900
3836,257,254,305574,5302,1939124,4164800
3837,248,282,305326,5268,1939406,4463500
3838,271,249,305055,5290,1939655,4592500
3839,266,252,304789,5304,1939907,4392400
3840,264,284,304525,5284,1940191,4597700
3841,247,267,304278,5264,1940458,4366400
3842,244,250,304034,5258,1940708,4391100
3843,246,266,303788,5238,1940974,4555300
3844,244,263,303544,5219,1941237,4636600
3845,243,258,303301,5204,1941495,4518000
3846,217,253,303084,5168,1941748,4452200
3847,253,289,302831,5132,1942037,4620100
3848,242,252,302589,5122,1942289,4297800
3849,255,265,302334,5112,1942554,4296400
3850,250,266,302084,5096,1942820,4424700
3851,236,227,301848,5105,1943047,4450000
3852,252,266,301596,5091,1943313,4420800
3853,269,306,301327,5054,1943619,4655400
3854,228,238,301099,5044,1943857,4486900
3855,265,284,300834,5025,1944141,4535300
3856,269,272,300565,5022,1944413,4485200
3857,255,246,300310,5031,1944659,4299500
3858,258,245,300052,5044,1944904,4593000
3859,259,231,299793,5072,1945135,4508500
3860,250,238,299543,5084,1945373,4241000
3861,251,263,299292,5072,1945636,4277900
3862,291,250,299001,5113,1945886,4977500
3863,255,273,298746,5095,1946159,4914200
3864,269,260,298477,5104,1946419,4492200
3865,237,229,298240,5112,1946648,4743600
3866,262,246,297978,5128,1946894,4709100
3867,260,271,297718,5117,1947165,4790200
3868,254,241,297464,5130,1947406,5002200
3869,254,255,297210,5129,1947661,5414500
3870,247,246,296963,5130,1947907,4632900
3871,249,249,296714,5130,1948156,4549000
3872,242,246,296472,5126,1948402,4334900
3873,271,259,296201,5138,1948661,4319000
3874,271,260,295930,5149,1948921,4276800
3875,279,274,295651,5154,1949195,4226800
3876,241,251,295410,5144,1949446,4324200
3877,268,259,295142,5153,1949705,4325100
3878,279,228,294863,5204,1949933,4195700
3879,248,277,294615,5175,1950210,4181100
3880,263,259,294352,5179,1950469,4287500
3881,266,277,294086,5168,1950746,4236600
3882,237,255,293849,5150,1951001,4304400
3883,288,258,293561,5180,1951259,4400600
3884,251,261,293310,5170,1951520,4369000
3885,216,251,293094,5135,1951771,4385300
3886,262,240,292832,5157,1952011,4413900
3887,254,259,292578,5152,1952270,4406800
3888,268,264,292310,5156,1952534,4358200
3889,253,229,292057,5180,1952763,4391100
3890,259,266,291798,5173,1953029,4778100
3891,255,275,291543,5153,1953304,4618400
3892,232,264,291311,5121,1953568,4310200
3893,255,273,291056,5103,1953841,4555100
3894,256,282,290800,5077,1954123,4365500
3895,251,246,290549,5082,1954369,4226700
3896,231,255,290318,5058,1954624,4426300
3897,267,246,290051,5079,1954870,4267800
3898,214,257,289837,5036,1955127,4201900
3899,249,250,289588,5035,1955377,4495100
3900,227,268,289361,4994,1955645,4489000
3901,265,260,289096,4999,1955905,4149200
3902,241,248,288855,4992,1956153,4282100
3903,215,247,288640,4960,1956400,4337200
3904,224,243,288416,4941,1956643,4478100
3905,251,236,288165,4956,1956879,4516200
3906,226,262,287939,4920,1957141,4398800
3907,241,212,287698,4949,1957353,4706000
3908,241,239,287457,4951,1957592,4312200
3909,271,246,287186,4976,1957838,4234200
3910,235,274,286951,4937,1958112,4358100
3911,263,251,286688,4949,1958363,4297900
3912,235,241,286453,4943,1958604,4719600
3913,240,255,286213,4928,1958859,4456600
3914,259,270,285954,4917,1959129,4381200
3915,226,259,285728,4884,1959388,4538100
3916,264,250,285464,4898,1959638,4640400
3917,291,253,285173,4936,1959891,4258200
3918,261,247,284912,4950,1960138,4469200
3919,237,232,284675,4955,1960370,4471400
3920,240,244,284435,4951,1960614,4270600
3921,255,251,284180,4955,1960865,4378700
3922,243,246,283937,4952,1961111,4339800
3923,245,229,283692,4968,1961340,4333100
3924,252,260,283440,4960,1961600,4242500
3925,293,271,283147,4982,1961871,4925600
3926,268,251,282879,4999,1962122,4701600
3927,266,272,282613,4993,1962394,4557600
3928,247,270,282366,4970,1962664,4468100
3929,255,229,282111,4996,1962893,4452400
3930,249,253,281862,4992,1963146,4632700
3931,263,266,281599,4989,1963412,4208500
3932,233,245,281366,4977,1963657,4210300
3933,263,218,281103,5022,1963875,4481200
3934,263,249,280840,5036,1964124,4369800
3935,250,240,280590,5046,1964364,4527100
3936,272,236,280318,5082,1964600,5122400
3937,260,258,280058,5084,1964858,4676600
3938,253,253,279805,5084,1965111,4241600
3939,243,242,279562,5085,1965353,4277300
3940,259,241,279303,5103,1965594,4383600
3941,251,258,279052,5096,1965852,4526500
3942,280,241,278772,5135,1966093,4507700
3943,293,241,278479,5187,1966334,4370500
3944,245,253,278234,5179,1966587,4708500
3945,225,249,278009,5155,1966836,4366200
3946,267,236,277742,5186,1967072,4167800
3947,235,246,277507,5175,1967318,4370100
3948,249,240,277258,5184,1967558,4385400
3949,233,260,277025,5157,1967818,4317800
3950,249,272,276776,5134,1968090,4486900
3951,241,242,276535,5133,1968332,4519200
3952,255,241,276280,5147,1968573,4468000
3953,248,292,276032,5103,1968865,4363600
3954,268,265,275764,5106,1969130,4292800
3955,243,243,275521,5106,1969373,4266700
3956,228,286,275293,5048,1969659,4440300
3957,263,258,275030,5053,1969917,4546400
3958,249,232,274781,5070,1970149,4763100
3959,232,255,274549,5047,1970404,4385300
3960,236,260,274313,5023,1970664,4516600
3961,224,267,274089,4980,1970931,4284300
3962,275,242,273814,5013,1971173,4201600
3963,241,246,273573,5008,1971419,4432800
3964,240,247,273333,5001,1971666,4475400
3965,258,241,273075,5018,1971907,4466600
3966,245,246,272830,5017,1972153,4516800
3967,242,250,272588,5009,1972403,4593400
3968,217,236,272371,4990,1972639,4406400
3969,246,210,272125,5026,1972849,4220900
3970,230,272,271895,4984,1973121,4430500
3971,270,247,271625,5007,1973368,4257700
3972,235,240,271390,5002,1973608,4379600
3973,278,254,271112,5026,1973862,4154100
3974,265,224,270847,5067,1974086,4424000
3975,264,251,270583,5080,1974337,4235300
3976,240,243,270343,5077,1974580,4385000
3977,265,246,270078,5096,1974826,4341300
3978,260,260,269818,5096,1975086,4405200
3979,258,270,269560,5084,1975356,4179600
3980,264,240,269296,5108,1975596,4394900
3981,248,257,269048,5099,1975853,4263500
3982,251,217,268797,5133,1976070,4325200
3983,272,270,268525,5135,1976340,4276600
3984,245,254,268280,5126,1976594,4428000
3985,235,241,268045,5120,1976835,4230900
3986,239,249,267806,5110,1977084,4318000
3987,246,271,267560,5085,1977355,4246800
3988,220,267,267340,5038,1977622,4227200
3989,232,229,267108,5041,1977851,4383300
3990,248,279,266860,5010,1978130,4371800
3991,213,261,266647,4962,1978391,4552500
3992,253,265,266394,4950,1978656,4758700
3993,252,249,266142,4953,1978905,4642100
3994,223,270,265919,4906,1979175,4584400
3995,232,251,265687,4887,1979426,4645400
3996,249,242,265438,4894,1979668,4890500
3997,233,233,265205,4894,1979901,4671200
3998,250,219,264955,4925,1980120,4662000
3999,252,250,264703,4927,1980370,4636500
4000,214,235,264489,4906,1980605,4602000
4001,240,219,264249,4927,1980824,4504400
4002,232,251,264017,4908,1981075,4512300
4003,228,263,263789,4873,1981338,4576400
4004,266,244,263523,4895,1981582,4540600
4005,248,229,263275,4914,1981811,4729500
4006,238,237,263037,4915,1982048,4813500
4007,238,278,262799,4875,1982326,4625800
4008,228,213,262571,4890,1982539,4513800
4009,234,233,262337,4891,1982772,4434400
4010,225,217,262112,4899,1982989,4317700
4011,258,243,261854,4914,1983232,4564500
4012,247,246,261607,4915,1983478,4515300
4013,224,256,261383,4883,1983734,4417900
4014,248,247,261135,4884,1983981,4371500
4015,254,228,260881,4910,1984209,4364100
4016,243,222,260638,4931,1984431,4546100
4017,241,245,260397,4927,1984676,4507400
4018,246,256,260151,4917,1984932,4491900
4019,226,230,259925,4913,1985162,4627900
4020,260,257,259665,4916,1985419,4727700
4021,237,250,259428,4903,1985669,4554000
4022,235,251,259193,4887,1985920,4634300
4023,226,215,258967,4898,1986135,4594900
4024,252,262,258715,4888,1986397,4489700
4025,255,215,258460,4928,1986612,4417000
4026,232,245,258228,4915,1986857,4686900
4027,222,241,258006,4896,1987098,4645800
4028,245,262,257761,4879,1987360,4484600
4029,236,263,257525,4852,1987623,4789300
4030,257,241,257268,4868,1987864,4565100
4031,241,245,257027,4864,1988109,4517200
4032,231,243,256796,4852,1988352,4484300
4033,248,255,256548,4845,1988607,4399000
4034,237,237,256311,4845,1988844,4462100
4035,242,246,256069,4841,1989090,4426800
4036,221,282,255848,4780,1989372,4382600
4037,252,233,255596,4799,1989605,4439100
4038,264,237,255332,4826,1989842,4376100
4039,223,220,255109,4829,1990062,4407400
4040,243,268,254866,4804,1990330,4478200
4041,250,291,254616,4763,1990621,4469500
4042,229,242,254387,4750,1990863,4466700
4043,239,247,254148,4742,1991110,4444700
4044,221,251,253927,4712,1991361,4310000
4045,256,253,253671,4715,1991614,4564400
4046,215,250,253456,4680,1991864,4501300
4047,258,246,253198,4692,1992110,4328400
4048,216,220,252982,4688,1992330,4344000
4049,238,229,252744,4697,1992559,4374800
4050,243,253,252501,4687,1992812,4599800
4051,222,229,252279,4680,1993041,4577100
4052,243,223,252036,4700,1993264,4567700
4053,221,244,251815,4677,1993508,4695300
4054,212,249,251603,4640,1993757,4492500
4055,244,211,251359,4673,1993968,4504900
4056,216,224,251143,4665,1994192,4482000
4057,231,235,250912,4661,1994427,4317100
4058,236,233,250676,4664,1994660,4293000
4059,229,213,250447,4680,1994873,4348500
4060,242,246,250205,4676,1995119,4259500
4061,263,229,249942,4710,1995348,4349700
4062,239,242,249703,4707,1995590,4269800
4063,253,244,249450,4716,1995834,4601100
4064,214,244,249236,4686,1996078,4493500
4065,235,246,249001,4675,1996324,4377300
4066,227,225,248774,4677,1996549,4449900
4067,218,224,248556,4671,1996773,4257100
4068,250,235,248306,4686,1997008,4693100
4069,254,246,248052,4694,1997254,4296700
4070,220,222,247832,4692,1997476,4374700
4071,263,232,247569,4723,1997708,4546400
4072,246,235,247323,4734,1997943,4470600
4073,220,230,247103,4724,1998173,4416100
4074,242,236,246861,4730,1998409,4417400
4075,221,254,246640,4697,1998663,4415300
4076,240,233,246400,4704,1998896,4123700
4077,217,207,246183,4714,1999103,4186400
4078,224,236,245959,4702,1999339,4200000
4079,245,214,245714,4733,1999553,4412700
4080,248,247,245466,4734,1999800,4277700
4081,230,248,245236,4716,2000048,4397300
4082,253,218,244983,4751,2000266,4849400
4083,271,232,244712,4790,2000498,4462700
4084,226,250,244486,4766,2000748,4418500
4085,238,262,244248,4742,2001010,4362300
4086,253,239,243995,4756,2001249,5037200
4087,220,216,243775,4760,2001465,4473500
4088,253,218,243522,4795,2001683,4485200
4089,227,250,243295,4772,2001933,4508500
4090,237,218,243058,4791,2002151,4398400
4091,255,248,242803,4798,2002399,4459700
4092,242,245,242561,4795,2002644,4674300
4093,219,225,242342,4789,2002869,4740500
4094,237,246,242105,4780,2003115,4553800
4095,251,227,241854,4804,2003342,4301900
4096,222,229,241632,4797,2003571,4517000
4097,230,270,241402,4757,2003841,4444300
4098,219,264,241183,4712,2004105,4210800
4099,228,268,240955,4672,2004373,4508400
4100,224,223,240731,4673,2004596,4239000
4101,235,224,240496,4684,2004820,4225200
4102,201,241,240295,4644,2005061,4202500
4103,234,209,240061,4669,2005270,4538800
4104,240,273,239821,4636,2005543,4441900
4105,229,236,239592,4629,2005779,4804100
4106,208,236,239384,4601,2006015,4292900
4107,209,229,239175,4581,2006244,4422800
4108,226,247,238949,4560,2006491,4449900
4109,232,221,238717,4571,2006712,4338800
4110,228,246,238489,4553,2006958,4168800
4111,200,209,238289,4544,2007167,4472300
4112,227,230,238062,4541,2007397,4412100
4113,210,244,237852,4507,2007641,4458200
4114,199,228,237653,4478,2007869,4313900
4115,223,235,237430,4466,2008104,4298400
4116,221,235,237209,4452,2008339,4621400
4117,187,224,237022,4415,2008563,4553200
4118,236,212,236786,4439,2008775,4603300
4119,235,221,236551,4453,2008996,4417300
4120,219,213,236332,4459,2009209,4531300
4121,197,217,236135,4439,2009426,4481700
4122,185,193,235950,4431,2009619,4251700
4123,229,225,235721,4435,2009844,4360000
4124,210,212,235511,4433,2010056,4638100
4125,201,226,235310,4408,2010282,4398300
4126,204,243,235106,4369,2010525,4354100
4127,255,203,234851,4421,2010728,4415200
4128,230,192,234621,4459,2010920,4312300
4129,226,223,234395,4462,2011143,4721400
4130,254,224,234141,4492,2011367,4438000
4131,221,216,233920,4497,2011583,4694200
4132,251,243,233669,4505,2011826,4410200
4133,248,227,233421,4526,2012053,4351800
4134,196,232,233225,4490,2012285,4272900
4135,238,218,232987,4510,2012503,4284800
4136,215,241,232772,4484,2012744,4430800
4137,206,220,232566,4470,2012964,4422500
4138,230,227,232336,4473,2013191,4475600
4139,238,222,232098,4489,2013413,4334600
4140,237,216,231861,4510,2013629,4450500
4141,207,231,231654,4486,2013860,4198100
4142,238,227,231416,4497,2014087,4442900
4143,249,218,231167,4528,2014305,4399600
4144,236,228,230931,4536,2014533,4346600
4145,216,217,230715,4535,2014750,4341700
4146,205,237,230510,4503,2014987,4340100
4147,239,239,230271,4503,2015226,4421100
4148,235,231,230036,4507,2015457,4383500
4149,218,215,229818,4510,2015672,4889000
4150,236,220,229582,4526,2015892,4447400
4151,252,226,229330,4552,2016118,4312200
4152,246,236,229084,4562,2016354,4278100
4153,241,221,228843,4582,2016575,4473400
4154,257,231,228586,4608,2016806,4378400
4155,263,242,228323,4629,2017048,4560300
4156,224,233,228099,4620,2017281,4544500
4157,222,205,227877,4637,2017486,4196100
4158,244,224,227633,4657,2017710,4188600
4159,206,251,227427,4612,2017961,4376700
4160,230,230,227197,4612,2018191,4404100
4161,217,214,226980,4615,2018405,4239000
4162,236,230,226744,4621,2018635,4319500
4163,247,222,226497,4646,2018857,4315300
4164,216,257,226281,4605,2019114,4406500
4165,212,224,226069,4593,2019338,4336100
4166,209,203,225860,4599,2019541,4186800
4167,237,229,225623,4607,2019770,4336300
4168,239,200,225384,4646,2019970,4400300
4169,209,187,225175,4668,2020157,4463000
4170,234,200,224941,4702,2020357,4533300
4171,225,215,224716,4712,2020572,4272600
4172,245,231,224471,4726,2020803,4480700
4173,218,219,224253,4725,2021022,4400200
4174,238,222,224015,4741,2021244,4398600
4175,251,267,223764,4725,2021511,5069900
4176,249,257,223515,4717,2021768,4411200
4177,221,221,223294,4717,2021989,4407000
4178,239,237,223055,4719,2022226,4508600
4179,243,257,222812,4705,2022483,4365700
4180,259,215,222553,4749,2022698,4425000
4181,212,238,222341,4723,2022936,4427400
4182,202,236,222139,4689,2023172,4296700
4183,212,210,221927,4691,2023382,4195800
4184,223,232,221704,4682,2023614,4357300
4185,222,230,221482,4674,2023844,4236000
4186,216,261,221266,4629,2024105,4247100
4187,229,231,221037,4627,2024336,4661000
4188,220,256,220817,4591,2024592,4315600
4189,220,187,220597,4624,2024779,4493500
4190,209,243,220388,4590,2025022,4309300
4191,219,210,220169,4599,2025232,4618000
4192,231,257,219938,4573,2025489,4501900
4193,228,244,219710,4557,2025733,4499600
4194,227,213,219483,4571,2025946,4603700
4195,215,230,219268,4556,2026176,4574700
4196,222,238,219046,4540,2026414,4212700
4197,208,255,218838,4493,2026669,4780200
4198,220,209,218618,4504,2026878,4162400
4199,232,224,218386,4512,2027102,4328100
4200,214,241,218172,4485,2027343,4368900
4201,204,205,217968,4484,2027548,4405300
4202,207,244,217761,4447,2027792,4294100
4203,244,196,217517,4495,2027988,4398300
4204,223,228,217294,4490,2028216,4655400
4205,202,207,217092,4485,2028423,4677600
4206,232,226,216860,4491,2028649,4478700
4207,227,219,216633,4499,2028868,4738000
4208,216,207,216417,4508,2029075,4323400
4209,219,236,216198,4491,2029311,4199800
4210,224,238,215974,4477,2029549,4578000
4211,233,208,215741,4502,2029757,4356700
4212,211,211,215530,4502,2029968,4459700
4213,221,231,215309,4492,2030199,4265000
4214,234,212,215075,4514,2030411,4119200
4215,217,238,214858,4493,2030649,4206400
4216,215,239,214643,4469,2030888,4212700
4217,228,238,214415,4459,2031126,4177900
4218,241,209,214174,4491,2031335,4357300
4219,243,218,213931,4516,2031553,4380700
4220,244,224,213687,4536,2031777,4468600
4221,235,219,213452,4552,2031996,4336200
4222,227,243,213225,4536,2032239,4239200
4223,247,230,212978,4553,2032469,5220400
4224,238,214,212740,4577,2032683,4803400
4225,217,222,212523,4572,2032905,4351000
4226,232,223,212291,4581,2033128,4325100
4227,233,233,212058,4581,2033361,4575600
4228,231,222,211827,4590,2033583,4303200
4229,229,258,211598,4561,2033841,4297300
4230,251,233,211347,4579,2034074,4838000
4231,233,234,211114,4578,2034308,4356600
4232,219,240,210895,4557,2034548,4241100
4233,210,253,210685,4514,2034801,4161700
4234,246,225,210439,4535,2035026,4231500
4235,209,242,210230,4502,2035268,4206700
4236,212,238,210018,4476,2035506,4282400
4237,218,212,209800,4482,2035718,4513200
4238,214,215,209586,4481,2035933,4633600
4239,215,220,209371,4476,2036153,4237100
4240,223,238,209148,4461,2036391,4250600
4241,215,225,208933,4451,2036616,4249100
4242,220,223,208713,4448,2036839,4427700
4243,227,213,208486,4462,2037052,4403100
4244,202,225,208284,4439,2037277,4742200
4245,240,226,208044,4453,2037503,4403400
4246,259,215,207785,4497,2037718,4361500
4247,203,220,207582,4480,2037938,4431200
4248,212,208,207370,4484,2038146,4223600
4249,222,209,207148,4497,2038355,4288300
4250,226,216,206922,4507,2038571,4391100
4251,243,210,206679,4540,2038781,4562200
4252,217,210,206462,4547,2038991,4407900
4253,219,223,206243,4543,2039214,4644900
4254,248,198,205995,4593,2039412,4268000
4255,252,236,205743,4609,2039648,4488000
4256,239,236,205504,4612,2039884,4251600
4257,228,231,205276,4609,2040115,4273200
4258,222,241,205054,4590,2040356,4272500
4259,232,211,204822,4611,2040567,4334800
4260,247,240,204575,4618,2040807,4191200
4261,225,218,204350,4625,2041025,4390000
4262,212,242,204138,4595,2041267,4559500
4263,237,230,203901,4602,2041497,4789200
4264,231,249,203670,4584,2041746,4242400
4265,249,234,203421,4599,2041980,4327800
4266,222,228,203199,4593,2042208,4284900
4267,238,201,202961,4630,2042409,4352100
4268,211,243,202750,4598,2042652,4368300
4269,225,210,202525,4613,2042862,4323600
4270,230,222,202295,4621,2043084,4370600
4271,219,254,202076,4586,2043338,4099700
4272,192,229,201884,4549,2043567,4226200
4273,206,206,201678,4549,2043773,4269800
4274,215,231,201463,4533,2044004,4380600
4275,218,192,201245,4559,2044196,4320300
4276,208,199,201037,4568,2044395,4321800
4277,199,242,200838,4525,2044637,4694000
4278,220,227,200618,4518,2044864,4466700
4279,215,221,200403,4512,2045085,4452500
4280,241,216,200162,4537,2045301,4638200
4281,199,208,199963,4528,2045509,4822400
4282,222,217,199741,4533,2045726,4513900
4283,216,256,199525,4493,2045982,4448500
4284,204,225,199321,4472,2046207,4440500
4285,212,228,199109,4456,2046435,4277000
4286,211,197,198898,4470,2046632,4204700
4287,194,210,198704,4454,2046842,4269000
4288,201,209,198503,4446,2047051,4353500
4289,201,219,198302,4428,2047270,4267200
4290,205,249,198097,4384,2047519,4257200
4291,212,220,197885,4376,2047739,4318300
4292,226,205,197659,4397,2047944,4361400
4293,192,229,197467,4360,2048173,4332000
4294,246,245,197221,4361,2048418,4701500
4295,200,222,197021,4339,2048640,4312700
4296,221,205,196800,4355,2048845,4321200
4297,210,231,196590,4334,2049076,4353900
4298,206,209,196384,4331,2049285,4442700
4299,216,217,196168,4330,2049502,4539400
4300,202,221,195966,4311,2049723,4500500
4301,178,195,195788,4294,2049918,4901200
4302,206,245,195582,4255,2050163,4254400
4303,193,184,195389,4264,2050347,4465000
4304,203,232,195186,4235,2050579,4408200
4305,194,230,194992,4199,2050809,4601400
4306,217,217,194775,4199,2051026,4347700
4307,166,181,194609,4184,2051207,4299800
4308,217,204,194392,4197,2051411,4479700
4309,236,211,194156,4222,2051622,4276600
4310,192,212,193964,4202,2051834,4369800
4311,195,207,193769,4190,2052041,4329900
4312,208,202,193561,4196,2052243,4567500
4313,206,188,193355,4214,2052431,4663600
4314,210,214,193145,4210,2052645,4641300
4315,218,202,192927,4226,2052847,4650200
4316,218,202,192709,4242,2053049,4437100
4317,238,189,192471,4291,2053238,4521100
4318,228,188,192243,4331,2053426,4715200
4319,218,231,192025,4318,2053657,4854300
4320,206,212,191819,4312,2053869,4477300
4321,202,216,191617,4298,2054085,4399800
4322,221,225,191396,4294,2054310,4653900
4323,202,234,191194,4262,2054544,4609400
4324,211,239,190983,4234,2054783,4369200
4325,194,206,190789,4222,2054989,4930400
4326,214,206,190575,4230,2055195,4375600
4327,206,232,190369,4204,2055427,4368600
4328,224,208,190145,4220,2055635,4519900
4329,205,221,189940,4204,2055856,4204700
4330,216,213,189724,4207,2056069,4314400
4331,220,192,189504,4235,2056261,4251500
4332,228,236,189276,4227,2056497,4253800
4333,215,245,189061,4197,2056742,4499100
4334,217,211,188844,4203,2056953,4362100
4335,217,215,188627,4205,2057168,4360800
4336,219,233,188408,4191,2057401,4243900
4337,211,224,188197,4178,2057625,4448100
4338,204,226,187993,4156,2057851,4407700
4339,195,205,187798,4146,2058056,4227600
4340,212,215,187586,4143,2058271,4706600
4341,209,195,187377,4157,2058466,4455500
4342,206,194,187171,4169,2058660,4195000
4343,227,205,186944,4191,2058865,4464900
4344,217,215,186727,4193,2059080,4457200
4345,210,216,186517,4187,2059296,4245000
4346,211,228,186306,4170,2059524,4622100
4347,192,202,186114,4160,2059726,4153800
4348,205,208,185909,4157,2059934,4238400
4349,239,216,185670,4180,2060150,4437200
4350,200,226,185470,4154,2060376,4353200
4351,233,219,185237,4168,2060595,4461900
4352,204,208,185033,4164,2060803,4438500
4353,229,219,184804,4174,2061022,4246000
4354,202,198,184602,4178,2061220,4445100
4355,215,197,184387,4196,2061417,4414500
4356,243,226,184144,4213,2061643,4373700
4357,209,209,183935,4213,2061852,4456500
4358,215,227,183720,4201,2062079,4370100
4359,213,207,183507,4207,2062286,4589400
4360,219,182,183288,4244,2062468,4574400
4361,218,231,183070,4231,2062699,4558800
4362,215,197,182855,4249,2062896,4456100
4363,211,211,182644,4249,2063107,4377500
4364,204,210,182440,4243,2063317,4248000
4365,250,214,182190,4279,2063531,4440600
4366,216,225,181974,4270,2063756,4576000
4367,196,225,181778,4241,2063981,4360900
4368,224,219,181554,4246,2064200,4433700
4369,222,222,181332,4246,2064422,4418200
4370,228,234,181104,4240,2064656,4169600
4371,240,197,180864,4283,2064853,4606400
4372,219,223,180645,4279,2065076,4331600
4373,233,243,180412,4269,2065319,4556000
4374,232,204,180180,4297,2065523,4671000
4375,212,209,179968,4300,2065732,4282900
4376,219,226,179749,4293,2065958,4260100
4377,228,211,179521,4310,2066169,4439900
4378,202,206,179319,4306,2066375,4370200
4379,219,228,179100,4297,2066603,4248900
4380,223,237,178877,4283,2066840,4647100
4381,227,175,178650,4335,2067015,4440100
4382,217,189,178433,4363,2067204,4414500
4383,199,200,178234,4362,2067404,4240100
4384,202,208,178032,4356,2067612,4242500
4385,214,211,177818,4359,2067823,4291000
4386,227,237,177591,4349,2068060,4535500
4387,207,204,177384,4352,2068264,4554400
4388,201,247,177183,4306,2068511,4485300
4389,217,204,176966,4319,2068715,4464900
4390,191,222,176775,4288,2068937,4557300
4391,218,212,176557,4294,2069149,4405000
4392,200,209,176357,4285,2069358,4344000
4393,231,216,176126,4300,2069574,4529500
4394,213,212,175913,4301,2069786,4368700
4395,208,234,175705,4275,2070020,4234500
4396,200,196,175505,4279,2070216,4434600
4397,181,236,175324,4224,2070452,4504300
4398,228,204,175096,4248,2070656,4408300
4399,207,211,174889,4244,2070867,4584700
4400,198,221,174691,4221,2071088,4597500
4401,209,210,174482,4220,2071298,4279500
4402,235,191,174247,4264,2071489,4349300
4403,212,222,174035,4254,2071711,4451300
4404,225,218,173810,4261,2071929,4521700
4405,215,214,173595,4262,2072143,4215600
4406,178,213,173417,4227,2072356,4245500
4407,208,234,173209,4201,2072590,4320000
4408,218,226,172991,4193,2072816,4525200
4409,207,200,172784,4200,2073016,4474600
4410,203,214,172581,4189,2073230,4257000
4411,196,218,172385,4167,2073448,4483700
4412,187,193,172198,4161,2073641,4164000
4413,197,211,172001,4147,2073852,4330700
4414,191,202,171810,4136,2074054,4261400
4415,189,194,171621,4131,2074248,4129400
4416,211,217,171410,4125,2074465,4146400
4417,200,179,171210,4146,2074644,4761300
4418,217,233,170993,4130,2074877,4908600
4419,200,200,170793,4130,2075077,4530400
4420,216,204,170577,4142,2075281,4457900
4421,223,232,170354,4133,2075513,4300700
4422,216,201,170138,4148,2075714,4317100
4423,196,211,169942,4133,2075925,4394000
4424,195,206,169747,4122,2076131,4674100
4425,199,184,169548,4137,2076315,4391600
4426,207,230,169341,4114,2076545,4215500
4427,198,204,169143,4108,2076749,4371800
4428,178,222,168965,4064,2076971,4251000
4429,189,185,168776,4068,2077156,4432700
4430,198,201,168578,4065,2077357,4417700
4431,189,211,168389,4043,2077568,4304300
4432,216,186,168173,4073,2077754,4442000
4433,203,207,167970,4069,2077961,4404600
4434,208,224,167762,4053,2078185,4533500
4435,182,192,167580,4043,2078377,4751600
4436,169,213,167411,3999,2078590,4341300
4437,172,206,167239,3965,2078796,4411300
4438,180,214,167059,3931,2079010,4435300
4439,184,218,166875,3897,2079228,4309600
4440,185,210,166690,3872,2079438,4403000
4441,183,189,166507,3866,2079627,4246600
4442,174,208,166333,3832,2079835,4716600
4443,224,168,166109,3888,2080003,4327800
4444,185,196,165924,3877,2080199,4239100
4445,219,188,165705,3908,2080387,4279000
4446,194,191,165511,3911,2080578,4719000
4447,189,209,165322,3891,2080787,4547100
4448,185,200,165137,3876,2080987,4465800
4449,192,193,164945,3875,2081180,4559300
4450,193,172,164752,3896,2081352,4193700
4451,172,224,164580,3844,2081576,4284500
4452,181,207,164399,3818,2081783,4432400
4453,193,206,164206,3805,2081989,4191400
4454,196,204,164010,3797,2082193,4305200
4455,194,195,163816,3796,2082388,4438000
4456,176,214,163640,3758,2082602,4294500
4457,189,182,163451,3765,2082784,4363700
4458,200,212,163251,3753,2082996,4218800
4459,199,203,163052,3749,2083199,4782900
4460,205,213,162847,3741,2083412,4565900
4461,185,183,162662,3743,2083595,4357300
4462,190,205,162472,3728,2083800,4459800
4463,201,190,162271,3739,2083990,4501000
4464,181,197,162090,3723,2084187,4413300
4465,193,203,161897,3713,2084390,4351400
4466,182,203,161715,3692,2084593,4303900
4467,185,203,161530,3674,2084796,4499600
4468,203,187,161327,3690,2084983,4349200
4469,192,187,161135,3695,2085170,4241200
4470,192,188,160943,3699,2085358,4233200
4471,199,205,160744,3693,2085563,4473800
4472,181,183,160563,3691,2085746,4119700
4473,174,209,160389,3656,2085955,4771900
4474,208,183,160181,3681,2086138,4383000
4475,206,180,159975,3707,2086318,4407700
4476,195,168,159780,3734,2086486,4298100
4477,184,202,159596,3716,2086688,4400600
4478,187,206,159409,3697,2086894,4390400
4479,190,170,159219,3717,2087064,4368000
4480,197,189,159022,3725,2087253,4485700
4481,183,178,158839,3730,2087431,4799400
4482,194,191,158645,3733,2087622,4329600
4483,221,188,158424,3766,2087810,4436000
4484,187,167,158237,3786,2087977,4485800
4485,240,177,157997,3849,2088154,4207500
4486,208,206,157789,3851,2088360,4345300
4487,223,193,157566,3881,2088553,4426500
4488,225,208,157341,3898,2088761,4560400
4489,209,229,157132,3878,2088990,4355100
4490,190,214,156942,3854,2089204,4451400
4491,207,182,156735,3879,2089386,4472700
4492,200,211,156535,3868,2089597,4394500
4493,195,175,156340,3888,2089772,4473300
4494,201,199,156139,3890,2089971,4607000
4495,225,208,155914,3907,2090179,4493600
4496,185,183,155729,3909,2090362,4391500
4497,195,190,155534,3914,2090552,4399800
4498,213,222,155321,3905,2090774,4613000
4499,194,190,155127,3909,2090964,4611700
4500,211,207,154916,3913,2091171,4725100
4501,227,186,154689,3954,2091357,4283500
4502,233,204,154456,3983,2091561,4403000
4503,233,198,154223,4018,2091759,4289400
4504,216,179,154007,4055,2091938,4353300
4505,210,190,153797,4075,2092128,4459400
4506,206,203,153591,4078,2092331,4361500
4507,220,217,153371,4081,2092548,4363500
4508,203,221,153168,4063,2092769,4725200
4509,232,193,152936,4102,2092962,4724700
4510,217,192,152719,4127,2093154,4631700
4511,214,197,152505,4144,2093351,4386200
4512,193,197,152312,4140,2093548,4249200
4513,223,210,152089,4153,2093758,4253500
4514,236,222,151853,4167,2093980,4309100
4515,225,198,151628,4194,2094178,4293400
4516,222,199,151406,4217,2094377,4641100
4517,214,206,151192,4225,2094583,4414400
4518,191,229,151001,4187,2094812,4450300
4519,207,196,150794,4198,2095008,4145400
4520,207,221,150587,4184,2095229,4243300
4521,197,205,150390,4176,2095434,4390100
4522,213,216,150177,4173,2095650,4218800
4523,206,203,149971,4176,2095853,4521100
4524,223,212,149748,4187,2096065,4605300
4525,201,189,149547,4199,2096254,4256100
4526,233,218,149314,4214,2096472,4197700
4527,218,207,149096,4225,2096679,4261700
4528,212,210,148884,4227,2096889,4411900
4529,215,204,148669,4238,2097093,4652400
4530,215,196,148454,4257,2097289,4687900
4531,226,210,148228,4273,2097499,4299400
4532,193,220,148035,4246,2097719,4265900
4533,235,209,147800,4272,2097928,4554600
4534,194,206,147606,4260,2098134,4585100
4535,216,208,147390,4268,2098342,4328000
4536,211,206,147179,4273,2098548,4235700
4537,228,203,146951,4298,2098751,4532500
4538,218,229,146733,4287,2098980,4663000
4539,226,200,146507,4313,2099180,4425500
4540,208,186,146299,4335,2099366,4665000
4541,217,233,146082,4319,2099599,4522400
4542,212,217,145870,4314,2099816,4440500
4543,215,219,145655,4310,2100035,4373900
4544,215,220,145440,4305,2100255,4676200
4545,216,185,145224,4336,2100440,4643000
4546,216,216,145008,4336,2100656,4429500
4547,198,217,144810,4317,2100873,4849500
4548,208,224,144602,4301,2101097,4503700
4549,206,254,144396,4253,2101351,4402000
4550,216,208,144180,4261,2101559,4246400
4551,231,210,143949,4282,2101769,4487500
4552,237,198,143712,4321,2101967,4485200
4553,222,208,143490,4335,2102175,4466300
4554,208,227,143282,4316,2102402,4719900
4555,219,199,143063,4336,2102601,4543400
4556,214,206,142849,4344,2102807,4352500
4557,185,215,142664,4314,2103022,4502700
4558,207,204,142457,4317,2103226,4572400
4559,170,210,142287,4277,2103436,4354100
4560,188,232,142099,4233,2103668,4426600
4561,190,206,141909,4217,2103874,4429800
4562,209,219,141700,4207,2104093,4310600
4563,229,213,141471,4223,2104306,4266300
4564,223,242,141248,4204,2104548,4535200
4565,222,205,141026,4221,2104753,4327300
4566,199,213,140827,4207,2104966,4241200
4567,198,201,140629,4204,2105167,4264000
4568,189,214,140440,4179,2105381,4644000
4569,201,214,140239,4166,2105595,4438500
4570,194,205,140045,4155,2105800,4505600
4571,171,203,139874,4123,2106003,4245600
4572,198,195,139676,4126,2106198,4316100
4573,197,205,139479,4118,2106403,4353800
4574,186,175,139293,4129,2106578,4539700
4575,209,223,139084,4115,2106801,4437600
4576,188,196,138896,4107,2106997,4348700
4577,168,208,138728,4067,2107205,4348800
4578,191,235,138537,4023,2107440,4385000
4579,184,204,138353,4003,2107644,4580200
4580,174,187,138179,3990,2107831,4274300
4581,180,196,137999,3974,2108027,4215200
4582,188,174,137811,3988,2108201,4315800
4583,182,198,137629,3972,2108399,4367300
4584,190,177,137439,3985,2108576,4369100
4585,170,202,137269,3953,2108778,4354000
4586,184,192,137085,3945,2108970,4606900
4587,164,187,136921,3922,2109157,4302800
4588,187,189,136734,3920,2109346,4247000
4589,207,179,136527,3948,2109525,4437100
4590,183,190,136344,3941,2109715,4295300
4591,192,202,136152,3931,2109917,4371100
4592,198,213,135954,3916,2110130,4264100
4593,177,197,135777,3896,2110327,4284800
4594,215,174,135562,3937,2110501,4342900
4595,174,198,135388,3913,2110699,4253200
4596,198,203,135190,3908,2110902,4645000
4597,163,195,135027,3876,2111097,4477200
4598,197,176,134830,3897,2111273,4498900
4599,188,206,134642,3879,2111479,4442400
4600,196,202,134446,3873,2111681,4511400
4601,190,174,134256,3889,2111855,4294900
4602,186,197,134070,3878,2112052,4234200
4603,184,185,133886,3877,2112237,4296400
4604,186,188,133700,3875,2112425,4327800
4605,193,194,133507,3874,2112619,4269400
4606,177,217,133330,3834,2112836,4250300
4607,194,198,133136,3830,2113034,4212000
4608,183,170,132953,3843,2113204,4196900
4609,172,165,132781,3850,2113369,4301000
4610,207,182,132574,3875,2113551,4433000
4611,198,220,132376,3853,2113771,4279500
4612,190,203,132186,3840,2113974,4387400
4613,198,192,131988,3846,2114166,4117600
4614,177,191,131811,3832,2114357,4373500
4615,181,191,131630,3822,2114548,4541600
4616,175,164,131455,3833,2114712,4370300
4617,180,190,131275,3823,2114902,4271500
4618,177,170,131098,3830,2115072,4313100
4619,209,173,130889,3866,2115245,4144300
4620,177,171,130712,3872,2115416,4241900
4621,182,184,130530,3870,2115600,4182300
4622,182,199,130348,3853,2115799,4361000
4623,187,194,130161,3846,2115993,4418400
4624,190,165,129971,3871,2116158,4610800
4625,190,170,129781,3891,2116328,4315300
4626,182,196,129599,3877,2116524,4243900
4627,182,244,129417,3815,2116768,4461600
4628,196,196,129221,3815,2116964,4552400
4629,191,206,129030,3800,2117170,4293200
4630,160,212,128870,3748,2117382,4580400
4631,189,215,128681,3722,2117597,4380400
4632,175,164,128506,3733,2117761,4515000
4633,188,197,128318,3724,2117958,4687700
4634,191,184,128127,3731,2118142,4417300
4635,187,196,127940,3722,2118338,4285200
4636,189,188,127751,3723,2118526,4563100
4637,210,181,127541,3752,2118707,4598000
4638,175,171,127366,3756,2118878,4499800
4639,179,178,127187,3757,2119056,4514300
4640,195,189,126992,3763,2119245,4642300
4641,196,188,126796,3771,2119433,4285900
4642,210,183,126586,3798,2119616,4579000
4643,176,182,126410,3792,2119798,4352700
4644,182,198,126228,3776,2119996,4516300
4645,183,208,126045,3751,2120204,4514600
4646,200,190,125845,3761,2120394,4805200
4647,194,167,125651,3788,2120561,4518300
4648,199,175,125452,3812,2120736,4289100
4649,188,182,125264,3818,2120918,4124000
4650,175,185,125089,3808,2121103,4238800
4651,192,217,124897,3783,2121320,4384000
4652,188,213,124709,3758,2121533,4076300
4653,173,186,124536,3745,2121719,4219800
4654,215,184,124321,3776,2121903,4318600
4655,209,193,124112,3792,2122096,4329400
4656,191,185,123921,3798,2122281,4468500
4657,197,194,123724,3801,2122475,4253100
4658,206,174,123518,3833,2122649,4162200
4659,184,199,123334,3818,2122848,4310800
4660,168,200,123166,3786,2123048,4333200
4661,192,177,122974,3801,2123225,4491200
4662,176,178,122798,3799,2123403,4652600
4663,176,198,122622,3777,2123601,4343100
4664,176,173,122446,3780,2123774,4133300
4665,188,193,122258,3775,2123967,4243800
4666,189,203,122069,3761,2124170,4286300
4667,199,197,121870,3763,2124367,4402200
4668,182,174,121688,3771,2124541,4435500
4669,188,188,121500,3771,2124729,4576600
4670,190,171,121310,3790,2124900,4375400
4671,184,180,121126,3794,2125080,4533700
4672,173,197,120953,3770,2125277,4389900
4673,180,198,120773,3752,2125475,4247600
4674,188,191,120585,3749,2125666,4258800
4675,205,178,120380,3776,2125844,4433000
4676,218,163,120162,3831,2126007,4295200
4677,223,176,119939,3878,2126183,4268100
4678,191,197,119748,3872,2126380,4367200
4679,191,204,119557,3859,2126584,4422700
4680,220,203,119337,3876,2126787,4482200
4681,196,159,119141,3913,2126946,4437600
4682,215,213,118926,3915,2127159,4226200
4683,197,192,118729,3920,2127351,4402500
4684,199,205,118530,3914,2127556,4355200
4685,181,206,118349,3889,2127762,4247800
4686,185,202,118164,3872,2127964,4308900
4687,170,201,117994,3841,2128165,4117700
4688,161,186,117833,3816,2128351,4207800
4689,185,181,117648,3820,2128532,4268800
4690,195,190,117453,3825,2128722,4448200
4691,180,170,117273,3835,2128892,4340100
4692,192,162,117081,3865,2129054,4631000
4693,177,195,116904,3847,2129249,4426300
4694,187,212,116717,3822,2129461,4181800
4695,186,183,116531,3825,2129644,4341200
4696,199,179,116332,3845,2129823,4367200
4697,186,192,116146,3839,2130015,4597300
4698,182,192,115964,3829,2130207,4437900
4699,207,188,115757,3848,2130395,4350700
4700,204,198,115553,3854,2130593,4504300
4701,196,196,115357,3854,2130789,4439900
4702,184,178,115173,3860,2130967,4348700
4703,206,195,114967,3871,2131162,4419600
4704,190,169,114777,3892,2131331,4247400
4705,157,201,114620,3848,2131532,4305700
4706,180,205,114440,3823,2131737,4363100
4707,185,185,114255,3823,2131922,4307000
4708,174,198,114081,3799,2132120,4329900
4709,181,197,113900,3783,2132317,4267600
4710,190,224,113710,3749,2132541,4508000
4711,166,184,113544,3731,2132725,4418400
4712,175,177,113369,3729,2132902,4198600
4713,183,169,113186,3743,2133071,4140200
4714,199,168,112987,3774,2133239,4187900
4715,172,190,112815,3756,2133429,4708400
4716,173,185,112642,3744,2133614,4430100
4717,192,199,112450,3737,2133813,4779100
4718,183,202,112267,3718,2134015,4913100
4719,184,178,112083,3724,2134193,4189800
4720,205,183,111878,3746,2134376,4728700
4721,166,185,111712,3727,2134561,5162700
4722,191,208,111521,3710,2134769,4912000
4723,182,204,111339,3688,2134973,4150800
4724,176,191,111163,3673,2135164,4478100
4725,187,194,110976,3666,2135358,4653300
4726,187,184,110789,3669,2135542,4281700
4727,203,189,110586,3683,2135731,4598800
4728,202,181,110384,3704,2135912,4903600
4729,212,206,110172,3710,2136118,4441900
4730,201,187,109971,3724,2136305,4671400
4731,202,168,109769,3758,2136473,4459200
4732,190,198,109579,3750,2136671,4221100
4733,162,201,109417,3711,2136872,4385900
4734,164,175,109253,3700,2137047,4656200
4735,204,202,109049,3702,2137249,4533200
4736,195,176,108854,3721,2137425,4386700
4737,182,174,108672,3729,2137599,4289000
4738,180,184,108492,3725,2137783,4487000
4739,192,199,108300,3718,2137982,4456000
4740,183,179,108117,3722,2138161,4359000
4741,198,178,107919,3742,2138339,4293400
4742,200,167,107719,3775,2138506,4464800
4743,187,196,107532,3766,2138702,4117600
4744,187,170,107345,3783,2138872,4614100
4745,193,182,107152,3794,2139054,4619500
4746,204,183,106948,3815,2139237,4464300
4747,190,170,106758,3835,2139407,4422500
4748,212,189,106546,3858,2139596,4238000
4749,160,184,106386,3834,2139780,4222000
4750,180,193,106206,3821,2139973,4281100
4751,186,200,106020,3807,2140173,4739300
4752,211,180,105809,3838,2140353,4655300
4753,200,181,105609,3857,2140534,4487300
4754,209,170,105400,3896,2140704,4378400
4755,179,186,105221,3889,2140890,4894500
4756,183,208,105038,3864,2141098,4291100
4757,190,198,104848,3856,2141296,4303500
4758,176,190,104672,3842,2141486,4219500
4759,217,207,104455,3852,2141693,4363500
4760,182,226,104273,3808,2141919,4262700
4761,164,195,104109,3777,2142114,4442000
4762,191,181,103918,3787,2142295,4211600
4763,183,174,103735,3796,2142469,4672200
4764,189,220,103546,3765,2142689,4431800
4765,183,209,103363,3739,2142898,4620600
4766,162,182,103201,3719,2143080,4637200
4767,199,181,103002,3737,2143261,4860300
4768,195,197,102807,3735,2143458,4667600
4769,173,188,102634,3720,2143646,4683500
4770,196,190,102438,3726,2143836,4435300
4771,193,177,102245,3742,2144013,4379000
4772,185,168,102060,3759,2144181,4593800
4773,180,202,101880,3737,2144383,4611500
4774,175,184,101705,3728,2144567,4508600
4775,181,175,101524,3734,2144742,4452900
4776,224,181,101300,3777,2144923,4647800
4777,200,175,101100,3802,2145098,4641800
4778,191,193,100909,3800,2145291,4369300
4779,220,182,100689,3838,2145473,4257200
4780,191,199,100498,3830,2145672,4578400
4781,219,174,100279,3875,2145846,4539900
4782,175,195,100104,3855,2146041,4781400
4783,210,195,99894,3870,2146236,4623500
4784,194,223,99700,3841,2146459,4341100
4785,208,207,99492,3842,2146666,4202600
4786,195,192,99297,3845,2146858,4345700
4787,185,217,99112,3813,2147075,4516800
4788,190,206,98922,3797,2147281,4261600
4789,179,190,98743,3786,2147471,4342500
4790,175,176,98568,3785,2147647,4739200
4791,200,192,98368,3793,2147839,4876300
4792,179,170,98189,3802,2148009,4501000
4793,191,188,97998,3805,2148197,4348100
4794,196,210,97802,3791,2148407,4863900
4795,165,182,97637,3774,2148589,4432100
4796,179,185,97458,3768,2148774,4683200
4797,193,165,97265,3796,2148939,4392300
4798,196,174,97069,3818,2149113,4873100
4799,192,220,96877,3790,2149333,4691800
4800,181,182,96696,3789,2149515,4282200
4801,181,191,96515,3779,2149706,4924700
4802,206,196,96309,3789,2149902,4375600
4803,169,198,96140,3760,2150100,4750800
4804,189,185,95951,3764,2150285,4201600
4805,187,177,95764,3774,2150462,4865100
4806,206,172,95558,3808,2150634,4839500
4807,188,196,95370,3800,2150830,4551800
4808,183,167,95187,3816,2150997,4556400
4809,153,196,95034,3773,2151193,4433900
4810,182,202,94852,3753,2151395,4923900
4811,201,191,94651,3763,2151586,4483800
4812,196,181,94455,3778,2151767,4220200
4813,182,193,94273,3767,2151960,4702400
4814,203,156,94070,3814,2152116,4163000
4815,192,175,93878,3831,2152291,4960500
4816,178,188,93700,3821,2152479,4502700
4817,177,205,93523,3793,2152684,4685700
4818,177,172,93346,3798,2152856,4852200
4819,163,206,93183,3755,2153062,4871500
4820,169,176,93014,3748,2153238,5093900
4821,166,195,92848,3719,2153433,4939000
4822,184,143,92664,3760,2153576,4969700
4823,179,209,92485,3730,2153785,4879300
4824,171,172,92314,3729,2153957,4438000
4825,184,184,92130,3729,2154141,4923200
4826,176,182,91954,3723,2154323,4112800
4827,191,189,91763,3725,2154512,4288900
4828,197,157,91566,3765,2154669,4397100
4829,182,197,91384,3750,2154866,4139800
4830,171,184,91213,3737,2155050,4891800
4831,146,198,91067,3685,2155248,4273500
4832,183,167,90884,3701,2155415,4731200
4833,175,179,90709,3697,2155594,4344000
4834,210,189,90499,3718,2155783,4498000
4835,172,188,90327,3702,2155971,4371300
4836,175,203,90152,3674,2156174,4697100
4837,177,177,89975,3674,2156351,4713000
4838,180,164,89795,3690,2156515,4802300
4839,170,161,89625,3699,2156676,4434100
4840,164,198,89461,3665,2156874,5037500
4841,194,199,89267,3660,2157073,4540700
4842,162,176,89105,3646,2157249,4371200
4843,196,196,88909,3646,2157445,4286400
4844,165,174,88744,3637,2157619,4544700
4845,181,193,88563,3625,2157812,4316600
4846,168,193,88395,3600,2158005,4409000
4847,162,174,88233,3588,2158179,4346500
4848,192,168,88041,3612,2158347,4616200
4849,172,192,87869,3592,2158539,4498400
4850,170,150,87699,3612,2158689,4439900
4851,186,165,87513,3633,2158854,4560300
4852,171,185,87342,3619,2159039,4583200
4853,176,179,87166,3616,2159218,4390300
4854,150,210,87016,3556,2159428,4292200
4855,193,178,86823,3571,2159606,4445800
4856,168,182,86655,3557,2159788,4395000
4857,147,179,86508,3525,2159967,4447200
4858,178,182,86330,3521,2160149,4430500
4859,165,202,86165,3484,2160351,4487900
4860,170,154,85995,3500,2160505,4343300
4861,184,164,85811,3520,2160669,4506800
4862,181,180,85630,3521,2160849,4468300
4863,188,182,85442,3527,2161031,4411500
4864,182,188,85260,3521,2161219,4397700
4865,188,160,85072,3549,2161379,4454100
4866,182,165,84890,3566,2161544,4333300
4867,197,185,84693,3578,2161729,4532500
4868,168,190,84525,3556,2161919,4433300
4869,198,179,84327,3575,2162098,4827200
4870,179,177,84148,3577,2162275,4425800
4871,202,185,83946,3594,2162460,4411800
4872,182,195,83764,3581,2162655,4381200
4873,175,187,83589,3569,2162842,4356600
4874,191,178,83398,3582,2163020,4745100
4875,194,177,83204,3599,2163197,4402300
4876,175,165,83029,3609,2163362,4464500
4877,157,178,82872,3588,2163540,4405600
4878,179,160,82693,3607,2163700,4376100
4879,177,180,82516,3604,2163880,4432400
4880,202,185,82314,3621,2164065,4355200
4881,176,176,82138,3621,2164241,4330300
4882,191,173,81947,3639,2164414,4418000
4883,186,168,81761,3657,2164582,4376400
4884,169,177,81592,3649,2164759,4220100
4885,190,166,81402,3673,2164925,4580300
4886,188,195,81214,3666,2165120,4234900
4887,185,171,81029,3680,2165291,5047500
4888,191,187,80838,3684,2165478,4362200
4889,171,187,80667,3668,2165665,4737600
4890,187,173,80480,3682,2165838,4196300
4891,164,205,80316,3641,2166043,4536600
4892,167,206,80149,3602,2166249,4165600
4893,188,194,79961,3596,2166443,4708900
4894,176,192,79785,3580,2166635,4289000
4895,178,183,79607,3575,2166818,4785700
4896,188,165,79419,3598,2166983,4836800
4897,200,184,79219,3614,2167167,4626600
4898,180,170,79039,3624,2167337,4636200
4899,172,173,78867,3623,2167510,4255200
4900,179,202,78688,3600,2167712,4186300
4901,166,184,78522,3582,2167896,4936600
4902,178,170,78344,3590,2168066,4802800
4903,158,168,78186,3580,2168234,4864200
4904,180,194,78006,3566,2168428,4128400
4905,167,161,77839,3572,2168589,4713200
4906,171,186,77668,3557,2168775,4144200
4907,171,187,77497,3541,2168962,4332100
4908,168,176,77329,3533,2169138,4673800
4909,169,189,77160,3513,2169327,4292700
4910,167,175,76993,3505,2169502,4232800
4911,172,168,76821,3509,2169670,4581300
4912,167,153,76654,3523,2169823,4351600
4913,144,171,76510,3496,2169994,4235300
4914,145,186,76365,3455,2170180,4518700
4915,169,177,76196,3447,2170357,4426400
4916,165,175,76031,3437,2170532,4488500
4917,178,167,75853,3448,2170699,4564500
4918,187,191,75666,3444,2170890,4237500
4919,161,166,75505,3439,2171056,4234300
4920,170,182,75335,3427,2171238,4258500
4921,168,172,75167,3423,2171410,4921300
4922,190,159,74977,3454,2171569,4274600
4923,170,192,74807,3432,2171761,4450900
4924,159,164,74648,3427,2171925,4130600
4925,143,186,74505,3384,2172111,4521200
4926,143,166,74362,3361,2172277,4256700
4927,165,158,74197,3368,2172435,4733600
4928,164,172,74033,3360,2172607,4660200
4929,157,187,73876,3330,2172794,4755300
4930,157,164,73719,3323,2172958,4329100
4931,189,170,73530,3342,2173128,4361000
4932,151,159,73379,3334,2173287,4889900
4933,155,177,73224,3312,2173464,4392500
4934,164,168,73060,3308,2173632,4407000
4935,157,183,72903,3282,2173815,4692500
4936,161,144,72742,3299,2173959,4291100
4937,147,165,72595,3281,2174124,4564000
4938,153,163,72442,3271,2174287,4175000
4939,158,161,72284,3268,2174448,4659300
4940,162,138,72122,3292,2174586,4189000
4941,172,169,71950,3295,2174755,4389200
4942,149,157,71801,3287,2174912,4552000
4943,145,166,71656,3266,2175078,4451400
4944,146,156,71510,3256,2175234,4676600
4945,117,181,71393,3192,2175415,4474200
4946,147,160,71246,3179,2175575,4319900
4947,140,162,71106,3157,2175737,5085600
4948,163,156,70943,3164,2175893,4388600
4949,140,165,70803,3139,2176058,4237200
4950,147,162,70656,3124,2176220,4200400
4951,131,159,70525,3096,2176379,4213900
4952,143,154,70382,3085,2176533,4723000
4953,129,154,70253,3060,2176687,4565500
4954,140,151,70113,3049,2176838,5022900
4955,147,168,69966,3028,2177006,4387200
4956,129,164,69837,2993,2177170,4315400
4957,148,129,69689,3012,2177299,4989000
4958,146,131,69543,3027,2177430,4398100
4959,119,144,69424,3002,2177574,4519100
4960,129,159,69295,2972,2177733,4356600
4961,119,141,69176,2950,2177874,4355000
4962,120,151,69056,2919,2178025,4410800
4963,110,153,68946,2876,2178178,4197200
4964,132,151,68814,2857,2178329,4259100
4965,132,149,68682,2840,2178478,4672400
4966,125,157,68557,2808,2178635,4897800
4967,122,141,68435,2789,2178776,4867800
4968,118,150,68317,2757,2178926,4367300
4969,145,138,68172,2764,2179064,4803000
4970,108,128,68064,2744,2179192,4200600
4971,123,139,67941,2728,2179331,4430000
4972,131,118,67810,2741,2179449,4597900
4973,104,150,67706,2695,2179599,4862200
4974,126,128,67580,2693,2179727,4861800
4975,115,143,67465,2665,2179870,4294500
4976,102,129,67363,2638,2179999,4552600
4977,116,121,67247,2633,2180120,4291200
4978,111,121,67136,2623,2180241,4329700
4979,134,106,67002,2651,2180347,4279500
4980,114,131,66888,2634,2180478,4452200
4981,130,136,66758,2628,2180614,4318800
4982,114,115,66644,2627,2180729,4253200
4983,130,115,66514,2642,2180844,4255900
4984,126,122,66388,2646,2180966,4275700
4985,108,151,66280,2603,2181117,4337700
4986,120,150,66160,2573,2181267,4350200
4987,128,128,66032,2573,2181395,4575700
4988,126,117,65906,2582,2181512,4509100
4989,137,140,65769,2579,2181652,4448200
4990,128,130,65641,2577,2181782,4380000
4991,121,134,65520,2564,2181916,4442300
4992,140,118,65380,2586,2182034,4431700
4993,128,134,65252,2580,2182168,4375600
4994,108,132,65144,2556,2182300,4711100
4995,120,135,65024,2541,2182435,4753600
4996,99,132,64925,2508,2182567,4716800
4997,123,131,64802,2500,2182698,4619800
4998,113,119,64689,2494,2182817,4905100
4999,112,135,64577,2471,2182952,4156700
5000,106,133,64471,2444,2183085,4117800
5001,118,134,64353,2428,2183219,4329500
5002,126,120,64227,2434,2183339,4361400
5003,107,112,64120,2429,2183451,4165300
5004,101,126,64019,2404,2183577,4628900
5005,115,129,63904,2390,2183706,4277100
5006,88,128,63816,2350,2183834,4352900
5007,115,114,63701,2351,2183948,4427700
5008,108,130,63593,2329,2184078,4710200
5009,98,114,63495,2313,2184192,4414400
5010,109,118,63386,2304,2184310,4358200
5011,108,117,63278,2295,2184427,4813800
5012,98,113,63180,2280,2184540,4785700
5013,94,102,63086,2272,2184642,4285400
5014,88,117,62998,2243,2184759,4081100
5015,110,122,62888,2231,2184881,4325800
5016,95,124,62793,2202,2185005,4370300
5017,93,99,62700,2196,2185104,4842400
5018,119,105,62581,2210,2185209,4180700
5019,91,134,62490,2167,2185343,4552200
5020,89,125,62401,2131,2185468,4145500
5021,86,113,62315,2104,2185581,4662100
5022,90,101,62225,2093,2185682,4214100
5023,101,87,62124,2107,2185769,4448400
5024,80,105,62044,2082,2185874,4203500
5025,90,95,61954,2077,2185969,4277800
5026,97,104,61857,2070,2186073,4200600
5027,100,106,61757,2064,2186179,4372800
5028,95,106,61662,2053,2186285,4535900
5029,91,96,61571,2048,2186381,4222400
5030,89,106,61482,2031,2186487,4373000
5031,106,106,61376,2031,2186593,4481300
5032,97,117,61279,2011,2186710,4873500
5033,89,104,61190,1996,2186814,4879500
5034,94,112,61096,1978,2186926,4480600
5035,80,101,61016,1957,2187027,4364300
5036,92,91,60924,1958,2187118,4341400
5037,85,81,60839,1962,2187199,4639300
5038,86,87,60753,1961,2187286,4229200
5039,109,108,60644,1962,2187394,4278700
5040,98,104,60546,1956,2187498,4609500
5041,84,108,60462,1932,2187606,4410400
5042,93,89,60369,1936,2187695,4159400
5043,88,100,60281,1924,2187795,4092700
5044,86,88,60195,1922,2187883,4554000
5045,91,78,60104,1935,2187961,4124500
5046,91,101,60013,1925,2188062,4318400
5047,76,86,59937,1915,2188148,4355200
5048,85,99,59852,1901,2188247,4592100
5049,84,87,59768,1898,2188334,4603300
5050,92,121,59676,1869,2188455,4160300
5051,100,100,59576,1869,2188555,4233800
5052,79,105,59497,1843,2188660,4397200
5053,80,94,59417,1829,2188754,4193000
5054,80,83,59337,1826,2188837,4499900
5055,76,85,59261,1817,2188922,4914500
5056,77,98,59184,1796,2189020,4201800
5057,73,87,59111,1782,2189107,4128700
5058,86,92,59025,1776,2189199,4190500
5059,91,105,58934,1762,2189304,4653000
5060,92,77,58842,1777,2189381,4623700
5061,81,91,58761,1767,2189472,4444500
5062,82,91,58679,1758,2189563,4678300
5063,63,106,58616,1715,2189669,4229700
5064,83,61,58533,1737,2189730,4568700
5065,97,80,58436,1754,2189810,4142600
5066,92,89,58344,1757,2189899,4686400
5067,91,91,58253,1757,2189990,4187200
5068,69,76,58184,1750,2190066,4497700
5069,79,85,58105,1744,2190151,4589600
5070,80,69,58025,1755,2190220,4397300
5071,79,91,57946,1743,2190311,4293500
5072,85,84,57861,1744,2190395,4344900
5073,71,87,57790,1728,2190482,4428400
5074,75,77,57715,1726,2190559,4581200
5075,76,100,57639,1702,2190659,4710600
5076,77,88,57562,1691,2190747,4529300
5077,67,91,57495,1667,2190838,4499900
5078,86,78,57409,1675,2190916,4318300
5079,88,78,57321,1685,2190994,4400400
5080,79,95,57242,1669,2191089,4353600
5081,72,84,57170,1657,2191173,4401400
5082,83,78,57087,1662,2191251,4538300
5083,87,73,57000,1676,2191324,4544000
5084,75,88,56925,1663,2191412,4352500
5085,66,67,56859,1662,2191479,4329500
5086,71,81,56788,1652,2191560,4746800
5087,64,67,56724,1649,2191627,4527300
5088,90,97,56634,1642,2191724,4445300
5089,80,91,56554,1631,2191815,4578900
5090,81,84,56473,1628,2191899,4367300
5091,96,77,56377,1647,2191976,4420800
5092,95,81,56282,1661,2192057,4611000
5093,80,79,56202,1662,2192136,4477900
5094,94,91,56108,1665,2192227,4621700
5095,76,66,56032,1675,2192293,4230000
5096,69,85,55963,1659,2192378,4720500
5097,79,103,55884,1635,2192481,4202400
5098,84,84,55800,1635,2192565,4325900
5099,74,100,55726,1609,2192665,4664700
5100,69,66,55657,1612,2192731,4196600
5101,68,78,55589,1602,2192809,4078600
5102,92,67,55497,1627,2192876,4272700
5103,87,73,55410,1641,2192949,4265300
5104,63,80,55347,1624,2193029,4423600
5105,65,82,55282,1607,2193111,4126800
5106,72,84,55210,1595,2193195,4131300
5107,72,85,55138,1582,2193280,4302700
5108,66,77,55072,1571,2193357,4758500
5109,68,87,55004,1552,2193444,4321300
5110,69,72,54935,1549,2193516,4477000
5111,76,88,54859,1537,2193604,4357600
5112,57,81,54802,1513,2193685,4453300
5113,57,75,54745,1495,2193760,4383100
5114,67,74,54678,1488,2193834,4669200
5115,69,62,54609,1495,2193896,4278600
5116,62,80,54547,1477,2193976,4266900
5117,61,75,54486,1463,2194051,4432400
5118,67,69,54419,1461,2194120,4354500
5119,76,77,54343,1460,2194197,4358300
5120,62,71,54281,1451,2194268,4436000
5121,64,58,54217,1457,2194326,4453700
5122,65,80,54152,1442,2194406,4479000
5123,57,69,54095,1430,2194475,4627400
5124,68,77,54027,1421,2194552,4564900
5125,54,84,53973,1391,2194636,4467600
5126,57,67,53916,1381,2194703,4369500
5127,58,73,53858,1366,2194776,4469500
5128,64,53,53794,1377,2194829,4451400
5129,73,74,53721,1376,2194903,5062600
5130,85,87,53636,1374,2194990,4348300
5131,71,67,53565,1378,2195057,4442700
5132,59,86,53506,1351,2195143,4372600
5133,59,51,53447,1359,2195194,4223300
5134,65,65,53382,1359,2195259,4335300
5135,70,66,53312,1363,2195325,4217100
5136,66,66,53246,1363,2195391,5059700
5137,58,62,53188,1359,2195453,4458100
5138,58,77,53130,1340,2195530,4333100
5139,62,56,53068,1346,2195586,4982800
5140,55,61,53013,1340,2195647,4363600
5141,55,62,52958,1333,2195709,4367400
5142,69,63,52889,1339,2195772,4325900
5143,62,74,52827,1327,2195846,4288400
5144,66,64,52761,1329,2195910,4276800
5145,66,85,52695,1310,2195995,4316200
5146,64,70,52631,1304,2196065,4352400
5147,74,83,52557,1295,2196148,4330800
5148,67,65,52490,1297,2196213,4205600
5149,59,76,52431,1280,2196289,4375600
5150,74,63,52357,1291,2196352,4312500
5151,57,69,52300,1279,2196421,4629200
5152,60,68,52240,1271,2196489,4591700
5153,63,60,52177,1274,2196549,4607700
5154,53,61,52124,1266,2196610,4574400
5155,57,64,52067,1259,2196674,4363200
5156,54,83,52013,1230,2196757,4420500
5157,64,72,51949,1222,2196829,4259600
5158,58,65,51891,1215,2196894,4126400
5159,74,52,51817,1237,2196946,4153300
5160,57,69,51760,1225,2197015,4077600
5161,57,50,51703,1232,2197065,4273300
5162,62,73,51641,1221,2197138,4698900
5163,55,65,51586,1211,2197203,4302900
5164,57,59,51529,1209,2197262,4602700
5165,69,49,51460,1229,2197311,4621600
5166,68,67,51392,1230,2197378,4504400
5167,62,51,51330,1241,2197429,4729500
5168,61,70,51269,1232,2197499,4827100
5169,53,45,51216,1240,2197544,4283500
5170,61,62,51155,1239,2197606,4424300
5171,44,64,51111,1219,2197670,4412700
5172,58,56,51053,1221,2197726,4980400
5173,64,57,50989,1228,2197783,4364300
5174,51,80,50938,1199,2197863,4190000
5175,61,64,50877,1196,2197927,4074000
5176,55,55,50822,1196,2197982,4068200
5177,54,63,50768,1187,2198045,4655500
5178,43,65,50725,1165,2198110,4103300
5179,56,55,50669,1166,2198165,4795900
5180,61,65,50608,1162,2198230,4308900
5181,68,54,50540,1176,2198284,4293200
5182,58,50,50482,1184,2198334,4479200
5183,50,67,50432,1167,2198401,4871200
5184,51,67,50381,1151,2198468,4918700
5185,52,56,50329,1147,2198524,5088000
5186,64,60,50265,1151,2198584,4981900
5187,73,48,50192,1176,2198632,4493600
5188,56,72,50136,1160,2198704,4848000
5189,58,48,50078,1170,2198752,4411000
5190,61,54,50017,1177,2198806,4437800
5191,52,60,49965,1169,2198866,4137000
5192,64,60,49901,1173,2198926,4098000
5193,59,53,49842,1179,2198979,4066500
5194,66,61,49776,1184,2199040,4206600
5195,62,55,49714,1191,2199095,4257600
5196,57,52,49657,1196,2199147,4216600
5197,51,60,49606,1187,2199207,4263100
5198,55,59,49551,1183,2199266,4360900
5199,53,58,49498,1178,2199324,4145800
5200,58,70,49440,1166,2199394,4099200
5201,68,45,49372,1189,2199439,4171600
5202,69,71,49303,1187,2199510,4716100
5203,65,53,49238,1199,2199563,4242300
5204,53,60,49185,1192,2199623,4246000
5205,37,63,49148,1166,2199686,4355200
5206,48,59,49100,1155,2199745,4263300
5207,57,56,49043,1156,2199801,4309200
5208,78,68,48965,1166,2199869,4294200
5209,58,52,48907,1172,2199921,4394600
5210,63,62,48844,1173,2199983,4538600
5211,51,62,48793,1162,2200045,4296100
5212,65,49,48728,1178,2200094,4509000
5213,66,60,48662,1184,2200154,5147900
5214,54,52,48608,1186,2200206,4789400
5215,62,62,48546,1186,2200268,4827500
5216,52,62,48494,1176,2200330,4663900
5217,57,67,48437,1166,2200397,4592900
5218,57,60,48380,1163,2200457,4650000
5219,59,59,48321,1163,2200516,4701000
5220,63,71,48258,1155,2200587,5035200
5221,65,69,48193,1151,2200656,4982900
5222,55,56,48138,1150,2200712,4561800
5223,55,49,48083,1156,2200761,4331100
5224,48,47,48035,1157,2200808,4637400
5225,56,62,47979,1151,2200870,4218500
5226,56,51,47923,1156,2200921,4492800
5227,49,67,47874,1138,2200988,4186200
5228,56,52,47818,1142,2201040,4557000
5229,62,59,47756,1145,2201099,4323700
5230,65,75,47691,1135,2201174,4483900
5231,66,71,47625,1130,2201245,4012600
5232,59,67,47566,1122,2201312,4278200
5233,52,52,47514,1122,2201364,4415400
5234,63,56,47451,1129,2201420,4219700
5235,56,57,47395,1128,2201477,4042100
5236,40,51,47355,1117,2201528,4181700
5237,46,61,47309,1102,2201589,4474700
5238,53,44,47256,1111,2201633,4346200
5239,38,42,47218,1107,2201675,4072700
5240,51,62,47167,1096,2201737,4590200
5241,56,63,47111,1089,2201800,4573300
5242,59,45,47052,1103,2201845,4294600
5243,51,43,47001,1111,2201888,4104100
5244,48,47,46953,1112,2201935,4909400
5245,48,68,46905,1092,2202003,4121100
5246,54,56,46851,1090,2202059,4616000
5247,42,53,46809,1079,2202112,5272300
5248,43,55,46766,1067,2202167,4377900
5249,41,60,46725,1048,2202227,4074000
5250,51,52,46674,1047,2202279,4149600
5251,52,63,46622,1036,2202342,4438000
5252,50,36,46572,1050,2202378,4361600
5253,48,48,46524,1050,2202426,4648000
5254,47,47,46477,1050,2202473,4165600
5255,48,55,46429,1043,2202528,4157500
5256,47,60,46382,1030,2202588,4300900
5257,49,54,46333,1025,2202642,4263400
5258,38,55,46295,1008,2202697,4326700
5259,34,56,46261,986,2202753,4468400
5260,46,40,46215,992,2202793,4125500
5261,50,59,46165,983,2202852,4281100
5262,46,46,46119,983,2202898,4885400
5263,58,45,46061,996,2202943,4250700
5264,45,54,46016,987,2202997,4323900
5265,51,56,45965,982,2203053,4557800
5266,58,46,45907,994,2203099,4344200
5267,62,45,45845,1011,2203144,4092100
5268,53,40,45792,1024,2203184,4344600
5269,52,47,45740,1029,2203231,4428700
5270,57,49,45683,1037,2203280,4569300
5271,57,47,45626,1047,2203327,4497100
5272,47,41,45579,1053,2203368,4586600
5273,58,50,45521,1061,2203418,4989300
5274,48,53,45473,1056,2203471,4360200
5275,47,40,45426,1063,2203511,4229400
5276,57,64,45369,1056,2203575,4291300
5277,49,44,45320,1061,2203619,4426700
5278,50,44,45270,1067,2203663,4233400
5279,63,53,45207,1077,2203716,4421300
5280,55,63,45152,1069,2203779,4386600
5281,55,56,45097,1068,2203835,4429100
5282,60,48,45037,1080,2203883,4357800
5283,63,67,44974,1076,2203950,4499800
5284,53,48,44921,1081,2203998,4653800
5285,39,55,44882,1065,2204053,4304700
5286,54,53,44828,1066,2204106,4427300
5287,47,41,44781,1072,2204147,4380500
5288,55,47,44726,1080,2204194,4654700
5289,60,51,44666,1089,2204245,4485800
5290,53,49,44613,1093,2204294,4241700
5291,31,50,44582,1074,2204344,4169600
5292,58,57,44524,1075,2204401,4415600
5293,66,61,44458,1080,2204462,4522100
5294,53,50,44405,1083,2204512,4234000
5295,52,57,44353,1078,2204569,4743300
5296,56,55,44297,1079,2204624,4187800
5297,52,43,44245,1088,2204667,4303600
5298,53,47,44192,1094,2204714,4261800
5299,50,51,44142,1093,2204765,4456100
5300,48,51,44094,1090,2204816,4398300
5301,66,49,44028,1107,2204865,4338700
5302,51,51,43977,1107,2204916,4647300
5303,61,52,43916,1116,2204968,4160500
5304,52,54,43864,1114,2205022,4122000
5305,59,47,43805,1126,2205069,4155200
5306,57,66,43748,1117,2205135,4136500
5307,53,58,43695,1112,2205193,4031700
5308,54,57,43641,1109,2205250,4138100
5309,38,66,43603,1081,2205316,4134800
5310,46,54,43557,1073,2205370,4214100
5311,63,53,43494,1083,2205423,4473100
5312,58,46,43436,1095,2205469,4224000
5313,46,33,43390,1108,2205502,4107500
5314,54,73,43336,1089,2205575,4295800
5315,45,62,43291,1072,2205637,4394700
5316,51,54,43240,1069,2205691,4775400
5317,60,55,43180,1074,2205746,4429100
5318,41,56,43139,1059,2205802,4805100
5319,41,62,43098,1038,2205864,4324400
5320,37,51,43061,1024,2205915,4287900
5321,40,62,43021,1002,2205977,4123700
5322,41,37,42980,1006,2206014,4180700
5323,43,42,42937,1007,2206056,4365700
5324,37,48,42900,996,2206104,4553300
5325,46,60,42854,982,2206164,4114100
5326,39,41,42815,980,2206205,4269700
5327,46,49,42769,977,2206254,4105900
5328,53,37,42716,993,2206291,4083400
5329,50,46,42666,997,2206337,4258300
5330,37,42,42629,992,2206379,4264400
5331,49,49,42580,992,2206428,4132700
5332,38,65,42542,965,2206493,4094600
5333,39,45,42503,959,2206538,4480600
5334,41,48,42462,952,2206586,4749100
5335,47,53,42415,946,2206639,4637500
5336,41,49,42374,938,2206688,4164000
5337,33,65,42341,906,2206753,4100700
5338,49,32,42292,923,2206785,4365100
5339,46,48,42246,921,2206833,4175100
5340,45,41,42201,925,2206874,4922900
5341,34,51,42167,908,2206925,4171000
5342,37,51,42130,894,2206976,4841200
5343,37,52,42093,879,2207028,4118800
5344,33,41,42060,871,2207069,4204500
5345,40,40,42020,871,2207109,4612900
5346,32,51,41988,852,2207160,4163800
5347,36,46,41952,842,2207206,4344300
5348,31,43,41921,830,2207249,4300100
5349,41,43,41880,828,2207292,4214100
5350,34,49,41846,813,2207341,4674100
5351,41,30,41805,824,2207371,4212000
5352,35,34,41770,825,2207405,4387300
5353,32,50,41738,807,2207455,4247400
5354,41,39,41697,809,2207494,4135900
5355,17,27,41680,799,2207521,4197800
5356,39,30,41641,808,2207551,4239700
5357,31,41,41610,798,2207592,4112800
5358,26,39,41584,785,2207631,4107500
5359,18,36,41566,767,2207667,4655600
5360,42,44,41524,765,2207711,4170600
5361,36,42,41488,759,2207753,4663100
5362,37,44,41451,752,2207797,4314700
5363,31,35,41420,748,2207832,4147700
5364,25,30,41395,743,2207862,4157400
5365,24,31,41371,736,2207893,4211800
5366,37,44,41334,729,2207937,4187200
5367,34,37,41300,726,2207974,4196800
5368,26,34,41274,718,2208008,4729100
5369,34,36,41240,716,2208044,4222000
5370,24,37,41216,703,2208081,4849300
5371,23,46,41193,680,2208127,4498500
5372,23,35,41170,668,2208162,4266000
5373,23,28,41147,663,2208190,4370400
5374,24,28,41123,659,2208218,4560700
5375,23,37,41100,645,2208255,4147700
5376,33,32,41067,646,2208287,4227100
5377,25,39,41042,632,2208326,4214000
5378,22,29,41020,625,2208355,4393800
5379,42,25,40978,642,2208380,4514900
5380,33,28,40945,647,2208408,4785100
5381,27,38,40918,636,2208446,4234100
5382,20,29,40898,627,2208475,4192100
5383,31,33,40867,625,2208508,4064200
5384,19,31,40848,613,2208539,4259900
5385,25,15,40823,623,2208554,4491800
5386,28,32,40795,619,2208586,4367000
5387,24,17,40771,626,2208603,4744100
5388,25,33,40746,618,2208636,4183800
5389,29,32,40717,615,2208668,4346200
5390,33,30,40684,618,2208698,4242000
5391,31,26,40653,623,2208724,4593100
5392,29,25,40624,627,2208749,4289400
5393,26,38,40598,615,2208787,4356000
5394,39,37,40559,617,2208824,4282900
5395,39,32,40520,624,2208856,4591700
5396,30,30,40490,624,2208886,4588500
5397,29,26,40461,627,2208912,4397100
5398,38,32,40423,633,2208944,4347500
5399,25,29,40398,629,2208973,4529600
5400,31,36,40367,624,2209009,4401200
5401,34,32,40333,626,2209041,4328000
5402,27,39,40306,614,2209080,4769800
5403,29,27,40277,616,2209107,4498600
5404,27,36,40250,607,2209143,5130100
5405,28,28,40222,607,2209171,4475500
5406,25,31,40197,601,2209202,4756300
5407,31,33,40166,599,2209235,4451800
5408,36,28,40130,607,2209263,4390700
5409,21,29,40109,599,2209292,4520800
5410,25,32,40084,592,2209324,4542500
5411,23,31,40061,584,2209355,4335900
5412,24,36,40037,572,2209391,4750100
5413,20,30,40017,562,2209421,4877900
5414,34,29,39983,567,2209450,4569300
5415,28,27,39955,568,2209477,4471600
5416,23,15,39932,576,2209492,4628800
5417,23,28,39909,571,2209520,4618100
5418,22,27,39887,566,2209547,4534300
5419,23,37,39864,552,2209584,4492600
5420,25,26,39839,551,2209610,4328400
5421,20,22,39819,549,2209632,4326300
5422,28,22,39791,555,2209654,4187700
5423,27,31,39764,551,2209685,4315700
5424,21,26,39743,546,2209711,4307700
5425,35,25,39708,556,2209736,4355700
5426,30,26,39678,560,2209762,4414400
5427,22,28,39656,554,2209790,4302000
5428,23,27,39633,550,2209817,4251200
5429,22,23,39611,549,2209840,4351700
5430,26,33,39585,542,2209873,4347800
5431,33,35,39552,540,2209908,4404700
5432,27,25,39525,542,2209933,4653800
5433,33,21,39492,554,2209954,4752500
5434,36,24,39456,566,2209978,5339600
5435,37,22,39419,581,2210000,4902500
5436,24,31,39395,574,2210031,4403900
5437,32,36,39363,570,2210067,4664500
5438,35,27,39328,578,2210094,4735900
5439,32,32,39296,578,2210126,4648800
5440,28,26,39268,580,2210152,4654400
5441,37,31,39231,586,2210183,4459500
5442,27,34,39204,579,2210217,4444400
5443,27,24,39177,582,2210241,4398300
5444,27,26,39150,583,2210267,4696400
5445,28,29,39122,582,2210296,4365600
5446,28,33,39094,577,2210329,4665600
5447,21,28,39073,570,2210357,4441200
5448,29,29,39044,570,2210386,4772100
5449,18,26,39026,562,2210412,4227500
5450,23,27,39003,558,2210439,4229300
5451,19,33,38984,544,2210472,4427100
5452,17,34,38967,527,2210506,4373800
5453,31,28,38936,530,2210534,4079500
5454,18,31,38918,517,2210565,4404300
5455,18,20,38900,515,2210585,4123500
5456,22,18,38878,519,2210603,4132700
5457,11,21,38867,509,2210624,4018300
5458,25,18,38842,516,2210642,4086600
5459,19,20,38823,515,2210662,4202800
5460,13,30,38810,498,2210692,4092400
5461,25,27,38785,496,2210719,4079000
5462,20,18,38765,498,2210737,4161900
5463,22,21,38743,499,2210758,4243900
5464,19,20,38724,498,2210778,4120800
5465,12,22,38712,488,2210800,4133500
5466,19,30,38693,477,2210830,4131900
5467,24,20,38669,481,2210850,4122700
5468,19,18,38650,482,2210868,4069800
5469,21,24,38629,479,2210892,4496400
5470,24,19,38605,484,2210911,4287800
5471,22,16,38583,490,2210927,4179300
5472,24,15,38559,499,2210942,4397300
5473,24,29,38535,494,2210971,5028600
5474,27,24,38508,497,2210995,4176100
5475,28,27,38480,498,2211022,4088100
5476,24,32,38456,490,2211054,4129100
5477,20,14,38436,496,2211068,4133400
5478,26,34,38410,488,2211102,4094800
5479,24,21,38386,491,2211123,4080200
5480,17,18,38369,490,2211141,4187300
5481,20,31,38349,479,2211172,4173700
5482,32,32,38317,479,2211204,4100200
5483,16,21,38301,474,2211225,4242100
5484,21,36,38280,459,2211261,4620500
5485,22,26,38258,455,2211287,4391500
5486,22,21,38236,456,2211308,4314000
5487,26,25,38210,457,2211333,4429600
5488,21,23,38189,455,2211356,4230600
5489,22,16,38167,461,2211372,4187100
5490,25,23,38142,463,2211395,4479000
5491,22,32,38120,453,2211427,4272300
5492,24,16,38096,461,2211443,4248700
5493,21,32,38075,450,2211475,4625400
5494,22,25,38053,447,2211500,4120000
5495,29,18,38024,458,2211518,4356600
5496,31,19,37993,470,2211537,4231100
5497,28,27,37965,471,2211564,4792500
5498,28,28,37937,471,2211592,4407800
5499,24,22,37913,473,2211614,4312100
5500,27,30,37886,470,2211644,4529600
5501,22,27,37864,465,2211671,5067000
5502,28,28,37836,465,2211699,4123500
5503,19,25,37817,459,2211724,4192300
5504,24,22,37793,461,2211746,4171700
5505,20,18,37773,463,2211764,4237000
5506,25,25,37748,463,2211789,4195800
5507,22,22,37726,463,2211811,4698100
5508,30,28,37696,465,2211839,4197100
5509,24,28,37672,461,2211867,4959800
5510,21,28,37651,454,2211895,4156500
5511,21,23,37630,452,2211918,4086300
5512,21,27,37609,446,2211945,4236000
5513,24,30,37585,440,2211975,4145400
5514,25,24,37560,441,2211999,4104900
5515,24,15,37536,450,2212014,4197800
5516,15,22,37521,443,2212036,4341900
5517,18,24,37503,437,2212060,4157200
5518,19,22,37484,434,2212082,4703100
5519,25,16,37459,443,2212098,4581700
5520,24,17,37435,450,2212115,4145000
5521,15,30,37420,435,2212145,4410900
5522,21,26,37399,430,2212171,4110100
5523,23,22,37376,431,2212193,4466600
5524,25,28,37351,428,2212221,4556300
5525,20,24,37331,424,2212245,4074200
5526,20,17,37311,427,2212262,4116200
5527,28,9,37283,446,2212271,4333800
5528,24,22,37259,448,2212293,4165500
5529,25,22,37234,451,2212315,4189800
5530,18,22,37216,447,2212337,4759500
5531,24,24,37192,447,2212361,4543700
5532,15,24,37177,438,2212385,4362800
5533,24,24,37153,438,2212409,4178100
5534,24,23,37129,439,2212432,4685900
5535,21,26,37108,434,2212458,4445700
5536,18,18,37090,434,2212476,4184900
5537,21,21,37069,434,2212497,4222200
5538,33,25,37036,442,2212522,4180400
5539,26,20,37010,448,2212542,4552200
5540,28,17,36982,459,2212559,4177900
5541,23,21,36959,461,2212580,4328300
5542,17,35,36942,443,2212615,4361700
5543,28,33,36914,438,2212648,4125900
5544,24,24,36890,438,2212672,4082700
5545,17,26,36873,429,2212698,4291000
5546,17,28,36856,418,2212726,4493400
5547,19,26,36837,411,2212752,4251600
5548,23,20,36814,414,2212772,4093700
5549,19,22,36795,411,2212794,4377600
5550,21,24,36774,408,2212818,4276600
5551,14,16,36760,406,2212834,4076000
5552,9,23,36751,392,2212857,4164700
5553,7,18,36744,381,2212875,4157900
5554,17,20,36727,378,2212895,4122700
5555,13,16,36714,375,2212911,4593500
5556,4,18,36710,361,2212929,4392200
5557,9,15,36701,355,2212944,4423100
5558,20,20,36681,355,2212964,4204400
5559,15,12,36666,358,2212976,4517700
5560,15,15,36651,358,2212991,4423700
5561,15,14,36636,359,2213005,4496100
5562,17,17,36619,359,2213022,4405600
5563,11,18,36608,352,2213040,4351300
5564,18,13,36590,357,2213053,4727000
5565,13,13,36577,357,2213066,4122900
5566,13,23,36564,347,2213089,4138900
5567,15,24,36549,338,2213113,4476200
5568,17,13,36532,342,2213126,4361700
5569,18,20,36514,340,2213146,4767700
5570,20,19,36494,341,2213165,4311900
5571,17,17,36477,341,2213182,4828600
5572,14,11,36463,344,2213193,4255500
5573,17,22,36446,339,2213215,4660400
5574,15,16,36431,338,2213231,5007300
5575,18,22,36413,334,2213253,4134400
5576,23,15,36390,342,2213268,4186800
5577,15,25,36375,332,2213293,4340900
5578,14,13,36361,333,2213306,4235300
5579,21,26,36340,328,2213332,4977100
5580,16,23,36324,321,2213355,4192300
5581,17,17,36307,321,2213372,4179200
5582,17,22,36290,316,2213394,4616000
5583,18,14,36272,320,2213408,4144100
5584,21,16,36251,325,2213424,4245600
5585,14,15,36237,324,2213439,4584200
5586,21,15,36216,330,2213454,4149700
5587,20,16,36196,334,2213470,4063400
5588,18,24,36178,328,2213494,4203300
5589,20,14,36158,334,2213508,4110900
5590,21,23,36137,332,2213531,4103100
5591,14,16,36123,330,2213547,4208600
5592,23,21,36100,332,2213568,4221400
5593,21,17,36079,336,2213585,4202200
5594,9,16,36070,329,2213601,4272600
5595,13,10,36057,332,2213611,4254500
5596,15,24,36042,323,2213635,4189800
5597,13,21,36029,315,2213656,4087300
5598,16,21,36013,310,2213677,4137600
5599,18,13,35995,315,2213690,4680700
5600,20,7,35975,328,2213697,4406900
5601,15,17,35960,326,2213714,4115300
5602,10,12,35950,324,2213726,4159700
5603,17,16,35933,325,2213742,4103400
5604,18,20,35915,323,2213762,4149100
5605,13,19,35902,317,2213781,4139100
5606,16,14,35886,319,2213795,4510600
5607,15,20,35871,314,2213815,4564900
5608,10,17,35861,307,2213832,4244300
5609,14,18,35847,303,2213850,4193400
5610,14,13,35833,304,2213863,4234700
5611,14,16,35819,302,2213879,4822000
5612,16,11,35803,307,2213890,4098300
5613,15,15,35788,307,2213905,4297800
5614,17,21,35771,303,2213926,4912800
5615,13,12,35758,304,2213938,4566200
5616,13,16,35745,301,2213954,4144900
5617,8,17,35737,292,2213971,4899300
5618,7,20,35730,279,2213991,4705200
5619,6,13,35724,272,2214004,4244700
5620,10,10,35714,272,2214014,4260500
5621,7,19,35707,260,2214033,4187400
5622,7,11,35700,256,2214044,4302800
5623,14,10,35686,260,2214054,4234700
5624,6,12,35680,254,2214066,4356000
5625,12,12,35668,254,2214078,4207800
5626,14,10,35654,258,2214088,4170700
5627,12,10,35642,260,2214098,4166300
5628,18,9,35624,269,2214107,4377400
5629,8,18,35616,259,2214125,4122300
5630,13,12,35603,260,2214137,4227500
5631,16,11,35587,265,2214148,4160200
5632,21,16,35566,270,2214164,4219500
5633,12,16,35554,266,2214180,4782500
5634,11,19,35543,258,2214199,4683100
5635,12,16,35531,254,2214215,4092500
5636,10,17,35521,247,2214232,4139900
5637,11,7,35510,251,2214239,4462700
5638,12,14,35498,249,2214253,4317200
5639,8,14,35490,243,2214267,4346600
5640,5,10,35485,238,2214277,4193800
5641,6,14,35479,230,2214291,4597900
5642,6,8,35473,228,2214299,4443800
5643,8,5,35465,231,2214304,4484500
5644,16,18,35449,229,2214322,4651100
5645,7,9,35442,227,2214331,4459100
5646,7,15,35435,219,2214346,4463500
5647,9,17,35426,211,2214363,4397800
5648,8,9,35418,210,2214372,4691100
5649,7,15,35411,202,2214387,4395700
5650,16,7,35395,211,2214394,4222500
5651,14,19,35381,206,2214413,4657600
5652,11,10,35370,207,2214423,4190000
5653,12,14,35358,205,2214437,4303400
5654,13,11,35345,207,2214448,4986500
5655,9,11,35336,205,2214459,4164600
5656,7,12,35329,200,2214471,4193200
5657,15,15,35314,200,2214486,4473500
5658,10,7,35304,203,2214493,4103800
5659,12,9,35292,206,2214502,4203600
5660,10,10,35282,206,2214512,4350600
5661,7,8,35275,205,2214520,4195300
5662,9,10,35266,204,2214530,4223500
5663,6,14,35260,196,2214544,4457200
5664,14,4,35246,206,2214548,4358300
5665,13,7,35233,212,2214555,4620300
5666,14,7,35219,219,2214562,4251300
5667,9,17,35210,211,2214579,4407200
5668,10,11,35200,210,2214590,4769800
5669,14,18,35186,206,2214608,4390400
5670,7,14,35179,199,2214622,4531000
5671,17,13,35162,203,2214635,4498200
5672,13,7,35149,209,2214642,4671400
5673,11,10,35138,210,2214652,4576300
5674,13,8,35125,215,2214660,4422700
5675,12,13,35113,214,2214673,4679800
5676,18,16,35095,216,2214689,4734700
5677,9,13,35086,212,2214702,4464500
5678,7,15,35079,204,2214717,4344800
5679,10,5,35069,209,2214722,4348400
5680,7,6,35062,210,2214728,4356300
5681,15,12,35047,213,2214740,4254400
5682,11,8,35036,216,2214748,4671900
5683,13,17,35023,212,2214765,4340800
5684,13,10,35010,215,2214775,4531800
5685,12,17,34998,210,2214792,4321300
5686,6,10,34992,206,2214802,4214400
5687,17,8,34975,215,2214810,4257100
5688,22,8,34953,229,2214818,4279300
5689,14,10,34939,233,2214828,4497900
5690,11,18,34928,226,2214846,4315400
5691,9,8,34919,227,2214854,4354100
5692,15,6,34904,236,2214860,4398100
5693,13,11,34891,238,2214871,4277100
5694,13,17,34878,234,2214888,4273600
5695,13,14,34865,233,2214902,4893700
5696,12,6,34853,239,2214908,4390500
5697,14,8,34839,245,2214916,4343300
5698,20,17,34819,248,2214933,4529900
5699,10,12,34809,246,2214945,4829400
5700,19,11,34790,254,2214956,4473500
5701,12,17,34778,249,2214973,4422000
5702,13,8,34765,254,2214981,4532100
5703,13,17,34752,250,2214998,4470400
5704,9,13,34743,246,2215011,4380200
5705,9,15,34734,240,2215026,4484900
5706,14,13,34720,241,2215039,5176300
5707,10,11,34710,240,2215050,4422600
5708,18,12,34692,246,2215062,4410500
5709,13,11,34679,248,2215073,4338100
5710,6,13,34673,241,2215086,4739200
5711,11,12,34662,240,2215098,4225100
5712,10,14,34652,236,2215112,4762600
5713,14,10,34638,240,2215122,4325500
5714,7,15,34631,232,2215137,4913000
5715,9,10,34622,231,2215147,4487500
5716,9,18,34613,222,2215165,4203500
5717,7,15,34606,214,2215180,4190400
5718,6,18,34600,202,2215198,4610000
5719,8,6,34592,204,2215204,4597300
5720,7,12,34585,199,2215216,4251300
5721,10,7,34575,202,2215223,4243500
5722,5,8,34570,199,2215231,4597400
5723,7,16,34563,190,2215247,4473600
5724,4,9,34559,185,2215256,4289200
5725,7,5,34552,187,2215261,4257400
5726,5,8,34547,184,2215269,4296400
5727,8,11,34539,181,2215280,4107700
5728,6,12,34533,175,2215292,4385400
5729,13,12,34520,176,2215304,4405300
5730,10,13,34510,173,2215317,4190600
5731,7,8,34503,172,2215325,4335300
5732,7,15,34496,164,2215340,4643400
5733,7,11,34489,160,2215351,4190100
5734,8,6,34481,162,2215357,4140200
5735,5,7,34476,160,2215364,4681600
5736,7,8,34469,159,2215372,4105300
5737,4,10,34465,153,2215382,4367500
5738,7,7,34458,153,2215389,4190700
5739,6,3,34452,156,2215392,4039400
5740,11,5,34441,162,2215397,4119700
5741,8,8,34433,162,2215405,4110200
5742,7,5,34426,164,2215410,4105800
5743,5,9,34421,160,2215419,4126000
5744,6,5,34415,161,2215424,4301800
5745,4,11,34411,154,2215435,4797900
5746,6,7,34405,153,2215442,4142400
5747,6,4,34399,155,2215446,4175600
5748,11,11,34388,155,2215457,4107100
5749,6,6,34382,155,2215463,4559800
5750,8,10,34374,153,2215473,4147800
5751,10,5,34364,158,2215478,4276100
5752,6,7,34358,157,2215485,4205000
5753,6,10,34352,153,2215495,4086200
5754,10,9,34342,154,2215504,4453000
5755,10,10,34332,154,2215514,4446200
5756,5,3,34327,156,2215517,4405900
5757,7,7,34320,156,2215524,4143900
5758,7,7,34313,156,2215531,5006500
5759,8,11,34305,153,2215542,4651000
5760,7,6,34298,154,2215548,4247100
5761,8,4,34290,158,2215552,4154200
5762,12,9,34278,161,2215561,4340800
5763,8,9,34270,160,2215570,4253100
5764,11,13,34259,158,2215583,4111100
5765,10,15,34249,153,2215598,4189600
5766,7,9,34242,151,2215607,4113200
5767,5,10,34237,146,2215617,4427500
5768,7,8,34230,145,2215625,4114000
5769,6,6,34224,145,2215631,4174000
5770,4,15,34220,134,2215646,4470000
5771,7,8,34213,133,2215654,4214800
5772,5,3,34208,135,2215657,4154900
5773,5,4,34203,136,2215661,4695900
5774,6,6,34197,136,2215667,4376300
5775,5,9,34192,132,2215676,4294400
5776,4,8,34188,128,2215684,4236400
5777,8,9,34180,127,2215693,4205300
5778,8,8,34172,127,2215701,4551600
5779,4,7,34168,124,2215708,4389100
5780,3,7,34165,120,2215715,4289700
5781,1,1,34164,120,2215716,4348100
5782,3,9,34161,114,2215725,4331100
5783,3,4,34158,113,2215729,4266200
5784,4,11,34154,106,2215740,4444500
5785,3,9,34151,100,2215749,4337800
5786,2,4,34149,98,2215753,4187300
5787,3,3,34146,98,2215756,4247000
5788,2,3,34144,97,2215759,4255000
5789,2,7,34142,92,2215766,4199800
5790,3,8,34139,87,2215774,4220500
5791,5,0,34134,92,2215774,4619100
5792,4,6,34130,90,2215780,4506200
5793,5,5,34125,90,2215785,4134400
5794,4,4,34121,90,2215789,4135200
5795,5,2,34116,93,2215791,4572700
5796,5,4,34111,94,2215795,4114000
5797,2,6,34109,90,2215801,4469700
5798,7,2,34102,95,2215803,4157500
5799,4,4,34098,95,2215807,4125200
5800,2,1,34096,96,2215808,4476900
5801,3,7,34093,92,2215815,4151000
5802,2,6,34091,88,2215821,4475900
5803,3,6,34088,85,2215827,4174700
5804,1,4,34087,82,2215831,4196900
5805,3,2,34084,83,2215833,4328200
5806,1,4,34083,80,2215837,4349000
5807,4,6,34079,78,2215843,4561100
5808,5,1,34074,82,2215844,4887700
5809,2,3,34072,81,2215847,4595400
5810,4,2,34068,83,2215849,4224200
5811,3,2,34065,84,2215851,4287500
5812,1,3,34064,82,2215854,4090800
5813,4,3,34060,83,2215857,4209500
5814,4,4,34056,83,2215861,4536700
5815,2,10,34054,75,2215871,4121000
5816,3,2,34051,76,2215873,4404400
5817,4,1,34047,79,2215874,4137100
5818,3,2,34044,80,2215876,4099800
5819,1,5,34043,76,2215881,4283000
5820,1,3,34042,74,2215884,4194000
5821,1,7,34041,68,2215891,4742000
5822,0,3,34041,65,2215894,4324300
5823,1,1,34040,65,2215895,4186800
5824,2,6,34038,61,2215901,4174200
5825,0,6,34038,55,2215907,4140900
5826,1,5,34037,51,2215912,4123000
5827,1,3,34036,49,2215915,4180900
5828,2,3,34034,48,2215918,4159100
5829,1,1,34033,48,2215919,4086600
5830,0,4,34033,44,2215923,4176200
5831,1,1,34032,44,2215924,4383000
5832,0,2,34032,42,2215926,4180800
5833,1,1,34031,42,2215927,4566300
5834,0,1,34031,41,2215928,4173500
5835,1,3,34030,39,2215931,4297600
5836,0,3,34030,36,2215934,4123500
5837,0,1,34030,35,2215935,4196500
5838,2,1,34028,36,2215936,4808500
5839,0,2,34028,34,2215938,4304400
5840,0,3,34028,31,2215941,4144800
5841,0,2,34028,29,2215943,4220900
5842,0,2,34028,27,2215945,4416400
5843,0,0,34028,27,2215945,4415500
5844,0,0,34028,27,2215945,4229200
5845,0,2,34028,25,2215947,4405200
5846,0,2,34028,23,2215949,4383300
5847,0,1,34028,22,2215950,4225700
5848,0,1,34028,21,2215951,4109500
5849,0,1,34028,20,2215952,4114900
5850,0,0,34028,20,2215952,4124100
5851,0,1,34028,19,2215953,4077000
5852,0,1,34028,18,2215954,4201200
5853,0,0,34028,18,2215954,4341700
5854,0,0,34028,18,2215954,4192600
5855,0,2,34028,16,2215956,4259200
5856,0,0,34028,16,2215956,4078500
5857,0,1,34028,15,2215957,4327400
5858,0,0,34028,15,2215957,4374300
5859,0,0,34028,15,2215957,4097800
5860,0,1,34028,14,2215958,4211400
5861,0,0,34028,14,2215958,4249700
5862,0,1,34028,13,2215959,4118900
5863,0,1,34028,12,2215960,4110800
5864,0,2,34028,10,2215962,4160000
5865,0,1,34028,9,2215963,4256700
5866,0,0,34028,9,2215963,4181100
5867,0,0,34028,9,2215963,4111000
5868,0,0,34028,9,2215963,4234800
5869,0,0,34028,9,2215963,4283600
5870,0,0,34028,9,2215963,4102100
5871,0,0,34028,9,2215963,4803100
5872,0,1,34028,8,2215964,4163300
5873,0,0,34028,8,2215964,4100100
5874,0,1,34028,7,2215965,4105400
5875,0,1,34028,6,2215966,4143900
5876,0,2,34028,4,2215968,4240200
5877,0,0,34028,4,2215968,4235700
5878,0,0,34028,4,2215968,4274200
5879,0,0,34028,4,2215968,4500200
5880,0,1,34028,3,2215969,4268500
5881,0,0,34028,3,2215969,4316900
5882,0,0,34028,3,2215969,4346000
5883,0,0,34028,3,2215969,4381600
5884,0,0,34028,3,2215969,4369300
5885,0,0,34028,3,2215969,4386500
5886,0,0,34028,3,2215969,4665400
5887,0,0,34028,3,2215969,4416600
5888,0,0,34028,3,2215969,4333100
5889,0,0,34028,3,2215969,4619600
5890,0,0,34028,3,2215969,4508600
5891,0,0,34028,3,2215969,4302200
5892,0,1,34028,2,2215970,4178800
5893,0,0,34028,2,2215970,4271000
5894,0,0,34028,2,2215970,4183900
5895,0,0,34028,2,2215970,4323300
5896,0,0,34028,2,2215970,4261200
5897,0,0,34028,2,2215970,4274000
5898,0,1,34028,1,2215971,4260900
5899,0,0,34028,1,2215971,4339500
5900,0,0,34028,1,2215971,4448600
5901,0,0,34028,1,2215971,4524300
5902,0,0,34028,1,2215971,4435200
5903,0,0,34028,1,2215971,4456000
5904,0,0,34028,1,2215971,4330300
5905,0,1,34028,0,2215972,4435800
