Tick,NewlyInfected,NewlyRecovered,TotalSusceptible,TotalInfected,TotalRecovered,StepTimeNanos
0,3,0,2249992,8,0,5154100
1,1,0,2249991,9,0,5075700
2,0,1,2249991,8,1,4806800
3,2,1,2249989,9,2,4648200
4,3,0,2249986,12,2,4428100
5,3,1,2249983,14,3,4465700
6,3,1,2249980,16,4,4729100
7,1,2,2249979,15,6,4586900
8,5,1,2249974,19,7,4451300
9,8,2,2249966,25,9,4488600
10,7,0,2249959,32,9,4658000
11,8,1,2249951,39,10,4546700
12,3,1,2249948,41,11,4367700
13,9,0,2249939,50,11,4470700
14,5,1,2249934,54,12,4389900
15,4,5,2249930,53,17,4498200
16,8,1,2249922,60,18,4924500
17,9,4,2249913,65,22,4362300
18,1,4,2249912,62,26,4392600
19,4,5,2249908,61,31,4360800
20,4,0,2249904,65,31,4465700
21,7,4,2249897,68,35,4339700
22,9,4,2249888,73,39,4459800
23,4,4,2249884,73,43,4307800
24,10,5,2249874,78,48,4788400
25,6,5,2249868,79,53,4635900
26,8,0,2249860,87,53,4279100
27,11,5,2249849,93,58,4647200
28,9,2,2249840,100,60,4241000
29,13,1,2249827,112,61,4218200
30,14,4,2249813,122,65,4282000
31,7,6,2249806,123,71,4306700
32,7,8,2249799,122,79,4518500
33,17,3,2249782,136,82,4614500
34,19,11,2249763,144,93,4438600
35,12,7,2249751,149,100,4556800
36,11,8,2249740,152,108,4565600
37,11,5,2249729,158,113,4634200
38,24,7,2249705,175,120,4395700
39,16,4,2249689,187,124,4885600
40,19,7,2249670,199,131,4537300
41,19,13,2249651,205,144,4496000
42,20,14,2249631,211,158,4518000
43,15,13,2249616,213,171,4738400
44,24,9,2249592,228,180,5203700
45,18,11,2249574,235,191,4505100
46,9,16,2249565,228,207,4518500
47,20,9,2249545,239,216,4377600
48,16,10,2249529,245,226,4196200
49,17,16,2249512,246,242,4212600
50,18,10,2249494,254,252,4196800
51,22,10,2249472,266,262,4270500
52,17,15,2249455,268,277,4432100
53,21,7,2249434,282,284,4513800
54,27,17,2249407,292,301,4576500
55,24,15,2249383,301,316,4445500
56,18,15,2249365,304,331,4298000
57,15,15,2249350,304,346,4269700
58,24,18,2249326,310,364,4268600
59,24,14,2249302,320,378,4174200
60,34,12,2249268,342,390,4272200
61,20,17,2249248,345,407,4404200
62,22,16,2249226,351,423,4573100
63,32,21,2249194,362,444,4395500
64,32,22,2249162,372,466,4345600
65,32,17,2249130,387,483,4432900
66,30,16,2249100,401,499,4305500
67,35,18,2249065,418,517,4404300
68,30,22,2249035,426,539,4445700
69,34,16,2249001,444,555,4180500
70,40,21,2248961,463,576,4723100
71,38,23,2248923,478,599,4690600
72,38,28,2248885,488,627,4629700
73,33,20,2248852,501,647,4241800
74,33,21,2248819,513,668,4666400
75,27,20,2248792,520,688,4375100
76,33,27,2248759,526,715,4832800
77,38,19,2248721,545,734,4434500
78,45,23,2248676,567,757,4817900
79,37,37,2248639,567,794,4490400
80,47,28,2248592,586,822,4391400
81,38,30,2248554,594,852,4677100
82,41,35,2248513,600,887,4677100
83,41,24,2248472,617,911,4255100
84,43,30,2248429,630,941,4607500
85,50,34,2248379,646,975,4321600
86,36,31,2248343,651,1006,4458300
87,39,36,2248304,654,1042,4582100
88,45,31,2248259,668,1073,4641000
89,50,28,2248209,690,1101,4808500
90,45,32,2248164,703,1133,4603200
91,46,18,2248118,731,1151,4739100
92,42,39,2248076,734,1190,4242400
93,38,24,2248038,748,1214,4613800
94,49,42,2247989,755,1256,4636100
95,47,34,2247942,768,1290,4599900
96,45,31,2247897,782,1321,4700700
97,46,40,2247851,788,1361,4524900
98,51,41,2247800,798,1402,4392300
99,47,42,2247753,803,1444,4784100
100,49,46,2247704,806,1490,4581100
101,51,51,2247653,806,1541,4344400
102,51,34,2247602,823,1575,4423900
103,42,48,2247560,817,1623,4416500
104,59,46,2247501,830,1669,4268000
105,52,46,2247449,836,1715,4310200
106,58,44,2247391,850,1759,4321700
107,53,43,2247338,860,1802,4315000
108,55,43,2247283,872,1845,4365500
109,57,57,2247226,872,1902,4487300
110,54,42,2247172,884,1944,4272500
111,48,40,2247124,892,1984,4541500
112,62,53,2247062,901,2037,4431600
113,57,51,2247005,907,2088,4764000
114,60,56,2246945,911,2144,4292300
115,56,50,2246889,917,2194,4438400
116,66,36,2246823,947,2230,4327200
117,64,39,2246759,972,2269,4287000
118,64,55,2246695,981,2324,4355700
119,64,43,2246631,1002,2367,4343300
120,50,47,2246581,1005,2414,4526600
121,63,37,2246518,1031,2451,4587200
122,69,51,2246449,1049,2502,4357100
123,65,48,2246384,1066,2550,4301300
124,65,48,2246319,1083,2598,4276000
125,72,55,2246247,1100,2653,4337300
126,62,46,2246185,1116,2699,4373200
127,57,46,2246128,1127,2745,4621800
128,74,59,2246054,1142,2804,4496100
129,66,52,2245988,1156,2856,4636000
130,68,62,2245920,1162,2918,4368100
131,66,59,2245854,1169,2977,4466500
132,75,56,2245779,1188,3033,4396600
133,69,70,2245710,1187,3103,4304600
134,80,50,2245630,1217,3153,4485700
135,61,45,2245569,1233,3198,4229400
136,69,51,2245500,1251,3249,4746400
137,73,64,2245427,1260,3313,4372300
138,76,60,2245351,1276,3373,4216100
139,70,77,2245281,1269,3450,4619000
140,57,58,2245224,1268,3508,4774500
141,76,66,2245148,1278,3574,4522200
142,77,71,2245071,1284,3645,4677000
143,79,58,2244992,1305,3703,4609800
144,71,57,2244921,1319,3760,4750600
145,69,75,2244852,1313,3835,4692200
146,75,63,2244777,1325,3898,4510300
147,78,80,2244699,1323,3978,4557700
148,87,59,2244612,1351,4037,4511600
149,85,56,2244527,1380,4093,4588200
150,81,61,2244446,1400,4154,4340900
151,76,60,2244370,1416,4214,4656000
152,69,62,2244301,1423,4276,4291000
153,70,78,2244231,1415,4354,4200600
154,85,69,2244146,1431,4423,4647300
155,76,76,2244070,1431,4499,4441500
156,74,73,2243996,1432,4572,4493100
157,73,74,2243923,1431,4646,4596200
158,91,66,2243832,1456,4712,4569400
159,86,71,2243746,1471,4783,4670800
160,86,90,2243660,1467,4873,4655200
161,91,82,2243569,1476,4955,4716200
162,74,73,2243495,1477,5028,4720600
163,93,78,2243402,1492,5106,4560200
164,82,79,2243320,1495,5185,4537200
165,89,69,2243231,1515,5254,4559600
166,90,85,2243141,1520,5339,4592200
167,77,80,2243064,1517,5419,4483800
168,70,72,2242994,1515,5491,4388200
169,102,65,2242892,1552,5556,4356600
170,84,104,2242808,1532,5660,4423800
171,81,80,2242727,1533,5740,4438400
172,79,86,2242648,1526,5826,4618100
173,89,71,2242559,1544,5897,4296100
174,65,87,2242494,1522,5984,4310700
175,94,77,2242400,1539,6061,4314800
176,82,85,2242318,1536,6146,4368200
177,87,74,2242231,1549,6220,4422600
178,92,69,2242139,1572,6289,4621300
179,89,89,2242050,1572,6378,4284500
180,87,81,2241963,1578,6459,4339000
181,107,84,2241856,1601,6543,4238500
182,112,74,2241744,1639,6617,4803200
183,90,93,2241654,1636,6710,4604200
184,86,94,2241568,1628,6804,4277600
185,119,69,2241449,1678,6873,4356200
186,100,83,2241349,1695,6956,4998400
187,99,80,2241250,1714,7036,4723100
188,116,90,2241134,1740,7126,4765700
189,124,99,2241010,1765,7225,4575900
190,118,85,2240892,1798,7310,4448100
191,116,76,2240776,1838,7386,4494900
192,100,96,2240676,1842,7482,4451200
193,133,113,2240543,1862,7595,4764000
194,108,98,2240435,1872,7693,4400700
195,119,93,2240316,1898,7786,4376800
196,97,93,2240219,1902,7879,4378400
197,126,90,2240093,1938,7969,4466900
198,116,103,2239977,1951,8072,4849800
199,106,108,2239871,1949,8180,4635800
200,108,119,2239763,1938,8299,4566100
201,110,116,2239653,1932,8415,4437400
202,112,98,2239541,1946,8513,4601200
203,117,92,2239424,1971,8605,4493900
204,116,110,2239308,1977,8715,4453300
205,107,90,2239201,1994,8805,4733100
206,122,104,2239079,2012,8909,4459900
207,116,102,2238963,2026,9011,4483000
208,127,89,2238836,2064,9100,4572600
209,110,130,2238726,2044,9230,4647300
210,113,101,2238613,2056,9331,4829500
211,133,109,2238480,2080,9440,4743900
212,109,101,2238371,2088,9541,4774800
213,130,109,2238241,2109,9650,4602200
214,120,123,2238121,2106,9773,4730000
215,110,103,2238011,2113,9876,4910100
216,138,93,2237873,2158,9969,4691800
217,130,114,2237743,2174,10083,4707700
218,122,99,2237621,2197,10182,4613200
219,134,83,2237487,2248,10265,4373800
220,129,122,2237358,2255,10387,4434500
221,109,118,2237249,2246,10505,4516300
222,138,108,2237111,2276,10613,4412000
223,151,131,2236960,2296,10744,4445900
224,125,115,2236835,2306,10859,4342900
225,133,115,2236702,2324,10974,4460500
226,134,103,2236568,2355,11077,4264000
227,163,125,2236405,2393,11202,4690800
228,141,117,2236264,2417,11319,4515600
229,146,111,2236118,2452,11430,4726600
230,145,113,2235973,2484,11543,4314200
231,155,120,2235818,2519,11663,4170200
232,154,120,2235664,2553,11783,4422000
233,144,131,2235520,2566,11914,4741100
234,132,110,2235388,2588,12024,4345900
235,135,143,2235253,2580,12167,4614800
236,147,145,2235106,2582,12312,4833800
237,153,138,2234953,2597,12450,4209700
238,150,116,2234803,2631,12566,4394800
239,149,110,2234654,2670,12676,4810300
240,144,139,2234510,2675,12815,4462300
241,160,127,2234350,2708,12942,4382400
242,146,142,2234204,2712,13084,4333700
243,164,142,2234040,2734,13226,4597600
244,166,125,2233874,2775,13351,4566400
245,154,149,2233720,2780,13500,4263700
246,160,159,2233560,2781,13659,4455400
247,167,117,2233393,2831,13776,4391800
248,159,127,2233234,2863,13903,4275900
249,160,150,2233074,2873,14053,4325900
250,156,148,2232918,2881,14201,4370300
251,162,132,2232756,2911,14333,4437500
252,132,172,2232624,2871,14505,4266800
253,158,157,2232466,2872,14662,4238700
254,141,167,2232325,2846,14829,4533100
255,129,163,2232196,2812,14992,4604800
256,148,136,2232048,2824,15128,4880000
257,146,148,2231902,2822,15276,4703900
258,145,160,2231757,2807,15436,4527600
259,133,156,2231624,2784,15592,4396100
260,147,118,2231477,2813,15710,4624800
261,153,142,2231324,2824,15852,4341100
262,149,180,2231175,2793,16032,4290000
263,156,124,2231019,2825,16156,4377000
264,168,150,2230851,2843,16306,4629200
265,172,140,2230679,2875,16446,4324300
266,159,130,2230520,2904,16576,4704300
267,162,152,2230358,2914,16728,4416700
268,169,139,2230189,2944,16867,4454800
269,155,133,2230034,2966,17000,4248700
270,155,165,2229879,2956,17165,4443100
271,159,150,2229720,2965,17315,4241700
272,173,165,2229547,2973,17480,4324100
273,147,145,2229400,2975,17625,4186000
274,151,144,2229249,2982,17769,4539500
275,160,145,2229089,2997,17914,4508700
276,166,151,2228923,3012,18065,4542400
277,153,154,2228770,3011,18219,4691700
278,166,140,2228604,3037,18359,4204900
279,176,157,2228428,3056,18516,4174900
280,181,141,2228247,3096,18657,4487600
281,204,162,2228043,3138,18819,4183000
282,167,135,2227876,3170,18954,4388200
283,166,168,2227710,3168,19122,4480100
284,187,153,2227523,3202,19275,4497200
285,156,160,2227367,3198,19435,4472200
286,170,167,2227197,3201,19602,4356500
287,164,167,2227033,3198,19769,4460900
288,181,161,2226852,3218,19930,4446000
289,177,158,2226675,3237,20088,4540600
290,173,165,2226502,3245,20253,4425600
291,181,158,2226321,3268,20411,4421800
292,188,165,2226133,3291,20576,4363500
293,176,158,2225957,3309,20734,4501000
294,206,169,2225751,3346,20903,4568100
295,180,167,2225571,3359,21070,4605400
296,199,164,2225372,3394,21234,4394600
297,193,180,2225179,3407,21414,4496800
298,207,156,2224972,3458,21570,4398700
299,180,170,2224792,3468,21740,4453700
300,193,157,2224599,3504,21897,4614300
301,207,166,2224392,3545,22063,4606000
302,201,180,2224191,3566,22243,4625200
303,197,183,2223994,3580,22426,4716100
304,183,159,2223811,3604,22585,4585600
305,188,181,2223623,3611,22766,4807300
306,207,182,2223416,3636,22948,4824000
307,192,177,2223224,3651,23125,4749400
308,198,165,2223026,3684,23290,4570500
309,221,173,2222805,3732,23463,4665300
310,195,156,2222610,3771,23619,4807200
311,200,199,2222410,3772,23818,4803700
312,204,177,2222206,3799,23995,4663900
313,180,200,2222026,3779,24195,4756100
314,219,182,2221807,3816,24377,4911300
315,185,193,2221622,3808,24570,4739200
316,183,193,2221439,3798,24763,4649100
317,211,209,2221228,3800,24972,4543200
318,208,208,2221020,3800,25180,4767100
319,213,204,2220807,3809,25384,4631200
320,192,189,2220615,3812,25573,4797400
321,210,195,2220405,3827,25768,4682300
322,180,193,2220225,3814,25961,4650100
323,214,214,2220011,3814,26175,4488400
324,199,166,2219812,3847,26341,4505000
325,193,176,2219619,3864,26517,4657300
326,212,181,2219407,3895,26698,4320300
327,206,196,2219201,3905,26894,4371900
328,203,194,2218998,3914,27088,4244200
329,226,183,2218772,3957,27271,4676100
330,223,192,2218549,3988,27463,4352300
331,217,207,2218332,3998,27670,4556100
332,196,185,2218136,4009,27855,4342000
333,230,200,2217906,4039,28055,4427600
334,224,196,2217682,4067,28251,4367100
335,210,198,2217472,4079,28449,4601200
336,212,211,2217260,4080,28660,4568100
337,216,215,2217044,4081,28875,4396500
338,205,203,2216839,4083,29078,4418800
339,234,204,2216605,4113,29282,4376900
340,203,233,2216402,4083,29515,4461100
341,228,201,2216174,4110,29716,4689300
342,203,224,2215971,4089,29940,4616100
343,197,200,2215774,4086,30140,4557700
344,202,191,2215572,4097,30331,4426000
345,258,212,2215314,4143,30543,4501200
346,224,201,2215090,4166,30744,4478500
347,225,215,2214865,4176,30959,4331100
348,233,201,2214632,4208,31160,4798800
349,225,203,2214407,4230,31363,4541400
350,231,220,2214176,4241,31583,4657500
351,226,192,2213950,4275,31775,4183800
352,212,216,2213738,4271,31991,4559500
353,214,213,2213524,4272,32204,4583400
354,214,232,2213310,4254,32436,4539900
355,197,221,2213113,4230,32657,4564400
356,232,199,2212881,4263,32856,4823000
357,211,226,2212670,4248,33082,4631800
358,225,220,2212445,4253,33302,4592300
359,226,232,2212219,4247,33534,4576300
360,208,231,2212011,4224,33765,4550500
361,222,215,2211789,4231,33980,4430400
362,221,227,2211568,4225,34207,4490500
363,220,206,2211348,4239,34413,4430800
364,217,191,2211131,4265,34604,4436800
365,234,208,2210897,4291,34812,4374100
366,225,213,2210672,4303,35025,4911400
367,206,201,2210466,4308,35226,4617200
368,225,223,2210241,4310,35449,4482700
369,218,216,2210023,4312,35665,4853500
370,207,214,2209816,4305,35879,4651700
371,228,223,2209588,4310,36102,4604700
372,255,202,2209333,4363,36304,4395700
373,218,206,2209115,4375,36510,4307700
374,234,218,2208881,4391,36728,4253800
375,243,238,2208638,4396,36966,4355000
376,235,199,2208403,4432,37165,4523500
377,216,224,2208187,4424,37389,4629900
378,240,205,2207947,4459,37594,4806600
379,255,240,2207692,4474,37834,4466600
380,228,236,2207464,4466,38070,5428400
381,237,218,2207227,4485,38288,5193900
382,264,219,2206963,4530,38507,4825700
383,236,240,2206727,4526,38747,4839400
384,232,247,2206495,4511,38994,4859500
385,217,205,2206278,4523,39199,4869200
386,239,229,2206039,4533,39428,5060000
387,249,214,2205790,4568,39642,5257100
388,247,224,2205543,4591,39866,4723200
389,241,228,2205302,4604,40094,4896800
390,225,241,2205077,4588,40335,4650000
391,236,230,2204841,4594,40565,4582300
392,249,234,2204592,4609,40799,4622700
393,270,244,2204322,4635,41043,5142700
394,271,227,2204051,4679,41270,4770400
395,269,223,2203782,4725,41493,4632800
396,272,251,2203510,4746,41744,4697100
397,270,237,2203240,4779,41981,4800700
398,264,231,2202976,4812,42212,4745000
399,306,230,2202670,4888,42442,4761300
400,282,225,2202388,4945,42667,4702400
401,285,228,2202103,5002,42895,4824300
402,272,251,2201831,5023,43146,4741600
403,252,271,2201579,5004,43417,4946800
404,230,241,2201349,4993,43658,5044800
405,269,232,2201080,5030,43890,4924700
406,268,253,2200812,5045,44143,4821300
407,277,279,2200535,5043,44422,4595000
408,261,272,2200274,5032,44694,4601000
409,267,241,2200007,5058,44935,4614800
410,266,262,2199741,5062,45197,4669600
411,258,263,2199483,5057,45460,4584400
412,271,238,2199212,5090,45698,4754800
413,280,263,2198932,5107,45961,4613500
414,259,251,2198673,5115,46212,4756500
415,273,228,2198400,5160,46440,4462800
416,294,257,2198106,5197,46697,4573700
417,285,231,2197821,5251,46928,4676700
418,269,244,2197552,5276,47172,4651200
419,246,253,2197306,5269,47425,4504300
420,264,244,2197042,5289,47669,4797500
421,251,261,2196791,5279,47930,4597200
422,264,256,2196527,5287,48186,4553100
423,279,274,2196248,5292,48460,4754700
424,268,268,2195980,5292,48728,4678800
425,271,268,2195709,5295,48996,4726700
426,239,266,2195470,5268,49262,4655400
427,293,293,2195177,5268,49555,4554900
428,242,273,2194935,5237,49828,4597200
429,264,252,2194671,5249,50080,4561300
430,261,259,2194410,5251,50339,4529600
431,250,280,2194160,5221,50619,4656400
432,273,284,2193887,5210,50903,4406000
433,241,267,2193646,5184,51170,4878600
434,260,258,2193386,5186,51428,4577200
435,272,248,2193114,5210,51676,4358700
436,266,302,2192848,5174,51978,4539400
437,244,225,2192604,5193,52203,4607100
438,247,282,2192357,5158,52485,4531500
439,277,261,2192080,5174,52746,5080100
440,303,274,2191777,5203,53020,4843900
441,299,272,2191478,5230,53292,4407300
442,260,264,2191218,5226,53556,4398900
443,280,259,2190938,5247,53815,4349800
444,269,285,2190669,5231,54100,4843300
445,282,251,2190387,5262,54351,4263000
446,265,267,2190122,5260,54618,4705700
447,267,245,2189855,5282,54863,4658700
448,265,276,2189590,5271,55139,4734900
449,267,281,2189323,5257,55420,4380200
450,281,296,2189042,5242,55716,4318300
451,266,276,2188776,5232,55992,4571200
452,271,273,2188505,5230,56265,4873400
453,294,252,2188211,5272,56517,4389100
454,271,275,2187940,5268,56792,4860900
455,268,287,2187672,5249,57079,4549800
456,265,251,2187407,5263,57330,4481700
457,250,263,2187157,5250,57593,4508900
458,291,260,2186866,5281,57853,4529600
459,278,262,2186588,5297,58115,4704200
460,297,283,2186291,5311,58398,4676700
461,293,245,2185998,5359,58643,4848000
462,290,281,2185708,5368,58924,4501600
463,314,263,2185394,5419,59187,4478700
464,272,256,2185122,5435,59443,4421100
465,310,281,2184812,5464,59724,4327200
466,323,261,2184489,5526,59985,4573100
467,314,258,2184175,5582,60243,4440300
468,322,269,2183853,5635,60512,4524000
469,315,272,2183538,5678,60784,4526100
470,282,283,2183256,5677,61067,4423500
471,294,277,2182962,5694,61344,4553200
472,277,272,2182685,5699,61616,4746700
473,347,285,2182338,5761,61901,4487400
474,320,271,2182018,5810,62172,4743200
475,319,278,2181699,5851,62450,4475200
476,306,252,2181393,5905,62702,4350900
477,324,283,2181069,5946,62985,4487200
478,295,280,2180774,5961,63265,4322600
479,275,307,2180499,5929,63572,4646600
480,290,315,2180209,5904,63887,4684200
481,288,302,2179921,5890,64189,4723900
482,316,321,2179605,5885,64510,4868900
483,321,303,2179284,5903,64813,4543700
484,336,309,2178948,5930,65122,4479900
485,310,328,2178638,5912,65450,4376500
486,329,283,2178309,5958,65733,4278100
487,288,299,2178021,5947,66032,4437600
488,327,290,2177694,5984,66322,4335400
489,294,325,2177400,5953,66647,4491300
490,294,304,2177106,5943,66951,4956800
491,291,319,2176815,5915,67270,4488700
492,324,306,2176491,5933,67576,4375400
493,280,298,2176211,5915,67874,4857500
494,323,274,2175888,5964,68148,4591100
495,319,302,2175569,5981,68450,4545800
496,320,285,2175249,6016,68735,4513200
497,313,341,2174936,5988,69076,4680000
498,290,283,2174646,5995,69359,4552400
499,305,293,2174341,6007,69652,4749600
500,306,298,2174035,6015,69950,4552900
501,304,265,2173731,6054,70215,4358400
502,330,291,2173401,6093,70506,4233300
503,355,333,2173046,6115,70839,4537800
504,296,312,2172750,6099,71151,4560200
505,314,324,2172436,6089,71475,4401200
506,318,297,2172118,6110,71772,4586400
507,318,294,2171800,6134,72066,4345200
508,334,322,2171466,6146,72388,4674700
509,342,353,2171124,6135,72741,4743200
510,321,293,2170803,6163,73034,4923000
511,323,326,2170480,6160,73360,4327300
512,328,263,2170152,6225,73623,4522200
513,351,307,2169801,6269,73930,4644300
514,330,311,2169471,6288,74241,4724200
515,360,302,2169111,6346,74543,4961600
516,312,318,2168799,6340,74861,4885300
517,355,305,2168444,6390,75166,4380900
518,331,311,2168113,6410,75477,4503200
519,350,329,2167763,6431,75806,4711500
520,332,289,2167431,6474,76095,4783000
521,335,328,2167096,6481,76423,4818400
522,332,291,2166764,6522,76714,4815300
523,336,334,2166428,6524,77048,4470900
524,345,337,2166083,6532,77385,4381700
525,298,303,2165785,6527,77688,4494600
526,332,315,2165453,6544,78003,4571700
527,295,339,2165158,6500,78342,4664600
528,305,337,2164853,6468,78679,4675000
529,363,319,2164490,6512,78998,4600500
530,340,298,2164150,6554,79296,4537600
531,350,322,2163800,6582,79618,4416200
532,337,342,2163463,6577,79960,4477100
533,334,337,2163129,6574,80297,4749400
534,323,350,2162806,6547,80647,4373300
535,357,331,2162449,6573,80978,4676500
536,328,331,2162121,6570,81309,4485700
537,336,342,2161785,6564,81651,4803600
538,302,375,2161483,6491,82026,4451700
539,324,308,2161159,6507,82334,4295000
540,308,333,2160851,6482,82667,4573000
541,332,326,2160519,6488,82993,4281300
542,312,292,2160207,6508,83285,4467400
543,335,317,2159872,6526,83602,4670600
544,327,343,2159545,6510,83945,4700000
545,334,329,2159211,6515,84274,4701000
546,343,324,2158868,6534,84598,4218800
547,337,306,2158531,6565,84904,4622000
548,362,306,2158169,6621,85210,4477100
549,350,344,2157819,6627,85554,5031900
550,342,351,2157477,6618,85905,4615200
551,362,322,2157115,6658,86227,4610400
552,348,335,2156767,6671,86562,4607000
553,353,345,2156414,6679,86907,4731300
554,341,344,2156073,6676,87251,4803000
555,329,332,2155744,6673,87583,4803200
556,338,336,2155406,6675,87919,4419100
557,344,302,2155062,6717,88221,4875600
558,340,347,2154722,6710,88568,4808100
559,336,337,2154386,6709,88905,4741900
560,338,331,2154048,6716,89236,4608800
561,342,315,2153706,6743,89551,4663400
562,338,348,2153368,6733,89899,4517400
563,359,310,2153009,6782,90209,4685100
564,370,345,2152639,6807,90554,4701500
565,352,342,2152287,6817,90896,5090800
566,363,366,2151924,6814,91262,4439500
567,389,345,2151535,6858,91607,4413000
568,346,315,2151189,6889,91922,4615700
569,332,350,2150857,6871,92272,4761900
570,362,361,2150495,6872,92633,4397400
571,409,343,2150086,6938,92976,4478900
572,400,343,2149686,6995,93319,4461800
573,376,342,2149310,7029,93661,4847600
574,388,350,2148922,7067,94011,4686500
575,382,324,2148540,7125,94335,4443800
576,376,345,2148164,7156,94680,4653800
577,390,361,2147774,7185,95041,4672800
578,373,361,2147401,7197,95402,4674600
579,393,330,2147008,7260,95732,4752800
580,395,361,2146613,7294,96093,4587700
581,378,357,2146235,7315,96450,4450300
582,343,374,2145892,7284,96824,4656300
583,383,345,2145509,7322,97169,4516000
584,326,367,2145183,7281,97536,4517700
585,392,360,2144791,7313,97896,4778500
586,367,361,2144424,7319,98257,4739900
587,400,348,2144024,7371,98605,4702400
588,410,390,2143614,7391,98995,4446800
589,360,353,2143254,7398,99348,4539800
590,376,379,2142878,7395,99727,4402500
591,388,371,2142490,7412,100098,4469000
592,416,366,2142074,7462,100464,4779600
593,415,374,2141659,7503,100838,4644300
594,380,377,2141279,7506,101215,4391700
595,398,353,2140881,7551,101568,4511200
596,388,347,2140493,7592,101915,4719700
597,390,397,2140103,7585,102312,4785400
598,395,352,2139708,7628,102664,4526900
599,405,360,2139303,7673,103024,4692800
600,413,375,2138890,7711,103399,4428400
601,384,368,2138506,7727,103767,4860500
602,445,370,2138061,7802,104137,4806300
603,400,401,2137661,7801,104538,4650300
604,377,377,2137284,7801,104915,4899200
605,410,392,2136874,7819,105307,4546100
606,402,353,2136472,7868,105660,4527100
607,381,382,2136091,7867,106042,4976000
608,405,404,2135686,7868,106446,4603900
609,389,420,2135297,7837,106866,4575800
610,437,379,2134860,7895,107245,4367100
611,398,428,2134462,7865,107673,4757300
612,384,381,2134078,7868,108054,4522000
613,400,404,2133678,7864,108458,4994400
614,369,416,2133309,7817,108874,4600400
615,388,413,2132921,7792,109287,4565600
616,392,412,2132529,7772,109699,4665900
617,378,391,2132151,7759,110090,4632300
618,409,376,2131742,7792,110466,4748600
619,390,424,2131352,7758,110890,4687300
620,370,397,2130982,7731,111287,4452500
621,380,412,2130602,7699,111699,4753400
622,375,379,2130227,7695,112078,4702300
623,371,412,2129856,7654,112490,4524900
624,390,395,2129466,7649,112885,4543000
625,354,365,2129112,7638,113250,4362700
626,375,380,2128737,7633,113630,4545800
627,386,396,2128351,7623,114026,4766300
628,388,420,2127963,7591,114446,4544400
629,402,386,2127561,7607,114832,4618000
630,383,378,2127178,7612,115210,4780400
631,376,385,2126802,7603,115595,4635800
632,370,383,2126432,7590,115978,4866100
633,379,391,2126053,7578,116369,4719700
634,386,371,2125667,7593,116740,4795100
635,369,400,2125298,7562,117140,4967300
636,367,373,2124931,7556,117513,4424000
637,416,368,2124515,7604,117881,4585500
638,380,392,2124135,7592,118273,4516200
639,371,338,2123764,7625,118611,4730200
640,391,372,2123373,7644,118983,4555300
641,397,397,2122976,7644,119380,4514200
642,412,385,2122564,7671,119765,4681200
643,403,396,2122161,7678,120161,4635600
644,430,396,2121731,7712,120557,4734400
645,433,367,2121298,7778,120924,4431800
646,399,397,2120899,7780,121321,5031300
647,404,436,2120495,7748,121757,4651900
648,406,400,2120089,7754,122157,4317000
649,402,353,2119687,7803,122510,4560200
650,418,403,2119269,7818,122913,4334700
651,424,415,2118845,7827,123328,4588300
652,428,389,2118417,7866,123717,4784300
653,404,421,2118013,7849,124138,5167800
654,421,395,2117592,7875,124533,5120100
655,438,414,2117154,7899,124947,4809900
656,461,383,2116693,7977,125330,5136600
657,394,412,2116299,7959,125742,4878500
658,451,410,2115848,8000,126152,4699000
659,436,402,2115412,8034,126554,4998100
660,404,434,2115008,8004,126988,4365700
661,431,430,2114577,8005,127418,4370000
662,444,386,2114133,8063,127804,5009000
663,455,409,2113678,8109,128213,4858800
664,482,406,2113196,8185,128619,4562400
665,432,414,2112764,8203,129033,4610700
666,438,434,2112326,8207,129467,4711800
667,422,412,2111904,8217,129879,4713400
668,436,404,2111468,8249,130283,4793700
669,422,429,2111046,8242,130712,4498200
670,399,400,2110647,8241,131112,4635200
671,451,417,2110196,8275,131529,4840700
672,435,449,2109761,8261,131978,4540600
673,436,430,2109325,8267,132408,4462600
674,462,443,2108863,8286,132851,4517500
675,418,426,2108445,8278,133277,4948400
676,429,407,2108016,8300,133684,4529800
677,464,408,2107552,8356,134092,4741300
678,417,443,2107135,8330,134535,4628100
679,439,422,2106696,8347,134957,4477000
680,473,461,2106223,8359,135418,4501200
681,447,400,2105776,8406,135818,4702300
682,404,419,2105372,8391,136237,4781600
683,435,436,2104937,8390,136673,4392800
684,449,401,2104488,8438,137074,4518700
685,445,413,2104043,8470,137487,4821300
686,457,422,2103586,8505,137909,4478800
687,433,445,2103153,8493,138354,4943200
688,426,445,2102727,8474,138799,4444600
689,436,432,2102291,8478,139231,4792300
690,463,429,2101828,8512,139660,4724600
691,448,409,2101380,8551,140069,4504300
692,428,445,2100952,8534,140514,4350000
693,462,428,2100490,8568,140942,4754100
694,423,449,2100067,8542,141391,4402600
695,464,420,2099603,8586,141811,4787700
696,457,445,2099146,8598,142256,4679100
697,462,422,2098684,8638,142678,4473200
698,430,426,2098254,8642,143104,4730600
699,444,425,2097810,8661,143529,4398900
700,450,468,2097360,8643,143997,4514100
701,442,430,2096918,8655,144427,4554500
702,466,465,2096452,8656,144892,4630400
703,427,421,2096025,8662,145313,4763200
704,459,458,2095566,8663,145771,4356800
705,448,424,2095118,8687,146195,4310800
706,444,431,2094674,8700,146626,4614300
707,456,444,2094218,8712,147070,4642000
708,433,437,2093785,8708,147507,4643600
709,438,429,2093347,8717,147936,4553000
710,420,451,2092927,8686,148387,4769900
711,451,417,2092476,8720,148804,4522900
712,465,440,2092011,8745,149244,4277700
713,458,430,2091553,8773,149674,4540500
714,453,436,2091100,8790,150110,4855100
715,466,434,2090634,8822,150544,4959700
716,471,428,2090163,8865,150972,4425300
717,448,406,2089715,8907,151378,4739200
718,453,440,2089262,8920,151818,4717700
719,470,412,2088792,8978,152230,4874200
720,456,423,2088336,9011,152653,4913600
721,477,453,2087859,9035,153106,4446300
722,494,436,2087365,9093,153542,4859700
723,444,437,2086921,9100,153979,4450100
724,471,452,2086450,9119,154431,4494000
725,489,483,2085961,9125,154914,4716700
726,468,439,2085493,9154,155353,4567200
727,487,463,2085006,9178,155816,4584600
728,495,450,2084511,9223,156266,4414100
729,458,447,2084053,9234,156713,4729100
730,437,492,2083616,9179,157205,4641700
731,463,449,2083153,9193,157654,4839400
732,495,456,2082658,9232,158110,4477400
733,476,469,2082182,9239,158579,4806800
734,467,467,2081715,9239,159046,4541100
735,453,445,2081262,9247,159491,4391200
736,428,491,2080834,9184,159982,4720400
737,493,470,2080341,9207,160452,5006000
738,445,479,2079896,9173,160931,4352800
739,479,476,2079417,9176,161407,4632500
740,502,401,2078915,9277,161808,4313700
741,489,480,2078426,9286,162288,4642200
742,469,479,2077957,9276,162767,4320900
743,492,437,2077465,9331,163204,4333000
744,514,455,2076951,9390,163659,4454600
745,492,481,2076459,9401,164140,4702500
746,506,478,2075953,9429,164618,4445400
747,482,461,2075471,9450,165079,4577400
748,491,484,2074980,9457,165563,4841400
749,486,457,2074494,9486,166020,4819500
750,481,494,2074013,9473,166514,4944100
751,501,491,2073512,9483,167005,4330300
752,483,466,2073029,9500,167471,4630300
753,485,477,2072544,9508,167948,4726200
754,473,497,2072071,9484,168445,4559000
755,503,490,2071568,9497,168935,5047100
756,481,480,2071087,9498,169415,5119700
757,484,509,2070603,9473,169924,5099300
758,472,510,2070131,9435,170434,4763800
759,485,484,2069646,9436,170918,4391100
760,466,465,2069180,9437,171383,4651000
761,472,455,2068708,9454,171838,4382200
762,472,439,2068236,9487,172277,4600400
763,482,499,2067754,9470,172776,5045600
764,498,440,2067256,9528,173216,4366300
765,460,472,2066796,9516,173688,4716000
766,517,480,2066279,9553,174168,4823600
767,526,477,2065753,9602,174645,4449000
768,507,495,2065246,9614,175140,4594200
769,497,432,2064749,9679,175572,4612900
770,457,452,2064292,9684,176024,4822000
771,486,509,2063806,9661,176533,4539800
772,526,504,2063280,9683,177037,4685700
773,502,494,2062778,9691,177531,4916200
774,530,484,2062248,9737,178015,4720800
775,500,528,2061748,9709,178543,4792900
776,509,481,2061239,9737,179024,4560400
777,497,478,2060742,9756,179502,4739800
778,470,480,2060272,9746,179982,4388300
779,499,483,2059773,9762,180465,5024700
780,529,460,2059244,9831,180925,4486400
781,499,536,2058745,9794,181461,5022200
782,489,499,2058256,9784,181960,4923500
783,508,500,2057748,9792,182460,4794400
784,489,489,2057259,9792,182949,4393400
785,477,489,2056782,9780,183438,4713800
786,504,453,2056278,9831,183891,4685900
787,528,511,2055750,9848,184402,4652100
788,456,484,2055294,9820,184886,4684900
789,475,468,2054819,9827,185354,4997600
790,502,508,2054317,9821,185862,4841600
791,501,530,2053816,9792,186392,4845100
792,535,477,2053281,9850,186869,4639000
793,528,531,2052753,9847,187400,4750200
794,519,498,2052234,9868,187898,4333800
795,472,495,2051762,9845,188393,4801100
796,499,515,2051263,9829,188908,4560900
797,518,474,2050745,9873,189382,4326500
798,493,478,2050252,9888,189860,4666300
799,506,479,2049746,9915,190339,4498300
800,508,500,2049238,9923,190839,4489000
801,515,520,2048723,9918,191359,4363900
802,508,473,2048215,9953,191832,4396300
803,508,482,2047707,9979,192314,4647500
804,520,475,2047187,10024,192789,4583800
805,513,510,2046674,10027,193299,4430800
806,511,549,2046163,9989,193848,4403800
807,550,534,2045613,10005,194382,4457500
808,515,509,2045098,10011,194891,4440300
809,506,514,2044592,10003,195405,4430100
810,559,486,2044033,10076,195891,4658500
811,524,498,2043509,10102,196389,4404400
812,576,517,2042933,10161,196906,4493300
813,555,526,2042378,10190,197432,4690900
814,514,535,2041864,10169,197967,4781200
815,524,512,2041340,10181,198479,4660200
816,510,461,2040830,10230,198940,4577900
817,561,534,2040269,10257,199474,4519200
818,559,515,2039710,10301,199989,4489300
819,498,512,2039212,10287,200501,4402900
820,532,524,2038680,10295,201025,4485600
821,527,539,2038153,10283,201564,4541500
822,553,512,2037600,10324,202076,4779700
823,554,528,2037046,10350,202604,5075900
824,547,564,2036499,10333,203168,4511700
825,518,467,2035981,10384,203635,4670700
826,510,506,2035471,10388,204141,4547900
827,536,543,2034935,10381,204684,4581800
828,590,539,2034345,10432,205223,4483500
829,520,563,2033825,10389,205786,4585400
830,552,557,2033273,10384,206343,4525100
831,533,527,2032740,10390,206870,4732000
832,503,566,2032237,10327,207436,4529000
833,528,503,2031709,10352,207939,4450000
834,533,537,2031176,10348,208476,4622300
835,529,553,2030647,10324,209029,4519000
836,565,519,2030082,10370,209548,4840000
837,571,540,2029511,10401,210088,4629800
838,569,516,2028942,10454,210604,4577400
839,556,507,2028386,10503,211111,4603800
840,535,520,2027851,10518,211631,4662900
841,572,490,2027279,10600,212121,4904400
842,546,506,2026733,10640,212627,4722400
843,537,533,2026196,10644,213160,4702900
844,581,542,2025615,10683,213702,4589800
845,517,557,2025098,10643,214259,4484100
846,538,524,2024560,10657,214783,4808800
847,544,479,2024016,10722,215262,4576800
848,585,523,2023431,10784,215785,4638800
849,561,546,2022870,10799,216331,4570800
850,531,569,2022339,10761,216900,4564300
851,562,540,2021777,10783,217440,4567300
852,561,522,2021216,10822,217962,4502900
853,542,540,2020674,10824,218502,4679500
854,590,555,2020084,10859,219057,4593800
855,588,543,2019496,10904,219600,4510400
856,614,509,2018882,11009,220109,4437600
857,548,540,2018334,11017,220649,4581200
858,589,555,2017745,11051,221204,4546400
859,552,557,2017193,11046,221761,4970300
860,591,594,2016602,11043,222355,4511300
861,512,559,2016090,10996,222914,5061700
862,586,538,2015504,11044,223452,4594500
863,591,577,2014913,11058,224029,4469000
864,556,577,2014357,11037,224606,5066500
865,558,545,2013799,11050,225151,4825800
866,531,536,2013268,11045,225687,4898000
867,587,558,2012681,11074,226245,4862000
868,577,533,2012104,11118,226778,4999100
869,571,579,2011533,11110,227357,5569900
870,577,533,2010956,11154,227890,4613500
871,544,554,2010412,11144,228444,4921000
872,572,525,2009840,11191,228969,4354700
873,572,554,2009268,11209,229523,4541100
874,563,572,2008705,11200,230095,4931500
875,591,515,2008114,11276,230610,4960600
876,602,563,2007512,11315,231173,4828700
877,596,583,2006916,11328,231756,4806600
878,586,541,2006330,11373,232297,4665300
879,602,542,2005728,11433,232839,4972600
880,587,557,2005141,11463,233396,4290400
881,607,624,2004534,11446,234020,4397800
882,572,611,2003962,11407,234631,4501700
883,578,575,2003384,11410,235206,4520700
884,596,596,2002788,11410,235802,4637500
885,634,575,2002154,11469,236377,4608800
886,597,602,2001557,11464,236979,4925200
887,554,567,2001003,11451,237546,4381500
888,568,579,2000435,11440,238125,4780500
889,570,582,1999865,11428,238707,4644800
890,572,527,1999293,11473,239234,4631500
891,550,548,1998743,11475,239782,4723900
892,572,584,1998171,11463,240366,4847700
893,605,555,1997566,11513,240921,4447000
894,571,555,1996995,11529,241476,4847000
895,574,610,1996421,11493,242086,5153000
896,575,573,1995846,11495,242659,4951000
897,593,568,1995253,11520,243227,4562700
898,568,559,1994685,11529,243786,4635900
899,571,584,1994114,11516,244370,4699800
900,570,579,1993544,11507,244949,4335300
901,608,588,1992936,11527,245537,4721100
902,535,617,1992401,11445,246154,5154500
903,582,600,1991819,11427,246754,4620100
904,573,574,1991246,11426,247328,4448500
905,609,524,1990637,11511,247852,4610400
906,574,578,1990063,11507,248430,4900100
907,594,567,1989469,11534,248997,4661100
908,601,574,1988868,11561,249571,4576100
909,570,588,1988298,11543,250159,4799800
910,547,542,1987751,11548,250701,4495600
911,603,571,1987148,11580,251272,4541400
912,634,597,1986514,11617,251869,4463700
913,598,545,1985916,11670,252414,4788100
914,588,616,1985328,11642,253030,4774400
915,524,547,1984804,11619,253577,5030100
916,625,530,1984179,11714,254107,5042500
917,590,599,1983589,11705,254706,4382300
918,593,579,1982996,11719,255285,4538800
919,602,552,1982394,11769,255837,5346200
920,606,632,1981788,11743,256469,4855400
921,586,621,1981202,11708,257090,5139200
922,638,582,1980564,11764,257672,4687100
923,607,611,1979957,11760,258283,4584700
924,621,589,1979336,11792,258872,4320100
925,635,598,1978701,11829,259470,4563300
926,620,566,1978081,11883,260036,4515800
927,618,595,1977463,11906,260631,4655500
928,636,619,1976827,11923,261250,4414600
929,611,617,1976216,11917,261867,4466900
930,654,609,1975562,11962,262476,5140000
931,635,581,1974927,12016,263057,4556600
932,637,585,1974290,12068,263642,5020200
933,652,625,1973638,12095,264267,4709400
934,645,633,1972993,12107,264900,4691700
935,650,619,1972343,12138,265519,5146400
936,663,618,1971680,12183,266137,4738300
937,663,596,1971017,12250,266733,4554000
938,606,618,1970411,12238,267351,4705600
939,618,571,1969793,12285,267922,4458900
940,651,591,1969142,12345,268513,4491200
941,668,615,1968474,12398,269128,4512700
942,641,683,1967833,12356,269811,4400300
943,628,628,1967205,12356,270439,4542800
944,652,622,1966553,12386,271061,5207000
945,611,644,1965942,12353,271705,4857700
946,611,608,1965331,12356,272313,4557800
947,640,586,1964691,12410,272899,5135700
948,595,602,1964096,12403,273501,4451700
949,630,616,1963466,12417,274117,5129900
950,623,672,1962843,12368,274789,4720400
951,652,614,1962191,12406,275403,4410900
952,667,599,1961524,12474,276002,4412100
953,665,627,1960859,12512,276629,4810100
954,608,659,1960251,12461,277288,4653000
955,614,602,1959637,12473,277890,4599900
956,622,601,1959015,12494,278491,4807500
957,634,589,1958381,12539,279080,5206200
958,646,607,1957735,12578,279687,5001400
959,646,605,1957089,12619,280292,4399600
960,692,633,1956397,12678,280925,4687700
961,703,637,1955694,12744,281562,4455800
962,686,620,1955008,12810,282182,4540000
963,654,653,1954354,12811,282835,4807900
964,690,636,1953664,12865,283471,4574800
965,689,602,1952975,12952,284073,4821500
966,699,636,1952276,13015,284709,4969400
967,628,612,1951648,13031,285321,5388500
968,680,637,1950968,13074,285958,4910600
969,671,610,1950297,13135,286568,4778400
970,699,655,1949598,13179,287223,4761100
971,696,687,1948902,13188,287910,5358600
972,682,655,1948220,13215,288565,4895300
973,678,650,1947542,13243,289215,4525900
974,701,701,1946841,13243,289916,4434500
975,703,643,1946138,13303,290559,4848700
976,661,677,1945477,13287,291236,4762000
977,661,702,1944816,13246,291938,4586100
978,660,665,1944156,13241,292603,4577600
979,667,662,1943489,13246,293265,4794800
980,637,588,1942852,13295,293853,4964600
981,701,641,1942151,13355,294494,4933400
982,610,641,1941541,13324,295135,4485300
983,654,667,1940887,13311,295802,4731200
984,612,678,1940275,13245,296480,4669000
985,678,703,1939597,13220,297183,4740500
986,649,651,1938948,13218,297834,4769900
987,657,675,1938291,13200,298509,4342700
988,726,655,1937565,13271,299164,4430700
989,653,667,1936912,13257,299831,4969800
990,658,658,1936254,13257,300489,5179900
991,649,631,1935605,13275,301120,5016700
992,664,651,1934941,13288,301771,4763600
993,632,679,1934309,13241,302450,4536100
994,668,647,1933641,13262,303097,4717000
995,689,630,1932952,13321,303727,4557800
996,639,658,1932313,13302,304385,4972100
997,674,709,1931639,13267,305094,4759500
998,665,649,1930974,13283,305743,4853500
999,632,697,1930342,13218,306440,4623200
1000,708,645,1929634,13281,307085,5001400
1001,662,651,1928972,13292,307736,4667700
1002,657,684,1928315,13265,308420,4925700
1003,649,648,1927666,13266,309068,4425100
1004,674,649,1926992,13291,309717,4402500
1005,645,651,1926347,13285,310368,4781000
1006,663,655,1925684,13293,311023,4389600
1007,638,633,1925046,13298,311656,4904800
1008,656,620,1924390,13334,312276,4621900
1009,661,663,1923729,13332,312939,4399400
1010,656,675,1923073,13313,313614,4581800
1011,668,670,1922405,13311,314284,4835700
1012,689,615,1921716,13385,314899,4751000
1013,670,661,1921046,13394,315560,4768100
1014,726,652,1920320,13468,316212,5313400
1015,737,672,1919583,13533,316884,4884600
1016,685,673,1918898,13545,317557,4342300
1017,684,694,1918214,13535,318251,4407700
1018,680,624,1917534,13591,318875,4892600
1019,677,677,1916857,13591,319552,4421700
1020,708,664,1916149,13635,320216,4656500
1021,681,664,1915468,13652,320880,4461900
1022,695,744,1914773,13603,321624,5051300
1023,699,678,1914074,13624,322302,4845300
1024,679,701,1913395,13602,323003,4628600
1025,681,696,1912714,13587,323699,4503500
1026,676,657,1912038,13606,324356,4496200
1027,702,691,1911336,13617,325047,4616100
1028,717,659,1910619,13675,325706,4523700
1029,707,696,1909912,13686,326402,4648100
1030,697,741,1909215,13642,327143,4951400
1031,704,685,1908511,13661,327828,5006100
1032,704,696,1907807,13669,328524,4611700
1033,650,721,1907157,13598,329245,4550000
1034,633,706,1906524,13525,329951,4984700
1035,644,678,1905880,13491,330629,4585500
1036,674,659,1905206,13506,331288,4914400
1037,683,689,1904523,13500,331977,5112000
1038,663,664,1903860,13499,332641,4804700
1039,669,691,1903191,13477,333332,4883800
1040,676,688,1902515,13465,334020,4826400
1041,680,639,1901835,13506,334659,4618500
1042,673,682,1901162,13497,335341,4734700
1043,639,638,1900523,13498,335979,4585300
1044,707,666,1899816,13539,336645,4950700
1045,701,657,1899115,13583,337302,4567900
1046,716,669,1898399,13630,337971,5082400
1047,635,659,1897764,13606,338630,4567500
1048,719,692,1897045,13633,339322,4589400
1049,709,670,1896336,13672,339992,4812500
1050,712,661,1895624,13723,340653,5083300
1051,675,667,1894949,13731,341320,4746500
1052,644,698,1894305,13677,342018,4657800
1053,684,681,1893621,13680,342699,4642600
1054,719,693,1892902,13706,343392,4449600
1055,700,660,1892202,13746,344052,4804100
1056,677,692,1891525,13731,344744,4908500
1057,651,736,1890874,13646,345480,4616000
1058,708,688,1890166,13666,346168,4834700
1059,668,690,1889498,13644,346858,4870900
1060,683,636,1888815,13691,347494,4516900
1061,697,673,1888118,13715,348167,4651200
1062,722,677,1887396,13760,348844,4818300
1063,722,698,1886674,13784,349542,4532600
1064,705,698,1885969,13791,350240,4500900
1065,740,677,1885229,13854,350917,4866300
1066,707,700,1884522,13861,351617,4648300
1067,732,715,1883790,13878,352332,4749800
1068,759,707,1883031,13930,353039,5090100
1069,694,669,1882337,13955,353708,5022100
1070,709,690,1881628,13974,354398,4509200
1071,753,709,1880875,14018,355107,4802900
1072,709,669,1880166,14058,355776,4463300
1073,715,671,1879451,14102,356447,4970700
1074,721,703,1878730,14120,357150,5028700
1075,707,734,1878023,14093,357884,5193700
1076,746,696,1877277,14143,358580,5167900
1077,742,662,1876535,14223,359242,4759800
1078,726,740,1875809,14209,359982,5451100
1079,749,727,1875060,14231,360709,4706600
1080,729,720,1874331,14240,361429,4571600
1081,738,712,1873593,14266,362141,4579300
1082,793,669,1872800,14390,362810,4838300
1083,729,738,1872071,14381,363548,4745100
1084,755,693,1871316,14443,364241,4574000
1085,765,733,1870551,14475,364974,4462900
1086,746,730,1869805,14491,365704,4638000
1087,755,706,1869050,14540,366410,5172100
1088,726,745,1868324,14521,367155,4402100
1089,751,693,1867573,14579,367848,4683600
1090,749,754,1866824,14574,368602,4820800
1091,763,731,1866061,14606,369333,4403300
1092,722,761,1865339,14567,370094,4568800
1093,766,750,1864573,14583,370844,5006900
1094,740,772,1863833,14551,371616,4497700
1095,787,722,1863046,14616,372338,4662700
1096,783,758,1862263,14641,373096,5086300
1097,786,725,1861477,14702,373821,4735000
1098,754,716,1860723,14740,374537,4799100
1099,789,737,1859934,14792,375274,4877500
1100,736,711,1859198,14817,375985,4570000
1101,733,705,1858465,14845,376690,4845200
1102,779,748,1857686,14876,377438,4544300
1103,715,767,1856971,14824,378205,4765700
1104,769,756,1856202,14837,378961,4408600
1105,724,814,1855478,14747,379775,4360000
1106,702,719,1854776,14730,380494,4788900
1107,717,709,1854059,14738,381203,4994200
1108,738,744,1853321,14732,381947,4589100
1109,743,742,1852578,14733,382689,4990400
1110,752,745,1851826,14740,383434,4417500
1111,735,738,1851091,14737,384172,4641200
1112,757,729,1850334,14765,384901,4671900
1113,745,751,1849589,14759,385652,4840700
1114,815,778,1848774,14796,386430,5070100
1115,780,733,1847994,14843,387163,4492300
1116,775,770,1847219,14848,387933,4863900
1117,781,736,1846438,14893,388669,5145900
1118,784,742,1845654,14935,389411,4578200
1119,703,756,1844951,14882,390167,4382800
1120,781,725,1844170,14938,390892,4774000
1121,772,762,1843398,14948,391654,4736400
1122,798,748,1842600,14998,392402,4688500
1123,736,776,1841864,14958,393178,4509600
1124,784,711,1841080,15031,393889,4768400
1125,746,790,1840334,14987,394679,5110500
1126,777,771,1839557,14993,395450,5199600
1127,712,725,1838845,14980,396175,4742500
1128,800,726,1838045,15054,396901,4679200
1129,794,744,1837251,15104,397645,4812800
1130,763,772,1836488,15095,398417,4491700
1131,793,791,1835695,15097,399208,4817100
1132,775,767,1834920,15105,399975,4488300
1133,770,753,1834150,15122,400728,4543300
1134,742,740,1833408,15124,401468,4910200
1135,809,726,1832599,15207,402194,4481000
1136,758,772,1831841,15193,402966,4490000
1137,790,753,1831051,15230,403719,4593000
1138,786,789,1830265,15227,404508,4519500
1139,783,777,1829482,15233,405285,4887900
1140,776,765,1828706,15244,406050,4617800
1141,770,743,1827936,15271,406793,4874300
1142,784,781,1827152,15274,407574,5049800
1143,777,760,1826375,15291,408334,5020100
1144,802,748,1825573,15345,409082,4612100
1145,831,798,1824742,15378,409880,4564900
1146,775,770,1823967,15383,410650,4960700
1147,734,752,1823233,15365,411402,4499500
1148,754,801,1822479,15318,412203,4839100
1149,754,777,1821725,15295,412980,4679100
1150,762,769,1820963,15288,413749,4926300
1151,768,761,1820195,15295,414510,5270300
1152,764,779,1819431,15280,415289,4654300
1153,792,740,1818639,15332,416029,4882700
1154,780,764,1817859,15348,416793,4464300
1155,769,802,1817090,15315,417595,4653600
1156,760,805,1816330,15270,418400,5028700
1157,764,709,1815566,15325,419109,4647700
1158,762,799,1814804,15288,419908,4697200
1159,773,775,1814031,15286,420683,4834900
1160,809,773,1813222,15322,421456,4967700
1161,791,748,1812431,15365,422204,4537300
1162,775,766,1811656,15374,422970,4885200
1163,826,740,1810830,15460,423710,4429000
1164,794,754,1810036,15500,424464,4805300
1165,749,807,1809287,15442,425271,4686800
1166,816,749,1808471,15509,426020,4875500
1167,817,767,1807654,15559,426787,5006500
1168,759,780,1806895,15538,427567,4651500
1169,793,787,1806102,15544,428354,4585800
1170,766,777,1805336,15533,429131,4714300
1171,780,761,1804556,15552,429892,4825700
1172,818,828,1803738,15542,430720,4376700
1173,796,745,1802942,15593,431465,4579100
1174,779,805,1802163,15567,432270,4325900
1175,786,780,1801377,15573,433050,4537900
1176,825,784,1800552,15614,433834,5120100
1177,766,760,1799786,15620,434594,5286500
1178,789,756,1798997,15653,435350,4720900
1179,786,785,1798211,15654,436135,4929100
1180,761,773,1797450,15642,436908,5007400
1181,765,795,1796685,15612,437703,4702300
1182,791,806,1795894,15597,438509,4767800
1183,731,813,1795163,15515,439322,4810100
1184,753,775,1794410,15493,440097,4662000
1185,779,770,1793631,15502,440867,4900900
1186,805,722,1792826,15585,441589,4674900
1187,725,750,1792101,15560,442339,5026800
1188,794,776,1791307,15578,443115,4452300
1189,821,802,1790486,15597,443917,4804000
1190,814,834,1789672,15577,444751,4472600
1191,793,746,1788879,15624,445497,5075000
1192,742,770,1788137,15596,446267,5188600
1193,791,763,1787346,15624,447030,4802700
1194,805,816,1786541,15613,447846,4707800
1195,747,760,1785794,15600,448606,4959400
1196,740,789,1785054,15551,449395,4504400
1197,751,741,1784303,15561,450136,4384300
1198,743,765,1783560,15539,450901,4832900
1199,799,811,1782761,15527,451712,4423600
1200,800,778,1781961,15549,452490,4610800
1201,768,737,1781193,15580,453227,4468700
1202,784,773,1780409,15591,454000,4678500
1203,787,785,1779622,15593,454785,4442900
1204,813,764,1778809,15642,455549,5067900
1205,765,795,1778044,15612,456344,4480400
1206,790,780,1777254,15622,457124,4849400
1207,804,750,1776450,15676,457874,5038300
1208,786,793,1775664,15669,458667,4620600
1209,770,757,1774894,15682,459424,4792700
1210,766,783,1774128,15665,460207,4690200
1211,766,844,1773362,15587,461051,4942900
1212,768,745,1772594,15610,461796,5340500
1213,754,771,1771840,15593,462567,4810700
1214,738,756,1771102,15575,463323,4447800
1215,769,782,1770333,15562,464105,4373200
1216,823,733,1769510,15652,464838,5216600
1217,766,777,1768744,15641,465615,4512900
1218,825,795,1767919,15671,466410,4933900
1219,764,767,1767155,15668,467177,4465700
1220,793,814,1766362,15647,467991,4946500
1221,758,764,1765604,15641,468755,4732200
1222,818,794,1764786,15665,469549,4700900
1223,802,803,1763984,15664,470352,4656100
1224,853,767,1763131,15750,471119,4929700
1225,734,783,1762397,15701,471902,4648400
1226,763,836,1761634,15628,472738,4881000
1227,793,782,1760841,15639,473520,5094100
1228,800,767,1760041,15672,474287,4673200
1229,723,813,1759318,15582,475100,4673100
1230,828,800,1758490,15610,475900,4633800
1231,780,803,1757710,15587,476703,4937300
1232,774,826,1756936,15535,477529,4606000
1233,777,761,1756159,15551,478290,4737600
1234,776,811,1755383,15516,479101,4405300
1235,701,734,1754682,15483,479835,5265100
1236,775,751,1753907,15507,480586,5012100
1237,752,813,1753155,15446,481399,5026600
1238,787,739,1752368,15494,482138,4951100
1239,719,727,1751649,15486,482865,4738700
1240,780,775,1750869,15491,483640,4571500
1241,816,756,1750053,15551,484396,4553800
1242,749,724,1749304,15576,485120,4764300
1243,779,781,1748525,15574,485901,4893100
1244,768,773,1747757,15569,486674,4285600
1245,740,791,1747017,15518,487465,4866400
1246,724,762,1746293,15480,488227,4612500
1247,758,755,1745535,15483,488982,4609300
1248,845,815,1744690,15513,489797,4825500
1249,780,751,1743910,15542,490548,4778900
1250,726,782,1743184,15486,491330,4911900
1251,713,780,1742471,15419,492110,4661700
1252,790,760,1741681,15449,492870,4844300
1253,804,792,1740877,15461,493662,4754400
1254,783,754,1740094,15490,494416,4671300
1255,741,750,1739353,15481,495166,5134900
1256,790,760,1738563,15511,495926,4597700
1257,770,774,1737793,15507,496700,4704800
1258,784,767,1737009,15524,497467,4850600
1259,750,772,1736259,15502,498239,4731300
1260,792,787,1735467,15507,499026,4766900
1261,751,755,1734716,15503,499781,4872300
1262,757,765,1733959,15495,500546,4824000
1263,755,736,1733204,15514,501282,4825900
1264,766,781,1732438,15499,502063,4593900
1265,748,748,1731690,15499,502811,4717100
1266,741,769,1730949,15471,503580,5054900
1267,820,789,1730129,15502,504369,5086500
1268,746,754,1729383,15494,505123,4999100
1269,757,782,1728626,15469,505905,4901400
1270,771,788,1727855,15452,506693,4658400
1271,755,782,1727100,15425,507475,4609500
1272,765,782,1726335,15408,508257,4596400
1273,718,752,1725617,15374,509009,4418700
1274,775,790,1724842,15359,509799,4855600
1275,762,723,1724080,15398,510522,4449700
1276,776,754,1723304,15420,511276,4903600
1277,732,720,1722572,15432,511996,5024100
1278,742,761,1721830,15413,512757,5074200
1279,764,794,1721066,15383,513551,4755000
1280,756,758,1720310,15381,514309,4839300
1281,783,765,1719527,15399,515074,4643600
1282,769,747,1718758,15421,515821,4538800
1283,782,736,1717976,15467,516557,4511000
1284,809,802,1717167,15474,517359,5269900
1285,762,769,1716405,15467,518128,4726600
1286,760,823,1715645,15404,518951,4942700
1287,827,824,1714818,15407,519775,4914700
1288,789,776,1714029,15420,520551,4757600
1289,837,798,1713192,15459,521349,5010000
1290,802,750,1712390,15511,522099,4581800
1291,808,750,1711582,15569,522849,4773200
1292,802,797,1710780,15574,523646,4623200
1293,751,816,1710029,15509,524462,4792300
1294,826,786,1709203,15549,525248,4669700
1295,810,727,1708393,15632,525975,4487500
1296,810,794,1707583,15648,526769,5127500
1297,772,774,1706811,15646,527543,5202200
1298,804,721,1706007,15729,528264,4801400
1299,793,749,1705214,15773,529013,4793100
1300,822,800,1704392,15795,529813,4552200
1301,814,844,1703578,15765,530657,4484300
1302,824,817,1702754,15772,531474,4710300
1303,823,762,1701931,15833,532236,4497800
1304,840,811,1701091,15862,533047,4882300
1305,784,842,1700307,15804,533889,4874100
1306,827,797,1699480,15834,534686,5024600
1307,775,755,1698705,15854,535441,4520900
1308,805,800,1697900,15859,536241,5018700
1309,829,792,1697071,15896,537033,4516500
1310,785,734,1696286,15947,537767,4479500
1311,798,862,1695488,15883,538629,4839200
1312,801,768,1694687,15916,539397,4671800
1313,844,808,1693843,15952,540205,5015600
1314,805,832,1693038,15925,541037,4514200
1315,753,847,1692285,15831,541884,5219300
1316,778,818,1691507,15791,542702,4821500
1317,780,785,1690727,15786,543487,4737700
1318,797,814,1689930,15769,544301,4897800
1319,790,739,1689140,15820,545040,4695500
1320,834,774,1688306,15880,545814,4788800
1321,783,801,1687523,15862,546615,4354800
1322,813,768,1686710,15907,547383,4811300
1323,802,745,1685908,15964,548128,4805600
1324,781,807,1685127,15938,548935,4749100
1325,821,836,1684306,15923,549771,5361300
1326,817,796,1683489,15944,550567,5219700
1327,876,822,1682613,15998,551389,4513200
1328,810,798,1681803,16010,552187,4816300
1329,836,762,1680967,16084,552949,5331100
1330,841,769,1680126,16156,553718,4676800
1331,844,819,1679282,16181,554537,4918800
1332,790,831,1678492,16140,555368,4907100
1333,793,863,1677699,16070,556231,4865000
1334,783,797,1676916,16056,557028,4999400
1335,806,838,1676110,16024,557866,4509600
1336,874,756,1675236,16142,558622,4687000
1337,854,785,1674382,16211,559407,4880900
1338,853,821,1673529,16243,560228,4960300
1339,817,805,1672712,16255,561033,4621100
1340,789,820,1671923,16224,561853,4649700
1341,849,809,1671074,16264,562662,4963300
1342,848,833,1670226,16279,563495,4541500
1343,818,822,1669408,16275,564317,4861600
1344,834,818,1668574,16291,565135,4448000
1345,866,811,1667708,16346,565946,4960900
1346,774,857,1666934,16263,566803,4932700
1347,842,806,1666092,16299,567609,4597400
1348,826,825,1665266,16300,568434,4588800
1349,816,829,1664450,16287,569263,4563000
1350,795,845,1663655,16237,570108,4524400
1351,815,854,1662840,16198,570962,4820100
1352,867,814,1661973,16251,571776,4555800
1353,825,835,1661148,16241,572611,4620200
1354,876,758,1660272,16359,573369,4693600
1355,847,763,1659425,16443,574132,5180900
1356,846,840,1658579,16449,574972,5179600
1357,861,831,1657718,16479,575803,4664700
1358,819,828,1656899,16470,576631,5017600
1359,831,816,1656068,16485,577447,4950700
1360,857,846,1655211,16496,578293,4834400
1361,829,760,1654382,16565,579053,5050800
1362,874,815,1653508,16624,579868,4725100
1363,814,819,1652694,16619,580687,5067300
1364,832,865,1651862,16586,581552,4431900
1365,826,860,1651036,16552,582412,4674600
1366,808,847,1650228,16513,583259,5015800
1367,829,817,1649399,16525,584076,4730100
1368,791,859,1648608,16457,584935,4858600
1369,849,833,1647759,16473,585768,4377200
1370,794,815,1646965,16452,586583,4768500
1371,813,814,1646152,16451,587397,5183100
1372,817,802,1645335,16466,588199,4484400
1373,795,849,1644540,16412,589048,5092200
1374,852,799,1643688,16465,589847,4889700
1375,801,872,1642887,16394,590719,4893600
1376,827,857,1642060,16364,591576,4523400
1377,819,832,1641241,16351,592408,5105100
1378,797,810,1640444,16338,593218,4602100
1379,796,854,1639648,16280,594072,5081900
1380,809,820,1638839,16269,594892,5191800
1381,779,834,1638060,16214,595726,4604500
1382,845,809,1637215,16250,596535,4886800
1383,782,778,1636433,16254,597313,4933200
1384,794,796,1635639,16252,598109,4643800
1385,811,843,1634828,16220,598952,4828600
1386,799,768,1634029,16251,599720,5170600
1387,790,804,1633239,16237,600524,4567800
1388,832,806,1632407,16263,601330,4942300
1389,763,819,1631644,16207,602149,4903800
1390,826,788,1630818,16245,602937,4970000
1391,786,789,1630032,16242,603726,5018100
1392,803,780,1629229,16265,604506,4474900
1393,765,792,1628464,16238,605298,4842700
1394,804,777,1627660,16265,606075,4771900
1395,787,804,1626873,16248,606879,4431600
1396,833,824,1626040,16257,607703,4739600
1397,782,791,1625258,16248,608494,5253200
1398,807,795,1624451,16260,609289,4857300
1399,808,852,1623643,16216,610141,5022000
1400,751,808,1622892,16159,610949,4647500
1401,805,795,1622087,16169,611744,4903200
1402,809,809,1621278,16169,612553,4455500
1403,831,786,1620447,16214,613339,5152400
1404,849,813,1619598,16250,614152,4747000
1405,874,809,1618724,16315,614961,5100300
1406,803,797,1617921,16321,615758,4553000
1407,814,852,1617107,16283,616610,4860100
1408,815,804,1616292,16294,617414,4625700
1409,794,819,1615498,16269,618233,4802100
1410,745,822,1614753,16192,619055,4876300
1411,806,796,1613947,16202,619851,4950300
1412,785,802,1613162,16185,620653,4872900
1413,762,776,1612400,16171,621429,4863500
1414,787,795,1611613,16163,622224,4904000
1415,774,781,1610839,16156,623005,4811400
1416,793,815,1610046,16134,623820,4511100
1417,802,844,1609244,16092,624664,4639900
1418,788,824,1608456,16056,625488,5011200
1419,763,797,1607693,16022,626285,4977000
1420,829,806,1606864,16045,627091,4668500
1421,762,803,1606102,16004,627894,4572900
1422,801,787,1605301,16018,628681,4476100
1423,764,796,1604537,15986,629477,4763000
1424,789,824,1603748,15951,630301,4538600
1425,812,764,1602936,15999,631065,4422000
1426,811,801,1602125,16009,631866,4599700
1427,791,796,1601334,16004,632662,4522200
1428,788,778,1600546,16014,633440,4833300
1429,795,862,1599751,15947,634302,4893900
1430,796,795,1598955,15948,635097,4710600
1431,800,794,1598155,15954,635891,5189400
1432,796,810,1597359,15940,636701,4803500
1433,752,816,1596607,15876,637517,4676800
1434,756,794,1595851,15838,638311,4696500
1435,794,794,1595057,15838,639105,4593400
1436,837,821,1594220,15854,639926,4534600
1437,802,818,1593418,15838,640744,4752600
1438,799,812,1592619,15825,641556,4524200
1439,796,797,1591823,15824,642353,5112300
1440,760,798,1591063,15786,643151,4727400
1441,773,743,1590290,15816,643894,4566300
1442,786,794,1589504,15808,644688,4699400
1443,820,795,1588684,15833,645483,5252400
1444,806,779,1587878,15860,646262,5339100
1445,823,769,1587055,15914,647031,4710200
1446,804,777,1586251,15941,647808,5358300
1447,796,825,1585455,15912,648633,5115500
1448,813,741,1584642,15984,649374,4598000
1449,795,779,1583847,16000,650153,4886400
1450,785,739,1583062,16046,650892,4639100
1451,828,776,1582234,16098,651668,4544300
1452,786,815,1581448,16069,652483,4932800
1453,799,852,1580649,16016,653335,4856600
1454,815,850,1579834,15981,654185,4856400
1455,750,828,1579084,15903,655013,4454300
1456,760,824,1578324,15839,655837,4620000
1457,789,794,1577535,15834,656631,4545000
1458,758,841,1576777,15751,657472,4641700
1459,759,758,1576018,15752,658230,4497000
1460,773,772,1575245,15753,659002,4458600
1461,791,773,1574454,15771,659775,4571800
1462,820,799,1573634,15792,660574,4625600
1463,763,765,1572871,15790,661339,4370700
1464,789,766,1572082,15813,662105,4428900
1465,791,780,1571291,15824,662885,4982600
1466,803,803,1570488,15824,663688,4368300
1467,767,777,1569721,15814,664465,4379300
1468,771,761,1568950,15824,665226,4699700
1469,848,812,1568102,15860,666038,4572600
1470,825,812,1567277,15873,666850,4531200
1471,828,774,1566449,15927,667624,4991600
1472,797,793,1565652,15931,668417,5197400
1473,789,810,1564863,15910,669227,5136100
1474,774,761,1564089,15923,669988,4901100
1475,773,821,1563316,15875,670809,4453400
1476,797,837,1562519,15835,671646,5074500
1477,808,792,1561711,15851,672438,4557600
1478,750,815,1560961,15786,673253,4430100
1479,814,784,1560147,15816,674037,4557400
1480,745,780,1559402,15781,674817,4499600
1481,773,735,1558629,15819,675552,4513500
1482,798,752,1557831,15865,676304,4899500
1483,754,764,1557077,15855,677068,4546100
1484,775,741,1556302,15889,677809,4936300
1485,757,789,1555545,15857,678598,4899500
1486,782,812,1554763,15827,679410,5124200
1487,766,799,1553997,15794,680209,4932400
1488,788,816,1553209,15766,681025,4603000
1489,759,817,1552450,15708,681842,4775900
1490,770,757,1551680,15721,682599,4473300
1491,770,778,1550910,15713,683377,4488400
1492,726,766,1550184,15673,684143,4562900
1493,783,801,1549401,15655,684944,4515200
1494,765,773,1548636,15647,685717,4734300
1495,760,755,1547876,15652,686472,4482000
1496,733,751,1547143,15634,687223,5190800
1497,776,814,1546367,15596,688037,4766500
1498,785,794,1545582,15587,688831,4588300
1499,774,837,1544808,15524,689668,4567700
1500,729,777,1544079,15476,690445,4569600
1501,760,774,1543319,15462,691219,4997500
1502,747,766,1542572,15443,691985,4809100
1503,745,742,1541827,15446,692727,4616500
1504,772,715,1541055,15503,693442,4531400
1505,759,792,1540296,15470,694234,4451800
1506,769,821,1539527,15418,695055,5143400
1507,793,775,1538734,15436,695830,4800000
1508,743,776,1537991,15403,696606,4649100
1509,742,725,1537249,15420,697331,4899700
1510,798,807,1536451,15411,698138,4576000
1511,768,744,1535683,15435,698882,4687800
1512,787,784,1534896,15438,699666,4509300
1513,731,770,1534165,15399,700436,4519400
1514,690,784,1533475,15305,701220,5050700
1515,776,777,1532699,15304,701997,4634200
1516,744,762,1531955,15286,702759,4725400
1517,769,707,1531186,15348,703466,5027300
1518,809,746,1530377,15411,704212,4437300
1519,750,762,1529627,15399,704974,4687900
1520,804,799,1528823,15404,705773,4912800
1521,738,743,1528085,15399,706516,4925300
1522,745,752,1527340,15392,707268,4676700
1523,787,760,1526553,15419,708028,4505100
1524,742,749,1525811,15412,708777,4424500
1525,744,768,1525067,15388,709545,4820300
1526,777,760,1524290,15405,710305,4594700
1527,806,749,1523484,15462,711054,4955300
1528,779,761,1522705,15480,711815,4727600
1529,757,808,1521948,15429,712623,4830300
1530,810,808,1521138,15431,713431,5070600
1531,794,758,1520344,15467,714189,5055900
1532,794,767,1519550,15494,714956,4914600
1533,757,789,1518793,15462,715745,5256800
1534,792,754,1518001,15500,716499,4607300
1535,762,813,1517239,15449,717312,4613000
1536,757,760,1516482,15446,718072,4513700
1537,818,780,1515664,15484,718852,4915600
1538,793,766,1514871,15511,719618,4390500
1539,811,772,1514060,15550,720390,4662900
1540,787,849,1513273,15488,721239,5018900
1541,767,765,1512506,15490,722004,4501900
1542,739,769,1511767,15460,722773,4501000
1543,822,794,1510945,15488,723567,4953700
1544,808,791,1510137,15505,724358,4743300
1545,812,787,1509325,15530,725145,4859300
1546,783,811,1508542,15502,725956,4791300
1547,808,803,1507734,15507,726759,4914400
1548,733,739,1507001,15501,727498,4855200
1549,790,746,1506211,15545,728244,4495200
1550,737,791,1505474,15491,729035,4630100
1551,787,759,1504687,15519,729794,4516700
1552,786,767,1503901,15538,730561,4962400
1553,750,756,1503151,15532,731317,4709500
1554,791,826,1502360,15497,732143,4543000
1555,787,782,1501573,15502,732925,4851900
1556,766,794,1500807,15474,733719,4962800
1557,731,735,1500076,15470,734454,5112000
1558,748,751,1499328,15467,735205,4828400
1559,787,743,1498541,15511,735948,5134900
1560,828,767,1497713,15572,736715,4613200
1561,765,795,1496948,15542,737510,4903200
1562,768,763,1496180,15547,738273,4741700
1563,758,745,1495422,15560,739018,4743800
1564,799,811,1494623,15548,739829,4671800
1565,748,795,1493875,15501,740624,4461400
1566,808,792,1493067,15517,741416,4420600
1567,785,783,1492282,15519,742199,4604900
1568,797,786,1491485,15530,742985,4642900
1569,783,727,1490702,15586,743712,5194900
1570,779,755,1489923,15610,744467,4564700
1571,797,801,1489126,15606,745268,4458000
1572,831,790,1488295,15647,746058,4821300
1573,734,785,1487561,15596,746843,4773500
1574,803,791,1486758,15608,747634,4536700
1575,824,833,1485934,15599,748467,4759500
1576,780,833,1485154,15546,749300,4903800
1577,759,801,1484395,15504,750101,4681100
1578,817,722,1483578,15599,750823,5138500
1579,798,798,1482780,15599,751621,4693500
1580,799,779,1481981,15619,752400,5193200
1581,802,793,1481179,15628,753193,4642000
1582,790,785,1480389,15633,753978,4683000
1583,832,819,1479557,15646,754797,4996100
1584,787,808,1478770,15625,755605,4759800
1585,762,798,1478008,15589,756403,5170700
1586,765,740,1477243,15614,757143,4905200
1587,827,807,1476416,15634,757950,4836200
1588,760,744,1475656,15650,758694,4766400
1589,803,758,1474853,15695,759452,5078500
1590,804,804,1474049,15695,760256,4658500
1591,823,771,1473226,15747,761027,4864800
1592,911,895,1472315,15763,761922,4504400
1593,819,787,1471496,15795,762709,5112300
1594,782,825,1470714,15752,763534,5104500
1595,794,746,1469920,15800,764280,5303600
1596,792,833,1469128,15759,765113,4636700
1597,777,722,1468351,15814,765835,4903000
1598,820,804,1467531,15830,766639,4858600
1599,801,792,1466730,15839,767431,4737000
1600,822,866,1465908,15795,768297,5024300
1601,820,769,1465088,15846,769066,4688200
1602,834,824,1464254,15856,769890,4517300
1603,782,822,1463472,15816,770712,4975200
1604,798,793,1462674,15821,771505,4542100
1605,805,825,1461869,15801,772330,4407700
1606,777,788,1461092,15790,773118,4760200
1607,750,852,1460342,15688,773970,4903000
1608,796,773,1459546,15711,774743,4636300
1609,811,797,1458735,15725,775540,4545500
1610,767,783,1457968,15709,776323,4663700
1611,819,759,1457149,15769,777082,4947900
1612,796,768,1456353,15797,777850,4771100
1613,823,776,1455530,15844,778626,4888400
1614,803,814,1454727,15833,779440,4848900
1615,785,772,1453942,15846,780212,4602400
1616,764,768,1453178,15842,780980,4690100
1617,789,757,1452389,15874,781737,5009300
1618,813,757,1451576,15930,782494,4480100
1619,833,781,1450743,15982,783275,4899400
1620,785,791,1449958,15976,784066,4600000
1621,773,770,1449185,15979,784836,4976100
1622,829,803,1448356,16005,785639,4927800
1623,759,802,1447597,15962,786441,4487400
1624,820,808,1446777,15974,787249,4755300
1625,781,786,1445996,15969,788035,5266500
1626,783,754,1445213,15998,788789,4576000
1627,773,789,1444440,15982,789578,4884000
1628,761,791,1443679,15952,790369,5070300
1629,779,778,1442900,15953,791147,4562700
1630,820,790,1442080,15983,791937,4576700
1631,773,814,1441307,15942,792751,4702700
1632,807,817,1440500,15932,793568,5446900
1633,734,805,1439766,15861,794373,4686900
1634,749,851,1439017,15759,795224,4766400
1635,797,788,1438220,15768,796012,4971100
1636,788,715,1437432,15841,796727,4715400
1637,784,809,1436648,15816,797536,4557100
1638,796,814,1435852,15798,798350,4615500
1639,799,761,1435053,15836,799111,4844100
1640,729,783,1434324,15782,799894,4572700
1641,778,819,1433546,15741,800713,4972000
1642,773,748,1432773,15766,801461,4608900
1643,755,756,1432018,15765,802217,4597300
1644,801,784,1431217,15782,803001,4824100
1645,772,776,1430445,15778,803777,4909300
1646,766,784,1429679,15760,804561,5078600
1647,767,814,1428912,15713,805375,4545300
1648,799,745,1428113,15767,806120,4844400
1649,803,810,1427310,15760,806930,5139900
1650,804,833,1426506,15731,807763,4680500
1651,730,793,1425776,15668,808556,4711400
1652,803,778,1424973,15693,809334,4701100
1653,739,782,1424234,15650,810116,4904000
1654,726,789,1423508,15587,810905,4686300
1655,773,765,1422735,15595,811670,4664800
1656,781,794,1421954,15582,812464,4954200
1657,860,765,1421094,15677,813229,4896500
1658,757,739,1420337,15695,813968,4798800
1659,791,777,1419546,15709,814745,4767400
1660,808,777,1418738,15740,815522,4817000
1661,845,785,1417893,15800,816307,4399600
1662,792,842,1417101,15750,817149,5007500
1663,812,777,1416289,15785,817926,4392000
1664,814,804,1415475,15795,818730,4475900
1665,845,784,1414630,15856,819514,4660000
1666,865,797,1413765,15924,820311,4897200
1667,849,742,1412916,16031,821053,4467400
1668,859,778,1412057,16112,821831,4993200
1669,817,796,1411240,16133,822627,4507800
1670,812,800,1410428,16145,823427,4617300
1671,794,797,1409634,16142,824224,5151600
1672,846,861,1408788,16127,825085,5223500
1673,871,815,1407917,16183,825900,4915200
1674,815,804,1407102,16194,826704,5225000
1675,799,784,1406303,16209,827488,4590500
1676,765,808,1405538,16166,828296,4446600
1677,773,774,1404765,16165,829070,4528200
1678,802,749,1403963,16218,829819,4998300
1679,767,817,1403196,16168,830636,4536500
1680,806,800,1402390,16174,831436,4380400
1681,800,765,1401590,16209,832201,4690400
1682,757,796,1400833,16170,832997,4518100
1683,806,800,1400027,16176,833797,4714700
1684,765,846,1399262,16095,834643,4506800
1685,756,824,1398506,16027,835467,4466300
1686,756,805,1397750,15978,836272,4574600
1687,775,835,1396975,15918,837107,5089000
1688,775,777,1396200,15916,837884,4803700
1689,790,759,1395410,15947,838643,4543700
1690,751,810,1394659,15888,839453,4565600
1691,742,797,1393917,15833,840250,4858100
1692,768,808,1393149,15793,841058,5071800
1693,804,786,1392345,15811,841844,4963800
1694,820,794,1391525,15837,842638,4521300
1695,756,796,1390769,15797,843434,4753100
1696,760,805,1390009,15752,844239,4388300
1697,764,753,1389245,15763,844992,5289900
1698,759,757,1388486,15765,845749,4852700
1699,830,829,1387656,15766,846578,5009500
1700,805,776,1386851,15795,847354,4591300
1701,803,752,1386048,15846,848106,4867600
1702,813,757,1385235,15902,848863,4840600
1703,751,771,1384484,15882,849634,5098300
1704,795,760,1383689,15917,850394,5259000
1705,814,786,1382875,15945,851180,4812800
1706,768,827,1382107,15886,852007,4848800
1707,793,805,1381314,15874,852812,4756100
1708,783,770,1380531,15887,853582,4629100
1709,828,787,1379703,15928,854369,4841000
1710,827,800,1378876,15955,855169,4518800
1711,785,800,1378091,15940,855969,4978800
1712,770,826,1377321,15884,856795,4684300
1713,854,812,1376467,15926,857607,4582900
1714,824,754,1375643,15996,858361,4641200
1715,800,799,1374843,15997,859160,5242900
1716,788,833,1374055,15952,859993,4531100
1717,775,820,1373280,15907,860813,4672200
1718,810,763,1372470,15954,861576,5122200
1719,763,785,1371707,15932,862361,4893800
1720,777,782,1370930,15927,863143,4934700
1721,756,809,1370174,15874,863952,4968900
1722,740,814,1369434,15800,864766,4759800
1723,765,767,1368669,15798,865533,4515200
1724,734,827,1367935,15705,866360,4939900
1725,707,797,1367228,15615,867157,4563900
1726,786,764,1366442,15637,867921,4528700
1727,780,770,1365662,15647,868691,4806100
1728,748,690,1364914,15705,869381,4823100
1729,751,813,1364163,15643,870194,4662500
1730,778,769,1363385,15652,870963,4597200
1731,782,769,1362603,15665,871732,4455800
1732,772,764,1361831,15673,872496,4702300
1733,756,796,1361075,15633,873292,4636800
1734,747,788,1360328,15592,874080,4891300
1735,771,766,1359557,15597,874846,4622000
1736,777,803,1358780,15571,875649,4939800
1737,808,744,1357972,15635,876393,4576800
1738,792,821,1357180,15606,877214,4448400
1739,789,790,1356391,15605,878004,4423400
1740,785,774,1355606,15616,878778,4722100
1741,812,749,1354794,15679,879527,4946100
1742,811,755,1353983,15735,880282,4755400
1743,755,813,1353228,15677,881095,4859400
1744,738,764,1352490,15651,881859,4748400
1745,780,781,1351710,15650,882640,4517600
1746,759,773,1350951,15636,883413,5016500
1747,730,786,1350221,15580,884199,5017300
1748,764,789,1349457,15555,884988,4969700
1749,757,767,1348700,15545,885755,5009000
1750,735,773,1347965,15507,886528,5380200
1751,754,784,1347211,15477,887312,5308500
1752,773,827,1346438,15423,888139,4556400
1753,775,723,1345663,15475,888862,5010200
1754,797,795,1344866,15477,889657,5023400
1755,726,753,1344140,15450,890410,4738000
1756,751,725,1343389,15476,891135,5150500
1757,791,743,1342598,15524,891878,4848200
1758,777,801,1341821,15500,892679,4908200
1759,733,800,1341088,15433,893479,4563200
1760,754,811,1340334,15376,894290,4802200
1761,756,813,1339578,15319,895103,4564200
1762,757,799,1338821,15277,895902,4537700
1763,791,771,1338030,15297,896673,4836100
1764,801,739,1337229,15359,897412,4964800
1765,758,732,1336471,15385,898144,4661700
1766,785,803,1335686,15367,898947,4710100
1767,796,782,1334890,15381,899729,4669100
1768,721,777,1334169,15325,900506,4894800
1769,782,784,1333387,15323,901290,5047100
1770,793,733,1332594,15383,902023,4500100
1771,788,795,1331806,15376,902818,4419500
1772,768,761,1331038,15383,903579,4710100
1773,707,786,1330331,15304,904365,4668000
1774,742,777,1329589,15269,905142,4442400
1775,717,705,1328872,15281,905847,4669600
1776,773,781,1328099,15273,906628,4941100
1777,758,798,1327341,15233,907426,4785200
1778,793,748,1326548,15278,908174,5287900
1779,744,773,1325804,15249,908947,5068400
1780,711,766,1325093,15194,909713,4719200
1781,772,754,1324321,15212,910467,5207900
1782,735,764,1323586,15183,911231,4670000
1783,742,745,1322844,15180,911976,4697200
1784,736,725,1322108,15191,912701,4512000
1785,746,766,1321362,15171,913467,4858200
1786,713,783,1320649,15101,914250,4474300
1787,703,712,1319946,15092,914962,4562700
1788,751,756,1319195,15087,915718,4588100
1789,746,791,1318449,15042,916509,4509200
1790,804,713,1317645,15133,917222,4520900
1791,775,731,1316870,15177,917953,4877600
1792,769,727,1316101,15219,918680,4764300
1793,740,740,1315361,15219,919420,4626600
1794,753,787,1314608,15185,920207,4456200
1795,749,763,1313859,15171,920970,4446300
1796,738,742,1313121,15167,921712,4959000
1797,729,824,1312392,15072,922536,4492900
1798,754,736,1311638,15090,923272,5041800
1799,784,787,1310854,15087,924059,5029100
1800,751,792,1310103,15046,924851,4550000
1801,717,783,1309386,14980,925634,4694800
1802,782,719,1308604,15043,926353,5281600
1803,747,734,1307857,15056,927087,4692700
1804,778,767,1307079,15067,927854,4595500
1805,742,754,1306337,15055,928608,4595500
1806,738,807,1305599,14986,929415,4603800
1807,742,788,1304857,14940,930203,4946900
1808,656,796,1304201,14800,930999,4873800
1809,728,722,1303473,14806,931721,4765700
1810,692,759,1302781,14739,932480,4531700
1811,736,755,1302045,14720,933235,4986900
1812,741,757,1301304,14704,933992,5102600
1813,723,749,1300581,14678,934741,4629500
1814,709,725,1299872,14662,935466,4669700
1815,707,763,1299165,14606,936229,4472100
1816,732,725,1298433,14613,936954,4458700
1817,768,726,1297665,14655,937680,4867300
1818,684,744,1296981,14595,938424,4665500
1819,692,710,1296289,14577,939134,5013500
1820,706,762,1295583,14521,939896,4958300
1821,730,730,1294853,14521,940626,5307000
1822,692,761,1294161,14452,941387,4960000
1823,728,741,1293433,14439,942128,4775600
1824,721,721,1292712,14439,942849,4916700
1825,686,725,1292026,14400,943574,4697900
1826,741,748,1291285,14393,944322,4575000
1827,698,710,1290587,14381,945032,4670200
1828,707,703,1289880,14385,945735,4765200
1829,700,715,1289180,14370,946450,5026200
1830,679,710,1288501,14339,947160,4993200
1831,685,719,1287816,14305,947879,4381900
1832,658,703,1287158,14260,948582,4772000
1833,669,736,1286489,14193,949318,4647700
1834,712,732,1285777,14173,950050,4897200
1835,669,687,1285108,14155,950737,4547900
1836,706,708,1284402,14153,951445,5010200
1837,687,699,1283715,14141,952144,4539000
1838,666,684,1283049,14123,952828,4486300
1839,706,642,1282343,14187,953470,4624200
1840,706,702,1281637,14191,954172,4707200
1841,685,751,1280952,14125,954923,4920800
1842,688,660,1280264,14153,955583,4863600
1843,679,714,1279585,14118,956297,4877400
1844,661,686,1278924,14093,956983,4530400
1845,684,728,1278240,14049,957711,4639400
1846,699,695,1277541,14053,958406,5030100
1847,675,731,1276866,13997,959137,4976000
1848,687,728,1276179,13956,959865,4499000
1849,707,693,1275472,13970,960558,4758100
1850,698,767,1274774,13901,961325,4685700
1851,654,696,1274120,13859,962021,4793200
1852,663,667,1273457,13855,962688,4441700
1853,715,661,1272742,13909,963349,4500500
1854,662,710,1272080,13861,964059,4567300
1855,722,669,1271358,13914,964728,4962300
1856,698,685,1270660,13927,965413,4889800
1857,730,647,1269930,14010,966060,4900000
1858,723,721,1269207,14012,966781,4531600
1859,728,692,1268479,14048,967473,4817500
1860,712,683,1267767,14077,968156,4501600
1861,673,763,1267094,13987,968919,4515200
1862,664,736,1266430,13915,969655,4720900
1863,656,716,1265774,13855,970371,4622500
1864,686,681,1265088,13860,971052,4624800
1865,730,679,1264358,13911,971731,4566300
1866,696,739,1263662,13868,972470,4582200
1867,692,630,1262970,13930,973100,4487400
1868,633,729,1262337,13834,973829,4765900
1869,674,675,1261663,13833,974504,4644500
1870,681,655,1260982,13859,975159,4704300
1871,679,714,1260303,13824,975873,4535600
1872,649,656,1259654,13817,976529,4565900
1873,677,652,1258977,13842,977181,4575600
1874,685,722,1258292,13805,977903,4672400
1875,675,719,1257617,13761,978622,5141200
1876,674,660,1256943,13775,979282,4895300
1877,660,739,1256283,13696,980021,4718500
1878,706,655,1255577,13747,980676,5316400
1879,645,717,1254932,13675,981393,4666700
1880,705,664,1254227,13716,982057,4463400
1881,699,682,1253528,13733,982739,4384800
1882,724,691,1252804,13766,983430,4851100
1883,708,696,1252096,13778,984126,5065300
1884,686,692,1251410,13772,984818,4656500
1885,694,705,1250716,13761,985523,5048600
1886,654,714,1250062,13701,986237,5027800
1887,679,667,1249383,13713,986904,5103700
1888,706,671,1248677,13748,987575,4686300
1889,702,650,1247975,13800,988225,4625200
1890,689,665,1247286,13824,988890,4607400
1891,682,730,1246604,13776,989620,4437600
1892,687,670,1245917,13793,990290,4556800
1893,689,702,1245228,13780,990992,4815900
1894,684,722,1244544,13742,991714,4615700
1895,720,644,1243824,13818,992358,5029800
1896,691,706,1243133,13803,993064,4849000
1897,686,728,1242447,13761,993792,4566900
1898,705,718,1241742,13748,994510,4640500
1899,719,694,1241023,13773,995204,4578500
1900,688,654,1240335,13807,995858,4735000
1901,673,701,1239662,13779,996559,4825400
1902,652,659,1239010,13772,997218,4638200
1903,680,683,1238330,13769,997901,4740800
1904,721,713,1237609,13777,998614,4801900
1905,688,673,1236921,13792,999287,5219200
1906,688,624,1236233,13856,999911,4722500
1907,679,643,1235554,13892,1000554,4829400
1908,682,632,1234872,13942,1001186,4866300
1909,719,658,1234153,14003,1001844,4622400
1910,718,703,1233435,14018,1002547,4503000
1911,673,691,1232762,14000,1003238,4341200
1912,686,689,1232076,13997,1003927,4835400
1913,685,690,1231391,13992,1004617,4647100
1914,685,734,1230706,13943,1005351,4852000
1915,669,698,1230037,13914,1006049,5126900
1916,662,676,1229375,13900,1006725,4875700
1917,659,680,1228716,13879,1007405,4621000
1918,741,646,1227975,13974,1008051,4752100
1919,692,662,1227283,14004,1008713,5140300
1920,682,698,1226601,13988,1009411,4396100
1921,702,691,1225899,13999,1010102,5083800
1922,687,702,1225212,13984,1010804,4819400
1923,718,715,1224494,13987,1011519,4666100
1924,727,720,1223767,13994,1012239,4914100
1925,688,743,1223079,13939,1012982,4458600
1926,674,686,1222405,13927,1013668,5206500
1927,705,694,1221700,13938,1014362,4949200
1928,708,662,1220992,13984,1015024,4579900
1929,718,702,1220274,14000,1015726,4676800
1930,649,664,1219625,13985,1016390,4326800
1931,684,682,1218941,13987,1017072,4782700
1932,645,735,1218296,13897,1017807,4745400
1933,683,701,1217613,13879,1018508,4443200
1934,681,721,1216932,13839,1019229,4844900
1935,693,680,1216239,13852,1019909,4697000
1936,677,673,1215562,13856,1020582,4846200
1937,691,683,1214871,13864,1021265,5116900
1938,671,689,1214200,13846,1021954,38988300
1939,700,689,1213500,13857,1022643,5235300
1940,688,656,1212812,13889,1023299,5149400
1941,659,697,1212153,13851,1023996,5377200
1942,662,719,1211491,13794,1024715,4671200
1943,625,732,1210866,13687,1025447,4862900
1944,661,703,1210205,13645,1026150,4806600
1945,670,694,1209535,13621,1026844,4713800
1946,702,678,1208833,13645,1027522,4558700
1947,701,667,1208132,13679,1028189,4561300
1948,644,694,1207488,13629,1028883,4589700
1949,640,670,1206848,13599,1029553,4568600
1950,672,701,1206176,13570,1030254,5061900
1951,656,694,1205520,13532,1030948,4687600
1952,632,683,1204888,13481,1031631,4989000
1953,659,650,1204229,13490,1032281,4658000
1954,674,672,1203555,13492,1032953,4656600
1955,673,674,1202882,13491,1033627,4652300
1956,644,659,1202238,13476,1034286,5120600
1957,619,703,1201619,13392,1034989,5395500
1958,667,684,1200952,13375,1035673,5021900
1959,649,677,1200303,13347,1036350,4656700
1960,666,672,1199637,13341,1037022,4625300
1961,693,719,1198944,13315,1037741,5157800
1962,652,686,1198292,13281,1038427,4723700
1963,626,667,1197666,13240,1039094,5298200
1964,674,599,1196992,13315,1039693,5195300
1965,693,691,1196299,13317,1040384,4735400
1966,681,644,1195618,13354,1041028,4648000
1967,677,633,1194941,13398,1041661,4628100
1968,662,606,1194279,13454,1042267,4597800
1969,683,681,1193596,13456,1042948,4692500
1970,685,689,1192911,13452,1043637,4631800
1971,610,665,1192301,13397,1044302,4753900
1972,664,628,1191637,13433,1044930,4644900
1973,654,672,1190983,13415,1045602,4672100
1974,648,720,1190335,13343,1046322,4636800
1975,645,667,1189690,13321,1046989,4944800
1976,634,697,1189056,13258,1047686,4671100
1977,695,671,1188361,13282,1048357,4751400
1978,654,639,1187707,13297,1048996,4507400
1979,639,669,1187068,13267,1049665,4607100
1980,624,629,1186444,13262,1050294,4684700
1981,647,708,1185797,13201,1051002,4893900
1982,649,671,1185148,13179,1051673,5320800
1983,679,607,1184469,13251,1052280,4795300
1984,695,701,1183774,13245,1052981,4761800
1985,658,643,1183116,13260,1053624,5319400
1986,683,660,1182433,13283,1054284,5093000
1987,668,659,1181765,13292,1054943,4716200
1988,688,643,1181077,13337,1055586,5242100
1989,700,700,1180377,13337,1056286,4982300
1990,682,675,1179695,13344,1056961,5100300
1991,617,645,1179078,13316,1057606,5045600
1992,678,670,1178400,13324,1058276,4966700
1993,681,644,1177719,13361,1058920,4856800
1994,661,648,1177058,13374,1059568,4735100
1995,681,691,1176377,13364,1060259,4701900
1996,655,732,1175722,13287,1060991,5184300
1997,659,674,1175063,13272,1061665,4700000
1998,650,673,1174413,13249,1062338,4817000
1999,666,706,1173747,13209,1063044,4890000
2000,619,675,1173128,13153,1063719,4673800
2001,673,603,1172455,13223,1064322,4611000
2002,676,652,1171779,13247,1064974,4996900
2003,662,686,1171117,13223,1065660,5184300
2004,682,642,1170435,13263,1066302,4623600
2005,645,657,1169790,13251,1066959,4792100
2006,705,690,1169085,13266,1067649,4788500
2007,625,655,1168460,13236,1068304,5281600
2008,636,697,1167824,13175,1069001,5099500
2009,658,662,1167166,13171,1069663,5291400
2010,659,648,1166507,13182,1070311,4838000
2011,662,703,1165845,13141,1071014,4648100
2012,682,649,1165163,13174,1071663,4525700
2013,671,708,1164492,13137,1072371,4898900
2014,618,646,1163874,13109,1073017,4383200
2015,671,666,1163203,13114,1073683,4740600
2016,672,673,1162531,13113,1074356,4896100
2017,680,682,1161851,13111,1075038,4941300
2018,685,651,1161166,13145,1075689,5044500
2019,652,666,1160514,13131,1076355,4902000
2020,664,652,1159850,13143,1077007,4808500
2021,686,667,1159164,13162,1077674,4632500
2022,664,671,1158500,13155,1078345,4787800
2023,652,647,1157848,13160,1078992,4992400
2024,661,647,1157187,13174,1079639,5353300
2025,653,632,1156534,13195,1080271,4486300
2026,703,691,1155831,13207,1080962,5074200
2027,669,671,1155162,13205,1081633,5027300
2028,643,635,1154519,13213,1082268,4832500
2029,647,632,1153872,13228,1082900,5001500
2030,682,688,1153190,13222,1083588,4955300
2031,685,647,1152505,13260,1084235,4736800
2032,665,611,1151840,13314,1084846,4832600
2033,621,667,1151219,13268,1085513,5013200
2034,636,692,1150583,13212,1086205,4672300
2035,700,690,1149883,13222,1086895,5369900
2036,664,654,1149219,13232,1087549,4862500
2037,646,672,1148573,13206,1088221,5284600
2038,608,630,1147965,13184,1088851,4574200
2039,645,652,1147320,13177,1089503,5073800
2040,684,635,1146636,13226,1090138,4963100
2041,630,629,1146006,13227,1090767,5221700
2042,638,639,1145368,13226,1091406,4890900
2043,629,676,1144739,13179,1092082,4879000
2044,716,724,1144023,13171,1092806,4871800
2045,627,687,1143396,13111,1093493,5231800
2046,625,646,1142771,13090,1094139,4905300
2047,633,618,1142138,13105,1094757,4870900
2048,628,661,1141510,13072,1095418,5040100
2049,634,708,1140876,12998,1096126,5001500
2050,650,573,1140226,13075,1096699,4474800
2051,635,682,1139591,13028,1097381,5164600
2052,703,643,1138888,13088,1098024,4723000
2053,619,672,1138269,13035,1098696,4981500
2054,640,651,1137629,13024,1099347,4815200
2055,661,634,1136968,13051,1099981,4644500
2056,619,611,1136349,13059,1100592,4772300
2057,634,672,1135715,13021,1101264,4679000
2058,647,630,1135068,13038,1101894,4654300
2059,624,668,1134444,12994,1102562,4675800
2060,664,639,1133780,13019,1103201,4811100
2061,639,679,1133141,12979,1103880,4962800
2062,638,615,1132503,13002,1104495,4573200
2063,636,616,1131867,13022,1105111,4745000
2064,639,673,1131228,12988,1105784,4857100
2065,613,688,1130615,12913,1106472,5068200
2066,622,655,1129993,12880,1107127,4966600
2067,688,611,1129305,12957,1107738,5003800
2068,640,622,1128665,12975,1108360,5597500
2069,645,652,1128020,12968,1109012,5109800
2070,657,695,1127363,12930,1109707,4838800
2071,622,646,1126741,12906,1110353,4794800
2072,622,633,1126119,12895,1110986,5334100
2073,677,620,1125442,12952,1111606,4984100
2074,635,600,1124807,12987,1112206,4815000
2075,609,645,1124198,12951,1112851,4629500
2076,597,654,1123601,12894,1113505,4851700
2077,591,621,1123010,12864,1114126,4752500
2078,632,625,1122378,12871,1114751,5401000
2079,688,628,1121690,12931,1115379,4618700
2080,704,626,1120986,13009,1116005,5043300
2081,608,680,1120378,12937,1116685,4580200
2082,635,595,1119743,12977,1117280,4568000
2083,647,642,1119096,12982,1117922,4434000
2084,679,654,1118417,13007,1118576,4685600
2085,686,645,1117731,13048,1119221,4820600
2086,688,611,1117043,13125,1119832,4712000
2087,648,647,1116395,13126,1120479,5048800
2088,634,698,1115761,13062,1121177,5131700
2089,710,641,1115051,13131,1121818,4719900
2090,655,654,1114396,13132,1122472,4688400
2091,641,627,1113755,13146,1123099,4661000
2092,676,667,1113079,13155,1123766,4426900
2093,641,702,1112438,13094,1124468,4833900
2094,644,627,1111794,13111,1125095,5151000
2095,654,643,1111140,13122,1125738,4481700
2096,641,679,1110499,13084,1126417,5107200
2097,638,611,1109861,13111,1127028,4935700
2098,632,646,1109229,13097,1127674,4982200
2099,636,655,1108593,13078,1128329,5219400
2100,621,649,1107972,13050,1128978,4633900
2101,629,620,1107343,13059,1129598,4633100
2102,643,663,1106700,13039,1130261,5274500
2103,650,667,1106050,13022,1130928,4891600
2104,637,654,1105413,13005,1131582,4487000
2105,669,671,1104744,13003,1132253,4857300
2106,667,665,1104077,13005,1132918,4973100
2107,681,648,1103396,13038,1133566,4664800
2108,678,642,1102718,13074,1134208,4996100
2109,653,630,1102065,13097,1134838,4506200
2110,677,677,1101388,13097,1135515,4834700
2111,673,652,1100715,13118,1136167,4969900
2112,674,661,1100041,13131,1136828,4701100
2113,602,656,1099439,13077,1137484,4721700
2114,642,653,1098797,13066,1138137,4877500
2115,649,667,1098148,13048,1138804,4448300
2116,591,667,1097557,12972,1139471,5177000
2117,679,637,1096878,13014,1140108,4888300
2118,655,627,1096223,13042,1140735,4932700
2119,638,675,1095585,13005,1141410,4884700
2120,659,617,1094926,13047,1142027,4489700
2121,632,646,1094294,13033,1142673,4870400
2122,621,640,1093673,13014,1143313,4872100
2123,632,663,1093041,12983,1143976,5327500
2124,642,614,1092399,13011,1144590,4645700
2125,627,638,1091772,13000,1145228,4918900
2126,613,659,1091159,12954,1145887,4963400
2127,595,668,1090564,12881,1146555,4510200
2128,656,621,1089908,12916,1147176,4538000
2129,663,643,1089245,12936,1147819,5202000
2130,644,654,1088601,12926,1148473,4625900
2131,666,616,1087935,12976,1149089,5112100
2132,682,638,1087253,13020,1149727,4915800
2133,660,629,1086593,13051,1150356,4773100
2134,628,642,1085965,13037,1150998,4834000
2135,591,674,1085374,12954,1151672,4484700
2136,609,642,1084765,12921,1152314,4752500
2137,653,679,1084112,12895,1152993,4899400
2138,631,649,1083481,12877,1153642,4963200
2139,643,666,1082838,12854,1154308,4645000
2140,634,610,1082204,12878,1154918,4972800
2141,632,624,1081572,12886,1155542,4736900
2142,628,659,1080944,12855,1156201,4360000
2143,642,664,1080302,12833,1156865,5214600
2144,653,642,1079649,12844,1157507,4803200
2145,666,609,1078983,12901,1158116,4698600
2146,656,684,1078327,12873,1158800,4839100
2147,685,672,1077642,12886,1159472,4932300
2148,650,633,1076992,12903,1160105,4800200
2149,689,636,1076303,12956,1160741,4901300
2150,633,634,1075670,12955,1161375,5289700
2151,691,613,1074979,13033,1161988,5239500
2152,657,635,1074322,13055,1162623,4720600
2153,666,664,1073656,13057,1163287,4596800
2154,681,674,1072975,13064,1163961,4996200
2155,664,649,1072311,13079,1164610,4897000
2156,652,621,1071659,13110,1165231,4752000
2157,594,629,1071065,13075,1165860,4844800
2158,677,590,1070388,13162,1166450,4642200
2159,687,689,1069701,13160,1167139,4479200
2160,684,695,1069017,13149,1167834,4832000
2161,656,672,1068361,13133,1168506,4864400
2162,633,635,1067728,13131,1169141,4448500
2163,640,659,1067088,13112,1169800,4400300
2164,645,662,1066443,13095,1170462,4618500
2165,653,715,1065790,13033,1171177,5124700
2166,683,640,1065107,13076,1171817,4466900
2167,644,659,1064463,13061,1172476,4839500
2168,682,654,1063781,13089,1173130,4758300
2169,648,597,1063133,13140,1173727,4485200
2170,670,631,1062463,13179,1174358,5105700
2171,638,637,1061825,13180,1174995,4771900
2172,703,647,1061122,13236,1175642,4970200
2173,680,642,1060442,13274,1176284,5213500
2174,615,630,1059827,13259,1176914,5097400
2175,628,690,1059199,13197,1177604,5072100
2176,649,701,1058550,13145,1178305,5000400
2177,652,685,1057898,13112,1178990,5350900
2178,642,685,1057256,13069,1179675,4846400
2179,654,673,1056602,13050,1180348,4706700
2180,649,657,1055953,13042,1181005,4915100
2181,628,668,1055325,13002,1181673,4758100
2182,635,629,1054690,13008,1182302,4874600
2183,664,620,1054026,13052,1182922,4893900
2184,638,642,1053388,13048,1183564,4864000
2185,627,673,1052761,13002,1184237,4746700
2186,680,669,1052081,13013,1184906,4999000
2187,622,651,1051459,12984,1185557,4581600
2188,638,679,1050821,12943,1186236,4595800
2189,639,631,1050182,12951,1186867,5233400
2190,577,584,1049605,12944,1187451,4613200
2191,622,671,1048983,12895,1188122,5113700
2192,609,612,1048374,12892,1188734,5507700
2193,616,639,1047758,12869,1189373,4681800
2194,586,663,1047172,12792,1190036,4491200
2195,622,623,1046550,12791,1190659,5088100
2196,644,690,1045906,12745,1191349,4988300
2197,633,629,1045273,12749,1191978,4648900
2198,651,690,1044622,12710,1192668,4619100
2199,678,653,1043944,12735,1193321,4714800
2200,613,631,1043331,12717,1193952,4693300
2201,629,612,1042702,12734,1194564,4993200
2202,616,619,1042086,12731,1195183,5412200
2203,623,620,1041463,12734,1195803,5081300
2204,634,632,1040829,12736,1196435,5446700
2205,643,636,1040186,12743,1197071,5505300
2206,651,625,1039535,12769,1197696,4976600
2207,627,628,1038908,12768,1198324,4922600
2208,656,688,1038252,12736,1199012,5358000
2209,646,615,1037606,12767,1199627,4970300
2210,667,661,1036939,12773,1200288,5058700
2211,655,623,1036284,12805,1200911,4963400
2212,662,617,1035622,12850,1201528,5381700
2213,652,623,1034970,12879,1202151,5162500
2214,676,667,1034294,12888,1202818,4810100
2215,682,627,1033612,12943,1203445,4766400
2216,668,628,1032944,12983,1204073,4712900
2217,612,623,1032332,12972,1204696,4710400
2218,642,683,1031690,12931,1205379,4818100
2219,661,636,1031029,12956,1206015,4908900
2220,658,667,1030371,12947,1206682,4835400
2221,715,642,1029656,13020,1207324,4443400
2222,677,683,1028979,13014,1208007,4515500
2223,662,627,1028317,13049,1208634,5064100
2224,636,651,1027681,13034,1209285,5017700
2225,629,656,1027052,13007,1209941,5284200
2226,651,686,1026401,12972,1210627,4782600
2227,659,642,1025742,12989,1211269,4661400
2228,642,642,1025100,12989,1211911,4759100
2229,655,652,1024445,12992,1212563,4891900
2230,650,668,1023795,12974,1213231,5062100
2231,674,678,1023121,12970,1213909,4670700
2232,654,661,1022467,12963,1214570,4877000
2233,660,661,1021807,12962,1215231,4377500
2234,661,636,1021146,12987,1215867,4381600
2235,660,648,1020486,12999,1216515,4801500
2236,638,669,1019848,12968,1217184,4816500
2237,639,637,1019209,12970,1217821,4601800
2238,672,613,1018537,13029,1218434,4610800
2239,667,663,1017870,13033,1219097,5001400
2240,667,634,1017203,13066,1219731,4789600
2241,667,655,1016536,13078,1220386,4586500
2242,660,617,1015876,13121,1221003,4840100
2243,651,651,1015225,13121,1221654,4754300
2244,613,639,1014612,13095,1222293,4762400
2245,592,645,1014020,13042,1222938,4588500
2246,654,656,1013366,13040,1223594,5161900
2247,637,634,1012729,13043,1224228,4706800
2248,601,663,1012128,12981,1224891,4984100
2249,632,620,1011496,12993,1225511,4908600
2250,611,688,1010885,12916,1226199,5051300
2251,604,675,1010281,12845,1226874,4548900
2252,601,640,1009680,12806,1227514,5124900
2253,607,684,1009073,12729,1228198,4746900
2254,637,661,1008436,12705,1228859,4886900
2255,613,606,1007823,12712,1229465,4768000
2256,660,631,1007163,12741,1230096,4740500
2257,672,590,1006491,12823,1230686,5285500
2258,600,680,1005891,12743,1231366,4748600
2259,628,641,1005263,12730,1232007,4688900
2260,628,659,1004635,12699,1232666,5269300
2261,581,622,1004054,12658,1233288,4544000
2262,622,670,1003432,12610,1233958,5025300
2263,666,632,1002766,12644,1234590,4660100
2264,635,601,1002131,12678,1235191,4679400
2265,640,622,1001491,12696,1235813,4986100
2266,617,643,1000874,12670,1236456,5018100
2267,598,655,1000276,12613,1237111,4930700
2268,590,630,999686,12573,1237741,4553100
2269,601,661,999085,12513,1238402,5373700
2270,624,612,998461,12525,1239014,4846800
2271,632,636,997829,12521,1239650,5320800
2272,631,583,997198,12569,1240233,5157300
2273,602,621,996596,12550,1240854,4461300
2274,580,601,996016,12529,1241455,5074000
2275,595,613,995421,12511,1242068,4400100
2276,585,639,994836,12457,1242707,5228200
2277,623,613,994213,12467,1243320,5129600
2278,641,633,993572,12475,1243953,4845700
2279,661,621,992911,12515,1244574,4739200
2280,630,615,992281,12530,1245189,4681900
2281,628,628,991653,12530,1245817,4665600
2282,643,627,991010,12546,1246444,4746200
2283,628,590,990382,12584,1247034,5005700
2284,643,576,989739,12651,1247610,5478700
2285,598,658,989141,12591,1248268,4957300
2286,635,694,988506,12532,1248962,4745000
2287,641,624,987865,12549,1249586,4533500
2288,619,621,987246,12547,1250207,4636800
2289,632,615,986614,12564,1250822,5004300
2290,607,664,986007,12507,1251486,4531400
2291,630,679,985377,12458,1252165,4795600
2292,637,635,984740,12460,1252800,4732100
2293,608,603,984132,12465,1253403,5013800
2294,596,609,983536,12452,1254012,5013300
2295,649,649,982887,12452,1254661,4834700
2296,635,632,982252,12455,1255293,5280900
2297,639,645,981613,12449,1255938,4759700
2298,628,617,980985,12460,1256555,5285300
2299,586,708,980399,12338,1257263,4602000
2300,638,650,979761,12326,1257913,5004100
2301,585,602,979176,12309,1258515,5134400
2302,624,622,978552,12311,1259137,4410400
2303,634,578,977918,12367,1259715,5667700
2304,568,645,977350,12290,1260360,4823400
2305,622,636,976728,12276,1260996,4446000
2306,664,619,976064,12321,1261615,5092500
2307,610,599,975454,12332,1262214,4737500
2308,638,608,974816,12362,1262822,5099000
2309,610,600,974206,12372,1263422,5179500
2310,596,626,973610,12342,1264048,4625400
2311,613,629,972997,12326,1264677,5057900
2312,592,638,972405,12280,1265315,4422100
2313,669,608,971736,12341,1265923,4635800
2314,654,639,971082,12356,1266562,4681500
2315,593,584,970489,12365,1267146,4733000
2316,616,629,969873,12352,1267775,4901100
2317,614,614,969259,12352,1268389,5111000
2318,619,607,968640,12364,1268996,4896800
2319,589,569,968051,12384,1269565,4681300
2320,623,616,967428,12391,1270181,5048500
2321,670,632,966758,12429,1270813,4910200
2322,614,602,966144,12441,1271415,5196300
2323,631,637,965513,12435,1272052,5392000
2324,653,656,964860,12432,1272708,4878000
2325,623,637,964237,12418,1273345,4677400
2326,622,611,963615,12429,1273956,4675700
2327,630,640,962985,12419,1274596,4513700
2328,604,562,962381,12461,1275158,5148300
2329,687,581,961694,12567,1275739,4622200
2330,695,611,960999,12651,1276350,5051900
2331,681,637,960318,12695,1276987,5278000
2332,638,613,959680,12720,1277600,4546400
2333,694,658,958986,12756,1278258,4863600
2334,666,661,958320,12761,1278919,4735800
2335,657,614,957663,12804,1279533,5248000
2336,675,636,956988,12843,1280169,4776300
2337,643,638,956345,12848,1280807,4996000
2338,637,646,955708,12839,1281453,4924600
2339,654,633,955054,12860,1282086,4778400
2340,671,641,954383,12890,1282727,4378800
2341,634,680,953749,12844,1283407,4546200
2342,675,668,953074,12851,1284075,4684100
2343,656,683,952418,12824,1284758,4999400
2344,668,655,951750,12837,1285413,4581300
2345,670,669,951080,12838,1286082,5000000
2346,669,666,950411,12841,1286748,5060400
2347,625,652,949786,12814,1287400,5084500
2348,639,649,949147,12804,1288049,4732400
2349,603,612,948544,12795,1288661,5005100
2350,609,594,947935,12810,1289255,4691300
2351,642,616,947293,12836,1289871,5102000
2352,595,665,946698,12766,1290536,4761700
2353,648,582,946050,12832,1291118,5130300
2354,637,642,945413,12827,1291760,5009100
2355,633,664,944780,12796,1292424,4427600
2356,637,646,944143,12787,1293070,5349300
2357,656,618,943487,12825,1293688,4860500
2358,637,633,942850,12829,1294321,4393300
2359,638,639,942212,12828,1294960,4647700
2360,623,644,941589,12807,1295604,4682900
2361,638,659,940951,12786,1296263,4767500
2362,598,628,940353,12756,1296891,4859200
2363,591,628,939762,12719,1297519,4872100
2364,603,649,939159,12673,1298168,4660300
2365,616,630,938543,12659,1298798,4597300
2366,613,679,937930,12593,1299477,4561200
2367,580,669,937350,12504,1300146,4688300
2368,588,654,936762,12438,1300800,4631000
2369,604,607,936158,12435,1301407,4562700
2370,594,615,935564,12414,1302022,4823900
2371,641,579,934923,12476,1302601,4586200
2372,551,618,934372,12409,1303219,5073900
2373,569,611,933803,12367,1303830,4953200
2374,589,637,933214,12319,1304467,4610700
2375,537,644,932677,12212,1305111,4551600
2376,583,593,932094,12202,1305704,5077200
2377,615,608,931479,12209,1306312,4929600
2378,612,621,930867,12200,1306933,4471300
2379,643,603,930224,12240,1307536,4567200
2380,584,620,929640,12204,1308156,5167900
2381,617,593,929023,12228,1308749,5434600
2382,620,615,928403,12233,1309364,4561900
2383,574,568,927829,12239,1309932,5035600
2384,553,628,927276,12164,1310560,4776900
2385,585,618,926691,12131,1311178,4648000
2386,563,553,926128,12141,1311731,4890600
2387,594,573,925534,12162,1312304,4908800
2388,648,659,924886,12151,1312963,4838700
2389,604,601,924282,12154,1313564,4949100
2390,611,644,923671,12121,1314208,4810900
2391,593,572,923078,12142,1314780,5086300
2392,587,571,922491,12158,1315351,5125300
2393,635,617,921856,12176,1315968,4961900
2394,636,621,921220,12191,1316589,5142900
2395,636,596,920584,12231,1317185,4791400
2396,639,568,919945,12302,1317753,4804800
2397,636,628,919309,12310,1318381,4624500
2398,645,617,918664,12338,1318998,5059700
2399,626,597,918038,12367,1319595,4993900
2400,599,602,917439,12364,1320197,4929400
2401,645,602,916794,12407,1320799,4641100
2402,584,612,916210,12379,1321411,4784400
2403,606,620,915604,12365,1322031,5234200
2404,641,615,914963,12391,1322646,5089100
2405,617,613,914346,12395,1323259,4931300
2406,610,585,913736,12420,1323844,5371700
2407,640,632,913096,12428,1324476,5045000
2408,627,609,912469,12446,1325085,5031200
2409,632,599,911837,12479,1325684,4826700
2410,627,681,911210,12425,1326365,4932100
2411,653,613,910557,12465,1326978,4575100
2412,618,634,909939,12449,1327612,4910800
2413,646,620,909293,12475,1328232,4544400
2414,620,659,908673,12436,1328891,5052200
2415,646,624,908027,12458,1329515,5078100
2416,586,616,907441,12428,1330131,4536600
2417,622,606,906819,12444,1330737,4532400
2418,630,636,906189,12438,1331373,4896700
2419,607,642,905582,12403,1332015,5854200
2420,638,603,904944,12438,1332618,4759900
2421,661,568,904283,12531,1333186,5171500
2422,619,623,903664,12527,1333809,5105700
2423,584,656,903080,12455,1334465,4705900
2424,570,621,902510,12404,1335086,4552700
2425,610,620,901900,12394,1335706,4578100
2426,609,600,901291,12403,1336306,5158000
2427,635,606,900656,12432,1336912,4992100
2428,628,641,900028,12419,1337553,4562900
2429,581,633,899447,12367,1338186,4742600
2430,621,636,898826,12352,1338822,4696400
2431,623,647,898203,12328,1339469,4907600
2432,620,564,897583,12384,1340033,5920600
2433,597,655,896986,12326,1340688,5361200
2434,630,598,896356,12358,1341286,4761800
2435,626,583,895730,12401,1341869,5022200
2436,595,613,895135,12383,1342482,5034900
2437,611,596,894524,12398,1343078,4687200
2438,628,632,893896,12394,1343710,4949000
2439,610,626,893286,12378,1344336,5458400
2440,584,636,892702,12326,1344972,4888100
2441,625,576,892077,12375,1345548,4834200
2442,639,611,891438,12403,1346159,4553400
2443,668,649,890770,12422,1346808,4566300
2444,610,602,890160,12430,1347410,4544600
2445,592,610,889568,12412,1348020,4740300
2446,647,633,888921,12426,1348653,5162700
2447,648,576,888273,12498,1349229,4768400
2448,627,618,887646,12507,1349847,4841600
2449,617,624,887029,12500,1350471,5035300
2450,568,592,886461,12476,1351063,4639800
2451,600,620,885861,12456,1351683,4615900
2452,676,632,885185,12500,1352315,4902200
2453,600,605,884585,12495,1352920,4539700
2454,629,609,883956,12515,1353529,4728400
2455,627,653,883329,12489,1354182,4585900
2456,668,621,882661,12536,1354803,4869700
2457,636,639,882025,12533,1355442,4557000
2458,640,648,881385,12525,1356090,4803700
2459,554,643,880831,12436,1356733,4979400
2460,578,596,880253,12418,1357329,4625200
2461,660,603,879593,12475,1357932,5095900
2462,620,630,878973,12465,1358562,5638000
2463,667,621,878306,12511,1359183,4929400
2464,655,660,877651,12506,1359843,4874500
2465,658,620,876993,12544,1360463,4921300
2466,625,586,876368,12583,1361049,4762800
2467,674,617,875694,12640,1361666,4679300
2468,657,646,875037,12651,1362312,4905400
2469,618,618,874419,12651,1362930,4817100
2470,668,646,873751,12673,1363576,5173200
2471,598,611,873153,12660,1364187,5141800
2472,636,662,872517,12634,1364849,5125200
2473,643,663,871874,12614,1365512,5182600
2474,596,632,871278,12578,1366144,4537900
2475,572,600,870706,12550,1366744,4781400
2476,626,601,870080,12575,1367345,4976600
2477,629,662,869451,12542,1368007,4868800
2478,592,632,868859,12502,1368639,4515200
2479,598,610,868261,12490,1369249,4911000
2480,639,631,867622,12498,1369880,4607100
2481,574,611,867048,12461,1370491,4659800
2482,653,623,866395,12491,1371114,4629800
2483,605,640,865790,12456,1371754,4850300
2484,623,597,865167,12482,1372351,4972500
2485,653,638,864514,12497,1372989,4663700
2486,579,578,863935,12498,1373567,4820200
2487,610,641,863325,12467,1374208,4791700
2488,653,621,862672,12499,1374829,4951200
2489,619,582,862053,12536,1375411,4460600
2490,637,661,861416,12512,1376072,4637000
2491,644,657,860772,12499,1376729,4665000
2492,632,607,860140,12524,1377336,4623300
2493,614,650,859526,12488,1377986,4612800
2494,614,616,858912,12486,1378602,4984400
2495,586,606,858326,12466,1379208,5012500
2496,609,606,857717,12469,1379814,4879500
2497,574,626,857143,12417,1380440,4635600
2498,655,610,856488,12462,1381050,4804200
2499,607,611,855881,12458,1381661,4825000
2500,597,668,855284,12387,1382329,4713100
2501,603,609,854681,12381,1382938,4982700
2502,641,634,854040,12388,1383572,4999400
2503,569,639,853471,12318,1384211,4637800
2504,603,630,852868,12291,1384841,4799300
2505,559,602,852309,12248,1385443,4870400
2506,600,616,851709,12232,1386059,5007200
2507,576,623,851133,12185,1386682,4592500
2508,591,618,850542,12158,1387300,4792300
2509,585,631,849957,12112,1387931,4796500
2510,597,632,849360,12077,1388563,4904400
2511,614,627,848746,12064,1389190,5109900
2512,591,606,848155,12049,1389796,4992700
2513,569,598,847586,12020,1390394,4981700
2514,598,622,846988,11996,1391016,4723800
2515,574,631,846414,11939,1391647,4918600
2516,561,566,845853,11934,1392213,4774000
2517,596,587,845257,11943,1392800,5171400
2518,617,607,844640,11953,1393407,5106800
2519,602,664,844038,11891,1394071,4628200
2520,576,569,843462,11898,1394640,5156700
2521,550,601,842912,11847,1395241,5107900
2522,605,611,842307,11841,1395852,4706700
2523,578,577,841729,11842,1396429,4558100
2524,602,617,841127,11827,1397046,4973600
2525,598,581,840529,11844,1397627,4464800
2526,560,634,839969,11770,1398261,5182100
2527,584,544,839385,11810,1398805,5089500
2528,589,596,838796,11803,1399401,5189700
2529,593,563,838203,11833,1399964,5008200
2530,646,595,837557,11884,1400559,4967000
2531,652,611,836905,11925,1401170,4501900
2532,661,594,836244,11992,1401764,4549400
2533,600,653,835644,11939,1402417,5312900
2534,616,607,835028,11948,1403024,4544700
2535,581,626,834447,11903,1403650,4607100
2536,586,596,833861,11893,1404246,5022900
2537,600,656,833261,11837,1404902,4500500
2538,621,534,832640,11924,1405436,5055200
2539,609,613,832031,11920,1406049,4954200
2540,600,620,831431,11900,1406669,4962800
2541,626,605,830805,11921,1407274,4921800
2542,618,586,830187,11953,1407860,4981400
2543,604,606,829583,11951,1408466,5057800
2544,603,590,828980,11964,1409056,4997000
2545,635,599,828345,12000,1409655,5035300
2546,631,611,827714,12020,1410266,4401600
2547,574,597,827140,11997,1410863,4927500
2548,673,591,826467,12079,1411454,5087600
2549,591,598,825876,12072,1412052,5372100
2550,618,586,825258,12104,1412638,4650000
2551,615,618,824643,12101,1413256,5105400
2552,593,549,824050,12145,1413805,4468000
2553,605,563,823445,12187,1414368,4908300
2554,608,581,822837,12214,1414949,4853900
2555,638,652,822199,12200,1415601,5119400
2556,630,646,821569,12184,1416247,5039300
2557,605,630,820964,12159,1416877,4586500
2558,575,624,820389,12110,1417501,4934600
2559,571,579,819818,12102,1418080,5068600
2560,579,617,819239,12064,1418697,4519300
2561,622,586,818617,12100,1419283,5001600
2562,561,574,818056,12087,1419857,5083000
2563,598,633,817458,12052,1420490,4908700
2564,615,630,816843,12037,1421120,4958100
2565,615,623,816228,12029,1421743,4955800
2566,591,602,815637,12018,1422345,4958800
2567,610,558,815027,12070,1422903,5054400
2568,593,619,814434,12044,1423522,4844400
2569,603,603,813831,12044,1424125,5146600
2570,594,564,813237,12074,1424689,5037800
2571,544,558,812693,12060,1425247,4759700
2572,629,611,812064,12078,1425858,5069600
2573,631,613,811433,12096,1426471,5075400
2574,581,563,810852,12114,1427034,4861000
2575,586,573,810266,12127,1427607,5033200
2576,580,608,809686,12099,1428215,4741500
2577,586,595,809100,12090,1428810,5046000
2578,574,629,808526,12035,1429439,5065300
2579,541,632,807985,11944,1430071,5159200
2580,620,571,807365,11993,1430642,5109500
2581,588,629,806777,11952,1431271,4857000
2582,580,586,806197,11946,1431857,5068000
2583,576,602,805621,11920,1432459,5101300
2584,595,595,805026,11920,1433054,5089100
2585,591,620,804435,11891,1433674,4931800
2586,568,593,803867,11866,1434267,4974200
2587,558,573,803309,11851,1434840,4901600
2588,599,629,802710,11821,1435469,5200000
2589,587,561,802123,11847,1436030,5116600
2590,541,564,801582,11824,1436594,4693100
2591,542,607,801040,11759,1437201,4595000
2592,587,594,800453,11752,1437795,5241400
2593,576,600,799877,11728,1438395,5180300
2594,574,629,799303,11673,1439024,5008700
2595,547,585,798756,11635,1439609,4889900
2596,591,594,798165,11632,1440203,4999600
2597,613,561,797552,11684,1440764,4991500
2598,578,593,796974,11669,1441357,4418400
2599,536,557,796438,11648,1441914,4824500
2600,573,562,795865,11659,1442476,4904200
2601,591,567,795274,11683,1443043,4495800
2602,546,568,794728,11661,1443611,4967200
2603,560,582,794168,11639,1444193,5204300
2604,541,592,793627,11588,1444785,4603000
2605,604,618,793023,11574,1445403,4874300
2606,539,568,792484,11545,1445971,4792100
2607,586,604,791898,11527,1446575,5013000
2608,583,575,791315,11535,1447150,4896900
2609,566,631,790749,11470,1447781,4763400
2610,592,558,790157,11504,1448339,4649600
2611,537,557,789620,11484,1448896,5304100
2612,508,564,789112,11428,1449460,5231500
2613,543,529,788569,11442,1449989,5075600
2614,562,536,788007,11468,1450525,4859800
2615,588,562,787419,11494,1451087,4916600
2616,545,563,786874,11476,1451650,4481500
2617,586,571,786288,11491,1452221,4499400
2618,555,575,785733,11471,1452796,4478800
2619,606,570,785127,11507,1453366,4808500
2620,547,549,784580,11505,1453915,4624200
2621,525,535,784055,11495,1454450,5288800
2622,558,553,783497,11500,1455003,4817100
2623,559,607,782938,11452,1455610,5056700
2624,584,587,782354,11449,1456197,5129700
2625,581,613,781773,11417,1456810,5063200
2626,522,579,781251,11360,1457389,4812100
2627,516,588,780735,11288,1457977,4421100
2628,526,542,780209,11272,1458519,4862300
2629,512,537,779697,11247,1459056,4716600
2630,528,558,779169,11217,1459614,5072500
2631,556,528,778613,11245,1460142,5067000
2632,552,566,778061,11231,1460708,4833900
2633,551,517,777510,11265,1461225,4941000
2634,526,592,776984,11199,1461817,4846300
2635,522,604,776462,11117,1462421,4721100
2636,547,539,775915,11125,1462960,4718900
2637,551,543,775364,11133,1463503,4639900
2638,544,544,774820,11133,1464047,4888900
2639,540,570,774280,11103,1464617,4586300
2640,539,575,773741,11067,1465192,4690200
2641,525,572,773216,11020,1465764,4367100
2642,521,520,772695,11021,1466284,4265200
2643,479,565,772216,10935,1466849,4577100
2644,519,551,771697,10903,1467400,4741300
2645,507,569,771190,10841,1467969,4394000
2646,457,507,770733,10791,1468476,4429900
2647,521,564,770212,10748,1469040,4455600
2648,490,535,769722,10703,1469575,4379600
2649,508,542,769214,10669,1470117,4509800
2650,531,539,768683,10661,1470656,5064700
2651,493,539,768190,10615,1471195,4852500
2652,528,559,767662,10584,1471754,4684200
2653,539,508,767123,10615,1472262,4517300
2654,516,532,766607,10599,1472794,4726300
2655,510,539,766097,10570,1473333,4340500
2656,513,562,765584,10521,1473895,4386800
2657,542,484,765042,10579,1474379,4902800
2658,510,535,764532,10554,1474914,4427800
2659,535,545,763997,10544,1475459,4411100
2660,502,559,763495,10487,1476018,4531400
2661,521,514,762974,10494,1476532,4392200
2662,545,511,762429,10528,1477043,4506000
2663,620,539,761809,10609,1477582,4590300
2664,512,539,761297,10582,1478121,4638200
2665,585,538,760712,10629,1478659,4500800
2666,553,550,760159,10632,1479209,4556800
2667,551,546,759608,10637,1479755,4452000
2668,555,517,759053,10675,1480272,4871600
2669,543,503,758510,10715,1480775,4431900
2670,546,512,757964,10749,1481287,4550700
2671,525,538,757439,10736,1481825,4703200
2672,521,563,756918,10694,1482388,4529100
2673,481,558,756437,10617,1482946,4714500
2674,515,530,755922,10602,1483476,4662000
2675,509,531,755413,10580,1484007,4607400
2676,491,524,754922,10547,1484531,4553600
2677,514,516,754408,10545,1485047,4574300
2678,522,469,753886,10598,1485516,4638500
2679,502,549,753384,10551,1486065,4615900
2680,502,497,752882,10556,1486562,4744600
2681,557,512,752325,10601,1487074,4905000
2682,491,506,751834,10586,1487580,4497200
2683,491,538,751343,10539,1488118,5014700
2684,537,535,750806,10541,1488653,4707100
2685,497,532,750309,10506,1489185,4677500
2686,472,510,749837,10468,1489695,4873100
2687,508,544,749329,10432,1490239,4906900
2688,466,530,748863,10368,1490769,4836200
2689,492,534,748371,10326,1491303,4776200
2690,514,523,747857,10317,1491826,4866800
2691,491,548,747366,10260,1492374,4674500
2692,486,531,746880,10215,1492905,4700900
2693,499,543,746381,10171,1493448,5302000
2694,502,512,745879,10161,1493960,5420000
2695,546,511,745333,10196,1494471,4732600
2696,536,524,744797,10208,1494995,4794400
2697,532,514,744265,10226,1495509,4667700
2698,550,530,743715,10246,1496039,4706600
2699,530,523,743185,10253,1496562,4597600
2700,562,467,742623,10348,1497029,4701200
2701,496,494,742127,10350,1497523,4615900
2702,503,493,741624,10360,1498016,4577200
2703,518,536,741106,10342,1498552,4600500
2704,557,550,740549,10349,1499102,4562100
2705,526,530,740023,10345,1499632,4569700
2706,550,503,739473,10392,1500135,4699100
2707,515,536,738958,10371,1500671,4768300
2708,504,543,738454,10332,1501214,5068000
2709,492,504,737962,10320,1501718,5081300
2710,513,499,737449,10334,1502217,4615000
2711,503,506,736946,10331,1502723,4519500
2712,507,495,736439,10343,1503218,5063200
2713,491,515,735948,10319,1503733,4589400
2714,487,507,735461,10299,1504240,4568100
2715,523,488,734938,10334,1504728,4659600
2716,518,524,734420,10328,1505252,4573500
2717,513,534,733907,10307,1505786,4463700
2718,483,490,733424,10300,1506276,4492100
2719,464,542,732960,10222,1506818,4583300
2720,481,503,732479,10200,1507321,4855300
2721,490,469,731989,10221,1507790,4674700
2722,496,496,731493,10221,1508286,5719900
2723,490,504,731003,10207,1508790,4601500
2724,506,498,730497,10215,1509288,4583900
2725,488,507,730009,10196,1509795,4418200
2726,527,489,729482,10234,1510284,4397300
2727,468,497,729014,10205,1510781,4543200
2728,505,502,728509,10208,1511283,4378200
2729,548,489,727961,10267,1511772,4632300
2730,501,495,727460,10273,1512267,4875600
2731,515,502,726945,10286,1512769,4436200
2732,515,483,726430,10318,1513252,4400700
2733,494,527,725936,10285,1513779,4427800
2734,497,528,725439,10254,1514307,4445200
2735,498,525,724941,10227,1514832,4529700
2736,481,494,724460,10214,1515326,4806800
2737,481,528,723979,10167,1515854,4964300
2738,489,482,723490,10174,1516336,4427400
2739,452,513,723038,10113,1516849,4894700
2740,491,504,722547,10100,1517353,4790400
2741,501,532,722046,10069,1517885,5022200
2742,507,465,721539,10111,1518350,5059500
2743,509,516,721030,10104,1518866,4654700
2744,486,488,720544,10102,1519354,5014900
2745,498,504,720046,10096,1519858,4348300
2746,528,515,719518,10109,1520373,4607500
2747,455,480,719063,10084,1520853,5235600
2748,483,487,718580,10080,1521340,4886800
2749,508,522,718072,10066,1521862,5026700
2750,500,512,717572,10054,1522374,5186400
2751,506,478,717066,10082,1522852,5015100
2752,522,480,716544,10124,1523332,4538900
2753,514,472,716030,10166,1523804,4469700
2754,510,513,715520,10163,1524317,4911900
2755,499,514,715021,10148,1524831,5012200
2756,499,503,714522,10144,1525334,4890500
2757,500,476,714022,10168,1525810,4915500
2758,521,476,713501,10213,1526286,4324700
2759,480,490,713021,10203,1526776,4980700
2760,484,505,712537,10182,1527281,4664900
2761,548,519,711989,10211,1527800,5059600
2762,512,479,711477,10244,1528279,4605300
2763,471,531,711006,10184,1528810,5184800
2764,537,488,710469,10233,1529298,5311000
2765,522,504,709947,10251,1529802,4821700
2766,516,500,709431,10267,1530302,4988400
2767,505,530,708926,10242,1530832,5100400
2768,493,514,708433,10221,1531346,4565300
2769,501,538,707932,10184,1531884,5343000
2770,517,477,707415,10224,1532361,4703200
2771,478,517,706937,10185,1532878,4658200
2772,491,502,706446,10174,1533380,4620400
2773,469,495,705977,10148,1533875,5128500
2774,511,560,705466,10099,1534435,5040100
2775,518,574,704948,10043,1535009,5027300
2776,499,530,704449,10012,1535539,5057500
2777,506,531,703943,9987,1536070,5281400
2778,501,483,703442,10005,1536553,4672700
2779,513,464,702929,10054,1537017,4971900
2780,509,471,702420,10092,1537488,5003900
2781,492,489,701928,10095,1537977,4926000
2782,454,495,701474,10054,1538472,4519400
2783,510,510,700964,10054,1538982,4701900
2784,538,484,700426,10108,1539466,4750600
2785,519,514,699907,10113,1539980,5057900
2786,482,511,699425,10084,1540491,4989900
2787,502,529,698923,10057,1541020,5119900
2788,480,472,698443,10065,1541492,5229400
2789,490,530,697953,10025,1542022,4808200
2790,506,497,697447,10034,1542519,4705800
2791,471,472,696976,10033,1542991,4745000
2792,466,503,696510,9996,1543494,4861400
2793,461,484,696049,9973,1543978,4507700
2794,472,503,695577,9942,1544481,4695500
2795,458,470,695119,9930,1544951,5199000
2796,478,517,694641,9891,1545468,5114600
2797,497,526,694144,9862,1545994,4393200
2798,487,503,693657,9846,1546497,4714200
2799,497,492,693160,9851,1546989,4752400
2800,490,503,692670,9838,1547492,4538400
2801,484,460,692186,9862,1547952,4952800
2802,503,469,691683,9896,1548421,4584400
2803,489,485,691194,9900,1548906,5077000
2804,468,462,690726,9906,1549368,4556100
2805,500,515,690226,9891,1549883,4899900
2806,487,523,689739,9855,1550406,5037400
2807,482,524,689257,9813,1550930,4524700
2808,477,495,688780,9795,1551425,4538100
2809,496,447,688284,9844,1551872,4363100
2810,482,484,687802,9842,1552356,5391300
2811,486,456,687316,9872,1552812,4785200
2812,475,497,686841,9850,1553309,4876900
2813,522,474,686319,9898,1553783,5192700
2814,466,472,685853,9892,1554255,4880100
2815,473,504,685380,9861,1554759,4955000
2816,471,506,684909,9826,1555265,4437200
2817,477,469,684432,9834,1555734,4655200
2818,487,502,683945,9819,1556236,4730900
2819,477,515,683468,9781,1556751,4596400
2820,482,495,682986,9768,1557246,4627500
2821,510,504,682476,9774,1557750,4904900
2822,501,483,681975,9792,1558233,4569700
2823,471,485,681504,9778,1558718,4577200
2824,477,480,681027,9775,1559198,4920100
2825,458,478,680569,9755,1559676,4774900
2826,488,524,680081,9719,1560200,4528800
2827,471,473,679610,9717,1560673,4442100
2828,489,523,679121,9683,1561196,4885000
2829,490,457,678631,9716,1561653,4838500
2830,450,512,678181,9654,1562165,4616100
2831,498,508,677683,9644,1562673,4824300
2832,498,469,677185,9673,1563142,4917200
2833,494,482,676691,9685,1563624,5127900
2834,471,456,676220,9700,1564080,4561100
2835,457,508,675763,9649,1564588,5072900
2836,460,465,675303,9644,1565053,4565600
2837,520,503,674783,9661,1565556,4769100
2838,504,495,674279,9670,1566051,4558600
2839,466,466,673813,9670,1566517,5338300
2840,454,488,673359,9636,1567005,5055900
2841,477,477,672882,9636,1567482,5035000
2842,476,469,672406,9643,1567951,4728000
2843,477,490,671929,9630,1568441,4663700
2844,483,438,671446,9675,1568879,5488200
2845,469,459,670977,9685,1569338,5026200
2846,456,482,670521,9659,1569820,4593600
2847,445,488,670076,9616,1570308,5158800
2848,495,449,669581,9662,1570757,5159300
2849,467,469,669114,9660,1571226,4567500
2850,487,468,668627,9679,1571694,4623200
2851,454,471,668173,9662,1572165,4951400
2852,496,482,667677,9676,1572647,5079900
2853,483,513,667194,9646,1573160,4912100
2854,461,468,666733,9639,1573628,4953500
2855,486,488,666247,9637,1574116,5076000
2856,468,441,665779,9664,1574557,4508800
2857,486,447,665293,9703,1575004,5211500
2858,471,453,664822,9721,1575457,5285600
2859,523,479,664299,9765,1575936,4458300
2860,490,470,663809,9785,1576406,5554700
2861,467,488,663342,9764,1576894,4913900
2862,491,497,662851,9758,1577391,5035600
2863,478,490,662373,9746,1577881,5175000
2864,522,479,661851,9789,1578360,4814800
2865,479,490,661372,9778,1578850,4531300
2866,479,486,660893,9771,1579336,4962200
2867,443,455,660450,9759,1579791,5034500
2868,473,489,659977,9743,1580280,4537000
2869,486,518,659491,9711,1580798,4780800
2870,452,520,659039,9643,1581318,4999400
2871,490,456,658549,9677,1581774,4676900
2872,445,548,658104,9574,1582322,4861400
2873,484,457,657620,9601,1582779,4924400
2874,448,455,657172,9594,1583234,4757000
2875,450,443,656722,9601,1583677,4763700
2876,472,438,656250,9635,1584115,5033500
2877,471,468,655779,9638,1584583,4677700
2878,490,494,655289,9634,1585077,4647000
2879,443,471,654846,9606,1585548,5009700
2880,465,482,654381,9589,1586030,4596000
2881,414,493,653967,9510,1586523,4652400
2882,416,488,653551,9438,1587011,4635800
2883,423,494,653128,9367,1587505,4764500
2884,435,458,652693,9344,1587963,4516000
2885,454,485,652239,9313,1588448,4958200
2886,429,468,651810,9274,1588916,4908000
2887,465,494,651345,9245,1589410,5361600
2888,458,450,650887,9253,1589860,5235200
2889,467,443,650420,9277,1590303,5036100
2890,435,437,649985,9275,1590740,5005300
2891,434,404,649551,9305,1591144,4740400
2892,433,462,649118,9276,1591606,5160000
2893,451,420,648667,9307,1592026,5052000
2894,453,438,648214,9322,1592464,4620400
2895,469,473,647745,9318,1592937,4641000
2896,430,467,647315,9281,1593404,4459700
2897,445,481,646870,9245,1593885,4676300
2898,458,427,646412,9276,1594312,4612000
2899,475,461,645937,9290,1594773,4590800
2900,462,451,645475,9301,1595224,4670000
2901,457,484,645018,9274,1595708,4958600
2902,455,440,644563,9289,1596148,4976900
2903,465,461,644098,9293,1596609,4602100
2904,419,511,643679,9201,1597120,4514400
2905,444,451,643235,9194,1597571,4639000
2906,446,444,642789,9196,1598015,4518200
2907,448,470,642341,9174,1598485,5174300
2908,464,445,641877,9193,1598930,4482100
2909,432,459,641445,9166,1599389,4908700
2910,442,426,641003,9182,1599815,4609300
2911,421,425,640582,9178,1600240,4748800
2912,418,487,640164,9109,1600727,4628300
2913,413,492,639751,9030,1601219,4988500
2914,454,464,639297,9020,1601683,4671600
2915,427,446,638870,9001,1602129,5206700
2916,452,454,638418,8999,1602583,4951700
2917,454,419,637964,9034,1603002,4775900
2918,460,438,637504,9056,1603440,5022000
2919,428,426,637076,9058,1603866,4829700
2920,418,459,636658,9017,1604325,5238400
2921,451,425,636207,9043,1604750,5093500
2922,443,447,635764,9039,1605197,5122200
2923,443,452,635321,9030,1605649,4973800
2924,387,438,634934,8979,1606087,4941800
2925,446,452,634488,8973,1606539,4603100
2926,448,441,634040,8980,1606980,5274300
2927,395,435,633645,8940,1607415,4606100
2928,432,461,633213,8911,1607876,5523000
2929,391,433,632822,8869,1608309,5038300
2930,437,415,632385,8891,1608724,4921700
2931,418,473,631967,8836,1609197,5089500
2932,382,465,631585,8753,1609662,4973700
2933,391,457,631194,8687,1610119,4900700
2934,424,462,630770,8649,1610581,5179200
2935,455,417,630315,8687,1610998,4700200
2936,411,408,629904,8690,1611406,4713200
2937,432,440,629472,8682,1611846,4731700
2938,461,439,629011,8704,1612285,4646600
2939,404,399,628607,8709,1612684,4549700
2940,444,417,628163,8736,1613101,4647300
2941,448,479,627715,8705,1613580,4710300
2942,418,429,627297,8694,1614009,4642700
2943,430,398,626867,8726,1614407,4710900
2944,437,416,626430,8747,1614823,4653400
2945,475,436,625955,8786,1615259,4583900
2946,464,412,625491,8838,1615671,4721200
2947,450,514,625041,8774,1616185,4751900
2948,479,399,624562,8854,1616584,5026500
2949,423,409,624139,8868,1616993,4900900
2950,437,441,623702,8864,1617434,4754600
2951,444,445,623258,8863,1617879,4807200
2952,447,441,622811,8869,1618320,4677800
2953,443,437,622368,8875,1618757,4628500
2954,483,460,621885,8898,1619217,4644300
2955,463,445,621422,8916,1619662,4982600
2956,477,437,620945,8956,1620099,4734000
2957,450,436,620495,8970,1620535,5040500
2958,476,408,620019,9038,1620943,4611900
2959,484,431,619535,9091,1621374,4546100
2960,475,471,619060,9095,1621845,4828500
2961,444,455,618616,9084,1622300,4601900
2962,483,462,618133,9105,1622762,4652000
2963,457,450,617676,9112,1623212,4785600
2964,453,478,617223,9087,1623690,4800600
2965,436,444,616787,9079,1624134,4621900
2966,443,454,616344,9068,1624588,4692900
2967,460,452,615884,9076,1625040,4627300
2968,450,450,615434,9076,1625490,4656500
2969,458,412,614976,9122,1625902,4725000
2970,440,440,614536,9122,1626342,4825500
2971,465,452,614071,9135,1626794,4639500
2972,434,482,613637,9087,1627276,4639600
2973,451,465,613186,9073,1627741,4665000
2974,463,467,612723,9069,1628208,4767900
2975,442,434,612281,9077,1628642,4534700
2976,429,495,611852,9011,1629137,4651100
2977,414,475,611438,8950,1629612,4737700
2978,450,465,610988,8935,1630077,4682400
2979,454,447,610534,8942,1630524,4725000
2980,437,442,610097,8937,1630966,4615600
2981,426,449,609671,8914,1631415,4941200
2982,435,433,609236,8916,1631848,4946200
2983,441,444,608795,8913,1632292,4652900
2984,420,441,608375,8892,1632733,4826900
2985,441,486,607934,8847,1633219,4638500
2986,417,432,607517,8832,1633651,4616100
2987,415,428,607102,8819,1634079,4721500
2988,412,457,606690,8774,1634536,4940800
2989,398,440,606292,8732,1634976,4685000
2990,418,449,605874,8701,1635425,5090400
2991,400,460,605474,8641,1635885,5089700
2992,416,408,605058,8649,1636293,5283300
2993,401,428,604657,8622,1636721,4703500
2994,411,449,604246,8584,1637170,4714500
2995,404,416,603842,8572,1637586,5150800
2996,417,435,603425,8554,1638021,4488900
2997,381,392,603044,8543,1638413,4912800
2998,385,497,602659,8431,1638910,4590500
2999,397,407,602262,8421,1639317,4536600
3000,424,385,601838,8460,1639702,5116400
3001,382,405,601456,8437,1640107,4622300
3002,411,425,601045,8423,1640532,4654900
3003,416,417,600629,8422,1640949,5137700
3004,404,436,600225,8390,1641385,4631400
3005,409,419,599816,8380,1641804,4750900
3006,440,411,599376,8409,1642215,4606700
3007,390,429,598986,8370,1642644,5076500
3008,429,419,598557,8380,1643063,4474900
3009,455,400,598102,8435,1643463,4554900
3010,426,418,597676,8443,1643881,4506200
3011,413,465,597263,8391,1644346,4939000
3012,423,414,596840,8400,1644760,4644100
3013,437,404,596403,8433,1645164,4823200
3014,404,396,595999,8441,1645560,5023300
3015,428,423,595571,8446,1645983,4535500
3016,438,433,595133,8451,1646416,4630500
3017,415,431,594718,8435,1646847,4741600
3018,417,403,594301,8449,1647250,5071500
3019,422,437,593879,8434,1647687,4926500
3020,397,401,593482,8430,1648088,5016300
3021,409,390,593073,8449,1648478,5089400
3022,436,440,592637,8445,1648918,5026500
3023,429,402,592208,8472,1649320,4983400
3024,420,385,591788,8507,1649705,5163300
3025,401,437,591387,8471,1650142,4663600
3026,412,425,590975,8458,1650567,5151200
3027,418,417,590557,8459,1650984,4648800
3028,400,448,590157,8411,1651432,4827300
3029,401,419,589756,8393,1651851,4755400
3030,405,408,589351,8390,1652259,4782700
3031,419,428,588932,8381,1652687,5062100
3032,392,458,588540,8315,1653145,4701900
3033,419,437,588121,8297,1653582,4371000
3034,373,407,587748,8263,1653989,4892700
3035,376,369,587372,8270,1654358,4482400
3036,421,419,586951,8272,1654777,4561300
3037,376,443,586575,8205,1655220,5117400
3038,421,412,586154,8214,1655632,4935100
3039,369,413,585785,8170,1656045,4958800
3040,390,377,585395,8183,1656422,4789000
3041,402,402,584993,8183,1656824,4918100
3042,403,405,584590,8181,1657229,4937800
3043,385,420,584205,8146,1657649,5015900
3044,424,430,583781,8140,1658079,5140300
3045,398,434,583383,8104,1658513,4835800
3046,413,422,582970,8095,1658935,5068300
3047,397,383,582573,8109,1659318,4590600
3048,426,381,582147,8154,1659699,4731700
3049,385,415,581762,8124,1660114,4629700
3050,402,430,581360,8096,1660544,5269100
3051,421,392,580939,8125,1660936,4779600
3052,416,417,580523,8124,1661353,5328100
3053,404,412,580119,8116,1661765,5538700
3054,452,415,579667,8153,1662180,5201000
3055,391,431,579276,8113,1662611,5005700
3056,423,395,578853,8141,1663006,5094100
3057,407,406,578446,8142,1663412,4482200
3058,404,395,578042,8151,1663807,4797900
3059,407,422,577635,8136,1664229,5026800
3060,410,390,577225,8156,1664619,4905300
3061,441,420,576784,8177,1665039,4645200
3062,430,402,576354,8205,1665441,4944000
3063,424,379,575930,8250,1665820,5175400
3064,414,420,575516,8244,1666240,4821300
3065,445,414,575071,8275,1666654,5065900
3066,399,378,574672,8296,1667032,5123500
3067,448,430,574224,8314,1667462,4966500
3068,420,400,573804,8334,1667862,4987100
3069,423,419,573381,8338,1668281,4995200
3070,426,448,572955,8316,1668729,4965900
3071,384,420,572571,8280,1669149,5005300
3072,390,434,572181,8236,1669583,5020300
3073,411,399,571770,8248,1669982,4788400
3074,409,423,571361,8234,1670405,4974200
3075,398,412,570963,8220,1670817,4723800
3076,416,431,570547,8205,1671248,4661500
3077,432,398,570115,8239,1671646,4948900
3078,423,376,569692,8286,1672022,5196100
3079,423,373,569269,8336,1672395,4902400
3080,442,393,568827,8385,1672788,4444400
3081,379,424,568448,8340,1673212,5188700
3082,420,395,568028,8365,1673607,5123000
3083,445,436,567583,8374,1674043,5037200
3084,379,425,567204,8328,1674468,4874000
3085,424,423,566780,8329,1674891,5085300
3086,416,441,566364,8304,1675332,5041100
3087,402,421,565962,8285,1675753,5021500
3088,421,394,565541,8312,1676147,5075000
3089,390,433,565151,8269,1676580,4577000
3090,413,426,564738,8256,1677006,5066400
3091,431,423,564307,8264,1677429,4645000
3092,406,447,563901,8223,1677876,4655900
3093,371,451,563530,8143,1678327,4620600
3094,400,396,563130,8147,1678723,4653600
3095,390,420,562740,8117,1679143,4802900
3096,418,435,562322,8100,1679578,4341300
3097,388,413,561934,8075,1679991,4580300
3098,414,385,561520,8104,1680376,4428300
3099,415,401,561105,8118,1680777,4575000
3100,383,422,560722,8079,1681199,5042000
3101,422,382,560300,8119,1681581,4999900
3102,382,433,559918,8068,1682014,4500600
3103,392,378,559526,8082,1682392,4894800
3104,399,409,559127,8072,1682801,4658000
3105,396,382,558731,8086,1683183,4525100
3106,406,372,558325,8120,1683555,4449300
3107,414,387,557911,8147,1683942,4666100
3108,426,378,557485,8195,1684320,4711500
3109,401,445,557084,8151,1684765,5316600
3110,422,362,556662,8211,1685127,4563700
3111,380,379,556282,8212,1685506,4510400
3112,414,379,555868,8247,1685885,4444800
3113,409,374,555459,8282,1686259,4510600
3114,392,424,555067,8250,1686683,4905100
3115,417,443,554650,8224,1687126,4391100
3116,427,417,554223,8234,1687543,4844200
3117,425,434,553798,8225,1687977,4698600
3118,425,426,553373,8224,1688403,5195700
3119,416,413,552957,8227,1688816,4823900
3120,380,412,552577,8195,1689228,5261100
3121,381,411,552196,8165,1689639,4576300
3122,397,417,551799,8145,1690056,5306800
3123,383,409,551416,8119,1690465,5408400
3124,403,387,551013,8135,1690852,4827800
3125,376,422,550637,8089,1691274,4879100
3126,397,420,550240,8066,1691694,4946200
3127,384,418,549856,8032,1692112,4508300
3128,406,381,549450,8057,1692493,4885300
3129,370,396,549080,8031,1692889,4770500
3130,421,390,548659,8062,1693279,4983400
3131,410,413,548249,8059,1693692,4982600
3132,385,387,547864,8057,1694079,4748900
3133,416,435,547448,8038,1694514,5285700
3134,388,410,547060,8016,1694924,4865800
3135,396,428,546664,7984,1695352,4924300
3136,383,393,546281,7974,1695745,4429900
3137,409,408,545872,7975,1696153,4939900
3138,384,414,545488,7945,1696567,4703600
3139,409,409,545079,7945,1696976,4979200
3140,392,353,544687,7984,1697329,4471800
3141,391,415,544296,7960,1697744,4545000
3142,383,395,543913,7948,1698139,4944600
3143,359,375,543554,7932,1698514,4793800
3144,375,414,543179,7893,1698928,4477900
3145,384,393,542795,7884,1699321,4977600
3146,407,384,542388,7907,1699705,4475600
3147,402,395,541986,7914,1700100,4969000
3148,374,392,541612,7896,1700492,4705600
3149,401,391,541211,7906,1700883,5305500
3150,401,379,540810,7928,1701262,4757700
3151,388,390,540422,7926,1701652,4616100
3152,407,381,540015,7952,1702033,4706700
3153,404,423,539611,7933,1702456,4968600
3154,378,404,539233,7907,1702860,4903200
3155,400,371,538833,7936,1703231,4414800
3156,391,373,538442,7954,1703604,4903100
3157,394,381,538048,7967,1703985,4993400
3158,372,377,537676,7962,1704362,4982900
3159,377,411,537299,7928,1704773,4364500
3160,389,394,536910,7923,1705167,4662900
3161,366,408,536544,7881,1705575,4969500
3162,376,397,536168,7860,1705972,5021700
3163,377,386,535791,7851,1706358,5006800
3164,389,402,535402,7838,1706760,4961800
3165,397,386,535005,7849,1707146,4551500
3166,374,403,534631,7820,1707549,4582300
3167,399,412,534232,7807,1707961,4915700
3168,381,418,533851,7770,1708379,4954600
3169,364,383,533487,7751,1708762,5086900
3170,368,398,533119,7721,1709160,4857800
3171,388,373,532731,7736,1709533,5160100
3172,364,404,532367,7696,1709937,4407300
3173,363,380,532004,7679,1710317,4672500
3174,421,375,531583,7725,1710692,4858100
3175,375,408,531208,7692,1711100,4509700
3176,422,380,530786,7734,1711480,5056100
3177,393,384,530393,7743,1711864,4535000
3178,365,401,530028,7707,1712265,4978100
3179,381,397,529647,7691,1712662,4601900
3180,347,385,529300,7653,1713047,5101600
3181,358,401,528942,7610,1713448,5093000
3182,379,372,528563,7617,1713820,4997300
3183,373,387,528190,7603,1714207,4644900
3184,364,396,527826,7571,1714603,4699400
3185,365,367,527461,7569,1714970,4830800
3186,367,397,527094,7539,1715367,4941400
3187,360,385,526734,7514,1715752,4950800
3188,363,372,526371,7505,1716124,4629300
3189,348,386,526023,7467,1716510,5265300
3190,360,389,525663,7438,1716899,4895300
3191,366,373,525297,7431,1717272,4824900
3192,367,357,524930,7441,1717629,4614100
3193,378,369,524552,7450,1717998,4468800
3194,408,347,524144,7511,1718345,4777900
3195,364,381,523780,7494,1718726,5010900
3196,400,372,523380,7522,1719098,5067100
3197,411,382,522969,7551,1719480,4478100
3198,398,372,522571,7577,1719852,4981200
3199,397,370,522174,7604,1720222,4437400
3200,403,361,521771,7646,1720583,4420000
3201,349,360,521422,7635,1720943,4486800
3202,348,409,521074,7574,1721352,4536600
3203,375,380,520699,7569,1721732,4627300
3204,376,376,520323,7569,1722108,5141800
3205,382,384,519941,7567,1722492,5010800
3206,371,348,519570,7590,1722840,4663300
3207,411,386,519159,7615,1723226,4509200
3208,423,378,518736,7660,1723604,5105700
3209,376,385,518360,7651,1723989,4570000
3210,389,417,517971,7623,1724406,4417400
3211,396,375,517575,7644,1724781,4564900
3212,399,420,517176,7623,1725201,4944500
3213,378,400,516798,7601,1725601,4521600
3214,415,394,516383,7622,1725995,4546900
3215,355,386,516028,7591,1726381,5088500
3216,376,439,515652,7528,1726820,4496700
3217,389,359,515263,7558,1727179,4761500
3218,383,404,514880,7537,1727583,4762600
3219,349,405,514531,7481,1727988,4699500
3220,357,366,514174,7472,1728354,4539500
3221,378,368,513796,7482,1728722,4607000
3222,372,395,513424,7459,1729117,4532500
3223,363,387,513061,7435,1729504,4791500
3224,382,378,512679,7439,1729882,4764300
3225,383,379,512296,7443,1730261,5133500
3226,379,328,511917,7494,1730589,5353800
3227,388,375,511529,7507,1730964,4686700
3228,376,349,511153,7534,1731313,4508300
3229,347,347,510806,7534,1731660,4567500
3230,374,386,510432,7522,1732046,4403000
3231,362,388,510070,7496,1732434,4950400
3232,344,383,509726,7457,1732817,5690700
3233,407,400,509319,7464,1733217,5545000
3234,354,403,508965,7415,1733620,4865600
3235,370,392,508595,7393,1734012,4685800
3236,386,394,508209,7385,1734406,4579900
3237,376,360,507833,7401,1734766,4850600
3238,383,377,507450,7407,1735143,4821200
3239,341,356,507109,7392,1735499,5350400
3240,371,380,506738,7383,1735879,5062800
3241,362,357,506376,7388,1736236,4799000
3242,371,368,506005,7391,1736604,4588800
3243,364,381,505641,7374,1736985,4780800
3244,390,349,505251,7415,1737334,4961300
3245,393,358,504858,7450,1737692,5010200
3246,386,365,504472,7471,1738057,4871300
3247,373,329,504099,7515,1738386,4914200
3248,381,394,503718,7502,1738780,5077300
3249,395,349,503323,7548,1739129,5101500
3250,386,420,502937,7514,1739549,5034800
3251,376,357,502561,7533,1739906,5166800
3252,404,366,502157,7571,1740272,4894100
3253,398,379,501759,7590,1740651,5154600
3254,387,370,501372,7607,1741021,4872100
3255,373,397,500999,7583,1741418,4909400
3256,374,374,500625,7583,1741792,5050400
3257,383,370,500242,7596,1742162,5157700
3258,421,406,499821,7611,1742568,4469100
3259,371,370,499450,7612,1742938,4665100
3260,399,402,499051,7609,1743340,4752800
3261,400,396,498651,7613,1743736,4893600
3262,393,371,498258,7635,1744107,5018100
3263,400,371,497858,7664,1744478,4577700
3264,377,373,497481,7668,1744851,4781800
3265,363,364,497118,7667,1745215,4736300
3266,386,397,496732,7656,1745612,4663100
3267,360,353,496372,7663,1745965,4544600
3268,382,367,495990,7678,1746332,4414500
3269,386,364,495604,7700,1746696,4651600
3270,410,416,495194,7694,1747112,4863200
3271,381,390,494813,7685,1747502,4632600
3272,390,375,494423,7700,1747877,4956000
3273,333,360,494090,7673,1748237,4552100
3274,373,372,493717,7674,1748609,4632100
3275,385,377,493332,7682,1748986,4953500
3276,346,374,492986,7654,1749360,5001100
3277,375,372,492611,7657,1749732,4988100
3278,377,396,492234,7638,1750128,4967200
3279,343,382,491891,7599,1750510,4934100
3280,363,423,491528,7539,1750933,5035800
3281,362,360,491166,7541,1751293,5039500
3282,374,385,490792,7530,1751678,4451900
3283,367,355,490425,7542,1752033,4787800
3284,347,372,490078,7517,1752405,4822600
3285,395,402,489683,7510,1752807,4436900
3286,372,381,489311,7501,1753188,5196500
3287,374,386,488937,7489,1753574,4516400
3288,372,391,488565,7470,1753965,4808100
3289,372,397,488193,7445,1754362,5091800
3290,349,355,487844,7439,1754717,4806900
3291,363,388,487481,7414,1755105,4832000
3292,355,367,487126,7402,1755472,4492900
3293,365,369,486761,7398,1755841,4742700
3294,364,350,486397,7412,1756191,5273300
3295,343,363,486054,7392,1756554,4794400
3296,355,385,485699,7362,1756939,4546900
3297,361,347,485338,7376,1757286,4655700
3298,388,354,484950,7410,1757640,5138900
3299,372,380,484578,7402,1758020,4943800
3300,369,359,484209,7412,1758379,4873500
3301,390,383,483819,7419,1758762,4926400
3302,346,380,483473,7385,1759142,4897200
3303,361,323,483112,7423,1759465,4845200
3304,356,366,482756,7413,1759831,4924900
3305,377,375,482379,7415,1760206,5201400
3306,364,380,482015,7399,1760586,4690800
3307,373,358,481642,7414,1760944,4905800
3308,359,380,481283,7393,1761324,4905400
3309,422,391,480861,7424,1761715,4865000
3310,354,390,480507,7388,1762105,4876900
3311,368,377,480139,7379,1762482,5233400
3312,361,373,479778,7367,1762855,4902000
3313,352,365,479426,7354,1763220,4949200
3314,357,341,479069,7370,1763561,5090300
3315,389,341,478680,7418,1763902,4896900
3316,409,388,478271,7439,1764290,4959100
3317,366,367,477905,7438,1764657,4886200
3318,337,375,477568,7400,1765032,4888100
3319,373,377,477195,7396,1765409,4899000
3320,367,412,476828,7351,1765821,4838500
3321,361,409,476467,7303,1766230,4863500
3322,368,361,476099,7310,1766591,5179300
3323,386,347,475713,7349,1766938,4759100
3324,312,351,475401,7310,1767289,5276600
3325,350,368,475051,7292,1767657,4961000
3326,344,363,474707,7273,1768020,5013700
3327,353,394,474354,7232,1768414,4916200
3328,350,352,474004,7230,1768766,4890800
3329,370,380,473634,7220,1769146,4680200
3330,349,380,473285,7189,1769526,4866200
3331,356,374,472929,7171,1769900,5233700
3332,359,368,472570,7162,1770268,5142900
3333,312,364,472258,7110,1770632,5406000
3334,330,362,471928,7078,1770994,4952500
3335,338,348,471590,7068,1771342,4860200
3336,375,368,471215,7075,1771710,4810400
3337,339,349,470876,7065,1772059,5049600
3338,343,359,470533,7049,1772418,5026600
3339,329,340,470204,7038,1772758,5061200
3340,341,341,469863,7038,1773099,5231000
3341,346,358,469517,7026,1773457,5124800
3342,380,364,469137,7042,1773821,5146500
3343,351,356,468786,7037,1774177,5035000
3344,333,374,468453,6996,1774551,5106300
3345,359,336,468094,7019,1774887,5000200
3346,367,330,467727,7056,1775217,5179900
3347,377,377,467350,7056,1775594,5043500
3348,366,335,466984,7087,1775929,5194800
3349,349,366,466635,7070,1776295,4818000
3350,319,358,466316,7031,1776653,4923400
3351,378,373,465938,7036,1777026,5012100
3352,350,370,465588,7016,1777396,4742100
3353,340,377,465248,6979,1777773,4720400
3354,357,328,464891,7008,1778101,4922500
3355,334,351,464557,6991,1778452,4922700
3356,373,348,464184,7016,1778800,4965700
3357,340,343,463844,7013,1779143,4684300
3358,345,376,463499,6982,1779519,4943000
3359,388,358,463111,7012,1779877,4606900
3360,329,364,462782,6977,1780241,5096900
3361,375,344,462407,7008,1780585,5112500
3362,375,368,462032,7015,1780953,4682400
3363,370,340,461662,7045,1781293,5071600
3364,359,313,461303,7091,1781606,4763600
3365,371,322,460932,7140,1781928,4749300
3366,396,358,460536,7178,1782286,4803400
3367,338,316,460198,7200,1782602,5068600
3368,385,343,459813,7242,1782945,5095300
3369,359,361,459454,7240,1783306,5329000
3370,376,373,459078,7243,1783679,5024900
3371,325,393,458753,7175,1784072,5272000
3372,345,376,458408,7144,1784448,5116400
3373,370,346,458038,7168,1784794,4983200
3374,369,355,457669,7182,1785149,4746600
3375,380,363,457289,7199,1785512,4996500
3376,346,388,456943,7157,1785900,4785300
3377,338,348,456605,7147,1786248,4791300
3378,362,354,456243,7155,1786602,4686500
3379,376,346,455867,7185,1786948,4706200
3380,372,342,455495,7215,1787290,4677700
3381,363,328,455132,7250,1787618,5185400
3382,387,370,454745,7267,1787988,5181500
3383,393,361,454352,7299,1788349,5105600
3384,377,359,453975,7317,1788708,5193200
3385,350,365,453625,7302,1789073,5116600
3386,341,352,453284,7291,1789425,4972000
3387,374,373,452910,7292,1789798,5078900
3388,343,368,452567,7267,1790166,5011500
3389,334,374,452233,7227,1790540,5108000
3390,357,369,451876,7215,1790909,5023300
3391,342,373,451534,7184,1791282,5070200
3392,344,362,451190,7166,1791644,5038600
3393,327,385,450863,7108,1792029,5078900
3394,342,348,450521,7102,1792377,5054100
3395,316,363,450205,7055,1792740,5114300
3396,341,369,449864,7027,1793109,5217600
3397,346,353,449518,7020,1793462,5269400
3398,313,397,449205,6936,1793859,5330700
3399,338,347,448867,6927,1794206,5150100
3400,346,316,448521,6957,1794522,5074700
3401,310,363,448211,6904,1794885,5242600
3402,323,371,447888,6856,1795256,5165700
3403,350,345,447538,6861,1795601,5033000
3404,365,335,447173,6891,1795936,4761700
3405,352,338,446821,6905,1796274,4687200
3406,335,346,446486,6894,1796620,4753700
3407,314,322,446172,6886,1796942,4816400
3408,367,347,445805,6906,1797289,5198200
3409,356,366,445449,6896,1797655,5122200
3410,357,330,445092,6923,1797985,5038600
3411,325,342,444767,6906,1798327,5065300
3412,354,377,444413,6883,1798704,5071800
3413,340,365,444073,6858,1799069,5148200
3414,312,348,443761,6822,1799417,5631900
3415,354,363,443407,6813,1799780,5078400
3416,343,336,443064,6820,1800116,4959900
3417,377,337,442687,6860,1800453,5272500
3418,344,351,442343,6853,1800804,5185400
3419,346,335,441997,6864,1801139,5046300
3420,321,314,441676,6871,1801453,5006900
3421,343,313,441333,6901,1801766,5108600
3422,344,356,440989,6889,1802122,5100900
3423,356,328,440633,6917,1802450,5273700
3424,371,345,440262,6943,1802795,5247100
3425,350,361,439912,6932,1803156,5173200
3426,336,351,439576,6917,1803507,5257500
3427,326,347,439250,6896,1803854,5566800
3428,325,336,438925,6885,1804190,5033700
3429,292,355,438633,6822,1804545,5215900
3430,354,350,438279,6826,1804895,5263200
3431,338,315,437941,6849,1805210,5492200
3432,351,359,437590,6841,1805569,5689300
3433,325,355,437265,6811,1805924,5301300
3434,336,354,436929,6793,1806278,5292700
3435,347,340,436582,6800,1806618,5271600
3436,323,313,436259,6810,1806931,5153200
3437,365,329,435894,6846,1807260,5200700
3438,354,338,435540,6862,1807598,5510200
3439,330,375,435210,6817,1807973,5597300
3440,346,359,434864,6804,1808332,6171900
3441,333,327,434531,6810,1808659,5960100
3442,337,348,434194,6799,1809007,5376600
3443,322,341,433872,6780,1809348,5345300
3444,321,318,433551,6783,1809666,5560900
3445,359,352,433192,6790,1810018,5512500
3446,344,340,432848,6794,1810358,5518300
3447,353,342,432495,6805,1810700,5396300
3448,332,345,432163,6792,1811045,5349000
3449,340,345,431823,6787,1811390,5863900
3450,367,344,431456,6810,1811734,5488600
3451,327,328,431129,6809,1812062,5588800
3452,324,351,430805,6782,1812413,5116400
3453,296,359,430509,6719,1812772,4882200
3454,333,351,430176,6701,1813123,4829500
3455,337,343,429839,6695,1813466,4789600
3456,311,332,429528,6674,1813798,4740600
3457,326,298,429202,6702,1814096,4645300
3458,357,352,428845,6707,1814448,4663700
3459,343,333,428502,6717,1814781,5382500
3460,335,351,428167,6701,1815132,4506100
3461,343,324,427824,6720,1815456,4458900
3462,350,303,427474,6767,1815759,4511400
3463,339,350,427135,6756,1816109,4671800
3464,312,352,426823,6716,1816461,4618700
3465,338,331,426485,6723,1816792,4540800
3466,362,308,426123,6777,1817100,4524600
3467,349,330,425774,6796,1817430,4621100
3468,350,347,425424,6799,1817777,4720300
3469,329,372,425095,6756,1818149,4819100
3470,325,356,424770,6725,1818505,5070400
3471,367,332,424403,6760,1818837,4844200
3472,313,296,424090,6777,1819133,5502200
3473,341,355,423749,6763,1819488,4833600
3474,340,353,423409,6750,1819841,4730100
3475,316,326,423093,6740,1820167,4808600
3476,325,350,422768,6715,1820517,5033800
3477,344,348,422424,6711,1820865,4715200
3478,313,347,422111,6677,1821212,4806900
3479,298,345,421813,6630,1821557,4875400
3480,327,334,421486,6623,1821891,4663600
3481,350,339,421136,6634,1822230,4593300
3482,314,347,420822,6601,1822577,4794500
3483,311,312,420511,6600,1822889,4846900
3484,310,364,420201,6546,1823253,4502000
3485,359,321,419842,6584,1823574,4903900
3486,326,343,419516,6567,1823917,5159400
3487,322,327,419194,6562,1824244,4801000
3488,321,326,418873,6557,1824570,4580100
3489,276,315,418597,6518,1824885,4808800
3490,288,319,418309,6487,1825204,4465300
3491,324,336,417985,6475,1825540,4635800
3492,290,324,417695,6441,1825864,5062000
3493,309,300,417386,6450,1826164,4918100
3494,290,328,417096,6412,1826492,4790100
3495,303,287,416793,6428,1826779,4574200
3496,308,311,416485,6425,1827090,4604500
3497,291,329,416194,6387,1827419,5237600
3498,297,323,415897,6361,1827742,4955400
3499,348,311,415549,6398,1828053,4814600
3500,325,312,415224,6411,1828365,4893100
3501,317,336,414907,6392,1828701,5192000
3502,303,307,414604,6388,1829008,4954000
3503,324,358,414280,6354,1829366,4928400
3504,317,297,413963,6374,1829663,4831000
3505,318,301,413645,6391,1829964,4863700
3506,328,306,413317,6413,1830270,4559100
3507,322,322,412995,6413,1830592,4674500
3508,337,351,412658,6399,1830943,4511300
3509,317,301,412341,6415,1831244,4619200
3510,309,328,412032,6396,1831572,4935800
3511,309,328,411723,6377,1831900,4509000
3512,344,331,411379,6390,1832231,4599400
3513,320,327,411059,6383,1832558,4570400
3514,309,317,410750,6375,1832875,4624700
3515,328,334,410422,6369,1833209,4499300
3516,309,316,410113,6362,1833525,4397600
3517,318,300,409795,6380,1833825,4717100
3518,310,317,409485,6373,1834142,4470800
3519,319,324,409166,6368,1834466,4668500
3520,337,356,408829,6349,1834822,4750300
3521,336,317,408493,6368,1835139,4825000
3522,336,295,408157,6409,1835434,4374600
3523,343,346,407814,6406,1835780,5158400
3524,319,327,407495,6398,1836107,5148300
3525,332,306,407163,6424,1836413,4672600
3526,323,311,406840,6436,1836724,5148100
3527,340,295,406500,6481,1837019,5121600
3528,308,322,406192,6467,1837341,4897300
3529,319,319,405873,6467,1837660,4488800
3530,312,322,405561,6457,1837982,5097300
3531,354,311,405207,6500,1838293,4491800
3532,323,355,404884,6468,1838648,4363000
3533,349,368,404535,6449,1839016,4417600
3534,348,309,404187,6488,1839325,4269500
3535,343,353,403844,6478,1839678,4421400
3536,354,324,403490,6508,1840002,4384700
3537,357,329,403133,6536,1840331,4971700
3538,324,321,402809,6539,1840652,4984500
3539,352,340,402457,6551,1840992,5080700
3540,317,325,402140,6543,1841317,4528800
3541,329,290,401811,6582,1841607,4760000
3542,332,348,401479,6566,1841955,5031600
3543,337,340,401142,6563,1842295,4885400
3544,348,325,400794,6586,1842620,5000600
3545,326,325,400468,6587,1842945,4698400
3546,312,333,400156,6566,1843278,5137800
3547,367,329,399789,6604,1843607,4937400
3548,324,323,399465,6605,1843930,4795900
3549,359,335,399106,6629,1844265,5081500
3550,323,321,398783,6631,1844586,4636800
3551,335,347,398448,6619,1844933,5025600
3552,324,316,398124,6627,1845249,4955000
3553,318,341,397806,6604,1845590,4572600
3554,343,318,397463,6629,1845908,4776900
3555,321,346,397142,6604,1846254,4571000
3556,345,325,396797,6624,1846579,4641600
3557,334,311,396463,6647,1846890,4467800
3558,330,373,396133,6604,1847263,5117900
3559,365,317,395768,6652,1847580,5140700
3560,351,328,395417,6675,1847908,4472900
3561,322,338,395095,6659,1848246,4504800
3562,301,336,394794,6624,1848582,4537100
3563,316,338,394478,6602,1848920,4735400
3564,327,339,394151,6590,1849259,4868300
3565,342,339,393809,6593,1849598,4653200
3566,325,328,393484,6590,1849926,4795800
3567,314,346,393170,6558,1850272,5147400
3568,323,320,392847,6561,1850592,5086200
3569,330,319,392517,6572,1850911,4809800
3570,333,306,392184,6599,1851217,5580100
3571,335,358,391849,6576,1851575,4991900
3572,336,352,391513,6560,1851927,4842900
3573,309,349,391204,6520,1852276,4774700
3574,318,326,390886,6512,1852602,4678300
3575,364,315,390522,6561,1852917,4817000
3576,316,312,390206,6565,1853229,4979200
3577,377,339,389829,6603,1853568,4941600
3578,332,335,389497,6600,1853903,4939400
3579,333,357,389164,6576,1854260,5450500
3580,357,302,388807,6631,1854562,4963400
3581,347,327,388460,6651,1854889,4914000
3582,350,318,388110,6683,1855207,5216500
3583,333,317,387777,6699,1855524,5103900
3584,320,338,387457,6681,1855862,4900300
3585,327,351,387130,6657,1856213,4859000
3586,325,341,386805,6641,1856554,4926100
3587,316,281,386489,6676,1856835,4801600
3588,327,343,386162,6660,1857178,5427000
3589,361,345,385801,6676,1857523,4798800
3590,316,324,385485,6668,1857847,4485300
3591,352,336,385133,6684,1858183,4505900
3592,332,318,384801,6698,1858501,4797200
3593,328,345,384473,6681,1858846,4611900
3594,325,325,384148,6681,1859171,4782000
3595,342,322,383806,6701,1859493,5278000
3596,381,293,383425,6789,1859786,4566900
3597,346,353,383079,6782,1860139,4608900
3598,333,324,382746,6791,1860463,4710800
3599,351,321,382395,6821,1860784,4577000
3600,342,343,382053,6820,1861127,4801500
3601,350,351,381703,6819,1861478,4603700
3602,356,354,381347,6821,1861832,4667500
3603,343,296,381004,6868,1862128,4664900
3604,340,325,380664,6883,1862453,4548200
3605,324,344,380340,6863,1862797,5056900
3606,328,328,380012,6863,1863125,4336800
3607,318,336,379694,6845,1863461,5080800
3608,342,351,379352,6836,1863812,4471700
3609,307,318,379045,6825,1864130,4381200
3610,333,335,378712,6823,1864465,4521800
3611,328,355,378384,6796,1864820,4517000
3612,334,345,378050,6785,1865165,5047800
3613,347,330,377703,6802,1865495,4555800
3614,321,323,377382,6800,1865818,4685900
3615,326,352,377056,6774,1866170,4865700
3616,323,316,376733,6781,1866486,4768500
3617,321,343,376412,6759,1866829,4563700
3618,339,337,376073,6761,1867166,4496700
3619,322,322,375751,6761,1867488,4795300
3620,345,331,375406,6775,1867819,4417600
3621,301,358,375105,6718,1868177,4684100
3622,342,374,374763,6686,1868551,4617800
3623,304,327,374459,6663,1868878,4609800
3624,315,314,374144,6664,1869192,4954300
3625,324,320,373820,6668,1869512,4728900
3626,302,337,373518,6633,1869849,4627800
3627,317,303,373201,6647,1870152,4766600
3628,301,330,372900,6618,1870482,4676700
3629,334,332,372566,6620,1870814,4923300
3630,287,325,372279,6582,1871139,5186300
3631,300,333,371979,6549,1871472,4886500
3632,338,315,371641,6572,1871787,4814400
3633,313,313,371328,6572,1872100,4788500
3634,293,307,371035,6558,1872407,4896200
3635,317,352,370718,6523,1872759,5289500
3636,324,351,370394,6496,1873110,5358400
3637,294,360,370100,6430,1873470,4686200
3638,324,313,369776,6441,1873783,4566300
3639,285,316,369491,6410,1874099,4584300
3640,308,331,369183,6387,1874430,4927300
3641,292,311,368891,6368,1874741,4919200
3642,305,331,368586,6342,1875072,4614200
3643,309,303,368277,6348,1875375,4855500
3644,305,305,367972,6348,1875680,4725300
3645,282,290,367690,6340,1875970,4785400
3646,299,314,367391,6325,1876284,4859100
3647,309,326,367082,6308,1876610,4877300
3648,337,304,366745,6341,1876914,4981100
3649,290,322,366455,6309,1877236,5207500
3650,315,286,366140,6338,1877522,4547700
3651,306,348,365834,6296,1877870,4809600
3652,314,316,365520,6294,1878186,4922000
3653,274,325,365246,6243,1878511,4793900
3654,287,328,364959,6202,1878839,4656600
3655,290,301,364669,6191,1879140,4719100
3656,262,306,364407,6147,1879446,4967900
3657,260,304,364147,6103,1879750,4532100
3658,295,298,363852,6100,1880048,5184200
3659,291,286,363561,6105,1880334,4382500
3660,297,308,363264,6094,1880642,4504600
3661,308,322,362956,6080,1880964,4433900
3662,301,279,362655,6102,1881243,4434000
3663,308,290,362347,6120,1881533,4678600
3664,332,306,362015,6146,1881839,4708300
3665,271,308,361744,6109,1882147,4503800
3666,302,273,361442,6138,1882420,4593500
3667,310,296,361132,6152,1882716,4748300
3668,312,328,360820,6136,1883044,4557500
3669,305,320,360515,6121,1883364,4823800
3670,305,316,360210,6110,1883680,4546000
3671,296,291,359914,6115,1883971,4396200
3672,322,309,359592,6128,1884280,4671300
3673,310,320,359282,6118,1884600,4558400
3674,312,296,358970,6134,1884896,4537000
3675,321,320,358649,6135,1885216,4441600
3676,342,305,358307,6172,1885521,4915600
3677,290,312,358017,6150,1885833,4879500
3678,319,333,357698,6136,1886166,4506100
3679,307,321,357391,6122,1886487,4557100
3680,288,333,357103,6077,1886820,4820300
3681,298,294,356805,6081,1887114,5046300
3682,317,283,356488,6115,1887397,4986500
3683,302,323,356186,6094,1887720,5192100
3684,325,325,355861,6094,1888045,4701000
3685,278,330,355583,6042,1888375,4721700
3686,290,316,355293,6016,1888691,4514100
3687,300,312,354993,6004,1889003,5033400
3688,281,308,354712,5977,1889311,4770500
3689,299,301,354413,5975,1889612,4368300
3690,302,274,354111,6003,1889886,4627700
3691,314,322,353797,5995,1890208,4416900
3692,273,324,353524,5944,1890532,4431600
3693,290,301,353234,5933,1890833,4513500
3694,256,302,352978,5887,1891135,4644000
3695,285,260,352693,5912,1891395,4489100
3696,301,311,352392,5902,1891706,5109300
3697,260,264,352132,5898,1891970,4755900
3698,270,314,351862,5854,1892284,4427300
3699,266,242,351596,5878,1892526,5272300
3700,296,285,351300,5889,1892811,4615000
3701,272,330,351028,5831,1893141,4330000
3702,283,261,350745,5853,1893402,4853900
3703,311,264,350434,5900,1893666,5067100
3704,289,290,350145,5899,1893956,5023800
3705,282,288,349863,5893,1894244,4502500
3706,302,282,349561,5913,1894526,4605100
3707,289,282,349272,5920,1894808,4446700
3708,301,301,348971,5920,1895109,4849100
3709,263,308,348708,5875,1895417,4661200
3710,294,270,348414,5899,1895687,4704400
3711,292,288,348122,5903,1895975,4627800
3712,284,326,347838,5861,1896301,4551500
3713,277,296,347561,5842,1896597,4931500
3714,292,286,347269,5848,1896883,4565100
3715,279,308,346990,5819,1897191,4534700
3716,263,311,346727,5771,1897502,4571700
3717,291,281,346436,5781,1897783,4614500
3718,287,275,346149,5793,1898058,4600500
3719,309,297,345840,5805,1898355,4494800
3720,259,273,345581,5791,1898628,4462400
3721,266,282,345315,5775,1898910,4606300
3722,273,292,345042,5756,1899202,4632600
3723,280,271,344762,5765,1899473,4696000
3724,267,286,344495,5746,1899759,4574400
3725,258,279,344237,5725,1900038,4491800
3726,265,303,343972,5687,1900341,4516300
3727,268,277,343704,5678,1900618,4481600
3728,260,288,343444,5650,1900906,4456700
3729,248,261,343196,5637,1901167,4530300
3730,256,269,342940,5624,1901436,4644600
3731,292,269,342648,5647,1901705,4420600
3732,272,269,342376,5650,1901974,4381900
3733,281,287,342095,5644,1902261,4632100
3734,261,285,341834,5620,1902546,5043000
3735,275,282,341559,5613,1902828,4463300
3736,282,275,341277,5620,1903103,4411300
3737,276,249,341001,5647,1903352,4811800
3738,269,266,340732,5650,1903618,4558200
3739,268,280,340464,5638,1903898,4781300
3740,288,279,340176,5647,1904177,4528800
3741,259,305,339917,5601,1904482,4431600
3742,283,267,339634,5617,1904749,4367200
3743,223,278,339411,5562,1905027,4474700
3744,254,285,339157,5531,1905312,4431800
3745,257,279,338900,5509,1905591,4435900
3746,272,296,338628,5485,1905887,4500400
3747,240,276,338388,5449,1906163,4623400
3748,265,264,338123,5450,1906427,4450100
3749,283,294,337840,5439,1906721,4514900
3750,274,293,337566,5420,1907014,4503900
3751,279,267,337287,5432,1907281,4882300
3752,262,252,337025,5442,1907533,4486300
3753,259,260,336766,5441,1907793,4551100
3754,267,272,336499,5436,1908065,4838900
3755,298,292,336201,5442,1908357,4735900
3756,253,282,335948,5413,1908639,5069100
3757,284,272,335664,5425,1908911,4631000
3758,288,283,335376,5430,1909194,5129300
3759,285,299,335091,5416,1909493,4852700
3760,256,252,334835,5420,1909745,4504600
3761,287,252,334548,5455,1909997,4404000
3762,277,277,334271,5455,1910274,4345000
3763,290,298,333981,5447,1910572,5200800
3764,267,275,333714,5439,1910847,4489300
3765,284,288,333430,5435,1911135,4862200
3766,284,268,333146,5451,1911403,4619000
3767,240,257,332906,5434,1911660,4980200
3768,276,269,332630,5441,1911929,4615700
3769,276,274,332354,5443,1912203,4545000
3770,277,292,332077,5428,1912495,4561500
3771,274,267,331803,5435,1912762,5230900
3772,259,239,331544,5455,1913001,4783400
3773,279,309,331265,5425,1913310,4549100
3774,246,293,331019,5378,1913603,4856500
3775,253,292,330766,5339,1913895,4312100
3776,274,282,330492,5331,1914177,4589600
3777,245,281,330247,5295,1914458,4492700
3778,239,252,330008,5282,1914710,5091900
3779,256,235,329752,5303,1914945,5062100
3780,287,295,329465,5295,1915240,5240700
3781,266,258,329199,5303,1915498,5143800
3782,249,257,328950,5295,1915755,4868200
3783,270,243,328680,5322,1915998,4882900
3784,255,268,328425,5309,1916266,4667600
3785,240,244,328185,5305,1916510,5262600
3786,291,245,327894,5351,1916755,4869500
3787,243,242,327651,5352,1916997,4936100
3788,275,250,327376,5377,1917247,4744300
3789,267,275,327109,5369,1917522,4785200
3790,264,294,326845,5339,1917816,5075700
3791,269,271,326576,5337,1918087,4667400
3792,295,237,326281,5395,1918324,5078400
3793,308,246,325973,5457,1918570,5017200
3794,247,255,325726,5449,1918825,4998100
3795,246,265,325480,5430,1919090,4423600
3796,281,276,325199,5435,1919366,4337600
3797,226,291,324973,5370,1919657,4522000
3798,252,256,324721,5366,1919913,4726400
3799,277,266,324444,5377,1920179,4377900
3800,256,278,324188,5355,1920457,4735000
3801,239,271,323949,5323,1920728,4313300
3802,253,244,323696,5332,1920972,4564400
3803,250,276,323446,5306,1921248,4918500
3804,267,267,323179,5306,1921515,4441000
3805,261,292,322918,5275,1921807,4766300
3806,270,236,322648,5309,1922043,4612200
3807,260,270,322388,5299,1922313,4939900
3808,252,285,322136,5266,1922598,5093400
3809,259,280,321877,5245,1922878,4609800
3810,268,259,321609,5254,1923137,4442100
3811,268,275,321341,5247,1923412,4633300
3812,271,255,321070,5263,1923667,4629400
3813,246,265,320824,5244,1923932,4423700
3814,259,268,320565,5235,1924200,4670700
3815,267,244,320298,5258,1924444,4367200
3816,292,249,320006,5301,1924693,4421500
3817,263,242,319743,5322,1924935,4820700
3818,293,299,319450,5316,1925234,4833500
3819,268,262,319182,5322,1925496,4830400
3820,283,301,318899,5304,1925797,4564900
3821,267,230,318632,5341,1926027,4712900
3822,277,267,318355,5351,1926294,4490100
3823,269,258,318086,5362,1926552,4696900
3824,280,261,317806,5381,1926813,5150600
3825,257,265,317549,5373,1927078,4390300
3826,236,270,317313,5339,1927348,4541900
3827,260,249,317053,5350,1927597,4495600
3828,272,289,316781,5333,1927886,4961800
3829,314,253,316467,5394,1928139,4607200
3830,294,242,316173,5446,1928381,4623600
3831,285,270,315888,5461,1928651,4478000
3832,269,292,315619,5438,1928943,4684700
3833,250,246,315369,5442,1929189,4656400
3834,260,239,315109,5463,1929428,5207200
3835,298,282,314811,5479,1929710,5049700
3836,261,248,314550,5492,1929958,4695900
3837,258,277,314292,5473,1930235,5336400
3838,273,267,314019,5479,1930502,5156400
3839,266,279,313753,5466,1930781,4470900
3840,260,291,313493,5435,1931072,4600100
3841,235,290,313258,5380,1931362,4877100
3842,236,252,313022,5364,1931614,4613800
3843,258,269,312764,5353,1931883,4854700
3844,278,248,312486,5383,1932131,4621700
3845,256,258,312230,5381,1932389,4937200
3846,260,258,311970,5383,1932647,4870400
3847,270,306,311700,5347,1932953,5091900
3848,256,282,311444,5321,1933235,4919700
3849,246,284,311198,5283,1933519,4899300
3850,232,284,310966,5231,1933803,4650000
3851,259,224,310707,5266,1934027,4948800
3852,269,271,310438,5264,1934298,4868100
3853,286,296,310152,5254,1934594,4668200
3854,253,242,309899,5265,1934836,5373300
3855,279,284,309620,5260,1935120,4688600
3856,302,264,309318,5298,1935384,4919100
3857,259,272,309059,5285,1935656,4919200
3858,270,280,308789,5275,1935936,4980200
3859,260,256,308529,5279,1936192,5246600
3860,255,249,308274,5285,1936441,4819500
3861,270,269,308004,5286,1936710,5640300
3862,274,261,307730,5299,1936971,5163200
3863,260,271,307470,5288,1937242,4842800
3864,257,274,307213,5271,1937516,4718700
3865,227,255,306986,5243,1937771,4458500
3866,271,265,306715,5249,1938036,4539100
3867,257,273,306458,5233,1938309,4522700
3868,256,266,306202,5223,1938575,4565300
3869,246,259,305956,5210,1938834,4469500
3870,255,259,305701,5206,1939093,4933900
3871,287,246,305414,5247,1939339,5046800
3872,258,272,305156,5233,1939611,5013300
3873,261,260,304895,5234,1939871,5031400
3874,281,272,304614,5243,1940143,4715200
3875,291,276,304323,5258,1940419,5125400
3876,245,268,304078,5235,1940687,4630000
3877,296,248,303782,5283,1940935,4863400
3878,273,247,303509,5309,1941182,4822100
3879,274,303,303235,5280,1941485,4603300
3880,266,277,302969,5269,1941762,5267000
3881,284,279,302685,5274,1942041,4653300
3882,246,262,302439,5258,1942303,4918100
3883,254,283,302185,5229,1942586,4590100
3884,236,266,301949,5199,1942852,5166100
3885,265,221,301684,5243,1943073,5246400
3886,277,250,301407,5270,1943323,4782600
3887,283,263,301124,5290,1943586,6292000
3888,268,274,300856,5284,1943860,5492200
3889,249,250,300607,5283,1944110,5834000
3890,263,274,300344,5272,1944384,5254700
3891,243,282,300101,5233,1944666,4923400
3892,226,263,299875,5196,1944929,4768700
3893,243,290,299632,5149,1945219,4898700
3894,241,274,299391,5116,1945493,4771600
3895,231,256,299160,5091,1945749,4993100
3896,241,235,298919,5097,1945984,4772500
3897,233,262,298686,5068,1946246,4695000
3898,236,257,298450,5047,1946503,4544300
3899,237,260,298213,5024,1946763,4503100
3900,255,255,297958,5024,1947018,4612700
3901,273,254,297685,5043,1947272,4990700
3902,254,244,297431,5053,1947516,4961500
3903,250,230,297181,5073,1947746,4495700
3904,241,234,296940,5080,1947980,4598000
3905,255,232,296685,5103,1948212,4421100
3906,253,244,296432,5112,1948456,4506700
3907,246,226,296186,5132,1948682,4759800
3908,246,243,295940,5135,1948925,4348400
3909,281,258,295659,5158,1949183,4461600
3910,237,282,295422,5113,1949465,4539200
3911,246,286,295176,5073,1949751,4758400
3912,237,246,294939,5064,1949997,4481300
3913,251,266,294688,5049,1950263,4895500
3914,248,267,294440,5030,1950530,4429200
3915,216,272,294224,4974,1950802,4811700
3916,251,261,293973,4964,1951063,4623800
3917,265,262,293708,4967,1951325,4929200
3918,249,266,293459,4950,1951591,5055300
3919,234,240,293225,4944,1951831,5298600
3920,223,244,293002,4923,1952075,4675600
3921,246,244,292756,4925,1952319,4653400
3922,237,229,292519,4933,1952548,4875300
3923,248,215,292271,4966,1952763,4697400
3924,250,242,292021,4974,1953005,4504200
3925,277,274,291744,4977,1953279,4439600
3926,226,238,291518,4965,1953517,4862800
3927,272,245,291246,4992,1953762,4781300
3928,239,274,291007,4957,1954036,4965300
3929,249,223,290758,4983,1954259,4600100
3930,233,252,290525,4964,1954511,4780100
3931,258,262,290267,4960,1954773,4681700
3932,219,239,290048,4940,1955012,4799200
3933,221,229,289827,4932,1955241,4612300
3934,233,268,289594,4897,1955509,4591900
3935,208,243,289386,4862,1955752,4541500
3936,230,237,289156,4855,1955989,4559100
3937,245,251,288911,4849,1956240,4481700
3938,222,261,288689,4810,1956501,4521800
3939,247,242,288442,4815,1956743,5031800
3940,245,227,288197,4833,1956970,5132100
3941,225,243,287972,4815,1957213,4484000
3942,252,225,287720,4842,1957438,4748500
3943,254,212,287466,4884,1957650,4464200
3944,231,240,287235,4875,1957890,4252900
3945,213,227,287022,4861,1958117,4373300
3946,226,232,286796,4855,1958349,4441200
3947,234,209,286562,4880,1958558,5130700
3948,251,225,286311,4906,1958783,5082900
3949,232,232,286079,4906,1959015,4397700
3950,241,261,285838,4886,1959276,4595500
3951,204,247,285634,4843,1959523,4638100
3952,229,219,285405,4853,1959742,4662100
3953,243,266,285162,4830,1960008,4589800
3954,218,255,284944,4793,1960263,4268900
3955,248,223,284696,4818,1960486,4365600
3956,239,249,284457,4808,1960735,4547600
3957,247,243,284210,4812,1960978,4746600
3958,253,217,283957,4848,1961195,4623800
3959,241,250,283716,4839,1961445,4571900
3960,259,231,283457,4867,1961676,4460100
3961,250,251,283207,4866,1961927,4704800
3962,248,249,282959,4865,1962176,4539500
3963,225,234,282734,4856,1962410,4831500
3964,257,218,282477,4895,1962628,5060400
3965,229,256,282248,4868,1962884,4470000
3966,250,234,281998,4884,1963118,4774100
3967,279,229,281719,4934,1963347,4567700
3968,232,221,281487,4945,1963568,4339900
3969,232,236,281255,4941,1963804,4309400
3970,252,245,281003,4948,1964049,4660000
3971,273,241,280730,4980,1964290,4531100
3972,244,236,280486,4988,1964526,4720800
3973,251,298,280235,4941,1964824,4475900
3974,246,254,279989,4933,1965078,4473200
3975,238,260,279751,4911,1965338,4321700
3976,246,219,279505,4938,1965557,4454500
3977,218,266,279287,4890,1965823,5160500
3978,248,246,279039,4892,1966069,4488000
3979,257,244,278782,4905,1966313,4512500
3980,222,252,278560,4875,1966565,4437100
3981,256,229,278304,4902,1966794,4682700
3982,228,215,278076,4915,1967009,4349400
3983,261,256,277815,4920,1967265,4472800
3984,243,240,277572,4923,1967505,4543100
3985,223,237,277349,4909,1967742,4449400
3986,230,237,277119,4902,1967979,4942700
3987,256,250,276863,4908,1968229,4523000
3988,255,257,276608,4906,1968486,4463700
3989,199,236,276409,4869,1968722,4537500
3990,265,267,276144,4867,1968989,4586700
3991,249,213,275895,4903,1969202,4654000
3992,243,251,275652,4895,1969453,4617600
3993,272,242,275380,4925,1969695,4593800
3994,255,253,275125,4927,1969948,4882100
3995,255,224,274870,4958,1970172,4486600
3996,234,271,274636,4921,1970443,5047500
3997,231,227,274405,4925,1970670,4506200
3998,255,246,274150,4934,1970916,4674700
3999,264,269,273886,4929,1971185,4900700
4000,234,227,273652,4936,1971412,4615500
4001,241,233,273411,4944,1971645,4817300
4002,269,250,273142,4963,1971895,4645500
4003,277,265,272865,4975,1972160,4666700
4004,265,273,272600,4967,1972433,4603600
4005,254,239,272346,4982,1972672,4668100
4006,259,253,272087,4988,1972925,4724500
4007,247,261,271840,4974,1973186,4834600
4008,256,231,271584,4999,1973417,4626700
4009,264,218,271320,5045,1973635,4777300
4010,232,232,271088,5045,1973867,4604300
4011,256,251,270832,5050,1974118,4507900
4012,280,243,270552,5087,1974361,5204800
4013,273,273,270279,5087,1974634,5201400
4014,269,254,270010,5102,1974888,4755200
4015,243,264,269767,5081,1975152,4930600
4016,241,265,269526,5057,1975417,4528800
4017,245,244,269281,5058,1975661,5944600
4018,251,242,269030,5067,1975903,5042500
4019,220,226,268810,5061,1976129,4867300
4020,251,268,268559,5044,1976397,4583900
4021,240,266,268319,5018,1976663,4501200
4022,236,256,268083,4998,1976919,4531300
4023,231,242,267852,4987,1977161,4881700
4024,237,254,267615,4970,1977415,4655500
4025,252,220,267363,5002,1977635,4520900
4026,233,257,267130,4978,1977892,4688000
4027,248,257,266882,4969,1978149,4463300
4028,212,275,266670,4906,1978424,4464600
4029,296,249,266374,4953,1978673,4981200
4030,220,263,266154,4910,1978936,4742100
4031,217,257,265937,4870,1979193,4498500
4032,241,232,265696,4879,1979425,4641200
4033,261,273,265435,4867,1979698,4513000
4034,205,235,265230,4837,1979933,4609700
4035,239,237,264991,4839,1980170,4731200
4036,232,249,264759,4822,1980419,5066200
4037,234,260,264525,4796,1980679,4503400
4038,254,261,264271,4789,1980940,4749900
4039,236,218,264035,4807,1981158,4949600
4040,251,250,263784,4808,1981408,5028800
4041,226,301,263558,4733,1981709,4736700
4042,252,242,263306,4743,1981951,4845500
4043,224,242,263082,4725,1982193,4752800
4044,254,234,262828,4745,1982427,4478500
4045,250,246,262578,4749,1982673,4610900
4046,214,234,262364,4729,1982907,4730800
4047,235,268,262129,4696,1983175,4729900
4048,223,217,261906,4702,1983392,4875700
4049,233,240,261673,4695,1983632,4676200
4050,232,238,261441,4689,1983870,4649000
4051,232,248,261209,4673,1984118,4598100
4052,232,237,260977,4668,1984355,4644700
4053,233,243,260744,4658,1984598,4468200
4054,235,212,260509,4681,1984810,4532600
4055,222,242,260287,4661,1985052,4531600
4056,200,222,260087,4639,1985274,4855700
4057,239,228,259848,4650,1985502,4388800
4058,241,231,259607,4660,1985733,4721700
4059,213,248,259394,4625,1985981,4601500
4060,259,212,259135,4672,1986193,4532300
4061,219,246,258916,4645,1986439,4580500
4062,226,254,258690,4617,1986693,5133900
4063,266,225,258424,4658,1986918,4556500
4064,239,238,258185,4659,1987156,4712900
4065,237,260,257948,4636,1987416,4790500
4066,230,239,257718,4627,1987655,4658500
4067,230,227,257488,4630,1987882,4490700
4068,249,241,257239,4638,1988123,4696200
4069,257,237,256982,4658,1988360,4596900
4070,217,214,256765,4661,1988574,4597400
4071,238,267,256527,4632,1988841,4461700
4072,257,220,256270,4669,1989061,4360600
4073,219,220,256051,4668,1989281,4491600
4074,248,240,255803,4676,1989521,4815800
4075,243,243,255560,4676,1989764,4773200
4076,246,226,255314,4696,1989990,4546500
4077,230,229,255084,4697,1990219,4569800
4078,225,239,254859,4683,1990458,4476300
4079,236,221,254623,4698,1990679,4464200
4080,221,269,254402,4650,1990948,4690100
4081,246,238,254156,4658,1991186,4613900
4082,220,223,253936,4655,1991409,4665700
4083,232,250,253704,4637,1991659,4539600
4084,245,208,253459,4674,1991867,4500200
4085,257,257,253202,4674,1992124,4671600
4086,258,250,252944,4682,1992374,4479100
4087,229,219,252715,4692,1992593,4569200
4088,233,231,252482,4694,1992824,5098500
4089,231,242,252251,4683,1993066,4594800
4090,256,218,251995,4721,1993284,4664100
4091,255,236,251740,4740,1993520,5110600
4092,245,254,251495,4731,1993774,4708500
4093,231,232,251264,4730,1994006,4668600
4094,232,250,251032,4712,1994256,4477500
4095,238,221,250794,4729,1994477,4500300
4096,248,237,250546,4740,1994714,4830700
4097,265,246,250281,4759,1994960,4540700
4098,234,274,250047,4719,1995234,4396100
4099,256,248,249791,4727,1995482,4834200
4100,225,247,249566,4705,1995729,4607100
4101,250,234,249316,4721,1995963,4693600
4102,218,251,249098,4688,1996214,4704400
4103,248,212,248850,4724,1996426,4474800
4104,240,246,248610,4718,1996672,4718800
4105,241,226,248369,4733,1996898,4816800
4106,219,235,248150,4717,1997133,5104800
4107,237,217,247913,4737,1997350,4652100
4108,248,253,247665,4732,1997603,4360000
4109,227,219,247438,4740,1997822,4500700
4110,233,248,247205,4725,1998070,4531400
4111,233,213,246972,4745,1998283,4967400
4112,242,243,246730,4744,1998526,4848700
4113,242,249,246488,4737,1998775,4716700
4114,242,240,246246,4739,1999015,4509600
4115,250,234,245996,4755,1999249,4656100
4116,238,259,245758,4734,1999508,4674100
4117,247,236,245511,4745,1999744,4475600
4118,249,239,245262,4755,1999983,4276400
4119,242,259,245020,4738,2000242,4623400
4120,255,230,244765,4763,2000472,4740200
4121,197,235,244568,4725,2000707,4785100
4122,199,219,244369,4705,2000926,4318500
4123,235,231,244134,4709,2001157,4499800
4124,224,227,243910,4706,2001384,4634300
4125,202,242,243708,4666,2001626,4619300
4126,212,258,243496,4620,2001884,4587900
4127,246,225,243250,4641,2002109,4579900
4128,239,220,243011,4660,2002329,4416800
4129,221,239,242790,4642,2002568,4728900
4130,240,247,242550,4635,2002815,4306300
4131,216,237,242334,4614,2003052,4418400
4132,250,240,242084,4624,2003292,4517200
4133,218,251,241866,4591,2003543,4787900
4134,206,226,241660,4571,2003769,4935500
4135,232,224,241428,4579,2003993,4729900
4136,216,245,241212,4550,2004238,4691000
4137,230,208,240982,4572,2004446,4546400
4138,242,239,240740,4575,2004685,4693400
4139,234,223,240506,4586,2004908,4732000
4140,214,219,240292,4581,2005127,4566000
4141,210,230,240082,4561,2005357,4692900
4142,235,243,239847,4553,2005600,4758200
4143,249,215,239598,4587,2005815,4758500
4144,258,221,239340,4624,2006036,4788700
4145,224,221,239116,4627,2006257,4637200
4146,229,214,238887,4642,2006471,4586600
4147,229,230,238658,4641,2006701,4629800
4148,223,223,238435,4641,2006924,4901000
4149,204,226,238231,4619,2007150,4890100
4150,207,221,238024,4605,2007371,4491200
4151,208,229,237816,4584,2007600,4449200
4152,210,250,237606,4544,2007850,4468100
4153,232,211,237374,4565,2008061,4425200
4154,216,241,237158,4540,2008302,4604000
4155,223,248,236935,4515,2008550,4525100
4156,212,223,236723,4504,2008773,4483800
4157,194,222,236529,4476,2008995,4584200
4158,220,227,236309,4469,2009222,4227800
4159,226,226,236083,4469,2009448,4414600
4160,215,232,235868,4452,2009680,4661900
4161,205,214,235663,4443,2009894,4541100
4162,217,231,235446,4429,2010125,4797500
4163,241,231,235205,4439,2010356,4560800
4164,224,243,234981,4420,2010599,4618400
4165,214,198,234767,4436,2010797,4632600
4166,208,177,234559,4467,2010974,4569100
4167,233,220,234326,4480,2011194,4600300
4168,210,195,234116,4495,2011389,4501600
4169,194,181,233922,4508,2011570,4456100
4170,226,195,233696,4539,2011765,4475300
4171,231,219,233465,4551,2011984,4552900
4172,241,231,233224,4561,2012215,4796800
4173,217,207,233007,4571,2012422,4878200
4174,225,220,232782,4576,2012642,4315300
4175,230,241,232552,4565,2012883,4560800
4176,258,244,232294,4579,2013127,4391000
4177,220,214,232074,4585,2013341,4574200
4178,227,234,231847,4578,2013575,4953000
4179,237,238,231610,4577,2013813,4530500
4180,221,227,231389,4571,2014040,4654500
4181,204,223,231185,4552,2014263,4866100
4182,238,214,230947,4576,2014477,4809700
4183,223,208,230724,4591,2014685,5046400
4184,226,224,230498,4593,2014909,4976900
4185,219,238,230279,4574,2015147,4982300
4186,223,242,230056,4555,2015389,4912300
4187,227,219,229829,4563,2015608,4706400
4188,240,236,229589,4567,2015844,4587600
4189,211,216,229378,4562,2016060,4459800
4190,213,231,229165,4544,2016291,4661100
4191,205,211,228960,4538,2016502,4875900
4192,223,243,228737,4518,2016745,4715500
4193,234,235,228503,4517,2016980,4921700
4194,235,218,228268,4534,2017198,4678500
4195,239,218,228029,4555,2017416,4535200
4196,229,239,227800,4545,2017655,4607900
4197,229,250,227571,4524,2017905,4551200
4198,224,218,227347,4530,2018123,5000100
4199,252,226,227095,4556,2018349,4612900
4200,242,251,226853,4547,2018600,4961200
4201,232,214,226621,4565,2018814,4794500
4202,226,251,226395,4540,2019065,4844400
4203,221,207,226174,4554,2019272,4522200
4204,209,236,225965,4527,2019508,4633300
4205,222,199,225743,4550,2019707,5007800
4206,259,225,225484,4584,2019932,5272800
4207,221,241,225263,4564,2020173,4990800
4208,210,222,225053,4552,2020395,5187300
4209,227,225,224826,4554,2020620,4657900
4210,236,253,224590,4537,2020873,4694000
4211,250,208,224340,4579,2021081,4519000
4212,232,215,224108,4596,2021296,4664400
4213,250,236,223858,4610,2021532,4978900
4214,228,212,223630,4626,2021744,5077200
4215,235,236,223395,4625,2021980,5113600
4216,250,223,223145,4652,2022203,5086400
4217,244,236,222901,4660,2022439,5299900
4218,227,216,222674,4671,2022655,4972700
4219,257,228,222417,4700,2022883,5108100
4220,239,237,222178,4702,2023120,4670600
4221,220,234,221958,4688,2023354,4673200
4222,225,237,221733,4676,2023591,4745800
4223,212,243,221521,4645,2023834,5022800
4224,223,226,221298,4642,2024060,4753900
4225,225,223,221073,4644,2024283,5028700
4226,248,217,220825,4675,2024500,4576000
4227,243,207,220582,4711,2024707,4553600
4228,226,236,220356,4701,2024943,4519300
4229,237,270,220119,4668,2025213,5143600
4230,238,246,219881,4660,2025459,4664800
4231,270,222,219611,4708,2025681,4519200
4232,235,225,219376,4718,2025906,4661100
4233,236,250,219140,4704,2026156,4796100
4234,228,229,218912,4703,2026385,4652800
4235,226,231,218686,4698,2026616,4916500
4236,209,261,218477,4646,2026877,4679400
4237,221,223,218256,4644,2027100,4987700
4238,230,207,218026,4667,2027307,4476100
4239,229,234,217797,4662,2027541,4612900
4240,228,243,217569,4647,2027784,4565100
4241,230,253,217339,4624,2028037,4747500
4242,256,209,217083,4671,2028246,4628900
4243,218,218,216865,4671,2028464,5099200
4244,225,242,216640,4654,2028706,4794300
4245,224,261,216416,4617,2028967,4523700
4246,228,248,216188,4597,2029215,4687900
4247,212,217,215976,4592,2029432,5158700
4248,214,213,215762,4593,2029645,4897900
4249,208,219,215554,4582,2029864,4908400
4250,219,242,215335,4559,2030106,4690100
4251,215,233,215120,4541,2030339,4871300
4252,201,208,214919,4534,2030547,4683800
4253,235,219,214684,4550,2030766,4741500
4254,225,208,214459,4567,2030974,4499600
4255,223,255,214236,4535,2031229,4709300
4256,250,237,213986,4548,2031466,4965800
4257,227,228,213759,4547,2031694,4939600
4258,230,236,213529,4541,2031930,4640100
4259,225,208,213304,4558,2032138,4529500
4260,243,245,213061,4556,2032383,4798800
4261,201,233,212860,4524,2032616,4968200
4262,242,223,212618,4543,2032839,4673400
4263,244,212,212374,4575,2033051,4617900
4264,219,231,212155,4563,2033282,4671200
4265,226,240,211929,4549,2033522,5095700
4266,206,222,211723,4533,2033744,4873700
4267,201,218,211522,4516,2033962,4599400
4268,213,237,211309,4492,2034199,4881900
4269,197,220,211112,4469,2034419,5035900
4270,216,225,210896,4460,2034644,4650800
4271,202,234,210694,4428,2034878,4739900
4272,205,200,210489,4433,2035078,5069900
4273,203,191,210286,4445,2035269,5142600
4274,218,229,210068,4434,2035498,4625100
4275,209,214,209859,4429,2035712,4543300
4276,208,212,209651,4425,2035924,4912200
4277,228,226,209423,4427,2036150,4871400
4278,210,226,209213,4411,2036376,4966300
4279,207,210,209006,4408,2036586,4678200
4280,215,215,208791,4408,2036801,5181400
4281,191,204,208600,4395,2037005,4653900
4282,212,206,208388,4401,2037211,4627100
4283,212,244,208176,4369,2037455,4975500
4284,210,222,207966,4357,2037677,4772400
4285,217,206,207749,4368,2037883,5017000
4286,210,203,207539,4375,2038086,5091900
4287,203,204,207336,4374,2038290,4746000
4288,202,202,207134,4374,2038492,5298200
4289,191,205,206943,4360,2038697,5110500
4290,225,238,206718,4347,2038935,5057800
4291,202,194,206516,4355,2039129,4899800
4292,215,222,206301,4348,2039351,4860700
4293,207,218,206094,4337,2039569,4476700
4294,230,248,205864,4319,2039817,4493200
4295,214,212,205650,4321,2040029,4757000
4296,212,197,205438,4336,2040226,4616300
4297,225,227,205213,4334,2040453,4897300
4298,195,199,205018,4330,2040652,4799500
4299,209,199,204809,4340,2040851,5036600
4300,223,222,204586,4341,2041073,4553100
4301,193,191,204393,4343,2041264,4445300
4302,235,221,204158,4357,2041485,4706500
4303,211,189,203947,4379,2041674,5016500
4304,208,226,203739,4361,2041900,5072400
4305,210,220,203529,4351,2042120,4645000
4306,232,219,203297,4364,2042339,4835100
4307,184,185,203113,4363,2042524,4914300
4308,215,220,202898,4358,2042744,4894700
4309,232,206,202666,4384,2042950,4630000
4310,191,244,202475,4331,2043194,4694000
4311,211,213,202264,4329,2043407,4851200
4312,225,213,202039,4341,2043620,4391600
4313,224,198,201815,4367,2043818,4621400
4314,229,209,201586,4387,2044027,4723500
4315,199,233,201387,4353,2044260,4832500
4316,221,216,201166,4358,2044476,5046700
4317,219,213,200947,4364,2044689,4506500
4318,207,185,200740,4386,2044874,4702700
4319,224,238,200516,4372,2045112,4794200
4320,199,221,200317,4350,2045333,4998300
4321,189,217,200128,4322,2045550,4441100
4322,220,212,199908,4330,2045762,4614000
4323,212,226,199696,4316,2045988,4299400
4324,215,235,199481,4296,2046223,4837900
4325,200,187,199281,4309,2046410,5165400
4326,212,208,199069,4313,2046618,4789700
4327,225,225,198844,4313,2046843,4326100
4328,222,216,198622,4319,2047059,4695200
4329,218,211,198404,4326,2047270,5018000
4330,212,199,198192,4339,2047469,4442600
4331,183,213,198009,4309,2047682,4732500
4332,196,242,197813,4263,2047924,4322700
4333,192,229,197621,4226,2048153,4642500
4334,198,216,197423,4208,2048369,4720400
4335,218,198,197205,4228,2048567,4943000
4336,196,232,197009,4192,2048799,4319100
4337,211,215,196798,4188,2049014,4637700
4338,229,212,196569,4205,2049226,4657400
4339,211,211,196358,4205,2049437,4754500
4340,199,220,196159,4184,2049657,4772100
4341,200,196,195959,4188,2049853,5216400
4342,218,188,195741,4218,2050041,4897100
4343,225,228,195516,4215,2050269,4882000
4344,212,223,195304,4204,2050492,4869600
4345,214,215,195090,4203,2050707,5009100
4346,202,229,194888,4176,2050936,4786000
4347,187,203,194701,4160,2051139,4762800
4348,191,211,194510,4140,2051350,4742400
4349,194,226,194316,4108,2051576,4674900
4350,217,202,194099,4123,2051778,4889600
4351,204,215,193895,4112,2051993,4855900
4352,196,192,193699,4116,2052185,5155700
4353,230,203,193469,4143,2052388,5070000
4354,180,197,193289,4126,2052585,5247200
4355,226,191,193063,4161,2052776,4985700
4356,221,210,192842,4172,2052986,4913800
4357,195,194,192647,4173,2053180,5024300
4358,218,214,192429,4177,2053394,4809600
4359,219,197,192210,4199,2053591,4773600
4360,220,178,191990,4241,2053769,4926300
4361,199,239,191791,4201,2054008,5845700
4362,221,197,191570,4225,2054205,5475000
4363,196,209,191374,4212,2054414,5068000
4364,204,213,191170,4203,2054627,4875500
4365,236,224,190934,4215,2054851,4607700
4366,204,221,190730,4198,2055072,4494000
4367,181,221,190549,4158,2055293,4771400
4368,235,224,190314,4169,2055517,4778200
4369,219,204,190095,4184,2055721,4693700
4370,210,226,189885,4168,2055947,4804600
4371,206,220,189679,4154,2056167,4798100
4372,176,219,189503,4111,2056386,4671600
4373,217,230,189286,4098,2056616,4880600
4374,186,225,189100,4059,2056841,4730800
4375,206,203,188894,4062,2057044,4746600
4376,208,207,188686,4063,2057251,4821900
4377,212,201,188474,4074,2057452,4674400
4378,197,198,188277,4073,2057650,4681200
4379,205,203,188072,4075,2057853,4434100
4380,221,198,187851,4098,2058051,4468300
4381,179,191,187672,4086,2058242,4524300
4382,203,186,187469,4103,2058428,4510500
4383,193,200,187276,4096,2058628,4643800
4384,196,202,187080,4090,2058830,4621800
4385,174,219,186906,4045,2059049,4654800
4386,222,204,186684,4063,2059253,4510100
4387,221,175,186463,4109,2059428,4599900
4388,194,216,186269,4087,2059644,4434100
4389,179,204,186090,4062,2059848,4568800
4390,213,181,185877,4094,2060029,4475500
4391,219,190,185658,4123,2060219,4537900
4392,198,196,185460,4125,2060415,4443700
4393,189,228,185271,4086,2060643,4728100
4394,204,203,185067,4087,2060846,4722600
4395,208,199,184859,4096,2061045,4569100
4396,188,195,184671,4089,2061240,4405300
4397,199,205,184472,4083,2061445,4663400
4398,210,186,184262,4107,2061631,4494000
4399,201,200,184061,4108,2061831,4559800
4400,170,222,183891,4056,2062053,4795400
4401,201,209,183690,4048,2062262,4555000
4402,197,207,183493,4038,2062469,4467600
4403,222,209,183271,4051,2062678,4394800
4404,190,214,183081,4027,2062892,4542800
4405,209,192,182872,4044,2063084,4370600
4406,192,187,182680,4049,2063271,4368200
4407,199,219,182481,4029,2063490,4285800
4408,218,229,182263,4018,2063719,4310900
4409,210,195,182053,4033,2063914,4294000
4410,206,197,181847,4042,2064111,4214600
4411,198,215,181649,4025,2064326,4373900
4412,200,183,181449,4042,2064509,4304700
4413,196,215,181253,4023,2064724,4310100
4414,212,182,181041,4053,2064906,4265800
4415,176,189,180865,4040,2065095,4606600
4416,222,201,180643,4061,2065296,4451400
4417,212,195,180431,4078,2065491,4266800
4418,209,226,180222,4061,2065717,4296900
4419,190,207,180032,4044,2065924,4413800
4420,216,200,179816,4060,2066124,4268000
4421,228,218,179588,4070,2066342,4240200
4422,211,208,179377,4073,2066550,4222200
4423,191,197,179186,4067,2066747,4304600
4424,203,202,178983,4068,2066949,4328200
4425,189,179,178794,4078,2067128,4375000
4426,195,244,178599,4029,2067372,4417400
4427,190,201,178409,4018,2067573,4314800
4428,204,192,178205,4030,2067765,4270700
4429,182,192,178023,4020,2067957,4474000
4430,182,210,177841,3992,2068167,4700200
4431,207,219,177634,3980,2068386,4628600
4432,203,182,177431,4001,2068568,4712700
4433,197,207,177234,3991,2068775,4962400
4434,198,231,177036,3958,2069006,4336300
4435,187,192,176849,3953,2069198,4335100
4436,174,201,176675,3926,2069399,4416800
4437,189,186,176486,3929,2069585,4260500
4438,199,192,176287,3936,2069777,4208700
4439,179,217,176108,3898,2069994,4310600
4440,215,198,175893,3915,2070192,4390900
4441,179,215,175714,3879,2070407,4292000
4442,204,184,175510,3899,2070591,4254500
4443,209,181,175301,3927,2070772,4571200
4444,205,190,175096,3942,2070962,4694800
4445,202,197,174894,3947,2071159,4810900
4446,211,194,174683,3964,2071353,4687400
4447,218,196,174465,3986,2071549,4744700
4448,208,214,174257,3980,2071763,4677600
4449,187,208,174070,3959,2071971,4816100
4450,201,186,173869,3974,2072157,4971100
4451,218,199,173651,3993,2072356,4737200
4452,195,202,173456,3986,2072558,4603900
4453,207,219,173249,3974,2072777,4866700
4454,199,213,173050,3960,2072990,4423600
4455,196,196,172854,3960,2073186,4690200
4456,192,205,172662,3947,2073391,4838300
4457,208,198,172454,3957,2073589,4376800
4458,212,217,172242,3952,2073806,4318000
4459,215,190,172027,3977,2073996,4607600
4460,220,220,171807,3977,2074216,4788100
4461,205,206,171602,3976,2074422,4523100
4462,172,211,171430,3937,2074633,4678000
4463,194,193,171236,3938,2074826,4496100
4464,199,185,171037,3952,2075011,4663100
4465,198,208,170839,3942,2075219,4254700
4466,190,200,170649,3932,2075419,4311600
4467,185,205,170464,3912,2075624,4269700
4468,188,201,170276,3899,2075825,4224300
4469,179,207,170097,3871,2076032,4291200
4470,196,182,169901,3885,2076214,4397100
4471,201,204,169700,3882,2076418,4328900
4472,186,194,169514,3874,2076612,4256900
4473,181,207,169333,3848,2076819,4293500
4474,197,200,169136,3845,2077019,4505400
4475,186,197,168950,3834,2077216,4334500
4476,170,185,168780,3819,2077401,4338800
4477,182,200,168598,3801,2077601,4436300
4478,189,211,168409,3779,2077812,4235600
4479,172,163,168237,3788,2077975,4256900
4480,192,182,168045,3798,2078157,4310200
4481,188,187,167857,3799,2078344,4305900
4482,185,197,167672,3787,2078541,4330300
4483,186,212,167486,3761,2078753,4443900
4484,171,190,167315,3742,2078943,4412000
4485,205,184,167110,3763,2079127,4252800
4486,209,196,166901,3776,2079323,4304900
4487,202,189,166699,3789,2079512,5011400
4488,205,200,166494,3794,2079712,4505700
4489,198,219,166296,3773,2079931,4916800
4490,180,212,166116,3741,2080143,4579500
4491,194,179,165922,3756,2080322,4518700
4492,231,191,165691,3796,2080513,4459500
4493,183,175,165508,3804,2080688,4443700
4494,207,196,165301,3815,2080884,4769200
4495,211,213,165090,3813,2081097,4988300
4496,175,178,164915,3810,2081275,4539700
4497,208,167,164707,3851,2081442,4635600
4498,199,221,164508,3829,2081663,4533000
4499,209,182,164299,3856,2081845,4670100
4500,209,204,164090,3861,2082049,4729400
4501,231,188,163859,3904,2082237,5362900
4502,213,206,163646,3911,2082443,4615000
4503,218,198,163428,3931,2082641,4510200
4504,204,185,163224,3950,2082826,4528100
4505,206,198,163018,3958,2083024,4584800
4506,188,191,162830,3955,2083215,4560600
4507,194,207,162636,3942,2083422,4446400
4508,203,205,162433,3940,2083627,4466700
4509,236,181,162197,3995,2083808,4335000
4510,209,198,161988,4006,2084006,4424000
4511,189,201,161799,3994,2084207,4547000
4512,175,179,161624,3990,2084386,4449100
4513,196,207,161428,3979,2084593,4526500
4514,205,217,161223,3967,2084810,4962300
4515,191,195,161032,3963,2085005,4512600
4516,200,185,160832,3978,2085190,4384400
4517,196,187,160636,3987,2085377,4382400
4518,199,199,160437,3987,2085576,4572900
4519,206,202,160231,3991,2085778,4462500
4520,208,194,160023,4005,2085972,4472000
4521,187,191,159836,4001,2086163,4498400
4522,185,212,159651,3974,2086375,4432300
4523,201,193,159450,3982,2086568,4471100
4524,221,198,159229,4005,2086766,4379500
4525,201,189,159028,4017,2086955,4785400
4526,183,248,158845,3952,2087203,4445400
4527,212,175,158633,3989,2087378,4413200
4528,193,202,158440,3980,2087580,4654200
4529,191,194,158249,3977,2087774,4551700
4530,194,200,158055,3971,2087974,4348700
4531,188,207,157867,3952,2088181,4490200
4532,178,201,157689,3929,2088382,4567800
4533,195,208,157494,3916,2088590,4477700
4534,152,211,157342,3857,2088801,4459600
4535,172,193,157170,3836,2088994,4613000
4536,197,164,156973,3869,2089158,4590900
4537,212,186,156761,3895,2089344,4396200
4538,212,198,156549,3909,2089542,4368300
4539,174,199,156375,3884,2089741,4329400
4540,174,183,156201,3875,2089924,4242100
4541,212,209,155989,3878,2090133,4213500
4542,205,202,155784,3881,2090335,4310100
4543,211,185,155573,3907,2090520,4250700
4544,184,203,155389,3888,2090723,4232400
4545,167,178,155222,3877,2090901,4167200
4546,199,206,155023,3870,2091107,4413800
4547,176,178,154847,3868,2091285,4647900
4548,184,206,154663,3846,2091491,4532400
4549,204,203,154459,3847,2091694,4331200
4550,194,182,154265,3859,2091876,4317500
4551,231,178,154034,3912,2092054,4251000
4552,194,195,153840,3911,2092249,4223900
4553,198,206,153642,3903,2092455,4562300
4554,200,201,153442,3902,2092656,4339200
4555,182,198,153260,3886,2092854,4253100
4556,187,186,153073,3887,2093040,4194300
4557,186,197,152887,3876,2093237,4417200
4558,202,174,152685,3904,2093411,4562500
4559,197,169,152488,3932,2093580,4480300
4560,229,194,152259,3967,2093774,4464400
4561,187,182,152072,3972,2093956,4453200
4562,213,212,151859,3973,2094168,4362500
4563,189,213,151670,3949,2094381,4577100
4564,205,211,151465,3943,2094592,4537900
4565,206,222,151259,3927,2094814,4310000
4566,196,185,151063,3938,2094999,4400400
4567,186,206,150877,3918,2095205,4329100
4568,189,208,150688,3899,2095413,4575900
4569,197,199,150491,3897,2095612,4414900
4570,219,174,150272,3942,2095786,4396600
4571,202,197,150070,3947,2095983,4530600
4572,199,197,149871,3949,2096180,4601100
4573,194,200,149677,3943,2096380,4395300
4574,170,181,149507,3932,2096561,4651800
4575,222,228,149285,3926,2096789,4541500
4576,190,202,149095,3914,2096991,4507300
4577,208,187,148887,3935,2097178,4646900
4578,200,216,148687,3919,2097394,4650900
4579,202,195,148485,3926,2097589,4599200
4580,199,188,148286,3937,2097777,4517600
4581,199,181,148087,3955,2097958,4562000
4582,182,190,147905,3947,2098148,4695300
4583,205,208,147700,3944,2098356,4625400
4584,186,182,147514,3948,2098538,4604100
4585,195,210,147319,3933,2098748,4562500
4586,200,177,147119,3956,2098925,4366400
4587,185,185,146934,3956,2099110,4325900
4588,208,190,146726,3974,2099300,4487500
4589,209,191,146517,3992,2099491,4399800
4590,190,191,146327,3991,2099682,4274500
4591,202,204,146125,3989,2099886,4821900
4592,187,221,145938,3955,2100107,4413100
4593,185,203,145753,3937,2100310,4317400
4594,215,187,145538,3965,2100497,4403200
4595,200,204,145338,3961,2100701,4306600
4596,215,214,145123,3962,2100915,4284200
4597,205,176,144918,3991,2101091,4275400
4598,185,189,144733,3987,2101280,4354400
4599,225,187,144508,4025,2101467,4535300
4600,206,210,144302,4021,2101677,4274800
4601,205,179,144097,4047,2101856,4317300
4602,211,199,143886,4059,2102055,4536000
4603,187,186,143699,4060,2102241,4338600
4604,188,210,143511,4038,2102451,4288600
4605,200,212,143311,4026,2102663,4311600
4606,200,224,143111,4002,2102887,4359800
4607,209,206,142902,4005,2103093,4590000
4608,176,184,142726,3997,2103277,4367400
4609,200,171,142526,4026,2103448,4382500
4610,190,216,142336,4000,2103664,4330600
4611,217,237,142119,3980,2103901,4233600
4612,213,202,141906,3991,2104103,4322600
4613,206,208,141700,3989,2104311,4475700
4614,198,200,141502,3987,2104511,4263200
4615,197,187,141305,3997,2104698,4302600
4616,187,175,141118,4009,2104873,4432400
4617,190,188,140928,4011,2105061,4433500
4618,196,183,140732,4024,2105244,4285400
4619,209,195,140523,4038,2105439,4545600
4620,193,188,140330,4043,2105627,4436600
4621,203,180,140127,4066,2105807,4465600
4622,194,198,139933,4062,2106005,4554300
4623,203,202,139730,4063,2106207,4421900
4624,201,182,139529,4082,2106389,4380900
4625,190,192,139339,4080,2106581,4348200
4626,192,199,139147,4073,2106780,4392600
4627,208,238,138939,4043,2107018,4560900
4628,213,205,138726,4051,2107223,4407600
4629,203,205,138523,4049,2107428,4317000
4630,190,214,138333,4025,2107642,4366500
4631,212,215,138121,4022,2107857,4750900
4632,175,181,137946,4016,2108038,4337700
4633,179,206,137767,3989,2108244,4290000
4634,199,167,137568,4021,2108411,4506200
4635,194,207,137374,4008,2108618,4461500
4636,188,217,137186,3979,2108835,4297200
4637,180,191,137006,3968,2109026,4658000
4638,170,190,136836,3948,2109216,4416500
4639,190,185,136646,3953,2109401,4309800
4640,183,192,136463,3944,2109593,4380100
4641,165,206,136298,3903,2109799,4627900
4642,208,184,136090,3927,2109983,4263300
4643,178,182,135912,3923,2110165,4305800
4644,195,183,135717,3935,2110348,4433200
4645,197,206,135520,3926,2110554,4349700
4646,159,205,135361,3880,2110759,4296900
4647,171,189,135190,3862,2110948,4377400
4648,168,187,135022,3843,2111135,4469100
4649,193,186,134829,3850,2111321,4441400
4650,174,183,134655,3841,2111504,4298400
4651,177,230,134478,3788,2111734,4482600
4652,220,200,134258,3808,2111934,4657800
4653,183,185,134075,3806,2112119,4413000
4654,186,220,133889,3772,2112339,4352600
4655,183,196,133706,3759,2112535,4783900
4656,174,197,133532,3736,2112732,4289200
4657,201,210,133331,3727,2112942,4330900
4658,189,176,133142,3740,2113118,4784100
4659,186,184,132956,3742,2113302,4560200
4660,191,183,132765,3750,2113485,4324600
4661,184,163,132581,3771,2113648,4329400
4662,166,192,132415,3745,2113840,4319400
4663,189,175,132226,3759,2114015,4291600
4664,187,188,132039,3758,2114203,4310000
4665,184,201,131855,3741,2114404,4537900
4666,166,210,131689,3697,2114614,4254800
4667,182,197,131507,3682,2114811,4496800
4668,175,190,131332,3667,2115001,4388900
4669,171,178,131161,3660,2115179,4580800
4670,171,185,130990,3646,2115364,4342000
4671,188,156,130802,3678,2115520,4360800
4672,186,183,130616,3681,2115703,6144600
4673,172,200,130444,3653,2115903,5500800
4674,194,175,130250,3672,2116078,4774300
4675,180,180,130070,3672,2116258,4561600
4676,156,193,129914,3635,2116451,4603700
4677,188,174,129726,3649,2116625,4476500
4678,181,192,129545,3638,2116817,4280700
4679,170,202,129375,3606,2117019,4257100
4680,181,190,129194,3597,2117209,4332700
4681,172,156,129022,3613,2117365,4352300
4682,200,182,128822,3631,2117547,4637800
4683,181,180,128641,3632,2117727,4488400
4684,204,184,128437,3652,2117911,4236200
4685,180,183,128257,3649,2118094,4478100
4686,174,178,128083,3645,2118272,4372700
4687,180,181,127903,3644,2118453,4300500
4688,174,159,127729,3659,2118612,4199300
4689,172,167,127557,3664,2118779,4473700
4690,164,192,127393,3636,2118971,4506900
4691,167,157,127226,3646,2119128,4335400
4692,175,172,127051,3649,2119300,4333100
4693,189,191,126862,3647,2119491,4316600
4694,184,192,126678,3639,2119683,4291900
4695,182,185,126496,3636,2119868,4251000
4696,174,177,126322,3633,2120045,4442400
4697,162,169,126160,3626,2120214,4597400
4698,188,173,125972,3641,2120387,4397100
4699,190,169,125782,3662,2120556,4347800
4700,178,196,125604,3644,2120752,4460400
4701,174,187,125430,3631,2120939,4428000
4702,171,181,125259,3621,2121120,4286300
4703,208,179,125051,3650,2121299,4304700
4704,157,164,124894,3643,2121463,4325500
4705,157,186,124737,3614,2121649,4245400
4706,189,178,124548,3625,2121827,4265700
4707,162,188,124386,3599,2122015,4339200
4708,176,192,124210,3583,2122207,4338500
4709,147,202,124063,3528,2122409,4402900
4710,185,196,123878,3517,2122605,4244600
4711,169,178,123709,3508,2122783,4650400
4712,166,158,123543,3516,2122941,4614700
4713,179,184,123364,3511,2123125,4326300
4714,176,175,123188,3512,2123300,4421800
4715,177,162,123011,3527,2123462,4569200
4716,190,164,122821,3553,2123626,4295700
4717,179,202,122642,3530,2123828,4306400
4718,164,193,122478,3501,2124021,5435400
4719,157,194,122321,3464,2124215,4874800
4720,166,185,122155,3445,2124400,4794000
4721,162,168,121993,3439,2124568,4864300
4722,161,184,121832,3416,2124752,4798500
4723,187,169,121645,3434,2124921,5584500
4724,165,183,121480,3416,2125104,5094100
4725,163,177,121317,3402,2125281,4652700
4726,158,173,121159,3387,2125454,4405900
4727,198,160,120961,3425,2125614,4630500
4728,182,179,120779,3428,2125793,4259400
4729,196,176,120583,3448,2125969,4207900
4730,182,179,120401,3451,2126148,4390600
4731,153,175,120248,3429,2126323,4293600
4732,182,175,120066,3436,2126498,4268000
4733,181,169,119885,3448,2126667,4222300
4734,165,165,119720,3448,2126832,4713400
4735,203,172,119517,3479,2127004,4477400
4736,191,165,119326,3505,2127169,4304700
4737,174,164,119152,3515,2127333,4645500
4738,194,169,118958,3540,2127502,4753500
4739,212,178,118746,3574,2127680,4527200
4740,174,161,118572,3587,2127841,4318500
4741,184,166,118388,3605,2128007,4611800
4742,167,184,118221,3588,2128191,4412500
4743,181,187,118040,3582,2128378,4258000
4744,160,167,117880,3575,2128545,4381500
4745,175,181,117705,3569,2128726,4279600
4746,174,167,117531,3576,2128893,4207900
4747,194,144,117337,3626,2129037,4465200
4748,189,185,117148,3630,2129222,4320300
4749,152,181,116996,3601,2129403,4300300
4750,163,173,116833,3591,2129576,4293100
4751,180,183,116653,3588,2129759,4260700
4752,191,175,116462,3604,2129934,4817600
4753,198,163,116264,3639,2130097,4305300
4754,168,179,116096,3628,2130276,4273700
4755,164,182,115932,3610,2130458,4423500
4756,196,178,115736,3628,2130636,4533100
4757,190,165,115546,3653,2130801,4567200
4758,164,180,115382,3637,2130981,4389600
4759,178,201,115204,3614,2131182,4345600
4760,173,199,115031,3588,2131381,4453300
4761,162,187,114869,3563,2131568,4301200
4762,178,175,114691,3566,2131743,4467500
4763,180,169,114511,3577,2131912,4474700
4764,207,180,114304,3604,2132092,4542600
4765,196,180,114108,3620,2132272,4453700
4766,171,166,113937,3625,2132438,4649900
4767,207,177,113730,3655,2132615,4618200
4768,173,192,113557,3636,2132807,4474500
4769,184,172,113373,3648,2132979,4643800
4770,189,191,113184,3646,2133170,4596300
4771,191,181,112993,3656,2133351,4581900
4772,170,169,112823,3657,2133520,4635100
4773,183,186,112640,3654,2133706,5587500
4774,188,187,112452,3655,2133893,5452700
4775,168,172,112284,3651,2134065,4487800
4776,199,189,112085,3661,2134254,4560000
4777,196,169,111889,3688,2134423,4529600
4778,181,188,111708,3681,2134611,4507100
4779,189,185,111519,3685,2134796,4712900
4780,174,179,111345,3680,2134975,4626300
4781,180,191,111165,3669,2135166,4640600
4782,184,180,110981,3673,2135346,4606500
4783,208,188,110773,3693,2135534,4583600
4784,190,199,110583,3684,2135733,4464100
4785,200,182,110383,3702,2135915,4632200
4786,188,188,110195,3702,2136103,4755100
4787,192,208,110003,3686,2136311,4753200
4788,185,185,109818,3686,2136496,4669100
4789,182,177,109636,3691,2136673,4748300
4790,152,170,109484,3673,2136843,4585000
4791,184,168,109300,3689,2137011,4510200
4792,180,156,109120,3713,2137167,4612500
4793,171,200,108949,3684,2137367,4752900
4794,187,196,108762,3675,2137563,4592400
4795,162,178,108600,3659,2137741,4563600
4796,179,182,108421,3656,2137923,4617700
4797,172,155,108249,3673,2138078,4766300
4798,184,169,108065,3688,2138247,4557700
4799,191,204,107874,3675,2138451,4796700
4800,155,182,107719,3648,2138633,4631300
4801,182,174,107537,3656,2138807,4609100
4802,165,207,107372,3614,2139014,4672800
4803,158,179,107214,3593,2139193,4700700
4804,145,185,107069,3553,2139378,4516300
4805,174,150,106895,3577,2139528,4438300
4806,157,179,106738,3555,2139707,4531200
4807,161,178,106577,3538,2139885,4543000
4808,165,166,106412,3537,2140051,4379000
4809,167,175,106245,3529,2140226,4444500
4810,175,172,106070,3532,2140398,5124800
4811,167,174,105903,3525,2140572,4902700
4812,161,169,105742,3517,2140741,4730800
4813,174,161,105568,3530,2140902,5176100
4814,167,160,105401,3537,2141062,4834000
4815,170,169,105231,3538,2141231,4689700
4816,162,170,105069,3530,2141401,4677200
4817,169,174,104900,3525,2141575,4705800
4818,182,157,104718,3550,2141732,4386200
4819,169,181,104549,3538,2141913,4305300
4820,172,166,104377,3544,2142079,4363100
4821,160,180,104217,3524,2142259,4268600
4822,179,153,104038,3550,2142412,4251900
4823,187,194,103851,3543,2142606,4542300
4824,167,172,103684,3538,2142778,4416500
4825,199,179,103485,3558,2142957,4717600
4826,144,183,103341,3519,2143140,4285800
4827,186,174,103155,3531,2143314,4503800
4828,192,145,102963,3578,2143459,4545500
4829,159,188,102804,3549,2143647,4590700
4830,184,177,102620,3556,2143824,4814800
4831,168,175,102452,3549,2143999,4422400
4832,155,173,102297,3531,2144172,4503800
4833,168,164,102129,3535,2144336,4344500
4834,194,188,101935,3541,2144524,4373200
4835,179,192,101756,3528,2144716,4478400
4836,180,173,101576,3535,2144889,4302700
4837,185,160,101391,3560,2145049,4302100
4838,177,173,101214,3564,2145222,4506100
4839,174,168,101040,3570,2145390,4301400
4840,178,198,100862,3550,2145588,4361500
4841,202,193,100660,3559,2145781,4354800
4842,197,171,100463,3585,2145952,4357200
4843,203,186,100260,3602,2146138,4373900
4844,163,163,100097,3602,2146301,4477200
4845,156,199,99941,3559,2146500,4722100
4846,173,188,99768,3544,2146688,4330100
4847,163,148,99605,3559,2146836,4815400
4848,168,184,99437,3543,2147020,4823300
4849,173,179,99264,3537,2147199,4534500
4850,145,169,99119,3513,2147368,4351700
4851,182,158,98937,3537,2147526,4236500
4852,161,189,98776,3509,2147715,4656500
4853,161,181,98615,3489,2147896,4427700
4854,189,165,98426,3513,2148061,4281700
4855,183,173,98243,3523,2148234,4677500
4856,176,168,98067,3531,2148402,4377000
4857,167,171,97900,3527,2148573,4274700
4858,167,190,97733,3504,2148763,4638600
4859,200,188,97533,3516,2148951,4580700
4860,164,149,97369,3531,2149100,4280900
4861,165,186,97204,3510,2149286,4257200
4862,169,183,97035,3496,2149469,4451500
4863,174,182,96861,3488,2149651,4422400
4864,175,182,96686,3481,2149833,4303400
4865,150,177,96536,3454,2150010,4297600
4866,165,156,96371,3463,2150166,4531700
4867,181,172,96190,3472,2150338,4436300
4868,165,185,96025,3452,2150523,4405100
4869,192,170,95833,3474,2150693,4346400
4870,177,174,95656,3477,2150867,4303400
4871,188,176,95468,3489,2151043,4243000
4872,156,188,95312,3457,2151231,4246000
4873,155,193,95157,3419,2151424,4584000
4874,158,172,94999,3405,2151596,4630500
4875,164,188,94835,3381,2151784,4303700
4876,160,162,94675,3379,2151946,4563200
4877,167,159,94508,3387,2152105,4338800
4878,159,161,94349,3385,2152266,4314300
4879,152,179,94197,3358,2152445,4237400
4880,165,182,94032,3341,2152627,4443400
4881,173,160,93859,3354,2152787,4214800
4882,156,184,93703,3326,2152971,4293100
4883,153,175,93550,3304,2153146,4335100
4884,139,159,93411,3284,2153305,4387400
4885,145,142,93266,3287,2153447,4773500
4886,177,165,93089,3299,2153612,4570500
4887,178,146,92911,3331,2153758,5297000
4888,151,175,92760,3307,2153933,4535800
4889,154,165,92606,3296,2154098,4351100
4890,157,158,92449,3295,2154256,4354000
4891,172,169,92277,3298,2154425,4255800
4892,160,180,92117,3278,2154605,4292800
4893,181,182,91936,3277,2154787,4296300
4894,173,170,91763,3280,2154957,4314900
4895,169,159,91594,3290,2155116,4288800
4896,168,169,91426,3289,2155285,4268300
4897,146,175,91280,3260,2155460,4258300
4898,154,159,91126,3255,2155619,4463600
4899,174,154,90952,3275,2155773,4313300
4900,176,163,90776,3288,2155936,4245100
4901,165,159,90611,3294,2156095,4275300
4902,176,155,90435,3315,2156250,4546500
4903,160,161,90275,3314,2156411,4326200
4904,156,186,90119,3284,2156597,4616200
4905,164,144,89955,3304,2156741,4557600
4906,174,166,89781,3312,2156907,4311900
4907,174,176,89607,3310,2157083,4223700
4908,168,162,89439,3316,2157245,4270300
4909,166,177,89273,3305,2157422,4582300
4910,153,170,89120,3288,2157592,4358300
4911,164,160,88956,3292,2157752,4380800
4912,157,141,88799,3308,2157893,4314600
4913,151,144,88648,3315,2158037,4355000
4914,176,163,88472,3328,2158200,4339200
4915,194,174,88278,3348,2158374,4237400
4916,174,162,88104,3360,2158536,4366700
4917,179,167,87925,3372,2158703,4328600
4918,171,195,87754,3348,2158898,4312200
4919,183,170,87571,3361,2159068,4535600
4920,193,178,87378,3376,2159246,4442800
4921,164,170,87214,3370,2159416,4343200
4922,162,165,87052,3367,2159581,5103100
4923,167,181,86885,3353,2159762,4788000
4924,175,167,86710,3361,2159929,4538700
4925,159,189,86551,3331,2160118,4310100
4926,152,170,86399,3313,2160288,4272400
4927,157,145,86242,3325,2160433,4403300
4928,171,161,86071,3335,2160594,4218000
4929,160,170,85911,3325,2160764,4254000
4930,196,155,85715,3366,2160919,4855200
4931,182,171,85533,3377,2161090,4714600
4932,188,147,85345,3418,2161237,4301600
4933,156,180,85189,3394,2161417,4533000
4934,177,166,85012,3405,2161583,4608200
4935,180,178,84832,3407,2161761,4448600
4936,172,162,84660,3417,2161923,4389800
4937,182,164,84478,3435,2162087,4598800
4938,155,175,84323,3415,2162262,4412800
4939,183,169,84140,3429,2162431,4284100
4940,171,142,83969,3458,2162573,4690500
4941,164,201,83805,3421,2162774,5299100
4942,182,164,83623,3439,2162938,4727600
4943,176,177,83447,3438,2163115,4713700
4944,179,160,83268,3457,2163275,4582800
4945,180,169,83088,3468,2163444,4720500
4946,178,176,82910,3470,2163620,5245200
4947,170,175,82740,3465,2163795,4916900
4948,202,181,82538,3486,2163976,4489800
4949,189,169,82349,3506,2164145,4348000
4950,178,183,82171,3501,2164328,4423200
4951,175,159,81996,3517,2164487,4263600
4952,186,172,81810,3531,2164659,4256000
4953,177,180,81633,3528,2164839,4502100
4954,172,178,81461,3522,2165017,4326200
4955,196,159,81265,3559,2165176,4312300
4956,187,188,81078,3558,2165364,4262800
4957,178,170,80900,3566,2165534,4351400
4958,178,155,80722,3589,2165689,4288600
4959,161,168,80561,3582,2165857,4238300
4960,175,198,80386,3559,2166055,4608600
4961,175,170,80211,3564,2166225,4382100
4962,184,178,80027,3570,2166403,4324200
4963,184,161,79843,3593,2166564,4602800
4964,174,184,79669,3583,2166748,4968600
4965,175,193,79494,3565,2166941,4376900
4966,177,202,79317,3540,2167143,4270600
4967,180,189,79137,3531,2167332,4388300
4968,172,170,78965,3533,2167502,4841200
4969,182,180,78783,3535,2167682,4607100
4970,143,167,78640,3511,2167849,4364600
4971,153,170,78487,3494,2168019,4458500
4972,168,174,78319,3488,2168193,4371100
4973,163,168,78156,3483,2168361,4262100
4974,159,182,77997,3460,2168543,4318700
4975,151,177,77846,3434,2168720,4247100
4976,175,166,77671,3443,2168886,4376500
4977,158,173,77513,3428,2169059,4295900
4978,175,148,77338,3455,2169207,4664100
4979,156,173,77182,3438,2169380,4435900
4980,188,162,76994,3464,2169542,4374900
4981,177,161,76817,3480,2169703,4421100
4982,157,162,76660,3475,2169865,4710300
4983,161,163,76499,3473,2170028,4368000
4984,138,187,76361,3424,2170215,4380000
4985,173,163,76188,3434,2170378,4362000
4986,160,195,76028,3399,2170573,4266800
4987,158,172,75870,3385,2170745,4353800
4988,168,169,75702,3384,2170914,4476100
4989,189,169,75513,3404,2171083,4340100
4990,146,176,75367,3374,2171259,4260800
4991,160,186,75207,3348,2171445,4624500
4992,165,169,75042,3344,2171614,4572100
4993,172,169,74870,3347,2171783,4529300
4994,204,164,74666,3387,2171947,4504200
4995,164,178,74502,3373,2172125,4318600
4996,158,172,74344,3359,2172297,4411700
4997,166,178,74178,3347,2172475,4337700
4998,158,147,74020,3358,2172622,4302900
4999,169,160,73851,3367,2172782,4506500
5000,142,191,73709,3318,2172973,4362200
5001,165,179,73544,3304,2173152,4312600
5002,158,169,73386,3293,2173321,4333500
5003,169,146,73217,3316,2173467,4253100
5004,163,156,73054,3323,2173623,4349800
5005,160,157,72894,3326,2173780,4413100
5006,177,171,72717,3332,2173951,4349700
5007,157,165,72560,3324,2174116,4339200
5008,154,190,72406,3288,2174306,4576400
5009,160,145,72246,3303,2174451,4449500
5010,155,167,72091,3291,2174618,4567000
5011,166,185,71925,3272,2174803,4337300
5012,142,156,71783,3258,2174959,4256800
5013,134,162,71649,3230,2175121,4301900
5014,159,162,71490,3227,2175283,4351000
5015,158,176,71332,3209,2175459,4386100
5016,143,157,71189,3195,2175616,5163700
5017,136,141,71053,3190,2175757,4636200
5018,159,185,70894,3164,2175942,4487300
5019,165,156,70729,3173,2176098,4460400
5020,165,159,70564,3179,2176257,4501600
5021,147,142,70417,3184,2176399,4521200
5022,140,147,70277,3177,2176546,4565900
5023,149,149,70128,3177,2176695,4650000
5024,131,150,69997,3158,2176845,4634300
5025,130,153,69867,3135,2176998,4569000
5026,134,165,69733,3104,2177163,4463700
5027,122,164,69611,3062,2177327,4714100
5028,141,170,69470,3033,2177497,4411200
5029,138,150,69332,3021,2177647,4341400
5030,141,172,69191,2990,2177819,4629200
5031,149,173,69042,2966,2177992,4481100
5032,137,169,68905,2934,2178161,4299200
5033,137,142,68768,2929,2178303,4203100
5034,137,167,68631,2899,2178470,4736100
5035,146,151,68485,2894,2178621,4267900
5036,126,131,68359,2889,2178752,4220600
5037,128,132,68231,2885,2178884,4465900
5038,120,158,68111,2847,2179042,4649200
5039,127,145,67984,2829,2179187,4485800
5040,119,144,67865,2804,2179331,4389600
5041,123,146,67742,2781,2179477,4517300
5042,121,134,67621,2768,2179611,4486600
5043,116,124,67505,2760,2179735,4961600
5044,109,146,67396,2723,2179881,4738900
5045,130,126,67266,2727,2180007,4644900
5046,114,137,67152,2704,2180144,4506200
5047,122,121,67030,2705,2180265,4616900
5048,104,129,66926,2680,2180394,4644800
5049,122,127,66804,2675,2180521,4621300
5050,122,146,66682,2651,2180667,4600500
5051,109,140,66573,2620,2180807,4487100
5052,113,131,66460,2602,2180938,4658200
5053,110,136,66350,2576,2181074,4598200
5054,115,131,66235,2560,2181205,4698700
5055,98,102,66137,2556,2181307,4528000
5056,97,131,66040,2522,2181438,4541400
5057,108,128,65932,2502,2181566,4559000
5058,117,126,65815,2493,2181692,4583900
5059,110,144,65705,2459,2181836,4452000
5060,101,119,65604,2441,2181955,4512600
5061,121,123,65483,2439,2182078,4370100
5062,112,133,65371,2418,2182211,4430100
5063,103,132,65268,2389,2182343,4453600
5064,118,113,65150,2394,2182456,4378300
5065,119,112,65031,2401,2182568,4489500
5066,119,117,64912,2403,2182685,4465900
5067,112,114,64800,2401,2182799,4581700
5068,100,109,64700,2392,2182908,4576900
5069,113,106,64587,2399,2183014,4516400
5070,83,114,64504,2368,2183128,4531800
5071,102,125,64402,2345,2183253,4606700
5072,101,125,64301,2321,2183378,4573400
5073,103,110,64198,2314,2183488,4461600
5074,96,116,64102,2294,2183604,4418100
5075,102,113,64000,2283,2183717,4417600
5076,99,102,63901,2280,2183819,4612600
5077,98,121,63803,2257,2183940,4502500
5078,76,115,63727,2218,2184055,4611600
5079,89,108,63638,2199,2184163,5071700
5080,87,127,63551,2159,2184290,5137100
5081,93,108,63458,2144,2184398,4887600
5082,81,110,63377,2115,2184508,4915300
5083,93,103,63284,2105,2184611,4722100
5084,91,105,63193,2091,2184716,4912800
5085,78,100,63115,2069,2184816,4809100
5086,104,82,63011,2091,2184898,4530900
5087,80,98,62931,2073,2184996,4348200
5088,86,122,62845,2037,2185118,4332600
5089,92,110,62753,2019,2185228,4435600
5090,84,95,62669,2008,2185323,4215500
5091,91,97,62578,2002,2185420,4189500
5092,88,102,62490,1988,2185522,4246200
5093,92,82,62398,1998,2185604,4461200
5094,95,97,62303,1996,2185701,4307900
5095,91,86,62212,2001,2185787,4328100
5096,89,97,62123,1993,2185884,4359200
5097,98,117,62025,1974,2186001,4471500
5098,94,109,61931,1959,2186110,4289600
5099,98,115,61833,1942,2186225,4499500
5100,80,92,61753,1930,2186317,4312300
5101,89,88,61664,1931,2186405,4267600
5102,87,92,61577,1926,2186497,4199100
5103,89,97,61488,1918,2186594,4360800
5104,81,96,61407,1903,2186690,4331900
5105,94,102,61313,1895,2186792,4199200
5106,89,84,61224,1900,2186876,4252800
5107,85,109,61139,1876,2186985,4424900
5108,99,89,61040,1886,2187074,4238000
5109,96,95,60944,1887,2187169,4216200
5110,80,93,60864,1874,2187262,4276100
5111,100,103,60764,1871,2187365,4282900
5112,87,109,60677,1849,2187474,4488200
5113,85,99,60592,1835,2187573,4324700
5114,88,95,60504,1828,2187668,4427000
5115,90,85,60414,1833,2187753,4249100
5116,94,111,60320,1816,2187864,4548500
5117,78,104,60242,1790,2187968,4396800
5118,90,86,60152,1794,2188054,4759100
5119,80,95,60072,1779,2188149,4268100
5120,68,89,60004,1758,2188238,4332800
5121,75,102,59929,1731,2188340,4311300
5122,76,85,59853,1722,2188425,4280300
5123,70,88,59783,1704,2188513,4279000
5124,75,86,59708,1693,2188599,4345000
5125,91,79,59617,1705,2188678,4536400
5126,80,91,59537,1694,2188769,4309400
5127,77,96,59460,1675,2188865,4705400
5128,64,98,59396,1641,2188963,4505300
5129,80,79,59316,1642,2189042,4264600
5130,90,83,59226,1649,2189125,4196200
5131,77,85,59149,1641,2189210,4234100
5132,61,111,59088,1591,2189321,4389500
5133,77,79,59011,1589,2189400,4233500
5134,62,80,58949,1571,2189480,4260100
5135,70,72,58879,1569,2189552,4338100
5136,67,75,58812,1561,2189627,4290300
5137,56,69,58756,1548,2189696,4244800
5138,72,66,58684,1554,2189762,4545900
5139,59,70,58625,1543,2189832,4721400
5140,55,84,58570,1514,2189916,4495300
5141,60,74,58510,1500,2189990,4706400
5142,80,67,58430,1513,2190057,4786900
5143,66,82,58364,1497,2190139,4552800
5144,76,59,58288,1514,2190198,4245000
5145,72,87,58216,1499,2190285,4412900
5146,71,78,58145,1492,2190363,4282200
5147,69,77,58076,1484,2190440,4227000
5148,48,87,58028,1445,2190527,4291100
5149,60,67,57968,1438,2190594,4381100
5150,75,66,57893,1447,2190660,4283000
5151,59,68,57834,1438,2190728,4233900
5152,74,69,57760,1443,2190797,4320700
5153,61,73,57699,1431,2190870,4244000
5154,64,72,57635,1423,2190942,4188500
5155,76,68,57559,1431,2191010,4227500
5156,72,67,57487,1436,2191077,4291100
5157,70,74,57417,1432,2191151,4536000
5158,67,61,57350,1438,2191212,4464300
5159,69,63,57281,1444,2191275,4296200
5160,63,62,57218,1445,2191337,4890600
5161,62,70,57156,1437,2191407,4299700
5162,62,74,57094,1425,2191481,4236500
5163,73,78,57021,1420,2191559,4313100
5164,69,70,56952,1419,2191629,4592300
5165,76,81,56876,1414,2191710,4551800
5166,66,71,56810,1409,2191781,4403300
5167,68,74,56742,1403,2191855,4535900
5168,59,71,56683,1391,2191926,4669800
5169,66,66,56617,1391,2191992,4886800
5170,55,70,56562,1376,2192062,4871400
5171,48,73,56514,1351,2192135,4569000
5172,58,59,56456,1350,2192194,4497800
5173,63,70,56393,1343,2192264,4359400
5174,65,70,56328,1338,2192334,4241200
5175,60,83,56268,1315,2192417,4303300
5176,61,52,56207,1324,2192469,4186200
5177,61,52,56146,1333,2192521,4258600
5178,68,82,56078,1319,2192603,4262900
5179,66,50,56012,1335,2192653,4160700
5180,65,72,55947,1328,2192725,4198900
5181,57,58,55890,1327,2192783,4246200
5182,68,64,55822,1331,2192847,4216000
5183,61,82,55761,1310,2192929,4216900
5184,66,58,55695,1318,2192987,4562000
5185,58,72,55637,1304,2193059,4484500
5186,68,61,55569,1311,2193120,4295500
5187,65,60,55504,1316,2193180,4451200
5188,69,67,55435,1318,2193247,4690500
5189,66,64,55369,1320,2193311,4508000
5190,55,61,55314,1314,2193372,4254800
5191,53,65,55261,1302,2193437,4467500
5192,79,76,55182,1305,2193513,4476300
5193,75,59,55107,1321,2193572,4256300
5194,56,65,55051,1312,2193637,4181500
5195,65,64,54986,1313,2193701,4600800
5196,74,56,54912,1331,2193757,4199800
5197,69,57,54843,1343,2193814,4209200
5198,64,66,54779,1341,2193880,4506800
5199,68,69,54711,1340,2193949,4375100
5200,62,87,54649,1315,2194036,4291900
5201,67,58,54582,1324,2194094,4285800
5202,42,78,54540,1288,2194172,4312200
5203,56,78,54484,1266,2194250,4651600
5204,53,59,54431,1260,2194309,4554600
5205,58,60,54373,1258,2194369,4274300
5206,57,75,54316,1240,2194444,4433500
5207,61,65,54255,1236,2194509,4402000
5208,65,60,54190,1241,2194569,4255900
5209,62,76,54128,1227,2194645,4750300
5210,54,67,54074,1214,2194712,4480200
5211,56,53,54018,1217,2194765,4212900
5212,60,67,53958,1210,2194832,4242300
5213,61,64,53897,1207,2194896,4440400
5214,52,56,53845,1203,2194952,4250500
5215,51,46,53794,1208,2194998,4167800
5216,61,56,53733,1213,2195054,4294800
5217,77,58,53656,1232,2195112,4440400
5218,58,65,53598,1225,2195177,4425600
5219,57,59,53541,1223,2195236,4333500
5220,67,69,53474,1221,2195305,4357600
5221,61,58,53413,1224,2195363,4369000
5222,52,64,53361,1212,2195427,4227300
5223,52,63,53309,1201,2195490,4236900
5224,57,72,53252,1186,2195562,4430900
5225,57,60,53195,1183,2195622,4349000
5226,64,42,53131,1205,2195664,4230100
5227,56,62,53075,1199,2195726,4294400
5228,46,66,53029,1179,2195792,4494000
5229,59,57,52970,1181,2195849,4260100
5230,62,63,52908,1180,2195912,4333900
5231,56,58,52852,1178,2195970,4368500
5232,58,62,52794,1174,2196032,4303000
5233,54,54,52740,1174,2196086,4517900
5234,51,73,52689,1152,2196159,4450400
5235,52,50,52637,1154,2196209,4692200
5236,50,56,52587,1148,2196265,4461100
5237,53,61,52534,1140,2196326,4247800
5238,51,48,52483,1143,2196374,4388400
5239,59,47,52424,1155,2196421,4417600
5240,50,61,52374,1144,2196482,4358300
5241,54,62,52320,1136,2196544,4540300
5242,53,59,52267,1130,2196603,4418600
5243,53,63,52214,1120,2196666,4357600
5244,62,71,52152,1111,2196737,4372800
5245,60,57,52092,1114,2196794,4732100
5246,56,51,52036,1119,2196845,4660200
5247,47,57,51989,1109,2196902,4584900
5248,59,70,51930,1098,2196972,4696400
5249,45,59,51885,1084,2197031,4576000
5250,58,52,51827,1090,2197083,4517500
5251,52,66,51775,1076,2197149,4568700
5252,45,58,51730,1063,2197207,4474700
5253,56,58,51674,1061,2197265,4479700
5254,52,43,51622,1070,2197308,4392400
5255,42,58,51580,1054,2197366,4463800
5256,56,51,51524,1059,2197417,4345600
5257,44,50,51480,1053,2197467,4289900
5258,51,45,51429,1059,2197512,4160700
5259,38,56,51391,1041,2197568,4364800
5260,48,52,51343,1037,2197620,4719200
5261,51,47,51292,1041,2197667,4393600
5262,48,51,51244,1038,2197718,4396300
5263,43,37,51201,1044,2197755,4698300
5264,54,48,51147,1050,2197803,4300400
5265,56,48,51091,1058,2197851,4207500
5266,47,50,51044,1055,2197901,4315500
5267,47,49,50997,1053,2197950,4585300
5268,54,47,50943,1060,2197997,4238500
5269,46,58,50897,1048,2198055,4262600
5270,45,45,50852,1048,2198100,4259000
5271,43,49,50809,1042,2198149,4202100
5272,37,50,50772,1029,2198199,4228100
5273,41,54,50731,1016,2198253,4454000
5274,54,55,50677,1015,2198308,4490500
5275,49,44,50628,1020,2198352,4322000
5276,44,50,50584,1014,2198402,4221200
5277,43,56,50541,1001,2198458,4331300
5278,55,48,50486,1008,2198506,4381600
5279,47,54,50439,1001,2198560,4309100
5280,39,54,50400,986,2198614,4328200
5281,49,47,50351,988,2198661,4567100
5282,51,46,50300,993,2198707,4473800
5283,53,50,50247,996,2198757,4454800
5284,43,48,50204,991,2198805,4566600
5285,52,54,50152,989,2198859,4519700
5286,49,55,50103,983,2198914,4418200
5287,36,49,50067,970,2198963,4431800
5288,41,47,50026,964,2199010,4287800
5289,36,43,49990,957,2199053,4189900
5290,39,59,49951,937,2199112,4142400
5291,45,37,49906,945,2199149,4213600
5292,54,55,49852,944,2199204,4191200
5293,39,50,49813,933,2199254,4210500
5294,37,48,49776,922,2199302,4514900
5295,48,47,49728,923,2199349,4459000
5296,43,39,49685,927,2199388,4135800
5297,48,45,49637,930,2199433,4138200
5298,49,51,49588,928,2199484,4272800
5299,55,51,49533,932,2199535,4201800
5300,45,46,49488,931,2199581,4166200
5301,55,44,49433,942,2199625,4179300
5302,37,40,49396,939,2199665,4418200
5303,44,46,49352,937,2199711,4432800
5304,46,52,49306,931,2199763,4323700
5305,45,43,49261,933,2199806,4276600
5306,46,51,49215,928,2199857,4472800
5307,42,47,49173,923,2199904,4311200
5308,54,41,49119,936,2199945,4535500
5309,35,46,49084,925,2199991,4611400
5310,37,40,49047,922,2200031,4462300
5311,50,47,48997,925,2200078,4281700
5312,59,42,48938,942,2200120,4261000
5313,45,44,48893,943,2200164,4483400
5314,57,38,48836,962,2200202,4294300
5315,56,46,48780,972,2200248,4247500
5316,42,44,48738,970,2200292,4270700
5317,50,41,48688,979,2200333,4259900
5318,56,48,48632,987,2200381,4305400
5319,52,44,48580,995,2200425,4298300
5320,51,51,48529,995,2200476,4405300
5321,44,42,48485,997,2200518,4539900
5322,44,44,48441,997,2200562,4636300
5323,41,52,48400,986,2200614,4860700
5324,54,58,48346,982,2200672,4643500
5325,56,55,48290,983,2200727,4528700
5326,50,59,48240,974,2200786,4512400
5327,48,61,48192,961,2200847,4526400
5328,58,51,48134,968,2200898,4456500
5329,57,53,48077,972,2200951,4439500
5330,46,49,48031,969,2201000,4626000
5331,42,44,47989,967,2201044,4492100
5332,44,50,47945,961,2201094,4466900
5333,31,45,47914,947,2201139,4535200
5334,54,44,47860,957,2201183,4520500
5335,55,48,47805,964,2201231,4514100
5336,43,69,47762,938,2201300,4444600
5337,46,54,47716,930,2201354,4542400
5338,36,47,47680,919,2201401,4537100
5339,47,45,47633,921,2201446,4498500
5340,39,50,47594,910,2201496,4557400
5341,35,40,47559,905,2201536,4383300
5342,48,59,47511,894,2201595,4388400
5343,49,41,47462,902,2201636,4396100
5344,33,49,47429,886,2201685,4473000
5345,49,42,47380,893,2201727,4482500
5346,34,42,47346,885,2201769,4445000
5347,47,45,47299,887,2201814,4464100
5348,33,44,47266,876,2201858,4485000
5349,29,46,47237,859,2201904,4383800
5350,48,45,47189,862,2201949,4338000
5351,47,42,47142,867,2201991,4443000
5352,36,48,47106,855,2202039,4497900
5353,37,42,47069,850,2202081,4476400
5354,44,29,47025,865,2202110,4815400
5355,40,35,46985,870,2202145,4730900
5356,54,36,46931,888,2202181,4529900
5357,37,49,46894,876,2202230,4294000
5358,44,40,46850,880,2202270,4443300
5359,42,41,46808,881,2202311,4448000
5360,45,35,46763,891,2202346,4292200
5361,36,57,46727,870,2202403,4368600
5362,46,54,46681,862,2202457,4471700
5363,38,37,46643,863,2202494,4393000
5364,44,49,46599,858,2202543,4402800
5365,42,50,46557,850,2202593,4493900
5366,41,39,46516,852,2202632,4475000
5367,48,45,46468,855,2202677,4431600
5368,41,36,46427,860,2202713,4526800
5369,49,40,46378,869,2202753,4679700
5370,47,47,46331,869,2202800,4440800
5371,38,45,46293,862,2202845,4207400
5372,38,47,46255,853,2202892,4263400
5373,55,48,46200,860,2202940,4374800
5374,48,30,46152,878,2202970,4180500
5375,38,38,46114,878,2203008,4579400
5376,39,43,46075,874,2203051,4700600
5377,54,46,46021,882,2203097,4469800
5378,59,39,45962,902,2203136,4251300
5379,48,41,45914,909,2203177,4287500
5380,35,41,45879,903,2203218,4464800
5381,50,46,45829,907,2203264,4194300
5382,46,39,45783,914,2203303,4193900
5383,50,43,45733,921,2203346,4350600
5384,47,46,45686,922,2203392,4438600
5385,55,43,45631,934,2203435,4544900
5386,50,35,45581,949,2203470,4522100
5387,39,53,45542,935,2203523,4311400
5388,42,38,45500,939,2203561,4353500
5389,40,42,45460,937,2203603,4237200
5390,43,45,45417,935,2203648,4473200
5391,45,56,45372,924,2203704,4479500
5392,41,38,45331,927,2203742,4465000
5393,37,35,45294,929,2203777,4581200
5394,44,43,45250,930,2203820,4381400
5395,42,59,45208,913,2203879,4623900
5396,46,43,45162,916,2203922,4745500
5397,45,41,45117,920,2203963,4543800
5398,32,36,45085,916,2203999,4448600
5399,35,54,45050,897,2204053,4468000
5400,36,41,45014,892,2204094,4693400
5401,42,39,44972,895,2204133,4369800
5402,44,30,44928,909,2204163,4170800
5403,38,46,44890,901,2204209,4287100
5404,45,46,44845,900,2204255,4496000
5405,49,37,44796,912,2204292,4843400
5406,42,37,44754,917,2204329,4178900
5407,43,50,44711,910,2204379,4228600
5408,48,39,44663,919,2204418,4243400
5409,42,31,44621,930,2204449,4237500
5410,46,59,44575,917,2204508,4234000
5411,50,51,44525,916,2204559,4845400
5412,37,47,44488,906,2204606,4729700
5413,36,50,44452,892,2204656,4579400
5414,55,43,44397,904,2204699,4632000
5415,49,38,44348,915,2204737,4374900
5416,33,43,44315,905,2204780,4201700
5417,40,51,44275,894,2204831,4183200
5418,41,50,44234,885,2204881,4450700
5419,36,59,44198,862,2204940,4292400
5420,40,45,44158,857,2204985,4232700
5421,36,37,44122,856,2205022,4245500
5422,26,45,44096,837,2205067,5495900
5423,37,43,44059,831,2205110,4198200
5424,35,38,44024,828,2205148,4176800
5425,30,36,43994,822,2205184,4364300
5426,43,42,43951,823,2205226,4747000
5427,38,35,43913,826,2205261,4429800
5428,35,38,43878,823,2205299,4475600
5429,29,46,43849,806,2205345,4617000
5430,41,38,43808,809,2205383,4408700
5431,40,51,43768,798,2205434,4190300
5432,31,40,43737,789,2205474,4367900
5433,36,35,43701,790,2205509,4329900
5434,25,28,43676,787,2205537,4176200
5435,34,40,43642,781,2205577,4434300
5436,36,46,43606,771,2205623,4306500
5437,33,29,43573,775,2205652,4267500
5438,28,30,43545,773,2205682,4171900
5439,30,44,43515,759,2205726,4299700
5440,33,38,43482,754,2205764,4228200
5441,25,32,43457,747,2205796,4215100
5442,34,38,43423,743,2205834,4500400
5443,29,44,43394,728,2205878,4409900
5444,25,34,43369,719,2205912,4407300
5445,19,36,43350,702,2205948,4317700
5446,39,47,43311,694,2205995,4324500
5447,36,45,43275,685,2206040,4279200
5448,31,31,43244,685,2206071,4222600
5449,33,30,43211,688,2206101,4184700
5450,27,40,43184,675,2206141,4275300
5451,30,23,43154,682,2206164,4263100
5452,38,42,43116,678,2206206,4173200
5453,27,34,43089,671,2206240,4177800
5454,35,30,43054,676,2206270,4415800
5455,30,40,43024,666,2206310,4262800
5456,29,32,42995,663,2206342,4412800
5457,29,37,42966,655,2206379,4331600
5458,30,29,42936,656,2206408,4740300
5459,30,27,42906,659,2206435,4881700
5460,27,41,42879,645,2206476,4786100
5461,43,38,42836,650,2206514,4624800
5462,30,27,42806,653,2206541,4287400
5463,25,21,42781,657,2206562,4247400
5464,39,31,42742,665,2206593,4231800
5465,33,42,42709,656,2206635,4203800
5466,37,40,42672,653,2206675,4193300
5467,39,30,42633,662,2206705,4508000
5468,28,28,42605,662,2206733,4511700
5469,34,22,42571,674,2206755,4403800
5470,29,44,42542,659,2206799,4426900
5471,31,29,42511,661,2206828,4601700
5472,43,40,42468,664,2206868,4704000
5473,49,39,42419,674,2206907,4601100
5474,30,47,42389,657,2206954,4572200
5475,43,24,42346,676,2206978,4655900
5476,45,35,42301,686,2207013,4640400
5477,37,47,42264,676,2207060,4563400
5478,39,22,42225,693,2207082,4458500
5479,51,33,42174,711,2207115,4359200
5480,31,24,42143,718,2207139,4344000
5481,38,39,42105,717,2207178,4259600
5482,52,38,42053,731,2207216,4267700
5483,33,36,42020,728,2207252,4188400
5484,35,36,41985,727,2207288,4232700
5485,40,36,41945,731,2207324,4384700
5486,38,36,41907,733,2207360,4276100
5487,40,41,41867,732,2207401,4220500
5488,40,34,41827,738,2207435,4279900
5489,29,35,41798,732,2207470,4376300
5490,41,41,41757,732,2207511,4297000
5491,34,38,41723,728,2207549,4267900
5492,29,41,41694,716,2207590,4346900
5493,25,31,41669,710,2207621,4228900
5494,48,36,41621,722,2207657,4346000
5495,33,33,41588,722,2207690,4300900
5496,37,36,41551,723,2207726,4399400
5497,36,36,41515,723,2207762,4733300
5498,37,42,41478,718,2207804,4702900
5499,40,43,41438,715,2207847,4347300
5500,30,33,41408,712,2207880,4277300
5501,44,39,41364,717,2207919,4347700
5502,34,33,41330,718,2207952,4361400
5503,43,47,41287,714,2207999,4416500
5504,27,52,41260,689,2208051,4648000
5505,35,36,41225,688,2208087,4306300
5506,31,36,41194,683,2208123,4307100
5507,29,42,41165,670,2208165,4305700
5508,30,34,41135,666,2208199,4262700
5509,24,34,41111,656,2208233,4276800
5510,18,30,41093,644,2208263,4511500
5511,33,29,41060,648,2208292,4452300
5512,25,34,41035,639,2208326,4323200
5513,26,37,41009,628,2208363,4486400
5514,21,39,40988,610,2208402,4418600
5515,21,36,40967,595,2208438,4228500
5516,28,29,40939,594,2208467,4229300
5517,18,27,40921,585,2208494,4700500
5518,30,26,40891,589,2208520,4563400
5519,23,32,40868,580,2208552,4674400
5520,24,28,40844,576,2208580,4673200
5521,30,27,40814,579,2208607,4669600
5522,32,29,40782,582,2208636,4506100
5523,19,34,40763,567,2208670,4580000
5524,33,35,40730,565,2208705,4464400
5525,41,25,40689,581,2208730,4273100
5526,37,23,40652,595,2208753,4243500
5527,28,39,40624,584,2208792,4373900
5528,31,34,40593,581,2208826,4363800
5529,21,28,40572,574,2208854,4325000
5530,19,24,40553,569,2208878,4295900
5531,20,32,40533,557,2208910,4343500
5532,17,34,40516,540,2208944,4305800
5533,28,20,40488,548,2208964,4316900
5534,23,27,40465,544,2208991,4488100
5535,18,30,40447,532,2209021,4519600
5536,17,22,40430,527,2209043,4420700
5537,20,22,40410,525,2209065,4269700
5538,21,20,40389,526,2209085,4536600
5539,16,21,40373,521,2209106,4356000
5540,23,24,40350,520,2209130,4274900
5541,32,28,40318,524,2209158,4327700
5542,19,19,40299,524,2209177,4301600
5543,27,24,40272,527,2209201,4257800
5544,20,29,40252,518,2209230,4282700
5545,30,33,40222,515,2209263,4357700
5546,29,27,40193,517,2209290,4424800
5547,21,19,40172,519,2209309,4272600
5548,31,20,40141,530,2209329,4711500
5549,28,30,40113,528,2209359,4769100
5550,19,28,40094,519,2209387,4605600
5551,17,28,40077,508,2209415,4496600
5552,18,22,40059,504,2209437,4394900
5553,20,26,40039,498,2209463,4387200
5554,22,21,40017,499,2209484,4249400
5555,21,24,39996,496,2209508,4473900
5556,25,22,39971,499,2209530,4334400
5557,29,27,39942,501,2209557,4152700
5558,32,19,39910,514,2209576,4229400
5559,19,35,39891,498,2209611,4285900
5560,24,31,39867,491,2209642,4277500
5561,20,23,39847,488,2209665,4256000
5562,14,21,39833,481,2209686,4336500
5563,23,27,39810,477,2209713,4410300
5564,18,28,39792,467,2209741,4692900
5565,19,28,39773,458,2209769,4776900
5566,25,18,39748,465,2209787,4481500
5567,25,16,39723,474,2209803,4733400
5568,21,21,39702,474,2209824,4625700
5569,28,26,39674,476,2209850,4876400
5570,23,28,39651,471,2209878,4743400
5571,23,25,39628,469,2209903,4438100
5572,16,27,39612,458,2209930,4830300
5573,30,33,39582,455,2209963,4475300
5574,20,18,39562,457,2209981,4282500
5575,31,23,39531,465,2210004,4264400
5576,26,19,39505,472,2210023,4348700
5577,23,23,39482,472,2210046,4347400
5578,24,25,39458,471,2210071,4258200
5579,16,22,39442,465,2210093,4454700
5580,23,22,39419,466,2210115,4590200
5581,23,25,39396,464,2210140,4515300
5582,29,19,39367,474,2210159,4591300
5583,12,24,39355,462,2210183,5009300
5584,29,26,39326,465,2210209,4417500
5585,20,25,39306,460,2210234,4298800
5586,31,31,39275,460,2210265,4211100
5587,22,26,39253,456,2210291,4436100
5588,24,17,39229,463,2210308,4251200
5589,24,23,39205,464,2210331,4247100
5590,21,17,39184,468,2210348,4695500
5591,25,31,39159,462,2210379,4345600
5592,28,26,39131,464,2210405,4277800
5593,26,25,39105,465,2210430,4248600
5594,26,23,39079,468,2210453,4640700
5595,26,19,39053,475,2210472,4479200
5596,25,20,39028,480,2210492,4356600
5597,27,23,39001,484,2210515,4291700
5598,18,23,38983,479,2210538,4500500
5599,23,20,38960,482,2210558,4473300
5600,26,23,38934,485,2210581,4401800
5601,25,29,38909,481,2210610,4554200
5602,28,22,38881,487,2210632,4524400
5603,23,28,38858,482,2210660,4468200
5604,21,33,38837,470,2210693,4826200
5605,27,19,38810,478,2210712,4639900
5606,24,23,38786,479,2210735,4521300
5607,28,22,38758,485,2210757,4276500
5608,15,21,38743,479,2210778,4493500
5609,22,29,38721,472,2210807,4618100
5610,28,24,38693,476,2210831,4534700
5611,25,25,38668,476,2210856,4479900
5612,27,24,38641,479,2210880,4479600
5613,17,22,38624,474,2210902,4409300
5614,26,24,38598,476,2210926,4386500
5615,24,23,38574,477,2210949,4800300
5616,22,30,38552,469,2210979,4614800
5617,20,17,38532,472,2210996,4558600
5618,25,26,38507,471,2211022,4648100
5619,23,16,38484,478,2211038,4647500
5620,22,23,38462,477,2211061,4780600
5621,19,16,38443,480,2211077,5021100
5622,26,23,38417,483,2211100,4946500
5623,22,18,38395,487,2211118,4668900
5624,23,27,38372,483,2211145,4598900
5625,21,24,38351,480,2211169,4876600
5626,32,22,38319,490,2211191,4852300
5627,27,22,38292,495,2211213,4453600
5628,17,35,38275,477,2211248,4406700
5629,27,19,38248,485,2211267,4485800
5630,19,23,38229,481,2211290,4428800
5631,24,21,38205,484,2211311,4538700
5632,23,26,38182,481,2211337,4581000
5633,25,27,38157,479,2211364,4425100
5634,18,23,38139,474,2211387,4398400
5635,22,18,38117,478,2211405,4436400
5636,20,27,38097,471,2211432,4391000
5637,21,24,38076,468,2211456,4404900
5638,32,16,38044,484,2211472,4493600
5639,22,24,38022,482,2211496,4550800
5640,22,29,38000,475,2211525,4451600
5641,21,27,37979,469,2211552,4469200
5642,26,32,37953,463,2211584,4507400
5643,23,25,37930,461,2211609,4446700
5644,22,22,37908,461,2211631,4415900
5645,24,25,37884,460,2211656,4410600
5646,17,18,37867,459,2211674,4468900
5647,20,26,37847,453,2211700,4394800
5648,22,20,37825,455,2211720,4367700
5649,13,14,37812,454,2211734,4313800
5650,17,22,37795,449,2211756,4411200
5651,27,29,37768,447,2211785,4203500
5652,22,19,37746,450,2211804,4299200
5653,19,20,37727,449,2211824,4766400
5654,17,18,37710,448,2211842,4667300
5655,17,20,37693,445,2211862,4428800
5656,23,28,37670,440,2211890,4872400
5657,21,27,37649,434,2211917,4372600
5658,26,19,37623,441,2211936,4277600
5659,18,27,37605,432,2211963,4208700
5660,21,17,37584,436,2211980,4328800
5661,26,15,37558,447,2211995,4246300
5662,20,25,37538,442,2212020,4301500
5663,26,21,37512,447,2212041,4399100
5664,20,30,37492,437,2212071,4238200
5665,23,30,37469,430,2212101,4233900
5666,29,21,37440,438,2212122,4204600
5667,14,22,37426,430,2212144,4209200
5668,19,18,37407,431,2212162,4280100
5669,25,15,37382,441,2212177,4436700
5670,26,23,37356,444,2212200,4479600
5671,21,25,37335,440,2212225,4367400
5672,18,16,37317,442,2212241,4338900
5673,18,19,37299,441,2212260,4243700
5674,16,22,37283,435,2212282,4320000
5675,22,16,37261,441,2212298,4334600
5676,21,18,37240,444,2212316,4204700
5677,20,19,37220,445,2212335,4179400
5678,12,24,37208,433,2212359,4333100
5679,26,13,37182,446,2212372,4355200
5680,18,24,37164,440,2212396,4785400
5681,17,21,37147,436,2212417,4757600
5682,20,19,37127,437,2212436,4337200
5683,15,27,37112,425,2212463,4290000
5684,15,28,37097,412,2212491,4392700
5685,20,16,37077,416,2212507,4558700
5686,18,32,37059,402,2212539,4537100
5687,19,16,37040,405,2212555,4309000
5688,25,25,37015,405,2212580,4197700
5689,23,24,36992,404,2212604,4318800
5690,16,24,36976,396,2212628,4234600
5691,14,15,36962,395,2212643,4222800
5692,15,22,36947,388,2212665,4417700
5693,17,18,36930,387,2212683,4353400
5694,12,21,36918,378,2212704,4460500
5695,12,10,36906,380,2212714,4426600
5696,11,15,36895,376,2212729,4534400
5697,19,19,36876,376,2212748,4581300
5698,17,15,36859,378,2212763,4495800
5699,14,16,36845,376,2212779,4654900
5700,16,17,36829,375,2212796,4595500
5701,18,14,36811,379,2212810,4742600
5702,16,18,36795,377,2212828,4822400
5703,20,21,36775,376,2212849,4558900
5704,14,24,36761,366,2212873,4783500
5705,14,24,36747,356,2212897,4677600
5706,11,23,36736,344,2212920,4719500
5707,13,8,36723,349,2212928,5027000
5708,15,12,36708,352,2212940,4414200
5709,14,15,36694,351,2212955,4317300
5710,18,15,36676,354,2212970,4341600
5711,15,11,36661,358,2212981,4233700
5712,25,15,36636,368,2212996,4252900
5713,22,22,36614,368,2213018,4458700
5714,21,17,36593,372,2213035,4413900
5715,17,17,36576,372,2213052,4432300
5716,18,14,36558,376,2213066,4238600
5717,23,20,36535,379,2213086,4239900
5718,12,25,36523,366,2213111,4488100
5719,20,15,36503,371,2213126,4631700
5720,18,22,36485,367,2213148,4473900
5721,15,14,36470,368,2213162,4329000
5722,16,21,36454,363,2213183,4281600
5723,18,18,36436,363,2213201,4618300
5724,18,14,36418,367,2213215,4306100
5725,20,19,36398,368,2213234,4185000
5726,14,12,36384,370,2213246,4266900
5727,16,20,36368,366,2213266,4248500
5728,18,18,36350,366,2213284,4408100
5729,20,20,36330,366,2213304,4416100
5730,22,25,36308,363,2213329,4330900
5731,17,26,36291,354,2213355,4525400
5732,13,19,36278,348,2213374,4338300
5733,18,18,36260,348,2213392,4231400
5734,16,21,36244,343,2213413,4231500
5735,18,22,36226,339,2213435,4231200
5736,19,16,36207,342,2213451,4246600
5737,13,9,36194,346,2213460,4343900
5738,16,18,36178,344,2213478,4326300
5739,13,18,36165,339,2213496,4314800
5740,15,13,36150,341,2213509,4214500
5741,19,18,36131,342,2213527,4336300
5742,17,20,36114,339,2213547,4580200
5743,14,17,36100,336,2213564,4266600
5744,10,26,36090,320,2213590,4297600
5745,22,19,36068,323,2213609,4360900
5746,15,14,36053,324,2213623,4508100
5747,13,20,36040,317,2213643,4252400
5748,12,18,36028,311,2213661,4384500
5749,14,19,36014,306,2213680,4428600
5750,16,17,35998,305,2213697,4325200
5751,19,14,35979,310,2213711,4356600
5752,16,17,35963,309,2213728,4439200
5753,12,10,35951,311,2213738,4449200
5754,10,17,35941,304,2213755,4407700
5755,15,13,35926,306,2213768,4369800
5756,17,17,35909,306,2213785,4473600
5757,14,12,35895,308,2213797,4744700
5758,13,13,35882,308,2213810,4523200
5759,20,23,35862,305,2213833,4405200
5760,12,18,35850,299,2213851,4505500
5761,15,13,35835,301,2213864,4203700
5762,13,9,35822,305,2213873,4210500
5763,13,10,35809,308,2213883,4185100
5764,12,15,35797,305,2213898,4279900
5765,9,12,35788,302,2213910,4188100
5766,9,16,35779,295,2213926,4223200
5767,11,14,35768,292,2213940,4307100
5768,7,9,35761,290,2213949,4239900
5769,11,20,35750,281,2213969,4254600
5770,16,5,35734,292,2213974,4316800
5771,9,14,35725,287,2213988,4265400
5772,15,8,35710,294,2213996,4287800
5773,12,18,35698,288,2214014,4524100
5774,13,18,35685,283,2214032,4473100
5775,13,16,35672,280,2214048,4455400
5776,24,16,35648,288,2214064,4425300
5777,14,9,35634,293,2214073,4667800
5778,9,16,35625,286,2214089,4280800
5779,13,16,35612,283,2214105,4374100
5780,12,13,35600,282,2214118,4451300
5781,13,17,35587,278,2214135,4815800
5782,13,14,35574,277,2214149,4608900
5783,14,16,35560,275,2214165,4315200
5784,16,13,35544,278,2214178,4329000
5785,11,13,35533,276,2214191,4166700
5786,18,15,35515,279,2214206,4210400
5787,11,13,35504,277,2214219,4234000
5788,11,15,35493,273,2214234,4205900
5789,13,14,35480,272,2214248,4232300
5790,15,14,35465,273,2214262,4451100
5791,14,19,35451,268,2214281,4296300
5792,13,16,35438,265,2214297,4326800
5793,11,13,35427,263,2214310,4178100
5794,10,11,35417,262,2214321,4196300
5795,16,10,35401,268,2214331,4452000
5796,13,9,35388,272,2214340,4272400
5797,17,13,35371,276,2214353,4324000
5798,15,13,35356,278,2214366,4257400
5799,11,15,35345,274,2214381,4284900
5800,15,22,35330,267,2214403,4217400
5801,20,12,35310,275,2214415,4174500
5802,14,12,35296,277,2214427,4194400
5803,17,15,35279,279,2214442,4202100
5804,10,16,35269,273,2214458,4198500
5805,17,10,35252,280,2214468,4617800
5806,14,10,35238,284,2214478,4480700
5807,14,18,35224,280,2214496,4272400
5808,12,16,35212,276,2214512,4354500
5809,12,13,35200,275,2214525,4284900
5810,7,9,35193,273,2214534,4314900
5811,16,12,35177,277,2214546,4205100
5812,15,11,35162,281,2214557,4204000
5813,13,16,35149,278,2214573,4546100
5814,20,18,35129,280,2214591,4274900
5815,12,13,35117,279,2214604,4301600
5816,10,14,35107,275,2214618,4730200
5817,9,11,35098,273,2214629,4839800
5818,11,11,35087,273,2214640,4334800
5819,7,15,35080,265,2214655,4230000
5820,12,9,35068,268,2214664,4418600
5821,7,15,35061,260,2214679,4553800
5822,9,20,35052,249,2214699,4405600
5823,7,7,35045,249,2214706,4456200
5824,10,12,35035,247,2214718,4334800
5825,13,15,35022,245,2214733,4284100
5826,12,9,35010,248,2214742,4141200
5827,13,13,34997,248,2214755,4212600
5828,8,20,34989,236,2214775,4203700
5829,15,7,34974,244,2214782,4343900
5830,12,11,34962,245,2214793,4368500
5831,10,15,34952,240,2214808,4577500
5832,12,15,34940,237,2214823,4259400
5833,9,11,34931,235,2214834,4328900
5834,13,12,34918,236,2214846,4215000
5835,5,19,34913,222,2214865,4252700
5836,7,10,34906,219,2214875,4448600
5837,8,10,34898,217,2214885,4334000
5838,8,12,34890,213,2214897,4353300
5839,6,6,34884,213,2214903,4238800
5840,6,11,34878,208,2214914,4323600
5841,5,7,34873,206,2214921,4275000
5842,9,12,34864,203,2214933,4303700
5843,6,13,34858,196,2214946,4222100
5844,8,9,34850,195,2214955,4271400
5845,15,10,34835,200,2214965,4446200
5846,2,9,34833,193,2214974,4554900
5847,3,10,34830,186,2214984,4535400
5848,12,2,34818,196,2214986,4532800
5849,9,13,34809,192,2214999,4555000
5850,9,12,34800,189,2215011,4691700
5851,6,18,34794,177,2215029,4726900
5852,8,13,34786,172,2215042,4880300
5853,3,8,34783,167,2215050,4577300
5854,12,6,34771,173,2215056,4438600
5855,7,4,34764,176,2215060,4461400
5856,7,8,34757,175,2215068,4539400
5857,5,10,34752,170,2215078,4709500
5858,6,3,34746,173,2215081,4815300
5859,6,15,34740,164,2215096,4446800
5860,9,10,34731,163,2215106,4315600
5861,6,5,34725,164,2215111,4165100
5862,8,12,34717,160,2215123,4517300
5863,2,12,34715,150,2215135,4380000
5864,15,12,34700,153,2215147,4211600
5865,7,12,34693,148,2215159,4247100
5866,8,12,34685,144,2215171,4527100
5867,3,7,34682,140,2215178,4451700
5868,5,1,34677,144,2215179,4233900
5869,3,5,34674,142,2215184,4205200
5870,4,4,34670,142,2215188,4247500
5871,6,7,34664,141,2215195,4235500
5872,6,6,34658,141,2215201,4393000
5873,3,7,34655,137,2215208,4249700
5874,9,9,34646,137,2215217,4251100
5875,7,4,34639,140,2215221,4207000
5876,11,3,34628,148,2215224,4370800
5877,3,8,34625,143,2215232,4464300
5878,7,7,34618,143,2215239,4497600
5879,8,9,34610,142,2215248,4424600
5880,10,7,34600,145,2215255,4547000
5881,10,9,34590,146,2215264,4618300
5882,13,3,34577,156,2215267,4608000
5883,5,5,34572,156,2215272,4738600
5884,5,7,34567,154,2215279,4522400
5885,6,11,34561,149,2215290,4382400
5886,8,8,34553,149,2215298,4376900
5887,9,3,34544,155,2215301,4956900
5888,8,9,34536,154,2215310,4464100
5889,11,3,34525,162,2215313,4399100
5890,13,6,34512,169,2215319,4467800
5891,8,5,34504,172,2215324,4493800
5892,15,13,34489,174,2215337,4434800
5893,11,9,34478,176,2215346,4380000
5894,14,6,34464,184,2215352,4540400
5895,10,18,34454,176,2215370,4436200
5896,5,8,34449,173,2215378,4519500
5897,9,9,34440,173,2215387,4593800
5898,6,5,34434,174,2215392,4431100
5899,7,5,34427,176,2215397,4379300
5900,12,9,34415,179,2215406,4388900
5901,10,10,34405,179,2215416,4501800
5902,5,12,34400,172,2215428,4920300
5903,11,5,34389,178,2215433,4968000
5904,8,4,34381,182,2215437,4729300
5905,4,5,34377,181,2215442,4430600
5906,10,10,34367,181,2215452,4453600
5907,10,14,34357,177,2215466,4492200
5908,10,8,34347,179,2215474,4500700
5909,6,12,34341,173,2215486,4388100
5910,6,8,34335,171,2215494,4457700
5911,5,6,34330,170,2215500,4505300
5912,7,10,34323,167,2215510,4458500
5913,4,8,34319,163,2215518,4377700
5914,10,5,34309,168,2215523,4501500
5915,8,5,34301,171,2215528,4601600
5916,11,9,34290,173,2215537,4472000
5917,3,17,34287,159,2215554,4950300
5918,2,8,34285,153,2215562,4603600
5919,4,7,34281,150,2215569,4740900
5920,4,6,34277,148,2215575,4629700
5921,5,6,34272,147,2215581,4690000
5922,1,11,34271,137,2215592,4523000
5923,2,6,34269,133,2215598,4562900
5924,1,5,34268,129,2215603,4542400
5925,3,9,34265,123,2215612,4689400
5926,2,9,34263,116,2215621,4603000
5927,3,7,34260,112,2215628,4639300
5928,7,7,34253,112,2215635,4578300
5929,3,5,34250,110,2215640,4541900
5930,1,7,34249,104,2215647,4399700
5931,2,6,34247,100,2215653,4802700
5932,4,5,34243,99,2215658,4368100
5933,1,8,34242,92,2215666,4269500
5934,2,6,34240,88,2215672,4192100
5935,1,3,34239,86,2215675,4329500
5936,3,4,34236,85,2215679,4402000
5937,1,4,34235,82,2215683,4219300
5938,2,1,34233,83,2215684,4269700
5939,0,2,34233,81,2215686,4263700
5940,2,5,34231,78,2215691,4517700
5941,1,4,34230,75,2215695,4278400
5942,0,5,34230,70,2215700,4278300
5943,1,2,34229,69,2215702,4270700
5944,2,2,34227,69,2215704,4199100
5945,2,4,34225,67,2215708,4235400
5946,2,0,34223,69,2215708,4390000
5947,1,4,34222,66,2215712,4310400
5948,2,4,34220,64,2215716,4239800
5949,0,4,34220,60,2215720,4510400
5950,1,4,34219,57,2215724,4340300
5951,1,3,34218,55,2215727,4268600
5952,2,3,34216,54,2215730,4229300
5953,0,1,34216,53,2215731,4329900
5954,0,3,34216,50,2215734,4368600
5955,0,3,34216,47,2215737,4405600
5956,0,4,34216,43,2215741,4455700
5957,0,4,34216,39,2215745,4462900
5958,0,1,34216,38,2215746,4311200
5959,1,2,34215,37,2215748,4258500
5960,0,2,34215,35,2215750,4408000
5961,1,1,34214,35,2215751,4453700
5962,0,1,34214,34,2215752,4199200
5963,1,2,34213,33,2215754,4270900
5964,0,0,34213,33,2215754,4407000
5965,0,0,34213,33,2215754,4168800
5966,0,0,34213,33,2215754,4219500
5967,0,2,34213,31,2215756,4337300
5968,0,1,34213,30,2215757,4350200
5969,0,2,34213,28,2215759,4249400
5970,0,0,34213,28,2215759,4357100
5971,0,4,34213,24,2215763,4444800
5972,0,1,34213,23,2215764,4445900
5973,0,0,34213,23,2215764,4389600
5974,1,1,34212,23,2215765,4247300
5975,0,0,34212,23,2215765,4362300
5976,1,1,34211,23,2215766,4285200
5977,0,5,34211,18,2215771,4259700
5978,0,1,34211,17,2215772,4387600
5979,0,2,34211,15,2215774,4496800
5980,0,1,34211,14,2215775,4307100
5981,0,0,34211,14,2215775,4323000
5982,0,0,34211,14,2215775,4913600
5983,0,0,34211,14,2215775,4584500
5984,0,0,34211,14,2215775,4611900
5985,0,0,34211,14,2215775,4655800
5986,0,0,34211,14,2215775,4705900
5987,0,0,34211,14,2215775,4460200
5988,0,0,34211,14,2215775,4846400
5989,0,1,34211,13,2215776,4572100
5990,0,1,34211,12,2215777,4425600
5991,0,1,34211,11,2215778,4541400
5992,0,1,34211,10,2215779,4514000
5993,0,2,34211,8,2215781,4272800
5994,0,0,34211,8,2215781,4135900
5995,0,1,34211,7,2215782,4194100
5996,0,0,34211,7,2215782,4330700
5997,0,0,34211,7,2215782,4243200
5998,0,0,34211,7,2215782,4240100
5999,0,1,34211,6,2215783,4255100
6000,0,0,34211,6,2215783,4384500
6001,0,0,34211,6,2215783,4333700
6002,0,0,34211,6,2215783,4607400
6003,0,0,34211,6,2215783,4865000
6004,0,0,34211,6,2215783,4328200
6005,0,1,34211,5,2215784,4244300
6006,0,1,34211,4,2215785,4262300
6007,0,0,34211,4,2215785,4306100
6008,0,0,34211,4,2215785,4247900
6009,0,0,34211,4,2215785,4289800
6010,0,1,34211,3,2215786,4553400
6011,0,0,34211,3,2215786,4254300
6012,0,1,34211,2,2215787,4247100
6013,0,0,34211,2,2215787,4257700
6014,0,0,34211,2,2215787,4286100
6015,0,0,34211,2,2215787,4289800
6016,0,0,34211,2,2215787,4838800
6017,0,0,34211,2,2215787,4793400
6018,0,0,34211,2,2215787,4423700
6019,0,0,34211,2,2215787,4250300
6020,0,0,34211,2,2215787,4326900
6021,0,0,34211,2,2215787,4323600
6022,0,0,34211,2,2215787,4176600
6023,0,0,34211,2,2215787,4186900
6024,0,0,34211,2,2215787,4344500
6025,0,0,34211,2,2215787,4219900
6026,0,0,34211,2,2215787,4181000
6027,0,0,34211,2,2215787,4218300
6028,0,0,34211,2,2215787,4259000
6029,0,0,34211,2,2215787,4231900
6030,0,0,34211,2,2215787,4274900
6031,0,1,34211,1,2215788,4704300
6032,0,0,34211,1,2215788,4625300
6033,0,1,34211,0,2215789,4410200
