Tick,NewlyInfected,NewlyRecovered,TotalSusceptible,TotalInfected,TotalRecovered,StepTimeNanos
0,1,0,2249994,6,0,4861000
1,1,0,2249993,7,0,4322500
2,0,1,2249993,6,1,4145600
3,3,0,2249990,9,1,4292300
4,2,0,2249988,11,1,4179700
5,4,0,2249984,15,1,4314000
6,2,2,2249982,15,3,4433500
7,3,0,2249979,18,3,4249900
8,7,1,2249972,24,4,4196500
9,11,2,2249961,33,6,4198500
10,9,3,2249952,39,9,4169300
11,7,1,2249945,45,10,4249700
12,3,1,2249942,47,11,4246500
13,7,3,2249935,51,14,4383500
14,5,2,2249930,54,16,4333800
15,3,7,2249927,50,23,4233700
16,8,1,2249919,57,24,4345600
17,11,2,2249908,66,26,4618100
18,3,2,2249905,67,28,4287600
19,4,6,2249901,65,34,4341300
20,4,0,2249897,69,34,4522100
21,8,6,2249889,71,40,4253600
22,11,3,2249878,79,43,4496500
23,6,3,2249872,82,46,4271900
24,11,4,2249861,89,50,4182900
25,9,5,2249852,93,55,4435000
26,10,6,2249842,97,61,4342100
27,12,6,2249830,103,67,4248300
28,8,4,2249822,107,71,4305800
29,8,4,2249814,111,75,4306300
30,11,7,2249803,115,82,4220000
31,3,6,2249800,112,88,4333600
32,10,10,2249790,112,98,4377100
33,16,4,2249774,124,102,4547200
34,16,11,2249758,129,113,4322700
35,10,7,2249748,132,120,4456300
36,12,3,2249736,141,123,4366900
37,13,5,2249723,149,128,4396100
38,21,4,2249702,166,132,4592700
39,19,3,2249683,182,135,4533700
40,21,8,2249662,195,143,4423400
41,26,11,2249636,210,154,4298800
42,36,11,2249600,235,165,4333400
43,15,19,2249585,231,184,4467700
44,18,11,2249567,238,195,4408100
45,16,17,2249551,237,212,4484800
46,14,15,2249537,236,227,4417800
47,21,13,2249516,244,240,4457900
48,18,12,2249498,250,252,4447100
49,11,16,2249487,245,268,4342300
50,28,7,2249459,266,275,4449800
51,20,10,2249439,276,285,4451100
52,21,12,2249418,285,297,4212600
53,17,12,2249401,290,309,4160600
54,32,19,2249369,303,328,4181300
55,25,18,2249344,310,346,4109400
56,22,14,2249322,318,360,4260200
57,27,9,2249295,336,369,4121600
58,32,15,2249263,353,384,4391400
59,28,19,2249235,362,403,4411100
60,36,14,2249199,384,417,4267300
61,27,20,2249172,391,437,4359100
62,30,16,2249142,405,453,4558200
63,33,27,2249109,411,480,4318700
64,43,19,2249066,435,499,4349400
65,31,23,2249035,443,522,4238700
66,34,14,2249001,463,536,4186800
67,30,29,2248971,464,565,4262600
68,28,27,2248943,465,592,4219400
69,34,19,2248909,480,611,4671400
70,34,24,2248875,490,635,4380200
71,34,30,2248841,494,665,4326900
72,43,28,2248798,509,693,4345500
73,34,22,2248764,521,715,4496700
74,39,22,2248725,538,737,4319900
75,24,24,2248701,538,761,4316600
76,39,28,2248662,549,789,4260700
77,42,25,2248620,566,814,4541800
78,37,33,2248583,570,847,4589000
79,44,35,2248539,579,882,4544000
80,48,36,2248491,591,918,4626700
81,43,25,2248448,609,943,4612700
82,40,29,2248408,620,972,4840700
83,39,26,2248369,633,998,4334000
84,45,30,2248324,648,1028,4563600
85,54,38,2248270,664,1066,4459300
86,46,22,2248224,688,1088,4356800
87,42,44,2248182,686,1132,4394700
88,44,29,2248138,701,1161,4412600
89,51,32,2248087,720,1193,4294100
90,53,34,2248034,739,1227,4879400
91,47,35,2247987,751,1262,4583600
92,47,43,2247940,755,1305,4322700
93,37,33,2247903,759,1338,4497600
94,58,39,2247845,778,1377,4318600
95,51,36,2247794,793,1413,4330300
96,46,39,2247748,800,1452,4594000
97,51,38,2247697,813,1490,4262600
98,50,47,2247647,816,1537,4341300
99,48,35,2247599,829,1572,4308700
100,45,55,2247554,819,1627,4241300
101,53,51,2247501,821,1678,4497100
102,45,35,2247456,831,1713,4463500
103,59,47,2247397,843,1760,4233800
104,77,48,2247320,872,1808,4559600
105,71,43,2247249,900,1851,4392200
106,67,45,2247182,922,1896,4243600
107,56,56,2247126,922,1952,4383500
108,60,47,2247066,935,1999,4343000
109,67,51,2246999,951,2050,4646000
110,60,48,2246939,963,2098,4421300
111,54,46,2246885,971,2144,4227200
112,60,53,2246825,978,2197,4395500
113,62,60,2246763,980,2257,4502400
114,71,57,2246692,994,2314,4239000
115,74,44,2246618,1024,2358,4292400
116,76,48,2246542,1052,2406,4262900
117,66,53,2246476,1065,2459,4257700
118,79,53,2246397,1091,2512,4308300
119,59,51,2246338,1099,2563,4361400
120,69,52,2246269,1116,2615,4338000
121,65,49,2246204,1132,2664,4186800
122,57,69,2246147,1120,2733,4191900
123,67,59,2246080,1128,2792,4466100
124,81,49,2245999,1160,2841,4718300
125,80,67,2245919,1173,2908,4464700
126,77,50,2245842,1200,2958,4509400
127,77,48,2245765,1229,3006,4654700
128,81,64,2245684,1246,3070,4542900
129,78,61,2245606,1263,3131,4348300
130,79,64,2245527,1278,3195,4352400
131,75,63,2245452,1290,3258,4309900
132,71,70,2245381,1291,3328,4170700
133,79,73,2245302,1297,3401,4215800
134,82,70,2245220,1309,3471,4325500
135,69,55,2245151,1323,3526,4256100
136,70,58,2245081,1335,3584,4209000
137,66,71,2245015,1330,3655,4212200
138,94,49,2244921,1375,3704,4156100
139,90,79,2244831,1386,3783,4585000
140,81,59,2244750,1408,3842,4500900
141,80,80,2244670,1408,3922,4743600
142,89,90,2244581,1407,4012,4632100
143,75,67,2244506,1415,4079,4544300
144,79,62,2244427,1432,4141,4670500
145,68,86,2244359,1414,4227,4610700
146,61,69,2244298,1406,4296,4479900
147,77,82,2244221,1401,4378,4459100
148,84,72,2244137,1413,4450,4476900
149,81,65,2244056,1429,4515,4463900
150,76,68,2243980,1437,4583,4564600
151,82,58,2243898,1461,4641,4503300
152,68,66,2243830,1463,4707,4583200
153,82,77,2243748,1468,4784,4834100
154,82,74,2243666,1476,4858,4456600
155,80,73,2243586,1483,4931,4369300
156,90,71,2243496,1502,5002,4478900
157,89,72,2243407,1519,5074,4583500
158,95,76,2243312,1538,5150,4602000
159,99,68,2243213,1569,5218,4440000
160,99,86,2243114,1582,5304,4573600
161,110,81,2243004,1611,5385,4643500
162,93,70,2242911,1634,5455,4737100
163,104,80,2242807,1658,5535,4585300
164,87,88,2242720,1657,5623,4522700
165,75,90,2242645,1642,5713,4541000
166,98,86,2242547,1654,5799,4528500
167,86,71,2242461,1669,5870,4645300
168,69,92,2242392,1646,5962,4570400
169,106,72,2242286,1680,6034,4451000
170,122,92,2242164,1710,6126,4478000
171,99,96,2242065,1713,6222,4376900
172,114,69,2241951,1758,6291,4349500
173,95,88,2241856,1765,6379,4546800
174,101,78,2241755,1788,6457,4450800
175,109,82,2241646,1815,6539,4879200
176,110,99,2241536,1826,6638,4330100
177,97,96,2241439,1827,6734,4222300
178,102,97,2241337,1832,6831,4326100
179,103,106,2241234,1829,6937,4210700
180,106,83,2241128,1852,7020,4221200
181,123,94,2241005,1881,7114,4423300
182,103,94,2240902,1890,7208,4219800
183,94,105,2240808,1879,7313,4365400
184,110,99,2240698,1890,7412,4314000
185,100,101,2240598,1889,7513,4332300
186,120,89,2240478,1920,7602,4408900
187,94,93,2240384,1921,7695,4539800
188,131,99,2240253,1953,7794,4250200
189,146,114,2240107,1985,7908,4479900
190,114,100,2239993,1999,8008,4380400
191,125,95,2239868,2029,8103,4344900
192,124,102,2239744,2051,8205,4662300
193,139,127,2239605,2063,8332,4342400
194,110,119,2239495,2054,8451,4352100
195,113,109,2239382,2058,8560,4311000
196,126,96,2239256,2088,8656,4314700
197,105,101,2239151,2092,8757,4501700
198,128,113,2239023,2107,8870,4387200
199,108,124,2238915,2091,8994,4320300
200,119,121,2238796,2089,9115,4772800
201,134,112,2238662,2111,9227,4290700
202,116,106,2238546,2121,9333,4422600
203,117,97,2238429,2141,9430,4521100
204,130,111,2238299,2160,9541,4452200
205,107,96,2238192,2171,9637,4349600
206,117,107,2238075,2181,9744,4308200
207,114,115,2237961,2180,9859,4212300
208,119,98,2237842,2201,9957,4369200
209,119,142,2237723,2178,10099,4628000
210,134,102,2237589,2210,10201,4440200
211,125,124,2237464,2211,10325,4291700
212,115,103,2237349,2223,10428,4169100
213,111,130,2237238,2204,10558,4589000
214,118,113,2237120,2209,10671,4472500
215,112,112,2237008,2209,10783,4409000
216,128,100,2236880,2237,10883,4530100
217,125,113,2236755,2249,10996,4534100
218,133,93,2236622,2289,11089,4434900
219,108,107,2236514,2290,11196,4370700
220,120,127,2236394,2283,11323,4441600
221,105,119,2236289,2269,11442,4787600
222,139,111,2236150,2297,11553,4466000
223,139,134,2236011,2302,11687,4323700
224,127,101,2235884,2328,11788,4666500
225,120,122,2235764,2326,11910,4446500
226,154,102,2235610,2378,12012,4281800
227,126,143,2235484,2361,12155,4310600
228,146,120,2235338,2387,12275,4331000
229,136,111,2235202,2412,12386,4615300
230,155,111,2235047,2456,12497,4256300
231,150,125,2234897,2481,12622,4472300
232,128,142,2234769,2467,12764,4419600
233,118,134,2234651,2451,12898,4501600
234,115,104,2234536,2462,13002,4418500
235,133,131,2234403,2464,13133,4290700
236,145,133,2234258,2476,13266,4269000
237,140,132,2234118,2484,13398,4419700
238,136,119,2233982,2501,13517,4447200
239,132,109,2233850,2524,13626,4292600
240,146,112,2233704,2558,13738,4436200
241,134,125,2233570,2567,13863,4336700
242,151,124,2233419,2594,13987,4324700
243,167,140,2233252,2621,14127,4398600
244,153,125,2233099,2649,14252,4481000
245,169,138,2232930,2680,14390,4302700
246,171,134,2232759,2717,14524,4370700
247,168,115,2232591,2770,14639,4318000
248,142,138,2232449,2774,14777,4319100
249,149,144,2232300,2779,14921,4288500
250,154,134,2232146,2799,15055,4354400
251,164,131,2231982,2832,15186,4493300
252,164,136,2231818,2860,15322,4493100
253,180,130,2231638,2910,15452,4782300
254,158,152,2231480,2916,15604,4496300
255,166,146,2231314,2936,15750,4479900
256,158,142,2231156,2952,15892,4665100
257,161,158,2230995,2955,16050,4742200
258,166,170,2230829,2951,16220,4591700
259,142,167,2230687,2926,16387,4363400
260,166,131,2230521,2961,16518,4339200
261,181,124,2230340,3018,16642,4440500
262,166,189,2230174,2995,16831,4460000
263,163,138,2230011,3020,16969,4404600
264,185,164,2229826,3041,17133,4304400
265,186,143,2229640,3084,17276,4279300
266,184,141,2229456,3127,17417,4396000
267,168,156,2229288,3139,17573,4303000
268,184,150,2229104,3173,17723,4280400
269,163,141,2228941,3195,17864,4268000
270,190,158,2228751,3227,18022,4236100
271,187,164,2228564,3250,18186,4318300
272,184,176,2228380,3258,18362,4467100
273,171,155,2228209,3274,18517,4293400
274,171,162,2228038,3283,18679,4515000
275,170,153,2227868,3300,18832,4328000
276,176,164,2227692,3312,18996,4404000
277,181,160,2227511,3333,19156,4443900
278,169,147,2227342,3355,19303,4417300
279,175,179,2227167,3351,19482,4348000
280,176,161,2226991,3366,19643,4701000
281,172,186,2226819,3352,19829,4305400
282,153,144,2226666,3361,19973,4273000
283,170,181,2226496,3350,20154,4391200
284,168,174,2226328,3344,20328,4388100
285,185,157,2226143,3372,20485,4250600
286,204,166,2225939,3410,20651,4810800
287,202,171,2225737,3441,20822,4433200
288,206,161,2225531,3486,20983,4286600
289,178,168,2225353,3496,21151,4320600
290,223,157,2225130,3562,21308,4453500
291,194,181,2224936,3575,21489,4606400
292,211,179,2224725,3607,21668,4620400
293,198,169,2224527,3636,21837,4255800
294,213,196,2224314,3653,22033,4745800
295,195,194,2224119,3654,22227,4807100
296,216,165,2223903,3705,22392,4538000
297,208,176,2223695,3737,22568,4524100
298,207,193,2223488,3751,22761,4444700
299,203,187,2223285,3767,22948,4745600
300,200,186,2223085,3781,23134,4495400
301,203,207,2222882,3777,23341,4339400
302,184,207,2222698,3754,23548,4387100
303,199,195,2222499,3758,23743,4312400
304,197,153,2222302,3802,23896,4372300
305,203,197,2222099,3808,24093,4306800
306,214,205,2221885,3817,24298,4265600
307,195,191,2221690,3821,24489,4199200
308,206,176,2221484,3851,24665,4316900
309,220,204,2221264,3867,24869,4219800
310,214,197,2221050,3884,25066,4433200
311,189,194,2220861,3879,25260,4348500
312,192,167,2220669,3904,25427,4339600
313,212,216,2220457,3900,25643,4546100
314,213,207,2220244,3906,25850,4436300
315,197,206,2220047,3897,26056,4683000
316,184,208,2219863,3873,26264,4414500
317,237,185,2219626,3925,26449,4326600
318,205,197,2219421,3933,26646,4384600
319,241,200,2219180,3974,26846,4371800
320,202,201,2218978,3975,27047,4272100
321,195,169,2218783,4001,27216,4384900
322,207,215,2218576,3993,27431,4213800
323,210,209,2218366,3994,27640,4325100
324,231,184,2218135,4041,27824,4379400
325,193,174,2217942,4060,27998,4473600
326,239,188,2217703,4111,28186,4333300
327,232,211,2217471,4132,28397,4321200
328,217,194,2217254,4155,28591,4354600
329,219,201,2217035,4173,28792,4410200
330,227,215,2216808,4185,29007,4381500
331,222,226,2216586,4181,29233,4550400
332,231,202,2216355,4210,29435,4485800
333,220,194,2216135,4236,29629,4424600
334,198,222,2215937,4212,29851,4389100
335,214,199,2215723,4227,30050,4327100
336,229,205,2215494,4251,30255,4494000
337,231,218,2215263,4264,30473,4645400
338,226,214,2215037,4276,30687,4430600
339,217,213,2214820,4280,30900,4472800
340,220,217,2214600,4283,31117,4439300
341,242,219,2214358,4306,31336,4250600
342,235,204,2214123,4337,31540,4287900
343,206,216,2213917,4327,31756,4248100
344,224,218,2213693,4333,31974,4321000
345,249,207,2213444,4375,32181,4327700
346,221,231,2213223,4365,32412,4230600
347,226,205,2212997,4386,32617,4326800
348,236,214,2212761,4408,32831,4555900
349,245,229,2212516,4424,33060,4403200
350,242,232,2212274,4434,33292,4199200
351,236,207,2212038,4463,33499,4429800
352,230,210,2211808,4483,33709,4617500
353,212,225,2211596,4470,33934,4507600
354,231,216,2211365,4485,34150,4496200
355,241,231,2211124,4495,34381,4406000
356,224,224,2210900,4495,34605,4626500
357,208,219,2210692,4484,34824,4538700
358,224,233,2210468,4475,35057,4398700
359,215,224,2210253,4466,35281,4538000
360,226,238,2210027,4454,35519,4608600
361,227,232,2209800,4449,35751,4576000
362,212,219,2209588,4442,35970,4655000
363,229,237,2209359,4434,36207,4398400
364,199,229,2209160,4404,36436,4537900
365,231,235,2208929,4400,36671,4622400
366,251,221,2208678,4430,36892,4461900
367,215,197,2208463,4448,37089,4507900
368,206,250,2208257,4404,37339,4399600
369,225,229,2208032,4400,37568,4385300
370,238,253,2207794,4385,37821,4432300
371,238,226,2207556,4397,38047,4647300
372,217,195,2207339,4419,38242,4449300
373,256,234,2207083,4441,38476,4361300
374,258,221,2206825,4478,38697,4429100
375,264,240,2206561,4502,38937,4488900
376,246,205,2206315,4543,39142,4398900
377,229,211,2206086,4561,39353,4380200
378,227,237,2205859,4551,39590,4446400
379,249,248,2205610,4552,39838,4367300
380,225,258,2205385,4519,40096,4920300
381,248,223,2205137,4544,40319,4475300
382,224,238,2204913,4530,40557,4620800
383,227,242,2204686,4515,40799,4596600
384,259,215,2204427,4559,41014,4405800
385,209,232,2204218,4536,41246,4365200
386,258,224,2203960,4570,41470,4663300
387,270,224,2203690,4616,41694,4583200
388,233,232,2203457,4617,41926,4565000
389,222,267,2203235,4572,42193,4497900
390,236,236,2202999,4572,42429,4359400
391,211,220,2202788,4563,42649,4419400
392,244,239,2202544,4568,42888,4379700
393,258,230,2202286,4596,43118,4336700
394,246,228,2202040,4614,43346,4466700
395,229,237,2201811,4606,43583,4371900
396,237,253,2201574,4590,43836,4254400
397,243,252,2201331,4581,44088,4445000
398,233,235,2201098,4579,44323,4497600
399,256,229,2200842,4606,44552,4294800
400,230,220,2200612,4616,44772,4339400
401,256,238,2200356,4634,45010,4253700
402,227,220,2200129,4641,45230,4264000
403,261,249,2199868,4653,45479,4281300
404,275,248,2199593,4680,45727,4245800
405,243,247,2199350,4676,45974,4349100
406,278,200,2199072,4754,46174,4465800
407,287,277,2198785,4764,46451,4334100
408,272,251,2198513,4785,46702,4588000
409,254,243,2198259,4796,46945,4378600
410,260,229,2197999,4827,47174,4291400
411,266,252,2197733,4841,47426,4374100
412,246,237,2197487,4850,47663,4296400
413,241,258,2197246,4833,47921,4347400
414,254,268,2196992,4819,48189,4368100
415,305,213,2196687,4911,48402,4478400
416,283,259,2196404,4935,48661,4521800
417,238,227,2196166,4946,48888,4512000
418,263,235,2195903,4974,49123,4388900
419,302,242,2195601,5034,49365,4304100
420,274,238,2195327,5070,49603,4397200
421,287,257,2195040,5100,49860,4305600
422,272,244,2194768,5128,50104,4300700
423,269,251,2194499,5146,50355,4275000
424,284,255,2194215,5175,50610,4552600
425,272,266,2193943,5181,50876,4288500
426,287,247,2193656,5221,51123,4446600
427,278,281,2193378,5218,51404,4326200
428,279,271,2193099,5226,51675,4391100
429,301,253,2192798,5274,51928,4467300
430,290,257,2192508,5307,52185,4531600
431,279,279,2192229,5307,52464,4396700
432,306,270,2191923,5343,52734,4262800
433,284,247,2191639,5380,52981,4311600
434,317,242,2191322,5455,53223,4524300
435,290,283,2191032,5462,53506,4422000
436,319,271,2190713,5510,53777,4615000
437,303,290,2190410,5523,54067,4606800
438,297,276,2190113,5544,54343,4470900
439,297,311,2189816,5530,54654,4353900
440,304,273,2189512,5561,54927,4340100
441,306,266,2189206,5601,55193,4582300
442,314,296,2188892,5619,55489,4373200
443,301,281,2188591,5639,55770,4243000
444,321,297,2188270,5663,56067,4344700
445,296,314,2187974,5645,56381,4299500
446,303,293,2187671,5655,56674,4322800
447,303,275,2187368,5683,56949,4336500
448,303,306,2187065,5680,57255,4323200
449,299,295,2186766,5684,57550,4408300
450,275,287,2186491,5672,57837,4346600
451,280,276,2186211,5676,58113,4512500
452,307,276,2185904,5707,58389,4680800
453,291,279,2185613,5719,58668,4521900
454,288,300,2185325,5707,58968,4358900
455,316,286,2185009,5737,59254,4411200
456,288,271,2184721,5754,59525,4430100
457,292,303,2184429,5743,59828,4254800
458,310,324,2184119,5729,60152,4361000
459,292,279,2183827,5742,60431,4379400
460,288,346,2183539,5684,60777,4379900
461,272,291,2183267,5665,61068,4478300
462,318,301,2182949,5682,61369,4289500
463,306,305,2182643,5683,61674,4456800
464,324,260,2182319,5747,61934,4434200
465,335,291,2181984,5791,62225,4480600
466,332,303,2181652,5820,62528,4376900
467,299,307,2181353,5812,62835,4310900
468,324,292,2181029,5844,63127,4437000
469,293,286,2180736,5851,63413,4533500
470,303,267,2180433,5887,63680,4654300
471,279,293,2180154,5873,63973,4643900
472,304,279,2179850,5898,64252,4742500
473,288,305,2179562,5881,64557,4557000
474,300,302,2179262,5879,64859,4917300
475,308,287,2178954,5900,65146,4629300
476,304,279,2178650,5925,65425,4518200
477,299,289,2178351,5935,65714,4302500
478,290,295,2178061,5930,66009,4702300
479,317,287,2177744,5960,66296,4618300
480,315,303,2177429,5972,66599,4755100
481,300,289,2177129,5983,66888,4339100
482,338,320,2176791,6001,67208,4234800
483,293,310,2176498,5984,67518,4350300
484,296,329,2176202,5951,67847,4401500
485,323,297,2175879,5977,68144,4320200
486,298,301,2175581,5974,68445,4342900
487,309,308,2175272,5975,68753,4290400
488,310,305,2174962,5980,69058,4473000
489,303,299,2174659,5984,69357,4494400
490,302,264,2174357,6022,69621,4381300
491,321,327,2174036,6016,69948,4599600
492,352,295,2173684,6073,70243,4521400
493,308,293,2173376,6088,70536,4370800
494,329,307,2173047,6110,70843,4481800
495,353,292,2172694,6171,71135,4292800
496,347,298,2172347,6220,71433,4382800
497,343,325,2172004,6238,71758,4547600
498,336,323,2171668,6251,72081,4507700
499,364,305,2171304,6310,72386,4462700
500,331,305,2170973,6336,72691,4499400
501,345,310,2170628,6371,73001,4331900
502,365,315,2170263,6421,73316,4622700
503,359,340,2169904,6440,73656,4586500
504,347,307,2169557,6480,73963,4439100
505,388,325,2169169,6543,74288,4401600
506,335,304,2168834,6574,74592,4379500
507,321,330,2168513,6565,74922,4637500
508,360,349,2168153,6576,75271,4508900
509,361,344,2167792,6593,75615,4409500
510,331,293,2167461,6631,75908,4375500
511,351,324,2167110,6658,76232,4491700
512,365,299,2166745,6724,76531,4705600
513,380,334,2166365,6770,76865,4867200
514,334,317,2166031,6787,77182,4450300
515,371,392,2165660,6766,77574,4392300
516,356,325,2165304,6797,77899,4280000
517,348,309,2164956,6836,78208,4448300
518,320,334,2164636,6822,78542,4421700
519,363,333,2164273,6852,78875,4501400
520,382,317,2163891,6917,79192,4298900
521,338,331,2163553,6924,79523,4408100
522,365,332,2163188,6957,79855,4568500
523,351,344,2162837,6964,80199,4556300
524,373,333,2162464,7004,80532,4821900
525,350,352,2162114,7002,80884,4359400
526,392,353,2161722,7041,81237,4570200
527,367,353,2161355,7055,81590,4418300
528,384,328,2160971,7111,81918,4474600
529,332,362,2160639,7081,82280,4580500
530,385,342,2160254,7124,82622,4354800
531,384,350,2159870,7158,82972,4603400
532,333,348,2159537,7143,83320,4496500
533,346,356,2159191,7133,83676,4353800
534,373,375,2158818,7131,84051,4464700
535,336,360,2158482,7107,84411,4658600
536,357,370,2158125,7094,84781,4517400
537,362,357,2157763,7099,85138,4426100
538,335,362,2157428,7072,85500,4864800
539,359,324,2157069,7107,85824,4254100
540,352,365,2156717,7094,86189,4310700
541,310,358,2156407,7046,86547,4550600
542,348,335,2156059,7059,86882,4410100
543,372,354,2155687,7077,87236,4568500
544,334,352,2155353,7059,87588,4365400
545,385,349,2154968,7095,87937,4268000
546,345,335,2154623,7105,88272,4642200
547,360,335,2154263,7130,88607,4494300
548,332,359,2153931,7103,88966,4536500
549,366,373,2153565,7096,89339,4624300
550,334,362,2153231,7068,89701,4508800
551,362,369,2152869,7061,90070,4438800
552,343,340,2152526,7064,90410,5042300
553,375,341,2152151,7098,90751,4476800
554,348,360,2151803,7086,91111,4466400
555,325,360,2151478,7051,91471,4377200
556,346,337,2151132,7060,91808,4593300
557,345,327,2150787,7078,92135,4442100
558,361,342,2150426,7097,92477,4408400
559,328,382,2150098,7043,92859,4631100
560,344,317,2149754,7070,93176,4576300
561,362,369,2149392,7063,93545,4584700
562,345,351,2149047,7057,93896,4438200
563,368,344,2148679,7081,94240,4345100
564,360,358,2148319,7083,94598,4409400
565,364,341,2147955,7106,94939,4779700
566,381,370,2147574,7117,95309,4992500
567,394,366,2147180,7145,95675,4842700
568,399,331,2146781,7213,96006,4679500
569,363,361,2146418,7215,96367,5019600
570,353,359,2146065,7209,96726,4692600
571,377,359,2145688,7227,97085,4381200
572,351,376,2145337,7202,97461,4535200
573,405,367,2144932,7240,97828,4445000
574,345,347,2144587,7238,98175,4476800
575,363,357,2144224,7244,98532,4493000
576,403,333,2143821,7314,98865,4541700
577,361,364,2143460,7311,99229,4489200
578,358,357,2143102,7312,99586,4486800
579,362,375,2142740,7299,99961,4615700
580,379,342,2142361,7336,100303,4630500
581,408,358,2141953,7386,100661,4738400
582,401,349,2141552,7438,101010,4718500
583,379,382,2141173,7435,101392,4680400
584,367,367,2140806,7435,101759,4810800
585,353,344,2140453,7444,102103,4820500
586,417,394,2140036,7467,102497,4803300
587,405,372,2139631,7500,102869,4487200
588,368,415,2139263,7453,103284,4450100
589,404,365,2138859,7492,103649,4423100
590,387,374,2138472,7505,104023,4529900
591,400,384,2138072,7521,104407,5023600
592,391,364,2137681,7548,104771,4640000
593,441,393,2137240,7596,105164,4502600
594,375,361,2136865,7610,105525,4468100
595,415,370,2136450,7655,105895,4720200
596,404,385,2136046,7674,106280,4471100
597,419,408,2135627,7685,106688,4827200
598,403,369,2135224,7719,107057,4505800
599,395,353,2134829,7761,107410,4517700
600,416,371,2134413,7806,107781,4549200
601,364,380,2134049,7790,108161,4493700
602,448,377,2133601,7861,108538,4350400
603,394,429,2133207,7826,108967,4591700
604,410,381,2132797,7855,109348,4825600
605,429,372,2132368,7912,109720,4707300
606,419,409,2131949,7922,110129,4420900
607,401,365,2131548,7958,110494,4362400
608,424,427,2131124,7955,110921,4516300
609,406,423,2130718,7938,111344,4538400
610,447,401,2130271,7984,111745,4304500
611,403,401,2129868,7986,112146,4407000
612,426,384,2129442,8028,112530,4842500
613,438,415,2129004,8051,112945,4969400
614,414,431,2128590,8034,113376,4519900
615,390,425,2128200,7999,113801,4754800
616,422,392,2127778,8029,114193,4522900
617,416,411,2127362,8034,114604,4380600
618,432,412,2126930,8054,115016,4459000
619,408,397,2126522,8065,115413,4350600
620,413,400,2126109,8078,115813,4273000
621,436,431,2125673,8083,116244,4373600
622,406,428,2125267,8061,116672,4492800
623,367,425,2124900,8003,117097,4730000
624,416,386,2124484,8033,117483,4521200
625,410,410,2124074,8033,117893,4411000
626,424,390,2123650,8067,118283,4491100
627,414,415,2123236,8066,118698,4518100
628,432,408,2122804,8090,119106,4329700
629,411,408,2122393,8093,119514,4404700
630,409,377,2121984,8125,119891,4311200
631,436,366,2121548,8195,120257,4299000
632,396,442,2121152,8149,120699,4592900
633,443,449,2120709,8143,121148,4431700
634,380,418,2120329,8105,121566,4356400
635,458,394,2119871,8169,121960,4438300
636,410,377,2119461,8202,122337,4380800
637,452,407,2119009,8247,122744,4454600
638,452,409,2118557,8290,123153,4728300
639,400,420,2118157,8270,123573,4448400
640,415,406,2117742,8279,123979,4531200
641,437,452,2117305,8264,124431,4491900
642,440,463,2116865,8241,124894,4471500
643,440,412,2116425,8269,125306,4644000
644,436,432,2115989,8273,125738,4585600
645,435,462,2115554,8246,126200,4946700
646,412,432,2115142,8226,126632,4718300
647,472,420,2114670,8278,127052,4685600
648,410,409,2114260,8279,127461,4762000
649,422,353,2113838,8348,127814,4415900
650,448,478,2113390,8318,128292,4549400
651,450,396,2112940,8372,128688,4536300
652,431,406,2112509,8397,129094,4437600
653,440,432,2112069,8405,129526,4526300
654,443,443,2111626,8405,129969,4330100
655,424,418,2111202,8411,130387,4283700
656,430,415,2110772,8426,130802,4799400
657,410,417,2110362,8419,131219,4301900
658,463,455,2109899,8427,131674,4324600
659,451,434,2109448,8444,132108,4316700
660,431,388,2109017,8487,132496,4447600
661,421,429,2108596,8479,132925,4437600
662,440,449,2108156,8470,133374,4461700
663,457,389,2107699,8538,133763,4637000
664,439,437,2107260,8540,134200,4379200
665,466,407,2106794,8599,134607,4599300
666,405,441,2106389,8563,135048,4406100
667,425,405,2105964,8583,135453,4424800
668,461,422,2105503,8622,135875,4507100
669,450,411,2105053,8661,136286,4403000
670,444,474,2104609,8631,136760,4311500
671,450,421,2104159,8660,137181,4607000
672,441,431,2103718,8670,137612,4774700
673,430,458,2103288,8642,138070,4542100
674,507,424,2102781,8725,138494,4524600
675,443,424,2102338,8744,138918,4567100
676,464,465,2101874,8743,139383,4574300
677,480,497,2101394,8726,139880,4342700
678,489,433,2100905,8782,140313,4340700
679,477,458,2100428,8801,140771,4365100
680,467,452,2099961,8816,141223,4546400
681,445,431,2099516,8830,141654,4621900
682,456,442,2099060,8844,142096,4430100
683,435,420,2098625,8859,142516,4429500
684,449,383,2098176,8925,142899,4580500
685,437,462,2097739,8900,143361,4607700
686,445,419,2097294,8926,143780,4680900
687,456,456,2096838,8926,144236,4649500
688,490,415,2096348,9001,144651,4450200
689,440,477,2095908,8964,145128,4521400
690,465,490,2095443,8939,145618,4567500
691,466,405,2094977,9000,146023,4373300
692,437,430,2094540,9007,146453,4431100
693,451,454,2094089,9004,146907,4496200
694,457,446,2093632,9015,147353,4399200
695,520,421,2093112,9114,147774,4483000
696,481,458,2092631,9137,148232,4343500
697,467,467,2092164,9137,148699,4395600
698,478,445,2091686,9170,149144,4980600
699,474,432,2091212,9212,149576,4723900
700,507,488,2090705,9231,150064,4929700
701,509,465,2090196,9275,150529,4555400
702,517,465,2089679,9327,150994,4591000
703,486,468,2089193,9345,151462,4858700
704,506,517,2088687,9334,151979,4675800
705,443,460,2088244,9317,152439,4941000
706,442,449,2087802,9310,152888,5104500
707,508,437,2087294,9381,153325,4982000
708,454,477,2086840,9358,153802,4807300
709,468,486,2086372,9340,154288,5157200
710,525,455,2085847,9410,154743,4718200
711,451,424,2085396,9437,155167,4422100
712,486,472,2084910,9451,155639,4928000
713,505,486,2084405,9470,156125,4450100
714,433,467,2083972,9436,156592,4409800
715,488,436,2083484,9488,157028,4891800
716,474,468,2083010,9494,157496,4534800
717,498,459,2082512,9533,157955,4315700
718,494,455,2082018,9572,158410,4686100
719,472,475,2081546,9569,158885,4514200
720,492,488,2081054,9573,159373,4378400
721,509,484,2080545,9598,159857,4773300
722,515,479,2080030,9634,160336,4911800
723,495,498,2079535,9631,160834,4560000
724,481,492,2079054,9620,161326,4689500
725,510,489,2078544,9641,161815,4886100
726,499,454,2078045,9686,162269,4694000
727,513,520,2077532,9679,162789,4330400
728,506,480,2077026,9705,163269,4819300
729,536,458,2076490,9783,163727,5101500
730,500,477,2075990,9806,164204,4830400
731,466,482,2075524,9790,164686,4679600
732,483,504,2075041,9769,165190,4646000
733,561,481,2074480,9849,165671,5237800
734,526,501,2073954,9874,166172,5004100
735,506,490,2073448,9890,166662,4998300
736,519,449,2072929,9960,167111,4723300
737,530,483,2072399,10007,167594,4512800
738,525,478,2071874,10054,168072,4699400
739,532,509,2071342,10077,168581,4682200
740,505,478,2070837,10104,169059,4486800
741,516,508,2070321,10112,169567,4578900
742,483,534,2069838,10061,170101,4543000
743,483,498,2069355,10046,170599,5275300
744,485,487,2068870,10044,171086,4591400
745,501,530,2068369,10015,171616,4615000
746,471,519,2067898,9967,172135,4890600
747,542,495,2067356,10014,172630,4618800
748,524,541,2066832,9997,173171,4503100
749,493,490,2066339,10000,173661,5041600
750,508,517,2065831,9991,174178,4372300
751,533,497,2065298,10027,174675,4524100
752,498,509,2064800,10016,175184,4660000
753,492,496,2064308,10012,175680,4899500
754,482,499,2063826,9995,176179,4964500
755,511,492,2063315,10014,176671,4515100
756,505,491,2062810,10028,177162,4555000
757,507,501,2062303,10034,177663,4783000
758,521,526,2061782,10029,178189,4698200
759,541,493,2061241,10077,178682,4476400
760,499,454,2060742,10122,179136,4658100
761,497,488,2060245,10131,179624,4842200
762,508,486,2059737,10153,180110,4848700
763,482,481,2059255,10154,180591,5019700
764,472,485,2058783,10141,181076,4635400
765,509,466,2058274,10184,181542,5595400
766,518,515,2057756,10187,182057,4662400
767,482,518,2057274,10151,182575,4591400
768,531,542,2056743,10140,183117,4801300
769,492,454,2056251,10178,183571,4358900
770,514,492,2055737,10200,184063,4640500
771,508,504,2055229,10204,184567,4915400
772,541,493,2054688,10252,185060,4540000
773,523,527,2054165,10248,185587,4837200
774,544,523,2053621,10269,186110,4575500
775,538,511,2053083,10296,186621,4378000
776,497,518,2052586,10275,187139,4465800
777,536,504,2052050,10307,187643,4800900
778,521,508,2051529,10320,188151,4640700
779,504,535,2051025,10289,188686,4545100
780,566,510,2050459,10345,189196,4544600
781,557,531,2049902,10371,189727,4566000
782,521,519,2049381,10373,190246,4473500
783,535,525,2048846,10383,190771,4711400
784,550,526,2048296,10407,191297,4963500
785,553,528,2047743,10432,191825,4874700
786,521,497,2047222,10456,192322,4622900
787,553,531,2046669,10478,192853,4435900
788,536,513,2046133,10501,193366,4402700
789,508,516,2045625,10493,193882,4796800
790,556,513,2045069,10536,194395,4647200
791,544,521,2044525,10559,194916,4606400
792,576,531,2043949,10604,195447,4636800
793,568,555,2043381,10617,196002,4732400
794,532,508,2042849,10641,196510,4566100
795,548,538,2042301,10651,197048,4602200
796,537,549,2041764,10639,197597,4666900
797,546,502,2041218,10683,198099,4760300
798,516,487,2040702,10712,198586,4758800
799,500,526,2040202,10686,199112,4685400
800,542,516,2039660,10712,199628,4544900
801,554,517,2039106,10749,200145,4797000
802,467,535,2038639,10681,200680,4643300
803,542,520,2038097,10703,201200,4774900
804,570,525,2037527,10748,201725,5082200
805,549,536,2036978,10761,202261,4952500
806,529,543,2036449,10747,202804,4523300
807,569,584,2035880,10732,203388,4871700
808,541,549,2035339,10724,203937,4680100
809,547,522,2034792,10749,204459,4859000
810,549,533,2034243,10765,204992,5012800
811,544,566,2033699,10743,205558,4486500
812,578,543,2033121,10778,206101,4621400
813,532,528,2032589,10782,206629,5249200
814,552,540,2032037,10794,207169,5031300
815,562,534,2031475,10822,207703,4742200
816,565,533,2030910,10854,208236,4684300
817,594,574,2030316,10874,208810,4427400
818,572,575,2029744,10871,209385,4711600
819,562,503,2029182,10930,209888,4952000
820,579,570,2028603,10939,210458,5005000
821,578,581,2028025,10936,211039,4572300
822,582,527,2027443,10991,211566,4652000
823,549,533,2026894,11007,212099,4719400
824,545,578,2026349,10974,212677,4816900
825,543,546,2025806,10971,213223,5056900
826,571,564,2025235,10978,213787,4672100
827,568,599,2024667,10947,214386,4569100
828,599,558,2024068,10988,214944,5223300
829,568,541,2023500,11015,215485,4806700
830,557,548,2022943,11024,216033,4698200
831,550,554,2022393,11020,216587,4770600
832,540,583,2021853,10977,217170,4599300
833,559,558,2021294,10978,217728,4716300
834,534,570,2020760,10942,218298,5045700
835,599,547,2020161,10994,218845,5018400
836,542,572,2019619,10964,219417,4429300
837,541,579,2019078,10926,219996,4565700
838,562,557,2018516,10931,220553,4875100
839,565,520,2017951,10976,221073,4495000
840,549,560,2017402,10965,221633,4605800
841,604,533,2016798,11036,222166,4647200
842,537,547,2016261,11026,222713,4928600
843,553,531,2015708,11048,223244,4786400
844,563,567,2015145,11044,223811,4675500
845,564,561,2014581,11047,224372,4350500
846,556,548,2014025,11055,224920,4790300
847,582,471,2013443,11166,225391,4659700
848,601,564,2012842,11203,225955,4856900
849,596,570,2012246,11229,226525,4362200
850,558,576,2011688,11211,227101,4842700
851,534,564,2011154,11181,227665,4568000
852,548,590,2010606,11139,228255,4473500
853,554,573,2010052,11120,228828,5058600
854,564,566,2009488,11118,229394,4719300
855,562,572,2008926,11108,229966,4963500
856,592,568,2008334,11132,230534,4508600
857,554,559,2007780,11127,231093,4964300
858,572,533,2007208,11166,231626,4654300
859,594,570,2006614,11190,232196,4532600
860,597,583,2006017,11204,232779,4757200
861,555,552,2005462,11207,233331,4487700
862,582,583,2004880,11206,233914,4715400
863,610,556,2004270,11260,234470,4747600
864,559,553,2003711,11266,235023,4851600
865,587,561,2003124,11292,235584,4589700
866,602,497,2002522,11397,236081,4653400
867,586,589,2001936,11394,236670,4743400
868,558,581,2001378,11371,237251,4497500
869,603,628,2000775,11346,237879,4882600
870,530,572,2000245,11304,238451,4424400
871,566,579,1999679,11291,239030,5152700
872,553,548,1999126,11296,239578,4568000
873,550,597,1998576,11249,240175,4745700
874,622,504,1997954,11367,240679,4745400
875,572,571,1997382,11368,241250,4850800
876,612,530,1996770,11450,241780,4755900
877,588,591,1996182,11447,242371,4579600
878,600,593,1995582,11454,242964,4951100
879,592,595,1994990,11451,243559,4651700
880,589,576,1994401,11464,244135,4728200
881,602,605,1993799,11461,244740,4861700
882,615,556,1993184,11520,245296,4473000
883,580,561,1992604,11539,245857,4542000
884,570,536,1992034,11573,246393,4481900
885,634,550,1991400,11657,246943,4540700
886,575,621,1990825,11611,247564,4737500
887,615,567,1990210,11659,248131,4737300
888,622,572,1989588,11709,248703,4353700
889,580,602,1989008,11687,249305,4875800
890,609,529,1988399,11767,249834,4675400
891,546,608,1987853,11705,250442,4597600
892,601,598,1987252,11708,251040,4646300
893,561,596,1986691,11673,251636,4430700
894,615,584,1986076,11704,252220,4988400
895,603,619,1985473,11688,252839,4566600
896,605,605,1984868,11688,253444,4891000
897,605,582,1984263,11711,254026,4730800
898,569,555,1983694,11725,254581,4828800
899,615,579,1983079,11761,255160,4528600
900,648,578,1982431,11831,255738,4792800
901,621,612,1981810,11840,256350,4329300
902,612,597,1981198,11855,256947,4643600
903,613,604,1980585,11864,257551,5133900
904,589,580,1979996,11873,258131,5039500
905,597,581,1979399,11889,258712,4609100
906,612,563,1978787,11938,259275,4988200
907,602,617,1978185,11923,259892,4479400
908,640,594,1977545,11969,260486,4519000
909,634,569,1976911,12034,261055,4619800
910,641,568,1976270,12107,261623,4371500
911,643,599,1975627,12151,262222,4733400
912,620,638,1975007,12133,262860,4423400
913,588,623,1974419,12098,263483,4834400
914,655,609,1973764,12144,264092,5246600
915,607,570,1973157,12181,264662,4618300
916,626,586,1972531,12221,265248,4744000
917,653,594,1971878,12280,265842,4842900
918,622,608,1971256,12294,266450,5126500
919,638,592,1970618,12340,267042,4635000
920,621,640,1969997,12321,267682,4571300
921,604,635,1969393,12290,268317,4808300
922,603,634,1968790,12259,268951,4695600
923,632,560,1968158,12331,269511,4559800
924,630,635,1967528,12326,270146,4719900
925,617,638,1966911,12305,270784,4906000
926,627,608,1966284,12324,271392,4514200
927,602,624,1965682,12302,272016,4710400
928,633,645,1965049,12290,272661,4844000
929,642,613,1964407,12319,273274,4477000
930,616,638,1963791,12297,273912,4864600
931,577,623,1963214,12251,274535,4686600
932,632,591,1962582,12292,275126,4333000
933,590,644,1961992,12238,275770,4825800
934,664,606,1961328,12296,276376,4564500
935,604,644,1960724,12256,277020,4765600
936,590,661,1960134,12185,277681,4771000
937,604,635,1959530,12154,278316,4647200
938,607,568,1958923,12193,278884,4755800
939,607,571,1958316,12229,279455,5031100
940,603,633,1957713,12199,280088,4811200
941,633,616,1957080,12216,280704,4793300
942,619,670,1956461,12165,281374,5059500
943,646,565,1955815,12246,281939,4364900
944,647,595,1955168,12298,282534,4980900
945,614,622,1954554,12290,283156,4735400
946,614,594,1953940,12310,283750,4926100
947,690,591,1953250,12409,284341,4684500
948,633,622,1952617,12420,284963,4729000
949,614,616,1952003,12418,285579,4745900
950,639,602,1951364,12455,286181,4590100
951,601,623,1950763,12433,286804,4736900
952,608,601,1950155,12440,287405,5139100
953,638,624,1949517,12454,288029,4901500
954,624,653,1948893,12425,288682,4505700
955,662,582,1948231,12505,289264,4309500
956,644,593,1947587,12556,289857,4691300
957,673,633,1946914,12596,290490,4826300
958,666,620,1946248,12642,291110,4964400
959,666,634,1945582,12674,291744,4852700
960,693,673,1944889,12694,292417,4714200
961,660,674,1944229,12680,293091,4477900
962,644,676,1943585,12648,293767,5051900
963,648,619,1942937,12677,294386,4835000
964,646,625,1942291,12698,295011,4527100
965,634,657,1941657,12675,295668,4609000
966,657,608,1941000,12724,296276,4964900
967,665,641,1940335,12748,296917,5055000
968,647,609,1939688,12786,297526,4776600
969,692,630,1938996,12848,298156,4790400
970,688,658,1938308,12878,298814,4702200
971,686,628,1937622,12936,299442,5147200
972,675,629,1936947,12982,300071,4503400
973,724,633,1936223,13073,300704,4794200
974,722,664,1935501,13131,301368,4586800
975,709,685,1934792,13155,302053,4694700
976,689,631,1934103,13213,302684,4755500
977,680,703,1933423,13190,303387,4921300
978,692,670,1932731,13212,304057,4597500
979,689,685,1932042,13216,304742,4444900
980,628,655,1931414,13189,305397,4538800
981,668,653,1930746,13204,306050,4680100
982,666,628,1930080,13242,306678,4786800
983,705,677,1929375,13270,307355,5072500
984,686,676,1928689,13280,308031,4585800
985,718,720,1927971,13278,308751,4923000
986,661,661,1927310,13278,309412,5010200
987,715,647,1926595,13346,310059,4961000
988,666,687,1925929,13325,310746,4499900
989,673,674,1925256,13324,311420,4914900
990,709,682,1924547,13351,312102,4799000
991,689,665,1923858,13375,312767,5028800
992,656,658,1923202,13373,313425,4769700
993,662,680,1922540,13355,314105,5061900
994,663,654,1921877,13364,314759,4805600
995,650,641,1921227,13373,315400,5003900
996,648,659,1920579,13362,316059,4720700
997,662,683,1919917,13341,316742,5459300
998,706,677,1919211,13370,317419,4762600
999,649,649,1918562,13370,318068,4708600
1000,700,679,1917862,13391,318747,4923600
1001,680,671,1917182,13400,319418,4912400
1002,609,694,1916573,13315,320112,4579800
1003,692,643,1915881,13364,320755,4424900
1004,720,644,1915161,13440,321399,4722800
1005,672,682,1914489,13430,322081,4715000
1006,692,631,1913797,13491,322712,4476600
1007,656,615,1913141,13532,323327,4617900
1008,715,620,1912426,13627,323947,4515500
1009,682,664,1911744,13645,324611,5029300
1010,702,672,1911042,13675,325283,4479900
1011,678,677,1910364,13676,325960,4635000
1012,666,636,1909698,13706,326596,4836500
1013,655,692,1909043,13669,327288,4958800
1014,673,691,1908370,13651,327979,4687500
1015,719,690,1907651,13680,328669,4510500
1016,698,714,1906953,13664,329383,4584400
1017,762,685,1906191,13741,330068,4993200
1018,667,676,1905524,13732,330744,4750800
1019,720,671,1904804,13781,331415,4649000
1020,706,678,1904098,13809,332093,5109000
1021,695,705,1903403,13799,332798,4808500
1022,729,692,1902674,13836,333490,4771000
1023,722,718,1901952,13840,334208,4468900
1024,710,694,1901242,13856,334902,4574200
1025,731,714,1900511,13873,335616,4520400
1026,692,711,1899819,13854,336327,4521400
1027,753,685,1899066,13922,337012,4459700
1028,748,655,1898318,14015,337667,4522800
1029,742,679,1897576,14078,338346,4949700
1030,775,730,1896801,14123,339076,4569800
1031,753,714,1896048,14162,339790,4887100
1032,734,721,1895314,14175,340511,4730000
1033,716,744,1894598,14147,341255,4688300
1034,730,673,1893868,14204,341928,4595200
1035,715,680,1893153,14239,342608,4735200
1036,686,722,1892467,14203,343330,4548400
1037,717,710,1891750,14210,344040,4488600
1038,628,721,1891122,14117,344761,4697400
1039,717,721,1890405,14113,345482,4659900
1040,688,720,1889717,14081,346202,4717200
1041,698,690,1889019,14089,346892,4812400
1042,684,745,1888335,14028,347637,4450300
1043,658,676,1887677,14010,348313,4847100
1044,707,716,1886970,14001,349029,5249000
1045,675,688,1886295,13988,349717,4949600
1046,669,707,1885626,13950,350424,4401700
1047,681,681,1884945,13950,351105,4761000
1048,669,741,1884276,13878,351846,4627800
1049,728,699,1883548,13907,352545,4872100
1050,633,678,1882915,13862,353223,4947100
1051,680,663,1882235,13879,353886,4894900
1052,714,653,1881521,13940,354539,4846200
1053,701,684,1880820,13957,355223,4738100
1054,686,687,1880134,13956,355910,5064400
1055,698,698,1879436,13956,356608,5130400
1056,680,659,1878756,13977,357267,5042900
1057,686,719,1878070,13944,357986,4943200
1058,743,676,1877327,14011,358662,5260500
1059,667,699,1876660,13979,359361,5171500
1060,691,694,1875969,13976,360055,4813300
1061,733,698,1875236,14011,360753,4659500
1062,701,725,1874535,13987,361478,5023600
1063,683,690,1873852,13980,362168,4731900
1064,730,681,1873122,14029,362849,4921700
1065,723,674,1872399,14078,363523,4380700
1066,677,731,1871722,14024,364254,4955400
1067,725,736,1870997,14013,364990,4730100
1068,708,716,1870289,14005,365706,4789100
1069,676,704,1869613,13977,366410,4357000
1070,696,703,1868917,13970,367113,4944100
1071,722,709,1868195,13983,367822,4715200
1072,697,648,1867498,14032,368470,4743900
1073,728,670,1866770,14090,369140,4696800
1074,672,680,1866098,14082,369820,4419600
1075,721,725,1865377,14078,370545,4958600
1076,723,710,1864654,14091,371255,4559300
1077,698,662,1863956,14127,371917,4754700
1078,725,707,1863231,14145,372624,4438700
1079,714,694,1862517,14165,373318,4580100
1080,754,712,1861763,14207,374030,4780100
1081,704,724,1861059,14187,374754,4497800
1082,761,716,1860298,14232,375470,5281700
1083,763,712,1859535,14283,376182,4824800
1084,739,740,1858796,14282,376922,4896000
1085,779,708,1858017,14353,377630,4794300
1086,720,733,1857297,14340,378363,4834700
1087,695,691,1856602,14344,379054,4642600
1088,719,725,1855883,14338,379779,4997700
1089,704,684,1855179,14358,380463,4919500
1090,744,721,1854435,14381,381184,4635000
1091,740,735,1853695,14386,381919,4682500
1092,715,736,1852980,14365,382655,5087100
1093,782,712,1852198,14435,383367,4964400
1094,742,753,1851456,14424,384120,4558100
1095,751,747,1850705,14428,384867,4812400
1096,735,746,1849970,14417,385613,4674400
1097,737,743,1849233,14411,386356,4748200
1098,726,721,1848507,14416,387077,4777800
1099,736,747,1847771,14405,387824,4604500
1100,733,699,1847038,14439,388523,4385600
1101,711,729,1846327,14421,389252,4541400
1102,727,742,1845600,14406,389994,4482800
1103,724,715,1844876,14415,390709,4413000
1104,773,720,1844103,14468,391429,4871100
1105,723,768,1843380,14423,392197,4742900
1106,685,712,1842695,14396,392909,4554100
1107,705,686,1841990,14415,393595,4908600
1108,739,725,1841251,14429,394320,4790900
1109,699,736,1840552,14392,395056,4325900
1110,732,736,1839820,14388,395792,4385500
1111,734,741,1839086,14381,396533,4834400
1112,765,720,1838321,14426,397253,4674200
1113,714,694,1837607,14446,397947,4949600
1114,764,729,1836843,14481,398676,4462200
1115,732,769,1836111,14444,399445,4619600
1116,727,769,1835384,14402,400214,4791000
1117,694,739,1834690,14357,400953,4293300
1118,749,705,1833941,14401,401658,4499400
1119,735,688,1833206,14448,402346,4373500
1120,749,721,1832457,14476,403067,4430300
1121,729,764,1831728,14441,403831,4481600
1122,740,755,1830988,14426,404586,4448300
1123,734,720,1830254,14440,405306,5173100
1124,728,731,1829526,14437,406037,4569800
1125,754,756,1828772,14435,406793,4759400
1126,786,758,1827986,14463,407551,4929000
1127,752,695,1827234,14520,408246,5188700
1128,820,742,1826414,14598,408988,4415600
1129,759,729,1825655,14628,409717,4877100
1130,772,747,1824883,14653,410464,4798500
1131,749,746,1824134,14656,411210,4730300
1132,773,693,1823361,14736,411903,4454900
1133,777,733,1822584,14780,412636,4703500
1134,759,730,1821825,14809,413366,4857900
1135,823,745,1821002,14887,414111,4518100
1136,739,739,1820263,14887,414850,4787700
1137,779,737,1819484,14929,415587,4568400
1138,778,789,1818706,14918,416376,5012200
1139,740,801,1817966,14857,417177,5113000
1140,796,786,1817170,14867,417963,4805600
1141,741,709,1816429,14899,418672,4973400
1142,759,819,1815670,14839,419491,4968500
1143,806,724,1814864,14921,420215,5149200
1144,738,739,1814126,14920,420954,4369400
1145,750,779,1813376,14891,421733,4814200
1146,759,703,1812617,14947,422436,5052400
1147,747,709,1811870,14985,423145,4983800
1148,793,734,1811077,15044,423879,4546400
1149,758,774,1810319,15028,424653,5084000
1150,708,761,1809611,14975,425414,4901700
1151,777,724,1808834,15028,426138,5059400
1152,748,728,1808086,15048,426866,4775100
1153,776,740,1807310,15084,427606,4625300
1154,781,767,1806529,15098,428373,4735600
1155,806,734,1805723,15170,429107,4590400
1156,749,767,1804974,15152,429874,4561300
1157,720,785,1804254,15087,430659,5100300
1158,745,770,1803509,15062,431429,4564000
1159,762,767,1802747,15057,432196,5035500
1160,765,757,1801982,15065,432953,4924800
1161,778,753,1801204,15090,433706,4539900
1162,775,744,1800429,15121,434450,4976300
1163,748,756,1799681,15113,435206,4658300
1164,714,762,1798967,15065,435968,4841500
1165,735,775,1798232,15025,436743,4685900
1166,758,752,1797474,15031,437495,4785200
1167,729,758,1796745,15002,438253,4605700
1168,696,729,1796049,14969,438982,4666700
1169,789,769,1795260,14989,439751,4685600
1170,757,721,1794503,15025,440472,5073700
1171,763,761,1793740,15027,441233,4767800
1172,716,773,1793024,14970,442006,4877500
1173,747,728,1792277,14989,442734,4464800
1174,734,800,1791543,14923,443534,4505400
1175,741,761,1790802,14903,444295,4734400
1176,781,792,1790021,14892,445087,4880100
1177,797,749,1789224,14940,445836,4398500
1178,766,715,1788458,14991,446551,4637300
1179,713,798,1787745,14906,447349,4781500
1180,741,682,1787004,14965,448031,4440700
1181,754,742,1786250,14977,448773,4622300
1182,753,737,1785497,14993,449510,4865200
1183,771,753,1784726,15011,450263,4796700
1184,752,726,1783974,15037,450989,4526400
1185,740,746,1783234,15031,451735,5111300
1186,762,734,1782472,15059,452469,5331700
1187,736,740,1781736,15055,453209,4647500
1188,744,759,1780992,15040,453968,4559700
1189,778,795,1780214,15023,454763,4710200
1190,826,754,1779388,15095,455517,4785800
1191,766,732,1778622,15129,456249,4763200
1192,745,724,1777877,15150,456973,4467300
1193,729,728,1777148,15151,457701,4808600
1194,806,780,1776342,15177,458481,4420200
1195,769,731,1775573,15215,459212,4429600
1196,745,749,1774828,15211,459961,4529900
1197,739,760,1774089,15190,460721,4769600
1198,729,766,1773360,15153,461487,4885900
1199,747,806,1772613,15094,462293,4891900
1200,775,762,1771838,15107,463055,4710700
1201,732,708,1771106,15131,463763,4767800
1202,714,748,1770392,15097,464511,4658300
1203,743,783,1769649,15057,465294,4520000
1204,712,760,1768937,15009,466054,4879500
1205,755,779,1768182,14985,466833,4818400
1206,777,783,1767405,14979,467616,4636100
1207,713,749,1766692,14943,468365,4674200
1208,750,762,1765942,14931,469127,4702500
1209,747,776,1765195,14902,469903,5030600
1210,749,760,1764446,14891,470663,4772500
1211,777,770,1763669,14898,471433,4670300
1212,763,736,1762906,14925,472169,4576900
1213,765,744,1762141,14946,472913,5071500
1214,727,772,1761414,14901,473685,4776700
1215,781,725,1760633,14957,474410,4580200
1216,729,755,1759904,14931,475165,4470700
1217,790,771,1759114,14950,475936,4969100
1218,740,769,1758374,14921,476705,4908000
1219,813,688,1757561,15046,477393,4733500
1220,806,782,1756755,15070,478175,4551100
1221,759,703,1755996,15126,478878,5106400
1222,792,731,1755204,15187,479609,4902200
1223,807,776,1754397,15218,480385,4682800
1224,766,762,1753631,15222,481147,4690600
1225,768,734,1752863,15256,481881,5003700
1226,783,811,1752080,15228,482692,4456900
1227,791,776,1751289,15243,483468,4550800
1228,783,765,1750506,15261,484233,4782300
1229,769,745,1749737,15285,484978,4682200
1230,819,757,1748918,15347,485735,4579700
1231,834,786,1748084,15395,486521,4685900
1232,783,802,1747301,15376,487323,4975900
1233,805,752,1746496,15429,488075,4461100
1234,797,771,1745699,15455,488846,4701100
1235,771,749,1744928,15477,489595,4962600
1236,796,751,1744132,15522,490346,4608700
1237,789,750,1743343,15561,491096,5137900
1238,780,763,1742563,15578,491859,4921300
1239,761,764,1741802,15575,492623,4562700
1240,767,784,1741035,15558,493407,4964700
1241,757,760,1740278,15555,494167,4734400
1242,773,737,1739505,15591,494904,4502300
1243,736,793,1738769,15534,495697,5010900
1244,773,783,1737996,15524,496480,4775600
1245,824,758,1737172,15590,497238,4862900
1246,752,779,1736420,15563,498017,4629000
1247,797,771,1735623,15589,498788,4696300
1248,795,825,1734828,15559,499613,4677400
1249,762,762,1734066,15559,500375,4802900
1250,790,766,1733276,15583,501141,4463700
1251,798,769,1732478,15612,501910,5170600
1252,847,764,1731631,15695,502674,4382000
1253,803,802,1730828,15696,503476,4788200
1254,808,792,1730020,15712,504268,4841300
1255,720,756,1729300,15676,505024,4896200
1256,764,762,1728536,15678,505786,5057800
1257,793,785,1727743,15686,506571,4756400
1258,768,782,1726975,15672,507353,5092400
1259,716,787,1726259,15601,508140,4822600
1260,787,813,1725472,15575,508953,4671200
1261,807,757,1724665,15625,509710,4845100
1262,775,768,1723890,15632,510478,4530300
1263,806,728,1723084,15710,511206,4913800
1264,803,811,1722281,15702,512017,4625500
1265,788,742,1721493,15748,512759,4407100
1266,763,762,1720730,15749,513521,4927600
1267,816,843,1719914,15722,514364,5053600
1268,766,758,1719148,15730,515122,4321000
1269,774,792,1718374,15712,515914,4844100
1270,803,792,1717571,15723,516706,4885600
1271,797,821,1716774,15699,517527,4828500
1272,802,802,1715972,15699,518329,5566500
1273,777,731,1715195,15745,519060,4632000
1274,859,820,1714336,15784,519880,4943800
1275,792,729,1713544,15847,520609,5024700
1276,799,802,1712745,15844,521411,4453300
1277,781,769,1711964,15856,522180,4467500
1278,808,816,1711156,15848,522996,4387700
1279,784,829,1710372,15803,523825,4338600
1280,782,748,1709590,15837,524573,4897000
1281,783,819,1708807,15801,525392,4565400
1282,792,745,1708015,15848,526137,4949400
1283,830,801,1707185,15877,526938,4869900
1284,764,847,1706421,15794,527785,5071300
1285,783,770,1705638,15807,528555,4774900
1286,824,853,1704814,15778,529408,4670100
1287,817,784,1703997,15811,530192,4866500
1288,814,815,1703183,15810,531007,4507100
1289,818,781,1702365,15847,531788,4976700
1290,761,750,1701604,15858,532538,5466800
1291,793,774,1700811,15877,533312,4640400
1292,829,800,1699982,15906,534112,4899100
1293,822,801,1699160,15927,534913,4857500
1294,858,787,1698302,15998,535700,4681600
1295,809,791,1697493,16016,536491,4675400
1296,855,804,1696638,16067,537295,4720000
1297,872,782,1695766,16157,538077,4499800
1298,816,774,1694950,16199,538851,4470800
1299,839,817,1694111,16221,539668,4591200
1300,816,825,1693295,16212,540493,4627800
1301,809,858,1692486,16163,541351,4987200
1302,836,802,1691650,16197,542153,5099900
1303,851,771,1690799,16277,542924,4909100
1304,866,847,1689933,16296,543771,4421600
1305,835,787,1689098,16344,544558,4708700
1306,821,813,1688277,16352,545371,4811800
1307,826,781,1687451,16397,546152,5079600
1308,866,822,1686585,16441,546974,4718200
1309,846,872,1685739,16415,547846,4831300
1310,863,774,1684876,16504,548620,4535800
1311,854,850,1684022,16508,549470,4492300
1312,816,794,1683206,16530,550264,5086600
1313,795,876,1682411,16449,551140,4544300
1314,766,834,1681645,16381,551974,4693500
1315,811,844,1680834,16348,552818,4801300
1316,793,817,1680041,16324,553635,4991200
1317,795,809,1679246,16310,554444,4522800
1318,774,822,1678472,16262,555266,5101900
1319,827,736,1677645,16353,556002,5034800
1320,797,816,1676848,16334,556818,5279300
1321,764,817,1676084,16281,557635,4620400
1322,793,785,1675291,16289,558420,4637400
1323,812,769,1674479,16332,559189,4639500
1324,764,793,1673715,16303,559982,4730700
1325,799,802,1672916,16300,560784,4647900
1326,796,796,1672120,16300,561580,5136300
1327,802,819,1671318,16283,562399,5046100
1328,801,825,1670517,16259,563224,4850900
1329,767,794,1669750,16232,564018,4714200
1330,799,824,1668951,16207,564842,4868200
1331,781,818,1668170,16170,565660,4720900
1332,807,769,1667363,16208,566429,4633600
1333,822,782,1666541,16248,567211,5059200
1334,799,806,1665742,16241,568017,4573400
1335,812,818,1664930,16235,568835,4897700
1336,792,778,1664138,16249,569613,4697600
1337,845,783,1663293,16311,570396,4748900
1338,789,795,1662504,16305,571191,4525600
1339,777,811,1661727,16271,572002,4782500
1340,757,816,1660970,16212,572818,4648400
1341,774,800,1660196,16186,573618,4620200
1342,795,788,1659401,16193,574406,4644800
1343,800,800,1658601,16193,575206,4653900
1344,779,838,1657822,16134,576044,4970000
1345,837,772,1656985,16199,576816,4871800
1346,795,830,1656190,16164,577646,4941300
1347,813,807,1655377,16170,578453,4742700
1348,816,818,1654561,16168,579271,4707700
1349,809,796,1653752,16181,580067,4962100
1350,803,847,1652949,16137,580914,5818600
1351,806,830,1652143,16113,581744,4909600
1352,815,823,1651328,16105,582567,4553500
1353,773,809,1650555,16069,583376,4874700
1354,829,805,1649726,16093,584181,4699900
1355,777,829,1648949,16041,585010,5089900
1356,810,780,1648139,16071,585790,4667700
1357,768,795,1647371,16044,586585,4797200
1358,776,817,1646595,16003,587402,4856200
1359,768,801,1645827,15970,588203,4499400
1360,817,806,1645010,15981,589009,4423500
1361,781,751,1644229,16011,589760,4751400
1362,794,816,1643435,15989,590576,4674800
1363,807,752,1642628,16044,591328,5044600
1364,836,805,1641792,16075,592133,4879400
1365,778,805,1641014,16048,592938,5221900
1366,770,820,1640244,15998,593758,4587000
1367,773,772,1639471,15999,594530,4638600
1368,798,779,1638673,16018,595309,4813300
1369,783,781,1637890,16020,596090,4747500
1370,820,798,1637070,16042,596888,4468000
1371,791,766,1636279,16067,597654,4866700
1372,819,798,1635460,16088,598452,4897300
1373,768,814,1634692,16042,599266,4893500
1374,757,791,1633935,16008,600057,4471400
1375,829,783,1633106,16054,600840,5043700
1376,822,779,1632284,16097,601619,5142200
1377,828,820,1631456,16105,602439,5061000
1378,769,795,1630687,16079,603234,4521400
1379,804,837,1629883,16046,604071,4516400
1380,789,852,1629094,15983,604923,5091400
1381,789,756,1628305,16016,605679,5137200
1382,807,804,1627498,16019,606483,4469400
1383,805,780,1626693,16044,607263,4824300
1384,777,752,1625916,16069,608015,4479800
1385,787,794,1625129,16062,608809,4727800
1386,820,756,1624309,16126,609565,4522300
1387,733,776,1623576,16083,610341,4782000
1388,844,819,1622732,16108,611160,4536400
1389,802,763,1621930,16147,611923,4464600
1390,798,801,1621132,16144,612724,5026400
1391,788,842,1620344,16090,613566,4777900
1392,812,810,1619532,16092,614376,4427400
1393,775,784,1618757,16083,615160,4500000
1394,819,785,1617938,16117,615945,4969800
1395,781,862,1617157,16036,616807,4470300
1396,800,829,1616357,16007,617636,4843700
1397,783,794,1615574,15996,618430,5098400
1398,774,834,1614800,15936,619264,4364400
1399,780,857,1614020,15859,620121,4899900
1400,783,822,1613237,15820,620943,4985000
1401,783,779,1612454,15824,621722,4891600
1402,793,788,1611661,15829,622510,4882100
1403,786,746,1610875,15869,623256,5050400
1404,741,820,1610134,15790,624076,4922600
1405,796,778,1609338,15808,624854,4849600
1406,766,781,1608572,15793,625635,5011100
1407,755,766,1607817,15782,626401,4878700
1408,767,775,1607050,15774,627176,4961500
1409,781,792,1606269,15763,627968,4491500
1410,750,809,1605519,15704,628777,4789700
1411,804,747,1604715,15761,629524,4878400
1412,759,827,1603956,15693,630351,4929600
1413,771,787,1603185,15677,631138,4403900
1414,756,791,1602429,15642,631929,4870300
1415,757,743,1601672,15656,632672,4670700
1416,729,775,1600943,15610,633447,5234800
1417,825,842,1600118,15593,634289,4451800
1418,831,792,1599287,15632,635081,4493000
1419,782,806,1598505,15608,635887,4806800
1420,769,770,1597736,15607,636657,4680200
1421,710,770,1597026,15547,637427,5206400
1422,795,810,1596231,15532,638237,4892200
1423,756,725,1595475,15563,638962,4951700
1424,818,795,1594657,15586,639757,4847100
1425,755,777,1593902,15564,640534,4818800
1426,751,787,1593151,15528,641321,4769300
1427,784,756,1592367,15556,642077,5096400
1428,741,775,1591626,15522,642852,4780600
1429,787,804,1590839,15505,643656,5073700
1430,773,758,1590066,15520,644414,4707000
1431,780,806,1589286,15494,645220,5132200
1432,831,814,1588455,15511,646034,4595900
1433,766,789,1587689,15488,646823,4936700
1434,753,829,1586936,15412,647652,5091000
1435,771,779,1586165,15404,648431,4575400
1436,797,770,1585368,15431,649201,4493600
1437,781,788,1584587,15424,649989,4659000
1438,785,806,1583802,15403,650795,4512800
1439,782,773,1583020,15412,651568,4698900
1440,775,802,1582245,15385,652370,4756700
1441,737,747,1581508,15375,653117,4481800
1442,789,745,1580719,15419,653862,4695100
1443,798,725,1579921,15492,654587,4899400
1444,771,769,1579150,15494,655356,4831600
1445,775,743,1578375,15526,656099,5152200
1446,791,816,1577584,15501,656915,4678500
1447,796,766,1576788,15531,657681,4980700
1448,741,785,1576047,15487,658466,4665900
1449,742,795,1575305,15434,659261,4494600
1450,777,724,1574528,15487,659985,4564800
1451,811,785,1573717,15513,660770,4872000
1452,747,790,1572970,15470,661560,4633500
1453,779,778,1572191,15471,662338,4524200
1454,823,802,1571368,15492,663140,4461000
1455,726,823,1570642,15395,663963,4448500
1456,840,764,1569802,15471,664727,4720400
1457,801,774,1569001,15498,665501,4702000
1458,808,837,1568193,15469,666338,4656800
1459,741,818,1567452,15392,667156,4801300
1460,774,726,1566678,15440,667882,4641000
1461,758,746,1565920,15452,668628,4581500
1462,791,762,1565129,15481,669390,4639500
1463,791,781,1564338,15491,670171,4835800
1464,758,748,1563580,15501,670919,4767900
1465,773,774,1562807,15500,671693,4509300
1466,776,807,1562031,15469,672500,4731100
1467,776,761,1561255,15484,673261,4628000
1468,720,749,1560535,15455,674010,4516000
1469,805,778,1559730,15482,674788,4615800
1470,804,779,1558926,15507,675567,4798600
1471,774,771,1558152,15510,676338,4742700
1472,774,781,1557378,15503,677119,4731200
1473,787,775,1556591,15515,677894,4554300
1474,769,740,1555822,15544,678634,4802000
1475,766,754,1555056,15556,679388,4721400
1476,808,769,1554248,15595,680157,4699500
1477,798,771,1553450,15622,680928,4690000
1478,794,772,1552656,15644,681700,4563300
1479,817,773,1551839,15688,682473,4507900
1480,757,788,1551082,15657,683261,4713800
1481,733,773,1550349,15617,684034,4742900
1482,788,776,1549561,15629,684810,5013900
1483,754,771,1548807,15612,685581,4738800
1484,794,774,1548013,15632,686355,4585200
1485,791,719,1547222,15704,687074,4524700
1486,778,803,1546444,15679,687877,4652700
1487,821,776,1545623,15724,688653,5258000
1488,827,754,1544796,15797,689407,5058200
1489,768,797,1544028,15768,690204,4728300
1490,788,759,1543240,15797,690963,4527700
1491,773,815,1542467,15755,691778,4516600
1492,810,746,1541657,15819,692524,4931500
1493,791,813,1540866,15797,693337,4566700
1494,763,754,1540103,15806,694091,4831900
1495,772,805,1539331,15773,694896,5014800
1496,842,734,1538489,15881,695630,4960000
1497,804,851,1537685,15834,696481,4977200
1498,812,773,1536873,15873,697254,4871000
1499,780,831,1536093,15822,698085,4605400
1500,796,773,1535297,15845,698858,4739000
1501,753,768,1534544,15830,699626,4722400
1502,779,778,1533765,15831,700404,5124200
1503,710,805,1533055,15736,701209,4586600
1504,806,753,1532249,15789,701962,4763800
1505,775,762,1531474,15802,702724,4816500
1506,805,789,1530669,15818,703513,4854900
1507,814,767,1529855,15865,704280,4364100
1508,774,800,1529081,15839,705080,4851000
1509,744,731,1528337,15852,705811,4346800
1510,816,823,1527521,15845,706634,4561100
1511,765,772,1526756,15838,707406,4569800
1512,787,815,1525969,15810,708221,4889700
1513,747,794,1525222,15763,709015,4492100
1514,775,755,1524447,15783,709770,5001300
1515,822,766,1523625,15839,710536,4480400
1516,763,788,1522862,15814,711324,4710700
1517,766,809,1522096,15771,712133,4982100
1518,803,786,1521293,15788,712919,4760600
1519,786,793,1520507,15781,713712,4837300
1520,813,781,1519694,15813,714493,4743500
1521,749,782,1518945,15780,715275,4370900
1522,738,739,1518207,15779,716014,5086600
1523,793,772,1517414,15800,716786,4476500
1524,752,790,1516662,15762,717576,4565000
1525,779,728,1515883,15813,718304,4609700
1526,783,849,1515100,15747,719153,4563600
1527,763,770,1514337,15740,719923,4971700
1528,786,776,1513551,15750,720699,4692500
1529,793,769,1512758,15774,721468,4856700
1530,812,866,1511946,15720,722334,4922500
1531,793,809,1511153,15704,723143,4807700
1532,796,789,1510357,15711,723932,4958200
1533,800,773,1509557,15738,724705,4884600
1534,806,775,1508751,15769,725480,4693400
1535,839,815,1507912,15793,726295,4684000
1536,757,759,1507155,15791,727054,4850100
1537,782,795,1506373,15778,727849,4662100
1538,779,767,1505594,15790,728616,4630300
1539,784,768,1504810,15806,729384,4600000
1540,769,808,1504041,15767,730192,4882400
1541,797,813,1503244,15751,731005,5016900
1542,732,759,1502512,15724,731764,4734800
1543,833,816,1501679,15741,732580,4923100
1544,826,745,1500853,15822,733325,4715700
1545,767,795,1500086,15794,734120,4990700
1546,833,802,1499253,15825,734922,4823800
1547,781,822,1498472,15784,735744,5075900
1548,783,746,1497689,15821,736490,4554800
1549,820,760,1496869,15881,737250,4772400
1550,744,821,1496125,15804,738071,4488200
1551,793,793,1495332,15804,738864,4685600
1552,798,772,1494534,15830,739636,4801900
1553,734,804,1493800,15760,740440,5054000
1554,830,845,1492970,15745,741285,4976700
1555,763,785,1492207,15723,742070,5054000
1556,803,787,1491404,15739,742857,4768500
1557,745,773,1490659,15711,743630,4913200
1558,753,805,1489906,15659,744435,4567100
1559,752,762,1489154,15649,745197,4542000
1560,815,757,1488339,15707,745954,4553400
1561,789,755,1487550,15741,746709,4599200
1562,797,809,1486753,15729,747518,4620300
1563,753,785,1486000,15697,748303,4523400
1564,749,836,1485251,15610,749139,4502100
1565,795,749,1484456,15656,749888,4552300
1566,751,847,1483705,15560,750735,4784300
1567,773,772,1482932,15561,751507,4764900
1568,803,774,1482129,15590,752281,5276500
1569,778,729,1481351,15639,753010,4778700
1570,817,758,1480534,15698,753768,5149500
1571,834,765,1479700,15767,754533,5211500
1572,766,758,1478934,15775,755291,4583500
1573,771,814,1478163,15732,756105,5022700
1574,820,764,1477343,15788,756869,4968700
1575,840,802,1476503,15826,757671,4656500
1576,819,828,1475684,15817,758499,4501700
1577,817,779,1474867,15855,759278,4772600
1578,738,775,1474129,15818,760053,4722300
1579,774,805,1473355,15787,760858,4493200
1580,779,768,1472576,15798,761626,4590900
1581,800,810,1471776,15788,762436,4577200
1582,821,820,1470955,15789,763256,4724300
1583,824,844,1470131,15769,764100,5163600
1584,818,751,1469313,15836,764851,4567400
1585,817,763,1468496,15890,765614,4564100
1586,753,803,1467743,15840,766417,4729000
1587,833,795,1466910,15878,767212,4807000
1588,797,775,1466113,15900,767987,4590300
1589,801,786,1465312,15915,768773,4551200
1590,800,863,1464512,15852,769636,4519800
1591,805,785,1463707,15872,770421,4674500
1592,840,839,1462867,15873,771260,5048000
1593,811,797,1462056,15887,772057,5169300
1594,782,796,1461274,15873,772853,4700600
1595,822,766,1460452,15929,773619,5272800
1596,748,837,1459704,15840,774456,5017500
1597,771,753,1458933,15858,775209,4565700
1598,845,799,1458088,15904,776008,4763600
1599,804,814,1457284,15894,776822,5093000
1600,805,816,1456479,15883,777638,5050000
1601,786,809,1455693,15860,778447,5005100
1602,856,773,1454837,15943,779220,4595700
1603,799,815,1454038,15927,780035,4847700
1604,783,773,1453255,15937,780808,4339300
1605,782,814,1452473,15905,781622,4697000
1606,764,766,1451709,15903,782388,4749900
1607,816,799,1450893,15920,783187,4801100
1608,762,790,1450131,15892,783977,4432500
1609,788,799,1449343,15881,784776,4828800
1610,742,778,1448601,15845,785554,4558400
1611,759,768,1447842,15836,786322,5061900
1612,780,799,1447062,15817,787121,5043400
1613,779,792,1446283,15804,787913,4621000
1614,749,813,1445534,15740,788726,4485600
1615,757,823,1444777,15674,789549,4559300
1616,740,785,1444037,15629,790334,4871500
1617,788,779,1443249,15638,791113,5080200
1618,736,787,1442513,15587,791900,4976300
1619,801,803,1441712,15585,792703,4883500
1620,780,821,1440932,15544,793524,5050100
1621,757,790,1440175,15511,794314,4894300
1622,744,782,1439431,15473,795096,5143500
1623,754,785,1438677,15442,795881,4732200
1624,740,816,1437937,15366,796697,4884800
1625,754,778,1437183,15342,797475,4458900
1626,750,717,1436433,15375,798192,4997500
1627,699,783,1435734,15291,798975,4701100
1628,730,753,1435004,15268,799728,5376700
1629,768,722,1434236,15314,800450,4596000
1630,812,775,1433424,15351,801225,4868000
1631,794,755,1432630,15390,801980,5112000
1632,806,795,1431824,15401,802775,4827200
1633,763,837,1431061,15327,803612,4602700
1634,798,775,1430263,15350,804387,4530500
1635,749,765,1429514,15334,805152,4644900
1636,768,705,1428746,15397,805857,4636800
1637,765,764,1427981,15398,806621,5050800
1638,795,780,1427186,15413,807401,4655200
1639,780,738,1426406,15455,808139,4763800
1640,769,770,1425637,15454,808909,4476400
1641,791,770,1424846,15475,809679,4469900
1642,782,757,1424064,15500,810436,4806500
1643,768,720,1423296,15548,811156,4789900
1644,711,775,1422585,15484,811931,5044500
1645,775,773,1421810,15486,812704,4648800
1646,774,785,1421036,15475,813489,4734600
1647,797,807,1420239,15465,814296,4601200
1648,779,772,1419460,15472,815068,4828000
1649,789,769,1418671,15492,815837,4748700
1650,798,787,1417873,15503,816624,4682200
1651,759,744,1417114,15518,817368,4516400
1652,819,731,1416295,15606,818099,4642600
1653,755,834,1415540,15527,818933,4685800
1654,789,748,1414751,15568,819681,4530000
1655,821,770,1413930,15619,820451,4898400
1656,775,785,1413155,15609,821236,4660000
1657,778,826,1412377,15561,822062,4659900
1658,755,744,1411622,15572,822806,4837800
1659,768,814,1410854,15526,823620,4863000
1660,777,809,1410077,15494,824429,4622600
1661,782,825,1409295,15451,825254,4884600
1662,785,853,1408510,15383,826107,4820900
1663,772,761,1407738,15394,826868,4908700
1664,811,809,1406927,15396,827677,4741500
1665,768,795,1406159,15369,828472,4805000
1666,810,784,1405349,15395,829256,5138500
1667,805,746,1404544,15454,830002,4884700
1668,781,774,1403763,15461,830776,4964900
1669,797,783,1402966,15475,831559,4853900
1670,774,793,1402192,15456,832352,4840700
1671,757,754,1401435,15459,833106,4909400
1672,812,787,1400623,15484,833893,4981100
1673,833,797,1399790,15520,834690,5119200
1674,815,776,1398975,15559,835466,4806400
1675,762,759,1398213,15562,836225,4785000
1676,792,786,1397421,15568,837011,4909700
1677,812,782,1396609,15598,837793,4596900
1678,740,764,1395869,15574,838557,4851400
1679,732,774,1395137,15532,839331,4849100
1680,771,798,1394366,15505,840129,4866700
1681,783,771,1393583,15517,840900,4922300
1682,810,761,1392773,15566,841661,4754800
1683,773,795,1392000,15544,842456,4651700
1684,744,809,1391256,15479,843265,4773100
1685,792,796,1390464,15475,844061,4813400
1686,786,750,1389678,15511,844811,4751100
1687,790,769,1388888,15532,845580,4725800
1688,786,773,1388102,15545,846353,4864100
1689,782,782,1387320,15545,847135,5188400
1690,799,775,1386521,15569,847910,5078800
1691,784,738,1385737,15615,848648,4777500
1692,788,789,1384949,15614,849437,4521100
1693,779,791,1384170,15602,850228,4572900
1694,816,725,1383354,15693,850953,4970500
1695,796,781,1382558,15708,851734,4829600
1696,814,780,1381744,15742,852514,5245100
1697,771,719,1380973,15794,853233,4624000
1698,769,765,1380204,15798,853998,4701900
1699,837,813,1379367,15822,854811,4594100
1700,823,776,1378544,15869,855587,4627500
1701,803,810,1377741,15862,856397,4578600
1702,814,750,1376927,15926,857147,4943700
1703,838,772,1376089,15992,857919,4714800
1704,794,828,1375295,15958,858747,4567400
1705,714,768,1374581,15904,859515,5125500
1706,793,779,1373788,15918,860294,4635300
1707,809,761,1372979,15966,861055,4727900
1708,762,790,1372217,15938,861845,4854600
1709,777,801,1371440,15914,862646,4727300
1710,804,798,1370636,15920,863444,4743800
1711,777,787,1369859,15910,864231,5117400
1712,828,768,1369031,15970,864999,24792000
1713,798,811,1368233,15957,865810,5011900
1714,795,762,1367438,15990,866572,5008000
1715,846,814,1366592,16022,867386,4910500
1716,806,784,1365786,16044,868170,4822900
1717,851,801,1364935,16094,868971,5147400
1718,807,821,1364128,16080,869792,4819400
1719,755,813,1363373,16022,870605,4799900
1720,745,844,1362628,15923,871449,4753000
1721,795,796,1361833,15922,872245,4775100
1722,792,797,1361041,15917,873042,4473600
1723,783,783,1360258,15917,873825,4584300
1724,754,792,1359504,15879,874617,4638800
1725,773,797,1358731,15855,875414,4660100
1726,749,799,1357982,15805,876213,4775400
1727,802,825,1357180,15782,877038,4756700
1728,758,717,1356422,15823,877755,4701500
1729,778,827,1355644,15774,878582,4681200
1730,753,789,1354891,15738,879371,4739400
1731,756,815,1354135,15679,880186,4517200
1732,755,790,1353380,15644,880976,5173600
1733,795,788,1352585,15651,881764,4728000
1734,768,775,1351817,15644,882539,4523900
1735,753,762,1351064,15635,883301,4947800
1736,736,801,1350328,15570,884102,4798600
1737,760,768,1349568,15562,884870,4632400
1738,788,785,1348780,15565,885655,4734800
1739,728,803,1348052,15490,886458,4906800
1740,810,758,1347242,15542,887216,4811300
1741,811,762,1346431,15591,887978,4729800
1742,724,786,1345707,15529,888764,4987200
1743,746,818,1344961,15457,889582,4627200
1744,748,773,1344213,15432,890355,4724000
1745,759,772,1343454,15419,891127,4639300
1746,745,714,1342709,15450,891841,4645400
1747,750,796,1341959,15404,892637,4714400
1748,798,801,1341161,15401,893438,4545400
1749,798,743,1340363,15456,894181,4762000
1750,809,763,1339554,15502,894944,4715300
1751,790,767,1338764,15525,895711,4517400
1752,797,783,1337967,15539,896494,4484000
1753,753,752,1337214,15540,897246,4894500
1754,767,762,1336447,15545,898008,4613100
1755,806,724,1335641,15627,898732,4580100
1756,801,749,1334840,15679,899481,4926100
1757,815,780,1334025,15714,900261,4905400
1758,838,789,1333187,15763,901050,4779300
1759,787,821,1332400,15729,901871,4726200
1760,830,807,1331570,15752,902678,4583700
1761,778,789,1330792,15741,903467,5050800
1762,772,807,1330020,15706,904274,4680600
1763,763,811,1329257,15658,905085,4818200
1764,797,764,1328460,15691,905849,4884200
1765,735,766,1327725,15660,906615,4562800
1766,818,796,1326907,15682,907411,4816100
1767,693,790,1326214,15585,908201,4716500
1768,725,779,1325489,15531,908980,4586600
1769,773,786,1324716,15518,909766,4627400
1770,743,780,1323973,15481,910546,4781100
1771,714,778,1323259,15417,911324,4799600
1772,703,775,1322556,15345,912099,4609200
1773,723,742,1321833,15326,912841,5028300
1774,740,753,1321093,15313,913594,4820700
1775,683,715,1320410,15281,914309,4828500
1776,743,812,1319667,15212,915121,4681400
1777,712,753,1318955,15171,915874,4801200
1778,665,790,1318290,15046,916664,4658400
1779,733,779,1317557,15000,917443,4822800
1780,682,745,1316875,14937,918188,4748600
1781,702,741,1316173,14898,918929,4682700
1782,698,733,1315475,14863,919662,4806700
1783,695,730,1314780,14828,920392,4857900
1784,695,748,1314085,14775,921140,4603900
1785,728,783,1313357,14720,921923,4666100
1786,729,763,1312628,14686,922686,4631400
1787,670,715,1311958,14641,923401,4593500
1788,727,730,1311231,14638,924131,4580300
1789,712,730,1310519,14620,924861,4530300
1790,690,731,1309829,14579,925592,4692800
1791,709,704,1309120,14584,926296,4698700
1792,736,720,1308384,14600,927016,4764800
1793,688,754,1307696,14534,927770,4670000
1794,732,698,1306964,14568,928468,4887600
1795,698,746,1306266,14520,929214,4777200
1796,709,681,1305557,14548,929895,4874000
1797,727,761,1304830,14514,930656,4831300
1798,702,702,1304128,14514,931358,4747700
1799,715,715,1303413,14514,932073,4890400
1800,711,721,1302702,14504,932794,5030200
1801,690,747,1302012,14447,933541,4791700
1802,701,702,1301311,14446,934243,4725900
1803,698,745,1300613,14399,934988,4901400
1804,757,725,1299856,14431,935713,5449100
1805,748,678,1299108,14501,936391,4921600
1806,698,766,1298410,14433,937157,4763400
1807,733,735,1297677,14431,937892,4681300
1808,747,707,1296930,14471,938599,4628100
1809,692,718,1296238,14445,939317,4532000
1810,689,765,1295549,14369,940082,4530300
1811,725,714,1294824,14380,940796,4601800
1812,700,722,1294124,14358,941518,4767100
1813,726,726,1293398,14358,942244,4983600
1814,709,728,1292689,14339,942972,4693000
1815,701,751,1291988,14289,943723,4686500
1816,745,727,1291243,14307,944450,4770600
1817,710,738,1290533,14279,945188,4526900
1818,727,736,1289806,14270,945924,4814500
1819,717,706,1289089,14281,946630,4562400
1820,716,686,1288373,14311,947316,4590400
1821,678,743,1287695,14246,948059,5085700
1822,740,741,1286955,14245,948800,4709500
1823,725,730,1286230,14240,949530,4553700
1824,717,717,1285513,14240,950247,4722600
1825,690,740,1284823,14190,950987,4626100
1826,750,770,1284073,14170,951757,5076300
1827,710,709,1283363,14171,952466,5204100
1828,728,721,1282635,14178,953187,4806300
1829,718,720,1281917,14176,953907,5020400
1830,750,668,1281167,14258,954575,4974900
1831,724,692,1280443,14290,955267,4744800
1832,746,730,1279697,14306,955997,4644700
1833,749,705,1278948,14350,956702,4875500
1834,753,704,1278195,14399,957406,4890000
1835,692,689,1277503,14402,958095,5350400
1836,701,721,1276802,14382,958816,5424300
1837,708,698,1276094,14392,959514,5426100
1838,697,695,1275397,14394,960209,4848100
1839,717,693,1274680,14418,960902,5322600
1840,701,716,1273979,14403,961618,5180500
1841,705,725,1273274,14383,962343,5372600
1842,681,680,1272593,14384,963023,4704300
1843,689,727,1271904,14346,963750,4659600
1844,715,662,1271189,14399,964412,5848000
1845,740,714,1270449,14425,965126,5295200
1846,700,702,1269749,14423,965828,5944600
1847,697,739,1269052,14381,966567,5658400
1848,690,715,1268362,14356,967282,6372700
1849,707,728,1267655,14335,968010,5691800
1850,739,733,1266916,14341,968743,5438600
1851,690,745,1266226,14286,969488,6138900
1852,690,696,1265536,14280,970184,6690700
1853,707,702,1264829,14285,970886,5917800
1854,756,719,1264073,14322,971605,5607200
1855,717,691,1263356,14348,972296,6067300
1856,720,697,1262636,14371,972993,5840100
1857,677,708,1261959,14340,973701,5480100
1858,697,742,1261262,14295,974443,5930400
1859,685,716,1260577,14264,975159,5529700
1860,688,723,1259889,14229,975882,5557600
1861,687,746,1259202,14170,976628,5377100
1862,680,718,1258522,14132,977346,5665000
1863,687,687,1257835,14132,978033,5568500
1864,700,686,1257135,14146,978719,6186700
1865,699,690,1256436,14155,979409,6605600
1866,706,759,1255730,14102,980168,5403300
1867,662,656,1255068,14108,980824,6061300
1868,692,679,1254376,14121,981503,5624900
1869,665,703,1253711,14083,982206,5598100
1870,654,653,1253057,14084,982859,6289700
1871,680,694,1252377,14070,983553,6070200
1872,704,659,1251673,14115,984212,5879200
1873,704,672,1250969,14147,984884,6390900
1874,717,727,1250252,14137,985611,6827900
1875,683,716,1249569,14104,986327,6411100
1876,729,679,1248840,14154,987006,5912400
1877,663,790,1248177,14027,987796,7612200
1878,660,681,1247517,14006,988477,5427600
1879,706,690,1246811,14022,989167,5629600
1880,704,676,1246107,14050,989843,5496200
1881,712,716,1245395,14046,990559,5311100
1882,710,714,1244685,14042,991273,5370500
1883,741,679,1243944,14104,991952,5191100
1884,680,703,1243264,14081,992655,4971900
1885,681,726,1242583,14036,993381,5024100
1886,691,708,1241892,14019,994089,5059000
1887,696,662,1241196,14053,994751,5828000
1888,729,703,1240467,14079,995454,5020400
1889,698,653,1239769,14124,996107,4972100
1890,691,669,1239078,14146,996776,4895300
1891,735,721,1238343,14160,997497,5115500
1892,683,719,1237660,14124,998216,4975500
1893,736,683,1236924,14177,998899,5113000
1894,729,675,1236195,14231,999574,5335600
1895,687,698,1235508,14220,1000272,5529700
1896,719,772,1234789,14167,1001044,6990000
1897,725,691,1234064,14201,1001735,6164000
1898,710,708,1233354,14203,1002443,6257000
1899,726,700,1232628,14229,1003143,5878500
1900,771,652,1231857,14348,1003795,5516800
1901,741,719,1231116,14370,1004514,5410900
1902,704,687,1230412,14387,1005201,5189600
1903,730,698,1229682,14419,1005899,5227300
1904,746,732,1228936,14433,1006631,5188200
1905,723,728,1228213,14428,1007359,5345000
1906,709,689,1227504,14448,1008048,5176500
1907,683,708,1226821,14423,1008756,5212300
1908,733,685,1226088,14471,1009441,5226900
1909,714,695,1225374,14490,1010136,5339900
1910,645,739,1224729,14396,1010875,5138900
1911,716,744,1224013,14368,1011619,5451300
1912,683,712,1223330,14339,1012331,5716200
1913,733,715,1222597,14357,1013046,5209600
1914,711,749,1221886,14319,1013795,5332400
1915,705,683,1221181,14341,1014478,5275200
1916,666,729,1220515,14278,1015207,5033700
1917,666,724,1219849,14220,1015931,5013000
1918,686,698,1219163,14208,1016629,5012700
1919,727,695,1218436,14240,1017324,4928200
1920,678,733,1217758,14185,1018057,5070700
1921,729,700,1217029,14214,1018757,5014500
1922,669,706,1216360,14177,1019463,4967500
1923,649,721,1215711,14105,1020184,5124200
1924,679,706,1215032,14078,1020890,4821100
1925,685,698,1214347,14065,1021588,5020900
1926,645,697,1213702,14013,1022285,5192300
1927,635,724,1213067,13924,1023009,5093900
1928,679,669,1212388,13934,1023678,5268800
1929,661,692,1211727,13903,1024370,5072800
1930,636,689,1211091,13850,1025059,4972800
1931,678,683,1210413,13845,1025742,5074100
1932,661,723,1209752,13783,1026465,5424300
1933,659,650,1209093,13792,1027115,4986400
1934,693,688,1208400,13797,1027803,4878600
1935,647,683,1207753,13761,1028486,5124100
1936,638,676,1207115,13723,1029162,5021200
1937,699,700,1206416,13722,1029862,5159500
1938,676,740,1205740,13658,1030602,5110900
1939,689,667,1205051,13680,1031269,5068800
1940,640,647,1204411,13673,1031916,5393700
1941,618,711,1203793,13580,1032627,5152400
1942,657,684,1203136,13553,1033311,4864300
1943,646,631,1202490,13568,1033942,5141900
1944,640,676,1201850,13532,1034618,5069600
1945,689,704,1201161,13517,1035322,4922700
1946,700,674,1200461,13543,1035996,4816800
1947,647,704,1199814,13486,1036700,4964600
1948,632,725,1199182,13393,1037425,5429300
1949,653,674,1198529,13372,1038099,5008800
1950,671,703,1197858,13340,1038802,4938700
1951,656,717,1197202,13279,1039519,4926400
1952,667,689,1196535,13257,1040208,4843100
1953,675,647,1195860,13285,1040855,4909100
1954,648,682,1195212,13251,1041537,4861700
1955,664,616,1194548,13299,1042153,4771200
1956,623,656,1193925,13266,1042809,4787400
1957,642,673,1193283,13235,1043482,4988200
1958,701,643,1192582,13293,1044125,4755300
1959,647,673,1191935,13267,1044798,4749600
1960,649,728,1191286,13188,1045526,5082600
1961,679,720,1190607,13147,1046246,4819100
1962,692,659,1189915,13180,1046905,4711800
1963,665,667,1189250,13178,1047572,5147800
1964,636,662,1188614,13152,1048234,5073200
1965,690,670,1187924,13172,1048904,5067700
1966,665,623,1187259,13214,1049527,4933700
1967,651,661,1186608,13204,1050188,5174200
1968,625,655,1185983,13174,1050843,5044300
1969,645,637,1185338,13182,1051480,5044000
1970,640,656,1184698,13166,1052136,4783900
1971,624,651,1184074,13139,1052787,5060600
1972,695,653,1183379,13181,1053440,5407200
1973,690,678,1182689,13193,1054118,4886600
1974,632,683,1182057,13142,1054801,5099800
1975,660,660,1181397,13142,1055461,5047200
1976,699,620,1180698,13221,1056081,4991500
1977,684,647,1180014,13258,1056728,4997600
1978,686,636,1179328,13308,1057364,5093900
1979,691,684,1178637,13315,1058048,4990700
1980,667,619,1177970,13363,1058667,4899900
1981,677,686,1177293,13354,1059353,5240200
1982,671,660,1176622,13365,1060013,5083900
1983,657,651,1175965,13371,1060664,5074600
1984,722,667,1175243,13426,1061331,4928100
1985,703,635,1174540,13494,1061966,4843700
1986,708,669,1173832,13533,1062635,5029900
1987,650,713,1173182,13470,1063348,4930600
1988,673,705,1172509,13438,1064053,4838300
1989,708,649,1171801,13497,1064702,4744800
1990,678,668,1171123,13507,1065370,4740300
1991,684,643,1170439,13548,1066013,4808900
1992,676,669,1169763,13555,1066682,4945000
1993,667,712,1169096,13510,1067394,4793900
1994,666,690,1168430,13486,1068084,4863200
1995,678,719,1167752,13445,1068803,4971800
1996,695,681,1167057,13459,1069484,5188500
1997,711,706,1166346,13464,1070190,4953400
1998,705,664,1165641,13505,1070854,4919900
1999,635,700,1165006,13440,1071554,4983200
2000,669,684,1164337,13425,1072238,4929300
2001,643,684,1163694,13384,1072922,5006800
2002,654,659,1163040,13379,1073581,4943900
2003,637,663,1162403,13353,1074244,4914900
2004,629,663,1161774,13319,1074907,5088700
2005,678,615,1161096,13382,1075522,5655900
2006,657,699,1160439,13340,1076221,5269500
2007,671,654,1159768,13357,1076875,5362400
2008,677,665,1159091,13369,1077540,5089200
2009,681,668,1158410,13382,1078208,5002400
2010,648,708,1157762,13322,1078916,5266900
2011,704,712,1157058,13314,1079628,5003900
2012,673,634,1156385,13353,1080262,4971700
2013,667,697,1155718,13323,1080959,5043400
2014,652,630,1155066,13345,1081589,5081800
2015,680,677,1154386,13348,1082266,5033600
2016,668,682,1153718,13334,1082948,4919100
2017,673,676,1153045,13331,1083624,4883400
2018,668,661,1152377,13338,1084285,5040800
2019,637,678,1151740,13297,1084963,4963800
2020,645,660,1151095,13282,1085623,4875100
2021,649,667,1150446,13264,1086290,4842700
2022,641,654,1149805,13251,1086944,4874200
2023,655,636,1149150,13270,1087580,4887500
2024,641,687,1148509,13224,1088267,4904000
2025,648,678,1147861,13194,1088945,4872900
2026,654,665,1147207,13183,1089610,4837500
2027,673,663,1146534,13193,1090273,4930800
2028,641,662,1145893,13172,1090935,4622300
2029,627,606,1145266,13193,1091541,4696700
2030,695,697,1144571,13191,1092238,4727900
2031,690,684,1143881,13197,1092922,5097300
2032,602,666,1143279,13133,1093588,5239300
2033,654,658,1142625,13129,1094246,5429000
2034,649,654,1141976,13124,1094900,4966900
2035,692,676,1141284,13140,1095576,4680700
2036,658,638,1140626,13160,1096214,4751400
2037,666,668,1139960,13158,1096882,4813700
2038,643,656,1139317,13145,1097538,4588200
2039,666,649,1138651,13162,1098187,4403100
2040,664,641,1137987,13185,1098828,4534000
2041,647,651,1137340,13181,1099479,4488300
2042,695,628,1136645,13248,1100107,4433000
2043,653,656,1135992,13245,1100763,4493100
2044,725,692,1135267,13278,1101455,4513600
2045,726,686,1134541,13318,1102141,4673500
2046,644,692,1133897,13270,1102833,4763600
2047,697,650,1133200,13317,1103483,4629600
2048,694,641,1132506,13370,1104124,4448400
2049,657,647,1131849,13380,1104771,4616500
2050,670,624,1131179,13426,1105395,4575700
2051,691,738,1130488,13379,1106133,4500500
2052,678,646,1129810,13411,1106779,4594400
2053,684,655,1129126,13440,1107434,4648300
2054,650,698,1128476,13392,1108132,4492500
2055,686,683,1127790,13395,1108815,4550600
2056,652,641,1127138,13406,1109456,4605400
2057,632,691,1126506,13347,1110147,4483300
2058,636,683,1125870,13300,1110830,4694600
2059,658,698,1125212,13260,1111528,4523300
2060,679,648,1124533,13291,1112176,4488300
2061,612,668,1123921,13235,1112844,4492700
2062,665,639,1123256,13261,1113483,4591400
2063,610,648,1122646,13223,1114131,4468900
2064,660,687,1121986,13196,1114818,4440900
2065,637,677,1121349,13156,1115495,4550100
2066,674,645,1120675,13185,1116140,4471600
2067,630,668,1120045,13147,1116808,4434500
2068,665,665,1119380,13147,1117473,4975300
2069,649,677,1118731,13119,1118150,4489900
2070,685,664,1118046,13140,1118814,4640200
2071,644,674,1117402,13110,1119488,4580100
2072,657,655,1116745,13112,1120143,4712100
2073,676,640,1116069,13148,1120783,4632100
2074,683,597,1115386,13234,1121380,4492200
2075,668,671,1114718,13231,1122051,4659200
2076,643,658,1114075,13216,1122709,4490600
2077,661,646,1113414,13231,1123355,4499000
2078,649,656,1112765,13224,1124011,4684200
2079,626,719,1112139,13131,1124730,4583600
2080,665,663,1111474,13133,1125393,4487800
2081,703,638,1110771,13198,1126031,4823700
2082,635,654,1110136,13179,1126685,4828900
2083,645,684,1109491,13140,1127369,4632300
2084,645,653,1108846,13132,1128022,4708400
2085,682,630,1108164,13184,1128652,4832400
2086,652,642,1107512,13194,1129294,4969200
2087,627,671,1106885,13150,1129965,5033800
2088,604,666,1106281,13088,1130631,4629100
2089,669,676,1105612,13081,1131307,4530300
2090,641,640,1104971,13082,1131947,4543600
2091,630,616,1104341,13096,1132563,4494000
2092,643,646,1103698,13093,1133209,4361100
2093,664,650,1103034,13107,1133859,4588000
2094,663,623,1102371,13147,1134482,4476600
2095,649,619,1101722,13177,1135101,4380400
2096,677,623,1101045,13231,1135724,4533000
2097,628,640,1100417,13219,1136364,5078000
2098,686,618,1099731,13287,1136982,4902000
2099,658,677,1099073,13268,1137659,4569100
2100,628,642,1098445,13254,1138301,4571700
2101,617,675,1097828,13196,1138976,4571300
2102,658,650,1097170,13204,1139626,4482300
2103,683,712,1096487,13175,1140338,4545300
2104,633,679,1095854,13129,1141017,4433800
2105,638,689,1095216,13078,1141706,4604500
2106,648,663,1094568,13063,1142369,4844100
2107,612,658,1093956,13017,1143027,4583200
2108,679,663,1093277,13033,1143690,4575000
2109,666,649,1092611,13050,1144339,4508700
2110,637,691,1091974,12996,1145030,4738700
2111,654,638,1091320,13012,1145668,4508700
2112,664,683,1090656,12993,1146351,4809700
2113,665,609,1089991,13049,1146960,5147300
2114,648,648,1089343,13049,1147608,4726900
2115,693,655,1088650,13087,1148263,4719000
2116,654,630,1087996,13111,1148893,4831000
2117,669,674,1087327,13106,1149567,4762800
2118,619,658,1086708,13067,1150225,4468600
2119,645,667,1086063,13045,1150892,4906500
2120,630,684,1085433,12991,1151576,4803400
2121,624,687,1084809,12928,1152263,4711300
2122,648,633,1084161,12943,1152896,4673300
2123,671,644,1083490,12970,1153540,4661900
2124,625,667,1082865,12928,1154207,4681700
2125,586,654,1082279,12860,1154861,4859400
2126,651,639,1081628,12872,1155500,4920900
2127,660,659,1080968,12873,1156159,4936500
2128,633,668,1080335,12838,1156827,4810100
2129,683,653,1079652,12868,1157480,4702000
2130,630,646,1079022,12852,1158126,4716100
2131,654,643,1078368,12863,1158769,4665200
2132,639,659,1077729,12843,1159428,4695200
2133,616,627,1077113,12832,1160055,4592700
2134,681,643,1076432,12870,1160698,4799200
2135,628,655,1075804,12843,1161353,4687600
2136,627,614,1075177,12856,1161967,4477400
2137,648,670,1074529,12834,1162637,4727800
2138,638,645,1073891,12827,1163282,4633100
2139,666,646,1073225,12847,1163928,4757200
2140,677,624,1072548,12900,1164552,4809000
2141,702,655,1071846,12947,1165207,4787000
2142,640,657,1071206,12930,1165864,4674700
2143,661,646,1070545,12945,1166510,4983100
2144,670,606,1069875,13009,1167116,4687600
2145,711,617,1069164,13103,1167733,4594700
2146,691,684,1068473,13110,1168417,4659400
2147,630,663,1067843,13077,1169080,4678800
2148,674,633,1067169,13118,1169713,4691600
2149,658,626,1066511,13150,1170339,4698300
2150,651,648,1065860,13153,1170987,4712100
2151,722,645,1065138,13230,1171632,4790200
2152,634,643,1064504,13221,1172275,4949800
2153,689,663,1063815,13247,1172938,5075400
2154,654,713,1063161,13188,1173651,5108700
2155,654,645,1062507,13197,1174296,5179700
2156,640,647,1061867,13190,1174943,5065700
2157,627,605,1061240,13212,1175548,4740200
2158,626,635,1060614,13203,1176183,4800700
2159,671,697,1059943,13177,1176880,5113500
2160,653,692,1059290,13138,1177572,5004200
2161,651,646,1058639,13143,1178218,5190000
2162,616,629,1058023,13130,1178847,5054400
2163,684,647,1057339,13167,1179494,4950800
2164,653,665,1056686,13155,1180159,4776000
2165,699,667,1055987,13187,1180826,4757000
2166,634,682,1055353,13139,1181508,4856300
2167,641,655,1054712,13125,1182163,4980000
2168,657,637,1054055,13145,1182800,4744000
2169,642,623,1053413,13164,1183423,4512900
2170,648,654,1052765,13158,1184077,4741200
2171,620,649,1052145,13129,1184726,4713900
2172,654,635,1051491,13148,1185361,4562600
2173,645,670,1050846,13123,1186031,4632400
2174,637,616,1050209,13144,1186647,4760400
2175,685,641,1049524,13188,1187288,4803900
2176,662,640,1048862,13210,1187928,4784400
2177,667,664,1048195,13213,1188592,4688300
2178,677,676,1047518,13214,1189268,4781200
2179,637,672,1046881,13179,1189940,4692500
2180,638,671,1046243,13146,1190611,4923700
2181,639,650,1045604,13135,1191261,4702500
2182,641,642,1044963,13134,1191903,4620000
2183,610,633,1044353,13111,1192536,4652800
2184,627,646,1043726,13092,1193182,4774900
2185,642,643,1043084,13091,1193825,4646000
2186,648,667,1042436,13072,1194492,4686900
2187,661,679,1041775,13054,1195171,4403700
2188,669,669,1041106,13054,1195840,4437900
2189,677,650,1040429,13081,1196490,4406900
2190,625,598,1039804,13108,1197088,4448000
2191,662,640,1039142,13130,1197728,4513800
2192,689,600,1038453,13219,1198328,4649000
2193,666,636,1037787,13249,1198964,4644600
2194,668,673,1037119,13244,1199637,4561100
2195,660,665,1036459,13239,1200302,4425800
2196,687,690,1035772,13236,1200992,4601300
2197,695,684,1035077,13247,1201676,4925800
2198,703,708,1034374,13242,1202384,4868100
2199,667,646,1033707,13263,1203030,5242100
2200,644,651,1033063,13256,1203681,4760800
2201,617,655,1032446,13218,1204336,4571000
2202,642,632,1031804,13228,1204968,4559500
2203,678,665,1031126,13241,1205633,4661400
2204,594,670,1030532,13165,1206303,4547900
2205,643,667,1029889,13141,1206970,5059000
2206,636,684,1029253,13093,1207654,4872900
2207,628,627,1028625,13094,1208281,5020400
2208,651,686,1027974,13059,1208967,5022900
2209,642,631,1027332,13070,1209598,4671500
2210,632,697,1026700,13005,1210295,4692800
2211,630,686,1026070,12949,1210981,4803500
2212,610,658,1025460,12901,1211639,4540100
2213,620,611,1024840,12910,1212250,4561900
2214,639,678,1024201,12871,1212928,4516000
2215,632,653,1023569,12850,1213581,4915300
2216,644,635,1022925,12859,1214216,4710600
2217,637,622,1022288,12874,1214838,4571300
2218,637,653,1021651,12858,1215491,4876500
2219,633,622,1021018,12869,1216113,4942800
2220,654,655,1020364,12868,1216768,4770500
2221,666,657,1019698,12877,1217425,4626000
2222,678,667,1019020,12888,1218092,4883300
2223,640,623,1018380,12905,1218715,4644900
2224,645,625,1017735,12925,1219340,4784300
2225,651,684,1017084,12892,1220024,4564300
2226,649,649,1016435,12892,1220673,4786000
2227,607,657,1015828,12842,1221330,4729900
2228,625,638,1015203,12829,1221968,4714700
2229,632,605,1014571,12856,1222573,4784500
2230,596,674,1013975,12778,1223247,4806700
2231,629,656,1013346,12751,1223903,4757900
2232,669,626,1012677,12794,1224529,4738000
2233,662,642,1012015,12814,1225171,4814700
2234,632,620,1011383,12826,1225791,4778300
2235,611,617,1010772,12820,1226408,4569600
2236,654,633,1010118,12841,1227041,4409200
2237,621,621,1009497,12841,1227662,4785400
2238,620,619,1008877,12842,1228281,4791700
2239,609,681,1008268,12770,1228962,4717200
2240,643,639,1007625,12774,1229601,4837300
2241,626,670,1006999,12730,1230271,4816600
2242,642,610,1006357,12762,1230881,4937800
2243,657,615,1005700,12804,1231496,4787000
2244,621,596,1005079,12829,1232092,4460000
2245,654,613,1004425,12870,1232705,4745700
2246,675,651,1003750,12894,1233356,4884800
2247,653,651,1003097,12896,1234007,4809400
2248,651,644,1002446,12903,1234651,4617400
2249,646,626,1001800,12923,1235277,4819100
2250,651,646,1001149,12928,1235923,5048500
2251,630,683,1000519,12875,1236606,4751200
2252,658,612,999861,12921,1237218,5103400
2253,657,619,999204,12959,1237837,5253200
2254,658,672,998546,12945,1238509,4964900
2255,623,640,997923,12928,1239149,4893000
2256,666,629,997257,12965,1239778,4717500
2257,643,599,996614,13009,1240377,5256400
2258,652,666,995962,12995,1241043,4936300
2259,670,680,995292,12985,1241723,4872100
2260,649,692,994643,12942,1242415,4944500
2261,708,612,993935,13038,1243027,4828600
2262,650,676,993285,13012,1243703,5071900
2263,670,642,992615,13040,1244345,5006600
2264,643,648,991972,13035,1244993,4781100
2265,691,651,991281,13075,1245644,5155000
2266,682,644,990599,13113,1246288,5056700
2267,655,642,989944,13126,1246930,5584900
2268,609,673,989335,13062,1247603,5238400
2269,655,662,988680,13055,1248265,5190200
2270,622,608,988058,13069,1248873,5049200
2271,652,659,987406,13062,1249532,5121900
2272,684,641,986722,13105,1250173,5131200
2273,658,631,986064,13132,1250804,5082500
2274,631,634,985433,13129,1251438,5094600
2275,643,633,984790,13139,1252071,4999600
2276,634,615,984156,13158,1252686,4945100
2277,612,678,983544,13092,1253364,4872500
2278,657,620,982887,13129,1253984,5029800
2279,644,670,982243,13103,1254654,5110900
2280,603,660,981640,13046,1255314,5051400
2281,622,653,981018,13015,1255967,5036600
2282,623,658,980395,12980,1256625,5292400
2283,613,639,979782,12954,1257264,5095600
2284,609,649,979173,12914,1257913,5135600
2285,590,640,978583,12864,1258553,5476700
2286,630,690,977953,12804,1259243,5432300
2287,640,667,977313,12777,1259910,5363300
2288,630,651,976683,12756,1260561,5356300
2289,625,628,976058,12753,1261189,5592100
2290,603,666,975455,12690,1261855,5261900
2291,633,672,974822,12651,1262527,5358100
2292,623,639,974199,12635,1263166,5964800
2293,608,633,973591,12610,1263799,5180000
2294,605,626,972986,12589,1264425,4981800
2295,638,657,972348,12570,1265082,4999700
2296,643,648,971705,12565,1265730,4949400
2297,569,649,971136,12485,1266379,4943300
2298,596,613,970540,12468,1266992,5095900
2299,623,629,969917,12462,1267621,4942200
2300,625,680,969292,12407,1268301,4751800
2301,591,650,968701,12348,1268951,5169600
2302,616,615,968085,12349,1269566,4983200
2303,611,617,967474,12343,1270183,5013300
2304,651,606,966823,12388,1270789,4621900
2305,660,613,966163,12435,1271402,4648500
2306,677,637,965486,12475,1272039,4728900
2307,609,616,964877,12468,1272655,4437900
2308,617,628,964260,12457,1273283,4523200
2309,632,600,963628,12489,1273883,4603100
2310,612,623,963016,12478,1274506,4680500
2311,636,630,962380,12484,1275136,4875700
2312,634,636,961746,12482,1275772,4839100
2313,648,622,961098,12508,1276394,4441000
2314,639,641,960459,12506,1277035,4460400
2315,654,565,959805,12595,1277600,4878500
2316,658,585,959147,12668,1278185,4684400
2317,660,621,958487,12707,1278806,4706700
2318,681,626,957806,12762,1279432,4853900
2319,630,579,957176,12813,1280011,4759700
2320,632,662,956544,12783,1280673,4572300
2321,668,660,955876,12791,1281333,4740200
2322,671,646,955205,12816,1281979,4801800
2323,683,644,954522,12855,1282623,4821600
2324,684,660,953838,12879,1283283,5175600
2325,668,660,953170,12887,1283943,4762200
2326,635,632,952535,12890,1284575,4763100
2327,662,624,951873,12928,1285199,4823400
2328,604,612,951269,12920,1285811,4728200
2329,640,633,950629,12927,1286444,4713100
2330,688,633,949941,12982,1287077,4557000
2331,679,651,949262,13010,1287728,5007000
2332,656,625,948606,13041,1288353,4667400
2333,681,666,947925,13056,1289019,4599900
2334,650,687,947275,13019,1289706,4624200
2335,646,617,946629,13048,1290323,4556100
2336,647,646,945982,13049,1290969,4621700
2337,601,662,945381,12988,1291631,4652500
2338,619,626,944762,12981,1292257,4949100
2339,619,648,944143,12952,1292905,4746100
2340,602,651,943541,12903,1293556,4552600
2341,665,641,942876,12927,1294197,4871500
2342,666,645,942210,12948,1294842,4396000
2343,638,687,941572,12899,1295529,4414300
2344,648,618,940924,12929,1296147,4589600
2345,634,687,940290,12876,1296834,4436700
2346,664,704,939626,12836,1297538,4493800
2347,675,635,938951,12876,1298173,4752000
2348,663,637,938288,12902,1298810,4598900
2349,632,650,937656,12884,1299460,4683000
2350,626,627,937030,12883,1300087,4570700
2351,640,643,936390,12880,1300730,4716300
2352,681,614,935709,12947,1301344,4495200
2353,665,616,935044,12996,1301960,4984700
2354,622,657,934422,12961,1302617,4705300
2355,648,669,933774,12940,1303286,4973900
2356,632,663,933142,12909,1303949,4576300
2357,629,625,932513,12913,1304574,4574800
2358,633,618,931880,12928,1305192,4443800
2359,600,636,931280,12892,1305828,4575800
2360,628,652,930652,12868,1306480,4645300
2361,678,656,929974,12890,1307136,4543200
2362,639,658,929335,12871,1307794,4704200
2363,635,611,928700,12895,1308405,4850000
2364,615,655,928085,12855,1309060,4696600
2365,625,634,927460,12846,1309694,4741600
2366,613,671,926847,12788,1310365,4788000
2367,652,639,926195,12801,1311004,4604300
2368,618,663,925577,12756,1311667,4663700
2369,600,644,924977,12712,1312311,4628100
2370,598,603,924379,12707,1312914,4793500
2371,642,653,923737,12696,1313567,4661700
2372,605,632,923132,12669,1314199,4647400
2373,603,601,922529,12671,1314800,4718200
2374,573,648,921956,12596,1315448,4714600
2375,608,624,921348,12580,1316072,4707100
2376,605,621,920743,12564,1316693,4771300
2377,623,629,920120,12558,1317322,4844000
2378,588,634,919532,12512,1317956,4675600
2379,636,616,918896,12532,1318572,4683500
2380,619,652,918277,12499,1319224,4883100
2381,624,626,917653,12497,1319850,4776000
2382,648,632,917005,12513,1320482,4838700
2383,623,580,916382,12556,1321062,4741000
2384,594,625,915788,12525,1321687,4734000
2385,627,596,915161,12556,1322283,4806700
2386,642,589,914519,12609,1322872,4773200
2387,618,625,913901,12602,1323497,4765400
2388,697,674,913204,12625,1324171,4590000
2389,634,631,912570,12628,1324802,5068800
2390,644,638,911926,12634,1325440,4926600
2391,647,637,911279,12644,1326077,4738600
2392,614,592,910665,12666,1326669,4816100
2393,621,622,910044,12665,1327291,4676400
2394,600,663,909444,12602,1327954,4631200
2395,624,609,908820,12617,1328563,4937100
2396,624,618,908196,12623,1329181,4711400
2397,668,653,907528,12638,1329834,4717800
2398,612,635,906916,12615,1330469,4658300
2399,636,569,906280,12682,1331038,4606600
2400,617,607,905663,12692,1331645,4654400
2401,652,610,905011,12734,1332255,4649500
2402,650,619,904361,12765,1332874,4713400
2403,600,598,903761,12767,1333472,4623600
2404,627,669,903134,12725,1334141,4802200
2405,638,626,902496,12737,1334767,4865500
2406,607,617,901889,12727,1335384,4984500
2407,660,630,901229,12757,1336014,5061000
2408,624,638,900605,12743,1336652,5300600
2409,624,654,899981,12713,1337306,4794700
2410,620,666,899361,12667,1337972,4937900
2411,666,620,898695,12713,1338592,4959000
2412,668,652,898027,12729,1339244,4639000
2413,665,635,897362,12759,1339879,4621200
2414,660,657,896702,12762,1340536,4610200
2415,667,647,896035,12782,1341183,4531600
2416,628,610,895407,12800,1341793,4408200
2417,682,629,894725,12853,1342422,4443300
2418,647,682,894078,12818,1343104,4852400
2419,642,624,893436,12836,1343728,4534300
2420,635,615,892801,12856,1344343,4485400
2421,650,636,892151,12870,1344979,4822800
2422,633,628,891518,12875,1345607,4499500
2423,642,636,890876,12881,1346243,4686400
2424,662,633,890214,12910,1346876,4556700
2425,687,621,889527,12976,1347497,4523700
2426,607,602,888920,12981,1348099,4490100
2427,650,679,888270,12952,1348778,4603700
2428,586,667,887684,12871,1349445,4617600
2429,615,631,887069,12855,1350076,4508800
2430,610,682,886459,12783,1350758,4447300
2431,631,645,885828,12769,1351403,4529200
2432,608,613,885220,12764,1352016,4556200
2433,620,607,884600,12777,1352623,4675500
2434,641,650,883959,12768,1353273,4520500
2435,631,589,883328,12810,1353862,4739900
2436,595,617,882733,12788,1354479,4486500
2437,586,645,882147,12729,1355124,4648500
2438,581,604,881566,12706,1355728,4777100
2439,599,605,880967,12700,1356333,4573900
2440,588,646,880379,12642,1356979,4607300
2441,626,631,879753,12637,1357610,4525400
2442,590,649,879163,12578,1358259,4820200
2443,643,631,878520,12590,1358890,4404000
2444,581,612,877939,12559,1359502,4466700
2445,563,613,877376,12509,1360115,4519500
2446,606,678,876770,12437,1360793,4407400
2447,625,600,876145,12462,1361393,4500000
2448,623,640,875522,12445,1362033,4904700
2449,623,599,874899,12469,1362632,4547500
2450,609,609,874290,12469,1363241,4652200
2451,588,604,873702,12453,1363845,4834500
2452,571,611,873131,12413,1364456,4740800
2453,588,634,872543,12367,1365090,4510200
2454,590,574,871953,12383,1365664,5099900
2455,623,625,871330,12381,1366289,5293100
2456,619,582,870711,12418,1366871,4836500
2457,644,618,870067,12444,1367489,4829800
2458,600,608,869467,12436,1368097,4493800
2459,596,643,868871,12389,1368740,4658800
2460,561,637,868310,12313,1369377,4558400
2461,578,616,867732,12275,1369993,4802800
2462,636,593,867096,12318,1370586,4624500
2463,582,627,866514,12273,1371213,4647000
2464,619,637,865895,12255,1371850,4728600
2465,591,653,865304,12193,1372503,4458300
2466,606,590,864698,12209,1373093,4435600
2467,606,597,864092,12218,1373690,4357200
2468,608,620,863484,12206,1374310,4562200
2469,631,571,862853,12266,1374881,4530100
2470,630,621,862223,12275,1375502,4355200
2471,599,589,861624,12285,1376091,4552700
2472,621,603,861003,12303,1376694,4600200
2473,581,659,860422,12225,1377353,5014900
2474,640,609,859782,12256,1377962,4887400
2475,608,575,859174,12289,1378537,4664700
2476,608,570,858566,12327,1379107,4637800
2477,610,625,857956,12312,1379732,4640100
2478,633,621,857323,12324,1380353,4635400
2479,593,615,856730,12302,1380968,4844100
2480,638,631,856092,12309,1381599,4599400
2481,580,626,855512,12263,1382225,4605700
2482,603,609,854909,12257,1382834,4561400
2483,626,619,854283,12264,1383453,4515800
2484,626,601,853657,12289,1384054,4683200
2485,625,624,853032,12290,1384678,4537400
2486,585,614,852447,12261,1385292,4537100
2487,634,606,851813,12289,1385898,4575000
2488,574,619,851239,12244,1386517,5036900
2489,626,598,850613,12272,1387115,4861900
2490,631,631,849982,12272,1387746,4746200
2491,644,626,849338,12290,1388372,4981400
2492,610,616,848728,12284,1388988,4948400
2493,598,646,848130,12236,1389634,4803800
2494,637,639,847493,12234,1390273,5061400
2495,656,580,846837,12310,1390853,5291700
2496,578,604,846259,12284,1391457,4714700
2497,606,577,845653,12313,1392034,5068400
2498,674,625,844979,12362,1392659,4817900
2499,610,627,844369,12345,1393286,4606200
2500,642,634,843727,12353,1393920,4530300
2501,605,616,843122,12342,1394536,4792100
2502,639,618,842483,12363,1395154,4582700
2503,616,632,841867,12347,1395786,4929000
2504,598,607,841269,12338,1396393,4815300
2505,631,645,840638,12324,1397038,4983400
2506,606,628,840032,12302,1397666,4693300
2507,600,624,839432,12278,1398290,4963500
2508,602,591,838830,12289,1398881,4733800
2509,649,639,838181,12299,1399520,6308400
2510,632,632,837549,12299,1400152,5353100
2511,633,610,836916,12322,1400762,5187300
2512,610,657,836306,12275,1401419,4771200
2513,602,595,835704,12282,1402014,4649100
2514,614,626,835090,12270,1402640,4683800
2515,627,609,834463,12288,1403249,4637400
2516,586,591,833877,12283,1403840,4833400
2517,600,600,833277,12283,1404440,4817400
2518,625,636,832652,12272,1405076,5005600
2519,645,652,832007,12265,1405728,4497400
2520,605,599,831402,12271,1406327,4548900
2521,549,592,830853,12228,1406919,4675400
2522,605,613,830248,12220,1407532,4827500
2523,615,569,829633,12266,1408101,4915400
2524,585,627,829048,12224,1408728,4921900
2525,583,586,828465,12221,1409314,4867300
2526,618,639,827847,12200,1409953,4826400
2527,536,614,827311,12122,1410567,4729300
2528,584,607,826727,12099,1411174,4669200
2529,600,629,826127,12070,1411803,4864700
2530,613,622,825514,12061,1412425,5011900
2531,588,571,824926,12078,1412996,4826500
2532,629,605,824297,12102,1413601,4946200
2533,644,628,823653,12118,1414229,4984600
2534,592,613,823061,12097,1414842,5154100
2535,565,640,822496,12022,1415482,4926100
2536,618,614,821878,12026,1416096,4771100
2537,569,634,821309,11961,1416730,4773400
2538,590,592,820719,11959,1417322,4740600
2539,586,592,820133,11953,1417914,4670100
2540,625,607,819508,11971,1418521,4717700
2541,588,620,818920,11939,1419141,4525400
2542,590,570,818330,11959,1419711,4679400
2543,595,628,817735,11926,1420339,4758700
2544,549,597,817186,11878,1420936,4767800
2545,605,587,816581,11896,1421523,4631700
2546,585,652,815996,11829,1422175,4586200
2547,566,582,815430,11813,1422757,4474200
2548,610,575,814820,11848,1423332,4548600
2549,541,636,814279,11753,1423968,4735700
2550,586,543,813693,11796,1424511,4693200
2551,621,598,813072,11819,1425109,5033800
2552,561,546,812511,11834,1425655,4568600
2553,599,599,811912,11834,1426254,4576800
2554,588,566,811324,11856,1426820,4688100
2555,615,604,810709,11867,1427424,4648700
2556,619,606,810090,11880,1428030,4514400
2557,614,639,809476,11855,1428669,4615300
2558,605,575,808871,11885,1429244,4870500
2559,595,565,808276,11915,1429809,4723600
2560,621,631,807655,11905,1430440,4677700
2561,602,591,807053,11916,1431031,4635600
2562,623,582,806430,11957,1431613,4402300
2563,580,644,805850,11893,1432257,4402500
2564,630,597,805220,11926,1432854,4389400
2565,596,599,804624,11923,1433453,4531400
2566,610,581,804014,11952,1434034,4483200
2567,591,586,803423,11957,1434620,4353200
2568,623,616,802800,11964,1435236,5017100
2569,601,599,802199,11966,1435835,4861100
2570,577,581,801622,11962,1436416,4497400
2571,582,571,801040,11973,1436987,4497200
2572,614,597,800426,11990,1437584,4996600
2573,612,614,799814,11988,1438198,4689800
2574,555,605,799259,11938,1438803,4473800
2575,556,585,798703,11909,1439388,4720700
2576,566,603,798137,11872,1439991,4588800
2577,618,577,797519,11913,1440568,4560300
2578,579,626,796940,11866,1441194,4631900
2579,624,593,796316,11897,1441787,5015700
2580,570,568,795746,11899,1442355,4649800
2581,576,624,795170,11851,1442979,5146300
2582,635,615,794535,11871,1443594,4646400
2583,610,603,793925,11878,1444197,4586800
2584,588,581,793337,11885,1444778,4729000
2585,600,612,792737,11873,1445390,4657000
2586,563,630,792174,11806,1446020,4680300
2587,577,576,791597,11807,1446596,4775500
2588,609,605,790988,11811,1447201,4778400
2589,622,563,790366,11870,1447764,4676200
2590,580,590,789786,11860,1448354,4563000
2591,581,625,789205,11816,1448979,4720800
2592,551,591,788654,11776,1449570,4817500
2593,563,603,788091,11736,1450173,4559900
2594,597,585,787494,11748,1450758,4633600
2595,571,559,786923,11760,1451317,4573000
2596,597,561,786326,11796,1451878,4889200
2597,599,572,785727,11823,1452450,4692400
2598,560,597,785167,11786,1453047,4723900
2599,573,586,784594,11773,1453633,4739200
2600,553,611,784041,11715,1454244,5334800
2601,588,598,783453,11705,1454842,4937200
2602,623,547,782830,11781,1455389,4590300
2603,631,587,782199,11825,1455976,4632900
2604,564,630,781635,11759,1456606,5049000
2605,600,575,781035,11784,1457181,5034800
2606,592,610,780443,11766,1457791,4689200
2607,605,606,779838,11765,1458397,4664100
2608,591,529,779247,11827,1458926,4522500
2609,588,619,778659,11796,1459545,4810200
2610,545,580,778114,11761,1460125,4624600
2611,540,590,777574,11711,1460715,4522600
2612,544,584,777030,11671,1461299,4579000
2613,554,554,776476,11671,1461853,4923300
2614,557,601,775919,11627,1462454,5178000
2615,596,589,775323,11634,1463043,4634100
2616,586,606,774737,11614,1463649,4640700
2617,566,560,774171,11620,1464209,4586900
2618,536,553,773635,11603,1464762,4482700
2619,569,602,773066,11570,1465364,4435600
2620,575,566,772491,11579,1465930,4955500
2621,539,584,771952,11534,1466514,4812600
2622,600,536,771352,11598,1467050,4802600
2623,579,598,770773,11579,1467648,4931700
2624,569,544,770204,11604,1468192,4859400
2625,592,599,769612,11597,1468791,4836700
2626,582,574,769030,11605,1469365,4777000
2627,543,591,768487,11557,1469956,4694700
2628,539,547,767948,11549,1470503,4976700
2629,530,556,767418,11523,1471059,4750200
2630,566,584,766852,11505,1471643,5117400
2631,588,514,766264,11579,1472157,4860500
2632,559,591,765705,11547,1472748,4816600
2633,564,540,765141,11571,1473288,4839600
2634,604,582,764537,11593,1473870,4724300
2635,591,573,763946,11611,1474443,4927300
2636,598,610,763348,11599,1475053,5441400
2637,557,564,762791,11592,1475617,5017800
2638,571,576,762220,11587,1476193,4766300
2639,525,597,761695,11515,1476790,4949700
2640,566,555,761129,11526,1477345,4925000
2641,583,580,760546,11529,1477925,4719700
2642,529,570,760017,11488,1478495,4818300
2643,524,569,759493,11443,1479064,4774000
2644,598,558,758895,11483,1479622,4665900
2645,593,569,758302,11507,1480191,4749800
2646,553,541,757749,11519,1480732,4619800
2647,513,586,757236,11446,1481318,4686600
2648,541,579,756695,11408,1481897,4533300
2649,550,593,756145,11365,1482490,4877700
2650,543,575,755602,11333,1483065,4614500
2651,516,567,755086,11282,1483632,4467800
2652,537,555,754549,11264,1484187,4478900
2653,563,567,753986,11260,1484754,5056700
2654,517,568,753469,11209,1485322,4661100
2655,555,560,752914,11204,1485882,4443100
2656,509,600,752405,11113,1486482,4767700
2657,497,542,751908,11068,1487024,4677800
2658,507,555,751401,11020,1487579,5022600
2659,516,569,750885,10967,1488148,5118700
2660,560,551,750325,10976,1488699,4896300
2661,547,560,749778,10963,1489259,4579900
2662,550,510,749228,11003,1489769,4627100
2663,568,581,748660,10990,1490350,4566500
2664,531,588,748129,10933,1490938,4472600
2665,568,559,747561,10942,1491497,4517600
2666,530,555,747031,10917,1492052,4659300
2667,565,580,746466,10902,1492632,4556100
2668,522,521,745944,10903,1493153,4561400
2669,553,526,745391,10930,1493679,4514900
2670,540,506,744851,10964,1494185,4680700
2671,485,553,744366,10896,1494738,4564000
2672,516,570,743850,10842,1495308,4745600
2673,517,541,743333,10818,1495849,4466900
2674,533,526,742800,10825,1496375,4435100
2675,523,562,742277,10786,1496937,4428200
2676,520,505,741757,10801,1497442,4635400
2677,527,533,741230,10795,1497975,5008400
2678,516,528,740714,10783,1498503,4997100
2679,511,565,740203,10729,1499068,4946700
2680,535,515,739668,10749,1499583,4845200
2681,531,549,739137,10731,1500132,4768400
2682,516,530,738621,10717,1500662,4608300
2683,528,505,738093,10740,1501167,5011600
2684,516,517,737577,10739,1501684,4869800
2685,538,551,737039,10726,1502235,4909800
2686,528,488,736511,10766,1502723,5114800
2687,539,505,735972,10800,1503228,5391500
2688,549,513,735423,10836,1503741,5113300
2689,559,533,734864,10862,1504274,4872400
2690,508,560,734356,10810,1504834,4899000
2691,524,518,733832,10816,1505352,4819400
2692,519,562,733313,10773,1505914,5635800
2693,560,547,732753,10786,1506461,5289000
2694,514,527,732239,10773,1506988,5423800
2695,525,550,731714,10748,1507538,5807400
2696,513,548,731201,10713,1508086,5304600
2697,526,509,730675,10730,1508595,4811600
2698,549,568,730126,10711,1509163,5069800
2699,552,520,729574,10743,1509683,5261600
2700,510,561,729064,10692,1510244,5108300
2701,512,504,728552,10700,1510748,4862100
2702,517,510,728035,10707,1511258,4999100
2703,503,548,727532,10662,1511806,5272300
2704,524,597,727008,10589,1512403,4779700
2705,540,534,726468,10595,1512937,4940400
2706,519,551,725949,10563,1513488,5037000
2707,500,538,725449,10525,1514026,4924000
2708,543,532,724906,10536,1514558,4812300
2709,486,489,724420,10533,1515047,4564000
2710,514,535,723906,10512,1515582,4900800
2711,496,519,723410,10489,1516101,4903700
2712,478,561,722932,10406,1516662,4642800
2713,461,525,722471,10342,1517187,5183900
2714,528,493,721943,10377,1517680,4547200
2715,510,463,721433,10424,1518143,5236100
2716,517,554,720916,10387,1518697,4832100
2717,512,528,720404,10371,1519225,5170700
2718,478,490,719926,10359,1519715,4721800
2719,485,515,719441,10329,1520230,4647200
2720,496,513,718945,10312,1520743,4920400
2721,459,479,718486,10292,1521222,4349400
2722,486,496,718000,10282,1521718,4946900
2723,518,525,717482,10275,1522243,4504000
2724,518,518,716964,10275,1522761,4849000
2725,509,496,716455,10288,1523257,5193300
2726,465,530,715990,10223,1523787,4599200
2727,504,466,715486,10261,1524253,4576600
2728,479,540,715007,10200,1524793,4507200
2729,520,486,714487,10234,1525279,5276200
2730,482,503,714005,10213,1525782,4839000
2731,475,493,713530,10195,1526275,4512100
2732,490,519,713040,10166,1526794,4514500
2733,514,486,712526,10194,1527280,5426000
2734,464,532,712062,10126,1527812,5437600
2735,548,518,711514,10156,1528330,6227000
2736,494,526,711020,10124,1528856,6712600
2737,452,539,710568,10037,1529395,7688400
2738,491,495,710077,10033,1529890,6457600
2739,503,488,709574,10048,1530378,6594700
2740,513,477,709061,10084,1530855,7236400
2741,474,503,708587,10055,1531358,5824900
2742,500,485,708087,10070,1531843,5665300
2743,522,514,707565,10078,1532357,5988900
2744,494,508,707071,10064,1532865,5807800
2745,496,486,706575,10074,1533351,5424300
2746,487,504,706088,10057,1533855,5560700
2747,520,445,705568,10132,1534300,6287900
2748,517,472,705051,10177,1534772,5517000
2749,486,530,704565,10133,1535302,5822200
2750,484,508,704081,10109,1535810,5343300
2751,469,507,703612,10071,1536317,5277600
2752,505,479,703107,10097,1536796,5668800
2753,467,473,702640,10091,1537269,5368400
2754,511,507,702129,10095,1537776,5650100
2755,465,516,701664,10044,1538292,5420400
2756,479,516,701185,10007,1538808,5752300
2757,472,469,700713,10010,1539277,4974900
2758,511,498,700202,10023,1539775,5745600
2759,480,467,699722,10036,1540242,5656100
2760,473,512,699249,9997,1540754,5370800
2761,455,509,698794,9943,1541263,5459700
2762,476,504,698318,9915,1541767,5305300
2763,457,506,697861,9866,1542273,5759300
2764,497,478,697364,9885,1542751,6007500
2765,522,482,696842,9925,1543233,5088800
2766,483,521,696359,9887,1543754,5050600
2767,473,498,695886,9862,1544252,5201600
2768,496,473,695390,9885,1544725,5048800
2769,493,505,694897,9873,1545230,5514500
2770,469,485,694428,9857,1545715,5637000
2771,454,504,693974,9807,1546219,5143900
2772,471,482,693503,9796,1546701,4880900
2773,479,454,693024,9821,1547155,4720100
2774,511,519,692513,9813,1547674,4998200
2775,458,545,692055,9726,1548219,5714900
2776,480,501,691575,9705,1548720,5030200
2777,485,519,691090,9671,1549239,5305500
2778,479,517,690611,9633,1549756,5707000
2779,477,479,690134,9631,1550235,4937100
2780,467,514,689667,9584,1550749,6418200
2781,508,454,689159,9638,1551203,5381800
2782,449,462,688710,9625,1551665,5245300
2783,484,494,688226,9615,1552159,5032700
2784,493,516,687733,9592,1552675,4942600
2785,491,484,687242,9599,1553159,4893100
2786,461,510,686781,9550,1553669,5082000
2787,465,507,686316,9508,1554176,4949600
2788,465,479,685851,9494,1554655,4886500
2789,498,460,685353,9532,1555115,5058500
2790,503,499,684850,9536,1555614,5499500
2791,509,452,684341,9593,1556066,5728500
2792,418,460,683923,9551,1556526,5664800
2793,448,470,683475,9529,1556996,4916000
2794,451,463,683024,9517,1557459,4946100
2795,463,498,682561,9482,1557957,4862600
2796,486,460,682075,9508,1558417,5244300
2797,474,503,681601,9479,1558920,5425400
2798,470,450,681131,9499,1559370,5492600
2799,486,500,680645,9485,1559870,5086500
2800,473,467,680172,9491,1560337,5131800
2801,456,446,679716,9501,1560783,6160300
2802,489,483,679227,9507,1561266,5579200
2803,448,461,678779,9494,1561727,5463400
2804,492,461,678287,9525,1562188,5699300
2805,466,495,677821,9496,1562683,5958400
2806,530,465,677291,9561,1563148,5443400
2807,497,489,676794,9569,1563637,6004200
2808,545,495,676249,9619,1564132,5893000
2809,486,471,675763,9634,1564603,5937000
2810,470,487,675293,9617,1565090,5733700
2811,509,447,674784,9679,1565537,6516300
2812,488,481,674296,9686,1566018,5556500
2813,545,467,673751,9764,1566485,5399700
2814,467,505,673284,9726,1566990,4951400
2815,464,496,672820,9694,1567486,5497700
2816,451,517,672369,9628,1568003,5133400
2817,467,502,671902,9593,1568505,5268700
2818,493,488,671409,9598,1568993,5426800
2819,498,502,670911,9594,1569495,5614400
2820,519,502,670392,9611,1569997,5653400
2821,525,471,669867,9665,1570468,5988500
2822,513,481,669354,9697,1570949,6108600
2823,505,491,668849,9711,1571440,6529500
2824,502,469,668347,9744,1571909,5269600
2825,502,461,667845,9785,1572370,5460400
2826,503,508,667342,9780,1572878,5429300
2827,516,520,666826,9776,1573398,5702100
2828,462,478,666364,9760,1573876,6010000
2829,519,492,665845,9787,1574368,5490300
2830,468,511,665377,9744,1574879,5473500
2831,511,485,664866,9770,1575364,5833400
2832,499,504,664367,9765,1575868,6164100
2833,487,508,663880,9744,1576376,6176400
2834,497,455,663383,9786,1576831,5566000
2835,475,472,662908,9789,1577303,5454100
2836,486,483,662422,9792,1577786,5504600
2837,486,489,661936,9789,1578275,5694300
2838,486,493,661450,9782,1578768,5763600
2839,452,497,660998,9737,1579265,6132600
2840,484,483,660514,9738,1579748,12148100
2841,482,460,660032,9760,1580208,6640300
2842,452,488,659580,9724,1580696,6517800
2843,491,464,659089,9751,1581160,5896900
2844,478,468,658611,9761,1581628,5307600
2845,460,484,658151,9737,1582112,4973800
2846,465,484,657686,9718,1582596,5614700
2847,512,477,657174,9753,1583073,5160900
2848,494,471,656680,9776,1583544,5544500
2849,467,499,656213,9744,1584043,5664700
2850,475,475,655738,9744,1584518,5503400
2851,484,457,655254,9771,1584975,5350700
2852,472,515,654782,9728,1585490,5015000
2853,466,482,654316,9712,1585972,5295600
2854,444,500,653872,9656,1586472,4828500
2855,462,479,653410,9639,1586951,5945400
2856,430,472,652980,9597,1587423,5850100
2857,478,434,652502,9641,1587857,5045400
2858,445,476,652057,9610,1588333,5040000
2859,523,483,651534,9650,1588816,5260500
2860,469,496,651065,9623,1589312,5253700
2861,483,499,650582,9607,1589811,5237900
2862,484,494,650098,9597,1590305,5113600
2863,482,484,649616,9595,1590789,4850800
2864,471,505,649145,9561,1591294,5212500
2865,462,451,648683,9572,1591745,5391200
2866,501,469,648182,9604,1592214,5990300
2867,415,462,647767,9557,1592676,5377000
2868,437,487,647330,9507,1593163,5154900
2869,466,495,646864,9478,1593658,4990200
2870,493,479,646371,9492,1594137,4940400
2871,467,466,645904,9493,1594603,5119800
2872,458,496,645446,9455,1595099,5215400
2873,439,474,645007,9420,1595573,5437800
2874,483,440,644524,9463,1596013,5124200
2875,465,440,644059,9488,1596453,4899800
2876,444,450,643615,9482,1596903,5261700
2877,484,476,643131,9490,1597379,5370900
2878,484,481,642647,9493,1597860,5215500
2879,437,468,642210,9462,1598328,5268900
2880,476,482,641734,9456,1598810,5048000
2881,478,419,641256,9515,1599229,5417300
2882,479,477,640777,9517,1599706,5346400
2883,468,483,640309,9502,1600189,4977900
2884,440,473,639869,9469,1600662,5402600
2885,460,471,639409,9458,1601133,5900100
2886,433,486,638976,9405,1601619,5396300
2887,433,488,638543,9350,1602107,5293500
2888,469,443,638074,9376,1602550,5385500
2889,477,468,637597,9385,1603018,5390700
2890,474,432,637123,9427,1603450,5604000
2891,394,437,636729,9384,1603887,5553000
2892,436,476,636293,9344,1604363,5164200
2893,424,455,635869,9313,1604818,4910700
2894,440,451,635429,9302,1605269,4732000
2895,443,450,634986,9295,1605719,5073500
2896,442,460,634544,9277,1606179,4980200
2897,436,505,634108,9208,1606684,4685800
2898,420,447,633688,9181,1607131,4852100
2899,438,432,633250,9187,1607563,4863600
2900,442,436,632808,9193,1607999,4690000
2901,452,451,632356,9194,1608450,4816800
2902,412,469,631944,9137,1608919,4917300
2903,434,460,631510,9111,1609379,4479400
2904,440,472,631070,9079,1609851,4533200
2905,440,447,630630,9072,1610298,4686000
2906,446,453,630184,9065,1610751,4870600
2907,482,419,629702,9128,1611170,4675900
2908,459,472,629243,9115,1611642,4627800
2909,417,455,628826,9077,1612097,4772000
2910,415,457,628411,9035,1612554,4607100
2911,395,424,628016,9006,1612978,4913900
2912,473,486,627543,8993,1613464,5047800
2913,432,465,627111,8960,1613929,5031000
2914,442,479,626669,8923,1614408,4769700
2915,440,455,626229,8908,1614863,4707700
2916,449,443,625780,8914,1615306,4654300
2917,458,426,625322,8946,1615732,5001500
2918,429,448,624893,8927,1616180,4960800
2919,442,458,624451,8911,1616638,4762900
2920,442,453,624009,8900,1617091,4981700
2921,444,417,623565,8927,1617508,5040300
2922,442,462,623123,8907,1617970,5170400
2923,435,443,622688,8899,1618413,5232500
2924,426,424,622262,8901,1618837,4857300
2925,445,442,621817,8904,1619279,4883100
2926,466,407,621351,8963,1619686,5183900
2927,428,422,620923,8969,1620108,5409000
2928,463,444,620460,8988,1620552,5049800
2929,456,426,620004,9018,1620978,5053600
2930,465,438,619539,9045,1621416,5106200
2931,458,460,619081,9043,1621876,5242700
2932,481,431,618600,9093,1622307,5189200
2933,467,431,618133,9129,1622738,5063000
2934,456,472,617677,9113,1623210,5078900
2935,482,474,617195,9121,1623684,4737000
2936,447,461,616748,9107,1624145,4709900
2937,433,477,616315,9063,1624622,5090700
2938,487,461,615828,9089,1625083,4671600
2939,450,424,615378,9115,1625507,5142600
2940,455,471,614923,9099,1625978,4857900
2941,476,474,614447,9101,1626452,4840200
2942,460,452,613987,9109,1626904,5197900
2943,451,415,613536,9145,1627319,5165000
2944,446,421,613090,9170,1627740,5059100
2945,451,489,612639,9132,1628229,5172600
2946,464,450,612175,9146,1628679,5352200
2947,495,501,611680,9140,1629180,5206000
2948,455,452,611225,9143,1629632,4551100
2949,442,423,610783,9162,1630055,4466400
2950,469,440,610314,9191,1630495,4712700
2951,437,436,609877,9192,1630931,4853700
2952,412,469,609465,9135,1631400,4493600
2953,466,445,608999,9156,1631845,4604100
2954,430,469,608569,9117,1632314,5060200
2955,422,450,608147,9089,1632764,4684600
2956,472,482,607675,9079,1633246,4723500
2957,417,421,607258,9075,1633667,5066200
2958,423,473,606835,9025,1634140,5006700
2959,445,423,606390,9047,1634563,5056300
2960,432,497,605958,8982,1635060,5021500
2961,446,442,605512,8986,1635502,4930300
2962,432,464,605080,8954,1635966,5072900
2963,467,426,604613,8995,1636392,4702400
2964,436,470,604177,8961,1636862,4595800
2965,431,446,603746,8946,1637308,4631000
2966,459,475,603287,8930,1637783,4536900
2967,434,451,602853,8913,1638234,4882900
2968,474,431,602379,8956,1638665,4562800
2969,421,465,601958,8912,1639130,4411200
2970,437,421,601521,8928,1639551,4446100
2971,462,423,601059,8967,1639974,5641500
2972,446,447,600613,8966,1640421,4402300
2973,420,457,600193,8929,1640878,4478800
2974,422,463,599771,8888,1641341,4334500
2975,442,425,599329,8905,1641766,4489700
2976,438,444,598891,8899,1642210,4540600
2977,424,465,598467,8858,1642675,4415200
2978,440,489,598027,8809,1643164,5123500
2979,432,449,597595,8792,1643613,4882600
2980,449,412,597146,8829,1644025,4453300
2981,424,423,596722,8830,1644448,4434900
2982,423,415,596299,8838,1644863,4462100
2983,447,466,595852,8819,1645329,4454000
2984,438,434,595414,8823,1645763,4650200
2985,433,476,594981,8780,1646239,4588000
2986,426,447,594555,8759,1646686,4559900
2987,410,439,594145,8730,1647125,4625400
2988,422,444,593723,8708,1647569,4468000
2989,438,419,593285,8727,1647988,4764700
2990,440,448,592845,8719,1648436,4651300
2991,425,472,592420,8672,1648908,4676000
2992,434,406,591986,8700,1649314,4558500
2993,401,444,591585,8657,1649758,4420700
2994,434,442,591151,8649,1650200,4473200
2995,440,406,590711,8683,1650606,4613400
2996,428,424,590283,8687,1651030,4419300
2997,437,412,589846,8712,1651442,4513600
2998,462,425,589384,8749,1651867,4475500
2999,456,424,588928,8781,1652291,4503200
3000,427,412,588501,8796,1652703,4522800
3001,455,417,588046,8834,1653120,4614000
3002,448,421,587598,8861,1653541,5183000
3003,442,444,587156,8859,1653985,4776300
3004,440,440,586716,8859,1654425,4609000
3005,411,449,586305,8821,1654874,4434900
3006,449,436,585856,8834,1655310,4348700
3007,417,416,585439,8835,1655726,4380300
3008,460,403,584979,8892,1656129,4518000
3009,427,457,584552,8862,1656586,4746600
3010,425,457,584127,8830,1657043,4567300
3011,408,506,583719,8732,1657549,4422900
3012,422,428,583297,8726,1657977,4386800
3013,453,419,582844,8760,1658396,4913500
3014,379,429,582465,8710,1658825,4432200
3015,423,433,582042,8700,1659258,4464900
3016,410,423,581632,8687,1659681,4646300
3017,417,421,581215,8683,1660102,4637900
3018,412,451,580803,8644,1660553,4743400
3019,414,450,580389,8608,1661003,5612600
3020,443,394,579946,8657,1661397,4750300
3021,397,428,579549,8626,1661825,4651100
3022,449,449,579100,8626,1662274,4657900
3023,409,446,578691,8589,1662720,4463800
3024,423,422,578268,8590,1663142,4451900
3025,446,400,577822,8636,1663542,4381000
3026,433,396,577389,8673,1663938,4478300
3027,476,435,576913,8714,1664373,4547300
3028,434,409,576479,8739,1664782,4441600
3029,439,453,576040,8725,1665235,4540400
3030,419,406,575621,8738,1665641,5107400
3031,449,439,575172,8748,1666080,4760200
3032,439,448,574733,8739,1666528,4582100
3033,424,433,574309,8730,1666961,4888700
3034,444,429,573865,8745,1667390,4891900
3035,426,394,573439,8777,1667784,4830600
3036,451,447,572988,8781,1668231,4770200
3037,401,440,572587,8742,1668671,5059100
3038,432,444,572155,8730,1669115,5298400
3039,444,443,571711,8731,1669558,4612500
3040,396,435,571315,8692,1669993,4709900
3041,393,447,570922,8638,1670440,4806400
3042,432,421,570490,8649,1670861,4742600
3043,408,447,570082,8610,1671308,4675500
3044,412,466,569670,8556,1671774,5075300
3045,454,420,569216,8590,1672194,4663800
3046,470,438,568746,8622,1672632,5124900
3047,430,430,568316,8622,1673062,5032000
3048,451,409,567865,8664,1673471,5549200
3049,432,428,567433,8668,1673899,5226200
3050,448,453,566985,8663,1674352,5277200
3051,477,383,566508,8757,1674735,4893100
3052,439,420,566069,8776,1675155,4594800
3053,431,442,565638,8765,1675597,4474200
3054,444,456,565194,8753,1676053,4572700
3055,435,422,564759,8766,1676475,4941600
3056,466,428,564293,8804,1676903,4663000
3057,429,447,563864,8786,1677350,4832200
3058,445,425,563419,8806,1677775,4903200
3059,432,464,562987,8774,1678239,4777700
3060,441,427,562546,8788,1678666,4526600
3061,413,420,562133,8781,1679086,4958200
3062,447,440,561686,8788,1679526,4799300
3063,435,429,561251,8794,1679955,4681600
3064,436,450,560815,8780,1680405,4573900
3065,410,481,560405,8709,1680886,4427800
3066,396,407,560009,8698,1681293,4547600
3067,426,454,559583,8670,1681747,4392800
3068,434,421,559149,8683,1682168,4455100
3069,419,432,558730,8670,1682600,4474700
3070,447,452,558283,8665,1683052,4327100
3071,414,436,557869,8643,1683488,4430100
3072,387,447,557482,8583,1683935,4441800
3073,411,434,557071,8560,1684369,4448000
3074,432,438,556639,8554,1684807,4995000
3075,413,411,556226,8556,1685218,4666300
3076,429,444,555797,8541,1685662,4666500
3077,387,414,555410,8514,1686076,4773600
3078,388,442,555022,8460,1686518,4369600
3079,417,406,554605,8471,1686924,4560500
3080,376,396,554229,8451,1687320,4583700
3081,406,420,553823,8437,1687740,4581400
3082,394,424,553429,8407,1688164,4845200
3083,401,428,553028,8380,1688592,4515900
3084,396,422,552632,8354,1689014,4512500
3085,418,441,552214,8331,1689455,4520200
3086,396,410,551818,8317,1689865,4617500
3087,443,411,551375,8349,1690276,4457900
3088,439,405,550936,8383,1690681,4507500
3089,415,405,550521,8393,1691086,4621400
3090,433,392,550088,8434,1691478,5113000
3091,409,452,549679,8391,1691930,5165500
3092,435,431,549244,8395,1692361,4949800
3093,425,439,548819,8381,1692800,4504100
3094,407,438,548412,8350,1693238,4774800
3095,412,416,548000,8346,1693654,4476600
3096,432,460,547568,8318,1694114,4881200
3097,389,428,547179,8279,1694542,4707200
3098,390,409,546789,8260,1694951,4710700
3099,416,416,546373,8260,1695367,4690100
3100,418,406,545955,8272,1695773,4812500
3101,413,430,545542,8255,1696203,4657000
3102,402,403,545140,8254,1696606,5101700
3103,390,405,544750,8239,1697011,4762000
3104,369,423,544381,8185,1697434,4611900
3105,383,399,543998,8169,1697833,4704100
3106,429,388,543569,8210,1698221,4777700
3107,404,386,543165,8228,1698607,4828200
3108,416,391,542749,8253,1698998,4950300
3109,396,435,542353,8214,1699433,4581900
3110,415,373,541938,8256,1699806,4498300
3111,384,401,541554,8239,1700207,4880900
3112,424,366,541130,8297,1700573,5018500
3113,395,423,540735,8269,1700996,4824000
3114,411,428,540324,8252,1701424,4564300
3115,425,461,539899,8216,1701885,4811400
3116,397,415,539502,8198,1702300,4600300
3117,432,439,539070,8191,1702739,4800900
3118,428,415,538642,8204,1703154,4914200
3119,450,399,538192,8255,1703553,4714500
3120,417,421,537775,8251,1703974,4648200
3121,412,383,537363,8280,1704357,4898800
3122,427,413,536936,8294,1704770,4792700
3123,416,451,536520,8259,1705221,4636100
3124,444,407,536076,8296,1705628,4695100
3125,460,434,535616,8322,1706062,4904500
3126,393,418,535223,8297,1706480,4955800
3127,415,403,534808,8309,1706883,4766000
3128,398,432,534410,8275,1707315,4953100
3129,402,398,534008,8279,1707713,5085300
3130,415,404,533593,8290,1708117,4746200
3131,435,439,533158,8286,1708556,4937100
3132,415,387,532743,8314,1708943,5109500
3133,432,441,532311,8305,1709384,4863400
3134,449,414,531862,8340,1709798,4893700
3135,409,442,531453,8307,1710240,4731300
3136,424,408,531029,8323,1710648,4743700
3137,413,421,530616,8315,1711069,5136800
3138,423,425,530193,8313,1711494,4816900
3139,401,418,529792,8296,1711912,4652800
3140,377,410,529415,8263,1712322,5188200
3141,409,418,529006,8254,1712740,4976200
3142,414,385,528592,8283,1713125,4852400
3143,414,399,528178,8298,1713524,4744900
3144,394,454,527784,8238,1713978,4786600
3145,426,416,527358,8248,1714394,5052400
3146,426,399,526932,8275,1714793,4617800
3147,423,440,526509,8258,1715233,4816200
3148,435,417,526074,8276,1715650,4693300
3149,413,368,525661,8321,1716018,4622300
3150,420,415,525241,8326,1716433,4674700
3151,399,417,524842,8308,1716850,5006000
3152,405,410,524437,8303,1717260,4802100
3153,418,402,524019,8319,1717662,4947000
3154,430,433,523589,8316,1718095,4982600
3155,402,409,523187,8309,1718504,5038600
3156,393,420,522794,8282,1718924,4894400
3157,416,417,522378,8281,1719341,4901500
3158,401,416,521977,8266,1719757,4757900
3159,417,413,521560,8270,1720170,4898800
3160,398,425,521162,8243,1720595,4770800
3161,424,423,520738,8244,1721018,4804500
3162,428,400,520310,8272,1721418,4740000
3163,399,396,519911,8275,1721814,4817200
3164,390,442,519521,8223,1722256,4760800
3165,453,429,519068,8247,1722685,4672500
3166,414,428,518654,8233,1723113,4613500
3167,440,436,518214,8237,1723549,4690700
3168,431,407,517783,8261,1723956,4490500
3169,419,387,517364,8293,1724343,4632300
3170,429,399,516935,8323,1724742,4841400
3171,417,417,516518,8323,1725159,5079700
3172,408,424,516110,8307,1725583,4845500
3173,451,419,515659,8339,1726002,4777100
3174,417,441,515242,8315,1726443,4809900
3175,432,384,514810,8363,1726827,4414000
3176,441,404,514369,8400,1727231,4540300
3177,421,389,513948,8432,1727620,4707600
3178,400,421,513548,8411,1728041,4616400
3179,429,452,513119,8388,1728493,4602900
3180,391,421,512728,8358,1728914,4643400
3181,390,434,512338,8314,1729348,4659400
3182,403,405,511935,8312,1729753,4715300
3183,390,437,511545,8265,1730190,4496000
3184,404,423,511141,8246,1730613,4426500
3185,421,432,510720,8235,1731045,4392700
3186,400,395,510320,8240,1731440,4833100
3187,414,432,509906,8222,1731872,4893200
3188,408,423,509498,8207,1732295,4518300
3189,380,411,509118,8176,1732706,5218700
3190,388,419,508730,8145,1733125,4516500
3191,403,403,508327,8145,1733528,4469400
3192,372,415,507955,8102,1733943,4564500
3193,379,425,507576,8056,1734368,4668500
3194,401,436,507175,8021,1734804,4709700
3195,359,364,506816,8016,1735168,4541500
3196,400,410,506416,8006,1735578,4837400
3197,393,398,506023,8001,1735976,4542000
3198,399,403,505624,7997,1736379,4464500
3199,418,390,505206,8025,1736769,4497400
3200,371,399,504835,7997,1737168,5003700
3201,404,365,504431,8036,1737533,4529000
3202,394,413,504037,8017,1737946,4478500
3203,397,402,503640,8012,1738348,4645300
3204,423,404,503217,8031,1738752,4373200
3205,394,416,502823,8009,1739168,4367800
3206,364,392,502459,7981,1739560,4522100
3207,372,397,502087,7956,1739957,4501200
3208,398,406,501689,7948,1740363,4423300
3209,359,412,501330,7895,1740775,4602900
3210,383,391,500947,7887,1741166,4635800
3211,390,381,500557,7896,1741547,4556100
3212,416,405,500141,7907,1741952,4592900
3213,401,426,499740,7882,1742378,4611100
3214,417,413,499323,7886,1742791,4697600
3215,407,387,498916,7906,1743178,4535600
3216,402,432,498514,7876,1743610,5230700
3217,382,375,498132,7883,1743985,4772000
3218,397,401,497735,7879,1744386,4699800
3219,418,406,497317,7891,1744792,4462300
3220,426,378,496891,7939,1745170,4640000
3221,379,406,496512,7912,1745576,4512500
3222,426,399,496086,7939,1745975,4471700
3223,406,398,495680,7947,1746373,4861300
3224,400,426,495280,7921,1746799,4501100
3225,392,385,494888,7928,1747184,4400600
3226,400,380,494488,7948,1747564,4699700
3227,389,396,494099,7941,1747960,4521600
3228,403,408,493696,7936,1748368,4749100
3229,391,374,493305,7953,1748742,4767400
3230,417,398,492888,7972,1749140,4792300
3231,381,413,492507,7940,1749553,4692000
3232,414,426,492093,7928,1749979,4635600
3233,399,403,491694,7924,1750382,4787400
3234,405,406,491289,7923,1750788,5014300
3235,441,408,490848,7956,1751196,5008000
3236,401,430,490447,7927,1751626,4720200
3237,382,393,490065,7916,1752019,4887200
3238,382,396,489683,7902,1752415,5034600
3239,373,414,489310,7861,1752829,5120100
3240,372,382,488938,7851,1753211,4852100
3241,383,374,488555,7860,1753585,4682700
3242,408,369,488147,7899,1753954,4775700
3243,357,366,487790,7890,1754320,4756800
3244,408,398,487382,7900,1754718,4672500
3245,380,399,487002,7881,1755117,4687700
3246,379,400,486623,7860,1755517,4762500
3247,348,369,486275,7839,1755886,4711500
3248,386,385,485889,7840,1756271,4660400
3249,397,364,485492,7873,1756635,4837200
3250,415,407,485077,7881,1757042,4783700
3251,367,421,484710,7827,1757463,4637000
3252,373,398,484337,7802,1757861,4994400
3253,367,368,483970,7801,1758229,5182500
3254,404,378,483566,7827,1758607,4980000
3255,379,380,483187,7826,1758987,4872000
3256,400,344,482787,7882,1759331,5606600
3257,372,372,482415,7882,1759703,5148400
3258,424,398,481991,7908,1760101,5215400
3259,385,391,481606,7902,1760492,5097500
3260,405,406,481201,7901,1760898,4907200
3261,377,393,480824,7885,1761291,5386500
3262,371,386,480453,7870,1761677,4921500
3263,365,409,480088,7826,1762086,4842900
3264,353,380,479735,7799,1762466,4641700
3265,346,376,479389,7769,1762842,4895200
3266,363,390,479026,7742,1763232,4806900
3267,362,417,478664,7687,1763649,4800100
3268,368,378,478296,7677,1764027,4816900
3269,352,400,477944,7629,1764427,4937500
3270,380,388,477564,7621,1764815,4830000
3271,369,381,477195,7609,1765196,5139500
3272,366,366,476829,7609,1765562,4869200
3273,361,372,476468,7598,1765934,4807600
3274,388,349,476080,7637,1766283,5347600
3275,373,359,475707,7651,1766642,5759400
3276,389,351,475318,7689,1766993,5316600
3277,385,384,474933,7690,1767377,5093700
3278,411,364,474522,7737,1767741,4798300
3279,384,386,474138,7735,1768127,4725800
3280,361,383,473777,7713,1768510,5165600
3281,383,374,473394,7722,1768884,4821100
3282,384,375,473010,7731,1769259,4748700
3283,349,372,472661,7708,1769631,4988800
3284,360,366,472301,7702,1769997,5044800
3285,375,403,471926,7674,1770400,4913300
3286,344,393,471582,7625,1770793,5095900
3287,357,383,471225,7599,1771176,4892500
3288,391,389,470834,7601,1771565,4719300
3289,352,388,470482,7565,1771953,4569700
3290,346,345,470136,7566,1772298,4684400
3291,354,410,469782,7510,1772708,4912500
3292,368,360,469414,7518,1773068,4527900
3293,366,401,469048,7483,1773469,4711800
3294,380,384,468668,7479,1773853,4630400
3295,371,372,468297,7478,1774225,4554000
3296,363,389,467934,7452,1774614,4801300
3297,341,355,467593,7438,1774969,4850300
3298,386,367,467207,7457,1775336,4774500
3299,368,362,466839,7463,1775698,4669800
3300,350,386,466489,7427,1776084,4763200
3301,337,377,466152,7387,1776461,4663700
3302,358,395,465794,7350,1776856,4571400
3303,350,334,465444,7366,1777190,4803600
3304,321,365,465123,7322,1777555,4759600
3305,353,388,464770,7287,1777943,4592900
3306,337,375,464433,7249,1778318,4691900
3307,331,358,464102,7222,1778676,5179500
3308,322,352,463780,7192,1779028,4842200
3309,373,371,463407,7194,1779399,4727200
3310,357,387,463050,7164,1779786,4752800
3311,342,373,462708,7133,1780159,4988700
3312,321,365,462387,7089,1780524,5007700
3313,342,341,462045,7090,1780865,5225500
3314,332,347,461713,7075,1781212,4759800
3315,334,351,461379,7058,1781563,4662700
3316,392,363,460987,7087,1781926,4623000
3317,335,392,460652,7030,1782318,4502500
3318,352,331,460300,7051,1782649,4413100
3319,384,364,459916,7071,1783013,4414100
3320,363,385,459553,7049,1783398,4695300
3321,387,398,459166,7038,1783796,4774400
3322,377,345,458789,7070,1784141,4813900
3323,336,336,458453,7070,1784477,4889900
3324,321,357,458132,7034,1784834,4632800
3325,343,351,457789,7026,1785185,4791500
3326,346,370,457443,7002,1785555,4867500
3327,380,336,457063,7046,1785891,4991300
3328,332,370,456731,7008,1786261,4811800
3329,323,345,456408,6986,1786606,4874600
3330,359,373,456049,6972,1786979,4812900
3331,372,301,455677,7043,1787280,4672000
3332,342,377,455335,7008,1787657,4776600
3333,362,355,454973,7015,1788012,4652800
3334,331,354,454642,6992,1788366,4722200
3335,378,336,454264,7034,1788702,4657100
3336,363,366,453901,7031,1789068,4795600
3337,359,339,453542,7051,1789407,4666100
3338,361,362,453181,7050,1789769,4558200
3339,348,327,452833,7071,1790096,5052100
3340,338,324,452495,7085,1790420,4901800
3341,348,348,452147,7085,1790768,4802000
3342,381,389,451766,7077,1791157,4906000
3343,350,343,451416,7084,1791500,4757600
3344,329,382,451087,7031,1791882,4700200
3345,312,347,450775,6996,1792229,4973600
3346,349,304,450426,7041,1792533,4799900
3347,383,385,450043,7039,1792918,4960100
3348,334,357,449709,7016,1793275,4896900
3349,349,360,449360,7005,1793635,4893600
3350,329,320,449031,7014,1793955,4744800
3351,338,377,448693,6975,1794332,5374900
3352,331,406,448362,6900,1794738,5264300
3353,342,350,448020,6892,1795088,5256100
3354,339,338,447681,6893,1795426,5029600
3355,320,336,447361,6877,1795762,5237900
3356,348,329,447013,6896,1796091,5228600
3357,346,349,446667,6893,1796440,5109500
3358,313,359,446354,6847,1796799,5084200
3359,340,376,446014,6811,1797175,5009800
3360,309,343,445705,6777,1797518,4728900
3361,354,322,445351,6809,1797840,4794700
3362,351,344,445000,6816,1798184,5068600
3363,353,352,444647,6817,1798536,5047700
3364,310,328,444337,6799,1798864,5207700
3365,313,331,444024,6781,1799195,5008600
3366,346,352,443678,6775,1799547,5060500
3367,343,318,443335,6800,1799865,5404400
3368,350,306,442985,6844,1800171,5203900
3369,372,344,442613,6872,1800515,5001900
3370,346,336,442267,6882,1800851,4657600
3371,333,384,441934,6831,1801235,5079200
3372,342,320,441592,6853,1801555,4815300
3373,354,367,441238,6840,1801922,4837500
3374,356,330,440882,6866,1802252,5288800
3375,332,346,440550,6852,1802598,5224300
3376,358,370,440192,6840,1802968,5111300
3377,349,336,439843,6853,1803304,5092800
3378,355,344,439488,6864,1803648,5247300
3379,356,345,439132,6875,1803993,5250600
3380,381,337,438751,6919,1804330,5243000
3381,363,322,438388,6960,1804652,5167800
3382,337,350,438051,6947,1805002,5312200
3383,329,370,437722,6906,1805372,5131700
3384,326,351,437396,6881,1805723,5110400
3385,357,355,437039,6883,1806078,5223000
3386,315,342,436724,6856,1806420,5368200
3387,358,366,436366,6848,1806786,5236800
3388,324,371,436042,6801,1807157,5336100
3389,343,361,435699,6783,1807518,5470800
3390,374,344,435325,6813,1807862,5192600
3391,354,367,434971,6800,1808229,5210600
3392,355,364,434616,6791,1808593,5211600
3393,332,341,434284,6782,1808934,4925500
3394,342,338,433942,6786,1809272,5395700
3395,334,337,433608,6783,1809609,5214900
3396,340,329,433268,6794,1809938,4796500
3397,332,357,432936,6769,1810295,5260900
3398,380,369,432556,6780,1810664,4989300
3399,359,324,432197,6815,1810988,5141300
3400,329,308,431868,6836,1811296,4881600
3401,372,338,431496,6870,1811634,5072700
3402,351,357,431145,6864,1811991,5447300
3403,330,349,430815,6845,1812340,5229100
3404,353,348,430462,6850,1812688,5558900
3405,317,316,430145,6851,1813004,5379600
3406,340,355,429805,6836,1813359,5381100
3407,346,327,429459,6855,1813686,5098700
3408,362,360,429097,6857,1814046,5165100
3409,329,361,428768,6825,1814407,5375300
3410,322,352,428446,6795,1814759,5172600
3411,329,326,428117,6798,1815085,5052000
3412,359,332,427758,6825,1815417,5311000
3413,359,338,427399,6846,1815755,5292700
3414,318,333,427081,6831,1816088,5356500
3415,368,344,426713,6855,1816432,5595300
3416,362,328,426351,6889,1816760,5166000
3417,363,341,425988,6911,1817101,5421600
3418,338,361,425650,6888,1817462,5181500
3419,347,343,425303,6892,1817805,5082000
3420,307,326,424996,6873,1818131,5198400
3421,342,304,424654,6911,1818435,5195700
3422,372,364,424282,6919,1818799,5370300
3423,349,346,423933,6922,1819145,5167100
3424,336,343,423597,6915,1819488,5239900
3425,357,376,423240,6896,1819864,5355400
3426,324,335,422916,6885,1820199,4930500
3427,335,321,422581,6899,1820520,5069200
3428,345,368,422236,6876,1820888,4827500
3429,310,364,421926,6822,1821252,5037000
3430,349,344,421577,6827,1821596,4824100
3431,336,332,421241,6831,1821928,4918300
3432,349,361,420892,6819,1822289,5126400
3433,347,337,420545,6829,1822626,5304500
3434,384,327,420161,6886,1822953,5341800
3435,330,339,419831,6877,1823292,5399000
3436,346,312,419485,6911,1823604,5165200
3437,357,347,419128,6921,1823951,5018400
3438,363,347,418765,6937,1824298,5259400
3439,359,349,418406,6947,1824647,5566700
3440,357,336,418049,6968,1824983,5188800
3441,325,357,417724,6936,1825340,5148500
3442,334,366,417390,6904,1825706,4858400
3443,347,308,417043,6943,1826014,5855600
3444,321,314,416722,6950,1826328,4893300
3445,373,354,416349,6969,1826682,6216600
3446,362,366,415987,6965,1827048,5245800
3447,349,370,415638,6944,1827418,4749500
3448,351,330,415287,6965,1827748,5425400
3449,337,361,414950,6941,1828109,5445800
3450,339,385,414611,6895,1828494,5236600
3451,351,316,414260,6930,1828810,5400200
3452,358,349,413902,6939,1829159,5201600
3453,340,357,413562,6922,1829516,4971400
3454,346,363,413216,6905,1829879,5226100
3455,353,327,412863,6931,1830206,4861200
3456,317,382,412546,6866,1830588,4892900
3457,305,323,412241,6848,1830911,5238400
3458,330,374,411911,6804,1831285,5140600
3459,340,333,411571,6811,1831618,5107200
3460,305,362,411266,6754,1831980,5311800
3461,324,321,410942,6757,1832301,5322400
3462,313,325,410629,6745,1832626,5179000
3463,318,339,410311,6724,1832965,5245700
3464,324,311,409987,6737,1833276,5269500
3465,356,346,409631,6747,1833622,4814200
3466,322,321,409309,6748,1833943,4739900
3467,316,365,408993,6699,1834308,4511700
3468,325,342,408668,6682,1834650,4631200
3469,363,332,408305,6713,1834982,5361100
3470,340,347,407965,6706,1835329,5179900
3471,319,360,407646,6665,1835689,4741800
3472,321,313,407325,6673,1836002,4811400
3473,347,327,406978,6693,1836329,4840200
3474,347,367,406631,6673,1836696,4981700
3475,346,310,406285,6709,1837006,5271100
3476,331,342,405954,6698,1837348,5473700
3477,374,334,405580,6738,1837682,5268100
3478,318,363,405262,6693,1838045,4907100
3479,346,320,404916,6719,1838365,5469700
3480,352,334,404564,6737,1838699,5102100
3481,345,366,404219,6716,1839065,5162800
3482,351,328,403868,6739,1839393,5014600
3483,315,337,403553,6717,1839730,5303200
3484,324,367,403229,6674,1840097,4936600
3485,353,340,402876,6687,1840437,4972600
3486,354,326,402522,6715,1840763,4880400
3487,312,353,402210,6674,1841116,4919800
3488,337,361,401873,6650,1841477,4970400
3489,318,304,401555,6664,1841781,5180500
3490,330,326,401225,6668,1842107,4517900
3491,344,358,400881,6654,1842465,4402400
3492,315,326,400566,6643,1842791,4757100
3493,303,322,400263,6624,1843113,5321600
3494,336,320,399927,6640,1843433,5125400
3495,328,335,399599,6633,1843768,5304300
3496,351,317,399248,6667,1844085,4776100
3497,326,340,398922,6653,1844425,4897400
3498,339,315,398583,6677,1844740,4497100
3499,342,338,398241,6681,1845078,4355000
3500,345,340,397896,6686,1845418,4242200
3501,363,339,397533,6710,1845757,4366400
3502,346,304,397187,6752,1846061,4857800
3503,344,362,396843,6734,1846423,4334600
3504,324,344,396519,6714,1846767,4793200
3505,352,301,396167,6765,1847068,4776400
3506,319,362,395848,6722,1847430,4577600
3507,362,330,395486,6754,1847760,4552800
3508,356,360,395130,6750,1848120,4636100
3509,325,333,394805,6742,1848453,4742600
3510,359,324,394446,6777,1848777,4905800
3511,340,319,394106,6798,1849096,5014900
3512,350,374,393756,6774,1849470,4709700
3513,348,317,393408,6805,1849787,4365300
3514,333,340,393075,6798,1850127,4468800
3515,340,352,392735,6786,1850479,4549800
3516,337,313,392398,6810,1850792,4312000
3517,328,329,392070,6809,1851121,4390700
3518,334,335,391736,6808,1851456,4518800
3519,327,350,391409,6785,1851806,4564700
3520,356,371,391053,6770,1852177,4341200
3521,387,330,390666,6827,1852507,4572100
3522,348,339,390318,6836,1852846,4398500
3523,362,356,389956,6842,1853202,4430900
3524,356,327,389600,6871,1853529,5465100
3525,342,329,389258,6884,1853858,4743500
3526,311,352,388947,6843,1854210,4462200
3527,303,330,388644,6816,1854540,4444200
3528,315,312,388329,6819,1854852,4446100
3529,324,319,388005,6824,1855171,4394200
3530,299,342,387706,6781,1855513,4351600
3531,328,330,387378,6779,1855843,5003100
3532,303,353,387075,6729,1856196,4482100
3533,315,356,386760,6688,1856552,4458300
3534,343,334,386417,6697,1856886,4988200
3535,335,370,386082,6662,1857256,4728800
3536,305,327,385777,6640,1857583,4621000
3537,333,327,385444,6646,1857910,4481300
3538,313,319,385131,6640,1858229,4748400
3539,317,335,384814,6622,1858564,4585900
3540,334,337,384480,6619,1858901,4662300
3541,300,313,384180,6606,1859214,4559700
3542,321,309,383859,6618,1859523,4621400
3543,313,340,383546,6591,1859863,4532900
3544,297,329,383249,6559,1860192,4949600
3545,297,315,382952,6541,1860507,5435200
3546,294,330,382658,6505,1860837,5115100
3547,321,315,382337,6511,1861152,5106700
3548,314,317,382023,6508,1861469,4925600
3549,321,334,381702,6495,1861803,4903500
3550,299,326,381403,6468,1862129,4444300
3551,302,324,381101,6446,1862453,4718700
3552,327,328,380774,6445,1862781,4429900
3553,312,306,380462,6451,1863087,4562100
3554,334,302,380128,6483,1863389,4618500
3555,317,332,379811,6468,1863721,4966900
3556,298,337,379513,6429,1864058,4393100
3557,322,282,379191,6469,1864340,5035000
3558,316,321,378875,6464,1864661,5168600
3559,321,320,378554,6465,1864981,4406300
3560,338,334,378216,6469,1865315,4480500
3561,306,320,377910,6455,1865635,4691400
3562,303,338,377607,6420,1865973,4354500
3563,310,297,377297,6433,1866270,4337900
3564,301,313,376996,6421,1866583,5086300
3565,302,341,376694,6382,1866924,4439800
3566,355,311,376339,6426,1867235,4921900
3567,318,313,376021,6431,1867548,4619600
3568,317,308,375704,6440,1867856,4550400
3569,313,321,375391,6432,1868177,4915400
3570,279,288,375112,6423,1868465,4629700
3571,335,327,374777,6431,1868792,4578000
3572,343,317,374434,6457,1869109,4603500
3573,325,329,374109,6453,1869438,4604500
3574,296,329,373813,6420,1869767,4347500
3575,314,309,373499,6425,1870076,4329000
3576,301,288,373198,6438,1870364,4284100
3577,312,366,372886,6384,1870730,4916100
3578,308,329,372578,6363,1871059,4499300
3579,325,337,372253,6351,1871396,4316400
3580,282,306,371971,6327,1871702,4581000
3581,316,323,371655,6320,1872025,4807800
3582,326,315,371329,6331,1872340,4678200
3583,312,297,371017,6346,1872637,4664700
3584,294,314,370723,6326,1872951,4526400
3585,281,342,370442,6265,1873293,4370200
3586,317,309,370125,6273,1873602,4486300
3587,275,293,369850,6255,1873895,4844700
3588,271,322,369579,6204,1874217,4426300
3589,316,317,369263,6203,1874534,4358300
3590,309,297,368954,6215,1874831,4344700
3591,296,297,368658,6214,1875128,4523500
3592,317,288,368341,6243,1875416,4542600
3593,286,334,368055,6195,1875750,4511600
3594,276,317,367779,6154,1876067,4577400
3595,320,296,367459,6178,1876363,4693600
3596,302,295,367157,6185,1876658,4783700
3597,325,333,366832,6177,1876991,5143700
3598,302,290,366530,6189,1877281,4787200
3599,327,302,366203,6214,1877583,4457400
3600,320,299,365883,6235,1877882,4954100
3601,334,326,365549,6243,1878208,4750700
3602,327,306,365222,6264,1878514,4937100
3603,307,284,364915,6287,1878798,4873700
3604,327,309,364588,6305,1879107,4362800
3605,322,310,364266,6317,1879417,4368600
3606,266,289,364000,6294,1879706,4417500
3607,276,300,363724,6270,1880006,4614800
3608,311,320,363413,6261,1880326,4509000
3609,289,292,363124,6258,1880618,4544500
3610,290,320,362834,6228,1880938,4529300
3611,282,334,362552,6176,1881272,4761600
3612,266,318,362286,6124,1881590,4697700
3613,284,326,362002,6082,1881916,4755500
3614,300,300,361702,6082,1882216,4726000
3615,294,286,361408,6090,1882502,4373200
3616,290,303,361118,6077,1882805,4358500
3617,286,294,360832,6069,1883099,4492400
3618,307,312,360525,6064,1883411,4667600
3619,268,321,360257,6011,1883732,4649500
3620,281,318,359976,5974,1884050,5027300
3621,296,287,359680,5983,1884337,4521800
3622,306,345,359374,5944,1884682,4923300
3623,277,295,359097,5926,1884977,4780300
3624,258,300,358839,5884,1885277,4835700
3625,285,290,358554,5879,1885567,4563200
3626,274,304,358280,5849,1885871,4403500
3627,275,271,358005,5853,1886142,4945200
3628,256,276,357749,5833,1886418,4587600
3629,293,304,357456,5822,1886722,4600600
3630,252,270,357204,5804,1886992,4454500
3631,293,292,356911,5805,1887284,4415100
3632,285,299,356626,5791,1887583,4292700
3633,298,291,356328,5798,1887874,4298700
3634,274,274,356054,5798,1888148,4480300
3635,295,294,355759,5799,1888442,4501300
3636,314,299,355445,5814,1888741,4356600
3637,292,326,355153,5780,1889067,4935700
3638,295,290,354858,5785,1889357,4791000
3639,293,280,354565,5798,1889637,4781800
3640,335,286,354230,5847,1889923,4707000
3641,285,279,353945,5853,1890202,4847300
3642,297,304,353648,5846,1890506,4794800
3643,295,310,353353,5831,1890816,4650200
3644,323,275,353030,5879,1891091,4655100
3645,266,287,352764,5858,1891378,4747400
3646,297,297,352467,5858,1891675,4592000
3647,303,298,352164,5863,1891973,4630400
3648,335,289,351829,5909,1892262,4586800
3649,293,276,351536,5926,1892538,4619200
3650,317,264,351219,5979,1892802,4569300
3651,301,325,350918,5955,1893127,4740000
3652,283,298,350635,5940,1893425,4709400
3653,278,300,350357,5918,1893725,4662400
3654,272,310,350085,5880,1894035,5197400
3655,263,290,349822,5853,1894325,4674100
3656,275,284,349547,5844,1894609,4524800
3657,264,277,349283,5831,1894886,4455500
3658,276,270,349007,5837,1895156,4524400
3659,279,289,348728,5827,1895445,4514100
3660,293,263,348435,5857,1895708,4478500
3661,306,321,348129,5842,1896029,4820000
3662,298,257,347831,5883,1896286,5103000
3663,300,289,347531,5894,1896575,5681800
3664,280,300,347251,5874,1896875,4719700
3665,237,296,347014,5815,1897171,5009600
3666,281,272,346733,5824,1897443,4428600
3667,274,284,346459,5814,1897727,5021900
3668,268,303,346191,5779,1898030,4517200
3669,290,278,345901,5791,1898308,4589800
3670,305,268,345596,5828,1898576,4560600
3671,280,277,345316,5831,1898853,4847500
3672,291,301,345025,5821,1899154,4657700
3673,295,286,344730,5830,1899440,4926900
3674,284,301,344446,5813,1899741,4934300
3675,298,288,344148,5823,1900029,4541100
3676,277,304,343871,5796,1900333,4579500
3677,276,299,343595,5773,1900632,4630500
3678,290,319,343305,5744,1900951,5002000
3679,278,307,343027,5715,1901258,4426500
3680,273,309,342754,5679,1901567,4534800
3681,282,280,342472,5681,1901847,4601200
3682,272,275,342200,5678,1902122,4552400
3683,269,303,341931,5644,1902425,4549600
3684,272,290,341659,5626,1902715,4780600
3685,278,303,341381,5601,1903018,4589000
3686,283,277,341098,5607,1903295,4879600
3687,268,280,340830,5595,1903575,4695100
3688,272,269,340558,5598,1903844,4376600
3689,296,269,340262,5625,1904113,4729700
3690,250,276,340012,5599,1904389,4728700
3691,302,295,339710,5606,1904684,4455300
3692,292,302,339418,5596,1904986,4891800
3693,282,269,339136,5609,1905255,4304200
3694,271,287,338865,5593,1905542,4762200
3695,303,254,338562,5642,1905796,4903800
3696,288,288,338274,5642,1906084,4537300
3697,292,260,337982,5674,1906344,4981900
3698,284,315,337698,5643,1906659,4383900
3699,277,256,337421,5664,1906915,4646000
3700,311,256,337110,5719,1907171,4258800
3701,312,292,336798,5739,1907463,4541300
3702,269,277,336529,5731,1907740,4585900
3703,275,285,336254,5721,1908025,4634800
3704,320,269,335934,5772,1908294,4794000
3705,293,297,335641,5768,1908591,4385300
3706,277,286,335364,5759,1908877,4396700
3707,274,301,335090,5732,1909178,4448700
3708,287,306,334803,5713,1909484,4626900
3709,288,275,334515,5726,1909759,4491200
3710,274,270,334241,5730,1910029,4500000
3711,306,285,333935,5751,1910314,4563200
3712,297,290,333638,5758,1910604,4456400
3713,275,275,333363,5758,1910879,4508900
3714,254,304,333109,5708,1911183,4462200
3715,294,301,332815,5701,1911484,4533100
3716,263,295,332552,5669,1911779,4412200
3717,286,252,332266,5703,1912031,4440000
3718,286,253,331980,5736,1912284,4411800
3719,285,309,331695,5712,1912593,4700700
3720,265,274,331430,5703,1912867,4808100
3721,251,309,331179,5645,1913176,4644300
3722,307,295,330872,5657,1913471,4928400
3723,283,274,330589,5666,1913745,4481200
3724,265,304,330324,5627,1914049,4804600
3725,254,266,330070,5615,1914315,4853800
3726,289,275,329781,5629,1914590,4624600
3727,268,269,329513,5628,1914859,4530700
3728,278,261,329235,5645,1915120,4740300
3729,252,284,328983,5613,1915404,4921900
3730,250,278,328733,5585,1915682,4834000
3731,290,266,328443,5609,1915948,4631000
3732,260,300,328183,5569,1916248,4469800
3733,273,295,327910,5547,1916543,4321900
3734,265,286,327645,5526,1916829,4396700
3735,278,290,327367,5514,1917119,4524300
3736,297,281,327070,5530,1917400,4455900
3737,277,271,326793,5536,1917671,4465900
3738,295,272,326498,5559,1917943,4603600
3739,258,274,326240,5543,1918217,5121400
3740,268,292,325972,5519,1918509,4454300
3741,276,299,325696,5496,1918808,4674000
3742,273,277,325423,5492,1919085,4457200
3743,276,254,325147,5514,1919339,4628200
3744,277,266,324870,5525,1919605,4846500
3745,260,298,324610,5487,1919903,4831200
3746,294,334,324316,5447,1920237,4786100
3747,272,255,324044,5464,1920492,4583400
3748,278,255,323766,5487,1920747,4517700
3749,311,290,323455,5508,1921037,4416500
3750,275,271,323180,5512,1921308,4411900
3751,278,273,322902,5517,1921581,4530000
3752,262,252,322640,5527,1921833,4501000
3753,288,290,322352,5525,1922123,4576300
3754,292,272,322060,5545,1922395,4825700
3755,268,289,321792,5524,1922684,4614100
3756,297,269,321495,5552,1922953,4499600
3757,284,282,321211,5554,1923235,4574100
3758,281,284,320930,5551,1923519,4550800
3759,297,313,320633,5535,1923832,4540100
3760,269,249,320364,5555,1924081,4436500
3761,268,279,320096,5544,1924360,4367000
3762,310,282,319786,5572,1924642,4688800
3763,284,299,319502,5557,1924941,4591900
3764,301,272,319201,5586,1925213,4557300
3765,286,307,318915,5565,1925520,4371800
3766,280,301,318635,5544,1925821,4654900
3767,275,238,318360,5581,1926059,4575900
3768,294,282,318066,5593,1926341,4636000
3769,302,266,317764,5629,1926607,4650600
3770,302,310,317462,5621,1926917,4578100
3771,278,278,317184,5621,1927195,4373200
3772,300,265,316884,5656,1927460,4642600
3773,290,313,316594,5633,1927773,4513400
3774,299,294,316295,5638,1928067,4634200
3775,291,297,316004,5632,1928364,4555700
3776,292,258,315712,5666,1928622,4574600
3777,288,286,315424,5668,1928908,4695000
3778,271,288,315153,5651,1929196,4854600
3779,276,249,314877,5678,1929445,4829500
3780,273,312,314604,5639,1929757,4694500
3781,293,284,314311,5648,1930041,4436500
3782,304,282,314007,5670,1930323,4743800
3783,276,265,313731,5681,1930588,4547000
3784,285,287,313446,5679,1930875,4275200
3785,262,269,313184,5672,1931144,4525400
3786,297,253,312887,5716,1931397,4321800
3787,273,258,312614,5731,1931655,4351100
3788,276,281,312338,5726,1931936,4285800
3789,271,290,312067,5707,1932226,4535300
3790,285,304,311782,5688,1932530,4523200
3791,277,304,311505,5661,1932834,5053000
3792,284,256,311221,5689,1933090,4784000
3793,285,279,310936,5695,1933369,4613500
3794,265,269,310671,5691,1933638,4620100
3795,273,280,310398,5684,1933918,4679900
3796,281,286,310117,5679,1934204,4782700
3797,276,262,309841,5693,1934466,4826900
3798,290,276,309551,5707,1934742,4552300
3799,274,303,309277,5678,1935045,4455900
3800,252,295,309025,5635,1935340,4481800
3801,261,272,308764,5624,1935612,4515200
3802,257,264,308507,5617,1935876,4752900
3803,266,286,308241,5597,1936162,4489400
3804,264,290,307977,5571,1936452,4488900
3805,292,295,307685,5568,1936747,4760700
3806,267,279,307418,5556,1937026,5171900
3807,262,268,307156,5550,1937294,5222900
3808,263,287,306893,5526,1937581,4452600
3809,250,280,306643,5496,1937861,4592600
3810,268,288,306375,5476,1938149,4774300
3811,263,296,306112,5443,1938445,4468400
3812,254,268,305858,5429,1938713,4421000
3813,273,257,305585,5445,1938970,4732100
3814,243,278,305342,5410,1939248,4485400
3815,249,237,305093,5422,1939485,4448700
3816,231,283,304862,5370,1939768,4369000
3817,238,246,304624,5362,1940014,4354900
3818,252,298,304372,5316,1940312,4365100
3819,243,253,304129,5306,1940565,4577800
3820,254,293,303875,5267,1940858,4745900
3821,265,240,303610,5292,1941098,4440100
3822,267,269,303343,5290,1941367,4460100
3823,265,272,303078,5283,1941639,4636500
3824,258,267,302820,5274,1941906,4926600
3825,265,262,302555,5277,1942168,4389900
3826,256,252,302299,5281,1942420,4767000
3827,227,259,302072,5249,1942679,4601400
3828,269,283,301803,5235,1942962,4356700
3829,254,243,301549,5246,1943205,4461300
3830,272,253,301277,5265,1943458,4480600
3831,272,271,301005,5266,1943729,4459600
3832,268,274,300737,5260,1944003,4674700
3833,257,238,300480,5279,1944241,4786700
3834,254,240,300226,5293,1944481,4644500
3835,264,289,299962,5268,1944770,4436700
3836,287,259,299675,5296,1945029,4385300
3837,253,271,299422,5278,1945300,4523100
3838,262,253,299160,5287,1945553,4894800
3839,280,261,298880,5306,1945814,4929800
3840,258,283,298622,5281,1946097,4826500
3841,271,257,298351,5295,1946354,4515100
3842,258,264,298093,5289,1946618,4489200
3843,246,279,297847,5256,1946897,4813900
3844,258,256,297589,5258,1947153,4817200
3845,269,241,297320,5286,1947394,4719800
3846,259,243,297061,5302,1947637,4553900
3847,284,278,296777,5308,1947915,4519700
3848,260,285,296517,5283,1948200,4581800
3849,271,277,296246,5277,1948477,4316300
3850,252,297,295994,5232,1948774,4831700
3851,276,235,295718,5273,1949009,4729900
3852,259,267,295459,5265,1949276,4620300
3853,279,315,295180,5229,1949591,4851100
3854,249,241,294931,5237,1949832,5000600
3855,306,264,294625,5279,1950096,4704200
3856,279,283,294346,5275,1950379,4567300
3857,276,260,294070,5291,1950639,4488800
3858,266,283,293804,5274,1950922,4398700
3859,266,266,293538,5274,1951188,4448700
3860,249,256,293289,5267,1951444,4571000
3861,274,282,293015,5259,1951726,4566900
3862,276,271,292739,5264,1951997,4609900
3863,277,275,292462,5266,1952272,4957800
3864,274,303,292188,5237,1952575,4550000
3865,265,239,291923,5263,1952814,4558000
3866,264,273,291659,5254,1953087,4343500
3867,287,277,291372,5264,1953364,4531600
3868,261,249,291111,5276,1953613,4603800
3869,244,275,290867,5245,1953888,4516100
3870,278,263,290589,5260,1954151,4471100
3871,263,237,290326,5286,1954388,4422500
3872,254,268,290072,5272,1954656,4562600
3873,280,269,289792,5283,1954925,4300300
3874,271,250,289521,5304,1955175,4912300
3875,275,270,289246,5309,1955445,4478900
3876,257,260,288989,5306,1955705,4503500
3877,296,267,288693,5335,1955972,4377500
3878,265,269,288428,5331,1956241,4406500
3879,273,273,288155,5331,1956514,4340500
3880,288,263,287867,5356,1956777,4763800
3881,239,301,287628,5294,1957078,5474200
3882,287,263,287341,5318,1957341,5382100
3883,282,277,287059,5323,1957618,4624300
3884,261,275,286798,5309,1957893,4665700
3885,247,249,286551,5307,1958142,4495600
3886,254,241,286297,5320,1958383,4402400
3887,283,261,286014,5342,1958644,4437000
3888,267,301,285747,5308,1958945,4595100
3889,259,229,285488,5338,1959174,4371200
3890,250,292,285238,5296,1959466,4805200
3891,238,280,285000,5254,1959746,4566600
3892,235,263,284765,5226,1960009,4605400
3893,283,266,284482,5243,1960275,4554400
3894,289,276,284193,5256,1960551,4625000
3895,256,273,283937,5239,1960824,4696800
3896,239,267,283698,5211,1961091,4603400
3897,255,262,283443,5204,1961353,4984700
3898,248,254,283195,5198,1961607,4596600
3899,255,259,282940,5194,1961866,4508400
3900,230,262,282710,5162,1962128,4917500
3901,259,275,282451,5146,1962403,4742100
3902,257,249,282194,5154,1962652,4922700
3903,228,253,281966,5129,1962905,4742700
3904,254,260,281712,5123,1963165,4881800
3905,231,254,281481,5100,1963419,4469700
3906,261,243,281220,5118,1963662,4493700
3907,228,253,280992,5093,1963915,4532500
3908,229,259,280763,5063,1964174,4519500
3909,268,256,280495,5075,1964430,4410800
3910,221,284,280274,5012,1964714,4699200
3911,251,256,280023,5007,1964970,4498200
3912,221,254,279802,4974,1965224,4538600
3913,257,254,279545,4977,1965478,4530300
3914,243,269,279302,4951,1965747,4734800
3915,258,251,279044,4958,1965998,4605500
3916,247,251,278797,4954,1966249,4588200
3917,278,247,278519,4985,1966496,4501000
3918,267,270,278252,4982,1966766,4623800
3919,218,244,278034,4956,1967010,4712300
3920,235,226,277799,4965,1967236,4473900
3921,241,256,277558,4950,1967492,5069300
3922,248,244,277310,4954,1967736,5182400
3923,231,232,277079,4953,1967968,4970300
3924,268,252,276811,4969,1968220,5000400
3925,292,267,276519,4994,1968487,4832000
3926,257,225,276262,5026,1968712,5088900
3927,273,277,275989,5022,1968989,4987800
3928,292,240,275697,5074,1969229,4735900
3929,257,238,275440,5093,1969467,4772100
3930,259,265,275181,5087,1969732,4774800
3931,237,272,274944,5052,1970004,4792500
3932,261,243,274683,5070,1970247,4797400
3933,261,248,274422,5083,1970495,4586700
3934,257,281,274165,5059,1970776,4506200
3935,267,234,273898,5092,1971010,4577200
3936,263,240,273635,5115,1971250,4615200
3937,270,251,273365,5134,1971501,4694200
3938,275,233,273090,5176,1971734,4631400
3939,260,233,272830,5203,1971967,4665800
3940,269,256,272561,5216,1972223,5331300
3941,260,265,272301,5211,1972488,4911300
3942,250,262,272051,5199,1972750,4895700
3943,275,249,271776,5225,1972999,4729700
3944,254,259,271522,5220,1973258,4600600
3945,267,243,271255,5244,1973501,4622300
3946,260,257,270995,5247,1973758,5108100
3947,235,249,270760,5233,1974007,4493400
3948,261,247,270499,5247,1974254,4895800
3949,242,253,270257,5236,1974507,4915200
3950,264,255,269993,5245,1974762,4823600
3951,228,254,269765,5219,1975016,4673100
3952,271,245,269494,5245,1975261,4563700
3953,258,276,269236,5227,1975537,4563000
3954,263,273,268973,5217,1975810,4547100
3955,233,261,268740,5189,1976071,4550300
3956,226,271,268514,5144,1976342,4434500
3957,248,275,268266,5117,1976617,4662500
3958,254,237,268012,5134,1976854,4525100
3959,256,274,267756,5116,1977128,4603100
3960,264,254,267492,5126,1977382,4552300
3961,268,268,267224,5126,1977650,4603700
3962,245,253,266979,5118,1977903,4525400
3963,243,257,266736,5104,1978160,4554300
3964,256,242,266480,5118,1978402,4480700
3965,247,278,266233,5087,1978680,4450300
3966,252,238,265981,5101,1978918,4682900
3967,252,260,265729,5093,1979178,4496000
3968,238,233,265491,5098,1979411,4565400
3969,230,238,265261,5090,1979649,4453700
3970,254,260,265007,5084,1979909,4638700
3971,266,264,264741,5086,1980173,4488900
3972,246,249,264495,5083,1980422,4441000
3973,234,270,264261,5047,1980692,4499200
3974,248,242,264013,5053,1980934,4548000
3975,260,246,263753,5067,1981180,4529700
3976,226,234,263527,5059,1981414,4471900
3977,259,275,263268,5043,1981689,4535100
3978,223,290,263045,4976,1981979,4273700
3979,274,246,262771,5004,1982225,4259000
3980,263,238,262508,5029,1982463,4443200
3981,257,243,262251,5043,1982706,4387000
3982,234,230,262017,5047,1982936,4291200
3983,258,253,261759,5052,1983189,4468400
3984,237,226,261522,5063,1983415,4487000
3985,244,250,261278,5057,1983665,4747800
3986,254,220,261024,5091,1983885,4374000
3987,250,263,260774,5078,1984148,4567900
3988,254,268,260520,5064,1984416,4560400
3989,245,226,260275,5083,1984642,4274500
3990,274,265,260001,5092,1984907,4406000
3991,244,258,259757,5078,1985165,4483100
3992,265,262,259492,5081,1985427,4672400
3993,273,258,259219,5096,1985685,4659100
3994,233,264,258986,5065,1985949,4455500
3995,243,241,258743,5067,1986190,4634400
3996,241,276,258502,5032,1986466,4976700
3997,246,244,258256,5034,1986710,4798200
3998,255,230,258001,5059,1986940,4933600
3999,266,269,257735,5056,1987209,4616400
4000,248,226,257487,5078,1987435,4564500
4001,253,231,257234,5100,1987666,4445600
4002,260,267,256974,5093,1987933,4447500
4003,288,264,256686,5117,1988197,4345100
4004,256,236,256430,5137,1988433,4366100
4005,234,249,256196,5122,1988682,4510900
4006,257,252,255939,5127,1988934,4635100
4007,229,282,255710,5074,1989216,4490100
4008,234,227,255476,5081,1989443,4668700
4009,222,229,255254,5074,1989672,4848300
4010,217,240,255037,5051,1989912,4585300
4011,236,266,254801,5021,1990178,4686800
4012,232,250,254569,5003,1990428,4472500
4013,233,261,254336,4975,1990689,4454400
4014,257,269,254079,4963,1990958,4952400
4015,261,250,253818,4974,1991208,4502800
4016,263,238,253555,4999,1991446,4502800
4017,236,234,253319,5001,1991680,4528200
4018,241,245,253078,4997,1991925,4497800
4019,234,227,252844,5004,1992152,4755500
4020,250,267,252594,4987,1992419,4909800
4021,256,267,252338,4976,1992686,4686200
4022,226,260,252112,4942,1992946,4653000
4023,217,230,251895,4929,1993176,4404800
4024,246,256,251649,4919,1993432,5064800
4025,237,226,251412,4930,1993658,4471600
4026,242,237,251170,4935,1993895,4524900
4027,236,227,250934,4944,1994122,4542800
4028,226,258,250708,4912,1994380,4448400
4029,241,243,250467,4910,1994623,4420800
4030,207,249,250260,4868,1994872,4405200
4031,228,234,250032,4862,1995106,4576600
4032,247,249,249785,4860,1995355,4515600
4033,253,276,249532,4837,1995631,4524700
4034,234,233,249298,4838,1995864,4357700
4035,210,239,249088,4809,1996103,4682300
4036,228,251,248860,4786,1996354,4464900
4037,223,224,248637,4785,1996578,4516400
4038,221,264,248416,4742,1996842,4955700
4039,217,229,248199,4730,1997071,4729200
4040,249,246,247950,4733,1997317,4504600
4041,266,252,247684,4747,1997569,4632300
4042,263,203,247421,4807,1997772,4537400
4043,241,261,247180,4787,1998033,4611100
4044,243,223,246937,4807,1998256,4445500
4045,243,269,246694,4781,1998525,4700600
4046,235,219,246459,4797,1998744,4646100
4047,241,257,246218,4781,1999001,4811000
4048,252,220,245966,4813,1999221,4707500
4049,246,223,245720,4836,1999444,4596200
4050,247,223,245473,4860,1999667,4513300
4051,248,240,245225,4868,1999907,4539200
4052,227,234,244998,4861,2000141,4491900
4053,243,243,244755,4861,2000384,4561700
4054,221,261,244534,4821,2000645,4262000
4055,239,228,244295,4832,2000873,4881500
4056,226,234,244069,4824,2001107,4787200
4057,241,231,243828,4834,2001338,4311700
4058,276,233,243552,4877,2001571,4543800
4059,242,219,243310,4900,2001790,4735300
4060,251,246,243059,4905,2002036,4687700
4061,271,250,242788,4926,2002286,4615100
4062,221,257,242567,4890,2002543,4755400
4063,259,240,242308,4909,2002783,4653500
4064,226,243,242082,4892,2003026,4579900
4065,243,247,241839,4888,2003273,4532000
4066,231,252,241608,4867,2003525,4355500
4067,229,236,241379,4860,2003761,4372800
4068,228,249,241151,4839,2004010,4362500
4069,242,269,240909,4812,2004279,4459700
4070,235,216,240674,4831,2004495,4476900
4071,238,245,240436,4824,2004740,4678200
4072,250,223,240186,4851,2004963,4735100
4073,246,218,239940,4879,2005181,4439200
4074,252,235,239688,4896,2005416,4412300
4075,252,241,239436,4907,2005657,4420100
4076,237,222,239199,4922,2005879,4684900
4077,220,228,238979,4914,2006107,5312700
4078,238,247,238741,4905,2006354,4687300
4079,247,231,238494,4921,2006585,4407900
4080,297,252,238197,4966,2006837,4475000
4081,238,243,237959,4961,2007080,4454400
4082,244,251,237715,4954,2007331,4576100
4083,242,285,237473,4911,2007616,4685300
4084,238,241,237235,4908,2007857,4597400
4085,243,267,236992,4884,2008124,4482500
4086,233,251,236759,4866,2008375,4476100
4087,219,264,236540,4821,2008639,4657600
4088,235,234,236305,4822,2008873,4561600
4089,242,244,236063,4820,2009117,4477600
4090,223,239,235840,4804,2009356,4961200
4091,260,251,235580,4813,2009607,4842100
4092,209,232,235371,4790,2009839,4680400
4093,237,195,235134,4832,2010034,4972800
4094,225,243,234909,4814,2010277,5161900
4095,224,217,234685,4821,2010494,4401900
4096,235,231,234450,4825,2010725,4532700
4097,249,262,234201,4812,2010987,4371600
4098,243,257,233958,4798,2011244,4417000
4099,230,251,233728,4777,2011495,4787100
4100,258,239,233470,4796,2011734,4503800
4101,239,230,233231,4805,2011964,4366700
4102,235,242,232996,4798,2012206,4524500
4103,210,230,232786,4778,2012436,4658700
4104,262,252,232524,4788,2012688,4551400
4105,261,227,232263,4822,2012915,4607600
4106,223,241,232040,4804,2013156,4426200
4107,211,234,231829,4781,2013390,4613300
4108,263,248,231566,4796,2013638,4678300
4109,204,229,231362,4771,2013867,4352400
4110,249,258,231113,4762,2014125,4578700
4111,244,196,230869,4810,2014321,4448200
4112,238,249,230631,4799,2014570,4552400
4113,243,233,230388,4809,2014803,4492400
4114,218,257,230170,4770,2015060,4753900
4115,254,225,229916,4799,2015285,4324000
4116,247,243,229669,4803,2015528,4628600
4117,238,259,229431,4782,2015787,4792600
4118,256,243,229175,4795,2016030,4896500
4119,254,218,228921,4831,2016248,4551700
4120,215,234,228706,4812,2016482,4336700
4121,199,206,228507,4805,2016688,4488000
4122,218,230,228289,4793,2016918,4294100
4123,230,233,228059,4790,2017151,4582700
4124,249,235,227810,4804,2017386,4373400
4125,229,232,227581,4801,2017618,4342000
4126,198,267,227383,4732,2017885,4445500
4127,236,229,227147,4739,2018114,4510500
4128,212,222,226935,4729,2018336,4406500
4129,236,231,226699,4734,2018567,4593700
4130,253,224,226446,4763,2018791,5146500
4131,231,223,226215,4771,2019014,4525100
4132,249,236,225966,4784,2019250,4544900
4133,228,228,225738,4784,2019478,4654000
4134,202,252,225536,4734,2019730,4342500
4135,240,237,225296,4737,2019967,4635400
4136,222,266,225074,4693,2020233,4344900
4137,209,226,224865,4676,2020459,4534200
4138,236,240,224629,4672,2020699,4708500
4139,237,232,224392,4677,2020931,4577600
4140,236,226,224156,4687,2021157,4782300
4141,219,221,223937,4685,2021378,4575800
4142,228,259,223709,4654,2021637,4362700
4143,264,221,223445,4697,2021858,4805300
4144,247,247,223198,4697,2022105,4618600
4145,230,217,222968,4710,2022322,4701100
4146,222,242,222746,4690,2022564,4398300
4147,230,221,222516,4699,2022785,4489100
4148,239,254,222277,4684,2023039,4605000
4149,259,224,222018,4719,2023263,4474500
4150,230,225,221788,4724,2023488,4826400
4151,250,239,221538,4735,2023727,4410400
4152,233,252,221305,4716,2023979,4633900
4153,236,222,221069,4730,2024201,5225400
4154,243,246,220826,4727,2024447,4536500
4155,257,250,220569,4734,2024697,4469300
4156,225,229,220344,4730,2024926,4552300
4157,225,237,220119,4718,2025163,4817600
4158,254,243,219865,4729,2025406,4700200
4159,257,218,219608,4768,2025624,4365100
4160,213,257,219395,4724,2025881,4417800
4161,222,212,219173,4734,2026093,4754300
4162,222,253,218951,4703,2026346,4529800
4163,243,248,218708,4698,2026594,4537500
4164,234,227,218474,4705,2026821,4575000
4165,208,252,218266,4661,2027073,4492400
4166,217,184,218049,4694,2027257,4497900
4167,211,237,217838,4668,2027494,4602000
4168,254,214,217584,4708,2027708,4849900
4169,214,201,217370,4721,2027909,4600500
4170,250,208,217120,4763,2028117,4874600
4171,229,231,216891,4761,2028348,4361300
4172,229,269,216662,4721,2028617,4386500
4173,221,232,216441,4710,2028849,4428700
4174,213,225,216228,4698,2029074,4497100
4175,230,272,215998,4656,2029346,4463400
4176,238,229,215760,4665,2029575,4669000
4177,222,233,215538,4654,2029808,4585300
4178,238,245,215300,4647,2030053,4757800
4179,233,257,215067,4623,2030310,4621100
4180,241,223,214826,4641,2030533,4877700
4181,214,232,214612,4623,2030765,4717700
4182,224,244,214388,4603,2031009,4975300
4183,223,211,214165,4615,2031220,4844600
4184,237,234,213928,4618,2031454,4726600
4185,238,225,213690,4631,2031679,4683900
4186,221,231,213469,4621,2031910,4812600
4187,228,237,213241,4612,2032147,4799600
4188,242,252,212999,4602,2032399,4982900
4189,234,228,212765,4608,2032627,4964900
4190,224,248,212541,4584,2032875,5007800
4191,199,233,212342,4550,2033108,4699000
4192,216,248,212126,4518,2033356,4763400
4193,216,227,211910,4507,2033583,6938900
4194,211,221,211699,4497,2033804,5000300
4195,201,243,211498,4455,2034047,4663900
4196,213,231,211285,4437,2034278,4725700
4197,213,207,211072,4443,2034485,4693900
4198,251,204,210821,4490,2034689,4699300
4199,224,235,210597,4479,2034924,4950100
4200,217,231,210380,4465,2035155,5001700
4201,214,205,210166,4474,2035360,5108200
4202,203,224,209963,4453,2035584,4877300
4203,208,214,209755,4447,2035798,4902000
4204,227,222,209528,4452,2036020,5580200
4205,215,197,209313,4470,2036217,4877700
4206,263,224,209050,4509,2036441,4905000
4207,246,211,208804,4544,2036652,4664800
4208,205,219,208599,4530,2036871,4455500
4209,250,224,208349,4556,2037095,4698200
4210,251,228,208098,4579,2037323,4657100
4211,228,233,207870,4574,2037556,4524500
4212,228,221,207642,4581,2037777,4667700
4213,241,229,207401,4593,2038006,4868700
4214,227,203,207174,4617,2038209,4713000
4215,237,229,206937,4625,2038438,4774200
4216,224,226,206713,4623,2038664,4819200
4217,201,263,206512,4561,2038927,4587300
4218,216,232,206296,4545,2039159,4613000
4219,224,227,206072,4542,2039386,4556300
4220,225,217,205847,4550,2039603,4543600
4221,203,218,205644,4535,2039821,4644400
4222,205,226,205439,4514,2040047,4471100
4223,204,246,205235,4472,2040293,4501600
4224,204,212,205031,4464,2040505,4390200
4225,218,211,204813,4471,2040716,4360600
4226,222,225,204591,4468,2040941,4463500
4227,217,215,204374,4470,2041156,4494500
4228,203,220,204171,4453,2041376,4559500
4229,253,234,203918,4472,2041610,4712000
4230,237,243,203681,4466,2041853,4501600
4231,225,225,203456,4466,2042078,4567100
4232,233,217,203223,4482,2042295,4423100
4233,229,215,202994,4496,2042510,4864800
4234,225,239,202769,4482,2042749,4520100
4235,242,209,202527,4515,2042958,4689600
4236,234,225,202293,4524,2043183,4813400
4237,203,215,202090,4512,2043398,4669600
4238,237,219,201853,4530,2043617,4639700
4239,221,237,201632,4514,2043854,4736500
4240,223,249,201409,4488,2044103,4702100
4241,225,230,201184,4483,2044333,4615600
4242,221,227,200963,4477,2044560,4542800
4243,247,231,200716,4493,2044791,4707300
4244,236,220,200480,4509,2045011,4589700
4245,233,249,200247,4493,2045260,4695000
4246,243,214,200004,4522,2045474,4581300
4247,197,224,199807,4495,2045698,4567200
4248,223,214,199584,4504,2045912,4508900
4249,220,219,199364,4505,2046131,4583600
4250,220,219,199144,4506,2046350,4543500
4251,241,231,198903,4516,2046581,4284700
4252,245,177,198658,4584,2046758,4232300
4253,206,228,198452,4562,2046986,4389300
4254,234,209,198218,4587,2047195,4377800
4255,214,248,198004,4553,2047443,4366700
4256,242,224,197762,4571,2047667,4343000
4257,227,214,197535,4584,2047881,4446800
4258,218,220,197317,4582,2048101,4362500
4259,209,222,197108,4569,2048323,4744200
4260,239,245,196869,4563,2048568,4514100
4261,228,200,196641,4591,2048768,4842500
4262,241,249,196400,4583,2049017,4624000
4263,227,250,196173,4560,2049267,5223700
4264,243,210,195930,4593,2049477,5003600
4265,242,229,195688,4606,2049706,4655200
4266,220,219,195468,4607,2049925,5235000
4267,225,210,195243,4622,2050135,4771900
4268,209,258,195034,4573,2050393,4528100
4269,232,207,194802,4598,2050600,4897200
4270,209,229,194593,4578,2050829,4717800
4271,223,234,194370,4567,2051063,4822900
4272,230,211,194140,4586,2051274,4701600
4273,203,222,193937,4567,2051496,4637500
4274,221,235,193716,4553,2051731,4501900
4275,208,211,193508,4550,2051942,4442900
4276,219,213,193289,4556,2052155,4498100
4277,222,245,193067,4533,2052400,4764200
4278,215,227,192852,4521,2052627,4763700
4279,224,209,192628,4536,2052836,4777300
4280,234,221,192394,4549,2053057,4877000
4281,204,206,192190,4547,2053263,4928800
4282,210,212,191980,4545,2053475,4945800
4283,217,261,191763,4501,2053736,4868600
4284,220,227,191543,4494,2053963,4872400
4285,198,218,191345,4474,2054181,4813800
4286,201,206,191144,4469,2054387,4774300
4287,204,225,190940,4448,2054612,5044500
4288,193,197,190747,4444,2054809,4513500
4289,214,219,190533,4439,2055028,5057100
4290,218,219,190315,4438,2055247,4447000
4291,198,209,190117,4427,2055456,4589600
4292,208,228,189909,4407,2055684,4266900
4293,225,211,189684,4421,2055895,4572300
4294,256,228,189428,4449,2056123,4689100
4295,207,240,189221,4416,2056363,4394400
4296,248,215,188973,4449,2056578,4656300
4297,222,228,188751,4443,2056806,4503000
4298,217,202,188534,4458,2057008,4437100
4299,221,237,188313,4442,2057245,4859100
4300,251,243,188062,4450,2057488,4882400
4301,228,183,187834,4495,2057671,4723100
4302,258,216,187576,4537,2057887,4766400
4303,216,204,187360,4549,2058091,4627500
4304,238,249,187122,4538,2058340,4517900
4305,237,235,186885,4540,2058575,4483900
4306,266,212,186619,4594,2058787,4653000
4307,213,204,186406,4603,2058991,4604700
4308,254,234,186152,4623,2059225,4340900
4309,249,236,185903,4636,2059461,4394500
4310,225,238,185678,4623,2059699,4500300
4311,240,241,185438,4622,2059940,4443800
4312,235,246,185203,4611,2060186,4534500
4313,221,217,184982,4615,2060403,4715500
4314,220,233,184762,4602,2060636,4541900
4315,236,235,184526,4603,2060871,4781300
4316,237,219,184289,4621,2061090,4516800
4317,227,219,184062,4629,2061309,4886200
4318,215,206,183847,4638,2061515,4583200
4319,238,240,183609,4636,2061755,4371900
4320,248,215,183361,4669,2061970,4650200
4321,251,214,183110,4706,2062184,4584300
4322,240,237,182870,4709,2062421,4770600
4323,240,243,182630,4706,2062664,4493000
4324,260,258,182370,4708,2062922,4513700
4325,222,208,182148,4722,2063130,4544700
4326,238,235,181910,4725,2063365,4411000
4327,277,221,181633,4781,2063586,4365700
4328,233,244,181400,4770,2063830,4454500
4329,237,232,181163,4775,2064062,4654300
4330,211,233,180952,4753,2064295,4787000
4331,238,218,180714,4773,2064513,4492100
4332,224,238,180490,4759,2064751,4560800
4333,235,249,180255,4745,2065000,4568000
4334,215,233,180040,4727,2065233,4870700
4335,240,251,179800,4716,2065484,4406800
4336,218,273,179582,4661,2065757,4958600
4337,227,252,179355,4636,2066009,4898600
4338,221,243,179134,4614,2066252,4628400
4339,210,227,178924,4597,2066479,4497100
4340,220,230,178704,4587,2066709,4587700
4341,227,202,178477,4612,2066911,4582700
4342,214,204,178263,4622,2067115,4445400
4343,237,254,178026,4605,2067369,4603700
4344,231,246,177795,4590,2067615,4745600
4345,229,246,177566,4573,2067861,4664700
4346,210,227,177356,4556,2068088,4637700
4347,211,217,177145,4550,2068305,4527800
4348,228,219,176917,4559,2068524,4595000
4349,241,215,176676,4585,2068739,4727400
4350,216,235,176460,4566,2068974,4762200
4351,213,237,176247,4542,2069211,4399500
4352,215,235,176032,4522,2069446,4434800
4353,256,215,175776,4563,2069661,4749600
4354,231,212,175545,4582,2069873,4601100
4355,207,221,175338,4568,2070094,4355700
4356,241,233,175097,4576,2070327,4393200
4357,219,226,174878,4569,2070553,4792400
4358,222,246,174656,4545,2070799,4730700
4359,225,233,174431,4537,2071032,4684800
4360,218,196,174213,4559,2071228,4537500
4361,242,240,173971,4561,2071468,4527600
4362,239,227,173732,4573,2071695,4573000
4363,229,220,173503,4582,2071915,4800100
4364,208,221,173295,4569,2072136,4364600
4365,222,250,173073,4541,2072386,4401100
4366,228,235,172845,4534,2072621,4505300
4367,207,211,172638,4530,2072832,4475500
4368,250,249,172388,4531,2073081,4586700
4369,227,222,172161,4536,2073303,4457000
4370,207,241,171954,4502,2073544,4790000
4371,216,226,171738,4492,2073770,4557900
4372,212,224,171526,4480,2073994,4611600
4373,251,256,171275,4475,2074250,4583200
4374,209,233,171066,4451,2074483,4694400
4375,223,207,170843,4467,2074690,4677000
4376,227,220,170616,4474,2074910,4591200
4377,220,205,170396,4489,2075115,4688500
4378,218,233,170178,4474,2075348,5087100
4379,229,215,169949,4488,2075563,4647500
4380,249,210,169700,4527,2075773,5022700
4381,188,214,169512,4501,2075987,4796300
4382,209,223,169303,4487,2076210,4519100
4383,196,227,169107,4456,2076437,4728400
4384,208,203,168899,4461,2076640,4622700
4385,219,231,168680,4449,2076871,4482400
4386,217,198,168463,4468,2077069,4379700
4387,201,231,168262,4438,2077300,4472400
4388,228,228,168034,4438,2077528,4452400
4389,230,215,167804,4453,2077743,4350100
4390,212,199,167592,4466,2077942,4690900
4391,199,233,167393,4432,2078175,4614600
4392,197,215,167196,4414,2078390,4406400
4393,215,227,166981,4402,2078617,4704700
4394,231,197,166750,4436,2078814,4639800
4395,182,248,166568,4370,2079062,4547600
4396,203,232,166365,4341,2079294,4419300
4397,182,232,166183,4291,2079526,4370900
4398,193,222,165990,4262,2079748,4415600
4399,209,218,165781,4253,2079966,4464000
4400,193,221,165588,4225,2080187,4449300
4401,200,211,165388,4214,2080398,4635700
4402,212,209,165176,4217,2080607,4689700
4403,196,219,164980,4194,2080826,4434700
4404,226,211,164754,4209,2081037,4572800
4405,187,209,164567,4187,2081246,4767000
4406,187,192,164380,4182,2081438,4489100
4407,228,208,164152,4202,2081646,4568900
4408,209,202,163943,4209,2081848,4456700
4409,183,222,163760,4170,2082070,4365500
4410,196,223,163564,4143,2082293,4504900
4411,208,198,163356,4153,2082491,4463800
4412,199,192,163157,4160,2082683,4550200
4413,218,208,162939,4170,2082891,4544400
4414,211,190,162728,4191,2083081,4406700
4415,183,195,162545,4179,2083276,4805900
4416,201,226,162344,4154,2083502,4437700
4417,191,219,162153,4126,2083721,4630400
4418,218,230,161935,4114,2083951,4393900
4419,174,198,161761,4090,2084149,4334300
4420,197,204,161564,4083,2084353,4348800
4421,228,213,161336,4098,2084566,4813600
4422,214,207,161122,4105,2084773,4521700
4423,182,210,160940,4077,2084983,4464100
4424,206,189,160734,4094,2085172,4449200
4425,187,212,160547,4069,2085384,4448100
4426,206,229,160341,4046,2085613,4683600
4427,206,192,160135,4060,2085805,4492100
4428,211,201,159924,4070,2086006,4343000
4429,188,193,159736,4065,2086199,4722800
4430,184,215,159552,4034,2086414,4428500
4431,202,199,159350,4037,2086613,4721700
4432,198,206,159152,4029,2086819,4807900
4433,221,198,158931,4052,2087017,4598300
4434,205,226,158726,4031,2087243,4343400
4435,207,212,158519,4026,2087455,4531300
4436,190,209,158329,4007,2087664,4595800
4437,210,190,158119,4027,2087854,4619600
4438,209,222,157910,4014,2088076,4439300
4439,217,185,157693,4046,2088261,4423700
4440,202,223,157491,4025,2088484,4596900
4441,189,200,157302,4014,2088684,4474300
4442,198,201,157104,4011,2088885,4732100
4443,206,198,156898,4019,2089083,4924900
4444,218,199,156680,4038,2089282,4681300
4445,218,198,156462,4058,2089480,4737000
4446,236,212,156226,4082,2089692,4824000
4447,201,229,156025,4054,2089921,4922800
4448,211,210,155814,4055,2090131,4899500
4449,200,202,155614,4053,2090333,4742500
4450,192,180,155422,4065,2090513,4749600
4451,193,210,155229,4048,2090723,4733400
4452,194,229,155035,4013,2090952,4702000
4453,199,212,154836,4000,2091164,4744200
4454,191,207,154645,3984,2091371,4705900
4455,210,196,154435,3998,2091567,5140400
4456,206,206,154229,3998,2091773,5000300
4457,182,225,154047,3955,2091998,4735700
4458,209,213,153838,3951,2092211,5109100
4459,227,187,153611,3991,2092398,4769500
4460,221,202,153390,4010,2092600,4688600
4461,207,198,153183,4019,2092798,4758500
4462,180,225,153003,3974,2093023,4563300
4463,194,208,152809,3960,2093231,4506500
4464,218,201,152591,3977,2093432,4473600
4465,175,226,152416,3926,2093658,4459400
4466,192,198,152224,3920,2093856,4451200
4467,179,196,152045,3903,2094052,4378600
4468,205,206,151840,3902,2094258,4478200
4469,178,213,151662,3867,2094471,4631400
4470,186,194,151476,3859,2094665,4527500
4471,205,190,151271,3874,2094855,4789800
4472,192,185,151079,3881,2095040,4509100
4473,162,212,150917,3831,2095252,4611000
4474,220,210,150697,3841,2095462,4606300
4475,194,195,150503,3840,2095657,4931100
4476,171,204,150332,3807,2095861,4760600
4477,221,183,150111,3845,2096044,4727900
4478,190,198,149921,3837,2096242,5127500
4479,200,173,149721,3864,2096415,4837200
4480,193,199,149528,3858,2096614,4639900
4481,199,176,149329,3881,2096790,4916200
4482,190,190,149139,3881,2096980,4722200
4483,198,186,148941,3893,2097166,4680500
4484,198,194,148743,3897,2097360,4582300
4485,215,186,148528,3926,2097546,4816800
4486,209,187,148319,3948,2097733,5067800
4487,194,188,148125,3954,2097921,4690700
4488,196,209,147929,3941,2098130,4844600
4489,213,230,147716,3924,2098360,4955800
4490,201,209,147515,3916,2098569,4709900
4491,194,219,147321,3891,2098788,5149400
4492,197,196,147124,3892,2098984,4933000
4493,211,181,146913,3922,2099165,5086400
4494,211,211,146702,3922,2099376,5033300
4495,219,218,146483,3923,2099594,4912400
4496,184,191,146299,3916,2099785,4710200
4497,215,181,146084,3950,2099966,4533600
4498,221,207,145863,3964,2100173,4605500
4499,198,184,145665,3978,2100357,4707600
4500,220,192,145445,4006,2100549,4497900
4501,218,195,145227,4029,2100744,4971800
4502,214,209,145013,4034,2100953,4720800
4503,209,219,144804,4024,2101172,4807100
4504,210,186,144594,4048,2101358,4707300
4505,191,181,144403,4058,2101539,4754700
4506,191,202,144212,4047,2101741,4431700
4507,206,194,144006,4059,2101935,4441300
4508,201,206,143805,4054,2102141,4687600
4509,191,212,143614,4033,2102353,4535600
4510,219,198,143395,4054,2102551,4506600
4511,200,193,143195,4061,2102744,4624900
4512,178,208,143017,4031,2102952,4715200
4513,216,208,142801,4039,2103160,4474800
4514,215,212,142586,4042,2103372,4805900
4515,223,187,142363,4078,2103559,4725700
4516,202,237,142161,4043,2103796,4850400
4517,219,204,141942,4058,2104000,4635200
4518,198,216,141744,4040,2104216,4767000
4519,184,192,141560,4032,2104408,4604100
4520,231,206,141329,4057,2104614,4617200
4521,216,196,141113,4077,2104810,4544000
4522,231,205,140882,4103,2105015,4444900
4523,210,206,140672,4107,2105221,4463000
4524,196,219,140476,4084,2105440,4771100
4525,192,185,140284,4091,2105625,5044000
4526,198,212,140086,4077,2105837,4556400
4527,184,211,139902,4050,2106048,4591500
4528,236,169,139666,4117,2106217,4687700
4529,207,220,139459,4104,2106437,4520800
4530,207,202,139252,4109,2106639,4613000
4531,202,222,139050,4089,2106861,4683800
4532,188,193,138862,4084,2107054,5012500
4533,206,208,138656,4082,2107262,4594100
4534,194,186,138462,4090,2107448,4739300
4535,196,203,138266,4083,2107651,4699700
4536,190,209,138076,4064,2107860,4590600
4537,215,190,137861,4089,2108050,4715200
4538,201,231,137660,4059,2108281,4811300
4539,176,198,137484,4037,2108479,4562300
4540,179,205,137305,4011,2108684,4427100
4541,204,201,137101,4014,2108885,4511500
4542,198,219,136903,3993,2109104,4693900
4543,216,197,136687,4012,2109301,4619700
4544,208,184,136479,4036,2109485,4578700
4545,197,189,136282,4044,2109674,4562600
4546,205,203,136077,4046,2109877,4524900
4547,176,194,135901,4028,2110071,4462300
4548,194,207,135707,4015,2110278,4738000
4549,194,212,135513,3997,2110490,4994000
4550,201,207,135312,3991,2110697,5043500
4551,229,187,135083,4033,2110884,4617200
4552,199,203,134884,4029,2111087,4746400
4553,208,209,134676,4028,2111296,4449200
4554,214,207,134462,4035,2111503,4631600
4555,186,193,134276,4028,2111696,4950800
4556,196,205,134080,4019,2111901,4814400
4557,189,218,133891,3990,2112119,4929600
4558,201,195,133690,3996,2112314,4769500
4559,175,186,133515,3985,2112500,4586600
4560,217,205,133298,3997,2112705,4700900
4561,179,197,133119,3979,2112902,4702800
4562,238,192,132881,4025,2113094,4715500
4563,199,234,132682,3990,2113328,4446900
4564,211,213,132471,3988,2113541,4613000
4565,194,218,132277,3964,2113759,4487300
4566,173,206,132104,3931,2113965,4433400
4567,171,205,131933,3897,2114170,4473800
4568,184,191,131749,3890,2114361,4508300
4569,198,211,131551,3877,2114572,4427600
4570,205,209,131346,3873,2114781,4672400
4571,192,188,131154,3877,2114969,4635700
4572,185,192,130969,3870,2115161,4542200
4573,196,175,130773,3891,2115336,4657900
4574,201,163,130572,3929,2115499,5094800
4575,208,218,130364,3919,2115717,4649900
4576,213,191,130151,3941,2115908,4596500
4577,184,194,129967,3931,2116102,4889500
4578,200,206,129767,3925,2116308,4712800
4579,200,174,129567,3951,2116482,4677600
4580,190,179,129377,3962,2116661,4547800
4581,207,179,129170,3990,2116840,4583600
4582,201,189,128969,4002,2117029,4488600
4583,207,203,128762,4006,2117232,4488500
4584,193,192,128569,4007,2117424,5216100
4585,197,201,128372,4003,2117625,4399200
4586,210,198,128162,4015,2117823,5052200
4587,204,185,127958,4034,2118008,4741700
4588,192,196,127766,4030,2118204,5226800
4589,202,200,127564,4032,2118404,4704000
4590,200,202,127364,4030,2118606,4696200
4591,201,217,127163,4014,2118823,4634900
4592,202,235,126961,3981,2119058,4757200
4593,187,201,126774,3967,2119259,5833800
4594,176,208,126598,3935,2119467,5178300
4595,183,204,126415,3914,2119671,4799100
4596,175,223,126240,3866,2119894,4869800
4597,180,182,126060,3864,2120076,4627400
4598,192,183,125868,3873,2120259,4564400
4599,203,196,125665,3880,2120455,4527900
4600,213,195,125452,3898,2120650,4521900
4601,208,168,125244,3938,2120818,4631200
4602,186,191,125058,3933,2121009,4733300
4603,192,189,124866,3936,2121198,4764100
4604,185,202,124681,3919,2121400,4574200
4605,217,206,124464,3930,2121606,4439000
4606,175,215,124289,3890,2121821,4342200
4607,200,224,124089,3866,2122045,5659300
4608,156,179,123933,3843,2122224,4698800
4609,198,193,123735,3848,2122417,4568200
4610,218,181,123517,3885,2122598,4645200
4611,225,217,123292,3893,2122815,4695300
4612,229,191,123063,3931,2123006,4802900
4613,229,205,122834,3955,2123211,4845000
4614,205,183,122629,3977,2123394,4745000
4615,209,194,122420,3992,2123588,4732100
4616,198,160,122222,4030,2123748,4948100
4617,203,183,122019,4050,2123931,4539000
4618,185,193,121834,4042,2124124,4524400
4619,189,205,121645,4026,2124329,4588400
4620,196,190,121449,4032,2124519,4551600
4621,202,181,121247,4053,2124700,4454200
4622,206,201,121041,4058,2124901,4518000
4623,229,197,120812,4090,2125098,4525800
4624,206,187,120606,4109,2125285,4273600
4625,192,184,120414,4117,2125469,4293100
4626,213,200,120201,4130,2125669,4576300
4627,211,227,119990,4114,2125896,4589400
4628,201,233,119789,4082,2126129,4470100
4629,201,238,119588,4045,2126367,4434800
4630,173,215,119415,4003,2126582,4471200
4631,179,235,119236,3947,2126817,4407100
4632,187,170,119049,3964,2126987,4654500
4633,189,211,118860,3942,2127198,4576500
4634,192,185,118668,3949,2127383,4466500
4635,199,213,118469,3935,2127596,4465600
4636,179,226,118290,3888,2127822,4438000
4637,193,205,118097,3876,2128027,4447700
4638,188,188,117909,3876,2128215,4389500
4639,167,188,117742,3855,2128403,4359500
4640,192,176,117550,3871,2128579,4558500
4641,193,176,117357,3888,2128755,4677800
4642,210,191,117147,3907,2128946,4424600
4643,197,186,116950,3918,2129132,4514100
4644,186,208,116764,3896,2129340,4604500
4645,213,209,116551,3900,2129549,4723600
4646,180,197,116371,3883,2129746,4462200
4647,174,197,116197,3860,2129943,4464400
4648,189,181,116008,3868,2130124,4834900
4649,169,188,115839,3849,2130312,4640000
4650,188,176,115651,3861,2130488,4945300
4651,206,225,115445,3842,2130713,4602200
4652,192,207,115253,3827,2130920,4557700
4653,195,181,115058,3841,2131101,4434100
4654,221,186,114837,3876,2131287,4704200
4655,218,182,114619,3912,2131469,4722000
4656,192,196,114427,3908,2131665,4512400
4657,211,229,114216,3890,2131894,4683400
4658,207,200,114009,3897,2132094,4647700
4659,215,186,113794,3926,2132280,4570100
4660,190,187,113604,3929,2132467,4459600
4661,197,179,113407,3947,2132646,4695200
4662,185,197,113222,3935,2132843,4634900
4663,192,211,113030,3916,2133054,4428700
4664,195,167,112835,3944,2133221,4537300
4665,199,189,112636,3954,2133410,4512800
4666,197,195,112439,3956,2133605,4688500
4667,190,208,112249,3938,2133813,4658100
4668,198,198,112051,3938,2134011,4378900
4669,180,182,111871,3936,2134193,4467200
4670,201,187,111670,3950,2134380,4288100
4671,181,191,111489,3940,2134571,4490600
4672,196,199,111293,3937,2134770,4586200
4673,198,204,111095,3931,2134974,4670800
4674,189,192,110906,3928,2135166,5221900
4675,197,195,110709,3930,2135361,4609100
4676,192,188,110517,3934,2135549,4417900
4677,180,215,110337,3899,2135764,4527600
4678,167,212,110170,3854,2135976,4744100
4679,206,188,109964,3872,2136164,4680200
4680,211,199,109753,3884,2136363,4537400
4681,201,170,109552,3915,2136533,4423900
4682,220,209,109332,3926,2136742,4616900
4683,195,195,109137,3926,2136937,4579700
4684,206,194,108931,3938,2137131,4301600
4685,191,214,108740,3915,2137345,4779600
4686,198,189,108542,3924,2137534,4594200
4687,190,203,108352,3911,2137737,4429900
4688,184,173,108168,3922,2137910,4595200
4689,194,185,107974,3931,2138095,4690100
4690,216,206,107758,3941,2138301,4780500
4691,200,182,107558,3959,2138483,4531900
4692,173,194,107385,3938,2138677,4541700
4693,179,216,107206,3901,2138893,4636100
4694,193,210,107013,3884,2139103,4669100
4695,189,190,106824,3883,2139293,4574900
4696,188,186,106636,3885,2139479,4491800
4697,187,193,106449,3879,2139672,4436000
4698,192,196,106257,3875,2139868,4318800
4699,210,192,106047,3893,2140060,4495500
4700,178,195,105869,3876,2140255,4801900
4701,203,192,105666,3887,2140447,4422200
4702,195,167,105471,3915,2140614,4487300
4703,222,220,105249,3917,2140834,4605900
4704,162,174,105087,3905,2141008,4437000
4705,197,200,104890,3902,2141208,4691000
4706,195,197,104695,3900,2141405,4601600
4707,191,172,104504,3919,2141577,4932000
4708,209,208,104295,3920,2141785,4501200
4709,193,196,104102,3917,2141981,4507900
4710,208,216,103894,3909,2142197,4515600
4711,189,176,103705,3922,2142373,4372200
4712,201,188,103504,3935,2142561,4583700
4713,183,202,103321,3916,2142763,4562400
4714,191,186,103130,3921,2142949,4510200
4715,183,191,102947,3913,2143140,4426700
4716,180,204,102767,3889,2143344,4797600
4717,205,225,102562,3869,2143569,4589300
4718,207,183,102355,3893,2143752,4812100
4719,181,210,102174,3864,2143962,4576100
4720,188,181,101986,3871,2144143,4658200
4721,197,180,101789,3888,2144323,4679500
4722,180,224,101609,3844,2144547,5404100
4723,180,219,101429,3805,2144766,5008500
4724,210,184,101219,3831,2144950,4928300
4725,186,188,101033,3829,2145138,4674300
4726,171,193,100862,3807,2145331,4709700
4727,197,190,100665,3814,2145521,4970100
4728,179,200,100486,3793,2145721,4661800
4729,196,214,100290,3775,2145935,4741500
4730,201,202,100089,3774,2146137,4844500
4731,164,175,99925,3763,2146312,4630500
4732,183,168,99742,3778,2146480,4668700
4733,177,167,99565,3788,2146647,4714600
4734,184,175,99381,3797,2146822,4701500
4735,179,204,99202,3772,2147026,5127500
4736,165,182,99037,3755,2147208,5131300
4737,189,191,98848,3753,2147399,4751400
4738,187,171,98661,3769,2147570,4861800
4739,177,187,98484,3759,2147757,4854000
4740,156,185,98328,3730,2147942,4823600
4741,167,210,98161,3687,2148152,4898400
4742,179,179,97982,3687,2148331,4967900
4743,186,181,97796,3692,2148512,4640300
4744,170,164,97626,3698,2148676,4815900
4745,164,200,97462,3662,2148876,5148200
4746,184,170,97278,3676,2149046,4798400
4747,169,148,97109,3697,2149194,4877400
4748,175,189,96934,3683,2149383,4712700
4749,140,150,96794,3673,2149533,4861800
4750,189,181,96605,3681,2149714,4685400
4751,170,199,96435,3652,2149913,4738000
4752,185,182,96250,3655,2150095,5113100
4753,194,164,96056,3685,2150259,4807500
4754,150,203,95906,3632,2150462,4844700
4755,174,172,95732,3634,2150634,4721900
4756,176,202,95556,3608,2150836,4788000
4757,178,188,95378,3598,2151024,4687700
4758,174,178,95204,3594,2151202,4883900
4759,177,204,95027,3567,2151406,4728100
4760,188,188,94839,3567,2151594,4610900
4761,179,183,94660,3563,2151777,4645900
4762,177,192,94483,3548,2151969,4765200
4763,157,170,94326,3535,2152139,4958800
4764,183,196,94143,3522,2152335,4631600
4765,179,182,93964,3519,2152517,4570700
4766,180,155,93784,3544,2152672,4403900
4767,181,191,93603,3534,2152863,4766400
4768,190,183,93413,3541,2153046,4401200
4769,178,191,93235,3528,2153237,4969700
4770,193,178,93042,3543,2153415,4446300
4771,185,184,92857,3544,2153599,4410500
4772,147,172,92710,3519,2153771,4347500
4773,207,165,92503,3561,2153936,4371300
4774,178,164,92325,3575,2154100,4702300
4775,181,169,92144,3587,2154269,4516400
4776,198,194,91946,3591,2154463,4544000
4777,184,164,91762,3611,2154627,4525600
4778,180,194,91582,3597,2154821,4662200
4779,197,197,91385,3597,2155018,4516400
4780,192,173,91193,3616,2155191,5275800
4781,199,183,90994,3632,2155374,4707400
4782,163,179,90831,3616,2155553,4424100
4783,200,184,90631,3632,2155737,4531200
4784,174,199,90457,3607,2155936,4483500
4785,182,194,90275,3595,2156130,4865300
4786,185,181,90090,3599,2156311,4910700
4787,188,207,89902,3580,2156518,4583800
4788,183,185,89719,3578,2156703,4497000
4789,178,168,89541,3588,2156871,4953100
4790,168,161,89373,3595,2157032,4943800
4791,182,167,89191,3610,2157199,5194600
4792,169,170,89022,3609,2157369,5120800
4793,172,159,88850,3622,2157528,4611700
4794,185,171,88665,3636,2157699,4590200
4795,167,178,88498,3625,2157877,4655200
4796,163,195,88335,3593,2158072,4750400
4797,166,168,88169,3591,2158240,4967400
4798,168,189,88001,3570,2158429,5048900
4799,164,208,87837,3526,2158637,4382700
4800,146,164,87691,3508,2158801,4376300
4801,144,186,87547,3466,2158987,4404100
4802,147,188,87400,3425,2159175,4462700
4803,147,162,87253,3410,2159337,4575800
4804,163,157,87090,3416,2159494,4605400
4805,159,145,86931,3430,2159639,4640500
4806,177,167,86754,3440,2159806,4517600
4807,153,179,86601,3414,2159985,4455200
4808,148,150,86453,3412,2160135,4623000
4809,162,163,86291,3411,2160298,4920200
4810,147,179,86144,3379,2160477,4537200
4811,174,176,85970,3377,2160653,5415600
4812,166,159,85804,3384,2160812,4767200
4813,175,156,85629,3403,2160968,4464200
4814,170,160,85459,3413,2161128,5044400
4815,161,161,85298,3413,2161289,4566900
4816,153,159,85145,3407,2161448,5116100
4817,160,155,84985,3412,2161603,4431100
4818,169,160,84816,3421,2161763,4534300
4819,171,173,84645,3419,2161936,4358500
4820,179,168,84466,3430,2162104,4609400
4821,169,164,84297,3435,2162268,4698500
4822,149,154,84148,3430,2162422,4661200
4823,182,183,83966,3429,2162605,4675700
4824,170,164,83796,3435,2162769,4434200
4825,170,186,83626,3419,2162955,4554900
4826,158,169,83468,3408,2163124,4690600
4827,169,164,83299,3413,2163288,5388300
4828,141,156,83158,3398,2163444,4661600
4829,157,164,83001,3391,2163608,4582400
4830,179,156,82822,3414,2163764,4523700
4831,162,159,82660,3417,2163923,4515400
4832,165,162,82495,3420,2164085,4602600
4833,159,165,82336,3414,2164250,4499600
4834,158,163,82178,3409,2164413,4427900
4835,163,185,82015,3387,2164598,4696100
4836,165,193,81850,3359,2164791,4452200
4837,161,157,81689,3363,2164948,4384200
4838,144,156,81545,3351,2165104,4880900
4839,154,156,81391,3349,2165260,4957300
4840,151,191,81240,3309,2165451,4884700
4841,173,158,81067,3324,2165609,4355600
4842,161,170,80906,3315,2165779,4789100
4843,165,192,80741,3288,2165971,4329800
4844,141,151,80600,3278,2166122,4758100
4845,139,191,80461,3226,2166313,4460100
4846,157,147,80304,3236,2166460,4507500
4847,141,158,80163,3219,2166618,4688500
4848,142,158,80021,3203,2166776,4527700
4849,152,159,79869,3196,2166935,4414500
4850,145,144,79724,3197,2167079,5010000
4851,138,139,79586,3196,2167218,4293100
4852,135,164,79451,3167,2167382,4715800
4853,138,156,79313,3149,2167538,4829700
4854,147,168,79166,3128,2167706,4367200
4855,152,156,79014,3124,2167862,4421800
4856,124,164,78890,3084,2168026,4769500
4857,110,171,78780,3023,2168197,4702400
4858,141,161,78639,3003,2168358,4486300
4859,154,159,78485,2998,2168517,4742100
4860,124,131,78361,2991,2168648,4457800
4861,145,141,78216,2995,2168789,4976300
4862,130,146,78086,2979,2168935,4655400
4863,141,167,77945,2953,2169102,4478900
4864,135,145,77810,2943,2169247,4341800
4865,142,136,77668,2949,2169383,4970000
4866,143,121,77525,2971,2169504,4327700
4867,151,162,77374,2960,2169666,4597100
4868,145,153,77229,2952,2169819,4632300
4869,139,152,77090,2939,2169971,5225300
4870,133,154,76957,2918,2170125,4660900
4871,133,145,76824,2906,2170270,4594600
4872,135,144,76689,2897,2170414,4514200
4873,126,165,76563,2858,2170579,4374600
4874,125,150,76438,2833,2170729,4781100
4875,119,139,76319,2813,2170868,5035800
4876,126,121,76193,2818,2170989,4553500
4877,119,138,76074,2799,2171127,4487000
4878,138,135,75936,2802,2171262,5068400
4879,128,152,75808,2778,2171414,4874500
4880,142,146,75666,2774,2171560,4344000
4881,141,137,75525,2778,2171697,4630700
4882,160,143,75365,2795,2171840,4689400
4883,126,139,75239,2782,2171979,5205600
4884,124,131,75115,2775,2172110,4899200
4885,135,126,74980,2784,2172236,4700500
4886,148,144,74832,2788,2172380,4428500
4887,128,151,74704,2765,2172531,5066700
4888,135,149,74569,2751,2172680,4518100
4889,125,144,74444,2732,2172824,4375000
4890,95,136,74349,2691,2172960,4485500
4891,127,144,74222,2674,2173104,4513200
4892,111,139,74111,2646,2173243,4414800
4893,149,133,73962,2662,2173376,4440700
4894,119,144,73843,2637,2173520,4348200
4895,128,147,73715,2618,2173667,4318800
4896,133,139,73582,2612,2173806,4888300
4897,125,136,73457,2601,2173942,4867100
4898,138,127,73319,2612,2174069,4227000
4899,125,124,73194,2613,2174193,4457900
4900,148,125,73046,2636,2174318,4322500
4901,141,127,72905,2650,2174445,4847500
4902,127,144,72778,2633,2174589,4679300
4903,128,132,72650,2629,2174721,4443100
4904,133,142,72517,2620,2174863,5053900
4905,120,119,72397,2621,2174982,5119500
4906,138,138,72259,2621,2175120,4643200
4907,120,134,72139,2607,2175254,4280200
4908,106,125,72033,2588,2175379,4778700
4909,125,144,71908,2569,2175523,4472500
4910,113,133,71795,2549,2175656,4584300
4911,115,126,71680,2538,2175782,4543300
4912,111,114,71569,2535,2175896,4501900
4913,105,120,71464,2520,2176016,4456300
4914,102,132,71362,2490,2176148,4785500
4915,122,121,71240,2491,2176269,4808500
4916,115,133,71125,2473,2176402,4573800
4917,122,124,71003,2471,2176526,4313000
4918,135,132,70868,2474,2176658,5128600
4919,125,118,70743,2481,2176776,4516600
4920,117,128,70626,2470,2176904,4578900
4921,117,127,70509,2460,2177031,4685400
4922,118,111,70391,2467,2177142,4682600
4923,116,126,70275,2457,2177268,4884000
4924,112,114,70163,2455,2177382,4358700
4925,106,136,70057,2425,2177518,4331200
4926,109,122,69948,2412,2177640,4719300
4927,110,120,69838,2402,2177760,4335700
4928,99,122,69739,2379,2177882,4199000
4929,104,120,69635,2363,2178002,4386900
4930,111,119,69524,2355,2178121,4694500
4931,102,130,69422,2327,2178251,4384100
4932,92,128,69330,2291,2178379,4478000
4933,86,132,69244,2245,2178511,4896500
4934,107,113,69137,2239,2178624,4666700
4935,114,138,69023,2215,2178762,5022800
4936,98,101,68925,2212,2178863,4374500
4937,85,109,68840,2188,2178972,4823000
4938,106,95,68734,2199,2179067,4227800
4939,112,105,68622,2206,2179172,4687600
4940,83,103,68539,2186,2179275,4554200
4941,98,129,68441,2155,2179404,4356600
4942,98,105,68343,2148,2179509,4392100
4943,87,119,68256,2116,2179628,4573800
4944,101,103,68155,2114,2179731,4560800
4945,89,102,68066,2101,2179833,4805600
4946,107,110,67959,2098,2179943,4557300
4947,102,97,67857,2103,2180040,4340300
4948,117,95,67740,2125,2180135,4590000
4949,101,117,67639,2109,2180252,4464700
4950,100,119,67539,2090,2180371,5078800
4951,97,91,67442,2096,2180462,4556300
4952,96,104,67346,2088,2180566,5020400
4953,96,99,67250,2085,2180665,4731400
4954,71,106,67179,2050,2180771,4477700
4955,85,112,67094,2023,2180883,4469000
4956,93,109,67001,2007,2180992,4537400
4957,92,85,66909,2014,2181077,4388600
4958,79,91,66830,2002,2181168,4322500
4959,86,87,66744,2001,2181255,5140900
4960,80,101,66664,1980,2181356,5017800
4961,96,102,66568,1974,2181458,4321600
4962,94,106,66474,1962,2181564,4272900
4963,83,94,66391,1951,2181658,4563100
4964,91,108,66300,1934,2181766,4406500
4965,95,91,66205,1938,2181857,4540500
4966,114,99,66091,1953,2181956,4237300
4967,82,115,66009,1920,2182071,4739900
4968,82,103,65927,1899,2182174,4353700
4969,98,92,65829,1905,2182266,4491100
4970,94,91,65735,1908,2182357,4548800
4971,94,78,65641,1924,2182435,4462400
4972,96,83,65545,1937,2182518,4333000
4973,86,106,65459,1917,2182624,4456900
4974,83,103,65376,1897,2182727,4603900
4975,96,122,65280,1871,2182849,4669700
4976,106,82,65174,1895,2182931,4853700
4977,79,78,65095,1896,2183009,4620600
4978,94,83,65001,1907,2183092,4392300
4979,94,87,64907,1914,2183179,4323700
4980,98,89,64809,1923,2183268,4296200
4981,105,91,64704,1937,2183359,4536500
4982,89,91,64615,1935,2183450,4563400
4983,107,89,64508,1953,2183539,4474100
4984,115,88,64393,1980,2183627,4698200
4985,109,98,64284,1991,2183725,4633000
4986,104,106,64180,1989,2183831,4545300
4987,103,102,64077,1990,2183933,4603100
4988,107,95,63970,2002,2184028,4800900
4989,95,84,63875,2013,2184112,4783200
4990,94,108,63781,1999,2184220,4600400
4991,94,100,63687,1993,2184320,4721400
4992,99,109,63588,1983,2184429,4575500
4993,103,93,63485,1993,2184522,4494400
4994,106,91,63379,2008,2184613,4787700
4995,107,90,63272,2025,2184703,4680700
4996,75,110,63197,1990,2184813,4420400
4997,85,98,63112,1977,2184911,4590500
4998,75,76,63037,1976,2184987,4543800
4999,95,101,62942,1970,2185088,4387500
5000,106,115,62836,1961,2185203,4476000
5001,102,92,62734,1971,2185295,4598600
5002,105,88,62629,1988,2185383,4570800
5003,105,95,62524,1998,2185478,5054400
5004,100,102,62424,1996,2185580,4787500
5005,78,89,62346,1985,2185669,4559300
5006,86,101,62260,1970,2185770,4476900
5007,90,99,62170,1961,2185869,4590200
5008,92,99,62078,1954,2185968,4776700
5009,83,98,61995,1939,2186066,4674200
5010,95,92,61900,1942,2186158,4624000
5011,82,94,61818,1930,2186252,4917500
5012,78,84,61740,1924,2186336,4573300
5013,78,92,61662,1910,2186428,4492000
5014,89,98,61573,1901,2186526,4864800
5015,91,99,61482,1893,2186625,4537800
5016,84,81,61398,1896,2186706,5051600
5017,72,104,61326,1864,2186810,4717700
5018,88,118,61238,1834,2186928,4738900
5019,75,95,61163,1814,2187023,4974400
5020,99,103,61064,1810,2187126,4687900
5021,87,80,60977,1817,2187206,5050600
5022,75,88,60902,1804,2187294,4946000
5023,77,79,60825,1802,2187373,5087400
5024,65,82,60760,1785,2187455,5154500
5025,87,68,60673,1804,2187523,4762900
5026,77,104,60596,1777,2187627,4573700
5027,75,96,60521,1756,2187723,4611100
5028,74,91,60447,1739,2187814,5029800
5029,85,97,60362,1727,2187911,4443400
5030,88,78,60274,1737,2187989,4705700
5031,86,98,60188,1725,2188087,5009700
5032,84,94,60104,1715,2188181,4971400
5033,78,83,60026,1710,2188264,4747200
5034,69,100,59957,1679,2188364,5040500
5035,81,98,59876,1662,2188462,4300000
5036,75,70,59801,1667,2188532,4695800
5037,71,99,59730,1639,2188631,4421500
5038,68,68,59662,1639,2188699,4330400
5039,77,93,59585,1623,2188792,4337100
5040,85,83,59500,1625,2188875,4497100
5041,61,88,59439,1598,2188963,4636700
5042,75,85,59364,1588,2189048,4597600
5043,80,72,59284,1596,2189120,4449900
5044,73,78,59211,1591,2189198,4472400
5045,79,75,59132,1595,2189273,5051300
5046,71,71,59061,1595,2189344,4419200
5047,80,79,58981,1596,2189423,4481200
5048,60,76,58921,1580,2189499,4606700
5049,75,69,58846,1586,2189568,4366200
5050,78,91,58768,1573,2189659,4415000
5051,75,85,58693,1563,2189744,4551700
5052,66,92,58627,1537,2189836,4722800
5053,79,84,58548,1532,2189920,4363900
5054,65,72,58483,1525,2189992,4383800
5055,64,62,58419,1527,2190054,5002000
5056,71,71,58348,1527,2190125,4978700
5057,74,67,58274,1534,2190192,4243400
5058,63,89,58211,1508,2190281,5054700
5059,69,92,58142,1485,2190373,4378600
5060,57,64,58085,1478,2190437,4974800
5061,78,79,58007,1477,2190516,4713200
5062,64,71,57943,1470,2190587,4518700
5063,73,68,57870,1475,2190655,4277900
5064,63,67,57807,1471,2190722,4820900
5065,68,78,57739,1461,2190800,4559800
5066,57,83,57682,1435,2190883,5294400
5067,71,71,57611,1435,2190954,5117400
5068,67,62,57544,1440,2191016,4745000
5069,71,73,57473,1438,2191089,4506100
5070,60,67,57413,1431,2191156,4734100
5071,80,72,57333,1439,2191228,4413200
5072,76,82,57257,1433,2191310,4347900
5073,77,79,57180,1431,2191389,4396100
5074,64,55,57116,1440,2191444,4814200
5075,78,56,57038,1462,2191500,4481000
5076,67,57,56971,1472,2191557,4319100
5077,55,89,56916,1438,2191646,5198700
5078,75,76,56841,1437,2191722,4525800
5079,74,68,56767,1443,2191790,4716900
5080,93,86,56674,1450,2191876,4291500
5081,76,74,56598,1452,2191950,4493700
5082,70,64,56528,1458,2192014,4246400
5083,83,76,56445,1465,2192090,4298200
5084,63,69,56382,1459,2192159,4388900
5085,65,76,56317,1448,2192235,4534200
5086,73,59,56244,1462,2192294,4368400
5087,64,72,56180,1454,2192366,4517400
5088,77,68,56103,1463,2192434,4542700
5089,75,74,56028,1464,2192508,4591500
5090,66,76,55962,1454,2192584,4444800
5091,59,75,55903,1438,2192659,4335400
5092,69,71,55834,1436,2192730,4504700
5093,65,70,55769,1431,2192800,4347700
5094,85,64,55684,1452,2192864,4259200
5095,78,66,55606,1464,2192930,4262200
5096,63,73,55543,1454,2193003,4464900
5097,67,101,55476,1420,2193104,4355700
5098,85,67,55391,1438,2193171,4381300
5099,70,81,55321,1427,2193252,4790400
5100,59,80,55262,1406,2193332,4569900
5101,79,68,55183,1417,2193400,4901700
5102,87,76,55096,1428,2193476,4662300
5103,73,70,55023,1431,2193546,4540300
5104,53,78,54970,1406,2193624,4486800
5105,80,60,54890,1426,2193684,4720000
5106,69,66,54821,1429,2193750,4561600
5107,82,78,54739,1433,2193828,4418000
5108,60,86,54679,1407,2193914,4747000
5109,68,76,54611,1399,2193990,4546700
5110,73,64,54538,1408,2194054,4230800
5111,68,76,54470,1400,2194130,4457100
5112,60,77,54410,1383,2194207,4437600
5113,58,77,54352,1364,2194284,4323100
5114,56,82,54296,1338,2194366,4448900
5115,57,63,54239,1332,2194429,4463300
5116,60,87,54179,1305,2194516,4626500
5117,59,77,54120,1287,2194593,4803700
5118,77,66,54043,1298,2194659,4689900
5119,66,58,53977,1306,2194717,4757400
5120,60,60,53917,1306,2194777,4482600
5121,60,62,53857,1304,2194839,4526500
5122,67,65,53790,1306,2194904,4990100
5123,61,70,53729,1297,2194974,5173400
5124,58,64,53671,1291,2195038,4874300
5125,67,60,53604,1298,2195098,5127400
5126,57,72,53547,1283,2195170,4747300
5127,70,63,53477,1290,2195233,5145100
5128,66,62,53411,1294,2195295,4721900
5129,71,68,53340,1297,2195363,4608800
5130,71,82,53269,1286,2195445,4667700
5131,68,73,53201,1281,2195518,4981400
5132,69,80,53132,1270,2195598,4690900
5133,61,74,53071,1257,2195672,4772200
5134,50,61,53021,1246,2195733,4801300
5135,63,51,52958,1258,2195784,4494700
5136,49,69,52909,1238,2195853,4814800
5137,57,61,52852,1234,2195914,4560000
5138,58,61,52794,1231,2195975,4847500
5139,56,52,52738,1235,2196027,4489200
5140,60,62,52678,1233,2196089,4591900
5141,66,58,52612,1241,2196147,4673700
5142,61,70,52551,1232,2196217,5064600
5143,63,56,52488,1239,2196273,4688700
5144,68,60,52420,1247,2196333,4956900
5145,59,78,52361,1228,2196411,4679600
5146,48,65,52313,1211,2196476,4985900
5147,69,56,52244,1224,2196532,4556200
5148,51,69,52193,1206,2196601,4862100
5149,51,56,52142,1201,2196657,4469800
5150,65,72,52077,1194,2196729,5023900
5151,44,58,52033,1180,2196787,5004100
5152,47,67,51986,1160,2196854,4634700
5153,50,62,51936,1148,2196916,4622100
5154,61,56,51875,1153,2196972,4519300
5155,66,57,51809,1162,2197029,4441900
5156,62,55,51747,1169,2197084,4716600
5157,55,72,51692,1152,2197156,4884900
5158,46,51,51646,1147,2197207,4519600
5159,61,47,51585,1161,2197254,4787200
5160,52,63,51533,1150,2197317,4571800
5161,64,56,51469,1158,2197373,4687800
5162,61,61,51408,1158,2197434,4970300
5163,62,68,51346,1152,2197502,4667600
5164,49,47,51297,1154,2197549,4952600
5165,63,65,51234,1152,2197614,4981900
5166,56,65,51178,1143,2197679,4947900
5167,69,58,51109,1154,2197737,4855000
5168,53,64,51056,1143,2197801,5243900
5169,59,53,50997,1149,2197854,5024400
5170,58,58,50939,1149,2197912,5012200
5171,66,53,50873,1162,2197965,4824000
5172,55,46,50818,1171,2198011,5095300
5173,53,64,50765,1160,2198075,4624000
5174,69,58,50696,1171,2198133,4701200
5175,77,69,50619,1179,2198202,4388000
5176,59,50,50560,1188,2198252,4581700
5177,58,50,50502,1196,2198302,4463400
5178,56,67,50446,1185,2198369,5065500
5179,60,57,50386,1188,2198426,5095600
5180,72,61,50314,1199,2198487,4894700
5181,45,59,50269,1185,2198546,4891400
5182,56,63,50213,1178,2198609,4491000
5183,61,69,50152,1170,2198678,4816300
5184,60,56,50092,1174,2198734,4471400
5185,55,52,50037,1177,2198786,4439900
5186,64,49,49973,1192,2198835,4651800
5187,62,54,49911,1200,2198889,4600800
5188,52,63,49859,1189,2198952,4822500
5189,65,58,49794,1196,2199010,4648400
5190,63,54,49731,1205,2199064,4997700
5191,60,52,49671,1213,2199116,4903800
5192,79,73,49592,1219,2199189,4952100
5193,63,64,49529,1218,2199253,4739500
5194,53,54,49476,1217,2199307,4892100
5195,47,72,49429,1192,2199379,4743800
5196,66,53,49363,1205,2199432,4921000
5197,59,56,49304,1208,2199488,4947200
5198,59,53,49245,1214,2199541,4509300
5199,58,54,49187,1218,2199595,4701400
5200,55,73,49132,1200,2199668,4959700
5201,50,55,49082,1195,2199723,5026400
5202,63,59,49019,1199,2199782,4622900
5203,73,71,48946,1201,2199853,5059700
5204,47,51,48899,1197,2199904,4607500
5205,59,56,48840,1200,2199960,4648900
5206,48,77,48792,1171,2200037,4710300
5207,62,60,48730,1173,2200097,4699200
5208,67,73,48663,1167,2200170,4500800
5209,65,63,48598,1169,2200233,4451500
5210,56,61,48542,1164,2200294,4599500
5211,52,54,48490,1162,2200348,4586000
5212,55,59,48435,1158,2200407,4707600
5213,48,66,48387,1140,2200473,4504200
5214,45,60,48342,1125,2200533,4543400
5215,45,59,48297,1111,2200592,4620500
5216,50,45,48247,1116,2200637,4645700
5217,58,70,48189,1104,2200707,4634600
5218,52,58,48137,1098,2200765,4961600
5219,55,52,48082,1101,2200817,4713400
5220,51,71,48031,1081,2200888,4721700
5221,51,58,47980,1074,2200946,4589800
5222,42,52,47938,1064,2200998,4606100
5223,49,46,47889,1067,2201044,4592300
5224,50,47,47839,1070,2201091,4637900
5225,50,50,47789,1070,2201141,4522200
5226,47,42,47742,1075,2201183,4330300
5227,45,66,47697,1054,2201249,4868000
5228,41,43,47656,1052,2201292,4415700
5229,43,60,47613,1035,2201352,5122900
5230,61,64,47552,1032,2201416,5044700
5231,54,67,47498,1019,2201483,4410800
5232,50,59,47448,1010,2201542,4388700
5233,49,46,47399,1013,2201588,4981300
5234,48,54,47351,1007,2201642,5064200
5235,46,52,47305,1001,2201694,5396900
5236,47,38,47258,1010,2201732,5202600
5237,55,64,47203,1001,2201796,5136400
5238,41,49,47162,993,2201845,5972600
5239,44,41,47118,996,2201886,5567000
5240,31,59,47087,968,2201945,5316100
5241,56,55,47031,969,2202000,5009200
5242,52,46,46979,975,2202046,4821700
5243,43,57,46936,961,2202103,4550500
5244,43,55,46893,949,2202158,4857300
5245,45,49,46848,945,2202207,4553300
5246,50,41,46798,954,2202248,4512300
5247,47,41,46751,960,2202289,4778500
5248,46,54,46705,952,2202343,4910300
5249,51,53,46654,950,2202396,4924200
5250,45,42,46609,953,2202438,4783400
5251,53,49,46556,957,2202487,5247400
5252,41,42,46515,956,2202529,5000800
5253,60,30,46455,986,2202559,5426500
5254,39,44,46416,981,2202603,4972100
5255,54,46,46362,989,2202649,4888900
5256,51,53,46311,987,2202702,5273600
5257,43,49,46268,981,2202751,4958200
5258,41,54,46227,968,2202805,4978700
5259,47,36,46180,979,2202841,5033300
5260,54,39,46126,994,2202880,5043100
5261,47,58,46079,983,2202938,4980200
5262,41,52,46038,972,2202990,4816700
5263,31,38,46007,965,2203028,5071700
5264,59,51,45948,973,2203079,4747700
5265,39,53,45909,959,2203132,5215600
5266,50,42,45859,967,2203174,4928800
5267,51,36,45808,982,2203210,4862500
5268,55,48,45753,989,2203258,4843600
5269,47,44,45706,992,2203302,4932200
5270,54,38,45652,1008,2203340,4832100
5271,37,41,45615,1004,2203381,4675500
5272,44,50,45571,998,2203431,4527100
5273,38,55,45533,981,2203486,4683500
5274,36,66,45497,951,2203552,4839900
5275,50,37,45447,964,2203589,4591600
5276,38,42,45409,960,2203631,4762700
5277,43,45,45366,958,2203676,5096600
5278,46,40,45320,964,2203716,4541500
5279,44,51,45276,957,2203767,4558400
5280,37,64,45239,930,2203831,4581700
5281,63,36,45176,957,2203867,4625500
5282,39,43,45137,953,2203910,4567600
5283,47,46,45090,954,2203956,4841900
5284,39,44,45051,949,2204000,4721300
5285,39,47,45012,941,2204047,4796300
5286,57,48,44955,950,2204095,4898200
5287,39,48,44916,941,2204143,5044000
5288,44,41,44872,944,2204184,4646100
5289,46,44,44826,946,2204228,4600400
5290,46,43,44780,949,2204271,4534400
5291,45,39,44735,955,2204310,4508500
5292,47,51,44688,951,2204361,4603100
5293,47,47,44641,951,2204408,4673500
5294,40,62,44601,929,2204470,4532400
5295,48,43,44553,934,2204513,4471700
5296,52,47,44501,939,2204560,4504700
5297,34,45,44467,928,2204605,4402400
5298,57,47,44410,938,2204652,4530100
5299,62,35,44348,965,2204687,4586700
5300,50,39,44298,976,2204726,4501300
5301,33,55,44265,954,2204781,4652900
5302,30,44,44235,940,2204825,4299600
5303,40,39,44195,941,2204864,4330300
5304,39,40,44156,940,2204904,4409800
5305,39,40,44117,939,2204944,5005600
5306,37,51,44080,925,2204995,4324500
5307,45,49,44035,921,2205044,4272500
5308,36,57,43999,900,2205101,4216800
5309,34,44,43965,890,2205145,4499900
5310,30,44,43935,876,2205189,4488000
5311,43,53,43892,866,2205242,4581500
5312,31,39,43861,858,2205281,4964300
5313,32,39,43829,851,2205320,4685400
5314,28,44,43801,835,2205364,4451800
5315,37,34,43764,838,2205398,4376100
5316,28,41,43736,825,2205439,4361700
5317,32,46,43704,811,2205485,4326100
5318,24,34,43680,801,2205519,4381500
5319,33,38,43647,796,2205557,4511500
5320,29,45,43618,780,2205602,5156700
5321,27,32,43591,775,2205634,4631000
5322,21,33,43570,763,2205667,4327700
5323,25,32,43545,756,2205699,4782700
5324,26,41,43519,741,2205740,4386300
5325,41,39,43478,743,2205779,4335200
5326,35,42,43443,736,2205821,4459600
5327,30,38,43413,728,2205859,4471600
5328,30,47,43383,711,2205906,4688800
5329,41,33,43342,719,2205939,4703100
5330,31,29,43311,721,2205968,5162400
5331,26,44,43285,703,2206012,4367800
5332,41,39,43244,705,2206051,4387100
5333,23,29,43221,699,2206080,4740900
5334,26,32,43195,693,2206112,4778100
5335,29,42,43166,680,2206154,4666700
5336,25,38,43141,667,2206192,4297500
5337,40,28,43101,679,2206220,4835100
5338,26,41,43075,664,2206261,4629900
5339,40,28,43035,676,2206289,5104500
5340,27,37,43008,666,2206326,5233800
5341,31,35,42977,662,2206361,4619400
5342,44,27,42933,679,2206388,4637900
5343,34,39,42899,674,2206427,4518400
5344,34,38,42865,670,2206465,4471600
5345,47,26,42818,691,2206491,4425700
5346,30,47,42788,674,2206538,4596900
5347,40,39,42748,675,2206577,4560900
5348,25,30,42723,670,2206607,4437800
5349,31,29,42692,672,2206636,4241400
5350,35,49,42657,658,2206685,4639000
5351,26,31,42631,653,2206716,4400500
5352,37,34,42594,656,2206750,4234000
5353,28,37,42566,647,2206787,4867600
5354,28,33,42538,642,2206820,4753300
5355,27,27,42511,642,2206847,4986900
5356,24,30,42487,636,2206877,4360100
5357,31,28,42456,639,2206905,4623900
5358,27,36,42429,630,2206941,4408100
5359,25,31,42404,624,2206972,4685600
5360,34,20,42370,638,2206992,4542600
5361,35,35,42335,638,2207027,4398400
5362,36,44,42299,630,2207071,4326600
5363,27,38,42272,619,2207109,4235100
5364,25,34,42247,610,2207143,4386200
5365,31,35,42216,606,2207178,4390900
5366,32,32,42184,606,2207210,4235000
5367,33,26,42151,613,2207236,4312700
5368,33,22,42118,624,2207258,4674200
5369,45,33,42073,636,2207291,4549800
5370,27,38,42046,625,2207329,4342900
5371,27,37,42019,615,2207366,4520400
5372,25,27,41994,613,2207393,4656000
5373,39,32,41955,620,2207425,4452400
5374,23,24,41932,619,2207449,4245500
5375,22,25,41910,616,2207474,4614800
5376,23,33,41887,606,2207507,4341600
5377,31,42,41856,595,2207549,4708700
5378,30,29,41826,596,2207578,4543200
5379,35,28,41791,603,2207606,4369300
5380,33,38,41758,598,2207644,4353600
5381,35,28,41723,605,2207672,4490200
5382,35,30,41688,610,2207702,5083000
5383,29,26,41659,613,2207728,4394400
5384,26,33,41633,606,2207761,4838400
5385,28,33,41605,601,2207794,4820800
5386,26,19,41579,608,2207813,4505100
5387,24,26,41555,606,2207839,4495300
5388,29,27,41526,608,2207866,4958000
5389,20,27,41506,601,2207893,4560900
5390,29,36,41477,594,2207929,4349100
5391,34,41,41443,587,2207970,4439400
5392,28,19,41415,596,2207989,4505800
5393,18,30,41397,584,2208019,4522300
5394,27,30,41370,581,2208049,4469500
5395,27,24,41343,584,2208073,4664300
5396,30,34,41313,580,2208107,4881200
5397,30,23,41283,587,2208130,4540200
5398,30,39,41253,578,2208169,4349900
5399,19,29,41234,568,2208198,4381800
5400,22,31,41212,559,2208229,4465200
5401,26,27,41186,558,2208256,4729100
5402,34,19,41152,573,2208275,4491100
5403,31,31,41121,573,2208306,4367800
5404,36,37,41085,572,2208343,4505700
5405,31,26,41054,577,2208369,4389500
5406,31,27,41023,581,2208396,4448800
5407,31,28,40992,584,2208424,4313600
5408,37,18,40955,603,2208442,4315500
5409,27,21,40928,609,2208463,4513400
5410,24,33,40904,600,2208496,4314100
5411,32,26,40872,606,2208522,4478500
5412,26,30,40846,602,2208552,4683500
5413,28,34,40818,596,2208586,4385500
5414,31,32,40787,595,2208618,4347500
5415,27,27,40760,595,2208645,4391400
5416,22,27,40738,590,2208672,4657900
5417,25,30,40713,585,2208702,4510700
5418,30,30,40683,585,2208732,4548800
5419,32,31,40651,586,2208763,4813400
5420,21,30,40630,577,2208793,4842300
5421,23,26,40607,574,2208819,4399400
5422,31,34,40576,571,2208853,4410500
5423,21,18,40555,574,2208871,4448200
5424,27,27,40528,574,2208898,4605900
5425,26,25,40502,575,2208923,4493000
5426,34,27,40468,582,2208950,4670700
5427,28,35,40440,575,2208985,4784700
5428,27,30,40413,572,2209015,4480900
5429,24,29,40389,567,2209044,4441000
5430,30,24,40359,573,2209068,4663800
5431,30,23,40329,580,2209091,4441700
5432,25,41,40304,564,2209132,4357500
5433,32,39,40272,557,2209171,4412700
5434,19,18,40253,558,2209189,5038800
5435,33,23,40220,568,2209212,4375100
5436,31,42,40189,557,2209254,4413400
5437,25,23,40164,559,2209277,4375200
5438,33,16,40131,576,2209293,4351800
5439,34,29,40097,581,2209322,4322600
5440,31,33,40066,579,2209355,4540700
5441,26,25,40040,580,2209380,4991900
5442,26,29,40014,577,2209409,4633800
5443,30,29,39984,578,2209438,4989300
5444,24,31,39960,571,2209469,4895500
5445,28,22,39932,577,2209491,4436800
5446,25,34,39907,568,2209525,4264400
5447,23,23,39884,568,2209548,4626300
5448,32,33,39852,567,2209581,4485000
5449,30,24,39822,573,2209605,4543800
5450,17,29,39805,561,2209634,4628200
5451,15,25,39790,551,2209659,5315000
5452,29,35,39761,545,2209694,4887500
5453,21,33,39740,533,2209727,5099900
5454,29,28,39711,534,2209755,5005900
5455,26,25,39685,535,2209780,4393000
5456,23,17,39662,541,2209797,4641100
5457,17,28,39645,530,2209825,4428400
5458,23,40,39622,513,2209865,4277100
5459,21,30,39601,504,2209895,4415800
5460,18,24,39583,498,2209919,4367600
5461,31,22,39552,507,2209941,4634300
5462,25,23,39527,509,2209964,4758700
5463,28,22,39499,515,2209986,4620800
5464,21,25,39478,511,2210011,4380000
5465,11,33,39467,489,2210044,4330200
5466,18,26,39449,481,2210070,4315400
5467,21,19,39428,483,2210089,5240700
5468,17,26,39411,474,2210115,4575700
5469,23,22,39388,475,2210137,4516300
5470,20,29,39368,466,2210166,4594300
5471,28,24,39340,470,2210190,4606400
5472,23,24,39317,469,2210214,4394300
5473,26,20,39291,475,2210234,4833700
5474,19,20,39272,474,2210254,4632700
5475,18,24,39254,468,2210278,4535900
5476,26,34,39228,460,2210312,4448100
5477,29,23,39199,466,2210335,4600500
5478,23,21,39176,468,2210356,4445300
5479,17,25,39159,460,2210381,4416600
5480,23,19,39136,464,2210400,4501300
5481,14,33,39122,445,2210433,4397000
5482,24,26,39098,443,2210459,4421100
5483,18,24,39080,437,2210483,4461100
5484,25,19,39055,443,2210502,4281800
5485,25,22,39030,446,2210524,4224500
5486,23,20,39007,449,2210544,4411400
5487,23,32,38984,440,2210576,4982000
5488,26,10,38958,456,2210586,4464300
5489,19,21,38939,454,2210607,4339100
5490,27,22,38912,459,2210629,4304300
5491,29,20,38883,468,2210649,4447800
5492,20,33,38863,455,2210682,4332300
5493,21,23,38842,453,2210705,4257200
5494,27,25,38815,455,2210730,4347300
5495,23,18,38792,460,2210748,4501300
5496,20,20,38772,460,2210768,4422300
5497,23,24,38749,459,2210792,4230100
5498,25,26,38724,458,2210818,4649100
5499,25,23,38699,460,2210841,4399400
5500,20,22,38679,458,2210863,4292400
5501,28,18,38651,468,2210881,4211500
5502,17,23,38634,462,2210904,4461300
5503,23,21,38611,464,2210925,4451500
5504,32,20,38579,476,2210945,4464200
5505,26,19,38553,483,2210964,4341500
5506,26,28,38527,481,2210992,4374700
5507,22,17,38505,486,2211009,4315300
5508,25,26,38480,485,2211035,4244500
5509,26,19,38454,492,2211054,4531400
5510,25,24,38429,493,2211078,4380200
5511,28,21,38401,500,2211099,4277500
5512,21,24,38380,497,2211123,4356100
5513,40,25,38340,512,2211148,4463800
5514,22,21,38318,513,2211169,4670800
5515,33,24,38285,522,2211193,4494100
5516,24,26,38261,520,2211219,4515800
5517,22,22,38239,520,2211241,4402700
5518,22,24,38217,518,2211265,4487000
5519,26,29,38191,515,2211294,4731300
5520,22,30,38169,507,2211324,4975700
5521,31,26,38138,512,2211350,4493800
5522,26,22,38112,516,2211372,4605000
5523,30,28,38082,518,2211400,4938600
5524,30,22,38052,526,2211422,4572000
5525,26,26,38026,526,2211448,4467700
5526,24,30,38002,520,2211478,4701300
5527,28,21,37974,527,2211499,4974800
5528,22,24,37952,525,2211523,4496500
5529,25,28,37927,522,2211551,4689700
5530,27,24,37900,525,2211575,4477800
5531,23,30,37877,518,2211605,4810300
5532,22,22,37855,518,2211627,4532000
5533,20,28,37835,510,2211655,4631900
5534,22,22,37813,510,2211677,4522000
5535,16,40,37797,486,2211717,4531000
5536,31,31,37766,486,2211748,5207200
5537,24,20,37742,490,2211768,5030200
5538,20,20,37722,490,2211788,4487500
5539,29,21,37693,498,2211809,4550200
5540,28,28,37665,498,2211837,5071300
5541,30,21,37635,507,2211858,4503200
5542,22,24,37613,505,2211882,4607700
5543,16,24,37597,497,2211906,4343500
5544,19,21,37578,495,2211927,4448300
5545,22,26,37556,491,2211953,4324600
5546,18,28,37538,481,2211981,4514100
5547,22,32,37516,471,2212013,4593300
5548,23,24,37493,470,2212037,4499100
5549,24,21,37469,473,2212058,5299200
5550,29,27,37440,475,2212085,4563800
5551,27,28,37413,474,2212113,4360800
5552,21,21,37392,474,2212134,4507100
5553,22,29,37370,467,2212163,4565700
5554,21,31,37349,457,2212194,4625400
5555,22,30,37327,449,2212224,4692100
5556,14,17,37313,446,2212241,4762100
5557,19,24,37294,441,2212265,4606200
5558,22,24,37272,439,2212289,4450800
5559,15,20,37257,434,2212309,4726900
5560,10,20,37247,424,2212329,4649800
5561,15,15,37232,424,2212344,5068400
5562,20,28,37212,416,2212372,4993200
5563,18,24,37194,410,2212396,4986800
5564,15,15,37179,410,2212411,4985900
5565,26,20,37153,416,2212431,5058600
5566,21,18,37132,419,2212449,4631500
5567,23,20,37109,422,2212469,4434100
5568,10,15,37099,417,2212484,4518300
5569,20,20,37079,417,2212504,4656000
5570,20,23,37059,414,2212527,4848300
5571,15,17,37044,412,2212544,4363900
5572,18,17,37026,413,2212561,4441000
5573,14,18,37012,409,2212579,4495600
5574,16,21,36996,404,2212600,4336100
5575,23,21,36973,406,2212621,4325900
5576,16,9,36957,413,2212630,4737800
5577,18,18,36939,413,2212648,4366300
5578,19,32,36920,400,2212680,4264700
5579,24,21,36896,403,2212701,4416600
5580,15,21,36881,397,2212722,4473200
5581,15,31,36866,381,2212753,4305400
5582,21,17,36845,385,2212770,4774800
5583,12,18,36833,379,2212788,4886300
5584,22,14,36811,387,2212802,4263600
5585,25,24,36786,388,2212826,4282100
5586,16,20,36770,384,2212846,4414000
5587,22,18,36748,388,2212864,4274400
5588,19,22,36729,385,2212886,4286800
5589,14,16,36715,383,2212902,4376100
5590,24,26,36691,381,2212928,4528600
5591,22,27,36669,376,2212955,4630000
5592,13,19,36656,370,2212974,5000800
5593,25,18,36631,377,2212992,4381200
5594,16,18,36615,375,2213010,5211700
5595,21,23,36594,373,2213033,4351200
5596,22,14,36572,381,2213047,4767100
5597,21,12,36551,390,2213059,4315600
5598,14,18,36537,386,2213077,4334700
5599,14,9,36523,391,2213086,4347600
5600,18,13,36505,396,2213099,4771700
5601,24,20,36481,400,2213119,4346200
5602,22,22,36459,400,2213141,4339800
5603,22,20,36437,402,2213161,4714100
5604,23,28,36414,397,2213189,4827600
5605,22,18,36392,401,2213207,4722900
5606,21,26,36371,396,2213233,4962800
5607,28,18,36343,406,2213251,5069200
5608,22,20,36321,408,2213271,4443800
5609,13,28,36308,393,2213299,4530700
5610,16,18,36292,391,2213317,4347800
5611,20,14,36272,397,2213331,4320200
5612,24,20,36248,401,2213351,4755500
5613,30,13,36218,418,2213364,5201100
5614,18,23,36200,413,2213387,4355800
5615,21,20,36179,414,2213407,4522600
5616,18,27,36161,405,2213434,4424200
5617,19,19,36142,405,2213453,4487400
5618,20,21,36122,404,2213474,4718000
5619,20,15,36102,409,2213489,4473100
5620,18,22,36084,405,2213511,4766200
5621,19,28,36065,396,2213539,4650400
5622,20,18,36045,398,2213557,4541000
5623,13,22,36032,389,2213579,4970000
5624,15,17,36017,387,2213596,4466800
5625,17,15,36000,389,2213611,4579200
5626,20,17,35980,392,2213628,4362600
5627,24,21,35956,395,2213649,5019600
5628,18,21,35938,392,2213670,4375200
5629,15,13,35923,394,2213683,4264500
5630,14,19,35909,389,2213702,5034600
5631,16,23,35893,382,2213725,4308100
5632,21,19,35872,384,2213744,4652800
5633,18,19,35854,383,2213763,4663100
5634,15,17,35839,381,2213780,4688200
5635,23,25,35816,379,2213805,4494700
5636,20,22,35796,377,2213827,4401300
5637,14,27,35782,364,2213854,4731800
5638,12,15,35770,361,2213869,4552700
5639,22,22,35748,361,2213891,4277300
5640,17,21,35731,357,2213912,4439800
5641,19,19,35712,357,2213931,4444900
5642,10,17,35702,350,2213948,4393400
5643,18,15,35684,353,2213963,4364600
5644,13,18,35671,348,2213981,4566700
5645,14,15,35657,347,2213996,4341200
5646,15,17,35642,345,2214013,4239000
5647,14,15,35628,344,2214028,4358300
5648,17,14,35611,347,2214042,4616800
5649,14,20,35597,341,2214062,4542400
5650,19,21,35578,339,2214083,4641400
5651,19,20,35559,338,2214103,4490000
5652,15,16,35544,337,2214119,4413400
5653,14,17,35530,334,2214136,4892000
5654,16,13,35514,337,2214149,4947800
5655,25,15,35489,347,2214164,4748500
5656,12,25,35477,334,2214189,5107400
5657,17,13,35460,338,2214202,4405500
5658,13,21,35447,330,2214223,4380100
5659,14,16,35433,328,2214239,4185300
5660,18,11,35415,335,2214250,4248500
5661,17,18,35398,334,2214268,4673400
5662,14,17,35384,331,2214285,4324000
5663,20,15,35364,336,2214300,4415700
5664,11,16,35353,331,2214316,4444900
5665,15,17,35338,329,2214333,4435200
5666,19,18,35319,330,2214351,4663800
5667,11,18,35308,323,2214369,4481500
5668,9,14,35299,318,2214383,4521600
5669,18,20,35281,316,2214403,4885400
5670,9,13,35272,312,2214416,4543700
5671,18,20,35254,310,2214436,4703200
5672,12,13,35242,309,2214449,4431300
5673,13,12,35229,310,2214461,4643800
5674,13,13,35216,310,2214474,4595600
5675,18,18,35198,310,2214492,4885200
5676,11,16,35187,305,2214508,4772200
5677,17,11,35170,311,2214519,4378100
5678,6,22,35164,295,2214541,4421700
5679,10,16,35154,289,2214557,4407900
5680,13,15,35141,287,2214572,4654300
5681,13,18,35128,282,2214590,4325800
5682,14,17,35114,279,2214607,4281500
5683,13,11,35101,281,2214618,4273300
5684,7,17,35094,271,2214635,4267300
5685,11,14,35083,268,2214649,4763300
5686,7,17,35076,258,2214666,4416400
5687,12,12,35064,258,2214678,4455200
5688,5,15,35059,248,2214693,4355200
5689,7,9,35052,246,2214702,4624400
5690,8,17,35044,237,2214719,4545000
5691,15,12,35029,240,2214731,4338700
5692,12,14,35017,238,2214745,4414900
5693,8,19,35009,227,2214764,4632500
5694,9,4,35000,232,2214768,4501600
5695,8,10,34992,230,2214778,4708300
5696,11,9,34981,232,2214787,4823100
5697,11,7,34970,236,2214794,4638700
5698,7,15,34963,228,2214809,4402600
5699,9,14,34954,223,2214823,4563500
5700,10,14,34944,219,2214837,4513000
5701,16,9,34928,226,2214846,4737700
5702,14,11,34914,229,2214857,4589500
5703,9,8,34905,230,2214865,4388400
5704,6,11,34899,225,2214876,4260900
5705,7,13,34892,219,2214889,4484100
5706,5,11,34887,213,2214900,4492300
5707,10,14,34877,209,2214914,4588800
5708,7,12,34870,204,2214926,4399600
5709,9,8,34861,205,2214934,4543700
5710,5,9,34856,201,2214943,4792000
5711,8,11,34848,198,2214954,4508900
5712,6,15,34842,189,2214969,4739900
5713,5,11,34837,183,2214980,4362700
5714,9,9,34828,183,2214989,4230900
5715,11,10,34817,184,2214999,4242600
5716,10,5,34807,189,2215004,4913800
5717,10,7,34797,192,2215011,4743400
5718,2,14,34795,180,2215025,4283200
5719,6,10,34789,176,2215035,4402900
5720,12,9,34777,179,2215044,4318100
5721,7,8,34770,178,2215052,4729400
5722,4,10,34766,172,2215062,4440800
5723,7,6,34759,173,2215068,4501800
5724,11,6,34748,178,2215074,4285300
5725,8,12,34740,174,2215086,4242500
5726,9,9,34731,174,2215095,4719200
5727,8,14,34723,168,2215109,4411000
5728,12,10,34711,170,2215119,4345600
5729,7,14,34704,163,2215133,4339700
5730,6,7,34698,162,2215140,4705600
5731,8,7,34690,163,2215147,4331700
5732,8,8,34682,163,2215155,4417300
5733,8,12,34674,159,2215167,4481500
5734,9,8,34665,160,2215175,4513400
5735,6,4,34659,162,2215179,4956600
5736,8,4,34651,166,2215183,4672500
5737,8,8,34643,166,2215191,4886400
5738,5,6,34638,165,2215197,4982600
5739,7,9,34631,163,2215206,4430400
5740,11,9,34620,165,2215215,4403000
5741,9,7,34611,167,2215222,4424500
5742,8,13,34603,162,2215235,4176700
5743,7,5,34596,164,2215240,4282500
5744,11,5,34585,170,2215245,4732300
5745,4,10,34581,164,2215255,4285100
5746,5,6,34576,163,2215261,4850000
5747,6,9,34570,160,2215270,4467900
5748,2,8,34568,154,2215278,4879300
5749,5,5,34563,154,2215283,4712500
5750,3,6,34560,151,2215289,4588900
5751,6,4,34554,153,2215293,4587000
5752,8,11,34546,150,2215304,4898600
5753,7,4,34539,153,2215308,4478300
5754,12,5,34527,160,2215313,4422500
5755,7,9,34520,158,2215322,4277200
5756,7,8,34513,157,2215330,4251000
5757,8,9,34505,156,2215339,4296700
5758,7,6,34498,157,2215345,4368500
5759,6,6,34492,157,2215351,4310500
5760,4,8,34488,153,2215359,4369300
5761,6,10,34482,149,2215369,4369500
5762,3,7,34479,145,2215376,4562800
5763,6,11,34473,140,2215387,4678900
5764,4,5,34469,139,2215392,4669000
5765,5,3,34464,141,2215395,4710000
5766,5,9,34459,137,2215404,4715200
5767,1,5,34458,133,2215409,4791600
5768,8,11,34450,130,2215420,4341000
5769,5,6,34445,129,2215426,4191800
5770,9,11,34436,127,2215437,4518000
5771,8,11,34428,124,2215448,4390100
5772,9,4,34419,129,2215452,4704600
5773,8,6,34411,131,2215458,4304200
5774,4,4,34407,131,2215462,4685700
5775,3,3,34404,131,2215465,4283000
5776,8,7,34396,132,2215472,4360900
5777,3,5,34393,130,2215477,4396200
5778,3,8,34390,125,2215485,4589700
5779,6,6,34384,125,2215491,4357300
5780,4,6,34380,123,2215497,4522900
5781,6,8,34374,121,2215505,4483500
5782,4,3,34370,122,2215508,4949500
5783,5,4,34365,123,2215512,4966800
5784,6,12,34359,117,2215524,4908400
5785,8,7,34351,118,2215531,4464500
5786,2,2,34349,118,2215533,4375600
5787,4,7,34345,115,2215540,4259400
5788,1,7,34344,109,2215547,5079900
5789,4,4,34340,109,2215551,4634200
5790,1,4,34339,106,2215555,4464600
5791,3,6,34336,103,2215561,4442400
5792,6,7,34330,102,2215568,4635100
5793,2,6,34328,98,2215574,4630400
5794,1,2,34327,97,2215576,4438900
5795,6,12,34321,91,2215588,4769700
5796,3,7,34318,87,2215595,4808900
5797,2,2,34316,87,2215597,4487300
5798,2,5,34314,84,2215602,4474000
5799,2,7,34312,79,2215609,4607000
5800,1,2,34311,78,2215611,5217700
5801,3,6,34308,75,2215617,4400900
5802,1,5,34307,71,2215622,4533200
5803,1,5,34306,67,2215627,4700300
5804,1,6,34305,62,2215633,4654100
5805,0,3,34305,59,2215636,4361900
5806,1,0,34304,60,2215636,4455900
5807,0,8,34304,52,2215644,4856400
5808,1,0,34303,53,2215644,4363200
5809,3,8,34300,48,2215652,4619000
5810,1,4,34299,45,2215656,4577500
5811,1,1,34298,45,2215657,4516400
5812,1,3,34297,43,2215660,4787300
5813,3,1,34294,45,2215661,4395800
5814,2,2,34292,45,2215663,4521300
5815,0,1,34292,44,2215664,4411400
5816,1,2,34291,43,2215666,4481600
5817,1,2,34290,42,2215668,4414500
5818,2,0,34288,44,2215668,4391400
5819,1,1,34287,44,2215669,4529100
5820,2,4,34285,42,2215673,4398800
5821,3,2,34282,43,2215675,4404600
5822,3,3,34279,43,2215678,4431500
5823,3,2,34276,44,2215680,4801400
5824,2,4,34274,42,2215684,4426200
5825,1,2,34273,41,2215686,4642600
5826,4,2,34269,43,2215688,4659500
5827,0,4,34269,39,2215692,4619500
5828,2,2,34267,39,2215694,4438600
5829,1,1,34266,39,2215695,4833000
5830,2,3,34264,38,2215698,4553400
5831,0,2,34264,36,2215700,4481500
5832,1,3,34263,34,2215703,4508900
5833,3,1,34260,36,2215704,4459800
5834,3,1,34257,38,2215705,4404900
5835,2,2,34255,38,2215707,4387300
5836,4,4,34251,38,2215711,4828500
5837,0,1,34251,37,2215712,4409600
5838,2,4,34249,35,2215716,4349300
5839,3,1,34246,37,2215717,4316900
5840,1,1,34245,37,2215718,4826900
5841,1,3,34244,35,2215721,4433900
5842,3,3,34241,35,2215724,4339000
5843,1,4,34240,32,2215728,4388900
5844,2,3,34238,31,2215731,4576900
5845,3,0,34235,34,2215731,4268200
5846,1,1,34234,34,2215732,4282700
5847,3,2,34231,35,2215734,4413100
5848,2,2,34229,35,2215736,4382500
5849,1,3,34228,33,2215739,4548200
5850,1,0,34227,34,2215739,4571200
5851,2,2,34225,34,2215741,4526200
5852,0,1,34225,33,2215742,4491200
5853,1,0,34224,34,2215742,4483800
5854,2,0,34222,36,2215742,4595700
5855,2,1,34220,37,2215743,4554700
5856,6,0,34214,43,2215743,4504400
5857,0,3,34214,40,2215746,4343700
5858,3,3,34211,40,2215749,4499000
5859,0,3,34211,37,2215752,4337300
5860,2,1,34209,38,2215753,4309100
5861,3,1,34206,40,2215754,4402400
5862,1,0,34205,41,2215754,4394900
5863,1,6,34204,36,2215760,4480000
5864,1,3,34203,34,2215763,4905200
5865,1,1,34202,34,2215764,4929600
5866,0,2,34202,32,2215766,4995300
5867,0,2,34202,30,2215768,4768800
5868,0,0,34202,30,2215768,4504500
5869,1,1,34201,30,2215769,4538000
5870,4,0,34197,34,2215769,4442900
5871,3,0,34194,37,2215769,4449200
5872,1,3,34193,35,2215772,4361100
5873,0,1,34193,34,2215773,4405400
5874,0,2,34193,32,2215775,4297600
5875,0,1,34193,31,2215776,4332900
5876,0,2,34193,29,2215778,4218000
5877,0,2,34193,27,2215780,4278900
5878,0,2,34193,25,2215782,4283000
5879,0,0,34193,25,2215782,4239200
5880,0,2,34193,23,2215784,4294900
5881,0,0,34193,23,2215784,4428400
5882,0,3,34193,20,2215787,4302900
5883,0,0,34193,20,2215787,4305900
5884,0,0,34193,20,2215787,4475800
5885,0,0,34193,20,2215787,4506500
5886,0,1,34193,19,2215788,4439100
5887,0,4,34193,15,2215792,4591700
5888,0,2,34193,13,2215794,4682400
5889,0,0,34193,13,2215794,4532500
5890,0,1,34193,12,2215795,4235600
5891,0,0,34193,12,2215795,4593800
5892,0,0,34193,12,2215795,4406600
5893,0,0,34193,12,2215795,4547300
5894,0,0,34193,12,2215795,4591900
5895,0,0,34193,12,2215795,4662200
5896,0,1,34193,11,2215796,4996800
5897,0,1,34193,10,2215797,4551000
5898,0,0,34193,10,2215797,4587300
5899,0,1,34193,9,2215798,4827600
5900,0,2,34193,7,2215800,4726700
5901,0,0,34193,7,2215800,4881200
5902,0,0,34193,7,2215800,4762900
5903,0,0,34193,7,2215800,4389300
5904,0,0,34193,7,2215800,4322700
5905,0,0,34193,7,2215800,4365200
5906,0,0,34193,7,2215800,4367900
5907,0,1,34193,6,2215801,4407000
5908,0,0,34193,6,2215801,4552500
5909,0,0,34193,6,2215801,4872900
5910,0,1,34193,5,2215802,4544600
5911,0,1,34193,4,2215803,4663700
5912,0,0,34193,4,2215803,4542200
5913,0,0,34193,4,2215803,4785100
5914,0,0,34193,4,2215803,4677100
5915,0,0,34193,4,2215803,4716900
5916,0,0,34193,4,2215803,4639500
5917,0,0,34193,4,2215803,4678800
5918,0,0,34193,4,2215803,4659700
5919,0,0,34193,4,2215803,4569100
5920,0,0,34193,4,2215803,4418400
5921,0,1,34193,3,2215804,4797600
5922,0,0,34193,3,2215804,4617900
5923,0,0,34193,3,2215804,4538800
5924,0,0,34193,3,2215804,4454600
5925,0,0,34193,3,2215804,4679600
5926,0,0,34193,3,2215804,4669100
5927,0,1,34193,2,2215805,4671300
5928,0,0,34193,2,2215805,4820900
5929,0,0,34193,2,2215805,4531800
5930,0,2,34193,0,2215807,4434300
