Tick,NewlyInfected,NewlyRecovered,TotalSusceptible,TotalInfected,TotalRecovered,StepTimeNanos
0,2,0,2249993,7,0,5218900
1,1,0,2249992,8,0,4651400
2,0,1,2249992,7,1,4705400
3,3,0,2249989,10,1,4567800
4,3,0,2249986,13,1,4472500
5,3,1,2249983,15,2,4579000
6,3,1,2249980,17,3,4574800
7,1,2,2249979,16,5,5060700
8,5,1,2249974,20,6,4516100
9,9,2,2249965,27,8,4396500
10,7,2,2249958,32,10,4445900
11,7,1,2249951,38,11,4525600
12,3,0,2249948,41,11,4461100
13,8,1,2249940,48,12,4406200
14,5,1,2249935,52,13,4622200
15,4,6,2249931,50,19,4523700
16,9,0,2249922,59,19,4939800
17,9,2,2249913,66,21,4592700
18,3,3,2249910,66,24,4646900
19,4,6,2249906,64,30,4687100
20,4,0,2249902,68,30,4549300
21,10,4,2249892,74,34,4824200
22,10,3,2249882,81,37,4738400
23,6,4,2249876,83,41,4426600
24,13,3,2249863,93,44,4378000
25,8,6,2249855,95,50,4359400
26,12,4,2249843,103,54,4320300
27,7,3,2249836,107,57,4495100
28,7,5,2249829,109,62,4701600
29,14,2,2249815,121,64,4326600
30,16,6,2249799,131,70,4441600
31,9,2,2249790,138,72,4318000
32,12,9,2249778,141,81,4510700
33,16,5,2249762,152,86,4542200
34,19,11,2249743,160,97,4487500
35,12,9,2249731,163,106,4407800
36,12,8,2249719,167,114,4538400
37,11,7,2249708,171,121,4437300
38,24,5,2249684,190,126,4454200
39,17,5,2249667,202,131,4382300
40,20,7,2249647,215,138,4336000
41,18,15,2249629,218,153,4394300
42,28,14,2249601,232,167,4274500
43,19,16,2249582,235,183,4570600
44,31,8,2249551,258,191,4323000
45,21,14,2249530,265,205,4364800
46,11,17,2249519,259,222,4385300
47,18,10,2249501,267,232,4245300
48,24,8,2249477,283,240,4306400
49,18,17,2249459,284,257,4198100
50,23,10,2249436,297,267,4352800
51,24,11,2249412,310,278,4269200
52,18,21,2249394,307,299,4364600
53,20,8,2249374,319,307,4488600
54,27,21,2249347,325,328,4281800
55,29,14,2249318,340,342,4498000
56,21,16,2249297,345,358,4347300
57,26,16,2249271,355,374,4300600
58,20,23,2249251,352,397,4439600
59,34,13,2249217,373,410,4570000
60,27,11,2249190,389,421,4336100
61,17,21,2249173,385,442,4653900
62,22,15,2249151,392,457,4412600
63,20,17,2249131,395,474,4309500
64,31,23,2249100,403,497,4452000
65,34,14,2249066,423,511,4328100
66,25,22,2249041,426,533,4525800
67,32,22,2249009,436,555,4440600
68,26,29,2248983,433,584,4371400
69,29,28,2248954,434,612,4495100
70,28,25,2248926,437,637,4327500
71,28,29,2248898,436,666,4350500
72,24,21,2248874,439,687,4495400
73,26,19,2248848,446,706,4464200
74,28,20,2248820,454,726,4595600
75,31,31,2248789,454,757,4435800
76,32,21,2248757,465,778,4371400
77,27,26,2248730,466,804,4540700
78,38,18,2248692,486,822,4545500
79,37,27,2248655,496,849,4636000
80,38,25,2248617,509,874,4680800
81,46,26,2248571,529,900,4949000
82,42,33,2248529,538,933,5189000
83,46,26,2248483,558,959,4763500
84,40,32,2248443,566,991,4731900
85,58,28,2248385,596,1019,4307000
86,44,22,2248341,618,1041,4326800
87,49,32,2248292,635,1073,4485500
88,62,28,2248230,669,1101,4609600
89,52,32,2248178,689,1133,4518400
90,61,28,2248117,722,1161,4489400
91,58,34,2248059,746,1195,4439100
92,52,29,2248007,769,1224,4493200
93,53,31,2247954,791,1255,4559500
94,58,44,2247896,805,1299,4429100
95,53,34,2247843,824,1333,4430100
96,47,37,2247796,834,1370,4393100
97,52,49,2247744,837,1419,4437800
98,47,40,2247697,844,1459,4445300
99,49,44,2247648,849,1503,4507600
100,48,47,2247600,850,1550,4545600
101,53,53,2247547,850,1603,4519200
102,66,33,2247481,883,1636,4430100
103,49,42,2247432,890,1678,4514800
104,53,63,2247379,880,1741,4512700
105,52,53,2247327,879,1794,4474300
106,50,53,2247277,876,1847,4311600
107,63,50,2247214,889,1897,4433000
108,54,57,2247160,886,1954,4656500
109,46,47,2247114,885,2001,4579900
110,50,38,2247064,897,2039,4571300
111,60,45,2247004,912,2084,4448800
112,58,46,2246946,924,2130,4467400
113,57,53,2246889,928,2183,4790500
114,65,45,2246824,948,2228,4553300
115,46,40,2246778,954,2268,4758100
116,47,41,2246731,960,2309,4637900
117,57,37,2246674,980,2346,4276900
118,60,48,2246614,992,2394,4213600
119,57,47,2246557,1002,2441,4284700
120,61,42,2246496,1021,2483,4221300
121,55,50,2246441,1026,2533,4267900
122,61,41,2246380,1046,2574,4539900
123,61,51,2246319,1056,2625,4422900
124,70,51,2246249,1075,2676,4382300
125,72,63,2246177,1084,2739,4449300
126,57,51,2246120,1090,2790,4233600
127,82,47,2246038,1125,2837,4423600
128,74,63,2245964,1136,2900,4300800
129,71,56,2245893,1151,2956,4767200
130,80,52,2245813,1179,3008,4609900
131,74,52,2245739,1201,3060,4494700
132,75,53,2245664,1223,3113,4415400
133,80,76,2245584,1227,3189,4387100
134,67,70,2245517,1224,3259,4656800
135,61,56,2245456,1229,3315,4243100
136,50,49,2245406,1230,3364,4270700
137,53,61,2245353,1222,3425,4326500
138,82,62,2245271,1242,3487,4245400
139,68,64,2245203,1246,3551,4396100
140,59,68,2245144,1237,3619,4533400
141,83,55,2245061,1265,3674,4355500
142,75,72,2244986,1268,3746,4515100
143,88,38,2244898,1318,3784,4392200
144,88,48,2244810,1358,3832,4556800
145,78,68,2244732,1368,3900,4631500
146,65,69,2244667,1364,3969,4449500
147,93,78,2244574,1379,4047,4399500
148,85,77,2244489,1387,4124,4304500
149,98,59,2244391,1426,4183,4417300
150,91,70,2244300,1447,4253,4558200
151,100,62,2244200,1485,4315,4416500
152,84,77,2244116,1492,4392,4422800
153,97,81,2244019,1508,4473,4572100
154,91,82,2243928,1517,4555,4621200
155,89,84,2243839,1522,4639,4494700
156,93,56,2243746,1559,4695,4556900
157,103,75,2243643,1587,4770,4437300
158,98,77,2243545,1608,4847,4642200
159,96,75,2243449,1629,4922,4441300
160,83,81,2243366,1631,5003,4632200
161,97,77,2243269,1651,5080,4445800
162,98,80,2243171,1669,5160,4352300
163,88,95,2243083,1662,5255,4339400
164,93,88,2242990,1667,5343,4345400
165,92,83,2242898,1676,5426,4491400
166,100,75,2242798,1701,5501,4755500
167,81,82,2242717,1700,5583,4474800
168,71,73,2242646,1698,5656,4530800
169,80,81,2242566,1697,5737,4385700
170,99,84,2242467,1712,5821,4381300
171,96,77,2242371,1731,5898,4422900
172,87,77,2242284,1741,5975,4369500
173,92,94,2242192,1739,6069,4354800
174,96,88,2242096,1747,6157,4518400
175,96,75,2242000,1768,6232,4392700
176,100,100,2241900,1768,6332,4432900
177,88,98,2241812,1758,6430,4688600
178,77,68,2241735,1767,6498,4479600
179,92,93,2241643,1766,6591,4496300
180,98,93,2241545,1771,6684,4589900
181,93,97,2241452,1767,6781,4426500
182,85,71,2241367,1781,6852,4440700
183,106,106,2241261,1781,6958,4406000
184,79,86,2241182,1774,7044,4336700
185,97,86,2241085,1785,7130,4658400
186,86,94,2240999,1777,7224,4642600
187,94,91,2240905,1780,7315,4619200
188,100,83,2240805,1797,7398,4610100
189,93,118,2240712,1772,7516,4633800
190,104,92,2240608,1784,7608,4770700
191,122,84,2240486,1822,7692,4550400
192,113,105,2240373,1830,7797,4349300
193,113,114,2240260,1829,7911,4409900
194,104,79,2240156,1854,7990,4416900
195,98,96,2240058,1856,8086,4476900
196,105,103,2239953,1858,8189,4328100
197,114,94,2239839,1878,8283,4232700
198,107,105,2239732,1880,8388,4367600
199,117,81,2239615,1916,8469,4381900
200,122,123,2239493,1915,8592,4405600
201,120,99,2239373,1936,8691,4598100
202,109,104,2239264,1941,8795,4467400
203,111,103,2239153,1949,8898,4449100
204,108,89,2239045,1968,8987,4453700
205,96,105,2238949,1959,9092,4338000
206,109,111,2238840,1957,9203,4387000
207,102,102,2238738,1957,9305,4601700
208,109,103,2238629,1963,9408,4314000
209,108,97,2238521,1974,9505,4255000
210,121,96,2238400,1999,9601,4343000
211,138,95,2238262,2042,9696,4694400
212,125,106,2238137,2061,9802,4281700
213,114,99,2238023,2076,9901,4313500
214,113,98,2237910,2091,9999,4378000
215,120,96,2237790,2115,10095,4272200
216,125,97,2237665,2143,10192,4361000
217,131,110,2237534,2164,10302,4280000
218,114,118,2237420,2160,10420,4325600
219,121,99,2237299,2182,10519,4404100
220,95,119,2237204,2158,10638,4387300
221,118,123,2237086,2153,10761,4506500
222,134,104,2236952,2183,10865,4490600
223,128,108,2236824,2203,10973,4405700
224,119,106,2236705,2216,11079,4726800
225,127,113,2236578,2230,11192,4623200
226,111,110,2236467,2231,11302,4356200
227,139,113,2236328,2257,11415,4448300
228,140,127,2236188,2270,11542,4341600
229,120,125,2236068,2265,11667,4435400
230,118,121,2235950,2262,11788,4716200
231,131,113,2235819,2280,11901,4381600
232,149,126,2235670,2303,12027,4366500
233,132,114,2235538,2321,12141,4711000
234,136,94,2235402,2363,12235,4479200
235,119,126,2235283,2356,12361,4745800
236,136,120,2235147,2372,12481,4326000
237,144,129,2235003,2387,12610,4421300
238,126,120,2234877,2393,12730,4462500
239,127,116,2234750,2404,12846,4439200
240,137,115,2234613,2426,12961,4356300
241,138,108,2234475,2456,13069,4572600
242,142,122,2234333,2476,13191,4641900
243,144,111,2234189,2509,13302,4712600
244,155,116,2234034,2548,13418,4546800
245,136,146,2233898,2538,13564,4444900
246,121,126,2233777,2533,13690,4595500
247,112,129,2233665,2516,13819,4580500
248,143,128,2233522,2531,13947,4515200
249,144,147,2233378,2528,14094,4747600
250,143,132,2233235,2539,14226,4840500
251,143,111,2233092,2571,14337,5016800
252,158,117,2232934,2612,14454,4701400
253,151,132,2232783,2631,14586,4657100
254,140,124,2232643,2647,14710,4624400
255,142,132,2232501,2657,14842,4554800
256,132,149,2232369,2640,14991,4504200
257,143,149,2232226,2634,15140,4600500
258,142,141,2232084,2635,15281,4635300
259,136,119,2231948,2652,15400,4777700
260,146,128,2231802,2670,15528,4454900
261,159,124,2231643,2705,15652,4796500
262,135,145,2231508,2695,15797,4524200
263,142,151,2231366,2686,15948,4316500
264,153,153,2231213,2686,16101,4446500
265,178,121,2231035,2743,16222,4365900
266,137,132,2230898,2748,16354,4231700
267,134,139,2230764,2743,16493,4234100
268,150,133,2230614,2760,16626,4287500
269,157,139,2230457,2778,16765,4345700
270,142,131,2230315,2789,16896,4345900
271,164,147,2230151,2806,17043,4259700
272,175,157,2229976,2824,17200,4472300
273,165,137,2229811,2852,17337,4312700
274,178,132,2229633,2898,17469,4244200
275,170,162,2229463,2906,17631,4494300
276,155,143,2229308,2918,17774,4428800
277,182,148,2229126,2952,17922,4311700
278,162,140,2228964,2974,18062,4382100
279,166,133,2228798,3007,18195,4434400
280,156,142,2228642,3021,18337,4582500
281,184,175,2228458,3030,18512,4718000
282,166,150,2228292,3046,18662,4409900
283,187,150,2228105,3083,18812,4450400
284,195,162,2227910,3116,18974,4372800
285,182,161,2227728,3137,19135,4394500
286,182,182,2227546,3137,19317,4434100
287,184,155,2227362,3166,19472,4803200
288,187,170,2227175,3183,19642,4630600
289,206,155,2226969,3234,19797,4652900
290,196,164,2226773,3266,19961,4551600
291,204,163,2226569,3307,20124,4672700
292,183,181,2226386,3309,20305,4606800
293,200,150,2226186,3359,20455,4699600
294,208,168,2225978,3399,20623,4755300
295,196,191,2225782,3404,20814,4623700
296,190,152,2225592,3442,20966,4821800
297,205,163,2225387,3484,21129,4707600
298,189,178,2225198,3495,21307,4811600
299,178,168,2225020,3505,21475,4673800
300,172,167,2224848,3510,21642,4645400
301,216,179,2224632,3547,21821,4884800
302,193,184,2224439,3556,22005,4668100
303,207,176,2224232,3587,22181,4612600
304,186,135,2224046,3638,22316,4575600
305,211,170,2223835,3679,22486,4668800
306,192,198,2223643,3673,22684,4579500
307,181,191,2223462,3663,22875,4620300
308,201,178,2223261,3686,23053,4572300
309,193,220,2223068,3659,23273,4619000
310,199,189,2222869,3669,23462,4604000
311,211,177,2222658,3703,23639,4734100
312,201,164,2222457,3740,23803,4800800
313,207,192,2222250,3755,23995,4690400
314,216,205,2222034,3766,24200,4778800
315,205,192,2221829,3779,24392,4750400
316,213,191,2221616,3801,24583,4703100
317,218,191,2221398,3828,24774,4859700
318,206,184,2221192,3850,24958,4943600
319,214,185,2220978,3879,25143,4952500
320,204,199,2220774,3884,25342,4692800
321,216,160,2220558,3940,25502,4753100
322,210,220,2220348,3930,25722,4743900
323,220,186,2220128,3964,25908,4694000
324,207,198,2219921,3973,26106,4776200
325,192,167,2219729,3998,26273,4826000
326,206,199,2219523,4005,26472,5258100
327,206,205,2219317,4006,26677,4571100
328,186,201,2219131,3991,26878,4647800
329,204,202,2218927,3993,27080,4666800
330,201,196,2218726,3998,27276,4739000
331,211,208,2218515,4001,27484,4585200
332,181,201,2218334,3981,27685,4635600
333,203,175,2218131,4009,27860,4500300
334,192,211,2217939,3990,28071,4595500
335,221,191,2217718,4020,28262,4708200
336,186,211,2217532,3995,28473,4569400
337,215,206,2217317,4004,28679,4576800
338,208,183,2217109,4029,28862,4563900
339,196,191,2216913,4034,29053,4684100
340,232,206,2216681,4060,29259,4743400
341,216,217,2216465,4059,29476,4524600
342,198,211,2216267,4046,29687,4631900
343,209,191,2216058,4064,29878,4569000
344,208,211,2215850,4061,30089,4585700
345,229,198,2215621,4092,30287,4482400
346,245,213,2215376,4124,30500,4644900
347,230,194,2215146,4160,30694,4552300
348,221,209,2214925,4172,30903,4534200
349,226,224,2214699,4174,31127,4545100
350,252,197,2214447,4229,31324,4548000
351,221,202,2214226,4248,31526,4477700
352,206,218,2214020,4236,31744,4525000
353,231,205,2213789,4262,31949,4749700
354,224,206,2213565,4280,32155,4589000
355,221,230,2213344,4271,32385,4973800
356,217,217,2213127,4271,32602,4635900
357,214,191,2212913,4294,32793,4679100
358,234,219,2212679,4309,33012,5062800
359,218,210,2212461,4317,33222,4844000
360,239,226,2212222,4330,33448,4840000
361,266,191,2211956,4405,33639,4694600
362,246,217,2211710,4434,33856,4731800
363,240,228,2211470,4446,34084,4703200
364,226,227,2211244,4445,34311,4500900
365,238,234,2211006,4449,34545,4796600
366,251,243,2210755,4457,34788,4498800
367,250,176,2210505,4531,34964,4415500
368,257,215,2210248,4573,35179,4372400
369,231,245,2210017,4559,35424,4524200
370,259,261,2209758,4557,35685,4386100
371,228,242,2209530,4543,35927,4566300
372,226,207,2209304,4562,36134,4418900
373,230,254,2209074,4538,36388,4601900
374,252,227,2208822,4563,36615,4911000
375,233,271,2208589,4525,36886,4730400
376,225,222,2208364,4528,37108,4654700
377,235,229,2208129,4534,37337,4679900
378,240,222,2207889,4552,37559,4684200
379,254,245,2207635,4561,37804,4590300
380,223,250,2207412,4534,38054,4544500
381,225,230,2207187,4529,38284,4433300
382,232,222,2206955,4539,38506,4343700
383,244,220,2206711,4563,38726,4690700
384,246,226,2206465,4583,38952,4912400
385,230,220,2206235,4593,39172,4473900
386,221,230,2206014,4584,39402,4535600
387,249,216,2205765,4617,39618,4330000
388,239,235,2205526,4621,39853,4645800
389,250,252,2205276,4619,40105,4733600
390,239,223,2205037,4635,40328,4452200
391,207,230,2204830,4612,40558,4559400
392,231,242,2204599,4601,40800,4469200
393,244,258,2204355,4587,41058,4656500
394,241,221,2204114,4607,41279,4537900
395,254,228,2203860,4633,41507,4857300
396,246,259,2203614,4620,41766,4733700
397,250,245,2203364,4625,42011,4509500
398,237,233,2203127,4629,42244,4791200
399,247,233,2202880,4643,42477,4422800
400,235,229,2202645,4649,42706,4420300
401,241,240,2202404,4650,42946,4414700
402,241,222,2202163,4669,43168,4805900
403,241,236,2201922,4674,43404,4459000
404,237,265,2201685,4646,43669,4481700
405,227,238,2201458,4635,43907,4458800
406,230,209,2201228,4656,44116,4660200
407,243,276,2200985,4623,44392,5220100
408,254,244,2200731,4633,44636,4557500
409,257,216,2200474,4674,44852,4593200
410,244,249,2200230,4669,45101,4841500
411,229,246,2200001,4652,45347,4665100
412,235,240,2199766,4647,45587,4530100
413,244,214,2199522,4677,45801,4660100
414,265,246,2199257,4696,46047,4522500
415,255,197,2199002,4754,46244,4522600
416,267,240,2198735,4781,46484,4629100
417,241,204,2198494,4818,46688,4687000
418,237,238,2198257,4817,46926,4795200
419,250,258,2198007,4809,47184,4572300
420,226,233,2197781,4802,47417,4545100
421,252,237,2197529,4817,47654,4872800
422,241,245,2197288,4813,47899,4622200
423,265,224,2197023,4854,48123,4498200
424,265,233,2196758,4886,48356,4404700
425,248,235,2196510,4899,48591,4472100
426,256,235,2196254,4920,48826,4353300
427,258,263,2195996,4915,49089,4492200
428,265,251,2195731,4929,49340,4500000
429,271,244,2195460,4956,49584,4410500
430,258,230,2195202,4984,49814,4413400
431,247,262,2194955,4969,50076,4254900
432,270,273,2194685,4966,50349,4476400
433,269,223,2194416,5012,50572,4402600
434,256,225,2194160,5043,50797,4347000
435,276,271,2193884,5048,51068,4506100
436,254,280,2193630,5022,51348,4452100
437,268,264,2193362,5026,51612,4429800
438,279,255,2193083,5050,51867,4417000
439,291,279,2192792,5062,52146,4698800
440,233,281,2192559,5014,52427,4302200
441,257,260,2192302,5011,52687,4693400
442,278,266,2192024,5023,52953,4550600
443,263,251,2191761,5035,53204,4604800
444,279,266,2191482,5048,53470,4593700
445,266,272,2191216,5042,53742,4535500
446,256,262,2190960,5036,54004,4418600
447,264,249,2190696,5051,54253,4726800
448,261,256,2190435,5056,54509,4425400
449,251,256,2190184,5051,54765,4297000
450,271,241,2189913,5081,55006,4564800
451,259,254,2189654,5086,55260,4521900
452,242,266,2189412,5062,55526,4366200
453,269,235,2189143,5096,55761,4287900
454,279,253,2188864,5122,56014,4363300
455,262,299,2188602,5085,56313,4745900
456,249,242,2188353,5092,56555,4642200
457,261,254,2188092,5099,56809,4519400
458,310,274,2187782,5135,57083,4855200
459,237,274,2187545,5098,57357,4655700
460,295,295,2187250,5098,57652,4618600
461,272,259,2186978,5111,57911,4410100
462,295,257,2186683,5149,58168,4384400
463,294,261,2186389,5182,58429,4697300
464,296,247,2186093,5231,58676,4322000
465,283,281,2185810,5233,58957,4334400
466,303,260,2185507,5276,59217,4492700
467,297,240,2185210,5333,59457,4402500
468,286,259,2184924,5360,59716,4477000
469,300,263,2184624,5397,59979,4331200
470,256,255,2184368,5398,60234,4700200
471,284,255,2184084,5427,60489,4489900
472,305,246,2183779,5486,60735,4496300
473,293,262,2183486,5517,60997,4416700
474,296,278,2183190,5535,61275,4680200
475,310,280,2182880,5565,61555,4428800
476,305,255,2182575,5615,61810,4378800
477,303,276,2182272,5642,62086,4758800
478,304,251,2181968,5695,62337,4440400
479,286,282,2181682,5699,62619,4431200
480,311,285,2181371,5725,62904,4926000
481,299,275,2181072,5749,63179,4712000
482,307,333,2180765,5723,63512,4741600
483,305,279,2180460,5749,63791,4590900
484,323,284,2180137,5788,64075,4658100
485,296,297,2179841,5787,64372,4481700
486,304,292,2179537,5799,64664,4608800
487,303,293,2179234,5809,64957,4311700
488,347,279,2178887,5877,65236,4440500
489,318,294,2178569,5901,65530,4354200
490,290,276,2178279,5915,65806,4439100
491,336,307,2177943,5944,66113,4373800
492,322,292,2177621,5974,66405,4645000
493,327,280,2177294,6021,66685,4946600
494,312,314,2176982,6019,66999,4568300
495,341,301,2176641,6059,67300,4327800
496,338,290,2176303,6107,67590,4861200
497,330,303,2175973,6134,67893,4273300
498,332,310,2175641,6156,68203,4439500
499,318,317,2175323,6157,68520,4844300
500,305,303,2175018,6159,68823,4785300
501,294,312,2174724,6141,69135,4577500
502,323,306,2174401,6158,69441,4563200
503,323,319,2174078,6162,69760,4566200
504,319,304,2173759,6177,70064,4457900
505,361,330,2173398,6208,70394,4587200
506,324,284,2173074,6248,70678,4412200
507,338,291,2172736,6295,70969,4400400
508,357,328,2172379,6324,71297,4900500
509,358,346,2172021,6336,71643,4459900
510,296,298,2171725,6334,71941,4691000
511,318,308,2171407,6344,72249,4457500
512,362,280,2171045,6426,72529,4559600
513,353,316,2170692,6463,72845,4474400
514,339,299,2170353,6503,73144,4486900
515,343,349,2170010,6497,73493,4581600
516,342,333,2169668,6506,73826,4575600
517,359,294,2169309,6571,74120,4576100
518,316,313,2168993,6574,74433,4549200
519,343,339,2168650,6578,74772,4485300
520,325,307,2168325,6596,75079,4598600
521,348,311,2167977,6633,75390,4460200
522,324,334,2167653,6623,75724,4890800
523,314,340,2167339,6597,76064,4704100
524,326,342,2167013,6581,76406,4453400
525,304,335,2166709,6550,76741,4889300
526,318,340,2166391,6528,77081,4536900
527,328,338,2166063,6518,77419,4629300
528,315,325,2165748,6508,77744,4965000
529,316,324,2165432,6500,78068,4514600
530,313,327,2165119,6486,78395,4762400
531,291,343,2164828,6434,78738,4798100
532,293,322,2164535,6405,79060,4575000
533,333,323,2164202,6415,79383,4520600
534,339,338,2163863,6416,79721,4484300
535,330,345,2163533,6401,80066,4475600
536,340,331,2163193,6410,80397,4714000
537,332,337,2162861,6405,80734,4759000
538,322,320,2162539,6407,81054,5220000
539,334,308,2162205,6433,81362,4457300
540,323,313,2161882,6443,81675,4502900
541,309,324,2161573,6428,81999,4698600
542,354,311,2161219,6471,82310,5043700
543,348,337,2160871,6482,82647,4733100
544,309,347,2160562,6444,82994,4451000
545,360,327,2160202,6477,83321,4795800
546,336,309,2159866,6504,83630,4362600
547,365,316,2159501,6553,83946,4437300
548,345,322,2159156,6576,84268,4881100
549,373,352,2158783,6597,84620,4500100
550,370,329,2158413,6638,84949,4587700
551,340,361,2158073,6617,85310,4857700
552,350,321,2157723,6646,85631,4428400
553,400,325,2157323,6721,85956,4444000
554,382,333,2156941,6770,86289,4530100
555,359,337,2156582,6792,86626,4545800
556,373,321,2156209,6844,86947,4452900
557,369,313,2155840,6900,87260,4701100
558,380,348,2155460,6932,87608,4571600
559,365,346,2155095,6951,87954,4609300
560,366,300,2154729,7017,88254,5240700
561,364,381,2154365,7000,88635,5067000
562,356,348,2154009,7008,88983,5299500
563,374,363,2153635,7019,89346,4728800
564,372,355,2153263,7036,89701,4787900
565,360,321,2152903,7075,90022,4586100
566,385,374,2152518,7086,90396,4619000
567,364,394,2152154,7056,90790,4721100
568,363,358,2151791,7061,91148,4591300
569,349,358,2151442,7052,91506,4692200
570,373,339,2151069,7086,91845,4600200
571,363,347,2150706,7102,92192,4530600
572,384,367,2150322,7119,92559,5054700
573,401,351,2149921,7169,92910,4642700
574,353,337,2149568,7185,93247,4584100
575,351,360,2149217,7176,93607,4571600
576,350,351,2148867,7175,93958,4608000
577,363,355,2148504,7183,94313,4622600
578,340,363,2148164,7160,94676,4853900
579,340,383,2147824,7117,95059,4691000
580,371,313,2147453,7175,95372,4745500
581,369,372,2147084,7172,95744,4737300
582,385,343,2146699,7214,96087,4678400
583,379,360,2146320,7233,96447,4840200
584,373,351,2145947,7255,96798,4874700
585,374,331,2145573,7298,97129,4723700
586,373,386,2145200,7285,97515,4833000
587,393,342,2144807,7336,97857,4868100
588,370,414,2144437,7292,98271,4926500
589,392,337,2144045,7347,98608,4846200
590,378,377,2143667,7348,98985,4707400
591,384,388,2143283,7344,99373,4655000
592,393,347,2142890,7390,99720,4528800
593,397,401,2142493,7386,100121,4479000
594,370,356,2142123,7400,100477,4474300
595,381,359,2141742,7422,100836,4566200
596,369,367,2141373,7424,101203,4571700
597,424,379,2140949,7469,101582,4631600
598,384,372,2140565,7481,101954,4453900
599,366,336,2140199,7511,102290,4612000
600,390,356,2139809,7545,102646,4611100
601,402,340,2139407,7607,102986,4789100
602,425,378,2138982,7654,103364,4431100
603,398,400,2138584,7652,103764,4580300
604,371,394,2138213,7629,104158,4512800
605,388,378,2137825,7639,104536,4720900
606,410,390,2137415,7659,104926,4575300
607,386,375,2137029,7670,105301,4550900
608,426,397,2136603,7699,105698,4424800
609,395,412,2136208,7682,106110,4737300
610,395,399,2135813,7678,106509,4933700
611,412,374,2135401,7716,106883,4812800
612,382,370,2135019,7728,107253,4429400
613,415,392,2134604,7751,107645,4478800
614,430,398,2134174,7783,108043,4589000
615,417,386,2133757,7814,108429,4493700
616,401,406,2133356,7809,108835,4531500
617,428,390,2132928,7847,109225,4406200
618,448,416,2132480,7879,109641,4827400
619,380,408,2132100,7851,110049,4411900
620,394,396,2131706,7849,110445,4560400
621,409,423,2131297,7835,110868,4670200
622,394,406,2130903,7823,111274,4449200
623,384,390,2130519,7817,111664,4882800
624,389,383,2130130,7823,112047,4509900
625,410,392,2129720,7841,112439,4703600
626,421,396,2129299,7866,112835,4392500
627,413,404,2128886,7875,113239,4377700
628,400,393,2128486,7882,113632,4942600
629,413,414,2128073,7881,114046,4382400
630,424,358,2127649,7947,114404,5062400
631,397,382,2127252,7962,114786,4696200
632,403,422,2126849,7943,115208,4574700
633,457,410,2126392,7990,115618,4718400
634,388,404,2126004,7974,116022,4722600
635,410,407,2125594,7977,116429,4836100
636,412,377,2125182,8012,116806,4969300
637,405,420,2124777,7997,117226,4725100
638,433,403,2124344,8027,117629,4778900
639,386,394,2123958,8019,118023,4970000
640,427,391,2123531,8055,118414,4555900
641,408,442,2123123,8021,118856,4858500
642,425,451,2122698,7995,119307,4585500
643,425,386,2122273,8034,119693,4446700
644,409,434,2121864,8009,120127,4857600
645,390,462,2121474,7937,120589,4542000
646,435,401,2121039,7971,120990,4510400
647,391,439,2120648,7923,121429,4419800
648,407,371,2120241,7959,121800,4738600
649,414,342,2119827,8031,122142,5069900
650,455,420,2119372,8066,122562,4593900
651,442,397,2118930,8111,122959,4840700
652,445,382,2118485,8174,123341,4746200
653,455,400,2118030,8229,123741,4610700
654,451,407,2117579,8273,124148,4770100
655,441,396,2117138,8318,124544,4463700
656,427,416,2116711,8329,124960,4670000
657,409,409,2116302,8329,125369,4610800
658,462,450,2115840,8341,125819,4493000
659,416,449,2115424,8308,126268,4471500
660,439,390,2114985,8357,126658,4521400
661,391,406,2114594,8342,127064,5162500
662,438,436,2114156,8344,127500,4488300
663,434,385,2113722,8393,127885,4607600
664,448,416,2113274,8425,128301,4545600
665,423,430,2112851,8418,128731,4517200
666,393,420,2112458,8391,129151,4832300
667,404,422,2112054,8373,129573,4367000
668,418,428,2111636,8363,130001,4520900
669,415,402,2111221,8376,130403,4607400
670,434,463,2110787,8347,130866,4926000
671,430,417,2110357,8360,131283,4723000
672,432,401,2109925,8391,131684,4523300
673,454,432,2109471,8413,132116,4548200
674,456,420,2109015,8449,132536,4579600
675,420,414,2108595,8455,132950,5023800
676,458,436,2108137,8477,133386,4616100
677,489,476,2107648,8490,133862,4606800
678,456,418,2107192,8528,134280,4451900
679,462,446,2106730,8544,134726,4491900
680,464,424,2106266,8584,135150,4848700
681,415,437,2105851,8562,135587,4456000
682,445,419,2105406,8588,136006,4618300
683,448,414,2104958,8622,136420,4588200
684,412,388,2104546,8646,136808,4619100
685,457,443,2104089,8660,137251,4860800
686,421,412,2103668,8669,137663,4709600
687,432,453,2103236,8648,138116,4644900
688,426,462,2102810,8612,138578,4592700
689,440,457,2102370,8595,139035,4977900
690,451,436,2101919,8610,139471,4532200
691,432,390,2101487,8652,139861,4980000
692,421,428,2101066,8645,140289,4914200
693,453,441,2100613,8657,140730,4579500
694,413,443,2100200,8627,141173,4586800
695,459,415,2099741,8671,141588,4517400
696,449,431,2099292,8689,142019,4757100
697,450,427,2098842,8712,142446,4537900
698,463,413,2098379,8762,142859,4843300
699,447,421,2097932,8788,143280,4531400
700,463,483,2097469,8768,143763,4938900
701,454,459,2097015,8763,144222,4756000
702,460,451,2096555,8772,144673,4757600
703,484,421,2096071,8835,145094,4747600
704,464,474,2095607,8825,145568,4695300
705,432,431,2095175,8826,145999,4804600
706,434,424,2094741,8836,146423,4890300
707,474,448,2094267,8862,146871,4782900
708,420,452,2093847,8830,147323,4765500
709,441,452,2093406,8819,147775,4900900
710,507,431,2092899,8895,148206,4915700
711,462,408,2092437,8949,148614,4611600
712,460,453,2091977,8956,149067,4504400
713,482,455,2091495,8983,149522,4823000
714,452,425,2091043,9010,149947,4487500
715,491,425,2090552,9076,150372,4956600
716,466,462,2090086,9080,150834,4533000
717,482,445,2089604,9117,151279,4598100
718,455,468,2089149,9104,151747,4981300
719,475,451,2088674,9128,152198,4786600
720,497,450,2088177,9175,152648,4726700
721,520,470,2087657,9225,153118,4643500
722,498,467,2087159,9256,153585,4726000
723,488,488,2086671,9256,154073,4531100
724,468,452,2086203,9272,154525,4525700
725,485,484,2085718,9273,155009,4581900
726,474,436,2085244,9311,155445,4447500
727,486,505,2084758,9292,155950,4978900
728,475,460,2084283,9307,156410,4643700
729,489,434,2083794,9362,156844,4560400
730,457,465,2083337,9354,157309,4682400
731,479,408,2082858,9425,157717,4545900
732,469,495,2082389,9399,158212,4572500
733,494,494,2081895,9399,158706,5035800
734,477,491,2081418,9385,159197,4485600
735,491,460,2080927,9416,159657,4705900
736,451,461,2080476,9406,160118,5205900
737,526,458,2079950,9474,160576,4571100
738,459,475,2079491,9458,161051,4639400
739,488,481,2079003,9465,161532,4525400
740,491,438,2078512,9518,161970,4502800
741,502,482,2078010,9538,162452,4425900
742,499,488,2077511,9549,162940,4555800
743,457,485,2077054,9521,163425,4852700
744,465,458,2076589,9528,163883,4678900
745,488,478,2076101,9538,164361,4795900
746,443,515,2075658,9466,164876,4815700
747,470,493,2075188,9443,165369,4577000
748,535,499,2074653,9479,165868,4749200
749,443,487,2074210,9435,166355,4631500
750,489,475,2073721,9449,166830,4726000
751,484,481,2073237,9452,167311,4605600
752,477,480,2072760,9449,167791,4485600
753,509,451,2072251,9507,168242,4444800
754,486,461,2071765,9532,168703,4455900
755,484,503,2071281,9513,169206,4492300
756,503,466,2070778,9550,169672,4590200
757,503,471,2070275,9582,170143,4596600
758,507,489,2069768,9600,170632,4472700
759,513,477,2069255,9636,171109,4914300
760,461,440,2068794,9657,171549,4530500
761,517,437,2068277,9737,171986,4392900
762,492,464,2067785,9765,172450,4736900
763,500,458,2067285,9807,172908,4747000
764,434,475,2066851,9766,173383,4784400
765,466,470,2066385,9762,173853,4604500
766,502,499,2065883,9765,174352,4572400
767,476,490,2065407,9751,174842,4811800
768,503,527,2064904,9727,175369,4519400
769,470,456,2064434,9741,175825,4645500
770,478,461,2063956,9758,176286,4509700
771,511,489,2063445,9780,176775,4905400
772,495,491,2062950,9784,177266,4487200
773,486,488,2062464,9782,177754,4399400
774,491,510,2061973,9763,178264,4441200
775,511,495,2061462,9779,178759,4369800
776,481,460,2060981,9800,179219,4465800
777,501,463,2060480,9838,179682,4591100
778,451,498,2060029,9791,180180,4512500
779,516,511,2059513,9796,180691,4499300
780,525,511,2058988,9810,181202,4470300
781,497,501,2058491,9806,181703,4516600
782,491,498,2058000,9799,182201,4411900
783,516,493,2057484,9822,182694,4428500
784,514,497,2056970,9839,183191,4441700
785,542,497,2056428,9884,183688,4447300
786,484,458,2055944,9910,184146,4825000
787,534,506,2055410,9938,184652,4713600
788,488,489,2054922,9937,185141,4937000
789,505,484,2054417,9958,185625,4357000
790,523,494,2053894,9987,186119,4537400
791,528,489,2053366,10026,186608,4470500
792,521,510,2052845,10037,187118,4377300
793,520,533,2052325,10024,187651,5168900
794,526,483,2051799,10067,188134,4399100
795,529,493,2051270,10103,188627,4826500
796,534,535,2050736,10102,189162,4427400
797,542,464,2050194,10180,189626,4501700
798,505,475,2049689,10210,190101,4754500
799,490,520,2049199,10180,190621,4559500
800,530,519,2048669,10191,191140,4396600
801,505,476,2048164,10220,191616,4433200
802,520,485,2047644,10255,192101,4828900
803,538,513,2047106,10280,192614,5026400
804,560,518,2046546,10322,193132,4627000
805,502,513,2046044,10311,193645,4637200
806,524,517,2045520,10318,194162,4414400
807,560,561,2044960,10317,194723,4286400
808,509,534,2044451,10292,195257,4864000
809,528,511,2043923,10309,195768,4915500
810,528,525,2043395,10312,196293,4935900
811,562,536,2042833,10338,196829,4530500
812,525,565,2042308,10298,197394,4446700
813,537,492,2041771,10343,197886,4389900
814,515,520,2041256,10338,198406,4991500
815,546,534,2040710,10350,198940,4580700
816,547,512,2040163,10385,199452,4442800
817,557,551,2039606,10391,200003,4467200
818,549,534,2039057,10406,200537,4521500
819,507,510,2038550,10403,201047,4432800
820,552,545,2037998,10410,201592,4439200
821,518,554,2037480,10374,202146,4629600
822,521,536,2036959,10359,202682,4408800
823,500,507,2036459,10352,203189,4613200
824,503,542,2035956,10313,203731,4949300
825,538,465,2035418,10386,204196,4754400
826,551,502,2034867,10435,204698,4912400
827,522,552,2034345,10405,205250,4670200
828,566,551,2033779,10420,205801,4626200
829,514,520,2033265,10414,206321,4620500
830,535,517,2032730,10432,206838,4605300
831,527,530,2032203,10429,207368,4580500
832,535,566,2031668,10398,207934,4503500
833,516,533,2031152,10381,208467,4925900
834,529,512,2030623,10398,208979,4433300
835,569,521,2030054,10446,209500,4719200
836,514,541,2029540,10419,210041,4737000
837,534,545,2029006,10408,210586,5377100
838,544,507,2028462,10445,211093,4870700
839,548,505,2027914,10488,211598,5024100
840,532,511,2027382,10509,212109,4695000
841,597,518,2026785,10588,212627,4622300
842,533,521,2026252,10600,213148,4743000
843,560,474,2025692,10686,213622,4499400
844,555,544,2025137,10697,214166,4371400
845,519,578,2024618,10638,214744,4843200
846,603,494,2024015,10747,215238,4462700
847,591,464,2023424,10874,215702,5132700
848,588,550,2022836,10912,216252,4644200
849,564,554,2022272,10922,216806,4848700
850,528,568,2021744,10882,217374,5184900
851,553,545,2021191,10890,217919,4479500
852,554,570,2020637,10874,218489,4290100
853,535,552,2020102,10857,219041,4547400
854,530,556,2019572,10831,219597,4873200
855,581,529,2018991,10883,220126,4520200
856,555,553,2018436,10885,220679,4871600
857,553,539,2017883,10899,221218,4929100
858,541,535,2017342,10905,221753,5068700
859,579,578,2016763,10906,222331,4868300
860,585,561,2016178,10930,222892,4736600
861,566,528,2015612,10968,223420,4674300
862,542,585,2015070,10925,224005,4536200
863,620,562,2014450,10983,224567,4810300
864,514,540,2013936,10957,225107,4684000
865,570,558,2013366,10969,225665,4497800
866,554,533,2012812,10990,226198,5070300
867,532,597,2012280,10925,226795,4599300
868,595,552,2011685,10968,227347,4691100
869,583,617,2011102,10934,227964,4574200
870,566,524,2010536,10976,228488,4892000
871,562,559,2009974,10979,229047,4634500
872,561,518,2009413,11022,229565,5002200
873,585,558,2008828,11049,230123,4618300
874,572,537,2008256,11084,230660,4658900
875,559,556,2007697,11087,231216,4862000
876,593,529,2007104,11151,231745,4723300
877,575,557,2006529,11169,232302,4755300
878,571,574,2005958,11166,232876,4534200
879,564,600,2005394,11130,233476,5157700
880,559,547,2004835,11142,234023,4624400
881,592,583,2004243,11151,234606,4758000
882,607,544,2003636,11214,235150,4780500
883,593,535,2003043,11272,235685,4571700
884,560,545,2002483,11287,236230,4543800
885,617,565,2001866,11339,236795,4511300
886,569,575,2001297,11333,237370,4654700
887,567,595,2000730,11305,237965,4815400
888,586,565,2000144,11326,238530,4526300
889,575,564,1999569,11337,239094,4444500
890,548,532,1999021,11353,239626,4474400
891,537,561,1998484,11329,240187,4889700
892,568,581,1997916,11316,240768,4597200
893,545,580,1997371,11281,241348,4448300
894,552,578,1996819,11255,241926,4586500
895,564,589,1996255,11230,242515,4818900
896,596,572,1995659,11254,243087,4486100
897,586,553,1995073,11287,243640,5156600
898,536,559,1994537,11264,244199,4345900
899,604,569,1993933,11299,244768,4445700
900,597,571,1993336,11325,245339,4739200
901,592,553,1992744,11364,245892,4410900
902,585,589,1992159,11360,246481,4505800
903,542,591,1991617,11311,247072,4476600
904,581,560,1991036,11332,247632,4857600
905,598,542,1990438,11388,248174,4818200
906,571,572,1989867,11387,248746,4531200
907,578,592,1989289,11373,249338,4511100
908,603,577,1988686,11399,249915,4620900
909,609,576,1988077,11432,250491,4826800
910,547,572,1987530,11407,251063,4934300
911,596,579,1986934,11424,251642,4531300
912,581,605,1986353,11400,252247,4434100
913,570,558,1985783,11412,252805,4774500
914,605,564,1985178,11453,253369,4641700
915,574,532,1984604,11495,253901,4613600
916,596,529,1984008,11562,254430,4793400
917,569,604,1983439,11527,255034,4755400
918,595,547,1982844,11575,255581,4453700
919,590,563,1982254,11602,256144,4710200
920,587,617,1981667,11572,256761,5095200
921,590,614,1981077,11548,257375,4812900
922,588,570,1980489,11566,257945,4751600
923,599,535,1979890,11630,258480,4998900
924,573,624,1979317,11579,259104,4698000
925,564,607,1978753,11536,259711,4683600
926,566,541,1978187,11561,260252,4744800
927,556,590,1977631,11527,260842,4639600
928,547,624,1977084,11450,261466,4805800
929,596,575,1976488,11471,262041,4634500
930,563,610,1975925,11424,262651,4651300
931,567,577,1975358,11414,263228,4760200
932,597,573,1974761,11438,263801,4486700
933,612,578,1974149,11472,264379,4493900
934,619,568,1973530,11523,264947,4589700
935,596,603,1972934,11516,265550,4631500
936,585,599,1972349,11502,266149,4434100
937,634,581,1971715,11555,266730,4638200
938,568,557,1971147,11566,267287,4479000
939,595,533,1970552,11628,267820,4407000
940,600,623,1969952,11605,268443,4501600
941,627,575,1969325,11657,269018,4724300
942,633,608,1968692,11682,269626,4719700
943,603,561,1968089,11724,270187,4656300
944,638,582,1967451,11780,270769,4561400
945,609,617,1966842,11772,271386,4805000
946,601,562,1966241,11811,271948,4637400
947,640,560,1965601,11891,272508,4827900
948,624,567,1964977,11948,273075,4958200
949,603,577,1964374,11974,273652,4532500
950,633,593,1963741,12014,274245,4604800
951,629,562,1963112,12081,274807,4948900
952,608,556,1962504,12133,275363,4850700
953,620,604,1961884,12149,275967,4678800
954,632,623,1961252,12158,276590,4705000
955,624,596,1960628,12186,277186,5049700
956,638,583,1959990,12241,277769,5093700
957,608,644,1959382,12205,278413,5011600
958,620,612,1958762,12213,279025,4491100
959,620,606,1958142,12227,279631,4490500
960,628,629,1957514,12226,280260,4784400
961,661,633,1956853,12254,280893,4540800
962,628,643,1956225,12239,281536,4890900
963,625,590,1955600,12274,282126,4442800
964,594,602,1955006,12266,282728,4564100
965,622,579,1954384,12309,283307,4955600
966,645,599,1953739,12355,283906,4650400
967,674,574,1953065,12455,284480,4456700
968,651,598,1952414,12508,285078,4397600
969,662,599,1951752,12571,285677,4589800
970,643,632,1951109,12582,286309,4932000
971,645,662,1950464,12565,286971,4730200
972,658,616,1949806,12607,287587,4547600
973,654,638,1949152,12623,288225,4706400
974,656,692,1948496,12587,288917,4620300
975,677,653,1947819,12611,289570,4496600
976,661,612,1947158,12660,290182,4470700
977,671,651,1946487,12680,290833,4550700
978,662,637,1945825,12705,291470,4760400
979,675,650,1945150,12730,292120,4440200
980,654,610,1944496,12774,292730,4852200
981,695,608,1943801,12861,293338,4757500
982,666,611,1943135,12916,293949,4975300
983,642,667,1942493,12891,294616,4786700
984,659,647,1941834,12903,295263,4563100
985,665,726,1941169,12842,295989,4840600
986,615,633,1940554,12824,296622,4732200
987,654,627,1939900,12851,297249,4665100
988,678,623,1939222,12906,297872,4480800
989,642,630,1938580,12918,298502,4512400
990,659,682,1937921,12895,299184,4516700
991,688,624,1937233,12959,299808,4564200
992,622,645,1936611,12936,300453,4327600
993,649,673,1935962,12912,301126,4764000
994,705,623,1935257,12994,301749,4783100
995,640,625,1934617,13009,302374,4611500
996,688,604,1933929,13093,302978,4763000
997,675,662,1933254,13106,303640,4751300
998,680,664,1932574,13122,304304,4594700
999,655,675,1931919,13102,304979,4798900
1000,681,628,1931238,13155,305607,4598900
1001,697,659,1930541,13193,306266,4580700
1002,659,656,1929882,13196,306922,4862500
1003,695,650,1929187,13241,307572,4483500
1004,696,645,1928491,13292,308217,4940200
1005,662,699,1927829,13255,308916,4578500
1006,667,638,1927162,13284,309554,4560300
1007,645,610,1926517,13319,310164,4845400
1008,655,636,1925862,13338,310800,4442200
1009,686,667,1925176,13357,311467,4607800
1010,702,669,1924474,13390,312136,4915200
1011,718,655,1923756,13453,312791,4512800
1012,657,639,1923099,13471,313430,5033000
1013,680,686,1922419,13465,314116,5037300
1014,697,673,1921722,13489,314789,4531600
1015,693,679,1921029,13503,315468,4823200
1016,721,692,1920308,13532,316160,4368800
1017,682,689,1919626,13525,316849,4823900
1018,646,668,1918980,13503,317517,4819300
1019,705,661,1918275,13547,318178,4952900
1020,686,662,1917589,13571,318840,4535800
1021,679,711,1916910,13539,319551,4565600
1022,686,686,1916224,13539,320237,4702200
1023,694,682,1915530,13551,320919,4596600
1024,678,689,1914852,13540,321608,5000100
1025,728,656,1914124,13612,322264,4801100
1026,697,672,1913427,13637,322936,4630600
1027,731,657,1912696,13711,323593,4624300
1028,703,679,1911993,13735,324272,4802600
1029,687,675,1911306,13747,324947,4589500
1030,689,715,1910617,13721,325662,4443400
1031,686,682,1909931,13725,326344,4603400
1032,659,699,1909272,13685,327043,4341100
1033,685,705,1908587,13665,327748,4608500
1034,640,691,1907947,13614,328439,4792000
1035,682,672,1907265,13624,329111,5153400
1036,657,673,1906608,13608,329784,4468600
1037,667,665,1905941,13610,330449,4544400
1038,629,669,1905312,13570,331118,4856900
1039,672,689,1904640,13553,331807,4386600
1040,694,672,1903946,13575,332479,5039400
1041,649,646,1903297,13578,333125,4413500
1042,700,680,1902597,13598,333805,4786400
1043,633,643,1901964,13588,334448,4550400
1044,656,706,1901308,13538,335154,4760900
1045,677,638,1900631,13577,335792,5081600
1046,632,689,1899999,13520,336481,4409700
1047,691,617,1899308,13594,337098,4912200
1048,647,730,1898661,13511,337828,4475600
1049,675,721,1897986,13465,338549,4551000
1050,672,642,1897314,13495,339191,4602000
1051,662,662,1896652,13495,339853,4698000
1052,689,644,1895963,13540,340497,4747100
1053,670,666,1895293,13544,341163,4699500
1054,694,677,1894599,13561,341840,4667900
1055,692,689,1893907,13564,342529,4941200
1056,678,660,1893229,13582,343189,5120800
1057,689,686,1892540,13585,343875,4621000
1058,706,683,1891834,13608,344558,4834100
1059,678,687,1891156,13599,345245,4479700
1060,682,610,1890474,13671,345855,4810200
1061,727,709,1889747,13689,346564,4613900
1062,707,717,1889040,13679,347281,4510400
1063,717,657,1888323,13739,347938,5070300
1064,750,670,1887573,13819,348608,4993900
1065,718,670,1886855,13867,349278,4551100
1066,719,703,1886136,13883,349981,4880300
1067,714,719,1885422,13878,350700,4692000
1068,726,686,1884696,13918,351386,4490400
1069,709,663,1883987,13964,352049,5220100
1070,714,710,1883273,13968,352759,5014800
1071,698,705,1882575,13961,353464,4454400
1072,670,663,1881905,13968,354127,4609100
1073,714,661,1881191,14021,354788,5240600
1074,675,671,1880516,14025,355459,4644600
1075,712,722,1879804,14015,356181,4517400
1076,744,720,1879060,14039,356901,4768000
1077,692,652,1878368,14079,357553,4935300
1078,690,734,1877678,14035,358287,4600500
1079,721,671,1876957,14085,358958,4515700
1080,725,703,1876232,14107,359661,4851900
1081,699,697,1875533,14109,360358,4471900
1082,715,709,1874818,14115,361067,4417600
1083,732,743,1874086,14104,361810,4848400
1084,734,710,1873352,14128,362520,4815000
1085,763,724,1872589,14167,363244,4504600
1086,726,751,1871863,14142,363995,4436100
1087,734,671,1871129,14205,364666,4665000
1088,733,744,1870396,14194,365410,5206000
1089,701,675,1869695,14220,366085,4907100
1090,754,727,1868941,14247,366812,4464500
1091,722,721,1868219,14248,367533,4611000
1092,778,724,1867441,14302,368257,4729200
1093,743,736,1866698,14309,368993,4859500
1094,733,755,1865965,14287,369748,5142200
1095,752,736,1865213,14303,370484,4626800
1096,742,729,1864471,14316,371213,5009900
1097,719,723,1863752,14312,371936,4804900
1098,744,690,1863008,14366,372626,4873900
1099,733,730,1862275,14369,373356,5064800
1100,687,698,1861588,14358,374054,5022700
1101,760,694,1860828,14424,374748,4480700
1102,740,728,1860088,14436,375476,4822500
1103,724,706,1859364,14454,376182,4507300
1104,743,737,1858621,14460,376919,4449000
1105,774,747,1857847,14487,377666,4672800
1106,698,707,1857149,14478,378373,4569600
1107,729,716,1856420,14491,379089,4919400
1108,729,785,1855691,14435,379874,5089200
1109,705,731,1854986,14409,380605,4629700
1110,750,707,1854236,14452,381312,4518500
1111,747,750,1853489,14449,382062,5047200
1112,761,746,1852728,14464,382808,4536100
1113,708,717,1852020,14455,383525,4932300
1114,755,754,1851265,14456,384279,5072900
1115,764,742,1850501,14478,385021,4390600
1116,759,756,1849742,14481,385777,4919200
1117,715,721,1849027,14475,386498,4639600
1118,760,699,1848267,14536,387197,4522000
1119,722,710,1847545,14548,387907,4695900
1120,753,700,1846792,14601,388607,4692400
1121,775,757,1846017,14619,389364,4697100
1122,779,767,1845238,14631,390131,4478700
1123,787,708,1844451,14710,390839,4991300
1124,742,750,1843709,14702,391589,4968500
1125,742,770,1842967,14674,392359,4760100
1126,778,769,1842189,14683,393128,4688500
1127,707,696,1841482,14694,393824,4482200
1128,744,764,1840738,14674,394588,4480800
1129,720,742,1840018,14652,395330,4428700
1130,741,748,1839277,14645,396078,4517500
1131,760,708,1838517,14697,396786,4825800
1132,732,727,1837785,14702,397513,4801900
1133,739,714,1837046,14727,398227,4589100
1134,741,753,1836305,14715,398980,4859400
1135,763,754,1835542,14724,399734,4834400
1136,754,712,1834788,14766,400446,4458400
1137,741,760,1834047,14747,401206,4845300
1138,763,771,1833284,14739,401977,5025000
1139,777,769,1832507,14747,402746,4698000
1140,782,769,1831725,14760,403515,4541000
1141,745,684,1830980,14821,404199,4592100
1142,792,800,1830188,14813,404999,4667800
1143,776,744,1829412,14845,405743,4658200
1144,734,739,1828678,14840,406482,4727800
1145,755,778,1827923,14817,407260,4641500
1146,755,724,1827168,14848,407984,5003700
1147,733,737,1826435,14844,408721,4786300
1148,741,768,1825694,14817,409489,4786100
1149,753,736,1824941,14834,410225,4436400
1150,723,754,1824218,14803,410979,4639400
1151,773,710,1823445,14866,411689,4581300
1152,751,706,1822694,14911,412395,4485100
1153,725,754,1821969,14882,413149,4516800
1154,773,731,1821196,14924,413880,4543900
1155,761,762,1820435,14923,414642,4965300
1156,784,764,1819651,14943,415406,4636900
1157,742,776,1818909,14909,416182,4456900
1158,757,756,1818152,14910,416938,4450300
1159,734,741,1817418,14903,417679,4490100
1160,748,783,1816670,14868,418462,4527600
1161,766,733,1815904,14901,419195,4603500
1162,758,733,1815146,14926,419928,4419800
1163,740,756,1814406,14910,420684,4812500
1164,739,731,1813667,14918,421415,4547200
1165,762,758,1812905,14922,422173,4843800
1166,768,742,1812137,14948,422915,4478500
1167,746,729,1811391,14965,423644,4679000
1168,749,742,1810642,14972,424386,5025400
1169,788,797,1809854,14963,425183,4809300
1170,765,735,1809089,14993,425918,4791800
1171,799,755,1808290,15037,426673,5119600
1172,745,755,1807545,15027,427428,4617400
1173,769,727,1806776,15069,428155,4467500
1174,787,796,1805989,15060,428951,4434400
1175,828,761,1805161,15127,429712,5038200
1176,777,798,1804384,15106,430510,4555100
1177,783,763,1803601,15126,431273,4542100
1178,776,736,1802825,15166,432009,4762900
1179,800,770,1802025,15196,432779,4676500
1180,769,723,1801256,15242,433502,4461600
1181,758,744,1800498,15256,434246,4690900
1182,769,760,1799729,15265,435006,4584300
1183,780,764,1798949,15281,435770,5259800
1184,784,745,1798165,15320,436515,4529000
1185,793,762,1797372,15351,437277,4453700
1186,764,763,1796608,15352,438040,4716100
1187,769,753,1795839,15368,438793,4441700
1188,756,782,1795083,15342,439575,4600900
1189,769,804,1794314,15307,440379,4737400
1190,806,777,1793508,15336,441156,4938400
1191,723,785,1792785,15274,441941,4504500
1192,773,740,1792012,15307,442681,4448700
1193,750,756,1791262,15301,443437,4504300
1194,793,794,1790469,15300,444231,4760000
1195,752,764,1789717,15288,444995,4927400
1196,775,793,1788942,15270,445788,4494600
1197,720,791,1788222,15199,446579,4921900
1198,742,765,1787480,15176,447344,4505900
1199,807,762,1786673,15221,448106,4371500
1200,765,811,1785908,15175,448917,4374100
1201,788,703,1785120,15260,449620,4855300
1202,762,740,1784358,15282,450360,5012700
1203,784,788,1783574,15278,451148,5177000
1204,740,784,1782834,15234,451932,4469200
1205,773,766,1782061,15241,452698,4857300
1206,764,793,1781297,15212,453491,4539400
1207,743,735,1780554,15220,454226,4645500
1208,768,782,1779786,15206,455008,4592400
1209,772,763,1779014,15215,455771,5158900
1210,765,769,1778249,15211,456540,4646200
1211,779,790,1777470,15200,457330,4628200
1212,794,751,1776676,15243,458081,5037700
1213,761,781,1775915,15223,458862,4750200
1214,825,712,1775090,15336,459574,4439300
1215,823,739,1774267,15420,460313,4495200
1216,770,763,1773497,15427,461076,4686500
1217,799,761,1772698,15465,461837,4498300
1218,783,801,1771915,15447,462638,4391200
1219,754,784,1771161,15417,463422,4639400
1220,813,792,1770348,15438,464214,4652100
1221,756,692,1769592,15502,464906,4751900
1222,757,756,1768835,15503,465662,4443600
1223,749,834,1768086,15418,466496,4519000
1224,804,761,1767282,15461,467257,4689100
1225,742,753,1766540,15450,468010,4830700
1226,804,803,1765736,15451,468813,4449500
1227,790,790,1764946,15451,469603,4970600
1228,805,752,1764141,15504,470355,4610700
1229,742,769,1763399,15477,471124,4588900
1230,806,767,1762593,15516,471891,4781000
1231,787,782,1761806,15521,472673,4652300
1232,815,789,1760991,15547,473462,4663500
1233,786,760,1760205,15573,474222,5033500
1234,797,809,1759408,15561,475031,5120100
1235,754,767,1758654,15548,475798,4593600
1236,800,728,1757854,15620,476526,4631500
1237,740,794,1757114,15566,477320,4858900
1238,780,798,1756334,15548,478118,4825000
1239,741,768,1755593,15521,478886,4701000
1240,730,795,1754863,15456,479681,4558300
1241,793,721,1754070,15528,480402,4841800
1242,733,762,1753337,15499,481164,4982700
1243,808,779,1752529,15528,481943,4562500
1244,776,754,1751753,15550,482697,4643400
1245,840,793,1750913,15597,483490,4841700
1246,803,747,1750110,15653,484237,4556300
1247,824,766,1749286,15711,485003,4514300
1248,831,806,1748455,15736,485809,4414600
1249,766,776,1747689,15726,486585,4712100
1250,815,771,1746874,15770,487356,4857900
1251,774,798,1746100,15746,488154,4899300
1252,800,775,1745300,15771,488929,4649100
1253,816,797,1744484,15790,489726,4919300
1254,807,786,1743677,15811,490512,4410500
1255,745,769,1742932,15787,491281,4662600
1256,831,760,1742101,15858,492041,4465400
1257,800,808,1741301,15850,492849,4609400
1258,749,821,1740552,15778,493670,4530200
1259,768,787,1739784,15759,494457,4414000
1260,774,806,1739010,15727,495263,4717600
1261,784,770,1738226,15741,496033,4911300
1262,748,817,1737478,15672,496850,4656700
1263,799,740,1736679,15731,497590,5145300
1264,862,777,1735817,15816,498367,4965800
1265,814,740,1735003,15890,499107,4609800
1266,757,810,1734246,15837,499917,4413000
1267,833,829,1733413,15841,500746,4481700
1268,767,776,1732646,15832,501522,4709600
1269,796,796,1731850,15832,502318,4635500
1270,794,795,1731056,15831,503113,4792700
1271,761,808,1730295,15784,503921,5047700
1272,806,821,1729489,15769,504742,4565700
1273,756,734,1728733,15791,505476,5132700
1274,828,823,1727905,15796,506299,4857000
1275,741,735,1727164,15802,507034,4633900
1276,805,747,1726359,15860,507781,4902500
1277,704,769,1725655,15795,508550,4894900
1278,815,760,1724840,15850,509310,4633700
1279,769,809,1724071,15810,510119,4508100
1280,776,748,1723295,15838,510867,4314100
1281,815,803,1722480,15850,511670,4525900
1282,793,776,1721687,15867,512446,4706800
1283,821,767,1720866,15921,513213,5043500
1284,825,800,1720041,15946,514013,4722700
1285,774,776,1719267,15944,514789,5131000
1286,782,848,1718485,15878,515637,5101600
1287,791,794,1717694,15875,516431,4929600
1288,797,808,1716897,15864,517239,5016600
1289,815,829,1716082,15850,518068,5007100
1290,785,755,1715297,15880,518823,4940700
1291,759,766,1714538,15873,519589,5183100
1292,804,799,1713734,15878,520388,5168600
1293,796,809,1712938,15865,521197,5005600
1294,848,788,1712090,15925,521985,5218400
1295,786,789,1711304,15922,522774,4932800
1296,846,804,1710458,15964,523578,4913400
1297,789,822,1709669,15931,524400,5333900
1298,764,778,1708905,15917,525178,5189700
1299,815,788,1708090,15944,525966,4901800
1300,776,831,1707314,15889,526797,5005000
1301,799,825,1706515,15863,527622,4815200
1302,846,765,1705669,15944,528387,4793000
1303,808,776,1704861,15976,529163,4846700
1304,830,821,1704031,15985,529984,4824600
1305,775,789,1703256,15971,530773,4960800
1306,822,792,1702434,16001,531565,4973800
1307,757,768,1701677,15990,532333,4652800
1308,795,796,1700882,15989,533129,4845000
1309,823,826,1700059,15986,533955,4798400
1310,781,769,1699278,15998,534724,4674800
1311,815,834,1698463,15979,535558,4639000
1312,795,752,1697668,16022,536310,4739300
1313,785,820,1696883,15987,537130,4843200
1314,779,793,1696104,15973,537923,4674900
1315,813,810,1695291,15976,538733,4919800
1316,797,769,1694494,16004,539502,4704900
1317,786,792,1693708,15998,540294,4764000
1318,787,786,1692921,15999,541080,4682600
1319,789,752,1692132,16036,541832,5006600
1320,770,791,1691362,16015,542623,5124900
1321,783,799,1690579,15999,543422,4968400
1322,776,782,1689803,15993,544204,4864000
1323,763,783,1689040,15973,544987,4832600
1324,811,751,1688229,16033,545738,4937000
1325,774,814,1687455,15993,546552,4688000
1326,798,785,1686657,16006,547337,5007200
1327,795,806,1685862,15995,548143,5076700
1328,807,792,1685055,16010,548935,4802500
1329,795,793,1684260,16012,549728,4808800
1330,757,822,1683503,15947,550550,4484600
1331,814,803,1682689,15958,551353,4599900
1332,774,796,1681915,15936,552149,4940500
1333,781,786,1681134,15931,552935,4823900
1334,805,774,1680329,15962,553709,4782000
1335,810,816,1679519,15956,554525,4836200
1336,810,795,1678709,15971,555320,4548600
1337,820,821,1677889,15970,556141,4675200
1338,784,809,1677105,15945,556950,4666400
1339,762,787,1676343,15920,557737,4520600
1340,779,810,1675564,15889,558547,4750900
1341,794,803,1674770,15880,559350,4763800
1342,827,775,1673943,15932,560125,4880500
1343,814,810,1673129,15936,560935,4825500
1344,813,813,1672316,15936,561748,4517100
1345,846,786,1671470,15996,562534,4848700
1346,814,808,1670656,16002,563342,4635000
1347,818,777,1669838,16043,564119,4472800
1348,811,790,1669027,16064,564909,4840300
1349,843,760,1668184,16147,565669,4798600
1350,814,861,1667370,16100,566530,5190800
1351,810,813,1666560,16097,567343,4444300
1352,843,836,1665717,16104,568179,4665600
1353,826,793,1664891,16137,568972,4747700
1354,843,792,1664048,16188,569764,5175000
1355,832,813,1663216,16207,570577,4721400
1356,828,823,1662388,16212,571400,4886300
1357,845,801,1661543,16256,572201,5140600
1358,817,815,1660726,16258,573016,5299500
1359,850,805,1659876,16303,573821,5305700
1360,834,825,1659042,16312,574646,4886600
1361,780,778,1658262,16314,575424,5225400
1362,805,829,1657457,16290,576253,4930200
1363,784,801,1656673,16273,577054,4972400
1364,807,839,1655866,16241,577893,5053000
1365,781,831,1655085,16191,578724,4770800
1366,836,795,1654249,16232,579519,4843400
1367,798,782,1653451,16248,580301,4716800
1368,778,815,1652673,16211,581116,5029600
1369,809,834,1651864,16186,581950,5110200
1370,836,796,1651028,16226,582746,4734700
1371,815,781,1650213,16260,583527,4923800
1372,859,824,1649354,16295,584351,4798400
1373,838,785,1648516,16348,585136,4986400
1374,830,795,1647686,16383,585931,4784100
1375,825,824,1646861,16384,586755,5196000
1376,854,814,1646007,16424,587569,4877900
1377,830,867,1645177,16387,588436,4852600
1378,867,770,1644310,16484,589206,4845100
1379,846,857,1643464,16473,590063,4597900
1380,805,878,1642659,16400,590941,4804200
1381,827,765,1641832,16462,591706,5143000
1382,804,820,1641028,16446,592526,4818000
1383,790,808,1640238,16428,593334,4843000
1384,805,798,1639433,16435,594132,4788500
1385,820,818,1638613,16437,594950,4683900
1386,828,784,1637785,16481,595734,4627700
1387,797,763,1636988,16515,596497,4673300
1388,807,826,1636181,16496,597323,4727300
1389,834,768,1635347,16562,598091,4836000
1390,802,850,1634545,16514,598941,4962500
1391,833,846,1633712,16501,599787,4958900
1392,827,822,1632885,16506,600609,5032800
1393,779,814,1632106,16471,601423,4797600
1394,870,791,1631236,16550,602214,4726500
1395,851,849,1630385,16552,603063,4964100
1396,862,834,1629523,16580,603897,5038100
1397,835,853,1628688,16562,604750,4804900
1398,820,842,1627868,16540,605592,5391600
1399,878,841,1626990,16577,606433,5040800
1400,788,847,1626202,16518,607280,4685700
1401,836,847,1625366,16507,608127,4676600
1402,843,812,1624523,16538,608939,4503200
1403,803,815,1623720,16526,609754,4561800
1404,825,807,1622895,16544,610561,4738000
1405,830,827,1622065,16547,611388,4761800
1406,813,844,1621252,16516,612232,4660700
1407,826,779,1620426,16563,613011,4658200
1408,848,830,1619578,16581,613841,4533300
1409,832,851,1618746,16562,614692,5016600
1410,854,837,1617892,16579,615529,5127900
1411,832,854,1617060,16557,616383,4884700
1412,837,828,1616223,16566,617211,4537500
1413,781,844,1615442,16503,618055,5043600
1414,789,824,1614653,16468,618879,4692600
1415,790,794,1613863,16464,619673,4535700
1416,814,795,1613049,16483,620468,4394600
1417,837,846,1612212,16474,621314,4366300
1418,825,817,1611387,16482,622131,4417400
1419,836,820,1610551,16498,622951,4512400
1420,834,813,1609717,16519,623764,4394900
1421,790,787,1608927,16522,624551,4896100
1422,870,851,1608057,16541,625402,4438500
1423,772,813,1607285,16500,626215,4662600
1424,780,884,1606505,16396,627099,4870200
1425,851,808,1605654,16439,627907,4627500
1426,819,801,1604835,16457,628708,4705100
1427,813,801,1604022,16469,629509,4591000
1428,774,825,1603248,16418,630334,4597400
1429,827,827,1602421,16418,631161,4805700
1430,774,817,1601647,16375,631978,4417700
1431,810,823,1600837,16362,632801,4531000
1432,811,897,1600026,16276,633698,4483000
1433,804,799,1599222,16281,634497,5020200
1434,840,837,1598382,16284,635334,5067200
1435,777,807,1597605,16254,636141,4499200
1436,851,822,1596754,16283,636963,4505800
1437,813,819,1595941,16277,637782,4400100
1438,835,846,1595106,16266,638628,4788400
1439,840,803,1594266,16303,639431,4632800
1440,843,824,1593423,16322,640255,4601300
1441,775,787,1592648,16310,641042,4801100
1442,796,773,1591852,16333,641815,4575500
1443,816,802,1591036,16347,642617,4783300
1444,751,811,1590285,16287,643428,4875400
1445,781,781,1589504,16287,644209,4680800
1446,782,877,1588722,16192,645086,4805500
1447,805,801,1587917,16196,645887,4385100
1448,795,801,1587122,16190,646688,4658300
1449,692,825,1586430,16057,647513,4520700
1450,748,774,1585682,16031,648287,4437700
1451,778,769,1584904,16040,649056,5087000
1452,748,829,1584156,15959,649885,4611800
1453,790,811,1583366,15938,650696,4456200
1454,766,847,1582600,15857,651543,4752700
1455,791,813,1581809,15835,652356,4498900
1456,777,848,1581032,15764,653204,4451400
1457,787,761,1580245,15790,653965,4455400
1458,795,856,1579450,15729,654821,5024500
1459,756,805,1578694,15680,655626,4690400
1460,744,736,1577950,15688,656362,4982400
1461,761,771,1577189,15678,657133,4590600
1462,783,760,1576406,15701,657893,4531000
1463,788,776,1575618,15713,658669,4796500
1464,797,753,1574821,15757,659422,4678900
1465,774,786,1574047,15745,660208,4532500
1466,860,793,1573187,15812,661001,4558300
1467,773,804,1572414,15781,661805,4390300
1468,751,763,1571663,15769,662568,4479300
1469,724,831,1570939,15662,663399,4624300
1470,778,782,1570161,15658,664181,4445700
1471,759,791,1569402,15626,664972,4700800
1472,813,760,1568589,15679,665732,4602200
1473,762,818,1567827,15623,666550,4438300
1474,804,730,1567023,15697,667280,4411500
1475,781,780,1566242,15698,668060,4862800
1476,818,787,1565424,15729,668847,4840800
1477,791,771,1564633,15749,669618,4694600
1478,764,820,1563869,15693,670438,5090700
1479,777,813,1563092,15657,671251,4792600
1480,775,801,1562317,15631,672052,4719700
1481,799,731,1561518,15699,672783,4583100
1482,806,764,1560712,15741,673547,4649300
1483,737,782,1559975,15696,674329,4466900
1484,771,780,1559204,15687,675109,4764600
1485,712,769,1558492,15630,675878,4541400
1486,795,803,1557697,15622,676681,4842000
1487,817,762,1556880,15677,677443,4447600
1488,806,808,1556074,15675,678251,4457100
1489,768,767,1555306,15676,679018,4576600
1490,751,741,1554555,15686,679759,4488000
1491,713,836,1553842,15563,680595,4471700
1492,781,794,1553061,15550,681389,4575500
1493,788,784,1552273,15554,682173,4611300
1494,762,744,1551511,15572,682917,5280600
1495,773,767,1550738,15578,683684,4734200
1496,759,753,1549979,15584,684437,4452500
1497,791,829,1549188,15546,685266,4855100
1498,773,757,1548415,15562,686023,4367800
1499,782,781,1547633,15563,686804,4419500
1500,799,768,1546834,15594,687572,4420700
1501,769,760,1546065,15603,688332,4684700
1502,780,755,1545285,15628,689087,4862800
1503,791,757,1544494,15662,689844,4471000
1504,857,758,1543637,15761,690602,4422300
1505,807,770,1542830,15798,691372,4417700
1506,805,812,1542025,15791,692184,4488300
1507,787,789,1541238,15789,692973,4437400
1508,839,757,1540399,15871,693730,4426700
1509,759,759,1539640,15871,694489,4456200
1510,879,810,1538761,15940,695299,4983300
1511,790,773,1537971,15957,696072,4637300
1512,837,816,1537134,15978,696888,4783200
1513,820,816,1536314,15982,697704,4525600
1514,803,778,1535511,16007,698482,4666900
1515,841,776,1534670,16072,699258,4647700
1516,839,754,1533831,16157,700012,4960900
1517,831,801,1533000,16187,700813,4624600
1518,817,804,1532183,16200,701617,4892200
1519,770,854,1531413,16116,702471,4428600
1520,861,786,1530552,16191,703257,4444900
1521,774,806,1529778,16159,704063,4348200
1522,796,746,1528982,16209,704809,4356100
1523,886,770,1528096,16325,705579,4724800
1524,847,807,1527249,16365,706386,5258500
1525,857,758,1526392,16464,707144,4569800
1526,859,862,1525533,16461,708006,5127500
1527,852,750,1524681,16563,708756,4776700
1528,862,775,1523819,16650,709531,4475600
1529,846,806,1522973,16690,710337,4929700
1530,866,901,1522107,16655,711238,4609000
1531,874,844,1521233,16685,712082,4551000
1532,844,802,1520389,16727,712884,4896800
1533,813,848,1519576,16692,713732,4690900
1534,850,822,1518726,16720,714554,4553400
1535,904,869,1517822,16755,715423,4540100
1536,836,795,1516986,16796,716218,4946400
1537,806,857,1516180,16745,717075,4659100
1538,819,850,1515361,16714,717925,4957400
1539,832,799,1514529,16747,718724,4722200
1540,834,876,1513695,16705,719600,5086700
1541,859,838,1512836,16726,720438,4586700
1542,818,797,1512018,16747,721235,4476200
1543,903,867,1511115,16783,722102,4602500
1544,823,806,1510292,16800,722908,4977100
1545,865,802,1509427,16863,723710,4529700
1546,854,863,1508573,16854,724573,4563500
1547,827,857,1507746,16824,725430,5177700
1548,782,804,1506964,16802,726234,4723900
1549,803,833,1506161,16772,727067,4484400
1550,805,828,1505356,16749,727895,4636800
1551,772,850,1504584,16671,728745,4542300
1552,767,856,1503817,16582,729601,4806900
1553,804,822,1503013,16564,730423,4665300
1554,866,880,1502147,16550,731303,4961900
1555,812,789,1501335,16573,732092,4573100
1556,855,800,1500480,16628,732892,4616300
1557,794,802,1499686,16620,733694,4810000
1558,769,850,1498917,16539,734544,4563200
1559,807,795,1498110,16551,735339,4936300
1560,800,844,1497310,16507,736183,4691000
1561,791,803,1496519,16495,736986,5174100
1562,826,850,1495693,16471,737836,4838500
1563,795,800,1494898,16466,738636,4807600
1564,796,847,1494102,16415,739483,4678900
1565,769,822,1493333,16362,740305,4502600
1566,787,883,1492546,16266,741188,4732600
1567,829,789,1491717,16306,741977,4896400
1568,812,842,1490905,16276,742819,4652400
1569,798,784,1490107,16290,743603,4744500
1570,843,776,1489264,16357,744379,4679500
1571,857,813,1488407,16401,745192,4505600
1572,795,787,1487612,16409,745979,4420900
1573,814,843,1486798,16380,746822,4410300
1574,768,846,1486030,16302,747668,4467800
1575,864,824,1485166,16342,748492,4485200
1576,851,850,1484315,16343,749342,4411500
1577,807,850,1483508,16300,750192,4653200
1578,790,801,1482718,16289,750993,4553500
1579,823,827,1481895,16285,751820,4868500
1580,729,833,1481166,16181,752653,4588000
1581,806,802,1480360,16185,753455,4594900
1582,765,851,1479595,16099,754306,4542200
1583,806,819,1478789,16086,755125,4859700
1584,741,800,1478048,16027,755925,4649200
1585,838,773,1477210,16092,756698,4877900
1586,776,830,1476434,16038,757528,4940500
1587,821,815,1475613,16044,758343,4710400
1588,798,775,1474815,16067,759118,4672700
1589,812,821,1474003,16058,759939,4715600
1590,778,846,1473225,15990,760785,4966500
1591,853,774,1472372,16069,761559,4707000
1592,803,848,1471569,16024,762407,4852700
1593,785,775,1470784,16034,763182,5044400
1594,768,798,1470016,16004,763980,4883400
1595,788,810,1469228,15982,764790,4927300
1596,800,799,1468428,15983,765589,5206000
1597,796,772,1467632,16007,766361,5224700
1598,822,832,1466810,15997,767193,4670000
1599,793,806,1466017,15984,767999,4626400
1600,819,807,1465198,15996,768806,4800700
1601,818,828,1464380,15986,769634,4667800
1602,861,763,1463519,16084,770397,4795900
1603,831,805,1462688,16110,771202,4625500
1604,816,760,1461872,16166,771962,4478100
1605,862,796,1461010,16232,772758,4486000
1606,843,783,1460167,16292,773541,4880800
1607,828,845,1459339,16275,774386,4823600
1608,815,794,1458524,16296,775180,5026300
1609,850,838,1457674,16308,776018,4733400
1610,843,797,1456831,16354,776815,4568800
1611,787,793,1456044,16348,777608,4519200
1612,788,800,1455256,16336,778408,4882900
1613,815,813,1454441,16338,779221,4763400
1614,779,806,1453662,16311,780027,4801100
1615,818,813,1452844,16316,780840,4579400
1616,766,809,1452078,16273,781649,4655300
1617,815,814,1451263,16274,782463,4560500
1618,759,845,1450504,16188,783308,4521200
1619,771,842,1449733,16117,784150,4491100
1620,810,848,1448923,16079,784998,4594200
1621,813,802,1448110,16090,785800,4904800
1622,799,823,1447311,16066,786623,4541000
1623,765,826,1446546,16005,787449,4558200
1624,791,821,1445755,15975,788270,4565700
1625,828,828,1444927,15975,789098,4604500
1626,778,764,1444149,15989,789862,4966400
1627,791,788,1443358,15992,790650,4860900
1628,775,800,1442583,15967,791450,4486900
1629,770,780,1441813,15957,792230,4437000
1630,837,843,1440976,15951,793073,4545700
1631,788,799,1440188,15940,793872,4530000
1632,819,815,1439369,15944,794687,4615700
1633,758,832,1438611,15870,795519,4476100
1634,828,806,1437783,15892,796325,4590800
1635,789,766,1436994,15915,797091,4422800
1636,774,746,1436220,15943,797837,4882300
1637,787,764,1435433,15966,798601,4592800
1638,797,814,1434636,15949,799415,4493800
1639,786,764,1433850,15971,800179,4557200
1640,748,827,1433102,15892,801006,4551600
1641,814,774,1432288,15932,801780,4996100
1642,751,770,1431537,15913,802550,4498400
1643,744,758,1430793,15899,803308,4415300
1644,779,751,1430014,15927,804059,5072600
1645,732,806,1429282,15853,804865,4616900
1646,799,793,1428483,15859,805658,4674800
1647,839,788,1427644,15910,806446,4645300
1648,766,803,1426878,15873,807249,5075100
1649,762,815,1426116,15820,808064,4673400
1650,778,820,1425338,15778,808884,4578200
1651,759,773,1424579,15764,809657,4650800
1652,797,749,1423782,15812,810406,4667100
1653,802,795,1422980,15819,811201,4644400
1654,792,754,1422188,15857,811955,4926100
1655,805,772,1421383,15890,812727,4633800
1656,782,807,1420601,15865,813534,4902800
1657,801,809,1419800,15857,814343,4571500
1658,748,754,1419052,15851,815097,4473500
1659,815,839,1418237,15827,815936,4926100
1660,820,810,1417417,15837,816746,5095000
1661,811,840,1416606,15808,817586,4446600
1662,833,841,1415773,15800,818427,4496500
1663,770,798,1415003,15772,819225,4517800
1664,821,816,1414182,15777,820041,4543200
1665,797,808,1413385,15766,820849,4615900
1666,783,829,1412602,15720,821678,5257000
1667,779,768,1411823,15731,822446,4739600
1668,765,789,1411058,15707,823235,4533200
1669,815,783,1410243,15739,824018,5076300
1670,823,796,1409420,15766,824814,4744000
1671,793,762,1408627,15797,825576,5084400
1672,826,783,1407801,15840,826359,4551200
1673,851,843,1406950,15848,827202,4635800
1674,800,831,1406150,15817,828033,4559900
1675,765,766,1405385,15816,828799,4713600
1676,855,770,1404530,15901,829569,4546200
1677,841,790,1403689,15952,830359,4483900
1678,821,749,1402868,16024,831108,4618100
1679,786,781,1402082,16029,831889,5089200
1680,855,812,1401227,16072,832701,4689100
1681,810,813,1400417,16069,833514,4473600
1682,816,804,1399601,16081,834318,4580500
1683,825,825,1398776,16081,835143,4592000
1684,828,811,1397948,16098,835954,4553900
1685,845,806,1397103,16137,836760,4493700
1686,837,779,1396266,16195,837539,4577200
1687,816,822,1395450,16189,838361,4688800
1688,846,780,1394604,16255,839141,4539000
1689,839,783,1393765,16311,839924,4559400
1690,812,810,1392953,16313,840734,4680400
1691,804,788,1392149,16329,841522,4729400
1692,772,826,1391377,16275,842348,5016000
1693,809,816,1390568,16268,843164,4572700
1694,781,826,1389787,16223,843990,4509100
1695,797,801,1388990,16219,844791,4679600
1696,798,826,1388192,16191,845617,4447300
1697,820,750,1387372,16261,846367,4564200
1698,845,759,1386527,16347,847126,5002700
1699,859,850,1385668,16356,847976,4685600
1700,837,805,1384831,16388,848781,4619800
1701,802,830,1384029,16360,849611,4627000
1702,743,822,1383286,16281,850433,4500000
1703,790,785,1382496,16286,851218,4847600
1704,815,804,1381681,16297,852022,4723200
1705,756,799,1380925,16254,852821,4529300
1706,768,820,1380157,16202,853641,4729500
1707,801,807,1379356,16196,854448,4622500
1708,799,773,1378557,16222,855221,4725500
1709,781,789,1377776,16214,856010,4815600
1710,746,858,1377030,16102,856868,4608700
1711,774,787,1376256,16089,857655,5260000
1712,773,781,1375483,16081,858436,4772000
1713,759,832,1374724,16008,859268,4672000
1714,763,760,1373961,16011,860028,5001600
1715,809,836,1373152,15984,860864,4566300
1716,786,838,1372366,15932,861702,4828000
1717,740,819,1371626,15853,862521,4728600
1718,725,830,1370901,15748,863351,4763400
1719,743,758,1370158,15733,864109,4910200
1720,782,768,1369376,15747,864877,4833600
1721,732,787,1368644,15692,865664,4723200
1722,753,783,1367891,15662,866447,4713000
1723,700,791,1367191,15571,867238,4577400
1724,731,797,1366460,15505,868035,5113900
1725,739,791,1365721,15453,868826,4766200
1726,755,770,1364966,15438,869596,5145800
1727,814,781,1364152,15471,870377,5188300
1728,724,753,1363428,15442,871130,5111200
1729,761,828,1362667,15375,871958,4965100
1730,744,792,1361923,15327,872750,4584600
1731,757,801,1361166,15283,873551,4930100
1732,779,769,1360387,15293,874320,4558100
1733,747,791,1359640,15249,875111,4498500
1734,725,785,1358915,15189,875896,4514000
1735,723,751,1358192,15161,876647,4377500
1736,732,754,1357460,15139,877401,4769300
1737,737,738,1356723,15138,878139,4561700
1738,761,770,1355962,15129,878909,4813800
1739,777,749,1355185,15157,879658,4558700
1740,758,763,1354427,15152,880421,4510200
1741,767,747,1353660,15172,881168,4528900
1742,734,745,1352926,15161,881913,4468500
1743,773,774,1352153,15160,882687,4667700
1744,707,782,1351446,15085,883469,4429700
1745,737,750,1350709,15072,884219,4482400
1746,743,701,1349966,15114,884920,4638800
1747,745,757,1349221,15102,885677,4804200
1748,793,762,1348428,15133,886439,4456000
1749,775,757,1347653,15151,887196,4484900
1750,796,756,1346857,15191,887952,4941600
1751,723,773,1346134,15141,888725,4842800
1752,731,790,1345403,15082,889515,4600300
1753,739,743,1344664,15078,890258,4554000
1754,764,736,1343900,15106,890994,4896900
1755,793,731,1343107,15168,891725,4786700
1756,811,709,1342296,15270,892434,4535800
1757,718,788,1341578,15200,893222,5251300
1758,787,785,1340791,15202,894007,4797200
1759,761,765,1340030,15198,894772,4489500
1760,788,797,1339242,15189,895569,4658500
1761,762,787,1338480,15164,896356,4506500
1762,734,784,1337746,15114,897140,4363300
1763,741,765,1337005,15090,897905,4607600
1764,693,774,1336312,15009,898679,4552700
1765,743,725,1335569,15027,899404,4426900
1766,751,777,1334818,15001,900181,4416600
1767,777,724,1334041,15054,900905,4527200
1768,723,755,1333318,15022,901660,4794900
1769,746,760,1332572,15008,902420,4576000
1770,755,760,1331817,15003,903180,4619000
1771,698,737,1331119,14964,903917,4736800
1772,768,731,1330351,15001,904648,4865800
1773,729,751,1329622,14979,905399,5291500
1774,755,737,1328867,14997,906136,4536300
1775,749,703,1328118,15043,906839,4666300
1776,793,792,1327325,15044,907631,4842000
1777,816,755,1326509,15105,908386,4676100
1778,748,771,1325761,15082,909157,4708700
1779,771,754,1324990,15099,909911,4606300
1780,759,758,1324231,15100,910669,4674600
1781,750,766,1323481,15084,911435,4638200
1782,734,737,1322747,15081,912172,4776200
1783,752,695,1321995,15138,912867,4703000
1784,759,772,1321236,15125,913639,4696000
1785,749,815,1320487,15059,914454,4993000
1786,732,795,1319755,14996,915249,5148300
1787,710,732,1319045,14974,915981,5458400
1788,728,750,1318317,14952,916731,4779300
1789,758,763,1317559,14947,917494,4842700
1790,691,723,1316868,14915,918217,4722400
1791,754,718,1316114,14951,918935,5053900
1792,738,730,1315376,14959,919665,4735500
1793,718,756,1314658,14921,920421,4871600
1794,712,773,1313946,14860,921194,4678400
1795,724,743,1313222,14841,921937,4533300
1796,712,724,1312510,14829,922661,4492600
1797,783,736,1311727,14876,923397,4564300
1798,722,721,1311005,14877,924118,4751000
1799,717,753,1310288,14841,924871,4724100
1800,689,758,1309599,14772,925629,4709000
1801,727,749,1308872,14750,926378,4938000
1802,749,714,1308123,14785,927092,5004600
1803,802,693,1307321,14894,927785,4923500
1804,789,724,1306532,14959,928509,5215100
1805,755,729,1305777,14985,929238,4958800
1806,736,772,1305041,14949,930010,4941400
1807,740,771,1304301,14918,930781,5199200
1808,719,757,1303582,14880,931538,4920700
1809,720,715,1302862,14885,932253,4662300
1810,759,762,1302103,14882,933015,4691300
1811,742,742,1301361,14882,933757,4781500
1812,709,744,1300652,14847,934501,4736200
1813,725,751,1299927,14821,935252,4820300
1814,687,746,1299240,14762,935998,5187300
1815,710,753,1298530,14719,936751,4860300
1816,787,740,1297743,14766,937491,5176900
1817,724,742,1297019,14748,938233,4868700
1818,735,752,1296284,14731,938985,4824600
1819,710,720,1295574,14721,939705,5726800
1820,673,740,1294901,14654,940445,5104100
1821,676,727,1294225,14603,941172,5132500
1822,714,745,1293511,14572,941917,4783500
1823,729,768,1292782,14533,942685,4762200
1824,737,732,1292045,14538,943417,4727600
1825,745,713,1291300,14570,944130,4849800
1826,771,796,1290529,14545,944926,5208400
1827,766,722,1289763,14589,945648,5216800
1828,778,681,1288985,14686,946329,4908200
1829,701,752,1288284,14635,947081,5223900
1830,724,723,1287560,14636,947804,5038400
1831,730,715,1286830,14651,948519,5023900
1832,747,748,1286083,14650,949267,4889500
1833,723,720,1285360,14653,949987,4955200
1834,734,739,1284626,14648,950726,4758500
1835,752,702,1283874,14698,951428,4671300
1836,748,716,1283126,14730,952144,4610600
1837,771,699,1282355,14802,952843,4613300
1838,756,737,1281599,14821,953580,5086500
1839,751,690,1280848,14882,954270,4842400
1840,756,741,1280092,14897,955011,5152100
1841,717,754,1279375,14860,955765,5065200
1842,675,721,1278700,14814,956486,4748500
1843,705,757,1277995,14762,957243,4873200
1844,720,688,1277275,14794,957931,4691000
1845,723,736,1276552,14781,958667,4776800
1846,722,718,1275830,14785,959385,4662600
1847,691,750,1275139,14726,960135,4520600
1848,721,765,1274418,14682,960900,4726500
1849,733,722,1273685,14693,961622,4652600
1850,732,745,1272953,14680,962367,4509700
1851,684,752,1272269,14612,963119,4817100
1852,698,730,1271571,14580,963849,4906900
1853,714,710,1270857,14584,964559,4563400
1854,721,766,1270136,14539,965325,4513300
1855,760,708,1269376,14591,966033,4573400
1856,750,718,1268626,14623,966751,4733900
1857,689,744,1267937,14568,967495,4725900
1858,707,730,1267230,14545,968225,4444400
1859,708,736,1266522,14517,968961,4502800
1860,702,694,1265820,14525,969655,4499700
1861,746,749,1265074,14522,970404,4685100
1862,686,719,1264388,14489,971123,4646200
1863,689,727,1263699,14451,971850,4684100
1864,675,732,1263024,14394,972582,4824300
1865,700,675,1262324,14419,973257,4817600
1866,691,736,1261633,14374,973993,4733300
1867,669,684,1260964,14359,974677,4861400
1868,682,717,1260282,14324,975394,5140700
1869,714,703,1259568,14335,976097,4585300
1870,673,671,1258895,14337,976768,4665900
1871,716,688,1258179,14365,977456,4644600
1872,691,681,1257488,14375,978137,4516900
1873,691,724,1256797,14342,978861,5158700
1874,716,736,1256081,14322,979597,4807300
1875,710,699,1255371,14333,980296,4786300
1876,714,689,1254657,14358,980985,4797400
1877,735,782,1253922,14311,981767,4483100
1878,673,700,1253249,14284,982467,4494700
1879,738,691,1252511,14331,983158,4850100
1880,730,700,1251781,14361,983858,5020400
1881,730,708,1251051,14383,984566,4648800
1882,701,723,1250350,14361,985289,4755500
1883,688,744,1249662,14305,986033,4588700
1884,660,709,1249002,14256,986742,4432800
1885,713,701,1248289,14268,987443,4483900
1886,660,742,1247629,14186,988185,4514400
1887,656,699,1246973,14143,988884,4630600
1888,720,670,1246253,14193,989554,4533200
1889,678,656,1245575,14215,990210,4767600
1890,667,660,1244908,14222,990870,4428100
1891,720,726,1244188,14216,991596,4551900
1892,684,738,1243504,14162,992334,4733600
1893,694,682,1242810,14174,993016,4466300
1894,724,702,1242086,14196,993718,4492500
1895,650,707,1241436,14139,994425,4468700
1896,696,721,1240740,14114,995146,4378800
1897,676,709,1240064,14081,995855,4361000
1898,690,725,1239374,14046,996580,4389400
1899,692,687,1238682,14051,997267,4333100
1900,695,675,1237987,14071,997942,4343200
1901,701,696,1237286,14076,998638,4458300
1902,667,676,1236619,14067,999314,4628300
1903,679,696,1235940,14050,1000010,4442200
1904,692,740,1235248,14002,1000750,4447900
1905,673,720,1234575,13955,1001470,4535900
1906,675,652,1233900,13978,1002122,4486100
1907,686,675,1233214,13989,1002797,4728900
1908,688,663,1232526,14014,1003460,4686400
1909,665,666,1231861,14013,1004126,4852800
1910,702,672,1231159,14043,1004798,5107700
1911,710,713,1230449,14040,1005511,4554600
1912,659,700,1229790,13999,1006211,4394300
1913,721,693,1229069,14027,1006904,4444200
1914,677,734,1228392,13970,1007638,4466900
1915,686,667,1227706,13989,1008305,4545700
1916,685,701,1227021,13973,1009006,4441300
1917,718,672,1226303,14019,1009678,5139600
1918,655,673,1225648,14001,1010351,4678900
1919,670,707,1224978,13964,1011058,4933400
1920,684,725,1224294,13923,1011783,4520400
1921,668,724,1223626,13867,1012507,4405900
1922,652,693,1222974,13826,1013200,4382800
1923,662,675,1222312,13813,1013875,4432600
1924,641,707,1221671,13747,1014582,4382800
1925,660,704,1221011,13703,1015286,4353300
1926,639,682,1220372,13660,1015968,4485400
1927,692,696,1219680,13656,1016664,4360200
1928,674,654,1219006,13676,1017318,4411900
1929,710,668,1218296,13718,1017986,4437900
1930,648,683,1217648,13683,1018669,4519900
1931,627,704,1217021,13606,1019373,4421700
1932,675,679,1216346,13602,1020052,4446100
1933,687,663,1215659,13626,1020715,4553200
1934,672,713,1214987,13585,1021428,4418900
1935,675,668,1214312,13592,1022096,4981300
1936,653,641,1213659,13604,1022737,4583600
1937,700,685,1212959,13619,1023422,4532200
1938,690,709,1212269,13600,1024131,4856200
1939,653,705,1211616,13548,1024836,4418900
1940,660,631,1210956,13577,1025467,4318800
1941,655,686,1210301,13546,1026153,4604900
1942,654,695,1209647,13505,1026848,4667000
1943,641,660,1209006,13486,1027508,4837300
1944,661,680,1208345,13467,1028188,4557000
1945,681,682,1207664,13466,1028870,4491500
1946,685,654,1206979,13497,1029524,4434600
1947,669,682,1206310,13484,1030206,4501300
1948,676,709,1205634,13451,1030915,4652100
1949,662,704,1204972,13409,1031619,4616000
1950,667,698,1204305,13378,1032317,4562100
1951,688,705,1203617,13361,1033022,4911600
1952,641,708,1202976,13294,1033730,4517200
1953,663,676,1202313,13281,1034406,4732000
1954,598,712,1201715,13167,1035118,4645300
1955,664,648,1201051,13183,1035766,4601400
1956,639,651,1200412,13171,1036417,4761100
1957,663,692,1199749,13142,1037109,4676200
1958,675,663,1199074,13154,1037772,4366100
1959,653,656,1198421,13151,1038428,4371700
1960,682,679,1197739,13154,1039107,4400300
1961,699,690,1197040,13163,1039797,4468000
1962,641,704,1196399,13100,1040501,4621700
1963,686,658,1195713,13128,1041159,4367400
1964,662,623,1195051,13167,1041782,4481500
1965,702,657,1194349,13212,1042439,4508600
1966,615,650,1193734,13177,1043089,4407600
1967,644,659,1193090,13162,1043748,4782100
1968,632,624,1192458,13170,1044372,4398600
1969,655,664,1191803,13161,1045036,4482200
1970,659,654,1191144,13166,1045690,4373100
1971,610,648,1190534,13128,1046338,4464600
1972,685,620,1189849,13193,1046958,4459600
1973,627,666,1189222,13154,1047624,4480400
1974,688,639,1188534,13203,1048263,4779100
1975,606,671,1187928,13138,1048934,4767400
1976,623,679,1187305,13082,1049613,4706800
1977,654,662,1186651,13074,1050275,4585200
1978,652,635,1185999,13091,1050910,4702800
1979,665,666,1185334,13090,1051576,4632000
1980,613,644,1184721,13059,1052220,5416400
1981,643,660,1184078,13042,1052880,4547600
1982,628,673,1183450,12997,1053553,4945900
1983,619,629,1182831,12987,1054182,5164300
1984,647,663,1182184,12971,1054845,5026400
1985,638,611,1181546,12998,1055456,4939900
1986,638,671,1180908,12965,1056127,5098300
1987,656,655,1180252,12966,1056782,4619800
1988,643,662,1179609,12947,1057444,5218000
1989,652,653,1178957,12946,1058097,5363800
1990,647,643,1178310,12950,1058740,5091700
1991,650,614,1177660,12986,1059354,5116000
1992,643,652,1177017,12977,1060006,4777600
1993,634,630,1176383,12981,1060636,4587300
1994,649,643,1175734,12987,1061279,5048000
1995,644,668,1175090,12963,1061947,4595100
1996,637,641,1174453,12959,1062588,4368600
1997,669,665,1173784,12963,1063253,4951600
1998,690,650,1173094,13003,1063903,4415700
1999,631,666,1172463,12968,1064569,4323400
2000,627,664,1171836,12931,1065233,4320400
2001,678,639,1171158,12970,1065872,4424800
2002,630,649,1170528,12951,1066521,4710300
2003,646,661,1169882,12936,1067182,4671300
2004,609,654,1169273,12891,1067836,4847500
2005,639,642,1168634,12888,1068478,4430300
2006,645,701,1167989,12832,1069179,4656300
2007,673,617,1167316,12888,1069796,4495100
2008,631,669,1166685,12850,1070465,4875100
2009,687,620,1165998,12917,1071085,4629500
2010,684,656,1165314,12945,1071741,4855800
2011,688,684,1164626,12949,1072425,4745200
2012,612,654,1164014,12907,1073079,4535400
2013,684,659,1163330,12932,1073738,4616300
2014,611,649,1162719,12894,1074387,4515200
2015,670,637,1162049,12927,1075024,4624500
2016,634,680,1161415,12881,1075704,4687600
2017,647,644,1160768,12884,1076348,4851800
2018,636,658,1160132,12862,1077006,4738300
2019,633,677,1159499,12818,1077683,4761700
2020,664,628,1158835,12854,1078311,4678600
2021,636,676,1158199,12814,1078987,4947700
2022,647,643,1157552,12818,1079630,5285000
2023,620,657,1156932,12781,1080287,4510300
2024,615,660,1156317,12736,1080947,4855300
2025,687,629,1155630,12794,1081576,4737800
2026,663,653,1154967,12804,1082229,4450900
2027,676,625,1154291,12855,1082854,4535100
2028,643,633,1153648,12865,1083487,4622500
2029,657,611,1152991,12911,1084098,4459100
2030,695,694,1152296,12912,1084792,4346600
2031,698,645,1151598,12965,1085437,4507800
2032,668,623,1150930,13010,1086060,4720200
2033,691,631,1150239,13070,1086691,4473900
2034,675,634,1149564,13111,1087325,4624000
2035,729,649,1148835,13191,1087974,4436900
2036,701,657,1148134,13235,1088631,4859800
2037,689,656,1147445,13268,1089287,4732700
2038,679,652,1146766,13295,1089939,4545400
2039,670,654,1146096,13311,1090593,4546900
2040,706,654,1145390,13363,1091247,4620300
2041,665,630,1144725,13398,1091877,4724800
2042,648,653,1144077,13393,1092530,4614300
2043,616,689,1143461,13320,1093219,4674400
2044,693,705,1142768,13308,1093924,4777700
2045,692,691,1142076,13309,1094615,4656000
2046,694,658,1141382,13345,1095273,4571200
2047,666,676,1140716,13335,1095949,4597900
2048,663,648,1140053,13350,1096597,4853500
2049,644,644,1139409,13350,1097241,4628100
2050,637,629,1138772,13358,1097870,5040300
2051,686,720,1138086,13324,1098590,4715700
2052,653,677,1137433,13300,1099267,4798600
2053,657,669,1136776,13288,1099936,4679500
2054,674,685,1136102,13277,1100621,4865300
2055,684,661,1135418,13300,1101282,4720200
2056,634,656,1134784,13278,1101938,4459400
2057,674,653,1134110,13299,1102591,4551300
2058,669,688,1133441,13280,1103279,4611600
2059,698,650,1132743,13328,1103929,4454100
2060,680,678,1132063,13330,1104607,4769100
2061,608,671,1131455,13267,1105278,4410300
2062,659,627,1130796,13299,1105905,4501400
2063,615,627,1130181,13287,1106532,4506700
2064,648,674,1129533,13261,1107206,4525300
2065,666,670,1128867,13257,1107876,4654300
2066,659,679,1128208,13237,1108555,4883900
2067,667,669,1127541,13235,1109224,4836600
2068,668,650,1126873,13253,1109874,4638100
2069,638,702,1126235,13189,1110576,4716900
2070,668,660,1125567,13197,1111236,4554600
2071,696,659,1124871,13234,1111895,4917100
2072,633,663,1124238,13204,1112558,4597900
2073,670,654,1123568,13220,1113212,4935000
2074,592,637,1122976,13175,1113849,4776600
2075,652,660,1122324,13167,1114509,4780300
2076,621,656,1121703,13132,1115165,4986600
2077,631,646,1121072,13117,1115811,4767900
2078,637,663,1120435,13091,1116474,4827000
2079,692,646,1119743,13137,1117120,4608500
2080,640,684,1119103,13093,1117804,4773400
2081,643,668,1118460,13068,1118472,4715500
2082,629,630,1117831,13067,1119102,4666000
2083,624,669,1117207,13022,1119771,4814600
2084,573,692,1116634,12903,1120463,4624400
2085,643,630,1115991,12916,1121093,4576800
2086,599,664,1115392,12851,1121757,4614900
2087,634,623,1114758,12862,1122380,4545300
2088,596,665,1114162,12793,1123045,4585100
2089,649,658,1113513,12784,1123703,4536400
2090,611,649,1112902,12746,1124352,4508400
2091,618,604,1112284,12760,1124956,4538400
2092,635,623,1111649,12772,1125579,4567100
2093,621,657,1111028,12736,1126236,4738000
2094,601,639,1110427,12698,1126875,4738000
2095,602,606,1109825,12694,1127481,4824300
2096,626,594,1109199,12726,1128075,4658500
2097,660,607,1108539,12779,1128682,4527000
2098,675,627,1107864,12827,1129309,4531900
2099,654,664,1107210,12817,1129973,4629800
2100,640,625,1106570,12832,1130598,4587200
2101,635,618,1105935,12849,1131216,4546600
2102,672,636,1105263,12885,1131852,4595100
2103,705,709,1104558,12881,1132561,4508300
2104,636,639,1103922,12878,1133200,4646000
2105,655,671,1103267,12862,1133871,4670900
2106,652,661,1102615,12853,1134532,4743600
2107,659,639,1101956,12873,1135171,4667700
2108,641,676,1101315,12838,1135847,4791100
2109,670,645,1100645,12863,1136492,4688100
2110,637,661,1100008,12839,1137153,4649700
2111,663,637,1099345,12865,1137790,4588800
2112,639,657,1098706,12847,1138447,4488900
2113,652,624,1098054,12875,1139071,4487700
2114,613,657,1097441,12831,1139728,4664400
2115,635,675,1096806,12791,1140403,4564300
2116,616,628,1096190,12779,1141031,4810900
2117,664,650,1095526,12793,1141681,4572600
2118,626,642,1094900,12777,1142323,4709200
2119,633,669,1094267,12741,1142992,5099400
2120,618,641,1093649,12718,1143633,4631800
2121,627,673,1093022,12672,1144306,4839700
2122,617,670,1092405,12619,1144976,4555400
2123,626,651,1091779,12594,1145627,4596200
2124,639,612,1091140,12621,1146239,4636000
2125,622,620,1090518,12623,1146859,4437700
2126,595,644,1089923,12574,1147503,4372800
2127,642,675,1089281,12541,1148178,4477000
2128,655,634,1088626,12562,1148812,4427300
2129,609,659,1088017,12512,1149471,4776100
2130,638,626,1087379,12524,1150097,4744700
2131,630,609,1086749,12545,1150706,4950400
2132,619,637,1086130,12527,1151343,5102900
2133,640,619,1085490,12548,1151962,4520900
2134,645,650,1084845,12543,1152612,4610000
2135,648,627,1084197,12564,1153239,5411400
2136,628,605,1083569,12587,1153844,5355400
2137,682,622,1082887,12647,1154466,5493500
2138,623,651,1082264,12619,1155117,5284600
2139,652,640,1081612,12631,1155757,5311000
2140,658,650,1080954,12639,1156407,5047100
2141,670,619,1080284,12690,1157026,5034500
2142,649,638,1079635,12701,1157664,5737200
2143,653,633,1078982,12721,1158297,5408000
2144,614,642,1078368,12693,1158939,5464400
2145,652,639,1077716,12706,1159578,5400100
2146,665,640,1077051,12731,1160218,5275000
2147,656,667,1076395,12720,1160885,5503100
2148,665,625,1075730,12760,1161510,5794700
2149,665,623,1075065,12802,1162133,5116400
2150,630,653,1074435,12779,1162786,5080100
2151,658,662,1073777,12775,1163448,5078000
2152,642,585,1073135,12832,1164033,5431700
2153,649,643,1072486,12838,1164676,4842200
2154,664,687,1071822,12815,1165363,4857800
2155,683,614,1071139,12884,1165977,4449600
2156,620,632,1070519,12872,1166609,4910300
2157,654,646,1069865,12880,1167255,4729500
2158,629,617,1069236,12892,1167872,4640400
2159,690,660,1068546,12922,1168532,4528200
2160,715,662,1067831,12975,1169194,4648900
2161,613,679,1067218,12909,1169873,4507500
2162,645,619,1066573,12935,1170492,4435700
2163,634,665,1065939,12904,1171157,4368600
2164,614,665,1065325,12853,1171822,4477600
2165,713,673,1064612,12893,1172495,4542500
2166,646,649,1063966,12890,1173144,4521500
2167,657,616,1063309,12931,1173760,4470400
2168,668,611,1062641,12988,1174371,4425900
2169,650,625,1061991,13013,1174996,4468300
2170,640,626,1061351,13027,1175622,4633700
2171,663,638,1060688,13052,1176260,4985000
2172,671,625,1060017,13098,1176885,4502300
2173,649,671,1059368,13076,1177556,4540500
2174,653,621,1058715,13108,1178177,4772600
2175,625,666,1058090,13067,1178843,4874600
2176,621,682,1057469,13006,1179525,4521100
2177,640,685,1056829,12961,1180210,4387300
2178,647,680,1056182,12928,1180890,4348300
2179,644,633,1055538,12939,1181523,4588700
2180,678,637,1054860,12980,1182160,4410300
2181,644,668,1054216,12956,1182828,4495700
2182,636,655,1053580,12937,1183483,4546100
2183,604,663,1052976,12878,1184146,4943800
2184,616,625,1052360,12869,1184771,4685800
2185,616,672,1051744,12813,1185443,4588800
2186,672,654,1051072,12831,1186097,4628600
2187,687,658,1050385,12860,1186755,4908700
2188,640,658,1049745,12842,1187413,4902600
2189,662,614,1049083,12890,1188027,4654400
2190,610,604,1048473,12896,1188631,4530800
2191,623,657,1047850,12862,1189288,4796800
2192,641,630,1047209,12873,1189918,4961600
2193,671,640,1046538,12904,1190558,4619700
2194,670,650,1045868,12924,1191208,4738200
2195,655,649,1045213,12930,1191857,4580100
2196,668,673,1044545,12925,1192530,4630000
2197,663,642,1043882,12946,1193172,4701600
2198,688,677,1043194,12957,1193849,4698600
2199,628,646,1042566,12939,1194495,4607500
2200,646,654,1041920,12931,1195149,4692100
2201,631,638,1041289,12924,1195787,4760000
2202,649,601,1040640,12972,1196388,4753700
2203,647,668,1039993,12951,1197056,4694400
2204,633,636,1039360,12948,1197692,4531300
2205,639,632,1038721,12955,1198324,4945500
2206,643,669,1038078,12929,1198993,4488900
2207,623,609,1037455,12943,1199602,4568400
2208,651,667,1036804,12927,1200269,4472400
2209,605,614,1036199,12918,1200883,4335500
2210,620,662,1035579,12876,1201545,5433000
2211,648,646,1034931,12878,1202191,4507800
2212,638,645,1034293,12871,1202836,4473900
2213,638,625,1033655,12884,1203461,4398600
2214,655,666,1033000,12873,1204127,4577000
2215,646,623,1032354,12896,1204750,4376900
2216,631,633,1031723,12894,1205383,4421300
2217,634,637,1031089,12891,1206020,4469300
2218,673,630,1030416,12934,1206650,4670800
2219,644,636,1029772,12942,1207286,4397600
2220,625,670,1029147,12897,1207956,4430300
2221,695,634,1028452,12958,1208590,4481700
2222,656,700,1027796,12914,1209290,4807300
2223,626,621,1027170,12919,1209911,5088700
2224,604,635,1026566,12888,1210546,4770800
2225,605,682,1025961,12811,1211228,4744800
2226,655,648,1025306,12818,1211876,4869200
2227,643,637,1024663,12824,1212513,5050500
2228,615,677,1024048,12762,1213190,4988600
2229,637,639,1023411,12760,1213829,5071800
2230,606,665,1022805,12701,1214494,4752500
2231,595,662,1022210,12634,1215156,4566600
2232,630,639,1021580,12625,1215795,5000000
2233,671,627,1020909,12669,1216422,4574600
2234,616,625,1020293,12660,1217047,4790200
2235,586,641,1019707,12605,1217688,4853700
2236,625,631,1019082,12599,1218319,4885800
2237,613,612,1018469,12600,1218931,5051300
2238,586,637,1017883,12549,1219568,5034400
2239,617,669,1017266,12497,1220237,5194000
2240,586,651,1016680,12432,1220888,4868500
2241,619,646,1016061,12405,1221534,5142600
2242,648,588,1015413,12465,1222122,5117100
2243,621,592,1014792,12494,1222714,5446000
2244,601,593,1014191,12502,1223307,5163100
2245,601,604,1013590,12499,1223911,4898400
2246,676,612,1012914,12563,1224523,4773000
2247,636,655,1012278,12544,1225178,4729400
2248,618,613,1011660,12549,1225791,4756500
2249,609,627,1011051,12531,1226418,4859900
2250,584,632,1010467,12483,1227050,4904100
2251,622,624,1009845,12481,1227674,4957400
2252,613,633,1009232,12461,1228307,4744400
2253,604,621,1008628,12444,1228928,5117600
2254,629,657,1007999,12416,1229585,4679500
2255,622,618,1007377,12420,1230203,4649900
2256,634,620,1006743,12434,1230823,4824600
2257,612,594,1006131,12452,1231417,4610800
2258,584,668,1005547,12368,1232085,4596400
2259,617,621,1004930,12364,1232706,4581700
2260,652,644,1004278,12372,1233350,4554800
2261,650,609,1003628,12413,1233959,4508400
2262,629,621,1002999,12421,1234580,4505300
2263,596,639,1002403,12378,1235219,4675600
2264,655,578,1001748,12455,1235797,4668000
2265,675,595,1001073,12535,1236392,4629500
2266,638,633,1000435,12540,1237025,4875200
2267,616,641,999819,12515,1237666,4909300
2268,577,658,999242,12434,1238324,4737100
2269,646,622,998596,12458,1238946,4876800
2270,638,576,997958,12520,1239522,4665100
2271,654,609,997304,12565,1240131,4476700
2272,656,623,996648,12598,1240754,4445500
2273,625,597,996023,12626,1241351,4771100
2274,637,588,995386,12675,1241939,4584200
2275,644,602,994742,12717,1242541,4692600
2276,616,624,994126,12709,1243165,4626300
2277,636,662,993490,12683,1243827,4466600
2278,648,590,992842,12741,1244417,4448400
2279,631,650,992211,12722,1245067,4714300
2280,634,610,991577,12746,1245677,4585700
2281,636,627,990941,12755,1246304,4502800
2282,637,647,990304,12745,1246951,4444000
2283,625,653,989679,12717,1247604,4619200
2284,619,607,989060,12729,1248211,4479900
2285,682,594,988378,12817,1248805,4436800
2286,664,673,987714,12808,1249478,4555600
2287,619,679,987095,12748,1250157,4398800
2288,620,652,986475,12716,1250809,4475500
2289,632,588,985843,12760,1251397,4660700
2290,626,672,985217,12714,1252069,4525800
2291,638,677,984579,12675,1252746,4409400
2292,599,655,983980,12619,1253401,4551100
2293,627,600,983353,12646,1254001,4447500
2294,616,615,982737,12647,1254616,4517900
2295,652,644,982085,12655,1255260,5050600
2296,670,620,981415,12705,1255880,4418100
2297,651,632,980764,12724,1256512,4440400
2298,622,600,980142,12746,1257112,4373300
2299,610,677,979532,12679,1257789,4365900
2300,610,676,978922,12613,1258465,4445600
2301,595,652,978327,12556,1259117,4359900
2302,609,625,977718,12540,1259742,4426100
2303,656,619,977062,12577,1260361,4398700
2304,641,630,976421,12588,1260991,4443300
2305,654,635,975767,12607,1261626,4563900
2306,627,688,975140,12546,1262314,4591000
2307,612,623,974528,12535,1262937,4659200
2308,612,632,973916,12515,1263569,4530400
2309,627,612,973289,12530,1264181,4560600
2310,569,666,972720,12433,1264847,4485300
2311,656,627,972064,12462,1265474,4389900
2312,624,640,971440,12446,1266114,4459900
2313,638,622,970802,12462,1266736,4550900
2314,653,646,970149,12469,1267382,4603400
2315,603,574,969546,12498,1267956,4385500
2316,623,592,968923,12529,1268548,4644600
2317,623,619,968300,12533,1269167,4638500
2318,624,640,967676,12517,1269807,4499600
2319,591,584,967085,12524,1270391,4542800
2320,641,622,966444,12543,1271013,4635700
2321,662,623,965782,12582,1271636,4722300
2322,628,657,965154,12553,1272293,4743500
2323,646,650,964508,12549,1272943,4961000
2324,648,683,963860,12514,1273626,4883800
2325,663,642,963197,12535,1274268,5019400
2326,640,595,962557,12580,1274863,4874900
2327,655,603,961902,12632,1275466,4822000
2328,632,612,961270,12652,1276078,4933500
2329,646,642,960624,12656,1276720,5025900
2330,679,614,959945,12721,1277334,4672400
2331,668,647,959277,12742,1277981,4797700
2332,628,606,958649,12764,1278587,4736000
2333,639,645,958010,12758,1279232,4690300
2334,649,651,957361,12756,1279883,4683600
2335,614,606,956747,12764,1280489,4609400
2336,631,651,956116,12744,1281140,4664300
2337,640,623,955476,12761,1281763,4716100
2338,598,637,954878,12722,1282400,4708500
2339,597,643,954281,12676,1283043,4463700
2340,624,616,953657,12684,1283659,4379000
2341,623,633,953034,12674,1284292,4647800
2342,680,625,952354,12729,1284917,4579300
2343,674,643,951680,12760,1285560,4574900
2344,632,612,951048,12780,1286172,4699600
2345,691,648,950357,12823,1286820,4523900
2346,690,682,949667,12831,1287502,4560400
2347,682,639,948985,12874,1288141,4739700
2348,661,617,948324,12918,1288758,4746700
2349,676,596,947648,12998,1289354,4493400
2350,602,643,947046,12957,1289997,4713000
2351,631,650,946415,12938,1290647,4871100
2352,620,656,945795,12902,1291303,4585300
2353,617,624,945178,12895,1291927,4574900
2354,652,661,944526,12886,1292588,4695800
2355,626,639,943900,12873,1293227,4394900
2356,610,673,943290,12810,1293900,4503100
2357,656,618,942634,12848,1294518,4596600
2358,634,651,942000,12831,1295169,4627000
2359,619,626,941381,12824,1295795,4569500
2360,617,646,940764,12795,1296441,4893300
2361,659,669,940105,12785,1297110,4651900
2362,641,639,939464,12787,1297749,4538600
2363,628,623,938836,12792,1298372,4879100
2364,590,686,938246,12696,1299058,4593000
2365,636,610,937610,12722,1299668,4476600
2366,646,648,936964,12720,1300316,4366800
2367,615,673,936349,12662,1300989,4483300
2368,628,672,935721,12618,1301661,4348100
2369,602,624,935119,12596,1302285,4307100
2370,612,625,934507,12583,1302910,4438000
2371,659,632,933848,12610,1303542,4452300
2372,646,618,933202,12638,1304160,4379000
2373,580,616,932622,12602,1304776,4375600
2374,649,618,931973,12633,1305394,4355500
2375,639,604,931334,12668,1305998,4299800
2376,653,603,930681,12718,1306601,4380200
2377,637,635,930044,12720,1307236,4438100
2378,644,609,929400,12755,1307845,4393900
2379,688,623,928712,12820,1308468,4570400
2380,640,652,928072,12808,1309120,4649800
2381,638,627,927434,12819,1309747,4393600
2382,591,686,926843,12724,1310433,4373600
2383,599,594,926244,12729,1311027,4363300
2384,606,638,925638,12697,1311665,4375000
2385,629,629,925009,12697,1312294,4338800
2386,571,620,924438,12648,1312914,4393500
2387,606,636,923832,12618,1313550,4477500
2388,650,675,923182,12593,1314225,5202000
2389,609,648,922573,12554,1314873,4690100
2390,601,634,921972,12521,1315507,4883400
2391,620,646,921352,12495,1316153,4578500
2392,587,610,920765,12472,1316763,4837500
2393,615,623,920150,12464,1317386,5023300
2394,614,657,919536,12421,1318043,4820900
2395,662,602,918874,12481,1318645,4730400
2396,647,578,918227,12550,1319223,4437400
2397,632,629,917595,12553,1319852,4570600
2398,663,592,916932,12624,1320444,4430600
2399,629,595,916303,12658,1321039,4350000
2400,622,612,915681,12668,1321651,4518200
2401,630,636,915051,12662,1322287,4508700
2402,642,650,914409,12654,1322937,4391000
2403,612,615,913797,12651,1323552,4475300
2404,670,634,913127,12687,1324186,4349200
2405,628,591,912499,12724,1324777,4365400
2406,594,611,911905,12707,1325388,4417300
2407,640,619,911265,12728,1326007,4654900
2408,602,645,910663,12685,1326652,4704300
2409,580,662,910083,12603,1327314,4439100
2410,632,665,909451,12570,1327979,4599800
2411,641,608,908810,12603,1328587,4668800
2412,649,642,908161,12610,1329229,4552200
2413,623,632,907538,12601,1329861,4433900
2414,586,675,906952,12512,1330536,4491100
2415,632,636,906320,12508,1331172,4355500
2416,607,597,905713,12518,1331769,4385500
2417,626,615,905087,12529,1332384,4664700
2418,640,625,904447,12544,1333009,4410200
2419,656,591,903791,12609,1333600,4443500
2420,635,605,903156,12639,1334205,4372500
2421,657,607,902499,12689,1334812,4451400
2422,598,643,901901,12644,1335455,4558100
2423,651,600,901250,12695,1336055,4355500
2424,618,642,900632,12671,1336697,4786300
2425,635,630,899997,12676,1337327,4422100
2426,593,593,899404,12676,1337920,4371300
2427,678,600,898726,12754,1338520,4666800
2428,635,613,898091,12776,1339133,4629100
2429,650,607,897441,12819,1339740,4513100
2430,656,651,896785,12824,1340391,4725200
2431,615,653,896170,12786,1341044,4575700
2432,599,630,895571,12755,1341674,4737900
2433,612,624,894959,12743,1342298,4422500
2434,637,698,894322,12682,1342996,4602300
2435,656,620,893666,12718,1343616,4700600
2436,609,636,893057,12691,1344252,4494700
2437,605,634,892452,12662,1344886,4555100
2438,599,611,891853,12650,1345497,4411700
2439,609,625,891244,12634,1346122,4425900
2440,606,644,890638,12596,1346766,4537600
2441,627,640,890011,12583,1347406,4551700
2442,633,607,889378,12609,1348013,4465100
2443,650,610,888728,12649,1348623,4691500
2444,607,590,888121,12666,1349213,4538800
2445,618,604,887503,12680,1349817,4561100
2446,598,686,886905,12592,1350503,4495700
2447,569,675,886336,12486,1351178,4558100
2448,630,613,885706,12503,1351791,4628800
2449,616,596,885090,12523,1352387,4543300
2450,587,629,884503,12481,1353016,4616600
2451,585,607,883918,12459,1353623,4818300
2452,608,600,883310,12467,1354223,4548400
2453,648,650,882662,12465,1354873,4500400
2454,609,591,882053,12483,1355464,4576200
2455,672,652,881381,12503,1356116,4643800
2456,620,637,880761,12486,1356753,4601000
2457,656,607,880105,12535,1357360,4382500
2458,617,589,879488,12563,1357949,4601700
2459,594,631,878894,12526,1358580,4430100
2460,604,590,878290,12540,1359170,4416300
2461,587,613,877703,12514,1359783,4476900
2462,586,623,877117,12477,1360406,4375500
2463,610,615,876507,12472,1361021,4383200
2464,621,665,875886,12428,1361686,4415500
2465,628,648,875258,12408,1362334,4649700
2466,584,605,874674,12387,1362939,4433100
2467,610,626,874064,12371,1363565,4446300
2468,624,644,873440,12351,1364209,4651400
2469,584,615,872856,12320,1364824,4514800
2470,597,617,872259,12300,1365441,4310100
2471,560,602,871699,12258,1366043,4308700
2472,569,637,871130,12190,1366680,4349700
2473,607,627,870523,12170,1367307,4364500
2474,652,622,869871,12200,1367929,4639400
2475,586,585,869285,12201,1368514,4501300
2476,619,574,868666,12246,1369088,4414400
2477,601,624,868065,12223,1369712,4405400
2478,617,618,867448,12222,1370330,4446500
2479,561,616,866887,12167,1370946,4745900
2480,586,634,866301,12119,1371580,4761900
2481,566,604,865735,12081,1372184,4601600
2482,606,602,865129,12085,1372786,4732300
2483,637,587,864492,12135,1373373,4651700
2484,585,612,863907,12108,1373985,4428800
2485,607,613,863300,12102,1374598,4429800
2486,596,572,862704,12126,1375170,4330000
2487,592,585,862112,12133,1375755,4338000
2488,559,640,861553,12052,1376395,4360100
2489,590,589,860963,12053,1376984,4658700
2490,560,614,860403,11999,1377598,4374900
2491,604,621,859799,11982,1378219,4340800
2492,556,613,859243,11925,1378832,4369200
2493,568,598,858675,11895,1379430,4511100
2494,593,607,858082,11881,1380037,4574200
2495,597,574,857485,11904,1380611,4487000
2496,575,576,856910,11903,1381187,4585800
2497,561,576,856349,11888,1381763,4443100
2498,641,604,855708,11925,1382367,4393700
2499,614,578,855094,11961,1382945,4814700
2500,598,599,854496,11960,1383544,4420000
2501,577,584,853919,11953,1384128,4305500
2502,604,606,853315,11951,1384734,4443100
2503,569,582,852746,11938,1385316,4391000
2504,586,594,852160,11930,1385910,4420700
2505,590,624,851570,11896,1386534,4465300
2506,574,634,850996,11836,1387168,4596000
2507,572,601,850424,11807,1387769,4770900
2508,555,587,849869,11775,1388356,4490400
2509,575,596,849294,11754,1388952,4606200
2510,605,633,848689,11726,1389585,4410600
2511,561,604,848128,11683,1390189,4384000
2512,567,647,847561,11603,1390836,4303000
2513,569,596,846992,11576,1391432,4587700
2514,584,557,846408,11603,1391989,4369700
2515,546,615,845862,11534,1392604,4369300
2516,616,534,845246,11616,1393138,4341800
2517,575,565,844671,11626,1393703,4313700
2518,594,584,844077,11636,1394287,4352200
2519,593,624,843484,11605,1394911,4729000
2520,560,586,842924,11579,1395497,4525100
2521,566,559,842358,11586,1396056,4412500
2522,594,604,841764,11576,1396660,4415600
2523,655,554,841109,11677,1397214,4670900
2524,602,592,840507,11687,1397806,4595500
2525,597,545,839910,11739,1398351,4440200
2526,607,600,839303,11746,1398951,4838200
2527,604,558,838699,11792,1399509,4517100
2528,594,586,838105,11800,1400095,4505700
2529,622,613,837483,11809,1400708,4431400
2530,607,620,836876,11796,1401328,4443700
2531,609,553,836267,11852,1401881,4357300
2532,620,591,835647,11881,1402472,4431100
2533,645,632,835002,11894,1403104,4648300
2534,572,599,834430,11867,1403703,4529100
2535,593,637,833837,11823,1404340,4434200
2536,627,594,833210,11856,1404934,4537400
2537,607,604,832603,11859,1405538,4482300
2538,572,588,832031,11843,1406126,4529900
2539,548,580,831483,11811,1406706,4443200
2540,594,619,830889,11786,1407325,4588000
2541,593,593,830296,11786,1407918,4460200
2542,587,576,829709,11797,1408494,4425200
2543,602,596,829107,11803,1409090,4560400
2544,565,585,828542,11783,1409675,4593700
2545,573,587,827969,11769,1410262,4483900
2546,600,599,827369,11770,1410861,4736700
2547,606,571,826763,11805,1411432,4443200
2548,557,573,826206,11789,1412005,4428000
2549,569,592,825637,11766,1412597,4629800
2550,579,534,825058,11811,1413131,4467500
2551,584,619,824474,11776,1413750,4420500
2552,567,538,823907,11805,1414288,4605900
2553,569,576,823338,11798,1414864,4882400
2554,571,563,822767,11806,1415427,4707100
2555,612,569,822155,11849,1415996,4526700
2556,558,616,821597,11791,1416612,4442800
2557,590,603,821007,11778,1417215,4426000
2558,552,597,820455,11733,1417812,4429300
2559,578,548,819877,11763,1418360,4432900
2560,587,626,819290,11724,1418986,4447400
2561,572,582,818718,11714,1419568,4740700
2562,545,603,818173,11656,1420171,4398700
2563,570,619,817603,11607,1420790,4375700
2564,524,631,817079,11500,1421421,4384800
2565,595,549,816484,11546,1421970,4331300
2566,559,595,815925,11510,1422565,4345100
2567,561,556,815364,11515,1423121,4393100
2568,576,603,814788,11488,1423724,4587500
2569,607,591,814181,11504,1424315,4489800
2570,584,562,813597,11526,1424877,4643500
2571,570,554,813027,11542,1425431,4427300
2572,630,558,812397,11614,1425989,4406700
2573,558,607,811839,11565,1426596,4544100
2574,579,547,811260,11597,1427143,4443600
2575,567,545,810693,11619,1427688,4288000
2576,586,580,810107,11625,1428268,4354600
2577,597,599,809510,11623,1428867,4448500
2578,591,607,808919,11607,1429474,4569200
2579,570,612,808349,11565,1430086,4504600
2580,585,574,807764,11576,1430660,4428800
2581,635,561,807129,11650,1431221,4501400
2582,583,615,806546,11618,1431836,4471500
2583,585,594,805961,11609,1432430,4498100
2584,575,560,805386,11624,1432990,4671000
2585,632,577,804754,11679,1433567,4764100
2586,588,581,804166,11686,1434148,4597100
2587,600,579,803566,11707,1434727,4507000
2588,615,582,802951,11740,1435309,4707600
2589,575,584,802376,11731,1435893,4696000
2590,571,545,801805,11757,1436438,4588300
2591,588,605,801217,11740,1437043,4622400
2592,562,574,800655,11728,1437617,4675400
2593,555,591,800100,11692,1438208,4507400
2594,573,596,799527,11669,1438804,4480200
2595,545,569,798982,11645,1439373,4587500
2596,538,606,798444,11577,1439979,4651800
2597,599,560,797845,11616,1440539,4725500
2598,537,593,797308,11560,1441132,4650200
2599,535,568,796773,11527,1441700,4740600
2600,599,556,796174,11570,1442256,4369100
2601,565,591,795609,11544,1442847,4527600
2602,586,558,795023,11572,1443405,4476800
2603,560,576,794463,11556,1443981,4567100
2604,559,583,793904,11532,1444564,4401900
2605,594,554,793310,11572,1445118,4720600
2606,566,604,792744,11534,1445722,5081900
2607,589,603,792155,11520,1446325,4663500
2608,532,530,791623,11522,1446855,4627300
2609,581,605,791042,11498,1447460,4783700
2610,548,568,790494,11478,1448028,4944300
2611,540,589,789954,11429,1448617,4916300
2612,549,558,789405,11420,1449175,4692300
2613,530,560,788875,11390,1449735,4494200
2614,583,557,788292,11416,1450292,4688600
2615,540,574,787752,11382,1450866,4498400
2616,577,578,787175,11381,1451444,4477700
2617,508,568,786667,11321,1452012,4412600
2618,547,536,786120,11332,1452548,4706600
2619,544,576,785576,11300,1453124,4551800
2620,523,565,785053,11258,1453689,4521100
2621,520,520,784533,11258,1454209,4566300
2622,546,529,783987,11275,1454738,4653600
2623,556,592,783431,11239,1455330,4601900
2624,558,538,782873,11259,1455868,4507500
2625,539,609,782334,11189,1456477,4532700
2626,556,585,781778,11160,1457062,4568900
2627,530,575,781248,11115,1457637,4707900
2628,515,542,780733,11088,1458179,4816800
2629,520,518,780213,11090,1458697,4658000
2630,509,556,779704,11043,1459253,4408600
2631,546,514,779158,11075,1459767,4593200
2632,581,534,778577,11122,1460301,4577400
2633,558,531,778019,11149,1460832,4499800
2634,557,593,777462,11113,1461425,4365200
2635,556,539,776906,11130,1461964,4564800
2636,580,558,776326,11152,1462522,4590400
2637,529,563,775797,11118,1463085,4545000
2638,565,559,775232,11124,1463644,4585700
2639,564,568,774668,11120,1464212,4558800
2640,524,570,774144,11074,1464782,4624300
2641,569,563,773575,11080,1465345,4573700
2642,514,535,773061,11059,1465880,4461700
2643,507,538,772554,11028,1466418,4364300
2644,553,580,772001,11001,1466998,4294600
2645,577,532,771424,11046,1467530,4618300
2646,538,504,770886,11080,1468034,4309800
2647,545,524,770341,11101,1468558,4276400
2648,545,548,769796,11098,1469106,4261400
2649,575,560,769221,11113,1469666,4703300
2650,548,558,768673,11103,1470224,4414200
2651,601,556,768072,11148,1470780,4383100
2652,538,577,767534,11109,1471357,4478200
2653,562,573,766972,11098,1471930,4462100
2654,559,549,766413,11108,1472479,4393400
2655,547,574,765866,11081,1473053,4481300
2656,528,583,765338,11026,1473636,4796600
2657,496,545,764842,10977,1474181,4382100
2658,539,532,764303,10984,1474713,4427900
2659,523,562,763780,10945,1475275,4376900
2660,527,563,763253,10909,1475838,4464500
2661,581,538,762672,10952,1476376,4379100
2662,557,517,762115,10992,1476893,4495700
2663,584,553,761531,11023,1477446,4602900
2664,565,564,760966,11024,1478010,4636600
2665,541,601,760425,10964,1478611,4578200
2666,542,544,759883,10962,1479155,4635200
2667,576,577,759307,10961,1479732,4578100
2668,525,512,758782,10974,1480244,4732000
2669,547,537,758235,10984,1480781,5060800
2670,562,510,757673,11036,1481291,4787300
2671,490,554,757183,10972,1481845,4538900
2672,524,581,756659,10915,1482426,4444800
2673,526,534,756133,10907,1482960,4621000
2674,516,564,755617,10859,1483524,4471400
2675,552,531,755065,10880,1484055,4460100
2676,536,504,754529,10912,1484559,4270900
2677,514,532,754015,10894,1485091,4284900
2678,518,553,753497,10859,1485644,4294500
2679,543,565,752954,10837,1486209,4264000
2680,531,540,752423,10828,1486749,4374500
2681,504,558,751919,10774,1487307,4456000
2682,519,531,751400,10762,1487838,4323300
2683,539,505,750861,10796,1488343,4303100
2684,542,527,750319,10811,1488870,4544700
2685,507,545,749812,10773,1489415,4507900
2686,493,497,749319,10769,1489912,4528100
2687,517,554,748802,10732,1490466,4405900
2688,493,531,748309,10694,1490997,4286100
2689,523,540,747786,10677,1491537,4437100
2690,503,528,747283,10652,1492065,4355800
2691,525,504,746758,10673,1492569,4437000
2692,516,558,746242,10631,1493127,4289300
2693,557,530,745685,10658,1493657,4317500
2694,533,503,745152,10688,1494160,4353300
2695,512,541,744640,10659,1494701,4378700
2696,525,521,744115,10663,1495222,4358300
2697,508,531,743607,10640,1495753,4390800
2698,548,557,743059,10631,1496310,4420600
2699,555,522,742504,10664,1496832,4642000
2700,518,520,741986,10662,1497352,4533000
2701,526,472,741460,10716,1497824,4558600
2702,507,536,740953,10687,1498360,4790500
2703,503,567,740450,10623,1498927,4617500
2704,556,587,739894,10592,1499514,4619600
2705,520,561,739374,10551,1500075,4604400
2706,529,534,738845,10546,1500609,4631100
2707,508,520,738337,10534,1501129,4464800
2708,588,541,737749,10581,1501670,4433900
2709,476,533,737273,10524,1502203,4338700
2710,550,531,736723,10543,1502734,4302900
2711,540,506,736183,10577,1503240,4356000
2712,528,555,735655,10550,1503795,4375500
2713,507,535,735148,10522,1504330,4569800
2714,454,555,734694,10421,1504885,4613900
2715,496,471,734198,10446,1505356,4426600
2716,544,511,733654,10479,1505867,4397700
2717,507,546,733147,10440,1506413,4336100
2718,451,506,732696,10385,1506919,4400400
2719,504,498,732192,10391,1507417,4459300
2720,502,515,731690,10378,1507932,4395900
2721,455,502,731235,10331,1508434,4372500
2722,464,531,730771,10264,1508965,4399700
2723,496,511,730275,10249,1509476,4387800
2724,524,516,729751,10257,1509992,4399100
2725,493,519,729258,10231,1510511,4377600
2726,475,529,728783,10177,1511040,4994700
2727,477,475,728306,10179,1511515,4373000
2728,468,544,727838,10103,1512059,4423400
2729,494,507,727344,10090,1512566,4588000
2730,459,506,726885,10043,1513072,4552800
2731,449,502,726436,9990,1513574,4333300
2732,502,496,725934,9996,1514070,4443000
2733,447,518,725487,9925,1514588,4396500
2734,492,488,724995,9929,1515076,4434500
2735,488,528,724507,9889,1515604,4342000
2736,518,501,723989,9906,1516105,4528500
2737,459,524,723530,9841,1516629,4531200
2738,480,496,723050,9825,1517125,4343300
2739,480,478,722570,9827,1517603,4459000
2740,490,475,722080,9842,1518078,4402800
2741,486,495,721594,9833,1518573,4441600
2742,533,466,721061,9900,1519039,4381600
2743,532,512,720529,9920,1519551,4575700
2744,494,514,720035,9900,1520065,4482600
2745,524,489,719511,9935,1520554,4385700
2746,496,504,719015,9927,1521058,4308900
2747,471,488,718544,9910,1521546,4361200
2748,513,476,718031,9947,1522022,4478200
2749,530,522,717501,9955,1522544,4317900
2750,485,495,717016,9945,1523039,4385100
2751,544,470,716472,10019,1523509,4500900
2752,509,500,715963,10028,1524009,4399800
2753,477,479,715486,10026,1524488,4362200
2754,512,498,714974,10040,1524986,4612000
2755,490,492,714484,10038,1525478,4444200
2756,523,481,713961,10080,1525959,4446900
2757,512,470,713449,10122,1526429,4422700
2758,501,492,712948,10131,1526921,4571400
2759,488,471,712460,10148,1527392,4522500
2760,515,507,711945,10156,1527899,4414300
2761,491,513,711454,10134,1528412,4576400
2762,526,500,710928,10160,1528912,4350800
2763,500,518,710428,10142,1529430,4311800
2764,534,487,709894,10189,1529917,4372100
2765,536,500,709358,10225,1530417,4421400
2766,486,542,708872,10169,1530959,4361000
2767,518,496,708354,10191,1531455,4503400
2768,494,523,707860,10162,1531978,4505700
2769,512,525,707348,10149,1532503,4517500
2770,477,478,706871,10148,1532981,4363300
2771,474,491,706397,10131,1533472,4521600
2772,506,492,705891,10145,1533964,4438900
2773,467,508,705424,10104,1534472,4327200
2774,503,532,704921,10075,1535004,4806100
2775,509,545,704412,10039,1535549,4606900
2776,476,520,703936,9995,1536069,4441900
2777,509,497,703427,10007,1536566,4350700
2778,503,524,702924,9986,1537090,4291700
2779,498,466,702426,10018,1537556,4442800
2780,479,515,701947,9982,1538071,4253000
2781,450,494,701497,9938,1538565,4346000
2782,471,450,701026,9959,1539015,4337300
2783,483,497,700543,9945,1539512,4308100
2784,481,502,700062,9924,1540014,4290700
2785,462,492,699600,9894,1540506,4362300
2786,457,533,699143,9818,1541039,4400900
2787,465,502,698678,9781,1541541,4365400
2788,498,464,698180,9815,1542005,4819900
2789,487,471,697693,9831,1542476,4819000
2790,500,539,697193,9792,1543015,4612900
2791,494,483,696699,9803,1543498,4333400
2792,463,449,696236,9817,1543947,4390700
2793,458,479,695778,9796,1544426,4354700
2794,448,489,695330,9755,1544915,4195300
2795,467,473,694863,9749,1545388,4423000
2796,477,491,694386,9735,1545879,4299700
2797,477,510,693909,9702,1546389,4263000
2798,488,487,693421,9703,1546876,4273200
2799,529,513,692892,9719,1547389,4422200
2800,494,483,692398,9730,1547872,4635600
2801,451,483,691947,9698,1548355,4928700
2802,490,475,691457,9713,1548830,4725600
2803,439,468,691018,9684,1549298,4750200
2804,478,471,690540,9691,1549769,4547000
2805,472,474,690068,9689,1550243,4495300
2806,483,496,689585,9676,1550739,4273300
2807,495,488,689090,9683,1551227,4392200
2808,493,487,688597,9689,1551714,4244400
2809,481,468,688116,9702,1552182,4353600
2810,461,486,687655,9677,1552668,4529100
2811,494,434,687161,9737,1553102,4262000
2812,477,476,686684,9738,1553578,4301400
2813,453,509,686231,9682,1554087,4559800
2814,485,471,685746,9696,1554558,4332700
2815,445,501,685301,9640,1555059,4290900
2816,486,471,684815,9655,1555530,4393600
2817,446,508,684369,9593,1556038,4378100
2818,516,468,683853,9641,1556506,4531900
2819,460,501,683393,9600,1557007,4735200
2820,472,495,682921,9577,1557502,4593400
2821,471,487,682450,9561,1557989,4357600
2822,488,472,681962,9577,1558461,4301200
2823,479,502,681483,9554,1558963,4299900
2824,483,468,681000,9569,1559431,4391500
2825,494,456,680506,9607,1559887,4286800
2826,484,496,680022,9595,1560383,4230100
2827,497,486,679525,9606,1560869,4297500
2828,450,457,679075,9599,1561326,4588400
2829,467,484,678608,9582,1561810,4563500
2830,503,478,678105,9607,1562288,4475400
2831,474,485,677631,9596,1562773,4443300
2832,479,458,677152,9617,1563231,4550900
2833,450,512,676702,9555,1563743,4855500
2834,434,465,676268,9524,1564208,5172200
2835,452,474,675816,9502,1564682,4815700
2836,474,484,675342,9492,1565166,4459400
2837,472,481,674870,9483,1565647,4521100
2838,472,460,674398,9495,1566107,4352800
2839,459,443,673939,9511,1566550,4366000
2840,423,494,673516,9440,1567044,4261400
2841,458,462,673058,9436,1567506,4358300
2842,454,467,672604,9423,1567973,4345700
2843,476,469,672128,9430,1568442,4255700
2844,437,441,671691,9426,1568883,4305800
2845,423,460,671268,9389,1569343,4333600
2846,427,483,670841,9333,1569826,4290100
2847,457,470,670384,9320,1570296,4205200
2848,450,454,669934,9316,1570750,4868200
2849,468,449,669466,9335,1571199,4522000
2850,442,473,669024,9304,1571672,4366900
2851,476,442,668548,9338,1572114,4523800
2852,459,490,668089,9307,1572604,4372700
2853,444,448,667645,9303,1573052,4261300
2854,458,457,667187,9304,1573509,4198200
2855,496,435,666691,9365,1573944,4374900
2856,446,437,666245,9374,1574381,4421800
2857,437,455,665808,9356,1574836,4208800
2858,403,474,665405,9285,1575310,4433900
2859,485,474,664920,9296,1575784,4639800
2860,471,476,664449,9291,1576260,4700400
2861,432,474,664017,9249,1576734,4955700
2862,477,443,663540,9283,1577177,5049500
2863,473,463,663067,9293,1577640,4840200
2864,459,480,662608,9272,1578120,4763200
2865,458,446,662150,9284,1578566,4633700
2866,447,483,661703,9248,1579049,4610600
2867,421,446,661282,9223,1579495,4437900
2868,447,438,660835,9232,1579933,4558900
2869,430,495,660405,9167,1580428,4505200
2870,466,466,659939,9167,1580894,4591100
2871,455,455,659484,9167,1581349,4589100
2872,430,501,659054,9096,1581850,4627800
2873,472,429,658582,9139,1582279,4501800
2874,469,429,658113,9179,1582708,4479600
2875,450,441,657663,9188,1583149,4541600
2876,427,451,657236,9164,1583600,4533500
2877,444,472,656792,9136,1584072,4500900
2878,504,446,656288,9194,1584518,4530200
2879,456,435,655832,9215,1584953,4555500
2880,487,450,655345,9252,1585403,4470100
2881,450,432,654895,9270,1585835,4514300
2882,435,518,654460,9187,1586353,4585400
2883,464,468,653996,9183,1586821,4530100
2884,442,451,653554,9174,1587272,4534800
2885,465,458,653089,9181,1587730,4569800
2886,439,470,652650,9150,1588200,4597500
2887,464,435,652186,9179,1588635,4561900
2888,444,454,651742,9169,1589089,4484700
2889,442,471,651300,9140,1589560,4599800
2890,458,433,650842,9165,1589993,4516100
2891,424,431,650418,9158,1590424,4521500
2892,445,455,649973,9148,1590879,4525800
2893,435,462,649538,9121,1591341,4599800
2894,449,456,649089,9114,1591797,4517200
2895,455,442,648634,9127,1592239,4508300
2896,461,450,648173,9138,1592689,4492100
2897,463,491,647710,9110,1593180,4427900
2898,439,441,647271,9108,1593621,4427000
2899,442,447,646829,9103,1594068,4966200
2900,460,448,646369,9115,1594516,4521800
2901,465,454,645904,9126,1594970,4518800
2902,428,425,645476,9129,1595395,4432900
2903,463,435,645013,9157,1595830,4364600
2904,462,466,644551,9153,1596296,4423800
2905,469,446,644082,9176,1596742,4456300
2906,459,435,643623,9200,1597177,4436600
2907,468,456,643155,9212,1597633,4597800
2908,475,483,642680,9204,1598116,4615500
2909,466,437,642214,9233,1598553,4592900
2910,466,438,641748,9261,1598991,4497900
2911,460,433,641288,9288,1599424,4331200
2912,473,483,640815,9278,1599907,4286800
2913,475,467,640340,9286,1600374,4251600
2914,453,485,639887,9254,1600859,4305400
2915,478,439,639409,9293,1601298,4320800
2916,497,444,638912,9346,1601742,4265400
2917,423,438,638489,9331,1602180,4373300
2918,463,471,638026,9323,1602651,4288400
2919,483,480,637543,9326,1603131,4411300
2920,458,479,637085,9305,1603610,4443800
2921,484,457,636601,9332,1604067,4281500
2922,457,467,636144,9322,1604534,4396600
2923,468,473,635676,9317,1605007,4527400
2924,430,434,635246,9313,1605441,4527000
2925,464,458,634782,9319,1605899,4416200
2926,464,463,634318,9320,1606362,4392100
2927,458,444,633860,9334,1606806,4233300
2928,464,471,633396,9327,1607277,4655700
2929,475,450,632921,9352,1607727,4536600
2930,441,468,632480,9325,1608195,4449100
2931,452,484,632028,9293,1608679,4463900
2932,445,471,631583,9267,1609150,4662500
2933,462,443,631121,9286,1609593,4480900
2934,437,494,630684,9229,1610087,4540700
2935,454,475,630230,9208,1610562,4504500
2936,444,462,629786,9190,1611024,4316900
2937,432,489,629354,9133,1611513,4407300
2938,453,468,628901,9118,1611981,4469400
2939,424,426,628477,9116,1612407,4310100
2940,417,473,628060,9060,1612880,4330900
2941,453,484,627607,9029,1613364,4300400
2942,413,455,627194,8987,1613819,4520900
2943,434,409,626760,9012,1614228,4325900
2944,436,432,626324,9016,1614660,4396300
2945,432,455,625892,8993,1615115,4284000
2946,458,436,625434,9015,1615551,4521300
2947,465,488,624969,8992,1616039,4298200
2948,445,441,624524,8996,1616480,4432900
2949,426,424,624098,8998,1616904,4455800
2950,432,432,623666,8998,1617336,4464400
2951,451,431,623215,9018,1617767,4430500
2952,435,471,622780,8982,1618238,4767400
2953,461,413,622319,9030,1618651,4587600
2954,441,453,621878,9018,1619104,4347700
2955,433,452,621445,8999,1619556,4381400
2956,456,488,620989,8967,1620044,4893500
2957,412,441,620577,8938,1620485,4377300
2958,406,465,620171,8879,1620950,4243500
2959,430,414,619741,8895,1621364,4346800
2960,484,457,619257,8922,1621821,4338000
2961,441,447,618816,8916,1622268,4281000
2962,430,451,618386,8895,1622719,4323700
2963,407,471,617979,8831,1623190,4737500
2964,441,459,617538,8813,1623649,4686200
2965,438,421,617100,8830,1624070,4518900
2966,465,426,616635,8869,1624496,4543600
2967,415,461,616220,8823,1624957,4461400
2968,483,428,615737,8878,1625385,4325400
2969,436,455,615301,8859,1625840,4298500
2970,437,437,614864,8859,1626277,4508000
2971,458,423,614406,8894,1626700,4234200
2972,471,429,613935,8936,1627129,4207600
2973,426,437,613509,8925,1627566,4563600
2974,443,459,613066,8909,1628025,4239600
2975,463,435,612603,8937,1628460,4343100
2976,464,459,612139,8942,1628919,4309000
2977,458,452,611681,8948,1629371,4537800
2978,483,481,611198,8950,1629852,4351400
2979,427,475,610771,8902,1630327,4464800
2980,457,412,610314,8947,1630739,4586700
2981,430,450,609884,8927,1631189,4376300
2982,425,428,609459,8924,1631617,4365800
2983,452,476,609007,8900,1632093,4500100
2984,441,433,608566,8908,1632526,4577800
2985,437,484,608129,8861,1633010,4523800
2986,424,442,607705,8843,1633452,4329300
2987,433,433,607272,8843,1633885,4352000
2988,461,448,606811,8856,1634333,4257800
2989,422,431,606389,8847,1634764,4325900
2990,432,472,605957,8807,1635236,4284000
2991,470,447,605487,8830,1635683,4781000
2992,406,430,605081,8806,1636113,4287600
2993,463,446,604618,8823,1636559,4248800
2994,453,439,604165,8837,1636998,4298300
2995,433,413,603732,8857,1637411,4309000
2996,411,448,603321,8820,1637859,4268400
2997,415,417,602906,8818,1638276,4575700
2998,440,455,602466,8803,1638731,4605300
2999,438,439,602028,8802,1639170,4550300
3000,429,415,601599,8816,1639585,4786300
3001,447,408,601152,8855,1639993,4710600
3002,439,433,600713,8861,1640426,4582500
3003,456,455,600257,8862,1640881,4349500
3004,422,450,599835,8834,1641331,4244400
3005,413,416,599422,8831,1641747,4865400
3006,416,461,599006,8786,1642208,4360200
3007,406,431,598600,8761,1642639,4268300
3008,422,448,598178,8735,1643087,4262600
3009,417,427,597761,8725,1643514,4395500
3010,395,457,597366,8663,1643971,4219700
3011,419,454,596947,8628,1644425,4379400
3012,403,431,596544,8600,1644856,4453300
3013,411,429,596133,8582,1645285,4495800
3014,384,406,595749,8560,1645691,4320500
3015,425,396,595324,8589,1646087,4307300
3016,446,436,594878,8599,1646523,4530500
3017,402,445,594476,8556,1646968,4344800
3018,440,429,594036,8567,1647397,4334600
3019,408,450,593628,8525,1647847,4360500
3020,385,418,593243,8492,1648265,4286400
3021,415,394,592828,8513,1648659,4244000
3022,416,463,592412,8466,1649122,4261000
3023,386,447,592026,8405,1649569,4311900
3024,437,392,591589,8450,1649961,4359300
3025,406,417,591183,8439,1650378,4788700
3026,422,410,590761,8451,1650788,4642800
3027,418,419,590343,8450,1651207,4379700
3028,404,398,589939,8456,1651605,4512800
3029,424,414,589515,8466,1652019,4302600
3030,392,377,589123,8481,1652396,4264300
3031,424,441,588699,8464,1652837,4233100
3032,441,430,588258,8475,1653267,4242800
3033,412,412,587846,8475,1653679,4479200
3034,454,408,587392,8521,1654087,4406500
3035,422,390,586970,8553,1654477,4722500
3036,443,441,586527,8555,1654918,4414700
3037,415,418,586112,8552,1655336,4335900
3038,435,442,585677,8545,1655778,4241000
3039,423,437,585254,8531,1656215,4377600
3040,387,415,584867,8503,1656630,4246700
3041,417,397,584450,8523,1657027,4249100
3042,473,392,583977,8604,1657419,4220300
3043,435,447,583542,8592,1657866,4516800
3044,418,477,583124,8533,1658343,4420900
3045,398,435,582726,8496,1658778,4234700
3046,481,427,582245,8550,1659205,4203400
3047,423,402,581822,8571,1659607,4490600
3048,447,391,581375,8627,1659998,4274800
3049,409,438,580966,8598,1660436,4331800
3050,434,466,580532,8566,1660902,4237200
3051,417,418,580115,8565,1661320,4934400
3052,415,418,579700,8562,1661738,4781800
3053,416,447,579284,8531,1662185,4455700
3054,427,446,578857,8512,1662631,4486600
3055,415,425,578442,8502,1663056,4441200
3056,429,436,578013,8495,1663492,4414700
3057,414,425,577599,8484,1663917,5244200
3058,423,403,577176,8504,1664320,5049400
3059,446,434,576730,8516,1664754,5009800
3060,412,422,576318,8506,1665176,4518400
3061,404,416,575914,8494,1665592,4803300
3062,448,425,575466,8517,1666017,4782000
3063,443,406,575023,8554,1666423,4740500
3064,410,423,574613,8541,1666846,4586300
3065,433,443,574180,8531,1667289,4728100
3066,416,410,573764,8537,1667699,4641100
3067,452,435,573312,8554,1668134,4955100
3068,434,407,572878,8581,1668541,5024800
3069,403,448,572475,8536,1668989,5015300
3070,434,457,572041,8513,1669446,4501500
3071,446,439,571595,8520,1669885,4877200
3072,412,433,571183,8499,1670318,5217300
3073,434,410,570749,8523,1670728,4886500
3074,407,465,570342,8465,1671193,5046000
3075,451,432,569891,8484,1671625,5073200
3076,432,448,569459,8468,1672073,4720000
3077,428,407,569031,8489,1672480,4830900
3078,432,420,568599,8501,1672900,4741700
3079,452,402,568147,8551,1673302,5077100
3080,435,375,567712,8611,1673677,4814600
3081,436,426,567276,8621,1674103,4899600
3082,438,405,566838,8654,1674508,4988200
3083,458,414,566380,8698,1674922,4781800
3084,460,429,565920,8729,1675351,5185600
3085,398,477,565522,8650,1675828,5270600
3086,396,438,565126,8608,1676266,4845000
3087,405,471,564721,8542,1676737,4719000
3088,424,430,564297,8536,1677167,4866000
3089,406,423,563891,8519,1677590,4590100
3090,399,401,563492,8517,1677991,4686600
3091,408,435,563084,8490,1678426,4739600
3092,392,446,562692,8436,1678872,4767500
3093,397,461,562295,8372,1679333,4877300
3094,392,428,561903,8336,1679761,4940900
3095,386,391,561517,8331,1680152,4836100
3096,396,449,561121,8278,1680601,4523200
3097,362,436,560759,8204,1681037,4656800
3098,408,415,560351,8197,1681452,4826400
3099,418,412,559933,8203,1681864,5226000
3100,377,429,559556,8151,1682293,4656900
3101,397,406,559159,8142,1682699,4845300
3102,384,403,558775,8123,1683102,4785500
3103,355,413,558420,8065,1683515,5358300
3104,377,401,558043,8041,1683916,5296600
3105,372,399,557671,8014,1684315,4763000
3106,422,372,557249,8064,1684687,4867400
3107,401,374,556848,8091,1685061,4791700
3108,356,406,556492,8041,1685467,5134600
3109,407,410,556085,8038,1685877,5441900
3110,349,370,555736,8017,1686247,5212800
3111,363,374,555373,8006,1686621,4857500
3112,399,361,554974,8044,1686982,5089600
3113,383,407,554591,8020,1687389,4978100
3114,381,419,554210,7982,1687808,5070800
3115,386,450,553824,7918,1688258,4938600
3116,403,376,553421,7945,1688634,5061100
3117,433,398,552988,7980,1689032,4945600
3118,383,431,552605,7932,1689463,5232700
3119,427,401,552178,7958,1689864,6019500
3120,389,411,551789,7936,1690275,5332500
3121,411,366,551378,7981,1690641,4885300
3122,427,383,550951,8025,1691024,4575700
3123,397,425,550554,7997,1691449,4728400
3124,416,382,550138,8031,1691831,4479000
3125,402,439,549736,7994,1692270,4674900
3126,400,381,549336,8013,1692651,4287400
3127,386,412,548950,7987,1693063,4418800
3128,415,401,548535,8001,1693464,4321100
3129,404,374,548131,8031,1693838,4268500
3130,401,415,547730,8017,1694253,4227400
3131,404,420,547326,8001,1694673,4319900
3132,364,415,546962,7950,1695088,4672400
3133,425,424,546537,7951,1695512,4452300
3134,394,427,546143,7918,1695939,4484900
3135,407,428,545736,7897,1696367,4605600
3136,417,389,545319,7925,1696756,4500700
3137,354,422,544965,7857,1697178,4416300
3138,394,392,544571,7859,1697570,4523600
3139,348,398,544223,7809,1697968,4495900
3140,342,387,543881,7764,1698355,4512100
3141,342,386,543539,7720,1698741,4472200
3142,378,398,543161,7700,1699139,4594300
3143,351,386,542810,7665,1699525,4529600
3144,373,418,542437,7620,1699943,4384400
3145,386,393,542051,7613,1700336,4469600
3146,350,360,541701,7603,1700696,4475000
3147,415,388,541286,7630,1701084,4399000
3148,388,383,540898,7635,1701467,4477800
3149,394,355,540504,7674,1701822,4639900
3150,422,361,540082,7735,1702183,4517500
3151,369,373,539713,7731,1702556,4475700
3152,386,365,539327,7752,1702921,4860600
3153,378,390,538949,7740,1703311,4680900
3154,364,402,538585,7702,1703713,4563400
3155,391,380,538194,7713,1704093,4588200
3156,365,376,537829,7702,1704469,4494000
3157,356,409,537473,7649,1704878,4465100
3158,391,365,537082,7675,1705243,4640100
3159,367,397,536715,7645,1705640,4664400
3160,368,388,536347,7625,1706028,4585300
3161,401,378,535946,7648,1706406,4732500
3162,388,362,535558,7674,1706768,4490700
3163,398,369,535160,7703,1707137,4457600
3164,397,396,534763,7704,1707533,4297200
3165,401,392,534362,7713,1707925,4351000
3166,380,393,533982,7700,1708318,4414200
3167,394,437,533588,7657,1708755,4417800
3168,386,382,533202,7661,1709137,4333800
3169,384,364,532818,7681,1709501,4617900
3170,377,372,532441,7686,1709873,4555700
3171,393,376,532048,7703,1710249,4454000
3172,374,399,531674,7678,1710648,4525700
3173,366,386,531308,7658,1711034,4536700
3174,409,408,530899,7659,1711442,4518500
3175,398,369,530501,7688,1711811,4326800
3176,402,394,530099,7696,1712205,4354600
3177,367,375,529732,7688,1712580,4383000
3178,389,386,529343,7691,1712966,4308700
3179,401,392,528942,7700,1713358,4771400
3180,377,368,528565,7709,1713726,4665000
3181,345,418,528220,7636,1714144,4439400
3182,380,377,527840,7639,1714521,4302600
3183,385,374,527455,7650,1714895,4446500
3184,396,377,527059,7669,1715272,4480200
3185,353,413,526706,7609,1715685,4351800
3186,366,407,526340,7568,1716092,4388600
3187,374,398,525966,7544,1716490,4390700
3188,364,387,525602,7521,1716877,4227500
3189,369,374,525233,7516,1717251,4225600
3190,382,377,524851,7521,1717628,4261400
3191,355,386,524496,7490,1718014,4433500
3192,358,367,524138,7481,1718381,4693700
3193,395,364,523743,7512,1718745,4685800
3194,408,376,523335,7544,1719121,4310600
3195,371,332,522964,7583,1719453,4249000
3196,386,402,522578,7567,1719855,4263700
3197,369,380,522209,7556,1720235,4300400
3198,372,386,521837,7542,1720621,4295300
3199,387,360,521450,7569,1720981,4222700
3200,346,365,521104,7550,1721346,4409500
3201,364,358,520740,7556,1721704,4486600
3202,346,386,520394,7516,1722090,4421000
3203,360,376,520034,7500,1722466,4230500
3204,373,384,519661,7489,1722850,4227800
3205,405,363,519256,7531,1723213,4312600
3206,386,337,518870,7580,1723550,4315600
3207,392,371,518478,7601,1723921,4195500
3208,424,391,518054,7634,1724312,4709800
3209,375,391,517679,7618,1724703,4349200
3210,367,392,517312,7593,1725095,4731800
3211,364,407,516948,7550,1725502,4821400
3212,407,382,516541,7575,1725884,4461600
3213,372,408,516169,7539,1726292,4267600
3214,381,395,515788,7525,1726687,4196200
3215,371,358,515417,7538,1727045,4714500
3216,394,407,515023,7525,1727452,4313500
3217,370,357,514653,7538,1727809,4246000
3218,352,406,514301,7484,1728215,4355500
3219,354,404,513947,7434,1728619,4233600
3220,353,375,513594,7412,1728994,4226900
3221,361,391,513233,7382,1729385,4239900
3222,353,401,512880,7334,1729786,4324700
3223,379,349,512501,7364,1730135,4279500
3224,408,374,512093,7398,1730509,4360300
3225,383,357,511710,7424,1730866,4387800
3226,337,357,511373,7404,1731223,4474200
3227,353,386,511020,7371,1731609,4464100
3228,372,395,510648,7348,1732004,4252100
3229,365,345,510283,7368,1732349,4372000
3230,359,378,509924,7349,1732727,4655400
3231,370,364,509554,7355,1733091,4444000
3232,406,374,509148,7387,1733465,4365600
3233,391,389,508757,7389,1733854,4509900
3234,369,405,508388,7353,1734259,4301100
3235,375,401,508013,7327,1734660,4235700
3236,383,376,507630,7334,1735036,4378700
3237,365,368,507265,7331,1735404,4295800
3238,396,365,506869,7362,1735769,4223200
3239,375,366,506494,7371,1736135,4243400
3240,373,357,506121,7387,1736492,4269500
3241,362,367,505759,7382,1736859,4274900
3242,371,357,505388,7396,1737216,4273300
3243,350,362,505038,7384,1737578,4322200
3244,384,360,504654,7408,1737938,4346200
3245,366,354,504288,7420,1738292,4447200
3246,349,386,503939,7383,1738678,4622000
3247,349,321,503590,7411,1738999,4803900
3248,368,351,503222,7428,1739350,4479600
3249,369,359,502853,7438,1739709,4342000
3250,361,392,502492,7407,1740101,4384900
3251,372,370,502120,7409,1740471,4225600
3252,381,351,501739,7439,1740822,4174600
3253,360,363,501379,7436,1741185,4230900
3254,401,348,500978,7489,1741533,4566100
3255,374,383,500604,7480,1741916,4823400
3256,367,336,500237,7511,1742252,4769300
3257,389,370,499848,7530,1742622,4840000
3258,401,375,499447,7556,1742997,4785800
3259,365,373,499082,7548,1743370,4650200
3260,408,398,498674,7558,1743768,4964400
3261,368,396,498306,7530,1744164,5240100
3262,379,367,497927,7542,1744531,5188400
3263,378,367,497549,7553,1744898,4676000
3264,365,372,497184,7546,1745270,4709700
3265,356,371,496828,7531,1745641,4819000
3266,370,381,496458,7520,1746022,4847100
3267,393,381,496065,7532,1746403,5276900
3268,364,363,495701,7533,1746766,5253100
3269,357,385,495344,7505,1747151,5222100
3270,401,378,494943,7528,1747529,5113700
3271,345,380,494598,7493,1747909,5159500
3272,362,367,494236,7488,1748276,5163100
3273,336,383,493900,7441,1748659,5217800
3274,356,349,493544,7448,1749008,4765300
3275,344,363,493200,7429,1749371,4810300
3276,326,363,492874,7392,1749734,4692700
3277,351,369,492523,7374,1750103,4679200
3278,366,370,492157,7370,1750473,4755500
3279,383,337,491774,7416,1750810,4694300
3280,388,339,491386,7465,1751149,4916000
3281,378,370,491008,7473,1751519,4907800
3282,390,372,490618,7491,1751891,4784300
3283,359,362,490259,7488,1752253,5052100
3284,380,351,489879,7517,1752604,4790100
3285,385,426,489494,7476,1753030,4773300
3286,392,375,489102,7493,1753405,4924500
3287,343,385,488759,7451,1753790,5273600
3288,369,391,488390,7429,1754181,4932600
3289,363,388,488027,7404,1754569,5074500
3290,342,349,487685,7397,1754918,5070500
3291,367,379,487318,7385,1755297,4822100
3292,372,356,486946,7401,1755653,5332900
3293,376,368,486570,7409,1756021,4872000
3294,362,376,486208,7395,1756397,4844200
3295,390,350,485818,7435,1756747,4610700
3296,394,365,485424,7464,1757112,4960800
3297,342,348,485082,7458,1757460,4949100
3298,379,380,484703,7457,1757840,4730400
3299,353,377,484350,7433,1758217,4964600
3300,392,358,483958,7467,1758575,5277600
3301,349,388,483609,7428,1758963,5309300
3302,367,402,483242,7393,1759365,5368600
3303,335,346,482907,7382,1759711,5009000
3304,349,369,482558,7362,1760080,4584500
3305,398,372,482160,7388,1760452,4954400
3306,337,390,481823,7335,1760842,4619400
3307,358,359,481465,7334,1761201,5059100
3308,344,361,481121,7317,1761562,5100300
3309,391,396,480730,7312,1761958,5111900
3310,364,380,480366,7296,1762338,5505200
3311,402,345,479964,7353,1762683,5435900
3312,363,362,479601,7354,1763045,4536100
3313,359,362,479242,7351,1763407,4614300
3314,361,369,478881,7343,1763776,4821500
3315,396,354,478485,7385,1764130,5255800
3316,419,392,478066,7412,1764522,4887900
3317,366,361,477700,7417,1764883,5647400
3318,349,353,477351,7413,1765236,5383100
3319,370,395,476981,7388,1765631,4660700
3320,365,392,476616,7361,1766023,4596300
3321,368,403,476248,7326,1766426,4631000
3322,384,365,475864,7345,1766791,4826200
3323,376,350,475488,7371,1767141,4663700
3324,361,363,475127,7369,1767504,4617200
3325,394,358,474733,7405,1767862,4754500
3326,406,373,474327,7438,1768235,4966400
3327,405,395,473922,7448,1768630,4862400
3328,384,376,473538,7456,1769006,4720900
3329,396,344,473142,7508,1769350,4999200
3330,413,392,472729,7529,1769742,4702800
3331,394,372,472335,7551,1770114,4711500
3332,385,388,471950,7548,1770502,4981900
3333,380,394,471570,7534,1770896,4783000
3334,358,375,471212,7517,1771271,5013800
3335,376,397,470836,7496,1771668,4766400
3336,375,389,470461,7482,1772057,4847000
3337,356,369,470105,7469,1772426,4710600
3338,349,405,469756,7413,1772831,4670700
3339,336,365,469420,7384,1773196,4926300
3340,375,348,469045,7411,1773544,5016300
3341,366,361,468679,7416,1773905,4948800
3342,378,407,468301,7387,1774312,4788800
3343,364,370,467937,7381,1774682,4613500
3344,373,393,467564,7361,1775075,4933700
3345,356,361,467208,7356,1775436,5043100
3346,353,348,466855,7361,1775784,4896800
3347,385,388,466470,7358,1776172,4874000
3348,381,341,466089,7398,1776513,5115400
3349,386,365,465703,7419,1776878,5282700
3350,319,365,465384,7373,1777243,4888800
3351,364,403,465020,7334,1777646,4882000
3352,369,385,464651,7318,1778031,4898100
3353,373,370,464278,7321,1778401,4583400
3354,378,355,463900,7344,1778756,4948000
3355,344,357,463556,7331,1779113,4866100
3356,369,362,463187,7338,1779475,5020400
3357,361,378,462826,7321,1779853,4868200
3358,347,386,462479,7282,1780239,4645300
3359,401,403,462078,7280,1780642,4863400
3360,352,358,461726,7274,1781000,4627900
3361,373,367,461353,7280,1781367,4964000
3362,397,360,460956,7317,1781727,5069800
3363,385,359,460571,7343,1782086,4797500
3364,346,344,460225,7345,1782430,4945100
3365,355,346,459870,7354,1782776,5062900
3366,382,380,459488,7356,1783156,5164000
3367,347,379,459141,7324,1783535,5069800
3368,356,336,458785,7344,1783871,4936100
3369,357,385,458428,7316,1784256,4974500
3370,358,352,458070,7322,1784608,4770700
3371,356,410,457714,7268,1785018,4787700
3372,335,363,457379,7240,1785381,4815600
3373,359,362,457020,7237,1785743,4902900
3374,365,351,456655,7251,1786094,5121000
3375,336,364,456319,7223,1786458,4856900
3376,362,391,455957,7194,1786849,4780800
3377,346,365,455611,7175,1787214,5217900
3378,357,379,455254,7153,1787593,4883900
3379,376,374,454878,7155,1787967,4748200
3380,350,370,454528,7135,1788337,4672500
3381,342,360,454186,7117,1788697,5044800
3382,389,325,453797,7181,1789022,5087300
3383,402,346,453395,7237,1789368,4878600
3384,322,382,453073,7177,1789750,4908400
3385,390,350,452683,7217,1790100,4876200
3386,387,331,452296,7273,1790431,4914000
3387,372,376,451924,7269,1790807,5057900
3388,373,369,451551,7273,1791176,4809600
3389,387,365,451164,7295,1791541,5170600
3390,374,359,450790,7310,1791900,4790400
3391,371,378,450419,7303,1792278,4580000
3392,369,386,450050,7286,1792664,4799500
3393,341,381,449709,7246,1793045,4770900
3394,367,374,449342,7239,1793419,5059900
3395,361,373,448981,7227,1793792,4988400
3396,351,373,448630,7205,1794165,5030200
3397,397,363,448233,7239,1794528,5302400
3398,362,405,447871,7196,1794933,5158400
3399,373,352,447498,7217,1795285,5081800
3400,369,321,447129,7265,1795606,4869000
3401,353,365,446776,7253,1795971,4857300
3402,369,357,446407,7265,1796328,5035800
3403,338,376,446069,7227,1796704,4981100
3404,377,368,445692,7236,1797072,5069500
3405,377,339,445315,7274,1797411,4958700
3406,365,370,444950,7269,1797781,5024000
3407,341,370,444609,7240,1798151,5054800
3408,372,388,444237,7224,1798539,5000200
3409,376,364,443861,7236,1798903,5026600
3410,382,350,443479,7268,1799253,4940200
3411,354,354,443125,7268,1799607,4858800
3412,327,379,442798,7216,1799986,4834300
3413,342,382,442456,7176,1800368,4636100
3414,339,383,442117,7132,1800751,4592200
3415,372,376,441745,7128,1801127,5101700
3416,360,364,441385,7124,1801491,5168400
3417,349,381,441036,7092,1801872,4796600
3418,367,324,440669,7135,1802196,4645500
3419,363,362,440306,7136,1802558,5091000
3420,338,320,439968,7154,1802878,5078000
3421,316,350,439652,7120,1803228,5031500
3422,366,360,439286,7126,1803588,4882800
3423,400,332,438886,7194,1803920,4806400
3424,382,353,438504,7223,1804273,4967400
3425,363,400,438141,7186,1804673,5224800
3426,354,339,437787,7201,1805012,5040600
3427,326,355,437461,7172,1805367,4887500
3428,360,367,437101,7165,1805734,5031800
3429,357,357,436744,7165,1806091,5029700
3430,379,355,436365,7189,1806446,5143900
3431,366,338,435999,7217,1806784,4909500
3432,366,399,435633,7184,1807183,5008800
3433,364,359,435269,7189,1807542,4832500
3434,372,367,434897,7194,1807909,5183800
3435,338,377,434559,7155,1808286,4793900
3436,334,322,434225,7167,1808608,5032800
3437,371,360,433854,7178,1808968,4826700
3438,348,365,433506,7161,1809333,5184300
3439,356,384,433150,7133,1809717,4992700
3440,327,355,432823,7105,1810072,4996900
3441,339,334,432484,7110,1810406,5081000
3442,349,369,432135,7090,1810775,5200600
3443,334,340,431801,7084,1811115,4992100
3444,333,339,431468,7078,1811454,5092000
3445,372,357,431096,7093,1811811,4916100
3446,345,367,430751,7071,1812178,5042000
3447,362,358,430389,7075,1812536,5354600
3448,327,339,430062,7063,1812875,5091200
3449,328,382,429734,7009,1813257,5474500
3450,360,387,429374,6982,1813644,4941600
3451,348,341,429026,6989,1813985,4940300
3452,340,370,428686,6959,1814355,5079400
3453,356,331,428330,6984,1814686,4954500
3454,341,364,427989,6961,1815050,4879900
3455,343,348,427646,6956,1815398,5183600
3456,339,365,427307,6930,1815763,4901400
3457,335,325,426972,6940,1816088,4782900
3458,319,380,426653,6879,1816468,4868700
3459,370,330,426283,6919,1816798,4839700
3460,334,345,425949,6908,1817143,4667100
3461,368,317,425581,6959,1817460,4657500
3462,354,334,425227,6979,1817794,4667800
3463,368,347,424859,7000,1818141,4572200
3464,337,344,424522,6993,1818485,4891400
3465,350,353,424172,6990,1818838,5125000
3466,316,349,423856,6957,1819187,5071500
3467,331,362,423525,6926,1819549,5187000
3468,329,360,423196,6895,1819909,5534500
3469,369,362,422827,6902,1820271,5422400
3470,349,349,422478,6902,1820620,5042300
3471,351,363,422127,6890,1820983,4915200
3472,317,311,421810,6896,1821294,5135200
3473,310,364,421500,6842,1821658,4889800
3474,365,349,421135,6858,1822007,5395000
3475,320,318,420815,6860,1822325,5406600
3476,328,343,420487,6845,1822668,5077100
3477,373,344,420114,6874,1823012,5181600
3478,348,347,419766,6875,1823359,4769600
3479,319,368,419447,6826,1823727,5099400
3480,363,331,419084,6858,1824058,4693300
3481,348,364,418736,6842,1824422,4436100
3482,320,364,418416,6798,1824786,4263500
3483,308,334,418108,6772,1825120,4335600
3484,350,355,417758,6767,1825475,4406200
3485,356,349,417402,6774,1825824,4351400
3486,326,342,417076,6758,1826166,4294900
3487,328,358,416748,6728,1826524,4383200
3488,327,347,416421,6708,1826871,4447100
3489,323,310,416098,6721,1827181,4368500
3490,337,342,415761,6716,1827523,4327000
3491,333,353,415428,6696,1827876,4500600
3492,355,320,415073,6731,1828196,4222300
3493,307,324,414766,6714,1828520,4214200
3494,347,311,414419,6750,1828831,4254600
3495,318,341,414101,6727,1829172,4303900
3496,340,310,413761,6757,1829482,4180100
3497,341,333,413420,6765,1829815,4218900
3498,332,359,413088,6738,1830174,4414600
3499,366,340,412722,6764,1830514,4300300
3500,328,350,412394,6742,1830864,4331000
3501,350,342,412044,6750,1831206,4436300
3502,314,330,411730,6734,1831536,4359900
3503,342,344,411388,6732,1831880,4296600
3504,334,316,411054,6750,1832196,4400500
3505,319,307,410735,6762,1832503,4554500
3506,342,341,410393,6763,1832844,4359500
3507,325,353,410068,6735,1833197,4288000
3508,341,367,409727,6709,1833564,4357500
3509,336,334,409391,6711,1833898,4448300
3510,331,325,409060,6717,1834223,4395800
3511,330,308,408730,6739,1834531,4433300
3512,343,383,408387,6699,1834914,4258000
3513,347,315,408040,6731,1835229,4207300
3514,330,358,407710,6703,1835587,4376100
3515,323,337,407387,6689,1835924,4214100
3516,325,307,407062,6707,1836231,4286700
3517,339,322,406723,6724,1836553,4330700
3518,339,321,406384,6742,1836874,4197000
3519,345,343,406039,6744,1837217,4312200
3520,330,388,405709,6686,1837605,4489800
3521,346,354,405363,6678,1837959,4265500
3522,339,333,405024,6684,1838292,4338600
3523,350,327,404674,6707,1838619,4210700
3524,329,324,404345,6712,1838943,4309500
3525,332,333,404013,6711,1839276,4189700
3526,344,336,403669,6719,1839612,4195100
3527,349,310,403320,6758,1839922,4481800
3528,323,307,402997,6774,1840229,4510900
3529,336,316,402661,6794,1840545,4450500
3530,318,332,402343,6780,1840877,4473500
3531,352,335,401991,6797,1841212,4447500
3532,337,352,401654,6782,1841564,4377000
3533,328,357,401326,6753,1841921,4451000
3534,348,352,400978,6749,1842273,4468300
3535,352,366,400626,6735,1842639,4566300
3536,321,363,400305,6693,1843002,4491200
3537,326,372,399979,6647,1843374,4636400
3538,296,346,399683,6597,1843720,4424000
3539,342,326,399341,6613,1844046,4412400
3540,322,328,399019,6607,1844374,4429300
3541,326,303,398693,6630,1844677,4520300
3542,331,319,398362,6642,1844996,4410000
3543,309,346,398053,6605,1845342,4344800
3544,330,328,397723,6607,1845670,4469800
3545,328,319,397395,6616,1845989,4575800
3546,337,314,397058,6639,1846303,4435100
3547,347,347,396711,6639,1846650,4381300
3548,345,309,396366,6675,1846959,4536100
3549,349,341,396017,6683,1847300,4521700
3550,318,330,395699,6671,1847630,4392300
3551,326,334,395373,6663,1847964,4815200
3552,303,330,395070,6636,1848294,4572300
3553,320,319,394750,6637,1848613,4346200
3554,305,319,394445,6623,1848932,4184500
3555,307,335,394138,6595,1849267,4355300
3556,333,340,393805,6588,1849607,4439900
3557,290,319,393515,6559,1849926,4228200
3558,324,345,393191,6538,1850271,4213000
3559,323,330,392868,6531,1850601,4456000
3560,351,323,392517,6559,1850924,4239500
3561,307,325,392210,6541,1851249,4199700
3562,344,328,391866,6557,1851577,4260500
3563,308,335,391558,6530,1851912,4316500
3564,301,344,391257,6487,1852256,4427000
3565,319,335,390938,6471,1852591,4346000
3566,326,337,390612,6460,1852928,4389700
3567,319,348,390293,6431,1853276,4475800
3568,320,304,389973,6447,1853580,4323200
3569,310,320,389663,6437,1853900,4232700
3570,295,283,389368,6449,1854183,4545600
3571,310,363,389058,6396,1854546,4239500
3572,340,320,388718,6416,1854866,4266700
3573,337,326,388381,6427,1855192,4526500
3574,329,324,388052,6432,1855516,4263100
3575,359,296,387693,6495,1855812,4416900
3576,324,306,387369,6513,1856118,4287000
3577,358,367,387011,6504,1856485,4728900
3578,337,328,386674,6513,1856813,4498900
3579,334,364,386340,6483,1857177,4543400
3580,327,310,386013,6500,1857487,4797300
3581,344,341,385669,6503,1857828,4638300
3582,361,302,385308,6562,1858130,4657800
3583,332,293,384976,6601,1858423,4563500
3584,343,316,384633,6628,1858739,4450200
3585,324,344,384309,6608,1859083,4304600
3586,325,337,383984,6596,1859420,4176300
3587,308,300,383676,6604,1859720,4232400
3588,304,316,383372,6592,1860036,4193600
3589,327,340,383045,6579,1860376,4214400
3590,323,319,382722,6583,1860695,4187800
3591,311,329,382411,6565,1861024,4209100
3592,296,314,382115,6547,1861338,4204100
3593,299,337,381816,6509,1861675,4245900
3594,299,318,381517,6490,1861993,4271800
3595,301,333,381216,6458,1862326,4362000
3596,316,323,380900,6451,1862649,4478300
3597,322,346,380578,6427,1862995,4274600
3598,328,300,380250,6455,1863295,4312700
3599,334,330,379916,6459,1863625,4389900
3600,315,326,379601,6448,1863951,4236400
3601,301,367,379300,6382,1864318,4251600
3602,335,336,378965,6381,1864654,4744900
3603,308,291,378657,6398,1864945,4295500
3604,338,300,378319,6436,1865245,4307400
3605,327,331,377992,6432,1865576,4625300
3606,287,285,377705,6434,1865861,4326100
3607,296,322,377409,6408,1866183,4305400
3608,319,334,377090,6393,1866517,4194400
3609,282,324,376808,6351,1866841,4355300
3610,326,308,376482,6369,1867149,4544600
3611,308,334,376174,6343,1867483,4488100
3612,326,308,375848,6361,1867791,4379800
3613,300,329,375548,6332,1868120,4431100
3614,306,307,375242,6331,1868427,4434600
3615,291,302,374951,6320,1868729,4367200
3616,306,307,374645,6319,1869036,4218600
3617,284,321,374361,6282,1869357,5202100
3618,317,338,374044,6261,1869695,4357200
3619,322,305,373722,6278,1870000,4302600
3620,299,335,373423,6242,1870335,4757600
3621,307,297,373116,6252,1870632,4247400
3622,328,341,372788,6239,1870973,4207800
3623,319,297,372469,6261,1871270,4721600
3624,298,280,372171,6279,1871550,4263100
3625,322,291,371849,6310,1871841,4319800
3626,329,306,371520,6333,1872147,4513400
3627,332,295,371188,6370,1872442,4762300
3628,301,316,370887,6355,1872758,4267300
3629,319,314,370568,6360,1873072,4237300
3630,275,302,370293,6333,1873374,4377400
3631,301,316,369992,6318,1873690,4386600
3632,301,340,369691,6279,1874030,4325300
3633,299,309,369392,6269,1874339,4302000
3634,280,293,369112,6256,1874632,4549900
3635,306,330,368806,6232,1874962,4403400
3636,318,348,368488,6202,1875310,4441000
3637,296,330,368192,6168,1875640,4475800
3638,311,308,367881,6171,1875948,4353200
3639,269,301,367612,6139,1876249,4285500
3640,333,313,367279,6159,1876562,4334200
3641,270,300,367009,6129,1876862,4779600
3642,277,325,366732,6081,1877187,4667700
3643,314,301,366418,6094,1877488,4321500
3644,279,303,366139,6070,1877791,4352000
3645,254,296,365885,6028,1878087,4347900
3646,284,295,365601,6017,1878382,4252700
3647,311,316,365290,6012,1878698,4312000
3648,278,319,365012,5971,1879017,4285000
3649,274,277,364738,5968,1879294,4291400
3650,270,272,364468,5966,1879566,4345800
3651,320,316,364148,5970,1879882,4299400
3652,290,304,363858,5956,1880186,4338000
3653,291,288,363567,5959,1880474,4371100
3654,286,305,363281,5940,1880779,4431000
3655,291,291,362990,5940,1881070,4359500
3656,275,292,362715,5923,1881362,4451300
3657,273,289,362442,5907,1881651,4572500
3658,287,271,362155,5923,1881922,4332500
3659,266,295,361889,5894,1882217,4304600
3660,280,278,361609,5896,1882495,4331100
3661,316,322,361293,5890,1882817,4254200
3662,279,293,361014,5876,1883110,4349200
3663,278,280,360736,5874,1883390,4393900
3664,315,278,360421,5911,1883668,4233500
3665,281,308,360140,5884,1883976,4224400
3666,296,281,359844,5899,1884257,4439500
3667,287,288,359557,5898,1884545,4539600
3668,290,296,359267,5892,1884841,4313200
3669,318,296,358949,5914,1885137,4346600
3670,310,273,358639,5951,1885410,4299400
3671,299,287,358340,5963,1885697,4528000
3672,291,324,358049,5930,1886021,4398600
3673,307,320,357742,5917,1886341,4389700
3674,308,288,357434,5937,1886629,4410600
3675,297,315,357137,5919,1886944,4359800
3676,299,304,356838,5914,1887248,4272300
3677,278,295,356560,5897,1887543,4447200
3678,313,311,356247,5899,1887854,4357400
3679,343,277,355904,5965,1888131,4286200
3680,305,291,355599,5979,1888422,4431600
3681,289,313,355310,5955,1888735,4592800
3682,287,298,355023,5944,1889033,4414800
3683,284,313,354739,5915,1889346,4538600
3684,288,320,354451,5883,1889666,4498300
3685,275,306,354176,5852,1889972,4598600
3686,282,279,353894,5855,1890251,4700400
3687,296,279,353598,5872,1890530,5035400
3688,304,281,353294,5895,1890811,4566400
3689,278,327,353016,5846,1891138,4551700
3690,298,261,352718,5883,1891399,4355200
3691,304,311,352414,5876,1891710,4528300
3692,301,291,352113,5886,1892001,4404500
3693,289,294,351824,5881,1892295,4357100
3694,253,298,351571,5836,1892593,4351700
3695,289,273,351282,5852,1892866,4590900
3696,318,292,350964,5878,1893158,4569800
3697,274,266,350690,5886,1893424,4479400
3698,296,313,350394,5869,1893737,4737800
3699,269,255,350125,5883,1893992,4533200
3700,295,291,349830,5887,1894283,4943800
3701,309,324,349521,5872,1894607,4741300
3702,297,265,349224,5904,1894872,4730100
3703,316,267,348908,5953,1895139,4453500
3704,280,297,348628,5936,1895436,4490000
3705,291,311,348337,5916,1895747,4415100
3706,271,302,348066,5885,1896049,4473400
3707,269,294,347797,5860,1896343,4361400
3708,291,293,347506,5858,1896636,4361000
3709,296,273,347210,5881,1896909,4392000
3710,294,259,346916,5916,1897168,4259000
3711,293,296,346623,5913,1897464,4287400
3712,289,299,346334,5903,1897763,4527000
3713,280,281,346054,5902,1898044,4406900
3714,256,320,345798,5838,1898364,4342600
3715,288,301,345510,5825,1898665,4575200
3716,274,296,345236,5803,1898961,4401400
3717,287,277,344949,5813,1899238,4368500
3718,294,268,344655,5839,1899506,4304800
3719,280,314,344375,5805,1899820,4533800
3720,275,267,344100,5813,1900087,4348600
3721,289,295,343811,5807,1900382,4299300
3722,258,303,343553,5762,1900685,4474800
3723,275,303,343278,5734,1900988,4435600
3724,274,285,343004,5723,1901273,4356500
3725,261,280,342743,5704,1901553,4261700
3726,256,294,342487,5666,1901847,4537500
3727,266,267,342221,5665,1902114,4346500
3728,274,273,341947,5666,1902387,4316700
3729,277,269,341670,5674,1902656,4348900
3730,277,277,341393,5674,1902933,4466300
3731,282,284,341111,5672,1903217,4457800
3732,279,279,340832,5672,1903496,4592400
3733,297,292,340535,5677,1903788,4386900
3734,277,289,340258,5665,1904077,4449300
3735,270,294,339988,5641,1904371,4352200
3736,272,287,339716,5626,1904658,4380400
3737,261,274,339455,5613,1904932,4308600
3738,259,284,339196,5588,1905216,4200700
3739,268,269,338928,5587,1905485,4200800
3740,264,294,338664,5557,1905779,4276800
3741,252,302,338412,5507,1906081,4319200
3742,277,261,338135,5523,1906342,4237300
3743,250,288,337885,5485,1906630,4317600
3744,247,268,337638,5464,1906898,4311600
3745,268,272,337370,5460,1907170,4285400
3746,300,312,337070,5448,1907482,4341200
3747,245,252,336825,5441,1907734,4643200
3748,255,259,336570,5437,1907993,4309300
3749,268,301,336302,5404,1908294,4248300
3750,248,275,336054,5377,1908569,4278300
3751,244,273,335810,5348,1908842,4380900
3752,246,249,335564,5345,1909091,4260900
3753,275,265,335289,5355,1909356,4279800
3754,276,250,335013,5381,1909606,4356400
3755,255,286,334758,5350,1909892,4367900
3756,279,249,334479,5380,1910141,4365100
3757,262,271,334217,5371,1910412,4650000
3758,256,265,333961,5362,1910677,4632400
3759,276,288,333685,5350,1910965,4449400
3760,258,241,333427,5367,1911206,4308700
3761,256,263,333171,5360,1911469,4605200
3762,279,278,332892,5361,1911747,4489900
3763,235,290,332657,5306,1912037,4321600
3764,253,270,332404,5289,1912307,4344000
3765,265,269,332139,5285,1912576,4312500
3766,265,281,331874,5269,1912857,4218500
3767,246,235,331628,5280,1913092,4266400
3768,261,266,331367,5275,1913358,4418800
3769,246,262,331121,5259,1913620,4547200
3770,270,264,330851,5265,1913884,4502000
3771,259,257,330592,5267,1914141,4250800
3772,257,239,330335,5285,1914380,4222600
3773,245,312,330090,5218,1914692,4243900
3774,244,276,329846,5186,1914968,4218100
3775,258,263,329588,5181,1915231,4282600
3776,259,240,329329,5200,1915471,4521500
3777,269,259,329060,5210,1915730,4819400
3778,242,259,328818,5193,1915989,4704600
3779,261,241,328557,5213,1916230,4712400
3780,260,279,328297,5194,1916509,4493900
3781,259,261,328038,5192,1916770,4304800
3782,264,263,327774,5193,1917033,4344600
3783,264,248,327510,5209,1917281,4412600
3784,240,269,327270,5180,1917550,4306800
3785,221,251,327049,5150,1917801,4154600
3786,247,252,326802,5145,1918053,4186000
3787,264,237,326538,5172,1918290,4202400
3788,241,291,326297,5122,1918581,4247000
3789,280,248,326017,5154,1918829,4301400
3790,240,275,325777,5119,1919104,4430500
3791,251,280,325526,5090,1919384,4515000
3792,248,258,325278,5080,1919642,4489800
3793,252,254,325026,5078,1919896,4462900
3794,261,225,324765,5114,1920121,4315500
3795,272,250,324493,5136,1920371,4325200
3796,271,270,324222,5137,1920641,4424700
3797,282,223,323940,5196,1920864,5065400
3798,279,236,323661,5239,1921100,4489200
3799,299,240,323362,5298,1921340,4293300
3800,255,275,323107,5278,1921615,4290800
3801,250,251,322857,5277,1921866,4305100
3802,268,254,322589,5291,1922120,4231900
3803,273,259,322316,5305,1922379,4274100
3804,302,232,322014,5375,1922611,4400700
3805,294,295,321720,5374,1922906,4605400
3806,292,279,321428,5387,1923185,4480200
3807,283,250,321145,5420,1923435,4854900
3808,275,268,320870,5427,1923703,5741400
3809,271,263,320599,5435,1923966,5687300
3810,252,282,320347,5405,1924248,5315300
3811,262,271,320085,5396,1924519,4337300
3812,275,259,319810,5412,1924778,4322700
3813,253,278,319557,5387,1925056,4204800
3814,246,305,319311,5328,1925361,4459400
3815,252,242,319059,5338,1925603,4407300
3816,241,286,318818,5293,1925889,4425300
3817,259,238,318559,5314,1926127,4340300
3818,265,304,318294,5275,1926431,4374200
3819,219,268,318075,5226,1926699,4368100
3820,269,287,317806,5208,1926986,4443100
3821,254,232,317552,5230,1927218,4493000
3822,270,274,317282,5226,1927492,4625600
3823,272,249,317010,5249,1927741,4239500
3824,258,273,316752,5234,1928014,4232700
3825,274,262,316478,5246,1928276,4364100
3826,250,259,316228,5237,1928535,4338800
3827,261,236,315967,5262,1928771,4259900
3828,289,273,315678,5278,1929044,4464000
3829,259,259,315419,5278,1929303,4360300
3830,268,265,315151,5281,1929568,4521200
3831,284,281,314867,5284,1929849,4829600
3832,289,293,314578,5280,1930142,4646100
3833,263,236,314315,5307,1930378,4244900
3834,280,239,314035,5348,1930617,4214700
3835,291,298,313744,5341,1930915,4482700
3836,292,264,313452,5369,1931179,4323800
3837,277,261,313175,5385,1931440,4314600
3838,249,274,312926,5360,1931714,4205200
3839,270,277,312656,5353,1931991,4282700
3840,277,283,312379,5347,1932274,4346400
3841,275,279,312104,5343,1932553,4294100
3842,263,269,311841,5337,1932822,4230100
3843,261,273,311580,5325,1933095,4321500
3844,248,260,311332,5313,1933355,4242000
3845,283,261,311049,5335,1933616,4214700
3846,235,264,310814,5306,1933880,4287100
3847,294,273,310520,5327,1934153,4231700
3848,269,281,310251,5315,1934434,4231100
3849,260,265,309991,5310,1934699,4223400
3850,276,272,309715,5314,1934971,4699200
3851,247,251,309468,5310,1935222,4310200
3852,254,261,309214,5303,1935483,4418500
3853,270,317,308944,5256,1935800,4345100
3854,258,250,308686,5264,1936050,4317400
3855,260,298,308426,5226,1936348,4233900
3856,270,285,308156,5211,1936633,4219500
3857,248,256,307908,5203,1936889,4254100
3858,276,270,307632,5209,1937159,4241700
3859,269,260,307363,5218,1937419,4190800
3860,262,256,307101,5224,1937675,4185900
3861,262,284,306839,5202,1937959,4374300
3862,276,277,306563,5201,1938236,4457200
3863,290,263,306273,5228,1938499,4284300
3864,278,279,305995,5227,1938778,4307300
3865,244,244,305751,5227,1939022,4411800
3866,264,285,305487,5206,1939307,4277600
3867,238,282,305249,5162,1939589,4572700
3868,263,243,304986,5182,1939832,4413600
3869,244,255,304742,5171,1940087,4326600
3870,274,240,304468,5205,1940327,4420200
3871,235,245,304233,5195,1940572,4212400
3872,245,260,303988,5180,1940832,4541800
3873,261,257,303727,5184,1941089,4244000
3874,276,265,303451,5195,1941354,4370100
3875,262,269,303189,5188,1941623,4315000
3876,245,249,302944,5184,1941872,4248900
3877,253,280,302691,5157,1942152,4222300
3878,271,238,302420,5190,1942390,4237600
3879,242,272,302178,5160,1942662,4525300
3880,277,254,301901,5183,1942916,4334400
3881,256,285,301645,5154,1943201,4304900
3882,239,264,301406,5129,1943465,4526900
3883,282,284,301124,5127,1943749,4597900
3884,258,244,300866,5141,1943993,4455900
3885,237,237,300629,5141,1944230,4326100
3886,243,231,300386,5153,1944461,4838600
3887,250,258,300136,5145,1944719,4311800
3888,279,277,299857,5147,1944996,4266200
3889,233,243,299624,5137,1945239,4224100
3890,235,301,299389,5071,1945540,4435600
3891,231,276,299158,5026,1945816,4296700
3892,244,244,298914,5026,1946060,4415900
3893,250,270,298664,5006,1946330,4473300
3894,253,261,298411,4998,1946591,4584200
3895,238,243,298173,4993,1946834,4252000
3896,232,250,297941,4975,1947084,4270500
3897,246,248,297695,4973,1947332,4585900
3898,232,255,297463,4950,1947587,4399900
3899,236,252,297227,4934,1947839,4313100
3900,199,265,297028,4868,1948104,4405900
3901,257,240,296771,4885,1948344,4435600
3902,227,245,296544,4867,1948589,4339800
3903,251,228,296293,4890,1948817,4435500
3904,249,249,296044,4890,1949066,4462800
3905,250,248,295794,4892,1949314,4494000
3906,240,238,295554,4894,1949552,4219200
3907,237,234,295317,4897,1949786,4280800
3908,232,240,295085,4889,1950026,4362100
3909,248,271,294837,4866,1950297,4229800
3910,243,264,294594,4845,1950561,4196900
3911,233,254,294361,4824,1950815,4284300
3912,248,239,294113,4833,1951054,4284100
3913,237,255,293876,4815,1951309,4384300
3914,249,249,293627,4815,1951558,4327200
3915,238,258,293389,4795,1951816,4352400
3916,229,275,293160,4749,1952091,4378800
3917,223,259,292937,4713,1952350,4254600
3918,248,254,292689,4707,1952604,4255200
3919,206,233,292483,4680,1952837,4310300
3920,218,220,292265,4678,1953057,4230300
3921,223,232,292042,4669,1953289,4247100
3922,222,212,291820,4679,1953501,4378900
3923,216,221,291604,4674,1953722,4609300
3924,227,242,291377,4659,1953964,4585800
3925,236,264,291141,4631,1954228,4428000
3926,223,193,290918,4661,1954421,4588700
3927,243,243,290675,4661,1954664,4561400
3928,236,226,290439,4671,1954890,4706300
3929,229,227,290210,4673,1955117,5223600
3930,212,238,289998,4647,1955355,4559900
3931,233,255,289765,4625,1955610,4257600
3932,221,250,289544,4596,1955860,4603400
3933,223,227,289321,4592,1956087,4193400
3934,223,245,289098,4570,1956332,4182500
3935,206,226,288892,4550,1956558,4248900
3936,220,217,288672,4553,1956775,4418900
3937,230,212,288442,4571,1956987,4186800
3938,230,213,288212,4588,1957200,4240800
3939,213,233,287999,4568,1957433,4164100
3940,221,223,287778,4566,1957656,4261900
3941,212,243,287566,4535,1957899,4348400
3942,216,227,287350,4524,1958126,4239800
3943,253,210,287097,4567,1958336,4392700
3944,228,223,286869,4572,1958559,4730100
3945,239,228,286630,4583,1958787,4251000
3946,209,225,286421,4567,1959012,4644000
3947,234,208,286187,4593,1959220,4255100
3948,249,230,285938,4612,1959450,4230300
3949,244,235,285694,4621,1959685,4299800
3950,211,243,285483,4589,1959928,4265400
3951,241,220,285242,4610,1960148,4760200
3952,241,212,285001,4639,1960360,4297900
3953,235,270,284766,4604,1960630,4211800
3954,259,235,284507,4628,1960865,4584300
3955,256,215,284251,4669,1961080,4621600
3956,252,238,283999,4683,1961318,4427800
3957,266,241,283733,4708,1961559,4246400
3958,283,212,283450,4779,1961771,4391700
3959,247,261,283203,4765,1962032,4495500
3960,228,226,282975,4767,1962258,4203800
3961,257,236,282718,4788,1962494,4225800
3962,263,223,282455,4828,1962717,4444900
3963,261,239,282194,4850,1962956,4350400
3964,229,246,281965,4833,1963202,4394300
3965,235,251,281730,4817,1963453,5092300
3966,225,234,281505,4808,1963687,4441400
3967,261,269,281244,4800,1963956,4356500
3968,224,234,281020,4790,1964190,4460500
3969,219,236,280801,4773,1964426,4597700
3970,237,254,280564,4756,1964680,4430000
3971,268,229,280296,4795,1964909,4411000
3972,248,235,280048,4808,1965144,4602200
3973,239,247,279809,4800,1965391,4855600
3974,252,234,279557,4818,1965625,4723500
3975,227,257,279330,4788,1965882,4570200
3976,205,228,279125,4765,1966110,4514800
3977,237,247,278888,4755,1966357,4323300
3978,237,236,278651,4756,1966593,4432500
3979,252,224,278399,4784,1966817,4609000
3980,212,244,278187,4752,1967061,4436600
3981,217,247,277970,4722,1967308,4552600
3982,201,214,277769,4709,1967522,4408900
3983,240,248,277529,4701,1967770,4458000
3984,224,215,277305,4710,1967985,4453500
3985,206,228,277099,4688,1968213,4460800
3986,232,210,276867,4710,1968423,4528900
3987,214,248,276653,4676,1968671,4491500
3988,253,241,276400,4688,1968912,4542800
3989,238,233,276162,4693,1969145,4783000
3990,243,262,275919,4674,1969407,4646400
3991,212,235,275707,4651,1969642,4431700
3992,235,257,275472,4629,1969899,4691200
3993,249,246,275223,4632,1970145,4390300
3994,235,245,274988,4622,1970390,4375900
3995,233,211,274755,4644,1970601,4235600
3996,242,242,274513,4644,1970843,4386300
3997,248,227,274265,4665,1971070,4371800
3998,237,218,274028,4684,1971288,4312600
3999,256,219,273772,4721,1971507,4374400
4000,246,212,273526,4755,1971719,4355900
4001,245,225,273281,4775,1971944,4232700
4002,258,251,273023,4782,1972195,4319800
4003,276,240,272747,4818,1972435,4611400
4004,254,255,272493,4817,1972690,4581800
4005,252,223,272241,4846,1972913,4296000
4006,251,239,271990,4858,1973152,4298800
4007,254,255,271736,4857,1973407,4464300
4008,224,224,271512,4857,1973631,4817100
4009,244,214,271268,4887,1973845,4542600
4010,237,207,271031,4917,1974052,4689600
4011,238,261,270793,4894,1974313,4438200
4012,234,248,270559,4880,1974561,4334100
4013,263,244,270296,4899,1974805,4370200
4014,270,243,270026,4926,1975048,4402500
4015,288,240,269738,4974,1975288,4400200
4016,249,258,269489,4965,1975546,4420600
4017,251,238,269238,4978,1975784,4422300
4018,220,257,269018,4941,1976041,4344300
4019,219,225,268799,4935,1976266,4250100
4020,237,262,268562,4910,1976528,4164500
4021,245,261,268317,4894,1976789,4617900
4022,219,261,268098,4852,1977050,4276800
4023,231,229,267867,4854,1977279,4334500
4024,203,263,267664,4794,1977542,4310800
4025,227,234,267437,4787,1977776,4246900
4026,232,230,267205,4789,1978006,4227300
4027,249,227,266956,4811,1978233,4263800
4028,231,237,266725,4805,1978470,4357600
4029,281,231,266444,4855,1978701,4675200
4030,234,228,266210,4861,1978929,4371400
4031,213,252,265997,4822,1979181,4451400
4032,210,266,265787,4766,1979447,4611400
4033,265,269,265522,4762,1979716,4624100
4034,234,232,265288,4764,1979948,4408500
4035,233,240,265055,4757,1980188,4555800
4036,226,256,264829,4727,1980444,4509700
4037,242,223,264587,4746,1980667,4374400
4038,234,246,264353,4734,1980913,4360600
4039,249,211,264104,4772,1981124,4309000
4040,228,240,263876,4760,1981364,4193800
4041,252,265,263624,4747,1981629,4213200
4042,246,205,263378,4788,1981834,4230300
4043,256,257,263122,4787,1982091,4359000
4044,234,249,262888,4772,1982340,4268400
4045,235,275,262653,4732,1982615,4293700
4046,234,240,262419,4726,1982855,4483300
4047,256,255,262163,4727,1983110,4346300
4048,245,236,261918,4736,1983346,4475000
4049,233,230,261685,4739,1983576,4585500
4050,232,241,261453,4730,1983817,4399700
4051,237,240,261216,4727,1984057,4373600
4052,226,238,260990,4715,1984295,4335400
4053,224,244,260766,4695,1984539,4321900
4054,218,229,260548,4684,1984768,4243600
4055,224,229,260324,4679,1984997,4277800
4056,206,229,260118,4656,1985226,4333200
4057,238,229,259880,4665,1985455,4444800
4058,223,224,259657,4664,1985679,4279200
4059,227,214,259430,4677,1985893,4242000
4060,249,238,259181,4688,1986131,4343200
4061,255,241,258926,4702,1986372,4396900
4062,245,243,258681,4704,1986615,4240400
4063,228,249,258453,4683,1986864,4520700
4064,231,230,258222,4684,1987094,4495700
4065,245,223,257977,4706,1987317,4198400
4066,244,242,257733,4708,1987559,4196400
4067,221,225,257512,4704,1987784,4321200
4068,255,239,257257,4720,1988023,4318400
4069,222,269,257035,4673,1988292,4198700
4070,213,230,256822,4656,1988522,4183400
4071,255,225,256567,4686,1988747,4321100
4072,214,243,256353,4657,1988990,4268700
4073,213,223,256140,4647,1989213,4184200
4074,210,240,255930,4617,1989453,4213300
4075,228,227,255702,4618,1989680,4373700
4076,234,225,255468,4627,1989905,4251500
4077,222,205,255246,4644,1990110,4207900
4078,229,233,255017,4640,1990343,4585000
4079,247,216,254770,4671,1990559,4386400
4080,248,270,254522,4649,1990829,4354200
4081,233,222,254289,4660,1991051,4398900
4082,222,248,254067,4634,1991299,4484600
4083,234,259,253833,4609,1991558,4263400
4084,227,233,253606,4603,1991791,4217000
4085,247,237,253359,4613,1992028,4365000
4086,249,235,253110,4627,1992263,4254900
4087,222,236,252888,4613,1992499,4223100
4088,215,232,252673,4596,1992731,4251400
4089,242,231,252431,4607,1992962,4422900
4090,215,241,252216,4581,1993203,4330800
4091,251,243,251965,4589,1993446,4447900
4092,215,202,251750,4602,1993648,4300800
4093,204,230,251546,4576,1993878,4565000
4094,230,222,251316,4584,1994100,4506200
4095,201,202,251115,4583,1994302,4325000
4096,231,225,250884,4589,1994527,4386600
4097,260,240,250624,4609,1994767,4334000
4098,232,243,250392,4598,1995010,4256900
4099,222,241,250170,4579,1995251,4276200
4100,235,237,249935,4577,1995488,4262000
4101,249,235,249686,4591,1995723,4279700
4102,211,230,249475,4572,1995953,4211400
4103,218,213,249257,4577,1996166,4260500
4104,258,258,248999,4577,1996424,4476000
4105,240,236,248759,4581,1996660,4890500
4106,222,228,248537,4575,1996888,4279700
4107,234,218,248303,4591,1997106,4535400
4108,242,251,248061,4582,1997357,4744100
4109,248,211,247813,4619,1997568,4693200
4110,227,260,247586,4586,1997828,4479700
4111,209,220,247377,4575,1998048,4400500
4112,233,237,247144,4571,1998285,4334200
4113,225,226,246919,4570,1998511,4125100
4114,242,229,246677,4583,1998740,4174200
4115,232,242,246445,4573,1998982,4226500
4116,234,223,246211,4584,1999205,4177100
4117,231,243,245980,4572,1999448,4178400
4118,239,249,245741,4562,1999697,4356000
4119,230,234,245511,4558,1999931,4281000
4120,244,210,245267,4592,2000141,4193900
4121,202,207,245065,4587,2000348,4795100
4122,221,214,244844,4594,2000562,4322900
4123,237,221,244607,4610,2000783,4357300
4124,215,229,244392,4596,2001012,4417800
4125,226,230,244166,4592,2001242,4407100
4126,247,241,243919,4598,2001483,4685100
4127,232,214,243687,4616,2001697,4273700
4128,241,212,243446,4645,2001909,4240700
4129,202,250,243244,4597,2002159,4332700
4130,244,234,243000,4607,2002393,4222700
4131,227,219,242773,4615,2002612,4218600
4132,237,243,242536,4609,2002855,4242800
4133,247,221,242289,4635,2003076,4303400
4134,212,244,242077,4603,2003320,4239300
4135,238,223,241839,4618,2003543,4213400
4136,230,252,241609,4596,2003795,4254200
4137,242,204,241367,4634,2003999,4213200
4138,229,235,241138,4628,2004234,4180700
4139,215,226,240923,4617,2004460,4231500
4140,253,236,240670,4634,2004696,4605900
4141,222,222,240448,4634,2004918,4394200
4142,228,243,240220,4619,2005161,4298700
4143,252,235,239968,4636,2005396,4839000
4144,230,250,239738,4616,2005646,4525200
4145,221,223,239517,4614,2005869,4203400
4146,222,237,239295,4599,2006106,4407200
4147,221,226,239074,4594,2006332,4614400
4148,228,227,238846,4595,2006559,4221700
4149,224,219,238622,4600,2006778,4184100
4150,233,207,238389,4626,2006985,4474900
4151,235,220,238154,4641,2007205,4542900
4152,228,244,237926,4625,2007449,4509800
4153,226,220,237700,4631,2007669,4530100
4154,251,236,237449,4646,2007905,4389300
4155,234,247,237215,4633,2008152,4733800
4156,196,237,237019,4592,2008389,4799900
4157,222,211,236797,4603,2008600,4652600
4158,239,228,236558,4614,2008828,4551500
4159,235,218,236323,4631,2009046,4402200
4160,204,236,236119,4599,2009282,4436300
4161,208,197,235911,4610,2009479,4256700
4162,227,216,235684,4621,2009695,4172200
4163,235,240,235449,4616,2009935,4222500
4164,225,238,235224,4603,2010173,4417500
4165,233,217,234991,4619,2010390,4310000
4166,203,187,234788,4635,2010577,4206600
4167,217,228,234571,4624,2010805,4288800
4168,204,221,234367,4607,2011026,4472100
4169,192,212,234175,4587,2011238,4311900
4170,241,216,233934,4612,2011454,4389400
4171,213,225,233721,4600,2011679,4591500
4172,233,235,233488,4598,2011914,4535600
4173,241,201,233247,4638,2012115,4386200
4174,241,210,233006,4669,2012325,4258600
4175,229,271,232777,4627,2012596,4206100
4176,230,234,232547,4623,2012830,4252800
4177,242,221,232305,4644,2013051,4198100
4178,231,244,232074,4631,2013295,4239400
4179,232,233,231842,4630,2013528,4456700
4180,235,223,231607,4642,2013751,4498300
4181,201,235,231406,4608,2013986,4344500
4182,231,238,231175,4601,2014224,4472800
4183,222,203,230953,4620,2014427,4237600
4184,223,237,230730,4606,2014664,4297700
4185,219,224,230511,4601,2014888,4446900
4186,232,222,230279,4611,2015110,4355200
4187,220,232,230059,4599,2015342,4286200
4188,206,256,229853,4549,2015598,4263000
4189,211,212,229642,4548,2015810,4466500
4190,227,223,229415,4552,2016033,4326700
4191,237,209,229178,4580,2016242,4267900
4192,231,234,228947,4577,2016476,4320200
4193,238,224,228709,4591,2016700,4279500
4194,226,220,228483,4597,2016920,4251300
4195,217,230,228266,4584,2017150,4222600
4196,231,247,228035,4568,2017397,4310000
4197,231,210,227804,4589,2017607,4323600
4198,222,224,227582,4587,2017831,4457600
4199,222,220,227360,4589,2018051,4355300
4200,204,240,227156,4553,2018291,4488000
4201,207,216,226949,4544,2018507,4345500
4202,202,233,226747,4513,2018740,4296200
4203,202,200,226545,4515,2018940,4799400
4204,222,215,226323,4522,2019155,4356800
4205,184,223,226139,4483,2019378,4244700
4206,214,246,225925,4451,2019624,4285500
4207,208,216,225717,4443,2019840,4499000
4208,217,206,225500,4454,2020046,4406100
4209,248,232,225252,4470,2020278,4382100
4210,258,210,224994,4518,2020488,4720800
4211,234,239,224760,4513,2020727,4454300
4212,233,216,224527,4530,2020943,4419200
4213,215,237,224312,4508,2021180,4422300
4214,215,224,224097,4499,2021404,4647600
4215,244,215,223853,4528,2021619,4566300
4216,242,223,223611,4547,2021842,4542300
4217,238,227,223373,4558,2022069,4758500
4218,222,222,223151,4558,2022291,4425300
4219,252,237,222899,4573,2022528,4368700
4220,237,223,222662,4587,2022751,4289300
4221,223,234,222439,4576,2022985,4507500
4222,236,232,222203,4580,2023217,4262600
4223,239,219,221964,4600,2023436,4158500
4224,222,222,221742,4600,2023658,4203900
4225,227,206,221515,4621,2023864,4476500
4226,236,219,221279,4638,2024083,4302200
4227,247,218,221032,4667,2024301,4204000
4228,218,236,220814,4649,2024537,4365300
4229,255,231,220559,4673,2024768,4427000
4230,263,257,220296,4679,2025025,4370700
4231,241,223,220055,4697,2025248,4343100
4232,237,249,219818,4685,2025497,4538300
4233,214,245,219604,4654,2025742,4712900
4234,223,246,219381,4631,2025988,4300400
4235,208,249,219173,4590,2026237,4306500
4236,219,232,218954,4577,2026469,4255100
4237,215,211,218739,4581,2026680,4175600
4238,221,222,218518,4580,2026902,4225800
4239,209,244,218309,4545,2027146,4303800
4240,214,230,218095,4529,2027376,4245700
4241,221,233,217874,4517,2027609,4179700
4242,201,231,217673,4487,2027840,4214100
4243,211,255,217462,4443,2028095,4322100
4244,204,217,217258,4430,2028312,4273700
4245,202,247,217056,4385,2028559,4243800
4246,207,229,216849,4363,2028788,4482000
4247,198,214,216651,4347,2029002,4580500
4248,210,208,216441,4349,2029210,4517500
4249,192,210,216249,4331,2029420,4490600
4250,187,217,216062,4301,2029637,4621200
4251,201,222,215861,4280,2029859,4657400
4252,172,197,215689,4255,2030056,4573000
4253,205,215,215484,4245,2030271,4705000
4254,197,201,215287,4241,2030472,4544900
4255,195,232,215092,4204,2030704,4437600
4256,211,208,214881,4207,2030912,4281300
4257,225,203,214656,4229,2031115,4338300
4258,216,194,214440,4251,2031309,4319800
4259,238,198,214202,4291,2031507,4372200
4260,220,218,213982,4293,2031725,4788800
4261,208,189,213774,4312,2031914,4808400
4262,231,236,213543,4307,2032150,4658400
4263,215,239,213328,4283,2032389,4506200
4264,223,211,213105,4295,2032600,4670600
4265,233,209,212872,4319,2032809,4456300
4266,192,210,212680,4301,2033019,4451500
4267,212,216,212468,4297,2033235,4538600
4268,217,233,212251,4281,2033468,4308700
4269,201,200,212050,4282,2033668,4388400
4270,207,215,211843,4274,2033883,4270800
4271,232,195,211611,4311,2034078,4553200
4272,199,214,211412,4296,2034292,4364800
4273,201,222,211211,4275,2034514,4367600
4274,221,229,210990,4267,2034743,4971700
4275,203,204,210787,4266,2034947,4657700
4276,219,202,210568,4283,2035149,4598600
4277,207,226,210361,4264,2035375,4732500
4278,189,228,210172,4225,2035603,4332300
4279,226,201,209946,4250,2035804,4342600
4280,208,208,209738,4250,2036012,4391000
4281,198,204,209540,4244,2036216,4456500
4282,209,192,209331,4261,2036408,4451700
4283,211,238,209120,4234,2036646,4453400
4284,223,204,208897,4253,2036850,4375100
4285,210,203,208687,4260,2037053,4332100
4286,191,195,208496,4256,2037248,4222200
4287,198,196,208298,4258,2037444,4263900
4288,192,196,208106,4254,2037640,4323100
4289,207,219,207899,4242,2037859,4365600
4290,216,219,207683,4239,2038078,4279400
4291,202,208,207481,4233,2038286,4529200
4292,218,201,207263,4250,2038487,4455700
4293,231,209,207032,4272,2038696,4334600
4294,247,234,206785,4285,2038930,4341600
4295,230,223,206555,4292,2039153,4433700
4296,227,221,206328,4298,2039374,4494400
4297,252,223,206076,4327,2039597,4392800
4298,226,197,205850,4356,2039794,4285700
4299,231,246,205619,4341,2040040,4672700
4300,236,227,205383,4350,2040267,4218300
4301,228,202,205155,4376,2040469,4172300
4302,237,230,204918,4383,2040699,4237300
4303,200,199,204718,4384,2040898,4322700
4304,210,227,204508,4367,2041125,4213300
4305,229,211,204279,4385,2041336,4720800
4306,245,219,204034,4411,2041555,4631600
4307,209,194,203825,4426,2041749,4398000
4308,222,231,203603,4417,2041980,4618300
4309,220,227,203383,4410,2042207,4297900
4310,209,227,203174,4392,2042434,4309400
4311,207,226,202967,4373,2042660,4232400
4312,210,227,202757,4356,2042887,4245800
4313,227,180,202530,4403,2043067,4663600
4314,241,206,202289,4438,2043273,4517600
4315,212,239,202077,4411,2043512,4243300
4316,204,227,201873,4388,2043739,4246800
4317,199,215,201674,4372,2043954,4307800
4318,188,199,201486,4361,2044153,4328400
4319,203,242,201283,4322,2044395,4259400
4320,217,206,201066,4333,2044601,4622000
4321,201,220,200865,4314,2044821,4679500
4322,205,236,200660,4283,2045057,4472400
4323,214,217,200446,4280,2045274,4403900
4324,235,225,200211,4290,2045499,4379700
4325,202,183,200009,4309,2045682,4259900
4326,186,240,199823,4255,2045922,4222600
4327,229,226,199594,4258,2046148,4353500
4328,232,228,199362,4262,2046376,4439100
4329,211,226,199151,4247,2046602,4249500
4330,222,208,198929,4261,2046810,4443900
4331,198,194,198731,4265,2047004,4521700
4332,201,225,198530,4241,2047229,4727600
4333,194,232,198336,4203,2047461,4466600
4334,198,218,198138,4183,2047679,4438900
4335,246,217,197892,4212,2047896,4261600
4336,221,221,197671,4212,2048117,4373000
4337,215,232,197456,4195,2048349,4433200
4338,205,223,197251,4177,2048572,4225400
4339,201,230,197050,4148,2048802,4241600
4340,232,201,196818,4179,2049003,4142600
4341,202,204,196616,4177,2049207,4150200
4342,220,167,196396,4230,2049374,4553100
4343,236,242,196160,4224,2049616,4288900
4344,218,227,195942,4215,2049843,4219700
4345,219,214,195723,4220,2050057,4448100
4346,233,205,195490,4248,2050262,4325300
4347,205,212,195285,4241,2050474,4263200
4348,229,211,195056,4259,2050685,4267700
4349,228,220,194828,4267,2050905,4472100
4350,250,201,194578,4316,2051106,4455700
4351,223,223,194355,4316,2051329,4294100
4352,225,235,194130,4306,2051564,4327600
4353,220,245,193910,4281,2051809,4274700
4354,225,210,193685,4296,2052019,4308600
4355,206,217,193479,4285,2052236,4165400
4356,241,241,193238,4285,2052477,4218100
4357,211,218,193027,4278,2052695,4285400
4358,247,231,192780,4294,2052926,4188400
4359,217,206,192563,4305,2053132,4229700
4360,220,197,192343,4328,2053329,4252000
4361,220,236,192123,4312,2053565,4226100
4362,218,224,191905,4306,2053789,4246600
4363,196,227,191709,4275,2054016,4455400
4364,211,199,191498,4287,2054215,4364000
4365,211,237,191287,4261,2054452,4360500
4366,219,204,191068,4276,2054656,4250900
4367,207,215,190861,4268,2054871,4409500
4368,256,222,190605,4302,2055093,4705400
4369,225,206,190380,4321,2055299,4263600
4370,233,215,190147,4339,2055514,4397500
4371,231,210,189916,4360,2055724,4483400
4372,176,226,189740,4310,2055950,4200800
4373,247,223,189493,4334,2056173,4198100
4374,208,226,189285,4316,2056399,4758300
4375,211,206,189074,4321,2056605,4812500
4376,182,234,188892,4269,2056839,4439000
4377,228,197,188664,4300,2057036,5280500
4378,194,219,188470,4275,2057255,4632400
4379,216,200,188254,4291,2057455,4823700
4380,227,220,188027,4298,2057675,4900100
4381,186,204,187841,4280,2057879,4893900
4382,208,201,187633,4287,2058080,4564900
4383,219,199,187414,4307,2058279,4301000
4384,212,221,187202,4298,2058500,4273100
4385,233,213,186969,4318,2058713,4205200
4386,210,199,186759,4329,2058912,4162200
4387,201,211,186558,4319,2059123,4283600
4388,206,215,186352,4310,2059338,4267700
4389,211,220,186141,4301,2059558,4351700
4390,209,205,185932,4305,2059763,4169200
4391,214,207,185718,4312,2059970,4315500
4392,212,215,185506,4309,2060185,4287300
4393,201,226,185305,4284,2060411,4193000
4394,222,196,185083,4310,2060607,4257000
4395,201,227,184882,4284,2060834,4332400
4396,197,222,184685,4259,2061056,4325300
4397,197,213,184488,4243,2061269,4418200
4398,213,208,184275,4248,2061477,4383900
4399,212,220,184063,4240,2061697,4527700
4400,195,217,183868,4218,2061914,4428800
4401,209,214,183659,4213,2062128,4230300
4402,191,214,183468,4190,2062342,4396000
4403,211,210,183257,4191,2062552,4315900
4404,208,227,183049,4172,2062779,4209400
4405,189,198,182860,4163,2062977,4360000
4406,203,178,182657,4188,2063155,4252900
4407,192,245,182465,4135,2063400,4249300
4408,195,204,182270,4126,2063604,4219000
4409,180,208,182090,4098,2063812,4635100
4410,178,210,181912,4066,2064022,4543300
4411,187,178,181725,4075,2064200,4250200
4412,180,198,181545,4057,2064398,4529500
4413,190,208,181355,4039,2064606,4363100
4414,202,183,181153,4058,2064789,4221300
4415,167,189,180986,4036,2064978,4276900
4416,196,214,180790,4018,2065192,4312900
4417,214,180,180576,4052,2065372,4215600
4418,212,217,180364,4047,2065589,4209000
4419,179,190,180185,4036,2065779,4339000
4420,203,183,179982,4056,2065962,4249800
4421,202,212,179780,4046,2066174,4183900
4422,198,199,179582,4045,2066373,4264800
4423,168,207,179414,4006,2066580,4230800
4424,184,205,179230,3985,2066785,4311900
4425,192,194,179038,3983,2066979,4245700
4426,203,219,178835,3967,2067198,4538300
4427,185,188,178650,3964,2067386,4525700
4428,185,211,178465,3938,2067597,4413800
4429,176,186,178289,3928,2067783,4313400
4430,190,195,178099,3923,2067978,4302200
4431,204,181,177895,3946,2068159,4299200
4432,218,189,177677,3975,2068348,4219100
4433,215,206,177462,3984,2068554,4264800
4434,235,208,177227,4011,2068762,4346500
4435,205,206,177022,4010,2068968,4491100
4436,200,204,176822,4006,2069172,4364500
4437,195,202,176627,3999,2069374,4344500
4438,224,207,176403,4016,2069581,4367300
4439,208,196,176195,4028,2069777,4370600
4440,209,204,175986,4033,2069981,4432000
4441,212,196,175774,4049,2070177,4437700
4442,207,203,175567,4053,2070380,4530800
4443,218,199,175349,4072,2070579,4471200
4444,197,218,175152,4051,2070797,4532700
4445,212,213,174940,4050,2071010,4335400
4446,223,205,174717,4068,2071215,4381300
4447,205,227,174512,4046,2071442,4306800
4448,179,226,174333,3999,2071668,4550600
4449,196,196,174137,3999,2071864,4357800
4450,201,190,173936,4010,2072054,4258600
4451,190,217,173746,3983,2072271,4347500
4452,207,215,173539,3975,2072486,4294800
4453,198,207,173341,3966,2072693,4213500
4454,203,193,173138,3976,2072886,4219600
4455,191,212,172947,3955,2073098,4295200
4456,203,204,172744,3954,2073302,4275600
4457,209,205,172535,3958,2073507,4337200
4458,202,198,172333,3962,2073705,4421000
4459,201,212,172132,3951,2073917,4428900
4460,181,232,171951,3900,2074149,4263700
4461,193,193,171758,3900,2074342,4246100
4462,199,201,171559,3898,2074543,4214500
4463,197,201,171362,3894,2074744,4405700
4464,193,203,171169,3884,2074947,4357700
4465,194,207,170975,3871,2075154,4240100
4466,202,203,170773,3870,2075357,4219800
4467,197,195,170576,3872,2075552,4382300
4468,179,183,170397,3868,2075735,4283300
4469,207,199,170190,3876,2075934,4193800
4470,206,199,169984,3883,2076133,4433000
4471,201,196,169783,3888,2076329,4567400
4472,205,162,169578,3931,2076491,4362800
4473,173,195,169405,3909,2076686,4571700
4474,212,215,169193,3906,2076901,4379900
4475,188,208,169005,3886,2077109,4214300
4476,193,197,168812,3882,2077306,4198600
4477,218,182,168594,3918,2077488,4462400
4478,186,210,168408,3894,2077698,4225900
4479,156,187,168252,3863,2077885,4208700
4480,196,205,168056,3854,2078090,4252700
4481,196,174,167860,3876,2078264,4424000
4482,192,191,167668,3877,2078455,4228900
4483,200,194,167468,3883,2078649,4156700
4484,193,200,167275,3876,2078849,4324300
4485,187,195,167088,3868,2079044,4810800
4486,202,197,166886,3873,2079241,4910300
4487,194,194,166692,3873,2079435,4555000
4488,201,215,166491,3859,2079650,5093600
4489,223,211,166268,3871,2079861,4737800
4490,192,201,166076,3862,2080062,4764700
4491,192,186,165884,3868,2080248,5023300
4492,200,205,165684,3863,2080453,4891000
4493,186,170,165498,3879,2080623,4570200
4494,212,194,165286,3897,2080817,4610200
4495,211,211,165075,3897,2081028,4634400
4496,205,174,164870,3928,2081202,4498800
4497,210,180,164660,3958,2081382,4488900
4498,220,204,164440,3974,2081586,4337700
4499,181,215,164259,3940,2081801,4300400
4500,204,184,164055,3960,2081985,4235600
4501,229,180,163826,4009,2082165,4376700
4502,225,216,163601,4018,2082381,4431100
4503,211,201,163390,4028,2082582,4415000
4504,198,198,163192,4028,2082780,4490200
4505,200,189,162992,4039,2082969,4885900
4506,205,195,162787,4049,2083164,4793600
4507,197,217,162590,4029,2083381,4232000
4508,193,218,162397,4004,2083599,4216000
4509,218,189,162179,4033,2083788,4706100
4510,216,206,161963,4043,2083994,4523300
4511,162,208,161801,3997,2084202,4301800
4512,209,180,161592,4026,2084382,4994300
4513,198,203,161394,4021,2084585,4162200
4514,214,207,161180,4028,2084792,4357100
4515,187,208,160993,4007,2085000,4230000
4516,206,222,160787,3991,2085222,4221700
4517,181,204,160606,3968,2085426,4265800
4518,203,198,160403,3973,2085624,4347300
4519,181,198,160222,3956,2085822,4306100
4520,194,205,160028,3945,2086027,4227600
4521,201,191,159827,3955,2086218,4179800
4522,166,227,159661,3894,2086445,4227900
4523,197,206,159464,3885,2086651,4319600
4524,218,190,159246,3913,2086841,4342900
4525,190,171,159056,3932,2087012,4176000
4526,196,221,158860,3907,2087233,4285400
4527,199,185,158661,3921,2087418,4314500
4528,211,172,158450,3960,2087590,4208600
4529,200,201,158250,3959,2087791,4203900
4530,192,191,158058,3960,2087982,4443200
4531,223,216,157835,3967,2088198,4375500
4532,220,188,157615,3999,2088386,4714700
4533,217,225,157398,3991,2088611,4955700
4534,207,188,157191,4010,2088799,4992400
4535,221,182,156970,4049,2088981,4986600
4536,216,190,156754,4075,2089171,5172700
4537,248,186,156506,4137,2089357,4842100
4538,211,231,156295,4117,2089588,4898200
4539,225,201,156070,4141,2089789,4637900
4540,212,194,155858,4159,2089983,4575500
4541,224,221,155634,4162,2090204,4574800
4542,218,213,155416,4167,2090417,4710300
4543,212,223,155204,4156,2090640,4558500
4544,198,225,155006,4129,2090865,4291500
4545,199,175,154807,4153,2091040,4282100
4546,217,211,154590,4159,2091251,4601100
4547,199,191,154391,4167,2091442,5257100
4548,242,216,154149,4193,2091658,4590300
4549,209,203,153940,4199,2091861,4582500
4550,199,206,153741,4192,2092067,4509400
4551,228,206,153513,4214,2092273,4372000
4552,210,218,153303,4206,2092491,4323800
4553,201,230,153102,4177,2092721,4304600
4554,204,231,152898,4150,2092952,4546600
4555,214,194,152684,4170,2093146,4369000
4556,187,211,152497,4146,2093357,4419800
4557,199,207,152298,4138,2093564,4494900
4558,197,212,152101,4123,2093776,4373600
4559,184,203,151917,4104,2093979,4410600
4560,228,215,151689,4117,2094194,4553400
4561,199,190,151490,4126,2094384,4441300
4562,222,226,151268,4122,2094610,4429900
4563,206,224,151062,4104,2094834,4373900
4564,209,225,150853,4088,2095059,4510600
4565,210,216,150643,4082,2095275,4321500
4566,211,201,150432,4092,2095476,4364200
4567,220,187,150212,4125,2095663,4479400
4568,187,204,150025,4108,2095867,4275300
4569,197,224,149828,4081,2096091,4311400
4570,202,205,149626,4078,2096296,4340100
4571,203,200,149423,4081,2096496,4575600
4572,189,193,149234,4077,2096689,4405500
4573,165,208,149069,4034,2096897,4428900
4574,170,190,148899,4014,2097087,4970200
4575,192,223,148707,3983,2097310,4590600
4576,178,216,148529,3945,2097526,4452100
4577,186,184,148343,3947,2097710,4480300
4578,196,220,148147,3923,2097930,4502200
4579,198,168,147949,3953,2098098,4290400
4580,176,190,147773,3939,2098288,4368800
4581,171,178,147602,3932,2098466,4367800
4582,168,191,147434,3909,2098657,4205100
4583,192,189,147242,3912,2098846,4205600
4584,198,167,147044,3943,2099013,4243800
4585,189,199,146855,3933,2099212,4451700
4586,183,203,146672,3913,2099415,4356000
4587,163,209,146509,3867,2099624,4205500
4588,197,197,146312,3867,2099821,4485300
4589,207,185,146105,3889,2100006,4302700
4590,195,200,145910,3884,2100206,4633200
4591,198,196,145712,3886,2100402,4509700
4592,205,204,145507,3887,2100606,4417200
4593,204,183,145303,3908,2100789,4272800
4594,183,197,145120,3894,2100986,4217100
4595,198,173,144922,3919,2101159,4414200
4596,200,212,144722,3907,2101371,4283100
4597,186,187,144536,3906,2101558,4198600
4598,212,175,144324,3943,2101733,4166400
4599,207,199,144117,3951,2101932,4695800
4600,216,200,143901,3967,2102132,4234300
4601,197,176,143704,3988,2102308,4154900
4602,205,198,143499,3995,2102506,4554800
4603,180,189,143319,3986,2102695,4594700
4604,187,196,143132,3977,2102891,4550400
4605,195,194,142937,3978,2103085,4609200
4606,199,198,142738,3979,2103283,5243200
4607,182,240,142556,3921,2103523,4686900
4608,192,175,142364,3938,2103698,4707800
4609,184,201,142180,3921,2103899,4674600
4610,217,194,141963,3944,2104093,4554500
4611,208,223,141755,3929,2104316,4463900
4612,202,216,141553,3915,2104532,4341900
4613,195,207,141358,3903,2104739,4230000
4614,195,192,141163,3906,2104931,4232900
4615,182,194,140981,3894,2105125,4162300
4616,189,162,140792,3921,2105287,4219500
4617,201,174,140591,3948,2105461,4281000
4618,174,192,140417,3930,2105653,4259000
4619,186,188,140231,3928,2105841,4231700
4620,176,191,140055,3913,2106032,4200200
4621,203,175,139852,3941,2106207,4230500
4622,191,196,139661,3936,2106403,4293900
4623,193,202,139468,3927,2106605,4360800
4624,193,177,139275,3943,2106782,5030100
4625,185,185,139090,3943,2106967,4548600
4626,196,198,138894,3941,2107165,4329600
4627,205,240,138689,3906,2107405,4249200
4628,196,207,138493,3895,2107612,4334700
4629,178,226,138315,3847,2107838,4252000
4630,170,198,138145,3819,2108036,4331000
4631,212,193,137933,3838,2108229,4195300
4632,157,180,137776,3815,2108409,4200400
4633,212,193,137564,3834,2108602,4243700
4634,196,194,137368,3836,2108796,4452400
4635,209,200,137159,3845,2108996,4318700
4636,191,207,136968,3829,2109203,4316700
4637,194,182,136774,3841,2109385,4492100
4638,183,180,136591,3844,2109565,4529900
4639,188,175,136403,3857,2109740,4310100
4640,199,176,136204,3880,2109916,4198200
4641,195,191,136009,3884,2110107,4422100
4642,187,202,135822,3869,2110309,4390100
4643,191,195,135631,3865,2110504,4210000
4644,185,194,135446,3856,2110698,4149700
4645,200,204,135246,3852,2110902,4316300
4646,197,177,135049,3872,2111079,4235300
4647,186,193,134863,3865,2111272,4214400
4648,186,184,134677,3867,2111456,4168600
4649,189,182,134488,3874,2111638,4623700
4650,164,193,134324,3845,2111831,4334100
4651,200,217,134124,3828,2112048,4354900
4652,208,189,133916,3847,2112237,4336900
4653,179,209,133737,3817,2112446,4486200
4654,214,189,133523,3842,2112635,4329600
4655,185,207,133338,3820,2112842,4270600
4656,205,187,133133,3838,2113029,4876500
4657,207,223,132926,3822,2113252,4721600
4658,194,191,132732,3825,2113443,4563500
4659,193,196,132539,3822,2113639,4278400
4660,178,190,132361,3810,2113829,4369400
4661,207,168,132154,3849,2113997,4237000
4662,175,187,131979,3837,2114184,4821800
4663,188,192,131791,3833,2114376,4497900
4664,204,179,131587,3858,2114555,4427000
4665,178,199,131409,3837,2114754,4353600
4666,195,201,131214,3831,2114955,4297900
4667,197,199,131017,3829,2115154,4494400
4668,183,203,130834,3809,2115357,4699900
4669,194,175,130640,3828,2115532,4349500
4670,188,189,130452,3827,2115721,4550000
4671,178,192,130274,3813,2115913,4329700
4672,185,203,130089,3795,2116116,4414500
4673,196,189,129893,3802,2116305,4516600
4674,194,198,129699,3798,2116503,4420600
4675,201,181,129498,3818,2116684,4219600
4676,180,199,129318,3799,2116883,4202000
4677,188,199,129130,3788,2117082,4260900
4678,205,195,128925,3798,2117277,4549000
4679,188,215,128737,3771,2117492,4257100
4680,206,191,128531,3786,2117683,4266600
4681,197,178,128334,3805,2117861,4663600
4682,198,212,128136,3791,2118073,4329700
4683,211,193,127925,3809,2118266,4565300
4684,206,202,127719,3813,2118468,4523900
4685,169,206,127550,3776,2118674,4255700
4686,205,181,127345,3800,2118855,4229600
4687,184,186,127161,3798,2119041,4304300
4688,168,177,126993,3789,2119218,4426200
4689,197,174,126796,3812,2119392,4270900
4690,185,207,126611,3790,2119599,4188000
4691,203,182,126408,3811,2119781,4566200
4692,199,173,126209,3837,2119954,4712900
4693,206,198,126003,3845,2120152,4498400
4694,202,208,125801,3839,2120360,4247900
4695,203,182,125598,3860,2120542,4414600
4696,188,192,125410,3856,2120734,4238900
4697,186,183,125224,3859,2120917,4383000
4698,177,200,125047,3836,2121117,4404900
4699,196,208,124851,3824,2121325,4249800
4700,211,184,124640,3851,2121509,4262600
4701,186,197,124454,3840,2121706,4519600
4702,188,193,124266,3835,2121899,4608300
4703,184,214,124082,3805,2122113,4340200
4704,161,172,123921,3794,2122285,4265500
4705,180,205,123741,3769,2122490,4240300
4706,194,204,123547,3759,2122694,4179500
4707,169,190,123378,3738,2122884,4153600
4708,190,199,123188,3729,2123083,4159100
4709,182,185,123006,3726,2123268,4490900
4710,213,207,122793,3732,2123475,4319900
4711,175,177,122618,3730,2123652,4233500
4712,172,183,122446,3719,2123835,4607600
4713,190,180,122256,3729,2124015,4337600
4714,202,174,122054,3757,2124189,4349900
4715,188,168,121866,3777,2124357,4331300
4716,218,192,121648,3803,2124549,4652900
4717,214,212,121434,3805,2124761,4347500
4718,204,200,121230,3809,2124961,4279600
4719,196,190,121034,3815,2125151,4234600
4720,233,178,120801,3870,2125329,4559300
4721,207,186,120594,3891,2125515,4601000
4722,214,201,120380,3904,2125716,4496500
4723,232,202,120148,3934,2125918,4601100
4724,215,198,119933,3951,2126116,4653600
4725,205,190,119728,3966,2126306,4544400
4726,204,182,119524,3988,2126488,4450600
4727,192,216,119332,3964,2126704,4265700
4728,202,209,119130,3957,2126913,4249600
4729,205,222,118925,3940,2127135,4325000
4730,202,195,118723,3947,2127330,4328100
4731,193,177,118530,3963,2127507,4245900
4732,190,191,118340,3962,2127698,4324600
4733,194,181,118146,3975,2127879,4255500
4734,194,193,117952,3976,2128072,4465000
4735,218,213,117734,3981,2128285,4356800
4736,183,203,117551,3961,2128488,4214500
4737,193,172,117358,3982,2128660,4365900
4738,188,198,117170,3972,2128858,4389900
4739,192,212,116978,3952,2129070,4272500
4740,169,170,116809,3951,2129240,4222700
4741,219,202,116590,3968,2129442,4498800
4742,205,181,116385,3992,2129623,4345200
4743,180,210,116205,3962,2129833,4932700
4744,169,181,116036,3950,2130014,4700200
4745,202,199,115834,3953,2130213,4403400
4746,185,187,115649,3951,2130400,4509100
4747,168,181,115481,3938,2130581,4325200
4748,205,201,115276,3942,2130782,4397700
4749,164,165,115112,3941,2130947,4149700
4750,186,204,114926,3923,2131151,4147500
4751,182,208,114744,3897,2131359,4212700
4752,197,193,114547,3901,2131552,4225700
4753,187,187,114360,3901,2131739,4163500
4754,178,197,114182,3882,2131936,4212700
4755,185,187,113997,3880,2132123,4550200
4756,174,223,113823,3831,2132346,4399200
4757,187,199,113636,3819,2132545,4214600
4758,200,189,113436,3830,2132734,4434700
4759,188,199,113248,3819,2132933,4518500
4760,185,201,113063,3803,2133134,4533000
4761,189,182,112874,3810,2133316,4307400
4762,187,205,112687,3792,2133521,4628500
4763,206,159,112481,3839,2133680,4276200
4764,191,220,112290,3810,2133900,4233900
4765,179,197,112111,3792,2134097,4706200
4766,177,172,111934,3797,2134269,4594900
4767,203,193,111731,3807,2134462,4415900
4768,168,203,111563,3772,2134665,4325400
4769,169,192,111394,3749,2134857,4328300
4770,183,194,111211,3738,2135051,4252600
4771,174,195,111037,3717,2135246,4209500
4772,167,159,110870,3725,2135405,4210900
4773,181,193,110689,3713,2135598,4439000
4774,179,182,110510,3710,2135780,4953100
4775,182,186,110328,3706,2135966,4323600
4776,191,202,110137,3695,2136168,4209600
4777,181,165,109956,3711,2136333,4174100
4778,173,188,109783,3696,2136521,4238200
4779,177,189,109606,3684,2136710,4302300
4780,189,194,109417,3679,2136904,4254200
4781,181,189,109236,3671,2137093,4280100
4782,177,170,109059,3678,2137263,4304900
4783,174,192,108885,3660,2137455,4567500
4784,186,199,108699,3647,2137654,4461100
4785,200,197,108499,3650,2137851,4259100
4786,182,178,108317,3654,2138029,4268500
4787,187,210,108130,3631,2138239,4503500
4788,174,196,107956,3609,2138435,4288400
4789,169,187,107787,3591,2138622,4440600
4790,172,163,107615,3600,2138785,4819700
4791,203,174,107412,3629,2138959,4398000
4792,169,171,107243,3627,2139130,4283000
4793,163,171,107080,3619,2139301,4310200
4794,176,180,106904,3615,2139481,4354700
4795,173,169,106731,3619,2139650,4599200
4796,165,173,106566,3611,2139823,4460300
4797,171,155,106395,3627,2139978,4455400
4798,181,185,106214,3623,2140163,4399600
4799,184,196,106030,3611,2140359,4220100
4800,172,177,105858,3606,2140536,4160400
4801,177,177,105681,3606,2140713,4184600
4802,185,184,105496,3607,2140897,4227200
4803,172,180,105324,3599,2141077,4234200
4804,185,176,105139,3608,2141253,4565400
4805,195,152,104944,3651,2141405,4447800
4806,190,180,104754,3661,2141585,4287900
4807,176,170,104578,3667,2141755,4165100
4808,167,165,104411,3669,2141920,4631200
4809,154,182,104257,3641,2142102,4254000
4810,170,180,104087,3631,2142282,4172300
4811,187,189,103900,3629,2142471,4578700
4812,172,165,103728,3636,2142636,4382100
4813,157,194,103571,3599,2142830,4786900
4814,167,156,103404,3610,2142986,4505200
4815,156,174,103248,3592,2143160,4537200
4816,148,185,103100,3555,2143345,4688800
4817,159,165,102941,3549,2143510,4437400
4818,161,160,102780,3550,2143670,4775000
4819,188,168,102592,3570,2143838,4616700
4820,160,176,102432,3554,2144014,4502200
4821,165,177,102267,3542,2144191,4561300
4822,154,154,102113,3542,2144345,4454500
4823,174,188,101939,3528,2144533,4331400
4824,156,171,101783,3513,2144704,4481800
4825,163,185,101620,3491,2144889,4346800
4826,172,174,101448,3489,2145063,4385600
4827,157,188,101291,3458,2145251,4409400
4828,162,166,101129,3454,2145417,4611500
4829,170,178,100959,3446,2145595,4785700
4830,183,152,100776,3477,2145747,5386500
4831,178,175,100598,3480,2145922,5131900
4832,191,157,100407,3514,2146079,4532100
4833,177,163,100230,3528,2146242,4479700
4834,181,180,100049,3529,2146422,4513500
4835,180,190,99869,3519,2146612,4728700
4836,195,192,99674,3522,2146804,4801000
4837,170,195,99504,3497,2146999,4430200
4838,172,160,99332,3509,2147159,4458700
4839,178,159,99154,3528,2147318,4480400
4840,189,189,98965,3528,2147507,4304000
4841,192,194,98773,3526,2147701,4271400
4842,179,175,98594,3530,2147876,4377300
4843,192,188,98402,3534,2148064,4417700
4844,162,175,98240,3521,2148239,4285100
4845,171,183,98069,3509,2148422,4470600
4846,185,188,97884,3506,2148610,4457400
4847,184,169,97700,3521,2148779,4382000
4848,165,180,97535,3506,2148959,4442600
4849,189,183,97346,3512,2149142,4498900
4850,169,165,97177,3516,2149307,4390300
4851,186,165,96991,3537,2149472,4296200
4852,188,161,96803,3564,2149633,4331500
4853,188,182,96615,3570,2149815,4561300
4854,185,211,96430,3544,2150026,4501500
4855,196,181,96234,3559,2150207,4350400
4856,196,174,96038,3581,2150381,4489900
4857,211,153,95827,3639,2150534,4408000
4858,195,187,95632,3647,2150721,4366500
4859,205,193,95427,3659,2150914,4380300
4860,177,166,95250,3670,2151080,4379100
4861,196,172,95054,3694,2151252,4361500
4862,179,184,94875,3689,2151436,4300200
4863,195,188,94680,3696,2151624,4585800
4864,203,188,94477,3711,2151812,4497800
4865,188,177,94289,3722,2151989,4647200
4866,181,165,94108,3738,2152154,4273100
4867,185,194,93923,3729,2152348,4257100
4868,190,178,93733,3741,2152526,4208900
4869,209,201,93524,3749,2152727,4145600
4870,205,174,93319,3780,2152901,4195000
4871,196,194,93123,3782,2153095,4431300
4872,185,198,92938,3769,2153293,4203000
4873,152,203,92786,3718,2153496,4220700
4874,168,190,92618,3696,2153686,4252200
4875,157,198,92461,3655,2153884,4336000
4876,156,181,92305,3630,2154065,4269100
4877,170,167,92135,3633,2154232,4361900
4878,163,176,91972,3620,2154408,4396000
4879,176,194,91796,3602,2154602,4412100
4880,199,178,91597,3623,2154780,4552000
4881,194,181,91403,3636,2154961,4330700
4882,189,207,91214,3618,2155168,4302300
4883,165,175,91049,3608,2155343,4290500
4884,145,178,90904,3575,2155521,4208300
4885,176,172,90728,3579,2155693,4721300
4886,185,183,90543,3581,2155876,4452200
4887,162,188,90381,3555,2156064,4403800
4888,172,188,90209,3539,2156252,4325800
4889,170,177,90039,3532,2156429,4417300
4890,160,176,89879,3516,2156605,4517600
4891,194,185,89685,3525,2156790,4336300
4892,190,190,89495,3525,2156980,4482500
4893,184,196,89311,3513,2157176,4534400
4894,202,162,89109,3553,2157338,4430100
4895,183,192,88926,3544,2157530,4461900
4896,199,186,88727,3557,2157716,4366600
4897,180,166,88547,3571,2157882,4304800
4898,180,171,88367,3580,2158053,4341900
4899,163,167,88204,3576,2158220,4295400
4900,184,194,88020,3566,2158414,4387000
4901,176,165,87844,3577,2158579,4282600
4902,166,188,87678,3555,2158767,4239500
4903,176,168,87502,3563,2158935,4248400
4904,197,195,87305,3565,2159130,4268000
4905,180,164,87125,3581,2159294,4191400
4906,177,181,86948,3577,2159475,4197700
4907,171,191,86777,3557,2159666,4230300
4908,162,168,86615,3551,2159834,4286900
4909,176,183,86439,3544,2160017,4336600
4910,168,194,86271,3518,2160211,4731700
4911,181,174,86090,3525,2160385,4320900
4912,155,156,85935,3524,2160541,4318300
4913,150,160,85785,3514,2160701,4222800
4914,178,172,85607,3520,2160873,4504500
4915,177,195,85430,3502,2161068,4393600
4916,183,170,85247,3515,2161238,4469100
4917,192,168,85055,3539,2161406,4800300
4918,186,196,84869,3529,2161602,4485800
4919,189,160,84680,3558,2161762,4315000
4920,181,189,84499,3550,2161951,4306100
4921,183,181,84316,3552,2162132,4466800
4922,179,167,84137,3564,2162299,4362000
4923,186,189,83951,3561,2162488,4243400
4924,188,171,83763,3578,2162659,4651700
4925,191,176,83572,3593,2162835,4557100
4926,179,174,83393,3598,2163009,4282400
4927,173,178,83220,3593,2163187,4312200
4928,183,172,83037,3604,2163359,4257000
4929,178,176,82859,3606,2163535,4268800
4930,180,178,82679,3608,2163713,4283400
4931,189,186,82490,3611,2163899,4543000
4932,169,189,82321,3591,2164088,4610500
4933,179,169,82142,3601,2164257,4325900
4934,181,173,81961,3609,2164430,4366400
4935,179,202,81782,3586,2164632,4192200
4936,160,169,81622,3577,2164801,4253500
4937,171,157,81451,3591,2164958,4218300
4938,160,160,81291,3591,2165118,4202300
4939,173,173,81118,3591,2165291,4349300
4940,160,155,80958,3596,2165446,4366300
4941,182,196,80776,3582,2165642,4273500
4942,175,166,80601,3591,2165808,4336600
4943,178,197,80423,3572,2166005,4257100
4944,176,172,80247,3576,2166177,4462400
4945,163,182,80084,3557,2166359,4356300
4946,154,192,79930,3519,2166551,4261300
4947,172,160,79758,3531,2166711,4513200
4948,189,175,79569,3545,2166886,4201200
4949,173,180,79396,3538,2167066,4632500
4950,168,181,79228,3525,2167247,4607300
4951,163,174,79065,3514,2167421,4483100
4952,168,203,78897,3479,2167624,4482000
4953,174,159,78723,3494,2167783,4864900
4954,161,167,78562,3488,2167950,4335300
4955,163,165,78399,3486,2168115,4383700
4956,161,189,78238,3458,2168304,4445900
4957,148,154,78090,3452,2168458,4372900
4958,170,151,77920,3471,2168609,4319400
4959,163,141,77757,3493,2168750,4311200
4960,173,184,77584,3482,2168934,4516500
4961,173,176,77411,3479,2169110,4945700
4962,169,185,77242,3463,2169295,4755600
4963,180,159,77062,3484,2169454,4841500
4964,180,184,76882,3480,2169638,5195900
4965,161,187,76721,3454,2169825,5227600
4966,168,193,76553,3429,2170018,5292800
4967,157,191,76396,3395,2170209,5356500
4968,148,172,76248,3371,2170381,4982800
4969,167,171,76081,3367,2170552,5312200
4970,149,149,75932,3367,2170701,5607600
4971,154,151,75778,3370,2170852,5160900
4972,179,156,75599,3393,2171008,4574500
4973,160,202,75439,3351,2171210,4305900
4974,179,172,75260,3358,2171382,4340000
4975,179,162,75081,3375,2171544,4230500
4976,180,158,74901,3397,2171702,4875000
4977,194,141,74707,3450,2171843,4334000
4978,166,165,74541,3451,2172008,4723100
4979,180,137,74361,3494,2172145,4656500
4980,155,187,74206,3462,2172332,4302400
4981,170,178,74036,3454,2172510,4202800
4982,157,163,73879,3448,2172673,4206300
4983,164,168,73715,3444,2172841,4441600
4984,186,178,73529,3452,2173019,4296300
4985,191,153,73338,3490,2173172,4282100
4986,193,182,73145,3501,2173354,4288400
4987,177,162,72968,3516,2173516,4198400
4988,195,176,72773,3535,2173692,4206800
4989,162,184,72611,3513,2173876,4216000
4990,163,182,72448,3494,2174058,4206900
4991,175,178,72273,3491,2174236,4216900
4992,188,182,72085,3497,2174418,4277300
4993,169,159,71916,3507,2174577,4535500
4994,175,189,71741,3493,2174766,4252100
4995,156,183,71585,3466,2174949,4412600
4996,168,195,71417,3439,2175144,4488900
4997,154,192,71263,3401,2175336,4539900
4998,152,140,71111,3413,2175476,4471800
4999,172,170,70939,3415,2175646,4406700
5000,155,189,70784,3381,2175835,4392700
5001,168,180,70616,3369,2176015,4345100
5002,139,170,70477,3338,2176185,4289300
5003,132,163,70345,3307,2176348,4362000
5004,137,174,70208,3270,2176522,4177100
5005,154,154,70054,3270,2176676,4181700
5006,135,169,69919,3236,2176845,4215900
5007,129,179,69790,3186,2177024,4343300
5008,140,156,69650,3170,2177180,4198600
5009,115,158,69535,3127,2177338,4203300
5010,159,159,69376,3127,2177497,4416900
5011,146,173,69230,3100,2177670,4636900
5012,139,143,69091,3096,2177813,4569200
5013,122,154,68969,3064,2177967,4604400
5014,141,157,68828,3048,2178124,4737900
5015,154,148,68674,3054,2178272,4137600
5016,132,164,68542,3022,2178436,4122400
5017,141,138,68401,3025,2178574,4202800
5018,169,157,68232,3037,2178731,4388700
5019,119,154,68113,3002,2178885,4240500
5020,143,149,67970,2996,2179034,4194900
5021,132,126,67838,3002,2179160,4378700
5022,129,152,67709,2979,2179312,4168300
5023,151,132,67558,2998,2179444,4144600
5024,112,125,67446,2985,2179569,4231800
5025,116,153,67330,2948,2179722,4337900
5026,129,162,67201,2915,2179884,4331300
5027,137,139,67064,2913,2180023,4258100
5028,139,162,66925,2890,2180185,4430600
5029,126,163,66799,2853,2180348,4371600
5030,137,144,66662,2846,2180492,4178300
5031,139,148,66523,2837,2180640,4181600
5032,135,146,66388,2826,2180786,4835600
5033,139,139,66249,2826,2180925,4208000
5034,124,160,66125,2790,2181085,4208300
5035,136,142,65989,2784,2181227,4197300
5036,94,136,65895,2742,2181363,4663700
5037,130,140,65765,2732,2181503,4222800
5038,108,140,65657,2700,2181643,4259700
5039,124,145,65533,2679,2181788,4365500
5040,117,145,65416,2651,2181933,4260100
5041,100,134,65316,2617,2182067,4311200
5042,109,139,65207,2587,2182206,4346700
5043,119,103,65088,2603,2182309,4546600
5044,129,119,64959,2613,2182428,4486400
5045,124,119,64835,2618,2182547,4355700
5046,130,135,64705,2613,2182682,4813600
5047,114,123,64591,2604,2182805,4328800
5048,128,116,64463,2616,2182921,4400900
5049,102,124,64361,2594,2183045,4295000
5050,121,155,64240,2560,2183200,4250100
5051,123,133,64117,2550,2183333,4210900
5052,137,107,63980,2580,2183440,4615300
5053,123,118,63857,2585,2183558,4662200
5054,97,139,63760,2543,2183697,4674600
5055,103,110,63657,2536,2183807,4412600
5056,112,128,63545,2520,2183935,4409400
5057,102,116,63443,2506,2184051,4403200
5058,98,136,63345,2468,2184187,4549700
5059,107,147,63238,2428,2184334,4905800
5060,106,106,63132,2428,2184440,4729100
5061,107,126,63025,2409,2184566,4649400
5062,117,104,62908,2422,2184670,4344700
5063,107,111,62801,2418,2184781,4210600
5064,122,108,62679,2432,2184889,4161300
5065,128,123,62551,2437,2185012,4147700
5066,114,129,62437,2422,2185141,4237400
5067,119,136,62318,2405,2185277,4333400
5068,115,112,62203,2408,2185389,4276100
5069,143,117,62060,2434,2185506,4165800
5070,110,111,61950,2433,2185617,4186500
5071,129,128,61821,2434,2185745,4237100
5072,121,120,61700,2435,2185865,4193200
5073,113,131,61587,2417,2185996,4826200
5074,109,102,61478,2424,2186098,4501100
5075,119,118,61359,2425,2186216,4418900
5076,111,125,61248,2411,2186341,4201700
5077,113,137,61135,2387,2186478,4641200
5078,124,113,61011,2398,2186591,4178200
5079,146,126,60865,2418,2186717,4264900
5080,122,130,60743,2410,2186847,4280900
5081,118,107,60625,2421,2186954,4444800
5082,110,117,60515,2414,2187071,4341300
5083,109,114,60406,2409,2187185,4362800
5084,103,130,60303,2382,2187315,4191100
5085,110,115,60193,2377,2187430,4468400
5086,115,103,60078,2389,2187533,4203300
5087,122,104,59956,2407,2187637,4163800
5088,112,119,59844,2400,2187756,4388100
5089,113,121,59731,2392,2187877,4463500
5090,105,113,59626,2384,2187990,4333500
5091,110,108,59516,2386,2188098,4225200
5092,130,114,59386,2402,2188212,4721500
5093,117,119,59269,2400,2188331,4463100
5094,121,116,59148,2405,2188447,4379900
5095,113,117,59035,2401,2188564,4655300
5096,107,113,58928,2395,2188677,4393000
5097,107,148,58821,2354,2188825,4390400
5098,110,112,58711,2352,2188937,4367100
5099,107,133,58604,2326,2189070,4402200
5100,86,102,58518,2310,2189172,4340600
5101,101,109,58417,2302,2189281,4322900
5102,115,116,58302,2301,2189397,4500200
5103,110,105,58192,2306,2189502,4555000
5104,93,113,58099,2286,2189615,4490200
5105,85,127,58014,2244,2189742,4526000
5106,78,116,57936,2206,2189858,4505900
5107,88,113,57848,2181,2189971,4356400
5108,99,100,57749,2180,2190071,4407900
5109,89,110,57660,2159,2190181,4759400
5110,83,100,57577,2142,2190281,4746000
5111,89,108,57488,2123,2190389,4609000
5112,85,118,57403,2090,2190507,4415300
5113,74,107,57329,2057,2190614,4431300
5114,63,115,57266,2005,2190729,4424000
5115,80,83,57186,2002,2190812,4256500
5116,88,114,57098,1976,2190926,4345400
5117,88,107,57010,1957,2191033,4652000
5118,71,98,56939,1930,2191131,4650000
5119,77,104,56862,1903,2191235,4447600
5120,77,82,56785,1898,2191317,4488900
5121,64,97,56721,1865,2191414,4418200
5122,68,99,56653,1834,2191513,4308700
5123,74,91,56579,1817,2191604,4364600
5124,80,89,56499,1808,2191693,4439000
5125,70,89,56429,1789,2191782,4359300
5126,74,95,56355,1768,2191877,4379200
5127,79,102,56276,1745,2191979,4402300
5128,70,81,56206,1734,2192060,4319700
5129,83,99,56123,1718,2192159,4264800
5130,85,107,56038,1696,2192266,4403600
5131,74,91,55964,1679,2192357,4336100
5132,87,89,55877,1677,2192446,4244400
5133,68,85,55809,1660,2192531,4464700
5134,75,80,55734,1655,2192611,4531700
5135,60,90,55674,1625,2192701,4445100
5136,72,74,55602,1623,2192775,4416200
5137,62,74,55540,1611,2192849,4304400
5138,72,70,55468,1613,2192919,4437300
5139,73,76,55395,1610,2192995,4309900
5140,77,84,55318,1603,2193079,4323200
5141,80,72,55238,1611,2193151,4399400
5142,77,85,55161,1603,2193236,4368300
5143,75,77,55086,1601,2193313,4363500
5144,91,76,54995,1616,2193389,4339700
5145,74,103,54921,1587,2193492,4311500
5146,70,91,54851,1566,2193583,4286700
5147,84,79,54767,1571,2193662,4184100
5148,73,79,54694,1565,2193741,4617800
5149,58,68,54636,1555,2193809,4448400
5150,69,74,54567,1550,2193883,4265800
5151,74,62,54493,1562,2193945,4157800
5152,76,86,54417,1552,2194031,4171300
5153,70,85,54347,1537,2194116,4319300
5154,63,82,54284,1518,2194198,4146800
5155,75,72,54209,1521,2194270,4168500
5156,76,71,54133,1526,2194341,4451000
5157,82,76,54051,1532,2194417,4397100
5158,68,65,53983,1535,2194482,4171500
5159,68,65,53915,1538,2194547,4200100
5160,74,73,53841,1539,2194620,4333400
5161,76,67,53765,1548,2194687,4187900
5162,63,84,53702,1527,2194771,4141100
5163,62,81,53640,1508,2194852,4241100
5164,68,67,53572,1509,2194919,4347900
5165,66,81,53506,1494,2195000,4302500
5166,74,66,53432,1502,2195066,4387900
5167,71,77,53361,1496,2195143,4300800
5168,73,73,53288,1496,2195216,4183700
5169,70,63,53218,1503,2195279,4202500
5170,62,78,53156,1487,2195357,4251800
5171,54,81,53102,1460,2195438,4349300
5172,64,62,53038,1462,2195500,4109100
5173,82,73,52956,1471,2195573,4286800
5174,75,69,52881,1477,2195642,4304900
5175,81,80,52800,1478,2195722,4237800
5176,59,69,52741,1468,2195791,4176200
5177,58,69,52683,1457,2195860,4477700
5178,63,77,52620,1443,2195937,4481500
5179,67,71,52553,1439,2196008,4428000
5180,61,85,52492,1415,2196093,4469200
5181,52,61,52440,1406,2196154,4580400
5182,61,75,52379,1392,2196229,4509000
5183,59,80,52320,1371,2196309,4405800
5184,65,74,52255,1362,2196383,4406700
5185,61,72,52194,1351,2196455,4313200
5186,63,62,52131,1352,2196517,4269600
5187,49,70,52082,1331,2196587,4282300
5188,53,74,52029,1310,2196661,4251300
5189,64,66,51965,1308,2196727,4224800
5190,61,59,51904,1310,2196786,4268800
5191,56,61,51848,1305,2196847,4300400
5192,84,79,51764,1310,2196926,4574800
5193,62,64,51702,1308,2196990,4495700
5194,63,54,51639,1317,2197044,4454900
5195,61,63,51578,1315,2197107,4513800
5196,65,65,51513,1315,2197172,4444400
5197,57,67,51456,1305,2197239,4430400
5198,59,59,51397,1305,2197298,4456900
5199,51,59,51346,1297,2197357,4607000
5200,68,61,51278,1304,2197418,4242000
5201,60,56,51218,1308,2197474,4226400
5202,70,69,51148,1309,2197543,4199500
5203,70,66,51078,1313,2197609,4424600
5204,60,49,51018,1324,2197658,4178900
5205,71,56,50947,1339,2197714,4233800
5206,61,76,50886,1324,2197790,4372200
5207,62,56,50824,1330,2197846,4252400
5208,72,76,50752,1326,2197922,4287100
5209,52,73,50700,1305,2197995,4387400
5210,59,67,50641,1297,2198062,4514400
5211,56,56,50585,1297,2198118,4444500
5212,59,60,50526,1296,2198178,4268700
5213,56,70,50470,1282,2198248,4478700
5214,59,58,50411,1283,2198306,4285100
5215,47,62,50364,1268,2198368,4500000
5216,50,59,50314,1259,2198427,4299400
5217,52,83,50262,1228,2198510,4381400
5218,60,70,50202,1218,2198580,4181100
5219,64,57,50138,1225,2198637,4236800
5220,54,75,50084,1204,2198712,4488000
5221,54,56,50030,1202,2198768,4300500
5222,45,58,49985,1189,2198826,4309000
5223,53,59,49932,1183,2198885,4384600
5224,49,67,49883,1165,2198952,4297000
5225,51,56,49832,1160,2199008,4252500
5226,50,43,49782,1167,2199051,4477600
5227,58,61,49724,1164,2199112,4306400
5228,41,50,49683,1155,2199162,4422400
5229,49,61,49634,1143,2199223,4274000
5230,67,51,49567,1159,2199274,4255500
5231,62,62,49505,1159,2199336,4543100
5232,55,61,49450,1153,2199397,4487800
5233,55,56,49395,1152,2199453,4237300
5234,63,66,49332,1149,2199519,4251100
5235,49,59,49283,1139,2199578,4332800
5236,45,53,49238,1131,2199631,4192100
5237,69,58,49169,1142,2199689,4151800
5238,52,49,49117,1145,2199738,4213100
5239,55,48,49062,1152,2199786,4277900
5240,55,65,49007,1142,2199851,4196300
5241,68,56,48939,1154,2199907,4259300
5242,53,69,48886,1138,2199976,4361100
5243,46,61,48840,1123,2200037,4258100
5244,49,70,48791,1102,2200107,4139100
5245,44,68,48747,1078,2200175,4187700
5246,54,39,48693,1093,2200214,4225800
5247,56,47,48637,1102,2200261,4306300
5248,55,63,48582,1094,2200324,4156800
5249,69,57,48513,1106,2200381,4672300
5250,52,59,48461,1099,2200440,4372600
5251,58,59,48403,1098,2200499,4173000
5252,53,50,48350,1101,2200549,4294000
5253,70,54,48280,1117,2200603,4270200
5254,42,46,48238,1113,2200649,4234900
5255,64,51,48174,1126,2200700,4147400
5256,67,56,48107,1137,2200756,4293900
5257,46,59,48061,1124,2200815,4366400
5258,59,58,48002,1125,2200873,4278100
5259,51,45,47951,1131,2200918,4352800
5260,67,54,47884,1144,2200972,4344000
5261,59,66,47825,1137,2201038,4445400
5262,64,46,47761,1155,2201084,4286000
5263,37,48,47724,1144,2201132,4522700
5264,64,68,47660,1140,2201200,4230400
5265,55,59,47605,1136,2201259,4349700
5266,59,49,47546,1146,2201308,4191600
5267,60,46,47486,1160,2201354,4271700
5268,63,55,47423,1168,2201409,4454200
5269,64,52,47359,1180,2201461,4256300
5270,70,50,47289,1200,2201511,4271000
5271,51,49,47238,1202,2201560,4379300
5272,57,54,47181,1205,2201614,4341200
5273,62,57,47119,1210,2201671,4523200
5274,66,63,47053,1213,2201734,4413800
5275,56,55,46997,1214,2201789,4385900
5276,52,58,46945,1208,2201847,4326400
5277,57,59,46888,1206,2201906,4255900
5278,58,49,46830,1215,2201955,4321600
5279,64,68,46766,1211,2202023,4214000
5280,57,82,46709,1186,2202105,4181500
5281,63,60,46646,1189,2202165,4238200
5282,55,64,46591,1180,2202229,4478500
5283,58,61,46533,1177,2202290,4456700
5284,47,54,46486,1170,2202344,4379400
5285,47,64,46439,1153,2202408,4384900
5286,57,64,46382,1146,2202472,4736800
5287,45,49,46337,1142,2202521,4826000
5288,53,51,46284,1144,2202572,4903800
5289,57,55,46227,1146,2202627,4535100
5290,63,52,46164,1157,2202679,4421300
5291,55,54,46109,1158,2202733,4454100
5292,56,62,46053,1152,2202795,4336200
5293,64,55,45989,1161,2202850,4169300
5294,65,57,45924,1169,2202907,4135900
5295,60,61,45864,1168,2202968,4342700
5296,59,65,45805,1162,2203033,4210400
5297,58,49,45747,1171,2203082,4165900
5298,54,64,45693,1161,2203146,4197900
5299,50,63,45643,1148,2203209,4213600
5300,52,50,45591,1150,2203259,4329100
5301,50,57,45541,1143,2203316,4227200
5302,45,55,45496,1133,2203371,4353100
5303,44,55,45452,1122,2203426,4535100
5304,43,51,45409,1114,2203477,4400600
5305,37,52,45372,1099,2203529,4169400
5306,47,56,45325,1090,2203585,4223500
5307,58,58,45267,1090,2203643,4247400
5308,53,61,45214,1082,2203704,4180100
5309,41,48,45173,1075,2203752,4363400
5310,46,53,45127,1068,2203805,4263800
5311,59,61,45068,1066,2203866,4246600
5312,43,41,45025,1068,2203907,4181500
5313,37,50,44988,1055,2203957,4136600
5314,53,49,44935,1059,2204006,4430900
5315,40,53,44895,1046,2204059,4383700
5316,50,59,44845,1037,2204118,4215200
5317,45,56,44800,1026,2204174,4293800
5318,33,56,44767,1003,2204230,4457500
5319,46,54,44721,995,2204284,4253100
5320,44,51,44677,988,2204335,4458900
5321,39,48,44638,979,2204383,4323000
5322,36,46,44602,969,2204429,4275800
5323,43,43,44559,969,2204472,4193300
5324,41,43,44518,967,2204515,4185800
5325,47,52,44471,962,2204567,4209400
5326,51,47,44420,966,2204614,4187500
5327,31,59,44389,938,2204673,4154000
5328,53,49,44336,942,2204722,4259300
5329,53,32,44283,963,2204754,4186200
5330,43,39,44240,967,2204793,4376400
5331,47,50,44193,964,2204843,4217900
5332,37,51,44156,950,2204894,4357500
5333,31,42,44125,939,2204936,4400400
5334,48,49,44077,938,2204985,4488200
5335,48,50,44029,936,2205035,4353200
5336,39,50,43990,925,2205085,4211200
5337,47,51,43943,921,2205136,4198100
5338,37,49,43906,909,2205185,4205800
5339,46,41,43860,914,2205226,4235000
5340,35,39,43825,910,2205265,4212200
5341,39,42,43786,907,2205307,4206700
5342,39,50,43747,896,2205357,4526400
5343,42,50,43705,888,2205407,4551400
5344,41,40,43664,889,2205447,4425600
5345,34,46,43630,877,2205493,4269300
5346,35,52,43595,860,2205545,4337100
5347,29,53,43566,836,2205598,4380800
5348,27,41,43539,822,2205639,4303100
5349,29,40,43510,811,2205679,4432700
5350,40,56,43470,795,2205735,4462100
5351,29,37,43441,787,2205772,4382300
5352,31,41,43410,777,2205813,4483800
5353,31,41,43379,767,2205854,4436000
5354,38,31,43341,774,2205885,4761000
5355,33,34,43308,773,2205919,4367600
5356,29,46,43279,756,2205965,4387100
5357,34,44,43245,746,2206009,4404800
5358,38,35,43207,749,2206044,4197800
5359,27,40,43180,736,2206084,4086100
5360,29,29,43151,736,2206113,4247200
5361,38,36,43113,738,2206149,4213000
5362,42,55,43071,725,2206204,4238100
5363,39,41,43032,723,2206245,4218700
5364,37,42,42995,718,2206287,4340100
5365,36,29,42959,725,2206316,4315300
5366,37,37,42922,725,2206353,4161100
5367,33,47,42889,711,2206400,4378900
5368,35,28,42854,718,2206428,4223500
5369,44,41,42810,721,2206469,4248300
5370,38,39,42772,720,2206508,4168200
5371,44,38,42728,726,2206546,4699900
5372,37,40,42691,723,2206586,4479100
5373,54,27,42637,750,2206613,4228100
5374,36,28,42601,758,2206641,4182700
5375,34,31,42567,761,2206672,4350900
5376,37,43,42530,755,2206715,4340700
5377,43,45,42487,753,2206760,4414300
5378,37,35,42450,755,2206795,4423100
5379,36,43,42414,748,2206838,4527800
5380,42,38,42372,752,2206876,4767100
5381,38,39,42334,751,2206915,4700800
5382,38,41,42296,748,2206956,5197300
5383,34,27,42262,755,2206983,4405800
5384,47,31,42215,771,2207014,4306100
5385,30,40,42185,761,2207054,4298700
5386,33,26,42152,768,2207080,4350800
5387,33,31,42119,770,2207111,4309500
5388,41,31,42078,780,2207142,4296800
5389,32,35,42046,777,2207177,4428000
5390,40,47,42006,770,2207224,4382400
5391,47,39,41959,778,2207263,4368000
5392,36,31,41923,783,2207294,4496800
5393,26,45,41897,764,2207339,4340600
5394,39,36,41858,767,2207375,4407700
5395,35,35,41823,767,2207410,4374400
5396,37,36,41786,768,2207446,4361900
5397,35,32,41751,771,2207478,4294500
5398,33,51,41718,753,2207529,4341000
5399,32,32,41686,753,2207561,4336200
5400,25,40,41661,738,2207601,4378600
5401,29,35,41632,732,2207636,4314900
5402,44,32,41588,744,2207668,4382800
5403,36,47,41552,733,2207715,4410600
5404,34,50,41518,717,2207765,4373800
5405,36,29,41482,724,2207794,4369000
5406,29,32,41453,721,2207826,4453000
5407,41,39,41412,723,2207865,4381800
5408,37,35,41375,725,2207900,4337900
5409,31,28,41344,728,2207928,4431900
5410,35,41,41309,722,2207969,4519500
5411,29,34,41280,717,2208003,4645800
5412,38,34,41242,721,2208037,4513700
5413,25,45,41217,701,2208082,4526800
5414,29,39,41188,691,2208121,4509000
5415,31,26,41157,696,2208147,4461100
5416,29,33,41128,692,2208180,4508200
5417,35,41,41093,686,2208221,4456100
5418,27,31,41066,682,2208252,4416900
5419,30,29,41036,683,2208281,4325800
5420,32,34,41004,681,2208315,4257000
5421,29,26,40975,684,2208341,4351500
5422,28,39,40947,673,2208380,4326700
5423,19,30,40928,662,2208410,4294900
5424,24,41,40904,645,2208451,4773200
5425,30,29,40874,646,2208480,4578300
5426,31,32,40843,645,2208512,4265100
5427,21,45,40822,621,2208557,4287600
5428,27,26,40795,622,2208583,4322900
5429,29,24,40766,627,2208607,4318200
5430,30,32,40736,625,2208639,4390700
5431,32,24,40704,633,2208663,4332400
5432,35,40,40669,628,2208703,4459700
5433,27,44,40642,611,2208747,4322000
5434,16,21,40626,606,2208768,4360000
5435,19,25,40607,600,2208793,4396900
5436,27,37,40580,590,2208830,4445100
5437,23,26,40557,587,2208856,4334300
5438,20,22,40537,585,2208878,4420100
5439,24,27,40513,582,2208905,4389000
5440,25,35,40488,572,2208940,4454600
5441,30,29,40458,573,2208969,4371300
5442,25,30,40433,568,2208999,4722400
5443,25,32,40408,561,2209031,4200700
5444,23,27,40385,557,2209058,4170100
5445,23,22,40362,558,2209080,4213600
5446,24,30,40338,552,2209110,4286600
5447,23,20,40315,555,2209130,4176300
5448,36,28,40279,563,2209158,4171200
5449,34,19,40245,578,2209177,4218300
5450,28,29,40217,577,2209206,4218000
5451,21,27,40196,571,2209233,4182200
5452,36,32,40160,575,2209265,4183300
5453,30,29,40130,576,2209294,4292000
5454,39,30,40091,585,2209324,4224400
5455,36,21,40055,600,2209345,4463100
5456,28,22,40027,606,2209367,4563800
5457,29,27,39998,608,2209394,4305400
5458,31,33,39967,606,2209427,4222400
5459,26,32,39941,600,2209459,4270500
5460,26,28,39915,598,2209487,4768400
5461,30,42,39885,586,2209529,4591700
5462,23,32,39862,577,2209561,4237000
5463,34,28,39828,583,2209589,4451800
5464,22,28,39806,577,2209617,4214300
5465,29,30,39777,576,2209647,4141200
5466,33,22,39744,587,2209669,4148900
5467,36,23,39708,600,2209692,4369900
5468,29,25,39679,604,2209717,4261700
5469,37,25,39642,616,2209742,4163800
5470,25,33,39617,608,2209775,4255300
5471,25,30,39592,603,2209805,4401000
5472,26,28,39566,601,2209833,4540600
5473,28,25,39538,604,2209858,4257800
5474,20,27,39518,597,2209885,4278900
5475,32,24,39486,605,2209909,4272000
5476,34,40,39452,599,2209949,4218000
5477,35,26,39417,608,2209975,4196100
5478,24,35,39393,597,2210010,4354800
5479,31,28,39362,600,2210038,4209500
5480,28,19,39334,609,2210057,4202000
5481,19,42,39315,586,2210099,4183700
5482,21,40,39294,567,2210139,4637700
5483,25,33,39269,559,2210172,4319500
5484,23,27,39246,555,2210199,4182300
5485,24,29,39222,550,2210228,4230100
5486,22,32,39200,540,2210260,4448300
5487,16,42,39184,514,2210302,4668200
5488,16,18,39168,512,2210320,4304200
5489,19,23,39149,508,2210343,4218100
5490,25,30,39124,503,2210373,4419600
5491,16,26,39108,493,2210399,4203700
5492,26,26,39082,493,2210425,4129800
5493,24,28,39058,489,2210453,4419100
5494,25,24,39033,490,2210477,4227600
5495,19,21,39014,488,2210498,4208100
5496,22,22,38992,488,2210520,4232700
5497,22,29,38970,481,2210549,4328900
5498,23,33,38947,471,2210582,4239400
5499,23,22,38924,472,2210604,4202200
5500,21,28,38903,465,2210632,4253000
5501,26,24,38877,467,2210656,4304900
5502,23,20,38854,470,2210676,4517700
5503,27,24,38827,473,2210700,4250100
5504,30,28,38797,475,2210728,4206200
5505,32,20,38765,487,2210748,4242600
5506,34,25,38731,496,2210773,4191800
5507,25,20,38706,501,2210793,4521800
5508,28,27,38678,502,2210820,4358500
5509,23,22,38655,503,2210842,4221400
5510,29,19,38626,513,2210861,4148000
5511,31,11,38595,533,2210872,4264400
5512,29,19,38566,543,2210891,4286100
5513,36,35,38530,544,2210926,4264600
5514,29,23,38501,550,2210949,4264900
5515,24,37,38477,537,2210986,4485300
5516,33,24,38444,546,2211010,4587300
5517,22,26,38422,542,2211036,4561500
5518,25,19,38397,548,2211055,4783400
5519,28,31,38369,545,2211086,4402900
5520,28,36,38341,537,2211122,4485500
5521,30,25,38311,542,2211147,4420300
5522,20,31,38291,531,2211178,4818200
5523,28,21,38263,538,2211199,4403000
5524,29,24,38234,543,2211223,4382300
5525,29,30,38205,542,2211253,4681800
5526,28,27,38177,543,2211280,4248600
5527,31,26,38146,548,2211306,4265300
5528,24,25,38122,547,2211331,4197200
5529,18,37,38104,528,2211368,4414400
5530,22,23,38082,527,2211391,4285800
5531,30,25,38052,532,2211416,4494500
5532,23,24,38029,531,2211440,4378900
5533,19,31,38010,519,2211471,4406300
5534,23,28,37987,514,2211499,4311900
5535,27,32,37960,509,2211531,4267100
5536,32,31,37928,510,2211562,4470800
5537,23,20,37905,513,2211582,4446700
5538,22,31,37883,504,2211613,4283600
5539,28,27,37855,505,2211640,4302200
5540,27,22,37828,510,2211662,4300700
5541,28,24,37800,514,2211686,4255400
5542,15,29,37785,500,2211715,4290000
5543,20,29,37765,491,2211744,4377700
5544,26,19,37739,498,2211763,4432700
5545,25,24,37714,499,2211787,4308900
5546,28,21,37686,506,2211808,4305100
5547,26,29,37660,503,2211837,4496200
5548,25,27,37635,501,2211864,4269900
5549,21,27,37614,495,2211891,4313400
5550,25,35,37589,485,2211926,4769900
5551,12,35,37577,462,2211961,4436100
5552,23,20,37554,465,2211981,4311100
5553,24,19,37530,470,2212000,4222200
5554,22,32,37508,460,2212032,4337200
5555,20,24,37488,456,2212056,4194800
5556,15,23,37473,448,2212079,4119400
5557,21,28,37452,441,2212107,4327800
5558,25,21,37427,445,2212128,4297200
5559,28,12,37399,461,2212140,4164500
5560,18,18,37381,461,2212158,4189100
5561,20,15,37361,466,2212173,4232000
5562,29,30,37332,465,2212203,4251200
5563,17,24,37315,458,2212227,4323700
5564,22,13,37293,467,2212240,4357700
5565,30,22,37263,475,2212262,4217800
5566,16,24,37247,467,2212286,4229900
5567,29,29,37218,467,2212315,4185800
5568,14,17,37204,464,2212332,4197300
5569,16,26,37188,454,2212358,4286700
5570,25,17,37163,462,2212375,4224200
5571,25,12,37138,475,2212387,4294200
5572,13,25,37125,463,2212412,4280400
5573,17,20,37108,460,2212432,4314200
5574,19,28,37089,451,2212460,4344500
5575,29,21,37060,459,2212481,4352200
5576,15,18,37045,456,2212499,4489400
5577,23,19,37022,460,2212518,4343700
5578,26,30,36996,456,2212548,4449800
5579,17,24,36979,449,2212572,4449600
5580,25,16,36954,458,2212588,4405900
5581,22,24,36932,456,2212612,4321300
5582,23,22,36909,457,2212634,4371500
5583,20,17,36889,460,2212651,4476600
5584,18,16,36871,462,2212667,4493700
5585,18,33,36853,447,2212700,4298100
5586,19,23,36834,443,2212723,4328000
5587,18,22,36816,439,2212745,4166400
5588,14,28,36802,425,2212773,4315700
5589,22,10,36780,437,2212783,4493400
5590,15,29,36765,423,2212812,4596700
5591,17,30,36748,410,2212842,4463500
5592,14,21,36734,403,2212863,4129000
5593,16,25,36718,394,2212888,4174500
5594,17,21,36701,390,2212909,4369000
5595,14,27,36687,377,2212936,4280800
5596,13,20,36674,370,2212956,4179700
5597,16,19,36658,367,2212975,4181800
5598,10,15,36648,362,2212990,4257800
5599,17,8,36631,371,2212998,4164700
5600,13,14,36618,370,2213012,4164000
5601,11,29,36607,352,2213041,4207600
5602,16,20,36591,348,2213061,4291200
5603,12,20,36579,340,2213081,4323800
5604,18,22,36561,336,2213103,4171600
5605,18,17,36543,337,2213120,4334900
5606,16,17,36527,336,2213137,4296300
5607,18,15,36509,339,2213152,4227600
5608,15,20,36494,334,2213172,4656200
5609,15,18,36479,331,2213190,4476100
5610,13,14,36466,330,2213204,4359300
5611,7,14,36459,323,2213218,4196600
5612,15,16,36444,322,2213234,4354900
5613,14,12,36430,324,2213246,4303100
5614,19,14,36411,329,2213260,4155800
5615,17,9,36394,337,2213269,4263600
5616,18,16,36376,339,2213285,4242400
5617,13,18,36363,334,2213303,4170800
5618,16,16,36347,334,2213319,4136400
5619,13,8,36334,339,2213327,4247300
5620,7,24,36327,322,2213351,4435400
5621,13,16,36314,319,2213367,4182600
5622,10,19,36304,310,2213386,4127900
5623,15,14,36289,311,2213400,4251800
5624,9,22,36280,298,2213422,4511200
5625,11,14,36269,295,2213436,4402000
5626,17,15,36252,297,2213451,4446000
5627,17,14,36235,300,2213465,4373400
5628,12,12,36223,300,2213477,4177700
5629,7,10,36216,297,2213487,4165200
5630,8,15,36208,290,2213502,4209300
5631,12,13,36196,289,2213515,4216500
5632,20,13,36176,296,2213528,4145300
5633,17,19,36159,294,2213547,4158000
5634,10,15,36149,289,2213562,4465200
5635,17,15,36132,291,2213577,4214900
5636,12,20,36120,283,2213597,4205400
5637,17,20,36103,280,2213617,4534600
5638,12,15,36091,277,2213632,4268300
5639,8,20,36083,265,2213652,4193100
5640,19,12,36064,272,2213664,4277700
5641,11,18,36053,265,2213682,4584200
5642,9,15,36044,259,2213697,4660200
5643,12,8,36032,263,2213705,4407500
5644,8,14,36024,257,2213719,4334000
5645,8,15,36016,250,2213734,4409900
5646,13,9,36003,254,2213743,4298200
5647,10,15,35993,249,2213758,4437400
5648,16,10,35977,255,2213768,4200200
5649,10,15,35967,250,2213783,4201600
5650,10,16,35957,244,2213799,4155100
5651,9,12,35948,241,2213811,4210100
5652,7,15,35941,233,2213826,4754200
5653,7,14,35934,226,2213840,4298100
5654,9,12,35925,223,2213852,4314300
5655,10,15,35915,218,2213867,4352400
5656,7,14,35908,211,2213881,4540800
5657,6,9,35902,208,2213890,4289500
5658,5,15,35897,198,2213905,4237700
5659,8,12,35889,194,2213917,4309100
5660,7,9,35882,192,2213926,4534700
5661,11,12,35871,191,2213938,4219700
5662,9,11,35862,189,2213949,4162000
5663,9,14,35853,184,2213963,4197600
5664,8,10,35845,182,2213973,4355500
5665,10,11,35835,181,2213984,4312600
5666,11,10,35824,182,2213994,4562300
5667,7,7,35817,182,2214001,4396600
5668,5,9,35812,178,2214010,4299200
5669,10,10,35802,178,2214020,4667900
5670,8,7,35794,179,2214027,4749900
5671,13,8,35781,184,2214035,5006400
5672,5,8,35776,181,2214043,4888400
5673,6,6,35770,181,2214049,4675200
5674,5,13,35765,173,2214062,4607100
5675,8,11,35757,170,2214073,4924500
5676,10,8,35747,172,2214081,4581400
5677,8,7,35739,173,2214088,4748800
5678,5,12,35734,166,2214100,4644000
5679,10,7,35724,169,2214107,4463900
5680,6,9,35718,166,2214116,4380800
5681,8,9,35710,165,2214125,4294800
5682,11,7,35699,169,2214132,4301200
5683,12,6,35687,175,2214138,4341800
5684,19,6,35668,188,2214144,4413600
5685,15,10,35653,193,2214154,4393300
5686,15,9,35638,199,2214163,4413400
5687,9,11,35629,197,2214174,4372300
5688,13,7,35616,203,2214181,4308400
5689,9,6,35607,206,2214187,4279800
5690,19,10,35588,215,2214197,4324200
5691,18,14,35570,219,2214211,4319000
5692,15,11,35555,223,2214222,4320700
5693,9,17,35546,215,2214239,4256000
5694,4,7,35542,212,2214246,4303700
5695,7,13,35535,206,2214259,4270900
5696,9,7,35526,208,2214266,4239900
5697,11,8,35515,211,2214274,4293300
5698,13,13,35502,211,2214287,4338300
5699,18,11,35484,218,2214298,4393700
5700,6,17,35478,207,2214315,4299400
5701,9,14,35469,202,2214329,4345700
5702,3,14,35466,191,2214343,4364800
5703,5,9,35461,187,2214352,4302500
5704,7,11,35454,183,2214363,4242900
5705,11,9,35443,185,2214372,4353600
5706,7,7,35436,185,2214379,4372400
5707,10,14,35426,181,2214393,4293400
5708,11,6,35415,186,2214399,4287500
5709,8,7,35407,187,2214406,4723200
5710,8,9,35399,186,2214415,4345800
5711,7,8,35392,185,2214423,4254000
5712,6,12,35386,179,2214435,4339200
5713,10,8,35376,181,2214443,4470800
5714,9,12,35367,178,2214455,4496800
5715,7,11,35360,174,2214466,4450500
5716,8,6,35352,176,2214472,4430000
5717,9,6,35343,179,2214478,4504100
5718,14,11,35329,182,2214489,4168100
5719,10,8,35319,184,2214497,4267900
5720,15,6,35304,193,2214503,4569900
5721,4,9,35300,188,2214512,4160000
5722,10,6,35290,192,2214518,4163000
5723,8,9,35282,191,2214527,4199000
5724,9,8,35273,192,2214535,4221400
5725,13,10,35260,195,2214545,4268300
5726,8,13,35252,190,2214558,4230000
5727,12,13,35240,189,2214571,4431500
5728,9,10,35231,188,2214581,4242900
5729,7,13,35224,182,2214594,4297700
5730,7,9,35217,180,2214603,4337400
5731,12,8,35205,184,2214611,4441800
5732,9,4,35196,189,2214615,4444000
5733,9,9,35187,189,2214624,4353700
5734,10,11,35177,188,2214635,4307300
5735,4,5,35173,187,2214640,4309900
5736,4,6,35169,185,2214646,4300400
5737,10,14,35159,181,2214660,4289000
5738,7,6,35152,182,2214666,4230300
5739,8,12,35144,178,2214678,4257100
5740,10,12,35134,176,2214690,4226500
5741,10,10,35124,176,2214700,4276600
5742,8,12,35116,172,2214712,4255400
5743,6,8,35110,170,2214720,4272400
5744,15,12,35095,173,2214732,4343300
5745,9,12,35086,170,2214744,5105600
5746,6,8,35080,168,2214752,5217200
5747,7,10,35073,165,2214762,5163500
5748,8,8,35065,165,2214770,4524400
5749,6,7,35059,164,2214777,4502800
5750,8,8,35051,164,2214785,4627100
5751,3,5,35048,162,2214790,4813600
5752,12,9,35036,165,2214799,5057300
5753,8,5,35028,168,2214804,4684800
5754,8,9,35020,167,2214813,4579500
5755,8,9,35012,166,2214822,4387700
5756,6,7,35006,165,2214829,4314400
5757,11,7,34995,169,2214836,4163100
5758,8,6,34987,171,2214842,4263500
5759,7,7,34980,171,2214849,4347900
5760,5,5,34975,171,2214854,4203300
5761,12,9,34963,174,2214863,4361000
5762,6,5,34957,175,2214868,4304600
5763,10,10,34947,175,2214878,4337500
5764,6,7,34941,174,2214885,4147500
5765,8,4,34933,178,2214889,4210000
5766,6,10,34927,174,2214899,4224500
5767,5,5,34922,174,2214904,4244500
5768,7,16,34915,165,2214920,4329000
5769,8,6,34907,167,2214926,4480500
5770,7,16,34900,158,2214942,4240000
5771,9,11,34891,156,2214953,4242200
5772,3,8,34888,151,2214961,4331100
5773,11,7,34877,155,2214968,4367900
5774,5,5,34872,155,2214973,4273500
5775,3,1,34869,157,2214974,4214800
5776,11,7,34858,161,2214981,4488900
5777,8,6,34850,163,2214987,4356000
5778,10,14,34840,159,2215001,4254100
5779,7,8,34833,158,2215009,4267700
5780,8,6,34825,160,2215015,4257400
5781,17,10,34808,167,2215025,4232500
5782,7,8,34801,166,2215033,4178800
5783,8,5,34793,169,2215038,4298600
5784,8,14,34785,163,2215052,4246300
5785,10,9,34775,164,2215061,4170800
5786,5,5,34770,164,2215066,4175800
5787,8,8,34762,164,2215074,4203600
5788,6,13,34756,157,2215087,4220200
5789,8,5,34748,160,2215092,4198300
5790,9,10,34739,159,2215102,4167500
5791,10,10,34729,159,2215112,4775500
5792,9,13,34720,155,2215125,4328000
5793,10,6,34710,159,2215131,4552600
5794,7,7,34703,159,2215138,4381000
5795,14,11,34689,162,2215149,4314300
5796,4,8,34685,158,2215157,4209100
5797,8,7,34677,159,2215164,4228800
5798,11,3,34666,167,2215167,4319400
5799,6,8,34660,165,2215175,4308700
5800,4,7,34656,162,2215182,4293100
5801,8,10,34648,160,2215192,4246700
5802,9,5,34639,164,2215197,4271800
5803,7,8,34632,163,2215205,4209400
5804,5,12,34627,156,2215217,4363500
5805,4,3,34623,157,2215220,4333800
5806,5,9,34618,153,2215229,4411900
5807,7,7,34611,153,2215236,4421100
5808,2,2,34609,153,2215238,4479400
5809,6,9,34603,150,2215247,4342700
5810,10,12,34593,148,2215259,4265700
5811,8,5,34585,151,2215264,4318900
5812,9,6,34576,154,2215270,4310400
5813,4,4,34572,154,2215274,4285500
5814,8,6,34564,156,2215280,4155200
5815,5,7,34559,154,2215287,4190800
5816,5,6,34554,153,2215293,4280300
5817,6,5,34548,154,2215298,4179100
5818,6,5,34542,155,2215303,4168600
5819,8,6,34534,157,2215309,4250300
5820,7,13,34527,151,2215322,4328100
5821,8,8,34519,151,2215330,4249200
5822,8,7,34511,152,2215337,4309900
5823,8,6,34503,154,2215343,4449000
5824,4,6,34499,152,2215349,4289400
5825,3,9,34496,146,2215358,4188500
5826,2,9,34494,139,2215367,4173100
5827,7,7,34487,139,2215374,4234600
5828,3,4,34484,138,2215378,4194100
5829,5,7,34479,136,2215385,4172400
5830,4,5,34475,135,2215390,4183900
5831,6,8,34469,133,2215398,4267500
5832,1,5,34468,129,2215403,4195000
5833,3,8,34465,124,2215411,4143900
5834,3,3,34462,124,2215414,4306700
5835,3,7,34459,120,2215421,4509300
5836,3,9,34456,114,2215430,4556000
5837,2,1,34454,115,2215431,4657200
5838,2,9,34452,108,2215440,4322000
5839,1,5,34451,104,2215445,4398700
5840,1,4,34450,101,2215449,4245000
5841,3,4,34447,100,2215453,4175800
5842,4,8,34443,96,2215461,4314000
5843,4,5,34439,95,2215466,4207500
5844,7,7,34432,95,2215473,4183800
5845,4,7,34428,92,2215480,4437300
5846,6,0,34422,98,2215480,4341800
5847,8,6,34414,100,2215486,4200700
5848,3,8,34411,95,2215494,4215800
5849,6,8,34405,93,2215502,4271600
5850,4,5,34401,92,2215507,4185200
5851,0,5,34401,87,2215512,4259100
5852,2,5,34399,84,2215517,4239700
5853,2,4,34397,82,2215521,4541800
5854,3,1,34394,84,2215522,4446600
5855,2,2,34392,84,2215524,4504200
5856,2,3,34390,83,2215527,4277300
5857,3,4,34387,82,2215531,4178600
5858,3,4,34384,81,2215535,4198200
5859,2,2,34382,81,2215537,4149900
5860,5,6,34377,80,2215543,4241500
5861,6,4,34371,82,2215547,4179700
5862,0,2,34371,80,2215549,4158200
5863,5,4,34366,81,2215553,4438700
5864,3,3,34363,81,2215556,4564000
5865,3,5,34360,79,2215561,4157800
5866,1,4,34359,76,2215565,4282300
5867,2,3,34357,75,2215568,4370900
5868,1,0,34356,76,2215568,4202700
5869,4,3,34352,77,2215571,4290500
5870,0,4,34352,73,2215575,4390800
5871,1,5,34351,69,2215580,4313600
5872,0,6,34351,63,2215586,4180700
5873,1,7,34350,57,2215593,4222500
5874,4,2,34346,59,2215595,4389600
5875,0,3,34346,56,2215598,4311700
5876,2,1,34344,57,2215599,4249300
5877,0,5,34344,52,2215604,4361000
5878,2,3,34342,51,2215607,4352700
5879,1,1,34341,51,2215608,4309700
5880,2,5,34339,48,2215613,4187000
5881,0,3,34339,45,2215616,4456800
5882,1,5,34338,41,2215621,4211400
5883,0,1,34338,40,2215622,4227100
5884,0,1,34338,39,2215623,4595000
5885,0,0,34338,39,2215623,4475300
5886,0,1,34338,38,2215624,4247100
5887,2,6,34336,34,2215630,4208800
5888,1,2,34335,33,2215632,4213800
5889,0,2,34335,31,2215634,4245900
5890,2,3,34333,30,2215637,4148800
5891,1,0,34332,31,2215637,4315700
5892,2,1,34330,32,2215638,4536300
5893,0,0,34330,32,2215638,4573500
5894,3,0,34327,35,2215638,4225200
5895,1,1,34326,35,2215639,4319400
5896,0,2,34326,33,2215641,4308000
5897,2,2,34324,33,2215643,4500700
5898,1,0,34323,34,2215643,4324700
5899,1,1,34322,34,2215644,4351900
5900,1,2,34321,33,2215646,4540600
5901,1,2,34320,32,2215648,4318900
5902,0,0,34320,32,2215648,4305200
5903,1,3,34319,30,2215651,4337100
5904,2,2,34317,30,2215653,4488400
5905,1,1,34316,30,2215654,4240200
5906,1,2,34315,29,2215656,4264700
5907,2,2,34313,29,2215658,4231600
5908,2,1,34311,30,2215659,4180900
5909,2,1,34309,31,2215660,4524900
5910,2,0,34307,33,2215660,5069400
5911,2,1,34305,34,2215661,4577700
5912,1,3,34304,32,2215664,4483900
5913,1,1,34303,32,2215665,4528300
5914,2,1,34301,33,2215666,4618500
5915,1,1,34300,33,2215667,4798500
5916,1,1,34299,33,2215668,4439700
5917,1,3,34298,31,2215671,4473700
5918,6,4,34292,33,2215675,4428600
5919,1,5,34291,29,2215680,4370500
5920,0,3,34291,26,2215683,4264500
5921,2,0,34289,28,2215683,4342000
5922,1,1,34288,28,2215684,4265600
5923,3,3,34285,28,2215687,4124100
5924,1,1,34284,28,2215688,4274800
5925,3,0,34281,31,2215688,4296900
5926,2,2,34279,31,2215690,4145500
5927,5,1,34274,35,2215691,4256600
5928,3,2,34271,36,2215693,4192800
5929,4,3,34267,37,2215696,4222100
5930,5,2,34262,40,2215698,4261600
5931,2,4,34260,38,2215702,4300700
5932,2,1,34258,39,2215703,4262700
5933,4,2,34254,41,2215705,4293100
5934,2,1,34252,42,2215706,4192500
5935,1,4,34251,39,2215710,4320800
5936,3,1,34248,41,2215711,4177400
5937,0,0,34248,41,2215711,4170300
5938,3,0,34245,44,2215711,4169300
5939,2,2,34243,44,2215713,4236200
5940,1,3,34242,42,2215716,4218300
5941,0,0,34242,42,2215716,4131500
5942,0,1,34242,41,2215717,4202000
5943,2,2,34240,41,2215719,4259800
5944,2,2,34238,41,2215721,4168600
5945,3,0,34235,44,2215721,4262600
5946,3,3,34232,44,2215724,4437500
5947,1,0,34231,45,2215724,4449600
5948,1,2,34230,44,2215726,4354800
5949,1,1,34229,44,2215727,4287100
5950,1,4,34228,41,2215731,4538200
5951,2,0,34226,43,2215731,4341100
5952,0,1,34226,42,2215732,4365500
5953,1,1,34225,42,2215733,4447300
5954,0,1,34225,41,2215734,4394000
5955,0,2,34225,39,2215736,4308500
5956,0,5,34225,34,2215741,4690300
5957,0,2,34225,32,2215743,4699600
5958,0,0,34225,32,2215743,4455200
5959,0,0,34225,32,2215743,4424300
5960,0,1,34225,31,2215744,4444900
5961,0,0,34225,31,2215744,4328800
5962,0,3,34225,28,2215747,4330000
5963,1,4,34224,25,2215751,4316800
5964,0,1,34224,24,2215752,4258400
5965,0,2,34224,22,2215754,4338700
5966,0,0,34224,22,2215754,4283500
5967,0,0,34224,22,2215754,4319800
5968,0,0,34224,22,2215754,4356100
5969,0,1,34224,21,2215755,4430100
5970,0,0,34224,21,2215755,4558900
5971,0,0,34224,21,2215755,4328500
5972,0,2,34224,19,2215757,4353300
5973,0,0,34224,19,2215757,4346100
5974,0,2,34224,17,2215759,4345700
5975,0,0,34224,17,2215759,4434500
5976,0,0,34224,17,2215759,4439300
5977,0,0,34224,17,2215759,4503100
5978,0,0,34224,17,2215759,4861900
5979,0,0,34224,17,2215759,4480400
5980,0,1,34224,16,2215760,4437600
5981,0,1,34224,15,2215761,4513500
5982,0,1,34224,14,2215762,4540500
5983,0,0,34224,14,2215762,4430600
5984,0,0,34224,14,2215762,4826600
5985,0,0,34224,14,2215762,4595100
5986,0,1,34224,13,2215763,4390400
5987,0,0,34224,13,2215763,4338400
5988,0,0,34224,13,2215763,4384400
5989,0,0,34224,13,2215763,4306000
5990,0,1,34224,12,2215764,4312500
5991,0,0,34224,12,2215764,4326200
5992,0,1,34224,11,2215765,4328000
5993,0,0,34224,11,2215765,4289300
5994,0,0,34224,11,2215765,4244800
5995,0,1,34224,10,2215766,4527400
5996,0,0,34224,10,2215766,4383800
5997,0,0,34224,10,2215766,4297400
5998,0,1,34224,9,2215767,4369100
5999,0,0,34224,9,2215767,4373400
6000,0,0,34224,9,2215767,4277100
6001,0,1,34224,8,2215768,4311800
6002,0,1,34224,7,2215769,4225900
6003,0,0,34224,7,2215769,4207000
6004,0,0,34224,7,2215769,4196100
6005,0,0,34224,7,2215769,4273600
6006,0,0,34224,7,2215769,4312000
6007,0,0,34224,7,2215769,4385500
6008,0,0,34224,7,2215769,4228700
6009,0,0,34224,7,2215769,4471900
6010,0,1,34224,6,2215770,4514000
6011,0,0,34224,6,2215770,4236600
6012,0,0,34224,6,2215770,4140900
6013,0,1,34224,5,2215771,4153400
6014,0,0,34224,5,2215771,4158800
6015,0,0,34224,5,2215771,4164500
6016,0,0,34224,5,2215771,4142600
6017,0,0,34224,5,2215771,4382500
6018,0,0,34224,5,2215771,4212700
6019,0,1,34224,4,2215772,4195600
6020,0,0,34224,4,2215772,4323600
6021,0,0,34224,4,2215772,4331800
6022,0,0,34224,4,2215772,4354400
6023,0,0,34224,4,2215772,4394200
6024,0,0,34224,4,2215772,4874600
6025,0,0,34224,4,2215772,4237000
6026,0,0,34224,4,2215772,4340700
6027,0,2,34224,2,2215774,4192400
6028,0,0,34224,2,2215774,4210000
6029,0,0,34224,2,2215774,4174100
6030,0,0,34224,2,2215774,4297300
6031,0,0,34224,2,2215774,4274100
6032,0,0,34224,2,2215774,4392900
6033,0,0,34224,2,2215774,4418800
6034,0,0,34224,2,2215774,4280000
6035,0,1,34224,1,2215775,4407700
6036,0,0,34224,1,2215775,4335200
6037,0,0,34224,1,2215775,4357600
6038,0,0,34224,1,2215775,4411800
6039,0,1,34224,0,2215776,4353300
