Tick,NewlyInfected,NewlyRecovered,TotalSusceptible,TotalInfected,TotalRecovered,StepTimeNanos
0,3,0,2249992,8,0,55023100
1,1,0,2249991,9,0,16710100
2,1,1,2249990,9,1,7676500
3,2,1,2249988,10,2,8278900
4,2,0,2249986,12,2,4420200
5,4,0,2249982,16,2,5131600
6,2,3,2249980,15,5,4509500
7,3,0,2249977,18,5,4578200
8,7,1,2249970,24,6,4560000
9,10,3,2249960,31,9,4528900
10,9,3,2249951,37,12,4541100
11,7,1,2249944,43,13,4778100
12,3,1,2249941,45,14,4692800
13,4,4,2249937,45,18,4731900
14,4,2,2249933,47,20,5001100
15,3,6,2249930,44,26,4654000
16,6,1,2249924,49,27,4561400
17,10,2,2249914,57,29,4521400
18,2,2,2249912,57,31,5103800
19,4,4,2249908,57,35,4543300
20,4,0,2249904,61,35,4604300
21,7,4,2249897,64,39,5010100
22,12,3,2249885,73,42,4983200
23,6,3,2249879,76,45,5165900
24,11,5,2249868,82,50,4624900
25,11,6,2249857,87,56,4566200
26,9,3,2249848,93,59,4633000
27,12,7,2249836,98,66,4480500
28,8,4,2249828,102,70,4517400
29,10,2,2249818,110,72,5038800
30,17,5,2249801,122,77,4504000
31,8,5,2249793,125,82,4455500
32,13,8,2249780,130,90,4858000
33,19,4,2249761,145,94,4614600
34,20,12,2249741,153,106,4509800
35,21,6,2249720,168,112,4441100
36,15,8,2249705,175,120,4487200
37,16,6,2249689,185,126,5085800
38,24,6,2249665,203,132,4799700
39,14,9,2249651,208,141,4667700
40,20,7,2249631,221,148,4817400
41,25,12,2249606,234,160,4955100
42,30,9,2249576,255,169,4804900
43,16,16,2249560,255,185,4939100
44,21,11,2249539,265,196,4812400
45,13,22,2249526,256,218,4908500
46,9,17,2249517,248,235,4500700
47,19,12,2249498,255,247,4540100
48,14,11,2249484,258,258,4389800
49,14,11,2249470,261,269,5065100
50,22,9,2249448,274,278,6891300
51,16,13,2249432,277,291,6843500
52,18,13,2249414,282,304,7484000
53,24,15,2249390,291,319,4884500
54,30,11,2249360,310,330,4443900
55,30,11,2249330,329,341,4374400
56,19,15,2249311,333,356,4325800
57,24,17,2249287,340,373,4443800
58,23,19,2249264,344,392,4447300
59,25,17,2249239,352,409,4330300
60,24,10,2249215,366,419,4332700
61,21,22,2249194,365,441,4441200
62,19,14,2249175,370,455,4542200
63,24,17,2249151,377,472,4727000
64,33,19,2249118,391,491,4437100
65,30,17,2249088,404,508,4476800
66,24,20,2249064,408,528,4392900
67,29,18,2249035,419,546,4330200
68,27,25,2249008,421,571,4239000
69,27,29,2248981,419,600,4857200
70,24,20,2248957,423,620,4499500
71,31,33,2248926,421,653,4455000
72,30,14,2248896,437,667,4401200
73,23,17,2248873,443,684,4364100
74,25,18,2248848,450,702,4416800
75,35,30,2248813,455,732,4855900
76,25,27,2248788,453,759,4526200
77,35,22,2248753,466,781,4559100
78,35,22,2248718,479,803,4582500
79,34,28,2248684,485,831,4922100
80,31,24,2248653,492,855,4676700
81,43,29,2248610,506,884,4621600
82,39,29,2248571,516,913,4258400
83,43,26,2248528,533,939,4569900
84,40,30,2248488,543,969,4337100
85,47,33,2248441,557,1002,4711300
86,36,25,2248405,568,1027,4411100
87,46,35,2248359,579,1062,4651500
88,42,27,2248317,594,1089,4633900
89,36,38,2248281,592,1127,4805900
90,46,34,2248235,604,1161,4545700
91,54,29,2248181,629,1190,4264700
92,39,32,2248142,636,1222,4244000
93,45,29,2248097,652,1251,4684800
94,41,31,2248056,662,1282,4486400
95,42,31,2248014,673,1313,4811800
96,45,32,2247969,686,1345,4564000
97,54,41,2247915,699,1386,4356000
98,38,37,2247877,700,1423,4372900
99,44,33,2247833,711,1456,4596100
100,41,33,2247792,719,1489,4713900
101,55,39,2247737,735,1528,4458900
102,56,27,2247681,764,1555,4880800
103,41,42,2247640,763,1597,4625700
104,59,44,2247581,778,1641,4647600
105,49,46,2247532,781,1687,4851800
106,68,49,2247464,800,1736,4697000
107,60,38,2247404,822,1774,4519500
108,64,42,2247340,844,1816,4931500
109,53,42,2247287,855,1858,4525000
110,59,36,2247228,878,1894,4445500
111,69,44,2247159,903,1938,4656200
112,60,53,2247099,910,1991,4259600
113,58,56,2247041,912,2047,4268100
114,57,57,2246984,912,2104,4167400
115,57,33,2246927,936,2137,4603600
116,43,34,2246884,945,2171,4601800
117,48,39,2246836,954,2210,4820800
118,65,50,2246771,969,2260,4270500
119,60,42,2246711,987,2302,4689100
120,48,44,2246663,991,2346,4407800
121,66,51,2246597,1006,2397,4461500
122,54,47,2246543,1013,2444,4534600
123,59,48,2246484,1024,2492,5181800
124,72,54,2246412,1042,2546,4557400
125,73,66,2246339,1049,2612,4893800
126,56,53,2246283,1052,2665,4392200
127,60,61,2246223,1051,2726,4549300
128,67,56,2246156,1062,2782,4600900
129,67,47,2246089,1082,2829,4461000
130,54,66,2246035,1070,2895,4421100
131,61,56,2245974,1075,2951,4548500
132,61,54,2245913,1082,3005,4761300
133,74,66,2245839,1090,3071,4603200
134,62,66,2245777,1086,3137,4426300
135,64,39,2245713,1111,3176,4364200
136,52,41,2245661,1122,3217,4771000
137,62,49,2245599,1135,3266,4567300
138,81,52,2245518,1164,3318,4687100
139,65,59,2245453,1170,3377,4516500
140,62,55,2245391,1177,3432,4454300
141,65,63,2245326,1179,3495,4353100
142,85,61,2245241,1203,3556,4426400
143,78,50,2245163,1231,3606,4420200
144,65,54,2245098,1242,3660,4449100
145,72,61,2245026,1253,3721,4846200
146,66,60,2244960,1259,3781,4261800
147,72,72,2244888,1259,3853,4495700
148,69,68,2244819,1260,3921,4442800
149,76,61,2244743,1275,3982,4435600
150,70,62,2244673,1283,4044,4909800
151,74,58,2244599,1299,4102,4745500
152,80,67,2244519,1312,4169,4471600
153,85,63,2244434,1334,4232,4246600
154,84,78,2244350,1340,4310,4497000
155,88,73,2244262,1355,4383,4456000
156,75,55,2244187,1375,4438,4418100
157,95,70,2244092,1400,4508,4393600
158,84,70,2244008,1414,4578,4769900
159,82,66,2243926,1430,4644,4412000
160,83,68,2243843,1445,4712,4399100
161,105,77,2243738,1473,4789,4721700
162,94,69,2243644,1498,4858,4544000
163,103,75,2243541,1526,4933,4311300
164,102,85,2243439,1543,5018,4524900
165,93,68,2243346,1568,5086,4592000
166,86,84,2243260,1570,5170,4452800
167,109,72,2243151,1607,5242,4412500
168,86,63,2243065,1630,5305,4503500
169,87,81,2242978,1636,5386,4593000
170,98,91,2242880,1643,5477,4550200
171,100,76,2242780,1667,5553,4987300
172,87,78,2242693,1676,5631,4629300
173,102,75,2242591,1703,5706,4379400
174,93,85,2242498,1711,5791,4524100
175,94,80,2242404,1725,5871,4535700
176,103,99,2242301,1729,5970,4259100
177,107,84,2242194,1752,6054,4460600
178,87,57,2242107,1782,6111,4280000
179,108,95,2241999,1795,6206,4765300
180,99,98,2241900,1796,6304,4626600
181,102,97,2241798,1801,6401,4610200
182,92,71,2241706,1822,6472,4992700
183,125,105,2241581,1842,6577,4324800
184,95,85,2241486,1852,6662,4584800
185,104,88,2241382,1868,6750,5013300
186,109,86,2241273,1891,6836,4510700
187,102,101,2241171,1892,6937,4433900
188,118,84,2241053,1926,7021,4531200
189,111,119,2240942,1918,7140,4490700
190,114,109,2240828,1923,7249,4398300
191,136,85,2240692,1974,7334,4779100
192,112,112,2240580,1974,7446,4583800
193,116,118,2240464,1972,7564,4351700
194,112,87,2240352,1997,7651,4477200
195,125,94,2240227,2028,7745,4351200
196,136,103,2240091,2061,7848,4298500
197,111,117,2239980,2055,7965,4723800
198,136,112,2239844,2079,8077,4470800
199,106,97,2239738,2088,8174,4607000
200,139,121,2239599,2106,8295,5013500
201,140,116,2239459,2130,8411,4876200
202,111,108,2239348,2133,8519,4931600
203,118,126,2239230,2125,8645,4458900
204,108,112,2239122,2121,8757,4618700
205,116,99,2239006,2138,8856,5011200
206,139,100,2238867,2177,8956,4503400
207,119,118,2238748,2178,9074,4479400
208,131,122,2238617,2187,9196,4625300
209,122,100,2238495,2209,9296,4474500
210,131,112,2238364,2228,9408,5092400
211,129,129,2238235,2228,9537,4575000
212,131,124,2238104,2235,9661,4690800
213,135,103,2237969,2267,9764,4518300
214,132,116,2237837,2283,9880,4635000
215,132,108,2237705,2307,9988,4452000
216,145,104,2237560,2348,10092,4432100
217,136,128,2237424,2356,10220,4567000
218,140,128,2237284,2368,10348,4445700
219,130,115,2237154,2383,10463,4411900
220,130,117,2237024,2396,10580,4405700
221,137,114,2236887,2419,10694,4447600
222,150,120,2236737,2449,10814,4768100
223,140,132,2236597,2457,10946,4601600
224,157,101,2236440,2513,11047,4659500
225,137,133,2236303,2517,11180,4683200
226,141,122,2236162,2536,11302,4765100
227,146,142,2236016,2540,11444,4442900
228,147,140,2235869,2547,11584,4555900
229,127,142,2235742,2532,11726,4870500
230,122,136,2235620,2518,11862,4568300
231,131,132,2235489,2517,11994,4497000
232,152,123,2235337,2546,12117,4719700
233,131,133,2235206,2544,12250,4522600
234,129,112,2235077,2561,12362,5018500
235,142,123,2234935,2580,12485,4799000
236,148,151,2234787,2577,12636,4543500
237,145,135,2234642,2587,12771,4963600
238,117,148,2234525,2556,12919,4516700
239,127,121,2234398,2562,13040,4724000
240,129,124,2234269,2567,13164,4463600
241,129,115,2234140,2581,13279,4614900
242,145,131,2233995,2595,13410,4824400
243,166,121,2233829,2640,13531,4606400
244,131,131,2233698,2640,13662,4371200
245,148,145,2233550,2643,13807,4386200
246,151,115,2233399,2679,13922,4401600
247,146,124,2233253,2701,14046,4887900
248,137,138,2233116,2700,14184,4550500
249,138,137,2232978,2701,14321,4401700
250,143,152,2232835,2692,14473,4505800
251,145,123,2232690,2714,14596,4326500
252,154,127,2232536,2741,14723,4565800
253,152,138,2232384,2755,14861,4490900
254,134,153,2232250,2736,15014,4590100
255,152,144,2232098,2744,15158,4813600
256,169,132,2231929,2781,15290,4759600
257,176,142,2231753,2815,15432,4517000
258,155,157,2231598,2813,15589,4556800
259,153,128,2231445,2838,15717,4346800
260,181,135,2231264,2884,15852,4637900
261,180,140,2231084,2924,15992,4383100
262,173,165,2230911,2932,16157,4454500
263,198,151,2230713,2979,16308,4987000
264,163,161,2230550,2981,16469,4278000
265,170,146,2230380,3005,16615,4604800
266,165,149,2230215,3021,16764,4279500
267,164,144,2230051,3041,16908,4533400
268,191,134,2229860,3098,17042,4558700
269,165,146,2229695,3117,17188,4325800
270,167,158,2229528,3126,17346,4580200
271,168,161,2229360,3133,17507,4435800
272,170,172,2229190,3131,17679,4454700
273,165,145,2229025,3151,17824,4365800
274,175,148,2228850,3178,17972,4536000
275,187,175,2228663,3190,18147,4812200
276,165,153,2228498,3202,18300,4694500
277,174,162,2228324,3214,18462,4753800
278,163,149,2228161,3228,18611,4995700
279,161,155,2228000,3234,18766,4670300
280,154,151,2227846,3237,18917,4526800
281,207,172,2227639,3272,19089,4588300
282,182,157,2227457,3297,19246,4395400
283,195,160,2227262,3332,19406,4614000
284,186,175,2227076,3343,19581,4467200
285,179,166,2226897,3356,19747,4490900
286,175,181,2226722,3350,19928,4444200
287,175,177,2226547,3348,20105,4502300
288,188,173,2226359,3363,20278,4414600
289,174,183,2226185,3354,20461,5167700
290,165,180,2226020,3339,20641,4550100
291,160,182,2225860,3317,20823,4683200
292,192,161,2225668,3348,20984,4505700
293,185,163,2225483,3370,21147,4732000
294,172,195,2225311,3347,21342,4928000
295,179,179,2225132,3347,21521,4442600
296,184,146,2224948,3385,21667,5080600
297,187,159,2224761,3413,21826,4549600
298,183,163,2224578,3433,21989,4439600
299,185,178,2224393,3440,22167,4534300
300,165,164,2224228,3441,22331,4599000
301,184,192,2224044,3433,22523,4409700
302,193,169,2223851,3457,22692,4488300
303,172,176,2223679,3453,22868,4524900
304,179,138,2223500,3494,23006,4592500
305,190,171,2223310,3513,23177,4746500
306,193,184,2223117,3522,23361,4602700
307,158,189,2222959,3491,23550,4598900
308,150,190,2222809,3451,23740,4614300
309,201,185,2222608,3467,23925,5159600
310,179,176,2222429,3470,24101,4533400
311,188,185,2222241,3473,24286,4852000
312,187,147,2222054,3513,24433,4525400
313,201,170,2221853,3544,24603,4294900
314,188,193,2221665,3539,24796,4312700
315,194,175,2221471,3558,24971,4647100
316,188,178,2221283,3568,25149,4678800
317,217,170,2221066,3615,25319,4779900
318,207,181,2220859,3641,25500,4518500
319,209,185,2220650,3665,25685,4835600
320,217,173,2220433,3709,25858,4844400
321,204,168,2220229,3745,26026,4645300
322,219,198,2220010,3766,26224,5048500
323,209,199,2219801,3776,26423,4837500
324,225,176,2219576,3825,26599,4662300
325,194,165,2219382,3854,26764,4516200
326,217,190,2219165,3881,26954,4563900
327,186,200,2218979,3867,27154,4424400
328,198,178,2218781,3887,27332,4775400
329,193,202,2218588,3878,27534,4694500
330,192,192,2218396,3878,27726,4872700
331,190,202,2218206,3866,27928,4988100
332,216,190,2217990,3892,28118,4983200
333,189,172,2217801,3909,28290,4358500
334,188,195,2217613,3902,28485,4427500
335,193,187,2217420,3908,28672,4704300
336,181,201,2217239,3888,28873,4709600
337,198,212,2217041,3874,29085,4547100
338,207,185,2216834,3896,29270,4301900
339,192,182,2216642,3906,29452,4751400
340,206,206,2216436,3906,29658,4545500
341,193,213,2216243,3886,29871,4380000
342,202,174,2216041,3914,30045,4935200
343,211,169,2215830,3956,30214,4857900
344,204,203,2215626,3957,30417,4725300
345,208,190,2215418,3975,30607,5100900
346,205,221,2215213,3959,30828,4638400
347,219,201,2214994,3977,31029,4580600
348,188,202,2214806,3963,31231,4452300
349,196,218,2214610,3941,31449,4507600
350,218,186,2214392,3973,31635,4545300
351,204,189,2214188,3988,31824,4359800
352,181,198,2214007,3971,32022,4588900
353,209,204,2213798,3976,32226,4348200
354,191,197,2213607,3970,32423,4631800
355,196,203,2213411,3963,32626,4577500
356,204,195,2213207,3972,32821,4730900
357,185,199,2213022,3958,33020,4678200
358,226,188,2212796,3996,33208,4706500
359,195,199,2212601,3992,33407,4712500
360,214,205,2212387,4001,33612,4981500
361,222,189,2212165,4034,33801,4679300
362,235,190,2211930,4079,33991,4596000
363,234,210,2211696,4103,34201,4641000
364,218,203,2211478,4118,34404,4789300
365,213,226,2211265,4105,34630,4528000
366,227,220,2211038,4112,34850,4728300
367,216,186,2210822,4142,35036,4634200
368,226,206,2210596,4162,35242,4565200
369,227,212,2210369,4177,35454,4481600
370,207,255,2210162,4129,35709,4434300
371,208,209,2209954,4128,35918,4346800
372,214,187,2209740,4155,36105,4381900
373,223,221,2209517,4157,36326,4735800
374,228,217,2209289,4168,36543,4737500
375,224,222,2209065,4170,36765,4654600
376,240,189,2208825,4221,36954,4519400
377,200,205,2208625,4216,37159,4472800
378,217,206,2208408,4227,37365,4464400
379,222,221,2208186,4228,37586,4821000
380,221,212,2207965,4237,37798,4929900
381,245,184,2207720,4298,37982,4496800
382,237,205,2207483,4330,38187,4466800
383,229,230,2207254,4329,38417,4641800
384,241,219,2207013,4351,38636,4316400
385,227,209,2206786,4369,38845,4752200
386,244,207,2206542,4406,39052,4389400
387,238,212,2206304,4432,39264,4452700
388,215,229,2206089,4418,39493,4468200
389,225,244,2205864,4399,39737,5058500
390,214,235,2205650,4378,39972,4593800
391,218,209,2205432,4387,40181,4715200
392,236,231,2205196,4392,40412,4562600
393,241,237,2204955,4396,40649,4552800
394,248,192,2204707,4452,40841,4797400
395,236,212,2204471,4476,41053,4359800
396,244,234,2204227,4486,41287,4510300
397,229,251,2203998,4464,41538,4932000
398,247,220,2203751,4491,41758,4815200
399,257,227,2203494,4521,41985,4614100
400,241,227,2203253,4535,42212,4646700
401,245,223,2203008,4557,42435,4561200
402,254,204,2202754,4607,42639,4798700
403,270,240,2202484,4637,42879,5033900
404,282,254,2202202,4665,43133,4765900
405,266,216,2201936,4715,43349,4544400
406,251,230,2201685,4736,43579,4916600
407,273,275,2201412,4734,43854,4770800
408,251,258,2201161,4727,44112,4746000
409,246,235,2200915,4738,44347,4579300
410,267,238,2200648,4767,44585,4845700
411,268,242,2200380,4793,44827,4478700
412,226,250,2200154,4769,45077,4735800
413,243,234,2199911,4778,45311,4725300
414,258,265,2199653,4771,45576,4586500
415,240,215,2199413,4796,45791,4872100
416,274,248,2199139,4822,46039,4433300
417,213,241,2198926,4794,46280,4589200
418,251,238,2198675,4807,46518,4650400
419,259,251,2198416,4815,46769,4557700
420,246,227,2198170,4834,46996,4483600
421,251,247,2197919,4838,47243,4418700
422,230,241,2197689,4827,47484,4456900
423,237,234,2197452,4830,47718,4534100
424,262,247,2197190,4845,47965,4419300
425,263,220,2196927,4888,48185,4460600
426,247,235,2196680,4900,48420,4631900
427,230,238,2196450,4892,48658,4669900
428,261,248,2196189,4905,48906,4662700
429,276,232,2195913,4949,49138,4661200
430,240,258,2195673,4931,49396,4614800
431,251,239,2195422,4943,49635,4537900
432,266,272,2195156,4937,49907,4716400
433,251,218,2194905,4970,50125,4782100
434,256,226,2194649,5000,50351,4510800
435,269,270,2194380,4999,50621,4479000
436,273,258,2194107,5014,50879,4909700
437,269,253,2193838,5030,51132,4497700
438,281,265,2193557,5046,51397,4570600
439,291,264,2193266,5073,51661,4689200
440,294,261,2192972,5106,51922,4700800
441,266,268,2192706,5104,52190,4579300
442,279,278,2192427,5105,52468,4459500
443,263,264,2192164,5104,52732,4887700
444,286,267,2191878,5123,52999,4600100
445,303,255,2191575,5171,53254,4618300
446,267,281,2191308,5157,53535,4628400
447,288,240,2191020,5205,53775,4470800
448,263,287,2190757,5181,54062,4705800
449,275,268,2190482,5188,54330,4646800
450,283,261,2190199,5210,54591,4672900
451,277,262,2189922,5225,54853,4938700
452,284,257,2189638,5252,55110,4649600
453,290,243,2189348,5299,55353,5234200
454,296,249,2189052,5346,55602,4649000
455,318,263,2188734,5401,55865,4768200
456,290,260,2188444,5431,56125,4708900
457,273,269,2188171,5435,56394,4498900
458,315,306,2187856,5444,56700,4404800
459,275,271,2187581,5448,56971,4595700
460,280,314,2187301,5414,57285,4614600
461,257,255,2187044,5416,57540,4613900
462,282,310,2186762,5388,57850,4714200
463,279,260,2186483,5407,58110,4391300
464,284,258,2186199,5433,58368,4397800
465,283,294,2185916,5422,58662,4653100
466,297,243,2185619,5476,58905,4481900
467,335,295,2185284,5516,59200,4567100
468,318,276,2184966,5558,59476,4671200
469,327,260,2184639,5625,59736,4403200
470,296,305,2184343,5616,60041,4628300
471,293,273,2184050,5636,60314,4708000
472,319,254,2183731,5701,60568,4428900
473,295,300,2183436,5696,60868,4544000
474,280,285,2183156,5691,61153,4395400
475,307,273,2182849,5725,61426,4798400
476,290,282,2182559,5733,61708,4481400
477,299,275,2182260,5757,61983,4891800
478,272,256,2181988,5773,62239,4661200
479,302,304,2181686,5771,62543,4997200
480,303,287,2181383,5787,62830,4561500
481,307,300,2181076,5794,63130,4400700
482,300,289,2180776,5805,63419,4566500
483,305,285,2180471,5825,63704,4500400
484,309,299,2180162,5835,64003,4624900
485,310,308,2179852,5837,64311,4554100
486,301,298,2179551,5840,64609,4392800
487,285,279,2179266,5846,64888,4657200
488,281,309,2178985,5818,65197,4248300
489,299,318,2178686,5799,65515,4403500
490,351,269,2178335,5881,65784,4482100
491,301,306,2178034,5876,66090,4333200
492,325,271,2177709,5930,66361,4772800
493,302,303,2177407,5929,66664,4823200
494,327,279,2177080,5977,66943,4442000
495,316,298,2176764,5995,67241,5149500
496,325,294,2176439,6026,67535,4450000
497,314,285,2176125,6055,67820,4825100
498,302,324,2175823,6033,68144,4577900
499,299,296,2175524,6036,68440,4724400
500,296,313,2175228,6019,68753,4341000
501,299,294,2174929,6024,69047,4411300
502,307,296,2174622,6035,69343,4818800
503,341,292,2174281,6084,69635,4686000
504,321,284,2173960,6121,69919,4426400
505,333,302,2173627,6152,70221,4703200
506,302,271,2173325,6183,70492,4726000
507,313,292,2173012,6204,70784,4486800
508,336,370,2172676,6170,71154,4355400
509,357,354,2172319,6173,71508,4632500
510,306,299,2172013,6180,71807,4381900
511,295,306,2171718,6169,72113,4416800
512,313,306,2171405,6176,72419,4368500
513,291,305,2171114,6162,72724,4587300
514,321,306,2170793,6177,73030,4439100
515,309,354,2170484,6132,73384,4703200
516,286,322,2170198,6096,73706,4836100
517,301,310,2169897,6087,74016,4688700
518,293,273,2169604,6107,74289,5144800
519,288,322,2169316,6073,74611,4387800
520,296,288,2169020,6081,74899,4718000
521,280,274,2168740,6087,75173,4854700
522,305,285,2168435,6107,75458,4797900
523,317,292,2168118,6132,75750,4622800
524,318,315,2167800,6135,76065,4658400
525,324,303,2167476,6156,76368,4700100
526,295,306,2167181,6145,76674,4822500
527,309,307,2166872,6147,76981,4694500
528,325,304,2166547,6168,77285,4513100
529,328,313,2166219,6183,77598,4340900
530,330,301,2165889,6212,77899,4609200
531,332,289,2165557,6255,78188,4705600
532,353,307,2165204,6301,78495,4576800
533,338,330,2164866,6309,78825,4777100
534,352,293,2164514,6368,79118,4497200
535,351,325,2164163,6394,79443,4765000
536,327,332,2163836,6389,79775,4555000
537,349,351,2163487,6387,80126,4498900
538,331,304,2163156,6414,80430,4837300
539,344,317,2162812,6441,80747,4742700
540,325,317,2162487,6449,81064,4691700
541,356,332,2162131,6473,81396,4649900
542,364,324,2161767,6513,81720,4694000
543,350,304,2161417,6559,82024,4650600
544,361,335,2161056,6585,82359,4810200
545,363,326,2160693,6622,82685,4700200
546,342,320,2160351,6644,83005,4587600
547,347,313,2160004,6678,83318,4321700
548,344,299,2159660,6723,83617,4917300
549,368,353,2159292,6738,83970,4688900
550,324,349,2158968,6713,84319,4572700
551,365,361,2158603,6717,84680,4639200
552,351,347,2158252,6721,85027,4593800
553,341,336,2157911,6726,85363,4588900
554,361,364,2157550,6723,85727,4434100
555,357,301,2157193,6779,86028,4551600
556,354,336,2156839,6797,86364,4827600
557,345,335,2156494,6807,86699,4333400
558,314,356,2156180,6765,87055,4619700
559,366,306,2155814,6825,87361,4587400
560,362,340,2155452,6847,87701,4478000
561,373,339,2155079,6881,88040,4701300
562,340,330,2154739,6891,88370,4684000
563,344,335,2154395,6900,88705,4771800
564,375,352,2154020,6923,89057,5195400
565,334,353,2153686,6904,89410,4472400
566,368,358,2153318,6914,89768,4805100
567,404,350,2152914,6968,90118,4692700
568,349,308,2152565,7009,90426,4343400
569,350,370,2152215,6989,90796,4530400
570,339,337,2151876,6991,91133,4251600
571,354,350,2151522,6995,91483,4749000
572,390,341,2151132,7044,91824,4794700
573,379,354,2150753,7069,92178,4745300
574,357,339,2150396,7087,92517,4810300
575,370,318,2150026,7139,92835,4630300
576,331,365,2149695,7105,93200,4611700
577,395,374,2149300,7126,93574,4636800
578,371,370,2148929,7127,93944,4365300
579,355,366,2148574,7116,94310,4699500
580,343,342,2148231,7117,94652,4758200
581,363,382,2147868,7098,95034,4624700
582,385,354,2147483,7129,95388,4625500
583,366,337,2147117,7158,95725,4716000
584,372,353,2146745,7177,96078,4526900
585,377,370,2146368,7184,96448,4729500
586,419,374,2145949,7229,96822,4682500
587,381,360,2145568,7250,97182,4498500
588,363,368,2145205,7245,97550,4547100
589,395,374,2144810,7266,97924,5022500
590,366,352,2144444,7280,98276,4578100
591,386,370,2144058,7296,98646,4927700
592,377,361,2143681,7312,99007,4904900
593,397,398,2143284,7311,99405,4784600
594,407,366,2142877,7352,99771,4624200
595,395,359,2142482,7388,100130,4663600
596,378,323,2142104,7443,100453,4421300
597,414,381,2141690,7476,100834,4744400
598,405,379,2141285,7502,101213,4847400
599,363,377,2140922,7488,101590,4278500
600,388,362,2140534,7514,101952,4629000
601,369,363,2140165,7520,102315,4298200
602,372,421,2139793,7471,102736,4809900
603,388,392,2139405,7467,103128,4512200
604,362,373,2139043,7456,103501,5037300
605,398,390,2138645,7464,103891,4825700
606,378,396,2138267,7446,104287,4692300
607,344,371,2137923,7419,104658,4521600
608,376,406,2137547,7389,105064,4514800
609,360,390,2137187,7359,105454,4850300
610,403,366,2136784,7396,105820,4636400
611,355,377,2136429,7374,106197,4606000
612,381,373,2136048,7382,106570,4747700
613,386,345,2135662,7423,106915,4722200
614,374,395,2135288,7402,107310,4781500
615,356,382,2134932,7376,107692,4878800
616,392,384,2134540,7384,108076,5265900
617,361,380,2134179,7365,108456,4841800
618,403,352,2133776,7416,108808,4588600
619,361,388,2133415,7389,109196,5039400
620,398,384,2133017,7403,109580,4769300
621,355,412,2132662,7346,109992,4483800
622,401,353,2132261,7394,110345,4749600
623,366,398,2131895,7362,110743,4537800
624,391,367,2131504,7386,111110,4436400
625,374,373,2131130,7387,111483,4506000
626,407,379,2130723,7415,111862,4633800
627,420,371,2130303,7464,112233,4910300
628,381,401,2129922,7444,112634,4507100
629,400,394,2129522,7450,113028,4490100
630,394,345,2129128,7499,113373,4580100
631,414,396,2128714,7517,113769,4579100
632,401,374,2128313,7544,114143,4426100
633,432,405,2127881,7571,114548,4501300
634,376,383,2127505,7564,114931,4388400
635,395,381,2127110,7578,115312,4450800
636,381,327,2126729,7632,115639,4427000
637,406,359,2126323,7679,115998,4489900
638,400,410,2125923,7669,116408,4840500
639,396,370,2125527,7695,116778,4702700
640,416,395,2125111,7716,117173,4532100
641,403,385,2124708,7734,117558,4984400
642,445,386,2124263,7793,117944,4658700
643,427,373,2123836,7847,118317,4373000
644,420,398,2123416,7869,118715,4692700
645,469,361,2122947,7977,119076,4973100
646,411,371,2122536,8017,119447,4744900
647,435,432,2122101,8020,119879,4871800
648,410,393,2121691,8037,120272,4455200
649,443,359,2121248,8121,120631,4935900
650,438,414,2120810,8145,121045,4783100
651,444,395,2120366,8194,121440,5041700
652,430,423,2119936,8201,121863,4837400
653,446,397,2119490,8250,122260,4374100
654,429,420,2119061,8259,122680,4437900
655,436,432,2118625,8263,123112,4622500
656,428,410,2118197,8281,123522,4836800
657,434,388,2117763,8327,123910,4562100
658,408,438,2117355,8297,124348,4408900
659,473,449,2116882,8321,124797,4846200
660,428,415,2116454,8334,125212,4815400
661,427,402,2116027,8359,125614,4338000
662,420,388,2115607,8391,126002,4812500
663,431,414,2115176,8408,126416,4811700
664,445,444,2114731,8409,126860,4826500
665,416,427,2114315,8398,127287,4792000
666,382,429,2113933,8351,127716,4933800
667,416,372,2113517,8395,128088,4514900
668,411,402,2113106,8404,128490,4266300
669,430,424,2112676,8410,128914,4947600
670,422,389,2112254,8443,129303,4403400
671,430,427,2111824,8446,129730,4415500
672,447,418,2111377,8475,130148,4609200
673,414,454,2110963,8435,130602,5213900
674,447,425,2110516,8457,131027,4676200
675,411,438,2110105,8430,131465,4685800
676,491,420,2109614,8501,131885,4471000
677,430,415,2109184,8516,132300,4920300
678,438,440,2108746,8514,132740,4947600
679,446,430,2108300,8530,133170,4851700
680,407,444,2107893,8493,133614,4380300
681,425,440,2107468,8478,134054,4558100
682,448,425,2107020,8501,134479,4999000
683,437,439,2106583,8499,134918,5105800
684,448,397,2106135,8550,135315,4995500
685,437,429,2105698,8558,135744,4813900
686,419,428,2105279,8549,136172,4575400
687,430,449,2104849,8530,136621,4664900
688,444,411,2104405,8563,137032,4591000
689,436,421,2103969,8578,137453,4630200
690,449,481,2103520,8546,137934,4674000
691,432,422,2103088,8556,138356,5029300
692,468,413,2102620,8611,138769,5117700
693,483,447,2102137,8647,139216,4874500
694,456,412,2101681,8691,139628,5031900
695,467,470,2101214,8688,140098,5053100
696,485,432,2100729,8741,140530,4309100
697,475,429,2100254,8787,140959,4393300
698,437,438,2099817,8786,141397,4414700
699,415,438,2099402,8763,141835,4567100
700,492,438,2098910,8817,142273,4513500
701,455,441,2098455,8831,142714,4392700
702,451,489,2098004,8793,143203,4417100
703,468,474,2097536,8787,143677,4492100
704,465,465,2097071,8787,144142,4719800
705,429,471,2096642,8745,144613,4949200
706,462,415,2096180,8792,145028,4909000
707,462,452,2095718,8802,145480,4670700
708,477,429,2095241,8850,145909,4847300
709,473,448,2094768,8875,146357,6002800
710,482,464,2094286,8893,146821,4700400
711,489,398,2093797,8984,147219,4788900
712,444,434,2093353,8994,147653,4608800
713,466,423,2092887,9037,148076,4395700
714,480,452,2092407,9065,148528,4882600
715,492,418,2091915,9139,148946,4937400
716,461,432,2091454,9168,149378,4604900
717,442,445,2091012,9165,149823,4396700
718,448,440,2090564,9173,150263,4933500
719,436,445,2090128,9164,150708,4706500
720,457,427,2089671,9194,151135,4796100
721,468,454,2089203,9208,151589,4627700
722,465,462,2088738,9211,152051,4469300
723,471,437,2088267,9245,152488,4839300
724,465,507,2087802,9203,152995,4795600
725,431,481,2087371,9153,153476,4854700
726,472,431,2086899,9194,153907,4940800
727,455,483,2086444,9166,154390,4511900
728,504,484,2085940,9186,154874,5004700
729,484,466,2085456,9204,155340,4692300
730,467,462,2084989,9209,155802,4828300
731,430,441,2084559,9198,156243,4825000
732,437,474,2084122,9161,156717,4340400
733,492,473,2083630,9180,157190,4890800
734,503,467,2083127,9216,157657,4461100
735,467,423,2082660,9260,158080,4626600
736,439,448,2082221,9251,158528,4629700
737,514,461,2081707,9304,158989,4740200
738,499,452,2081208,9351,159441,4887100
739,510,465,2080698,9396,159906,4722600
740,533,446,2080165,9483,160352,4836600
741,489,449,2079676,9523,160801,4900900
742,495,501,2079181,9517,161302,4847600
743,528,460,2078653,9585,161762,4396600
744,486,465,2078167,9606,162227,4932200
745,470,501,2077697,9575,162728,4861100
746,478,459,2077219,9594,163187,4701000
747,468,486,2076751,9576,163673,4616300
748,536,466,2076215,9646,164139,4835600
749,505,465,2075710,9686,164604,4957700
750,472,503,2075238,9655,165107,4743400
751,509,536,2074729,9628,165643,4514000
752,493,491,2074236,9630,166134,4378400
753,518,428,2073718,9720,166562,4505800
754,523,496,2073195,9747,167058,4850900
755,469,484,2072726,9732,167542,4710800
756,502,502,2072224,9732,168044,4750500
757,522,474,2071702,9780,168518,4599000
758,523,503,2071179,9800,169021,4669600
759,555,484,2070624,9871,169505,4901500
760,492,502,2070132,9861,170007,4652100
761,486,511,2069646,9836,170518,4872500
762,496,495,2069150,9837,171013,4308600
763,513,489,2068637,9861,171502,4637300
764,490,456,2068147,9895,171958,4623300
765,533,507,2067614,9921,172465,4624300
766,515,509,2067099,9927,172974,4925900
767,494,480,2066605,9941,173454,5255200
768,517,505,2066088,9953,173959,5022700
769,487,514,2065601,9926,174473,4747200
770,464,474,2065137,9916,174947,4990100
771,529,477,2064608,9968,175424,4603700
772,526,493,2064082,10001,175917,4636500
773,573,528,2063509,10046,176445,4342700
774,479,538,2063030,9987,176983,4581400
775,478,527,2062552,9938,177510,4611600
776,490,485,2062062,9943,177995,4567500
777,492,470,2061570,9965,178465,4554600
778,547,507,2061023,10005,178972,4611900
779,479,495,2060544,9989,179467,4539700
780,575,527,2059969,10037,179994,4525500
781,534,516,2059435,10055,180510,4911200
782,508,501,2058927,10062,181011,4888300
783,524,525,2058403,10061,181536,4506200
784,495,490,2057908,10066,182026,4379900
785,496,509,2057412,10053,182535,4500200
786,504,513,2056908,10044,183048,4772800
787,545,515,2056363,10074,183563,4578200
788,538,506,2055825,10106,184069,4834200
789,549,501,2055276,10154,184570,4625000
790,510,503,2054766,10161,185073,4723300
791,523,501,2054243,10183,185574,4591500
792,538,486,2053705,10235,186060,4617000
793,539,529,2053166,10245,186589,4799200
794,535,530,2052631,10250,187119,4480100
795,511,524,2052120,10237,187643,4612200
796,522,502,2051598,10257,188145,4900700
797,528,540,2051070,10245,188685,4996300
798,466,484,2050604,10227,189169,4605800
799,549,499,2050055,10277,189668,4769600
800,538,514,2049517,10301,190182,4547100
801,526,487,2048991,10340,190669,4883400
802,550,530,2048441,10360,191199,4890300
803,534,495,2047907,10399,191694,4460900
804,505,519,2047402,10385,192213,4686900
805,570,506,2046832,10449,192719,4497100
806,538,511,2046294,10476,193230,4680400
807,575,553,2045719,10498,193783,4604400
808,516,516,2045203,10498,194299,4467500
809,541,506,2044662,10533,194805,4763400
810,553,492,2044109,10594,195297,4636000
811,566,575,2043543,10585,195872,4529000
812,519,549,2043024,10555,196421,5044600
813,551,532,2042473,10574,196953,4543500
814,515,537,2041958,10552,197490,4532800
815,574,520,2041384,10606,198010,4736100
816,508,497,2040876,10617,198507,4628500
817,561,525,2040315,10653,199032,4746300
818,566,548,2039749,10671,199580,4669300
819,546,522,2039203,10695,200102,4951800
820,573,568,2038630,10700,200670,4503300
821,533,553,2038097,10680,201223,4533300
822,556,497,2037541,10739,201720,4607500
823,529,553,2037012,10715,202273,4557100
824,546,518,2036466,10743,202791,4659000
825,535,525,2035931,10753,203316,5146200
826,519,522,2035412,10750,203838,4706100
827,548,559,2034864,10739,204397,5025400
828,511,585,2034353,10665,204982,4693700
829,494,552,2033859,10607,205534,4490200
830,505,590,2033354,10522,206124,4585800
831,538,529,2032816,10531,206653,4541200
832,499,538,2032317,10492,207191,4687900
833,576,503,2031741,10565,207694,4690100
834,533,581,2031208,10517,208275,4614300
835,536,560,2030672,10493,208835,4758000
836,523,520,2030149,10496,209355,4539700
837,509,512,2029640,10493,209867,4550600
838,507,538,2029133,10462,210405,4769300
839,544,501,2028589,10505,210906,4804100
840,517,519,2028072,10503,211425,4506100
841,537,513,2027535,10527,211938,4861800
842,526,537,2027009,10516,212475,5038500
843,537,547,2026472,10506,213022,4551500
844,568,533,2025904,10541,213555,4704400
845,542,511,2025362,10572,214066,4862200
846,546,526,2024816,10592,214592,4503700
847,521,477,2024295,10636,215069,4727200
848,574,543,2023721,10667,215612,4456100
849,575,569,2023146,10673,216181,5122400
850,586,544,2022560,10715,216725,4470800
851,531,536,2022029,10710,217261,4623600
852,581,566,2021448,10725,217827,5405700
853,531,555,2020917,10701,218382,4589300
854,569,539,2020348,10731,218921,4746400
855,520,523,2019828,10728,219444,4671000
856,562,573,2019266,10717,220017,4488600
857,524,538,2018742,10703,220555,4684000
858,562,553,2018180,10712,221108,4884300
859,576,528,2017604,10760,221636,4963700
860,590,546,2017014,10804,222182,4595700
861,592,560,2016422,10836,222742,4465100
862,551,594,2015871,10793,223336,4998200
863,579,548,2015292,10824,223884,4300100
864,582,560,2014710,10846,224444,4468300
865,582,537,2014128,10891,224981,5199800
866,565,547,2013563,10909,225528,4520200
867,564,558,2012999,10915,226086,4764600
868,579,481,2012420,11013,226567,4536000
869,607,618,2011813,11002,227185,4836600
870,568,545,2011245,11025,227730,4671800
871,597,534,2010648,11088,228264,4682200
872,590,539,2010058,11139,228803,4566900
873,581,536,2009477,11184,229339,4666900
874,591,541,2008886,11234,229880,4796300
875,594,516,2008292,11312,230396,4428300
876,572,587,2007720,11297,230983,4836800
877,623,542,2007097,11378,231525,4386200
878,602,588,2006495,11392,232113,4814300
879,572,555,2005923,11409,232668,4795100
880,582,526,2005341,11465,233194,4768100
881,585,588,2004756,11462,233782,4728900
882,595,594,2004161,11463,234376,4759500
883,627,561,2003534,11529,234937,4869800
884,614,567,2002920,11576,235504,4802300
885,599,554,2002321,11621,236058,4340300
886,603,580,2001718,11644,236638,4440900
887,622,564,2001096,11702,237202,4846400
888,616,556,2000480,11762,237758,4685300
889,594,627,1999886,11729,238385,4495200
890,590,575,1999296,11744,238960,5102100
891,561,599,1998735,11706,239559,4767800
892,548,628,1998187,11626,240187,4499600
893,570,598,1997617,11598,240785,4820900
894,634,583,1996983,11649,241368,5247500
895,582,552,1996401,11679,241920,5313600
896,597,598,1995804,11678,242518,4657900
897,607,629,1995197,11656,243147,4423400
898,584,574,1994613,11666,243721,4851000
899,597,556,1994016,11707,244277,4723400
900,605,613,1993411,11699,244890,4718900
901,619,550,1992792,11768,245440,4702000
902,624,644,1992168,11748,246084,4380000
903,586,592,1991582,11742,246676,4818700
904,629,627,1990953,11744,247303,4767600
905,565,618,1990388,11691,247921,4976500
906,604,576,1989784,11719,248497,4909600
907,652,579,1989132,11792,249076,4716800
908,626,600,1988506,11818,249676,5095900
909,574,628,1987932,11764,250304,4977600
910,575,596,1987357,11743,250900,4682300
911,577,635,1986780,11685,251535,4420600
912,584,585,1986196,11684,252120,4667900
913,601,619,1985595,11666,252739,4655500
914,589,594,1985006,11661,253333,4829100
915,597,604,1984409,11654,253937,4381300
916,567,549,1983842,11672,254486,4683400
917,572,567,1983270,11677,255053,4769500
918,604,549,1982666,11732,255602,4648400
919,592,562,1982074,11762,256164,4576700
920,720,618,1981354,11864,256782,4701400
921,620,579,1980734,11905,257361,4651900
922,626,627,1980108,11904,257988,4605600
923,602,575,1979506,11931,258563,4678300
924,641,621,1978865,11951,259184,4553100
925,623,599,1978242,11975,259783,4425100
926,623,633,1977619,11965,260416,4523100
927,604,620,1977015,11949,261036,4678100
928,605,634,1976410,11920,261670,4553100
929,604,615,1975806,11909,262285,4779900
930,622,614,1975184,11917,262899,5085600
931,603,593,1974581,11927,263492,4823700
932,595,605,1973986,11917,264097,4481800
933,601,630,1973385,11888,264727,4578700
934,619,611,1972766,11896,265338,4743400
935,645,580,1972121,11961,265918,4869300
936,604,599,1971517,11966,266517,4539400
937,658,622,1970859,12002,267139,4705400
938,601,585,1970258,12018,267724,4585800
939,596,565,1969662,12049,268289,5076600
940,600,593,1969062,12056,268882,4410900
941,602,603,1968460,12055,269485,4828800
942,649,615,1967811,12089,270100,4531800
943,629,593,1967182,12125,270693,4772400
944,617,644,1966565,12098,271337,4512600
945,585,586,1965980,12097,271923,4372900
946,614,607,1965366,12104,272530,4950300
947,658,534,1964708,12228,273064,4443600
948,628,611,1964080,12245,273675,4656900
949,629,599,1963451,12275,274274,4523800
950,609,607,1962842,12277,274881,4998100
951,680,557,1962162,12400,275438,4904300
952,624,629,1961538,12395,276067,4918200
953,616,614,1960922,12397,276681,4525200
954,591,643,1960331,12345,277324,4528500
955,614,584,1959717,12375,277908,4700200
956,624,612,1959093,12387,278520,4761200
957,585,640,1958508,12332,279160,4949100
958,617,615,1957891,12334,279775,4880500
959,642,600,1957249,12376,280375,4606800
960,638,624,1956611,12390,280999,5187400
961,600,617,1956011,12373,281616,4613400
962,615,651,1955396,12337,282267,4971200
963,623,599,1954773,12361,282866,5053900
964,637,616,1954136,12382,283482,5072600
965,605,631,1953531,12356,284113,4485500
966,603,612,1952928,12347,284725,4705700
967,619,607,1952309,12359,285332,5198500
968,583,581,1951726,12361,285913,4935400
969,597,592,1951129,12366,286505,5017500
970,586,619,1950543,12333,287124,4950900
971,621,627,1949922,12327,287751,4708900
972,638,609,1949284,12356,288360,5079300
973,621,600,1948663,12377,288960,4855800
974,668,635,1947995,12410,289595,4540900
975,675,670,1947320,12415,290265,4579600
976,638,628,1946682,12425,290893,4748300
977,662,626,1946020,12461,291519,4994800
978,687,622,1945333,12526,292141,4465000
979,655,682,1944678,12499,292823,4349000
980,665,594,1944013,12570,293417,4491000
981,658,638,1943355,12590,294055,4840000
982,640,618,1942715,12612,294673,4593700
983,666,619,1942049,12659,295292,4614400
984,629,628,1941420,12660,295920,4673100
985,663,615,1940757,12708,296535,4887400
986,640,659,1940117,12689,297194,4823700
987,652,630,1939465,12711,297824,4502500
988,630,636,1938835,12705,298460,4635900
989,659,615,1938176,12749,299075,4788500
990,671,643,1937505,12777,299718,4426400
991,654,637,1936851,12794,300355,4525600
992,641,641,1936210,12794,300996,4437700
993,688,600,1935522,12882,301596,4833200
994,651,634,1934871,12899,302230,4566300
995,692,591,1934179,13000,302821,5314300
996,638,601,1933541,13037,303422,4844800
997,712,646,1932829,13103,304068,4389700
998,692,678,1932137,13117,304746,5055500
999,633,644,1931504,13106,305390,5149600
1000,657,678,1930847,13085,306068,4957600
1001,639,640,1930208,13084,306708,4962300
1002,700,655,1929508,13129,307363,4981700
1003,682,666,1928826,13145,308029,4823900
1004,682,614,1928144,13213,308643,4937100
1005,683,673,1927461,13223,309316,4959000
1006,700,625,1926761,13298,309941,4694300
1007,639,632,1926122,13305,310573,4970400
1008,672,638,1925450,13339,311211,4393400
1009,654,647,1924796,13346,311858,4800600
1010,708,682,1924088,13372,312540,4553400
1011,669,609,1923419,13432,313149,4912800
1012,654,682,1922765,13404,313831,4707200
1013,653,659,1922112,13398,314490,4562800
1014,672,673,1921440,13397,315163,4787500
1015,712,724,1920728,13385,315887,4492400
1016,682,647,1920046,13420,316534,4684200
1017,693,702,1919353,13411,317236,5019700
1018,654,649,1918699,13416,317885,4789000
1019,664,638,1918035,13442,318523,4937000
1020,665,696,1917370,13411,319219,4664100
1021,651,703,1916719,13359,319922,4535300
1022,638,651,1916081,13346,320573,4860800
1023,717,716,1915364,13347,321289,4872900
1024,674,672,1914690,13349,321961,4689300
1025,693,745,1913997,13297,322706,4793800
1026,653,694,1913344,13256,323400,5260900
1027,661,627,1912683,13290,324027,4681800
1028,681,674,1912002,13297,324701,4565600
1029,688,650,1911314,13335,325351,4635300
1030,658,708,1910656,13285,326059,4626500
1031,682,669,1909974,13298,326728,4880100
1032,665,650,1909309,13313,327378,4854900
1033,687,696,1908622,13304,328074,5140900
1034,670,639,1907952,13335,328713,4945700
1035,683,680,1907269,13338,329393,5050500
1036,686,662,1906583,13362,330055,4632600
1037,723,655,1905860,13430,330710,4916500
1038,673,665,1905187,13438,331375,4766900
1039,677,650,1904510,13465,332025,4677400
1040,698,632,1903812,13531,332657,4753800
1041,678,654,1903134,13555,333311,4745300
1042,682,705,1902452,13532,334016,4692600
1043,690,678,1901762,13544,334694,4685600
1044,662,682,1901100,13524,335376,4867200
1045,678,688,1900422,13514,336064,5022400
1046,679,675,1899743,13518,336739,5092100
1047,638,679,1899105,13477,337418,4874600
1048,692,678,1898413,13491,338096,4645200
1049,702,711,1897711,13482,338807,4678800
1050,700,660,1897011,13522,339467,4502100
1051,739,653,1896272,13608,340120,5105400
1052,702,683,1895570,13627,340803,4434500
1053,714,694,1894856,13647,341497,5134300
1054,682,663,1894174,13666,342160,4882200
1055,714,719,1893460,13661,342879,4614100
1056,667,712,1892793,13616,343591,4956800
1057,687,719,1892106,13584,344310,4650300
1058,697,678,1891409,13603,344988,4463700
1059,699,650,1890710,13652,345638,4371400
1060,663,649,1890047,13666,346287,4826100
1061,711,690,1889336,13687,346977,5057900
1062,693,665,1888643,13715,347642,5271800
1063,716,655,1887927,13776,348297,4819400
1064,717,740,1887210,13753,349037,4476400
1065,731,650,1886479,13834,349687,4660300
1066,722,708,1885757,13848,350395,4754300
1067,699,666,1885058,13881,351061,4994900
1068,682,726,1884376,13837,351787,4483500
1069,688,663,1883688,13862,352450,4661100
1070,695,686,1882993,13871,353136,5228500
1071,683,680,1882310,13874,353816,5069800
1072,666,672,1881644,13868,354488,4769400
1073,664,671,1880980,13861,355159,4894400
1074,687,675,1880293,13873,355834,4881700
1075,708,691,1879585,13890,356525,5142900
1076,696,728,1878889,13858,357253,4550900
1077,685,670,1878204,13873,357923,4910200
1078,711,731,1877493,13853,358654,4957500
1079,725,685,1876768,13893,359339,4451100
1080,700,703,1876068,13890,360042,5155900
1081,704,676,1875364,13918,360718,4999900
1082,760,710,1874604,13968,361428,4443400
1083,745,678,1873859,14035,362106,4544700
1084,715,702,1873144,14048,362808,4794700
1085,743,721,1872401,14070,363529,5061800
1086,704,728,1871697,14046,364257,5012600
1087,727,719,1870970,14054,364976,4794900
1088,721,714,1870249,14061,365690,5113100
1089,719,728,1869530,14052,366418,4928900
1090,698,680,1868832,14070,367098,4434800
1091,707,689,1868125,14088,367787,4460300
1092,754,752,1867371,14090,368539,4896500
1093,753,733,1866618,14110,369272,4498200
1094,777,707,1865841,14180,369979,4826400
1095,756,731,1865085,14205,370710,5085500
1096,744,708,1864341,14241,371418,4994800
1097,724,756,1863617,14209,372174,5665000
1098,753,678,1862864,14284,372852,4710800
1099,748,724,1862116,14308,373576,4525700
1100,734,723,1861382,14319,374299,5022300
1101,768,691,1860614,14396,374990,4545800
1102,799,685,1859815,14510,375675,4613400
1103,772,714,1859043,14568,376389,4398600
1104,749,746,1858294,14571,377135,4998900
1105,788,737,1857506,14622,377872,4809800
1106,759,718,1856747,14663,378590,4595500
1107,765,729,1855982,14699,379319,4784600
1108,744,730,1855238,14713,380049,4938700
1109,754,736,1854484,14731,380785,4803700
1110,760,719,1853724,14772,381504,4767600
1111,721,751,1853003,14742,382255,4853100
1112,754,738,1852249,14758,382993,4440300
1113,774,724,1851475,14808,383717,4902100
1114,798,775,1850677,14831,384492,4592300
1115,798,763,1849879,14866,385255,4529400
1116,771,738,1849108,14899,385993,4859400
1117,720,700,1848388,14919,386693,4997800
1118,738,757,1847650,14900,387450,4619000
1119,687,747,1846963,14840,388197,4822500
1120,727,704,1846236,14863,388901,4741800
1121,753,771,1845483,14845,389672,4521200
1122,822,719,1844661,14948,390391,4619400
1123,753,753,1843908,14948,391144,4617700
1124,775,768,1843133,14955,391912,4977500
1125,782,707,1842351,15030,392619,4409900
1126,823,720,1841528,15133,393339,4774400
1127,726,752,1840802,15107,394091,5188800
1128,744,754,1840058,15097,394845,5088300
1129,742,740,1839316,15099,395585,4510000
1130,773,756,1838543,15116,396341,4963600
1131,733,779,1837810,15070,397120,4558800
1132,778,719,1837032,15129,397839,4836600
1133,754,736,1836278,15147,398575,4941800
1134,795,759,1835483,15183,399334,4899400
1135,768,774,1834715,15177,400108,4957400
1136,777,763,1833938,15191,400871,4595000
1137,748,782,1833190,15157,401653,5160600
1138,756,750,1832434,15163,402403,5159900
1139,765,780,1831669,15148,403183,4521600
1140,754,778,1830915,15124,403961,4654800
1141,762,704,1830153,15182,404665,4511600
1142,806,834,1829347,15154,405499,5115100
1143,782,722,1828565,15214,406221,5115100
1144,717,732,1827848,15199,406953,5250200
1145,791,803,1827057,15187,407756,4951500
1146,757,760,1826300,15184,408516,4395300
1147,770,673,1825530,15281,409189,4459300
1148,771,789,1824759,15263,409978,4396900
1149,760,763,1823999,15260,410741,4645700
1150,747,785,1823252,15222,411526,4584600
1151,816,756,1822436,15282,412282,4718300
1152,736,735,1821700,15283,413017,4693800
1153,781,821,1820919,15243,413838,4725500
1154,786,748,1820133,15281,414586,5034500
1155,766,763,1819367,15284,415349,4942800
1156,776,757,1818591,15303,416106,5270500
1157,755,734,1817836,15324,416840,5009200
1158,757,779,1817079,15302,417619,4428200
1159,750,820,1816329,15232,418439,4723000
1160,750,829,1815579,15153,419268,4904100
1161,744,753,1814835,15144,420021,4436500
1162,780,805,1814055,15119,420826,4769400
1163,778,763,1813277,15134,421589,4507800
1164,755,720,1812522,15169,422309,4541800
1165,751,731,1811771,15189,423040,4812300
1166,681,784,1811090,15086,423824,5283900
1167,740,739,1810350,15087,424563,5084800
1168,768,711,1809582,15144,425274,4896100
1169,748,773,1808834,15119,426047,4587500
1170,801,746,1808033,15174,426793,4617300
1171,780,785,1807253,15169,427578,4847700
1172,752,740,1806501,15181,428318,4406000
1173,752,794,1805749,15139,429112,4720300
1174,738,755,1805011,15122,429867,4613600
1175,759,783,1804252,15098,430650,4292500
1176,791,751,1803461,15138,431401,4505000
1177,759,749,1802702,15148,432150,4927200
1178,762,749,1801940,15161,432899,4855000
1179,751,771,1801189,15141,433670,4805100
1180,728,713,1800461,15156,434383,4458200
1181,716,738,1799745,15134,435121,5070600
1182,770,721,1798975,15183,435842,4708600
1183,770,764,1798205,15189,436606,4830900
1184,735,740,1797470,15184,437346,4762900
1185,722,705,1796748,15201,438051,4602200
1186,806,748,1795942,15259,438799,4528900
1187,707,749,1795235,15217,439548,4801400
1188,724,773,1794511,15168,440321,4627600
1189,713,767,1793798,15114,441088,4802600
1190,760,778,1793038,15096,441866,5001400
1191,740,709,1792298,15127,442575,5081400
1192,802,748,1791496,15181,443323,4474000
1193,743,746,1790753,15178,444069,4321900
1194,763,766,1789990,15175,444835,4981800
1195,784,721,1789206,15238,445556,4648800
1196,793,734,1788413,15297,446290,4643400
1197,757,712,1787656,15342,447002,4659000
1198,745,725,1786911,15362,447727,5112900
1199,753,813,1786158,15302,448540,4864500
1200,798,767,1785360,15333,449307,4807900
1201,749,715,1784611,15367,450022,4800500
1202,771,747,1783840,15391,450769,5120900
1203,761,840,1783079,15312,451609,4643200
1204,716,811,1782363,15217,452420,4961100
1205,763,781,1781600,15199,453201,4879600
1206,726,808,1780874,15117,454009,4558300
1207,788,759,1780086,15146,454768,4321000
1208,755,742,1779331,15159,455510,4761100
1209,751,770,1778580,15140,456280,5083700
1210,755,785,1777825,15110,457065,4461500
1211,806,759,1777019,15157,457824,5065500
1212,750,789,1776269,15118,458613,4916400
1213,769,741,1775500,15146,459354,4545700
1214,746,749,1774754,15143,460103,4640900
1215,730,755,1774024,15118,460858,4519100
1216,732,789,1773292,15061,461647,5030300
1217,777,763,1772515,15075,462410,4489000
1218,799,751,1771716,15123,463161,4463700
1219,819,804,1770897,15138,463965,4536400
1220,773,784,1770124,15127,464749,4796400
1221,719,737,1769405,15109,465486,4669500
1222,742,750,1768663,15101,466236,4570900
1223,803,782,1767860,15122,467018,4588900
1224,773,764,1767087,15131,467782,5068200
1225,792,717,1766295,15206,468499,4581400
1226,811,766,1765484,15251,469265,4712900
1227,836,783,1764648,15304,470048,4682300
1228,806,761,1763842,15349,470809,4569200
1229,771,752,1763071,15368,471561,4560100
1230,801,753,1762270,15416,472314,4646100
1231,801,781,1761469,15436,473095,4838200
1232,737,803,1760732,15370,473898,4602100
1233,802,806,1759930,15366,474704,4536500
1234,755,803,1759175,15318,475507,4888100
1235,793,693,1758382,15418,476200,4930000
1236,774,746,1757608,15446,476946,4788100
1237,748,742,1756860,15452,477688,4562500
1238,737,744,1756123,15445,478432,5194900
1239,748,789,1755375,15404,479221,4576500
1240,748,771,1754627,15381,479992,4848100
1241,753,774,1753874,15360,480766,4880700
1242,785,791,1753089,15354,481557,4603500
1243,768,760,1752321,15362,482317,4721300
1244,747,789,1751574,15320,483106,4884300
1245,769,735,1750805,15354,483841,4948500
1246,761,734,1750044,15381,484575,4705000
1247,773,731,1749271,15423,485306,4563400
1248,811,803,1748460,15431,486109,5034100
1249,719,779,1747741,15371,486888,25883500
1250,824,771,1746917,15424,487659,7156500
1251,821,755,1746096,15490,488414,4646400
1252,742,774,1745354,15458,489188,4827800
1253,738,803,1744616,15393,489991,4893100
1254,755,799,1743861,15349,490790,4520300
1255,751,718,1743110,15382,491508,5042300
1256,772,722,1742338,15432,492230,4775800
1257,759,798,1741579,15393,493028,4637600
1258,752,791,1740827,15354,493819,4762400
1259,744,781,1740083,15317,494600,4353200
1260,769,753,1739314,15333,495353,4920800
1261,750,813,1738564,15270,496166,4935500
1262,736,761,1737828,15245,496927,4611600
1263,728,752,1737100,15221,497679,5105500
1264,799,745,1736301,15275,498424,4454600
1265,744,731,1735557,15288,499155,4970200
1266,752,759,1734805,15281,499914,5089700
1267,793,745,1734012,15329,500659,5038600
1268,768,737,1733244,15360,501396,4549200
1269,756,740,1732488,15376,502136,4924700
1270,778,788,1731710,15366,502924,4677600
1271,741,771,1730969,15336,503695,4981800
1272,781,788,1730188,15329,504483,4749000
1273,739,708,1729449,15360,505191,4766000
1274,761,740,1728688,15381,505931,4650800
1275,715,787,1727973,15309,506718,4327400
1276,773,752,1727200,15330,507470,4774900
1277,781,728,1726419,15383,508198,5103400
1278,772,763,1725647,15392,508961,4820400
1279,772,766,1724875,15398,509727,4634500
1280,738,718,1724137,15418,510445,4821800
1281,802,706,1723335,15514,511151,4509800
1282,759,785,1722576,15488,511936,4465600
1283,796,766,1721780,15518,512702,4515400
1284,758,800,1721022,15476,513502,4476000
1285,831,781,1720191,15526,514283,4564400
1286,782,805,1719409,15503,515088,4823600
1287,815,826,1718594,15492,515914,4616500
1288,768,837,1717826,15423,516751,4516800
1289,750,794,1717076,15379,517545,4495800
1290,769,785,1716307,15363,518330,5060700
1291,762,763,1715545,15362,519093,4896500
1292,739,789,1714806,15312,519882,4771200
1293,797,780,1714009,15329,520662,4552400
1294,762,756,1713247,15335,521418,4493000
1295,749,787,1712498,15297,522205,4675900
1296,790,769,1711708,15318,522974,5059000
1297,779,789,1710929,15308,523763,4616700
1298,762,759,1710167,15311,524522,4934700
1299,750,739,1709417,15322,525261,4829500
1300,867,764,1708550,15425,526025,4384800
1301,777,777,1707773,15425,526802,4625500
1302,795,774,1706978,15446,527576,4785200
1303,881,757,1706097,15570,528333,4365500
1304,805,766,1705292,15609,529099,4887100
1305,797,830,1704495,15576,529929,4927800
1306,806,780,1703689,15602,530709,4498500
1307,818,729,1702871,15691,531438,4548400
1308,791,754,1702080,15728,532192,4459200
1309,806,805,1701274,15729,532997,4745700
1310,762,763,1700512,15728,533760,4726200
1311,817,811,1699695,15734,534571,5010100
1312,754,771,1698941,15717,535342,4893500
1313,748,838,1698193,15627,536180,4911200
1314,811,843,1697382,15595,537023,4670000
1315,803,772,1696579,15626,537795,5065900
1316,815,799,1695764,15642,538594,4475900
1317,818,717,1694946,15743,539311,4763300
1318,798,811,1694148,15730,540122,4548300
1319,812,741,1693336,15801,540863,4556600
1320,770,798,1692566,15773,541661,5021100
1321,835,802,1691731,15806,542463,5105000
1322,843,769,1690888,15880,543232,4994500
1323,760,792,1690128,15848,544024,4877600
1324,811,738,1689317,15921,544762,4739600
1325,825,775,1688492,15971,545537,4552400
1326,867,767,1687625,16071,546304,4497700
1327,797,807,1686828,16061,547111,4362100
1328,831,852,1685997,16040,547963,4452500
1329,793,811,1685204,16022,548774,4675300
1330,817,759,1684387,16080,549533,4592200
1331,831,806,1683556,16105,550339,4838400
1332,824,808,1682732,16121,551147,5048800
1333,831,858,1681901,16094,552005,4984700
1334,808,781,1681093,16121,552786,4648000
1335,859,809,1680234,16171,553595,4484600
1336,836,798,1679398,16209,554393,4397400
1337,825,807,1678573,16227,555200,4441800
1338,840,764,1677733,16303,555964,4878000
1339,823,827,1676910,16299,556791,4834200
1340,799,793,1676111,16305,557584,4683100
1341,792,884,1675319,16213,558468,4906300
1342,798,801,1674521,16210,559269,4840300
1343,811,824,1673710,16197,560093,4578700
1344,826,834,1672884,16189,560927,4397300
1345,801,839,1672083,16151,561766,5101100
1346,811,806,1671272,16156,562572,4716200
1347,775,798,1670497,16133,563370,5153700
1348,784,857,1669713,16060,564227,4829600
1349,803,820,1668910,16043,565047,4822000
1350,812,825,1668098,16030,565872,4609300
1351,842,845,1667256,16027,566717,4586000
1352,826,806,1666430,16047,567523,4610000
1353,802,798,1665628,16051,568321,4622400
1354,819,797,1664809,16073,569118,4573800
1355,795,766,1664014,16102,569884,4535200
1356,808,787,1663206,16123,570671,4506600
1357,804,782,1662402,16145,571453,4515400
1358,807,813,1661595,16139,572266,4606300
1359,793,784,1660802,16148,573050,4415500
1360,868,838,1659934,16178,573888,4961500
1361,814,773,1659120,16219,574661,5192100
1362,857,809,1658263,16267,575470,4489300
1363,841,793,1657422,16315,576263,5142600
1364,790,830,1656632,16275,577093,4736700
1365,841,862,1655791,16254,577955,4890700
1366,816,802,1654975,16268,578757,4471200
1367,845,769,1654130,16344,579526,4826800
1368,834,814,1653296,16364,580340,5185700
1369,832,814,1652464,16382,581154,5034600
1370,786,846,1651678,16322,582000,4866800
1371,817,786,1650861,16353,582786,5225600
1372,826,797,1650035,16382,583583,4750800
1373,831,825,1649204,16388,584408,4624000
1374,813,839,1648391,16362,585247,4894800
1375,801,825,1647590,16338,586072,4702800
1376,826,839,1646764,16325,586911,4954200
1377,818,849,1645946,16294,587760,4466900
1378,815,783,1645131,16326,588543,4891800
1379,806,844,1644325,16288,589387,4885000
1380,810,844,1643515,16254,590231,4735600
1381,826,832,1642689,16248,591063,5038000
1382,757,778,1641932,16227,591841,4671800
1383,804,824,1641128,16207,592665,4577600
1384,814,796,1640314,16225,593461,4975900
1385,774,794,1639540,16205,594255,4669600
1386,789,782,1638751,16212,595037,5042500
1387,760,813,1637991,16159,595850,4662900
1388,771,806,1637220,16124,596656,4538900
1389,790,809,1636430,16105,597465,4589400
1390,806,790,1635624,16121,598255,4886400
1391,803,844,1634821,16080,599099,4441300
1392,804,786,1634017,16098,599885,4794000
1393,771,787,1633246,16082,600672,4742700
1394,749,786,1632497,16045,601458,4624700
1395,767,812,1631730,16000,602270,4688300
1396,767,782,1630963,15985,603052,5085900
1397,755,833,1630208,15907,603885,5126500
1398,744,803,1629464,15848,604688,5016200
1399,761,810,1628703,15799,605498,4483200
1400,744,771,1627959,15772,606269,5206200
1401,801,780,1627158,15793,607049,4827900
1402,775,770,1626383,15798,607819,4952000
1403,745,776,1625638,15767,608595,4724600
1404,805,796,1624833,15776,609391,5147900
1405,793,834,1624040,15735,610225,4893900
1406,749,763,1623291,15721,610988,5118600
1407,761,776,1622530,15706,611764,4487200
1408,765,752,1621765,15719,612516,4582500
1409,797,790,1620968,15726,613306,5354000
1410,748,815,1620220,15659,614121,5099200
1411,774,800,1619446,15633,614921,4511600
1412,772,761,1618674,15644,615682,4718900
1413,726,760,1617948,15610,616442,4700700
1414,753,760,1617195,15603,617202,4757600
1415,795,738,1616400,15660,617940,4511300
1416,715,800,1615685,15575,618740,5017700
1417,793,800,1614892,15568,619540,4879900
1418,783,766,1614109,15585,620306,4705000
1419,763,810,1613346,15538,621116,4976200
1420,769,803,1612577,15504,621919,5026600
1421,744,800,1611833,15448,622719,4729000
1422,782,766,1611051,15464,623485,4436000
1423,738,734,1610313,15468,624219,4793600
1424,750,770,1609563,15448,624989,4761300
1425,800,741,1608763,15507,625730,4570300
1426,807,788,1607956,15526,626518,4839300
1427,825,747,1607131,15604,627265,4946000
1428,799,757,1606332,15646,628022,4892100
1429,840,795,1605492,15691,628817,4740200
1430,776,799,1604716,15668,629616,4869000
1431,808,784,1603908,15692,630400,4951400
1432,832,842,1603076,15682,631242,4869800
1433,804,794,1602272,15692,632036,4493000
1434,777,770,1601495,15699,632806,4910200
1435,774,732,1600721,15741,633538,4654400
1436,815,809,1599906,15747,634347,4530200
1437,784,806,1599122,15725,635153,4546900
1438,800,752,1598322,15773,635905,4452700
1439,830,804,1597492,15799,636709,4700000
1440,767,770,1596725,15796,637479,4999000
1441,725,820,1596000,15701,638299,4534800
1442,745,768,1595255,15678,639067,4569200
1443,819,789,1594436,15708,639856,4736300
1444,784,750,1593652,15742,640606,4769400
1445,753,790,1592899,15705,641396,4656900
1446,744,774,1592155,15675,642170,4555700
1447,778,743,1591377,15710,642913,4497600
1448,748,794,1590629,15664,643707,4818000
1449,790,792,1589839,15662,644499,4587400
1450,791,738,1589048,15715,645237,4665200
1451,759,760,1588289,15714,645997,4525700
1452,773,814,1587516,15673,646811,4868400
1453,785,789,1586731,15669,647600,4655700
1454,807,821,1585924,15655,648421,4625000
1455,793,819,1585131,15629,649240,4796200
1456,787,740,1584344,15676,649980,4846200
1457,835,758,1583509,15753,650738,4627700
1458,797,810,1582712,15740,651548,5111600
1459,775,790,1581937,15725,652338,4814200
1460,769,751,1581168,15743,653089,4703700
1461,782,800,1580386,15725,653889,4882400
1462,820,781,1579566,15764,654670,5006500
1463,817,747,1578749,15834,655417,4920100
1464,782,788,1577967,15828,656205,5096300
1465,834,777,1577133,15885,656982,5082300
1466,808,827,1576325,15866,657809,4558900
1467,837,780,1575488,15923,658589,4965200
1468,787,780,1574701,15930,659369,4704100
1469,814,814,1573887,15930,660183,4703700
1470,789,844,1573098,15875,661027,4849200
1471,811,770,1572287,15916,661797,5204500
1472,759,806,1571528,15869,662603,5352800
1473,784,807,1570744,15846,663410,5044200
1474,747,758,1569997,15835,664168,4551500
1475,750,826,1569247,15759,664994,4480200
1476,807,827,1568440,15739,665821,4436200
1477,783,787,1567657,15735,666608,4603000
1478,742,780,1566915,15697,667388,4403500
1479,749,799,1566166,15647,668187,4595400
1480,734,759,1565432,15622,668946,4565300
1481,771,781,1564661,15612,669727,4496900
1482,768,753,1563893,15627,670480,5051400
1483,736,770,1563157,15593,671250,4826500
1484,736,739,1562421,15590,671989,4872800
1485,739,741,1561682,15588,672730,4888100
1486,779,808,1560903,15559,673538,4953600
1487,774,721,1560129,15612,674259,4339400
1488,808,784,1559321,15636,675043,4860900
1489,752,817,1558569,15571,675860,4494900
1490,787,777,1557782,15581,676637,5068000
1491,733,773,1557049,15541,677410,4560000
1492,780,813,1556269,15508,678223,5043000
1493,737,758,1555532,15487,678981,4697200
1494,788,739,1554744,15536,679720,4976100
1495,733,759,1554011,15510,680479,4454600
1496,706,787,1553305,15429,681266,4836300
1497,730,780,1552575,15379,682046,4660600
1498,792,763,1551783,15408,682809,5202200
1499,782,761,1551001,15429,683570,4686600
1500,745,775,1550256,15399,684345,5039200
1501,746,767,1549510,15378,685112,4531400
1502,725,788,1548785,15315,685900,4589900
1503,753,748,1548032,15320,686648,4736600
1504,751,785,1547281,15286,687433,5048200
1505,717,753,1546564,15250,688186,4627200
1506,769,792,1545795,15227,688978,4542800
1507,759,782,1545036,15204,689760,4534600
1508,727,789,1544309,15142,690549,4816800
1509,690,737,1543619,15095,691286,4710400
1510,761,769,1542858,15087,692055,5152900
1511,719,742,1542139,15064,692797,5145800
1512,781,791,1541358,15054,693588,4635100
1513,738,742,1540620,15050,694330,4825500
1514,756,742,1539864,15064,695072,4636300
1515,734,724,1539130,15074,695796,4842500
1516,744,767,1538386,15051,696563,4986800
1517,721,732,1537665,15040,697295,5081900
1518,715,761,1536950,14994,698056,4982100
1519,732,750,1536218,14976,698806,5167600
1520,775,745,1535443,15006,699551,4403400
1521,734,748,1534709,14992,700299,4889200
1522,723,738,1533986,14977,701037,4734600
1523,730,725,1533256,14982,701762,4710600
1524,743,760,1532513,14965,702522,4954400
1525,717,689,1531796,14993,703211,4777200
1526,776,724,1531020,15045,703935,4902500
1527,726,732,1530294,15039,704667,4908800
1528,715,732,1529579,15022,705399,4606700
1529,729,719,1528850,15032,706118,5162900
1530,775,814,1528075,14993,706932,4836600
1531,778,764,1527297,15007,707696,4931500
1532,729,750,1526568,14986,708446,4938300
1533,773,753,1525795,15006,709199,4639000
1534,797,759,1524998,15044,709958,4632900
1535,766,788,1524232,15022,710746,4757000
1536,787,762,1523445,15047,711508,4427400
1537,789,755,1522656,15081,712263,4980800
1538,803,765,1521853,15119,713028,4646500
1539,785,771,1521068,15133,713799,5185400
1540,804,802,1520264,15135,714601,4837100
1541,763,796,1519501,15102,715397,4527200
1542,806,676,1518695,15232,716073,4661100
1543,762,812,1517933,15182,716885,4603500
1544,787,760,1517146,15209,717645,4697200
1545,794,785,1516352,15218,718430,4470600
1546,774,789,1515578,15203,719219,5024500
1547,794,781,1514784,15216,720000,4775000
1548,806,753,1513978,15269,720753,4597700
1549,763,753,1513215,15279,721506,4509100
1550,799,733,1512416,15345,722239,4887700
1551,782,771,1511634,15356,723010,5044800
1552,816,764,1510818,15408,723774,5149200
1553,757,756,1510061,15409,724530,5392600
1554,873,775,1509188,15507,725305,5165000
1555,786,746,1508402,15547,726051,4821700
1556,773,775,1507629,15545,726826,4561900
1557,747,727,1506882,15565,727553,4516400
1558,780,809,1506102,15536,728362,5196900
1559,731,766,1505371,15501,729128,4473900
1560,747,790,1504624,15458,729918,4899800
1561,790,749,1503834,15499,730667,4758600
1562,831,773,1503003,15557,731440,4769300
1563,762,713,1502241,15606,732153,4844200
1564,815,778,1501426,15643,732931,5207100
1565,777,729,1500649,15691,733660,4637800
1566,761,815,1499888,15637,734475,4846500
1567,782,783,1499106,15636,735258,4516200
1568,787,771,1498319,15652,736029,4509900
1569,778,799,1497541,15631,736828,5028000
1570,791,765,1496750,15657,737593,4831900
1571,782,792,1495968,15647,738385,4777300
1572,760,796,1495208,15611,739181,4645100
1573,728,755,1494480,15584,739936,5256900
1574,813,830,1493667,15567,740766,4410400
1575,813,769,1492854,15611,741535,4911100
1576,783,846,1492071,15548,742381,4867000
1577,794,768,1491277,15574,743149,4703200
1578,765,768,1490512,15571,743917,4833100
1579,758,798,1489754,15531,744715,4961100
1580,742,783,1489012,15490,745498,4855300
1581,743,830,1488269,15403,746328,4869800
1582,804,785,1487465,15422,747113,4740200
1583,753,829,1486712,15346,747942,4653800
1584,768,739,1485944,15375,748681,4939100
1585,747,762,1485197,15360,749443,4486100
1586,755,748,1484442,15367,750191,4592800
1587,718,800,1483724,15285,750991,4961300
1588,780,724,1482944,15341,751715,4653500
1589,712,743,1482232,15310,752458,5163700
1590,742,791,1481490,15261,753249,5083700
1591,680,775,1480810,15166,754024,4956600
1592,782,828,1480028,15120,754852,4900900
1593,760,777,1479268,15103,755629,4834600
1594,743,728,1478525,15118,756357,4996300
1595,694,808,1477831,15004,757165,4475400
1596,739,746,1477092,14997,757911,4508500
1597,740,729,1476352,15008,758640,4671300
1598,751,765,1475601,14994,759405,4824900
1599,784,768,1474817,15010,760173,4828700
1600,748,846,1474069,14912,761019,4680000
1601,769,790,1473300,14891,761809,4879500
1602,770,707,1472530,14954,762516,4815600
1603,774,774,1471756,14954,763290,5176000
1604,761,771,1470995,14944,764061,4526700
1605,778,772,1470217,14950,764833,4484500
1606,783,723,1469434,15010,765556,4847800
1607,803,728,1468631,15085,766284,5081500
1608,774,779,1467857,15080,767063,4760500
1609,769,750,1467088,15099,767813,5133000
1610,781,751,1466307,15129,768564,4841000
1611,795,732,1465512,15192,769296,4512400
1612,798,730,1464714,15260,770026,4840400
1613,739,751,1463975,15248,770777,4622400
1614,767,751,1463208,15264,771528,4864000
1615,744,772,1462464,15236,772300,4943000
1616,701,788,1461763,15149,773088,4729600
1617,729,759,1461034,15119,773847,5062800
1618,766,717,1460268,15168,774564,5357400
1619,723,768,1459545,15123,775332,4797600
1620,762,787,1458783,15098,776119,4470400
1621,733,746,1458050,15085,776865,4880000
1622,761,688,1457289,15158,777553,4814400
1623,737,785,1456552,15110,778338,4482200
1624,730,699,1455822,15141,779037,4852400
1625,692,766,1455130,15067,779803,5192000
1626,716,734,1454414,15049,780537,4602700
1627,769,741,1453645,15077,781278,4915900
1628,708,733,1452937,15052,782011,4830900
1629,767,737,1452170,15082,782748,5157200
1630,763,764,1451407,15081,783512,4592900
1631,761,775,1450646,15067,784287,4905100
1632,735,764,1449911,15038,785051,4890800
1633,738,755,1449173,15021,785806,4587500
1634,746,716,1448427,15051,786522,4899800
1635,768,799,1447659,15020,787321,4694500
1636,706,691,1446953,15035,788012,4764600
1637,741,745,1446212,15031,788757,5073000
1638,747,750,1445465,15028,789507,5061000
1639,749,742,1444716,15035,790249,5247300
1640,718,730,1443998,15023,790979,4698200
1641,768,737,1443230,15054,791716,4861700
1642,743,727,1442487,15070,792443,4757100
1643,761,731,1441726,15100,793174,4454300
1644,778,775,1440948,15103,793949,5030500
1645,765,784,1440183,15084,794733,4786600
1646,793,739,1439390,15138,795472,4964600
1647,785,741,1438605,15182,796213,5095900
1648,831,724,1437774,15289,796937,4839200
1649,756,792,1437018,15253,797729,4884100
1650,730,820,1436288,15163,798549,4559500
1651,745,732,1435543,15176,799281,4556600
1652,823,766,1434720,15233,800047,4540800
1653,749,783,1433971,15199,800830,4587700
1654,807,702,1433164,15304,801532,4645200
1655,766,751,1432398,15319,802283,4964400
1656,737,769,1431661,15287,803052,4482900
1657,779,804,1430882,15262,803856,5061000
1658,780,711,1430102,15331,804567,4955800
1659,774,755,1429328,15350,805322,4708500
1660,750,758,1428578,15342,806080,4542900
1661,790,754,1427788,15378,806834,4632200
1662,815,831,1426973,15362,807665,4721500
1663,799,763,1426174,15398,808428,4992400
1664,821,753,1425353,15466,809181,4666900
1665,802,762,1424551,15506,809943,5422900
1666,843,761,1423708,15588,810704,4534000
1667,828,749,1422880,15667,811453,4950500
1668,823,740,1422057,15750,812193,4628500
1669,825,810,1421232,15765,813003,4550900
1670,780,798,1420452,15747,813801,4502600
1671,812,754,1419640,15805,814555,4711100
1672,824,835,1418816,15794,815390,4701100
1673,810,864,1418006,15740,816254,4633100
1674,795,806,1417211,15729,817060,5052700
1675,801,774,1416410,15756,817834,4849600
1676,789,738,1415621,15807,818572,4741000
1677,817,776,1414804,15848,819348,4597200
1678,792,786,1414012,15854,820134,4958500
1679,733,763,1413279,15824,820897,4860100
1680,801,789,1412478,15836,821686,4603300
1681,850,803,1411628,15883,822489,4545500
1682,792,775,1410836,15900,823264,4500200
1683,823,781,1410013,15942,824045,4868200
1684,812,808,1409201,15946,824853,4470300
1685,807,773,1408394,15980,825626,4588800
1686,761,816,1407633,15925,826442,4616800
1687,766,838,1406867,15853,827280,4641700
1688,789,781,1406078,15861,828061,4722400
1689,803,712,1405275,15952,828773,4996500
1690,821,809,1404454,15964,829582,4482900
1691,814,833,1403640,15945,830415,5109000
1692,852,739,1402788,16058,831154,4779500
1693,816,845,1401972,16029,831999,5094900
1694,788,803,1401184,16014,832802,4694000
1695,799,776,1400385,16037,833578,4617500
1696,818,834,1399567,16021,834412,5109900
1697,766,772,1398801,16015,835184,5084200
1698,822,757,1397979,16080,835941,4857500
1699,832,825,1397147,16087,836766,5269500
1700,767,807,1396380,16047,837573,4776000
1701,805,830,1395575,16022,838403,4691900
1702,763,799,1394812,15986,839202,5027300
1703,799,730,1394013,16055,839932,5174400
1704,751,778,1393262,16028,840710,4662600
1705,752,782,1392510,15998,841492,4615500
1706,760,818,1391750,15940,842310,5083200
1707,794,812,1390956,15922,843122,4725300
1708,792,821,1390164,15893,843943,4588800
1709,782,805,1389382,15870,844748,5172700
1710,770,836,1388612,15804,845584,4654800
1711,750,793,1387862,15761,846377,4549800
1712,784,770,1387078,15775,847147,5023300
1713,798,770,1386280,15803,847917,4693400
1714,762,786,1385518,15779,848703,5054700
1715,770,748,1384748,15801,849451,4491900
1716,811,848,1383937,15764,850299,4790500
1717,798,797,1383139,15765,851096,4549400
1718,751,813,1382388,15703,851909,4443100
1719,749,826,1381639,15626,852735,4620500
1720,715,773,1380924,15568,853508,4462100
1721,718,790,1380206,15496,854298,4580400
1722,751,771,1379455,15476,855069,5117100
1723,747,766,1378708,15457,855835,5075600
1724,688,816,1378020,15329,856651,5121600
1725,741,806,1377279,15264,857457,4860600
1726,706,763,1376573,15207,858220,5207000
1727,784,795,1375789,15196,859015,4749900
1728,719,709,1375070,15206,859724,4610300
1729,686,719,1374384,15173,860443,4927900
1730,768,770,1373616,15171,861213,5065200
1731,713,802,1372903,15082,862015,4934000
1732,742,739,1372161,15085,862754,4623000
1733,792,719,1371369,15158,863473,5011800
1734,733,793,1370636,15098,864266,5394100
1735,753,755,1369883,15096,865021,4875600
1736,755,764,1369128,15087,865785,4527100
1737,729,749,1368399,15067,866534,4691400
1738,741,771,1367658,15037,867305,4487300
1739,756,757,1366902,15036,868062,4730400
1740,762,736,1366140,15062,868798,4678800
1741,769,788,1365371,15043,869586,4583100
1742,759,736,1364612,15066,870322,5039200
1743,806,773,1363806,15099,871095,4546100
1744,717,759,1363089,15057,871854,4498300
1745,772,781,1362317,15048,872635,4734400
1746,725,752,1361592,15021,873387,5052800
1747,734,761,1360858,14994,874148,5530400
1748,845,765,1360013,15074,874913,5029800
1749,727,739,1359286,15062,875652,4992400
1750,720,745,1358566,15037,876397,4621000
1751,715,729,1357851,15023,877126,4940600
1752,740,782,1357111,14981,877908,4492800
1753,716,744,1356395,14953,878652,4464900
1754,717,802,1355678,14868,879454,4686400
1755,717,758,1354961,14827,880212,5016300
1756,707,692,1354254,14842,880904,4718300
1757,715,714,1353539,14843,881618,4648000
1758,747,728,1352792,14862,882346,4928500
1759,750,734,1352042,14878,883080,5054200
1760,765,756,1351277,14887,883836,5210600
1761,805,762,1350472,14930,884598,5244700
1762,771,726,1349701,14975,885324,5175100
1763,742,836,1348959,14881,886160,5079700
1764,714,740,1348245,14855,886900,5188700
1765,794,712,1347451,14937,887612,5335000
1766,755,769,1346696,14923,888381,4637000
1767,773,740,1345923,14956,889121,5167200
1768,749,738,1345174,14967,889859,4885700
1769,717,765,1344457,14919,890624,4777100
1770,729,778,1343728,14870,891402,5221600
1771,742,747,1342986,14865,892149,4708600
1772,714,770,1342272,14809,892919,4546800
1773,736,761,1341536,14784,893680,5059900
1774,698,705,1340838,14777,894385,4694600
1775,685,716,1340153,14746,895101,4605100
1776,709,747,1339444,14708,895848,4698900
1777,806,756,1338638,14758,896604,4680000
1778,719,718,1337919,14759,897322,5008100
1779,745,760,1337174,14744,898082,4959300
1780,727,710,1336447,14761,898792,4447900
1781,720,740,1335727,14741,899532,4858400
1782,705,724,1335022,14722,900256,4732700
1783,721,714,1334301,14729,900970,5076700
1784,719,729,1333582,14719,901699,5182700
1785,774,759,1332808,14734,902458,4753900
1786,766,716,1332042,14784,903174,5247600
1787,738,734,1331304,14788,903908,4518700
1788,721,769,1330583,14740,904677,4849600
1789,725,764,1329858,14701,905441,4751300
1790,719,753,1329139,14667,906194,4878300
1791,805,712,1328334,14760,906906,4611800
1792,751,706,1327583,14805,907612,4568000
1793,739,759,1326844,14785,908371,5062200
1794,727,727,1326117,14785,909098,4555300
1795,806,730,1325311,14861,909828,5185000
1796,763,724,1324548,14900,910552,5095300
1797,751,773,1323797,14878,911325,5292100
1798,769,774,1323028,14873,912099,4430400
1799,754,751,1322274,14876,912850,4785900
1800,762,797,1321512,14841,913647,4646200
1801,727,805,1320785,14763,914452,5088100
1802,733,738,1320052,14758,915190,4671200
1803,702,730,1319350,14730,915920,4632400
1804,788,742,1318562,14776,916662,5085900
1805,747,718,1317815,14805,917380,4613100
1806,736,745,1317079,14796,918125,5221200
1807,765,754,1316314,14807,918879,4686100
1808,771,741,1315543,14837,919620,4421000
1809,711,760,1314832,14788,920380,4702100
1810,703,773,1314129,14718,921153,5067700
1811,749,793,1313380,14674,921946,4777400
1812,705,728,1312675,14651,922674,4777800
1813,716,757,1311959,14610,923431,4615100
1814,729,751,1311230,14588,924182,5151800
1815,725,724,1310505,14589,924906,4855700
1816,680,747,1309825,14522,925653,4508600
1817,694,760,1309131,14456,926413,4751400
1818,713,718,1308418,14451,927131,4513900
1819,663,708,1307755,14406,927839,4892300
1820,685,744,1307070,14347,928583,4900400
1821,748,731,1306322,14364,929314,4527300
1822,713,725,1305609,14352,930039,4929700
1823,706,739,1304903,14319,930778,4658200
1824,714,698,1304189,14335,931476,4706100
1825,706,737,1303483,14304,932213,5000900
1826,700,718,1302783,14286,932931,4551700
1827,724,747,1302059,14263,933678,4609100
1828,743,732,1301316,14274,934410,4692800
1829,709,682,1300607,14301,935092,4732900
1830,710,741,1299897,14270,935833,4713600
1831,734,697,1299163,14307,936530,4781800
1832,709,682,1298454,14334,937212,4492100
1833,708,694,1297746,14348,937906,4549500
1834,717,741,1297029,14324,938647,4891500
1835,671,720,1296358,14275,939367,5078300
1836,678,699,1295680,14254,940066,4734300
1837,685,671,1294995,14268,940737,4649200
1838,707,682,1294288,14293,941419,4939200
1839,657,695,1293631,14255,942114,4472600
1840,740,679,1292891,14316,942793,4421800
1841,667,727,1292224,14256,943520,4803800
1842,667,683,1291557,14240,944203,4816900
1843,640,749,1290917,14131,944952,4864100
1844,663,691,1290254,14103,945643,4614300
1845,611,743,1289643,13971,946386,4894200
1846,650,698,1288993,13923,947084,4704700
1847,679,704,1288314,13898,947788,4437600
1848,623,697,1287691,13824,948485,4631100
1849,645,680,1287046,13789,949165,4544200
1850,707,692,1286339,13804,949857,4486000
1851,668,715,1285671,13757,950572,4490800
1852,633,677,1285038,13713,951249,4442100
1853,636,717,1284402,13632,951966,4796600
1854,697,705,1283705,13624,952671,4559800
1855,651,689,1283054,13586,953360,4972800
1856,666,673,1282388,13579,954033,4817700
1857,656,694,1281732,13541,954727,4678900
1858,635,686,1281097,13490,955413,4582600
1859,666,695,1280431,13461,956108,4711400
1860,657,637,1279774,13481,956745,4542100
1861,678,688,1279096,13471,957433,5136800
1862,668,701,1278428,13438,958134,4866100
1863,655,694,1277773,13399,958828,4417600
1864,698,647,1277075,13450,959475,4733700
1865,687,674,1276388,13463,960149,4846700
1866,689,690,1275699,13462,960839,5045200
1867,667,683,1275032,13446,961522,4685400
1868,666,643,1274366,13469,962165,4892600
1869,662,646,1273704,13485,962811,4884300
1870,646,668,1273058,13463,963479,4729900
1871,697,648,1272361,13512,964127,4835700
1872,633,661,1271728,13484,964788,5001900
1873,652,651,1271076,13485,965439,4723900
1874,666,668,1270410,13483,966107,4927900
1875,730,670,1269680,13543,966777,4453900
1876,668,665,1269012,13546,967442,4854000
1877,647,708,1268365,13485,968150,4915200
1878,656,704,1267709,13437,968854,4650000
1879,677,691,1267032,13423,969545,4663800
1880,666,650,1266366,13439,970195,4724400
1881,671,672,1265695,13438,970867,5329400
1882,696,698,1264999,13436,971565,4514200
1883,664,719,1264335,13381,972284,4565400
1884,664,720,1263671,13325,973004,4377500
1885,627,636,1263044,13316,973640,4401600
1886,676,670,1262368,13322,974310,4773900
1887,621,676,1261747,13267,974986,4759700
1888,647,627,1261100,13287,975613,4747300
1889,626,671,1260474,13242,976284,4875100
1890,625,601,1259849,13266,976885,5068100
1891,659,650,1259190,13275,977535,4768400
1892,650,661,1258540,13264,978196,4668200
1893,652,685,1257888,13231,978881,4704100
1894,656,640,1257232,13247,979521,4655600
1895,661,687,1256571,13221,980208,4846300
1896,651,640,1255920,13232,980848,4559700
1897,678,671,1255242,13239,981519,4477000
1898,655,661,1254587,13233,982180,4798400
1899,631,636,1253956,13228,982816,4605800
1900,651,620,1253305,13259,983436,5004300
1901,637,678,1252668,13218,984114,4953300
1902,657,648,1252011,13227,984762,4659500
1903,632,618,1251379,13241,985380,4582900
1904,625,717,1250754,13149,986097,4708500
1905,631,674,1250123,13106,986771,4869700
1906,656,643,1249467,13119,987414,4538100
1907,642,676,1248825,13085,988090,4454700
1908,674,565,1248151,13194,988655,5006800
1909,678,615,1247473,13257,989270,4980400
1910,678,644,1246795,13291,989914,4473900
1911,699,691,1246096,13299,990605,4513300
1912,645,667,1245451,13277,991272,4880700
1913,629,701,1244822,13205,991973,4421100
1914,674,696,1244148,13183,992669,4632100
1915,615,645,1243533,13153,993314,4511400
1916,651,654,1242882,13150,993968,4472200
1917,688,624,1242194,13214,994592,4689100
1918,667,660,1241527,13221,995252,5201100
1919,651,648,1240876,13224,995900,4659400
1920,683,658,1240193,13249,996558,4585400
1921,691,683,1239502,13257,997241,4537100
1922,684,661,1238818,13280,997902,4722100
1923,687,631,1238131,13336,998533,5009800
1924,716,669,1237415,13383,999202,4778000
1925,650,723,1236765,13310,999925,4853400
1926,652,643,1236113,13319,1000568,4540200
1927,678,663,1235435,13334,1001231,4955300
1928,673,622,1234762,13385,1001853,5268100
1929,675,662,1234087,13398,1002515,4799100
1930,692,639,1233395,13451,1003154,4583600
1931,679,681,1232716,13449,1003835,4464900
1932,694,652,1232022,13491,1004487,4362500
1933,727,695,1231295,13523,1005182,4415000
1934,679,702,1230616,13500,1005884,4936600
1935,674,689,1229942,13485,1006573,4719700
1936,705,659,1229237,13531,1007232,4788700
1937,700,663,1228537,13568,1007895,4638300
1938,727,678,1227810,13617,1008573,4646500
1939,657,690,1227153,13584,1009263,5083600
1940,688,680,1226465,13592,1009943,4551800
1941,641,701,1225824,13532,1010644,5167800
1942,654,699,1225170,13487,1011343,4712700
1943,643,652,1224527,13478,1011995,4520600
1944,659,686,1223868,13451,1012681,4448500
1945,677,699,1223191,13429,1013380,4362800
1946,685,686,1222506,13428,1014066,4387700
1947,712,681,1221794,13459,1014747,4429500
1948,639,665,1221155,13433,1015412,4412000
1949,673,664,1220482,13442,1016076,4867200
1950,682,702,1219800,13422,1016778,4593200
1951,639,708,1219161,13353,1017486,4741200
1952,650,685,1218511,13318,1018171,4538800
1953,681,664,1217830,13335,1018835,5140200
1954,631,683,1217199,13283,1019518,4529200
1955,640,661,1216559,13262,1020179,4885300
1956,672,645,1215887,13289,1020824,4661400
1957,602,687,1215285,13204,1021511,4618000
1958,618,645,1214667,13177,1022156,4749400
1959,668,695,1213999,13150,1022851,4635800
1960,664,734,1213335,13080,1023585,4548700
1961,684,627,1212651,13137,1024212,4668400
1962,694,711,1211957,13120,1024923,5148900
1963,659,688,1211298,13091,1025611,5009900
1964,697,575,1210601,13213,1026186,4700700
1965,689,677,1209912,13225,1026863,4614400
1966,682,617,1209230,13290,1027480,4818700
1967,653,657,1208577,13286,1028137,4944400
1968,653,655,1207924,13284,1028792,4326300
1969,685,629,1207239,13340,1029421,4750000
1970,673,662,1206566,13351,1030083,5062000
1971,678,666,1205888,13363,1030749,4767100
1972,672,663,1205216,13372,1031412,4778300
1973,688,681,1204528,13379,1032093,5058800
1974,665,667,1203863,13377,1032760,4875600
1975,641,670,1203222,13348,1033430,4850800
1976,634,678,1202588,13304,1034108,4502800
1977,685,670,1201903,13319,1034778,4417200
1978,638,688,1201265,13269,1035466,4465500
1979,634,670,1200631,13233,1036136,4892600
1980,657,628,1199974,13262,1036764,5091600
1981,644,650,1199330,13256,1037414,4806700
1982,639,687,1198691,13208,1038101,4778000
1983,689,639,1198002,13258,1038740,4655000
1984,656,698,1197346,13216,1039438,5083300
1985,635,627,1196711,13224,1040065,4539200
1986,667,645,1196044,13246,1040710,5116300
1987,648,651,1195396,13243,1041361,4776400
1988,661,670,1194735,13234,1042031,5516600
1989,651,656,1194084,13229,1042687,4450100
1990,645,679,1193439,13195,1043366,4449500
1991,638,664,1192801,13169,1044030,4825200
1992,620,638,1192181,13151,1044668,4682800
1993,667,665,1191514,13153,1045333,4320300
1994,610,659,1190904,13104,1045992,4800500
1995,684,687,1190220,13101,1046679,4688500
1996,663,672,1189557,13092,1047351,4598100
1997,652,624,1188905,13120,1047975,4403000
1998,650,711,1188255,13059,1048686,4816900
1999,684,659,1187571,13084,1049345,4769500
2000,674,622,1186897,13136,1049967,4463400
2001,630,656,1186267,13110,1050623,4676900
2002,640,665,1185627,13085,1051288,4971600
2003,611,710,1185016,12986,1051998,4527000
2004,625,617,1184391,12994,1052615,4832600
2005,702,609,1183689,13087,1053224,5113800
2006,656,680,1183033,13063,1053904,4971100
2007,667,607,1182366,13123,1054511,4669400
2008,666,715,1181700,13074,1055226,4613700
2009,691,639,1181009,13126,1055865,4881000
2010,698,627,1180311,13197,1056492,4693100
2011,665,695,1179646,13167,1057187,4672100
2012,707,680,1178939,13194,1057867,4840500
2013,678,671,1178261,13201,1058538,5121900
2014,696,642,1177565,13255,1059180,4728200
2015,629,689,1176936,13195,1059869,4669400
2016,660,683,1176276,13172,1060552,4751400
2017,676,640,1175600,13208,1061192,5297100
2018,665,726,1174935,13147,1061918,4739200
2019,639,684,1174296,13102,1062602,4654100
2020,634,674,1173662,13062,1063276,4753800
2021,672,655,1172990,13079,1063931,4724500
2022,642,644,1172348,13077,1064575,4563200
2023,691,693,1171657,13075,1065268,4690400
2024,611,677,1171046,13009,1065945,4779100
2025,691,630,1170355,13070,1066575,4685300
2026,672,667,1169683,13075,1067242,4637700
2027,673,675,1169010,13073,1067917,4794100
2028,704,658,1168306,13119,1068575,4713900
2029,645,633,1167661,13131,1069208,4836400
2030,663,682,1166998,13112,1069890,5230200
2031,707,680,1166291,13139,1070570,5056600
2032,638,635,1165653,13142,1071205,5140000
2033,623,649,1165030,13116,1071854,5026100
2034,649,644,1164381,13121,1072498,4741900
2035,658,662,1163723,13117,1073160,4770700
2036,656,699,1163067,13074,1073859,4899300
2037,671,658,1162396,13087,1074517,4949500
2038,675,647,1161721,13115,1075164,4949500
2039,665,661,1161056,13119,1075825,4725000
2040,648,634,1160408,13133,1076459,4760900
2041,657,652,1159751,13138,1077111,4659300
2042,643,639,1159108,13142,1077750,4965200
2043,614,645,1158494,13111,1078395,4856200
2044,684,677,1157810,13118,1079072,4741700
2045,686,651,1157124,13153,1079723,4830400
2046,670,657,1156454,13166,1080380,4860600
2047,667,685,1155787,13148,1081065,4673600
2048,643,636,1155144,13155,1081701,4714100
2049,628,642,1154516,13141,1082343,4621900
2050,642,656,1153874,13127,1082999,4901400
2051,643,682,1153231,13088,1083681,5008400
2052,635,661,1152596,13062,1084342,4788400
2053,669,655,1151927,13076,1084997,4919800
2054,644,650,1151283,13070,1085647,5310900
2055,642,702,1150641,13010,1086349,4842400
2056,628,655,1150013,12983,1087004,4747100
2057,688,618,1149325,13053,1087622,4827700
2058,687,683,1148638,13057,1088305,4629600
2059,661,623,1147977,13095,1088928,4754800
2060,663,627,1147314,13131,1089555,4706700
2061,667,646,1146647,13152,1090201,4749200
2062,676,598,1145971,13230,1090799,4753400
2063,643,661,1145328,13212,1091460,4949100
2064,687,626,1144641,13273,1092086,5082200
2065,646,663,1143995,13256,1092749,4825700
2066,682,663,1143313,13275,1093412,4692700
2067,687,651,1142626,13311,1094063,4995300
2068,675,645,1141951,13341,1094708,4874100
2069,669,718,1141282,13292,1095426,4717500
2070,699,666,1140583,13325,1096092,4694700
2071,713,668,1139870,13370,1096760,4792700
2072,708,662,1139162,13416,1097422,4720400
2073,671,675,1138491,13412,1098097,5063900
2074,659,651,1137832,13420,1098748,4716900
2075,628,656,1137204,13392,1099404,4610500
2076,612,658,1136592,13346,1100062,4581000
2077,631,682,1135961,13295,1100744,4722500
2078,676,643,1135285,13328,1101387,4748000
2079,676,695,1134609,13309,1102082,4709100
2080,691,674,1133918,13326,1102756,4941300
2081,627,667,1133291,13286,1103423,4815900
2082,649,630,1132642,13305,1104053,4954300
2083,626,659,1132016,13272,1104712,5062100
2084,680,644,1131336,13308,1105356,4707200
2085,676,638,1130660,13346,1105994,4730600
2086,689,675,1129971,13360,1106669,4622500
2087,651,686,1129320,13325,1107355,4716000
2088,636,639,1128684,13322,1107994,4686000
2089,640,670,1128044,13292,1108664,5179700
2090,678,625,1127366,13345,1109289,4773900
2091,615,699,1126751,13261,1109988,4715300
2092,630,650,1126121,13241,1110638,4742300
2093,652,663,1125469,13230,1111301,4783800
2094,688,651,1124781,13267,1111952,4751500
2095,684,634,1124097,13317,1112586,4735000
2096,649,630,1123448,13336,1113216,4829200
2097,660,657,1122788,13339,1113873,4800600
2098,642,631,1122146,13350,1114504,4885500
2099,666,686,1121480,13330,1115190,4908500
2100,688,641,1120792,13377,1115831,5293600
2101,674,634,1120118,13417,1116465,5205100
2102,692,630,1119426,13479,1117095,4903300
2103,702,706,1118724,13475,1117801,4843200
2104,713,666,1118011,13522,1118467,4790600
2105,675,726,1117336,13471,1119193,4844500
2106,667,658,1116669,13480,1119851,5371000
2107,692,660,1115977,13512,1120511,4842600
2108,692,688,1115285,13516,1121199,4847800
2109,647,695,1114638,13468,1121894,4823800
2110,682,647,1113956,13503,1122541,4751300
2111,655,699,1113301,13459,1123240,5016900
2112,637,686,1112664,13410,1123926,4835400
2113,635,656,1112029,13389,1124582,4917500
2114,651,637,1111378,13403,1125219,4901100
2115,668,674,1110710,13397,1125893,4894300
2116,673,649,1110037,13421,1126542,5341000
2117,667,694,1109370,13394,1127236,5231400
2118,665,678,1108705,13381,1127914,5556600
2119,662,670,1108043,13373,1128584,4977800
2120,657,673,1107386,13357,1129257,5172600
2121,649,664,1106737,13342,1129921,4851300
2122,663,685,1106074,13320,1130606,4940900
2123,666,658,1105408,13328,1131264,4737500
2124,663,652,1104745,13339,1131916,4779500
2125,639,669,1104106,13309,1132585,5168500
2126,704,677,1103402,13336,1133262,4994500
2127,649,639,1102753,13346,1133901,4888300
2128,660,701,1102093,13305,1134602,4813600
2129,609,622,1101484,13292,1135224,4901300
2130,658,703,1100826,13247,1135927,5206700
2131,652,665,1100174,13234,1136592,4846200
2132,648,654,1099526,13228,1137246,4971000
2133,695,649,1098831,13274,1137895,4876800
2134,645,628,1098186,13291,1138523,4833100
2135,644,681,1097542,13254,1139204,4765700
2136,617,645,1096925,13226,1139849,4900200
2137,685,644,1096240,13267,1140493,4903000
2138,673,638,1095567,13302,1141131,4948100
2139,673,712,1094894,13263,1141843,4921200
2140,674,659,1094220,13278,1142502,4872500
2141,699,625,1093521,13352,1143127,5233200
2142,632,639,1092889,13345,1143766,4925800
2143,696,633,1092193,13408,1144399,5080800
2144,662,681,1091531,13389,1145080,4871500
2145,606,650,1090925,13345,1145730,4790400
2146,663,659,1090262,13349,1146389,5040100
2147,684,703,1089578,13330,1147092,4860700
2148,665,665,1088913,13330,1147757,4884000
2149,631,620,1088282,13341,1148377,4948600
2150,663,670,1087619,13334,1149047,4874300
2151,744,657,1086875,13421,1149704,5807100
2152,666,673,1086209,13414,1150377,4888500
2153,651,666,1085558,13399,1151043,4932500
2154,675,673,1084883,13401,1151716,4703700
2155,678,651,1084205,13428,1152367,4698700
2156,692,665,1083513,13455,1153032,4737900
2157,666,612,1082847,13509,1153644,4751800
2158,645,634,1082202,13520,1154278,4780700
2159,709,705,1081493,13524,1154983,4722000
2160,684,672,1080809,13536,1155655,4704500
2161,640,644,1080169,13532,1156299,4637300
2162,625,670,1079544,13487,1156969,4649500
2163,663,606,1078881,13544,1157575,5317900
2164,649,668,1078232,13525,1158243,5143800
2165,658,677,1077574,13506,1158920,4743600
2166,663,663,1076911,13506,1159583,4775400
2167,687,638,1076224,13555,1160221,4804400
2168,623,701,1075601,13477,1160922,4796400
2169,653,690,1074948,13440,1161612,4735100
2170,660,636,1074288,13464,1162248,5296700
2171,620,696,1073668,13388,1162944,5022500
2172,669,681,1072999,13376,1163625,4885200
2173,658,640,1072341,13394,1164265,5143500
2174,645,644,1071696,13395,1164909,4863300
2175,667,632,1071029,13430,1165541,5134300
2176,661,659,1070368,13432,1166200,5247400
2177,667,691,1069701,13408,1166891,4797300
2178,694,651,1069007,13451,1167542,4698900
2179,668,678,1068339,13441,1168220,5030000
2180,683,658,1067656,13466,1168878,4798700
2181,677,649,1066979,13494,1169527,4828000
2182,635,653,1066344,13476,1170180,4999800
2183,654,692,1065690,13438,1170872,5323500
2184,653,630,1065037,13461,1171502,4755300
2185,664,694,1064373,13431,1172196,5073200
2186,681,713,1063692,13399,1172909,4841400
2187,712,704,1062980,13407,1173613,4803100
2188,628,698,1062352,13337,1174311,4891700
2189,661,658,1061691,13340,1174969,5060200
2190,610,678,1061081,13272,1175647,4801200
2191,640,642,1060441,13270,1176289,5044700
2192,649,660,1059792,13259,1176949,4631300
2193,649,646,1059143,13262,1177595,4680100
2194,650,675,1058493,13237,1178270,4721100
2195,684,633,1057809,13288,1178903,4801200
2196,663,654,1057146,13297,1179557,4836500
2197,690,653,1056456,13334,1180210,4723600
2198,657,689,1055799,13302,1180899,4706300
2199,665,705,1055134,13262,1181604,4596200
2200,647,638,1054487,13271,1182242,4674300
2201,601,664,1053886,13208,1182906,5245900
2202,657,643,1053229,13222,1183549,4714000
2203,637,649,1052592,13210,1184198,5172100
2204,656,638,1051936,13228,1184836,4920600
2205,647,705,1051289,13170,1185541,4993900
2206,620,668,1050669,13122,1186209,4998600
2207,623,618,1050046,13127,1186827,4903000
2208,622,645,1049424,13104,1187472,5132000
2209,699,641,1048725,13162,1188113,4761600
2210,617,641,1048108,13138,1188754,4759800
2211,675,682,1047433,13131,1189436,4622400
2212,651,657,1046782,13125,1190093,4835700
2213,638,648,1046144,13115,1190741,5144200
2214,634,656,1045510,13093,1191397,4985100
2215,655,667,1044855,13081,1192064,4884300
2216,667,655,1044188,13093,1192719,5163100
2217,585,600,1043603,13078,1193319,4850000
2218,643,706,1042960,13015,1194025,4722400
2219,654,611,1042306,13058,1194636,4838800
2220,678,695,1041628,13041,1195331,4908000
2221,679,628,1040949,13092,1195959,4880400
2222,663,655,1040286,13100,1196614,4903200
2223,613,704,1039673,13009,1197318,4898000
2224,627,611,1039046,13025,1197929,4707400
2225,591,688,1038455,12928,1198617,4901600
2226,626,670,1037829,12884,1199287,4737100
2227,644,660,1037185,12868,1199947,4727900
2228,628,639,1036557,12857,1200586,4758200
2229,663,661,1035894,12859,1201247,4820300
2230,602,645,1035292,12816,1201892,5139300
2231,640,652,1034652,12804,1202544,4774800
2232,628,640,1034024,12792,1203184,4803000
2233,681,639,1033343,12834,1203823,5087200
2234,676,666,1032667,12844,1204489,4718100
2235,576,616,1032091,12804,1205105,4865900
2236,637,641,1031454,12800,1205746,4875900
2237,667,609,1030787,12858,1206355,4624600
2238,624,617,1030163,12865,1206972,4726100
2239,628,668,1029535,12825,1207640,4695200
2240,631,641,1028904,12815,1208281,4985300
2241,632,642,1028272,12805,1208923,4627600
2242,606,623,1027666,12788,1209546,5055300
2243,643,647,1027023,12784,1210193,4872100
2244,634,647,1026389,12771,1210840,4941700
2245,609,622,1025780,12758,1211462,5215200
2246,621,646,1025159,12733,1212108,5174300
2247,636,656,1024523,12713,1212764,4723400
2248,646,645,1023877,12714,1213409,4972400
2249,606,646,1023271,12674,1214055,4923000
2250,601,651,1022670,12624,1214706,4777400
2251,652,630,1022018,12646,1215336,5069600
2252,686,602,1021332,12730,1215938,4610900
2253,654,651,1020678,12733,1216589,4738100
2254,657,669,1020021,12721,1217258,4629400
2255,627,648,1019394,12700,1217906,4737300
2256,638,664,1018756,12674,1218570,4721200
2257,607,631,1018149,12650,1219201,4723800
2258,620,607,1017529,12663,1219808,4860900
2259,679,613,1016850,12729,1220421,4690700
2260,684,626,1016166,12787,1221047,4975200
2261,655,622,1015511,12820,1221669,4705300
2262,669,650,1014842,12839,1222319,4733800
2263,630,611,1014212,12858,1222930,4758500
2264,663,619,1013549,12902,1223549,5125100
2265,681,610,1012868,12973,1224159,5090000
2266,629,624,1012239,12978,1224783,4703300
2267,676,682,1011563,12972,1225465,4944100
2268,679,623,1010884,13028,1226088,4617200
2269,645,641,1010239,13032,1226729,4531400
2270,678,643,1009561,13067,1227372,5004900
2271,637,660,1008924,13044,1228032,4524200
2272,697,628,1008227,13113,1228660,4623700
2273,650,670,1007577,13093,1229330,4616100
2274,661,604,1006916,13150,1229934,4616100
2275,663,631,1006253,13182,1230565,4778000
2276,646,679,1005607,13149,1231244,4903000
2277,700,673,1004907,13176,1231917,5126600
2278,649,680,1004258,13145,1232597,4865100
2279,630,658,1003628,13117,1233255,4837700
2280,680,660,1002948,13137,1233915,4846500
2281,675,614,1002273,13198,1234529,4852000
2282,663,648,1001610,13213,1235177,5025300
2283,672,682,1000938,13203,1235859,4915300
2284,664,632,1000274,13235,1236491,4642800
2285,642,642,999632,13235,1237133,4855300
2286,678,696,998954,13217,1237829,5312600
2287,665,688,998289,13194,1238517,4557500
2288,692,682,997597,13204,1239199,5285100
2289,641,657,996956,13188,1239856,5133200
2290,698,658,996258,13228,1240514,5257600
2291,655,698,995603,13185,1241212,4770000
2292,717,687,994886,13215,1241899,4808700
2293,674,665,994212,13224,1242564,5222700
2294,643,636,993569,13231,1243200,4962000
2295,659,655,992910,13235,1243855,4759800
2296,670,659,992240,13246,1244514,5168900
2297,688,662,991552,13272,1245176,4777800
2298,635,654,990917,13253,1245830,4966800
2299,635,684,990282,13204,1246514,4994500
2300,640,687,989642,13157,1247201,5111200
2301,668,657,988974,13168,1247858,5079500
2302,636,656,988338,13148,1248514,4849200
2303,674,682,987664,13140,1249196,5161300
2304,609,634,987055,13115,1249830,4579000
2305,682,663,986373,13134,1250493,4923600
2306,650,682,985723,13102,1251175,4739000
2307,663,629,985060,13136,1251804,5057800
2308,626,685,984434,13077,1252489,4850700
2309,647,643,983787,13081,1253132,4816900
2310,658,667,983129,13072,1253799,4846700
2311,667,631,982462,13108,1254430,4975600
2312,645,653,981817,13100,1255083,5347400
2313,663,661,981154,13102,1255744,4859100
2314,651,714,980503,13039,1256458,4683100
2315,637,626,979866,13050,1257084,4817200
2316,620,591,979246,13079,1257675,4624600
2317,678,622,978568,13135,1258297,4963700
2318,625,645,977943,13115,1258942,4585600
2319,610,685,977333,13040,1259627,4585600
2320,668,627,976665,13081,1260254,4886400
2321,657,661,976008,13077,1260915,4590200
2322,683,669,975325,13091,1261584,4687100
2323,652,713,974673,13030,1262297,4614200
2324,645,664,974028,13011,1262961,4723500
2325,656,674,973372,12993,1263635,4617700
2326,650,644,972722,12999,1264279,4808600
2327,673,641,972049,13031,1264920,4573700
2328,681,647,971368,13065,1265567,5251200
2329,665,628,970703,13102,1266195,4925900
2330,660,655,970043,13107,1266850,4635300
2331,669,653,969374,13123,1267503,4641900
2332,618,689,968756,13052,1268192,5127100
2333,644,657,968112,13039,1268849,4755000
2334,625,632,967487,13032,1269481,4805300
2335,637,673,966850,12996,1270154,4721900
2336,624,623,966226,12997,1270777,4611600
2337,623,627,965603,12993,1271404,5138200
2338,666,667,964937,12992,1272071,4833500
2339,677,651,964260,13018,1272722,4692200
2340,631,660,963629,12989,1273382,4773000
2341,618,657,963011,12950,1274039,4770800
2342,671,672,962340,12949,1274711,5036800
2343,627,691,961713,12885,1275402,4883200
2344,658,630,961055,12913,1276032,4745000
2345,597,669,960458,12841,1276701,4703900
2346,624,649,959834,12816,1277350,4700200
2347,679,645,959155,12850,1277995,5206400
2348,622,632,958533,12840,1278627,4951600
2349,614,621,957919,12833,1279248,5023500
2350,687,637,957232,12883,1279885,4800300
2351,601,642,956631,12842,1280527,5079200
2352,631,662,956000,12811,1281189,4635500
2353,601,668,955399,12744,1281857,4592900
2354,631,627,954768,12748,1282484,5421700
2355,666,652,954102,12762,1283136,4971700
2356,685,622,953417,12825,1283758,4991200
2357,657,636,952760,12846,1284394,4860800
2358,672,659,952088,12859,1285053,5260200
2359,620,654,951468,12825,1285707,4682400
2360,667,638,950801,12854,1286345,4973400
2361,666,629,950135,12891,1286974,4746700
2362,667,652,949468,12906,1287626,4988700
2363,665,652,948803,12919,1288278,5032100
2364,609,636,948194,12892,1288914,4733000
2365,599,627,947595,12864,1289541,4969100
2366,637,632,946958,12869,1290173,5128200
2367,658,636,946300,12891,1290809,4876500
2368,631,647,945669,12875,1291456,4854900
2369,652,663,945017,12864,1292119,4938000
2370,612,609,944405,12867,1292728,4680500
2371,651,644,943754,12874,1293372,5040000
2372,633,667,943121,12840,1294039,4635900
2373,615,604,942506,12851,1294643,4707200
2374,625,637,941881,12839,1295280,4654200
2375,644,596,941237,12887,1295876,5141400
2376,596,582,940641,12901,1296458,4698400
2377,644,640,939997,12905,1297098,4642700
2378,620,647,939377,12878,1297745,4795000
2379,601,673,938776,12806,1298418,4738700
2380,618,654,938158,12770,1299072,5180200
2381,593,651,937565,12712,1299723,4675400
2382,614,636,936951,12690,1300359,4880300
2383,635,602,936316,12723,1300961,4974300
2384,578,624,935738,12677,1301585,4797100
2385,629,663,935109,12643,1302248,4973300
2386,639,613,934470,12669,1302861,5006900
2387,615,653,933855,12631,1303514,4899700
2388,645,649,933210,12627,1304163,5052800
2389,675,603,932535,12699,1304766,4911200
2390,639,691,931896,12647,1305457,5002300
2391,587,624,931309,12610,1306081,4761200
2392,615,631,930694,12594,1306712,4741500
2393,635,616,930059,12613,1307328,4716800
2394,610,655,929449,12568,1307983,5351700
2395,651,607,928798,12612,1308590,5060500
2396,586,637,928212,12561,1309227,4867700
2397,663,638,927549,12586,1309865,4750200
2398,607,606,926942,12587,1310471,4680100
2399,669,614,926273,12642,1311085,4755300
2400,649,602,925624,12689,1311687,5027600
2401,643,601,924981,12731,1312288,4658300
2402,643,640,924338,12734,1312928,4650800
2403,660,653,923678,12741,1313581,4685700
2404,648,646,923030,12743,1314227,4771200
2405,690,583,922340,12850,1314810,4666300
2406,633,607,921707,12876,1315417,4763500
2407,597,669,921110,12804,1316086,4746500
2408,647,631,920463,12820,1316717,4749300
2409,666,640,919797,12846,1317357,4853700
2410,636,635,919161,12847,1317992,4862600
2411,600,636,918561,12811,1318628,5268900
2412,612,688,917949,12735,1319316,4738400
2413,641,625,917308,12751,1319941,5370800
2414,627,648,916681,12730,1320589,4652500
2415,649,606,916032,12773,1321195,4804400
2416,620,618,915412,12775,1321813,4692400
2417,650,654,914762,12771,1322467,4559900
2418,602,629,914160,12744,1323096,4584500
2419,622,622,913538,12744,1323718,4784500
2420,589,646,912949,12687,1324364,5150600
2421,612,648,912337,12651,1325012,4770000
2422,631,622,911706,12660,1325634,4856800
2423,616,600,911090,12676,1326234,5167400
2424,638,665,910452,12649,1326899,4793600
2425,614,590,909838,12673,1327489,4772300
2426,625,624,909213,12674,1328113,4772800
2427,589,651,908624,12612,1328764,4786800
2428,617,628,908007,12601,1329392,4643300
2429,635,635,907372,12601,1330027,4713800
2430,634,630,906738,12605,1330657,4772000
2431,649,655,906089,12599,1331312,4961400
2432,627,680,905462,12546,1331992,4700200
2433,587,639,904875,12494,1332631,5190600
2434,663,632,904212,12525,1333263,5419400
2435,613,627,903599,12511,1333890,4775600
2436,662,595,902937,12578,1334485,4748700
2437,599,605,902338,12572,1335090,5107100
2438,648,645,901690,12575,1335735,4923100
2439,648,628,901042,12595,1336363,4762700
2440,637,607,900405,12625,1336970,4453900
2441,609,624,899796,12610,1337594,4948800
2442,628,587,899168,12651,1338181,4655800
2443,653,597,898515,12707,1338778,4670800
2444,616,655,897899,12668,1339433,4630200
2445,564,612,897335,12620,1340045,4741500
2446,592,648,896743,12564,1340693,4576500
2447,605,635,896138,12534,1341328,4467700
2448,640,636,895498,12538,1341964,4619500
2449,592,624,894906,12506,1342588,4694500
2450,620,612,894286,12514,1343200,4680800
2451,595,599,893691,12510,1343799,4683600
2452,599,632,893092,12477,1344431,4727000
2453,603,641,892489,12439,1345072,4577100
2454,628,578,891861,12489,1345650,4673500
2455,597,604,891264,12482,1346254,5099700
2456,594,643,890670,12433,1346897,4597500
2457,677,587,889993,12523,1347484,4714300
2458,646,605,889347,12564,1348089,5031200
2459,584,645,888763,12503,1348734,5011200
2460,636,660,888127,12479,1349394,4810800
2461,640,641,887487,12478,1350035,4752600
2462,650,579,886837,12549,1350614,5050600
2463,606,625,886231,12530,1351239,4984000
2464,700,614,885531,12616,1351853,4780100
2465,656,635,884875,12637,1352488,4724000
2466,653,640,884222,12650,1353128,4633200
2467,632,588,883590,12694,1353716,4997000
2468,625,673,882965,12646,1354389,4963800
2469,629,637,882336,12638,1355026,4594700
2470,645,616,881691,12667,1355642,5047400
2471,660,647,881031,12680,1356289,4626500
2472,634,614,880397,12700,1356903,4893600
2473,627,672,879770,12655,1357575,4581400
2474,654,647,879116,12662,1358222,4539100
2475,606,643,878510,12625,1358865,4712800
2476,612,616,877898,12621,1359481,4609400
2477,604,617,877294,12608,1360098,4970600
2478,635,661,876659,12582,1360759,4689400
2479,647,639,876012,12590,1361398,4645300
2480,611,618,875401,12583,1362016,4574600
2481,651,637,874750,12597,1362653,5365300
2482,608,580,874142,12625,1363233,4563000
2483,671,664,873471,12632,1363897,4570100
2484,632,663,872839,12601,1364560,4608500
2485,665,617,872174,12649,1365177,4624700
2486,621,628,871553,12642,1365805,4789600
2487,600,588,870953,12654,1366393,4910500
2488,622,656,870331,12620,1367049,4609600
2489,657,636,869674,12641,1367685,5140800
2490,636,588,869038,12689,1368273,4990800
2491,686,624,868352,12751,1368897,4893100
2492,655,577,867697,12829,1369474,4757300
2493,638,664,867059,12803,1370138,5349900
2494,655,617,866404,12841,1370755,20766500
2495,657,652,865747,12846,1371407,10017700
2496,596,614,865151,12828,1372021,5051600
2497,608,603,864543,12833,1372624,4834100
2498,632,632,863911,12833,1373256,4688100
2499,581,656,863330,12758,1373912,4792200
2500,621,655,862709,12724,1374567,4697200
2501,626,639,862083,12711,1375206,5090300
2502,638,656,861445,12693,1375862,4834600
2503,627,652,860818,12668,1376514,5110800
2504,580,637,860238,12611,1377151,5089700
2505,614,618,859624,12607,1377769,4835300
2506,642,592,858982,12657,1378361,4716700
2507,605,645,858377,12617,1379006,4651100
2508,585,613,857792,12589,1379619,5051400
2509,631,655,857161,12565,1380274,4813100
2510,652,636,856509,12581,1380910,4885300
2511,642,604,855867,12619,1381514,4801800
2512,628,644,855239,12603,1382158,4842200
2513,601,607,854638,12597,1382765,4976400
2514,640,604,853998,12633,1383369,5313800
2515,623,649,853375,12607,1384018,5020100
2516,647,586,852728,12668,1384604,5141100
2517,629,641,852099,12656,1385245,5175400
2518,634,663,851465,12627,1385908,4956300
2519,641,683,850824,12585,1386591,4913500
2520,635,647,850189,12573,1387238,4835500
2521,596,635,849593,12534,1387873,5212600
2522,593,657,849000,12470,1388530,4620900
2523,610,624,848390,12456,1389154,4634500
2524,606,654,847784,12408,1389808,4983200
2525,620,621,847164,12407,1390429,5297100
2526,598,628,846566,12377,1391057,4590900
2527,588,610,845978,12355,1391667,4684200
2528,586,602,845392,12339,1392269,4759000
2529,558,645,844834,12252,1392914,4723500
2530,640,599,844194,12293,1393513,4782600
2531,583,627,843611,12249,1394140,4762700
2532,603,617,843008,12235,1394757,4638300
2533,575,633,842433,12177,1395390,4875600
2534,586,609,841847,12154,1395999,4621800
2535,578,582,841269,12150,1396581,4868200
2536,610,642,840659,12118,1397223,4693000
2537,584,570,840075,12132,1397793,4983600
2538,615,633,839460,12114,1398426,5285300
2539,628,616,838832,12126,1399042,4648500
2540,600,611,838232,12115,1399653,4798100
2541,622,603,837610,12134,1400256,5079300
2542,562,627,837048,12069,1400883,5362100
2543,589,628,836459,12030,1401511,4796700
2544,558,628,835901,11960,1402139,4718900
2545,609,583,835292,11986,1402722,4871500
2546,628,612,834664,12002,1403334,5064000
2547,580,621,834084,11961,1403955,4861000
2548,602,568,833482,11995,1404523,4595900
2549,595,604,832887,11986,1405127,4712000
2550,561,580,832326,11967,1405707,4835000
2551,603,631,831723,11939,1406338,4608800
2552,553,617,831170,11875,1406955,4621000
2553,608,577,830562,11906,1407532,5015300
2554,563,600,829999,11869,1408132,5139100
2555,562,610,829437,11821,1408742,4814200
2556,577,610,828860,11788,1409352,4935000
2557,582,569,828278,11801,1409921,4804200
2558,560,612,827718,11749,1410533,4649200
2559,592,606,827126,11735,1411139,4596800
2560,549,587,826577,11697,1411726,4543900
2561,573,611,826004,11659,1412337,4842900
2562,590,591,825414,11658,1412928,4954100
2563,605,587,824809,11676,1413515,4772200
2564,592,612,824217,11656,1414127,4578800
2565,584,619,823633,11621,1414746,4568300
2566,555,603,823078,11573,1415349,4620000
2567,566,568,822512,11571,1415917,4674500
2568,603,572,821909,11602,1416489,4576200
2569,593,609,821316,11586,1417098,4717200
2570,595,549,820721,11632,1417647,4941800
2571,574,571,820147,11635,1418218,4707900
2572,578,579,819569,11634,1418797,4572200
2573,601,595,818968,11640,1419392,5059400
2574,558,572,818410,11626,1419964,4520400
2575,560,580,817850,11606,1420544,4523900
2576,553,587,817297,11572,1421131,5032900
2577,593,524,816704,11641,1421655,4547000
2578,553,599,816151,11595,1422254,4589600
2579,582,637,815569,11540,1422891,5020600
2580,572,578,814997,11534,1423469,5082000
2581,592,572,814405,11554,1424041,4517000
2582,500,584,813905,11470,1424625,4601500
2583,576,614,813329,11432,1425239,4824100
2584,523,622,812806,11333,1425861,4806200
2585,585,585,812221,11333,1426446,5006700
2586,566,544,811655,11355,1426990,5085500
2587,542,547,811113,11350,1427537,5196000
2588,552,540,810561,11362,1428077,5295600
2589,580,576,809981,11366,1428653,4612700
2590,508,615,809473,11259,1429268,4573400
2591,558,544,808915,11273,1429812,4863200
2592,542,572,808373,11243,1430384,4814200
2593,518,592,807855,11169,1430976,4641900
2594,558,557,807297,11170,1431533,4563100
2595,546,591,806751,11125,1432124,4593500
2596,519,529,806232,11115,1432653,4671300
2597,574,598,805658,11091,1433251,4626200
2598,553,550,805105,11094,1433801,4709000
2599,536,571,804569,11059,1434372,4816500
2600,545,547,804024,11057,1434919,4796400
2601,567,563,803457,11061,1435482,4759500
2602,540,543,802917,11058,1436025,4675800
2603,551,529,802366,11080,1436554,4670900
2604,577,545,801789,11112,1437099,4527600
2605,551,567,801238,11096,1437666,4684200
2606,568,560,800670,11104,1438226,4671900
2607,554,561,800116,11097,1438787,4554800
2608,568,556,799548,11109,1439343,4508800
2609,514,563,799034,11060,1439906,4967000
2610,575,536,798459,11099,1440442,4807800
2611,545,548,797914,11096,1440990,5366400
2612,526,611,797388,11011,1441601,4666500
2613,543,510,796845,11044,1442111,4555200
2614,554,568,796291,11030,1442679,4658200
2615,534,568,795757,10996,1443247,4974200
2616,515,578,795242,10933,1443825,4573800
2617,532,531,794710,10934,1444356,4573100
2618,547,537,794163,10944,1444893,4819200
2619,522,573,793641,10893,1445466,4821800
2620,521,568,793120,10846,1446034,4879200
2621,533,558,792587,10821,1446592,4707800
2622,571,559,792016,10833,1447151,4700000
2623,563,537,791453,10859,1447688,4643900
2624,555,536,790898,10878,1448224,5083300
2625,549,548,790349,10879,1448772,5172000
2626,522,590,789827,10811,1449362,5169400
2627,521,596,789306,10736,1449958,4759600
2628,515,546,788791,10705,1450504,4552900
2629,514,503,788277,10716,1451007,4598300
2630,512,544,787765,10684,1451551,4958400
2631,525,536,787240,10673,1452087,5053900
2632,532,523,786708,10682,1452610,4600200
2633,557,545,786151,10694,1453155,4577200
2634,540,523,785611,10711,1453678,4608700
2635,555,521,785056,10745,1454199,4551200
2636,596,534,784460,10807,1454733,4521500
2637,534,513,783926,10828,1455246,4961800
2638,546,497,783380,10877,1455743,4682700
2639,535,557,782845,10855,1456300,4736000
2640,543,554,782302,10844,1456854,5178700
2641,532,546,781770,10830,1457400,4780000
2642,493,546,781277,10777,1457946,4632300
2643,538,513,780739,10802,1458459,4626600
2644,551,546,780188,10807,1459005,4714700
2645,528,521,779660,10814,1459526,4776300
2646,522,528,779138,10808,1460054,4617500
2647,521,595,778617,10734,1460649,4617900
2648,527,537,778090,10724,1461186,4667900
2649,497,555,777593,10666,1461741,4655800
2650,554,580,777039,10640,1462321,4634500
2651,548,509,776491,10679,1462830,4738200
2652,531,523,775960,10687,1463353,4759500
2653,527,526,775433,10688,1463879,4798500
2654,510,544,774923,10654,1464423,4858200
2655,553,561,774370,10646,1464984,4765300
2656,569,507,773801,10708,1465491,4634400
2657,532,561,773269,10679,1466052,5009000
2658,557,495,772712,10741,1466547,4677100
2659,541,544,772171,10738,1467091,4674700
2660,536,529,771635,10745,1467620,4605600
2661,515,583,771120,10677,1468203,5030300
2662,542,497,770578,10722,1468700,4724900
2663,553,551,770025,10724,1469251,4725600
2664,551,574,769474,10701,1469825,4671600
2665,579,540,768895,10740,1470365,4722000
2666,560,576,768335,10724,1470941,4749400
2667,543,597,767792,10670,1471538,4942800
2668,518,568,767274,10620,1472106,5176300
2669,525,498,766749,10647,1472604,5151800
2670,551,516,766198,10682,1473120,4810800
2671,529,545,765669,10666,1473665,4650800
2672,574,504,765095,10736,1474169,4647400
2673,538,537,764557,10737,1474706,4652600
2674,536,531,764021,10742,1475237,4798800
2675,522,547,763499,10717,1475784,4657100
2676,529,523,762970,10723,1476307,4654200
2677,510,525,762460,10708,1476832,4700700
2678,476,543,761984,10641,1477375,4544200
2679,487,528,761497,10600,1477903,4572100
2680,527,518,760970,10609,1478421,4637000
2681,550,510,760420,10649,1478931,4883700
2682,518,535,759902,10632,1479466,4634700
2683,544,539,759358,10637,1480005,4717500
2684,540,523,758818,10654,1480528,4637400
2685,534,533,758284,10655,1481061,4630900
2686,539,555,757745,10639,1481616,4734000
2687,507,519,757238,10627,1482135,5268400
2688,539,555,756699,10611,1482690,4851600
2689,490,497,756209,10604,1483187,4743500
2690,528,506,755681,10626,1483693,4761600
2691,525,525,755156,10626,1484218,5196800
2692,476,539,754680,10563,1484757,5201000
2693,553,518,754127,10598,1485275,5213700
2694,509,511,753618,10596,1485786,5249300
2695,548,529,753070,10615,1486315,4953500
2696,515,536,752555,10594,1486851,4819100
2697,528,516,752027,10606,1487367,4969300
2698,574,544,751453,10636,1487911,5155600
2699,539,537,750914,10638,1488448,4579500
2700,498,547,750416,10589,1488995,4593900
2701,509,532,749907,10566,1489527,4691900
2702,510,552,749397,10524,1490079,4560300
2703,531,486,748866,10569,1490565,4822400
2704,528,544,748338,10553,1491109,4717500
2705,577,567,747761,10563,1491676,4936200
2706,554,537,747207,10580,1492213,4693700
2707,516,548,746691,10548,1492761,5186800
2708,526,547,746165,10527,1493308,4711800
2709,513,502,745652,10538,1493810,4970100
2710,505,513,745147,10530,1494323,4731700
2711,521,537,744626,10514,1494860,4640200
2712,511,558,744115,10467,1495418,4702800
2713,499,497,743616,10469,1495915,4577600
2714,527,512,743089,10484,1496427,4656500
2715,485,498,742604,10471,1496925,5169100
2716,513,499,742091,10485,1497424,4985200
2717,492,536,741599,10441,1497960,4480800
2718,498,544,741101,10395,1498504,4459700
2719,519,522,740582,10392,1499026,4635400
2720,506,506,740076,10392,1499532,4709800
2721,486,490,739590,10388,1500022,4746900
2722,524,494,739066,10418,1500516,4842300
2723,539,544,738527,10413,1501060,4922600
2724,540,504,737987,10449,1501564,4865800
2725,527,496,737460,10480,1502060,5217700
2726,496,538,736964,10438,1502598,5104100
2727,517,530,736447,10425,1503128,4988800
2728,504,513,735943,10416,1503641,4766100
2729,524,532,735419,10408,1504173,4720600
2730,526,504,734893,10430,1504677,4710100
2731,526,514,734367,10442,1505191,4622900
2732,544,522,733823,10464,1505713,4963400
2733,525,532,733298,10457,1506245,4627600
2734,521,519,732777,10459,1506764,4602500
2735,517,527,732260,10449,1507291,4740800
2736,502,537,731758,10414,1507828,4804800
2737,545,519,731213,10440,1508347,4612200
2738,494,506,730719,10428,1508853,4647400
2739,509,533,730210,10404,1509386,4660600
2740,514,528,729696,10390,1509914,4649700
2741,549,525,729147,10414,1510439,4581800
2742,534,518,728613,10430,1510957,4916500
2743,536,491,728077,10475,1511448,4876600
2744,503,532,727574,10446,1511980,4666800
2745,526,491,727048,10481,1512471,4794500
2746,509,537,726539,10453,1513008,4582100
2747,491,536,726048,10408,1513544,4625900
2748,491,544,725557,10355,1514088,4654400
2749,493,511,725064,10337,1514599,4686000
2750,484,523,724580,10298,1515122,4648300
2751,479,507,724101,10270,1515629,5076000
2752,489,484,723612,10275,1516113,4837200
2753,477,461,723135,10291,1516574,4792400
2754,512,469,722623,10334,1517043,4960600
2755,496,494,722127,10336,1517537,4790200
2756,508,495,721619,10349,1518032,4660900
2757,478,530,721141,10297,1518562,4658400
2758,519,502,720622,10314,1519064,4742000
2759,516,509,720106,10321,1519573,4690700
2760,480,497,719626,10304,1520070,4642600
2761,508,497,719118,10315,1520567,4903900
2762,521,516,718597,10320,1521083,4783700
2763,478,452,718119,10346,1521535,4698100
2764,524,552,717595,10318,1522087,4943700
2765,477,498,717118,10297,1522585,5026100
2766,509,484,716609,10322,1523069,4808700
2767,499,527,716110,10294,1523596,4789600
2768,506,525,715604,10275,1524121,4884000
2769,524,516,715080,10283,1524637,4712200
2770,491,524,714589,10250,1525161,4772500
2771,461,501,714128,10210,1525662,4862300
2772,481,495,713647,10196,1526157,4706000
2773,477,523,713170,10150,1526680,4828200
2774,463,486,712707,10127,1527166,4696000
2775,516,509,712191,10134,1527675,4961100
2776,505,544,711686,10095,1528219,4963900
2777,503,531,711183,10067,1528750,5205500
2778,493,536,710690,10024,1529286,4694200
2779,482,496,710208,10010,1529782,4653700
2780,440,492,709768,9958,1530274,4775800
2781,475,485,709293,9948,1530759,4697400
2782,468,460,708825,9956,1531219,4687000
2783,510,529,708315,9937,1531748,4677800
2784,508,503,707807,9942,1532251,5212300
2785,491,513,707316,9920,1532764,5427500
2786,471,514,706845,9877,1533278,4601100
2787,490,469,706355,9898,1533747,4673600
2788,524,485,705831,9937,1534232,4593800
2789,463,558,705368,9842,1534790,5196500
2790,494,508,704874,9828,1535298,4678900
2791,486,487,704388,9827,1535785,4821300
2792,480,491,703908,9816,1536276,4716000
2793,463,468,703445,9811,1536744,4855700
2794,476,481,702969,9806,1537225,5399200
2795,497,472,702472,9831,1537697,5405200
2796,487,496,701985,9822,1538193,5209900
2797,514,485,701471,9851,1538678,5198600
2798,499,494,700972,9856,1539172,5383500
2799,497,519,700475,9834,1539691,5299400
2800,509,485,699966,9858,1540176,5590500
2801,510,492,699456,9876,1540668,5384300
2802,493,462,698963,9907,1541130,5230100
2803,540,495,698423,9952,1541625,5318000
2804,509,500,697914,9961,1542125,5314100
2805,471,465,697443,9967,1542590,5298200
2806,507,544,696936,9930,1543134,5190500
2807,523,469,696413,9984,1543603,5301600
2808,521,498,695892,10007,1544101,5223400
2809,531,500,695361,10038,1544601,5239000
2810,520,461,694841,10097,1545062,5309600
2811,538,505,694303,10130,1545567,5258500
2812,498,468,693805,10160,1546035,5171200
2813,501,526,693304,10135,1546561,5580700
2814,476,521,692828,10090,1547082,5387600
2815,497,504,692331,10083,1547586,5420900
2816,483,504,691848,10062,1548090,5226600
2817,462,504,691386,10020,1548594,5200800
2818,544,513,690842,10051,1549107,5415800
2819,523,511,690319,10063,1549618,5233500
2820,523,478,689796,10108,1550096,5240500
2821,492,533,689304,10067,1550629,5264100
2822,495,485,688809,10077,1551114,4742700
2823,493,485,688316,10085,1551599,4859800
2824,500,510,687816,10075,1552109,5145500
2825,479,510,687337,10044,1552619,4706800
2826,496,493,686841,10047,1553112,4914400
2827,501,517,686340,10031,1553629,4768600
2828,488,521,685852,9998,1554150,5080800
2829,469,498,685383,9969,1554648,4709600
2830,454,506,684929,9917,1555154,4917200
2831,486,514,684443,9889,1555668,4671600
2832,483,484,683960,9888,1556152,4652400
2833,488,502,683472,9874,1556654,4629900
2834,462,498,683010,9838,1557152,4609200
2835,452,461,682558,9829,1557613,4600200
2836,448,480,682110,9797,1558093,4686800
2837,495,472,681615,9820,1558565,4655100
2838,498,486,681117,9832,1559051,4645400
2839,489,480,680628,9841,1559531,4639900
2840,472,501,680156,9812,1560032,4668800
2841,475,490,679681,9797,1560522,4575300
2842,474,489,679207,9782,1561011,4868400
2843,493,469,678714,9806,1561480,5130200
2844,479,476,678235,9809,1561956,4961000
2845,449,464,677786,9794,1562420,5210200
2846,454,457,677332,9791,1562877,4669100
2847,471,495,676861,9767,1563372,4654900
2848,507,527,676354,9747,1563899,5242200
2849,486,449,675868,9784,1564348,4985800
2850,523,475,675345,9832,1564823,4606300
2851,478,472,674867,9838,1565295,4700700
2852,525,473,674342,9890,1565768,4751000
2853,496,506,673846,9880,1566274,4845000
2854,463,503,673383,9840,1566777,4573200
2855,487,496,672896,9831,1567273,4341700
2856,487,483,672409,9835,1567756,4935800
2857,463,457,671946,9841,1568213,4497200
2858,450,498,671496,9793,1568711,4829900
2859,490,492,671006,9791,1569203,4617100
2860,473,479,670533,9785,1569682,4543400
2861,442,518,670091,9709,1570200,4603200
2862,466,478,669625,9697,1570678,4566400
2863,465,498,669160,9664,1571176,4616600
2864,513,453,668647,9724,1571629,4554700
2865,470,501,668177,9693,1572130,4602800
2866,478,478,667699,9693,1572608,4629300
2867,468,498,667231,9663,1573106,4633100
2868,463,428,666768,9698,1573534,4563100
2869,457,474,666311,9681,1574008,4724500
2870,454,478,665857,9657,1574486,4640400
2871,489,481,665368,9665,1574967,4743300
2872,468,500,664900,9633,1575467,4674800
2873,456,505,664444,9584,1575972,4685600
2874,459,486,663985,9557,1576458,4572000
2875,493,453,663492,9597,1576911,4545600
2876,459,475,663033,9581,1577386,4614100
2877,488,475,662545,9594,1577861,4881900
2878,447,472,662098,9569,1578333,4442300
2879,504,461,661594,9612,1578794,4503900
2880,526,499,661068,9639,1579293,4502500
2881,491,482,660577,9648,1579775,4621600
2882,473,502,660104,9619,1580277,4620100
2883,470,497,659634,9592,1580774,4752400
2884,483,480,659151,9595,1581254,4573000
2885,476,507,658675,9564,1581761,4851400
2886,491,481,658184,9574,1582242,4990900
2887,463,487,657721,9550,1582729,4577600
2888,492,479,657229,9563,1583208,5104000
2889,446,459,656783,9550,1583667,4656900
2890,455,475,656328,9530,1584142,4904700
2891,438,500,655890,9468,1584642,5125100
2892,451,434,655439,9485,1585076,4767100
2893,462,463,654977,9484,1585539,4683600
2894,437,451,654540,9470,1585990,4551400
2895,460,480,654080,9450,1586470,4609100
2896,466,492,653614,9424,1586962,4616200
2897,465,458,653149,9431,1587420,4519100
2898,463,491,652686,9403,1587911,4502500
2899,484,447,652202,9440,1588358,4682700
2900,477,463,651725,9454,1588821,4674500
2901,447,501,651278,9400,1589322,4750400
2902,473,480,650805,9393,1589802,4769100
2903,450,448,650355,9395,1590250,4695600
2904,456,477,649899,9374,1590727,4691300
2905,444,526,649455,9292,1591253,4758400
2906,409,472,649046,9229,1591725,4980500
2907,458,431,648588,9256,1592156,5248100
2908,452,440,648136,9268,1592596,4858900
2909,468,472,647668,9264,1593068,4619600
2910,471,451,647197,9284,1593519,4551200
2911,488,417,646709,9355,1593936,4969600
2912,486,432,646223,9409,1594368,5136100
2913,509,475,645714,9443,1594843,4620900
2914,495,521,645219,9417,1595364,4787800
2915,493,435,644726,9475,1595799,4669500
2916,469,493,644257,9451,1596292,4627100
2917,464,463,643793,9452,1596755,4635700
2918,450,460,643343,9442,1597215,4646900
2919,472,436,642871,9478,1597651,4919600
2920,459,457,642412,9480,1598108,4607800
2921,508,461,641904,9527,1598569,4637200
2922,476,487,641428,9516,1599056,4903000
2923,471,492,640957,9495,1599548,4566700
2924,428,461,640529,9462,1600009,4611600
2925,431,443,640098,9450,1600452,4589400
2926,448,506,639650,9392,1600958,4563700
2927,466,486,639184,9372,1601444,4548100
2928,437,428,638747,9381,1601872,4811700
2929,470,489,638277,9362,1602361,4928000
2930,458,450,637819,9370,1602811,4820100
2931,509,455,637310,9424,1603266,4855600
2932,465,520,636845,9369,1603786,4799100
2933,413,474,636432,9308,1604260,4746400
2934,470,458,635962,9320,1604718,4861200
2935,470,445,635492,9345,1605163,5139100
2936,439,446,635053,9338,1605609,5074400
2937,469,433,634584,9374,1606042,4953800
2938,492,514,634092,9352,1606556,4869700
2939,421,428,633671,9345,1606984,4844800
2940,445,431,633226,9359,1607415,5411200
2941,413,521,632813,9251,1607936,4935900
2942,469,495,632344,9225,1608431,4846700
2943,423,459,631921,9189,1608890,4881000
2944,458,436,631463,9211,1609326,4773500
2945,439,434,631024,9216,1609760,4699700
2946,461,484,630563,9193,1610244,4756800
2947,446,476,630117,9163,1610720,4653400
2948,480,461,629637,9182,1611181,4580600
2949,417,444,629220,9155,1611625,4693500
2950,441,436,628779,9160,1612061,4644900
2951,484,456,628295,9188,1612517,4732300
2952,448,449,627847,9187,1612966,4432200
2953,479,490,627368,9176,1613456,4583600
2954,458,413,626910,9221,1613869,4582100
2955,441,490,626469,9172,1614359,4871900
2956,501,454,625968,9219,1614813,4589000
2957,457,433,625511,9243,1615246,4815300
2958,472,415,625039,9300,1615661,4617700
2959,449,460,624590,9289,1616121,4951000
2960,458,448,624132,9299,1616569,4580100
2961,484,485,623648,9298,1617054,4656400
2962,451,497,623197,9252,1617551,4594800
2963,493,469,622704,9276,1618020,4675600
2964,463,463,622241,9276,1618483,5134500
2965,427,473,621814,9230,1618956,5195600
2966,445,463,621369,9212,1619419,4695200
2967,441,464,620928,9189,1619883,5226200
2968,466,466,620462,9189,1620349,4525400
2969,451,487,620011,9153,1620836,4689800
2970,423,433,619588,9143,1621269,4619200
2971,455,439,619133,9159,1621708,4932300
2972,451,464,618682,9146,1622172,4803400
2973,425,455,618257,9116,1622627,4753900
2974,463,434,617794,9145,1623061,4565400
2975,441,439,617353,9147,1623500,4572800
2976,438,450,616915,9135,1623950,4560400
2977,453,480,616462,9108,1624430,4616300
2978,449,425,616013,9132,1624855,4509500
2979,431,511,615582,9052,1625366,4538300
2980,453,423,615129,9082,1625789,4548500
2981,410,443,614719,9049,1626232,4631400
2982,456,440,614263,9065,1626672,4924100
2983,445,489,613818,9021,1627161,4495200
2984,427,451,613391,8997,1627612,4778100
2985,448,452,612943,8993,1628064,4643300
2986,439,468,612504,8964,1628532,4595100
2987,431,443,612073,8952,1628975,4880900
2988,454,446,611619,8960,1629421,4627700
2989,436,432,611183,8964,1629853,5051800
2990,451,462,610732,8953,1630315,5072600
2991,404,469,610328,8888,1630784,4821300
2992,437,466,609891,8859,1631250,4696200
2993,407,450,609484,8816,1631700,4753200
2994,414,466,609070,8764,1632166,4704000
2995,441,436,608629,8769,1632602,4656500
2996,422,415,608207,8776,1633017,4569000
2997,419,458,607788,8737,1633475,4976400
2998,420,457,607368,8700,1633932,4528500
2999,426,439,606942,8687,1634371,4809900
3000,423,430,606519,8680,1634801,4755300
3001,421,406,606098,8695,1635207,4688800
3002,438,432,605660,8701,1635639,4587600
3003,454,441,605206,8714,1636080,5034500
3004,449,404,604757,8759,1636484,4716200
3005,493,446,604264,8806,1636930,4716800
3006,458,446,603806,8818,1637376,4728000
3007,453,433,603353,8838,1637809,4651700
3008,463,437,602890,8864,1638246,4599900
3009,465,410,602425,8919,1638656,4610600
3010,431,450,601994,8900,1639106,4942200
3011,485,451,601509,8934,1639557,5559400
3012,490,451,601019,8973,1640008,5378100
3013,509,417,600510,9065,1640425,4787500
3014,434,472,600076,9027,1640897,4605100
3015,465,452,599611,9040,1641349,4513100
3016,494,453,599117,9081,1641802,4539500
3017,445,454,598672,9072,1642256,4528200
3018,422,480,598250,9014,1642736,4476500
3019,442,455,597808,9001,1643191,4733300
3020,405,477,597403,8929,1643668,4623000
3021,439,412,596964,8956,1644080,4745200
3022,455,447,596509,8964,1644527,4658700
3023,450,486,596059,8928,1645013,4658000
3024,494,392,595565,9030,1645405,4535400
3025,436,419,595129,9047,1645824,4557100
3026,443,454,594686,9036,1646278,5063100
3027,431,436,594255,9031,1646714,4688900
3028,474,440,593781,9065,1647154,4922700
3029,468,431,593313,9102,1647585,4733300
3030,471,430,592842,9143,1648015,4700800
3031,455,458,592387,9140,1648473,5091800
3032,506,479,591881,9167,1648952,4677900
3033,418,492,591463,9093,1649444,4543300
3034,503,438,590960,9158,1649882,4702100
3035,502,403,590458,9257,1650285,4745400
3036,455,416,590003,9296,1650701,4722300
3037,489,471,589514,9314,1651172,4631500
3038,456,511,589058,9259,1651683,4616100
3039,459,472,588599,9246,1652155,4611100
3040,433,442,588166,9237,1652597,4550400
3041,436,431,587730,9242,1653028,4624900
3042,433,468,587297,9207,1653496,4581200
3043,484,475,586813,9216,1653971,4971500
3044,479,488,586334,9207,1654459,4663900
3045,436,488,585898,9155,1654947,4574200
3046,442,488,585456,9109,1655435,4583300
3047,512,455,584944,9166,1655890,4575500
3048,459,459,584485,9166,1656349,4540900
3049,477,436,584008,9207,1656785,4554600
3050,479,469,583529,9217,1657254,4515600
3051,454,467,583075,9204,1657721,4577800
3052,485,490,582590,9199,1658211,4500700
3053,452,484,582138,9167,1658695,4471000
3054,499,453,581639,9213,1659148,4722000
3055,487,465,581152,9235,1659613,5085500
3056,488,462,580664,9261,1660075,4866600
3057,456,460,580208,9257,1660535,4802000
3058,481,427,579727,9311,1660962,4615100
3059,454,439,579273,9326,1661401,4846200
3060,451,459,578822,9318,1661860,4927800
3061,411,466,578411,9263,1662326,5116900
3062,437,472,577974,9228,1662798,4655500
3063,446,462,577528,9212,1663260,4564300
3064,447,475,577081,9184,1663735,4541100
3065,438,495,576643,9127,1664230,4526700
3066,439,442,576204,9124,1664672,4603000
3067,460,435,575744,9149,1665107,4651100
3068,434,461,575310,9122,1665568,4649000
3069,429,479,574881,9072,1666047,4885700
3070,468,432,574413,9108,1666479,4690200
3071,415,457,573998,9066,1666936,4618000
3072,409,425,573589,9050,1667361,4578200
3073,416,472,573173,8994,1667833,4635600
3074,449,461,572724,8982,1668294,4650000
3075,461,475,572263,8968,1668769,4630400
3076,458,417,571805,9009,1669186,4632900
3077,407,478,571398,8938,1669664,4483900
3078,445,454,570953,8929,1670118,4464700
3079,420,402,570533,8947,1670520,4470400
3080,430,445,570103,8932,1670965,4783000
3081,403,417,569700,8918,1671382,4479700
3082,416,472,569284,8862,1671854,4510600
3083,412,439,568872,8835,1672293,4646900
3084,389,453,568483,8771,1672746,4667200
3085,444,417,568039,8798,1673163,4562500
3086,420,440,567619,8778,1673603,4855900
3087,438,493,567181,8723,1674096,4676100
3088,420,423,566761,8720,1674519,4516200
3089,395,443,566366,8672,1674962,4900300
3090,427,422,565939,8677,1675384,5152400
3091,420,451,565519,8646,1675835,4485200
3092,411,445,565108,8612,1676280,4524600
3093,396,460,564712,8548,1676740,4709500
3094,396,414,564316,8530,1677154,4896500
3095,430,421,563886,8539,1677575,5176800
3096,419,464,563467,8494,1678039,5133500
3097,446,375,563021,8565,1678414,4712800
3098,423,441,562598,8547,1678855,5005900
3099,423,409,562175,8561,1679264,4605300
3100,442,446,561733,8557,1679710,4594200
3101,429,401,561304,8585,1680111,4551600
3102,435,421,560869,8599,1680532,4731800
3103,417,409,560452,8607,1680941,4900400
3104,427,426,560025,8608,1681367,4822600
3105,409,421,559616,8596,1681788,4773500
3106,417,427,559199,8586,1682215,4662700
3107,479,404,558720,8661,1682619,4478600
3108,445,407,558275,8699,1683026,4594600
3109,439,443,557836,8695,1683469,4784100
3110,437,418,557399,8714,1683887,4668300
3111,425,422,556974,8717,1684309,4889600
3112,391,416,556583,8692,1684725,4769500
3113,428,386,556155,8734,1685111,4895700
3114,438,430,555717,8742,1685541,5009900
3115,415,461,555302,8696,1686002,4938500
3116,454,448,554848,8702,1686450,4545600
3117,467,415,554381,8754,1686865,4536400
3118,448,446,553933,8756,1687311,4541400
3119,460,465,553473,8751,1687776,4595300
3120,455,412,553018,8794,1688188,4470900
3121,460,437,552558,8817,1688625,4487300
3122,475,447,552083,8845,1689072,4851600
3123,443,427,551640,8861,1689499,4614000
3124,476,472,551164,8865,1689971,4752100
3125,423,455,550741,8833,1690426,4959600
3126,465,423,550276,8875,1690849,4988300
3127,436,439,549840,8872,1691288,4707800
3128,454,430,549386,8896,1691718,5609400
3129,449,439,548937,8906,1692157,4759100
3130,489,437,548448,8958,1692594,4510200
3131,478,423,547970,9013,1693017,4468400
3132,398,463,547572,8948,1693480,4882900
3133,441,450,547131,8939,1693930,4994500
3134,440,468,546691,8911,1694398,5035300
3135,457,446,546234,8922,1694844,4860200
3136,461,440,545773,8943,1695284,4640500
3137,421,461,545352,8903,1695745,4746500
3138,447,463,544905,8887,1696208,4860200
3139,447,460,544458,8874,1696668,4950700
3140,454,444,544004,8884,1697112,4897000
3141,407,457,543597,8834,1697569,4918500
3142,423,435,543174,8822,1698004,5280800
3143,421,448,542753,8795,1698452,5109100
3144,436,439,542317,8792,1698891,5159600
3145,424,463,541893,8753,1699354,5083200
3146,461,435,541432,8779,1699789,5344900
3147,461,443,540971,8797,1700232,5186500
3148,435,425,540536,8807,1700657,4837300
3149,411,442,540125,8776,1701099,4615700
3150,416,452,539709,8740,1701551,4542200
3151,406,451,539303,8695,1702002,4834600
3152,423,417,538880,8701,1702419,5073300
3153,425,445,538455,8681,1702864,4671400
3154,481,438,537974,8724,1703302,5160500
3155,396,408,537578,8712,1703710,4596000
3156,450,400,537128,8762,1704110,4624500
3157,423,424,536705,8761,1704534,4931300
3158,460,426,536245,8795,1704960,4654500
3159,440,448,535805,8787,1705408,4863100
3160,420,453,535385,8754,1705861,4551300
3161,449,460,534936,8743,1706321,4644100
3162,409,461,534527,8691,1706782,5411300
3163,454,412,534073,8733,1707194,4828200
3164,428,436,533645,8725,1707630,4686300
3165,435,467,533210,8693,1708097,4696100
3166,391,438,532819,8646,1708535,4676000
3167,435,429,532384,8652,1708964,4830500
3168,407,474,531977,8585,1709438,4761000
3169,436,441,531541,8580,1709879,4704700
3170,413,419,531128,8574,1710298,4769700
3171,389,448,530739,8515,1710746,4750000
3172,399,401,530340,8513,1711147,4793000
3173,391,412,529949,8492,1711559,5184000
3174,436,457,529513,8471,1712016,5147500
3175,395,437,529118,8429,1712453,4742800
3176,423,462,528695,8390,1712915,5218200
3177,461,421,528234,8430,1713336,4886600
3178,401,427,527833,8404,1713763,4603000
3179,425,407,527408,8422,1714170,4739600
3180,428,429,526980,8421,1714599,4972900
3181,420,415,526560,8426,1715014,4687000
3182,455,450,526105,8431,1715464,4545100
3183,429,413,525676,8447,1715877,4635800
3184,431,430,525245,8448,1716307,4558000
3185,439,447,524806,8440,1716754,4763000
3186,428,422,524378,8446,1717176,4626700
3187,443,420,523935,8469,1717596,4573000
3188,436,441,523499,8464,1718037,4574400
3189,437,399,523062,8502,1718436,4597000
3190,430,423,522632,8509,1718859,4771000
3191,435,414,522197,8530,1719273,4705100
3192,427,421,521770,8536,1719694,4664000
3193,423,410,521347,8549,1720104,4638700
3194,459,448,520888,8560,1720552,4796700
3195,458,416,520430,8602,1720968,4756500
3196,433,418,519997,8617,1721386,4764200
3197,445,426,519552,8636,1721812,4684900
3198,437,439,519115,8634,1722251,4714000
3199,435,413,518680,8656,1722664,4607300
3200,477,427,518203,8706,1723091,4953200
3201,415,376,517788,8745,1723467,4503100
3202,466,433,517322,8778,1723900,4554400
3203,426,398,516896,8806,1724298,6158500
3204,448,441,516448,8813,1724739,6095900
3205,444,437,516004,8820,1725176,4618800
3206,426,452,515578,8794,1725628,5201200
3207,383,414,515195,8763,1726042,5160400
3208,423,475,514772,8711,1726517,5357300
3209,445,443,514327,8713,1726960,5187000
3210,449,417,513878,8745,1727377,5079800
3211,427,474,513451,8698,1727851,4899900
3212,424,420,513027,8702,1728271,4789900
3213,435,466,512592,8671,1728737,5067600
3214,397,478,512195,8590,1729215,5007900
3215,411,438,511784,8563,1729653,5094900
3216,421,440,511363,8544,1730093,4821700
3217,431,429,510932,8546,1730522,4659600
3218,450,410,510482,8586,1730932,5314300
3219,419,443,510063,8562,1731375,4951300
3220,410,387,509653,8585,1731762,5096500
3221,393,462,509260,8516,1732224,4656600
3222,401,437,508859,8480,1732661,4833400
3223,414,435,508445,8459,1733096,4536000
3224,428,432,508017,8455,1733528,4682800
3225,434,425,507583,8464,1733953,5339500
3226,449,423,507134,8490,1734376,5376800
3227,419,427,506715,8482,1734803,5328000
3228,425,405,506290,8502,1735208,5049800
3229,401,419,505889,8484,1735627,5070400
3230,372,395,505517,8461,1736022,5098800
3231,421,433,505096,8449,1736455,5151000
3232,424,437,504672,8436,1736892,5161700
3233,438,386,504234,8488,1737278,5312200
3234,428,464,503806,8452,1737742,5224700
3235,415,436,503391,8431,1738178,5222100
3236,430,462,502961,8399,1738640,5369200
3237,416,420,502545,8395,1739060,5041800
3238,402,424,502143,8373,1739484,5022400
3239,457,398,501686,8432,1739882,5081500
3240,418,422,501268,8428,1740304,5149300
3241,410,422,500858,8416,1740726,5242800
3242,401,419,500457,8398,1741145,5785200
3243,404,413,500053,8389,1741558,5074400
3244,429,413,499624,8405,1741971,5239100
3245,439,424,499185,8420,1742395,5859600
3246,431,401,498754,8450,1742796,4872700
3247,432,445,498322,8437,1743241,5173900
3248,385,392,497937,8430,1743633,5031800
3249,396,455,497541,8371,1744088,5164800
3250,432,405,497109,8398,1744493,5285500
3251,395,437,496714,8356,1744930,5215700
3252,401,431,496313,8326,1745361,5135600
3253,397,421,495916,8302,1745782,5333500
3254,405,422,495511,8285,1746204,5221600
3255,409,439,495102,8255,1746643,4990400
3256,388,387,494714,8256,1747030,4986700
3257,399,421,494315,8234,1747451,4936000
3258,391,425,493924,8200,1747876,5146500
3259,411,437,493513,8174,1748313,4774700
3260,402,415,493111,8161,1748728,5042300
3261,410,456,492701,8115,1749184,5016600
3262,407,394,492294,8128,1749578,5062700
3263,377,400,491917,8105,1749978,4918700
3264,366,409,491551,8062,1750387,5072600
3265,399,406,491152,8055,1750793,5038600
3266,385,387,490767,8053,1751180,4941900
3267,392,416,490375,8029,1751596,5075100
3268,377,388,489998,8018,1751984,5098100
3269,398,354,489600,8062,1752338,4872000
3270,402,385,489198,8079,1752723,5089100
3271,393,438,488805,8034,1753161,5462100
3272,384,386,488421,8032,1753547,4925700
3273,416,389,488005,8059,1753936,5115400
3274,355,387,487650,8027,1754323,5105300
3275,416,384,487234,8059,1754707,5121900
3276,372,378,486862,8053,1755085,5225700
3277,403,380,486459,8076,1755465,5061000
3278,396,397,486063,8075,1755862,5049600
3279,384,405,485679,8054,1756267,4939900
3280,385,384,485294,8055,1756651,5183900
3281,396,377,484898,8074,1757028,5034300
3282,386,397,484512,8063,1757425,4897500
3283,392,392,484120,8063,1757817,5074600
3284,376,380,483744,8059,1758197,5061500
3285,391,391,483353,8059,1758588,5136800
3286,368,433,482985,7994,1759021,5080800
3287,416,378,482569,8032,1759399,5033400
3288,391,424,482178,7999,1759823,5499600
3289,382,425,481796,7956,1760248,5061900
3290,368,419,481428,7905,1760667,5220600
3291,382,375,481046,7912,1761042,5104300
3292,405,386,480641,7931,1761428,5106500
3293,417,392,480224,7956,1761820,5096100
3294,391,399,479833,7948,1762219,5353900
3295,371,396,479462,7923,1762615,5303700
3296,388,392,479074,7919,1763007,5094200
3297,383,373,478691,7929,1763380,5161100
3298,374,400,478317,7903,1763780,5171400
3299,367,384,477950,7886,1764164,5211700
3300,406,386,477544,7906,1764550,5264300
3301,370,376,477174,7900,1764926,5259700
3302,377,395,476797,7882,1765321,5039400
3303,364,365,476433,7881,1765686,5152100
3304,347,395,476086,7833,1766081,5217800
3305,363,396,475723,7800,1766477,5120200
3306,380,399,475343,7781,1766876,5113600
3307,404,369,474939,7816,1767245,5121100
3308,389,369,474550,7836,1767614,5206900
3309,363,410,474187,7789,1768024,5183200
3310,383,427,473804,7745,1768451,4957000
3311,340,421,473464,7664,1768872,4769100
3312,397,374,473067,7687,1769246,5099800
3313,385,355,472682,7717,1769601,5073000
3314,372,363,472310,7726,1769964,4809900
3315,371,363,471939,7734,1770327,5416000
3316,375,363,471564,7746,1770690,5231800
3317,404,409,471160,7741,1771099,5137600
3318,366,383,470794,7724,1771482,5153900
3319,350,377,470444,7697,1771859,5276200
3320,348,407,470096,7638,1772266,4735700
3321,383,410,469713,7611,1772676,5098300
3322,355,398,469358,7568,1773074,5126500
3323,363,375,468995,7556,1773449,4997400
3324,331,361,468664,7526,1773810,5342100
3325,338,359,468326,7505,1774169,5267300
3326,342,376,467984,7471,1774545,5055900
3327,350,397,467634,7424,1774942,5117300
3328,359,378,467275,7405,1775320,5366500
3329,349,330,466926,7424,1775650,5072200
3330,353,396,466573,7381,1776046,5017200
3331,346,381,466227,7346,1776427,5397100
3332,376,373,465851,7349,1776800,5242500
3333,347,369,465504,7327,1777169,5147000
3334,371,371,465133,7327,1777540,5253400
3335,333,379,464800,7281,1777919,5091300
3336,368,359,464432,7290,1778278,5174300
3337,354,337,464078,7307,1778615,5340800
3338,376,367,463702,7316,1778982,5522100
3339,354,354,463348,7316,1779336,5212100
3340,346,364,463002,7298,1779700,5448000
3341,369,340,462633,7327,1780040,5133400
3342,379,378,462254,7328,1780418,5227500
3343,375,399,461879,7304,1780817,5535100
3344,341,343,461538,7302,1781160,5771500
3345,373,359,461165,7316,1781519,5426400
3346,328,387,460837,7257,1781906,5141500
3347,390,343,460447,7304,1782249,5064900
3348,370,367,460077,7307,1782616,5207300
3349,351,360,459726,7298,1782976,5118200
3350,342,374,459384,7266,1783350,5114300
3351,362,335,459022,7293,1783685,5192400
3352,377,400,458645,7270,1784085,5142100
3353,315,378,458330,7207,1784463,4854700
3354,318,376,458012,7149,1784839,4819800
3355,318,354,457694,7113,1785193,4849900
3356,351,303,457343,7161,1785496,5020500
3357,337,352,457006,7146,1785848,5125500
3358,349,363,456657,7132,1786211,5126600
3359,340,385,456317,7087,1786596,4823300
3360,337,359,455980,7065,1786955,5018400
3361,346,312,455634,7099,1787267,5569300
3362,328,378,455306,7049,1787645,5258300
3363,334,368,454972,7015,1788013,5166300
3364,320,338,454652,6997,1788351,5367900
3365,336,318,454316,7015,1788669,5145700
3366,353,328,453963,7040,1788997,5120200
3367,308,361,453655,6987,1789358,4887300
3368,371,331,453284,7027,1789689,5014800
3369,366,348,452918,7045,1790037,5206300
3370,342,316,452576,7071,1790353,5231400
3371,359,349,452217,7081,1790702,5205400
3372,363,343,451854,7101,1791045,5172300
3373,342,319,451512,7124,1791364,5225900
3374,365,335,451147,7154,1791699,5175800
3375,335,340,450812,7149,1792039,5272900
3376,343,352,450469,7140,1792391,5204700
3377,328,405,450141,7063,1792796,5185000
3378,335,344,449806,7054,1793140,5079000
3379,375,354,449431,7075,1793494,4986100
3380,358,357,449073,7076,1793851,5308600
3381,382,328,448691,7130,1794179,4914500
3382,341,352,448350,7119,1794531,5154900
3383,340,372,448010,7087,1794903,5309900
3384,353,356,447657,7084,1795259,4987400
3385,348,385,447309,7047,1795644,4903700
3386,364,341,446945,7070,1795985,4826600
3387,367,353,446578,7084,1796338,4932600
3388,365,358,446213,7091,1796696,4997200
3389,359,354,445854,7096,1797050,5110100
3390,378,387,445476,7087,1797437,5588000
3391,368,384,445108,7071,1797821,5269900
3392,355,343,444753,7083,1798164,5541000
3393,391,339,444362,7135,1798503,5259700
3394,346,374,444016,7107,1798877,4931400
3395,382,351,443634,7138,1799228,4819600
3396,352,358,443282,7132,1799586,4701000
3397,363,359,442919,7136,1799945,4628900
3398,352,360,442567,7128,1800305,4867800
3399,360,361,442207,7127,1800666,4663800
3400,340,346,441867,7121,1801012,4789700
3401,309,334,441558,7096,1801346,4724300
3402,332,338,441226,7090,1801684,4644500
3403,374,358,440852,7106,1802042,4722200
3404,346,377,440506,7075,1802419,4810300
3405,343,327,440163,7091,1802746,5088300
3406,350,367,439813,7074,1803113,4776100
3407,338,354,439475,7058,1803467,4665300
3408,337,343,439138,7052,1803810,4747100
3409,370,370,438768,7052,1804180,4807900
3410,370,352,438398,7070,1804532,4867600
3411,354,357,438044,7067,1804889,4952200
3412,332,348,437712,7051,1805237,4920100
3413,349,350,437363,7050,1805587,4865200
3414,337,370,437026,7017,1805957,5032800
3415,348,337,436678,7028,1806294,4866100
3416,356,373,436322,7011,1806667,4831500
3417,326,374,435996,6963,1807041,4761400
3418,331,346,435665,6948,1807387,4726100
3419,371,354,435294,6965,1807741,4696100
3420,340,343,434954,6962,1808084,4674000
3421,328,322,434626,6968,1808406,4737300
3422,346,316,434280,6998,1808722,4751500
3423,352,378,433928,6972,1809100,4693200
3424,359,354,433569,6977,1809454,4647700
3425,361,357,433208,6981,1809811,4557200
3426,368,342,432840,7007,1810153,4926200
3427,330,355,432510,6982,1810508,4575400
3428,366,350,432144,6998,1810858,4857300
3429,354,338,431790,7014,1811196,4666100
3430,373,366,431417,7021,1811562,4765200
3431,384,372,431033,7033,1811934,5124600
3432,325,350,430708,7008,1812284,5356200
3433,355,370,430353,6993,1812654,4692400
3434,356,342,429997,7007,1812996,4712800
3435,326,389,429671,6944,1813385,4775000
3436,346,352,429325,6938,1813737,4702400
3437,308,326,429017,6920,1814063,5031500
3438,343,357,428674,6906,1814420,4752300
3439,350,366,428324,6890,1814786,4914900
3440,354,315,427970,6929,1815101,4760800
3441,339,314,427631,6954,1815415,4906000
3442,365,343,427266,6976,1815758,4805300
3443,347,352,426919,6971,1816110,4734500
3444,336,339,426583,6968,1816449,5019700
3445,367,361,426216,6974,1816810,4748200
3446,356,328,425860,7002,1817138,4687300
3447,331,373,425529,6960,1817511,4794600
3448,324,362,425205,6922,1817873,4769800
3449,354,353,424851,6923,1818226,4835800
3450,342,353,424509,6912,1818579,4908400
3451,360,326,424149,6946,1818905,22944000
3452,355,331,423794,6970,1819236,9257400
3453,344,353,423450,6961,1819589,4852000
3454,348,379,423102,6930,1819968,4921100
3455,369,339,422733,6960,1820307,4935300
3456,391,353,422342,6998,1820660,5056000
3457,334,362,422008,6970,1821022,4744200
3458,337,320,421671,6987,1821342,4815200
3459,366,361,421305,6992,1821703,4948700
3460,351,336,420954,7007,1822039,4938600
3461,331,358,420623,6980,1822397,4711000
3462,351,340,420272,6991,1822737,4729900
3463,343,311,419929,7023,1823048,4631500
3464,325,356,419604,6992,1823404,4733100
3465,334,349,419270,6977,1823753,4610700
3466,375,362,418895,6990,1824115,4588100
3467,344,334,418551,7000,1824449,4610000
3468,348,338,418203,7010,1824787,4514000
3469,345,366,417858,6989,1825153,4760300
3470,339,353,417519,6975,1825506,4606600
3471,363,370,417156,6968,1825876,4500300
3472,340,366,416816,6942,1826242,4507900
3473,330,320,416486,6952,1826562,4604000
3474,344,353,416142,6943,1826915,4557200
3475,336,366,415806,6913,1827281,4776600
3476,350,332,415456,6931,1827613,4612100
3477,364,346,415092,6949,1827959,4823700
3478,339,343,414753,6945,1828302,4703700
3479,323,359,414430,6909,1828661,4802700
3480,329,367,414101,6871,1829028,4882900
3481,348,333,413753,6886,1829361,4701700
3482,350,370,413403,6866,1829731,5106400
3483,358,349,413045,6875,1830080,4721400
3484,315,352,412730,6838,1830432,4618100
3485,381,344,412349,6875,1830776,5469800
3486,358,351,411991,6882,1831127,4718200
3487,330,369,411661,6843,1831496,4579600
3488,356,377,411305,6822,1831873,4973300
3489,326,314,410979,6834,1832187,5792200
3490,319,335,410660,6818,1832522,4925600
3491,335,341,410325,6812,1832863,4822300
3492,338,318,409987,6832,1833181,5179700
3493,307,363,409680,6776,1833544,4964000
3494,318,332,409362,6762,1833876,4921700
3495,329,312,409033,6779,1834188,5006000
3496,330,315,408703,6794,1834503,5416100
3497,335,305,408368,6824,1834808,4866900
3498,339,337,408029,6826,1835145,4762500
3499,329,369,407700,6786,1835514,4727700
3500,333,329,407367,6790,1835843,4662500
3501,339,331,407028,6798,1836174,4606700
3502,359,311,406669,6846,1836485,4648100
3503,311,313,406358,6844,1836798,4544400
3504,329,355,406029,6818,1837153,4955600
3505,306,337,405723,6787,1837490,4948500
3506,337,341,405386,6783,1837831,4760000
3507,320,355,405066,6748,1838186,5190100
3508,324,351,404742,6721,1838537,4847900
3509,338,346,404404,6713,1838883,4947300
3510,346,305,404058,6754,1839188,5373700
3511,321,347,403737,6728,1839535,5455600
3512,346,313,403391,6761,1839848,4776600
3513,315,368,403076,6708,1840216,4835700
3514,345,326,402731,6727,1840542,4571400
3515,305,349,402426,6683,1840891,4498400
3516,327,337,402099,6673,1841228,4561600
3517,291,301,401808,6663,1841529,4662000
3518,317,322,401491,6658,1841851,4617600
3519,298,316,401193,6640,1842167,4568100
3520,314,373,400879,6581,1842540,4904900
3521,310,359,400569,6532,1842899,4889900
3522,301,354,400268,6479,1843253,4723200
3523,311,323,399957,6467,1843576,4875300
3524,347,317,399610,6497,1843893,4728500
3525,303,295,399307,6505,1844188,4704400
3526,340,341,398967,6504,1844529,4739000
3527,294,308,398673,6490,1844837,4811600
3528,293,298,398380,6485,1845135,4722500
3529,296,297,398084,6484,1845432,4822400
3530,332,294,397752,6522,1845726,5061500
3531,296,332,397456,6486,1846058,4833700
3532,311,317,397145,6480,1846375,4739900
3533,308,321,396837,6467,1846696,5163100
3534,336,340,396501,6463,1847036,5550900
3535,312,329,396189,6446,1847365,4880000
3536,314,320,395875,6440,1847685,4937600
3537,315,334,395560,6421,1848019,4876200
3538,325,309,395235,6437,1848328,4980800
3539,288,349,394947,6376,1848677,4839900
3540,325,310,394622,6391,1848987,4826200
3541,317,304,394305,6404,1849291,5155500
3542,292,305,394013,6391,1849596,5127600
3543,338,305,393675,6424,1849901,4905700
3544,316,331,393359,6409,1850232,4791800
3545,312,337,393047,6384,1850569,5325700
3546,288,337,392759,6335,1850906,4825500
3547,320,316,392439,6339,1851222,4978300
3548,307,331,392132,6315,1851553,4809400
3549,294,319,391838,6290,1851872,4788100
3550,304,319,391534,6275,1852191,4606300
3551,280,316,391254,6239,1852507,4603200
3552,291,292,390963,6238,1852799,4756500
3553,332,315,390631,6255,1853114,4522700
3554,302,285,390329,6272,1853399,4520300
3555,286,331,390043,6227,1853730,4620500
3556,296,318,389747,6205,1854048,4541900
3557,311,287,389436,6229,1854335,4571000
3558,285,306,389151,6208,1854641,4498400
3559,320,330,388831,6198,1854971,4638500
3560,294,306,388537,6186,1855277,4360200
3561,322,325,388215,6183,1855602,4417000
3562,305,289,387910,6199,1855891,4388300
3563,308,306,387602,6201,1856197,4641800
3564,311,289,387291,6223,1856486,4512400
3565,277,347,387014,6153,1856833,5073800
3566,313,335,386701,6131,1857168,4432100
3567,289,307,386412,6113,1857475,4530000
3568,307,299,386105,6121,1857774,4458200
3569,322,304,385783,6139,1858078,4408100
3570,274,296,385509,6117,1858374,4446400
3571,290,307,385219,6100,1858681,4375100
3572,303,314,384916,6089,1858995,4605800
3573,323,308,384593,6104,1859303,4571100
3574,305,307,384288,6102,1859610,4426300
3575,332,292,383956,6142,1859902,4691400
3576,322,306,383634,6158,1860208,4674800
3577,327,295,383307,6190,1860503,4934700
3578,325,342,382982,6173,1860845,4622000
3579,321,311,382661,6183,1861156,4742700
3580,339,330,382322,6192,1861486,4641800
3581,294,299,382028,6187,1861785,4476700
3582,300,315,381728,6172,1862100,4407600
3583,343,327,381385,6188,1862427,4424000
3584,359,294,381026,6253,1862721,4481800
3585,334,296,380692,6291,1863017,4422000
3586,370,330,380322,6331,1863347,4913900
3587,323,315,379999,6339,1863662,4419400
3588,304,287,379695,6356,1863949,4452600
3589,328,314,379367,6370,1864263,4467400
3590,328,327,379039,6371,1864590,4976400
3591,337,307,378702,6401,1864897,4504600
3592,343,331,378359,6413,1865228,4624800
3593,267,331,378092,6349,1865559,4875400
3594,324,324,377768,6349,1865883,4564800
3595,326,329,377442,6346,1866212,4525600
3596,300,299,377142,6347,1866511,4717800
3597,315,296,376827,6366,1866807,5004500
3598,334,324,376493,6376,1867131,4639500
3599,298,311,376195,6363,1867442,4657200
3600,309,308,375886,6364,1867750,4736600
3601,300,337,375586,6327,1868087,4599800
3602,312,320,375274,6319,1868407,4596300
3603,328,310,374946,6337,1868717,4682400
3604,316,297,374630,6356,1869014,4781300
3605,327,324,374303,6359,1869338,4607100
3606,328,306,373975,6381,1869644,4775800
3607,315,289,373660,6407,1869933,4675700
3608,274,314,373386,6367,1870247,4604900
3609,304,321,373082,6350,1870568,4543000
3610,302,316,372780,6336,1870884,4460100
3611,321,311,372459,6346,1871195,4549800
3612,307,335,372152,6318,1871530,4470700
3613,308,322,371844,6304,1871852,4651200
3614,322,314,371522,6312,1872166,4483600
3615,298,312,371224,6298,1872478,4495500
3616,321,316,370903,6303,1872794,5026400
3617,343,296,370560,6350,1873090,4641300
3618,291,338,370269,6303,1873428,4616700
3619,298,319,369971,6282,1873747,4682200
3620,327,331,369644,6278,1874078,4686500
3621,302,310,369342,6270,1874388,4609500
3622,310,306,369032,6274,1874694,4557800
3623,295,322,368737,6247,1875016,4576800
3624,296,311,368441,6232,1875327,4622800
3625,302,349,368139,6185,1875676,4532100
3626,315,297,367824,6203,1875973,4411400
3627,318,302,367506,6219,1876275,4637800
3628,311,301,367195,6229,1876576,4571200
3629,279,307,366916,6201,1876883,4429400
3630,325,300,366591,6226,1877183,4421000
3631,293,301,366298,6218,1877484,4639500
3632,297,325,366001,6190,1877809,4889500
3633,301,318,365700,6173,1878127,4776400
3634,280,297,365420,6156,1878424,4525600
3635,299,311,365121,6144,1878735,4552500
3636,315,319,364806,6140,1879054,5113800
3637,334,344,364472,6130,1879398,4699900
3638,301,317,364171,6114,1879715,4672900
3639,291,296,363880,6109,1880011,4647100
3640,319,286,363561,6142,1880297,4619800
3641,308,307,363253,6143,1880604,4633000
3642,285,322,362968,6106,1880926,4737800
3643,308,311,362660,6103,1881237,4733300
3644,301,307,362359,6097,1881544,4635100
3645,304,304,362055,6097,1881848,4621000
3646,255,279,361800,6073,1882127,4858800
3647,267,336,361533,6004,1882463,4783400
3648,307,302,361226,6009,1882765,4786500
3649,300,305,360926,6004,1883070,4788300
3650,260,304,360666,5960,1883374,4730900
3651,305,285,360361,5980,1883659,4535100
3652,299,322,360062,5957,1883981,4633200
3653,295,286,359767,5966,1884267,4503000
3654,301,288,359466,5979,1884555,4576200
3655,296,312,359170,5963,1884867,4505800
3656,287,284,358883,5966,1885151,4724700
3657,290,253,358593,6003,1885404,4529700
3658,276,281,358317,5998,1885685,4464400
3659,293,281,358024,6010,1885966,4384000
3660,288,284,357736,6014,1886250,4349300
3661,278,327,357458,5965,1886577,4707200
3662,304,299,357154,5970,1886876,4559800
3663,272,281,356882,5961,1887157,4758400
3664,311,272,356571,6000,1887429,4824300
3665,293,322,356278,5971,1887751,4883300
3666,272,318,356006,5925,1888069,4719800
3667,301,314,355705,5912,1888383,4851400
3668,302,303,355403,5911,1888686,4533600
3669,290,308,355113,5893,1888994,4392900
3670,304,295,354809,5902,1889289,4310500
3671,304,317,354505,5889,1889606,4274100
3672,292,298,354213,5883,1889904,4345500
3673,255,301,353958,5837,1890205,4435300
3674,286,289,353672,5834,1890494,4368200
3675,285,286,353387,5833,1890780,4327600
3676,294,305,353093,5822,1891085,4399200
3677,313,285,352780,5850,1891370,4404000
3678,280,302,352500,5828,1891672,4372700
3679,300,285,352200,5843,1891957,4720100
3680,317,301,351883,5859,1892258,4770800
3681,304,304,351579,5859,1892562,4680100
3682,294,308,351285,5845,1892870,4444500
3683,297,307,350988,5835,1893177,4480000
3684,307,301,350681,5841,1893478,4722200
3685,309,288,350372,5862,1893766,4551400
3686,279,283,350093,5858,1894049,4323700
3687,293,291,349800,5860,1894340,4395800
3688,323,295,349477,5888,1894635,4417200
3689,288,319,349189,5857,1894954,4222200
3690,308,305,348881,5860,1895259,4586500
3691,274,323,348607,5811,1895582,5180400
3692,291,315,348316,5787,1895897,4406000
3693,283,292,348033,5778,1896189,4382300
3694,287,308,347746,5757,1896497,4716100
3695,281,289,347465,5749,1896786,4608100
3696,285,288,347180,5746,1897074,4347200
3697,261,299,346919,5708,1897373,4514800
3698,298,282,346621,5724,1897655,4383000
3699,267,297,346354,5694,1897952,4496000
3700,266,269,346088,5691,1898221,4252200
3701,265,288,345823,5668,1898509,5028600
3702,269,300,345554,5637,1898809,4430300
3703,261,266,345293,5632,1899075,4375000
3704,295,305,344998,5622,1899380,4290400
3705,272,284,344726,5610,1899664,4405000
3706,295,268,344431,5637,1899932,4538700
3707,270,280,344161,5627,1900212,4286700
3708,269,285,343892,5611,1900497,4585200
3709,286,270,343606,5627,1900767,4735900
3710,258,286,343348,5599,1901053,4445100
3711,277,261,343071,5615,1901314,4617800
3712,256,290,342815,5581,1901604,4517300
3713,298,290,342517,5589,1901894,4426000
3714,275,285,342242,5579,1902179,4515800
3715,244,296,341998,5527,1902475,4582900
3716,258,276,341740,5509,1902751,4422400
3717,274,260,341466,5523,1903011,4646200
3718,263,284,341203,5502,1903295,4577500
3719,255,294,340948,5463,1903589,4783200
3720,280,267,340668,5476,1903856,4564400
3721,258,269,340410,5465,1904125,4519200
3722,271,262,340139,5474,1904387,4584100
3723,262,258,339877,5478,1904645,4621800
3724,269,277,339608,5470,1904922,4499100
3725,253,267,339355,5456,1905189,4481800
3726,247,258,339108,5445,1905447,4534800
3727,271,287,338837,5429,1905734,4699800
3728,275,273,338562,5431,1906007,4587000
3729,275,272,338287,5434,1906279,4533000
3730,263,229,338024,5468,1906508,4461700
3731,283,257,337741,5494,1906765,4441100
3732,285,257,337456,5522,1907022,4464100
3733,292,256,337164,5558,1907278,4498000
3734,298,277,336866,5579,1907555,4923400
3735,297,300,336569,5576,1907855,4813900
3736,282,288,336287,5570,1908143,4671900
3737,259,276,336028,5553,1908419,4677100
3738,250,266,335778,5537,1908685,4689800
3739,285,262,335493,5560,1908947,5133000
3740,284,274,335209,5570,1909221,4771800
3741,273,292,334936,5551,1909513,4278400
3742,295,300,334641,5546,1909813,4672400
3743,275,267,334366,5554,1910080,4949400
3744,271,290,334095,5535,1910370,4223900
3745,265,292,333830,5508,1910662,4286400
3746,300,279,333530,5529,1910941,4465000
3747,295,272,333235,5552,1911213,4276000
3748,271,279,332964,5544,1911492,4746300
3749,283,276,332681,5551,1911768,4824900
3750,316,266,332365,5601,1912034,4718600
3751,272,303,332093,5570,1912337,4403300
3752,252,275,331841,5547,1912612,4681400
3753,298,274,331543,5571,1912886,4822000
3754,299,252,331244,5618,1913138,4539500
3755,285,267,330959,5636,1913405,4625100
3756,283,296,330676,5623,1913701,4595300
3757,268,282,330408,5609,1913983,4512800
3758,272,290,330136,5591,1914273,5056300
3759,283,310,329853,5564,1914583,4643400
3760,271,286,329582,5549,1914869,4649100
3761,276,270,329306,5555,1915139,4791200
3762,275,278,329031,5552,1915417,4867500
3763,304,283,328727,5573,1915700,4497000
3764,250,289,328477,5534,1915989,4785000
3765,271,283,328206,5522,1916272,4425300
3766,255,316,327951,5461,1916588,4475200
3767,277,273,327674,5465,1916861,4324000
3768,258,246,327416,5477,1917107,4389300
3769,266,276,327150,5467,1917383,4361800
3770,257,287,326893,5437,1917670,4618500
3771,256,286,326637,5407,1917956,4246900
3772,253,276,326384,5384,1918232,4573600
3773,232,284,326152,5332,1918516,4182800
3774,257,294,325895,5295,1918810,4190800
3775,277,261,325618,5311,1919071,4230800
3776,267,279,325351,5299,1919350,4395400
3777,255,263,325096,5291,1919613,4767600
3778,275,264,324821,5302,1919877,4196700
3779,271,257,324550,5316,1920134,4674700
3780,258,271,324292,5303,1920405,5027100
3781,260,271,324032,5292,1920676,4436300
3782,283,246,323749,5329,1920922,4569000
3783,260,259,323489,5330,1921181,4402700
3784,245,228,323244,5347,1921409,4284400
3785,260,263,322984,5344,1921672,4204200
3786,241,248,322743,5337,1921920,4323800
3787,266,262,322477,5341,1922182,4656400
3788,267,242,322210,5366,1922424,4736800
3789,262,274,321948,5354,1922698,4473400
3790,252,256,321696,5350,1922954,4329300
3791,239,296,321457,5293,1923250,4607400
3792,258,260,321199,5291,1923510,4197200
3793,225,254,320974,5262,1923764,4234200
3794,258,242,320716,5278,1924006,4441400
3795,235,265,320481,5248,1924271,4350200
3796,251,264,320230,5235,1924535,4699500
3797,257,248,319973,5244,1924783,4666700
3798,253,243,319720,5254,1925026,4417700
3799,251,273,319469,5232,1925299,4876300
3800,275,253,319194,5254,1925552,5000200
3801,241,263,318953,5232,1925815,5055800
3802,275,248,318678,5259,1926063,4778700
3803,242,257,318436,5244,1926320,4847400
3804,272,257,318164,5259,1926577,4984500
3805,264,279,317900,5244,1926856,4804800
3806,276,278,317624,5242,1927134,4578600
3807,257,243,317367,5256,1927377,4507500
3808,269,251,317098,5274,1927628,4417000
3809,284,277,316814,5281,1927905,4312400
3810,258,309,316556,5230,1928214,4389700
3811,269,262,316287,5237,1928476,4320300
3812,257,264,316030,5230,1928740,4632700
3813,254,262,315776,5222,1929002,4460000
3814,238,266,315538,5194,1929268,4843700
3815,264,220,315274,5238,1929488,4332700
3816,249,246,315025,5241,1929734,4218700
3817,291,252,314734,5280,1929986,4291700
3818,256,248,314478,5288,1930234,4267400
3819,284,270,314194,5302,1930504,4725000
3820,271,269,313923,5304,1930773,4930500
3821,279,274,313644,5309,1931047,4265900
3822,283,239,313361,5353,1931286,4204600
3823,266,275,313095,5344,1931561,4564600
3824,265,252,312830,5357,1931813,4270800
3825,290,264,312540,5383,1932077,4485800
3826,289,252,312251,5420,1932329,5284800
3827,261,265,311990,5416,1932594,5266200
3828,285,255,311705,5446,1932849,4842900
3829,272,291,311433,5427,1933140,4881300
3830,279,253,311154,5453,1933393,4929400
3831,244,256,310910,5441,1933649,4897100
3832,269,288,310641,5422,1933937,5280300
3833,258,249,310383,5431,1934186,4965400
3834,272,261,310111,5442,1934447,4960700
3835,280,248,309831,5474,1934695,4874100
3836,272,298,309559,5448,1934993,4963900
3837,279,285,309280,5442,1935278,5110800
3838,263,260,309017,5445,1935538,4692700
3839,267,275,308750,5437,1935813,5093800
3840,258,277,308492,5418,1936090,4755600
3841,285,268,308207,5435,1936358,4496400
3842,288,269,307919,5454,1936627,5006700
3843,261,250,307658,5465,1936877,4954800
3844,300,278,307358,5487,1937155,5048100
3845,311,257,307047,5541,1937412,4907300
3846,299,285,306748,5555,1937697,5195700
3847,301,271,306447,5585,1937968,5746400
3848,307,297,306140,5595,1938265,6043100
3849,294,268,305846,5621,1938533,4998500
3850,290,296,305556,5615,1938829,5556900
3851,268,284,305288,5599,1939113,5478000
3852,276,249,305012,5626,1939362,5733800
3853,276,255,304736,5647,1939617,5101400
3854,286,293,304450,5640,1939910,5030600
3855,283,276,304167,5647,1940186,5977800
3856,251,290,303916,5608,1940476,5409200
3857,276,301,303640,5583,1940777,5587300
3858,262,286,303378,5559,1941063,6051500
3859,267,291,303111,5535,1941354,5088800
3860,238,279,302873,5494,1941633,5080700
3861,219,276,302654,5437,1941909,5208600
3862,237,293,302417,5381,1942202,4803300
3863,266,274,302151,5373,1942476,4854000
3864,270,281,301881,5362,1942757,5160900
3865,252,275,301629,5339,1943032,5024600
3866,262,250,301367,5351,1943282,5510500
3867,263,277,301104,5337,1943559,5139700
3868,254,266,300850,5325,1943825,5777900
3869,290,270,300560,5345,1944095,5482100
3870,255,264,300305,5336,1944359,5157000
3871,266,242,300039,5360,1944601,5744100
3872,284,282,299755,5362,1944883,5243400
3873,284,251,299471,5395,1945134,5488400
3874,299,270,299172,5424,1945404,4854300
3875,296,272,298876,5448,1945676,5517400
3876,324,290,298552,5482,1945966,4836800
3877,284,271,298268,5495,1946237,5397400
3878,318,272,297950,5541,1946509,5999600
3879,292,254,297658,5579,1946763,5208600
3880,303,265,297355,5617,1947028,4865500
3881,286,304,297069,5599,1947332,4962100
3882,294,305,296775,5588,1947637,4884600
3883,300,279,296475,5609,1947916,4900000
3884,292,285,296183,5616,1948201,5968000
3885,305,262,295878,5659,1948463,5940000
3886,243,272,295635,5630,1948735,6783700
3887,284,271,295351,5643,1949006,7252900
3888,308,266,295043,5685,1949272,5664000
3889,275,257,294768,5703,1949529,5674700
3890,291,297,294477,5697,1949826,5922800
3891,272,292,294205,5677,1950118,5800600
3892,269,286,293936,5660,1950404,5357400
3893,254,273,293682,5641,1950677,6118100
3894,261,297,293421,5605,1950974,5447400
3895,261,300,293160,5566,1951274,5586300
3896,257,281,292903,5542,1951555,5046100
3897,265,277,292638,5530,1951832,5140300
3898,260,252,292378,5538,1952084,4886800
3899,264,311,292114,5491,1952395,4780100
3900,245,274,291869,5462,1952669,5171100
3901,247,302,291622,5407,1952971,4758400
3902,275,254,291347,5428,1953225,5059100
3903,274,272,291073,5430,1953497,4931900
3904,264,277,290809,5417,1953774,4587800
3905,258,257,290551,5418,1954031,4775900
3906,262,277,290289,5403,1954308,4650100
3907,251,260,290038,5394,1954568,5146000
3908,245,243,289793,5396,1954811,4965800
3909,280,283,289513,5393,1955094,4780300
3910,249,283,289264,5359,1955377,5589700
3911,262,282,289002,5339,1955659,4749100
3912,282,297,288720,5324,1955956,4735400
3913,250,268,288470,5306,1956224,4634400
3914,258,286,288212,5278,1956510,4686700
3915,237,257,287975,5258,1956767,4547700
3916,239,259,287736,5238,1957026,4981300
3917,229,269,287507,5198,1957295,4680700
3918,268,267,287239,5199,1957562,5030000
3919,283,239,286956,5243,1957801,4981900
3920,230,274,286726,5199,1958075,4647300
3921,256,254,286470,5201,1958329,4751400
3922,299,247,286171,5253,1958576,4601700
3923,253,272,285918,5234,1958848,4861500
3924,248,217,285670,5265,1959065,4731100
3925,269,261,285401,5273,1959326,4624600
3926,297,272,285104,5298,1959598,4567300
3927,261,250,284843,5309,1959848,4959400
3928,250,268,284593,5291,1960116,4982400
3929,274,253,284319,5312,1960369,4715800
3930,262,244,284057,5330,1960613,5026900
3931,275,267,283782,5338,1960880,4776500
3932,271,279,283511,5330,1961159,5045600
3933,289,259,283222,5360,1961418,4956900
3934,269,260,282953,5369,1961678,4677000
3935,253,266,282700,5356,1961944,4722400
3936,219,257,282481,5318,1962201,4626700
3937,252,250,282229,5320,1962451,4671900
3938,249,258,281980,5311,1962709,4698400
3939,267,263,281713,5315,1962972,4804900
3940,250,242,281463,5323,1963214,4839700
3941,265,241,281198,5347,1963455,4696000
3942,251,251,280947,5347,1963706,4805800
3943,238,240,280709,5345,1963946,4916700
3944,267,267,280442,5345,1964213,4770300
3945,274,266,280168,5353,1964479,4911900
3946,262,249,279906,5366,1964728,4807000
3947,267,251,279639,5382,1964979,4822200
3948,256,247,279383,5391,1965226,4749200
3949,261,242,279122,5410,1965468,4749600
3950,237,281,278885,5366,1965749,5086400
3951,234,275,278651,5325,1966024,5009600
3952,250,234,278401,5341,1966258,4752600
3953,231,261,278170,5311,1966519,4850900
3954,240,269,277930,5282,1966788,4732000
3955,270,242,277660,5310,1967030,5886100
3956,235,260,277425,5285,1967290,6154800
3957,231,270,277194,5246,1967560,5047300
3958,245,257,276949,5234,1967817,5186900
3959,254,266,276695,5222,1968083,5048800
3960,247,264,276448,5205,1968347,5032800
3961,264,266,276184,5203,1968613,5134000
3962,245,260,275939,5188,1968873,4880400
3963,255,288,275684,5155,1969161,5053700
3964,258,247,275426,5166,1969408,5110400
3965,241,246,275185,5161,1969654,4794400
3966,274,267,274911,5168,1969921,4773800
3967,254,264,274657,5158,1970185,4601600
3968,246,268,274411,5136,1970453,4806200
3969,247,234,274164,5149,1970687,4838700
3970,273,264,273891,5158,1970951,4947600
3971,259,266,273632,5151,1971217,4588500
3972,251,279,273381,5123,1971496,4650700
3973,248,258,273133,5113,1971754,4677000
3974,247,264,272886,5096,1972018,4726500
3975,256,256,272630,5096,1972274,4685600
3976,249,276,272381,5069,1972550,4721600
3977,272,245,272109,5096,1972795,4764300
3978,263,248,271846,5111,1973043,4592300
3979,262,293,271584,5080,1973336,4634400
3980,287,265,271297,5102,1973601,4997500
3981,262,270,271035,5094,1973871,5093700
3982,256,255,270779,5095,1974126,4674500
3983,227,228,270552,5094,1974354,4735900
3984,253,266,270299,5081,1974620,4841200
3985,238,263,270061,5056,1974883,4694400
3986,238,264,269823,5030,1975147,4869000
3987,256,232,269567,5054,1975379,4666100
3988,256,254,269311,5056,1975633,4838600
3989,259,260,269052,5055,1975893,4805900
3990,274,247,268778,5082,1976140,4871000
3991,270,266,268508,5086,1976406,4892300
3992,243,266,268265,5063,1976672,4739200
3993,274,267,267991,5070,1976939,5060100
3994,241,269,267750,5042,1977208,4853400
3995,264,245,267486,5061,1977453,5124000
3996,263,239,267223,5085,1977692,5150000
3997,283,249,266940,5119,1977941,5051300
3998,260,235,266680,5144,1978176,5167100
3999,261,264,266419,5141,1978440,4931400
4000,276,280,266143,5137,1978720,4804000
4001,258,265,265885,5130,1978985,4801700
4002,227,230,265658,5127,1979215,4817700
4003,286,247,265372,5166,1979462,4638300
4004,270,259,265102,5177,1979721,4912000
4005,261,274,264841,5164,1979995,4575000
4006,229,253,264612,5140,1980248,4851000
4007,258,261,264354,5137,1980509,4637200
4008,255,265,264099,5127,1980774,4680100
4009,248,221,263851,5154,1980995,4684500
4010,247,247,263604,5154,1981242,4585300
4011,231,240,263373,5145,1981482,4869500
4012,229,248,263144,5126,1981730,4945500
4013,236,261,262908,5101,1981991,4852200
4014,216,263,262692,5054,1982254,4723200
4015,256,244,262436,5066,1982498,4918600
4016,252,257,262184,5061,1982755,4596300
4017,264,243,261920,5082,1982998,4579800
4018,218,256,261702,5044,1983254,4577600
4019,238,228,261464,5054,1983482,4644600
4020,243,244,261221,5053,1983726,4803500
4021,253,267,260968,5039,1983993,4511500
4022,233,238,260735,5034,1984231,4501100
4023,222,260,260513,4996,1984491,4541100
4024,232,267,260281,4961,1984758,4528000
4025,231,269,260050,4923,1985027,4724400
4026,224,232,259826,4915,1985259,5042400
4027,237,251,259589,4901,1985510,4610500
4028,225,244,259364,4882,1985754,4673500
4029,216,257,259148,4841,1986011,4706000
4030,244,222,258904,4863,1986233,4416900
4031,236,228,258668,4871,1986461,4490000
4032,212,240,258456,4843,1986701,4755000
4033,205,258,258251,4790,1986959,4737900
4034,235,251,258016,4774,1987210,4855200
4035,228,248,257788,4754,1987458,4554500
4036,244,230,257544,4768,1987688,4593000
4037,243,251,257301,4760,1987939,4839100
4038,250,232,257051,4778,1988171,4573400
4039,257,250,256794,4785,1988421,4743500
4040,221,236,256573,4770,1988657,4769600
4041,221,262,256352,4729,1988919,5164400
4042,243,262,256109,4710,1989181,4558500
4043,257,221,255852,4746,1989402,4633400
4044,209,234,255643,4721,1989636,4573600
4045,230,227,255413,4724,1989863,4599600
4046,255,236,255158,4743,1990099,4436700
4047,213,228,254945,4728,1990327,4551800
4048,276,238,254669,4766,1990565,4446300
4049,250,229,254419,4787,1990794,4385400
4050,247,234,254172,4800,1991028,4234000
4051,261,267,253911,4794,1991295,4858400
4052,242,238,253669,4798,1991533,4331900
4053,230,233,253439,4795,1991766,4448100
4054,260,231,253179,4824,1991997,4730900
4055,235,226,252944,4833,1992223,4613600
4056,251,224,252693,4860,1992447,4429000
4057,224,225,252469,4859,1992672,4194200
4058,255,242,252214,4872,1992914,4555000
4059,242,225,251972,4889,1993139,4239000
4060,227,245,251745,4871,1993384,4709000
4061,246,237,251499,4880,1993621,4385900
4062,272,243,251227,4909,1993864,4645600
4063,227,225,251000,4911,1994089,4383300
4064,237,257,250763,4891,1994346,4460800
4065,208,229,250555,4870,1994575,4271300
4066,218,264,250337,4824,1994839,4349500
4067,250,243,250087,4831,1995082,4593900
4068,209,237,249878,4803,1995319,4395600
4069,218,256,249660,4765,1995575,4368400
4070,243,253,249417,4755,1995828,4559700
4071,225,224,249192,4756,1996052,4476600
4072,226,234,248966,4748,1996286,4345300
4073,209,229,248757,4728,1996515,4539600
4074,225,243,248532,4710,1996758,4402500
4075,231,244,248301,4697,1997002,4339200
4076,213,254,248088,4656,1997256,4354700
4077,197,247,247891,4606,1997503,4453000
4078,222,217,247669,4611,1997720,4663400
4079,240,239,247429,4612,1997959,4959400
4080,226,234,247203,4604,1998193,4370800
4081,261,249,246942,4616,1998442,4774300
4082,227,220,246715,4623,1998662,4921500
4083,241,244,246474,4620,1998906,4644800
4084,246,253,246228,4613,1999159,4616500
4085,227,220,246001,4620,1999379,4249800
4086,242,241,245759,4621,1999620,4631700
4087,246,245,245513,4622,1999865,4442400
4088,226,215,245287,4633,2000080,4746700
4089,240,225,245047,4648,2000305,4332000
4090,233,226,244814,4655,2000531,4833500
4091,257,219,244557,4693,2000750,4646400
4092,213,227,244344,4679,2000977,4836300
4093,237,235,244107,4681,2001212,4910400
4094,232,194,243875,4719,2001406,4781400
4095,242,240,243633,4721,2001646,4986100
4096,223,216,243410,4728,2001862,4552700
4097,272,231,243138,4769,2002093,4505800
4098,258,269,242880,4758,2002362,4442400
4099,258,257,242622,4759,2002619,4832400
4100,256,259,242366,4756,2002878,4240200
4101,239,243,242127,4752,2003121,4654100
4102,229,230,241898,4751,2003351,4239800
4103,225,247,241673,4729,2003598,4684800
4104,226,223,241447,4732,2003821,5016600
4105,250,253,241197,4729,2004074,4782300
4106,231,232,240966,4728,2004306,4469300
4107,237,235,240729,4730,2004541,4368800
4108,242,213,240487,4759,2004754,4495300
4109,264,243,240223,4780,2004997,4900100
4110,207,234,240016,4753,2005231,4681800
4111,241,230,239775,4764,2005461,4684500
4112,217,235,239558,4746,2005696,4773500
4113,247,230,239311,4763,2005926,4375000
4114,238,241,239073,4760,2006167,4185700
4115,218,240,238855,4738,2006407,4402900
4116,244,241,238611,4741,2006648,4315000
4117,254,257,238357,4738,2006905,4285100
4118,245,241,238112,4742,2007146,4317700
4119,257,244,237855,4755,2007390,4718600
4120,243,240,237612,4758,2007630,4356700
4121,243,231,237369,4770,2007861,4767300
4122,227,259,237142,4738,2008120,5001900
4123,232,228,236910,4742,2008348,4800600
4124,235,224,236675,4753,2008572,4812600
4125,210,221,236465,4742,2008793,4319300
4126,238,233,236227,4747,2009026,4449000
4127,258,221,235969,4784,2009247,4472500
4128,232,248,235737,4768,2009495,4628700
4129,243,228,235494,4783,2009723,4317500
4130,243,220,235251,4806,2009943,4308400
4131,253,236,234998,4823,2010179,4234900
4132,241,229,234757,4835,2010408,4391700
4133,264,246,234493,4853,2010654,4386300
4134,231,243,234262,4841,2010897,4424100
4135,238,242,234024,4837,2011139,4511300
4136,245,236,233779,4846,2011375,4750000
4137,226,244,233553,4828,2011619,4598600
4138,249,219,233304,4858,2011838,4252000
4139,266,238,233038,4886,2012076,4301900
4140,251,239,232787,4898,2012315,4208800
4141,237,252,232550,4883,2012567,4444900
4142,219,235,232331,4867,2012802,4318000
4143,249,246,232082,4870,2013048,4760700
4144,245,228,231837,4887,2013276,4641300
4145,215,253,231622,4849,2013529,4759700
4146,246,254,231376,4841,2013783,4760500
4147,222,251,231154,4812,2014034,5058700
4148,224,244,230930,4792,2014278,4845800
4149,224,238,230706,4778,2014516,4455900
4150,223,217,230483,4784,2014733,4849400
4151,236,265,230247,4755,2014998,4250300
4152,211,262,230036,4704,2015260,4262100
4153,226,246,229810,4684,2015506,4694300
4154,214,246,229596,4652,2015752,4773000
4155,219,268,229377,4603,2016020,4355700
4156,221,227,229156,4597,2016247,4616200
4157,211,247,228945,4561,2016494,4441100
4158,221,216,228724,4566,2016710,4275800
4159,218,229,228506,4555,2016939,4344200
4160,203,239,228303,4519,2017178,4309100
4161,196,231,228107,4484,2017409,4709800
4162,186,241,227921,4429,2017650,4139300
4163,228,197,227693,4460,2017847,4637900
4164,212,217,227481,4455,2018064,4904300
4165,225,239,227256,4441,2018303,4879000
4166,194,216,227062,4419,2018519,4433900
4167,238,199,226824,4458,2018718,4683500
4168,235,215,226589,4478,2018933,4262400
4169,233,203,226356,4508,2019136,4933500
4170,218,200,226138,4526,2019336,4328900
4171,187,215,225951,4498,2019551,4440600
4172,209,224,225742,4483,2019775,4415000
4173,237,232,225505,4488,2020007,4647400
4174,195,204,225310,4479,2020211,4360300
4175,227,218,225083,4488,2020429,4531900
4176,211,228,224872,4471,2020657,5031200
4177,254,228,224618,4497,2020885,4519900
4178,231,221,224387,4507,2021106,4495300
4179,209,230,224178,4486,2021336,4838200
4180,228,227,223950,4487,2021563,5066000
4181,233,229,223717,4491,2021792,4634900
4182,202,210,223515,4483,2022002,4376300
4183,229,205,223286,4507,2022207,4570800
4184,205,186,223081,4526,2022393,4791100
4185,208,223,222873,4511,2022616,4908800
4186,210,222,222663,4499,2022838,4285900
4187,219,242,222444,4476,2023080,4931600
4188,218,224,222226,4470,2023304,4790100
4189,211,234,222015,4447,2023538,4327200
4190,210,228,221805,4429,2023766,4719900
4191,203,219,221602,4413,2023985,4703500
4192,226,217,221376,4422,2024202,4248200
4193,221,208,221155,4435,2024410,4746300
4194,226,231,220929,4430,2024641,4252200
4195,229,222,220700,4437,2024863,4537600
4196,206,215,220494,4428,2025078,4224500
4197,218,212,220276,4434,2025290,4380800
4198,205,269,220071,4370,2025559,4439500
4199,225,193,219846,4402,2025752,4517100
4200,224,202,219622,4424,2025954,4885300
4201,232,217,219390,4439,2026171,4155300
4202,217,215,219173,4441,2026386,4364500
4203,242,233,218931,4450,2026619,4545200
4204,210,205,218721,4455,2026824,4712000
4205,231,209,218490,4477,2027033,4568300
4206,220,222,218270,4475,2027255,4245000
4207,243,225,218027,4493,2027480,4653700
4208,235,227,217792,4501,2027707,4289200
4209,223,225,217569,4499,2027932,4670600
4210,257,240,217312,4516,2028172,4580100
4211,230,240,217082,4506,2028412,4222900
4212,238,237,216844,4507,2028649,4601200
4213,237,228,216607,4516,2028877,5133700
4214,248,253,216359,4511,2029130,4508200
4215,242,213,216117,4540,2029343,4475400
4216,219,232,215898,4527,2029575,4409900
4217,220,209,215678,4538,2029784,4621100
4218,225,226,215453,4537,2030010,4585600
4219,237,229,215216,4545,2030239,4755200
4220,212,224,215004,4533,2030463,5154700
4221,237,238,214767,4532,2030701,5309100
4222,230,237,214537,4525,2030938,5223900
4223,239,236,214298,4528,2031174,4996100
4224,230,199,214068,4559,2031373,4687500
4225,233,206,213835,4586,2031579,4510500
4226,232,236,213603,4582,2031815,4416000
4227,253,234,213350,4601,2032049,4506700
4228,202,224,213148,4579,2032273,4442600
4229,208,216,212940,4571,2032489,4541000
4230,210,278,212730,4503,2032767,4903600
4231,215,233,212515,4485,2033000,4813200
4232,236,204,212279,4517,2033204,4824200
4233,234,239,212045,4512,2033443,4528800
4234,215,247,211830,4480,2033690,4406000
4235,218,214,211612,4484,2033904,4553700
4236,219,214,211393,4489,2034118,4547000
4237,198,248,211195,4439,2034366,4517400
4238,207,205,210988,4441,2034571,4489100
4239,225,212,210763,4454,2034783,4424300
4240,219,241,210544,4432,2035024,4412700
4241,221,212,210323,4441,2035236,4756500
4242,230,222,210093,4449,2035458,4580700
4243,216,236,209877,4429,2035694,4634300
4244,228,233,209649,4424,2035927,4598200
4245,209,218,209440,4415,2036145,4591200
4246,228,245,209212,4398,2036390,4684900
4247,234,206,208978,4426,2036596,4758300
4248,201,196,208777,4431,2036792,4629300
4249,221,199,208556,4453,2036991,4463100
4250,238,207,208318,4484,2037198,4526200
4251,234,215,208084,4503,2037413,4460500
4252,219,211,207865,4511,2037624,4382200
4253,216,213,207649,4514,2037837,4421500
4254,235,239,207414,4510,2038076,4901200
4255,237,227,207177,4520,2038303,4268000
4256,242,227,206935,4535,2038530,4754100
4257,249,234,206686,4550,2038764,4553700
4258,233,230,206453,4553,2038994,4521000
4259,220,217,206233,4556,2039211,4539800
4260,201,247,206032,4510,2039458,4684400
4261,246,252,205786,4504,2039710,4615800
4262,229,221,205557,4512,2039931,4688200
4263,209,222,205348,4499,2040153,4559700
4264,235,243,205113,4491,2040396,4951500
4265,245,230,204868,4506,2040626,4494000
4266,210,223,204658,4493,2040849,4925800
4267,216,230,204442,4479,2041079,4969500
4268,237,220,204205,4496,2041299,4655000
4269,216,243,203989,4469,2041542,4486600
4270,228,206,203761,4491,2041748,4508400
4271,228,232,203533,4487,2041980,4493500
4272,222,234,203311,4475,2042214,4378500
4273,217,236,203094,4456,2042450,4408600
4274,235,196,202859,4495,2042646,4310400
4275,220,214,202639,4501,2042860,4305200
4276,206,207,202433,4500,2043067,4912300
4277,223,223,202210,4500,2043290,4860600
4278,216,225,201994,4491,2043515,4785600
4279,228,234,201766,4485,2043749,4302500
4280,216,218,201550,4483,2043967,4541300
4281,225,209,201325,4499,2044176,4347700
4282,222,181,201103,4540,2044357,4378000
4283,225,200,200878,4565,2044557,4430200
4284,223,224,200655,4564,2044781,4365600
4285,218,238,200437,4544,2045019,4335800
4286,201,216,200236,4529,2045235,4441200
4287,236,214,200000,4551,2045449,4514200
4288,235,206,199765,4580,2045655,4431600
4289,210,218,199555,4572,2045873,4763600
4290,237,205,199318,4604,2046078,4551300
4291,253,227,199065,4630,2046305,4519600
4292,227,213,198838,4644,2046518,4355900
4293,247,242,198591,4649,2046760,5135500
4294,229,254,198362,4624,2047014,4377400
4295,258,218,198104,4664,2047232,4475100
4296,232,240,197872,4656,2047472,4383700
4297,219,229,197653,4646,2047701,4404700
4298,240,252,197413,4634,2047953,4407700
4299,233,244,197180,4623,2048197,4668200
4300,239,239,196941,4623,2048436,4455300
4301,228,209,196713,4642,2048645,4644200
4302,231,230,196482,4643,2048875,4714600
4303,246,243,196236,4646,2049118,4662000
4304,234,206,196002,4674,2049324,4631700
4305,241,236,195761,4679,2049560,4599400
4306,238,223,195523,4694,2049783,4497000
4307,224,271,195299,4647,2050054,4790000
4308,213,214,195086,4646,2050268,4694900
4309,251,227,194835,4670,2050495,4470200
4310,241,228,194594,4683,2050723,4812900
4311,231,243,194363,4671,2050966,4508000
4312,222,236,194141,4657,2051202,4505300
4313,223,254,193918,4626,2051456,4564900
4314,233,226,193685,4633,2051682,4577400
4315,228,221,193457,4640,2051903,4656100
4316,200,226,193257,4614,2052129,4436800
4317,219,215,193038,4618,2052344,4804600
4318,259,198,192779,4679,2052542,4541400
4319,230,213,192549,4696,2052755,4513100
4320,213,255,192336,4654,2053010,4590200
4321,226,222,192110,4658,2053232,4603300
4322,239,224,191871,4673,2053456,4519800
4323,205,225,191666,4653,2053681,4520400
4324,207,220,191459,4640,2053901,4679100
4325,217,246,191242,4611,2054147,4703100
4326,214,210,191028,4615,2054357,4602400
4327,205,229,190823,4591,2054586,4605100
4328,222,227,190601,4586,2054813,4611900
4329,229,228,190372,4587,2055041,4680100
4330,224,231,190148,4580,2055272,5289500
4331,217,211,189931,4586,2055483,5159600
4332,232,226,189699,4592,2055709,4845900
4333,228,238,189471,4582,2055947,4776400
4334,223,251,189248,4554,2056198,4661900
4335,233,238,189015,4549,2056436,5006800
4336,234,231,188781,4552,2056667,4604500
4337,226,239,188555,4539,2056906,4633400
4338,225,264,188330,4500,2057170,5033000
4339,224,232,188106,4492,2057402,4436700
4340,199,203,187907,4488,2057605,4761800
4341,222,238,187685,4472,2057843,4694500
4342,226,212,187459,4486,2058055,4885800
4343,207,238,187252,4455,2058293,5066300
4344,219,227,187033,4447,2058520,4987200
4345,221,240,186812,4428,2058760,4553000
4346,221,207,186591,4442,2058967,4680600
4347,238,215,186353,4465,2059182,4643500
4348,232,216,186121,4481,2059398,4578400
4349,228,197,185893,4512,2059595,4539500
4350,245,249,185648,4508,2059844,4625900
4351,213,214,185435,4507,2060058,4935300
4352,219,249,185216,4477,2060307,4556100
4353,219,232,184997,4464,2060539,4645300
4354,237,222,184760,4479,2060761,4491300
4355,227,237,184533,4469,2060998,4580900
4356,215,212,184318,4472,2061210,4430200
4357,230,247,184088,4455,2061457,4529900
4358,217,243,183871,4429,2061700,4731200
4359,244,221,183627,4452,2061921,4291800
4360,224,207,183403,4469,2062128,4320300
4361,207,208,183196,4468,2062336,4781600
4362,233,253,182963,4448,2062589,4398600
4363,215,208,182748,4455,2062797,4483500
4364,217,223,182531,4449,2063020,4718400
4365,195,229,182336,4415,2063249,4387800
4366,218,226,182118,4407,2063475,4334800
4367,209,218,181909,4398,2063693,4518000
4368,201,243,181708,4356,2063936,4664500
4369,222,241,181486,4337,2064177,4300500
4370,199,231,181287,4305,2064408,5009900
4371,207,211,181080,4301,2064619,4240500
4372,222,219,180858,4304,2064838,4365600
4373,199,229,180659,4274,2065067,4419700
4374,222,217,180437,4279,2065284,4439700
4375,223,213,180214,4289,2065497,4406400
4376,220,212,179994,4297,2065709,4462900
4377,194,245,179800,4246,2065954,4450700
4378,218,200,179582,4264,2066154,4525700
4379,207,212,179375,4259,2066366,4252700
4380,210,239,179165,4230,2066605,4436500
4381,213,223,178952,4220,2066828,4386100
4382,180,206,178772,4194,2067034,4711800
4383,183,187,178589,4190,2067221,4688200
4384,207,188,178382,4209,2067409,4629500
4385,194,209,178188,4194,2067618,4420300
4386,202,225,177986,4171,2067843,4944900
4387,192,207,177794,4156,2068050,4430900
4388,193,216,177601,4133,2068266,4586100
4389,196,217,177405,4112,2068483,4517300
4390,196,209,177209,4099,2068692,4401100
4391,210,208,176999,4101,2068900,4784900
4392,191,213,176808,4079,2069113,4393700
4393,201,204,176607,4076,2069317,4414800
4394,220,206,176387,4090,2069523,5222800
4395,202,186,176185,4106,2069709,4705400
4396,184,213,176001,4077,2069922,4890000
4397,192,179,175809,4090,2070101,4200300
4398,212,196,175597,4106,2070297,4615800
4399,197,189,175400,4114,2070486,4932200
4400,211,198,175189,4127,2070684,4348600
4401,187,206,175002,4108,2070890,4318200
4402,196,191,174806,4113,2071081,4534400
4403,206,218,174600,4101,2071299,4706900
4404,196,238,174404,4059,2071537,5227200
4405,194,208,174210,4045,2071745,4867700
4406,208,193,174002,4060,2071938,4713400
4407,199,195,173803,4064,2072133,4422300
4408,215,193,173588,4086,2072326,4704200
4409,217,199,173371,4104,2072525,4384800
4410,196,204,173175,4096,2072729,4806300
4411,204,207,172971,4093,2072936,4352300
4412,224,218,172747,4099,2073154,4738600
4413,196,207,172551,4088,2073361,4106800
4414,201,222,172350,4067,2073583,4751700
4415,211,185,172139,4093,2073768,4380000
4416,190,202,171949,4081,2073970,4651200
4417,193,206,171756,4068,2074176,5004600
4418,202,197,171554,4073,2074373,4388600
4419,218,199,171336,4092,2074572,4562700
4420,182,203,171154,4071,2074775,4918600
4421,185,210,170969,4046,2074985,4267600
4422,244,219,170725,4071,2075204,4674300
4423,224,184,170501,4111,2075388,4785700
4424,169,203,170332,4077,2075591,4493200
4425,195,219,170137,4053,2075810,4712400
4426,188,195,169949,4046,2076005,4848300
4427,186,219,169763,4013,2076224,4651900
4428,173,216,169590,3970,2076440,4301500
4429,194,195,169396,3969,2076635,5181400
4430,167,196,169229,3940,2076831,4988000
4431,209,194,169020,3955,2077025,4374200
4432,166,195,168854,3926,2077220,4463500
4433,199,182,168655,3943,2077402,4291700
4434,207,196,168448,3954,2077598,4936600
4435,218,194,168230,3978,2077792,4297700
4436,205,217,168025,3966,2078009,4426800
4437,187,198,167838,3955,2078207,4342000
4438,211,185,167627,3981,2078392,4480500
4439,217,204,167410,3994,2078596,4586600
4440,183,218,167227,3959,2078814,4527100
4441,199,187,167028,3971,2079001,4375900
4442,202,195,166826,3978,2079196,4499400
4443,195,179,166631,3994,2079375,5257500
4444,181,219,166450,3956,2079594,5115300
4445,183,185,166267,3954,2079779,5303000
4446,197,206,166070,3945,2079985,5285400
4447,208,208,165862,3945,2080193,5382600
4448,190,202,165672,3933,2080395,5495600
4449,220,181,165452,3972,2080576,5232800
4450,186,214,165266,3944,2080790,5218200
4451,182,202,165084,3924,2080992,5098600
4452,233,198,164851,3959,2081190,4861800
4453,207,200,164644,3966,2081390,5446900
4454,219,196,164425,3989,2081586,5150300
4455,203,203,164222,3989,2081789,4661800
4456,194,228,164028,3955,2082017,4249500
4457,196,225,163832,3926,2082242,4653200
4458,198,204,163634,3920,2082446,4608500
4459,196,217,163438,3899,2082663,4374900
4460,221,194,163217,3926,2082857,4173000
4461,209,223,163008,3912,2083080,4297400
4462,191,196,162817,3907,2083276,4297500
4463,196,206,162621,3897,2083482,4392300
4464,230,211,162391,3916,2083693,4275900
4465,219,208,162172,3927,2083901,4815600
4466,216,170,161956,3973,2084071,4302000
4467,226,206,161730,3993,2084277,4577200
4468,208,217,161522,3984,2084494,4365700
4469,193,198,161329,3979,2084692,4408900
4470,217,213,161112,3983,2084905,4812800
4471,232,190,160880,4025,2085095,4534700
4472,220,208,160660,4037,2085303,4861100
4473,192,205,160468,4024,2085508,4279000
4474,210,233,160258,4001,2085741,4165900
4475,227,203,160031,4025,2085944,4513700
4476,239,212,159792,4052,2086156,4712000
4477,190,192,159602,4050,2086348,4361300
4478,218,206,159384,4062,2086554,4246600
4479,221,193,159163,4090,2086747,4531200
4480,195,195,158968,4090,2086942,4385800
4481,199,211,158769,4078,2087153,4803300
4482,198,205,158571,4071,2087358,4472900
4483,193,196,158378,4068,2087554,4334800
4484,204,226,158174,4046,2087780,4731700
4485,201,169,157973,4078,2087949,4316600
4486,215,188,157758,4105,2088137,4539200
4487,204,177,157554,4132,2088314,4291500
4488,192,218,157362,4106,2088532,4902400
4489,221,222,157141,4105,2088754,4457700
4490,204,218,156937,4091,2088972,4335400
4491,215,229,156722,4077,2089201,4607500
4492,212,216,156510,4073,2089417,4406600
4493,207,190,156303,4090,2089607,4451200
4494,191,183,156112,4098,2089790,4312100
4495,198,222,155914,4074,2090012,4302100
4496,207,231,155707,4050,2090243,4434400
4497,227,188,155480,4089,2090431,4923000
4498,205,185,155275,4109,2090616,4948500
4499,237,213,155038,4133,2090829,5014300
4500,171,217,154867,4087,2091046,4557200
4501,229,206,154638,4110,2091252,4412900
4502,192,210,154446,4092,2091462,4349800
4503,234,205,154212,4121,2091667,4445200
4504,190,212,154022,4099,2091879,4388000
4505,212,201,153810,4110,2092080,4357100
4506,213,235,153597,4088,2092315,4361300
4507,217,199,153380,4106,2092514,4346800
4508,233,221,153147,4118,2092735,4358800
4509,196,219,152951,4095,2092954,4327600
4510,195,212,152756,4078,2093166,4405900
4511,194,199,152562,4073,2093365,4357400
4512,196,195,152366,4074,2093560,4252900
4513,199,197,152167,4076,2093757,4328100
4514,205,209,151962,4072,2093966,4399100
4515,200,210,151762,4062,2094176,4364400
4516,203,206,151559,4059,2094382,4267700
4517,196,210,151363,4045,2094592,4481300
4518,185,203,151178,4027,2094795,4542500
4519,204,180,150974,4051,2094975,4305900
4520,207,191,150767,4067,2095166,4500600
4521,190,199,150577,4058,2095365,4383800
4522,192,193,150385,4057,2095558,4709200
4523,214,210,150171,4061,2095768,4383800
4524,211,185,149960,4087,2095953,4262900
4525,205,192,149755,4100,2096145,5009400
4526,195,180,149560,4115,2096325,4279700
4527,195,230,149365,4080,2096555,4341700
4528,215,225,149150,4070,2096780,4313900
4529,203,196,148947,4077,2096976,4319400
4530,189,193,148758,4073,2097169,4305500
4531,198,216,148560,4055,2097385,4354400
4532,191,218,148369,4028,2097603,4462300
4533,189,186,148180,4031,2097789,4613100
4534,191,206,147989,4016,2097995,4689400
4535,208,187,147781,4037,2098182,4524000
4536,197,196,147584,4038,2098378,4701400
4537,212,192,147372,4058,2098570,5047800
4538,236,185,147136,4109,2098755,4438600
4539,209,235,146927,4083,2098990,4231400
4540,213,199,146714,4097,2099189,4262400
4541,199,181,146515,4115,2099370,4290000
4542,228,237,146287,4106,2099607,4479400
4543,211,222,146076,4095,2099829,4496500
4544,201,198,145875,4098,2100027,4943600
4545,251,211,145624,4138,2100238,4401900
4546,191,191,145433,4138,2100429,4450500
4547,220,204,145213,4154,2100633,4313700
4548,201,205,145012,4150,2100838,4427000
4549,203,200,144809,4153,2101038,4562600
4550,224,210,144585,4167,2101248,4311300
4551,231,200,144354,4198,2101448,4530800
4552,227,186,144127,4239,2101634,4743800
4553,240,232,143887,4247,2101866,4356600
4554,207,214,143680,4240,2102080,4670800
4555,190,217,143490,4213,2102297,4394800
4556,221,207,143269,4227,2102504,4247100
4557,200,237,143069,4190,2102741,4632300
4558,187,204,142882,4173,2102945,4348200
4559,192,227,142690,4138,2103172,4286700
4560,193,178,142497,4153,2103350,4261200
4561,198,221,142299,4130,2103571,4884200
4562,194,187,142105,4137,2103758,4468600
4563,207,221,141898,4123,2103979,4541400
4564,174,236,141724,4061,2104215,4389300
4565,206,201,141518,4066,2104416,4238200
4566,213,179,141305,4100,2104595,4450800
4567,199,193,141106,4106,2104788,4245800
4568,213,203,140893,4116,2104991,4139800
4569,189,202,140704,4103,2105193,4268400
4570,242,224,140462,4121,2105417,4266800
4571,207,207,140255,4121,2105624,4659600
4572,200,211,140055,4110,2105835,4472100
4573,207,212,139848,4105,2106047,4331500
4574,201,210,139647,4096,2106257,4203700
4575,212,180,139435,4128,2106437,4500600
4576,211,207,139224,4132,2106644,4809800
4577,203,204,139021,4131,2106848,4280200
4578,210,193,138811,4148,2107041,4386100
4579,209,223,138602,4134,2107264,4536100
4580,180,189,138422,4125,2107453,4748300
4581,203,212,138219,4116,2107665,4208000
4582,190,193,138029,4113,2107858,4813500
4583,191,157,137838,4147,2108015,4326900
4584,201,226,137637,4122,2108241,4295200
4585,208,201,137429,4129,2108442,4277400
4586,177,198,137252,4108,2108640,4414100
4587,181,182,137071,4107,2108822,4445200
4588,186,183,136885,4110,2109005,4878000
4589,213,203,136672,4120,2109208,4324400
4590,185,195,136487,4110,2109403,4235300
4591,204,188,136283,4126,2109591,4202400
4592,222,203,136061,4145,2109794,4613900
4593,214,192,135847,4167,2109986,4981600
4594,191,187,135656,4171,2110173,4226200
4595,195,232,135461,4134,2110405,4649700
4596,191,209,135270,4116,2110614,4266000
4597,205,212,135065,4109,2110826,4235600
4598,201,191,134864,4119,2111017,4298200
4599,221,177,134643,4163,2111194,4299600
4600,209,211,134434,4161,2111405,4216000
4601,221,219,134213,4163,2111624,4430200
4602,200,194,134013,4169,2111818,4279900
4603,180,202,133833,4147,2112020,4237200
4604,179,194,133654,4132,2112214,4289600
4605,192,208,133462,4116,2112422,4257200
4606,196,205,133266,4107,2112627,4443900
4607,223,216,133043,4114,2112843,4914600
4608,202,214,132841,4102,2113057,4578800
4609,193,196,132648,4099,2113253,4683300
4610,192,193,132456,4098,2113446,4445900
4611,208,222,132248,4084,2113668,4526600
4612,213,211,132035,4086,2113879,4531700
4613,210,219,131825,4077,2114098,4516700
4614,210,184,131615,4103,2114282,4985300
4615,193,193,131422,4103,2114475,5249100
4616,203,194,131219,4112,2114669,5166700
4617,178,209,131041,4081,2114878,4331800
4618,184,205,130857,4060,2115083,4434900
4619,212,175,130645,4097,2115258,4446300
4620,205,183,130440,4119,2115441,4102000
4621,196,203,130244,4112,2115644,4760800
4622,215,185,130029,4142,2115829,4749900
4623,195,203,129834,4134,2116032,4424600
4624,199,217,129635,4116,2116249,4143500
4625,203,191,129432,4128,2116440,4697600
4626,226,194,129206,4160,2116634,4764700
4627,193,198,129013,4155,2116832,4159800
4628,215,243,128798,4127,2117075,4439700
4629,179,205,128619,4101,2117280,4223900
4630,223,227,128396,4097,2117507,4132300
4631,196,222,128200,4071,2117729,4442100
4632,207,212,127993,4066,2117941,4382300
4633,192,204,127801,4054,2118145,4336100
4634,212,205,127589,4061,2118350,4245700
4635,201,200,127388,4062,2118550,4337100
4636,228,223,127160,4067,2118773,4623100
4637,205,206,126955,4066,2118979,4371800
4638,230,192,126725,4104,2119171,4299700
4639,192,184,126533,4112,2119355,4428900
4640,158,189,126375,4081,2119544,4174800
4641,182,197,126193,4066,2119741,4299600
4642,198,200,125995,4064,2119941,4283200
4643,227,198,125768,4093,2120139,4438200
4644,195,205,125573,4083,2120344,4741600
4645,211,222,125362,4072,2120566,4213600
4646,206,209,125156,4069,2120775,5263700
4647,210,218,124946,4061,2120993,4529300
4648,198,199,124748,4060,2121192,4287400
4649,209,204,124539,4065,2121396,4370100
4650,206,207,124333,4064,2121603,4709500
4651,186,222,124147,4028,2121825,4287300
4652,214,217,123933,4025,2122042,4369300
4653,194,203,123739,4016,2122245,4632800
4654,204,220,123535,4000,2122465,4278600
4655,228,195,123307,4033,2122660,4215400
4656,213,221,123094,4025,2122881,4821300
4657,194,201,122900,4018,2123082,4494300
4658,197,205,122703,4010,2123287,4403700
4659,192,196,122511,4006,2123483,4327300
4660,190,208,122321,3988,2123691,5069700
4661,173,210,122148,3951,2123901,4493100
4662,209,190,121939,3970,2124091,4377000
4663,173,189,121766,3954,2124280,4378200
4664,179,208,121587,3925,2124488,4425900
4665,209,187,121378,3947,2124675,4255800
4666,210,210,121168,3947,2124885,4276400
4667,189,191,120979,3945,2125076,4339100
4668,190,209,120789,3926,2125285,4293900
4669,202,173,120587,3955,2125458,4601700
4670,195,212,120392,3938,2125670,4764100
4671,181,196,120211,3923,2125866,4596100
4672,153,190,120058,3886,2126056,4798000
4673,180,206,119878,3860,2126262,4888200
4674,171,235,119707,3796,2126497,4222800
4675,170,188,119537,3778,2126685,4691600
4676,199,176,119338,3801,2126861,4219800
4677,169,198,119169,3772,2127059,4774600
4678,201,179,118968,3794,2127238,4962700
4679,199,165,118769,3828,2127403,4857700
4680,184,200,118585,3812,2127603,4201700
4681,188,204,118397,3796,2127807,4359900
4682,165,180,118232,3781,2127987,4413500
4683,207,169,118025,3819,2128156,4396800
4684,191,201,117834,3809,2128357,4692500
4685,196,194,117638,3811,2128551,4398800
4686,190,210,117448,3791,2128761,4283900
4687,204,183,117244,3812,2128944,4487200
4688,205,187,117039,3830,2129131,4219600
4689,183,172,116856,3841,2129303,4349600
4690,184,183,116672,3842,2129486,4204500
4691,190,199,116482,3833,2129685,4215500
4692,191,178,116291,3846,2129863,4781500
4693,190,187,116101,3849,2130050,4429000
4694,181,192,115920,3838,2130242,4161700
4695,196,200,115724,3834,2130442,4229500
4696,189,175,115535,3848,2130617,4449400
4697,186,181,115349,3853,2130798,4709800
4698,171,207,115178,3817,2131005,4470200
4699,177,200,115001,3794,2131205,4893400
4700,201,170,114800,3825,2131375,4604600
4701,202,182,114598,3845,2131557,4729200
4702,191,210,114407,3826,2131767,4604300
4703,174,176,114233,3824,2131943,4409400
4704,174,208,114059,3790,2132151,4658800
4705,167,168,113892,3789,2132319,4683400
4706,206,178,113686,3817,2132497,4883900
4707,201,189,113485,3829,2132686,4511000
4708,171,220,113314,3780,2132906,4838500
4709,178,186,113136,3772,2133092,4403400
4710,179,178,112957,3773,2133270,4761200
4711,194,184,112763,3783,2133454,4707200
4712,187,193,112576,3777,2133647,5028700
4713,176,183,112400,3770,2133830,4994700
4714,200,193,112200,3777,2134023,4143800
4715,184,208,112016,3753,2134231,4880900
4716,193,166,111823,3780,2134397,4752700
4717,177,179,111646,3778,2134576,4442000
4718,186,214,111460,3750,2134790,4191500
4719,172,196,111288,3726,2134986,4415600
4720,190,182,111098,3734,2135168,4940700
4721,181,209,110917,3706,2135377,4322400
4722,163,169,110754,3700,2135546,4373000
4723,192,178,110562,3714,2135724,4333200
4724,180,187,110382,3707,2135911,4259900
4725,183,168,110199,3722,2136079,4478300
4726,184,200,110015,3706,2136279,4550000
4727,175,190,109840,3691,2136469,4411600
4728,200,217,109640,3674,2136686,4422700
4729,167,186,109473,3655,2136872,4453600
4730,192,157,109281,3690,2137029,4406300
4731,201,179,109080,3712,2137208,4279800
4732,166,175,108914,3703,2137383,4684700
4733,165,169,108749,3699,2137552,4444200
4734,168,164,108581,3703,2137716,4199600
4735,187,184,108394,3706,2137900,4670100
4736,194,186,108200,3714,2138086,4123000
4737,191,185,108009,3720,2138271,4303800
4738,216,183,107793,3753,2138454,4677300
4739,209,197,107584,3765,2138651,4840900
4740,219,189,107365,3795,2138840,4857500
4741,196,180,107169,3811,2139020,4824700
4742,181,182,106988,3810,2139202,4328200
4743,204,171,106784,3843,2139373,4777700
4744,189,191,106595,3841,2139564,4944400
4745,211,186,106384,3866,2139750,4284300
4746,203,165,106181,3904,2139915,4201000
4747,206,175,105975,3935,2140090,4473700
4748,218,186,105757,3967,2140276,4260800
4749,206,216,105551,3957,2140492,4306500
4750,181,184,105370,3954,2140676,4314200
4751,201,193,105169,3962,2140869,4708100
4752,196,202,104973,3956,2141071,4723500
4753,203,183,104770,3976,2141254,4907500
4754,204,187,104566,3993,2141441,4833200
4755,203,205,104363,3991,2141646,4854700
4756,193,199,104170,3985,2141845,4331900
4757,193,228,103977,3950,2142073,4296900
4758,196,188,103781,3958,2142261,4598100
4759,167,205,103614,3920,2142466,4730800
4760,206,194,103408,3932,2142660,4338400
4761,188,220,103220,3900,2142880,4702600
4762,185,185,103035,3900,2143065,4463500
4763,187,201,102848,3886,2143266,4952100
4764,170,184,102678,3872,2143450,4524300
4765,191,211,102487,3852,2143661,4338900
4766,171,194,102316,3829,2143855,4250200
4767,181,181,102135,3829,2144036,4339300
4768,169,194,101966,3804,2144230,4360500
4769,184,201,101782,3787,2144431,4366100
4770,164,185,101618,3766,2144616,4555300
4771,189,196,101429,3759,2144812,4404600
4772,169,179,101260,3749,2144991,4358700
4773,172,184,101088,3737,2145175,4263300
4774,183,201,100905,3719,2145376,4388600
4775,176,181,100729,3714,2145557,4396400
4776,169,172,100560,3711,2145729,4225500
4777,177,196,100383,3692,2145925,4230800
4778,181,182,100202,3691,2146107,4444300
4779,166,186,100036,3671,2146293,4378900
4780,185,177,99851,3679,2146470,4263500
4781,179,205,99672,3653,2146675,4748200
4782,168,167,99504,3654,2146842,4470700
4783,156,174,99348,3636,2147016,4449500
4784,170,189,99178,3617,2147205,4487000
4785,185,194,98993,3608,2147399,5070500
4786,159,204,98834,3563,2147603,4458200
4787,160,158,98674,3565,2147761,4287900
4788,163,196,98511,3532,2147957,4825300
4789,178,187,98333,3523,2148144,4413100
4790,173,176,98160,3520,2148320,4319600
4791,166,149,97994,3537,2148469,4294900
4792,164,163,97830,3538,2148632,4733900
4793,164,172,97666,3530,2148804,4290800
4794,166,203,97500,3493,2149007,4422900
4795,190,194,97310,3489,2149201,4560100
4796,173,186,97137,3476,2149387,4502100
4797,186,137,96951,3525,2149524,4378300
4798,179,169,96772,3535,2149693,4348800
4799,161,188,96611,3508,2149881,4463200
4800,177,188,96434,3497,2150069,4365500
4801,180,182,96254,3495,2150251,4355900
4802,184,152,96070,3527,2150403,4337500
4803,191,187,95879,3531,2150590,4484200
4804,180,178,95699,3533,2150768,4372600
4805,169,157,95530,3545,2150925,4305500
4806,165,156,95365,3554,2151081,4449000
4807,159,179,95206,3534,2151260,4248400
4808,189,177,95017,3546,2151437,4328200
4809,195,162,94822,3579,2151599,4729000
4810,169,181,94653,3567,2151780,4322700
4811,179,170,94474,3576,2151950,4330100
4812,167,176,94307,3567,2152126,4278000
4813,184,190,94123,3561,2152316,4353000
4814,198,155,93925,3604,2152471,4343800
4815,181,159,93744,3626,2152630,4384300
4816,171,191,93573,3606,2152821,4696700
4817,158,184,93415,3580,2153005,4255600
4818,180,189,93235,3571,2153194,4190200
4819,158,184,93077,3545,2153378,4164500
4820,150,174,92927,3521,2153552,4592600
4821,177,160,92750,3538,2153712,4785400
4822,184,176,92566,3546,2153888,4237400
4823,178,165,92388,3559,2154053,4412100
4824,196,180,92192,3575,2154233,4201700
4825,195,191,91997,3579,2154424,4597000
4826,200,180,91797,3599,2154604,4866900
4827,160,163,91637,3596,2154767,4632400
4828,184,168,91453,3612,2154935,5169900
4829,188,182,91265,3618,2155117,4388200
4830,185,169,91080,3634,2155286,4622700
4831,188,174,90892,3648,2155460,4450500
4832,165,178,90727,3635,2155638,4799300
4833,178,168,90549,3645,2155806,4705600
4834,177,158,90372,3664,2155964,5163800
4835,194,207,90178,3651,2156171,4989100
4836,189,183,89989,3657,2156354,5151100
4837,188,178,89801,3667,2156532,5130600
4838,182,191,89619,3658,2156723,4478000
4839,168,186,89451,3640,2156909,5222000
4840,183,180,89268,3643,2157089,5237900
4841,172,187,89096,3628,2157276,5085400
4842,189,168,88907,3649,2157444,4339800
4843,171,180,88736,3640,2157624,4418700
4844,180,173,88556,3647,2157797,4519200
4845,180,169,88376,3658,2157966,4300800
4846,180,179,88196,3659,2158145,4312400
4847,164,193,88032,3630,2158338,4271800
4848,185,179,87847,3636,2158517,4246600
4849,190,207,87657,3619,2158724,4163100
4850,200,193,87457,3626,2158917,4330400
4851,159,186,87298,3599,2159103,4416700
4852,196,189,87102,3606,2159292,4434000
4853,184,162,86918,3628,2159454,4713300
4854,177,184,86741,3621,2159638,4841300
4855,180,200,86561,3601,2159838,4602500
4856,173,187,86388,3587,2160025,4800800
4857,170,158,86218,3599,2160183,4713900
4858,166,168,86052,3597,2160351,4447900
4859,182,202,85870,3577,2160553,4257400
4860,174,176,85696,3575,2160729,4312400
4861,174,192,85522,3557,2160921,4415500
4862,153,179,85369,3531,2161100,4409300
4863,180,185,85189,3526,2161285,4275100
4864,157,175,85032,3508,2161460,4200500
4865,161,181,84871,3488,2161641,4340500
4866,173,184,84698,3477,2161825,4490900
4867,176,163,84522,3490,2161988,4169700
4868,174,158,84348,3506,2162146,4178400
4869,164,163,84184,3507,2162309,4621800
4870,179,186,84005,3500,2162495,4745900
4871,183,162,83822,3521,2162657,4765000
4872,195,186,83627,3530,2162843,4799600
4873,192,174,83435,3548,2163017,4297100
4874,183,139,83252,3592,2163156,4306400
4875,184,191,83068,3585,2163347,4392300
4876,206,206,82862,3585,2163553,4274500
4877,184,172,82678,3597,2163725,4142000
4878,169,157,82509,3609,2163882,4467500
4879,175,196,82334,3588,2164078,4567500
4880,178,172,82156,3594,2164250,4431800
4881,204,189,81952,3609,2164439,4432000
4882,175,189,81777,3595,2164628,4448600
4883,184,187,81593,3592,2164815,4520800
4884,160,146,81433,3606,2164961,4432200
4885,180,170,81253,3616,2165131,4469700
4886,167,163,81086,3620,2165294,4568800
4887,183,187,80903,3616,2165481,4935900
4888,201,159,80702,3658,2165640,4536500
4889,163,201,80539,3620,2165841,4557400
4890,200,166,80339,3654,2166007,4728400
4891,193,165,80146,3682,2166172,4423700
4892,194,177,79952,3699,2166349,4282400
4893,178,207,79774,3670,2166556,4452100
4894,177,195,79597,3652,2166751,4674600
4895,187,190,79410,3649,2166941,4492800
4896,185,166,79225,3668,2167107,4149400
4897,165,184,79060,3649,2167291,4578800
4898,177,193,78883,3633,2167484,4203700
4899,179,190,78704,3622,2167674,4256500
4900,157,175,78547,3604,2167849,4565300
4901,166,186,78381,3584,2168035,4208100
4902,180,176,78201,3588,2168211,4757800
4903,180,181,78021,3587,2168392,4417400
4904,156,176,77865,3567,2168568,4654100
4905,162,183,77703,3546,2168751,4996400
4906,139,189,77564,3496,2168940,4799900
4907,160,158,77404,3498,2169098,5005800
4908,179,177,77225,3500,2169275,4445200
4909,170,177,77055,3493,2169452,4498800
4910,160,185,76895,3468,2169637,4395000
4911,158,178,76737,3448,2169815,4387500
4912,164,172,76573,3440,2169987,4457000
4913,165,151,76408,3454,2170138,4334600
4914,160,159,76248,3455,2170297,4670800
4915,155,171,76093,3439,2170468,4535500
4916,159,176,75934,3422,2170644,4566600
4917,157,159,75777,3420,2170803,4377600
4918,151,162,75626,3409,2170965,4662500
4919,153,189,75473,3373,2171154,4375700
4920,142,167,75331,3348,2171321,4344900
4921,145,196,75186,3297,2171517,4490000
4922,140,161,75046,3276,2171678,4393700
4923,164,163,74882,3277,2171841,4556900
4924,137,158,74745,3256,2171999,4713100
4925,156,156,74589,3256,2172155,4465900
4926,147,183,74442,3220,2172338,4481200
4927,158,173,74284,3205,2172511,4539800
4928,146,143,74138,3208,2172654,4474100
4929,142,183,73996,3167,2172837,4379900
4930,142,168,73854,3141,2173005,4454800
4931,157,156,73697,3142,2173161,4702000
4932,151,145,73546,3148,2173306,4777300
4933,150,151,73396,3147,2173457,4763700
4934,151,153,73245,3145,2173610,4796200
4935,146,158,73099,3133,2173768,4394100
4936,169,143,72930,3159,2173911,4518200
4937,145,159,72785,3145,2174070,4550000
4938,144,168,72641,3121,2174238,4565800
4939,153,169,72488,3105,2174407,4584200
4940,159,144,72329,3120,2174551,4815000
4941,141,152,72188,3109,2174703,4524800
4942,147,165,72041,3091,2174868,4495000
4943,154,158,71887,3087,2175026,4395600
4944,125,148,71762,3064,2175174,4633600
4945,139,154,71623,3049,2175328,4595900
4946,140,161,71483,3028,2175489,4448800
4947,138,155,71345,3011,2175644,4564400
4948,127,146,71218,2992,2175790,4627700
4949,161,144,71057,3009,2175934,4408700
4950,121,167,70936,2963,2176101,4551300
4951,112,158,70824,2917,2176259,4499300
4952,126,131,70698,2912,2176390,4342000
4953,125,162,70573,2875,2176552,4332900
4954,118,148,70455,2845,2176700,4341900
4955,128,135,70327,2838,2176835,4670900
4956,129,126,70198,2841,2176961,4808400
4957,141,168,70057,2814,2177129,4708100
4958,135,137,69922,2812,2177266,4564100
4959,132,125,69790,2819,2177391,4972300
4960,123,140,69667,2802,2177531,4519400
4961,139,147,69528,2794,2177678,4478600
4962,133,133,69395,2794,2177811,4278100
4963,120,143,69275,2771,2177954,4652800
4964,129,118,69146,2782,2178072,4580700
4965,125,149,69021,2758,2178221,4314500
4966,127,151,68894,2734,2178372,4976800
4967,128,138,68766,2724,2178510,4384100
4968,129,119,68637,2734,2178629,4211000
4969,114,142,68523,2706,2178771,4561000
4970,126,148,68397,2684,2178919,4395400
4971,126,133,68271,2677,2179052,4274800
4972,123,136,68148,2664,2179188,4683600
4973,128,128,68020,2664,2179316,4748400
4974,124,134,67896,2654,2179450,4810300
4975,119,140,67777,2633,2179590,5070700
4976,138,115,67639,2656,2179705,4246500
4977,130,133,67509,2653,2179838,4869300
4978,117,140,67392,2630,2179978,4966200
4979,124,115,67268,2639,2180093,4970400
4980,129,105,67139,2663,2180198,5143500
4981,140,119,66999,2684,2180317,5042800
4982,115,136,66884,2663,2180453,4639600
4983,115,148,66769,2630,2180601,4863100
4984,109,127,66660,2612,2180728,4393900
4985,111,114,66549,2609,2180842,4771100
4986,109,122,66440,2596,2180964,4770800
4987,126,155,66314,2567,2181119,4238300
4988,113,125,66201,2555,2181244,4383100
4989,112,116,66089,2551,2181360,4452000
4990,128,134,65961,2545,2181494,4321200
4991,118,129,65843,2534,2181623,4142200
4992,112,140,65731,2506,2181763,4272600
4993,120,107,65611,2519,2181870,4530300
4994,114,131,65497,2502,2182001,4933800
4995,128,143,65369,2487,2182144,4324600
4996,99,135,65270,2451,2182279,4823900
4997,121,128,65149,2444,2182407,4654100
4998,110,129,65039,2425,2182536,4192100
4999,86,113,64953,2398,2182649,4755100
5000,116,110,64837,2404,2182759,5268500
5001,105,143,64732,2366,2182902,5057200
5002,115,133,64617,2348,2183035,4439000
5003,102,128,64515,2322,2183163,4837400
5004,108,112,64407,2318,2183275,4450100
5005,115,105,64292,2328,2183380,4455200
5006,110,103,64182,2335,2183483,4398500
5007,114,123,64068,2326,2183606,4248200
5008,122,127,63946,2321,2183733,4264100
5009,111,120,63835,2312,2183853,4394200
5010,102,101,63733,2313,2183954,4492600
5011,116,119,63617,2310,2184073,4388900
5012,118,135,63499,2293,2184208,4424300
5013,91,123,63408,2261,2184331,4295300
5014,110,112,63298,2259,2184443,4386800
5015,108,108,63190,2259,2184551,4336400
5016,111,126,63079,2244,2184677,4466600
5017,93,117,62986,2220,2184794,4284600
5018,96,95,62890,2221,2184889,4482900
5019,107,110,62783,2218,2184999,4406600
5020,94,95,62689,2217,2185094,4429400
5021,103,121,62586,2199,2185215,4668400
5022,88,111,62498,2176,2185326,4341200
5023,89,100,62409,2165,2185426,4412000
5024,100,99,62309,2166,2185525,4570300
5025,84,91,62225,2159,2185616,4922100
5026,84,101,62141,2142,2185717,4322200
5027,84,125,62057,2101,2185842,4266900
5028,80,97,61977,2084,2185939,4365400
5029,101,104,61876,2081,2186043,4747300
5030,91,92,61785,2080,2186135,4382800
5031,87,119,61698,2048,2186254,4890100
5032,92,111,61606,2029,2186365,4317000
5033,78,103,61528,2004,2186468,4674500
5034,84,104,61444,1984,2186572,4652200
5035,88,96,61356,1976,2186668,4271700
5036,87,118,61269,1945,2186786,4547700
5037,68,86,61201,1927,2186872,4476300
5038,85,101,61116,1911,2186973,4297800
5039,83,108,61033,1886,2187081,4359500
5040,87,81,60946,1892,2187162,4417200
5041,87,99,60859,1880,2187261,4418800
5042,85,100,60774,1865,2187361,4359500
5043,86,91,60688,1860,2187452,4540400
5044,63,84,60625,1839,2187536,4902000
5045,86,100,60539,1825,2187636,4316800
5046,74,79,60465,1820,2187715,4529600
5047,58,91,60407,1787,2187806,4411700
5048,80,96,60327,1771,2187902,4379900
5049,59,93,60268,1737,2187995,4349800
5050,57,85,60211,1709,2188080,4504700
5051,80,88,60131,1701,2188168,4497900
5052,84,86,60047,1699,2188254,4264600
5053,62,65,59985,1696,2188319,4328200
5054,71,73,59914,1694,2188392,4421500
5055,79,83,59835,1690,2188475,4243600
5056,62,74,59773,1678,2188549,4244300
5057,77,90,59696,1665,2188639,4537000
5058,91,83,59605,1673,2188722,4465300
5059,87,76,59518,1684,2188798,4550400
5060,80,74,59438,1690,2188872,4723100
5061,80,88,59358,1682,2188960,4928600
5062,101,87,59257,1696,2189047,4474200
5063,76,76,59181,1696,2189123,4836600
5064,92,101,59089,1687,2189224,4674400
5065,91,81,58998,1697,2189305,4600500
5066,82,97,58916,1682,2189402,4557600
5067,68,84,58848,1666,2189486,4340500
5068,85,68,58763,1683,2189554,4263800
5069,86,82,58677,1687,2189636,4256800
5070,84,75,58593,1696,2189711,4801400
5071,82,71,58511,1707,2189782,4267900
5072,80,74,58431,1713,2189856,4202900
5073,93,96,58338,1710,2189952,4440200
5074,80,99,58258,1691,2190051,4337000
5075,76,80,58182,1687,2190131,5315900
5076,86,79,58096,1694,2190210,4300600
5077,85,86,58011,1693,2190296,4355000
5078,69,88,57942,1674,2190384,4344300
5079,74,77,57868,1671,2190461,4342400
5080,85,98,57783,1658,2190559,4358100
5081,66,74,57717,1650,2190633,4636400
5082,76,80,57641,1646,2190713,4286100
5083,85,86,57556,1645,2190799,4655400
5084,69,57,57487,1657,2190856,4359500
5085,80,90,57407,1647,2190946,4362300
5086,86,84,57321,1649,2191030,4284800
5087,84,78,57237,1655,2191108,4266900
5088,84,84,57153,1655,2191192,4442200
5089,74,73,57079,1656,2191265,4623000
5090,75,84,57004,1647,2191349,4933100
5091,78,68,56926,1657,2191417,4140200
5092,89,78,56837,1668,2191495,4319700
5093,77,99,56760,1646,2191594,4520000
5094,85,77,56675,1654,2191671,4392600
5095,77,67,56598,1664,2191738,4380200
5096,67,111,56531,1620,2191849,4232100
5097,84,81,56447,1623,2191930,4911400
5098,74,87,56373,1610,2192017,4143100
5099,63,82,56310,1591,2192099,4505000
5100,69,78,56241,1582,2192177,4280300
5101,64,61,56177,1585,2192238,4709900
5102,68,82,56109,1571,2192320,4442400
5103,61,62,56048,1570,2192382,4348100
5104,65,61,55983,1574,2192443,4638400
5105,70,75,55913,1569,2192518,5017500
5106,76,94,55837,1551,2192612,5021400
5107,65,76,55772,1540,2192688,4349500
5108,64,78,55708,1526,2192766,4694300
5109,68,67,55640,1527,2192833,4459200
5110,80,69,55560,1538,2192902,4331700
5111,93,91,55467,1540,2192993,4760900
5112,66,84,55401,1522,2193077,4414300
5113,79,78,55322,1523,2193155,4979700
5114,63,66,55259,1520,2193221,4233600
5115,73,68,55186,1525,2193289,4538600
5116,76,81,55110,1520,2193370,4153100
5117,76,73,55034,1523,2193443,4701500
5118,69,67,54965,1525,2193510,4125200
5119,68,72,54897,1521,2193582,4084700
5120,82,80,54815,1523,2193662,4774200
5121,68,74,54747,1517,2193736,4338800
5122,67,81,54680,1503,2193817,4474800
5123,66,83,54614,1486,2193900,4544200
5124,66,83,54548,1469,2193983,4656900
5125,65,69,54483,1465,2194052,4536500
5126,56,86,54427,1435,2194138,4520300
5127,70,83,54357,1422,2194221,4265300
5128,67,54,54290,1435,2194275,4532300
5129,65,69,54225,1431,2194344,4138200
5130,76,70,54149,1437,2194414,4480900
5131,79,73,54070,1443,2194487,4735200
5132,74,73,53996,1444,2194560,4628100
5133,71,81,53925,1434,2194641,4226500
5134,71,61,53854,1444,2194702,4325000
5135,82,84,53772,1442,2194786,4633200
5136,77,67,53695,1452,2194853,4363200
5137,75,85,53620,1442,2194938,4325100
5138,80,80,53540,1442,2195018,4648800
5139,48,75,53492,1415,2195093,5030700
5140,65,51,53427,1429,2195144,4671800
5141,69,74,53358,1424,2195218,4491800
5142,63,58,53295,1429,2195276,4525100
5143,62,69,53233,1422,2195345,4382500
5144,68,62,53165,1428,2195407,4799100
5145,73,80,53092,1421,2195487,5052600
5146,74,67,53018,1428,2195554,4851300
5147,71,77,52947,1422,2195631,4322400
5148,79,70,52868,1431,2195701,4514900
5149,56,71,52812,1416,2195772,4373200
5150,81,74,52731,1423,2195846,4412800
5151,64,62,52667,1425,2195908,4367800
5152,60,83,52607,1402,2195991,4308200
5153,58,90,52549,1370,2196081,4531600
5154,71,72,52478,1369,2196153,4877700
5155,66,65,52412,1370,2196218,4438200
5156,70,66,52342,1374,2196284,4665600
5157,64,75,52278,1363,2196359,4227900
5158,72,59,52206,1376,2196418,4325800
5159,71,56,52135,1391,2196474,4336300
5160,78,79,52057,1390,2196553,4386200
5161,59,77,51998,1372,2196630,4486900
5162,68,61,51930,1379,2196691,4498100
5163,65,62,51865,1382,2196753,4365800
5164,65,57,51800,1390,2196810,4643500
5165,66,64,51734,1392,2196874,4456200
5166,55,64,51679,1383,2196938,4359600
5167,72,57,51607,1398,2196995,4363100
5168,56,64,51551,1390,2197059,4523000
5169,44,64,51507,1370,2197123,4368200
5170,63,61,51444,1372,2197184,4354100
5171,54,73,51390,1353,2197257,4276100
5172,52,59,51338,1346,2197316,4668600
5173,54,66,51284,1334,2197382,4534800
5174,60,61,51224,1333,2197443,4282200
5175,61,65,51163,1329,2197508,4288000
5176,55,74,51108,1310,2197582,4732600
5177,48,51,51060,1307,2197633,4526400
5178,56,68,51004,1295,2197701,4561700
5179,64,75,50940,1284,2197776,4910400
5180,52,66,50888,1270,2197842,4244300
5181,48,67,50840,1251,2197909,4564800
5182,57,67,50783,1241,2197976,4539500
5183,60,56,50723,1245,2198032,5110700
5184,60,53,50663,1252,2198085,4371500
5185,67,67,50596,1252,2198152,4261500
5186,63,62,50533,1253,2198214,4173100
5187,51,47,50482,1257,2198261,4227500
5188,58,50,50424,1265,2198311,4341600
5189,67,65,50357,1267,2198376,4155300
5190,58,74,50299,1251,2198450,4607700
5191,72,58,50227,1265,2198508,4114100
5192,54,73,50173,1246,2198581,4175800
5193,51,64,50122,1233,2198645,4205700
5194,55,55,50067,1233,2198700,4274400
5195,46,76,50021,1203,2198776,4292400
5196,59,57,49962,1205,2198833,4339000
5197,59,70,49903,1194,2198903,4704000
5198,53,60,49850,1187,2198963,4558100
5199,61,67,49789,1181,2199030,4483200
5200,60,52,49729,1189,2199082,4329000
5201,47,66,49682,1170,2199148,4147400
5202,55,65,49627,1160,2199213,4652900
5203,56,45,49571,1171,2199258,4325900
5204,53,51,49518,1173,2199309,4657500
5205,51,56,49467,1168,2199365,4149700
5206,48,54,49419,1162,2199419,4434200
5207,54,56,49365,1160,2199475,4603600
5208,43,52,49322,1151,2199527,4135400
5209,56,66,49266,1141,2199593,4436600
5210,63,61,49203,1143,2199654,4435800
5211,47,49,49156,1141,2199703,4254400
5212,44,60,49112,1125,2199763,4260600
5213,53,51,49059,1127,2199814,4499300
5214,54,65,49005,1116,2199879,4662200
5215,48,67,48957,1097,2199946,4630000
5216,59,43,48898,1113,2199989,4310500
5217,57,60,48841,1110,2200049,4890700
5218,50,42,48791,1118,2200091,4704100
5219,55,47,48736,1126,2200138,4346200
5220,55,64,48681,1117,2200202,4495300
5221,58,60,48623,1115,2200262,4545600
5222,45,53,48578,1107,2200315,4369900
5223,45,56,48533,1096,2200371,4834500
5224,56,57,48477,1095,2200428,4650300
5225,43,47,48434,1091,2200475,4297400
5226,60,47,48374,1104,2200522,4594800
5227,52,48,48322,1108,2200570,4398000
5228,59,57,48263,1110,2200627,4623900
5229,55,56,48208,1109,2200683,4877200
5230,45,64,48163,1090,2200747,4726900
5231,37,49,48126,1078,2200796,4691200
5232,51,61,48075,1068,2200857,4298600
5233,54,59,48021,1063,2200916,4369700
5234,50,55,47971,1058,2200971,4442700
5235,42,49,47929,1051,2201020,4641000
5236,50,46,47879,1055,2201066,4413100
5237,62,52,47817,1065,2201118,4497700
5238,55,61,47762,1059,2201179,4471200
5239,46,58,47716,1047,2201237,4506200
5240,57,57,47659,1047,2201294,5194700
5241,59,44,47600,1062,2201338,4417200
5242,50,57,47550,1055,2201395,4753300
5243,59,57,47491,1057,2201452,4475800
5244,59,48,47432,1068,2201500,4426400
5245,54,58,47378,1064,2201558,4402000
5246,59,53,47319,1070,2201611,4486600
5247,42,63,47277,1049,2201674,4805000
5248,51,51,47226,1049,2201725,4350600
5249,51,47,47175,1053,2201772,4293300
5250,64,54,47111,1063,2201826,4928400
5251,45,45,47066,1063,2201871,4421800
5252,49,55,47017,1057,2201926,4786400
5253,50,60,46967,1047,2201986,4311200
5254,41,60,46926,1028,2202046,4625200
5255,43,63,46883,1008,2202109,4610800
5256,40,49,46843,999,2202158,4745500
5257,42,46,46801,995,2202204,4483400
5258,54,43,46747,1006,2202247,4590600
5259,54,47,46693,1013,2202294,4329400
5260,61,37,46632,1037,2202331,4462000
5261,57,50,46575,1044,2202381,4526700
5262,62,48,46513,1058,2202429,4375400
5263,67,63,46446,1062,2202492,4316400
5264,43,58,46403,1047,2202550,4230700
5265,56,49,46347,1054,2202599,4716300
5266,38,52,46309,1040,2202651,4286300
5267,48,49,46261,1039,2202700,4174600
5268,64,39,46197,1064,2202739,4333100
5269,42,63,46155,1043,2202802,4154500
5270,55,46,46100,1052,2202848,4193400
5271,50,64,46050,1038,2202912,4129300
5272,34,60,46016,1012,2202972,4428800
5273,55,45,45961,1022,2203017,4362000
5274,52,45,45909,1029,2203062,4281900
5275,49,51,45860,1027,2203113,4794800
5276,43,50,45817,1020,2203163,4352600
5277,50,49,45767,1021,2203212,4402300
5278,52,37,45715,1036,2203249,4812200
5279,46,56,45669,1026,2203305,4309500
5280,53,50,45616,1029,2203355,4526600
5281,52,54,45564,1027,2203409,4573400
5282,48,47,45516,1028,2203456,4582900
5283,61,54,45455,1035,2203510,4483400
5284,45,54,45410,1026,2203564,4434000
5285,54,50,45356,1030,2203614,4548700
5286,49,51,45307,1028,2203665,4459300
5287,57,53,45250,1032,2203718,4642600
5288,53,52,45197,1033,2203770,4523200
5289,62,49,45135,1046,2203819,4477800
5290,49,47,45086,1048,2203866,4171500
5291,59,51,45027,1056,2203917,4068800
5292,49,63,44978,1042,2203980,4118700
5293,51,38,44927,1055,2204018,4205600
5294,50,44,44877,1061,2204062,4184000
5295,47,43,44830,1065,2204105,4234000
5296,49,59,44781,1055,2204164,4143700
5297,54,52,44727,1057,2204216,4563700
5298,46,60,44681,1043,2204276,4256700
5299,59,45,44622,1057,2204321,4432500
5300,55,66,44567,1046,2204387,4278200
5301,59,47,44508,1058,2204434,4673700
5302,47,72,44461,1033,2204506,4288400
5303,49,61,44412,1021,2204567,4324300
5304,56,46,44356,1031,2204613,4339500
5305,46,55,44310,1022,2204668,4479400
5306,50,53,44260,1019,2204721,4105700
5307,49,46,44211,1022,2204767,4701700
5308,51,58,44160,1015,2204825,4161000
5309,53,56,44107,1012,2204881,4106700
5310,55,45,44052,1022,2204926,4062600
5311,42,53,44010,1011,2204979,4398100
5312,41,47,43969,1005,2205026,4484600
5313,52,54,43917,1003,2205080,4132400
5314,44,48,43873,999,2205128,4107000
5315,36,52,43837,983,2205180,4433900
5316,40,40,43797,983,2205220,4344900
5317,38,44,43759,977,2205264,4814900
5318,34,59,43725,952,2205323,4422300
5319,50,49,43675,953,2205372,4650700
5320,51,45,43624,959,2205417,4830800
5321,51,52,43573,958,2205469,4262800
5322,46,52,43527,952,2205521,4275700
5323,45,62,43482,935,2205583,4348900
5324,44,57,43438,922,2205640,4299400
5325,43,51,43395,914,2205691,4321500
5326,50,45,43345,919,2205736,4332400
5327,42,45,43303,916,2205781,4657600
5328,45,55,43258,906,2205836,4303600
5329,42,49,43216,899,2205885,4417200
5330,52,58,43164,893,2205943,4361100
5331,41,42,43123,892,2205985,4469800
5332,47,46,43076,893,2206031,4603600
5333,40,31,43036,902,2206062,4615000
5334,44,56,42992,890,2206118,4448900
5335,53,30,42939,913,2206148,4474400
5336,39,42,42900,910,2206190,4831600
5337,40,32,42860,918,2206222,4267500
5338,41,46,42819,913,2206268,4195000
5339,40,40,42779,913,2206308,4291800
5340,42,41,42737,914,2206349,4299400
5341,43,48,42694,909,2206397,4281100
5342,36,52,42658,893,2206449,4308600
5343,37,40,42621,890,2206489,4951900
5344,43,49,42578,884,2206538,4342600
5345,39,37,42539,886,2206575,4202000
5346,37,39,42502,884,2206614,4350800
5347,38,42,42464,880,2206656,4694900
5348,50,36,42414,894,2206692,4423100
5349,31,51,42383,874,2206743,4360400
5350,39,42,42344,871,2206785,4327000
5351,38,40,42306,869,2206825,4316900
5352,41,52,42265,858,2206877,4331900
5353,36,45,42229,849,2206922,4408500
5354,36,44,42193,841,2206966,4936700
5355,47,38,42146,850,2207004,4392900
5356,38,41,42108,847,2207045,4554300
5357,57,36,42051,868,2207081,4251600
5358,50,46,42001,872,2207127,4294900
5359,40,51,41961,861,2207178,4255200
5360,29,45,41932,845,2207223,4287300
5361,41,38,41891,848,2207261,4660800
5362,39,42,41852,845,2207303,4279400
5363,37,40,41815,842,2207343,4842500
5364,36,45,41779,833,2207388,5007600
5365,43,39,41736,837,2207427,4488100
5366,31,39,41705,829,2207466,4364200
5367,38,36,41667,831,2207502,4346800
5368,37,46,41630,822,2207548,4312900
5369,51,37,41579,836,2207585,4111100
5370,41,43,41538,834,2207628,4635400
5371,41,51,41497,824,2207679,4120100
5372,50,26,41447,848,2207705,4144000
5373,41,53,41406,836,2207758,4135300
5374,36,43,41370,829,2207801,4135700
5375,45,49,41325,825,2207850,4314500
5376,34,41,41291,818,2207891,4666100
5377,42,36,41249,824,2207927,4295900
5378,30,44,41219,810,2207971,4548800
5379,47,54,41172,803,2208025,4871400
5380,34,42,41138,795,2208067,4562900
5381,34,39,41104,790,2208106,4241700
5382,35,35,41069,790,2208141,4185800
5383,33,39,41036,784,2208180,4095000
5384,54,31,40982,807,2208211,4124200
5385,38,47,40944,798,2208258,4274100
5386,38,50,40906,786,2208308,4338900
5387,40,36,40866,790,2208344,4332100
5388,34,37,40832,787,2208381,4309300
5389,44,44,40788,787,2208425,4601400
5390,40,35,40748,792,2208460,4268300
5391,37,29,40711,800,2208489,4252100
5392,38,50,40673,788,2208539,4810000
5393,38,47,40635,779,2208586,4443600
5394,40,36,40595,783,2208622,4474000
5395,45,37,40550,791,2208659,4334900
5396,33,40,40517,784,2208699,4945800
5397,43,24,40474,803,2208723,4417100
5398,29,43,40445,789,2208766,4556200
5399,33,40,40412,782,2208806,4353800
5400,39,41,40373,780,2208847,4498800
5401,41,36,40332,785,2208883,4129800
5402,40,36,40292,789,2208919,4611400
5403,48,49,40244,788,2208968,4472500
5404,40,45,40204,783,2209013,4116300
5405,49,36,40155,796,2209049,4099200
5406,37,37,40118,796,2209086,4155900
5407,37,57,40081,776,2209143,4270000
5408,40,34,40041,782,2209177,4345400
5409,38,45,40003,775,2209222,4422200
5410,23,49,39980,749,2209271,4423700
5411,23,37,39957,735,2209308,4197700
5412,37,33,39920,739,2209341,4793100
5413,41,31,39879,749,2209372,4352000
5414,37,40,39842,746,2209412,4367800
5415,44,45,39798,745,2209457,4233300
5416,30,39,39768,736,2209496,4685400
5417,31,46,39737,721,2209542,4297800
5418,42,37,39695,726,2209579,4327500
5419,36,40,39659,722,2209619,4184600
5420,31,38,39628,715,2209657,4297200
5421,30,32,39598,713,2209689,4298600
5422,33,40,39565,706,2209729,4343900
5423,28,30,39537,704,2209759,4335500
5424,34,36,39503,702,2209795,4316500
5425,34,37,39469,699,2209832,4818000
5426,27,41,39442,685,2209873,4221800
5427,33,23,39409,695,2209896,4876800
5428,29,29,39380,695,2209925,4187300
5429,25,41,39355,679,2209966,4943600
5430,27,37,39328,669,2210003,4723100
5431,21,38,39307,652,2210041,4197400
5432,30,31,39277,651,2210072,4182900
5433,38,29,39239,660,2210101,4088500
5434,28,34,39211,654,2210135,4093000
5435,23,24,39188,653,2210159,4138100
5436,34,32,39154,655,2210191,4173900
5437,28,26,39126,657,2210217,4442500
5438,28,36,39098,649,2210253,4223900
5439,23,28,39075,644,2210281,4456300
5440,32,39,39043,637,2210320,4208300
5441,39,34,39004,642,2210354,4134200
5442,31,29,38973,644,2210383,4139900
5443,26,34,38947,636,2210417,4267000
5444,27,23,38920,640,2210440,4492000
5445,22,25,38898,637,2210465,4076400
5446,27,29,38871,635,2210494,4213000
5447,25,23,38846,637,2210517,4283800
5448,20,44,38826,613,2210561,4580800
5449,13,27,38813,599,2210588,4147500
5450,23,25,38790,597,2210613,4347200
5451,27,39,38763,585,2210652,4280600
5452,21,24,38742,582,2210676,4186000
5453,29,25,38713,586,2210701,4309000
5454,34,23,38679,597,2210724,4696100
5455,30,34,38649,593,2210758,4329600
5456,33,28,38616,598,2210786,4364000
5457,17,33,38599,582,2210819,4585200
5458,23,33,38576,572,2210852,4478200
5459,23,30,38553,565,2210882,4301900
5460,42,42,38511,565,2210924,4760400
5461,31,22,38480,574,2210946,4255100
5462,23,39,38457,558,2210985,4220200
5463,22,21,38435,559,2211006,4174400
5464,21,29,38414,551,2211035,4291600
5465,26,24,38388,553,2211059,4451500
5466,22,31,38366,544,2211090,4261800
5467,18,35,38348,527,2211125,4438200
5468,16,23,38332,520,2211148,4316600
5469,14,20,38318,514,2211168,4547500
5470,20,28,38298,506,2211196,4224800
5471,21,26,38277,501,2211222,4159800
5472,19,29,38258,491,2211251,4403500
5473,16,30,38242,477,2211281,4296700
5474,22,33,38220,466,2211314,4128500
5475,18,25,38202,459,2211339,4180200
5476,17,17,38185,459,2211356,4319000
5477,15,22,38170,452,2211378,4204000
5478,28,26,38142,454,2211404,4111200
5479,24,20,38118,458,2211424,4148200
5480,19,17,38099,460,2211441,4662000
5481,27,16,38072,471,2211457,4249700
5482,26,23,38046,474,2211480,4205200
5483,33,26,38013,481,2211506,4717900
5484,32,25,37981,488,2211531,4672000
5485,18,32,37963,474,2211563,4784000
5486,25,29,37938,470,2211592,4571000
5487,21,19,37917,472,2211611,4768300
5488,19,35,37898,456,2211646,4247000
5489,19,24,37879,451,2211670,4238700
5490,21,34,37858,438,2211704,4233800
5491,27,19,37831,446,2211723,4238900
5492,20,21,37811,445,2211744,4172300
5493,19,15,37792,449,2211759,4107400
5494,30,19,37762,460,2211778,4098700
5495,28,19,37734,469,2211797,4133800
5496,25,13,37709,481,2211810,4163400
5497,24,35,37685,470,2211845,4432200
5498,23,23,37662,470,2211868,4458800
5499,24,20,37638,474,2211888,4285700
5500,20,21,37618,473,2211909,4368300
5501,35,23,37583,485,2211932,4506900
5502,34,26,37549,493,2211958,4399600
5503,25,26,37524,492,2211984,4732200
5504,25,24,37499,493,2212008,4224100
5505,30,19,37469,504,2212027,4287200
5506,26,20,37443,510,2212047,4111700
5507,23,30,37420,503,2212077,4736600
5508,27,25,37393,505,2212102,4249200
5509,30,26,37363,509,2212128,4600200
5510,23,23,37340,509,2212151,4265000
5511,28,23,37312,514,2212174,4275200
5512,20,30,37292,504,2212204,4386900
5513,24,20,37268,508,2212224,4485100
5514,27,25,37241,510,2212249,5023200
5515,23,30,37218,503,2212279,4833200
5516,25,19,37193,509,2212298,4775800
5517,21,24,37172,506,2212322,4767100
5518,13,26,37159,493,2212348,4563500
5519,24,33,37135,484,2212381,4336000
5520,25,26,37110,483,2212407,4158700
5521,20,16,37090,487,2212423,4121600
5522,21,22,37069,486,2212445,4796000
5523,28,21,37041,493,2212466,4139000
5524,22,28,37019,487,2212494,4140400
5525,22,23,36997,486,2212517,4128300
5526,14,29,36983,471,2212546,4157100
5527,19,22,36964,468,2212568,4114800
5528,26,21,36938,473,2212589,4555100
5529,14,18,36924,469,2212607,4364000
5530,15,21,36909,463,2212628,4524700
5531,20,29,36889,454,2212657,4662200
5532,19,19,36870,454,2212676,4229400
5533,19,18,36851,455,2212694,4630800
5534,24,25,36827,454,2212719,4726500
5535,13,29,36814,438,2212748,4902800
5536,22,19,36792,441,2212767,4344100
5537,16,22,36776,435,2212789,4239400
5538,18,31,36758,422,2212820,4682500
5539,15,19,36743,418,2212839,4094000
5540,13,22,36730,409,2212861,4191400
5541,18,21,36712,406,2212882,4087600
5542,15,22,36697,399,2212904,4135500
5543,11,13,36686,397,2212917,4279800
5544,10,20,36676,387,2212937,4835800
5545,16,11,36660,392,2212948,4735100
5546,17,15,36643,394,2212963,4360900
5547,17,17,36626,394,2212980,4331900
5548,18,24,36608,388,2213004,4599900
5549,25,26,36583,387,2213030,4171200
5550,24,11,36559,400,2213041,4940500
5551,20,22,36539,398,2213063,4205800
5552,24,18,36515,404,2213081,4183100
5553,20,23,36495,401,2213104,4124100
5554,19,23,36476,397,2213127,4503200
5555,24,16,36452,405,2213143,4243000
5556,22,13,36430,414,2213156,4181800
5557,26,18,36404,422,2213174,4352700
5558,21,25,36383,418,2213199,4361400
5559,18,15,36365,421,2213214,4370800
5560,28,25,36337,424,2213239,4584400
5561,19,25,36318,418,2213264,4497200
5562,19,29,36299,408,2213293,4476100
5563,22,23,36277,407,2213316,4351000
5564,16,21,36261,402,2213337,4343900
5565,24,19,36237,407,2213356,4699600
5566,21,30,36216,398,2213386,4224700
5567,16,23,36200,391,2213409,4452000
5568,14,17,36186,388,2213426,4202100
5569,21,17,36165,392,2213443,4736000
5570,25,25,36140,392,2213468,4194500
5571,11,14,36129,389,2213482,4214200
5572,24,23,36105,390,2213505,4313800
5573,20,20,36085,390,2213525,4207100
5574,15,18,36070,387,2213543,4745500
5575,17,27,36053,377,2213570,4461500
5576,14,18,36039,373,2213588,4398700
5577,12,14,36027,371,2213602,4389300
5578,17,19,36010,369,2213621,4228100
5579,17,12,35993,374,2213633,4205800
5580,10,10,35983,374,2213643,4247900
5581,23,32,35960,365,2213675,4355300
5582,16,16,35944,365,2213691,4366800
5583,11,16,35933,360,2213707,4386200
5584,10,16,35923,354,2213723,4194500
5585,18,21,35905,351,2213744,4160900
5586,17,15,35888,353,2213759,4698500
5587,25,16,35863,362,2213775,4361300
5588,21,22,35842,361,2213797,4164200
5589,13,18,35829,356,2213815,4126000
5590,20,19,35809,357,2213834,4717800
5591,18,13,35791,362,2213847,4329700
5592,13,14,35778,361,2213861,4258800
5593,15,17,35763,359,2213878,4630700
5594,14,16,35749,357,2213894,4574100
5595,16,17,35733,356,2213911,4545600
5596,21,18,35712,359,2213929,4092500
5597,16,28,35696,347,2213957,4522500
5598,15,15,35681,347,2213972,4283400
5599,17,15,35664,349,2213987,4604200
5600,10,17,35654,342,2214004,4207300
5601,10,18,35644,334,2214022,4419800
5602,16,16,35628,334,2214038,4291200
5603,24,19,35604,339,2214057,4370800
5604,20,13,35584,346,2214070,4427300
5605,16,12,35568,350,2214082,4496700
5606,20,17,35548,353,2214099,4433700
5607,25,21,35523,357,2214120,4581300
5608,21,20,35502,358,2214140,4525700
5609,24,19,35478,363,2214159,4347500
5610,26,23,35452,366,2214182,4300500
5611,20,19,35432,367,2214201,4346600
5612,19,24,35413,362,2214225,4309200
5613,23,18,35390,367,2214243,4349900
5614,12,15,35378,364,2214258,4274900
5615,11,14,35367,361,2214272,4808800
5616,18,24,35349,355,2214296,4639200
5617,18,18,35331,355,2214314,4391100
5618,17,15,35314,357,2214329,4349000
5619,16,22,35298,351,2214351,4402800
5620,21,22,35277,350,2214373,4399500
5621,12,24,35265,338,2214397,4901500
5622,20,16,35245,342,2214413,4369000
5623,14,19,35231,337,2214432,4311000
5624,21,15,35210,343,2214447,4406200
5625,11,14,35199,340,2214461,4339500
5626,11,28,35188,323,2214489,4343400
5627,13,14,35175,322,2214503,4375900
5628,13,21,35162,314,2214524,4650400
5629,9,17,35153,306,2214541,4620500
5630,11,18,35142,299,2214559,4400100
5631,17,10,35125,306,2214569,4378700
5632,14,14,35111,306,2214583,4620900
5633,15,16,35096,305,2214599,4408700
5634,9,14,35087,300,2214613,4399600
5635,8,13,35079,295,2214626,4589000
5636,6,20,35073,281,2214646,5105100
5637,8,11,35065,278,2214657,4431600
5638,9,17,35056,270,2214674,4407800
5639,8,8,35048,270,2214682,4408400
5640,5,11,35043,264,2214693,4418000
5641,6,13,35037,257,2214706,4589100
5642,10,14,35027,253,2214720,4339600
5643,7,13,35020,247,2214733,4512200
5644,8,12,35012,243,2214745,4362000
5645,7,9,35005,241,2214754,4476100
5646,14,11,34991,244,2214765,4530500
5647,8,13,34983,239,2214778,4422500
5648,15,11,34968,243,2214789,4486100
5649,18,18,34950,243,2214807,4476400
5650,12,16,34938,239,2214823,4616700
5651,10,10,34928,239,2214833,4443900
5652,10,14,34918,235,2214847,4571800
5653,6,13,34912,228,2214860,4438300
5654,9,14,34903,223,2214874,4547800
5655,8,14,34895,217,2214888,4497900
5656,9,13,34886,213,2214901,4887500
5657,8,10,34878,211,2214911,4441300
5658,10,7,34868,214,2214918,4321500
5659,12,7,34856,219,2214925,4425700
5660,9,7,34847,221,2214932,4570800
5661,8,11,34839,218,2214943,4527400
5662,11,9,34828,220,2214952,4518300
5663,9,8,34819,221,2214960,4552900
5664,9,8,34810,222,2214968,4472500
5665,6,7,34804,221,2214975,4342400
5666,8,15,34796,214,2214990,4441600
5667,7,8,34789,213,2214998,4364700
5668,7,8,34782,212,2215006,4294900
5669,8,19,34774,201,2215025,4778900
5670,7,7,34767,201,2215032,4685200
5671,8,6,34759,203,2215038,4277200
5672,7,13,34752,197,2215051,4712600
5673,8,9,34744,196,2215060,4317400
5674,9,13,34735,192,2215073,4257000
5675,9,7,34726,194,2215080,4461700
5676,6,8,34720,192,2215088,4300800
5677,9,8,34711,193,2215096,4426300
5678,9,6,34702,196,2215102,4339900
5679,8,13,34694,191,2215115,4762900
5680,13,13,34681,191,2215128,4411000
5681,11,8,34670,194,2215136,4504900
5682,4,15,34666,183,2215151,4373700
5683,14,19,34652,178,2215170,4280200
5684,5,9,34647,174,2215179,4439600
5685,7,9,34640,172,2215188,4659900
5686,7,8,34633,171,2215196,4259200
5687,9,13,34624,167,2215209,4437500
5688,9,14,34615,162,2215223,4293600
5689,9,6,34606,165,2215229,4287200
5690,7,13,34599,159,2215242,4321800
5691,8,12,34591,155,2215254,4273600
5692,11,9,34580,157,2215263,4353400
5693,12,10,34568,159,2215273,4309000
5694,14,7,34554,166,2215280,4300400
5695,13,10,34541,169,2215290,4421600
5696,8,8,34533,169,2215298,4387700
5697,10,8,34523,171,2215306,4344700
5698,9,3,34514,177,2215309,4313300
5699,18,8,34496,187,2215317,4337200
5700,17,8,34479,196,2215325,4397300
5701,10,8,34469,198,2215333,4218400
5702,9,9,34460,198,2215342,4748100
5703,6,9,34454,195,2215351,4692800
5704,7,13,34447,189,2215364,4297200
5705,12,8,34435,193,2215372,4327000
5706,17,11,34418,199,2215383,4516600
5707,12,11,34406,200,2215394,4298800
5708,14,10,34392,204,2215404,4136800
5709,7,9,34385,202,2215413,4538700
5710,11,12,34374,201,2215425,4236500
5711,10,9,34364,202,2215434,4633900
5712,8,10,34356,200,2215444,4239000
5713,4,11,34352,193,2215455,4145600
5714,15,9,34337,199,2215464,4094100
5715,16,13,34321,202,2215477,4680300
5716,9,9,34312,202,2215486,4452400
5717,10,7,34302,205,2215493,4636700
5718,9,10,34293,204,2215503,4663900
5719,7,13,34286,198,2215516,5093500
5720,7,9,34279,196,2215525,4150900
5721,3,14,34276,185,2215539,4650900
5722,5,7,34271,183,2215546,4115100
5723,9,7,34262,185,2215553,4399000
5724,4,10,34258,179,2215563,4161600
5725,10,6,34248,183,2215569,4196700
5726,6,7,34242,182,2215576,4541500
5727,2,8,34240,176,2215584,4794300
5728,6,7,34234,175,2215591,4325900
5729,9,13,34225,171,2215604,4365300
5730,5,9,34220,167,2215613,4300400
5731,6,12,34214,161,2215625,4181300
5732,7,4,34207,164,2215629,4075900
5733,6,5,34201,165,2215634,4070800
5734,7,7,34194,165,2215641,4143200
5735,4,7,34190,162,2215648,4516000
5736,7,8,34183,161,2215656,4289200
5737,11,3,34172,169,2215659,4230100
5738,5,3,34167,171,2215662,4432200
5739,9,13,34158,167,2215675,4377500
5740,6,7,34152,166,2215682,4586700
5741,4,3,34148,167,2215685,4965100
5742,12,8,34136,171,2215693,4538300
5743,6,9,34130,168,2215702,4343400
5744,3,10,34127,161,2215712,4216800
5745,5,8,34122,158,2215720,4270500
5746,10,8,34112,160,2215728,4728300
5747,4,13,34108,151,2215741,4256300
5748,2,8,34106,145,2215749,4146300
5749,6,6,34100,145,2215755,4198300
5750,5,14,34095,136,2215769,4137100
5751,4,8,34091,132,2215777,4114900
5752,3,9,34088,126,2215786,4141100
5753,5,8,34083,123,2215794,4151200
5754,2,6,34081,119,2215800,4138400
5755,4,6,34077,117,2215806,4079900
5756,7,3,34070,121,2215809,4408900
5757,3,5,34067,119,2215814,4454500
5758,5,5,34062,119,2215819,4140700
5759,2,3,34060,118,2215822,4423200
5760,4,5,34056,117,2215827,4674300
5761,1,5,34055,113,2215832,4192600
5762,3,4,34052,112,2215836,4191800
5763,2,7,34050,107,2215843,4313800
5764,3,8,34047,102,2215851,4416000
5765,1,4,34046,99,2215855,4202400
5766,3,8,34043,94,2215863,4183200
5767,5,6,34038,93,2215869,4210900
5768,5,7,34033,91,2215876,4425800
5769,4,4,34029,91,2215880,4215200
5770,3,5,34026,89,2215885,4375900
5771,5,4,34021,90,2215889,5046000
5772,4,1,34017,93,2215890,4508600
5773,6,4,34011,95,2215894,4360000
5774,5,7,34006,93,2215901,4597300
5775,4,7,34002,90,2215908,4363700
5776,5,8,33997,87,2215916,4299800
5777,2,6,33995,83,2215922,4260700
5778,1,3,33994,81,2215925,4281300
5779,2,2,33992,81,2215927,4106000
5780,0,4,33992,77,2215931,4271200
5781,3,2,33989,78,2215933,4587000
5782,4,3,33985,79,2215936,4492700
5783,5,6,33980,78,2215942,4273400
5784,1,4,33979,75,2215946,4287900
5785,0,6,33979,69,2215952,4373400
5786,2,3,33977,68,2215955,4772200
5787,1,9,33976,60,2215964,4341300
5788,1,1,33975,60,2215965,4899000
5789,2,6,33973,56,2215971,4600300
5790,2,3,33971,55,2215974,4536300
5791,2,0,33969,57,2215974,4391800
5792,1,2,33968,56,2215976,4364100
5793,0,3,33968,53,2215979,4639300
5794,1,1,33967,53,2215980,4714800
5795,1,1,33966,53,2215981,4148100
5796,3,1,33963,55,2215982,4354000
5797,0,1,33963,54,2215983,4684700
5798,3,3,33960,54,2215986,4432200
5799,1,5,33959,50,2215991,4194200
5800,3,1,33956,52,2215992,4111700
5801,0,3,33956,49,2215995,4587800
5802,3,3,33953,49,2215998,4361000
5803,3,2,33950,50,2216000,4233700
5804,2,1,33948,51,2216001,4456800
5805,4,3,33944,52,2216004,4169700
5806,1,4,33943,49,2216008,4126500
5807,2,3,33941,48,2216011,4134600
5808,1,3,33940,46,2216014,4080100
5809,0,2,33940,44,2216016,4504300
5810,1,4,33939,41,2216020,4679500
5811,1,3,33938,39,2216023,4361900
5812,1,0,33937,40,2216023,4674800
5813,3,4,33934,39,2216027,4326700
5814,2,4,33932,37,2216031,4182300
5815,1,0,33931,38,2216031,4178900
5816,2,1,33929,39,2216032,4297200
5817,0,2,33929,37,2216034,4437000
5818,2,2,33927,37,2216036,4277500
5819,0,1,33927,36,2216037,4140400
5820,0,1,33927,35,2216038,4195100
5821,1,2,33926,34,2216040,4175700
5822,1,1,33925,34,2216041,4709600
5823,0,3,33925,31,2216044,4231400
5824,0,2,33925,29,2216046,4229900
5825,0,0,33925,29,2216046,4832400
5826,1,0,33924,30,2216046,4147600
5827,2,1,33922,31,2216047,4168100
5828,0,0,33922,31,2216047,4168300
5829,0,1,33922,30,2216048,4225000
5830,0,2,33922,28,2216050,4216200
5831,1,2,33921,27,2216052,4244900
5832,1,1,33920,27,2216053,4304200
5833,0,0,33920,27,2216053,4312300
5834,1,2,33919,26,2216055,4612000
5835,0,1,33919,25,2216056,4224100
5836,1,0,33918,26,2216056,4185000
5837,0,3,33918,23,2216059,4166800
5838,0,0,33918,23,2216059,4118300
5839,0,2,33918,21,2216061,4159900
5840,1,1,33917,21,2216062,4098000
5841,0,1,33917,20,2216063,4227500
5842,1,1,33916,20,2216064,4268800
5843,0,0,33916,20,2216064,4267200
5844,0,2,33916,18,2216066,4620700
5845,1,0,33915,19,2216066,4240500
5846,0,1,33915,18,2216067,4330200
5847,0,0,33915,18,2216067,4379300
5848,0,1,33915,17,2216068,4353100
5849,0,0,33915,17,2216068,4667200
5850,0,1,33915,16,2216069,4503100
5851,1,0,33914,17,2216069,4468600
5852,1,1,33913,17,2216070,4288800
5853,0,0,33913,17,2216070,4572700
5854,0,1,33913,16,2216071,4477400
5855,0,0,33913,16,2216071,4338500
5856,0,1,33913,15,2216072,4255900
5857,0,1,33913,14,2216073,4490200
5858,0,1,33913,13,2216074,4098800
5859,0,1,33913,12,2216075,4090100
5860,0,0,33913,12,2216075,4176200
5861,0,0,33913,12,2216075,4167000
5862,1,0,33912,13,2216075,4447600
5863,1,2,33911,12,2216077,4411500
5864,0,2,33911,10,2216079,4595900
5865,0,1,33911,9,2216080,4306300
5866,0,0,33911,9,2216080,4168700
5867,0,0,33911,9,2216080,4305700
5868,0,0,33911,9,2216080,4272200
5869,0,0,33911,9,2216080,4214300
5870,0,0,33911,9,2216080,4335800
5871,0,0,33911,9,2216080,4633900
5872,0,0,33911,9,2216080,4269600
5873,0,1,33911,8,2216081,4249200
5874,0,0,33911,8,2216081,4266200
5875,0,0,33911,8,2216081,4659300
5876,0,0,33911,8,2216081,4197100
5877,0,0,33911,8,2216081,4726400
5878,0,0,33911,8,2216081,4437700
5879,0,1,33911,7,2216082,4284700
5880,0,0,33911,7,2216082,4168600
5881,0,0,33911,7,2216082,4310100
5882,0,1,33911,6,2216083,4500500
5883,0,0,33911,6,2216083,4628900
5884,0,1,33911,5,2216084,4375800
5885,0,1,33911,4,2216085,4594000
5886,0,0,33911,4,2216085,4656400
5887,0,0,33911,4,2216085,4340000
5888,0,0,33911,4,2216085,4337500
5889,0,0,33911,4,2216085,4308100
5890,0,0,33911,4,2216085,4188700
5891,0,1,33911,3,2216086,4243300
5892,0,0,33911,3,2216086,4317000
5893,0,0,33911,3,2216086,4454800
5894,0,0,33911,3,2216086,4300800
5895,0,1,33911,2,2216087,4839700
5896,0,0,33911,2,2216087,4384300
5897,0,0,33911,2,2216087,4291900
5898,0,0,33911,2,2216087,4264800
5899,0,0,33911,2,2216087,4313900
5900,0,1,33911,1,2216088,4620000
5901,0,0,33911,1,2216088,4315000
5902,0,0,33911,1,2216088,4270700
5903,0,1,33911,0,2216089,4681300
