Tick,NewlyInfected,NewlyRecovered,TotalSusceptible,TotalInfected,TotalRecovered,StepTimeNanos
0,1,0,562494,6,0,1268200
1,3,0,562491,9,0,1234800
2,2,1,562489,10,1,1219900
3,1,1,562488,10,2,1215700
4,3,0,562485,13,2,1691000
5,3,0,562482,16,2,1284000
6,2,1,562480,17,3,1226100
7,1,0,562479,18,3,1219700
8,6,1,562473,23,4,1245600
9,4,0,562469,27,4,1221600
10,9,1,562460,35,5,1214100
11,9,2,562451,42,7,1212700
12,10,1,562441,51,8,1216000
13,7,2,562434,56,10,1219600
14,9,2,562425,63,12,1210200
15,8,1,562417,70,13,1227300
16,12,3,562405,79,16,1258800
17,10,2,562395,87,18,1225500
18,9,1,562386,95,19,1221500
19,11,6,562375,100,25,1230400
20,15,5,562360,110,30,1216700
21,16,5,562344,121,35,1245200
22,9,2,562335,128,37,1232900
23,10,4,562325,134,41,1220500
24,15,9,562310,140,50,1219300
25,9,9,562301,140,59,1213100
26,12,10,562289,142,69,1236200
27,15,12,562274,145,81,1221500
28,16,12,562258,149,93,1215000
29,12,7,562246,154,100,1240200
30,9,13,562237,150,113,1253000
31,16,5,562221,161,118,1221500
32,11,11,562210,161,129,1359100
33,15,10,562195,166,139,1225800
34,15,11,562180,170,150,1221300
35,9,3,562171,176,153,1224700
36,13,5,562158,184,158,1226500
37,16,2,562142,198,160,1245900
38,23,12,562119,209,172,1281300
39,16,16,562103,209,188,1243700
40,17,13,562086,213,201,1231200
41,20,12,562066,221,213,1218400
42,20,15,562046,226,228,1259700
43,23,12,562023,237,240,1243500
44,25,13,561998,249,253,1224200
45,25,11,561973,263,264,1250000
46,20,13,561953,270,277,1221600
47,23,12,561930,281,289,1241500
48,32,14,561898,299,303,1245700
49,21,13,561877,307,316,1275400
50,29,12,561848,324,328,1243900
51,25,16,561823,333,344,1225700
52,34,22,561789,345,366,1263000
53,27,18,561762,354,384,1274400
54,36,16,561726,374,400,1258100
55,27,18,561699,383,418,1320200
56,31,21,561668,393,439,1564100
57,23,20,561645,396,459,1246800
58,30,22,561615,404,481,1233000
59,42,21,561573,425,502,1237500
60,31,9,561542,447,511,1234700
61,30,28,561512,449,539,1227700
62,36,27,561476,458,566,1235600
63,18,15,561458,461,581,1276300
64,32,19,561426,474,600,1261900
65,36,19,561390,491,619,1222900
66,41,23,561349,509,642,1225700
67,44,27,561305,526,669,1234500
68,49,28,561256,547,697,1242300
69,34,24,561222,557,721,1233600
70,48,25,561174,580,746,1256700
71,50,16,561124,614,762,1242200
72,40,35,561084,619,797,1228600
73,45,29,561039,635,826,1234200
74,35,32,561004,638,858,1237000
75,37,24,560967,651,882,1492500
76,59,35,560908,675,917,1380000
77,53,41,560855,687,958,1242300
78,49,30,560806,706,988,1233800
79,61,37,560745,730,1025,1237300
80,55,46,560690,739,1071,1252400
81,56,40,560634,755,1111,1231200
82,50,28,560584,777,1139,1249200
83,61,43,560523,795,1182,1244100
84,52,35,560471,812,1217,1230300
85,60,37,560411,835,1254,1253000
86,52,45,560359,842,1299,1253200
87,62,41,560297,863,1340,1251800
88,50,49,560247,864,1389,1235700
89,69,35,560178,898,1424,1246300
90,62,46,560116,914,1470,1243100
91,60,39,560056,935,1509,1255900
92,48,44,560008,939,1553,1239100
93,59,54,559949,944,1607,1279000
94,64,58,559885,950,1665,1247200
95,64,50,559821,964,1715,1251700
96,65,46,559756,983,1761,1247700
97,48,51,559708,980,1812,1239700
98,68,41,559640,1007,1853,1265900
99,68,47,559572,1028,1900,1245900
100,71,48,559501,1051,1948,1240400
101,70,50,559431,1071,1998,1239300
102,70,48,559361,1093,2046,1257300
103,62,56,559299,1099,2102,1244500
104,69,49,559230,1119,2151,1249800
105,69,47,559161,1141,2198,1238200
106,62,66,559099,1137,2264,1240400
107,63,64,559036,1136,2328,1246100
108,72,61,558964,1147,2389,1237600
109,77,65,558887,1159,2454,1261600
110,80,49,558807,1190,2503,1524100
111,69,58,558738,1201,2561,1257000
112,72,66,558666,1207,2627,1255800
113,80,59,558586,1228,2686,1239400
114,70,62,558516,1236,2748,1261500
115,85,71,558431,1250,2819,1264000
116,67,53,558364,1264,2872,1260900
117,77,52,558287,1289,2924,1248800
118,75,59,558212,1305,2983,1263600
119,79,60,558133,1324,3043,1257000
120,85,75,558048,1334,3118,1251800
121,86,54,557962,1366,3172,1249300
122,96,71,557866,1391,3243,1327500
123,86,74,557780,1403,3317,1272300
124,105,75,557675,1433,3392,1252900
125,93,66,557582,1460,3458,1255500
126,98,73,557484,1485,3531,1248800
127,102,77,557382,1510,3608,1260000
128,90,63,557292,1537,3671,1532700
129,99,83,557193,1553,3754,1264600
130,98,69,557095,1582,3823,1284300
131,95,81,557000,1596,3904,1255600
132,94,97,556906,1593,4001,1252500
133,78,67,556828,1604,4068,1275800
134,93,79,556735,1618,4147,1301000
135,100,76,556635,1642,4223,1266400
136,86,82,556549,1646,4305,1289000
137,94,82,556455,1658,4387,1260300
138,107,87,556348,1678,4474,1271100
139,95,80,556253,1693,4554,1266200
140,113,90,556140,1716,4644,1264800
141,122,97,556018,1741,4741,1276700
142,106,83,555912,1764,4824,1268700
143,113,82,555799,1795,4906,1298100
144,96,89,555703,1802,4995,1275300
145,98,111,555605,1789,5106,1363900
146,101,80,555504,1810,5186,1343400
147,100,93,555404,1817,5279,1292200
148,130,97,555274,1850,5376,1296000
149,110,100,555164,1860,5476,1352400
150,106,74,555058,1892,5550,1324300
151,114,94,554944,1912,5644,1300200
152,114,94,554830,1932,5738,1299900
153,116,104,554714,1944,5842,1308200
154,107,87,554607,1964,5929,1313600
155,97,120,554510,1941,6049,1303400
156,120,115,554390,1946,6164,1315300
157,115,106,554275,1955,6270,1330800
158,113,101,554162,1967,6371,1329000
159,131,98,554031,2000,6469,1314400
160,136,83,553895,2053,6552,1294100
161,123,104,553772,2072,6656,1334900
162,119,94,553653,2097,6750,1304600
163,121,109,553532,2109,6859,1294200
164,129,108,553403,2130,6967,1311600
165,126,97,553277,2159,7064,1310200
166,125,106,553152,2178,7170,1283400
167,106,109,553046,2175,7279,1305400
168,110,118,552936,2167,7397,1342900
169,124,108,552812,2183,7505,1328600
170,126,112,552686,2197,7617,1311900
171,110,110,552576,2197,7727,1298400
172,135,113,552441,2219,7840,1324000
173,124,110,552317,2233,7950,1322700
174,109,115,552208,2227,8065,1320100
175,117,117,552091,2227,8182,1338100
176,131,110,551960,2248,8292,1337500
177,119,107,551841,2260,8399,1329800
178,116,114,551725,2262,8513,1326500
179,122,106,551603,2278,8619,1312300
180,124,110,551479,2292,8729,1299700
181,130,128,551349,2294,8857,1326600
182,114,110,551235,2298,8967,1305000
183,111,107,551124,2302,9074,1304100
184,124,114,551000,2312,9188,1316100
185,135,133,550865,2314,9321,1345400
186,136,111,550729,2339,9432,1323800
187,125,117,550604,2347,9549,1309700
188,129,107,550475,2369,9656,1298900
189,133,119,550342,2383,9775,1314300
190,140,122,550202,2401,9897,1320300
191,139,91,550063,2449,9988,1318700
192,139,132,549924,2456,10120,1315000
193,154,125,549770,2485,10245,1352600
194,135,131,549635,2489,10376,1318400
195,134,140,549501,2483,10516,1310100
196,163,133,549338,2513,10649,1351200
197,131,116,549207,2528,10765,1338000
198,152,137,549055,2543,10902,1322300
199,133,131,548922,2545,11033,1336700
200,139,141,548783,2543,11174,1313100
201,157,147,548626,2553,11321,1360500
202,159,152,548467,2560,11473,1559000
203,116,133,548351,2543,11606,1312200
204,158,142,548193,2559,11748,1345300
205,148,142,548045,2565,11890,1337400
206,142,114,547903,2593,12004,1318800
207,155,129,547748,2619,12133,1339400
208,133,132,547615,2620,12265,1318100
209,149,109,547466,2660,12374,1304900
210,157,124,547309,2693,12498,1318300
211,171,135,547138,2729,12633,1310100
212,168,137,546970,2760,12770,1373500
213,173,130,546797,2803,12900,1485600
214,157,148,546640,2812,13048,1311700
215,164,136,546476,2840,13184,1292300
216,155,129,546321,2866,13313,1354700
217,168,153,546153,2881,13466,1298500
218,149,147,546004,2883,13613,1298900
219,145,140,545859,2888,13753,1285100
220,157,122,545702,2923,13875,1306700
221,165,148,545537,2940,14023,1626400
222,154,144,545383,2950,14167,1467000
223,160,130,545223,2980,14297,1507900
224,175,137,545048,3018,14434,1653200
225,173,140,544875,3051,14574,1309700
226,172,146,544703,3077,14720,1318500
227,162,165,544541,3074,14885,1304500
228,175,169,544366,3080,15054,1377200
229,179,150,544187,3109,15204,1301000
230,158,156,544029,3111,15360,1299600
231,169,179,543860,3101,15539,1304000
232,191,142,543669,3150,15681,1300900
233,163,145,543506,3168,15826,1292300
234,142,141,543364,3169,15967,1303700
235,164,163,543200,3170,16130,1303400
236,176,159,543024,3187,16289,1299600
237,200,171,542824,3216,16460,1315800
238,175,170,542649,3221,16630,1309900
239,191,146,542458,3266,16776,1312400
240,176,171,542282,3271,16947,1317400
241,177,180,542105,3268,17127,1336300
242,176,189,541929,3255,17316,1318600
243,175,146,541754,3284,17462,1315200
244,191,155,541563,3320,17617,1323400
245,183,171,541380,3332,17788,1312300
246,210,164,541170,3378,17952,1342800
247,200,190,540970,3388,18142,1327200
248,190,148,540780,3430,18290,1308700
249,187,170,540593,3447,18460,1313000
250,204,159,540389,3492,18619,1323100
251,193,185,540196,3500,18804,1314300
252,223,156,539973,3567,18960,1302900
253,196,192,539777,3571,19152,1317600
254,193,180,539584,3584,19332,1311500
255,197,162,539387,3619,19494,1304600
256,174,156,539213,3637,19650,1310100
257,229,192,538984,3674,19842,1385300
258,210,168,538774,3716,20010,1662300
259,194,186,538580,3724,20196,1348100
260,215,173,538365,3766,20369,1322300
261,207,188,538158,3785,20557,1335400
262,213,177,537945,3821,20734,1340300
263,204,190,537741,3835,20924,1319900
264,201,176,537540,3860,21100,1314800
265,219,222,537321,3857,21322,1337800
266,220,177,537101,3900,21499,1321600
267,207,186,536894,3921,21685,1319800
268,193,205,536701,3909,21890,1356400
269,218,160,536483,3967,22050,1354900
270,233,190,536250,4010,22240,1354600
271,220,193,536030,4037,22433,1365100
272,250,191,535780,4096,22624,1344300
273,238,209,535542,4125,22833,1328900
274,254,210,535288,4169,23043,1333400
275,227,209,535061,4187,23252,1335400
276,222,197,534839,4212,23449,1330300
277,246,204,534593,4254,23653,1360900
278,248,211,534345,4291,23864,1328400
279,216,236,534129,4271,24100,1427400
280,239,211,533890,4299,24311,1669200
281,217,213,533673,4303,24524,1338700
282,230,225,533443,4308,24749,1344400
283,226,221,533217,4313,24970,1359400
284,239,207,532978,4345,25177,1342500
285,210,224,532768,4331,25401,1333900
286,210,229,532558,4312,25630,1350700
287,203,224,532355,4291,25854,1369800
288,230,216,532125,4305,26070,1345900
289,229,219,531896,4315,26289,1365500
290,261,227,531635,4349,26516,1365700
291,252,208,531383,4393,26724,1545700
292,274,223,531109,4444,26947,1524500
293,247,216,530862,4475,27163,1358200
294,253,225,530609,4503,27388,1354500
295,230,212,530379,4521,27600,1343700
296,265,228,530114,4558,27828,1351000
297,244,236,529870,4566,28064,1341900
298,259,213,529611,4612,28277,1341600
299,259,227,529352,4644,28504,1363000
300,235,249,529117,4630,28753,1346700
301,256,229,528861,4657,28982,1343300
302,224,239,528637,4642,29221,1397000
303,247,246,528390,4643,29467,1362500
304,240,236,528150,4647,29703,1350000
305,262,229,527888,4680,29932,1344300
306,244,230,527644,4694,30162,1349700
307,267,258,527377,4703,30420,1360400
308,252,220,527125,4735,30640,1347000
309,278,241,526847,4772,30881,1383300
310,249,249,526598,4772,31130,1345200
311,254,218,526344,4808,31348,1348600
312,232,250,526112,4790,31598,1357300
313,251,258,525861,4783,31856,1428300
314,252,238,525609,4797,32094,1368200
315,256,233,525353,4820,32327,1377500
316,250,240,525103,4830,32567,1363400
317,255,234,524848,4851,32801,1359600
318,261,224,524587,4888,33025,1356000
319,243,230,524344,4901,33255,1398500
320,247,272,524097,4876,33527,1365500
321,249,232,523848,4893,33759,1365500
322,264,258,523584,4899,34017,1367800
323,247,254,523337,4892,34271,1360000
324,254,245,523083,4901,34516,1476600
325,248,240,522835,4909,34756,1379700
326,274,258,522561,4925,35014,1389000
327,251,252,522310,4924,35266,1361000
328,273,237,522037,4960,35503,1364400
329,299,267,521738,4992,35770,1360900
330,275,235,521463,5032,36005,1378900
331,297,236,521166,5093,36241,1373900
332,279,278,520887,5094,36519,1392000
333,267,277,520620,5084,36796,1388900
334,277,261,520343,5100,37057,1379400
335,284,272,520059,5112,37329,1385500
336,276,247,519783,5141,37576,1386700
337,291,267,519492,5165,37843,1416400
338,297,262,519195,5200,38105,1381300
339,281,267,518914,5214,38372,1401200
340,291,265,518623,5240,38637,1376600
341,279,286,518344,5233,38923,1370000
342,275,275,518069,5233,39198,1387000
343,268,224,517801,5277,39422,1363400
344,290,279,517511,5288,39701,1362200
345,245,250,517266,5283,39951,1386400
346,250,281,517016,5252,40232,1390500
347,277,243,516739,5286,40475,1395700
348,268,270,516471,5284,40745,1372600
349,274,261,516197,5297,41006,1390800
350,281,259,515916,5319,41265,1379600
351,290,279,515626,5330,41544,1375100
352,281,275,515345,5336,41819,1369900
353,276,265,515069,5347,42084,1363000
354,307,286,514762,5368,42370,1379700
355,283,270,514479,5381,42640,1375300
356,308,275,514171,5414,42915,1766500
357,258,252,513913,5420,43167,1484200
358,281,265,513632,5436,43432,1368700
359,321,293,513311,5464,43725,1371200
360,302,257,513009,5509,43982,1366100
361,294,298,512715,5505,44280,1372000
362,284,279,512431,5510,44559,1383300
363,304,275,512127,5539,44834,1372900
364,270,289,511857,5520,45123,1366300
365,305,278,511552,5547,45401,1370200
366,275,276,511277,5546,45677,1399300
367,280,265,510997,5561,45942,1390200
368,327,259,510670,5629,46201,1376200
369,292,270,510378,5651,46471,1379100
370,286,260,510092,5677,46731,1380600
371,294,271,509798,5700,47002,1371600
372,322,303,509476,5719,47305,1381200
373,281,271,509195,5729,47576,1374500
374,299,268,508896,5760,47844,1373200
375,311,305,508585,5766,48149,1394600
376,310,276,508275,5800,48425,1385000
377,308,313,507967,5795,48738,1400200
378,335,274,507632,5856,49012,1386900
379,317,302,507315,5871,49314,1392100
380,291,251,507024,5911,49565,1387900
381,305,290,506719,5926,49855,1391900
382,308,310,506411,5924,50165,1409800
383,313,293,506098,5944,50458,1414300
384,307,282,505791,5969,50740,1410400
385,304,277,505487,5996,51017,1390500
386,323,290,505164,6029,51307,1401400
387,327,292,504837,6064,51599,1387800
388,316,325,504521,6055,51924,1406700
389,304,318,504217,6041,52242,1417700
390,332,302,503885,6071,52544,1391200
391,343,295,503542,6119,52839,1397300
392,318,316,503224,6121,53155,1410000
393,336,303,502888,6154,53458,1402400
394,350,314,502538,6190,53772,1406200
395,335,320,502203,6205,54092,1387700
396,337,303,501866,6239,54395,1399500
397,330,310,501536,6259,54705,1405800
398,320,350,501216,6229,55055,1394300
399,306,323,500910,6212,55378,1603300
400,372,334,500538,6250,55712,1568900
401,331,330,500207,6251,56042,1407400
402,332,329,499875,6254,56371,1415400
403,352,305,499523,6301,56676,1404500
404,357,299,499166,6359,56975,1398600
405,353,329,498813,6383,57304,1429500
406,342,342,498471,6383,57646,1403100
407,327,349,498144,6361,57995,1410300
408,326,321,497818,6366,58316,1402400
409,346,311,497472,6401,58627,1575800
410,336,315,497136,6422,58942,1616600
411,336,258,496800,6500,59200,1402400
412,351,346,496449,6505,59546,1394100
413,340,314,496109,6531,59860,1402000
414,341,307,495768,6565,60167,1441200
415,373,298,495395,6640,60465,1414300
416,382,314,495013,6708,60779,1408200
417,357,342,494656,6723,61121,1418900
418,362,311,494294,6774,61432,1403000
419,324,357,493970,6741,61789,1449200
420,346,324,493624,6763,62113,1429400
421,328,343,493296,6748,62456,1424000
422,346,342,492950,6752,62798,1401700
423,351,313,492599,6790,63111,1421400
424,371,293,492228,6868,63404,1413700
425,346,349,491882,6865,63753,1435200
426,379,371,491503,6873,64124,1434500
427,371,351,491132,6893,64475,1415700
428,370,341,490762,6922,64816,1448300
429,380,343,490382,6959,65159,1414600
430,355,356,490027,6958,65515,1435400
431,373,324,489654,7007,65839,1438500
432,367,317,489287,7057,66156,1428500
433,402,323,488885,7136,66479,1420100
434,372,384,488513,7124,66863,1437800
435,364,390,488149,7098,67253,1438400
436,389,352,487760,7135,67605,1418300
437,382,338,487378,7179,67943,1421300
438,412,391,486966,7200,68334,1444000
439,370,386,486596,7184,68720,1429300
440,425,359,486171,7250,69079,1440000
441,368,357,485803,7261,69436,1742700
442,393,384,485410,7270,69820,1455200
443,374,382,485036,7262,70202,1464200
444,400,367,484636,7295,70569,1434500
445,365,352,484271,7308,70921,1446000
446,392,377,483879,7323,71298,1440700
447,386,395,483493,7314,71693,1435700
448,408,356,483085,7366,72049,1443500
449,384,334,482701,7416,72383,1430600
450,382,385,482319,7413,72768,1430400
451,427,386,481892,7454,73154,1624200
452,391,385,481501,7460,73539,1814200
453,399,338,481102,7521,73877,1456000
454,444,350,480658,7615,74227,1476800
455,397,364,480261,7648,74591,1437900
456,385,380,479876,7653,74971,1441700
457,411,371,479465,7693,75342,1469300
458,385,381,479080,7697,75723,1429900
459,401,392,478679,7706,76115,1440600
460,407,384,478272,7729,76499,1436900
461,416,372,477856,7773,76871,1466800
462,427,363,477429,7837,77234,1808500
463,425,396,477004,7866,77630,1466000
464,414,384,476590,7896,78014,1460500
465,453,386,476137,7963,78400,1457700
466,435,417,475702,7981,78817,1451600
467,412,391,475290,8002,79208,1452100
468,443,397,474847,8048,79605,1482900
469,411,403,474436,8056,80008,1476500
470,404,393,474032,8067,80401,1483500
471,408,416,473624,8059,80817,1508700
472,422,398,473202,8083,81215,1832100
473,458,417,472744,8124,81632,1517100
474,408,388,472336,8144,82020,1483900
475,418,385,471918,8177,82405,1452600
476,434,379,471484,8232,82784,1457000
477,434,408,471050,8258,83192,1488900
478,386,409,470664,8235,83601,1455000
479,433,404,470231,8264,84005,1462800
480,404,395,469827,8273,84400,1495800
481,437,420,469390,8290,84820,1472800
482,413,423,468977,8280,85243,1503500
483,412,399,468565,8293,85642,1471200
484,410,421,468155,8282,86063,1452500
485,410,390,467745,8302,86453,1466500
486,418,420,467327,8300,86873,1451300
487,439,432,466888,8307,87305,1499200
488,449,411,466439,8345,87716,1478400
489,397,421,466042,8321,88137,1449800
490,456,424,465586,8353,88561,1449500
491,458,425,465128,8386,88986,1472900
492,478,426,464650,8438,89412,1473000
493,432,428,464218,8442,89840,1484300
494,434,411,463784,8465,90251,1457800
495,453,419,463331,8499,90670,1486000
496,458,424,462873,8533,91094,1460900
497,467,449,462406,8551,91543,1488700
498,417,444,461989,8524,91987,1459900
499,460,458,461529,8526,92445,1455000
500,433,413,461096,8546,92858,1463100
501,422,435,460674,8533,93293,1474400
502,414,427,460260,8520,93720,1477600
503,469,430,459791,8559,94150,1688100
504,474,412,459317,8621,94562,1687800
505,456,405,458861,8672,94967,1469000
506,421,426,458440,8667,95393,1453700
507,428,413,458012,8682,95806,1490500
508,482,457,457530,8707,96263,1759300
509,438,435,457092,8710,96698,1487400
510,461,462,456631,8709,97160,1474100
511,446,432,456185,8723,97592,1479600
512,489,424,455696,8788,98016,1475700
513,441,424,455255,8805,98440,1495400
514,446,415,454809,8836,98855,1556600
515,436,433,454373,8839,99288,1540300
516,468,471,453905,8836,99759,1553700
517,428,445,453477,8819,100204,1522200
518,424,463,453053,8780,100667,1500500
519,436,451,452617,8765,101118,1487000
520,453,473,452164,8745,101591,1498300
521,394,432,451770,8707,102023,1478500
522,439,466,451331,8680,102489,1479600
523,468,452,450863,8696,102941,1530300
524,426,430,450437,8692,103371,1496400
525,444,402,449993,8734,103773,1472700
526,452,446,449541,8740,104219,1465400
527,457,448,449084,8749,104667,1497300
528,418,413,448666,8754,105080,1476400
529,436,420,448230,8770,105500,1481800
530,428,439,447802,8759,105939,1481000
531,466,451,447336,8774,106390,1470400
532,417,420,446919,8771,106810,1473700
533,482,431,446437,8822,107241,1487600
534,469,427,445968,8864,107668,1535600
535,459,453,445509,8870,108121,1545400
536,501,432,445008,8939,108553,1529000
537,421,446,444587,8914,108999,1555700
538,456,469,444131,8901,109468,1500200
539,452,439,443679,8914,109907,1505000
540,466,483,443213,8897,110390,1504400
541,517,479,442696,8935,110869,1525900
542,508,451,442188,8992,111320,1533600
543,448,455,441740,8985,111775,1510800
544,473,415,441267,9043,112190,1579800
545,500,442,440767,9101,112632,1508200
546,471,464,440296,9108,113096,1528200
547,489,428,439807,9169,113524,1515000
548,467,468,439340,9168,113992,1539500
549,458,463,438882,9163,114455,1509300
550,475,465,438407,9173,114920,1507100
551,460,446,437947,9187,115366,1488700
552,478,511,437469,9154,115877,1496200
553,487,509,436982,9132,116386,1496000
554,487,418,436495,9201,116804,1562000
555,473,459,436022,9215,117263,1536400
556,467,466,435555,9216,117729,1504800
557,483,508,435072,9191,118237,1530700
558,461,431,434611,9221,118668,1494500
559,531,455,434080,9297,119123,1511700
560,469,491,433611,9275,119614,1533300
561,485,452,433126,9308,120066,1529200
562,476,431,432650,9353,120497,1506300
563,450,461,432200,9342,120958,1517700
564,450,492,431750,9300,121450,1531400
565,457,483,431293,9274,121933,1524500
566,504,441,430789,9337,122374,1502800
567,479,435,430310,9381,122809,1495800
568,492,439,429818,9434,123248,1501900
569,468,487,429350,9415,123735,1490000
570,501,495,428849,9421,124230,1508500
571,484,466,428365,9439,124696,1496700
572,494,475,427871,9458,125171,1492700
573,523,493,427348,9488,125664,1506300
574,486,481,426862,9493,126145,1547500
575,497,458,426365,9532,126603,1543100
576,457,491,425908,9498,127094,1504900
577,481,497,425427,9482,127591,1502400
578,494,469,424933,9507,128060,1502400
579,484,483,424449,9508,128543,1493900
580,435,474,424014,9469,129017,1494200
581,499,461,423515,9507,129478,1500000
582,495,471,423020,9531,129949,1517700
583,479,465,422541,9545,130414,1518600
584,450,450,422091,9545,130864,1644900
585,445,493,421646,9497,131357,1710000
586,485,465,421161,9517,131822,1500000
587,475,491,420686,9501,132313,1489700
588,494,507,420192,9488,132820,1496100
589,505,441,419687,9552,133261,1493400
590,490,469,419197,9573,133730,1587600
591,512,464,418685,9621,134194,1815100
592,463,521,418222,9563,134715,1505700
593,504,493,417718,9574,135208,1497200
594,509,472,417209,9611,135680,1749000
595,509,463,416700,9657,136143,1795600
596,521,466,416179,9712,136609,1525600
597,487,479,415692,9720,137088,2016100
598,508,471,415184,9757,137559,1558400
599,528,486,414656,9799,138045,1532000
600,504,495,414152,9808,138540,1547700
601,512,472,413640,9848,139012,1545000
602,524,474,413116,9898,139486,1532800
603,511,520,412605,9889,140006,1542900
604,491,494,412114,9886,140500,1528700
605,513,510,411601,9889,141010,1513900
606,459,457,411142,9891,141467,1501600
607,494,470,410648,9915,141937,1513600
608,469,483,410179,9901,142420,1510000
609,501,502,409678,9900,142922,1504400
610,542,481,409136,9961,143403,1511200
611,513,508,408623,9966,143911,1897100
612,465,489,408158,9942,144400,1794500
613,537,483,407621,9996,144883,1727500
614,487,539,407134,9944,145422,1647100
615,481,485,406653,9940,145907,1629700
616,474,517,406179,9897,146424,1614900
617,503,502,405676,9898,146926,1590600
618,521,485,405155,9934,147411,1608200
619,499,477,404656,9956,147888,1602800
620,543,506,404113,9993,148394,1781000
621,493,500,403620,9986,148894,1617400
622,522,509,403098,9999,149403,1584100
623,473,494,402625,9978,149897,1604400
624,492,479,402133,9991,150376,1576900
625,495,469,401638,10017,150845,1585800
626,495,472,401143,10040,151317,1691300
627,491,469,400652,10062,151786,1583800
628,512,487,400140,10087,152273,1610100
629,504,516,399636,10075,152789,1539300
630,506,554,399130,10027,153343,1649200
631,482,504,398648,10005,153847,1640800
632,475,488,398173,9992,154335,1533400
633,501,497,397672,9996,154832,1537500
634,500,512,397172,9984,155344,1545900
635,501,513,396671,9972,155857,1587000
636,490,512,396181,9950,156369,1562400
637,488,492,395693,9946,156861,1563700
638,474,486,395219,9934,157347,1596500
639,483,480,394736,9937,157827,1588500
640,510,527,394226,9920,158354,1784700
641,473,516,393753,9877,158870,1714200
642,468,470,393285,9875,159340,1699500
643,487,492,392798,9870,159832,1842600
644,469,509,392329,9830,160341,1891400
645,496,485,391833,9841,160826,1699800
646,499,504,391334,9836,161330,1721800
647,464,512,390870,9788,161842,1695500
648,487,440,390383,9835,162282,1858400
649,523,521,389860,9837,162803,1729600
650,523,467,389337,9893,163270,1539300
651,467,497,388870,9863,163767,1517000
652,487,466,388383,9884,164233,1513600
653,472,511,387911,9845,164744,1516200
654,514,461,387397,9898,165205,1505300
655,521,548,386876,9871,165753,1535200
656,517,492,386359,9896,166245,1507200
657,513,505,385846,9904,166750,1520600
658,524,481,385322,9947,167231,1532700
659,480,510,384842,9917,167741,1528900
660,471,498,384371,9890,168239,1526500
661,506,507,383865,9889,168746,1530200
662,491,493,383374,9887,169239,1518700
663,497,521,382877,9863,169760,1517100
664,490,521,382387,9832,170281,1526100
665,529,471,381858,9890,170752,1554100
666,517,504,381341,9903,171256,1540700
667,498,504,380843,9897,171760,1548500
668,492,503,380351,9886,172263,1569000
669,457,457,379894,9886,172720,1563000
670,529,501,379365,9914,173221,1545500
671,482,481,378883,9915,173702,1534100
672,463,498,378420,9880,174200,1527800
673,484,476,377936,9888,174676,1528900
674,497,455,377439,9930,175131,1522500
675,523,506,376916,9947,175637,1527500
676,491,462,376425,9976,176099,1515000
677,475,457,375950,9994,176556,1536000
678,500,530,375450,9964,177086,1612100
679,495,463,374955,9996,177549,1699700
680,480,506,374475,9970,178055,1906400
681,452,511,374023,9911,178566,1942700
682,482,482,373541,9911,179048,1814100
683,480,467,373061,9924,179515,1753100
684,464,457,372597,9931,179972,1917200
685,451,524,372146,9858,180496,1759100
686,448,508,371698,9798,181004,1721300
687,477,541,371221,9734,181545,1699800
688,468,509,370753,9693,182054,1540000
689,455,471,370298,9677,182525,1533400
690,459,520,369839,9616,183045,1557100
691,448,465,369391,9599,183510,1538200
692,445,455,368946,9589,183965,1542300
693,467,483,368479,9573,184448,1524000
694,442,521,368037,9494,184969,1516000
695,455,458,367582,9491,185427,1511100
696,450,464,367132,9477,185891,1536000
697,421,462,366711,9436,186353,1540800
698,423,444,366288,9415,186797,1877700
699,452,461,365836,9406,187258,1760300
700,446,506,365390,9346,187764,1865200
701,461,495,364929,9312,188259,1754200
702,449,492,364480,9269,188751,1719500
703,454,462,364026,9261,189213,1685600
704,437,467,363589,9231,189680,1684200
705,460,469,363129,9222,190149,1671700
706,427,443,362702,9206,190592,1719200
707,435,469,362267,9172,191061,1892600
708,435,450,361832,9157,191511,1504500
709,466,452,361366,9171,191963,1507800
710,428,464,360938,9135,192427,1497500
711,445,435,360493,9145,192862,1531300
712,465,470,360028,9140,193332,1493600
713,496,460,359532,9176,193792,1514300
714,457,446,359075,9187,194238,1550900
715,436,446,358639,9177,194684,1532700
716,450,500,358189,9127,195184,1699300
717,439,445,357750,9121,195629,1689800
718,448,439,357302,9130,196068,1514700
719,476,462,356826,9144,196530,1532300
720,456,453,356370,9147,196983,1510900
721,474,442,355896,9179,197425,1534000
722,441,482,355455,9138,197907,1524000
723,477,436,354978,9179,198343,1513300
724,431,476,354547,9134,198819,1492400
725,440,469,354107,9105,199288,1502400
726,467,435,353640,9137,199723,1557400
727,442,466,353198,9113,200189,1567000
728,454,427,352744,9140,200616,1542100
729,491,446,352253,9185,201062,1511500
730,482,480,351771,9187,201542,1518100
731,477,462,351294,9202,202004,1510700
732,437,441,350857,9198,202445,1545700
733,463,440,350394,9221,202885,1511600
734,464,458,349930,9227,203343,1503800
735,442,471,349488,9198,203814,1516100
736,472,452,349016,9218,204266,1939100
737,499,467,348517,9250,204733,1832700
738,467,479,348050,9238,205212,1830300
739,453,444,347597,9247,205656,1824100
740,498,510,347099,9235,206166,1814900
741,455,457,346644,9233,206623,1825000
742,478,467,346166,9244,207090,1816900
743,470,454,345696,9260,207544,1816900
744,491,471,345205,9280,208015,1825000
745,419,485,344786,9214,208500,1841900
746,455,453,344331,9216,208953,1821200
747,499,437,343832,9278,209390,1823200
748,462,425,343370,9315,209815,1865500
749,459,461,342911,9313,210276,1928100
750,464,466,342447,9311,210742,1533100
751,414,455,342033,9270,211197,1505100
752,429,494,341604,9205,211691,1523500
753,444,469,341160,9180,212160,1496600
754,465,443,340695,9202,212603,1556000
755,472,439,340223,9235,213042,1497300
756,437,463,339786,9209,213505,1508600
757,440,450,339346,9199,213955,1512000
758,458,424,338888,9233,214379,1511000
759,470,473,338418,9230,214852,1527800
760,438,464,337980,9204,215316,1523300
761,450,470,337530,9184,215786,1499700
762,418,434,337112,9168,216220,1525500
763,437,439,336675,9166,216659,1526800
764,431,461,336244,9136,217120,1506200
765,421,474,335823,9083,217594,1512200
766,438,434,335385,9087,218028,1492800
767,460,472,334925,9075,218500,1505500
768,455,425,334470,9105,218925,1481100
769,396,438,334074,9063,219363,1484300
770,400,462,333674,9001,219825,1496300
771,456,432,333218,9025,220257,1497800
772,446,470,332772,9001,220727,1509300
773,457,455,332315,9003,221182,1480900
774,433,467,331882,8969,221649,1701700
775,416,439,331466,8946,222088,1871800
776,422,438,331044,8930,222526,1502100
777,440,456,330604,8914,222982,1494200
778,423,470,330181,8867,223452,1475300
779,431,454,329750,8844,223906,1468800
780,407,461,329343,8790,224367,1480500
781,405,435,328938,8760,224802,1472900
782,412,429,328526,8743,225231,1492800
783,406,389,328120,8760,225620,1464300
784,422,464,327698,8718,226084,1488500
785,435,435,327263,8718,226519,1499700
786,412,408,326851,8722,226927,1503700
787,412,427,326439,8707,227354,1472100
788,432,446,326007,8693,227800,1473600
789,421,434,325586,8680,228234,1472200
790,395,421,325191,8654,228655,1485200
791,414,422,324777,8646,229077,1479900
792,428,442,324349,8632,229519,1470100
793,451,414,323898,8669,229933,1463300
794,431,461,323467,8639,230394,1464400
795,470,426,322997,8683,230820,1502500
796,471,417,322526,8737,231237,1484700
797,469,456,322057,8750,231693,1483500
798,423,426,321634,8747,232119,1481300
799,400,447,321234,8700,232566,1470800
800,462,420,320772,8742,232986,1495900
801,414,449,320358,8707,233435,1474600
802,458,439,319900,8726,233874,1468400
803,449,438,319451,8737,234312,1508000
804,413,401,319038,8749,234713,1491600
805,432,475,318606,8706,235188,1630700
806,420,467,318186,8659,235655,1650700
807,421,445,317765,8635,236100,1533000
808,426,387,317339,8674,236487,1585200
809,416,425,316923,8665,236912,1522900
810,430,428,316493,8667,237340,1477100
811,447,431,316046,8683,237771,1518000
812,410,405,315636,8688,238176,1471300
813,427,438,315209,8677,238614,1516400
814,437,408,314772,8706,239022,1479600
815,392,428,314380,8670,239450,1486400
816,438,471,313942,8637,239921,2195100
817,436,442,313506,8631,240363,1483300
818,439,415,313067,8655,240778,1468700
819,418,426,312649,8647,241204,1459700
820,426,435,312223,8638,241639,1460000
821,448,454,311775,8632,242093,1462200
822,432,473,311343,8591,242566,1465600
823,469,462,310874,8598,243028,1459200
824,457,451,310417,8604,243479,1485600
825,421,442,309996,8583,243921,1480300
826,428,427,309568,8584,244348,1494600
827,405,392,309163,8597,244740,1496500
828,428,408,308735,8617,245148,1473000
829,445,446,308290,8616,245594,1508800
830,448,430,307842,8634,246024,1497300
831,416,422,307426,8628,246446,1464000
832,465,450,306961,8643,246896,1461300
833,396,439,306565,8600,247335,1845800
834,452,407,306113,8645,247742,1567200
835,457,425,305656,8677,248167,1500400
836,415,430,305241,8662,248597,1489300
837,411,384,304830,8689,248981,1495200
838,429,408,304401,8710,249389,1479500
839,479,431,303922,8758,249820,1471600
840,455,447,303467,8766,250267,1475000
841,481,436,302986,8811,250703,1489000
842,434,450,302552,8795,251153,1474900
843,427,451,302125,8771,251604,1478000
844,451,444,301674,8778,252048,1472800
845,444,411,301230,8811,252459,1476600
846,442,444,300788,8809,252903,1479800
847,452,479,300336,8782,253382,1541700
848,444,463,299892,8763,253845,1528700
849,418,429,299474,8752,254274,1492600
850,462,417,299012,8797,254691,1525500
851,449,436,298563,8810,255127,1502100
852,414,424,298149,8800,255551,1495900
853,454,418,297695,8836,255969,1478200
854,437,434,297258,8839,256403,1497900
855,416,445,296842,8810,256848,1506600
856,458,431,296384,8837,257279,1486800
857,450,438,295934,8849,257717,1929300
858,441,437,295493,8853,258154,1504600
859,405,449,295088,8809,258603,1469300
860,448,446,294640,8811,259049,1484400
861,433,418,294207,8826,259467,1484200
862,426,462,293781,8790,259929,1466300
863,479,506,293302,8763,260435,1467500
864,434,422,292868,8775,260857,1468500
865,473,436,292395,8812,261293,1474300
866,412,415,291983,8809,261708,1476400
867,460,443,291523,8826,262151,1813600
868,417,464,291106,8779,262615,1500800
869,444,455,290662,8768,263070,1474900
870,417,483,290245,8702,263553,1473900
871,437,427,289808,8712,263980,1468800
872,411,432,289397,8691,264412,1481100
873,482,429,288915,8744,264841,1475200
874,442,434,288473,8752,265275,1601500
875,442,470,288031,8724,265745,1775500
876,426,441,287605,8709,266186,1512800
877,442,444,287163,8707,266630,1491400
878,458,454,286705,8711,267084,1485400
879,419,430,286286,8700,267514,1472900
880,428,424,285858,8704,267938,1478300
881,409,459,285449,8654,268397,1503700
882,422,445,285027,8631,268842,1470700
883,468,425,284559,8674,269267,1495500
884,457,478,284102,8653,269745,1473700
885,420,420,283682,8653,270165,1482800
886,441,416,283241,8678,270581,1467800
887,443,433,282798,8688,271014,1500300
888,456,440,282342,8704,271454,1507300
889,458,431,281884,8731,271885,1475100
890,475,424,281409,8782,272309,1487100
891,433,462,280976,8753,272771,1493800
892,439,433,280537,8759,273204,1490700
893,437,403,280100,8793,273607,1480300
894,472,441,279628,8824,274048,1535700
895,451,423,279177,8852,274471,1543800
896,460,471,278717,8841,274942,1505100
897,441,417,278276,8865,275359,1505600
898,482,431,277794,8916,275790,1509900
899,430,424,277364,8922,276214,1485400
900,463,448,276901,8937,276662,1484400
901,463,439,276438,8961,277101,1496600
902,462,440,275976,8983,277541,1496600
903,444,446,275532,8981,277987,1500700
904,445,460,275087,8966,278447,1481700
905,470,463,274617,8973,278910,1472400
906,450,486,274167,8937,279396,1480200
907,478,485,273689,8930,279881,1481400
908,474,429,273215,8975,280310,1496700
909,440,419,272775,8996,280729,1502400
910,440,431,272335,9005,281160,1487300
911,451,494,271884,8962,281654,1486800
912,449,453,271435,8958,282107,1495100
913,454,447,270981,8965,282554,1514600
914,456,476,270525,8945,283030,1503000
915,434,449,270091,8930,283479,1474700
916,479,467,269612,8942,283946,1504000
917,438,457,269174,8923,284403,1476400
918,470,448,268704,8945,284851,1493800
919,468,439,268236,8974,285290,1493800
920,464,443,267772,8995,285733,1499900
921,450,454,267322,8991,286187,1516800
922,425,457,266897,8959,286644,1474900
923,425,450,266472,8934,287094,1488300
924,435,425,266037,8944,287519,1476000
925,425,447,265612,8922,287966,1477700
926,443,443,265169,8922,288409,1477200
927,437,426,264732,8933,288835,1481000
928,459,419,264273,8973,289254,1476900
929,420,443,263853,8950,289697,1814700
930,406,429,263447,8927,290126,1693700
931,450,459,262997,8918,290585,1498900
932,468,456,262529,8930,291041,1468700
933,411,452,262118,8889,291493,1478100
934,467,437,261651,8919,291930,1494000
935,461,438,261190,8942,292368,1553500
936,437,444,260753,8935,292812,1500500
937,474,478,260279,8931,293290,1582900
938,492,431,259787,8992,293721,1495600
939,459,460,259328,8991,294181,1804300
940,447,480,258881,8958,294661,1573400
941,461,445,258420,8974,295106,1493800
942,427,434,257993,8967,295540,1510000
943,453,443,257540,8977,295983,1505500
944,435,427,257105,8985,296410,1482800
945,470,429,256635,9026,296839,1497900
946,460,440,256175,9046,297279,1492700
947,448,463,255727,9031,297742,1488000
948,456,426,255271,9061,298168,1473500
949,432,471,254839,9022,298639,1490700
950,503,483,254336,9042,299122,1524800
951,449,448,253887,9043,299570,1492300
952,475,474,253412,9044,300044,1479300
953,475,450,252937,9069,300494,1484700
954,452,428,252485,9093,300922,1479200
955,420,440,252065,9073,301362,1534700
956,428,478,251637,9023,301840,1488900
957,456,421,251181,9058,302261,1493300
958,448,460,250733,9046,302721,1492400
959,420,462,250313,9004,303183,1476300
960,468,447,249845,9025,303630,1523700
961,443,439,249402,9029,304069,1494000
962,449,412,248953,9066,304481,1491300
963,401,443,248552,9024,304924,1487000
964,439,434,248113,9029,305358,1479000
965,465,413,247648,9081,305771,1516000
966,417,434,247231,9064,306205,1476200
967,484,451,246747,9097,306656,1476800
968,468,445,246279,9120,307101,1486500
969,507,491,245772,9136,307592,1480800
970,447,489,245325,9094,308081,1510900
971,482,427,244843,9149,308508,1518700
972,472,466,244371,9155,308974,1505400
973,420,476,243951,9099,309450,1520600
974,422,465,243529,9056,309915,1521300
975,480,427,243049,9109,310342,1510800
976,458,441,242591,9126,310783,1509800
977,462,434,242129,9154,311217,1492900
978,446,479,241683,9121,311696,1492800
979,402,466,241281,9057,312162,1519300
980,444,451,240837,9050,312613,1529800
981,441,421,240396,9070,313034,1629700
982,439,476,239957,9033,313510,1544400
983,439,450,239518,9022,313960,1527400
984,441,419,239077,9044,314379,1520800
985,422,493,238655,8973,314872,1513700
986,425,442,238230,8956,315314,1493600
987,424,450,237806,8930,315764,1498100
988,472,448,237334,8954,316212,1499300
989,401,434,236933,8921,316646,1527100
990,433,460,236500,8894,317106,1479600
991,435,434,236065,8895,317540,1544600
992,441,448,235624,8888,317988,1483100
993,459,422,235165,8925,318410,1501900
994,474,463,234691,8936,318873,1503300
995,428,400,234263,8964,319273,1474900
996,476,475,233787,8965,319748,1491700
997,437,449,233350,8953,320197,1480300
998,442,444,232908,8951,320641,1491000
999,416,453,232492,8914,321094,1480600
1000,459,478,232033,8895,321572,1477300
1001,410,460,231623,8845,322032,1505300
1002,453,423,231170,8875,322455,1510800
1003,450,436,230720,8889,322891,1487900
1004,429,452,230291,8866,323343,1484500
1005,454,421,229837,8899,323764,1518400
1006,490,454,229347,8935,324218,1506500
1007,452,434,228895,8953,324652,1496200
1008,429,453,228466,8929,325105,1494800
1009,439,464,228027,8904,325569,1479600
1010,440,454,227587,8890,326023,1478100
1011,460,471,227127,8879,326494,1481600
1012,435,456,226692,8858,326950,1527900
1013,413,443,226279,8828,327393,1491800
1014,446,430,225833,8844,327823,1492800
1015,443,456,225390,8831,328279,1485800
1016,426,438,224964,8819,328717,1483800
1017,483,444,224481,8858,329161,1494300
1018,476,467,224005,8867,329628,1480300
1019,449,430,223556,8886,330058,1491800
1020,428,457,223128,8857,330515,1478800
1021,464,450,222664,8871,330965,1474200
1022,417,448,222247,8840,331413,1480400
1023,451,426,221796,8865,331839,1570100
1024,444,455,221352,8854,332294,1517400
1025,435,431,220917,8858,332725,1501300
1026,439,420,220478,8877,333145,1535700
1027,466,464,220012,8879,333609,1531000
1028,411,470,219601,8820,334079,1506000
1029,438,453,219163,8805,334532,1516400
1030,418,412,218745,8811,334944,1477100
1031,435,476,218310,8770,335420,1502500
1032,430,440,217880,8760,335860,1478800
1033,433,416,217447,8777,336276,1532800
1034,416,459,217031,8734,336735,1516900
1035,416,442,216615,8708,337177,1480500
1036,436,467,216179,8677,337644,1491800
1037,424,408,215755,8693,338052,1483300
1038,440,409,215315,8724,338461,1481800
1039,434,410,214881,8748,338871,1477600
1040,435,420,214446,8763,339291,1513400
1041,485,448,213961,8800,339739,1529700
1042,429,471,213532,8758,340210,1522200
1043,437,455,213095,8740,340665,1535400
1044,444,413,212651,8771,341078,1486400
1045,434,474,212217,8731,341552,1506700
1046,448,437,211769,8742,341989,1483200
1047,446,448,211323,8740,342437,1505500
1048,414,416,210909,8738,342853,1494100
1049,460,409,210449,8789,343262,1475400
1050,423,443,210026,8769,343705,1482500
1051,452,404,209574,8817,344109,1469400
1052,444,441,209130,8820,344550,1506200
1053,469,407,208661,8882,344957,1500200
1054,420,437,208241,8865,345394,1517900
1055,441,443,207800,8863,345837,1484300
1056,430,412,207370,8881,346249,1479000
1057,478,436,206892,8923,346685,1491700
1058,423,424,206469,8922,347109,1490200
1059,433,418,206036,8937,347527,1490300
1060,454,466,205582,8925,347993,1486500
1061,443,454,205139,8914,348447,1521600
1062,468,452,204671,8930,348899,1488500
1063,462,436,204209,8956,349335,1484900
1064,446,422,203763,8980,349757,1510600
1065,486,435,203277,9031,350192,1558000
1066,438,415,202839,9054,350607,1595200
1067,455,437,202384,9072,351044,1505700
1068,459,462,201925,9069,351506,1502400
1069,440,448,201485,9061,351954,1520500
1070,490,441,200995,9110,352395,1543800
1071,502,449,200493,9163,352844,1520700
1072,438,399,200055,9202,353243,1496100
1073,453,466,199602,9189,353709,1540100
1074,487,449,199115,9227,354158,1775200
1075,464,449,198651,9242,354607,1695600
1076,475,447,198176,9270,355054,1491900
1077,463,472,197713,9261,355526,1500700
1078,497,490,197216,9268,356016,1477500
1079,435,432,196781,9271,356448,1474900
1080,503,487,196278,9287,356935,1493800
1081,489,450,195789,9326,357385,1485700
1082,465,449,195324,9342,357834,1486800
1083,450,452,194874,9340,358286,1475800
1084,455,474,194419,9321,358760,1514200
1085,455,507,193964,9269,359267,1501900
1086,461,461,193503,9269,359728,1483100
1087,479,501,193024,9247,360229,1489100
1088,438,485,192586,9200,360714,1476400
1089,460,465,192126,9195,361179,1488100
1090,468,442,191658,9221,361621,1471000
1091,459,448,191199,9232,362069,1479200
1092,462,434,190737,9260,362503,1478600
1093,444,451,190293,9253,362954,1506500
1094,446,493,189847,9206,363447,1483300
1095,434,460,189413,9180,363907,1502900
1096,462,422,188951,9220,364329,1501700
1097,479,441,188472,9258,364770,1488100
1098,438,469,188034,9227,365239,1501600
1099,454,484,187580,9197,365723,1477600
1100,409,471,187171,9135,366194,1487800
1101,473,418,186698,9190,366612,1477800
1102,432,452,186266,9170,367064,1473800
1103,439,435,185827,9174,367499,1467700
1104,462,440,185365,9196,367939,1482000
1105,455,443,184910,9208,368382,1490600
1106,461,464,184449,9205,368846,1543600
1107,455,445,183994,9215,369291,1497500
1108,457,461,183537,9211,369752,1509600
1109,455,436,183082,9230,370188,1478900
1110,451,475,182631,9206,370663,1474500
1111,453,459,182178,9200,371122,1499200
1112,451,412,181727,9239,371534,1504000
1113,434,465,181293,9208,371999,1484700
1114,472,449,180821,9231,372448,1538500
1115,427,444,180394,9214,372892,1502200
1116,476,464,179918,9226,373356,1688800
1117,457,454,179461,9229,373810,1677300
1118,472,454,178989,9247,374264,1505600
1119,453,474,178536,9226,374738,1507600
1120,475,463,178061,9238,375201,1486700
1121,467,477,177594,9228,375678,1495700
1122,453,473,177141,9208,376151,1494000
1123,444,460,176697,9192,376611,1492700
1124,457,423,176240,9226,377034,1496400
1125,437,430,175803,9233,377464,1494100
1126,473,457,175330,9249,377921,1540600
1127,469,469,174861,9249,378390,1519800
1128,437,475,174424,9211,378865,1527900
1129,427,474,173997,9164,379339,1542500
1130,457,453,173540,9168,379792,1512500
1131,452,527,173088,9093,380319,1528300
1132,431,422,172657,9102,380741,1512600
1133,483,472,172174,9113,381213,1487200
1134,457,432,171717,9138,381645,1521100
1135,443,442,171274,9139,382087,1486400
1136,433,433,170841,9139,382520,1498100
1137,430,456,170411,9113,382976,1493700
1138,413,474,169998,9052,383450,1489300
1139,435,447,169563,9040,383897,1510300
1140,425,445,169138,9020,384342,1504000
1141,447,451,168691,9016,384793,1507900
1142,404,454,168287,8966,385247,1488500
1143,403,478,167884,8891,385725,1501600
1144,434,440,167450,8885,386165,1485400
1145,453,465,166997,8873,386630,1520800
1146,433,424,166564,8882,387054,1494800
1147,420,424,166144,8878,387478,1806300
1148,432,422,165712,8888,387900,1625000
1149,450,456,165262,8882,388356,1478800
1150,470,397,164792,8955,388753,1471000
1151,454,435,164338,8974,389188,1474000
1152,439,472,163899,8941,389660,1488500
1153,416,492,163483,8865,390152,1491000
1154,436,449,163047,8852,390601,1498100
1155,460,443,162587,8869,391044,1493300
1156,455,497,162132,8827,391541,1497600
1157,440,466,161692,8801,392007,1782300
1158,454,417,161238,8838,392424,1833200
1159,437,421,160801,8854,392845,1535400
1160,443,499,160358,8798,393344,1527600
1161,422,416,159936,8804,393760,1500200
1162,403,431,159533,8776,394191,1504200
1163,445,417,159088,8804,394608,1486600
1164,454,451,158634,8807,395059,1486900
1165,416,425,158218,8798,395484,1483300
1166,420,459,157798,8759,395943,1490100
1167,439,429,157359,8769,396372,1490400
1168,450,474,156909,8745,396846,1508800
1169,398,428,156511,8715,397274,1475600
1170,451,455,156060,8711,397729,1479000
1171,416,426,155644,8701,398155,1476100
1172,439,420,155205,8720,398575,1479500
1173,442,438,154763,8724,399013,1518800
1174,425,459,154338,8690,399472,1504700
1175,448,439,153890,8699,399911,1507200
1176,433,430,153457,8702,400341,1475300
1177,430,449,153027,8683,400790,1519100
1178,428,417,152599,8694,401207,1508600
1179,415,409,152184,8700,401616,1491100
1180,424,439,151760,8685,402055,1489700
1181,445,426,151315,8704,402481,1480600
1182,416,406,150899,8714,402887,1484300
1183,416,464,150483,8666,403351,1471300
1184,396,464,150087,8598,403815,1475700
1185,410,426,149677,8582,404241,1493500
1186,429,411,149248,8600,404652,1471800
1187,402,446,148846,8556,405098,1471200
1188,393,387,148453,8562,405485,1524300
1189,428,420,148025,8570,405905,1478400
1190,384,427,147641,8527,406332,1476400
1191,454,435,147187,8546,406767,1486300
1192,444,431,146743,8559,407198,1481000
1193,435,421,146308,8573,407619,1480400
1194,415,442,145893,8546,408061,1475800
1195,449,375,145444,8620,408436,1489600
1196,427,456,145017,8591,408892,1495600
1197,398,402,144619,8587,409294,1474000
1198,399,445,144220,8541,409739,1496700
1199,447,395,143773,8593,410134,1506100
1200,400,451,143373,8542,410585,1540600
1201,481,442,142892,8581,411027,1518100
1202,417,400,142475,8598,411427,1512500
1203,398,428,142077,8568,411855,1541400
1204,419,435,141658,8552,412290,1528000
1205,408,397,141250,8563,412687,1518600
1206,406,406,140844,8563,413093,1517200
1207,421,367,140423,8617,413460,1510100
1208,379,446,140044,8550,413906,1569900
1209,402,433,139642,8519,414339,1823100
1210,389,426,139253,8482,414765,1498900
1211,374,426,138879,8430,415191,1501000
1212,429,412,138450,8447,415603,1484200
1213,414,418,138036,8443,416021,1516600
1214,437,390,137599,8490,416411,1476300
1215,394,437,137205,8447,416848,1468600
1216,413,404,136792,8456,417252,1458400
1217,433,407,136359,8482,417659,1460400
1218,423,448,135936,8457,418107,1470800
1219,433,434,135503,8456,418541,1488700
1220,436,389,135067,8503,418930,1480600
1221,409,401,134658,8511,419331,1473500
1222,409,435,134249,8485,419766,1458300
1223,413,431,133836,8467,420197,1479300
1224,425,408,133411,8484,420605,1491800
1225,374,408,133037,8450,421013,1455500
1226,414,441,132623,8423,421454,1459200
1227,411,433,132212,8401,421887,1459700
1228,421,397,131791,8425,422284,1468800
1229,428,412,131363,8441,422696,1468700
1230,459,408,130904,8492,423104,1499500
1231,396,435,130508,8453,423539,1465100
1232,419,415,130089,8457,423954,1479100
1233,440,443,129649,8454,424397,1477300
1234,406,439,129243,8421,424836,1463000
1235,426,395,128817,8452,425231,1472500
1236,417,422,128400,8447,425653,1457200
1237,413,463,127987,8397,426116,1457700
1238,414,393,127573,8418,426509,1458300
1239,422,443,127151,8397,426952,1463000
1240,421,438,126730,8380,427390,1571900
1241,393,393,126337,8380,427783,1754900
1242,408,419,125929,8369,428202,1511900
1243,402,424,125527,8347,428626,1513500
1244,353,418,125174,8282,429044,1517500
1245,349,433,124825,8198,429477,1484500
1246,353,389,124472,8162,429866,1500500
1247,388,404,124084,8146,430270,1497300
1248,391,423,123693,8114,430693,1498600
1249,410,413,123283,8111,431106,1489200
1250,389,391,122894,8109,431497,1489800
1251,398,435,122496,8072,431932,1494500
1252,397,388,122099,8081,432320,1473400
1253,403,418,121696,8066,432738,1494500
1254,361,416,121335,8011,433154,1472100
1255,394,381,120941,8024,433535,1468900
1256,377,394,120564,8007,433929,1461800
1257,396,402,120168,8001,434331,1458100
1258,388,439,119780,7950,434770,1457100
1259,378,390,119402,7938,435160,1450400
1260,356,395,119046,7899,435555,1449900
1261,386,404,118660,7881,435959,1554300
1262,395,420,118265,7856,436379,1823600
1263,382,377,117883,7861,436756,1578700
1264,400,396,117483,7865,437152,1584100
1265,369,407,117114,7827,437559,1529300
1266,371,373,116743,7825,437932,1501600
1267,405,364,116338,7866,438296,1490300
1268,366,431,115972,7801,438727,1489600
1269,373,421,115599,7753,439148,1464500
1270,343,379,115256,7717,439527,1481400
1271,358,414,114898,7661,439941,1623400
1272,372,359,114526,7674,440300,1693100
1273,332,369,114194,7637,440669,1494100
1274,367,413,113827,7591,441082,1465900
1275,306,404,113521,7493,441486,1467900
1276,340,353,113181,7480,441839,1475700
1277,364,389,112817,7455,442228,1729300
1278,366,432,112451,7389,442660,1652800
1279,323,380,112128,7332,443040,1541900
1280,344,369,111784,7307,443409,1481500
1281,334,375,111450,7266,443784,1504200
1282,346,342,111104,7270,444126,1787300
1283,332,375,110772,7227,444501,1442700
1284,334,339,110438,7222,444840,1432900
1285,341,361,110097,7202,445201,1456000
1286,357,325,109740,7234,445526,1420400
1287,345,366,109395,7213,445892,1419000
1288,370,350,109025,7233,446242,1464600
1289,342,388,108683,7187,446630,1425100
1290,361,369,108322,7179,446999,1446800
1291,341,358,107981,7162,447357,1442800
1292,346,348,107635,7160,447705,1446600
1293,319,324,107316,7155,448029,1470200
1294,362,382,106954,7135,448411,1423700
1295,361,341,106593,7155,448752,1418700
1296,354,346,106239,7163,449098,1419000
1297,365,342,105874,7186,449440,1416800
1298,352,377,105522,7161,449817,1528100
1299,302,358,105220,7105,450175,1697700
1300,313,372,104907,7046,450547,1441600
1301,339,356,104568,7029,450903,1428900
1302,362,347,104206,7044,451250,1421600
1303,347,334,103859,7057,451584,1892800
1304,348,347,103511,7058,451931,1522000
1305,361,340,103150,7079,452271,1435600
1306,359,317,102791,7121,452588,1442700
1307,364,390,102427,7095,452978,1428100
1308,331,336,102096,7090,453314,1416200
1309,378,396,101718,7072,453710,1418300
1310,350,361,101368,7061,454071,1418400
1311,342,397,101026,7006,454468,1424100
1312,343,354,100683,6995,454822,1424100
1313,354,349,100329,7000,455171,1446200
1314,355,366,99974,6989,455537,1442400
1315,334,349,99640,6974,455886,1439400
1316,374,359,99266,6989,456245,1414500
1317,351,331,98915,7009,456576,1418200
1318,316,339,98599,6986,456915,1444000
1319,316,359,98283,6943,457274,1423400
1320,347,342,97936,6948,457616,1417600
1321,319,350,97617,6917,457966,1434900
1322,346,354,97271,6909,458320,1433000
1323,311,356,96960,6864,458676,1419600
1324,318,362,96642,6820,459038,1430700
1325,360,322,96282,6858,459360,1443000
1326,319,351,95963,6826,459711,1426700
1327,300,341,95663,6785,460052,1405300
1328,335,341,95328,6779,460393,1409700
1329,336,317,94992,6798,460710,1401500
1330,308,358,94684,6748,461068,1407600
1331,321,322,94363,6747,461390,1402100
1332,299,323,94064,6723,461713,1407000
1333,288,316,93776,6695,462029,1425100
1334,275,328,93501,6642,462357,1441600
1335,265,312,93236,6595,462669,1401400
1336,314,346,92922,6563,463015,1508500
1337,258,325,92664,6496,463340,1456200
1338,279,306,92385,6469,463646,1453800
1339,299,327,92086,6441,463973,1421400
1340,291,357,91795,6375,464330,1417900
1341,285,337,91510,6323,464667,1401100
1342,292,290,91218,6325,464957,1412600
1343,271,315,90947,6281,465272,1400400
1344,269,305,90678,6245,465577,1388700
1345,280,297,90398,6228,465874,1404200
1346,266,326,90132,6168,466200,1395900
1347,275,317,89857,6126,466517,1414200
1348,295,319,89562,6102,466836,1400600
1349,276,318,89286,6060,467154,1406000
1350,298,311,88988,6047,467465,1388800
1351,251,282,88737,6016,467747,1383100
1352,291,316,88446,5991,468063,1402400
1353,298,277,88148,6012,468340,1381300
1354,282,295,87866,5999,468635,1385500
1355,285,278,87581,6006,468913,1396300
1356,247,301,87334,5952,469214,1384800
1357,268,289,87066,5931,469503,1378200
1358,275,304,86791,5902,469807,1529300
1359,253,307,86538,5848,470114,1652100
1360,271,251,86267,5868,470365,1395100
1361,278,297,85989,5849,470662,1397000
1362,284,288,85705,5845,470950,1381800
1363,263,295,85442,5813,471245,1393000
1364,284,291,85158,5806,471536,1405400
1365,279,294,84879,5791,471830,1393200
1366,286,303,84593,5774,472133,1377900
1367,261,296,84332,5739,472429,1387800
1368,264,293,84068,5710,472722,1403500
1369,272,281,83796,5701,473003,1392400
1370,287,281,83509,5707,473284,1434200
1371,283,299,83226,5691,473583,1403500
1372,293,287,82933,5697,473870,1403900
1373,280,285,82653,5692,474155,1431000
1374,273,300,82380,5665,474455,1410400
1375,282,269,82098,5678,474724,1441900
1376,286,308,81812,5656,475032,1425600
1377,256,299,81556,5613,475331,1415400
1378,270,286,81286,5597,475617,1404600
1379,242,284,81044,5555,475901,1392300
1380,282,302,80762,5535,476203,1404400
1381,277,260,80485,5552,476463,1406800
1382,231,280,80254,5503,476743,1418000
1383,283,256,79971,5530,476999,1400700
1384,262,276,79709,5516,477275,1412800
1385,277,271,79432,5522,477546,1404400
1386,246,277,79186,5491,477823,1433800
1387,292,283,78894,5500,478106,1410500
1388,295,277,78599,5518,478383,1428300
1389,259,300,78340,5477,478683,1398100
1390,276,323,78064,5430,479006,1410100
1391,286,264,77778,5452,479270,1392800
1392,251,277,77527,5426,479547,1445100
1393,281,259,77246,5448,479806,1408200
1394,263,254,76983,5457,480060,1400500
1395,274,285,76709,5446,480345,1399000
1396,232,296,76477,5382,480641,1397700
1397,267,285,76210,5364,480926,1418600
1398,241,269,75969,5336,481195,1390500
1399,248,294,75721,5290,481489,1385500
1400,251,273,75470,5268,481762,1388100
1401,246,253,75224,5261,482015,1377300
1402,241,215,74983,5287,482230,1400400
1403,251,242,74732,5296,482472,1397800
1404,273,276,74459,5293,482748,1403100
1405,281,249,74178,5325,482997,1388800
1406,266,274,73912,5317,483271,1387100
1407,283,287,73629,5313,483558,1400600
1408,270,261,73359,5322,483819,1399800
1409,256,258,73103,5320,484077,1392300
1410,277,278,72826,5319,484355,1385500
1411,258,271,72568,5306,484626,1392700
1412,285,276,72283,5315,484902,1416100
1413,295,287,71988,5323,485189,1392000
1414,266,265,71722,5324,485454,1902800
1415,280,245,71442,5359,485699,1742900
1416,279,266,71163,5372,485965,1723200
1417,278,290,70885,5360,486255,1723100
1418,283,279,70602,5364,486534,1714600
1419,253,270,70349,5347,486804,1712100
1420,265,259,70084,5353,487063,1700800
1421,247,282,69837,5318,487345,1689400
1422,274,274,69563,5318,487619,1796000
1423,257,267,69306,5308,487886,1587400
1424,270,268,69036,5310,488154,1386800
1425,245,269,68791,5286,488423,1395500
1426,242,271,68549,5257,488694,1504900
1427,264,243,68285,5278,488937,1403700
1428,258,275,68027,5261,489212,1437600
1429,244,262,67783,5243,489474,1399800
1430,264,245,67519,5262,489719,1393000
1431,238,267,67281,5233,489986,1523700
1432,226,249,67055,5210,490235,1698300
1433,282,260,66773,5232,490495,1666500
1434,260,254,66513,5238,490749,1403600
1435,259,241,66254,5256,490990,1388500
1436,258,291,65996,5223,491281,1399500
1437,263,257,65733,5229,491538,1424400
1438,207,269,65526,5167,491807,1384700
1439,253,241,65273,5179,492048,1376900
1440,235,273,65038,5141,492321,1386900
1441,238,262,64800,5117,492583,1385900
1442,227,234,64573,5110,492817,1364600
1443,227,255,64346,5082,493072,1367200
1444,228,237,64118,5073,493309,1390600
1445,221,263,63897,5031,493572,1559700
1446,239,266,63658,5004,493838,1565400
1447,226,241,63432,4989,494079,1533100
1448,207,245,63225,4951,494324,1545800
1449,228,242,62997,4937,494566,1539400
1450,198,225,62799,4910,494791,1612700
1451,221,255,62578,4876,495046,1807800
1452,214,242,62364,4848,495288,1537900
1453,212,219,62152,4841,495507,1598900
1454,232,259,61920,4814,495766,1564600
1455,227,234,61693,4807,496000,1371200
1456,223,239,61470,4791,496239,1361000
1457,220,234,61250,4777,496473,1397600
1458,209,233,61041,4753,496706,1380900
1459,222,238,60819,4737,496944,1365400
1460,234,258,60585,4713,497202,1360400
1461,197,245,60388,4665,497447,1371500
1462,223,210,60165,4678,497657,1365500
1463,197,246,59968,4629,497903,1362200
1464,207,251,59761,4585,498154,1360700
1465,200,226,59561,4559,498380,1500900
1466,218,205,59343,4572,498585,1374400
1467,212,239,59131,4545,498824,1377300
1468,208,226,58923,4527,499050,1404100
1469,215,243,58708,4499,499293,1375400
1470,214,227,58494,4486,499520,1367300
1471,187,235,58307,4438,499755,1353600
1472,235,213,58072,4460,499968,1379500
1473,211,230,57861,4441,500198,1375100
1474,207,221,57654,4427,500419,1364000
1475,192,225,57462,4394,500644,1374000
1476,193,233,57269,4354,500877,1403400
1477,212,200,57057,4366,501077,1894900
1478,197,230,56860,4333,501307,1557600
1479,210,186,56650,4357,501493,1357900
1480,213,226,56437,4344,501719,1335400
1481,210,200,56227,4354,501919,1338200
1482,216,190,56011,4380,502109,1339500
1483,198,204,55813,4374,502313,1329900
1484,193,207,55620,4360,502520,1345000
1485,202,214,55418,4348,502734,1332600
1486,179,189,55239,4338,502923,1343100
1487,195,199,55044,4334,503122,1345500
1488,223,226,54821,4331,503348,1344500
1489,169,264,54652,4236,503612,1357600
1490,182,224,54470,4194,503836,1324500
1491,209,179,54261,4224,504015,1329900
1492,221,230,54040,4215,504245,1322900
1493,208,198,53832,4225,504443,1330000
1494,201,220,53631,4206,504663,1324200
1495,203,195,53428,4214,504858,1337800
1496,229,201,53199,4242,505059,1328200
1497,202,206,52997,4238,505265,1342800
1498,193,215,52804,4216,505480,1326100
1499,172,206,52632,4182,505686,1318700
1500,203,214,52429,4171,505900,1340100
1501,211,234,52218,4148,506134,1624000
1502,190,203,52028,4135,506337,1424600
1503,168,220,51860,4083,506557,1328200
1504,183,199,51677,4067,506756,1349900
1505,176,209,51501,4034,506965,1325400
1506,195,201,51306,4028,507166,1319200
1507,169,207,51137,3990,507373,1318100
1508,199,190,50938,3999,507563,1314200
1509,217,165,50721,4051,507728,1324800
1510,210,217,50511,4044,507945,1325000
1511,168,212,50343,4000,508157,1350000
1512,184,178,50159,4006,508335,1489200
1513,213,198,49946,4021,508533,1346100
1514,177,188,49769,4010,508721,1342800
1515,193,183,49576,4020,508904,1330300
1516,181,176,49395,4025,509080,1322600
1517,185,205,49210,4005,509285,1326200
1518,209,221,49001,3993,509506,1322600
1519,189,178,48812,4004,509684,1338000
1520,174,196,48638,3982,509880,1317700
1521,189,192,48449,3979,510072,1337100
1522,161,198,48288,3942,510270,1341300
1523,179,202,48109,3919,510472,1348100
1524,181,194,47928,3906,510666,1333100
1525,169,200,47759,3875,510866,1343200
1526,196,174,47563,3897,511040,1333900
1527,179,181,47384,3895,511221,1323900
1528,192,213,47192,3874,511434,1330000
1529,177,177,47015,3874,511611,1326700
1530,161,204,46854,3831,511815,1322700
1531,167,176,46687,3822,511991,1323700
1532,178,201,46509,3799,512192,1324000
1533,177,178,46332,3798,512370,1317700
1534,187,196,46145,3789,512566,1585900
1535,191,180,45954,3800,512746,1532500
1536,203,196,45751,3807,512942,1324900
1537,187,205,45564,3789,513147,1330100
1538,191,208,45373,3772,513355,1315600
1539,187,177,45186,3782,513532,1310800
1540,167,198,45019,3751,513730,1312700
1541,165,170,44854,3746,513900,1314600
1542,177,169,44677,3754,514069,1306900
1543,192,193,44485,3753,514262,1310700
1544,179,198,44306,3734,514460,1312100
1545,175,167,44131,3742,514627,1328300
1546,176,178,43955,3740,514805,1340500
1547,162,209,43793,3693,515014,1322000
1548,192,191,43601,3694,515205,1498600
1549,159,159,43442,3694,515364,1526800
1550,150,193,43292,3651,515557,1312000
1551,173,185,43119,3639,515742,1318700
1552,161,164,42958,3636,515906,1335100
1553,172,165,42786,3643,516071,1303800
1554,180,209,42606,3614,516280,1324200
1555,172,176,42434,3610,516456,1309700
1556,151,190,42283,3571,516646,1320400
1557,165,168,42118,3568,516814,1350500
1558,163,204,41955,3527,517018,1306400
1559,169,177,41786,3519,517195,1329900
1560,186,179,41600,3526,517374,1335000
1561,157,173,41443,3510,517547,1307600
1562,161,187,41282,3484,517734,1307500
1563,154,173,41128,3465,517907,1299000
1564,153,161,40975,3457,518068,1320500
1565,153,158,40822,3452,518226,1323000
1566,165,196,40657,3421,518422,1304500
1567,151,167,40506,3405,518589,1319700
1568,165,165,40341,3405,518754,1325100
1569,157,188,40184,3374,518942,1333300
1570,147,179,40037,3342,519121,1321900
1571,172,159,39865,3355,519280,1319700
1572,152,167,39713,3340,519447,1307500
1573,175,172,39538,3343,519619,1332000
1574,158,181,39380,3320,519800,1330400
1575,172,154,39208,3338,519954,1320400
1576,156,175,39052,3319,520129,1320800
1577,141,157,38911,3303,520286,1317200
1578,150,165,38761,3288,520451,1328600
1579,158,178,38603,3268,520629,1352600
1580,137,168,38466,3237,520797,1370300
1581,167,171,38299,3233,520968,1617200
1582,150,151,38149,3232,521119,1314600
1583,137,171,38012,3198,521290,1306400
1584,141,160,37871,3179,521450,1303400
1585,136,155,37735,3160,521605,1293900
1586,125,154,37610,3131,521759,1299900
1587,131,160,37479,3102,521919,1301700
1588,128,167,37351,3063,522086,1336400
1589,129,154,37222,3038,522240,1296200
1590,133,160,37089,3011,522400,1320100
1591,143,149,36946,3005,522549,1293700
1592,126,154,36820,2977,522703,1497200
1593,145,164,36675,2958,522867,1615800
1594,131,162,36544,2927,523029,1306600
1595,125,169,36419,2883,523198,1293800
1596,137,149,36282,2871,523347,1290500
1597,116,149,36166,2838,523496,1279700
1598,134,150,36032,2822,523646,1300600
1599,140,141,35892,2821,523787,1297100
1600,148,115,35744,2854,523902,1291500
1601,114,135,35630,2833,524037,1298200
1602,138,138,35492,2833,524175,1280700
1603,133,142,35359,2824,524317,1286000
1604,120,139,35239,2805,524456,1293000
1605,137,153,35102,2789,524609,1285900
1606,150,129,34952,2810,524738,1282200
1607,129,141,34823,2798,524879,1309200
1608,131,138,34692,2791,525017,1281200
1609,129,123,34563,2797,525140,1279000
1610,141,137,34422,2801,525277,1282300
1611,127,156,34295,2772,525433,1296400
1612,136,126,34159,2782,525559,1278400
1613,152,137,34007,2797,525696,1293000
1614,125,138,33882,2784,525834,1307300
1615,132,124,33750,2792,525958,1278400
1616,141,131,33609,2802,526089,1280100
1617,153,154,33456,2801,526243,1650000
1618,124,130,33332,2795,526373,1398500
1619,137,146,33195,2786,526519,1334800
1620,131,142,33064,2775,526661,1294600
1621,139,119,32925,2795,526780,1299300
1622,136,139,32789,2792,526919,1291000
1623,136,143,32653,2785,527062,1288500
1624,136,127,32517,2794,527189,1306300
1625,119,151,32398,2762,527340,1312000
1626,121,132,32277,2751,527472,1315800
1627,118,121,32159,2748,527593,1308300
1628,131,133,32028,2746,527726,1301700
1629,120,113,31908,2753,527839,1365600
1630,153,124,31755,2782,527963,1288600
1631,141,127,31614,2796,528090,1292800
1632,134,149,31480,2781,528239,1295500
1633,150,135,31330,2796,528374,1312200
1634,126,141,31204,2781,528515,1284700
1635,126,142,31078,2765,528657,1301100
1636,142,141,30936,2766,528798,1280600
1637,143,140,30793,2769,528938,1289900
1638,128,129,30665,2768,529067,1312500
1639,113,134,30552,2747,529201,1287100
1640,110,132,30442,2725,529333,1289000
1641,129,134,30313,2720,529467,1779100
1642,115,110,30198,2725,529577,1376700
1643,130,125,30068,2730,529702,1285000
1644,122,139,29946,2713,529841,1283400
1645,133,131,29813,2715,529972,1283900
1646,141,149,29672,2707,530121,1282700
1647,126,159,29546,2674,530280,1290600
1648,133,153,29413,2654,530433,1301300
1649,136,137,29277,2653,530570,1280700
1650,129,119,29148,2663,530689,1272700
1651,140,135,29008,2668,530824,1297400
1652,122,145,28886,2645,530969,1317200
1653,121,135,28765,2631,531104,1355000
1654,123,138,28642,2616,531242,1287400
1655,129,122,28513,2623,531364,1275600
1656,146,147,28367,2622,531511,1287600
1657,132,125,28235,2629,531636,1280500
1658,123,140,28112,2612,531776,1291000
1659,136,151,27976,2597,531927,1278000
1660,115,146,27861,2566,532073,1293900
1661,136,135,27725,2567,532208,1273800
1662,110,122,27615,2555,532330,1271400
1663,114,138,27501,2531,532468,1268500
1664,119,120,27382,2530,532588,1332900
1665,133,123,27249,2540,532711,1441300
1666,132,121,27117,2551,532832,1303500
1667,118,112,26999,2557,532944,1285800
1668,125,135,26874,2547,533079,1273600
1669,96,118,26778,2525,533197,1568200
1670,126,127,26652,2524,533324,1436600
1671,120,125,26532,2519,533449,1305100
1672,115,127,26417,2507,533576,1282200
1673,121,133,26296,2495,533709,1273000
1674,111,117,26185,2489,533826,1284100
1675,106,142,26079,2453,533968,1275300
1676,106,112,25973,2447,534080,1374400
1677,104,109,25869,2442,534189,1286200
1678,89,111,25780,2420,534300,1276300
1679,103,129,25677,2394,534429,1275900
1680,94,130,25583,2358,534559,1269400
1681,102,136,25481,2324,534695,1287800
1682,100,90,25381,2334,534785,1268500
1683,119,111,25262,2342,534896,1268000
1684,108,91,25154,2359,534987,1265900
1685,109,106,25045,2362,535093,1263900
1686,101,139,24944,2324,535232,1269600
1687,85,111,24859,2298,535343,1265700
1688,105,130,24754,2273,535473,1545700
1689,109,124,24645,2258,535597,1455600
1690,110,132,24535,2236,535729,1274300
1691,100,120,24435,2216,535849,1296200
1692,125,106,24310,2235,535955,1274300
1693,97,106,24213,2226,536061,1259600
1694,108,113,24105,2221,536174,1561100
1695,103,117,24002,2207,536291,1284500
1696,97,120,23905,2184,536411,1264900
1697,103,102,23802,2185,536513,1261500
1698,100,112,23702,2173,536625,1261200
1699,115,103,23587,2185,536728,1328500
1700,116,117,23471,2184,536845,1577700
1701,91,118,23380,2157,536963,1271400
1702,76,118,23304,2115,537081,1272300
1703,99,114,23205,2100,537195,1290600
1704,104,115,23101,2089,537310,1270300
1705,96,99,23005,2086,537409,1262000
1706,77,112,22928,2051,537521,1266600
1707,91,88,22837,2054,537609,1260900
1708,86,94,22751,2046,537703,1258100
1709,93,83,22658,2056,537786,1269100
1710,109,100,22549,2065,537886,1263600
1711,86,96,22463,2055,537982,1266600
1712,92,113,22371,2034,538095,1303100
1713,102,96,22269,2040,538191,1265200
1714,70,95,22199,2015,538286,1262000
1715,74,96,22125,1993,538382,1272800
1716,91,121,22034,1963,538503,1264000
1717,75,92,21959,1946,538595,1265000
1718,88,82,21871,1952,538677,1271500
1719,97,100,21774,1949,538777,1257900
1720,83,98,21691,1934,538875,1265400
1721,87,97,21604,1924,538972,1260700
1722,93,80,21511,1937,539052,1258000
1723,84,87,21427,1934,539139,1266800
1724,72,97,21355,1909,539236,1304200
1725,75,113,21280,1871,539349,1285400
1726,78,107,21202,1842,539456,1279700
1727,82,91,21120,1833,539547,1291700
1728,85,87,21035,1831,539634,1271900
1729,73,82,20962,1822,539716,1265700
1730,91,88,20871,1825,539804,1276200
1731,83,99,20788,1809,539903,1254200
1732,71,86,20717,1794,539989,1258800
1733,74,94,20643,1774,540083,1293000
1734,61,98,20582,1737,540181,1253300
1735,79,90,20503,1726,540271,1259600
1736,86,82,20417,1730,540353,1334800
1737,74,104,20343,1700,540457,1457900
1738,90,90,20253,1700,540547,1262600
1739,83,82,20170,1701,540629,1302300
1740,72,72,20098,1701,540701,1280200
1741,64,79,20034,1686,540780,1283300
1742,73,75,19961,1684,540855,1277700
1743,70,89,19891,1665,540944,1249600
1744,80,83,19811,1662,541027,1279000
1745,84,83,19727,1663,541110,1248200
1746,63,74,19664,1652,541184,1242200
1747,59,76,19605,1635,541260,1248400
1748,64,91,19541,1608,541351,1247900
1749,63,84,19478,1587,541435,1306200
1750,71,77,19407,1581,541512,1261300
1751,59,79,19348,1561,541591,1264500
1752,55,71,19293,1545,541662,1248100
1753,69,82,19224,1532,541744,1250800
1754,67,80,19157,1519,541824,1263100
1755,57,80,19100,1496,541904,1262900
1756,63,75,19037,1484,541979,1242100
1757,59,78,18978,1465,542057,1263400
1758,64,80,18914,1449,542137,1243400
1759,70,73,18844,1446,542210,1250500
1760,55,92,18789,1409,542302,1240500
1761,72,73,18717,1408,542375,1525800
1762,63,65,18654,1406,542440,1292700
1763,78,71,18576,1413,542511,1254600
1764,79,89,18497,1403,542600,1260400
1765,74,63,18423,1414,542663,1264800
1766,90,60,18333,1444,542723,1245200
1767,52,75,18281,1421,542798,1267100
1768,77,80,18204,1418,542878,1255800
1769,57,74,18147,1401,542952,1243800
1770,81,78,18066,1404,543030,1248500
1771,53,72,18013,1385,543102,1250300
1772,58,59,17955,1384,543161,1254100
1773,51,70,17904,1365,543231,1480000
1774,54,64,17850,1355,543295,1250100
1775,82,65,17768,1372,543360,1255500
1776,64,65,17704,1371,543425,1281100
1777,57,64,17647,1364,543489,1255800
1778,68,81,17579,1351,543570,1257200
1779,74,75,17505,1350,543645,1257100
1780,50,66,17455,1334,543711,1252300
1781,63,80,17392,1317,543791,1247800
1782,62,70,17330,1309,543861,1250300
1783,57,67,17273,1299,543928,1251600
1784,63,59,17210,1303,543987,1242300
1785,67,70,17143,1300,544057,1265100
1786,47,60,17096,1287,544117,1260200
1787,63,51,17033,1299,544168,1256100
1788,66,53,16967,1312,544221,1274800
1789,59,74,16908,1297,544295,1266900
1790,66,68,16842,1295,544363,1246800
1791,69,59,16773,1305,544422,1251400
1792,65,58,16708,1312,544480,1250100
1793,67,72,16641,1307,544552,1255800
1794,81,62,16560,1326,544614,1250700
1795,68,59,16492,1335,544673,1243700
1796,76,65,16416,1346,544738,1243100
1797,65,66,16351,1345,544804,1242700
1798,80,71,16271,1354,544875,1277000
1799,77,60,16194,1371,544935,1259100
1800,61,62,16133,1370,544997,1247500
1801,58,74,16075,1354,545071,1245300
1802,83,75,15992,1362,545146,1255600
1803,81,61,15911,1382,545207,1247500
1804,41,60,15870,1363,545267,1241300
1805,50,76,15820,1337,545343,1251400
1806,45,57,15775,1325,545400,1249400
1807,60,58,15715,1327,545458,1254400
1808,56,54,15659,1329,545512,1245600
1809,57,72,15602,1314,545584,1256900
1810,65,69,15537,1310,545653,1283400
1811,62,75,15475,1297,545728,1577600
1812,57,53,15418,1301,545781,1359600
1813,64,72,15354,1293,545853,1258000
1814,48,75,15306,1266,545928,1237000
1815,49,66,15257,1249,545994,1247300
1816,51,60,15206,1240,546054,1234200
1817,50,62,15156,1228,546116,1232300
1818,55,69,15101,1214,546185,1255000
1819,55,71,15046,1198,546256,1234600
1820,44,62,15002,1180,546318,1240100
1821,52,49,14950,1183,546367,1245200
1822,55,52,14895,1186,546419,1235900
1823,50,55,14845,1181,546474,1275000
1824,40,63,14805,1158,546537,1239400
1825,56,47,14749,1167,546584,1235600
1826,45,69,14704,1143,546653,1229300
1827,58,59,14646,1142,546712,1234500
1828,50,66,14596,1126,546778,1282300
1829,51,55,14545,1122,546833,1233500
1830,51,53,14494,1120,546886,1237400
1831,40,49,14454,1111,546935,1241100
1832,61,49,14393,1123,546984,1259700
1833,53,50,14340,1126,547034,1255100
1834,50,64,14290,1112,547098,1240200
1835,60,55,14230,1117,547153,1359800
1836,43,58,14187,1102,547211,1544100
1837,61,42,14126,1121,547253,1252100
1838,41,63,14085,1099,547316,1246300
1839,43,63,14042,1079,547379,1250600
1840,52,53,13990,1078,547432,1234400
1841,40,65,13950,1053,547497,1279300
1842,52,49,13898,1056,547546,1232800
1843,44,57,13854,1043,547603,1257300
1844,58,55,13796,1046,547658,1241200
1845,48,52,13748,1042,547710,1253400
1846,46,49,13702,1039,547759,1258500
1847,42,61,13660,1020,547820,1241900
1848,38,53,13622,1005,547873,1545700
1849,52,63,13570,994,547936,1358100
1850,49,72,13521,971,548008,1235300
1851,39,65,13482,945,548073,1248100
1852,41,50,13441,936,548123,1229000
1853,55,44,13386,947,548167,1224700
1854,41,46,13345,942,548213,1240500
1855,41,48,13304,935,548261,1229000
1856,45,47,13259,933,548308,1228400
1857,34,46,13225,921,548354,1271600
1858,46,36,13179,931,548390,1230600
1859,46,52,13133,925,548442,1239000
1860,47,63,13086,909,548505,1300000
1861,38,48,13048,899,548553,1548700
1862,40,47,13008,892,548600,1246700
1863,42,29,12966,905,548629,1237300
1864,49,51,12917,903,548680,1232200
1865,39,46,12878,896,548726,1231000
1866,37,37,12841,896,548763,1254900
1867,37,39,12804,894,548802,1236800
1868,43,51,12761,886,548853,1245100
1869,35,45,12726,876,548898,1274900
1870,48,50,12678,874,548948,1232200
1871,35,41,12643,868,548989,1235800
1872,47,46,12596,869,549035,1262400
1873,40,38,12556,871,549073,1247700
1874,45,36,12511,880,549109,1240000
1875,42,40,12469,882,549149,1234800
1876,42,52,12427,872,549201,1236300
1877,43,37,12384,878,549238,1234000
1878,42,55,12342,865,549293,1244400
1879,47,39,12295,873,549332,1231300
1880,37,40,12258,870,549372,1249900
1881,36,51,12222,855,549423,1235600
1882,45,53,12177,847,549476,1233500
1883,43,50,12134,840,549526,1238500
1884,34,39,12100,835,549565,1259000
1885,42,43,12058,834,549608,1253400
1886,34,43,12024,825,549651,1252500
1887,31,43,11993,813,549694,1239300
1888,32,30,11961,815,549724,1240300
1889,36,35,11925,816,549759,1240800
1890,43,35,11882,824,549794,1237800
1891,41,51,11841,814,549845,1243300
1892,23,34,11818,803,549879,1241100
1893,29,36,11789,796,549915,1233400
1894,39,39,11750,796,549954,1239200
1895,36,41,11714,791,549995,1238600
1896,34,41,11680,784,550036,1223800
1897,34,45,11646,773,550081,1229500
1898,28,37,11618,764,550118,1242700
1899,26,39,11592,751,550157,1252500
1900,27,42,11565,736,550199,1241000
1901,32,37,11533,731,550236,1238900
1902,22,39,11511,714,550275,1227100
1903,28,39,11483,703,550314,1237400
1904,26,40,11457,689,550354,1234500
1905,40,30,11417,699,550384,1248700
1906,33,48,11384,684,550432,1229400
1907,43,37,11341,690,550469,1258500
1908,22,36,11319,676,550505,1228200
1909,33,37,11286,672,550542,1246100
1910,38,34,11248,676,550576,1233500
1911,21,29,11227,668,550605,1257200
1912,40,24,11187,684,550629,1228000
1913,27,34,11160,677,550663,1231600
1914,38,29,11122,686,550692,1226100
1915,33,31,11089,688,550723,1250600
1916,38,39,11051,687,550762,1233400
1917,32,34,11019,685,550796,1236600
1918,38,31,10981,692,550827,1230200
1919,43,28,10938,707,550855,1249700
1920,35,27,10903,715,550882,1277100
1921,34,36,10869,713,550918,1324200
1922,29,44,10840,698,550962,1236400
1923,32,30,10808,700,550992,1229900
1924,23,38,10785,685,551030,1228600
1925,24,34,10761,675,551064,1228400
1926,27,29,10734,673,551093,1261900
1927,34,30,10700,677,551123,1224400
1928,32,22,10668,687,551145,1224100
1929,30,31,10638,686,551176,1233900
1930,30,42,10608,674,551218,1234800
1931,32,34,10576,672,551252,1227500
1932,34,35,10542,671,551287,1228800
1933,20,29,10522,662,551316,1228000
1934,21,42,10501,641,551358,1256800
1935,25,36,10476,630,551394,1228600
1936,22,36,10454,616,551430,1539700
1937,22,39,10432,599,551469,1241300
1938,21,36,10411,584,551505,1233100
1939,18,25,10393,577,551530,1231800
1940,17,21,10376,573,551551,1224000
1941,28,24,10348,577,551575,1238500
1942,24,35,10324,566,551610,1227400
1943,27,29,10297,564,551639,1220500
1944,23,22,10274,565,551661,1220700
1945,26,29,10248,562,551690,1217900
1946,20,24,10228,558,551714,1223200
1947,24,42,10204,540,551756,1219800
1948,25,28,10179,537,551784,1290100
1949,25,30,10154,532,551814,1545100
1950,27,28,10127,531,551842,1292400
1951,16,38,10111,509,551880,1230200
1952,21,30,10090,500,551910,1265700
1953,24,25,10066,499,551935,1226100
1954,15,29,10051,485,551964,1235100
1955,17,21,10034,481,551985,1220100
1956,22,21,10012,482,552006,1224500
1957,17,17,9995,482,552023,1232100
1958,15,26,9980,471,552049,1221900
1959,14,24,9966,461,552073,1218500
1960,15,35,9951,441,552108,1218900
1961,15,24,9936,432,552132,1261600
1962,18,18,9918,432,552150,1251400
1963,6,16,9912,422,552166,1226500
1964,21,17,9891,426,552183,1231700
1965,23,24,9868,425,552207,1248900
1966,14,19,9854,420,552226,1239700
1967,19,24,9835,415,552250,1227900
1968,11,17,9824,409,552267,1259300
1969,20,16,9804,413,552283,1219700
1970,15,22,9789,406,552305,1229100
1971,16,23,9773,399,552328,1224300
1972,15,8,9758,406,552336,1219000
1973,19,19,9739,406,552355,1224900
1974,11,32,9728,385,552387,1300100
1975,14,18,9714,381,552405,1219600
1976,11,26,9703,366,552431,1230400
1977,9,20,9694,355,552451,1227000
1978,18,14,9676,359,552465,1267300
1979,12,13,9664,358,552478,1242200
1980,16,22,9648,352,552500,1223200
1981,15,22,9633,345,552522,1223400
1982,22,19,9611,348,552541,1215700
1983,15,19,9596,344,552560,1217100
1984,15,13,9581,346,552573,1224700
1985,17,18,9564,345,552591,1219400
1986,16,21,9548,340,552612,1208900
1987,16,24,9532,332,552636,1334100
1988,10,14,9522,328,552650,1272000
1989,18,18,9504,328,552668,1264500
1990,14,13,9490,329,552681,1241100
1991,17,12,9473,334,552693,1237400
1992,15,23,9458,326,552716,1230900
1993,15,19,9443,322,552735,1227200
1994,10,19,9433,313,552754,1245000
1995,13,14,9420,312,552768,1222300
1996,12,16,9408,308,552784,1245700
1997,15,20,9393,303,552804,1272500
1998,13,18,9380,298,552822,1245900
1999,14,15,9366,297,552837,1445200
2000,12,11,9354,298,552848,1554900
2001,10,13,9344,295,552861,1227800
2002,6,15,9338,286,552876,1244800
2003,13,15,9325,284,552891,1233900
2004,6,15,9319,275,552906,1214700
2005,14,17,9305,272,552923,1208600
2006,11,8,9294,275,552931,1221600
2007,11,17,9283,269,552948,1214200
2008,9,20,9274,258,552968,1219300
2009,13,18,9261,253,552986,1233000
2010,10,11,9251,252,552997,1220000
2011,9,9,9242,252,553006,1218700
2012,11,11,9231,252,553017,1254500
2013,18,12,9213,258,553029,1253900
2014,18,16,9195,260,553045,1217200
2015,12,10,9183,262,553055,1239700
2016,16,13,9167,265,553068,1217300
2017,12,13,9155,264,553081,1246800
2018,14,17,9141,261,553098,1241500
2019,7,12,9134,256,553110,1238700
2020,15,16,9119,255,553126,1210200
2021,13,15,9106,253,553141,1209100
2022,17,18,9089,252,553159,1207000
2023,9,14,9080,247,553173,1211800
2024,10,4,9070,253,553177,1258600
2025,9,7,9061,255,553184,1425300
2026,15,14,9046,256,553198,1218500
2027,13,10,9033,259,553208,1215300
2028,8,14,9025,253,553222,1212800
2029,11,11,9014,253,553233,1209200
2030,4,17,9010,240,553250,1209000
2031,6,19,9004,227,553269,1213100
2032,8,5,8996,230,553274,1204700
2033,7,13,8989,224,553287,1205000
2034,9,7,8980,226,553294,1244300
2035,5,10,8975,221,553304,1217100
2036,7,11,8968,217,553315,1225700
2037,3,6,8965,214,553321,1207000
2038,9,16,8956,207,553337,1235000
2039,10,12,8946,205,553349,1232700
2040,11,11,8935,205,553360,1226200
2041,7,8,8928,204,553368,1222400
2042,4,9,8924,199,553377,1215100
2043,4,7,8920,196,553384,1229600
2044,7,6,8913,197,553390,1218400
2045,13,10,8900,200,553400,1217600
2046,8,14,8892,194,553414,1216800
2047,5,6,8887,193,553420,1222600
2048,5,10,8882,188,553430,1213000
2049,4,10,8878,182,553440,1232600
2050,10,10,8868,182,553450,1233400
2051,3,13,8865,172,553463,1223800
2052,8,14,8857,166,553477,1209700
2053,5,14,8852,157,553491,1207000
2054,4,10,8848,151,553501,1206700
2055,4,8,8844,147,553509,1208800
2056,4,11,8840,140,553520,1206400
2057,14,6,8826,148,553526,1203100
2058,6,7,8820,147,553533,1206100
2059,7,3,8813,151,553536,1202700
2060,8,3,8805,156,553539,1212800
2061,14,8,8791,162,553547,1238500
2062,4,5,8787,161,553552,1207400
2063,4,6,8783,159,553558,1208000
2064,5,10,8778,154,553568,1510600
2065,5,11,8773,148,553579,1364900
2066,4,7,8769,145,553586,1232800
2067,4,10,8765,139,553596,1238200
2068,2,7,8763,134,553603,1218600
2069,3,9,8760,128,553612,1216100
2070,0,4,8760,124,553616,1217800
2071,4,4,8756,124,553620,1209400
2072,2,4,8754,122,553624,1241800
2073,6,7,8748,121,553631,1245000
2074,4,2,8744,123,553633,1208000
2075,4,9,8740,118,553642,1232500
2076,2,8,8738,112,553650,1298700
2077,1,4,8737,109,553654,1523400
2078,0,2,8737,107,553656,1251100
2079,3,3,8734,107,553659,1217000
2080,6,3,8728,110,553662,1203800
2081,3,7,8725,106,553669,1205300
2082,2,4,8723,104,553673,1204900
2083,3,7,8720,100,553680,1200600
2084,2,7,8718,95,553687,1210500
2085,3,7,8715,91,553694,1217800
2086,2,4,8713,89,553698,1210300
2087,4,6,8709,87,553704,1204400
2088,3,2,8706,88,553706,1203200
2089,0,2,8706,86,553708,1321700
2090,1,1,8705,86,553709,1526700
2091,0,4,8705,82,553713,1230500
2092,1,2,8704,81,553715,1219100
2093,1,5,8703,77,553720,1220900
2094,1,1,8702,77,553721,1225700
2095,1,4,8701,74,553725,1223300
2096,1,1,8700,74,553726,1216100
2097,0,4,8700,70,553730,1234100
2098,0,3,8700,67,553733,1219200
2099,0,2,8700,65,553735,1225500
2100,0,1,8700,64,553736,1248600
2101,0,3,8700,61,553739,1228300
2102,0,5,8700,56,553744,1683600
2103,0,1,8700,55,553745,1383300
2104,0,1,8700,54,553746,1212100
2105,0,4,8700,50,553750,1205500
2106,1,3,8699,48,553753,1206500
2107,0,1,8699,47,553754,1234500
2108,0,2,8699,45,553756,1226900
2109,0,2,8699,43,553758,1204100
2110,0,3,8699,40,553761,1212800
2111,0,2,8699,38,553763,1209200
2112,1,4,8698,35,553767,1235500
2113,0,1,8698,34,553768,1202500
2114,1,2,8697,33,553770,1203300
2115,0,0,8697,33,553770,1238500
2116,0,0,8697,33,553770,1208000
2117,0,2,8697,31,553772,1202900
2118,0,1,8697,30,553773,1208200
2119,0,2,8697,28,553775,1211500
2120,0,2,8697,26,553777,1203000
2121,0,1,8697,25,553778,1202800
2122,0,3,8697,22,553781,1201800
2123,0,1,8697,21,553782,1204100
2124,0,1,8697,20,553783,1208700
2125,0,1,8697,19,553784,1201400
2126,0,1,8697,18,553785,1212000
2127,0,2,8697,16,553787,1225900
2128,1,1,8696,16,553788,1228900
2129,0,1,8696,15,553789,1204900
2130,0,1,8696,14,553790,1206200
2131,0,0,8696,14,553790,1199300
2132,1,1,8695,14,553791,1207600
2133,0,0,8695,14,553791,1202000
2134,0,0,8695,14,553791,1213200
2135,0,0,8695,14,553791,1205800
2136,0,0,8695,14,553791,1210900
2137,0,0,8695,14,553791,1199200
2138,0,0,8695,14,553791,1201300
2139,0,1,8695,13,553792,1204900
2140,1,2,8694,12,553794,1346900
2141,0,1,8694,11,553795,1526100
2142,0,0,8694,11,553795,1209300
2143,1,0,8693,12,553795,1236400
2144,0,1,8693,11,553796,1245400
2145,0,1,8693,10,553797,1254600
2146,1,1,8692,10,553798,1225700
2147,0,1,8692,9,553799,1213500
2148,0,0,8692,9,553799,1213100
2149,1,0,8691,10,553799,1223600
2150,0,2,8691,8,553801,1216600
2151,0,3,8691,5,553804,1222500
2152,0,0,8691,5,553804,1239900
2153,0,1,8691,4,553805,1222500
2154,0,0,8691,4,553805,1221100
2155,0,0,8691,4,553805,1223400
2156,0,0,8691,4,553805,1208600
2157,0,0,8691,4,553805,1229200
2158,0,0,8691,4,553805,1224100
2159,0,0,8691,4,553805,1211100
2160,0,1,8691,3,553806,1218400
2161,0,0,8691,3,553806,1230300
2162,0,0,8691,3,553806,1214700
2163,0,0,8691,3,553806,1207600
2164,0,0,8691,3,553806,1226900
2165,0,0,8691,3,553806,1236600
2166,0,0,8691,3,553806,1231100
2167,0,0,8691,3,553806,1216100
2168,0,0,8691,3,553806,1220500
2169,0,0,8691,3,553806,1212000
2170,0,1,8691,2,553807,1222000
2171,0,0,8691,2,553807,1215300
2172,0,0,8691,2,553807,1209700
2173,0,0,8691,2,553807,1223500
2174,0,1,8691,1,553808,1215000
2175,0,0,8691,1,553808,1223600
2176,0,0,8691,1,553808,1208000
2177,0,0,8691,1,553808,1223800
2178,0,0,8691,1,553808,1214100
2179,0,0,8691,1,553808,1220500
2180,0,0,8691,1,553808,1209300
2181,0,0,8691,1,553808,1234100
2182,0,0,8691,1,553808,1218200
2183,0,0,8691,1,553808,1212700
2184,0,0,8691,1,553808,1204300
2185,0,0,8691,1,553808,1210000
2186,0,0,8691,1,553808,1247500
2187,0,1,8691,0,553809,1212000
