Tick,NewlyInfected,NewlyRecovered,TotalSusceptible,TotalInfected,TotalRecovered,StepTimeNanos
0,1,0,562494,6,0,1478600
1,3,0,562491,9,0,1355000
2,2,1,562489,10,1,1230500
3,1,1,562488,10,2,1245100
4,3,0,562485,13,2,1253800
5,3,0,562482,16,2,1221700
6,2,1,562480,17,3,1227500
7,1,0,562479,18,3,1222500
8,6,1,562473,23,4,1220800
9,4,0,562469,27,4,1221700
10,9,1,562460,35,5,1229900
11,9,2,562451,42,7,1233500
12,10,1,562441,51,8,1331300
13,7,2,562434,56,10,1408400
14,9,2,562425,63,12,1216800
15,8,1,562417,70,13,1221400
16,12,3,562405,79,16,1224100
17,10,2,562395,87,18,1226600
18,9,1,562386,95,19,1217800
19,11,6,562375,100,25,1227500
20,15,5,562360,110,30,1227300
21,16,5,562344,121,35,1225400
22,9,2,562335,128,37,1221100
23,10,4,562325,134,41,1226800
24,15,9,562310,140,50,1292900
25,9,9,562301,140,59,1231300
26,12,10,562289,142,69,1230200
27,15,12,562274,145,81,1257800
28,16,12,562258,149,93,1226900
29,12,7,562246,154,100,1226500
30,9,13,562237,150,113,1228700
31,16,5,562221,161,118,1225400
32,11,11,562210,161,129,1224400
33,15,10,562195,166,139,1228500
34,15,11,562180,170,150,1229200
35,9,3,562171,176,153,1219800
36,13,5,562158,184,158,1265700
37,16,2,562142,198,160,1226600
38,23,12,562119,209,172,1238400
39,16,16,562103,209,188,1223100
40,17,13,562086,213,201,1230400
41,20,12,562066,221,213,1228400
42,20,15,562046,226,228,1223100
43,23,12,562023,237,240,1234800
44,25,13,561998,249,253,1228400
45,25,11,561973,263,264,1221200
46,20,13,561953,270,277,1224900
47,23,12,561930,281,289,1224400
48,32,14,561898,299,303,1272600
49,21,13,561877,307,316,1238300
50,29,12,561848,324,328,1239700
51,25,16,561823,333,344,1253600
52,34,22,561789,345,366,1227700
53,27,18,561762,354,384,1230900
54,36,16,561726,374,400,1251100
55,27,18,561699,383,418,1235700
56,31,21,561668,393,439,1250200
57,23,20,561645,396,459,1238100
58,30,22,561615,404,481,1229300
59,42,21,561573,425,502,1299000
60,31,9,561542,447,511,1548600
61,30,28,561512,449,539,1236300
62,36,27,561476,458,566,1243500
63,18,15,561458,461,581,1242500
64,32,19,561426,474,600,1250300
65,36,19,561390,491,619,1245000
66,41,23,561349,509,642,1234000
67,44,27,561305,526,669,1236900
68,49,28,561256,547,697,1241800
69,34,24,561222,557,721,1238100
70,48,25,561174,580,746,1251000
71,50,16,561124,614,762,1305600
72,40,35,561084,619,797,1272000
73,45,29,561039,635,826,1251400
74,35,32,561004,638,858,1248900
75,37,24,560967,651,882,1248600
76,59,35,560908,675,917,1253300
77,53,41,560855,687,958,1257800
78,49,30,560806,706,988,1253300
79,61,37,560745,730,1025,1248600
80,55,46,560690,739,1071,1274300
81,56,40,560634,755,1111,1252600
82,50,28,560584,777,1139,1259300
83,61,43,560523,795,1182,1621900
84,52,35,560471,812,1217,1252100
85,60,37,560411,835,1254,1262400
86,52,45,560359,842,1299,1249500
87,62,41,560297,863,1340,1254500
88,50,49,560247,864,1389,1249200
89,69,35,560178,898,1424,1246900
90,62,46,560116,914,1470,1258000
91,60,39,560056,935,1509,1246900
92,48,44,560008,939,1553,1248600
93,59,54,559949,944,1607,1252000
94,64,58,559885,950,1665,1325100
95,64,50,559821,964,1715,1509700
96,65,46,559756,983,1761,1274200
97,48,51,559708,980,1812,1266800
98,68,41,559640,1007,1853,1286600
99,68,47,559572,1028,1900,1280200
100,71,48,559501,1051,1948,1271800
101,70,50,559431,1071,1998,1272000
102,70,48,559361,1093,2046,1267300
103,62,56,559299,1099,2102,1268900
104,69,49,559230,1119,2151,1276600
105,69,47,559161,1141,2198,1287600
106,62,66,559099,1137,2264,1279500
107,63,64,559036,1136,2328,1280200
108,72,61,558964,1147,2389,1265200
109,77,65,558887,1159,2454,1272300
110,80,49,558807,1190,2503,1292000
111,69,58,558738,1201,2561,1276500
112,72,66,558666,1207,2627,1263200
113,80,59,558586,1228,2686,1265200
114,70,62,558516,1236,2748,1266800
115,85,71,558431,1250,2819,1266400
116,67,53,558364,1264,2872,1287400
117,77,52,558287,1289,2924,1293900
118,75,59,558212,1305,2983,1386500
119,79,60,558133,1324,3043,1373000
120,85,75,558048,1334,3118,1366300
121,86,54,557962,1366,3172,1589900
122,96,71,557866,1391,3243,1319300
123,86,74,557780,1403,3317,1277100
124,105,75,557675,1433,3392,1273800
125,93,66,557582,1460,3458,1294500
126,98,73,557484,1485,3531,1271800
127,102,77,557382,1510,3608,1286200
128,90,63,557292,1537,3671,1325100
129,99,83,557193,1553,3754,1560700
130,98,69,557095,1582,3823,1462800
131,95,81,557000,1596,3904,1391900
132,94,97,556906,1593,4001,1536100
133,78,67,556828,1604,4068,1495900
134,93,79,556735,1618,4147,1433900
135,100,76,556635,1642,4223,1397200
136,86,82,556549,1646,4305,1397100
137,94,82,556455,1658,4387,1478000
138,107,87,556348,1678,4474,1403500
139,95,80,556253,1693,4554,1473600
140,113,90,556140,1716,4644,1393200
141,122,97,556018,1741,4741,1350900
142,106,83,555912,1764,4824,1309400
143,113,82,555799,1795,4906,1316300
144,96,89,555703,1802,4995,1341500
145,98,111,555605,1789,5106,1333900
146,101,80,555504,1810,5186,1312900
147,100,93,555404,1817,5279,1349200
148,130,97,555274,1850,5376,1301300
149,110,100,555164,1860,5476,1357200
150,106,74,555058,1892,5550,1398000
151,114,94,554944,1912,5644,1576300
152,114,94,554830,1932,5738,1569500
153,116,104,554714,1944,5842,1474900
154,107,87,554607,1964,5929,1439400
155,97,120,554510,1941,6049,1432200
156,120,115,554390,1946,6164,1424200
157,115,106,554275,1955,6270,1424300
158,113,101,554162,1967,6371,1412900
159,131,98,554031,2000,6469,1432300
160,136,83,553895,2053,6552,1532900
161,123,104,553772,2072,6656,1312600
162,119,94,553653,2097,6750,1455900
163,121,109,553532,2109,6859,1330900
164,129,108,553403,2130,6967,1320400
165,126,97,553277,2159,7064,1331000
166,125,106,553152,2178,7170,1339300
167,106,109,553046,2175,7279,1335200
168,110,118,552936,2167,7397,1340700
169,124,108,552812,2183,7505,1326800
170,126,112,552686,2197,7617,1353100
171,110,110,552576,2197,7727,1502700
172,135,113,552441,2219,7840,1319900
173,124,110,552317,2233,7950,1323500
174,109,115,552208,2227,8065,1327400
175,117,117,552091,2227,8182,1317900
176,131,110,551960,2248,8292,1317100
177,119,107,551841,2260,8399,1417200
178,116,114,551725,2262,8513,1347200
179,122,106,551603,2278,8619,1338300
180,124,110,551479,2292,8729,1319300
181,130,128,551349,2294,8857,1322200
182,114,110,551235,2298,8967,1370300
183,111,107,551124,2302,9074,1375600
184,124,114,551000,2312,9188,1331100
185,135,133,550865,2314,9321,1344000
186,136,111,550729,2339,9432,1342600
187,125,117,550604,2347,9549,1331500
188,129,107,550475,2369,9656,1362000
189,133,119,550342,2383,9775,1330500
190,140,122,550202,2401,9897,1335900
191,139,91,550063,2449,9988,1331800
192,139,132,549924,2456,10120,1323000
193,154,125,549770,2485,10245,1342500
194,135,131,549635,2489,10376,1532200
195,134,140,549501,2483,10516,1362800
196,163,133,549338,2513,10649,1348900
197,131,116,549207,2528,10765,1325300
198,152,137,549055,2543,10902,1361800
199,133,131,548922,2545,11033,1321100
200,139,141,548783,2543,11174,1336200
201,157,147,548626,2553,11321,1332200
202,159,152,548467,2560,11473,1322300
203,116,133,548351,2543,11606,1331900
204,158,142,548193,2559,11748,1851200
205,148,142,548045,2565,11890,1463800
206,142,114,547903,2593,12004,1333400
207,155,129,547748,2619,12133,1407100
208,133,132,547615,2620,12265,1512500
209,149,109,547466,2660,12374,1681000
210,157,124,547309,2693,12498,1422500
211,171,135,547138,2729,12633,1320200
212,168,137,546970,2760,12770,1315100
213,173,130,546797,2803,12900,1306100
214,157,148,546640,2812,13048,1333300
215,164,136,546476,2840,13184,1312600
216,155,129,546321,2866,13313,1317600
217,168,153,546153,2881,13466,1315800
218,149,147,546004,2883,13613,1311600
219,145,140,545859,2888,13753,1311400
220,157,122,545702,2923,13875,1312200
221,165,148,545537,2940,14023,1307900
222,154,144,545383,2950,14167,1318200
223,160,130,545223,2980,14297,1309200
224,175,137,545048,3018,14434,1312100
225,173,140,544875,3051,14574,1310100
226,172,146,544703,3077,14720,1377100
227,162,165,544541,3074,14885,1323900
228,175,169,544366,3080,15054,1324400
229,179,150,544187,3109,15204,1323700
230,158,156,544029,3111,15360,1333400
231,169,179,543860,3101,15539,1315500
232,191,142,543669,3150,15681,1334000
233,163,145,543506,3168,15826,1314500
234,142,141,543364,3169,15967,1317400
235,164,163,543200,3170,16130,1325700
236,176,159,543024,3187,16289,1323600
237,200,171,542824,3216,16460,1630400
238,175,170,542649,3221,16630,1443100
239,191,146,542458,3266,16776,1376800
240,176,171,542282,3271,16947,1364400
241,177,180,542105,3268,17127,1349600
242,176,189,541929,3255,17316,1424500
243,175,146,541754,3284,17462,1368900
244,191,155,541563,3320,17617,1354500
245,183,171,541380,3332,17788,1348200
246,210,164,541170,3378,17952,1349800
247,200,190,540970,3388,18142,1395100
248,190,148,540780,3430,18290,1427100
249,187,170,540593,3447,18460,1352900
250,204,159,540389,3492,18619,1345900
251,193,185,540196,3500,18804,1432100
252,223,156,539973,3567,18960,1347300
253,196,192,539777,3571,19152,1334100
254,193,180,539584,3584,19332,1345400
255,197,162,539387,3619,19494,1347800
256,174,156,539213,3637,19650,1331800
257,229,192,538984,3674,19842,1351500
258,210,168,538774,3716,20010,1357800
259,194,186,538580,3724,20196,1342400
260,215,173,538365,3766,20369,1353600
261,207,188,538158,3785,20557,1347400
262,213,177,537945,3821,20734,1362700
263,204,190,537741,3835,20924,1358600
264,201,176,537540,3860,21100,1344500
265,219,222,537321,3857,21322,1343200
266,220,177,537101,3900,21499,1339100
267,207,186,536894,3921,21685,1341900
268,193,205,536701,3909,21890,1467300
269,218,160,536483,3967,22050,1608600
270,233,190,536250,4010,22240,1347000
271,220,193,536030,4037,22433,1343700
272,250,191,535780,4096,22624,1357300
273,238,209,535542,4125,22833,1342400
274,254,210,535288,4169,23043,1366900
275,227,209,535061,4187,23252,1345600
276,222,197,534839,4212,23449,1360100
277,246,204,534593,4254,23653,1359000
278,248,211,534345,4291,23864,1351900
279,216,236,534129,4271,24100,1688400
280,239,211,533890,4299,24311,1409200
281,217,213,533673,4303,24524,1371400
282,230,225,533443,4308,24749,1391400
283,226,221,533217,4313,24970,1355400
284,239,207,532978,4345,25177,1373200
285,210,224,532768,4331,25401,1356900
286,210,229,532558,4312,25630,1386000
287,203,224,532355,4291,25854,1358800
288,230,216,532125,4305,26070,1373100
289,229,219,531896,4315,26289,1390300
290,261,227,531635,4349,26516,1517400
291,252,208,531383,4393,26724,1385300
292,274,223,531109,4444,26947,1391200
293,247,216,530862,4475,27163,1383300
294,253,225,530609,4503,27388,1376800
295,230,212,530379,4521,27600,1374200
296,265,228,530114,4558,27828,1368700
297,244,236,529870,4566,28064,1378200
298,259,213,529611,4612,28277,1359600
299,259,227,529352,4644,28504,1371800
300,235,249,529117,4630,28753,1380700
301,256,229,528861,4657,28982,1373100
302,224,239,528637,4642,29221,1374200
303,247,246,528390,4643,29467,1368100
304,240,236,528150,4647,29703,1374700
305,262,229,527888,4680,29932,1376600
306,244,230,527644,4694,30162,1375900
307,267,258,527377,4703,30420,1365600
308,252,220,527125,4735,30640,1370400
309,278,241,526847,4772,30881,1373100
310,249,249,526598,4772,31130,1368200
311,254,218,526344,4808,31348,1374700
312,232,250,526112,4790,31598,1436600
313,251,258,525861,4783,31856,1376900
314,252,238,525609,4797,32094,1379300
315,256,233,525353,4820,32327,1366000
316,250,240,525103,4830,32567,1374300
317,255,234,524848,4851,32801,1373400
318,261,224,524587,4888,33025,1376700
319,243,230,524344,4901,33255,1367400
320,247,272,524097,4876,33527,1411700
321,249,232,523848,4893,33759,1376200
322,264,258,523584,4899,34017,1383500
323,247,254,523337,4892,34271,1755700
324,254,245,523083,4901,34516,1749200
325,248,240,522835,4909,34756,1391700
326,274,258,522561,4925,35014,1381600
327,251,252,522310,4924,35266,1393100
328,273,237,522037,4960,35503,1377000
329,299,267,521738,4992,35770,1381800
330,275,235,521463,5032,36005,1377200
331,297,236,521166,5093,36241,1376300
332,279,278,520887,5094,36519,1398600
333,267,277,520620,5084,36796,1453800
334,277,261,520343,5100,37057,1428500
335,284,272,520059,5112,37329,1417400
336,276,247,519783,5141,37576,1402400
337,291,267,519492,5165,37843,1394600
338,297,262,519195,5200,38105,1390000
339,281,267,518914,5214,38372,1411700
340,291,265,518623,5240,38637,1388100
341,279,286,518344,5233,38923,1384100
342,275,275,518069,5233,39198,1382100
343,268,224,517801,5277,39422,1386400
344,290,279,517511,5288,39701,1448600
345,245,250,517266,5283,39951,1394900
346,250,281,517016,5252,40232,1387100
347,277,243,516739,5286,40475,1386600
348,268,270,516471,5284,40745,1381500
349,274,261,516197,5297,41006,1399500
350,281,259,515916,5319,41265,1384600
351,290,279,515626,5330,41544,1387000
352,281,275,515345,5336,41819,1410800
353,276,265,515069,5347,42084,1399900
354,307,286,514762,5368,42370,1389800
355,283,270,514479,5381,42640,1456100
356,308,275,514171,5414,42915,1400000
357,258,252,513913,5420,43167,1392000
358,281,265,513632,5436,43432,1406100
359,321,293,513311,5464,43725,1392100
360,302,257,513009,5509,43982,1393000
361,294,298,512715,5505,44280,1407600
362,284,279,512431,5510,44559,1399300
363,304,275,512127,5539,44834,1392600
364,270,289,511857,5520,45123,1390300
365,305,278,511552,5547,45401,1426700
366,275,276,511277,5546,45677,1411900
367,280,265,510997,5561,45942,1399300
368,327,259,510670,5629,46201,1398900
369,292,270,510378,5651,46471,1394200
370,286,260,510092,5677,46731,1405400
371,294,271,509798,5700,47002,1418600
372,322,303,509476,5719,47305,1404100
373,281,271,509195,5729,47576,1402200
374,299,268,508896,5760,47844,1397500
375,311,305,508585,5766,48149,1397200
376,310,276,508275,5800,48425,1407000
377,308,313,507967,5795,48738,1406900
378,335,274,507632,5856,49012,1420100
379,317,302,507315,5871,49314,1418400
380,291,251,507024,5911,49565,1410800
381,305,290,506719,5926,49855,1428700
382,308,310,506411,5924,50165,1427700
383,313,293,506098,5944,50458,1425100
384,307,282,505791,5969,50740,1407600
385,304,277,505487,5996,51017,1426800
386,323,290,505164,6029,51307,1428800
387,327,292,504837,6064,51599,1973500
388,316,325,504521,6055,51924,1551500
389,304,318,504217,6041,52242,1627300
390,332,302,503885,6071,52544,1473000
391,343,295,503542,6119,52839,1440000
392,318,316,503224,6121,53155,1424200
393,336,303,502888,6154,53458,1435900
394,350,314,502538,6190,53772,1442700
395,335,320,502203,6205,54092,1424300
396,337,303,501866,6239,54395,1440400
397,330,310,501536,6259,54705,1447400
398,320,350,501216,6229,55055,1429400
399,306,323,500910,6212,55378,1417700
400,372,334,500538,6250,55712,1438000
401,331,330,500207,6251,56042,1421000
402,332,329,499875,6254,56371,1427800
403,352,305,499523,6301,56676,1420500
404,357,299,499166,6359,56975,1414900
405,353,329,498813,6383,57304,1427300
406,342,342,498471,6383,57646,1421900
407,327,349,498144,6361,57995,1434000
408,326,321,497818,6366,58316,1837900
409,346,311,497472,6401,58627,1456500
410,336,315,497136,6422,58942,1444600
411,336,258,496800,6500,59200,1433800
412,351,346,496449,6505,59546,1455500
413,340,314,496109,6531,59860,1438200
414,341,307,495768,6565,60167,1430400
415,373,298,495395,6640,60465,1432200
416,382,314,495013,6708,60779,1452400
417,357,342,494656,6723,61121,1445500
418,362,311,494294,6774,61432,1627500
419,324,357,493970,6741,61789,1625500
420,346,324,493624,6763,62113,1442100
421,328,343,493296,6748,62456,1432600
422,346,342,492950,6752,62798,1434000
423,351,313,492599,6790,63111,1463000
424,371,293,492228,6868,63404,1446300
425,346,349,491882,6865,63753,1467100
426,379,371,491503,6873,64124,1454700
427,371,351,491132,6893,64475,1441200
428,370,341,490762,6922,64816,1465600
429,380,343,490382,6959,65159,1465600
430,355,356,490027,6958,65515,1451200
431,373,324,489654,7007,65839,1444800
432,367,317,489287,7057,66156,1732100
433,402,323,488885,7136,66479,1587800
434,372,384,488513,7124,66863,1449800
435,364,390,488149,7098,67253,1451300
436,389,352,487760,7135,67605,1440700
437,382,338,487378,7179,67943,1462900
438,412,391,486966,7200,68334,1452800
439,370,386,486596,7184,68720,1775900
440,425,359,486171,7250,69079,1636100
441,368,357,485803,7261,69436,1465900
442,393,384,485410,7270,69820,1462700
443,374,382,485036,7262,70202,1460300
444,400,367,484636,7295,70569,1471100
445,365,352,484271,7308,70921,1475700
446,392,377,483879,7323,71298,1467100
447,386,395,483493,7314,71693,1461100
448,408,356,483085,7366,72049,1456100
449,384,334,482701,7416,72383,1486400
450,382,385,482319,7413,72768,1474900
451,427,386,481892,7454,73154,1462600
452,391,385,481501,7460,73539,1462700
453,399,338,481102,7521,73877,1479900
454,444,350,480658,7615,74227,1461700
455,397,364,480261,7648,74591,1480300
456,385,380,479876,7653,74971,1467600
457,411,371,479465,7693,75342,1465900
458,385,381,479080,7697,75723,1473600
459,401,392,478679,7706,76115,1645400
460,407,384,478272,7729,76499,1558200
461,416,372,477856,7773,76871,1467400
462,427,363,477429,7837,77234,1461400
463,425,396,477004,7866,77630,1480500
464,414,384,476590,7896,78014,1470500
465,453,386,476137,7963,78400,1485900
466,435,417,475702,7981,78817,1471500
467,412,391,475290,8002,79208,1489200
468,443,397,474847,8048,79605,1483200
469,411,403,474436,8056,80008,1505600
470,404,393,474032,8067,80401,1529200
471,408,416,473624,8059,80817,1502400
472,422,398,473202,8083,81215,1499700
473,458,417,472744,8124,81632,1485100
474,408,388,472336,8144,82020,1479200
475,418,385,471918,8177,82405,1490300
476,434,379,471484,8232,82784,1481100
477,434,408,471050,8258,83192,1488800
478,386,409,470664,8235,83601,1484000
479,433,404,470231,8264,84005,1481600
480,404,395,469827,8273,84400,1695400
481,437,420,469390,8290,84820,1512700
482,413,423,468977,8280,85243,1486700
483,412,399,468565,8293,85642,1506200
484,410,421,468155,8282,86063,1489200
485,410,390,467745,8302,86453,1491000
486,418,420,467327,8300,86873,1518300
487,439,432,466888,8307,87305,1485700
488,449,411,466439,8345,87716,1483500
489,397,421,466042,8321,88137,1483100
490,456,424,465586,8353,88561,1534200
491,458,425,465128,8386,88986,1506200
492,478,426,464650,8438,89412,1503400
493,432,428,464218,8442,89840,1491100
494,434,411,463784,8465,90251,1495200
495,453,419,463331,8499,90670,1842000
496,458,424,462873,8533,91094,1529500
497,467,449,462406,8551,91543,1496800
498,417,444,461989,8524,91987,1499200
499,460,458,461529,8526,92445,1494000
500,433,413,461096,8546,92858,1768000
501,422,435,460674,8533,93293,1554800
502,414,427,460260,8520,93720,1518600
503,469,430,459791,8559,94150,1524400
504,474,412,459317,8621,94562,1499600
505,456,405,458861,8672,94967,1494700
506,421,426,458440,8667,95393,1489200
507,428,413,458012,8682,95806,1494800
508,482,457,457530,8707,96263,1510900
509,438,435,457092,8710,96698,1549500
510,461,462,456631,8709,97160,1570600
511,446,432,456185,8723,97592,1591700
512,489,424,455696,8788,98016,1599000
513,441,424,455255,8805,98440,1598200
514,446,415,454809,8836,98855,1578100
515,436,433,454373,8839,99288,1557600
516,468,471,453905,8836,99759,1537300
517,428,445,453477,8819,100204,1562100
518,424,463,453053,8780,100667,1546300
519,436,451,452617,8765,101118,1537500
520,453,473,452164,8745,101591,1614100
521,394,432,451770,8707,102023,1971200
522,439,466,451331,8680,102489,1853500
523,468,452,450863,8696,102941,1698900
524,426,430,450437,8692,103371,1624400
525,444,402,449993,8734,103773,1594700
526,452,446,449541,8740,104219,1637700
527,457,448,449084,8749,104667,1589200
528,418,413,448666,8754,105080,1562700
529,436,420,448230,8770,105500,1592000
530,428,439,447802,8759,105939,1868600
531,466,451,447336,8774,106390,1550700
532,417,420,446919,8771,106810,1522500
533,482,431,446437,8822,107241,1534200
534,469,427,445968,8864,107668,1645000
535,459,453,445509,8870,108121,1898500
536,501,432,445008,8939,108553,1593400
537,421,446,444587,8914,108999,1573900
538,456,469,444131,8901,109468,1554900
539,452,439,443679,8914,109907,1588100
540,466,483,443213,8897,110390,1563500
541,517,479,442696,8935,110869,1530000
542,508,451,442188,8992,111320,1521500
543,448,455,441740,8985,111775,1527900
544,473,415,441267,9043,112190,1520900
545,500,442,440767,9101,112632,1521000
546,471,464,440296,9108,113096,1532900
547,489,428,439807,9169,113524,1528000
548,467,468,439340,9168,113992,1528900
549,458,463,438882,9163,114455,1618700
550,475,465,438407,9173,114920,1583300
551,460,446,437947,9187,115366,1540200
552,478,511,437469,9154,115877,1550900
553,487,509,436982,9132,116386,1564200
554,487,418,436495,9201,116804,1549400
555,473,459,436022,9215,117263,1536200
556,467,466,435555,9216,117729,1530200
557,483,508,435072,9191,118237,1528000
558,461,431,434611,9221,118668,1523300
559,531,455,434080,9297,119123,1619300
560,469,491,433611,9275,119614,1873000
561,485,452,433126,9308,120066,1526100
562,476,431,432650,9353,120497,1515500
563,450,461,432200,9342,120958,1520700
564,450,492,431750,9300,121450,1541200
565,457,483,431293,9274,121933,1539900
566,504,441,430789,9337,122374,1524300
567,479,435,430310,9381,122809,1527600
568,492,439,429818,9434,123248,1514500
569,468,487,429350,9415,123735,1797600
570,501,495,428849,9421,124230,1667500
571,484,466,428365,9439,124696,1550000
572,494,475,427871,9458,125171,1528000
573,523,493,427348,9488,125664,1627600
574,486,481,426862,9493,126145,1520000
575,497,458,426365,9532,126603,2160100
576,457,491,425908,9498,127094,1639200
577,481,497,425427,9482,127591,1593400
578,494,469,424933,9507,128060,1543700
579,484,483,424449,9508,128543,2147000
580,435,474,424014,9469,129017,1648300
581,499,461,423515,9507,129478,1550200
582,495,471,423020,9531,129949,1527500
583,479,465,422541,9545,130414,1538400
584,450,450,422091,9545,130864,1528600
585,445,493,421646,9497,131357,1539500
586,485,465,421161,9517,131822,1523800
587,475,491,420686,9501,132313,1548800
588,494,507,420192,9488,132820,1529400
589,505,441,419687,9552,133261,1569100
590,490,469,419197,9573,133730,1563800
591,512,464,418685,9621,134194,1571200
592,463,521,418222,9563,134715,1551000
593,504,493,417718,9574,135208,1568900
594,509,472,417209,9611,135680,1563500
595,509,463,416700,9657,136143,1557300
596,521,466,416179,9712,136609,1572400
597,487,479,415692,9720,137088,1558400
598,508,471,415184,9757,137559,1538800
599,528,486,414656,9799,138045,1606900
600,504,495,414152,9808,138540,1543500
601,512,472,413640,9848,139012,1545000
602,524,474,413116,9898,139486,1551100
603,511,520,412605,9889,140006,1546100
604,491,494,412114,9886,140500,1554600
605,513,510,411601,9889,141010,1544100
606,459,457,411142,9891,141467,1531800
607,494,470,410648,9915,141937,1532500
608,469,483,410179,9901,142420,1542100
609,501,502,409678,9900,142922,1589800
610,542,481,409136,9961,143403,1555400
611,513,508,408623,9966,143911,1543400
612,465,489,408158,9942,144400,1562000
613,537,483,407621,9996,144883,1552000
614,487,539,407134,9944,145422,1563100
615,481,485,406653,9940,145907,1564000
616,474,517,406179,9897,146424,1547500
617,503,502,405676,9898,146926,1561200
618,521,485,405155,9934,147411,1538800
619,499,477,404656,9956,147888,1898400
620,543,506,404113,9993,148394,1573500
621,493,500,403620,9986,148894,1561400
622,522,509,403098,9999,149403,1556100
623,473,494,402625,9978,149897,1538700
624,492,479,402133,9991,150376,1532200
625,495,469,401638,10017,150845,1543500
626,495,472,401143,10040,151317,1533800
627,491,469,400652,10062,151786,1550800
628,512,487,400140,10087,152273,1564000
629,504,516,399636,10075,152789,1591900
630,506,554,399130,10027,153343,1567200
631,482,504,398648,10005,153847,1601800
632,475,488,398173,9992,154335,1571200
633,501,497,397672,9996,154832,1541300
634,500,512,397172,9984,155344,1546600
635,501,513,396671,9972,155857,1596500
636,490,512,396181,9950,156369,1561800
637,488,492,395693,9946,156861,1565700
638,474,486,395219,9934,157347,1573100
639,483,480,394736,9937,157827,1553000
640,510,527,394226,9920,158354,1545400
641,473,516,393753,9877,158870,1550100
642,468,470,393285,9875,159340,1557100
643,487,492,392798,9870,159832,1563100
644,469,509,392329,9830,160341,1565600
645,496,485,391833,9841,160826,1554100
646,499,504,391334,9836,161330,1551900
647,464,512,390870,9788,161842,1542500
648,487,440,390383,9835,162282,1678900
649,523,521,389860,9837,162803,1811600
650,523,467,389337,9893,163270,1573000
651,467,497,388870,9863,163767,1568900
652,487,466,388383,9884,164233,1570400
653,472,511,387911,9845,164744,1583700
654,514,461,387397,9898,165205,1577200
655,521,548,386876,9871,165753,1562100
656,517,492,386359,9896,166245,1553100
657,513,505,385846,9904,166750,1549200
658,524,481,385322,9947,167231,1602100
659,480,510,384842,9917,167741,1564500
660,471,498,384371,9890,168239,1557600
661,506,507,383865,9889,168746,1555000
662,491,493,383374,9887,169239,1546500
663,497,521,382877,9863,169760,1553300
664,490,521,382387,9832,170281,1558400
665,529,471,381858,9890,170752,1560800
666,517,504,381341,9903,171256,1551000
667,498,504,380843,9897,171760,1558200
668,492,503,380351,9886,172263,1930800
669,457,457,379894,9886,172720,1914300
670,529,501,379365,9914,173221,1869200
671,482,481,378883,9915,173702,1864200
672,463,498,378420,9880,174200,1872200
673,484,476,377936,9888,174676,1846700
674,497,455,377439,9930,175131,1805200
675,523,506,376916,9947,175637,1570200
676,491,462,376425,9976,176099,1601300
677,475,457,375950,9994,176556,1577700
678,500,530,375450,9964,177086,1551000
679,495,463,374955,9996,177549,1548000
680,480,506,374475,9970,178055,1539500
681,452,511,374023,9911,178566,1552300
682,482,482,373541,9911,179048,1544000
683,480,467,373061,9924,179515,1555300
684,464,457,372597,9931,179972,1534700
685,451,524,372146,9858,180496,1543200
686,448,508,371698,9798,181004,1546800
687,477,541,371221,9734,181545,1555000
688,468,509,370753,9693,182054,1549000
689,455,471,370298,9677,182525,1545800
690,459,520,369839,9616,183045,1535800
691,448,465,369391,9599,183510,1541000
692,445,455,368946,9589,183965,1520300
693,467,483,368479,9573,184448,1519800
694,442,521,368037,9494,184969,1516000
695,455,458,367582,9491,185427,1523000
696,450,464,367132,9477,185891,1552800
697,421,462,366711,9436,186353,1535200
698,423,444,366288,9415,186797,1519400
699,452,461,365836,9406,187258,1519000
700,446,506,365390,9346,187764,1527400
701,461,495,364929,9312,188259,1514700
702,449,492,364480,9269,188751,1533600
703,454,462,364026,9261,189213,1514100
704,437,467,363589,9231,189680,1510800
705,460,469,363129,9222,190149,1511000
706,427,443,362702,9206,190592,1524000
707,435,469,362267,9172,191061,1523900
708,435,450,361832,9157,191511,1524000
709,466,452,361366,9171,191963,1522900
710,428,464,360938,9135,192427,1535700
711,445,435,360493,9145,192862,1509300
712,465,470,360028,9140,193332,1513700
713,496,460,359532,9176,193792,1501900
714,457,446,359075,9187,194238,1514100
715,436,446,358639,9177,194684,1517400
716,450,500,358189,9127,195184,1540100
717,439,445,357750,9121,195629,1591200
718,448,439,357302,9130,196068,1530600
719,476,462,356826,9144,196530,1555700
720,456,453,356370,9147,196983,1552900
721,474,442,355896,9179,197425,1536200
722,441,482,355455,9138,197907,1530300
723,477,436,354978,9179,198343,1518100
724,431,476,354547,9134,198819,1516000
725,440,469,354107,9105,199288,1535600
726,467,435,353640,9137,199723,1511700
727,442,466,353198,9113,200189,1569200
728,454,427,352744,9140,200616,1512400
729,491,446,352253,9185,201062,1535800
730,482,480,351771,9187,201542,1517600
731,477,462,351294,9202,202004,1520600
732,437,441,350857,9198,202445,1508100
733,463,440,350394,9221,202885,1508100
734,464,458,349930,9227,203343,1507300
735,442,471,349488,9198,203814,1508500
736,472,452,349016,9218,204266,1535500
737,499,467,348517,9250,204733,1532800
738,467,479,348050,9238,205212,1521100
739,453,444,347597,9247,205656,1515100
740,498,510,347099,9235,206166,1521900
741,455,457,346644,9233,206623,1522900
742,478,467,346166,9244,207090,1524000
743,470,454,345696,9260,207544,1521500
744,491,471,345205,9280,208015,1518300
745,419,485,344786,9214,208500,1515400
746,455,453,344331,9216,208953,1513100
747,499,437,343832,9278,209390,1904000
748,462,425,343370,9315,209815,1581500
749,459,461,342911,9313,210276,1532600
750,464,466,342447,9311,210742,1540000
751,414,455,342033,9270,211197,1512200
752,429,494,341604,9205,211691,1513400
753,444,469,341160,9180,212160,1513300
754,465,443,340695,9202,212603,1528500
755,472,439,340223,9235,213042,1512400
756,437,463,339786,9209,213505,1509500
757,440,450,339346,9199,213955,1837800
758,458,424,338888,9233,214379,1564800
759,470,473,338418,9230,214852,1523500
760,438,464,337980,9204,215316,1556100
761,450,470,337530,9184,215786,1537900
762,418,434,337112,9168,216220,1535800
763,437,439,336675,9166,216659,1539700
764,431,461,336244,9136,217120,1539600
765,421,474,335823,9083,217594,1516400
766,438,434,335385,9087,218028,1516000
767,460,472,334925,9075,218500,2200800
768,455,425,334470,9105,218925,2018500
769,396,438,334074,9063,219363,2006900
770,400,462,333674,9001,219825,2149900
771,456,432,333218,9025,220257,1890300
772,446,470,332772,9001,220727,1523100
773,457,455,332315,9003,221182,1507400
774,433,467,331882,8969,221649,1510500
775,416,439,331466,8946,222088,1562200
776,422,438,331044,8930,222526,1748000
777,440,456,330604,8914,222982,1512000
778,423,470,330181,8867,223452,1508600
779,431,454,329750,8844,223906,1504500
780,407,461,329343,8790,224367,1524100
781,405,435,328938,8760,224802,1493300
782,412,429,328526,8743,225231,1502400
783,406,389,328120,8760,225620,1488500
784,422,464,327698,8718,226084,1494000
785,435,435,327263,8718,226519,1495900
786,412,408,326851,8722,226927,1537300
787,412,427,326439,8707,227354,1501800
788,432,446,326007,8693,227800,1492400
789,421,434,325586,8680,228234,1500200
790,395,421,325191,8654,228655,1490500
791,414,422,324777,8646,229077,1505500
792,428,442,324349,8632,229519,1507800
793,451,414,323898,8669,229933,1493800
794,431,461,323467,8639,230394,1503300
795,470,426,322997,8683,230820,1494000
796,471,417,322526,8737,231237,1510300
797,469,456,322057,8750,231693,1512400
798,423,426,321634,8747,232119,1495200
799,400,447,321234,8700,232566,1496200
800,462,420,320772,8742,232986,1495000
801,414,449,320358,8707,233435,1512400
802,458,439,319900,8726,233874,1532400
803,449,438,319451,8737,234312,1513100
804,413,401,319038,8749,234713,1528500
805,432,475,318606,8706,235188,1549000
806,420,467,318186,8659,235655,1522800
807,421,445,317765,8635,236100,1582000
808,426,387,317339,8674,236487,1519000
809,416,425,316923,8665,236912,1502300
810,430,428,316493,8667,237340,1507700
811,447,431,316046,8683,237771,1501700
812,410,405,315636,8688,238176,1496600
813,427,438,315209,8677,238614,1501800
814,437,408,314772,8706,239022,1502900
815,392,428,314380,8670,239450,1497300
816,438,471,313942,8637,239921,1514100
817,436,442,313506,8631,240363,1823200
818,439,415,313067,8655,240778,1699800
819,418,426,312649,8647,241204,1501500
820,426,435,312223,8638,241639,1515200
821,448,454,311775,8632,242093,1879900
822,432,473,311343,8591,242566,1566200
823,469,462,310874,8598,243028,1497600
824,457,451,310417,8604,243479,1491400
825,421,442,309996,8583,243921,1500800
826,428,427,309568,8584,244348,1504400
827,405,392,309163,8597,244740,1757800
828,428,408,308735,8617,245148,1510300
829,445,446,308290,8616,245594,1507900
830,448,430,307842,8634,246024,1501000
831,416,422,307426,8628,246446,1498500
832,465,450,306961,8643,246896,1515200
833,396,439,306565,8600,247335,1501300
834,452,407,306113,8645,247742,1490500
835,457,425,305656,8677,248167,1502800
836,415,430,305241,8662,248597,1491600
837,411,384,304830,8689,248981,1513900
838,429,408,304401,8710,249389,1511300
839,479,431,303922,8758,249820,1498300
840,455,447,303467,8766,250267,1502800
841,481,436,302986,8811,250703,1494700
842,434,450,302552,8795,251153,1494500
843,427,451,302125,8771,251604,1498900
844,451,444,301674,8778,252048,1499400
845,444,411,301230,8811,252459,1524800
846,442,444,300788,8809,252903,1515700
847,452,479,300336,8782,253382,1575400
848,444,463,299892,8763,253845,1592400
849,418,429,299474,8752,254274,1542500
850,462,417,299012,8797,254691,1538700
851,449,436,298563,8810,255127,1530400
852,414,424,298149,8800,255551,1514500
853,454,418,297695,8836,255969,1512700
854,437,434,297258,8839,256403,1520000
855,416,445,296842,8810,256848,1528200
856,458,431,296384,8837,257279,1505300
857,450,438,295934,8849,257717,1546100
858,441,437,295493,8853,258154,1554900
859,405,449,295088,8809,258603,1553900
860,448,446,294640,8811,259049,1537800
861,433,418,294207,8826,259467,1542600
862,426,462,293781,8790,259929,1512800
863,479,506,293302,8763,260435,1531600
864,434,422,292868,8775,260857,1550600
865,473,436,292395,8812,261293,1550200
866,412,415,291983,8809,261708,1540100
867,460,443,291523,8826,262151,1626200
868,417,464,291106,8779,262615,1713300
869,444,455,290662,8768,263070,1528000
870,417,483,290245,8702,263553,1572600
871,437,427,289808,8712,263980,1531200
872,411,432,289397,8691,264412,1531800
873,482,429,288915,8744,264841,1519500
874,442,434,288473,8752,265275,1526100
875,442,470,288031,8724,265745,1519600
876,426,441,287605,8709,266186,1512500
877,442,444,287163,8707,266630,1550900
878,458,454,286705,8711,267084,1537600
879,419,430,286286,8700,267514,1522300
880,428,424,285858,8704,267938,1512300
881,409,459,285449,8654,268397,1511200
882,422,445,285027,8631,268842,1527500
883,468,425,284559,8674,269267,1530000
884,457,478,284102,8653,269745,1522000
885,420,420,283682,8653,270165,1523000
886,441,416,283241,8678,270581,1506900
887,443,433,282798,8688,271014,1590600
888,456,440,282342,8704,271454,1705800
889,458,431,281884,8731,271885,1701000
890,475,424,281409,8782,272309,1704100
891,433,462,280976,8753,272771,1727700
892,439,433,280537,8759,273204,1711300
893,437,403,280100,8793,273607,1711500
894,472,441,279628,8824,274048,1704200
895,451,423,279177,8852,274471,1853300
896,460,471,278717,8841,274942,1732700
897,441,417,278276,8865,275359,1549800
898,482,431,277794,8916,275790,1536800
899,430,424,277364,8922,276214,1544800
900,463,448,276901,8937,276662,1533600
901,463,439,276438,8961,277101,1529900
902,462,440,275976,8983,277541,1542300
903,444,446,275532,8981,277987,1520900
904,445,460,275087,8966,278447,1535700
905,470,463,274617,8973,278910,1549300
906,450,486,274167,8937,279396,1611300
907,478,485,273689,8930,279881,1541700
908,474,429,273215,8975,280310,1541700
909,440,419,272775,8996,280729,1535200
910,440,431,272335,9005,281160,1534000
911,451,494,271884,8962,281654,1540700
912,449,453,271435,8958,282107,1520700
913,454,447,270981,8965,282554,1517900
914,456,476,270525,8945,283030,1522200
915,434,449,270091,8930,283479,1514400
916,479,467,269612,8942,283946,1713200
917,438,457,269174,8923,284403,1532400
918,470,448,268704,8945,284851,1539200
919,468,439,268236,8974,285290,1541100
920,464,443,267772,8995,285733,1529500
921,450,454,267322,8991,286187,1538800
922,425,457,266897,8959,286644,1534500
923,425,450,266472,8934,287094,1532700
924,435,425,266037,8944,287519,1530300
925,425,447,265612,8922,287966,1522800
926,443,443,265169,8922,288409,2102700
927,437,426,264732,8933,288835,1661000
928,459,419,264273,8973,289254,1522500
929,420,443,263853,8950,289697,1511300
930,406,429,263447,8927,290126,1537400
931,450,459,262997,8918,290585,1586600
932,468,456,262529,8930,291041,1534000
933,411,452,262118,8889,291493,1553500
934,467,437,261651,8919,291930,1530200
935,461,438,261190,8942,292368,1562100
936,437,444,260753,8935,292812,1527500
937,474,478,260279,8931,293290,1527600
938,492,431,259787,8992,293721,1528900
939,459,460,259328,8991,294181,1524300
940,447,480,258881,8958,294661,1525900
941,461,445,258420,8974,295106,1516800
942,427,434,257993,8967,295540,1517900
943,453,443,257540,8977,295983,1506700
944,435,427,257105,8985,296410,1514200
945,470,429,256635,9026,296839,2027100
946,460,440,256175,9046,297279,1841400
947,448,463,255727,9031,297742,1736700
948,456,426,255271,9061,298168,1727900
949,432,471,254839,9022,298639,1734900
950,503,483,254336,9042,299122,1826700
951,449,448,253887,9043,299570,1712600
952,475,474,253412,9044,300044,1706300
953,475,450,252937,9069,300494,1719400
954,452,428,252485,9093,300922,1853400
955,420,440,252065,9073,301362,1821200
956,428,478,251637,9023,301840,1527700
957,456,421,251181,9058,302261,1521100
958,448,460,250733,9046,302721,1534500
959,420,462,250313,9004,303183,1521800
960,468,447,249845,9025,303630,1523000
961,443,439,249402,9029,304069,1564700
962,449,412,248953,9066,304481,1512900
963,401,443,248552,9024,304924,1506000
964,439,434,248113,9029,305358,1585900
965,465,413,247648,9081,305771,1773700
966,417,434,247231,9064,306205,1521800
967,484,451,246747,9097,306656,1527800
968,468,445,246279,9120,307101,1551300
969,507,491,245772,9136,307592,1512800
970,447,489,245325,9094,308081,1515200
971,482,427,244843,9149,308508,1517700
972,472,466,244371,9155,308974,1541800
973,420,476,243951,9099,309450,1534500
974,422,465,243529,9056,309915,1689700
975,480,427,243049,9109,310342,1879700
976,458,441,242591,9126,310783,1553700
977,462,434,242129,9154,311217,1592700
978,446,479,241683,9121,311696,1521500
979,402,466,241281,9057,312162,1574300
980,444,451,240837,9050,312613,1511600
981,441,421,240396,9070,313034,1561200
982,439,476,239957,9033,313510,1518600
983,439,450,239518,9022,313960,1514100
984,441,419,239077,9044,314379,1541600
985,422,493,238655,8973,314872,1796700
986,425,442,238230,8956,315314,1537700
987,424,450,237806,8930,315764,1536300
988,472,448,237334,8954,316212,1540800
989,401,434,236933,8921,316646,1535800
990,433,460,236500,8894,317106,1522800
991,435,434,236065,8895,317540,1529900
992,441,448,235624,8888,317988,1528100
993,459,422,235165,8925,318410,1622600
994,474,463,234691,8936,318873,1855000
995,428,400,234263,8964,319273,1552100
996,476,475,233787,8965,319748,1570900
997,437,449,233350,8953,320197,1563100
998,442,444,232908,8951,320641,1541300
999,416,453,232492,8914,321094,1538400
1000,459,478,232033,8895,321572,1532300
1001,410,460,231623,8845,322032,1528300
1002,453,423,231170,8875,322455,1519100
1003,450,436,230720,8889,322891,1513400
1004,429,452,230291,8866,323343,1935300
1005,454,421,229837,8899,323764,1530400
1006,490,454,229347,8935,324218,1517300
1007,452,434,228895,8953,324652,1512000
1008,429,453,228466,8929,325105,1514900
1009,439,464,228027,8904,325569,1509200
1010,440,454,227587,8890,326023,1503700
1011,460,471,227127,8879,326494,1515800
1012,435,456,226692,8858,326950,1503700
1013,413,443,226279,8828,327393,1536300
1014,446,430,225833,8844,327823,1568000
1015,443,456,225390,8831,328279,1539200
1016,426,438,224964,8819,328717,1528500
1017,483,444,224481,8858,329161,1550500
1018,476,467,224005,8867,329628,1532100
1019,449,430,223556,8886,330058,1523400
1020,428,457,223128,8857,330515,1523700
1021,464,450,222664,8871,330965,1517700
1022,417,448,222247,8840,331413,1513700
1023,451,426,221796,8865,331839,1517300
1024,444,455,221352,8854,332294,1761600
1025,435,431,220917,8858,332725,1543500
1026,439,420,220478,8877,333145,1519500
1027,466,464,220012,8879,333609,1540200
1028,411,470,219601,8820,334079,1517600
1029,438,453,219163,8805,334532,1545300
1030,418,412,218745,8811,334944,1545400
1031,435,476,218310,8770,335420,1533400
1032,430,440,217880,8760,335860,1519600
1033,433,416,217447,8777,336276,1550300
1034,416,459,217031,8734,336735,1557000
1035,416,442,216615,8708,337177,1533000
1036,436,467,216179,8677,337644,1511500
1037,424,408,215755,8693,338052,1515400
1038,440,409,215315,8724,338461,1502600
1039,434,410,214881,8748,338871,1518700
1040,435,420,214446,8763,339291,1523300
1041,485,448,213961,8800,339739,1524100
1042,429,471,213532,8758,340210,1525400
1043,437,455,213095,8740,340665,1513800
1044,444,413,212651,8771,341078,1933600
1045,434,474,212217,8731,341552,1532100
1046,448,437,211769,8742,341989,1520000
1047,446,448,211323,8740,342437,1510600
1048,414,416,210909,8738,342853,1521900
1049,460,409,210449,8789,343262,1509300
1050,423,443,210026,8769,343705,1510900
1051,452,404,209574,8817,344109,1509400
1052,444,441,209130,8820,344550,1512400
1053,469,407,208661,8882,344957,1505200
1054,420,437,208241,8865,345394,1786200
1055,441,443,207800,8863,345837,1661000
1056,430,412,207370,8881,346249,1548700
1057,478,436,206892,8923,346685,1537700
1058,423,424,206469,8922,347109,1516600
1059,433,418,206036,8937,347527,1539200
1060,454,466,205582,8925,347993,1550700
1061,443,454,205139,8914,348447,1534700
1062,468,452,204671,8930,348899,1563700
1063,462,436,204209,8956,349335,1526700
1064,446,422,203763,8980,349757,1918600
1065,486,435,203277,9031,350192,1682400
1066,438,415,202839,9054,350607,1530200
1067,455,437,202384,9072,351044,1522900
1068,459,462,201925,9069,351506,1542800
1069,440,448,201485,9061,351954,1512300
1070,490,441,200995,9110,352395,1508100
1071,502,449,200493,9163,352844,1524500
1072,438,399,200055,9202,353243,1524700
1073,453,466,199602,9189,353709,1697300
1074,487,449,199115,9227,354158,1687600
1075,464,449,198651,9242,354607,1540700
1076,475,447,198176,9270,355054,1530900
1077,463,472,197713,9261,355526,1531900
1078,497,490,197216,9268,356016,1536500
1079,435,432,196781,9271,356448,1525800
1080,503,487,196278,9287,356935,1528500
1081,489,450,195789,9326,357385,1521200
1082,465,449,195324,9342,357834,1535200
1083,450,452,194874,9340,358286,1544800
1084,455,474,194419,9321,358760,1539600
1085,455,507,193964,9269,359267,1540500
1086,461,461,193503,9269,359728,1515300
1087,479,501,193024,9247,360229,1530000
1088,438,485,192586,9200,360714,1527500
1089,460,465,192126,9195,361179,1514500
1090,468,442,191658,9221,361621,1521200
1091,459,448,191199,9232,362069,1524700
1092,462,434,190737,9260,362503,1535100
1093,444,451,190293,9253,362954,1679200
1094,446,493,189847,9206,363447,1668800
1095,434,460,189413,9180,363907,1521000
1096,462,422,188951,9220,364329,1509400
1097,479,441,188472,9258,364770,1517600
1098,438,469,188034,9227,365239,1510800
1099,454,484,187580,9197,365723,1510500
1100,409,471,187171,9135,366194,1545700
1101,473,418,186698,9190,366612,1524800
1102,432,452,186266,9170,367064,1536800
1103,439,435,185827,9174,367499,1576300
1104,462,440,185365,9196,367939,1571500
1105,455,443,184910,9208,368382,1539000
1106,461,464,184449,9205,368846,1533000
1107,455,445,183994,9215,369291,1526200
1108,457,461,183537,9211,369752,1517300
1109,455,436,183082,9230,370188,1519800
1110,451,475,182631,9206,370663,1513000
1111,453,459,182178,9200,371122,1513200
1112,451,412,181727,9239,371534,1538500
1113,434,465,181293,9208,371999,1548800
1114,472,449,180821,9231,372448,1743100
1115,427,444,180394,9214,372892,1526400
1116,476,464,179918,9226,373356,1526400
1117,457,454,179461,9229,373810,1527400
1118,472,454,178989,9247,374264,1530000
1119,453,474,178536,9226,374738,1516300
1120,475,463,178061,9238,375201,1516700
1121,467,477,177594,9228,375678,1529400
1122,453,473,177141,9208,376151,1509300
1123,444,460,176697,9192,376611,1550700
1124,457,423,176240,9226,377034,1829800
1125,437,430,175803,9233,377464,1520100
1126,473,457,175330,9249,377921,1517800
1127,469,469,174861,9249,378390,1513500
1128,437,475,174424,9211,378865,1509300
1129,427,474,173997,9164,379339,1526100
1130,457,453,173540,9168,379792,1516100
1131,452,527,173088,9093,380319,1534300
1132,431,422,172657,9102,380741,1502800
1133,483,472,172174,9113,381213,1531900
1134,457,432,171717,9138,381645,1574200
1135,443,442,171274,9139,382087,1514800
1136,433,433,170841,9139,382520,1520200
1137,430,456,170411,9113,382976,1516200
1138,413,474,169998,9052,383450,1511900
1139,435,447,169563,9040,383897,1505100
1140,425,445,169138,9020,384342,1511100
1141,447,451,168691,9016,384793,1517800
1142,404,454,168287,8966,385247,1504700
1143,403,478,167884,8891,385725,1530700
1144,434,440,167450,8885,386165,1547300
1145,453,465,166997,8873,386630,1523300
1146,433,424,166564,8882,387054,1554700
1147,420,424,166144,8878,387478,1528900
1148,432,422,165712,8888,387900,1528400
1149,450,456,165262,8882,388356,1512300
1150,470,397,164792,8955,388753,1515400
1151,454,435,164338,8974,389188,1547900
1152,439,472,163899,8941,389660,1516300
1153,416,492,163483,8865,390152,1509100
1154,436,449,163047,8852,390601,1552400
1155,460,443,162587,8869,391044,1998900
1156,455,497,162132,8827,391541,1627700
1157,440,466,161692,8801,392007,1543700
1158,454,417,161238,8838,392424,1513300
1159,437,421,160801,8854,392845,1510800
1160,443,499,160358,8798,393344,1520900
1161,422,416,159936,8804,393760,1508900
1162,403,431,159533,8776,394191,1514000
1163,445,417,159088,8804,394608,1506700
1164,454,451,158634,8807,395059,1524300
1165,416,425,158218,8798,395484,1556500
1166,420,459,157798,8759,395943,1526000
1167,439,429,157359,8769,396372,1589000
1168,450,474,156909,8745,396846,1633200
1169,398,428,156511,8715,397274,1602800
1170,451,455,156060,8711,397729,1602800
1171,416,426,155644,8701,398155,1621200
1172,439,420,155205,8720,398575,1626700
1173,442,438,154763,8724,399013,1645100
1174,425,459,154338,8690,399472,1693100
1175,448,439,153890,8699,399911,1634800
1176,433,430,153457,8702,400341,1625500
1177,430,449,153027,8683,400790,1592700
1178,428,417,152599,8694,401207,1574700
1179,415,409,152184,8700,401616,1565100
1180,424,439,151760,8685,402055,1547800
1181,445,426,151315,8704,402481,1533700
1182,416,406,150899,8714,402887,1512100
1183,416,464,150483,8666,403351,1506500
1184,396,464,150087,8598,403815,1587200
1185,410,426,149677,8582,404241,1803600
1186,429,411,149248,8600,404652,1514500
1187,402,446,148846,8556,405098,1525400
1188,393,387,148453,8562,405485,1532400
1189,428,420,148025,8570,405905,1512400
1190,384,427,147641,8527,406332,1503300
1191,454,435,147187,8546,406767,1512800
1192,444,431,146743,8559,407198,1505900
1193,435,421,146308,8573,407619,1503100
1194,415,442,145893,8546,408061,1664700
1195,449,375,145444,8620,408436,1878500
1196,427,456,145017,8591,408892,1526800
1197,398,402,144619,8587,409294,1518900
1198,399,445,144220,8541,409739,1508700
1199,447,395,143773,8593,410134,1502600
1200,400,451,143373,8542,410585,1509200
1201,481,442,142892,8581,411027,1504900
1202,417,400,142475,8598,411427,1511700
1203,398,428,142077,8568,411855,1500000
1204,419,435,141658,8552,412290,1696500
1205,408,397,141250,8563,412687,1871600
1206,406,406,140844,8563,413093,1513500
1207,421,367,140423,8617,413460,1505500
1208,379,446,140044,8550,413906,1515600
1209,402,433,139642,8519,414339,1493600
1210,389,426,139253,8482,414765,1486600
1211,374,426,138879,8430,415191,1483200
1212,429,412,138450,8447,415603,1491700
1213,414,418,138036,8443,416021,1498800
1214,437,390,137599,8490,416411,1509500
1215,394,437,137205,8447,416848,1802200
1216,413,404,136792,8456,417252,1517900
1217,433,407,136359,8482,417659,1502600
1218,423,448,135936,8457,418107,1503900
1219,433,434,135503,8456,418541,1547200
1220,436,389,135067,8503,418930,1502500
1221,409,401,134658,8511,419331,1505100
1222,409,435,134249,8485,419766,1495400
1223,413,431,133836,8467,420197,1495500
1224,425,408,133411,8484,420605,1488300
1225,374,408,133037,8450,421013,1851700
1226,414,441,132623,8423,421454,1589200
1227,411,433,132212,8401,421887,1591500
1228,421,397,131791,8425,422284,1525000
1229,428,412,131363,8441,422696,1565000
1230,459,408,130904,8492,423104,1506700
1231,396,435,130508,8453,423539,1808600
1232,419,415,130089,8457,423954,1523000
1233,440,443,129649,8454,424397,1511200
1234,406,439,129243,8421,424836,1685400
1235,426,395,128817,8452,425231,1801100
1236,417,422,128400,8447,425653,1741200
1237,413,463,127987,8397,426116,1498200
1238,414,393,127573,8418,426509,1493800
1239,422,443,127151,8397,426952,1489500
1240,421,438,126730,8380,427390,1495900
1241,393,393,126337,8380,427783,1491100
1242,408,419,125929,8369,428202,1488400
1243,402,424,125527,8347,428626,1497900
1244,353,418,125174,8282,429044,1510100
1245,349,433,124825,8198,429477,1504500
1246,353,389,124472,8162,429866,1502800
1247,388,404,124084,8146,430270,1480100
1248,391,423,123693,8114,430693,1494700
1249,410,413,123283,8111,431106,1487700
1250,389,391,122894,8109,431497,1474500
1251,398,435,122496,8072,431932,1477400
1252,397,388,122099,8081,432320,1480500
1253,403,418,121696,8066,432738,1473000
1254,361,416,121335,8011,433154,1497700
1255,394,381,120941,8024,433535,1689800
1256,377,394,120564,8007,433929,1554800
1257,396,402,120168,8001,434331,1538900
1258,388,439,119780,7950,434770,1515600
1259,378,390,119402,7938,435160,1507600
1260,356,395,119046,7899,435555,1513800
1261,386,404,118660,7881,435959,1497500
1262,395,420,118265,7856,436379,1494900
1263,382,377,117883,7861,436756,1490200
1264,400,396,117483,7865,437152,1503500
1265,369,407,117114,7827,437559,1580400
1266,371,373,116743,7825,437932,1534800
1267,405,364,116338,7866,438296,1522400
1268,366,431,115972,7801,438727,1510300
1269,373,421,115599,7753,439148,1520300
1270,343,379,115256,7717,439527,1491000
1271,358,414,114898,7661,439941,1495400
1272,372,359,114526,7674,440300,1479400
1273,332,369,114194,7637,440669,1482000
1274,367,413,113827,7591,441082,1474800
1275,306,404,113521,7493,441486,1498400
1276,340,353,113181,7480,441839,1708300
1277,364,389,112817,7455,442228,1655700
1278,366,432,112451,7389,442660,1477800
1279,323,380,112128,7332,443040,1465900
1280,344,369,111784,7307,443409,1470100
1281,334,375,111450,7266,443784,1477500
1282,346,342,111104,7270,444126,1467500
1283,332,375,110772,7227,444501,1459600
1284,334,339,110438,7222,444840,1447700
1285,341,361,110097,7202,445201,1463400
1286,357,325,109740,7234,445526,1471900
1287,345,366,109395,7213,445892,1865300
1288,370,350,109025,7233,446242,1508900
1289,342,388,108683,7187,446630,1467100
1290,361,369,108322,7179,446999,1466100
1291,341,358,107981,7162,447357,1468700
1292,346,348,107635,7160,447705,1454000
1293,319,324,107316,7155,448029,1466200
1294,362,382,106954,7135,448411,1466400
1295,361,341,106593,7155,448752,1471600
1296,354,346,106239,7163,449098,1463200
1297,365,342,105874,7186,449440,1502100
1298,352,377,105522,7161,449817,1507400
1299,302,358,105220,7105,450175,1476500
1300,313,372,104907,7046,450547,1473300
1301,339,356,104568,7029,450903,1459700
1302,362,347,104206,7044,451250,1463400
1303,347,334,103859,7057,451584,1462900
1304,348,347,103511,7058,451931,1462700
1305,361,340,103150,7079,452271,1465600
1306,359,317,102791,7121,452588,1473100
1307,364,390,102427,7095,452978,1469600
1308,331,336,102096,7090,453314,2017800
1309,378,396,101718,7072,453710,1472300
1310,350,361,101368,7061,454071,1450400
1311,342,397,101026,7006,454468,1447300
1312,343,354,100683,6995,454822,1451400
1313,354,349,100329,7000,455171,1447500
1314,355,366,99974,6989,455537,1460700
1315,334,349,99640,6974,455886,1456100
1316,374,359,99266,6989,456245,1461000
1317,351,331,98915,7009,456576,1454100
1318,316,339,98599,6986,456915,1487200
1319,316,359,98283,6943,457274,1689800
1320,347,342,97936,6948,457616,1803800
1321,319,350,97617,6917,457966,1455200
1322,346,354,97271,6909,458320,1447700
1323,311,356,96960,6864,458676,1452200
1324,318,362,96642,6820,459038,1442100
1325,360,322,96282,6858,459360,1453100
1326,319,351,95963,6826,459711,1433000
1327,300,341,95663,6785,460052,1437200
1328,335,341,95328,6779,460393,1461500
1329,336,317,94992,6798,460710,1442500
1330,308,358,94684,6748,461068,1442000
1331,321,322,94363,6747,461390,1441900
1332,299,323,94064,6723,461713,1441200
1333,288,316,93776,6695,462029,1531800
1334,275,328,93501,6642,462357,1431600
1335,265,312,93236,6595,462669,1423100
1336,314,346,92922,6563,463015,1433100
1337,258,325,92664,6496,463340,1427000
1338,279,306,92385,6469,463646,1437000
1339,299,327,92086,6441,463973,1834200
1340,291,357,91795,6375,464330,1450300
1341,285,337,91510,6323,464667,1424100
1342,292,290,91218,6325,464957,1423200
1343,271,315,90947,6281,465272,1415700
1344,269,305,90678,6245,465577,1422600
1345,280,297,90398,6228,465874,1417500
1346,266,326,90132,6168,466200,1433400
1347,275,317,89857,6126,466517,1415400
1348,295,319,89562,6102,466836,1416400
1349,276,318,89286,6060,467154,1475800
1350,298,311,88988,6047,467465,1430500
1351,251,282,88737,6016,467747,1440800
1352,291,316,88446,5991,468063,1436700
1353,298,277,88148,6012,468340,1416300
1354,282,295,87866,5999,468635,1411000
1355,285,278,87581,6006,468913,1413100
1356,247,301,87334,5952,469214,1405100
1357,268,289,87066,5931,469503,1419600
1358,275,304,86791,5902,469807,1413700
1359,253,307,86538,5848,470114,1424400
1360,271,251,86267,5868,470365,1449700
1361,278,297,85989,5849,470662,1426200
1362,284,288,85705,5845,470950,1431500
1363,263,295,85442,5813,471245,1414000
1364,284,291,85158,5806,471536,1437200
1365,279,294,84879,5791,471830,1437100
1366,286,303,84593,5774,472133,1422400
1367,261,296,84332,5739,472429,1427100
1368,264,293,84068,5710,472722,1417000
1369,272,281,83796,5701,473003,1418600
1370,287,281,83509,5707,473284,1480600
1371,283,299,83226,5691,473583,1688600
1372,293,287,82933,5697,473870,1415900
1373,280,285,82653,5692,474155,1409000
1374,273,300,82380,5665,474455,1399200
1375,282,269,82098,5678,474724,1416300
1376,286,308,81812,5656,475032,1396500
1377,256,299,81556,5613,475331,1396900
1378,270,286,81286,5597,475617,1447700
1379,242,284,81044,5555,475901,1388800
1380,282,302,80762,5535,476203,1397400
1381,277,260,80485,5552,476463,1390700
1382,231,280,80254,5503,476743,1476600
1383,283,256,79971,5530,476999,1399500
1384,262,276,79709,5516,477275,1397700
1385,277,271,79432,5522,477546,1393300
1386,246,277,79186,5491,477823,1393800
1387,292,283,78894,5500,478106,1389300
1388,295,277,78599,5518,478383,1400900
1389,259,300,78340,5477,478683,1390300
1390,276,323,78064,5430,479006,1386300
1391,286,264,77778,5452,479270,1388100
1392,251,277,77527,5426,479547,1384900
1393,281,259,77246,5448,479806,1457900
1394,263,254,76983,5457,480060,1400800
1395,274,285,76709,5446,480345,1395500
1396,232,296,76477,5382,480641,1392600
1397,267,285,76210,5364,480926,1392500
1398,241,269,75969,5336,481195,1387800
1399,248,294,75721,5290,481489,1389000
1400,251,273,75470,5268,481762,1384500
1401,246,253,75224,5261,482015,1387500
1402,241,215,74983,5287,482230,1385000
1403,251,242,74732,5296,482472,1388200
1404,273,276,74459,5293,482748,1416000
1405,281,249,74178,5325,482997,1396400
1406,266,274,73912,5317,483271,1387800
1407,283,287,73629,5313,483558,1385700
1408,270,261,73359,5322,483819,1435500
1409,256,258,73103,5320,484077,1416900
1410,277,278,72826,5319,484355,1400900
1411,258,271,72568,5306,484626,1417200
1412,285,276,72283,5315,484902,1406100
1413,295,287,71988,5323,485189,1398200
1414,266,265,71722,5324,485454,1398100
1415,280,245,71442,5359,485699,1671000
1416,279,266,71163,5372,485965,1534800
1417,278,290,70885,5360,486255,1403900
1418,283,279,70602,5364,486534,1388300
1419,253,270,70349,5347,486804,1400400
1420,265,259,70084,5353,487063,1381500
1421,247,282,69837,5318,487345,1380700
1422,274,274,69563,5318,487619,1382100
1423,257,267,69306,5308,487886,1387200
1424,270,268,69036,5310,488154,1384600
1425,245,269,68791,5286,488423,1382100
1426,242,271,68549,5257,488694,1677400
1427,264,243,68285,5278,488937,1873100
1428,258,275,68027,5261,489212,1984200
1429,244,262,67783,5243,489474,2005200
1430,264,245,67519,5262,489719,1749000
1431,238,267,67281,5233,489986,1442700
1432,226,249,67055,5210,490235,1381900
1433,282,260,66773,5232,490495,1387200
1434,260,254,66513,5238,490749,1386400
1435,259,241,66254,5256,490990,1433600
1436,258,291,65996,5223,491281,1383100
1437,263,257,65733,5229,491538,1389600
1438,207,269,65526,5167,491807,1385800
1439,253,241,65273,5179,492048,1377700
1440,235,273,65038,5141,492321,1386100
1441,238,262,64800,5117,492583,1387000
1442,227,234,64573,5110,492817,1381100
1443,227,255,64346,5082,493072,1373500
1444,228,237,64118,5073,493309,1366900
1445,221,263,63897,5031,493572,1373900
1446,239,266,63658,5004,493838,1423100
1447,226,241,63432,4989,494079,1393100
1448,207,245,63225,4951,494324,1378100
1449,228,242,62997,4937,494566,1373800
1450,198,225,62799,4910,494791,1366000
1451,221,255,62578,4876,495046,1378900
1452,214,242,62364,4848,495288,1365200
1453,212,219,62152,4841,495507,1368900
1454,232,259,61920,4814,495766,1391300
1455,227,234,61693,4807,496000,1374400
1456,223,239,61470,4791,496239,1373800
1457,220,234,61250,4777,496473,1395400
1458,209,233,61041,4753,496706,1392000
1459,222,238,60819,4737,496944,1393000
1460,234,258,60585,4713,497202,1385900
1461,197,245,60388,4665,497447,1389700
1462,223,210,60165,4678,497657,1362400
1463,197,246,59968,4629,497903,1371800
1464,207,251,59761,4585,498154,1368200
1465,200,226,59561,4559,498380,1359500
1466,218,205,59343,4572,498585,1374400
1467,212,239,59131,4545,498824,1356000
1468,208,226,58923,4527,499050,1354200
1469,215,243,58708,4499,499293,1432600
1470,214,227,58494,4486,499520,1362900
1471,187,235,58307,4438,499755,1361400
1472,235,213,58072,4460,499968,1370100
1473,211,230,57861,4441,500198,1370500
1474,207,221,57654,4427,500419,1351100
1475,192,225,57462,4394,500644,1356300
1476,193,233,57269,4354,500877,1346600
1477,212,200,57057,4366,501077,1343700
1478,197,230,56860,4333,501307,1358300
1479,210,186,56650,4357,501493,1347100
1480,213,226,56437,4344,501719,1406600
1481,210,200,56227,4354,501919,1623000
1482,216,190,56011,4380,502109,1363800
1483,198,204,55813,4374,502313,1367500
1484,193,207,55620,4360,502520,1365100
1485,202,214,55418,4348,502734,1358800
1486,179,189,55239,4338,502923,1359100
1487,195,199,55044,4334,503122,1347500
1488,223,226,54821,4331,503348,1369200
1489,169,264,54652,4236,503612,1361100
1490,182,224,54470,4194,503836,1348100
1491,209,179,54261,4224,504015,1347600
1492,221,230,54040,4215,504245,1360000
1493,208,198,53832,4225,504443,1359500
1494,201,220,53631,4206,504663,1381900
1495,203,195,53428,4214,504858,1364100
1496,229,201,53199,4242,505059,1354000
1497,202,206,52997,4238,505265,1352300
1498,193,215,52804,4216,505480,1349500
1499,172,206,52632,4182,505686,1355200
1500,203,214,52429,4171,505900,1347800
1501,211,234,52218,4148,506134,1347800
1502,190,203,52028,4135,506337,1348700
1503,168,220,51860,4083,506557,1449900
1504,183,199,51677,4067,506756,1704900
1505,176,209,51501,4034,506965,1359300
1506,195,201,51306,4028,507166,1356100
1507,169,207,51137,3990,507373,1345800
1508,199,190,50938,3999,507563,1339700
1509,217,165,50721,4051,507728,1349900
1510,210,217,50511,4044,507945,1343400
1511,168,212,50343,4000,508157,1344100
1512,184,178,50159,4006,508335,1335200
1513,213,198,49946,4021,508533,1336900
1514,177,188,49769,4010,508721,1342100
1515,193,183,49576,4020,508904,1437900
1516,181,176,49395,4025,509080,1369600
1517,185,205,49210,4005,509285,1367900
1518,209,221,49001,3993,509506,1352300
1519,189,178,48812,4004,509684,1332100
1520,174,196,48638,3982,509880,1336200
1521,189,192,48449,3979,510072,1333600
1522,161,198,48288,3942,510270,1334100
1523,179,202,48109,3919,510472,1337600
1524,181,194,47928,3906,510666,1331200
1525,169,200,47759,3875,510866,1328500
1526,196,174,47563,3897,511040,1701600
1527,179,181,47384,3895,511221,1546300
1528,192,213,47192,3874,511434,1354000
1529,177,177,47015,3874,511611,1345700
1530,161,204,46854,3831,511815,1340300
1531,167,176,46687,3822,511991,1338300
1532,178,201,46509,3799,512192,1337800
1533,177,178,46332,3798,512370,1341000
1534,187,196,46145,3789,512566,1338200
1535,191,180,45954,3800,512746,1347500
1536,203,196,45751,3807,512942,1343600
1537,187,205,45564,3789,513147,1397900
1538,191,208,45373,3772,513355,1352400
1539,187,177,45186,3782,513532,1336400
1540,167,198,45019,3751,513730,1343700
1541,165,170,44854,3746,513900,1345200
1542,177,169,44677,3754,514069,1330400
1543,192,193,44485,3753,514262,1343700
1544,179,198,44306,3734,514460,1351100
1545,175,167,44131,3742,514627,1330600
1546,176,178,43955,3740,514805,1336600
1547,162,209,43793,3693,515014,1338800
1548,192,191,43601,3694,515205,1344400
1549,159,159,43442,3694,515364,1363200
1550,150,193,43292,3651,515557,1340000
1551,173,185,43119,3639,515742,1350600
1552,161,164,42958,3636,515906,1345100
1553,172,165,42786,3643,516071,1334900
1554,180,209,42606,3614,516280,1354600
1555,172,176,42434,3610,516456,1344300
1556,151,190,42283,3571,516646,1336300
1557,165,168,42118,3568,516814,1338700
1558,163,204,41955,3527,517018,1337600
1559,169,177,41786,3519,517195,1411300
1560,186,179,41600,3526,517374,1601700
1561,157,173,41443,3510,517547,1348600
1562,161,187,41282,3484,517734,1333200
1563,154,173,41128,3465,517907,1326200
1564,153,161,40975,3457,518068,1314000
1565,153,158,40822,3452,518226,1318900
1566,165,196,40657,3421,518422,1325900
1567,151,167,40506,3405,518589,1324000
1568,165,165,40341,3405,518754,1316100
1569,157,188,40184,3374,518942,1321700
1570,147,179,40037,3342,519121,1349100
1571,172,159,39865,3355,519280,1326100
1572,152,167,39713,3340,519447,1318600
1573,175,172,39538,3343,519619,1318700
1574,158,181,39380,3320,519800,1317800
1575,172,154,39208,3338,519954,1319500
1576,156,175,39052,3319,520129,1315000
1577,141,157,38911,3303,520286,1305300
1578,150,165,38761,3288,520451,1312000
1579,158,178,38603,3268,520629,1314700
1580,137,168,38466,3237,520797,1306300
1581,167,171,38299,3233,520968,1327200
1582,150,151,38149,3232,521119,1343800
1583,137,171,38012,3198,521290,1443500
1584,141,160,37871,3179,521450,1328900
1585,136,155,37735,3160,521605,1319200
1586,125,154,37610,3131,521759,1310000
1587,131,160,37479,3102,521919,1304600
1588,128,167,37351,3063,522086,1315700
1589,129,154,37222,3038,522240,1312600
1590,133,160,37089,3011,522400,1305500
1591,143,149,36946,3005,522549,1302700
1592,126,154,36820,2977,522703,1300400
1593,145,164,36675,2958,522867,1308700
1594,131,162,36544,2927,523029,1440200
1595,125,169,36419,2883,523198,1608600
1596,137,149,36282,2871,523347,1323500
1597,116,149,36166,2838,523496,1307200
1598,134,150,36032,2822,523646,1306700
1599,140,141,35892,2821,523787,1305700
1600,148,115,35744,2854,523902,1310100
1601,114,135,35630,2833,524037,1326800
1602,138,138,35492,2833,524175,1317600
1603,133,142,35359,2824,524317,1327400
1604,120,139,35239,2805,524456,1351000
1605,137,153,35102,2789,524609,1320800
1606,150,129,34952,2810,524738,1342200
1607,129,141,34823,2798,524879,1323100
1608,131,138,34692,2791,525017,1319700
1609,129,123,34563,2797,525140,1311800
1610,141,137,34422,2801,525277,1311600
1611,127,156,34295,2772,525433,1319500
1612,136,126,34159,2782,525559,1326100
1613,152,137,34007,2797,525696,1308100
1614,125,138,33882,2784,525834,1307900
1615,132,124,33750,2792,525958,1337800
1616,141,131,33609,2802,526089,1301600
1617,153,154,33456,2801,526243,1303400
1618,124,130,33332,2795,526373,1341000
1619,137,146,33195,2786,526519,1305900
1620,131,142,33064,2775,526661,1313600
1621,139,119,32925,2795,526780,1317900
1622,136,139,32789,2792,526919,1316300
1623,136,143,32653,2785,527062,1323800
1624,136,127,32517,2794,527189,1314900
1625,119,151,32398,2762,527340,1312600
1626,121,132,32277,2751,527472,1312500
1627,118,121,32159,2748,527593,1318000
1628,131,133,32028,2746,527726,1308100
1629,120,113,31908,2753,527839,1329100
1630,153,124,31755,2782,527963,1651400
1631,141,127,31614,2796,528090,1374800
1632,134,149,31480,2781,528239,1304300
1633,150,135,31330,2796,528374,1297800
1634,126,141,31204,2781,528515,1306600
1635,126,142,31078,2765,528657,1301500
1636,142,141,30936,2766,528798,1311900
1637,143,140,30793,2769,528938,1296500
1638,128,129,30665,2768,529067,1350400
1639,113,134,30552,2747,529201,1297300
1640,110,132,30442,2725,529333,1295800
1641,129,134,30313,2720,529467,1322400
1642,115,110,30198,2725,529577,1316200
1643,130,125,30068,2730,529702,1307600
1644,122,139,29946,2713,529841,1309700
1645,133,131,29813,2715,529972,1319600
1646,141,149,29672,2707,530121,1304100
1647,126,159,29546,2674,530280,1309100
1648,133,153,29413,2654,530433,1303500
1649,136,137,29277,2653,530570,1309200
1650,129,119,29148,2663,530689,1295700
1651,140,135,29008,2668,530824,1317600
1652,122,145,28886,2645,530969,1313600
1653,121,135,28765,2631,531104,1335400
1654,123,138,28642,2616,531242,1311800
1655,129,122,28513,2623,531364,1317700
1656,146,147,28367,2622,531511,1310900
1657,132,125,28235,2629,531636,1309000
1658,123,140,28112,2612,531776,1315100
1659,136,151,27976,2597,531927,1299000
1660,115,146,27861,2566,532073,1324800
1661,136,135,27725,2567,532208,1319700
1662,110,122,27615,2555,532330,1308100
1663,114,138,27501,2531,532468,1291700
1664,119,120,27382,2530,532588,1304300
1665,133,123,27249,2540,532711,1313100
1666,132,121,27117,2551,532832,1309600
1667,118,112,26999,2557,532944,1306000
1668,125,135,26874,2547,533079,1311700
1669,96,118,26778,2525,533197,1295100
1670,126,127,26652,2524,533324,1307700
1671,120,125,26532,2519,533449,1302200
1672,115,127,26417,2507,533576,1301500
1673,121,133,26296,2495,533709,1306500
1674,111,117,26185,2489,533826,1297100
1675,106,142,26079,2453,533968,1292500
1676,106,112,25973,2447,534080,1290000
1677,104,109,25869,2442,534189,1367400
1678,89,111,25780,2420,534300,1452700
1679,103,129,25677,2394,534429,1441500
1680,94,130,25583,2358,534559,1443100
1681,102,136,25481,2324,534695,1440200
1682,100,90,25381,2334,534785,1441600
1683,119,111,25262,2342,534896,1451700
1684,108,91,25154,2359,534987,1445800
1685,109,106,25045,2362,535093,1440200
1686,101,139,24944,2324,535232,1490600
1687,85,111,24859,2298,535343,1609400
1688,105,130,24754,2273,535473,1633200
1689,109,124,24645,2258,535597,1555000
1690,110,132,24535,2236,535729,1310800
1691,100,120,24435,2216,535849,1305200
1692,125,106,24310,2235,535955,1298300
1693,97,106,24213,2226,536061,1302100
1694,108,113,24105,2221,536174,1289200
1695,103,117,24002,2207,536291,1292900
1696,97,120,23905,2184,536411,1293600
1697,103,102,23802,2185,536513,1290900
1698,100,112,23702,2173,536625,1295200
1699,115,103,23587,2185,536728,1289800
1700,116,117,23471,2184,536845,1322100
1701,91,118,23380,2157,536963,1308400
1702,76,118,23304,2115,537081,1300200
1703,99,114,23205,2100,537195,1303100
1704,104,115,23101,2089,537310,1313900
1705,96,99,23005,2086,537409,1327800
1706,77,112,22928,2051,537521,1297100
1707,91,88,22837,2054,537609,1311500
1708,86,94,22751,2046,537703,1300700
1709,93,83,22658,2056,537786,1290300
1710,109,100,22549,2065,537886,1289500
1711,86,96,22463,2055,537982,1283800
1712,92,113,22371,2034,538095,1310600
1713,102,96,22269,2040,538191,1299900
1714,70,95,22199,2015,538286,1307300
1715,74,96,22125,1993,538382,1291300
1716,91,121,22034,1963,538503,1307800
1717,75,92,21959,1946,538595,1285500
1718,88,82,21871,1952,538677,1287800
1719,97,100,21774,1949,538777,1279100
1720,83,98,21691,1934,538875,1282700
1721,87,97,21604,1924,538972,1280700
1722,93,80,21511,1937,539052,1284600
1723,84,87,21427,1934,539139,1298400
1724,72,97,21355,1909,539236,1313100
1725,75,113,21280,1871,539349,1299200
1726,78,107,21202,1842,539456,1284300
1727,82,91,21120,1833,539547,1281600
1728,85,87,21035,1831,539634,1319700
1729,73,82,20962,1822,539716,1273300
1730,91,88,20871,1825,539804,1303500
1731,83,99,20788,1809,539903,1277300
1732,71,86,20717,1794,539989,1271900
1733,74,94,20643,1774,540083,1285900
1734,61,98,20582,1737,540181,1273400
1735,79,90,20503,1726,540271,1272000
1736,86,82,20417,1730,540353,1328400
1737,74,104,20343,1700,540457,1424300
1738,90,90,20253,1700,540547,1299500
1739,83,82,20170,1701,540629,1283400
1740,72,72,20098,1701,540701,1299400
1741,64,79,20034,1686,540780,1282400
1742,73,75,19961,1684,540855,1273900
1743,70,89,19891,1665,540944,1265200
1744,80,83,19811,1662,541027,1270700
1745,84,83,19727,1663,541110,1278300
1746,63,74,19664,1652,541184,1266300
1747,59,76,19605,1635,541260,1268400
1748,64,91,19541,1608,541351,1269000
1749,63,84,19478,1587,541435,1317300
1750,71,77,19407,1581,541512,1270800
1751,59,79,19348,1561,541591,1272300
1752,55,71,19293,1545,541662,1280100
1753,69,82,19224,1532,541744,1272600
1754,67,80,19157,1519,541824,1264500
1755,57,80,19100,1496,541904,1285300
1756,63,75,19037,1484,541979,1285000
1757,59,78,18978,1465,542057,1277400
1758,64,80,18914,1449,542137,1279000
1759,70,73,18844,1446,542210,1271100
1760,55,92,18789,1409,542302,1272000
1761,72,73,18717,1408,542375,1290000
1762,63,65,18654,1406,542440,1294700
1763,78,71,18576,1413,542511,1269800
1764,79,89,18497,1403,542600,1271300
1765,74,63,18423,1414,542663,1274900
1766,90,60,18333,1444,542723,1263300
1767,52,75,18281,1421,542798,1352100
1768,77,80,18204,1418,542878,1256400
1769,57,74,18147,1401,542952,1253700
1770,81,78,18066,1404,543030,1270400
1771,53,72,18013,1385,543102,1259500
1772,58,59,17955,1384,543161,1253500
1773,51,70,17904,1365,543231,1376700
1774,54,64,17850,1355,543295,1262500
1775,82,65,17768,1372,543360,1276900
1776,64,65,17704,1371,543425,1255700
1777,57,64,17647,1364,543489,1264600
1778,68,81,17579,1351,543570,1261300
1779,74,75,17505,1350,543645,1253600
1780,50,66,17455,1334,543711,1256700
1781,63,80,17392,1317,543791,1256200
1782,62,70,17330,1309,543861,1254000
1783,57,67,17273,1299,543928,1250000
1784,63,59,17210,1303,543987,1245700
1785,67,70,17143,1300,544057,1508000
1786,47,60,17096,1287,544117,1420400
1787,63,51,17033,1299,544168,1261700
1788,66,53,16967,1312,544221,1262800
1789,59,74,16908,1297,544295,1258900
1790,66,68,16842,1295,544363,1258100
1791,69,59,16773,1305,544422,1251200
1792,65,58,16708,1312,544480,1265600
1793,67,72,16641,1307,544552,1257500
1794,81,62,16560,1326,544614,1259800
1795,68,59,16492,1335,544673,1256600
1796,76,65,16416,1346,544738,1301100
1797,65,66,16351,1345,544804,1258500
1798,80,71,16271,1354,544875,1273500
1799,77,60,16194,1371,544935,1253400
1800,61,62,16133,1370,544997,1266800
1801,58,74,16075,1354,545071,1263600
1802,83,75,15992,1362,545146,1257200
1803,81,61,15911,1382,545207,1259300
1804,41,60,15870,1363,545267,1263200
1805,50,76,15820,1337,545343,1258700
1806,45,57,15775,1325,545400,1256000
1807,60,58,15715,1327,545458,1268500
1808,56,54,15659,1329,545512,1284900
1809,57,72,15602,1314,545584,1300800
1810,65,69,15537,1310,545653,1284200
1811,62,75,15475,1297,545728,1275200
1812,57,53,15418,1301,545781,1260600
1813,64,72,15354,1293,545853,1255400
1814,48,75,15306,1266,545928,1249200
1815,49,66,15257,1249,545994,1262000
1816,51,60,15206,1240,546054,1268200
1817,50,62,15156,1228,546116,1251600
1818,55,69,15101,1214,546185,1250900
1819,55,71,15046,1198,546256,1253900
1820,44,62,15002,1180,546318,1252700
1821,52,49,14950,1183,546367,1356600
1822,55,52,14895,1186,546419,1583000
1823,50,55,14845,1181,546474,1321300
1824,40,63,14805,1158,546537,1249800
1825,56,47,14749,1167,546584,1246800
1826,45,69,14704,1143,546653,1248100
1827,58,59,14646,1142,546712,1251900
1828,50,66,14596,1126,546778,1245700
1829,51,55,14545,1122,546833,1252400
1830,51,53,14494,1120,546886,1243800
1831,40,49,14454,1111,546935,1249900
1832,61,49,14393,1123,546984,1240500
1833,53,50,14340,1126,547034,1242400
1834,50,64,14290,1112,547098,1291500
1835,60,55,14230,1117,547153,1255900
1836,43,58,14187,1102,547211,1245100
1837,61,42,14126,1121,547253,1246400
1838,41,63,14085,1099,547316,1246500
1839,43,63,14042,1079,547379,1241100
1840,52,53,13990,1078,547432,1244000
1841,40,65,13950,1053,547497,1241400
1842,52,49,13898,1056,547546,1243900
1843,44,57,13854,1043,547603,1263200
1844,58,55,13796,1046,547658,1254700
1845,48,52,13748,1042,547710,1250800
1846,46,49,13702,1039,547759,1261000
1847,42,61,13660,1020,547820,1254500
1848,38,53,13622,1005,547873,1243200
1849,52,63,13570,994,547936,1246900
1850,49,72,13521,971,548008,1247400
1851,39,65,13482,945,548073,1242200
1852,41,50,13441,936,548123,1237400
1853,55,44,13386,947,548167,1231500
1854,41,46,13345,942,548213,1239800
1855,41,48,13304,935,548261,1248500
1856,45,47,13259,933,548308,1247700
1857,34,46,13225,921,548354,1275600
1858,46,36,13179,931,548390,1240500
1859,46,52,13133,925,548442,1312900
1860,47,63,13086,909,548505,1266900
1861,38,48,13048,899,548553,1252900
1862,40,47,13008,892,548600,1244400
1863,42,29,12966,905,548629,1253200
1864,49,51,12917,903,548680,1257800
1865,39,46,12878,896,548726,1239200
1866,37,37,12841,896,548763,1242100
1867,37,39,12804,894,548802,1246100
1868,43,51,12761,886,548853,1236000
1869,35,45,12726,876,548898,1252400
1870,48,50,12678,874,548948,1239100
1871,35,41,12643,868,548989,1300900
1872,47,46,12596,869,549035,1321800
1873,40,38,12556,871,549073,1294100
1874,45,36,12511,880,549109,1322500
1875,42,40,12469,882,549149,1274900
1876,42,52,12427,872,549201,1262600
1877,43,37,12384,878,549238,1256400
1878,42,55,12342,865,549293,1254000
1879,47,39,12295,873,549332,1245800
1880,37,40,12258,870,549372,1261800
1881,36,51,12222,855,549423,1275700
1882,45,53,12177,847,549476,1243300
1883,43,50,12134,840,549526,1561300
1884,34,39,12100,835,549565,1788000
1885,42,43,12058,834,549608,1269700
1886,34,43,12024,825,549651,1269000
1887,31,43,11993,813,549694,1279500
1888,32,30,11961,815,549724,1275700
1889,36,35,11925,816,549759,1270400
1890,43,35,11882,824,549794,1372900
1891,41,51,11841,814,549845,1296100
1892,23,34,11818,803,549879,1283500
1893,29,36,11789,796,549915,1261100
1894,39,39,11750,796,549954,1268500
1895,36,41,11714,791,549995,1536500
1896,34,41,11680,784,550036,1272600
1897,34,45,11646,773,550081,1241200
1898,28,37,11618,764,550118,1239600
1899,26,39,11592,751,550157,1237700
1900,27,42,11565,736,550199,1237800
1901,32,37,11533,731,550236,1231400
1902,22,39,11511,714,550275,1234200
1903,28,39,11483,703,550314,1235600
1904,26,40,11457,689,550354,1238000
1905,40,30,11417,699,550384,1231900
1906,33,48,11384,684,550432,1235700
1907,43,37,11341,690,550469,1266700
1908,22,36,11319,676,550505,1257800
1909,33,37,11286,672,550542,1250300
1910,38,34,11248,676,550576,1255400
1911,21,29,11227,668,550605,1251200
1912,40,24,11187,684,550629,1245500
1913,27,34,11160,677,550663,1245100
1914,38,29,11122,686,550692,1249000
1915,33,31,11089,688,550723,1269500
1916,38,39,11051,687,550762,1243700
1917,32,34,11019,685,550796,1240900
1918,38,31,10981,692,550827,1239300
1919,43,28,10938,707,550855,1242500
1920,35,27,10903,715,550882,1500800
1921,34,36,10869,713,550918,1376000
1922,29,44,10840,698,550962,1249400
1923,32,30,10808,700,550992,1248000
1924,23,38,10785,685,551030,1248000
1925,24,34,10761,675,551064,1235600
1926,27,29,10734,673,551093,1247600
1927,34,30,10700,677,551123,1257300
1928,32,22,10668,687,551145,1233800
1929,30,31,10638,686,551176,1249500
1930,30,42,10608,674,551218,1231200
1931,32,34,10576,672,551252,1236900
1932,34,35,10542,671,551287,1249000
1933,20,29,10522,662,551316,1241100
1934,21,42,10501,641,551358,1234900
1935,25,36,10476,630,551394,1235600
1936,22,36,10454,616,551430,1236600
1937,22,39,10432,599,551469,1248900
1938,21,36,10411,584,551505,1233600
1939,18,25,10393,577,551530,1238000
1940,17,21,10376,573,551551,1255700
1941,28,24,10348,577,551575,1244200
1942,24,35,10324,566,551610,1245200
1943,27,29,10297,564,551639,1248500
1944,23,22,10274,565,551661,1235300
1945,26,29,10248,562,551690,1274600
1946,20,24,10228,558,551714,1237100
1947,24,42,10204,540,551756,1237000
1948,25,28,10179,537,551784,1242200
1949,25,30,10154,532,551814,1238900
1950,27,28,10127,531,551842,1241400
1951,16,38,10111,509,551880,1246000
1952,21,30,10090,500,551910,1233900
1953,24,25,10066,499,551935,1236500
1954,15,29,10051,485,551964,1237300
1955,17,21,10034,481,551985,1228700
1956,22,21,10012,482,552006,1223500
1957,17,17,9995,482,552023,1240400
1958,15,26,9980,471,552049,1245200
1959,14,24,9966,461,552073,1233400
1960,15,35,9951,441,552108,1238000
1961,15,24,9936,432,552132,1243300
1962,18,18,9918,432,552150,1225600
1963,6,16,9912,422,552166,1234100
1964,21,17,9891,426,552183,1245300
1965,23,24,9868,425,552207,1231700
1966,14,19,9854,420,552226,1237000
1967,19,24,9835,415,552250,1237400
1968,11,17,9824,409,552267,1225900
1969,20,16,9804,413,552283,1240000
1970,15,22,9789,406,552305,1542900
1971,16,23,9773,399,552328,1441600
1972,15,8,9758,406,552336,1226600
1973,19,19,9739,406,552355,1223500
1974,11,32,9728,385,552387,1233500
1975,14,18,9714,381,552405,1260800
1976,11,26,9703,366,552431,1224200
1977,9,20,9694,355,552451,1226500
1978,18,14,9676,359,552465,1216800
1979,12,13,9664,358,552478,1218200
1980,16,22,9648,352,552500,1219300
1981,15,22,9633,345,552522,1217800
1982,22,19,9611,348,552541,1277300
1983,15,19,9596,344,552560,1244200
1984,15,13,9581,346,552573,1226200
1985,17,18,9564,345,552591,1222000
1986,16,21,9548,340,552612,1221800
1987,16,24,9532,332,552636,1224900
1988,10,14,9522,328,552650,1246400
1989,18,18,9504,328,552668,1226600
1990,14,13,9490,329,552681,1223600
1991,17,12,9473,334,552693,1228700
1992,15,23,9458,326,552716,1216800
1993,15,19,9443,322,552735,1226800
1994,10,19,9433,313,552754,1235300
1995,13,14,9420,312,552768,1255400
1996,12,16,9408,308,552784,1228800
1997,15,20,9393,303,552804,1217800
1998,13,18,9380,298,552822,1223200
1999,14,15,9366,297,552837,1222400
2000,12,11,9354,298,552848,1226100
2001,10,13,9344,295,552861,1225300
2002,6,15,9338,286,552876,1219700
2003,13,15,9325,284,552891,1216500
2004,6,15,9319,275,552906,1220000
2005,14,17,9305,272,552923,1215100
2006,11,8,9294,275,552931,1214000
2007,11,17,9283,269,552948,1221200
2008,9,20,9274,258,552968,1276100
2009,13,18,9261,253,552986,1225800
2010,10,11,9251,252,552997,1224600
2011,9,9,9242,252,553006,1232000
2012,11,11,9231,252,553017,1230700
2013,18,12,9213,258,553029,1227500
2014,18,16,9195,260,553045,1233900
2015,12,10,9183,262,553055,1218700
2016,16,13,9167,265,553068,1224500
2017,12,13,9155,264,553081,1224800
2018,14,17,9141,261,553098,1217900
2019,7,12,9134,256,553110,1221700
2020,15,16,9119,255,553126,1369200
2021,13,15,9106,253,553141,1481000
2022,17,18,9089,252,553159,1234800
2023,9,14,9080,247,553173,1253700
2024,10,4,9070,253,553177,1240700
2025,9,7,9061,255,553184,1231200
2026,15,14,9046,256,553198,1232800
2027,13,10,9033,259,553208,1227200
2028,8,14,9025,253,553222,1225500
2029,11,11,9014,253,553233,1233700
2030,4,17,9010,240,553250,1236700
2031,6,19,9004,227,553269,1224000
2032,8,5,8996,230,553274,1285600
2033,7,13,8989,224,553287,1231300
2034,9,7,8980,226,553294,1227900
2035,5,10,8975,221,553304,1238300
2036,7,11,8968,217,553315,1224000
2037,3,6,8965,214,553321,1216800
2038,9,16,8956,207,553337,1246100
2039,10,12,8946,205,553349,1221000
2040,11,11,8935,205,553360,1220400
2041,7,8,8928,204,553368,1228200
2042,4,9,8924,199,553377,1224800
2043,4,7,8920,196,553384,1217600
2044,7,6,8913,197,553390,1223600
2045,13,10,8900,200,553400,1460300
2046,8,14,8892,194,553414,1405500
2047,5,6,8887,193,553420,1234700
2048,5,10,8882,188,553430,1222700
2049,4,10,8878,182,553440,1225500
2050,10,10,8868,182,553450,1211900
2051,3,13,8865,172,553463,1223600
2052,8,14,8857,166,553477,1216600
2053,5,14,8852,157,553491,1210500
2054,4,10,8848,151,553501,1230800
2055,4,8,8844,147,553509,1213700
2056,4,11,8840,140,553520,1208000
2057,14,6,8826,148,553526,1222000
2058,6,7,8820,147,553533,1809100
2059,7,3,8813,151,553536,1559500
2060,8,3,8805,156,553539,1508800
2061,14,8,8791,162,553547,1505700
2062,4,5,8787,161,553552,1506100
2063,4,6,8783,159,553558,1500000
2064,5,10,8778,154,553568,1485500
2065,5,11,8773,148,553579,1661900
2066,4,7,8769,145,553586,1319600
2067,4,10,8765,139,553596,1222000
2068,2,7,8763,134,553603,1261300
2069,3,9,8760,128,553612,1220600
2070,0,4,8760,124,553616,1560400
2071,4,4,8756,124,553620,1231300
2072,2,4,8754,122,553624,1219000
2073,6,7,8748,121,553631,1222000
2074,4,2,8744,123,553633,1354700
2075,4,9,8740,118,553642,1220500
2076,2,8,8738,112,553650,1230400
2077,1,4,8737,109,553654,1345100
2078,0,2,8737,107,553656,1213000
2079,3,3,8734,107,553659,1221300
2080,6,3,8728,110,553662,1295300
2081,3,7,8725,106,553669,1545500
2082,2,4,8723,104,553673,1223300
2083,3,7,8720,100,553680,1217200
2084,2,7,8718,95,553687,1210500
2085,3,7,8715,91,553694,1212000
2086,2,4,8713,89,553698,1214600
2087,4,6,8709,87,553704,1206800
2088,3,2,8706,88,553706,1209600
2089,0,2,8706,86,553708,1210700
2090,1,1,8705,86,553709,1210100
2091,0,4,8705,82,553713,1588200
2092,1,2,8704,81,553715,1261700
2093,1,5,8703,77,553720,1420500
2094,1,1,8702,77,553721,1337400
2095,1,4,8701,74,553725,1217100
2096,1,1,8700,74,553726,1222900
2097,0,4,8700,70,553730,1219800
2098,0,3,8700,67,553733,1218400
2099,0,2,8700,65,553735,1236500
2100,0,1,8700,64,553736,1223200
2101,0,3,8700,61,553739,1215500
2102,0,5,8700,56,553744,1217700
2103,0,1,8700,55,553745,1216300
2104,0,1,8700,54,553746,1218600
2105,0,4,8700,50,553750,1253800
2106,1,3,8699,48,553753,1219000
2107,0,1,8699,47,553754,1219100
2108,0,2,8699,45,553756,1219200
2109,0,2,8699,43,553758,1224900
2110,0,3,8699,40,553761,1221300
2111,0,2,8699,38,553763,1212600
2112,1,4,8698,35,553767,1215200
2113,0,1,8698,34,553768,1221100
2114,1,2,8697,33,553770,1219200
2115,0,0,8697,33,553770,1217300
2116,0,0,8697,33,553770,1230900
2117,0,2,8697,31,553772,1222400
2118,0,1,8697,30,553773,1247400
2119,0,2,8697,28,553775,1239500
2120,0,2,8697,26,553777,1228700
2121,0,1,8697,25,553778,1230600
2122,0,3,8697,22,553781,1228100
2123,0,1,8697,21,553782,1229600
2124,0,1,8697,20,553783,1228900
2125,0,1,8697,19,553784,1229400
2126,0,1,8697,18,553785,1218300
2127,0,2,8697,16,553787,1234600
2128,1,1,8696,16,553788,1213100
2129,0,1,8696,15,553789,1219600
2130,0,1,8696,14,553790,1234100
2131,0,0,8696,14,553790,1244900
2132,1,1,8695,14,553791,1223500
2133,0,0,8695,14,553791,1215200
2134,0,0,8695,14,553791,1226800
2135,0,0,8695,14,553791,1223900
2136,0,0,8695,14,553791,1227800
2137,0,0,8695,14,553791,1218600
2138,0,0,8695,14,553791,1213500
2139,0,1,8695,13,553792,1218800
2140,1,2,8694,12,553794,1236000
2141,0,1,8694,11,553795,1219000
2142,0,0,8694,11,553795,1226000
2143,1,0,8693,12,553795,1236900
2144,0,1,8693,11,553796,1211400
2145,0,1,8693,10,553797,1221200
2146,1,1,8692,10,553798,1216400
2147,0,1,8692,9,553799,1211500
2148,0,0,8692,9,553799,1235500
2149,1,0,8691,10,553799,1224300
2150,0,2,8691,8,553801,1213900
2151,0,3,8691,5,553804,1217600
2152,0,0,8691,5,553804,1214200
2153,0,1,8691,4,553805,1228700
2154,0,0,8691,4,553805,1220700
2155,0,0,8691,4,553805,1218300
2156,0,0,8691,4,553805,1419300
2157,0,0,8691,4,553805,1428400
2158,0,0,8691,4,553805,1209800
2159,0,0,8691,4,553805,1228600
2160,0,1,8691,3,553806,1211400
2161,0,0,8691,3,553806,1210200
2162,0,0,8691,3,553806,1211500
2163,0,0,8691,3,553806,1206900
2164,0,0,8691,3,553806,1227800
2165,0,0,8691,3,553806,1249100
2166,0,0,8691,3,553806,1207200
2167,0,0,8691,3,553806,1213300
2168,0,0,8691,3,553806,1247500
2169,0,0,8691,3,553806,1514600
2170,0,1,8691,2,553807,1351600
2171,0,0,8691,2,553807,1218500
2172,0,0,8691,2,553807,1230700
2173,0,0,8691,2,553807,1233200
2174,0,1,8691,1,553808,1217000
2175,0,0,8691,1,553808,1238200
2176,0,0,8691,1,553808,1219600
2177,0,0,8691,1,553808,1221200
2178,0,0,8691,1,553808,1224800
2179,0,0,8691,1,553808,1211500
2180,0,0,8691,1,553808,1757400
2181,0,0,8691,1,553808,1327300
2182,0,0,8691,1,553808,1229000
2183,0,0,8691,1,553808,1220800
2184,0,0,8691,1,553808,1215100
2185,0,0,8691,1,553808,1219200
2186,0,0,8691,1,553808,1217800
2187,0,1,8691,0,553809,1228200
