Tick,NewlyInfected,NewlyRecovered,TotalSusceptible,TotalInfected,TotalRecovered,StepTimeNanos
0,2,0,8999993,7,0,18949600
1,1,0,8999992,8,0,18775300
2,2,3,8999990,7,3,18821900
3,3,0,8999987,10,3,18605900
4,0,1,8999987,9,4,18917200
5,1,0,8999986,10,4,19073500
6,3,0,8999983,13,4,19737900
7,1,0,8999982,14,4,19720600
8,3,0,8999979,17,4,20248700
9,7,1,8999972,23,5,19830900
10,6,0,8999966,29,5,20332000
11,6,1,8999960,34,6,20480300
12,1,1,8999959,34,7,19214400
13,8,1,8999951,41,8,19211200
14,8,0,8999943,49,8,19054700
15,5,2,8999938,52,10,19491100
16,10,5,8999928,57,15,19053500
17,7,3,8999921,61,18,18968300
18,6,4,8999915,63,22,19185900
19,5,3,8999910,65,25,19436400
20,4,1,8999906,68,26,19439500
21,9,3,8999897,74,29,19161000
22,8,3,8999889,79,32,18635800
23,8,3,8999881,84,35,19443500
24,10,3,8999871,91,38,18646800
25,10,6,8999861,95,44,18821600
26,11,9,8999850,97,53,18804400
27,12,7,8999838,102,60,18843100
28,11,3,8999827,110,63,19255900
29,8,8,8999819,110,71,19789100
30,7,12,8999812,105,83,19173200
31,12,3,8999800,114,86,19284800
32,13,6,8999787,121,92,20064100
33,9,7,8999778,123,99,19022600
34,14,10,8999764,127,109,19655000
35,11,5,8999753,133,114,20272500
36,16,5,8999737,144,119,20255200
37,17,11,8999720,150,130,19860700
38,18,4,8999702,164,134,19084100
39,24,13,8999678,175,147,19888200
40,14,10,8999664,179,157,19609700
41,18,8,8999646,189,165,19801000
42,19,10,8999627,198,175,20122900
43,24,12,8999603,210,187,20362200
44,18,9,8999585,219,196,20499800
45,22,13,8999563,228,209,20641500
46,22,10,8999541,240,219,20439800
47,17,16,8999524,241,235,19826800
48,27,9,8999497,259,244,20823200
49,18,14,8999479,263,258,21126400
50,18,12,8999461,269,270,20649900
51,20,12,8999441,277,282,20075700
52,22,11,8999419,288,293,19878600
53,14,9,8999405,293,302,21376400
54,26,12,8999379,307,314,20146400
55,24,22,8999355,309,336,21202200
56,28,16,8999327,321,352,20378500
57,36,19,8999291,338,371,22729900
58,29,16,8999262,351,387,20791600
59,22,19,8999240,354,406,19836100
60,29,14,8999211,369,420,21214300
61,32,19,8999179,382,439,20174600
62,30,12,8999149,400,451,19480300
63,38,19,8999111,419,470,19650800
64,35,28,8999076,426,498,19881700
65,33,33,8999043,426,531,19420300
66,33,21,8999010,438,552,19612500
67,37,20,8998973,455,572,19876800
68,43,16,8998930,482,588,19391500
69,35,20,8998895,497,608,19945500
70,48,29,8998847,516,637,19147400
71,43,26,8998804,533,663,19555300
72,45,24,8998759,554,687,20000100
73,39,29,8998720,564,716,23200100
74,44,29,8998676,579,745,19714200
75,32,28,8998644,583,773,19805700
76,43,40,8998601,586,813,19409800
77,43,27,8998558,602,840,19511400
78,39,28,8998519,613,868,19420900
79,37,39,8998482,611,907,20536400
80,46,34,8998436,623,941,20690800
81,47,41,8998389,629,982,19117400
82,38,33,8998351,634,1015,18600800
83,39,25,8998312,648,1040,19215700
84,45,35,8998267,658,1075,18979300
85,54,41,8998213,671,1116,19123700
86,51,30,8998162,692,1146,20016500
87,45,39,8998117,698,1185,18994300
88,54,27,8998063,725,1212,18964900
89,59,33,8998004,751,1245,18955300
90,58,36,8997946,773,1281,19179300
91,65,39,8997881,799,1320,18825700
92,45,37,8997836,807,1357,18662800
93,40,36,8997796,811,1393,18851100
94,43,38,8997753,816,1431,19195700
95,62,35,8997691,843,1466,19263600
96,52,44,8997639,851,1510,18653800
97,45,41,8997594,855,1551,19248900
98,59,45,8997535,869,1596,19549800
99,55,41,8997480,883,1637,18874800
100,41,51,8997439,873,1688,18818200
101,59,40,8997380,892,1728,18853600
102,45,47,8997335,890,1775,19318400
103,67,55,8997268,902,1830,18681600
104,62,50,8997206,914,1880,18935000
105,63,45,8997143,932,1925,18956600
106,59,48,8997084,943,1973,18810400
107,46,39,8997038,950,2012,19113600
108,61,51,8996977,960,2063,19286100
109,59,41,8996918,978,2104,19358200
110,58,47,8996860,989,2151,19327600
111,56,46,8996804,999,2197,18997200
112,65,47,8996739,1017,2244,19385500
113,68,60,8996671,1025,2304,19370100
114,67,51,8996604,1041,2355,19251000
115,64,38,8996540,1067,2393,19550300
116,53,44,8996487,1076,2437,19428500
117,65,40,8996422,1101,2477,18985600
118,68,50,8996354,1119,2527,19635900
119,61,55,8996293,1125,2582,19159700
120,63,57,8996230,1131,2639,19862300
121,64,62,8996166,1133,2701,19112200
122,83,55,8996083,1161,2756,18740500
123,74,66,8996009,1169,2822,18807600
124,60,70,8995949,1159,2892,18740000
125,69,64,8995880,1164,2956,19315900
126,72,60,8995808,1176,3016,19719600
127,80,61,8995728,1195,3077,19871100
128,79,53,8995649,1221,3130,19899700
129,76,63,8995573,1234,3193,20193100
130,85,60,8995488,1259,3253,20337400
131,78,54,8995410,1283,3307,19577500
132,81,73,8995329,1291,3380,19449800
133,80,70,8995249,1301,3450,19316500
134,79,58,8995170,1322,3508,19373500
135,72,70,8995098,1324,3578,19394900
136,76,60,8995022,1340,3638,19457700
137,94,52,8994928,1382,3690,19461100
138,98,55,8994830,1425,3745,19627100
139,86,56,8994744,1455,3801,19512300
140,77,64,8994667,1468,3865,20044600
141,86,66,8994581,1488,3931,19184900
142,92,82,8994489,1498,4013,19108100
143,96,60,8994393,1534,4073,19057400
144,79,89,8994314,1524,4162,18879400
145,93,78,8994221,1539,4240,18854000
146,99,70,8994122,1568,4310,19375300
147,94,86,8994028,1576,4396,19259300
148,78,88,8993950,1566,4484,18845200
149,85,83,8993865,1568,4567,19079200
150,94,77,8993771,1585,4644,19140100
151,80,67,8993691,1598,4711,19139900
152,103,72,8993588,1629,4783,18716800
153,82,74,8993506,1637,4857,18548300
154,89,72,8993417,1654,4929,19032900
155,88,82,8993329,1660,5011,18983300
156,96,86,8993233,1670,5097,18780500
157,98,69,8993135,1699,5166,19127900
158,106,91,8993029,1714,5257,18765600
159,101,79,8992928,1736,5336,18818300
160,96,68,8992832,1764,5404,18692300
161,120,105,8992712,1779,5509,18708600
162,102,84,8992610,1797,5593,18961300
163,103,82,8992507,1818,5675,19080500
164,97,103,8992410,1812,5778,18626400
165,106,102,8992304,1816,5880,18925100
166,90,98,8992214,1808,5978,18614300
167,90,92,8992124,1806,6070,18843400
168,88,81,8992036,1813,6151,18565800
169,86,104,8991950,1795,6255,18660000
170,84,81,8991866,1798,6336,18879200
171,105,86,8991761,1817,6422,18797900
172,82,81,8991679,1818,6503,19466200
173,122,96,8991557,1844,6599,19195800
174,112,98,8991445,1858,6697,19866500
175,106,77,8991339,1887,6774,19163400
176,129,113,8991210,1903,6887,19028900
177,108,106,8991102,1905,6993,19384600
178,107,77,8990995,1935,7070,21526900
179,116,102,8990879,1949,7172,20260000
180,110,104,8990769,1955,7276,20049900
181,116,112,8990653,1959,7388,19725400
182,109,101,8990544,1967,7489,19906800
183,115,98,8990429,1984,7587,19123500
184,121,110,8990308,1995,7697,19134900
185,104,97,8990204,2002,7794,19384100
186,120,95,8990084,2027,7889,19673300
187,101,122,8989983,2006,8011,19010900
188,111,102,8989872,2015,8113,19158700
189,100,100,8989772,2015,8213,19301500
190,117,91,8989655,2041,8304,19305600
191,124,89,8989531,2076,8393,19054300
192,114,116,8989417,2074,8509,18752200
193,123,117,8989294,2080,8626,18941200
194,102,104,8989192,2078,8730,18647800
195,124,92,8989068,2110,8822,19289100
196,135,121,8988933,2124,8943,18580800
197,125,95,8988808,2154,9038,19636600
198,140,121,8988668,2173,9159,19005400
199,130,108,8988538,2195,9267,19072600
200,128,125,8988410,2198,9392,19291100
201,142,102,8988268,2238,9494,19460700
202,147,111,8988121,2274,9605,19226900
203,124,101,8987997,2297,9706,18918500
204,135,99,8987862,2333,9805,18757300
205,125,101,8987737,2357,9906,19134500
206,148,104,8987589,2401,10010,19053200
207,128,116,8987461,2413,10126,18737500
208,136,147,8987325,2402,10273,19226600
209,145,122,8987180,2425,10395,22227000
210,137,119,8987043,2443,10514,21433100
211,118,130,8986925,2431,10644,19563700
212,137,93,8986788,2475,10737,20289300
213,142,120,8986646,2497,10857,19485600
214,161,127,8986485,2531,10984,19548600
215,131,120,8986354,2542,11104,19023500
216,133,129,8986221,2546,11233,19150100
217,137,120,8986084,2563,11353,19069800
218,126,118,8985958,2571,11471,18690900
219,139,145,8985819,2565,11616,18552800
220,151,128,8985668,2588,11744,19143900
221,130,149,8985538,2569,11893,19280500
222,165,142,8985373,2592,12035,18907600
223,146,134,8985227,2604,12169,19673800
224,139,120,8985088,2623,12289,19300800
225,143,131,8984945,2635,12420,18799100
226,155,112,8984790,2678,12532,18653000
227,137,132,8984653,2683,12664,18683100
228,160,145,8984493,2698,12809,18970100
229,155,141,8984338,2712,12950,19251600
230,164,124,8984174,2752,13074,18885700
231,133,151,8984041,2734,13225,19345700
232,152,155,8983889,2731,13380,18896200
233,148,130,8983741,2749,13510,18826100
234,156,125,8983585,2780,13635,19121000
235,163,132,8983422,2811,13767,19325200
236,159,168,8983263,2802,13935,19653100
237,149,149,8983114,2802,14084,19201900
238,164,115,8982950,2851,14199,19376600
239,162,147,8982788,2866,14346,19499100
240,150,151,8982638,2865,14497,20427700
241,161,133,8982477,2893,14630,20690600
242,150,149,8982327,2894,14779,19800500
243,176,144,8982151,2926,14923,19629000
244,171,141,8981980,2956,15064,20059000
245,180,144,8981800,2992,15208,19416300
246,157,133,8981643,3016,15341,19602500
247,174,145,8981469,3045,15486,19600300
248,172,129,8981297,3088,15615,19594400
249,163,133,8981134,3118,15748,19621600
250,176,141,8980958,3153,15889,19703900
251,190,146,8980768,3197,16035,19463800
252,184,171,8980584,3210,16206,19184200
253,186,171,8980398,3225,16377,19426700
254,180,149,8980218,3256,16526,19694600
255,163,195,8980055,3224,16721,19233500
256,180,169,8979875,3235,16890,19295900
257,178,158,8979697,3255,17048,18966400
258,205,169,8979492,3291,17217,19263700
259,197,155,8979295,3333,17372,19974200
260,191,159,8979104,3365,17531,20526600
261,189,164,8978915,3390,17695,20039100
262,178,185,8978737,3383,17880,20081100
263,183,160,8978554,3406,18040,19895300
264,201,185,8978353,3422,18225,19727100
265,185,158,8978168,3449,18383,19531400
266,203,166,8977965,3486,18549,20439900
267,196,174,8977769,3508,18723,19293000
268,191,179,8977578,3520,18902,19466500
269,186,172,8977392,3534,19074,19212700
270,190,175,8977202,3549,19249,19101700
271,188,177,8977014,3560,19426,18948900
272,222,179,8976792,3603,19605,19023500
273,203,195,8976589,3611,19800,19072000
274,211,157,8976378,3665,19957,19390600
275,209,206,8976169,3668,20163,19533400
276,205,188,8975964,3685,20351,19188100
277,206,200,8975758,3691,20551,19764700
278,186,161,8975572,3716,20712,19800300
279,195,185,8975377,3726,20897,20271400
280,192,169,8975185,3749,21066,20741900
281,224,189,8974961,3784,21255,20743000
282,199,176,8974762,3807,21431,19651300
283,178,190,8974584,3795,21621,19676100
284,207,199,8974377,3803,21820,20465900
285,206,190,8974171,3819,22010,19552000
286,197,193,8973974,3823,22203,19130800
287,190,180,8973784,3833,22383,19255900
288,213,218,8973571,3828,22601,19059900
289,177,163,8973394,3842,22764,19187600
290,198,210,8973196,3830,22974,19525800
291,200,224,8972996,3806,23198,19486300
292,187,196,8972809,3797,23394,19021200
293,196,172,8972613,3821,23566,18865400
294,198,182,8972415,3837,23748,18949900
295,208,189,8972207,3856,23937,18898200
296,213,175,8971994,3894,24112,18945400
297,208,200,8971786,3902,24312,19543300
298,189,187,8971597,3904,24499,19069100
299,169,207,8971428,3866,24706,18845700
300,193,183,8971235,3876,24889,19454700
301,206,223,8971029,3859,25112,18893800
302,192,169,8970837,3882,25281,19259500
303,215,176,8970622,3921,25457,18956500
304,215,168,8970407,3968,25625,18948500
305,205,215,8970202,3958,25840,19408600
306,234,187,8969968,4005,26027,19076000
307,228,221,8969740,4012,26248,19077800
308,217,189,8969523,4040,26437,19284500
309,222,214,8969301,4048,26651,19166200
310,224,177,8969077,4095,26828,19114300
311,220,208,8968857,4107,27036,19415200
312,219,183,8968638,4143,27219,19259900
313,252,221,8968386,4174,27440,19575900
314,229,209,8968157,4194,27649,20251300
315,225,200,8967932,4219,27849,19557000
316,197,207,8967735,4209,28056,20268300
317,227,253,8967508,4183,28309,19902600
318,202,226,8967306,4159,28535,19979800
319,223,222,8967083,4160,28757,21032400
320,225,211,8966858,4174,28968,19569800
321,195,201,8966663,4168,29169,20347900
322,213,246,8966450,4135,29415,20337300
323,205,208,8966245,4132,29623,19485600
324,213,200,8966032,4145,29823,20030200
325,209,205,8965823,4149,30028,19754900
326,209,239,8965614,4119,30267,20199000
327,233,201,8965381,4151,30468,19309300
328,192,208,8965189,4135,30676,19271600
329,206,189,8964983,4152,30865,19382900
330,235,213,8964748,4174,31078,19199700
331,218,218,8964530,4174,31296,19360600
332,219,220,8964311,4173,31516,19395700
333,214,201,8964097,4186,31717,19212400
334,194,220,8963903,4160,31937,19206700
335,210,208,8963693,4162,32145,19632200
336,233,217,8963460,4178,32362,19452000
337,223,242,8963237,4159,32604,19553600
338,222,210,8963015,4171,32814,19466400
339,220,197,8962795,4194,33011,19784100
340,231,196,8962564,4229,33207,19793300
341,217,197,8962347,4249,33404,19831200
342,213,200,8962134,4262,33604,20723300
343,216,218,8961918,4260,33822,20502700
344,227,232,8961691,4255,34054,19552300
345,237,221,8961454,4271,34275,19782600
346,221,226,8961233,4266,34501,19875800
347,195,185,8961038,4276,34686,19542500
348,226,208,8960812,4294,34894,21869700
349,233,221,8960579,4306,35115,20033600
350,234,241,8960345,4299,35356,19347600
351,242,231,8960103,4310,35587,19373500
352,235,215,8959868,4330,35802,19099600
353,217,221,8959651,4326,36023,19159400
354,246,206,8959405,4366,36229,18745300
355,246,215,8959159,4397,36444,19561900
356,256,204,8958903,4449,36648,19592100
357,248,240,8958655,4457,36888,19162400
358,258,241,8958397,4474,37129,21527500
359,237,225,8958160,4486,37354,21928300
360,241,226,8957919,4501,37580,20634800
361,241,219,8957678,4523,37799,19759400
362,243,212,8957435,4554,38011,19711700
363,235,216,8957200,4573,38227,19531800
364,232,222,8956968,4583,38449,19233100
365,235,233,8956733,4585,38682,18958600
366,250,243,8956483,4592,38925,19082800
367,241,235,8956242,4598,39160,18988000
368,257,221,8955985,4634,39381,19279500
369,247,238,8955738,4643,39619,19173100
370,250,242,8955488,4651,39861,19673500
371,245,230,8955243,4666,40091,19436900
372,263,219,8954980,4710,40310,19398600
373,242,237,8954738,4715,40547,19582100
374,258,238,8954480,4735,40785,19090400
375,251,231,8954229,4755,41016,19395800
376,214,238,8954015,4731,41254,19498000
377,254,232,8953761,4753,41486,19894400
378,258,232,8953503,4779,41718,19175100
379,233,257,8953270,4755,41975,19628500
380,232,239,8953038,4748,42214,19645700
381,285,223,8952753,4810,42437,19520600
382,229,267,8952524,4772,42704,20121100
383,228,244,8952296,4756,42948,19771800
384,250,260,8952046,4746,43208,19511300
385,226,199,8951820,4773,43407,18963000
386,215,240,8951605,4748,43647,18803800
387,212,269,8951393,4691,43916,18923000
388,230,245,8951163,4676,44161,19472200
389,233,267,8950930,4642,44428,18799300
390,261,241,8950669,4662,44669,18986600
391,233,244,8950436,4651,44913,18999600
392,243,224,8950193,4670,45137,19153500
393,266,242,8949927,4694,45379,19590400
394,243,231,8949684,4706,45610,19484000
395,248,253,8949436,4701,45863,19955500
396,239,253,8949197,4687,46116,19222900
397,276,235,8948921,4728,46351,19203900
398,260,213,8948661,4775,46564,19077300
399,251,276,8948410,4750,46840,19382300
400,245,247,8948165,4748,47087,19048100
401,271,215,8947894,4804,47302,19143300
402,272,251,8947622,4825,47553,19462700
403,265,245,8947357,4845,47798,19170300
404,262,253,8947095,4854,48051,19108300
405,274,244,8946821,4884,48295,18928400
406,282,236,8946539,4930,48531,19266500
407,281,281,8946258,4930,48812,19338600
408,285,253,8945973,4962,49065,19389500
409,304,240,8945669,5026,49305,18535700
410,304,216,8945365,5114,49521,19908100
411,267,260,8945098,5121,49781,20968700
412,283,234,8944815,5170,50015,20852300
413,294,261,8944521,5203,50276,19551800
414,293,254,8944228,5242,50530,19049400
415,280,247,8943948,5275,50777,19173800
416,272,237,8943676,5310,51014,20047300
417,273,252,8943403,5331,51266,19606100
418,296,260,8943107,5367,51526,19719900
419,298,264,8942809,5401,51790,18935600
420,272,251,8942537,5422,52041,19750600
421,283,264,8942254,5441,52305,19424300
422,312,237,8941942,5516,52542,19844800
423,320,287,8941622,5549,52829,19599600
424,326,270,8941296,5605,53099,19055700
425,295,287,8941001,5613,53386,19265500
426,300,281,8940701,5632,53667,19232100
427,297,304,8940404,5625,53971,19508700
428,307,300,8940097,5632,54271,19953700
429,322,259,8939775,5695,54530,19869000
430,292,272,8939483,5715,54802,21099600
431,285,294,8939198,5706,55096,20991100
432,297,280,8938901,5723,55376,20000000
433,319,302,8938582,5740,55678,20221900
434,308,243,8938274,5805,55921,20626700
435,299,272,8937975,5832,56193,20679200
436,288,293,8937687,5827,56486,20394400
437,299,288,8937388,5838,56774,20327600
438,301,273,8937087,5866,57047,20310700
439,315,308,8936772,5873,57355,19413900
440,334,310,8936438,5897,57665,19393500
441,328,302,8936110,5923,57967,19327800
442,295,290,8935815,5928,58257,19317800
443,318,270,8935497,5976,58527,20098100
444,344,277,8935153,6043,58804,19433000
445,286,341,8934867,5988,59145,19960700
446,300,301,8934567,5987,59446,19415900
447,294,310,8934273,5971,59756,20073700
448,302,273,8933971,6000,60029,19216400
449,295,297,8933676,5998,60326,19529400
450,311,310,8933365,5999,60636,19056400
451,278,308,8933087,5969,60944,19375600
452,327,277,8932760,6019,61221,19395300
453,313,309,8932447,6023,61530,21208300
454,320,296,8932127,6047,61826,20911500
455,345,291,8931782,6101,62117,21299300
456,303,296,8931479,6108,62413,19790400
457,327,284,8931152,6151,62697,19950000
458,303,319,8930849,6135,63016,19622400
459,335,338,8930514,6132,63354,19820900
460,335,316,8930179,6151,63670,18772300
461,295,327,8929884,6119,63997,19131300
462,310,307,8929574,6122,64304,19164400
463,295,319,8929279,6098,64623,19714800
464,294,328,8928985,6064,64951,19579000
465,323,294,8928662,6093,65245,20403100
466,351,318,8928311,6126,65563,19816900
467,331,292,8927980,6165,65855,20051400
468,318,314,8927662,6169,66169,22276600
469,335,333,8927327,6171,66502,21283300
470,329,294,8926998,6206,66796,21715800
471,310,298,8926688,6218,67094,20494100
472,347,319,8926341,6246,67413,21517600
473,326,286,8926015,6286,67699,19474300
474,356,311,8925659,6331,68010,19844700
475,310,329,8925349,6312,68339,19625300
476,341,291,8925008,6362,68630,19503200
477,349,297,8924659,6414,68927,19611500
478,345,331,8924314,6428,69258,19649500
479,357,314,8923957,6471,69572,19492500
480,344,342,8923613,6473,69914,19644300
481,335,325,8923278,6483,70239,19571400
482,354,352,8922924,6485,70591,19788900
483,309,322,8922615,6472,70913,19513800
484,325,368,8922290,6429,71281,19457000
485,329,333,8921961,6425,71614,19699300
486,299,305,8921662,6419,71919,19361100
487,303,318,8921359,6404,72237,19485400
488,350,360,8921009,6394,72597,19605400
489,333,324,8920676,6403,72921,19711300
490,314,323,8920362,6394,73244,19500600
491,311,346,8920051,6359,73590,19318400
492,319,291,8919732,6387,73881,19836400
493,342,311,8919390,6418,74192,20103600
494,354,354,8919036,6418,74546,19299000
495,345,326,8918691,6437,74872,19655800
496,339,342,8918352,6434,75214,19781700
497,340,338,8918012,6436,75552,20552400
498,318,308,8917694,6446,75860,19399200
499,344,338,8917350,6452,76198,19733400
500,346,329,8917004,6469,76527,19917700
501,331,319,8916673,6481,76846,19971100
502,359,321,8916314,6519,77167,19843000
503,347,309,8915967,6557,77476,19563600
504,360,304,8915607,6613,77780,20653100
505,360,328,8915247,6645,78108,20286900
506,344,338,8914903,6651,78446,20216200
507,359,330,8914544,6680,78776,20452100
508,349,389,8914195,6640,79165,20267100
509,372,353,8913823,6659,79518,19971200
510,352,301,8913471,6710,79819,19886200
511,361,313,8913110,6758,80132,19666800
512,374,350,8912736,6782,80482,19333900
513,344,372,8912392,6754,80854,19204300
514,382,357,8912010,6779,81211,19293300
515,341,372,8911669,6748,81583,19116300
516,368,355,8911301,6761,81938,19479800
517,337,335,8910964,6763,82273,18993900
518,333,317,8910631,6779,82590,19960700
519,383,359,8910248,6803,82949,20868800
520,322,309,8909926,6816,83258,19677500
521,350,350,8909576,6816,83608,19051800
522,359,331,8909217,6844,83939,19370600
523,360,384,8908857,6820,84323,20251100
524,335,344,8908522,6811,84667,19375600
525,327,380,8908195,6758,85047,19890600
526,389,307,8907806,6840,85354,20073000
527,347,323,8907459,6864,85677,19738100
528,365,328,8907094,6901,86005,19817600
529,397,353,8906697,6945,86358,19903300
530,370,330,8906327,6985,86688,20710400
531,352,354,8905975,6983,87042,20847200
532,377,353,8905598,7007,87395,20182300
533,379,354,8905219,7032,87749,20099300
534,355,376,8904864,7011,88125,20833000
535,395,347,8904469,7059,88472,20104200
536,366,356,8904103,7069,88828,22066500
537,330,364,8903773,7035,89192,19743100
538,365,338,8903408,7062,89530,20725400
539,369,364,8903039,7067,89894,21740500
540,364,366,8902675,7065,90260,20286900
541,297,379,8902378,6983,90639,20996300
542,350,372,8902028,6961,91011,20066300
543,370,333,8901658,6998,91344,19756400
544,350,363,8901308,6985,91707,19872700
545,379,352,8900929,7012,92059,20632500
546,384,331,8900545,7065,92390,19809800
547,360,364,8900185,7061,92754,19838500
548,341,349,8899844,7053,93103,19361500
549,375,365,8899469,7063,93468,19329000
550,358,374,8899111,7047,93842,19711400
551,351,382,8898760,7016,94224,19280600
552,350,343,8898410,7023,94567,19463900
553,379,339,8898031,7063,94906,19174500
554,405,357,8897626,7111,95263,19640500
555,390,334,8897236,7167,95597,20237500
556,371,332,8896865,7206,95929,19663100
557,376,336,8896489,7246,96265,19459000
558,367,340,8896122,7273,96605,19587900
559,399,355,8895723,7317,96960,20288600
560,377,321,8895346,7373,97281,20501000
561,398,372,8894948,7399,97653,19438800
562,367,339,8894581,7427,97992,19658600
563,371,363,8894210,7435,98355,20932600
564,386,377,8893824,7444,98732,19766900
565,402,334,8893422,7512,99066,19461600
566,380,385,8893042,7507,99451,20663600
567,410,354,8892632,7563,99805,19801900
568,361,382,8892271,7542,100187,19980700
569,395,402,8891876,7535,100589,20058300
570,364,357,8891512,7542,100946,20314100
571,421,412,8891091,7551,101358,20183300
572,408,364,8890683,7595,101722,20887900
573,389,393,8890294,7591,102115,20213200
574,398,374,8889896,7615,102489,19844600
575,385,360,8889511,7640,102849,19671200
576,355,366,8889156,7629,103215,20101300
577,381,392,8888775,7618,103607,19862600
578,370,368,8888405,7620,103975,19648000
579,425,350,8887980,7695,104325,19856700
580,370,382,8887610,7683,104707,19847500
581,373,406,8887237,7650,105113,19358300
582,352,426,8886885,7576,105539,19200800
583,357,362,8886528,7571,105901,19178100
584,372,388,8886156,7555,106289,20383700
585,372,424,8885784,7503,106713,19351700
586,364,368,8885420,7499,107081,20307200
587,378,391,8885042,7486,107472,19431000
588,387,379,8884655,7494,107851,19389900
589,381,346,8884274,7529,108197,20244300
590,393,368,8883881,7554,108565,19422900
591,374,363,8883507,7565,108928,20967300
592,399,406,8883108,7558,109334,20115900
593,408,397,8882700,7569,109731,19436500
594,385,341,8882315,7613,110072,20533900
595,406,401,8881909,7618,110473,26340500
596,362,350,8881547,7630,110823,19625300
597,412,397,8881135,7645,111220,19207100
598,386,383,8880749,7648,111603,19370800
599,359,379,8880390,7628,111982,19491200
600,361,354,8880029,7635,112336,19819500
601,387,388,8879642,7634,112724,19429400
602,365,404,8879277,7595,113128,20040900
603,399,412,8878878,7582,113540,19407900
604,384,382,8878494,7584,113922,19560600
605,372,395,8878122,7561,114317,19908900
606,414,334,8877708,7641,114651,19444700
607,384,390,8877324,7635,115041,19562300
608,405,404,8876919,7636,115445,20476700
609,408,382,8876511,7662,115827,19726800
610,408,402,8876103,7668,116229,20839000
611,402,395,8875701,7675,116624,20508500
612,406,353,8875295,7728,116977,19528100
613,401,410,8874894,7719,117387,19500500
614,431,363,8874463,7787,117750,19274000
615,389,414,8874074,7762,118164,19021500
616,411,383,8873663,7790,118547,18806800
617,371,393,8873292,7768,118940,19378300
618,415,422,8872877,7761,119362,19525000
619,352,390,8872525,7723,119752,19176000
620,395,398,8872130,7720,120150,19295800
621,408,398,8871722,7730,120548,19390500
622,399,361,8871323,7768,120909,19285800
623,422,396,8870901,7794,121305,19167700
624,395,401,8870506,7788,121706,19374800
625,428,363,8870078,7853,122069,19505400
626,432,429,8869646,7856,122498,19160100
627,442,392,8869204,7906,122890,19144100
628,423,396,8868781,7933,123286,18951400
629,447,410,8868334,7970,123696,19155600
630,412,368,8867922,8014,124064,19367300
631,436,393,8867486,8057,124457,19536800
632,449,403,8867037,8103,124860,19421400
633,435,382,8866602,8156,125242,19407200
634,469,394,8866133,8231,125636,19508500
635,435,386,8865698,8280,126022,19571800
636,434,383,8865264,8331,126405,19693100
637,450,437,8864814,8344,126842,19366400
638,431,410,8864383,8365,127252,19627000
639,436,409,8863947,8392,127661,19356300
640,415,431,8863532,8376,128092,19705900
641,458,428,8863074,8406,128520,19684000
642,436,437,8862638,8405,128957,19389100
643,465,404,8862173,8466,129361,19155300
644,455,435,8861718,8486,129796,19053500
645,397,414,8861321,8469,130210,19431300
646,452,406,8860869,8515,130616,19594900
647,461,413,8860408,8563,131029,19154000
648,404,431,8860004,8536,131460,19645800
649,417,397,8859587,8556,131857,18844400
650,443,440,8859144,8559,132297,19305800
651,422,419,8858722,8562,132716,19164200
652,464,426,8858258,8600,133142,19127300
653,433,454,8857825,8579,133596,19228100
654,423,449,8857402,8553,134045,19231800
655,441,433,8856961,8561,134478,18883500
656,468,408,8856493,8621,134886,19189000
657,505,446,8855988,8680,135332,19105300
658,452,513,8855536,8619,135845,18924100
659,457,435,8855079,8641,136280,19538100
660,447,395,8854632,8693,136675,19208600
661,458,387,8854174,8764,137062,18767700
662,437,433,8853737,8768,137495,20009700
663,458,429,8853279,8797,137924,19710600
664,467,422,8852812,8842,138346,19164300
665,482,459,8852330,8865,138805,18979500
666,480,429,8851850,8916,139234,20102100
667,453,427,8851397,8942,139661,19325700
668,500,465,8850897,8977,140126,19584100
669,421,455,8850476,8943,140581,19335000
670,412,448,8850064,8907,141029,19531300
671,469,460,8849595,8916,141489,19910400
672,439,477,8849156,8878,141966,19780300
673,411,462,8848745,8827,142428,19445300
674,447,423,8848298,8851,142851,19630000
675,445,448,8847853,8848,143299,19957100
676,468,424,8847385,8892,143723,18997200
677,429,457,8846956,8864,144180,19211400
678,458,470,8846498,8852,144650,19482000
679,469,432,8846029,8889,145082,19275500
680,476,443,8845553,8922,145525,19049300
681,458,456,8845095,8924,145981,18883700
682,467,451,8844628,8940,146432,19127700
683,469,453,8844159,8956,146885,19075200
684,459,417,8843700,8998,147302,19053100
685,453,456,8843247,8995,147758,19275200
686,406,443,8842841,8958,148201,19065800
687,475,461,8842366,8972,148662,19139800
688,496,406,8841870,9062,149068,19181500
689,492,443,8841378,9111,149511,19217400
690,448,436,8840930,9123,149947,19055400
691,440,457,8840490,9106,150404,19105100
692,495,431,8839995,9170,150835,19499600
693,483,443,8839512,9210,151278,18931200
694,441,473,8839071,9178,151751,18974900
695,470,447,8838601,9201,152198,19009100
696,473,477,8838128,9197,152675,19909100
697,467,429,8837661,9235,153104,19304400
698,504,457,8837157,9282,153561,19622000
699,483,477,8836674,9288,154038,20141300
700,509,500,8836165,9297,154538,20036800
701,473,484,8835692,9286,155022,19356900
702,486,503,8835206,9269,155525,19621600
703,481,459,8834725,9291,155984,19716500
704,489,475,8834236,9305,156459,20167100
705,432,459,8833804,9278,156918,19306100
706,478,470,8833326,9286,157388,19451500
707,488,454,8832838,9320,157842,19624500
708,499,474,8832339,9345,158316,19489600
709,487,469,8831852,9363,158785,19093500
710,482,468,8831370,9377,159253,19018500
711,455,431,8830915,9401,159684,19029600
712,494,475,8830421,9420,160159,19478900
713,484,476,8829937,9428,160635,19078400
714,505,477,8829432,9456,161112,19466200
715,476,442,8828956,9490,161554,19816500
716,482,485,8828474,9487,162039,18855900
717,459,469,8828015,9477,162508,18936300
718,517,460,8827498,9534,162968,18968000
719,506,466,8826992,9574,163434,19496300
720,522,504,8826470,9592,163938,19358400
721,494,474,8825976,9612,164412,19431300
722,521,422,8825455,9711,164834,19971300
723,500,479,8824955,9732,165313,19833800
724,504,486,8824451,9750,165799,21050300
725,500,504,8823951,9746,166303,19826500
726,517,441,8823434,9822,166744,19546800
727,529,511,8822905,9840,167255,19501900
728,511,524,8822394,9827,167779,20196600
729,484,494,8821910,9817,168273,19580200
730,478,461,8821432,9834,168734,19627200
731,453,460,8820979,9827,169194,19276500
732,489,507,8820490,9809,169701,19587900
733,513,494,8819977,9828,170195,19158900
734,495,498,8819482,9825,170693,19841000
735,506,469,8818976,9862,171162,19312000
736,526,456,8818450,9932,171618,19191100
737,448,500,8818002,9880,172118,18958400
738,532,484,8817470,9928,172602,19870600
739,521,477,8816949,9972,173079,20194100
740,499,458,8816450,10013,173537,19420700
741,494,484,8815956,10023,174021,19584000
742,500,535,8815456,9988,174556,19958800
743,515,510,8814941,9993,175066,20162200
744,511,448,8814430,10056,175514,19553200
745,506,485,8813924,10077,175999,20724200
746,499,494,8813425,10082,176493,19783400
747,514,499,8812911,10097,176992,20079700
748,505,490,8812406,10112,177482,20276000
749,539,521,8811867,10130,178003,19957300
750,541,499,8811326,10172,178502,20084300
751,553,482,8810773,10243,178984,19769200
752,517,524,8810256,10236,179508,20691100
753,474,519,8809782,10191,180027,19758200
754,514,494,8809268,10211,180521,20161900
755,503,496,8808765,10218,181017,20477400
756,483,501,8808282,10200,181518,20967800
757,511,528,8807771,10183,182046,20248000
758,486,510,8807285,10159,182556,19995200
759,516,509,8806769,10166,183065,20610700
760,494,516,8806275,10144,183581,21258900
761,528,517,8805747,10155,184098,20909500
762,495,550,8805252,10100,184648,20820500
763,535,509,8804717,10126,185157,20416800
764,506,493,8804211,10139,185650,20959600
765,552,503,8803659,10188,186153,22311200
766,557,525,8803102,10220,186678,24988500
767,548,487,8802554,10281,187165,20833700
768,514,507,8802040,10288,187672,20306100
769,500,539,8801540,10249,188211,20707000
770,491,516,8801049,10224,188727,20231000
771,529,507,8800520,10246,189234,20817300
772,552,505,8799968,10293,189739,20565600
773,555,523,8799413,10325,190262,19923700
774,512,552,8798901,10285,190814,22322900
775,508,486,8798393,10307,191300,20895800
776,519,485,8797874,10341,191785,20176600
777,497,532,8797377,10306,192317,19930400
778,549,533,8796828,10322,192850,19569600
779,523,549,8796305,10296,193399,19652400
780,518,526,8795787,10288,193925,19332900
781,503,509,8795284,10282,194434,19541200
782,525,516,8794759,10291,194950,19420600
783,514,532,8794245,10273,195482,19661100
784,540,506,8793705,10307,195988,20400700
785,529,492,8793176,10344,196480,19505900
786,520,494,8792656,10370,196974,19530900
787,563,526,8792093,10407,197500,19764300
788,526,520,8791567,10413,198020,19638500
789,518,522,8791049,10409,198542,19474600
790,523,497,8790526,10435,199039,19492700
791,548,497,8789978,10486,199536,19493500
792,550,494,8789428,10542,200030,19651700
793,559,553,8788869,10548,200583,19668600
794,546,479,8788323,10615,201062,19556700
795,510,549,8787813,10576,201611,19188100
796,519,533,8787294,10562,202144,19841900
797,529,570,8786765,10521,202714,19893200
798,526,486,8786239,10561,203200,19644100
799,517,532,8785722,10546,203732,20131700
800,524,525,8785198,10545,204257,19301100
801,559,557,8784639,10547,204814,19810800
802,523,516,8784116,10554,205330,19643000
803,551,494,8783565,10611,205824,19740100
804,522,531,8783043,10602,206355,19816300
805,511,506,8782532,10607,206861,19562300
806,523,553,8782009,10577,207414,19479100
807,490,547,8781519,10520,207961,20071300
808,531,533,8780988,10518,208494,19919100
809,501,494,8780487,10525,208988,20135300
810,540,553,8779947,10512,209541,19261500
811,532,537,8779415,10507,210078,19805400
812,560,558,8778855,10509,210636,19461600
813,577,467,8778278,10619,211103,19553400
814,572,520,8777706,10671,211623,19730500
815,570,523,8777136,10718,212146,19847400
816,539,569,8776597,10688,212715,19995700
817,603,539,8775994,10752,213254,19893000
818,556,553,8775438,10755,213807,19372300
819,527,523,8774911,10759,214330,19512700
820,540,588,8774371,10711,214918,21532300
821,531,548,8773840,10694,215466,21965200
822,561,525,8773279,10730,215991,20824900
823,529,572,8772750,10687,216563,19348800
824,522,522,8772228,10687,217085,19542700
825,495,547,8771733,10635,217632,19387400
826,508,558,8771225,10585,218190,19165900
827,504,502,8770721,10587,218692,19443000
828,553,540,8770168,10600,219232,19725000
829,532,562,8769636,10570,219794,19730800
830,577,584,8769059,10563,220378,19539400
831,566,520,8768493,10609,220898,19785000
832,534,565,8767959,10578,221463,19847100
833,522,535,8767437,10565,221998,19595600
834,592,533,8766845,10624,222531,20498300
835,560,558,8766285,10626,223089,19662100
836,566,528,8765719,10664,223617,19778500
837,552,581,8765167,10635,224198,19471500
838,526,505,8764641,10656,224703,19556600
839,531,546,8764110,10641,225249,19549100
840,554,520,8763556,10675,225769,19441400
841,586,516,8762970,10745,226285,19597500
842,569,515,8762401,10799,226800,18984700
843,539,561,8761862,10777,227361,18907500
844,585,523,8761277,10839,227884,19070200
845,532,511,8760745,10860,228395,19208600
846,531,553,8760214,10838,228948,19097000
847,529,542,8759685,10825,229490,19724800
848,583,536,8759102,10872,230026,20115000
849,567,548,8758535,10891,230574,19366000
850,585,578,8757950,10898,231152,19541000
851,544,530,8757406,10912,231682,19696600
852,537,574,8756869,10875,232256,19352700
853,586,540,8756283,10921,232796,19194200
854,571,526,8755712,10966,233322,19204500
855,641,548,8755071,11059,233870,19259000
856,586,580,8754485,11065,234450,19199900
857,560,567,8753925,11058,235017,19317400
858,568,538,8753357,11088,235555,20107600
859,554,546,8752803,11096,236101,19467600
860,593,594,8752210,11095,236695,19885500
861,615,608,8751595,11102,237303,19147100
862,568,514,8751027,11156,237817,19571900
863,587,611,8750440,11132,238428,19236900
864,609,561,8749831,11180,238989,19504100
865,610,579,8749221,11211,239568,19672600
866,560,584,8748661,11187,240152,19484400
867,604,532,8748057,11259,240684,19899400
868,539,559,8747518,11239,241243,19446600
869,575,582,8746943,11232,241825,19228000
870,560,583,8746383,11209,242408,19344000
871,597,549,8745786,11257,242957,19104200
872,552,579,8745234,11230,243536,19164500
873,561,556,8744673,11235,244092,19294500
874,570,567,8744103,11238,244659,19219600
875,555,544,8743548,11249,245203,20167900
876,613,529,8742935,11333,245732,19510700
877,572,627,8742363,11278,246359,19812500
878,566,519,8741797,11325,246878,19512100
879,601,541,8741196,11385,247419,19827700
880,570,577,8740626,11378,247996,19578300
881,602,586,8740024,11394,248582,19163000
882,591,574,8739433,11411,249156,19560000
883,616,579,8738817,11448,249735,19459600
884,604,548,8738213,11504,250283,19471700
885,565,567,8737648,11502,250850,19475100
886,595,567,8737053,11530,251417,19470000
887,604,580,8736449,11554,251997,19410600
888,558,608,8735891,11504,252605,19422400
889,540,590,8735351,11454,253195,19119100
890,569,593,8734782,11430,253788,19598400
891,538,576,8734244,11392,254364,19187500
892,589,591,8733655,11390,254955,19965200
893,574,558,8733081,11406,255513,19761200
894,550,530,8732531,11426,256043,20479600
895,576,588,8731955,11414,256631,19744800
896,564,558,8731391,11420,257189,20429400
897,552,564,8730839,11408,257753,20353900
898,561,548,8730278,11421,258301,19901800
899,592,557,8729686,11456,258858,19927200
900,587,564,8729099,11479,259422,19765900
901,579,594,8728520,11464,260016,20806200
902,527,612,8727993,11379,260628,20046800
903,595,542,8727398,11432,261170,19872300
904,578,582,8726820,11428,261752,19859700
905,595,555,8726225,11468,262307,19324500
906,565,566,8725660,11467,262873,19677200
907,554,623,8725106,11398,263496,20231500
908,580,582,8724526,11396,264078,20249200
909,588,598,8723938,11386,264676,19256300
910,577,563,8723361,11400,265239,20148500
911,583,591,8722778,11392,265830,19616500
912,621,602,8722157,11411,266432,19401200
913,578,573,8721579,11416,267005,19139500
914,545,541,8721034,11420,267546,19355800
915,553,538,8720481,11435,268084,19477000
916,557,635,8719924,11357,268719,19695800
917,601,549,8719323,11409,269268,19530000
918,569,553,8718754,11425,269821,19734500
919,594,611,8718160,11408,270432,19910000
920,568,570,8717592,11406,271002,19414300
921,588,601,8717004,11393,271603,19512200
922,584,568,8716420,11409,272171,19454500
923,618,559,8715802,11468,272730,20307200
924,576,579,8715226,11465,273309,19325100
925,626,601,8714600,11490,273910,19546100
926,577,563,8714023,11504,274473,19407800
927,595,561,8713428,11538,275034,19235900
928,576,598,8712852,11516,275632,19439300
929,595,590,8712257,11521,276222,19245100
930,626,601,8711631,11546,276823,20161100
931,569,544,8711062,11571,277367,19314000
932,629,568,8710433,11632,277935,19060400
933,579,611,8709854,11600,278546,19334300
934,628,601,8709226,11627,279147,19139100
935,584,563,8708642,11648,279710,19352600
936,596,580,8708046,11664,280290,19356000
937,622,573,8707424,11713,280863,19636000
938,584,597,8706840,11700,281460,19354100
939,637,592,8706203,11745,282052,19132700
940,639,590,8705564,11794,282642,19747000
941,610,601,8704954,11803,283243,19217400
942,608,603,8704346,11808,283846,19579000
943,565,603,8703781,11770,284449,19525300
944,581,605,8703200,11746,285054,20014000
945,619,611,8702581,11754,285665,19306600
946,594,586,8701987,11762,286251,19125300
947,627,572,8701360,11817,286823,19799300
948,597,619,8700763,11795,287442,19636900
949,602,587,8700161,11810,288029,19966700
950,630,584,8699531,11856,288613,20240200
951,602,582,8698929,11876,289195,20680600
952,581,556,8698348,11901,289751,21275800
953,594,579,8697754,11916,290330,20038300
954,590,592,8697164,11914,290922,19886000
955,642,600,8696522,11956,291522,19764400
956,629,575,8695893,12010,292097,21009800
957,591,614,8695302,11987,292711,21086100
958,613,627,8694689,11973,293338,20514900
959,624,596,8694065,12001,293934,20491900
960,567,611,8693498,11957,294545,20951100
961,623,605,8692875,11975,295150,20162200
962,592,594,8692283,11973,295744,19973900
963,569,579,8691714,11963,296323,20683900
964,602,633,8691112,11932,296956,20156300
965,578,599,8690534,11911,297555,19422800
966,593,586,8689941,11918,298141,19827300
967,589,588,8689352,11919,298729,20322800
968,603,591,8688749,11931,299320,19955500
969,570,578,8688179,11923,299898,21529500
970,549,601,8687630,11871,300499,20148300
971,643,603,8686987,11911,301102,20334500
972,615,573,8686372,11953,301675,19962400
973,609,559,8685763,12003,302234,20510200
974,627,606,8685136,12024,302840,19989200
975,657,604,8684479,12077,303444,19382200
976,620,596,8683859,12101,304040,19567800
977,578,689,8683281,11990,304729,21115600
978,601,613,8682680,11978,305342,21479500
979,570,620,8682110,11928,305962,20720700
980,598,593,8681512,11933,306555,19621700
981,613,586,8680899,11960,307141,19977900
982,581,579,8680318,11962,307720,20372700
983,581,590,8679737,11953,308310,20008300
984,623,584,8679114,11992,308894,19474600
985,596,604,8678518,11984,309498,19567200
986,569,591,8677949,11962,310089,19863800
987,592,584,8677357,11970,310673,19705900
988,620,597,8676737,11993,311270,19963200
989,603,583,8676134,12013,311853,20012800
990,614,596,8675520,12031,312449,19583600
991,610,607,8674910,12034,313056,19641500
992,653,581,8674257,12106,313637,19643000
993,614,635,8673643,12085,314272,19506100
994,653,537,8672990,12201,314809,19742100
995,595,604,8672395,12192,315413,19457500
996,644,567,8671751,12269,315980,19302300
997,612,624,8671139,12257,316604,19539600
998,636,644,8670503,12249,317248,19735900
999,668,650,8669835,12267,317898,20324200
1000,630,618,8669205,12279,318516,19769400
1001,634,602,8668571,12311,319118,19354400
1002,619,599,8667952,12331,319717,20101900
1003,637,634,8667315,12334,320351,19686700
1004,572,611,8666743,12295,320962,19809000
1005,646,581,8666097,12360,321543,19529500
1006,629,596,8665468,12393,322139,19955700
1007,630,597,8664838,12426,322736,19802900
1008,584,623,8664254,12387,323359,19924200
1009,614,617,8663640,12384,323976,19537200
1010,601,619,8663039,12366,324595,20608000
1011,596,573,8662443,12389,325168,20328800
1012,608,605,8661835,12392,325773,21145800
1013,610,593,8661225,12409,326366,21686600
1014,630,656,8660595,12383,327022,20326300
1015,649,597,8659946,12435,327619,19990700
1016,620,649,8659326,12406,328268,19765200
1017,601,593,8658725,12414,328861,20074400
1018,570,605,8658155,12379,329466,19859700
1019,601,641,8657554,12339,330107,20186200
1020,624,659,8656930,12304,330766,19928700
1021,614,697,8656316,12221,331463,19976300
1022,628,607,8655688,12242,332070,19722500
1023,642,584,8655046,12300,332654,20271700
1024,639,651,8654407,12288,333305,20709500
1025,598,673,8653809,12213,333978,19502000
1026,625,627,8653184,12211,334605,19991900
1027,571,645,8652613,12137,335250,20544300
1028,614,583,8651999,12168,335833,19442300
1029,620,620,8651379,12168,336453,19531200
1030,616,664,8650763,12120,337117,19703700
1031,609,642,8650154,12087,337759,19469200
1032,610,614,8649544,12083,338373,19934100
1033,583,605,8648961,12061,338978,19801400
1034,639,542,8648322,12158,339520,19320900
1035,666,576,8647656,12248,340096,19838800
1036,634,590,8647022,12292,340686,19713200
1037,631,548,8646391,12375,341234,19993000
1038,610,566,8645781,12419,341800,19771100
1039,642,637,8645139,12424,342437,20282900
1040,619,611,8644520,12432,343048,19437000
1041,624,630,8643896,12426,343678,19502500
1042,620,619,8643276,12427,344297,19577100
1043,564,591,8642712,12400,344888,20076400
1044,593,635,8642119,12358,345523,20434800
1045,624,618,8641495,12364,346141,21374600
1046,623,623,8640872,12364,346764,20536100
1047,641,578,8640231,12427,347342,19878600
1048,631,627,8639600,12431,347969,19681200
1049,665,605,8638935,12491,348574,20130700
1050,640,638,8638295,12493,349212,20671700
1051,691,594,8637604,12590,349806,19565300
1052,680,600,8636924,12670,350406,19728400
1053,607,634,8636317,12643,351040,19169200
1054,664,672,8635653,12635,351712,19825800
1055,646,657,8635007,12624,352369,19570300
1056,614,660,8634393,12578,353029,19217200
1057,623,624,8633770,12577,353653,19695400
1058,634,620,8633136,12591,354273,19481100
1059,647,584,8632489,12654,354857,19215000
1060,645,618,8631844,12681,355475,19477600
1061,653,627,8631191,12707,356102,20193200
1062,645,642,8630546,12710,356744,19641700
1063,632,633,8629914,12709,357377,19171900
1064,632,699,8629282,12642,358076,19523200
1065,621,606,8628661,12657,358682,19475400
1066,645,628,8628016,12674,359310,20088200
1067,624,623,8627392,12675,359933,19284700
1068,641,649,8626751,12667,360582,19280700
1069,632,616,8626119,12683,361198,19362400
1070,605,652,8625514,12636,361850,19808600
1071,649,614,8624865,12671,362464,19755700
1072,640,614,8624225,12697,363078,20125800
1073,651,596,8623574,12752,363674,19181200
1074,614,616,8622960,12750,364290,19302900
1075,648,675,8622312,12723,364965,19279800
1076,665,637,8621647,12751,365602,19242500
1077,620,660,8621027,12711,366262,19377100
1078,685,592,8620342,12804,366854,19502800
1079,655,620,8619687,12839,367474,19952500
1080,632,654,8619055,12817,368128,19404600
1081,688,650,8618367,12855,368778,20243600
1082,720,641,8617647,12934,369419,19682200
1083,650,616,8616997,12968,370035,19304500
1084,632,620,8616365,12980,370655,19328500
1085,697,693,8615668,12984,371348,19488700
1086,660,648,8615008,12996,371996,19863400
1087,657,676,8614351,12977,372672,19938700
1088,672,622,8613679,13027,373294,19737900
1089,662,636,8613017,13053,373930,20046800
1090,662,682,8612355,13033,374612,19541000
1091,654,667,8611701,13020,375279,19862700
1092,696,664,8611005,13052,375943,19823500
1093,670,668,8610335,13054,376611,19687600
1094,689,692,8609646,13051,377303,19795100
1095,678,660,8608968,13069,377963,19665700
1096,680,653,8608288,13096,378616,19554900
1097,716,600,8607572,13212,379216,19873000
1098,696,652,8606876,13256,379868,19363700
1099,669,727,8606207,13198,380595,19341600
1100,629,660,8605578,13167,381255,19389900
1101,663,650,8604915,13180,381905,19221800
1102,621,628,8604294,13173,382533,19312200
1103,662,635,8603632,13200,383168,19490100
1104,635,667,8602997,13168,383835,19131400
1105,621,735,8602376,13054,384570,19395100
1106,616,613,8601760,13057,385183,19031600
1107,616,651,8601144,13022,385834,19128000
1108,662,651,8600482,13033,386485,19379200
1109,673,667,8599809,13039,387152,19264900
1110,660,658,8599149,13041,387810,19097400
1111,668,661,8598481,13048,388471,19096200
1112,713,649,8597768,13112,389120,19044400
1113,678,695,8597090,13095,389815,19248400
1114,728,669,8596362,13154,390484,19258000
1115,636,634,8595726,13156,391118,19074700
1116,648,697,8595078,13107,391815,19325000
1117,687,699,8594391,13095,392514,19602700
1118,701,626,8593690,13170,393140,19405300
1119,656,640,8593034,13186,393780,19441600
1120,699,680,8592335,13205,394460,19284800
1121,637,667,8591698,13175,395127,19483700
1122,682,651,8591016,13206,395778,20666700
1123,669,672,8590347,13203,396450,19572900
1124,706,633,8589641,13276,397083,19426800
1125,677,637,8588964,13316,397720,19621600
1126,670,696,8588294,13290,398416,19766900
1127,697,638,8587597,13349,399054,19363000
1128,669,650,8586928,13368,399704,19371300
1129,674,680,8586254,13362,400384,19681000
1130,680,644,8585574,13398,401028,19319300
1131,662,672,8584912,13388,401700,19662700
1132,681,678,8584231,13391,402378,19578600
1133,667,653,8583564,13405,403031,19199600
1134,680,646,8582884,13439,403677,19328100
1135,674,685,8582210,13428,404362,19313200
1136,710,710,8581500,13428,405072,19371100
1137,694,654,8580806,13468,405726,20313400
1138,642,655,8580164,13455,406381,19288700
1139,734,670,8579430,13519,407051,19417300
1140,716,672,8578714,13563,407723,18996700
1141,701,663,8578013,13601,408386,19825200
1142,703,699,8577310,13605,409085,19591700
1143,683,662,8576627,13626,409747,19310400
1144,732,690,8575895,13668,410437,19574400
1145,705,731,8575190,13642,411168,19423000
1146,675,663,8574515,13654,411831,19374700
1147,648,675,8573867,13627,412506,19437600
1148,673,696,8573194,13604,413202,19329700
1149,704,724,8572490,13584,413926,19584300
1150,690,681,8571800,13593,414607,20582200
1151,691,721,8571109,13563,415328,20228700
1152,688,715,8570421,13536,416043,20647200
1153,701,717,8569720,13520,416760,19897300
1154,663,660,8569057,13523,417420,20558800
1155,712,680,8568345,13555,418100,19819800
1156,672,692,8567673,13535,418792,19926900
1157,682,646,8566991,13571,419438,19658300
1158,737,680,8566254,13628,420118,19733700
1159,671,703,8565583,13596,420821,19923000
1160,706,668,8564877,13634,421489,19692700
1161,683,666,8564194,13651,422155,19571500
1162,696,642,8563498,13705,422797,20081200
1163,673,703,8562825,13675,423500,19789900
1164,670,673,8562155,13672,424173,19380500
1165,673,671,8561482,13674,424844,19421500
1166,672,673,8560810,13673,425517,19574200
1167,679,663,8560131,13689,426180,19171100
1168,720,679,8559411,13730,426859,18983400
1169,692,695,8558719,13727,427554,19244100
1170,682,692,8558037,13717,428246,19107300
1171,679,697,8557358,13699,428943,19698000
1172,668,719,8556690,13648,429662,19773700
1173,655,656,8556035,13647,430318,20116700
1174,685,703,8555350,13629,431021,19543600
1175,665,715,8554685,13579,431736,19727600
1176,698,699,8553987,13578,432435,19742400
1177,659,713,8553328,13524,433148,19877400
1178,689,672,8552639,13541,433820,19203300
1179,691,704,8551948,13528,434524,19330400
1180,664,633,8551284,13559,435157,19125700
1181,689,663,8550595,13585,435820,19178000
1182,712,705,8549883,13592,436525,19321600
1183,648,701,8549235,13539,437226,19448100
1184,683,709,8548552,13513,437935,19352100
1185,679,666,8547873,13526,438601,19237000
1186,729,673,8547144,13582,439274,19344000
1187,693,653,8546451,13622,439927,19068500
1188,719,683,8545732,13658,440610,19099900
1189,704,667,8545028,13695,441277,19820100
1190,728,690,8544300,13733,441967,19394100
1191,719,653,8543581,13799,442620,19143400
1192,720,639,8542861,13880,443259,19205400
1193,701,711,8542160,13870,443970,19371000
1194,687,671,8541473,13886,444641,19133700
1195,730,705,8540743,13911,445346,19173600
1196,655,679,8540088,13887,446025,19338700
1197,706,716,8539382,13877,446741,19660700
1198,657,670,8538725,13864,447411,19303100
1199,699,747,8538026,13816,448158,19316200
1200,722,675,8537304,13863,448833,19548500
1201,686,659,8536618,13890,449492,19251700
1202,725,668,8535893,13947,450160,20296500
1203,703,693,8535190,13957,450853,19685200
1204,694,701,8534496,13950,451554,19295000
1205,710,688,8533786,13972,452242,19876900
1206,721,727,8533065,13966,452969,19839800
1207,708,674,8532357,14000,453643,19160400
1208,668,677,8531689,13991,454320,19112900
1209,739,669,8530950,14061,454989,19190200
1210,667,674,8530283,14054,455663,19445500
1211,720,699,8529563,14075,456362,19296100
1212,671,675,8528892,14071,457037,19347300
1213,675,657,8528217,14089,457694,19154100
1214,679,668,8527538,14100,458362,19278700
1215,705,713,8526833,14092,459075,19522900
1216,709,684,8526124,14117,459759,20120700
1217,701,744,8525423,14074,460503,19663400
1218,690,742,8524733,14022,461245,19710600
1219,685,736,8524048,13971,461981,19684100
1220,678,723,8523370,13926,462704,20418000
1221,674,693,8522696,13907,463397,19541400
1222,713,706,8521983,13914,464103,19602400
1223,729,714,8521254,13929,464817,19524000
1224,748,683,8520506,13994,465500,19968800
1225,722,668,8519784,14048,466168,19660400
1226,730,749,8519054,14029,466917,19534200
1227,694,662,8518360,14061,467579,19553100
1228,779,712,8517581,14128,468291,19514300
1229,737,722,8516844,14143,469013,18913400
1230,752,682,8516092,14213,469695,19172800
1231,725,733,8515367,14205,470428,19638900
1232,743,724,8514624,14224,471152,19437000
1233,734,730,8513890,14228,471882,19532400
1234,726,738,8513164,14216,472620,19288900
1235,717,654,8512447,14279,473274,19172000
1236,693,712,8511754,14260,473986,19648200
1237,733,645,8511021,14348,474631,19630900
1238,712,676,8510309,14384,475307,19851200
1239,695,740,8509614,14339,476047,19037100
1240,715,698,8508899,14356,476745,19171700
1241,747,760,8508152,14343,477505,19328800
1242,710,690,8507442,14363,478195,19208500
1243,744,715,8506698,14392,478910,79024400
1244,755,716,8505943,14431,479626,18885300
1245,693,696,8505250,14428,480322,19360600
1246,718,751,8504532,14395,481073,19004300
1247,745,725,8503787,14415,481798,19051600
1248,742,777,8503045,14380,482575,19283100
1249,724,756,8502321,14348,483331,19056800
1250,765,689,8501556,14424,484020,19738900
1251,724,740,8500832,14408,484760,19949600
1252,740,735,8500092,14413,485495,19886300
1253,746,751,8499346,14408,486246,19462900
1254,782,726,8498564,14464,486972,19095800
1255,703,690,8497861,14477,487662,19579300
1256,744,705,8497117,14516,488367,18973100
1257,769,731,8496348,14554,489098,18984800
1258,773,731,8495575,14596,489829,19697900
1259,731,702,8494844,14625,490531,19414400
1260,728,715,8494116,14638,491246,19021200
1261,743,703,8493373,14678,491949,19205800
1262,749,731,8492624,14696,492680,19632300
1263,740,725,8491884,14711,493405,19293200
1264,763,737,8491121,14737,494142,18990900
1265,750,734,8490371,14753,494876,18961200
1266,752,695,8489619,14810,495571,19020200
1267,730,767,8488889,14773,496338,19024600
1268,761,714,8488128,14820,497052,19258600
1269,749,717,8487379,14852,497769,19059600
1270,729,750,8486650,14831,498519,18846600
1271,697,752,8485953,14776,499271,19043300
1272,714,696,8485239,14794,499967,18887300
1273,754,681,8484485,14867,500648,19570300
1274,764,754,8483721,14877,501402,19431200
1275,748,699,8482973,14926,502101,19259800
1276,741,798,8482232,14869,502899,19356600
1277,718,776,8481514,14811,503675,19496700
1278,735,770,8480779,14776,504445,19871100
1279,711,731,8480068,14756,505176,19364700
1280,725,735,8479343,14746,505911,19530400
1281,731,715,8478612,14762,506626,19641500
1282,739,678,8477873,14823,507304,19337600
1283,741,775,8477132,14789,508079,19309300
1284,799,743,8476333,14845,508822,19254600
1285,735,687,8475598,14893,509509,19062700
1286,766,750,8474832,14909,510259,19229400
1287,747,762,8474085,14894,511021,19277500
1288,742,751,8473343,14885,511772,19198100
1289,748,780,8472595,14853,512552,19213300
1290,740,775,8471855,14818,513327,19390900
1291,770,705,8471085,14883,514032,19357600
1292,715,758,8470370,14840,514790,18950800
1293,741,738,8469629,14843,515528,19707400
1294,733,779,8468896,14797,516307,19362200
1295,709,722,8468187,14784,517029,19097700
1296,778,741,8467409,14821,517770,19008200
1297,723,707,8466686,14837,518477,19359700
1298,727,682,8465959,14882,519159,19000600
1299,748,754,8465211,14876,519913,19154900
1300,734,758,8464477,14852,520671,19046000
1301,770,782,8463707,14840,521453,19288900
1302,783,773,8462924,14850,522226,19174300
1303,772,739,8462152,14883,522965,19443800
1304,753,778,8461399,14858,523743,19291700
1305,745,786,8460654,14817,524529,19760300
1306,695,787,8459959,14725,525316,19103200
1307,694,690,8459265,14729,526006,19282200
1308,709,772,8458556,14666,526778,18803300
1309,796,706,8457760,14756,527484,19282600
1310,769,675,8456991,14850,528159,19567000
1311,762,751,8456229,14861,528910,19090400
1312,769,741,8455460,14889,529651,19189300
1313,743,735,8454717,14897,530386,19240700
1314,750,768,8453967,14879,531154,19579200
1315,722,747,8453245,14854,531901,19037800
1316,768,721,8452477,14901,532622,19123800
1317,725,808,8451752,14818,533430,19611100
1318,771,715,8450981,14874,534145,18770100
1319,771,718,8450210,14927,534863,18781600
1320,735,721,8449475,14941,535584,18943600
1321,769,734,8448706,14976,536318,19639000
1322,783,726,8447923,15033,537044,19632500
1323,733,727,8447190,15039,537771,18975600
1324,744,772,8446446,15011,538543,19042200
1325,761,769,8445685,15003,539312,19824200
1326,741,746,8444944,14998,540058,19386900
1327,760,742,8444184,15016,540800,19226700
1328,767,762,8443417,15021,541562,19239300
1329,766,747,8442651,15040,542309,19093900
1330,757,768,8441894,15029,543077,18961100
1331,785,698,8441109,15116,543775,19072100
1332,704,782,8440405,15038,544557,19365200
1333,761,790,8439644,15009,545347,19309600
1334,744,757,8438900,14996,546104,19420700
1335,843,722,8438057,15117,546826,19274600
1336,796,729,8437261,15184,547555,18953800
1337,804,775,8436457,15213,548330,19214100
1338,785,744,8435672,15254,549074,19624200
1339,821,777,8434851,15298,549851,19121500
1340,787,755,8434064,15330,550606,19037300
1341,792,781,8433272,15341,551387,18886900
1342,743,809,8432529,15275,552196,19127000
1343,768,767,8431761,15276,552963,19743300
1344,784,771,8430977,15289,553734,19469200
1345,783,739,8430194,15333,554473,19761100
1346,805,774,8429389,15364,555247,19527800
1347,784,790,8428605,15358,556037,19591000
1348,820,783,8427785,15395,556820,19517400
1349,804,772,8426981,15427,557592,19555100
1350,755,751,8426226,15431,558343,19466500
1351,807,814,8425419,15424,559157,19529100
1352,795,778,8424624,15441,559935,19754800
1353,781,801,8423843,15421,560736,20012700
1354,757,731,8423086,15447,561467,19891800
1355,721,768,8422365,15400,562235,20517900
1356,747,768,8421618,15379,563003,19914200
1357,767,797,8420851,15349,563800,19171400
1358,746,781,8420105,15314,564581,19098600
1359,791,740,8419314,15365,565321,19107300
1360,781,792,8418533,15354,566113,18988700
1361,761,735,8417772,15380,566848,19020000
1362,799,764,8416973,15415,567612,19173900
1363,778,752,8416195,15441,568364,19617200
1364,775,783,8415420,15433,569147,19780900
1365,768,768,8414652,15433,569915,19083800
1366,812,737,8413840,15508,570652,19612500
1367,768,785,8413072,15491,571437,19002000
1368,792,819,8412280,15464,572256,19526400
1369,782,805,8411498,15441,573061,19011100
1370,779,789,8410719,15431,573850,19164300
1371,789,789,8409930,15431,574639,19122300
1372,787,734,8409143,15484,575373,19021400
1373,772,800,8408371,15456,576173,19082200
1374,801,760,8407570,15497,576933,19352200
1375,772,770,8406798,15499,577703,19055500
1376,799,767,8405999,15531,578470,19160800
1377,853,768,8405146,15616,579238,19127300
1378,815,777,8404331,15654,580015,19469000
1379,755,780,8403576,15629,580795,19421300
1380,805,799,8402771,15635,581594,19103600
1381,725,806,8402046,15554,582400,19042800
1382,822,818,8401224,15558,583218,19042400
1383,783,801,8400441,15540,584019,19009800
1384,781,758,8399660,15563,584777,19266900
1385,761,796,8398899,15528,585573,19301600
1386,776,779,8398123,15525,586352,19306100
1387,739,762,8397384,15502,587114,18889900
1388,791,797,8396593,15496,587911,19487100
1389,812,750,8395781,15558,588661,19211600
1390,794,784,8394987,15568,589445,19336900
1391,809,819,8394178,15558,590264,18940800
1392,834,808,8393344,15584,591072,19723000
1393,851,770,8392493,15665,591842,19224800
1394,843,739,8391650,15769,592581,18985100
1395,808,818,8390842,15759,593399,19018600
1396,832,811,8390010,15780,594210,19072300
1397,805,747,8389205,15838,594957,19302700
1398,801,782,8388404,15857,595739,19086000
1399,803,819,8387601,15841,596558,19135400
1400,786,782,8386815,15845,597340,19205800
1401,785,788,8386030,15842,598128,19225500
1402,840,838,8385190,15844,598966,19019600
1403,768,792,8384422,15820,599758,19173800
1404,792,777,8383630,15835,600535,19497200
1405,848,847,8382782,15836,601382,19298600
1406,749,818,8382033,15767,602200,19348300
1407,776,798,8381257,15745,602998,19283400
1408,772,854,8380485,15663,603852,19016600
1409,788,786,8379697,15665,604638,20002000
1410,741,769,8378956,15637,605407,19446900
1411,827,738,8378129,15726,606145,19394600
1412,805,776,8377324,15755,606921,19450600
1413,781,754,8376543,15782,607675,20067300
1414,786,815,8375757,15753,608490,19684200
1415,793,795,8374964,15751,609285,19540300
1416,804,787,8374160,15768,610072,19648500
1417,833,776,8373327,15825,610848,19621100
1418,843,741,8372484,15927,611589,19462300
1419,825,863,8371659,15889,612452,19342800
1420,869,777,8370790,15981,613229,19837800
1421,803,812,8369987,15972,614041,19353400
1422,792,756,8369195,16008,614797,19244800
1423,799,750,8368396,16057,615547,19279400
1424,851,807,8367545,16101,616354,19181200
1425,824,820,8366721,16105,617174,18832200
1426,843,799,8365878,16149,617973,19203700
1427,824,792,8365054,16181,618765,19297700
1428,836,804,8364218,16213,619569,19014900
1429,863,800,8363355,16276,620369,18953400
1430,820,817,8362535,16279,621186,19910300
1431,845,843,8361690,16281,622029,19700100
1432,839,877,8360851,16243,622906,18977800
1433,829,787,8360022,16285,623693,19125400
1434,801,803,8359221,16283,624496,18949400
1435,806,805,8358415,16284,625301,19445900
1436,849,808,8357566,16325,626109,19164100
1437,836,809,8356730,16352,626918,19605200
1438,823,825,8355907,16350,627743,20145000
1439,802,850,8355105,16302,628593,19118600
1440,848,806,8354257,16344,629399,18905800
1441,787,825,8353470,16306,630224,18989300
1442,788,820,8352682,16274,631044,19236100
1443,804,774,8351878,16304,631818,18883300
1444,878,875,8351000,16307,632693,19178400
1445,805,780,8350195,16332,633473,19469400
1446,836,825,8349359,16343,634298,19026500
1447,879,773,8348480,16449,635071,19007000
1448,775,835,8347705,16389,635906,19090400
1449,799,854,8346906,16334,636760,19295300
1450,789,811,8346117,16312,637571,19109500
1451,783,811,8345334,16284,638382,19042100
1452,849,813,8344485,16320,639195,20054700
1453,832,883,8343653,16269,640078,19533400
1454,839,816,8342814,16292,640894,19629000
1455,840,830,8341974,16302,641724,19506200
1456,810,800,8341164,16312,642524,19528900
1457,832,830,8340332,16314,643354,19687300
1458,877,822,8339455,16369,644176,20005300
1459,839,822,8338616,16386,644998,19303500
1460,782,818,8337834,16350,645816,20229100
1461,818,806,8337016,16362,646622,19014200
1462,844,763,8336172,16443,647385,19321300
1463,770,816,8335402,16397,648201,19672300
1464,790,789,8334612,16398,648990,19378000
1465,827,808,8333785,16417,649798,19398800
1466,817,854,8332968,16380,650652,19538200
1467,808,832,8332160,16356,651484,19516600
1468,795,800,8331365,16351,652284,19732900
1469,818,831,8330547,16338,653115,19716500
1470,856,832,8329691,16362,653947,19709700
1471,833,788,8328858,16407,654735,19785300
1472,882,825,8327976,16464,655560,19488600
1473,878,823,8327098,16519,656383,19726200
1474,798,813,8326300,16504,657196,20236900
1475,841,851,8325459,16494,658047,22408000
1476,829,915,8324630,16408,658962,20896500
1477,834,817,8323796,16425,659779,19516500
1478,873,867,8322923,16431,660646,19731500
1479,805,834,8322118,16402,661480,19625500
1480,831,822,8321287,16411,662302,19361300
1481,850,837,8320437,16424,663139,19740000
1482,827,791,8319610,16460,663930,20361000
1483,858,795,8318752,16523,664725,19910600
1484,810,871,8317942,16462,665596,19264100
1485,791,822,8317151,16431,666418,19604900
1486,860,848,8316291,16443,667266,19717000
1487,827,801,8315464,16469,668067,19760000
1488,871,796,8314593,16544,668863,19440900
1489,787,851,8313806,16480,669714,19353400
1490,831,780,8312975,16531,670494,19112200
1491,845,855,8312130,16521,671349,19566200
1492,853,856,8311277,16518,672205,19304600
1493,885,842,8310392,16561,673047,19501600
1494,862,839,8309530,16584,673886,19398000
1495,821,850,8308709,16555,674736,19091100
1496,810,819,8307899,16546,675555,20074300
1497,840,839,8307059,16547,676394,19146400
1498,843,788,8306216,16602,677182,19117200
1499,820,843,8305396,16579,678025,19322500
1500,843,799,8304553,16623,678824,19217400
1501,829,794,8303724,16658,679618,19424900
1502,797,864,8302927,16591,680482,18971100
1503,820,813,8302107,16598,681295,19584000
1504,840,822,8301267,16616,682117,19480200
1505,839,803,8300428,16652,682920,19131000
1506,794,881,8299634,16565,683801,19597300
1507,821,840,8298813,16546,684641,18979500
1508,821,793,8297992,16574,685434,20204200
1509,784,818,8297208,16540,686252,19090100
1510,843,826,8296365,16557,687078,20024000
1511,866,782,8295499,16641,687860,20088800
1512,888,836,8294611,16693,688696,19270100
1513,796,857,8293815,16632,689553,19547700
1514,818,818,8292997,16632,690371,18904700
1515,869,816,8292128,16685,691187,19160400
1516,856,823,8291272,16718,692010,19167900
1517,826,827,8290446,16717,692837,19957900
1518,885,848,8289561,16754,693685,19043900
1519,827,863,8288734,16718,694548,19269100
1520,837,843,8287897,16712,695391,19561300
1521,801,835,8287096,16678,696226,19564800
1522,808,816,8286288,16670,697042,20138900
1523,889,825,8285399,16734,697867,19215100
1524,862,847,8284537,16749,698714,19094700
1525,858,799,8283679,16808,699513,19146900
1526,872,841,8282807,16839,700354,19400200
1527,849,822,8281958,16866,701176,19348300
1528,836,831,8281122,16871,702007,19435600
1529,840,867,8280282,16844,702874,19252100
1530,831,926,8279451,16749,703800,19839600
1531,895,867,8278556,16777,704667,19351600
1532,872,855,8277684,16794,705522,19219700
1533,845,823,8276839,16816,706345,19779900
1534,859,840,8275980,16835,707185,19537600
1535,851,844,8275129,16842,708029,19164000
1536,803,851,8274326,16794,708880,19486200
1537,827,856,8273499,16765,709736,19910500
1538,827,847,8272672,16745,710583,19115400
1539,850,843,8271822,16752,711426,19180500
1540,862,859,8270960,16755,712285,19565400
1541,806,834,8270154,16727,713119,19588800
1542,840,868,8269314,16699,713987,19571100
1543,881,831,8268433,16749,714818,19448100
1544,832,826,8267601,16755,715644,19520600
1545,888,810,8266713,16833,716454,19707600
1546,878,888,8265835,16823,717342,19635000
1547,867,886,8264968,16804,718228,19872500
1548,845,826,8264123,16823,719054,19611100
1549,845,830,8263278,16838,719884,19791500
1550,854,826,8262424,16866,720710,19492300
1551,870,787,8261554,16949,721497,20233300
1552,888,826,8260666,17011,722323,19599800
1553,871,815,8259795,17067,723138,19331100
1554,889,832,8258906,17124,723970,19138800
1555,861,864,8258045,17121,724834,19205100
1556,894,870,8257151,17145,725704,19388400
1557,844,816,8256307,17173,726520,19441500
1558,848,840,8255459,17181,727360,19401200
1559,782,850,8254677,17113,728210,19656600
1560,864,842,8253813,17135,729052,19291700
1561,888,850,8252925,17173,729902,19270700
1562,888,851,8252037,17210,730753,19320500
1563,819,827,8251218,17202,731580,19327000
1564,849,857,8250369,17194,732437,19173500
1565,840,844,8249529,17190,733281,19487800
1566,859,971,8248670,17078,734252,19461000
1567,855,857,8247815,17076,735109,19160100
1568,897,863,8246918,17110,735972,19616800
1569,826,817,8246092,17119,736789,19426600
1570,841,880,8245251,17080,737669,19444100
1571,884,919,8244367,17045,738588,19469500
1572,814,839,8243553,17020,739427,19299800
1573,885,823,8242668,17082,740250,19670400
1574,856,839,8241812,17099,741089,19677600
1575,853,843,8240959,17109,741932,20214300
1576,852,899,8240107,17062,742831,19029700
1577,884,847,8239223,17099,743678,19363400
1578,822,847,8238401,17074,744525,19522400
1579,862,845,8237539,17091,745370,19413300
1580,861,816,8236678,17136,746186,19333300
1581,881,844,8235797,17173,747030,18861800
1582,901,865,8234896,17209,747895,19154100
1583,884,857,8234012,17236,748752,19197500
1584,866,871,8233146,17231,749623,19529400
1585,806,901,8232340,17136,750524,20575100
1586,845,878,8231495,17103,751402,19241000
1587,854,854,8230641,17103,752256,19398700
1588,821,857,8229820,17067,753113,19584700
1589,876,837,8228944,17106,753950,19185800
1590,869,900,8228075,17075,754850,19226700
1591,866,867,8227209,17074,755717,19474200
1592,922,948,8226287,17048,756665,20222700
1593,893,866,8225394,17075,757531,19113300
1594,904,864,8224490,17115,758395,19096800
1595,915,885,8223575,17145,759280,19636600
1596,884,901,8222691,17128,760181,19777400
1597,915,855,8221776,17188,761036,19335600
1598,950,844,8220826,17294,761880,19456800
1599,948,864,8219878,17378,762744,19528100
1600,930,844,8218948,17464,763588,19197600
1601,955,848,8217993,17571,764436,19948600
1602,926,858,8217067,17639,765294,19516000
1603,922,870,8216145,17691,766164,19806200
1604,938,860,8215207,17769,767024,18990700
1605,909,932,8214298,17746,767956,19704100
1606,945,929,8213353,17762,768885,19425800
1607,941,947,8212412,17756,769832,19537300
1608,891,901,8211521,17746,770733,19791500
1609,914,893,8210607,17767,771626,19445800
1610,848,882,8209759,17733,772508,19639700
1611,993,893,8208766,17833,773401,19620700
1612,872,844,8207894,17861,774245,19655600
1613,922,926,8206972,17857,775171,19604100
1614,935,882,8206037,17910,776053,20439400
1615,947,901,8205090,17956,776954,19562100
1616,941,862,8204149,18035,777816,19492600
1617,937,872,8203212,18100,778688,19503300
1618,843,911,8202369,18032,779599,19654200
1619,990,893,8201379,18129,780492,19562000
1620,995,913,8200384,18211,781405,19012500
1621,958,927,8199426,18242,782332,18968300
1622,944,913,8198482,18273,783245,19288200
1623,974,903,8197508,18344,784148,19310400
1624,962,908,8196546,18398,785056,19417000
1625,966,905,8195580,18459,785961,19530100
1626,931,920,8194649,18470,786881,19283000
1627,943,946,8193706,18467,787827,19180000
1628,937,900,8192769,18504,788727,19177100
1629,922,884,8191847,18542,789611,19413600
1630,938,969,8190909,18511,790580,19307100
1631,985,912,8189924,18584,791492,19376600
1632,960,950,8188964,18594,792442,19215800
1633,917,906,8188047,18605,793348,19210800
1634,962,907,8187085,18660,794255,19336400
1635,954,961,8186131,18653,795216,19222900
1636,896,943,8185235,18606,796159,19649400
1637,921,916,8184314,18611,797075,20072700
1638,911,948,8183403,18574,798023,18858300
1639,921,915,8182482,18580,798938,19335000
1640,930,911,8181552,18599,799849,19084800
1641,935,943,8180617,18591,800792,19304900
1642,890,922,8179727,18559,801714,19238000
1643,915,898,8178812,18576,802612,19292300
1644,951,902,8177861,18625,803514,19235000
1645,875,937,8176986,18563,804451,19711600
1646,885,934,8176101,18514,805385,19077800
1647,926,921,8175175,18519,806306,19415200
1648,909,883,8174266,18545,807189,19618900
1649,957,916,8173309,18586,808105,19223900
1650,930,939,8172379,18577,809044,19478400
1651,905,918,8171474,18564,809962,19130300
1652,933,925,8170541,18572,810887,19038400
1653,901,954,8169640,18519,811841,19084800
1654,862,918,8168778,18463,812759,19349600
1655,946,923,8167832,18486,813682,19374600
1656,897,931,8166935,18452,814613,19109900
1657,946,903,8165989,18495,815516,20195000
1658,864,884,8165125,18475,816400,18956900
1659,869,911,8164256,18433,817311,19209600
1660,893,965,8163363,18361,818276,19237800
1661,931,944,8162432,18348,819220,19475000
1662,926,929,8161506,18345,820149,19496500
1663,887,913,8160619,18319,821062,19269500
1664,935,916,8159684,18338,821978,19660500
1665,932,971,8158752,18299,822949,19274700
1666,929,946,8157823,18282,823895,18900100
1667,931,886,8156892,18327,824781,19648300
1668,947,862,8155945,18412,825643,19079600
1669,907,951,8155038,18368,826594,19596100
1670,924,937,8154114,18355,827531,19307900
1671,961,935,8153153,18381,828466,19707100
1672,916,953,8152237,18344,829419,19509500
1673,919,966,8151318,18297,830385,19452300
1674,914,938,8150404,18273,831323,19493500
1675,864,914,8149540,18223,832237,19923300
1676,867,870,8148673,18220,833107,19865100
1677,860,891,8147813,18189,833998,19469400
1678,898,880,8146915,18207,834878,19387600
1679,872,879,8146043,18200,835757,19422900
1680,971,893,8145072,18278,836650,19590000
1681,961,908,8144111,18331,837558,20297000
1682,969,897,8143142,18403,838455,19392500
1683,923,909,8142219,18417,839364,19706400
1684,904,935,8141315,18386,840299,19704000
1685,934,949,8140381,18371,841248,18935200
1686,933,934,8139448,18370,842182,19140400
1687,985,908,8138463,18447,843090,19538300
1688,885,965,8137578,18367,844055,19733800
1689,952,909,8136626,18410,844964,19330800
1690,886,920,8135740,18376,845884,20264600
1691,882,932,8134858,18326,846816,22027100
1692,951,901,8133907,18376,847717,19212700
1693,943,961,8132964,18358,848678,18964100
1694,911,946,8132053,18323,849624,20035600
1695,919,960,8131134,18282,850584,19083400
1696,953,881,8130181,18354,851465,19549900
1697,906,851,8129275,18409,852316,19515400
1698,921,904,8128354,18426,853220,19453500
1699,939,988,8127415,18377,854208,19273600
1700,919,921,8126496,18375,855129,19324800
1701,951,929,8125545,18397,856058,19682700
1702,931,892,8124614,18436,856950,19035100
1703,911,898,8123703,18449,857848,19139100
1704,940,894,8122763,18495,858742,19560500
1705,983,916,8121780,18562,859658,19127800
1706,948,916,8120832,18594,860574,19293600
1707,932,945,8119900,18581,861519,19591700
1708,903,913,8118997,18571,862432,19671300
1709,925,927,8118072,18569,863359,19163700
1710,903,959,8117169,18513,864318,19227200
1711,910,908,8116259,18515,865226,19330000
1712,933,943,8115326,18505,866169,19520900
1713,890,963,8114436,18432,867132,19504200
1714,919,898,8113517,18453,868030,19518100
1715,943,886,8112574,18510,868916,20125800
1716,948,960,8111626,18498,869876,19918800
1717,936,983,8110690,18451,870859,19276800
1718,964,943,8109726,18472,871802,19041400
1719,916,902,8108810,18486,872704,19344800
1720,918,930,8107892,18474,873634,19178400
1721,909,929,8106983,18454,874563,19155100
1722,953,899,8106030,18508,875462,19345700
1723,1015,912,8105015,18611,876374,19274300
1724,926,948,8104089,18589,877322,19346000
1725,933,911,8103156,18611,878233,19265300
1726,923,1010,8102233,18524,879243,19229600
1727,992,927,8101241,18589,880170,19630300
1728,937,881,8100304,18645,881051,19730100
1729,970,968,8099334,18647,882019,19499900
1730,966,920,8098368,18693,882939,19320400
1731,964,932,8097404,18725,883871,19110900
1732,950,897,8096454,18778,884768,19625400
1733,939,951,8095515,18766,885719,19523000
1734,945,940,8094570,18771,886659,19303800
1735,988,918,8093582,18841,887577,19146100
1736,961,952,8092621,18850,888529,19759300
1737,991,934,8091630,18907,889463,19385900
1738,925,969,8090705,18863,890432,19381400
1739,928,928,8089777,18863,891360,20158200
1740,930,918,8088847,18875,892278,19664800
1741,916,951,8087931,18840,893229,19834500
1742,961,926,8086970,18875,894155,19462200
1743,898,956,8086072,18817,895111,20005100
1744,909,947,8085163,18779,896058,19297900
1745,954,957,8084209,18776,897015,19511900
1746,890,894,8083319,18772,897909,19414600
1747,945,947,8082374,18770,898856,19426400
1748,977,935,8081397,18812,899791,19582800
1749,911,905,8080486,18818,900696,19283100
1750,924,952,8079562,18790,901648,18839300
1751,984,902,8078578,18872,902550,18968000
1752,893,976,8077685,18789,903526,19278900
1753,930,921,8076755,18798,904447,19506500
1754,947,978,8075808,18767,905425,19095500
1755,905,944,8074903,18728,906369,19128600
1756,908,911,8073995,18725,907280,19282500
1757,938,947,8073057,18716,908227,19423800
1758,955,960,8072102,18711,909187,19428900
1759,947,906,8071155,18752,910093,19335300
1760,987,936,8070168,18803,911029,19250200
1761,945,929,8069223,18819,911958,19082600
1762,919,948,8068304,18790,912906,19241700
1763,933,959,8067371,18764,913865,20158500
1764,901,909,8066470,18756,914774,19107900
1765,935,910,8065535,18781,915684,19966100
1766,936,983,8064599,18734,916667,19949400
1767,929,933,8063670,18730,917600,19586700
1768,929,918,8062741,18741,918518,19282400
1769,969,919,8061772,18791,919437,19087800
1770,945,966,8060827,18770,920403,19302700
1771,905,933,8059922,18742,921336,18979200
1772,946,938,8058976,18750,922274,19344200
1773,922,954,8058054,18718,923228,19406500
1774,980,870,8057074,18828,924098,19264800
1775,918,881,8056156,18865,924979,19508500
1776,956,1043,8055200,18778,926022,19363100
1777,966,938,8054234,18806,926960,19510800
1778,943,951,8053291,18798,927911,19481700
1779,1013,948,8052278,18863,928859,19097000
1780,909,962,8051369,18810,929821,20317900
1781,945,896,8050424,18859,930717,19377500
1782,965,901,8049459,18923,931618,19618300
1783,916,926,8048543,18913,932544,19331300
1784,1016,948,8047527,18981,933492,19348600
1785,945,1020,8046582,18906,934512,19099700
1786,955,892,8045627,18969,935404,19009300
1787,929,880,8044698,19018,936284,18931200
1788,906,975,8043792,18949,937259,19041300
1789,959,982,8042833,18926,938241,19387500
1790,918,983,8041915,18861,939224,19314800
1791,918,931,8040997,18848,940155,20482400
1792,978,924,8040019,18902,941079,19461400
1793,908,886,8039111,18924,941965,19091900
1794,895,979,8038216,18840,942944,19244500
1795,920,895,8037296,18865,943839,18897400
1796,904,923,8036392,18846,944762,19244500
1797,921,1020,8035471,18747,945782,19618900
1798,963,907,8034508,18803,946689,19156800
1799,908,989,8033600,18722,947678,19129900
1800,960,977,8032640,18705,948655,19349800
1801,964,1013,8031676,18656,949668,19675700
1802,949,925,8030727,18680,950593,19504300
1803,925,907,8029802,18698,951500,19690000
1804,962,962,8028840,18698,952462,19535900
1805,960,969,8027880,18689,953431,19341400
1806,919,923,8026961,18685,954354,19229500
1807,949,967,8026012,18667,955321,19426600
1808,906,952,8025106,18621,956273,19914800
1809,931,922,8024175,18630,957195,19533000
1810,964,941,8023211,18653,958136,19303300
1811,970,938,8022241,18685,959074,19708400
1812,981,927,8021260,18739,960001,19372700
1813,914,980,8020346,18673,960981,19216500
1814,930,924,8019416,18679,961905,19442500
1815,961,944,8018455,18696,962849,18960400
1816,1015,955,8017440,18756,963804,19145200
1817,984,967,8016456,18773,964771,19253300
1818,1013,913,8015443,18873,965684,19767000
1819,955,930,8014488,18898,966614,20286500
1820,956,948,8013532,18906,967562,19430100
1821,915,964,8012617,18857,968526,19025800
1822,952,925,8011665,18884,969451,19497000
1823,973,952,8010692,18905,970403,19362000
1824,930,948,8009762,18887,971351,19625000
1825,957,982,8008805,18862,972333,19498500
1826,988,961,8007817,18889,973294,19369900
1827,946,967,8006871,18868,974261,20059700
1828,956,902,8005915,18922,975163,19732400
1829,905,928,8005010,18899,976091,19219000
1830,944,958,8004066,18885,977049,18972500
1831,956,936,8003110,18905,977985,19885500
1832,967,946,8002143,18926,978931,19106000
1833,976,977,8001167,18925,979908,19167900
1834,953,983,8000214,18895,980891,19126900
1835,900,892,7999314,18903,981783,19374700
1836,956,952,7998358,18907,982735,19234000
1837,937,947,7997421,18897,983682,19161000
1838,936,952,7996485,18881,984634,18964100
1839,930,890,7995555,18921,985524,19677400
1840,934,984,7994621,18871,986508,19148800
1841,935,923,7993686,18883,987431,18939800
1842,967,919,7992719,18931,988350,19516700
1843,1004,924,7991715,19011,989274,19260100
1844,934,960,7990781,18985,990234,19448400
1845,1025,941,7989756,19069,991175,19188300
1846,910,966,7988846,19013,992141,19088300
1847,930,967,7987916,18976,993108,19138500
1848,981,970,7986935,18987,994078,19138800
1849,984,939,7985951,19032,995017,19090900
1850,954,936,7984997,19050,995953,19528800
1851,973,990,7984024,19033,996943,19367200
1852,922,892,7983102,19063,997835,19755500
1853,963,942,7982139,19084,998777,19407200
1854,944,1026,7981195,19002,999803,18943100
1855,983,934,7980212,19051,1000737,19229900
1856,977,997,7979235,19031,1001734,19247700
1857,952,957,7978283,19026,1002691,19192500
1858,1006,933,7977277,19099,1003624,19144600
1859,987,942,7976290,19144,1004566,19282400
1860,1001,942,7975289,19203,1005508,19036300
1861,966,994,7974323,19175,1006502,19191100
1862,991,980,7973332,19186,1007482,19391600
1863,981,1000,7972351,19167,1008482,19407900
1864,1012,959,7971339,19220,1009441,18930900
1865,976,933,7970363,19263,1010374,18875300
1866,1052,992,7969311,19323,1011366,19403800
1867,970,935,7968341,19358,1012301,19584100
1868,956,945,7967385,19369,1013246,19683600
1869,961,941,7966424,19389,1014187,20029900
1870,1000,924,7965424,19465,1015111,19587200
1871,992,1005,7964432,19452,1016116,19534700
1872,1011,905,7963421,19558,1017021,19352000
1873,967,969,7962454,19556,1017990,19109100
1874,998,951,7961456,19603,1018941,19117800
1875,1025,973,7960431,19655,1019914,19439800
1876,975,967,7959456,19663,1020881,19367700
1877,1044,1052,7958412,19655,1021933,19431900
1878,994,1010,7957418,19639,1022943,19450400
1879,1009,995,7956409,19653,1023938,19226600
1880,1029,969,7955380,19713,1024907,19618700
1881,1014,1006,7954366,19721,1025913,18741600
1882,1052,907,7953314,19866,1026820,18793700
1883,1045,1022,7952269,19889,1027842,19338200
1884,1043,1009,7951226,19923,1028851,19550300
1885,1034,1020,7950192,19937,1029871,19650600
1886,1026,1021,7949166,19942,1030892,19673600
1887,996,995,7948170,19943,1031887,18956300
1888,998,1038,7947172,19903,1032925,19309700
1889,1000,952,7946172,19951,1033877,19405200
1890,985,946,7945187,19990,1034823,19045200
1891,977,1053,7944210,19914,1035876,19490000
1892,1025,966,7943185,19973,1036842,19314000
1893,1025,989,7942160,20009,1037831,19552000
1894,1025,999,7941135,20035,1038830,19665300
1895,1006,987,7940129,20054,1039817,19535600
1896,988,1060,7939141,19982,1040877,19505200
1897,1004,1019,7938137,19967,1041896,19328300
1898,1007,1022,7937130,19952,1042918,19459500
1899,1021,995,7936109,19978,1043913,19635000
1900,1039,957,7935070,20060,1044870,19300000
1901,1052,998,7934018,20114,1045868,19276900
1902,943,962,7933075,20095,1046830,19385700
1903,1028,960,7932047,20163,1047790,19193400
1904,1052,1018,7930995,20197,1048808,19381700
1905,1020,983,7929975,20234,1049791,19453000
1906,979,999,7928996,20214,1050790,19285800
1907,995,991,7928001,20218,1051781,19477500
1908,950,1016,7927051,20152,1052797,19214500
1909,1007,1009,7926044,20150,1053806,19280700
1910,978,999,7925066,20129,1054805,19136500
1911,1012,1006,7924054,20135,1055811,21198800
1912,971,989,7923083,20117,1056800,21844200
1913,1010,1019,7922073,20108,1057819,18896400
1914,1006,991,7921067,20123,1058810,18992800
1915,1028,957,7920039,20194,1059767,18864400
1916,1002,979,7919037,20217,1060746,18980600
1917,992,941,7918045,20268,1061687,18891600
1918,1022,975,7917023,20315,1062662,19098900
1919,957,1005,7916066,20267,1063667,19226900
1920,1063,978,7915003,20352,1064645,19617600
1921,992,1006,7914011,20338,1065651,19359500
1922,1013,1038,7912998,20313,1066689,19170900
1923,1030,1032,7911968,20311,1067721,19339900
1924,1050,987,7910918,20374,1068708,19522100
1925,1034,1021,7909884,20387,1069729,19185800
1926,980,1042,7908904,20325,1070771,19088700
1927,1040,927,7907864,20438,1071698,18993500
1928,981,976,7906883,20443,1072674,19955400
1929,1023,1010,7905860,20456,1073684,19256100
1930,1003,990,7904857,20469,1074674,18958800
1931,971,1028,7903886,20412,1075702,19148100
1932,1042,1055,7902844,20399,1076757,19642800
1933,1054,991,7901790,20462,1077748,19418900
1934,1009,1044,7900781,20427,1078792,19304500
1935,1007,959,7899774,20475,1079751,19669200
1936,965,1054,7898809,20386,1080805,19230300
1937,997,1032,7897812,20351,1081837,19638500
1938,976,1008,7896836,20319,1082845,19361000
1939,1006,1014,7895830,20311,1083859,19861200
1940,993,1018,7894837,20286,1084877,19352500
1941,1014,1035,7893823,20265,1085912,19394200
1942,1033,1038,7892790,20260,1086950,19515900
1943,1048,958,7891742,20350,1087908,19405600
1944,1009,1066,7890733,20293,1088974,20216900
1945,989,1022,7889744,20260,1089996,19694700
1946,1008,1013,7888736,20255,1091009,19465300
1947,1019,1026,7887717,20248,1092035,19888900
1948,1020,1052,7886697,20216,1093087,19307600
1949,1076,994,7885621,20298,1094081,19454800
1950,1077,1059,7884544,20316,1095140,19149500
1951,1004,1025,7883540,20295,1096165,20202400
1952,980,1053,7882560,20222,1097218,19267800
1953,1049,1018,7881511,20253,1098236,19466900
1954,993,1027,7880518,20219,1099263,19424000
1955,963,997,7879555,20185,1100260,19078000
1956,1034,926,7878521,20293,1101186,19117300
1957,998,1030,7877523,20261,1102216,19579000
1958,1045,956,7876478,20350,1103172,19354900
1959,988,994,7875490,20344,1104166,19335600
1960,1020,1044,7874470,20320,1105210,19915700
1961,1021,1001,7873449,20340,1106211,19434900
1962,995,985,7872454,20350,1107196,20201800
1963,1040,1071,7871414,20319,1108267,20989000
1964,1013,984,7870401,20348,1109251,19437400
1965,1060,1074,7869341,20334,1110325,18949100
1966,1004,1029,7868337,20309,1111354,19016900
1967,1023,1041,7867314,20291,1112395,18713100
1968,1030,939,7866284,20382,1113334,19133700
1969,1047,1014,7865237,20415,1114348,19439400
1970,1055,1012,7864182,20458,1115360,19260100
1971,999,1010,7863183,20447,1116370,19477800
1972,1060,1032,7862123,20475,1117402,19355700
1973,1018,973,7861105,20520,1118375,19593000
1974,1077,1085,7860028,20512,1119460,19611900
1975,1055,1050,7858973,20517,1120510,19602400
1976,1022,1022,7857951,20517,1121532,19374400
1977,1005,1021,7856946,20501,1122553,19231200
1978,999,1100,7855947,20400,1123653,19079500
1979,984,1037,7854963,20347,1124690,18981400
1980,1047,982,7853916,20412,1125672,19556300
1981,1047,1011,7852869,20448,1126683,19122300
1982,1005,1027,7851864,20426,1127710,19493500
1983,987,1041,7850877,20372,1128751,19119300
1984,1057,1052,7849820,20377,1129803,19277800
1985,1053,992,7848767,20438,1130795,19465500
1986,1050,970,7847717,20518,1131765,19175800
1987,1029,983,7846688,20564,1132748,19301800
1988,1055,1033,7845633,20586,1133781,18878300
1989,1090,1013,7844543,20663,1134794,19315700
1990,1023,1093,7843520,20593,1135887,19798200
1991,1020,995,7842500,20618,1136882,19152500
1992,1002,1021,7841498,20599,1137903,19776300
1993,997,1030,7840501,20566,1138933,19830400
1994,1036,1011,7839465,20591,1139944,19962200
1995,1074,1026,7838391,20639,1140970,19818900
1996,1007,1077,7837384,20569,1142047,20035200
1997,1031,1045,7836353,20555,1143092,20718000
1998,1022,1016,7835331,20561,1144108,20452800
1999,1084,1051,7834247,20594,1145159,20122800
2000,1041,1022,7833206,20613,1146181,20004000
2001,1002,991,7832204,20624,1147172,19320800
2002,1001,1027,7831203,20598,1148199,19729200
2003,1039,1016,7830164,20621,1149215,20065500
2004,1060,985,7829104,20696,1150200,19434800
2005,1039,1016,7828065,20719,1151216,19650900
2006,1100,1025,7826965,20794,1152241,19765400
2007,1055,1034,7825910,20815,1153275,19854400
2008,1022,1096,7824888,20741,1154371,20028500
2009,1027,1005,7823861,20763,1155376,19841900
2010,1022,1007,7822839,20778,1156383,19697700
2011,1103,1045,7821736,20836,1157428,20015500
2012,1111,1032,7820625,20915,1158460,19461200
2013,1065,1100,7819560,20880,1159560,19863200
2014,1101,1002,7818459,20979,1160562,19703800
2015,1099,1077,7817360,21001,1161639,20306000
2016,1100,1074,7816260,21027,1162713,19458700
2017,1143,1027,7815117,21143,1163740,19881000
2018,1048,1058,7814069,21133,1164798,19712900
2019,1069,1065,7813000,21137,1165863,19869500
2020,1049,1074,7811951,21112,1166937,19634100
2021,1091,1036,7810860,21167,1167973,19716800
2022,1004,1086,7809856,21085,1169059,19704000
2023,1040,1056,7808816,21069,1170115,20171400
2024,1026,1047,7807790,21048,1171162,20079400
2025,1083,1022,7806707,21109,1172184,19755800
2026,1035,1030,7805672,21114,1173214,19474200
2027,1049,1131,7804623,21032,1174345,19711900
2028,1055,1050,7803568,21037,1175395,19542000
2029,1024,1007,7802544,21054,1176402,19722900
2030,1068,1028,7801476,21094,1177430,20262800
2031,1057,1045,7800419,21106,1178475,19477500
2032,1061,1025,7799358,21142,1179500,64543400
2033,1090,1055,7798268,21177,1180555,20663600
2034,1058,1075,7797210,21160,1181630,20257300
2035,1110,1038,7796100,21232,1182668,19652300
2036,1058,1068,7795042,21222,1183736,19541400
2037,1051,1012,7793991,21261,1184748,19226700
2038,1035,1071,7792956,21225,1185819,20432100
2039,1024,1051,7791932,21198,1186870,18963200
2040,1082,1104,7790850,21176,1187974,19233600
2041,1042,1074,7789808,21144,1189048,19154600
2042,1068,1095,7788740,21117,1190143,20128000
2043,1029,1079,7787711,21067,1191222,19133500
2044,1131,1071,7786580,21127,1192293,19242100
2045,1031,1085,7785549,21073,1193378,19244400
2046,1056,982,7784493,21147,1194360,19573100
2047,1065,1047,7783428,21165,1195407,20662700
2048,1073,1021,7782355,21217,1196428,19438000
2049,1033,1062,7781322,21188,1197490,19301300
2050,1099,1026,7780223,21261,1198516,19282800
2051,1092,1092,7779131,21261,1199608,19120200
2052,1092,1106,7778039,21247,1200714,19583400
2053,1119,1046,7776920,21320,1201760,19525300
2054,1080,1069,7775840,21331,1202829,19182600
2055,1067,1100,7774773,21298,1203929,19427800
2056,1049,998,7773724,21349,1204927,19797300
2057,1053,1110,7772671,21292,1206037,19435600
2058,1010,1087,7771661,21215,1207124,19066400
2059,1104,1028,7770557,21291,1208152,19317500
2060,1066,1054,7769491,21303,1209206,19294200
2061,1098,1086,7768393,21315,1210292,19539700
2062,1041,979,7767352,21377,1211271,19863900
2063,1047,990,7766305,21434,1212261,19737600
2064,1085,1047,7765220,21472,1213308,19686100
2065,1141,1105,7764079,21508,1214413,20060200
2066,1060,1066,7763019,21502,1215479,19600700
2067,1144,1056,7761875,21590,1216535,19354500
2068,1137,1050,7760738,21677,1217585,19502500
2069,1122,1079,7759616,21720,1218664,19482600
2070,1104,1136,7758512,21688,1219800,19878700
2071,1079,1102,7757433,21665,1220902,19593500
2072,1100,1094,7756333,21671,1221996,20387700
2073,1093,1069,7755240,21695,1223065,19988400
2074,981,1057,7754259,21619,1224122,19229100
2075,1068,1088,7753191,21599,1225210,18869900
2076,1111,1027,7752080,21683,1226237,19648100
2077,1083,1027,7750997,21739,1227264,19391400
2078,1073,1062,7749924,21750,1228326,20147500
2079,1099,1112,7748825,21737,1229438,19614400
2080,1094,1097,7747731,21734,1230535,18851500
2081,1092,1066,7746639,21760,1231601,19101000
2082,1081,1026,7745558,21815,1232627,19251400
2083,1039,1065,7744519,21789,1233692,19543900
2084,1081,1063,7743438,21807,1234755,19267700
2085,1089,1069,7742349,21827,1235824,19698200
2086,1070,1053,7741279,21844,1236877,19371700
2087,1044,1118,7740235,21770,1237995,19407500
2088,1003,1136,7739232,21637,1239131,19396000
2089,1061,1098,7738171,21600,1240229,19537200
2090,1077,1116,7737094,21561,1241345,19468800
2091,1026,1039,7736068,21548,1242384,19362800
2092,1072,1131,7734996,21489,1243515,19396400
2093,1064,1065,7733932,21488,1244580,19503900
2094,1064,1053,7732868,21499,1245633,19295600
2095,1108,987,7731760,21620,1246620,19621900
2096,1106,1046,7730654,21680,1247666,19459600
2097,1034,1007,7729620,21707,1248673,19427600
2098,1132,1071,7728488,21768,1249744,19513500
2099,1134,1068,7727354,21834,1250812,19555200
2100,1019,1077,7726335,21776,1251889,19268700
2101,1089,1067,7725246,21798,1252956,19012400
2102,1073,1103,7724173,21768,1254059,19713400
2103,1102,1145,7723071,21725,1255204,19505600
2104,1036,1094,7722035,21667,1256298,19091500
2105,1104,1076,7720931,21695,1257374,19184600
2106,1075,1089,7719856,21681,1258463,19937900
2107,1071,1054,7718785,21698,1259517,19124800
2108,1095,1098,7717690,21695,1260615,19253400
2109,1039,1067,7716651,21667,1261682,19139500
2110,1060,1082,7715591,21645,1262764,19099500
2111,1071,1130,7714520,21586,1263894,19447400
2112,1006,1097,7713514,21495,1264991,20180500
2113,1002,1079,7712512,21418,1266070,20595000
2114,1107,1042,7711405,21483,1267112,20019700
2115,1116,1097,7710289,21502,1268209,19616300
2116,1122,1092,7709167,21532,1269301,19437600
2117,1115,1094,7708052,21553,1270395,19206100
2118,1107,1016,7706945,21644,1271411,19290500
2119,1143,1055,7705802,21732,1272466,18965300
2120,1133,1032,7704669,21833,1273498,19437600
2121,1123,1092,7703546,21864,1274590,19092500
2122,1051,1096,7702495,21819,1275686,19373500
2123,1083,1098,7701412,21804,1276784,19986500
2124,1108,1107,7700304,21805,1277891,19273400
2125,1070,1115,7699234,21760,1279006,19169600
2126,1119,1021,7698115,21858,1280027,19526100
2127,1095,1147,7697020,21806,1281174,19543700
2128,1108,1026,7695912,21888,1282200,19909200
2129,1140,1093,7694772,21935,1283293,20054100
2130,1117,1138,7693655,21914,1284431,20142900
2131,1111,1060,7692544,21965,1285491,19471500
2132,1069,1113,7691475,21921,1286604,19607400
2133,1079,1060,7690396,21940,1287664,20353300
2134,1064,1099,7689332,21905,1288763,19916900
2135,1054,1085,7688278,21874,1289848,19490700
2136,1168,1079,7687110,21963,1290927,19730200
2137,1154,1152,7685956,21965,1292079,20255300
2138,1079,1091,7684877,21953,1293170,19395200
2139,1093,1134,7683784,21912,1294304,19382000
2140,1123,1098,7682661,21937,1295402,19138400
2141,1115,1056,7681546,21996,1296458,20279600
2142,1152,1131,7680394,22017,1297589,20058800
2143,1108,1136,7679286,21989,1298725,19130200
2144,1112,1088,7678174,22013,1299813,19195400
2145,1087,1064,7677087,22036,1300877,19071400
2146,1099,1126,7675988,22009,1302003,19242900
2147,1154,1098,7674834,22065,1303101,19546600
2148,1122,1106,7673712,22081,1304207,19394100
2149,1133,1081,7672579,22133,1305288,19618200
2150,1088,1112,7671491,22109,1306400,19539000
2151,1146,1138,7670345,22117,1307538,19608400
2152,1143,1078,7669202,22182,1308616,19117400
2153,1137,1093,7668065,22226,1309709,19451800
2154,1132,1131,7666933,22227,1310840,19407700
2155,1158,1095,7665775,22290,1311935,19570900
2156,1084,1100,7664691,22274,1313035,19208200
2157,1102,1064,7663589,22312,1314099,19206200
2158,1123,1103,7662466,22332,1315202,19364800
2159,1174,1192,7661292,22314,1316394,19501500
2160,1127,1163,7660165,22278,1317557,19360900
2161,1127,1146,7659038,22259,1318703,19200900
2162,1112,1049,7657926,22322,1319752,19367800
2163,1064,1123,7656862,22263,1320875,19738100
2164,1135,1143,7655727,22255,1322018,19397400
2165,1139,1114,7654588,22280,1323132,19316400
2166,1148,1121,7653440,22307,1324253,19239500
2167,1111,1133,7652329,22285,1325386,18967900
2168,1164,1098,7651165,22351,1326484,19355800
2169,1097,1099,7650068,22349,1327583,19253600
2170,1151,1142,7648917,22358,1328725,19031400
2171,1135,1075,7647782,22418,1329800,19556700
2172,1124,1137,7646658,22405,1330937,19302100
2173,1126,1092,7645532,22439,1332029,19196500
2174,1104,1113,7644428,22430,1333142,19477200
2175,1160,1159,7643268,22431,1334301,19279500
2176,1157,1130,7642111,22458,1335431,19248600
2177,1145,1075,7640966,22528,1336506,19004300
2178,1116,1202,7639850,22442,1337708,19737400
2179,1127,1073,7638723,22496,1338781,19124400
2180,1079,1128,7637644,22447,1339909,19294900
2181,1133,1103,7636511,22477,1341012,19379100
2182,1104,1079,7635407,22502,1342091,19809200
2183,1103,1115,7634304,22490,1343206,19322300
2184,1134,1124,7633170,22500,1344330,18999200
2185,1091,1143,7632079,22448,1345473,19105500
2186,1154,1122,7630925,22480,1346595,19172600
2187,1128,1133,7629797,22475,1347728,19091400
2188,1104,1178,7628693,22401,1348906,19441300
2189,1068,1087,7627625,22382,1349993,19286000
2190,1069,1070,7626556,22381,1351063,18962100
2191,1074,1075,7625482,22380,1352138,19608100
2192,1124,1033,7624358,22471,1353171,20557200
2193,1086,1124,7623272,22433,1354295,19489200
2194,1158,1163,7622114,22428,1355458,19563600
2195,1046,1145,7621068,22329,1356603,19776400
2196,1105,1170,7619963,22264,1357773,19256400
2197,1086,1139,7618877,22211,1358912,20125200
2198,1108,1177,7617769,22142,1360089,19333200
2199,1105,1131,7616664,22116,1361220,19258100
2200,1101,1051,7615563,22166,1362271,19504200
2201,1162,1100,7614401,22228,1363371,19840800
2202,1109,1103,7613292,22234,1364474,19818100
2203,1075,1126,7612217,22183,1365600,19673600
2204,1129,1101,7611088,22211,1366701,19908900
2205,1094,1150,7609994,22155,1367851,19501400
2206,1107,1119,7608887,22143,1368970,19288700
2207,1074,1117,7607813,22100,1370087,19532500
2208,1184,1138,7606629,22146,1371225,19545900
2209,1140,1083,7605489,22203,1372308,19417100
2210,1146,1149,7604343,22200,1373457,18999400
2211,1208,1146,7603135,22262,1374603,19312500
2212,1122,1090,7602013,22294,1375693,19182800
2213,1089,1029,7600924,22354,1376722,19375800
2214,1142,1116,7599782,22380,1377838,19707500
2215,1166,1162,7598616,22384,1379000,19310300
2216,1120,1092,7597496,22412,1380092,19474400
2217,1108,1112,7596388,22408,1381204,19109500
2218,1186,1119,7595202,22475,1382323,19594400
2219,1149,1123,7594053,22501,1383446,19301000
2220,1123,1184,7592930,22440,1384630,19378200
2221,1178,1118,7591752,22500,1385748,19180200
2222,1186,1193,7590566,22493,1386941,19318900
2223,1135,1101,7589431,22527,1388042,19535400
2224,1179,1083,7588252,22623,1389125,20104400
2225,1106,1177,7587146,22552,1390302,19526000
2226,1208,1177,7585938,22583,1391479,19482300
2227,1150,1118,7584788,22615,1392597,19895200
2228,1165,1108,7583623,22672,1393705,19139700
2229,1183,1144,7582440,22711,1394849,19350800
2230,1177,1150,7581263,22738,1395999,19307600
2231,1111,1144,7580152,22705,1397143,19120000
2232,1146,1118,7579006,22733,1398261,19325000
2233,1224,1157,7577782,22800,1399418,18965500
2234,1122,1146,7576660,22776,1400564,19349200
2235,1164,1126,7575496,22814,1401690,19313200
2236,1167,1112,7574329,22869,1402802,19156300
2237,1179,1115,7573150,22933,1403917,19513300
2238,1118,1144,7572032,22907,1405061,19276700
2239,1175,1229,7570857,22853,1406290,19673900
2240,1162,1105,7569695,22910,1407395,19350600
2241,1168,1212,7568527,22866,1408607,19147900
2242,1127,1093,7567400,22900,1409700,19258900
2243,1182,1120,7566218,22962,1410820,19390400
2244,1154,1103,7565064,23013,1411923,19682700
2245,1151,1151,7563913,23013,1413074,19513600
2246,1194,1184,7562719,23023,1414258,19428800
2247,1146,1135,7561573,23034,1415393,20301300
2248,1149,1139,7560424,23044,1416532,19207700
2249,1136,1107,7559288,23073,1417639,19378600
2250,1167,1137,7558121,23103,1418776,19577000
2251,1163,1184,7556958,23082,1419960,19208200
2252,1200,1137,7555758,23145,1421097,19356700
2253,1129,1137,7554629,23137,1422234,19917700
2254,1160,1186,7553469,23111,1423420,19473600
2255,1117,1146,7552352,23082,1424566,19442800
2256,1142,1181,7551210,23043,1425747,19792100
2257,1146,1099,7550064,23090,1426846,19681700
2258,1183,1166,7548881,23107,1428012,19634700
2259,1193,1167,7547688,23133,1429179,19531600
2260,1137,1259,7546551,23011,1430438,19888900
2261,1151,1138,7545400,23024,1431576,19912700
2262,1164,1226,7544236,22962,1432802,19850500
2263,1202,1117,7543034,23047,1433919,19931400
2264,1173,1102,7541861,23118,1435021,20366500
2265,1199,1144,7540662,23173,1436165,20115500
2266,1152,1172,7539510,23153,1437337,19834600
2267,1148,1131,7538362,23170,1438468,19578700
2268,1127,1190,7537235,23107,1439658,19646500
2269,1198,1203,7536037,23102,1440861,19948400
2270,1189,1094,7534848,23197,1441955,19623700
2271,1165,1151,7533683,23211,1443106,19176100
2272,1136,1124,7532547,23223,1444230,20038000
2273,1207,1135,7531340,23295,1445365,19270400
2274,1138,1107,7530202,23326,1446472,19237700
2275,1128,1153,7529074,23301,1447625,19305900
2276,1142,1147,7527932,23296,1448772,19618600
2277,1167,1230,7526765,23233,1450002,19731400
2278,1143,1167,7525622,23209,1451169,19862800
2279,1206,1166,7524416,23249,1452335,19400900
2280,1157,1145,7523259,23261,1453480,19375400
2281,1126,1151,7522133,23236,1454631,19100100
2282,1148,1180,7520985,23204,1455811,19188400
2283,1157,1176,7519828,23185,1456987,19751100
2284,1142,1179,7518686,23148,1458166,19831400
2285,1211,1136,7517475,23223,1459302,19523200
2286,1217,1167,7516258,23273,1460469,19408300
2287,1190,1216,7515068,23247,1461685,19436700
2288,1151,1172,7513917,23226,1462857,20098000
2289,1162,1125,7512755,23263,1463982,19275000
2290,1148,1166,7511607,23245,1465148,19413100
2291,1187,1234,7510420,23198,1466382,19595400
2292,1151,1191,7509269,23158,1467573,19239000
2293,1157,1084,7508112,23231,1468657,20019200
2294,1145,1172,7506967,23204,1469829,19089500
2295,1190,1169,7505777,23225,1470998,19763800
2296,1163,1161,7504614,23227,1472159,19906000
2297,1148,1192,7503466,23183,1473351,19208900
2298,1158,1162,7502308,23179,1474513,19411700
2299,1157,1211,7501151,23125,1475724,19087000
2300,1166,1164,7499985,23127,1476888,19002700
2301,1145,1109,7498840,23163,1477997,19558900
2302,1220,1137,7497620,23246,1479134,19052800
2303,1191,1218,7496429,23219,1480352,19192500
2304,1174,1195,7495255,23198,1481547,20156800
2305,1151,1168,7494104,23181,1482715,19882800
2306,1167,1149,7492937,23199,1483864,19037600
2307,1175,1115,7491762,23259,1484979,19207400
2308,1161,1182,7490601,23238,1486161,19512300
2309,1163,1166,7489438,23235,1487327,19233000
2310,1157,1149,7488281,23243,1488476,19418300
2311,1203,1192,7487078,23254,1489668,19296100
2312,1253,1160,7485825,23347,1490828,19649100
2313,1224,1162,7484601,23409,1491990,19696500
2314,1183,1250,7483418,23342,1493240,19470200
2315,1159,1091,7482259,23410,1494331,19332900
2316,1218,1159,7481041,23469,1495490,19761600
2317,1185,1169,7479856,23485,1496659,19271500
2318,1185,1152,7478671,23518,1497811,19333200
2319,1178,1166,7477493,23530,1498977,19193200
2320,1162,1219,7476331,23473,1500196,19473800
2321,1214,1240,7475117,23447,1501436,19356900
2322,1243,1220,7473874,23470,1502656,19344200
2323,1212,1187,7472662,23495,1503843,19756100
2324,1196,1189,7471466,23502,1505032,19702200
2325,1171,1201,7470295,23472,1506233,19658800
2326,1174,1189,7469121,23457,1507422,20018000
2327,1215,1169,7467906,23503,1508591,19877100
2328,1147,1153,7466759,23497,1509744,19564500
2329,1240,1169,7465519,23568,1510913,19814800
2330,1185,1208,7464334,23545,1512121,19452100
2331,1212,1164,7463122,23593,1513285,19444400
2332,1154,1193,7461968,23554,1514478,19672700
2333,1218,1209,7460750,23563,1515687,19861400
2334,1152,1177,7459598,23538,1516864,19481600
2335,1252,1187,7458346,23603,1518051,19770100
2336,1170,1192,7457176,23581,1519243,19292200
2337,1136,1181,7456040,23536,1520424,19462000
2338,1136,1133,7454904,23539,1521557,19357100
2339,1180,1149,7453724,23570,1522706,19401300
2340,1202,1123,7452522,23649,1523829,19625000
2341,1238,1201,7451284,23686,1525030,19216500
2342,1256,1165,7450028,23777,1526195,19195900
2343,1279,1228,7448749,23828,1527423,19237200
2344,1189,1225,7447560,23792,1528648,19286800
2345,1205,1223,7446355,23774,1529871,19264700
2346,1200,1194,7445155,23780,1531065,19555400
2347,1196,1179,7443959,23797,1532244,19508400
2348,1226,1163,7442733,23860,1533407,19765200
2349,1173,1160,7441560,23873,1534567,19756100
2350,1229,1160,7440331,23942,1535727,19307800
2351,1219,1182,7439112,23979,1536909,19104800
2352,1203,1192,7437909,23990,1538101,19267600
2353,1196,1187,7436713,23999,1539288,19480800
2354,1223,1224,7435490,23998,1540512,19347400
2355,1178,1214,7434312,23962,1541726,20262200
2356,1219,1223,7433093,23958,1542949,19871000
2357,1213,1225,7431880,23946,1544174,19220500
2358,1183,1173,7430697,23956,1545347,19039300
2359,1173,1167,7429524,23962,1546514,19222900
2360,1222,1205,7428302,23979,1547719,19314700
2361,1248,1214,7427054,24013,1548933,19456200
2362,1264,1221,7425790,24056,1550154,19452500
2363,1220,1195,7424570,24081,1551349,19111000
2364,1216,1243,7423354,24054,1552592,19279200
2365,1231,1228,7422123,24057,1553820,19472300
2366,1192,1262,7420931,23987,1555082,19442500
2367,1190,1250,7419741,23927,1556332,19954100
2368,1194,1230,7418547,23891,1557562,20402300
2369,1184,1145,7417363,23930,1558707,18987400
2370,1187,1191,7416176,23926,1559898,19453000
2371,1219,1226,7414957,23919,1561124,19193100
2372,1174,1173,7413783,23920,1562297,19553400
2373,1179,1207,7412604,23892,1563504,19662800
2374,1186,1229,7411418,23849,1564733,19236900
2375,1179,1160,7410239,23868,1565893,19484900
2376,1158,1173,7409081,23853,1567066,19512400
2377,1200,1230,7407881,23823,1568296,20211300
2378,1176,1190,7406705,23809,1569486,19426600
2379,1177,1197,7405528,23789,1570683,19666500
2380,1220,1215,7404308,23794,1571898,19442500
2381,1195,1209,7403113,23780,1573107,19273100
2382,1185,1199,7401928,23766,1574306,18973600
2383,1188,1118,7400740,23836,1575424,19214700
2384,1239,1144,7399501,23931,1576568,19139900
2385,1207,1202,7398294,23936,1577770,19546800
2386,1198,1148,7397096,23986,1578918,19335100
2387,1177,1195,7395919,23968,1580113,19740500
2388,1293,1192,7394626,24069,1581305,19649400
2389,1235,1198,7393391,24106,1582503,19752400
2390,1197,1274,7392194,24029,1583777,19857800
2391,1246,1156,7390948,24119,1584933,20293200
2392,1201,1165,7389747,24155,1586098,19422800
2393,1269,1223,7388478,24201,1587321,19701100
2394,1228,1251,7387250,24178,1588572,19483200
2395,1272,1163,7385978,24287,1589735,19506300
2396,1188,1234,7384790,24241,1590969,19752100
2397,1256,1231,7383534,24266,1592200,19844300
2398,1189,1319,7382345,24136,1593519,21686900
2399,1217,1173,7381128,24180,1594692,19669300
2400,1209,1167,7379919,24222,1595859,19768800
2401,1250,1182,7378669,24290,1597041,19535500
2402,1312,1240,7377357,24362,1598281,19448600
2403,1276,1210,7376081,24428,1599491,19881600
2404,1297,1210,7374784,24515,1600701,19649100
2405,1263,1192,7373521,24586,1601893,19512400
2406,1250,1243,7372271,24593,1603136,19207900
2407,1250,1279,7371021,24564,1604415,20358000
2408,1243,1241,7369778,24566,1605656,19682400
2409,1308,1206,7368470,24668,1606862,19417800
2410,1302,1238,7367168,24732,1608100,19485900
2411,1257,1269,7365911,24720,1609369,19492400
2412,1300,1239,7364611,24781,1610608,19843600
2413,1275,1221,7363336,24835,1611829,19354900
2414,1270,1282,7362066,24823,1613111,19669200
2415,1316,1284,7360750,24855,1614395,19422700
2416,1253,1204,7359497,24904,1615599,20141100
2417,1215,1221,7358282,24898,1616820,19566800
2418,1234,1252,7357048,24880,1618072,19378700
2419,1249,1247,7355799,24882,1619319,19438700
2420,1232,1245,7354567,24869,1620564,19783500
2421,1275,1242,7353292,24902,1621806,19589000
2422,1267,1255,7352025,24914,1623061,19552600
2423,1257,1271,7350768,24900,1624332,19595300
2424,1213,1222,7349555,24891,1625554,19590800
2425,1233,1214,7348322,24910,1626768,19454500
2426,1244,1242,7347078,24912,1628010,19324700
2427,1272,1252,7345806,24932,1629262,19930500
2428,1276,1303,7344530,24905,1630565,20507200
2429,1214,1174,7343316,24945,1631739,19694600
2430,1271,1303,7342045,24913,1633042,19957900
2431,1246,1366,7340799,24793,1634408,19400100
2432,1194,1240,7339605,24747,1635648,19421000
2433,1212,1262,7338393,24697,1636910,19489400
2434,1209,1291,7337184,24615,1638201,19849600
2435,1182,1277,7336002,24520,1639478,19872800
2436,1180,1180,7334822,24520,1640658,19416700
2437,1198,1271,7333624,24447,1641929,19660800
2438,1191,1235,7332433,24403,1643164,19726500
2439,1210,1221,7331223,24392,1644385,19612300
2440,1220,1212,7330003,24400,1645597,19491700
2441,1197,1180,7328806,24417,1646777,19747700
2442,1218,1207,7327588,24428,1647984,19975500
2443,1204,1287,7326384,24345,1649271,19830500
2444,1281,1192,7325103,24434,1650463,19535100
2445,1177,1275,7323926,24336,1651738,19678200
2446,1218,1258,7322708,24296,1652996,19445800
2447,1214,1194,7321494,24316,1654190,19806500
2448,1235,1229,7320259,24322,1655419,20002400
2449,1241,1163,7319018,24400,1656582,19476200
2450,1203,1177,7317815,24426,1657759,19314600
2451,1208,1226,7316607,24408,1658985,20335000
2452,1279,1206,7315328,24481,1660191,19787200
2453,1258,1214,7314070,24525,1661405,20175600
2454,1226,1243,7312844,24508,1662648,19815600
2455,1262,1229,7311582,24541,1663877,19554900
2456,1214,1286,7310368,24469,1665163,19430200
2457,1205,1255,7309163,24419,1666418,19418600
2458,1234,1206,7307929,24447,1667624,20822300
2459,1246,1202,7306683,24491,1668826,20151600
2460,1195,1187,7305488,24499,1670013,19735200
2461,1264,1187,7304224,24576,1671200,19677800
2462,1272,1273,7302952,24575,1672473,19423800
2463,1267,1201,7301685,24641,1673674,19227300
2464,1294,1245,7300391,24690,1674919,19626600
2465,1278,1270,7299113,24698,1676189,19867200
2466,1178,1214,7297935,24662,1677403,18927000
2467,1217,1285,7296718,24594,1678688,19230700
2468,1311,1262,7295407,24643,1679950,19544100
2469,1240,1204,7294167,24679,1681154,19473600
2470,1363,1219,7292804,24823,1682373,19333000
2471,1322,1176,7291482,24969,1683549,19316100
2472,1259,1245,7290223,24983,1684794,19321600
2473,1302,1309,7288921,24976,1686103,19801600
2474,1294,1216,7287627,25054,1687319,19801800
2475,1239,1247,7286388,25046,1688566,19956300
2476,1223,1201,7285165,25068,1689767,19617500
2477,1249,1244,7283916,25073,1691011,19540700
2478,1326,1288,7282590,25111,1692299,19691600
2479,1245,1204,7281345,25152,1693503,20151200
2480,1327,1315,7280018,25164,1694818,19711500
2481,1226,1221,7278792,25169,1696039,20230000
2482,1318,1276,7277474,25211,1697315,20354400
2483,1285,1248,7276189,25248,1698563,19267600
2484,1281,1292,7274908,25237,1699855,19216300
2485,1261,1298,7273647,25200,1701153,19578600
2486,1224,1192,7272423,25232,1702345,19508700
2487,1271,1270,7271152,25233,1703615,19362500
2488,1288,1285,7269864,25236,1704900,19556000
2489,1290,1263,7268574,25263,1706163,19454400
2490,1226,1311,7267348,25178,1707474,19510900
2491,1279,1214,7266069,25243,1708688,19620600
2492,1285,1242,7264784,25286,1709930,19945200
2493,1209,1241,7263575,25254,1711171,19364800
2494,1279,1286,7262296,25247,1712457,19508300
2495,1215,1239,7261081,25223,1713696,19863800
2496,1228,1233,7259853,25218,1714929,19364900
2497,1259,1262,7258594,25215,1716191,20062600
2498,1256,1270,7257338,25201,1717461,19514400
2499,1293,1242,7256045,25252,1718703,20251700
2500,1292,1288,7254753,25256,1719991,19216700
2501,1202,1240,7253551,25218,1721231,19151700
2502,1322,1278,7252229,25262,1722509,19531700
2503,1334,1233,7250895,25363,1723742,19620200
2504,1261,1272,7249634,25352,1725014,19632500
2505,1268,1277,7248366,25343,1726291,19464000
2506,1296,1325,7247070,25314,1727616,19268500
2507,1286,1208,7245784,25392,1728824,19410200
2508,1308,1266,7244476,25434,1730090,19777500
2509,1273,1322,7243203,25385,1731412,19712600
2510,1344,1247,7241859,25482,1732659,19721500
2511,1301,1275,7240558,25508,1733934,20131200
2512,1297,1289,7239261,25516,1735223,19810600
2513,1286,1263,7237975,25539,1736486,19512600
2514,1271,1310,7236704,25500,1737796,19743800
2515,1247,1308,7235457,25439,1739104,19563500
2516,1327,1196,7234130,25570,1740300,20234600
2517,1243,1280,7232887,25533,1741580,19381600
2518,1287,1323,7231600,25497,1742903,19622100
2519,1312,1314,7230288,25495,1744217,19840700
2520,1251,1265,7229037,25481,1745482,19561100
2521,1207,1269,7227830,25419,1746751,19705200
2522,1175,1317,7226655,25277,1748068,19853800
2523,1230,1268,7225425,25239,1749336,19773000
2524,1211,1285,7224214,25165,1750621,19707600
2525,1252,1248,7222962,25169,1751869,19618300
2526,1232,1298,7221730,25103,1753167,19737800
2527,1208,1199,7220522,25112,1754366,19746100
2528,1229,1242,7219293,25099,1755608,20152700
2529,1281,1233,7218012,25147,1756841,19747400
2530,1202,1272,7216810,25077,1758113,19441500
2531,1213,1294,7215597,24996,1759407,19207300
2532,1238,1249,7214359,24985,1760656,19891600
2533,1263,1269,7213096,24979,1761925,19356800
2534,1217,1247,7211879,24949,1763172,19302200
2535,1255,1278,7210624,24926,1764450,19788200
2536,1240,1195,7209384,24971,1765645,19273400
2537,1276,1278,7208108,24969,1766923,19623100
2538,1257,1249,7206851,24977,1768172,19185100
2539,1262,1263,7205589,24976,1769435,19954400
2540,1234,1270,7204355,24940,1770705,19284800
2541,1208,1265,7203147,24883,1771970,21856500
2542,1307,1229,7201840,24961,1773199,21250800
2543,1296,1232,7200544,25025,1774431,20309100
2544,1289,1322,7199255,24992,1775753,20143900
2545,1232,1212,7198023,25012,1776965,20410800
2546,1239,1271,7196784,24980,1778236,19919200
2547,1258,1226,7195526,25012,1779462,20335700
2548,1292,1234,7194234,25070,1780696,19953100
2549,1279,1245,7192955,25104,1781941,20221600
2550,1296,1273,7191659,25127,1783214,20046500
2551,1285,1295,7190374,25117,1784509,20895300
2552,1258,1208,7189116,25167,1785717,20676900
2553,1268,1258,7187848,25177,1786975,20464800
2554,1249,1228,7186599,25198,1788203,24801600
2555,1326,1221,7185273,25303,1789424,22807500
2556,1263,1288,7184010,25278,1790712,21164500
2557,1310,1233,7182700,25355,1791945,22564600
2558,1276,1291,7181424,25340,1793236,23642100
2559,1312,1248,7180112,25404,1794484,23280100
2560,1270,1256,7178842,25418,1795740,21219500
2561,1322,1306,7177520,25434,1797046,23967200
2562,1271,1261,7176249,25444,1798307,24076400
2563,1332,1319,7174917,25457,1799626,21362800
2564,1301,1355,7173616,25403,1800981,20101800
2565,1290,1292,7172326,25401,1802273,21668200
2566,1279,1268,7171047,25412,1803541,20687000
2567,1282,1238,7169765,25456,1804779,20797500
2568,1237,1266,7168528,25427,1806045,21659900
2569,1283,1248,7167245,25462,1807293,21152700
2570,1333,1278,7165912,25517,1808571,19758400
2571,1317,1204,7164595,25630,1809775,21752100
2572,1324,1289,7163271,25665,1811064,21405700
2573,1296,1297,7161975,25664,1812361,19666400
2574,1319,1274,7160656,25709,1813635,20033600
2575,1343,1252,7159313,25800,1814887,19479900
2576,1324,1253,7157989,25871,1816140,19724600
2577,1262,1277,7156727,25856,1817417,19457100
2578,1348,1353,7155379,25851,1818770,19482300
2579,1327,1315,7154052,25863,1820085,20181000
2580,1329,1300,7152723,25892,1821385,19566800
2581,1273,1353,7151450,25812,1822738,19529500
2582,1301,1327,7150149,25786,1824065,19525500
2583,1323,1318,7148826,25791,1825383,19753800
2584,1355,1292,7147471,25854,1826675,19617300
2585,1342,1312,7146129,25884,1827987,19468800
2586,1328,1321,7144801,25891,1829308,19457900
2587,1355,1234,7143446,26012,1830542,19456300
2588,1316,1308,7142130,26020,1831850,19513500
2589,1283,1241,7140847,26062,1833091,19570400
2590,1302,1288,7139545,26076,1834379,19629400
2591,1277,1292,7138268,26061,1835671,19769800
2592,1330,1309,7136938,26082,1836980,19310200
2593,1337,1325,7135601,26094,1838305,19298800
2594,1370,1283,7134231,26181,1839588,20077600
2595,1357,1259,7132874,26279,1840847,19546600
2596,1369,1299,7131505,26349,1842146,19434100
2597,1356,1320,7130149,26385,1843466,19450000
2598,1313,1356,7128836,26342,1844822,19876500
2599,1367,1288,7127469,26421,1846110,19679800
2600,1394,1281,7126075,26534,1847391,20370300
2601,1309,1335,7124766,26508,1848726,20070000
2602,1306,1296,7123460,26518,1850022,19604800
2603,1342,1348,7122118,26512,1851370,19925100
2604,1362,1308,7120756,26566,1852678,19664700
2605,1341,1379,7119415,26528,1854057,20167600
2606,1259,1314,7118156,26473,1855371,19317200
2607,1356,1358,7116800,26471,1856729,19451700
2608,1290,1300,7115510,26461,1858029,19650500
2609,1325,1355,7114185,26431,1859384,19899900
2610,1328,1330,7112857,26429,1860714,19755900
2611,1277,1369,7111580,26337,1862083,20222800
2612,1265,1269,7110315,26333,1863352,19363400
2613,1350,1276,7108965,26407,1864628,19342200
2614,1339,1268,7107626,26478,1865896,19577400
2615,1324,1312,7106302,26490,1867208,20184200
2616,1347,1288,7104955,26549,1868496,19431900
2617,1306,1354,7103649,26501,1869850,19311900
2618,1337,1299,7102312,26539,1871149,19454200
2619,1332,1364,7100980,26507,1872513,19692800
2620,1334,1292,7099646,26549,1873805,19502000
2621,1349,1293,7098297,26605,1875098,19671300
2622,1330,1297,7096967,26638,1876395,19400000
2623,1336,1377,7095631,26597,1877772,19365700
2624,1344,1358,7094287,26583,1879130,19810200
2625,1316,1424,7092971,26475,1880554,19790300
2626,1289,1345,7091682,26419,1881899,19624100
2627,1355,1348,7090327,26426,1883247,19616700
2628,1314,1310,7089013,26430,1884557,19425900
2629,1340,1275,7087673,26495,1885832,19888900
2630,1376,1308,7086297,26563,1887140,20393500
2631,1379,1256,7084918,26686,1888396,19868900
2632,1421,1358,7083497,26749,1889754,19483400
2633,1316,1296,7082181,26769,1891050,20361700
2634,1382,1344,7080799,26807,1892394,19333500
2635,1342,1324,7079457,26825,1893718,19723500
2636,1353,1315,7078104,26863,1895033,19855100
2637,1304,1344,7076800,26823,1896377,19737400
2638,1353,1313,7075447,26863,1897690,19604100
2639,1369,1313,7074078,26919,1899003,19330900
2640,1367,1311,7072711,26975,1900314,19711600
2641,1440,1311,7071271,27104,1901625,19903300
2642,1397,1280,7069874,27221,1902905,19469500
2643,1365,1331,7068509,27255,1904236,19848100
2644,1398,1400,7067111,27253,1905636,20217400
2645,1370,1423,7065741,27200,1907059,19717200
2646,1339,1365,7064402,27174,1908424,19689700
2647,1337,1343,7063065,27168,1909767,19647900
2648,1360,1352,7061705,27176,1911119,19674100
2649,1359,1366,7060346,27169,1912485,19729800
2650,1358,1401,7058988,27126,1913886,19686600
2651,1368,1363,7057620,27131,1915249,19801900
2652,1393,1353,7056227,27171,1916602,19760500
2653,1376,1351,7054851,27196,1917953,19582000
2654,1382,1349,7053469,27229,1919302,19726600
2655,1323,1391,7052146,27161,1920693,19959400
2656,1354,1361,7050792,27154,1922054,19898000
2657,1360,1354,7049432,27160,1923408,19351200
2658,1373,1350,7048059,27183,1924758,19516600
2659,1352,1418,7046707,27117,1926176,19922200
2660,1350,1406,7045357,27061,1927582,20109400
2661,1348,1333,7044009,27076,1928915,19927600
2662,1323,1324,7042686,27075,1930239,19246000
2663,1415,1378,7041271,27112,1931617,19731300
2664,1354,1378,7039917,27088,1932995,19715900
2665,1344,1391,7038573,27041,1934386,19521900
2666,1360,1329,7037213,27072,1935715,19407000
2667,1341,1346,7035872,27067,1937061,19991200
2668,1324,1404,7034548,26987,1938465,20104300
2669,1315,1336,7033233,26966,1939801,20221100
2670,1364,1320,7031869,27010,1941121,20483700
2671,1339,1322,7030530,27027,1942443,19402200
2672,1342,1429,7029188,26940,1943872,19867600
2673,1360,1302,7027828,26998,1945174,19350300
2674,1328,1327,7026500,26999,1946501,19430100
2675,1383,1350,7025117,27032,1947851,20396700
2676,1292,1310,7023825,27014,1949161,19714300
2677,1272,1424,7022553,26862,1950585,19409600
2678,1402,1306,7021151,26958,1951891,20060000
2679,1338,1370,7019813,26926,1953261,19959400
2680,1283,1289,7018530,26920,1954550,19733800
2681,1366,1342,7017164,26944,1955892,19646300
2682,1355,1340,7015809,26959,1957232,19771100
2683,1359,1363,7014450,26955,1958595,19801600
2684,1351,1345,7013099,26961,1959940,19267400
2685,1293,1395,7011806,26859,1961335,20025000
2686,1341,1304,7010465,26896,1962639,19420600
2687,1343,1415,7009122,26824,1964054,19263300
2688,1373,1346,7007749,26851,1965400,19437800
2689,1352,1333,7006397,26870,1966733,19618800
2690,1364,1337,7005033,26897,1968070,19396800
2691,1346,1327,7003687,26916,1969397,19476600
2692,1355,1381,7002332,26890,1970778,19638800
2693,1412,1346,7000920,26956,1972124,19439700
2694,1391,1322,6999529,27025,1973446,20537100
2695,1417,1352,6998112,27090,1974798,19619400
2696,1344,1372,6996768,27062,1976170,19524700
2697,1372,1347,6995396,27087,1977517,19761800
2698,1398,1412,6993998,27073,1978929,19526300
2699,1349,1357,6992649,27065,1980286,19565300
2700,1430,1323,6991219,27172,1981609,19519200
2701,1400,1283,6989819,27289,1982892,19893500
2702,1330,1369,6988489,27250,1984261,19880200
2703,1405,1317,6987084,27338,1985578,19524500
2704,1359,1412,6985725,27285,1986990,19311100
2705,1368,1417,6984357,27236,1988407,19557300
2706,1400,1392,6982957,27244,1989799,19690100
2707,1365,1432,6981592,27177,1991231,20244900
2708,1391,1419,6980201,27149,1992650,20142700
2709,1389,1321,6978812,27217,1993971,20054300
2710,1360,1366,6977452,27211,1995337,20983500
2711,1405,1324,6976047,27292,1996661,19962200
2712,1439,1368,6974608,27363,1998029,20579900
2713,1390,1364,6973218,27389,1999393,19821700
2714,1340,1334,6971878,27395,2000727,19694900
2715,1369,1395,6970509,27369,2002122,19592300
2716,1383,1371,6969126,27381,2003493,20301800
2717,1390,1337,6967736,27434,2004830,19642700
2718,1358,1335,6966378,27457,2006165,19791400
2719,1366,1355,6965012,27468,2007520,20545300
2720,1417,1323,6963595,27562,2008843,19671900
2721,1388,1331,6962207,27619,2010174,19658600
2722,1349,1406,6960858,27562,2011580,19541400
2723,1410,1381,6959448,27591,2012961,19546500
2724,1399,1382,6958049,27608,2014343,19698000
2725,1378,1377,6956671,27609,2015720,19506300
2726,1388,1409,6955283,27588,2017129,19946800
2727,1397,1381,6953886,27604,2018510,19329600
2728,1389,1424,6952497,27569,2019934,19885900
2729,1444,1303,6951053,27710,2021237,19624800
2730,1384,1363,6949669,27731,2022600,19653500
2731,1387,1404,6948282,27714,2024004,19779600
2732,1378,1421,6946904,27671,2025425,19869000
2733,1304,1353,6945600,27622,2026778,19708000
2734,1388,1424,6944212,27586,2028202,19194000
2735,1374,1363,6942838,27597,2029565,20116100
2736,1336,1316,6941502,27617,2030881,19778100
2737,1434,1342,6940068,27709,2032223,19242800
2738,1424,1368,6938644,27765,2033591,19423700
2739,1414,1405,6937230,27774,2034996,19663500
2740,1387,1423,6935843,27738,2036419,19351400
2741,1394,1417,6934449,27715,2037836,19553600
2742,1394,1392,6933055,27717,2039228,19428600
2743,1422,1366,6931633,27773,2040594,19736700
2744,1381,1353,6930252,27801,2041947,19317600
2745,1402,1325,6928850,27878,2043272,19453800
2746,1363,1394,6927487,27847,2044666,19949500
2747,1311,1301,6926176,27857,2045967,19771700
2748,1423,1334,6924753,27946,2047301,19406200
2749,1318,1417,6923435,27847,2048718,19655300
2750,1422,1432,6922013,27837,2050150,19821600
2751,1387,1373,6920626,27851,2051523,19356400
2752,1433,1373,6919193,27911,2052896,19487200
2753,1344,1331,6917849,27924,2054227,19523400
2754,1427,1454,6916422,27897,2055681,19381800
2755,1353,1420,6915069,27830,2057101,19516000
2756,1391,1392,6913678,27829,2058493,19550800
2757,1408,1379,6912270,27858,2059872,19688900
2758,1416,1409,6910854,27865,2061281,19435600
2759,1384,1360,6909470,27889,2062641,19526700
2760,1347,1418,6908123,27818,2064059,19930200
2761,1377,1408,6906746,27787,2065467,20607800
2762,1442,1339,6905304,27890,2066806,20417500
2763,1364,1412,6903940,27842,2068218,19692500
2764,1403,1454,6902537,27791,2069672,19681400
2765,1318,1360,6901219,27749,2071032,19666900
2766,1406,1384,6899813,27771,2072416,19929100
2767,1392,1404,6898421,27759,2073820,19424000
2768,1390,1429,6897031,27720,2075249,19568800
2769,1417,1440,6895614,27697,2076689,19679800
2770,1402,1326,6894212,27773,2078015,19691300
2771,1328,1335,6892884,27766,2079350,20232200
2772,1392,1412,6891492,27746,2080762,19490600
2773,1342,1380,6890150,27708,2082142,20672600
2774,1350,1425,6888800,27633,2083567,20022500
2775,1398,1401,6887402,27630,2084968,19718300
2776,1354,1418,6886048,27566,2086386,19901900
2777,1356,1389,6884692,27533,2087775,20001500
2778,1343,1391,6883349,27485,2089166,19623200
2779,1375,1357,6881974,27503,2090523,19870700
2780,1445,1411,6880529,27537,2091934,20160400
2781,1410,1331,6879119,27616,2093265,19867700
2782,1400,1354,6877719,27662,2094619,19968500
2783,1346,1405,6876373,27603,2096024,20042800
2784,1412,1362,6874961,27653,2097386,19721100
2785,1382,1416,6873579,27619,2098802,19272800
2786,1448,1332,6872131,27735,2100134,19871800
2787,1401,1443,6870730,27693,2101577,19115600
2788,1391,1320,6869339,27764,2102897,19545700
2789,1478,1402,6867861,27840,2104299,19433300
2790,1445,1406,6866416,27879,2105705,20249200
2791,1380,1320,6865036,27939,2107025,19364400
2792,1379,1396,6863657,27922,2108421,19439100
2793,1409,1357,6862248,27974,2109778,19783500
2794,1449,1343,6860799,28080,2111121,19294900
2795,1461,1362,6859338,28179,2112483,20048900
2796,1427,1385,6857911,28221,2113868,19642300
2797,1432,1481,6856479,28172,2115349,19448700
2798,1415,1376,6855064,28211,2116725,19224600
2799,1424,1454,6853640,28181,2118179,19452800
2800,1529,1381,6852111,28329,2119560,19649000
2801,1412,1415,6850699,28326,2120975,19604300
2802,1464,1412,6849235,28378,2122387,19670200
2803,1518,1403,6847717,28493,2123790,19942500
2804,1400,1393,6846317,28500,2125183,19662300
2805,1430,1409,6844887,28521,2126592,19758200
2806,1414,1491,6843473,28444,2128083,19881500
2807,1412,1463,6842061,28393,2129546,19415800
2808,1459,1445,6840602,28407,2130991,19277900
2809,1440,1380,6839162,28467,2132371,19710800
2810,1400,1436,6837762,28431,2133807,19888900
2811,1366,1390,6836396,28407,2135197,19610900
2812,1481,1476,6834915,28412,2136673,19491000
2813,1443,1421,6833472,28434,2138094,20041100
2814,1405,1445,6832067,28394,2139539,19496400
2815,1472,1414,6830595,28452,2140953,19564000
2816,1438,1408,6829157,28482,2142361,19464000
2817,1351,1447,6827806,28386,2143808,19700200
2818,1467,1437,6826339,28416,2145245,19656900
2819,1400,1502,6824939,28314,2146747,19419400
2820,1436,1434,6823503,28316,2148181,19569800
2821,1505,1358,6821998,28463,2149539,19333500
2822,1477,1399,6820521,28541,2150938,19907000
2823,1389,1416,6819132,28514,2152354,19646300
2824,1477,1432,6817655,28559,2153786,19567000
2825,1393,1447,6816262,28505,2155233,19450900
2826,1398,1464,6814864,28439,2156697,19782300
2827,1424,1429,6813440,28434,2158126,19529800
2828,1410,1456,6812030,28388,2159582,19432700
2829,1439,1422,6810591,28405,2161004,19434900
2830,1459,1507,6809132,28357,2162511,19715300
2831,1437,1419,6807695,28375,2163930,19529400
2832,1435,1432,6806260,28378,2165362,19725100
2833,1454,1443,6804806,28389,2166805,19831100
2834,1424,1442,6803382,28371,2168247,20051500
2835,1414,1408,6801968,28377,2169655,19244200
2836,1391,1434,6800577,28334,2171089,19884000
2837,1385,1454,6799192,28265,2172543,19658400
2838,1423,1410,6797769,28278,2173953,19572800
2839,1472,1336,6796297,28414,2175289,19729500
2840,1430,1469,6794867,28375,2176758,20893600
2841,1414,1427,6793453,28362,2178185,19750700
2842,1465,1462,6791988,28365,2179647,19923700
2843,1413,1379,6790575,28399,2181026,19448700
2844,1432,1353,6789143,28478,2182379,19570000
2845,1426,1466,6787717,28438,2183845,19435500
2846,1431,1442,6786286,28427,2185287,19548900
2847,1391,1460,6784895,28358,2186747,19731400
2848,1478,1452,6783417,28384,2188199,20168800
2849,1379,1445,6782038,28318,2189644,19408500
2850,1406,1381,6780632,28343,2191025,19166200
2851,1410,1437,6779222,28316,2192462,19500500
2852,1426,1390,6777796,28352,2193852,19594300
2853,1390,1417,6776406,28325,2195269,19759500
2854,1386,1391,6775020,28320,2196660,19333700
2855,1372,1409,6773648,28283,2198069,19517400
2856,1358,1391,6772290,28250,2199460,19571500
2857,1432,1377,6770858,28305,2200837,19618100
2858,1395,1356,6769463,28344,2202193,19733100
2859,1459,1453,6768004,28350,2203646,19414900
2860,1409,1450,6766595,28309,2205096,19888100
2861,1474,1381,6765121,28402,2206477,19738800
2862,1420,1411,6763701,28411,2207888,19299300
2863,1351,1415,6762350,28347,2209303,19477400
2864,1426,1428,6760924,28345,2210731,19858800
2865,1432,1410,6759492,28367,2212141,19742200
2866,1409,1447,6758083,28329,2213588,19986100
2867,1408,1334,6756675,28403,2214922,19336500
2868,1372,1400,6755303,28375,2216322,19824200
2869,1461,1443,6753842,28393,2217765,19660500
2870,1391,1406,6752451,28378,2219171,21059400
2871,1401,1395,6751050,28384,2220566,20025900
2872,1456,1431,6749594,28409,2221997,19958200
2873,1431,1419,6748163,28421,2223416,19614800
2874,1351,1365,6746812,28407,2224781,19611400
2875,1350,1410,6745462,28347,2226191,19753700
2876,1403,1367,6744059,28383,2227558,20012600
2877,1473,1368,6742586,28488,2228926,19256900
2878,1546,1390,6741040,28644,2230316,19590200
2879,1432,1413,6739608,28663,2231729,19434500
2880,1473,1485,6738135,28651,2233214,19439600
2881,1442,1451,6736693,28642,2234665,19514200
2882,1422,1443,6735271,28621,2236108,19592400
2883,1499,1488,6733772,28632,2237596,19521200
2884,1471,1416,6732301,28687,2239012,19849200
2885,1466,1485,6730835,28668,2240497,19651200
2886,1451,1487,6729384,28632,2241984,19648200
2887,1497,1421,6727887,28708,2243405,19383500
2888,1416,1358,6726471,28766,2244763,20241200
2889,1418,1421,6725053,28763,2246184,19466900
2890,1410,1393,6723643,28780,2247577,19399000
2891,1364,1442,6722279,28702,2249019,19568900
2892,1435,1466,6720844,28671,2250485,19468700
2893,1403,1419,6719441,28655,2251904,19507300
2894,1428,1384,6718013,28699,2253288,19522500
2895,1474,1441,6716539,28732,2254729,20031500
2896,1381,1420,6715158,28693,2256149,19776700
2897,1411,1422,6713747,28682,2257571,19426200
2898,1402,1434,6712345,28650,2259005,20049100
2899,1404,1457,6710941,28597,2260462,19639500
2900,1397,1390,6709544,28604,2261852,20262700
2901,1407,1476,6708137,28535,2263328,19820700
2902,1403,1389,6706734,28549,2264717,20109000
2903,1448,1460,6705286,28537,2266177,19644800
2904,1431,1465,6703855,28503,2267642,20350800
2905,1390,1364,6702465,28529,2269006,19566800
2906,1431,1469,6701034,28491,2270475,20015300
2907,1437,1394,6699597,28534,2271869,19515300
2908,1406,1396,6698191,28544,2273265,19850600
2909,1356,1407,6696835,28493,2274672,19985600
2910,1396,1421,6695439,28468,2276093,20022600
2911,1351,1377,6694088,28442,2277470,20020900
2912,1471,1380,6692617,28533,2278850,19750800
2913,1457,1490,6691160,28500,2280340,19721600
2914,1418,1454,6689742,28464,2281794,19865000
2915,1478,1402,6688264,28540,2283196,19575400
2916,1445,1352,6686819,28633,2284548,19922600
2917,1427,1445,6685392,28615,2285993,19943500
2918,1451,1384,6683941,28682,2287377,20041000
2919,1444,1464,6682497,28662,2288841,19318100
2920,1450,1496,6681047,28616,2290337,19471600
2921,1466,1405,6679581,28677,2291742,19500700
2922,1511,1452,6678070,28736,2293194,19703400
2923,1402,1413,6676668,28725,2294607,19320700
2924,1409,1400,6675259,28734,2296007,19461500
2925,1444,1454,6673815,28724,2297461,20115200
2926,1513,1456,6672302,28781,2298917,20144300
2927,1455,1481,6670847,28755,2300398,19236700
2928,1436,1433,6669411,28758,2301831,19520700
2929,1438,1347,6667973,28849,2303178,19481100
2930,1396,1462,6666577,28783,2304640,19954300
2931,1462,1488,6665115,28757,2306128,19492000
2932,1400,1416,6663715,28741,2307544,19462500
2933,1486,1378,6662229,28849,2308922,20268500
2934,1535,1501,6660694,28883,2310423,19460200
2935,1435,1464,6659259,28854,2311887,19833000
2936,1426,1440,6657833,28840,2313327,19617600
2937,1459,1440,6656374,28859,2314767,19220500
2938,1485,1445,6654889,28899,2316212,19756200
2939,1384,1444,6653505,28839,2317656,19618300
2940,1454,1457,6652051,28836,2319113,19342100
2941,1474,1491,6650577,28819,2320604,19446200
2942,1427,1402,6649150,28844,2322006,19899100
2943,1404,1459,6647746,28789,2323465,19594200
2944,1434,1429,6646312,28794,2324894,20056300
2945,1446,1510,6644866,28730,2326404,21198400
2946,1484,1401,6643382,28813,2327805,19662100
2947,1466,1504,6641916,28775,2329309,19995500
2948,1446,1414,6640470,28807,2330723,19760000
2949,1455,1436,6639015,28826,2332159,19644800
2950,1449,1451,6637566,28824,2333610,19406900
2951,1493,1462,6636073,28855,2335072,19543500
2952,1458,1441,6634615,28872,2336513,19490300
2953,1425,1455,6633190,28842,2337968,19498500
2954,1487,1457,6631703,28872,2339425,19559100
2955,1485,1478,6630218,28879,2340903,20056100
2956,1470,1401,6628748,28948,2342304,19481100
2957,1431,1420,6627317,28959,2343724,19928800
2958,1544,1388,6625773,29115,2345112,19622000
2959,1486,1554,6624287,29047,2346666,19492700
2960,1545,1521,6622742,29071,2348187,19398000
2961,1483,1462,6621259,29092,2349649,19343100
2962,1526,1474,6619733,29144,2351123,20302000
2963,1533,1472,6618200,29205,2352595,19464500
2964,1499,1494,6616701,29210,2354089,19690200
2965,1461,1469,6615240,29202,2355558,19939500
2966,1533,1412,6613707,29323,2356970,19908300
2967,1494,1505,6612213,29312,2358475,20334000
2968,1469,1423,6610744,29358,2359898,19930100
2969,1518,1421,6609226,29455,2361319,20200600
2970,1399,1471,6607827,29383,2362790,19958800
2971,1550,1439,6606277,29494,2364229,20032400
2972,1457,1464,6604820,29487,2365693,19819900
2973,1552,1448,6603268,29591,2367141,19713700
2974,1517,1526,6601751,29582,2368667,19772900
2975,1508,1442,6600243,29648,2370109,19875600
2976,1580,1507,6598663,29721,2371616,20059400
2977,1517,1501,6597146,29737,2373117,19794400
2978,1542,1436,6595604,29843,2374553,19839800
2979,1505,1473,6594099,29875,2376026,19733200
2980,1541,1449,6592558,29967,2377475,20023200
2981,1539,1528,6591019,29978,2379003,19810900
2982,1456,1520,6589563,29914,2380523,19602000
2983,1547,1483,6588016,29978,2382006,19738000
2984,1517,1493,6586499,30002,2383499,20414300
2985,1562,1519,6584937,30045,2385018,19738100
2986,1500,1490,6583437,30055,2386508,19910500
2987,1514,1527,6581923,30042,2388035,19641800
2988,1564,1516,6580359,30090,2389551,19490800
2989,1514,1516,6578845,30088,2391067,20043000
2990,1532,1495,6577313,30125,2392562,19653700
2991,1541,1578,6575772,30088,2394140,20095700
2992,1507,1552,6574265,30043,2395692,19539900
2993,1466,1544,6572799,29965,2397236,19756500
2994,1491,1485,6571308,29971,2398721,19558400
2995,1491,1446,6569817,30016,2400167,19745700
2996,1490,1428,6568327,30078,2401595,20049900
2997,1437,1443,6566890,30072,2403038,19349700
2998,1534,1497,6565356,30109,2404535,19817300
2999,1534,1512,6563822,30131,2406047,19586600
3000,1537,1426,6562285,30242,2407473,19527300
3001,1463,1443,6560822,30262,2408916,19519800
3002,1498,1504,6559324,30256,2410420,19377500
3003,1500,1509,6557824,30247,2411929,20165000
3004,1583,1522,6556241,30308,2413451,19347300
3005,1545,1511,6554696,30342,2414962,19412700
3006,1554,1522,6553142,30374,2416484,19914900
3007,1397,1517,6551745,30254,2418001,19921000
3008,1543,1520,6550202,30277,2419521,19480000
3009,1485,1485,6548717,30277,2421006,19628500
3010,1461,1535,6547256,30203,2422541,19955300
3011,1589,1503,6545667,30289,2424044,19746800
3012,1506,1579,6544161,30216,2425623,19699100
3013,1485,1542,6542676,30159,2427165,19667800
3014,1469,1531,6541207,30097,2428696,19758800
3015,1480,1503,6539727,30074,2430199,19595700
3016,1506,1550,6538221,30030,2431749,19539500
3017,1521,1481,6536700,30070,2433230,19585300
3018,1546,1502,6535154,30114,2434732,20055900
3019,1484,1526,6533670,30072,2436258,19763600
3020,1488,1484,6532182,30076,2437742,19549400
3021,1546,1578,6530636,30044,2439320,19639400
3022,1524,1549,6529112,30019,2440869,19713500
3023,1507,1501,6527605,30025,2442370,19542100
3024,1460,1489,6526145,29996,2443859,19271700
3025,1540,1513,6524605,30023,2445372,19727800
3026,1559,1434,6523046,30148,2446806,19771600
3027,1507,1536,6521539,30119,2448342,20119600
3028,1491,1520,6520048,30090,2449862,19890800
3029,1543,1525,6518505,30108,2451387,19783700
3030,1480,1505,6517025,30083,2452892,20193400
3031,1557,1540,6515468,30100,2454432,19757000
3032,1536,1478,6513932,30158,2455910,20367400
3033,1551,1500,6512381,30209,2457410,19592600
3034,1554,1507,6510827,30256,2458917,19831200
3035,1579,1459,6509248,30376,2460376,19707800
3036,1565,1541,6507683,30400,2461917,20146800
3037,1484,1503,6506199,30381,2463420,20013500
3038,1475,1527,6504724,30329,2464947,20246200
3039,1519,1535,6503205,30313,2466482,19683900
3040,1519,1543,6501686,30289,2468025,19964400
3041,1503,1516,6500183,30276,2469541,19604200
3042,1579,1548,6498604,30307,2471089,19369300
3043,1516,1527,6497088,30296,2472616,20073500
3044,1575,1545,6495513,30326,2474161,19728300
3045,1557,1531,6493956,30352,2475692,19363600
3046,1477,1539,6492479,30290,2477231,19778000
3047,1610,1483,6490869,30417,2478714,19615500
3048,1478,1470,6489391,30425,2480184,19825100
3049,1509,1560,6487882,30374,2481744,19439800
3050,1510,1560,6486372,30324,2483304,19843600
3051,1501,1540,6484871,30285,2484844,19235700
3052,1456,1500,6483415,30241,2486344,19361000
3053,1631,1543,6481784,30329,2487887,20041300
3054,1512,1536,6480272,30305,2489423,19858200
3055,1471,1523,6478801,30253,2490946,19841900
3056,1539,1509,6477262,30283,2492455,19703800
3057,1533,1508,6475729,30308,2493963,19781300
3058,1506,1486,6474223,30328,2495449,20186000
3059,1507,1573,6472716,30262,2497022,19458700
3060,1549,1446,6471167,30365,2498468,19931200
3061,1534,1532,6469633,30367,2500000,19937600
3062,1518,1515,6468115,30370,2501515,19749200
3063,1527,1548,6466588,30349,2503063,19558100
3064,1533,1580,6465055,30302,2504643,19768000
3065,1514,1550,6463541,30266,2506193,19415700
3066,1544,1486,6461997,30324,2507679,19854300
3067,1561,1535,6460436,30350,2509214,19901800
3068,1552,1576,6458884,30326,2510790,19877700
3069,1523,1529,6457361,30320,2512319,20178000
3070,1557,1495,6455804,30382,2513814,19773300
3071,1540,1497,6454264,30425,2515311,19598700
3072,1502,1574,6452762,30353,2516885,19629100
3073,1501,1526,6451261,30328,2518411,20107900
3074,1607,1596,6449654,30339,2520007,19771200
3075,1537,1501,6448117,30375,2521508,19754900
3076,1597,1534,6446520,30438,2523042,19466100
3077,1561,1519,6444959,30480,2524561,19940200
3078,1495,1561,6443464,30414,2526122,19903400
3079,1549,1461,6441915,30502,2527583,19648600
3080,1542,1505,6440373,30539,2529088,19834300
3081,1521,1549,6438852,30511,2530637,19347800
3082,1541,1478,6437311,30574,2532115,19302400
3083,1599,1534,6435712,30639,2533649,19406100
3084,1539,1553,6434173,30625,2535202,19532700
3085,1588,1569,6432585,30644,2536771,19580400
3086,1565,1588,6431020,30621,2538359,19608900
3087,1565,1526,6429455,30660,2539885,19852600
3088,1520,1483,6427935,30697,2541368,20179000
3089,1553,1530,6426382,30720,2542898,19709000
3090,1538,1506,6424844,30752,2544404,19525000
3091,1550,1531,6423294,30771,2545935,19682200
3092,1537,1525,6421757,30783,2547460,19474700
3093,1589,1526,6420168,30846,2548986,19787900
3094,1520,1538,6418648,30828,2550524,19909200
3095,1538,1548,6417110,30818,2552072,20402600
3096,1540,1600,6415570,30758,2553672,20519600
3097,1565,1536,6414005,30787,2555208,20038500
3098,1547,1515,6412458,30819,2556723,19857800
3099,1585,1515,6410873,30889,2558238,19778600
3100,1607,1562,6409266,30934,2559800,20113600
3101,1519,1482,6407747,30971,2561282,19925600
3102,1632,1525,6406115,31078,2562807,19968400
3103,1575,1516,6404540,31137,2564323,20065400
3104,1560,1555,6402980,31142,2565878,20014200
3105,1550,1526,6401430,31166,2567404,19568300
3106,1590,1435,6399840,31321,2568839,19917300
3107,1657,1517,6398183,31461,2570356,19562200
3108,1583,1581,6396600,31463,2571937,19604000
3109,1629,1607,6394971,31485,2573544,19540500
3110,1572,1524,6393399,31533,2575068,19678300
3111,1571,1515,6391828,31589,2576583,19748200
3112,1619,1541,6390209,31667,2578124,19418700
3113,1563,1545,6388646,31685,2579669,20219500
3114,1573,1562,6387073,31696,2581231,19819800
3115,1596,1605,6385477,31687,2582836,19543500
3116,1605,1639,6383872,31653,2584475,19892700
3117,1592,1519,6382280,31726,2585994,19630700
3118,1586,1607,6380694,31705,2587601,19369200
3119,1584,1546,6379110,31743,2589147,19671400
3120,1538,1530,6377572,31751,2590677,19923200
3121,1566,1538,6376006,31779,2592215,20639500
3122,1602,1621,6374404,31760,2593836,19689000
3123,1617,1657,6372787,31720,2595493,19701600
3124,1557,1610,6371230,31667,2597103,19920000
3125,1654,1545,6369576,31776,2598648,19558200
3126,1581,1626,6367995,31731,2600274,19800600
3127,1543,1616,6366452,31658,2601890,19984900
3128,1566,1600,6364886,31624,2603490,19735200
3129,1545,1578,6363341,31591,2605068,19393200
3130,1657,1607,6361684,31641,2606675,19560500
3131,1562,1650,6360122,31553,2608325,20489600
3132,1536,1614,6358586,31475,2609939,19888600
3133,1576,1611,6357010,31440,2611550,19504800
3134,1555,1504,6355455,31491,2613054,19783500
3135,1539,1579,6353916,31451,2614633,20027500
3136,1520,1551,6352396,31420,2616184,19467000
3137,1550,1623,6350846,31347,2617807,19594800
3138,1584,1595,6349262,31336,2619402,20796800
3139,1555,1601,6347707,31290,2621003,20142800
3140,1562,1514,6346145,31338,2622517,19383700
3141,1585,1540,6344560,31383,2624057,19685800
3142,1548,1546,6343012,31385,2625603,19532400
3143,1578,1537,6341434,31426,2627140,19443200
3144,1592,1673,6339842,31345,2628813,21557000
3145,1601,1627,6338241,31319,2630440,19526000
3146,1495,1573,6336746,31241,2632013,19640900
3147,1537,1558,6335209,31220,2633571,19716100
3148,1556,1532,6333653,31244,2635103,19632400
3149,1560,1557,6332093,31247,2636660,19290800
3150,1505,1535,6330588,31217,2638195,19514300
3151,1572,1583,6329016,31206,2639778,19849900
3152,1659,1515,6327357,31350,2641293,19289900
3153,1627,1542,6325730,31435,2642835,19618900
3154,1612,1580,6324118,31467,2644415,19705400
3155,1598,1539,6322520,31526,2645954,19387800
3156,1548,1576,6320972,31498,2647530,19928000
3157,1559,1584,6319413,31473,2649114,20120800
3158,1612,1585,6317801,31500,2650699,20039900
3159,1562,1507,6316239,31555,2652206,20170700
3160,1720,1569,6314519,31706,2653775,19748900
3161,1544,1558,6312975,31692,2655333,20351000
3162,1554,1603,6311421,31643,2656936,19733100
3163,1597,1613,6309824,31627,2658549,19569500
3164,1622,1573,6308202,31676,2660122,19758500
3165,1650,1570,6306552,31756,2661692,20103000
3166,1594,1618,6304958,31732,2663310,20160100
3167,1664,1590,6303294,31806,2664900,20558800
3168,1623,1599,6301671,31830,2666499,20002500
3169,1546,1573,6300125,31803,2668072,19945900
3170,1620,1568,6298505,31855,2669640,19506900
3171,1604,1601,6296901,31858,2671241,20117500
3172,1614,1617,6295287,31855,2672858,19502400
3173,1606,1620,6293681,31841,2674478,19495700
3174,1599,1618,6292082,31822,2676096,19756100
3175,1553,1533,6290529,31842,2677629,19489100
3176,1679,1601,6288850,31920,2679230,20095600
3177,1567,1566,6287283,31921,2680796,19736700
3178,1648,1575,6285635,31994,2682371,19763900
3179,1655,1636,6283980,32013,2684007,19911400
3180,1654,1556,6282326,32111,2685563,19607800
3181,1579,1666,6280747,32024,2687229,19973000
3182,1640,1618,6279107,32046,2688847,19697300
3183,1600,1632,6277507,32014,2690479,19626100
3184,1547,1668,6275960,31893,2692147,19957100
3185,1586,1692,6274374,31787,2693839,19349200
3186,1586,1583,6272788,31790,2695422,20005900
3187,1596,1582,6271192,31804,2697004,20223800
3188,1648,1583,6269544,31869,2698587,20245500
3189,1558,1606,6267986,31821,2700193,19690700
3190,1583,1584,6266403,31820,2701777,19362500
3191,1537,1658,6264866,31699,2703435,19953800
3192,1566,1592,6263300,31673,2705027,19563400
3193,1631,1580,6261669,31724,2706607,19469300
3194,1615,1550,6260054,31789,2708157,19492600
3195,1607,1626,6258447,31770,2709783,19758700
3196,1577,1614,6256870,31733,2711397,20005700
3197,1600,1577,6255270,31756,2712974,19480800
3198,1601,1582,6253669,31775,2714556,19585300
3199,1638,1624,6252031,31789,2716180,19552500
3200,1556,1597,6250475,31748,2717777,19786700
3201,1594,1590,6248881,31752,2719367,19533500
3202,1512,1573,6247369,31691,2720940,19693300
3203,1575,1575,6245794,31691,2722515,19357600
3204,1632,1610,6244162,31713,2724125,19497700
3205,1527,1649,6242635,31591,2725774,20033200
3206,1556,1530,6241079,31617,2727304,19309100
3207,1634,1587,6239445,31664,2728891,19321900
3208,1644,1626,6237801,31682,2730517,19826800
3209,1600,1619,6236201,31663,2732136,19627600
3210,1732,1659,6234469,31736,2733795,19489000
3211,1635,1562,6232834,31809,2735357,19883200
3212,1606,1645,6231228,31770,2737002,19480900
3213,1628,1543,6229600,31855,2738545,19611200
3214,1647,1590,6227953,31912,2740135,19838400
3215,1570,1643,6226383,31839,2741778,19991700
3216,1530,1629,6224853,31740,2743407,20435500
3217,1579,1553,6223274,31766,2744960,19565900
3218,1534,1561,6221740,31739,2746521,19624500
3219,1540,1550,6220200,31729,2748071,19637000
3220,1586,1567,6218614,31748,2749638,19946600
3221,1530,1603,6217084,31675,2751241,20078800
3222,1557,1545,6215527,31687,2752786,21267500
3223,1603,1600,6213924,31690,2754386,20514300
3224,1557,1614,6212367,31633,2756000,20688800
3225,1576,1608,6210791,31601,2757608,21871800
3226,1620,1490,6209171,31731,2759098,22394600
3227,1543,1574,6207628,31700,2760672,21420100
3228,1595,1592,6206033,31703,2762264,21422800
3229,1582,1591,6204451,31694,2763855,20086200
3230,1603,1580,6202848,31717,2765435,19745500
3231,1549,1603,6201299,31663,2767038,20215200
3232,1602,1637,6199697,31628,2768675,20188800
3233,1613,1531,6198084,31710,2770206,19765600
3234,1580,1633,6196504,31657,2771839,19399000
3235,1523,1533,6194981,31647,2773372,19891700
3236,1578,1624,6193403,31601,2774996,19782300
3237,1593,1606,6191810,31588,2776602,20063600
3238,1577,1625,6190233,31540,2778227,20243800
3239,1580,1532,6188653,31588,2779759,19574000
3240,1591,1542,6187062,31637,2781301,19735500
3241,1556,1517,6185506,31676,2782818,19954600
3242,1584,1575,6183922,31685,2784393,20059300
3243,1669,1598,6182253,31756,2785991,19828200
3244,1612,1696,6180641,31672,2787687,19651700
3245,1620,1578,6179021,31714,2789265,20225400
3246,1659,1570,6177362,31803,2790835,19726100
3247,1538,1554,6175824,31787,2792389,19580000
3248,1646,1565,6174178,31868,2793954,19864900
3249,1657,1594,6172521,31931,2795548,19636400
3250,1578,1627,6170943,31882,2797175,19568700
3251,1659,1617,6169284,31924,2798792,19634600
3252,1606,1581,6167678,31949,2800373,19593500
3253,1550,1613,6166128,31886,2801986,19572000
3254,1713,1572,6164415,32027,2803558,19434200
3255,1622,1574,6162793,32075,2805132,19926900
3256,1602,1580,6161191,32097,2806712,20053100
3257,1614,1696,6159577,32015,2808408,20242200
3258,1622,1662,6157955,31975,2810070,19730500
3259,1670,1571,6156285,32074,2811641,19778800
3260,1618,1623,6154667,32069,2813264,20232500
3261,1651,1640,6153016,32080,2814904,20032300
3262,1593,1560,6151423,32113,2816464,19981200
3263,1574,1601,6149849,32086,2818065,19822800
3264,1651,1564,6148198,32173,2819629,20167000
3265,1568,1669,6146630,32072,2821298,20272100
3266,1673,1652,6144957,32093,2822950,20115300
3267,1564,1644,6143393,32013,2824594,19692300
3268,1573,1635,6141820,31951,2826229,19482900
3269,1614,1546,6140206,32019,2827775,19692100
3270,1609,1605,6138597,32023,2829380,19522200
3271,1576,1616,6137021,31983,2830996,19462500
3272,1589,1588,6135432,31984,2832584,19792200
3273,1604,1556,6133828,32032,2834140,20188500
3274,1653,1594,6132175,32091,2835734,19428600
3275,1579,1567,6130596,32103,2837301,19696000
3276,1678,1578,6128918,32203,2838879,19671100
3277,1704,1548,6127214,32359,2840427,19757500
3278,1629,1698,6125585,32290,2842125,19657100
3279,1629,1597,6123956,32322,2843722,19527100
3280,1674,1611,6122282,32385,2845333,19425200
3281,1554,1622,6120728,32317,2846955,19637200
3282,1645,1638,6119083,32324,2848593,19869600
3283,1578,1578,6117505,32324,2850171,19473100
3284,1556,1528,6115949,32352,2851699,19635200
3285,1579,1625,6114370,32306,2853324,20413700
3286,1617,1638,6112753,32285,2854962,20040000
3287,1593,1647,6111160,32231,2856609,20485200
3288,1631,1649,6109529,32213,2858258,19990100
3289,1597,1534,6107932,32276,2859792,20866600
3290,1563,1597,6106369,32242,2861389,19585700
3291,1643,1633,6104726,32252,2863022,19965700
3292,1640,1594,6103086,32298,2864616,21124500
3293,1522,1613,6101564,32207,2866229,20083500
3294,1659,1582,6099905,32284,2867811,20311500
3295,1692,1630,6098213,32346,2869441,20181500
3296,1659,1654,6096554,32351,2871095,20162600
3297,1674,1500,6094880,32525,2872595,19678600
3298,1621,1678,6093259,32468,2874273,19617800
3299,1666,1636,6091593,32498,2875909,19831900
3300,1693,1637,6089900,32554,2877546,19545600
3301,1654,1684,6088246,32524,2879230,19687000
3302,1649,1621,6086597,32552,2880851,20101200
3303,1686,1598,6084911,32640,2882449,19463800
3304,1646,1647,6083265,32639,2884096,19640600
3305,1689,1643,6081576,32685,2885739,20310300
3306,1630,1627,6079946,32688,2887366,19825200
3307,1614,1623,6078332,32679,2888989,19910300
3308,1661,1589,6076671,32751,2890578,20244500
3309,1702,1653,6074969,32800,2892231,19837500
3310,1651,1657,6073318,32794,2893888,19433300
3311,1673,1667,6071645,32800,2895555,20593700
3312,1662,1667,6069983,32795,2897222,19568700
3313,1625,1590,6068358,32830,2898812,19653700
3314,1672,1594,6066686,32908,2900406,20383400
3315,1590,1604,6065096,32894,2902010,19706800
3316,1645,1640,6063451,32899,2903650,19862900
3317,1661,1675,6061790,32885,2905325,19679700
3318,1645,1659,6060145,32871,2906984,19889000
3319,1687,1672,6058458,32886,2908656,19526900
3320,1675,1690,6056783,32871,2910346,19587800
3321,1666,1724,6055117,32813,2912070,20050700
3322,1684,1661,6053433,32836,2913731,20666800
3323,1757,1614,6051676,32979,2915345,19859300
3324,1675,1632,6050001,33022,2916977,19864300
3325,1679,1656,6048322,33045,2918633,19573100
3326,1705,1618,6046617,33132,2920251,20355300
3327,1677,1721,6044940,33088,2921972,20656200
3328,1677,1614,6043263,33151,2923586,20536200
3329,1638,1692,6041625,33097,2925278,19977400
3330,1696,1666,6039929,33127,2926944,19412300
3331,1605,1646,6038324,33086,2928590,19486900
3332,1661,1698,6036663,33049,2930288,19604600
3333,1664,1680,6034999,33033,2931968,19932400
3334,1637,1618,6033362,33052,2933586,19548000
3335,1630,1640,6031732,33042,2935226,19820600
3336,1653,1669,6030079,33026,2936895,20212500
3337,1739,1632,6028340,33133,2938527,19788100
3338,1666,1648,6026674,33151,2940175,20006000
3339,1656,1638,6025018,33169,2941813,20298900
3340,1631,1594,6023387,33206,2943407,19921300
3341,1687,1619,6021700,33274,2945026,19784800
3342,1598,1668,6020102,33204,2946694,19707900
3343,1623,1645,6018479,33182,2948339,19970800
3344,1616,1722,6016863,33076,2950061,19747500
3345,1594,1645,6015269,33025,2951706,19708200
3346,1644,1659,6013625,33010,2953365,19472500
3347,1689,1641,6011936,33058,2955006,19993100
3348,1671,1674,6010265,33055,2956680,19908100
3349,1696,1692,6008569,33059,2958372,20375900
3350,1691,1613,6006878,33137,2959985,19726300
3351,1622,1617,6005256,33142,2961602,19936500
3352,1664,1643,6003592,33163,2963245,20635200
3353,1662,1675,6001930,33150,2964920,19901000
3354,1592,1643,6000338,33099,2966563,19996400
3355,1615,1651,5998723,33063,2968214,20085200
3356,1669,1619,5997054,33113,2969833,19736100
3357,1635,1611,5995419,33137,2971444,20053000
3358,1650,1649,5993769,33138,2973093,19878400
3359,1553,1634,5992216,33057,2974727,19845800
3360,1537,1592,5990679,33002,2976319,19623200
3361,1671,1700,5989008,32973,2978019,19686400
3362,1603,1626,5987405,32950,2979645,19880800
3363,1572,1685,5985833,32837,2981330,19381300
3364,1612,1631,5984221,32818,2982961,19595800
3365,1630,1578,5982591,32870,2984539,19810700
3366,1617,1624,5980974,32863,2986163,19714400
3367,1583,1585,5979391,32861,2987748,19828300
3368,1593,1596,5977798,32858,2989344,20021000
3369,1604,1618,5976194,32844,2990962,20067400
3370,1644,1641,5974550,32847,2992603,19934400
3371,1636,1609,5972914,32874,2994212,19786200
3372,1612,1669,5971302,32817,2995881,19715400
3373,1633,1649,5969669,32801,2997530,20238300
3374,1569,1587,5968100,32783,2999117,20227600
3375,1597,1619,5966503,32761,3000736,19758300
3376,1646,1678,5964857,32729,3002414,19578100
3377,1582,1594,5963275,32717,3004008,19982600
3378,1690,1706,5961585,32701,3005714,19414300
3379,1615,1618,5959970,32698,3007332,19702600
3380,1617,1652,5958353,32663,3008984,21314200
3381,1705,1680,5956648,32688,3010664,19639500
3382,1664,1656,5954984,32696,3012320,19620500
3383,1696,1624,5953288,32768,3013944,19994000
3384,1655,1678,5951633,32745,3015622,20291300
3385,1628,1670,5950005,32703,3017292,19536500
3386,1664,1617,5948341,32750,3018909,19782900
3387,1641,1641,5946700,32750,3020550,19664600
3388,1614,1609,5945086,32755,3022159,19714100
3389,1718,1609,5943368,32864,3023768,20117100
3390,1707,1595,5941661,32976,3025363,19995300
3391,1718,1618,5939943,33076,3026981,19810800
3392,1715,1709,5938228,33082,3028690,19600200
3393,1711,1624,5936517,33169,3030314,20075900
3394,1701,1627,5934816,33243,3031941,19769600
3395,1701,1699,5933115,33245,3033640,20076200
3396,1653,1657,5931462,33241,3035297,19980000
3397,1687,1692,5929775,33236,3036989,19999000
3398,1687,1692,5928088,33231,3038681,20163700
3399,1714,1689,5926374,33256,3040370,19690100
3400,1675,1603,5924699,33328,3041973,19425900
3401,1687,1639,5923012,33376,3043612,19581800
3402,1724,1662,5921288,33438,3045274,19673300
3403,1671,1607,5919617,33502,3046881,19660900
3404,1681,1667,5917936,33516,3048548,19688300
3405,1705,1680,5916231,33541,3050228,20159700
3406,1729,1688,5914502,33582,3051916,19574400
3407,1691,1728,5912811,33545,3053644,19698000
3408,1702,1693,5911109,33554,3055337,19682700
3409,1752,1752,5909357,33554,3057089,19901100
3410,1765,1660,5907592,33659,3058749,19508100
3411,1685,1715,5905907,33629,3060464,19549200
3412,1698,1726,5904209,33601,3062190,20474000
3413,1652,1646,5902557,33607,3063836,20261000
3414,1685,1680,5900872,33612,3065516,19806500
3415,1725,1718,5899147,33619,3067234,20038900
3416,1719,1728,5897428,33610,3068962,20238700
3417,1679,1665,5895749,33624,3070627,19988400
3418,1695,1669,5894054,33650,3072296,19877800
3419,1673,1670,5892381,33653,3073966,19939600
3420,1699,1633,5890682,33719,3075599,19832200
3421,1661,1627,5889021,33753,3077226,19930800
3422,1668,1722,5887353,33699,3078948,20350500
3423,1768,1690,5885585,33777,3080638,20498100
3424,1736,1666,5883849,33847,3082304,21650000
3425,1659,1719,5882190,33787,3084023,20190200
3426,1668,1745,5880522,33710,3085768,19715600
3427,1705,1659,5878817,33756,3087427,19386300
3428,1630,1713,5877187,33673,3089140,19670700
3429,1770,1647,5875417,33796,3090787,20097000
3430,1730,1654,5873687,33872,3092441,19556700
3431,1722,1663,5871965,33931,3094104,19634500
3432,1748,1763,5870217,33916,3095867,20059600
3433,1671,1773,5868546,33814,3097640,19524300
3434,1667,1732,5866879,33749,3099372,19930200
3435,1686,1706,5865193,33729,3101078,19625700
3436,1655,1676,5863538,33708,3102754,19954400
3437,1728,1749,5861810,33687,3104503,20075200
3438,1576,1740,5860234,33523,3106243,19696100
3439,1717,1721,5858517,33519,3107964,19998900
3440,1688,1656,5856829,33551,3109620,20152400
3441,1641,1717,5855188,33475,3111337,19610100
3442,1680,1663,5853508,33492,3113000,19744900
3443,1663,1745,5851845,33410,3114745,19725400
3444,1660,1658,5850185,33412,3116403,20316400
3445,1695,1669,5848490,33438,3118072,19857100
3446,1620,1785,5846870,33273,3119857,19883100
3447,1695,1739,5845175,33229,3121596,20185800
3448,1672,1694,5843503,33207,3123290,19822200
3449,1694,1611,5841809,33290,3124901,20243600
3450,1651,1659,5840158,33282,3126560,19421100
3451,1680,1690,5838478,33272,3128250,19884600
3452,1638,1629,5836840,33281,3129879,19913200
3453,1730,1724,5835110,33287,3131603,19783300
3454,1722,1732,5833388,33277,3133335,19951200
3455,1697,1696,5831691,33278,3135031,20309700
3456,1639,1682,5830052,33235,3136713,20176600
3457,1643,1608,5828409,33270,3138321,19419500
3458,1753,1589,5826656,33434,3139910,19816800
3459,1707,1593,5824949,33548,3141503,19721700
3460,1684,1720,5823265,33512,3143223,19678800
3461,1610,1681,5821655,33441,3144904,19672500
3462,1710,1667,5819945,33484,3146571,19722800
3463,1692,1671,5818253,33505,3148242,19924500
3464,1627,1631,5816626,33501,3149873,19855700
3465,1662,1702,5814964,33461,3151575,19722900
3466,1647,1688,5813317,33420,3153263,19620400
3467,1656,1665,5811661,33411,3154928,19580800
3468,1647,1660,5810014,33398,3156588,19757800
3469,1688,1697,5808326,33389,3158285,19714600
3470,1653,1695,5806673,33347,3159980,19584500
3471,1624,1663,5805049,33308,3161643,19514400
3472,1658,1653,5803391,33313,3163296,19912100
3473,1631,1682,5801760,33262,3164978,19731100
3474,1806,1610,5799954,33458,3166588,19605200
3475,1739,1622,5798215,33575,3168210,20040300
3476,1726,1611,5796489,33690,3169821,21678100
3477,1783,1717,5794706,33756,3171538,20031000
3478,1676,1720,5793030,33712,3173258,19702000
3479,1708,1682,5791322,33738,3174940,19924100
3480,1757,1748,5789565,33747,3176688,19870000
3481,1692,1744,5787873,33695,3178432,20282600
3482,1662,1745,5786211,33612,3180177,19729200
3483,1710,1651,5784501,33671,3181828,19756600
3484,1652,1697,5782849,33626,3183525,20294200
3485,1676,1741,5781173,33561,3185266,20755900
3486,1805,1674,5779368,33692,3186940,20148700
3487,1752,1711,5777616,33733,3188651,20180700
3488,1702,1713,5775914,33722,3190364,19808600
3489,1742,1731,5774172,33733,3192095,20196900
3490,1796,1766,5772376,33763,3193861,19965500
3491,1767,1711,5770609,33819,3195572,20643800
3492,1771,1623,5768838,33967,3197195,19818300
3493,1663,1652,5767175,33978,3198847,19881200
3494,1698,1705,5765477,33971,3200552,19857400
3495,1750,1623,5763727,34098,3202175,19798400
3496,1768,1670,5761959,34196,3203845,19625900
3497,1795,1664,5760164,34327,3205509,19793000
3498,1758,1690,5758406,34395,3207199,19662700
3499,1703,1807,5756703,34291,3209006,19791500
3500,1816,1703,5754887,34404,3210709,19809900
3501,1719,1653,5753168,34470,3212362,19735900
3502,1742,1720,5751426,34492,3214082,19935600
3503,1816,1820,5749610,34488,3215902,19970300
3504,1746,1694,5747864,34540,3217596,19776700
3505,1777,1682,5746087,34635,3219278,19658800
3506,1800,1700,5744287,34735,3220978,20393300
3507,1823,1802,5742464,34756,3222780,19436600
3508,1801,1797,5740663,34760,3224577,20772000
3509,1722,1737,5738941,34745,3226314,20777800
3510,1764,1758,5737177,34751,3228072,20131200
3511,1808,1758,5735369,34801,3229830,20209000
3512,1780,1671,5733589,34910,3231501,20471900
3513,1804,1678,5731785,35036,3233179,20277600
3514,1754,1789,5730031,35001,3234968,20849300
3515,1864,1825,5728167,35040,3236793,20684800
3516,1721,1716,5726446,35045,3238509,20444100
3517,1779,1727,5724667,35097,3240236,20260200
3518,1788,1776,5722879,35109,3242012,20421000
3519,1761,1721,5721118,35149,3243733,21089600
3520,1793,1766,5719325,35176,3245499,20421000
3521,1735,1758,5717590,35153,3247257,20375800
3522,1786,1712,5715804,35227,3248969,20528600
3523,1771,1878,5714033,35120,3250847,20541100
3524,1716,1749,5712317,35087,3252596,20417500
3525,1706,1772,5710611,35021,3254368,20585800
3526,1795,1786,5708816,35030,3256154,20972000
3527,1798,1698,5707018,35130,3257852,20869100
3528,1684,1758,5705334,35056,3259610,20244600
3529,1804,1737,5703530,35123,3261347,20414800
3530,1820,1770,5701710,35173,3263117,20400700
3531,1843,1760,5699867,35256,3264877,20840500
3532,1756,1735,5698111,35277,3266612,21363000
3533,1896,1815,5696215,35358,3268427,20832600
3534,1796,1717,5694419,35437,3270144,20624500
3535,1763,1801,5692656,35399,3271945,20440500
3536,1799,1849,5690857,35349,3273794,20834000
3537,1727,1818,5689130,35258,3275612,21347900
3538,1873,1770,5687257,35361,3277382,21082800
3539,1764,1803,5685493,35322,3279185,21320900
3540,1763,1751,5683730,35334,3280936,21151800
3541,1749,1769,5681981,35314,3282705,20925100
3542,1837,1843,5680144,35308,3284548,20953700
3543,1803,1721,5678341,35390,3286269,21362700
3544,1757,1738,5676584,35409,3288007,21585800
3545,1741,1781,5674843,35369,3289788,21712700
3546,1667,1764,5673176,35272,3291552,21434900
3547,1725,1828,5671451,35169,3293380,21200400
3548,1754,1732,5669697,35191,3295112,20663700
3549,1718,1747,5667979,35162,3296859,20343200
3550,1718,1752,5666261,35128,3298611,20598900
3551,1721,1797,5664540,35052,3300408,20906100
3552,1687,1765,5662853,34974,3302173,19569200
3553,1701,1817,5661152,34858,3303990,20062100
3554,1615,1712,5659537,34761,3305702,19654000
3555,1727,1704,5657810,34784,3307406,19647200
3556,1687,1751,5656123,34720,3309157,19787200
3557,1695,1676,5654428,34739,3310833,19887400
3558,1670,1778,5652758,34631,3312611,20225700
3559,1772,1714,5650986,34689,3314325,19936400
3560,1677,1770,5649309,34596,3316095,19944600
3561,1746,1729,5647563,34613,3317824,20095900
3562,1751,1699,5645812,34665,3319523,19894200
3563,1735,1676,5644077,34724,3321199,19712200
3564,1781,1735,5642296,34770,3322934,20228500
3565,1788,1740,5640508,34818,3324674,20105400
3566,1807,1702,5638701,34923,3326376,20226300
3567,1748,1747,5636953,34924,3328123,19952400
3568,1767,1758,5635186,34933,3329881,20072900
3569,1775,1795,5633411,34913,3331676,19606100
3570,1779,1740,5631632,34952,3333416,20392100
3571,1776,1816,5629856,34912,3335232,20127200
3572,1818,1720,5628038,35010,3336952,20514100
3573,1842,1750,5626196,35102,3338702,20035800
3574,1803,1822,5624393,35083,3340524,20987700
3575,1805,1662,5622588,35226,3342186,20594800
3576,1771,1793,5620817,35204,3343979,21457600
3577,1775,1734,5619042,35245,3345713,20665700
3578,1716,1841,5617326,35120,3347554,20440500
3579,1739,1755,5615587,35104,3349309,20796200
3580,1811,1709,5613776,35206,3351018,20622600
3581,1769,1843,5612007,35132,3352861,21072000
3582,1743,1750,5610264,35125,3354611,20287300
3583,1778,1785,5608486,35118,3356396,20007800
3584,1756,1798,5606730,35076,3358194,20111600
3585,1788,1772,5604942,35092,3359966,20172700
3586,1704,1794,5603238,35002,3361760,19834100
3587,1801,1672,5601437,35131,3363432,19922600
3588,1825,1789,5599612,35167,3365221,20431000
3589,1798,1746,5597814,35219,3366967,21444000
3590,1757,1762,5596057,35214,3368729,19813700
3591,1758,1830,5594299,35142,3370559,20245700
3592,1795,1673,5592504,35264,3372232,19914200
3593,1780,1741,5590724,35303,3373973,20122200
3594,1766,1775,5588958,35294,3375748,19709700
3595,1754,1692,5587204,35356,3377440,19721700
3596,1821,1723,5585383,35454,3379163,19804700
3597,1825,1806,5583558,35473,3380969,20155800
3598,1751,1718,5581807,35506,3382687,19857900
3599,1877,1799,5579930,35584,3384486,19714900
3600,1795,1796,5578135,35583,3386282,19873200
3601,1798,1824,5576337,35557,3388106,19970700
3602,1779,1813,5574558,35523,3389919,20245200
3603,1751,1724,5572807,35550,3391643,20017300
3604,1738,1745,5571069,35543,3393388,20133600
3605,1785,1703,5569284,35625,3395091,20524900
3606,1877,1810,5567407,35692,3396901,20156100
3607,1749,1791,5565658,35650,3398692,20876600
3608,1823,1791,5563835,35682,3400483,20140100
3609,1781,1733,5562054,35730,3402216,20309900
3610,1772,1848,5560282,35654,3404064,19962300
3611,1771,1806,5558511,35619,3405870,19824900
3612,1757,1874,5556754,35502,3407744,19958600
3613,1836,1709,5554918,35629,3409453,20328600
3614,1719,1762,5553199,35586,3411215,19865800
3615,1790,1761,5551409,35615,3412976,19949900
3616,1785,1771,5549624,35629,3414747,19806900
3617,1771,1803,5547853,35597,3416550,20018500
3618,1826,1739,5546027,35684,3418289,19926600
3619,1745,1803,5544282,35626,3420092,19804500
3620,1816,1813,5542466,35629,3421905,20069200
3621,1798,1875,5540668,35552,3423780,20031800
3622,1799,1798,5538869,35553,3425578,20010500
3623,1790,1803,5537079,35540,3427381,20116000
3624,1727,1797,5535352,35470,3429178,20347800
3625,1760,1738,5533592,35492,3430916,20031000
3626,1789,1806,5531803,35475,3432722,19638500
3627,1789,1723,5530014,35541,3434445,20057400
3628,1761,1762,5528253,35540,3436207,20307200
3629,1731,1778,5526522,35493,3437985,19863500
3630,1780,1813,5524742,35460,3439798,20093200
3631,1847,1771,5522895,35536,3441569,20244200
3632,1855,1820,5521040,35571,3443389,19654500
3633,1784,1867,5519256,35488,3445256,19812700
3634,1824,1840,5517432,35472,3447096,20225000
3635,1782,1823,5515650,35431,3448919,20234400
3636,1845,1774,5513805,35502,3450693,19913500
3637,1828,1868,5511977,35462,3452561,20257300
3638,1784,1749,5510193,35497,3454310,20131500
3639,1833,1759,5508360,35571,3456069,19641000
3640,1816,1742,5506544,35645,3457811,19817600
3641,1805,1771,5504739,35679,3459582,19603200
3642,1818,1768,5502921,35729,3461350,20186600
3643,1839,1741,5501082,35827,3463091,19843600
3644,1746,1729,5499336,35844,3464820,19690400
3645,1856,1739,5497480,35961,3466559,20179600
3646,1820,1752,5495660,36029,3468311,19658000
3647,1864,1777,5493796,36116,3470088,19937300
3648,1839,1842,5491957,36113,3471930,19608300
3649,1751,1783,5490206,36081,3473713,19607000
3650,1731,1828,5488475,35984,3475541,20038000
3651,1799,1903,5486676,35880,3477444,20098800
3652,1794,1825,5484882,35849,3479269,19884200
3653,1782,1718,5483100,35913,3480987,19654400
3654,1768,1854,5481332,35827,3482841,19827700
3655,1770,1770,5479562,35827,3484611,19559200
3656,1741,1803,5477821,35765,3486414,19801200
3657,1764,1745,5476057,35784,3488159,19985700
3658,1734,1793,5474323,35725,3489952,19621700
3659,1745,1773,5472578,35697,3491725,19884000
3660,1781,1828,5470797,35650,3493553,20156800
3661,1772,1750,5469025,35672,3495303,19719600
3662,1745,1766,5467280,35651,3497069,19610000
3663,1737,1819,5465543,35569,3498888,20226000
3664,1743,1783,5463800,35529,3500671,19638300
3665,1695,1812,5462105,35412,3502483,19584400
3666,1804,1684,5460301,35532,3504167,20022000
3667,1765,1796,5458536,35501,3505963,20629600
3668,1798,1773,5456738,35526,3507736,19925900
3669,1807,1808,5454931,35525,3509544,20074600
3670,1738,1791,5453193,35472,3511335,20192400
3671,1650,1764,5451543,35358,3513099,20282700
3672,1755,1796,5449788,35317,3514895,20578400
3673,1764,1805,5448024,35276,3516700,20891800
3674,1747,1797,5446277,35226,3518497,20977900
3675,1728,1801,5444549,35153,3520298,20263100
3676,1709,1765,5442840,35097,3522063,20190300
3677,1671,1616,5441169,35152,3523679,20348100
3678,1755,1798,5439414,35109,3525477,20432700
3679,1811,1781,5437603,35139,3527258,20071400
3680,1755,1803,5435848,35091,3529061,19562000
3681,1800,1836,5434048,35055,3530897,19905100
3682,1756,1711,5432292,35100,3532608,19786200
3683,1697,1756,5430595,35041,3534364,19900500
3684,1736,1833,5428859,34944,3536197,20066300
3685,1724,1782,5427135,34886,3537979,20274900
3686,1708,1718,5425427,34876,3539697,19913700
3687,1746,1795,5423681,34827,3541492,20102400
3688,1682,1767,5421999,34742,3543259,19745500
3689,1764,1751,5420235,34755,3545010,20604000
3690,1748,1727,5418487,34776,3546737,21310600
3691,1879,1758,5416608,34897,3548495,19752100
3692,1803,1702,5414805,34998,3550197,20147700
3693,1751,1748,5413054,35001,3551945,19899800
3694,1769,1831,5411285,34939,3553776,20078500
3695,1787,1686,5409498,35040,3555462,19867700
3696,1741,1794,5407757,34987,3557256,20261800
3697,1719,1703,5406038,35003,3558959,20251800
3698,1808,1790,5404230,35021,3560749,19525200
3699,1768,1793,5402462,34996,3562542,19983800
3700,1769,1796,5400693,34969,3564338,19840200
3701,1732,1728,5398961,34973,3566066,19718400
3702,1699,1663,5397262,35009,3567729,19718100
3703,1794,1700,5395468,35103,3569429,20024800
3704,1662,1751,5393806,35014,3571180,20103500
3705,1668,1765,5392138,34917,3572945,20004800
3706,1742,1708,5390396,34951,3574653,19555800
3707,1716,1811,5388680,34856,3576464,19836600
3708,1698,1732,5386982,34822,3578196,19724000
3709,1703,1724,5385279,34801,3579920,19799700
3710,1714,1750,5383565,34765,3581670,19776900
3711,1766,1763,5381799,34768,3583433,20637200
3712,1738,1787,5380061,34719,3585220,19858200
3713,1767,1677,5378294,34809,3586897,19803500
3714,1783,1792,5376511,34800,3588689,19716400
3715,1677,1698,5374834,34779,3590387,20218000
3716,1721,1723,5373113,34777,3592110,19663000
3717,1715,1783,5371398,34709,3593893,19720000
3718,1727,1723,5369671,34713,3595616,19991200
3719,1788,1784,5367883,34717,3597400,19947900
3720,1705,1737,5366178,34685,3599137,20686300
3721,1726,1682,5364452,34729,3600819,20394000
3722,1737,1722,5362715,34744,3602541,20246800
3723,1700,1694,5361015,34750,3604235,19850100
3724,1683,1760,5359332,34673,3605995,20061000
3725,1699,1706,5357633,34666,3607701,20538600
3726,1694,1737,5355939,34623,3609438,20180500
3727,1695,1742,5354244,34576,3611180,19704800
3728,1678,1681,5352566,34573,3612861,19756000
3729,1703,1753,5350863,34523,3614614,19748200
3730,1659,1783,5349204,34399,3616397,20887700
3731,1680,1720,5347524,34359,3618117,19825300
3732,1609,1801,5345915,34167,3619918,20041900
3733,1701,1652,5344214,34216,3621570,20563300
3734,1673,1710,5342541,34179,3623280,20191100
3735,1646,1702,5340895,34123,3624982,20387900
3736,1739,1731,5339156,34131,3626713,19943100
3737,1682,1675,5337474,34138,3628388,20052000
3738,1699,1685,5335775,34152,3630073,20188400
3739,1654,1738,5334121,34068,3631811,19705500
3740,1640,1688,5332481,34020,3633499,19908200
3741,1767,1662,5330714,34125,3635161,19692600
3742,1717,1676,5328997,34166,3636837,20255900
3743,1686,1714,5327311,34138,3638551,19824100
3744,1675,1674,5325636,34139,3640225,19454000
3745,1755,1689,5323881,34205,3641914,19792300
3746,1771,1742,5322110,34234,3643656,19669100
3747,1693,1657,5320417,34270,3645313,19743900
3748,1729,1699,5318688,34300,3647012,19670000
3749,1765,1719,5316923,34346,3648731,20308000
3750,1749,1718,5315174,34377,3650449,20130700
3751,1699,1652,5313475,34424,3652101,19772600
3752,1694,1703,5311781,34415,3653804,20038400
3753,1736,1732,5310045,34419,3655536,19854500
3754,1668,1715,5308377,34372,3657251,19610600
3755,1769,1749,5306608,34392,3659000,19575800
3756,1694,1663,5304914,34423,3660663,20273000
3757,1731,1742,5303183,34412,3662405,19917800
3758,1696,1726,5301487,34382,3664131,19675100
3759,1656,1719,5299831,34319,3665850,19839500
3760,1688,1687,5298143,34320,3667537,19902400
3761,1690,1668,5296453,34342,3669205,20066600
3762,1679,1757,5294774,34264,3670962,19849400
3763,1714,1786,5293060,34192,3672748,20245600
3764,1733,1666,5291327,34259,3674414,19748500
3765,1724,1752,5289603,34231,3676166,19646900
3766,1699,1835,5287904,34095,3678001,19904900
3767,1647,1648,5286257,34094,3679649,19812000
3768,1665,1672,5284592,34087,3681321,20113100
3769,1762,1694,5282830,34155,3683015,19541900
3770,1772,1695,5281058,34232,3684710,20037800
3771,1693,1701,5279365,34224,3686411,19916300
3772,1747,1704,5277618,34267,3688115,19624600
3773,1721,1725,5275897,34263,3689840,19919500
3774,1692,1751,5274205,34204,3691591,20185700
3775,1720,1716,5272485,34208,3693307,20778100
3776,1712,1754,5270773,34166,3695061,19870100
3777,1713,1739,5269060,34140,3696800,19758900
3778,1665,1736,5267395,34069,3698536,20134800
3779,1717,1669,5265678,34117,3700205,19929400
3780,1699,1625,5263979,34191,3701830,20134800
3781,1743,1754,5262236,34180,3703584,20265800
3782,1749,1692,5260487,34237,3705276,19702100
3783,1774,1610,5258713,34401,3706886,19899500
3784,1738,1733,5256975,34406,3708619,19812900
3785,1740,1669,5255235,34477,3710288,19938100
3786,1746,1714,5253489,34509,3712002,20080300
3787,1730,1646,5251759,34593,3713648,20032900
3788,1714,1657,5250045,34650,3715305,20198600
3789,1748,1814,5248297,34584,3717119,20241800
3790,1646,1770,5246651,34460,3718889,20314400
3791,1750,1747,5244901,34463,3720636,21500700
3792,1693,1750,5243208,34406,3722386,20009400
3793,1768,1697,5241440,34477,3724083,21861100
3794,1755,1658,5239685,34574,3725741,20839900
3795,1684,1683,5238001,34575,3727424,19893300
3796,1712,1720,5236289,34567,3729144,20388800
3797,1706,1746,5234583,34527,3730890,20055600
3798,1686,1730,5232897,34483,3732620,20014800
3799,1715,1784,5231182,34414,3734404,20570200
3800,1686,1740,5229496,34360,3736144,20246000
3801,1657,1660,5227839,34357,3737804,20117000
3802,1692,1684,5226147,34365,3739488,20140300
3803,1717,1697,5224430,34385,3741185,20178200
3804,1659,1708,5222771,34336,3742893,20138000
3805,1682,1719,5221089,34299,3744612,19782200
3806,1675,1715,5219414,34259,3746327,19754400
3807,1712,1802,5217702,34169,3748129,19654000
3808,1693,1645,5216009,34217,3749774,20026900
3809,1774,1762,5214235,34229,3751536,20170400
3810,1692,1818,5212543,34103,3753354,20003900
3811,1661,1721,5210882,34043,3755075,20278100
3812,1657,1721,5209225,33979,3756796,20037700
3813,1702,1687,5207523,33994,3758483,19908800
3814,1659,1759,5205864,33894,3760242,20157100
3815,1717,1636,5204147,33975,3761878,20176300
3816,1744,1729,5202403,33990,3763607,20650700
3817,1748,1701,5200655,34037,3765308,19938400
3818,1672,1724,5198983,33985,3767032,19649600
3819,1735,1680,5197248,34040,3768712,19964000
3820,1730,1728,5195518,34042,3770440,20297900
3821,1708,1719,5193810,34031,3772159,20357600
3822,1720,1667,5192090,34084,3773826,20030300
3823,1736,1703,5190354,34117,3775529,20229900
3824,1786,1743,5188568,34160,3777272,20078300
3825,1758,1705,5186810,34213,3778977,20742800
3826,1708,1674,5185102,34247,3780651,20098200
3827,1723,1663,5183379,34307,3782314,19751400
3828,1777,1701,5181602,34383,3784015,19898900
3829,1755,1717,5179847,34421,3785732,19788800
3830,1819,1703,5178028,34537,3787435,20520400
3831,1829,1710,5176199,34656,3789145,20136300
3832,1760,1715,5174439,34701,3790860,20129100
3833,1675,1748,5172764,34628,3792608,20056100
3834,1777,1680,5170987,34725,3794288,20066900
3835,1796,1816,5169191,34705,3796104,20076500
3836,1772,1711,5167419,34766,3797815,21308300
3837,1727,1735,5165692,34758,3799550,20466400
3838,1719,1683,5163973,34794,3801233,19817900
3839,1716,1771,5162257,34739,3803004,19693100
3840,1758,1696,5160499,34801,3804700,19848100
3841,1735,1772,5158764,34764,3806472,19967700
3842,1739,1735,5157025,34768,3808207,19881700
3843,1821,1771,5155204,34818,3809978,20246100
3844,1770,1835,5153434,34753,3811813,19766900
3845,1824,1710,5151610,34867,3813523,19956200
3846,1775,1749,5149835,34893,3815272,20023900
3847,1849,1774,5147986,34968,3817046,19894300
3848,1734,1747,5146252,34955,3818793,20454600
3849,1753,1817,5144499,34891,3820610,20348500
3850,1741,1790,5142758,34842,3822400,19980300
3851,1722,1757,5141036,34807,3824157,19916400
3852,1715,1690,5139321,34832,3825847,20171500
3853,1784,1765,5137537,34851,3827612,20528200
3854,1767,1721,5135770,34897,3829333,19794600
3855,1733,1734,5134037,34896,3831067,19927300
3856,1759,1781,5132278,34874,3832848,20470700
3857,1764,1779,5130514,34859,3834627,20360800
3858,1701,1763,5128813,34797,3836390,20324000
3859,1779,1758,5127034,34818,3838148,20300400
3860,1729,1690,5125305,34857,3839838,20257200
3861,1695,1709,5123610,34843,3841547,20146500
3862,1749,1732,5121861,34860,3843279,20748600
3863,1673,1756,5120188,34777,3845035,20160700
3864,1685,1745,5118503,34717,3846780,20356300
3865,1668,1742,5116835,34643,3848522,20355400
3866,1724,1685,5115111,34682,3850207,21255500
3867,1679,1814,5113432,34547,3852021,20180200
3868,1680,1737,5111752,34490,3853758,20606900
3869,1696,1711,5110056,34475,3855469,19779300
3870,1689,1649,5108367,34515,3857118,20209200
3871,1775,1729,5106592,34561,3858847,19821900
3872,1760,1670,5104832,34651,3860517,19933900
3873,1764,1666,5103068,34749,3862183,19492600
3874,1741,1745,5101327,34745,3863928,19914900
3875,1777,1735,5099550,34787,3865663,19984700
3876,1684,1669,5097866,34802,3867332,19990500
3877,1719,1790,5096147,34731,3869122,19835900
3878,1651,1692,5094496,34690,3870814,19845300
3879,1778,1742,5092718,34726,3872556,19949600
3880,1777,1823,5090941,34680,3874379,19844900
3881,1720,1760,5089221,34640,3876139,20331500
3882,1735,1755,5087486,34620,3877894,19791400
3883,1743,1843,5085743,34520,3879737,20122300
3884,1685,1790,5084058,34415,3881527,20048400
3885,1712,1668,5082346,34459,3883195,20524300
3886,1678,1645,5080668,34492,3884840,20548200
3887,1754,1715,5078914,34531,3886555,20486800
3888,1735,1766,5077179,34500,3888321,20130000
3889,1712,1688,5075467,34524,3890009,19784800
3890,1726,1756,5073741,34494,3891765,19778200
3891,1724,1672,5072017,34546,3893437,20259200
3892,1760,1765,5070257,34541,3895202,20376300
3893,1772,1756,5068485,34557,3896958,19928000
3894,1795,1793,5066690,34559,3898751,20169100
3895,1705,1716,5064985,34548,3900467,20454600
3896,1686,1711,5063299,34523,3902178,20168000
3897,1654,1741,5061645,34436,3903919,20416000
3898,1733,1725,5059912,34444,3905644,20359900
3899,1685,1738,5058227,34391,3907382,20151400
3900,1724,1722,5056503,34393,3909104,20377000
3901,1772,1620,5054731,34545,3910724,21689600
3902,1709,1758,5053022,34496,3912482,20673800
3903,1742,1720,5051280,34518,3914202,20164300
3904,1758,1739,5049522,34537,3915941,19915400
3905,1719,1721,5047803,34535,3917662,20122800
3906,1694,1714,5046109,34515,3919376,20049200
3907,1705,1658,5044404,34562,3921034,19921500
3908,1785,1798,5042619,34549,3922832,20099200
3909,1756,1768,5040863,34537,3924600,20144000
3910,1778,1745,5039085,34570,3926345,20087800
3911,1722,1785,5037363,34507,3928130,19865600
3912,1700,1841,5035663,34366,3929971,20270800
3913,1711,1702,5033952,34375,3931673,19973200
3914,1710,1725,5032242,34360,3933398,20057500
3915,1695,1682,5030547,34373,3935080,20250900
3916,1730,1759,5028817,34344,3936839,19963400
3917,1719,1652,5027098,34411,3938491,20201600
3918,1665,1686,5025433,34390,3940177,20120000
3919,1720,1662,5023713,34448,3941839,21393400
3920,1770,1739,5021943,34479,3943578,20237200
3921,1710,1715,5020233,34474,3945293,20263700
3922,1681,1720,5018552,34435,3947013,20881600
3923,1643,1647,5016909,34431,3948660,19795800
3924,1686,1744,5015223,34373,3950404,20841300
3925,1714,1750,5013509,34337,3952154,21450400
3926,1739,1742,5011770,34334,3953896,20534200
3927,1767,1807,5010003,34294,3955703,20196800
3928,1721,1698,5008282,34317,3957401,20450200
3929,1689,1690,5006593,34316,3959091,20911700
3930,1736,1722,5004857,34330,3960813,20335800
3931,1747,1718,5003110,34359,3962531,21254000
3932,1706,1739,5001404,34326,3964270,20577400
3933,1727,1681,4999677,34372,3965951,20030800
3934,1720,1774,4997957,34318,3967725,21122100
3935,1734,1689,4996223,34363,3969414,20849600
3936,1782,1717,4994441,34428,3971131,19962100
3937,1748,1721,4992693,34455,3972852,19959800
3938,1736,1731,4990957,34460,3974583,20225000
3939,1660,1732,4989297,34388,3976315,20231200
3940,1723,1770,4987574,34341,3978085,20096000
3941,1725,1684,4985849,34382,3979769,20867100
3942,1731,1678,4984118,34435,3981447,20007500
3943,1792,1746,4982326,34481,3983193,19982100
3944,1787,1682,4980539,34586,3984875,20132400
3945,1686,1679,4978853,34593,3986554,20022200
3946,1696,1762,4977157,34527,3988316,20142400
3947,1716,1692,4975441,34551,3990008,19941500
3948,1693,1682,4973748,34562,3991690,20452400
3949,1692,1704,4972056,34550,3993394,19751700
3950,1703,1701,4970353,34552,3995095,20840600
3951,1757,1726,4968596,34583,3996821,20059800
3952,1733,1661,4966863,34655,3998482,19904900
3953,1699,1716,4965164,34638,4000198,19865400
3954,1714,1703,4963450,34649,4001901,20017400
3955,1743,1751,4961707,34641,4003652,20301800
3956,1775,1770,4959932,34646,4005422,20067400
3957,1761,1703,4958171,34704,4007125,20135200
3958,1668,1780,4956503,34592,4008905,19876500
3959,1707,1705,4954796,34594,4010610,19975500
3960,1744,1677,4953052,34661,4012287,20157100
3961,1649,1729,4951403,34581,4014016,20220600
3962,1710,1750,4949693,34541,4015766,19950900
3963,1713,1734,4947980,34520,4017500,19881700
3964,1756,1680,4946224,34596,4019180,20026300
3965,1801,1776,4944423,34621,4020956,20878200
3966,1713,1672,4942710,34662,4022628,20069800
3967,1796,1749,4940914,34709,4024377,20523500
3968,1725,1720,4939189,34714,4026097,20191100
3969,1740,1667,4937449,34787,4027764,20114200
3970,1745,1782,4935704,34750,4029546,19962900
3971,1822,1725,4933882,34847,4031271,20085700
3972,1796,1786,4932086,34857,4033057,20130500
3973,1833,1759,4930253,34931,4034816,19953900
3974,1770,1717,4928483,34984,4036533,20543100
3975,1782,1742,4926701,35024,4038275,20461500
3976,1740,1750,4924961,35014,4040025,20002800
3977,1808,1726,4923153,35096,4041751,20237200
3978,1756,1783,4921397,35069,4043534,20204000
3979,1844,1762,4919553,35151,4045296,20084700
3980,1761,1770,4917792,35142,4047066,20174700
3981,1725,1723,4916067,35144,4048789,20343900
3982,1765,1826,4914302,35083,4050615,20574600
3983,1799,1746,4912503,35136,4052361,20819300
3984,1876,1691,4910627,35321,4054052,21144200
3985,1746,1761,4908881,35306,4055813,20899900
3986,1723,1808,4907158,35221,4057621,20719600
3987,1725,1768,4905433,35178,4059389,20304700
3988,1724,1818,4903709,35084,4061207,20648400
3989,1705,1729,4902004,35060,4062936,20275200
3990,1773,1813,4900231,35020,4064749,20291200
3991,1787,1819,4898444,34988,4066568,20663800
3992,1732,1640,4896712,35080,4068208,20279500
3993,1718,1802,4894994,34996,4070010,21063400
3994,1733,1702,4893261,35027,4071712,20606200
3995,1681,1710,4891580,34998,4073422,20622600
3996,1809,1738,4889771,35069,4075160,21944900
3997,1724,1735,4888047,35058,4076895,20077900
3998,1739,1754,4886308,35043,4078649,20328000
3999,1705,1739,4884603,35009,4080388,20136200
4000,1726,1785,4882877,34950,4082173,20525600
4001,1786,1695,4881091,35041,4083868,20307000
4002,1774,1775,4879317,35040,4085643,20126300
4003,1825,1799,4877492,35066,4087442,20169900
4004,1720,1823,4875772,34963,4089265,21407500
4005,1700,1749,4874072,34914,4091014,20121600
4006,1771,1820,4872301,34865,4092834,20362500
4007,1733,1702,4870568,34896,4094536,20245500
4008,1773,1697,4868795,34972,4096233,20049500
4009,1720,1744,4867075,34948,4097977,20156600
4010,1734,1659,4865341,35023,4099636,20503400
4011,1771,1721,4863570,35073,4101357,20219800
4012,1669,1695,4861901,35047,4103052,20408500
4013,1737,1708,4860164,35076,4104760,20131400
4014,1784,1769,4858380,35091,4106529,20637200
4015,1729,1729,4856651,35091,4108258,19949600
4016,1718,1691,4854933,35118,4109949,20533100
4017,1743,1732,4853190,35129,4111681,20488300
4018,1739,1725,4851451,35143,4113406,20069300
4019,1726,1785,4849725,35084,4115191,20448900
4020,1768,1772,4847957,35080,4116963,20548900
4021,1754,1763,4846203,35071,4118726,19979700
4022,1695,1762,4844508,35004,4120488,19992600
4023,1684,1793,4842824,34895,4122281,20361100
4024,1792,1753,4841032,34934,4124034,20314400
4025,1700,1681,4839332,34953,4125715,20175900
4026,1780,1816,4837552,34917,4127531,20443000
4027,1729,1755,4835823,34891,4129286,20071600
4028,1743,1673,4834080,34961,4130959,20417500
4029,1745,1754,4832335,34952,4132713,20248100
4030,1783,1727,4830552,35008,4134440,20573800
4031,1782,1799,4828770,34991,4136239,20291600
4032,1750,1737,4827020,35004,4137976,20155000
4033,1691,1868,4825329,34827,4139844,20539900
4034,1724,1827,4823605,34724,4141671,20676200
4035,1679,1668,4821926,34735,4143339,19795600
4036,1773,1759,4820153,34749,4145098,20026900
4037,1769,1746,4818384,34772,4146844,20540600
4038,1745,1735,4816639,34782,4148579,20013500
4039,1769,1707,4814870,34844,4150286,20048000
4040,1792,1728,4813078,34908,4152014,20733600
4041,1832,1761,4811246,34979,4153775,20083000
4042,1809,1765,4809437,35023,4155540,20144600
4043,1732,1812,4807705,34943,4157352,20334800
4044,1731,1735,4805974,34939,4159087,21017900
4045,1725,1751,4804249,34913,4160838,20798500
4046,1748,1735,4802501,34926,4162573,20449700
4047,1749,1771,4800752,34904,4164344,21048500
4048,1813,1746,4798939,34971,4166090,20166500
4049,1735,1749,4797204,34957,4167839,20297400
4050,1660,1827,4795544,34790,4169666,20889300
4051,1781,1728,4793763,34843,4171394,19809400
4052,1778,1632,4791985,34989,4173026,20632500
4053,1732,1738,4790253,34983,4174764,20347700
4054,1676,1666,4788577,34993,4176430,20051000
4055,1750,1730,4786827,35013,4178160,20344500
4056,1776,1617,4785051,35172,4179777,20486100
4057,1783,1636,4783268,35319,4181413,20073500
4058,1794,1738,4781474,35375,4183151,19895000
4059,1773,1699,4779701,35449,4184850,20207800
4060,1801,1791,4777900,35459,4186641,19970900
4061,1796,1773,4776104,35482,4188414,19913400
4062,1809,1782,4774295,35509,4190196,20308100
4063,1779,1714,4772516,35574,4191910,20288200
4064,1741,1780,4770775,35535,4193690,20138300
4065,1837,1722,4768938,35650,4195412,20271600
4066,1830,1802,4767108,35678,4197214,20377500
4067,1800,1751,4765308,35727,4198965,20109600
4068,1872,1817,4763436,35782,4200782,19814600
4069,1773,1816,4761663,35739,4202598,20597800
4070,1810,1760,4759853,35789,4204358,19876400
4071,1807,1814,4758046,35782,4206172,20509000
4072,1831,1748,4756215,35865,4207920,20081100
4073,1777,1750,4754438,35892,4209670,20833600
4074,1764,1821,4752674,35835,4211491,20244100
4075,1790,1795,4750884,35830,4213286,20101000
4076,1761,1754,4749123,35837,4215040,20404000
4077,1767,1762,4747356,35842,4216802,20028600
4078,1796,1823,4745560,35815,4218625,19854700
4079,1846,1736,4743714,35925,4220361,20238500
4080,1798,1831,4741916,35892,4222192,20444900
4081,1875,1749,4740041,36018,4223941,21008400
4082,1825,1821,4738216,36022,4225762,20627700
4083,1771,1726,4736445,36067,4227488,21116900
4084,1654,1858,4734791,35863,4229346,20890600
4085,1795,1787,4732996,35871,4231133,20005600
4086,1826,1790,4731170,35907,4232923,20214400
4087,1832,1804,4729338,35935,4234727,20181100
4088,1801,1752,4727537,35984,4236479,19886400
4089,1751,1718,4725786,36017,4238197,20182900
4090,1731,1724,4724055,36024,4239921,20525000
4091,1879,1782,4722176,36121,4241703,19989900
4092,1767,1810,4720409,36078,4243513,20195600
4093,1786,1756,4718623,36108,4245269,20613300
4094,1808,1836,4716815,36080,4247105,20198400
4095,1831,1841,4714984,36070,4248946,20275200
4096,1826,1755,4713158,36141,4250701,20181500
4097,1819,1784,4711339,36176,4252485,19978100
4098,1842,1768,4709497,36250,4254253,20250600
4099,1761,1848,4707736,36163,4256101,20436600
4100,1772,1795,4705964,36140,4257896,20161200
4101,1813,1805,4704151,36148,4259701,20321800
4102,1725,1766,4702426,36107,4261467,20571000
4103,1826,1738,4700600,36195,4263205,20132100
4104,1865,1795,4698735,36265,4265000,20068000
4105,1799,1817,4696936,36247,4266817,20440600
4106,1856,1832,4695080,36271,4268649,20574500
4107,1816,1740,4693264,36347,4270389,19764200
4108,1848,1844,4691416,36351,4272233,20340100
4109,1774,1833,4689642,36292,4274066,20614000
4110,1826,1773,4687816,36345,4275839,20058400
4111,1849,1827,4685967,36367,4277666,20577000
4112,1769,1831,4684198,36305,4279497,20315400
4113,1839,1814,4682359,36330,4281311,20209300
4114,1763,1856,4680596,36237,4283167,20335700
4115,1747,1824,4678849,36160,4284991,20201300
4116,1742,1820,4677107,36082,4286811,20219200
4117,1719,1805,4675388,35996,4288616,20107400
4118,1742,1743,4673646,35995,4290359,20561600
4119,1801,1749,4671845,36047,4292108,20723900
4120,1733,1802,4670112,35978,4293910,20072500
4121,1761,1764,4668351,35975,4295674,19958100
4122,1768,1788,4666583,35955,4297462,20192400
4123,1812,1818,4664771,35949,4299280,20359200
4124,1727,1740,4663044,35936,4301020,20291100
4125,1701,1804,4661343,35833,4302824,20688300
4126,1713,1779,4659630,35767,4304603,20195200
4127,1726,1803,4657904,35690,4306406,19921300
4128,1786,1766,4656118,35710,4308172,20180700
4129,1804,1704,4654314,35810,4309876,20489800
4130,1750,1796,4652564,35764,4311672,20338700
4131,1720,1819,4650844,35665,4313491,20018500
4132,1724,1802,4649120,35587,4315293,20649600
4133,1662,1855,4647458,35394,4317148,20762900
4134,1752,1790,4645706,35356,4318938,20054000
4135,1691,1776,4644015,35271,4320714,20220300
4136,1697,1801,4642318,35167,4322515,19962200
4137,1708,1821,4640610,35054,4324336,19941700
4138,1729,1850,4638881,34933,4326186,20288100
4139,1666,1741,4637215,34858,4327927,20228800
4140,1774,1777,4635441,34855,4329704,20026400
4141,1747,1753,4633694,34849,4331457,20134100
4142,1680,1739,4632014,34790,4333196,19893800
4143,1730,1731,4630284,34789,4334927,20035500
4144,1771,1726,4628513,34834,4336653,19854700
4145,1684,1820,4626829,34698,4338473,20234000
4146,1730,1738,4625099,34690,4340211,20250000
4147,1682,1790,4623417,34582,4342001,19985000
4148,1764,1695,4621653,34651,4343696,20209200
4149,1708,1676,4619945,34683,4345372,20432800
4150,1709,1723,4618236,34669,4347095,19982200
4151,1785,1782,4616451,34672,4348877,20032800
4152,1828,1741,4614623,34759,4350618,19897900
4153,1729,1758,4612894,34730,4352376,20708800
4154,1768,1803,4611126,34695,4354179,20220100
4155,1773,1745,4609353,34723,4355924,20256700
4156,1820,1777,4607533,34766,4357701,20375000
4157,1839,1663,4605694,34942,4359364,19826300
4158,1773,1725,4603921,34990,4361089,19883800
4159,1781,1722,4602140,35049,4362811,20851700
4160,1792,1749,4600348,35092,4364560,20180300
4161,1796,1658,4598552,35230,4366218,20247500
4162,1786,1740,4596766,35276,4367958,19956200
4163,1744,1803,4595022,35217,4369761,20058100
4164,1759,1744,4593263,35232,4371505,20081600
4165,1809,1775,4591454,35266,4373280,21065600
4166,1814,1747,4589640,35333,4375027,21582700
4167,1791,1771,4587849,35353,4376798,20597900
4168,1818,1781,4586031,35390,4378579,21059700
4169,1781,1754,4584250,35417,4380333,21687100
4170,1834,1735,4582416,35516,4382068,20755400
4171,1754,1750,4580662,35520,4383818,20976900
4172,1790,1855,4578872,35455,4385673,20681000
4173,1786,1767,4577086,35474,4387440,21159200
4174,1720,1739,4575366,35455,4389179,21506800
4175,1771,1806,4573595,35420,4390985,21295500
4176,1728,1790,4571867,35358,4392775,21168200
4177,1821,1842,4570046,35337,4394617,22755000
4178,1739,1771,4568307,35305,4396388,23087700
4179,1756,1780,4566551,35281,4398168,21981300
4180,1751,1714,4564800,35318,4399882,21597900
4181,1719,1730,4563081,35307,4401612,21698700
4182,1777,1719,4561304,35365,4403331,21484400
4183,1717,1693,4559587,35389,4405024,20660700
4184,1702,1727,4557885,35364,4406751,20309800
4185,1741,1763,4556144,35342,4408514,20934200
4186,1763,1719,4554381,35386,4410233,20449600
4187,1775,1806,4552606,35355,4412039,20880100
4188,1838,1784,4550768,35409,4413823,21053000
4189,1709,1786,4549059,35332,4415609,20597300
4190,1761,1771,4547298,35322,4417380,20514800
4191,1713,1722,4545585,35313,4419102,20698300
4192,1777,1751,4543808,35339,4420853,20839600
4193,1662,1805,4542146,35196,4422658,20654400
4194,1756,1788,4540390,35164,4424446,20990700
4195,1764,1803,4538626,35125,4426249,23025300
4196,1771,1793,4536855,35103,4428042,21654200
4197,1729,1774,4535126,35058,4429816,20785600
4198,1725,1751,4533401,35032,4431567,21237000
4199,1767,1747,4531634,35052,4433314,20558700
4200,1758,1752,4529876,35058,4435066,21207000
4201,1766,1833,4528110,34991,4436899,20818400
4202,1782,1796,4526328,34977,4438695,20939600
4203,1811,1743,4524517,35045,4440438,21058900
4204,1765,1718,4522752,35092,4442156,20878100
4205,1770,1644,4520982,35218,4443800,20983500
4206,1835,1824,4519147,35229,4445624,20868400
4207,1810,1725,4517337,35314,4447349,20809000
4208,1774,1692,4515563,35396,4449041,20833700
4209,1731,1766,4513832,35361,4450807,20914000
4210,1799,1786,4512033,35374,4452593,20602100
4211,1751,1802,4510282,35323,4454395,20649700
4212,1766,1770,4508516,35319,4456165,21031900
4213,1754,1807,4506762,35266,4457972,20519800
4214,1786,1796,4504976,35256,4459768,20907200
4215,1766,1787,4503210,35235,4461555,20644600
4216,1728,1785,4501482,35178,4463340,20913400
4217,1780,1745,4499702,35213,4465085,21456000
4218,1748,1763,4497954,35198,4466848,20711900
4219,1789,1743,4496165,35244,4468591,20441000
4220,1799,1861,4494366,35182,4470452,20887900
4221,1743,1760,4492623,35165,4472212,20558600
4222,1756,1789,4490867,35132,4474001,20225200
4223,1779,1846,4489088,35065,4475847,21134300
4224,1685,1786,4487403,34964,4477633,20463500
4225,1714,1664,4485689,35014,4479297,20621900
4226,1730,1740,4483959,35004,4481037,20586300
4227,1659,1664,4482300,34999,4482701,20018300
4228,1764,1710,4480536,35053,4484411,21211600
4229,1737,1852,4478799,34938,4486263,20260000
4230,1796,1760,4477003,34974,4488023,21378700
4231,1782,1738,4475221,35018,4489761,19999900
4232,1708,1690,4473513,35036,4491451,20270800
4233,1762,1804,4471751,34994,4493255,20821000
4234,1775,1648,4469976,35121,4494903,20779300
4235,1825,1709,4468151,35237,4496612,20241300
4236,1755,1796,4466396,35196,4498408,20117800
4237,1777,1701,4464619,35272,4500109,20130200
4238,1844,1734,4462775,35382,4501843,20336000
4239,1781,1806,4460994,35357,4503649,20449900
4240,1827,1755,4459167,35429,4505404,20257300
4241,1794,1755,4457373,35468,4507159,20187500
4242,1783,1701,4455590,35550,4508860,20438700
4243,1651,1816,4453939,35385,4510676,20541800
4244,1755,1774,4452184,35366,4512450,20566100
4245,1791,1836,4450393,35321,4514286,20202400
4246,1738,1712,4448655,35347,4515998,19846000
4247,1730,1749,4446925,35328,4517747,20289200
4248,1702,1710,4445223,35320,4519457,19811400
4249,1749,1890,4443474,35179,4521347,19999500
4250,1815,1726,4441659,35268,4523073,20167400
4251,1773,1764,4439886,35277,4524837,20010900
4252,1767,1725,4438119,35319,4526562,19820300
4253,1778,1774,4436341,35323,4528336,19827100
4254,1767,1745,4434574,35345,4530081,20285600
4255,1688,1784,4432886,35249,4531865,20378400
4256,1807,1739,4431079,35317,4533604,19889100
4257,1787,1730,4429292,35374,4535334,19985300
4258,1736,1736,4427556,35374,4537070,20102000
4259,1774,1782,4425782,35366,4538852,20031800
4260,1728,1896,4424054,35198,4540748,20504000
4261,1794,1680,4422260,35312,4542428,20290600
4262,1793,1789,4420467,35316,4544217,20746300
4263,1868,1781,4418599,35403,4545998,20370200
4264,1763,1749,4416836,35417,4547747,20169900
4265,1837,1813,4414999,35441,4549560,20324000
4266,1750,1804,4413249,35387,4551364,20033800
4267,1808,1786,4411441,35409,4553150,20214600
4268,1795,1783,4409646,35421,4554933,19974800
4269,1776,1786,4407870,35411,4556719,20141400
4270,1824,1730,4406046,35505,4558449,20901400
4271,1740,1736,4404306,35509,4560185,20722600
4272,1802,1781,4402504,35530,4561966,19986500
4273,1806,1757,4400698,35579,4563723,20212600
4274,1782,1770,4398916,35591,4565493,21537200
4275,1782,1815,4397134,35558,4567308,22568200
4276,1793,1747,4395341,35604,4569055,21861100
4277,1817,1828,4393524,35593,4570883,23878600
4278,1801,1718,4391723,35676,4572601,21631400
4279,1849,1775,4389874,35750,4574376,24254900
4280,1821,1683,4388053,35888,4576059,21240800
4281,1818,1730,4386235,35976,4577789,20278400
4282,1896,1767,4384339,36105,4579556,23768000
4283,1849,1860,4382490,36094,4581416,21892500
4284,1889,1773,4380601,36210,4583189,20802200
4285,1771,1766,4378830,36215,4584955,22168100
4286,1763,1779,4377067,36199,4586734,21843900
4287,1777,1825,4375290,36151,4588559,24026500
4288,1815,1751,4373475,36215,4590310,22471300
4289,1814,1845,4371661,36184,4592155,21996200
4290,1757,1846,4369904,36095,4594001,21223300
4291,1807,1713,4368097,36189,4595714,22592500
4292,1875,1823,4366222,36241,4597537,23415100
4293,1852,1767,4364370,36326,4599304,20829900
4294,1865,1805,4362505,36386,4601109,20866300
4295,1811,1863,4360694,36334,4602972,21941500
4296,1901,1808,4358793,36427,4604780,20914600
4297,1809,1858,4356984,36378,4606638,20446800
4298,1825,1854,4355159,36349,4608492,20724400
4299,1754,1806,4353405,36297,4610298,20400600
4300,1857,1778,4351548,36376,4612076,20704000
4301,1800,1837,4349748,36339,4613913,20910100
4302,1830,1828,4347918,36341,4615741,20964300
4303,1814,1730,4346104,36425,4617471,20282400
4304,1806,1826,4344298,36405,4619297,20301100
4305,1814,1766,4342484,36453,4621063,20612600
4306,1823,1849,4340661,36427,4622912,20027200
4307,1803,1738,4338858,36492,4624650,20249100
4308,1819,1852,4337039,36459,4626502,20322600
4309,1855,1809,4335184,36505,4628311,20067500
4310,1810,1801,4333374,36514,4630112,20243200
4311,1819,1811,4331555,36522,4631923,20559700
4312,1799,1858,4329756,36463,4633781,20301100
4313,1810,1830,4327946,36443,4635611,19889700
4314,1795,1883,4326151,36355,4637494,21156300
4315,1778,1787,4324373,36346,4639281,19908900
4316,1839,1801,4322534,36384,4641082,19987300
4317,1786,1903,4320748,36267,4642985,20516600
4318,1789,1757,4318959,36299,4644742,20294300
4319,1798,1896,4317161,36201,4646638,20285500
4320,1753,1820,4315408,36134,4648458,20250000
4321,1841,1718,4313567,36257,4650176,19945700
4322,1769,1809,4311798,36217,4651985,20451300
4323,1809,1839,4309989,36187,4653824,20337000
4324,1807,1784,4308182,36210,4655608,21129400
4325,1863,1766,4306319,36307,4657374,19918200
4326,1825,1794,4304494,36338,4659168,20553300
4327,1800,1897,4302694,36241,4661065,20225000
4328,1806,1815,4300888,36232,4662880,20987200
4329,1760,1798,4299128,36194,4664678,20047800
4330,1805,1734,4297323,36265,4666412,20738000
4331,1796,1827,4295527,36234,4668239,20437500
4332,1780,1857,4293747,36157,4670096,20033400
4333,1821,1855,4291926,36123,4671951,20222000
4334,1754,1839,4290172,36038,4673790,20161100
4335,1787,1876,4288385,35949,4675666,20250400
4336,1810,1841,4286575,35918,4677507,20138200
4337,1783,1791,4284792,35910,4679298,20572100
4338,1753,1747,4283039,35916,4681045,20140900
4339,1752,1787,4281287,35881,4682832,19917500
4340,1730,1797,4279557,35814,4684629,19890200
4341,1768,1790,4277789,35792,4686419,20216300
4342,1812,1780,4275977,35824,4688199,20122000
4343,1859,1802,4274118,35881,4690001,19816600
4344,1825,1820,4272293,35886,4691821,20041900
4345,1834,1840,4270459,35880,4693661,20162600
4346,1742,1858,4268717,35764,4695519,19851400
4347,1802,1740,4266915,35826,4697259,20189800
4348,1756,1733,4265159,35849,4698992,19867700
4349,1835,1759,4263324,35925,4700751,20473400
4350,1819,1787,4261505,35957,4702538,20809000
4351,1777,1808,4259728,35926,4704346,20106700
4352,1826,1742,4257902,36010,4706088,20079900
4353,1815,1791,4256087,36034,4707879,20933200
4354,1860,1817,4254227,36077,4709696,20170200
4355,1812,1759,4252415,36130,4711455,19643300
4356,1870,1821,4250545,36179,4713276,20144600
4357,1828,1862,4248717,36145,4715138,20907600
4358,1821,1831,4246896,36135,4716969,20141200
4359,1810,1790,4245086,36155,4718759,20180200
4360,1783,1760,4243303,36178,4720519,20703800
4361,1872,1786,4241431,36264,4722305,20118400
4362,1759,1822,4239672,36201,4724127,20308800
4363,1747,1830,4237925,36118,4725957,20095800
4364,1812,1826,4236113,36104,4727783,20392800
4365,1808,1810,4234305,36102,4729593,20503700
4366,1786,1797,4232519,36091,4731390,20666100
4367,1785,1815,4230734,36061,4733205,20709100
4368,1813,1742,4228921,36132,4734947,20149800
4369,1748,1856,4227173,36024,4736803,19997500
4370,1764,1859,4225409,35929,4738662,20610700
4371,1809,1776,4223600,35962,4740438,19820400
4372,1694,1750,4221906,35906,4742188,20171300
4373,1784,1803,4220122,35887,4743991,20332200
4374,1745,1870,4218377,35762,4745861,20137200
4375,1847,1863,4216530,35746,4747724,20069600
4376,1754,1766,4214776,35734,4749490,19771600
4377,1745,1783,4213031,35696,4751273,19987500
4378,1772,1792,4211259,35676,4753065,19986400
4379,1796,1739,4209463,35733,4754804,20502000
4380,1855,1777,4207608,35811,4756581,20169300
4381,1731,1833,4205877,35709,4758414,19935500
4382,1792,1748,4204085,35753,4760162,19985300
4383,1741,1732,4202344,35762,4761894,19933500
4384,1780,1817,4200564,35725,4763711,20059900
4385,1846,1695,4198718,35876,4765406,20070900
4386,1867,1814,4196851,35929,4767220,20178700
4387,1847,1847,4195004,35929,4769067,20437000
4388,1798,1850,4193206,35877,4770917,21636100
4389,1828,1778,4191378,35927,4772695,20559100
4390,1793,1754,4189585,35966,4774449,20503300
4391,1760,1850,4187825,35876,4776299,20235400
4392,1748,1756,4186077,35868,4778055,19985400
4393,1746,1810,4184331,35804,4779865,20302300
4394,1818,1786,4182513,35836,4781651,20150400
4395,1766,1842,4180747,35760,4783493,20233900
4396,1758,1768,4178989,35750,4785261,20250700
4397,1836,1819,4177153,35767,4787080,20461600
4398,1843,1782,4175310,35828,4788862,20161000
4399,1785,1802,4173525,35811,4790664,20358300
4400,1790,1765,4171735,35836,4792429,20825100
4401,1764,1786,4169971,35814,4794215,20407100
4402,1773,1868,4168198,35719,4796083,20154700
4403,1838,1746,4166360,35811,4797829,20648600
4404,1775,1741,4164585,35845,4799570,20332000
4405,1853,1817,4162732,35881,4801387,20277000
4406,1856,1736,4160876,36001,4803123,20987200
4407,1837,1849,4159039,35989,4804972,19955800
4408,1865,1778,4157174,36076,4806750,20638000
4409,1804,1784,4155370,36096,4808534,21009900
4410,1796,1835,4153574,36057,4810369,20327500
4411,1825,1865,4151749,36017,4812234,20123700
4412,1751,1790,4149998,35978,4814024,20021300
4413,1790,1784,4148208,35984,4815808,20057600
4414,1770,1729,4146438,36025,4817537,20166300
4415,1776,1771,4144662,36030,4819308,20029200
4416,1672,1867,4142990,35835,4821175,20288600
4417,1789,1786,4141201,35838,4822961,20151000
4418,1830,1839,4139371,35829,4824800,20233400
4419,1880,1793,4137491,35916,4826593,20672200
4420,1860,1845,4135631,35931,4828438,20579100
4421,1895,1821,4133736,36005,4830259,20426800
4422,1770,1870,4131966,35905,4832129,20552600
4423,1870,1802,4130096,35973,4833931,20899000
4424,1809,1878,4128287,35904,4835809,20229700
4425,1819,1771,4126468,35952,4837580,20168100
4426,1761,1879,4124707,35834,4839459,20702700
4427,1774,1737,4122933,35871,4841196,20235300
4428,1851,1821,4121082,35901,4843017,20272700
4429,1768,1759,4119314,35910,4844776,21423100
4430,1821,1819,4117493,35912,4846595,20604700
4431,1753,1838,4115740,35827,4848433,20100100
4432,1864,1798,4113876,35893,4850231,20114900
4433,1779,1831,4112097,35841,4852062,20042400
4434,1820,1825,4110277,35836,4853887,20200400
4435,1688,1800,4108589,35724,4855687,20056600
4436,1754,1748,4106835,35730,4857435,20140600
4437,1734,1760,4105101,35704,4859195,20069000
4438,1800,1804,4103301,35700,4860999,20034900
4439,1764,1804,4101537,35660,4862803,19940100
4440,1728,1751,4099809,35637,4864554,19760600
4441,1713,1864,4098096,35486,4866418,20013900
4442,1730,1731,4096366,35485,4868149,20195200
4443,1741,1874,4094625,35352,4870023,20268300
4444,1773,1811,4092852,35314,4871834,19842800
4445,1768,1749,4091084,35333,4873583,19870100
4446,1820,1805,4089264,35348,4875388,20076000
4447,1792,1739,4087472,35401,4877127,20406900
4448,1796,1740,4085676,35457,4878867,19906700
4449,1752,1729,4083924,35480,4880596,20174000
4450,1802,1840,4082122,35442,4882436,20050000
4451,1837,1805,4080285,35474,4884241,19932500
4452,1874,1781,4078411,35567,4886022,20015600
4453,1849,1761,4076562,35655,4887783,20145100
4454,1879,1767,4074683,35767,4889550,20085000
4455,1821,1824,4072862,35764,4891374,20066300
4456,1776,1831,4071086,35709,4893205,20067400
4457,1885,1797,4069201,35797,4895002,19926900
4458,1850,1761,4067351,35886,4896763,20603300
4459,1818,1881,4065533,35823,4898644,19937400
4460,1868,1748,4063665,35943,4900392,20242700
4461,1825,1806,4061840,35962,4902198,19723900
4462,1823,1799,4060017,35986,4903997,19866200
4463,1884,1771,4058133,36099,4905768,20155800
4464,1835,1804,4056298,36130,4907572,20268000
4465,1842,1806,4054456,36166,4909378,19939700
4466,1892,1800,4052564,36258,4911178,21692700
4467,1816,1836,4050748,36238,4913014,20201300
4468,1861,1769,4048887,36330,4914783,20027400
4469,1862,1887,4047025,36305,4916670,20886200
4470,1843,1855,4045182,36293,4918525,20299000
4471,1864,1837,4043318,36320,4920362,20050000
4472,1837,1821,4041481,36336,4922183,20378000
4473,1858,1822,4039623,36372,4924005,20263400
4474,1847,1851,4037776,36368,4925856,20115700
4475,1808,1773,4035968,36403,4927629,20103900
4476,1764,1837,4034204,36330,4929466,21247300
4477,1870,1794,4032334,36406,4931260,21194400
4478,1847,1821,4030487,36432,4933081,19904700
4479,1816,1842,4028671,36406,4934923,20302500
4480,1798,1781,4026873,36423,4936704,20481100
4481,1843,1855,4025030,36411,4938559,20200300
4482,1835,1775,4023195,36471,4940334,21454200
4483,1806,1848,4021389,36429,4942182,20934300
4484,1819,1802,4019570,36446,4943984,20340600
4485,1881,1753,4017689,36574,4945737,20742300
4486,1826,1843,4015863,36557,4947580,20335700
4487,1823,1826,4014040,36554,4949406,20222300
4488,1815,1766,4012225,36603,4951172,20497500
4489,1798,1886,4010427,36515,4953058,20603200
4490,1810,1860,4008617,36465,4954918,20596900
4491,1860,1851,4006757,36474,4956769,20815500
4492,1814,1827,4004943,36461,4958596,20599800
4493,1867,1784,4003076,36544,4960380,20366700
4494,1813,1794,4001263,36563,4962174,20172100
4495,1824,1866,3999439,36521,4964040,20538800
4496,1841,1793,3997598,36569,4965833,20056600
4497,1809,1800,3995789,36578,4967633,19922600
4498,1901,1907,3993888,36572,4969540,20104800
4499,1840,1805,3992048,36607,4971345,20307200
4500,1805,1808,3990243,36604,4973153,20034300
4501,1747,1799,3988496,36552,4974952,20576600
4502,1818,1876,3986678,36494,4976828,20426700
4503,1808,1868,3984870,36434,4978696,20125200
4504,1871,1791,3982999,36514,4980487,20218200
4505,1797,1787,3981202,36524,4982274,20069500
4506,1792,1887,3979410,36429,4984161,20347000
4507,1892,1874,3977518,36447,4986035,20288200
4508,1788,1857,3975730,36378,4987892,20251800
4509,1789,1779,3973941,36388,4989671,20154000
4510,1836,1830,3972105,36394,4991501,19977800
4511,1844,1838,3970261,36400,4993339,20362600
4512,1765,1861,3968496,36304,4995200,20383200
4513,1802,1813,3966694,36293,4997013,19926700
4514,1748,1898,3964946,36143,4998911,20076700
4515,1745,1809,3963201,36079,5000720,20307400
4516,1744,1763,3961457,36060,5002483,20558600
4517,1748,1803,3959709,36005,5004286,20201400
4518,1753,1755,3957956,36003,5006041,20404700
4519,1739,1811,3956217,35931,5007852,20468800
4520,1827,1851,3954390,35907,5009703,20609100
4521,1825,1799,3952565,35933,5011502,20376700
4522,1763,1847,3950802,35849,5013349,20291900
4523,1814,1793,3948988,35870,5015142,20208100
4524,1770,1798,3947218,35842,5016940,20086500
4525,1821,1749,3945397,35914,5018689,20768700
4526,1791,1777,3943606,35928,5020466,19810700
4527,1764,1846,3941842,35846,5022312,20080900
4528,1813,1806,3940029,35853,5024118,20222100
4529,1759,1801,3938270,35811,5025919,19995100
4530,1797,1854,3936473,35754,5027773,20213700
4531,1770,1795,3934703,35729,5029568,20354800
4532,1796,1774,3932907,35751,5031342,19993500
4533,1756,1776,3931151,35731,5033118,20349400
4534,1823,1795,3929328,35759,5034913,20030900
4535,1801,1814,3927527,35746,5036727,20692600
4536,1874,1797,3925653,35823,5038524,20178100
4537,1789,1826,3923864,35786,5040350,20103300
4538,1774,1843,3922090,35717,5042193,20580400
4539,1789,1786,3920301,35720,5043979,20091500
4540,1883,1771,3918418,35832,5045750,20700700
4541,1746,1748,3916672,35830,5047498,20074200
4542,1894,1796,3914778,35928,5049294,20371200
4543,1872,1811,3912906,35989,5051105,20294000
4544,1822,1854,3911084,35957,5052959,20602300
4545,1767,1764,3909317,35960,5054723,20850000
4546,1819,1829,3907498,35950,5056552,20637900
4547,1812,1780,3905686,35982,5058332,20450800
4548,1906,1793,3903780,36095,5060125,21042700
4549,1885,1769,3901895,36211,5061894,20331700
4550,1883,1773,3900012,36321,5063667,20472900
4551,1850,1804,3898162,36367,5065471,20738800
4552,1900,1819,3896262,36448,5067290,20580400
4553,1904,1776,3894358,36576,5069066,20203200
4554,1852,1819,3892506,36609,5070885,20449300
4555,1768,1850,3890738,36527,5072735,20227600
4556,1786,1856,3888952,36457,5074591,20087400
4557,1820,1839,3887132,36438,5076430,20168200
4558,1871,1775,3885261,36534,5078205,19782100
4559,1773,1798,3883488,36509,5080003,20529000
4560,1827,1838,3881661,36498,5081841,19813600
4561,1773,1813,3879888,36458,5083654,20482400
4562,1815,1803,3878073,36470,5085457,20329100
4563,1835,1834,3876238,36471,5087291,19954300
4564,1872,1829,3874366,36514,5089120,20449600
4565,1812,1855,3872554,36471,5090975,20250200
4566,1799,1805,3870755,36465,5092780,20615300
4567,1860,1797,3868895,36528,5094577,20306400
4568,1786,1914,3867109,36400,5096491,19974600
4569,1890,1901,3865219,36389,5098392,20697800
4570,1886,1798,3863333,36477,5100190,20138100
4571,1815,1784,3861518,36508,5101974,20020700
4572,1886,1790,3859632,36604,5103764,20200000
4573,1887,1824,3857745,36667,5105588,20054900
4574,1860,1803,3855885,36724,5107391,20130500
4575,1884,1876,3854001,36732,5109267,20068500
4576,1855,1766,3852146,36821,5111033,22398700
4577,1839,1876,3850307,36784,5112909,20123800
4578,1820,1815,3848487,36789,5114724,19994700
4579,1793,1770,3846694,36812,5116494,19918600
4580,1883,1816,3844811,36879,5118310,20178100
4581,1807,1886,3843004,36800,5120196,20186700
4582,1870,1851,3841134,36819,5122047,20714500
4583,1834,1838,3839300,36815,5123885,19790100
4584,1818,1861,3837482,36772,5125746,20173800
4585,1801,1801,3835681,36772,5127547,20171100
4586,1858,1746,3833823,36884,5129293,20566600
4587,1828,1796,3831995,36916,5131089,20316500
4588,1866,1880,3830129,36902,5132969,20184800
4589,1905,1824,3828224,36983,5134793,19846100
4590,1779,1839,3826445,36923,5136632,20751700
4591,1816,1844,3824629,36895,5138476,20002200
4592,1849,1841,3822780,36903,5140317,20049100
4593,1876,1934,3820904,36845,5142251,20328300
4594,1845,1842,3819059,36848,5144093,20324000
4595,1812,1830,3817247,36830,5145923,20042000
4596,1902,1830,3815345,36902,5147753,20037900
4597,1792,1858,3813553,36836,5149611,20214900
4598,1862,1761,3811691,36937,5151372,20121100
4599,1860,1923,3809831,36874,5153295,20675400
4600,1814,1852,3808017,36836,5155147,21192700
4601,1837,1753,3806180,36920,5156900,19988600
4602,1882,1871,3804298,36931,5158771,20047700
4603,1800,1848,3802498,36883,5160619,20110100
4604,1830,1865,3800668,36848,5162484,20066400
4605,1867,1812,3798801,36903,5164296,20168500
4606,1907,1873,3796894,36937,5166169,20370900
4607,1839,1917,3795055,36859,5168086,20446100
4608,1876,1792,3793179,36943,5169878,20405600
4609,1885,1843,3791294,36985,5171721,20518100
4610,1844,1837,3789450,36992,5173558,20682700
4611,1846,1840,3787604,36998,5175398,20522900
4612,1920,1789,3785684,37129,5177187,20980300
4613,1854,1860,3783830,37123,5179047,20291000
4614,1918,1842,3781912,37199,5180889,20464800
4615,1868,1867,3780044,37200,5182756,20382700
4616,1780,1906,3778264,37074,5184662,20830600
4617,1850,1849,3776414,37075,5186511,20569100
4618,1813,1786,3774601,37102,5188297,20222300
4619,1875,1828,3772726,37149,5190125,20121500
4620,1805,1925,3770921,37029,5192050,20493100
4621,1844,1887,3769077,36986,5193937,19935800
4622,1783,1826,3767294,36943,5195763,20024400
4623,1848,1804,3765446,36987,5197567,20281000
4624,1884,1844,3763562,37027,5199411,20047700
4625,1915,1877,3761647,37065,5201288,20261100
4626,1813,1827,3759834,37051,5203115,20022900
4627,1979,1897,3757855,37133,5205012,20066000
4628,1843,1899,3756012,37077,5206911,19932000
4629,1832,1890,3754180,37019,5208801,20153500
4630,1856,1906,3752324,36969,5210707,20530200
4631,1859,1813,3750465,37015,5212520,20742700
4632,1926,1871,3748539,37070,5214391,19906800
4633,1814,1912,3746725,36972,5216303,20669300
4634,1891,1803,3744834,37060,5218106,20618600
4635,1873,1838,3742961,37095,5219944,20585200
4636,1813,1865,3741148,37043,5221809,20108400
4637,1847,1863,3739301,37027,5223672,20188400
4638,1818,1895,3737483,36950,5225567,20413900
4639,1761,1806,3735722,36905,5227373,19927700
4640,1842,1796,3733880,36951,5229169,20431000
4641,1887,1760,3731993,37078,5230929,20181300
4642,1845,1933,3730148,36990,5232862,19894400
4643,1809,1849,3728339,36950,5234711,20105200
4644,1872,1870,3726467,36952,5236581,19986800
4645,1903,1813,3724564,37042,5238394,19951700
4646,1814,1894,3722750,36962,5240288,20000200
4647,1881,1809,3720869,37034,5242097,20195600
4648,1963,1851,3718906,37146,5243948,20573600
4649,1890,1887,3717016,37149,5245835,20294600
4650,1911,1853,3715105,37207,5247688,20093000
4651,1918,1853,3713187,37272,5249541,19982800
4652,1879,1859,3711308,37292,5251400,20212100
4653,1832,1882,3709476,37242,5253282,20134000
4654,1935,1911,3707541,37266,5255193,20128200
4655,1900,1818,3705641,37348,5257011,20297000
4656,1937,1839,3703704,37446,5258850,20149100
4657,1843,1881,3701861,37408,5260731,20342900
4658,1919,1908,3699942,37419,5262639,19993600
4659,1835,1827,3698107,37427,5264466,20028700
4660,1874,1869,3696233,37432,5266335,19979800
4661,1845,1855,3694388,37422,5268190,20087400
4662,1806,1893,3692582,37335,5270083,20319100
4663,1830,1926,3690752,37239,5272009,20167200
4664,1920,1917,3688832,37242,5273926,20176600
4665,1852,1903,3686980,37191,5275829,20220800
4666,1866,1781,3685114,37276,5277610,21051100
4667,1855,1899,3683259,37232,5279509,20282900
4668,1840,1821,3681419,37251,5281330,20146700
4669,1841,1795,3679578,37297,5283125,20225700
4670,1858,1879,3677720,37276,5285004,20130500
4671,1855,1851,3675865,37280,5286855,20380500
4672,1861,1899,3674004,37242,5288754,20247400
4673,1798,1910,3672206,37130,5290664,20416300
4674,1828,1916,3670378,37042,5292580,20498200
4675,1797,1801,3668581,37038,5294381,20667100
4676,1759,1841,3666822,36956,5296222,19969200
4677,1823,1845,3664999,36934,5298067,20188300
4678,1835,1897,3663164,36872,5299964,20373000
4679,1763,1803,3661401,36832,5301767,20470600
4680,1822,1954,3659579,36700,5303721,20843200
4681,1800,1826,3657779,36674,5305547,20284300
4682,1812,1779,3655967,36707,5307326,21379500
4683,1822,1799,3654145,36730,5309125,20077900
4684,1872,1828,3652273,36774,5310953,20239200
4685,1866,1897,3650407,36743,5312850,20628600
4686,1883,1916,3648524,36710,5314766,20019900
4687,1886,1869,3646638,36727,5316635,20214200
4688,1899,1861,3644739,36765,5318496,20051500
4689,1869,1826,3642870,36808,5320322,20714300
4690,1900,1840,3640970,36868,5322162,20093400
4691,1872,1848,3639098,36892,5324010,20123700
4692,1906,1796,3637192,37002,5325806,20017500
4693,1861,1868,3635331,36995,5327674,20006000
4694,1860,1860,3633471,36995,5329534,20029800
4695,1913,1839,3631558,37069,5331373,20337400
4696,1874,1867,3629684,37076,5333240,19986100
4697,1857,1823,3627827,37110,5335063,20160200
4698,1896,1928,3625931,37078,5336991,20092000
4699,1841,1845,3624090,37074,5338836,20248100
4700,1947,1847,3622143,37174,5340683,20035400
4701,1869,1892,3620274,37151,5342575,20294600
4702,1873,1875,3618401,37149,5344450,20357100
4703,1895,1800,3616506,37244,5346250,20003800
4704,1876,1871,3614630,37249,5348121,20394500
4705,1889,1934,3612741,37204,5350055,20291300
4706,1917,1862,3610824,37259,5351917,20261500
4707,1879,1892,3608945,37246,5353809,20148300
4708,1904,1837,3607041,37313,5355646,20344200
4709,1937,1895,3605104,37355,5357541,20169900
4710,1807,1856,3603297,37306,5359397,20231700
4711,1861,1845,3601436,37322,5361242,20436400
4712,1892,1861,3599544,37353,5363103,20403500
4713,1840,1832,3597704,37361,5364935,20352200
4714,1880,1802,3595824,37439,5366737,20692200
4715,1818,1888,3594006,37369,5368625,20732000
4716,1898,1887,3592108,37380,5370512,20344200
4717,1829,1962,3590279,37247,5372474,20174300
4718,1909,1881,3588370,37275,5374355,20219300
4719,1880,1893,3586490,37262,5376248,20572000
4720,1909,1833,3584581,37338,5378081,20100200
4721,1839,1817,3582742,37360,5379898,19988800
4722,1852,1833,3580890,37379,5381731,20079300
4723,1836,1879,3579054,37336,5383610,20063400
4724,1847,1856,3577207,37327,5385466,20146400
4725,1839,1892,3575368,37274,5387358,20191300
4726,1747,1929,3573621,37092,5389287,19949400
4727,1832,1847,3571789,37077,5391134,20143400
4728,1733,1933,3570056,36877,5393067,20294400
4729,1932,1899,3568124,36910,5394966,19980900
4730,1801,1871,3566323,36840,5396837,20236600
4731,1816,1836,3564507,36820,5398673,20230000
4732,1773,1880,3562734,36713,5400553,20316200
4733,1753,1843,3560981,36623,5402396,20442800
4734,1853,1859,3559128,36617,5404255,20449500
4735,1831,1867,3557297,36581,5406122,20268500
4736,1849,1811,3555448,36619,5407933,20577200
4737,1841,1846,3553607,36614,5409779,20327900
4738,1872,1787,3551735,36699,5411566,20767600
4739,1877,1820,3549858,36756,5413386,20413000
4740,1842,1843,3548016,36755,5415229,20651100
4741,1842,1795,3546174,36802,5417024,20629400
4742,1862,1909,3544312,36755,5418933,20331700
4743,1827,1843,3542485,36739,5420776,20241500
4744,1818,1875,3540667,36682,5422651,20284500
4745,1841,1845,3538826,36678,5424496,19995300
4746,1885,1797,3536941,36766,5426293,20125000
4747,1850,1848,3535091,36768,5428141,20068000
4748,1847,1840,3533244,36775,5429981,20114500
4749,1817,1853,3531427,36739,5431834,19899400
4750,1913,1846,3529514,36806,5433680,20037300
4751,1957,1824,3527557,36939,5435504,20444400
4752,1909,1903,3525648,36945,5437407,20132400
4753,1897,1779,3523751,37063,5439186,20110800
4754,1925,1828,3521826,37160,5441014,20305200
4755,1863,1834,3519963,37189,5442848,21812600
4756,1865,1852,3518098,37202,5444700,20124600
4757,1949,1868,3516149,37283,5446568,20605100
4758,1803,1881,3514346,37205,5448449,20449400
4759,1872,1899,3512474,37178,5450348,20117900
4760,1892,1840,3510582,37230,5452188,20130600
4761,1841,1808,3508741,37263,5453996,20684800
4762,1882,1950,3506859,37195,5455946,20026700
4763,1886,1833,3504973,37248,5457779,20034500
4764,1882,1950,3503091,37180,5459729,21104200
4765,1913,1874,3501178,37219,5461603,20724800
4766,1891,1814,3499287,37296,5463417,20236700
4767,1901,1899,3497386,37298,5465316,20667800
4768,1851,1875,3495535,37274,5467191,20136400
4769,1959,1806,3493576,37427,5468997,20180700
4770,2004,1843,3491572,37588,5470840,20398100
4771,1912,1840,3489660,37660,5472680,20176900
4772,1887,1839,3487773,37708,5474519,20153100
4773,1916,1849,3485857,37775,5476368,20230900
4774,1948,1860,3483909,37863,5478228,21493900
4775,1999,1869,3481910,37993,5480097,20522300
4776,1836,1880,3480074,37949,5481977,20107000
4777,1859,1939,3478215,37869,5483916,21112500
4778,1918,1903,3476297,37884,5485819,20432800
4779,1845,1903,3474452,37826,5487722,20128300
4780,1834,1892,3472618,37768,5489614,20308900
4781,1863,1811,3470755,37820,5491425,19987000
4782,1862,1900,3468893,37782,5493325,20140300
4783,1932,1897,3466961,37817,5495222,20254600
4784,1899,1947,3465062,37769,5497169,20330900
4785,1969,1897,3463093,37841,5499066,20302700
4786,1907,1816,3461186,37932,5500882,20221000
4787,1926,1950,3459260,37908,5502832,20250800
4788,2048,1861,3457212,38095,5504693,20407600
4789,1911,1844,3455301,38162,5506537,20068100
4790,1945,1807,3453356,38300,5508344,20233900
4791,1892,1899,3451464,38293,5510243,20355800
4792,1978,1857,3449486,38414,5512100,20134700
4793,1973,1881,3447513,38506,5513981,20351500
4794,1857,1958,3445656,38405,5515939,20561300
4795,1913,1919,3443743,38399,5517858,20401800
4796,1900,1867,3441843,38432,5519725,20386600
4797,1982,1919,3439861,38495,5521644,20509000
4798,1935,1931,3437926,38499,5523575,20489600
4799,1910,1885,3436016,38524,5525460,20255600
4800,1893,1916,3434123,38501,5527376,20682600
4801,1858,1876,3432265,38483,5529252,20602800
4802,1920,1899,3430345,38504,5531151,20327700
4803,1845,1921,3428500,38428,5533072,20382900
4804,1944,1915,3426556,38457,5534987,20568300
4805,1845,1920,3424711,38382,5536907,20765300
4806,1836,1964,3422875,38254,5538871,20168100
4807,1889,1880,3420986,38263,5540751,20708100
4808,1935,1904,3419051,38294,5542655,20243900
4809,1889,1908,3417162,38275,5544563,20183300
4810,1820,1970,3415342,38125,5546533,20636800
4811,1904,1838,3413438,38191,5548371,20453600
4812,1880,1887,3411558,38184,5550258,20136600
4813,1903,1835,3409655,38252,5552093,20607500
4814,1868,1945,3407787,38175,5554038,20586400
4815,1927,1839,3405860,38263,5555877,20375700
4816,1946,1878,3403914,38331,5557755,20577500
4817,1913,1969,3402001,38275,5559724,20850000
4818,1910,1865,3400091,38320,5561589,20791900
4819,1872,1924,3398219,38268,5563513,20221500
4820,1882,1871,3396337,38279,5565384,20246800
4821,1905,1846,3394432,38338,5567230,20377500
4822,1934,1885,3392498,38387,5569115,20144500
4823,1935,1934,3390563,38388,5571049,20435700
4824,1904,1909,3388659,38383,5572958,20691400
4825,1989,1943,3386670,38429,5574901,20117300
4826,1893,1899,3384777,38423,5576800,20343700
4827,1918,1870,3382859,38471,5578670,20188600
4828,1858,1898,3381001,38431,5580568,20739200
4829,1891,1910,3379110,38412,5582478,20336200
4830,1824,1882,3377286,38354,5584360,20253600
4831,1869,1927,3375417,38296,5586287,20180600
4832,1867,1954,3373550,38209,5588241,20231600
4833,1948,1944,3371602,38213,5590185,20073700
4834,1927,1899,3369675,38241,5592084,20230000
4835,1843,1962,3367832,38122,5594046,20424400
4836,1901,1815,3365931,38208,5595861,20081700
4837,1963,1895,3363968,38276,5597756,20463800
4838,1940,1898,3362028,38318,5599654,20036100
4839,1909,1909,3360119,38318,5601563,20343700
4840,1901,1876,3358218,38343,5603439,20689700
4841,1955,1943,3356263,38355,5605382,20226300
4842,1877,1942,3354386,38290,5607324,20961400
4843,1864,1941,3352522,38213,5609265,20817100
4844,1949,1873,3350573,38289,5611138,20366000
4845,1911,1923,3348662,38277,5613061,20687900
4846,1954,1920,3346708,38311,5614981,20300800
4847,1882,1906,3344826,38287,5616887,20626300
4848,1898,1963,3342928,38222,5618850,20224900
4849,1901,1876,3341027,38247,5620726,20403700
4850,1873,1916,3339154,38204,5622642,20263300
4851,1988,1948,3337166,38244,5624590,20232400
4852,1854,1913,3335312,38185,5626503,20225100
4853,1926,1805,3333386,38306,5628308,20410700
4854,1958,1893,3331428,38371,5630201,20257600
4855,1936,1983,3329492,38324,5632184,20443700
4856,1968,1856,3327524,38436,5634040,20396900
4857,1908,1887,3325616,38457,5635927,20715500
4858,1953,1934,3323663,38476,5637861,20445800
4859,1912,1933,3321751,38455,5639794,20427800
4860,1899,1907,3319852,38447,5641701,20458100
4861,1876,1901,3317976,38422,5643602,20730800
4862,1948,1948,3316028,38422,5645550,22483700
4863,1928,1958,3314100,38392,5647508,20958100
4864,1932,1921,3312168,38403,5649429,20934500
4865,1886,1857,3310282,38432,5651286,20467400
4866,1959,1919,3308323,38472,5653205,20852900
4867,1913,1945,3306410,38440,5655150,20329600
4868,1914,1945,3304496,38409,5657095,20201600
4869,1966,1955,3302530,38420,5659050,20016900
4870,1872,1955,3300658,38337,5661005,20177700
4871,1914,1953,3298744,38298,5662958,20029200
4872,1890,1925,3296854,38263,5664883,20276700
4873,1949,1903,3294905,38309,5666786,20294400
4874,1842,1865,3293063,38286,5668651,20023100
4875,1861,1920,3291202,38227,5670571,20206300
4876,1978,1891,3289224,38314,5672462,20513600
4877,1832,1993,3287392,38153,5674455,20021400
4878,1879,1885,3285513,38147,5676340,20555700
4879,1913,1947,3283600,38113,5678287,19838900
4880,1941,1872,3281659,38182,5680159,20491300
4881,1916,1959,3279743,38139,5682118,20522400
4882,1939,1917,3277804,38161,5684035,20406900
4883,1894,1876,3275910,38179,5685911,20299400
4884,1972,1923,3273938,38228,5687834,20465100
4885,1956,1857,3271982,38327,5689691,20279000
4886,1874,1886,3270108,38315,5691577,20218800
4887,1940,1906,3268168,38349,5693483,20245700
4888,1876,1955,3266292,38270,5695438,20605100
4889,1855,2010,3264437,38115,5697448,19953100
4890,1882,1905,3262555,38092,5699353,20518300
4891,1902,1964,3260653,38030,5701317,20260600
4892,1857,1905,3258796,37982,5703222,20169200
4893,1903,1877,3256893,38008,5705099,20402400
4894,1871,1909,3255022,37970,5707008,20144400
4895,1833,1951,3253189,37852,5708959,20281300
4896,1887,1846,3251302,37893,5710805,20042700
4897,1953,1924,3249349,37922,5712729,20925700
4898,1830,1821,3247519,37931,5714550,19929000
4899,1919,1843,3245600,38007,5716393,20005700
4900,1928,1927,3243672,38008,5718320,20237400
4901,1915,1890,3241757,38033,5720210,20208700
4902,1948,1962,3239809,38019,5722172,20037100
4903,1953,1830,3237856,38142,5724002,20157000
4904,1917,1900,3235939,38159,5725902,20945600
4905,1957,1861,3233982,38255,5727763,19945600
4906,1854,1928,3232128,38181,5729691,20262000
4907,1893,1919,3230235,38155,5731610,20675100
4908,1856,1938,3228379,38073,5733548,20667800
4909,1954,1891,3226425,38136,5735439,20294600
4910,1898,1878,3224527,38156,5737317,20050700
4911,1914,1921,3222613,38149,5739238,20500400
4912,1847,1922,3220766,38074,5741160,22165500
4913,1980,1923,3218786,38131,5743083,20541200
4914,1946,1912,3216840,38165,5744995,20897100
4915,1958,1958,3214882,38165,5746953,20626000
4916,2034,1911,3212848,38288,5748864,20419700
4917,2006,1925,3210842,38369,5750789,20313000
4918,1981,1943,3208861,38407,5752732,20564100
4919,1969,1837,3206892,38539,5754569,20668500
4920,1910,1886,3204982,38563,5756455,20896300
4921,1956,1858,3203026,38661,5758313,20679700
4922,1931,1934,3201095,38658,5760247,20631600
4923,1940,1979,3199155,38619,5762226,20298200
4924,1966,1936,3197189,38649,5764162,20688400
4925,1971,1973,3195218,38647,5766135,22373500
4926,1941,1942,3193277,38646,5768077,20288000
4927,1946,1974,3191331,38618,5770051,20476100
4928,1987,1913,3189344,38692,5771964,20567400
4929,1948,1948,3187396,38692,5773912,21042100
4930,2011,1938,3185385,38765,5775850,20262000
4931,1907,1936,3183478,38736,5777786,20478500
4932,1941,1995,3181537,38682,5779781,20825800
4933,1896,1981,3179641,38597,5781762,19896800
4934,1944,1918,3177697,38623,5783680,20281900
4935,1888,1906,3175809,38605,5785586,20023400
4936,1925,1943,3173884,38587,5787529,20297500
4937,1971,1902,3171913,38656,5789431,20185400
4938,1910,1889,3170003,38677,5791320,19963300
4939,1940,1909,3168063,38708,5793229,20136500
4940,1895,1945,3166168,38658,5795174,20339900
4941,1945,1962,3164223,38641,5797136,20085000
4942,1953,1863,3162270,38731,5798999,20194400
4943,1947,1914,3160323,38764,5800913,20831800
4944,1936,1909,3158387,38791,5802822,20771100
4945,1887,1932,3156500,38746,5804754,20095800
4946,1839,1948,3154661,38637,5806702,20369000
4947,1951,1934,3152710,38654,5808636,20786500
4948,1954,1910,3150756,38698,5810546,19926800
4949,1914,1903,3148842,38709,5812449,20819600
4950,1879,1938,3146963,38650,5814387,20252700
4951,1858,1963,3145105,38545,5816350,20114300
4952,1821,2004,3143284,38362,5818354,20657100
4953,1904,1857,3141380,38409,5820211,20409400
4954,1866,1966,3139514,38309,5822177,20243700
4955,1930,1895,3137584,38344,5824072,20162800
4956,1836,2026,3135748,38154,5826098,20180600
4957,1900,1900,3133848,38154,5827998,20683600
4958,1910,1804,3131938,38260,5829802,20127600
4959,1897,1910,3130041,38247,5831712,20399100
4960,1920,1966,3128121,38201,5833678,20897000
4961,1925,1920,3126196,38206,5835598,21174300
4962,1886,1875,3124310,38217,5837473,20656200
4963,1868,1836,3122442,38249,5839309,20971900
4964,1847,1940,3120595,38156,5841249,20298600
4965,1871,1886,3118724,38141,5843135,20255000
4966,1858,1999,3116866,38000,5845134,20614100
4967,1897,1949,3114969,37948,5847083,19893100
4968,1824,1940,3113145,37832,5849023,20230400
4969,1865,1871,3111280,37826,5850894,20502100
4970,1807,1920,3109473,37713,5852814,20250200
4971,1973,1854,3107500,37832,5854668,20478700
4972,1899,1822,3105601,37909,5856490,20394500
4973,1943,1866,3103658,37986,5858356,20415500
4974,1868,1878,3101790,37976,5860234,20373200
4975,1904,1889,3099886,37991,5862123,20269300
4976,1944,1958,3097942,37977,5864081,20271700
4977,1851,1950,3096091,37878,5866031,20175100
4978,1890,1866,3094201,37902,5867897,20206200
4979,1936,1912,3092265,37926,5869809,20735200
4980,1909,1966,3090356,37869,5871775,20439200
4981,1808,1884,3088548,37793,5873659,20573200
4982,1857,1835,3086691,37815,5875494,21666800
4983,1797,1930,3084894,37682,5877424,21350200
4984,1942,1837,3082952,37787,5879261,20957600
4985,1891,1889,3081061,37789,5881150,20802600
4986,1861,1948,3079200,37702,5883098,20895700
4987,1876,1876,3077324,37702,5884974,20759900
4988,1824,1868,3075500,37658,5886842,21192000
4989,1936,1857,3073564,37737,5888699,21400300
4990,1857,1940,3071707,37654,5890639,21198400
4991,1814,1889,3069893,37579,5892528,20586000
4992,1786,1815,3068107,37550,5894343,20895700
4993,1927,1923,3066180,37554,5896266,21492700
4994,1864,1982,3064316,37436,5898248,20824900
4995,1808,1904,3062508,37340,5900152,20160800
4996,1757,1831,3060751,37266,5901983,20704600
4997,1805,1829,3058946,37242,5903812,20194000
4998,1780,1746,3057166,37276,5905558,20469100
4999,1828,1823,3055338,37281,5907381,20932400
5000,1765,1909,3053573,37137,5909290,20678100
5001,1831,1836,3051742,37132,5911126,20700100
5002,1801,1890,3049941,37043,5913016,21856900
5003,1842,1880,3048099,37005,5914896,20353500
5004,1827,1867,3046272,36965,5916763,20610000
5005,1816,1851,3044456,36930,5918614,20538100
5006,1908,1839,3042548,36999,5920453,20333100
5007,1784,1823,3040764,36960,5922276,20405600
5008,1843,1779,3038921,37024,5924055,20505700
5009,1844,1876,3037077,36992,5925931,21857300
5010,1849,1876,3035228,36965,5927807,21066100
5011,1866,1873,3033362,36958,5929680,21376200
5012,1873,1830,3031489,37001,5931510,22035000
5013,1886,1786,3029603,37101,5933296,20665200
5014,1832,1893,3027771,37040,5935189,20565500
5015,1871,1942,3025900,36969,5937131,20777200
5016,1860,1860,3024040,36969,5938991,20864800
5017,1809,1871,3022231,36907,5940862,20319400
5018,1828,1831,3020403,36904,5942693,20972900
5019,1844,1889,3018559,36859,5944582,20424200
5020,1871,1764,3016688,36966,5946346,20905100
5021,1789,1814,3014899,36941,5948160,21249400
5022,1779,1862,3013120,36858,5950022,20500800
5023,1830,1831,3011290,36857,5951853,20622000
5024,1862,1882,3009428,36837,5953735,20351700
5025,1847,1850,3007581,36834,5955585,20318000
5026,1876,1875,3005705,36835,5957460,20163100
5027,1773,1854,3003932,36754,5959314,19939000
5028,1814,1880,3002118,36688,5961194,19999200
5029,1873,1788,3000245,36773,5962982,20735200
5030,1898,1834,2998347,36837,5964816,20039800
5031,1860,1846,2996487,36851,5966662,20098000
5032,1824,1877,2994663,36798,5968539,20363800
5033,1887,1896,2992776,36789,5970435,20434100
5034,1868,1865,2990908,36792,5972300,20114800
5035,1850,1833,2989058,36809,5974133,20408400
5036,1883,1852,2987175,36840,5975985,20397500
5037,1825,1801,2985350,36864,5977786,20742800
5038,1887,1831,2983463,36920,5979617,20089000
5039,1820,1757,2981643,36983,5981374,20092500
5040,1895,1813,2979748,37065,5983187,20131200
5041,1835,1857,2977913,37043,5985044,20256000
5042,1899,1929,2976014,37013,5986973,20306200
5043,1840,1870,2974174,36983,5988843,20554600
5044,1922,1803,2972252,37102,5990646,20453300
5045,1935,1802,2970317,37235,5992448,20889000
5046,1888,1858,2968429,37265,5994306,20086800
5047,1856,1815,2966573,37306,5996121,20241400
5048,1863,1833,2964710,37336,5997954,20344700
5049,1847,1861,2962863,37322,5999815,20570000
5050,1865,1901,2960998,37286,6001716,21045400
5051,1956,1941,2959042,37301,6003657,20363300
5052,1832,1834,2957210,37299,6005491,20731100
5053,1875,1795,2955335,37379,6007286,20267300
5054,1812,1898,2953523,37293,6009184,20788000
5055,1844,1806,2951679,37331,6010990,19861600
5056,1844,1822,2949835,37353,6012812,20123000
5057,1877,1868,2947958,37362,6014680,19972300
5058,1884,1902,2946074,37344,6016582,20675500
5059,1779,1881,2944295,37242,6018463,20664500
5060,1846,1871,2942449,37217,6020334,20871200
5061,1839,1832,2940610,37224,6022166,20097700
5062,1886,1936,2938724,37174,6024102,19913000
5063,1813,1866,2936911,37121,6025968,20114900
5064,1864,1771,2935047,37214,6027739,19956800
5065,1813,1890,2933234,37137,6029629,20083300
5066,1806,1898,2931428,37045,6031527,20089300
5067,1834,1858,2929594,37021,6033385,20313800
5068,1777,1899,2927817,36899,6035284,19966600
5069,1825,1799,2925992,36925,6037083,20077100
5070,1813,1800,2924179,36938,6038883,20164300
5071,1815,1873,2922364,36880,6040756,19960300
5072,1812,1818,2920552,36874,6042574,20368700
5073,1822,1822,2918730,36874,6044396,20168700
5074,1793,1811,2916937,36856,6046207,20127700
5075,1780,1809,2915157,36827,6048016,20185500
5076,1818,1821,2913339,36824,6049837,20255300
5077,1793,1878,2911546,36739,6051715,20117100
5078,1787,1829,2909759,36697,6053544,20378900
5079,1775,1848,2907984,36624,6055392,20476400
5080,1766,1873,2906218,36517,6057265,20672200
5081,1709,1832,2904509,36394,6059097,19875400
5082,1795,1877,2902714,36312,6060974,20064100
5083,1726,1773,2900988,36265,6062747,20111200
5084,1678,1827,2899310,36116,6064574,19782900
5085,1794,1773,2897516,36137,6066347,20645000
5086,1770,1762,2895746,36145,6068109,19979600
5087,1740,1831,2894006,36054,6069940,20168800
5088,1753,1846,2892253,35961,6071786,20307600
5089,1762,1829,2890491,35894,6073615,20220300
5090,1715,1776,2888776,35833,6075391,20423500
5091,1824,1809,2886952,35848,6077200,19896700
5092,1773,1803,2885179,35818,6079003,20115300
5093,1766,1750,2883413,35834,6080753,20221100
5094,1735,1814,2881678,35755,6082567,19885800
5095,1822,1754,2879856,35823,6084321,19974600
5096,1786,1785,2878070,35824,6086106,20081200
5097,1739,1810,2876331,35753,6087916,20705400
5098,1794,1764,2874537,35783,6089680,21022100
5099,1775,1839,2872762,35719,6091519,20961400
5100,1706,1769,2871056,35656,6093288,20982900
5101,1790,1761,2869266,35685,6095049,20389300
5102,1747,1836,2867519,35596,6096885,20779000
5103,1686,1780,2865833,35502,6098665,21651000
5104,1841,1702,2863992,35641,6100367,19992100
5105,1723,1784,2862269,35580,6102151,20999100
5106,1809,1787,2860460,35602,6103938,20542200
5107,1788,1810,2858672,35580,6105748,22142200
5108,1880,1773,2856792,35687,6107521,20720600
5109,1807,1811,2854985,35683,6109332,20422100
5110,1799,1816,2853186,35666,6111148,20155700
5111,1816,1791,2851370,35691,6112939,19863000
5112,1717,1802,2849653,35606,6114741,20055800
5113,1794,1831,2847859,35569,6116572,21037000
5114,1781,1703,2846078,35647,6118275,20434700
5115,1741,1747,2844337,35641,6120022,20046500
5116,1705,1800,2842632,35546,6121822,20064600
5117,1749,1693,2840883,35602,6123515,20248500
5118,1768,1721,2839115,35649,6125236,19995400
5119,1779,1816,2837336,35612,6127052,20148700
5120,1830,1751,2835506,35691,6128803,19631400
5121,1797,1796,2833709,35692,6130599,20088300
5122,1795,1817,2831914,35670,6132416,20302800
5123,1767,1769,2830147,35668,6134185,20299600
5124,1772,1785,2828375,35655,6135970,19915000
5125,1770,1721,2826605,35704,6137691,20148900
5126,1753,1829,2824852,35628,6139520,20160000
5127,1758,1797,2823094,35589,6141317,19749100
5128,1741,1844,2821353,35486,6143161,20437400
5129,1777,1761,2819576,35502,6144922,19761600
5130,1764,1814,2817812,35452,6146736,19899300
5131,1775,1761,2816037,35466,6148497,19777200
5132,1729,1801,2814308,35394,6150298,20069200
5133,1777,1787,2812531,35384,6152085,20399500
5134,1765,1814,2810766,35335,6153899,20022700
5135,1811,1777,2808955,35369,6155676,20131600
5136,1727,1794,2807228,35302,6157470,20309900
5137,1742,1722,2805486,35322,6159192,19932300
5138,1755,1694,2803731,35383,6160886,20195400
5139,1758,1749,2801973,35392,6162635,20647800
5140,1773,1692,2800200,35473,6164327,20454700
5141,1778,1740,2798422,35511,6166067,20010500
5142,1738,1763,2796684,35486,6167830,19972000
5143,1797,1738,2794887,35545,6169568,20474700
5144,1783,1721,2793104,35607,6171289,19897300
5145,1843,1806,2791261,35644,6173095,20615400
5146,1837,1707,2789424,35774,6174802,20140800
5147,1822,1816,2787602,35780,6176618,20263100
5148,1772,1791,2785830,35761,6178409,20440800
5149,1791,1878,2784039,35674,6180287,19965800
5150,1857,1712,2782182,35819,6181999,20100700
5151,1769,1792,2780413,35796,6183791,20054500
5152,1748,1809,2778665,35735,6185600,20114800
5153,1793,1786,2776872,35742,6187386,20557200
5154,1821,1771,2775051,35792,6189157,19991600
5155,1752,1738,2773299,35806,6190895,20170300
5156,1745,1781,2771554,35770,6192676,20616200
5157,1816,1764,2769738,35822,6194440,20864200
5158,1764,1754,2767974,35832,6196194,20388200
5159,1693,1783,2766281,35742,6197977,21184700
5160,1793,1827,2764488,35708,6199804,20398500
5161,1727,1716,2762761,35719,6201520,19838000
5162,1758,1807,2761003,35670,6203327,20048600
5163,1817,1727,2759186,35760,6205054,20256600
5164,1770,1809,2757416,35721,6206863,19841000
5165,1735,1780,2755681,35676,6208643,20104900
5166,1791,1739,2753890,35728,6210382,19973100
5167,1727,1795,2752163,35660,6212177,19847200
5168,1723,1772,2750440,35611,6213949,20502100
5169,1842,1772,2748598,35681,6215721,20659900
5170,1756,1793,2746842,35644,6217514,20555700
5171,1740,1749,2745102,35635,6219263,20293900
5172,1889,1755,2743213,35769,6221018,20391100
5173,1774,1790,2741439,35753,6222808,20843500
5174,1700,1763,2739739,35690,6224571,20441700
5175,1799,1736,2737940,35753,6226307,20715100
5176,1803,1790,2736137,35766,6228097,20141300
5177,1776,1740,2734361,35802,6229837,20274600
5178,1774,1767,2732587,35809,6231604,20626400
5179,1848,1734,2730739,35923,6233338,20263700
5180,1756,1774,2728983,35905,6235112,20309200
5181,1806,1795,2727177,35916,6236907,20246600
5182,1751,1867,2725426,35800,6238774,20447800
5183,1768,1770,2723658,35798,6240544,19827000
5184,1794,1876,2721864,35716,6242420,20092300
5185,1815,1799,2720049,35732,6244219,20493500
5186,1810,1777,2718239,35765,6245996,19912600
5187,1756,1707,2716483,35814,6247703,20011800
5188,1769,1786,2714714,35797,6249489,20156600
5189,1752,1825,2712962,35724,6251314,20310000
5190,1747,1742,2711215,35729,6253056,20011900
5191,1772,1790,2709443,35711,6254846,20087900
5192,1693,1779,2707750,35625,6256625,20109400
5193,1753,1727,2705997,35651,6258352,19961200
5194,1768,1831,2704229,35588,6260183,19989400
5195,1738,1802,2702491,35524,6261985,20096000
5196,1722,1760,2700769,35486,6263745,20130300
5197,1694,1793,2699075,35387,6265538,19791900
5198,1817,1754,2697258,35450,6267292,20036500
5199,1765,1765,2695493,35450,6269057,20521700
5200,1778,1786,2693715,35442,6270843,19980100
5201,1766,1722,2691949,35486,6272565,19947100
5202,1704,1805,2690245,35385,6274370,20196100
5203,1744,1796,2688501,35333,6276166,20343000
5204,1664,1717,2686837,35280,6277883,20166400
5205,1721,1706,2685116,35295,6279589,21047500
5206,1721,1787,2683395,35229,6281376,19930800
5207,1750,1717,2681645,35262,6283093,20195700
5208,1766,1839,2679879,35189,6284932,20336200
5209,1715,1774,2678164,35130,6286706,19853700
5210,1712,1669,2676452,35173,6288375,19704200
5211,1806,1713,2674646,35266,6290088,19868100
5212,1746,1737,2672900,35275,6291825,20180300
5213,1769,1791,2671131,35253,6293616,19842800
5214,1690,1769,2669441,35174,6295385,20092700
5215,1710,1741,2667731,35143,6297126,20454700
5216,1822,1740,2665909,35225,6298866,19908600
5217,1728,1704,2664181,35249,6300570,19902600
5218,1718,1765,2662463,35202,6302335,20166600
5219,1705,1771,2660758,35136,6304106,20202700
5220,1767,1742,2658991,35161,6305848,19826100
5221,1736,1830,2657255,35067,6307678,20173700
5222,1724,1728,2655531,35063,6309406,19900100
5223,1739,1755,2653792,35047,6311161,20262400
5224,1699,1691,2652093,35055,6312852,20186400
5225,1745,1717,2650348,35083,6314569,20370200
5226,1737,1719,2648611,35101,6316288,19835000
5227,1727,1792,2646884,35036,6318080,20303300
5228,1720,1671,2645164,35085,6319751,20434600
5229,1766,1692,2643398,35159,6321443,19815500
5230,1733,1732,2641665,35160,6323175,20129100
5231,1805,1768,2639860,35197,6324943,20273000
5232,1731,1743,2638129,35185,6326686,20427100
5233,1696,1812,2636433,35069,6328498,20032200
5234,1656,1730,2634777,34995,6330228,20480800
5235,1704,1741,2633073,34958,6331969,20366000
5236,1639,1736,2631434,34861,6333705,20224800
5237,1767,1758,2629667,34870,6335463,20161200
5238,1719,1737,2627948,34852,6337200,20664800
5239,1701,1802,2626247,34751,6339002,20592400
5240,1702,1712,2624545,34741,6340714,22742500
5241,1692,1766,2622853,34667,6342480,22496800
5242,1727,1753,2621126,34641,6344233,21195700
5243,1748,1690,2619378,34699,6345923,20813200
5244,1696,1732,2617682,34663,6347655,19952800
5245,1698,1682,2615984,34679,6349337,19645800
5246,1741,1801,2614243,34619,6351138,19713800
5247,1696,1800,2612547,34515,6352938,19856900
5248,1713,1729,2610834,34499,6354667,20156500
5249,1713,1722,2609121,34490,6356389,20374500
5250,1652,1812,2607469,34330,6358201,20348100
5251,1701,1731,2605768,34300,6359932,19684100
5252,1672,1750,2604096,34222,6361682,19860500
5253,1681,1667,2602415,34236,6363349,20595800
5254,1640,1724,2600775,34152,6365073,19874100
5255,1666,1740,2599109,34078,6366813,20258000
5256,1664,1689,2597445,34053,6368502,19902300
5257,1746,1712,2595699,34087,6370214,21381600
5258,1627,1623,2594072,34091,6371837,19967900
5259,1641,1607,2592431,34125,6373444,19706500
5260,1669,1636,2590762,34158,6375080,20427900
5261,1684,1748,2589078,34094,6376828,20207200
5262,1688,1786,2587390,33996,6378614,20073500
5263,1773,1770,2585617,33999,6380384,20810600
5264,1639,1710,2583978,33928,6382094,20093400
5265,1654,1752,2582324,33830,6383846,20083100
5266,1657,1651,2580667,33836,6385497,19894400
5267,1605,1731,2579062,33710,6387228,20721900
5268,1658,1723,2577404,33645,6388951,19707600
5269,1683,1653,2575721,33675,6390604,20173300
5270,1559,1680,2574162,33554,6392284,20204700
5271,1672,1675,2572490,33551,6393959,20078200
5272,1616,1678,2570874,33489,6395637,19722400
5273,1555,1696,2569319,33348,6397333,19934400
5274,1536,1770,2567783,33114,6399103,19984700
5275,1542,1667,2566241,32989,6400770,19920300
5276,1542,1692,2564699,32839,6402462,19914700
5277,1598,1631,2563101,32806,6404093,20058200
5278,1640,1682,2561461,32764,6405775,20439000
5279,1631,1618,2559830,32777,6407393,19728200
5280,1652,1623,2558178,32806,6409016,20094700
5281,1601,1664,2556577,32743,6410680,20217600
5282,1587,1638,2554990,32692,6412318,20149800
5283,1552,1621,2553438,32623,6413939,19853700
5284,1584,1589,2551854,32618,6415528,19976800
5285,1562,1654,2550292,32526,6417182,20221500
5286,1652,1622,2548640,32556,6418804,19834200
5287,1629,1567,2547011,32618,6420371,20119600
5288,1612,1587,2545399,32643,6421958,19707600
5289,1607,1599,2543792,32651,6423557,20431900
5290,1649,1662,2542143,32638,6425219,19952000
5291,1521,1626,2540622,32533,6426845,20113300
5292,1585,1620,2539037,32498,6428465,19991200
5293,1612,1666,2537425,32444,6430131,20122800
5294,1604,1598,2535821,32450,6431729,20547600
5295,1576,1716,2534245,32310,6433445,20157600
5296,1652,1642,2532593,32320,6435087,20720800
5297,1588,1552,2531005,32356,6436639,20250300
5298,1618,1635,2529387,32339,6438274,20092500
5299,1600,1659,2527787,32280,6439933,20341300
5300,1590,1534,2526197,32336,6441467,20730900
5301,1572,1559,2524625,32349,6443026,20440200
5302,1621,1642,2523004,32328,6444668,19996900
5303,1654,1598,2521350,32384,6446266,19931400
5304,1599,1661,2519751,32322,6447927,20031000
5305,1637,1669,2518114,32290,6449596,21147300
5306,1666,1598,2516448,32358,6451194,20447500
5307,1627,1670,2514821,32315,6452864,21319000
5308,1631,1691,2513190,32255,6454555,20102700
5309,1582,1609,2511608,32228,6456164,19577100
5310,1664,1587,2509944,32305,6457751,21428900
5311,1623,1604,2508321,32324,6459355,20083700
5312,1652,1592,2506669,32384,6460947,19825100
5313,1524,1656,2505145,32252,6462603,19994700
5314,1647,1644,2503498,32255,6464247,20103300
5315,1619,1677,2501879,32197,6465924,19887800
5316,1629,1648,2500250,32178,6467572,20023000
5317,1585,1621,2498665,32142,6469193,20580400
5318,1627,1643,2497038,32126,6470836,20177000
5319,1622,1539,2495416,32209,6472375,19611500
5320,1639,1658,2493777,32190,6474033,20318800
5321,1710,1598,2492067,32302,6475631,20018500
5322,1613,1620,2490454,32295,6477251,20319400
5323,1694,1645,2488760,32344,6478896,19950200
5324,1651,1605,2487109,32390,6480501,19981800
5325,1594,1707,2485515,32277,6482208,20039500
5326,1618,1639,2483897,32256,6483847,19870600
5327,1591,1636,2482306,32211,6485483,20142300
5328,1599,1574,2480707,32236,6487057,19987900
5329,1627,1526,2479080,32337,6488583,19864300
5330,1585,1567,2477495,32355,6490150,20455300
5331,1666,1589,2475829,32432,6491739,19753500
5332,1559,1623,2474270,32368,6493362,19904700
5333,1664,1643,2472606,32389,6495005,19997500
5334,1600,1605,2471006,32384,6496610,19841000
5335,1635,1651,2469371,32368,6498261,20090600
5336,1652,1692,2467719,32328,6499953,20059300
5337,1645,1593,2466074,32380,6501546,20340300
5338,1582,1604,2464492,32358,6503150,20255200
5339,1680,1548,2462812,32490,6504698,19661200
5340,1612,1651,2461200,32451,6506349,20138000
5341,1649,1704,2459551,32396,6508053,19827000
5342,1675,1647,2457876,32424,6509700,19742500
5343,1612,1625,2456264,32411,6511325,20003500
5344,1603,1643,2454661,32371,6512968,19769500
5345,1649,1648,2453012,32372,6514616,19841900
5346,1646,1614,2451366,32404,6516230,20213500
5347,1588,1585,2449778,32407,6517815,20586700
5348,1583,1624,2448195,32366,6519439,19909000
5349,1626,1559,2446569,32433,6520998,20198900
5350,1582,1623,2444987,32392,6522621,20142400
5351,1576,1642,2443411,32326,6524263,20034900
5352,1567,1595,2441844,32298,6525858,19833100
5353,1634,1636,2440210,32296,6527494,19748700
5354,1603,1595,2438607,32304,6529089,20175200
5355,1633,1628,2436974,32309,6530717,20906700
5356,1590,1650,2435384,32249,6532367,19989400
5357,1554,1559,2433830,32244,6533926,21382000
5358,1657,1618,2432173,32283,6535544,20226800
5359,1618,1538,2430555,32363,6537082,19879100
5360,1618,1640,2428937,32341,6538722,20712000
5361,1547,1648,2427390,32240,6540370,20131800
5362,1596,1519,2425794,32317,6541889,20057600
5363,1628,1607,2424166,32338,6543496,20704900
5364,1569,1709,2422597,32198,6545205,19738000
5365,1636,1599,2420961,32235,6546804,20227300
5366,1628,1679,2419333,32184,6548483,19967500
5367,1641,1615,2417692,32210,6550098,20115700
5368,1569,1606,2416123,32173,6551704,20709700
5369,1643,1628,2414480,32188,6553332,20260600
5370,1621,1643,2412859,32166,6554975,19736400
5371,1627,1628,2411232,32165,6556603,20132700
5372,1639,1656,2409593,32148,6558259,20381700
5373,1657,1639,2407936,32166,6559898,20573600
5374,1577,1643,2406359,32100,6561541,20217300
5375,1621,1545,2404738,32176,6563086,20064300
5376,1620,1645,2403118,32151,6564731,20061800
5377,1676,1654,2401442,32173,6566385,19599400
5378,1609,1602,2399833,32180,6567987,19823700
5379,1629,1607,2398204,32202,6569594,19972000
5380,1628,1719,2396576,32111,6571313,20470500
5381,1660,1621,2394916,32150,6572934,20192700
5382,1646,1512,2393270,32284,6574446,20589600
5383,1649,1601,2391621,32332,6576047,20105200
5384,1610,1621,2390011,32321,6577668,19975200
5385,1615,1671,2388396,32265,6579339,20003100
5386,1595,1607,2386801,32253,6580946,19974300
5387,1554,1587,2385247,32220,6582533,19842000
5388,1546,1598,2383701,32168,6584131,19906200
5389,1594,1638,2382107,32124,6585769,20323500
5390,1644,1592,2380463,32176,6587361,20257000
5391,1602,1599,2378861,32179,6588960,19996800
5392,1630,1667,2377231,32142,6590627,20431100
5393,1682,1614,2375549,32210,6592241,20124000
5394,1583,1589,2373966,32204,6593830,19922400
5395,1647,1559,2372319,32292,6595389,19675400
5396,1648,1643,2370671,32297,6597032,20314700
5397,1594,1604,2369077,32287,6598636,19822100
5398,1613,1557,2367464,32343,6600193,19979100
5399,1609,1609,2365855,32343,6601802,20856400
5400,1578,1588,2364277,32333,6603390,20959600
5401,1596,1611,2362681,32318,6605001,20210700
5402,1582,1614,2361099,32286,6606615,20474800
5403,1532,1649,2359567,32169,6608264,20880600
5404,1582,1611,2357985,32140,6609875,20689500
5405,1621,1638,2356364,32123,6611513,20412700
5406,1608,1616,2354756,32115,6613129,21434100
5407,1530,1576,2353226,32069,6614705,20370000
5408,1597,1576,2351629,32090,6616281,20162400
5409,1552,1605,2350077,32037,6617886,20017600
5410,1535,1575,2348542,31997,6619461,20442900
5411,1558,1605,2346984,31950,6621066,20183300
5412,1580,1614,2345404,31916,6622680,20148900
5413,1482,1651,2343922,31747,6624331,20426900
5414,1577,1662,2342345,31662,6625993,19778600
5415,1587,1589,2340758,31660,6627582,19993200
5416,1567,1531,2339191,31696,6629113,20042000
5417,1559,1531,2337632,31724,6630644,19634200
5418,1600,1599,2336032,31725,6632243,19988400
5419,1590,1619,2334442,31696,6633862,20009800
5420,1542,1561,2332900,31677,6635423,20610200
5421,1579,1570,2331321,31686,6636993,20424900
5422,1548,1655,2329773,31579,6638648,20305000
5423,1526,1582,2328247,31523,6640230,21430800
5424,1483,1582,2326764,31424,6641812,20302900
5425,1584,1588,2325180,31420,6643400,20386500
5426,1492,1572,2323688,31340,6644972,21258800
5427,1531,1545,2322157,31326,6646517,20150000
5428,1482,1528,2320675,31280,6648045,20548700
5429,1524,1564,2319151,31240,6649609,20536300
5430,1586,1552,2317565,31274,6651161,21002800
5431,1571,1569,2315994,31276,6652730,20302700
5432,1522,1557,2314472,31241,6654287,20642300
5433,1574,1521,2312898,31294,6655808,21191300
5434,1457,1539,2311441,31212,6657347,19901800
5435,1584,1563,2309857,31233,6658910,19935300
5436,1485,1518,2308372,31200,6660428,20048500
5437,1495,1572,2306877,31123,6662000,19949200
5438,1559,1567,2305318,31115,6663567,19916900
5439,1521,1536,2303797,31100,6665103,20551400
5440,1495,1556,2302302,31039,6666659,20977300
5441,1461,1479,2300841,31021,6668138,19754100
5442,1480,1561,2299361,30940,6669699,19631800
5443,1463,1530,2297898,30873,6671229,19673800
5444,1498,1516,2296400,30855,6672745,20338500
5445,1487,1478,2294913,30864,6674223,20329000
5446,1484,1554,2293429,30794,6675777,20556300
5447,1481,1582,2291948,30693,6677359,20351300
5448,1442,1552,2290506,30583,6678911,20174800
5449,1525,1484,2288981,30624,6680395,20351800
5450,1499,1510,2287482,30613,6681905,20274900
5451,1532,1507,2285950,30638,6683412,19786500
5452,1490,1525,2284460,30603,6684937,22930400
5453,1514,1493,2282946,30624,6686430,20243000
5454,1473,1575,2281473,30522,6688005,20002600
5455,1529,1479,2279944,30572,6689484,20565700
5456,1460,1501,2278484,30531,6690985,20436400
5457,1440,1503,2277044,30468,6692488,19919800
5458,1435,1487,2275609,30416,6693975,19608300
5459,1426,1605,2274183,30237,6695580,20044700
5460,1438,1521,2272745,30154,6697101,19765400
5461,1441,1535,2271304,30060,6698636,19926100
5462,1431,1514,2269873,29977,6700150,20013400
5463,1461,1556,2268412,29882,6701706,20341900
5464,1349,1504,2267063,29727,6703210,19596700
5465,1440,1475,2265623,29692,6704685,19923600
5466,1476,1527,2264147,29641,6706212,19950700
5467,1427,1467,2262720,29601,6707679,20252000
5468,1467,1422,2261253,29646,6709101,19562900
5469,1471,1497,2259782,29620,6710598,21104800
5470,1489,1462,2258293,29647,6712060,19970400
5471,1450,1529,2256843,29568,6713589,21567500
5472,1397,1498,2255446,29467,6715087,19864500
5473,1449,1455,2253997,29461,6716542,20460000
5474,1417,1472,2252580,29406,6718014,19655900
5475,1510,1484,2251070,29432,6719498,19757000
5476,1403,1470,2249667,29365,6720968,20148100
5477,1439,1427,2248228,29377,6722395,20037300
5478,1447,1451,2246781,29373,6723846,20165700
5479,1345,1451,2245436,29267,6725297,20207300
5480,1446,1507,2243990,29206,6726804,19712600
5481,1375,1490,2242615,29091,6728294,19770400
5482,1434,1405,2241181,29120,6729699,19713400
5483,1414,1504,2239767,29030,6731203,21050100
5484,1434,1400,2238333,29064,6732603,20239300
5485,1429,1450,2236904,29043,6734053,20550000
5486,1430,1410,2235474,29063,6735463,20279600
5487,1437,1471,2234037,29029,6736934,20442400
5488,1436,1433,2232601,29032,6738367,20301000
5489,1430,1467,2231171,28995,6739834,20273600
5490,1463,1482,2229708,28976,6741316,20028400
5491,1443,1429,2228265,28990,6742745,20774300
5492,1441,1549,2226824,28882,6744294,20076400
5493,1443,1469,2225381,28856,6745763,19756800
5494,1433,1467,2223948,28822,6747230,19937100
5495,1514,1412,2222434,28924,6748642,20685800
5496,1456,1458,2220978,28922,6750100,19733100
5497,1421,1511,2219557,28832,6751611,19755500
5498,1429,1444,2218128,28817,6753055,20505300
5499,1387,1440,2216741,28764,6754495,19935300
5500,1417,1501,2215324,28680,6755996,19712500
5501,1384,1431,2213940,28633,6757427,19863700
5502,1437,1423,2212503,28647,6758850,19949000
5503,1428,1358,2211075,28717,6760208,19804900
5504,1411,1414,2209664,28714,6761622,19846100
5505,1377,1446,2208287,28645,6763068,20167900
5506,1384,1358,2206903,28671,6764426,19917600
5507,1348,1401,2205555,28618,6765827,19481100
5508,1328,1436,2204227,28510,6767263,19723300
5509,1382,1350,2202845,28542,6768613,20126300
5510,1370,1441,2201475,28471,6770054,20049700
5511,1359,1412,2200116,28418,6771466,19988100
5512,1356,1492,2198760,28282,6772958,19802300
5513,1361,1388,2197399,28255,6774346,19734400
5514,1396,1402,2196003,28249,6775748,19563200
5515,1381,1367,2194622,28263,6777115,19774500
5516,1333,1394,2193289,28202,6778509,19656600
5517,1328,1345,2191961,28185,6779854,19534000
5518,1346,1435,2190615,28096,6781289,19642600
5519,1434,1401,2189181,28129,6782690,20128500
5520,1324,1418,2187857,28035,6784108,19670000
5521,1283,1354,2186574,27964,6785462,19879300
5522,1316,1449,2185258,27831,6786911,19698500
5523,1312,1371,2183946,27772,6788282,19655700
5524,1382,1370,2182564,27784,6789652,19832100
5525,1323,1451,2181241,27656,6791103,19870600
5526,1286,1410,2179955,27532,6792513,19937700
5527,1336,1325,2178619,27543,6793838,20096800
5528,1282,1365,2177337,27460,6795203,20084800
5529,1278,1368,2176059,27370,6796571,20029100
5530,1328,1364,2174731,27334,6797935,19629400
5531,1322,1376,2173409,27280,6799311,19738000
5532,1291,1309,2172118,27262,6800620,20421200
5533,1329,1381,2170789,27210,6802001,19496700
5534,1311,1389,2169478,27132,6803390,19795700
5535,1310,1304,2168168,27138,6804694,19928700
5536,1276,1338,2166892,27076,6806032,19799700
5537,1322,1326,2165570,27072,6807358,20498400
5538,1299,1318,2164271,27053,6808676,19756800
5539,1337,1373,2162934,27017,6810049,19654400
5540,1305,1419,2161629,26903,6811468,19863500
5541,1320,1368,2160309,26855,6812836,20041500
5542,1323,1338,2158986,26840,6814174,20041500
5543,1272,1284,2157714,26828,6815458,19448700
5544,1231,1403,2156483,26656,6816861,19706400
5545,1255,1333,2155228,26578,6818194,20266500
5546,1317,1291,2153911,26604,6819485,19791100
5547,1340,1259,2152571,26685,6820744,20141100
5548,1365,1329,2151206,26721,6822073,19833600
5549,1268,1366,2149938,26623,6823439,20018000
5550,1357,1332,2148581,26648,6824771,20297600
5551,1330,1285,2147251,26693,6826056,19966300
5552,1269,1342,2145982,26620,6827398,20492800
5553,1320,1291,2144662,26649,6828689,20379000
5554,1334,1342,2143328,26641,6830031,19768700
5555,1346,1315,2141982,26672,6831346,20841300
5556,1303,1337,2140679,26638,6832683,20263700
5557,1323,1346,2139356,26615,6834029,20107800
5558,1349,1340,2138007,26624,6835369,20407500
5559,1324,1386,2136683,26562,6836755,20217000
5560,1356,1325,2135327,26593,6838080,19725300
5561,1293,1378,2134034,26508,6839458,19724000
5562,1354,1316,2132680,26546,6840774,20689100
5563,1303,1363,2131377,26486,6842137,19540500
5564,1327,1304,2130050,26509,6843441,19855300
5565,1253,1338,2128797,26424,6844779,19866200
5566,1364,1275,2127433,26513,6846054,19670500
5567,1306,1316,2126127,26503,6847370,19744600
5568,1319,1286,2124808,26536,6848656,19761800
5569,1293,1273,2123515,26556,6849929,19859200
5570,1319,1443,2122196,26432,6851372,19902600
5571,1293,1279,2120903,26446,6852651,19895500
5572,1321,1329,2119582,26438,6853980,19845800
5573,1321,1342,2118261,26417,6855322,19661100
5574,1315,1373,2116946,26359,6856695,19643200
5575,1306,1328,2115640,26337,6858023,20028500
5576,1292,1248,2114348,26381,6859271,19707000
5577,1271,1381,2113077,26271,6860652,19747000
5578,1305,1360,2111772,26216,6862012,19888000
5579,1280,1320,2110492,26176,6863332,20027500
5580,1302,1313,2109190,26165,6864645,19550800
5581,1266,1296,2107924,26135,6865941,19656000
5582,1275,1332,2106649,26078,6867273,19805900
5583,1245,1329,2105404,25994,6868602,19494200
5584,1268,1325,2104136,25937,6869927,21207800
5585,1272,1315,2102864,25894,6871242,20074500
5586,1266,1277,2101598,25883,6872519,20047700
5587,1264,1285,2100334,25862,6873804,19640000
5588,1248,1296,2099086,25814,6875100,20260300
5589,1270,1304,2097816,25780,6876404,19931600
5590,1312,1202,2096504,25890,6877606,19849100
5591,1269,1241,2095235,25918,6878847,19621900
5592,1268,1306,2093967,25880,6880153,19674400
5593,1211,1327,2092756,25764,6881480,19481900
5594,1192,1246,2091564,25710,6882726,19581600
5595,1168,1275,2090396,25603,6884001,20110900
5596,1246,1266,2089150,25583,6885267,19657700
5597,1264,1253,2087886,25594,6886520,20199900
5598,1208,1314,2086678,25488,6887834,19643400
5599,1239,1313,2085439,25414,6889147,20292900
5600,1222,1249,2084217,25387,6890396,19737100
5601,1270,1280,2082947,25377,6891676,19599200
5602,1344,1226,2081603,25495,6892902,19923000
5603,1267,1217,2080336,25545,6894119,19956800
5604,1280,1202,2079056,25623,6895321,19692100
5605,1278,1305,2077778,25596,6896626,19794900
5606,1255,1272,2076523,25579,6897898,20893500
5607,1266,1289,2075257,25556,6899187,19864400
5608,1250,1252,2074007,25554,6900439,19445500
5609,1228,1295,2072779,25487,6901734,19761200
5610,1199,1272,2071580,25414,6903006,19635800
5611,1240,1291,2070340,25363,6904297,20031800
5612,1213,1303,2069127,25273,6905600,19839000
5613,1234,1299,2067893,25208,6906899,19783500
5614,1262,1277,2066631,25193,6908176,19728900
5615,1279,1288,2065352,25184,6909464,19876300
5616,1315,1279,2064037,25220,6910743,19551700
5617,1273,1260,2062764,25233,6912003,19829500
5618,1204,1271,2061560,25166,6913274,20079100
5619,1227,1248,2060333,25145,6914522,20307000
5620,1273,1220,2059060,25198,6915742,19769900
5621,1229,1256,2057831,25171,6916998,20115800
5622,1275,1258,2056556,25188,6918256,20070300
5623,1281,1257,2055275,25212,6919513,19931700
5624,1306,1295,2053969,25223,6920808,19311900
5625,1250,1343,2052719,25130,6922151,19808300
5626,1251,1247,2051468,25134,6923398,19576600
5627,1271,1236,2050197,25169,6924634,19598500
5628,1279,1336,2048918,25112,6925970,20171300
5629,1239,1251,2047679,25100,6927221,19651200
5630,1297,1234,2046382,25163,6928455,19646500
5631,1223,1272,2045159,25114,6929727,20156600
5632,1231,1289,2043928,25056,6931016,20214800
5633,1247,1240,2042681,25063,6932256,19596200
5634,1255,1222,2041426,25096,6933478,19703200
5635,1259,1306,2040167,25049,6934784,19595700
5636,1196,1236,2038971,25009,6936020,20002500
5637,1168,1281,2037803,24896,6937301,19961200
5638,1233,1213,2036570,24916,6938514,20199000
5639,1217,1264,2035353,24869,6939778,19640900
5640,1214,1243,2034139,24840,6941021,19542200
5641,1193,1230,2032946,24803,6942251,19827700
5642,1210,1277,2031736,24736,6943528,20024500
5643,1265,1220,2030471,24781,6944748,19959800
5644,1194,1233,2029277,24742,6945981,19600300
5645,1155,1203,2028122,24694,6947184,19684400
5646,1209,1268,2026913,24635,6948452,19742000
5647,1242,1257,2025671,24620,6949709,20174000
5648,1214,1203,2024457,24631,6950912,19775500
5649,1164,1214,2023293,24581,6952126,20114600
5650,1261,1210,2022032,24632,6953336,20119700
5651,1166,1234,2020866,24564,6954570,19806600
5652,1213,1274,2019653,24503,6955844,19445000
5653,1202,1231,2018451,24474,6957075,21479400
5654,1146,1230,2017305,24390,6958305,19443500
5655,1224,1250,2016081,24364,6959555,19531900
5656,1226,1250,2014855,24340,6960805,19692200
5657,1213,1213,2013642,24340,6962018,20078800
5658,1141,1264,2012501,24217,6963282,20256700
5659,1181,1203,2011320,24195,6964485,19622600
5660,1151,1172,2010169,24174,6965657,19889500
5661,1193,1209,2008976,24158,6966866,20207800
5662,1197,1265,2007779,24090,6968131,19998800
5663,1148,1216,2006631,24022,6969347,19632100
5664,1185,1242,2005446,23965,6970589,19561900
5665,1163,1251,2004283,23877,6971840,19936600
5666,1179,1167,2003104,23889,6973007,20312600
5667,1183,1178,2001921,23894,6974185,19456000
5668,1195,1207,2000726,23882,6975392,20039600
5669,1218,1253,1999508,23847,6976645,19788200
5670,1166,1184,1998342,23829,6977829,19800500
5671,1216,1169,1997126,23876,6978998,20024000
5672,1218,1187,1995908,23907,6980185,19570300
5673,1163,1160,1994745,23910,6981345,19682100
5674,1187,1233,1993558,23864,6982578,19899400
5675,1190,1200,1992368,23854,6983778,20049500
5676,1260,1139,1991108,23975,6984917,19736700
5677,1171,1204,1989937,23942,6986121,19996100
5678,1176,1177,1988761,23941,6987298,20347800
5679,1179,1139,1987582,23981,6988437,20249900
5680,1260,1181,1986322,24060,6989618,20461800
5681,1202,1201,1985120,24061,6990819,19759900
5682,1165,1180,1983955,24046,6991999,19822400
5683,1226,1216,1982729,24056,6993215,19940200
5684,1199,1218,1981530,24037,6994433,19795600
5685,1204,1244,1980326,23997,6995677,20107700
5686,1225,1243,1979101,23979,6996920,19730600
5687,1203,1262,1977898,23920,6998182,19367700
5688,1276,1243,1976622,23953,6999425,19422900
5689,1220,1214,1975402,23959,7000639,19693300
5690,1192,1224,1974210,23927,7001863,19581000
5691,1204,1218,1973006,23913,7003081,20220000
5692,1147,1201,1971859,23859,7004282,19807600
5693,1156,1171,1970703,23844,7005453,19671300
5694,1206,1215,1969497,23835,7006668,19684700
5695,1166,1201,1968331,23800,7007869,19633500
5696,1160,1134,1967171,23826,7009003,19593300
5697,1120,1174,1966051,23772,7010177,20098800
5698,1206,1180,1964845,23798,7011357,19880000
5699,1160,1152,1963685,23806,7012509,19685000
5700,1154,1152,1962531,23808,7013661,19701500
5701,1167,1151,1961364,23824,7014812,19424300
5702,1126,1111,1960238,23839,7015923,19547800
5703,1202,1174,1959036,23867,7017097,20267300
5704,1193,1197,1957843,23863,7018294,21212200
5705,1153,1158,1956690,23858,7019452,19785900
5706,1189,1157,1955501,23890,7020609,19543300
5707,1062,1173,1954439,23779,7021782,19568500
5708,1140,1227,1953299,23692,7023009,19757100
5709,1103,1199,1952196,23596,7024208,20046900
5710,1163,1191,1951033,23568,7025399,19214800
5711,1113,1145,1949920,23536,7026544,19560200
5712,1129,1134,1948791,23531,7027678,19515500
5713,1141,1215,1947650,23457,7028893,19725900
5714,1183,1164,1946467,23476,7030057,19710000
5715,1126,1201,1945341,23401,7031258,20178500
5716,1112,1126,1944229,23387,7032384,19858400
5717,1145,1133,1943084,23399,7033517,19501300
5718,1151,1102,1941933,23448,7034619,19772200
5719,1133,1204,1940800,23377,7035823,19704500
5720,1077,1209,1939723,23245,7037032,19641000
5721,1145,1137,1938578,23253,7038169,19657500
5722,1097,1183,1937481,23167,7039352,19614500
5723,1157,1140,1936324,23184,7040492,19691600
5724,1068,1163,1935256,23089,7041655,19860800
5725,1043,1137,1934213,22995,7042792,19605200
5726,1089,1134,1933124,22950,7043926,20106600
5727,1127,1148,1931997,22929,7045074,19685000
5728,1154,1155,1930843,22928,7046229,19863000
5729,1125,1129,1929718,22924,7047358,19817500
5730,1142,1166,1928576,22900,7048524,19800600
5731,1103,1119,1927473,22884,7049643,19894700
5732,1127,1128,1926346,22883,7050771,19683600
5733,1136,1106,1925210,22913,7051877,19805400
5734,1188,1099,1924022,23002,7052976,19552400
5735,1108,1088,1922914,23022,7054064,19501400
5736,1199,1121,1921715,23100,7055185,19536300
5737,1140,1155,1920575,23085,7056340,19853900
5738,1149,1188,1919426,23046,7057528,19991100
5739,1137,1139,1918289,23044,7058667,20232300
5740,1149,1136,1917140,23057,7059803,20317900
5741,1123,1181,1916017,22999,7060984,19833800
5742,1185,1147,1914832,23037,7062131,19972200
5743,1152,1165,1913680,23024,7063296,20103800
5744,1212,1180,1912468,23056,7064476,20271000
5745,1108,1159,1911360,23005,7065635,20425400
5746,1081,1154,1910279,22932,7066789,20685300
5747,1146,1173,1909133,22905,7067962,19650200
5748,1139,1162,1907994,22882,7069124,20358300
5749,1166,1157,1906828,22891,7070281,19746600
5750,1160,1167,1905668,22884,7071448,20106500
5751,1124,1133,1904544,22875,7072581,19730100
5752,1072,1123,1903472,22824,7073704,19564700
5753,1083,1135,1902389,22772,7074839,20126900
5754,1127,1129,1901262,22770,7075968,19790500
5755,1090,1143,1900172,22717,7077111,19668400
5756,1078,1132,1899094,22663,7078243,21256900
5757,1082,1151,1898012,22594,7079394,19548500
5758,1049,1127,1896963,22516,7080521,19261600
5759,1046,1098,1895917,22464,7081619,20273900
5760,1102,1160,1894815,22406,7082779,19654200
5761,1109,1147,1893706,22368,7083926,19427900
5762,1133,1089,1892573,22412,7085015,19605400
5763,1145,1127,1891428,22430,7086142,19766100
5764,1095,1077,1890333,22448,7087219,19876300
5765,1145,1073,1889188,22520,7088292,19655100
5766,1071,1187,1888117,22404,7089479,19785300
5767,1125,1079,1886992,22450,7090558,20003800
5768,1170,1164,1885822,22456,7091722,19932600
5769,1120,1098,1884702,22478,7092820,19706700
5770,1132,1087,1883570,22523,7093907,20005200
5771,1059,1130,1882511,22452,7095037,19549000
5772,1067,1162,1881444,22357,7096199,19847800
5773,1107,1143,1880337,22321,7097342,19722600
5774,1077,1093,1879260,22305,7098435,20089900
5775,1074,1083,1878186,22296,7099518,19311700
5776,1079,1108,1877107,22267,7100626,19452200
5777,1065,1098,1876042,22234,7101724,19635600
5778,1100,1094,1874942,22240,7102818,19553200
5779,1050,1072,1873892,22218,7103890,19866000
5780,1092,1099,1872800,22211,7104989,19594600
5781,1092,1112,1871708,22191,7106101,19492700
5782,1091,1120,1870617,22162,7107221,19495600
5783,1054,1159,1869563,22057,7108380,20037300
5784,1098,1109,1868465,22046,7109489,19620700
5785,1054,1082,1867411,22018,7110571,19275600
5786,1061,1148,1866350,21931,7111719,19531500
5787,1101,1074,1865249,21958,7112793,19656300
5788,1089,1097,1864160,21950,7113890,19532100
5789,1092,1075,1863068,21967,7114965,19814800
5790,1098,1112,1861970,21953,7116077,20134300
5791,1051,1133,1860919,21871,7117210,20048800
5792,1086,1088,1859833,21869,7118298,19505700
5793,1104,1072,1858729,21901,7119370,20099100
5794,1051,1098,1857678,21854,7120468,19861200
5795,1084,1108,1856594,21830,7121576,19672700
5796,1120,1107,1855474,21843,7122683,19566200
5797,1115,1093,1854359,21865,7123776,20116800
5798,1103,1082,1853256,21886,7124858,19639600
5799,1116,1102,1852140,21900,7125960,19919000
5800,1062,1090,1851078,21872,7127050,20139900
5801,1051,1087,1850027,21836,7128137,19741900
5802,1053,1113,1848974,21776,7129250,19831500
5803,1081,1134,1847893,21723,7130384,20378500
5804,1052,1145,1846841,21630,7131529,20424000
5805,1081,1137,1845760,21574,7132666,20748300
5806,1081,1113,1844679,21542,7133779,20276000
5807,1085,1047,1843594,21580,7134826,19851000
5808,1089,1061,1842505,21608,7135887,19776000
5809,1126,1058,1841379,21676,7136945,19776700
5810,1071,1118,1840308,21629,7138063,20341700
5811,1062,1116,1839246,21575,7139179,20091200
5812,1037,1100,1838209,21512,7140279,19715400
5813,1071,1059,1837138,21524,7141338,20040000
5814,1027,1078,1836111,21473,7142416,19944900
5815,1113,1088,1834998,21498,7143504,19808500
5816,1063,1101,1833935,21460,7144605,19565800
5817,1061,1021,1832874,21500,7145626,19589800
5818,1033,1103,1831841,21430,7146729,19421200
5819,1070,1104,1830771,21396,7147833,20360700
5820,1095,1044,1829676,21447,7148877,19861200
5821,1101,1091,1828575,21457,7149968,19777800
5822,1036,1041,1827539,21452,7151009,19484200
5823,1000,1095,1826539,21357,7152104,19752400
5824,1026,1114,1825513,21269,7153218,19852200
5825,1082,1024,1824431,21327,7154242,19812200
5826,1036,1051,1823395,21312,7155293,19651500
5827,1062,1045,1822333,21329,7156338,19694300
5828,1040,1111,1821293,21258,7157449,19604000
5829,1063,1069,1820230,21252,7158518,19630300
5830,1011,1092,1819219,21171,7159610,19600100
5831,1025,1079,1818194,21117,7160689,19245900
5832,1068,1032,1817126,21153,7161721,19445000
5833,1071,1028,1816055,21196,7162749,19861100
5834,1062,1049,1814993,21209,7163798,19807300
5835,1070,1089,1813923,21190,7164887,19561400
5836,1035,1045,1812888,21180,7165932,20293200
5837,1075,1040,1811813,21215,7166972,19637000
5838,1076,1060,1810737,21231,7168032,19884900
5839,1007,999,1809730,21239,7169031,19581200
5840,1048,1038,1808682,21249,7170069,20137800
5841,1026,1128,1807656,21147,7171197,19908500
5842,1056,1065,1806600,21138,7172262,19514200
5843,1033,1055,1805567,21116,7173317,19565000
5844,1040,1009,1804527,21147,7174326,19638200
5845,1067,1107,1803460,21107,7175433,19893100
5846,1019,1046,1802441,21080,7176479,19875800
5847,1055,1061,1801386,21074,7177540,19595300
5848,1053,1008,1800333,21119,7178548,19742100
5849,1042,1080,1799291,21081,7179628,20415600
5850,1030,1036,1798261,21075,7180664,19848500
5851,1022,1076,1797239,21021,7181740,19878000
5852,1045,979,1796194,21087,7182719,19789300
5853,1035,1099,1795159,21023,7183818,20484400
5854,991,1070,1794168,20944,7184888,19702400
5855,1044,1078,1793124,20910,7185966,20514600
5856,1073,983,1792051,21000,7186949,19751000
5857,1035,1062,1791016,20973,7188011,19904800
5858,1053,1075,1789963,20951,7189086,19726100
5859,1088,1038,1788875,21001,7190124,19474600
5860,1105,1072,1787770,21034,7191196,19839200
5861,1030,1048,1786740,21016,7192244,20492600
5862,1043,1093,1785697,20966,7193337,19692500
5863,1016,1081,1784681,20901,7194418,19621900
5864,1019,990,1783662,20930,7195408,19507800
5865,1021,1013,1782641,20938,7196421,19874300
5866,1138,994,1781503,21082,7197415,19809800
5867,1128,1067,1780375,21143,7198482,19909900
5868,1046,1068,1779329,21121,7199550,19997300
5869,1110,1047,1778219,21184,7200597,20794900
5870,1077,1058,1777142,21203,7201655,19842600
5871,1078,1091,1776064,21190,7202746,20190500
5872,1060,1067,1775004,21183,7203813,19747700
5873,1015,1090,1773989,21108,7204903,19826100
5874,1054,1094,1772935,21068,7205997,20500300
5875,1096,1089,1771839,21075,7207086,19700800
5876,1079,1074,1770760,21080,7208160,19512000
5877,1062,1036,1769698,21106,7209196,19636200
5878,1018,1037,1768680,21087,7210233,19763300
5879,1029,1092,1767651,21024,7211325,19866600
5880,1036,1028,1766615,21032,7212353,19472800
5881,1074,1101,1765541,21005,7213454,19598700
5882,1016,1063,1764525,20958,7214517,19969700
5883,1025,1057,1763500,20926,7215574,20245800
5884,1026,997,1762474,20955,7216571,19595100
5885,1050,1017,1761424,20988,7217588,19760900
5886,1043,1061,1760381,20970,7218649,20163400
5887,1055,1043,1759326,20982,7219692,20039700
5888,1046,1027,1758280,21001,7220719,19630500
5889,1018,1052,1757262,20967,7221771,20184200
5890,1083,1038,1756179,21012,7222809,19610800
5891,1043,1115,1755136,20940,7223924,19742400
5892,1095,995,1754041,21040,7224919,19472000
5893,1028,981,1753013,21087,7225900,19735700
5894,1013,1036,1752000,21064,7226936,20300200
5895,991,1080,1751009,20975,7228016,19455500
5896,1029,1062,1749980,20942,7229078,19971500
5897,1053,1026,1748927,20969,7230104,20280200
5898,1059,1027,1747868,21001,7231131,20580300
5899,1093,1111,1746775,20983,7232242,20448900
5900,1114,1016,1745661,21081,7233258,20330800
5901,1049,1029,1744612,21101,7234287,20439900
5902,1062,1044,1743550,21119,7235331,20200800
5903,1084,1091,1742466,21112,7236422,20143200
5904,1036,1076,1741430,21072,7237498,19947200
5905,1032,1005,1740398,21099,7238503,20492600
5906,1102,1080,1739296,21121,7239583,20319800
5907,1041,1028,1738255,21134,7240611,20357800
5908,1113,1092,1737142,21155,7241703,20383400
5909,991,1048,1736151,21098,7242751,20143900
5910,1042,1043,1735109,21097,7243794,19810500
5911,1022,1053,1734087,21066,7244847,21120400
5912,1017,1020,1733070,21063,7245867,20270200
5913,1037,1081,1732033,21019,7246948,19792900
5914,1010,1041,1731023,20988,7247989,20292800
5915,1024,1101,1729999,20911,7249090,19618700
5916,1030,1074,1728969,20867,7250164,20069700
5917,996,1045,1727973,20818,7251209,19730300
5918,1054,1040,1726919,20832,7252249,19464100
5919,997,1069,1725922,20760,7253318,19710300
5920,1099,1039,1724823,20820,7254357,19462100
5921,1014,1052,1723809,20782,7255409,20721300
5922,1032,1050,1722777,20764,7256459,19725500
5923,1017,1043,1721760,20738,7257502,20084900
5924,1019,1093,1720741,20664,7258595,19676000
5925,1010,1057,1719731,20617,7259652,19598500
5926,1014,1037,1718717,20594,7260689,19537300
5927,1055,1061,1717662,20588,7261750,19893700
5928,1038,1067,1716624,20559,7262817,19873600
5929,1047,1041,1715577,20565,7263858,19955600
5930,998,1087,1714579,20476,7264945,19813500
5931,1033,1010,1713546,20499,7265955,20044100
5932,988,1037,1712558,20450,7266992,19565400
5933,1013,997,1711545,20466,7267989,20238400
5934,984,1036,1710561,20414,7269025,20963500
5935,963,1030,1709598,20347,7270055,20196600
5936,984,1059,1708614,20272,7271114,19920800
5937,990,1033,1707624,20229,7272147,20336700
5938,1005,984,1706619,20250,7273131,20011300
5939,979,987,1705640,20242,7274118,19730000
5940,1011,993,1704629,20260,7275111,19835700
5941,992,987,1703637,20265,7276098,19793600
5942,1028,988,1702609,20305,7277086,19944800
5943,977,1045,1701632,20237,7278131,19838700
5944,973,1109,1700659,20101,7279240,19817700
5945,993,958,1699666,20136,7280198,19711900
5946,955,1015,1698711,20076,7281213,19726000
5947,1001,1002,1697710,20075,7282215,19764300
5948,998,1008,1696712,20065,7283223,19878700
5949,975,1000,1695737,20040,7284223,19700100
5950,936,1001,1694801,19975,7285224,19747400
5951,1036,1015,1693765,19996,7286239,20758900
5952,959,979,1692806,19976,7287218,19654800
5953,973,986,1691833,19963,7288204,19533700
5954,937,1001,1690896,19899,7289205,20214600
5955,931,1006,1689965,19824,7290211,20098600
5956,897,972,1689068,19749,7291183,20897100
5957,993,1011,1688075,19731,7292194,20199500
5958,963,958,1687112,19736,7293152,19870900
5959,960,986,1686152,19710,7294138,19838600
5960,935,947,1685217,19698,7295085,19580600
5961,988,1013,1684229,19673,7296098,19722500
5962,1005,983,1683224,19695,7297081,20383400
5963,889,1021,1682335,19563,7298102,19878700
5964,972,981,1681363,19554,7299083,19765800
5965,925,976,1680438,19503,7300059,20111700
5966,986,950,1679452,19539,7301009,19960100
5967,951,951,1678501,19539,7301960,19780200
5968,1008,982,1677493,19565,7302942,19610700
5969,912,1001,1676581,19476,7303943,20500600
5970,968,971,1675613,19473,7304914,19770200
5971,956,974,1674657,19455,7305888,20212700
5972,951,1015,1673706,19391,7306903,19942300
5973,932,970,1672774,19353,7307873,19901600
5974,979,947,1671795,19385,7308820,19630100
5975,953,973,1670842,19365,7309793,19597000
5976,928,975,1669914,19318,7310768,19692300
5977,944,926,1668970,19336,7311694,19658100
5978,905,940,1668065,19301,7312634,19912000
5979,1013,974,1667052,19340,7313608,19790600
5980,967,966,1666085,19341,7314574,20078400
5981,968,941,1665117,19368,7315515,19522100
5982,932,977,1664185,19323,7316492,19883200
5983,982,934,1663203,19371,7317426,19610000
5984,928,1028,1662275,19271,7318454,20276400
5985,908,947,1661367,19232,7319401,19411400
5986,929,986,1660438,19175,7320387,19540700
5987,936,936,1659502,19175,7321323,19697100
5988,935,948,1658567,19162,7322271,20245800
5989,924,978,1657643,19108,7323249,20019000
5990,895,942,1656748,19061,7324191,20525900
5991,915,971,1655833,19005,7325162,19697300
5992,909,939,1654924,18975,7326101,19292700
5993,898,926,1654026,18947,7327027,19646700
5994,958,961,1653068,18944,7327988,20390700
5995,889,945,1652179,18888,7328933,20125900
5996,913,966,1651266,18835,7329899,20043300
5997,973,900,1650293,18908,7330799,20172700
5998,947,976,1649346,18879,7331775,19794600
5999,908,920,1648438,18867,7332695,20475800
6000,893,914,1647545,18846,7333609,20033300
6001,968,939,1646577,18875,7334548,20673800
6002,914,947,1645663,18842,7335495,19944700
6003,919,933,1644744,18828,7336428,20158800
6004,933,934,1643811,18827,7337362,20103600
6005,945,975,1642866,18797,7338337,19920300
6006,880,968,1641986,18709,7339305,21221300
6007,869,897,1641117,18681,7340202,19773200
6008,924,946,1640193,18659,7341148,20103800
6009,854,960,1639339,18553,7342108,20225200
6010,945,865,1638394,18633,7342973,19421400
6011,890,908,1637504,18615,7343881,20294900
6012,925,979,1636579,18561,7344860,20340600
6013,946,925,1635633,18582,7345785,20069900
6014,982,951,1634651,18613,7346736,19661300
6015,949,895,1633702,18667,7347631,19403600
6016,921,881,1632781,18707,7348512,19606400
6017,956,899,1631825,18764,7349411,19472300
6018,935,967,1630890,18732,7350378,19826900
6019,913,947,1629977,18698,7351325,19610500
6020,923,939,1629054,18682,7352264,19475600
6021,983,977,1628071,18688,7353241,20051400
6022,929,957,1627142,18660,7354198,19619400
6023,897,936,1626245,18621,7355134,19633800
6024,937,908,1625308,18650,7356042,20078000
6025,952,908,1624356,18694,7356950,19798100
6026,957,956,1623399,18695,7357906,19593100
6027,944,976,1622455,18663,7358882,20061800
6028,910,949,1621545,18624,7359831,19772200
6029,1010,918,1620535,18716,7360749,19626700
6030,954,943,1619581,18727,7361692,20020200
6031,918,929,1618663,18716,7362621,19762300
6032,962,862,1617701,18816,7363483,19906300
6033,986,962,1616715,18840,7364445,19628900
6034,1005,965,1615710,18880,7365410,19725500
6035,902,931,1614808,18851,7366341,20646600
6036,889,976,1613919,18764,7367317,19524800
6037,937,947,1612982,18754,7368264,19581400
6038,868,931,1612114,18691,7369195,20259500
6039,942,895,1611172,18738,7370090,20039200
6040,944,941,1610228,18741,7371031,20522900
6041,872,879,1609356,18734,7371910,20135100
6042,896,934,1608460,18696,7372844,19694500
6043,949,919,1607511,18726,7373763,20086400
6044,901,907,1606610,18720,7374670,19802000
6045,912,931,1605698,18701,7375601,20731900
6046,920,940,1604778,18681,7376541,19892200
6047,946,934,1603832,18693,7377475,20247900
6048,875,872,1602957,18696,7378347,19862000
6049,907,886,1602050,18717,7379233,19742800
6050,942,950,1601108,18709,7380183,19758100
6051,896,929,1600212,18676,7381112,19663300
6052,932,946,1599280,18662,7382058,19670000
6053,909,932,1598371,18639,7382990,19775900
6054,914,950,1597457,18603,7383940,19732400
6055,926,921,1596531,18608,7384861,19736200
6056,954,979,1595577,18583,7385840,20849400
6057,967,952,1594610,18598,7386792,20728200
6058,909,870,1593701,18637,7387662,20753200
6059,949,899,1592752,18687,7388561,19520400
6060,919,1010,1591833,18596,7389571,19600300
6061,931,916,1590902,18611,7390487,20427300
6062,932,938,1589970,18605,7391425,20088500
6063,915,946,1589055,18574,7392371,20130100
6064,894,935,1588161,18533,7393306,19842600
6065,886,873,1587275,18546,7394179,19533000
6066,931,920,1586344,18557,7395099,19588400
6067,915,919,1585429,18553,7396018,19924800
6068,908,984,1584521,18477,7397002,20245000
6069,954,881,1583567,18550,7397883,19823100
6070,943,972,1582624,18521,7398855,19455900
6071,934,969,1581690,18486,7399824,19653700
6072,901,969,1580789,18418,7400793,19500200
6073,887,936,1579902,18369,7401729,20006100
6074,971,934,1578931,18406,7402663,20046200
6075,929,915,1578002,18420,7403578,19731200
6076,900,857,1577102,18463,7404435,19819200
6077,893,940,1576209,18416,7405375,19991100
6078,891,973,1575318,18334,7406348,20890700
6079,905,930,1574413,18309,7407278,19906600
6080,862,933,1573551,18238,7408211,19774200
6081,856,921,1572695,18173,7409132,19839900
6082,919,933,1571776,18159,7410065,19950600
6083,916,940,1570860,18135,7411005,19872500
6084,945,932,1569915,18148,7411937,19708100
6085,926,951,1568989,18123,7412888,19636300
6086,864,909,1568125,18078,7413797,20087600
6087,930,908,1567195,18100,7414705,19712600
6088,923,877,1566272,18146,7415582,20693200
6089,924,870,1565348,18200,7416452,19533700
6090,883,933,1564465,18150,7417385,19670700
6091,889,926,1563576,18113,7418311,20620200
6092,875,930,1562701,18058,7419241,19596000
6093,826,858,1561875,18026,7420099,20237800
6094,899,905,1560976,18020,7421004,19839800
6095,893,896,1560083,18017,7421900,20246300
6096,824,870,1559259,17971,7422770,19479100
6097,869,912,1558390,17928,7423682,19906900
6098,845,891,1557545,17882,7424573,20130800
6099,841,909,1556704,17814,7425482,19682300
6100,883,874,1555821,17823,7426356,19923900
6101,843,855,1554978,17811,7427211,20108200
6102,837,919,1554141,17729,7428130,19735100
6103,902,903,1553239,17728,7429033,19868500
6104,800,902,1552439,17626,7429935,19808600
6105,869,874,1551570,17621,7430809,20780900
6106,909,879,1550661,17651,7431688,19583500
6107,882,887,1549779,17646,7432575,19611500
6108,916,924,1548863,17638,7433499,19884200
6109,874,901,1547989,17611,7434400,19654700
6110,864,876,1547125,17599,7435276,19581400
6111,874,889,1546251,17584,7436165,19853600
6112,904,880,1545347,17608,7437045,20407500
6113,892,899,1544455,17601,7437944,21067900
6114,871,912,1543584,17560,7438856,19950100
6115,910,833,1542674,17637,7439689,19750400
6116,849,884,1541825,17602,7440573,20041200
6117,873,890,1540952,17585,7441463,20091100
6118,903,842,1540049,17646,7442305,19870200
6119,911,883,1539138,17674,7443188,20603800
6120,893,919,1538245,17648,7444107,20105900
6121,873,906,1537372,17615,7445013,20414500
6122,878,878,1536494,17615,7445891,20281900
6123,854,895,1535640,17574,7446786,20005000
6124,858,916,1534782,17516,7447702,19990300
6125,922,851,1533860,17587,7448553,19954100
6126,901,857,1532959,17631,7449410,19744800
6127,884,862,1532075,17653,7450272,20258600
6128,861,895,1531214,17619,7451167,20288800
6129,844,934,1530370,17529,7452101,19889500
6130,867,873,1529503,17523,7452974,20210500
6131,836,896,1528667,17463,7453870,19957600
6132,856,871,1527811,17448,7454741,19633300
6133,824,900,1526987,17372,7455641,19450000
6134,859,878,1526128,17353,7456519,19589100
6135,822,891,1525306,17284,7457410,19591900
6136,869,880,1524437,17273,7458290,19553400
6137,836,864,1523601,17245,7459154,20494600
6138,804,870,1522797,17179,7460024,19955000
6139,852,856,1521945,17175,7460880,19636900
6140,915,877,1521030,17213,7461757,20352500
6141,859,874,1520171,17198,7462631,19591000
6142,844,863,1519327,17179,7463494,19866400
6143,849,856,1518478,17172,7464350,19784200
6144,869,901,1517609,17140,7465251,20221700
6145,848,853,1516761,17135,7466104,19527700
6146,850,806,1515911,17179,7466910,19679800
6147,902,858,1515009,17223,7467768,19775100
6148,843,875,1514166,17191,7468643,19879800
6149,878,831,1513288,17238,7469474,20040700
6150,870,841,1512418,17267,7470315,19644400
6151,866,849,1511552,17284,7471164,19677300
6152,854,882,1510698,17256,7472046,20399800
6153,831,890,1509867,17197,7472936,19438000
6154,787,847,1509080,17137,7473783,20254700
6155,842,864,1508238,17115,7474647,20131700
6156,850,860,1507388,17105,7475507,20099100
6157,836,846,1506552,17095,7476353,19585300
6158,868,855,1505684,17108,7477208,19948700
6159,872,829,1504812,17151,7478037,19397900
6160,873,873,1503939,17151,7478910,19514400
6161,789,826,1503150,17114,7479736,19536500
6162,817,884,1502333,17047,7480620,19259000
6163,842,820,1501491,17069,7481440,20738400
6164,814,789,1500677,17094,7482229,20052200
6165,870,829,1499807,17135,7483058,19745000
6166,872,869,1498935,17138,7483927,19800800
6167,843,807,1498092,17174,7484734,19585900
6168,814,901,1497278,17087,7485635,20177500
6169,826,850,1496452,17063,7486485,19910900
6170,799,913,1495653,16949,7487398,19630900
6171,784,857,1494869,16876,7488255,19641000
6172,839,839,1494030,16876,7489094,19495600
6173,814,823,1493216,16867,7489917,19624600
6174,813,843,1492403,16837,7490760,20026800
6175,809,883,1491594,16763,7491643,19515400
6176,839,854,1490755,16748,7492497,19677500
6177,808,833,1489947,16723,7493330,19692100
6178,789,878,1489158,16634,7494208,19657200
6179,821,827,1488337,16628,7495035,19638700
6180,797,824,1487540,16601,7495859,19873300
6181,779,837,1486761,16543,7496696,19855100
6182,801,819,1485960,16525,7497515,19558400
6183,806,783,1485154,16548,7498298,19791500
6184,772,811,1484382,16509,7499109,20245200
6185,870,866,1483512,16513,7499975,20456700
6186,783,825,1482729,16471,7500800,20175400
6187,795,776,1481934,16490,7501576,19987000
6188,815,850,1481119,16455,7502426,20165900
6189,828,813,1480291,16470,7503239,20426400
6190,800,813,1479491,16457,7504052,20119800
6191,825,802,1478666,16480,7504854,20074000
6192,807,823,1477859,16464,7505677,19955000
6193,905,785,1476954,16584,7506462,20192100
6194,837,852,1476117,16569,7507314,19723500
6195,848,813,1475269,16604,7508127,19834000
6196,914,838,1474355,16680,7508965,19609000
6197,807,807,1473548,16680,7509772,19970800
6198,828,823,1472720,16685,7510595,19875400
6199,769,866,1471951,16588,7511461,19953200
6200,802,841,1471149,16549,7512302,19793300
6201,791,823,1470358,16517,7513125,19673000
6202,812,791,1469546,16538,7513916,19814100
6203,820,855,1468726,16503,7514771,19541900
6204,821,818,1467905,16506,7515589,20011400
6205,823,866,1467082,16463,7516455,19607500
6206,812,851,1466270,16424,7517306,19652400
6207,823,809,1465447,16438,7518115,20233400
6208,891,827,1464556,16502,7518942,20336200
6209,867,788,1463689,16581,7519730,20452200
6210,782,834,1462907,16529,7520564,19363000
6211,837,824,1462070,16542,7521388,19466500
6212,804,849,1461266,16497,7522237,19642300
6213,802,830,1460464,16469,7523067,19816900
6214,854,843,1459610,16480,7523910,20214700
6215,801,826,1458809,16455,7524736,20321000
6216,776,883,1458033,16348,7525619,19811900
6217,830,788,1457203,16390,7526407,19613000
6218,759,822,1456444,16327,7527229,19810600
6219,796,855,1455648,16268,7528084,19567200
6220,827,853,1454821,16242,7528937,19460900
6221,849,812,1453972,16279,7529749,19977500
6222,813,852,1453159,16240,7530601,20060700
6223,766,775,1452393,16231,7531376,19641900
6224,810,854,1451583,16187,7532230,19804100
6225,774,808,1450809,16153,7533038,19677600
6226,824,852,1449985,16125,7533890,19926700
6227,820,791,1449165,16154,7534681,19763900
6228,789,763,1448376,16180,7535444,20105500
6229,785,743,1447591,16222,7536187,19792200
6230,846,854,1446745,16214,7537041,19693800
6231,788,808,1445957,16194,7537849,20530400
6232,834,780,1445123,16248,7538629,19804500
6233,791,832,1444332,16207,7539461,19693500
6234,791,795,1443541,16203,7540256,19627400
6235,754,827,1442787,16130,7541083,19946600
6236,785,749,1442002,16166,7541832,20863800
6237,831,853,1441171,16144,7542685,19864100
6238,781,751,1440390,16174,7543436,19942400
6239,784,782,1439606,16176,7544218,20514700
6240,834,835,1438772,16175,7545053,20436000
6241,790,788,1437982,16177,7545841,19600100
6242,785,794,1437197,16168,7546635,19653800
6243,810,817,1436387,16161,7547452,19712600
6244,804,805,1435583,16160,7548257,19556100
6245,792,849,1434791,16103,7549106,19499100
6246,795,862,1433996,16036,7549968,20159400
6247,832,784,1433164,16084,7550752,20088800
6248,790,797,1432374,16077,7551549,19842600
6249,802,777,1431572,16102,7552326,19992000
6250,799,808,1430773,16093,7553134,19798100
6251,798,802,1429975,16089,7553936,19861400
6252,767,777,1429208,16079,7554713,19698000
6253,801,828,1428407,16052,7555541,20027700
6254,797,785,1427610,16064,7556326,19915000
6255,796,773,1426814,16087,7557099,20120700
6256,756,795,1426058,16048,7557894,19951400
6257,833,770,1425225,16111,7558664,19971100
6258,796,844,1424429,16063,7559508,20176100
6259,826,816,1423603,16073,7560324,19884800
6260,779,820,1422824,16032,7561144,19735100
6261,783,756,1422041,16059,7561900,19382000
6262,773,823,1421268,16009,7562723,20008000
6263,821,814,1420447,16016,7563537,19726800
6264,808,781,1419639,16043,7564318,19668000
6265,823,824,1418816,16042,7565142,20515600
6266,813,811,1418003,16044,7565953,20004900
6267,772,812,1417231,16004,7566765,19826900
6268,779,790,1416452,15993,7567555,20179500
6269,787,774,1415665,16006,7568329,19541800
6270,803,791,1414862,16018,7569120,19725200
6271,803,795,1414059,16026,7569915,20109600
6272,769,779,1413290,16016,7570694,20078100
6273,774,798,1412516,15992,7571492,19985000
6274,758,769,1411758,15981,7572261,19820500
6275,796,809,1410962,15968,7573070,19942800
6276,784,760,1410178,15992,7573830,19363400
6277,804,787,1409374,16009,7574617,19600200
6278,796,758,1408578,16047,7575375,19808300
6279,793,809,1407785,16031,7576184,19655200
6280,811,805,1406974,16037,7576989,19763100
6281,798,808,1406176,16027,7577797,19637900
6282,813,787,1405363,16053,7578584,19929400
6283,809,761,1404554,16101,7579345,19949200
6284,777,792,1403777,16086,7580137,19564100
6285,778,802,1402999,16062,7580939,19585900
6286,772,838,1402227,15996,7581777,19518900
6287,761,775,1401466,15982,7582552,19644800
6288,779,800,1400687,15961,7583352,19590300
6289,781,801,1399906,15941,7584153,19647000
6290,792,807,1399114,15926,7584960,20132600
6291,771,773,1398343,15924,7585733,19893400
6292,802,782,1397541,15944,7586515,20258100
6293,748,807,1396793,15885,7587322,20269300
6294,786,753,1396007,15918,7588075,19611600
6295,745,775,1395262,15888,7588850,19787700
6296,757,770,1394505,15875,7589620,19766200
6297,726,777,1393779,15824,7590397,20088100
6298,780,783,1392999,15821,7591180,19812600
6299,760,770,1392239,15811,7591950,19658200
6300,763,768,1391476,15806,7592718,19894800
6301,764,807,1390712,15763,7593525,20002800
6302,765,807,1389947,15721,7594332,20023300
6303,733,800,1389214,15654,7595132,19814700
6304,776,752,1388438,15678,7595884,19969700
6305,831,774,1387607,15735,7596658,19820700
6306,757,815,1386850,15677,7597473,19641500
6307,786,787,1386064,15676,7598260,20099000
6308,769,785,1385295,15660,7599045,20941200
6309,781,790,1384514,15651,7599835,20208100
6310,745,805,1383769,15591,7600640,20305500
6311,749,758,1383020,15582,7601398,19780800
6312,752,770,1382268,15564,7602168,19926100
6313,827,741,1381441,15650,7602909,19647900
6314,736,776,1380705,15610,7603685,20319400
6315,760,803,1379945,15567,7604488,20112700
6316,784,763,1379161,15588,7605251,21658900
6317,723,751,1378438,15560,7606002,20393700
6318,750,755,1377688,15555,7606757,19706800
6319,750,784,1376938,15521,7607541,19990400
6320,734,776,1376204,15479,7608317,19539000
6321,760,745,1375444,15494,7609062,19935400
6322,748,814,1374696,15428,7609876,20076600
6323,736,752,1373960,15412,7610628,20417500
6324,719,745,1373241,15386,7611373,19744800
6325,724,763,1372517,15347,7612136,19819100
6326,733,809,1371784,15271,7612945,19479300
6327,725,753,1371059,15243,7613698,19771600
6328,804,734,1370255,15313,7614432,19809700
6329,814,788,1369441,15339,7615220,20199000
6330,746,757,1368695,15328,7615977,19682500
6331,766,760,1367929,15334,7616737,19525000
6332,792,797,1367137,15329,7617534,19575400
6333,722,787,1366415,15264,7618321,19794500
6334,802,730,1365613,15336,7619051,19727300
6335,779,759,1364834,15356,7619810,19808200
6336,756,814,1364078,15298,7620624,19717200
6337,760,737,1363318,15321,7621361,19809300
6338,779,759,1362539,15341,7622120,19567200
6339,738,742,1361801,15337,7622862,19589500
6340,773,825,1361028,15285,7623687,19494000
6341,749,786,1360279,15248,7624473,20152500
6342,759,803,1359520,15204,7625276,19827200
6343,738,772,1358782,15170,7626048,19686700
6344,790,780,1357992,15180,7626828,19965600
6345,749,773,1357243,15156,7627601,19648500
6346,746,750,1356497,15152,7628351,19501900
6347,761,735,1355736,15178,7629086,19608100
6348,743,789,1354993,15132,7629875,19461600
6349,674,763,1354319,15043,7630638,19728500
6350,698,770,1353621,14971,7631408,20137400
6351,708,739,1352913,14940,7632147,19556200
6352,728,790,1352185,14878,7632937,20174000
6353,708,712,1351477,14874,7633649,19665000
6354,736,727,1350741,14883,7634376,19651300
6355,767,754,1349974,14896,7635130,19992200
6356,700,764,1349274,14832,7635894,20301000
6357,672,705,1348602,14799,7636599,19795400
6358,725,743,1347877,14781,7637342,19624300
6359,734,740,1347143,14775,7638082,20055500
6360,710,762,1346433,14723,7638844,19615400
6361,739,752,1345694,14710,7639596,19479000
6362,724,709,1344970,14725,7640305,19867000
6363,712,744,1344258,14693,7641049,19701800
6364,741,735,1343517,14699,7641784,19865300
6365,693,711,1342824,14681,7642495,19672500
6366,745,731,1342079,14695,7643226,19845600
6367,742,769,1341337,14668,7643995,20287700
6368,738,748,1340599,14658,7644743,20318700
6369,713,712,1339886,14659,7645455,19735900
6370,769,719,1339117,14709,7646174,19815300
6371,778,713,1338339,14774,7646887,19678300
6372,771,736,1337568,14809,7647623,19962600
6373,785,702,1336783,14892,7648325,19493200
6374,743,748,1336040,14887,7649073,20056100
6375,740,793,1335300,14834,7649866,19939100
6376,794,764,1334506,14864,7650630,19829900
6377,726,768,1333780,14822,7651398,19962100
6378,736,728,1333044,14830,7652126,19668700
6379,762,728,1332282,14864,7652854,20287900
6380,747,760,1331535,14851,7653614,19828900
6381,787,776,1330748,14862,7654390,19935400
6382,738,783,1330010,14817,7655173,19885000
6383,760,736,1329250,14841,7655909,20069400
6384,771,731,1328479,14881,7656640,19613500
6385,783,771,1327696,14893,7657411,20230400
6386,736,718,1326960,14911,7658129,19920300
6387,730,728,1326230,14913,7658857,20425600
6388,796,735,1325434,14974,7659592,19755000
6389,794,763,1324640,15005,7660355,19938300
6390,757,751,1323883,15011,7661106,19424600
6391,802,758,1323081,15055,7661864,19562800
6392,762,726,1322319,15091,7662590,19637300
6393,752,734,1321567,15109,7663324,19906600
6394,734,756,1320833,15087,7664080,19487800
6395,723,707,1320110,15103,7664787,19757600
6396,757,780,1319353,15080,7665567,20167000
6397,743,750,1318610,15073,7666317,19444800
6398,697,728,1317913,15042,7667045,19492700
6399,757,750,1317156,15049,7667795,20220200
6400,729,723,1316427,15055,7668518,19553300
6401,746,727,1315681,15074,7669245,19614700
6402,718,714,1314963,15078,7669959,19712900
6403,770,763,1314193,15085,7670722,19906100
6404,709,804,1313484,14990,7671526,19690600
6405,745,703,1312739,15032,7672229,19522400
6406,690,767,1312049,14955,7672996,19841900
6407,733,754,1311316,14934,7673750,20352700
6408,726,791,1310590,14869,7674541,19603600
6409,753,768,1309837,14854,7675309,20522300
6410,748,785,1309089,14817,7676094,19412400
6411,762,771,1308327,14808,7676865,19541000
6412,691,732,1307636,14767,7677597,19815700
6413,717,731,1306919,14753,7678328,20208700
6414,776,789,1306143,14740,7679117,19503200
6415,711,794,1305432,14657,7679911,19900700
6416,715,761,1304717,14611,7680672,19947900
6417,687,732,1304030,14566,7681404,19773200
6418,741,697,1303289,14610,7682101,19947700
6419,727,746,1302562,14591,7682847,19668100
6420,699,722,1301863,14568,7683569,19669800
6421,737,722,1301126,14583,7684291,19469800
6422,715,758,1300411,14540,7685049,19719400
6423,768,720,1299643,14588,7685769,19927500
6424,728,764,1298915,14552,7686533,19593600
6425,707,730,1298208,14529,7687263,19637600
6426,685,754,1297523,14460,7688017,19648500
6427,748,732,1296775,14476,7688749,19762700
6428,716,701,1296059,14491,7689450,19648500
6429,723,715,1295336,14499,7690165,19533800
6430,722,726,1294614,14495,7690891,19715800
6431,719,728,1293895,14486,7691619,19647400
6432,711,730,1293184,14467,7692349,20036000
6433,750,749,1292434,14468,7693098,19586600
6434,727,709,1291707,14486,7693807,19649500
6435,729,735,1290978,14480,7694542,19735700
6436,730,689,1290248,14521,7695231,19853800
6437,690,717,1289558,14494,7695948,19583500
6438,679,720,1288879,14453,7696668,19735600
6439,671,726,1288208,14398,7697394,20038800
6440,668,738,1287540,14328,7698132,20000300
6441,637,693,1286903,14272,7698825,19888300
6442,687,675,1286216,14284,7699500,19912900
6443,702,746,1285514,14240,7700246,19934200
6444,693,693,1284821,14240,7700939,19795200
6445,663,683,1284158,14220,7701622,19936700
6446,726,681,1283432,14265,7702303,20003600
6447,668,699,1282764,14234,7703002,19569600
6448,708,730,1282056,14212,7703732,20411000
6449,664,767,1281392,14109,7704499,20015400
6450,678,703,1280714,14084,7705202,20031400
6451,667,745,1280047,14006,7705947,19707100
6452,726,689,1279321,14043,7706636,19626000
6453,692,701,1278629,14034,7707337,19508600
6454,708,734,1277921,14008,7708071,19782800
6455,702,642,1277219,14068,7708713,19558200
6456,680,715,1276539,14033,7709428,19850000
6457,693,735,1275846,13991,7710163,19585900
6458,629,736,1275217,13884,7710899,19497900
6459,662,663,1274555,13883,7711562,19485300
6460,690,673,1273865,13900,7712235,21061900
6461,727,746,1273138,13881,7712981,19286600
6462,683,699,1272455,13865,7713680,19395700
6463,675,700,1271780,13840,7714380,19705000
6464,659,710,1271121,13789,7715090,19628900
6465,660,725,1270461,13724,7715815,20377400
6466,615,697,1269846,13642,7716512,20013900
6467,684,641,1269162,13685,7717153,19567000
6468,637,647,1268525,13675,7717800,19683800
6469,667,676,1267858,13666,7718476,22130900
6470,665,639,1267193,13692,7719115,20452500
6471,685,658,1266508,13719,7719773,19608200
6472,676,684,1265832,13711,7720457,19458200
6473,696,647,1265136,13760,7721104,19652600
6474,658,714,1264478,13704,7721818,19474800
6475,673,696,1263805,13681,7722514,19923900
6476,705,667,1263100,13719,7723181,19630600
6477,648,702,1262452,13665,7723883,19564400
6478,664,695,1261788,13634,7724578,20270100
6479,644,714,1261144,13564,7725292,20353900
6480,627,669,1260517,13522,7725961,20019200
6481,655,662,1259862,13515,7726623,20033800
6482,672,657,1259190,13530,7727280,19720800
6483,614,678,1258576,13466,7727958,20920800
6484,624,699,1257952,13391,7728657,20008000
6485,638,672,1257314,13357,7729329,20266900
6486,670,666,1256644,13361,7729995,20231600
6487,694,638,1255950,13417,7730633,19578700
6488,691,648,1255259,13460,7731281,19678600
6489,705,682,1254554,13483,7731963,19933800
6490,712,658,1253842,13537,7732621,20295900
6491,677,703,1253165,13511,7733324,19596400
6492,662,661,1252503,13512,7733985,19657400
6493,666,672,1251837,13506,7734657,20026200
6494,650,701,1251187,13455,7735358,19511000
6495,692,687,1250495,13460,7736045,19503400
6496,630,673,1249865,13417,7736718,19517100
6497,673,637,1249192,13453,7737355,20638200
6498,649,701,1248543,13401,7738056,19485200
6499,648,703,1247895,13346,7738759,19669800
6500,652,653,1247243,13345,7739412,20120700
6501,663,658,1246580,13350,7740070,20628800
6502,641,668,1245939,13323,7740738,19976500
6503,673,662,1245266,13334,7741400,19644200
6504,666,694,1244600,13306,7742094,20492900
6505,644,659,1243956,13291,7742753,20103500
6506,666,702,1243290,13255,7743455,20492500
6507,651,603,1242639,13303,7744058,20503500
6508,682,662,1241957,13323,7744720,20492300
6509,704,640,1241253,13387,7745360,20596200
6510,708,676,1240545,13419,7746036,20958000
6511,712,672,1239833,13459,7746708,20059700
6512,663,677,1239170,13445,7747385,20326200
6513,677,674,1238493,13448,7748059,20065400
6514,667,696,1237826,13419,7748755,20740200
6515,708,631,1237118,13496,7749386,20290300
6516,687,680,1236431,13503,7750066,20487900
6517,694,691,1235737,13506,7750757,19645300
6518,665,646,1235072,13525,7751403,20062200
6519,693,667,1234379,13551,7752070,21758700
6520,730,669,1233649,13612,7752739,21367400
6521,701,702,1232948,13611,7753441,20198900
6522,728,664,1232220,13675,7754105,19894700
6523,667,647,1231553,13695,7754752,20198900
6524,697,669,1230856,13723,7755421,19931500
6525,731,678,1230125,13776,7756099,19668000
6526,700,673,1229425,13803,7756772,19515200
6527,691,680,1228734,13814,7757452,19343900
6528,652,682,1228082,13784,7758134,19307100
6529,676,666,1227406,13794,7758800,19590200
6530,682,696,1226724,13780,7759496,20261900
6531,665,672,1226059,13773,7760168,19617700
6532,677,679,1225382,13771,7760847,19443000
6533,693,698,1224689,13766,7761545,20204100
6534,673,666,1224016,13773,7762211,19623900
6535,692,683,1223324,13782,7762894,20326500
6536,663,673,1222661,13772,7763567,19729100
6537,662,684,1221999,13750,7764251,19555600
6538,732,714,1221267,13768,7764965,19719200
6539,663,635,1220604,13796,7765600,19803100
6540,696,641,1219908,13851,7766241,19662400
6541,719,726,1219189,13844,7766967,19711700
6542,656,692,1218533,13808,7767659,20210800
6543,662,720,1217871,13750,7768379,19716600
6544,671,745,1217200,13676,7769124,19488900
6545,667,696,1216533,13647,7769820,19807000
6546,635,710,1215898,13572,7770530,19883000
6547,658,687,1215240,13543,7771217,19561900
6548,636,670,1214604,13509,7771887,19863100
6549,678,678,1213926,13509,7772565,19764100
6550,706,664,1213220,13551,7773229,19615300
6551,663,700,1212557,13514,7773929,19651700
6552,638,705,1211919,13447,7774634,19831000
6553,592,701,1211327,13338,7775335,19642500
6554,633,689,1210694,13282,7776024,19690400
6555,645,666,1210049,13261,7776690,20202300
6556,657,685,1209392,13233,7777375,19932600
6557,665,689,1208727,13209,7778064,20365400
6558,690,630,1208037,13269,7778694,20070300
6559,667,676,1207370,13260,7779370,20224500
6560,646,671,1206724,13235,7780041,20332300
6561,711,678,1206013,13268,7780719,19898200
6562,649,670,1205364,13247,7781389,19732700
6563,630,658,1204734,13219,7782047,20491900
6564,664,670,1204070,13213,7782717,19606300
6565,677,683,1203393,13207,7783400,19811700
6566,621,635,1202772,13193,7784035,19586900
6567,642,662,1202130,13173,7784697,19965900
6568,659,661,1201471,13171,7785358,20087000
6569,666,691,1200805,13146,7786049,20373000
6570,630,684,1200175,13092,7786733,20159700
6571,687,646,1199488,13133,7787379,20346100
6572,640,645,1198848,13128,7788024,20531000
6573,664,637,1198184,13155,7788661,20154300
6574,653,687,1197531,13121,7789348,19692700
6575,693,655,1196838,13159,7790003,19625200
6576,683,636,1196155,13206,7790639,21012900
6577,669,622,1195486,13253,7791261,19966000
6578,680,650,1194806,13283,7791911,20025500
6579,695,696,1194111,13282,7792607,19952100
6580,643,703,1193468,13222,7793310,19655500
6581,636,685,1192832,13173,7793995,19591400
6582,675,687,1192157,13161,7794682,19658700
6583,692,609,1191465,13244,7795291,20520700
6584,648,635,1190817,13257,7795926,19571700
6585,651,695,1190166,13213,7796621,19576400
6586,679,690,1189487,13202,7797311,19468800
6587,631,694,1188856,13139,7798005,20127600
6588,636,684,1188220,13091,7798689,19530000
6589,602,665,1187618,13028,7799354,19622300
6590,634,618,1186984,13044,7799972,20466900
6591,632,623,1186352,13053,7800595,19415200
6592,604,650,1185748,13007,7801245,19695900
6593,650,666,1185098,12991,7801911,19722100
6594,658,646,1184440,13003,7802557,19402600
6595,657,666,1183783,12994,7803223,19469300
6596,619,680,1183164,12933,7803903,19955300
6597,645,651,1182519,12927,7804554,19612800
6598,634,616,1181885,12945,7805170,19616400
6599,592,608,1181293,12929,7805778,19522600
6600,665,634,1180628,12960,7806412,19684800
6601,671,686,1179957,12945,7807098,20288400
6602,631,620,1179326,12956,7807718,20322600
6603,630,650,1178696,12936,7808368,19844500
6604,578,684,1178118,12830,7809052,19402600
6605,648,658,1177470,12820,7809710,19886100
6606,633,622,1176837,12831,7810332,19606900
6607,609,634,1176228,12806,7810966,19684300
6608,647,636,1175581,12817,7811602,20477500
6609,627,643,1174954,12801,7812245,19784600
6610,617,631,1174337,12787,7812876,19635700
6611,662,625,1173675,12824,7813501,19688600
6612,628,639,1173047,12813,7814140,19551900
6613,658,580,1172389,12891,7814720,19382500
6614,645,618,1171744,12918,7815338,19764800
6615,646,628,1171098,12936,7815966,19996200
6616,680,657,1170418,12959,7816623,19738400
6617,600,651,1169818,12908,7817274,20350400
6618,673,624,1169145,12957,7817898,20088200
6619,657,629,1168488,12985,7818527,19879900
6620,670,615,1167818,13040,7819142,20015700
6621,666,600,1167152,13106,7819742,19564700
6622,681,690,1166471,13097,7820432,20000100
6623,679,667,1165792,13109,7821099,19597200
6624,638,660,1165154,13087,7821759,19834900
6625,629,678,1164525,13038,7822437,19585400
6626,665,665,1163860,13038,7823102,19689600
6627,643,657,1163217,13024,7823759,19591200
6628,662,671,1162555,13015,7824430,19484500
6629,689,690,1161866,13014,7825120,19593300
6630,608,629,1161258,12993,7825749,19658500
6631,585,640,1160673,12938,7826389,20578400
6632,636,674,1160037,12900,7827063,20130000
6633,657,627,1159380,12930,7827690,19788600
6634,623,612,1158757,12941,7828302,19976500
6635,608,653,1158149,12896,7828955,19915600
6636,628,640,1157521,12884,7829595,19957700
6637,661,681,1156860,12864,7830276,20281000
6638,613,623,1156247,12854,7830899,20318400
6639,612,590,1155635,12876,7831489,19808000
6640,619,647,1155016,12848,7832136,19995300
6641,643,621,1154373,12870,7832757,20416400
6642,628,667,1153745,12831,7833424,19861100
6643,637,635,1153108,12833,7834059,20044100
6644,673,653,1152435,12853,7834712,20484300
6645,665,638,1151770,12880,7835350,19632400
6646,636,647,1151134,12869,7835997,19524800
6647,620,642,1150514,12847,7836639,19711200
6648,635,625,1149879,12857,7837264,19498200
6649,671,681,1149208,12847,7837945,19476100
6650,632,636,1148576,12843,7838581,19479000
6651,616,674,1147960,12785,7839255,19586100
6652,610,606,1147350,12789,7839861,19361900
6653,650,641,1146700,12798,7840502,19552900
6654,622,659,1146078,12761,7841161,20093000
6655,607,697,1145471,12671,7841858,19425500
6656,626,685,1144845,12612,7842543,19765100
6657,647,655,1144198,12604,7843198,20067400
6658,622,647,1143576,12579,7843845,20387700
6659,646,650,1142930,12575,7844495,20239200
6660,638,615,1142292,12598,7845110,19835200
6661,618,580,1141674,12636,7845690,19630100
6662,636,601,1141038,12671,7846291,19873200
6663,657,667,1140381,12661,7846958,19561800
6664,648,669,1139733,12640,7847627,19559900
6665,648,656,1139085,12632,7848283,19961800
6666,624,588,1138461,12668,7848871,19760200
6667,627,677,1137834,12618,7849548,20439500
6668,621,624,1137213,12615,7850172,19556900
6669,640,609,1136573,12646,7850781,19532300
6670,662,652,1135911,12656,7851433,20074900
6671,686,624,1135225,12718,7852057,20054500
6672,707,654,1134518,12771,7852711,19576800
6673,607,647,1133911,12731,7853358,19821800
6674,659,632,1133252,12758,7853990,19709200
6675,673,662,1132579,12769,7854652,19659400
6676,678,617,1131901,12830,7855269,19519600
6677,640,644,1131261,12826,7855913,19754400
6678,610,654,1130651,12782,7856567,19859300
6679,678,635,1129973,12825,7857202,19839000
6680,608,641,1129365,12792,7857843,19570700
6681,665,643,1128700,12814,7858486,19652500
6682,616,643,1128084,12787,7859129,20345700
6683,663,648,1127421,12802,7859777,19566400
6684,667,637,1126754,12832,7860414,19640800
6685,644,694,1126110,12782,7861108,19625100
6686,636,637,1125474,12781,7861745,19569900
6687,628,673,1124846,12736,7862418,19719600
6688,623,612,1124223,12747,7863030,19527400
6689,605,640,1123618,12712,7863670,20191600
6690,639,628,1122979,12723,7864298,19601600
6691,662,665,1122317,12720,7864963,20120700
6692,628,700,1121689,12648,7865663,20140500
6693,652,617,1121037,12683,7866280,19469800
6694,580,600,1120457,12663,7866880,19981800
6695,629,627,1119828,12665,7867507,20187800
6696,595,629,1119233,12631,7868136,20078600
6697,606,647,1118627,12590,7868783,20029300
6698,631,612,1117996,12609,7869395,19880700
6699,617,632,1117379,12594,7870027,20075100
6700,613,628,1116766,12579,7870655,20075800
6701,611,633,1116155,12557,7871288,19811000
6702,643,627,1115512,12573,7871915,20169300
6703,592,632,1114920,12533,7872547,19576600
6704,591,630,1114329,12494,7873177,20053800
6705,595,626,1113734,12463,7873803,20263400
6706,609,605,1113125,12467,7874408,19940100
6707,587,622,1112538,12432,7875030,20722000
6708,602,635,1111936,12399,7875665,20097400
6709,601,605,1111335,12395,7876270,20128700
6710,627,637,1110708,12385,7876907,19674600
6711,627,614,1110081,12398,7877521,19583700
6712,652,634,1109429,12416,7878155,19402400
6713,651,605,1108778,12462,7878760,19471900
6714,632,594,1108146,12500,7879354,19676300
6715,643,616,1107503,12527,7879970,19839400
6716,616,643,1106887,12500,7880613,19539700
6717,586,657,1106301,12429,7881270,20051900
6718,624,604,1105677,12449,7881874,19624000
6719,660,600,1105017,12509,7882474,19440700
6720,631,611,1104386,12529,7883085,19517900
6721,605,620,1103781,12514,7883705,19842100
6722,665,589,1103116,12590,7884294,20517300
6723,669,620,1102447,12639,7884914,19642300
6724,632,623,1101815,12648,7885537,19997100
6725,646,627,1101169,12667,7886164,19822000
6726,663,622,1100506,12708,7886786,19374300
6727,631,632,1099875,12707,7887418,19631300
6728,670,615,1099205,12762,7888033,19637400
6729,643,634,1098562,12771,7888667,19488600
6730,644,635,1097918,12780,7889302,19487400
6731,667,620,1097251,12827,7889922,19825700
6732,694,634,1096557,12887,7890556,19451500
6733,626,644,1095931,12869,7891200,20126500
6734,606,661,1095325,12814,7891861,19655700
6735,602,690,1094723,12726,7892551,19805700
6736,652,683,1094071,12695,7893234,19470200
6737,620,624,1093451,12691,7893858,19378300
6738,599,666,1092852,12624,7894524,19680300
6739,617,622,1092235,12619,7895146,19828700
6740,631,610,1091604,12640,7895756,19566600
6741,620,622,1090984,12638,7896378,19781400
6742,631,674,1090353,12595,7897052,19539800
6743,606,599,1089747,12602,7897651,19830300
6744,639,594,1089108,12647,7898245,19655200
6745,659,640,1088449,12666,7898885,20104600
6746,638,614,1087811,12690,7899499,19493400
6747,634,647,1087177,12677,7900146,19662900
6748,666,642,1086511,12701,7900788,19772000
6749,627,650,1085884,12678,7901438,19900100
6750,620,615,1085264,12683,7902053,19615800
6751,657,612,1084607,12728,7902665,19969600
6752,671,636,1083936,12763,7903301,19779200
6753,635,622,1083301,12776,7903923,19705600
6754,636,586,1082665,12826,7904509,19598900
6755,689,617,1081976,12898,7905126,19691400
6756,663,636,1081313,12925,7905762,19571100
6757,670,660,1080643,12935,7906422,19993500
6758,644,658,1079999,12921,7907080,20010400
6759,615,648,1079384,12888,7907728,20175000
6760,619,587,1078765,12920,7908315,20060500
6761,688,697,1078077,12911,7909012,21114800
6762,640,656,1077437,12895,7909668,20291800
6763,665,641,1076772,12919,7910309,19724700
6764,678,678,1076094,12919,7910987,20020400
6765,639,629,1075455,12929,7911616,19976600
6766,634,645,1074821,12918,7912261,19602800
6767,642,642,1074179,12918,7912903,19920300
6768,609,624,1073570,12903,7913527,19820100
6769,656,617,1072914,12942,7914144,20090500
6770,645,640,1072269,12947,7914784,19898400
6771,663,590,1071606,13020,7915374,19888800
6772,610,649,1070996,12981,7916023,20750500
6773,651,635,1070345,12997,7916658,19658000
6774,644,606,1069701,13035,7917264,19449300
6775,655,650,1069046,13040,7917914,19815600
6776,637,672,1068409,13005,7918586,19509900
6777,649,656,1067760,12998,7919242,19550400
6778,615,657,1067145,12956,7919899,19774700
6779,613,681,1066532,12888,7920580,19903000
6780,649,662,1065883,12875,7921242,19928100
6781,633,607,1065250,12901,7921849,19745900
6782,641,627,1064609,12915,7922476,19735100
6783,581,652,1064028,12844,7923128,20109200
6784,620,609,1063408,12855,7923737,19533900
6785,631,644,1062777,12842,7924381,19819100
6786,660,635,1062117,12867,7925016,19591700
6787,658,639,1061459,12886,7925655,19752500
6788,649,647,1060810,12888,7926302,19914600
6789,611,615,1060199,12884,7926917,19399900
6790,654,605,1059545,12933,7927522,19558300
6791,636,670,1058909,12899,7928192,19880900
6792,610,630,1058299,12879,7928822,19686300
6793,665,612,1057634,12932,7929434,19564700
6794,645,697,1056989,12880,7930131,20095700
6795,652,669,1056337,12863,7930800,20300300
6796,632,644,1055705,12851,7931444,19960900
6797,611,622,1055094,12840,7932066,19840200
6798,679,632,1054415,12887,7932698,19843500
6799,631,656,1053784,12862,7933354,20112300
6800,629,649,1053155,12842,7934003,20053700
6801,622,630,1052533,12834,7934633,20115000
6802,656,615,1051877,12875,7935248,19835300
6803,616,620,1051261,12871,7935868,19855600
6804,665,662,1050596,12874,7936530,19681900
6805,637,681,1049959,12830,7937211,20018600
6806,611,655,1049348,12786,7937866,19819000
6807,595,659,1048753,12722,7938525,19787200
6808,634,624,1048119,12732,7939149,19846600
6809,621,631,1047498,12722,7939780,19955500
6810,604,644,1046894,12682,7940424,19859600
6811,629,603,1046265,12708,7941027,19788000
6812,660,621,1045605,12747,7941648,20024000
6813,582,673,1045023,12656,7942321,19507600
6814,577,675,1044446,12558,7942996,19868700
6815,639,647,1043807,12550,7943643,19543300
6816,574,619,1043233,12505,7944262,19965600
6817,590,634,1042643,12461,7944896,20596400
6818,613,633,1042030,12441,7945529,19595900
6819,640,597,1041390,12484,7946126,19587600
6820,598,632,1040792,12450,7946758,19790300
6821,608,628,1040184,12430,7947386,20323400
6822,597,602,1039587,12425,7947988,20274200
6823,584,638,1039003,12371,7948626,20542000
6824,596,612,1038407,12355,7949238,19873300
6825,619,652,1037788,12322,7949890,20157400
6826,589,608,1037199,12303,7950498,19912400
6827,616,531,1036583,12388,7951029,21070100
6828,634,609,1035949,12413,7951638,20047400
6829,608,647,1035341,12374,7952285,20062900
6830,620,622,1034721,12372,7952907,20380000
6831,573,534,1034148,12411,7953441,20004900
6832,598,611,1033550,12398,7954052,19906400
6833,603,615,1032947,12386,7954667,19884000
6834,600,686,1032347,12300,7955353,19774500
6835,629,601,1031718,12328,7955954,19893500
6836,583,624,1031135,12287,7956578,19624200
6837,587,629,1030548,12245,7957207,20038400
6838,618,577,1029930,12286,7957784,19662400
6839,637,612,1029293,12311,7958396,19365900
6840,582,597,1028711,12296,7958993,19602300
6841,634,630,1028077,12300,7959623,19872100
6842,610,599,1027467,12311,7960222,19881300
6843,602,590,1026865,12323,7960812,20203300
6844,608,624,1026257,12307,7961436,19902300
6845,586,614,1025671,12279,7962050,19579300
6846,603,624,1025068,12258,7962674,19615000
6847,592,609,1024476,12241,7963283,19530700
6848,569,644,1023907,12166,7963927,19647500
6849,577,613,1023330,12130,7964540,19505300
6850,619,635,1022711,12114,7965175,19687200
6851,590,546,1022121,12158,7965721,19710900
6852,601,629,1021520,12130,7966350,19977600
6853,593,617,1020927,12106,7966967,19468400
6854,575,601,1020352,12080,7967568,19652600
6855,581,606,1019771,12055,7968174,19677400
6856,587,597,1019184,12045,7968771,19537000
6857,534,623,1018650,11956,7969394,19483300
6858,584,596,1018066,11944,7969990,19666700
6859,590,627,1017476,11907,7970617,19707300
6860,583,576,1016893,11914,7971193,19998700
6861,579,548,1016314,11945,7971741,19828300
6862,632,613,1015682,11964,7972354,19789100
6863,615,611,1015067,11968,7972965,19803300
6864,575,609,1014492,11934,7973574,19677800
6865,630,577,1013862,11987,7974151,19541400
6866,599,570,1013263,12016,7974721,19451800
6867,597,611,1012666,12002,7975332,19545500
6868,589,567,1012077,12024,7975899,19618800
6869,608,623,1011469,12009,7976522,19712600
6870,593,580,1010876,12022,7977102,20205100
6871,682,606,1010194,12098,7977708,19861100
6872,585,629,1009609,12054,7978337,19888200
6873,600,564,1009009,12090,7978901,20815100
6874,630,553,1008379,12167,7979454,20076000
6875,624,584,1007755,12207,7980038,19523600
6876,594,596,1007161,12205,7980634,19715200
6877,586,593,1006575,12198,7981227,19638000
6878,594,613,1005981,12179,7981840,20299300
6879,638,644,1005343,12173,7982484,19638800
6880,620,641,1004723,12152,7983125,19613700
6881,635,605,1004088,12182,7983730,19669100
6882,605,620,1003483,12167,7984350,19903500
6883,610,627,1002873,12150,7984977,21315300
6884,616,603,1002257,12163,7985580,19518200
6885,621,628,1001636,12156,7986208,20408800
6886,617,607,1001019,12166,7986815,19856000
6887,591,629,1000428,12128,7987444,19480600
6888,601,610,999827,12119,7988054,20153100
6889,587,577,999240,12129,7988631,19843600
6890,642,620,998598,12151,7989251,19833200
6891,620,563,997978,12208,7989814,20430700
6892,596,586,997382,12218,7990400,19655400
6893,623,629,996759,12212,7991029,20312400
6894,628,597,996131,12243,7991626,19981100
6895,590,607,995541,12226,7992233,20444900
6896,622,595,994919,12253,7992828,19779800
6897,608,589,994311,12272,7993417,22032600
6898,575,604,993736,12243,7994021,19845100
6899,616,638,993120,12221,7994659,20737000
6900,590,607,992530,12204,7995266,19863600
6901,616,633,991914,12187,7995899,19837800
6902,555,610,991359,12132,7996509,20745700
6903,563,624,990796,12071,7997133,19561700
6904,593,578,990203,12086,7997711,19812400
6905,624,592,989579,12118,7998303,19848100
6906,569,584,989010,12103,7998887,19578200
6907,574,560,988436,12117,7999447,19868500
6908,560,606,987876,12071,8000053,19610500
6909,585,589,987291,12067,8000642,20474200
6910,572,631,986719,12008,8001273,21324300
6911,579,611,986140,11976,8001884,19426500
6912,610,596,985530,11990,8002480,19422400
6913,559,599,984971,11950,8003079,19431100
6914,620,656,984351,11914,8003735,20602900
6915,574,610,983777,11878,8004345,19631800
6916,559,579,983218,11858,8004924,19616700
6917,594,614,982624,11838,8005538,19432200
6918,601,608,982023,11831,8006146,20532000
6919,567,601,981456,11797,8006747,19851200
6920,569,599,980887,11767,8007346,20892300
6921,562,601,980325,11728,8007947,20270000
6922,590,558,979735,11760,8008505,19573000
6923,611,603,979124,11768,8009108,19434800
6924,573,575,978551,11766,8009683,19951900
6925,566,584,977985,11748,8010267,19849200
6926,579,588,977406,11739,8010855,19489700
6927,588,602,976818,11725,8011457,19597100
6928,631,586,976187,11770,8012043,20014000
6929,584,615,975603,11739,8012658,20935400
6930,553,575,975050,11717,8013233,19638500
6931,597,610,974453,11704,8013843,19400200
6932,582,601,973871,11685,8014444,19636000
6933,577,603,973294,11659,8015047,20449400
6934,605,605,972689,11659,8015652,19719000
6935,582,564,972107,11677,8016216,19509600
6936,565,547,971542,11695,8016763,19430900
6937,576,616,970966,11655,8017379,19942000
6938,602,566,970364,11691,8017945,19713900
6939,618,550,969746,11759,8018495,19862900
6940,594,583,969152,11770,8019078,19650700
6941,614,541,968538,11843,8019619,20033300
6942,605,609,967933,11839,8020228,19340800
6943,598,599,967335,11838,8020827,19636000
6944,583,607,966752,11814,8021434,20031400
6945,601,571,966151,11844,8022005,20038800
6946,609,590,965542,11863,8022595,20520800
6947,581,589,964961,11855,8023184,19596800
6948,586,543,964375,11898,8023727,20184400
6949,598,620,963777,11876,8024347,20802600
6950,563,596,963214,11843,8024943,19756300
6951,609,590,962605,11862,8025533,19928200
6952,605,569,962000,11898,8026102,20088000
6953,577,576,961423,11899,8026678,20043600
6954,589,637,960834,11851,8027315,20119400
6955,640,587,960194,11904,8027902,21158200
6956,588,589,959606,11903,8028491,19669300
6957,604,599,959002,11908,8029090,19747100
6958,581,629,958421,11860,8029719,19674500
6959,610,598,957811,11872,8030317,20748400
6960,584,567,957227,11889,8030884,20373800
6961,565,612,956662,11842,8031496,20067100
6962,585,530,956077,11897,8032026,21088700
6963,601,566,955476,11932,8032592,19515700
6964,646,583,954830,11995,8033175,19504300
6965,600,572,954230,12023,8033747,19777100
6966,573,594,953657,12002,8034341,19534300
6967,627,574,953030,12055,8034915,19620900
6968,581,587,952449,12049,8035502,19507100
6969,617,646,951832,12020,8036148,20825500
6970,583,613,951249,11990,8036761,19500800
6971,623,561,950626,12052,8037322,19784600
6972,606,597,950020,12061,8037919,20158400
6973,609,576,949411,12094,8038495,20306200
6974,587,615,948824,12066,8039110,20402500
6975,594,559,948230,12101,8039669,19704100
6976,593,622,947637,12072,8040291,19589000
6977,627,621,947010,12078,8040912,19889500
6978,612,623,946398,12067,8041535,21744200
6979,591,563,945807,12095,8042098,20239400
6980,603,641,945204,12057,8042739,19654600
6981,592,607,944612,12042,8043346,19823700
6982,604,609,944008,12037,8043955,19493600
6983,575,618,943433,11994,8044573,19770700
6984,547,617,942886,11924,8045190,20954700
6985,562,552,942324,11934,8045742,20402900
6986,625,544,941699,12015,8046286,19419500
6987,592,587,941107,12020,8046873,20001800
6988,599,593,940508,12026,8047466,19594800
6989,552,633,939956,11945,8048099,19703600
6990,605,584,939351,11966,8048683,20488500
6991,573,624,938778,11915,8049307,19946800
6992,591,646,938187,11860,8049953,19785300
6993,604,579,937583,11885,8050532,19613400
6994,565,559,937018,11891,8051091,19578500
6995,605,615,936413,11881,8051706,20059300
6996,599,537,935814,11943,8052243,19949700
6997,614,576,935200,11981,8052819,19637200
6998,548,601,934652,11928,8053420,20132600
6999,588,583,934064,11933,8054003,19826300
7000,575,548,933489,11960,8054551,19614200
7001,583,611,932906,11932,8055162,19756200
7002,592,634,932314,11890,8055796,19957600
7003,609,598,931705,11901,8056394,19616300
7004,604,572,931101,11933,8056966,20242900
7005,564,638,930537,11859,8057604,20014900
7006,588,615,929949,11832,8058219,19817700
7007,595,591,929354,11836,8058810,22070700
7008,564,588,928790,11812,8059398,20026300
7009,555,591,928235,11776,8059989,21004800
7010,582,591,927653,11767,8060580,19556400
7011,596,613,927057,11750,8061193,19668200
7012,566,631,926491,11685,8061824,20225100
7013,587,590,925904,11682,8062414,19780900
7014,588,619,925316,11651,8063033,19867500
7015,559,593,924757,11617,8063626,20644500
7016,578,599,924179,11596,8064225,20102000
7017,530,580,923649,11546,8064805,19545800
7018,593,589,923056,11550,8065394,19385800
7019,568,550,922488,11568,8065944,20664100
7020,622,599,921866,11591,8066543,20313000
7021,568,555,921298,11604,8067098,20367500
7022,561,569,920737,11596,8067667,20232200
7023,583,583,920154,11596,8068250,19957100
7024,571,593,919583,11574,8068843,20501000
7025,620,606,918963,11588,8069449,20149600
7026,631,562,918332,11657,8070011,20172400
7027,584,575,917748,11666,8070586,19622500
7028,598,520,917150,11744,8071106,19519000
7029,549,595,916601,11698,8071701,19781100
7030,572,589,916029,11681,8072290,19400900
7031,604,576,915425,11709,8072866,19691700
7032,598,584,914827,11723,8073450,19450100
7033,537,609,914290,11651,8074059,19358900
7034,575,555,913715,11671,8074614,19666900
7035,575,581,913140,11665,8075195,20194000
7036,584,567,912556,11682,8075762,20114200
7037,577,553,911979,11706,8076315,20156600
7038,581,569,911398,11718,8076884,19959400
7039,618,605,910780,11731,8077489,19700400
7040,577,520,910203,11788,8078009,19751500
7041,587,612,909616,11763,8078621,19734900
7042,586,587,909030,11762,8079208,19909700
7043,611,585,908419,11788,8079793,19754800
7044,590,569,907829,11809,8080362,19744500
7045,564,586,907265,11787,8080948,19746300
7046,561,563,906704,11785,8081511,20078600
7047,586,597,906118,11774,8082108,19388100
7048,565,578,905553,11761,8082686,19919200
7049,596,583,904957,11774,8083269,20475100
7050,577,562,904380,11789,8083831,20293000
7051,597,615,903783,11771,8084446,19614600
7052,595,570,903188,11796,8085016,21046100
7053,599,571,902589,11824,8085587,19753900
7054,566,611,902023,11779,8086198,20327900
7055,556,602,901467,11733,8086800,19761200
7056,580,547,900887,11766,8087347,20632300
7057,598,584,900289,11780,8087931,20140500
7058,599,617,899690,11762,8088548,19723500
7059,586,586,899104,11762,8089134,20676400
7060,598,596,898506,11764,8089730,19449800
7061,586,591,897920,11759,8090321,19418500
7062,589,600,897331,11748,8090921,19620300
7063,587,591,896744,11744,8091512,19464100
7064,603,573,896141,11774,8092085,20729500
7065,575,612,895566,11737,8092697,19636000
7066,531,569,895035,11699,8093266,19808900
7067,546,592,894489,11653,8093858,19470200
7068,585,604,893904,11634,8094462,19771000
7069,560,578,893344,11616,8095040,20170300
7070,572,603,892772,11585,8095643,19518400
7071,540,567,892232,11558,8096210,19819800
7072,575,563,891657,11570,8096773,19927500
7073,598,595,891059,11573,8097368,19705500
7074,602,590,890457,11585,8097958,19603800
7075,586,567,889871,11604,8098525,19841600
7076,603,560,889268,11647,8099085,19931200
7077,604,612,888664,11639,8099697,19920100
7078,571,547,888093,11663,8100244,21403800
7079,612,580,887481,11695,8100824,20602600
7080,594,617,886887,11672,8101441,20309700
7081,614,567,886273,11719,8102008,19712500
7082,598,593,885675,11724,8102601,20101300
7083,574,559,885101,11739,8103160,19719800
7084,568,625,884533,11682,8103785,20221500
7085,569,554,883964,11697,8104339,20279200
7086,542,630,883422,11609,8104969,20115800
7087,568,580,882854,11597,8105549,19893800
7088,600,594,882254,11603,8106143,19919300
7089,583,607,881671,11579,8106750,20112700
7090,551,555,881120,11575,8107305,20595300
7091,555,603,880565,11527,8107908,19735100
7092,623,550,879942,11600,8108458,20491200
7093,573,580,879369,11593,8109038,20102000
7094,518,611,878851,11500,8109649,20183400
7095,591,552,878260,11539,8110201,19637400
7096,557,564,877703,11532,8110765,20045700
7097,575,549,877128,11558,8111314,20102000
7098,534,553,876594,11539,8111867,19532100
7099,549,578,876045,11510,8112445,20134500
7100,568,543,875477,11535,8112988,19682400
7101,520,562,874957,11493,8113550,20141400
7102,536,576,874421,11453,8114126,20380300
7103,549,544,873872,11458,8114670,19934300
7104,546,615,873326,11389,8115285,19934700
7105,550,558,872776,11381,8115843,20833900
7106,560,562,872216,11379,8116405,20095900
7107,549,598,871667,11330,8117003,20546000
7108,538,608,871129,11260,8117611,21993500
7109,556,552,870573,11264,8118163,19777100
7110,553,563,870020,11254,8118726,19684300
7111,559,533,869461,11280,8119259,20111000
7112,549,566,868912,11263,8119825,19717100
7113,555,545,868357,11273,8120370,19534000
7114,562,569,867795,11266,8120939,19632200
7115,593,563,867202,11296,8121502,19775500
7116,574,575,866628,11295,8122077,19694700
7117,542,549,866086,11288,8122626,19627800
7118,550,591,865536,11247,8123217,19717500
7119,523,597,865013,11173,8123814,19622300
7120,564,558,864449,11179,8124372,19706800
7121,529,579,863920,11129,8124951,19871900
7122,472,574,863448,11027,8125525,19833000
7123,578,534,862870,11071,8126059,19776000
7124,560,546,862310,11085,8126605,19843500
7125,560,561,861750,11084,8127166,20007400
7126,538,576,861212,11046,8127742,20131800
7127,521,565,860691,11002,8128307,19664100
7128,579,537,860112,11044,8128844,19569700
7129,503,583,859609,10964,8129427,19741500
7130,533,516,859076,10981,8129943,19593600
7131,547,555,858529,10973,8130498,19722000
7132,501,631,858028,10843,8131129,19766000
7133,573,551,857455,10865,8131680,19576000
7134,522,561,856933,10826,8132241,20194400
7135,516,515,856417,10827,8132756,19724500
7136,578,523,855839,10882,8133279,20312500
7137,534,534,855305,10882,8133813,19799300
7138,560,530,854745,10912,8134343,20120200
7139,546,545,854199,10913,8134888,19619600
7140,592,587,853607,10918,8135475,19839700
7141,569,571,853038,10916,8136046,20071800
7142,578,538,852460,10956,8136584,19957800
7143,576,538,851884,10994,8137122,20153100
7144,567,560,851317,11001,8137682,20696900
7145,582,550,850735,11033,8138232,20233300
7146,577,584,850158,11026,8138816,21237500
7147,568,550,849590,11044,8139366,21136800
7148,550,517,849040,11077,8139883,21506900
7149,578,567,848462,11088,8140450,21051700
7150,567,514,847895,11141,8140964,20940200
7151,555,545,847340,11151,8141509,20694100
7152,516,540,846824,11127,8142049,20558600
7153,562,572,846262,11117,8142621,20170000
7154,542,515,845720,11144,8143136,20778300
7155,546,532,845174,11158,8143668,21062800
7156,522,519,844652,11161,8144187,20706200
7157,553,595,844099,11119,8144782,22478100
7158,528,591,843571,11056,8145373,21910500
7159,539,603,843032,10992,8145976,21894700
7160,538,578,842494,10952,8146554,20828400
7161,569,523,841925,10998,8147077,21926200
7162,551,555,841374,10994,8147632,20300300
7163,539,534,840835,10999,8148166,19936800
7164,549,564,840286,10984,8148730,20026400
7165,503,538,839783,10949,8149268,20083800
7166,508,525,839275,10932,8149793,20456000
7167,559,507,838716,10984,8150300,20363900
7168,551,551,838165,10984,8150851,20273800
7169,543,561,837622,10966,8151412,20754300
7170,548,565,837074,10949,8151977,22483600
7171,540,549,836534,10940,8152526,21075300
7172,545,556,835989,10929,8153082,20482000
7173,541,548,835448,10922,8153630,20378500
7174,513,559,834935,10876,8154189,21818300
7175,552,509,834383,10919,8154698,21381200
7176,573,590,833810,10902,8155288,20788800
7177,554,534,833256,10922,8155822,20967400
7178,556,544,832700,10934,8156366,20477700
7179,578,557,832122,10955,8156923,20391800
7180,551,515,831571,10991,8157438,20549700
7181,570,565,831001,10996,8158003,20174500
7182,541,574,830460,10963,8158577,20149300
7183,541,588,829919,10916,8159165,21544400
7184,585,562,829334,10939,8159727,21093300
7185,590,578,828744,10951,8160305,21647800
7186,563,547,828181,10967,8160852,20792800
7187,538,517,827643,10988,8161369,21172000
7188,555,592,827088,10951,8161961,20345000
7189,549,520,826539,10980,8162481,20510000
7190,551,533,825988,10998,8163014,20331800
7191,562,540,825426,11020,8163554,20255500
7192,559,516,824867,11063,8164070,20029600
7193,581,581,824286,11063,8164651,20002200
7194,552,555,823734,11060,8165206,20872700
7195,527,565,823207,11022,8165771,20716600
7196,534,557,822673,10999,8166328,20072300
7197,524,553,822149,10970,8166881,21081200
7198,541,579,821608,10932,8167460,20452800
7199,551,575,821057,10908,8168035,20292400
7200,545,553,820512,10900,8168588,21283500
7201,529,553,819983,10876,8169141,20694400
7202,542,567,819441,10851,8169708,20512900
7203,518,570,818923,10799,8170278,20462600
7204,550,546,818373,10803,8170824,21528300
7205,547,565,817826,10785,8171389,21060800
7206,531,535,817295,10781,8171924,21318100
7207,514,546,816781,10749,8172470,20628500
7208,525,507,816256,10767,8172977,20322400
7209,535,562,815721,10740,8173539,20701200
7210,543,527,815178,10756,8174066,19778200
7211,471,488,814707,10739,8174554,19857800
7212,537,570,814170,10706,8175124,19849000
7213,576,545,813594,10737,8175669,19832700
7214,543,558,813051,10722,8176227,19560800
7215,507,541,812544,10688,8176768,19397900
7216,534,541,812010,10681,8177309,19599500
7217,499,561,811511,10619,8177870,19650800
7218,500,554,811011,10565,8178424,19368700
7219,525,506,810486,10584,8178930,19531600
7220,510,506,809976,10588,8179436,19503900
7221,497,498,809479,10587,8179934,19592500
7222,500,542,808979,10545,8180476,19626200
7223,492,523,808487,10514,8180999,20060200
7224,547,510,807940,10551,8181509,19978000
7225,475,544,807465,10482,8182053,19754200
7226,454,501,807011,10435,8182554,19685600
7227,505,523,806506,10417,8183077,19122400
7228,495,519,806011,10393,8183596,19286600
7229,467,520,805544,10340,8184116,19577000
7230,505,476,805039,10369,8184592,19663700
7231,494,518,804545,10345,8185110,19368900
7232,497,522,804048,10320,8185632,19528100
7233,483,513,803565,10290,8186145,19779400
7234,484,476,803081,10298,8186621,20087500
7235,489,507,802592,10280,8187128,19871400
7236,526,552,802066,10254,8187680,19647600
7237,496,508,801570,10242,8188188,19618700
7238,504,479,801066,10267,8188667,19871700
7239,477,524,800589,10220,8189191,19541300
7240,498,547,800091,10171,8189738,19703200
7241,499,490,799592,10180,8190228,19530100
7242,508,527,799084,10161,8190755,19802500
7243,476,530,798608,10107,8191285,20186700
7244,495,522,798113,10080,8191807,19768000
7245,486,521,797627,10045,8192328,20360300
7246,477,470,797150,10052,8192798,19536400
7247,483,516,796667,10019,8193314,19633800
7248,497,492,796170,10024,8193806,19555000
7249,505,469,795665,10060,8194275,19458400
7250,544,495,795121,10109,8194770,19932200
7251,478,514,794643,10073,8195284,19568900
7252,489,537,794154,10025,8195821,19838100
7253,481,538,793673,9968,8196359,19545300
7254,501,482,793172,9987,8196841,19770400
7255,498,531,792674,9954,8197372,20177200
7256,480,486,792194,9948,8197858,21474900
7257,493,489,791701,9952,8198347,21826500
7258,453,521,791248,9884,8198868,20783600
7259,501,485,790747,9900,8199353,23547100
7260,444,490,790303,9854,8199843,23561500
7261,434,495,789869,9793,8200338,20769700
7262,473,526,789396,9740,8200864,19693500
7263,493,511,788903,9722,8201375,22650900
7264,502,471,788401,9753,8201846,22975000
7265,517,478,787884,9792,8202324,22776800
7266,456,490,787428,9758,8202814,22246400
7267,462,462,786966,9758,8203276,21995100
7268,488,478,786478,9768,8203754,21965700
7269,473,484,786005,9757,8204238,26204500
7270,505,474,785500,9788,8204712,22936900
7271,428,462,785072,9754,8205174,21286300
7272,448,509,784624,9693,8205683,20779500
7273,484,497,784140,9680,8206180,23783400
7274,471,485,783669,9666,8206665,21898400
7275,464,475,783205,9655,8207140,20999100
7276,472,502,782733,9625,8207642,20068500
7277,483,501,782250,9607,8208143,20567300
7278,473,464,781777,9616,8208607,20223800
7279,461,520,781316,9557,8209127,19742800
7280,525,485,780791,9597,8209612,19518700
7281,465,510,780326,9552,8210122,19851200
7282,494,499,779832,9547,8210621,19689100
7283,502,479,779330,9570,8211100,19310600
7284,459,489,778871,9540,8211589,19752400
7285,467,475,778404,9532,8212064,19385700
7286,439,469,777965,9502,8212533,19661300
7287,473,496,777492,9479,8213029,19422900
7288,466,474,777026,9471,8213503,20139500
7289,471,468,776555,9474,8213971,19503900
7290,452,479,776103,9447,8214450,19819200
7291,454,499,775649,9402,8214949,20167500
7292,490,463,775159,9429,8215412,19763500
7293,508,451,774651,9486,8215863,19504700
7294,437,475,774214,9448,8216338,19398800
7295,476,487,773738,9437,8216825,19796700
7296,458,428,773280,9467,8217253,19409300
7297,469,514,772811,9422,8217767,19345900
7298,514,501,772297,9435,8218268,19805400
7299,529,453,771768,9511,8218721,19557100
7300,476,482,771292,9505,8219203,19373600
7301,479,475,770813,9509,8219678,19816200
7302,519,498,770294,9530,8220176,19440300
7303,511,490,769783,9551,8220666,19939100
7304,470,504,769313,9517,8221170,19445500
7305,480,495,768833,9502,8221665,19455500
7306,493,466,768340,9529,8222131,19784100
7307,483,471,767857,9541,8222602,19475000
7308,463,493,767394,9511,8223095,19341800
7309,482,473,766912,9520,8223568,20026700
7310,488,484,766424,9524,8224052,19334500
7311,491,479,765933,9536,8224531,19391000
7312,479,481,765454,9534,8225012,19865800
7313,465,474,764989,9525,8225486,19661100
7314,473,450,764516,9548,8225936,19552200
7315,455,463,764061,9540,8226399,19504800
7316,499,473,763562,9566,8226872,19662500
7317,463,464,763099,9565,8227336,19950200
7318,473,490,762626,9548,8227826,19758600
7319,472,474,762154,9546,8228300,19614500
7320,459,508,761695,9497,8228808,19915000
7321,489,483,761206,9503,8229291,19536500
7322,476,472,760730,9507,8229763,20117400
7323,493,474,760237,9526,8230237,19784200
7324,491,463,759746,9554,8230700,19499900
7325,476,510,759270,9520,8231210,20230200
7326,484,481,758786,9523,8231691,19546500
7327,469,485,758317,9507,8232176,19360000
7328,478,473,757839,9512,8232649,19356800
7329,478,456,757361,9534,8233105,19859400
7330,476,475,756885,9535,8233580,19820500
7331,491,469,756394,9557,8234049,19455500
7332,477,489,755917,9545,8234538,20175100
7333,486,465,755431,9566,8235003,19917100
7334,472,450,754959,9588,8235453,19624100
7335,519,462,754440,9645,8235915,19571800
7336,462,486,753978,9621,8236401,19600900
7337,454,482,753524,9593,8236883,20140400
7338,503,477,753021,9619,8237360,19684000
7339,462,500,752559,9581,8237860,19697900
7340,457,458,752102,9580,8238318,19703600
7341,448,507,751654,9521,8238825,19481000
7342,494,532,751160,9483,8239357,20629300
7343,467,469,750693,9481,8239826,19911200
7344,492,484,750201,9489,8240310,19305600
7345,481,441,749720,9529,8240751,19349100
7346,483,498,749237,9514,8241249,19466800
7347,462,506,748775,9470,8241755,19488400
7348,446,481,748329,9435,8242236,19481500
7349,441,457,747888,9419,8242693,20151800
7350,463,488,747425,9394,8243181,19729400
7351,460,443,746965,9411,8243624,19549300
7352,446,475,746519,9382,8244099,19815500
7353,490,475,746029,9397,8244574,19457500
7354,452,450,745577,9399,8245024,19677400
7355,477,450,745100,9426,8245474,19630300
7356,479,487,744621,9418,8245961,19367400
7357,459,411,744162,9466,8246372,19368600
7358,479,484,743683,9461,8246856,19334700
7359,497,467,743186,9491,8247323,19622200
7360,490,452,742696,9529,8247775,19413900
7361,488,465,742208,9552,8248240,19175700
7362,453,455,741755,9550,8248695,19526200
7363,484,516,741271,9518,8249211,19515200
7364,467,475,740804,9510,8249686,19483500
7365,438,449,740366,9499,8250135,19693500
7366,425,471,739941,9453,8250606,19956000
7367,417,446,739524,9424,8251052,19618400
7368,433,470,739091,9387,8251522,19612400
7369,424,488,738667,9323,8252010,19354500
7370,446,488,738221,9281,8252498,19458200
7371,422,484,737799,9219,8252982,19645700
7372,425,468,737374,9176,8253450,19911100
7373,435,472,736939,9139,8253922,19482700
7374,448,437,736491,9150,8254359,19589700
7375,409,437,736082,9122,8254796,19444900
7376,405,498,735677,9029,8255294,19576000
7377,410,472,735267,8967,8255766,19376200
7378,411,453,734856,8925,8256219,19558500
7379,428,422,734428,8931,8256641,19479000
7380,464,463,733964,8932,8257104,19693100
7381,408,452,733556,8888,8257556,19803700
7382,424,435,733132,8877,8257991,19360300
7383,380,466,732752,8791,8258457,19463400
7384,404,421,732348,8774,8258878,19819100
7385,430,434,731918,8770,8259312,19785000
7386,377,425,731541,8722,8259737,19711800
7387,364,464,731177,8622,8260201,19925900
7388,419,424,730758,8617,8260625,20196600
7389,453,446,730305,8624,8261071,19720500
7390,434,477,729871,8581,8261548,19470900
7391,400,421,729471,8560,8261969,19291000
7392,402,432,729069,8530,8262401,19771700
7393,390,430,728679,8490,8262831,19725800
7394,397,429,728282,8458,8263260,19301300
7395,420,418,727862,8460,8263678,19950500
7396,419,421,727443,8458,8264099,19908300
7397,418,401,727025,8475,8264500,19882100
7398,372,403,726653,8444,8264903,19495500
7399,422,466,726231,8400,8265369,19622300
7400,400,388,725831,8412,8265757,19675200
7401,407,420,725424,8399,8266177,19284900
7402,388,448,725036,8339,8266625,19932400
7403,392,416,724644,8315,8267041,19797300
7404,414,450,724230,8279,8267491,20150600
7405,391,419,723839,8251,8267910,19726600
7406,423,411,723416,8263,8268321,19902400
7407,430,436,722986,8257,8268757,20098300
7408,398,416,722588,8239,8269173,19457700
7409,407,417,722181,8229,8269590,19568500
7410,398,407,721783,8220,8269997,19358900
7411,405,453,721378,8172,8270450,19341800
7412,419,440,720959,8151,8270890,19148600
7413,473,415,720486,8209,8271305,19587000
7414,392,433,720094,8168,8271738,19569200
7415,412,403,719682,8177,8272141,19637500
7416,392,430,719290,8139,8272571,19456200
7417,402,404,718888,8137,8272975,19641200
7418,427,395,718461,8169,8273370,19519300
7419,431,415,718030,8185,8273785,19283000
7420,429,356,717601,8258,8274141,19509900
7421,401,395,717200,8264,8274536,19551500
7422,431,432,716769,8263,8274968,19553800
7423,397,408,716372,8252,8275376,19694100
7424,406,421,715966,8237,8275797,19755100
7425,428,419,715538,8246,8276216,19782800
7426,404,399,715134,8251,8276615,19973700
7427,423,402,714711,8272,8277017,19342500
7428,408,402,714303,8278,8277419,19289900
7429,380,438,713923,8220,8277857,19418200
7430,426,438,713497,8208,8278295,19540200
7431,421,418,713076,8211,8278713,19375700
7432,430,431,712646,8210,8279144,19658800
7433,419,376,712227,8253,8279520,19341600
7434,395,394,711832,8254,8279914,19516500
7435,428,422,711404,8260,8280336,19709300
7436,444,398,710960,8306,8280734,19337200
7437,458,387,710502,8377,8281121,19897800
7438,458,453,710044,8382,8281574,19452000
7439,429,436,709615,8375,8282010,19581300
7440,461,405,709154,8431,8282415,19426200
7441,441,386,708713,8486,8282801,19781000
7442,431,415,708282,8502,8283216,19164000
7443,410,459,707872,8453,8283675,19477100
7444,467,408,707405,8512,8284083,19763900
7445,432,401,706973,8543,8284484,19477900
7446,418,442,706555,8519,8284926,19884500
7447,449,416,706106,8552,8285342,19998500
7448,461,438,705645,8575,8285780,19417800
7449,429,430,705216,8574,8286210,19411500
7450,442,450,704774,8566,8286660,19515200
7451,401,412,704373,8555,8287072,19461600
7452,443,441,703930,8557,8287513,19422700
7453,417,452,703513,8522,8287965,19448500
7454,410,439,703103,8493,8288404,20540000
7455,400,389,702703,8504,8288793,19450300
7456,444,435,702259,8513,8289228,19424600
7457,393,408,701866,8498,8289636,19605900
7458,405,439,701461,8464,8290075,19560300
7459,428,394,701033,8498,8290469,19312000
7460,404,477,700629,8425,8290946,19674000
7461,419,393,700210,8451,8291339,19988300
7462,420,440,699790,8431,8291779,19210800
7463,407,440,699383,8398,8292219,19925100
7464,425,417,698958,8406,8292636,19640100
7465,410,430,698548,8386,8293066,19632000
7466,403,413,698145,8376,8293479,19775700
7467,427,417,697718,8386,8293896,19328400
7468,443,434,697275,8395,8294330,19523600
7469,408,429,696867,8374,8294759,19286700
7470,383,464,696484,8293,8295223,19575000
7471,421,457,696063,8257,8295680,19902200
7472,400,408,695663,8249,8296088,19645900
7473,407,438,695256,8218,8296526,19250500
7474,434,403,694822,8249,8296929,19638200
7475,408,403,694414,8254,8297332,20071800
7476,380,424,694034,8210,8297756,19852500
7477,419,409,693615,8220,8298165,19934800
7478,443,395,693172,8268,8298560,19715700
7479,441,400,692731,8309,8298960,19611900
7480,471,372,692260,8408,8299332,19273200
7481,408,412,691852,8404,8299744,19588500
7482,419,412,691433,8411,8300156,19316300
7483,454,399,690979,8466,8300555,19272200
7484,457,410,690522,8513,8300965,19911800
7485,451,404,690071,8560,8301369,19503800
7486,429,442,689642,8547,8301811,19330300
7487,396,439,689246,8504,8302250,19520300
7488,436,453,688810,8487,8302703,19582500
7489,415,432,688395,8470,8303135,19429300
7490,436,388,687959,8518,8303523,19378800
7491,426,459,687533,8485,8303982,19328700
7492,403,442,687130,8446,8304424,19517400
7493,442,433,686688,8455,8304857,19729800
7494,430,421,686258,8464,8305278,19536000
7495,451,432,685807,8483,8305710,19539200
7496,423,414,685384,8492,8306124,19491900
7497,470,427,684914,8535,8306551,21704200
7498,425,423,684489,8537,8306974,19538200
7499,425,390,684064,8572,8307364,19174800
7500,386,368,683678,8590,8307732,19412200
7501,455,411,683223,8634,8308143,19512600
7502,447,442,682776,8639,8308585,19698500
7503,406,402,682370,8643,8308987,20036800
7504,423,407,681947,8659,8309394,19348200
7505,431,443,681516,8647,8309837,19677600
7506,426,420,681090,8653,8310257,19451600
7507,427,400,680663,8680,8310657,19269600
7508,431,423,680232,8688,8311080,19393400
7509,433,451,679799,8670,8311531,20689000
7510,455,405,679344,8720,8311936,19440200
7511,422,464,678922,8678,8312400,19841100
7512,408,425,678514,8661,8312825,19605200
7513,422,422,678092,8661,8313247,19136400
7514,411,436,677681,8636,8313683,19371000
7515,432,417,677249,8651,8314100,19430200
7516,424,452,676825,8623,8314552,19794000
7517,407,433,676418,8597,8314985,19928400
7518,388,438,676030,8547,8315423,19281000
7519,392,430,675638,8509,8315853,19754300
7520,419,404,675219,8524,8316257,19333600
7521,411,449,674808,8486,8316706,20058300
7522,420,429,674388,8477,8317135,19516700
7523,399,389,673989,8487,8317524,19847600
7524,406,446,673583,8447,8317970,19921700
7525,372,432,673211,8387,8318402,19963500
7526,432,399,672779,8420,8318801,20340800
7527,401,429,672378,8392,8319230,20493500
7528,369,423,672009,8338,8319653,19926700
7529,394,421,671615,8311,8320074,21215000
7530,398,439,671217,8270,8320513,19920900
7531,412,422,670805,8260,8320935,19723500
7532,412,419,670393,8253,8321354,19864700
7533,390,385,670003,8258,8321739,20264300
7534,390,423,669613,8225,8322162,19611700
7535,384,417,669229,8192,8322579,19810900
7536,399,402,668830,8189,8322981,19667300
7537,412,417,668418,8184,8323398,19507900
7538,396,409,668022,8171,8323807,19084700
7539,390,390,667632,8171,8324197,19472000
7540,385,397,667247,8159,8324594,19150600
7541,423,413,666824,8169,8325007,19336300
7542,422,367,666402,8224,8325374,19303000
7543,399,384,666003,8239,8325758,20077600
7544,421,412,665582,8248,8326170,19451600
7545,399,401,665183,8246,8326571,19467800
7546,375,439,664808,8182,8327010,19444700
7547,405,402,664403,8185,8327412,19823900
7548,411,452,663992,8144,8327864,19353800
7549,368,391,663624,8121,8328255,19547500
7550,393,411,663231,8103,8328666,19581600
7551,386,426,662845,8063,8329092,19541100
7552,402,409,662443,8056,8329501,19644200
7553,378,374,662065,8060,8329875,19503800
7554,412,403,661653,8069,8330278,19764000
7555,386,403,661267,8052,8330681,19860200
7556,388,380,660879,8060,8331061,19457200
7557,397,428,660482,8029,8331489,19522800
7558,397,386,660085,8040,8331875,19216700
7559,393,428,659692,8005,8332303,19425200
7560,392,411,659300,7986,8332714,19738200
7561,389,396,658911,7979,8333110,20165200
7562,368,421,658543,7926,8333531,19660900
7563,382,399,658161,7909,8333930,20428500
7564,382,394,657779,7897,8334324,19132200
7565,390,401,657389,7886,8334725,19200900
7566,369,392,657020,7863,8335117,19301900
7567,387,393,656633,7857,8335510,19145400
7568,390,382,656243,7865,8335892,19622600
7569,391,404,655852,7852,8336296,19322500
7570,379,385,655473,7846,8336681,19577300
7571,348,386,655125,7808,8337067,19309800
7572,374,386,654751,7796,8337453,19448900
7573,396,408,654355,7784,8337861,19652300
7574,378,383,653977,7779,8338244,19925300
7575,403,364,653574,7818,8338608,19867600
7576,388,397,653186,7809,8339005,19176900
7577,385,394,652801,7800,8339399,19980300
7578,398,382,652403,7816,8339781,19344700
7579,357,398,652046,7775,8340179,19745100
7580,391,384,651655,7782,8340563,19738600
7581,412,393,651243,7801,8340956,19101900
7582,360,384,650883,7777,8341340,19286900
7583,361,377,650522,7761,8341717,19478800
7584,400,412,650122,7749,8342129,19450700
7585,391,419,649731,7721,8342548,19190600
7586,409,387,649322,7743,8342935,20004600
7587,371,377,648951,7737,8343312,19453400
7588,387,371,648564,7753,8343683,19242600
7589,378,396,648186,7735,8344079,19851000
7590,399,430,647787,7704,8344509,19695700
7591,408,383,647379,7729,8344892,19470200
7592,442,378,646937,7793,8345270,19947200
7593,441,375,646496,7859,8345645,19902100
7594,407,369,646089,7897,8346014,20276000
7595,432,408,645657,7921,8346422,19629200
7596,422,412,645235,7931,8346834,19912500
7597,397,357,644838,7971,8347191,20058000
7598,415,435,644423,7951,8347626,20328800
7599,403,413,644020,7941,8348039,19498600
7600,422,388,643598,7975,8348427,20656200
7601,425,432,643173,7968,8348859,20211800
7602,428,391,642745,8005,8349250,19760900
7603,447,404,642298,8048,8349654,19235800
7604,411,404,641887,8055,8350058,19475500
7605,388,416,641499,8027,8350474,20226200
7606,396,457,641103,7966,8350931,19803600
7607,381,421,640722,7926,8351352,19413900
7608,428,364,640294,7990,8351716,19326900
7609,382,395,639912,7977,8352111,19716200
7610,382,406,639530,7953,8352517,20734800
7611,398,421,639132,7930,8352938,19753900
7612,403,404,638729,7929,8353342,19323000
7613,403,366,638326,7966,8353708,19517200
7614,388,397,637938,7957,8354105,19263200
7615,353,395,637585,7915,8354500,19354500
7616,386,365,637199,7936,8354865,19242800
7617,401,371,636798,7966,8355236,19868000
7618,419,400,636379,7985,8355636,19454400
7619,390,389,635989,7986,8356025,19264400
7620,440,400,635549,8026,8356425,19236100
7621,395,420,635154,8001,8356845,19585300
7622,405,390,634749,8016,8357235,19214000
7623,389,399,634360,8006,8357634,19106900
7624,373,370,633987,8009,8358004,19485200
7625,371,422,633616,7958,8358426,19316200
7626,373,388,633243,7943,8358814,19375800
7627,406,385,632837,7964,8359199,19185300
7628,419,429,632418,7954,8359628,19551500
7629,385,382,632033,7957,8360010,19445800
7630,399,375,631634,7981,8360385,20150400
7631,392,406,631242,7967,8360791,19746100
7632,397,421,630845,7943,8361212,19073200
7633,380,394,630465,7929,8361606,19144300
7634,378,355,630087,7952,8361961,19630200
7635,348,417,629739,7883,8362378,19393700
7636,381,393,629358,7871,8362771,19288100
7637,396,364,628962,7903,8363135,19377300
7638,387,404,628575,7886,8363539,20230000
7639,411,368,628164,7929,8363907,19314900
7640,405,387,627759,7947,8364294,19512400
7641,400,413,627359,7934,8364707,19748600
7642,369,387,626990,7916,8365094,19668600
7643,397,393,626593,7920,8365487,19323400
7644,386,401,626207,7905,8365888,19360600
7645,362,390,625845,7877,8366278,20001600
7646,382,421,625463,7838,8366699,19650600
7647,383,399,625080,7822,8367098,19218300
7648,370,369,624710,7823,8367467,19366500
7649,370,378,624340,7815,8367845,19985600
7650,389,393,623951,7811,8368238,19352800
7651,336,370,623615,7777,8368608,19655400
7652,388,364,623227,7801,8368972,19389000
7653,360,361,622867,7800,8369333,19449600
7654,373,441,622494,7732,8369774,20019500
7655,396,373,622098,7755,8370147,20062100
7656,374,383,621724,7746,8370530,20380800
7657,357,403,621367,7700,8370933,19471600
7658,361,396,621006,7665,8371329,20333100
7659,391,368,620615,7688,8371697,20137600
7660,359,393,620256,7654,8372090,19557800
7661,377,385,619879,7646,8372475,19814400
7662,402,374,619477,7674,8372849,19977500
7663,386,389,619091,7671,8373238,19593000
7664,365,407,618726,7629,8373645,20205800
7665,384,410,618342,7603,8374055,19728700
7666,389,395,617953,7597,8374450,20061500
7667,359,375,617594,7581,8374825,19561200
7668,398,385,617196,7594,8375210,19328800
7669,377,359,616819,7612,8375569,19667600
7670,411,402,616408,7621,8375971,19223500
7671,383,376,616025,7628,8376347,19541300
7672,406,392,615619,7642,8376739,19351000
7673,362,351,615257,7653,8377090,19242200
7674,369,392,614888,7630,8377482,19302900
7675,420,395,614468,7655,8377877,19563600
7676,375,346,614093,7684,8378223,19715300
7677,394,395,613699,7683,8378618,19279500
7678,403,366,613296,7720,8378984,19172900
7679,381,385,612915,7716,8379369,19569800
7680,395,397,612520,7714,8379766,19399200
7681,372,396,612148,7690,8380162,19531100
7682,404,376,611744,7718,8380538,19637300
7683,411,360,611333,7769,8380898,19857200
7684,358,351,610975,7776,8381249,19539000
7685,379,381,610596,7774,8381630,19836700
7686,361,381,610235,7754,8382011,19040800
7687,356,395,609879,7715,8382406,19273900
7688,374,387,609505,7702,8382793,20073500
7689,351,388,609154,7665,8383181,19284700
7690,378,385,608776,7658,8383566,19305900
7691,375,381,608401,7652,8383947,19437100
7692,332,372,608069,7612,8384319,19398700
7693,355,414,607714,7553,8384733,19440400
7694,339,362,607375,7530,8385095,19051000
7695,382,372,606993,7540,8385467,19236000
7696,354,402,606639,7492,8385869,19424300
7697,374,394,606265,7472,8386263,19485900
7698,364,376,605901,7460,8386639,19199900
7699,349,409,605552,7400,8387048,19394400
7700,359,365,605193,7394,8387413,19210300
7701,313,394,604880,7313,8387807,19389200
7702,365,363,604515,7315,8388170,19697300
7703,333,408,604182,7240,8388578,19694600
7704,355,354,603827,7241,8388932,19429100
7705,343,376,603484,7208,8389308,19477500
7706,321,345,603163,7184,8389653,19831900
7707,358,370,602805,7172,8390023,19257600
7708,357,367,602448,7162,8390390,19382000
7709,368,364,602080,7166,8390754,19252700
7710,348,332,601732,7182,8391086,19154400
7711,362,358,601370,7186,8391444,19239700
7712,342,354,601028,7174,8391798,19554500
7713,343,361,600685,7156,8392159,20091100
7714,374,374,600311,7156,8392533,19627400
7715,375,342,599936,7189,8392875,19405600
7716,356,359,599580,7186,8393234,20089500
7717,351,390,599229,7147,8393624,18998400
7718,380,376,598849,7151,8394000,19309400
7719,382,383,598467,7150,8394383,19919700
7720,381,379,598086,7152,8394762,19546800
7721,388,392,597698,7148,8395154,19677100
7722,370,349,597328,7169,8395503,19817300
7723,374,362,596954,7181,8395865,19739700
7724,366,370,596588,7177,8396235,19831300
7725,361,345,596227,7193,8396580,19541300
7726,363,341,595864,7215,8396921,19510500
7727,332,366,595532,7181,8397287,19576800
7728,324,334,595208,7171,8397621,20168000
7729,327,364,594881,7134,8397985,19878300
7730,339,352,594542,7121,8398337,20630100
7731,344,365,594198,7100,8398702,19425600
7732,352,339,593846,7113,8399041,19340100
7733,377,371,593469,7119,8399412,19838700
7734,363,350,593106,7132,8399762,20003000
7735,386,343,592720,7175,8400105,19342500
7736,332,373,592388,7134,8400478,19380700
7737,343,360,592045,7117,8400838,19519400
7738,382,362,591663,7137,8401200,19545200
7739,378,346,591285,7169,8401546,19196900
7740,361,347,590924,7183,8401893,19312100
7741,355,335,590569,7203,8402228,19748200
7742,403,368,590166,7238,8402596,19143900
7743,401,362,589765,7277,8402958,19567100
7744,375,361,589390,7291,8403319,19224200
7745,373,358,589017,7306,8403677,19278400
7746,372,358,588645,7320,8404035,19204900
7747,379,386,588266,7313,8404421,19284900
7748,362,345,587904,7330,8404766,19200400
7749,359,364,587545,7325,8405130,19289900
7750,396,363,587149,7358,8405493,19204200
7751,352,360,586797,7350,8405853,19279600
7752,348,362,586449,7336,8406215,19737900
7753,389,377,586060,7348,8406592,19263600
7754,376,363,585684,7361,8406955,19216700
7755,396,364,585288,7393,8407319,19446100
7756,354,386,584934,7361,8407705,19144500
7757,358,364,584576,7355,8408069,19359800
7758,366,354,584210,7367,8408423,19441400
7759,350,382,583860,7335,8408805,19175400
7760,344,335,583516,7344,8409140,19247400
7761,360,397,583156,7307,8409537,19299600
7762,381,351,582775,7337,8409888,19183900
7763,372,373,582403,7336,8410261,19546700
7764,332,358,582071,7310,8410619,19834000
7765,355,371,581716,7294,8410990,19430900
7766,351,355,581365,7290,8411345,20718500
7767,346,372,581019,7264,8411717,19569600
7768,364,406,580655,7222,8412123,19212100
7769,357,358,580298,7221,8412481,19759400
7770,340,365,579958,7196,8412846,19229000
7771,330,357,579628,7169,8413203,19216800
7772,350,374,579278,7145,8413577,19159200
7773,354,388,578924,7111,8413965,19290000
7774,363,381,578561,7093,8414346,19512700
7775,352,363,578209,7082,8414709,19193400
7776,346,356,577863,7072,8415065,19202800
7777,327,383,577536,7016,8415448,19370200
7778,373,341,577163,7048,8415789,19366300
7779,346,363,576817,7031,8416152,19304100
7780,329,369,576488,6991,8416521,19272300
7781,374,354,576114,7011,8416875,19718800
7782,356,334,575758,7033,8417209,19855300
7783,339,369,575419,7003,8417578,19435500
7784,372,344,575047,7031,8417922,19758700
7785,366,376,574681,7021,8418298,20178300
7786,397,345,574284,7073,8418643,19798000
7787,375,353,573909,7095,8418996,19710900
7788,339,357,573570,7077,8419353,19413700
7789,341,342,573229,7076,8419695,19532900
7790,351,371,572878,7056,8420066,19625900
7791,332,336,572546,7052,8420402,19744400
7792,322,310,572224,7064,8420712,19683000
7793,332,383,571892,7013,8421095,19927700
7794,364,364,571528,7013,8421459,20693300
7795,335,366,571193,6982,8421825,19453000
7796,340,320,570853,7002,8422145,19687100
7797,362,370,570491,6994,8422515,19248400
7798,320,333,570171,6981,8422848,19452300
7799,338,341,569833,6978,8423189,19216500
7800,296,338,569537,6936,8423527,19173500
7801,355,313,569182,6978,8423840,19235100
7802,348,348,568834,6978,8424188,19407600
7803,339,327,568495,6990,8424515,19572500
7804,381,374,568114,6997,8424889,19162900
7805,329,339,567785,6987,8425228,19469500
7806,347,309,567438,7025,8425537,19636300
7807,356,342,567082,7039,8425879,19474400
7808,336,340,566746,7035,8426219,19246900
7809,374,370,566372,7039,8426589,19176800
7810,322,355,566050,7006,8426944,19296100
7811,348,354,565702,7000,8427298,19243600
7812,334,357,565368,6977,8427655,19421200
7813,353,348,565015,6982,8428003,19248100
7814,322,354,564693,6950,8428357,19871800
7815,339,326,564354,6963,8428683,19588100
7816,336,322,564018,6977,8429005,19459700
7817,361,332,563657,7006,8429337,19469400
7818,314,344,563343,6976,8429681,19452500
7819,357,365,562986,6968,8430046,19278300
7820,370,358,562616,6980,8430404,19009500
7821,338,348,562278,6970,8430752,19398400
7822,334,359,561944,6945,8431111,19340600
7823,351,358,561593,6938,8431469,19216200
7824,336,335,561257,6939,8431804,19288300
7825,349,359,560908,6929,8432163,19317900
7826,330,353,560578,6906,8432516,19515300
7827,356,343,560222,6919,8432859,19335400
7828,350,345,559872,6924,8433204,19142500
7829,342,378,559530,6888,8433582,19663600
7830,357,364,559173,6881,8433946,19392800
7831,359,304,558814,6936,8434250,19704400
7832,349,326,558465,6959,8434576,19491900
7833,311,345,558154,6925,8434921,19762400
7834,356,354,557798,6927,8435275,19368900
7835,345,340,557453,6932,8435615,19387200
7836,311,348,557142,6895,8435963,21617500
7837,337,338,556805,6894,8436301,19873000
7838,339,301,556466,6932,8436602,19511400
7839,341,366,556125,6907,8436968,19255700
7840,375,336,555750,6946,8437304,19168400
7841,354,360,555396,6940,8437664,19464800
7842,363,353,555033,6950,8438017,19467400
7843,376,362,554657,6964,8438379,19453400
7844,302,341,554355,6925,8438720,19766900
7845,350,363,554005,6912,8439083,19849900
7846,315,340,553690,6887,8439423,19484300
7847,326,327,553364,6886,8439750,19161100
7848,356,357,553008,6885,8440107,19626700
7849,367,345,552641,6907,8440452,20085200
7850,344,357,552297,6894,8440809,19355700
7851,339,364,551958,6869,8441173,19933600
7852,342,322,551616,6889,8441495,19605700
7853,360,344,551256,6905,8441839,19774400
7854,351,334,550905,6922,8442173,19274400
7855,342,341,550563,6923,8442514,20175900
7856,326,353,550237,6896,8442867,19787700
7857,349,338,549888,6907,8443205,19846700
7858,347,355,549541,6899,8443560,19308600
7859,358,358,549183,6899,8443918,19622800
7860,348,341,548835,6906,8444259,19954300
7861,386,362,548449,6930,8444621,19260500
7862,332,330,548117,6932,8444951,19349200
7863,361,316,547756,6977,8445267,19200700
7864,363,326,547393,7014,8445593,20068000
7865,328,337,547065,7005,8445930,19407200
7866,353,339,546712,7019,8446269,19499500
7867,334,329,546378,7024,8446598,19378600
7868,299,356,546079,6967,8446954,20395500
7869,315,374,545764,6908,8447328,19401300
7870,311,378,545453,6841,8447706,19171900
7871,332,389,545121,6784,8448095,19316000
7872,339,342,544782,6781,8448437,19518000
7873,326,350,544456,6757,8448787,19376300
7874,335,320,544121,6772,8449107,19362200
7875,333,330,543788,6775,8449437,19785900
7876,339,329,543449,6785,8449766,19438900
7877,312,366,543137,6731,8450132,19519600
7878,302,342,542835,6691,8450474,21299000
7879,316,311,542519,6696,8450785,19615800
7880,318,340,542201,6674,8451125,19252500
7881,370,357,541831,6687,8451482,19130000
7882,327,331,541504,6683,8451813,19116700
7883,349,332,541155,6700,8452145,19440600
7884,312,349,540843,6663,8452494,19198700
7885,306,307,540537,6662,8452801,19057500
7886,351,337,540186,6676,8453138,19203900
7887,297,321,539889,6652,8453459,19595100
7888,304,322,539585,6634,8453781,19691300
7889,337,337,539248,6634,8454118,19190500
7890,315,324,538933,6625,8454442,19169200
7891,295,351,538638,6569,8454793,19562400
7892,328,374,538310,6523,8455167,19614000
7893,304,320,538006,6507,8455487,19383400
7894,314,338,537692,6483,8455825,19526400
7895,317,328,537375,6472,8456153,19152600
7896,311,298,537064,6485,8456451,19205200
7897,308,315,536756,6478,8456766,19375100
7898,295,322,536461,6451,8457088,19225100
7899,303,273,536158,6481,8457361,19088800
7900,325,353,535833,6453,8457714,19455200
7901,316,325,535517,6444,8458039,19278500
7902,330,317,535187,6457,8458356,19550800
7903,326,322,534861,6461,8458678,19696400
7904,338,339,534523,6460,8459017,19437400
7905,332,348,534191,6444,8459365,19066800
7906,353,332,533838,6465,8459697,19278100
7907,328,343,533510,6450,8460040,19729200
7908,358,332,533152,6476,8460372,19484500
7909,327,331,532825,6472,8460703,19099100
7910,333,337,532492,6468,8461040,19183400
7911,310,332,532182,6446,8461372,19227300
7912,295,275,531887,6466,8461647,19263800
7913,346,336,531541,6476,8461983,19681000
7914,300,283,531241,6493,8462266,19703700
7915,326,335,530915,6484,8462601,19427600
7916,338,325,530577,6497,8462926,19776100
7917,311,319,530266,6489,8463245,19751100
7918,280,325,529986,6444,8463570,20476900
7919,316,306,529670,6454,8463876,19529200
7920,295,308,529375,6441,8464184,19480500
7921,313,328,529062,6426,8464512,19568900
7922,285,334,528777,6377,8464846,19262600
7923,309,319,528468,6367,8465165,19444700
7924,273,291,528195,6349,8465456,19498900
7925,303,312,527892,6340,8465768,19363300
7926,323,331,527569,6332,8466099,19656000
7927,298,296,527271,6334,8466395,19151000
7928,295,333,526976,6296,8466728,19252600
7929,297,303,526679,6290,8467031,19232000
7930,314,308,526365,6296,8467339,19069700
7931,309,286,526056,6319,8467625,19221500
7932,319,303,525737,6335,8467928,19703200
7933,294,314,525443,6315,8468242,19102100
7934,316,286,525127,6345,8468528,19079500
7935,300,342,524827,6303,8468870,19163800
7936,315,297,524512,6321,8469167,19475300
7937,294,309,524218,6306,8469476,19223000
7938,324,329,523894,6301,8469805,19145200
7939,336,315,523558,6322,8470120,19588400
7940,273,312,523285,6283,8470432,19682200
7941,337,289,522948,6331,8470721,19621300
7942,309,337,522639,6303,8471058,19118700
7943,293,330,522346,6266,8471388,19511700
7944,313,335,522033,6244,8471723,19188600
7945,316,310,521717,6250,8472033,19306700
7946,326,306,521391,6270,8472339,19285100
7947,285,291,521106,6264,8472630,19211900
7948,304,295,520802,6273,8472925,19245800
7949,314,309,520488,6278,8473234,20150900
7950,324,294,520164,6308,8473528,19581800
7951,292,324,519872,6276,8473852,19142200
7952,310,340,519562,6246,8474192,19278200
7953,322,308,519240,6260,8474500,19138000
7954,307,344,518933,6223,8474844,19678900
7955,306,316,518627,6213,8475160,19146100
7956,326,287,518301,6252,8475447,19667700
7957,313,331,517988,6234,8475778,19243100
7958,287,323,517701,6198,8476101,19221000
7959,330,323,517371,6205,8476424,19544600
7960,314,291,517057,6228,8476715,19197300
7961,311,311,516746,6228,8477026,19222400
7962,317,308,516429,6237,8477334,19150800
7963,295,311,516134,6221,8477645,19375900
7964,299,287,515835,6233,8477932,19162900
7965,318,321,515517,6230,8478253,19463300
7966,314,326,515203,6218,8478579,19085300
7967,306,319,514897,6205,8478898,19097900
7968,295,326,514602,6174,8479224,19200400
7969,312,291,514290,6195,8479515,19983600
7970,323,331,513967,6187,8479846,19506700
7971,318,334,513649,6171,8480180,19148800
7972,314,307,513335,6178,8480487,19278000
7973,297,302,513038,6173,8480789,19364200
7974,290,301,512748,6162,8481090,18906200
7975,295,301,512453,6156,8481391,19141500
7976,297,317,512156,6136,8481708,19257600
7977,293,293,511863,6136,8482001,19745600
7978,335,308,511528,6163,8482309,19286300
7979,292,316,511236,6139,8482625,19459000
7980,279,311,510957,6107,8482936,19722700
7981,305,306,510652,6106,8483242,19995700
7982,298,327,510354,6077,8483569,19820200
7983,293,302,510061,6068,8483871,19769600
7984,287,294,509774,6061,8484165,19352600
7985,289,298,509485,6052,8484463,19734800
7986,300,276,509185,6076,8484739,19424600
7987,278,310,508907,6044,8485049,19442800
7988,302,308,508605,6038,8485357,19427900
7989,272,284,508333,6026,8485641,19511000
7990,305,286,508028,6045,8485927,19589000
7991,301,293,507727,6053,8486220,20158200
7992,317,321,507410,6049,8486541,20524100
7993,305,307,507105,6047,8486848,20131100
7994,304,294,506801,6057,8487142,20358100
7995,306,337,506495,6026,8487479,19510500
7996,311,323,506184,6014,8487802,19276800
7997,273,288,505911,5999,8488090,19765700
7998,297,317,505614,5979,8488407,20258100
7999,288,287,505326,5980,8488694,19897400
8000,309,300,505017,5989,8488994,20316600
8001,318,301,504699,6006,8489295,19266400
8002,299,317,504400,5988,8489612,19396000
8003,266,323,504134,5931,8489935,19413800
8004,281,302,503853,5910,8490237,19606300
8005,287,330,503566,5867,8490567,19744500
8006,290,272,503276,5885,8490839,19050900
8007,279,299,502997,5865,8491138,20107700
8008,282,282,502715,5865,8491420,19381900
8009,296,289,502419,5872,8491709,19507400
8010,298,325,502121,5845,8492034,20115300
8011,269,291,501852,5823,8492325,19418800
8012,311,297,501541,5837,8492622,19592300
8013,291,291,501250,5837,8492913,19142800
8014,291,289,500959,5839,8493202,19346200
8015,291,289,500668,5841,8493491,19579100
8016,263,283,500405,5821,8493774,19334200
8017,284,275,500121,5830,8494049,19386600
8018,297,305,499824,5822,8494354,19580300
8019,308,295,499516,5835,8494649,19593700
8020,290,302,499226,5823,8494951,20087700
8021,358,316,498868,5865,8495267,19914100
8022,315,291,498553,5889,8495558,20389900
8023,272,303,498281,5858,8495861,19596300
8024,295,287,497986,5866,8496148,19559500
8025,293,280,497693,5879,8496428,19470900
8026,310,273,497383,5916,8496701,19525700
8027,298,282,497085,5932,8496983,19821100
8028,303,285,496782,5950,8497268,19849800
8029,270,300,496512,5920,8497568,19349000
8030,306,283,496206,5943,8497851,19360600
8031,297,326,495909,5914,8498177,20117000
8032,298,313,495611,5899,8498490,20054400
8033,352,289,495259,5962,8498779,20721100
8034,334,287,494925,6009,8499066,20211000
8035,298,306,494627,6001,8499372,19282900
8036,285,308,494342,5978,8499680,18983600
8037,333,295,494009,6016,8499975,19286400
8038,310,288,493699,6038,8500263,19066200
8039,332,284,493367,6086,8500547,19415100
8040,305,327,493062,6064,8500874,19283700
8041,311,321,492751,6054,8501195,19183300
8042,297,336,492454,6015,8501531,19377300
8043,302,320,492152,5997,8501851,19454900
8044,290,289,491862,5998,8502140,20937300
8045,298,308,491564,5988,8502448,19716600
8046,278,280,491286,5986,8502728,19431000
8047,273,295,491013,5964,8503023,19951000
8048,299,317,490714,5946,8503340,19400900
8049,293,294,490421,5945,8503634,19236900
8050,277,310,490144,5912,8503944,19480400
8051,275,305,489869,5882,8504249,19562200
8052,266,308,489603,5840,8504557,19165600
8053,273,280,489330,5833,8504837,19952200
8054,286,309,489044,5810,8505146,19487600
8055,270,311,488774,5769,8505457,19560400
8056,282,282,488492,5769,8505739,19414200
8057,262,275,488230,5756,8506014,19453500
8058,292,269,487938,5779,8506283,19281800
8059,280,319,487658,5740,8506602,20001700
8060,257,316,487401,5681,8506918,19149900
8061,285,292,487116,5674,8507210,18980700
8062,254,297,486862,5631,8507507,19120600
8063,255,294,486607,5592,8507801,19089000
8064,277,270,486330,5599,8508071,19207300
8065,285,271,486045,5613,8508342,19158100
8066,289,276,485756,5626,8508618,19355400
8067,266,289,485490,5603,8508907,19081000
8068,269,285,485221,5587,8509192,19322300
8069,286,307,484935,5566,8509499,18989300
8070,292,289,484643,5569,8509788,19468400
8071,280,278,484363,5571,8510066,19530200
8072,299,293,484064,5577,8510359,19451800
8073,298,246,483766,5629,8510605,19001700
8074,281,307,483485,5603,8510912,19367500
8075,299,307,483186,5595,8511219,19518200
8076,277,292,482909,5580,8511511,19084600
8077,267,244,482642,5603,8511755,19430700
8078,255,248,482387,5610,8512003,19195100
8079,295,271,482092,5634,8512274,19229200
8080,284,269,481808,5649,8512543,19421600
8081,277,289,481531,5637,8512832,19080100
8082,299,324,481232,5612,8513156,20296700
8083,281,289,480951,5604,8513445,19458500
8084,292,280,480659,5616,8513725,19010700
8085,295,269,480364,5642,8513994,18950500
8086,245,305,480119,5582,8514299,19613000
8087,281,277,479838,5586,8514576,19370000
8088,271,268,479567,5589,8514844,19113800
8089,289,263,479278,5615,8515107,20017200
8090,292,232,478986,5675,8515339,19296900
8091,275,275,478711,5675,8515614,19589000
8092,259,269,478452,5665,8515883,19167100
8093,272,307,478180,5630,8516190,19137400
8094,276,273,477904,5633,8516463,19842000
8095,295,301,477609,5627,8516764,19464300
8096,274,285,477335,5616,8517049,19629700
8097,245,292,477090,5569,8517341,19460600
8098,276,258,476814,5587,8517599,18652700
8099,276,273,476538,5590,8517872,19020100
8100,290,274,476248,5606,8518146,19471900
8101,288,288,475960,5606,8518434,19608700
8102,276,273,475684,5609,8518707,19145500
8103,296,290,475388,5615,8518997,19197000
8104,281,271,475107,5625,8519268,19082900
8105,261,311,474846,5575,8519579,19173200
8106,276,266,474570,5585,8519845,19269100
8107,281,265,474289,5601,8520110,19771300
8108,286,290,474003,5597,8520400,19514900
8109,233,287,473770,5543,8520687,19332600
8110,276,280,473494,5539,8520967,19168100
8111,257,267,473237,5529,8521234,19592800
8112,257,240,472980,5546,8521474,19830300
8113,252,267,472728,5531,8521741,21028800
8114,260,259,472468,5532,8522000,20233700
8115,256,302,472212,5486,8522302,20078600
8116,270,262,471942,5494,8522564,19913500
8117,296,302,471646,5488,8522866,19581900
8118,247,269,471399,5466,8523135,19781000
8119,265,264,471134,5467,8523399,19462300
8120,294,285,470840,5476,8523684,19542500
8121,259,311,470581,5424,8523995,19459000
8122,242,288,470339,5378,8524283,19331100
8123,253,254,470086,5377,8524537,19632200
8124,263,268,469823,5372,8524805,19056200
8125,259,261,469564,5370,8525066,18914300
8126,272,263,469292,5379,8525329,19075800
8127,232,248,469060,5363,8525577,18868900
8128,254,254,468806,5363,8525831,18834200
8129,271,261,468535,5373,8526092,18914800
8130,253,254,468282,5372,8526346,19994600
8131,233,285,468049,5320,8526631,19293600
8132,268,250,467781,5338,8526881,19317000
8133,296,277,467485,5357,8527158,19064300
8134,263,269,467222,5351,8527427,19312100
8135,271,261,466951,5361,8527688,18960300
8136,264,260,466687,5365,8527948,19710200
8137,254,278,466433,5341,8528226,19108700
8138,249,287,466184,5303,8528513,19435100
8139,245,278,465939,5270,8528791,19151100
8140,252,264,465687,5258,8529055,19362000
8141,277,267,465410,5268,8529322,19578900
8142,235,254,465175,5249,8529576,19217900
8143,260,273,464915,5236,8529849,19196200
8144,267,288,464648,5215,8530137,19398800
8145,234,257,464414,5192,8530394,18986900
8146,250,261,464164,5181,8530655,19459600
8147,266,256,463898,5191,8530911,19855800
8148,257,277,463641,5171,8531188,20457000
8149,247,309,463394,5109,8531497,19259000
8150,264,262,463130,5111,8531759,19252700
8151,241,233,462889,5119,8531992,19672100
8152,262,252,462627,5129,8532244,19116900
8153,265,252,462362,5142,8532496,19089000
8154,246,261,462116,5127,8532757,19830500
8155,255,266,461861,5116,8533023,19022700
8156,238,264,461623,5090,8533287,19189000
8157,259,260,461364,5089,8533547,19160100
8158,280,268,461084,5101,8533815,19466400
8159,265,254,460819,5112,8534069,19549000
8160,282,246,460537,5148,8534315,19164300
8161,257,245,460280,5160,8534560,19198600
8162,258,269,460022,5149,8534829,19387700
8163,278,285,459744,5142,8535114,19461400
8164,235,255,459509,5122,8535369,19977800
8165,238,242,459271,5118,8535611,19179100
8166,235,254,459036,5099,8535865,19459300
8167,240,264,458796,5075,8536129,19538600
8168,234,253,458562,5056,8536382,19329900
8169,230,259,458332,5027,8536641,18986100
8170,262,260,458070,5029,8536901,19465600
8171,283,253,457787,5059,8537154,19279000
8172,247,238,457540,5068,8537392,18922200
8173,241,240,457299,5069,8537632,18858600
8174,271,253,457028,5087,8537885,19168300
8175,245,259,456783,5073,8538144,19140400
8176,241,280,456542,5034,8538424,19299000
8177,253,256,456289,5031,8538680,19165900
8178,250,244,456039,5037,8538924,19675600
8179,263,241,455776,5059,8539165,19194000
8180,301,238,455475,5122,8539403,19007800
8181,244,260,455231,5106,8539663,19844100
8182,263,249,454968,5120,8539912,19206200
8183,260,244,454708,5136,8540156,19611100
8184,254,275,454454,5115,8540431,20733900
8185,244,259,454210,5100,8540690,20288100
8186,268,241,453942,5127,8540931,19340400
8187,255,247,453687,5135,8541178,19430700
8188,244,252,453443,5127,8541430,20012700
8189,260,270,453183,5117,8541700,19050100
8190,228,303,452955,5042,8542003,19109400
8191,260,281,452695,5021,8542284,19613800
8192,239,251,452456,5009,8542535,19398800
8193,245,236,452211,5018,8542771,19015700
8194,240,285,451971,4973,8543056,19084300
8195,248,260,451723,4961,8543316,19548500
8196,238,260,451485,4939,8543576,19875300
8197,215,243,451270,4911,8543819,19029100
8198,219,242,451051,4888,8544061,19312000
8199,230,259,450821,4859,8544320,19564800
8200,219,221,450602,4857,8544541,19813600
8201,229,228,450373,4858,8544769,19025800
8202,247,248,450126,4857,8545017,18944800
8203,217,230,449909,4844,8545247,19107100
8204,251,241,449658,4854,8545488,19050400
8205,227,278,449431,4803,8545766,18829500
8206,255,226,449176,4832,8545992,19298000
8207,247,240,448929,4839,8546232,19107400
8208,220,237,448709,4822,8546469,19138200
8209,234,247,448475,4809,8546716,19138100
8210,258,222,448217,4845,8546938,19029200
8211,241,241,447976,4845,8547179,19136700
8212,252,251,447724,4846,8547430,19254200
8213,236,236,447488,4846,8547666,19297700
8214,257,226,447231,4877,8547892,18990300
8215,267,244,446964,4900,8548136,19247300
8216,232,265,446732,4867,8548401,19157100
8217,235,268,446497,4834,8548669,19365300
8218,251,255,446246,4830,8548924,19080200
8219,228,235,446018,4823,8549159,19255600
8220,233,241,445785,4815,8549400,19229900
8221,246,225,445539,4836,8549625,19066800
8222,253,234,445286,4855,8549859,19095400
8223,262,218,445024,4899,8550077,19446300
8224,255,263,444769,4891,8550340,19253300
8225,250,258,444519,4883,8550598,19682900
8226,240,252,444279,4871,8550850,20116200
8227,257,251,444022,4877,8551101,20018600
8228,217,264,443805,4830,8551365,19131600
8229,245,223,443560,4852,8551588,19243000
8230,249,230,443311,4871,8551818,19363100
8231,254,240,443057,4885,8552058,19034500
8232,245,219,442812,4911,8552277,18770000
8233,235,252,442577,4894,8552529,19249500
8234,286,264,442291,4916,8552793,19105100
8235,266,251,442025,4931,8553044,19024700
8236,216,231,441809,4916,8553275,19160000
8237,264,254,441545,4926,8553529,19266700
8238,248,227,441297,4947,8553756,19085100
8239,247,224,441050,4970,8553980,19158400
8240,261,232,440789,4999,8554212,19281200
8241,245,261,440544,4983,8554473,19061800
8242,247,223,440297,5007,8554696,19838900
8243,243,258,440054,4992,8554954,19422400
8244,273,223,439781,5042,8555177,19258000
8245,260,237,439521,5065,8555414,19431200
8246,265,258,439256,5072,8555672,19667300
8247,254,265,439002,5061,8555937,19764400
8248,280,241,438722,5100,8556178,19351800
8249,264,252,438458,5112,8556430,19182100
8250,257,237,438201,5132,8556667,19875300
8251,227,270,437974,5089,8556937,19658800
8252,243,267,437731,5065,8557204,19751100
8253,282,267,437449,5080,8557471,19746800
8254,243,236,437206,5087,8557707,19550600
8255,266,237,436940,5116,8557944,18995700
8256,281,243,436659,5154,8558187,19223200
8257,270,278,436389,5146,8558465,19137900
8258,264,247,436125,5163,8558712,19137500
8259,266,254,435859,5175,8558966,19060200
8260,260,293,435599,5142,8559259,19014000
8261,253,245,435346,5150,8559504,19103700
8262,273,273,435073,5150,8559777,19065400
8263,262,261,434811,5151,8560038,18977200
8264,234,286,434577,5099,8560324,19078500
8265,293,265,434284,5127,8560589,19170000
8266,261,254,434023,5134,8560843,19525100
8267,288,270,433735,5152,8561113,18900800
8268,282,271,433453,5163,8561384,19147700
8269,251,243,433202,5171,8561627,19600400
8270,266,258,432936,5179,8561885,19099800
8271,267,259,432669,5187,8562144,19527700
8272,249,240,432420,5196,8562384,18943700
8273,235,257,432185,5174,8562641,18983100
8274,246,254,431939,5166,8562895,19069500
8275,244,258,431695,5152,8563153,19239200
8276,251,241,431444,5162,8563394,19404900
8277,244,257,431200,5149,8563651,19281900
8278,248,262,430952,5135,8563913,19765400
8279,215,248,430737,5102,8564161,19181000
8280,249,278,430488,5073,8564439,19642700
8281,263,229,430225,5107,8564668,19747600
8282,232,270,429993,5069,8564938,19215800
8283,233,247,429760,5055,8565185,18767700
8284,226,291,429534,4990,8565476,19740600
8285,224,242,429310,4972,8565718,19323000
8286,239,247,429071,4964,8565965,19472200
8287,209,250,428862,4923,8566215,19052700
8288,261,241,428601,4943,8566456,19194500
8289,236,236,428365,4943,8566692,19271300
8290,217,248,428148,4912,8566940,18891400
8291,254,246,427894,4920,8567186,19198300
8292,223,252,427671,4891,8567438,19266000
8293,245,231,427426,4905,8567669,19059600
8294,208,249,427218,4864,8567918,19057500
8295,194,230,427024,4828,8568148,19145300
8296,216,229,426808,4815,8568377,19054200
8297,202,265,426606,4752,8568642,19277400
8298,228,213,426378,4767,8568855,19052400
8299,227,234,426151,4760,8569089,19003600
8300,231,241,425920,4750,8569330,19069900
8301,214,215,425706,4749,8569545,19018800
8302,217,229,425489,4737,8569774,19184600
8303,213,227,425276,4723,8570001,19144200
8304,206,237,425070,4692,8570238,19752000
8305,199,259,424871,4632,8570497,19364800
8306,240,232,424631,4640,8570729,19182000
8307,209,247,424422,4602,8570976,18981800
8308,215,232,424207,4585,8571208,19343700
8309,191,236,424016,4540,8571444,19516600
8310,216,223,423800,4533,8571667,19755200
8311,216,238,423584,4511,8571905,19286400
8312,218,231,423366,4498,8572136,19361000
8313,204,221,423162,4481,8572357,20444200
8314,233,203,422929,4511,8572560,19500800
8315,224,219,422705,4516,8572779,19818300
8316,221,218,422484,4519,8572997,19225600
8317,217,227,422267,4509,8573224,19794000
8318,231,244,422036,4496,8573468,19915900
8319,189,206,421847,4479,8573674,19775800
8320,211,264,421636,4426,8573938,19125600
8321,208,216,421428,4418,8574154,18969700
8322,210,227,421218,4401,8574381,18904100
8323,217,201,421001,4417,8574582,19116000
8324,188,225,420813,4380,8574807,19133200
8325,196,221,420617,4355,8575028,19535000
8326,230,214,420387,4371,8575242,18952500
8327,217,231,420170,4357,8575473,19365300
8328,204,234,419966,4327,8575707,18951300
8329,221,206,419745,4342,8575913,19485800
8330,195,195,419550,4342,8576108,19426700
8331,197,224,419353,4315,8576332,19215900
8332,220,205,419133,4330,8576537,18944300
8333,222,219,418911,4333,8576756,19088900
8334,238,207,418673,4364,8576963,19456800
8335,232,223,418441,4373,8577186,18592900
8336,215,236,418226,4352,8577422,19220500
8337,200,196,418026,4356,8577618,19016700
8338,243,211,417783,4388,8577829,19067200
8339,225,255,417558,4358,8578084,18983700
8340,245,251,417313,4352,8578335,19054800
8341,211,228,417102,4335,8578563,19472700
8342,226,194,416876,4367,8578757,19134400
8343,218,231,416658,4354,8578988,18800900
8344,222,189,416436,4387,8579177,18958500
8345,228,233,416208,4382,8579410,18968900
8346,234,217,415974,4399,8579627,19210000
8347,215,215,415759,4399,8579842,19074400
8348,213,237,415546,4375,8580079,19149700
8349,222,202,415324,4395,8580281,19058600
8350,236,229,415088,4402,8580510,19463700
8351,207,227,414881,4382,8580737,19459300
8352,222,236,414659,4368,8580973,19096600
8353,212,220,414447,4360,8581193,19157100
8354,193,238,414254,4315,8581431,19733000
8355,221,171,414033,4365,8581602,19448400
8356,229,248,413804,4346,8581850,19625300
8357,180,217,413624,4309,8582067,19372000
8358,204,215,413420,4298,8582282,19688900
8359,217,211,413203,4304,8582493,19316000
8360,205,221,412998,4288,8582714,18851100
8361,218,213,412780,4293,8582927,19005100
8362,248,222,412532,4319,8583149,19245200
8363,198,214,412334,4303,8583363,19053300
8364,201,214,412133,4290,8583577,19078300
8365,222,220,411911,4292,8583797,19172100
8366,207,240,411704,4259,8584037,19061300
8367,206,222,411498,4243,8584259,18898400
8368,209,215,411289,4237,8584474,19002100
8369,201,237,411088,4201,8584711,18900600
8370,212,243,410876,4170,8584954,18823700
8371,206,194,410670,4182,8585148,19241200
8372,204,219,410466,4167,8585367,19619900
8373,204,221,410262,4150,8585588,19130400
8374,212,218,410050,4144,8585806,19247400
8375,202,218,409848,4128,8586024,19772000
8376,198,197,409650,4129,8586221,19337600
8377,195,227,409455,4097,8586448,19906500
8378,194,212,409261,4079,8586660,19560600
8379,201,206,409060,4074,8586866,19035200
8380,191,218,408869,4047,8587084,19293600
8381,179,210,408690,4016,8587294,20539700
8382,210,200,408480,4026,8587494,19810900
8383,191,219,408289,3998,8587713,19175100
8384,181,209,408108,3970,8587922,19775200
8385,198,197,407910,3971,8588119,19276100
8386,203,198,407707,3976,8588317,19147200
8387,198,182,407509,3992,8588499,19309700
8388,217,195,407292,4014,8588694,18858700
8389,196,192,407096,4018,8588886,19147100
8390,209,206,406887,4021,8589092,18840300
8391,208,214,406679,4015,8589306,19042700
8392,191,189,406488,4017,8589495,19093500
8393,223,195,406265,4045,8589690,18948000
8394,223,200,406042,4068,8589890,19043900
8395,209,216,405833,4061,8590106,19047300
8396,216,175,405617,4102,8590281,19347700
8397,200,209,405417,4093,8590490,19162800
8398,203,187,405214,4109,8590677,18859500
8399,210,189,405004,4130,8590866,19307300
8400,205,191,404799,4144,8591057,18982400
8401,215,219,404584,4140,8591276,19328600
8402,214,200,404370,4154,8591476,18740700
8403,216,198,404154,4172,8591674,19464500
8404,200,220,403954,4152,8591894,19327400
8405,215,218,403739,4149,8592112,19023300
8406,211,228,403528,4132,8592340,19009000
8407,195,200,403333,4127,8592540,19022400
8408,205,205,403128,4127,8592745,19810500
8409,220,228,402908,4119,8592973,19399900
8410,207,192,402701,4134,8593165,19108800
8411,211,178,402490,4167,8593343,18896900
8412,242,231,402248,4178,8593574,19020800
8413,214,218,402034,4174,8593792,19188400
8414,223,210,401811,4187,8594002,19288300
8415,226,230,401585,4183,8594232,19189900
8416,226,195,401359,4214,8594427,19116700
8417,220,211,401139,4223,8594638,19689700
8418,217,196,400922,4244,8594834,19072500
8419,202,220,400720,4226,8595054,19042200
8420,241,210,400479,4257,8595264,19216400
8421,216,207,400263,4266,8595471,19105000
8422,206,215,400057,4257,8595686,19049000
8423,187,224,399870,4220,8595910,19377400
8424,201,218,399669,4203,8596128,19165800
8425,195,227,399474,4171,8596355,19271800
8426,199,209,399275,4161,8596564,19237200
8427,210,207,399065,4164,8596771,19468700
8428,208,220,398857,4152,8596991,18877300
8429,204,220,398653,4136,8597211,19222600
8430,190,188,398463,4138,8597399,19044200
8431,190,223,398273,4105,8597622,19124300
8432,165,204,398108,4066,8597826,19375900
8433,199,189,397909,4076,8598015,19248300
8434,209,211,397700,4074,8598226,19143400
8435,211,202,397489,4083,8598428,19412000
8436,213,210,397276,4086,8598638,19138300
8437,219,194,397057,4111,8598832,18969100
8438,226,202,396831,4135,8599034,19108200
8439,215,216,396616,4134,8599250,19491900
8440,189,220,396427,4103,8599470,18926000
8441,203,219,396224,4087,8599689,19281100
8442,205,210,396019,4082,8599899,19356900
8443,204,214,395815,4072,8600113,19125600
8444,204,194,395611,4082,8600307,19691200
8445,200,194,395411,4088,8600501,19162800
8446,219,200,395192,4107,8600701,19754400
8447,221,226,394971,4102,8600927,19653000
8448,209,191,394762,4120,8601118,19635900
8449,196,196,394566,4120,8601314,19214600
8450,208,198,394358,4130,8601512,18971100
8451,178,212,394180,4096,8601724,19579200
8452,216,222,393964,4090,8601946,19082300
8453,219,201,393745,4108,8602147,19032000
8454,183,216,393562,4075,8602363,19191100
8455,203,201,393359,4077,8602564,19645900
8456,196,187,393163,4086,8602751,19188100
8457,201,202,392962,4085,8602953,18908200
8458,220,197,392742,4108,8603150,19052000
8459,204,192,392538,4120,8603342,19105600
8460,218,198,392320,4140,8603540,20061000
8461,200,193,392120,4147,8603733,19744000
8462,207,256,391913,4098,8603989,19380600
8463,220,209,391693,4109,8604198,18827900
8464,195,200,391498,4104,8604398,19291400
8465,223,225,391275,4102,8604623,19392000
8466,221,230,391054,4093,8604853,18830500
8467,225,189,390829,4129,8605042,18975400
8468,199,196,390630,4132,8605238,19081300
8469,228,209,390402,4151,8605447,19245000
8470,186,189,390216,4148,8605636,19164700
8471,207,208,390009,4147,8605844,18971400
8472,199,201,389810,4145,8606045,19184200
8473,191,239,389619,4097,8606284,18981400
8474,202,202,389417,4097,8606486,18937700
8475,194,191,389223,4100,8606677,19161200
8476,212,186,389011,4126,8606863,19083500
8477,191,222,388820,4095,8607085,19233300
8478,190,218,388630,4067,8607303,19502800
8479,205,200,388425,4072,8607503,19403300
8480,206,213,388219,4065,8607716,19004300
8481,164,210,388055,4019,8607926,19008100
8482,201,188,387854,4032,8608114,19195200
8483,200,197,387654,4035,8608311,19154300
8484,188,212,387466,4011,8608523,19190100
8485,183,178,387283,4016,8608701,19141900
8486,176,194,387107,3998,8608895,19137800
8487,190,185,386917,4003,8609080,19174900
8488,190,185,386727,4008,8609265,19254200
8489,205,176,386522,4037,8609441,18885100
8490,190,203,386332,4024,8609644,18787200
8491,192,211,386140,4005,8609855,18721100
8492,216,193,385924,4028,8610048,19170300
8493,188,208,385736,4008,8610256,19189400
8494,213,206,385523,4015,8610462,18939500
8495,182,188,385341,4009,8610650,19044800
8496,209,217,385132,4001,8610867,19409500
8497,196,199,384936,3998,8611066,18963700
8498,164,206,384772,3956,8611272,19103000
8499,203,200,384569,3959,8611472,19235400
8500,186,215,384383,3930,8611687,19278300
8501,189,175,384194,3944,8611862,19076700
8502,192,196,384002,3940,8612058,18932600
8503,193,206,383809,3927,8612264,18890100
8504,197,202,383612,3922,8612466,19533600
8505,188,208,383424,3902,8612674,18940600
8506,230,202,383194,3930,8612876,19097200
8507,191,190,383003,3931,8613066,19406400
8508,195,186,382808,3940,8613252,19394200
8509,166,210,382642,3896,8613462,19471100
8510,210,183,382432,3923,8613645,19593200
8511,187,193,382245,3917,8613838,19271200
8512,179,181,382066,3915,8614019,19298400
8513,204,221,381862,3898,8614240,19281200
8514,205,187,381657,3916,8614427,19669500
8515,174,194,381483,3896,8614621,19300500
8516,201,213,381282,3884,8614834,19363700
8517,191,191,381091,3884,8615025,19293500
8518,182,205,380909,3861,8615230,19328300
8519,173,199,380736,3835,8615429,19070100
8520,169,202,380567,3802,8615631,19385600
8521,178,214,380389,3766,8615845,18934300
8522,189,203,380200,3752,8616048,19260700
8523,185,171,380015,3766,8616219,18913200
8524,192,177,379823,3781,8616396,19123400
8525,175,185,379648,3771,8616581,19390600
8526,175,188,379473,3758,8616769,18924900
8527,180,181,379293,3757,8616950,18825000
8528,178,183,379115,3752,8617133,19016800
8529,178,195,378937,3735,8617328,19109400
8530,183,194,378754,3724,8617522,18859600
8531,159,191,378595,3692,8617713,19337400
8532,182,203,378413,3671,8617916,19300000
8533,175,179,378238,3667,8618095,19041000
8534,183,198,378055,3652,8618293,19278700
8535,179,176,377876,3655,8618469,19004500
8536,202,166,377674,3691,8618635,18903800
8537,204,169,377470,3726,8618804,20936200
8538,192,206,377278,3712,8619010,20608200
8539,183,171,377095,3724,8619181,19085200
8540,192,193,376903,3723,8619374,19160600
8541,193,184,376710,3732,8619558,19129500
8542,195,184,376515,3743,8619742,19049400
8543,196,184,376319,3755,8619926,19105600
8544,190,183,376129,3762,8620109,19006000
8545,195,192,375934,3765,8620301,19170900
8546,194,186,375740,3773,8620487,19364400
8547,204,175,375536,3802,8620662,18891600
8548,188,199,375348,3791,8620861,19013200
8549,222,183,375126,3830,8621044,19028600
8550,209,177,374917,3862,8621221,18921800
8551,183,197,374734,3848,8621418,19087900
8552,203,226,374531,3825,8621644,19321400
8553,205,198,374326,3832,8621842,19051400
8554,184,198,374142,3818,8622040,18995900
8555,168,224,373974,3762,8622264,19031700
8556,182,169,373792,3775,8622433,18956000
8557,176,173,373616,3778,8622606,18853800
8558,187,187,373429,3778,8622793,19289500
8559,177,209,373252,3746,8623002,19031500
8560,169,202,373083,3713,8623204,18941800
8561,202,185,372881,3730,8623389,18793500
8562,176,177,372705,3729,8623566,19511800
8563,182,195,372523,3716,8623761,19450200
8564,171,194,372352,3693,8623955,19284000
8565,182,177,372170,3698,8624132,19124500
8566,181,208,371989,3671,8624340,19448200
8567,175,185,371814,3661,8624525,19695400
8568,190,164,371624,3687,8624689,19045900
8569,181,176,371443,3692,8624865,19172000
8570,198,164,371245,3726,8625029,18923600
8571,178,163,371067,3741,8625192,18921500
8572,185,178,370882,3748,8625370,19340700
8573,189,184,370693,3753,8625554,19258600
8574,172,185,370521,3740,8625739,19225400
8575,189,187,370332,3742,8625926,19228900
8576,182,196,370150,3728,8626122,19387000
8577,177,198,369973,3707,8626320,19307700
8578,198,192,369775,3713,8626512,19446200
8579,181,191,369594,3703,8626703,19444700
8580,163,196,369431,3670,8626899,19544500
8581,185,187,369246,3668,8627086,19064500
8582,178,178,369068,3668,8627264,19343300
8583,161,204,368907,3625,8627468,19450600
8584,178,180,368729,3623,8627648,19315500
8585,196,181,368533,3638,8627829,19446100
8586,153,180,368380,3611,8628009,19266700
8587,174,186,368206,3599,8628195,19000200
8588,158,166,368048,3591,8628361,18881800
8589,191,182,367857,3600,8628543,18904700
8590,207,189,367650,3618,8628732,19438500
8591,158,175,367492,3601,8628907,19000300
8592,171,169,367321,3603,8629076,19010000
8593,180,166,367141,3617,8629242,19589100
8594,160,184,366981,3593,8629426,19026000
8595,170,170,366811,3593,8629596,18910200
8596,174,194,366637,3573,8629790,18740300
8597,151,171,366486,3553,8629961,19165500
8598,178,174,366308,3557,8630135,19891300
8599,174,174,366134,3557,8630309,18965000
8600,185,187,365949,3555,8630496,18990700
8601,176,164,365773,3567,8630660,19057200
8602,187,154,365586,3600,8630814,19168400
8603,199,180,365387,3619,8630994,19422600
8604,189,158,365198,3650,8631152,19033600
8605,182,201,365016,3631,8631353,18969700
8606,161,190,364855,3602,8631543,19267300
8607,170,188,364685,3584,8631731,18899700
8608,193,186,364492,3591,8631917,19149000
8609,172,193,364320,3570,8632110,19006000
8610,163,182,364157,3551,8632292,19074500
8611,137,200,364020,3488,8632492,19124600
8612,184,177,363836,3495,8632669,20255100
8613,154,178,363682,3471,8632847,19477800
8614,191,188,363491,3474,8633035,19132200
8615,174,181,363317,3467,8633216,19014700
8616,180,163,363137,3484,8633379,18915300
8617,166,161,362971,3489,8633540,18900700
8618,163,178,362808,3474,8633718,20479500
8619,167,180,362641,3461,8633898,19394000
8620,176,168,362465,3469,8634066,18823200
8621,169,192,362296,3446,8634258,19076900
8622,186,172,362110,3460,8634430,19042200
8623,184,181,361926,3463,8634611,18840900
8624,145,190,361781,3418,8634801,19533700
8625,159,160,361622,3417,8634961,19019700
8626,173,171,361449,3419,8635132,18949200
8627,173,162,361276,3430,8635294,18806100
8628,182,195,361094,3417,8635489,18952600
8629,164,187,360930,3394,8635676,18946300
8630,180,190,360750,3384,8635866,18880300
8631,156,164,360594,3376,8636030,18861000
8632,157,165,360437,3368,8636195,19068300
8633,148,167,360289,3349,8636362,19044600
8634,144,153,360145,3340,8636515,18748500
8635,165,160,359980,3345,8636675,18989000
8636,169,150,359811,3364,8636825,19034600
8637,148,170,359663,3342,8636995,18913600
8638,159,187,359504,3314,8637182,19360800
8639,155,159,359349,3310,8637341,19296800
8640,159,176,359190,3293,8637517,19337100
8641,164,161,359026,3296,8637678,19511900
8642,164,163,358862,3297,8637841,19558200
8643,155,172,358707,3280,8638013,19322700
8644,163,176,358544,3267,8638189,19353700
8645,173,150,358371,3290,8638339,18943700
8646,152,170,358219,3272,8638509,19090400
8647,161,188,358058,3245,8638697,19117100
8648,178,149,357880,3274,8638846,19384200
8649,155,155,357725,3274,8639001,19681100
8650,161,183,357564,3252,8639184,19228600
8651,181,162,357383,3271,8639346,19696000
8652,167,167,357216,3271,8639513,19104300
8653,177,155,357039,3293,8639668,19030700
8654,174,153,356865,3314,8639821,18880600
8655,156,152,356709,3318,8639973,19030800
8656,176,172,356533,3322,8640145,19215200
8657,137,163,356396,3296,8640308,19289700
8658,143,150,356253,3289,8640458,18908900
8659,175,163,356078,3301,8640621,19664100
8660,160,162,355918,3299,8640783,19094700
8661,162,161,355756,3300,8640944,18894400
8662,153,181,355603,3272,8641125,18868500
8663,163,172,355440,3263,8641297,19112600
8664,146,156,355294,3253,8641453,19323000
8665,159,147,355135,3265,8641600,19236200
8666,163,168,354972,3260,8641768,19040100
8667,157,149,354815,3268,8641917,19380000
8668,170,147,354645,3291,8642064,18809800
8669,156,159,354489,3288,8642223,19263000
8670,153,178,354336,3263,8642401,19143800
8671,154,146,354182,3271,8642547,19489100
8672,170,188,354012,3253,8642735,19263800
8673,175,172,353837,3256,8642907,19198400
8674,156,167,353681,3245,8643074,18870400
8675,175,186,353506,3234,8643260,18934600
8676,164,161,353342,3237,8643421,19027000
8677,183,156,353159,3264,8643577,19017600
8678,153,153,353006,3264,8643730,18829600
8679,142,163,352864,3243,8643893,19263300
8680,149,131,352715,3261,8644024,19039100
8681,163,153,352552,3271,8644177,18947900
8682,160,173,352392,3258,8644350,18959300
8683,154,193,352238,3219,8644543,18691900
8684,148,159,352090,3208,8644702,19417200
8685,160,169,351930,3199,8644871,18792300
8686,154,180,351776,3173,8645051,19135800
8687,156,145,351620,3184,8645196,19211600
8688,158,172,351462,3170,8645368,18971400
8689,140,165,351322,3145,8645533,19286000
8690,170,169,351152,3146,8645702,18854300
8691,156,175,350996,3127,8645877,18969200
8692,151,180,350845,3098,8646057,18757700
8693,157,150,350688,3105,8646207,19771400
8694,164,159,350524,3110,8646366,20097900
8695,166,168,350358,3108,8646534,19387500
8696,170,163,350188,3115,8646697,19609000
8697,158,156,350030,3117,8646853,19166600
8698,174,144,349856,3147,8646997,18905000
8699,167,160,349689,3154,8647157,18747400
8700,176,153,349513,3177,8647310,18819900
8701,185,151,349328,3211,8647461,18804800
8702,176,174,349152,3213,8647635,18575300
8703,171,156,348981,3228,8647791,19160800
8704,192,140,348789,3280,8647931,18841700
8705,185,170,348604,3295,8648101,19237300
8706,161,158,348443,3298,8648259,19152200
8707,170,178,348273,3290,8648437,19300100
8708,179,137,348094,3332,8648574,19042100
8709,164,155,347930,3341,8648729,19526800
8710,168,173,347762,3336,8648902,19729000
8711,182,147,347580,3371,8649049,19446800
8712,189,164,347391,3396,8649213,19362900
8713,180,179,347211,3397,8649392,19433900
8714,203,164,347008,3436,8649556,19131200
8715,175,172,346833,3439,8649728,19148000
8716,183,160,346650,3462,8649888,19254500
8717,154,167,346496,3449,8650055,19510200
8718,174,186,346322,3437,8650241,19127900
8719,173,181,346149,3429,8650422,19030600
8720,180,148,345969,3461,8650570,18663900
8721,166,183,345803,3444,8650753,18814500
8722,176,165,345627,3455,8650918,18979000
8723,173,165,345454,3463,8651083,19517100
8724,178,170,345276,3471,8651253,20165200
8725,164,160,345112,3475,8651413,18895700
8726,168,152,344944,3491,8651565,19638000
8727,178,180,344766,3489,8651745,19828400
8728,178,169,344588,3498,8651914,18828700
8729,166,172,344422,3492,8652086,18993100
8730,188,160,344234,3520,8652246,19156500
8731,177,176,344057,3521,8652422,18874900
8732,176,186,343881,3511,8652608,19515400
8733,168,178,343713,3501,8652786,19055700
8734,192,187,343521,3506,8652973,19079300
8735,185,183,343336,3508,8653156,19249800
8736,190,153,343146,3545,8653309,19070000
8737,161,189,342985,3517,8653498,18945200
8738,172,180,342813,3509,8653678,18906800
8739,167,182,342646,3494,8653860,18902100
8740,193,169,342453,3518,8654029,19559100
8741,161,185,342292,3494,8654214,18982000
8742,165,171,342127,3488,8654385,18878900
8743,180,193,341947,3475,8654578,18880500
8744,194,180,341753,3489,8654758,18632200
8745,171,182,341582,3478,8654940,19654800
8746,161,183,341421,3456,8655123,20942800
8747,182,183,341239,3455,8655306,20975400
8748,152,168,341087,3439,8655474,20033400
8749,187,181,340900,3445,8655655,19296800
8750,145,144,340755,3446,8655799,18743200
8751,152,151,340603,3447,8655950,18752200
8752,169,170,340434,3446,8656120,19326700
8753,163,168,340271,3441,8656288,19766600
8754,172,174,340099,3439,8656462,19085100
8755,171,153,339928,3457,8656615,19194800
8756,168,164,339760,3461,8656779,18874600
8757,164,161,339596,3464,8656940,18960500
8758,185,179,339411,3470,8657119,19050800
8759,166,157,339245,3479,8657276,18944400
8760,157,191,339088,3445,8657467,19041500
8761,167,170,338921,3442,8657637,19111100
8762,178,188,338743,3432,8657825,18955900
8763,170,182,338573,3420,8658007,19264700
8764,164,168,338409,3416,8658175,19063600
8765,163,168,338246,3411,8658343,18846600
8766,145,161,338101,3395,8658504,19195100
8767,184,176,337917,3403,8658680,18903800
8768,160,173,337757,3390,8658853,19201100
8769,190,166,337567,3414,8659019,19311600
8770,169,161,337398,3422,8659180,18919900
8771,159,160,337239,3421,8659340,20255700
8772,181,165,337058,3437,8659505,19364600
8773,179,191,336879,3425,8659696,19269700
8774,169,171,336710,3423,8659867,19525300
8775,168,170,336542,3421,8660037,19514100
8776,175,169,336367,3427,8660206,19977100
8777,167,169,336200,3425,8660375,19780600
8778,186,175,336014,3436,8660550,19330000
8779,183,170,335831,3449,8660720,19294400
8780,172,197,335659,3424,8660917,19135700
8781,161,162,335498,3423,8661079,19586600
8782,169,174,335329,3418,8661253,19485200
8783,176,165,335153,3429,8661418,19093000
8784,163,183,334990,3409,8661601,19720700
8785,177,157,334813,3429,8661758,19252300
8786,160,210,334653,3379,8661968,19272300
8787,162,173,334491,3368,8662141,18603600
8788,157,174,334334,3351,8662315,20462400
8789,160,175,334174,3336,8662490,20819300
8790,175,161,333999,3350,8662651,20264100
8791,171,168,333828,3353,8662819,21985500
8792,181,155,333647,3379,8662974,20012400
8793,157,174,333490,3362,8663148,19968900
8794,165,163,333325,3364,8663311,19360800
8795,184,165,333141,3383,8663476,18865000
8796,167,169,332974,3381,8663645,18945900
8797,195,149,332779,3427,8663794,19216200
8798,171,159,332608,3439,8663953,20411000
8799,172,178,332436,3433,8664131,19041100
8800,186,171,332250,3448,8664302,19217000
8801,161,159,332089,3450,8664461,19403900
8802,163,180,331926,3433,8664641,18971600
8803,174,178,331752,3429,8664819,18881700
8804,160,151,331592,3438,8664970,19317300
8805,171,165,331421,3444,8665135,19069500
8806,159,170,331262,3433,8665305,19460600
8807,168,177,331094,3424,8665482,19426100
8808,162,168,330932,3418,8665650,19133000
8809,181,178,330751,3421,8665828,19302700
8810,161,177,330590,3405,8666005,19201300
8811,184,157,330406,3432,8666162,19340800
8812,143,160,330263,3415,8666322,21448200
8813,170,155,330093,3430,8666477,20047100
8814,191,173,329902,3448,8666650,19084600
8815,183,157,329719,3474,8666807,19242900
8816,170,167,329549,3477,8666974,18709700
8817,174,189,329375,3462,8667163,19243900
8818,163,197,329212,3428,8667360,19405100
8819,161,165,329051,3424,8667525,18884300
8820,165,165,328886,3424,8667690,19247600
8821,197,180,328689,3441,8667870,19127900
8822,174,191,328515,3424,8668061,19057000
8823,166,180,328349,3410,8668241,19256300
8824,171,144,328178,3437,8668385,18781800
8825,178,181,328000,3434,8668566,18827600
8826,183,164,327817,3453,8668730,18720400
8827,179,175,327638,3457,8668905,19371000
8828,155,164,327483,3448,8669069,19414500
8829,186,159,327297,3475,8669228,19386300
8830,166,174,327131,3467,8669402,18996900
8831,172,171,326959,3468,8669573,18903700
8832,194,172,326765,3490,8669745,19004100
8833,174,156,326591,3508,8669901,18835100
8834,184,171,326407,3521,8670072,19074400
8835,174,186,326233,3509,8670258,18885600
8836,153,171,326080,3491,8670429,19022300
8837,172,184,325908,3479,8670613,19767300
8838,148,144,325760,3483,8670757,19218600
8839,159,153,325601,3489,8670910,19596000
8840,160,167,325441,3482,8671077,19313800
8841,164,175,325277,3471,8671252,19232700
8842,147,182,325130,3436,8671434,19084900
8843,178,177,324952,3437,8671611,19905300
8844,172,161,324780,3448,8671772,19689400
8845,165,180,324615,3433,8671952,19217500
8846,162,166,324453,3429,8672118,19691700
8847,179,167,324274,3441,8672285,20014700
8848,169,180,324105,3430,8672465,19481200
8849,189,167,323916,3452,8672632,20378900
8850,168,191,323748,3429,8672823,18960900
8851,172,182,323576,3419,8673005,19050100
8852,152,171,323424,3400,8673176,19069000
8853,169,152,323255,3417,8673328,19315600
8854,175,176,323080,3416,8673504,18974000
8855,165,177,322915,3404,8673681,18828400
8856,154,180,322761,3378,8673861,18858900
8857,150,165,322611,3363,8674026,19466900
8858,156,168,322455,3351,8674194,18901900
8859,165,178,322290,3338,8674372,19549600
8860,137,170,322153,3305,8674542,19098000
8861,182,179,321971,3308,8674721,19537900
8862,156,165,321815,3299,8674886,18822600
8863,157,142,321658,3314,8675028,18985700
8864,133,176,321525,3271,8675204,19181600
8865,153,172,321372,3252,8675376,18988700
8866,160,163,321212,3249,8675539,18826200
8867,164,163,321048,3250,8675702,19042000
8868,150,152,320898,3248,8675854,19074600
8869,163,155,320735,3256,8676009,18957200
8870,172,130,320563,3298,8676139,18986100
8871,162,174,320401,3286,8676313,18944900
8872,157,159,320244,3284,8676472,18835100
8873,179,161,320065,3302,8676633,19183600
8874,159,170,319906,3291,8676803,19285800
8875,145,163,319761,3273,8676966,19511300
8876,174,163,319587,3284,8677129,18725200
8877,170,171,319417,3283,8677300,19821600
8878,174,181,319243,3276,8677481,18970100
8879,168,162,319075,3282,8677643,18885800
8880,154,158,318921,3278,8677801,19256600
8881,131,174,318790,3235,8677975,19544400
8882,162,134,318628,3263,8678109,18754900
8883,166,162,318462,3267,8678271,19216000
8884,155,146,318307,3276,8678417,18964000
8885,193,182,318114,3287,8678599,18704000
8886,156,152,317958,3291,8678751,19064900
8887,163,177,317795,3277,8678928,18983200
8888,153,152,317642,3278,8679080,18830500
8889,158,172,317484,3264,8679252,18875800
8890,163,162,317321,3265,8679414,18816800
8891,155,147,317166,3273,8679561,19076100
8892,161,141,317005,3293,8679702,19480900
8893,147,173,316858,3267,8679875,18942600
8894,165,165,316693,3267,8680040,19118400
8895,168,171,316525,3264,8680211,19165400
8896,164,149,316361,3279,8680360,19038200
8897,169,171,316192,3277,8680531,18998700
8898,157,176,316035,3258,8680707,19266800
8899,186,161,315849,3283,8680868,18938600
8900,165,158,315684,3290,8681026,18836100
8901,159,145,315525,3304,8681171,19343800
8902,173,145,315352,3332,8681316,19491600
8903,180,181,315172,3331,8681497,19214900
8904,156,171,315016,3316,8681668,19512400
8905,168,176,314848,3308,8681844,19680300
8906,157,141,314691,3324,8681985,19078000
8907,156,154,314535,3326,8682139,19237600
8908,156,160,314379,3322,8682299,19381900
8909,153,168,314226,3307,8682467,19015500
8910,171,163,314055,3315,8682630,18979200
8911,145,156,313910,3304,8682786,18627400
8912,152,162,313758,3294,8682948,19153300
8913,142,189,313616,3247,8683137,19303100
8914,143,169,313473,3221,8683306,19062600
8915,171,140,313302,3252,8683446,19130500
8916,154,143,313148,3263,8683589,19547800
8917,156,172,312992,3247,8683761,18806200
8918,162,155,312830,3254,8683916,19736700
8919,170,170,312660,3254,8684086,18999600
8920,179,164,312481,3269,8684250,19125700
8921,156,166,312325,3259,8684416,19382800
8922,183,187,312142,3255,8684603,19100300
8923,162,162,311980,3255,8684765,19089100
8924,143,160,311837,3238,8684925,19537100
8925,154,160,311683,3232,8685085,18749700
8926,180,168,311503,3244,8685253,18946300
8927,150,185,311353,3209,8685438,18911600
8928,151,171,311202,3189,8685609,18684100
8929,158,157,311044,3190,8685766,19113200
8930,166,149,310878,3207,8685915,19087200
8931,185,167,310693,3225,8686082,19328700
8932,183,165,310510,3243,8686247,19164500
8933,159,185,310351,3217,8686432,20186700
8934,160,153,310191,3224,8686585,19024000
8935,158,137,310033,3245,8686722,18914200
8936,149,159,309884,3235,8686881,18968000
8937,137,148,309747,3224,8687029,19035300
8938,162,162,309585,3224,8687191,18975200
8939,167,164,309418,3227,8687355,19142700
8940,157,165,309261,3219,8687520,19074200
8941,162,154,309099,3227,8687674,18917000
8942,163,176,308936,3214,8687850,19082600
8943,162,155,308774,3221,8688005,19296700
8944,171,163,308603,3229,8688168,19075700
8945,165,134,308438,3260,8688302,19001500
8946,164,158,308274,3266,8688460,19307500
8947,153,166,308121,3253,8688626,19582100
8948,176,169,307945,3260,8688795,18829700
8949,154,166,307791,3248,8688961,19169900
8950,138,154,307653,3232,8689115,19018000
8951,186,145,307467,3273,8689260,20196800
8952,157,164,307310,3266,8689424,21310100
8953,137,161,307173,3242,8689585,19396600
8954,172,141,307001,3273,8689726,19144800
8955,154,172,306847,3255,8689898,19131700
8956,143,175,306704,3223,8690073,18897200
8957,151,169,306553,3205,8690242,18769600
8958,159,178,306394,3186,8690420,18942200
8959,132,177,306262,3141,8690597,19020000
8960,131,169,306131,3103,8690766,19173100
8961,132,156,305999,3079,8690922,19346200
8962,139,158,305860,3060,8691080,18971900
8963,159,171,305701,3048,8691251,19293600
8964,147,164,305554,3031,8691415,19097400
8965,143,156,305411,3018,8691571,18965200
8966,134,124,305277,3028,8691695,19059000
8967,138,166,305139,3000,8691861,18959900
8968,132,122,305007,3010,8691983,19164900
8969,163,158,304844,3015,8692141,19303500
8970,132,138,304712,3009,8692279,19243200
8971,142,131,304570,3020,8692410,19192900
8972,136,134,304434,3022,8692544,19502100
8973,154,160,304280,3016,8692704,19719200
8974,143,162,304137,2997,8692866,19474300
8975,137,152,304000,2982,8693018,19329600
8976,143,152,303857,2973,8693170,19248700
8977,143,164,303714,2952,8693334,19445800
8978,139,174,303575,2917,8693508,19197000
8979,139,132,303436,2924,8693640,19467700
8980,131,135,303305,2920,8693775,19366100
8981,124,132,303181,2912,8693907,19112500
8982,138,158,303043,2892,8694065,19879300
8983,165,144,302878,2913,8694209,18947300
8984,145,148,302733,2910,8694357,18952700
8985,153,156,302580,2907,8694513,19335300
8986,149,158,302431,2898,8694671,19463600
8987,152,139,302279,2911,8694810,19026900
8988,163,140,302116,2934,8694950,18842000
8989,141,131,301975,2944,8695081,19182900
8990,152,144,301823,2952,8695225,19010800
8991,155,153,301668,2954,8695378,19122400
8992,159,163,301509,2950,8695541,19580200
8993,135,130,301374,2955,8695671,19082900
8994,138,132,301236,2961,8695803,19186400
8995,164,160,301072,2965,8695963,19214300
8996,164,163,300908,2966,8696126,19014800
8997,150,147,300758,2969,8696273,19087300
8998,125,141,300633,2953,8696414,19096800
8999,142,138,300491,2957,8696552,19186400
9000,154,165,300337,2946,8696717,19027200
9001,158,143,300179,2961,8696860,19063900
9002,160,157,300019,2964,8697017,19173500
9003,152,146,299867,2970,8697163,19363200
9004,152,124,299715,2998,8697287,18926600
9005,140,139,299575,2999,8697426,19082600
9006,155,139,299420,3015,8697565,19173200
9007,158,134,299262,3039,8697699,19173700
9008,162,147,299100,3054,8697846,19093500
9009,162,139,298938,3077,8697985,19060500
9010,152,149,298786,3080,8698134,19570100
9011,148,148,298638,3080,8698282,19158100
9012,146,154,298492,3072,8698436,19134100
9013,145,166,298347,3051,8698602,19163900
9014,148,133,298199,3066,8698735,19256200
9015,147,136,298052,3077,8698871,18818900
9016,171,163,297881,3085,8699034,19906600
9017,143,151,297738,3077,8699185,19249000
9018,168,138,297570,3107,8699323,19133200
9019,148,171,297422,3084,8699494,20084100
9020,153,170,297269,3067,8699664,19266200
9021,139,162,297130,3044,8699826,18990900
9022,160,183,296970,3021,8700009,19169200
9023,138,154,296832,3005,8700163,19214500
9024,162,150,296670,3017,8700313,19227500
9025,153,148,296517,3022,8700461,19040000
9026,153,150,296364,3025,8700611,19204900
9027,146,145,296218,3026,8700756,19413000
9028,121,125,296097,3022,8700881,19082600
9029,139,177,295958,2984,8701058,19075900
9030,147,155,295811,2976,8701213,18837500
9031,138,146,295673,2968,8701359,19583500
9032,152,143,295521,2977,8701502,18968800
9033,140,166,295381,2951,8701668,19766100
9034,141,160,295240,2932,8701828,19278800
9035,140,146,295100,2926,8701974,19467800
9036,148,148,294952,2926,8702122,19600500
9037,150,130,294802,2946,8702252,20041700
9038,168,141,294634,2973,8702393,19636200
9039,156,153,294478,2976,8702546,19638600
9040,155,167,294323,2964,8702713,19160600
9041,151,140,294172,2975,8702853,19308400
9042,145,163,294027,2957,8703016,18745300
9043,154,124,293873,2987,8703140,18796900
9044,161,153,293712,2995,8703293,19381800
9045,152,142,293560,3005,8703435,19596200
9046,159,135,293401,3029,8703570,19271000
9047,160,149,293241,3040,8703719,19789500
9048,149,156,293092,3033,8703875,19243300
9049,142,145,292950,3030,8704020,19175500
9050,151,147,292799,3034,8704167,18903000
9051,159,158,292640,3035,8704325,19239300
9052,153,140,292487,3048,8704465,18943600
9053,156,157,292331,3047,8704622,19303100
9054,145,159,292186,3033,8704781,19242000
9055,130,143,292056,3020,8704924,19113900
9056,150,152,291906,3018,8705076,19724700
9057,146,151,291760,3013,8705227,19169100
9058,120,143,291640,2990,8705370,19447700
9059,143,163,291497,2970,8705533,18930100
9060,166,148,291331,2988,8705681,19232300
9061,143,142,291188,2989,8705823,18908800
9062,107,151,291081,2945,8705974,18854900
9063,150,142,290931,2953,8706116,18962300
9064,142,150,290789,2945,8706266,18957800
9065,132,150,290657,2927,8706416,19072500
9066,143,156,290514,2914,8706572,18950800
9067,149,145,290365,2918,8706717,18885600
9068,156,143,290209,2931,8706860,19035800
9069,151,122,290058,2960,8706982,18981700
9070,152,150,289906,2962,8707132,19045900
9071,145,155,289761,2952,8707287,18666800
9072,152,148,289609,2956,8707435,19197600
9073,141,162,289468,2935,8707597,19458800
9074,144,138,289324,2941,8707735,19263900
9075,161,165,289163,2937,8707900,19162100
9076,148,132,289015,2953,8708032,19307100
9077,163,169,288852,2947,8708201,18884200
9078,166,158,288686,2955,8708359,18899500
9079,144,124,288542,2975,8708483,18937200
9080,147,149,288395,2973,8708632,18884800
9081,150,148,288245,2975,8708780,18924800
9082,147,150,288098,2972,8708930,18862400
9083,141,155,287957,2958,8709085,19256700
9084,160,136,287797,2982,8709221,19018800
9085,155,155,287642,2982,8709376,18950900
9086,147,145,287495,2984,8709521,19189300
9087,129,171,287366,2942,8709692,19515200
9088,138,129,287228,2951,8709821,19065900
9089,136,140,287092,2947,8709961,19214600
9090,151,160,286941,2938,8710121,18911100
9091,157,144,286784,2951,8710265,19219600
9092,156,154,286628,2953,8710419,19034900
9093,168,156,286460,2965,8710575,18660400
9094,141,183,286319,2923,8710758,19030200
9095,152,150,286167,2925,8710908,18644600
9096,131,138,286036,2918,8711046,19128200
9097,163,150,285873,2931,8711196,19766800
9098,151,139,285722,2943,8711335,19592500
9099,149,137,285573,2955,8711472,19179600
9100,126,181,285447,2900,8711653,19468900
9101,124,135,285323,2889,8711788,19315300
9102,140,145,285183,2884,8711933,19429900
9103,140,136,285043,2888,8712069,19407000
9104,157,147,284886,2898,8712216,19352600
9105,145,177,284741,2866,8712393,19931700
9106,137,120,284604,2883,8712513,19909900
9107,145,137,284459,2891,8712650,19954300
9108,130,147,284329,2874,8712797,19708200
9109,133,153,284196,2854,8712950,20280200
9110,120,153,284076,2821,8713103,20057100
9111,136,140,283940,2817,8713243,19946700
9112,120,158,283820,2779,8713401,19742400
9113,122,147,283698,2754,8713548,19390100
9114,139,149,283559,2744,8713697,19050900
9115,155,163,283404,2736,8713860,18786500
9116,149,127,283255,2758,8713987,18607300
9117,132,142,283123,2748,8714129,19154900
9118,146,150,282977,2744,8714279,18416000
9119,162,160,282815,2746,8714439,18621900
9120,145,125,282670,2766,8714564,19317600
9121,120,140,282550,2746,8714704,19304000
9122,151,137,282399,2760,8714841,19179500
9123,135,159,282264,2736,8715000,19331600
9124,135,130,282129,2741,8715130,19084800
9125,162,148,281967,2755,8715278,19341100
9126,135,144,281832,2746,8715422,19403700
9127,118,147,281714,2717,8715569,19078800
9128,156,152,281558,2721,8715721,19219900
9129,144,137,281414,2728,8715858,19618900
9130,144,156,281270,2716,8716014,19243500
9131,145,146,281125,2715,8716160,19406900
9132,162,138,280963,2739,8716298,19293300
9133,159,123,280804,2775,8716421,19486300
9134,133,137,280671,2771,8716558,18980300
9135,140,147,280531,2764,8716705,18860200
9136,132,135,280399,2761,8716840,18886100
9137,141,148,280258,2754,8716988,18929000
9138,146,145,280112,2755,8717133,19124300
9139,147,126,279965,2776,8717259,18674400
9140,129,138,279836,2767,8717397,18802700
9141,125,144,279711,2748,8717541,19051200
9142,140,161,279571,2727,8717702,19200100
9143,143,121,279428,2749,8717823,20450900
9144,146,135,279282,2760,8717958,19434300
9145,125,134,279157,2751,8718092,19270700
9146,140,162,279017,2729,8718254,19207700
9147,171,127,278846,2773,8718381,18745000
9148,142,116,278704,2799,8718497,19452300
9149,140,122,278564,2817,8718619,19033900
9150,143,163,278421,2797,8718782,19171200
9151,156,150,278265,2803,8718932,18864200
9152,148,137,278117,2814,8719069,18879600
9153,149,141,277968,2822,8719210,18836400
9154,158,148,277810,2832,8719358,19046200
9155,148,134,277662,2846,8719492,20189000
9156,159,163,277503,2842,8719655,19228900
9157,145,146,277358,2841,8719801,19277700
9158,125,134,277233,2832,8719935,19576000
9159,140,153,277093,2819,8720088,19144700
9160,147,136,276946,2830,8720224,19525200
9161,136,132,276810,2834,8720356,20682400
9162,163,126,276647,2871,8720482,20124300
9163,148,128,276499,2891,8720610,19532600
9164,153,134,276346,2910,8720744,19365100
9165,156,149,276190,2917,8720893,19039800
9166,155,165,276035,2907,8721058,19428900
9167,154,149,275881,2912,8721207,19322200
9168,132,151,275749,2893,8721358,19690300
9169,134,126,275615,2901,8721484,18994800
9170,151,160,275464,2892,8721644,18926800
9171,132,160,275332,2864,8721804,19307300
9172,135,135,275197,2864,8721939,19297300
9173,136,132,275061,2868,8722071,19481800
9174,144,157,274917,2855,8722228,19063500
9175,145,157,274772,2843,8722385,19260800
9176,146,131,274626,2858,8722516,19376000
9177,159,163,274467,2854,8722679,19070800
9178,141,143,274326,2852,8722822,19357700
9179,137,137,274189,2852,8722959,19799200
9180,156,146,274033,2862,8723105,19422500
9181,130,162,273903,2830,8723267,19203500
9182,145,146,273758,2829,8723413,18968500
9183,137,138,273621,2828,8723551,19318500
9184,135,139,273486,2824,8723690,18859800
9185,117,132,273369,2809,8723822,19043500
9186,130,134,273239,2805,8723956,19047600
9187,149,130,273090,2824,8724086,19025100
9188,128,143,272962,2809,8724229,18808000
9189,131,121,272831,2819,8724350,19399300
9190,133,142,272698,2810,8724492,19258100
9191,145,137,272553,2818,8724629,18774000
9192,143,143,272410,2818,8724772,18898400
9193,124,126,272286,2816,8724898,19233800
9194,139,147,272147,2808,8725045,18924400
9195,117,145,272030,2780,8725190,19255300
9196,157,141,271873,2796,8725331,19323400
9197,149,137,271724,2808,8725468,19547700
9198,137,126,271587,2819,8725594,19417700
9199,132,174,271455,2777,8725768,18836400
9200,136,121,271319,2792,8725889,19183700
9201,136,164,271183,2764,8726053,19366600
9202,123,129,271060,2758,8726182,19050000
9203,151,143,270909,2766,8726325,19355300
9204,151,143,270758,2774,8726468,18919400
9205,135,132,270623,2777,8726600,19396900
9206,141,140,270482,2778,8726740,18951700
9207,135,153,270347,2760,8726893,19297100
9208,142,136,270205,2766,8727029,18724100
9209,143,127,270062,2782,8727156,18904200
9210,138,146,269924,2774,8727302,19464600
9211,133,145,269791,2762,8727447,19401300
9212,136,154,269655,2744,8727601,19112200
9213,145,130,269510,2759,8727731,19152200
9214,132,133,269378,2758,8727864,19125600
9215,153,125,269225,2786,8727989,19126900
9216,144,140,269081,2790,8728129,19093800
9217,155,129,268926,2816,8728258,18922900
9218,133,134,268793,2815,8728392,18755300
9219,147,152,268646,2810,8728544,18768700
9220,155,150,268491,2815,8728694,19164100
9221,122,152,268369,2785,8728846,19088400
9222,158,133,268211,2810,8728979,19210900
9223,146,149,268065,2807,8729128,19167500
9224,139,153,267926,2793,8729281,18971800
9225,132,146,267794,2779,8729427,18907300
9226,142,145,267652,2776,8729572,18906400
9227,144,144,267508,2776,8729716,18907800
9228,143,138,267365,2781,8729854,19457600
9229,146,152,267219,2775,8730006,18922700
9230,129,134,267090,2770,8730140,19083900
9231,145,132,266945,2783,8730272,18895000
9232,155,137,266790,2801,8730409,19208500
9233,160,141,266630,2820,8730550,19322900
9234,142,165,266488,2797,8730715,19256200
9235,140,132,266348,2805,8730847,20217400
9236,138,129,266210,2814,8730976,19329100
9237,152,130,266058,2836,8731106,19792900
9238,130,148,265928,2818,8731254,19144700
9239,147,146,265781,2819,8731400,19528800
9240,142,137,265639,2824,8731537,19404500
9241,128,132,265511,2820,8731669,20012500
9242,148,162,265363,2806,8731831,19092100
9243,129,130,265234,2805,8731961,19048600
9244,118,143,265116,2780,8732104,18893900
9245,140,140,264976,2780,8732244,19303500
9246,164,156,264812,2788,8732400,19288900
9247,119,152,264693,2755,8732552,19451500
9248,135,122,264558,2768,8732674,19560200
9249,146,131,264412,2783,8732805,19300500
9250,170,139,264242,2814,8732944,19021300
9251,155,156,264087,2813,8733100,18620800
9252,132,150,263955,2795,8733250,18898100
9253,143,141,263812,2797,8733391,18897300
9254,133,142,263679,2788,8733533,18860400
9255,139,134,263540,2793,8733667,19121400
9256,143,154,263397,2782,8733821,18989000
9257,137,152,263260,2767,8733973,18888300
9258,123,148,263137,2742,8734121,18884900
9259,119,134,263018,2727,8734255,19100300
9260,121,125,262897,2723,8734380,18979900
9261,135,136,262762,2722,8734516,18886800
9262,106,138,262656,2690,8734654,19234100
9263,129,132,262527,2687,8734786,19100700
9264,132,141,262395,2678,8734927,19150700
9265,140,134,262255,2684,8735061,19612600
9266,122,134,262133,2672,8735195,20353200
9267,136,141,261997,2667,8735336,19657800
9268,132,141,261865,2658,8735477,20346100
9269,144,130,261721,2672,8735607,19248000
9270,132,131,261589,2673,8735738,19032900
9271,142,124,261447,2691,8735862,19089000
9272,138,111,261309,2718,8735973,19187700
9273,107,137,261202,2688,8736110,20070100
9274,138,127,261064,2699,8736237,18976400
9275,124,137,260940,2686,8736374,18758700
9276,139,136,260801,2689,8736510,18601700
9277,131,122,260670,2698,8736632,19230300
9278,140,155,260530,2683,8736787,19119400
9279,129,136,260401,2676,8736923,19416600
9280,125,136,260276,2665,8737059,19036900
9281,133,129,260143,2669,8737188,19336300
9282,143,147,260000,2665,8737335,18508600
9283,109,142,259891,2632,8737477,18862000
9284,148,145,259743,2635,8737622,18739500
9285,139,140,259604,2634,8737762,18865700
9286,147,115,259457,2666,8737877,19371900
9287,143,132,259314,2677,8738009,19085200
9288,150,140,259164,2687,8738149,18682200
9289,137,147,259027,2677,8738296,18431100
9290,130,146,258897,2661,8738442,18850800
9291,132,120,258765,2673,8738562,19310900
9292,126,125,258639,2674,8738687,19346700
9293,136,129,258503,2681,8738816,18491200
9294,137,122,258366,2696,8738938,19610700
9295,134,129,258232,2701,8739067,19017800
9296,146,140,258086,2707,8739207,19024100
9297,159,138,257927,2728,8739345,18839000
9298,133,124,257794,2737,8739469,19016400
9299,125,130,257669,2732,8739599,19087900
9300,151,132,257518,2751,8739731,19291700
9301,137,147,257381,2741,8739878,20085500
9302,138,125,257243,2754,8740003,19629900
9303,144,144,257099,2754,8740147,19960300
9304,130,125,256969,2759,8740272,19235300
9305,142,137,256827,2764,8740409,19242400
9306,140,148,256687,2756,8740557,19521100
9307,139,144,256548,2751,8740701,20024400
9308,138,128,256410,2761,8740829,19608000
9309,135,127,256275,2769,8740956,19184900
9310,149,116,256126,2802,8741072,19170500
9311,124,153,256002,2773,8741225,19947400
9312,130,148,255872,2755,8741373,19574500
9313,117,142,255755,2730,8741515,19483100
9314,125,135,255630,2720,8741650,18875200
9315,129,119,255501,2730,8741769,18935800
9316,134,137,255367,2727,8741906,19249500
9317,118,129,255249,2716,8742035,19680900
9318,134,151,255115,2699,8742186,19572900
9319,123,121,254992,2701,8742307,19152500
9320,129,153,254863,2677,8742460,18929400
9321,112,143,254751,2646,8742603,18606500
9322,147,133,254604,2660,8742736,19169000
9323,123,130,254481,2653,8742866,18985100
9324,125,154,254356,2624,8743020,19045900
9325,134,144,254222,2614,8743164,19283300
9326,125,139,254097,2600,8743303,19272500
9327,120,134,253977,2586,8743437,18528900
9328,121,128,253856,2579,8743565,18772300
9329,139,140,253717,2578,8743705,18875000
9330,140,126,253577,2592,8743831,18966100
9331,122,125,253455,2589,8743956,19451300
9332,122,133,253333,2578,8744089,19368300
9333,133,134,253200,2577,8744223,19900900
9334,128,152,253072,2553,8744375,19218100
9335,129,114,252943,2568,8744489,19283400
9336,102,135,252841,2535,8744624,19225300
9337,121,127,252720,2529,8744751,19123600
9338,111,149,252609,2491,8744900,19442000
9339,139,125,252470,2505,8745025,18931900
9340,110,135,252360,2480,8745160,19337200
9341,103,138,252257,2445,8745298,19213700
9342,122,127,252135,2440,8745425,19217000
9343,126,112,252009,2454,8745537,19753900
9344,114,128,251895,2440,8745665,19409900
9345,130,125,251765,2445,8745790,19369000
9346,125,117,251640,2453,8745907,19441700
9347,121,123,251519,2451,8746030,19572900
9348,130,114,251389,2467,8746144,19732700
9349,143,125,251246,2485,8746269,19442800
9350,121,127,251125,2479,8746396,19894300
9351,127,122,250998,2484,8746518,18989000
9352,148,120,250850,2512,8746638,19309900
9353,142,119,250708,2535,8746757,19252400
9354,143,121,250565,2557,8746878,19086600
9355,147,126,250418,2578,8747004,19501000
9356,130,120,250288,2588,8747124,19143100
9357,129,111,250159,2606,8747235,18735800
9358,141,119,250018,2628,8747354,18851700
9359,130,120,249888,2638,8747474,18966700
9360,139,137,249749,2640,8747611,18974600
9361,148,156,249601,2632,8747767,18716600
9362,144,116,249457,2660,8747883,18668300
9363,137,143,249320,2654,8748026,19052700
9364,149,146,249171,2657,8748172,19066500
9365,126,134,249045,2649,8748306,19108300
9366,119,137,248926,2631,8748443,18887600
9367,122,112,248804,2641,8748555,19792400
9368,133,129,248671,2645,8748684,18996000
9369,127,140,248544,2632,8748824,19291800
9370,126,133,248418,2625,8748957,19649900
9371,134,123,248284,2636,8749080,19422400
9372,122,129,248162,2629,8749209,19098300
9373,136,149,248026,2616,8749358,19807800
9374,130,139,247896,2607,8749497,19027100
9375,132,117,247764,2622,8749614,19114600
9376,127,119,247637,2630,8749733,19085400
9377,134,128,247503,2636,8749861,19831100
9378,127,122,247376,2641,8749983,19205600
9379,112,141,247264,2612,8750124,18976700
9380,124,142,247140,2594,8750266,18986100
9381,110,147,247030,2557,8750413,18696700
9382,126,122,246904,2561,8750535,18903600
9383,111,135,246793,2537,8750670,19028700
9384,120,143,246673,2514,8750813,18953000
9385,129,127,246544,2516,8750940,19513000
9386,130,116,246414,2530,8751056,18983900
9387,136,141,246278,2525,8751197,18790900
9388,131,121,246147,2535,8751318,18832100
9389,146,139,246001,2542,8751457,18987600
9390,134,138,245867,2538,8751595,19563900
9391,119,120,245748,2537,8751715,19137900
9392,124,132,245624,2529,8751847,18848500
9393,110,126,245514,2513,8751973,18862700
9394,115,142,245399,2486,8752115,19158500
9395,122,136,245277,2472,8752251,19130600
9396,119,118,245158,2473,8752369,18920200
9397,102,124,245056,2451,8752493,19018000
9398,122,136,244934,2437,8752629,19670000
9399,119,128,244815,2428,8752757,19165600
9400,123,110,244692,2441,8752867,19042100
9401,122,136,244570,2427,8753003,19111100
9402,137,122,244433,2442,8753125,19044100
9403,124,136,244309,2430,8753261,18995800
9404,116,144,244193,2402,8753405,19211200
9405,132,124,244061,2410,8753529,19362600
9406,127,117,243934,2420,8753646,19666600
9407,111,116,243823,2415,8753762,19115200
9408,118,122,243705,2411,8753884,19201500
9409,115,107,243590,2419,8753991,18643400
9410,129,122,243461,2426,8754113,18797600
9411,118,132,243343,2412,8754245,19021200
9412,100,136,243243,2376,8754381,19168300
9413,109,121,243134,2364,8754502,18853000
9414,119,102,243015,2381,8754604,18856200
9415,138,108,242877,2411,8754712,19011400
9416,138,129,242739,2420,8754841,19194000
9417,119,128,242620,2411,8754969,19021400
9418,137,141,242483,2407,8755110,18830800
9419,149,126,242334,2430,8755236,19094800
9420,117,131,242217,2416,8755367,18875400
9421,103,121,242114,2398,8755488,19688800
9422,123,117,241991,2404,8755605,19902500
9423,138,123,241853,2419,8755728,19139900
9424,114,102,241739,2431,8755830,19059200
9425,143,121,241596,2453,8755951,18983200
9426,115,119,241481,2449,8756070,19369000
9427,120,126,241361,2443,8756196,19010100
9428,122,113,241239,2452,8756309,18829900
9429,128,116,241111,2464,8756425,19051300
9430,113,112,240998,2465,8756537,19108500
9431,124,122,240874,2467,8756659,19213400
9432,102,147,240772,2422,8756806,19097200
9433,114,126,240658,2410,8756932,19838700
9434,117,113,240541,2414,8757045,19256500
9435,119,119,240422,2414,8757164,19172200
9436,127,132,240295,2409,8757296,19225800
9437,121,137,240174,2393,8757433,19070500
9438,132,120,240042,2405,8757553,19455200
9439,137,118,239905,2424,8757671,19509000
9440,117,119,239788,2422,8757790,19038900
9441,97,113,239691,2406,8757903,19530300
9442,114,99,239577,2421,8758002,18998700
9443,95,112,239482,2404,8758114,19543200
9444,135,147,239347,2392,8758261,19215800
9445,134,109,239213,2417,8758370,18982700
9446,119,139,239094,2397,8758509,18992500
9447,109,139,238985,2367,8758648,19055500
9448,111,122,238874,2356,8758770,18975500
9449,109,111,238765,2354,8758881,19008900
9450,109,123,238656,2340,8759004,19292800
9451,103,118,238553,2325,8759122,19135100
9452,103,113,238450,2315,8759235,18839200
9453,124,120,238326,2319,8759355,19635700
9454,113,131,238213,2301,8759486,18909400
9455,107,115,238106,2293,8759601,19079500
9456,100,115,238006,2278,8759716,18895500
9457,114,104,237892,2288,8759820,19294400
9458,123,129,237769,2282,8759949,19239200
9459,118,132,237651,2268,8760081,19526800
9460,122,121,237529,2269,8760202,19440600
9461,107,104,237422,2272,8760306,19121100
9462,100,110,237322,2262,8760416,19036800
9463,120,109,237202,2273,8760525,18995700
9464,110,93,237092,2290,8760618,19287400
9465,116,102,236976,2304,8760720,19005500
9466,127,114,236849,2317,8760834,18834200
9467,110,124,236739,2303,8760958,19001200
9468,115,105,236624,2313,8761063,19011600
9469,123,112,236501,2324,8761175,18898300
9470,109,105,236392,2328,8761280,19085600
9471,120,120,236272,2328,8761400,19488400
9472,94,132,236178,2290,8761532,19072100
9473,115,111,236063,2294,8761643,19907600
9474,118,128,235945,2284,8761771,19365500
9475,102,124,235843,2262,8761895,19199500
9476,107,96,235736,2273,8761991,19413700
9477,125,111,235611,2287,8762102,18875600
9478,121,125,235490,2283,8762227,19153600
9479,123,126,235367,2280,8762353,18731900
9480,107,116,235260,2271,8762469,19022600
9481,104,109,235156,2266,8762578,19043700
9482,100,107,235056,2259,8762685,18907700
9483,123,122,234933,2260,8762807,19425900
9484,104,117,234829,2247,8762924,19020600
9485,107,89,234722,2265,8763013,19145900
9486,129,109,234593,2285,8763122,19437600
9487,110,104,234483,2291,8763226,19018600
9488,124,124,234359,2291,8763350,19078500
9489,130,116,234229,2305,8763466,18982900
9490,115,105,234114,2315,8763571,18887700
9491,103,111,234011,2307,8763682,18956700
9492,136,103,233875,2340,8763785,19198700
9493,122,117,233753,2345,8763902,18932700
9494,128,115,233625,2358,8764017,18983000
9495,134,119,233491,2373,8764136,19053700
9496,130,121,233361,2382,8764257,19034800
9497,142,113,233219,2411,8764370,18973200
9498,113,101,233106,2423,8764471,19409500
9499,132,128,232974,2427,8764599,19271500
9500,144,121,232830,2450,8764720,19614500
9501,121,105,232709,2466,8764825,19144300
9502,127,125,232582,2468,8764950,19825400
9503,145,137,232437,2476,8765087,19203800
9504,122,105,232315,2493,8765192,19286800
9505,143,112,232172,2524,8765304,19474200
9506,137,105,232035,2556,8765409,19320500
9507,131,130,231904,2557,8765539,19224000
9508,138,119,231766,2576,8765658,19235100
9509,132,125,231634,2583,8765783,19184200
9510,124,126,231510,2581,8765909,19662300
9511,126,128,231384,2579,8766037,19663000
9512,123,118,231261,2584,8766155,19311000
9513,117,128,231144,2573,8766283,18900800
9514,124,120,231020,2577,8766403,18794800
9515,123,115,230897,2585,8766518,18878100
9516,140,125,230757,2600,8766643,19112400
9517,131,124,230626,2607,8766767,19292700
9518,116,101,230510,2622,8766868,19068000
9519,128,143,230382,2607,8767011,18954900
9520,135,146,230247,2596,8767157,19084300
9521,141,124,230106,2613,8767281,18786400
9522,132,146,229974,2599,8767427,19076600
9523,125,115,229849,2609,8767542,19243700
9524,132,129,229717,2612,8767671,19025200
9525,139,123,229578,2628,8767794,19571900
9526,130,136,229448,2622,8767930,19227000
9527,120,136,229328,2606,8768066,18941100
9528,129,127,229199,2608,8768193,18920900
9529,133,129,229066,2612,8768322,19404600
9530,116,113,228950,2615,8768435,18860800
9531,107,140,228843,2582,8768575,18639800
9532,115,123,228728,2574,8768698,18810700
9533,120,136,228608,2558,8768834,18966500
9534,128,154,228480,2532,8768988,19489900
9535,112,128,228368,2516,8769116,19239300
9536,110,125,228258,2501,8769241,19065900
9537,108,131,228150,2478,8769372,19036200
9538,115,132,228035,2461,8769504,19749200
9539,107,124,227928,2444,8769628,18807800
9540,112,120,227816,2436,8769748,18945300
9541,116,144,227700,2408,8769892,18878000
9542,121,109,227579,2420,8770001,18954200
9543,96,102,227483,2414,8770103,19371200
9544,125,130,227358,2409,8770233,19099400
9545,111,128,227247,2392,8770361,18985200
9546,120,138,227127,2374,8770499,18954100
9547,125,106,227002,2393,8770605,19094200
9548,104,121,226898,2376,8770726,19122600
9549,114,104,226784,2386,8770830,19961400
9550,112,132,226672,2366,8770962,20176200
9551,124,111,226548,2379,8771073,19590300
9552,110,133,226438,2356,8771206,19371200
9553,106,137,226332,2325,8771343,18893000
9554,113,107,226219,2331,8771450,20019400
9555,108,114,226111,2325,8771564,19850800
9556,112,135,225999,2302,8771699,19676500
9557,107,89,225892,2320,8771788,20415500
9558,114,101,225778,2333,8771889,19591500
9559,112,97,225666,2348,8771986,19892300
9560,112,110,225554,2350,8772096,19053000
9561,99,113,225455,2336,8772209,19439300
9562,114,132,225341,2318,8772341,19638000
9563,115,118,225226,2315,8772459,19186800
9564,105,101,225121,2319,8772560,19811800
9565,119,110,225002,2328,8772670,19787300
9566,92,122,224910,2298,8772792,19289400
9567,132,104,224778,2326,8772896,19571300
9568,137,116,224641,2347,8773012,19793800
9569,128,113,224513,2362,8773125,19469000
9570,122,114,224391,2370,8773239,19581400
9571,130,130,224261,2370,8773369,19623500
9572,121,123,224140,2368,8773492,19817500
9573,120,126,224020,2362,8773618,19321500
9574,110,110,223910,2362,8773728,19408700
9575,124,112,223786,2374,8773840,19463900
9576,121,125,223665,2370,8773965,19311200
9577,106,116,223559,2360,8774081,19586500
9578,127,130,223432,2357,8774211,20379900
9579,129,109,223303,2377,8774320,19675600
9580,125,117,223178,2385,8774437,19316700
9581,109,116,223069,2378,8774553,19324200
9582,100,117,222969,2361,8774670,19238000
9583,114,117,222855,2358,8774787,19702100
9584,118,118,222737,2358,8774905,19134200
9585,122,113,222615,2367,8775018,20079100
9586,115,138,222500,2344,8775156,19530200
9587,102,114,222398,2332,8775270,19137000
9588,90,107,222308,2315,8775377,19327000
9589,123,114,222185,2324,8775491,19421300
9590,128,145,222057,2307,8775636,20432600
9591,120,118,221937,2309,8775754,19922200
9592,109,104,221828,2314,8775858,19858500
9593,95,116,221733,2293,8775974,19234300
9594,109,121,221624,2281,8776095,19287500
9595,107,107,221517,2281,8776202,19146900
9596,95,111,221422,2265,8776313,19855700
9597,119,113,221303,2271,8776426,18920900
9598,101,108,221202,2264,8776534,18837900
9599,110,113,221092,2261,8776647,18832700
9600,96,92,220996,2265,8776739,19136200
9601,113,138,220883,2240,8776877,18955800
9602,108,113,220775,2235,8776990,19405700
9603,109,131,220666,2213,8777121,19204400
9604,123,110,220543,2226,8777231,18710400
9605,115,113,220428,2228,8777344,19250900
9606,98,108,220330,2218,8777452,19136800
9607,107,96,220223,2229,8777548,19328800
9608,102,119,220121,2212,8777667,19612300
9609,105,117,220016,2200,8777784,19067300
9610,104,96,219912,2208,8777880,18918900
9611,110,110,219802,2208,8777990,19686500
9612,114,102,219688,2220,8778092,19523500
9613,108,110,219580,2218,8778202,18763000
9614,118,100,219462,2236,8778302,18798700
9615,106,129,219356,2213,8778431,20001500
9616,120,117,219236,2216,8778548,19785200
9617,95,98,219141,2213,8778646,20125300
9618,108,96,219033,2225,8778742,18871800
9619,109,97,218924,2237,8778839,19196700
9620,102,100,218822,2239,8778939,18869300
9621,104,132,218718,2211,8779071,18765300
9622,121,111,218597,2221,8779182,18780700
9623,109,117,218488,2213,8779299,19146400
9624,102,97,218386,2218,8779396,18913000
9625,100,111,218286,2207,8779507,19035100
9626,101,100,218185,2208,8779607,19204800
9627,111,109,218074,2210,8779716,19188400
9628,106,116,217968,2200,8779832,19214900
9629,104,118,217864,2186,8779950,19458000
9630,97,102,217767,2181,8780052,19811900
9631,100,104,217667,2177,8780156,19278900
9632,117,111,217550,2183,8780267,19680800
9633,108,110,217442,2181,8780377,19013900
9634,113,123,217329,2171,8780500,19633500
9635,124,123,217205,2172,8780623,19131400
9636,99,97,217106,2174,8780720,19394000
9637,101,99,217005,2176,8780819,19397500
9638,117,100,216888,2193,8780919,19096100
9639,78,97,216810,2174,8781016,19565600
9640,121,99,216689,2196,8781115,19527400
9641,112,126,216577,2182,8781241,19437600
9642,130,123,216447,2189,8781364,19762400
9643,112,110,216335,2191,8781474,19393500
9644,96,116,216239,2171,8781590,19298100
9645,112,96,216127,2187,8781686,19057000
9646,117,129,216010,2175,8781815,18920100
9647,93,132,215917,2136,8781947,19014500
9648,111,101,215806,2146,8782048,18817600
9649,111,110,215695,2147,8782158,19207400
9650,100,107,215595,2140,8782265,18955800
9651,108,104,215487,2144,8782369,19084000
9652,99,118,215388,2125,8782487,18930400
9653,98,119,215290,2104,8782606,18900700
9654,97,96,215193,2105,8782702,19359800
9655,105,103,215088,2107,8782805,19044100
9656,117,100,214971,2124,8782905,18868900
9657,110,122,214861,2112,8783027,19045900
9658,110,107,214751,2115,8783134,19040200
9659,109,94,214642,2130,8783228,19288000
9660,112,93,214530,2149,8783321,19494000
9661,113,103,214417,2159,8783424,19277300
9662,128,97,214289,2190,8783521,18911400
9663,120,109,214169,2201,8783630,19073100
9664,113,111,214056,2203,8783741,18938400
9665,116,110,213940,2209,8783851,20021200
9666,123,112,213817,2220,8783963,18927900
9667,114,114,213703,2220,8784077,18761400
9668,120,100,213583,2240,8784177,19954000
9669,111,115,213472,2236,8784292,19396800
9670,102,110,213370,2228,8784402,19147100
9671,110,117,213260,2221,8784519,19076900
9672,98,122,213162,2197,8784641,19118800
9673,113,137,213049,2173,8784778,19628100
9674,114,111,212935,2176,8784889,19421600
9675,111,105,212824,2182,8784994,19211200
9676,121,101,212703,2202,8785095,19182900
9677,104,127,212599,2179,8785222,18872000
9678,102,96,212497,2185,8785318,18946900
9679,119,78,212378,2226,8785396,18890800
9680,99,102,212279,2223,8785498,19240900
9681,112,120,212167,2215,8785618,19745600
9682,99,110,212068,2204,8785728,19402800
9683,104,117,211964,2191,8785845,19159300
9684,102,107,211862,2186,8785952,18986300
9685,127,112,211735,2201,8786064,19134400
9686,107,114,211628,2194,8786178,19342500
9687,110,116,211518,2188,8786294,18912600
9688,99,121,211419,2166,8786415,19069700
9689,107,112,211312,2161,8786527,19261400
9690,90,94,211222,2157,8786621,18981800
9691,93,108,211129,2142,8786729,18830600
9692,115,94,211014,2163,8786823,18971300
9693,130,106,210884,2187,8786929,19521600
9694,122,118,210762,2191,8787047,19468300
9695,111,119,210651,2183,8787166,19124800
9696,129,118,210522,2194,8787284,19155400
9697,111,138,210411,2167,8787422,18987500
9698,100,104,210311,2163,8787526,19168000
9699,127,86,210184,2204,8787612,19546500
9700,100,109,210084,2195,8787721,19051500
9701,109,111,209975,2193,8787832,19334300
9702,101,134,209874,2160,8787966,19266500
9703,114,81,209760,2193,8788047,19256800
9704,106,125,209654,2174,8788172,19515400
9705,104,84,209550,2194,8788256,19644200
9706,113,109,209437,2198,8788365,19323100
9707,104,123,209333,2179,8788488,19165800
9708,105,121,209228,2163,8788609,18855600
9709,100,118,209128,2145,8788727,19143000
9710,113,101,209015,2157,8788828,19572100
9711,101,106,208914,2152,8788934,19409900
9712,101,117,208813,2136,8789051,19026800
9713,115,104,208698,2147,8789155,18960600
9714,92,109,208606,2130,8789264,18907600
9715,93,105,208513,2118,8789369,18807000
9716,129,118,208384,2129,8789487,19275700
9717,115,113,208269,2131,8789600,18943800
9718,104,105,208165,2130,8789705,18986000
9719,117,99,208048,2148,8789804,19037500
9720,106,105,207942,2149,8789909,19191100
9721,116,120,207826,2145,8790029,19504700
9722,99,107,207727,2137,8790136,19484400
9723,105,104,207622,2138,8790240,18963900
9724,130,101,207492,2167,8790341,19109100
9725,116,100,207376,2183,8790441,19368100
9726,126,111,207250,2198,8790552,19000400
9727,126,114,207124,2210,8790666,19170400
9728,111,99,207013,2222,8790765,18777400
9729,112,106,206901,2228,8790871,18863100
9730,133,126,206768,2235,8790997,18802500
9731,119,106,206649,2248,8791103,19152900
9732,120,129,206529,2239,8791232,18965000
9733,149,127,206380,2261,8791359,19316900
9734,125,119,206255,2267,8791478,21125200
9735,115,122,206140,2260,8791600,19400800
9736,110,108,206030,2262,8791708,19322300
9737,118,111,205912,2269,8791819,19236900
9738,133,130,205779,2272,8791949,19100300
9739,98,112,205681,2258,8792061,18846500
9740,133,119,205548,2272,8792180,18825600
9741,106,113,205442,2265,8792293,18928800
9742,116,114,205326,2267,8792407,18699100
9743,112,116,205214,2263,8792523,18835200
9744,114,113,205100,2264,8792636,18931800
9745,100,122,205000,2242,8792758,19121500
9746,107,111,204893,2238,8792869,19202700
9747,110,117,204783,2231,8792986,19023700
9748,96,117,204687,2210,8793103,18935400
9749,99,102,204588,2207,8793205,19044900
9750,96,98,204492,2205,8793303,19118300
9751,103,120,204389,2188,8793423,19300700
9752,111,105,204278,2194,8793528,19044600
9753,85,110,204193,2169,8793638,18861300
9754,83,108,204110,2144,8793746,19339400
9755,95,102,204015,2137,8793848,18936000
9756,101,130,203914,2108,8793978,18904000
9757,89,94,203825,2103,8794072,19527500
9758,93,109,203732,2087,8794181,18981200
9759,104,88,203628,2103,8794269,18790900
9760,89,105,203539,2087,8794374,18677000
9761,117,113,203422,2091,8794487,18775400
9762,112,115,203310,2088,8794602,18979400
9763,100,96,203210,2092,8794698,18663100
9764,94,93,203116,2093,8794791,19366900
9765,124,112,202992,2105,8794903,19270600
9766,99,95,202893,2109,8794998,19926400
9767,97,101,202796,2105,8795099,19339800
9768,119,104,202677,2120,8795203,19396400
9769,107,115,202570,2112,8795318,19244800
9770,100,114,202470,2098,8795432,20004500
9771,100,101,202370,2097,8795533,19278400
9772,99,119,202271,2077,8795652,19764800
9773,119,110,202152,2086,8795762,19606500
9774,116,100,202036,2102,8795862,19539700
9775,108,131,201928,2079,8795993,19114600
9776,98,101,201830,2076,8796094,19843100
9777,119,99,201711,2096,8796193,19148300
9778,93,109,201618,2080,8796302,18772800
9779,96,119,201522,2057,8796421,18841900
9780,89,101,201433,2045,8796522,18988500
9781,89,112,201344,2022,8796634,19054900
9782,107,95,201237,2034,8796729,19082700
9783,116,108,201121,2042,8796837,19048000
9784,100,109,201021,2033,8796946,19205000
9785,103,105,200918,2031,8797051,19307800
9786,104,112,200814,2023,8797163,19331000
9787,108,97,200706,2034,8797260,19517700
9788,103,92,200603,2045,8797352,19064200
9789,104,107,200499,2042,8797459,19162700
9790,107,108,200392,2041,8797567,18830300
9791,92,103,200300,2030,8797670,19131800
9792,105,91,200195,2044,8797761,18675100
9793,99,79,200096,2064,8797840,19168300
9794,96,97,200000,2063,8797937,19044100
9795,95,109,199905,2049,8798046,19209000
9796,88,104,199817,2033,8798150,19062400
9797,104,116,199713,2021,8798266,19426100
9798,110,102,199603,2029,8798368,18954700
9799,86,89,199517,2026,8798457,18718800
9800,88,81,199429,2033,8798538,19230700
9801,96,112,199333,2017,8798650,19060300
9802,86,99,199247,2004,8798749,19015400
9803,112,85,199135,2031,8798834,19002700
9804,96,90,199039,2037,8798924,19200900
9805,86,107,198953,2016,8799031,18828600
9806,84,108,198869,1992,8799139,18965000
9807,98,94,198771,1996,8799233,19133100
9808,103,96,198668,2003,8799329,18954200
9809,91,111,198577,1983,8799440,18893300
9810,86,97,198491,1972,8799537,18891200
9811,98,87,198393,1983,8799624,19045500
9812,105,111,198288,1977,8799735,18726500
9813,98,106,198190,1969,8799841,18675300
9814,90,89,198100,1970,8799930,18829300
9815,105,102,197995,1973,8800032,18578700
9816,104,85,197891,1992,8800117,18838800
9817,82,114,197809,1960,8800231,18910100
9818,94,91,197715,1963,8800322,19166200
9819,101,86,197614,1978,8800408,18872100
9820,94,98,197520,1974,8800506,19352000
9821,85,97,197435,1962,8800603,19332300
9822,86,104,197349,1944,8800707,19144500
9823,91,113,197258,1922,8800820,18879400
9824,107,106,197151,1923,8800926,18883600
9825,106,81,197045,1948,8801007,19180100
9826,106,105,196939,1949,8801112,19649200
9827,98,92,196841,1955,8801204,19304200
9828,94,84,196747,1965,8801288,19319100
9829,103,95,196644,1973,8801383,19025000
9830,112,80,196532,2005,8801463,19076800
9831,108,93,196424,2020,8801556,19154900
9832,89,94,196335,2015,8801650,19288900
9833,88,99,196247,2004,8801749,19688100
9834,116,93,196131,2027,8801842,18987100
9835,85,95,196046,2017,8801937,19351500
9836,101,111,195945,2007,8802048,19008300
9837,83,122,195862,1968,8802170,19298500
9838,93,102,195769,1959,8802272,19392800
9839,93,91,195676,1961,8802363,20055000
9840,103,87,195573,1977,8802450,19461300
9841,91,112,195482,1956,8802562,19138600
9842,93,84,195389,1965,8802646,19143600
9843,93,82,195296,1976,8802728,19025400
9844,84,106,195212,1954,8802834,19263100
9845,112,80,195100,1986,8802914,18986600
9846,117,100,194983,2003,8803014,19254900
9847,98,113,194885,1988,8803127,18912700
9848,87,106,194798,1969,8803233,18572800
9849,105,111,194693,1963,8803344,18856300
9850,97,100,194596,1960,8803444,18811100
9851,102,109,194494,1953,8803553,18771300
9852,89,93,194405,1949,8803646,18913200
9853,105,120,194300,1934,8803766,19161800
9854,88,91,194212,1931,8803857,18900200
9855,109,96,194103,1944,8803953,19079200
9856,91,94,194012,1941,8804047,19376800
9857,100,102,193912,1939,8804149,19191500
9858,87,106,193825,1920,8804255,18629900
9859,120,100,193705,1940,8804355,19008800
9860,76,108,193629,1908,8804463,19270900
9861,103,99,193526,1912,8804562,18978700
9862,86,100,193440,1898,8804662,19573600
9863,90,111,193350,1877,8804773,19009400
9864,82,92,193268,1867,8804865,18706800
9865,102,98,193166,1871,8804963,19007800
9866,82,87,193084,1866,8805050,19151200
9867,82,84,193002,1864,8805134,19474900
9868,84,95,192918,1853,8805229,19295900
9869,88,82,192830,1859,8805311,19553100
9870,96,107,192734,1848,8805418,19098900
9871,101,89,192633,1860,8805507,18794500
9872,96,96,192537,1860,8805603,18801000
9873,97,96,192440,1861,8805699,18970300
9874,82,95,192358,1848,8805794,18730500
9875,103,96,192255,1855,8805890,18782400
9876,92,103,192163,1844,8805993,18910400
9877,110,98,192053,1856,8806091,18865100
9878,100,95,191953,1861,8806186,19146500
9879,86,102,191867,1845,8806288,19152600
9880,82,89,191785,1838,8806377,19080000
9881,121,102,191664,1857,8806479,19219800
9882,103,94,191561,1866,8806573,19184000
9883,83,89,191478,1860,8806662,18988300
9884,105,97,191373,1868,8806759,19466300
9885,90,93,191283,1865,8806852,19247200
9886,82,79,191201,1868,8806931,19117900
9887,83,87,191118,1864,8807018,19183800
9888,85,101,191033,1848,8807119,19240500
9889,93,79,190940,1862,8807198,19182500
9890,89,70,190851,1881,8807268,21028100
9891,88,65,190763,1904,8807333,19154700
9892,93,84,190670,1913,8807417,18980000
9893,104,91,190566,1926,8807508,19235900
9894,98,100,190468,1924,8807608,18955000
9895,106,95,190362,1935,8807703,19160100
9896,103,111,190259,1927,8807814,19340400
9897,110,87,190149,1950,8807901,19550400
9898,100,100,190049,1950,8808001,20015000
9899,87,100,189962,1937,8808101,19707100
9900,86,94,189876,1929,8808195,18985200
9901,94,97,189782,1926,8808292,19229500
9902,80,88,189702,1918,8808380,19319100
9903,101,91,189601,1928,8808471,19485100
9904,94,89,189507,1933,8808560,19291300
9905,86,90,189421,1929,8808650,19240500
9906,66,100,189355,1895,8808750,20003600
9907,94,105,189261,1884,8808855,19243600
9908,100,95,189161,1889,8808950,19701700
9909,84,117,189077,1856,8809067,20623800
9910,88,102,188989,1842,8809169,19632500
9911,91,89,188898,1844,8809258,19389200
9912,98,84,188800,1858,8809342,19580600
9913,103,95,188697,1866,8809437,19434000
9914,112,107,188585,1871,8809544,20544600
9915,102,99,188483,1874,8809643,19910400
9916,84,99,188399,1859,8809742,19165100
9917,91,80,188308,1870,8809822,21356500
9918,93,95,188215,1868,8809917,19728200
9919,98,107,188117,1859,8810024,19176400
9920,76,95,188041,1840,8810119,19049300
9921,82,111,187959,1811,8810230,19753900
9922,71,76,187888,1806,8810306,19650900
9923,90,91,187798,1805,8810397,19062300
9924,72,78,187726,1799,8810475,18894000
9925,92,96,187634,1795,8810571,18919500
9926,84,81,187550,1798,8810652,19108500
9927,83,80,187467,1801,8810732,18799100
9928,86,85,187381,1802,8810817,18997800
9929,91,91,187290,1802,8810908,18853400
9930,81,107,187209,1776,8811015,20420200
9931,86,77,187123,1785,8811092,19343200
9932,96,93,187027,1788,8811185,19207400
9933,100,102,186927,1786,8811287,18718200
9934,79,61,186848,1804,8811348,19288900
9935,81,110,186767,1775,8811458,19040300
9936,90,82,186677,1783,8811540,18945200
9937,82,72,186595,1793,8811612,19094000
9938,97,83,186498,1807,8811695,18978900
9939,86,93,186412,1800,8811788,18964200
9940,86,82,186326,1804,8811870,18837600
9941,86,91,186240,1799,8811961,19122300
9942,89,80,186151,1808,8812041,19288700
9943,91,83,186060,1816,8812124,19110400
9944,102,79,185958,1839,8812203,19064600
9945,83,96,185875,1826,8812299,18927600
9946,83,93,185792,1816,8812392,21408800
9947,78,110,185714,1784,8812502,20712600
9948,84,86,185630,1782,8812588,20036000
9949,92,79,185538,1795,8812667,20414300
9950,68,91,185470,1772,8812758,19187800
9951,80,89,185390,1763,8812847,19028600
9952,98,79,185292,1782,8812926,18877400
9953,72,87,185220,1767,8813013,19497700
9954,78,88,185142,1757,8813101,19120400
9955,78,92,185064,1743,8813193,18931100
9956,69,79,184995,1733,8813272,18960200
9957,84,80,184911,1737,8813352,19009900
9958,101,74,184810,1764,8813426,18803400
9959,89,72,184721,1781,8813498,18978500
9960,94,93,184627,1782,8813591,18902100
9961,87,86,184540,1783,8813677,18876700
9962,95,90,184445,1788,8813767,18938100
9963,95,81,184350,1802,8813848,19441800
9964,94,90,184256,1806,8813938,19307100
9965,94,78,184162,1822,8814016,19386800
9966,87,94,184075,1815,8814110,19689100
9967,101,91,183974,1825,8814201,19071500
9968,96,99,183878,1822,8814300,20121300
9969,109,88,183769,1843,8814388,19202200
9970,111,112,183658,1842,8814500,19978100
9971,116,86,183542,1872,8814586,18993300
9972,95,95,183447,1872,8814681,19077100
9973,96,93,183351,1875,8814774,19163100
9974,100,92,183251,1883,8814866,19503700
9975,104,96,183147,1891,8814962,19557000
9976,96,91,183051,1896,8815053,19677000
9977,109,94,182942,1911,8815147,18936700
9978,98,88,182844,1921,8815235,19013900
9979,88,89,182756,1920,8815324,18903300
9980,103,106,182653,1917,8815430,19222900
9981,90,88,182563,1919,8815518,18993900
9982,93,111,182470,1901,8815629,19465800
9983,99,90,182371,1910,8815719,19674000
9984,75,88,182296,1897,8815807,18922000
9985,96,90,182200,1903,8815897,18912900
9986,102,83,182098,1922,8815980,18716900
9987,119,73,181979,1968,8816053,18944000
9988,125,91,181854,2002,8816144,19088300
9989,91,110,181763,1983,8816254,18740200
9990,83,107,181680,1959,8816361,19269700
9991,92,77,181588,1974,8816438,18936600
9992,91,106,181497,1959,8816544,19040900
9993,98,96,181399,1961,8816640,20043400
9994,82,89,181317,1954,8816729,19282900
9995,71,89,181246,1936,8816818,20896300
9996,90,95,181156,1931,8816913,18962200
9997,102,90,181054,1943,8817003,18722400
9998,83,82,180971,1944,8817085,19098000
9999,94,92,180877,1946,8817177,18793500
10000,105,89,180772,1962,8817266,18802600
10001,83,107,180689,1938,8817373,18894000
10002,108,92,180581,1954,8817465,19224500
10003,88,95,180493,1947,8817560,18916900
10004,89,101,180404,1935,8817661,19119600
10005,99,100,180305,1934,8817761,19135400
10006,91,109,180214,1916,8817870,19107500
10007,98,97,180116,1917,8817967,18896900
10008,81,93,180035,1905,8818060,18840400
10009,81,111,179954,1875,8818171,18893600
10010,84,103,179870,1856,8818274,19096900
10011,95,109,179775,1842,8818383,18904300
10012,86,97,179689,1831,8818480,19245900
10013,65,74,179624,1822,8818554,18858000
10014,89,83,179535,1828,8818637,18831300
10015,84,77,179451,1835,8818714,19291500
10016,79,81,179372,1833,8818795,18798500
10017,87,100,179285,1820,8818895,19323800
10018,75,101,179210,1794,8818996,19160600
10019,80,79,179130,1795,8819075,18804400
10020,86,98,179044,1783,8819173,19319000
10021,83,96,178961,1770,8819269,18976900
10022,115,79,178846,1806,8819348,19034800
10023,84,95,178762,1795,8819443,18758600
10024,87,91,178675,1791,8819534,19481200
10025,74,80,178601,1785,8819614,18859100
10026,96,102,178505,1779,8819716,19014000
10027,82,92,178423,1769,8819808,18896300
10028,97,87,178326,1779,8819895,18811500
10029,90,103,178236,1766,8819998,19181200
10030,88,91,178148,1763,8820089,20093600
10031,63,92,178085,1734,8820181,19747500
10032,87,87,177998,1734,8820268,19574600
10033,77,89,177921,1722,8820357,19276900
10034,81,78,177840,1725,8820435,19995800
10035,97,95,177743,1727,8820530,19796000
10036,77,86,177666,1718,8820616,19485900
10037,89,92,177577,1715,8820708,19003200
10038,89,103,177488,1701,8820811,18686200
10039,86,74,177402,1713,8820885,18994600
10040,108,94,177294,1727,8820979,19098600
10041,81,79,177213,1729,8821058,19309500
10042,79,92,177134,1716,8821150,19373900
10043,74,82,177060,1708,8821232,19331300
10044,78,101,176982,1685,8821333,18888300
10045,78,82,176904,1681,8821415,19415300
10046,79,72,176825,1688,8821487,19980500
10047,78,73,176747,1693,8821560,19147500
10048,91,76,176656,1708,8821636,19027000
10049,88,76,176568,1720,8821712,18708500
10050,91,89,176477,1722,8821801,19113000
10051,88,84,176389,1726,8821885,18781200
10052,71,95,176318,1702,8821980,18736200
10053,84,74,176234,1712,8822054,18846900
10054,72,68,176162,1716,8822122,19769400
10055,72,93,176090,1695,8822215,18533700
10056,95,85,175995,1705,8822300,18818700
10057,82,97,175913,1690,8822397,18991000
10058,82,83,175831,1689,8822480,19165300
10059,92,87,175739,1694,8822567,18908000
10060,85,88,175654,1691,8822655,18839000
10061,83,81,175571,1693,8822736,19574600
10062,87,88,175484,1692,8822824,18790400
10063,88,75,175396,1705,8822899,18842100
10064,87,93,175309,1699,8822992,18836800
10065,93,87,175216,1705,8823079,18795300
10066,111,73,175105,1743,8823152,18778000
10067,94,117,175011,1720,8823269,18895800
10068,85,89,174926,1716,8823358,19443900
10069,98,88,174828,1726,8823446,19096400
10070,96,79,174732,1743,8823525,18918300
10071,83,96,174649,1730,8823621,19108000
10072,93,86,174556,1737,8823707,19080200
10073,102,84,174454,1755,8823791,18897600
10074,99,88,174355,1766,8823879,19075800
10075,80,105,174275,1741,8823984,18832700
10076,85,95,174190,1731,8824079,19037000
10077,87,104,174103,1714,8824183,18955100
10078,88,94,174015,1708,8824277,18995000
10079,87,86,173928,1709,8824363,18623200
10080,78,89,173850,1698,8824452,18772400
10081,92,85,173758,1705,8824537,19097900
10082,86,77,173672,1714,8824614,18860700
10083,91,87,173581,1718,8824701,18971300
10084,99,90,173482,1727,8824791,19283600
10085,92,83,173390,1736,8824874,18881100
10086,91,81,173299,1746,8824955,18818400
10087,93,75,173206,1764,8825030,19606300
10088,84,88,173122,1760,8825118,19862400
10089,85,89,173037,1756,8825207,18983700
10090,92,78,172945,1770,8825285,18964500
10091,84,104,172861,1750,8825389,18912500
10092,84,87,172777,1747,8825476,18927400
10093,91,97,172686,1741,8825573,18764300
10094,91,91,172595,1741,8825664,19113100
10095,89,92,172506,1738,8825756,19388400
10096,91,87,172415,1742,8825843,19180200
10097,77,84,172338,1735,8825927,19751000
10098,82,84,172256,1733,8826011,19282300
10099,90,87,172166,1736,8826098,19097900
10100,79,90,172087,1725,8826188,19019500
10101,83,88,172004,1720,8826276,18765700
10102,69,89,171935,1700,8826365,19019400
10103,88,75,171847,1713,8826440,18756300
10104,98,94,171749,1717,8826534,19776100
10105,76,88,171673,1705,8826622,19306800
10106,89,61,171584,1733,8826683,19555300
10107,82,80,171502,1735,8826763,19358800
10108,87,89,171415,1733,8826852,19015900
10109,73,83,171342,1723,8826935,19277600
10110,73,98,171269,1698,8827033,19172200
10111,83,72,171186,1709,8827105,18562600
10112,79,96,171107,1692,8827201,19279400
10113,70,74,171037,1688,8827275,18983200
10114,73,97,170964,1664,8827372,18899800
10115,71,75,170893,1660,8827447,18937300
10116,72,77,170821,1655,8827524,18905400
10117,77,79,170744,1653,8827603,19290600
10118,76,68,170668,1661,8827671,19143000
10119,73,67,170595,1667,8827738,18785500
10120,77,85,170518,1659,8827823,19007600
10121,74,83,170444,1650,8827906,19612600
10122,72,69,170372,1653,8827975,18869200
10123,62,92,170310,1623,8828067,19203800
10124,79,84,170231,1618,8828151,19208200
10125,70,81,170161,1607,8828232,18899000
10126,81,84,170080,1604,8828316,18829800
10127,78,79,170002,1603,8828395,19187900
10128,76,85,169926,1594,8828480,18962600
10129,84,71,169842,1607,8828551,19188300
10130,85,74,169757,1618,8828625,19031700
10131,70,80,169687,1608,8828705,18890100
10132,86,80,169601,1614,8828785,18821700
10133,65,77,169536,1602,8828862,19025400
10134,83,72,169453,1613,8828934,19125900
10135,75,72,169378,1616,8829006,18881000
10136,71,82,169307,1605,8829088,18898800
10137,78,69,169229,1614,8829157,19123600
10138,80,69,169149,1625,8829226,18937200
10139,77,90,169072,1612,8829316,19221400
10140,81,84,168991,1609,8829400,20183900
10141,71,80,168920,1600,8829480,19701800
10142,89,70,168831,1619,8829550,19259400
10143,97,93,168734,1623,8829643,19014400
10144,86,89,168648,1620,8829732,18918500
10145,80,69,168568,1631,8829801,19001900
10146,83,67,168485,1647,8829868,19011900
10147,81,75,168404,1653,8829943,19094600
10148,103,83,168301,1673,8830026,19054700
10149,79,102,168222,1650,8830128,18850800
10150,90,84,168132,1656,8830212,19319000
10151,93,88,168039,1661,8830300,19437200
10152,80,81,167959,1660,8830381,19051100
10153,86,76,167873,1670,8830457,18760700
10154,75,84,167798,1661,8830541,19044100
10155,87,82,167711,1666,8830623,18955900
10156,70,80,167641,1656,8830703,19434700
10157,88,78,167553,1666,8830781,19216500
10158,69,76,167484,1659,8830857,19338200
10159,75,70,167409,1664,8830927,19069700
10160,83,79,167326,1668,8831006,19180400
10161,72,91,167254,1649,8831097,18903900
10162,96,82,167158,1663,8831179,19515400
10163,85,89,167073,1659,8831268,19058100
10164,88,87,166985,1660,8831355,19323700
10165,84,73,166901,1671,8831428,19464100
10166,80,75,166821,1676,8831503,19400800
10167,81,85,166740,1672,8831588,19173000
10168,87,100,166653,1659,8831688,19340800
10169,75,71,166578,1663,8831759,19551200
10170,90,75,166488,1678,8831834,19624900
10171,91,76,166397,1693,8831910,18880300
10172,85,86,166312,1692,8831996,19502700
10173,97,102,166215,1687,8832098,18896300
10174,72,80,166143,1679,8832178,19613400
10175,85,93,166058,1671,8832271,19333600
10176,97,61,165961,1707,8832332,19268400
10177,64,84,165897,1687,8832416,19176300
10178,70,88,165827,1669,8832504,18810900
10179,74,77,165753,1666,8832581,18960800
10180,89,82,165664,1673,8832663,19088000
10181,73,85,165591,1661,8832748,18963900
10182,86,84,165505,1663,8832832,19454500
10183,83,78,165422,1668,8832910,19202900
10184,69,81,165353,1656,8832991,18856400
10185,75,90,165278,1641,8833081,19192500
10186,83,87,165195,1637,8833168,19305300
10187,89,79,165106,1647,8833247,19193700
10188,86,101,165020,1632,8833348,18849000
10189,86,77,164934,1641,8833425,18838000
10190,73,71,164861,1643,8833496,19158800
10191,91,96,164770,1638,8833592,18951600
10192,78,88,164692,1628,8833680,19171800
10193,93,82,164599,1639,8833762,19436300
10194,68,83,164531,1624,8833845,19374100
10195,81,91,164450,1614,8833936,19017100
10196,79,77,164371,1616,8834013,19111700
10197,72,85,164299,1603,8834098,18879000
10198,81,76,164218,1608,8834174,18769000
10199,79,85,164139,1602,8834259,19434500
10200,69,85,164070,1586,8834344,19146200
10201,80,81,163990,1585,8834425,18887200
10202,72,88,163918,1569,8834513,19020700
10203,73,74,163845,1568,8834587,20090100
10204,81,74,163764,1575,8834661,20564900
10205,75,99,163689,1551,8834760,19319600
10206,82,85,163607,1548,8834845,18981000
10207,78,88,163529,1538,8834933,19072200
10208,84,75,163445,1547,8835008,18688500
10209,62,76,163383,1533,8835084,18547700
10210,66,88,163317,1511,8835172,19163000
10211,69,81,163248,1499,8835253,19126200
10212,76,75,163172,1500,8835328,18858200
10213,65,80,163107,1485,8835408,18992900
10214,73,75,163034,1483,8835483,19260100
10215,85,90,162949,1478,8835573,18808400
10216,74,75,162875,1477,8835648,18886100
10217,77,56,162798,1498,8835704,19108900
10218,69,82,162729,1485,8835786,18941600
10219,70,68,162659,1487,8835854,19037800
10220,62,88,162597,1461,8835942,18893200
10221,77,88,162520,1450,8836030,19319800
10222,64,81,162456,1433,8836111,19040900
10223,82,80,162374,1435,8836191,18936800
10224,71,57,162303,1449,8836248,18921800
10225,84,77,162219,1456,8836325,18928700
10226,62,72,162157,1446,8836397,21002300
10227,77,77,162080,1446,8836474,19158800
10228,66,70,162014,1442,8836544,19020700
10229,83,74,161931,1451,8836618,19891200
10230,83,81,161848,1453,8836699,19135400
10231,89,78,161759,1464,8836777,19178200
10232,83,81,161676,1466,8836858,19095500
10233,79,73,161597,1472,8836931,19151400
10234,82,71,161515,1483,8837002,19339000
10235,62,84,161453,1461,8837086,19642300
10236,74,91,161379,1444,8837177,19587000
10237,72,66,161307,1450,8837243,19430400
10238,68,71,161239,1447,8837314,19448600
10239,69,82,161170,1434,8837396,20237800
10240,74,79,161096,1429,8837475,20447600
10241,73,66,161023,1436,8837541,19909800
10242,81,69,160942,1448,8837610,19251800
10243,69,78,160873,1439,8837688,19100300
10244,80,84,160793,1435,8837772,19721200
10245,73,72,160720,1436,8837844,19530700
10246,62,62,160658,1436,8837906,19830600
10247,69,80,160589,1425,8837986,19005700
10248,73,54,160516,1444,8838040,18801700
10249,72,61,160444,1455,8838101,18985600
10250,70,76,160374,1449,8838177,19114700
10251,64,76,160310,1437,8838253,18782600
10252,84,68,160226,1453,8838321,19268800
10253,72,65,160154,1460,8838386,19091300
10254,75,77,160079,1458,8838463,19225500
10255,76,70,160003,1464,8838533,19307300
10256,73,66,159930,1471,8838599,19199900
10257,68,66,159862,1473,8838665,18850300
10258,70,70,159792,1473,8838735,19216000
10259,74,72,159718,1475,8838807,19294300
10260,69,73,159649,1471,8838880,19055900
10261,74,67,159575,1478,8838947,18966800
10262,74,71,159501,1481,8839018,18939200
10263,59,71,159442,1469,8839089,18699400
10264,67,78,159375,1458,8839167,18856900
10265,74,65,159301,1467,8839232,18752200
10266,70,70,159231,1467,8839302,18815400
10267,59,74,159172,1452,8839376,18757500
10268,70,85,159102,1437,8839461,18843500
10269,62,67,159040,1432,8839528,18965000
10270,59,72,158981,1419,8839600,18826100
10271,81,63,158900,1437,8839663,18797600
10272,63,66,158837,1434,8839729,19260600
10273,50,88,158787,1396,8839817,19095000
10274,67,63,158720,1400,8839880,18953600
10275,61,69,158659,1392,8839949,19208100
10276,66,80,158593,1378,8840029,18984000
10277,59,69,158534,1368,8840098,18858400
10278,70,61,158464,1377,8840159,18998500
10279,64,73,158400,1368,8840232,19054100
10280,61,70,158339,1359,8840302,18970500
10281,61,60,158278,1360,8840362,18642500
10282,64,65,158214,1359,8840427,19233000
10283,67,68,158147,1358,8840495,19275000
10284,70,79,158077,1349,8840574,19364400
10285,75,70,158002,1354,8840644,19001100
10286,74,70,157928,1358,8840714,19055700
10287,63,74,157865,1347,8840788,19046200
10288,79,77,157786,1349,8840865,19283700
10289,64,71,157722,1342,8840936,18962200
10290,64,65,157658,1341,8841001,19103700
10291,58,62,157600,1337,8841063,19270800
10292,67,60,157533,1344,8841123,19414100
10293,63,70,157470,1337,8841193,18920000
10294,67,79,157403,1325,8841272,18714000
10295,72,67,157331,1330,8841339,19344900
10296,77,57,157254,1350,8841396,19543000
10297,54,74,157200,1330,8841470,19357000
10298,77,69,157123,1338,8841539,19815700
10299,71,72,157052,1337,8841611,20074700
10300,66,72,156986,1331,8841683,19655900
10301,68,70,156918,1329,8841753,19729700
10302,69,49,156849,1349,8841802,19412500
10303,72,61,156777,1360,8841863,19977100
10304,66,81,156711,1345,8841944,19647900
10305,68,67,156643,1346,8842011,19432400
10306,55,75,156588,1326,8842086,19533600
10307,73,61,156515,1338,8842147,19358500
10308,75,63,156440,1350,8842210,19439100
10309,67,57,156373,1360,8842267,18837600
10310,73,63,156300,1370,8842330,19003000
10311,78,57,156222,1391,8842387,18825200
10312,56,54,156166,1393,8842441,19425000
10313,63,71,156103,1385,8842512,19129500
10314,67,67,156036,1385,8842579,18878200
10315,62,66,155974,1381,8842645,19059900
10316,63,73,155911,1371,8842718,19467200
10317,67,75,155844,1363,8842793,18879600
10318,70,67,155774,1366,8842860,18862900
10319,77,60,155697,1383,8842920,18900200
10320,66,72,155631,1377,8842992,19450400
10321,60,74,155571,1363,8843066,18843600
10322,62,75,155509,1350,8843141,19077700
10323,61,55,155448,1356,8843196,18922900
10324,56,80,155392,1332,8843276,19046300
10325,60,77,155332,1315,8843353,19673600
10326,53,78,155279,1290,8843431,19646800
10327,52,52,155227,1290,8843483,18806400
10328,59,61,155168,1288,8843544,18959200
10329,74,57,155094,1305,8843601,18935500
10330,52,66,155042,1291,8843667,18963700
10331,62,57,154980,1296,8843724,19183500
10332,66,63,154914,1299,8843787,19133200
10333,72,66,154842,1305,8843853,18580400
10334,62,65,154780,1302,8843918,18992400
10335,64,75,154716,1291,8843993,19356600
10336,62,75,154654,1278,8844068,18899000
10337,57,75,154597,1260,8844143,18941400
10338,53,63,154544,1250,8844206,19304500
10339,65,58,154479,1257,8844264,18831700
10340,64,68,154415,1253,8844332,18803900
10341,54,41,154361,1266,8844373,19031900
10342,65,63,154296,1268,8844436,19509000
10343,63,61,154233,1270,8844497,18816000
10344,69,61,154164,1278,8844558,18961700
10345,71,61,154093,1288,8844619,19287800
10346,77,59,154016,1306,8844678,18921300
10347,78,67,153938,1317,8844745,18950700
10348,65,70,153873,1312,8844815,19025400
10349,75,63,153798,1324,8844878,19036600
10350,83,71,153715,1336,8844949,19100000
10351,72,62,153643,1346,8845011,19763200
10352,64,62,153579,1348,8845073,19458700
10353,78,80,153501,1346,8845153,19031900
10354,60,80,153441,1326,8845233,19030700
10355,65,65,153376,1326,8845298,19032700
10356,59,66,153317,1319,8845364,19297500
10357,63,61,153254,1321,8845425,19538600
10358,67,68,153187,1320,8845493,19265100
10359,74,61,153113,1333,8845554,19825700
10360,62,67,153051,1328,8845621,19194600
10361,61,69,152990,1320,8845690,19488300
10362,61,87,152929,1294,8845777,19228500
10363,66,72,152863,1288,8845849,19175200
10364,57,61,152806,1284,8845910,19091600
10365,60,72,152746,1272,8845982,19503300
10366,60,63,152686,1269,8846045,19372800
10367,61,54,152625,1276,8846099,19412300
10368,66,60,152559,1282,8846159,19130800
10369,69,56,152490,1295,8846215,19292500
10370,66,55,152424,1306,8846270,19369900
10371,78,60,152346,1324,8846330,19276900
10372,67,64,152279,1327,8846394,18856100
10373,73,75,152206,1325,8846469,19248300
10374,65,57,152141,1333,8846526,19561100
10375,78,70,152063,1341,8846596,19156500
10376,87,58,151976,1370,8846654,19107200
10377,81,60,151895,1391,8846714,19044600
10378,63,61,151832,1393,8846775,18760700
10379,76,74,151756,1395,8846849,18877700
10380,56,74,151700,1377,8846923,19003700
10381,69,85,151631,1361,8847008,19032800
10382,72,65,151559,1368,8847073,19554400
10383,52,83,151507,1337,8847156,19056900
10384,64,52,151443,1349,8847208,19002300
10385,67,61,151376,1355,8847269,18911400
10386,60,54,151316,1361,8847323,18976300
10387,51,69,151265,1343,8847392,19101300
10388,69,69,151196,1343,8847461,19277400
10389,79,69,151117,1353,8847530,18897900
10390,70,79,151047,1344,8847609,18968600
10391,75,85,150972,1334,8847694,19134100
10392,58,68,150914,1324,8847762,19056000
10393,62,72,150852,1314,8847834,18921500
10394,65,75,150787,1304,8847909,19306900
10395,64,54,150723,1314,8847963,19194000
10396,62,70,150661,1306,8848033,19048700
10397,67,70,150594,1303,8848103,19279300
10398,53,65,150541,1291,8848168,19198400
10399,46,61,150495,1276,8848229,18889600
10400,54,66,150441,1264,8848295,19023500
10401,62,56,150379,1270,8848351,19795700
10402,66,55,150313,1281,8848406,19086900
10403,57,56,150256,1282,8848462,19181800
10404,66,66,150190,1282,8848528,19216400
10405,64,56,150126,1290,8848584,18655200
10406,60,73,150066,1277,8848657,18625700
10407,69,64,149997,1282,8848721,18866000
10408,80,70,149917,1292,8848791,19035500
10409,71,85,149846,1278,8848876,18986100
10410,67,56,149779,1289,8848932,20607000
10411,66,58,149713,1297,8848990,19373400
10412,71,62,149642,1306,8849052,19118000
10413,70,60,149572,1316,8849112,19119200
10414,63,55,149509,1324,8849167,19132700
10415,63,69,149446,1318,8849236,19108100
10416,65,67,149381,1316,8849303,19251100
10417,69,60,149312,1325,8849363,18895500
10418,58,70,149254,1313,8849433,19168000
10419,55,53,149199,1315,8849486,18950300
10420,47,74,149152,1288,8849560,18719600
10421,69,62,149083,1295,8849622,18797900
10422,66,69,149017,1292,8849691,19242700
10423,67,59,148950,1300,8849750,18929200
10424,69,56,148881,1313,8849806,19337800
10425,59,72,148822,1300,8849878,18876500
10426,58,66,148764,1292,8849944,19227900
10427,65,63,148699,1294,8850007,19087200
10428,56,57,148643,1293,8850064,19646600
10429,59,54,148584,1298,8850118,19595900
10430,75,52,148509,1321,8850170,19226000
10431,69,52,148440,1338,8850222,19490400
10432,58,86,148382,1310,8850308,18915000
10433,55,71,148327,1294,8850379,19120700
10434,74,63,148253,1305,8850442,19367300
10435,60,62,148193,1303,8850504,19604800
10436,56,75,148137,1284,8850579,19887800
10437,56,77,148081,1263,8850656,20006900
10438,59,50,148022,1272,8850706,19709500
10439,60,71,147962,1261,8850777,19613400
10440,67,58,147895,1270,8850835,19425100
10441,72,62,147823,1280,8850897,19772200
10442,66,62,147757,1284,8850959,18800800
10443,64,66,147693,1282,8851025,19222800
10444,51,70,147642,1263,8851095,18846000
10445,57,62,147585,1258,8851157,18829200
10446,54,61,147531,1251,8851218,19734400
10447,65,62,147466,1254,8851280,19342100
10448,74,49,147392,1279,8851329,20273800
10449,62,60,147330,1281,8851389,19079200
10450,60,59,147270,1282,8851448,18806000
10451,68,58,147202,1292,8851506,19340400
10452,60,63,147142,1289,8851569,19056700
10453,63,59,147079,1293,8851628,18917000
10454,64,66,147015,1291,8851694,19503300
10455,67,64,146948,1294,8851758,19833900
10456,62,67,146886,1289,8851825,19596500
10457,65,68,146821,1286,8851893,19261800
10458,73,71,146748,1288,8851964,19617300
10459,60,61,146688,1287,8852025,19152900
10460,74,52,146614,1309,8852077,18943800
10461,65,61,146549,1313,8852138,18799400
10462,68,78,146481,1303,8852216,19466100
10463,69,76,146412,1296,8852292,19623200
10464,74,66,146338,1304,8852358,19303200
10465,67,50,146271,1321,8852408,19117300
10466,52,59,146219,1314,8852467,18708000
10467,68,67,146151,1315,8852534,19384400
10468,57,56,146094,1316,8852590,19114000
10469,68,64,146026,1320,8852654,18792000
10470,66,70,145960,1316,8852724,19145200
10471,51,61,145909,1306,8852785,19216100
10472,66,65,145843,1307,8852850,19271700
10473,64,72,145779,1299,8852922,19384200
10474,64,54,145715,1309,8852976,19048600
10475,80,48,145635,1341,8853024,19480400
10476,60,52,145575,1349,8853076,18977500
10477,66,59,145509,1356,8853135,19215200
10478,84,80,145425,1360,8853215,19094300
10479,84,76,145341,1368,8853291,18834800
10480,76,82,145265,1362,8853373,19118800
10481,64,73,145201,1353,8853446,19089600
10482,73,82,145128,1344,8853528,19057800
10483,67,60,145061,1351,8853588,19010900
10484,70,81,144991,1340,8853669,19061500
10485,72,70,144919,1342,8853739,19431000
10486,71,81,144848,1332,8853820,19293800
10487,57,61,144791,1328,8853881,18916600
10488,64,63,144727,1329,8853944,19226400
10489,61,61,144666,1329,8854005,18909100
10490,66,71,144600,1324,8854076,18892400
10491,56,69,144544,1311,8854145,19158700
10492,51,77,144493,1285,8854222,19314400
10493,64,57,144429,1292,8854279,19185600
10494,73,56,144356,1309,8854335,19141400
10495,64,69,144292,1304,8854404,19685100
10496,67,67,144225,1304,8854471,19169300
10497,72,61,144153,1315,8854532,19133500
10498,73,82,144080,1306,8854614,19330000
10499,52,62,144028,1296,8854676,19267800
10500,65,65,143963,1296,8854741,19321000
10501,64,62,143899,1298,8854803,20295800
10502,68,64,143831,1302,8854867,19375000
10503,69,64,143762,1307,8854931,19367600
10504,65,69,143697,1303,8855000,19724400
10505,76,68,143621,1311,8855068,20093200
10506,75,62,143546,1324,8855130,19125800
10507,62,54,143484,1332,8855184,19117700
10508,54,69,143430,1317,8855253,19640500
10509,64,56,143366,1325,8855309,18858300
10510,54,53,143312,1326,8855362,18770200
10511,60,65,143252,1321,8855427,19651400
10512,50,40,143202,1331,8855467,19510500
10513,58,64,143144,1325,8855531,20283700
10514,53,74,143091,1304,8855605,18896200
10515,66,65,143025,1305,8855670,19370100
10516,61,53,142964,1313,8855723,19173900
10517,62,72,142902,1303,8855795,19349100
10518,64,89,142838,1278,8855884,19477400
10519,59,87,142779,1250,8855971,19469500
10520,71,59,142708,1262,8856030,21118000
10521,64,69,142644,1257,8856099,18862300
10522,59,57,142585,1259,8856156,19184900
10523,62,63,142523,1258,8856219,19107600
10524,55,54,142468,1259,8856273,19037100
10525,56,50,142412,1265,8856323,19065500
10526,69,60,142343,1274,8856383,19271200
10527,66,61,142277,1279,8856444,18729300
10528,81,66,142196,1294,8856510,18771600
10529,81,60,142115,1315,8856570,19425200
10530,61,65,142054,1311,8856635,19376900
10531,59,67,141995,1303,8856702,18863800
10532,56,75,141939,1284,8856777,19048000
10533,67,61,141872,1290,8856838,19306400
10534,74,67,141798,1297,8856905,19375400
10535,60,74,141738,1283,8856979,19747100
10536,63,72,141675,1274,8857051,19331200
10537,64,73,141611,1265,8857124,19324600
10538,63,66,141548,1262,8857190,19053500
10539,59,82,141489,1239,8857272,19010100
10540,64,66,141425,1237,8857338,20159500
10541,61,62,141364,1236,8857400,19000900
10542,68,61,141296,1243,8857461,20843200
10543,67,68,141229,1242,8857529,19694900
10544,61,54,141168,1249,8857583,19115300
10545,68,58,141100,1259,8857641,19049700
10546,70,67,141030,1262,8857708,19080800
10547,68,63,140962,1267,8857771,19182600
10548,64,64,140898,1267,8857835,19142400
10549,55,68,140843,1254,8857903,19132200
10550,68,55,140775,1267,8857958,19232800
10551,79,67,140696,1279,8858025,19050500
10552,69,62,140627,1286,8858087,18839700
10553,67,75,140560,1278,8858162,19038500
10554,58,70,140502,1266,8858232,19254400
10555,60,62,140442,1264,8858294,18951700
10556,79,52,140363,1291,8858346,18971000
10557,52,65,140311,1278,8858411,19296000
10558,69,48,140242,1299,8858459,19135400
10559,58,75,140184,1282,8858534,20913300
10560,60,57,140124,1285,8858591,20116200
10561,44,69,140080,1260,8858660,19536700
10562,67,60,140013,1267,8858720,19048600
10563,59,74,139954,1252,8858794,19317000
10564,56,66,139898,1242,8858860,19714800
10565,55,61,139843,1236,8858921,19429300
10566,64,62,139779,1238,8858983,19223400
10567,58,55,139721,1241,8859038,22187500
10568,44,87,139677,1198,8859125,19705600
10569,64,52,139613,1210,8859177,19570300
10570,59,56,139554,1213,8859233,19553200
10571,47,59,139507,1201,8859292,19542200
10572,46,60,139461,1187,8859352,19537900
10573,57,67,139404,1177,8859419,19448600
10574,38,67,139366,1148,8859486,21289600
10575,64,69,139302,1143,8859555,19383600
10576,54,60,139248,1137,8859615,19289300
10577,68,58,139180,1147,8859673,19458200
10578,54,53,139126,1148,8859726,18994700
10579,39,58,139087,1129,8859784,19284500
10580,61,65,139026,1125,8859849,19335200
10581,56,52,138970,1129,8859901,20480500
10582,63,61,138907,1131,8859962,19318400
10583,37,46,138870,1122,8860008,19180400
10584,39,57,138831,1104,8860065,19233200
10585,55,52,138776,1107,8860117,19261600
10586,61,58,138715,1110,8860175,19205000
10587,46,51,138669,1105,8860226,19447900
10588,42,55,138627,1092,8860281,19044800
10589,51,58,138576,1085,8860339,19307400
10590,63,59,138513,1089,8860398,19345400
10591,49,55,138464,1083,8860453,19807400
10592,51,64,138413,1070,8860517,19581500
10593,60,51,138353,1079,8860568,19341200
10594,53,49,138300,1083,8860617,19967200
10595,48,62,138252,1069,8860679,22109200
10596,46,59,138206,1056,8860738,19715200
10597,44,48,138162,1052,8860786,19359500
10598,35,60,138127,1027,8860846,19306900
10599,42,45,138085,1024,8860891,19315200
10600,39,59,138046,1004,8860950,19059600
10601,26,39,138020,991,8860989,19459100
10602,26,55,137994,962,8861044,19194200
10603,34,48,137960,948,8861092,19244600
10604,34,44,137926,938,8861136,19900400
10605,24,53,137902,909,8861189,19225800
10606,32,41,137870,900,8861230,19837000
10607,44,48,137826,896,8861278,19394700
10608,26,31,137800,891,8861309,19359800
10609,32,50,137768,873,8861359,19183700
10610,34,43,137734,864,8861402,19161700
10611,23,48,137711,839,8861450,19684600
10612,36,36,137675,839,8861486,20198500
10613,29,41,137646,827,8861527,18918300
10614,41,31,137605,837,8861558,19042200
10615,33,26,137572,844,8861584,19276500
10616,41,31,137531,854,8861615,19379700
10617,34,40,137497,848,8861655,19245700
10618,40,38,137457,850,8861693,19426900
10619,35,53,137422,832,8861746,19209900
10620,32,28,137390,836,8861774,19408500
10621,29,53,137361,812,8861827,19231000
10622,30,43,137331,799,8861870,20602200
10623,32,50,137299,781,8861920,19143000
10624,27,38,137272,770,8861958,19262000
10625,32,28,137240,774,8861986,19511700
10626,42,40,137198,776,8862026,19530900
10627,44,43,137154,777,8862069,19265000
10628,32,26,137122,783,8862095,19364700
10629,26,35,137096,774,8862130,19093200
10630,28,39,137068,763,8862169,19164300
10631,22,42,137046,743,8862211,19907400
10632,28,37,137018,734,8862248,19463400
10633,30,42,136988,722,8862290,20309100
10634,30,36,136958,716,8862326,19358500
10635,31,35,136927,712,8862361,19438800
10636,25,38,136902,699,8862399,19584200
10637,29,39,136873,689,8862438,20193100
10638,29,38,136844,680,8862476,19389200
10639,22,33,136822,669,8862509,19700800
10640,26,31,136796,664,8862540,19860900
10641,35,27,136761,672,8862567,19289100
10642,31,39,136730,664,8862606,19920700
10643,35,34,136695,665,8862640,19130700
10644,28,29,136667,664,8862669,19128900
10645,38,28,136629,674,8862697,19355400
10646,32,39,136597,667,8862736,19230600
10647,24,34,136573,657,8862770,19315600
10648,32,34,136541,655,8862804,19440500
10649,38,40,136503,653,8862844,20257300
10650,28,39,136475,642,8862883,19379300
10651,30,32,136445,640,8862915,19536000
10652,32,32,136413,640,8862947,20131600
10653,24,27,136389,637,8862974,20567300
10654,30,31,136359,636,8863005,19491400
10655,25,33,136334,628,8863038,19422600
10656,27,27,136307,628,8863065,19356500
10657,27,26,136280,629,8863091,19784800
10658,21,20,136259,630,8863111,19576000
10659,18,28,136241,620,8863139,19277800
10660,22,33,136219,609,8863172,19570300
10661,24,29,136195,604,8863201,20007400
10662,32,30,136163,606,8863231,21826600
10663,25,32,136138,599,8863263,19684900
10664,28,22,136110,605,8863285,19541500
10665,24,26,136086,603,8863311,19271200
10666,28,25,136058,606,8863336,19513000
10667,27,28,136031,605,8863364,19575000
10668,22,20,136009,607,8863384,19352400
10669,33,26,135976,614,8863410,19662900
10670,26,29,135950,611,8863439,19292900
10671,25,31,135925,605,8863470,19952500
10672,17,41,135908,581,8863511,19206700
10673,28,34,135880,575,8863545,19048100
10674,19,20,135861,574,8863565,19119200
10675,18,27,135843,565,8863592,19286900
10676,21,28,135822,558,8863620,19432900
10677,22,25,135800,555,8863645,19351900
10678,18,29,135782,544,8863674,19472800
10679,19,25,135763,538,8863699,19251900
10680,23,27,135740,534,8863726,19592500
10681,15,27,135725,522,8863753,19061300
10682,21,19,135704,524,8863772,21278500
10683,23,21,135681,526,8863793,19923800
10684,13,19,135668,520,8863812,19127000
10685,18,16,135650,522,8863828,19175900
10686,26,29,135624,519,8863857,19333800
10687,21,27,135603,513,8863884,19552500
10688,20,25,135583,508,8863909,19573600
10689,19,26,135564,501,8863935,19509600
10690,14,17,135550,498,8863952,19556100
10691,13,21,135537,490,8863973,20004300
10692,12,23,135525,479,8863996,19930700
10693,16,18,135509,477,8864014,19747900
10694,18,32,135491,463,8864046,19767200
10695,11,26,135480,448,8864072,19571200
10696,20,17,135460,451,8864089,20907000
10697,15,16,135445,450,8864105,19415400
10698,9,24,135436,435,8864129,20002100
10699,12,22,135424,425,8864151,19815700
10700,10,21,135414,414,8864172,19655800
10701,7,20,135407,401,8864192,19658100
10702,10,13,135397,398,8864205,19524100
10703,12,23,135385,387,8864228,19875600
10704,12,19,135373,380,8864247,20333200
10705,10,19,135363,371,8864266,19528000
10706,15,19,135348,367,8864285,19920000
10707,11,20,135337,358,8864305,19648700
10708,11,15,135326,354,8864320,19288600
10709,8,11,135318,351,8864331,19144600
10710,7,20,135311,338,8864351,19292700
10711,3,18,135308,323,8864369,18915500
10712,5,17,135303,311,8864386,19232700
10713,4,9,135299,306,8864395,19497000
10714,3,16,135296,293,8864411,20432500
10715,6,18,135290,281,8864429,19950600
10716,5,9,135285,277,8864438,19097100
10717,5,8,135280,274,8864446,19439900
10718,4,16,135276,262,8864462,19505000
10719,1,9,135275,254,8864471,19494200
10720,1,13,135274,242,8864484,19794400
10721,4,8,135270,238,8864492,19163000
10722,5,17,135265,226,8864509,19500800
10723,3,13,135262,216,8864522,19283500
10724,2,7,135260,211,8864529,19171600
10725,1,14,135259,198,8864543,19171100
10726,2,7,135257,193,8864550,19252500
10727,0,18,135257,175,8864568,19887000
10728,1,6,135256,170,8864574,19402800
10729,4,3,135252,171,8864577,19569800
10730,3,9,135249,165,8864586,19363900
10731,2,7,135247,160,8864593,20360700
10732,0,7,135247,153,8864600,19468200
10733,1,8,135246,146,8864608,19289100
10734,1,8,135245,139,8864616,20332300
10735,0,6,135245,133,8864622,19627900
10736,1,7,135244,127,8864629,19354300
10737,2,7,135242,122,8864636,19519000
10738,2,10,135240,114,8864646,19709300
10739,0,7,135240,107,8864653,19247200
10740,0,7,135240,100,8864660,19195400
10741,2,2,135238,100,8864662,19695200
10742,2,5,135236,97,8864667,19585900
10743,2,7,135234,92,8864674,19316100
10744,1,4,135233,89,8864678,19370000
10745,0,3,135233,86,8864681,19336700
10746,1,6,135232,81,8864687,19251700
10747,1,3,135231,79,8864690,19355900
10748,0,5,135231,74,8864695,19494900
10749,0,3,135231,71,8864698,19778900
10750,0,2,135231,69,8864700,19493000
10751,2,4,135229,67,8864704,20110200
10752,0,5,135229,62,8864709,19491600
10753,2,2,135227,62,8864711,19229800
10754,0,3,135227,59,8864714,19325000
10755,2,3,135225,58,8864717,19399000
10756,0,1,135225,57,8864718,19386600
10757,0,4,135225,53,8864722,19747400
10758,0,1,135225,52,8864723,20140200
10759,1,5,135224,48,8864728,21081300
10760,1,4,135223,45,8864732,19854300
10761,0,2,135223,43,8864734,19915600
10762,0,3,135223,40,8864737,19539000
10763,0,3,135223,37,8864740,19795200
10764,0,2,135223,35,8864742,19689400
10765,0,3,135223,32,8864745,20090900
10766,0,1,135223,31,8864746,20837900
10767,0,2,135223,29,8864748,19625400
10768,0,2,135223,27,8864750,19989400
10769,0,1,135223,26,8864751,20311700
10770,0,0,135223,26,8864751,19882100
10771,0,1,135223,25,8864752,19200400
10772,0,0,135223,25,8864752,19806500
10773,0,1,135223,24,8864753,19581400
10774,0,0,135223,24,8864753,21001700
10775,0,1,135223,23,8864754,19121100
10776,0,1,135223,22,8864755,19071800
10777,0,2,135223,20,8864757,19093000
10778,0,0,135223,20,8864757,20985200
10779,0,0,135223,20,8864757,19396300
10780,0,0,135223,20,8864757,19409600
10781,0,1,135223,19,8864758,19544600
10782,0,0,135223,19,8864758,19183300
10783,0,0,135223,19,8864758,19056900
10784,0,0,135223,19,8864758,19443900
10785,0,0,135223,19,8864758,19822200
10786,0,1,135223,18,8864759,19090100
10787,0,0,135223,18,8864759,18884700
10788,0,1,135223,17,8864760,19020000
10789,0,0,135223,17,8864760,19544400
10790,0,1,135223,16,8864761,19016900
10791,0,0,135223,16,8864761,19199000
10792,0,2,135223,14,8864763,19358100
10793,0,1,135223,13,8864764,19688800
10794,0,0,135223,13,8864764,19220600
10795,0,2,135223,11,8864766,20007100
10796,0,2,135223,9,8864768,19070400
10797,0,0,135223,9,8864768,19221400
10798,0,0,135223,9,8864768,19162800
10799,0,0,135223,9,8864768,19456600
10800,0,1,135223,8,8864769,19057100
10801,0,1,135223,7,8864770,19394100
10802,0,0,135223,7,8864770,19796100
10803,0,0,135223,7,8864770,19971300
10804,0,1,135223,6,8864771,19199500
10805,0,1,135223,5,8864772,19219100
10806,0,0,135223,5,8864772,19576000
10807,0,0,135223,5,8864772,20112500
10808,0,0,135223,5,8864772,21853200
10809,0,0,135223,5,8864772,19476400
10810,0,0,135223,5,8864772,19165900
10811,0,0,135223,5,8864772,19464500
10812,0,0,135223,5,8864772,19358300
10813,0,1,135223,4,8864773,19062100
10814,0,0,135223,4,8864773,20283100
10815,0,0,135223,4,8864773,20260700
10816,0,0,135223,4,8864773,19393900
10817,0,0,135223,4,8864773,19065800
10818,0,0,135223,4,8864773,19365400
10819,0,0,135223,4,8864773,19413200
10820,0,0,135223,4,8864773,19155600
10821,0,0,135223,4,8864773,19440600
10822,0,0,135223,4,8864773,19818000
10823,0,0,135223,4,8864773,19509900
10824,0,0,135223,4,8864773,19252500
10825,0,0,135223,4,8864773,19541900
10826,0,2,135223,2,8864775,19723700
10827,0,0,135223,2,8864775,19481300
10828,0,1,135223,1,8864776,19909000
10829,0,0,135223,1,8864776,19849600
10830,0,0,135223,1,8864776,20151700
10831,0,0,135223,1,8864776,19093100
10832,0,0,135223,1,8864776,19841100
10833,0,0,135223,1,8864776,19773400
10834,0,0,135223,1,8864776,19959200
10835,0,0,135223,1,8864776,20097400
10836,0,0,135223,1,8864776,19357700
10837,0,1,135223,0,8864777,19090900
