Tick,NewlyInfected,NewlyRecovered,TotalSusceptible,TotalInfected,TotalRecovered,StepTimeNanos
0,2,0,8999993,7,0,71775700
1,1,0,8999992,8,0,27592100
2,2,3,8999990,7,3,25076500
3,3,0,8999987,10,3,18746500
4,0,1,8999987,9,4,15875200
5,1,0,8999986,10,4,19031300
6,3,0,8999983,13,4,19263800
7,1,0,8999982,14,4,20309300
8,3,0,8999979,17,4,19199200
9,7,1,8999972,23,5,18983800
10,6,0,8999966,29,5,19746200
11,6,1,8999960,34,6,19958700
12,1,1,8999959,34,7,19128900
13,8,1,8999951,41,8,19306800
14,8,0,8999943,49,8,18310000
15,5,2,8999938,52,10,19042700
16,10,5,8999928,57,15,18600200
17,7,3,8999921,61,18,18957200
18,6,4,8999915,63,22,18546200
19,5,3,8999910,65,25,18587900
20,4,1,8999906,68,26,18918800
21,9,3,8999897,74,29,18777000
22,8,3,8999889,79,32,18461300
23,8,3,8999881,84,35,18532300
24,10,3,8999871,91,38,18880300
25,10,6,8999861,95,44,18737600
26,11,9,8999850,97,53,18867800
27,12,7,8999838,102,60,18542700
28,11,3,8999827,110,63,18469000
29,8,8,8999819,110,71,18810000
30,7,12,8999812,105,83,18863700
31,12,3,8999800,114,86,18497500
32,13,6,8999787,121,92,18623400
33,9,7,8999778,123,99,18675100
34,14,10,8999764,127,109,18725900
35,11,5,8999753,133,114,18422200
36,16,5,8999737,144,119,18304100
37,17,11,8999720,150,130,18598800
38,18,4,8999702,164,134,18460200
39,24,13,8999678,175,147,19832600
40,14,10,8999664,179,157,18990400
41,18,8,8999646,189,165,18264600
42,19,10,8999627,198,175,18763900
43,24,12,8999603,210,187,18896300
44,18,9,8999585,219,196,18675800
45,22,13,8999563,228,209,18374600
46,22,10,8999541,240,219,18489400
47,17,16,8999524,241,235,18898800
48,27,9,8999497,259,244,19263600
49,18,14,8999479,263,258,19112100
50,18,12,8999461,269,270,18996500
51,20,12,8999441,277,282,18682900
52,22,11,8999419,288,293,18986100
53,14,9,8999405,293,302,18839500
54,26,12,8999379,307,314,19134400
55,24,22,8999355,309,336,18817400
56,28,16,8999327,321,352,19256900
57,36,19,8999291,338,371,18781000
58,29,16,8999262,351,387,19009500
59,22,19,8999240,354,406,20461400
60,29,14,8999211,369,420,19918300
61,32,19,8999179,382,439,19079400
62,30,12,8999149,400,451,19338400
63,38,19,8999111,419,470,19480100
64,35,28,8999076,426,498,19379700
65,33,33,8999043,426,531,19061000
66,33,21,8999010,438,552,18579900
67,37,20,8998973,455,572,18695500
68,43,16,8998930,482,588,18530700
69,35,20,8998895,497,608,18233100
70,48,29,8998847,516,637,18619700
71,43,26,8998804,533,663,18310100
72,45,24,8998759,554,687,18228600
73,39,29,8998720,564,716,18607500
74,44,29,8998676,579,745,19928500
75,32,28,8998644,583,773,20596900
76,43,40,8998601,586,813,21737700
77,43,27,8998558,602,840,20118200
78,39,28,8998519,613,868,19575900
79,37,39,8998482,611,907,19282500
80,46,34,8998436,623,941,18819300
81,47,41,8998389,629,982,18551300
82,38,33,8998351,634,1015,18934800
83,39,25,8998312,648,1040,18442100
84,45,35,8998267,658,1075,18720200
85,54,41,8998213,671,1116,18440700
86,51,30,8998162,692,1146,18807400
87,45,39,8998117,698,1185,18988400
88,54,27,8998063,725,1212,18918900
89,59,33,8998004,751,1245,21168500
90,58,36,8997946,773,1281,20465700
91,65,39,8997881,799,1320,19929500
92,45,37,8997836,807,1357,19561600
93,40,36,8997796,811,1393,19274000
94,43,38,8997753,816,1431,18508600
95,62,35,8997691,843,1466,18633600
96,52,44,8997639,851,1510,18370800
97,45,41,8997594,855,1551,18253600
98,59,45,8997535,869,1596,18259100
99,55,41,8997480,883,1637,18614900
100,41,51,8997439,873,1688,19211300
101,59,40,8997380,892,1728,18549200
102,45,47,8997335,890,1775,18204600
103,67,55,8997268,902,1830,18990900
104,62,50,8997206,914,1880,18864000
105,63,45,8997143,932,1925,18930600
106,59,48,8997084,943,1973,18481900
107,46,39,8997038,950,2012,19328400
108,61,51,8996977,960,2063,19619000
109,59,41,8996918,978,2104,18988700
110,58,47,8996860,989,2151,18988100
111,56,46,8996804,999,2197,19099800
112,65,47,8996739,1017,2244,19022700
113,68,60,8996671,1025,2304,18994400
114,67,51,8996604,1041,2355,19498500
115,64,38,8996540,1067,2393,20029600
116,53,44,8996487,1076,2437,19864600
117,65,40,8996422,1101,2477,19471700
118,68,50,8996354,1119,2527,19649200
119,61,55,8996293,1125,2582,19325900
120,63,57,8996230,1131,2639,19501600
121,64,62,8996166,1133,2701,19299000
122,83,55,8996083,1161,2756,19918700
123,74,66,8996009,1169,2822,20242700
124,60,70,8995949,1159,2892,19306500
125,69,64,8995880,1164,2956,19116400
126,72,60,8995808,1176,3016,18708000
127,80,61,8995728,1195,3077,19570900
128,79,53,8995649,1221,3130,18305700
129,76,63,8995573,1234,3193,18390600
130,85,60,8995488,1259,3253,18522700
131,78,54,8995410,1283,3307,18648000
132,81,73,8995329,1291,3380,18649700
133,80,70,8995249,1301,3450,18373800
134,79,58,8995170,1322,3508,18569500
135,72,70,8995098,1324,3578,19144700
136,76,60,8995022,1340,3638,18858200
137,94,52,8994928,1382,3690,18693400
138,98,55,8994830,1425,3745,18605500
139,86,56,8994744,1455,3801,19151600
140,77,64,8994667,1468,3865,19543700
141,86,66,8994581,1488,3931,20819200
142,92,82,8994489,1498,4013,20147900
143,96,60,8994393,1534,4073,20082700
144,79,89,8994314,1524,4162,19985400
145,93,78,8994221,1539,4240,19836900
146,99,70,8994122,1568,4310,19645200
147,94,86,8994028,1576,4396,19487200
148,78,88,8993950,1566,4484,19834100
149,85,83,8993865,1568,4567,19689500
150,94,77,8993771,1585,4644,19359400
151,80,67,8993691,1598,4711,19453500
152,103,72,8993588,1629,4783,21841600
153,82,74,8993506,1637,4857,19763600
154,89,72,8993417,1654,4929,20756700
155,88,82,8993329,1660,5011,19224700
156,96,86,8993233,1670,5097,19469100
157,98,69,8993135,1699,5166,20243500
158,106,91,8993029,1714,5257,20464600
159,101,79,8992928,1736,5336,21608200
160,96,68,8992832,1764,5404,20219700
161,120,105,8992712,1779,5509,21385800
162,102,84,8992610,1797,5593,20386400
163,103,82,8992507,1818,5675,19527600
164,97,103,8992410,1812,5778,20893900
165,106,102,8992304,1816,5880,25960700
166,90,98,8992214,1808,5978,19223500
167,90,92,8992124,1806,6070,18979100
168,88,81,8992036,1813,6151,19004200
169,86,104,8991950,1795,6255,18505600
170,84,81,8991866,1798,6336,19477700
171,105,86,8991761,1817,6422,19007400
172,82,81,8991679,1818,6503,18601000
173,122,96,8991557,1844,6599,18503600
174,112,98,8991445,1858,6697,18466800
175,106,77,8991339,1887,6774,18564900
176,129,113,8991210,1903,6887,18474400
177,108,106,8991102,1905,6993,18902300
178,107,77,8990995,1935,7070,18891600
179,116,102,8990879,1949,7172,18984900
180,110,104,8990769,1955,7276,19092300
181,116,112,8990653,1959,7388,19026600
182,109,101,8990544,1967,7489,19303500
183,115,98,8990429,1984,7587,18902000
184,121,110,8990308,1995,7697,18708500
185,104,97,8990204,2002,7794,19627800
186,120,95,8990084,2027,7889,18956600
187,101,122,8989983,2006,8011,18877200
188,111,102,8989872,2015,8113,18962000
189,100,100,8989772,2015,8213,19841600
190,117,91,8989655,2041,8304,20954100
191,124,89,8989531,2076,8393,23137500
192,114,116,8989417,2074,8509,21393900
193,123,117,8989294,2080,8626,21744300
194,102,104,8989192,2078,8730,20843000
195,124,92,8989068,2110,8822,20007600
196,135,121,8988933,2124,8943,20061700
197,125,95,8988808,2154,9038,19610100
198,140,121,8988668,2173,9159,20119500
199,130,108,8988538,2195,9267,20691900
200,128,125,8988410,2198,9392,20275300
201,142,102,8988268,2238,9494,22246000
202,147,111,8988121,2274,9605,22404300
203,124,101,8987997,2297,9706,20950000
204,135,99,8987862,2333,9805,19921400
205,125,101,8987737,2357,9906,18936500
206,148,104,8987589,2401,10010,19308600
207,128,116,8987461,2413,10126,19227200
208,136,147,8987325,2402,10273,19709300
209,145,122,8987180,2425,10395,19163500
210,137,119,8987043,2443,10514,19637600
211,118,130,8986925,2431,10644,19009900
212,137,93,8986788,2475,10737,19097800
213,142,120,8986646,2497,10857,19050600
214,161,127,8986485,2531,10984,19488200
215,131,120,8986354,2542,11104,19609800
216,133,129,8986221,2546,11233,19645100
217,137,120,8986084,2563,11353,20336200
218,126,118,8985958,2571,11471,20381700
219,139,145,8985819,2565,11616,20339000
220,151,128,8985668,2588,11744,19949800
221,130,149,8985538,2569,11893,19866100
222,165,142,8985373,2592,12035,19410400
223,146,134,8985227,2604,12169,19342200
224,139,120,8985088,2623,12289,19613700
225,143,131,8984945,2635,12420,20010800
226,155,112,8984790,2678,12532,19472700
227,137,132,8984653,2683,12664,19966900
228,160,145,8984493,2698,12809,19549700
229,155,141,8984338,2712,12950,19318100
230,164,124,8984174,2752,13074,19001400
231,133,151,8984041,2734,13225,19550000
232,152,155,8983889,2731,13380,19027900
233,148,130,8983741,2749,13510,18967500
234,156,125,8983585,2780,13635,19811400
235,163,132,8983422,2811,13767,19377300
236,159,168,8983263,2802,13935,19418100
237,149,149,8983114,2802,14084,18794900
238,164,115,8982950,2851,14199,19821600
239,162,147,8982788,2866,14346,19204400
240,150,151,8982638,2865,14497,19181000
241,161,133,8982477,2893,14630,19619300
242,150,149,8982327,2894,14779,19002100
243,176,144,8982151,2926,14923,20193000
244,171,141,8981980,2956,15064,19559200
245,180,144,8981800,2992,15208,19834800
246,157,133,8981643,3016,15341,19670800
247,174,145,8981469,3045,15486,19347100
248,172,129,8981297,3088,15615,19527100
249,163,133,8981134,3118,15748,19199100
250,176,141,8980958,3153,15889,19211900
251,190,146,8980768,3197,16035,19735800
252,184,171,8980584,3210,16206,20002100
253,186,171,8980398,3225,16377,19371600
254,180,149,8980218,3256,16526,19496800
255,163,195,8980055,3224,16721,19773800
256,180,169,8979875,3235,16890,19832500
257,178,158,8979697,3255,17048,19665600
258,205,169,8979492,3291,17217,20089700
259,197,155,8979295,3333,17372,20219400
260,191,159,8979104,3365,17531,20275500
261,189,164,8978915,3390,17695,20007200
262,178,185,8978737,3383,17880,20005300
263,183,160,8978554,3406,18040,19655700
264,201,185,8978353,3422,18225,18995800
265,185,158,8978168,3449,18383,18848300
266,203,166,8977965,3486,18549,19395700
267,196,174,8977769,3508,18723,19166700
268,191,179,8977578,3520,18902,19315200
269,186,172,8977392,3534,19074,19598700
270,190,175,8977202,3549,19249,19008100
271,188,177,8977014,3560,19426,18922900
272,222,179,8976792,3603,19605,19305100
273,203,195,8976589,3611,19800,19228400
274,211,157,8976378,3665,19957,20286900
275,209,206,8976169,3668,20163,24080900
276,205,188,8975964,3685,20351,19783300
277,206,200,8975758,3691,20551,18967900
278,186,161,8975572,3716,20712,19058400
279,195,185,8975377,3726,20897,18969500
280,192,169,8975185,3749,21066,18591000
281,224,189,8974961,3784,21255,19220800
282,199,176,8974762,3807,21431,19530600
283,178,190,8974584,3795,21621,19006800
284,207,199,8974377,3803,21820,18940900
285,206,190,8974171,3819,22010,19262900
286,197,193,8973974,3823,22203,19381600
287,190,180,8973784,3833,22383,20384500
288,213,218,8973571,3828,22601,19381400
289,177,163,8973394,3842,22764,19665400
290,198,210,8973196,3830,22974,19015600
291,200,224,8972996,3806,23198,19340600
292,187,196,8972809,3797,23394,19410600
293,196,172,8972613,3821,23566,19323000
294,198,182,8972415,3837,23748,19469300
295,208,189,8972207,3856,23937,20528700
296,213,175,8971994,3894,24112,21003100
297,208,200,8971786,3902,24312,21326800
298,189,187,8971597,3904,24499,20458400
299,169,207,8971428,3866,24706,19335100
300,193,183,8971235,3876,24889,19400500
301,206,223,8971029,3859,25112,18908300
302,192,169,8970837,3882,25281,19076300
303,215,176,8970622,3921,25457,19376400
304,215,168,8970407,3968,25625,19049800
305,205,215,8970202,3958,25840,18984600
306,234,187,8969968,4005,26027,18848000
307,228,221,8969740,4012,26248,18573900
308,217,189,8969523,4040,26437,19426700
309,222,214,8969301,4048,26651,19121300
310,224,177,8969077,4095,26828,19696600
311,220,208,8968857,4107,27036,19477600
312,219,183,8968638,4143,27219,19352300
313,252,221,8968386,4174,27440,19785800
314,229,209,8968157,4194,27649,20290800
315,225,200,8967932,4219,27849,20580700
316,197,207,8967735,4209,28056,20941400
317,227,253,8967508,4183,28309,20047900
318,202,226,8967306,4159,28535,19119300
319,223,222,8967083,4160,28757,19427400
320,225,211,8966858,4174,28968,19653200
321,195,201,8966663,4168,29169,19263300
322,213,246,8966450,4135,29415,20472300
323,205,208,8966245,4132,29623,19518200
324,213,200,8966032,4145,29823,19451500
325,209,205,8965823,4149,30028,19232900
326,209,239,8965614,4119,30267,19487100
327,233,201,8965381,4151,30468,20026900
328,192,208,8965189,4135,30676,20514300
329,206,189,8964983,4152,30865,18865400
330,235,213,8964748,4174,31078,18781200
331,218,218,8964530,4174,31296,18648900
332,219,220,8964311,4173,31516,19114300
333,214,201,8964097,4186,31717,19157700
334,194,220,8963903,4160,31937,19203200
335,210,208,8963693,4162,32145,18932500
336,233,217,8963460,4178,32362,18986700
337,223,242,8963237,4159,32604,18993100
338,222,210,8963015,4171,32814,18822500
339,220,197,8962795,4194,33011,19151000
340,231,196,8962564,4229,33207,19141700
341,217,197,8962347,4249,33404,19919700
342,213,200,8962134,4262,33604,19219000
343,216,218,8961918,4260,33822,18768500
344,227,232,8961691,4255,34054,19020800
345,237,221,8961454,4271,34275,20168600
346,221,226,8961233,4266,34501,19002000
347,195,185,8961038,4276,34686,19138800
348,226,208,8960812,4294,34894,19026000
349,233,221,8960579,4306,35115,19479700
350,234,241,8960345,4299,35356,19156800
351,242,231,8960103,4310,35587,19278600
352,235,215,8959868,4330,35802,19149200
353,217,221,8959651,4326,36023,18883300
354,246,206,8959405,4366,36229,18965400
355,246,215,8959159,4397,36444,19156600
356,256,204,8958903,4449,36648,19538700
357,248,240,8958655,4457,36888,18953000
358,258,241,8958397,4474,37129,18535000
359,237,225,8958160,4486,37354,18660100
360,241,226,8957919,4501,37580,18590900
361,241,219,8957678,4523,37799,19489100
362,243,212,8957435,4554,38011,18909500
363,235,216,8957200,4573,38227,18902500
364,232,222,8956968,4583,38449,19112700
365,235,233,8956733,4585,38682,19701300
366,250,243,8956483,4592,38925,20964400
367,241,235,8956242,4598,39160,21402000
368,257,221,8955985,4634,39381,19788800
369,247,238,8955738,4643,39619,19346800
370,250,242,8955488,4651,39861,19326500
371,245,230,8955243,4666,40091,18836300
372,263,219,8954980,4710,40310,19487500
373,242,237,8954738,4715,40547,18984400
374,258,238,8954480,4735,40785,20063400
375,251,231,8954229,4755,41016,20776200
376,214,238,8954015,4731,41254,21339500
377,254,232,8953761,4753,41486,20489500
378,258,232,8953503,4779,41718,19322500
379,233,257,8953270,4755,41975,19361600
380,232,239,8953038,4748,42214,19373100
381,285,223,8952753,4810,42437,19531200
382,229,267,8952524,4772,42704,19750500
383,228,244,8952296,4756,42948,19362400
384,250,260,8952046,4746,43208,19481000
385,226,199,8951820,4773,43407,19838300
386,215,240,8951605,4748,43647,19480100
387,212,269,8951393,4691,43916,19251000
388,230,245,8951163,4676,44161,19227100
389,233,267,8950930,4642,44428,19654300
390,261,241,8950669,4662,44669,21550100
391,233,244,8950436,4651,44913,20601700
392,243,224,8950193,4670,45137,19933800
393,266,242,8949927,4694,45379,19444700
394,243,231,8949684,4706,45610,34743600
395,248,253,8949436,4701,45863,19396900
396,239,253,8949197,4687,46116,18992900
397,276,235,8948921,4728,46351,19094100
398,260,213,8948661,4775,46564,19278300
399,251,276,8948410,4750,46840,19151700
400,245,247,8948165,4748,47087,19176300
401,271,215,8947894,4804,47302,19762200
402,272,251,8947622,4825,47553,18736800
403,265,245,8947357,4845,47798,18661800
404,262,253,8947095,4854,48051,19034800
405,274,244,8946821,4884,48295,18726600
406,282,236,8946539,4930,48531,18968800
407,281,281,8946258,4930,48812,18838100
408,285,253,8945973,4962,49065,19067500
409,304,240,8945669,5026,49305,19166300
410,304,216,8945365,5114,49521,19142600
411,267,260,8945098,5121,49781,18997800
412,283,234,8944815,5170,50015,19602700
413,294,261,8944521,5203,50276,21396100
414,293,254,8944228,5242,50530,20431900
415,280,247,8943948,5275,50777,19935700
416,272,237,8943676,5310,51014,19713200
417,273,252,8943403,5331,51266,19300400
418,296,260,8943107,5367,51526,19136500
419,298,264,8942809,5401,51790,18973800
420,272,251,8942537,5422,52041,19231400
421,283,264,8942254,5441,52305,18419300
422,312,237,8941942,5516,52542,18858200
423,320,287,8941622,5549,52829,19358100
424,326,270,8941296,5605,53099,18791900
425,295,287,8941001,5613,53386,19000900
426,300,281,8940701,5632,53667,19470500
427,297,304,8940404,5625,53971,20188000
428,307,300,8940097,5632,54271,20208500
429,322,259,8939775,5695,54530,19236400
430,292,272,8939483,5715,54802,19437100
431,285,294,8939198,5706,55096,19952700
432,297,280,8938901,5723,55376,19335200
433,319,302,8938582,5740,55678,19023400
434,308,243,8938274,5805,55921,18670400
435,299,272,8937975,5832,56193,18623500
436,288,293,8937687,5827,56486,18882300
437,299,288,8937388,5838,56774,19014100
438,301,273,8937087,5866,57047,18953600
439,315,308,8936772,5873,57355,19142000
440,334,310,8936438,5897,57665,19203700
441,328,302,8936110,5923,57967,19248100
442,295,290,8935815,5928,58257,19141700
443,318,270,8935497,5976,58527,19564000
444,344,277,8935153,6043,58804,19221400
445,286,341,8934867,5988,59145,19421500
446,300,301,8934567,5987,59446,19389800
447,294,310,8934273,5971,59756,19664900
448,302,273,8933971,6000,60029,19632900
449,295,297,8933676,5998,60326,19918500
450,311,310,8933365,5999,60636,19994500
451,278,308,8933087,5969,60944,20372500
452,327,277,8932760,6019,61221,19655100
453,313,309,8932447,6023,61530,19802200
454,320,296,8932127,6047,61826,20195300
455,345,291,8931782,6101,62117,19150400
456,303,296,8931479,6108,62413,18962800
457,327,284,8931152,6151,62697,18717000
458,303,319,8930849,6135,63016,19373900
459,335,338,8930514,6132,63354,19166000
460,335,316,8930179,6151,63670,18892000
461,295,327,8929884,6119,63997,18921800
462,310,307,8929574,6122,64304,19280700
463,295,319,8929279,6098,64623,19025800
464,294,328,8928985,6064,64951,19891600
465,323,294,8928662,6093,65245,20880200
466,351,318,8928311,6126,65563,21173100
467,331,292,8927980,6165,65855,20200200
468,318,314,8927662,6169,66169,19159200
469,335,333,8927327,6171,66502,19181400
470,329,294,8926998,6206,66796,18900600
471,310,298,8926688,6218,67094,18933300
472,347,319,8926341,6246,67413,19152600
473,326,286,8926015,6286,67699,19358700
474,356,311,8925659,6331,68010,20674400
475,310,329,8925349,6312,68339,20107700
476,341,291,8925008,6362,68630,20164900
477,349,297,8924659,6414,68927,20673000
478,345,331,8924314,6428,69258,22422700
479,357,314,8923957,6471,69572,24486500
480,344,342,8923613,6473,69914,21802400
481,335,325,8923278,6483,70239,21366500
482,354,352,8922924,6485,70591,21468300
483,309,322,8922615,6472,70913,20706700
484,325,368,8922290,6429,71281,21728400
485,329,333,8921961,6425,71614,20508700
486,299,305,8921662,6419,71919,19385300
487,303,318,8921359,6404,72237,19597300
488,350,360,8921009,6394,72597,19188100
489,333,324,8920676,6403,72921,18825300
490,314,323,8920362,6394,73244,18538300
491,311,346,8920051,6359,73590,18802000
492,319,291,8919732,6387,73881,18893800
493,342,311,8919390,6418,74192,18878100
494,354,354,8919036,6418,74546,18858400
495,345,326,8918691,6437,74872,18725400
496,339,342,8918352,6434,75214,18838300
497,340,338,8918012,6436,75552,18683700
498,318,308,8917694,6446,75860,19558100
499,344,338,8917350,6452,76198,20152900
500,346,329,8917004,6469,76527,20833400
501,331,319,8916673,6481,76846,19362500
502,359,321,8916314,6519,77167,20121500
503,347,309,8915967,6557,77476,18971600
504,360,304,8915607,6613,77780,18843800
505,360,328,8915247,6645,78108,18463500
506,344,338,8914903,6651,78446,19112800
507,359,330,8914544,6680,78776,19129300
508,349,389,8914195,6640,79165,18936300
509,372,353,8913823,6659,79518,19488500
510,352,301,8913471,6710,79819,19194600
511,361,313,8913110,6758,80132,19060900
512,374,350,8912736,6782,80482,19913300
513,344,372,8912392,6754,80854,19708200
514,382,357,8912010,6779,81211,19323200
515,341,372,8911669,6748,81583,20132100
516,368,355,8911301,6761,81938,19525300
517,337,335,8910964,6763,82273,20434300
518,333,317,8910631,6779,82590,19508300
519,383,359,8910248,6803,82949,19387900
520,322,309,8909926,6816,83258,19732800
521,350,350,8909576,6816,83608,19203000
522,359,331,8909217,6844,83939,18873100
523,360,384,8908857,6820,84323,19941000
524,335,344,8908522,6811,84667,19567700
525,327,380,8908195,6758,85047,19939800
526,389,307,8907806,6840,85354,19895000
527,347,323,8907459,6864,85677,19571800
528,365,328,8907094,6901,86005,19722400
529,397,353,8906697,6945,86358,20267900
530,370,330,8906327,6985,86688,20484500
531,352,354,8905975,6983,87042,20338800
532,377,353,8905598,7007,87395,19053700
533,379,354,8905219,7032,87749,19100000
534,355,376,8904864,7011,88125,19297300
535,395,347,8904469,7059,88472,19326600
536,366,356,8904103,7069,88828,19114600
537,330,364,8903773,7035,89192,19316500
538,365,338,8903408,7062,89530,19361300
539,369,364,8903039,7067,89894,19459500
540,364,366,8902675,7065,90260,19167700
541,297,379,8902378,6983,90639,19137000
542,350,372,8902028,6961,91011,18978800
543,370,333,8901658,6998,91344,19125500
544,350,363,8901308,6985,91707,18954200
545,379,352,8900929,7012,92059,19099000
546,384,331,8900545,7065,92390,19222600
547,360,364,8900185,7061,92754,19625100
548,341,349,8899844,7053,93103,19536500
549,375,365,8899469,7063,93468,20108800
550,358,374,8899111,7047,93842,20546500
551,351,382,8898760,7016,94224,20460900
552,350,343,8898410,7023,94567,20026200
553,379,339,8898031,7063,94906,18990300
554,405,357,8897626,7111,95263,19916800
555,390,334,8897236,7167,95597,19061400
556,371,332,8896865,7206,95929,18504900
557,376,336,8896489,7246,96265,18846200
558,367,340,8896122,7273,96605,18580500
559,399,355,8895723,7317,96960,18647700
560,377,321,8895346,7373,97281,19126700
561,398,372,8894948,7399,97653,18863200
562,367,339,8894581,7427,97992,18885700
563,371,363,8894210,7435,98355,18853000
564,386,377,8893824,7444,98732,18991500
565,402,334,8893422,7512,99066,19282100
566,380,385,8893042,7507,99451,19601000
567,410,354,8892632,7563,99805,18804100
568,361,382,8892271,7542,100187,19596400
569,395,402,8891876,7535,100589,19035000
570,364,357,8891512,7542,100946,19179700
571,421,412,8891091,7551,101358,19111700
572,408,364,8890683,7595,101722,19576300
573,389,393,8890294,7591,102115,20340900
574,398,374,8889896,7615,102489,19214400
575,385,360,8889511,7640,102849,19149500
576,355,366,8889156,7629,103215,19206300
577,381,392,8888775,7618,103607,19218100
578,370,368,8888405,7620,103975,19257000
579,425,350,8887980,7695,104325,19303200
580,370,382,8887610,7683,104707,20317900
581,373,406,8887237,7650,105113,19416300
582,352,426,8886885,7576,105539,19099500
583,357,362,8886528,7571,105901,19061100
584,372,388,8886156,7555,106289,19067700
585,372,424,8885784,7503,106713,19027400
586,364,368,8885420,7499,107081,19021900
587,378,391,8885042,7486,107472,19134400
588,387,379,8884655,7494,107851,20036000
589,381,346,8884274,7529,108197,19269100
590,393,368,8883881,7554,108565,20833100
591,374,363,8883507,7565,108928,19486400
592,399,406,8883108,7558,109334,19229400
593,408,397,8882700,7569,109731,18967000
594,385,341,8882315,7613,110072,19408100
595,406,401,8881909,7618,110473,19122900
596,362,350,8881547,7630,110823,18821200
597,412,397,8881135,7645,111220,19428700
598,386,383,8880749,7648,111603,19349300
599,359,379,8880390,7628,111982,19611800
600,361,354,8880029,7635,112336,19583100
601,387,388,8879642,7634,112724,19029000
602,365,404,8879277,7595,113128,20559300
603,399,412,8878878,7582,113540,20195600
604,384,382,8878494,7584,113922,19146400
605,372,395,8878122,7561,114317,19138200
606,414,334,8877708,7641,114651,19551600
607,384,390,8877324,7635,115041,18962900
608,405,404,8876919,7636,115445,19499900
609,408,382,8876511,7662,115827,19034400
610,408,402,8876103,7668,116229,18997400
611,402,395,8875701,7675,116624,19289200
612,406,353,8875295,7728,116977,19572800
613,401,410,8874894,7719,117387,19102700
614,431,363,8874463,7787,117750,19683200
615,389,414,8874074,7762,118164,19362100
616,411,383,8873663,7790,118547,19764900
617,371,393,8873292,7768,118940,19470300
618,415,422,8872877,7761,119362,19740600
619,352,390,8872525,7723,119752,19377500
620,395,398,8872130,7720,120150,19604000
621,408,398,8871722,7730,120548,20021900
622,399,361,8871323,7768,120909,20209700
623,422,396,8870901,7794,121305,19374700
624,395,401,8870506,7788,121706,19236200
625,428,363,8870078,7853,122069,19011800
626,432,429,8869646,7856,122498,19278000
627,442,392,8869204,7906,122890,19123200
628,423,396,8868781,7933,123286,19172100
629,447,410,8868334,7970,123696,19328800
630,412,368,8867922,8014,124064,19013400
631,436,393,8867486,8057,124457,18698100
632,449,403,8867037,8103,124860,18820100
633,435,382,8866602,8156,125242,19090400
634,469,394,8866133,8231,125636,18910400
635,435,386,8865698,8280,126022,19234400
636,434,383,8865264,8331,126405,19084100
637,450,437,8864814,8344,126842,18962700
638,431,410,8864383,8365,127252,19459400
639,436,409,8863947,8392,127661,19247700
640,415,431,8863532,8376,128092,19779400
641,458,428,8863074,8406,128520,19377500
642,436,437,8862638,8405,128957,19270500
643,465,404,8862173,8466,129361,19164100
644,455,435,8861718,8486,129796,19085400
645,397,414,8861321,8469,130210,19186400
646,452,406,8860869,8515,130616,19684900
647,461,413,8860408,8563,131029,19877000
648,404,431,8860004,8536,131460,18917600
649,417,397,8859587,8556,131857,19288400
650,443,440,8859144,8559,132297,19167800
651,422,419,8858722,8562,132716,18951500
652,464,426,8858258,8600,133142,19037700
653,433,454,8857825,8579,133596,18838400
654,423,449,8857402,8553,134045,19197500
655,441,433,8856961,8561,134478,19242500
656,468,408,8856493,8621,134886,19249800
657,505,446,8855988,8680,135332,19707400
658,452,513,8855536,8619,135845,18798600
659,457,435,8855079,8641,136280,18898400
660,447,395,8854632,8693,136675,19093900
661,458,387,8854174,8764,137062,19277400
662,437,433,8853737,8768,137495,19016200
663,458,429,8853279,8797,137924,18998600
664,467,422,8852812,8842,138346,20023900
665,482,459,8852330,8865,138805,18822000
666,480,429,8851850,8916,139234,19066100
667,453,427,8851397,8942,139661,18858400
668,500,465,8850897,8977,140126,19445700
669,421,455,8850476,8943,140581,19145000
670,412,448,8850064,8907,141029,19871600
671,469,460,8849595,8916,141489,19712700
672,439,477,8849156,8878,141966,19681900
673,411,462,8848745,8827,142428,19388200
674,447,423,8848298,8851,142851,18868300
675,445,448,8847853,8848,143299,19257700
676,468,424,8847385,8892,143723,19104100
677,429,457,8846956,8864,144180,19066400
678,458,470,8846498,8852,144650,19086900
679,469,432,8846029,8889,145082,19008500
680,476,443,8845553,8922,145525,19182000
681,458,456,8845095,8924,145981,19643000
682,467,451,8844628,8940,146432,19776200
683,469,453,8844159,8956,146885,18594900
684,459,417,8843700,8998,147302,18785200
685,453,456,8843247,8995,147758,19253400
686,406,443,8842841,8958,148201,19286800
687,475,461,8842366,8972,148662,18884200
688,496,406,8841870,9062,149068,18861600
689,492,443,8841378,9111,149511,18991300
690,448,436,8840930,9123,149947,19195700
691,440,457,8840490,9106,150404,18861700
692,495,431,8839995,9170,150835,19241800
693,483,443,8839512,9210,151278,18942900
694,441,473,8839071,9178,151751,18730400
695,470,447,8838601,9201,152198,19523100
696,473,477,8838128,9197,152675,19012000
697,467,429,8837661,9235,153104,19024600
698,504,457,8837157,9282,153561,18906800
699,483,477,8836674,9288,154038,19480300
700,509,500,8836165,9297,154538,18687000
701,473,484,8835692,9286,155022,19017500
702,486,503,8835206,9269,155525,18772100
703,481,459,8834725,9291,155984,18931300
704,489,475,8834236,9305,156459,19872200
705,432,459,8833804,9278,156918,19526600
706,478,470,8833326,9286,157388,19532500
707,488,454,8832838,9320,157842,19273500
708,499,474,8832339,9345,158316,19364100
709,487,469,8831852,9363,158785,20520100
710,482,468,8831370,9377,159253,19654200
711,455,431,8830915,9401,159684,18999500
712,494,475,8830421,9420,160159,19359900
713,484,476,8829937,9428,160635,19945000
714,505,477,8829432,9456,161112,19118800
715,476,442,8828956,9490,161554,19599500
716,482,485,8828474,9487,162039,19299400
717,459,469,8828015,9477,162508,19377500
718,517,460,8827498,9534,162968,19102400
719,506,466,8826992,9574,163434,19136900
720,522,504,8826470,9592,163938,19591200
721,494,474,8825976,9612,164412,19192000
722,521,422,8825455,9711,164834,19291800
723,500,479,8824955,9732,165313,19221800
724,504,486,8824451,9750,165799,18698000
725,500,504,8823951,9746,166303,19044000
726,517,441,8823434,9822,166744,19133200
727,529,511,8822905,9840,167255,19250100
728,511,524,8822394,9827,167779,19268500
729,484,494,8821910,9817,168273,19056500
730,478,461,8821432,9834,168734,19209500
731,453,460,8820979,9827,169194,18807600
732,489,507,8820490,9809,169701,18784700
733,513,494,8819977,9828,170195,19322200
734,495,498,8819482,9825,170693,19358000
735,506,469,8818976,9862,171162,19684600
736,526,456,8818450,9932,171618,19135700
737,448,500,8818002,9880,172118,18994600
738,532,484,8817470,9928,172602,19060600
739,521,477,8816949,9972,173079,18834600
740,499,458,8816450,10013,173537,22283800
741,494,484,8815956,10023,174021,20446900
742,500,535,8815456,9988,174556,19160700
743,515,510,8814941,9993,175066,18993700
744,511,448,8814430,10056,175514,18858200
745,506,485,8813924,10077,175999,18974100
746,499,494,8813425,10082,176493,19597500
747,514,499,8812911,10097,176992,19290100
748,505,490,8812406,10112,177482,19006800
749,539,521,8811867,10130,178003,19541200
750,541,499,8811326,10172,178502,19158200
751,553,482,8810773,10243,178984,18905500
752,517,524,8810256,10236,179508,18859600
753,474,519,8809782,10191,180027,18863500
754,514,494,8809268,10211,180521,19388100
755,503,496,8808765,10218,181017,18973600
756,483,501,8808282,10200,181518,19511500
757,511,528,8807771,10183,182046,19656800
758,486,510,8807285,10159,182556,19234300
759,516,509,8806769,10166,183065,18758700
760,494,516,8806275,10144,183581,18867500
761,528,517,8805747,10155,184098,19607100
762,495,550,8805252,10100,184648,19009500
763,535,509,8804717,10126,185157,19067100
764,506,493,8804211,10139,185650,19000900
765,552,503,8803659,10188,186153,18916700
766,557,525,8803102,10220,186678,19349200
767,548,487,8802554,10281,187165,18759800
768,514,507,8802040,10288,187672,19276100
769,500,539,8801540,10249,188211,19254500
770,491,516,8801049,10224,188727,19555000
771,529,507,8800520,10246,189234,20294200
772,552,505,8799968,10293,189739,19856000
773,555,523,8799413,10325,190262,19996200
774,512,552,8798901,10285,190814,19535800
775,508,486,8798393,10307,191300,19692800
776,519,485,8797874,10341,191785,19766100
777,497,532,8797377,10306,192317,20027100
778,549,533,8796828,10322,192850,19540200
779,523,549,8796305,10296,193399,19356900
780,518,526,8795787,10288,193925,19093300
781,503,509,8795284,10282,194434,19622100
782,525,516,8794759,10291,194950,19290600
783,514,532,8794245,10273,195482,19303400
784,540,506,8793705,10307,195988,19311700
785,529,492,8793176,10344,196480,19767200
786,520,494,8792656,10370,196974,19548100
787,563,526,8792093,10407,197500,19052300
788,526,520,8791567,10413,198020,18910700
789,518,522,8791049,10409,198542,19690400
790,523,497,8790526,10435,199039,18975000
791,548,497,8789978,10486,199536,19090900
792,550,494,8789428,10542,200030,19045100
793,559,553,8788869,10548,200583,18891300
794,546,479,8788323,10615,201062,18957000
795,510,549,8787813,10576,201611,18864100
796,519,533,8787294,10562,202144,18771800
797,529,570,8786765,10521,202714,18724300
798,526,486,8786239,10561,203200,19728200
799,517,532,8785722,10546,203732,18837400
800,524,525,8785198,10545,204257,18940600
801,559,557,8784639,10547,204814,18635000
802,523,516,8784116,10554,205330,18992900
803,551,494,8783565,10611,205824,19586600
804,522,531,8783043,10602,206355,20029700
805,511,506,8782532,10607,206861,19592000
806,523,553,8782009,10577,207414,19169500
807,490,547,8781519,10520,207961,18851100
808,531,533,8780988,10518,208494,18849300
809,501,494,8780487,10525,208988,19224400
810,540,553,8779947,10512,209541,19111600
811,532,537,8779415,10507,210078,18882500
812,560,558,8778855,10509,210636,19050200
813,577,467,8778278,10619,211103,18946400
814,572,520,8777706,10671,211623,19522300
815,570,523,8777136,10718,212146,18744100
816,539,569,8776597,10688,212715,19410800
817,603,539,8775994,10752,213254,19533100
818,556,553,8775438,10755,213807,19018500
819,527,523,8774911,10759,214330,19004400
820,540,588,8774371,10711,214918,19478300
821,531,548,8773840,10694,215466,19433400
822,561,525,8773279,10730,215991,19044900
823,529,572,8772750,10687,216563,19582800
824,522,522,8772228,10687,217085,19315100
825,495,547,8771733,10635,217632,19134800
826,508,558,8771225,10585,218190,19247700
827,504,502,8770721,10587,218692,19310700
828,553,540,8770168,10600,219232,19246400
829,532,562,8769636,10570,219794,19383000
830,577,584,8769059,10563,220378,19580000
831,566,520,8768493,10609,220898,19206200
832,534,565,8767959,10578,221463,18972300
833,522,535,8767437,10565,221998,18807900
834,592,533,8766845,10624,222531,19050300
835,560,558,8766285,10626,223089,18708600
836,566,528,8765719,10664,223617,19431700
837,552,581,8765167,10635,224198,19223700
838,526,505,8764641,10656,224703,20140700
839,531,546,8764110,10641,225249,19589600
840,554,520,8763556,10675,225769,19518700
841,586,516,8762970,10745,226285,19258300
842,569,515,8762401,10799,226800,19155000
843,539,561,8761862,10777,227361,19413300
844,585,523,8761277,10839,227884,19492500
845,532,511,8760745,10860,228395,19205100
846,531,553,8760214,10838,228948,19354400
847,529,542,8759685,10825,229490,19511000
848,583,536,8759102,10872,230026,19319400
849,567,548,8758535,10891,230574,19214800
850,585,578,8757950,10898,231152,19428000
851,544,530,8757406,10912,231682,19268000
852,537,574,8756869,10875,232256,18783800
853,586,540,8756283,10921,232796,18779100
854,571,526,8755712,10966,233322,18952000
855,641,548,8755071,11059,233870,19395600
856,586,580,8754485,11065,234450,19236200
857,560,567,8753925,11058,235017,19001700
858,568,538,8753357,11088,235555,19368900
859,554,546,8752803,11096,236101,18809200
860,593,594,8752210,11095,236695,19219900
861,615,608,8751595,11102,237303,19024700
862,568,514,8751027,11156,237817,18850600
863,587,611,8750440,11132,238428,19050400
864,609,561,8749831,11180,238989,19515200
865,610,579,8749221,11211,239568,19708900
866,560,584,8748661,11187,240152,20726200
867,604,532,8748057,11259,240684,37999000
868,539,559,8747518,11239,241243,19001500
869,575,582,8746943,11232,241825,18702900
870,560,583,8746383,11209,242408,18845800
871,597,549,8745786,11257,242957,19178900
872,552,579,8745234,11230,243536,18997600
873,561,556,8744673,11235,244092,18666000
874,570,567,8744103,11238,244659,19290700
875,555,544,8743548,11249,245203,19704000
876,613,529,8742935,11333,245732,19506400
877,572,627,8742363,11278,246359,19379900
878,566,519,8741797,11325,246878,18888900
879,601,541,8741196,11385,247419,19541100
880,570,577,8740626,11378,247996,19293000
881,602,586,8740024,11394,248582,19137500
882,591,574,8739433,11411,249156,18904500
883,616,579,8738817,11448,249735,19030000
884,604,548,8738213,11504,250283,18963500
885,565,567,8737648,11502,250850,18973400
886,595,567,8737053,11530,251417,19149300
887,604,580,8736449,11554,251997,19208200
888,558,608,8735891,11504,252605,18956100
889,540,590,8735351,11454,253195,19045100
890,569,593,8734782,11430,253788,19573100
891,538,576,8734244,11392,254364,19390800
892,589,591,8733655,11390,254955,19044600
893,574,558,8733081,11406,255513,19804500
894,550,530,8732531,11426,256043,19986700
895,576,588,8731955,11414,256631,19610700
896,564,558,8731391,11420,257189,19684100
897,552,564,8730839,11408,257753,19371900
898,561,548,8730278,11421,258301,19494900
899,592,557,8729686,11456,258858,19597300
900,587,564,8729099,11479,259422,19554700
901,579,594,8728520,11464,260016,20049700
902,527,612,8727993,11379,260628,19873600
903,595,542,8727398,11432,261170,19975000
904,578,582,8726820,11428,261752,19652400
905,595,555,8726225,11468,262307,19924200
906,565,566,8725660,11467,262873,19649300
907,554,623,8725106,11398,263496,19731200
908,580,582,8724526,11396,264078,19921900
909,588,598,8723938,11386,264676,19250700
910,577,563,8723361,11400,265239,19151800
911,583,591,8722778,11392,265830,19794600
912,621,602,8722157,11411,266432,19326300
913,578,573,8721579,11416,267005,20027900
914,545,541,8721034,11420,267546,19753800
915,553,538,8720481,11435,268084,20428300
916,557,635,8719924,11357,268719,19876400
917,601,549,8719323,11409,269268,19792400
918,569,553,8718754,11425,269821,20001200
919,594,611,8718160,11408,270432,19205800
920,568,570,8717592,11406,271002,19482400
921,588,601,8717004,11393,271603,19638900
922,584,568,8716420,11409,272171,19656500
923,618,559,8715802,11468,272730,19513900
924,576,579,8715226,11465,273309,19389700
925,626,601,8714600,11490,273910,19646300
926,577,563,8714023,11504,274473,19537400
927,595,561,8713428,11538,275034,19828600
928,576,598,8712852,11516,275632,19622900
929,595,590,8712257,11521,276222,19604600
930,626,601,8711631,11546,276823,19079900
931,569,544,8711062,11571,277367,19826800
932,629,568,8710433,11632,277935,19330800
933,579,611,8709854,11600,278546,19164600
934,628,601,8709226,11627,279147,19603200
935,584,563,8708642,11648,279710,19675100
936,596,580,8708046,11664,280290,19940600
937,622,573,8707424,11713,280863,19140100
938,584,597,8706840,11700,281460,19172200
939,637,592,8706203,11745,282052,19289300
940,639,590,8705564,11794,282642,19773200
941,610,601,8704954,11803,283243,19452100
942,608,603,8704346,11808,283846,18908700
943,565,603,8703781,11770,284449,18955000
944,581,605,8703200,11746,285054,19506800
945,619,611,8702581,11754,285665,19311800
946,594,586,8701987,11762,286251,19021300
947,627,572,8701360,11817,286823,19503200
948,597,619,8700763,11795,287442,18795300
949,602,587,8700161,11810,288029,19603400
950,630,584,8699531,11856,288613,18787400
951,602,582,8698929,11876,289195,19317400
952,581,556,8698348,11901,289751,19124300
953,594,579,8697754,11916,290330,19013100
954,590,592,8697164,11914,290922,18784600
955,642,600,8696522,11956,291522,18981000
956,629,575,8695893,12010,292097,19638400
957,591,614,8695302,11987,292711,19323200
958,613,627,8694689,11973,293338,19044500
959,624,596,8694065,12001,293934,18970600
960,567,611,8693498,11957,294545,19430900
961,623,605,8692875,11975,295150,19255200
962,592,594,8692283,11973,295744,19176300
963,569,579,8691714,11963,296323,19294300
964,602,633,8691112,11932,296956,19084100
965,578,599,8690534,11911,297555,19269300
966,593,586,8689941,11918,298141,18807400
967,589,588,8689352,11919,298729,19090000
968,603,591,8688749,11931,299320,19298000
969,570,578,8688179,11923,299898,19468100
970,549,601,8687630,11871,300499,19384100
971,643,603,8686987,11911,301102,19280400
972,615,573,8686372,11953,301675,19200400
973,609,559,8685763,12003,302234,19345200
974,627,606,8685136,12024,302840,19382200
975,657,604,8684479,12077,303444,19274900
976,620,596,8683859,12101,304040,19148200
977,578,689,8683281,11990,304729,19611100
978,601,613,8682680,11978,305342,19299300
979,570,620,8682110,11928,305962,19473700
980,598,593,8681512,11933,306555,19302300
981,613,586,8680899,11960,307141,19078100
982,581,579,8680318,11962,307720,19013600
983,581,590,8679737,11953,308310,19017500
984,623,584,8679114,11992,308894,19478000
985,596,604,8678518,11984,309498,19149200
986,569,591,8677949,11962,310089,19750200
987,592,584,8677357,11970,310673,19166700
988,620,597,8676737,11993,311270,19249100
989,603,583,8676134,12013,311853,18967500
990,614,596,8675520,12031,312449,18908300
991,610,607,8674910,12034,313056,19654600
992,653,581,8674257,12106,313637,19315400
993,614,635,8673643,12085,314272,19570000
994,653,537,8672990,12201,314809,19439500
995,595,604,8672395,12192,315413,19130500
996,644,567,8671751,12269,315980,18982000
997,612,624,8671139,12257,316604,19177500
998,636,644,8670503,12249,317248,19154200
999,668,650,8669835,12267,317898,19041300
1000,630,618,8669205,12279,318516,19015900
1001,634,602,8668571,12311,319118,19641000
1002,619,599,8667952,12331,319717,19094800
1003,637,634,8667315,12334,320351,19083400
1004,572,611,8666743,12295,320962,19138600
1005,646,581,8666097,12360,321543,19469000
1006,629,596,8665468,12393,322139,18958300
1007,630,597,8664838,12426,322736,19135100
1008,584,623,8664254,12387,323359,19283800
1009,614,617,8663640,12384,323976,18831300
1010,601,619,8663039,12366,324595,19517000
1011,596,573,8662443,12389,325168,18911200
1012,608,605,8661835,12392,325773,19001400
1013,610,593,8661225,12409,326366,18787800
1014,630,656,8660595,12383,327022,18977800
1015,649,597,8659946,12435,327619,18995100
1016,620,649,8659326,12406,328268,18819500
1017,601,593,8658725,12414,328861,18917900
1018,570,605,8658155,12379,329466,19741000
1019,601,641,8657554,12339,330107,21148000
1020,624,659,8656930,12304,330766,19914300
1021,614,697,8656316,12221,331463,19525100
1022,628,607,8655688,12242,332070,20158100
1023,642,584,8655046,12300,332654,20421800
1024,639,651,8654407,12288,333305,19308100
1025,598,673,8653809,12213,333978,19121600
1026,625,627,8653184,12211,334605,19237700
1027,571,645,8652613,12137,335250,18773800
1028,614,583,8651999,12168,335833,18890900
1029,620,620,8651379,12168,336453,19429800
1030,616,664,8650763,12120,337117,19093500
1031,609,642,8650154,12087,337759,19691300
1032,610,614,8649544,12083,338373,19173600
1033,583,605,8648961,12061,338978,18916200
1034,639,542,8648322,12158,339520,19464500
1035,666,576,8647656,12248,340096,18987700
1036,634,590,8647022,12292,340686,19292800
1037,631,548,8646391,12375,341234,19265700
1038,610,566,8645781,12419,341800,19112200
1039,642,637,8645139,12424,342437,20364900
1040,619,611,8644520,12432,343048,19349400
1041,624,630,8643896,12426,343678,19409700
1042,620,619,8643276,12427,344297,19304400
1043,564,591,8642712,12400,344888,19856000
1044,593,635,8642119,12358,345523,20246800
1045,624,618,8641495,12364,346141,19739600
1046,623,623,8640872,12364,346764,19429300
1047,641,578,8640231,12427,347342,19825800
1048,631,627,8639600,12431,347969,19371000
1049,665,605,8638935,12491,348574,19550400
1050,640,638,8638295,12493,349212,19018800
1051,691,594,8637604,12590,349806,18968600
1052,680,600,8636924,12670,350406,19058800
1053,607,634,8636317,12643,351040,19018200
1054,664,672,8635653,12635,351712,19046700
1055,646,657,8635007,12624,352369,19540900
1056,614,660,8634393,12578,353029,19119400
1057,623,624,8633770,12577,353653,18833100
1058,634,620,8633136,12591,354273,18812400
1059,647,584,8632489,12654,354857,19495900
1060,645,618,8631844,12681,355475,19087000
1061,653,627,8631191,12707,356102,18894900
1062,645,642,8630546,12710,356744,19023300
1063,632,633,8629914,12709,357377,18955800
1064,632,699,8629282,12642,358076,18718500
1065,621,606,8628661,12657,358682,19032400
1066,645,628,8628016,12674,359310,18863200
1067,624,623,8627392,12675,359933,19375900
1068,641,649,8626751,12667,360582,19581900
1069,632,616,8626119,12683,361198,18853800
1070,605,652,8625514,12636,361850,19056800
1071,649,614,8624865,12671,362464,19007100
1072,640,614,8624225,12697,363078,19340400
1073,651,596,8623574,12752,363674,19837600
1074,614,616,8622960,12750,364290,19572100
1075,648,675,8622312,12723,364965,19679800
1076,665,637,8621647,12751,365602,19828800
1077,620,660,8621027,12711,366262,19721600
1078,685,592,8620342,12804,366854,20625300
1079,655,620,8619687,12839,367474,20304500
1080,632,654,8619055,12817,368128,19455100
1081,688,650,8618367,12855,368778,19449500
1082,720,641,8617647,12934,369419,19689200
1083,650,616,8616997,12968,370035,19620700
1084,632,620,8616365,12980,370655,19920900
1085,697,693,8615668,12984,371348,19386000
1086,660,648,8615008,12996,371996,19160900
1087,657,676,8614351,12977,372672,19504600
1088,672,622,8613679,13027,373294,19382900
1089,662,636,8613017,13053,373930,19052100
1090,662,682,8612355,13033,374612,19399500
1091,654,667,8611701,13020,375279,19227800
1092,696,664,8611005,13052,375943,18934100
1093,670,668,8610335,13054,376611,19258500
1094,689,692,8609646,13051,377303,19945600
1095,678,660,8608968,13069,377963,19332300
1096,680,653,8608288,13096,378616,19719400
1097,716,600,8607572,13212,379216,19911400
1098,696,652,8606876,13256,379868,19466700
1099,669,727,8606207,13198,380595,19207000
1100,629,660,8605578,13167,381255,19640400
1101,663,650,8604915,13180,381905,19825000
1102,621,628,8604294,13173,382533,20068200
1103,662,635,8603632,13200,383168,20010300
1104,635,667,8602997,13168,383835,19982700
1105,621,735,8602376,13054,384570,19807700
1106,616,613,8601760,13057,385183,21330600
1107,616,651,8601144,13022,385834,20235600
1108,662,651,8600482,13033,386485,19691700
1109,673,667,8599809,13039,387152,19746000
1110,660,658,8599149,13041,387810,19506300
1111,668,661,8598481,13048,388471,19366900
1112,713,649,8597768,13112,389120,19125100
1113,678,695,8597090,13095,389815,19485900
1114,728,669,8596362,13154,390484,19424500
1115,636,634,8595726,13156,391118,19816000
1116,648,697,8595078,13107,391815,19824200
1117,687,699,8594391,13095,392514,19328200
1118,701,626,8593690,13170,393140,19898500
1119,656,640,8593034,13186,393780,18993600
1120,699,680,8592335,13205,394460,18738000
1121,637,667,8591698,13175,395127,19394200
1122,682,651,8591016,13206,395778,19126400
1123,669,672,8590347,13203,396450,19352000
1124,706,633,8589641,13276,397083,19072800
1125,677,637,8588964,13316,397720,18859800
1126,670,696,8588294,13290,398416,19598400
1127,697,638,8587597,13349,399054,19087600
1128,669,650,8586928,13368,399704,19175900
1129,674,680,8586254,13362,400384,19118000
1130,680,644,8585574,13398,401028,18827400
1131,662,672,8584912,13388,401700,18742200
1132,681,678,8584231,13391,402378,18921400
1133,667,653,8583564,13405,403031,19137200
1134,680,646,8582884,13439,403677,19654000
1135,674,685,8582210,13428,404362,19164600
1136,710,710,8581500,13428,405072,19143800
1137,694,654,8580806,13468,405726,18878600
1138,642,655,8580164,13455,406381,19350800
1139,734,670,8579430,13519,407051,19306200
1140,716,672,8578714,13563,407723,19167400
1141,701,663,8578013,13601,408386,19129000
1142,703,699,8577310,13605,409085,19067600
1143,683,662,8576627,13626,409747,19006900
1144,732,690,8575895,13668,410437,19086700
1145,705,731,8575190,13642,411168,18834400
1146,675,663,8574515,13654,411831,18688300
1147,648,675,8573867,13627,412506,19043700
1148,673,696,8573194,13604,413202,19191700
1149,704,724,8572490,13584,413926,19205100
1150,690,681,8571800,13593,414607,19180000
1151,691,721,8571109,13563,415328,19186000
1152,688,715,8570421,13536,416043,19041700
1153,701,717,8569720,13520,416760,19369300
1154,663,660,8569057,13523,417420,18977500
1155,712,680,8568345,13555,418100,19182400
1156,672,692,8567673,13535,418792,19155900
1157,682,646,8566991,13571,419438,18819400
1158,737,680,8566254,13628,420118,19333100
1159,671,703,8565583,13596,420821,19323800
1160,706,668,8564877,13634,421489,19030700
1161,683,666,8564194,13651,422155,19376000
1162,696,642,8563498,13705,422797,19138000
1163,673,703,8562825,13675,423500,19276100
1164,670,673,8562155,13672,424173,19799900
1165,673,671,8561482,13674,424844,19217900
1166,672,673,8560810,13673,425517,19765000
1167,679,663,8560131,13689,426180,19352800
1168,720,679,8559411,13730,426859,19250500
1169,692,695,8558719,13727,427554,19467800
1170,682,692,8558037,13717,428246,19596400
1171,679,697,8557358,13699,428943,19634700
1172,668,719,8556690,13648,429662,19864500
1173,655,656,8556035,13647,430318,19529600
1174,685,703,8555350,13629,431021,19300200
1175,665,715,8554685,13579,431736,20337100
1176,698,699,8553987,13578,432435,21098900
1177,659,713,8553328,13524,433148,19369900
1178,689,672,8552639,13541,433820,19294000
1179,691,704,8551948,13528,434524,19093600
1180,664,633,8551284,13559,435157,19246300
1181,689,663,8550595,13585,435820,19001100
1182,712,705,8549883,13592,436525,18869300
1183,648,701,8549235,13539,437226,19186800
1184,683,709,8548552,13513,437935,19125100
1185,679,666,8547873,13526,438601,19128200
1186,729,673,8547144,13582,439274,19386800
1187,693,653,8546451,13622,439927,19254600
1188,719,683,8545732,13658,440610,19254600
1189,704,667,8545028,13695,441277,18855800
1190,728,690,8544300,13733,441967,19168500
1191,719,653,8543581,13799,442620,19884700
1192,720,639,8542861,13880,443259,18862100
1193,701,711,8542160,13870,443970,18828000
1194,687,671,8541473,13886,444641,19010300
1195,730,705,8540743,13911,445346,19057000
1196,655,679,8540088,13887,446025,19273900
1197,706,716,8539382,13877,446741,19248400
1198,657,670,8538725,13864,447411,19046100
1199,699,747,8538026,13816,448158,18801600
1200,722,675,8537304,13863,448833,19738100
1201,686,659,8536618,13890,449492,20023400
1202,725,668,8535893,13947,450160,19253000
1203,703,693,8535190,13957,450853,18819700
1204,694,701,8534496,13950,451554,19661500
1205,710,688,8533786,13972,452242,19124100
1206,721,727,8533065,13966,452969,19370800
1207,708,674,8532357,14000,453643,19104700
1208,668,677,8531689,13991,454320,19008400
1209,739,669,8530950,14061,454989,18814600
1210,667,674,8530283,14054,455663,19791800
1211,720,699,8529563,14075,456362,20249400
1212,671,675,8528892,14071,457037,18834800
1213,675,657,8528217,14089,457694,18790300
1214,679,668,8527538,14100,458362,19174400
1215,705,713,8526833,14092,459075,19740900
1216,709,684,8526124,14117,459759,18892600
1217,701,744,8525423,14074,460503,19967600
1218,690,742,8524733,14022,461245,19118400
1219,685,736,8524048,13971,461981,18904000
1220,678,723,8523370,13926,462704,19004500
1221,674,693,8522696,13907,463397,18897200
1222,713,706,8521983,13914,464103,19357800
1223,729,714,8521254,13929,464817,18989500
1224,748,683,8520506,13994,465500,19396700
1225,722,668,8519784,14048,466168,19185800
1226,730,749,8519054,14029,466917,19582300
1227,694,662,8518360,14061,467579,19194700
1228,779,712,8517581,14128,468291,19340500
1229,737,722,8516844,14143,469013,18997200
1230,752,682,8516092,14213,469695,19113600
1231,725,733,8515367,14205,470428,19030100
1232,743,724,8514624,14224,471152,19249000
1233,734,730,8513890,14228,471882,19029000
1234,726,738,8513164,14216,472620,19256200
1235,717,654,8512447,14279,473274,19622800
1236,693,712,8511754,14260,473986,19298400
1237,733,645,8511021,14348,474631,20320400
1238,712,676,8510309,14384,475307,20082300
1239,695,740,8509614,14339,476047,19253300
1240,715,698,8508899,14356,476745,19460400
1241,747,760,8508152,14343,477505,19108000
1242,710,690,8507442,14363,478195,19155000
1243,744,715,8506698,14392,478910,19820100
1244,755,716,8505943,14431,479626,19265800
1245,693,696,8505250,14428,480322,18919700
1246,718,751,8504532,14395,481073,19349500
1247,745,725,8503787,14415,481798,19638500
1248,742,777,8503045,14380,482575,18989600
1249,724,756,8502321,14348,483331,19123500
1250,765,689,8501556,14424,484020,18793500
1251,724,740,8500832,14408,484760,18969400
1252,740,735,8500092,14413,485495,18917300
1253,746,751,8499346,14408,486246,19302000
1254,782,726,8498564,14464,486972,19561900
1255,703,690,8497861,14477,487662,19165200
1256,744,705,8497117,14516,488367,19195700
1257,769,731,8496348,14554,489098,19115100
1258,773,731,8495575,14596,489829,19114500
1259,731,702,8494844,14625,490531,19028900
1260,728,715,8494116,14638,491246,19368700
1261,743,703,8493373,14678,491949,19152200
1262,749,731,8492624,14696,492680,19639300
1263,740,725,8491884,14711,493405,19406700
1264,763,737,8491121,14737,494142,19179400
1265,750,734,8490371,14753,494876,19107600
1266,752,695,8489619,14810,495571,19040600
1267,730,767,8488889,14773,496338,19524900
1268,761,714,8488128,14820,497052,19170900
1269,749,717,8487379,14852,497769,19829700
1270,729,750,8486650,14831,498519,19288000
1271,697,752,8485953,14776,499271,19177400
1272,714,696,8485239,14794,499967,19269200
1273,754,681,8484485,14867,500648,19349000
1274,764,754,8483721,14877,501402,19155200
1275,748,699,8482973,14926,502101,19581400
1276,741,798,8482232,14869,502899,19559100
1277,718,776,8481514,14811,503675,18925600
1278,735,770,8480779,14776,504445,19443000
1279,711,731,8480068,14756,505176,19414600
1280,725,735,8479343,14746,505911,19562000
1281,731,715,8478612,14762,506626,19094300
1282,739,678,8477873,14823,507304,19473900
1283,741,775,8477132,14789,508079,19066600
1284,799,743,8476333,14845,508822,19340800
1285,735,687,8475598,14893,509509,19147300
1286,766,750,8474832,14909,510259,19055400
1287,747,762,8474085,14894,511021,19637700
1288,742,751,8473343,14885,511772,19394000
1289,748,780,8472595,14853,512552,19291800
1290,740,775,8471855,14818,513327,19389000
1291,770,705,8471085,14883,514032,19136400
1292,715,758,8470370,14840,514790,18781100
1293,741,738,8469629,14843,515528,19120800
1294,733,779,8468896,14797,516307,19021600
1295,709,722,8468187,14784,517029,19095400
1296,778,741,8467409,14821,517770,18809600
1297,723,707,8466686,14837,518477,18938400
1298,727,682,8465959,14882,519159,18859900
1299,748,754,8465211,14876,519913,19404400
1300,734,758,8464477,14852,520671,19223900
1301,770,782,8463707,14840,521453,20016200
1302,783,773,8462924,14850,522226,19491700
1303,772,739,8462152,14883,522965,19317400
1304,753,778,8461399,14858,523743,19561200
1305,745,786,8460654,14817,524529,19597900
1306,695,787,8459959,14725,525316,20301600
1307,694,690,8459265,14729,526006,20077500
1308,709,772,8458556,14666,526778,19368700
1309,796,706,8457760,14756,527484,19486200
1310,769,675,8456991,14850,528159,19397300
1311,762,751,8456229,14861,528910,19488200
1312,769,741,8455460,14889,529651,19204900
1313,743,735,8454717,14897,530386,19833000
1314,750,768,8453967,14879,531154,18774800
1315,722,747,8453245,14854,531901,19248100
1316,768,721,8452477,14901,532622,19650800
1317,725,808,8451752,14818,533430,18942100
1318,771,715,8450981,14874,534145,19107200
1319,771,718,8450210,14927,534863,19129900
1320,735,721,8449475,14941,535584,19188700
1321,769,734,8448706,14976,536318,19005200
1322,783,726,8447923,15033,537044,19058500
1323,733,727,8447190,15039,537771,19172400
1324,744,772,8446446,15011,538543,19165400
1325,761,769,8445685,15003,539312,19474200
1326,741,746,8444944,14998,540058,18874100
1327,760,742,8444184,15016,540800,19160000
1328,767,762,8443417,15021,541562,19595000
1329,766,747,8442651,15040,542309,18965500
1330,757,768,8441894,15029,543077,19059300
1331,785,698,8441109,15116,543775,19180000
1332,704,782,8440405,15038,544557,19282000
1333,761,790,8439644,15009,545347,19172300
1334,744,757,8438900,14996,546104,18792900
1335,843,722,8438057,15117,546826,18800200
1336,796,729,8437261,15184,547555,19287000
1337,804,775,8436457,15213,548330,19147800
1338,785,744,8435672,15254,549074,19593700
1339,821,777,8434851,15298,549851,19887800
1340,787,755,8434064,15330,550606,19502100
1341,792,781,8433272,15341,551387,19479400
1342,743,809,8432529,15275,552196,19996500
1343,768,767,8431761,15276,552963,19499700
1344,784,771,8430977,15289,553734,19821000
1345,783,739,8430194,15333,554473,19599300
1346,805,774,8429389,15364,555247,19802400
1347,784,790,8428605,15358,556037,19636800
1348,820,783,8427785,15395,556820,19597100
1349,804,772,8426981,15427,557592,19662000
1350,755,751,8426226,15431,558343,19858800
1351,807,814,8425419,15424,559157,19796600
1352,795,778,8424624,15441,559935,19876700
1353,781,801,8423843,15421,560736,19648800
1354,757,731,8423086,15447,561467,19703900
1355,721,768,8422365,15400,562235,19925600
1356,747,768,8421618,15379,563003,20102600
1357,767,797,8420851,15349,563800,19639200
1358,746,781,8420105,15314,564581,19886900
1359,791,740,8419314,15365,565321,19907900
1360,781,792,8418533,15354,566113,19556100
1361,761,735,8417772,15380,566848,19490300
1362,799,764,8416973,15415,567612,19768200
1363,778,752,8416195,15441,568364,19134200
1364,775,783,8415420,15433,569147,18953800
1365,768,768,8414652,15433,569915,19020900
1366,812,737,8413840,15508,570652,19397600
1367,768,785,8413072,15491,571437,19410000
1368,792,819,8412280,15464,572256,19733400
1369,782,805,8411498,15441,573061,19426200
1370,779,789,8410719,15431,573850,19395100
1371,789,789,8409930,15431,574639,19356800
1372,787,734,8409143,15484,575373,19570000
1373,772,800,8408371,15456,576173,19823800
1374,801,760,8407570,15497,576933,19430800
1375,772,770,8406798,15499,577703,19455600
1376,799,767,8405999,15531,578470,19327400
1377,853,768,8405146,15616,579238,19419200
1378,815,777,8404331,15654,580015,19372900
1379,755,780,8403576,15629,580795,18735900
1380,805,799,8402771,15635,581594,19494000
1381,725,806,8402046,15554,582400,18934300
1382,822,818,8401224,15558,583218,18996800
1383,783,801,8400441,15540,584019,19021900
1384,781,758,8399660,15563,584777,19028700
1385,761,796,8398899,15528,585573,18949700
1386,776,779,8398123,15525,586352,19016400
1387,739,762,8397384,15502,587114,19049100
1388,791,797,8396593,15496,587911,18783800
1389,812,750,8395781,15558,588661,19088300
1390,794,784,8394987,15568,589445,19290500
1391,809,819,8394178,15558,590264,19500600
1392,834,808,8393344,15584,591072,19879900
1393,851,770,8392493,15665,591842,19260800
1394,843,739,8391650,15769,592581,19390900
1395,808,818,8390842,15759,593399,18880000
1396,832,811,8390010,15780,594210,18910700
1397,805,747,8389205,15838,594957,19120600
1398,801,782,8388404,15857,595739,18934700
1399,803,819,8387601,15841,596558,19090800
1400,786,782,8386815,15845,597340,18857100
1401,785,788,8386030,15842,598128,18970700
1402,840,838,8385190,15844,598966,18996400
1403,768,792,8384422,15820,599758,18877100
1404,792,777,8383630,15835,600535,19187400
1405,848,847,8382782,15836,601382,19299100
1406,749,818,8382033,15767,602200,19429500
1407,776,798,8381257,15745,602998,19568500
1408,772,854,8380485,15663,603852,19095000
1409,788,786,8379697,15665,604638,19023300
1410,741,769,8378956,15637,605407,19908900
1411,827,738,8378129,15726,606145,19590800
1412,805,776,8377324,15755,606921,19101900
1413,781,754,8376543,15782,607675,19086800
1414,786,815,8375757,15753,608490,19507600
1415,793,795,8374964,15751,609285,20495600
1416,804,787,8374160,15768,610072,18955800
1417,833,776,8373327,15825,610848,18998600
1418,843,741,8372484,15927,611589,19368600
1419,825,863,8371659,15889,612452,18980500
1420,869,777,8370790,15981,613229,18811100
1421,803,812,8369987,15972,614041,19088000
1422,792,756,8369195,16008,614797,19606600
1423,799,750,8368396,16057,615547,18966400
1424,851,807,8367545,16101,616354,19507200
1425,824,820,8366721,16105,617174,19194000
1426,843,799,8365878,16149,617973,18947700
1427,824,792,8365054,16181,618765,18890900
1428,836,804,8364218,16213,619569,19373300
1429,863,800,8363355,16276,620369,18776600
1430,820,817,8362535,16279,621186,19054900
1431,845,843,8361690,16281,622029,19227800
1432,839,877,8360851,16243,622906,19374700
1433,829,787,8360022,16285,623693,19330100
1434,801,803,8359221,16283,624496,19799500
1435,806,805,8358415,16284,625301,19704200
1436,849,808,8357566,16325,626109,19846600
1437,836,809,8356730,16352,626918,19424500
1438,823,825,8355907,16350,627743,19508800
1439,802,850,8355105,16302,628593,19346500
1440,848,806,8354257,16344,629399,19362100
1441,787,825,8353470,16306,630224,19371500
1442,788,820,8352682,16274,631044,19911400
1443,804,774,8351878,16304,631818,19525800
1444,878,875,8351000,16307,632693,19654900
1445,805,780,8350195,16332,633473,19276500
1446,836,825,8349359,16343,634298,19371400
1447,879,773,8348480,16449,635071,18957300
1448,775,835,8347705,16389,635906,19015200
1449,799,854,8346906,16334,636760,19382300
1450,789,811,8346117,16312,637571,19020700
1451,783,811,8345334,16284,638382,19098700
1452,849,813,8344485,16320,639195,19135900
1453,832,883,8343653,16269,640078,19247700
1454,839,816,8342814,16292,640894,19283800
1455,840,830,8341974,16302,641724,19031400
1456,810,800,8341164,16312,642524,19214700
1457,832,830,8340332,16314,643354,19876700
1458,877,822,8339455,16369,644176,19166300
1459,839,822,8338616,16386,644998,19105000
1460,782,818,8337834,16350,645816,19114300
1461,818,806,8337016,16362,646622,19616500
1462,844,763,8336172,16443,647385,19751300
1463,770,816,8335402,16397,648201,19557800
1464,790,789,8334612,16398,648990,19002500
1465,827,808,8333785,16417,649798,19057100
1466,817,854,8332968,16380,650652,19982900
1467,808,832,8332160,16356,651484,19476800
1468,795,800,8331365,16351,652284,19007200
1469,818,831,8330547,16338,653115,19045300
1470,856,832,8329691,16362,653947,19096200
1471,833,788,8328858,16407,654735,19566000
1472,882,825,8327976,16464,655560,19459700
1473,878,823,8327098,16519,656383,19683900
1474,798,813,8326300,16504,657196,19004100
1475,841,851,8325459,16494,658047,19140500
1476,829,915,8324630,16408,658962,19297200
1477,834,817,8323796,16425,659779,19622900
1478,873,867,8322923,16431,660646,19096200
1479,805,834,8322118,16402,661480,19105300
1480,831,822,8321287,16411,662302,19126300
1481,850,837,8320437,16424,663139,19183900
1482,827,791,8319610,16460,663930,18972200
1483,858,795,8318752,16523,664725,19074900
1484,810,871,8317942,16462,665596,19098700
1485,791,822,8317151,16431,666418,19264300
1486,860,848,8316291,16443,667266,18927400
1487,827,801,8315464,16469,668067,19075600
1488,871,796,8314593,16544,668863,19427600
1489,787,851,8313806,16480,669714,19186700
1490,831,780,8312975,16531,670494,19332300
1491,845,855,8312130,16521,671349,19344600
1492,853,856,8311277,16518,672205,19126100
1493,885,842,8310392,16561,673047,19383300
1494,862,839,8309530,16584,673886,19392800
1495,821,850,8308709,16555,674736,19585500
1496,810,819,8307899,16546,675555,19345100
1497,840,839,8307059,16547,676394,19815200
1498,843,788,8306216,16602,677182,19152600
1499,820,843,8305396,16579,678025,19471800
1500,843,799,8304553,16623,678824,19409000
1501,829,794,8303724,16658,679618,19325400
1502,797,864,8302927,16591,680482,19400100
1503,820,813,8302107,16598,681295,19611800
1504,840,822,8301267,16616,682117,19511600
1505,839,803,8300428,16652,682920,19275300
1506,794,881,8299634,16565,683801,19262500
1507,821,840,8298813,16546,684641,19522300
1508,821,793,8297992,16574,685434,19562500
1509,784,818,8297208,16540,686252,19253800
1510,843,826,8296365,16557,687078,19332400
1511,866,782,8295499,16641,687860,19402100
1512,888,836,8294611,16693,688696,19622000
1513,796,857,8293815,16632,689553,18993100
1514,818,818,8292997,16632,690371,19121600
1515,869,816,8292128,16685,691187,19484100
1516,856,823,8291272,16718,692010,19102900
1517,826,827,8290446,16717,692837,18989400
1518,885,848,8289561,16754,693685,19289000
1519,827,863,8288734,16718,694548,19039800
1520,837,843,8287897,16712,695391,19742100
1521,801,835,8287096,16678,696226,18888600
1522,808,816,8286288,16670,697042,19010200
1523,889,825,8285399,16734,697867,19136600
1524,862,847,8284537,16749,698714,18990300
1525,858,799,8283679,16808,699513,19484800
1526,872,841,8282807,16839,700354,19444200
1527,849,822,8281958,16866,701176,19262300
1528,836,831,8281122,16871,702007,20337400
1529,840,867,8280282,16844,702874,18985100
1530,831,926,8279451,16749,703800,19295700
1531,895,867,8278556,16777,704667,19452500
1532,872,855,8277684,16794,705522,19321700
1533,845,823,8276839,16816,706345,19797800
1534,859,840,8275980,16835,707185,19240900
1535,851,844,8275129,16842,708029,19598800
1536,803,851,8274326,16794,708880,19520200
1537,827,856,8273499,16765,709736,19451700
1538,827,847,8272672,16745,710583,19536600
1539,850,843,8271822,16752,711426,21873200
1540,862,859,8270960,16755,712285,19215400
1541,806,834,8270154,16727,713119,18877400
1542,840,868,8269314,16699,713987,19100000
1543,881,831,8268433,16749,714818,19395700
1544,832,826,8267601,16755,715644,19402000
1545,888,810,8266713,16833,716454,19328600
1546,878,888,8265835,16823,717342,19497600
1547,867,886,8264968,16804,718228,19417500
1548,845,826,8264123,16823,719054,19288100
1549,845,830,8263278,16838,719884,19263200
1550,854,826,8262424,16866,720710,18971500
1551,870,787,8261554,16949,721497,18996200
1552,888,826,8260666,17011,722323,19381900
1553,871,815,8259795,17067,723138,19428900
1554,889,832,8258906,17124,723970,19145800
1555,861,864,8258045,17121,724834,19125300
1556,894,870,8257151,17145,725704,19270400
1557,844,816,8256307,17173,726520,19095100
1558,848,840,8255459,17181,727360,18920500
1559,782,850,8254677,17113,728210,19314400
1560,864,842,8253813,17135,729052,19059800
1561,888,850,8252925,17173,729902,19027800
1562,888,851,8252037,17210,730753,19495100
1563,819,827,8251218,17202,731580,19202300
1564,849,857,8250369,17194,732437,19723800
1565,840,844,8249529,17190,733281,19373300
1566,859,971,8248670,17078,734252,19664900
1567,855,857,8247815,17076,735109,19653500
1568,897,863,8246918,17110,735972,19457200
1569,826,817,8246092,17119,736789,19403900
1570,841,880,8245251,17080,737669,18975800
1571,884,919,8244367,17045,738588,19400800
1572,814,839,8243553,17020,739427,20455300
1573,885,823,8242668,17082,740250,20327200
1574,856,839,8241812,17099,741089,19455100
1575,853,843,8240959,17109,741932,19445600
1576,852,899,8240107,17062,742831,19401500
1577,884,847,8239223,17099,743678,19515100
1578,822,847,8238401,17074,744525,19149300
1579,862,845,8237539,17091,745370,19195000
1580,861,816,8236678,17136,746186,18972600
1581,881,844,8235797,17173,747030,19080100
1582,901,865,8234896,17209,747895,19388600
1583,884,857,8234012,17236,748752,19732200
1584,866,871,8233146,17231,749623,20284400
1585,806,901,8232340,17136,750524,19286900
1586,845,878,8231495,17103,751402,19530000
1587,854,854,8230641,17103,752256,18939100
1588,821,857,8229820,17067,753113,18882500
1589,876,837,8228944,17106,753950,19016600
1590,869,900,8228075,17075,754850,19305700
1591,866,867,8227209,17074,755717,18923900
1592,922,948,8226287,17048,756665,19529100
1593,893,866,8225394,17075,757531,19541800
1594,904,864,8224490,17115,758395,19302100
1595,915,885,8223575,17145,759280,19045400
1596,884,901,8222691,17128,760181,19351100
1597,915,855,8221776,17188,761036,20361800
1598,950,844,8220826,17294,761880,20059600
1599,948,864,8219878,17378,762744,19461300
1600,930,844,8218948,17464,763588,19261300
1601,955,848,8217993,17571,764436,19056000
1602,926,858,8217067,17639,765294,18994100
1603,922,870,8216145,17691,766164,18926400
1604,938,860,8215207,17769,767024,19217400
1605,909,932,8214298,17746,767956,19033000
1606,945,929,8213353,17762,768885,19140100
1607,941,947,8212412,17756,769832,20699700
1608,891,901,8211521,17746,770733,18968300
1609,914,893,8210607,17767,771626,19303300
1610,848,882,8209759,17733,772508,19173100
1611,993,893,8208766,17833,773401,19321700
1612,872,844,8207894,17861,774245,19061200
1613,922,926,8206972,17857,775171,18937300
1614,935,882,8206037,17910,776053,19355200
1615,947,901,8205090,17956,776954,19098800
1616,941,862,8204149,18035,777816,19276900
1617,937,872,8203212,18100,778688,19169200
1618,843,911,8202369,18032,779599,19270300
1619,990,893,8201379,18129,780492,19453600
1620,995,913,8200384,18211,781405,19092400
1621,958,927,8199426,18242,782332,19176300
1622,944,913,8198482,18273,783245,22635900
1623,974,903,8197508,18344,784148,21611200
1624,962,908,8196546,18398,785056,19366400
1625,966,905,8195580,18459,785961,19154500
1626,931,920,8194649,18470,786881,19049600
1627,943,946,8193706,18467,787827,19203400
1628,937,900,8192769,18504,788727,19451500
1629,922,884,8191847,18542,789611,19815900
1630,938,969,8190909,18511,790580,19333100
1631,985,912,8189924,18584,791492,19554700
1632,960,950,8188964,18594,792442,19498800
1633,917,906,8188047,18605,793348,19624800
1634,962,907,8187085,18660,794255,19633500
1635,954,961,8186131,18653,795216,19554800
1636,896,943,8185235,18606,796159,19164600
1637,921,916,8184314,18611,797075,19151200
1638,911,948,8183403,18574,798023,19894500
1639,921,915,8182482,18580,798938,19250100
1640,930,911,8181552,18599,799849,19682600
1641,935,943,8180617,18591,800792,19328600
1642,890,922,8179727,18559,801714,19522800
1643,915,898,8178812,18576,802612,18878500
1644,951,902,8177861,18625,803514,20387200
1645,875,937,8176986,18563,804451,19422200
1646,885,934,8176101,18514,805385,19052500
1647,926,921,8175175,18519,806306,18943300
1648,909,883,8174266,18545,807189,19191000
1649,957,916,8173309,18586,808105,19457200
1650,930,939,8172379,18577,809044,19127900
1651,905,918,8171474,18564,809962,19936400
1652,933,925,8170541,18572,810887,19111100
1653,901,954,8169640,18519,811841,19343000
1654,862,918,8168778,18463,812759,19375800
1655,946,923,8167832,18486,813682,19140400
1656,897,931,8166935,18452,814613,19104600
1657,946,903,8165989,18495,815516,19202200
1658,864,884,8165125,18475,816400,19084500
1659,869,911,8164256,18433,817311,19231800
1660,893,965,8163363,18361,818276,19175300
1661,931,944,8162432,18348,819220,19344800
1662,926,929,8161506,18345,820149,19398700
1663,887,913,8160619,18319,821062,19276800
1664,935,916,8159684,18338,821978,19276500
1665,932,971,8158752,18299,822949,19319600
1666,929,946,8157823,18282,823895,19355700
1667,931,886,8156892,18327,824781,19230900
1668,947,862,8155945,18412,825643,18850100
1669,907,951,8155038,18368,826594,19744100
1670,924,937,8154114,18355,827531,19529800
1671,961,935,8153153,18381,828466,19252500
1672,916,953,8152237,18344,829419,18661000
1673,919,966,8151318,18297,830385,18990900
1674,914,938,8150404,18273,831323,19164600
1675,864,914,8149540,18223,832237,19754700
1676,867,870,8148673,18220,833107,20152500
1677,860,891,8147813,18189,833998,18893500
1678,898,880,8146915,18207,834878,18968100
1679,872,879,8146043,18200,835757,18984700
1680,971,893,8145072,18278,836650,18972500
1681,961,908,8144111,18331,837558,19150800
1682,969,897,8143142,18403,838455,19029700
1683,923,909,8142219,18417,839364,19388700
1684,904,935,8141315,18386,840299,19305700
1685,934,949,8140381,18371,841248,19145400
1686,933,934,8139448,18370,842182,19037000
1687,985,908,8138463,18447,843090,19479300
1688,885,965,8137578,18367,844055,19681200
1689,952,909,8136626,18410,844964,19243100
1690,886,920,8135740,18376,845884,19115400
1691,882,932,8134858,18326,846816,19747600
1692,951,901,8133907,18376,847717,19420900
1693,943,961,8132964,18358,848678,19439700
1694,911,946,8132053,18323,849624,19148200
1695,919,960,8131134,18282,850584,19523600
1696,953,881,8130181,18354,851465,19904900
1697,906,851,8129275,18409,852316,19302800
1698,921,904,8128354,18426,853220,19367400
1699,939,988,8127415,18377,854208,19369900
1700,919,921,8126496,18375,855129,20085100
1701,951,929,8125545,18397,856058,19667200
1702,931,892,8124614,18436,856950,19470400
1703,911,898,8123703,18449,857848,19467800
1704,940,894,8122763,18495,858742,19571700
1705,983,916,8121780,18562,859658,19525400
1706,948,916,8120832,18594,860574,19080400
1707,932,945,8119900,18581,861519,19380200
1708,903,913,8118997,18571,862432,18982200
1709,925,927,8118072,18569,863359,19526200
1710,903,959,8117169,18513,864318,19005700
1711,910,908,8116259,18515,865226,19360000
1712,933,943,8115326,18505,866169,19203500
1713,890,963,8114436,18432,867132,19500800
1714,919,898,8113517,18453,868030,19361500
1715,943,886,8112574,18510,868916,19250000
1716,948,960,8111626,18498,869876,19037400
1717,936,983,8110690,18451,870859,19517600
1718,964,943,8109726,18472,871802,20250200
1719,916,902,8108810,18486,872704,19980300
1720,918,930,8107892,18474,873634,19326900
1721,909,929,8106983,18454,874563,19575400
1722,953,899,8106030,18508,875462,20420600
1723,1015,912,8105015,18611,876374,19600200
1724,926,948,8104089,18589,877322,19379700
1725,933,911,8103156,18611,878233,19620100
1726,923,1010,8102233,18524,879243,19588500
1727,992,927,8101241,18589,880170,19687800
1728,937,881,8100304,18645,881051,19530500
1729,970,968,8099334,18647,882019,19429400
1730,966,920,8098368,18693,882939,19804500
1731,964,932,8097404,18725,883871,19425500
1732,950,897,8096454,18778,884768,19420500
1733,939,951,8095515,18766,885719,19503500
1734,945,940,8094570,18771,886659,19379400
1735,988,918,8093582,18841,887577,19330400
1736,961,952,8092621,18850,888529,19133500
1737,991,934,8091630,18907,889463,19375500
1738,925,969,8090705,18863,890432,19529100
1739,928,928,8089777,18863,891360,19588900
1740,930,918,8088847,18875,892278,19468300
1741,916,951,8087931,18840,893229,19524500
1742,961,926,8086970,18875,894155,19623400
1743,898,956,8086072,18817,895111,19178400
1744,909,947,8085163,18779,896058,19915300
1745,954,957,8084209,18776,897015,20443000
1746,890,894,8083319,18772,897909,20424100
1747,945,947,8082374,18770,898856,19744900
1748,977,935,8081397,18812,899791,20827700
1749,911,905,8080486,18818,900696,19823800
1750,924,952,8079562,18790,901648,19406400
1751,984,902,8078578,18872,902550,19674800
1752,893,976,8077685,18789,903526,19972500
1753,930,921,8076755,18798,904447,20202000
1754,947,978,8075808,18767,905425,19518800
1755,905,944,8074903,18728,906369,19945200
1756,908,911,8073995,18725,907280,19623000
1757,938,947,8073057,18716,908227,19571800
1758,955,960,8072102,18711,909187,19842400
1759,947,906,8071155,18752,910093,20632200
1760,987,936,8070168,18803,911029,20084900
1761,945,929,8069223,18819,911958,21360800
1762,919,948,8068304,18790,912906,19848300
1763,933,959,8067371,18764,913865,19565300
1764,901,909,8066470,18756,914774,19756500
1765,935,910,8065535,18781,915684,19589100
1766,936,983,8064599,18734,916667,19472800
1767,929,933,8063670,18730,917600,19822600
1768,929,918,8062741,18741,918518,19998200
1769,969,919,8061772,18791,919437,20016000
1770,945,966,8060827,18770,920403,19683100
1771,905,933,8059922,18742,921336,19967300
1772,946,938,8058976,18750,922274,19594700
1773,922,954,8058054,18718,923228,19823200
1774,980,870,8057074,18828,924098,19855100
1775,918,881,8056156,18865,924979,19606400
1776,956,1043,8055200,18778,926022,19707800
1777,966,938,8054234,18806,926960,19376500
1778,943,951,8053291,18798,927911,19689200
1779,1013,948,8052278,18863,928859,19607000
1780,909,962,8051369,18810,929821,19531100
1781,945,896,8050424,18859,930717,19046000
1782,965,901,8049459,18923,931618,19041700
1783,916,926,8048543,18913,932544,19388600
1784,1016,948,8047527,18981,933492,19548400
1785,945,1020,8046582,18906,934512,18932600
1786,955,892,8045627,18969,935404,18988100
1787,929,880,8044698,19018,936284,18962800
1788,906,975,8043792,18949,937259,19538600
1789,959,982,8042833,18926,938241,19399100
1790,918,983,8041915,18861,939224,18916000
1791,918,931,8040997,18848,940155,19402300
1792,978,924,8040019,18902,941079,19236700
1793,908,886,8039111,18924,941965,18841900
1794,895,979,8038216,18840,942944,19157000
1795,920,895,8037296,18865,943839,19610800
1796,904,923,8036392,18846,944762,19861800
1797,921,1020,8035471,18747,945782,19861300
1798,963,907,8034508,18803,946689,19602300
1799,908,989,8033600,18722,947678,19408600
1800,960,977,8032640,18705,948655,19606400
1801,964,1013,8031676,18656,949668,19707600
1802,949,925,8030727,18680,950593,20171700
1803,925,907,8029802,18698,951500,19600300
1804,962,962,8028840,18698,952462,19642200
1805,960,969,8027880,18689,953431,19861100
1806,919,923,8026961,18685,954354,19631700
1807,949,967,8026012,18667,955321,19113000
1808,906,952,8025106,18621,956273,19402500
1809,931,922,8024175,18630,957195,20307200
1810,964,941,8023211,18653,958136,19098800
1811,970,938,8022241,18685,959074,18761100
1812,981,927,8021260,18739,960001,19761400
1813,914,980,8020346,18673,960981,19267300
1814,930,924,8019416,18679,961905,19179200
1815,961,944,8018455,18696,962849,19056100
1816,1015,955,8017440,18756,963804,18962400
1817,984,967,8016456,18773,964771,107054600
1818,1013,913,8015443,18873,965684,22998900
1819,955,930,8014488,18898,966614,22388700
1820,956,948,8013532,18906,967562,23368200
1821,915,964,8012617,18857,968526,20359300
1822,952,925,8011665,18884,969451,19656800
1823,973,952,8010692,18905,970403,19622600
1824,930,948,8009762,18887,971351,20254700
1825,957,982,8008805,18862,972333,20011900
1826,988,961,8007817,18889,973294,19602000
1827,946,967,8006871,18868,974261,20020600
1828,956,902,8005915,18922,975163,19667100
1829,905,928,8005010,18899,976091,19418000
1830,944,958,8004066,18885,977049,19748800
1831,956,936,8003110,18905,977985,20081200
1832,967,946,8002143,18926,978931,19493500
1833,976,977,8001167,18925,979908,19074100
1834,953,983,8000214,18895,980891,19060600
1835,900,892,7999314,18903,981783,19414400
1836,956,952,7998358,18907,982735,19034200
1837,937,947,7997421,18897,983682,19395700
1838,936,952,7996485,18881,984634,19375600
1839,930,890,7995555,18921,985524,19359600
1840,934,984,7994621,18871,986508,19475000
1841,935,923,7993686,18883,987431,19459900
1842,967,919,7992719,18931,988350,19531600
1843,1004,924,7991715,19011,989274,19232200
1844,934,960,7990781,18985,990234,20481800
1845,1025,941,7989756,19069,991175,19606100
1846,910,966,7988846,19013,992141,19065100
1847,930,967,7987916,18976,993108,19625500
1848,981,970,7986935,18987,994078,19706900
1849,984,939,7985951,19032,995017,19706700
1850,954,936,7984997,19050,995953,19469500
1851,973,990,7984024,19033,996943,19769200
1852,922,892,7983102,19063,997835,19393800
1853,963,942,7982139,19084,998777,18963400
1854,944,1026,7981195,19002,999803,19518300
1855,983,934,7980212,19051,1000737,19462900
1856,977,997,7979235,19031,1001734,18986400
1857,952,957,7978283,19026,1002691,19051500
1858,1006,933,7977277,19099,1003624,19435200
1859,987,942,7976290,19144,1004566,19183700
1860,1001,942,7975289,19203,1005508,19194800
1861,966,994,7974323,19175,1006502,19283000
1862,991,980,7973332,19186,1007482,19422600
1863,981,1000,7972351,19167,1008482,19070500
1864,1012,959,7971339,19220,1009441,19342300
1865,976,933,7970363,19263,1010374,19648100
1866,1052,992,7969311,19323,1011366,19196500
1867,970,935,7968341,19358,1012301,19642200
1868,956,945,7967385,19369,1013246,20395900
1869,961,941,7966424,19389,1014187,19434200
1870,1000,924,7965424,19465,1015111,18997400
1871,992,1005,7964432,19452,1016116,19941800
1872,1011,905,7963421,19558,1017021,19605900
1873,967,969,7962454,19556,1017990,19619300
1874,998,951,7961456,19603,1018941,19580300
1875,1025,973,7960431,19655,1019914,19869600
1876,975,967,7959456,19663,1020881,20144200
1877,1044,1052,7958412,19655,1021933,19966500
1878,994,1010,7957418,19639,1022943,20081000
1879,1009,995,7956409,19653,1023938,20305900
1880,1029,969,7955380,19713,1024907,20007800
1881,1014,1006,7954366,19721,1025913,20043800
1882,1052,907,7953314,19866,1026820,19812700
1883,1045,1022,7952269,19889,1027842,19931400
1884,1043,1009,7951226,19923,1028851,20139200
1885,1034,1020,7950192,19937,1029871,19981200
1886,1026,1021,7949166,19942,1030892,20505300
1887,996,995,7948170,19943,1031887,20013500
1888,998,1038,7947172,19903,1032925,19755800
1889,1000,952,7946172,19951,1033877,19386500
1890,985,946,7945187,19990,1034823,19766900
1891,977,1053,7944210,19914,1035876,19332300
1892,1025,966,7943185,19973,1036842,20074800
1893,1025,989,7942160,20009,1037831,20111100
1894,1025,999,7941135,20035,1038830,19395200
1895,1006,987,7940129,20054,1039817,20150000
1896,988,1060,7939141,19982,1040877,19476500
1897,1004,1019,7938137,19967,1041896,20028300
1898,1007,1022,7937130,19952,1042918,19590700
1899,1021,995,7936109,19978,1043913,20334900
1900,1039,957,7935070,20060,1044870,19547600
1901,1052,998,7934018,20114,1045868,19867700
1902,943,962,7933075,20095,1046830,19891100
1903,1028,960,7932047,20163,1047790,18925800
1904,1052,1018,7930995,20197,1048808,19303600
1905,1020,983,7929975,20234,1049791,19315400
1906,979,999,7928996,20214,1050790,19649000
1907,995,991,7928001,20218,1051781,19381000
1908,950,1016,7927051,20152,1052797,18993100
1909,1007,1009,7926044,20150,1053806,19202900
1910,978,999,7925066,20129,1054805,19415400
1911,1012,1006,7924054,20135,1055811,19603300
1912,971,989,7923083,20117,1056800,19235000
1913,1010,1019,7922073,20108,1057819,18978000
1914,1006,991,7921067,20123,1058810,19490300
1915,1028,957,7920039,20194,1059767,19171900
1916,1002,979,7919037,20217,1060746,19412500
1917,992,941,7918045,20268,1061687,19135400
1918,1022,975,7917023,20315,1062662,19905900
1919,957,1005,7916066,20267,1063667,19760800
1920,1063,978,7915003,20352,1064645,19269200
1921,992,1006,7914011,20338,1065651,19196500
1922,1013,1038,7912998,20313,1066689,19603000
1923,1030,1032,7911968,20311,1067721,19526300
1924,1050,987,7910918,20374,1068708,19238200
1925,1034,1021,7909884,20387,1069729,18834600
1926,980,1042,7908904,20325,1070771,19199100
1927,1040,927,7907864,20438,1071698,19835500
1928,981,976,7906883,20443,1072674,19340700
1929,1023,1010,7905860,20456,1073684,19654000
1930,1003,990,7904857,20469,1074674,19559400
1931,971,1028,7903886,20412,1075702,19249400
1932,1042,1055,7902844,20399,1076757,19272800
1933,1054,991,7901790,20462,1077748,19570400
1934,1009,1044,7900781,20427,1078792,19428600
1935,1007,959,7899774,20475,1079751,19043500
1936,965,1054,7898809,20386,1080805,19635000
1937,997,1032,7897812,20351,1081837,21171200
1938,976,1008,7896836,20319,1082845,19915000
1939,1006,1014,7895830,20311,1083859,19237000
1940,993,1018,7894837,20286,1084877,19036000
1941,1014,1035,7893823,20265,1085912,19252400
1942,1033,1038,7892790,20260,1086950,19019900
1943,1048,958,7891742,20350,1087908,19761600
1944,1009,1066,7890733,20293,1088974,19500800
1945,989,1022,7889744,20260,1089996,19179200
1946,1008,1013,7888736,20255,1091009,19833800
1947,1019,1026,7887717,20248,1092035,19305800
1948,1020,1052,7886697,20216,1093087,19333900
1949,1076,994,7885621,20298,1094081,19305000
1950,1077,1059,7884544,20316,1095140,20782400
1951,1004,1025,7883540,20295,1096165,19641300
1952,980,1053,7882560,20222,1097218,19725400
1953,1049,1018,7881511,20253,1098236,19933300
1954,993,1027,7880518,20219,1099263,19497700
1955,963,997,7879555,20185,1100260,19827200
1956,1034,926,7878521,20293,1101186,19560000
1957,998,1030,7877523,20261,1102216,19611000
1958,1045,956,7876478,20350,1103172,19743800
1959,988,994,7875490,20344,1104166,19425300
1960,1020,1044,7874470,20320,1105210,19496500
1961,1021,1001,7873449,20340,1106211,19642200
1962,995,985,7872454,20350,1107196,19815500
1963,1040,1071,7871414,20319,1108267,19473600
1964,1013,984,7870401,20348,1109251,19090200
1965,1060,1074,7869341,20334,1110325,19326800
1966,1004,1029,7868337,20309,1111354,19032400
1967,1023,1041,7867314,20291,1112395,19243500
1968,1030,939,7866284,20382,1113334,19435800
1969,1047,1014,7865237,20415,1114348,19511300
1970,1055,1012,7864182,20458,1115360,19863000
1971,999,1010,7863183,20447,1116370,19251300
1972,1060,1032,7862123,20475,1117402,19308400
1973,1018,973,7861105,20520,1118375,19052800
1974,1077,1085,7860028,20512,1119460,19605300
1975,1055,1050,7858973,20517,1120510,20234700
1976,1022,1022,7857951,20517,1121532,19644700
1977,1005,1021,7856946,20501,1122553,19521200
1978,999,1100,7855947,20400,1123653,19378100
1979,984,1037,7854963,20347,1124690,19252300
1980,1047,982,7853916,20412,1125672,19658100
1981,1047,1011,7852869,20448,1126683,19603700
1982,1005,1027,7851864,20426,1127710,19337900
1983,987,1041,7850877,20372,1128751,19154400
1984,1057,1052,7849820,20377,1129803,19078600
1985,1053,992,7848767,20438,1130795,18969300
1986,1050,970,7847717,20518,1131765,19145400
1987,1029,983,7846688,20564,1132748,19519100
1988,1055,1033,7845633,20586,1133781,18856800
1989,1090,1013,7844543,20663,1134794,19403100
1990,1023,1093,7843520,20593,1135887,19223700
1991,1020,995,7842500,20618,1136882,19374500
1992,1002,1021,7841498,20599,1137903,19657700
1993,997,1030,7840501,20566,1138933,19151300
1994,1036,1011,7839465,20591,1139944,19008700
1995,1074,1026,7838391,20639,1140970,19407300
1996,1007,1077,7837384,20569,1142047,19591900
1997,1031,1045,7836353,20555,1143092,19405900
1998,1022,1016,7835331,20561,1144108,19132600
1999,1084,1051,7834247,20594,1145159,20450000
2000,1041,1022,7833206,20613,1146181,19400900
2001,1002,991,7832204,20624,1147172,19806400
2002,1001,1027,7831203,20598,1148199,19448700
2003,1039,1016,7830164,20621,1149215,19384300
2004,1060,985,7829104,20696,1150200,19562900
2005,1039,1016,7828065,20719,1151216,19259200
2006,1100,1025,7826965,20794,1152241,19145600
2007,1055,1034,7825910,20815,1153275,19068400
2008,1022,1096,7824888,20741,1154371,19248300
2009,1027,1005,7823861,20763,1155376,18929600
2010,1022,1007,7822839,20778,1156383,19128900
2011,1103,1045,7821736,20836,1157428,19439700
2012,1111,1032,7820625,20915,1158460,19228700
2013,1065,1100,7819560,20880,1159560,19425500
2014,1101,1002,7818459,20979,1160562,19313600
2015,1099,1077,7817360,21001,1161639,19588800
2016,1100,1074,7816260,21027,1162713,19439000
2017,1143,1027,7815117,21143,1163740,19449100
2018,1048,1058,7814069,21133,1164798,19381200
2019,1069,1065,7813000,21137,1165863,19408800
2020,1049,1074,7811951,21112,1166937,19645800
2021,1091,1036,7810860,21167,1167973,19577900
2022,1004,1086,7809856,21085,1169059,19539200
2023,1040,1056,7808816,21069,1170115,19722400
2024,1026,1047,7807790,21048,1171162,19287700
2025,1083,1022,7806707,21109,1172184,19396800
2026,1035,1030,7805672,21114,1173214,19833400
2027,1049,1131,7804623,21032,1174345,19626200
2028,1055,1050,7803568,21037,1175395,19255500
2029,1024,1007,7802544,21054,1176402,18935900
2030,1068,1028,7801476,21094,1177430,19155200
2031,1057,1045,7800419,21106,1178475,19716700
2032,1061,1025,7799358,21142,1179500,19338600
2033,1090,1055,7798268,21177,1180555,19680400
2034,1058,1075,7797210,21160,1181630,19168600
2035,1110,1038,7796100,21232,1182668,19719600
2036,1058,1068,7795042,21222,1183736,19902200
2037,1051,1012,7793991,21261,1184748,19496600
2038,1035,1071,7792956,21225,1185819,19499900
2039,1024,1051,7791932,21198,1186870,19714200
2040,1082,1104,7790850,21176,1187974,19944200
2041,1042,1074,7789808,21144,1189048,19535900
2042,1068,1095,7788740,21117,1190143,20057200
2043,1029,1079,7787711,21067,1191222,20100300
2044,1131,1071,7786580,21127,1192293,19552400
2045,1031,1085,7785549,21073,1193378,19817100
2046,1056,982,7784493,21147,1194360,19548400
2047,1065,1047,7783428,21165,1195407,20600100
2048,1073,1021,7782355,21217,1196428,20218100
2049,1033,1062,7781322,21188,1197490,19405700
2050,1099,1026,7780223,21261,1198516,19872500
2051,1092,1092,7779131,21261,1199608,19266600
2052,1092,1106,7778039,21247,1200714,19531300
2053,1119,1046,7776920,21320,1201760,19286400
2054,1080,1069,7775840,21331,1202829,19209000
2055,1067,1100,7774773,21298,1203929,19529900
2056,1049,998,7773724,21349,1204927,19503700
2057,1053,1110,7772671,21292,1206037,19030700
2058,1010,1087,7771661,21215,1207124,19650200
2059,1104,1028,7770557,21291,1208152,19522600
2060,1066,1054,7769491,21303,1209206,19449600
2061,1098,1086,7768393,21315,1210292,19170700
2062,1041,979,7767352,21377,1211271,20174300
2063,1047,990,7766305,21434,1212261,19265400
2064,1085,1047,7765220,21472,1213308,19094600
2065,1141,1105,7764079,21508,1214413,19143400
2066,1060,1066,7763019,21502,1215479,19867600
2067,1144,1056,7761875,21590,1216535,19312900
2068,1137,1050,7760738,21677,1217585,20024100
2069,1122,1079,7759616,21720,1218664,19887100
2070,1104,1136,7758512,21688,1219800,19696400
2071,1079,1102,7757433,21665,1220902,19943800
2072,1100,1094,7756333,21671,1221996,20047800
2073,1093,1069,7755240,21695,1223065,20185700
2074,981,1057,7754259,21619,1224122,20197000
2075,1068,1088,7753191,21599,1225210,19796700
2076,1111,1027,7752080,21683,1226237,19730500
2077,1083,1027,7750997,21739,1227264,20099100
2078,1073,1062,7749924,21750,1228326,20446600
2079,1099,1112,7748825,21737,1229438,20747800
2080,1094,1097,7747731,21734,1230535,19729800
2081,1092,1066,7746639,21760,1231601,19556400
2082,1081,1026,7745558,21815,1232627,19874700
2083,1039,1065,7744519,21789,1233692,19843100
2084,1081,1063,7743438,21807,1234755,19767400
2085,1089,1069,7742349,21827,1235824,19556300
2086,1070,1053,7741279,21844,1236877,19690600
2087,1044,1118,7740235,21770,1237995,19690100
2088,1003,1136,7739232,21637,1239131,20141700
2089,1061,1098,7738171,21600,1240229,19627200
2090,1077,1116,7737094,21561,1241345,20136900
2091,1026,1039,7736068,21548,1242384,19827000
2092,1072,1131,7734996,21489,1243515,19484100
2093,1064,1065,7733932,21488,1244580,19160200
2094,1064,1053,7732868,21499,1245633,19031400
2095,1108,987,7731760,21620,1246620,19063700
2096,1106,1046,7730654,21680,1247666,19521200
2097,1034,1007,7729620,21707,1248673,19277500
2098,1132,1071,7728488,21768,1249744,19665600
2099,1134,1068,7727354,21834,1250812,19728500
2100,1019,1077,7726335,21776,1251889,19637300
2101,1089,1067,7725246,21798,1252956,19461800
2102,1073,1103,7724173,21768,1254059,19095000
2103,1102,1145,7723071,21725,1255204,19964900
2104,1036,1094,7722035,21667,1256298,19402800
2105,1104,1076,7720931,21695,1257374,19513000
2106,1075,1089,7719856,21681,1258463,19976100
2107,1071,1054,7718785,21698,1259517,19840400
2108,1095,1098,7717690,21695,1260615,19681300
2109,1039,1067,7716651,21667,1261682,19285700
2110,1060,1082,7715591,21645,1262764,19424800
2111,1071,1130,7714520,21586,1263894,19333900
2112,1006,1097,7713514,21495,1264991,19482000
2113,1002,1079,7712512,21418,1266070,19163300
2114,1107,1042,7711405,21483,1267112,19107700
2115,1116,1097,7710289,21502,1268209,19229000
2116,1122,1092,7709167,21532,1269301,19152400
2117,1115,1094,7708052,21553,1270395,20239100
2118,1107,1016,7706945,21644,1271411,21198200
2119,1143,1055,7705802,21732,1272466,22459100
2120,1133,1032,7704669,21833,1273498,20424200
2121,1123,1092,7703546,21864,1274590,20620500
2122,1051,1096,7702495,21819,1275686,19731800
2123,1083,1098,7701412,21804,1276784,19871300
2124,1108,1107,7700304,21805,1277891,21680600
2125,1070,1115,7699234,21760,1279006,19104500
2126,1119,1021,7698115,21858,1280027,19305700
2127,1095,1147,7697020,21806,1281174,19100900
2128,1108,1026,7695912,21888,1282200,18919100
2129,1140,1093,7694772,21935,1283293,19415000
2130,1117,1138,7693655,21914,1284431,19842400
2131,1111,1060,7692544,21965,1285491,18986200
2132,1069,1113,7691475,21921,1286604,19419100
2133,1079,1060,7690396,21940,1287664,19381200
2134,1064,1099,7689332,21905,1288763,19646800
2135,1054,1085,7688278,21874,1289848,21734800
2136,1168,1079,7687110,21963,1290927,21762600
2137,1154,1152,7685956,21965,1292079,20701500
2138,1079,1091,7684877,21953,1293170,19598700
2139,1093,1134,7683784,21912,1294304,19696000
2140,1123,1098,7682661,21937,1295402,20032200
2141,1115,1056,7681546,21996,1296458,19591100
2142,1152,1131,7680394,22017,1297589,19690600
2143,1108,1136,7679286,21989,1298725,20309900
2144,1112,1088,7678174,22013,1299813,19671200
2145,1087,1064,7677087,22036,1300877,20085300
2146,1099,1126,7675988,22009,1302003,20118700
2147,1154,1098,7674834,22065,1303101,20206500
2148,1122,1106,7673712,22081,1304207,20203400
2149,1133,1081,7672579,22133,1305288,21357400
2150,1088,1112,7671491,22109,1306400,21341000
2151,1146,1138,7670345,22117,1307538,19391500
2152,1143,1078,7669202,22182,1308616,20022300
2153,1137,1093,7668065,22226,1309709,20404100
2154,1132,1131,7666933,22227,1310840,20045400
2155,1158,1095,7665775,22290,1311935,20251400
2156,1084,1100,7664691,22274,1313035,19507100
2157,1102,1064,7663589,22312,1314099,19671900
2158,1123,1103,7662466,22332,1315202,19490500
2159,1174,1192,7661292,22314,1316394,18990600
2160,1127,1163,7660165,22278,1317557,19977500
2161,1127,1146,7659038,22259,1318703,19297300
2162,1112,1049,7657926,22322,1319752,18994700
2163,1064,1123,7656862,22263,1320875,19570900
2164,1135,1143,7655727,22255,1322018,19686500
2165,1139,1114,7654588,22280,1323132,19913800
2166,1148,1121,7653440,22307,1324253,20091500
2167,1111,1133,7652329,22285,1325386,19387800
2168,1164,1098,7651165,22351,1326484,19354400
2169,1097,1099,7650068,22349,1327583,19126700
2170,1151,1142,7648917,22358,1328725,19476100
2171,1135,1075,7647782,22418,1329800,19091600
2172,1124,1137,7646658,22405,1330937,19279300
2173,1126,1092,7645532,22439,1332029,19813400
2174,1104,1113,7644428,22430,1333142,19298000
2175,1160,1159,7643268,22431,1334301,19494900
2176,1157,1130,7642111,22458,1335431,19364600
2177,1145,1075,7640966,22528,1336506,19773000
2178,1116,1202,7639850,22442,1337708,18945800
2179,1127,1073,7638723,22496,1338781,20000300
2180,1079,1128,7637644,22447,1339909,19584400
2181,1133,1103,7636511,22477,1341012,19956400
2182,1104,1079,7635407,22502,1342091,19066800
2183,1103,1115,7634304,22490,1343206,19411600
2184,1134,1124,7633170,22500,1344330,19609500
2185,1091,1143,7632079,22448,1345473,19549000
2186,1154,1122,7630925,22480,1346595,20843200
2187,1128,1133,7629797,22475,1347728,20914000
2188,1104,1178,7628693,22401,1348906,20248400
2189,1068,1087,7627625,22382,1349993,19659200
2190,1069,1070,7626556,22381,1351063,19444100
2191,1074,1075,7625482,22380,1352138,19860700
2192,1124,1033,7624358,22471,1353171,19873600
2193,1086,1124,7623272,22433,1354295,20317200
2194,1158,1163,7622114,22428,1355458,20232300
2195,1046,1145,7621068,22329,1356603,19278400
2196,1105,1170,7619963,22264,1357773,20042800
2197,1086,1139,7618877,22211,1358912,19354300
2198,1108,1177,7617769,22142,1360089,19729100
2199,1105,1131,7616664,22116,1361220,19549800
2200,1101,1051,7615563,22166,1362271,20545500
2201,1162,1100,7614401,22228,1363371,20832700
2202,1109,1103,7613292,22234,1364474,20882300
2203,1075,1126,7612217,22183,1365600,19978400
2204,1129,1101,7611088,22211,1366701,20883000
2205,1094,1150,7609994,22155,1367851,21410700
2206,1107,1119,7608887,22143,1368970,22320000
2207,1074,1117,7607813,22100,1370087,21770300
2208,1184,1138,7606629,22146,1371225,20905200
2209,1140,1083,7605489,22203,1372308,20243300
2210,1146,1149,7604343,22200,1373457,20759900
2211,1208,1146,7603135,22262,1374603,19925500
2212,1122,1090,7602013,22294,1375693,20072300
2213,1089,1029,7600924,22354,1376722,19774400
2214,1142,1116,7599782,22380,1377838,19970700
2215,1166,1162,7598616,22384,1379000,19566900
2216,1120,1092,7597496,22412,1380092,19429000
2217,1108,1112,7596388,22408,1381204,19842700
2218,1186,1119,7595202,22475,1382323,19528900
2219,1149,1123,7594053,22501,1383446,19413400
2220,1123,1184,7592930,22440,1384630,19647700
2221,1178,1118,7591752,22500,1385748,18990400
2222,1186,1193,7590566,22493,1386941,19198200
2223,1135,1101,7589431,22527,1388042,19342000
2224,1179,1083,7588252,22623,1389125,19774800
2225,1106,1177,7587146,22552,1390302,19153800
2226,1208,1177,7585938,22583,1391479,19111500
2227,1150,1118,7584788,22615,1392597,20023700
2228,1165,1108,7583623,22672,1393705,19353600
2229,1183,1144,7582440,22711,1394849,19456000
2230,1177,1150,7581263,22738,1395999,19641100
2231,1111,1144,7580152,22705,1397143,20077700
2232,1146,1118,7579006,22733,1398261,19452500
2233,1224,1157,7577782,22800,1399418,18940200
2234,1122,1146,7576660,22776,1400564,19456000
2235,1164,1126,7575496,22814,1401690,19640200
2236,1167,1112,7574329,22869,1402802,19906000
2237,1179,1115,7573150,22933,1403917,19277100
2238,1118,1144,7572032,22907,1405061,19287000
2239,1175,1229,7570857,22853,1406290,19266800
2240,1162,1105,7569695,22910,1407395,19174000
2241,1168,1212,7568527,22866,1408607,19534500
2242,1127,1093,7567400,22900,1409700,19324400
2243,1182,1120,7566218,22962,1410820,21859200
2244,1154,1103,7565064,23013,1411923,22614000
2245,1151,1151,7563913,23013,1413074,21775700
2246,1194,1184,7562719,23023,1414258,20428500
2247,1146,1135,7561573,23034,1415393,20266900
2248,1149,1139,7560424,23044,1416532,19929300
2249,1136,1107,7559288,23073,1417639,19941300
2250,1167,1137,7558121,23103,1418776,20291500
2251,1163,1184,7556958,23082,1419960,19671100
2252,1200,1137,7555758,23145,1421097,20091100
2253,1129,1137,7554629,23137,1422234,19615100
2254,1160,1186,7553469,23111,1423420,19587700
2255,1117,1146,7552352,23082,1424566,19502700
2256,1142,1181,7551210,23043,1425747,19256900
2257,1146,1099,7550064,23090,1426846,20311600
2258,1183,1166,7548881,23107,1428012,19275700
2259,1193,1167,7547688,23133,1429179,19369000
2260,1137,1259,7546551,23011,1430438,19324400
2261,1151,1138,7545400,23024,1431576,19323400
2262,1164,1226,7544236,22962,1432802,19376900
2263,1202,1117,7543034,23047,1433919,19353500
2264,1173,1102,7541861,23118,1435021,19409900
2265,1199,1144,7540662,23173,1436165,19356900
2266,1152,1172,7539510,23153,1437337,19847100
2267,1148,1131,7538362,23170,1438468,19784400
2268,1127,1190,7537235,23107,1439658,20020200
2269,1198,1203,7536037,23102,1440861,19831200
2270,1189,1094,7534848,23197,1441955,20118900
2271,1165,1151,7533683,23211,1443106,21386700
2272,1136,1124,7532547,23223,1444230,21334800
2273,1207,1135,7531340,23295,1445365,20863000
2274,1138,1107,7530202,23326,1446472,20867100
2275,1128,1153,7529074,23301,1447625,21614100
2276,1142,1147,7527932,23296,1448772,20418700
2277,1167,1230,7526765,23233,1450002,20467400
2278,1143,1167,7525622,23209,1451169,20003800
2279,1206,1166,7524416,23249,1452335,20272200
2280,1157,1145,7523259,23261,1453480,20887500
2281,1126,1151,7522133,23236,1454631,21065200
2282,1148,1180,7520985,23204,1455811,20131500
2283,1157,1176,7519828,23185,1456987,20115400
2284,1142,1179,7518686,23148,1458166,19567100
2285,1211,1136,7517475,23223,1459302,19870000
2286,1217,1167,7516258,23273,1460469,19326000
2287,1190,1216,7515068,23247,1461685,20107400
2288,1151,1172,7513917,23226,1462857,19450500
2289,1162,1125,7512755,23263,1463982,19356600
2290,1148,1166,7511607,23245,1465148,19171600
2291,1187,1234,7510420,23198,1466382,20040100
2292,1151,1191,7509269,23158,1467573,19938100
2293,1157,1084,7508112,23231,1468657,21482400
2294,1145,1172,7506967,23204,1469829,21989000
2295,1190,1169,7505777,23225,1470998,20521000
2296,1163,1161,7504614,23227,1472159,20360000
2297,1148,1192,7503466,23183,1473351,19867600
2298,1158,1162,7502308,23179,1474513,19938800
2299,1157,1211,7501151,23125,1475724,20430700
2300,1166,1164,7499985,23127,1476888,21319900
2301,1145,1109,7498840,23163,1477997,20491900
2302,1220,1137,7497620,23246,1479134,20174700
2303,1191,1218,7496429,23219,1480352,21175500
2304,1174,1195,7495255,23198,1481547,20711700
2305,1151,1168,7494104,23181,1482715,20298200
2306,1167,1149,7492937,23199,1483864,20541900
2307,1175,1115,7491762,23259,1484979,21158900
2308,1161,1182,7490601,23238,1486161,20339100
2309,1163,1166,7489438,23235,1487327,19724000
2310,1157,1149,7488281,23243,1488476,20572800
2311,1203,1192,7487078,23254,1489668,20512800
2312,1253,1160,7485825,23347,1490828,20749600
2313,1224,1162,7484601,23409,1491990,21159400
2314,1183,1250,7483418,23342,1493240,21190500
2315,1159,1091,7482259,23410,1494331,20372200
2316,1218,1159,7481041,23469,1495490,20184100
2317,1185,1169,7479856,23485,1496659,19578700
2318,1185,1152,7478671,23518,1497811,19457900
2319,1178,1166,7477493,23530,1498977,19146100
2320,1162,1219,7476331,23473,1500196,19580400
2321,1214,1240,7475117,23447,1501436,19786000
2322,1243,1220,7473874,23470,1502656,19419100
2323,1212,1187,7472662,23495,1503843,19364700
2324,1196,1189,7471466,23502,1505032,20062100
2325,1171,1201,7470295,23472,1506233,19827600
2326,1174,1189,7469121,23457,1507422,19345600
2327,1215,1169,7467906,23503,1508591,19608800
2328,1147,1153,7466759,23497,1509744,19279400
2329,1240,1169,7465519,23568,1510913,19360800
2330,1185,1208,7464334,23545,1512121,19463500
2331,1212,1164,7463122,23593,1513285,19384700
2332,1154,1193,7461968,23554,1514478,20299900
2333,1218,1209,7460750,23563,1515687,19527200
2334,1152,1177,7459598,23538,1516864,19236200
2335,1252,1187,7458346,23603,1518051,19305700
2336,1170,1192,7457176,23581,1519243,19481100
2337,1136,1181,7456040,23536,1520424,19935200
2338,1136,1133,7454904,23539,1521557,19528400
2339,1180,1149,7453724,23570,1522706,19890700
2340,1202,1123,7452522,23649,1523829,19879200
2341,1238,1201,7451284,23686,1525030,19256000
2342,1256,1165,7450028,23777,1526195,19946900
2343,1279,1228,7448749,23828,1527423,19773500
2344,1189,1225,7447560,23792,1528648,19914300
2345,1205,1223,7446355,23774,1529871,19423600
2346,1200,1194,7445155,23780,1531065,19511200
2347,1196,1179,7443959,23797,1532244,20540000
2348,1226,1163,7442733,23860,1533407,19792300
2349,1173,1160,7441560,23873,1534567,19265600
2350,1229,1160,7440331,23942,1535727,19335800
2351,1219,1182,7439112,23979,1536909,19190400
2352,1203,1192,7437909,23990,1538101,19126500
2353,1196,1187,7436713,23999,1539288,19343800
2354,1223,1224,7435490,23998,1540512,19909000
2355,1178,1214,7434312,23962,1541726,19720600
2356,1219,1223,7433093,23958,1542949,19791000
2357,1213,1225,7431880,23946,1544174,19584100
2358,1183,1173,7430697,23956,1545347,19220700
2359,1173,1167,7429524,23962,1546514,19136000
2360,1222,1205,7428302,23979,1547719,19207800
2361,1248,1214,7427054,24013,1548933,19512400
2362,1264,1221,7425790,24056,1550154,19359300
2363,1220,1195,7424570,24081,1551349,19591500
2364,1216,1243,7423354,24054,1552592,19482400
2365,1231,1228,7422123,24057,1553820,19411000
2366,1192,1262,7420931,23987,1555082,20054600
2367,1190,1250,7419741,23927,1556332,21480100
2368,1194,1230,7418547,23891,1557562,19457100
2369,1184,1145,7417363,23930,1558707,19463400
2370,1187,1191,7416176,23926,1559898,19256200
2371,1219,1226,7414957,23919,1561124,19531500
2372,1174,1173,7413783,23920,1562297,19152300
2373,1179,1207,7412604,23892,1563504,19798700
2374,1186,1229,7411418,23849,1564733,19649200
2375,1179,1160,7410239,23868,1565893,19786500
2376,1158,1173,7409081,23853,1567066,19377100
2377,1200,1230,7407881,23823,1568296,19322500
2378,1176,1190,7406705,23809,1569486,19990700
2379,1177,1197,7405528,23789,1570683,19358400
2380,1220,1215,7404308,23794,1571898,19164500
2381,1195,1209,7403113,23780,1573107,19367000
2382,1185,1199,7401928,23766,1574306,19005000
2383,1188,1118,7400740,23836,1575424,19157100
2384,1239,1144,7399501,23931,1576568,19749000
2385,1207,1202,7398294,23936,1577770,19263300
2386,1198,1148,7397096,23986,1578918,19729700
2387,1177,1195,7395919,23968,1580113,19343100
2388,1293,1192,7394626,24069,1581305,19443200
2389,1235,1198,7393391,24106,1582503,19442800
2390,1197,1274,7392194,24029,1583777,19339100
2391,1246,1156,7390948,24119,1584933,19506400
2392,1201,1165,7389747,24155,1586098,19085700
2393,1269,1223,7388478,24201,1587321,19611900
2394,1228,1251,7387250,24178,1588572,19245700
2395,1272,1163,7385978,24287,1589735,19685600
2396,1188,1234,7384790,24241,1590969,19242200
2397,1256,1231,7383534,24266,1592200,19230000
2398,1189,1319,7382345,24136,1593519,20083600
2399,1217,1173,7381128,24180,1594692,19494600
2400,1209,1167,7379919,24222,1595859,19825800
2401,1250,1182,7378669,24290,1597041,19575300
2402,1312,1240,7377357,24362,1598281,36020800
2403,1276,1210,7376081,24428,1599491,20095400
2404,1297,1210,7374784,24515,1600701,20266700
2405,1263,1192,7373521,24586,1601893,20464000
2406,1250,1243,7372271,24593,1603136,19792400
2407,1250,1279,7371021,24564,1604415,19954900
2408,1243,1241,7369778,24566,1605656,19665700
2409,1308,1206,7368470,24668,1606862,19877200
2410,1302,1238,7367168,24732,1608100,19604100
2411,1257,1269,7365911,24720,1609369,19784900
2412,1300,1239,7364611,24781,1610608,19904100
2413,1275,1221,7363336,24835,1611829,19831200
2414,1270,1282,7362066,24823,1613111,19307500
2415,1316,1284,7360750,24855,1614395,19363300
2416,1253,1204,7359497,24904,1615599,19354900
2417,1215,1221,7358282,24898,1616820,19088000
2418,1234,1252,7357048,24880,1618072,19524600
2419,1249,1247,7355799,24882,1619319,19129400
2420,1232,1245,7354567,24869,1620564,19306300
2421,1275,1242,7353292,24902,1621806,19355200
2422,1267,1255,7352025,24914,1623061,20013700
2423,1257,1271,7350768,24900,1624332,19843800
2424,1213,1222,7349555,24891,1625554,20537000
2425,1233,1214,7348322,24910,1626768,20373700
2426,1244,1242,7347078,24912,1628010,20177200
2427,1272,1252,7345806,24932,1629262,19769300
2428,1276,1303,7344530,24905,1630565,20139300
2429,1214,1174,7343316,24945,1631739,20305300
2430,1271,1303,7342045,24913,1633042,20014400
2431,1246,1366,7340799,24793,1634408,20132800
2432,1194,1240,7339605,24747,1635648,19626700
2433,1212,1262,7338393,24697,1636910,19862000
2434,1209,1291,7337184,24615,1638201,20397500
2435,1182,1277,7336002,24520,1639478,20418700
2436,1180,1180,7334822,24520,1640658,19867700
2437,1198,1271,7333624,24447,1641929,19875700
2438,1191,1235,7332433,24403,1643164,20990700
2439,1210,1221,7331223,24392,1644385,20117300
2440,1220,1212,7330003,24400,1645597,19944100
2441,1197,1180,7328806,24417,1646777,19997800
2442,1218,1207,7327588,24428,1647984,20025600
2443,1204,1287,7326384,24345,1649271,20498400
2444,1281,1192,7325103,24434,1650463,20135900
2445,1177,1275,7323926,24336,1651738,19704600
2446,1218,1258,7322708,24296,1652996,19781800
2447,1214,1194,7321494,24316,1654190,19844700
2448,1235,1229,7320259,24322,1655419,21034900
2449,1241,1163,7319018,24400,1656582,19815800
2450,1203,1177,7317815,24426,1657759,20384200
2451,1208,1226,7316607,24408,1658985,20161100
2452,1279,1206,7315328,24481,1660191,20220200
2453,1258,1214,7314070,24525,1661405,20235400
2454,1226,1243,7312844,24508,1662648,20304900
2455,1262,1229,7311582,24541,1663877,20222400
2456,1214,1286,7310368,24469,1665163,20344100
2457,1205,1255,7309163,24419,1666418,20282000
2458,1234,1206,7307929,24447,1667624,20919400
2459,1246,1202,7306683,24491,1668826,19890900
2460,1195,1187,7305488,24499,1670013,19668300
2461,1264,1187,7304224,24576,1671200,20429800
2462,1272,1273,7302952,24575,1672473,20164300
2463,1267,1201,7301685,24641,1673674,20211600
2464,1294,1245,7300391,24690,1674919,21091900
2465,1278,1270,7299113,24698,1676189,20256600
2466,1178,1214,7297935,24662,1677403,20302900
2467,1217,1285,7296718,24594,1678688,21051700
2468,1311,1262,7295407,24643,1679950,20792500
2469,1240,1204,7294167,24679,1681154,20010600
2470,1363,1219,7292804,24823,1682373,20036300
2471,1322,1176,7291482,24969,1683549,19753000
2472,1259,1245,7290223,24983,1684794,19730900
2473,1302,1309,7288921,24976,1686103,19767100
2474,1294,1216,7287627,25054,1687319,19761200
2475,1239,1247,7286388,25046,1688566,19690000
2476,1223,1201,7285165,25068,1689767,19373500
2477,1249,1244,7283916,25073,1691011,19228700
2478,1326,1288,7282590,25111,1692299,19083900
2479,1245,1204,7281345,25152,1693503,19177200
2480,1327,1315,7280018,25164,1694818,19392800
2481,1226,1221,7278792,25169,1696039,19891700
2482,1318,1276,7277474,25211,1697315,19427500
2483,1285,1248,7276189,25248,1698563,19751700
2484,1281,1292,7274908,25237,1699855,19485200
2485,1261,1298,7273647,25200,1701153,19485900
2486,1224,1192,7272423,25232,1702345,19259300
2487,1271,1270,7271152,25233,1703615,19204300
2488,1288,1285,7269864,25236,1704900,19238700
2489,1290,1263,7268574,25263,1706163,19867100
2490,1226,1311,7267348,25178,1707474,19545100
2491,1279,1214,7266069,25243,1708688,19474000
2492,1285,1242,7264784,25286,1709930,19205000
2493,1209,1241,7263575,25254,1711171,19766200
2494,1279,1286,7262296,25247,1712457,19146700
2495,1215,1239,7261081,25223,1713696,19397300
2496,1228,1233,7259853,25218,1714929,19016100
2497,1259,1262,7258594,25215,1716191,19366500
2498,1256,1270,7257338,25201,1717461,19430700
2499,1293,1242,7256045,25252,1718703,20014500
2500,1292,1288,7254753,25256,1719991,19437700
2501,1202,1240,7253551,25218,1721231,19441700
2502,1322,1278,7252229,25262,1722509,19087400
2503,1334,1233,7250895,25363,1723742,19311200
2504,1261,1272,7249634,25352,1725014,19884600
2505,1268,1277,7248366,25343,1726291,19786500
2506,1296,1325,7247070,25314,1727616,19793800
2507,1286,1208,7245784,25392,1728824,19681900
2508,1308,1266,7244476,25434,1730090,19690400
2509,1273,1322,7243203,25385,1731412,19510200
2510,1344,1247,7241859,25482,1732659,19463800
2511,1301,1275,7240558,25508,1733934,19196300
2512,1297,1289,7239261,25516,1735223,19301600
2513,1286,1263,7237975,25539,1736486,19295000
2514,1271,1310,7236704,25500,1737796,19158000
2515,1247,1308,7235457,25439,1739104,19635700
2516,1327,1196,7234130,25570,1740300,19140700
2517,1243,1280,7232887,25533,1741580,19222800
2518,1287,1323,7231600,25497,1742903,19359800
2519,1312,1314,7230288,25495,1744217,19621400
2520,1251,1265,7229037,25481,1745482,19644600
2521,1207,1269,7227830,25419,1746751,19278200
2522,1175,1317,7226655,25277,1748068,19195200
2523,1230,1268,7225425,25239,1749336,19016100
2524,1211,1285,7224214,25165,1750621,19199900
2525,1252,1248,7222962,25169,1751869,19679300
2526,1232,1298,7221730,25103,1753167,19319500
2527,1208,1199,7220522,25112,1754366,19330900
2528,1229,1242,7219293,25099,1755608,19699400
2529,1281,1233,7218012,25147,1756841,19490300
2530,1202,1272,7216810,25077,1758113,19667800
2531,1213,1294,7215597,24996,1759407,19363100
2532,1238,1249,7214359,24985,1760656,19794300
2533,1263,1269,7213096,24979,1761925,19554100
2534,1217,1247,7211879,24949,1763172,19721800
2535,1255,1278,7210624,24926,1764450,19850600
2536,1240,1195,7209384,24971,1765645,19895800
2537,1276,1278,7208108,24969,1766923,20353600
2538,1257,1249,7206851,24977,1768172,19938200
2539,1262,1263,7205589,24976,1769435,19644900
2540,1234,1270,7204355,24940,1770705,19771900
2541,1208,1265,7203147,24883,1771970,20082200
2542,1307,1229,7201840,24961,1773199,19628600
2543,1296,1232,7200544,25025,1774431,19219600
2544,1289,1322,7199255,24992,1775753,20158200
2545,1232,1212,7198023,25012,1776965,19179100
2546,1239,1271,7196784,24980,1778236,19321300
2547,1258,1226,7195526,25012,1779462,19204300
2548,1292,1234,7194234,25070,1780696,19322400
2549,1279,1245,7192955,25104,1781941,19520700
2550,1296,1273,7191659,25127,1783214,19509400
2551,1285,1295,7190374,25117,1784509,19319800
2552,1258,1208,7189116,25167,1785717,19208400
2553,1268,1258,7187848,25177,1786975,19325900
2554,1249,1228,7186599,25198,1788203,19178800
2555,1326,1221,7185273,25303,1789424,19417900
2556,1263,1288,7184010,25278,1790712,20131800
2557,1310,1233,7182700,25355,1791945,19361000
2558,1276,1291,7181424,25340,1793236,19456000
2559,1312,1248,7180112,25404,1794484,19745900
2560,1270,1256,7178842,25418,1795740,19288900
2561,1322,1306,7177520,25434,1797046,19513800
2562,1271,1261,7176249,25444,1798307,19115400
2563,1332,1319,7174917,25457,1799626,19605900
2564,1301,1355,7173616,25403,1800981,19204300
2565,1290,1292,7172326,25401,1802273,19493900
2566,1279,1268,7171047,25412,1803541,19366600
2567,1282,1238,7169765,25456,1804779,19294000
2568,1237,1266,7168528,25427,1806045,19146700
2569,1283,1248,7167245,25462,1807293,19128700
2570,1333,1278,7165912,25517,1808571,19265900
2571,1317,1204,7164595,25630,1809775,19222900
2572,1324,1289,7163271,25665,1811064,19433800
2573,1296,1297,7161975,25664,1812361,19186400
2574,1319,1274,7160656,25709,1813635,19091500
2575,1343,1252,7159313,25800,1814887,19173100
2576,1324,1253,7157989,25871,1816140,19219600
2577,1262,1277,7156727,25856,1817417,19091800
2578,1348,1353,7155379,25851,1818770,19493900
2579,1327,1315,7154052,25863,1820085,19213300
2580,1329,1300,7152723,25892,1821385,19934800
2581,1273,1353,7151450,25812,1822738,19597000
2582,1301,1327,7150149,25786,1824065,19213600
2583,1323,1318,7148826,25791,1825383,19209000
2584,1355,1292,7147471,25854,1826675,19243800
2585,1342,1312,7146129,25884,1827987,19243800
2586,1328,1321,7144801,25891,1829308,19476200
2587,1355,1234,7143446,26012,1830542,19474000
2588,1316,1308,7142130,26020,1831850,20125200
2589,1283,1241,7140847,26062,1833091,19841000
2590,1302,1288,7139545,26076,1834379,19535900
2591,1277,1292,7138268,26061,1835671,19299300
2592,1330,1309,7136938,26082,1836980,19506200
2593,1337,1325,7135601,26094,1838305,19542300
2594,1370,1283,7134231,26181,1839588,19865300
2595,1357,1259,7132874,26279,1840847,19668700
2596,1369,1299,7131505,26349,1842146,19861000
2597,1356,1320,7130149,26385,1843466,19807200
2598,1313,1356,7128836,26342,1844822,19619200
2599,1367,1288,7127469,26421,1846110,19731100
2600,1394,1281,7126075,26534,1847391,19895400
2601,1309,1335,7124766,26508,1848726,19722400
2602,1306,1296,7123460,26518,1850022,19584100
2603,1342,1348,7122118,26512,1851370,19558200
2604,1362,1308,7120756,26566,1852678,19706200
2605,1341,1379,7119415,26528,1854057,20000000
2606,1259,1314,7118156,26473,1855371,19669600
2607,1356,1358,7116800,26471,1856729,19560100
2608,1290,1300,7115510,26461,1858029,19478100
2609,1325,1355,7114185,26431,1859384,19700200
2610,1328,1330,7112857,26429,1860714,19464000
2611,1277,1369,7111580,26337,1862083,19611100
2612,1265,1269,7110315,26333,1863352,19103200
2613,1350,1276,7108965,26407,1864628,19109700
2614,1339,1268,7107626,26478,1865896,19674400
2615,1324,1312,7106302,26490,1867208,19405300
2616,1347,1288,7104955,26549,1868496,19400500
2617,1306,1354,7103649,26501,1869850,19143100
2618,1337,1299,7102312,26539,1871149,19183800
2619,1332,1364,7100980,26507,1872513,19351000
2620,1334,1292,7099646,26549,1873805,19102900
2621,1349,1293,7098297,26605,1875098,19177300
2622,1330,1297,7096967,26638,1876395,19197400
2623,1336,1377,7095631,26597,1877772,19486100
2624,1344,1358,7094287,26583,1879130,19823800
2625,1316,1424,7092971,26475,1880554,19089900
2626,1289,1345,7091682,26419,1881899,19454100
2627,1355,1348,7090327,26426,1883247,19204600
2628,1314,1310,7089013,26430,1884557,19496800
2629,1340,1275,7087673,26495,1885832,19198700
2630,1376,1308,7086297,26563,1887140,19207300
2631,1379,1256,7084918,26686,1888396,19711100
2632,1421,1358,7083497,26749,1889754,19884800
2633,1316,1296,7082181,26769,1891050,19453600
2634,1382,1344,7080799,26807,1892394,19408200
2635,1342,1324,7079457,26825,1893718,19313000
2636,1353,1315,7078104,26863,1895033,19714200
2637,1304,1344,7076800,26823,1896377,19150700
2638,1353,1313,7075447,26863,1897690,19469900
2639,1369,1313,7074078,26919,1899003,19479800
2640,1367,1311,7072711,26975,1900314,20127300
2641,1440,1311,7071271,27104,1901625,19898400
2642,1397,1280,7069874,27221,1902905,19615200
2643,1365,1331,7068509,27255,1904236,19976100
2644,1398,1400,7067111,27253,1905636,19194200
2645,1370,1423,7065741,27200,1907059,19626600
2646,1339,1365,7064402,27174,1908424,19779900
2647,1337,1343,7063065,27168,1909767,19815100
2648,1360,1352,7061705,27176,1911119,19637100
2649,1359,1366,7060346,27169,1912485,19406800
2650,1358,1401,7058988,27126,1913886,19853200
2651,1368,1363,7057620,27131,1915249,19406300
2652,1393,1353,7056227,27171,1916602,20054200
2653,1376,1351,7054851,27196,1917953,19283400
2654,1382,1349,7053469,27229,1919302,19445000
2655,1323,1391,7052146,27161,1920693,19675200
2656,1354,1361,7050792,27154,1922054,19640600
2657,1360,1354,7049432,27160,1923408,19205300
2658,1373,1350,7048059,27183,1924758,20015600
2659,1352,1418,7046707,27117,1926176,19895600
2660,1350,1406,7045357,27061,1927582,20627100
2661,1348,1333,7044009,27076,1928915,19903500
2662,1323,1324,7042686,27075,1930239,19965700
2663,1415,1378,7041271,27112,1931617,19906400
2664,1354,1378,7039917,27088,1932995,19669800
2665,1344,1391,7038573,27041,1934386,19918500
2666,1360,1329,7037213,27072,1935715,19943400
2667,1341,1346,7035872,27067,1937061,20250400
2668,1324,1404,7034548,26987,1938465,19814300
2669,1315,1336,7033233,26966,1939801,20041900
2670,1364,1320,7031869,27010,1941121,19835800
2671,1339,1322,7030530,27027,1942443,20089200
2672,1342,1429,7029188,26940,1943872,19746500
2673,1360,1302,7027828,26998,1945174,19433500
2674,1328,1327,7026500,26999,1946501,19488200
2675,1383,1350,7025117,27032,1947851,19441800
2676,1292,1310,7023825,27014,1949161,19668600
2677,1272,1424,7022553,26862,1950585,19243500
2678,1402,1306,7021151,26958,1951891,19470800
2679,1338,1370,7019813,26926,1953261,19604100
2680,1283,1289,7018530,26920,1954550,19616200
2681,1366,1342,7017164,26944,1955892,19962300
2682,1355,1340,7015809,26959,1957232,19560300
2683,1359,1363,7014450,26955,1958595,19277000
2684,1351,1345,7013099,26961,1959940,20124100
2685,1293,1395,7011806,26859,1961335,19246300
2686,1341,1304,7010465,26896,1962639,19315000
2687,1343,1415,7009122,26824,1964054,19215100
2688,1373,1346,7007749,26851,1965400,19266600
2689,1352,1333,7006397,26870,1966733,20105800
2690,1364,1337,7005033,26897,1968070,20253800
2691,1346,1327,7003687,26916,1969397,19788200
2692,1355,1381,7002332,26890,1970778,20309300
2693,1412,1346,7000920,26956,1972124,19613500
2694,1391,1322,6999529,27025,1973446,20146900
2695,1417,1352,6998112,27090,1974798,19392700
2696,1344,1372,6996768,27062,1976170,20629900
2697,1372,1347,6995396,27087,1977517,19303200
2698,1398,1412,6993998,27073,1978929,19273700
2699,1349,1357,6992649,27065,1980286,19757600
2700,1430,1323,6991219,27172,1981609,19514800
2701,1400,1283,6989819,27289,1982892,19483100
2702,1330,1369,6988489,27250,1984261,19467300
2703,1405,1317,6987084,27338,1985578,19606900
2704,1359,1412,6985725,27285,1986990,19435600
2705,1368,1417,6984357,27236,1988407,19359700
2706,1400,1392,6982957,27244,1989799,19553900
2707,1365,1432,6981592,27177,1991231,19687500
2708,1391,1419,6980201,27149,1992650,20125100
2709,1389,1321,6978812,27217,1993971,20090700
2710,1360,1366,6977452,27211,1995337,19657100
2711,1405,1324,6976047,27292,1996661,19319700
2712,1439,1368,6974608,27363,1998029,20287800
2713,1390,1364,6973218,27389,1999393,19315300
2714,1340,1334,6971878,27395,2000727,19383100
2715,1369,1395,6970509,27369,2002122,19660600
2716,1383,1371,6969126,27381,2003493,19962200
2717,1390,1337,6967736,27434,2004830,19562300
2718,1358,1335,6966378,27457,2006165,19716800
2719,1366,1355,6965012,27468,2007520,20491100
2720,1417,1323,6963595,27562,2008843,19351600
2721,1388,1331,6962207,27619,2010174,19694300
2722,1349,1406,6960858,27562,2011580,19822000
2723,1410,1381,6959448,27591,2012961,20342300
2724,1399,1382,6958049,27608,2014343,19749700
2725,1378,1377,6956671,27609,2015720,20116700
2726,1388,1409,6955283,27588,2017129,20149000
2727,1397,1381,6953886,27604,2018510,19563100
2728,1389,1424,6952497,27569,2019934,19919900
2729,1444,1303,6951053,27710,2021237,19830000
2730,1384,1363,6949669,27731,2022600,19896000
2731,1387,1404,6948282,27714,2024004,20303600
2732,1378,1421,6946904,27671,2025425,20163100
2733,1304,1353,6945600,27622,2026778,20314500
2734,1388,1424,6944212,27586,2028202,19739500
2735,1374,1363,6942838,27597,2029565,19938700
2736,1336,1316,6941502,27617,2030881,19291900
2737,1434,1342,6940068,27709,2032223,19667800
2738,1424,1368,6938644,27765,2033591,19445600
2739,1414,1405,6937230,27774,2034996,19957600
2740,1387,1423,6935843,27738,2036419,19750300
2741,1394,1417,6934449,27715,2037836,20133700
2742,1394,1392,6933055,27717,2039228,20252300
2743,1422,1366,6931633,27773,2040594,19361700
2744,1381,1353,6930252,27801,2041947,19353000
2745,1402,1325,6928850,27878,2043272,19345200
2746,1363,1394,6927487,27847,2044666,19657000
2747,1311,1301,6926176,27857,2045967,19581900
2748,1423,1334,6924753,27946,2047301,19380700
2749,1318,1417,6923435,27847,2048718,19732600
2750,1422,1432,6922013,27837,2050150,19719200
2751,1387,1373,6920626,27851,2051523,19482300
2752,1433,1373,6919193,27911,2052896,19607800
2753,1344,1331,6917849,27924,2054227,20608600
2754,1427,1454,6916422,27897,2055681,19531300
2755,1353,1420,6915069,27830,2057101,19648700
2756,1391,1392,6913678,27829,2058493,19705700
2757,1408,1379,6912270,27858,2059872,19867100
2758,1416,1409,6910854,27865,2061281,19449100
2759,1384,1360,6909470,27889,2062641,20339900
2760,1347,1418,6908123,27818,2064059,19401700
2761,1377,1408,6906746,27787,2065467,20078600
2762,1442,1339,6905304,27890,2066806,20162200
2763,1364,1412,6903940,27842,2068218,20084200
2764,1403,1454,6902537,27791,2069672,19179400
2765,1318,1360,6901219,27749,2071032,19319900
2766,1406,1384,6899813,27771,2072416,19701600
2767,1392,1404,6898421,27759,2073820,19327100
2768,1390,1429,6897031,27720,2075249,19750000
2769,1417,1440,6895614,27697,2076689,19896900
2770,1402,1326,6894212,27773,2078015,19782800
2771,1328,1335,6892884,27766,2079350,19455000
2772,1392,1412,6891492,27746,2080762,19364400
2773,1342,1380,6890150,27708,2082142,20007300
2774,1350,1425,6888800,27633,2083567,19823400
2775,1398,1401,6887402,27630,2084968,19456600
2776,1354,1418,6886048,27566,2086386,19829500
2777,1356,1389,6884692,27533,2087775,19809800
2778,1343,1391,6883349,27485,2089166,19606200
2779,1375,1357,6881974,27503,2090523,19567400
2780,1445,1411,6880529,27537,2091934,20095100
2781,1410,1331,6879119,27616,2093265,19527500
2782,1400,1354,6877719,27662,2094619,20069200
2783,1346,1405,6876373,27603,2096024,19565800
2784,1412,1362,6874961,27653,2097386,19931200
2785,1382,1416,6873579,27619,2098802,20443900
2786,1448,1332,6872131,27735,2100134,19509000
2787,1401,1443,6870730,27693,2101577,19714200
2788,1391,1320,6869339,27764,2102897,19851900
2789,1478,1402,6867861,27840,2104299,20138000
2790,1445,1406,6866416,27879,2105705,19817500
2791,1380,1320,6865036,27939,2107025,19840900
2792,1379,1396,6863657,27922,2108421,20481800
2793,1409,1357,6862248,27974,2109778,21006100
2794,1449,1343,6860799,28080,2111121,19630300
2795,1461,1362,6859338,28179,2112483,20523100
2796,1427,1385,6857911,28221,2113868,19841800
2797,1432,1481,6856479,28172,2115349,19851200
2798,1415,1376,6855064,28211,2116725,19825600
2799,1424,1454,6853640,28181,2118179,20379900
2800,1529,1381,6852111,28329,2119560,19516300
2801,1412,1415,6850699,28326,2120975,20054100
2802,1464,1412,6849235,28378,2122387,19322800
2803,1518,1403,6847717,28493,2123790,19425400
2804,1400,1393,6846317,28500,2125183,19453100
2805,1430,1409,6844887,28521,2126592,19525800
2806,1414,1491,6843473,28444,2128083,19569400
2807,1412,1463,6842061,28393,2129546,19524300
2808,1459,1445,6840602,28407,2130991,19314700
2809,1440,1380,6839162,28467,2132371,19851100
2810,1400,1436,6837762,28431,2133807,19930400
2811,1366,1390,6836396,28407,2135197,19582200
2812,1481,1476,6834915,28412,2136673,35802800
2813,1443,1421,6833472,28434,2138094,19509700
2814,1405,1445,6832067,28394,2139539,19954700
2815,1472,1414,6830595,28452,2140953,19428300
2816,1438,1408,6829157,28482,2142361,20019400
2817,1351,1447,6827806,28386,2143808,19828900
2818,1467,1437,6826339,28416,2145245,19532700
2819,1400,1502,6824939,28314,2146747,19583700
2820,1436,1434,6823503,28316,2148181,19895700
2821,1505,1358,6821998,28463,2149539,19637600
2822,1477,1399,6820521,28541,2150938,19815500
2823,1389,1416,6819132,28514,2152354,19610300
2824,1477,1432,6817655,28559,2153786,19813800
2825,1393,1447,6816262,28505,2155233,19576800
2826,1398,1464,6814864,28439,2156697,19562600
2827,1424,1429,6813440,28434,2158126,19516900
2828,1410,1456,6812030,28388,2159582,20006600
2829,1439,1422,6810591,28405,2161004,19802300
2830,1459,1507,6809132,28357,2162511,20193100
2831,1437,1419,6807695,28375,2163930,19421100
2832,1435,1432,6806260,28378,2165362,19444100
2833,1454,1443,6804806,28389,2166805,19876100
2834,1424,1442,6803382,28371,2168247,19474900
2835,1414,1408,6801968,28377,2169655,19612000
2836,1391,1434,6800577,28334,2171089,19638600
2837,1385,1454,6799192,28265,2172543,19713500
2838,1423,1410,6797769,28278,2173953,19659800
2839,1472,1336,6796297,28414,2175289,19708200
2840,1430,1469,6794867,28375,2176758,19921800
2841,1414,1427,6793453,28362,2178185,19508200
2842,1465,1462,6791988,28365,2179647,19771600
2843,1413,1379,6790575,28399,2181026,19825000
2844,1432,1353,6789143,28478,2182379,19483500
2845,1426,1466,6787717,28438,2183845,19853000
2846,1431,1442,6786286,28427,2185287,19383600
2847,1391,1460,6784895,28358,2186747,19504400
2848,1478,1452,6783417,28384,2188199,19869600
2849,1379,1445,6782038,28318,2189644,19804100
2850,1406,1381,6780632,28343,2191025,19903700
2851,1410,1437,6779222,28316,2192462,19952500
2852,1426,1390,6777796,28352,2193852,19825700
2853,1390,1417,6776406,28325,2195269,20831900
2854,1386,1391,6775020,28320,2196660,20125100
2855,1372,1409,6773648,28283,2198069,19601900
2856,1358,1391,6772290,28250,2199460,19769800
2857,1432,1377,6770858,28305,2200837,19738800
2858,1395,1356,6769463,28344,2202193,20273400
2859,1459,1453,6768004,28350,2203646,19874200
2860,1409,1450,6766595,28309,2205096,19751200
2861,1474,1381,6765121,28402,2206477,20438200
2862,1420,1411,6763701,28411,2207888,20025600
2863,1351,1415,6762350,28347,2209303,20020700
2864,1426,1428,6760924,28345,2210731,19425100
2865,1432,1410,6759492,28367,2212141,19489700
2866,1409,1447,6758083,28329,2213588,19213500
2867,1408,1334,6756675,28403,2214922,19323000
2868,1372,1400,6755303,28375,2216322,19922500
2869,1461,1443,6753842,28393,2217765,19553200
2870,1391,1406,6752451,28378,2219171,19843700
2871,1401,1395,6751050,28384,2220566,19322500
2872,1456,1431,6749594,28409,2221997,19700100
2873,1431,1419,6748163,28421,2223416,19723900
2874,1351,1365,6746812,28407,2224781,19682400
2875,1350,1410,6745462,28347,2226191,19379000
2876,1403,1367,6744059,28383,2227558,19987200
2877,1473,1368,6742586,28488,2228926,19645900
2878,1546,1390,6741040,28644,2230316,19836100
2879,1432,1413,6739608,28663,2231729,19354100
2880,1473,1485,6738135,28651,2233214,19770300
2881,1442,1451,6736693,28642,2234665,19461000
2882,1422,1443,6735271,28621,2236108,20226800
2883,1499,1488,6733772,28632,2237596,20486300
2884,1471,1416,6732301,28687,2239012,19443900
2885,1466,1485,6730835,28668,2240497,19696700
2886,1451,1487,6729384,28632,2241984,20652800
2887,1497,1421,6727887,28708,2243405,19592400
2888,1416,1358,6726471,28766,2244763,19802400
2889,1418,1421,6725053,28763,2246184,19443400
2890,1410,1393,6723643,28780,2247577,19374800
2891,1364,1442,6722279,28702,2249019,19668500
2892,1435,1466,6720844,28671,2250485,19814200
2893,1403,1419,6719441,28655,2251904,20246600
2894,1428,1384,6718013,28699,2253288,19830300
2895,1474,1441,6716539,28732,2254729,20133900
2896,1381,1420,6715158,28693,2256149,20012400
2897,1411,1422,6713747,28682,2257571,19550400
2898,1402,1434,6712345,28650,2259005,20042000
2899,1404,1457,6710941,28597,2260462,20050100
2900,1397,1390,6709544,28604,2261852,19590300
2901,1407,1476,6708137,28535,2263328,19686900
2902,1403,1389,6706734,28549,2264717,19940200
2903,1448,1460,6705286,28537,2266177,20069800
2904,1431,1465,6703855,28503,2267642,19307000
2905,1390,1364,6702465,28529,2269006,19583200
2906,1431,1469,6701034,28491,2270475,19582800
2907,1437,1394,6699597,28534,2271869,20200000
2908,1406,1396,6698191,28544,2273265,19712100
2909,1356,1407,6696835,28493,2274672,20464100
2910,1396,1421,6695439,28468,2276093,20298700
2911,1351,1377,6694088,28442,2277470,20066500
2912,1471,1380,6692617,28533,2278850,19325600
2913,1457,1490,6691160,28500,2280340,20289500
2914,1418,1454,6689742,28464,2281794,20072800
2915,1478,1402,6688264,28540,2283196,19491700
2916,1445,1352,6686819,28633,2284548,20180900
2917,1427,1445,6685392,28615,2285993,19826100
2918,1451,1384,6683941,28682,2287377,19982900
2919,1444,1464,6682497,28662,2288841,19968500
2920,1450,1496,6681047,28616,2290337,20696200
2921,1466,1405,6679581,28677,2291742,19652200
2922,1511,1452,6678070,28736,2293194,19657600
2923,1402,1413,6676668,28725,2294607,19844700
2924,1409,1400,6675259,28734,2296007,19808800
2925,1444,1454,6673815,28724,2297461,19880400
2926,1513,1456,6672302,28781,2298917,19986200
2927,1455,1481,6670847,28755,2300398,19876800
2928,1436,1433,6669411,28758,2301831,20275000
2929,1438,1347,6667973,28849,2303178,19340500
2930,1396,1462,6666577,28783,2304640,19953300
2931,1462,1488,6665115,28757,2306128,19419200
2932,1400,1416,6663715,28741,2307544,19233500
2933,1486,1378,6662229,28849,2308922,19360400
2934,1535,1501,6660694,28883,2310423,19302500
2935,1435,1464,6659259,28854,2311887,19830900
2936,1426,1440,6657833,28840,2313327,19820100
2937,1459,1440,6656374,28859,2314767,19666300
2938,1485,1445,6654889,28899,2316212,19551700
2939,1384,1444,6653505,28839,2317656,20212000
2940,1454,1457,6652051,28836,2319113,19747400
2941,1474,1491,6650577,28819,2320604,19396600
2942,1427,1402,6649150,28844,2322006,19750300
2943,1404,1459,6647746,28789,2323465,19495800
2944,1434,1429,6646312,28794,2324894,21038300
2945,1446,1510,6644866,28730,2326404,19834400
2946,1484,1401,6643382,28813,2327805,19731500
2947,1466,1504,6641916,28775,2329309,19950000
2948,1446,1414,6640470,28807,2330723,19353100
2949,1455,1436,6639015,28826,2332159,19970300
2950,1449,1451,6637566,28824,2333610,19657100
2951,1493,1462,6636073,28855,2335072,19382900
2952,1458,1441,6634615,28872,2336513,19473500
2953,1425,1455,6633190,28842,2337968,19678500
2954,1487,1457,6631703,28872,2339425,19733300
2955,1485,1478,6630218,28879,2340903,19601700
2956,1470,1401,6628748,28948,2342304,19497500
2957,1431,1420,6627317,28959,2343724,19707600
2958,1544,1388,6625773,29115,2345112,19735300
2959,1486,1554,6624287,29047,2346666,19859400
2960,1545,1521,6622742,29071,2348187,20034900
2961,1483,1462,6621259,29092,2349649,19821200
2962,1526,1474,6619733,29144,2351123,19532800
2963,1533,1472,6618200,29205,2352595,19593100
2964,1499,1494,6616701,29210,2354089,19875600
2965,1461,1469,6615240,29202,2355558,19519300
2966,1533,1412,6613707,29323,2356970,19518100
2967,1494,1505,6612213,29312,2358475,19322300
2968,1469,1423,6610744,29358,2359898,19389500
2969,1518,1421,6609226,29455,2361319,19679100
2970,1399,1471,6607827,29383,2362790,19578300
2971,1550,1439,6606277,29494,2364229,19775900
2972,1457,1464,6604820,29487,2365693,19870400
2973,1552,1448,6603268,29591,2367141,19566800
2974,1517,1526,6601751,29582,2368667,19553500
2975,1508,1442,6600243,29648,2370109,19715300
2976,1580,1507,6598663,29721,2371616,19848300
2977,1517,1501,6597146,29737,2373117,19634700
2978,1542,1436,6595604,29843,2374553,19755600
2979,1505,1473,6594099,29875,2376026,19705100
2980,1541,1449,6592558,29967,2377475,20155000
2981,1539,1528,6591019,29978,2379003,20343300
2982,1456,1520,6589563,29914,2380523,19946200
2983,1547,1483,6588016,29978,2382006,20087100
2984,1517,1493,6586499,30002,2383499,20591600
2985,1562,1519,6584937,30045,2385018,19741500
2986,1500,1490,6583437,30055,2386508,20018700
2987,1514,1527,6581923,30042,2388035,21465300
2988,1564,1516,6580359,30090,2389551,19772300
2989,1514,1516,6578845,30088,2391067,20233500
2990,1532,1495,6577313,30125,2392562,20182900
2991,1541,1578,6575772,30088,2394140,20288900
2992,1507,1552,6574265,30043,2395692,20571900
2993,1466,1544,6572799,29965,2397236,19766400
2994,1491,1485,6571308,29971,2398721,19781700
2995,1491,1446,6569817,30016,2400167,19962000
2996,1490,1428,6568327,30078,2401595,19922100
2997,1437,1443,6566890,30072,2403038,19325800
2998,1534,1497,6565356,30109,2404535,19201500
2999,1534,1512,6563822,30131,2406047,19384000
3000,1537,1426,6562285,30242,2407473,19663500
3001,1463,1443,6560822,30262,2408916,19993300
3002,1498,1504,6559324,30256,2410420,19683000
3003,1500,1509,6557824,30247,2411929,19709900
3004,1583,1522,6556241,30308,2413451,19944600
3005,1545,1511,6554696,30342,2414962,19615100
3006,1554,1522,6553142,30374,2416484,19320300
3007,1397,1517,6551745,30254,2418001,19645700
3008,1543,1520,6550202,30277,2419521,20324100
3009,1485,1485,6548717,30277,2421006,19739500
3010,1461,1535,6547256,30203,2422541,19806400
3011,1589,1503,6545667,30289,2424044,20272300
3012,1506,1579,6544161,30216,2425623,19751100
3013,1485,1542,6542676,30159,2427165,19848500
3014,1469,1531,6541207,30097,2428696,19943900
3015,1480,1503,6539727,30074,2430199,19563300
3016,1506,1550,6538221,30030,2431749,19850200
3017,1521,1481,6536700,30070,2433230,19695500
3018,1546,1502,6535154,30114,2434732,19441100
3019,1484,1526,6533670,30072,2436258,19582300
3020,1488,1484,6532182,30076,2437742,19620200
3021,1546,1578,6530636,30044,2439320,19649700
3022,1524,1549,6529112,30019,2440869,19483600
3023,1507,1501,6527605,30025,2442370,19492700
3024,1460,1489,6526145,29996,2443859,19870800
3025,1540,1513,6524605,30023,2445372,19722400
3026,1559,1434,6523046,30148,2446806,19995800
3027,1507,1536,6521539,30119,2448342,20165200
3028,1491,1520,6520048,30090,2449862,20065000
3029,1543,1525,6518505,30108,2451387,20938500
3030,1480,1505,6517025,30083,2452892,20143300
3031,1557,1540,6515468,30100,2454432,20448800
3032,1536,1478,6513932,30158,2455910,20203900
3033,1551,1500,6512381,30209,2457410,20673300
3034,1554,1507,6510827,30256,2458917,20424400
3035,1579,1459,6509248,30376,2460376,20021100
3036,1565,1541,6507683,30400,2461917,19691900
3037,1484,1503,6506199,30381,2463420,20476500
3038,1475,1527,6504724,30329,2464947,20379900
3039,1519,1535,6503205,30313,2466482,20145700
3040,1519,1543,6501686,30289,2468025,20070200
3041,1503,1516,6500183,30276,2469541,19714300
3042,1579,1548,6498604,30307,2471089,19923500
3043,1516,1527,6497088,30296,2472616,19865600
3044,1575,1545,6495513,30326,2474161,19917100
3045,1557,1531,6493956,30352,2475692,19875900
3046,1477,1539,6492479,30290,2477231,20573800
3047,1610,1483,6490869,30417,2478714,20664000
3048,1478,1470,6489391,30425,2480184,19731400
3049,1509,1560,6487882,30374,2481744,20132000
3050,1510,1560,6486372,30324,2483304,20345300
3051,1501,1540,6484871,30285,2484844,20458400
3052,1456,1500,6483415,30241,2486344,19951500
3053,1631,1543,6481784,30329,2487887,20457900
3054,1512,1536,6480272,30305,2489423,20215200
3055,1471,1523,6478801,30253,2490946,20037100
3056,1539,1509,6477262,30283,2492455,20209800
3057,1533,1508,6475729,30308,2493963,20178400
3058,1506,1486,6474223,30328,2495449,19733400
3059,1507,1573,6472716,30262,2497022,19741900
3060,1549,1446,6471167,30365,2498468,20420800
3061,1534,1532,6469633,30367,2500000,19857300
3062,1518,1515,6468115,30370,2501515,20026700
3063,1527,1548,6466588,30349,2503063,19842000
3064,1533,1580,6465055,30302,2504643,20317800
3065,1514,1550,6463541,30266,2506193,19783600
3066,1544,1486,6461997,30324,2507679,19668200
3067,1561,1535,6460436,30350,2509214,20248200
3068,1552,1576,6458884,30326,2510790,20269700
3069,1523,1529,6457361,30320,2512319,19766500
3070,1557,1495,6455804,30382,2513814,19425800
3071,1540,1497,6454264,30425,2515311,20143500
3072,1502,1574,6452762,30353,2516885,19720000
3073,1501,1526,6451261,30328,2518411,19732800
3074,1607,1596,6449654,30339,2520007,19728800
3075,1537,1501,6448117,30375,2521508,20022100
3076,1597,1534,6446520,30438,2523042,19486200
3077,1561,1519,6444959,30480,2524561,19479100
3078,1495,1561,6443464,30414,2526122,19544200
3079,1549,1461,6441915,30502,2527583,19736000
3080,1542,1505,6440373,30539,2529088,19417200
3081,1521,1549,6438852,30511,2530637,19830300
3082,1541,1478,6437311,30574,2532115,20101500
3083,1599,1534,6435712,30639,2533649,19463400
3084,1539,1553,6434173,30625,2535202,19559300
3085,1588,1569,6432585,30644,2536771,19743800
3086,1565,1588,6431020,30621,2538359,19553400
3087,1565,1526,6429455,30660,2539885,19749900
3088,1520,1483,6427935,30697,2541368,19463400
3089,1553,1530,6426382,30720,2542898,19866000
3090,1538,1506,6424844,30752,2544404,19543100
3091,1550,1531,6423294,30771,2545935,19673100
3092,1537,1525,6421757,30783,2547460,19407100
3093,1589,1526,6420168,30846,2548986,19840800
3094,1520,1538,6418648,30828,2550524,19916400
3095,1538,1548,6417110,30818,2552072,19591300
3096,1540,1600,6415570,30758,2553672,19776100
3097,1565,1536,6414005,30787,2555208,20714600
3098,1547,1515,6412458,30819,2556723,20323700
3099,1585,1515,6410873,30889,2558238,19552900
3100,1607,1562,6409266,30934,2559800,19723900
3101,1519,1482,6407747,30971,2561282,20475100
3102,1632,1525,6406115,31078,2562807,19398600
3103,1575,1516,6404540,31137,2564323,19547600
3104,1560,1555,6402980,31142,2565878,19476300
3105,1550,1526,6401430,31166,2567404,19399500
3106,1590,1435,6399840,31321,2568839,19428500
3107,1657,1517,6398183,31461,2570356,19638900
3108,1583,1581,6396600,31463,2571937,20156900
3109,1629,1607,6394971,31485,2573544,19868800
3110,1572,1524,6393399,31533,2575068,19898300
3111,1571,1515,6391828,31589,2576583,20306800
3112,1619,1541,6390209,31667,2578124,20229900
3113,1563,1545,6388646,31685,2579669,20292800
3114,1573,1562,6387073,31696,2581231,20281600
3115,1596,1605,6385477,31687,2582836,20407700
3116,1605,1639,6383872,31653,2584475,19910400
3117,1592,1519,6382280,31726,2585994,20106600
3118,1586,1607,6380694,31705,2587601,20098800
3119,1584,1546,6379110,31743,2589147,19741000
3120,1538,1530,6377572,31751,2590677,20094100
3121,1566,1538,6376006,31779,2592215,19706300
3122,1602,1621,6374404,31760,2593836,19818300
3123,1617,1657,6372787,31720,2595493,19540700
3124,1557,1610,6371230,31667,2597103,19603000
3125,1654,1545,6369576,31776,2598648,19833800
3126,1581,1626,6367995,31731,2600274,19930900
3127,1543,1616,6366452,31658,2601890,20219300
3128,1566,1600,6364886,31624,2603490,19962600
3129,1545,1578,6363341,31591,2605068,19769000
3130,1657,1607,6361684,31641,2606675,19606500
3131,1562,1650,6360122,31553,2608325,19770600
3132,1536,1614,6358586,31475,2609939,19886200
3133,1576,1611,6357010,31440,2611550,19804600
3134,1555,1504,6355455,31491,2613054,19997600
3135,1539,1579,6353916,31451,2614633,19359200
3136,1520,1551,6352396,31420,2616184,19900800
3137,1550,1623,6350846,31347,2617807,19945300
3138,1584,1595,6349262,31336,2619402,19751500
3139,1555,1601,6347707,31290,2621003,19842600
3140,1562,1514,6346145,31338,2622517,19802700
3141,1585,1540,6344560,31383,2624057,20011600
3142,1548,1546,6343012,31385,2625603,19484400
3143,1578,1537,6341434,31426,2627140,35040000
3144,1592,1673,6339842,31345,2628813,19813100
3145,1601,1627,6338241,31319,2630440,19827600
3146,1495,1573,6336746,31241,2632013,19950500
3147,1537,1558,6335209,31220,2633571,20863500
3148,1556,1532,6333653,31244,2635103,19359100
3149,1560,1557,6332093,31247,2636660,19366000
3150,1505,1535,6330588,31217,2638195,19569400
3151,1572,1583,6329016,31206,2639778,19837500
3152,1659,1515,6327357,31350,2641293,19534500
3153,1627,1542,6325730,31435,2642835,19498700
3154,1612,1580,6324118,31467,2644415,19714000
3155,1598,1539,6322520,31526,2645954,19459700
3156,1548,1576,6320972,31498,2647530,19938000
3157,1559,1584,6319413,31473,2649114,19642300
3158,1612,1585,6317801,31500,2650699,19660600
3159,1562,1507,6316239,31555,2652206,20353300
3160,1720,1569,6314519,31706,2653775,19658000
3161,1544,1558,6312975,31692,2655333,19848500
3162,1554,1603,6311421,31643,2656936,20409400
3163,1597,1613,6309824,31627,2658549,20348500
3164,1622,1573,6308202,31676,2660122,20222700
3165,1650,1570,6306552,31756,2661692,19471100
3166,1594,1618,6304958,31732,2663310,19394200
3167,1664,1590,6303294,31806,2664900,20000000
3168,1623,1599,6301671,31830,2666499,19761700
3169,1546,1573,6300125,31803,2668072,20061200
3170,1620,1568,6298505,31855,2669640,19974900
3171,1604,1601,6296901,31858,2671241,19921500
3172,1614,1617,6295287,31855,2672858,20073800
3173,1606,1620,6293681,31841,2674478,20285300
3174,1599,1618,6292082,31822,2676096,20096000
3175,1553,1533,6290529,31842,2677629,20064600
3176,1679,1601,6288850,31920,2679230,19793800
3177,1567,1566,6287283,31921,2680796,20003300
3178,1648,1575,6285635,31994,2682371,19829400
3179,1655,1636,6283980,32013,2684007,19899500
3180,1654,1556,6282326,32111,2685563,19909900
3181,1579,1666,6280747,32024,2687229,20439400
3182,1640,1618,6279107,32046,2688847,19829600
3183,1600,1632,6277507,32014,2690479,20335300
3184,1547,1668,6275960,31893,2692147,19890300
3185,1586,1692,6274374,31787,2693839,19484900
3186,1586,1583,6272788,31790,2695422,19620400
3187,1596,1582,6271192,31804,2697004,19689700
3188,1648,1583,6269544,31869,2698587,20019000
3189,1558,1606,6267986,31821,2700193,19571600
3190,1583,1584,6266403,31820,2701777,19660400
3191,1537,1658,6264866,31699,2703435,19806900
3192,1566,1592,6263300,31673,2705027,19490000
3193,1631,1580,6261669,31724,2706607,19473200
3194,1615,1550,6260054,31789,2708157,19806100
3195,1607,1626,6258447,31770,2709783,20163500
3196,1577,1614,6256870,31733,2711397,19729200
3197,1600,1577,6255270,31756,2712974,20183600
3198,1601,1582,6253669,31775,2714556,20163800
3199,1638,1624,6252031,31789,2716180,19908300
3200,1556,1597,6250475,31748,2717777,19792400
3201,1594,1590,6248881,31752,2719367,20209100
3202,1512,1573,6247369,31691,2720940,19776400
3203,1575,1575,6245794,31691,2722515,19258700
3204,1632,1610,6244162,31713,2724125,19540100
3205,1527,1649,6242635,31591,2725774,19859100
3206,1556,1530,6241079,31617,2727304,19979900
3207,1634,1587,6239445,31664,2728891,20245700
3208,1644,1626,6237801,31682,2730517,19569700
3209,1600,1619,6236201,31663,2732136,19805500
3210,1732,1659,6234469,31736,2733795,20029100
3211,1635,1562,6232834,31809,2735357,20090400
3212,1606,1645,6231228,31770,2737002,19655300
3213,1628,1543,6229600,31855,2738545,19872300
3214,1647,1590,6227953,31912,2740135,19710700
3215,1570,1643,6226383,31839,2741778,19475400
3216,1530,1629,6224853,31740,2743407,19760000
3217,1579,1553,6223274,31766,2744960,19609300
3218,1534,1561,6221740,31739,2746521,19611800
3219,1540,1550,6220200,31729,2748071,19490300
3220,1586,1567,6218614,31748,2749638,19397100
3221,1530,1603,6217084,31675,2751241,20045700
3222,1557,1545,6215527,31687,2752786,19590600
3223,1603,1600,6213924,31690,2754386,19294900
3224,1557,1614,6212367,31633,2756000,19785700
3225,1576,1608,6210791,31601,2757608,19403900
3226,1620,1490,6209171,31731,2759098,19765200
3227,1543,1574,6207628,31700,2760672,19330700
3228,1595,1592,6206033,31703,2762264,20015300
3229,1582,1591,6204451,31694,2763855,19553500
3230,1603,1580,6202848,31717,2765435,19465400
3231,1549,1603,6201299,31663,2767038,19727600
3232,1602,1637,6199697,31628,2768675,19640900
3233,1613,1531,6198084,31710,2770206,20150800
3234,1580,1633,6196504,31657,2771839,19905500
3235,1523,1533,6194981,31647,2773372,20083800
3236,1578,1624,6193403,31601,2774996,19745300
3237,1593,1606,6191810,31588,2776602,20150100
3238,1577,1625,6190233,31540,2778227,20033900
3239,1580,1532,6188653,31588,2779759,19545900
3240,1591,1542,6187062,31637,2781301,19787300
3241,1556,1517,6185506,31676,2782818,19707000
3242,1584,1575,6183922,31685,2784393,19784300
3243,1669,1598,6182253,31756,2785991,20376400
3244,1612,1696,6180641,31672,2787687,19725500
3245,1620,1578,6179021,31714,2789265,20101700
3246,1659,1570,6177362,31803,2790835,20086500
3247,1538,1554,6175824,31787,2792389,19988400
3248,1646,1565,6174178,31868,2793954,19964400
3249,1657,1594,6172521,31931,2795548,19958400
3250,1578,1627,6170943,31882,2797175,19605900
3251,1659,1617,6169284,31924,2798792,19734500
3252,1606,1581,6167678,31949,2800373,20145300
3253,1550,1613,6166128,31886,2801986,19620700
3254,1713,1572,6164415,32027,2803558,19634700
3255,1622,1574,6162793,32075,2805132,19736200
3256,1602,1580,6161191,32097,2806712,19521000
3257,1614,1696,6159577,32015,2808408,19917200
3258,1622,1662,6157955,31975,2810070,19948100
3259,1670,1571,6156285,32074,2811641,19408600
3260,1618,1623,6154667,32069,2813264,19763600
3261,1651,1640,6153016,32080,2814904,20337600
3262,1593,1560,6151423,32113,2816464,20253900
3263,1574,1601,6149849,32086,2818065,20220400
3264,1651,1564,6148198,32173,2819629,20367900
3265,1568,1669,6146630,32072,2821298,19742000
3266,1673,1652,6144957,32093,2822950,19484100
3267,1564,1644,6143393,32013,2824594,19472900
3268,1573,1635,6141820,31951,2826229,19702800
3269,1614,1546,6140206,32019,2827775,19375900
3270,1609,1605,6138597,32023,2829380,19688700
3271,1576,1616,6137021,31983,2830996,20652500
3272,1589,1588,6135432,31984,2832584,19760100
3273,1604,1556,6133828,32032,2834140,20063900
3274,1653,1594,6132175,32091,2835734,19941800
3275,1579,1567,6130596,32103,2837301,20097200
3276,1678,1578,6128918,32203,2838879,19730900
3277,1704,1548,6127214,32359,2840427,19769300
3278,1629,1698,6125585,32290,2842125,19644800
3279,1629,1597,6123956,32322,2843722,19802900
3280,1674,1611,6122282,32385,2845333,19705300
3281,1554,1622,6120728,32317,2846955,19815000
3282,1645,1638,6119083,32324,2848593,19543000
3283,1578,1578,6117505,32324,2850171,20243900
3284,1556,1528,6115949,32352,2851699,19420900
3285,1579,1625,6114370,32306,2853324,19974600
3286,1617,1638,6112753,32285,2854962,19520700
3287,1593,1647,6111160,32231,2856609,19574700
3288,1631,1649,6109529,32213,2858258,20131000
3289,1597,1534,6107932,32276,2859792,19725400
3290,1563,1597,6106369,32242,2861389,19856900
3291,1643,1633,6104726,32252,2863022,20063800
3292,1640,1594,6103086,32298,2864616,20108200
3293,1522,1613,6101564,32207,2866229,20212400
3294,1659,1582,6099905,32284,2867811,19408700
3295,1692,1630,6098213,32346,2869441,20482500
3296,1659,1654,6096554,32351,2871095,19721800
3297,1674,1500,6094880,32525,2872595,19780500
3298,1621,1678,6093259,32468,2874273,20169700
3299,1666,1636,6091593,32498,2875909,22018100
3300,1693,1637,6089900,32554,2877546,21458300
3301,1654,1684,6088246,32524,2879230,20733800
3302,1649,1621,6086597,32552,2880851,20938600
3303,1686,1598,6084911,32640,2882449,20020400
3304,1646,1647,6083265,32639,2884096,20975200
3305,1689,1643,6081576,32685,2885739,20619300
3306,1630,1627,6079946,32688,2887366,20187600
3307,1614,1623,6078332,32679,2888989,20993100
3308,1661,1589,6076671,32751,2890578,20115600
3309,1702,1653,6074969,32800,2892231,19883200
3310,1651,1657,6073318,32794,2893888,20090600
3311,1673,1667,6071645,32800,2895555,20967000
3312,1662,1667,6069983,32795,2897222,20337300
3313,1625,1590,6068358,32830,2898812,19550600
3314,1672,1594,6066686,32908,2900406,19819600
3315,1590,1604,6065096,32894,2902010,19489400
3316,1645,1640,6063451,32899,2903650,19580500
3317,1661,1675,6061790,32885,2905325,20626200
3318,1645,1659,6060145,32871,2906984,19898300
3319,1687,1672,6058458,32886,2908656,19664500
3320,1675,1690,6056783,32871,2910346,19802400
3321,1666,1724,6055117,32813,2912070,19899800
3322,1684,1661,6053433,32836,2913731,20069800
3323,1757,1614,6051676,32979,2915345,19925200
3324,1675,1632,6050001,33022,2916977,19941300
3325,1679,1656,6048322,33045,2918633,19743300
3326,1705,1618,6046617,33132,2920251,19752400
3327,1677,1721,6044940,33088,2921972,19945900
3328,1677,1614,6043263,33151,2923586,19576600
3329,1638,1692,6041625,33097,2925278,19687100
3330,1696,1666,6039929,33127,2926944,19842700
3331,1605,1646,6038324,33086,2928590,19810600
3332,1661,1698,6036663,33049,2930288,19865600
3333,1664,1680,6034999,33033,2931968,20045700
3334,1637,1618,6033362,33052,2933586,20079000
3335,1630,1640,6031732,33042,2935226,20206800
3336,1653,1669,6030079,33026,2936895,19753200
3337,1739,1632,6028340,33133,2938527,19782500
3338,1666,1648,6026674,33151,2940175,20267200
3339,1656,1638,6025018,33169,2941813,19733900
3340,1631,1594,6023387,33206,2943407,19643100
3341,1687,1619,6021700,33274,2945026,19726100
3342,1598,1668,6020102,33204,2946694,19471900
3343,1623,1645,6018479,33182,2948339,19646300
3344,1616,1722,6016863,33076,2950061,19661500
3345,1594,1645,6015269,33025,2951706,20043800
3346,1644,1659,6013625,33010,2953365,19928300
3347,1689,1641,6011936,33058,2955006,19767700
3348,1671,1674,6010265,33055,2956680,20391300
3349,1696,1692,6008569,33059,2958372,19997400
3350,1691,1613,6006878,33137,2959985,19736100
3351,1622,1617,6005256,33142,2961602,19673500
3352,1664,1643,6003592,33163,2963245,19656200
3353,1662,1675,6001930,33150,2964920,20078700
3354,1592,1643,6000338,33099,2966563,19634500
3355,1615,1651,5998723,33063,2968214,20019900
3356,1669,1619,5997054,33113,2969833,19642000
3357,1635,1611,5995419,33137,2971444,19519600
3358,1650,1649,5993769,33138,2973093,19639400
3359,1553,1634,5992216,33057,2974727,19608900
3360,1537,1592,5990679,33002,2976319,19952400
3361,1671,1700,5989008,32973,2978019,20197500
3362,1603,1626,5987405,32950,2979645,20364200
3363,1572,1685,5985833,32837,2981330,20469400
3364,1612,1631,5984221,32818,2982961,20367300
3365,1630,1578,5982591,32870,2984539,20722200
3366,1617,1624,5980974,32863,2986163,20382500
3367,1583,1585,5979391,32861,2987748,19862600
3368,1593,1596,5977798,32858,2989344,20174300
3369,1604,1618,5976194,32844,2990962,20087400
3370,1644,1641,5974550,32847,2992603,20131500
3371,1636,1609,5972914,32874,2994212,19808000
3372,1612,1669,5971302,32817,2995881,19960900
3373,1633,1649,5969669,32801,2997530,20297400
3374,1569,1587,5968100,32783,2999117,20470300
3375,1597,1619,5966503,32761,3000736,22872100
3376,1646,1678,5964857,32729,3002414,20658500
3377,1582,1594,5963275,32717,3004008,20613500
3378,1690,1706,5961585,32701,3005714,20440800
3379,1615,1618,5959970,32698,3007332,20316300
3380,1617,1652,5958353,32663,3008984,20795000
3381,1705,1680,5956648,32688,3010664,20760900
3382,1664,1656,5954984,32696,3012320,20800800
3383,1696,1624,5953288,32768,3013944,21856600
3384,1655,1678,5951633,32745,3015622,20673300
3385,1628,1670,5950005,32703,3017292,20230200
3386,1664,1617,5948341,32750,3018909,20307900
3387,1641,1641,5946700,32750,3020550,20606100
3388,1614,1609,5945086,32755,3022159,20150300
3389,1718,1609,5943368,32864,3023768,21100700
3390,1707,1595,5941661,32976,3025363,21985500
3391,1718,1618,5939943,33076,3026981,21995400
3392,1715,1709,5938228,33082,3028690,23374900
3393,1711,1624,5936517,33169,3030314,27532600
3394,1701,1627,5934816,33243,3031941,22066400
3395,1701,1699,5933115,33245,3033640,22602600
3396,1653,1657,5931462,33241,3035297,21744500
3397,1687,1692,5929775,33236,3036989,24947700
3398,1687,1692,5928088,33231,3038681,22033200
3399,1714,1689,5926374,33256,3040370,20216100
3400,1675,1603,5924699,33328,3041973,20155400
3401,1687,1639,5923012,33376,3043612,19947900
3402,1724,1662,5921288,33438,3045274,19873800
3403,1671,1607,5919617,33502,3046881,19709800
3404,1681,1667,5917936,33516,3048548,19695000
3405,1705,1680,5916231,33541,3050228,20064500
3406,1729,1688,5914502,33582,3051916,19792900
3407,1691,1728,5912811,33545,3053644,20341200
3408,1702,1693,5911109,33554,3055337,19763900
3409,1752,1752,5909357,33554,3057089,20824300
3410,1765,1660,5907592,33659,3058749,20994100
3411,1685,1715,5905907,33629,3060464,19820500
3412,1698,1726,5904209,33601,3062190,19686800
3413,1652,1646,5902557,33607,3063836,19682100
3414,1685,1680,5900872,33612,3065516,20066100
3415,1725,1718,5899147,33619,3067234,20244100
3416,1719,1728,5897428,33610,3068962,19784000
3417,1679,1665,5895749,33624,3070627,19864600
3418,1695,1669,5894054,33650,3072296,19805100
3419,1673,1670,5892381,33653,3073966,19960200
3420,1699,1633,5890682,33719,3075599,19807700
3421,1661,1627,5889021,33753,3077226,19950600
3422,1668,1722,5887353,33699,3078948,19810000
3423,1768,1690,5885585,33777,3080638,20158400
3424,1736,1666,5883849,33847,3082304,19962800
3425,1659,1719,5882190,33787,3084023,20356700
3426,1668,1745,5880522,33710,3085768,20023400
3427,1705,1659,5878817,33756,3087427,35606600
3428,1630,1713,5877187,33673,3089140,20256400
3429,1770,1647,5875417,33796,3090787,20070400
3430,1730,1654,5873687,33872,3092441,20109500
3431,1722,1663,5871965,33931,3094104,20569900
3432,1748,1763,5870217,33916,3095867,20145200
3433,1671,1773,5868546,33814,3097640,20550300
3434,1667,1732,5866879,33749,3099372,20467300
3435,1686,1706,5865193,33729,3101078,20096300
3436,1655,1676,5863538,33708,3102754,20277700
3437,1728,1749,5861810,33687,3104503,19648300
3438,1576,1740,5860234,33523,3106243,19904400
3439,1717,1721,5858517,33519,3107964,19609900
3440,1688,1656,5856829,33551,3109620,19605000
3441,1641,1717,5855188,33475,3111337,19601500
3442,1680,1663,5853508,33492,3113000,20149300
3443,1663,1745,5851845,33410,3114745,19564200
3444,1660,1658,5850185,33412,3116403,19774000
3445,1695,1669,5848490,33438,3118072,19845800
3446,1620,1785,5846870,33273,3119857,19879400
3447,1695,1739,5845175,33229,3121596,20046200
3448,1672,1694,5843503,33207,3123290,20296000
3449,1694,1611,5841809,33290,3124901,19571600
3450,1651,1659,5840158,33282,3126560,19955500
3451,1680,1690,5838478,33272,3128250,20016200
3452,1638,1629,5836840,33281,3129879,19877500
3453,1730,1724,5835110,33287,3131603,19953900
3454,1722,1732,5833388,33277,3133335,19773100
3455,1697,1696,5831691,33278,3135031,19983700
3456,1639,1682,5830052,33235,3136713,19657400
3457,1643,1608,5828409,33270,3138321,19679200
3458,1753,1589,5826656,33434,3139910,20236900
3459,1707,1593,5824949,33548,3141503,20034000
3460,1684,1720,5823265,33512,3143223,20778200
3461,1610,1681,5821655,33441,3144904,20268200
3462,1710,1667,5819945,33484,3146571,19679700
3463,1692,1671,5818253,33505,3148242,19898100
3464,1627,1631,5816626,33501,3149873,19561000
3465,1662,1702,5814964,33461,3151575,20092300
3466,1647,1688,5813317,33420,3153263,19531000
3467,1656,1665,5811661,33411,3154928,20325000
3468,1647,1660,5810014,33398,3156588,19759100
3469,1688,1697,5808326,33389,3158285,19883200
3470,1653,1695,5806673,33347,3159980,19929200
3471,1624,1663,5805049,33308,3161643,19665000
3472,1658,1653,5803391,33313,3163296,19836800
3473,1631,1682,5801760,33262,3164978,19714700
3474,1806,1610,5799954,33458,3166588,20280300
3475,1739,1622,5798215,33575,3168210,20197300
3476,1726,1611,5796489,33690,3169821,19882100
3477,1783,1717,5794706,33756,3171538,19952700
3478,1676,1720,5793030,33712,3173258,19988200
3479,1708,1682,5791322,33738,3174940,20092300
3480,1757,1748,5789565,33747,3176688,19948100
3481,1692,1744,5787873,33695,3178432,20478000
3482,1662,1745,5786211,33612,3180177,19795600
3483,1710,1651,5784501,33671,3181828,19739600
3484,1652,1697,5782849,33626,3183525,19559800
3485,1676,1741,5781173,33561,3185266,19942200
3486,1805,1674,5779368,33692,3186940,19794700
3487,1752,1711,5777616,33733,3188651,19864100
3488,1702,1713,5775914,33722,3190364,20122700
3489,1742,1731,5774172,33733,3192095,20610800
3490,1796,1766,5772376,33763,3193861,20214300
3491,1767,1711,5770609,33819,3195572,20524900
3492,1771,1623,5768838,33967,3197195,20901100
3493,1663,1652,5767175,33978,3198847,20027000
3494,1698,1705,5765477,33971,3200552,20061000
3495,1750,1623,5763727,34098,3202175,20342400
3496,1768,1670,5761959,34196,3203845,20336900
3497,1795,1664,5760164,34327,3205509,20874300
3498,1758,1690,5758406,34395,3207199,20274900
3499,1703,1807,5756703,34291,3209006,19799000
3500,1816,1703,5754887,34404,3210709,19757000
3501,1719,1653,5753168,34470,3212362,19835200
3502,1742,1720,5751426,34492,3214082,20019100
3503,1816,1820,5749610,34488,3215902,19899000
3504,1746,1694,5747864,34540,3217596,19785500
3505,1777,1682,5746087,34635,3219278,19758300
3506,1800,1700,5744287,34735,3220978,19780000
3507,1823,1802,5742464,34756,3222780,19633900
3508,1801,1797,5740663,34760,3224577,20279300
3509,1722,1737,5738941,34745,3226314,20112000
3510,1764,1758,5737177,34751,3228072,20129100
3511,1808,1758,5735369,34801,3229830,20148300
3512,1780,1671,5733589,34910,3231501,19866400
3513,1804,1678,5731785,35036,3233179,20169300
3514,1754,1789,5730031,35001,3234968,19897700
3515,1864,1825,5728167,35040,3236793,20322000
3516,1721,1716,5726446,35045,3238509,19785500
3517,1779,1727,5724667,35097,3240236,19880100
3518,1788,1776,5722879,35109,3242012,19963500
3519,1761,1721,5721118,35149,3243733,20102300
3520,1793,1766,5719325,35176,3245499,19909700
3521,1735,1758,5717590,35153,3247257,20884800
3522,1786,1712,5715804,35227,3248969,20101800
3523,1771,1878,5714033,35120,3250847,19606800
3524,1716,1749,5712317,35087,3252596,19708700
3525,1706,1772,5710611,35021,3254368,20174800
3526,1795,1786,5708816,35030,3256154,19549500
3527,1798,1698,5707018,35130,3257852,19765900
3528,1684,1758,5705334,35056,3259610,20165100
3529,1804,1737,5703530,35123,3261347,19578700
3530,1820,1770,5701710,35173,3263117,19622200
3531,1843,1760,5699867,35256,3264877,19869600
3532,1756,1735,5698111,35277,3266612,19782600
3533,1896,1815,5696215,35358,3268427,20320000
3534,1796,1717,5694419,35437,3270144,20010200
3535,1763,1801,5692656,35399,3271945,19987400
3536,1799,1849,5690857,35349,3273794,19721200
3537,1727,1818,5689130,35258,3275612,19715100
3538,1873,1770,5687257,35361,3277382,20228700
3539,1764,1803,5685493,35322,3279185,19784900
3540,1763,1751,5683730,35334,3280936,20110600
3541,1749,1769,5681981,35314,3282705,20486200
3542,1837,1843,5680144,35308,3284548,20044800
3543,1803,1721,5678341,35390,3286269,20013100
3544,1757,1738,5676584,35409,3288007,19943100
3545,1741,1781,5674843,35369,3289788,20787500
3546,1667,1764,5673176,35272,3291552,19660800
3547,1725,1828,5671451,35169,3293380,19951800
3548,1754,1732,5669697,35191,3295112,20189500
3549,1718,1747,5667979,35162,3296859,19909900
3550,1718,1752,5666261,35128,3298611,20280300
3551,1721,1797,5664540,35052,3300408,20503400
3552,1687,1765,5662853,34974,3302173,20119000
3553,1701,1817,5661152,34858,3303990,20339100
3554,1615,1712,5659537,34761,3305702,19877200
3555,1727,1704,5657810,34784,3307406,20230800
3556,1687,1751,5656123,34720,3309157,20031900
3557,1695,1676,5654428,34739,3310833,20315300
3558,1670,1778,5652758,34631,3312611,20722800
3559,1772,1714,5650986,34689,3314325,20384800
3560,1677,1770,5649309,34596,3316095,20133600
3561,1746,1729,5647563,34613,3317824,20371000
3562,1751,1699,5645812,34665,3319523,19749500
3563,1735,1676,5644077,34724,3321199,19748000
3564,1781,1735,5642296,34770,3322934,19876800
3565,1788,1740,5640508,34818,3324674,20368200
3566,1807,1702,5638701,34923,3326376,20226100
3567,1748,1747,5636953,34924,3328123,20189200
3568,1767,1758,5635186,34933,3329881,20577200
3569,1775,1795,5633411,34913,3331676,22013400
3570,1779,1740,5631632,34952,3333416,20311600
3571,1776,1816,5629856,34912,3335232,20398000
3572,1818,1720,5628038,35010,3336952,19702600
3573,1842,1750,5626196,35102,3338702,19776600
3574,1803,1822,5624393,35083,3340524,20124300
3575,1805,1662,5622588,35226,3342186,19935000
3576,1771,1793,5620817,35204,3343979,19634000
3577,1775,1734,5619042,35245,3345713,19731000
3578,1716,1841,5617326,35120,3347554,19882700
3579,1739,1755,5615587,35104,3349309,20529800
3580,1811,1709,5613776,35206,3351018,20152000
3581,1769,1843,5612007,35132,3352861,20155000
3582,1743,1750,5610264,35125,3354611,19890900
3583,1778,1785,5608486,35118,3356396,19834700
3584,1756,1798,5606730,35076,3358194,19874000
3585,1788,1772,5604942,35092,3359966,20185500
3586,1704,1794,5603238,35002,3361760,19481600
3587,1801,1672,5601437,35131,3363432,19798800
3588,1825,1789,5599612,35167,3365221,19834700
3589,1798,1746,5597814,35219,3366967,19935900
3590,1757,1762,5596057,35214,3368729,20385800
3591,1758,1830,5594299,35142,3370559,19804700
3592,1795,1673,5592504,35264,3372232,19850900
3593,1780,1741,5590724,35303,3373973,19911900
3594,1766,1775,5588958,35294,3375748,20106900
3595,1754,1692,5587204,35356,3377440,20385700
3596,1821,1723,5585383,35454,3379163,19962600
3597,1825,1806,5583558,35473,3380969,19938900
3598,1751,1718,5581807,35506,3382687,20728400
3599,1877,1799,5579930,35584,3384486,20282400
3600,1795,1796,5578135,35583,3386282,20373200
3601,1798,1824,5576337,35557,3388106,19793400
3602,1779,1813,5574558,35523,3389919,19744900
3603,1751,1724,5572807,35550,3391643,19821500
3604,1738,1745,5571069,35543,3393388,20055400
3605,1785,1703,5569284,35625,3395091,20197900
3606,1877,1810,5567407,35692,3396901,19888800
3607,1749,1791,5565658,35650,3398692,19970400
3608,1823,1791,5563835,35682,3400483,20701500
3609,1781,1733,5562054,35730,3402216,20576300
3610,1772,1848,5560282,35654,3404064,20184400
3611,1771,1806,5558511,35619,3405870,20573300
3612,1757,1874,5556754,35502,3407744,20050000
3613,1836,1709,5554918,35629,3409453,20208300
3614,1719,1762,5553199,35586,3411215,20522900
3615,1790,1761,5551409,35615,3412976,20204900
3616,1785,1771,5549624,35629,3414747,20002900
3617,1771,1803,5547853,35597,3416550,20093900
3618,1826,1739,5546027,35684,3418289,20621600
3619,1745,1803,5544282,35626,3420092,19915400
3620,1816,1813,5542466,35629,3421905,20364300
3621,1798,1875,5540668,35552,3423780,21660600
3622,1799,1798,5538869,35553,3425578,20353800
3623,1790,1803,5537079,35540,3427381,20394500
3624,1727,1797,5535352,35470,3429178,20839900
3625,1760,1738,5533592,35492,3430916,19853600
3626,1789,1806,5531803,35475,3432722,19836200
3627,1789,1723,5530014,35541,3434445,19868500
3628,1761,1762,5528253,35540,3436207,19882900
3629,1731,1778,5526522,35493,3437985,19878200
3630,1780,1813,5524742,35460,3439798,20114400
3631,1847,1771,5522895,35536,3441569,20410700
3632,1855,1820,5521040,35571,3443389,20795000
3633,1784,1867,5519256,35488,3445256,19747400
3634,1824,1840,5517432,35472,3447096,20271300
3635,1782,1823,5515650,35431,3448919,19703400
3636,1845,1774,5513805,35502,3450693,19747400
3637,1828,1868,5511977,35462,3452561,20065100
3638,1784,1749,5510193,35497,3454310,19719800
3639,1833,1759,5508360,35571,3456069,20067300
3640,1816,1742,5506544,35645,3457811,19629900
3641,1805,1771,5504739,35679,3459582,20329200
3642,1818,1768,5502921,35729,3461350,19889900
3643,1839,1741,5501082,35827,3463091,20929300
3644,1746,1729,5499336,35844,3464820,20492800
3645,1856,1739,5497480,35961,3466559,19804900
3646,1820,1752,5495660,36029,3468311,20001000
3647,1864,1777,5493796,36116,3470088,20107400
3648,1839,1842,5491957,36113,3471930,20684100
3649,1751,1783,5490206,36081,3473713,19652900
3650,1731,1828,5488475,35984,3475541,19828900
3651,1799,1903,5486676,35880,3477444,20748000
3652,1794,1825,5484882,35849,3479269,19974700
3653,1782,1718,5483100,35913,3480987,20017300
3654,1768,1854,5481332,35827,3482841,20200400
3655,1770,1770,5479562,35827,3484611,20387700
3656,1741,1803,5477821,35765,3486414,20050600
3657,1764,1745,5476057,35784,3488159,21074900
3658,1734,1793,5474323,35725,3489952,21376500
3659,1745,1773,5472578,35697,3491725,19743900
3660,1781,1828,5470797,35650,3493553,20558400
3661,1772,1750,5469025,35672,3495303,19996200
3662,1745,1766,5467280,35651,3497069,20101400
3663,1737,1819,5465543,35569,3498888,20255000
3664,1743,1783,5463800,35529,3500671,20280900
3665,1695,1812,5462105,35412,3502483,19699500
3666,1804,1684,5460301,35532,3504167,19663200
3667,1765,1796,5458536,35501,3505963,19849800
3668,1798,1773,5456738,35526,3507736,20330500
3669,1807,1808,5454931,35525,3509544,20835800
3670,1738,1791,5453193,35472,3511335,19875200
3671,1650,1764,5451543,35358,3513099,19509900
3672,1755,1796,5449788,35317,3514895,19927100
3673,1764,1805,5448024,35276,3516700,20067100
3674,1747,1797,5446277,35226,3518497,35479200
3675,1728,1801,5444549,35153,3520298,20008800
3676,1709,1765,5442840,35097,3522063,20145400
3677,1671,1616,5441169,35152,3523679,20330400
3678,1755,1798,5439414,35109,3525477,20959600
3679,1811,1781,5437603,35139,3527258,20861500
3680,1755,1803,5435848,35091,3529061,21534500
3681,1800,1836,5434048,35055,3530897,20547200
3682,1756,1711,5432292,35100,3532608,20655700
3683,1697,1756,5430595,35041,3534364,20138000
3684,1736,1833,5428859,34944,3536197,20139600
3685,1724,1782,5427135,34886,3537979,20295100
3686,1708,1718,5425427,34876,3539697,20971600
3687,1746,1795,5423681,34827,3541492,20326900
3688,1682,1767,5421999,34742,3543259,19814000
3689,1764,1751,5420235,34755,3545010,19972700
3690,1748,1727,5418487,34776,3546737,19712800
3691,1879,1758,5416608,34897,3548495,19714300
3692,1803,1702,5414805,34998,3550197,19724000
3693,1751,1748,5413054,35001,3551945,19687300
3694,1769,1831,5411285,34939,3553776,19584000
3695,1787,1686,5409498,35040,3555462,19613700
3696,1741,1794,5407757,34987,3557256,20587100
3697,1719,1703,5406038,35003,3558959,20621400
3698,1808,1790,5404230,35021,3560749,19593600
3699,1768,1793,5402462,34996,3562542,19696500
3700,1769,1796,5400693,34969,3564338,19899400
3701,1732,1728,5398961,34973,3566066,19639400
3702,1699,1663,5397262,35009,3567729,20225000
3703,1794,1700,5395468,35103,3569429,19900500
3704,1662,1751,5393806,35014,3571180,19890400
3705,1668,1765,5392138,34917,3572945,20050100
3706,1742,1708,5390396,34951,3574653,20182100
3707,1716,1811,5388680,34856,3576464,20262000
3708,1698,1732,5386982,34822,3578196,20909600
3709,1703,1724,5385279,34801,3579920,20401800
3710,1714,1750,5383565,34765,3581670,19779400
3711,1766,1763,5381799,34768,3583433,19612700
3712,1738,1787,5380061,34719,3585220,19724800
3713,1767,1677,5378294,34809,3586897,19876500
3714,1783,1792,5376511,34800,3588689,19730600
3715,1677,1698,5374834,34779,3590387,19555100
3716,1721,1723,5373113,34777,3592110,20566300
3717,1715,1783,5371398,34709,3593893,19792600
3718,1727,1723,5369671,34713,3595616,20081100
3719,1788,1784,5367883,34717,3597400,19758700
3720,1705,1737,5366178,34685,3599137,19773100
3721,1726,1682,5364452,34729,3600819,19914200
3722,1737,1722,5362715,34744,3602541,19872900
3723,1700,1694,5361015,34750,3604235,19941400
3724,1683,1760,5359332,34673,3605995,19537900
3725,1699,1706,5357633,34666,3607701,19536800
3726,1694,1737,5355939,34623,3609438,20179400
3727,1695,1742,5354244,34576,3611180,19905100
3728,1678,1681,5352566,34573,3612861,20333700
3729,1703,1753,5350863,34523,3614614,22869600
3730,1659,1783,5349204,34399,3616397,21871200
3731,1680,1720,5347524,34359,3618117,23433500
3732,1609,1801,5345915,34167,3619918,21734300
3733,1701,1652,5344214,34216,3621570,21580800
3734,1673,1710,5342541,34179,3623280,19908400
3735,1646,1702,5340895,34123,3624982,20295300
3736,1739,1731,5339156,34131,3626713,19727000
3737,1682,1675,5337474,34138,3628388,20019800
3738,1699,1685,5335775,34152,3630073,20298300
3739,1654,1738,5334121,34068,3631811,20246200
3740,1640,1688,5332481,34020,3633499,19933900
3741,1767,1662,5330714,34125,3635161,19899000
3742,1717,1676,5328997,34166,3636837,20575500
3743,1686,1714,5327311,34138,3638551,20968400
3744,1675,1674,5325636,34139,3640225,20160400
3745,1755,1689,5323881,34205,3641914,20718500
3746,1771,1742,5322110,34234,3643656,20532900
3747,1693,1657,5320417,34270,3645313,20649600
3748,1729,1699,5318688,34300,3647012,20024900
3749,1765,1719,5316923,34346,3648731,20673500
3750,1749,1718,5315174,34377,3650449,20196700
3751,1699,1652,5313475,34424,3652101,19833600
3752,1694,1703,5311781,34415,3653804,19758600
3753,1736,1732,5310045,34419,3655536,20018300
3754,1668,1715,5308377,34372,3657251,19826200
3755,1769,1749,5306608,34392,3659000,20688600
3756,1694,1663,5304914,34423,3660663,20394500
3757,1731,1742,5303183,34412,3662405,20137200
3758,1696,1726,5301487,34382,3664131,20360300
3759,1656,1719,5299831,34319,3665850,20093300
3760,1688,1687,5298143,34320,3667537,19553700
3761,1690,1668,5296453,34342,3669205,19918500
3762,1679,1757,5294774,34264,3670962,19936200
3763,1714,1786,5293060,34192,3672748,19514300
3764,1733,1666,5291327,34259,3674414,19534600
3765,1724,1752,5289603,34231,3676166,20136800
3766,1699,1835,5287904,34095,3678001,20049200
3767,1647,1648,5286257,34094,3679649,20004700
3768,1665,1672,5284592,34087,3681321,20061200
3769,1762,1694,5282830,34155,3683015,20025100
3770,1772,1695,5281058,34232,3684710,20136500
3771,1693,1701,5279365,34224,3686411,21018700
3772,1747,1704,5277618,34267,3688115,21760400
3773,1721,1725,5275897,34263,3689840,21265400
3774,1692,1751,5274205,34204,3691591,20903800
3775,1720,1716,5272485,34208,3693307,21177100
3776,1712,1754,5270773,34166,3695061,21288900
3777,1713,1739,5269060,34140,3696800,21253900
3778,1665,1736,5267395,34069,3698536,21913000
3779,1717,1669,5265678,34117,3700205,22384400
3780,1699,1625,5263979,34191,3701830,21605400
3781,1743,1754,5262236,34180,3703584,22562500
3782,1749,1692,5260487,34237,3705276,22245000
3783,1774,1610,5258713,34401,3706886,20905200
3784,1738,1733,5256975,34406,3708619,21325100
3785,1740,1669,5255235,34477,3710288,21734900
3786,1746,1714,5253489,34509,3712002,22178200
3787,1730,1646,5251759,34593,3713648,22180400
3788,1714,1657,5250045,34650,3715305,22453600
3789,1748,1814,5248297,34584,3717119,22136700
3790,1646,1770,5246651,34460,3718889,21868200
3791,1750,1747,5244901,34463,3720636,22010500
3792,1693,1750,5243208,34406,3722386,21685400
3793,1768,1697,5241440,34477,3724083,20710300
3794,1755,1658,5239685,34574,3725741,22567500
3795,1684,1683,5238001,34575,3727424,21163000
3796,1712,1720,5236289,34567,3729144,23020500
3797,1706,1746,5234583,34527,3730890,22686500
3798,1686,1730,5232897,34483,3732620,21738400
3799,1715,1784,5231182,34414,3734404,21586400
3800,1686,1740,5229496,34360,3736144,20244800
3801,1657,1660,5227839,34357,3737804,21479700
3802,1692,1684,5226147,34365,3739488,21935100
3803,1717,1697,5224430,34385,3741185,20509700
3804,1659,1708,5222771,34336,3742893,20214800
3805,1682,1719,5221089,34299,3744612,21359600
3806,1675,1715,5219414,34259,3746327,21448600
3807,1712,1802,5217702,34169,3748129,19945500
3808,1693,1645,5216009,34217,3749774,20377100
3809,1774,1762,5214235,34229,3751536,21143900
3810,1692,1818,5212543,34103,3753354,20838300
3811,1661,1721,5210882,34043,3755075,20161700
3812,1657,1721,5209225,33979,3756796,21182100
3813,1702,1687,5207523,33994,3758483,19643300
3814,1659,1759,5205864,33894,3760242,19964900
3815,1717,1636,5204147,33975,3761878,19934800
3816,1744,1729,5202403,33990,3763607,19557400
3817,1748,1701,5200655,34037,3765308,20169000
3818,1672,1724,5198983,33985,3767032,19794000
3819,1735,1680,5197248,34040,3768712,20518800
3820,1730,1728,5195518,34042,3770440,20105000
3821,1708,1719,5193810,34031,3772159,20066700
3822,1720,1667,5192090,34084,3773826,19939500
3823,1736,1703,5190354,34117,3775529,19657200
3824,1786,1743,5188568,34160,3777272,20123300
3825,1758,1705,5186810,34213,3778977,20181800
3826,1708,1674,5185102,34247,3780651,20204800
3827,1723,1663,5183379,34307,3782314,20552200
3828,1777,1701,5181602,34383,3784015,19834600
3829,1755,1717,5179847,34421,3785732,19892900
3830,1819,1703,5178028,34537,3787435,20041300
3831,1829,1710,5176199,34656,3789145,20160900
3832,1760,1715,5174439,34701,3790860,19973100
3833,1675,1748,5172764,34628,3792608,19948500
3834,1777,1680,5170987,34725,3794288,20454400
3835,1796,1816,5169191,34705,3796104,20286300
3836,1772,1711,5167419,34766,3797815,20002400
3837,1727,1735,5165692,34758,3799550,19797600
3838,1719,1683,5163973,34794,3801233,19839800
3839,1716,1771,5162257,34739,3803004,19963800
3840,1758,1696,5160499,34801,3804700,19704900
3841,1735,1772,5158764,34764,3806472,19862100
3842,1739,1735,5157025,34768,3808207,19971400
3843,1821,1771,5155204,34818,3809978,20514200
3844,1770,1835,5153434,34753,3811813,20302800
3845,1824,1710,5151610,34867,3813523,20118300
3846,1775,1749,5149835,34893,3815272,20492300
3847,1849,1774,5147986,34968,3817046,19816500
3848,1734,1747,5146252,34955,3818793,20388700
3849,1753,1817,5144499,34891,3820610,20385600
3850,1741,1790,5142758,34842,3822400,19577400
3851,1722,1757,5141036,34807,3824157,19963200
3852,1715,1690,5139321,34832,3825847,21682200
3853,1784,1765,5137537,34851,3827612,20139700
3854,1767,1721,5135770,34897,3829333,20081500
3855,1733,1734,5134037,34896,3831067,20760100
3856,1759,1781,5132278,34874,3832848,19836000
3857,1764,1779,5130514,34859,3834627,19979800
3858,1701,1763,5128813,34797,3836390,20265400
3859,1779,1758,5127034,34818,3838148,19708300
3860,1729,1690,5125305,34857,3839838,20030800
3861,1695,1709,5123610,34843,3841547,20457400
3862,1749,1732,5121861,34860,3843279,20186700
3863,1673,1756,5120188,34777,3845035,20300200
3864,1685,1745,5118503,34717,3846780,21509300
3865,1668,1742,5116835,34643,3848522,21378900
3866,1724,1685,5115111,34682,3850207,21337700
3867,1679,1814,5113432,34547,3852021,20663600
3868,1680,1737,5111752,34490,3853758,20868000
3869,1696,1711,5110056,34475,3855469,21150200
3870,1689,1649,5108367,34515,3857118,20662600
3871,1775,1729,5106592,34561,3858847,20403000
3872,1760,1670,5104832,34651,3860517,20820700
3873,1764,1666,5103068,34749,3862183,20076000
3874,1741,1745,5101327,34745,3863928,20253600
3875,1777,1735,5099550,34787,3865663,20052500
3876,1684,1669,5097866,34802,3867332,19721600
3877,1719,1790,5096147,34731,3869122,21021700
3878,1651,1692,5094496,34690,3870814,20261300
3879,1778,1742,5092718,34726,3872556,19605300
3880,1777,1823,5090941,34680,3874379,19819600
3881,1720,1760,5089221,34640,3876139,20111300
3882,1735,1755,5087486,34620,3877894,19682600
3883,1743,1843,5085743,34520,3879737,19920900
3884,1685,1790,5084058,34415,3881527,19973700
3885,1712,1668,5082346,34459,3883195,20366200
3886,1678,1645,5080668,34492,3884840,19992100
3887,1754,1715,5078914,34531,3886555,20043000
3888,1735,1766,5077179,34500,3888321,20231100
3889,1712,1688,5075467,34524,3890009,19883900
3890,1726,1756,5073741,34494,3891765,19763500
3891,1724,1672,5072017,34546,3893437,20126400
3892,1760,1765,5070257,34541,3895202,19813400
3893,1772,1756,5068485,34557,3896958,19981500
3894,1795,1793,5066690,34559,3898751,20296900
3895,1705,1716,5064985,34548,3900467,20022700
3896,1686,1711,5063299,34523,3902178,19715700
3897,1654,1741,5061645,34436,3903919,19754000
3898,1733,1725,5059912,34444,3905644,19994400
3899,1685,1738,5058227,34391,3907382,20418400
3900,1724,1722,5056503,34393,3909104,19941500
3901,1772,1620,5054731,34545,3910724,20020800
3902,1709,1758,5053022,34496,3912482,20118800
3903,1742,1720,5051280,34518,3914202,20010600
3904,1758,1739,5049522,34537,3915941,20383400
3905,1719,1721,5047803,34535,3917662,19735900
3906,1694,1714,5046109,34515,3919376,20078600
3907,1705,1658,5044404,34562,3921034,19866000
3908,1785,1798,5042619,34549,3922832,20542000
3909,1756,1768,5040863,34537,3924600,20302500
3910,1778,1745,5039085,34570,3926345,20053200
3911,1722,1785,5037363,34507,3928130,19989100
3912,1700,1841,5035663,34366,3929971,20204800
3913,1711,1702,5033952,34375,3931673,20236000
3914,1710,1725,5032242,34360,3933398,19865200
3915,1695,1682,5030547,34373,3935080,19940900
3916,1730,1759,5028817,34344,3936839,20000500
3917,1719,1652,5027098,34411,3938491,19699100
3918,1665,1686,5025433,34390,3940177,20196400
3919,1720,1662,5023713,34448,3941839,21315100
3920,1770,1739,5021943,34479,3943578,21304100
3921,1710,1715,5020233,34474,3945293,20948600
3922,1681,1720,5018552,34435,3947013,20501500
3923,1643,1647,5016909,34431,3948660,20646500
3924,1686,1744,5015223,34373,3950404,20491900
3925,1714,1750,5013509,34337,3952154,21232700
3926,1739,1742,5011770,34334,3953896,38022300
3927,1767,1807,5010003,34294,3955703,21934500
3928,1721,1698,5008282,34317,3957401,21223300
3929,1689,1690,5006593,34316,3959091,21391000
3930,1736,1722,5004857,34330,3960813,21912000
3931,1747,1718,5003110,34359,3962531,20753200
3932,1706,1739,5001404,34326,3964270,20917600
3933,1727,1681,4999677,34372,3965951,21778500
3934,1720,1774,4997957,34318,3967725,20876500
3935,1734,1689,4996223,34363,3969414,20605100
3936,1782,1717,4994441,34428,3971131,20781900
3937,1748,1721,4992693,34455,3972852,21028400
3938,1736,1731,4990957,34460,3974583,20356700
3939,1660,1732,4989297,34388,3976315,20937000
3940,1723,1770,4987574,34341,3978085,20727700
3941,1725,1684,4985849,34382,3979769,20601400
3942,1731,1678,4984118,34435,3981447,21611100
3943,1792,1746,4982326,34481,3983193,21932500
3944,1787,1682,4980539,34586,3984875,20563900
3945,1686,1679,4978853,34593,3986554,20861400
3946,1696,1762,4977157,34527,3988316,21006600
3947,1716,1692,4975441,34551,3990008,21119200
3948,1693,1682,4973748,34562,3991690,21660600
3949,1692,1704,4972056,34550,3993394,20930700
3950,1703,1701,4970353,34552,3995095,21544600
3951,1757,1726,4968596,34583,3996821,21266400
3952,1733,1661,4966863,34655,3998482,21198000
3953,1699,1716,4965164,34638,4000198,20435200
3954,1714,1703,4963450,34649,4001901,20872400
3955,1743,1751,4961707,34641,4003652,21273500
3956,1775,1770,4959932,34646,4005422,21356700
3957,1761,1703,4958171,34704,4007125,20562000
3958,1668,1780,4956503,34592,4008905,20783400
3959,1707,1705,4954796,34594,4010610,21708200
3960,1744,1677,4953052,34661,4012287,20651500
3961,1649,1729,4951403,34581,4014016,21906300
3962,1710,1750,4949693,34541,4015766,20925500
3963,1713,1734,4947980,34520,4017500,20634200
3964,1756,1680,4946224,34596,4019180,19897900
3965,1801,1776,4944423,34621,4020956,20017400
3966,1713,1672,4942710,34662,4022628,20081500
3967,1796,1749,4940914,34709,4024377,20827200
3968,1725,1720,4939189,34714,4026097,20038000
3969,1740,1667,4937449,34787,4027764,20387500
3970,1745,1782,4935704,34750,4029546,20389900
3971,1822,1725,4933882,34847,4031271,20288100
3972,1796,1786,4932086,34857,4033057,21941000
3973,1833,1759,4930253,34931,4034816,21273100
3974,1770,1717,4928483,34984,4036533,20279300
3975,1782,1742,4926701,35024,4038275,20329700
3976,1740,1750,4924961,35014,4040025,20074200
3977,1808,1726,4923153,35096,4041751,20359300
3978,1756,1783,4921397,35069,4043534,20039200
3979,1844,1762,4919553,35151,4045296,19893900
3980,1761,1770,4917792,35142,4047066,20982100
3981,1725,1723,4916067,35144,4048789,20443800
3982,1765,1826,4914302,35083,4050615,20123200
3983,1799,1746,4912503,35136,4052361,20152400
3984,1876,1691,4910627,35321,4054052,20514300
3985,1746,1761,4908881,35306,4055813,20127300
3986,1723,1808,4907158,35221,4057621,20577200
3987,1725,1768,4905433,35178,4059389,20579300
3988,1724,1818,4903709,35084,4061207,20952000
3989,1705,1729,4902004,35060,4062936,20218900
3990,1773,1813,4900231,35020,4064749,21167200
3991,1787,1819,4898444,34988,4066568,20672600
3992,1732,1640,4896712,35080,4068208,20898700
3993,1718,1802,4894994,34996,4070010,20614900
3994,1733,1702,4893261,35027,4071712,20366300
3995,1681,1710,4891580,34998,4073422,20285300
3996,1809,1738,4889771,35069,4075160,21082600
3997,1724,1735,4888047,35058,4076895,21645300
3998,1739,1754,4886308,35043,4078649,21315300
3999,1705,1739,4884603,35009,4080388,20453900
4000,1726,1785,4882877,34950,4082173,20875700
4001,1786,1695,4881091,35041,4083868,20100700
4002,1774,1775,4879317,35040,4085643,20687400
4003,1825,1799,4877492,35066,4087442,20191600
4004,1720,1823,4875772,34963,4089265,20259900
4005,1700,1749,4874072,34914,4091014,20461900
4006,1771,1820,4872301,34865,4092834,20187600
4007,1733,1702,4870568,34896,4094536,20161000
4008,1773,1697,4868795,34972,4096233,20006300
4009,1720,1744,4867075,34948,4097977,20030900
4010,1734,1659,4865341,35023,4099636,21008600
4011,1771,1721,4863570,35073,4101357,22077400
4012,1669,1695,4861901,35047,4103052,22354200
4013,1737,1708,4860164,35076,4104760,21975500
4014,1784,1769,4858380,35091,4106529,21525700
4015,1729,1729,4856651,35091,4108258,20324100
4016,1718,1691,4854933,35118,4109949,20692100
4017,1743,1732,4853190,35129,4111681,19952600
4018,1739,1725,4851451,35143,4113406,20041700
4019,1726,1785,4849725,35084,4115191,20277100
4020,1768,1772,4847957,35080,4116963,20168500
4021,1754,1763,4846203,35071,4118726,20419000
4022,1695,1762,4844508,35004,4120488,20337300
4023,1684,1793,4842824,34895,4122281,20140600
4024,1792,1753,4841032,34934,4124034,19907200
4025,1700,1681,4839332,34953,4125715,20132300
4026,1780,1816,4837552,34917,4127531,20826500
4027,1729,1755,4835823,34891,4129286,20187100
4028,1743,1673,4834080,34961,4130959,20066100
4029,1745,1754,4832335,34952,4132713,20249600
4030,1783,1727,4830552,35008,4134440,20293200
4031,1782,1799,4828770,34991,4136239,20633600
4032,1750,1737,4827020,35004,4137976,20402700
4033,1691,1868,4825329,34827,4139844,20310600
4034,1724,1827,4823605,34724,4141671,20331900
4035,1679,1668,4821926,34735,4143339,21137500
4036,1773,1759,4820153,34749,4145098,21199300
4037,1769,1746,4818384,34772,4146844,20936200
4038,1745,1735,4816639,34782,4148579,20703300
4039,1769,1707,4814870,34844,4150286,20618800
4040,1792,1728,4813078,34908,4152014,20494100
4041,1832,1761,4811246,34979,4153775,20496800
4042,1809,1765,4809437,35023,4155540,20179900
4043,1732,1812,4807705,34943,4157352,20306000
4044,1731,1735,4805974,34939,4159087,19932600
4045,1725,1751,4804249,34913,4160838,20916300
4046,1748,1735,4802501,34926,4162573,20057400
4047,1749,1771,4800752,34904,4164344,20319200
4048,1813,1746,4798939,34971,4166090,23831700
4049,1735,1749,4797204,34957,4167839,23740000
4050,1660,1827,4795544,34790,4169666,22035300
4051,1781,1728,4793763,34843,4171394,20936300
4052,1778,1632,4791985,34989,4173026,20552900
4053,1732,1738,4790253,34983,4174764,20896900
4054,1676,1666,4788577,34993,4176430,20684700
4055,1750,1730,4786827,35013,4178160,20389700
4056,1776,1617,4785051,35172,4179777,20294600
4057,1783,1636,4783268,35319,4181413,20431100
4058,1794,1738,4781474,35375,4183151,20596700
4059,1773,1699,4779701,35449,4184850,20543400
4060,1801,1791,4777900,35459,4186641,20423400
4061,1796,1773,4776104,35482,4188414,20608700
4062,1809,1782,4774295,35509,4190196,20387100
4063,1779,1714,4772516,35574,4191910,19995700
4064,1741,1780,4770775,35535,4193690,20315600
4065,1837,1722,4768938,35650,4195412,20183200
4066,1830,1802,4767108,35678,4197214,20204900
4067,1800,1751,4765308,35727,4198965,19925400
4068,1872,1817,4763436,35782,4200782,20460300
4069,1773,1816,4761663,35739,4202598,20548400
4070,1810,1760,4759853,35789,4204358,20340500
4071,1807,1814,4758046,35782,4206172,20301400
4072,1831,1748,4756215,35865,4207920,20268500
4073,1777,1750,4754438,35892,4209670,20407900
4074,1764,1821,4752674,35835,4211491,20377200
4075,1790,1795,4750884,35830,4213286,20560700
4076,1761,1754,4749123,35837,4215040,20133600
4077,1767,1762,4747356,35842,4216802,20790100
4078,1796,1823,4745560,35815,4218625,21089900
4079,1846,1736,4743714,35925,4220361,20642000
4080,1798,1831,4741916,35892,4222192,21077600
4081,1875,1749,4740041,36018,4223941,20894000
4082,1825,1821,4738216,36022,4225762,20420200
4083,1771,1726,4736445,36067,4227488,21101200
4084,1654,1858,4734791,35863,4229346,20290500
4085,1795,1787,4732996,35871,4231133,20466800
4086,1826,1790,4731170,35907,4232923,20351700
4087,1832,1804,4729338,35935,4234727,20112400
4088,1801,1752,4727537,35984,4236479,20312900
4089,1751,1718,4725786,36017,4238197,20727200
4090,1731,1724,4724055,36024,4239921,20098500
4091,1879,1782,4722176,36121,4241703,20327700
4092,1767,1810,4720409,36078,4243513,19980700
4093,1786,1756,4718623,36108,4245269,20582400
4094,1808,1836,4716815,36080,4247105,20368500
4095,1831,1841,4714984,36070,4248946,20549200
4096,1826,1755,4713158,36141,4250701,20881200
4097,1819,1784,4711339,36176,4252485,21709300
4098,1842,1768,4709497,36250,4254253,21831600
4099,1761,1848,4707736,36163,4256101,21428900
4100,1772,1795,4705964,36140,4257896,20880700
4101,1813,1805,4704151,36148,4259701,20857300
4102,1725,1766,4702426,36107,4261467,20649500
4103,1826,1738,4700600,36195,4263205,21041900
4104,1865,1795,4698735,36265,4265000,20481200
4105,1799,1817,4696936,36247,4266817,20602400
4106,1856,1832,4695080,36271,4268649,20489600
4107,1816,1740,4693264,36347,4270389,20281200
4108,1848,1844,4691416,36351,4272233,21041700
4109,1774,1833,4689642,36292,4274066,20280800
4110,1826,1773,4687816,36345,4275839,20267300
4111,1849,1827,4685967,36367,4277666,20596900
4112,1769,1831,4684198,36305,4279497,21804400
4113,1839,1814,4682359,36330,4281311,21686200
4114,1763,1856,4680596,36237,4283167,22177200
4115,1747,1824,4678849,36160,4284991,21104100
4116,1742,1820,4677107,36082,4286811,22012500
4117,1719,1805,4675388,35996,4288616,22479100
4118,1742,1743,4673646,35995,4290359,22783500
4119,1801,1749,4671845,36047,4292108,21633900
4120,1733,1802,4670112,35978,4293910,20458200
4121,1761,1764,4668351,35975,4295674,20321200
4122,1768,1788,4666583,35955,4297462,20640800
4123,1812,1818,4664771,35949,4299280,20725200
4124,1727,1740,4663044,35936,4301020,20092800
4125,1701,1804,4661343,35833,4302824,20405100
4126,1713,1779,4659630,35767,4304603,20147200
4127,1726,1803,4657904,35690,4306406,20085100
4128,1786,1766,4656118,35710,4308172,19986600
4129,1804,1704,4654314,35810,4309876,20304800
4130,1750,1796,4652564,35764,4311672,20447000
4131,1720,1819,4650844,35665,4313491,20649700
4132,1724,1802,4649120,35587,4315293,20158200
4133,1662,1855,4647458,35394,4317148,20234400
4134,1752,1790,4645706,35356,4318938,20627600
4135,1691,1776,4644015,35271,4320714,20216900
4136,1697,1801,4642318,35167,4322515,20065200
4137,1708,1821,4640610,35054,4324336,20341000
4138,1729,1850,4638881,34933,4326186,20814100
4139,1666,1741,4637215,34858,4327927,20290300
4140,1774,1777,4635441,34855,4329704,20143900
4141,1747,1753,4633694,34849,4331457,20210200
4142,1680,1739,4632014,34790,4333196,21080200
4143,1730,1731,4630284,34789,4334927,20849400
4144,1771,1726,4628513,34834,4336653,20872300
4145,1684,1820,4626829,34698,4338473,20882300
4146,1730,1738,4625099,34690,4340211,19913900
4147,1682,1790,4623417,34582,4342001,20126400
4148,1764,1695,4621653,34651,4343696,20223200
4149,1708,1676,4619945,34683,4345372,20067700
4150,1709,1723,4618236,34669,4347095,20063600
4151,1785,1782,4616451,34672,4348877,20023700
4152,1828,1741,4614623,34759,4350618,20589300
4153,1729,1758,4612894,34730,4352376,20091300
4154,1768,1803,4611126,34695,4354179,20593500
4155,1773,1745,4609353,34723,4355924,19989500
4156,1820,1777,4607533,34766,4357701,20462000
4157,1839,1663,4605694,34942,4359364,20524800
4158,1773,1725,4603921,34990,4361089,20160100
4159,1781,1722,4602140,35049,4362811,20566300
4160,1792,1749,4600348,35092,4364560,20055700
4161,1796,1658,4598552,35230,4366218,20138600
4162,1786,1740,4596766,35276,4367958,19931000
4163,1744,1803,4595022,35217,4369761,20459000
4164,1759,1744,4593263,35232,4371505,20017300
4165,1809,1775,4591454,35266,4373280,20214500
4166,1814,1747,4589640,35333,4375027,20195400
4167,1791,1771,4587849,35353,4376798,20185100
4168,1818,1781,4586031,35390,4378579,20064000
4169,1781,1754,4584250,35417,4380333,34839800
4170,1834,1735,4582416,35516,4382068,20107900
4171,1754,1750,4580662,35520,4383818,20150100
4172,1790,1855,4578872,35455,4385673,20086000
4173,1786,1767,4577086,35474,4387440,20628200
4174,1720,1739,4575366,35455,4389179,20629100
4175,1771,1806,4573595,35420,4390985,20624600
4176,1728,1790,4571867,35358,4392775,20644900
4177,1821,1842,4570046,35337,4394617,20547000
4178,1739,1771,4568307,35305,4396388,20485900
4179,1756,1780,4566551,35281,4398168,20290200
4180,1751,1714,4564800,35318,4399882,20492200
4181,1719,1730,4563081,35307,4401612,20641100
4182,1777,1719,4561304,35365,4403331,20372600
4183,1717,1693,4559587,35389,4405024,20524500
4184,1702,1727,4557885,35364,4406751,20432900
4185,1741,1763,4556144,35342,4408514,20623400
4186,1763,1719,4554381,35386,4410233,20992300
4187,1775,1806,4552606,35355,4412039,20151200
4188,1838,1784,4550768,35409,4413823,20216600
4189,1709,1786,4549059,35332,4415609,20222400
4190,1761,1771,4547298,35322,4417380,20860800
4191,1713,1722,4545585,35313,4419102,20598000
4192,1777,1751,4543808,35339,4420853,22039100
4193,1662,1805,4542146,35196,4422658,19970900
4194,1756,1788,4540390,35164,4424446,20221000
4195,1764,1803,4538626,35125,4426249,20197100
4196,1771,1793,4536855,35103,4428042,20034300
4197,1729,1774,4535126,35058,4429816,20180600
4198,1725,1751,4533401,35032,4431567,20417600
4199,1767,1747,4531634,35052,4433314,20126600
4200,1758,1752,4529876,35058,4435066,20045700
4201,1766,1833,4528110,34991,4436899,20671400
4202,1782,1796,4526328,34977,4438695,20245100
4203,1811,1743,4524517,35045,4440438,20038100
4204,1765,1718,4522752,35092,4442156,20194200
4205,1770,1644,4520982,35218,4443800,20184400
4206,1835,1824,4519147,35229,4445624,21175000
4207,1810,1725,4517337,35314,4447349,20536000
4208,1774,1692,4515563,35396,4449041,20723200
4209,1731,1766,4513832,35361,4450807,20228000
4210,1799,1786,4512033,35374,4452593,20370900
4211,1751,1802,4510282,35323,4454395,19878200
4212,1766,1770,4508516,35319,4456165,20190000
4213,1754,1807,4506762,35266,4457972,20733500
4214,1786,1796,4504976,35256,4459768,20123700
4215,1766,1787,4503210,35235,4461555,19928200
4216,1728,1785,4501482,35178,4463340,20191300
4217,1780,1745,4499702,35213,4465085,19895600
4218,1748,1763,4497954,35198,4466848,20032000
4219,1789,1743,4496165,35244,4468591,21111900
4220,1799,1861,4494366,35182,4470452,20213500
4221,1743,1760,4492623,35165,4472212,20170900
4222,1756,1789,4490867,35132,4474001,20102000
4223,1779,1846,4489088,35065,4475847,20296300
4224,1685,1786,4487403,34964,4477633,20215200
4225,1714,1664,4485689,35014,4479297,20010800
4226,1730,1740,4483959,35004,4481037,20222600
4227,1659,1664,4482300,34999,4482701,20218100
4228,1764,1710,4480536,35053,4484411,19810000
4229,1737,1852,4478799,34938,4486263,20484600
4230,1796,1760,4477003,34974,4488023,20181000
4231,1782,1738,4475221,35018,4489761,20059500
4232,1708,1690,4473513,35036,4491451,19907500
4233,1762,1804,4471751,34994,4493255,21034500
4234,1775,1648,4469976,35121,4494903,20330000
4235,1825,1709,4468151,35237,4496612,20952800
4236,1755,1796,4466396,35196,4498408,20701500
4237,1777,1701,4464619,35272,4500109,20327700
4238,1844,1734,4462775,35382,4501843,20377200
4239,1781,1806,4460994,35357,4503649,20516600
4240,1827,1755,4459167,35429,4505404,20302700
4241,1794,1755,4457373,35468,4507159,21697700
4242,1783,1701,4455590,35550,4508860,20444000
4243,1651,1816,4453939,35385,4510676,20700400
4244,1755,1774,4452184,35366,4512450,20324900
4245,1791,1836,4450393,35321,4514286,20649300
4246,1738,1712,4448655,35347,4515998,20737600
4247,1730,1749,4446925,35328,4517747,20481400
4248,1702,1710,4445223,35320,4519457,19853100
4249,1749,1890,4443474,35179,4521347,20253500
4250,1815,1726,4441659,35268,4523073,20632900
4251,1773,1764,4439886,35277,4524837,20195200
4252,1767,1725,4438119,35319,4526562,20550700
4253,1778,1774,4436341,35323,4528336,19900700
4254,1767,1745,4434574,35345,4530081,19954600
4255,1688,1784,4432886,35249,4531865,20539200
4256,1807,1739,4431079,35317,4533604,20345800
4257,1787,1730,4429292,35374,4535334,20001800
4258,1736,1736,4427556,35374,4537070,20380600
4259,1774,1782,4425782,35366,4538852,20255600
4260,1728,1896,4424054,35198,4540748,19842500
4261,1794,1680,4422260,35312,4542428,20060100
4262,1793,1789,4420467,35316,4544217,20526200
4263,1868,1781,4418599,35403,4545998,19991100
4264,1763,1749,4416836,35417,4547747,20111000
4265,1837,1813,4414999,35441,4549560,20273100
4266,1750,1804,4413249,35387,4551364,20174500
4267,1808,1786,4411441,35409,4553150,19986000
4268,1795,1783,4409646,35421,4554933,20286800
4269,1776,1786,4407870,35411,4556719,20629700
4270,1824,1730,4406046,35505,4558449,20484400
4271,1740,1736,4404306,35509,4560185,20040400
4272,1802,1781,4402504,35530,4561966,20633800
4273,1806,1757,4400698,35579,4563723,20642400
4274,1782,1770,4398916,35591,4565493,20197900
4275,1782,1815,4397134,35558,4567308,20147900
4276,1793,1747,4395341,35604,4569055,20381300
4277,1817,1828,4393524,35593,4570883,20175600
4278,1801,1718,4391723,35676,4572601,20284000
4279,1849,1775,4389874,35750,4574376,20040000
4280,1821,1683,4388053,35888,4576059,20703600
4281,1818,1730,4386235,35976,4577789,20400300
4282,1896,1767,4384339,36105,4579556,20153900
4283,1849,1860,4382490,36094,4581416,20727300
4284,1889,1773,4380601,36210,4583189,20358200
4285,1771,1766,4378830,36215,4584955,20663900
4286,1763,1779,4377067,36199,4586734,19825400
4287,1777,1825,4375290,36151,4588559,20634300
4288,1815,1751,4373475,36215,4590310,20581200
4289,1814,1845,4371661,36184,4592155,20417000
4290,1757,1846,4369904,36095,4594001,20442200
4291,1807,1713,4368097,36189,4595714,21022000
4292,1875,1823,4366222,36241,4597537,20096900
4293,1852,1767,4364370,36326,4599304,20117700
4294,1865,1805,4362505,36386,4601109,20009400
4295,1811,1863,4360694,36334,4602972,20984100
4296,1901,1808,4358793,36427,4604780,20321100
4297,1809,1858,4356984,36378,4606638,20431900
4298,1825,1854,4355159,36349,4608492,20978800
4299,1754,1806,4353405,36297,4610298,20353300
4300,1857,1778,4351548,36376,4612076,20631600
4301,1800,1837,4349748,36339,4613913,20361200
4302,1830,1828,4347918,36341,4615741,20876900
4303,1814,1730,4346104,36425,4617471,20861400
4304,1806,1826,4344298,36405,4619297,20668700
4305,1814,1766,4342484,36453,4621063,20251100
4306,1823,1849,4340661,36427,4622912,20377300
4307,1803,1738,4338858,36492,4624650,20225700
4308,1819,1852,4337039,36459,4626502,21200800
4309,1855,1809,4335184,36505,4628311,20264800
4310,1810,1801,4333374,36514,4630112,20475100
4311,1819,1811,4331555,36522,4631923,20052500
4312,1799,1858,4329756,36463,4633781,20082000
4313,1810,1830,4327946,36443,4635611,20006000
4314,1795,1883,4326151,36355,4637494,20221000
4315,1778,1787,4324373,36346,4639281,19931700
4316,1839,1801,4322534,36384,4641082,20173200
4317,1786,1903,4320748,36267,4642985,20132200
4318,1789,1757,4318959,36299,4644742,20561300
4319,1798,1896,4317161,36201,4646638,20476800
4320,1753,1820,4315408,36134,4648458,20001500
4321,1841,1718,4313567,36257,4650176,20199100
4322,1769,1809,4311798,36217,4651985,19817000
4323,1809,1839,4309989,36187,4653824,20195500
4324,1807,1784,4308182,36210,4655608,20073000
4325,1863,1766,4306319,36307,4657374,20097600
4326,1825,1794,4304494,36338,4659168,20330600
4327,1800,1897,4302694,36241,4661065,20181600
4328,1806,1815,4300888,36232,4662880,20297100
4329,1760,1798,4299128,36194,4664678,20414000
4330,1805,1734,4297323,36265,4666412,19992900
4331,1796,1827,4295527,36234,4668239,20208900
4332,1780,1857,4293747,36157,4670096,20210900
4333,1821,1855,4291926,36123,4671951,20739900
4334,1754,1839,4290172,36038,4673790,20288600
4335,1787,1876,4288385,35949,4675666,20527500
4336,1810,1841,4286575,35918,4677507,20017700
4337,1783,1791,4284792,35910,4679298,21125700
4338,1753,1747,4283039,35916,4681045,20767700
4339,1752,1787,4281287,35881,4682832,21135400
4340,1730,1797,4279557,35814,4684629,20338700
4341,1768,1790,4277789,35792,4686419,20137100
4342,1812,1780,4275977,35824,4688199,20248100
4343,1859,1802,4274118,35881,4690001,20071200
4344,1825,1820,4272293,35886,4691821,20435100
4345,1834,1840,4270459,35880,4693661,20262500
4346,1742,1858,4268717,35764,4695519,19983800
4347,1802,1740,4266915,35826,4697259,20359500
4348,1756,1733,4265159,35849,4698992,20327000
4349,1835,1759,4263324,35925,4700751,20102900
4350,1819,1787,4261505,35957,4702538,20350300
4351,1777,1808,4259728,35926,4704346,19999100
4352,1826,1742,4257902,36010,4706088,20504900
4353,1815,1791,4256087,36034,4707879,20158800
4354,1860,1817,4254227,36077,4709696,20650300
4355,1812,1759,4252415,36130,4711455,20027900
4356,1870,1821,4250545,36179,4713276,20193200
4357,1828,1862,4248717,36145,4715138,20660400
4358,1821,1831,4246896,36135,4716969,20257300
4359,1810,1790,4245086,36155,4718759,20453300
4360,1783,1760,4243303,36178,4720519,20393800
4361,1872,1786,4241431,36264,4722305,21239100
4362,1759,1822,4239672,36201,4724127,20372100
4363,1747,1830,4237925,36118,4725957,21298300
4364,1812,1826,4236113,36104,4727783,20313200
4365,1808,1810,4234305,36102,4729593,20342900
4366,1786,1797,4232519,36091,4731390,20159300
4367,1785,1815,4230734,36061,4733205,20676900
4368,1813,1742,4228921,36132,4734947,20353500
4369,1748,1856,4227173,36024,4736803,20463200
4370,1764,1859,4225409,35929,4738662,20405200
4371,1809,1776,4223600,35962,4740438,20585100
4372,1694,1750,4221906,35906,4742188,19832900
4373,1784,1803,4220122,35887,4743991,21084700
4374,1745,1870,4218377,35762,4745861,20606000
4375,1847,1863,4216530,35746,4747724,20106000
4376,1754,1766,4214776,35734,4749490,20233300
4377,1745,1783,4213031,35696,4751273,20299400
4378,1772,1792,4211259,35676,4753065,20063800
4379,1796,1739,4209463,35733,4754804,20426900
4380,1855,1777,4207608,35811,4756581,20679200
4381,1731,1833,4205877,35709,4758414,20095800
4382,1792,1748,4204085,35753,4760162,20492400
4383,1741,1732,4202344,35762,4761894,20636700
4384,1780,1817,4200564,35725,4763711,20136200
4385,1846,1695,4198718,35876,4765406,20703200
4386,1867,1814,4196851,35929,4767220,20828500
4387,1847,1847,4195004,35929,4769067,20784900
4388,1798,1850,4193206,35877,4770917,20147600
4389,1828,1778,4191378,35927,4772695,20098100
4390,1793,1754,4189585,35966,4774449,20459500
4391,1760,1850,4187825,35876,4776299,19864700
4392,1748,1756,4186077,35868,4778055,20458900
4393,1746,1810,4184331,35804,4779865,20449900
4394,1818,1786,4182513,35836,4781651,20241500
4395,1766,1842,4180747,35760,4783493,20155100
4396,1758,1768,4178989,35750,4785261,21233800
4397,1836,1819,4177153,35767,4787080,20049900
4398,1843,1782,4175310,35828,4788862,20416400
4399,1785,1802,4173525,35811,4790664,20659600
4400,1790,1765,4171735,35836,4792429,20342600
4401,1764,1786,4169971,35814,4794215,20517000
4402,1773,1868,4168198,35719,4796083,20974500
4403,1838,1746,4166360,35811,4797829,20195100
4404,1775,1741,4164585,35845,4799570,19860200
4405,1853,1817,4162732,35881,4801387,19945500
4406,1856,1736,4160876,36001,4803123,36065100
4407,1837,1849,4159039,35989,4804972,20077600
4408,1865,1778,4157174,36076,4806750,20547800
4409,1804,1784,4155370,36096,4808534,20576200
4410,1796,1835,4153574,36057,4810369,20210000
4411,1825,1865,4151749,36017,4812234,20030600
4412,1751,1790,4149998,35978,4814024,20431400
4413,1790,1784,4148208,35984,4815808,20081000
4414,1770,1729,4146438,36025,4817537,20277600
4415,1776,1771,4144662,36030,4819308,21198100
4416,1672,1867,4142990,35835,4821175,20005900
4417,1789,1786,4141201,35838,4822961,20042400
4418,1830,1839,4139371,35829,4824800,21276300
4419,1880,1793,4137491,35916,4826593,20062800
4420,1860,1845,4135631,35931,4828438,20546700
4421,1895,1821,4133736,36005,4830259,20965000
4422,1770,1870,4131966,35905,4832129,21056600
4423,1870,1802,4130096,35973,4833931,20542000
4424,1809,1878,4128287,35904,4835809,20396600
4425,1819,1771,4126468,35952,4837580,20390400
4426,1761,1879,4124707,35834,4839459,20286300
4427,1774,1737,4122933,35871,4841196,20822900
4428,1851,1821,4121082,35901,4843017,21018600
4429,1768,1759,4119314,35910,4844776,20842700
4430,1821,1819,4117493,35912,4846595,20495900
4431,1753,1838,4115740,35827,4848433,20757200
4432,1864,1798,4113876,35893,4850231,21898000
4433,1779,1831,4112097,35841,4852062,19990400
4434,1820,1825,4110277,35836,4853887,21079400
4435,1688,1800,4108589,35724,4855687,20233700
4436,1754,1748,4106835,35730,4857435,21226400
4437,1734,1760,4105101,35704,4859195,20750900
4438,1800,1804,4103301,35700,4860999,20300900
4439,1764,1804,4101537,35660,4862803,20626800
4440,1728,1751,4099809,35637,4864554,19969200
4441,1713,1864,4098096,35486,4866418,20846000
4442,1730,1731,4096366,35485,4868149,20134500
4443,1741,1874,4094625,35352,4870023,20159500
4444,1773,1811,4092852,35314,4871834,20377000
4445,1768,1749,4091084,35333,4873583,19979600
4446,1820,1805,4089264,35348,4875388,20078800
4447,1792,1739,4087472,35401,4877127,20022900
4448,1796,1740,4085676,35457,4878867,20316300
4449,1752,1729,4083924,35480,4880596,20100600
4450,1802,1840,4082122,35442,4882436,20239100
4451,1837,1805,4080285,35474,4884241,20589100
4452,1874,1781,4078411,35567,4886022,20218800
4453,1849,1761,4076562,35655,4887783,20053600
4454,1879,1767,4074683,35767,4889550,20821800
4455,1821,1824,4072862,35764,4891374,20966500
4456,1776,1831,4071086,35709,4893205,20011600
4457,1885,1797,4069201,35797,4895002,20181100
4458,1850,1761,4067351,35886,4896763,19963600
4459,1818,1881,4065533,35823,4898644,20459600
4460,1868,1748,4063665,35943,4900392,20004700
4461,1825,1806,4061840,35962,4902198,20211600
4462,1823,1799,4060017,35986,4903997,20365300
4463,1884,1771,4058133,36099,4905768,20478900
4464,1835,1804,4056298,36130,4907572,20627800
4465,1842,1806,4054456,36166,4909378,20459300
4466,1892,1800,4052564,36258,4911178,20076400
4467,1816,1836,4050748,36238,4913014,20896600
4468,1861,1769,4048887,36330,4914783,20155000
4469,1862,1887,4047025,36305,4916670,20549100
4470,1843,1855,4045182,36293,4918525,20208500
4471,1864,1837,4043318,36320,4920362,20279100
4472,1837,1821,4041481,36336,4922183,20602900
4473,1858,1822,4039623,36372,4924005,20110900
4474,1847,1851,4037776,36368,4925856,19945800
4475,1808,1773,4035968,36403,4927629,20481800
4476,1764,1837,4034204,36330,4929466,20107300
4477,1870,1794,4032334,36406,4931260,20466900
4478,1847,1821,4030487,36432,4933081,20393700
4479,1816,1842,4028671,36406,4934923,20095600
4480,1798,1781,4026873,36423,4936704,20424200
4481,1843,1855,4025030,36411,4938559,20348500
4482,1835,1775,4023195,36471,4940334,20355500
4483,1806,1848,4021389,36429,4942182,22112600
4484,1819,1802,4019570,36446,4943984,20558200
4485,1881,1753,4017689,36574,4945737,21289000
4486,1826,1843,4015863,36557,4947580,20571500
4487,1823,1826,4014040,36554,4949406,20368600
4488,1815,1766,4012225,36603,4951172,20661500
4489,1798,1886,4010427,36515,4953058,20923500
4490,1810,1860,4008617,36465,4954918,20616000
4491,1860,1851,4006757,36474,4956769,20608600
4492,1814,1827,4004943,36461,4958596,20427900
4493,1867,1784,4003076,36544,4960380,20568600
4494,1813,1794,4001263,36563,4962174,21313000
4495,1824,1866,3999439,36521,4964040,20621400
4496,1841,1793,3997598,36569,4965833,20196800
4497,1809,1800,3995789,36578,4967633,20411900
4498,1901,1907,3993888,36572,4969540,20438600
4499,1840,1805,3992048,36607,4971345,20405900
4500,1805,1808,3990243,36604,4973153,20254100
4501,1747,1799,3988496,36552,4974952,20265300
4502,1818,1876,3986678,36494,4976828,20516500
4503,1808,1868,3984870,36434,4978696,20396900
4504,1871,1791,3982999,36514,4980487,20691500
4505,1797,1787,3981202,36524,4982274,20155000
4506,1792,1887,3979410,36429,4984161,20361000
4507,1892,1874,3977518,36447,4986035,20492300
4508,1788,1857,3975730,36378,4987892,20583400
4509,1789,1779,3973941,36388,4989671,20096900
4510,1836,1830,3972105,36394,4991501,20115600
4511,1844,1838,3970261,36400,4993339,20320500
4512,1765,1861,3968496,36304,4995200,20425400
4513,1802,1813,3966694,36293,4997013,20411900
4514,1748,1898,3964946,36143,4998911,20415900
4515,1745,1809,3963201,36079,5000720,20218100
4516,1744,1763,3961457,36060,5002483,20402700
4517,1748,1803,3959709,36005,5004286,20697400
4518,1753,1755,3957956,36003,5006041,20055700
4519,1739,1811,3956217,35931,5007852,20212300
4520,1827,1851,3954390,35907,5009703,20519300
4521,1825,1799,3952565,35933,5011502,20519400
4522,1763,1847,3950802,35849,5013349,20082700
4523,1814,1793,3948988,35870,5015142,20435400
4524,1770,1798,3947218,35842,5016940,20365200
4525,1821,1749,3945397,35914,5018689,20788200
4526,1791,1777,3943606,35928,5020466,20490600
4527,1764,1846,3941842,35846,5022312,20236100
4528,1813,1806,3940029,35853,5024118,20643400
4529,1759,1801,3938270,35811,5025919,20485800
4530,1797,1854,3936473,35754,5027773,20952000
4531,1770,1795,3934703,35729,5029568,20142000
4532,1796,1774,3932907,35751,5031342,20466500
4533,1756,1776,3931151,35731,5033118,20381000
4534,1823,1795,3929328,35759,5034913,20213400
4535,1801,1814,3927527,35746,5036727,20358300
4536,1874,1797,3925653,35823,5038524,20016100
4537,1789,1826,3923864,35786,5040350,21036600
4538,1774,1843,3922090,35717,5042193,20389800
4539,1789,1786,3920301,35720,5043979,20012000
4540,1883,1771,3918418,35832,5045750,20537800
4541,1746,1748,3916672,35830,5047498,20154100
4542,1894,1796,3914778,35928,5049294,20543600
4543,1872,1811,3912906,35989,5051105,20418300
4544,1822,1854,3911084,35957,5052959,20213300
4545,1767,1764,3909317,35960,5054723,20908700
4546,1819,1829,3907498,35950,5056552,21010200
4547,1812,1780,3905686,35982,5058332,20889800
4548,1906,1793,3903780,36095,5060125,20323100
4549,1885,1769,3901895,36211,5061894,20478800
4550,1883,1773,3900012,36321,5063667,20357800
4551,1850,1804,3898162,36367,5065471,20384200
4552,1900,1819,3896262,36448,5067290,20997200
4553,1904,1776,3894358,36576,5069066,20492600
4554,1852,1819,3892506,36609,5070885,20465400
4555,1768,1850,3890738,36527,5072735,20527900
4556,1786,1856,3888952,36457,5074591,21175000
4557,1820,1839,3887132,36438,5076430,20662900
4558,1871,1775,3885261,36534,5078205,20533600
4559,1773,1798,3883488,36509,5080003,20473100
4560,1827,1838,3881661,36498,5081841,19981300
4561,1773,1813,3879888,36458,5083654,20409300
4562,1815,1803,3878073,36470,5085457,20051000
4563,1835,1834,3876238,36471,5087291,20089800
4564,1872,1829,3874366,36514,5089120,20370700
4565,1812,1855,3872554,36471,5090975,20344300
4566,1799,1805,3870755,36465,5092780,20112700
4567,1860,1797,3868895,36528,5094577,20311500
4568,1786,1914,3867109,36400,5096491,20969700
4569,1890,1901,3865219,36389,5098392,20561600
4570,1886,1798,3863333,36477,5100190,19971600
4571,1815,1784,3861518,36508,5101974,20191400
4572,1886,1790,3859632,36604,5103764,20125200
4573,1887,1824,3857745,36667,5105588,20476900
4574,1860,1803,3855885,36724,5107391,20242900
4575,1884,1876,3854001,36732,5109267,20669800
4576,1855,1766,3852146,36821,5111033,20333600
4577,1839,1876,3850307,36784,5112909,20329000
4578,1820,1815,3848487,36789,5114724,20348600
4579,1793,1770,3846694,36812,5116494,20349700
4580,1883,1816,3844811,36879,5118310,20578200
4581,1807,1886,3843004,36800,5120196,20603000
4582,1870,1851,3841134,36819,5122047,21380800
4583,1834,1838,3839300,36815,5123885,20457200
4584,1818,1861,3837482,36772,5125746,20631900
4585,1801,1801,3835681,36772,5127547,20262000
4586,1858,1746,3833823,36884,5129293,20181000
4587,1828,1796,3831995,36916,5131089,20065900
4588,1866,1880,3830129,36902,5132969,20083900
4589,1905,1824,3828224,36983,5134793,20121800
4590,1779,1839,3826445,36923,5136632,20100000
4591,1816,1844,3824629,36895,5138476,20158200
4592,1849,1841,3822780,36903,5140317,20329600
4593,1876,1934,3820904,36845,5142251,20074400
4594,1845,1842,3819059,36848,5144093,20576500
4595,1812,1830,3817247,36830,5145923,19969400
4596,1902,1830,3815345,36902,5147753,20168400
4597,1792,1858,3813553,36836,5149611,20655100
4598,1862,1761,3811691,36937,5151372,20214900
4599,1860,1923,3809831,36874,5153295,20075000
4600,1814,1852,3808017,36836,5155147,20349200
4601,1837,1753,3806180,36920,5156900,20223900
4602,1882,1871,3804298,36931,5158771,20303900
4603,1800,1848,3802498,36883,5160619,20160300
4604,1830,1865,3800668,36848,5162484,20369700
4605,1867,1812,3798801,36903,5164296,20325000
4606,1907,1873,3796894,36937,5166169,20347600
4607,1839,1917,3795055,36859,5168086,20301200
4608,1876,1792,3793179,36943,5169878,20288700
4609,1885,1843,3791294,36985,5171721,20665600
4610,1844,1837,3789450,36992,5173558,20589200
4611,1846,1840,3787604,36998,5175398,20688200
4612,1920,1789,3785684,37129,5177187,20807400
4613,1854,1860,3783830,37123,5179047,20359200
4614,1918,1842,3781912,37199,5180889,20863400
4615,1868,1867,3780044,37200,5182756,20725500
4616,1780,1906,3778264,37074,5184662,20672900
4617,1850,1849,3776414,37075,5186511,20460600
4618,1813,1786,3774601,37102,5188297,20435500
4619,1875,1828,3772726,37149,5190125,20554800
4620,1805,1925,3770921,37029,5192050,20624300
4621,1844,1887,3769077,36986,5193937,20218800
4622,1783,1826,3767294,36943,5195763,20147100
4623,1848,1804,3765446,36987,5197567,20482700
4624,1884,1844,3763562,37027,5199411,20159800
4625,1915,1877,3761647,37065,5201288,20179700
4626,1813,1827,3759834,37051,5203115,19987300
4627,1979,1897,3757855,37133,5205012,20670600
4628,1843,1899,3756012,37077,5206911,20343300
4629,1832,1890,3754180,37019,5208801,20626200
4630,1856,1906,3752324,36969,5210707,20656500
4631,1859,1813,3750465,37015,5212520,20397300
4632,1926,1871,3748539,37070,5214391,20394100
4633,1814,1912,3746725,36972,5216303,36185400
4634,1891,1803,3744834,37060,5218106,20006100
4635,1873,1838,3742961,37095,5219944,20058300
4636,1813,1865,3741148,37043,5221809,20268000
4637,1847,1863,3739301,37027,5223672,19974400
4638,1818,1895,3737483,36950,5225567,19931900
4639,1761,1806,3735722,36905,5227373,20891300
4640,1842,1796,3733880,36951,5229169,20679400
4641,1887,1760,3731993,37078,5230929,20338200
4642,1845,1933,3730148,36990,5232862,20552900
4643,1809,1849,3728339,36950,5234711,19790600
4644,1872,1870,3726467,36952,5236581,21117000
4645,1903,1813,3724564,37042,5238394,20342700
4646,1814,1894,3722750,36962,5240288,20214900
4647,1881,1809,3720869,37034,5242097,20109700
4648,1963,1851,3718906,37146,5243948,20113200
4649,1890,1887,3717016,37149,5245835,20369400
4650,1911,1853,3715105,37207,5247688,20031600
4651,1918,1853,3713187,37272,5249541,20763300
4652,1879,1859,3711308,37292,5251400,20059900
4653,1832,1882,3709476,37242,5253282,20203800
4654,1935,1911,3707541,37266,5255193,20167200
4655,1900,1818,3705641,37348,5257011,20028300
4656,1937,1839,3703704,37446,5258850,20106500
4657,1843,1881,3701861,37408,5260731,19991000
4658,1919,1908,3699942,37419,5262639,19972800
4659,1835,1827,3698107,37427,5264466,20120600
4660,1874,1869,3696233,37432,5266335,19953200
4661,1845,1855,3694388,37422,5268190,19997000
4662,1806,1893,3692582,37335,5270083,20201400
4663,1830,1926,3690752,37239,5272009,20391600
4664,1920,1917,3688832,37242,5273926,20268500
4665,1852,1903,3686980,37191,5275829,20154500
4666,1866,1781,3685114,37276,5277610,20378700
4667,1855,1899,3683259,37232,5279509,20223100
4668,1840,1821,3681419,37251,5281330,20166300
4669,1841,1795,3679578,37297,5283125,20127400
4670,1858,1879,3677720,37276,5285004,20162000
4671,1855,1851,3675865,37280,5286855,20309600
4672,1861,1899,3674004,37242,5288754,20550300
4673,1798,1910,3672206,37130,5290664,20576300
4674,1828,1916,3670378,37042,5292580,20322400
4675,1797,1801,3668581,37038,5294381,21040200
4676,1759,1841,3666822,36956,5296222,20304400
4677,1823,1845,3664999,36934,5298067,21191600
4678,1835,1897,3663164,36872,5299964,21278700
4679,1763,1803,3661401,36832,5301767,21085700
4680,1822,1954,3659579,36700,5303721,20837100
4681,1800,1826,3657779,36674,5305547,20837300
4682,1812,1779,3655967,36707,5307326,20615000
4683,1822,1799,3654145,36730,5309125,20629000
4684,1872,1828,3652273,36774,5310953,20188100
4685,1866,1897,3650407,36743,5312850,20288600
4686,1883,1916,3648524,36710,5314766,20455800
4687,1886,1869,3646638,36727,5316635,19934600
4688,1899,1861,3644739,36765,5318496,20118600
4689,1869,1826,3642870,36808,5320322,20086600
4690,1900,1840,3640970,36868,5322162,20506800
4691,1872,1848,3639098,36892,5324010,20253100
4692,1906,1796,3637192,37002,5325806,20118600
4693,1861,1868,3635331,36995,5327674,20689300
4694,1860,1860,3633471,36995,5329534,20241900
4695,1913,1839,3631558,37069,5331373,20317000
4696,1874,1867,3629684,37076,5333240,20196000
4697,1857,1823,3627827,37110,5335063,20099700
4698,1896,1928,3625931,37078,5336991,20690900
4699,1841,1845,3624090,37074,5338836,20345900
4700,1947,1847,3622143,37174,5340683,20221800
4701,1869,1892,3620274,37151,5342575,20644700
4702,1873,1875,3618401,37149,5344450,20090300
4703,1895,1800,3616506,37244,5346250,20331700
4704,1876,1871,3614630,37249,5348121,20287700
4705,1889,1934,3612741,37204,5350055,20150500
4706,1917,1862,3610824,37259,5351917,20054100
4707,1879,1892,3608945,37246,5353809,20152600
4708,1904,1837,3607041,37313,5355646,20567500
4709,1937,1895,3605104,37355,5357541,20248200
4710,1807,1856,3603297,37306,5359397,19903200
4711,1861,1845,3601436,37322,5361242,21154000
4712,1892,1861,3599544,37353,5363103,20013800
4713,1840,1832,3597704,37361,5364935,20101500
4714,1880,1802,3595824,37439,5366737,20199500
4715,1818,1888,3594006,37369,5368625,20644700
4716,1898,1887,3592108,37380,5370512,20381100
4717,1829,1962,3590279,37247,5372474,20122200
4718,1909,1881,3588370,37275,5374355,20330500
4719,1880,1893,3586490,37262,5376248,20116400
4720,1909,1833,3584581,37338,5378081,20062700
4721,1839,1817,3582742,37360,5379898,20819600
4722,1852,1833,3580890,37379,5381731,19996300
4723,1836,1879,3579054,37336,5383610,20311900
4724,1847,1856,3577207,37327,5385466,20168500
4725,1839,1892,3575368,37274,5387358,20018300
4726,1747,1929,3573621,37092,5389287,20602500
4727,1832,1847,3571789,37077,5391134,21129700
4728,1733,1933,3570056,36877,5393067,20539600
4729,1932,1899,3568124,36910,5394966,20276200
4730,1801,1871,3566323,36840,5396837,21051300
4731,1816,1836,3564507,36820,5398673,20427900
4732,1773,1880,3562734,36713,5400553,20674300
4733,1753,1843,3560981,36623,5402396,20450300
4734,1853,1859,3559128,36617,5404255,20530800
4735,1831,1867,3557297,36581,5406122,20686300
4736,1849,1811,3555448,36619,5407933,20555300
4737,1841,1846,3553607,36614,5409779,20395900
4738,1872,1787,3551735,36699,5411566,20719100
4739,1877,1820,3549858,36756,5413386,20399900
4740,1842,1843,3548016,36755,5415229,20485600
4741,1842,1795,3546174,36802,5417024,20494600
4742,1862,1909,3544312,36755,5418933,20589700
4743,1827,1843,3542485,36739,5420776,20744500
4744,1818,1875,3540667,36682,5422651,20679000
4745,1841,1845,3538826,36678,5424496,20318600
4746,1885,1797,3536941,36766,5426293,20135600
4747,1850,1848,3535091,36768,5428141,20176900
4748,1847,1840,3533244,36775,5429981,20530300
4749,1817,1853,3531427,36739,5431834,20013900
4750,1913,1846,3529514,36806,5433680,20035600
4751,1957,1824,3527557,36939,5435504,20303600
4752,1909,1903,3525648,36945,5437407,20084700
4753,1897,1779,3523751,37063,5439186,19959200
4754,1925,1828,3521826,37160,5441014,20022500
4755,1863,1834,3519963,37189,5442848,20124600
4756,1865,1852,3518098,37202,5444700,20224100
4757,1949,1868,3516149,37283,5446568,20729000
4758,1803,1881,3514346,37205,5448449,20737800
4759,1872,1899,3512474,37178,5450348,20084600
4760,1892,1840,3510582,37230,5452188,20604100
4761,1841,1808,3508741,37263,5453996,20527600
4762,1882,1950,3506859,37195,5455946,20390500
4763,1886,1833,3504973,37248,5457779,20525700
4764,1882,1950,3503091,37180,5459729,20498500
4765,1913,1874,3501178,37219,5461603,20230400
4766,1891,1814,3499287,37296,5463417,19984500
4767,1901,1899,3497386,37298,5465316,20023200
4768,1851,1875,3495535,37274,5467191,20360100
4769,1959,1806,3493576,37427,5468997,20104700
4770,2004,1843,3491572,37588,5470840,20290000
4771,1912,1840,3489660,37660,5472680,20300900
4772,1887,1839,3487773,37708,5474519,20248600
4773,1916,1849,3485857,37775,5476368,20391500
4774,1948,1860,3483909,37863,5478228,20617800
4775,1999,1869,3481910,37993,5480097,20299100
4776,1836,1880,3480074,37949,5481977,21443800
4777,1859,1939,3478215,37869,5483916,20931200
4778,1918,1903,3476297,37884,5485819,20643000
4779,1845,1903,3474452,37826,5487722,20517700
4780,1834,1892,3472618,37768,5489614,20317300
4781,1863,1811,3470755,37820,5491425,21167200
4782,1862,1900,3468893,37782,5493325,20271700
4783,1932,1897,3466961,37817,5495222,20593300
4784,1899,1947,3465062,37769,5497169,20472800
4785,1969,1897,3463093,37841,5499066,20479600
4786,1907,1816,3461186,37932,5500882,20437300
4787,1926,1950,3459260,37908,5502832,20079600
4788,2048,1861,3457212,38095,5504693,20156000
4789,1911,1844,3455301,38162,5506537,20497400
4790,1945,1807,3453356,38300,5508344,20246800
4791,1892,1899,3451464,38293,5510243,20609000
4792,1978,1857,3449486,38414,5512100,20580200
4793,1973,1881,3447513,38506,5513981,19933400
4794,1857,1958,3445656,38405,5515939,20469200
4795,1913,1919,3443743,38399,5517858,20389500
4796,1900,1867,3441843,38432,5519725,20549100
4797,1982,1919,3439861,38495,5521644,20387600
4798,1935,1931,3437926,38499,5523575,20401000
4799,1910,1885,3436016,38524,5525460,20671000
4800,1893,1916,3434123,38501,5527376,20826200
4801,1858,1876,3432265,38483,5529252,21720700
4802,1920,1899,3430345,38504,5531151,21372300
4803,1845,1921,3428500,38428,5533072,20480100
4804,1944,1915,3426556,38457,5534987,20766400
4805,1845,1920,3424711,38382,5536907,20773800
4806,1836,1964,3422875,38254,5538871,20354900
4807,1889,1880,3420986,38263,5540751,20144200
4808,1935,1904,3419051,38294,5542655,20138700
4809,1889,1908,3417162,38275,5544563,20548800
4810,1820,1970,3415342,38125,5546533,20153200
4811,1904,1838,3413438,38191,5548371,20417600
4812,1880,1887,3411558,38184,5550258,20532700
4813,1903,1835,3409655,38252,5552093,20148100
4814,1868,1945,3407787,38175,5554038,20691700
4815,1927,1839,3405860,38263,5555877,20095000
4816,1946,1878,3403914,38331,5557755,20047600
4817,1913,1969,3402001,38275,5559724,20419700
4818,1910,1865,3400091,38320,5561589,20376800
4819,1872,1924,3398219,38268,5563513,20957700
4820,1882,1871,3396337,38279,5565384,20529800
4821,1905,1846,3394432,38338,5567230,20315000
4822,1934,1885,3392498,38387,5569115,20404000
4823,1935,1934,3390563,38388,5571049,20032100
4824,1904,1909,3388659,38383,5572958,20893100
4825,1989,1943,3386670,38429,5574901,21492800
4826,1893,1899,3384777,38423,5576800,20669000
4827,1918,1870,3382859,38471,5578670,20184600
4828,1858,1898,3381001,38431,5580568,20431600
4829,1891,1910,3379110,38412,5582478,20053000
4830,1824,1882,3377286,38354,5584360,20344800
4831,1869,1927,3375417,38296,5586287,20263000
4832,1867,1954,3373550,38209,5588241,20358300
4833,1948,1944,3371602,38213,5590185,20373600
4834,1927,1899,3369675,38241,5592084,20699700
4835,1843,1962,3367832,38122,5594046,20569400
4836,1901,1815,3365931,38208,5595861,20261100
4837,1963,1895,3363968,38276,5597756,20673300
4838,1940,1898,3362028,38318,5599654,20253400
4839,1909,1909,3360119,38318,5601563,20196400
4840,1901,1876,3358218,38343,5603439,20639200
4841,1955,1943,3356263,38355,5605382,20642200
4842,1877,1942,3354386,38290,5607324,20908200
4843,1864,1941,3352522,38213,5609265,20515200
4844,1949,1873,3350573,38289,5611138,20047000
4845,1911,1923,3348662,38277,5613061,20584100
4846,1954,1920,3346708,38311,5614981,20804000
4847,1882,1906,3344826,38287,5616887,35273400
4848,1898,1963,3342928,38222,5618850,20080700
4849,1901,1876,3341027,38247,5620726,20342900
4850,1873,1916,3339154,38204,5622642,20264800
4851,1988,1948,3337166,38244,5624590,20740900
4852,1854,1913,3335312,38185,5626503,20175300
4853,1926,1805,3333386,38306,5628308,20658800
4854,1958,1893,3331428,38371,5630201,20635600
4855,1936,1983,3329492,38324,5632184,20576900
4856,1968,1856,3327524,38436,5634040,20750900
4857,1908,1887,3325616,38457,5635927,20931200
4858,1953,1934,3323663,38476,5637861,21109000
4859,1912,1933,3321751,38455,5639794,21138400
4860,1899,1907,3319852,38447,5641701,20728200
4861,1876,1901,3317976,38422,5643602,20797500
4862,1948,1948,3316028,38422,5645550,21151000
4863,1928,1958,3314100,38392,5647508,21109900
4864,1932,1921,3312168,38403,5649429,20827200
4865,1886,1857,3310282,38432,5651286,20650700
4866,1959,1919,3308323,38472,5653205,21696700
4867,1913,1945,3306410,38440,5655150,21145500
4868,1914,1945,3304496,38409,5657095,20138400
4869,1966,1955,3302530,38420,5659050,20197400
4870,1872,1955,3300658,38337,5661005,20112200
4871,1914,1953,3298744,38298,5662958,20741800
4872,1890,1925,3296854,38263,5664883,21408700
4873,1949,1903,3294905,38309,5666786,20660600
4874,1842,1865,3293063,38286,5668651,20973700
4875,1861,1920,3291202,38227,5670571,22168900
4876,1978,1891,3289224,38314,5672462,20991400
4877,1832,1993,3287392,38153,5674455,20300000
4878,1879,1885,3285513,38147,5676340,20605600
4879,1913,1947,3283600,38113,5678287,20257900
4880,1941,1872,3281659,38182,5680159,20268400
4881,1916,1959,3279743,38139,5682118,21518100
4882,1939,1917,3277804,38161,5684035,22290000
4883,1894,1876,3275910,38179,5685911,21576300
4884,1972,1923,3273938,38228,5687834,21155800
4885,1956,1857,3271982,38327,5689691,21669900
4886,1874,1886,3270108,38315,5691577,21367900
4887,1940,1906,3268168,38349,5693483,22519800
4888,1876,1955,3266292,38270,5695438,21615000
4889,1855,2010,3264437,38115,5697448,21733200
4890,1882,1905,3262555,38092,5699353,21657500
4891,1902,1964,3260653,38030,5701317,22014300
4892,1857,1905,3258796,37982,5703222,21930900
4893,1903,1877,3256893,38008,5705099,21980500
4894,1871,1909,3255022,37970,5707008,22369500
4895,1833,1951,3253189,37852,5708959,21644500
4896,1887,1846,3251302,37893,5710805,20512200
4897,1953,1924,3249349,37922,5712729,20412100
4898,1830,1821,3247519,37931,5714550,21908400
4899,1919,1843,3245600,38007,5716393,20294000
4900,1928,1927,3243672,38008,5718320,20125800
4901,1915,1890,3241757,38033,5720210,20847300
4902,1948,1962,3239809,38019,5722172,20103300
4903,1953,1830,3237856,38142,5724002,20298200
4904,1917,1900,3235939,38159,5725902,20761000
4905,1957,1861,3233982,38255,5727763,20653900
4906,1854,1928,3232128,38181,5729691,19970300
4907,1893,1919,3230235,38155,5731610,20108300
4908,1856,1938,3228379,38073,5733548,20029900
4909,1954,1891,3226425,38136,5735439,20187000
4910,1898,1878,3224527,38156,5737317,20158300
4911,1914,1921,3222613,38149,5739238,21113300
4912,1847,1922,3220766,38074,5741160,20406100
4913,1980,1923,3218786,38131,5743083,20287100
4914,1946,1912,3216840,38165,5744995,21101100
4915,1958,1958,3214882,38165,5746953,20539800
4916,2034,1911,3212848,38288,5748864,20888100
4917,2006,1925,3210842,38369,5750789,21187100
4918,1981,1943,3208861,38407,5752732,20390100
4919,1969,1837,3206892,38539,5754569,20321900
4920,1910,1886,3204982,38563,5756455,21359000
4921,1956,1858,3203026,38661,5758313,21979600
4922,1931,1934,3201095,38658,5760247,21381300
4923,1940,1979,3199155,38619,5762226,21788900
4924,1966,1936,3197189,38649,5764162,20448400
4925,1971,1973,3195218,38647,5766135,21101400
4926,1941,1942,3193277,38646,5768077,20835100
4927,1946,1974,3191331,38618,5770051,20861300
4928,1987,1913,3189344,38692,5771964,20671700
4929,1948,1948,3187396,38692,5773912,19891400
4930,2011,1938,3185385,38765,5775850,20652300
4931,1907,1936,3183478,38736,5777786,20255000
4932,1941,1995,3181537,38682,5779781,20289400
4933,1896,1981,3179641,38597,5781762,20564300
4934,1944,1918,3177697,38623,5783680,20562000
4935,1888,1906,3175809,38605,5785586,20538200
4936,1925,1943,3173884,38587,5787529,20461700
4937,1971,1902,3171913,38656,5789431,20579000
4938,1910,1889,3170003,38677,5791320,20281100
4939,1940,1909,3168063,38708,5793229,20856300
4940,1895,1945,3166168,38658,5795174,25166000
4941,1945,1962,3164223,38641,5797136,22151900
4942,1953,1863,3162270,38731,5798999,21579400
4943,1947,1914,3160323,38764,5800913,22129800
4944,1936,1909,3158387,38791,5802822,20937200
4945,1887,1932,3156500,38746,5804754,20827300
4946,1839,1948,3154661,38637,5806702,20946100
4947,1951,1934,3152710,38654,5808636,21067500
4948,1954,1910,3150756,38698,5810546,21000200
4949,1914,1903,3148842,38709,5812449,22677900
4950,1879,1938,3146963,38650,5814387,23664600
4951,1858,1963,3145105,38545,5816350,25134800
4952,1821,2004,3143284,38362,5818354,20830200
4953,1904,1857,3141380,38409,5820211,21022200
4954,1866,1966,3139514,38309,5822177,20601300
4955,1930,1895,3137584,38344,5824072,22481800
4956,1836,2026,3135748,38154,5826098,21034700
4957,1900,1900,3133848,38154,5827998,20458300
4958,1910,1804,3131938,38260,5829802,21397200
4959,1897,1910,3130041,38247,5831712,21195700
4960,1920,1966,3128121,38201,5833678,20615000
4961,1925,1920,3126196,38206,5835598,20789600
4962,1886,1875,3124310,38217,5837473,21410900
4963,1868,1836,3122442,38249,5839309,20547900
4964,1847,1940,3120595,38156,5841249,21076000
4965,1871,1886,3118724,38141,5843135,20282700
4966,1858,1999,3116866,38000,5845134,20643000
4967,1897,1949,3114969,37948,5847083,21011900
4968,1824,1940,3113145,37832,5849023,20382800
4969,1865,1871,3111280,37826,5850894,20733100
4970,1807,1920,3109473,37713,5852814,21403000
4971,1973,1854,3107500,37832,5854668,24528200
4972,1899,1822,3105601,37909,5856490,21781400
4973,1943,1866,3103658,37986,5858356,21243200
4974,1868,1878,3101790,37976,5860234,20588600
4975,1904,1889,3099886,37991,5862123,20799000
4976,1944,1958,3097942,37977,5864081,20637600
4977,1851,1950,3096091,37878,5866031,20801000
4978,1890,1866,3094201,37902,5867897,20594400
4979,1936,1912,3092265,37926,5869809,20643300
4980,1909,1966,3090356,37869,5871775,20825800
4981,1808,1884,3088548,37793,5873659,20459500
4982,1857,1835,3086691,37815,5875494,20607900
4983,1797,1930,3084894,37682,5877424,20588900
4984,1942,1837,3082952,37787,5879261,21422700
4985,1891,1889,3081061,37789,5881150,21224700
4986,1861,1948,3079200,37702,5883098,20568900
4987,1876,1876,3077324,37702,5884974,20328400
4988,1824,1868,3075500,37658,5886842,20202600
4989,1936,1857,3073564,37737,5888699,20126000
4990,1857,1940,3071707,37654,5890639,20575100
4991,1814,1889,3069893,37579,5892528,20261000
4992,1786,1815,3068107,37550,5894343,20436500
4993,1927,1923,3066180,37554,5896266,20621600
4994,1864,1982,3064316,37436,5898248,20630600
4995,1808,1904,3062508,37340,5900152,20561000
4996,1757,1831,3060751,37266,5901983,20857200
4997,1805,1829,3058946,37242,5903812,20109000
4998,1780,1746,3057166,37276,5905558,20078100
4999,1828,1823,3055338,37281,5907381,20155300
5000,1765,1909,3053573,37137,5909290,20733500
5001,1831,1836,3051742,37132,5911126,20217100
5002,1801,1890,3049941,37043,5913016,20109800
5003,1842,1880,3048099,37005,5914896,20522800
5004,1827,1867,3046272,36965,5916763,20346700
5005,1816,1851,3044456,36930,5918614,20341600
5006,1908,1839,3042548,36999,5920453,20399000
5007,1784,1823,3040764,36960,5922276,20667100
5008,1843,1779,3038921,37024,5924055,20460400
5009,1844,1876,3037077,36992,5925931,20361900
5010,1849,1876,3035228,36965,5927807,20042200
5011,1866,1873,3033362,36958,5929680,20766400
5012,1873,1830,3031489,37001,5931510,20906200
5013,1886,1786,3029603,37101,5933296,20973400
5014,1832,1893,3027771,37040,5935189,20383900
5015,1871,1942,3025900,36969,5937131,21573700
5016,1860,1860,3024040,36969,5938991,20851500
5017,1809,1871,3022231,36907,5940862,20728100
5018,1828,1831,3020403,36904,5942693,21738500
5019,1844,1889,3018559,36859,5944582,23089900
5020,1871,1764,3016688,36966,5946346,24756400
5021,1789,1814,3014899,36941,5948160,21566500
5022,1779,1862,3013120,36858,5950022,20536300
5023,1830,1831,3011290,36857,5951853,21616800
5024,1862,1882,3009428,36837,5953735,20709200
5025,1847,1850,3007581,36834,5955585,21879300
5026,1876,1875,3005705,36835,5957460,20798300
5027,1773,1854,3003932,36754,5959314,20917600
5028,1814,1880,3002118,36688,5961194,21423800
5029,1873,1788,3000245,36773,5962982,21497600
5030,1898,1834,2998347,36837,5964816,22166700
5031,1860,1846,2996487,36851,5966662,20992700
5032,1824,1877,2994663,36798,5968539,21309900
5033,1887,1896,2992776,36789,5970435,21138200
5034,1868,1865,2990908,36792,5972300,20717600
5035,1850,1833,2989058,36809,5974133,20712300
5036,1883,1852,2987175,36840,5975985,20898500
5037,1825,1801,2985350,36864,5977786,21609700
5038,1887,1831,2983463,36920,5979617,22687300
5039,1820,1757,2981643,36983,5981374,23025200
5040,1895,1813,2979748,37065,5983187,23419000
5041,1835,1857,2977913,37043,5985044,21433200
5042,1899,1929,2976014,37013,5986973,21649200
5043,1840,1870,2974174,36983,5988843,22577700
5044,1922,1803,2972252,37102,5990646,21157300
5045,1935,1802,2970317,37235,5992448,20658500
5046,1888,1858,2968429,37265,5994306,20750400
5047,1856,1815,2966573,37306,5996121,20399400
5048,1863,1833,2964710,37336,5997954,21263000
5049,1847,1861,2962863,37322,5999815,20551300
5050,1865,1901,2960998,37286,6001716,20112700
5051,1956,1941,2959042,37301,6003657,20495400
5052,1832,1834,2957210,37299,6005491,20366900
5053,1875,1795,2955335,37379,6007286,20533600
5054,1812,1898,2953523,37293,6009184,20238700
5055,1844,1806,2951679,37331,6010990,20381700
5056,1844,1822,2949835,37353,6012812,21186000
5057,1877,1868,2947958,37362,6014680,20430700
5058,1884,1902,2946074,37344,6016582,36483900
5059,1779,1881,2944295,37242,6018463,20542200
5060,1846,1871,2942449,37217,6020334,20051000
5061,1839,1832,2940610,37224,6022166,20764600
5062,1886,1936,2938724,37174,6024102,20639800
5063,1813,1866,2936911,37121,6025968,20230000
5064,1864,1771,2935047,37214,6027739,20556100
5065,1813,1890,2933234,37137,6029629,21562100
5066,1806,1898,2931428,37045,6031527,20780300
5067,1834,1858,2929594,37021,6033385,20559500
5068,1777,1899,2927817,36899,6035284,20406500
5069,1825,1799,2925992,36925,6037083,19925700
5070,1813,1800,2924179,36938,6038883,20150000
5071,1815,1873,2922364,36880,6040756,20454500
5072,1812,1818,2920552,36874,6042574,20741600
5073,1822,1822,2918730,36874,6044396,20150800
5074,1793,1811,2916937,36856,6046207,20326200
5075,1780,1809,2915157,36827,6048016,20362300
5076,1818,1821,2913339,36824,6049837,20209100
5077,1793,1878,2911546,36739,6051715,20524400
5078,1787,1829,2909759,36697,6053544,20071400
5079,1775,1848,2907984,36624,6055392,19986200
5080,1766,1873,2906218,36517,6057265,20132200
5081,1709,1832,2904509,36394,6059097,20544300
5082,1795,1877,2902714,36312,6060974,20053300
5083,1726,1773,2900988,36265,6062747,20553800
5084,1678,1827,2899310,36116,6064574,19939300
5085,1794,1773,2897516,36137,6066347,20158100
5086,1770,1762,2895746,36145,6068109,20217300
5087,1740,1831,2894006,36054,6069940,20168200
5088,1753,1846,2892253,35961,6071786,20077000
5089,1762,1829,2890491,35894,6073615,19816000
5090,1715,1776,2888776,35833,6075391,20071400
5091,1824,1809,2886952,35848,6077200,20057100
5092,1773,1803,2885179,35818,6079003,20571500
5093,1766,1750,2883413,35834,6080753,20274100
5094,1735,1814,2881678,35755,6082567,20253900
5095,1822,1754,2879856,35823,6084321,20177500
5096,1786,1785,2878070,35824,6086106,20288300
5097,1739,1810,2876331,35753,6087916,20199800
5098,1794,1764,2874537,35783,6089680,20673000
5099,1775,1839,2872762,35719,6091519,20252300
5100,1706,1769,2871056,35656,6093288,20245000
5101,1790,1761,2869266,35685,6095049,20576800
5102,1747,1836,2867519,35596,6096885,20536800
5103,1686,1780,2865833,35502,6098665,20179700
5104,1841,1702,2863992,35641,6100367,20942900
5105,1723,1784,2862269,35580,6102151,21661000
5106,1809,1787,2860460,35602,6103938,21385200
5107,1788,1810,2858672,35580,6105748,21825900
5108,1880,1773,2856792,35687,6107521,21433200
5109,1807,1811,2854985,35683,6109332,21223500
5110,1799,1816,2853186,35666,6111148,21888200
5111,1816,1791,2851370,35691,6112939,21022800
5112,1717,1802,2849653,35606,6114741,20552500
5113,1794,1831,2847859,35569,6116572,20579500
5114,1781,1703,2846078,35647,6118275,22340300
5115,1741,1747,2844337,35641,6120022,20376000
5116,1705,1800,2842632,35546,6121822,20427000
5117,1749,1693,2840883,35602,6123515,19951700
5118,1768,1721,2839115,35649,6125236,20323300
5119,1779,1816,2837336,35612,6127052,20767900
5120,1830,1751,2835506,35691,6128803,20741500
5121,1797,1796,2833709,35692,6130599,19986100
5122,1795,1817,2831914,35670,6132416,20725100
5123,1767,1769,2830147,35668,6134185,20469900
5124,1772,1785,2828375,35655,6135970,20820900
5125,1770,1721,2826605,35704,6137691,20367100
5126,1753,1829,2824852,35628,6139520,20838400
5127,1758,1797,2823094,35589,6141317,20619400
5128,1741,1844,2821353,35486,6143161,20034900
5129,1777,1761,2819576,35502,6144922,19983500
5130,1764,1814,2817812,35452,6146736,20640600
5131,1775,1761,2816037,35466,6148497,20443200
5132,1729,1801,2814308,35394,6150298,20889000
5133,1777,1787,2812531,35384,6152085,20670100
5134,1765,1814,2810766,35335,6153899,20593200
5135,1811,1777,2808955,35369,6155676,20461100
5136,1727,1794,2807228,35302,6157470,20370800
5137,1742,1722,2805486,35322,6159192,20578400
5138,1755,1694,2803731,35383,6160886,20567900
5139,1758,1749,2801973,35392,6162635,20914900
5140,1773,1692,2800200,35473,6164327,20608000
5141,1778,1740,2798422,35511,6166067,20477200
5142,1738,1763,2796684,35486,6167830,20269300
5143,1797,1738,2794887,35545,6169568,21281500
5144,1783,1721,2793104,35607,6171289,20626200
5145,1843,1806,2791261,35644,6173095,20242400
5146,1837,1707,2789424,35774,6174802,20359200
5147,1822,1816,2787602,35780,6176618,20438500
5148,1772,1791,2785830,35761,6178409,20527700
5149,1791,1878,2784039,35674,6180287,20802700
5150,1857,1712,2782182,35819,6181999,20314400
5151,1769,1792,2780413,35796,6183791,20289600
5152,1748,1809,2778665,35735,6185600,19938300
5153,1793,1786,2776872,35742,6187386,20527600
5154,1821,1771,2775051,35792,6189157,20211000
5155,1752,1738,2773299,35806,6190895,20281300
5156,1745,1781,2771554,35770,6192676,20018300
5157,1816,1764,2769738,35822,6194440,19817400
5158,1764,1754,2767974,35832,6196194,19956800
5159,1693,1783,2766281,35742,6197977,20251500
5160,1793,1827,2764488,35708,6199804,20671900
5161,1727,1716,2762761,35719,6201520,20904600
5162,1758,1807,2761003,35670,6203327,20389900
5163,1817,1727,2759186,35760,6205054,20701300
5164,1770,1809,2757416,35721,6206863,21081100
5165,1735,1780,2755681,35676,6208643,20756900
5166,1791,1739,2753890,35728,6210382,20816000
5167,1727,1795,2752163,35660,6212177,20849500
5168,1723,1772,2750440,35611,6213949,20485500
5169,1842,1772,2748598,35681,6215721,20642400
5170,1756,1793,2746842,35644,6217514,20677800
5171,1740,1749,2745102,35635,6219263,20158600
5172,1889,1755,2743213,35769,6221018,20337800
5173,1774,1790,2741439,35753,6222808,19910600
5174,1700,1763,2739739,35690,6224571,20143800
5175,1799,1736,2737940,35753,6226307,19685700
5176,1803,1790,2736137,35766,6228097,20074000
5177,1776,1740,2734361,35802,6229837,19960400
5178,1774,1767,2732587,35809,6231604,19998500
5179,1848,1734,2730739,35923,6233338,20726400
5180,1756,1774,2728983,35905,6235112,19792500
5181,1806,1795,2727177,35916,6236907,20012400
5182,1751,1867,2725426,35800,6238774,20107600
5183,1768,1770,2723658,35798,6240544,20079100
5184,1794,1876,2721864,35716,6242420,20084400
5185,1815,1799,2720049,35732,6244219,19837600
5186,1810,1777,2718239,35765,6245996,20176700
5187,1756,1707,2716483,35814,6247703,19804500
5188,1769,1786,2714714,35797,6249489,19806600
5189,1752,1825,2712962,35724,6251314,20552200
5190,1747,1742,2711215,35729,6253056,20278000
5191,1772,1790,2709443,35711,6254846,20555000
5192,1693,1779,2707750,35625,6256625,20519600
5193,1753,1727,2705997,35651,6258352,19733300
5194,1768,1831,2704229,35588,6260183,20236600
5195,1738,1802,2702491,35524,6261985,19939600
5196,1722,1760,2700769,35486,6263745,20005100
5197,1694,1793,2699075,35387,6265538,19954200
5198,1817,1754,2697258,35450,6267292,20462400
5199,1765,1765,2695493,35450,6269057,20305500
5200,1778,1786,2693715,35442,6270843,20819900
5201,1766,1722,2691949,35486,6272565,20675500
5202,1704,1805,2690245,35385,6274370,21061900
5203,1744,1796,2688501,35333,6276166,20723800
5204,1664,1717,2686837,35280,6277883,20696700
5205,1721,1706,2685116,35295,6279589,21026900
5206,1721,1787,2683395,35229,6281376,20696200
5207,1750,1717,2681645,35262,6283093,21176200
5208,1766,1839,2679879,35189,6284932,21620400
5209,1715,1774,2678164,35130,6286706,21716100
5210,1712,1669,2676452,35173,6288375,21347900
5211,1806,1713,2674646,35266,6290088,21641100
5212,1746,1737,2672900,35275,6291825,22931100
5213,1769,1791,2671131,35253,6293616,21183600
5214,1690,1769,2669441,35174,6295385,20572900
5215,1710,1741,2667731,35143,6297126,21011900
5216,1822,1740,2665909,35225,6298866,20294800
5217,1728,1704,2664181,35249,6300570,20209000
5218,1718,1765,2662463,35202,6302335,20274400
5219,1705,1771,2660758,35136,6304106,20305100
5220,1767,1742,2658991,35161,6305848,20125300
5221,1736,1830,2657255,35067,6307678,20149600
5222,1724,1728,2655531,35063,6309406,20312500
5223,1739,1755,2653792,35047,6311161,20894100
5224,1699,1691,2652093,35055,6312852,20240000
5225,1745,1717,2650348,35083,6314569,20766100
5226,1737,1719,2648611,35101,6316288,20657500
5227,1727,1792,2646884,35036,6318080,20757900
5228,1720,1671,2645164,35085,6319751,20830000
5229,1766,1692,2643398,35159,6321443,20735300
5230,1733,1732,2641665,35160,6323175,20623500
5231,1805,1768,2639860,35197,6324943,20740200
5232,1731,1743,2638129,35185,6326686,20891500
5233,1696,1812,2636433,35069,6328498,20114700
5234,1656,1730,2634777,34995,6330228,20471700
5235,1704,1741,2633073,34958,6331969,19723000
5236,1639,1736,2631434,34861,6333705,19744900
5237,1767,1758,2629667,34870,6335463,20392100
5238,1719,1737,2627948,34852,6337200,20103300
5239,1701,1802,2626247,34751,6339002,19809900
5240,1702,1712,2624545,34741,6340714,20131900
5241,1692,1766,2622853,34667,6342480,20373400
5242,1727,1753,2621126,34641,6344233,19891300
5243,1748,1690,2619378,34699,6345923,19757900
5244,1696,1732,2617682,34663,6347655,20187500
5245,1698,1682,2615984,34679,6349337,20218800
5246,1741,1801,2614243,34619,6351138,20157100
5247,1696,1800,2612547,34515,6352938,20038200
5248,1713,1729,2610834,34499,6354667,20068100
5249,1713,1722,2609121,34490,6356389,20200400
5250,1652,1812,2607469,34330,6358201,20208000
5251,1701,1731,2605768,34300,6359932,20135900
5252,1672,1750,2604096,34222,6361682,20087100
5253,1681,1667,2602415,34236,6363349,19729600
5254,1640,1724,2600775,34152,6365073,21101100
5255,1666,1740,2599109,34078,6366813,24797500
5256,1664,1689,2597445,34053,6368502,24575700
5257,1746,1712,2595699,34087,6370214,22263500
5258,1627,1623,2594072,34091,6371837,21747400
5259,1641,1607,2592431,34125,6373444,20824600
5260,1669,1636,2590762,34158,6375080,20844100
5261,1684,1748,2589078,34094,6376828,21435700
5262,1688,1786,2587390,33996,6378614,21582800
5263,1773,1770,2585617,33999,6380384,22694100
5264,1639,1710,2583978,33928,6382094,24494400
5265,1654,1752,2582324,33830,6383846,21880400
5266,1657,1651,2580667,33836,6385497,20454500
5267,1605,1731,2579062,33710,6387228,20142900
5268,1658,1723,2577404,33645,6388951,20077400
5269,1683,1653,2575721,33675,6390604,20485600
5270,1559,1680,2574162,33554,6392284,20146700
5271,1672,1675,2572490,33551,6393959,20059300
5272,1616,1678,2570874,33489,6395637,20027600
5273,1555,1696,2569319,33348,6397333,20397300
5274,1536,1770,2567783,33114,6399103,20017800
5275,1542,1667,2566241,32989,6400770,19922000
5276,1542,1692,2564699,32839,6402462,20223800
5277,1598,1631,2563101,32806,6404093,19996700
5278,1640,1682,2561461,32764,6405775,19847000
5279,1631,1618,2559830,32777,6407393,20440900
5280,1652,1623,2558178,32806,6409016,19961400
5281,1601,1664,2556577,32743,6410680,20194200
5282,1587,1638,2554990,32692,6412318,20104500
5283,1552,1621,2553438,32623,6413939,19907000
5284,1584,1589,2551854,32618,6415528,20123100
5285,1562,1654,2550292,32526,6417182,21073900
5286,1652,1622,2548640,32556,6418804,20173400
5287,1629,1567,2547011,32618,6420371,20075500
5288,1612,1587,2545399,32643,6421958,19948600
5289,1607,1599,2543792,32651,6423557,20438700
5290,1649,1662,2542143,32638,6425219,20572000
5291,1521,1626,2540622,32533,6426845,20089800
5292,1585,1620,2539037,32498,6428465,20733200
5293,1612,1666,2537425,32444,6430131,20300400
5294,1604,1598,2535821,32450,6431729,20430400
5295,1576,1716,2534245,32310,6433445,20228400
5296,1652,1642,2532593,32320,6435087,20101500
5297,1588,1552,2531005,32356,6436639,19927200
5298,1618,1635,2529387,32339,6438274,20155100
5299,1600,1659,2527787,32280,6439933,20294900
5300,1590,1534,2526197,32336,6441467,20178300
5301,1572,1559,2524625,32349,6443026,20378300
5302,1621,1642,2523004,32328,6444668,20426800
5303,1654,1598,2521350,32384,6446266,20777400
5304,1599,1661,2519751,32322,6447927,20407800
5305,1637,1669,2518114,32290,6449596,21542100
5306,1666,1598,2516448,32358,6451194,36318500
5307,1627,1670,2514821,32315,6452864,20232600
5308,1631,1691,2513190,32255,6454555,20088500
5309,1582,1609,2511608,32228,6456164,20249700
5310,1664,1587,2509944,32305,6457751,21514900
5311,1623,1604,2508321,32324,6459355,21839200
5312,1652,1592,2506669,32384,6460947,21397600
5313,1524,1656,2505145,32252,6462603,20904100
5314,1647,1644,2503498,32255,6464247,20484600
5315,1619,1677,2501879,32197,6465924,20807400
5316,1629,1648,2500250,32178,6467572,20881800
5317,1585,1621,2498665,32142,6469193,22684300
5318,1627,1643,2497038,32126,6470836,22635300
5319,1622,1539,2495416,32209,6472375,22126800
5320,1639,1658,2493777,32190,6474033,21027500
5321,1710,1598,2492067,32302,6475631,20581000
5322,1613,1620,2490454,32295,6477251,20975100
5323,1694,1645,2488760,32344,6478896,20896700
5324,1651,1605,2487109,32390,6480501,20482700
5325,1594,1707,2485515,32277,6482208,20222400
5326,1618,1639,2483897,32256,6483847,20374500
5327,1591,1636,2482306,32211,6485483,20638400
5328,1599,1574,2480707,32236,6487057,20651800
5329,1627,1526,2479080,32337,6488583,20747000
5330,1585,1567,2477495,32355,6490150,21328900
5331,1666,1589,2475829,32432,6491739,21208800
5332,1559,1623,2474270,32368,6493362,20226400
5333,1664,1643,2472606,32389,6495005,21060000
5334,1600,1605,2471006,32384,6496610,20450000
5335,1635,1651,2469371,32368,6498261,20178400
5336,1652,1692,2467719,32328,6499953,20514100
5337,1645,1593,2466074,32380,6501546,20214200
5338,1582,1604,2464492,32358,6503150,20362100
5339,1680,1548,2462812,32490,6504698,19986400
5340,1612,1651,2461200,32451,6506349,21346100
5341,1649,1704,2459551,32396,6508053,23042400
5342,1675,1647,2457876,32424,6509700,22368100
5343,1612,1625,2456264,32411,6511325,21256600
5344,1603,1643,2454661,32371,6512968,20983400
5345,1649,1648,2453012,32372,6514616,20972700
5346,1646,1614,2451366,32404,6516230,20390800
5347,1588,1585,2449778,32407,6517815,20383300
5348,1583,1624,2448195,32366,6519439,20304300
5349,1626,1559,2446569,32433,6520998,20425800
5350,1582,1623,2444987,32392,6522621,20717500
5351,1576,1642,2443411,32326,6524263,20069700
5352,1567,1595,2441844,32298,6525858,21154400
5353,1634,1636,2440210,32296,6527494,20685500
5354,1603,1595,2438607,32304,6529089,20843600
5355,1633,1628,2436974,32309,6530717,20452500
5356,1590,1650,2435384,32249,6532367,20379700
5357,1554,1559,2433830,32244,6533926,20493000
5358,1657,1618,2432173,32283,6535544,20425700
5359,1618,1538,2430555,32363,6537082,20340300
5360,1618,1640,2428937,32341,6538722,19966600
5361,1547,1648,2427390,32240,6540370,20251400
5362,1596,1519,2425794,32317,6541889,19995200
5363,1628,1607,2424166,32338,6543496,19538700
5364,1569,1709,2422597,32198,6545205,19930700
5365,1636,1599,2420961,32235,6546804,20157100
5366,1628,1679,2419333,32184,6548483,19825500
5367,1641,1615,2417692,32210,6550098,20397100
5368,1569,1606,2416123,32173,6551704,20353900
5369,1643,1628,2414480,32188,6553332,19917600
5370,1621,1643,2412859,32166,6554975,20990100
5371,1627,1628,2411232,32165,6556603,20887400
5372,1639,1656,2409593,32148,6558259,21131900
5373,1657,1639,2407936,32166,6559898,21435900
5374,1577,1643,2406359,32100,6561541,21095500
5375,1621,1545,2404738,32176,6563086,22256600
5376,1620,1645,2403118,32151,6564731,21519100
5377,1676,1654,2401442,32173,6566385,20815700
5378,1609,1602,2399833,32180,6567987,20705400
5379,1629,1607,2398204,32202,6569594,20799400
5380,1628,1719,2396576,32111,6571313,22111900
5381,1660,1621,2394916,32150,6572934,21539700
5382,1646,1512,2393270,32284,6574446,20899400
5383,1649,1601,2391621,32332,6576047,20663800
5384,1610,1621,2390011,32321,6577668,20613000
5385,1615,1671,2388396,32265,6579339,20831600
5386,1595,1607,2386801,32253,6580946,21462000
5387,1554,1587,2385247,32220,6582533,20624000
5388,1546,1598,2383701,32168,6584131,21416500
5389,1594,1638,2382107,32124,6585769,22503200
5390,1644,1592,2380463,32176,6587361,22032400
5391,1602,1599,2378861,32179,6588960,21009400
5392,1630,1667,2377231,32142,6590627,21104400
5393,1682,1614,2375549,32210,6592241,21006300
5394,1583,1589,2373966,32204,6593830,21219300
5395,1647,1559,2372319,32292,6595389,21195900
5396,1648,1643,2370671,32297,6597032,21270100
5397,1594,1604,2369077,32287,6598636,20946400
5398,1613,1557,2367464,32343,6600193,22364700
5399,1609,1609,2365855,32343,6601802,21324000
5400,1578,1588,2364277,32333,6603390,21684600
5401,1596,1611,2362681,32318,6605001,22366600
5402,1582,1614,2361099,32286,6606615,22447100
5403,1532,1649,2359567,32169,6608264,21464900
5404,1582,1611,2357985,32140,6609875,22311800
5405,1621,1638,2356364,32123,6611513,22370900
5406,1608,1616,2354756,32115,6613129,23076100
5407,1530,1576,2353226,32069,6614705,24145300
5408,1597,1576,2351629,32090,6616281,22721700
5409,1552,1605,2350077,32037,6617886,23803500
5410,1535,1575,2348542,31997,6619461,24490500
5411,1558,1605,2346984,31950,6621066,22212700
5412,1580,1614,2345404,31916,6622680,21972700
5413,1482,1651,2343922,31747,6624331,21807300
5414,1577,1662,2342345,31662,6625993,21338700
5415,1587,1589,2340758,31660,6627582,22572400
5416,1567,1531,2339191,31696,6629113,20608100
5417,1559,1531,2337632,31724,6630644,20414300
5418,1600,1599,2336032,31725,6632243,20343900
5419,1590,1619,2334442,31696,6633862,20797200
5420,1542,1561,2332900,31677,6635423,19867500
5421,1579,1570,2331321,31686,6636993,19910900
5422,1548,1655,2329773,31579,6638648,19675900
5423,1526,1582,2328247,31523,6640230,19815300
5424,1483,1582,2326764,31424,6641812,19888400
5425,1584,1588,2325180,31420,6643400,19823200
5426,1492,1572,2323688,31340,6644972,20189900
5427,1531,1545,2322157,31326,6646517,19763400
5428,1482,1528,2320675,31280,6648045,20709800
5429,1524,1564,2319151,31240,6649609,19985900
5430,1586,1552,2317565,31274,6651161,20096700
5431,1571,1569,2315994,31276,6652730,19763700
5432,1522,1557,2314472,31241,6654287,19789300
5433,1574,1521,2312898,31294,6655808,20011200
5434,1457,1539,2311441,31212,6657347,19525500
5435,1584,1563,2309857,31233,6658910,20300800
5436,1485,1518,2308372,31200,6660428,19718500
5437,1495,1572,2306877,31123,6662000,20163800
5438,1559,1567,2305318,31115,6663567,20844300
5439,1521,1536,2303797,31100,6665103,19911900
5440,1495,1556,2302302,31039,6666659,20188900
5441,1461,1479,2300841,31021,6668138,19976700
5442,1480,1561,2299361,30940,6669699,19733500
5443,1463,1530,2297898,30873,6671229,20373300
5444,1498,1516,2296400,30855,6672745,19897000
5445,1487,1478,2294913,30864,6674223,20621600
5446,1484,1554,2293429,30794,6675777,19926600
5447,1481,1582,2291948,30693,6677359,20712900
5448,1442,1552,2290506,30583,6678911,20000600
5449,1525,1484,2288981,30624,6680395,20115200
5450,1499,1510,2287482,30613,6681905,20309200
5451,1532,1507,2285950,30638,6683412,20674100
5452,1490,1525,2284460,30603,6684937,19772300
5453,1514,1493,2282946,30624,6686430,20179900
5454,1473,1575,2281473,30522,6688005,20263600
5455,1529,1479,2279944,30572,6689484,20725200
5456,1460,1501,2278484,30531,6690985,20369500
5457,1440,1503,2277044,30468,6692488,19562300
5458,1435,1487,2275609,30416,6693975,20613400
5459,1426,1605,2274183,30237,6695580,19664100
5460,1438,1521,2272745,30154,6697101,20180300
5461,1441,1535,2271304,30060,6698636,19839100
5462,1431,1514,2269873,29977,6700150,20298400
5463,1461,1556,2268412,29882,6701706,20303800
5464,1349,1504,2267063,29727,6703210,19795100
5465,1440,1475,2265623,29692,6704685,19864400
5466,1476,1527,2264147,29641,6706212,19844100
5467,1427,1467,2262720,29601,6707679,19714700
5468,1467,1422,2261253,29646,6709101,20953600
5469,1471,1497,2259782,29620,6710598,21471800
5470,1489,1462,2258293,29647,6712060,21480900
5471,1450,1529,2256843,29568,6713589,21633600
5472,1397,1498,2255446,29467,6715087,20610300
5473,1449,1455,2253997,29461,6716542,21006700
5474,1417,1472,2252580,29406,6718014,20745800
5475,1510,1484,2251070,29432,6719498,20746300
5476,1403,1470,2249667,29365,6720968,20341200
5477,1439,1427,2248228,29377,6722395,21321800
5478,1447,1451,2246781,29373,6723846,20499900
5479,1345,1451,2245436,29267,6725297,20153500
5480,1446,1507,2243990,29206,6726804,20437800
5481,1375,1490,2242615,29091,6728294,21484000
5482,1434,1405,2241181,29120,6729699,20434900
5483,1414,1504,2239767,29030,6731203,20150300
5484,1434,1400,2238333,29064,6732603,20778700
5485,1429,1450,2236904,29043,6734053,19764700
5486,1430,1410,2235474,29063,6735463,19807000
5487,1437,1471,2234037,29029,6736934,20615900
5488,1436,1433,2232601,29032,6738367,20319700
5489,1430,1467,2231171,28995,6739834,19508500
5490,1463,1482,2229708,28976,6741316,20542800
5491,1443,1429,2228265,28990,6742745,20376800
5492,1441,1549,2226824,28882,6744294,20241700
5493,1443,1469,2225381,28856,6745763,19676200
5494,1433,1467,2223948,28822,6747230,19728800
5495,1514,1412,2222434,28924,6748642,20080300
5496,1456,1458,2220978,28922,6750100,19794800
5497,1421,1511,2219557,28832,6751611,20270700
5498,1429,1444,2218128,28817,6753055,21295000
5499,1387,1440,2216741,28764,6754495,20485900
5500,1417,1501,2215324,28680,6755996,20645900
5501,1384,1431,2213940,28633,6757427,19844700
5502,1437,1423,2212503,28647,6758850,22831100
5503,1428,1358,2211075,28717,6760208,22691100
5504,1411,1414,2209664,28714,6761622,23219900
5505,1377,1446,2208287,28645,6763068,22946600
5506,1384,1358,2206903,28671,6764426,20278800
5507,1348,1401,2205555,28618,6765827,20230300
5508,1328,1436,2204227,28510,6767263,19999500
5509,1382,1350,2202845,28542,6768613,19576900
5510,1370,1441,2201475,28471,6770054,19851900
5511,1359,1412,2200116,28418,6771466,20336800
5512,1356,1492,2198760,28282,6772958,20052000
5513,1361,1388,2197399,28255,6774346,20477500
5514,1396,1402,2196003,28249,6775748,19829300
5515,1381,1367,2194622,28263,6777115,19939400
5516,1333,1394,2193289,28202,6778509,19873900
5517,1328,1345,2191961,28185,6779854,19778600
5518,1346,1435,2190615,28096,6781289,19861700
5519,1434,1401,2189181,28129,6782690,20130300
5520,1324,1418,2187857,28035,6784108,19789000
5521,1283,1354,2186574,27964,6785462,20123700
5522,1316,1449,2185258,27831,6786911,20280900
5523,1312,1371,2183946,27772,6788282,20106400
5524,1382,1370,2182564,27784,6789652,20174200
5525,1323,1451,2181241,27656,6791103,19796900
5526,1286,1410,2179955,27532,6792513,19818900
5527,1336,1325,2178619,27543,6793838,20821500
5528,1282,1365,2177337,27460,6795203,19836500
5529,1278,1368,2176059,27370,6796571,19608800
5530,1328,1364,2174731,27334,6797935,19881500
5531,1322,1376,2173409,27280,6799311,19636300
5532,1291,1309,2172118,27262,6800620,20296600
5533,1329,1381,2170789,27210,6802001,20434300
5534,1311,1389,2169478,27132,6803390,20014900
5535,1310,1304,2168168,27138,6804694,20069100
5536,1276,1338,2166892,27076,6806032,20434000
5537,1322,1326,2165570,27072,6807358,20453900
5538,1299,1318,2164271,27053,6808676,20100000
5539,1337,1373,2162934,27017,6810049,20065300
5540,1305,1419,2161629,26903,6811468,20120000
5541,1320,1368,2160309,26855,6812836,20777600
5542,1323,1338,2158986,26840,6814174,19986900
5543,1272,1284,2157714,26828,6815458,20400900
5544,1231,1403,2156483,26656,6816861,20263900
5545,1255,1333,2155228,26578,6818194,20188800
5546,1317,1291,2153911,26604,6819485,20212300
5547,1340,1259,2152571,26685,6820744,20237000
5548,1365,1329,2151206,26721,6822073,19937800
5549,1268,1366,2149938,26623,6823439,19992800
5550,1357,1332,2148581,26648,6824771,19640300
5551,1330,1285,2147251,26693,6826056,20422600
5552,1269,1342,2145982,26620,6827398,22010100
5553,1320,1291,2144662,26649,6828689,22384700
5554,1334,1342,2143328,26641,6830031,21485900
5555,1346,1315,2141982,26672,6831346,21354000
5556,1303,1337,2140679,26638,6832683,20698100
5557,1323,1346,2139356,26615,6834029,20738800
5558,1349,1340,2138007,26624,6835369,20815100
5559,1324,1386,2136683,26562,6836755,22208600
5560,1356,1325,2135327,26593,6838080,20631900
5561,1293,1378,2134034,26508,6839458,20417800
5562,1354,1316,2132680,26546,6840774,21335900
5563,1303,1363,2131377,26486,6842137,21076200
5564,1327,1304,2130050,26509,6843441,20369300
5565,1253,1338,2128797,26424,6844779,20565200
5566,1364,1275,2127433,26513,6846054,21409900
5567,1306,1316,2126127,26503,6847370,20316800
5568,1319,1286,2124808,26536,6848656,20548700
5569,1293,1273,2123515,26556,6849929,20981300
5570,1319,1443,2122196,26432,6851372,23296300
5571,1293,1279,2120903,26446,6852651,21330100
5572,1321,1329,2119582,26438,6853980,22103400
5573,1321,1342,2118261,26417,6855322,21177900
5574,1315,1373,2116946,26359,6856695,21619900
5575,1306,1328,2115640,26337,6858023,20186700
5576,1292,1248,2114348,26381,6859271,20372900
5577,1271,1381,2113077,26271,6860652,20721300
5578,1305,1360,2111772,26216,6862012,21131200
5579,1280,1320,2110492,26176,6863332,20195700
5580,1302,1313,2109190,26165,6864645,21177200
5581,1266,1296,2107924,26135,6865941,20310900
5582,1275,1332,2106649,26078,6867273,19822000
5583,1245,1329,2105404,25994,6868602,19790900
5584,1268,1325,2104136,25937,6869927,20019000
5585,1272,1315,2102864,25894,6871242,20312800
5586,1266,1277,2101598,25883,6872519,20162400
5587,1264,1285,2100334,25862,6873804,20432400
5588,1248,1296,2099086,25814,6875100,20326800
5589,1270,1304,2097816,25780,6876404,21215400
5590,1312,1202,2096504,25890,6877606,20372000
5591,1269,1241,2095235,25918,6878847,20198100
5592,1268,1306,2093967,25880,6880153,20369500
5593,1211,1327,2092756,25764,6881480,21040400
5594,1192,1246,2091564,25710,6882726,21985200
5595,1168,1275,2090396,25603,6884001,21075100
5596,1246,1266,2089150,25583,6885267,20981300
5597,1264,1253,2087886,25594,6886520,21561200
5598,1208,1314,2086678,25488,6887834,20059100
5599,1239,1313,2085439,25414,6889147,20208200
5600,1222,1249,2084217,25387,6890396,20217700
5601,1270,1280,2082947,25377,6891676,20295300
5602,1344,1226,2081603,25495,6892902,20248100
5603,1267,1217,2080336,25545,6894119,19979600
5604,1280,1202,2079056,25623,6895321,20559300
5605,1278,1305,2077778,25596,6896626,19903400
5606,1255,1272,2076523,25579,6897898,19910800
5607,1266,1289,2075257,25556,6899187,20005500
5608,1250,1252,2074007,25554,6900439,19641100
5609,1228,1295,2072779,25487,6901734,19714000
5610,1199,1272,2071580,25414,6903006,20316300
5611,1240,1291,2070340,25363,6904297,20052600
5612,1213,1303,2069127,25273,6905600,19711200
5613,1234,1299,2067893,25208,6906899,19568000
5614,1262,1277,2066631,25193,6908176,20138400
5615,1279,1288,2065352,25184,6909464,20256400
5616,1315,1279,2064037,25220,6910743,19770200
5617,1273,1260,2062764,25233,6912003,19841000
5618,1204,1271,2061560,25166,6913274,20104800
5619,1227,1248,2060333,25145,6914522,20027000
5620,1273,1220,2059060,25198,6915742,20460000
5621,1229,1256,2057831,25171,6916998,20214900
5622,1275,1258,2056556,25188,6918256,19481300
5623,1281,1257,2055275,25212,6919513,19771700
5624,1306,1295,2053969,25223,6920808,20176500
5625,1250,1343,2052719,25130,6922151,19775300
5626,1251,1247,2051468,25134,6923398,21232000
5627,1271,1236,2050197,25169,6924634,20377400
5628,1279,1336,2048918,25112,6925970,19676500
5629,1239,1251,2047679,25100,6927221,20024700
5630,1297,1234,2046382,25163,6928455,19852400
5631,1223,1272,2045159,25114,6929727,20323600
5632,1231,1289,2043928,25056,6931016,19669400
5633,1247,1240,2042681,25063,6932256,19685000
5634,1255,1222,2041426,25096,6933478,19916900
5635,1259,1306,2040167,25049,6934784,19741400
5636,1196,1236,2038971,25009,6936020,19658900
5637,1168,1281,2037803,24896,6937301,19717300
5638,1233,1213,2036570,24916,6938514,19785500
5639,1217,1264,2035353,24869,6939778,19684300
5640,1214,1243,2034139,24840,6941021,20248100
5641,1193,1230,2032946,24803,6942251,19876400
5642,1210,1277,2031736,24736,6943528,20473600
5643,1265,1220,2030471,24781,6944748,20141700
5644,1194,1233,2029277,24742,6945981,20318500
5645,1155,1203,2028122,24694,6947184,20072500
5646,1209,1268,2026913,24635,6948452,20694300
5647,1242,1257,2025671,24620,6949709,19629800
5648,1214,1203,2024457,24631,6950912,19568800
5649,1164,1214,2023293,24581,6952126,20191500
5650,1261,1210,2022032,24632,6953336,20643800
5651,1166,1234,2020866,24564,6954570,20204100
5652,1213,1274,2019653,24503,6955844,20555300
5653,1202,1231,2018451,24474,6957075,22110600
5654,1146,1230,2017305,24390,6958305,21249300
5655,1224,1250,2016081,24364,6959555,20790600
5656,1226,1250,2014855,24340,6960805,20886000
5657,1213,1213,2013642,24340,6962018,21950600
5658,1141,1264,2012501,24217,6963282,21401800
5659,1181,1203,2011320,24195,6964485,21897300
5660,1151,1172,2010169,24174,6965657,22408900
5661,1193,1209,2008976,24158,6966866,21749100
5662,1197,1265,2007779,24090,6968131,20987100
5663,1148,1216,2006631,24022,6969347,21254400
5664,1185,1242,2005446,23965,6970589,21373900
5665,1163,1251,2004283,23877,6971840,22318800
5666,1179,1167,2003104,23889,6973007,38684700
5667,1183,1178,2001921,23894,6974185,20605800
5668,1195,1207,2000726,23882,6975392,20816600
5669,1218,1253,1999508,23847,6976645,20243900
5670,1166,1184,1998342,23829,6977829,20298100
5671,1216,1169,1997126,23876,6978998,20168700
5672,1218,1187,1995908,23907,6980185,20449100
5673,1163,1160,1994745,23910,6981345,20414600
5674,1187,1233,1993558,23864,6982578,20927700
5675,1190,1200,1992368,23854,6983778,20696900
5676,1260,1139,1991108,23975,6984917,20068800
5677,1171,1204,1989937,23942,6986121,20836600
5678,1176,1177,1988761,23941,6987298,21554300
5679,1179,1139,1987582,23981,6988437,21130400
5680,1260,1181,1986322,24060,6989618,20130900
5681,1202,1201,1985120,24061,6990819,19947100
5682,1165,1180,1983955,24046,6991999,20043800
5683,1226,1216,1982729,24056,6993215,20656100
5684,1199,1218,1981530,24037,6994433,20924100
5685,1204,1244,1980326,23997,6995677,21167500
5686,1225,1243,1979101,23979,6996920,20506800
5687,1203,1262,1977898,23920,6998182,20788100
5688,1276,1243,1976622,23953,6999425,20093800
5689,1220,1214,1975402,23959,7000639,19766100
5690,1192,1224,1974210,23927,7001863,21104300
5691,1204,1218,1973006,23913,7003081,21373600
5692,1147,1201,1971859,23859,7004282,20254100
5693,1156,1171,1970703,23844,7005453,20271800
5694,1206,1215,1969497,23835,7006668,19808300
5695,1166,1201,1968331,23800,7007869,20885400
5696,1160,1134,1967171,23826,7009003,20447300
5697,1120,1174,1966051,23772,7010177,19469700
5698,1206,1180,1964845,23798,7011357,19653300
5699,1160,1152,1963685,23806,7012509,19961300
5700,1154,1152,1962531,23808,7013661,20631500
5701,1167,1151,1961364,23824,7014812,20491700
5702,1126,1111,1960238,23839,7015923,19755100
5703,1202,1174,1959036,23867,7017097,19549000
5704,1193,1197,1957843,23863,7018294,20183100
5705,1153,1158,1956690,23858,7019452,20736000
5706,1189,1157,1955501,23890,7020609,19707400
5707,1062,1173,1954439,23779,7021782,19594900
5708,1140,1227,1953299,23692,7023009,19923000
5709,1103,1199,1952196,23596,7024208,20065400
5710,1163,1191,1951033,23568,7025399,21210100
5711,1113,1145,1949920,23536,7026544,20472000
5712,1129,1134,1948791,23531,7027678,21008000
5713,1141,1215,1947650,23457,7028893,20787300
5714,1183,1164,1946467,23476,7030057,20493900
5715,1126,1201,1945341,23401,7031258,21070300
5716,1112,1126,1944229,23387,7032384,21370000
5717,1145,1133,1943084,23399,7033517,22226500
5718,1151,1102,1941933,23448,7034619,20828500
5719,1133,1204,1940800,23377,7035823,20442700
5720,1077,1209,1939723,23245,7037032,20901900
5721,1145,1137,1938578,23253,7038169,20611400
5722,1097,1183,1937481,23167,7039352,20722700
5723,1157,1140,1936324,23184,7040492,20520500
5724,1068,1163,1935256,23089,7041655,20554600
5725,1043,1137,1934213,22995,7042792,21177300
5726,1089,1134,1933124,22950,7043926,21844700
5727,1127,1148,1931997,22929,7045074,21144100
5728,1154,1155,1930843,22928,7046229,21017000
5729,1125,1129,1929718,22924,7047358,20099900
5730,1142,1166,1928576,22900,7048524,20471900
5731,1103,1119,1927473,22884,7049643,20376900
5732,1127,1128,1926346,22883,7050771,20595400
5733,1136,1106,1925210,22913,7051877,20044200
5734,1188,1099,1924022,23002,7052976,20255400
5735,1108,1088,1922914,23022,7054064,19935100
5736,1199,1121,1921715,23100,7055185,20069200
5737,1140,1155,1920575,23085,7056340,19890700
5738,1149,1188,1919426,23046,7057528,20709100
5739,1137,1139,1918289,23044,7058667,20314300
5740,1149,1136,1917140,23057,7059803,20626400
5741,1123,1181,1916017,22999,7060984,20531300
5742,1185,1147,1914832,23037,7062131,20115200
5743,1152,1165,1913680,23024,7063296,20270000
5744,1212,1180,1912468,23056,7064476,19969800
5745,1108,1159,1911360,23005,7065635,19939600
5746,1081,1154,1910279,22932,7066789,19620500
5747,1146,1173,1909133,22905,7067962,19974500
5748,1139,1162,1907994,22882,7069124,19984800
5749,1166,1157,1906828,22891,7070281,19882300
5750,1160,1167,1905668,22884,7071448,20727700
5751,1124,1133,1904544,22875,7072581,19994700
5752,1072,1123,1903472,22824,7073704,20849800
5753,1083,1135,1902389,22772,7074839,19409000
5754,1127,1129,1901262,22770,7075968,20030800
5755,1090,1143,1900172,22717,7077111,19772000
5756,1078,1132,1899094,22663,7078243,20186000
5757,1082,1151,1898012,22594,7079394,20072500
5758,1049,1127,1896963,22516,7080521,19726300
5759,1046,1098,1895917,22464,7081619,20336400
5760,1102,1160,1894815,22406,7082779,19805600
5761,1109,1147,1893706,22368,7083926,19888600
5762,1133,1089,1892573,22412,7085015,19595800
5763,1145,1127,1891428,22430,7086142,19653800
5764,1095,1077,1890333,22448,7087219,20533100
5765,1145,1073,1889188,22520,7088292,19668700
5766,1071,1187,1888117,22404,7089479,19761700
5767,1125,1079,1886992,22450,7090558,20139500
5768,1170,1164,1885822,22456,7091722,19721500
5769,1120,1098,1884702,22478,7092820,19823900
5770,1132,1087,1883570,22523,7093907,19640100
5771,1059,1130,1882511,22452,7095037,19486200
5772,1067,1162,1881444,22357,7096199,20802100
5773,1107,1143,1880337,22321,7097342,20007900
5774,1077,1093,1879260,22305,7098435,19864100
5775,1074,1083,1878186,22296,7099518,19523900
5776,1079,1108,1877107,22267,7100626,19498600
5777,1065,1098,1876042,22234,7101724,20271000
5778,1100,1094,1874942,22240,7102818,22425400
5779,1050,1072,1873892,22218,7103890,21448300
5780,1092,1099,1872800,22211,7104989,20886000
5781,1092,1112,1871708,22191,7106101,20347200
5782,1091,1120,1870617,22162,7107221,19992000
5783,1054,1159,1869563,22057,7108380,21046600
5784,1098,1109,1868465,22046,7109489,20315700
5785,1054,1082,1867411,22018,7110571,19857400
5786,1061,1148,1866350,21931,7111719,20297800
5787,1101,1074,1865249,21958,7112793,20128100
5788,1089,1097,1864160,21950,7113890,20503600
5789,1092,1075,1863068,21967,7114965,20282800
5790,1098,1112,1861970,21953,7116077,20573100
5791,1051,1133,1860919,21871,7117210,20193700
5792,1086,1088,1859833,21869,7118298,20283600
5793,1104,1072,1858729,21901,7119370,19898200
5794,1051,1098,1857678,21854,7120468,19773400
5795,1084,1108,1856594,21830,7121576,19705600
5796,1120,1107,1855474,21843,7122683,19809800
5797,1115,1093,1854359,21865,7123776,20120800
5798,1103,1082,1853256,21886,7124858,19547200
5799,1116,1102,1852140,21900,7125960,19859200
5800,1062,1090,1851078,21872,7127050,20037300
5801,1051,1087,1850027,21836,7128137,20067300
5802,1053,1113,1848974,21776,7129250,19332900
5803,1081,1134,1847893,21723,7130384,19603900
5804,1052,1145,1846841,21630,7131529,19606700
5805,1081,1137,1845760,21574,7132666,19403100
5806,1081,1113,1844679,21542,7133779,19634100
5807,1085,1047,1843594,21580,7134826,19620100
5808,1089,1061,1842505,21608,7135887,19777600
5809,1126,1058,1841379,21676,7136945,19790800
5810,1071,1118,1840308,21629,7138063,19480800
5811,1062,1116,1839246,21575,7139179,19695000
5812,1037,1100,1838209,21512,7140279,19430600
5813,1071,1059,1837138,21524,7141338,19603900
5814,1027,1078,1836111,21473,7142416,19884500
5815,1113,1088,1834998,21498,7143504,19833100
5816,1063,1101,1833935,21460,7144605,19650300
5817,1061,1021,1832874,21500,7145626,20689600
5818,1033,1103,1831841,21430,7146729,19730500
5819,1070,1104,1830771,21396,7147833,20334000
5820,1095,1044,1829676,21447,7148877,19575000
5821,1101,1091,1828575,21457,7149968,19342100
5822,1036,1041,1827539,21452,7151009,20224700
5823,1000,1095,1826539,21357,7152104,20038300
5824,1026,1114,1825513,21269,7153218,19754100
5825,1082,1024,1824431,21327,7154242,19477400
5826,1036,1051,1823395,21312,7155293,19480600
5827,1062,1045,1822333,21329,7156338,20525600
5828,1040,1111,1821293,21258,7157449,20783600
5829,1063,1069,1820230,21252,7158518,20748600
5830,1011,1092,1819219,21171,7159610,19908700
5831,1025,1079,1818194,21117,7160689,19411300
5832,1068,1032,1817126,21153,7161721,19854100
5833,1071,1028,1816055,21196,7162749,20033600
5834,1062,1049,1814993,21209,7163798,19891900
5835,1070,1089,1813923,21190,7164887,20155800
5836,1035,1045,1812888,21180,7165932,20184500
5837,1075,1040,1811813,21215,7166972,20754800
5838,1076,1060,1810737,21231,7168032,19654100
5839,1007,999,1809730,21239,7169031,21100800
5840,1048,1038,1808682,21249,7170069,20456600
5841,1026,1128,1807656,21147,7171197,20478500
5842,1056,1065,1806600,21138,7172262,20163800
5843,1033,1055,1805567,21116,7173317,20635000
5844,1040,1009,1804527,21147,7174326,21220800
5845,1067,1107,1803460,21107,7175433,21465900
5846,1019,1046,1802441,21080,7176479,22533200
5847,1055,1061,1801386,21074,7177540,22554100
5848,1053,1008,1800333,21119,7178548,21758800
5849,1042,1080,1799291,21081,7179628,22016800
5850,1030,1036,1798261,21075,7180664,21671100
5851,1022,1076,1797239,21021,7181740,21987900
5852,1045,979,1796194,21087,7182719,20733500
5853,1035,1099,1795159,21023,7183818,21194400
5854,991,1070,1794168,20944,7184888,20369300
5855,1044,1078,1793124,20910,7185966,20358000
5856,1073,983,1792051,21000,7186949,20307300
5857,1035,1062,1791016,20973,7188011,20527200
5858,1053,1075,1789963,20951,7189086,20691300
5859,1088,1038,1788875,21001,7190124,21424300
5860,1105,1072,1787770,21034,7191196,20851300
5861,1030,1048,1786740,21016,7192244,20627500
5862,1043,1093,1785697,20966,7193337,20597600
5863,1016,1081,1784681,20901,7194418,21196200
5864,1019,990,1783662,20930,7195408,21099300
5865,1021,1013,1782641,20938,7196421,20434600
5866,1138,994,1781503,21082,7197415,20441200
5867,1128,1067,1780375,21143,7198482,20644500
5868,1046,1068,1779329,21121,7199550,20022000
5869,1110,1047,1778219,21184,7200597,19870900
5870,1077,1058,1777142,21203,7201655,20339600
5871,1078,1091,1776064,21190,7202746,20277900
5872,1060,1067,1775004,21183,7203813,19877400
5873,1015,1090,1773989,21108,7204903,19889500
5874,1054,1094,1772935,21068,7205997,19868400
5875,1096,1089,1771839,21075,7207086,20257200
5876,1079,1074,1770760,21080,7208160,20125900
5877,1062,1036,1769698,21106,7209196,19828000
5878,1018,1037,1768680,21087,7210233,19443200
5879,1029,1092,1767651,21024,7211325,19526400
5880,1036,1028,1766615,21032,7212353,19232200
5881,1074,1101,1765541,21005,7213454,19420400
5882,1016,1063,1764525,20958,7214517,21455200
5883,1025,1057,1763500,20926,7215574,21324500
5884,1026,997,1762474,20955,7216571,21632500
5885,1050,1017,1761424,20988,7217588,20958800
5886,1043,1061,1760381,20970,7218649,19667600
5887,1055,1043,1759326,20982,7219692,20071100
5888,1046,1027,1758280,21001,7220719,20110300
5889,1018,1052,1757262,20967,7221771,19457100
5890,1083,1038,1756179,21012,7222809,19938400
5891,1043,1115,1755136,20940,7223924,19937000
5892,1095,995,1754041,21040,7224919,20069700
5893,1028,981,1753013,21087,7225900,20063600
5894,1013,1036,1752000,21064,7226936,19887100
5895,991,1080,1751009,20975,7228016,19957100
5896,1029,1062,1749980,20942,7229078,20654500
5897,1053,1026,1748927,20969,7230104,19865900
5898,1059,1027,1747868,21001,7231131,20571000
5899,1093,1111,1746775,20983,7232242,21416500
5900,1114,1016,1745661,21081,7233258,20889100
5901,1049,1029,1744612,21101,7234287,20447600
5902,1062,1044,1743550,21119,7235331,20471200
5903,1084,1091,1742466,21112,7236422,20899400
5904,1036,1076,1741430,21072,7237498,19862600
5905,1032,1005,1740398,21099,7238503,20105800
5906,1102,1080,1739296,21121,7239583,20004200
5907,1041,1028,1738255,21134,7240611,19911100
5908,1113,1092,1737142,21155,7241703,21272700
5909,991,1048,1736151,21098,7242751,19462300
5910,1042,1043,1735109,21097,7243794,19919100
5911,1022,1053,1734087,21066,7244847,20072100
5912,1017,1020,1733070,21063,7245867,20189600
5913,1037,1081,1732033,21019,7246948,20173100
5914,1010,1041,1731023,20988,7247989,20093300
5915,1024,1101,1729999,20911,7249090,20383000
5916,1030,1074,1728969,20867,7250164,19666900
5917,996,1045,1727973,20818,7251209,20347200
5918,1054,1040,1726919,20832,7252249,20703800
5919,997,1069,1725922,20760,7253318,20487100
5920,1099,1039,1724823,20820,7254357,20919500
5921,1014,1052,1723809,20782,7255409,20223000
5922,1032,1050,1722777,20764,7256459,20588000
5923,1017,1043,1721760,20738,7257502,19634000
5924,1019,1093,1720741,20664,7258595,19776500
5925,1010,1057,1719731,20617,7259652,20270500
5926,1014,1037,1718717,20594,7260689,19719400
5927,1055,1061,1717662,20588,7261750,19612100
5928,1038,1067,1716624,20559,7262817,20611200
5929,1047,1041,1715577,20565,7263858,19761200
5930,998,1087,1714579,20476,7264945,19569700
5931,1033,1010,1713546,20499,7265955,20119000
5932,988,1037,1712558,20450,7266992,19339600
5933,1013,997,1711545,20466,7267989,20528000
5934,984,1036,1710561,20414,7269025,19918300
5935,963,1030,1709598,20347,7270055,19657900
5936,984,1059,1708614,20272,7271114,20113900
5937,990,1033,1707624,20229,7272147,19649100
5938,1005,984,1706619,20250,7273131,20179800
5939,979,987,1705640,20242,7274118,20103600
5940,1011,993,1704629,20260,7275111,20323900
5941,992,987,1703637,20265,7276098,19561300
5942,1028,988,1702609,20305,7277086,19528600
5943,977,1045,1701632,20237,7278131,19501500
5944,973,1109,1700659,20101,7279240,19548500
5945,993,958,1699666,20136,7280198,19757700
5946,955,1015,1698711,20076,7281213,19813800
5947,1001,1002,1697710,20075,7282215,19851600
5948,998,1008,1696712,20065,7283223,19298800
5949,975,1000,1695737,20040,7284223,20164000
5950,936,1001,1694801,19975,7285224,20067400
5951,1036,1015,1693765,19996,7286239,19442800
5952,959,979,1692806,19976,7287218,20068800
5953,973,986,1691833,19963,7288204,19486300
5954,937,1001,1690896,19899,7289205,20047900
5955,931,1006,1689965,19824,7290211,19984900
5956,897,972,1689068,19749,7291183,19710400
5957,993,1011,1688075,19731,7292194,19613500
5958,963,958,1687112,19736,7293152,20064900
5959,960,986,1686152,19710,7294138,19674900
5960,935,947,1685217,19698,7295085,19709300
5961,988,1013,1684229,19673,7296098,19736600
5962,1005,983,1683224,19695,7297081,19591200
5963,889,1021,1682335,19563,7298102,19641400
5964,972,981,1681363,19554,7299083,19296800
5965,925,976,1680438,19503,7300059,19661000
5966,986,950,1679452,19539,7301009,19786600
5967,951,951,1678501,19539,7301960,19487300
5968,1008,982,1677493,19565,7302942,19704100
5969,912,1001,1676581,19476,7303943,20267700
5970,968,971,1675613,19473,7304914,19490400
5971,956,974,1674657,19455,7305888,20151700
5972,951,1015,1673706,19391,7306903,19750400
5973,932,970,1672774,19353,7307873,19623300
5974,979,947,1671795,19385,7308820,19824100
5975,953,973,1670842,19365,7309793,20634100
5976,928,975,1669914,19318,7310768,21081400
5977,944,926,1668970,19336,7311694,20089900
5978,905,940,1668065,19301,7312634,20129500
5979,1013,974,1667052,19340,7313608,20343900
5980,967,966,1666085,19341,7314574,20024200
5981,968,941,1665117,19368,7315515,19814200
5982,932,977,1664185,19323,7316492,20761200
5983,982,934,1663203,19371,7317426,20129900
5984,928,1028,1662275,19271,7318454,20977400
5985,908,947,1661367,19232,7319401,19855700
5986,929,986,1660438,19175,7320387,19680000
5987,936,936,1659502,19175,7321323,19770400
5988,935,948,1658567,19162,7322271,20813400
5989,924,978,1657643,19108,7323249,20050400
5990,895,942,1656748,19061,7324191,19797800
5991,915,971,1655833,19005,7325162,19697900
5992,909,939,1654924,18975,7326101,19763300
5993,898,926,1654026,18947,7327027,19844400
5994,958,961,1653068,18944,7327988,19998900
5995,889,945,1652179,18888,7328933,20916700
5996,913,966,1651266,18835,7329899,19571800
5997,973,900,1650293,18908,7330799,20035200
5998,947,976,1649346,18879,7331775,22049100
5999,908,920,1648438,18867,7332695,19470500
6000,893,914,1647545,18846,7333609,20360800
6001,968,939,1646577,18875,7334548,19944500
6002,914,947,1645663,18842,7335495,19689300
6003,919,933,1644744,18828,7336428,19756900
6004,933,934,1643811,18827,7337362,20186700
6005,945,975,1642866,18797,7338337,21299300
6006,880,968,1641986,18709,7339305,19650900
6007,869,897,1641117,18681,7340202,20695400
6008,924,946,1640193,18659,7341148,20082100
6009,854,960,1639339,18553,7342108,19977800
6010,945,865,1638394,18633,7342973,20022900
6011,890,908,1637504,18615,7343881,19955800
6012,925,979,1636579,18561,7344860,20080200
6013,946,925,1635633,18582,7345785,19696000
6014,982,951,1634651,18613,7346736,19575200
6015,949,895,1633702,18667,7347631,20486900
6016,921,881,1632781,18707,7348512,19782800
6017,956,899,1631825,18764,7349411,19490800
6018,935,967,1630890,18732,7350378,19832000
6019,913,947,1629977,18698,7351325,20105300
6020,923,939,1629054,18682,7352264,22086900
6021,983,977,1628071,18688,7353241,21268200
6022,929,957,1627142,18660,7354198,20366300
6023,897,936,1626245,18621,7355134,21658800
6024,937,908,1625308,18650,7356042,21765500
6025,952,908,1624356,18694,7356950,20601100
6026,957,956,1623399,18695,7357906,21173700
6027,944,976,1622455,18663,7358882,20395200
6028,910,949,1621545,18624,7359831,20439000
6029,1010,918,1620535,18716,7360749,21672700
6030,954,943,1619581,18727,7361692,20727000
6031,918,929,1618663,18716,7362621,20727800
6032,962,862,1617701,18816,7363483,20414600
6033,986,962,1616715,18840,7364445,20857400
6034,1005,965,1615710,18880,7365410,21758800
6035,902,931,1614808,18851,7366341,21473500
6036,889,976,1613919,18764,7367317,21704200
6037,937,947,1612982,18754,7368264,21638300
6038,868,931,1612114,18691,7369195,23213600
6039,942,895,1611172,18738,7370090,21456600
6040,944,941,1610228,18741,7371031,21078000
6041,872,879,1609356,18734,7371910,21070600
6042,896,934,1608460,18696,7372844,20550800
6043,949,919,1607511,18726,7373763,21802700
6044,901,907,1606610,18720,7374670,21316100
6045,912,931,1605698,18701,7375601,20066200
6046,920,940,1604778,18681,7376541,20667900
6047,946,934,1603832,18693,7377475,20126900
6048,875,872,1602957,18696,7378347,20266400
6049,907,886,1602050,18717,7379233,20104600
6050,942,950,1601108,18709,7380183,20423300
6051,896,929,1600212,18676,7381112,19948500
6052,932,946,1599280,18662,7382058,20033000
6053,909,932,1598371,18639,7382990,19961000
6054,914,950,1597457,18603,7383940,20312900
6055,926,921,1596531,18608,7384861,19691300
6056,954,979,1595577,18583,7385840,20228300
6057,967,952,1594610,18598,7386792,19815000
6058,909,870,1593701,18637,7387662,19455200
6059,949,899,1592752,18687,7388561,19854400
6060,919,1010,1591833,18596,7389571,20114200
6061,931,916,1590902,18611,7390487,20237900
6062,932,938,1589970,18605,7391425,19722800
6063,915,946,1589055,18574,7392371,21068300
6064,894,935,1588161,18533,7393306,19925400
6065,886,873,1587275,18546,7394179,20588600
6066,931,920,1586344,18557,7395099,19660500
6067,915,919,1585429,18553,7396018,19686800
6068,908,984,1584521,18477,7397002,20614400
6069,954,881,1583567,18550,7397883,19770800
6070,943,972,1582624,18521,7398855,19676300
6071,934,969,1581690,18486,7399824,19675200
6072,901,969,1580789,18418,7400793,19751500
6073,887,936,1579902,18369,7401729,20902200
6074,971,934,1578931,18406,7402663,20065300
6075,929,915,1578002,18420,7403578,20352200
6076,900,857,1577102,18463,7404435,19839700
6077,893,940,1576209,18416,7405375,19556900
6078,891,973,1575318,18334,7406348,19740800
6079,905,930,1574413,18309,7407278,19817600
6080,862,933,1573551,18238,7408211,20283500
6081,856,921,1572695,18173,7409132,19623500
6082,919,933,1571776,18159,7410065,19523400
6083,916,940,1570860,18135,7411005,19854000
6084,945,932,1569915,18148,7411937,20085700
6085,926,951,1568989,18123,7412888,20036500
6086,864,909,1568125,18078,7413797,19798200
6087,930,908,1567195,18100,7414705,20127000
6088,923,877,1566272,18146,7415582,19827000
6089,924,870,1565348,18200,7416452,20411900
6090,883,933,1564465,18150,7417385,20502900
6091,889,926,1563576,18113,7418311,19746600
6092,875,930,1562701,18058,7419241,19484300
6093,826,858,1561875,18026,7420099,19894400
6094,899,905,1560976,18020,7421004,21159600
6095,893,896,1560083,18017,7421900,20044500
6096,824,870,1559259,17971,7422770,20713800
6097,869,912,1558390,17928,7423682,19839200
6098,845,891,1557545,17882,7424573,19446700
6099,841,909,1556704,17814,7425482,20114000
6100,883,874,1555821,17823,7426356,20106600
6101,843,855,1554978,17811,7427211,19918400
6102,837,919,1554141,17729,7428130,20078700
6103,902,903,1553239,17728,7429033,20254000
6104,800,902,1552439,17626,7429935,20836900
6105,869,874,1551570,17621,7430809,20115700
6106,909,879,1550661,17651,7431688,20032800
6107,882,887,1549779,17646,7432575,22021400
6108,916,924,1548863,17638,7433499,21177600
6109,874,901,1547989,17611,7434400,21381700
6110,864,876,1547125,17599,7435276,20206300
6111,874,889,1546251,17584,7436165,20286300
6112,904,880,1545347,17608,7437045,19735100
6113,892,899,1544455,17601,7437944,19470900
6114,871,912,1543584,17560,7438856,19603400
6115,910,833,1542674,17637,7439689,19683500
6116,849,884,1541825,17602,7440573,20506200
6117,873,890,1540952,17585,7441463,19771600
6118,903,842,1540049,17646,7442305,20303400
6119,911,883,1539138,17674,7443188,20619700
6120,893,919,1538245,17648,7444107,20177500
6121,873,906,1537372,17615,7445013,19749800
6122,878,878,1536494,17615,7445891,19821300
6123,854,895,1535640,17574,7446786,20265000
6124,858,916,1534782,17516,7447702,19679800
6125,922,851,1533860,17587,7448553,19795600
6126,901,857,1532959,17631,7449410,19912800
6127,884,862,1532075,17653,7450272,19720500
6128,861,895,1531214,17619,7451167,19375100
6129,844,934,1530370,17529,7452101,19596500
6130,867,873,1529503,17523,7452974,19862700
6131,836,896,1528667,17463,7453870,22560200
6132,856,871,1527811,17448,7454741,19505800
6133,824,900,1526987,17372,7455641,19382000
6134,859,878,1526128,17353,7456519,23381700
6135,822,891,1525306,17284,7457410,25141900
6136,869,880,1524437,17273,7458290,22978100
6137,836,864,1523601,17245,7459154,21346800
6138,804,870,1522797,17179,7460024,21858000
6139,852,856,1521945,17175,7460880,20445600
6140,915,877,1521030,17213,7461757,20773400
6141,859,874,1520171,17198,7462631,19988300
6142,844,863,1519327,17179,7463494,19923900
6143,849,856,1518478,17172,7464350,19973500
6144,869,901,1517609,17140,7465251,19704700
6145,848,853,1516761,17135,7466104,19670300
6146,850,806,1515911,17179,7466910,20912600
6147,902,858,1515009,17223,7467768,23359300
6148,843,875,1514166,17191,7468643,24100200
6149,878,831,1513288,17238,7469474,28412000
6150,870,841,1512418,17267,7470315,23445900
6151,866,849,1511552,17284,7471164,23327100
6152,854,882,1510698,17256,7472046,22477900
6153,831,890,1509867,17197,7472936,23019500
6154,787,847,1509080,17137,7473783,23994100
6155,842,864,1508238,17115,7474647,22025700
6156,850,860,1507388,17105,7475507,24531400
6157,836,846,1506552,17095,7476353,24816100
6158,868,855,1505684,17108,7477208,25839600
6159,872,829,1504812,17151,7478037,24629500
6160,873,873,1503939,17151,7478910,25126000
6161,789,826,1503150,17114,7479736,24877700
6162,817,884,1502333,17047,7480620,25460400
6163,842,820,1501491,17069,7481440,28400600
6164,814,789,1500677,17094,7482229,25613900
6165,870,829,1499807,17135,7483058,24347800
6166,872,869,1498935,17138,7483927,24854700
6167,843,807,1498092,17174,7484734,23909000
6168,814,901,1497278,17087,7485635,24975300
6169,826,850,1496452,17063,7486485,28281300
6170,799,913,1495653,16949,7487398,24623000
6171,784,857,1494869,16876,7488255,26667400
6172,839,839,1494030,16876,7489094,24600400
6173,814,823,1493216,16867,7489917,24807200
6174,813,843,1492403,16837,7490760,22509500
6175,809,883,1491594,16763,7491643,21840300
6176,839,854,1490755,16748,7492497,21615900
6177,808,833,1489947,16723,7493330,20287000
6178,789,878,1489158,16634,7494208,21025400
6179,821,827,1488337,16628,7495035,24692800
6180,797,824,1487540,16601,7495859,23438700
6181,779,837,1486761,16543,7496696,20743900
6182,801,819,1485960,16525,7497515,20954800
6183,806,783,1485154,16548,7498298,20411000
6184,772,811,1484382,16509,7499109,20298400
6185,870,866,1483512,16513,7499975,20802500
6186,783,825,1482729,16471,7500800,21159000
6187,795,776,1481934,16490,7501576,20367500
6188,815,850,1481119,16455,7502426,20360200
6189,828,813,1480291,16470,7503239,20264900
6190,800,813,1479491,16457,7504052,21245300
6191,825,802,1478666,16480,7504854,21110900
6192,807,823,1477859,16464,7505677,20038700
6193,905,785,1476954,16584,7506462,19576600
6194,837,852,1476117,16569,7507314,19953800
6195,848,813,1475269,16604,7508127,20556900
6196,914,838,1474355,16680,7508965,20103700
6197,807,807,1473548,16680,7509772,19856400
6198,828,823,1472720,16685,7510595,20454700
6199,769,866,1471951,16588,7511461,21199500
6200,802,841,1471149,16549,7512302,20261200
6201,791,823,1470358,16517,7513125,20135600
6202,812,791,1469546,16538,7513916,19745500
6203,820,855,1468726,16503,7514771,20115500
6204,821,818,1467905,16506,7515589,19832700
6205,823,866,1467082,16463,7516455,20005900
6206,812,851,1466270,16424,7517306,19762700
6207,823,809,1465447,16438,7518115,19810100
6208,891,827,1464556,16502,7518942,20920900
6209,867,788,1463689,16581,7519730,20473000
6210,782,834,1462907,16529,7520564,21822500
6211,837,824,1462070,16542,7521388,20997700
6212,804,849,1461266,16497,7522237,20835500
6213,802,830,1460464,16469,7523067,20030700
6214,854,843,1459610,16480,7523910,19856600
6215,801,826,1458809,16455,7524736,19681500
6216,776,883,1458033,16348,7525619,19827000
6217,830,788,1457203,16390,7526407,20017500
6218,759,822,1456444,16327,7527229,19711600
6219,796,855,1455648,16268,7528084,19934000
6220,827,853,1454821,16242,7528937,19697600
6221,849,812,1453972,16279,7529749,19676100
6222,813,852,1453159,16240,7530601,20680000
6223,766,775,1452393,16231,7531376,20247800
6224,810,854,1451583,16187,7532230,19734300
6225,774,808,1450809,16153,7533038,19977900
6226,824,852,1449985,16125,7533890,20267900
6227,820,791,1449165,16154,7534681,21589400
6228,789,763,1448376,16180,7535444,23170300
6229,785,743,1447591,16222,7536187,21971000
6230,846,854,1446745,16214,7537041,20567900
6231,788,808,1445957,16194,7537849,20126300
6232,834,780,1445123,16248,7538629,20372300
6233,791,832,1444332,16207,7539461,20611500
6234,791,795,1443541,16203,7540256,21348600
6235,754,827,1442787,16130,7541083,20790100
6236,785,749,1442002,16166,7541832,20659900
6237,831,853,1441171,16144,7542685,20490900
6238,781,751,1440390,16174,7543436,20247800
6239,784,782,1439606,16176,7544218,20602700
6240,834,835,1438772,16175,7545053,20814300
6241,790,788,1437982,16177,7545841,21450200
6242,785,794,1437197,16168,7546635,20479600
6243,810,817,1436387,16161,7547452,21025300
6244,804,805,1435583,16160,7548257,20510800
6245,792,849,1434791,16103,7549106,20374900
6246,795,862,1433996,16036,7549968,21854100
6247,832,784,1433164,16084,7550752,22836300
6248,790,797,1432374,16077,7551549,24173100
6249,802,777,1431572,16102,7552326,21531200
6250,799,808,1430773,16093,7553134,21466000
6251,798,802,1429975,16089,7553936,20086900
6252,767,777,1429208,16079,7554713,19857000
6253,801,828,1428407,16052,7555541,19853200
6254,797,785,1427610,16064,7556326,19762900
6255,796,773,1426814,16087,7557099,20005300
6256,756,795,1426058,16048,7557894,19861600
6257,833,770,1425225,16111,7558664,19635900
6258,796,844,1424429,16063,7559508,20644000
6259,826,816,1423603,16073,7560324,22925500
6260,779,820,1422824,16032,7561144,21737500
6261,783,756,1422041,16059,7561900,24048700
6262,773,823,1421268,16009,7562723,24420800
6263,821,814,1420447,16016,7563537,24732600
6264,808,781,1419639,16043,7564318,27519000
6265,823,824,1418816,16042,7565142,26222300
6266,813,811,1418003,16044,7565953,31254500
6267,772,812,1417231,16004,7566765,25941600
6268,779,790,1416452,15993,7567555,26080600
6269,787,774,1415665,16006,7568329,22847700
6270,803,791,1414862,16018,7569120,21883900
6271,803,795,1414059,16026,7569915,20854900
6272,769,779,1413290,16016,7570694,20788300
6273,774,798,1412516,15992,7571492,21330300
6274,758,769,1411758,15981,7572261,20551500
6275,796,809,1410962,15968,7573070,22110900
6276,784,760,1410178,15992,7573830,22025900
6277,804,787,1409374,16009,7574617,24536000
6278,796,758,1408578,16047,7575375,27421400
6279,793,809,1407785,16031,7576184,23562300
6280,811,805,1406974,16037,7576989,21790400
6281,798,808,1406176,16027,7577797,22038300
6282,813,787,1405363,16053,7578584,20880400
6283,809,761,1404554,16101,7579345,20979700
6284,777,792,1403777,16086,7580137,22823400
6285,778,802,1402999,16062,7580939,21418000
6286,772,838,1402227,15996,7581777,20761100
6287,761,775,1401466,15982,7582552,20013900
6288,779,800,1400687,15961,7583352,20373300
6289,781,801,1399906,15941,7584153,21131900
6290,792,807,1399114,15926,7584960,20820600
6291,771,773,1398343,15924,7585733,20652900
6292,802,782,1397541,15944,7586515,19769500
6293,748,807,1396793,15885,7587322,20778900
6294,786,753,1396007,15918,7588075,20715500
6295,745,775,1395262,15888,7588850,19947700
6296,757,770,1394505,15875,7589620,19809500
6297,726,777,1393779,15824,7590397,20266000
6298,780,783,1392999,15821,7591180,19812900
6299,760,770,1392239,15811,7591950,19415100
6300,763,768,1391476,15806,7592718,19836200
6301,764,807,1390712,15763,7593525,19582800
6302,765,807,1389947,15721,7594332,20352000
6303,733,800,1389214,15654,7595132,19769700
6304,776,752,1388438,15678,7595884,19528100
6305,831,774,1387607,15735,7596658,19446200
6306,757,815,1386850,15677,7597473,19523700
6307,786,787,1386064,15676,7598260,19853800
6308,769,785,1385295,15660,7599045,19813000
6309,781,790,1384514,15651,7599835,19579000
6310,745,805,1383769,15591,7600640,19710600
6311,749,758,1383020,15582,7601398,19615600
6312,752,770,1382268,15564,7602168,19473200
6313,827,741,1381441,15650,7602909,19918900
6314,736,776,1380705,15610,7603685,21868100
6315,760,803,1379945,15567,7604488,21221300
6316,784,763,1379161,15588,7605251,20407300
6317,723,751,1378438,15560,7606002,20077200
6318,750,755,1377688,15555,7606757,20380300
6319,750,784,1376938,15521,7607541,20156700
6320,734,776,1376204,15479,7608317,20285700
6321,760,745,1375444,15494,7609062,20326100
6322,748,814,1374696,15428,7609876,20466400
6323,736,752,1373960,15412,7610628,20231800
6324,719,745,1373241,15386,7611373,21494200
6325,724,763,1372517,15347,7612136,20153800
6326,733,809,1371784,15271,7612945,20837500
6327,725,753,1371059,15243,7613698,20074300
6328,804,734,1370255,15313,7614432,20785200
6329,814,788,1369441,15339,7615220,20557100
6330,746,757,1368695,15328,7615977,20214300
6331,766,760,1367929,15334,7616737,20919000
6332,792,797,1367137,15329,7617534,21151300
6333,722,787,1366415,15264,7618321,21838400
6334,802,730,1365613,15336,7619051,21546700
6335,779,759,1364834,15356,7619810,20873000
6336,756,814,1364078,15298,7620624,21141300
6337,760,737,1363318,15321,7621361,19991100
6338,779,759,1362539,15341,7622120,19681900
6339,738,742,1361801,15337,7622862,19769300
6340,773,825,1361028,15285,7623687,19812700
6341,749,786,1360279,15248,7624473,19993500
6342,759,803,1359520,15204,7625276,20614100
6343,738,772,1358782,15170,7626048,20399800
6344,790,780,1357992,15180,7626828,24807600
6345,749,773,1357243,15156,7627601,22235100
6346,746,750,1356497,15152,7628351,20584100
6347,761,735,1355736,15178,7629086,20918400
6348,743,789,1354993,15132,7629875,20082600
6349,674,763,1354319,15043,7630638,20185000
6350,698,770,1353621,14971,7631408,20783200
6351,708,739,1352913,14940,7632147,20337000
6352,728,790,1352185,14878,7632937,20082400
6353,708,712,1351477,14874,7633649,20037600
6354,736,727,1350741,14883,7634376,19970300
6355,767,754,1349974,14896,7635130,20917500
6356,700,764,1349274,14832,7635894,19809200
6357,672,705,1348602,14799,7636599,20335500
6358,725,743,1347877,14781,7637342,20494800
6359,734,740,1347143,14775,7638082,19560400
6360,710,762,1346433,14723,7638844,20663600
6361,739,752,1345694,14710,7639596,19900000
6362,724,709,1344970,14725,7640305,19761100
6363,712,744,1344258,14693,7641049,23241400
6364,741,735,1343517,14699,7641784,22666400
6365,693,711,1342824,14681,7642495,21208000
6366,745,731,1342079,14695,7643226,19929700
6367,742,769,1341337,14668,7643995,20480300
6368,738,748,1340599,14658,7644743,20603600
6369,713,712,1339886,14659,7645455,20129500
6370,769,719,1339117,14709,7646174,20310000
6371,778,713,1338339,14774,7646887,19691600
6372,771,736,1337568,14809,7647623,19553600
6373,785,702,1336783,14892,7648325,19982900
6374,743,748,1336040,14887,7649073,19904500
6375,740,793,1335300,14834,7649866,19513100
6376,794,764,1334506,14864,7650630,19799800
6377,726,768,1333780,14822,7651398,19764800
6378,736,728,1333044,14830,7652126,19487600
6379,762,728,1332282,14864,7652854,19665900
6380,747,760,1331535,14851,7653614,20041400
6381,787,776,1330748,14862,7654390,19629500
6382,738,783,1330010,14817,7655173,22158600
6383,760,736,1329250,14841,7655909,23621600
6384,771,731,1328479,14881,7656640,22480100
6385,783,771,1327696,14893,7657411,21404200
6386,736,718,1326960,14911,7658129,21579500
6387,730,728,1326230,14913,7658857,21445400
6388,796,735,1325434,14974,7659592,23945500
6389,794,763,1324640,15005,7660355,21115500
6390,757,751,1323883,15011,7661106,21089800
6391,802,758,1323081,15055,7661864,20314100
6392,762,726,1322319,15091,7662590,20899600
6393,752,734,1321567,15109,7663324,20438900
6394,734,756,1320833,15087,7664080,20466400
6395,723,707,1320110,15103,7664787,20356000
6396,757,780,1319353,15080,7665567,19597700
6397,743,750,1318610,15073,7666317,19598600
6398,697,728,1317913,15042,7667045,20419800
6399,757,750,1317156,15049,7667795,20105500
6400,729,723,1316427,15055,7668518,20290400
6401,746,727,1315681,15074,7669245,19645400
6402,718,714,1314963,15078,7669959,20430100
6403,770,763,1314193,15085,7670722,19972100
6404,709,804,1313484,14990,7671526,21845200
6405,745,703,1312739,15032,7672229,19587800
6406,690,767,1312049,14955,7672996,19409700
6407,733,754,1311316,14934,7673750,19935100
6408,726,791,1310590,14869,7674541,19712100
6409,753,768,1309837,14854,7675309,19989100
6410,748,785,1309089,14817,7676094,20121500
6411,762,771,1308327,14808,7676865,21029200
6412,691,732,1307636,14767,7677597,20324800
6413,717,731,1306919,14753,7678328,20016500
6414,776,789,1306143,14740,7679117,21394900
6415,711,794,1305432,14657,7679911,19979500
6416,715,761,1304717,14611,7680672,20313800
6417,687,732,1304030,14566,7681404,20379400
6418,741,697,1303289,14610,7682101,20373600
6419,727,746,1302562,14591,7682847,20997100
6420,699,722,1301863,14568,7683569,20431100
6421,737,722,1301126,14583,7684291,19640300
6422,715,758,1300411,14540,7685049,20041700
6423,768,720,1299643,14588,7685769,19785500
6424,728,764,1298915,14552,7686533,19793400
6425,707,730,1298208,14529,7687263,19703000
6426,685,754,1297523,14460,7688017,19686700
6427,748,732,1296775,14476,7688749,19482100
6428,716,701,1296059,14491,7689450,19595600
6429,723,715,1295336,14499,7690165,19453400
6430,722,726,1294614,14495,7690891,19748500
6431,719,728,1293895,14486,7691619,19615500
6432,711,730,1293184,14467,7692349,19911000
6433,750,749,1292434,14468,7693098,21160600
6434,727,709,1291707,14486,7693807,20006000
6435,729,735,1290978,14480,7694542,20140000
6436,730,689,1290248,14521,7695231,19389900
6437,690,717,1289558,14494,7695948,20783700
6438,679,720,1288879,14453,7696668,22367800
6439,671,726,1288208,14398,7697394,21639600
6440,668,738,1287540,14328,7698132,19592700
6441,637,693,1286903,14272,7698825,20209000
6442,687,675,1286216,14284,7699500,21074600
6443,702,746,1285514,14240,7700246,20521700
6444,693,693,1284821,14240,7700939,20839800
6445,663,683,1284158,14220,7701622,20069500
6446,726,681,1283432,14265,7702303,19848600
6447,668,699,1282764,14234,7703002,20351100
6448,708,730,1282056,14212,7703732,21664600
6449,664,767,1281392,14109,7704499,20071500
6450,678,703,1280714,14084,7705202,20136700
6451,667,745,1280047,14006,7705947,20348700
6452,726,689,1279321,14043,7706636,20538000
6453,692,701,1278629,14034,7707337,20702500
6454,708,734,1277921,14008,7708071,20468100
6455,702,642,1277219,14068,7708713,21031800
6456,680,715,1276539,14033,7709428,21362100
6457,693,735,1275846,13991,7710163,20448000
6458,629,736,1275217,13884,7710899,20624500
6459,662,663,1274555,13883,7711562,20275100
6460,690,673,1273865,13900,7712235,19574500
6461,727,746,1273138,13881,7712981,19684700
6462,683,699,1272455,13865,7713680,19922900
6463,675,700,1271780,13840,7714380,19874700
6464,659,710,1271121,13789,7715090,20044400
6465,660,725,1270461,13724,7715815,20534900
6466,615,697,1269846,13642,7716512,20072500
6467,684,641,1269162,13685,7717153,20146100
6468,637,647,1268525,13675,7717800,20105900
6469,667,676,1267858,13666,7718476,19418500
6470,665,639,1267193,13692,7719115,20300300
6471,685,658,1266508,13719,7719773,23337900
6472,676,684,1265832,13711,7720457,21677600
6473,696,647,1265136,13760,7721104,21106100
6474,658,714,1264478,13704,7721818,22452200
6475,673,696,1263805,13681,7722514,20462200
6476,705,667,1263100,13719,7723181,21469300
6477,648,702,1262452,13665,7723883,20503900
6478,664,695,1261788,13634,7724578,19950800
6479,644,714,1261144,13564,7725292,20035800
6480,627,669,1260517,13522,7725961,19926800
6481,655,662,1259862,13515,7726623,20339000
6482,672,657,1259190,13530,7727280,23907000
6483,614,678,1258576,13466,7727958,24286300
6484,624,699,1257952,13391,7728657,21647300
6485,638,672,1257314,13357,7729329,20226200
6486,670,666,1256644,13361,7729995,20128700
6487,694,638,1255950,13417,7730633,20360600
6488,691,648,1255259,13460,7731281,19499500
6489,705,682,1254554,13483,7731963,20850900
6490,712,658,1253842,13537,7732621,19774700
6491,677,703,1253165,13511,7733324,19869100
6492,662,661,1252503,13512,7733985,20778200
6493,666,672,1251837,13506,7734657,20454900
6494,650,701,1251187,13455,7735358,20288900
6495,692,687,1250495,13460,7736045,19854600
6496,630,673,1249865,13417,7736718,19742400
6497,673,637,1249192,13453,7737355,21344500
6498,649,701,1248543,13401,7738056,20445200
6499,648,703,1247895,13346,7738759,22724600
6500,652,653,1247243,13345,7739412,24993400
6501,663,658,1246580,13350,7740070,21814300
6502,641,668,1245939,13323,7740738,20518700
6503,673,662,1245266,13334,7741400,20293500
6504,666,694,1244600,13306,7742094,20228400
6505,644,659,1243956,13291,7742753,19928500
6506,666,702,1243290,13255,7743455,20189000
6507,651,603,1242639,13303,7744058,19967900
6508,682,662,1241957,13323,7744720,19475300
6509,704,640,1241253,13387,7745360,20173900
6510,708,676,1240545,13419,7746036,19835500
6511,712,672,1239833,13459,7746708,20190000
6512,663,677,1239170,13445,7747385,20003400
6513,677,674,1238493,13448,7748059,20111600
6514,667,696,1237826,13419,7748755,20450000
6515,708,631,1237118,13496,7749386,20498300
6516,687,680,1236431,13503,7750066,20246600
6517,694,691,1235737,13506,7750757,20890200
6518,665,646,1235072,13525,7751403,20274600
6519,693,667,1234379,13551,7752070,20194500
6520,730,669,1233649,13612,7752739,20277900
6521,701,702,1232948,13611,7753441,20279200
6522,728,664,1232220,13675,7754105,20123900
6523,667,647,1231553,13695,7754752,20615200
6524,697,669,1230856,13723,7755421,20402600
6525,731,678,1230125,13776,7756099,20815500
6526,700,673,1229425,13803,7756772,20045500
6527,691,680,1228734,13814,7757452,20092600
6528,652,682,1228082,13784,7758134,21044200
6529,676,666,1227406,13794,7758800,20229000
6530,682,696,1226724,13780,7759496,19907000
6531,665,672,1226059,13773,7760168,20899500
6532,677,679,1225382,13771,7760847,20381200
6533,693,698,1224689,13766,7761545,20618600
6534,673,666,1224016,13773,7762211,20436800
6535,692,683,1223324,13782,7762894,19698400
6536,663,673,1222661,13772,7763567,19883600
6537,662,684,1221999,13750,7764251,20192100
6538,732,714,1221267,13768,7764965,19809900
6539,663,635,1220604,13796,7765600,20087600
6540,696,641,1219908,13851,7766241,20534500
6541,719,726,1219189,13844,7766967,20335300
6542,656,692,1218533,13808,7767659,20164700
6543,662,720,1217871,13750,7768379,20810100
6544,671,745,1217200,13676,7769124,19963500
6545,667,696,1216533,13647,7769820,19727700
6546,635,710,1215898,13572,7770530,20303700
6547,658,687,1215240,13543,7771217,19763000
6548,636,670,1214604,13509,7771887,21125300
6549,678,678,1213926,13509,7772565,22952700
6550,706,664,1213220,13551,7773229,20487300
6551,663,700,1212557,13514,7773929,20493000
6552,638,705,1211919,13447,7774634,19834100
6553,592,701,1211327,13338,7775335,20454600
6554,633,689,1210694,13282,7776024,20214500
6555,645,666,1210049,13261,7776690,20878300
6556,657,685,1209392,13233,7777375,20327600
6557,665,689,1208727,13209,7778064,20984700
6558,690,630,1208037,13269,7778694,21131500
6559,667,676,1207370,13260,7779370,20462900
6560,646,671,1206724,13235,7780041,19755700
6561,711,678,1206013,13268,7780719,20652000
6562,649,670,1205364,13247,7781389,20308200
6563,630,658,1204734,13219,7782047,20249500
6564,664,670,1204070,13213,7782717,24769800
6565,677,683,1203393,13207,7783400,24000600
6566,621,635,1202772,13193,7784035,24352400
6567,642,662,1202130,13173,7784697,21669800
6568,659,661,1201471,13171,7785358,22301700
6569,666,691,1200805,13146,7786049,21742800
6570,630,684,1200175,13092,7786733,20728300
6571,687,646,1199488,13133,7787379,22365700
6572,640,645,1198848,13128,7788024,39999900
6573,664,637,1198184,13155,7788661,21842500
6574,653,687,1197531,13121,7789348,21913300
6575,693,655,1196838,13159,7790003,21256800
6576,683,636,1196155,13206,7790639,20137300
6577,669,622,1195486,13253,7791261,20084800
6578,680,650,1194806,13283,7791911,20173100
6579,695,696,1194111,13282,7792607,20624500
6580,643,703,1193468,13222,7793310,19463900
6581,636,685,1192832,13173,7793995,19883800
6582,675,687,1192157,13161,7794682,20510000
6583,692,609,1191465,13244,7795291,23107500
6584,648,635,1190817,13257,7795926,23090200
6585,651,695,1190166,13213,7796621,26154900
6586,679,690,1189487,13202,7797311,23817500
6587,631,694,1188856,13139,7798005,25648000
6588,636,684,1188220,13091,7798689,21391800
6589,602,665,1187618,13028,7799354,25665400
6590,634,618,1186984,13044,7799972,22676900
6591,632,623,1186352,13053,7800595,23191000
6592,604,650,1185748,13007,7801245,22659200
6593,650,666,1185098,12991,7801911,24533800
6594,658,646,1184440,13003,7802557,23577400
6595,657,666,1183783,12994,7803223,24622300
6596,619,680,1183164,12933,7803903,22920400
6597,645,651,1182519,12927,7804554,23851100
6598,634,616,1181885,12945,7805170,23373600
6599,592,608,1181293,12929,7805778,24993600
6600,665,634,1180628,12960,7806412,22485800
6601,671,686,1179957,12945,7807098,22962900
6602,631,620,1179326,12956,7807718,23181500
6603,630,650,1178696,12936,7808368,22869100
6604,578,684,1178118,12830,7809052,27095600
6605,648,658,1177470,12820,7809710,22093900
6606,633,622,1176837,12831,7810332,24360200
6607,609,634,1176228,12806,7810966,24912200
6608,647,636,1175581,12817,7811602,23735900
6609,627,643,1174954,12801,7812245,23398300
6610,617,631,1174337,12787,7812876,26256200
6611,662,625,1173675,12824,7813501,25464300
6612,628,639,1173047,12813,7814140,23780500
6613,658,580,1172389,12891,7814720,25045400
6614,645,618,1171744,12918,7815338,23258100
6615,646,628,1171098,12936,7815966,23600900
6616,680,657,1170418,12959,7816623,24151400
6617,600,651,1169818,12908,7817274,25317100
6618,673,624,1169145,12957,7817898,24063300
6619,657,629,1168488,12985,7818527,22153500
6620,670,615,1167818,13040,7819142,21463700
6621,666,600,1167152,13106,7819742,22259200
6622,681,690,1166471,13097,7820432,20189900
6623,679,667,1165792,13109,7821099,19789900
6624,638,660,1165154,13087,7821759,19917800
6625,629,678,1164525,13038,7822437,19810000
6626,665,665,1163860,13038,7823102,19698500
6627,643,657,1163217,13024,7823759,20179200
6628,662,671,1162555,13015,7824430,20167900
6629,689,690,1161866,13014,7825120,20318500
6630,608,629,1161258,12993,7825749,20449900
6631,585,640,1160673,12938,7826389,19974900
6632,636,674,1160037,12900,7827063,22655800
6633,657,627,1159380,12930,7827690,21745200
6634,623,612,1158757,12941,7828302,20621800
6635,608,653,1158149,12896,7828955,20342200
6636,628,640,1157521,12884,7829595,20633000
6637,661,681,1156860,12864,7830276,19941200
6638,613,623,1156247,12854,7830899,20561800
6639,612,590,1155635,12876,7831489,19883700
6640,619,647,1155016,12848,7832136,20060200
6641,643,621,1154373,12870,7832757,19917200
6642,628,667,1153745,12831,7833424,19707200
6643,637,635,1153108,12833,7834059,19687200
6644,673,653,1152435,12853,7834712,20368400
6645,665,638,1151770,12880,7835350,19604900
6646,636,647,1151134,12869,7835997,19800500
6647,620,642,1150514,12847,7836639,19608000
6648,635,625,1149879,12857,7837264,21568100
6649,671,681,1149208,12847,7837945,19671700
6650,632,636,1148576,12843,7838581,19775300
6651,616,674,1147960,12785,7839255,19818800
6652,610,606,1147350,12789,7839861,19386200
6653,650,641,1146700,12798,7840502,19773300
6654,622,659,1146078,12761,7841161,19941900
6655,607,697,1145471,12671,7841858,20108900
6656,626,685,1144845,12612,7842543,19652200
6657,647,655,1144198,12604,7843198,20129600
6658,622,647,1143576,12579,7843845,19802300
6659,646,650,1142930,12575,7844495,20348000
6660,638,615,1142292,12598,7845110,20008800
6661,618,580,1141674,12636,7845690,21389700
6662,636,601,1141038,12671,7846291,22917100
6663,657,667,1140381,12661,7846958,20728400
6664,648,669,1139733,12640,7847627,21334000
6665,648,656,1139085,12632,7848283,23126000
6666,624,588,1138461,12668,7848871,20596100
6667,627,677,1137834,12618,7849548,20061100
6668,621,624,1137213,12615,7850172,22641000
6669,640,609,1136573,12646,7850781,20074000
6670,662,652,1135911,12656,7851433,20107300
6671,686,624,1135225,12718,7852057,19780500
6672,707,654,1134518,12771,7852711,19656500
6673,607,647,1133911,12731,7853358,19692300
6674,659,632,1133252,12758,7853990,19497000
6675,673,662,1132579,12769,7854652,21445900
6676,678,617,1131901,12830,7855269,20163500
6677,640,644,1131261,12826,7855913,19812500
6678,610,654,1130651,12782,7856567,19728300
6679,678,635,1129973,12825,7857202,19791100
6680,608,641,1129365,12792,7857843,20736500
6681,665,643,1128700,12814,7858486,22247700
6682,616,643,1128084,12787,7859129,24215100
6683,663,648,1127421,12802,7859777,20916500
6684,667,637,1126754,12832,7860414,21287600
6685,644,694,1126110,12782,7861108,20743000
6686,636,637,1125474,12781,7861745,20587900
6687,628,673,1124846,12736,7862418,21153200
6688,623,612,1124223,12747,7863030,21950100
6689,605,640,1123618,12712,7863670,21756400
6690,639,628,1122979,12723,7864298,21775000
6691,662,665,1122317,12720,7864963,20161700
6692,628,700,1121689,12648,7865663,20485600
6693,652,617,1121037,12683,7866280,20183200
6694,580,600,1120457,12663,7866880,20043700
6695,629,627,1119828,12665,7867507,20339700
6696,595,629,1119233,12631,7868136,20026200
6697,606,647,1118627,12590,7868783,20995200
6698,631,612,1117996,12609,7869395,21393200
6699,617,632,1117379,12594,7870027,21747800
6700,613,628,1116766,12579,7870655,22968600
6701,611,633,1116155,12557,7871288,23016500
6702,643,627,1115512,12573,7871915,22076600
6703,592,632,1114920,12533,7872547,21483500
6704,591,630,1114329,12494,7873177,19990500
6705,595,626,1113734,12463,7873803,20895100
6706,609,605,1113125,12467,7874408,20326500
6707,587,622,1112538,12432,7875030,20292300
6708,602,635,1111936,12399,7875665,20361200
6709,601,605,1111335,12395,7876270,20104200
6710,627,637,1110708,12385,7876907,19569500
6711,627,614,1110081,12398,7877521,20192100
6712,652,634,1109429,12416,7878155,19997400
6713,651,605,1108778,12462,7878760,20355500
6714,632,594,1108146,12500,7879354,20627800
6715,643,616,1107503,12527,7879970,20066400
6716,616,643,1106887,12500,7880613,19712100
6717,586,657,1106301,12429,7881270,20074500
6718,624,604,1105677,12449,7881874,21057600
6719,660,600,1105017,12509,7882474,21221300
6720,631,611,1104386,12529,7883085,20137600
6721,605,620,1103781,12514,7883705,19920600
6722,665,589,1103116,12590,7884294,19916900
6723,669,620,1102447,12639,7884914,20259800
6724,632,623,1101815,12648,7885537,20187600
6725,646,627,1101169,12667,7886164,20457800
6726,663,622,1100506,12708,7886786,20200600
6727,631,632,1099875,12707,7887418,20030100
6728,670,615,1099205,12762,7888033,20744000
6729,643,634,1098562,12771,7888667,20714600
6730,644,635,1097918,12780,7889302,20131700
6731,667,620,1097251,12827,7889922,19829400
6732,694,634,1096557,12887,7890556,19632000
6733,626,644,1095931,12869,7891200,19820700
6734,606,661,1095325,12814,7891861,20006900
6735,602,690,1094723,12726,7892551,19820100
6736,652,683,1094071,12695,7893234,19951500
6737,620,624,1093451,12691,7893858,19644300
6738,599,666,1092852,12624,7894524,20410400
6739,617,622,1092235,12619,7895146,19884100
6740,631,610,1091604,12640,7895756,19551600
6741,620,622,1090984,12638,7896378,19445300
6742,631,674,1090353,12595,7897052,19640100
6743,606,599,1089747,12602,7897651,19778400
6744,639,594,1089108,12647,7898245,20038900
6745,659,640,1088449,12666,7898885,20220900
6746,638,614,1087811,12690,7899499,19548800
6747,634,647,1087177,12677,7900146,19556900
6748,666,642,1086511,12701,7900788,19766600
6749,627,650,1085884,12678,7901438,20058900
6750,620,615,1085264,12683,7902053,21251700
6751,657,612,1084607,12728,7902665,20527700
6752,671,636,1083936,12763,7903301,20670400
6753,635,622,1083301,12776,7903923,20174300
6754,636,586,1082665,12826,7904509,19443100
6755,689,617,1081976,12898,7905126,19975800
6756,663,636,1081313,12925,7905762,19511700
6757,670,660,1080643,12935,7906422,20140800
6758,644,658,1079999,12921,7907080,19636700
6759,615,648,1079384,12888,7907728,19724400
6760,619,587,1078765,12920,7908315,19562600
6761,688,697,1078077,12911,7909012,20431300
6762,640,656,1077437,12895,7909668,20080500
6763,665,641,1076772,12919,7910309,19779400
6764,678,678,1076094,12919,7910987,19600900
6765,639,629,1075455,12929,7911616,20037200
6766,634,645,1074821,12918,7912261,19700700
6767,642,642,1074179,12918,7912903,19592900
6768,609,624,1073570,12903,7913527,19772500
6769,656,617,1072914,12942,7914144,19846600
6770,645,640,1072269,12947,7914784,19711900
6771,663,590,1071606,13020,7915374,19627200
6772,610,649,1070996,12981,7916023,20014200
6773,651,635,1070345,12997,7916658,20081300
6774,644,606,1069701,13035,7917264,21003400
6775,655,650,1069046,13040,7917914,19700700
6776,637,672,1068409,13005,7918586,19573100
6777,649,656,1067760,12998,7919242,19651800
6778,615,657,1067145,12956,7919899,19650700
6779,613,681,1066532,12888,7920580,19864700
6780,649,662,1065883,12875,7921242,20244800
6781,633,607,1065250,12901,7921849,19917500
6782,641,627,1064609,12915,7922476,19739700
6783,581,652,1064028,12844,7923128,20283300
6784,620,609,1063408,12855,7923737,20751500
6785,631,644,1062777,12842,7924381,20021600
6786,660,635,1062117,12867,7925016,20171300
6787,658,639,1061459,12886,7925655,20577900
6788,649,647,1060810,12888,7926302,23261500
6789,611,615,1060199,12884,7926917,20960300
6790,654,605,1059545,12933,7927522,20517000
6791,636,670,1058909,12899,7928192,22129100
6792,610,630,1058299,12879,7928822,19890700
6793,665,612,1057634,12932,7929434,20120000
6794,645,697,1056989,12880,7930131,20718100
6795,652,669,1056337,12863,7930800,20323800
6796,632,644,1055705,12851,7931444,20885700
6797,611,622,1055094,12840,7932066,21328400
6798,679,632,1054415,12887,7932698,19730500
6799,631,656,1053784,12862,7933354,20310800
6800,629,649,1053155,12842,7934003,19654400
6801,622,630,1052533,12834,7934633,20768900
6802,656,615,1051877,12875,7935248,19986900
6803,616,620,1051261,12871,7935868,19428400
6804,665,662,1050596,12874,7936530,19721100
6805,637,681,1049959,12830,7937211,19852600
6806,611,655,1049348,12786,7937866,19822800
6807,595,659,1048753,12722,7938525,19441000
6808,634,624,1048119,12732,7939149,19797400
6809,621,631,1047498,12722,7939780,19799100
6810,604,644,1046894,12682,7940424,19955700
6811,629,603,1046265,12708,7941027,19735300
6812,660,621,1045605,12747,7941648,19897300
6813,582,673,1045023,12656,7942321,20070000
6814,577,675,1044446,12558,7942996,19698100
6815,639,647,1043807,12550,7943643,19589500
6816,574,619,1043233,12505,7944262,20157600
6817,590,634,1042643,12461,7944896,19638500
6818,613,633,1042030,12441,7945529,20163000
6819,640,597,1041390,12484,7946126,21691200
6820,598,632,1040792,12450,7946758,21385000
6821,608,628,1040184,12430,7947386,20636600
6822,597,602,1039587,12425,7947988,21262200
6823,584,638,1039003,12371,7948626,20378300
6824,596,612,1038407,12355,7949238,21033700
6825,619,652,1037788,12322,7949890,22838100
6826,589,608,1037199,12303,7950498,20638800
6827,616,531,1036583,12388,7951029,20235100
6828,634,609,1035949,12413,7951638,20549900
6829,608,647,1035341,12374,7952285,20077800
6830,620,622,1034721,12372,7952907,20207900
6831,573,534,1034148,12411,7953441,20455300
6832,598,611,1033550,12398,7954052,19776800
6833,603,615,1032947,12386,7954667,20141000
6834,600,686,1032347,12300,7955353,20118300
6835,629,601,1031718,12328,7955954,20426400
6836,583,624,1031135,12287,7956578,20313300
6837,587,629,1030548,12245,7957207,22970500
6838,618,577,1029930,12286,7957784,20232500
6839,637,612,1029293,12311,7958396,20071900
6840,582,597,1028711,12296,7958993,20223200
6841,634,630,1028077,12300,7959623,20571500
6842,610,599,1027467,12311,7960222,20389700
6843,602,590,1026865,12323,7960812,19914400
6844,608,624,1026257,12307,7961436,20965900
6845,586,614,1025671,12279,7962050,20802300
6846,603,624,1025068,12258,7962674,20914200
6847,592,609,1024476,12241,7963283,21399600
6848,569,644,1023907,12166,7963927,21754000
6849,577,613,1023330,12130,7964540,20859000
6850,619,635,1022711,12114,7965175,22107500
6851,590,546,1022121,12158,7965721,21998500
6852,601,629,1021520,12130,7966350,21016900
6853,593,617,1020927,12106,7966967,21409300
6854,575,601,1020352,12080,7967568,21706000
6855,581,606,1019771,12055,7968174,21646800
6856,587,597,1019184,12045,7968771,20804700
6857,534,623,1018650,11956,7969394,20062700
6858,584,596,1018066,11944,7969990,21177200
6859,590,627,1017476,11907,7970617,20601200
6860,583,576,1016893,11914,7971193,20441200
6861,579,548,1016314,11945,7971741,20292600
6862,632,613,1015682,11964,7972354,21053800
6863,615,611,1015067,11968,7972965,20566400
6864,575,609,1014492,11934,7973574,20399900
6865,630,577,1013862,11987,7974151,20012700
6866,599,570,1013263,12016,7974721,20229300
6867,597,611,1012666,12002,7975332,20949400
6868,589,567,1012077,12024,7975899,22369800
6869,608,623,1011469,12009,7976522,20561100
6870,593,580,1010876,12022,7977102,19936900
6871,682,606,1010194,12098,7977708,19717000
6872,585,629,1009609,12054,7978337,19859100
6873,600,564,1009009,12090,7978901,21876700
6874,630,553,1008379,12167,7979454,19512400
6875,624,584,1007755,12207,7980038,19250700
6876,594,596,1007161,12205,7980634,19834000
6877,586,593,1006575,12198,7981227,20145900
6878,594,613,1005981,12179,7981840,19983900
6879,638,644,1005343,12173,7982484,20612600
6880,620,641,1004723,12152,7983125,21144600
6881,635,605,1004088,12182,7983730,21267600
6882,605,620,1003483,12167,7984350,21399800
6883,610,627,1002873,12150,7984977,21275500
6884,616,603,1002257,12163,7985580,21940800
6885,621,628,1001636,12156,7986208,21028800
6886,617,607,1001019,12166,7986815,21155300
6887,591,629,1000428,12128,7987444,20807100
6888,601,610,999827,12119,7988054,20014400
6889,587,577,999240,12129,7988631,19992600
6890,642,620,998598,12151,7989251,20744600
6891,620,563,997978,12208,7989814,20299000
6892,596,586,997382,12218,7990400,20628300
6893,623,629,996759,12212,7991029,20723900
6894,628,597,996131,12243,7991626,21021500
6895,590,607,995541,12226,7992233,21174700
6896,622,595,994919,12253,7992828,22006400
6897,608,589,994311,12272,7993417,20961700
6898,575,604,993736,12243,7994021,19940100
6899,616,638,993120,12221,7994659,19690600
6900,590,607,992530,12204,7995266,19942000
6901,616,633,991914,12187,7995899,19941700
6902,555,610,991359,12132,7996509,20705900
6903,563,624,990796,12071,7997133,21703100
6904,593,578,990203,12086,7997711,19728200
6905,624,592,989579,12118,7998303,20826400
6906,569,584,989010,12103,7998887,20505900
6907,574,560,988436,12117,7999447,23038800
6908,560,606,987876,12071,8000053,22430400
6909,585,589,987291,12067,8000642,20534800
6910,572,631,986719,12008,8001273,20642500
6911,579,611,986140,11976,8001884,21917000
6912,610,596,985530,11990,8002480,21030000
6913,559,599,984971,11950,8003079,20550600
6914,620,656,984351,11914,8003735,20487400
6915,574,610,983777,11878,8004345,20479900
6916,559,579,983218,11858,8004924,20480700
6917,594,614,982624,11838,8005538,20364400
6918,601,608,982023,11831,8006146,21065700
6919,567,601,981456,11797,8006747,20353500
6920,569,599,980887,11767,8007346,20201100
6921,562,601,980325,11728,8007947,20141200
6922,590,558,979735,11760,8008505,19981900
6923,611,603,979124,11768,8009108,19688200
6924,573,575,978551,11766,8009683,19907900
6925,566,584,977985,11748,8010267,19705800
6926,579,588,977406,11739,8010855,20166700
6927,588,602,976818,11725,8011457,19451500
6928,631,586,976187,11770,8012043,19925700
6929,584,615,975603,11739,8012658,19645600
6930,553,575,975050,11717,8013233,19706700
6931,597,610,974453,11704,8013843,19816000
6932,582,601,973871,11685,8014444,20308500
6933,577,603,973294,11659,8015047,19752800
6934,605,605,972689,11659,8015652,20707100
6935,582,564,972107,11677,8016216,21200600
6936,565,547,971542,11695,8016763,26016200
6937,576,616,970966,11655,8017379,24189200
6938,602,566,970364,11691,8017945,24481500
6939,618,550,969746,11759,8018495,22048400
6940,594,583,969152,11770,8019078,22511600
6941,614,541,968538,11843,8019619,20595100
6942,605,609,967933,11839,8020228,20664300
6943,598,599,967335,11838,8020827,19777000
6944,583,607,966752,11814,8021434,19669100
6945,601,571,966151,11844,8022005,20375100
6946,609,590,965542,11863,8022595,19749100
6947,581,589,964961,11855,8023184,19782200
6948,586,543,964375,11898,8023727,20168500
6949,598,620,963777,11876,8024347,19889000
6950,563,596,963214,11843,8024943,20978800
6951,609,590,962605,11862,8025533,20029700
6952,605,569,962000,11898,8026102,19814700
6953,577,576,961423,11899,8026678,19783400
6954,589,637,960834,11851,8027315,20456700
6955,640,587,960194,11904,8027902,20459900
6956,588,589,959606,11903,8028491,24137300
6957,604,599,959002,11908,8029090,22458100
6958,581,629,958421,11860,8029719,22250100
6959,610,598,957811,11872,8030317,21962100
6960,584,567,957227,11889,8030884,22101500
6961,565,612,956662,11842,8031496,21785600
6962,585,530,956077,11897,8032026,20571500
6963,601,566,955476,11932,8032592,20648700
6964,646,583,954830,11995,8033175,21161000
6965,600,572,954230,12023,8033747,21018300
6966,573,594,953657,12002,8034341,20486900
6967,627,574,953030,12055,8034915,19964200
6968,581,587,952449,12049,8035502,20591000
6969,617,646,951832,12020,8036148,20278400
6970,583,613,951249,11990,8036761,20332800
6971,623,561,950626,12052,8037322,20220100
6972,606,597,950020,12061,8037919,20274100
6973,609,576,949411,12094,8038495,20960700
6974,587,615,948824,12066,8039110,21547200
6975,594,559,948230,12101,8039669,20805200
6976,593,622,947637,12072,8040291,20404900
6977,627,621,947010,12078,8040912,20412800
6978,612,623,946398,12067,8041535,21480000
6979,591,563,945807,12095,8042098,20202300
6980,603,641,945204,12057,8042739,20785800
6981,592,607,944612,12042,8043346,20448700
6982,604,609,944008,12037,8043955,19719500
6983,575,618,943433,11994,8044573,22736100
6984,547,617,942886,11924,8045190,22677600
6985,562,552,942324,11934,8045742,23045700
6986,625,544,941699,12015,8046286,21855600
6987,592,587,941107,12020,8046873,20102600
6988,599,593,940508,12026,8047466,20037300
6989,552,633,939956,11945,8048099,19726100
6990,605,584,939351,11966,8048683,20020500
6991,573,624,938778,11915,8049307,19759200
6992,591,646,938187,11860,8049953,20546600
6993,604,579,937583,11885,8050532,19952400
6994,565,559,937018,11891,8051091,19579400
6995,605,615,936413,11881,8051706,19787000
6996,599,537,935814,11943,8052243,19673500
6997,614,576,935200,11981,8052819,20160200
6998,548,601,934652,11928,8053420,21799200
6999,588,583,934064,11933,8054003,20082800
7000,575,548,933489,11960,8054551,19758800
7001,583,611,932906,11932,8055162,20002800
7002,592,634,932314,11890,8055796,20108000
7003,609,598,931705,11901,8056394,20276400
7004,604,572,931101,11933,8056966,21683600
7005,564,638,930537,11859,8057604,21373800
7006,588,615,929949,11832,8058219,20663500
7007,595,591,929354,11836,8058810,19909700
7008,564,588,928790,11812,8059398,20437400
7009,555,591,928235,11776,8059989,21605300
7010,582,591,927653,11767,8060580,21358400
7011,596,613,927057,11750,8061193,21795500
7012,566,631,926491,11685,8061824,22397900
7013,587,590,925904,11682,8062414,22446100
7014,588,619,925316,11651,8063033,22384800
7015,559,593,924757,11617,8063626,21691500
7016,578,599,924179,11596,8064225,22146300
7017,530,580,923649,11546,8064805,21991800
7018,593,589,923056,11550,8065394,21541100
7019,568,550,922488,11568,8065944,23260800
7020,622,599,921866,11591,8066543,20893000
7021,568,555,921298,11604,8067098,21481200
7022,561,569,920737,11596,8067667,22141300
7023,583,583,920154,11596,8068250,23906800
7024,571,593,919583,11574,8068843,21598600
7025,620,606,918963,11588,8069449,23078000
7026,631,562,918332,11657,8070011,21262800
7027,584,575,917748,11666,8070586,22266100
7028,598,520,917150,11744,8071106,21750700
7029,549,595,916601,11698,8071701,22929000
7030,572,589,916029,11681,8072290,21936500
7031,604,576,915425,11709,8072866,22256800
7032,598,584,914827,11723,8073450,22399600
7033,537,609,914290,11651,8074059,22422800
7034,575,555,913715,11671,8074614,22052000
7035,575,581,913140,11665,8075195,23259300
7036,584,567,912556,11682,8075762,21839500
7037,577,553,911979,11706,8076315,22714900
7038,581,569,911398,11718,8076884,23302700
7039,618,605,910780,11731,8077489,23362200
7040,577,520,910203,11788,8078009,21757500
7041,587,612,909616,11763,8078621,21587900
7042,586,587,909030,11762,8079208,21561800
7043,611,585,908419,11788,8079793,21347300
7044,590,569,907829,11809,8080362,22229200
7045,564,586,907265,11787,8080948,22128600
7046,561,563,906704,11785,8081511,21236000
7047,586,597,906118,11774,8082108,23184000
7048,565,578,905553,11761,8082686,20540800
7049,596,583,904957,11774,8083269,22165800
7050,577,562,904380,11789,8083831,20503600
7051,597,615,903783,11771,8084446,20370700
7052,595,570,903188,11796,8085016,20998000
7053,599,571,902589,11824,8085587,20416900
7054,566,611,902023,11779,8086198,20164100
7055,556,602,901467,11733,8086800,20484100
7056,580,547,900887,11766,8087347,20325800
7057,598,584,900289,11780,8087931,19601900
7058,599,617,899690,11762,8088548,20817800
7059,586,586,899104,11762,8089134,20680300
7060,598,596,898506,11764,8089730,20547500
7061,586,591,897920,11759,8090321,19620500
7062,589,600,897331,11748,8090921,20065900
7063,587,591,896744,11744,8091512,20799100
7064,603,573,896141,11774,8092085,20083600
7065,575,612,895566,11737,8092697,19935900
7066,531,569,895035,11699,8093266,19714500
7067,546,592,894489,11653,8093858,19790500
7068,585,604,893904,11634,8094462,19982300
7069,560,578,893344,11616,8095040,22067700
7070,572,603,892772,11585,8095643,20146600
7071,540,567,892232,11558,8096210,20018300
7072,575,563,891657,11570,8096773,21503700
7073,598,595,891059,11573,8097368,24191300
7074,602,590,890457,11585,8097958,22120400
7075,586,567,889871,11604,8098525,20707700
7076,603,560,889268,11647,8099085,21477300
7077,604,612,888664,11639,8099697,20737000
7078,571,547,888093,11663,8100244,21002100
7079,612,580,887481,11695,8100824,20093700
7080,594,617,886887,11672,8101441,20444400
7081,614,567,886273,11719,8102008,20129300
7082,598,593,885675,11724,8102601,20622600
7083,574,559,885101,11739,8103160,19922700
7084,568,625,884533,11682,8103785,20062600
7085,569,554,883964,11697,8104339,20514600
7086,542,630,883422,11609,8104969,19972900
7087,568,580,882854,11597,8105549,20890000
7088,600,594,882254,11603,8106143,20078900
7089,583,607,881671,11579,8106750,21535600
7090,551,555,881120,11575,8107305,20480100
7091,555,603,880565,11527,8107908,20030800
7092,623,550,879942,11600,8108458,20054300
7093,573,580,879369,11593,8109038,21223700
7094,518,611,878851,11500,8109649,20364700
7095,591,552,878260,11539,8110201,20315500
7096,557,564,877703,11532,8110765,20260800
7097,575,549,877128,11558,8111314,19944500
7098,534,553,876594,11539,8111867,19929000
7099,549,578,876045,11510,8112445,19797000
7100,568,543,875477,11535,8112988,20000000
7101,520,562,874957,11493,8113550,22153900
7102,536,576,874421,11453,8114126,21176100
7103,549,544,873872,11458,8114670,20595900
7104,546,615,873326,11389,8115285,19734400
7105,550,558,872776,11381,8115843,19842300
7106,560,562,872216,11379,8116405,19776700
7107,549,598,871667,11330,8117003,19644800
7108,538,608,871129,11260,8117611,19539200
7109,556,552,870573,11264,8118163,19730700
7110,553,563,870020,11254,8118726,20046300
7111,559,533,869461,11280,8119259,19778000
7112,549,566,868912,11263,8119825,20594000
7113,555,545,868357,11273,8120370,20333600
7114,562,569,867795,11266,8120939,19380100
7115,593,563,867202,11296,8121502,19700400
7116,574,575,866628,11295,8122077,19729600
7117,542,549,866086,11288,8122626,20171300
7118,550,591,865536,11247,8123217,20654100
7119,523,597,865013,11173,8123814,19669800
7120,564,558,864449,11179,8124372,20276700
7121,529,579,863920,11129,8124951,20099000
7122,472,574,863448,11027,8125525,21157500
7123,578,534,862870,11071,8126059,20917400
7124,560,546,862310,11085,8126605,20517800
7125,560,561,861750,11084,8127166,20137100
7126,538,576,861212,11046,8127742,21093800
7127,521,565,860691,11002,8128307,20084000
7128,579,537,860112,11044,8128844,19896900
7129,503,583,859609,10964,8129427,21232800
7130,533,516,859076,10981,8129943,20046200
7131,547,555,858529,10973,8130498,20449600
7132,501,631,858028,10843,8131129,20819300
7133,573,551,857455,10865,8131680,21817100
7134,522,561,856933,10826,8132241,20626400
7135,516,515,856417,10827,8132756,24363000
7136,578,523,855839,10882,8133279,24061000
7137,534,534,855305,10882,8133813,20776200
7138,560,530,854745,10912,8134343,21417200
7139,546,545,854199,10913,8134888,21582600
7140,592,587,853607,10918,8135475,20869400
7141,569,571,853038,10916,8136046,21544500
7142,578,538,852460,10956,8136584,20824000
7143,576,538,851884,10994,8137122,19956400
7144,567,560,851317,11001,8137682,19745900
7145,582,550,850735,11033,8138232,20851300
7146,577,584,850158,11026,8138816,20538900
7147,568,550,849590,11044,8139366,20027300
7148,550,517,849040,11077,8139883,20126200
7149,578,567,848462,11088,8140450,21540600
7150,567,514,847895,11141,8140964,22298400
7151,555,545,847340,11151,8141509,21712100
7152,516,540,846824,11127,8142049,20927600
7153,562,572,846262,11117,8142621,20349100
7154,542,515,845720,11144,8143136,22387900
7155,546,532,845174,11158,8143668,20882600
7156,522,519,844652,11161,8144187,21246300
7157,553,595,844099,11119,8144782,23186800
7158,528,591,843571,11056,8145373,22547300
7159,539,603,843032,10992,8145976,23567800
7160,538,578,842494,10952,8146554,23193400
7161,569,523,841925,10998,8147077,21366100
7162,551,555,841374,10994,8147632,20373800
7163,539,534,840835,10999,8148166,20509600
7164,549,564,840286,10984,8148730,20569500
7165,503,538,839783,10949,8149268,21815300
7166,508,525,839275,10932,8149793,20168300
7167,559,507,838716,10984,8150300,20763600
7168,551,551,838165,10984,8150851,19934800
7169,543,561,837622,10966,8151412,20928200
7170,548,565,837074,10949,8151977,20927000
7171,540,549,836534,10940,8152526,20901400
7172,545,556,835989,10929,8153082,20407400
7173,541,548,835448,10922,8153630,20133500
7174,513,559,834935,10876,8154189,19499300
7175,552,509,834383,10919,8154698,19506900
7176,573,590,833810,10902,8155288,19954200
7177,554,534,833256,10922,8155822,19587500
7178,556,544,832700,10934,8156366,19997000
7179,578,557,832122,10955,8156923,19809100
7180,551,515,831571,10991,8157438,19706500
7181,570,565,831001,10996,8158003,20275000
7182,541,574,830460,10963,8158577,20762100
7183,541,588,829919,10916,8159165,21562100
7184,585,562,829334,10939,8159727,20949000
7185,590,578,828744,10951,8160305,21063300
7186,563,547,828181,10967,8160852,20849500
7187,538,517,827643,10988,8161369,20551500
7188,555,592,827088,10951,8161961,20722300
7189,549,520,826539,10980,8162481,20214100
7190,551,533,825988,10998,8163014,19923300
7191,562,540,825426,11020,8163554,20219500
7192,559,516,824867,11063,8164070,20262800
7193,581,581,824286,11063,8164651,20292000
7194,552,555,823734,11060,8165206,20557200
7195,527,565,823207,11022,8165771,20293000
7196,534,557,822673,10999,8166328,20211800
7197,524,553,822149,10970,8166881,20058100
7198,541,579,821608,10932,8167460,20039600
7199,551,575,821057,10908,8168035,20847700
7200,545,553,820512,10900,8168588,20268100
7201,529,553,819983,10876,8169141,23142500
7202,542,567,819441,10851,8169708,23141800
7203,518,570,818923,10799,8170278,21205400
7204,550,546,818373,10803,8170824,22473200
7205,547,565,817826,10785,8171389,20599500
7206,531,535,817295,10781,8171924,20102900
7207,514,546,816781,10749,8172470,20100900
7208,525,507,816256,10767,8172977,20195800
7209,535,562,815721,10740,8173539,20988300
7210,543,527,815178,10756,8174066,20897700
7211,471,488,814707,10739,8174554,20869200
7212,537,570,814170,10706,8175124,21043300
7213,576,545,813594,10737,8175669,21404400
7214,543,558,813051,10722,8176227,21870300
7215,507,541,812544,10688,8176768,21815100
7216,534,541,812010,10681,8177309,22346500
7217,499,561,811511,10619,8177870,21439400
7218,500,554,811011,10565,8178424,22333800
7219,525,506,810486,10584,8178930,21796600
7220,510,506,809976,10588,8179436,21961400
7221,497,498,809479,10587,8179934,21756500
7222,500,542,808979,10545,8180476,21147400
7223,492,523,808487,10514,8180999,21580500
7224,547,510,807940,10551,8181509,21579100
7225,475,544,807465,10482,8182053,21697600
7226,454,501,807011,10435,8182554,22899400
7227,505,523,806506,10417,8183077,22277200
7228,495,519,806011,10393,8183596,22383400
7229,467,520,805544,10340,8184116,22473900
7230,505,476,805039,10369,8184592,21747900
7231,494,518,804545,10345,8185110,21072200
7232,497,522,804048,10320,8185632,21787100
7233,483,513,803565,10290,8186145,20730100
7234,484,476,803081,10298,8186621,21014200
7235,489,507,802592,10280,8187128,20679400
7236,526,552,802066,10254,8187680,21009100
7237,496,508,801570,10242,8188188,20558100
7238,504,479,801066,10267,8188667,20582200
7239,477,524,800589,10220,8189191,20663400
7240,498,547,800091,10171,8189738,20107300
7241,499,490,799592,10180,8190228,19834500
7242,508,527,799084,10161,8190755,20443700
7243,476,530,798608,10107,8191285,19945200
7244,495,522,798113,10080,8191807,20373500
7245,486,521,797627,10045,8192328,20433900
7246,477,470,797150,10052,8192798,19732600
7247,483,516,796667,10019,8193314,20268900
7248,497,492,796170,10024,8193806,21391600
7249,505,469,795665,10060,8194275,19872800
7250,544,495,795121,10109,8194770,19799400
7251,478,514,794643,10073,8195284,19977100
7252,489,537,794154,10025,8195821,19599400
7253,481,538,793673,9968,8196359,19992400
7254,501,482,793172,9987,8196841,20630300
7255,498,531,792674,9954,8197372,20356900
7256,480,486,792194,9948,8197858,19705600
7257,493,489,791701,9952,8198347,19736800
7258,453,521,791248,9884,8198868,19585400
7259,501,485,790747,9900,8199353,19472600
7260,444,490,790303,9854,8199843,19601900
7261,434,495,789869,9793,8200338,19580700
7262,473,526,789396,9740,8200864,20320500
7263,493,511,788903,9722,8201375,21593600
7264,502,471,788401,9753,8201846,19503000
7265,517,478,787884,9792,8202324,19807500
7266,456,490,787428,9758,8202814,19879200
7267,462,462,786966,9758,8203276,20923800
7268,488,478,786478,9768,8203754,19745000
7269,473,484,786005,9757,8204238,19864700
7270,505,474,785500,9788,8204712,21028000
7271,428,462,785072,9754,8205174,19433600
7272,448,509,784624,9693,8205683,20393000
7273,484,497,784140,9680,8206180,19742400
7274,471,485,783669,9666,8206665,20067500
7275,464,475,783205,9655,8207140,20277700
7276,472,502,782733,9625,8207642,19854600
7277,483,501,782250,9607,8208143,20446700
7278,473,464,781777,9616,8208607,20586800
7279,461,520,781316,9557,8209127,23384700
7280,525,485,780791,9597,8209612,25029600
7281,465,510,780326,9552,8210122,22809700
7282,494,499,779832,9547,8210621,21889300
7283,502,479,779330,9570,8211100,20747900
7284,459,489,778871,9540,8211589,20041800
7285,467,475,778404,9532,8212064,20491800
7286,439,469,777965,9502,8212533,19827100
7287,473,496,777492,9479,8213029,20012400
7288,466,474,777026,9471,8213503,20353200
7289,471,468,776555,9474,8213971,19703100
7290,452,479,776103,9447,8214450,20056400
7291,454,499,775649,9402,8214949,20565600
7292,490,463,775159,9429,8215412,19816600
7293,508,451,774651,9486,8215863,19713900
7294,437,475,774214,9448,8216338,21527800
7295,476,487,773738,9437,8216825,20028700
7296,458,428,773280,9467,8217253,19848700
7297,469,514,772811,9422,8217767,21389200
7298,514,501,772297,9435,8218268,22481500
7299,529,453,771768,9511,8218721,21419400
7300,476,482,771292,9505,8219203,21092900
7301,479,475,770813,9509,8219678,20831700
7302,519,498,770294,9530,8220176,20284000
7303,511,490,769783,9551,8220666,23367400
7304,470,504,769313,9517,8221170,20666900
7305,480,495,768833,9502,8221665,20607500
7306,493,466,768340,9529,8222131,19656700
7307,483,471,767857,9541,8222602,20013300
7308,463,493,767394,9511,8223095,19779300
7309,482,473,766912,9520,8223568,19819700
7310,488,484,766424,9524,8224052,19471100
7311,491,479,765933,9536,8224531,19349400
7312,479,481,765454,9534,8225012,20039100
7313,465,474,764989,9525,8225486,19789100
7314,473,450,764516,9548,8225936,19951300
7315,455,463,764061,9540,8226399,19602200
7316,499,473,763562,9566,8226872,20071200
7317,463,464,763099,9565,8227336,19589200
7318,473,490,762626,9548,8227826,19474900
7319,472,474,762154,9546,8228300,19985100
7320,459,508,761695,9497,8228808,19584400
7321,489,483,761206,9503,8229291,19602600
7322,476,472,760730,9507,8229763,20017000
7323,493,474,760237,9526,8230237,19574600
7324,491,463,759746,9554,8230700,19586100
7325,476,510,759270,9520,8231210,19135100
7326,484,481,758786,9523,8231691,19949200
7327,469,485,758317,9507,8232176,19964500
7328,478,473,757839,9512,8232649,22347500
7329,478,456,757361,9534,8233105,19545700
7330,476,475,756885,9535,8233580,19720400
7331,491,469,756394,9557,8234049,20115900
7332,477,489,755917,9545,8234538,19491400
7333,486,465,755431,9566,8235003,19166700
7334,472,450,754959,9588,8235453,19791400
7335,519,462,754440,9645,8235915,19672900
7336,462,486,753978,9621,8236401,19361800
7337,454,482,753524,9593,8236883,19566300
7338,503,477,753021,9619,8237360,19845200
7339,462,500,752559,9581,8237860,19416200
7340,457,458,752102,9580,8238318,19377900
7341,448,507,751654,9521,8238825,20248000
7342,494,532,751160,9483,8239357,19658500
7343,467,469,750693,9481,8239826,19700600
7344,492,484,750201,9489,8240310,19969500
7345,481,441,749720,9529,8240751,20039500
7346,483,498,749237,9514,8241249,20281800
7347,462,506,748775,9470,8241755,21073700
7348,446,481,748329,9435,8242236,21385000
7349,441,457,747888,9419,8242693,20838200
7350,463,488,747425,9394,8243181,20360300
7351,460,443,746965,9411,8243624,20000600
7352,446,475,746519,9382,8244099,20512500
7353,490,475,746029,9397,8244574,20837100
7354,452,450,745577,9399,8245024,21562300
7355,477,450,745100,9426,8245474,20156900
7356,479,487,744621,9418,8245961,19671000
7357,459,411,744162,9466,8246372,20493700
7358,479,484,743683,9461,8246856,19625500
7359,497,467,743186,9491,8247323,20286300
7360,490,452,742696,9529,8247775,20462400
7361,488,465,742208,9552,8248240,19995300
7362,453,455,741755,9550,8248695,20121300
7363,484,516,741271,9518,8249211,20563900
7364,467,475,740804,9510,8249686,21162700
7365,438,449,740366,9499,8250135,20295900
7366,425,471,739941,9453,8250606,21080500
7367,417,446,739524,9424,8251052,21312100
7368,433,470,739091,9387,8251522,20615700
7369,424,488,738667,9323,8252010,21187200
7370,446,488,738221,9281,8252498,19400400
7371,422,484,737799,9219,8252982,19458500
7372,425,468,737374,9176,8253450,19320300
7373,435,472,736939,9139,8253922,20161300
7374,448,437,736491,9150,8254359,19714900
7375,409,437,736082,9122,8254796,19556500
7376,405,498,735677,9029,8255294,19810500
7377,410,472,735267,8967,8255766,19585000
7378,411,453,734856,8925,8256219,19991600
7379,428,422,734428,8931,8256641,19419600
7380,464,463,733964,8932,8257104,19572400
7381,408,452,733556,8888,8257556,19625200
7382,424,435,733132,8877,8257991,19680900
7383,380,466,732752,8791,8258457,19849700
7384,404,421,732348,8774,8258878,20370600
7385,430,434,731918,8770,8259312,20331400
7386,377,425,731541,8722,8259737,20968000
7387,364,464,731177,8622,8260201,20727000
7388,419,424,730758,8617,8260625,21329700
7389,453,446,730305,8624,8261071,21464000
7390,434,477,729871,8581,8261548,20570200
7391,400,421,729471,8560,8261969,20536200
7392,402,432,729069,8530,8262401,20077400
7393,390,430,728679,8490,8262831,20324400
7394,397,429,728282,8458,8263260,20359900
7395,420,418,727862,8460,8263678,20178700
7396,419,421,727443,8458,8264099,20329100
7397,418,401,727025,8475,8264500,20650500
7398,372,403,726653,8444,8264903,20734700
7399,422,466,726231,8400,8265369,20469900
7400,400,388,725831,8412,8265757,19898100
7401,407,420,725424,8399,8266177,19464800
7402,388,448,725036,8339,8266625,19529700
7403,392,416,724644,8315,8267041,19266500
7404,414,450,724230,8279,8267491,20087000
7405,391,419,723839,8251,8267910,20535600
7406,423,411,723416,8263,8268321,20159600
7407,430,436,722986,8257,8268757,20117600
7408,398,416,722588,8239,8269173,20521100
7409,407,417,722181,8229,8269590,20814200
7410,398,407,721783,8220,8269997,20818500
7411,405,453,721378,8172,8270450,20293400
7412,419,440,720959,8151,8270890,20562400
7413,473,415,720486,8209,8271305,20117700
7414,392,433,720094,8168,8271738,19878200
7415,412,403,719682,8177,8272141,19726900
7416,392,430,719290,8139,8272571,20233800
7417,402,404,718888,8137,8272975,20638200
7418,427,395,718461,8169,8273370,19877900
7419,431,415,718030,8185,8273785,20109900
7420,429,356,717601,8258,8274141,20325100
7421,401,395,717200,8264,8274536,20417300
7422,431,432,716769,8263,8274968,19411800
7423,397,408,716372,8252,8275376,19766300
7424,406,421,715966,8237,8275797,19650100
7425,428,419,715538,8246,8276216,19678800
7426,404,399,715134,8251,8276615,19483700
7427,423,402,714711,8272,8277017,19889700
7428,408,402,714303,8278,8277419,20466700
7429,380,438,713923,8220,8277857,20142600
7430,426,438,713497,8208,8278295,20568300
7431,421,418,713076,8211,8278713,20223900
7432,430,431,712646,8210,8279144,19837900
7433,419,376,712227,8253,8279520,20304700
7434,395,394,711832,8254,8279914,19486600
7435,428,422,711404,8260,8280336,19790500
7436,444,398,710960,8306,8280734,20030100
7437,458,387,710502,8377,8281121,20022700
7438,458,453,710044,8382,8281574,19771600
7439,429,436,709615,8375,8282010,19810200
7440,461,405,709154,8431,8282415,19663000
7441,441,386,708713,8486,8282801,19432900
7442,431,415,708282,8502,8283216,19827600
7443,410,459,707872,8453,8283675,19537900
7444,467,408,707405,8512,8284083,19706100
7445,432,401,706973,8543,8284484,19623400
7446,418,442,706555,8519,8284926,19468100
7447,449,416,706106,8552,8285342,20029500
7448,461,438,705645,8575,8285780,19492200
7449,429,430,705216,8574,8286210,19564800
7450,442,450,704774,8566,8286660,19734500
7451,401,412,704373,8555,8287072,19299900
7452,443,441,703930,8557,8287513,19155100
7453,417,452,703513,8522,8287965,19387200
7454,410,439,703103,8493,8288404,19621400
7455,400,389,702703,8504,8288793,20158700
7456,444,435,702259,8513,8289228,20736000
7457,393,408,701866,8498,8289636,21529800
7458,405,439,701461,8464,8290075,23288600
7459,428,394,701033,8498,8290469,22655500
7460,404,477,700629,8425,8290946,20942800
7461,419,393,700210,8451,8291339,20479200
7462,420,440,699790,8431,8291779,21135600
7463,407,440,699383,8398,8292219,20233000
7464,425,417,698958,8406,8292636,21587200
7465,410,430,698548,8386,8293066,20230300
7466,403,413,698145,8376,8293479,20702300
7467,427,417,697718,8386,8293896,20222200
7468,443,434,697275,8395,8294330,20664600
7469,408,429,696867,8374,8294759,20028900
7470,383,464,696484,8293,8295223,20303000
7471,421,457,696063,8257,8295680,22111700
7472,400,408,695663,8249,8296088,21637400
7473,407,438,695256,8218,8296526,21163800
7474,434,403,694822,8249,8296929,20771900
7475,408,403,694414,8254,8297332,21258500
7476,380,424,694034,8210,8297756,21657500
7477,419,409,693615,8220,8298165,22840400
7478,443,395,693172,8268,8298560,21379900
7479,441,400,692731,8309,8298960,22581500
7480,471,372,692260,8408,8299332,21173900
7481,408,412,691852,8404,8299744,20942000
7482,419,412,691433,8411,8300156,21296000
7483,454,399,690979,8466,8300555,20522700
7484,457,410,690522,8513,8300965,20021600
7485,451,404,690071,8560,8301369,20480000
7486,429,442,689642,8547,8301811,19716000
7487,396,439,689246,8504,8302250,20024600
7488,436,453,688810,8487,8302703,21051000
7489,415,432,688395,8470,8303135,20707200
7490,436,388,687959,8518,8303523,19824300
7491,426,459,687533,8485,8303982,19963200
7492,403,442,687130,8446,8304424,19922100
7493,442,433,686688,8455,8304857,20373900
7494,430,421,686258,8464,8305278,20813400
7495,451,432,685807,8483,8305710,19635100
7496,423,414,685384,8492,8306124,20008700
7497,470,427,684914,8535,8306551,19693400
7498,425,423,684489,8537,8306974,20280300
7499,425,390,684064,8572,8307364,19753600
7500,386,368,683678,8590,8307732,19392700
7501,455,411,683223,8634,8308143,20436700
7502,447,442,682776,8639,8308585,19684500
7503,406,402,682370,8643,8308987,20257100
7504,423,407,681947,8659,8309394,19544000
7505,431,443,681516,8647,8309837,20358900
7506,426,420,681090,8653,8310257,20128700
7507,427,400,680663,8680,8310657,19866400
7508,431,423,680232,8688,8311080,19480500
7509,433,451,679799,8670,8311531,19488800
7510,455,405,679344,8720,8311936,19671100
7511,422,464,678922,8678,8312400,19356900
7512,408,425,678514,8661,8312825,19970900
7513,422,422,678092,8661,8313247,20080800
7514,411,436,677681,8636,8313683,19622500
7515,432,417,677249,8651,8314100,19842100
7516,424,452,676825,8623,8314552,19672000
7517,407,433,676418,8597,8314985,19971200
7518,388,438,676030,8547,8315423,19314000
7519,392,430,675638,8509,8315853,21022100
7520,419,404,675219,8524,8316257,20169900
7521,411,449,674808,8486,8316706,19627000
7522,420,429,674388,8477,8317135,19811000
7523,399,389,673989,8487,8317524,19768900
7524,406,446,673583,8447,8317970,20489800
7525,372,432,673211,8387,8318402,19954200
7526,432,399,672779,8420,8318801,20178800
7527,401,429,672378,8392,8319230,20100700
7528,369,423,672009,8338,8319653,20734800
7529,394,421,671615,8311,8320074,19502100
7530,398,439,671217,8270,8320513,19798200
7531,412,422,670805,8260,8320935,19872800
7532,412,419,670393,8253,8321354,19720300
7533,390,385,670003,8258,8321739,19560300
7534,390,423,669613,8225,8322162,19912200
7535,384,417,669229,8192,8322579,20657000
7536,399,402,668830,8189,8322981,19669500
7537,412,417,668418,8184,8323398,19935500
7538,396,409,668022,8171,8323807,20921500
7539,390,390,667632,8171,8324197,20915500
7540,385,397,667247,8159,8324594,19899000
7541,423,413,666824,8169,8325007,20427300
7542,422,367,666402,8224,8325374,21497900
7543,399,384,666003,8239,8325758,21303700
7544,421,412,665582,8248,8326170,21024100
7545,399,401,665183,8246,8326571,20503300
7546,375,439,664808,8182,8327010,19817700
7547,405,402,664403,8185,8327412,20488300
7548,411,452,663992,8144,8327864,20109200
7549,368,391,663624,8121,8328255,19502000
7550,393,411,663231,8103,8328666,20309800
7551,386,426,662845,8063,8329092,19913200
7552,402,409,662443,8056,8329501,19724200
7553,378,374,662065,8060,8329875,20714700
7554,412,403,661653,8069,8330278,19920500
7555,386,403,661267,8052,8330681,19776300
7556,388,380,660879,8060,8331061,19570500
7557,397,428,660482,8029,8331489,21120500
7558,397,386,660085,8040,8331875,20140700
7559,393,428,659692,8005,8332303,19550100
7560,392,411,659300,7986,8332714,20359400
7561,389,396,658911,7979,8333110,20238800
7562,368,421,658543,7926,8333531,20188700
7563,382,399,658161,7909,8333930,19989500
7564,382,394,657779,7897,8334324,20507100
7565,390,401,657389,7886,8334725,20407400
7566,369,392,657020,7863,8335117,19883000
7567,387,393,656633,7857,8335510,20088600
7568,390,382,656243,7865,8335892,20306900
7569,391,404,655852,7852,8336296,20095000
7570,379,385,655473,7846,8336681,19464700
7571,348,386,655125,7808,8337067,19671400
7572,374,386,654751,7796,8337453,19597200
7573,396,408,654355,7784,8337861,20809900
7574,378,383,653977,7779,8338244,19767200
7575,403,364,653574,7818,8338608,19523400
7576,388,397,653186,7809,8339005,20428200
7577,385,394,652801,7800,8339399,20809900
7578,398,382,652403,7816,8339781,19488500
7579,357,398,652046,7775,8340179,19970400
7580,391,384,651655,7782,8340563,19749400
7581,412,393,651243,7801,8340956,21342200
7582,360,384,650883,7777,8341340,20137100
7583,361,377,650522,7761,8341717,20793300
7584,400,412,650122,7749,8342129,20287000
7585,391,419,649731,7721,8342548,20210200
7586,409,387,649322,7743,8342935,20773600
7587,371,377,648951,7737,8343312,19510300
7588,387,371,648564,7753,8343683,21101800
7589,378,396,648186,7735,8344079,20178900
7590,399,430,647787,7704,8344509,19920500
7591,408,383,647379,7729,8344892,20040800
7592,442,378,646937,7793,8345270,19640100
7593,441,375,646496,7859,8345645,20497800
7594,407,369,646089,7897,8346014,19802500
7595,432,408,645657,7921,8346422,19765400
7596,422,412,645235,7931,8346834,20366700
7597,397,357,644838,7971,8347191,20642200
7598,415,435,644423,7951,8347626,21776600
7599,403,413,644020,7941,8348039,20713900
7600,422,388,643598,7975,8348427,21064000
7601,425,432,643173,7968,8348859,20500600
7602,428,391,642745,8005,8349250,21531100
7603,447,404,642298,8048,8349654,21624800
7604,411,404,641887,8055,8350058,20753800
7605,388,416,641499,8027,8350474,20677400
7606,396,457,641103,7966,8350931,19798400
7607,381,421,640722,7926,8351352,21567300
7608,428,364,640294,7990,8351716,20859400
7609,382,395,639912,7977,8352111,22243500
7610,382,406,639530,7953,8352517,21468400
7611,398,421,639132,7930,8352938,23041900
7612,403,404,638729,7929,8353342,20076500
7613,403,366,638326,7966,8353708,19928700
7614,388,397,637938,7957,8354105,20414200
7615,353,395,637585,7915,8354500,20021200
7616,386,365,637199,7936,8354865,19559000
7617,401,371,636798,7966,8355236,20240500
7618,419,400,636379,7985,8355636,19668100
7619,390,389,635989,7986,8356025,19703100
7620,440,400,635549,8026,8356425,19986900
7621,395,420,635154,8001,8356845,20503900
7622,405,390,634749,8016,8357235,20541300
7623,389,399,634360,8006,8357634,20076500
7624,373,370,633987,8009,8358004,19663500
7625,371,422,633616,7958,8358426,20130900
7626,373,388,633243,7943,8358814,20288500
7627,406,385,632837,7964,8359199,21158800
7628,419,429,632418,7954,8359628,20030800
7629,385,382,632033,7957,8360010,20197300
7630,399,375,631634,7981,8360385,20462000
7631,392,406,631242,7967,8360791,20350600
7632,397,421,630845,7943,8361212,20090300
7633,380,394,630465,7929,8361606,20060900
7634,378,355,630087,7952,8361961,20467100
7635,348,417,629739,7883,8362378,19978100
7636,381,393,629358,7871,8362771,20667200
7637,396,364,628962,7903,8363135,20648100
7638,387,404,628575,7886,8363539,19651700
7639,411,368,628164,7929,8363907,19980400
7640,405,387,627759,7947,8364294,19473200
7641,400,413,627359,7934,8364707,19568300
7642,369,387,626990,7916,8365094,19725700
7643,397,393,626593,7920,8365487,20375500
7644,386,401,626207,7905,8365888,19737000
7645,362,390,625845,7877,8366278,19336600
7646,382,421,625463,7838,8366699,19630000
7647,383,399,625080,7822,8367098,19573200
7648,370,369,624710,7823,8367467,20162000
7649,370,378,624340,7815,8367845,19950200
7650,389,393,623951,7811,8368238,20815100
7651,336,370,623615,7777,8368608,20028000
7652,388,364,623227,7801,8368972,20326800
7653,360,361,622867,7800,8369333,19929600
7654,373,441,622494,7732,8369774,20036500
7655,396,373,622098,7755,8370147,20226600
7656,374,383,621724,7746,8370530,19921400
7657,357,403,621367,7700,8370933,20232500
7658,361,396,621006,7665,8371329,20854800
7659,391,368,620615,7688,8371697,20526100
7660,359,393,620256,7654,8372090,20620000
7661,377,385,619879,7646,8372475,22450300
7662,402,374,619477,7674,8372849,23120600
7663,386,389,619091,7671,8373238,20578000
7664,365,407,618726,7629,8373645,20358100
7665,384,410,618342,7603,8374055,20214100
7666,389,395,617953,7597,8374450,20378700
7667,359,375,617594,7581,8374825,20227200
7668,398,385,617196,7594,8375210,20088700
7669,377,359,616819,7612,8375569,20430000
7670,411,402,616408,7621,8375971,20693000
7671,383,376,616025,7628,8376347,20181200
7672,406,392,615619,7642,8376739,19793400
7673,362,351,615257,7653,8377090,20461200
7674,369,392,614888,7630,8377482,20319300
7675,420,395,614468,7655,8377877,19948100
7676,375,346,614093,7684,8378223,20798400
7677,394,395,613699,7683,8378618,19970400
7678,403,366,613296,7720,8378984,20219900
7679,381,385,612915,7716,8379369,19954200
7680,395,397,612520,7714,8379766,20258300
7681,372,396,612148,7690,8380162,19701500
7682,404,376,611744,7718,8380538,19713600
7683,411,360,611333,7769,8380898,20233400
7684,358,351,610975,7776,8381249,19582000
7685,379,381,610596,7774,8381630,20171800
7686,361,381,610235,7754,8382011,19424500
7687,356,395,609879,7715,8382406,19658800
7688,374,387,609505,7702,8382793,19260900
7689,351,388,609154,7665,8383181,19758000
7690,378,385,608776,7658,8383566,19375400
7691,375,381,608401,7652,8383947,19962300
7692,332,372,608069,7612,8384319,19928600
7693,355,414,607714,7553,8384733,20457600
7694,339,362,607375,7530,8385095,19952200
7695,382,372,606993,7540,8385467,20354800
7696,354,402,606639,7492,8385869,19754500
7697,374,394,606265,7472,8386263,20159400
7698,364,376,605901,7460,8386639,19734500
7699,349,409,605552,7400,8387048,20117200
7700,359,365,605193,7394,8387413,19951200
7701,313,394,604880,7313,8387807,19501700
7702,365,363,604515,7315,8388170,21030100
7703,333,408,604182,7240,8388578,22218900
7704,355,354,603827,7241,8388932,19444100
7705,343,376,603484,7208,8389308,20070100
7706,321,345,603163,7184,8389653,20548600
7707,358,370,602805,7172,8390023,20039000
7708,357,367,602448,7162,8390390,20898400
7709,368,364,602080,7166,8390754,20626000
7710,348,332,601732,7182,8391086,21034100
7711,362,358,601370,7186,8391444,21025500
7712,342,354,601028,7174,8391798,20796000
7713,343,361,600685,7156,8392159,20342800
7714,374,374,600311,7156,8392533,20925700
7715,375,342,599936,7189,8392875,20902900
7716,356,359,599580,7186,8393234,21028300
7717,351,390,599229,7147,8393624,20864400
7718,380,376,598849,7151,8394000,20453900
7719,382,383,598467,7150,8394383,20260900
7720,381,379,598086,7152,8394762,20394500
7721,388,392,597698,7148,8395154,20619000
7722,370,349,597328,7169,8395503,21287000
7723,374,362,596954,7181,8395865,21059100
7724,366,370,596588,7177,8396235,21086800
7725,361,345,596227,7193,8396580,22137000
7726,363,341,595864,7215,8396921,20766800
7727,332,366,595532,7181,8397287,20879000
7728,324,334,595208,7171,8397621,21696600
7729,327,364,594881,7134,8397985,20793600
7730,339,352,594542,7121,8398337,21141800
7731,344,365,594198,7100,8398702,20408000
7732,352,339,593846,7113,8399041,20692100
7733,377,371,593469,7119,8399412,20535500
7734,363,350,593106,7132,8399762,20373000
7735,386,343,592720,7175,8400105,20051300
7736,332,373,592388,7134,8400478,21058400
7737,343,360,592045,7117,8400838,20111100
7738,382,362,591663,7137,8401200,20138100
7739,378,346,591285,7169,8401546,20222100
7740,361,347,590924,7183,8401893,19687700
7741,355,335,590569,7203,8402228,19996900
7742,403,368,590166,7238,8402596,20195400
7743,401,362,589765,7277,8402958,19886200
7744,375,361,589390,7291,8403319,19735800
7745,373,358,589017,7306,8403677,19811500
7746,372,358,588645,7320,8404035,26794400
7747,379,386,588266,7313,8404421,20636600
7748,362,345,587904,7330,8404766,20086300
7749,359,364,587545,7325,8405130,19735300
7750,396,363,587149,7358,8405493,20398500
7751,352,360,586797,7350,8405853,21156100
7752,348,362,586449,7336,8406215,20323800
7753,389,377,586060,7348,8406592,20254400
7754,376,363,585684,7361,8406955,20188500
7755,396,364,585288,7393,8407319,19538600
7756,354,386,584934,7361,8407705,19993400
7757,358,364,584576,7355,8408069,19681900
7758,366,354,584210,7367,8408423,19834500
7759,350,382,583860,7335,8408805,20113700
7760,344,335,583516,7344,8409140,20902700
7761,360,397,583156,7307,8409537,20265000
7762,381,351,582775,7337,8409888,20555200
7763,372,373,582403,7336,8410261,20825700
7764,332,358,582071,7310,8410619,20526100
7765,355,371,581716,7294,8410990,19956000
7766,351,355,581365,7290,8411345,19774500
7767,346,372,581019,7264,8411717,20029500
7768,364,406,580655,7222,8412123,20658800
7769,357,358,580298,7221,8412481,20737400
7770,340,365,579958,7196,8412846,19741700
7771,330,357,579628,7169,8413203,19832100
7772,350,374,579278,7145,8413577,19890000
7773,354,388,578924,7111,8413965,20245800
7774,363,381,578561,7093,8414346,20141400
7775,352,363,578209,7082,8414709,20182700
7776,346,356,577863,7072,8415065,20510600
7777,327,383,577536,7016,8415448,22160700
7778,373,341,577163,7048,8415789,24623400
7779,346,363,576817,7031,8416152,20212400
7780,329,369,576488,6991,8416521,20675700
7781,374,354,576114,7011,8416875,20773100
7782,356,334,575758,7033,8417209,20101400
7783,339,369,575419,7003,8417578,20511200
7784,372,344,575047,7031,8417922,21668500
7785,366,376,574681,7021,8418298,20409000
7786,397,345,574284,7073,8418643,20829000
7787,375,353,573909,7095,8418996,20412100
7788,339,357,573570,7077,8419353,20825200
7789,341,342,573229,7076,8419695,20163200
7790,351,371,572878,7056,8420066,19959500
7791,332,336,572546,7052,8420402,20223400
7792,322,310,572224,7064,8420712,20144500
7793,332,383,571892,7013,8421095,21015000
7794,364,364,571528,7013,8421459,20333800
7795,335,366,571193,6982,8421825,20211100
7796,340,320,570853,7002,8422145,20572700
7797,362,370,570491,6994,8422515,20346800
7798,320,333,570171,6981,8422848,19830900
7799,338,341,569833,6978,8423189,19675600
7800,296,338,569537,6936,8423527,20311300
7801,355,313,569182,6978,8423840,20404800
7802,348,348,568834,6978,8424188,19939000
7803,339,327,568495,6990,8424515,20193700
7804,381,374,568114,6997,8424889,20195100
7805,329,339,567785,6987,8425228,20089000
7806,347,309,567438,7025,8425537,20298500
7807,356,342,567082,7039,8425879,19558100
7808,336,340,566746,7035,8426219,20355800
7809,374,370,566372,7039,8426589,20885800
7810,322,355,566050,7006,8426944,19984100
7811,348,354,565702,7000,8427298,19956200
7812,334,357,565368,6977,8427655,20137400
7813,353,348,565015,6982,8428003,19608900
7814,322,354,564693,6950,8428357,20250200
7815,339,326,564354,6963,8428683,19201400
7816,336,322,564018,6977,8429005,19832100
7817,361,332,563657,7006,8429337,19443000
7818,314,344,563343,6976,8429681,20130600
7819,357,365,562986,6968,8430046,19991500
7820,370,358,562616,6980,8430404,20069000
7821,338,348,562278,6970,8430752,20218100
7822,334,359,561944,6945,8431111,19558300
7823,351,358,561593,6938,8431469,20649600
7824,336,335,561257,6939,8431804,20328300
7825,349,359,560908,6929,8432163,20046300
7826,330,353,560578,6906,8432516,20933900
7827,356,343,560222,6919,8432859,20517000
7828,350,345,559872,6924,8433204,19994100
7829,342,378,559530,6888,8433582,19870800
7830,357,364,559173,6881,8433946,20644800
7831,359,304,558814,6936,8434250,19665300
7832,349,326,558465,6959,8434576,20003500
7833,311,345,558154,6925,8434921,20202600
7834,356,354,557798,6927,8435275,21197300
7835,345,340,557453,6932,8435615,20025100
7836,311,348,557142,6895,8435963,19589000
7837,337,338,556805,6894,8436301,19770100
7838,339,301,556466,6932,8436602,20383100
7839,341,366,556125,6907,8436968,19570100
7840,375,336,555750,6946,8437304,20324200
7841,354,360,555396,6940,8437664,19517400
7842,363,353,555033,6950,8438017,20835900
7843,376,362,554657,6964,8438379,20379700
7844,302,341,554355,6925,8438720,19342900
7845,350,363,554005,6912,8439083,19917200
7846,315,340,553690,6887,8439423,20416100
7847,326,327,553364,6886,8439750,19618500
7848,356,357,553008,6885,8440107,20161700
7849,367,345,552641,6907,8440452,20194400
7850,344,357,552297,6894,8440809,20172900
7851,339,364,551958,6869,8441173,20615600
7852,342,322,551616,6889,8441495,20248500
7853,360,344,551256,6905,8441839,20371100
7854,351,334,550905,6922,8442173,20515000
7855,342,341,550563,6923,8442514,20508500
7856,326,353,550237,6896,8442867,20732000
7857,349,338,549888,6907,8443205,20053700
7858,347,355,549541,6899,8443560,20324300
7859,358,358,549183,6899,8443918,20047300
7860,348,341,548835,6906,8444259,20917500
7861,386,362,548449,6930,8444621,20023900
7862,332,330,548117,6932,8444951,20135400
7863,361,316,547756,6977,8445267,20363000
7864,363,326,547393,7014,8445593,19702300
7865,328,337,547065,7005,8445930,20279600
7866,353,339,546712,7019,8446269,19883500
7867,334,329,546378,7024,8446598,19576100
7868,299,356,546079,6967,8446954,19703400
7869,315,374,545764,6908,8447328,19557800
7870,311,378,545453,6841,8447706,19934800
7871,332,389,545121,6784,8448095,20398200
7872,339,342,544782,6781,8448437,19834200
7873,326,350,544456,6757,8448787,19838600
7874,335,320,544121,6772,8449107,20126400
7875,333,330,543788,6775,8449437,19845800
7876,339,329,543449,6785,8449766,19443100
7877,312,366,543137,6731,8450132,19726900
7878,302,342,542835,6691,8450474,19375700
7879,316,311,542519,6696,8450785,19659800
7880,318,340,542201,6674,8451125,19732800
7881,370,357,541831,6687,8451482,19645700
7882,327,331,541504,6683,8451813,19812300
7883,349,332,541155,6700,8452145,20000700
7884,312,349,540843,6663,8452494,19671500
7885,306,307,540537,6662,8452801,20187600
7886,351,337,540186,6676,8453138,20259500
7887,297,321,539889,6652,8453459,19622300
7888,304,322,539585,6634,8453781,19447700
7889,337,337,539248,6634,8454118,19538500
7890,315,324,538933,6625,8454442,19851100
7891,295,351,538638,6569,8454793,20336000
7892,328,374,538310,6523,8455167,19976100
7893,304,320,538006,6507,8455487,19784000
7894,314,338,537692,6483,8455825,20551000
7895,317,328,537375,6472,8456153,19360100
7896,311,298,537064,6485,8456451,20229300
7897,308,315,536756,6478,8456766,19617100
7898,295,322,536461,6451,8457088,19733300
7899,303,273,536158,6481,8457361,19417400
7900,325,353,535833,6453,8457714,20055500
7901,316,325,535517,6444,8458039,20158900
7902,330,317,535187,6457,8458356,20175600
7903,326,322,534861,6461,8458678,20162700
7904,338,339,534523,6460,8459017,19775100
7905,332,348,534191,6444,8459365,20394600
7906,353,332,533838,6465,8459697,20001300
7907,328,343,533510,6450,8460040,20000800
7908,358,332,533152,6476,8460372,19769700
7909,327,331,532825,6472,8460703,19652000
7910,333,337,532492,6468,8461040,19696300
7911,310,332,532182,6446,8461372,20615100
7912,295,275,531887,6466,8461647,20236300
7913,346,336,531541,6476,8461983,20180700
7914,300,283,531241,6493,8462266,20313200
7915,326,335,530915,6484,8462601,20071800
7916,338,325,530577,6497,8462926,20170700
7917,311,319,530266,6489,8463245,19839900
7918,280,325,529986,6444,8463570,19794300
7919,316,306,529670,6454,8463876,20381900
7920,295,308,529375,6441,8464184,20908600
7921,313,328,529062,6426,8464512,20062200
7922,285,334,528777,6377,8464846,20857700
7923,309,319,528468,6367,8465165,20208200
7924,273,291,528195,6349,8465456,21309100
7925,303,312,527892,6340,8465768,19766700
7926,323,331,527569,6332,8466099,19523900
7927,298,296,527271,6334,8466395,19956100
7928,295,333,526976,6296,8466728,19321600
7929,297,303,526679,6290,8467031,19928600
7930,314,308,526365,6296,8467339,20246800
7931,309,286,526056,6319,8467625,19731400
7932,319,303,525737,6335,8467928,19623700
7933,294,314,525443,6315,8468242,19660800
7934,316,286,525127,6345,8468528,19746700
7935,300,342,524827,6303,8468870,20016900
7936,315,297,524512,6321,8469167,19626400
7937,294,309,524218,6306,8469476,19324700
7938,324,329,523894,6301,8469805,19525300
7939,336,315,523558,6322,8470120,19917500
7940,273,312,523285,6283,8470432,19602000
7941,337,289,522948,6331,8470721,19766700
7942,309,337,522639,6303,8471058,19523600
7943,293,330,522346,6266,8471388,20583700
7944,313,335,522033,6244,8471723,19413300
7945,316,310,521717,6250,8472033,20738400
7946,326,306,521391,6270,8472339,20097000
7947,285,291,521106,6264,8472630,19387700
7948,304,295,520802,6273,8472925,19570900
7949,314,309,520488,6278,8473234,20110400
7950,324,294,520164,6308,8473528,19943800
7951,292,324,519872,6276,8473852,20293200
7952,310,340,519562,6246,8474192,19946300
7953,322,308,519240,6260,8474500,19992600
7954,307,344,518933,6223,8474844,19574400
7955,306,316,518627,6213,8475160,19416100
7956,326,287,518301,6252,8475447,19377500
7957,313,331,517988,6234,8475778,19761900
7958,287,323,517701,6198,8476101,20269800
7959,330,323,517371,6205,8476424,20557700
7960,314,291,517057,6228,8476715,19537400
7961,311,311,516746,6228,8477026,19751400
7962,317,308,516429,6237,8477334,20351300
7963,295,311,516134,6221,8477645,20274400
7964,299,287,515835,6233,8477932,20429400
7965,318,321,515517,6230,8478253,19854700
7966,314,326,515203,6218,8478579,21033600
7967,306,319,514897,6205,8478898,19559200
7968,295,326,514602,6174,8479224,19679000
7969,312,291,514290,6195,8479515,19426600
7970,323,331,513967,6187,8479846,19623100
7971,318,334,513649,6171,8480180,19755800
7972,314,307,513335,6178,8480487,20580500
7973,297,302,513038,6173,8480789,20010300
7974,290,301,512748,6162,8481090,20048400
7975,295,301,512453,6156,8481391,20475200
7976,297,317,512156,6136,8481708,20025400
7977,293,293,511863,6136,8482001,21164900
7978,335,308,511528,6163,8482309,20306200
7979,292,316,511236,6139,8482625,20152800
7980,279,311,510957,6107,8482936,19737400
7981,305,306,510652,6106,8483242,19942400
7982,298,327,510354,6077,8483569,21185500
7983,293,302,510061,6068,8483871,19905400
7984,287,294,509774,6061,8484165,21149900
7985,289,298,509485,6052,8484463,20559100
7986,300,276,509185,6076,8484739,21093400
7987,278,310,508907,6044,8485049,19970000
7988,302,308,508605,6038,8485357,19922800
7989,272,284,508333,6026,8485641,19324300
7990,305,286,508028,6045,8485927,19569700
7991,301,293,507727,6053,8486220,19659500
7992,317,321,507410,6049,8486541,20000800
7993,305,307,507105,6047,8486848,20041000
7994,304,294,506801,6057,8487142,19265900
7995,306,337,506495,6026,8487479,20019500
7996,311,323,506184,6014,8487802,20293600
7997,273,288,505911,5999,8488090,19541000
7998,297,317,505614,5979,8488407,19730400
7999,288,287,505326,5980,8488694,19811900
8000,309,300,505017,5989,8488994,19725900
8001,318,301,504699,6006,8489295,19593300
8002,299,317,504400,5988,8489612,19959300
8003,266,323,504134,5931,8489935,19990900
8004,281,302,503853,5910,8490237,20313600
8005,287,330,503566,5867,8490567,19901100
8006,290,272,503276,5885,8490839,19816400
8007,279,299,502997,5865,8491138,19561900
8008,282,282,502715,5865,8491420,19384500
8009,296,289,502419,5872,8491709,20005400
8010,298,325,502121,5845,8492034,19332700
8011,269,291,501852,5823,8492325,19958000
8012,311,297,501541,5837,8492622,19465400
8013,291,291,501250,5837,8492913,19934800
8014,291,289,500959,5839,8493202,19510600
8015,291,289,500668,5841,8493491,19461700
8016,263,283,500405,5821,8493774,20206800
8017,284,275,500121,5830,8494049,19478600
8018,297,305,499824,5822,8494354,20108700
8019,308,295,499516,5835,8494649,19410600
8020,290,302,499226,5823,8494951,19923400
8021,358,316,498868,5865,8495267,19870600
8022,315,291,498553,5889,8495558,20604500
8023,272,303,498281,5858,8495861,20179200
8024,295,287,497986,5866,8496148,20184700
8025,293,280,497693,5879,8496428,19312700
8026,310,273,497383,5916,8496701,19269800
8027,298,282,497085,5932,8496983,20323600
8028,303,285,496782,5950,8497268,19976500
8029,270,300,496512,5920,8497568,20060700
8030,306,283,496206,5943,8497851,20500800
8031,297,326,495909,5914,8498177,19393500
8032,298,313,495611,5899,8498490,19682500
8033,352,289,495259,5962,8498779,19853100
8034,334,287,494925,6009,8499066,19570700
8035,298,306,494627,6001,8499372,19486800
8036,285,308,494342,5978,8499680,19837700
8037,333,295,494009,6016,8499975,19581800
8038,310,288,493699,6038,8500263,19464700
8039,332,284,493367,6086,8500547,21575000
8040,305,327,493062,6064,8500874,21010200
8041,311,321,492751,6054,8501195,21602900
8042,297,336,492454,6015,8501531,22570300
8043,302,320,492152,5997,8501851,21378200
8044,290,289,491862,5998,8502140,19980700
8045,298,308,491564,5988,8502448,20462700
8046,278,280,491286,5986,8502728,19736500
8047,273,295,491013,5964,8503023,19743500
8048,299,317,490714,5946,8503340,19933900
8049,293,294,490421,5945,8503634,20277200
8050,277,310,490144,5912,8503944,20492900
8051,275,305,489869,5882,8504249,20232000
8052,266,308,489603,5840,8504557,19774700
8053,273,280,489330,5833,8504837,20748800
8054,286,309,489044,5810,8505146,19937600
8055,270,311,488774,5769,8505457,19446800
8056,282,282,488492,5769,8505739,19938800
8057,262,275,488230,5756,8506014,19882700
8058,292,269,487938,5779,8506283,20012400
8059,280,319,487658,5740,8506602,19954400
8060,257,316,487401,5681,8506918,19488200
8061,285,292,487116,5674,8507210,20188500
8062,254,297,486862,5631,8507507,20251000
8063,255,294,486607,5592,8507801,19989800
8064,277,270,486330,5599,8508071,19985200
8065,285,271,486045,5613,8508342,19398300
8066,289,276,485756,5626,8508618,19467000
8067,266,289,485490,5603,8508907,20664600
8068,269,285,485221,5587,8509192,20071300
8069,286,307,484935,5566,8509499,20219800
8070,292,289,484643,5569,8509788,19730200
8071,280,278,484363,5571,8510066,19657100
8072,299,293,484064,5577,8510359,19767800
8073,298,246,483766,5629,8510605,19847900
8074,281,307,483485,5603,8510912,19282600
8075,299,307,483186,5595,8511219,20472800
8076,277,292,482909,5580,8511511,20179200
8077,267,244,482642,5603,8511755,20313500
8078,255,248,482387,5610,8512003,19821700
8079,295,271,482092,5634,8512274,19877700
8080,284,269,481808,5649,8512543,19533000
8081,277,289,481531,5637,8512832,19781200
8082,299,324,481232,5612,8513156,19848200
8083,281,289,480951,5604,8513445,19531300
8084,292,280,480659,5616,8513725,19893400
8085,295,269,480364,5642,8513994,19921200
8086,245,305,480119,5582,8514299,19513600
8087,281,277,479838,5586,8514576,19585700
8088,271,268,479567,5589,8514844,19835300
8089,289,263,479278,5615,8515107,19848200
8090,292,232,478986,5675,8515339,20104700
8091,275,275,478711,5675,8515614,19830000
8092,259,269,478452,5665,8515883,19517800
8093,272,307,478180,5630,8516190,19662300
8094,276,273,477904,5633,8516463,20486200
8095,295,301,477609,5627,8516764,19825300
8096,274,285,477335,5616,8517049,19563600
8097,245,292,477090,5569,8517341,19696800
8098,276,258,476814,5587,8517599,20625200
8099,276,273,476538,5590,8517872,19455400
8100,290,274,476248,5606,8518146,19694200
8101,288,288,475960,5606,8518434,19706700
8102,276,273,475684,5609,8518707,19967400
8103,296,290,475388,5615,8518997,20403500
8104,281,271,475107,5625,8519268,20565300
8105,261,311,474846,5575,8519579,20340400
8106,276,266,474570,5585,8519845,20279800
8107,281,265,474289,5601,8520110,20144100
8108,286,290,474003,5597,8520400,19876800
8109,233,287,473770,5543,8520687,20198500
8110,276,280,473494,5539,8520967,19857400
8111,257,267,473237,5529,8521234,19880100
8112,257,240,472980,5546,8521474,20426900
8113,252,267,472728,5531,8521741,19945600
8114,260,259,472468,5532,8522000,20541000
8115,256,302,472212,5486,8522302,20368100
8116,270,262,471942,5494,8522564,19521000
8117,296,302,471646,5488,8522866,19572600
8118,247,269,471399,5466,8523135,19845100
8119,265,264,471134,5467,8523399,20034500
8120,294,285,470840,5476,8523684,20429800
8121,259,311,470581,5424,8523995,19637100
8122,242,288,470339,5378,8524283,19818200
8123,253,254,470086,5377,8524537,20678300
8124,263,268,469823,5372,8524805,19844300
8125,259,261,469564,5370,8525066,19648200
8126,272,263,469292,5379,8525329,20049000
8127,232,248,469060,5363,8525577,19460100
8128,254,254,468806,5363,8525831,19416600
8129,271,261,468535,5373,8526092,20257700
8130,253,254,468282,5372,8526346,19467000
8131,233,285,468049,5320,8526631,20594900
8132,268,250,467781,5338,8526881,19332100
8133,296,277,467485,5357,8527158,19690000
8134,263,269,467222,5351,8527427,20410500
8135,271,261,466951,5361,8527688,19162600
8136,264,260,466687,5365,8527948,19679100
8137,254,278,466433,5341,8528226,19519200
8138,249,287,466184,5303,8528513,19757100
8139,245,278,465939,5270,8528791,19106600
8140,252,264,465687,5258,8529055,19651800
8141,277,267,465410,5268,8529322,19673000
8142,235,254,465175,5249,8529576,19792800
8143,260,273,464915,5236,8529849,19596300
8144,267,288,464648,5215,8530137,19865300
8145,234,257,464414,5192,8530394,19866100
8146,250,261,464164,5181,8530655,19236900
8147,266,256,463898,5191,8530911,19811700
8148,257,277,463641,5171,8531188,19912200
8149,247,309,463394,5109,8531497,19664800
8150,264,262,463130,5111,8531759,19414500
8151,241,233,462889,5119,8531992,19628200
8152,262,252,462627,5129,8532244,19335300
8153,265,252,462362,5142,8532496,19733400
8154,246,261,462116,5127,8532757,19456900
8155,255,266,461861,5116,8533023,20335900
8156,238,264,461623,5090,8533287,19739200
8157,259,260,461364,5089,8533547,19596500
8158,280,268,461084,5101,8533815,20127600
8159,265,254,460819,5112,8534069,19574100
8160,282,246,460537,5148,8534315,20816600
8161,257,245,460280,5160,8534560,19543000
8162,258,269,460022,5149,8534829,19105800
8163,278,285,459744,5142,8535114,19974600
8164,235,255,459509,5122,8535369,20393500
8165,238,242,459271,5118,8535611,19929300
8166,235,254,459036,5099,8535865,19966500
8167,240,264,458796,5075,8536129,20931100
8168,234,253,458562,5056,8536382,20251300
8169,230,259,458332,5027,8536641,20259600
8170,262,260,458070,5029,8536901,21310900
8171,283,253,457787,5059,8537154,20636500
8172,247,238,457540,5068,8537392,20440700
8173,241,240,457299,5069,8537632,21147700
8174,271,253,457028,5087,8537885,20926900
8175,245,259,456783,5073,8538144,20251100
8176,241,280,456542,5034,8538424,20693500
8177,253,256,456289,5031,8538680,20790400
8178,250,244,456039,5037,8538924,21012300
8179,263,241,455776,5059,8539165,21265700
8180,301,238,455475,5122,8539403,20209800
8181,244,260,455231,5106,8539663,19859800
8182,263,249,454968,5120,8539912,19987400
8183,260,244,454708,5136,8540156,20276700
8184,254,275,454454,5115,8540431,19402800
8185,244,259,454210,5100,8540690,19613600
8186,268,241,453942,5127,8540931,20052500
8187,255,247,453687,5135,8541178,19494600
8188,244,252,453443,5127,8541430,19450400
8189,260,270,453183,5117,8541700,20419700
8190,228,303,452955,5042,8542003,20698000
8191,260,281,452695,5021,8542284,20621500
8192,239,251,452456,5009,8542535,20619600
8193,245,236,452211,5018,8542771,23329500
8194,240,285,451971,4973,8543056,27666500
8195,248,260,451723,4961,8543316,20211600
8196,238,260,451485,4939,8543576,19714200
8197,215,243,451270,4911,8543819,20307000
8198,219,242,451051,4888,8544061,20727700
8199,230,259,450821,4859,8544320,19617800
8200,219,221,450602,4857,8544541,20227800
8201,229,228,450373,4858,8544769,19361900
8202,247,248,450126,4857,8545017,19623900
8203,217,230,449909,4844,8545247,19677100
8204,251,241,449658,4854,8545488,20248700
8205,227,278,449431,4803,8545766,20254400
8206,255,226,449176,4832,8545992,19580600
8207,247,240,448929,4839,8546232,20351500
8208,220,237,448709,4822,8546469,19921700
8209,234,247,448475,4809,8546716,19428000
8210,258,222,448217,4845,8546938,19791700
8211,241,241,447976,4845,8547179,20318400
8212,252,251,447724,4846,8547430,20430800
8213,236,236,447488,4846,8547666,20149700
8214,257,226,447231,4877,8547892,20324500
8215,267,244,446964,4900,8548136,19806900
8216,232,265,446732,4867,8548401,19716300
8217,235,268,446497,4834,8548669,19792200
8218,251,255,446246,4830,8548924,20002400
8219,228,235,446018,4823,8549159,19777200
8220,233,241,445785,4815,8549400,20361500
8221,246,225,445539,4836,8549625,20105400
8222,253,234,445286,4855,8549859,19988600
8223,262,218,445024,4899,8550077,19841300
8224,255,263,444769,4891,8550340,19421400
8225,250,258,444519,4883,8550598,19851400
8226,240,252,444279,4871,8550850,19827700
8227,257,251,444022,4877,8551101,19801300
8228,217,264,443805,4830,8551365,19408100
8229,245,223,443560,4852,8551588,20026400
8230,249,230,443311,4871,8551818,20313400
8231,254,240,443057,4885,8552058,20300400
8232,245,219,442812,4911,8552277,20105000
8233,235,252,442577,4894,8552529,19799800
8234,286,264,442291,4916,8552793,20191900
8235,266,251,442025,4931,8553044,20022100
8236,216,231,441809,4916,8553275,20024000
8237,264,254,441545,4926,8553529,19919200
8238,248,227,441297,4947,8553756,19925400
8239,247,224,441050,4970,8553980,20393800
8240,261,232,440789,4999,8554212,20428500
8241,245,261,440544,4983,8554473,20089000
8242,247,223,440297,5007,8554696,19818000
8243,243,258,440054,4992,8554954,20554900
8244,273,223,439781,5042,8555177,19775000
8245,260,237,439521,5065,8555414,19813400
8246,265,258,439256,5072,8555672,20221700
8247,254,265,439002,5061,8555937,19640100
8248,280,241,438722,5100,8556178,20272000
8249,264,252,438458,5112,8556430,19360100
8250,257,237,438201,5132,8556667,20003900
8251,227,270,437974,5089,8556937,19798200
8252,243,267,437731,5065,8557204,19365000
8253,282,267,437449,5080,8557471,19382200
8254,243,236,437206,5087,8557707,19461400
8255,266,237,436940,5116,8557944,19773800
8256,281,243,436659,5154,8558187,19677300
8257,270,278,436389,5146,8558465,19875000
8258,264,247,436125,5163,8558712,19723000
8259,266,254,435859,5175,8558966,19653600
8260,260,293,435599,5142,8559259,19422300
8261,253,245,435346,5150,8559504,19640400
8262,273,273,435073,5150,8559777,19295200
8263,262,261,434811,5151,8560038,19959300
8264,234,286,434577,5099,8560324,19567500
8265,293,265,434284,5127,8560589,19714700
8266,261,254,434023,5134,8560843,19851600
8267,288,270,433735,5152,8561113,19451200
8268,282,271,433453,5163,8561384,19560200
8269,251,243,433202,5171,8561627,20038000
8270,266,258,432936,5179,8561885,20078300
8271,267,259,432669,5187,8562144,19781800
8272,249,240,432420,5196,8562384,19857800
8273,235,257,432185,5174,8562641,20537500
8274,246,254,431939,5166,8562895,19645100
8275,244,258,431695,5152,8563153,19663500
8276,251,241,431444,5162,8563394,19387300
8277,244,257,431200,5149,8563651,20108700
8278,248,262,430952,5135,8563913,20550800
8279,215,248,430737,5102,8564161,19579400
8280,249,278,430488,5073,8564439,19789400
8281,263,229,430225,5107,8564668,20011900
8282,232,270,429993,5069,8564938,20338700
8283,233,247,429760,5055,8565185,20150400
8284,226,291,429534,4990,8565476,19719500
8285,224,242,429310,4972,8565718,19783300
8286,239,247,429071,4964,8565965,19481900
8287,209,250,428862,4923,8566215,19798300
8288,261,241,428601,4943,8566456,19715200
8289,236,236,428365,4943,8566692,27657200
8290,217,248,428148,4912,8566940,22708700
8291,254,246,427894,4920,8567186,20545800
8292,223,252,427671,4891,8567438,20471300
8293,245,231,427426,4905,8567669,20314000
8294,208,249,427218,4864,8567918,20561400
8295,194,230,427024,4828,8568148,20466900
8296,216,229,426808,4815,8568377,21553000
8297,202,265,426606,4752,8568642,21358500
8298,228,213,426378,4767,8568855,22007600
8299,227,234,426151,4760,8569089,22354800
8300,231,241,425920,4750,8569330,22452100
8301,214,215,425706,4749,8569545,21392700
8302,217,229,425489,4737,8569774,22456600
8303,213,227,425276,4723,8570001,21616600
8304,206,237,425070,4692,8570238,21453600
8305,199,259,424871,4632,8570497,22244500
8306,240,232,424631,4640,8570729,20897500
8307,209,247,424422,4602,8570976,21147600
8308,215,232,424207,4585,8571208,21331400
8309,191,236,424016,4540,8571444,21635300
8310,216,223,423800,4533,8571667,21079100
8311,216,238,423584,4511,8571905,21052600
8312,218,231,423366,4498,8572136,21093000
8313,204,221,423162,4481,8572357,21235900
8314,233,203,422929,4511,8572560,21653300
8315,224,219,422705,4516,8572779,21717000
8316,221,218,422484,4519,8572997,21825000
8317,217,227,422267,4509,8573224,21781100
8318,231,244,422036,4496,8573468,22891200
8319,189,206,421847,4479,8573674,21840900
8320,211,264,421636,4426,8573938,22508900
8321,208,216,421428,4418,8574154,23361200
8322,210,227,421218,4401,8574381,21162400
8323,217,201,421001,4417,8574582,21826300
8324,188,225,420813,4380,8574807,21950900
8325,196,221,420617,4355,8575028,21583100
8326,230,214,420387,4371,8575242,20923700
8327,217,231,420170,4357,8575473,21107200
8328,204,234,419966,4327,8575707,21237600
8329,221,206,419745,4342,8575913,21992800
8330,195,195,419550,4342,8576108,24363800
8331,197,224,419353,4315,8576332,22381500
8332,220,205,419133,4330,8576537,21347200
8333,222,219,418911,4333,8576756,22429700
8334,238,207,418673,4364,8576963,21322400
8335,232,223,418441,4373,8577186,21306300
8336,215,236,418226,4352,8577422,20623600
8337,200,196,418026,4356,8577618,19861800
8338,243,211,417783,4388,8577829,19775300
8339,225,255,417558,4358,8578084,20177700
8340,245,251,417313,4352,8578335,20016700
8341,211,228,417102,4335,8578563,20366900
8342,226,194,416876,4367,8578757,20148200
8343,218,231,416658,4354,8578988,20419200
8344,222,189,416436,4387,8579177,19803600
8345,228,233,416208,4382,8579410,19965400
8346,234,217,415974,4399,8579627,20331000
8347,215,215,415759,4399,8579842,19844900
8348,213,237,415546,4375,8580079,19648000
8349,222,202,415324,4395,8580281,19449800
8350,236,229,415088,4402,8580510,19996500
8351,207,227,414881,4382,8580737,19418700
8352,222,236,414659,4368,8580973,20282100
8353,212,220,414447,4360,8581193,20051100
8354,193,238,414254,4315,8581431,20197400
8355,221,171,414033,4365,8581602,21230900
8356,229,248,413804,4346,8581850,21254400
8357,180,217,413624,4309,8582067,19889100
8358,204,215,413420,4298,8582282,20192900
8359,217,211,413203,4304,8582493,20218700
8360,205,221,412998,4288,8582714,19773100
8361,218,213,412780,4293,8582927,20147600
8362,248,222,412532,4319,8583149,20516500
8363,198,214,412334,4303,8583363,20063100
8364,201,214,412133,4290,8583577,19794400
8365,222,220,411911,4292,8583797,20430100
8366,207,240,411704,4259,8584037,20293000
8367,206,222,411498,4243,8584259,20797300
8368,209,215,411289,4237,8584474,20382400
8369,201,237,411088,4201,8584711,20285200
8370,212,243,410876,4170,8584954,19870700
8371,206,194,410670,4182,8585148,19449700
8372,204,219,410466,4167,8585367,20041800
8373,204,221,410262,4150,8585588,19612100
8374,212,218,410050,4144,8585806,19685500
8375,202,218,409848,4128,8586024,20273500
8376,198,197,409650,4129,8586221,19673500
8377,195,227,409455,4097,8586448,20020700
8378,194,212,409261,4079,8586660,24683700
8379,201,206,409060,4074,8586866,21926100
8380,191,218,408869,4047,8587084,19956200
8381,179,210,408690,4016,8587294,19452300
8382,210,200,408480,4026,8587494,20283900
8383,191,219,408289,3998,8587713,19524900
8384,181,209,408108,3970,8587922,19689000
8385,198,197,407910,3971,8588119,20382800
8386,203,198,407707,3976,8588317,20230300
8387,198,182,407509,3992,8588499,20076500
8388,217,195,407292,4014,8588694,19883200
8389,196,192,407096,4018,8588886,20249500
8390,209,206,406887,4021,8589092,20422900
8391,208,214,406679,4015,8589306,19387600
8392,191,189,406488,4017,8589495,20146700
8393,223,195,406265,4045,8589690,19753300
8394,223,200,406042,4068,8589890,19740800
8395,209,216,405833,4061,8590106,19816300
8396,216,175,405617,4102,8590281,19182500
8397,200,209,405417,4093,8590490,20658500
8398,203,187,405214,4109,8590677,19499700
8399,210,189,405004,4130,8590866,19900600
8400,205,191,404799,4144,8591057,19948100
8401,215,219,404584,4140,8591276,19533500
8402,214,200,404370,4154,8591476,20186100
8403,216,198,404154,4172,8591674,19898000
8404,200,220,403954,4152,8591894,20001100
8405,215,218,403739,4149,8592112,19702700
8406,211,228,403528,4132,8592340,19835700
8407,195,200,403333,4127,8592540,19534600
8408,205,205,403128,4127,8592745,19480700
8409,220,228,402908,4119,8592973,20008600
8410,207,192,402701,4134,8593165,19664100
8411,211,178,402490,4167,8593343,20046600
8412,242,231,402248,4178,8593574,19927600
8413,214,218,402034,4174,8593792,19706300
8414,223,210,401811,4187,8594002,19912300
8415,226,230,401585,4183,8594232,19798800
8416,226,195,401359,4214,8594427,19748400
8417,220,211,401139,4223,8594638,19631300
8418,217,196,400922,4244,8594834,20662500
8419,202,220,400720,4226,8595054,19641400
8420,241,210,400479,4257,8595264,20081400
8421,216,207,400263,4266,8595471,20805600
8422,206,215,400057,4257,8595686,19886900
8423,187,224,399870,4220,8595910,20245000
8424,201,218,399669,4203,8596128,20279400
8425,195,227,399474,4171,8596355,20104300
8426,199,209,399275,4161,8596564,20633200
8427,210,207,399065,4164,8596771,20293300
8428,208,220,398857,4152,8596991,19975200
8429,204,220,398653,4136,8597211,20675800
8430,190,188,398463,4138,8597399,19995000
8431,190,223,398273,4105,8597622,20323900
8432,165,204,398108,4066,8597826,20612100
8433,199,189,397909,4076,8598015,20805700
8434,209,211,397700,4074,8598226,20698000
8435,211,202,397489,4083,8598428,20559900
8436,213,210,397276,4086,8598638,19936600
8437,219,194,397057,4111,8598832,20150700
8438,226,202,396831,4135,8599034,21465800
8439,215,216,396616,4134,8599250,19807300
8440,189,220,396427,4103,8599470,19600100
8441,203,219,396224,4087,8599689,19608300
8442,205,210,396019,4082,8599899,20421700
8443,204,214,395815,4072,8600113,20784200
8444,204,194,395611,4082,8600307,20425200
8445,200,194,395411,4088,8600501,19834600
8446,219,200,395192,4107,8600701,19376900
8447,221,226,394971,4102,8600927,19786800
8448,209,191,394762,4120,8601118,19329200
8449,196,196,394566,4120,8601314,19688300
8450,208,198,394358,4130,8601512,19192500
8451,178,212,394180,4096,8601724,19802200
8452,216,222,393964,4090,8601946,20162000
8453,219,201,393745,4108,8602147,21356700
8454,183,216,393562,4075,8602363,20196300
8455,203,201,393359,4077,8602564,19564300
8456,196,187,393163,4086,8602751,19532700
8457,201,202,392962,4085,8602953,19625100
8458,220,197,392742,4108,8603150,19867100
8459,204,192,392538,4120,8603342,19714500
8460,218,198,392320,4140,8603540,19154200
8461,200,193,392120,4147,8603733,19929600
8462,207,256,391913,4098,8603989,19766900
8463,220,209,391693,4109,8604198,19762800
8464,195,200,391498,4104,8604398,19802600
8465,223,225,391275,4102,8604623,19757900
8466,221,230,391054,4093,8604853,20481900
8467,225,189,390829,4129,8605042,19768600
8468,199,196,390630,4132,8605238,20124600
8469,228,209,390402,4151,8605447,19975300
8470,186,189,390216,4148,8605636,19962300
8471,207,208,390009,4147,8605844,19537200
8472,199,201,389810,4145,8606045,19649000
8473,191,239,389619,4097,8606284,19544500
8474,202,202,389417,4097,8606486,19819600
8475,194,191,389223,4100,8606677,20073000
8476,212,186,389011,4126,8606863,20025700
8477,191,222,388820,4095,8607085,19877800
8478,190,218,388630,4067,8607303,19926000
8479,205,200,388425,4072,8607503,19275000
8480,206,213,388219,4065,8607716,19554900
8481,164,210,388055,4019,8607926,19663300
8482,201,188,387854,4032,8608114,19609900
8483,200,197,387654,4035,8608311,19646900
8484,188,212,387466,4011,8608523,19555600
8485,183,178,387283,4016,8608701,20645400
8486,176,194,387107,3998,8608895,20760900
8487,190,185,386917,4003,8609080,20121500
8488,190,185,386727,4008,8609265,19870000
8489,205,176,386522,4037,8609441,20124100
8490,190,203,386332,4024,8609644,19999400
8491,192,211,386140,4005,8609855,20666600
8492,216,193,385924,4028,8610048,20344400
8493,188,208,385736,4008,8610256,20141700
8494,213,206,385523,4015,8610462,19869000
8495,182,188,385341,4009,8610650,20070100
8496,209,217,385132,4001,8610867,22735800
8497,196,199,384936,3998,8611066,25738700
8498,164,206,384772,3956,8611272,21853300
8499,203,200,384569,3959,8611472,20175000
8500,186,215,384383,3930,8611687,19597500
8501,189,175,384194,3944,8611862,19316400
8502,192,196,384002,3940,8612058,21470600
8503,193,206,383809,3927,8612264,20623200
8504,197,202,383612,3922,8612466,19789400
8505,188,208,383424,3902,8612674,19684100
8506,230,202,383194,3930,8612876,20042100
8507,191,190,383003,3931,8613066,19776800
8508,195,186,382808,3940,8613252,19768900
8509,166,210,382642,3896,8613462,19973500
8510,210,183,382432,3923,8613645,19827700
8511,187,193,382245,3917,8613838,19812700
8512,179,181,382066,3915,8614019,20759800
8513,204,221,381862,3898,8614240,19959700
8514,205,187,381657,3916,8614427,19638700
8515,174,194,381483,3896,8614621,19496600
8516,201,213,381282,3884,8614834,19989900
8517,191,191,381091,3884,8615025,20188600
8518,182,205,380909,3861,8615230,20280500
8519,173,199,380736,3835,8615429,19787800
8520,169,202,380567,3802,8615631,19623000
8521,178,214,380389,3766,8615845,20149800
8522,189,203,380200,3752,8616048,19939800
8523,185,171,380015,3766,8616219,20004000
8524,192,177,379823,3781,8616396,20336900
8525,175,185,379648,3771,8616581,19932000
8526,175,188,379473,3758,8616769,20109000
8527,180,181,379293,3757,8616950,21235600
8528,178,183,379115,3752,8617133,21481500
8529,178,195,378937,3735,8617328,20253000
8530,183,194,378754,3724,8617522,19512100
8531,159,191,378595,3692,8617713,20071200
8532,182,203,378413,3671,8617916,19824600
8533,175,179,378238,3667,8618095,19868000
8534,183,198,378055,3652,8618293,19791400
8535,179,176,377876,3655,8618469,19635000
8536,202,166,377674,3691,8618635,19759700
8537,204,169,377470,3726,8618804,19425500
8538,192,206,377278,3712,8619010,19771900
8539,183,171,377095,3724,8619181,19590200
8540,192,193,376903,3723,8619374,19756000
8541,193,184,376710,3732,8619558,20119600
8542,195,184,376515,3743,8619742,20212200
8543,196,184,376319,3755,8619926,20094600
8544,190,183,376129,3762,8620109,19644100
8545,195,192,375934,3765,8620301,20044200
8546,194,186,375740,3773,8620487,19884800
8547,204,175,375536,3802,8620662,19287600
8548,188,199,375348,3791,8620861,19796400
8549,222,183,375126,3830,8621044,19643900
8550,209,177,374917,3862,8621221,20420700
8551,183,197,374734,3848,8621418,20555600
8552,203,226,374531,3825,8621644,20881800
8553,205,198,374326,3832,8621842,20725500
8554,184,198,374142,3818,8622040,20566400
8555,168,224,373974,3762,8622264,20377200
8556,182,169,373792,3775,8622433,20043100
8557,176,173,373616,3778,8622606,20682700
8558,187,187,373429,3778,8622793,20393100
8559,177,209,373252,3746,8623002,20811800
8560,169,202,373083,3713,8623204,22093500
8561,202,185,372881,3730,8623389,20206900
8562,176,177,372705,3729,8623566,21411000
8563,182,195,372523,3716,8623761,20747600
8564,171,194,372352,3693,8623955,20015000
8565,182,177,372170,3698,8624132,20116900
8566,181,208,371989,3671,8624340,20229900
8567,175,185,371814,3661,8624525,20339200
8568,190,164,371624,3687,8624689,20779100
8569,181,176,371443,3692,8624865,19533300
8570,198,164,371245,3726,8625029,20460800
8571,178,163,371067,3741,8625192,19590900
8572,185,178,370882,3748,8625370,19735200
8573,189,184,370693,3753,8625554,19726900
8574,172,185,370521,3740,8625739,20332900
8575,189,187,370332,3742,8625926,20013600
8576,182,196,370150,3728,8626122,19416000
8577,177,198,369973,3707,8626320,19749500
8578,198,192,369775,3713,8626512,19567800
8579,181,191,369594,3703,8626703,19976300
8580,163,196,369431,3670,8626899,19603200
8581,185,187,369246,3668,8627086,19982100
8582,178,178,369068,3668,8627264,19351100
8583,161,204,368907,3625,8627468,19222000
8584,178,180,368729,3623,8627648,19634900
8585,196,181,368533,3638,8627829,19203200
8586,153,180,368380,3611,8628009,20401800
8587,174,186,368206,3599,8628195,19262700
8588,158,166,368048,3591,8628361,19975000
8589,191,182,367857,3600,8628543,20072700
8590,207,189,367650,3618,8628732,20391400
8591,158,175,367492,3601,8628907,19911300
8592,171,169,367321,3603,8629076,19519400
8593,180,166,367141,3617,8629242,19415600
8594,160,184,366981,3593,8629426,20572500
8595,170,170,366811,3593,8629596,19526500
8596,174,194,366637,3573,8629790,19271800
8597,151,171,366486,3553,8629961,19575300
8598,178,174,366308,3557,8630135,19241900
8599,174,174,366134,3557,8630309,20144100
8600,185,187,365949,3555,8630496,19549600
8601,176,164,365773,3567,8630660,19187800
8602,187,154,365586,3600,8630814,19729800
8603,199,180,365387,3619,8630994,19766300
8604,189,158,365198,3650,8631152,20603700
8605,182,201,365016,3631,8631353,19160100
8606,161,190,364855,3602,8631543,19856900
8607,170,188,364685,3584,8631731,19335200
8608,193,186,364492,3591,8631917,21098700
8609,172,193,364320,3570,8632110,19537300
8610,163,182,364157,3551,8632292,19232000
8611,137,200,364020,3488,8632492,19400200
8612,184,177,363836,3495,8632669,19296100
8613,154,178,363682,3471,8632847,19621700
8614,191,188,363491,3474,8633035,19418700
8615,174,181,363317,3467,8633216,19906900
8616,180,163,363137,3484,8633379,20216000
8617,166,161,362971,3489,8633540,20534200
8618,163,178,362808,3474,8633718,20714800
8619,167,180,362641,3461,8633898,20582800
8620,176,168,362465,3469,8634066,20196100
8621,169,192,362296,3446,8634258,20204600
8622,186,172,362110,3460,8634430,19876700
8623,184,181,361926,3463,8634611,20023500
8624,145,190,361781,3418,8634801,19706300
8625,159,160,361622,3417,8634961,20271500
8626,173,171,361449,3419,8635132,19862600
8627,173,162,361276,3430,8635294,19993300
8628,182,195,361094,3417,8635489,19570200
8629,164,187,360930,3394,8635676,19885700
8630,180,190,360750,3384,8635866,20071600
8631,156,164,360594,3376,8636030,20038700
8632,157,165,360437,3368,8636195,19695800
8633,148,167,360289,3349,8636362,20733800
8634,144,153,360145,3340,8636515,21169900
8635,165,160,359980,3345,8636675,20786000
8636,169,150,359811,3364,8636825,21797000
8637,148,170,359663,3342,8636995,22374200
8638,159,187,359504,3314,8637182,20583400
8639,155,159,359349,3310,8637341,19810600
8640,159,176,359190,3293,8637517,20070900
8641,164,161,359026,3296,8637678,20114100
8642,164,163,358862,3297,8637841,19808700
8643,155,172,358707,3280,8638013,19962300
8644,163,176,358544,3267,8638189,20132900
8645,173,150,358371,3290,8638339,19738700
8646,152,170,358219,3272,8638509,20665800
8647,161,188,358058,3245,8638697,19417200
8648,178,149,357880,3274,8638846,19297600
8649,155,155,357725,3274,8639001,19688200
8650,161,183,357564,3252,8639184,19359300
8651,181,162,357383,3271,8639346,19456300
8652,167,167,357216,3271,8639513,20283300
8653,177,155,357039,3293,8639668,20500100
8654,174,153,356865,3314,8639821,20633700
8655,156,152,356709,3318,8639973,20290700
8656,176,172,356533,3322,8640145,19876500
8657,137,163,356396,3296,8640308,19616800
8658,143,150,356253,3289,8640458,19139400
8659,175,163,356078,3301,8640621,19279800
8660,160,162,355918,3299,8640783,19321500
8661,162,161,355756,3300,8640944,19963400
8662,153,181,355603,3272,8641125,20070400
8663,163,172,355440,3263,8641297,19800900
8664,146,156,355294,3253,8641453,20717800
8665,159,147,355135,3265,8641600,20871800
8666,163,168,354972,3260,8641768,19779800
8667,157,149,354815,3268,8641917,19930300
8668,170,147,354645,3291,8642064,19836100
8669,156,159,354489,3288,8642223,19651000
8670,153,178,354336,3263,8642401,20320800
8671,154,146,354182,3271,8642547,19712000
8672,170,188,354012,3253,8642735,19402300
8673,175,172,353837,3256,8642907,20148900
8674,156,167,353681,3245,8643074,19678200
8675,175,186,353506,3234,8643260,19821200
8676,164,161,353342,3237,8643421,20133300
8677,183,156,353159,3264,8643577,20270400
8678,153,153,353006,3264,8643730,20183900
8679,142,163,352864,3243,8643893,19544300
8680,149,131,352715,3261,8644024,19940400
8681,163,153,352552,3271,8644177,20407400
8682,160,173,352392,3258,8644350,19751400
8683,154,193,352238,3219,8644543,20145700
8684,148,159,352090,3208,8644702,20117600
8685,160,169,351930,3199,8644871,19677000
8686,154,180,351776,3173,8645051,20327300
8687,156,145,351620,3184,8645196,20235800
8688,158,172,351462,3170,8645368,20225600
8689,140,165,351322,3145,8645533,24985900
8690,170,169,351152,3146,8645702,23913600
8691,156,175,350996,3127,8645877,23762500
8692,151,180,350845,3098,8646057,21192900
8693,157,150,350688,3105,8646207,20976200
8694,164,159,350524,3110,8646366,20156200
8695,166,168,350358,3108,8646534,20016000
8696,170,163,350188,3115,8646697,19704500
8697,158,156,350030,3117,8646853,20222200
8698,174,144,349856,3147,8646997,19901800
8699,167,160,349689,3154,8647157,19676600
8700,176,153,349513,3177,8647310,19486600
8701,185,151,349328,3211,8647461,19700700
8702,176,174,349152,3213,8647635,19159700
8703,171,156,348981,3228,8647791,19812000
8704,192,140,348789,3280,8647931,19780900
8705,185,170,348604,3295,8648101,19268700
8706,161,158,348443,3298,8648259,19867700
8707,170,178,348273,3290,8648437,20437700
8708,179,137,348094,3332,8648574,19928100
8709,164,155,347930,3341,8648729,20247500
8710,168,173,347762,3336,8648902,19361600
8711,182,147,347580,3371,8649049,19282700
8712,189,164,347391,3396,8649213,19259300
8713,180,179,347211,3397,8649392,19974000
8714,203,164,347008,3436,8649556,20162100
8715,175,172,346833,3439,8649728,19699200
8716,183,160,346650,3462,8649888,19739600
8717,154,167,346496,3449,8650055,20388600
8718,174,186,346322,3437,8650241,19535700
8719,173,181,346149,3429,8650422,19631700
8720,180,148,345969,3461,8650570,19161700
8721,166,183,345803,3444,8650753,19747100
8722,176,165,345627,3455,8650918,19580000
8723,173,165,345454,3463,8651083,20211500
8724,178,170,345276,3471,8651253,19928300
8725,164,160,345112,3475,8651413,19995500
8726,168,152,344944,3491,8651565,19525100
8727,178,180,344766,3489,8651745,19480100
8728,178,169,344588,3498,8651914,19591000
8729,166,172,344422,3492,8652086,19470200
8730,188,160,344234,3520,8652246,19968700
8731,177,176,344057,3521,8652422,19324900
8732,176,186,343881,3511,8652608,19350100
8733,168,178,343713,3501,8652786,19529400
8734,192,187,343521,3506,8652973,19717300
8735,185,183,343336,3508,8653156,19295900
8736,190,153,343146,3545,8653309,19659100
8737,161,189,342985,3517,8653498,19854700
8738,172,180,342813,3509,8653678,19813900
8739,167,182,342646,3494,8653860,20816800
8740,193,169,342453,3518,8654029,21179700
8741,161,185,342292,3494,8654214,21043600
8742,165,171,342127,3488,8654385,21081000
8743,180,193,341947,3475,8654578,20334800
8744,194,180,341753,3489,8654758,20831200
8745,171,182,341582,3478,8654940,20499800
8746,161,183,341421,3456,8655123,20961800
8747,182,183,341239,3455,8655306,21269200
8748,152,168,341087,3439,8655474,21103800
8749,187,181,340900,3445,8655655,20689600
8750,145,144,340755,3446,8655799,20966300
8751,152,151,340603,3447,8655950,21355300
8752,169,170,340434,3446,8656120,20752900
8753,163,168,340271,3441,8656288,21089700
8754,172,174,340099,3439,8656462,21020800
8755,171,153,339928,3457,8656615,21374000
8756,168,164,339760,3461,8656779,21237900
8757,164,161,339596,3464,8656940,20918200
8758,185,179,339411,3470,8657119,22069200
8759,166,157,339245,3479,8657276,22156900
8760,157,191,339088,3445,8657467,21965300
8761,167,170,338921,3442,8657637,21174700
8762,178,188,338743,3432,8657825,21237700
8763,170,182,338573,3420,8658007,21465100
8764,164,168,338409,3416,8658175,20188100
8765,163,168,338246,3411,8658343,19779300
8766,145,161,338101,3395,8658504,19349000
8767,184,176,337917,3403,8658680,19290000
8768,160,173,337757,3390,8658853,20166300
8769,190,166,337567,3414,8659019,19933900
8770,169,161,337398,3422,8659180,19338600
8771,159,160,337239,3421,8659340,19957700
8772,181,165,337058,3437,8659505,19442300
8773,179,191,336879,3425,8659696,19127500
8774,169,171,336710,3423,8659867,19746900
8775,168,170,336542,3421,8660037,20817000
8776,175,169,336367,3427,8660206,19841400
8777,167,169,336200,3425,8660375,19472500
8778,186,175,336014,3436,8660550,20129300
8779,183,170,335831,3449,8660720,20026100
8780,172,197,335659,3424,8660917,19719100
8781,161,162,335498,3423,8661079,19719000
8782,169,174,335329,3418,8661253,19650900
8783,176,165,335153,3429,8661418,19798600
8784,163,183,334990,3409,8661601,19696500
8785,177,157,334813,3429,8661758,19818900
8786,160,210,334653,3379,8661968,19900500
8787,162,173,334491,3368,8662141,20264300
8788,157,174,334334,3351,8662315,19815300
8789,160,175,334174,3336,8662490,20396100
8790,175,161,333999,3350,8662651,19911400
8791,171,168,333828,3353,8662819,20457000
8792,181,155,333647,3379,8662974,19659200
8793,157,174,333490,3362,8663148,19651000
8794,165,163,333325,3364,8663311,20525500
8795,184,165,333141,3383,8663476,19322300
8796,167,169,332974,3381,8663645,19670500
8797,195,149,332779,3427,8663794,19480000
8798,171,159,332608,3439,8663953,20421900
8799,172,178,332436,3433,8664131,19409200
8800,186,171,332250,3448,8664302,19717400
8801,161,159,332089,3450,8664461,19452100
8802,163,180,331926,3433,8664641,19776700
8803,174,178,331752,3429,8664819,19801100
8804,160,151,331592,3438,8664970,20166200
8805,171,165,331421,3444,8665135,19340300
8806,159,170,331262,3433,8665305,19709600
8807,168,177,331094,3424,8665482,19572000
8808,162,168,330932,3418,8665650,19868900
8809,181,178,330751,3421,8665828,20121400
8810,161,177,330590,3405,8666005,20449600
8811,184,157,330406,3432,8666162,20437000
8812,143,160,330263,3415,8666322,20799800
8813,170,155,330093,3430,8666477,20843700
8814,191,173,329902,3448,8666650,19931500
8815,183,157,329719,3474,8666807,20160800
8816,170,167,329549,3477,8666974,19709800
8817,174,189,329375,3462,8667163,19598500
8818,163,197,329212,3428,8667360,19500100
8819,161,165,329051,3424,8667525,20117900
8820,165,165,328886,3424,8667690,19839500
8821,197,180,328689,3441,8667870,19718900
8822,174,191,328515,3424,8668061,19250300
8823,166,180,328349,3410,8668241,19592600
8824,171,144,328178,3437,8668385,19251900
8825,178,181,328000,3434,8668566,19309700
8826,183,164,327817,3453,8668730,19689500
8827,179,175,327638,3457,8668905,19155200
8828,155,164,327483,3448,8669069,19448700
8829,186,159,327297,3475,8669228,20100900
8830,166,174,327131,3467,8669402,19330200
8831,172,171,326959,3468,8669573,19406700
8832,194,172,326765,3490,8669745,19663500
8833,174,156,326591,3508,8669901,19922700
8834,184,171,326407,3521,8670072,19657000
8835,174,186,326233,3509,8670258,19023200
8836,153,171,326080,3491,8670429,19286100
8837,172,184,325908,3479,8670613,19401200
8838,148,144,325760,3483,8670757,19229500
8839,159,153,325601,3489,8670910,19494200
8840,160,167,325441,3482,8671077,19862500
8841,164,175,325277,3471,8671252,19537000
8842,147,182,325130,3436,8671434,19144200
8843,178,177,324952,3437,8671611,19349500
8844,172,161,324780,3448,8671772,18976800
8845,165,180,324615,3433,8671952,19098500
8846,162,166,324453,3429,8672118,19677300
8847,179,167,324274,3441,8672285,19743200
8848,169,180,324105,3430,8672465,19428400
8849,189,167,323916,3452,8672632,18897200
8850,168,191,323748,3429,8672823,19190600
8851,172,182,323576,3419,8673005,18999100
8852,152,171,323424,3400,8673176,19789200
8853,169,152,323255,3417,8673328,19148600
8854,175,176,323080,3416,8673504,19633100
8855,165,177,322915,3404,8673681,19934600
8856,154,180,322761,3378,8673861,19469400
8857,150,165,322611,3363,8674026,19654900
8858,156,168,322455,3351,8674194,19798700
8859,165,178,322290,3338,8674372,20376400
8860,137,170,322153,3305,8674542,19850600
8861,182,179,321971,3308,8674721,19345500
8862,156,165,321815,3299,8674886,19232000
8863,157,142,321658,3314,8675028,19790100
8864,133,176,321525,3271,8675204,19505700
8865,153,172,321372,3252,8675376,19840400
8866,160,163,321212,3249,8675539,19781900
8867,164,163,321048,3250,8675702,19474100
8868,150,152,320898,3248,8675854,19028000
8869,163,155,320735,3256,8676009,19149600
8870,172,130,320563,3298,8676139,19026800
8871,162,174,320401,3286,8676313,19715900
8872,157,159,320244,3284,8676472,19732600
8873,179,161,320065,3302,8676633,19252200
8874,159,170,319906,3291,8676803,19808600
8875,145,163,319761,3273,8676966,19494800
8876,174,163,319587,3284,8677129,19995200
8877,170,171,319417,3283,8677300,20216400
8878,174,181,319243,3276,8677481,19399000
8879,168,162,319075,3282,8677643,19354800
8880,154,158,318921,3278,8677801,19641700
8881,131,174,318790,3235,8677975,19478300
8882,162,134,318628,3263,8678109,19730600
8883,166,162,318462,3267,8678271,19687900
8884,155,146,318307,3276,8678417,19697600
8885,193,182,318114,3287,8678599,19689000
8886,156,152,317958,3291,8678751,19714900
8887,163,177,317795,3277,8678928,19445100
8888,153,152,317642,3278,8679080,19133900
8889,158,172,317484,3264,8679252,19417700
8890,163,162,317321,3265,8679414,21499400
8891,155,147,317166,3273,8679561,20946500
8892,161,141,317005,3293,8679702,20840300
8893,147,173,316858,3267,8679875,21968200
8894,165,165,316693,3267,8680040,20442200
8895,168,171,316525,3264,8680211,19992500
8896,164,149,316361,3279,8680360,19634600
8897,169,171,316192,3277,8680531,19346100
8898,157,176,316035,3258,8680707,19001600
8899,186,161,315849,3283,8680868,19212900
8900,165,158,315684,3290,8681026,20268700
8901,159,145,315525,3304,8681171,19511500
8902,173,145,315352,3332,8681316,18924000
8903,180,181,315172,3331,8681497,19619500
8904,156,171,315016,3316,8681668,19694900
8905,168,176,314848,3308,8681844,19530900
8906,157,141,314691,3324,8681985,19761000
8907,156,154,314535,3326,8682139,19870600
8908,156,160,314379,3322,8682299,20179100
8909,153,168,314226,3307,8682467,22873400
8910,171,163,314055,3315,8682630,23581900
8911,145,156,313910,3304,8682786,23085200
8912,152,162,313758,3294,8682948,22806100
8913,142,189,313616,3247,8683137,22304700
8914,143,169,313473,3221,8683306,24199600
8915,171,140,313302,3252,8683446,21949800
8916,154,143,313148,3263,8683589,24385900
8917,156,172,312992,3247,8683761,24284100
8918,162,155,312830,3254,8683916,21847900
8919,170,170,312660,3254,8684086,20024500
8920,179,164,312481,3269,8684250,19306700
8921,156,166,312325,3259,8684416,19418400
8922,183,187,312142,3255,8684603,19678000
8923,162,162,311980,3255,8684765,20020500
8924,143,160,311837,3238,8684925,19694500
8925,154,160,311683,3232,8685085,19875000
8926,180,168,311503,3244,8685253,19060700
8927,150,185,311353,3209,8685438,19397800
8928,151,171,311202,3189,8685609,18956400
8929,158,157,311044,3190,8685766,19299800
8930,166,149,310878,3207,8685915,21133600
8931,185,167,310693,3225,8686082,20024000
8932,183,165,310510,3243,8686247,20743400
8933,159,185,310351,3217,8686432,20091500
8934,160,153,310191,3224,8686585,21826500
8935,158,137,310033,3245,8686722,21031400
8936,149,159,309884,3235,8686881,20343800
8937,137,148,309747,3224,8687029,20122400
8938,162,162,309585,3224,8687191,20529900
8939,167,164,309418,3227,8687355,31123600
8940,157,165,309261,3219,8687520,27195500
8941,162,154,309099,3227,8687674,20856500
8942,163,176,308936,3214,8687850,20630100
8943,162,155,308774,3221,8688005,20747500
8944,171,163,308603,3229,8688168,21280000
8945,165,134,308438,3260,8688302,21526900
8946,164,158,308274,3266,8688460,20916900
8947,153,166,308121,3253,8688626,20731400
8948,176,169,307945,3260,8688795,21515600
8949,154,166,307791,3248,8688961,23867900
8950,138,154,307653,3232,8689115,21094700
8951,186,145,307467,3273,8689260,22083200
8952,157,164,307310,3266,8689424,20918600
8953,137,161,307173,3242,8689585,20800200
8954,172,141,307001,3273,8689726,21301600
8955,154,172,306847,3255,8689898,21189300
8956,143,175,306704,3223,8690073,20969700
8957,151,169,306553,3205,8690242,21375500
8958,159,178,306394,3186,8690420,22296500
8959,132,177,306262,3141,8690597,22383900
8960,131,169,306131,3103,8690766,22734000
8961,132,156,305999,3079,8690922,23633800
8962,139,158,305860,3060,8691080,23964300
8963,159,171,305701,3048,8691251,22745500
8964,147,164,305554,3031,8691415,19981200
8965,143,156,305411,3018,8691571,19259400
8966,134,124,305277,3028,8691695,19847800
8967,138,166,305139,3000,8691861,19770000
8968,132,122,305007,3010,8691983,19289100
8969,163,158,304844,3015,8692141,19369600
8970,132,138,304712,3009,8692279,19767300
8971,142,131,304570,3020,8692410,19619100
8972,136,134,304434,3022,8692544,19964800
8973,154,160,304280,3016,8692704,19648100
8974,143,162,304137,2997,8692866,19322900
8975,137,152,304000,2982,8693018,19283200
8976,143,152,303857,2973,8693170,19123200
8977,143,164,303714,2952,8693334,19723100
8978,139,174,303575,2917,8693508,19606700
8979,139,132,303436,2924,8693640,19527800
8980,131,135,303305,2920,8693775,19168300
8981,124,132,303181,2912,8693907,19752000
8982,138,158,303043,2892,8694065,19734600
8983,165,144,302878,2913,8694209,19721800
8984,145,148,302733,2910,8694357,18844300
8985,153,156,302580,2907,8694513,19307000
8986,149,158,302431,2898,8694671,19032300
8987,152,139,302279,2911,8694810,19304600
8988,163,140,302116,2934,8694950,19552200
8989,141,131,301975,2944,8695081,19776300
8990,152,144,301823,2952,8695225,19552400
8991,155,153,301668,2954,8695378,19800700
8992,159,163,301509,2950,8695541,20017300
8993,135,130,301374,2955,8695671,19674600
8994,138,132,301236,2961,8695803,19315800
8995,164,160,301072,2965,8695963,19749200
8996,164,163,300908,2966,8696126,19354900
8997,150,147,300758,2969,8696273,19474300
8998,125,141,300633,2953,8696414,19568200
8999,142,138,300491,2957,8696552,20045300
9000,154,165,300337,2946,8696717,19991900
9001,158,143,300179,2961,8696860,19968800
9002,160,157,300019,2964,8697017,20149300
9003,152,146,299867,2970,8697163,22033100
9004,152,124,299715,2998,8697287,23751700
9005,140,139,299575,2999,8697426,20869400
9006,155,139,299420,3015,8697565,22709500
9007,158,134,299262,3039,8697699,21504500
9008,162,147,299100,3054,8697846,19691300
9009,162,139,298938,3077,8697985,19807600
9010,152,149,298786,3080,8698134,20780800
9011,148,148,298638,3080,8698282,20779500
9012,146,154,298492,3072,8698436,20094300
9013,145,166,298347,3051,8698602,20503400
9014,148,133,298199,3066,8698735,19556800
9015,147,136,298052,3077,8698871,19571300
9016,171,163,297881,3085,8699034,19497700
9017,143,151,297738,3077,8699185,19191700
9018,168,138,297570,3107,8699323,19369900
9019,148,171,297422,3084,8699494,19771200
9020,153,170,297269,3067,8699664,19183200
9021,139,162,297130,3044,8699826,19491400
9022,160,183,296970,3021,8700009,19103500
9023,138,154,296832,3005,8700163,18979500
9024,162,150,296670,3017,8700313,18969700
9025,153,148,296517,3022,8700461,18874200
9026,153,150,296364,3025,8700611,18925600
9027,146,145,296218,3026,8700756,19340400
9028,121,125,296097,3022,8700881,19102400
9029,139,177,295958,2984,8701058,18905800
9030,147,155,295811,2976,8701213,19307900
9031,138,146,295673,2968,8701359,19349900
9032,152,143,295521,2977,8701502,19572800
9033,140,166,295381,2951,8701668,19283300
9034,141,160,295240,2932,8701828,19394100
9035,140,146,295100,2926,8701974,18967600
9036,148,148,294952,2926,8702122,18890400
9037,150,130,294802,2946,8702252,19188400
9038,168,141,294634,2973,8702393,19475300
9039,156,153,294478,2976,8702546,19066700
9040,155,167,294323,2964,8702713,18770400
9041,151,140,294172,2975,8702853,19269400
9042,145,163,294027,2957,8703016,19265400
9043,154,124,293873,2987,8703140,19059400
9044,161,153,293712,2995,8703293,18881100
9045,152,142,293560,3005,8703435,18761000
9046,159,135,293401,3029,8703570,18765000
9047,160,149,293241,3040,8703719,19394000
9048,149,156,293092,3033,8703875,18882300
9049,142,145,292950,3030,8704020,18724300
9050,151,147,292799,3034,8704167,18899500
9051,159,158,292640,3035,8704325,18822200
9052,153,140,292487,3048,8704465,19091900
9053,156,157,292331,3047,8704622,18705400
9054,145,159,292186,3033,8704781,19325800
9055,130,143,292056,3020,8704924,20108800
9056,150,152,291906,3018,8705076,18814100
9057,146,151,291760,3013,8705227,18750600
9058,120,143,291640,2990,8705370,19075800
9059,143,163,291497,2970,8705533,19421800
9060,166,148,291331,2988,8705681,19290700
9061,143,142,291188,2989,8705823,22040000
9062,107,151,291081,2945,8705974,23328700
9063,150,142,290931,2953,8706116,20236800
9064,142,150,290789,2945,8706266,20149300
9065,132,150,290657,2927,8706416,19692500
9066,143,156,290514,2914,8706572,19429400
9067,149,145,290365,2918,8706717,19596000
9068,156,143,290209,2931,8706860,19584100
9069,151,122,290058,2960,8706982,20221300
9070,152,150,289906,2962,8707132,22850100
9071,145,155,289761,2952,8707287,21240700
9072,152,148,289609,2956,8707435,21000900
9073,141,162,289468,2935,8707597,19773900
9074,144,138,289324,2941,8707735,20137300
9075,161,165,289163,2937,8707900,20244900
9076,148,132,289015,2953,8708032,19930900
9077,163,169,288852,2947,8708201,21814200
9078,166,158,288686,2955,8708359,21844500
9079,144,124,288542,2975,8708483,20542300
9080,147,149,288395,2973,8708632,19758000
9081,150,148,288245,2975,8708780,19665500
9082,147,150,288098,2972,8708930,19221100
9083,141,155,287957,2958,8709085,19966000
9084,160,136,287797,2982,8709221,23130400
9085,155,155,287642,2982,8709376,20817100
9086,147,145,287495,2984,8709521,19660700
9087,129,171,287366,2942,8709692,19195100
9088,138,129,287228,2951,8709821,19851400
9089,136,140,287092,2947,8709961,19285400
9090,151,160,286941,2938,8710121,19250600
9091,157,144,286784,2951,8710265,19287500
9092,156,154,286628,2953,8710419,18814400
9093,168,156,286460,2965,8710575,19155100
9094,141,183,286319,2923,8710758,19589200
9095,152,150,286167,2925,8710908,18929100
9096,131,138,286036,2918,8711046,19194300
9097,163,150,285873,2931,8711196,18654900
9098,151,139,285722,2943,8711335,19636000
9099,149,137,285573,2955,8711472,18865900
9100,126,181,285447,2900,8711653,18788400
9101,124,135,285323,2889,8711788,19399700
9102,140,145,285183,2884,8711933,19033900
9103,140,136,285043,2888,8712069,18862100
9104,157,147,284886,2898,8712216,18724000
9105,145,177,284741,2866,8712393,19846200
9106,137,120,284604,2883,8712513,19308200
9107,145,137,284459,2891,8712650,18631900
9108,130,147,284329,2874,8712797,19052500
9109,133,153,284196,2854,8712950,19301200
9110,120,153,284076,2821,8713103,21536000
9111,136,140,283940,2817,8713243,20350500
9112,120,158,283820,2779,8713401,20347400
9113,122,147,283698,2754,8713548,20799600
9114,139,149,283559,2744,8713697,21074900
9115,155,163,283404,2736,8713860,19715400
9116,149,127,283255,2758,8713987,19369700
9117,132,142,283123,2748,8714129,19378900
9118,146,150,282977,2744,8714279,23057400
9119,162,160,282815,2746,8714439,21365100
9120,145,125,282670,2766,8714564,20132200
9121,120,140,282550,2746,8714704,19363400
9122,151,137,282399,2760,8714841,19520000
9123,135,159,282264,2736,8715000,19738600
9124,135,130,282129,2741,8715130,20055300
9125,162,148,281967,2755,8715278,21140100
9126,135,144,281832,2746,8715422,20833700
9127,118,147,281714,2717,8715569,19963800
9128,156,152,281558,2721,8715721,19311000
9129,144,137,281414,2728,8715858,20214700
9130,144,156,281270,2716,8716014,19183500
9131,145,146,281125,2715,8716160,19944200
9132,162,138,280963,2739,8716298,19164900
9133,159,123,280804,2775,8716421,20800600
9134,133,137,280671,2771,8716558,21668900
9135,140,147,280531,2764,8716705,22568500
9136,132,135,280399,2761,8716840,20852700
9137,141,148,280258,2754,8716988,20096000
9138,146,145,280112,2755,8717133,19894400
9139,147,126,279965,2776,8717259,19750500
9140,129,138,279836,2767,8717397,20012500
9141,125,144,279711,2748,8717541,19523700
9142,140,161,279571,2727,8717702,19811700
9143,143,121,279428,2749,8717823,19351300
9144,146,135,279282,2760,8717958,19784800
9145,125,134,279157,2751,8718092,19241900
9146,140,162,279017,2729,8718254,19179300
9147,171,127,278846,2773,8718381,19067000
9148,142,116,278704,2799,8718497,19493100
9149,140,122,278564,2817,8718619,19113900
9150,143,163,278421,2797,8718782,18884900
9151,156,150,278265,2803,8718932,19159300
9152,148,137,278117,2814,8719069,19258600
9153,149,141,277968,2822,8719210,18956700
9154,158,148,277810,2832,8719358,18825300
9155,148,134,277662,2846,8719492,19291900
9156,159,163,277503,2842,8719655,19408700
9157,145,146,277358,2841,8719801,19184100
9158,125,134,277233,2832,8719935,19021700
9159,140,153,277093,2819,8720088,19783300
9160,147,136,276946,2830,8720224,18976700
9161,136,132,276810,2834,8720356,19311700
9162,163,126,276647,2871,8720482,20961000
9163,148,128,276499,2891,8720610,23237800
9164,153,134,276346,2910,8720744,20939000
9165,156,149,276190,2917,8720893,20865300
9166,155,165,276035,2907,8721058,19975400
9167,154,149,275881,2912,8721207,19752800
9168,132,151,275749,2893,8721358,19207000
9169,134,126,275615,2901,8721484,18941600
9170,151,160,275464,2892,8721644,18885500
9171,132,160,275332,2864,8721804,18833300
9172,135,135,275197,2864,8721939,19195400
9173,136,132,275061,2868,8722071,18648700
9174,144,157,274917,2855,8722228,19092100
9175,145,157,274772,2843,8722385,19385300
9176,146,131,274626,2858,8722516,18944900
9177,159,163,274467,2854,8722679,19218300
9178,141,143,274326,2852,8722822,18966700
9179,137,137,274189,2852,8722959,19016100
9180,156,146,274033,2862,8723105,18834900
9181,130,162,273903,2830,8723267,19017000
9182,145,146,273758,2829,8723413,18725300
9183,137,138,273621,2828,8723551,18706700
9184,135,139,273486,2824,8723690,19551400
9185,117,132,273369,2809,8723822,20127000
9186,130,134,273239,2805,8723956,19145700
9187,149,130,273090,2824,8724086,19723000
9188,128,143,272962,2809,8724229,19301100
9189,131,121,272831,2819,8724350,19029400
9190,133,142,272698,2810,8724492,18957400
9191,145,137,272553,2818,8724629,18811400
9192,143,143,272410,2818,8724772,19428800
9193,124,126,272286,2816,8724898,19525800
9194,139,147,272147,2808,8725045,19289900
9195,117,145,272030,2780,8725190,18798300
9196,157,141,271873,2796,8725331,19227400
9197,149,137,271724,2808,8725468,19393800
9198,137,126,271587,2819,8725594,19382300
9199,132,174,271455,2777,8725768,20137200
9200,136,121,271319,2792,8725889,20244700
9201,136,164,271183,2764,8726053,19244600
9202,123,129,271060,2758,8726182,19497100
9203,151,143,270909,2766,8726325,19560500
9204,151,143,270758,2774,8726468,20087300
9205,135,132,270623,2777,8726600,19482900
9206,141,140,270482,2778,8726740,19357500
9207,135,153,270347,2760,8726893,19479400
9208,142,136,270205,2766,8727029,20169400
9209,143,127,270062,2782,8727156,19456100
9210,138,146,269924,2774,8727302,20484500
9211,133,145,269791,2762,8727447,20102800
9212,136,154,269655,2744,8727601,19222000
9213,145,130,269510,2759,8727731,19637900
9214,132,133,269378,2758,8727864,20500900
9215,153,125,269225,2786,8727989,20861600
9216,144,140,269081,2790,8728129,20229300
9217,155,129,268926,2816,8728258,19126400
9218,133,134,268793,2815,8728392,19218700
9219,147,152,268646,2810,8728544,19552000
9220,155,150,268491,2815,8728694,20369600
9221,122,152,268369,2785,8728846,19462300
9222,158,133,268211,2810,8728979,20100400
9223,146,149,268065,2807,8729128,19731500
9224,139,153,267926,2793,8729281,20147300
9225,132,146,267794,2779,8729427,19393000
9226,142,145,267652,2776,8729572,19679300
9227,144,144,267508,2776,8729716,19705500
9228,143,138,267365,2781,8729854,19292000
9229,146,152,267219,2775,8730006,19087400
9230,129,134,267090,2770,8730140,19639000
9231,145,132,266945,2783,8730272,19832300
9232,155,137,266790,2801,8730409,19685300
9233,160,141,266630,2820,8730550,19978100
9234,142,165,266488,2797,8730715,20663400
9235,140,132,266348,2805,8730847,21730800
9236,138,129,266210,2814,8730976,21908800
9237,152,130,266058,2836,8731106,19751100
9238,130,148,265928,2818,8731254,19331500
9239,147,146,265781,2819,8731400,19049800
9240,142,137,265639,2824,8731537,18963800
9241,128,132,265511,2820,8731669,19404000
9242,148,162,265363,2806,8731831,19787800
9243,129,130,265234,2805,8731961,20699700
9244,118,143,265116,2780,8732104,21418300
9245,140,140,264976,2780,8732244,20364700
9246,164,156,264812,2788,8732400,20164700
9247,119,152,264693,2755,8732552,20104800
9248,135,122,264558,2768,8732674,20416600
9249,146,131,264412,2783,8732805,20165100
9250,170,139,264242,2814,8732944,20583300
9251,155,156,264087,2813,8733100,20265500
9252,132,150,263955,2795,8733250,19985600
9253,143,141,263812,2797,8733391,19147500
9254,133,142,263679,2788,8733533,19706100
9255,139,134,263540,2793,8733667,18826400
9256,143,154,263397,2782,8733821,19675700
9257,137,152,263260,2767,8733973,19032300
9258,123,148,263137,2742,8734121,19924100
9259,119,134,263018,2727,8734255,19638700
9260,121,125,262897,2723,8734380,19226100
9261,135,136,262762,2722,8734516,20663400
9262,106,138,262656,2690,8734654,20035600
9263,129,132,262527,2687,8734786,19888900
9264,132,141,262395,2678,8734927,20130800
9265,140,134,262255,2684,8735061,19876100
9266,122,134,262133,2672,8735195,20559500
9267,136,141,261997,2667,8735336,20598200
9268,132,141,261865,2658,8735477,19410800
9269,144,130,261721,2672,8735607,19216400
9270,132,131,261589,2673,8735738,19247100
9271,142,124,261447,2691,8735862,19251300
9272,138,111,261309,2718,8735973,19416800
9273,107,137,261202,2688,8736110,20141500
9274,138,127,261064,2699,8736237,19739000
9275,124,137,260940,2686,8736374,19879000
9276,139,136,260801,2689,8736510,19215400
9277,131,122,260670,2698,8736632,19378000
9278,140,155,260530,2683,8736787,19145700
9279,129,136,260401,2676,8736923,19385100
9280,125,136,260276,2665,8737059,19067700
9281,133,129,260143,2669,8737188,19391900
9282,143,147,260000,2665,8737335,19021800
9283,109,142,259891,2632,8737477,19000800
9284,148,145,259743,2635,8737622,19335800
9285,139,140,259604,2634,8737762,19318900
9286,147,115,259457,2666,8737877,19291100
9287,143,132,259314,2677,8738009,19379000
9288,150,140,259164,2687,8738149,19206900
9289,137,147,259027,2677,8738296,19152100
9290,130,146,258897,2661,8738442,18839400
9291,132,120,258765,2673,8738562,18841800
9292,126,125,258639,2674,8738687,19183500
9293,136,129,258503,2681,8738816,18907000
9294,137,122,258366,2696,8738938,19824000
9295,134,129,258232,2701,8739067,19113000
9296,146,140,258086,2707,8739207,18758000
9297,159,138,257927,2728,8739345,19174800
9298,133,124,257794,2737,8739469,19257100
9299,125,130,257669,2732,8739599,19133800
9300,151,132,257518,2751,8739731,18692500
9301,137,147,257381,2741,8739878,18732900
9302,138,125,257243,2754,8740003,19176500
9303,144,144,257099,2754,8740147,19444000
9304,130,125,256969,2759,8740272,19444500
9305,142,137,256827,2764,8740409,19236900
9306,140,148,256687,2756,8740557,19120600
9307,139,144,256548,2751,8740701,18864900
9308,138,128,256410,2761,8740829,19047300
9309,135,127,256275,2769,8740956,19069700
9310,149,116,256126,2802,8741072,19380500
9311,124,153,256002,2773,8741225,19743400
9312,130,148,255872,2755,8741373,19045100
9313,117,142,255755,2730,8741515,19569800
9314,125,135,255630,2720,8741650,19153200
9315,129,119,255501,2730,8741769,19218100
9316,134,137,255367,2727,8741906,19081100
9317,118,129,255249,2716,8742035,19131100
9318,134,151,255115,2699,8742186,19373900
9319,123,121,254992,2701,8742307,19470300
9320,129,153,254863,2677,8742460,18915100
9321,112,143,254751,2646,8742603,18843100
9322,147,133,254604,2660,8742736,19623400
9323,123,130,254481,2653,8742866,19793500
9324,125,154,254356,2624,8743020,19331700
9325,134,144,254222,2614,8743164,19153300
9326,125,139,254097,2600,8743303,19413100
9327,120,134,253977,2586,8743437,19536300
9328,121,128,253856,2579,8743565,19091600
9329,139,140,253717,2578,8743705,19248700
9330,140,126,253577,2592,8743831,19736800
9331,122,125,253455,2589,8743956,19160200
9332,122,133,253333,2578,8744089,19435200
9333,133,134,253200,2577,8744223,19537900
9334,128,152,253072,2553,8744375,19310800
9335,129,114,252943,2568,8744489,19340700
9336,102,135,252841,2535,8744624,19332100
9337,121,127,252720,2529,8744751,19461700
9338,111,149,252609,2491,8744900,18896900
9339,139,125,252470,2505,8745025,19861200
9340,110,135,252360,2480,8745160,19417500
9341,103,138,252257,2445,8745298,18926500
9342,122,127,252135,2440,8745425,18977300
9343,126,112,252009,2454,8745537,19245300
9344,114,128,251895,2440,8745665,18941000
9345,130,125,251765,2445,8745790,18956100
9346,125,117,251640,2453,8745907,18879900
9347,121,123,251519,2451,8746030,18900300
9348,130,114,251389,2467,8746144,18826000
9349,143,125,251246,2485,8746269,19455100
9350,121,127,251125,2479,8746396,23800400
9351,127,122,250998,2484,8746518,20660000
9352,148,120,250850,2512,8746638,19521700
9353,142,119,250708,2535,8746757,19887000
9354,143,121,250565,2557,8746878,19683700
9355,147,126,250418,2578,8747004,19855000
9356,130,120,250288,2588,8747124,19000500
9357,129,111,250159,2606,8747235,18927600
9358,141,119,250018,2628,8747354,20254500
9359,130,120,249888,2638,8747474,21128000
9360,139,137,249749,2640,8747611,20642700
9361,148,156,249601,2632,8747767,22328900
9362,144,116,249457,2660,8747883,19542400
9363,137,143,249320,2654,8748026,19667400
9364,149,146,249171,2657,8748172,20100400
9365,126,134,249045,2649,8748306,19803200
9366,119,137,248926,2631,8748443,19780300
9367,122,112,248804,2641,8748555,19847700
9368,133,129,248671,2645,8748684,19587400
9369,127,140,248544,2632,8748824,19480500
9370,126,133,248418,2625,8748957,19542000
9371,134,123,248284,2636,8749080,19491700
9372,122,129,248162,2629,8749209,19115700
9373,136,149,248026,2616,8749358,20524300
9374,130,139,247896,2607,8749497,18948800
9375,132,117,247764,2622,8749614,19111600
9376,127,119,247637,2630,8749733,19507000
9377,134,128,247503,2636,8749861,19477200
9378,127,122,247376,2641,8749983,19234100
9379,112,141,247264,2612,8750124,19355700
9380,124,142,247140,2594,8750266,19178400
9381,110,147,247030,2557,8750413,19121400
9382,126,122,246904,2561,8750535,19873200
9383,111,135,246793,2537,8750670,21795800
9384,120,143,246673,2514,8750813,20721700
9385,129,127,246544,2516,8750940,19908200
9386,130,116,246414,2530,8751056,20598100
9387,136,141,246278,2525,8751197,19982700
9388,131,121,246147,2535,8751318,19250700
9389,146,139,246001,2542,8751457,19063300
9390,134,138,245867,2538,8751595,19981400
9391,119,120,245748,2537,8751715,20153400
9392,124,132,245624,2529,8751847,19416700
9393,110,126,245514,2513,8751973,19800500
9394,115,142,245399,2486,8752115,19165300
9395,122,136,245277,2472,8752251,19048900
9396,119,118,245158,2473,8752369,19162600
9397,102,124,245056,2451,8752493,19030300
9398,122,136,244934,2437,8752629,19226900
9399,119,128,244815,2428,8752757,19341600
9400,123,110,244692,2441,8752867,19533500
9401,122,136,244570,2427,8753003,19351900
9402,137,122,244433,2442,8753125,19575200
9403,124,136,244309,2430,8753261,19348700
9404,116,144,244193,2402,8753405,20044600
9405,132,124,244061,2410,8753529,18972100
9406,127,117,243934,2420,8753646,18973700
9407,111,116,243823,2415,8753762,18998200
9408,118,122,243705,2411,8753884,18927100
9409,115,107,243590,2419,8753991,18980400
9410,129,122,243461,2426,8754113,19209900
9411,118,132,243343,2412,8754245,19236500
9412,100,136,243243,2376,8754381,19643900
9413,109,121,243134,2364,8754502,19386600
9414,119,102,243015,2381,8754604,19655800
9415,138,108,242877,2411,8754712,19303000
9416,138,129,242739,2420,8754841,19052600
9417,119,128,242620,2411,8754969,19558500
9418,137,141,242483,2407,8755110,19040100
9419,149,126,242334,2430,8755236,19700200
9420,117,131,242217,2416,8755367,19710800
9421,103,121,242114,2398,8755488,18950400
9422,123,117,241991,2404,8755605,19255500
9423,138,123,241853,2419,8755728,19394900
9424,114,102,241739,2431,8755830,18816800
9425,143,121,241596,2453,8755951,19386500
9426,115,119,241481,2449,8756070,19389200
9427,120,126,241361,2443,8756196,19041800
9428,122,113,241239,2452,8756309,18811600
9429,128,116,241111,2464,8756425,18794300
9430,113,112,240998,2465,8756537,18875300
9431,124,122,240874,2467,8756659,18785800
9432,102,147,240772,2422,8756806,19027000
9433,114,126,240658,2410,8756932,18779400
9434,117,113,240541,2414,8757045,20019900
9435,119,119,240422,2414,8757164,24022700
9436,127,132,240295,2409,8757296,20622500
9437,121,137,240174,2393,8757433,20237200
9438,132,120,240042,2405,8757553,19739000
9439,137,118,239905,2424,8757671,19431900
9440,117,119,239788,2422,8757790,19618000
9441,97,113,239691,2406,8757903,19058300
9442,114,99,239577,2421,8758002,19457100
9443,95,112,239482,2404,8758114,19773000
9444,135,147,239347,2392,8758261,19636600
9445,134,109,239213,2417,8758370,19680500
9446,119,139,239094,2397,8758509,19314700
9447,109,139,238985,2367,8758648,19802700
9448,111,122,238874,2356,8758770,19568400
9449,109,111,238765,2354,8758881,19926800
9450,109,123,238656,2340,8759004,19152200
9451,103,118,238553,2325,8759122,19878900
9452,103,113,238450,2315,8759235,20035600
9453,124,120,238326,2319,8759355,20231500
9454,113,131,238213,2301,8759486,20565900
9455,107,115,238106,2293,8759601,20419100
9456,100,115,238006,2278,8759716,19873600
9457,114,104,237892,2288,8759820,20308700
9458,123,129,237769,2282,8759949,20226600
9459,118,132,237651,2268,8760081,19840700
9460,122,121,237529,2269,8760202,19133000
9461,107,104,237422,2272,8760306,19129900
9462,100,110,237322,2262,8760416,19194300
9463,120,109,237202,2273,8760525,19929900
9464,110,93,237092,2290,8760618,22534200
9465,116,102,236976,2304,8760720,21507000
9466,127,114,236849,2317,8760834,21286200
9467,110,124,236739,2303,8760958,21407400
9468,115,105,236624,2313,8761063,21207300
9469,123,112,236501,2324,8761175,19417000
9470,109,105,236392,2328,8761280,19276500
9471,120,120,236272,2328,8761400,19349600
9472,94,132,236178,2290,8761532,19050200
9473,115,111,236063,2294,8761643,18989800
9474,118,128,235945,2284,8761771,18610200
9475,102,124,235843,2262,8761895,19530000
9476,107,96,235736,2273,8761991,19296600
9477,125,111,235611,2287,8762102,19018400
9478,121,125,235490,2283,8762227,19077600
9479,123,126,235367,2280,8762353,19247800
9480,107,116,235260,2271,8762469,18865100
9481,104,109,235156,2266,8762578,18674500
9482,100,107,235056,2259,8762685,18950400
9483,123,122,234933,2260,8762807,19245600
9484,104,117,234829,2247,8762924,19462200
9485,107,89,234722,2265,8763013,21320100
9486,129,109,234593,2285,8763122,21659000
9487,110,104,234483,2291,8763226,20814600
9488,124,124,234359,2291,8763350,20125900
9489,130,116,234229,2305,8763466,19593800
9490,115,105,234114,2315,8763571,19481900
9491,103,111,234011,2307,8763682,19305600
9492,136,103,233875,2340,8763785,19780200
9493,122,117,233753,2345,8763902,19182800
9494,128,115,233625,2358,8764017,18841100
9495,134,119,233491,2373,8764136,19295400
9496,130,121,233361,2382,8764257,18953800
9497,142,113,233219,2411,8764370,19830600
9498,113,101,233106,2423,8764471,18560500
9499,132,128,232974,2427,8764599,18785100
9500,144,121,232830,2450,8764720,19439400
9501,121,105,232709,2466,8764825,19170900
9502,127,125,232582,2468,8764950,19026300
9503,145,137,232437,2476,8765087,18885700
9504,122,105,232315,2493,8765192,18729400
9505,143,112,232172,2524,8765304,18918600
9506,137,105,232035,2556,8765409,19292700
9507,131,130,231904,2557,8765539,19112600
9508,138,119,231766,2576,8765658,18791100
9509,132,125,231634,2583,8765783,19184700
9510,124,126,231510,2581,8765909,19336900
9511,126,128,231384,2579,8766037,18969800
9512,123,118,231261,2584,8766155,18810500
9513,117,128,231144,2573,8766283,18869900
9514,124,120,231020,2577,8766403,18810200
9515,123,115,230897,2585,8766518,18889400
9516,140,125,230757,2600,8766643,19112000
9517,131,124,230626,2607,8766767,19363600
9518,116,101,230510,2622,8766868,19924000
9519,128,143,230382,2607,8767011,19828100
9520,135,146,230247,2596,8767157,19344200
9521,141,124,230106,2613,8767281,19363400
9522,132,146,229974,2599,8767427,19528500
9523,125,115,229849,2609,8767542,19674800
9524,132,129,229717,2612,8767671,19645000
9525,139,123,229578,2628,8767794,19227600
9526,130,136,229448,2622,8767930,19306100
9527,120,136,229328,2606,8768066,19373200
9528,129,127,229199,2608,8768193,19298400
9529,133,129,229066,2612,8768322,19455900
9530,116,113,228950,2615,8768435,19231900
9531,107,140,228843,2582,8768575,19131400
9532,115,123,228728,2574,8768698,19262000
9533,120,136,228608,2558,8768834,20686800
9534,128,154,228480,2532,8768988,21448200
9535,112,128,228368,2516,8769116,20989100
9536,110,125,228258,2501,8769241,20050000
9537,108,131,228150,2478,8769372,19526100
9538,115,132,228035,2461,8769504,19634100
9539,107,124,227928,2444,8769628,19087100
9540,112,120,227816,2436,8769748,18916600
9541,116,144,227700,2408,8769892,19813800
9542,121,109,227579,2420,8770001,19615400
9543,96,102,227483,2414,8770103,18781000
9544,125,130,227358,2409,8770233,19261400
9545,111,128,227247,2392,8770361,19523200
9546,120,138,227127,2374,8770499,23518500
9547,125,106,227002,2393,8770605,21499600
9548,104,121,226898,2376,8770726,20132900
9549,114,104,226784,2386,8770830,19769200
9550,112,132,226672,2366,8770962,19501100
9551,124,111,226548,2379,8771073,19067700
9552,110,133,226438,2356,8771206,19134300
9553,106,137,226332,2325,8771343,19000100
9554,113,107,226219,2331,8771450,18802400
9555,108,114,226111,2325,8771564,19197200
9556,112,135,225999,2302,8771699,18790400
9557,107,89,225892,2320,8771788,19043200
9558,114,101,225778,2333,8771889,18956000
9559,112,97,225666,2348,8771986,19029900
9560,112,110,225554,2350,8772096,19070400
9561,99,113,225455,2336,8772209,19447300
9562,114,132,225341,2318,8772341,18669700
9563,115,118,225226,2315,8772459,18686900
9564,105,101,225121,2319,8772560,19122600
9565,119,110,225002,2328,8772670,18801700
9566,92,122,224910,2298,8772792,19336100
9567,132,104,224778,2326,8772896,18889000
9568,137,116,224641,2347,8773012,19074400
9569,128,113,224513,2362,8773125,19462800
9570,122,114,224391,2370,8773239,19763100
9571,130,130,224261,2370,8773369,19832000
9572,121,123,224140,2368,8773492,19528900
9573,120,126,224020,2362,8773618,19016000
9574,110,110,223910,2362,8773728,19662700
9575,124,112,223786,2374,8773840,19035500
9576,121,125,223665,2370,8773965,19363700
9577,106,116,223559,2360,8774081,18946500
9578,127,130,223432,2357,8774211,19761900
9579,129,109,223303,2377,8774320,19791800
9580,125,117,223178,2385,8774437,19571800
9581,109,116,223069,2378,8774553,19227100
9582,100,117,222969,2361,8774670,20159900
9583,114,117,222855,2358,8774787,18958600
9584,118,118,222737,2358,8774905,18929900
9585,122,113,222615,2367,8775018,19075400
9586,115,138,222500,2344,8775156,18827400
9587,102,114,222398,2332,8775270,18764000
9588,90,107,222308,2315,8775377,19099000
9589,123,114,222185,2324,8775491,20393700
9590,128,145,222057,2307,8775636,19192100
9591,120,118,221937,2309,8775754,19999200
9592,109,104,221828,2314,8775858,20219700
9593,95,116,221733,2293,8775974,19360700
9594,109,121,221624,2281,8776095,20344400
9595,107,107,221517,2281,8776202,21393000
9596,95,111,221422,2265,8776313,21217500
9597,119,113,221303,2271,8776426,23636300
9598,101,108,221202,2264,8776534,23667000
9599,110,113,221092,2261,8776647,23993000
9600,96,92,220996,2265,8776739,22337900
9601,113,138,220883,2240,8776877,22047300
9602,108,113,220775,2235,8776990,20319400
9603,109,131,220666,2213,8777121,21579500
9604,123,110,220543,2226,8777231,21271500
9605,115,113,220428,2228,8777344,20556900
9606,98,108,220330,2218,8777452,20301400
9607,107,96,220223,2229,8777548,21598200
9608,102,119,220121,2212,8777667,20728500
9609,105,117,220016,2200,8777784,20768200
9610,104,96,219912,2208,8777880,20432100
9611,110,110,219802,2208,8777990,20505200
9612,114,102,219688,2220,8778092,21071600
9613,108,110,219580,2218,8778202,21621300
9614,118,100,219462,2236,8778302,21870200
9615,106,129,219356,2213,8778431,20864800
9616,120,117,219236,2216,8778548,21434600
9617,95,98,219141,2213,8778646,22227300
9618,108,96,219033,2225,8778742,22884700
9619,109,97,218924,2237,8778839,23614700
9620,102,100,218822,2239,8778939,21941800
9621,104,132,218718,2211,8779071,19953100
9622,121,111,218597,2221,8779182,20652000
9623,109,117,218488,2213,8779299,20906200
9624,102,97,218386,2218,8779396,20022400
9625,100,111,218286,2207,8779507,19195700
9626,101,100,218185,2208,8779607,19530400
9627,111,109,218074,2210,8779716,20157200
9628,106,116,217968,2200,8779832,19607300
9629,104,118,217864,2186,8779950,19953300
9630,97,102,217767,2181,8780052,20135100
9631,100,104,217667,2177,8780156,19519600
9632,117,111,217550,2183,8780267,20292100
9633,108,110,217442,2181,8780377,19515000
9634,113,123,217329,2171,8780500,19925300
9635,124,123,217205,2172,8780623,19567500
9636,99,97,217106,2174,8780720,20191900
9637,101,99,217005,2176,8780819,19451400
9638,117,100,216888,2193,8780919,19254000
9639,78,97,216810,2174,8781016,19962900
9640,121,99,216689,2196,8781115,19307800
9641,112,126,216577,2182,8781241,19512700
9642,130,123,216447,2189,8781364,19833700
9643,112,110,216335,2191,8781474,19506200
9644,96,116,216239,2171,8781590,19571900
9645,112,96,216127,2187,8781686,19550500
9646,117,129,216010,2175,8781815,19293200
9647,93,132,215917,2136,8781947,19473700
9648,111,101,215806,2146,8782048,19618800
9649,111,110,215695,2147,8782158,19447000
9650,100,107,215595,2140,8782265,19953500
9651,108,104,215487,2144,8782369,20181600
9652,99,118,215388,2125,8782487,20796100
9653,98,119,215290,2104,8782606,20058800
9654,97,96,215193,2105,8782702,20829800
9655,105,103,215088,2107,8782805,20667700
9656,117,100,214971,2124,8782905,20434700
9657,110,122,214861,2112,8783027,19689400
9658,110,107,214751,2115,8783134,20137300
9659,109,94,214642,2130,8783228,20695200
9660,112,93,214530,2149,8783321,20311400
9661,113,103,214417,2159,8783424,22562400
9662,128,97,214289,2190,8783521,21655600
9663,120,109,214169,2201,8783630,22342800
9664,113,111,214056,2203,8783741,20774600
9665,116,110,213940,2209,8783851,21118900
9666,123,112,213817,2220,8783963,20434000
9667,114,114,213703,2220,8784077,22367300
9668,120,100,213583,2240,8784177,24770800
9669,111,115,213472,2236,8784292,23595600
9670,102,110,213370,2228,8784402,23327800
9671,110,117,213260,2221,8784519,23259600
9672,98,122,213162,2197,8784641,22189000
9673,113,137,213049,2173,8784778,20218800
9674,114,111,212935,2176,8784889,20158500
9675,111,105,212824,2182,8784994,20527900
9676,121,101,212703,2202,8785095,19967700
9677,104,127,212599,2179,8785222,19698500
9678,102,96,212497,2185,8785318,19385700
9679,119,78,212378,2226,8785396,19267100
9680,99,102,212279,2223,8785498,19324900
9681,112,120,212167,2215,8785618,19023000
9682,99,110,212068,2204,8785728,18960200
9683,104,117,211964,2191,8785845,19163200
9684,102,107,211862,2186,8785952,20061000
9685,127,112,211735,2201,8786064,20169600
9686,107,114,211628,2194,8786178,19122500
9687,110,116,211518,2188,8786294,18752000
9688,99,121,211419,2166,8786415,18829100
9689,107,112,211312,2161,8786527,19068200
9690,90,94,211222,2157,8786621,18845200
9691,93,108,211129,2142,8786729,18650600
9692,115,94,211014,2163,8786823,19067700
9693,130,106,210884,2187,8786929,19302200
9694,122,118,210762,2191,8787047,19498500
9695,111,119,210651,2183,8787166,19883900
9696,129,118,210522,2194,8787284,19375100
9697,111,138,210411,2167,8787422,19851000
9698,100,104,210311,2163,8787526,19801800
9699,127,86,210184,2204,8787612,19323900
9700,100,109,210084,2195,8787721,18989200
9701,109,111,209975,2193,8787832,18741800
9702,101,134,209874,2160,8787966,18810100
9703,114,81,209760,2193,8788047,19023000
9704,106,125,209654,2174,8788172,19082400
9705,104,84,209550,2194,8788256,18989500
9706,113,109,209437,2198,8788365,19078400
9707,104,123,209333,2179,8788488,18740100
9708,105,121,209228,2163,8788609,18797600
9709,100,118,209128,2145,8788727,18692100
9710,113,101,209015,2157,8788828,19174200
9711,101,106,208914,2152,8788934,18921800
9712,101,117,208813,2136,8789051,18606500
9713,115,104,208698,2147,8789155,18799600
9714,92,109,208606,2130,8789264,18799600
9715,93,105,208513,2118,8789369,19241000
9716,129,118,208384,2129,8789487,18927700
9717,115,113,208269,2131,8789600,19297900
9718,104,105,208165,2130,8789705,19361900
9719,117,99,208048,2148,8789804,20026900
9720,106,105,207942,2149,8789909,20053400
9721,116,120,207826,2145,8790029,19897400
9722,99,107,207727,2137,8790136,20370100
9723,105,104,207622,2138,8790240,20193400
9724,130,101,207492,2167,8790341,19232700
9725,116,100,207376,2183,8790441,19238000
9726,126,111,207250,2198,8790552,19569700
9727,126,114,207124,2210,8790666,19724000
9728,111,99,207013,2222,8790765,19459900
9729,112,106,206901,2228,8790871,19698800
9730,133,126,206768,2235,8790997,19773900
9731,119,106,206649,2248,8791103,19423600
9732,120,129,206529,2239,8791232,19235900
9733,149,127,206380,2261,8791359,18682400
9734,125,119,206255,2267,8791478,19446500
9735,115,122,206140,2260,8791600,18928500
9736,110,108,206030,2262,8791708,19349200
9737,118,111,205912,2269,8791819,19200500
9738,133,130,205779,2272,8791949,18900900
9739,98,112,205681,2258,8792061,18650700
9740,133,119,205548,2272,8792180,19300600
9741,106,113,205442,2265,8792293,19621700
9742,116,114,205326,2267,8792407,18963700
9743,112,116,205214,2263,8792523,18841900
9744,114,113,205100,2264,8792636,19091500
9745,100,122,205000,2242,8792758,18840400
9746,107,111,204893,2238,8792869,18778200
9747,110,117,204783,2231,8792986,18782500
9748,96,117,204687,2210,8793103,19090700
9749,99,102,204588,2207,8793205,19473100
9750,96,98,204492,2205,8793303,18773000
9751,103,120,204389,2188,8793423,18887600
9752,111,105,204278,2194,8793528,18657700
9753,85,110,204193,2169,8793638,19014000
9754,83,108,204110,2144,8793746,19295100
9755,95,102,204015,2137,8793848,18850500
9756,101,130,203914,2108,8793978,18937700
9757,89,94,203825,2103,8794072,18854800
9758,93,109,203732,2087,8794181,19090000
9759,104,88,203628,2103,8794269,18930900
9760,89,105,203539,2087,8794374,18850900
9761,117,113,203422,2091,8794487,19001000
9762,112,115,203310,2088,8794602,18803900
9763,100,96,203210,2092,8794698,19194900
9764,94,93,203116,2093,8794791,18580100
9765,124,112,202992,2105,8794903,18852200
9766,99,95,202893,2109,8794998,18761000
9767,97,101,202796,2105,8795099,19222000
9768,119,104,202677,2120,8795203,19018200
9769,107,115,202570,2112,8795318,19240200
9770,100,114,202470,2098,8795432,19514400
9771,100,101,202370,2097,8795533,19429000
9772,99,119,202271,2077,8795652,19801800
9773,119,110,202152,2086,8795762,19866200
9774,116,100,202036,2102,8795862,20109600
9775,108,131,201928,2079,8795993,19813400
9776,98,101,201830,2076,8796094,18956100
9777,119,99,201711,2096,8796193,18610800
9778,93,109,201618,2080,8796302,18690300
9779,96,119,201522,2057,8796421,18810100
9780,89,101,201433,2045,8796522,19237700
9781,89,112,201344,2022,8796634,19347800
9782,107,95,201237,2034,8796729,19261100
9783,116,108,201121,2042,8796837,19364600
9784,100,109,201021,2033,8796946,19325700
9785,103,105,200918,2031,8797051,19904600
9786,104,112,200814,2023,8797163,19768900
9787,108,97,200706,2034,8797260,19356300
9788,103,92,200603,2045,8797352,20217300
9789,104,107,200499,2042,8797459,19832600
9790,107,108,200392,2041,8797567,19703400
9791,92,103,200300,2030,8797670,19617900
9792,105,91,200195,2044,8797761,20568900
9793,99,79,200096,2064,8797840,20869800
9794,96,97,200000,2063,8797937,19975100
9795,95,109,199905,2049,8798046,20526700
9796,88,104,199817,2033,8798150,19877800
9797,104,116,199713,2021,8798266,19276000
9798,110,102,199603,2029,8798368,20887600
9799,86,89,199517,2026,8798457,20914400
9800,88,81,199429,2033,8798538,19637200
9801,96,112,199333,2017,8798650,19511100
9802,86,99,199247,2004,8798749,20217300
9803,112,85,199135,2031,8798834,19533500
9804,96,90,199039,2037,8798924,19314800
9805,86,107,198953,2016,8799031,19448800
9806,84,108,198869,1992,8799139,19733000
9807,98,94,198771,1996,8799233,19733900
9808,103,96,198668,2003,8799329,19158400
9809,91,111,198577,1983,8799440,19295100
9810,86,97,198491,1972,8799537,19885600
9811,98,87,198393,1983,8799624,19516500
9812,105,111,198288,1977,8799735,19336600
9813,98,106,198190,1969,8799841,19829400
9814,90,89,198100,1970,8799930,20035100
9815,105,102,197995,1973,8800032,19752500
9816,104,85,197891,1992,8800117,19823400
9817,82,114,197809,1960,8800231,19979200
9818,94,91,197715,1963,8800322,19469800
9819,101,86,197614,1978,8800408,19263400
9820,94,98,197520,1974,8800506,19761500
9821,85,97,197435,1962,8800603,19378000
9822,86,104,197349,1944,8800707,20043000
9823,91,113,197258,1922,8800820,20061600
9824,107,106,197151,1923,8800926,19922300
9825,106,81,197045,1948,8801007,20243000
9826,106,105,196939,1949,8801112,21002300
9827,98,92,196841,1955,8801204,19470000
9828,94,84,196747,1965,8801288,19530000
9829,103,95,196644,1973,8801383,19829000
9830,112,80,196532,2005,8801463,20170300
9831,108,93,196424,2020,8801556,19697300
9832,89,94,196335,2015,8801650,21151500
9833,88,99,196247,2004,8801749,20685100
9834,116,93,196131,2027,8801842,20059300
9835,85,95,196046,2017,8801937,20083300
9836,101,111,195945,2007,8802048,19445100
9837,83,122,195862,1968,8802170,20176200
9838,93,102,195769,1959,8802272,19740000
9839,93,91,195676,1961,8802363,19582200
9840,103,87,195573,1977,8802450,19701000
9841,91,112,195482,1956,8802562,19887200
9842,93,84,195389,1965,8802646,20861600
9843,93,82,195296,1976,8802728,20093000
9844,84,106,195212,1954,8802834,19824400
9845,112,80,195100,1986,8802914,19787300
9846,117,100,194983,2003,8803014,19686800
9847,98,113,194885,1988,8803127,19423800
9848,87,106,194798,1969,8803233,19559900
9849,105,111,194693,1963,8803344,19401400
9850,97,100,194596,1960,8803444,19806200
9851,102,109,194494,1953,8803553,19983500
9852,89,93,194405,1949,8803646,19469500
9853,105,120,194300,1934,8803766,19675600
9854,88,91,194212,1931,8803857,20026600
9855,109,96,194103,1944,8803953,19713300
9856,91,94,194012,1941,8804047,20997800
9857,100,102,193912,1939,8804149,19775100
9858,87,106,193825,1920,8804255,19917900
9859,120,100,193705,1940,8804355,19375800
9860,76,108,193629,1908,8804463,20426700
9861,103,99,193526,1912,8804562,19964300
9862,86,100,193440,1898,8804662,19184200
9863,90,111,193350,1877,8804773,19064000
9864,82,92,193268,1867,8804865,18901300
9865,102,98,193166,1871,8804963,18804400
9866,82,87,193084,1866,8805050,18934200
9867,82,84,193002,1864,8805134,18879000
9868,84,95,192918,1853,8805229,18930200
9869,88,82,192830,1859,8805311,19207000
9870,96,107,192734,1848,8805418,19325300
9871,101,89,192633,1860,8805507,18960200
9872,96,96,192537,1860,8805603,19088600
9873,97,96,192440,1861,8805699,19910900
9874,82,95,192358,1848,8805794,19877300
9875,103,96,192255,1855,8805890,20848900
9876,92,103,192163,1844,8805993,19117800
9877,110,98,192053,1856,8806091,19380600
9878,100,95,191953,1861,8806186,18773900
9879,86,102,191867,1845,8806288,18986200
9880,82,89,191785,1838,8806377,18773500
9881,121,102,191664,1857,8806479,19117700
9882,103,94,191561,1866,8806573,19130200
9883,83,89,191478,1860,8806662,19262200
9884,105,97,191373,1868,8806759,19129800
9885,90,93,191283,1865,8806852,19064800
9886,82,79,191201,1868,8806931,18650700
9887,83,87,191118,1864,8807018,19248700
9888,85,101,191033,1848,8807119,19299000
9889,93,79,190940,1862,8807198,18949700
9890,89,70,190851,1881,8807268,20593900
9891,88,65,190763,1904,8807333,21267600
9892,93,84,190670,1913,8807417,20861200
9893,104,91,190566,1926,8807508,19555500
9894,98,100,190468,1924,8807608,19604300
9895,106,95,190362,1935,8807703,19972100
9896,103,111,190259,1927,8807814,19150200
9897,110,87,190149,1950,8807901,19289300
9898,100,100,190049,1950,8808001,19227100
9899,87,100,189962,1937,8808101,18841600
9900,86,94,189876,1929,8808195,18950600
9901,94,97,189782,1926,8808292,19044800
9902,80,88,189702,1918,8808380,19279700
9903,101,91,189601,1928,8808471,19069900
9904,94,89,189507,1933,8808560,19111100
9905,86,90,189421,1929,8808650,18802600
9906,66,100,189355,1895,8808750,18541500
9907,94,105,189261,1884,8808855,18837200
9908,100,95,189161,1889,8808950,19059700
9909,84,117,189077,1856,8809067,18879500
9910,88,102,188989,1842,8809169,18917000
9911,91,89,188898,1844,8809258,18929000
9912,98,84,188800,1858,8809342,19395300
9913,103,95,188697,1866,8809437,18917800
9914,112,107,188585,1871,8809544,19165500
9915,102,99,188483,1874,8809643,19914100
9916,84,99,188399,1859,8809742,19976500
9917,91,80,188308,1870,8809822,20479500
9918,93,95,188215,1868,8809917,19838400
9919,98,107,188117,1859,8810024,20595300
9920,76,95,188041,1840,8810119,20266100
9921,82,111,187959,1811,8810230,19616600
9922,71,76,187888,1806,8810306,20019200
9923,90,91,187798,1805,8810397,19708300
9924,72,78,187726,1799,8810475,20351300
9925,92,96,187634,1795,8810571,20142200
9926,84,81,187550,1798,8810652,21357200
9927,83,80,187467,1801,8810732,20248800
9928,86,85,187381,1802,8810817,19526100
9929,91,91,187290,1802,8810908,18766100
9930,81,107,187209,1776,8811015,19657300
9931,86,77,187123,1785,8811092,18953000
9932,96,93,187027,1788,8811185,18933500
9933,100,102,186927,1786,8811287,18987100
9934,79,61,186848,1804,8811348,19363300
9935,81,110,186767,1775,8811458,18833200
9936,90,82,186677,1783,8811540,18645900
9937,82,72,186595,1793,8811612,18958200
9938,97,83,186498,1807,8811695,19639200
9939,86,93,186412,1800,8811788,18935500
9940,86,82,186326,1804,8811870,19175300
9941,86,91,186240,1799,8811961,19435200
9942,89,80,186151,1808,8812041,20919300
9943,91,83,186060,1816,8812124,20188000
9944,102,79,185958,1839,8812203,19726700
9945,83,96,185875,1826,8812299,19337100
9946,83,93,185792,1816,8812392,20238300
9947,78,110,185714,1784,8812502,23722700
9948,84,86,185630,1782,8812588,22060900
9949,92,79,185538,1795,8812667,20699700
9950,68,91,185470,1772,8812758,20050800
9951,80,89,185390,1763,8812847,19741800
9952,98,79,185292,1782,8812926,20049600
9953,72,87,185220,1767,8813013,20016400
9954,78,88,185142,1757,8813101,19476400
9955,78,92,185064,1743,8813193,19637500
9956,69,79,184995,1733,8813272,19794100
9957,84,80,184911,1737,8813352,23566300
9958,101,74,184810,1764,8813426,21594600
9959,89,72,184721,1781,8813498,19888400
9960,94,93,184627,1782,8813591,20015000
9961,87,86,184540,1783,8813677,20050400
9962,95,90,184445,1788,8813767,21168600
9963,95,81,184350,1802,8813848,20331900
9964,94,90,184256,1806,8813938,19951800
9965,94,78,184162,1822,8814016,21339100
9966,87,94,184075,1815,8814110,19945100
9967,101,91,183974,1825,8814201,19230100
9968,96,99,183878,1822,8814300,19467300
9969,109,88,183769,1843,8814388,21631700
9970,111,112,183658,1842,8814500,20023700
9971,116,86,183542,1872,8814586,19898700
9972,95,95,183447,1872,8814681,20318600
9973,96,93,183351,1875,8814774,21017100
9974,100,92,183251,1883,8814866,20149600
9975,104,96,183147,1891,8814962,20042300
9976,96,91,183051,1896,8815053,21261300
9977,109,94,182942,1911,8815147,22954700
9978,98,88,182844,1921,8815235,24938600
9979,88,89,182756,1920,8815324,22890900
9980,103,106,182653,1917,8815430,21887700
9981,90,88,182563,1919,8815518,19987100
9982,93,111,182470,1901,8815629,20044500
9983,99,90,182371,1910,8815719,19890300
9984,75,88,182296,1897,8815807,19419900
9985,96,90,182200,1903,8815897,19962000
9986,102,83,182098,1922,8815980,19716300
9987,119,73,181979,1968,8816053,19565900
9988,125,91,181854,2002,8816144,19927900
9989,91,110,181763,1983,8816254,20128700
9990,83,107,181680,1959,8816361,19510400
9991,92,77,181588,1974,8816438,20605600
9992,91,106,181497,1959,8816544,20004400
9993,98,96,181399,1961,8816640,19137400
9994,82,89,181317,1954,8816729,19157900
9995,71,89,181246,1936,8816818,18924700
9996,90,95,181156,1931,8816913,19315200
9997,102,90,181054,1943,8817003,18810900
9998,83,82,180971,1944,8817085,19660100
9999,94,92,180877,1946,8817177,18850500
10000,105,89,180772,1962,8817266,18645200
10001,83,107,180689,1938,8817373,18428100
10002,108,92,180581,1954,8817465,19018100
10003,88,95,180493,1947,8817560,18907300
10004,89,101,180404,1935,8817661,19052900
10005,99,100,180305,1934,8817761,18978700
10006,91,109,180214,1916,8817870,18776800
10007,98,97,180116,1917,8817967,18759100
10008,81,93,180035,1905,8818060,18553100
10009,81,111,179954,1875,8818171,19225500
10010,84,103,179870,1856,8818274,18910700
10011,95,109,179775,1842,8818383,19266800
10012,86,97,179689,1831,8818480,19022800
10013,65,74,179624,1822,8818554,18972100
10014,89,83,179535,1828,8818637,18809900
10015,84,77,179451,1835,8818714,19112200
10016,79,81,179372,1833,8818795,19317900
10017,87,100,179285,1820,8818895,18586800
10018,75,101,179210,1794,8818996,18558000
10019,80,79,179130,1795,8819075,19055300
10020,86,98,179044,1783,8819173,18912100
10021,83,96,178961,1770,8819269,19035800
10022,115,79,178846,1806,8819348,18679800
10023,84,95,178762,1795,8819443,18864500
10024,87,91,178675,1791,8819534,18571100
10025,74,80,178601,1785,8819614,19858900
10026,96,102,178505,1779,8819716,19345200
10027,82,92,178423,1769,8819808,19470000
10028,97,87,178326,1779,8819895,20063600
10029,90,103,178236,1766,8819998,22370900
10030,88,91,178148,1763,8820089,22666000
10031,63,92,178085,1734,8820181,20881300
10032,87,87,177998,1734,8820268,20724000
10033,77,89,177921,1722,8820357,19621500
10034,81,78,177840,1725,8820435,19357900
10035,97,95,177743,1727,8820530,19255400
10036,77,86,177666,1718,8820616,19714200
10037,89,92,177577,1715,8820708,19631600
10038,89,103,177488,1701,8820811,19101700
10039,86,74,177402,1713,8820885,19314700
10040,108,94,177294,1727,8820979,19369900
10041,81,79,177213,1729,8821058,19448100
10042,79,92,177134,1716,8821150,19867100
10043,74,82,177060,1708,8821232,19763200
10044,78,101,176982,1685,8821333,19929600
10045,78,82,176904,1681,8821415,19644800
10046,79,72,176825,1688,8821487,20952800
10047,78,73,176747,1693,8821560,20444800
10048,91,76,176656,1708,8821636,21810500
10049,88,76,176568,1720,8821712,21806600
10050,91,89,176477,1722,8821801,20611300
10051,88,84,176389,1726,8821885,20927400
10052,71,95,176318,1702,8821980,20466100
10053,84,74,176234,1712,8822054,19964300
10054,72,68,176162,1716,8822122,20150000
10055,72,93,176090,1695,8822215,19997900
10056,95,85,175995,1705,8822300,20300800
10057,82,97,175913,1690,8822397,19555400
10058,82,83,175831,1689,8822480,20129500
10059,92,87,175739,1694,8822567,19677500
10060,85,88,175654,1691,8822655,19495700
10061,83,81,175571,1693,8822736,19266500
10062,87,88,175484,1692,8822824,21802700
10063,88,75,175396,1705,8822899,20556000
10064,87,93,175309,1699,8822992,21142000
10065,93,87,175216,1705,8823079,19751600
10066,111,73,175105,1743,8823152,22310300
10067,94,117,175011,1720,8823269,21046900
10068,85,89,174926,1716,8823358,20164900
10069,98,88,174828,1726,8823446,20369500
10070,96,79,174732,1743,8823525,19918000
10071,83,96,174649,1730,8823621,19625400
10072,93,86,174556,1737,8823707,19642000
10073,102,84,174454,1755,8823791,19145800
10074,99,88,174355,1766,8823879,20048800
10075,80,105,174275,1741,8823984,19884900
10076,85,95,174190,1731,8824079,21320400
10077,87,104,174103,1714,8824183,20168900
10078,88,94,174015,1708,8824277,22706500
10079,87,86,173928,1709,8824363,20371600
10080,78,89,173850,1698,8824452,20137600
10081,92,85,173758,1705,8824537,19821500
10082,86,77,173672,1714,8824614,21732300
10083,91,87,173581,1718,8824701,19847400
10084,99,90,173482,1727,8824791,19955000
10085,92,83,173390,1736,8824874,20260900
10086,91,81,173299,1746,8824955,20219200
10087,93,75,173206,1764,8825030,19583800
10088,84,88,173122,1760,8825118,19376200
10089,85,89,173037,1756,8825207,19325500
10090,92,78,172945,1770,8825285,19515400
10091,84,104,172861,1750,8825389,20047900
10092,84,87,172777,1747,8825476,19521300
10093,91,97,172686,1741,8825573,19852900
10094,91,91,172595,1741,8825664,19312100
10095,89,92,172506,1738,8825756,20371300
10096,91,87,172415,1742,8825843,19675000
10097,77,84,172338,1735,8825927,19418300
10098,82,84,172256,1733,8826011,19629900
10099,90,87,172166,1736,8826098,19621800
10100,79,90,172087,1725,8826188,19665400
10101,83,88,172004,1720,8826276,19821800
10102,69,89,171935,1700,8826365,19761500
10103,88,75,171847,1713,8826440,19141800
10104,98,94,171749,1717,8826534,19348000
10105,76,88,171673,1705,8826622,19431700
10106,89,61,171584,1733,8826683,19451600
10107,82,80,171502,1735,8826763,19437000
10108,87,89,171415,1733,8826852,19379200
10109,73,83,171342,1723,8826935,19527200
10110,73,98,171269,1698,8827033,19797500
10111,83,72,171186,1709,8827105,20148700
10112,79,96,171107,1692,8827201,19682400
10113,70,74,171037,1688,8827275,19547200
10114,73,97,170964,1664,8827372,19475500
10115,71,75,170893,1660,8827447,19627600
10116,72,77,170821,1655,8827524,20869500
10117,77,79,170744,1653,8827603,20205800
10118,76,68,170668,1661,8827671,19701100
10119,73,67,170595,1667,8827738,19992900
10120,77,85,170518,1659,8827823,19891900
10121,74,83,170444,1650,8827906,20507100
10122,72,69,170372,1653,8827975,19727600
10123,62,92,170310,1623,8828067,19753300
10124,79,84,170231,1618,8828151,19231300
10125,70,81,170161,1607,8828232,21016400
10126,81,84,170080,1604,8828316,20093900
10127,78,79,170002,1603,8828395,21091400
10128,76,85,169926,1594,8828480,20379100
10129,84,71,169842,1607,8828551,20667200
10130,85,74,169757,1618,8828625,20657400
10131,70,80,169687,1608,8828705,19812100
10132,86,80,169601,1614,8828785,21548700
10133,65,77,169536,1602,8828862,19990200
10134,83,72,169453,1613,8828934,19891200
10135,75,72,169378,1616,8829006,19930300
10136,71,82,169307,1605,8829088,19691200
10137,78,69,169229,1614,8829157,19866300
10138,80,69,169149,1625,8829226,19863200
10139,77,90,169072,1612,8829316,19484600
10140,81,84,168991,1609,8829400,19880700
10141,71,80,168920,1600,8829480,19641900
10142,89,70,168831,1619,8829550,19798300
10143,97,93,168734,1623,8829643,19692300
10144,86,89,168648,1620,8829732,19169400
10145,80,69,168568,1631,8829801,19750200
10146,83,67,168485,1647,8829868,20093800
10147,81,75,168404,1653,8829943,19471900
10148,103,83,168301,1673,8830026,19981800
10149,79,102,168222,1650,8830128,19819800
10150,90,84,168132,1656,8830212,19417800
10151,93,88,168039,1661,8830300,19593800
10152,80,81,167959,1660,8830381,19902800
10153,86,76,167873,1670,8830457,19197000
10154,75,84,167798,1661,8830541,19279400
10155,87,82,167711,1666,8830623,19250200
10156,70,80,167641,1656,8830703,19520000
10157,88,78,167553,1666,8830781,19806800
10158,69,76,167484,1659,8830857,19413700
10159,75,70,167409,1664,8830927,19187000
10160,83,79,167326,1668,8831006,20387000
10161,72,91,167254,1649,8831097,20008900
10162,96,82,167158,1663,8831179,21343200
10163,85,89,167073,1659,8831268,19734500
10164,88,87,166985,1660,8831355,19786200
10165,84,73,166901,1671,8831428,20423000
10166,80,75,166821,1676,8831503,19782200
10167,81,85,166740,1672,8831588,19187500
10168,87,100,166653,1659,8831688,19407300
10169,75,71,166578,1663,8831759,19490800
10170,90,75,166488,1678,8831834,19610500
10171,91,76,166397,1693,8831910,19725200
10172,85,86,166312,1692,8831996,19348500
10173,97,102,166215,1687,8832098,19523300
10174,72,80,166143,1679,8832178,19510600
10175,85,93,166058,1671,8832271,20384300
10176,97,61,165961,1707,8832332,22256100
10177,64,84,165897,1687,8832416,19925500
10178,70,88,165827,1669,8832504,20218300
10179,74,77,165753,1666,8832581,21215500
10180,89,82,165664,1673,8832663,20110900
10181,73,85,165591,1661,8832748,19790400
10182,86,84,165505,1663,8832832,22955700
10183,83,78,165422,1668,8832910,20682100
10184,69,81,165353,1656,8832991,20352000
10185,75,90,165278,1641,8833081,19993100
10186,83,87,165195,1637,8833168,19942800
10187,89,79,165106,1647,8833247,20398900
10188,86,101,165020,1632,8833348,20777600
10189,86,77,164934,1641,8833425,20311700
10190,73,71,164861,1643,8833496,19534300
10191,91,96,164770,1638,8833592,24139100
10192,78,88,164692,1628,8833680,23506800
10193,93,82,164599,1639,8833762,19536000
10194,68,83,164531,1624,8833845,22450900
10195,81,91,164450,1614,8833936,19760500
10196,79,77,164371,1616,8834013,19660400
10197,72,85,164299,1603,8834098,19566400
10198,81,76,164218,1608,8834174,20635600
10199,79,85,164139,1602,8834259,20507100
10200,69,85,164070,1586,8834344,20096000
10201,80,81,163990,1585,8834425,19847300
10202,72,88,163918,1569,8834513,19140600
10203,73,74,163845,1568,8834587,20198300
10204,81,74,163764,1575,8834661,19630200
10205,75,99,163689,1551,8834760,19937400
10206,82,85,163607,1548,8834845,20220000
10207,78,88,163529,1538,8834933,20782000
10208,84,75,163445,1547,8835008,20408600
10209,62,76,163383,1533,8835084,20086100
10210,66,88,163317,1511,8835172,19369900
10211,69,81,163248,1499,8835253,21408700
10212,76,75,163172,1500,8835328,20061100
10213,65,80,163107,1485,8835408,19360500
10214,73,75,163034,1483,8835483,19559600
10215,85,90,162949,1478,8835573,20168300
10216,74,75,162875,1477,8835648,20094600
10217,77,56,162798,1498,8835704,19525100
10218,69,82,162729,1485,8835786,20892600
10219,70,68,162659,1487,8835854,19870000
10220,62,88,162597,1461,8835942,20001000
10221,77,88,162520,1450,8836030,19767100
10222,64,81,162456,1433,8836111,19955900
10223,82,80,162374,1435,8836191,20574900
10224,71,57,162303,1449,8836248,21146100
10225,84,77,162219,1456,8836325,23336700
10226,62,72,162157,1446,8836397,21317400
10227,77,77,162080,1446,8836474,24802300
10228,66,70,162014,1442,8836544,27985900
10229,83,74,161931,1451,8836618,21318100
10230,83,81,161848,1453,8836699,20154100
10231,89,78,161759,1464,8836777,19559700
10232,83,81,161676,1466,8836858,20660100
10233,79,73,161597,1472,8836931,20220700
10234,82,71,161515,1483,8837002,20970600
10235,62,84,161453,1461,8837086,19283500
10236,74,91,161379,1444,8837177,19789900
10237,72,66,161307,1450,8837243,19413600
10238,68,71,161239,1447,8837314,20011400
10239,69,82,161170,1434,8837396,19681300
10240,74,79,161096,1429,8837475,21275100
10241,73,66,161023,1436,8837541,20279500
10242,81,69,160942,1448,8837610,20377200
10243,69,78,160873,1439,8837688,19527200
10244,80,84,160793,1435,8837772,19927100
10245,73,72,160720,1436,8837844,19719600
10246,62,62,160658,1436,8837906,19643700
10247,69,80,160589,1425,8837986,19790600
10248,73,54,160516,1444,8838040,19565700
10249,72,61,160444,1455,8838101,20680700
10250,70,76,160374,1449,8838177,19756200
10251,64,76,160310,1437,8838253,20186700
10252,84,68,160226,1453,8838321,20234600
10253,72,65,160154,1460,8838386,19363000
10254,75,77,160079,1458,8838463,19266800
10255,76,70,160003,1464,8838533,19038000
10256,73,66,159930,1471,8838599,19170200
10257,68,66,159862,1473,8838665,19072400
10258,70,70,159792,1473,8838735,19304900
10259,74,72,159718,1475,8838807,19054100
10260,69,73,159649,1471,8838880,19126200
10261,74,67,159575,1478,8838947,19996700
10262,74,71,159501,1481,8839018,20109800
10263,59,71,159442,1469,8839089,20177300
10264,67,78,159375,1458,8839167,19664200
10265,74,65,159301,1467,8839232,18915200
10266,70,70,159231,1467,8839302,19137100
10267,59,74,159172,1452,8839376,19041900
10268,70,85,159102,1437,8839461,19058700
10269,62,67,159040,1432,8839528,20525500
10270,59,72,158981,1419,8839600,19029700
10271,81,63,158900,1437,8839663,21496600
10272,63,66,158837,1434,8839729,19199700
10273,50,88,158787,1396,8839817,18963000
10274,67,63,158720,1400,8839880,20381000
10275,61,69,158659,1392,8839949,19180300
10276,66,80,158593,1378,8840029,19352000
10277,59,69,158534,1368,8840098,21062800
10278,70,61,158464,1377,8840159,20980200
10279,64,73,158400,1368,8840232,21775800
10280,61,70,158339,1359,8840302,20786800
10281,61,60,158278,1360,8840362,20879700
10282,64,65,158214,1359,8840427,21065700
10283,67,68,158147,1358,8840495,21028600
10284,70,79,158077,1349,8840574,21309100
10285,75,70,158002,1354,8840644,20149800
10286,74,70,157928,1358,8840714,19178600
10287,63,74,157865,1347,8840788,19937700
10288,79,77,157786,1349,8840865,19135800
10289,64,71,157722,1342,8840936,19021400
10290,64,65,157658,1341,8841001,19181000
10291,58,62,157600,1337,8841063,19202700
10292,67,60,157533,1344,8841123,19510700
10293,63,70,157470,1337,8841193,19469600
10294,67,79,157403,1325,8841272,20065400
10295,72,67,157331,1330,8841339,20740500
10296,77,57,157254,1350,8841396,21336900
10297,54,74,157200,1330,8841470,21205600
10298,77,69,157123,1338,8841539,20166400
10299,71,72,157052,1337,8841611,19256500
10300,66,72,156986,1331,8841683,20159800
10301,68,70,156918,1329,8841753,19715300
10302,69,49,156849,1349,8841802,19441500
10303,72,61,156777,1360,8841863,19661900
10304,66,81,156711,1345,8841944,19536900
10305,68,67,156643,1346,8842011,19644900
10306,55,75,156588,1326,8842086,19356600
10307,73,61,156515,1338,8842147,19388900
10308,75,63,156440,1350,8842210,19728600
10309,67,57,156373,1360,8842267,20038600
10310,73,63,156300,1370,8842330,19975300
10311,78,57,156222,1391,8842387,20619700
10312,56,54,156166,1393,8842441,19780500
10313,63,71,156103,1385,8842512,19370300
10314,67,67,156036,1385,8842579,19232200
10315,62,66,155974,1381,8842645,19498500
10316,63,73,155911,1371,8842718,19098000
10317,67,75,155844,1363,8842793,18922500
10318,70,67,155774,1366,8842860,18982300
10319,77,60,155697,1383,8842920,19003500
10320,66,72,155631,1377,8842992,19080700
10321,60,74,155571,1363,8843066,19401100
10322,62,75,155509,1350,8843141,19261300
10323,61,55,155448,1356,8843196,19983300
10324,56,80,155392,1332,8843276,19252000
10325,60,77,155332,1315,8843353,19842200
10326,53,78,155279,1290,8843431,19278200
10327,52,52,155227,1290,8843483,19504400
10328,59,61,155168,1288,8843544,23548600
10329,74,57,155094,1305,8843601,22828000
10330,52,66,155042,1291,8843667,22187400
10331,62,57,154980,1296,8843724,22370500
10332,66,63,154914,1299,8843787,21123900
10333,72,66,154842,1305,8843853,20448000
10334,62,65,154780,1302,8843918,20240300
10335,64,75,154716,1291,8843993,19188900
10336,62,75,154654,1278,8844068,19447600
10337,57,75,154597,1260,8844143,19467400
10338,53,63,154544,1250,8844206,19268200
10339,65,58,154479,1257,8844264,19612000
10340,64,68,154415,1253,8844332,20172100
10341,54,41,154361,1266,8844373,20497200
10342,65,63,154296,1268,8844436,19581800
10343,63,61,154233,1270,8844497,19469100
10344,69,61,154164,1278,8844558,19772200
10345,71,61,154093,1288,8844619,19124700
10346,77,59,154016,1306,8844678,18833700
10347,78,67,153938,1317,8844745,19393700
10348,65,70,153873,1312,8844815,19443600
10349,75,63,153798,1324,8844878,19044900
10350,83,71,153715,1336,8844949,18810400
10351,72,62,153643,1346,8845011,19078100
10352,64,62,153579,1348,8845073,19181100
10353,78,80,153501,1346,8845153,19448300
10354,60,80,153441,1326,8845233,19588600
10355,65,65,153376,1326,8845298,18903900
10356,59,66,153317,1319,8845364,19986000
10357,63,61,153254,1321,8845425,19239200
10358,67,68,153187,1320,8845493,19219300
10359,74,61,153113,1333,8845554,19571000
10360,62,67,153051,1328,8845621,20623900
10361,61,69,152990,1320,8845690,19953900
10362,61,87,152929,1294,8845777,19296600
10363,66,72,152863,1288,8845849,19332000
10364,57,61,152806,1284,8845910,19671900
10365,60,72,152746,1272,8845982,19090600
10366,60,63,152686,1269,8846045,19164600
10367,61,54,152625,1276,8846099,20625200
10368,66,60,152559,1282,8846159,19478300
10369,69,56,152490,1295,8846215,19233500
10370,66,55,152424,1306,8846270,19168600
10371,78,60,152346,1324,8846330,19156600
10372,67,64,152279,1327,8846394,19294000
10373,73,75,152206,1325,8846469,19367100
10374,65,57,152141,1333,8846526,19670000
10375,78,70,152063,1341,8846596,19176200
10376,87,58,151976,1370,8846654,19282100
10377,81,60,151895,1391,8846714,19756700
10378,63,61,151832,1393,8846775,19425800
10379,76,74,151756,1395,8846849,20949300
10380,56,74,151700,1377,8846923,23185100
10381,69,85,151631,1361,8847008,20868100
10382,72,65,151559,1368,8847073,19918700
10383,52,83,151507,1337,8847156,19352000
10384,64,52,151443,1349,8847208,20011800
10385,67,61,151376,1355,8847269,19674400
10386,60,54,151316,1361,8847323,20221100
10387,51,69,151265,1343,8847392,20599300
10388,69,69,151196,1343,8847461,19710900
10389,79,69,151117,1353,8847530,20751900
10390,70,79,151047,1344,8847609,20147700
10391,75,85,150972,1334,8847694,19802300
10392,58,68,150914,1324,8847762,20230300
10393,62,72,150852,1314,8847834,19928900
10394,65,75,150787,1304,8847909,20038800
10395,64,54,150723,1314,8847963,19975100
10396,62,70,150661,1306,8848033,20145900
10397,67,70,150594,1303,8848103,19972800
10398,53,65,150541,1291,8848168,20546800
10399,46,61,150495,1276,8848229,22437800
10400,54,66,150441,1264,8848295,21337800
10401,62,56,150379,1270,8848351,19463300
10402,66,55,150313,1281,8848406,20575600
10403,57,56,150256,1282,8848462,19306900
10404,66,66,150190,1282,8848528,19364000
10405,64,56,150126,1290,8848584,19214400
10406,60,73,150066,1277,8848657,19061200
10407,69,64,149997,1282,8848721,19162400
10408,80,70,149917,1292,8848791,18898400
10409,71,85,149846,1278,8848876,19044300
10410,67,56,149779,1289,8848932,19075700
10411,66,58,149713,1297,8848990,19228700
10412,71,62,149642,1306,8849052,19196700
10413,70,60,149572,1316,8849112,18968000
10414,63,55,149509,1324,8849167,18738200
10415,63,69,149446,1318,8849236,18817200
10416,65,67,149381,1316,8849303,19593800
10417,69,60,149312,1325,8849363,19179800
10418,58,70,149254,1313,8849433,19116100
10419,55,53,149199,1315,8849486,18906000
10420,47,74,149152,1288,8849560,18948400
10421,69,62,149083,1295,8849622,18847100
10422,66,69,149017,1292,8849691,18696300
10423,67,59,148950,1300,8849750,19140800
10424,69,56,148881,1313,8849806,19598600
10425,59,72,148822,1300,8849878,20421300
10426,58,66,148764,1292,8849944,19721800
10427,65,63,148699,1294,8850007,19453700
10428,56,57,148643,1293,8850064,19753700
10429,59,54,148584,1298,8850118,19672500
10430,75,52,148509,1321,8850170,19786000
10431,69,52,148440,1338,8850222,20374600
10432,58,86,148382,1310,8850308,21148000
10433,55,71,148327,1294,8850379,19783700
10434,74,63,148253,1305,8850442,19972700
10435,60,62,148193,1303,8850504,19616000
10436,56,75,148137,1284,8850579,19393100
10437,56,77,148081,1263,8850656,19377300
10438,59,50,148022,1272,8850706,19778800
10439,60,71,147962,1261,8850777,19387200
10440,67,58,147895,1270,8850835,19347900
10441,72,62,147823,1280,8850897,19453400
10442,66,62,147757,1284,8850959,20078400
10443,64,66,147693,1282,8851025,19784300
10444,51,70,147642,1263,8851095,19350000
10445,57,62,147585,1258,8851157,19320200
10446,54,61,147531,1251,8851218,19432800
10447,65,62,147466,1254,8851280,18828100
10448,74,49,147392,1279,8851329,18826200
10449,62,60,147330,1281,8851389,19180200
10450,60,59,147270,1282,8851448,19182000
10451,68,58,147202,1292,8851506,18831800
10452,60,63,147142,1289,8851569,18895900
10453,63,59,147079,1293,8851628,19133200
10454,64,66,147015,1291,8851694,19419600
10455,67,64,146948,1294,8851758,18907000
10456,62,67,146886,1289,8851825,19194400
10457,65,68,146821,1286,8851893,19279400
10458,73,71,146748,1288,8851964,19177200
10459,60,61,146688,1287,8852025,19486800
10460,74,52,146614,1309,8852077,19016200
10461,65,61,146549,1313,8852138,18738900
10462,68,78,146481,1303,8852216,18564800
10463,69,76,146412,1296,8852292,18816100
10464,74,66,146338,1304,8852358,19649700
10465,67,50,146271,1321,8852408,19543700
10466,52,59,146219,1314,8852467,18778200
10467,68,67,146151,1315,8852534,18757100
10468,57,56,146094,1316,8852590,19342800
10469,68,64,146026,1320,8852654,19536300
10470,66,70,145960,1316,8852724,19066700
10471,51,61,145909,1306,8852785,19126700
10472,66,65,145843,1307,8852850,19204100
10473,64,72,145779,1299,8852922,19631000
10474,64,54,145715,1309,8852976,20554800
10475,80,48,145635,1341,8853024,18904100
10476,60,52,145575,1349,8853076,19407200
10477,66,59,145509,1356,8853135,20553000
10478,84,80,145425,1360,8853215,19714600
10479,84,76,145341,1368,8853291,19249000
10480,76,82,145265,1362,8853373,19098500
10481,64,73,145201,1353,8853446,18915500
10482,73,82,145128,1344,8853528,18753900
10483,67,60,145061,1351,8853588,19168400
10484,70,81,144991,1340,8853669,19250000
10485,72,70,144919,1342,8853739,18797800
10486,71,81,144848,1332,8853820,20538500
10487,57,61,144791,1328,8853881,23891400
10488,64,63,144727,1329,8853944,21179600
10489,61,61,144666,1329,8854005,20153500
10490,66,71,144600,1324,8854076,19573600
10491,56,69,144544,1311,8854145,20607500
10492,51,77,144493,1285,8854222,21677400
10493,64,57,144429,1292,8854279,25065900
10494,73,56,144356,1309,8854335,21694700
10495,64,69,144292,1304,8854404,20018300
10496,67,67,144225,1304,8854471,20051700
10497,72,61,144153,1315,8854532,19191800
10498,73,82,144080,1306,8854614,19545700
10499,52,62,144028,1296,8854676,19713800
10500,65,65,143963,1296,8854741,19384000
10501,64,62,143899,1298,8854803,19841500
10502,68,64,143831,1302,8854867,19291900
10503,69,64,143762,1307,8854931,19455300
10504,65,69,143697,1303,8855000,19461500
10505,76,68,143621,1311,8855068,19467900
10506,75,62,143546,1324,8855130,19272700
10507,62,54,143484,1332,8855184,20127400
10508,54,69,143430,1317,8855253,19944200
10509,64,56,143366,1325,8855309,19504700
10510,54,53,143312,1326,8855362,19388800
10511,60,65,143252,1321,8855427,18954400
10512,50,40,143202,1331,8855467,19157500
10513,58,64,143144,1325,8855531,19531600
10514,53,74,143091,1304,8855605,19007600
10515,66,65,143025,1305,8855670,19274900
10516,61,53,142964,1313,8855723,18964900
10517,62,72,142902,1303,8855795,19057700
10518,64,89,142838,1278,8855884,19225800
10519,59,87,142779,1250,8855971,18876600
10520,71,59,142708,1262,8856030,18726700
10521,64,69,142644,1257,8856099,18831100
10522,59,57,142585,1259,8856156,18694400
10523,62,63,142523,1258,8856219,19257200
10524,55,54,142468,1259,8856273,18881200
10525,56,50,142412,1265,8856323,18923000
10526,69,60,142343,1274,8856383,19123400
10527,66,61,142277,1279,8856444,19540600
10528,81,66,142196,1294,8856510,19139200
10529,81,60,142115,1315,8856570,19290900
10530,61,65,142054,1311,8856635,19302400
10531,59,67,141995,1303,8856702,18675000
10532,56,75,141939,1284,8856777,18965400
10533,67,61,141872,1290,8856838,19205300
10534,74,67,141798,1297,8856905,20841100
10535,60,74,141738,1283,8856979,19842000
10536,63,72,141675,1274,8857051,19201000
10537,64,73,141611,1265,8857124,19137300
10538,63,66,141548,1262,8857190,19000400
10539,59,82,141489,1239,8857272,18938000
10540,64,66,141425,1237,8857338,19300800
10541,61,62,141364,1236,8857400,19233800
10542,68,61,141296,1243,8857461,19284600
10543,67,68,141229,1242,8857529,19330500
10544,61,54,141168,1249,8857583,20779900
10545,68,58,141100,1259,8857641,20846700
10546,70,67,141030,1262,8857708,20067100
10547,68,63,140962,1267,8857771,19582400
10548,64,64,140898,1267,8857835,19527700
10549,55,68,140843,1254,8857903,20008600
10550,68,55,140775,1267,8857958,19751800
10551,79,67,140696,1279,8858025,19480400
10552,69,62,140627,1286,8858087,19942800
10553,67,75,140560,1278,8858162,19361900
10554,58,70,140502,1266,8858232,19166100
10555,60,62,140442,1264,8858294,21368800
10556,79,52,140363,1291,8858346,19473700
10557,52,65,140311,1278,8858411,19329700
10558,69,48,140242,1299,8858459,19885500
10559,58,75,140184,1282,8858534,20141900
10560,60,57,140124,1285,8858591,19354200
10561,44,69,140080,1260,8858660,20969500
10562,67,60,140013,1267,8858720,19873000
10563,59,74,139954,1252,8858794,20774900
10564,56,66,139898,1242,8858860,21733900
10565,55,61,139843,1236,8858921,19679300
10566,64,62,139779,1238,8858983,20560500
10567,58,55,139721,1241,8859038,19977000
10568,44,87,139677,1198,8859125,19285000
10569,64,52,139613,1210,8859177,19232100
10570,59,56,139554,1213,8859233,19277300
10571,47,59,139507,1201,8859292,19131400
10572,46,60,139461,1187,8859352,19018800
10573,57,67,139404,1177,8859419,18899500
10574,38,67,139366,1148,8859486,19539000
10575,64,69,139302,1143,8859555,19169600
10576,54,60,139248,1137,8859615,18848000
10577,68,58,139180,1147,8859673,18707400
10578,54,53,139126,1148,8859726,19335300
10579,39,58,139087,1129,8859784,20491100
10580,61,65,139026,1125,8859849,20174300
10581,56,52,138970,1129,8859901,22825400
10582,63,61,138907,1131,8859962,20885300
10583,37,46,138870,1122,8860008,19866900
10584,39,57,138831,1104,8860065,19789300
10585,55,52,138776,1107,8860117,20516000
10586,61,58,138715,1110,8860175,19856400
10587,46,51,138669,1105,8860226,19613900
10588,42,55,138627,1092,8860281,21490700
10589,51,58,138576,1085,8860339,21973600
10590,63,59,138513,1089,8860398,20332000
10591,49,55,138464,1083,8860453,19548800
10592,51,64,138413,1070,8860517,19562200
10593,60,51,138353,1079,8860568,19102500
10594,53,49,138300,1083,8860617,19622500
10595,48,62,138252,1069,8860679,21819100
10596,46,59,138206,1056,8860738,21485100
10597,44,48,138162,1052,8860786,19847600
10598,35,60,138127,1027,8860846,21323200
10599,42,45,138085,1024,8860891,23312800
10600,39,59,138046,1004,8860950,21209700
10601,26,39,138020,991,8860989,19549100
10602,26,55,137994,962,8861044,19725100
10603,34,48,137960,948,8861092,22167800
10604,34,44,137926,938,8861136,21619700
10605,24,53,137902,909,8861189,20673800
10606,32,41,137870,900,8861230,19518700
10607,44,48,137826,896,8861278,19619700
10608,26,31,137800,891,8861309,20798400
10609,32,50,137768,873,8861359,23399300
10610,34,43,137734,864,8861402,21456800
10611,23,48,137711,839,8861450,19910400
10612,36,36,137675,839,8861486,19673800
10613,29,41,137646,827,8861527,19145900
10614,41,31,137605,837,8861558,18892400
10615,33,26,137572,844,8861584,19775500
10616,41,31,137531,854,8861615,22053800
10617,34,40,137497,848,8861655,20345000
10618,40,38,137457,850,8861693,19646000
10619,35,53,137422,832,8861746,19511600
10620,32,28,137390,836,8861774,19412700
10621,29,53,137361,812,8861827,19334200
10622,30,43,137331,799,8861870,18989600
10623,32,50,137299,781,8861920,18891100
10624,27,38,137272,770,8861958,18946900
10625,32,28,137240,774,8861986,19174900
10626,42,40,137198,776,8862026,19235100
10627,44,43,137154,777,8862069,20162300
10628,32,26,137122,783,8862095,19721200
10629,26,35,137096,774,8862130,20151200
10630,28,39,137068,763,8862169,19429700
10631,22,42,137046,743,8862211,19590800
10632,28,37,137018,734,8862248,19620400
10633,30,42,136988,722,8862290,19673200
10634,30,36,136958,716,8862326,19559200
10635,31,35,136927,712,8862361,19922900
10636,25,38,136902,699,8862399,19727600
10637,29,39,136873,689,8862438,19657700
10638,29,38,136844,680,8862476,20380900
10639,22,33,136822,669,8862509,19966500
10640,26,31,136796,664,8862540,19783800
10641,35,27,136761,672,8862567,19406400
10642,31,39,136730,664,8862606,19583900
10643,35,34,136695,665,8862640,19440100
10644,28,29,136667,664,8862669,19576400
10645,38,28,136629,674,8862697,19466600
10646,32,39,136597,667,8862736,19613200
10647,24,34,136573,657,8862770,19564600
10648,32,34,136541,655,8862804,19222000
10649,38,40,136503,653,8862844,20003500
10650,28,39,136475,642,8862883,19529200
10651,30,32,136445,640,8862915,19416600
10652,32,32,136413,640,8862947,19240700
10653,24,27,136389,637,8862974,19243300
10654,30,31,136359,636,8863005,19298700
10655,25,33,136334,628,8863038,19212600
10656,27,27,136307,628,8863065,18964100
10657,27,26,136280,629,8863091,19059900
10658,21,20,136259,630,8863111,20095200
10659,18,28,136241,620,8863139,19880200
10660,22,33,136219,609,8863172,19545400
10661,24,29,136195,604,8863201,19828900
10662,32,30,136163,606,8863231,19953900
10663,25,32,136138,599,8863263,19740700
10664,28,22,136110,605,8863285,19856600
10665,24,26,136086,603,8863311,19338100
10666,28,25,136058,606,8863336,19871500
10667,27,28,136031,605,8863364,21053900
10668,22,20,136009,607,8863384,20004000
10669,33,26,135976,614,8863410,20099600
10670,26,29,135950,611,8863439,19510200
10671,25,31,135925,605,8863470,19252200
10672,17,41,135908,581,8863511,19625300
10673,28,34,135880,575,8863545,19391900
10674,19,20,135861,574,8863565,19339200
10675,18,27,135843,565,8863592,19545400
10676,21,28,135822,558,8863620,19778400
10677,22,25,135800,555,8863645,20418800
10678,18,29,135782,544,8863674,20606800
10679,19,25,135763,538,8863699,20766500
10680,23,27,135740,534,8863726,20277900
10681,15,27,135725,522,8863753,21122900
10682,21,19,135704,524,8863772,20064300
10683,23,21,135681,526,8863793,20473300
10684,13,19,135668,520,8863812,20900000
10685,18,16,135650,522,8863828,20630600
10686,26,29,135624,519,8863857,22667700
10687,21,27,135603,513,8863884,21117900
10688,20,25,135583,508,8863909,20628000
10689,19,26,135564,501,8863935,20118200
10690,14,17,135550,498,8863952,20757200
10691,13,21,135537,490,8863973,20109700
10692,12,23,135525,479,8863996,20598600
10693,16,18,135509,477,8864014,20153200
10694,18,32,135491,463,8864046,20140800
10695,11,26,135480,448,8864072,20267300
10696,20,17,135460,451,8864089,20177600
10697,15,16,135445,450,8864105,21346200
10698,9,24,135436,435,8864129,19609500
10699,12,22,135424,425,8864151,19708600
10700,10,21,135414,414,8864172,19842600
10701,7,20,135407,401,8864192,19906200
10702,10,13,135397,398,8864205,19607700
10703,12,23,135385,387,8864228,18964600
10704,12,19,135373,380,8864247,19086100
10705,10,19,135363,371,8864266,18940500
10706,15,19,135348,367,8864285,18980400
10707,11,20,135337,358,8864305,18556200
10708,11,15,135326,354,8864320,19373100
10709,8,11,135318,351,8864331,19478000
10710,7,20,135311,338,8864351,20410700
10711,3,18,135308,323,8864369,19262900
10712,5,17,135303,311,8864386,19725000
10713,4,9,135299,306,8864395,20155400
10714,3,16,135296,293,8864411,20214000
10715,6,18,135290,281,8864429,19581100
10716,5,9,135285,277,8864438,19244200
10717,5,8,135280,274,8864446,20089600
10718,4,16,135276,262,8864462,20277800
10719,1,9,135275,254,8864471,21128500
10720,1,13,135274,242,8864484,19434100
10721,4,8,135270,238,8864492,19382000
10722,5,17,135265,226,8864509,19358400
10723,3,13,135262,216,8864522,19273300
10724,2,7,135260,211,8864529,19476700
10725,1,14,135259,198,8864543,19610800
10726,2,7,135257,193,8864550,19581400
10727,0,18,135257,175,8864568,19389000
10728,1,6,135256,170,8864574,19174800
10729,4,3,135252,171,8864577,19403400
10730,3,9,135249,165,8864586,19649800
10731,2,7,135247,160,8864593,20459300
10732,0,7,135247,153,8864600,18897500
10733,1,8,135246,146,8864608,19056000
10734,1,8,135245,139,8864616,18996100
10735,0,6,135245,133,8864622,19399400
10736,1,7,135244,127,8864629,19705200
10737,2,7,135242,122,8864636,19518500
10738,2,10,135240,114,8864646,19415300
10739,0,7,135240,107,8864653,19640500
10740,0,7,135240,100,8864660,18860600
10741,2,2,135238,100,8864662,19260400
10742,2,5,135236,97,8864667,18694300
10743,2,7,135234,92,8864674,19529000
10744,1,4,135233,89,8864678,18768700
10745,0,3,135233,86,8864681,18931100
10746,1,6,135232,81,8864687,18949700
10747,1,3,135231,79,8864690,19249800
10748,0,5,135231,74,8864695,19036000
10749,0,3,135231,71,8864698,18997400
10750,0,2,135231,69,8864700,18788800
10751,2,4,135229,67,8864704,18852900
10752,0,5,135229,62,8864709,18545700
10753,2,2,135227,62,8864711,18660500
10754,0,3,135227,59,8864714,18925600
10755,2,3,135225,58,8864717,19040500
10756,0,1,135225,57,8864718,19329100
10757,0,4,135225,53,8864722,20016200
10758,0,1,135225,52,8864723,19294000
10759,1,5,135224,48,8864728,19723500
10760,1,4,135223,45,8864732,19729300
10761,0,2,135223,43,8864734,19742700
10762,0,3,135223,40,8864737,19725200
10763,0,3,135223,37,8864740,19790300
10764,0,2,135223,35,8864742,20186200
10765,0,3,135223,32,8864745,19361800
10766,0,1,135223,31,8864746,19473300
10767,0,2,135223,29,8864748,19395200
10768,0,2,135223,27,8864750,20187000
10769,0,1,135223,26,8864751,19001500
10770,0,0,135223,26,8864751,19095200
10771,0,1,135223,25,8864752,19290100
10772,0,0,135223,25,8864752,18791800
10773,0,1,135223,24,8864753,18805400
10774,0,0,135223,24,8864753,19349100
10775,0,1,135223,23,8864754,19570700
10776,0,1,135223,22,8864755,19500200
10777,0,2,135223,20,8864757,18740500
10778,0,0,135223,20,8864757,19015200
10779,0,0,135223,20,8864757,19957500
10780,0,0,135223,20,8864757,20154300
10781,0,1,135223,19,8864758,19347300
10782,0,0,135223,19,8864758,19424200
10783,0,0,135223,19,8864758,19629000
10784,0,0,135223,19,8864758,19272500
10785,0,0,135223,19,8864758,19254700
10786,0,1,135223,18,8864759,18725500
10787,0,0,135223,18,8864759,19111100
10788,0,1,135223,17,8864760,19008600
10789,0,0,135223,17,8864760,18689000
10790,0,1,135223,16,8864761,19067700
10791,0,0,135223,16,8864761,19702800
10792,0,2,135223,14,8864763,18641600
10793,0,1,135223,13,8864764,19058800
10794,0,0,135223,13,8864764,18811700
10795,0,2,135223,11,8864766,19773600
10796,0,2,135223,9,8864768,22602600
10797,0,0,135223,9,8864768,21401800
10798,0,0,135223,9,8864768,19930300
10799,0,0,135223,9,8864768,19534100
10800,0,1,135223,8,8864769,19203700
10801,0,1,135223,7,8864770,20035700
10802,0,0,135223,7,8864770,18962100
10803,0,0,135223,7,8864770,19369800
10804,0,1,135223,6,8864771,22180500
10805,0,1,135223,5,8864772,21111800
10806,0,0,135223,5,8864772,19825700
10807,0,0,135223,5,8864772,19119100
10808,0,0,135223,5,8864772,19669600
10809,0,0,135223,5,8864772,19533100
10810,0,0,135223,5,8864772,20836900
10811,0,0,135223,5,8864772,22554500
10812,0,0,135223,5,8864772,20817900
10813,0,1,135223,4,8864773,19659400
10814,0,0,135223,4,8864773,19989900
10815,0,0,135223,4,8864773,19726700
10816,0,0,135223,4,8864773,20722600
10817,0,0,135223,4,8864773,21780100
10818,0,0,135223,4,8864773,21144300
10819,0,0,135223,4,8864773,19734400
10820,0,0,135223,4,8864773,20187400
10821,0,0,135223,4,8864773,20432100
10822,0,0,135223,4,8864773,25028900
10823,0,0,135223,4,8864773,21145600
10824,0,0,135223,4,8864773,20015600
10825,0,0,135223,4,8864773,20073600
10826,0,2,135223,2,8864775,19932600
10827,0,0,135223,2,8864775,22505200
10828,0,1,135223,1,8864776,23473600
10829,0,0,135223,1,8864776,22104500
10830,0,0,135223,1,8864776,19898300
10831,0,0,135223,1,8864776,21004600
10832,0,0,135223,1,8864776,19662500
10833,0,0,135223,1,8864776,19789600
10834,0,0,135223,1,8864776,18882600
10835,0,0,135223,1,8864776,18859600
10836,0,0,135223,1,8864776,19474900
10837,0,1,135223,0,8864777,19335400
