Tick,NewlyInfected,NewlyRecovered,TotalSusceptible,TotalInfected,TotalRecovered,StepTimeNanos
0,1,0,249994,6,0,6312600
1,3,0,249991,9,0,12666500
2,2,1,249989,10,1,13971500
3,1,1,249988,10,2,1684300
4,3,0,249985,13,2,8572200
5,3,0,249982,16,2,8186900
6,2,1,249980,17,3,7946600
7,1,0,249979,18,3,509800
8,6,1,249973,23,4,492200
9,4,0,249969,27,4,488600
10,9,1,249960,35,5,490500
11,9,2,249951,42,7,484600
12,10,1,249941,51,8,488600
13,7,2,249934,56,10,492900
14,9,2,249925,63,12,493500
15,8,1,249917,70,13,489200
16,12,3,249905,79,16,490100
17,10,2,249895,87,18,491200
18,9,1,249886,95,19,496600
19,11,6,249875,100,25,492900
20,15,5,249860,110,30,506900
21,16,5,249844,121,35,495700
22,9,2,249835,128,37,498100
23,10,4,249825,134,41,499300
24,15,9,249810,140,50,497100
25,9,9,249801,140,59,499100
26,12,10,249789,142,69,674400
27,15,12,249774,145,81,782800
28,16,12,249758,149,93,742100
29,12,7,249746,154,100,771500
30,9,13,249737,150,113,791900
31,16,5,249721,161,118,774700
32,11,11,249710,161,129,785300
33,15,10,249695,166,139,623000
34,15,11,249680,170,150,617300
35,9,3,249671,176,153,537300
36,13,5,249658,184,158,502100
37,16,2,249642,198,160,514600
38,23,12,249619,209,172,507100
39,16,16,249603,209,188,504500
40,17,13,249586,213,201,507000
41,20,12,249566,221,213,518900
42,20,15,249546,226,228,504300
43,23,12,249523,237,240,503400
44,25,13,249498,249,253,503100
45,25,11,249473,263,264,499000
46,20,13,249453,270,277,773900
47,23,12,249430,281,289,819100
48,32,14,249398,299,303,784200
49,21,13,249377,307,316,789900
50,29,12,249348,324,328,819300
51,25,16,249323,333,344,760400
52,34,22,249289,345,366,760700
53,27,18,249262,354,384,767000
54,36,16,249226,374,400,748500
55,27,18,249199,383,418,763900
56,31,21,249168,393,439,767300
57,23,20,249145,396,459,751000
58,30,22,249115,404,481,757900
59,42,21,249073,425,502,753000
60,31,9,249042,447,511,756600
61,30,28,249012,449,539,761700
62,36,27,248976,458,566,764700
63,18,15,248958,461,581,963900
64,32,19,248926,474,600,1010100
65,36,19,248890,491,619,770200
66,41,23,248849,509,642,748400
67,44,27,248805,526,669,752900
68,49,28,248756,547,697,751800
69,34,24,248722,557,721,753100
70,48,25,248674,580,746,748600
71,50,16,248624,614,762,753600
72,40,35,248584,619,797,757000
73,45,29,248539,635,826,764900
74,35,32,248504,638,858,771900
75,37,24,248467,651,882,754400
76,59,35,248408,675,917,773500
77,53,41,248355,687,958,755800
78,49,30,248306,706,988,757100
79,60,38,248246,728,1026,756800
80,56,42,248190,742,1068,792300
81,62,39,248128,765,1107,769400
82,60,21,248068,804,1128,756500
83,63,36,248005,831,1164,757500
84,55,36,247950,850,1200,757600
85,52,48,247898,854,1248,780400
86,57,50,247841,861,1298,765000
87,56,44,247785,873,1342,768000
88,55,50,247730,878,1392,761600
89,72,38,247658,912,1430,761800
90,66,52,247592,926,1482,763500
91,51,44,247541,933,1526,781400
92,61,45,247480,949,1571,762300
93,77,42,247403,984,1613,764200
94,70,61,247333,993,1674,772400
95,66,51,247267,1008,1725,768200
96,61,55,247206,1014,1780,773300
97,64,39,247142,1039,1819,774300
98,57,56,247085,1040,1875,950000
99,64,45,247021,1059,1920,906100
100,55,49,246966,1065,1969,768600
101,61,51,246905,1075,2020,767200
102,52,48,246853,1079,2068,779000
103,59,63,246794,1075,2131,765000
104,69,47,246725,1097,2178,774100
105,66,37,246659,1126,2215,772000
106,60,62,246599,1124,2277,771300
107,70,60,246529,1134,2337,773800
108,70,67,246459,1137,2404,772800
109,70,60,246389,1147,2464,773100
110,73,52,246316,1168,2516,783800
111,62,61,246254,1169,2577,768100
112,80,52,246174,1197,2629,776000
113,93,53,246081,1237,2682,781800
114,86,65,245995,1258,2747,785600
115,67,75,245928,1250,2822,797900
116,64,59,245864,1255,2881,776400
117,70,63,245794,1262,2944,770800
118,73,57,245721,1278,3001,781000
119,73,71,245648,1280,3072,780600
120,86,63,245562,1303,3135,802900
121,74,64,245488,1313,3199,778300
122,86,61,245402,1338,3260,781200
123,84,67,245318,1355,3327,805400
124,93,68,245225,1380,3395,786700
125,97,59,245128,1418,3454,782600
126,86,78,245042,1426,3532,783400
127,91,72,244951,1445,3604,782800
128,73,65,244878,1453,3669,776800
129,87,69,244791,1471,3738,778000
130,87,74,244704,1484,3812,784700
131,96,69,244608,1511,3881,780000
132,85,83,244523,1513,3964,778800
133,99,76,244424,1536,4040,816000
134,92,56,244332,1572,4096,780800
135,78,88,244254,1562,4184,786100
136,100,69,244154,1593,4253,795000
137,87,90,244067,1590,4343,792600
138,90,71,243977,1609,4414,782700
139,93,83,243884,1619,4497,787200
140,97,74,243787,1642,4571,787700
141,99,90,243688,1651,4661,788900
142,105,101,243583,1655,4762,790500
143,88,88,243495,1655,4850,795900
144,87,71,243408,1671,4921,781900
145,103,77,243305,1697,4998,792900
146,94,93,243211,1698,5091,795000
147,102,83,243109,1717,5174,807800
148,97,84,243012,1730,5258,793400
149,113,88,242899,1755,5346,800400
150,111,89,242788,1777,5435,795300
151,82,92,242706,1767,5527,1023300
152,95,91,242611,1771,5618,957400
153,98,82,242513,1787,5700,793300
154,104,81,242409,1810,5781,801100
155,116,95,242293,1831,5876,795000
156,101,88,242192,1844,5964,830500
157,97,105,242095,1836,6069,806000
158,108,106,241987,1838,6175,805400
159,105,101,241882,1842,6276,795900
160,110,87,241772,1865,6363,797500
161,110,96,241662,1879,6459,820800
162,125,87,241537,1917,6546,810500
163,104,96,241433,1925,6642,803500
164,113,92,241320,1946,6734,798800
165,126,93,241194,1979,6827,811300
166,108,102,241086,1985,6929,797700
167,106,103,240980,1988,7032,817600
168,108,103,240872,1993,7135,804500
169,113,100,240759,2006,7235,815800
170,100,99,240659,2007,7334,867100
171,129,99,240530,2037,7433,808000
172,133,96,240397,2074,7529,812000
173,120,112,240277,2082,7641,808500
174,131,110,240146,2103,7751,826600
175,120,98,240026,2125,7849,804500
176,104,111,239922,2118,7960,807300
177,120,99,239802,2139,8059,798200
178,116,114,239686,2141,8173,825800
179,117,105,239569,2153,8278,805100
180,115,115,239454,2153,8393,824500
181,120,103,239334,2170,8496,805400
182,123,114,239211,2179,8610,816300
183,133,85,239078,2227,8695,811500
184,142,108,238936,2261,8803,829900
185,131,115,238805,2277,8918,816900
186,123,109,238682,2291,9027,812100
187,123,111,238559,2303,9138,809800
188,127,133,238432,2297,9271,815700
189,127,111,238305,2313,9382,826800
190,132,115,238173,2330,9497,901800
191,136,105,238037,2361,9602,946900
192,122,119,237915,2364,9721,949900
193,146,109,237769,2401,9830,824400
194,134,112,237635,2423,9942,813200
195,124,109,237511,2438,10051,836800
196,157,127,237354,2468,10178,818600
197,126,139,237228,2455,10317,817100
198,147,112,237081,2490,10429,818100
199,160,129,236921,2521,10558,817500
200,146,118,236775,2549,10676,1048300
201,135,137,236640,2547,10813,888500
202,141,121,236499,2567,10934,841600
203,137,125,236362,2579,11059,833500
204,134,153,236228,2560,11212,834900
205,150,155,236078,2555,11367,827300
206,140,136,235938,2559,11503,848200
207,146,119,235792,2586,11622,881500
208,131,145,235661,2572,11767,840800
209,131,145,235530,2558,11912,831700
210,120,124,235410,2554,12036,838600
211,136,118,235274,2572,12154,824800
212,121,124,235153,2569,12278,845300
213,127,119,235026,2577,12397,842300
214,135,121,234891,2591,12518,829400
215,156,129,234735,2618,12647,849300
216,131,138,234604,2611,12785,887000
217,160,132,234444,2639,12917,903900
218,137,126,234307,2650,13043,940300
219,163,128,234144,2685,13171,1114100
220,152,132,233992,2705,13303,1053300
221,163,138,233829,2730,13441,974200
222,148,136,233681,2742,13577,844000
223,159,145,233522,2756,13722,842700
224,133,138,233389,2751,13860,836500
225,147,121,233242,2777,13981,849200
226,178,138,233064,2817,14119,835000
227,161,145,232903,2833,14264,851600
228,159,123,232744,2869,14387,844000
229,172,142,232572,2899,14529,834600
230,167,137,232405,2929,14666,839000
231,156,152,232249,2933,14818,839800
232,172,148,232077,2957,14966,1048400
233,163,157,231914,2963,15123,1046500
234,153,162,231761,2954,15285,839300
235,165,149,231596,2970,15434,842500
236,149,165,231447,2954,15599,847300
237,159,156,231288,2957,15755,845200
238,139,145,231149,2951,15900,835100
239,127,126,231022,2952,16026,844000
240,143,139,230879,2956,16165,837800
241,153,140,230726,2969,16305,841800
242,165,151,230561,2983,16456,847800
243,149,174,230412,2958,16630,839400
244,162,156,230250,2964,16786,835900
245,142,147,230108,2959,16933,834400
246,128,157,229980,2930,17090,836600
247,140,145,229840,2925,17235,829500
248,155,160,229685,2920,17395,839600
249,145,151,229540,2914,17546,1060900
250,143,143,229397,2914,17689,1003100
251,175,122,229222,2967,17811,853800
252,161,135,229061,2993,17946,840000
253,158,158,228903,2993,18104,844900
254,161,153,228742,3001,18257,842700
255,150,143,228592,3008,18400,839000
256,138,153,228454,2993,18553,855300
257,159,155,228295,2997,18708,838400
258,160,137,228135,3020,18845,832900
259,155,143,227980,3032,18988,831300
260,157,149,227823,3040,19137,842500
261,172,151,227651,3061,19288,838200
262,188,160,227463,3089,19448,833000
263,160,147,227303,3102,19595,840300
264,147,141,227156,3108,19736,833800
265,134,135,227022,3107,19871,845000
266,166,160,226856,3113,20031,849700
267,173,151,226683,3135,20182,835400
268,157,161,226526,3131,20343,833800
269,160,146,226366,3145,20489,839100
270,175,155,226191,3165,20644,854300
271,174,169,226017,3170,20813,837800
272,146,152,225871,3164,20965,839900
273,160,161,225711,3163,21126,844200
274,155,148,225556,3170,21274,845400
275,167,155,225389,3182,21429,845300
276,202,174,225187,3210,21603,846700
277,164,143,225023,3231,21746,840000
278,168,148,224855,3251,21894,844000
279,199,158,224656,3292,22052,857600
280,177,144,224479,3325,22196,859100
281,161,175,224318,3311,22371,844100
282,163,171,224155,3303,22542,879400
283,191,152,223964,3342,22694,881100
284,167,178,223797,3331,22872,857500
285,167,187,223630,3311,23059,843400
286,176,165,223454,3322,23224,846100
287,156,182,223298,3296,23406,857700
288,171,156,223127,3311,23562,858500
289,153,169,222974,3295,23731,847300
290,156,160,222818,3291,23891,842300
291,181,174,222637,3298,24065,846500
292,151,170,222486,3279,24235,848700
293,186,171,222300,3294,24406,842100
294,157,171,222143,3280,24577,849900
295,155,158,221988,3277,24735,854300
296,169,155,221819,3291,24890,841200
297,179,182,221640,3288,25072,858600
298,167,148,221473,3307,25220,841300
299,156,178,221317,3285,25398,951700
300,141,146,221176,3280,25544,1022800
301,158,178,221018,3260,25722,849400
302,147,171,220871,3236,25893,841000
303,178,156,220693,3258,26049,842600
304,163,162,220530,3259,26211,842400
305,165,176,220365,3248,26387,841600
306,177,155,220188,3270,26542,843500
307,167,157,220021,3280,26699,840400
308,155,184,219866,3251,26883,842900
309,174,161,219692,3264,27044,854900
310,156,160,219536,3260,27204,834900
311,152,168,219384,3244,27372,843900
312,159,164,219225,3239,27536,848300
313,165,147,219060,3257,27683,841200
314,156,164,218904,3249,27847,841400
315,152,152,218752,3249,27999,856900
316,169,169,218583,3249,28168,978400
317,151,166,218432,3234,28334,968400
318,141,166,218291,3209,28500,962900
319,130,170,218161,3169,28670,1052000
320,168,164,217993,3173,28834,1036600
321,170,163,217823,3180,28997,900100
322,143,166,217680,3157,29163,836800
323,144,178,217536,3123,29341,839500
324,163,157,217373,3129,29498,840300
325,160,173,217213,3116,29671,839900
326,170,141,217043,3145,29812,860500
327,129,172,216914,3102,29984,857500
328,157,154,216757,3105,30138,842400
329,154,145,216603,3114,30283,843200
330,146,171,216457,3089,30454,829700
331,155,145,216302,3099,30599,856900
332,165,140,216137,3124,30739,951600
333,151,164,215986,3111,30903,899500
334,163,164,215823,3110,31067,853900
335,155,136,215668,3129,31203,836000
336,137,146,215531,3120,31349,841900
337,153,155,215378,3118,31504,831000
338,135,169,215243,3084,31673,830800
339,131,164,215112,3051,31837,830400
340,156,147,214956,3060,31984,827300
341,147,154,214809,3053,32138,829000
342,172,155,214637,3070,32293,840300
343,147,167,214490,3050,32460,840900
344,153,150,214337,3053,32610,832700
345,150,156,214187,3047,32766,844900
346,143,163,214044,3027,32929,833800
347,136,155,213908,3008,33084,823800
348,167,148,213741,3027,33232,886100
349,131,133,213610,3025,33365,1075200
350,158,150,213452,3033,33515,880300
351,152,155,213300,3030,33670,837900
352,139,143,213161,3026,33813,838800
353,134,151,213027,3009,33964,1013400
354,140,159,212887,2990,34123,1023500
355,134,167,212753,2957,34290,852700
356,135,147,212618,2945,34437,832200
357,134,132,212484,2947,34569,829500
358,144,153,212340,2938,34722,827400
359,147,157,212193,2928,34879,828800
360,134,151,212059,2911,35030,829300
361,137,148,211922,2900,35178,832000
362,128,148,211794,2880,35326,830800
363,116,146,211678,2850,35472,825100
364,138,155,211540,2833,35627,820400
365,129,155,211411,2807,35782,844900
366,143,140,211268,2810,35922,840900
367,128,144,211140,2794,36066,828400
368,123,134,211017,2783,36200,822400
369,117,144,210900,2756,36344,819000
370,144,148,210756,2752,36492,830400
371,128,152,210628,2728,36644,821500
372,130,139,210498,2719,36783,824300
373,159,114,210339,2764,36897,828500
374,142,134,210197,2772,37031,825200
375,135,152,210062,2755,37183,830000
376,132,166,209930,2721,37349,824700
377,152,134,209778,2739,37483,837300
378,157,154,209621,2742,37637,820400
379,151,141,209470,2752,37778,833600
380,158,139,209312,2771,37917,823100
381,153,143,209159,2781,38060,827200
382,156,136,209003,2801,38196,827800
383,146,153,208857,2794,38349,829300
384,167,139,208690,2822,38488,830100
385,168,151,208522,2839,38639,835000
386,163,147,208359,2855,38786,826800
387,168,146,208191,2877,38932,830800
388,154,174,208037,2857,39106,825100
389,172,148,207865,2881,39254,828500
390,155,142,207710,2894,39396,833700
391,155,165,207555,2884,39561,830000
392,134,164,207421,2854,39725,851300
393,156,152,207265,2858,39877,838000
394,154,159,207111,2853,40036,858400
395,155,131,206956,2877,40167,842800
396,155,137,206801,2895,40304,830400
397,152,137,206649,2910,40441,836100
398,153,153,206496,2910,40594,832400
399,167,143,206329,2934,40737,853600
400,164,141,206165,2957,40878,1012600
401,148,130,206017,2975,41008,890000
402,166,164,205851,2977,41172,830800
403,147,153,205704,2971,41325,840900
404,176,143,205528,3004,41468,833500
405,145,161,205383,2988,41629,828500
406,168,142,205215,3014,41771,838700
407,161,158,205054,3017,41929,839100
408,172,159,204882,3030,42088,832200
409,153,133,204729,3050,42221,828000
410,186,151,204543,3085,42372,839800
411,180,165,204363,3100,42537,838400
412,164,168,204199,3096,42705,844400
413,164,161,204035,3099,42866,849200
414,164,160,203871,3103,43026,848000
415,166,163,203705,3106,43189,826800
416,165,179,203540,3092,43368,844200
417,172,134,203368,3130,43502,1061200
418,177,157,203191,3150,43659,934700
419,172,164,203019,3158,43823,830100
420,172,144,202847,3186,43967,844300
421,150,155,202697,3181,44122,832900
422,166,151,202531,3196,44273,836300
423,172,165,202359,3203,44438,1042600
424,176,156,202183,3223,44594,983500
425,174,160,202009,3237,44754,844400
426,162,166,201847,3233,44920,836100
427,176,147,201671,3262,45067,843100
428,199,177,201472,3284,45244,844700
429,172,136,201300,3320,45380,831800
430,202,173,201098,3349,45553,835100
431,166,174,200932,3341,45727,839600
432,185,167,200747,3359,45894,893300
433,177,164,200570,3372,46058,1049900
434,182,191,200388,3363,46249,892400
435,155,187,200233,3331,46436,844400
436,153,154,200080,3330,46590,841700
437,162,156,199918,3336,46746,833200
438,172,168,199746,3340,46914,837200
439,202,138,199544,3404,47052,852500
440,170,137,199374,3437,47189,837700
441,171,175,199203,3433,47364,843300
442,171,155,199032,3449,47519,839800
443,169,162,198863,3456,47681,834500
444,176,160,198687,3472,47841,843800
445,170,176,198517,3466,48017,835800
446,173,180,198344,3459,48197,838100
447,170,163,198174,3466,48360,834500
448,150,155,198024,3461,48515,844500
449,164,170,197860,3455,48685,1062900
450,155,161,197705,3449,48846,922900
451,158,201,197547,3406,49047,843000
452,156,179,197391,3383,49226,844400
453,180,164,197211,3399,49390,834500
454,187,151,197024,3435,49541,850600
455,192,192,196832,3435,49733,840700
456,192,161,196640,3466,49894,858200
457,168,180,196472,3454,50074,839600
458,180,188,196292,3446,50262,858700
459,170,155,196122,3461,50417,853700
460,177,151,195945,3487,50568,842900
461,194,139,195751,3542,50707,844400
462,187,185,195564,3544,50892,847800
463,186,176,195378,3554,51068,848100
464,192,176,195186,3570,51244,858800
465,215,168,194971,3617,51412,876000
466,166,166,194805,3617,51578,846500
467,184,183,194621,3618,51761,851700
468,176,158,194445,3636,51919,842500
469,185,203,194260,3618,52122,846900
470,178,175,194082,3621,52297,875000
471,177,191,193905,3607,52488,857900
472,183,172,193722,3618,52660,848900
473,170,180,193552,3608,52840,843900
474,193,182,193359,3619,53022,855100
475,163,190,193196,3592,53212,867900
476,189,200,193007,3581,53412,852900
477,169,177,192838,3573,53589,844000
478,159,166,192679,3566,53755,858000
479,194,165,192485,3595,53920,849700
480,174,186,192311,3583,54106,847000
481,194,169,192117,3608,54275,845800
482,163,201,191954,3570,54476,849400
483,147,186,191807,3531,54662,879900
484,173,186,191634,3518,54848,867300
485,164,188,191470,3494,55036,852600
486,172,178,191298,3488,55214,848100
487,176,169,191122,3495,55383,848100
488,147,186,190975,3456,55569,849900
489,187,176,190788,3467,55745,858900
490,142,184,190646,3425,55929,850100
491,187,189,190459,3423,56118,845500
492,168,191,190291,3400,56309,852100
493,177,166,190114,3411,56475,858500
494,185,193,189929,3403,56668,844200
495,168,196,189761,3375,56864,839400
496,146,181,189615,3340,57045,867500
497,182,178,189433,3344,57223,838300
498,164,182,189269,3326,57405,836300
499,168,162,189101,3332,57567,904100
500,174,179,188927,3327,57746,1066200
501,180,171,188747,3336,57917,913300
502,189,163,188558,3362,58080,865500
503,182,177,188376,3367,58257,856600
504,166,175,188210,3358,58432,849700
505,178,170,188032,3366,58602,846800
506,179,181,187853,3364,58783,848300
507,171,174,187682,3361,58957,850900
508,177,155,187505,3383,59112,853700
509,168,189,187337,3362,59301,840500
510,163,174,187174,3351,59475,832900
511,180,147,186994,3384,59622,840100
512,168,173,186826,3379,59795,834400
513,174,161,186652,3392,59956,844500
514,179,181,186473,3390,60137,849200
515,164,140,186309,3414,60277,846500
516,172,140,186137,3446,60417,964500
517,165,186,185972,3425,60603,973600
518,192,186,185780,3431,60789,851400
519,182,161,185598,3452,60950,845800
520,180,169,185418,3463,61119,846300
521,159,175,185259,3447,61294,836600
522,181,157,185078,3471,61451,853200
523,171,170,184907,3472,61621,844300
524,177,185,184730,3464,61806,856000
525,168,166,184562,3466,61972,854100
526,169,177,184393,3458,62149,852700
527,168,168,184225,3458,62317,871000
528,190,170,184035,3478,62487,860400
529,186,159,183849,3505,62646,843400
530,175,153,183674,3527,62799,849400
531,185,186,183489,3526,62985,848100
532,197,170,183292,3553,63155,843000
533,191,169,183101,3575,63324,863100
534,170,176,182931,3569,63500,852500
535,170,188,182761,3551,63688,851300
536,159,187,182602,3523,63875,859700
537,153,172,182449,3504,64047,841000
538,170,172,182279,3502,64219,845200
539,181,178,182098,3505,64397,851000
540,161,157,181937,3509,64554,845200
541,174,159,181763,3524,64713,840900
542,192,172,181571,3544,64885,848700
543,195,187,181376,3552,65072,861800
544,207,168,181169,3591,65240,849400
545,177,198,180992,3570,65438,865300
546,203,170,180789,3603,65608,862400
547,177,187,180612,3593,65795,882700
548,187,185,180425,3595,65980,854000
549,184,195,180241,3584,66175,847400
550,191,198,180050,3577,66373,848500
551,176,168,179874,3585,66541,1138200
552,195,180,179679,3600,66721,960500
553,180,173,179499,3607,66894,861200
554,185,163,179314,3629,67057,849600
555,163,179,179151,3613,67236,854500
556,189,172,178962,3630,67408,865700
557,159,171,178803,3618,67579,884800
558,186,165,178617,3639,67744,858300
559,205,189,178412,3655,67933,860200
560,180,180,178232,3655,68113,853800
561,176,177,178056,3654,68290,848400
562,176,204,177880,3626,68494,859500
563,185,187,177695,3624,68681,1376000
564,180,187,177515,3617,68868,1026700
565,173,158,177342,3632,69026,852200
566,171,178,177171,3625,69204,912800
567,195,169,176976,3651,69373,1075700
568,189,194,176787,3646,69567,1016400
569,214,198,176573,3662,69765,854300
570,173,170,176400,3665,69935,848900
571,182,204,176218,3643,70139,849700
572,187,189,176031,3641,70328,849400
573,191,168,175840,3664,70496,848500
574,188,179,175652,3673,70675,863900
575,192,169,175460,3696,70844,858600
576,173,193,175287,3676,71037,853700
577,193,177,175094,3692,71214,854500
578,205,178,174889,3719,71392,845900
579,209,176,174680,3752,71568,853100
580,204,196,174476,3760,71764,759400
581,189,174,174287,3775,71938,2525100
582,179,176,174108,3778,72114,1911300
583,192,188,173916,3782,72302,1900900
584,189,185,173727,3786,72487,1899300
585,194,197,173533,3783,72684,1967200
586,186,191,173347,3778,72875,1871400
587,193,203,173154,3768,73078,1884000
588,206,184,172948,3790,73262,1893400
589,173,193,172775,3770,73455,1859800
590,184,175,172591,3779,73630,2347400
591,185,170,172406,3794,73800,1899100
592,195,190,172211,3799,73990,1863400
593,167,194,172044,3772,74184,1864100
594,186,196,171858,3762,74380,1879300
595,190,195,171668,3757,74575,1868000
596,174,187,171494,3744,74762,1899500
597,194,209,171300,3729,74971,1896700
598,163,184,171137,3708,75155,1998200
599,171,168,170966,3711,75323,1898800
600,183,169,170783,3725,75492,1895700
601,189,185,170594,3729,75677,961200
602,167,171,170427,3725,75848,958400
603,196,207,170231,3714,76055,951700
604,157,186,170074,3685,76241,935700
605,170,181,169904,3674,76422,932600
606,180,178,169724,3676,76600,929500
607,172,174,169552,3674,76774,933500
608,173,192,169379,3655,76966,929400
609,196,159,169183,3692,77125,923100
610,173,192,169010,3673,77317,991300
611,156,184,168854,3645,77501,1215400
612,178,182,168676,3641,77683,938800
613,178,189,168498,3630,77872,932800
614,176,190,168322,3616,78062,930100
615,164,165,168158,3615,78227,938800
616,167,195,167991,3587,78422,929500
617,184,182,167807,3589,78604,930700
618,193,187,167614,3595,78791,930500
619,187,185,167427,3597,78976,934000
620,184,164,167243,3617,79140,929800
621,205,187,167038,3635,79327,935500
622,185,170,166853,3650,79497,928400
623,198,176,166655,3672,79673,998800
624,195,180,166460,3687,79853,945600
625,169,193,166291,3663,80046,917200
626,200,188,166091,3675,80234,1358000
627,163,199,165928,3639,80433,1017500
628,188,179,165740,3648,80612,917300
629,191,181,165549,3658,80793,923800
630,185,195,165364,3648,80988,914800
631,202,164,165162,3686,81152,917600
632,178,192,164984,3672,81344,925000
633,201,188,164783,3685,81532,921600
634,183,169,164600,3699,81701,914400
635,181,168,164419,3712,81869,921600
636,187,172,164232,3727,82041,922500
637,209,178,164023,3758,82219,922900
638,206,180,163817,3784,82399,919800
639,192,212,163625,3764,82611,921300
640,176,188,163449,3752,82799,913900
641,195,181,163254,3766,82980,932700
642,188,199,163066,3755,83179,970100
643,186,200,162880,3741,83379,923500
644,187,190,162693,3738,83569,916600
645,182,179,162511,3741,83748,928500
646,181,175,162330,3747,83923,917900
647,168,163,162162,3752,84086,919400
648,166,182,161996,3736,84268,917900
649,188,183,161808,3741,84451,916300
650,187,200,161621,3728,84651,917000
651,197,173,161424,3752,84824,925800
652,165,194,161259,3723,85018,926200
653,188,186,161071,3725,85204,922500
654,183,178,160888,3730,85382,919300
655,168,199,160720,3699,85581,922500
656,176,186,160544,3689,85767,967500
657,198,187,160346,3700,85954,926300
658,167,170,160179,3697,86124,1181500
659,181,164,159998,3714,86288,956800
660,192,193,159806,3713,86481,922100
661,195,168,159611,3740,86649,920100
662,191,197,159420,3734,86846,923100
663,186,190,159234,3730,87036,932300
664,155,179,159079,3706,87215,924600
665,197,187,158882,3716,87402,925300
666,156,186,158726,3686,87588,917700
667,168,185,158558,3669,87773,926400
668,190,189,158368,3670,87962,915600
669,156,172,158212,3654,88134,919100
670,175,189,158037,3640,88323,914300
671,183,165,157854,3658,88488,915900
672,167,207,157687,3618,88695,918100
673,175,178,157512,3615,88873,982500
674,176,206,157336,3585,89079,1150800
675,166,173,157170,3578,89252,994900
676,181,193,156989,3566,89445,921500
677,190,184,156799,3572,89629,921100
678,157,196,156642,3533,89825,910800
679,152,169,156490,3516,89994,916900
680,160,192,156330,3484,90186,911200
681,165,164,156165,3485,90350,914200
682,174,185,155991,3474,90535,907500
683,179,177,155812,3476,90712,921800
684,165,197,155647,3444,90909,911000
685,162,177,155485,3429,91086,915600
686,168,198,155317,3399,91284,909000
687,179,155,155138,3423,91439,925700
688,171,178,154967,3416,91617,910000
689,168,165,154799,3419,91782,915700
690,159,173,154640,3405,91955,953400
691,168,171,154472,3402,92126,920100
692,157,174,154315,3385,92300,907200
693,180,163,154135,3402,92463,913700
694,175,163,153960,3414,92626,916600
695,182,182,153778,3414,92808,909200
696,174,183,153604,3405,92991,918000
697,156,175,153448,3386,93166,915500
698,181,178,153267,3389,93344,916400
699,208,165,153059,3432,93509,919400
700,193,189,152866,3436,93698,921700
701,171,174,152695,3433,93872,911300
702,175,173,152520,3435,94045,913300
703,162,198,152358,3399,94243,918600
704,196,175,152162,3420,94418,917100
705,157,162,152005,3415,94580,906800
706,168,161,151837,3422,94741,937800
707,176,173,151661,3425,94914,909000
708,174,162,151487,3437,95076,913000
709,163,185,151324,3415,95261,922300
710,174,170,151150,3419,95431,917900
711,178,147,150972,3450,95578,910100
712,201,165,150771,3486,95743,913100
713,185,163,150586,3508,95906,911600
714,202,172,150384,3538,96078,911300
715,176,174,150208,3540,96252,914200
716,191,176,150017,3555,96428,910900
717,175,198,149842,3532,96626,923500
718,175,180,149667,3527,96806,923000
719,199,153,149468,3573,96959,918700
720,165,177,149303,3561,97136,912100
721,190,177,149113,3574,97313,917600
722,192,192,148921,3574,97505,912500
723,167,170,148754,3571,97675,960200
724,182,164,148572,3589,97839,922200
725,217,178,148355,3628,98017,927800
726,197,196,148158,3629,98213,921900
727,201,186,147957,3644,98399,918600
728,174,177,147783,3641,98576,930000
729,193,187,147590,3647,98763,928800
730,198,188,147392,3657,98951,919100
731,204,208,147188,3653,99159,923700
732,172,204,147016,3621,99363,921700
733,180,196,146836,3605,99559,937600
734,181,171,146655,3615,99730,916500
735,177,185,146478,3607,99915,919800
736,200,171,146278,3636,100086,929000
737,164,178,146114,3622,100264,923900
738,184,177,145930,3629,100441,910400
739,198,157,145732,3670,100598,950800
740,173,178,145559,3665,100776,922000
741,184,158,145375,3691,100934,915900
742,204,161,145171,3734,101095,917300
743,184,199,144987,3719,101294,917000
744,186,193,144801,3712,101487,908500
745,179,194,144622,3697,101681,911600
746,203,187,144419,3713,101868,928800
747,165,164,144254,3714,102032,915400
748,188,199,144066,3703,102231,911500
749,197,184,143869,3716,102415,916200
750,170,202,143699,3684,102617,924400
751,188,164,143511,3708,102781,920900
752,166,175,143345,3699,102956,914100
753,185,208,143160,3676,103164,914600
754,176,193,142984,3659,103357,912100
755,176,188,142808,3647,103545,932700
756,174,188,142634,3633,103733,1092500
757,171,189,142463,3615,103922,1065700
758,177,178,142286,3614,104100,912100
759,196,194,142090,3616,104294,915600
760,173,165,141917,3624,104459,920400
761,200,179,141717,3645,104638,923900
762,181,190,141536,3636,104828,916000
763,183,197,141353,3622,105025,909800
764,197,171,141156,3648,105196,910100
765,167,180,140989,3635,105376,920700
766,187,191,140802,3631,105567,918400
767,152,183,140650,3600,105750,916200
768,193,174,140457,3619,105924,911700
769,189,191,140268,3617,106115,907500
770,199,169,140069,3647,106284,909400
771,176,206,139893,3617,106490,911400
772,195,188,139698,3624,106678,922400
773,179,175,139519,3628,106853,1178200
774,201,183,139318,3646,107036,971000
775,216,158,139102,3704,107194,916200
776,177,156,138925,3725,107350,915800
777,202,186,138723,3741,107536,922000
778,199,187,138524,3753,107723,920500
779,174,163,138350,3764,107886,912900
780,207,189,138143,3782,108075,939800
781,209,191,137934,3800,108266,932700
782,186,172,137748,3814,108438,924700
783,200,167,137548,3847,108605,919400
784,177,198,137371,3826,108803,923900
785,185,193,137186,3818,108996,916300
786,190,209,136996,3799,109205,918100
787,179,178,136817,3800,109383,918800
788,194,211,136623,3783,109594,985800
789,187,185,136436,3785,109779,948300
790,187,192,136249,3780,109971,929100
791,188,198,136061,3770,110169,920400
792,215,192,135846,3793,110361,935600
793,185,192,135661,3786,110553,936500
794,190,184,135471,3792,110737,924000
795,187,174,135284,3805,110911,919900
796,212,191,135072,3826,111102,932700
797,199,179,134873,3846,111281,925800
798,217,205,134656,3858,111486,937400
799,199,194,134457,3863,111680,941700
800,213,189,134244,3887,111869,921200
801,196,197,134048,3886,112066,927400
802,186,202,133862,3870,112268,941300
803,212,212,133650,3870,112480,945400
804,198,223,133452,3845,112703,929400
805,194,204,133258,3835,112907,1052100
806,192,189,133066,3838,113096,1147100
807,201,204,132865,3835,113300,967100
808,179,180,132686,3834,113480,926000
809,200,188,132486,3846,113668,927900
810,197,193,132289,3850,113861,931700
811,203,179,132086,3874,114040,938800
812,193,173,131893,3894,114213,922100
813,203,194,131690,3903,114407,933700
814,202,184,131488,3921,114591,924200
815,186,158,131302,3949,114749,928100
816,211,190,131091,3970,114939,923100
817,214,211,130877,3973,115150,928500
818,205,192,130672,3986,115342,929300
819,204,195,130468,3995,115537,925400
820,195,223,130273,3967,115760,938500
821,174,189,130099,3952,115949,1258000
822,173,210,129926,3915,116159,1056800
823,188,212,129738,3891,116371,952200
824,179,216,129559,3854,116587,940000
825,196,194,129363,3856,116781,978000
826,180,198,129183,3838,116979,940700
827,197,176,128986,3859,117155,927500
828,183,170,128803,3872,117325,927000
829,194,197,128609,3869,117522,928300
830,231,203,128378,3897,117725,928500
831,199,200,128179,3896,117925,934300
832,212,226,127967,3882,118151,925200
833,184,202,127783,3864,118353,930000
834,191,193,127592,3862,118546,938600
835,172,179,127420,3855,118725,929900
836,189,187,127231,3857,118912,924100
837,200,183,127031,3874,119095,979000
838,204,188,126827,3890,119283,943900
839,183,207,126644,3866,119490,1073800
840,192,191,126452,3867,119681,1010500
841,182,215,126270,3834,119896,1125700
842,187,178,126083,3843,120074,985000
843,204,218,125879,3829,120292,958800
844,223,179,125656,3873,120471,963300
845,200,198,125456,3875,120669,980100
846,201,194,125255,3882,120863,963900
847,174,214,125081,3842,121077,1055400
848,202,187,124879,3857,121264,973300
849,181,202,124698,3836,121466,943000
850,156,214,124542,3778,121680,985200
851,193,173,124349,3798,121853,1044800
852,199,182,124150,3815,122035,978000
853,195,195,123955,3815,122230,937900
854,194,163,123761,3846,122393,934200
855,177,198,123584,3825,122591,934500
856,185,181,123399,3829,122772,944400
857,172,170,123227,3831,122942,940100
858,190,183,123037,3838,123125,952600
859,171,210,122866,3799,123335,927900
860,193,203,122673,3789,123538,936100
861,204,199,122469,3794,123737,924100
862,201,177,122268,3818,123914,928200
863,170,183,122098,3805,124097,921100
864,195,207,121903,3793,124304,926000
865,198,178,121705,3813,124482,920100
866,189,182,121516,3820,124664,938400
867,215,176,121301,3859,124840,926700
868,200,201,121101,3858,125041,929500
869,203,201,120898,3860,125242,1141000
870,190,185,120708,3865,125427,968600
871,175,190,120533,3850,125617,933900
872,218,204,120315,3864,125821,935900
873,219,222,120096,3861,126043,925600
874,181,209,119915,3833,126252,925000
875,180,196,119735,3817,126448,933000
876,184,189,119551,3812,126637,920500
877,183,196,119368,3799,126833,922400
878,188,170,119180,3817,127003,914400
879,193,197,118987,3813,127200,928600
880,205,200,118782,3818,127400,921200
881,187,192,118595,3813,127592,926500
882,165,205,118430,3773,127797,915400
883,182,211,118248,3744,128008,920400
884,199,190,118049,3753,128198,963000
885,186,186,117863,3753,128384,1149000
886,190,171,117673,3772,128555,1044400
887,194,174,117479,3792,128729,926700
888,197,199,117282,3790,128928,917700
889,191,186,117091,3795,129114,922600
890,198,194,116893,3799,129308,919600
891,216,215,116677,3800,129523,918100
892,197,165,116480,3832,129688,925000
893,194,195,116286,3831,129883,920000
894,204,191,116082,3844,130074,920100
895,209,200,115873,3853,130274,922400
896,221,187,115652,3887,130461,920500
897,196,174,115456,3909,130635,925800
898,205,193,115251,3921,130828,922100
899,171,175,115080,3917,131003,918900
900,188,197,114892,3908,131200,935500
901,181,188,114711,3901,131388,937400
902,192,203,114519,3890,131591,919400
903,202,193,114317,3899,131784,920900
904,215,202,114102,3912,131986,923900
905,217,181,113885,3948,132167,927300
906,188,197,113697,3939,132364,932200
907,216,189,113481,3966,132553,927400
908,196,195,113285,3967,132748,920800
909,193,196,113092,3964,132944,936800
910,193,190,112899,3967,133134,920200
911,199,180,112700,3986,133314,935600
912,209,196,112491,3999,133510,926800
913,187,196,112304,3990,133706,925200
914,166,197,112138,3959,133903,924400
915,212,217,111926,3954,134120,923800
916,199,196,111727,3957,134316,925000
917,174,196,111553,3935,134512,948700
918,195,190,111358,3940,134702,940300
919,204,198,111154,3946,134900,945600
920,201,186,110953,3961,135086,932900
921,185,210,110768,3936,135296,942800
922,177,186,110591,3927,135482,927000
923,204,178,110387,3953,135660,944700
924,191,207,110196,3937,135867,938700
925,187,194,110009,3930,136061,934500
926,188,209,109821,3909,136270,938200
927,203,183,109618,3929,136453,947200
928,199,203,109419,3925,136656,936300
929,206,187,109213,3944,136843,939400
930,214,230,108999,3928,137073,940200
931,188,208,108811,3908,137281,951200
932,191,190,108620,3909,137471,947500
933,208,189,108412,3928,137660,1051300
934,197,201,108215,3924,137861,1137300
935,187,180,108028,3931,138041,1082100
936,208,178,107820,3961,138219,1055700
937,222,215,107598,3968,138434,1055900
938,216,183,107382,4001,138617,1071600
939,195,204,107187,3992,138821,1066500
940,197,198,106990,3991,139019,1114200
941,193,202,106797,3982,139221,1160900
942,227,181,106570,4028,139402,948300
943,209,201,106361,4036,139603,939200
944,227,184,106134,4079,139787,954200
945,212,213,105922,4078,140000,939300
946,227,195,105695,4110,140195,946900
947,202,196,105493,4116,140391,936600
948,202,229,105291,4089,140620,940600
949,215,164,105076,4140,140784,1009500
950,185,205,104891,4120,140989,942900
951,188,212,104703,4096,141201,946500
952,200,178,104503,4118,141379,940800
953,199,229,104304,4088,141608,939900
954,199,209,104105,4078,141817,936700
955,228,197,103877,4109,142014,934000
956,193,221,103684,4081,142235,934100
957,204,199,103480,4086,142434,930600
958,198,194,103282,4090,142628,931900
959,212,229,103070,4073,142857,929200
960,221,203,102849,4091,143060,930400
961,196,218,102653,4069,143278,939500
962,200,211,102453,4058,143489,936400
963,200,166,102253,4092,143655,940300
964,194,194,102059,4092,143849,969400
965,184,199,101875,4077,144048,932600
966,196,199,101679,4074,144247,1002800
967,205,210,101474,4069,144457,948300
968,211,195,101263,4085,144652,937600
969,196,224,101067,4057,144876,927500
970,195,205,100872,4047,145081,929600
971,195,205,100677,4037,145286,927000
972,201,183,100476,4055,145469,932800
973,225,209,100251,4071,145678,931600
974,198,195,100053,4074,145873,936800
975,198,223,99855,4049,146096,926900
976,213,191,99642,4071,146287,932200
977,198,217,99444,4052,146504,928300
978,172,183,99272,4041,146687,932200
979,205,205,99067,4041,146892,928900
980,233,208,98834,4066,147100,934000
981,181,213,98653,4034,147313,924100
982,197,215,98456,4016,147528,976800
983,223,220,98233,4019,147748,939600
984,184,189,98049,4014,147937,948200
985,211,211,97838,4014,148148,932500
986,203,194,97635,4023,148342,933000
987,170,183,97465,4010,148525,935700
988,194,230,97271,3974,148755,943300
989,202,191,97069,3985,148946,931200
990,221,187,96848,4019,149133,930900
991,195,198,96653,4016,149331,920600
992,217,182,96436,4051,149513,928600
993,220,196,96216,4075,149709,932200
994,223,200,95993,4098,149909,923600
995,202,187,95791,4113,150096,924600
996,213,188,95578,4138,150284,950300
997,218,236,95360,4120,150520,934100
998,209,216,95151,4113,150736,934500
999,210,195,94941,4128,150931,1111800
1000,213,228,94728,4113,151159,1084200
1001,199,228,94529,4084,151387,939200
1002,214,221,94315,4077,151608,934800
1003,215,176,94100,4116,151784,933500
1004,215,222,93885,4109,152006,927400
1005,187,201,93698,4095,152207,930000
1006,208,198,93490,4105,152405,936800
1007,218,189,93272,4134,152594,943000
1008,197,195,93075,4136,152789,931100
1009,214,204,92861,4146,152993,948000
1010,211,198,92650,4159,153191,938100
1011,218,197,92432,4180,153388,933500
1012,217,206,92215,4191,153594,943600
1013,182,206,92033,4167,153800,934000
1014,208,195,91825,4180,153995,925300
1015,202,202,91623,4180,154197,979100
1016,209,219,91414,4170,154416,958400
1017,201,201,91213,4170,154617,945800
1018,222,225,90991,4167,154842,949300
1019,215,217,90776,4165,155059,940800
1020,203,199,90573,4169,155258,932400
1021,223,221,90350,4171,155479,932500
1022,225,231,90125,4165,155710,948600
1023,188,211,89937,4142,155921,937300
1024,194,217,89743,4119,156138,954700
1025,211,182,89532,4148,156320,928600
1026,216,204,89316,4160,156524,929700
1027,201,231,89115,4130,156755,930100
1028,231,206,88884,4155,156961,942100
1029,201,218,88683,4138,157179,925600
1030,230,215,88453,4153,157394,938500
1031,244,201,88209,4196,157595,950700
1032,199,199,88010,4196,157794,936600
1033,223,214,87787,4205,158008,928400
1034,226,207,87561,4224,158215,940500
1035,213,225,87348,4212,158440,937300
1036,225,217,87123,4220,158657,932800
1037,200,214,86923,4206,158871,927500
1038,188,214,86735,4180,159085,927500
1039,205,209,86530,4176,159294,936400
1040,212,219,86318,4169,159513,940800
1041,215,208,86103,4176,159721,936800
1042,202,199,85901,4179,159920,926400
1043,187,212,85714,4154,160132,941800
1044,227,207,85487,4174,160339,925300
1045,205,223,85282,4156,160562,931300
1046,202,201,85080,4157,160763,828700
1047,203,202,84877,4158,160965,735400
1048,196,200,84681,4154,161165,932600
1049,182,209,84499,4127,161374,761000
1050,191,203,84308,4115,161577,762300
1051,170,197,84138,4088,161774,791000
1052,197,217,83941,4068,161991,773300
1053,220,205,83721,4083,162196,776500
1054,204,178,83517,4109,162374,766800
1055,205,209,83312,4105,162583,759500
1056,201,192,83111,4114,162775,766500
1057,212,218,82899,4108,162993,766900
1058,199,202,82700,4105,163195,759100
1059,208,211,82492,4102,163406,1041100
1060,208,232,82284,4078,163638,921600
1061,216,202,82068,4092,163840,860200
1062,182,214,81886,4060,164054,948400
1063,203,190,81683,4073,164244,871000
1064,172,190,81511,4055,164434,828300
1065,197,214,81314,4038,164648,774000
1066,234,197,81080,4075,164845,843300
1067,220,230,80860,4065,165075,830000
1068,197,201,80663,4061,165276,865200
1069,197,221,80466,4037,165497,839600
1070,191,191,80275,4037,165688,845200
1071,184,196,80091,4025,165884,765800
1072,185,215,79906,3995,166099,832600
1073,204,200,79702,3999,166299,780500
1074,194,161,79508,4032,166460,768900
1075,216,213,79292,4035,166673,800900
1076,225,167,79067,4093,166840,848400
1077,211,202,78856,4102,167042,801600
1078,206,198,78650,4110,167240,823000
1079,209,196,78441,4123,167436,871900
1080,218,220,78223,4121,167656,780100
1081,219,208,78004,4132,167864,808100
1082,232,225,77772,4139,168089,799700
1083,218,220,77554,4137,168309,814700
1084,198,218,77356,4117,168527,790500
1085,228,205,77128,4140,168732,1036600
1086,192,209,76936,4123,168941,784400
1087,186,202,76750,4107,169143,876800
1088,210,190,76540,4127,169333,795700
1089,227,203,76313,4151,169536,807700
1090,196,213,76117,4134,169749,770200
1091,199,210,75918,4123,169959,804400
1092,189,206,75729,4106,170165,875700
1093,178,217,75551,4067,170382,890200
1094,200,196,75351,4071,170578,801600
1095,211,202,75140,4080,170780,844500
1096,200,206,74940,4074,170986,845600
1097,206,207,74734,4073,171193,952100
1098,182,194,74552,4061,171387,1179900
1099,243,204,74309,4100,171591,951100
1100,185,197,74124,4088,171788,943200
1101,201,228,73923,4061,172016,934700
1102,183,195,73740,4049,172211,934900
1103,215,215,73525,4049,172426,936700
1104,200,207,73325,4042,172633,958600
1105,197,199,73128,4040,172832,936400
1106,187,196,72941,4031,173028,931800
1107,198,208,72743,4021,173236,992100
1108,198,206,72545,4013,173442,935400
1109,185,203,72360,3995,173645,1976900
1110,204,204,72156,3995,173849,1921200
1111,205,185,71951,4015,174034,2129200
1112,204,201,71747,4018,174235,2205900
1113,211,200,71536,4029,174435,1860600
1114,184,181,71352,4032,174616,1946800
1115,195,188,71157,4039,174804,1993700
1116,221,176,70936,4084,174980,1876600
1117,194,220,70742,4058,175200,1958700
1118,200,221,70542,4037,175421,1952000
1119,217,191,70325,4063,175612,1901100
1120,197,194,70128,4066,175806,1946500
1121,206,195,69922,4077,176001,1736900
1122,195,199,69727,4073,176200,816400
1123,180,206,69547,4047,176406,912900
1124,192,210,69355,4029,176616,896200
1125,210,197,69145,4042,176813,785800
1126,171,224,68974,3989,177037,767500
1127,186,199,68788,3976,177236,760200
1128,193,191,68595,3978,177427,790600
1129,204,224,68391,3958,177651,777000
1130,204,193,68187,3969,177844,805200
1131,197,193,67990,3973,178037,777600
1132,207,182,67783,3998,178219,769600
1133,185,204,67598,3979,178423,772300
1134,184,179,67414,3984,178602,777200
1135,171,202,67243,3953,178804,766900
1136,167,197,67076,3923,179001,752900
1137,170,201,66906,3892,179202,787800
1138,207,216,66699,3883,179418,766600
1139,187,186,66512,3884,179604,761700
1140,158,200,66354,3842,179804,767100
1141,164,187,66190,3819,179991,762400
1142,147,197,66043,3769,180188,768600
1143,173,198,65870,3744,180386,761700
1144,181,171,65689,3754,180557,1011100
1145,164,197,65525,3721,180754,915800
1146,168,183,65357,3706,180937,793200
1147,195,197,65162,3704,181134,770000
1148,176,198,64986,3682,181332,769400
1149,172,184,64814,3670,181516,758500
1150,172,186,64642,3656,181702,759600
1151,183,162,64459,3677,181864,777300
1152,175,180,64284,3672,182044,758300
1153,180,159,64104,3693,182203,763300
1154,199,138,63905,3754,182341,775700
1155,168,193,63737,3729,182534,764900
1156,172,193,63565,3708,182727,758600
1157,191,180,63374,3719,182907,755300
1158,159,196,63215,3682,183103,755700
1159,188,193,63027,3677,183296,758000
1160,165,191,62862,3651,183487,758000
1161,158,192,62704,3617,183679,759700
1162,171,201,62533,3587,183880,757000
1163,183,174,62350,3596,184054,782900
1164,159,195,62191,3560,184249,785900
1165,187,185,62004,3562,184434,786500
1166,151,191,61853,3522,184625,785200
1167,158,161,61695,3519,184786,785700
1168,175,177,61520,3517,184963,752500
1169,159,196,61361,3480,185159,817200
1170,155,189,61206,3446,185348,836300
1171,174,172,61032,3448,185520,1129800
1172,157,176,60875,3429,185696,1179000
1173,164,156,60711,3437,185852,947700
1174,167,149,60544,3455,186001,933500
1175,172,161,60372,3466,186162,930600
1176,169,151,60203,3484,186313,929700
1177,164,192,60039,3456,186505,930900
1178,167,188,59872,3435,186693,927500
1179,152,174,59720,3413,186867,934200
1180,183,154,59537,3442,187021,926600
1181,151,191,59386,3402,187212,1323400
1182,143,170,59243,3375,187382,966000
1183,156,157,59087,3374,187539,929500
1184,154,168,58933,3360,187707,1030900
1185,155,173,58778,3342,187880,936700
1186,157,156,58621,3343,188036,934800
1187,153,158,58468,3338,188194,933400
1188,157,168,58311,3327,188362,941600
1189,173,136,58138,3364,188498,929600
1190,148,185,57990,3327,188683,934000
1191,152,153,57838,3326,188836,926900
1192,169,161,57669,3334,188997,931900
1193,155,158,57514,3331,189155,932400
1194,158,180,57356,3309,189335,931300
1195,158,141,57198,3326,189476,925900
1196,164,171,57034,3319,189647,929400
1197,182,184,56852,3317,189831,1172800
1198,161,193,56691,3285,190024,1119100
1199,182,169,56509,3298,190193,944000
1200,165,180,56344,3283,190373,939200
1201,162,164,56182,3281,190537,937200
1202,153,185,56029,3249,190722,936500
1203,167,174,55862,3242,190896,929800
1204,182,180,55680,3244,191076,932000
1205,168,137,55512,3275,191213,924400
1206,143,168,55369,3250,191381,929800
1207,183,184,55186,3249,191565,927800
1208,154,159,55032,3244,191724,961100
1209,157,174,54875,3227,191898,938900
1210,150,152,54725,3225,192050,938200
1211,161,175,54564,3211,192225,932900
1212,166,149,54398,3228,192374,934500
1213,153,178,54245,3203,192552,1289000
1214,164,136,54081,3231,192688,988500
1215,165,143,53916,3253,192831,926600
1216,172,172,53744,3253,193003,945800
1217,154,180,53590,3227,193183,944300
1218,164,153,53426,3238,193336,933800
1219,147,152,53279,3233,193488,939300
1220,170,154,53109,3249,193642,934000
1221,180,173,52929,3256,193815,926700
1222,169,169,52760,3256,193984,927900
1223,152,173,52608,3235,194157,923800
1224,152,154,52456,3233,194311,929900
1225,183,149,52273,3267,194460,921900
1226,174,153,52099,3288,194613,931300
1227,206,150,51893,3344,194763,937000
1228,151,167,51742,3328,194930,928100
1229,157,153,51585,3332,195083,922000
1230,164,170,51421,3326,195253,1129500
1231,161,165,51260,3322,195418,1150400
1232,152,168,51108,3306,195586,928700
1233,158,173,50950,3291,195759,942100
1234,155,147,50795,3299,195906,927700
1235,165,200,50630,3264,196106,926900
1236,160,159,50470,3265,196265,924300
1237,157,155,50313,3267,196420,924800
1238,167,162,50146,3272,196582,926100
1239,146,133,50000,3285,196715,922300
1240,177,176,49823,3286,196891,930900
1241,151,158,49672,3279,197049,924500
1242,172,158,49500,3293,197207,923700
1243,181,176,49319,3298,197383,920900
1244,168,159,49151,3307,197542,935600
1245,157,148,48994,3316,197690,926100
1246,163,153,48831,3326,197843,948300
1247,156,167,48675,3315,198010,927400
1248,152,160,48523,3307,198170,934900
1249,186,151,48337,3342,198321,931700
1250,154,177,48183,3319,198498,957900
1251,140,153,48043,3306,198651,942100
1252,165,155,47878,3316,198806,928000
1253,156,164,47722,3308,198970,935500
1254,161,165,47561,3304,199135,924900
1255,147,152,47414,3299,199287,931700
1256,154,176,47260,3277,199463,921800
1257,166,152,47094,3291,199615,923800
1258,163,160,46931,3294,199775,920200
1259,165,167,46766,3292,199942,938000
1260,176,173,46590,3295,200115,930600
1261,177,138,46413,3334,200253,932200
1262,155,184,46258,3305,200437,927000
1263,153,141,46105,3317,200578,945800
1264,172,161,45933,3328,200739,952000
1265,176,150,45757,3354,200889,940600
1266,149,190,45608,3313,201079,926300
1267,158,153,45450,3318,201232,930100
1268,180,161,45270,3337,201393,927200
1269,148,181,45122,3304,201574,925900
1270,154,168,44968,3290,201742,926300
1271,163,154,44805,3299,201896,927000
1272,157,166,44648,3290,202062,930100
1273,149,151,44499,3288,202213,929000
1274,155,158,44344,3285,202371,929600
1275,174,174,44170,3285,202545,926400
1276,135,134,44035,3286,202679,917900
1277,161,161,43874,3286,202840,940900
1278,161,169,43713,3278,203009,928400
1279,143,157,43570,3264,203166,931300
1280,162,183,43408,3243,203349,1163100
1281,152,159,43256,3236,203508,1172700
1282,158,165,43098,3229,203673,1112800
1283,136,183,42962,3182,203856,933700
1284,112,163,42850,3131,204019,932500
1285,122,166,42728,3087,204185,935600
1286,126,171,42602,3042,204356,933400
1287,155,140,42447,3057,204496,925700
1288,155,145,42292,3067,204641,928200
1289,129,144,42163,3052,204785,939600
1290,129,149,42034,3032,204934,927700
1291,154,161,41880,3025,205095,870200
1292,116,135,41764,3006,205230,2341500
1293,133,135,41631,3004,205365,1930000
1294,153,157,41478,3000,205522,2313700
1295,144,130,41334,3014,205652,1876100
1296,137,138,41197,3013,205790,1873500
1297,136,143,41061,3006,205933,1975800
1298,135,170,40926,2971,206103,1991500
1299,134,139,40792,2966,206242,1866900
1300,144,136,40648,2974,206378,1898300
1301,148,165,40500,2957,206543,2016900
1302,125,131,40375,2951,206674,1926500
1303,132,144,40243,2939,206818,1870500
1304,123,154,40120,2908,206972,1898900
1305,143,151,39977,2900,207123,1288900
1306,128,140,39849,2888,207263,784100
1307,156,151,39693,2893,207414,747400
1308,135,152,39558,2876,207566,757300
1309,131,154,39427,2853,207720,751600
1310,142,124,39285,2871,207844,739600
1311,115,143,39170,2843,207987,800200
1312,131,129,39039,2845,208116,739200
1313,162,151,38877,2856,208267,793700
1314,146,155,38731,2847,208422,741600
1315,155,155,38576,2847,208577,728900
1316,114,133,38462,2828,208710,775100
1317,131,135,38331,2824,208845,861800
1318,137,143,38194,2818,208988,772600
1319,131,134,38063,2815,209122,783600
1320,134,148,37929,2801,209270,767300
1321,117,145,37812,2773,209415,751600
1322,128,132,37684,2769,209547,740500
1323,132,133,37552,2768,209680,730800
1324,138,121,37414,2785,209801,721900
1325,133,139,37281,2779,209940,726600
1326,128,144,37153,2763,210084,722300
1327,131,125,37022,2769,210209,712800
1328,134,149,36888,2754,210358,717900
1329,125,137,36763,2742,210495,738800
1330,129,141,36634,2730,210636,723500
1331,121,118,36513,2733,210754,736200
1332,112,131,36401,2714,210885,727500
1333,120,132,36281,2702,211017,819200
1334,138,134,36143,2706,211151,728700
1335,134,136,36009,2704,211287,729700
1336,113,150,35896,2667,211437,721400
1337,118,141,35778,2644,211578,731300
1338,118,131,35660,2631,211709,767000
1339,127,133,35533,2625,211842,737000
1340,122,127,35411,2620,211969,721200
1341,132,115,35279,2637,212084,722100
1342,113,122,35166,2628,212206,721100
1343,121,130,35045,2619,212336,722100
1344,140,127,34905,2632,212463,719800
1345,124,135,34781,2621,212598,730500
1346,112,119,34669,2614,212717,727300
1347,151,124,34518,2641,212841,720500
1348,125,152,34393,2614,212993,719000
1349,129,109,34264,2634,213102,717600
1350,136,143,34128,2627,213245,753500
1351,125,137,34003,2615,213382,746600
1352,144,112,33859,2647,213494,714000
1353,123,133,33736,2637,213627,710800
1354,118,121,33618,2634,213748,734700
1355,125,133,33493,2626,213881,919800
1356,131,141,33362,2616,214022,878500
1357,120,143,33242,2593,214165,856600
1358,132,131,33110,2594,214296,929100
1359,128,140,32982,2582,214436,1148500
1360,129,116,32853,2595,214552,877300
1361,143,117,32710,2621,214669,852900
1362,134,145,32576,2610,214814,860200
1363,127,139,32449,2598,214953,849700
1364,119,112,32330,2605,215065,846500
1365,130,118,32200,2617,215183,853100
1366,139,133,32061,2623,215316,849300
1367,129,140,31932,2612,215456,862100
1368,126,128,31806,2610,215584,857600
1369,124,107,31682,2627,215691,861800
1370,123,124,31559,2626,215815,848200
1371,127,135,31432,2618,215950,854400
1372,126,134,31306,2610,216084,853800
1373,112,123,31194,2599,216207,861800
1374,118,129,31076,2588,216336,857100
1375,106,126,30970,2568,216462,851400
1376,104,128,30866,2544,216590,940500
1377,102,104,30764,2542,216694,1061400
1378,102,113,30662,2531,216807,912500
1379,119,105,30543,2545,216912,852900
1380,122,151,30421,2516,217063,851200
1381,118,124,30303,2510,217187,843600
1382,123,111,30180,2522,217298,864200
1383,108,118,30072,2512,217416,843600
1384,113,118,29959,2507,217534,849500
1385,117,115,29842,2509,217649,852100
1386,104,118,29738,2495,217767,849600
1387,130,134,29608,2491,217901,845500
1388,100,133,29508,2458,218034,844600
1389,114,117,29394,2455,218151,853500
1390,96,126,29298,2425,218277,857500
1391,78,116,29220,2387,218393,839300
1392,84,150,29136,2321,218543,849700
1393,83,117,29053,2287,218660,846800
1394,96,116,28957,2267,218776,851300
1395,86,88,28871,2265,218864,835900
1396,98,119,28773,2244,218983,833000
1397,100,114,28673,2230,219097,844500
1398,92,100,28581,2222,219197,850200
1399,106,109,28475,2219,219306,846400
1400,100,100,28375,2219,219406,837200
1401,90,112,28285,2197,219518,836200
1402,94,118,28191,2173,219636,836800
1403,104,116,28087,2161,219752,841600
1404,86,95,28001,2152,219847,839000
1405,102,120,27899,2134,219967,842500
1406,106,125,27793,2115,220092,848000
1407,102,109,27691,2108,220201,836200
1408,92,116,27599,2084,220317,853800
1409,90,104,27509,2070,220421,852500
1410,107,101,27402,2076,220522,837600
1411,121,89,27281,2108,220611,877700
1412,82,105,27199,2085,220716,846000
1413,118,104,27081,2099,220820,839200
1414,103,89,26978,2113,220909,840500
1415,111,108,26867,2116,221017,842600
1416,114,108,26753,2122,221125,842800
1417,98,91,26655,2129,221216,836900
1418,87,99,26568,2117,221315,837500
1419,100,118,26468,2099,221433,841300
1420,99,107,26369,2091,221540,843200
1421,96,96,26273,2091,221636,836200
1422,85,114,26188,2062,221750,834100
1423,96,91,26092,2067,221841,834600
1424,90,112,26002,2045,221953,857300
1425,87,91,25915,2041,222044,844200
1426,94,94,25821,2041,222138,840400
1427,96,111,25725,2026,222249,845100
1428,88,88,25637,2026,222337,841900
1429,97,92,25540,2031,222429,864100
1430,67,109,25473,1989,222538,850900
1431,79,103,25394,1965,222641,844200
1432,83,99,25311,1949,222740,845200
1433,77,87,25234,1939,222827,839000
1434,103,106,25131,1936,222933,838100
1435,96,92,25035,1940,223025,832200
1436,94,102,24941,1932,223127,836400
1437,81,93,24860,1920,223220,846600
1438,87,115,24773,1892,223335,838500
1439,93,116,24680,1869,223451,834800
1440,76,84,24604,1861,223535,838700
1441,76,76,24528,1861,223611,834000
1442,81,103,24447,1839,223714,849800
1443,90,97,24357,1832,223811,839800
1444,86,95,24271,1823,223906,832200
1445,85,107,24186,1801,224013,839300
1446,73,90,24113,1784,224103,835100
1447,112,91,24001,1805,224194,837900
1448,87,80,23914,1812,224274,866800
1449,103,87,23811,1828,224361,1046800
1450,99,95,23712,1832,224456,862500
1451,100,84,23612,1848,224540,831700
1452,93,78,23519,1863,224618,831600
1453,86,92,23433,1857,224710,831900
1454,91,90,23342,1858,224800,827100
1455,87,101,23255,1844,224901,828200
1456,89,96,23166,1837,224997,828700
1457,78,74,23088,1841,225071,837100
1458,91,105,22997,1827,225176,834100
1459,90,95,22907,1822,225271,836500
1460,77,104,22830,1795,225375,832100
1461,93,87,22737,1801,225462,831600
1462,93,89,22644,1805,225551,824800
1463,90,92,22554,1803,225643,830400
1464,107,85,22447,1825,225728,828300
1465,105,81,22342,1849,225809,824300
1466,83,89,22259,1843,225898,826700
1467,82,98,22177,1827,225996,1405200
1468,92,89,22085,1830,226085,940900
1469,86,104,21999,1812,226189,838600
1470,83,85,21916,1810,226274,831800
1471,99,85,21817,1824,226359,832300
1472,92,110,21725,1806,226469,834700
1473,85,92,21640,1799,226561,828600
1474,86,92,21554,1793,226653,824800
1475,81,105,21473,1769,226758,823700
1476,96,82,21377,1783,226840,821100
1477,63,83,21314,1763,226923,826000
1478,96,97,21218,1762,227020,827200
1479,86,105,21132,1743,227125,830300
1480,86,94,21046,1735,227219,829200
1481,88,86,20958,1737,227305,823500
1482,92,70,20866,1759,227375,821900
1483,103,79,20763,1783,227454,821800
1484,84,109,20679,1758,227563,914000
1485,96,82,20583,1772,227645,1035400
1486,93,88,20490,1777,227733,864200
1487,88,78,20402,1787,227811,821900
1488,90,79,20312,1798,227890,834900
1489,77,90,20235,1785,227980,822900
1490,84,73,20151,1796,228053,818600
1491,78,79,20073,1795,228132,823600
1492,68,86,20005,1777,228218,829100
1493,77,77,19928,1777,228295,820600
1494,84,89,19844,1772,228384,832500
1495,71,87,19773,1756,228471,823100
1496,74,98,19699,1732,228569,827500
1497,76,88,19623,1720,228657,824800
1498,70,83,19553,1707,228740,829100
1499,87,91,19466,1703,228831,822200
1500,69,94,19397,1678,228925,820700
1501,65,81,19332,1662,229006,818900
1502,48,83,19284,1627,229089,871200
1503,76,72,19208,1631,229161,822600
1504,71,88,19137,1614,229249,824100
1505,66,88,19071,1592,229337,823400
1506,65,73,19006,1584,229410,822800
1507,68,73,18938,1579,229483,827100
1508,80,88,18858,1571,229571,833900
1509,54,73,18804,1552,229644,819100
1510,58,74,18746,1536,229718,820300
1511,62,63,18684,1535,229781,840000
1512,54,77,18630,1512,229858,821400
1513,74,82,18556,1504,229940,812600
1514,81,70,18475,1515,230010,830700
1515,63,78,18412,1500,230088,815800
1516,63,91,18349,1472,230179,821100
1517,62,84,18287,1450,230263,815000
1518,70,80,18217,1440,230343,813800
1519,72,66,18145,1446,230409,812500
1520,69,76,18076,1439,230485,1048700
1521,58,58,18018,1439,230543,841600
1522,59,84,17959,1414,230627,819500
1523,72,64,17887,1422,230691,820900
1524,52,52,17835,1422,230743,814600
1525,63,77,17772,1408,230820,809600
1526,78,78,17694,1408,230898,825000
1527,66,69,17628,1405,230967,821300
1528,71,57,17557,1419,231024,811800
1529,54,61,17503,1412,231085,819700
1530,70,60,17433,1422,231145,822500
1531,57,66,17376,1413,231211,816800
1532,63,73,17313,1403,231284,820500
1533,70,65,17243,1408,231349,816000
1534,66,59,17177,1415,231408,815900
1535,61,66,17116,1410,231474,814300
1536,51,74,17065,1387,231548,813200
1537,55,72,17010,1370,231620,808700
1538,54,61,16956,1363,231681,817300
1539,63,68,16893,1358,231749,847700
1540,55,61,16838,1352,231810,823500
1541,74,65,16764,1361,231875,822000
1542,75,56,16689,1380,231931,816700
1543,55,69,16634,1366,232000,820100
1544,61,65,16573,1362,232065,815600
1545,59,82,16514,1339,232147,822000
1546,59,64,16455,1334,232211,827100
1547,55,82,16400,1307,232293,816100
1548,52,55,16348,1304,232348,816300
1549,47,67,16301,1284,232415,829500
1550,59,53,16242,1290,232468,823500
1551,65,65,16177,1290,232533,825800
1552,68,67,16109,1291,232600,812700
1553,48,69,16061,1270,232669,812900
1554,53,67,16008,1256,232736,806400
1555,37,54,15971,1239,232790,806700
1556,69,65,15902,1243,232855,809600
1557,53,56,15849,1240,232911,803800
1558,70,71,15779,1239,232982,827200
1559,41,69,15738,1211,233051,808500
1560,63,61,15675,1213,233112,806400
1561,49,60,15626,1202,233172,814800
1562,58,58,15568,1202,233230,809100
1563,56,51,15512,1207,233281,819700
1564,54,71,15458,1190,233352,810000
1565,55,51,15403,1194,233403,811900
1566,57,63,15346,1188,233466,810400
1567,55,70,15291,1173,233536,817700
1568,45,67,15246,1151,233603,814600
1569,74,65,15172,1160,233668,807100
1570,67,50,15105,1177,233718,808600
1571,51,65,15054,1163,233783,809900
1572,66,57,14988,1172,233840,813900
1573,56,59,14932,1169,233899,815000
1574,64,59,14868,1174,233958,806900
1575,56,65,14812,1165,234023,807500
1576,53,52,14759,1166,234075,808000
1577,47,55,14712,1158,234130,810100
1578,65,62,14647,1161,234192,817300
1579,55,61,14592,1155,234253,807400
1580,69,48,14523,1176,234301,810300
1581,54,61,14469,1169,234362,808600
1582,53,55,14416,1167,234417,809100
1583,61,64,14355,1164,234481,817200
1584,65,65,14290,1164,234546,814600
1585,53,55,14237,1162,234601,814900
1586,63,61,14174,1164,234662,807400
1587,49,61,14125,1152,234723,817100
1588,61,54,14064,1159,234777,822400
1589,56,61,14008,1154,234838,809700
1590,70,53,13938,1171,234891,811600
1591,54,45,13884,1180,234936,804400
1592,45,52,13839,1173,234988,824400
1593,59,67,13780,1165,235055,806300
1594,48,48,13732,1165,235103,806800
1595,50,57,13682,1158,235160,817900
1596,54,50,13628,1162,235210,836800
1597,49,56,13579,1155,235266,1201300
1598,38,62,13541,1131,235328,947600
1599,39,63,13502,1107,235391,942500
1600,47,53,13455,1101,235444,813500
1601,53,53,13402,1101,235497,815200
1602,50,54,13352,1097,235551,810200
1603,45,70,13307,1072,235621,802500
1604,55,47,13252,1080,235668,802400
1605,66,58,13186,1088,235726,814800
1606,43,46,13143,1085,235772,804300
1607,55,61,13088,1079,235833,802900
1608,47,61,13041,1065,235894,812100
1609,46,61,12995,1050,235955,807000
1610,51,52,12944,1049,236007,819700
1611,44,55,12900,1038,236062,818300
1612,43,45,12857,1036,236107,809500
1613,48,42,12809,1042,236149,923800
1614,61,55,12748,1048,236204,803100
1615,51,46,12697,1053,236250,979500
1616,51,53,12646,1051,236303,917800
1617,49,57,12597,1043,236360,808000
1618,66,62,12531,1047,236422,804400
1619,42,46,12489,1043,236468,801700
1620,35,59,12454,1019,236527,808900
1621,50,45,12404,1024,236572,797900
1622,58,50,12346,1032,236622,808100
1623,46,48,12300,1030,236670,801900
1624,49,45,12251,1034,236715,805200
1625,48,45,12203,1037,236760,799900
1626,57,60,12146,1034,236820,803800
1627,51,44,12095,1041,236864,800200
1628,55,52,12040,1044,236916,803700
1629,51,56,11989,1039,236972,810900
1630,53,64,11936,1028,237036,799900
1631,47,45,11889,1030,237081,809800
1632,40,48,11849,1022,237129,812100
1633,49,50,11800,1021,237179,804500
1634,33,54,11767,1000,237233,799300
1635,41,53,11726,988,237286,823900
1636,45,43,11681,990,237329,802200
1637,41,58,11640,973,237387,806000
1638,37,38,11603,972,237425,800500
1639,41,39,11562,974,237464,800100
1640,44,41,11518,977,237505,800100
1641,41,47,11477,971,237552,800800
1642,32,50,11445,953,237602,805000
1643,32,47,11413,938,237649,805400
1644,33,32,11380,939,237681,793700
1645,52,62,11328,929,237743,798200
1646,36,46,11292,919,237789,797300
1647,32,45,11260,906,237834,797900
1648,45,60,11215,891,237894,800300
1649,34,40,11181,885,237934,795900
1650,37,36,11144,886,237970,796900
1651,44,43,11100,887,238013,797800
1652,42,46,11058,883,238059,795900
1653,41,48,11017,876,238107,803100
1654,40,47,10977,869,238154,807300
1655,42,49,10935,862,238203,1002300
1656,30,41,10905,851,238244,811600
1657,34,44,10871,841,238288,798800
1658,31,40,10840,832,238328,835900
1659,34,38,10806,828,238366,815800
1660,41,40,10765,829,238406,807900
1661,26,40,10739,815,238446,804000
1662,31,39,10708,807,238485,802200
1663,35,49,10673,793,238534,798000
1664,37,37,10636,793,238571,810100
1665,32,46,10604,779,238617,806900
1666,32,36,10572,775,238653,816800
1667,33,42,10539,766,238695,831800
1668,30,37,10509,759,238732,815000
1669,32,34,10477,757,238766,820500
1670,38,35,10439,760,238801,814000
1671,27,42,10412,745,238843,810600
1672,31,38,10381,738,238881,822300
1673,33,34,10348,737,238915,1045000
1674,35,42,10313,730,238957,836500
1675,37,38,10276,729,238995,794600
1676,32,33,10244,728,239028,802100
1677,34,44,10210,718,239072,799700
1678,30,41,10180,707,239113,793400
1679,31,35,10149,703,239148,796000
1680,24,44,10125,683,239192,795300
1681,35,33,10090,685,239225,791500
1682,28,33,10062,680,239258,792200
1683,30,38,10032,672,239296,795800
1684,32,28,10000,676,239324,798100
1685,45,41,9955,680,239365,795500
1686,27,31,9928,676,239396,791100
1687,29,24,9899,681,239420,798100
1688,26,35,9873,672,239455,793200
1689,32,30,9841,674,239485,791400
1690,35,33,9806,676,239518,802900
1691,35,24,9771,687,239542,879700
1692,43,28,9728,702,239570,990200
1693,38,30,9690,710,239600,1004400
1694,28,33,9662,705,239633,990900
1695,34,26,9628,713,239659,926800
1696,41,34,9587,720,239693,796600
1697,37,29,9550,728,239722,794600
1698,41,32,9509,737,239754,791800
1699,36,31,9473,742,239785,797300
1700,42,42,9431,742,239827,801200
1701,44,30,9387,756,239857,786600
1702,40,41,9347,755,239898,799500
1703,39,34,9308,760,239932,792500
1704,39,37,9269,762,239969,789600
1705,45,33,9224,774,240002,801100
1706,30,40,9194,764,240042,793200
1707,43,38,9151,769,240080,794200
1708,41,39,9110,771,240119,796600
1709,30,44,9080,757,240163,797000
1710,47,40,9033,764,240203,880300
1711,42,34,8991,772,240237,986900
1712,39,46,8952,765,240283,946400
1713,40,27,8912,778,240310,798300
1714,39,31,8873,786,240341,808100
1715,47,53,8826,780,240394,792900
1716,35,35,8791,780,240429,797700
1717,47,45,8744,782,240474,797700
1718,43,47,8701,778,240521,795500
1719,23,36,8678,765,240557,799900
1720,40,41,8638,764,240598,794500
1721,46,40,8592,770,240638,795400
1722,34,48,8558,756,240686,792900
1723,37,37,8521,756,240723,792900
1724,32,37,8489,751,240760,789800
1725,32,40,8457,743,240800,792700
1726,29,40,8428,732,240840,792600
1727,32,30,8396,734,240870,795100
1728,26,28,8370,732,240898,796800
1729,22,32,8348,722,240930,826300
1730,29,33,8319,718,240963,810800
1731,27,34,8292,711,240997,796900
1732,30,33,8262,708,241030,799000
1733,25,32,8237,701,241062,793500
1734,25,42,8212,684,241104,789700
1735,22,33,8190,673,241137,791900
1736,30,35,8160,668,241172,789900
1737,27,35,8133,660,241207,801400
1738,28,28,8105,660,241235,795000
1739,26,33,8079,653,241268,796500
1740,27,40,8052,640,241308,792400
1741,19,34,8033,625,241342,787400
1742,22,40,8011,607,241382,798700
1743,26,27,7985,606,241409,793300
1744,26,30,7959,602,241439,797000
1745,25,38,7934,589,241477,798800
1746,28,29,7906,588,241506,794700
1747,17,33,7889,572,241539,799300
1748,26,24,7863,574,241563,795500
1749,23,31,7840,566,241594,810600
1750,34,30,7806,570,241624,809700
1751,16,33,7790,553,241657,798800
1752,28,26,7762,555,241683,791800
1753,26,17,7736,564,241700,790000
1754,20,26,7716,558,241726,801200
1755,17,29,7699,546,241755,788500
1756,15,27,7684,534,241782,791000
1757,23,21,7661,536,241803,788400
1758,23,31,7638,528,241834,792200
1759,20,28,7618,520,241862,794600
1760,28,35,7590,513,241897,788900
1761,27,32,7563,508,241929,795000
1762,29,22,7534,515,241951,786000
1763,18,26,7516,507,241977,788500
1764,29,27,7487,509,242004,796500
1765,17,14,7470,512,242018,790800
1766,27,25,7443,514,242043,795300
1767,23,23,7420,514,242066,785400
1768,31,27,7389,518,242093,937400
1769,21,33,7368,506,242126,981800
1770,20,28,7348,498,242154,797300
1771,24,28,7324,494,242182,791300
1772,16,23,7308,487,242205,795600
1773,15,24,7293,478,242229,785800
1774,21,25,7272,474,242254,783300
1775,28,14,7244,488,242268,789600
1776,25,20,7219,493,242288,787400
1777,28,20,7191,501,242308,786500
1778,24,22,7167,503,242330,790000
1779,31,27,7136,507,242357,789000
1780,27,23,7109,511,242380,788400
1781,23,17,7086,517,242397,788300
1782,19,25,7067,511,242422,801400
1783,29,30,7038,510,242452,790100
1784,24,26,7014,508,242478,788700
1785,28,24,6986,512,242502,785400
1786,30,26,6956,516,242528,914600
1787,29,28,6927,517,242556,1088800
1788,28,24,6899,521,242580,855600
1789,31,22,6868,530,242602,786100
1790,24,27,6844,527,242629,788000
1791,29,36,6815,520,242665,789400
1792,27,32,6788,515,242697,787600
1793,24,20,6764,519,242717,794000
1794,32,25,6732,526,242742,791800
1795,28,22,6704,532,242764,799600
1796,25,25,6679,532,242789,786700
1797,34,29,6645,537,242818,783700
1798,24,25,6621,536,242843,786300
1799,24,31,6597,529,242874,783800
1800,31,24,6566,536,242898,791800
1801,29,28,6537,537,242926,784900
1802,21,27,6516,531,242953,789100
1803,26,36,6490,521,242989,784700
1804,19,34,6471,506,243023,785400
1805,32,26,6439,512,243049,798900
1806,32,19,6407,525,243068,786700
1807,28,26,6379,527,243094,793100
1808,25,19,6354,533,243113,785500
1809,30,24,6324,539,243137,784400
1810,23,33,6301,529,243170,788000
1811,18,22,6283,525,243192,789400
1812,22,26,6261,521,243218,790800
1813,19,31,6242,509,243249,785900
1814,20,28,6222,501,243277,793600
1815,15,26,6207,490,243303,781700
1816,14,30,6193,474,243333,783500
1817,22,30,6171,466,243363,786900
1818,20,27,6151,459,243390,782600
1819,21,25,6130,455,243415,790800
1820,22,15,6108,462,243430,786400
1821,16,27,6092,451,243457,784300
1822,19,18,6073,452,243475,789100
1823,15,24,6058,443,243499,788300
1824,20,22,6038,441,243521,792800
1825,25,20,6013,446,243541,787800
1826,16,17,5997,445,243558,820200
1827,20,19,5977,446,243577,783700
1828,23,18,5954,451,243595,793800
1829,16,28,5938,439,243623,787400
1830,23,25,5915,437,243648,787800
1831,15,21,5900,431,243669,780200
1832,23,20,5877,434,243689,786400
1833,24,20,5853,438,243709,803100
1834,19,14,5834,443,243723,795100
1835,29,18,5805,454,243741,783900
1836,23,21,5782,456,243762,786100
1837,26,16,5756,466,243778,795600
1838,19,26,5737,459,243804,791800
1839,27,20,5710,466,243824,786600
1840,22,23,5688,465,243847,791300
1841,15,25,5673,455,243872,782000
1842,23,19,5650,459,243891,783900
1843,21,25,5629,455,243916,794500
1844,20,17,5609,458,243933,783000
1845,19,18,5590,459,243951,789600
1846,19,23,5571,455,243974,800900
1847,24,17,5547,462,243991,787300
1848,23,25,5524,460,244016,783600
1849,23,22,5501,461,244038,784800
1850,24,20,5477,465,244058,779900
1851,19,20,5458,464,244078,783500
1852,23,20,5435,467,244098,791000
1853,32,23,5403,476,244121,783200
1854,19,26,5384,469,244147,786200
1855,19,20,5365,468,244167,783300
1856,22,18,5343,472,244185,785500
1857,19,25,5324,466,244210,785400
1858,19,27,5305,458,244237,784400
1859,19,18,5286,459,244255,786300
1860,16,29,5270,446,244284,782600
1861,22,21,5248,447,244305,785100
1862,20,25,5228,442,244330,809300
1863,16,23,5212,435,244353,783700
1864,18,26,5194,427,244379,783500
1865,22,16,5172,433,244395,784600
1866,22,22,5150,433,244417,812200
1867,13,29,5137,417,244446,783000
1868,17,19,5120,415,244465,786600
1869,20,23,5100,412,244488,782200
1870,16,27,5084,401,244515,892000
1871,23,19,5061,405,244534,785000
1872,17,16,5044,406,244550,779700
1873,11,16,5033,401,244566,788900
1874,15,18,5018,398,244584,785500
1875,15,17,5003,396,244601,784200
1876,19,25,4984,390,244626,794900
1877,17,28,4967,379,244654,787300
1878,16,14,4951,381,244668,779200
1879,14,13,4937,382,244681,785800
1880,12,22,4925,372,244703,786500
1881,16,15,4909,373,244718,782200
1882,15,16,4894,372,244734,790400
1883,16,17,4878,371,244751,789300
1884,19,19,4859,371,244770,783900
1885,14,20,4845,365,244790,780700
1886,16,19,4829,362,244809,795700
1887,18,19,4811,361,244828,785000
1888,15,19,4796,357,244847,779900
1889,13,18,4783,352,244865,787700
1890,22,15,4761,359,244880,783200
1891,14,17,4747,356,244897,782300
1892,23,19,4724,360,244916,801300
1893,12,18,4712,354,244934,786800
1894,10,23,4702,341,244957,786000
1895,14,13,4688,342,244970,780600
1896,10,17,4678,335,244987,778300
1897,11,21,4667,325,245008,784400
1898,15,20,4652,320,245028,779900
1899,8,22,4644,306,245050,787500
1900,19,10,4625,315,245060,782300
1901,12,13,4613,314,245073,780700
1902,14,15,4599,313,245088,781800
1903,18,22,4581,309,245110,782900
1904,12,20,4569,301,245130,782500
1905,10,15,4559,296,245145,903700
1906,16,14,4543,298,245159,1070200
1907,15,10,4528,303,245169,784500
1908,15,19,4513,299,245188,782100
1909,9,19,4504,289,245207,784000
1910,16,17,4488,288,245224,779700
1911,8,13,4480,283,245237,784000
1912,12,21,4468,274,245258,780700
1913,11,14,4457,271,245272,781800
1914,10,8,4447,273,245280,780100
1915,14,12,4433,275,245292,782400
1916,12,17,4421,270,245309,784100
1917,14,14,4407,270,245323,777300
1918,5,7,4402,268,245330,789800
1919,9,14,4393,263,245344,784100
1920,13,13,4380,263,245357,780900
1921,7,17,4373,253,245374,782900
1922,14,18,4359,249,245392,779800
1923,8,11,4351,246,245403,785300
1924,6,17,4345,235,245420,974100
1925,8,11,4337,232,245431,894100
1926,11,11,4326,232,245442,790800
1927,9,12,4317,229,245454,778800
1928,5,11,4312,223,245465,790100
1929,8,9,4304,222,245474,777500
1930,10,10,4294,222,245484,776700
1931,11,15,4283,218,245499,780200
1932,9,7,4274,220,245506,774200
1933,10,11,4264,219,245517,781100
1934,8,9,4256,218,245526,782300
1935,5,12,4251,211,245538,780600
1936,8,11,4243,208,245549,778800
1937,4,12,4239,200,245561,790800
1938,7,10,4232,197,245571,777000
1939,9,12,4223,194,245583,781900
1940,9,7,4214,196,245590,777200
1941,9,17,4205,188,245607,778900
1942,10,9,4195,189,245616,776300
1943,8,12,4187,185,245628,792800
1944,3,8,4184,180,245636,806400
1945,7,8,4177,179,245644,786000
1946,8,8,4169,179,245652,782500
1947,8,10,4161,177,245662,780400
1948,8,14,4153,171,245676,832600
1949,7,5,4146,173,245681,794400
1950,10,10,4136,173,245691,778900
1951,7,11,4129,169,245702,782300
1952,6,11,4123,164,245713,784600
1953,7,8,4116,163,245721,779300
1954,10,9,4106,164,245730,783500
1955,3,11,4103,156,245741,777800
1956,5,12,4098,149,245753,783000
1957,7,9,4091,147,245762,795500
1958,12,3,4079,156,245765,779800
1959,6,7,4073,155,245772,792500
1960,7,7,4066,155,245779,777900
1961,5,6,4061,154,245785,782100
1962,2,9,4059,147,245794,845400
1963,5,6,4054,146,245800,866400
1964,3,5,4051,144,245805,1052100
1965,4,5,4047,143,245810,893600
1966,5,11,4042,137,245821,935400
1967,5,9,4037,133,245830,966800
1968,6,8,4031,131,245838,996800
1969,4,5,4027,130,245843,958600
1970,3,6,4024,127,245849,800900
1971,3,5,4021,125,245854,814200
1972,4,7,4017,122,245861,825200
1973,4,9,4013,117,245870,809000
1974,2,8,4011,111,245878,807100
1975,5,4,4006,112,245882,786000
1976,2,6,4004,108,245888,782700
1977,3,8,4001,103,245896,789600
1978,3,6,3998,100,245902,776600
1979,5,4,3993,101,245906,778700
1980,1,8,3992,94,245914,774100
1981,5,1,3987,98,245915,783800
1982,3,3,3984,98,245918,833300
1983,3,6,3981,95,245924,961400
1984,5,5,3976,95,245929,882400
1985,7,7,3969,95,245936,776900
1986,3,3,3966,95,245939,785500
1987,4,3,3962,96,245942,777300
1988,4,1,3958,99,245943,778800
1989,4,6,3954,97,245949,777300
1990,3,5,3951,95,245954,778100
1991,2,3,3949,94,245957,778800
1992,0,6,3949,88,245963,774300
1993,7,4,3942,91,245967,779700
1994,6,8,3936,89,245975,778600
1995,3,6,3933,86,245981,776900
1996,2,6,3931,82,245987,779000
1997,2,2,3929,82,245989,774000
1998,5,8,3924,79,245997,775300
1999,2,3,3922,78,246000,773300
2000,4,3,3918,79,246003,779100
2001,1,7,3917,73,246010,776900
2002,3,4,3914,72,246014,792800
2003,1,5,3913,68,246019,775000
2004,4,5,3909,67,246024,781100
2005,0,2,3909,65,246026,772600
2006,2,3,3907,64,246029,772300
2007,2,3,3905,63,246032,780100
2008,1,1,3904,63,246033,772000
2009,0,0,3904,63,246033,775900
2010,4,4,3900,63,246037,780600
2011,3,2,3897,64,246039,772900
2012,0,4,3897,60,246043,779700
2013,2,1,3895,61,246044,774200
2014,0,4,3895,57,246048,773200
2015,1,1,3894,57,246049,776600
2016,3,6,3891,54,246055,770700
2017,0,3,3891,51,246058,774400
2018,1,2,3890,50,246060,771000
2019,3,4,3887,49,246064,772600
2020,0,3,3887,46,246067,770800
2021,1,1,3886,46,246068,772300
2022,3,1,3883,48,246069,770900
2023,2,4,3881,46,246073,1113400
2024,0,1,3881,45,246074,949000
2025,2,1,3879,46,246075,773800
2026,3,1,3876,48,246076,774600
2027,1,4,3875,45,246080,777200
2028,2,1,3873,46,246081,771600
2029,2,3,3871,45,246084,778600
2030,2,4,3869,43,246088,782700
2031,2,3,3867,42,246091,775800
2032,1,3,3866,40,246094,772500
2033,0,2,3866,38,246096,771800
2034,0,0,3866,38,246096,772500
2035,1,5,3865,34,246101,772100
2036,0,1,3865,33,246102,772000
2037,2,2,3863,33,246104,771900
2038,0,2,3863,31,246106,773500
2039,0,1,3863,30,246107,773200
2040,0,0,3863,30,246107,769500
2041,0,1,3863,29,246108,772200
2042,0,1,3863,28,246109,922300
2043,1,1,3862,28,246110,953600
2044,0,0,3862,28,246110,946300
2045,0,1,3862,27,246111,772500
2046,1,1,3861,27,246112,773100
2047,0,1,3861,26,246113,768400
2048,0,0,3861,26,246113,771900
2049,2,0,3859,28,246113,783600
2050,0,1,3859,27,246114,770100
2051,0,0,3859,27,246114,773600
2052,1,1,3858,27,246115,768400
2053,0,1,3858,26,246116,767900
2054,1,1,3857,26,246117,771500
2055,0,1,3857,25,246118,769300
2056,1,2,3856,24,246120,772600
2057,0,0,3856,24,246120,768900
2058,0,0,3856,24,246120,774400
2059,0,1,3856,23,246121,773200
2060,0,2,3856,21,246123,769600
2061,0,1,3856,20,246124,773600
2062,0,1,3856,19,246125,784400
2063,0,1,3856,18,246126,771200
2064,0,2,3856,16,246128,780500
2065,0,1,3856,15,246129,770300
2066,0,0,3856,15,246129,771000
2067,0,1,3856,14,246130,775000
2068,0,0,3856,14,246130,772300
2069,0,1,3856,13,246131,784700
2070,0,1,3856,12,246132,773900
2071,0,1,3856,11,246133,777400
2072,0,1,3856,10,246134,772900
2073,0,1,3856,9,246135,771400
2074,0,0,3856,9,246135,769900
2075,0,0,3856,9,246135,774100
2076,0,0,3856,9,246135,771800
2077,0,0,3856,9,246135,773900
2078,0,0,3856,9,246135,774400
2079,0,0,3856,9,246135,771900
2080,0,0,3856,9,246135,776200
2081,0,1,3856,8,246136,775800
2082,0,0,3856,8,246136,881200
2083,0,1,3856,7,246137,953100
2084,0,0,3856,7,246137,862000
2085,0,1,3856,6,246138,777600
2086,0,2,3856,4,246140,778300
2087,0,0,3856,4,246140,776400
2088,0,0,3856,4,246140,776500
2089,0,0,3856,4,246140,772300
2090,0,0,3856,4,246140,769900
2091,0,1,3856,3,246141,772400
2092,0,0,3856,3,246141,927800
2093,0,0,3856,3,246141,805600
2094,0,0,3856,3,246141,772200
2095,0,0,3856,3,246141,772100
2096,0,1,3856,2,246142,777400
2097,0,0,3856,2,246142,771600
2098,0,0,3856,2,246142,774500
2099,0,0,3856,2,246142,783700
2100,0,0,3856,2,246142,784500
2101,0,0,3856,2,246142,785100
2102,0,0,3856,2,246142,773700
2103,0,0,3856,2,246142,775800
2104,0,0,3856,2,246142,776100
2105,0,2,3856,0,246144,784900
