Tick,NewlyInfected,NewlyRecovered,TotalSusceptible,TotalInfected,TotalRecovered,StepTimeNanos
0,1,0,249994,6,0,803500
1,3,0,249991,9,0,813500
2,2,1,249989,10,1,815300
3,1,1,249988,10,2,785300
4,3,0,249985,13,2,794700
5,3,0,249982,16,2,780400
6,2,1,249980,17,3,785500
7,1,0,249979,18,3,781400
8,6,1,249973,23,4,793000
9,4,0,249969,27,4,799900
10,9,1,249960,35,5,790300
11,9,2,249951,42,7,808400
12,10,1,249941,51,8,800600
13,7,2,249934,56,10,1223100
14,9,2,249925,63,12,994800
15,8,1,249917,70,13,916400
16,12,3,249905,79,16,791600
17,10,2,249895,87,18,787500
18,9,1,249886,95,19,822700
19,11,6,249875,100,25,803000
20,15,5,249860,110,30,956000
21,16,5,249844,121,35,807800
22,9,2,249835,128,37,797900
23,10,4,249825,134,41,787700
24,15,9,249810,140,50,796900
25,9,9,249801,140,59,822200
26,12,10,249789,142,69,799000
27,15,12,249774,145,81,802500
28,16,12,249758,149,93,801500
29,12,7,249746,154,100,784700
30,9,13,249737,150,113,800500
31,16,5,249721,161,118,799500
32,11,11,249710,161,129,800100
33,15,10,249695,166,139,960600
34,15,11,249680,170,150,804600
35,9,3,249671,176,153,834400
36,13,5,249658,184,158,819500
37,16,2,249642,198,160,819200
38,23,12,249619,209,172,799800
39,16,16,249603,209,188,943000
40,17,13,249586,213,201,806300
41,20,12,249566,221,213,801800
42,20,15,249546,226,228,900000
43,23,12,249523,237,240,883100
44,25,13,249498,249,253,855600
45,25,11,249473,263,264,857100
46,20,13,249453,270,277,845500
47,23,12,249430,281,289,852200
48,32,14,249398,299,303,861400
49,21,13,249377,307,316,864800
50,29,12,249348,324,328,984500
51,25,16,249323,333,344,1005200
52,34,22,249289,345,366,1082700
53,27,18,249262,354,384,948300
54,36,16,249226,374,400,853400
55,27,18,249199,383,418,805900
56,31,21,249168,393,439,821100
57,23,20,249145,396,459,823200
58,30,22,249115,404,481,845900
59,42,21,249073,425,502,855500
60,31,9,249042,447,511,842700
61,30,28,249012,449,539,827100
62,36,27,248976,458,566,822700
63,18,15,248958,461,581,893000
64,32,19,248926,474,600,859200
65,36,19,248890,491,619,891200
66,41,23,248849,509,642,846700
67,44,27,248805,526,669,808200
68,49,28,248756,547,697,808700
69,34,24,248722,557,721,952700
70,48,25,248674,580,746,860600
71,50,16,248624,614,762,847300
72,40,35,248584,619,797,844000
73,45,29,248539,635,826,809900
74,35,32,248504,638,858,819000
75,37,24,248467,651,882,1002500
76,59,35,248408,675,917,859800
77,53,41,248355,687,958,856000
78,49,30,248306,706,988,812900
79,60,38,248246,728,1026,828400
80,56,42,248190,742,1068,815900
81,62,39,248128,765,1107,1221300
82,60,21,248068,804,1128,813600
83,63,36,248005,831,1164,823700
84,55,36,247950,850,1200,863800
85,52,48,247898,854,1248,935200
86,57,50,247841,861,1298,819600
87,56,44,247785,873,1342,818800
88,55,50,247730,878,1392,809300
89,72,38,247658,912,1430,819800
90,66,52,247592,926,1482,841000
91,51,44,247541,933,1526,826800
92,61,45,247480,949,1571,812800
93,77,42,247403,984,1613,819200
94,70,61,247333,993,1674,816300
95,66,51,247267,1008,1725,823600
96,61,55,247206,1014,1780,816200
97,64,39,247142,1039,1819,834700
98,57,56,247085,1040,1875,828400
99,64,45,247021,1059,1920,830300
100,55,49,246966,1065,1969,828300
101,61,51,246905,1075,2020,823700
102,52,48,246853,1079,2068,818400
103,59,63,246794,1075,2131,829500
104,69,47,246725,1097,2178,817400
105,66,37,246659,1126,2215,818200
106,60,62,246599,1124,2277,829000
107,70,60,246529,1134,2337,826300
108,70,67,246459,1137,2404,823400
109,70,60,246389,1147,2464,829800
110,73,52,246316,1168,2516,832500
111,62,61,246254,1169,2577,834500
112,80,52,246174,1197,2629,823800
113,93,53,246081,1237,2682,821700
114,86,65,245995,1258,2747,842700
115,67,75,245928,1250,2822,835500
116,64,59,245864,1255,2881,836300
117,70,63,245794,1262,2944,830400
118,73,57,245721,1278,3001,833100
119,73,71,245648,1280,3072,831800
120,86,63,245562,1303,3135,838200
121,74,64,245488,1313,3199,834800
122,86,61,245402,1338,3260,829300
123,84,67,245318,1355,3327,832000
124,93,68,245225,1380,3395,832400
125,97,59,245128,1418,3454,837000
126,86,78,245042,1426,3532,838300
127,91,72,244951,1445,3604,838300
128,73,65,244878,1453,3669,835500
129,87,69,244791,1471,3738,838300
130,87,74,244704,1484,3812,837200
131,96,69,244608,1511,3881,961700
132,85,83,244523,1513,3964,1029800
133,99,76,244424,1536,4040,844200
134,92,56,244332,1572,4096,841800
135,78,88,244254,1562,4184,852800
136,100,69,244154,1593,4253,840300
137,87,90,244067,1590,4343,845600
138,90,71,243977,1609,4414,834900
139,93,83,243884,1619,4497,846500
140,97,74,243787,1642,4571,845000
141,99,90,243688,1651,4661,844500
142,105,101,243583,1655,4762,838500
143,88,88,243495,1655,4850,844400
144,87,71,243408,1671,4921,838300
145,103,77,243305,1697,4998,846500
146,94,93,243211,1698,5091,846600
147,102,83,243109,1717,5174,853400
148,97,84,243012,1730,5258,884300
149,113,88,242899,1755,5346,860300
150,111,89,242788,1777,5435,854300
151,82,92,242706,1767,5527,871400
152,95,91,242611,1771,5618,864200
153,98,82,242513,1787,5700,852400
154,104,81,242409,1810,5781,856200
155,116,95,242293,1831,5876,852800
156,101,88,242192,1844,5964,855000
157,97,105,242095,1836,6069,855900
158,108,106,241987,1838,6175,865600
159,105,101,241882,1842,6276,865700
160,110,87,241772,1865,6363,854000
161,110,96,241662,1879,6459,860500
162,125,87,241537,1917,6546,854200
163,104,96,241433,1925,6642,862400
164,113,92,241320,1946,6734,917600
165,126,93,241194,1979,6827,859700
166,108,102,241086,1985,6929,880600
167,106,103,240980,1988,7032,872500
168,108,103,240872,1993,7135,868000
169,113,100,240759,2006,7235,857400
170,100,99,240659,2007,7334,867800
171,129,99,240530,2037,7433,866900
172,133,96,240397,2074,7529,871400
173,120,112,240277,2082,7641,861700
174,131,110,240146,2103,7751,869300
175,120,98,240026,2125,7849,859600
176,104,111,239922,2118,7960,862800
177,120,99,239802,2139,8059,860300
178,116,114,239686,2141,8173,869900
179,117,105,239569,2153,8278,861400
180,115,115,239454,2153,8393,887400
181,120,103,239334,2170,8496,865600
182,123,114,239211,2179,8610,883900
183,133,85,239078,2227,8695,864400
184,142,108,238936,2261,8803,875700
185,131,115,238805,2277,8918,870700
186,123,109,238682,2291,9027,874100
187,123,111,238559,2303,9138,867600
188,127,133,238432,2297,9271,862700
189,127,111,238305,2313,9382,866400
190,132,115,238173,2330,9497,866300
191,136,105,238037,2361,9602,873800
192,122,119,237915,2364,9721,863500
193,146,109,237769,2401,9830,875700
194,134,112,237635,2423,9942,879900
195,124,109,237511,2438,10051,877100
196,157,127,237354,2468,10178,874400
197,126,139,237228,2455,10317,913600
198,147,112,237081,2490,10429,891600
199,160,129,236921,2521,10558,885900
200,146,118,236775,2549,10676,871100
201,135,137,236640,2547,10813,883300
202,141,121,236499,2567,10934,877500
203,137,125,236362,2579,11059,875200
204,134,153,236228,2560,11212,894600
205,150,155,236078,2555,11367,882800
206,140,136,235938,2559,11503,897400
207,146,119,235792,2586,11622,894600
208,131,145,235661,2572,11767,879500
209,131,145,235530,2558,11912,887200
210,120,124,235410,2554,12036,891700
211,136,118,235274,2572,12154,917200
212,121,124,235153,2569,12278,887500
213,127,119,235026,2577,12397,899300
214,135,121,234891,2591,12518,892100
215,156,129,234735,2618,12647,912700
216,131,138,234604,2611,12785,894300
217,160,132,234444,2639,12917,884400
218,137,126,234307,2650,13043,883500
219,163,128,234144,2685,13171,897800
220,152,132,233992,2705,13303,891800
221,163,138,233829,2730,13441,896900
222,148,136,233681,2742,13577,893000
223,159,145,233522,2756,13722,885100
224,133,138,233389,2751,13860,891100
225,147,121,233242,2777,13981,899000
226,178,138,233064,2817,14119,891300
227,161,145,232903,2833,14264,910200
228,159,123,232744,2869,14387,906800
229,172,142,232572,2899,14529,925200
230,167,137,232405,2929,14666,911700
231,156,152,232249,2933,14818,904800
232,172,148,232077,2957,14966,903400
233,163,157,231914,2963,15123,913900
234,153,162,231761,2954,15285,891900
235,165,149,231596,2970,15434,898500
236,149,165,231447,2954,15599,899800
237,159,156,231288,2957,15755,906700
238,139,145,231149,2951,15900,897300
239,127,126,231022,2952,16026,894400
240,143,139,230879,2956,16165,900800
241,153,140,230726,2969,16305,903000
242,165,151,230561,2983,16456,892900
243,149,174,230412,2958,16630,897400
244,162,156,230250,2964,16786,920300
245,142,147,230108,2959,16933,924400
246,128,157,229980,2930,17090,899500
247,140,145,229840,2925,17235,902400
248,155,160,229685,2920,17395,889700
249,145,151,229540,2914,17546,922600
250,143,143,229397,2914,17689,901300
251,175,122,229222,2967,17811,899200
252,161,135,229061,2993,17946,893000
253,158,158,228903,2993,18104,919000
254,161,153,228742,3001,18257,907000
255,150,143,228592,3008,18400,909500
256,138,153,228454,2993,18553,911700
257,159,155,228295,2997,18708,914700
258,160,137,228135,3020,18845,891700
259,155,143,227980,3032,18988,896400
260,157,149,227823,3040,19137,979900
261,172,151,227651,3061,19288,915200
262,188,160,227463,3089,19448,901600
263,160,147,227303,3102,19595,907600
264,147,141,227156,3108,19736,906400
265,134,135,227022,3107,19871,906400
266,166,160,226856,3113,20031,925100
267,173,151,226683,3135,20182,929800
268,157,161,226526,3131,20343,906400
269,160,146,226366,3145,20489,923800
270,175,155,226191,3165,20644,917000
271,174,169,226017,3170,20813,922500
272,146,152,225871,3164,20965,909500
273,160,161,225711,3163,21126,926200
274,155,148,225556,3170,21274,910400
275,167,155,225389,3182,21429,925700
276,202,174,225187,3210,21603,927400
277,164,143,225023,3231,21746,921400
278,168,148,224855,3251,21894,918900
279,199,158,224656,3292,22052,917200
280,177,144,224479,3325,22196,913700
281,161,175,224318,3311,22371,926400
282,163,171,224155,3303,22542,912900
283,191,152,223964,3342,22694,914400
284,167,178,223797,3331,22872,908300
285,167,187,223630,3311,23059,916600
286,176,165,223454,3322,23224,924700
287,156,182,223298,3296,23406,914700
288,171,156,223127,3311,23562,913100
289,153,169,222974,3295,23731,938300
290,156,160,222818,3291,23891,906700
291,181,174,222637,3298,24065,921900
292,151,170,222486,3279,24235,907800
293,186,171,222300,3294,24406,918700
294,157,171,222143,3280,24577,939500
295,155,158,221988,3277,24735,912500
296,169,155,221819,3291,24890,912600
297,179,182,221640,3288,25072,933800
298,167,148,221473,3307,25220,911900
299,156,178,221317,3285,25398,932300
300,141,146,221176,3280,25544,919700
301,158,178,221018,3260,25722,916100
302,147,171,220871,3236,25893,919600
303,178,156,220693,3258,26049,927700
304,163,162,220530,3259,26211,911000
305,165,176,220365,3248,26387,931200
306,177,155,220188,3270,26542,922100
307,167,157,220021,3280,26699,918300
308,155,184,219866,3251,26883,918000
309,174,161,219692,3264,27044,916300
310,156,160,219536,3260,27204,918500
311,152,168,219384,3244,27372,916900
312,159,164,219225,3239,27536,909400
313,165,147,219060,3257,27683,911700
314,156,164,218904,3249,27847,906700
315,152,152,218752,3249,27999,914500
316,169,169,218583,3249,28168,917300
317,151,166,218432,3234,28334,915100
318,141,166,218291,3209,28500,918200
319,130,170,218161,3169,28670,915100
320,168,164,217993,3173,28834,915200
321,170,163,217823,3180,28997,1117900
322,143,166,217680,3157,29163,1073500
323,144,178,217536,3123,29341,933000
324,163,157,217373,3129,29498,935800
325,160,173,217213,3116,29671,918000
326,170,141,217043,3145,29812,906500
327,129,172,216914,3102,29984,902600
328,157,154,216757,3105,30138,901800
329,154,145,216603,3114,30283,907600
330,146,171,216457,3089,30454,904300
331,155,145,216302,3099,30599,914800
332,165,140,216137,3124,30739,913000
333,151,164,215986,3111,30903,934100
334,163,164,215823,3110,31067,913500
335,155,136,215668,3129,31203,914000
336,137,146,215531,3120,31349,909300
337,153,155,215378,3118,31504,1055500
338,135,169,215243,3084,31673,1041500
339,131,164,215112,3051,31837,923000
340,156,147,214956,3060,31984,919700
341,147,154,214809,3053,32138,908400
342,172,155,214637,3070,32293,907100
343,147,167,214490,3050,32460,913100
344,153,150,214337,3053,32610,909400
345,150,156,214187,3047,32766,909100
346,143,163,214044,3027,32929,910200
347,136,155,213908,3008,33084,909900
348,167,148,213741,3027,33232,920000
349,131,133,213610,3025,33365,902100
350,158,150,213452,3033,33515,909200
351,152,155,213300,3030,33670,908100
352,139,143,213161,3026,33813,951000
353,134,151,213027,3009,33964,1153800
354,140,159,212887,2990,34123,1027800
355,134,167,212753,2957,34290,921600
356,135,147,212618,2945,34437,926900
357,134,132,212484,2947,34569,918300
358,144,153,212340,2938,34722,905800
359,147,157,212193,2928,34879,1020500
360,134,151,212059,2911,35030,913600
361,137,148,211922,2900,35178,915300
362,128,148,211794,2880,35326,906700
363,116,146,211678,2850,35472,913600
364,138,155,211540,2833,35627,909400
365,129,155,211411,2807,35782,913400
366,143,140,211268,2810,35922,911800
367,128,144,211140,2794,36066,911400
368,123,134,211017,2783,36200,1042000
369,117,144,210900,2756,36344,915700
370,144,148,210756,2752,36492,903800
371,128,152,210628,2728,36644,902100
372,130,139,210498,2719,36783,907600
373,159,114,210339,2764,36897,905700
374,142,134,210197,2772,37031,914500
375,135,152,210062,2755,37183,906500
376,132,166,209930,2721,37349,903000
377,152,134,209778,2739,37483,903000
378,157,154,209621,2742,37637,920600
379,151,141,209470,2752,37778,928800
380,158,139,209312,2771,37917,904000
381,153,143,209159,2781,38060,914200
382,156,136,209003,2801,38196,908400
383,146,153,208857,2794,38349,900600
384,167,139,208690,2822,38488,923100
385,168,151,208522,2839,38639,917400
386,163,147,208359,2855,38786,913600
387,168,146,208191,2877,38932,921500
388,154,174,208037,2857,39106,911400
389,172,148,207865,2881,39254,910200
390,155,142,207710,2894,39396,911700
391,155,165,207555,2884,39561,910700
392,134,164,207421,2854,39725,926900
393,156,152,207265,2858,39877,944300
394,154,159,207111,2853,40036,916800
395,155,131,206956,2877,40167,920700
396,155,137,206801,2895,40304,916700
397,152,137,206649,2910,40441,910400
398,153,153,206496,2910,40594,909300
399,167,143,206329,2934,40737,911100
400,164,141,206165,2957,40878,909300
401,148,130,206017,2975,41008,924300
402,166,164,205851,2977,41172,908800
403,147,153,205704,2971,41325,919600
404,176,143,205528,3004,41468,911800
405,145,161,205383,2988,41629,914600
406,168,142,205215,3014,41771,912500
407,161,158,205054,3017,41929,913900
408,172,159,204882,3030,42088,921500
409,153,133,204729,3050,42221,910600
410,186,151,204543,3085,42372,917400
411,180,165,204363,3100,42537,913000
412,164,168,204199,3096,42705,917500
413,164,161,204035,3099,42866,920300
414,164,160,203871,3103,43026,922500
415,166,163,203705,3106,43189,915000
416,165,179,203540,3092,43368,926300
417,172,134,203368,3130,43502,1240800
418,177,157,203191,3150,43659,1077200
419,172,164,203019,3158,43823,946500
420,172,144,202847,3186,43967,924400
421,150,155,202697,3181,44122,937300
422,166,151,202531,3196,44273,934000
423,172,165,202359,3203,44438,945100
424,176,156,202183,3223,44594,937400
425,174,160,202009,3237,44754,931100
426,162,166,201847,3233,44920,924300
427,176,147,201671,3262,45067,929200
428,199,177,201472,3284,45244,936600
429,172,136,201300,3320,45380,938500
430,202,173,201098,3349,45553,932700
431,166,174,200932,3341,45727,935400
432,185,167,200747,3359,45894,1134600
433,177,164,200570,3372,46058,1147000
434,182,191,200388,3363,46249,998500
435,155,187,200233,3331,46436,964800
436,153,154,200080,3330,46590,958200
437,162,156,199918,3336,46746,974400
438,172,168,199746,3340,46914,970300
439,202,138,199544,3404,47052,952700
440,170,137,199374,3437,47189,941700
441,171,175,199203,3433,47364,946700
442,171,155,199032,3449,47519,936600
443,169,162,198863,3456,47681,941600
444,176,160,198687,3472,47841,945100
445,170,176,198517,3466,48017,940700
446,173,180,198344,3459,48197,933500
447,170,163,198174,3466,48360,1445100
448,150,155,198024,3461,48515,1052000
449,164,170,197860,3455,48685,946200
450,155,161,197705,3449,48846,945300
451,158,201,197547,3406,49047,940400
452,156,179,197391,3383,49226,937800
453,180,164,197211,3399,49390,939400
454,187,151,197024,3435,49541,940400
455,192,192,196832,3435,49733,948300
456,192,161,196640,3466,49894,935400
457,168,180,196472,3454,50074,956000
458,180,188,196292,3446,50262,944600
459,170,155,196122,3461,50417,938200
460,177,151,195945,3487,50568,939200
461,194,139,195751,3542,50707,957100
462,187,185,195564,3544,50892,1251700
463,186,176,195378,3554,51068,961600
464,192,176,195186,3570,51244,948700
465,215,168,194971,3617,51412,945600
466,166,166,194805,3617,51578,957900
467,184,183,194621,3618,51761,943900
468,176,158,194445,3636,51919,942100
469,185,203,194260,3618,52122,948200
470,178,175,194082,3621,52297,939600
471,177,191,193905,3607,52488,945400
472,183,172,193722,3618,52660,942500
473,170,180,193552,3608,52840,944800
474,193,182,193359,3619,53022,942400
475,163,190,193196,3592,53212,939500
476,189,200,193007,3581,53412,961000
477,169,177,192838,3573,53589,1136600
478,159,166,192679,3566,53755,1055500
479,194,165,192485,3595,53920,937600
480,174,186,192311,3583,54106,947300
481,194,169,192117,3608,54275,952400
482,163,201,191954,3570,54476,969100
483,147,186,191807,3531,54662,959000
484,173,186,191634,3518,54848,951100
485,164,188,191470,3494,55036,968100
486,172,178,191298,3488,55214,969900
487,176,169,191122,3495,55383,951000
488,147,186,190975,3456,55569,947900
489,187,176,190788,3467,55745,946100
490,142,184,190646,3425,55929,956200
491,187,189,190459,3423,56118,951700
492,168,191,190291,3400,56309,947500
493,177,166,190114,3411,56475,938400
494,185,193,189929,3403,56668,961100
495,168,196,189761,3375,56864,950300
496,146,181,189615,3340,57045,948800
497,182,178,189433,3344,57223,960900
498,164,182,189269,3326,57405,952500
499,168,162,189101,3332,57567,951800
500,174,179,188927,3327,57746,957200
501,180,171,188747,3336,57917,944000
502,189,163,188558,3362,58080,951900
503,182,177,188376,3367,58257,946400
504,166,175,188210,3358,58432,945000
505,178,170,188032,3366,58602,946500
506,179,181,187853,3364,58783,1209400
507,171,174,187682,3361,58957,958400
508,177,155,187505,3383,59112,969400
509,168,189,187337,3362,59301,964300
510,163,174,187174,3351,59475,959000
511,180,147,186994,3384,59622,962500
512,168,173,186826,3379,59795,990400
513,174,161,186652,3392,59956,976000
514,179,181,186473,3390,60137,960200
515,164,140,186309,3414,60277,970200
516,172,140,186137,3446,60417,979600
517,165,186,185972,3425,60603,976900
518,192,186,185780,3431,60789,970400
519,182,161,185598,3452,60950,973700
520,180,169,185418,3463,61119,971800
521,159,175,185259,3447,61294,995100
522,181,157,185078,3471,61451,976800
523,171,170,184907,3472,61621,960900
524,177,185,184730,3464,61806,963900
525,168,166,184562,3466,61972,965700
526,169,177,184393,3458,62149,986900
527,168,168,184225,3458,62317,991700
528,190,170,184035,3478,62487,968300
529,186,159,183849,3505,62646,971300
530,175,153,183674,3527,62799,956100
531,185,186,183489,3526,62985,957000
532,197,170,183292,3553,63155,983100
533,191,169,183101,3575,63324,961900
534,170,176,182931,3569,63500,960300
535,170,188,182761,3551,63688,961800
536,159,187,182602,3523,63875,1003900
537,153,172,182449,3504,64047,971700
538,170,172,182279,3502,64219,966000
539,181,178,182098,3505,64397,972800
540,161,157,181937,3509,64554,967700
541,174,159,181763,3524,64713,953100
542,192,172,181571,3544,64885,971900
543,195,187,181376,3552,65072,973800
544,207,168,181169,3591,65240,979500
545,177,198,180992,3570,65438,985700
546,203,170,180789,3603,65608,980200
547,177,187,180612,3593,65795,974300
548,187,185,180425,3595,65980,962200
549,184,195,180241,3584,66175,960100
550,191,198,180050,3577,66373,975800
551,176,168,179874,3585,66541,1018400
552,195,180,179679,3600,66721,1036500
553,180,173,179499,3607,66894,979700
554,185,163,179314,3629,67057,983000
555,163,179,179151,3613,67236,959100
556,189,172,178962,3630,67408,968300
557,159,171,178803,3618,67579,976600
558,186,165,178617,3639,67744,963800
559,205,189,178412,3655,67933,971200
560,180,180,178232,3655,68113,969300
561,176,177,178056,3654,68290,967700
562,176,204,177880,3626,68494,960300
563,185,187,177695,3624,68681,966500
564,180,187,177515,3617,68868,972700
565,173,158,177342,3632,69026,980400
566,171,178,177171,3625,69204,972600
567,195,169,176976,3651,69373,1008300
568,189,194,176787,3646,69567,966300
569,214,198,176573,3662,69765,985500
570,173,170,176400,3665,69935,960900
571,182,204,176218,3643,70139,970700
572,187,189,176031,3641,70328,996000
573,191,168,175840,3664,70496,973400
574,188,179,175652,3673,70675,972700
575,192,169,175460,3696,70844,977200
576,173,193,175287,3676,71037,987900
577,193,177,175094,3692,71214,999600
578,205,178,174889,3719,71392,976200
579,209,176,174680,3752,71568,978000
580,204,196,174476,3760,71764,1003100
581,189,174,174287,3775,71938,1015200
582,179,176,174108,3778,72114,999200
583,192,188,173916,3782,72302,1009200
584,189,185,173727,3786,72487,982200
585,194,197,173533,3783,72684,995100
586,186,191,173347,3778,72875,980400
587,193,203,173154,3768,73078,1004200
588,206,184,172948,3790,73262,977500
589,173,193,172775,3770,73455,982300
590,184,175,172591,3779,73630,971700
591,185,170,172406,3794,73800,983400
592,195,190,172211,3799,73990,965900
593,167,194,172044,3772,74184,975300
594,186,196,171858,3762,74380,970800
595,190,195,171668,3757,74575,976400
596,174,187,171494,3744,74762,1043700
597,194,209,171300,3729,74971,1142800
598,163,184,171137,3708,75155,1009600
599,171,168,170966,3711,75323,1265800
600,183,169,170783,3725,75492,1228700
601,189,185,170594,3729,75677,994800
602,167,171,170427,3725,75848,975700
603,196,207,170231,3714,76055,968100
604,157,186,170074,3685,76241,986900
605,170,181,169904,3674,76422,982600
606,180,178,169724,3676,76600,970000
607,172,174,169552,3674,76774,981700
608,173,192,169379,3655,76966,967200
609,196,159,169183,3692,77125,978600
610,173,192,169010,3673,77317,971500
611,156,184,168854,3645,77501,1044700
612,178,182,168676,3641,77683,979300
613,178,189,168498,3630,77872,999200
614,176,190,168322,3616,78062,981200
615,164,165,168158,3615,78227,986700
616,167,195,167991,3587,78422,964300
617,184,182,167807,3589,78604,959700
618,193,187,167614,3595,78791,973100
619,187,185,167427,3597,78976,958700
620,184,164,167243,3617,79140,964900
621,205,187,167038,3635,79327,961100
622,185,170,166853,3650,79497,978900
623,198,176,166655,3672,79673,964700
624,195,180,166460,3687,79853,963300
625,169,193,166291,3663,80046,1131800
626,200,188,166091,3675,80234,1025400
627,163,199,165928,3639,80433,972500
628,188,179,165740,3648,80612,972900
629,191,181,165549,3658,80793,968700
630,185,195,165364,3648,80988,968500
631,202,164,165162,3686,81152,977700
632,178,192,164984,3672,81344,960600
633,201,188,164783,3685,81532,981100
634,183,169,164600,3699,81701,959800
635,181,168,164419,3712,81869,964400
636,187,172,164232,3727,82041,975500
637,209,178,164023,3758,82219,982600
638,206,180,163817,3784,82399,982400
639,192,212,163625,3764,82611,1017000
640,176,188,163449,3752,82799,984200
641,195,181,163254,3766,82980,1278500
642,188,199,163066,3755,83179,1075200
643,186,200,162880,3741,83379,1219200
644,187,190,162693,3738,83569,1065300
645,182,179,162511,3741,83748,1075900
646,181,175,162330,3747,83923,1072000
647,168,163,162162,3752,84086,1077200
648,166,182,161996,3736,84268,1068200
649,188,183,161808,3741,84451,1059200
650,187,200,161621,3728,84651,1070700
651,197,173,161424,3752,84824,1066700
652,165,194,161259,3723,85018,1182300
653,188,186,161071,3725,85204,1183200
654,183,178,160888,3730,85382,1067400
655,168,199,160720,3699,85581,1094800
656,176,186,160544,3689,85767,1154900
657,198,187,160346,3700,85954,1179400
658,167,170,160179,3697,86124,1112200
659,181,164,159998,3714,86288,1097000
660,192,193,159806,3713,86481,1383000
661,195,168,159611,3740,86649,1120200
662,191,197,159420,3734,86846,984400
663,186,190,159234,3730,87036,969900
664,155,179,159079,3706,87215,975900
665,197,187,158882,3716,87402,967300
666,156,186,158726,3686,87588,1025300
667,168,185,158558,3669,87773,972800
668,190,189,158368,3670,87962,968400
669,156,172,158212,3654,88134,1140000
670,175,189,158037,3640,88323,1220200
671,183,165,157854,3658,88488,986500
672,167,207,157687,3618,88695,971100
673,175,178,157512,3615,88873,962900
674,176,206,157336,3585,89079,970000
675,166,173,157170,3578,89252,993600
676,181,193,156989,3566,89445,982500
677,190,184,156799,3572,89629,969700
678,157,196,156642,3533,89825,971200
679,152,169,156490,3516,89994,965600
680,160,192,156330,3484,90186,979500
681,165,164,156165,3485,90350,958300
682,174,185,155991,3474,90535,964100
683,179,177,155812,3476,90712,967100
684,165,197,155647,3444,90909,1125900
685,162,177,155485,3429,91086,1076200
686,168,198,155317,3399,91284,959400
687,179,155,155138,3423,91439,971400
688,171,178,154967,3416,91617,950200
689,168,165,154799,3419,91782,954500
690,159,173,154640,3405,91955,952200
691,168,171,154472,3402,92126,1066400
692,157,174,154315,3385,92300,1040100
693,180,163,154135,3402,92463,965900
694,175,163,153960,3414,92626,950600
695,182,182,153778,3414,92808,958600
696,174,183,153604,3405,92991,959600
697,156,175,153448,3386,93166,950300
698,181,178,153267,3389,93344,968000
699,208,165,153059,3432,93509,975300
700,193,189,152866,3436,93698,960900
701,171,174,152695,3433,93872,953600
702,175,173,152520,3435,94045,960900
703,162,198,152358,3399,94243,949600
704,196,175,152162,3420,94418,949500
705,157,162,152005,3415,94580,947500
706,168,161,151837,3422,94741,958900
707,176,173,151661,3425,94914,950800
708,174,162,151487,3437,95076,952200
709,163,185,151324,3415,95261,963800
710,174,170,151150,3419,95431,961600
711,178,147,150972,3450,95578,952500
712,201,165,150771,3486,95743,949900
713,185,163,150586,3508,95906,957800
714,202,172,150384,3538,96078,986300
715,176,174,150208,3540,96252,961600
716,191,176,150017,3555,96428,954900
717,175,198,149842,3532,96626,974800
718,175,180,149667,3527,96806,954000
719,199,153,149468,3573,96959,948500
720,165,177,149303,3561,97136,947800
721,190,177,149113,3574,97313,961000
722,192,192,148921,3574,97505,954200
723,167,170,148754,3571,97675,960300
724,182,164,148572,3589,97839,951400
725,217,178,148355,3628,98017,961500
726,197,196,148158,3629,98213,971600
727,201,186,147957,3644,98399,968800
728,174,177,147783,3641,98576,960900
729,193,187,147590,3647,98763,960300
730,198,188,147392,3657,98951,1351200
731,204,208,147188,3653,99159,1022700
732,172,204,147016,3621,99363,966500
733,180,196,146836,3605,99559,965500
734,181,171,146655,3615,99730,954200
735,177,185,146478,3607,99915,970300
736,200,171,146278,3636,100086,969400
737,164,178,146114,3622,100264,971300
738,184,177,145930,3629,100441,952700
739,198,157,145732,3670,100598,957900
740,173,178,145559,3665,100776,967700
741,184,158,145375,3691,100934,978500
742,204,161,145171,3734,101095,971400
743,184,199,144987,3719,101294,964500
744,186,193,144801,3712,101487,962500
745,179,194,144622,3697,101681,985100
746,203,187,144419,3713,101868,964900
747,165,164,144254,3714,102032,963500
748,188,199,144066,3703,102231,955400
749,197,184,143869,3716,102415,955400
750,170,202,143699,3684,102617,980400
751,188,164,143511,3708,102781,996500
752,166,175,143345,3699,102956,1004200
753,185,208,143160,3676,103164,973700
754,176,193,142984,3659,103357,1015700
755,176,188,142808,3647,103545,1157100
756,174,188,142634,3633,103733,993200
757,171,189,142463,3615,103922,953800
758,177,178,142286,3614,104100,964300
759,196,194,142090,3616,104294,966300
760,173,165,141917,3624,104459,955900
761,200,179,141717,3645,104638,1174400
762,181,190,141536,3636,104828,1082800
763,183,197,141353,3622,105025,963800
764,197,171,141156,3648,105196,966600
765,167,180,140989,3635,105376,978800
766,187,191,140802,3631,105567,963500
767,152,183,140650,3600,105750,966300
768,193,174,140457,3619,105924,971400
769,189,191,140268,3617,106115,970500
770,199,169,140069,3647,106284,970700
771,176,206,139893,3617,106490,975600
772,195,188,139698,3624,106678,961300
773,179,175,139519,3628,106853,960800
774,201,183,139318,3646,107036,985300
775,216,158,139102,3704,107194,978100
776,177,156,138925,3725,107350,980300
777,202,186,138723,3741,107536,1071600
778,199,187,138524,3753,107723,979200
779,174,163,138350,3764,107886,964200
780,207,189,138143,3782,108075,976400
781,209,191,137934,3800,108266,960200
782,186,172,137748,3814,108438,974800
783,200,167,137548,3847,108605,958200
784,177,198,137371,3826,108803,983700
785,185,193,137186,3818,108996,972500
786,190,209,136996,3799,109205,980400
787,179,178,136817,3800,109383,983500
788,194,211,136623,3783,109594,976100
789,187,185,136436,3785,109779,957500
790,187,192,136249,3780,109971,985500
791,188,198,136061,3770,110169,1062100
792,215,192,135846,3793,110361,1046300
793,185,192,135661,3786,110553,1180700
794,190,184,135471,3792,110737,986900
795,187,174,135284,3805,110911,974200
796,212,191,135072,3826,111102,970700
797,199,179,134873,3846,111281,962700
798,217,205,134656,3858,111486,972200
799,199,194,134457,3863,111680,975600
800,213,189,134244,3887,111869,969200
801,196,197,134048,3886,112066,969700
802,186,202,133862,3870,112268,982600
803,212,212,133650,3870,112480,971100
804,198,223,133452,3845,112703,970500
805,194,204,133258,3835,112907,970600
806,192,189,133066,3838,113096,977200
807,201,204,132865,3835,113300,1042600
808,179,180,132686,3834,113480,1190600
809,200,188,132486,3846,113668,1104300
810,197,193,132289,3850,113861,985500
811,203,179,132086,3874,114040,975700
812,193,173,131893,3894,114213,975400
813,203,194,131690,3903,114407,972400
814,202,184,131488,3921,114591,971900
815,186,158,131302,3949,114749,961700
816,211,190,131091,3970,114939,971100
817,214,211,130877,3973,115150,982800
818,205,192,130672,3986,115342,981100
819,204,195,130468,3995,115537,971400
820,195,223,130273,3967,115760,970600
821,174,189,130099,3952,115949,973800
822,173,210,129926,3915,116159,979700
823,188,212,129738,3891,116371,1138700
824,179,216,129559,3854,116587,1074700
825,196,194,129363,3856,116781,974800
826,180,198,129183,3838,116979,976500
827,197,176,128986,3859,117155,963500
828,183,170,128803,3872,117325,988200
829,194,197,128609,3869,117522,970500
830,231,203,128378,3897,117725,975200
831,199,200,128179,3896,117925,978000
832,212,226,127967,3882,118151,972200
833,184,202,127783,3864,118353,975400
834,191,193,127592,3862,118546,1092200
835,172,179,127420,3855,118725,973800
836,189,187,127231,3857,118912,972100
837,200,183,127031,3874,119095,976100
838,204,188,126827,3890,119283,995400
839,183,207,126644,3866,119490,969300
840,192,191,126452,3867,119681,977400
841,182,215,126270,3834,119896,972200
842,187,178,126083,3843,120074,983900
843,204,218,125879,3829,120292,968000
844,223,179,125656,3873,120471,977300
845,200,198,125456,3875,120669,980800
846,201,194,125255,3882,120863,979000
847,174,214,125081,3842,121077,970300
848,202,187,124879,3857,121264,979400
849,181,202,124698,3836,121466,978300
850,156,214,124542,3778,121680,994500
851,193,173,124349,3798,121853,972000
852,199,182,124150,3815,122035,969300
853,195,195,123955,3815,122230,968600
854,194,163,123761,3846,122393,1005300
855,177,198,123584,3825,122591,973400
856,185,181,123399,3829,122772,971700
857,172,170,123227,3831,122942,968200
858,190,183,123037,3838,123125,985600
859,171,210,122866,3799,123335,974600
860,193,203,122673,3789,123538,961900
861,204,199,122469,3794,123737,974200
862,201,177,122268,3818,123914,972400
863,170,183,122098,3805,124097,965700
864,195,207,121903,3793,124304,965100
865,198,178,121705,3813,124482,993600
866,189,182,121516,3820,124664,960400
867,215,176,121301,3859,124840,974000
868,200,201,121101,3858,125041,979800
869,203,201,120898,3860,125242,976200
870,190,185,120708,3865,125427,1024100
871,175,190,120533,3850,125617,976400
872,218,204,120315,3864,125821,972100
873,219,222,120096,3861,126043,1008100
874,181,209,119915,3833,126252,974600
875,180,196,119735,3817,126448,974400
876,184,189,119551,3812,126637,960900
877,183,196,119368,3799,126833,965800
878,188,170,119180,3817,127003,970900
879,193,197,118987,3813,127200,974500
880,205,200,118782,3818,127400,978700
881,187,192,118595,3813,127592,976500
882,165,205,118430,3773,127797,974100
883,182,211,118248,3744,128008,969400
884,199,190,118049,3753,128198,967800
885,186,186,117863,3753,128384,990700
886,190,171,117673,3772,128555,971300
887,194,174,117479,3792,128729,976300
888,197,199,117282,3790,128928,985800
889,191,186,117091,3795,129114,977700
890,198,194,116893,3799,129308,969400
891,216,215,116677,3800,129523,975200
892,197,165,116480,3832,129688,971800
893,194,195,116286,3831,129883,1002800
894,204,191,116082,3844,130074,977800
895,209,200,115873,3853,130274,1018200
896,221,187,115652,3887,130461,989900
897,196,174,115456,3909,130635,987000
898,205,193,115251,3921,130828,969500
899,171,175,115080,3917,131003,972900
900,188,197,114892,3908,131200,992800
901,181,188,114711,3901,131388,1013600
902,192,203,114519,3890,131591,984800
903,202,193,114317,3899,131784,1001300
904,215,202,114102,3912,131986,977900
905,217,181,113885,3948,132167,990900
906,188,197,113697,3939,132364,979900
907,216,189,113481,3966,132553,987300
908,196,195,113285,3967,132748,983900
909,193,196,113092,3964,132944,983200
910,193,190,112899,3967,133134,983600
911,199,180,112700,3986,133314,1068300
912,209,196,112491,3999,133510,1079600
913,187,196,112304,3990,133706,1002200
914,166,197,112138,3959,133903,985800
915,212,217,111926,3954,134120,986700
916,199,196,111727,3957,134316,1126600
917,174,196,111553,3935,134512,1176300
918,195,190,111358,3940,134702,990700
919,204,198,111154,3946,134900,979800
920,201,186,110953,3961,135086,979500
921,185,210,110768,3936,135296,984900
922,177,186,110591,3927,135482,984500
923,204,178,110387,3953,135660,976900
924,191,207,110196,3937,135867,982600
925,187,194,110009,3930,136061,977800
926,188,209,109821,3909,136270,975100
927,203,183,109618,3929,136453,986500
928,199,203,109419,3925,136656,987300
929,206,187,109213,3944,136843,989200
930,214,230,108999,3928,137073,987300
931,188,208,108811,3908,137281,987500
932,191,190,108620,3909,137471,999100
933,208,189,108412,3928,137660,988800
934,197,201,108215,3924,137861,990700
935,187,180,108028,3931,138041,989500
936,208,178,107820,3961,138219,999900
937,222,215,107598,3968,138434,1103700
938,216,183,107382,4001,138617,999100
939,195,204,107187,3992,138821,992200
940,197,198,106990,3991,139019,982600
941,193,202,106797,3982,139221,986000
942,227,181,106570,4028,139402,984300
943,209,201,106361,4036,139603,989100
944,227,184,106134,4079,139787,999200
945,212,213,105922,4078,140000,990400
946,227,195,105695,4110,140195,988400
947,202,196,105493,4116,140391,1376700
948,202,229,105291,4089,140620,1243700
949,215,164,105076,4140,140784,1031800
950,185,205,104891,4120,140989,991800
951,188,212,104703,4096,141201,992300
952,200,178,104503,4118,141379,986900
953,199,229,104304,4088,141608,989300
954,199,209,104105,4078,141817,985100
955,228,197,103877,4109,142014,990700
956,193,221,103684,4081,142235,984300
957,204,199,103480,4086,142434,987700
958,198,194,103282,4090,142628,990000
959,212,229,103070,4073,142857,992900
960,221,203,102849,4091,143060,984100
961,196,218,102653,4069,143278,1003600
962,200,211,102453,4058,143489,1046800
963,200,166,102253,4092,143655,1000900
964,194,194,102059,4092,143849,990800
965,184,199,101875,4077,144048,990100
966,196,199,101679,4074,144247,990100
967,205,210,101474,4069,144457,992800
968,211,195,101263,4085,144652,986800
969,196,224,101067,4057,144876,995800
970,195,205,100872,4047,145081,987300
971,195,205,100677,4037,145286,987900
972,201,183,100476,4055,145469,979600
973,225,209,100251,4071,145678,984800
974,198,195,100053,4074,145873,982900
975,198,223,99855,4049,146096,983300
976,213,191,99642,4071,146287,983200
977,198,217,99444,4052,146504,1343100
978,172,183,99272,4041,146687,1203100
979,205,205,99067,4041,146892,980400
980,233,208,98834,4066,147100,972700
981,181,213,98653,4034,147313,977000
982,197,215,98456,4016,147528,976400
983,223,220,98233,4019,147748,981100
984,184,189,98049,4014,147937,972600
985,211,211,97838,4014,148148,985200
986,203,194,97635,4023,148342,990100
987,170,183,97465,4010,148525,972900
988,194,230,97271,3974,148755,977600
989,202,191,97069,3985,148946,976900
990,221,187,96848,4019,149133,980600
991,195,198,96653,4016,149331,977600
992,217,182,96436,4051,149513,1310700
993,220,196,96216,4075,149709,1070800
994,223,200,95993,4098,149909,991000
995,202,187,95791,4113,150096,985600
996,213,188,95578,4138,150284,983500
997,218,236,95360,4120,150520,981500
998,209,216,95151,4113,150736,979800
999,210,195,94941,4128,150931,985300
1000,213,228,94728,4113,151159,989400
1001,199,228,94529,4084,151387,982500
1002,214,221,94315,4077,151608,978000
1003,215,176,94100,4116,151784,989700
1004,215,222,93885,4109,152006,988500
1005,187,201,93698,4095,152207,997800
1006,208,198,93490,4105,152405,996100
1007,218,189,93272,4134,152594,1070700
1008,197,195,93075,4136,152789,1016600
1009,214,204,92861,4146,152993,1000400
1010,211,198,92650,4159,153191,992800
1011,218,197,92432,4180,153388,990100
1012,217,206,92215,4191,153594,988700
1013,182,206,92033,4167,153800,995700
1014,208,195,91825,4180,153995,979200
1015,202,202,91623,4180,154197,980300
1016,209,219,91414,4170,154416,981600
1017,201,201,91213,4170,154617,983700
1018,222,225,90991,4167,154842,989500
1019,215,217,90776,4165,155059,978700
1020,203,199,90573,4169,155258,987200
1021,223,221,90350,4171,155479,980300
1022,225,231,90125,4165,155710,979000
1023,188,211,89937,4142,155921,1137900
1024,194,217,89743,4119,156138,1011900
1025,211,182,89532,4148,156320,1000800
1026,216,204,89316,4160,156524,998600
1027,201,231,89115,4130,156755,1044000
1028,231,206,88884,4155,156961,996000
1029,201,218,88683,4138,157179,1000600
1030,230,215,88453,4153,157394,992700
1031,244,201,88209,4196,157595,1002100
1032,199,199,88010,4196,157794,996300
1033,223,214,87787,4205,158008,996700
1034,226,207,87561,4224,158215,995800
1035,213,225,87348,4212,158440,1015700
1036,225,217,87123,4220,158657,998500
1037,200,214,86923,4206,158871,1024100
1038,188,214,86735,4180,159085,1002900
1039,205,209,86530,4176,159294,1121000
1040,212,219,86318,4169,159513,1003900
1041,215,208,86103,4176,159721,994700
1042,202,199,85901,4179,159920,996600
1043,187,212,85714,4154,160132,989000
1044,227,207,85487,4174,160339,1016400
1045,205,223,85282,4156,160562,1012000
1046,202,201,85080,4157,160763,1011300
1047,203,202,84877,4158,160965,1021900
1048,196,200,84681,4154,161165,1053000
1049,182,209,84499,4127,161374,985900
1050,191,203,84308,4115,161577,983600
1051,170,197,84138,4088,161774,972900
1052,197,217,83941,4068,161991,1001100
1053,220,205,83721,4083,162196,985100
1054,204,178,83517,4109,162374,1010900
1055,205,209,83312,4105,162583,985700
1056,201,192,83111,4114,162775,980400
1057,212,218,82899,4108,162993,977700
1058,199,202,82700,4105,163195,986900
1059,208,211,82492,4102,163406,976200
1060,208,232,82284,4078,163638,983900
1061,216,202,82068,4092,163840,976400
1062,182,214,81886,4060,164054,977500
1063,203,190,81683,4073,164244,971700
1064,172,190,81511,4055,164434,980800
1065,197,214,81314,4038,164648,969300
1066,234,197,81080,4075,164845,1002600
1067,220,230,80860,4065,165075,992800
1068,197,201,80663,4061,165276,976500
1069,197,221,80466,4037,165497,997300
1070,191,191,80275,4037,165688,1032700
1071,184,196,80091,4025,165884,989900
1072,185,215,79906,3995,166099,986700
1073,204,200,79702,3999,166299,977900
1074,194,161,79508,4032,166460,983500
1075,216,213,79292,4035,166673,997700
1076,225,167,79067,4093,166840,988700
1077,211,202,78856,4102,167042,971900
1078,206,198,78650,4110,167240,986100
1079,209,196,78441,4123,167436,973300
1080,218,220,78223,4121,167656,976700
1081,219,208,78004,4132,167864,983200
1082,232,225,77772,4139,168089,981000
1083,218,220,77554,4137,168309,976000
1084,198,218,77356,4117,168527,978500
1085,228,205,77128,4140,168732,971400
1086,192,209,76936,4123,168941,1081600
1087,186,202,76750,4107,169143,1203100
1088,210,190,76540,4127,169333,1009200
1089,227,203,76313,4151,169536,973300
1090,196,213,76117,4134,169749,978800
1091,199,210,75918,4123,169959,972600
1092,189,206,75729,4106,170165,974300
1093,178,217,75551,4067,170382,972800
1094,200,196,75351,4071,170578,981300
1095,211,202,75140,4080,170780,989900
1096,200,206,74940,4074,170986,975100
1097,206,207,74734,4073,171193,971900
1098,182,194,74552,4061,171387,973000
1099,243,204,74309,4100,171591,968400
1100,185,197,74124,4088,171788,979200
1101,201,228,73923,4061,172016,971800
1102,183,195,73740,4049,172211,1023900
1103,215,215,73525,4049,172426,981200
1104,200,207,73325,4042,172633,970600
1105,197,199,73128,4040,172832,990800
1106,187,196,72941,4031,173028,991300
1107,198,208,72743,4021,173236,991800
1108,198,206,72545,4013,173442,977500
1109,185,203,72360,3995,173645,972500
1110,204,204,72156,3995,173849,982900
1111,205,185,71951,4015,174034,975400
1112,204,201,71747,4018,174235,964000
1113,211,200,71536,4029,174435,973100
1114,184,181,71352,4032,174616,972600
1115,195,188,71157,4039,174804,976700
1116,221,176,70936,4084,174980,970700
1117,194,220,70742,4058,175200,979600
1118,200,221,70542,4037,175421,1068600
1119,217,191,70325,4063,175612,995100
1120,197,194,70128,4066,175806,988500
1121,206,195,69922,4077,176001,974800
1122,195,199,69727,4073,176200,975600
1123,180,206,69547,4047,176406,972300
1124,192,210,69355,4029,176616,976800
1125,210,197,69145,4042,176813,970100
1126,171,224,68974,3989,177037,974600
1127,186,199,68788,3976,177236,977000
1128,193,191,68595,3978,177427,969000
1129,204,224,68391,3958,177651,970300
1130,204,193,68187,3969,177844,968600
1131,197,193,67990,3973,178037,970500
1132,207,182,67783,3998,178219,962800
1133,185,204,67598,3979,178423,971300
1134,184,179,67414,3984,178602,1017200
1135,171,202,67243,3953,178804,993900
1136,167,197,67076,3923,179001,985400
1137,170,201,66906,3892,179202,994200
1138,207,216,66699,3883,179418,994300
1139,187,186,66512,3884,179604,976200
1140,158,200,66354,3842,179804,975700
1141,164,187,66190,3819,179991,980300
1142,147,197,66043,3769,180188,974100
1143,173,198,65870,3744,180386,971300
1144,181,171,65689,3754,180557,972200
1145,164,197,65525,3721,180754,966800
1146,168,183,65357,3706,180937,973500
1147,195,197,65162,3704,181134,970200
1148,176,198,64986,3682,181332,979100
1149,172,184,64814,3670,181516,977200
1150,172,186,64642,3656,181702,976300
1151,183,162,64459,3677,181864,972800
1152,175,180,64284,3672,182044,971200
1153,180,159,64104,3693,182203,967200
1154,199,138,63905,3754,182341,970000
1155,168,193,63737,3729,182534,962000
1156,172,193,63565,3708,182727,977700
1157,191,180,63374,3719,182907,972800
1158,159,196,63215,3682,183103,970100
1159,188,193,63027,3677,183296,956600
1160,165,191,62862,3651,183487,964500
1161,158,192,62704,3617,183679,965800
1162,171,201,62533,3587,183880,969100
1163,183,174,62350,3596,184054,965500
1164,159,195,62191,3560,184249,963500
1165,187,185,62004,3562,184434,1042200
1166,151,191,61853,3522,184625,1341100
1167,158,161,61695,3519,184786,1011000
1168,175,177,61520,3517,184963,959500
1169,159,196,61361,3480,185159,957000
1170,155,189,61206,3446,185348,947000
1171,174,172,61032,3448,185520,950800
1172,157,176,60875,3429,185696,945900
1173,164,156,60711,3437,185852,945900
1174,167,149,60544,3455,186001,945400
1175,172,161,60372,3466,186162,947000
1176,169,151,60203,3484,186313,963100
1177,164,192,60039,3456,186505,950800
1178,167,188,59872,3435,186693,938800
1179,152,174,59720,3413,186867,956400
1180,183,154,59537,3442,187021,939500
1181,151,191,59386,3402,187212,1145300
1182,143,170,59243,3375,187382,1088600
1183,156,157,59087,3374,187539,959900
1184,154,168,58933,3360,187707,951300
1185,155,173,58778,3342,187880,953800
1186,157,156,58621,3343,188036,941700
1187,153,158,58468,3338,188194,941800
1188,157,168,58311,3327,188362,949100
1189,173,136,58138,3364,188498,956600
1190,148,185,57990,3327,188683,943400
1191,152,153,57838,3326,188836,947100
1192,169,161,57669,3334,188997,944500
1193,155,158,57514,3331,189155,960400
1194,158,180,57356,3309,189335,947700
1195,158,141,57198,3326,189476,974700
1196,164,171,57034,3319,189647,957100
1197,182,184,56852,3317,189831,971800
1198,161,193,56691,3285,190024,950100
1199,182,169,56509,3298,190193,959200
1200,165,180,56344,3283,190373,947400
1201,162,164,56182,3281,190537,965500
1202,153,185,56029,3249,190722,953800
1203,167,174,55862,3242,190896,953200
1204,182,180,55680,3244,191076,953400
1205,168,137,55512,3275,191213,955300
1206,143,168,55369,3250,191381,964100
1207,183,184,55186,3249,191565,952000
1208,154,159,55032,3244,191724,946700
1209,157,174,54875,3227,191898,954800
1210,150,152,54725,3225,192050,963600
1211,161,175,54564,3211,192225,952600
1212,166,149,54398,3228,192374,950900
1213,153,178,54245,3203,192552,974600
1214,164,136,54081,3231,192688,946800
1215,165,143,53916,3253,192831,945000
1216,172,172,53744,3253,193003,944700
1217,154,180,53590,3227,193183,946900
1218,164,153,53426,3238,193336,949400
1219,147,152,53279,3233,193488,949400
1220,170,154,53109,3249,193642,938700
1221,180,173,52929,3256,193815,948500
1222,169,169,52760,3256,193984,944600
1223,152,173,52608,3235,194157,945800
1224,152,154,52456,3233,194311,943000
1225,183,149,52273,3267,194460,959700
1226,174,153,52099,3288,194613,958900
1227,206,150,51893,3344,194763,944700
1228,151,167,51742,3328,194930,942200
1229,157,153,51585,3332,195083,943700
1230,164,170,51421,3326,195253,975900
1231,161,165,51260,3322,195418,966600
1232,152,168,51108,3306,195586,1010300
1233,158,173,50950,3291,195759,971600
1234,155,147,50795,3299,195906,957200
1235,165,200,50630,3264,196106,1058400
1236,160,159,50470,3265,196265,997400
1237,157,155,50313,3267,196420,977100
1238,167,162,50146,3272,196582,969000
1239,146,133,50000,3285,196715,979600
1240,177,176,49823,3286,196891,972900
1241,151,158,49672,3279,197049,1348500
1242,172,158,49500,3293,197207,1120200
1243,181,176,49319,3298,197383,937900
1244,168,159,49151,3307,197542,938500
1245,157,148,48994,3316,197690,1018100
1246,163,153,48831,3326,197843,957700
1247,156,167,48675,3315,198010,948400
1248,152,160,48523,3307,198170,946900
1249,186,151,48337,3342,198321,941100
1250,154,177,48183,3319,198498,937300
1251,140,153,48043,3306,198651,943400
1252,165,155,47878,3316,198806,933800
1253,156,164,47722,3308,198970,939100
1254,161,165,47561,3304,199135,935100
1255,147,152,47414,3299,199287,942400
1256,154,176,47260,3277,199463,943400
1257,166,152,47094,3291,199615,942600
1258,163,160,46931,3294,199775,942000
1259,165,167,46766,3292,199942,944500
1260,176,173,46590,3295,200115,935200
1261,177,138,46413,3334,200253,983100
1262,155,184,46258,3305,200437,949700
1263,153,141,46105,3317,200578,940500
1264,172,161,45933,3328,200739,942100
1265,176,150,45757,3354,200889,943000
1266,149,190,45608,3313,201079,940700
1267,158,153,45450,3318,201232,932700
1268,180,161,45270,3337,201393,939400
1269,148,181,45122,3304,201574,940100
1270,154,168,44968,3290,201742,946700
1271,163,154,44805,3299,201896,942300
1272,157,166,44648,3290,202062,944800
1273,149,151,44499,3288,202213,940700
1274,155,158,44344,3285,202371,960800
1275,174,174,44170,3285,202545,951900
1276,135,134,44035,3286,202679,946200
1277,161,161,43874,3286,202840,941700
1278,161,169,43713,3278,203009,1326200
1279,143,157,43570,3264,203166,1163800
1280,162,183,43408,3243,203349,947200
1281,152,159,43256,3236,203508,947900
1282,158,165,43098,3229,203673,937800
1283,136,183,42962,3182,203856,935700
1284,112,163,42850,3131,204019,932900
1285,122,166,42728,3087,204185,934600
1286,126,171,42602,3042,204356,936800
1287,155,140,42447,3057,204496,925500
1288,155,145,42292,3067,204641,945800
1289,129,144,42163,3052,204785,929100
1290,129,149,42034,3032,204934,933500
1291,154,161,41880,3025,205095,936600
1292,116,135,41764,3006,205230,940400
1293,133,135,41631,3004,205365,941300
1294,153,157,41478,3000,205522,942300
1295,144,130,41334,3014,205652,965900
1296,137,138,41197,3013,205790,934800
1297,136,143,41061,3006,205933,941300
1298,135,170,40926,2971,206103,927200
1299,134,139,40792,2966,206242,930300
1300,144,136,40648,2974,206378,925000
1301,148,165,40500,2957,206543,926300
1302,125,131,40375,2951,206674,937300
1303,132,144,40243,2939,206818,932100
1304,123,154,40120,2908,206972,919600
1305,143,151,39977,2900,207123,923700
1306,128,140,39849,2888,207263,918500
1307,156,151,39693,2893,207414,932800
1308,135,152,39558,2876,207566,920800
1309,131,154,39427,2853,207720,923700
1310,142,124,39285,2871,207844,932500
1311,115,143,39170,2843,207987,1192500
1312,131,129,39039,2845,208116,1061300
1313,162,151,38877,2856,208267,945100
1314,146,155,38731,2847,208422,935900
1315,155,155,38576,2847,208577,928100
1316,114,133,38462,2828,208710,927100
1317,131,135,38331,2824,208845,919800
1318,137,143,38194,2818,208988,935100
1319,131,134,38063,2815,209122,924700
1320,134,148,37929,2801,209270,926400
1321,117,145,37812,2773,209415,911900
1322,128,132,37684,2769,209547,915300
1323,132,133,37552,2768,209680,925300
1324,138,121,37414,2785,209801,925200
1325,133,139,37281,2779,209940,920400
1326,128,144,37153,2763,210084,938900
1327,131,125,37022,2769,210209,948100
1328,134,149,36888,2754,210358,936900
1329,125,137,36763,2742,210495,927000
1330,129,141,36634,2730,210636,934000
1331,121,118,36513,2733,210754,918900
1332,112,131,36401,2714,210885,935800
1333,120,132,36281,2702,211017,928800
1334,138,134,36143,2706,211151,924800
1335,134,136,36009,2704,211287,924000
1336,113,150,35896,2667,211437,921300
1337,118,141,35778,2644,211578,924200
1338,118,131,35660,2631,211709,915800
1339,127,133,35533,2625,211842,919600
1340,122,127,35411,2620,211969,922200
1341,132,115,35279,2637,212084,932000
1342,113,122,35166,2628,212206,927100
1343,121,130,35045,2619,212336,1095800
1344,140,127,34905,2632,212463,1048400
1345,124,135,34781,2621,212598,923800
1346,112,119,34669,2614,212717,933000
1347,151,124,34518,2641,212841,935000
1348,125,152,34393,2614,212993,922500
1349,129,109,34264,2634,213102,920500
1350,136,143,34128,2627,213245,935100
1351,125,137,34003,2615,213382,920900
1352,144,112,33859,2647,213494,913400
1353,123,133,33736,2637,213627,925300
1354,118,121,33618,2634,213748,910000
1355,125,133,33493,2626,213881,924900
1356,131,141,33362,2616,214022,916600
1357,120,143,33242,2593,214165,915400
1358,132,131,33110,2594,214296,909800
1359,128,140,32982,2582,214436,914300
1360,129,116,32853,2595,214552,1189700
1361,143,117,32710,2621,214669,1021700
1362,134,145,32576,2610,214814,913700
1363,127,139,32449,2598,214953,921300
1364,119,112,32330,2605,215065,916300
1365,130,118,32200,2617,215183,921800
1366,139,133,32061,2623,215316,910500
1367,129,140,31932,2612,215456,922200
1368,126,128,31806,2610,215584,912900
1369,124,107,31682,2627,215691,910700
1370,123,124,31559,2626,215815,908700
1371,127,135,31432,2618,215950,910800
1372,126,134,31306,2610,216084,917900
1373,112,123,31194,2599,216207,906600
1374,118,129,31076,2588,216336,913400
1375,106,126,30970,2568,216462,923600
1376,104,128,30866,2544,216590,913500
1377,102,104,30764,2542,216694,905300
1378,102,113,30662,2531,216807,897600
1379,119,105,30543,2545,216912,905600
1380,122,151,30421,2516,217063,909600
1381,118,124,30303,2510,217187,902200
1382,123,111,30180,2522,217298,921000
1383,108,118,30072,2512,217416,899700
1384,113,118,29959,2507,217534,908600
1385,117,115,29842,2509,217649,904200
1386,104,118,29738,2495,217767,907000
1387,130,134,29608,2491,217901,907900
1388,100,133,29508,2458,218034,902000
1389,114,117,29394,2455,218151,906000
1390,96,126,29298,2425,218277,896300
1391,78,116,29220,2387,218393,909100
1392,84,150,29136,2321,218543,917400
1393,83,117,29053,2287,218660,904700
1394,96,116,28957,2267,218776,890100
1395,86,88,28871,2265,218864,894600
1396,98,119,28773,2244,218983,901200
1397,100,114,28673,2230,219097,896900
1398,92,100,28581,2222,219197,887500
1399,106,109,28475,2219,219306,891500
1400,100,100,28375,2219,219406,897900
1401,90,112,28285,2197,219518,895700
1402,94,118,28191,2173,219636,891800
1403,104,116,28087,2161,219752,891000
1404,86,95,28001,2152,219847,901900
1405,102,120,27899,2134,219967,892800
1406,106,125,27793,2115,220092,896900
1407,102,109,27691,2108,220201,890000
1408,92,116,27599,2084,220317,902600
1409,90,104,27509,2070,220421,962700
1410,107,101,27402,2076,220522,1073900
1411,121,89,27281,2108,220611,904500
1412,82,105,27199,2085,220716,888800
1413,118,104,27081,2099,220820,901400
1414,103,89,26978,2113,220909,888500
1415,111,108,26867,2116,221017,889300
1416,114,108,26753,2122,221125,904500
1417,98,91,26655,2129,221216,898200
1418,87,99,26568,2117,221315,884900
1419,100,118,26468,2099,221433,886600
1420,99,107,26369,2091,221540,883100
1421,96,96,26273,2091,221636,894000
1422,85,114,26188,2062,221750,890700
1423,96,91,26092,2067,221841,884100
1424,90,112,26002,2045,221953,889600
1425,87,91,25915,2041,222044,891400
1426,94,94,25821,2041,222138,892300
1427,96,111,25725,2026,222249,902600
1428,88,88,25637,2026,222337,886800
1429,97,92,25540,2031,222429,877500
1430,67,109,25473,1989,222538,874600
1431,79,103,25394,1965,222641,876700
1432,83,99,25311,1949,222740,891800
1433,77,87,25234,1939,222827,882800
1434,103,106,25131,1936,222933,880800
1435,96,92,25035,1940,223025,880500
1436,94,102,24941,1932,223127,887700
1437,81,93,24860,1920,223220,896000
1438,87,115,24773,1892,223335,876600
1439,93,116,24680,1869,223451,879500
1440,76,84,24604,1861,223535,874300
1441,76,76,24528,1861,223611,875200
1442,81,103,24447,1839,223714,880100
1443,90,97,24357,1832,223811,888900
1444,86,95,24271,1823,223906,924800
1445,85,107,24186,1801,224013,884400
1446,73,90,24113,1784,224103,875600
1447,112,91,24001,1805,224194,879700
1448,87,80,23914,1812,224274,877100
1449,103,87,23811,1828,224361,872900
1450,99,95,23712,1832,224456,878500
1451,100,84,23612,1848,224540,875000
1452,93,78,23519,1863,224618,880200
1453,86,92,23433,1857,224710,875600
1454,91,90,23342,1858,224800,885100
1455,87,101,23255,1844,224901,874100
1456,89,96,23166,1837,224997,884500
1457,78,74,23088,1841,225071,871600
1458,91,105,22997,1827,225176,873000
1459,90,95,22907,1822,225271,883800
1460,77,104,22830,1795,225375,883500
1461,93,87,22737,1801,225462,905400
1462,93,89,22644,1805,225551,1089600
1463,90,92,22554,1803,225643,1000100
1464,107,85,22447,1825,225728,883600
1465,105,81,22342,1849,225809,887800
1466,83,89,22259,1843,225898,881000
1467,82,98,22177,1827,225996,877300
1468,92,89,22085,1830,226085,871400
1469,86,104,21999,1812,226189,871100
1470,83,85,21916,1810,226274,872700
1471,99,85,21817,1824,226359,872900
1472,92,110,21725,1806,226469,876300
1473,85,92,21640,1799,226561,871700
1474,86,92,21554,1793,226653,874900
1475,81,105,21473,1769,226758,879900
1476,96,82,21377,1783,226840,871800
1477,63,83,21314,1763,226923,870400
1478,96,97,21218,1762,227020,982500
1479,86,105,21132,1743,227125,1069000
1480,86,94,21046,1735,227219,920800
1481,88,86,20958,1737,227305,876200
1482,92,70,20866,1759,227375,877100
1483,103,79,20763,1783,227454,867600
1484,84,109,20679,1758,227563,867600
1485,96,82,20583,1772,227645,863900
1486,93,88,20490,1777,227733,860100
1487,88,78,20402,1787,227811,871600
1488,90,79,20312,1798,227890,865100
1489,77,90,20235,1785,227980,891000
1490,84,73,20151,1796,228053,867600
1491,78,79,20073,1795,228132,874000
1492,68,86,20005,1777,228218,871200
1493,77,77,19928,1777,228295,880000
1494,84,89,19844,1772,228384,876100
1495,71,87,19773,1756,228471,873900
1496,74,98,19699,1732,228569,873400
1497,76,88,19623,1720,228657,870600
1498,70,83,19553,1707,228740,868400
1499,87,91,19466,1703,228831,866800
1500,69,94,19397,1678,228925,864400
1501,65,81,19332,1662,229006,869600
1502,48,83,19284,1627,229089,860600
1503,76,72,19208,1631,229161,864200
1504,71,88,19137,1614,229249,867500
1505,66,88,19071,1592,229337,874700
1506,65,73,19006,1584,229410,861500
1507,68,73,18938,1579,229483,865100
1508,80,88,18858,1571,229571,864900
1509,54,73,18804,1552,229644,863400
1510,58,74,18746,1536,229718,875000
1511,62,63,18684,1535,229781,864300
1512,54,77,18630,1512,229858,1043400
1513,74,82,18556,1504,229940,917900
1514,81,70,18475,1515,230010,1288800
1515,63,78,18412,1500,230088,1244100
1516,63,91,18349,1472,230179,1036000
1517,62,84,18287,1450,230263,1031100
1518,70,80,18217,1440,230343,1030500
1519,72,66,18145,1446,230409,1031900
1520,69,76,18076,1439,230485,1033600
1521,58,58,18018,1439,230543,1032200
1522,59,84,17959,1414,230627,1031500
1523,72,64,17887,1422,230691,1022100
1524,52,52,17835,1422,230743,1033400
1525,63,77,17772,1408,230820,1029000
1526,78,78,17694,1408,230898,1036400
1527,66,69,17628,1405,230967,1025300
1528,71,57,17557,1419,231024,1032900
1529,54,61,17503,1412,231085,1076900
1530,70,60,17433,1422,231145,920600
1531,57,66,17376,1413,231211,866700
1532,63,73,17313,1403,231284,859400
1533,70,65,17243,1408,231349,862200
1534,66,59,17177,1415,231408,863300
1535,61,66,17116,1410,231474,861500
1536,51,74,17065,1387,231548,873500
1537,55,72,17010,1370,231620,870400
1538,54,61,16956,1363,231681,855400
1539,63,68,16893,1358,231749,864500
1540,55,61,16838,1352,231810,856400
1541,74,65,16764,1361,231875,852600
1542,75,56,16689,1380,231931,859700
1543,55,69,16634,1366,232000,858600
1544,61,65,16573,1362,232065,865000
1545,59,82,16514,1339,232147,851800
1546,59,64,16455,1334,232211,850000
1547,55,82,16400,1307,232293,1123600
1548,52,55,16348,1304,232348,1266700
1549,47,67,16301,1284,232415,1050800
1550,59,53,16242,1290,232468,1012200
1551,65,65,16177,1290,232533,1014100
1552,68,67,16109,1291,232600,1019400
1553,48,69,16061,1270,232669,1016500
1554,53,67,16008,1256,232736,1137400
1555,37,54,15971,1239,232790,1018900
1556,69,65,15902,1243,232855,1019800
1557,53,56,15849,1240,232911,1020500
1558,70,71,15779,1239,232982,1011100
1559,41,69,15738,1211,233051,1020100
1560,63,61,15675,1213,233112,1001200
1561,49,60,15626,1202,233172,966200
1562,58,58,15568,1202,233230,1311000
1563,56,51,15512,1207,233281,1044100
1564,54,71,15458,1190,233352,879800
1565,55,51,15403,1194,233403,843200
1566,57,63,15346,1188,233466,852000
1567,55,70,15291,1173,233536,843700
1568,45,67,15246,1151,233603,841000
1569,74,65,15172,1160,233668,846400
1570,67,50,15105,1177,233718,840800
1571,51,65,15054,1163,233783,865200
1572,66,57,14988,1172,233840,850200
1573,56,59,14932,1169,233899,850900
1574,64,59,14868,1174,233958,839500
1575,56,65,14812,1165,234023,850400
1576,53,52,14759,1166,234075,840600
1577,47,55,14712,1158,234130,843000
1578,65,62,14647,1161,234192,838500
1579,55,61,14592,1155,234253,842900
1580,69,48,14523,1176,234301,925100
1581,54,61,14469,1169,234362,1027300
1582,53,55,14416,1167,234417,1010200
1583,61,64,14355,1164,234481,842900
1584,65,65,14290,1164,234546,839300
1585,53,55,14237,1162,234601,835300
1586,63,61,14174,1164,234662,844600
1587,49,61,14125,1152,234723,839800
1588,61,54,14064,1159,234777,839300
1589,56,61,14008,1154,234838,840100
1590,70,53,13938,1171,234891,840400
1591,54,45,13884,1180,234936,837800
1592,45,52,13839,1173,234988,837200
1593,59,67,13780,1165,235055,837900
1594,48,48,13732,1165,235103,835700
1595,50,57,13682,1158,235160,844600
1596,54,50,13628,1162,235210,839100
1597,49,56,13579,1155,235266,836800
1598,38,62,13541,1131,235328,836600
1599,39,63,13502,1107,235391,1120600
1600,47,53,13455,1101,235444,910300
1601,53,53,13402,1101,235497,838800
1602,50,54,13352,1097,235551,838700
1603,45,70,13307,1072,235621,834700
1604,55,47,13252,1080,235668,833900
1605,66,58,13186,1088,235726,847100
1606,43,46,13143,1085,235772,835900
1607,55,61,13088,1079,235833,834900
1608,47,61,13041,1065,235894,839000
1609,46,61,12995,1050,235955,833800
1610,51,52,12944,1049,236007,829900
1611,44,55,12900,1038,236062,829200
1612,43,45,12857,1036,236107,833300
1613,48,42,12809,1042,236149,832300
1614,61,55,12748,1048,236204,832200
1615,51,46,12697,1053,236250,832000
1616,51,53,12646,1051,236303,921400
1617,49,57,12597,1043,236360,912400
1618,66,62,12531,1047,236422,847200
1619,42,46,12489,1043,236468,844900
1620,35,59,12454,1019,236527,842000
1621,50,45,12404,1024,236572,840300
1622,58,50,12346,1032,236622,843800
1623,46,48,12300,1030,236670,853200
1624,49,45,12251,1034,236715,837900
1625,48,45,12203,1037,236760,843200
1626,57,60,12146,1034,236820,833700
1627,51,44,12095,1041,236864,849400
1628,55,52,12040,1044,236916,840100
1629,51,56,11989,1039,236972,835200
1630,53,64,11936,1028,237036,839500
1631,47,45,11889,1030,237081,831000
1632,40,48,11849,1022,237129,837700
1633,49,50,11800,1021,237179,833800
1634,33,54,11767,1000,237233,831500
1635,41,53,11726,988,237286,830300
1636,45,43,11681,990,237329,1005600
1637,41,58,11640,973,237387,864200
1638,37,38,11603,972,237425,831600
1639,41,39,11562,974,237464,830000
1640,44,41,11518,977,237505,837900
1641,41,47,11477,971,237552,837500
1642,32,50,11445,953,237602,834800
1643,32,47,11413,938,237649,837500
1644,33,32,11380,939,237681,830000
1645,52,62,11328,929,237743,839600
1646,36,46,11292,919,237789,824600
1647,32,45,11260,906,237834,823600
1648,45,60,11215,891,237894,828800
1649,34,40,11181,885,237934,820000
1650,37,36,11144,886,237970,828700
1651,44,43,11100,887,238013,821300
1652,42,46,11058,883,238059,821800
1653,41,48,11017,876,238107,827600
1654,40,47,10977,869,238154,919700
1655,42,49,10935,862,238203,975000
1656,30,41,10905,851,238244,830500
1657,34,44,10871,841,238288,822600
1658,31,40,10840,832,238328,825500
1659,34,38,10806,828,238366,838000
1660,41,40,10765,829,238406,823700
1661,26,40,10739,815,238446,816900
1662,31,39,10708,807,238485,812700
1663,35,49,10673,793,238534,827000
1664,37,37,10636,793,238571,825500
1665,32,46,10604,779,238617,829800
1666,32,36,10572,775,238653,816400
1667,33,42,10539,766,238695,820600
1668,30,37,10509,759,238732,818500
1669,32,34,10477,757,238766,822900
1670,38,35,10439,760,238801,814900
1671,27,42,10412,745,238843,815800
1672,31,38,10381,738,238881,825200
1673,33,34,10348,737,238915,1041400
1674,35,42,10313,730,238957,964000
1675,37,38,10276,729,238995,818200
1676,32,33,10244,728,239028,819600
1677,34,44,10210,718,239072,816600
1678,30,41,10180,707,239113,821100
1679,31,35,10149,703,239148,821800
1680,24,44,10125,683,239192,819000
1681,35,33,10090,685,239225,813200
1682,28,33,10062,680,239258,809300
1683,30,38,10032,672,239296,810700
1684,32,28,10000,676,239324,818800
1685,45,41,9955,680,239365,812800
1686,27,31,9928,676,239396,813000
1687,29,24,9899,681,239420,808400
1688,26,35,9873,672,239455,809600
1689,32,30,9841,674,239485,811100
1690,35,33,9806,676,239518,813700
1691,35,24,9771,687,239542,825200
1692,43,28,9728,702,239570,1165700
1693,38,30,9690,710,239600,814900
1694,28,33,9662,705,239633,833600
1695,34,26,9628,713,239659,813600
1696,41,34,9587,720,239693,818200
1697,37,29,9550,728,239722,815100
1698,41,32,9509,737,239754,819800
1699,36,31,9473,742,239785,809800
1700,42,42,9431,742,239827,817700
1701,44,30,9387,756,239857,819500
1702,40,41,9347,755,239898,813200
1703,39,34,9308,760,239932,820400
1704,39,37,9269,762,239969,816500
1705,45,33,9224,774,240002,814800
1706,30,40,9194,764,240042,820300
1707,43,38,9151,769,240080,816600
1708,41,39,9110,771,240119,821700
1709,30,44,9080,757,240163,815500
1710,47,40,9033,764,240203,874300
1711,42,34,8991,772,240237,832400
1712,39,46,8952,765,240283,815000
1713,40,27,8912,778,240310,837200
1714,39,31,8873,786,240341,825200
1715,47,53,8826,780,240394,843000
1716,35,35,8791,780,240429,847100
1717,47,45,8744,782,240474,820900
1718,43,47,8701,778,240521,825700
1719,23,36,8678,765,240557,820600
1720,40,41,8638,764,240598,837200
1721,46,40,8592,770,240638,866800
1722,34,48,8558,756,240686,829600
1723,37,37,8521,756,240723,846200
1724,32,37,8489,751,240760,816500
1725,32,40,8457,743,240800,860300
1726,29,40,8428,732,240840,828200
1727,32,30,8396,734,240870,821800
1728,26,28,8370,732,240898,817500
1729,22,32,8348,722,240930,1216300
1730,29,33,8319,718,240963,891100
1731,27,34,8292,711,240997,960200
1732,30,33,8262,708,241030,825200
1733,25,32,8237,701,241062,813800
1734,25,42,8212,684,241104,812900
1735,22,33,8190,673,241137,825100
1736,30,35,8160,668,241172,817100
1737,27,35,8133,660,241207,811800
1738,28,28,8105,660,241235,824500
1739,26,33,8079,653,241268,814600
1740,27,40,8052,640,241308,811000
1741,19,34,8033,625,241342,811700
1742,22,40,8011,607,241382,820900
1743,26,27,7985,606,241409,812700
1744,26,30,7959,602,241439,814100
1745,25,38,7934,589,241477,809400
1746,28,29,7906,588,241506,813200
1747,17,33,7889,572,241539,842400
1748,26,24,7863,574,241563,820300
1749,23,31,7840,566,241594,822800
1750,34,30,7806,570,241624,815000
1751,16,33,7790,553,241657,815900
1752,28,26,7762,555,241683,810600
1753,26,17,7736,564,241700,812100
1754,20,26,7716,558,241726,807300
1755,17,29,7699,546,241755,806900
1756,15,27,7684,534,241782,818400
1757,23,21,7661,536,241803,810700
1758,23,31,7638,528,241834,808500
1759,20,28,7618,520,241862,809100
1760,28,35,7590,513,241897,812000
1761,27,32,7563,508,241929,802000
1762,29,22,7534,515,241951,810500
1763,18,26,7516,507,241977,815500
1764,29,27,7487,509,242004,807300
1765,17,14,7470,512,242018,806400
1766,27,25,7443,514,242043,860300
1767,23,23,7420,514,242066,811300
1768,31,27,7389,518,242093,816800
1769,21,33,7368,506,242126,815200
1770,20,28,7348,498,242154,810700
1771,24,28,7324,494,242182,806100
1772,16,23,7308,487,242205,814800
1773,15,24,7293,478,242229,810400
1774,21,25,7272,474,242254,810500
1775,28,14,7244,488,242268,813500
1776,25,20,7219,493,242288,812500
1777,28,20,7191,501,242308,811000
1778,24,22,7167,503,242330,811300
1779,31,27,7136,507,242357,805600
1780,27,23,7109,511,242380,812600
1781,23,17,7086,517,242397,807000
1782,19,25,7067,511,242422,813500
1783,29,30,7038,510,242452,803900
1784,24,26,7014,508,242478,803500
1785,28,24,6986,512,242502,851400
1786,30,26,6956,516,242528,1044100
1787,29,28,6927,517,242556,952200
1788,28,24,6899,521,242580,810800
1789,31,22,6868,530,242602,808800
1790,24,27,6844,527,242629,807000
1791,29,36,6815,520,242665,813500
1792,27,32,6788,515,242697,810300
1793,24,20,6764,519,242717,804700
1794,32,25,6732,526,242742,806600
1795,28,22,6704,532,242764,813900
1796,25,25,6679,532,242789,809000
1797,34,29,6645,537,242818,811900
1798,24,25,6621,536,242843,811800
1799,24,31,6597,529,242874,815200
1800,31,24,6566,536,242898,810100
1801,29,28,6537,537,242926,813200
1802,21,27,6516,531,242953,810300
1803,26,36,6490,521,242989,813600
1804,19,34,6471,506,243023,865900
1805,32,26,6439,512,243049,810200
1806,32,19,6407,525,243068,809900
1807,28,26,6379,527,243094,808600
1808,25,19,6354,533,243113,814300
1809,30,24,6324,539,243137,948500
1810,23,33,6301,529,243170,957800
1811,18,22,6283,525,243192,806300
1812,22,26,6261,521,243218,804800
1813,19,31,6242,509,243249,810800
1814,20,28,6222,501,243277,804700
1815,15,26,6207,490,243303,802900
1816,14,30,6193,474,243333,801100
1817,22,30,6171,466,243363,806400
1818,20,27,6151,459,243390,805500
1819,21,25,6130,455,243415,807000
1820,22,15,6108,462,243430,839600
1821,16,27,6092,451,243457,798000
1822,19,18,6073,452,243475,802900
1823,15,24,6058,443,243499,845400
1824,20,22,6038,441,243521,802400
1825,25,20,6013,446,243541,805500
1826,16,17,5997,445,243558,799600
1827,20,19,5977,446,243577,801400
1828,23,18,5954,451,243595,804800
1829,16,28,5938,439,243623,802400
1830,23,25,5915,437,243648,802100
1831,15,21,5900,431,243669,801100
1832,23,20,5877,434,243689,802400
1833,24,20,5853,438,243709,801400
1834,19,14,5834,443,243723,803400
1835,29,18,5805,454,243741,802000
1836,23,21,5782,456,243762,800700
1837,26,16,5756,466,243778,798600
1838,19,26,5737,459,243804,801200
1839,27,20,5710,466,243824,808100
1840,22,23,5688,465,243847,817100
1841,15,25,5673,455,243872,813000
1842,23,19,5650,459,243891,840700
1843,21,25,5629,455,243916,800200
1844,20,17,5609,458,243933,805800
1845,19,18,5590,459,243951,797600
1846,19,23,5571,455,243974,807400
1847,24,17,5547,462,243991,802400
1848,23,25,5524,460,244016,796700
1849,23,22,5501,461,244038,803400
1850,24,20,5477,465,244058,803200
1851,19,20,5458,464,244078,804400
1852,23,20,5435,467,244098,797600
1853,32,23,5403,476,244121,798500
1854,19,26,5384,469,244147,801500
1855,19,20,5365,468,244167,798100
1856,22,18,5343,472,244185,799900
1857,19,25,5324,466,244210,802600
1858,19,27,5305,458,244237,803300
1859,19,18,5286,459,244255,800700
1860,16,29,5270,446,244284,800500
1861,22,21,5248,447,244305,849100
1862,20,25,5228,442,244330,983600
1863,16,23,5212,435,244353,882500
1864,18,26,5194,427,244379,798800
1865,22,16,5172,433,244395,843800
1866,22,22,5150,433,244417,806100
1867,13,29,5137,417,244446,798300
1868,17,19,5120,415,244465,801800
1869,20,23,5100,412,244488,804600
1870,16,27,5084,401,244515,795000
1871,23,19,5061,405,244534,798700
1872,17,16,5044,406,244550,799500
1873,11,16,5033,401,244566,802900
1874,15,18,5018,398,244584,797500
1875,15,17,5003,396,244601,818700
1876,19,25,4984,390,244626,799700
1877,17,28,4967,379,244654,796300
1878,16,14,4951,381,244668,797900
1879,14,13,4937,382,244681,794300
1880,12,22,4925,372,244703,1012400
1881,16,15,4909,373,244718,975300
1882,15,16,4894,372,244734,921200
1883,16,17,4878,371,244751,799500
1884,19,19,4859,371,244770,802100
1885,14,20,4845,365,244790,795700
1886,16,19,4829,362,244809,797500
1887,18,19,4811,361,244828,798200
1888,15,19,4796,357,244847,800100
1889,13,18,4783,352,244865,902400
1890,22,15,4761,359,244880,971500
1891,14,17,4747,356,244897,802800
1892,23,19,4724,360,244916,791300
1893,12,18,4712,354,244934,823000
1894,10,23,4702,341,244957,789200
1895,14,13,4688,342,244970,787800
1896,10,17,4678,335,244987,790800
1897,11,21,4667,325,245008,798800
1898,15,20,4652,320,245028,793900
1899,8,22,4644,306,245050,977200
1900,19,10,4625,315,245060,910100
1901,12,13,4613,314,245073,794200
1902,14,15,4599,313,245088,785300
1903,18,22,4581,309,245110,787800
1904,12,20,4569,301,245130,786800
1905,10,15,4559,296,245145,783800
1906,16,14,4543,298,245159,789800
1907,15,10,4528,303,245169,789300
1908,15,19,4513,299,245188,792600
1909,9,19,4504,289,245207,786500
1910,16,17,4488,288,245224,794700
1911,8,13,4480,283,245237,799500
1912,12,21,4468,274,245258,802800
1913,11,14,4457,271,245272,796500
1914,10,8,4447,273,245280,786900
1915,14,12,4433,275,245292,790800
1916,12,17,4421,270,245309,783400
1917,14,14,4407,270,245323,785500
1918,5,7,4402,268,245330,874100
1919,9,14,4393,263,245344,966700
1920,13,13,4380,263,245357,874000
1921,7,17,4373,253,245374,785900
1922,14,18,4359,249,245392,789400
1923,8,11,4351,246,245403,784500
1924,6,17,4345,235,245420,783500
1925,8,11,4337,232,245431,786200
1926,11,11,4326,232,245442,786400
1927,9,12,4317,229,245454,786800
1928,5,11,4312,223,245465,784300
1929,8,9,4304,222,245474,787800
1930,10,10,4294,222,245484,808000
1931,11,15,4283,218,245499,782500
1932,9,7,4274,220,245506,786100
1933,10,11,4264,219,245517,791600
1934,8,9,4256,218,245526,785900
1935,5,12,4251,211,245538,788000
1936,8,11,4243,208,245549,782000
1937,4,12,4239,200,245561,834400
1938,7,10,4232,197,245571,964900
1939,9,12,4223,194,245583,971400
1940,9,7,4214,196,245590,811400
1941,9,17,4205,188,245607,787400
1942,10,9,4195,189,245616,781700
1943,8,12,4187,185,245628,780000
1944,3,8,4184,180,245636,785200
1945,7,8,4177,179,245644,801400
1946,8,8,4169,179,245652,870000
1947,8,10,4161,177,245662,1205900
1948,8,14,4153,171,245676,885600
1949,7,5,4146,173,245681,798200
1950,10,10,4136,173,245691,792500
1951,7,11,4129,169,245702,782200
1952,6,11,4123,164,245713,820300
1953,7,8,4116,163,245721,790900
1954,10,9,4106,164,245730,808600
1955,3,11,4103,156,245741,877500
1956,5,12,4098,149,245753,960600
1957,7,9,4091,147,245762,928300
1958,12,3,4079,156,245765,782300
1959,6,7,4073,155,245772,781200
1960,7,7,4066,155,245779,787700
1961,5,6,4061,154,245785,780700
1962,2,9,4059,147,245794,784200
1963,5,6,4054,146,245800,782700
1964,3,5,4051,144,245805,784100
1965,4,5,4047,143,245810,780900
1966,5,11,4042,137,245821,790300
1967,5,9,4037,133,245830,819300
1968,6,8,4031,131,245838,964200
1969,4,5,4027,130,245843,964800
1970,3,6,4024,127,245849,792000
1971,3,5,4021,125,245854,781700
1972,4,7,4017,122,245861,786300
1973,4,9,4013,117,245870,780900
1974,2,8,4011,111,245878,814400
1975,5,4,4006,112,245882,780600
1976,2,6,4004,108,245888,782100
1977,3,8,4001,103,245896,777600
1978,3,6,3998,100,245902,780400
1979,5,4,3993,101,245906,778900
1980,1,8,3992,94,245914,781900
1981,5,1,3987,98,245915,782100
1982,3,3,3984,98,245918,777400
1983,3,6,3981,95,245924,787700
1984,5,5,3976,95,245929,784800
1985,7,7,3969,95,245936,778100
1986,3,3,3966,95,245939,779600
1987,4,3,3962,96,245942,780400
1988,4,1,3958,99,245943,781000
1989,4,6,3954,97,245949,777300
1990,3,5,3951,95,245954,776600
1991,2,3,3949,94,245957,779400
1992,0,6,3949,88,245963,776000
1993,7,4,3942,91,245967,1194200
1994,6,8,3936,89,245975,930800
1995,3,6,3933,86,245981,777400
1996,2,6,3931,82,245987,776600
1997,2,2,3929,82,245989,781800
1998,5,8,3924,79,245997,782400
1999,2,3,3922,78,246000,781000
2000,4,3,3918,79,246003,776900
2001,1,7,3917,73,246010,776100
2002,3,4,3914,72,246014,785800
2003,1,5,3913,68,246019,853400
2004,4,5,3909,67,246024,780100
2005,0,2,3909,65,246026,781100
2006,2,3,3907,64,246029,777200
2007,2,3,3905,63,246032,783300
2008,1,1,3904,63,246033,775300
2009,0,0,3904,63,246033,781000
2010,4,4,3900,63,246037,777200
2011,3,2,3897,64,246039,774800
2012,0,4,3897,60,246043,794300
2013,2,1,3895,61,246044,777800
2014,0,4,3895,57,246048,782200
2015,1,1,3894,57,246049,775300
2016,3,6,3891,54,246055,785400
2017,0,3,3891,51,246058,778900
2018,1,2,3890,50,246060,776100
2019,3,4,3887,49,246064,780000
2020,0,3,3887,46,246067,774000
2021,1,1,3886,46,246068,773700
2022,3,1,3883,48,246069,788100
2023,2,4,3881,46,246073,796000
2024,0,1,3881,45,246074,801600
2025,2,1,3879,46,246075,783000
2026,3,1,3876,48,246076,790200
2027,1,4,3875,45,246080,788000
2028,2,1,3873,46,246081,778800
2029,2,3,3871,45,246084,787900
2030,2,4,3869,43,246088,779700
2031,2,3,3867,42,246091,791200
2032,1,3,3866,40,246094,934400
2033,0,2,3866,38,246096,783600
2034,0,0,3866,38,246096,776800
2035,1,5,3865,34,246101,781100
2036,0,1,3865,33,246102,779900
2037,2,2,3863,33,246104,775300
2038,0,2,3863,31,246106,773800
2039,0,1,3863,30,246107,780400
2040,0,0,3863,30,246107,777100
2041,0,1,3863,29,246108,787800
2042,0,1,3863,28,246109,779000
2043,1,1,3862,28,246110,781700
2044,0,0,3862,28,246110,782500
2045,0,1,3862,27,246111,776100
2046,1,1,3861,27,246112,780800
2047,0,1,3861,26,246113,782100
2048,0,0,3861,26,246113,784100
2049,2,0,3859,28,246113,777200
2050,0,1,3859,27,246114,781700
2051,0,0,3859,27,246114,863700
2052,1,1,3858,27,246115,944500
2053,0,1,3858,26,246116,777900
2054,1,1,3857,26,246117,771800
2055,0,1,3857,25,246118,777900
2056,1,2,3856,24,246120,775100
2057,0,0,3856,24,246120,773700
2058,0,0,3856,24,246120,774600
2059,0,1,3856,23,246121,773100
2060,0,2,3856,21,246123,778800
2061,0,1,3856,20,246124,781300
2062,0,1,3856,19,246125,781400
2063,0,1,3856,18,246126,775900
2064,0,2,3856,16,246128,772100
2065,0,1,3856,15,246129,772400
2066,0,0,3856,15,246129,774600
2067,0,1,3856,14,246130,771900
2068,0,0,3856,14,246130,781600
2069,0,1,3856,13,246131,777800
2070,0,1,3856,12,246132,781200
2071,0,1,3856,11,246133,785600
2072,0,1,3856,10,246134,773900
2073,0,1,3856,9,246135,777800
2074,0,0,3856,9,246135,773600
2075,0,0,3856,9,246135,773900
2076,0,0,3856,9,246135,776800
2077,0,0,3856,9,246135,779000
2078,0,0,3856,9,246135,774100
2079,0,0,3856,9,246135,794900
2080,0,0,3856,9,246135,772500
2081,0,1,3856,8,246136,776600
2082,0,0,3856,8,246136,774500
2083,0,1,3856,7,246137,774400
2084,0,0,3856,7,246137,774800
2085,0,1,3856,6,246138,773800
2086,0,2,3856,4,246140,773900
2087,0,0,3856,4,246140,785500
2088,0,0,3856,4,246140,771600
2089,0,0,3856,4,246140,952300
2090,0,0,3856,4,246140,961000
2091,0,1,3856,3,246141,823600
2092,0,0,3856,3,246141,780600
2093,0,0,3856,3,246141,783600
2094,0,0,3856,3,246141,795600
2095,0,0,3856,3,246141,801100
2096,0,1,3856,2,246142,775500
2097,0,0,3856,2,246142,773200
2098,0,0,3856,2,246142,778200
2099,0,0,3856,2,246142,773300
2100,0,0,3856,2,246142,775800
2101,0,0,3856,2,246142,777400
2102,0,0,3856,2,246142,781100
2103,0,0,3856,2,246142,795100
2104,0,0,3856,2,246142,778200
2105,0,2,3856,0,246144,777000
