Tick,NewlyInfected,NewlyRecovered,TotalSusceptible,TotalInfected,TotalRecovered,StepTimeNanos
0,1,0,249994,6,0,833500
1,3,0,249991,9,0,792500
2,2,1,249989,10,1,804800
3,1,1,249988,10,2,781100
4,3,0,249985,13,2,771800
5,3,0,249982,16,2,774000
6,2,1,249980,17,3,776600
7,1,0,249979,18,3,774400
8,6,1,249973,23,4,770000
9,4,0,249969,27,4,767600
10,9,1,249960,35,5,803600
11,9,2,249951,42,7,771900
12,10,1,249941,51,8,772000
13,7,2,249934,56,10,772900
14,9,2,249925,63,12,772600
15,8,1,249917,70,13,772800
16,12,3,249905,79,16,767700
17,10,2,249895,87,18,802300
18,9,1,249886,95,19,790300
19,11,6,249875,100,25,780000
20,15,5,249860,110,30,769100
21,16,5,249844,121,35,776000
22,9,2,249835,128,37,780100
23,10,4,249825,134,41,777900
24,15,9,249810,140,50,771200
25,9,9,249801,140,59,769200
26,12,10,249789,142,69,798800
27,15,12,249774,145,81,798500
28,16,12,249758,149,93,772800
29,12,7,249746,154,100,770700
30,9,13,249737,150,113,781600
31,16,5,249721,161,118,771900
32,11,11,249710,161,129,771700
33,15,10,249695,166,139,963600
34,15,11,249680,170,150,992100
35,9,3,249671,176,153,773700
36,13,5,249658,184,158,774600
37,16,2,249642,198,160,768800
38,23,12,249619,209,172,768700
39,16,16,249603,209,188,775900
40,17,13,249586,213,201,788700
41,20,12,249566,221,213,847600
42,20,15,249546,226,228,784100
43,23,12,249523,237,240,879000
44,25,13,249498,249,253,978900
45,25,11,249473,263,264,786800
46,20,13,249453,270,277,788300
47,23,12,249430,281,289,788500
48,32,14,249398,299,303,785100
49,21,13,249377,307,316,832000
50,29,12,249348,324,328,775700
51,25,16,249323,333,344,775600
52,34,22,249289,345,366,778800
53,27,18,249262,354,384,787700
54,36,16,249226,374,400,781400
55,27,18,249199,383,418,776400
56,31,21,249168,393,439,782800
57,23,20,249145,396,459,784000
58,30,22,249115,404,481,788000
59,42,21,249073,425,502,779000
60,31,9,249042,447,511,808900
61,30,28,249012,449,539,829000
62,36,27,248976,458,566,805000
63,18,15,248958,461,581,965100
64,32,19,248926,474,600,785700
65,36,19,248890,491,619,784500
66,41,23,248849,509,642,782800
67,44,27,248805,526,669,780800
68,49,28,248756,547,697,789500
69,34,24,248722,557,721,779600
70,48,25,248674,580,746,785300
71,50,16,248624,614,762,784100
72,40,35,248584,619,797,781500
73,45,29,248539,635,826,786100
74,35,32,248504,638,858,795700
75,37,24,248467,651,882,798900
76,59,35,248408,675,917,787800
77,53,41,248355,687,958,845100
78,49,30,248306,706,988,786800
79,60,38,248246,728,1026,785900
80,56,42,248190,742,1068,810000
81,62,39,248128,765,1107,788900
82,60,21,248068,804,1128,798500
83,63,36,248005,831,1164,785100
84,55,36,247950,850,1200,790400
85,52,48,247898,854,1248,801300
86,57,50,247841,861,1298,790100
87,56,44,247785,873,1342,786900
88,55,50,247730,878,1392,790100
89,72,38,247658,912,1430,794900
90,66,52,247592,926,1482,788900
91,51,44,247541,933,1526,790900
92,61,45,247480,949,1571,786300
93,77,42,247403,984,1613,792400
94,70,61,247333,993,1674,811200
95,66,51,247267,1008,1725,798900
96,61,55,247206,1014,1780,798300
97,64,39,247142,1039,1819,791600
98,57,56,247085,1040,1875,793600
99,64,45,247021,1059,1920,806500
100,55,49,246966,1065,1969,797100
101,61,51,246905,1075,2020,792500
102,52,48,246853,1079,2068,802400
103,59,63,246794,1075,2131,797900
104,69,47,246725,1097,2178,792100
105,66,37,246659,1126,2215,1012900
106,60,62,246599,1124,2277,841200
107,70,60,246529,1134,2337,946700
108,70,67,246459,1137,2404,902500
109,70,60,246389,1147,2464,805000
110,73,52,246316,1168,2516,920100
111,62,61,246254,1169,2577,822800
112,80,52,246174,1197,2629,808900
113,93,53,246081,1237,2682,795800
114,86,65,245995,1258,2747,807500
115,67,75,245928,1250,2822,802700
116,64,59,245864,1255,2881,799700
117,70,63,245794,1262,2944,799700
118,73,57,245721,1278,3001,805600
119,73,71,245648,1280,3072,802700
120,86,63,245562,1303,3135,797700
121,74,64,245488,1313,3199,800900
122,86,61,245402,1338,3260,807600
123,84,67,245318,1355,3327,802200
124,93,68,245225,1380,3395,800700
125,97,59,245128,1418,3454,803600
126,86,78,245042,1426,3532,806000
127,91,72,244951,1445,3604,806200
128,73,65,244878,1453,3669,802000
129,87,69,244791,1471,3738,800000
130,87,74,244704,1484,3812,803900
131,96,69,244608,1511,3881,818600
132,85,83,244523,1513,3964,810800
133,99,76,244424,1536,4040,803600
134,92,56,244332,1572,4096,802600
135,78,88,244254,1562,4184,821200
136,100,69,244154,1593,4253,815700
137,87,90,244067,1590,4343,806000
138,90,71,243977,1609,4414,810100
139,93,83,243884,1619,4497,813300
140,97,74,243787,1642,4571,1222600
141,99,90,243688,1651,4661,1033300
142,105,101,243583,1655,4762,827900
143,88,88,243495,1655,4850,934300
144,87,71,243408,1671,4921,814000
145,103,77,243305,1697,4998,803100
146,94,93,243211,1698,5091,821700
147,102,83,243109,1717,5174,810200
148,97,84,243012,1730,5258,812000
149,113,88,242899,1755,5346,805600
150,111,89,242788,1777,5435,808500
151,82,92,242706,1767,5527,804100
152,95,91,242611,1771,5618,814300
153,98,82,242513,1787,5700,807300
154,104,81,242409,1810,5781,816600
155,116,95,242293,1831,5876,808400
156,101,88,242192,1844,5964,807200
157,97,105,242095,1836,6069,812700
158,108,106,241987,1838,6175,817300
159,105,101,241882,1842,6276,810300
160,110,87,241772,1865,6363,813900
161,110,96,241662,1879,6459,1179300
162,125,87,241537,1917,6546,841900
163,104,96,241433,1925,6642,817700
164,113,92,241320,1946,6734,809700
165,126,93,241194,1979,6827,813800
166,108,102,241086,1985,6929,811300
167,106,103,240980,1988,7032,821500
168,108,103,240872,1993,7135,850600
169,113,100,240759,2006,7235,817700
170,100,99,240659,2007,7334,924800
171,129,99,240530,2037,7433,844300
172,133,96,240397,2074,7529,835900
173,120,112,240277,2082,7641,820500
174,131,110,240146,2103,7751,846400
175,120,98,240026,2125,7849,832700
176,104,111,239922,2118,7960,822400
177,120,99,239802,2139,8059,820800
178,116,114,239686,2141,8173,1063200
179,117,105,239569,2153,8278,886600
180,115,115,239454,2153,8393,882000
181,120,103,239334,2170,8496,872300
182,123,114,239211,2179,8610,997000
183,133,85,239078,2227,8695,822200
184,142,108,238936,2261,8803,830600
185,131,115,238805,2277,8918,866300
186,123,109,238682,2291,9027,823000
187,123,111,238559,2303,9138,820600
188,127,133,238432,2297,9271,819900
189,127,111,238305,2313,9382,826700
190,132,115,238173,2330,9497,815200
191,136,105,238037,2361,9602,854900
192,122,119,237915,2364,9721,817200
193,146,109,237769,2401,9830,823100
194,134,112,237635,2423,9942,882400
195,124,109,237511,2438,10051,835600
196,157,127,237354,2468,10178,827600
197,126,139,237228,2455,10317,845800
198,147,112,237081,2490,10429,837200
199,160,129,236921,2521,10558,840400
200,146,118,236775,2549,10676,833700
201,135,137,236640,2547,10813,830600
202,141,121,236499,2567,10934,822600
203,137,125,236362,2579,11059,840500
204,134,153,236228,2560,11212,829400
205,150,155,236078,2555,11367,836600
206,140,136,235938,2559,11503,826100
207,146,119,235792,2586,11622,827300
208,131,145,235661,2572,11767,827600
209,131,145,235530,2558,11912,833900
210,120,124,235410,2554,12036,831200
211,136,118,235274,2572,12154,878200
212,121,124,235153,2569,12278,837600
213,127,119,235026,2577,12397,841200
214,135,121,234891,2591,12518,827400
215,156,129,234735,2618,12647,861600
216,131,138,234604,2611,12785,845800
217,160,132,234444,2639,12917,836500
218,137,126,234307,2650,13043,836500
219,163,128,234144,2685,13171,838800
220,152,132,233992,2705,13303,828800
221,163,138,233829,2730,13441,837300
222,148,136,233681,2742,13577,858900
223,159,145,233522,2756,13722,854300
224,133,138,233389,2751,13860,851300
225,147,121,233242,2777,13981,830100
226,178,138,233064,2817,14119,843100
227,161,145,232903,2833,14264,830100
228,159,123,232744,2869,14387,989700
229,172,142,232572,2899,14529,858200
230,167,137,232405,2929,14666,842800
231,156,152,232249,2933,14818,841900
232,172,148,232077,2957,14966,843900
233,163,157,231914,2963,15123,851000
234,153,162,231761,2954,15285,843800
235,165,149,231596,2970,15434,837200
236,149,165,231447,2954,15599,840000
237,159,156,231288,2957,15755,846900
238,139,145,231149,2951,15900,850200
239,127,126,231022,2952,16026,842300
240,143,139,230879,2956,16165,837000
241,153,140,230726,2969,16305,851900
242,165,151,230561,2983,16456,843500
243,149,174,230412,2958,16630,842900
244,162,156,230250,2964,16786,908300
245,142,147,230108,2959,16933,871700
246,128,157,229980,2930,17090,835100
247,140,145,229840,2925,17235,842700
248,155,160,229685,2920,17395,852300
249,145,151,229540,2914,17546,838500
250,143,143,229397,2914,17689,854100
251,175,122,229222,2967,17811,840200
252,161,135,229061,2993,17946,843500
253,158,158,228903,2993,18104,847500
254,161,153,228742,3001,18257,844300
255,150,143,228592,3008,18400,847500
256,138,153,228454,2993,18553,845300
257,159,155,228295,2997,18708,840500
258,160,137,228135,3020,18845,844100
259,155,143,227980,3032,18988,845400
260,157,149,227823,3040,19137,863600
261,172,151,227651,3061,19288,860300
262,188,160,227463,3089,19448,952600
263,160,147,227303,3102,19595,879700
264,147,141,227156,3108,19736,853500
265,134,135,227022,3107,19871,836400
266,166,160,226856,3113,20031,841900
267,173,151,226683,3135,20182,850100
268,157,161,226526,3131,20343,845300
269,160,146,226366,3145,20489,848600
270,175,155,226191,3165,20644,853200
271,174,169,226017,3170,20813,842700
272,146,152,225871,3164,20965,856800
273,160,161,225711,3163,21126,852100
274,155,148,225556,3170,21274,850700
275,167,155,225389,3182,21429,864100
276,202,174,225187,3210,21603,842500
277,164,143,225023,3231,21746,846200
278,168,148,224855,3251,21894,841000
279,199,158,224656,3292,22052,861200
280,177,144,224479,3325,22196,852700
281,161,175,224318,3311,22371,856800
282,163,171,224155,3303,22542,848000
283,191,152,223964,3342,22694,863100
284,167,178,223797,3331,22872,854700
285,167,187,223630,3311,23059,855000
286,176,165,223454,3322,23224,853000
287,156,182,223298,3296,23406,878500
288,171,156,223127,3311,23562,914600
289,153,169,222974,3295,23731,925800
290,156,160,222818,3291,23891,1152800
291,181,174,222637,3298,24065,856900
292,151,170,222486,3279,24235,853400
293,186,171,222300,3294,24406,1183200
294,157,171,222143,3280,24577,865100
295,155,158,221988,3277,24735,1003300
296,169,155,221819,3291,24890,966500
297,179,182,221640,3288,25072,847200
298,167,148,221473,3307,25220,845800
299,156,178,221317,3285,25398,850400
300,141,146,221176,3280,25544,843100
301,158,178,221018,3260,25722,846700
302,147,171,220871,3236,25893,842400
303,178,156,220693,3258,26049,844700
304,163,162,220530,3259,26211,852000
305,165,176,220365,3248,26387,845500
306,177,155,220188,3270,26542,839400
307,167,157,220021,3280,26699,850800
308,155,184,219866,3251,26883,858500
309,174,161,219692,3264,27044,840800
310,156,160,219536,3260,27204,841300
311,152,168,219384,3244,27372,857600
312,159,164,219225,3239,27536,991000
313,165,147,219060,3257,27683,1121500
314,156,164,218904,3249,27847,840600
315,152,152,218752,3249,27999,848700
316,169,169,218583,3249,28168,843500
317,151,166,218432,3234,28334,848400
318,141,166,218291,3209,28500,845500
319,130,170,218161,3169,28670,1085600
320,168,164,217993,3173,28834,851400
321,170,163,217823,3180,28997,938000
322,143,166,217680,3157,29163,838100
323,144,178,217536,3123,29341,851200
324,163,157,217373,3129,29498,976700
325,160,173,217213,3116,29671,908700
326,170,141,217043,3145,29812,836900
327,129,172,216914,3102,29984,873400
328,157,154,216757,3105,30138,902000
329,154,145,216603,3114,30283,843300
330,146,171,216457,3089,30454,885800
331,155,145,216302,3099,30599,843800
332,165,140,216137,3124,30739,840100
333,151,164,215986,3111,30903,855400
334,163,164,215823,3110,31067,865400
335,155,136,215668,3129,31203,864900
336,137,146,215531,3120,31349,886800
337,153,155,215378,3118,31504,859900
338,135,169,215243,3084,31673,838600
339,131,164,215112,3051,31837,836800
340,156,147,214956,3060,31984,858700
341,147,154,214809,3053,32138,845100
342,172,155,214637,3070,32293,878000
343,147,167,214490,3050,32460,846000
344,153,150,214337,3053,32610,877100
345,150,156,214187,3047,32766,847800
346,143,163,214044,3027,32929,1016500
347,136,155,213908,3008,33084,1059000
348,167,148,213741,3027,33232,849400
349,131,133,213610,3025,33365,834400
350,158,150,213452,3033,33515,830100
351,152,155,213300,3030,33670,837000
352,139,143,213161,3026,33813,836900
353,134,151,213027,3009,33964,828900
354,140,159,212887,2990,34123,845600
355,134,167,212753,2957,34290,830700
356,135,147,212618,2945,34437,844800
357,134,132,212484,2947,34569,832100
358,144,153,212340,2938,34722,834100
359,147,157,212193,2928,34879,830700
360,134,151,212059,2911,35030,832000
361,137,148,211922,2900,35178,852700
362,128,148,211794,2880,35326,832800
363,116,146,211678,2850,35472,829200
364,138,155,211540,2833,35627,836500
365,129,155,211411,2807,35782,843100
366,143,140,211268,2810,35922,844700
367,128,144,211140,2794,36066,841500
368,123,134,211017,2783,36200,836800
369,117,144,210900,2756,36344,833200
370,144,148,210756,2752,36492,829200
371,128,152,210628,2728,36644,833800
372,130,139,210498,2719,36783,833900
373,159,114,210339,2764,36897,832300
374,142,134,210197,2772,37031,831000
375,135,152,210062,2755,37183,832200
376,132,166,209930,2721,37349,829700
377,152,134,209778,2739,37483,826700
378,157,154,209621,2742,37637,832000
379,151,141,209470,2752,37778,1001200
380,158,139,209312,2771,37917,1050200
381,153,143,209159,2781,38060,831100
382,156,136,209003,2801,38196,835500
383,146,153,208857,2794,38349,838300
384,167,139,208690,2822,38488,833400
385,168,151,208522,2839,38639,838600
386,163,147,208359,2855,38786,831700
387,168,146,208191,2877,38932,852300
388,154,174,208037,2857,39106,843000
389,172,148,207865,2881,39254,840400
390,155,142,207710,2894,39396,830700
391,155,165,207555,2884,39561,834000
392,134,164,207421,2854,39725,830800
393,156,152,207265,2858,39877,834900
394,154,159,207111,2853,40036,834100
395,155,131,206956,2877,40167,841200
396,155,137,206801,2895,40304,1088100
397,152,137,206649,2910,40441,894100
398,153,153,206496,2910,40594,834500
399,167,143,206329,2934,40737,833900
400,164,141,206165,2957,40878,835800
401,148,130,206017,2975,41008,832800
402,166,164,205851,2977,41172,834200
403,147,153,205704,2971,41325,846200
404,176,143,205528,3004,41468,834500
405,145,161,205383,2988,41629,835900
406,168,142,205215,3014,41771,829900
407,161,158,205054,3017,41929,834700
408,172,159,204882,3030,42088,839700
409,153,133,204729,3050,42221,833800
410,186,151,204543,3085,42372,841200
411,180,165,204363,3100,42537,846700
412,164,168,204199,3096,42705,844300
413,164,161,204035,3099,42866,866700
414,164,160,203871,3103,43026,840500
415,166,163,203705,3106,43189,835600
416,165,179,203540,3092,43368,847900
417,172,134,203368,3130,43502,841200
418,177,157,203191,3150,43659,836600
419,172,164,203019,3158,43823,847100
420,172,144,202847,3186,43967,841700
421,150,155,202697,3181,44122,843000
422,166,151,202531,3196,44273,838500
423,172,165,202359,3203,44438,841700
424,176,156,202183,3223,44594,840600
425,174,160,202009,3237,44754,841500
426,162,166,201847,3233,44920,839100
427,176,147,201671,3262,45067,851700
428,199,177,201472,3284,45244,842900
429,172,136,201300,3320,45380,930900
430,202,173,201098,3349,45553,1060400
431,166,174,200932,3341,45727,905800
432,185,167,200747,3359,45894,853500
433,177,164,200570,3372,46058,849800
434,182,191,200388,3363,46249,847900
435,155,187,200233,3331,46436,847400
436,153,154,200080,3330,46590,845700
437,162,156,199918,3336,46746,846400
438,172,168,199746,3340,46914,854300
439,202,138,199544,3404,47052,848100
440,170,137,199374,3437,47189,847400
441,171,175,199203,3433,47364,845100
442,171,155,199032,3449,47519,843200
443,169,162,198863,3456,47681,846700
444,176,160,198687,3472,47841,845800
445,170,176,198517,3466,48017,863900
446,173,180,198344,3459,48197,849200
447,170,163,198174,3466,48360,850100
448,150,155,198024,3461,48515,843000
449,164,170,197860,3455,48685,848500
450,155,161,197705,3449,48846,846800
451,158,201,197547,3406,49047,852800
452,156,179,197391,3383,49226,852500
453,180,164,197211,3399,49390,855400
454,187,151,197024,3435,49541,854600
455,192,192,196832,3435,49733,852800
456,192,161,196640,3466,49894,850100
457,168,180,196472,3454,50074,843400
458,180,188,196292,3446,50262,858500
459,170,155,196122,3461,50417,843900
460,177,151,195945,3487,50568,859400
461,194,139,195751,3542,50707,845600
462,187,185,195564,3544,50892,849600
463,186,176,195378,3554,51068,929400
464,192,176,195186,3570,51244,852900
465,215,168,194971,3617,51412,861500
466,166,166,194805,3617,51578,855800
467,184,183,194621,3618,51761,856800
468,176,158,194445,3636,51919,849600
469,185,203,194260,3618,52122,864400
470,178,175,194082,3621,52297,847200
471,177,191,193905,3607,52488,854300
472,183,172,193722,3618,52660,853100
473,170,180,193552,3608,52840,850500
474,193,182,193359,3619,53022,856500
475,163,190,193196,3592,53212,846500
476,189,200,193007,3581,53412,861400
477,169,177,192838,3573,53589,856700
478,159,166,192679,3566,53755,850700
479,194,165,192485,3595,53920,852800
480,174,186,192311,3583,54106,860200
481,194,169,192117,3608,54275,854700
482,163,201,191954,3570,54476,850500
483,147,186,191807,3531,54662,850100
484,173,186,191634,3518,54848,848800
485,164,188,191470,3494,55036,853300
486,172,178,191298,3488,55214,857500
487,176,169,191122,3495,55383,851900
488,147,186,190975,3456,55569,850900
489,187,176,190788,3467,55745,848800
490,142,184,190646,3425,55929,846800
491,187,189,190459,3423,56118,851100
492,168,191,190291,3400,56309,855800
493,177,166,190114,3411,56475,851000
494,185,193,189929,3403,56668,851900
495,168,196,189761,3375,56864,847400
496,146,181,189615,3340,57045,901300
497,182,178,189433,3344,57223,1066300
498,164,182,189269,3326,57405,915400
499,168,162,189101,3332,57567,864000
500,174,179,188927,3327,57746,849500
501,180,171,188747,3336,57917,847900
502,189,163,188558,3362,58080,851000
503,182,177,188376,3367,58257,848700
504,166,175,188210,3358,58432,846300
505,178,170,188032,3366,58602,845700
506,179,181,187853,3364,58783,846300
507,171,174,187682,3361,58957,850000
508,177,155,187505,3383,59112,851700
509,168,189,187337,3362,59301,850800
510,163,174,187174,3351,59475,855200
511,180,147,186994,3384,59622,867200
512,168,173,186826,3379,59795,862900
513,174,161,186652,3392,59956,850300
514,179,181,186473,3390,60137,877600
515,164,140,186309,3414,60277,852700
516,172,140,186137,3446,60417,845400
517,165,186,185972,3425,60603,857300
518,192,186,185780,3431,60789,850200
519,182,161,185598,3452,60950,852700
520,180,169,185418,3463,61119,854700
521,159,175,185259,3447,61294,864100
522,181,157,185078,3471,61451,847300
523,171,170,184907,3472,61621,854600
524,177,185,184730,3464,61806,850900
525,168,166,184562,3466,61972,860100
526,169,177,184393,3458,62149,858400
527,168,168,184225,3458,62317,851500
528,190,170,184035,3478,62487,848000
529,186,159,183849,3505,62646,855600
530,175,153,183674,3527,62799,853400
531,185,186,183489,3526,62985,888700
532,197,170,183292,3553,63155,867100
533,191,169,183101,3575,63324,854200
534,170,176,182931,3569,63500,850900
535,170,188,182761,3551,63688,855700
536,159,187,182602,3523,63875,860600
537,153,172,182449,3504,64047,854800
538,170,172,182279,3502,64219,848000
539,181,178,182098,3505,64397,860000
540,161,157,181937,3509,64554,864500
541,174,159,181763,3524,64713,849200
542,192,172,181571,3544,64885,868600
543,195,187,181376,3552,65072,876700
544,207,168,181169,3591,65240,858400
545,177,198,180992,3570,65438,865000
546,203,170,180789,3603,65608,863100
547,177,187,180612,3593,65795,856500
548,187,185,180425,3595,65980,866000
549,184,195,180241,3584,66175,867800
550,191,198,180050,3577,66373,859100
551,176,168,179874,3585,66541,859100
552,195,180,179679,3600,66721,863900
553,180,173,179499,3607,66894,869100
554,185,163,179314,3629,67057,872100
555,163,179,179151,3613,67236,862700
556,189,172,178962,3630,67408,856000
557,159,171,178803,3618,67579,858800
558,186,165,178617,3639,67744,862600
559,205,189,178412,3655,67933,862300
560,180,180,178232,3655,68113,862500
561,176,177,178056,3654,68290,857500
562,176,204,177880,3626,68494,863800
563,185,187,177695,3624,68681,858700
564,180,187,177515,3617,68868,868200
565,173,158,177342,3632,69026,889800
566,171,178,177171,3625,69204,858700
567,195,169,176976,3651,69373,867400
568,189,194,176787,3646,69567,866600
569,214,198,176573,3662,69765,871000
570,173,170,176400,3665,69935,867300
571,182,204,176218,3643,70139,857500
572,187,189,176031,3641,70328,857500
573,191,168,175840,3664,70496,856500
574,188,179,175652,3673,70675,864900
575,192,169,175460,3696,70844,873400
576,173,193,175287,3676,71037,883800
577,193,177,175094,3692,71214,864000
578,205,178,174889,3719,71392,862900
579,209,176,174680,3752,71568,871400
580,204,196,174476,3760,71764,874700
581,189,174,174287,3775,71938,870800
582,179,176,174108,3778,72114,1189200
583,192,188,173916,3782,72302,991300
584,189,185,173727,3786,72487,893500
585,194,197,173533,3783,72684,887200
586,186,191,173347,3778,72875,863900
587,193,203,173154,3768,73078,858500
588,206,184,172948,3790,73262,862700
589,173,193,172775,3770,73455,857400
590,184,175,172591,3779,73630,860200
591,185,170,172406,3794,73800,862900
592,195,190,172211,3799,73990,862600
593,167,194,172044,3772,74184,867600
594,186,196,171858,3762,74380,862500
595,190,195,171668,3757,74575,866800
596,174,187,171494,3744,74762,867800
597,194,209,171300,3729,74971,863000
598,163,184,171137,3708,75155,860900
599,171,168,170966,3711,75323,883700
600,183,169,170783,3725,75492,925000
601,189,185,170594,3729,75677,864400
602,167,171,170427,3725,75848,863200
603,196,207,170231,3714,76055,867600
604,157,186,170074,3685,76241,859300
605,170,181,169904,3674,76422,861200
606,180,178,169724,3676,76600,858300
607,172,174,169552,3674,76774,863900
608,173,192,169379,3655,76966,861500
609,196,159,169183,3692,77125,862300
610,173,192,169010,3673,77317,857500
611,156,184,168854,3645,77501,861400
612,178,182,168676,3641,77683,859900
613,178,189,168498,3630,77872,867700
614,176,190,168322,3616,78062,873400
615,164,165,168158,3615,78227,864800
616,167,195,167991,3587,78422,885300
617,184,182,167807,3589,78604,878500
618,193,187,167614,3595,78791,864400
619,187,185,167427,3597,78976,872000
620,184,164,167243,3617,79140,861300
621,205,187,167038,3635,79327,861000
622,185,170,166853,3650,79497,862900
623,198,176,166655,3672,79673,871600
624,195,180,166460,3687,79853,878200
625,169,193,166291,3663,80046,864700
626,200,188,166091,3675,80234,862200
627,163,199,165928,3639,80433,859600
628,188,179,165740,3648,80612,864500
629,191,181,165549,3658,80793,864100
630,185,195,165364,3648,80988,865900
631,202,164,165162,3686,81152,867700
632,178,192,164984,3672,81344,864900
633,201,188,164783,3685,81532,866900
634,183,169,164600,3699,81701,907600
635,181,168,164419,3712,81869,872900
636,187,172,164232,3727,82041,859000
637,209,178,164023,3758,82219,861400
638,206,180,163817,3784,82399,870300
639,192,212,163625,3764,82611,868600
640,176,188,163449,3752,82799,880600
641,195,181,163254,3766,82980,864100
642,188,199,163066,3755,83179,868100
643,186,200,162880,3741,83379,859600
644,187,190,162693,3738,83569,867900
645,182,179,162511,3741,83748,859300
646,181,175,162330,3747,83923,869300
647,168,163,162162,3752,84086,867800
648,166,182,161996,3736,84268,864500
649,188,183,161808,3741,84451,871000
650,187,200,161621,3728,84651,861700
651,197,173,161424,3752,84824,895000
652,165,194,161259,3723,85018,873000
653,188,186,161071,3725,85204,868300
654,183,178,160888,3730,85382,870500
655,168,199,160720,3699,85581,863200
656,176,186,160544,3689,85767,866300
657,198,187,160346,3700,85954,867400
658,167,170,160179,3697,86124,868100
659,181,164,159998,3714,86288,868500
660,192,193,159806,3713,86481,873100
661,195,168,159611,3740,86649,859000
662,191,197,159420,3734,86846,870400
663,186,190,159234,3730,87036,866800
664,155,179,159079,3706,87215,864700
665,197,187,158882,3716,87402,863900
666,156,186,158726,3686,87588,867900
667,168,185,158558,3669,87773,874100
668,190,189,158368,3670,87962,936500
669,156,172,158212,3654,88134,879600
670,175,189,158037,3640,88323,861800
671,183,165,157854,3658,88488,869100
672,167,207,157687,3618,88695,875100
673,175,178,157512,3615,88873,871000
674,176,206,157336,3585,89079,867700
675,166,173,157170,3578,89252,863200
676,181,193,156989,3566,89445,861100
677,190,184,156799,3572,89629,864500
678,157,196,156642,3533,89825,876000
679,152,169,156490,3516,89994,881800
680,160,192,156330,3484,90186,869900
681,165,164,156165,3485,90350,864000
682,174,185,155991,3474,90535,874100
683,179,177,155812,3476,90712,860200
684,165,197,155647,3444,90909,861300
685,162,177,155485,3429,91086,1031700
686,168,198,155317,3399,91284,1029500
687,179,155,155138,3423,91439,893200
688,171,178,154967,3416,91617,942600
689,168,165,154799,3419,91782,964300
690,159,173,154640,3405,91955,965500
691,168,171,154472,3402,92126,961400
692,157,174,154315,3385,92300,956200
693,180,163,154135,3402,92463,955100
694,175,163,153960,3414,92626,984100
695,182,182,153778,3414,92808,967900
696,174,183,153604,3405,92991,982900
697,156,175,153448,3386,93166,1135800
698,181,178,153267,3389,93344,969900
699,208,165,153059,3432,93509,868000
700,193,189,152866,3436,93698,946500
701,171,174,152695,3433,93872,1082300
702,175,173,152520,3435,94045,955800
703,162,198,152358,3399,94243,857700
704,196,175,152162,3420,94418,860900
705,157,162,152005,3415,94580,864700
706,168,161,151837,3422,94741,863100
707,176,173,151661,3425,94914,853900
708,174,162,151487,3437,95076,859900
709,163,185,151324,3415,95261,861400
710,174,170,151150,3419,95431,853300
711,178,147,150972,3450,95578,864600
712,201,165,150771,3486,95743,856600
713,185,163,150586,3508,95906,861400
714,202,172,150384,3538,96078,890600
715,176,174,150208,3540,96252,865100
716,191,176,150017,3555,96428,863000
717,175,198,149842,3532,96626,866200
718,175,180,149667,3527,96806,891800
719,199,153,149468,3573,96959,868300
720,165,177,149303,3561,97136,868300
721,190,177,149113,3574,97313,862200
722,192,192,148921,3574,97505,863400
723,167,170,148754,3571,97675,870300
724,182,164,148572,3589,97839,862300
725,217,178,148355,3628,98017,861800
726,197,196,148158,3629,98213,880500
727,201,186,147957,3644,98399,862100
728,174,177,147783,3641,98576,866000
729,193,187,147590,3647,98763,884000
730,198,188,147392,3657,98951,883700
731,204,208,147188,3653,99159,873500
732,172,204,147016,3621,99363,863100
733,180,196,146836,3605,99559,869800
734,181,171,146655,3615,99730,861900
735,177,185,146478,3607,99915,872200
736,200,171,146278,3636,100086,867100
737,164,178,146114,3622,100264,865500
738,184,177,145930,3629,100441,862600
739,198,157,145732,3670,100598,866600
740,173,178,145559,3665,100776,862900
741,184,158,145375,3691,100934,862300
742,204,161,145171,3734,101095,880400
743,184,199,144987,3719,101294,866600
744,186,193,144801,3712,101487,877000
745,179,194,144622,3697,101681,872700
746,203,187,144419,3713,101868,871000
747,165,164,144254,3714,102032,867700
748,188,199,144066,3703,102231,868200
749,197,184,143869,3716,102415,878100
750,170,202,143699,3684,102617,865900
751,188,164,143511,3708,102781,867600
752,166,175,143345,3699,102956,860100
753,185,208,143160,3676,103164,876200
754,176,193,142984,3659,103357,874200
755,176,188,142808,3647,103545,874900
756,174,188,142634,3633,103733,860900
757,171,189,142463,3615,103922,868400
758,177,178,142286,3614,104100,862600
759,196,194,142090,3616,104294,866600
760,173,165,141917,3624,104459,869100
761,200,179,141717,3645,104638,875800
762,181,190,141536,3636,104828,873500
763,183,197,141353,3622,105025,864500
764,197,171,141156,3648,105196,902000
765,167,180,140989,3635,105376,874100
766,187,191,140802,3631,105567,869800
767,152,183,140650,3600,105750,859100
768,193,174,140457,3619,105924,865200
769,189,191,140268,3617,106115,870800
770,199,169,140069,3647,106284,898700
771,176,206,139893,3617,106490,911700
772,195,188,139698,3624,106678,876600
773,179,175,139519,3628,106853,864500
774,201,183,139318,3646,107036,870400
775,216,158,139102,3704,107194,1084400
776,177,156,138925,3725,107350,904900
777,202,186,138723,3741,107536,881000
778,199,187,138524,3753,107723,988500
779,174,163,138350,3764,107886,862300
780,207,189,138143,3782,108075,867900
781,209,191,137934,3800,108266,875200
782,186,172,137748,3814,108438,884300
783,200,167,137548,3847,108605,879500
784,177,198,137371,3826,108803,894000
785,185,193,137186,3818,108996,881600
786,190,209,136996,3799,109205,870000
787,179,178,136817,3800,109383,868100
788,194,211,136623,3783,109594,888600
789,187,185,136436,3785,109779,877400
790,187,192,136249,3780,109971,868800
791,188,198,136061,3770,110169,871700
792,215,192,135846,3793,110361,868000
793,185,192,135661,3786,110553,872300
794,190,184,135471,3792,110737,871700
795,187,174,135284,3805,110911,875100
796,212,191,135072,3826,111102,872300
797,199,179,134873,3846,111281,873300
798,217,205,134656,3858,111486,870900
799,199,194,134457,3863,111680,868400
800,213,189,134244,3887,111869,897900
801,196,197,134048,3886,112066,912200
802,186,202,133862,3870,112268,876500
803,212,212,133650,3870,112480,876800
804,198,223,133452,3845,112703,872500
805,194,204,133258,3835,112907,869800
806,192,189,133066,3838,113096,878200
807,201,204,132865,3835,113300,876000
808,179,180,132686,3834,113480,871200
809,200,188,132486,3846,113668,868000
810,197,193,132289,3850,113861,885400
811,203,179,132086,3874,114040,867800
812,193,173,131893,3894,114213,878200
813,203,194,131690,3903,114407,879400
814,202,184,131488,3921,114591,876300
815,186,158,131302,3949,114749,867500
816,211,190,131091,3970,114939,874400
817,214,211,130877,3973,115150,877400
818,205,192,130672,3986,115342,891700
819,204,195,130468,3995,115537,877300
820,195,223,130273,3967,115760,878400
821,174,189,130099,3952,115949,870700
822,173,210,129926,3915,116159,872600
823,188,212,129738,3891,116371,873600
824,179,216,129559,3854,116587,872000
825,196,194,129363,3856,116781,880000
826,180,198,129183,3838,116979,870900
827,197,176,128986,3859,117155,876600
828,183,170,128803,3872,117325,869400
829,194,197,128609,3869,117522,875400
830,231,203,128378,3897,117725,874400
831,199,200,128179,3896,117925,872300
832,212,226,127967,3882,118151,873500
833,184,202,127783,3864,118353,868700
834,191,193,127592,3862,118546,868300
835,172,179,127420,3855,118725,884900
836,189,187,127231,3857,118912,995000
837,200,183,127031,3874,119095,1050800
838,204,188,126827,3890,119283,878600
839,183,207,126644,3866,119490,875000
840,192,191,126452,3867,119681,872500
841,182,215,126270,3834,119896,875800
842,187,178,126083,3843,120074,868500
843,204,218,125879,3829,120292,871500
844,223,179,125656,3873,120471,876600
845,200,198,125456,3875,120669,870600
846,201,194,125255,3882,120863,877700
847,174,214,125081,3842,121077,869100
848,202,187,124879,3857,121264,871500
849,181,202,124698,3836,121466,868800
850,156,214,124542,3778,121680,864600
851,193,173,124349,3798,121853,873300
852,199,182,124150,3815,122035,872100
853,195,195,123955,3815,122230,899400
854,194,163,123761,3846,122393,872000
855,177,198,123584,3825,122591,873100
856,185,181,123399,3829,122772,870700
857,172,170,123227,3831,122942,871500
858,190,183,123037,3838,123125,866200
859,171,210,122866,3799,123335,877500
860,193,203,122673,3789,123538,878500
861,204,199,122469,3794,123737,878700
862,201,177,122268,3818,123914,873900
863,170,183,122098,3805,124097,877200
864,195,207,121903,3793,124304,872500
865,198,178,121705,3813,124482,865700
866,189,182,121516,3820,124664,871600
867,215,176,121301,3859,124840,873900
868,200,201,121101,3858,125041,877000
869,203,201,120898,3860,125242,873800
870,190,185,120708,3865,125427,871800
871,175,190,120533,3850,125617,1103700
872,218,204,120315,3864,125821,937700
873,219,222,120096,3861,126043,876700
874,181,209,119915,3833,126252,889300
875,180,196,119735,3817,126448,876300
876,184,189,119551,3812,126637,881200
877,183,196,119368,3799,126833,871300
878,188,170,119180,3817,127003,874500
879,193,197,118987,3813,127200,871300
880,205,200,118782,3818,127400,872800
881,187,192,118595,3813,127592,868400
882,165,205,118430,3773,127797,867200
883,182,211,118248,3744,128008,872600
884,199,190,118049,3753,128198,867300
885,186,186,117863,3753,128384,873800
886,190,171,117673,3772,128555,872000
887,194,174,117479,3792,128729,873700
888,197,199,117282,3790,128928,905500
889,191,186,117091,3795,129114,886800
890,198,194,116893,3799,129308,873000
891,216,215,116677,3800,129523,880000
892,197,165,116480,3832,129688,883800
893,194,195,116286,3831,129883,880500
894,204,191,116082,3844,130074,897300
895,209,200,115873,3853,130274,894300
896,221,187,115652,3887,130461,877300
897,196,174,115456,3909,130635,874800
898,205,193,115251,3921,130828,884300
899,171,175,115080,3917,131003,873200
900,188,197,114892,3908,131200,882900
901,181,188,114711,3901,131388,874200
902,192,203,114519,3890,131591,875700
903,202,193,114317,3899,131784,878400
904,215,202,114102,3912,131986,879600
905,217,181,113885,3948,132167,879000
906,188,197,113697,3939,132364,921800
907,216,189,113481,3966,132553,881800
908,196,195,113285,3967,132748,880000
909,193,196,113092,3964,132944,874800
910,193,190,112899,3967,133134,880600
911,199,180,112700,3986,133314,875400
912,209,196,112491,3999,133510,879100
913,187,196,112304,3990,133706,872400
914,166,197,112138,3959,133903,879200
915,212,217,111926,3954,134120,877300
916,199,196,111727,3957,134316,881600
917,174,196,111553,3935,134512,880900
918,195,190,111358,3940,134702,878500
919,204,198,111154,3946,134900,882200
920,201,186,110953,3961,135086,872700
921,185,210,110768,3936,135296,876000
922,177,186,110591,3927,135482,877000
923,204,178,110387,3953,135660,900000
924,191,207,110196,3937,135867,990800
925,187,194,110009,3930,136061,880400
926,188,209,109821,3909,136270,885700
927,203,183,109618,3929,136453,887700
928,199,203,109419,3925,136656,882700
929,206,187,109213,3944,136843,879100
930,214,230,108999,3928,137073,889000
931,188,208,108811,3908,137281,889100
932,191,190,108620,3909,137471,890900
933,208,189,108412,3928,137660,886900
934,197,201,108215,3924,137861,889000
935,187,180,108028,3931,138041,885200
936,208,178,107820,3961,138219,877600
937,222,215,107598,3968,138434,881700
938,216,183,107382,4001,138617,884800
939,195,204,107187,3992,138821,881000
940,197,198,106990,3991,139019,891900
941,193,202,106797,3982,139221,918900
942,227,181,106570,4028,139402,901400
943,209,201,106361,4036,139603,888500
944,227,184,106134,4079,139787,886100
945,212,213,105922,4078,140000,891500
946,227,195,105695,4110,140195,894200
947,202,196,105493,4116,140391,895500
948,202,229,105291,4089,140620,891700
949,215,164,105076,4140,140784,890600
950,185,205,104891,4120,140989,887600
951,188,212,104703,4096,141201,884500
952,200,178,104503,4118,141379,883500
953,199,229,104304,4088,141608,887000
954,199,209,104105,4078,141817,889100
955,228,197,103877,4109,142014,885600
956,193,221,103684,4081,142235,896600
957,204,199,103480,4086,142434,885700
958,198,194,103282,4090,142628,915300
959,212,229,103070,4073,142857,887900
960,221,203,102849,4091,143060,893700
961,196,218,102653,4069,143278,887200
962,200,211,102453,4058,143489,894100
963,200,166,102253,4092,143655,884400
964,194,194,102059,4092,143849,899200
965,184,199,101875,4077,144048,895100
966,196,199,101679,4074,144247,886400
967,205,210,101474,4069,144457,892200
968,211,195,101263,4085,144652,884000
969,196,224,101067,4057,144876,893100
970,195,205,100872,4047,145081,884300
971,195,205,100677,4037,145286,887500
972,201,183,100476,4055,145469,889900
973,225,209,100251,4071,145678,906200
974,198,195,100053,4074,145873,887000
975,198,223,99855,4049,146096,925400
976,213,191,99642,4071,146287,906400
977,198,217,99444,4052,146504,895600
978,172,183,99272,4041,146687,885800
979,205,205,99067,4041,146892,885700
980,233,208,98834,4066,147100,881500
981,181,213,98653,4034,147313,892100
982,197,215,98456,4016,147528,880400
983,223,220,98233,4019,147748,891400
984,184,189,98049,4014,147937,884800
985,211,211,97838,4014,148148,887300
986,203,194,97635,4023,148342,887600
987,170,183,97465,4010,148525,885900
988,194,230,97271,3974,148755,889400
989,202,191,97069,3985,148946,892600
990,221,187,96848,4019,149133,885600
991,195,198,96653,4016,149331,882100
992,217,182,96436,4051,149513,884600
993,220,196,96216,4075,149709,919200
994,223,200,95993,4098,149909,892000
995,202,187,95791,4113,150096,891100
996,213,188,95578,4138,150284,894300
997,218,236,95360,4120,150520,888900
998,209,216,95151,4113,150736,886800
999,210,195,94941,4128,150931,892400
1000,213,228,94728,4113,151159,890400
1001,199,228,94529,4084,151387,893600
1002,214,221,94315,4077,151608,888300
1003,215,176,94100,4116,151784,889600
1004,215,222,93885,4109,152006,890700
1005,187,201,93698,4095,152207,889400
1006,208,198,93490,4105,152405,889900
1007,218,189,93272,4134,152594,882800
1008,197,195,93075,4136,152789,907800
1009,214,204,92861,4146,152993,906800
1010,211,198,92650,4159,153191,971000
1011,218,197,92432,4180,153388,934700
1012,217,206,92215,4191,153594,938400
1013,182,206,92033,4167,153800,909600
1014,208,195,91825,4180,153995,893600
1015,202,202,91623,4180,154197,895200
1016,209,219,91414,4170,154416,889300
1017,201,201,91213,4170,154617,896000
1018,222,225,90991,4167,154842,893600
1019,215,217,90776,4165,155059,893200
1020,203,199,90573,4169,155258,880200
1021,223,221,90350,4171,155479,889900
1022,225,231,90125,4165,155710,925000
1023,188,211,89937,4142,155921,900900
1024,194,217,89743,4119,156138,887000
1025,211,182,89532,4148,156320,885800
1026,216,204,89316,4160,156524,890100
1027,201,231,89115,4130,156755,924000
1028,231,206,88884,4155,156961,892700
1029,201,218,88683,4138,157179,892700
1030,230,215,88453,4153,157394,890200
1031,244,201,88209,4196,157595,895200
1032,199,199,88010,4196,157794,893500
1033,223,214,87787,4205,158008,895600
1034,226,207,87561,4224,158215,887500
1035,213,225,87348,4212,158440,886400
1036,225,217,87123,4220,158657,903100
1037,200,214,86923,4206,158871,901400
1038,188,214,86735,4180,159085,895200
1039,205,209,86530,4176,159294,894200
1040,212,219,86318,4169,159513,894000
1041,215,208,86103,4176,159721,889800
1042,202,199,85901,4179,159920,893200
1043,187,212,85714,4154,160132,888300
1044,227,207,85487,4174,160339,908800
1045,205,223,85282,4156,160562,905000
1046,202,201,85080,4157,160763,898900
1047,203,202,84877,4158,160965,903700
1048,196,200,84681,4154,161165,891000
1049,182,209,84499,4127,161374,896400
1050,191,203,84308,4115,161577,881900
1051,170,197,84138,4088,161774,889600
1052,197,217,83941,4068,161991,890700
1053,220,205,83721,4083,162196,890500
1054,204,178,83517,4109,162374,887100
1055,205,209,83312,4105,162583,884100
1056,201,192,83111,4114,162775,891000
1057,212,218,82899,4108,162993,898800
1058,199,202,82700,4105,163195,894400
1059,208,211,82492,4102,163406,895200
1060,208,232,82284,4078,163638,889800
1061,216,202,82068,4092,163840,884000
1062,182,214,81886,4060,164054,913400
1063,203,190,81683,4073,164244,884100
1064,172,190,81511,4055,164434,885400
1065,197,214,81314,4038,164648,882700
1066,234,197,81080,4075,164845,888600
1067,220,230,80860,4065,165075,886900
1068,197,201,80663,4061,165276,891300
1069,197,221,80466,4037,165497,900700
1070,191,191,80275,4037,165688,885400
1071,184,196,80091,4025,165884,881500
1072,185,215,79906,3995,166099,881700
1073,204,200,79702,3999,166299,887500
1074,194,161,79508,4032,166460,882700
1075,216,213,79292,4035,166673,887400
1076,225,167,79067,4093,166840,914000
1077,211,202,78856,4102,167042,894200
1078,206,198,78650,4110,167240,923200
1079,209,196,78441,4123,167436,1117300
1080,218,220,78223,4121,167656,940400
1081,219,208,78004,4132,167864,893300
1082,232,225,77772,4139,168089,897800
1083,218,220,77554,4137,168309,887300
1084,198,218,77356,4117,168527,895300
1085,228,205,77128,4140,168732,887100
1086,192,209,76936,4123,168941,884800
1087,186,202,76750,4107,169143,895400
1088,210,190,76540,4127,169333,883800
1089,227,203,76313,4151,169536,888500
1090,196,213,76117,4134,169749,882100
1091,199,210,75918,4123,169959,890200
1092,189,206,75729,4106,170165,890500
1093,178,217,75551,4067,170382,919500
1094,200,196,75351,4071,170578,886100
1095,211,202,75140,4080,170780,893700
1096,200,206,74940,4074,170986,894300
1097,206,207,74734,4073,171193,888100
1098,182,194,74552,4061,171387,894300
1099,243,204,74309,4100,171591,888800
1100,185,197,74124,4088,171788,892700
1101,201,228,73923,4061,172016,883100
1102,183,195,73740,4049,172211,887000
1103,215,215,73525,4049,172426,883600
1104,200,207,73325,4042,172633,888800
1105,197,199,73128,4040,172832,888300
1106,187,196,72941,4031,173028,888400
1107,198,208,72743,4021,173236,894500
1108,198,206,72545,4013,173442,900200
1109,185,203,72360,3995,173645,905300
1110,204,204,72156,3995,173849,882000
1111,205,185,71951,4015,174034,892700
1112,204,201,71747,4018,174235,878900
1113,211,200,71536,4029,174435,905400
1114,184,181,71352,4032,174616,897600
1115,195,188,71157,4039,174804,884500
1116,221,176,70936,4084,174980,881900
1117,194,220,70742,4058,175200,890200
1118,200,221,70542,4037,175421,881600
1119,217,191,70325,4063,175612,879400
1120,197,194,70128,4066,175806,878600
1121,206,195,69922,4077,176001,892700
1122,195,199,69727,4073,176200,891800
1123,180,206,69547,4047,176406,885600
1124,192,210,69355,4029,176616,892700
1125,210,197,69145,4042,176813,880700
1126,171,224,68974,3989,177037,893700
1127,186,199,68788,3976,177236,887900
1128,193,191,68595,3978,177427,888200
1129,204,224,68391,3958,177651,895000
1130,204,193,68187,3969,177844,883100
1131,197,193,67990,3973,178037,898700
1132,207,182,67783,3998,178219,879700
1133,185,204,67598,3979,178423,881300
1134,184,179,67414,3984,178602,877900
1135,171,202,67243,3953,178804,891500
1136,167,197,67076,3923,179001,880500
1137,170,201,66906,3892,179202,885100
1138,207,216,66699,3883,179418,874800
1139,187,186,66512,3884,179604,886600
1140,158,200,66354,3842,179804,871300
1141,164,187,66190,3819,179991,873800
1142,147,197,66043,3769,180188,878300
1143,173,198,65870,3744,180386,879400
1144,181,171,65689,3754,180557,881100
1145,164,197,65525,3721,180754,874200
1146,168,183,65357,3706,180937,869000
1147,195,197,65162,3704,181134,872200
1148,176,198,64986,3682,181332,874300
1149,172,184,64814,3670,181516,971400
1150,172,186,64642,3656,181702,908900
1151,183,162,64459,3677,181864,891400
1152,175,180,64284,3672,182044,886000
1153,180,159,64104,3693,182203,896600
1154,199,138,63905,3754,182341,888100
1155,168,193,63737,3729,182534,877700
1156,172,193,63565,3708,182727,873700
1157,191,180,63374,3719,182907,875200
1158,159,196,63215,3682,183103,873400
1159,188,193,63027,3677,183296,871300
1160,165,191,62862,3651,183487,881800
1161,158,192,62704,3617,183679,870500
1162,171,201,62533,3587,183880,901300
1163,183,174,62350,3596,184054,882200
1164,159,195,62191,3560,184249,872200
1165,187,185,62004,3562,184434,984000
1166,151,191,61853,3522,184625,1117300
1167,158,161,61695,3519,184786,988300
1168,175,177,61520,3517,184963,883600
1169,159,196,61361,3480,185159,885900
1170,155,189,61206,3446,185348,880200
1171,174,172,61032,3448,185520,863800
1172,157,176,60875,3429,185696,919200
1173,164,156,60711,3437,185852,961800
1174,167,149,60544,3455,186001,889600
1175,172,161,60372,3466,186162,874500
1176,169,151,60203,3484,186313,878500
1177,164,192,60039,3456,186505,934800
1178,167,188,59872,3435,186693,886700
1179,152,174,59720,3413,186867,868600
1180,183,154,59537,3442,187021,865600
1181,151,191,59386,3402,187212,872900
1182,143,170,59243,3375,187382,867100
1183,156,157,59087,3374,187539,901100
1184,154,168,58933,3360,187707,867300
1185,155,173,58778,3342,187880,869400
1186,157,156,58621,3343,188036,864200
1187,153,158,58468,3338,188194,865700
1188,157,168,58311,3327,188362,865700
1189,173,136,58138,3364,188498,864400
1190,148,185,57990,3327,188683,869900
1191,152,153,57838,3326,188836,864100
1192,169,161,57669,3334,188997,867200
1193,155,158,57514,3331,189155,870400
1194,158,180,57356,3309,189335,887900
1195,158,141,57198,3326,189476,866900
1196,164,171,57034,3319,189647,866300
1197,182,184,56852,3317,189831,874100
1198,161,193,56691,3285,190024,874700
1199,182,169,56509,3298,190193,871500
1200,165,180,56344,3283,190373,864700
1201,162,164,56182,3281,190537,905500
1202,153,185,56029,3249,190722,863900
1203,167,174,55862,3242,190896,876600
1204,182,180,55680,3244,191076,864600
1205,168,137,55512,3275,191213,860900
1206,143,168,55369,3250,191381,867800
1207,183,184,55186,3249,191565,866200
1208,154,159,55032,3244,191724,867600
1209,157,174,54875,3227,191898,870600
1210,150,152,54725,3225,192050,879300
1211,161,175,54564,3211,192225,863700
1212,166,149,54398,3228,192374,861400
1213,153,178,54245,3203,192552,866800
1214,164,136,54081,3231,192688,867300
1215,165,143,53916,3253,192831,869800
1216,172,172,53744,3253,193003,873500
1217,154,180,53590,3227,193183,866200
1218,164,153,53426,3238,193336,865800
1219,147,152,53279,3233,193488,1232200
1220,170,154,53109,3249,193642,978800
1221,180,173,52929,3256,193815,860800
1222,169,169,52760,3256,193984,870900
1223,152,173,52608,3235,194157,857300
1224,152,154,52456,3233,194311,858400
1225,183,149,52273,3267,194460,863200
1226,174,153,52099,3288,194613,856200
1227,206,150,51893,3344,194763,859800
1228,151,167,51742,3328,194930,866100
1229,157,153,51585,3332,195083,867800
1230,164,170,51421,3326,195253,857700
1231,161,165,51260,3322,195418,859600
1232,152,168,51108,3306,195586,866100
1233,158,173,50950,3291,195759,858800
1234,155,147,50795,3299,195906,870000
1235,165,200,50630,3264,196106,858800
1236,160,159,50470,3265,196265,867300
1237,157,155,50313,3267,196420,897300
1238,167,162,50146,3272,196582,868000
1239,146,133,50000,3285,196715,858700
1240,177,176,49823,3286,196891,859500
1241,151,158,49672,3279,197049,871100
1242,172,158,49500,3293,197207,860100
1243,181,176,49319,3298,197383,858800
1244,168,159,49151,3307,197542,860000
1245,157,148,48994,3316,197690,866300
1246,163,153,48831,3326,197843,860400
1247,156,167,48675,3315,198010,859600
1248,152,160,48523,3307,198170,868700
1249,186,151,48337,3342,198321,871600
1250,154,177,48183,3319,198498,869500
1251,140,153,48043,3306,198651,872300
1252,165,155,47878,3316,198806,861400
1253,156,164,47722,3308,198970,861700
1254,161,165,47561,3304,199135,899500
1255,147,152,47414,3299,199287,1318400
1256,154,176,47260,3277,199463,880800
1257,166,152,47094,3291,199615,879700
1258,163,160,46931,3294,199775,875000
1259,165,167,46766,3292,199942,865500
1260,176,173,46590,3295,200115,860000
1261,177,138,46413,3334,200253,879600
1262,155,184,46258,3305,200437,875700
1263,153,141,46105,3317,200578,866000
1264,172,161,45933,3328,200739,864400
1265,176,150,45757,3354,200889,863900
1266,149,190,45608,3313,201079,860600
1267,158,153,45450,3318,201232,870400
1268,180,161,45270,3337,201393,865200
1269,148,181,45122,3304,201574,865700
1270,154,168,44968,3290,201742,869200
1271,163,154,44805,3299,201896,888600
1272,157,166,44648,3290,202062,870700
1273,149,151,44499,3288,202213,865000
1274,155,158,44344,3285,202371,858300
1275,174,174,44170,3285,202545,869300
1276,135,134,44035,3286,202679,864800
1277,161,161,43874,3286,202840,856900
1278,161,169,43713,3278,203009,860500
1279,143,157,43570,3264,203166,853300
1280,162,183,43408,3243,203349,873900
1281,152,159,43256,3236,203508,867600
1282,158,165,43098,3229,203673,859900
1283,136,183,42962,3182,203856,867100
1284,112,163,42850,3131,204019,864500
1285,122,166,42728,3087,204185,855000
1286,126,171,42602,3042,204356,849300
1287,155,140,42447,3057,204496,856300
1288,155,145,42292,3067,204641,895400
1289,129,144,42163,3052,204785,1396400
1290,129,149,42034,3032,204934,1015200
1291,154,161,41880,3025,205095,869400
1292,116,135,41764,3006,205230,857800
1293,133,135,41631,3004,205365,848600
1294,153,157,41478,3000,205522,853500
1295,144,130,41334,3014,205652,855500
1296,137,138,41197,3013,205790,847900
1297,136,143,41061,3006,205933,853000
1298,135,170,40926,2971,206103,855400
1299,134,139,40792,2966,206242,848500
1300,144,136,40648,2974,206378,854700
1301,148,165,40500,2957,206543,848200
1302,125,131,40375,2951,206674,853800
1303,132,144,40243,2939,206818,854200
1304,123,154,40120,2908,206972,854500
1305,143,151,39977,2900,207123,850100
1306,128,140,39849,2888,207263,855900
1307,156,151,39693,2893,207414,848800
1308,135,152,39558,2876,207566,850500
1309,131,154,39427,2853,207720,1078000
1310,142,124,39285,2871,207844,1147000
1311,115,143,39170,2843,207987,883000
1312,131,129,39039,2845,208116,852000
1313,162,151,38877,2856,208267,870800
1314,146,155,38731,2847,208422,849600
1315,155,155,38576,2847,208577,852700
1316,114,133,38462,2828,208710,845100
1317,131,135,38331,2824,208845,846400
1318,137,143,38194,2818,208988,843200
1319,131,134,38063,2815,209122,843700
1320,134,148,37929,2801,209270,847100
1321,117,145,37812,2773,209415,840300
1322,128,132,37684,2769,209547,864200
1323,132,133,37552,2768,209680,850400
1324,138,121,37414,2785,209801,957100
1325,133,139,37281,2779,209940,996500
1326,128,144,37153,2763,210084,1000800
1327,131,125,37022,2769,210209,1018600
1328,134,149,36888,2754,210358,1131600
1329,125,137,36763,2742,210495,993400
1330,129,141,36634,2730,210636,845600
1331,121,118,36513,2733,210754,840800
1332,112,131,36401,2714,210885,838100
1333,120,132,36281,2702,211017,848400
1334,138,134,36143,2706,211151,843500
1335,134,136,36009,2704,211287,842900
1336,113,150,35896,2667,211437,851300
1337,118,141,35778,2644,211578,845200
1338,118,131,35660,2631,211709,843800
1339,127,133,35533,2625,211842,837100
1340,122,127,35411,2620,211969,847600
1341,132,115,35279,2637,212084,850300
1342,113,122,35166,2628,212206,1079400
1343,121,130,35045,2619,212336,987900
1344,140,127,34905,2632,212463,845800
1345,124,135,34781,2621,212598,862200
1346,112,119,34669,2614,212717,861500
1347,151,124,34518,2641,212841,845100
1348,125,152,34393,2614,212993,852000
1349,129,109,34264,2634,213102,840100
1350,136,143,34128,2627,213245,843900
1351,125,137,34003,2615,213382,852500
1352,144,112,33859,2647,213494,838100
1353,123,133,33736,2637,213627,850900
1354,118,121,33618,2634,213748,849800
1355,125,133,33493,2626,213881,846700
1356,131,141,33362,2616,214022,840100
1357,120,143,33242,2593,214165,843700
1358,132,131,33110,2594,214296,855700
1359,128,140,32982,2582,214436,862900
1360,129,116,32853,2595,214552,889900
1361,143,117,32710,2621,214669,870600
1362,134,145,32576,2610,214814,860400
1363,127,139,32449,2598,214953,867900
1364,119,112,32330,2605,215065,846100
1365,130,118,32200,2617,215183,841500
1366,139,133,32061,2623,215316,848700
1367,129,140,31932,2612,215456,849300
1368,126,128,31806,2610,215584,840600
1369,124,107,31682,2627,215691,843100
1370,123,124,31559,2626,215815,841600
1371,127,135,31432,2618,215950,847400
1372,126,134,31306,2610,216084,845500
1373,112,123,31194,2599,216207,838200
1374,118,129,31076,2588,216336,841000
1375,106,126,30970,2568,216462,834900
1376,104,128,30866,2544,216590,839500
1377,102,104,30764,2542,216694,845300
1378,102,113,30662,2531,216807,838500
1379,119,105,30543,2545,216912,835000
1380,122,151,30421,2516,217063,837400
1381,118,124,30303,2510,217187,837400
1382,123,111,30180,2522,217298,846600
1383,108,118,30072,2512,217416,838000
1384,113,118,29959,2507,217534,838800
1385,117,115,29842,2509,217649,833300
1386,104,118,29738,2495,217767,835200
1387,130,134,29608,2491,217901,838100
1388,100,133,29508,2458,218034,846200
1389,114,117,29394,2455,218151,837500
1390,96,126,29298,2425,218277,843900
1391,78,116,29220,2387,218393,831500
1392,84,150,29136,2321,218543,833800
1393,83,117,29053,2287,218660,834000
1394,96,116,28957,2267,218776,833700
1395,86,88,28871,2265,218864,832000
1396,98,119,28773,2244,218983,841600
1397,100,114,28673,2230,219097,834000
1398,92,100,28581,2222,219197,845500
1399,106,109,28475,2219,219306,842300
1400,100,100,28375,2219,219406,836200
1401,90,112,28285,2197,219518,828000
1402,94,118,28191,2173,219636,828800
1403,104,116,28087,2161,219752,828100
1404,86,95,28001,2152,219847,822800
1405,102,120,27899,2134,219967,831800
1406,106,125,27793,2115,220092,830900
1407,102,109,27691,2108,220201,826700
1408,92,116,27599,2084,220317,824200
1409,90,104,27509,2070,220421,832200
1410,107,101,27402,2076,220522,822100
1411,121,89,27281,2108,220611,824700
1412,82,105,27199,2085,220716,844300
1413,118,104,27081,2099,220820,829600
1414,103,89,26978,2113,220909,825000
1415,111,108,26867,2116,221017,844600
1416,114,108,26753,2122,221125,829700
1417,98,91,26655,2129,221216,829500
1418,87,99,26568,2117,221315,854100
1419,100,118,26468,2099,221433,864300
1420,99,107,26369,2091,221540,836000
1421,96,96,26273,2091,221636,833400
1422,85,114,26188,2062,221750,826300
1423,96,91,26092,2067,221841,823400
1424,90,112,26002,2045,221953,829700
1425,87,91,25915,2041,222044,833900
1426,94,94,25821,2041,222138,828000
1427,96,111,25725,2026,222249,821300
1428,88,88,25637,2026,222337,821100
1429,97,92,25540,2031,222429,824900
1430,67,109,25473,1989,222538,822700
1431,79,103,25394,1965,222641,823100
1432,83,99,25311,1949,222740,821800
1433,77,87,25234,1939,222827,939300
1434,103,106,25131,1936,222933,1007600
1435,96,92,25035,1940,223025,848700
1436,94,102,24941,1932,223127,823800
1437,81,93,24860,1920,223220,823100
1438,87,115,24773,1892,223335,825300
1439,93,116,24680,1869,223451,829900
1440,76,84,24604,1861,223535,820700
1441,76,76,24528,1861,223611,836300
1442,81,103,24447,1839,223714,822900
1443,90,97,24357,1832,223811,845000
1444,86,95,24271,1823,223906,825800
1445,85,107,24186,1801,224013,820500
1446,73,90,24113,1784,224103,927700
1447,112,91,24001,1805,224194,820700
1448,87,80,23914,1812,224274,825200
1449,103,87,23811,1828,224361,826600
1450,99,95,23712,1832,224456,817400
1451,100,84,23612,1848,224540,830100
1452,93,78,23519,1863,224618,821500
1453,86,92,23433,1857,224710,833000
1454,91,90,23342,1858,224800,822700
1455,87,101,23255,1844,224901,822800
1456,89,96,23166,1837,224997,821900
1457,78,74,23088,1841,225071,822500
1458,91,105,22997,1827,225176,819400
1459,90,95,22907,1822,225271,826600
1460,77,104,22830,1795,225375,821500
1461,93,87,22737,1801,225462,827200
1462,93,89,22644,1805,225551,820700
1463,90,92,22554,1803,225643,827000
1464,107,85,22447,1825,225728,825700
1465,105,81,22342,1849,225809,834900
1466,83,89,22259,1843,225898,832100
1467,82,98,22177,1827,225996,820900
1468,92,89,22085,1830,226085,820900
1469,86,104,21999,1812,226189,822900
1470,83,85,21916,1810,226274,825700
1471,99,85,21817,1824,226359,978900
1472,92,110,21725,1806,226469,840700
1473,85,92,21640,1799,226561,854100
1474,86,92,21554,1793,226653,839400
1475,81,105,21473,1769,226758,835900
1476,96,82,21377,1783,226840,838500
1477,63,83,21314,1763,226923,889300
1478,96,97,21218,1762,227020,984900
1479,86,105,21132,1743,227125,863700
1480,86,94,21046,1735,227219,821700
1481,88,86,20958,1737,227305,830000
1482,92,70,20866,1759,227375,817900
1483,103,79,20763,1783,227454,823600
1484,84,109,20679,1758,227563,824300
1485,96,82,20583,1772,227645,829800
1486,93,88,20490,1777,227733,822800
1487,88,78,20402,1787,227811,825300
1488,90,79,20312,1798,227890,828200
1489,77,90,20235,1785,227980,841200
1490,84,73,20151,1796,228053,862500
1491,78,79,20073,1795,228132,862100
1492,68,86,20005,1777,228218,835300
1493,77,77,19928,1777,228295,825600
1494,84,89,19844,1772,228384,886400
1495,71,87,19773,1756,228471,1028000
1496,74,98,19699,1732,228569,920000
1497,76,88,19623,1720,228657,818400
1498,70,83,19553,1707,228740,827800
1499,87,91,19466,1703,228831,833000
1500,69,94,19397,1678,228925,829600
1501,65,81,19332,1662,229006,827300
1502,48,83,19284,1627,229089,821600
1503,76,72,19208,1631,229161,841300
1504,71,88,19137,1614,229249,852900
1505,66,88,19071,1592,229337,843200
1506,65,73,19006,1584,229410,825800
1507,68,73,18938,1579,229483,830000
1508,80,88,18858,1571,229571,843400
1509,54,73,18804,1552,229644,829600
1510,58,74,18746,1536,229718,823200
1511,62,63,18684,1535,229781,821000
1512,54,77,18630,1512,229858,823100
1513,74,82,18556,1504,229940,817000
1514,81,70,18475,1515,230010,812800
1515,63,78,18412,1500,230088,823000
1516,63,91,18349,1472,230179,812500
1517,62,84,18287,1450,230263,834500
1518,70,80,18217,1440,230343,827800
1519,72,66,18145,1446,230409,823200
1520,69,76,18076,1439,230485,815800
1521,58,58,18018,1439,230543,838300
1522,59,84,17959,1414,230627,818200
1523,72,64,17887,1422,230691,820200
1524,52,52,17835,1422,230743,807900
1525,63,77,17772,1408,230820,841000
1526,78,78,17694,1408,230898,1084700
1527,66,69,17628,1405,230967,911300
1528,71,57,17557,1419,231024,816200
1529,54,61,17503,1412,231085,813800
1530,70,60,17433,1422,231145,804600
1531,57,66,17376,1413,231211,811800
1532,63,73,17313,1403,231284,807900
1533,70,65,17243,1408,231349,807000
1534,66,59,17177,1415,231408,812600
1535,61,66,17116,1410,231474,807900
1536,51,74,17065,1387,231548,829300
1537,55,72,17010,1370,231620,830700
1538,54,61,16956,1363,231681,820500
1539,63,68,16893,1358,231749,813700
1540,55,61,16838,1352,231810,807700
1541,74,65,16764,1361,231875,811100
1542,75,56,16689,1380,231931,938700
1543,55,69,16634,1366,232000,819700
1544,61,65,16573,1362,232065,1078100
1545,59,82,16514,1339,232147,873000
1546,59,64,16455,1334,232211,809000
1547,55,82,16400,1307,232293,811700
1548,52,55,16348,1304,232348,803100
1549,47,67,16301,1284,232415,804700
1550,59,53,16242,1290,232468,808700
1551,65,65,16177,1290,232533,806500
1552,68,67,16109,1291,232600,812700
1553,48,69,16061,1270,232669,803700
1554,53,67,16008,1256,232736,803600
1555,37,54,15971,1239,232790,810400
1556,69,65,15902,1243,232855,805500
1557,53,56,15849,1240,232911,811900
1558,70,71,15779,1239,232982,808200
1559,41,69,15738,1211,233051,808300
1560,63,61,15675,1213,233112,818800
1561,49,60,15626,1202,233172,806500
1562,58,58,15568,1202,233230,810900
1563,56,51,15512,1207,233281,805200
1564,54,71,15458,1190,233352,809400
1565,55,51,15403,1194,233403,802200
1566,57,63,15346,1188,233466,819500
1567,55,70,15291,1173,233536,813500
1568,45,67,15246,1151,233603,846200
1569,74,65,15172,1160,233668,976000
1570,67,50,15105,1177,233718,818800
1571,51,65,15054,1163,233783,814200
1572,66,57,14988,1172,233840,817000
1573,56,59,14932,1169,233899,812400
1574,64,59,14868,1174,233958,803300
1575,56,65,14812,1165,234023,827500
1576,53,52,14759,1166,234075,810000
1577,47,55,14712,1158,234130,819200
1578,65,62,14647,1161,234192,820300
1579,55,61,14592,1155,234253,811400
1580,69,48,14523,1176,234301,926300
1581,54,61,14469,1169,234362,925800
1582,53,55,14416,1167,234417,955400
1583,61,64,14355,1164,234481,816200
1584,65,65,14290,1164,234546,812400
1585,53,55,14237,1162,234601,804900
1586,63,61,14174,1164,234662,805900
1587,49,61,14125,1152,234723,822100
1588,61,54,14064,1159,234777,812300
1589,56,61,14008,1154,234838,807600
1590,70,53,13938,1171,234891,801000
1591,54,45,13884,1180,234936,1013000
1592,45,52,13839,1173,234988,875400
1593,59,67,13780,1165,235055,819600
1594,48,48,13732,1165,235103,817700
1595,50,57,13682,1158,235160,820700
1596,54,50,13628,1162,235210,963300
1597,49,56,13579,1155,235266,824900
1598,38,62,13541,1131,235328,832000
1599,39,63,13502,1107,235391,867100
1600,47,53,13455,1101,235444,815400
1601,53,53,13402,1101,235497,807400
1602,50,54,13352,1097,235551,809500
1603,45,70,13307,1072,235621,804100
1604,55,47,13252,1080,235668,801000
1605,66,58,13186,1088,235726,805700
1606,43,46,13143,1085,235772,805400
1607,55,61,13088,1079,235833,803400
1608,47,61,13041,1065,235894,816400
1609,46,61,12995,1050,235955,799400
1610,51,52,12944,1049,236007,824400
1611,44,55,12900,1038,236062,811300
1612,43,45,12857,1036,236107,802800
1613,48,42,12809,1042,236149,813000
1614,61,55,12748,1048,236204,823200
1615,51,46,12697,1053,236250,801600
1616,51,53,12646,1051,236303,809000
1617,49,57,12597,1043,236360,831500
1618,66,62,12531,1047,236422,817500
1619,42,46,12489,1043,236468,806000
1620,35,59,12454,1019,236527,809900
1621,50,45,12404,1024,236572,812700
1622,58,50,12346,1032,236622,802400
1623,46,48,12300,1030,236670,803500
1624,49,45,12251,1034,236715,803300
1625,48,45,12203,1037,236760,878600
1626,57,60,12146,1034,236820,814600
1627,51,44,12095,1041,236864,830400
1628,55,52,12040,1044,236916,816300
1629,51,56,11989,1039,236972,804100
1630,53,64,11936,1028,237036,846700
1631,47,45,11889,1030,237081,867300
1632,40,48,11849,1022,237129,816400
1633,49,50,11800,1021,237179,819400
1634,33,54,11767,1000,237233,816200
1635,41,53,11726,988,237286,826500
1636,45,43,11681,990,237329,859600
1637,41,58,11640,973,237387,852800
1638,37,38,11603,972,237425,831900
1639,41,39,11562,974,237464,812700
1640,44,41,11518,977,237505,814900
1641,41,47,11477,971,237552,814000
1642,32,50,11445,953,237602,804200
1643,32,47,11413,938,237649,829000
1644,33,32,11380,939,237681,813200
1645,52,62,11328,929,237743,830800
1646,36,46,11292,919,237789,806100
1647,32,45,11260,906,237834,806900
1648,45,60,11215,891,237894,806200
1649,34,40,11181,885,237934,801000
1650,37,36,11144,886,237970,806400
1651,44,43,11100,887,238013,794900
1652,42,46,11058,883,238059,828300
1653,41,48,11017,876,238107,814000
1654,40,47,10977,869,238154,801600
1655,42,49,10935,862,238203,802100
1656,30,41,10905,851,238244,799100
1657,34,44,10871,841,238288,802000
1658,31,40,10840,832,238328,802500
1659,34,38,10806,828,238366,804300
1660,41,40,10765,829,238406,800600
1661,26,40,10739,815,238446,797100
1662,31,39,10708,807,238485,796800
1663,35,49,10673,793,238534,808000
1664,37,37,10636,793,238571,801700
1665,32,46,10604,779,238617,801300
1666,32,36,10572,775,238653,799100
1667,33,42,10539,766,238695,798000
1668,30,37,10509,759,238732,804100
1669,32,34,10477,757,238766,805900
1670,38,35,10439,760,238801,805700
1671,27,42,10412,745,238843,805700
1672,31,38,10381,738,238881,795000
1673,33,34,10348,737,238915,810400
1674,35,42,10313,730,238957,850400
1675,37,38,10276,729,238995,802800
1676,32,33,10244,728,239028,801100
1677,34,44,10210,718,239072,791100
1678,30,41,10180,707,239113,796800
1679,31,35,10149,703,239148,801900
1680,24,44,10125,683,239192,794900
1681,35,33,10090,685,239225,796200
1682,28,33,10062,680,239258,800800
1683,30,38,10032,672,239296,803900
1684,32,28,10000,676,239324,821700
1685,45,41,9955,680,239365,820800
1686,27,31,9928,676,239396,807300
1687,29,24,9899,681,239420,800300
1688,26,35,9873,672,239455,809400
1689,32,30,9841,674,239485,806800
1690,35,33,9806,676,239518,795700
1691,35,24,9771,687,239542,800800
1692,43,28,9728,702,239570,811100
1693,38,30,9690,710,239600,927500
1694,28,33,9662,705,239633,979800
1695,34,26,9628,713,239659,798800
1696,41,34,9587,720,239693,792900
1697,37,29,9550,728,239722,797800
1698,41,32,9509,737,239754,794700
1699,36,31,9473,742,239785,794900
1700,42,42,9431,742,239827,796700
1701,44,30,9387,756,239857,792400
1702,40,41,9347,755,239898,795200
1703,39,34,9308,760,239932,799800
1704,39,37,9269,762,239969,796800
1705,45,33,9224,774,240002,802800
1706,30,40,9194,764,240042,803200
1707,43,38,9151,769,240080,817600
1708,41,39,9110,771,240119,798400
1709,30,44,9080,757,240163,803000
1710,47,40,9033,764,240203,800900
1711,42,34,8991,772,240237,800200
1712,39,46,8952,765,240283,819500
1713,40,27,8912,778,240310,801500
1714,39,31,8873,786,240341,819800
1715,47,53,8826,780,240394,830500
1716,35,35,8791,780,240429,836800
1717,47,45,8744,782,240474,822400
1718,43,47,8701,778,240521,905800
1719,23,36,8678,765,240557,886600
1720,40,41,8638,764,240598,794600
1721,46,40,8592,770,240638,793900
1722,34,48,8558,756,240686,798000
1723,37,37,8521,756,240723,796100
1724,32,37,8489,751,240760,802300
1725,32,40,8457,743,240800,798000
1726,29,40,8428,732,240840,794400
1727,32,30,8396,734,240870,796600
1728,26,28,8370,732,240898,792700
1729,22,32,8348,722,240930,803100
1730,29,33,8319,718,240963,796600
1731,27,34,8292,711,240997,865700
1732,30,33,8262,708,241030,799100
1733,25,32,8237,701,241062,809800
1734,25,42,8212,684,241104,791200
1735,22,33,8190,673,241137,788100
1736,30,35,8160,668,241172,792000
1737,27,35,8133,660,241207,790600
1738,28,28,8105,660,241235,797700
1739,26,33,8079,653,241268,785800
1740,27,40,8052,640,241308,798700
1741,19,34,8033,625,241342,789700
1742,22,40,8011,607,241382,795500
1743,26,27,7985,606,241409,792700
1744,26,30,7959,602,241439,788500
1745,25,38,7934,589,241477,790000
1746,28,29,7906,588,241506,795200
1747,17,33,7889,572,241539,793800
1748,26,24,7863,574,241563,789700
1749,23,31,7840,566,241594,798300
1750,34,30,7806,570,241624,964600
1751,16,33,7790,553,241657,910000
1752,28,26,7762,555,241683,800700
1753,26,17,7736,564,241700,787500
1754,20,26,7716,558,241726,789900
1755,17,29,7699,546,241755,787700
1756,15,27,7684,534,241782,791400
1757,23,21,7661,536,241803,788900
1758,23,31,7638,528,241834,785400
1759,20,28,7618,520,241862,787100
1760,28,35,7590,513,241897,785200
1761,27,32,7563,508,241929,790500
1762,29,22,7534,515,241951,793500
1763,18,26,7516,507,241977,794800
1764,29,27,7487,509,242004,791500
1765,17,14,7470,512,242018,789600
1766,27,25,7443,514,242043,789000
1767,23,23,7420,514,242066,789500
1768,31,27,7389,518,242093,796900
1769,21,33,7368,506,242126,794300
1770,20,28,7348,498,242154,789500
1771,24,28,7324,494,242182,800000
1772,16,23,7308,487,242205,800700
1773,15,24,7293,478,242229,789100
1774,21,25,7272,474,242254,810200
1775,28,14,7244,488,242268,785500
1776,25,20,7219,493,242288,790700
1777,28,20,7191,501,242308,784700
1778,24,22,7167,503,242330,785900
1779,31,27,7136,507,242357,787500
1780,27,23,7109,511,242380,795000
1781,23,17,7086,517,242397,790200
1782,19,25,7067,511,242422,791000
1783,29,30,7038,510,242452,788500
1784,24,26,7014,508,242478,784000
1785,28,24,6986,512,242502,787100
1786,30,26,6956,516,242528,792900
1787,29,28,6927,517,242556,804300
1788,28,24,6899,521,242580,810700
1789,31,22,6868,530,242602,799100
1790,24,27,6844,527,242629,790400
1791,29,36,6815,520,242665,784500
1792,27,32,6788,515,242697,788200
1793,24,20,6764,519,242717,784800
1794,32,25,6732,526,242742,781800
1795,28,22,6704,532,242764,806200
1796,25,25,6679,532,242789,800900
1797,34,29,6645,537,242818,785700
1798,24,25,6621,536,242843,796900
1799,24,31,6597,529,242874,786700
1800,31,24,6566,536,242898,793200
1801,29,28,6537,537,242926,821700
1802,21,27,6516,531,242953,796100
1803,26,36,6490,521,242989,788400
1804,19,34,6471,506,243023,791300
1805,32,26,6439,512,243049,799600
1806,32,19,6407,525,243068,795100
1807,28,26,6379,527,243094,787400
1808,25,19,6354,533,243113,820400
1809,30,24,6324,539,243137,790600
1810,23,33,6301,529,243170,789600
1811,18,22,6283,525,243192,781800
1812,22,26,6261,521,243218,785100
1813,19,31,6242,509,243249,794700
1814,20,28,6222,501,243277,786600
1815,15,26,6207,490,243303,795300
1816,14,30,6193,474,243333,781800
1817,22,30,6171,466,243363,790800
1818,20,27,6151,459,243390,798300
1819,21,25,6130,455,243415,786600
1820,22,15,6108,462,243430,798700
1821,16,27,6092,451,243457,781600
1822,19,18,6073,452,243475,793000
1823,15,24,6058,443,243499,786500
1824,20,22,6038,441,243521,787300
1825,25,20,6013,446,243541,788400
1826,16,17,5997,445,243558,780300
1827,20,19,5977,446,243577,830300
1828,23,18,5954,451,243595,989100
1829,16,28,5938,439,243623,859200
1830,23,25,5915,437,243648,788300
1831,15,21,5900,431,243669,784500
1832,23,20,5877,434,243689,778000
1833,24,20,5853,438,243709,781800
1834,19,14,5834,443,243723,782000
1835,29,18,5805,454,243741,781800
1836,23,21,5782,456,243762,787100
1837,26,16,5756,466,243778,780200
1838,19,26,5737,459,243804,781300
1839,27,20,5710,466,243824,785400
1840,22,23,5688,465,243847,780000
1841,15,25,5673,455,243872,789400
1842,23,19,5650,459,243891,779000
1843,21,25,5629,455,243916,794700
1844,20,17,5609,458,243933,786200
1845,19,18,5590,459,243951,777400
1846,19,23,5571,455,243974,782800
1847,24,17,5547,462,243991,923300
1848,23,25,5524,460,244016,976200
1849,23,22,5501,461,244038,832000
1850,24,20,5477,465,244058,780700
1851,19,20,5458,464,244078,792700
1852,23,20,5435,467,244098,782400
1853,32,23,5403,476,244121,783200
1854,19,26,5384,469,244147,793700
1855,19,20,5365,468,244167,788800
1856,22,18,5343,472,244185,788300
1857,19,25,5324,466,244210,785500
1858,19,27,5305,458,244237,781400
1859,19,18,5286,459,244255,784300
1860,16,29,5270,446,244284,780600
1861,22,21,5248,447,244305,782900
1862,20,25,5228,442,244330,780400
1863,16,23,5212,435,244353,783500
1864,18,26,5194,427,244379,784000
1865,22,16,5172,433,244395,779800
1866,22,22,5150,433,244417,843000
1867,13,29,5137,417,244446,987700
1868,17,19,5120,415,244465,808700
1869,20,23,5100,412,244488,788100
1870,16,27,5084,401,244515,786800
1871,23,19,5061,405,244534,786100
1872,17,16,5044,406,244550,784000
1873,11,16,5033,401,244566,785100
1874,15,18,5018,398,244584,789100
1875,15,17,5003,396,244601,796000
1876,19,25,4984,390,244626,780300
1877,17,28,4967,379,244654,791500
1878,16,14,4951,381,244668,785100
1879,14,13,4937,382,244681,784500
1880,12,22,4925,372,244703,790500
1881,16,15,4909,373,244718,791500
1882,15,16,4894,372,244734,780900
1883,16,17,4878,371,244751,786400
1884,19,19,4859,371,244770,792900
1885,14,20,4845,365,244790,817400
1886,16,19,4829,362,244809,815100
1887,18,19,4811,361,244828,785000
1888,15,19,4796,357,244847,788400
1889,13,18,4783,352,244865,783900
1890,22,15,4761,359,244880,789800
1891,14,17,4747,356,244897,789700
1892,23,19,4724,360,244916,799400
1893,12,18,4712,354,244934,787700
1894,10,23,4702,341,244957,776200
1895,14,13,4688,342,244970,785800
1896,10,17,4678,335,244987,782000
1897,11,21,4667,325,245008,776100
1898,15,20,4652,320,245028,791900
1899,8,22,4644,306,245050,783300
1900,19,10,4625,315,245060,780200
1901,12,13,4613,314,245073,782300
1902,14,15,4599,313,245088,779400
1903,18,22,4581,309,245110,778400
1904,12,20,4569,301,245130,780500
1905,10,15,4559,296,245145,783000
1906,16,14,4543,298,245159,814200
1907,15,10,4528,303,245169,791400
1908,15,19,4513,299,245188,789400
1909,9,19,4504,289,245207,787300
1910,16,17,4488,288,245224,778800
1911,8,13,4480,283,245237,785200
1912,12,21,4468,274,245258,786000
1913,11,14,4457,271,245272,788100
1914,10,8,4447,273,245280,781500
1915,14,12,4433,275,245292,775200
1916,12,17,4421,270,245309,791600
1917,14,14,4407,270,245323,781600
1918,5,7,4402,268,245330,785300
1919,9,14,4393,263,245344,782600
1920,13,13,4380,263,245357,789900
1921,7,17,4373,253,245374,783200
1922,14,18,4359,249,245392,782700
1923,8,11,4351,246,245403,785700
1924,6,17,4345,235,245420,780700
1925,8,11,4337,232,245431,779900
1926,11,11,4326,232,245442,803600
1927,9,12,4317,229,245454,775700
1928,5,11,4312,223,245465,781200
1929,8,9,4304,222,245474,777200
1930,10,10,4294,222,245484,779300
1931,11,15,4283,218,245499,796800
1932,9,7,4274,220,245506,808400
1933,10,11,4264,219,245517,778300
1934,8,9,4256,218,245526,789600
1935,5,12,4251,211,245538,777400
1936,8,11,4243,208,245549,780200
1937,4,12,4239,200,245561,775400
1938,7,10,4232,197,245571,777600
1939,9,12,4223,194,245583,777200
1940,9,7,4214,196,245590,779900
1941,9,17,4205,188,245607,776400
1942,10,9,4195,189,245616,773600
1943,8,12,4187,185,245628,779400
1944,3,8,4184,180,245636,782000
1945,7,8,4177,179,245644,829900
1946,8,8,4169,179,245652,971500
1947,8,10,4161,177,245662,895200
1948,8,14,4153,171,245676,772400
1949,7,5,4146,173,245681,785100
1950,10,10,4136,173,245691,775600
1951,7,11,4129,169,245702,773600
1952,6,11,4123,164,245713,774700
1953,7,8,4116,163,245721,771100
1954,10,9,4106,164,245730,773000
1955,3,11,4103,156,245741,774100
1956,5,12,4098,149,245753,770600
1957,7,9,4091,147,245762,773200
1958,12,3,4079,156,245765,774200
1959,6,7,4073,155,245772,772000
1960,7,7,4066,155,245779,774400
1961,5,6,4061,154,245785,784600
1962,2,9,4059,147,245794,775100
1963,5,6,4054,146,245800,779100
1964,3,5,4051,144,245805,778600
1965,4,5,4047,143,245810,789700
1966,5,11,4042,137,245821,782600
1967,5,9,4037,133,245830,785300
1968,6,8,4031,131,245838,782800
1969,4,5,4027,130,245843,849900
1970,3,6,4024,127,245849,871300
1971,3,5,4021,125,245854,777500
1972,4,7,4017,122,245861,769700
1973,4,9,4013,117,245870,770600
1974,2,8,4011,111,245878,777800
1975,5,4,4006,112,245882,768900
1976,2,6,4004,108,245888,774700
1977,3,8,4001,103,245896,787600
1978,3,6,3998,100,245902,768500
1979,5,4,3993,101,245906,771300
1980,1,8,3992,94,245914,767800
1981,5,1,3987,98,245915,772900
1982,3,3,3984,98,245918,772700
1983,3,6,3981,95,245924,774700
1984,5,5,3976,95,245929,777100
1985,7,7,3969,95,245936,857600
1986,3,3,3966,95,245939,769000
1987,4,3,3962,96,245942,784700
1988,4,1,3958,99,245943,768600
1989,4,6,3954,97,245949,777500
1990,3,5,3951,95,245954,772400
1991,2,3,3949,94,245957,769400
1992,0,6,3949,88,245963,776100
1993,7,4,3942,91,245967,768700
1994,6,8,3936,89,245975,774200
1995,3,6,3933,86,245981,769300
1996,2,6,3931,82,245987,774900
1997,2,2,3929,82,245989,773800
1998,5,8,3924,79,245997,767800
1999,2,3,3922,78,246000,774200
2000,4,3,3918,79,246003,772200
2001,1,7,3917,73,246010,771800
2002,3,4,3914,72,246014,774400
2003,1,5,3913,68,246019,776100
2004,4,5,3909,67,246024,806000
2005,0,2,3909,65,246026,781100
2006,2,3,3907,64,246029,785100
2007,2,3,3905,63,246032,772300
2008,1,1,3904,63,246033,771600
2009,0,0,3904,63,246033,765900
2010,4,4,3900,63,246037,773800
2011,3,2,3897,64,246039,772600
2012,0,4,3897,60,246043,779500
2013,2,1,3895,61,246044,776000
2014,0,4,3895,57,246048,777000
2015,1,1,3894,57,246049,774700
2016,3,6,3891,54,246055,771600
2017,0,3,3891,51,246058,769400
2018,1,2,3890,50,246060,779700
2019,3,4,3887,49,246064,768400
2020,0,3,3887,46,246067,774900
2021,1,1,3886,46,246068,771500
2022,3,1,3883,48,246069,775500
2023,2,4,3881,46,246073,779300
2024,0,1,3881,45,246074,769700
2025,2,1,3879,46,246075,777900
2026,3,1,3876,48,246076,814900
2027,1,4,3875,45,246080,807700
2028,2,1,3873,46,246081,785000
2029,2,3,3871,45,246084,775600
2030,2,4,3869,43,246088,781000
2031,2,3,3867,42,246091,769500
2032,1,3,3866,40,246094,768500
2033,0,2,3866,38,246096,774400
2034,0,0,3866,38,246096,771300
2035,1,5,3865,34,246101,765900
2036,0,1,3865,33,246102,775300
2037,2,2,3863,33,246104,766600
2038,0,2,3863,31,246106,775500
2039,0,1,3863,30,246107,767400
2040,0,0,3863,30,246107,772700
2041,0,1,3863,29,246108,771400
2042,0,1,3863,28,246109,769000
2043,1,1,3862,28,246110,780800
2044,0,0,3862,28,246110,792900
2045,0,1,3862,27,246111,781900
2046,1,1,3861,27,246112,773800
2047,0,1,3861,26,246113,770600
2048,0,0,3861,26,246113,774300
2049,2,0,3859,28,246113,765200
2050,0,1,3859,27,246114,765200
2051,0,0,3859,27,246114,774900
2052,1,1,3858,27,246115,767600
2053,0,1,3858,26,246116,766300
2054,1,1,3857,26,246117,777500
2055,0,1,3857,25,246118,769700
2056,1,2,3856,24,246120,781800
2057,0,0,3856,24,246120,763400
2058,0,0,3856,24,246120,763700
2059,0,1,3856,23,246121,774800
2060,0,2,3856,21,246123,767200
2061,0,1,3856,20,246124,770100
2062,0,1,3856,19,246125,773300
2063,0,1,3856,18,246126,775600
2064,0,2,3856,16,246128,771500
2065,0,1,3856,15,246129,787700
2066,0,0,3856,15,246129,763900
2067,0,1,3856,14,246130,766900
2068,0,0,3856,14,246130,769600
2069,0,1,3856,13,246131,775800
2070,0,1,3856,12,246132,763900
2071,0,1,3856,11,246133,771200
2072,0,1,3856,10,246134,771500
2073,0,1,3856,9,246135,773100
2074,0,0,3856,9,246135,770200
2075,0,0,3856,9,246135,767400
2076,0,0,3856,9,246135,767400
2077,0,0,3856,9,246135,773600
2078,0,0,3856,9,246135,767400
2079,0,0,3856,9,246135,772000
2080,0,0,3856,9,246135,765700
2081,0,1,3856,8,246136,768000
2082,0,0,3856,8,246136,771900
2083,0,1,3856,7,246137,767400
2084,0,0,3856,7,246137,768400
2085,0,1,3856,6,246138,791800
2086,0,2,3856,4,246140,762700
2087,0,0,3856,4,246140,771000
2088,0,0,3856,4,246140,766000
2089,0,0,3856,4,246140,768800
2090,0,0,3856,4,246140,772200
2091,0,1,3856,3,246141,765800
2092,0,0,3856,3,246141,774400
2093,0,0,3856,3,246141,765500
2094,0,0,3856,3,246141,768600
2095,0,0,3856,3,246141,771800
2096,0,1,3856,2,246142,764800
2097,0,0,3856,2,246142,762800
2098,0,0,3856,2,246142,769200
2099,0,0,3856,2,246142,768400
2100,0,0,3856,2,246142,777700
2101,0,0,3856,2,246142,769000
2102,0,0,3856,2,246142,762000
2103,0,0,3856,2,246142,775100
2104,0,0,3856,2,246142,765000
2105,0,2,3856,0,246144,819700
