Tick,NewlyInfected,NewlyRecovered,TotalSusceptible,TotalInfected,TotalRecovered,StepTimeNanos
0,1,0,999994,6,0,2286200
1,3,0,999991,9,0,1971600
2,3,0,999988,12,0,1807000
3,4,1,999984,15,1,1790600
4,3,2,999981,16,3,1789700
5,4,0,999977,20,3,1789200
6,1,2,999976,19,5,1697400
7,5,1,999971,23,6,1727500
8,3,3,999968,23,9,1735200
9,7,1,999961,29,10,1713700
10,5,1,999956,33,11,1711600
11,5,1,999951,37,12,1682000
12,6,0,999945,43,12,1794800
13,5,3,999940,45,15,1780600
14,9,2,999931,52,17,1778300
15,8,2,999923,58,19,1767300
16,6,3,999917,61,22,1780800
17,12,5,999905,68,27,1725800
18,5,3,999900,70,30,1849500
19,10,4,999890,76,34,1705100
20,10,8,999880,78,42,1688400
21,10,2,999870,86,44,1650700
22,11,6,999859,91,50,1777600
23,9,4,999850,96,54,1785500
24,10,3,999840,103,57,1693100
25,13,3,999827,113,60,1747300
26,12,3,999815,122,63,1683300
27,9,1,999806,130,64,1652300
28,15,4,999791,141,68,1671300
29,11,7,999780,145,75,1771200
30,13,9,999767,149,84,1768300
31,17,10,999750,156,94,1765300
32,17,3,999733,170,97,1719600
33,15,9,999718,176,106,1786500
34,14,11,999704,179,117,1777500
35,15,13,999689,181,130,1822200
36,9,9,999680,181,139,1955500
37,11,10,999669,182,149,1881900
38,16,8,999653,190,157,1773100
39,13,14,999640,189,171,1774500
40,15,10,999625,194,181,1771400
41,13,3,999612,204,184,1642600
42,13,9,999599,208,193,1668900
43,11,16,999588,203,209,1683800
44,13,12,999575,204,221,1778900
45,17,9,999558,212,230,1777700
46,21,10,999537,223,240,1771400
47,13,10,999524,226,250,1847100
48,31,10,999493,247,260,1757100
49,24,15,999469,256,275,1732500
50,22,22,999447,256,297,1682700
51,38,13,999409,281,310,1692800
52,16,14,999393,283,324,1705500
53,33,15,999360,301,339,1706100
54,35,15,999325,321,354,1770400
55,22,20,999303,323,374,1773600
56,27,13,999276,337,387,1698100
57,25,15,999251,347,402,1672300
58,31,19,999220,359,421,1754000
59,29,25,999191,363,446,1796000
60,22,18,999169,367,464,1697500
61,21,11,999148,377,475,1780800
62,27,15,999121,389,490,1699900
63,30,13,999091,406,503,2038300
64,37,24,999054,419,527,1756300
65,35,19,999019,435,546,1821400
66,36,26,998983,445,572,1801800
67,41,22,998942,464,594,1789600
68,36,23,998906,477,617,1857200
69,39,24,998867,492,641,1853300
70,35,26,998832,501,667,1819100
71,49,20,998783,530,687,1788800
72,42,24,998741,548,711,1774800
73,40,30,998701,558,741,1765100
74,42,26,998659,574,767,1829000
75,40,25,998619,589,792,1856400
76,58,23,998561,624,815,1764100
77,39,25,998522,638,840,1777200
78,48,32,998474,654,872,1769300
79,39,38,998435,655,910,1766500
80,55,28,998380,682,938,1953000
81,53,38,998327,697,976,1766300
82,53,41,998274,709,1017,2181000
83,51,37,998223,723,1054,1862000
84,41,38,998182,726,1092,1834400
85,53,46,998129,733,1138,1806100
86,53,33,998076,753,1171,1816400
87,57,30,998019,780,1201,1761300
88,47,38,997972,789,1239,1817700
89,57,41,997915,805,1280,1803200
90,47,33,997868,819,1313,1971800
91,42,40,997826,821,1353,1809500
92,60,37,997766,844,1390,1748100
93,60,37,997706,867,1427,1764900
94,52,43,997654,876,1470,1863500
95,53,53,997601,876,1523,1768800
96,68,45,997533,899,1568,1732800
97,63,47,997470,915,1615,1861600
98,58,46,997412,927,1661,1835300
99,75,50,997337,952,1711,1787200
100,64,42,997273,974,1753,1836700
101,51,39,997222,986,1792,1810200
102,61,64,997161,983,1856,1789500
103,73,63,997088,993,1919,1845500
104,56,44,997032,1005,1963,1770600
105,57,55,996975,1007,2018,1847300
106,60,46,996915,1021,2064,1844300
107,72,53,996843,1040,2117,1956200
108,64,50,996779,1054,2167,1863500
109,63,53,996716,1064,2220,1871700
110,61,53,996655,1072,2273,1864200
111,66,60,996589,1078,2333,1846400
112,56,64,996533,1070,2397,1812400
113,70,58,996463,1082,2455,1881200
114,84,69,996379,1097,2524,1778800
115,72,43,996307,1126,2567,1962700
116,81,52,996226,1155,2619,1843500
117,70,55,996156,1170,2674,2023700
118,76,52,996080,1194,2726,1928900
119,81,62,995999,1213,2788,1768900
120,78,62,995921,1229,2850,1766600
121,77,59,995844,1247,2909,2161800
122,74,63,995770,1258,2972,2058700
123,83,67,995687,1274,3039,1925300
124,71,64,995616,1281,3103,1874000
125,72,64,995544,1289,3167,1899700
126,76,57,995468,1308,3224,1908900
127,94,52,995374,1350,3276,1907000
128,75,80,995299,1345,3356,1896900
129,78,71,995221,1352,3427,1854300
130,88,57,995133,1383,3484,1862000
131,86,76,995047,1393,3560,1778400
132,81,57,994966,1417,3617,1891800
133,91,69,994875,1439,3686,1931200
134,90,62,994785,1467,3748,1801600
135,100,59,994685,1508,3807,1900200
136,85,77,994600,1516,3884,1822700
137,96,82,994504,1530,3966,1942700
138,95,88,994409,1537,4054,1936700
139,91,64,994318,1564,4118,1897400
140,108,66,994210,1606,4184,1805400
141,91,90,994119,1607,4274,1845500
142,95,83,994024,1619,4357,1803300
143,75,78,993949,1616,4435,2198000
144,96,71,993853,1641,4506,2028300
145,89,88,993764,1642,4594,1896700
146,85,78,993679,1649,4672,1858200
147,94,98,993585,1645,4770,1840500
148,95,81,993490,1659,4851,1837600
149,85,69,993405,1675,4920,1847700
150,109,103,993296,1681,5023,1957500
151,109,79,993187,1711,5102,2065300
152,97,92,993090,1716,5194,2045000
153,88,95,993002,1709,5289,1915200
154,106,83,992896,1732,5372,1893200
155,102,102,992794,1732,5474,2021900
156,101,84,992693,1749,5558,1986200
157,109,81,992584,1777,5639,1879600
158,103,103,992481,1777,5742,1989900
159,73,90,992408,1760,5832,1972600
160,107,100,992301,1767,5932,1978800
161,104,80,992197,1791,6012,1950800
162,87,98,992110,1780,6110,1854200
163,94,85,992016,1789,6195,1849000
164,88,117,991928,1760,6312,1973200
165,104,84,991824,1780,6396,2032600
166,98,91,991726,1787,6487,2023600
167,105,97,991621,1795,6584,1997200
168,112,94,991509,1813,6678,1978500
169,97,95,991412,1815,6773,1880000
170,100,99,991312,1816,6872,1823300
171,93,92,991219,1817,6964,1862200
172,86,90,991133,1813,7054,1849400
173,114,99,991019,1828,7153,1895900
174,91,98,990928,1821,7251,1875600
175,93,105,990835,1809,7356,1857600
176,85,82,990750,1812,7438,1818600
177,88,94,990662,1806,7532,1827200
178,89,89,990573,1806,7621,1845000
179,111,97,990462,1820,7718,1840400
180,101,101,990361,1820,7819,1962500
181,108,102,990253,1826,7921,2064300
182,102,89,990151,1839,8010,1859800
183,114,93,990037,1860,8103,1924200
184,104,86,989933,1878,8189,1875500
185,117,99,989816,1896,8288,1901200
186,131,102,989685,1925,8390,1882900
187,107,108,989578,1924,8498,1885700
188,131,94,989447,1961,8592,2074000
189,122,108,989325,1975,8700,1876300
190,134,88,989191,2021,8788,1846300
191,109,110,989082,2020,8898,1883700
192,131,89,988951,2062,8987,1852300
193,101,101,988850,2062,9088,1898200
194,127,103,988723,2086,9191,1872400
195,125,100,988598,2111,9291,1881500
196,123,94,988475,2140,9385,1850800
197,117,103,988358,2154,9488,1951600
198,124,100,988234,2178,9588,1872700
199,122,110,988112,2190,9698,1917500
200,117,110,987995,2197,9808,1917700
201,112,111,987883,2198,9919,1856500
202,118,98,987765,2218,10017,1841700
203,128,120,987637,2226,10137,2006300
204,116,118,987521,2224,10255,1846500
205,104,118,987417,2210,10373,1898600
206,118,129,987299,2199,10502,1937100
207,101,94,987198,2206,10596,2139900
208,113,96,987085,2223,10692,1860600
209,112,99,986973,2236,10791,1791100
210,120,109,986853,2247,10900,1778300
211,136,112,986717,2271,11012,1973000
212,110,111,986607,2270,11123,1898700
213,125,106,986482,2289,11229,2125100
214,121,110,986361,2300,11339,1965500
215,144,99,986217,2345,11438,1852800
216,131,106,986086,2370,11544,1770700
217,119,113,985967,2376,11657,1773000
218,123,89,985844,2410,11746,1973100
219,143,116,985701,2437,11862,1814100
220,141,132,985560,2446,11994,1748300
221,138,113,985422,2471,12107,1820200
222,143,129,985279,2485,12236,1812700
223,130,116,985149,2499,12352,1823100
224,146,134,985003,2511,12486,1820000
225,127,115,984876,2523,12601,1819100
226,132,136,984744,2519,12737,1761600
227,125,112,984619,2532,12849,1759800
228,141,136,984478,2537,12985,1794400
229,158,117,984320,2578,13102,1702100
230,146,131,984174,2593,13233,1697800
231,142,124,984032,2611,13357,1815800
232,131,122,983901,2620,13479,1742300
233,140,115,983761,2645,13594,1784500
234,138,128,983623,2655,13722,1823700
235,155,145,983468,2665,13867,2177500
236,149,127,983319,2687,13994,2009100
237,144,128,983175,2703,14122,2010200
238,142,124,983033,2721,14246,1770800
239,129,136,982904,2714,14382,1805600
240,139,144,982765,2709,14526,1801600
241,156,130,982609,2735,14656,1985600
242,159,118,982450,2776,14774,1814900
243,125,132,982325,2769,14906,1743200
244,154,136,982171,2787,15042,1805100
245,147,139,982024,2795,15181,1779400
246,145,147,981879,2793,15328,1706500
247,153,127,981726,2819,15455,1692300
248,133,140,981593,2812,15595,1804700
249,149,133,981444,2828,15728,1803200
250,143,134,981301,2837,15862,1882600
251,165,151,981136,2851,16013,1817300
252,170,149,980966,2872,16162,1790100
253,178,156,980788,2894,16318,1816900
254,177,144,980611,2927,16462,1783400
255,166,141,980445,2952,16603,1786600
256,159,135,980286,2976,16738,1750600
257,138,140,980148,2974,16878,1715500
258,154,164,979994,2964,17042,1816200
259,141,153,979853,2952,17195,2015700
260,153,132,979700,2973,17327,1805200
261,160,157,979540,2976,17484,1963100
262,163,156,979377,2983,17640,1872400
263,160,137,979217,3006,17777,1830400
264,149,134,979068,3021,17911,1806200
265,150,133,978918,3038,18044,1805400
266,162,146,978756,3054,18190,1747000
267,157,156,978599,3055,18346,1765200
268,147,145,978452,3057,18491,1791500
269,173,155,978279,3075,18646,1772300
270,146,118,978133,3103,18764,1759400
271,158,176,977975,3085,18940,1815100
272,181,151,977794,3115,19091,1813200
273,160,167,977634,3108,19258,1946400
274,162,140,977472,3130,19398,1741900
275,174,170,977298,3134,19568,1990800
276,156,150,977142,3140,19718,1754900
277,186,155,976956,3171,19873,2281200
278,174,146,976782,3199,20019,1766900
279,186,149,976596,3236,20168,1838900
280,173,168,976423,3241,20336,1757900
281,170,161,976253,3250,20497,2243400
282,183,146,976070,3287,20643,2010000
283,174,154,975896,3307,20797,1817500
284,157,171,975739,3293,20968,1850900
285,181,149,975558,3325,21117,1814100
286,184,186,975374,3323,21303,1819700
287,178,173,975196,3328,21476,1745300
288,190,157,975006,3361,21633,1802800
289,203,167,974803,3397,21800,1815800
290,177,178,974626,3396,21978,1779600
291,167,182,974459,3381,22160,1756400
292,211,167,974248,3425,22327,1837300
293,197,139,974051,3483,22466,1815800
294,187,167,973864,3503,22633,1693200
295,187,174,973677,3516,22807,1812600
296,190,160,973487,3546,22967,1771200
297,219,157,973268,3608,23124,1820000
298,203,164,973065,3647,23288,1772800
299,187,184,972878,3650,23472,1763000
300,211,173,972667,3688,23645,1786900
301,183,193,972484,3678,23838,1774400
302,205,170,972279,3713,24008,1813000
303,187,191,972092,3709,24199,1807200
304,196,200,971896,3705,24399,1823900
305,200,188,971696,3717,24587,1776700
306,199,167,971497,3749,24754,1742000
307,192,180,971305,3761,24934,1804100
308,191,186,971114,3766,25120,1794500
309,205,224,970909,3747,25344,1764600
310,187,183,970722,3751,25527,1819900
311,175,203,970547,3723,25730,1823300
312,211,197,970336,3737,25927,1793800
313,185,193,970151,3729,26120,1825800
314,185,186,969966,3728,26306,1989300
315,189,176,969777,3741,26482,1757800
316,206,190,969571,3757,26672,1784300
317,214,175,969357,3796,26847,1766600
318,204,194,969153,3806,27041,1749200
319,222,194,968931,3834,27235,1906300
320,226,197,968705,3863,27432,1767600
321,235,172,968470,3926,27604,1831600
322,211,185,968259,3952,27789,1757200
323,202,182,968057,3972,27971,1754100
324,205,201,967852,3976,28172,1761100
325,215,215,967637,3976,28387,1826900
326,212,209,967425,3979,28596,1782000
327,199,203,967226,3975,28799,2071000
328,212,199,967014,3988,28998,1859200
329,200,189,966814,3999,29187,1814300
330,216,202,966598,4013,29389,1762700
331,212,200,966386,4025,29589,1858800
332,200,184,966186,4041,29773,1847200
333,221,219,965965,4043,29992,1945000
334,185,214,965780,4014,30206,1827000
335,230,184,965550,4060,30390,1769200
336,215,200,965335,4075,30590,1764700
337,216,205,965119,4086,30795,1880300
338,214,181,964905,4119,30976,1769900
339,216,227,964689,4108,31203,1770500
340,226,174,964463,4160,31377,2036100
341,195,202,964268,4153,31579,1832300
342,206,225,964062,4134,31804,1803600
343,206,222,963856,4118,32026,1826500
344,199,202,963657,4115,32228,1825000
345,202,201,963455,4116,32429,1827300
346,212,190,963243,4138,32619,1824800
347,220,213,963023,4145,32832,1775500
348,213,224,962810,4134,33056,1764300
349,223,224,962587,4133,33280,1764200
350,206,189,962381,4150,33469,1800600
351,227,195,962154,4182,33664,1795600
352,206,196,961948,4192,33860,1801500
353,223,179,961725,4236,34039,1814100
354,220,207,961505,4249,34246,1799100
355,236,204,961269,4281,34450,1802600
356,228,220,961041,4289,34670,1805600
357,239,191,960802,4337,34861,1802400
358,210,200,960592,4347,35061,1828300
359,239,217,960353,4369,35278,1839100
360,218,195,960135,4392,35473,2203400
361,227,218,959908,4401,35691,2011100
362,217,240,959691,4378,35931,1802700
363,237,194,959454,4421,36125,1803600
364,232,199,959222,4454,36324,1800700
365,237,223,958985,4468,36547,1848100
366,233,234,958752,4467,36781,1849800
367,221,233,958531,4455,37014,1784000
368,247,225,958284,4477,37239,1825500
369,248,215,958036,4510,37454,1981500
370,227,225,957809,4512,37679,1816100
371,274,216,957535,4570,37895,2143800
372,258,224,957277,4604,38119,1987900
373,236,229,957041,4611,38348,1929900
374,255,217,956786,4649,38565,1976400
375,248,216,956538,4681,38781,2068400
376,237,227,956301,4691,39008,1851500
377,242,224,956059,4709,39232,1838900
378,230,253,955829,4686,39485,1840800
379,260,232,955569,4714,39717,1817800
380,265,232,955304,4747,39949,1814500
381,268,251,955036,4764,40200,1870000
382,283,230,954753,4817,40430,1872300
383,274,245,954479,4846,40675,1847700
384,311,225,954168,4932,40900,1829000
385,287,227,953881,4992,41127,1794400
386,235,242,953646,4985,41369,1875600
387,282,224,953364,5043,41593,1812700
388,259,245,953105,5057,41838,2021200
389,249,246,952856,5060,42084,1793300
390,246,257,952610,5049,42341,1857100
391,285,229,952325,5105,42570,1851200
392,264,214,952061,5155,42784,2225200
393,300,254,951761,5201,43038,1905300
394,247,272,951514,5176,43310,1802100
395,246,265,951268,5157,43575,1831900
396,262,250,951006,5169,43825,1861000
397,251,291,950755,5129,44116,2042800
398,246,261,950509,5114,44377,2124500
399,271,284,950238,5101,44661,2140600
400,268,270,949970,5099,44931,1782400
401,247,222,949723,5124,45153,1820100
402,261,245,949462,5140,45398,1847800
403,263,272,949199,5131,45670,1859100
404,282,265,948917,5148,45935,1964300
405,237,245,948680,5140,46180,1859900
406,251,290,948429,5101,46470,1854200
407,278,272,948151,5107,46742,1835300
408,299,292,947852,5114,47034,1809200
409,229,250,947623,5093,47284,1975600
410,222,271,947401,5044,47555,1799200
411,260,278,947141,5026,47833,1988500
412,248,243,946893,5031,48076,2363600
413,240,263,946653,5008,48339,2242200
414,239,268,946414,4979,48607,1886400
415,258,238,946156,4999,48845,1785700
416,244,241,945912,5002,49086,1866700
417,271,262,945641,5011,49348,1869500
418,263,240,945378,5034,49588,1861200
419,256,240,945122,5050,49828,1889100
420,274,266,944848,5058,50094,2115600
421,254,253,944594,5059,50347,1875400
422,272,231,944322,5100,50578,1879900
423,282,245,944040,5137,50823,1866100
424,273,247,943767,5163,51070,1856800
425,259,250,943508,5172,51320,1845400
426,250,288,943258,5134,51608,2127400
427,276,236,942982,5174,51844,1896400
428,252,250,942730,5176,52094,1925900
429,284,238,942446,5222,52332,1964300
430,260,266,942186,5216,52598,1904500
431,276,270,941910,5222,52868,1869600
432,262,263,941648,5221,53131,1848100
433,279,259,941369,5241,53390,2134700
434,310,264,941059,5287,53654,2064200
435,278,264,940781,5301,53918,1809500
436,275,286,940506,5290,54204,1800300
437,257,273,940249,5274,54477,1814500
438,280,261,939969,5293,54738,2331500
439,268,235,939701,5326,54973,2127300
440,240,241,939461,5325,55214,1806900
441,272,269,939189,5328,55483,1878100
442,285,250,938904,5363,55733,1788500
443,294,243,938610,5414,55976,1873200
444,325,282,938285,5457,56258,1801800
445,285,251,938000,5491,56509,1971800
446,293,271,937707,5513,56780,1806400
447,269,254,937438,5528,57034,1812000
448,270,266,937168,5532,57300,1907900
449,261,274,936907,5519,57574,1800200
450,296,271,936611,5544,57845,1783700
451,296,294,936315,5546,58139,2119700
452,304,253,936011,5597,58392,1991900
453,301,246,935710,5652,58638,1824500
454,297,277,935413,5672,58915,1793700
455,298,271,935115,5699,59186,1845600
456,301,289,934814,5711,59475,1869100
457,301,283,934513,5729,59758,1805500
458,276,326,934237,5679,60084,1802900
459,275,266,933962,5688,60350,1785300
460,281,303,933681,5666,60653,1815100
461,290,277,933391,5679,60930,1839700
462,302,301,933089,5680,61231,1941400
463,273,274,932816,5679,61505,1816900
464,305,294,932511,5690,61799,1817300
465,271,288,932240,5673,62087,1890100
466,277,308,931963,5642,62395,1873300
467,291,291,931672,5642,62686,1900300
468,305,272,931367,5675,62958,1815600
469,293,271,931074,5697,63229,1874200
470,311,301,930763,5707,63530,1841100
471,267,280,930496,5694,63810,1802100
472,304,282,930192,5716,64092,1798800
473,262,277,929930,5701,64369,1790400
474,288,268,929642,5721,64637,2000000
475,284,278,929358,5727,64915,2002500
476,314,292,929044,5749,65207,2029700
477,314,295,928730,5768,65502,1803200
478,314,263,928416,5819,65765,1817900
479,301,261,928115,5859,66026,1866900
480,307,301,927808,5865,66327,1869700
481,349,324,927459,5890,66651,1854600
482,325,314,927134,5901,66965,1871900
483,305,295,926829,5911,67260,1989400
484,303,301,926526,5913,67561,2110600
485,322,331,926204,5904,67892,1978900
486,317,290,925887,5931,68182,1883800
487,322,322,925565,5931,68504,2267800
488,309,325,925256,5915,68829,1838300
489,319,284,924937,5950,69113,1791900
490,325,329,924612,5946,69442,2094000
491,310,270,924302,5986,69712,1840300
492,305,290,923997,6001,70002,2109000
493,341,299,923656,6043,70301,1815300
494,336,326,923320,6053,70627,1883400
495,359,293,922961,6119,70920,1896300
496,360,327,922601,6152,71247,2174600
497,338,311,922263,6179,71558,1919000
498,368,306,921895,6241,71864,2067000
499,343,298,921552,6286,72162,1905400
500,369,296,921183,6359,72458,1829800
501,307,324,920876,6342,72782,1898600
502,313,341,920563,6314,73123,1994500
503,302,301,920261,6315,73424,1889900
504,327,305,919934,6337,73729,1898700
505,272,302,919662,6307,74031,1890700
506,317,303,919345,6321,74334,1879900
507,290,331,919055,6280,74665,1897100
508,337,315,918718,6302,74980,2005300
509,314,318,918404,6298,75298,2025800
510,342,293,918062,6347,75591,1811800
511,315,328,917747,6334,75919,1799700
512,309,279,917438,6364,76198,1765300
513,319,282,917119,6401,76480,1815200
514,306,344,916813,6363,76824,1810100
515,301,313,916512,6351,77137,1840400
516,353,316,916159,6388,77453,1867300
517,335,307,915824,6416,77760,1857700
518,299,314,915525,6401,78074,1929000
519,310,345,915215,6366,78419,1818500
520,325,320,914890,6371,78739,1800600
521,323,326,914567,6368,79065,2061700
522,345,332,914222,6381,79397,1829100
523,309,325,913913,6365,79722,1800900
524,353,311,913560,6407,80033,1898500
525,354,303,913206,6458,80336,1898300
526,341,340,912865,6459,80676,1911000
527,348,335,912517,6472,81011,1844800
528,310,317,912207,6465,81328,1875700
529,343,339,911864,6469,81667,1848600
530,359,329,911505,6499,81996,1876900
531,360,304,911145,6555,82300,1835400
532,308,347,910837,6516,82647,1810800
533,359,298,910478,6577,82945,1800600
534,324,330,910154,6571,83275,1867900
535,318,327,909836,6562,83602,1909000
536,334,356,909502,6540,83958,1900700
537,345,328,909157,6557,84286,1894600
538,339,334,908818,6562,84620,2051600
539,285,321,908533,6526,84941,1885300
540,320,320,908213,6526,85261,1896100
541,355,352,907858,6529,85613,2003200
542,360,342,907498,6547,85955,1853800
543,352,310,907146,6589,86265,1992500
544,357,327,906789,6619,86592,1839800
545,331,353,906458,6597,86945,1824600
546,333,343,906125,6587,87288,1847200
547,360,312,905765,6635,87600,1925400
548,346,307,905419,6674,87907,2010300
549,376,324,905043,6726,88231,1787300
550,337,326,904706,6737,88557,1817400
551,350,316,904356,6771,88873,2007000
552,329,335,904027,6765,89208,1994600
553,385,340,903642,6810,89548,1834500
554,366,339,903276,6837,89887,1883800
555,351,328,902925,6860,90215,1891400
556,367,338,902558,6889,90553,1907500
557,342,353,902216,6878,90906,1815000
558,360,346,901856,6892,91252,1985100
559,370,368,901486,6894,91620,2202700
560,351,373,901135,6872,91993,1897800
561,349,387,900786,6834,92380,1916400
562,374,341,900412,6867,92721,2391800
563,393,337,900019,6923,93058,1861200
564,356,352,899663,6927,93410,1880400
565,328,349,899335,6906,93759,1829300
566,371,355,898964,6922,94114,1926500
567,361,334,898603,6949,94448,1828000
568,367,354,898236,6962,94802,1814700
569,382,342,897854,7002,95144,1958800
570,373,359,897481,7016,95503,1996600
571,383,368,897098,7031,95871,1872800
572,364,375,896734,7020,96246,1815500
573,371,332,896363,7059,96578,1789500
574,364,387,895999,7036,96965,1801700
575,367,360,895632,7043,97325,2111900
576,344,366,895288,7021,97691,1834700
577,370,359,894918,7032,98050,1936500
578,354,313,894564,7073,98363,2019600
579,376,364,894188,7085,98727,2097700
580,339,371,893849,7053,99098,2146600
581,307,320,893542,7040,99418,1994400
582,341,371,893201,7010,99789,1783200
583,350,333,892851,7027,100122,1803400
584,375,367,892476,7035,100489,1902400
585,348,343,892128,7040,100832,1907000
586,350,370,891778,7020,101202,1911200
587,357,360,891421,7017,101562,1898000
588,350,358,891071,7009,101920,1851900
589,352,332,890719,7029,102252,1997400
590,374,332,890345,7071,102584,1829500
591,365,351,889980,7085,102935,1842300
592,361,362,889619,7084,103297,1818700
593,351,344,889268,7091,103641,1818700
594,383,341,888885,7133,103982,2040300
595,387,349,888498,7171,104331,1826900
596,355,349,888143,7177,104680,2115000
597,370,358,887773,7189,105038,1842200
598,417,364,887356,7242,105402,1924000
599,360,349,886996,7253,105751,1987200
600,366,389,886630,7230,106140,2033700
601,417,389,886213,7258,106529,2049400
602,419,359,885794,7318,106888,1935600
603,406,359,885388,7365,107247,1859400
604,391,350,884997,7406,107597,1898400
605,435,374,884562,7467,107971,1908200
606,420,381,884142,7506,108352,1909900
607,391,374,883751,7523,108726,1976800
608,385,345,883366,7563,109071,1837700
609,353,387,883013,7529,109458,1880600
610,411,371,882602,7569,109829,2378400
611,375,401,882227,7543,110230,1831100
612,382,350,881845,7575,110580,1917400
613,354,358,881491,7571,110938,1908700
614,370,387,881121,7554,111325,1904700
615,399,381,880722,7572,111706,1896900
616,361,402,880361,7531,112108,1826100
617,368,385,879993,7514,112493,1865900
618,375,365,879618,7524,112858,1959700
619,378,384,879240,7518,113242,1846500
620,393,368,878847,7543,113610,1870800
621,401,391,878446,7553,114001,1835100
622,384,399,878062,7538,114400,1928500
623,364,389,877698,7513,114789,2247600
624,369,366,877329,7516,115155,1855300
625,386,369,876943,7533,115524,1821900
626,348,376,876595,7505,115900,1836900
627,385,350,876210,7540,116250,1826200
628,375,358,875835,7557,116608,1864900
629,365,396,875470,7526,117004,1998500
630,390,372,875080,7544,117376,1951400
631,367,387,874713,7524,117763,2017300
632,394,391,874319,7527,118154,1830700
633,374,368,873945,7533,118522,2052400
634,398,379,873547,7552,118901,2024700
635,410,343,873137,7619,119244,1858800
636,418,413,872719,7624,119657,1839100
637,409,383,872310,7650,120040,2034100
638,394,384,871916,7660,120424,2011400
639,392,418,871524,7634,120842,1837700
640,396,372,871128,7658,121214,1793500
641,427,396,870701,7689,121610,1823700
642,422,359,870279,7752,121969,1859800
643,420,411,869859,7761,122380,1849400
644,407,406,869452,7762,122786,2137600
645,396,388,869056,7770,123174,1925500
646,375,398,868681,7747,123572,1914400
647,389,358,868292,7778,123930,1889000
648,404,361,867888,7821,124291,1825300
649,407,382,867481,7846,124673,1977600
650,413,411,867068,7848,125084,1837800
651,386,365,866682,7869,125449,1826000
652,371,395,866311,7845,125844,2042100
653,404,361,865907,7888,126205,2079800
654,424,413,865483,7899,126618,1828600
655,462,407,865021,7954,127025,2018400
656,437,406,864584,7985,127431,1845100
657,401,371,864183,8015,127802,1813600
658,398,408,863785,8005,128210,2035300
659,400,388,863385,8017,128598,1993000
660,388,382,862997,8023,128980,1977700
661,392,397,862605,8018,129377,1896500
662,410,394,862195,8034,129771,1871500
663,430,424,861765,8040,130195,1879400
664,417,420,861348,8037,130615,1870900
665,428,398,860920,8067,131013,1909300
666,419,370,860501,8116,131383,1957800
667,426,381,860075,8161,131764,1944700
668,396,442,859679,8115,132206,1926700
669,449,433,859230,8131,132639,1919900
670,430,395,858800,8166,133034,1953500
671,448,439,858352,8175,133473,1992300
672,385,411,857967,8149,133884,1977200
673,421,395,857546,8175,134279,1837400
674,424,397,857122,8202,134676,2117300
675,434,385,856688,8251,135061,1862400
676,401,439,856287,8213,135500,1869700
677,471,389,855816,8295,135889,1875600
678,410,403,855406,8302,136292,1860500
679,448,443,854958,8307,136735,1821500
680,465,439,854493,8333,137174,1805400
681,451,418,854042,8366,137592,1907500
682,441,398,853601,8409,137990,2066100
683,450,439,853151,8420,138429,1869900
684,376,406,852775,8390,138835,1944700
685,432,414,852343,8408,139249,1955900
686,488,422,851855,8474,139671,2061300
687,439,456,851416,8457,140127,1863900
688,451,414,850965,8494,140541,2011500
689,452,411,850513,8535,140952,1852600
690,438,394,850075,8579,141346,2044300
691,426,422,849649,8583,141768,1863800
692,418,424,849231,8577,142192,1866200
693,461,405,848770,8633,142597,1860900
694,433,468,848337,8598,143065,1859000
695,433,427,847904,8604,143492,2039500
696,477,418,847427,8663,143910,1859300
697,407,419,847020,8651,144329,1931900
698,449,429,846571,8671,144758,1979100
699,408,436,846163,8643,145194,2151000
700,447,425,845716,8665,145619,2007100
701,463,419,845253,8709,146038,2058700
702,437,437,844816,8709,146475,1856800
703,437,474,844379,8672,146949,1987000
704,488,416,843891,8744,147365,1838500
705,439,409,843452,8774,147774,1859600
706,450,469,843002,8755,148243,2188300
707,473,413,842529,8815,148656,1875500
708,448,436,842081,8827,149092,1951300
709,457,410,841624,8874,149502,1940500
710,461,471,841163,8864,149973,1954300
711,463,438,840700,8889,150411,1920800
712,471,453,840229,8907,150864,1890700
713,452,463,839777,8896,151327,1800500
714,451,453,839326,8894,151780,1818500
715,468,440,838858,8922,152220,2193100
716,455,455,838403,8922,152675,2376200
717,428,431,837975,8919,153106,2340700
718,455,430,837520,8944,153536,1947700
719,477,420,837043,9001,153956,1881200
720,454,471,836589,8984,154427,1967000
721,481,437,836108,9028,154864,1872600
722,470,445,835638,9053,155309,2142900
723,467,448,835171,9072,155757,1961700
724,460,430,834711,9102,156187,1948300
725,458,475,834253,9085,156662,1945800
726,484,492,833769,9077,157154,1872000
727,463,439,833306,9101,157593,1859200
728,498,443,832808,9156,158036,1850800
729,470,447,832338,9179,158483,1846400
730,485,484,831853,9180,158967,1966600
731,450,495,831403,9135,159462,1861500
732,472,430,830931,9177,159892,1843200
733,489,499,830442,9167,160391,1950600
734,479,445,829963,9201,160836,2177600
735,472,441,829491,9232,161277,1999800
736,487,433,829004,9286,161710,1862300
737,479,460,828525,9305,162170,1839400
738,438,478,828087,9265,162648,1823500
739,486,462,827601,9289,163110,1975200
740,459,475,827142,9273,163585,2090700
741,466,501,826676,9238,164086,1984000
742,522,474,826154,9286,164560,1970400
743,447,482,825707,9251,165042,1838300
744,464,497,825243,9218,165539,1869900
745,494,487,824749,9225,166026,1876200
746,485,479,824264,9231,166505,2153100
747,449,463,823815,9217,166968,1883100
748,454,430,823361,9241,167398,1832900
749,458,468,822903,9231,167866,1820300
750,492,421,822411,9302,168287,1816800
751,439,449,821972,9292,168736,1957400
752,452,479,821520,9265,169215,1811700
753,478,527,821042,9216,169742,1952500
754,475,450,820567,9241,170192,1839700
755,520,481,820047,9280,170673,1919200
756,496,457,819551,9319,171130,1838300
757,481,474,819070,9326,171604,1867300
758,452,477,818618,9301,172081,1840300
759,500,455,818118,9346,172536,2131500
760,507,456,817611,9397,172992,1867600
761,518,493,817093,9422,173485,1990800
762,515,511,816578,9426,173996,1917100
763,489,455,816089,9460,174451,2179600
764,421,481,815668,9400,174932,1892800
765,503,489,815165,9414,175421,1896800
766,481,480,814684,9415,175901,1977400
767,503,513,814181,9405,176414,2127300
768,478,491,813703,9392,176905,2005100
769,469,450,813234,9411,177355,2005800
770,495,445,812739,9461,177800,1956600
771,494,490,812245,9465,178290,1985700
772,486,464,811759,9487,178754,2008600
773,516,459,811243,9544,179213,1886400
774,468,500,810775,9512,179713,2093200
775,473,498,810302,9487,180211,2251000
776,495,474,809807,9508,180685,1993900
777,468,493,809339,9483,181178,2104200
778,473,476,808866,9480,181654,1894800
779,509,482,808357,9507,182136,1910700
780,472,483,807885,9496,182619,1916000
781,475,467,807410,9504,183086,1995500
782,532,473,806878,9563,183559,1891900
783,486,470,806392,9579,184029,1982200
784,488,480,805904,9587,184509,1955600
785,508,507,805396,9588,185016,1861700
786,468,453,804928,9603,185469,2159000
787,482,502,804446,9583,185971,1985000
788,507,491,803939,9599,186462,1972700
789,503,469,803436,9633,186931,1976200
790,520,498,802916,9655,187429,1918000
791,509,474,802407,9690,187903,1920400
792,498,473,801909,9715,188376,1961000
793,510,505,801399,9720,188881,1902000
794,493,481,800906,9732,189362,1972100
795,482,507,800424,9707,189869,2064800
796,508,473,799916,9742,190342,1944600
797,509,465,799407,9786,190807,2055100
798,536,474,798871,9848,191281,2191200
799,500,501,798371,9847,191782,1990000
800,510,497,797861,9860,192279,1924500
801,517,472,797344,9905,192751,2125700
802,539,496,796805,9948,193247,1967400
803,495,485,796310,9958,193732,1979700
804,546,500,795764,10004,194232,2027700
805,506,516,795258,9994,194748,2005800
806,511,508,794747,9997,195256,2176900
807,500,533,794247,9964,195789,1998300
808,512,458,793735,10018,196247,1839400
809,489,467,793246,10040,196714,1984400
810,527,529,792719,10038,197243,1928600
811,472,483,792247,10027,197726,1982900
812,501,500,791746,10028,198226,1921400
813,512,555,791234,9985,198781,1939500
814,519,551,790715,9953,199332,1915000
815,523,494,790192,9982,199826,1939100
816,495,538,789697,9939,200364,1918400
817,503,488,789194,9954,200852,2018600
818,496,483,788698,9967,201335,1957500
819,531,488,788167,10010,201823,1917400
820,522,499,787645,10033,202322,1899100
821,551,508,787094,10076,202830,1882900
822,504,495,786590,10085,203325,1882300
823,477,490,786113,10072,203815,1908000
824,481,504,785632,10049,204319,1970400
825,498,487,785134,10060,204806,1940700
826,485,503,784649,10042,205309,1987100
827,499,487,784150,10054,205796,1983200
828,503,494,783647,10063,206290,2209800
829,487,503,783160,10047,206793,1976500
830,469,503,782691,10013,207296,1856600
831,443,511,782248,9945,207807,1963600
832,454,537,781794,9862,208344,1912900
833,444,521,781350,9785,208865,2105600
834,450,499,780900,9736,209364,2105400
835,460,490,780440,9706,209854,2122400
836,501,490,779939,9717,210344,2217500
837,469,439,779470,9747,210783,2041600
838,469,495,779001,9721,211278,1848500
839,458,496,778543,9683,211774,2084300
840,432,481,778111,9634,212255,1885700
841,492,487,777619,9639,212742,1946800
842,496,466,777123,9669,213208,10538300
843,476,477,776647,9668,213685,2243500
844,504,473,776143,9699,214158,2283600
845,494,522,775649,9671,214680,2017100
846,458,451,775191,9678,215131,1906500
847,501,504,774690,9675,215635,1932000
848,468,503,774222,9640,216138,1899500
849,483,506,773739,9617,216644,1872400
850,472,442,773267,9647,217086,1961100
851,478,475,772789,9650,217561,1983400
852,499,492,772290,9657,218053,2164200
853,516,482,771774,9691,218535,1948800
854,506,491,771268,9706,219026,1902900
855,490,507,770778,9689,219533,2292900
856,485,493,770293,9681,220026,1937200
857,485,475,769808,9691,220501,1918000
858,501,507,769307,9685,221008,2020200
859,505,497,768802,9693,221505,1930000
860,483,473,768319,9703,221978,1908800
861,429,456,767890,9676,222434,1995900
862,512,501,767378,9687,222935,2013000
863,492,509,766886,9670,223444,2081900
864,537,446,766349,9761,223890,2035100
865,480,552,765869,9689,224442,2175800
866,547,467,765322,9769,224909,1951100
867,510,544,764812,9735,225453,2016100
868,523,471,764289,9787,225924,1960800
869,494,490,763795,9791,226414,1956800
870,537,498,763258,9830,226912,1926200
871,520,507,762738,9843,227419,1919100
872,510,474,762228,9879,227893,2016600
873,471,454,761757,9896,228347,1934500
874,522,489,761235,9929,228836,2030600
875,508,515,760727,9922,229351,1954400
876,514,467,760213,9969,229818,2017700
877,478,515,759735,9932,230333,2017400
878,471,489,759264,9914,230822,1924200
879,524,538,758740,9900,231360,2025200
880,475,502,758265,9873,231862,2000500
881,517,484,757748,9906,232346,1884000
882,500,487,757248,9919,232833,2004200
883,479,500,756769,9898,233333,1911500
884,454,555,756315,9797,233888,2019000
885,505,515,755810,9787,234403,2138400
886,522,497,755288,9812,234900,1999900
887,517,515,754771,9814,235415,2002600
888,521,483,754250,9852,235898,1983600
889,500,518,753750,9834,236416,2000700
890,492,521,753258,9805,236937,1987100
891,496,506,752762,9795,237443,1978200
892,499,528,752263,9766,237971,2101800
893,476,498,751787,9744,238469,2020500
894,499,494,751288,9749,238963,2015000
895,459,495,750829,9713,239458,1910200
896,470,498,750359,9685,239956,2017900
897,495,499,749864,9681,240455,1923100
898,540,456,749324,9765,240911,2244900
899,529,473,748795,9821,241384,1963400
900,513,500,748282,9834,241884,1899800
901,480,445,747802,9869,242329,2066400
902,470,501,747332,9838,242830,2001700
903,523,491,746809,9870,243321,1958200
904,528,519,746281,9879,243840,1990500
905,532,497,745749,9914,244337,1989500
906,477,475,745272,9916,244812,2060000
907,463,510,744809,9869,245322,1928200
908,505,511,744304,9863,245833,1984600
909,486,498,743818,9851,246331,2000000
910,506,509,743312,9848,246840,1881700
911,509,460,742803,9897,247300,2303400
912,483,456,742320,9924,247756,2068400
913,471,512,741849,9883,248268,1845300
914,484,520,741365,9847,248788,2034600
915,477,474,740888,9850,249262,1870100
916,506,490,740382,9866,249752,1875200
917,498,516,739884,9848,250268,1976800
918,493,531,739391,9810,250799,1993900
919,501,486,738890,9825,251285,1978900
920,498,474,738392,9849,251759,1995300
921,470,493,737922,9826,252252,2006400
922,453,476,737469,9803,252728,2256500
923,494,489,736975,9808,253217,1948100
924,490,473,736485,9825,253690,1905400
925,505,527,735980,9803,254217,2021000
926,495,507,735485,9791,254724,1942800
927,487,482,734998,9796,255206,1989800
928,501,486,734497,9811,255692,2010400
929,500,477,733997,9834,256169,2033500
930,502,501,733495,9835,256670,1955400
931,505,526,732990,9814,257196,2022200
932,489,468,732501,9835,257664,1997600
933,524,523,731977,9836,258187,1957500
934,508,479,731469,9865,258666,2015900
935,500,500,730969,9865,259166,2010600
936,497,493,730472,9869,259659,1990100
937,509,483,729963,9895,260142,1979100
938,492,482,729471,9905,260624,1852600
939,516,521,728955,9900,261145,1977400
940,485,456,728470,9929,261601,2023600
941,500,502,727970,9927,262103,1942400
942,523,480,727447,9970,262583,1958800
943,518,504,726929,9984,263087,1976600
944,498,483,726431,9999,263570,1986300
945,474,521,725957,9952,264091,1981000
946,519,490,725438,9981,264581,1909600
947,500,491,724938,9990,265072,1908500
948,486,482,724452,9994,265554,1901300
949,516,497,723936,10013,266051,1887100
950,526,505,723410,10034,266556,1880200
951,488,524,722922,9998,267080,1873900
952,480,504,722442,9974,267584,1859300
953,520,468,721922,10026,268052,1864200
954,503,541,721419,9988,268593,2071900
955,489,500,720930,9977,269093,2039200
956,479,481,720451,9975,269574,1980800
957,469,485,719982,9959,270059,2078900
958,485,519,719497,9925,270578,1908600
959,485,495,719012,9915,271073,2010600
960,472,521,718540,9866,271594,1962200
961,486,502,718054,9850,272096,1991200
962,509,516,717545,9843,272612,1882900
963,499,506,717046,9836,273118,2000700
964,495,501,716551,9830,273619,2065400
965,502,481,716049,9851,274100,1879200
966,520,504,715529,9867,274604,1950800
967,514,506,715015,9875,275110,1943000
968,490,470,714525,9895,275580,1911700
969,492,505,714033,9882,276085,1916500
970,540,489,713493,9933,276574,1880200
971,489,504,713004,9918,277078,1876300
972,487,528,712517,9877,277606,1858800
973,504,506,712013,9875,278112,1974400
974,509,508,711504,9876,278620,1992400
975,509,483,710995,9902,279103,1990800
976,498,509,710497,9891,279612,2028700
977,516,511,709981,9896,280123,2009000
978,489,504,709492,9881,280627,1868700
979,503,516,708989,9868,281143,1987800
980,454,490,708535,9832,281633,1978700
981,476,495,708059,9813,282128,1964300
982,511,496,707548,9828,282624,2371100
983,516,483,707032,9861,283107,2194100
984,492,535,706540,9818,283642,1933400
985,510,496,706030,9832,284138,2204300
986,492,508,705538,9816,284646,1918300
987,485,498,705053,9803,285144,1895600
988,496,467,704557,9832,285611,1851000
989,486,487,704071,9831,286098,2019700
990,486,483,703585,9834,286581,1914800
991,495,496,703090,9833,287077,1890900
992,489,520,702601,9802,287597,1885300
993,450,496,702151,9756,288093,2327600
994,503,499,701648,9760,288592,2146800
995,503,489,701145,9774,289081,1993600
996,516,513,700629,9777,289594,1930800
997,495,453,700134,9819,290047,1892700
998,495,493,699639,9821,290540,2119500
999,488,500,699151,9809,291040,1955900
1000,530,503,698621,9836,291543,1910200
1001,486,488,698135,9834,292031,1959300
1002,542,505,697593,9871,292536,2275700
1003,526,475,697067,9922,293011,1961000
1004,536,519,696531,9939,293530,2082800
1005,506,493,696025,9952,294023,1971800
1006,486,455,695539,9983,294478,1951000
1007,492,515,695047,9960,294993,1964800
1008,510,456,694537,10014,295449,1927200
1009,490,538,694047,9966,295987,2105900
1010,507,495,693540,9978,296482,1992000
1011,492,472,693048,9998,296954,1940700
1012,464,488,692584,9974,297442,1961800
1013,471,506,692113,9939,297948,2088700
1014,499,499,691614,9939,298447,1922000
1015,516,496,691098,9959,298943,1908200
1016,512,526,690586,9945,299469,1958800
1017,461,539,690125,9867,300008,1878700
1018,520,443,689605,9944,300451,1868700
1019,515,450,689090,10009,300901,1988900
1020,538,538,688552,10009,301439,2063600
1021,520,525,688032,10004,301964,1870100
1022,517,498,687515,10023,302462,2014400
1023,503,499,687012,10027,302961,1983400
1024,542,522,686470,10047,303483,1881900
1025,491,473,685979,10065,303956,1987700
1026,488,522,685491,10031,304478,1980600
1027,527,529,684964,10029,305007,2019100
1028,534,477,684430,10086,305484,1993200
1029,497,502,683933,10081,305986,1973400
1030,521,524,683412,10078,306510,2011800
1031,567,523,682845,10122,307033,1913800
1032,519,488,682326,10153,307521,2142000
1033,500,516,681826,10137,308037,1910400
1034,527,494,681299,10170,308531,2001800
1035,528,515,680771,10183,309046,2140900
1036,507,496,680264,10194,309542,1972600
1037,502,522,679762,10174,310064,1908000
1038,499,469,679263,10204,310533,2011300
1039,525,489,678738,10240,311022,2060800
1040,511,513,678227,10238,311535,1909300
1041,498,516,677729,10220,312051,2002900
1042,517,510,677212,10227,312561,1928200
1043,561,464,676651,10324,313025,2222000
1044,519,559,676132,10284,313584,2001700
1045,515,515,675617,10284,314099,2003500
1046,517,512,675100,10289,314611,1937300
1047,499,530,674601,10258,315141,2192300
1048,551,543,674050,10266,315684,2179300
1049,564,560,673486,10270,316244,2013800
1050,553,491,672933,10332,316735,1967700
1051,501,497,672432,10336,317232,1932800
1052,501,516,671931,10321,317748,2150100
1053,533,479,671398,10375,318227,1951900
1054,494,489,670904,10380,318716,1968000
1055,505,504,670399,10381,319220,1910500
1056,531,514,669868,10398,319734,2140300
1057,554,513,669314,10439,320247,1948200
1058,538,513,668776,10464,320760,1937200
1059,537,467,668239,10534,321227,1888300
1060,563,520,667676,10577,321747,1941800
1061,520,549,667156,10548,322296,1872300
1062,479,540,666677,10487,322836,2201400
1063,508,555,666169,10440,323391,2008300
1064,545,530,665624,10455,323921,1882000
1065,500,548,665124,10407,324469,2077000
1066,505,469,664619,10443,324938,1880800
1067,474,519,664145,10398,325457,1965100
1068,496,520,663649,10374,325977,2017800
1069,521,557,663128,10338,326534,1974300
1070,488,554,662640,10272,327088,2019900
1071,534,502,662106,10304,327590,1939200
1072,490,526,661616,10268,328116,1928100
1073,525,480,661091,10313,328596,1979600
1074,507,495,660584,10325,329091,1987900
1075,488,541,660096,10272,329632,1993100
1076,524,554,659572,10242,330186,1991300
1077,510,510,659062,10242,330696,2014000
1078,502,484,658560,10260,331180,2345200
1079,518,489,658042,10289,331669,1907000
1080,490,507,657552,10272,332176,2097100
1081,527,499,657025,10300,332675,2163600
1082,546,513,656479,10333,333188,2067300
1083,544,567,655935,10310,333755,2062200
1084,515,533,655420,10292,334288,1903800
1085,508,506,654912,10294,334794,1893200
1086,534,535,654378,10293,335329,1989200
1087,500,509,653878,10284,335838,2037100
1088,491,495,653387,10280,336333,1917700
1089,536,523,652851,10293,336856,1911700
1090,481,514,652370,10260,337370,1904500
1091,509,533,651861,10236,337903,1910300
1092,516,509,651345,10243,338412,1908300
1093,494,514,650851,10223,338926,1996900
1094,487,486,650364,10224,339412,1937300
1095,504,513,649860,10215,339925,1985900
1096,482,540,649378,10157,340465,1976700
1097,479,507,648899,10129,340972,1971300
1098,488,530,648411,10087,341502,2062700
1099,482,478,647929,10091,341980,2012300
1100,467,477,647462,10081,342457,1863900
1101,547,493,646915,10135,342950,1948100
1102,519,529,646396,10125,343479,2138400
1103,514,490,645882,10149,343969,1900000
1104,511,514,645371,10146,344483,2124700
1105,489,487,644882,10148,344970,2109100
1106,506,532,644376,10122,345502,2001300
1107,506,496,643870,10132,345998,1998100
1108,511,489,643359,10154,346487,1962900
1109,515,510,642844,10159,346997,2324900
1110,478,516,642366,10121,347513,2175500
1111,508,557,641858,10072,348070,1977400
1112,503,522,641355,10053,348592,2234300
1113,551,487,640804,10117,349079,2410900
1114,487,509,640317,10095,349588,1985900
1115,527,477,639790,10145,350065,1927500
1116,493,516,639297,10122,350581,2018100
1117,538,500,638759,10160,351081,1918900
1118,556,528,638203,10188,351609,2012500
1119,512,543,637691,10157,352152,1950300
1120,541,519,637150,10179,352671,2148500
1121,515,543,636635,10151,353214,1977400
1122,513,473,636122,10191,353687,1907400
1123,504,468,635618,10227,354155,1997100
1124,514,538,635104,10203,354693,1985300
1125,512,526,634592,10189,355219,1909300
1126,492,457,634100,10224,355676,1991200
1127,524,542,633576,10206,356218,1994600
1128,532,461,633044,10277,356679,2004200
1129,530,539,632514,10268,357218,2199700
1130,529,502,631985,10295,357720,1982000
1131,515,521,631470,10289,358241,2330300
1132,531,484,630939,10336,358725,2233700
1133,501,536,630438,10301,359261,2019300
1134,543,511,629895,10333,359772,2002400
1135,506,516,629389,10323,360288,1918000
1136,540,524,628849,10339,360812,1967300
1137,589,487,628260,10441,361299,1961300
1138,548,548,627712,10441,361847,2038800
1139,520,533,627192,10428,362380,2137900
1140,533,504,626659,10457,362884,2096300
1141,577,508,626082,10526,363392,1979400
1142,617,553,625465,10590,363945,1986100
1143,570,546,624895,10614,364491,2047500
1144,570,578,624325,10606,365069,2001400
1145,602,502,623723,10706,365571,1933400
1146,519,538,623204,10687,366109,1953300
1147,539,534,622665,10692,366643,1958800
1148,524,526,622141,10690,367169,1982200
1149,576,543,621565,10723,367712,1958200
1150,578,562,620987,10739,368274,2055000
1151,601,586,620386,10754,368860,2009100
1152,542,550,619844,10746,369410,2149000
1153,506,510,619338,10742,369920,1977600
1154,542,539,618796,10745,370459,2031200
1155,574,567,618222,10752,371026,2254600
1156,550,549,617672,10753,371575,2160800
1157,555,526,617117,10782,372101,2231000
1158,535,539,616582,10778,372640,2142900
1159,551,534,616031,10795,373174,2130000
1160,545,529,615486,10811,373703,2015700
1161,569,522,614917,10858,374225,2019800
1162,556,478,614361,10936,374703,2117900
1163,571,556,613790,10951,375259,2114300
1164,538,533,613252,10956,375792,2158800
1165,528,571,612724,10913,376363,2269600
1166,554,551,612170,10916,376914,2089700
1167,522,545,611648,10893,377459,2074900
1168,534,550,611114,10877,378009,2128800
1169,538,543,610576,10872,378552,2170500
1170,547,567,610029,10852,379119,2181900
1171,561,531,609468,10882,379650,2052200
1172,542,542,608926,10882,380192,2068400
1173,547,567,608379,10862,380759,2135200
1174,526,517,607853,10871,381276,2022200
1175,562,534,607291,10899,381810,2056100
1176,580,543,606711,10936,382353,2020900
1177,587,547,606124,10976,382900,1979200
1178,534,521,605590,10989,383421,2086400
1179,561,604,605029,10946,384025,1979900
1180,541,505,604488,10982,384530,1945400
1181,556,550,603932,10988,385080,1950800
1182,534,519,603398,11003,385599,1972900
1183,574,567,602824,11010,386166,1958000
1184,561,599,602263,10972,386765,2162700
1185,553,528,601710,10997,387293,1962100
1186,542,548,601168,10991,387841,2020000
1187,556,545,600612,11002,388386,2003500
1188,568,531,600044,11039,388917,2030500
1189,551,534,599493,11056,389451,2012000
1190,533,577,598960,11012,390028,1946400
1191,588,577,598372,11023,390605,2066100
1192,577,561,597795,11039,391166,1982600
1193,568,569,597227,11038,391735,2004300
1194,577,555,596650,11060,392290,2004200
1195,567,549,596083,11078,392839,2044700
1196,556,579,595527,11055,393418,2064700
1197,539,494,594988,11100,393912,1967600
1198,571,526,594417,11145,394438,1993600
1199,584,547,593833,11182,394985,2155100
1200,545,543,593288,11184,395528,1931100
1201,611,576,592677,11219,396104,2008500
1202,604,588,592073,11235,396692,1931100
1203,597,559,591476,11273,397251,1979500
1204,567,540,590909,11300,397791,1969900
1205,590,617,590319,11273,398408,2015300
1206,535,606,589784,11202,399014,1964500
1207,511,536,589273,11177,399550,2010000
1208,556,522,588717,11211,400072,2007000
1209,538,532,588179,11217,400604,2025900
1210,543,546,587636,11214,401150,1931500
1211,565,602,587071,11177,401752,2032000
1212,515,530,586556,11162,402282,2152000
1213,560,530,585996,11192,402812,1976300
1214,518,569,585478,11141,403381,2104000
1215,527,568,584951,11100,403949,2002300
1216,540,551,584411,11089,404500,1935500
1217,580,541,583831,11128,405041,2290200
1218,556,545,583275,11139,405586,1939900
1219,536,567,582739,11108,406153,1929700
1220,534,559,582205,11083,406712,1898300
1221,508,544,581697,11047,407256,1894900
1222,555,570,581142,11032,407826,1923600
1223,506,577,580636,10961,408403,1924300
1224,515,515,580121,10961,408918,1965100
1225,494,507,579627,10948,409425,1949200
1226,556,571,579071,10933,409996,2113600
1227,554,532,578517,10955,410528,2181700
1228,548,573,577969,10930,411101,2074900
1229,554,534,577415,10950,411635,2130700
1230,542,547,576873,10945,412182,2134800
1231,533,582,576340,10896,412764,2064300
1232,568,555,575772,10909,413319,2289900
1233,531,520,575241,10920,413839,2172800
1234,503,556,574738,10867,414395,2170800
1235,552,567,574186,10852,414962,2233400
1236,552,549,573634,10855,415511,2069200
1237,591,539,573043,10907,416050,2284900
1238,503,541,572540,10869,416591,2219600
1239,555,554,571985,10870,417145,2050700
1240,571,549,571414,10892,417694,2240600
1241,549,523,570865,10918,418217,2127800
1242,525,543,570340,10900,418760,2057000
1243,576,531,569764,10945,419291,2074100
1244,550,564,569214,10931,419855,2145300
1245,538,520,568676,10949,420375,2112800
1246,550,561,568126,10938,420936,2327200
1247,577,530,567549,10985,421466,2077700
1248,529,525,567020,10989,421991,2157300
1249,516,558,566504,10947,422549,2270100
1250,544,536,565960,10955,423085,2157200
1251,523,538,565437,10940,423623,2193300
1252,496,538,564941,10898,424161,2064700
1253,536,568,564405,10866,424729,2069800
1254,529,553,563876,10842,425282,2102100
1255,527,529,563349,10840,425811,2049000
1256,491,556,562858,10775,426367,2052400
1257,502,552,562356,10725,426919,2058400
1258,528,496,561828,10757,427415,2077400
1259,536,497,561292,10796,427912,2149600
1260,539,541,560753,10794,428453,2125400
1261,559,541,560194,10812,428994,2053500
1262,521,518,559673,10815,429512,2124000
1263,562,559,559111,10818,430071,2039000
1264,524,545,558587,10797,430616,1960600
1265,519,578,558068,10738,431194,2110200
1266,558,508,557510,10788,431702,2281700
1267,572,526,556938,10834,432228,2067200
1268,513,542,556425,10805,432770,2027700
1269,479,548,555946,10736,433318,2235300
1270,545,527,555401,10754,433845,2175800
1271,508,554,554893,10708,434399,2229100
1272,557,544,554336,10721,434943,2067900
1273,530,551,553806,10700,435494,2113800
1274,538,488,553268,10750,435982,2158300
1275,510,547,552758,10713,436529,2077800
1276,505,590,552253,10628,437119,2268400
1277,526,512,551727,10642,437631,2085600
1278,485,581,551242,10546,438212,2371400
1279,505,535,550737,10516,438747,2086100
1280,515,555,550222,10476,439302,2226000
1281,498,554,549724,10420,439856,2218000
1282,478,521,549246,10377,440377,2283900
1283,484,530,548762,10331,440907,2116600
1284,435,560,548327,10206,441467,2182900
1285,501,508,547826,10199,441975,2068900
1286,476,523,547350,10152,442498,2028700
1287,477,497,546873,10132,442995,2015400
1288,468,530,546405,10070,443525,2259000
1289,472,509,545933,10033,444034,2060700
1290,468,449,545465,10052,444483,2060000
1291,509,504,544956,10057,444987,2037800
1292,488,504,544468,10041,445491,2238700
1293,514,497,543954,10058,445988,2090500
1294,508,519,543446,10047,446507,2043900
1295,502,505,542944,10044,447012,2042900
1296,501,537,542443,10008,447549,2096500
1297,470,456,541973,10022,448005,2038600
1298,495,500,541478,10017,448505,2137900
1299,489,492,540989,10014,448997,2029600
1300,488,529,540501,9973,449526,2031500
1301,491,513,540010,9951,450039,2203000
1302,540,525,539470,9966,450564,2081700
1303,516,506,538954,9976,451070,2067100
1304,451,478,538503,9949,451548,2136700
1305,508,499,537995,9958,452047,2150100
1306,518,478,537477,9998,452525,2076900
1307,536,495,536941,10039,453020,2052100
1308,508,479,536433,10068,453499,2016300
1309,502,528,535931,10042,454027,2092100
1310,541,521,535390,10062,454548,2273300
1311,515,493,534875,10084,455041,2345300
1312,505,479,534370,10110,455520,2125700
1313,532,539,533838,10103,456059,2003000
1314,512,488,533326,10127,456547,2024200
1315,558,483,532768,10202,457030,2055600
1316,488,548,532280,10142,457578,2005500
1317,509,542,531771,10109,458120,2114000
1318,521,504,531250,10126,458624,2147600
1319,542,490,530708,10178,459114,2128600
1320,536,503,530172,10211,459617,2131800
1321,539,491,529633,10259,460108,2214400
1322,534,526,529099,10267,460634,2111700
1323,534,512,528565,10289,461146,2106500
1324,583,505,527982,10367,461651,2285900
1325,563,503,527419,10427,462154,2298500
1326,521,477,526898,10471,462631,2271900
1327,514,506,526384,10479,463137,2199900
1328,561,546,525823,10494,463683,2034800
1329,542,509,525281,10527,464192,2342200
1330,557,541,524724,10543,464733,2132800
1331,535,519,524189,10559,465252,2158100
1332,524,511,523665,10572,465763,2090000
1333,549,538,523116,10583,466301,2157500
1334,547,551,522569,10579,466852,2093500
1335,537,540,522032,10576,467392,2130500
1336,563,528,521469,10611,467920,2087100
1337,547,468,520922,10690,468388,2273400
1338,536,542,520386,10684,468930,2107700
1339,537,565,519849,10656,469495,2097900
1340,512,575,519337,10593,470070,2163200
1341,542,538,518795,10597,470608,2092100
1342,510,538,518285,10569,471146,2135400
1343,505,551,517780,10523,471697,2123000
1344,523,542,517257,10504,472239,2224400
1345,541,502,516716,10543,472741,2201400
1346,536,494,516180,10585,473235,2163100
1347,537,547,515643,10575,473782,2141500
1348,511,534,515132,10552,474316,2187700
1349,519,525,514613,10546,474841,2203900
1350,562,549,514051,10559,475390,2151500
1351,493,489,513558,10563,475879,2122900
1352,529,528,513029,10564,476407,2144100
1353,528,501,512501,10591,476908,2107300
1354,544,521,511957,10614,477429,2145300
1355,544,542,511413,10616,477971,2167700
1356,548,554,510865,10610,478525,2380600
1357,527,530,510338,10607,479055,2335100
1358,547,525,509791,10629,479580,2149400
1359,540,533,509251,10636,480113,2101000
1360,581,515,508670,10702,480628,2297000
1361,549,528,508121,10723,481156,2259700
1362,550,480,507571,10793,481636,2299200
1363,554,537,507017,10810,482173,2222900
1364,557,579,506460,10788,482752,2301900
1365,520,485,505940,10823,483237,2344900
1366,510,564,505430,10769,483801,2390100
1367,581,550,504849,10800,484351,2289100
1368,548,561,504301,10787,484912,2231100
1369,543,592,503758,10738,485504,2137500
1370,507,537,503251,10708,486041,2207900
1371,541,548,502710,10701,486589,2171000
1372,547,523,502163,10725,487112,2361100
1373,543,512,501620,10756,487624,4801300
1374,525,530,501095,10751,488154,2225800
1375,555,570,500540,10736,488724,2143500
1376,509,515,500031,10730,489239,2158500
1377,547,505,499484,10772,489744,2201600
1378,549,532,498935,10789,490276,2093800
1379,500,553,498435,10736,490829,2194200
1380,502,496,497933,10742,491325,2118200
1381,466,528,497467,10680,491853,2084900
1382,535,505,496932,10710,492358,2140200
1383,530,554,496402,10686,492912,2198400
1384,516,537,495886,10665,493449,2103300
1385,498,527,495388,10636,493976,2211800
1386,545,502,494843,10679,494478,2360800
1387,514,526,494329,10667,495004,2070600
1388,507,552,493822,10622,495556,2126800
1389,523,512,493299,10633,496068,2083400
1390,515,510,492784,10638,496578,2064200
1391,489,507,492295,10620,497085,2189200
1392,512,536,491783,10596,497621,2186200
1393,515,505,491268,10606,498126,2099800
1394,479,558,490789,10527,498684,2197700
1395,534,559,490255,10502,499243,2218000
1396,557,489,489698,10570,499732,2075000
1397,522,561,489176,10531,500293,2130500
1398,508,529,488668,10510,500822,2080800
1399,546,523,488122,10533,501345,2061400
1400,533,544,487589,10522,501889,2099500
1401,530,488,487059,10564,502377,2092100
1402,508,529,486551,10543,502906,2253800
1403,543,514,486008,10572,503420,2123400
1404,541,526,485467,10587,503946,2176200
1405,531,558,484936,10560,504504,2141500
1406,516,540,484420,10536,505044,2124200
1407,538,519,483882,10555,505563,2107800
1408,470,526,483412,10499,506089,2155700
1409,483,539,482929,10443,506628,2124900
1410,525,485,482404,10483,507113,2183200
1411,528,534,481876,10477,507647,2240900
1412,565,532,481311,10510,508179,2146500
1413,552,531,480759,10531,508710,2168100
1414,545,532,480214,10544,509242,2166600
1415,514,477,479700,10581,509719,1984900
1416,550,521,479150,10610,510240,2001300
1417,548,529,478602,10629,510769,2006200
1418,517,523,478085,10623,511292,1965400
1419,490,519,477595,10594,511811,2234000
1420,508,546,477087,10556,512357,2056200
1421,483,500,476604,10539,512857,1973400
1422,516,519,476088,10536,513376,2076100
1423,515,572,475573,10479,513948,1923900
1424,515,528,475058,10466,514476,2343200
1425,509,514,474549,10461,514990,2063100
1426,504,550,474045,10415,515540,2013300
1427,499,510,473546,10404,516050,1985800
1428,502,539,473044,10367,516589,2247600
1429,538,500,472506,10405,517089,2078600
1430,484,499,472022,10390,517588,2030900
1431,541,517,471481,10414,518105,2094700
1432,494,501,470987,10407,518606,2066100
1433,514,488,470473,10433,519094,2158600
1434,536,553,469937,10416,519647,2121200
1435,524,547,469413,10393,520194,2115800
1436,507,519,468906,10381,520713,2116400
1437,504,545,468402,10340,521258,2048000
1438,481,553,467921,10268,521811,2099800
1439,507,491,467414,10284,522302,2145500
1440,514,505,466900,10293,522807,2042100
1441,491,465,466409,10319,523272,2262900
1442,530,519,465879,10330,523791,2074700
1443,494,554,465385,10270,524345,2065800
1444,516,547,464869,10239,524892,2051000
1445,521,501,464348,10259,525393,2013700
1446,524,533,463824,10250,525926,2219200
1447,517,494,463307,10273,526420,2007800
1448,535,514,462772,10294,526934,2189400
1449,532,527,462240,10299,527461,2212700
1450,492,504,461748,10287,527965,2098400
1451,506,509,461242,10284,528474,2018200
1452,499,512,460743,10271,528986,1993400
1453,516,515,460227,10272,529501,2052000
1454,501,531,459726,10242,530032,2149500
1455,530,522,459196,10250,530554,2083100
1456,514,564,458682,10200,531118,2072400
1457,523,493,458159,10230,531611,2107800
1458,515,492,457644,10253,532103,2007400
1459,519,501,457125,10271,532604,2154500
1460,509,478,456616,10302,533082,2118200
1461,528,523,456088,10307,533605,2044900
1462,548,506,455540,10349,534111,2209300
1463,547,517,454993,10379,534628,2029600
1464,530,513,454463,10396,535141,2031400
1465,538,526,453925,10408,535667,2190000
1466,529,486,453396,10451,536153,2028700
1467,556,518,452840,10489,536671,11284900
1468,491,522,452349,10458,537193,2522900
1469,509,520,451840,10447,537713,2232500
1470,516,526,451324,10437,538239,2232100
1471,536,566,450788,10407,538805,2218500
1472,515,546,450273,10376,539351,2104700
1473,491,505,449782,10362,539856,2190200
1474,539,553,449243,10348,540409,2063700
1475,471,537,448772,10282,540946,2013900
1476,494,505,448278,10271,541451,2044900
1477,509,507,447769,10273,541958,2016900
1478,517,531,447252,10259,542489,2107200
1479,522,478,446730,10303,542967,2133100
1480,517,529,446213,10291,543496,2232500
1481,555,494,445658,10352,543990,2114200
1482,515,511,445143,10356,544501,2114800
1483,545,494,444598,10407,544995,2048600
1484,527,563,444071,10371,545558,2170500
1485,518,516,443553,10373,546074,2046800
1486,549,531,443004,10391,546605,2018900
1487,545,528,442459,10408,547133,1981600
1488,578,482,441881,10504,547615,2042100
1489,527,509,441354,10522,548124,2155900
1490,539,522,440815,10539,548646,2032600
1491,518,540,440297,10517,549186,2129800
1492,552,490,439745,10579,549676,2060400
1493,555,522,439190,10612,550198,2003700
1494,543,467,438647,10688,550665,2100700
1495,527,546,438120,10669,551211,2161200
1496,525,509,437595,10685,551720,2025800
1497,549,535,437046,10699,552255,2171600
1498,503,613,436543,10589,552868,2231000
1499,548,528,435995,10609,553396,2041800
1500,520,522,435475,10607,553918,2051400
1501,533,544,434942,10596,554462,2016500
1502,555,487,434387,10664,554949,2226400
1503,525,511,433862,10678,555460,2075200
1504,529,532,433333,10675,555992,2135300
1505,527,532,432806,10670,556524,2037900
1506,541,521,432265,10690,557045,2306200
1507,546,548,431719,10688,557593,2061900
1508,525,532,431194,10681,558125,2073800
1509,546,491,430648,10736,558616,1982600
1510,543,526,430105,10753,559142,2109500
1511,525,566,429580,10712,559708,2036000
1512,525,556,429055,10681,560264,2082500
1513,546,561,428509,10666,560825,2169600
1514,504,559,428005,10611,561384,2030600
1515,506,548,427499,10569,561932,2021300
1516,539,561,426960,10547,562493,2053100
1517,543,521,426417,10569,563014,2001400
1518,521,550,425896,10540,563564,2349400
1519,513,564,425383,10489,564128,2066500
1520,527,500,424856,10516,564628,2021900
1521,491,591,424365,10416,565219,2294000
1522,490,530,423875,10376,565749,2058800
1523,529,568,423346,10337,566317,2073000
1524,497,482,422849,10352,566799,2170800
1525,463,491,422386,10324,567290,2019500
1526,497,565,421889,10256,567855,2122300
1527,515,508,421374,10263,568363,1974700
1528,506,525,420868,10244,568888,2125400
1529,518,522,420350,10240,569410,2156900
1530,555,534,419795,10261,569944,2096000
1531,537,519,419258,10279,570463,2118400
1532,503,524,418755,10258,570987,2241700
1533,555,513,418200,10300,571500,2107900
1534,508,521,417692,10287,572021,2161000
1535,556,543,417136,10300,572564,2166100
1536,497,471,416639,10326,573035,2185000
1537,534,483,416105,10377,573518,2090100
1538,534,533,415571,10378,574051,2135300
1539,542,496,415029,10424,574547,2170500
1540,530,529,414499,10425,575076,2094800
1541,542,489,413957,10478,575565,2097600
1542,509,493,413448,10494,576058,2143800
1543,512,531,412936,10475,576589,2093300
1544,537,536,412399,10476,577125,2193900
1545,473,514,411926,10435,577639,2054600
1546,549,541,411377,10443,578180,2089500
1547,535,484,410842,10494,578664,2106800
1548,530,516,410312,10508,579180,2066000
1549,551,531,409761,10528,579711,2047700
1550,529,484,409232,10573,580195,2131600
1551,554,530,408678,10597,580725,2133000
1552,504,554,408174,10547,581279,2172900
1553,559,515,407615,10591,581794,2017400
1554,532,505,407083,10618,582299,2145400
1555,504,529,406579,10593,582828,2068200
1556,516,555,406063,10554,583383,1983200
1557,554,551,405509,10557,583934,2357700
1558,577,544,404932,10590,584478,2166400
1559,538,513,404394,10615,584991,2126600
1560,516,561,403878,10570,585552,2053200
1561,502,552,403376,10520,586104,1958200
1562,504,505,402872,10519,586609,1950200
1563,536,570,402336,10485,587179,1986200
1564,533,540,401803,10478,587719,1925600
1565,521,509,401282,10490,588228,2250800
1566,539,524,400743,10505,588752,2013000
1567,536,508,400207,10533,589260,1965500
1568,511,548,399696,10496,589808,1951600
1569,502,517,399194,10481,590325,2109400
1570,518,508,398676,10491,590833,1965700
1571,497,550,398179,10438,591383,1961100
1572,505,545,397674,10398,591928,2059000
1573,522,533,397152,10387,592461,2087100
1574,523,534,396629,10376,592995,2023900
1575,514,496,396115,10394,593491,1949400
1576,508,495,395607,10407,593986,1957700
1577,482,535,395125,10354,594521,1950900
1578,514,503,394611,10365,595024,1996900
1579,528,510,394083,10383,595534,1993600
1580,541,516,393542,10408,596050,1959200
1581,504,534,393038,10378,596584,1885600
1582,528,536,392510,10370,597120,1877900
1583,523,506,391987,10387,597626,2124200
1584,505,508,391482,10384,598134,1954500
1585,552,465,390930,10471,598599,1930100
1586,542,533,390388,10480,599132,2092500
1587,553,495,389835,10538,599627,1952700
1588,503,541,389332,10500,600168,2057400
1589,511,552,388821,10459,600720,1951700
1590,505,556,388316,10408,601276,2217300
1591,512,494,387804,10426,601770,1951800
1592,494,469,387310,10451,602239,1923400
1593,526,516,386784,10461,602755,1911900
1594,526,529,386258,10458,603284,1966900
1595,555,520,385703,10493,603804,1961800
1596,502,540,385201,10455,604344,1979600
1597,519,512,384682,10462,604856,2397600
1598,498,560,384184,10400,605416,1956300
1599,503,543,383681,10360,605959,1984400
1600,510,494,383171,10376,606453,1984800
1601,498,544,382673,10330,606997,1950900
1602,515,519,382158,10326,607516,2088800
1603,528,528,381630,10326,608044,1959500
1604,539,525,381091,10340,608569,1955000
1605,560,524,380531,10376,609093,2055200
1606,513,551,380018,10338,609644,1953200
1607,470,515,379548,10293,610159,1970900
1608,539,517,379009,10315,610676,1965300
1609,529,548,378480,10296,611224,2106400
1610,519,505,377961,10310,611729,1946700
1611,490,506,377471,10294,612235,2325000
1612,484,528,376987,10250,612763,1920700
1613,539,531,376448,10258,613294,1880500
1614,527,491,375921,10294,613785,1932900
1615,525,525,375396,10294,614310,1934500
1616,485,517,374911,10262,614827,1928600
1617,541,525,374370,10278,615352,1939600
1618,526,461,373844,10343,615813,2021200
1619,509,538,373335,10314,616351,2096000
1620,533,515,372802,10332,616866,1999300
1621,486,525,372316,10293,617391,2094900
1622,539,497,371777,10335,617888,1922200
1623,539,457,371238,10417,618345,1927300
1624,533,483,370705,10467,618828,2139600
1625,520,531,370185,10456,619359,1929600
1626,527,526,369658,10457,619885,2074100
1627,536,504,369122,10489,620389,2093200
1628,525,514,368597,10500,620903,2073700
1629,531,561,368066,10470,621464,1953900
1630,543,545,367523,10468,622009,1952400
1631,524,529,366999,10463,622538,2027000
1632,585,475,366414,10573,623013,2017200
1633,500,540,365914,10533,623553,1956200
1634,552,522,365362,10563,624075,2006800
1635,569,552,364793,10580,624627,2168200
1636,545,544,364248,10581,625171,1946100
1637,550,534,363698,10597,625705,1978700
1638,557,584,363141,10570,626289,1969000
1639,537,584,362604,10523,626873,1994200
1640,543,513,362061,10553,627386,2106300
1641,515,527,361546,10541,627913,2020000
1642,546,553,361000,10534,628466,2056600
1643,514,522,360486,10526,628988,2061100
1644,561,532,359925,10555,629520,1953100
1645,564,517,359361,10602,630037,1911200
1646,503,503,358858,10602,630540,1933500
1647,571,496,358287,10677,631036,1929900
1648,528,540,357759,10665,631576,2081700
1649,541,539,357218,10667,632115,1953200
1650,541,540,356677,10668,632655,1934500
1651,542,500,356135,10710,633155,1926500
1652,537,550,355598,10697,633705,1960500
1653,513,543,355085,10667,634248,1929900
1654,569,538,354516,10698,634786,1953800
1655,538,554,353978,10682,635340,1946700
1656,535,524,353443,10693,635864,1934800
1657,542,525,352901,10710,636389,1958500
1658,500,560,352401,10650,636949,1958400
1659,526,528,351875,10648,637477,1939400
1660,507,529,351368,10626,638006,1933800
1661,529,499,350839,10656,638505,2154500
1662,546,586,350293,10616,639091,2058000
1663,520,508,349773,10628,639599,1932500
1664,533,512,349240,10649,640111,2099400
1665,525,554,348715,10620,640665,2121700
1666,489,523,348226,10586,641188,2180300
1667,530,539,347696,10577,641727,1935600
1668,558,553,347138,10582,642280,2113500
1669,546,532,346592,10596,642812,1939900
1670,502,563,346090,10535,643375,1918300
1671,543,550,345547,10528,643925,1895000
1672,542,506,345005,10564,644431,1880400
1673,538,550,344467,10552,644981,1995000
1674,581,514,343886,10619,645495,2033400
1675,566,577,343320,10608,646072,2033200
1676,505,528,342815,10585,646600,2007600
1677,552,542,342263,10595,647142,1953200
1678,519,520,341744,10594,647662,1895500
1679,559,493,341185,10660,648155,1929100
1680,504,528,340681,10636,648683,1948100
1681,535,545,340146,10626,649228,2202900
1682,562,513,339584,10675,649741,1969500
1683,548,509,339036,10714,650250,1957000
1684,537,530,338499,10721,650780,2072200
1685,498,556,338001,10663,651336,1975200
1686,581,551,337420,10693,651887,1961600
1687,526,557,336894,10662,652444,1945100
1688,550,544,336344,10668,652988,1960100
1689,523,538,335821,10653,653526,1940700
1690,551,542,335270,10662,654068,1942900
1691,493,528,334777,10627,654596,1934600
1692,544,523,334233,10648,655119,1949700
1693,555,509,333678,10694,655628,1964100
1694,533,557,333145,10670,656185,1935300
1695,505,510,332640,10665,656695,1958000
1696,513,521,332127,10657,657216,2305800
1697,536,526,331591,10667,657742,1999000
1698,542,544,331049,10665,658286,2226700
1699,516,535,330533,10646,658821,1980300
1700,532,561,330001,10617,659382,1964400
1701,522,552,329479,10587,659934,1937300
1702,537,503,328942,10621,660437,2013500
1703,503,523,328439,10601,660960,1930700
1704,514,530,327925,10585,661490,1966900
1705,468,573,327457,10480,662063,1910700
1706,514,496,326943,10498,662559,1873300
1707,510,556,326433,10452,663115,1926300
1708,503,503,325930,10452,663618,1954300
1709,495,515,325435,10432,664133,1915300
1710,504,506,324931,10430,664639,1915500
1711,466,538,324465,10358,665177,1886900
1712,467,530,323998,10295,665707,2156700
1713,499,496,323499,10298,666203,1953400
1714,523,520,322976,10301,666723,1933000
1715,515,507,322461,10309,667230,1952300
1716,514,503,321947,10320,667733,1869200
1717,498,498,321449,10320,668231,1885300
1718,523,534,320926,10309,668765,1873300
1719,531,533,320395,10307,669298,1933100
1720,519,500,319876,10326,669798,2022500
1721,500,517,319376,10309,670315,1914000
1722,521,517,318855,10313,670832,1987700
1723,540,502,318315,10351,671334,1981500
1724,508,516,317807,10343,671850,1995700
1725,515,488,317292,10370,672338,1947100
1726,527,548,316765,10349,672886,1932400
1727,502,517,316263,10334,673403,1969000
1728,489,526,315774,10297,673929,2019400
1729,523,523,315251,10297,674452,1950200
1730,529,469,314722,10357,674921,1933900
1731,541,524,314181,10374,675445,1948800
1732,568,547,313613,10395,675992,2216300
1733,549,506,313064,10438,676498,1991100
1734,536,546,312528,10428,677044,1983100
1735,542,517,311986,10453,677561,1963300
1736,482,515,311504,10420,678076,1952900
1737,535,508,310969,10447,678584,2053000
1738,522,506,310447,10463,679090,1957400
1739,557,525,309890,10495,679615,1959300
1740,511,573,309379,10433,680188,1964200
1741,505,482,308874,10456,680670,1939400
1742,497,520,308377,10433,681190,1898700
1743,479,496,307898,10416,681686,1932500
1744,494,514,307404,10396,682200,2007200
1745,487,554,306917,10329,682754,1895000
1746,484,591,306433,10222,683345,2188200
1747,499,551,305934,10170,683896,1909900
1748,497,490,305437,10177,684386,1907100
1749,553,468,304884,10262,684854,1986300
1750,486,512,304398,10236,685366,2123000
1751,485,497,303913,10224,685863,2118800
1752,502,492,303411,10234,686355,2185600
1753,467,539,302944,10162,686894,2037400
1754,490,521,302454,10131,687415,1976600
1755,507,495,301947,10143,687910,1940400
1756,489,514,301458,10118,688424,1914900
1757,527,507,300931,10138,688931,2085100
1758,508,494,300423,10152,689425,1973500
1759,511,508,299912,10155,689933,1907900
1760,499,444,299413,10210,690377,1991900
1761,508,514,298905,10204,690891,1946600
1762,488,516,298417,10176,691407,2046900
1763,541,525,297876,10192,691932,2048500
1764,486,472,297390,10206,692404,1940400
1765,517,481,296873,10242,692885,2010700
1766,516,516,296357,10242,693401,2102600
1767,507,508,295850,10241,693909,1989800
1768,512,534,295338,10219,694443,2077200
1769,518,537,294820,10200,694980,1986700
1770,505,495,294315,10210,695475,1920800
1771,492,492,293823,10210,695967,2384000
1772,532,501,293291,10241,696468,1960400
1773,462,533,292829,10170,697001,2014400
1774,495,516,292334,10149,697517,1972700
1775,504,486,291830,10167,698003,2161400
1776,481,512,291349,10136,698515,2016500
1777,508,519,290841,10125,699034,2007400
1778,449,511,290392,10063,699545,2076300
1779,519,535,289873,10047,700080,1991000
1780,499,548,289374,9998,700628,1886300
1781,460,529,288914,9929,701157,2001700
1782,460,519,288454,9870,701676,1921300
1783,512,453,287942,9929,702129,1900100
1784,500,499,287442,9930,702628,1935100
1785,522,518,286920,9934,703146,1929400
1786,496,476,286424,9954,703622,1940900
1787,516,486,285908,9984,704108,1920800
1788,516,497,285392,10003,704605,2127300
1789,479,481,284913,10001,705086,1982000
1790,504,507,284409,9998,705593,1914000
1791,487,483,283922,10002,706076,1949600
1792,525,494,283397,10033,706570,1968600
1793,498,523,282899,10008,707093,2043100
1794,529,488,282370,10049,707581,1932300
1795,533,529,281837,10053,708110,1927200
1796,532,493,281305,10092,708603,1914800
1797,513,480,280792,10125,709083,1935800
1798,535,501,280257,10159,709584,1926300
1799,479,509,279778,10129,710093,2010700
1800,545,534,279233,10140,710627,1970200
1801,499,511,278734,10128,711138,1910500
1802,503,540,278231,10091,711678,1896100
1803,540,522,277691,10109,712200,1998300
1804,521,496,277170,10134,712696,1898100
1805,517,537,276653,10114,713233,1925800
1806,539,524,276114,10129,713757,1918000
1807,511,513,275603,10127,714270,2153800
1808,518,529,275085,10116,714799,2008200
1809,539,482,274546,10173,715281,1940600
1810,526,484,274020,10215,715765,1966600
1811,558,496,273462,10277,716261,1932400
1812,527,549,272935,10255,716810,1956200
1813,535,514,272400,10276,717324,1975600
1814,558,532,271842,10302,717856,1934700
1815,515,508,271327,10309,718364,1930900
1816,490,519,270837,10280,718883,1937000
1817,521,486,270316,10315,719369,2363100
1818,513,496,269803,10332,719865,1980700
1819,549,511,269254,10370,720376,2125900
1820,527,542,268727,10355,720918,1991300
1821,567,524,268160,10398,721442,1964900
1822,566,523,267594,10441,721965,1952200
1823,538,522,267056,10457,722487,2064600
1824,520,554,266536,10423,723041,1954900
1825,523,515,266013,10431,723556,1994000
1826,527,502,265486,10456,724058,2005400
1827,518,523,264968,10451,724581,1970200
1828,553,500,264415,10504,725081,2046200
1829,546,509,263869,10541,725590,1936100
1830,501,557,263368,10485,726147,1937400
1831,492,569,262876,10408,726716,1917900
1832,536,575,262340,10369,727291,2192100
1833,502,509,261838,10362,727800,1984300
1834,524,522,261314,10364,728322,2023900
1835,508,545,260806,10327,728867,1965800
1836,510,517,260296,10320,729384,2150600
1837,504,501,259792,10323,729885,1958100
1838,497,494,259295,10326,730379,1939400
1839,518,534,258777,10310,730913,2062200
1840,498,491,258279,10317,731404,1963700
1841,506,488,257773,10335,731892,2106400
1842,527,533,257246,10329,732425,1944900
1843,523,508,256723,10344,732933,1939500
1844,519,518,256204,10345,733451,1917100
1845,487,515,255717,10317,733966,2055800
1846,507,552,255210,10272,734518,1946000
1847,530,532,254680,10270,735050,2172200
1848,517,534,254163,10253,735584,1951800
1849,548,499,253615,10302,736083,1948700
1850,486,531,253129,10257,736614,1967500
1851,512,523,252617,10246,737137,2089100
1852,514,504,252103,10256,737641,2058800
1853,504,517,251599,10243,738158,2142400
1854,536,559,251063,10220,738717,2005800
1855,522,504,250541,10238,739221,1909300
1856,518,508,250023,10248,739729,1867200
1857,546,510,249477,10284,740239,1879500
1858,516,481,248961,10319,740720,1953700
1859,551,503,248410,10367,741223,1964800
1860,533,558,247877,10342,741781,1946100
1861,526,520,247351,10348,742301,1935700
1862,540,498,246811,10390,742799,1939000
1863,529,497,246282,10422,743296,1954300
1864,536,553,245746,10405,743849,2174800
1865,516,534,245230,10387,744383,2249600
1866,506,483,244724,10410,744866,2105700
1867,559,500,244165,10469,745366,2026600
1868,528,541,243637,10456,745907,1978400
1869,508,543,243129,10421,746450,2012000
1870,522,521,242607,10422,746971,1985100
1871,499,517,242108,10404,747488,1906200
1872,521,496,241587,10429,747984,1883500
1873,511,535,241076,10405,748519,1940800
1874,534,538,240542,10401,749057,1991000
1875,520,494,240022,10427,749551,1956300
1876,500,483,239522,10444,750034,2095700
1877,537,506,238985,10475,750540,1987300
1878,502,484,238483,10493,751024,1932100
1879,558,528,237925,10523,751552,2064900
1880,544,512,237381,10555,752064,1934300
1881,542,570,236839,10527,752634,1953700
1882,582,482,236257,10627,753116,2334700
1883,517,520,235740,10624,753636,1902400
1884,560,536,235180,10648,754172,1880800
1885,560,497,234620,10711,754669,1878100
1886,570,480,234050,10801,755149,1964000
1887,549,572,233501,10778,755721,2077200
1888,553,558,232948,10773,756279,1903600
1889,576,525,232372,10824,756804,1937200
1890,526,561,231846,10789,757365,2214800
1891,564,531,231282,10822,757896,2067000
1892,539,532,230743,10829,758428,1933400
1893,532,576,230211,10785,759004,1905300
1894,494,513,229717,10766,759517,1952600
1895,547,516,229170,10797,760033,2052600
1896,521,523,228649,10795,760556,1958800
1897,563,503,228086,10855,761059,1953000
1898,529,548,227557,10836,761607,2274500
1899,550,560,227007,10826,762167,2036200
1900,559,513,226448,10872,762680,1940500
1901,476,519,225972,10829,763199,2015100
1902,537,559,225435,10807,763758,2186200
1903,495,547,224940,10755,764305,1999800
1904,497,549,224443,10703,764854,2009700
1905,546,510,223897,10739,765364,2235900
1906,504,567,223393,10676,765931,1977800
1907,499,546,222894,10629,766477,2094600
1908,506,513,222388,10622,766990,2000400
1909,510,540,221878,10592,767530,2195100
1910,506,553,221372,10545,768083,2088000
1911,483,537,220889,10491,768620,1914800
1912,510,534,220379,10467,769154,1967300
1913,531,534,219848,10464,769688,2014400
1914,562,505,219286,10521,770193,2084200
1915,525,582,218761,10464,770775,2066700
1916,509,477,218252,10496,771252,2011200
1917,537,514,217715,10519,771766,2131200
1918,507,564,217208,10462,772330,2129400
1919,580,500,216628,10542,772830,1922800
1920,504,542,216124,10504,773372,2030600
1921,524,549,215600,10479,773921,1961500
1922,549,522,215051,10506,774443,1966100
1923,506,535,214545,10477,774978,1954100
1924,546,512,213999,10511,775490,1974700
1925,549,501,213450,10559,775991,1936000
1926,540,505,212910,10594,776496,1955100
1927,508,543,212402,10559,777039,2223700
1928,539,505,211863,10593,777544,2007500
1929,518,538,211345,10573,778082,1966800
1930,516,533,210829,10556,778615,2180300
1931,547,502,210282,10601,779117,2165300
1932,538,519,209744,10620,779636,2036700
1933,512,545,209232,10587,780181,2061900
1934,541,520,208691,10608,780701,1991300
1935,581,559,208110,10630,781260,2003400
1936,495,536,207615,10589,781796,2105000
1937,528,579,207087,10538,782375,1981800
1938,516,543,206571,10511,782918,2060900
1939,528,498,206043,10541,783416,2045400
1940,539,536,205504,10544,783952,1958000
1941,548,547,204956,10545,784499,1997700
1942,510,549,204446,10506,785048,1952500
1943,506,503,203940,10509,785551,2028900
1944,552,531,203388,10530,786082,2048200
1945,542,534,202846,10538,786616,2010600
1946,529,537,202317,10530,787153,2102700
1947,528,518,201789,10540,787671,1993000
1948,551,513,201238,10578,788184,1951800
1949,509,540,200729,10547,788724,2144300
1950,516,499,200213,10564,789223,1995300
1951,521,510,199692,10575,789733,1969200
1952,516,522,199176,10569,790255,1939500
1953,509,494,198667,10584,790749,1894600
1954,512,527,198155,10569,791276,1999200
1955,531,530,197624,10570,791806,1943600
1956,528,500,197096,10598,792306,1868000
1957,517,518,196579,10597,792824,1925600
1958,518,516,196061,10599,793340,1921500
1959,527,536,195534,10590,793876,2053300
1960,546,576,194988,10560,794452,2070300
1961,532,529,194456,10563,794981,2010000
1962,499,534,193957,10528,795515,1918700
1963,530,523,193427,10535,796038,2022000
1964,486,534,192941,10487,796572,2030400
1965,502,553,192439,10436,797125,2036100
1966,546,526,191893,10456,797651,2008000
1967,514,508,191379,10462,798159,1971700
1968,496,495,190883,10463,798654,1970000
1969,504,554,190379,10413,799208,1946200
1970,485,533,189894,10365,799741,1976900
1971,470,546,189424,10289,800287,1974900
1972,490,522,188934,10257,800809,1920400
1973,509,488,188425,10278,801297,1937300
1974,458,523,187967,10213,801820,2019400
1975,442,491,187525,10164,802311,2272500
1976,484,532,187041,10116,802843,1985400
1977,511,527,186530,10100,803370,1960200
1978,480,512,186050,10068,803882,1995400
1979,464,504,185586,10028,804386,1944400
1980,447,515,185139,9960,804901,1964000
1981,454,492,184685,9922,805393,1998000
1982,506,507,184179,9921,805900,2116000
1983,494,472,183685,9943,806372,2018800
1984,494,539,183191,9898,806911,1998900
1985,489,508,182702,9879,807419,2052000
1986,467,498,182235,9848,807917,1988500
1987,496,475,181739,9869,808392,1984800
1988,480,490,181259,9859,808882,1985800
1989,437,490,180822,9806,809372,1981300
1990,449,485,180373,9770,809857,2017700
1991,475,508,179898,9737,810365,1990200
1992,482,453,179416,9766,810818,2093600
1993,474,493,178942,9747,811311,1985000
1994,483,477,178459,9753,811788,1886500
1995,477,478,177982,9752,812266,2167300
1996,484,514,177498,9722,812780,1987000
1997,464,476,177034,9710,813256,1969300
1998,468,501,176566,9677,813757,1975000
1999,478,504,176088,9651,814261,1948700
2000,476,452,175612,9675,814713,1966500
2001,454,491,175158,9638,815204,2044800
2002,438,472,174720,9604,815676,1918000
2003,396,504,174324,9496,816180,2323500
2004,452,523,173872,9425,816703,2258500
2005,416,499,173456,9342,817202,2241400
2006,450,467,173006,9325,817669,1860300
2007,427,451,172579,9301,818120,1845400
2008,436,472,172143,9265,818592,1901000
2009,455,468,171688,9252,819060,1832200
2010,401,442,171287,9211,819502,1826500
2011,432,464,170855,9179,819966,2125100
2012,425,410,170430,9194,820376,1836100
2013,425,419,170005,9200,820795,2120400
2014,446,450,169559,9196,821245,1921100
2015,409,451,169150,9154,821696,1898300
2016,453,527,168697,9080,822223,2029600
2017,431,449,168266,9062,822672,2114400
2018,432,466,167834,9028,823138,1956000
2019,429,443,167405,9014,823581,1904900
2020,442,473,166963,8983,824054,1953200
2021,454,446,166509,8991,824500,2006300
2022,470,448,166039,9013,824948,2121500
2023,389,448,165650,8954,825396,1973400
2024,406,447,165244,8913,825843,1872200
2025,476,473,164768,8916,826316,1910700
2026,441,460,164327,8897,826776,1906100
2027,390,466,163937,8821,827242,1895300
2028,428,438,163509,8811,827680,1922100
2029,396,462,163113,8745,828142,1844500
2030,430,430,162683,8745,828572,1862400
2031,410,451,162273,8704,829023,1874800
2032,403,405,161870,8702,829428,1954800
2033,397,458,161473,8641,829886,1848100
2034,418,438,161055,8621,830324,1953000
2035,420,455,160635,8586,830779,1951100
2036,418,447,160217,8557,831226,1970100
2037,409,438,159808,8528,831664,2327100
2038,425,437,159383,8516,832101,2181900
2039,391,446,158992,8461,832547,1912400
2040,410,399,158582,8472,832946,1838300
2041,432,421,158150,8483,833367,1858700
2042,382,429,157768,8436,833796,1944100
2043,380,419,157388,8397,834215,1953400
2044,379,372,157009,8404,834587,1960700
2045,417,397,156592,8424,834984,1996000
2046,393,416,156199,8401,835400,2012400
2047,389,423,155810,8367,835823,2120700
2048,389,434,155421,8322,836257,1933900
2049,398,406,155023,8314,836663,1921500
2050,406,436,154617,8284,837099,1983100
2051,382,419,154235,8247,837518,1891300
2052,365,427,153870,8185,837945,1911200
2053,384,382,153486,8187,838327,1970900
2054,401,401,153085,8187,838728,1951500
2055,371,400,152714,8158,839128,1916100
2056,377,419,152337,8116,839547,1938300
2057,400,433,151937,8083,839980,1938100
2058,390,414,151547,8059,840394,1879800
2059,371,417,151176,8013,840811,1845100
2060,384,372,150792,8025,841183,1881600
2061,379,370,150413,8034,841553,1961100
2062,352,402,150061,7984,841955,1949500
2063,398,406,149663,7976,842361,1898700
2064,367,385,149296,7958,842746,1930900
2065,397,396,148899,7959,843142,1939500
2066,374,392,148525,7941,843534,1905800
2067,391,414,148134,7918,843948,1906700
2068,392,413,147742,7897,844361,1827300
2069,380,381,147362,7896,844742,1848600
2070,356,395,147006,7857,845137,1811900
2071,351,393,146655,7815,845530,1897800
2072,343,350,146312,7808,845880,1934500
2073,347,383,145965,7772,846263,1861000
2074,399,360,145566,7811,846623,1917300
2075,377,393,145189,7795,847016,1907700
2076,349,363,144840,7781,847379,1901400
2077,357,392,144483,7746,847771,1835800
2078,350,376,144133,7720,848147,1825300
2079,349,365,143784,7704,848512,1782200
2080,364,365,143420,7703,848877,1887800
2081,349,379,143071,7673,849256,1914900
2082,374,384,142697,7663,849640,1969800
2083,320,402,142377,7581,850042,1935500
2084,290,376,142087,7495,850418,1815000
2085,343,355,141744,7483,850773,1768800
2086,379,355,141365,7507,851128,1812500
2087,313,377,141052,7443,851505,1827600
2088,355,373,140697,7425,851878,1875700
2089,334,393,140363,7366,852271,1923700
2090,354,373,140009,7347,852644,1891000
2091,357,416,139652,7288,853060,1806200
2092,330,356,139322,7262,853416,1871600
2093,324,370,138998,7216,853786,1807300
2094,340,371,138658,7185,854157,1951000
2095,334,363,138324,7156,854520,1872400
2096,355,380,137969,7131,854900,1920800
2097,301,343,137668,7089,855243,1902200
2098,322,390,137346,7021,855633,1907400
2099,351,344,136995,7028,855977,1896500
2100,286,342,136709,6972,856319,1878200
2101,301,358,136408,6915,856677,1844400
2102,312,317,136096,6910,856994,2007600
2103,293,338,135803,6865,857332,1824000
2104,280,335,135523,6810,857667,1812800
2105,284,328,135239,6766,857995,1906400
2106,287,332,134952,6721,858327,1893900
2107,298,328,134654,6691,858655,1896200
2108,296,315,134358,6672,858970,1775700
2109,291,303,134067,6660,859273,1794600
2110,317,334,133750,6643,859607,1782300
2111,307,334,133443,6616,859941,1901800
2112,323,315,133120,6624,860256,1897100
2113,302,299,132818,6627,860555,1906700
2114,308,335,132510,6600,860890,1884300
2115,304,341,132206,6563,861231,1774800
2116,289,312,131917,6540,861543,1791000
2117,279,323,131638,6496,861866,1802500
2118,267,299,131371,6464,862165,1896800
2119,273,318,131098,6419,862483,1941300
2120,287,313,130811,6393,862796,2202000
2121,270,301,130541,6362,863097,2121100
2122,287,315,130254,6334,863412,2135800
2123,305,319,129949,6320,863731,1844100
2124,289,322,129660,6287,864053,1911200
2125,307,334,129353,6260,864387,1849800
2126,277,344,129076,6193,864731,1789600
2127,282,296,128794,6179,865027,1885200
2128,294,296,128500,6177,865323,2112800
2129,274,329,128226,6122,865652,1976400
2130,300,300,127926,6122,865952,1914900
2131,293,282,127633,6133,866234,1939100
2132,271,282,127362,6122,866516,1871000
2133,283,346,127079,6059,866862,1881100
2134,275,295,126804,6039,867157,1911300
2135,312,312,126492,6039,867469,2149500
2136,270,285,126222,6024,867754,1974100
2137,248,276,125974,5996,868030,1976800
2138,301,283,125673,6014,868313,1955100
2139,290,295,125383,6009,868608,1920100
2140,280,302,125103,5987,868910,1954300
2141,251,295,124852,5943,869205,1945700
2142,261,285,124591,5919,869490,1894900
2143,277,290,124314,5906,869780,1908300
2144,277,329,124037,5854,870109,1955900
2145,268,293,123769,5829,870402,1866500
2146,256,295,123513,5790,870697,1929300
2147,272,291,123241,5771,870988,2104800
2148,270,274,122971,5767,871262,1898900
2149,273,325,122698,5715,871587,1880000
2150,291,296,122407,5710,871883,1880800
2151,274,291,122133,5693,872174,1809100
2152,262,266,121871,5689,872440,1803000
2153,258,284,121613,5663,872724,1901100
2154,273,283,121340,5653,873007,1896500
2155,281,285,121059,5649,873292,1880300
2156,277,305,120782,5621,873597,1893600
2157,278,273,120504,5626,873870,2113500
2158,292,267,120212,5651,874137,2043300
2159,256,264,119956,5643,874401,1892600
2160,290,259,119666,5674,874660,1876300
2161,290,315,119376,5649,874975,1776200
2162,274,264,119102,5659,875239,1789000
2163,267,306,118835,5620,875545,1804000
2164,279,318,118556,5581,875863,1879800
2165,252,323,118304,5510,876186,1908200
2166,265,283,118039,5492,876469,1833800
2167,246,278,117793,5460,876747,1827700
2168,228,249,117565,5439,876996,2100900
2169,268,277,117297,5430,877273,1908200
2170,259,259,117038,5430,877532,2096200
2171,267,285,116771,5412,877817,1877400
2172,292,261,116479,5443,878078,1771600
2173,272,261,116207,5454,878339,2046200
2174,274,277,115933,5451,878616,1892900
2175,275,273,115658,5453,878889,1845200
2176,254,277,115404,5430,879166,2009900
2177,255,271,115149,5414,879437,2051000
2178,252,241,114897,5425,879678,1843500
2179,275,257,114622,5443,879935,1874500
2180,272,289,114350,5426,880224,1852300
2181,252,269,114098,5409,880493,1855900
2182,257,283,113841,5383,880776,1791500
2183,257,281,113584,5359,881057,1866300
2184,243,273,113341,5329,881330,1764400
2185,249,256,113092,5322,881586,1913500
2186,245,263,112847,5304,881849,1985500
2187,272,269,112575,5307,882118,1907200
2188,248,254,112327,5301,882372,2127400
2189,239,267,112088,5273,882639,1773000
2190,249,280,111839,5242,882919,1907600
2191,225,250,111614,5217,883169,1853500
2192,260,256,111354,5221,883425,1818000
2193,256,267,111098,5210,883692,1802700
2194,251,273,110847,5188,883965,1868900
2195,260,290,110587,5158,884255,1873200
2196,222,292,110365,5088,884547,1880700
2197,235,242,110130,5081,884789,1864900
2198,219,248,109911,5052,885037,1799400
2199,269,232,109642,5089,885269,1952200
2200,256,246,109386,5099,885515,1789000
2201,251,252,109135,5098,885767,1756500
2202,221,255,108914,5064,886022,1849100
2203,224,246,108690,5042,886268,1825600
2204,218,273,108472,4987,886541,1860300
2205,230,268,108242,4949,886809,1878900
2206,242,264,108000,4927,887073,1834900
2207,209,217,107791,4919,887290,1872500
2208,238,235,107553,4922,887525,1882500
2209,239,243,107314,4918,887768,1803600
2210,221,257,107093,4882,888025,1843500
2211,228,274,106865,4836,888299,1788900
2212,255,253,106610,4838,888552,1736600
2213,225,234,106385,4829,888786,1868500
2214,227,278,106158,4778,889064,1874100
2215,242,214,105916,4806,889278,1887200
2216,241,241,105675,4806,889519,1986800
2217,240,253,105435,4793,889772,1922000
2218,229,226,105206,4796,889998,2095800
2219,250,252,104956,4794,890250,1883300
2220,221,239,104735,4776,890489,1797700
2221,229,230,104506,4775,890719,1786500
2222,218,234,104288,4759,890953,1795700
2223,260,226,104028,4793,891179,1861900
2224,228,238,103800,4783,891417,1841900
2225,254,272,103546,4765,891689,1871700
2226,241,218,103305,4788,891907,2011800
2227,243,237,103062,4794,892144,1753300
2228,246,219,102816,4821,892363,1724600
2229,238,227,102578,4832,892590,1881900
2230,222,244,102356,4810,892834,1871400
2231,219,230,102137,4799,893064,1891400
2232,286,259,101851,4826,893323,1775700
2233,222,264,101629,4784,893587,2288200
2234,228,219,101401,4793,893806,1791900
2235,223,257,101178,4759,894063,1783000
2236,238,259,100940,4738,894322,1808200
2237,241,222,100699,4757,894544,1785400
2238,254,245,100445,4766,894789,1881200
2239,259,217,100186,4808,895006,1852900
2240,224,244,99962,4788,895250,1881200
2241,229,238,99733,4779,895488,1851300
2242,234,240,99499,4773,895728,2065400
2243,220,233,99279,4760,895961,1770700
2244,241,238,99038,4763,896199,1759900
2245,236,223,98802,4776,896422,1877100
2246,242,255,98560,4763,896677,1872500
2247,230,242,98330,4751,896919,1839400
2248,246,220,98084,4777,897139,1793500
2249,228,247,97856,4758,897386,1790700
2250,232,239,97624,4751,897625,2087700
2251,262,240,97362,4773,897865,1805400
2252,242,213,97120,4802,898078,1862800
2253,263,233,96857,4832,898311,1872800
2254,217,237,96640,4812,898548,1845400
2255,240,241,96400,4811,898789,1864700
2256,235,266,96165,4780,899055,1804800
2257,253,266,95912,4767,899321,1749000
2258,232,242,95680,4757,899563,1744100
2259,233,228,95447,4762,899791,1916800
2260,209,252,95238,4719,900043,1862600
2261,214,231,95024,4702,900274,1833800
2262,206,228,94818,4680,900502,1737500
2263,239,250,94579,4669,900752,2008700
2264,209,232,94370,4646,900984,1868600
2265,226,208,94144,4664,901192,1818100
2266,209,225,93935,4648,901417,1861500
2267,248,232,93687,4664,901649,1899100
2268,221,249,93466,4636,901898,1766800
2269,229,244,93237,4621,902142,1847900
2270,211,260,93026,4572,902402,1732100
2271,202,209,92824,4565,902611,1865400
2272,239,223,92585,4581,902834,1865000
2273,207,221,92378,4567,903055,1902100
2274,208,259,92170,4516,903314,1863100
2275,206,246,91964,4476,903560,1780700
2276,209,216,91755,4469,903776,1769500
2277,206,235,91549,4440,904011,1835900
2278,222,227,91327,4435,904238,1872600
2279,227,207,91100,4455,904445,1743700
2280,186,224,90914,4417,904669,7119000
2281,193,246,90721,4364,904915,2186800
2282,196,212,90525,4348,905127,1995100
2283,208,255,90317,4301,905382,1807900
2284,207,218,90110,4290,905600,1859900
2285,213,206,89897,4297,905806,1987300
2286,178,219,89719,4256,906025,1742600
2287,219,183,89500,4292,906208,1741100
2288,220,201,89280,4311,906409,1897700
2289,213,206,89067,4318,906615,1876500
2290,215,199,88852,4334,906814,1741600
2291,209,227,88643,4316,907041,1767700
2292,184,224,88459,4276,907265,1777600
2293,206,208,88253,4274,907473,1831800
2294,234,223,88019,4285,907696,1853000
2295,219,207,87800,4297,907903,1837100
2296,183,199,87617,4281,908102,1832600
2297,209,224,87408,4266,908326,1787300
2298,219,217,87189,4268,908543,1734800
2299,216,212,86973,4272,908755,1753600
2300,205,216,86768,4261,908971,1826500
2301,220,205,86548,4276,909176,1973200
2302,195,208,86353,4263,909384,1830500
2303,226,218,86127,4271,909602,1727400
2304,195,207,85932,4259,909809,1731600
2305,228,180,85704,4307,909989,1855300
2306,214,230,85490,4291,910219,1949200
2307,216,216,85274,4291,910435,1812300
2308,214,257,85060,4248,910692,1788900
2309,214,226,84846,4236,910918,1780000
2310,193,200,84653,4229,911118,1821100
2311,211,224,84442,4216,911342,1841300
2312,196,213,84246,4199,911555,1803600
2313,187,199,84059,4187,911754,1768300
2314,199,228,83860,4158,911982,1711900
2315,185,225,83675,4118,912207,1869400
2316,205,214,83470,4109,912421,1772300
2317,210,219,83260,4100,912640,1896800
2318,173,230,83087,4043,912870,1763200
2319,192,199,82895,4036,913069,1699000
2320,206,178,82689,4064,913247,1733200
2321,171,191,82518,4044,913438,1720000
2322,192,206,82326,4030,913644,1725100
2323,201,203,82125,4028,913847,1782300
2324,196,180,81929,4044,914027,1887900
2325,183,195,81746,4032,914222,1769000
2326,212,190,81534,4054,914412,1794500
2327,197,215,81337,4036,914627,1774800
2328,190,205,81147,4021,914832,1771400
2329,200,210,80947,4011,915042,1849000
2330,210,225,80737,3996,915267,1862800
2331,227,200,80510,4023,915467,1823800
2332,192,191,80318,4024,915658,1812200
2333,208,204,80110,4028,915862,1927000
2334,201,202,79909,4027,916064,1713100
2335,226,232,79683,4021,916296,1729600
2336,212,213,79471,4020,916509,1800500
2337,195,197,79276,4018,916706,1906500
2338,228,191,79048,4055,916897,1809500
2339,203,205,78845,4053,917102,1842300
2340,208,198,78637,4063,917300,1814800
2341,210,203,78427,4070,917503,1938900
2342,187,197,78240,4060,917700,1874600
2343,207,198,78033,4069,917898,1840000
2344,207,220,77826,4056,918118,1968100
2345,186,192,77640,4050,918310,1819100
2346,210,203,77430,4057,918513,1839400
2347,195,167,77235,4085,918680,1808200
2348,192,196,77043,4081,918876,1992600
2349,202,219,76841,4064,919095,1897400
2350,217,201,76624,4080,919296,1820900
2351,202,221,76422,4061,919517,2095700
2352,207,216,76215,4052,919733,2233200
2353,205,176,76010,4081,919909,2020100
2354,178,205,75832,4054,920114,1875200
2355,183,175,75649,4062,920289,1816600
2356,220,207,75429,4075,920496,1870100
2357,196,205,75233,4066,920701,1825600
2358,193,214,75040,4045,920915,1820400
2359,210,192,74830,4063,921107,1788100
2360,236,185,74594,4114,921292,2008900
2361,216,191,74378,4139,921483,1872400
2362,191,229,74187,4101,921712,1833900
2363,216,219,73971,4098,921931,1884600
2364,195,190,73776,4103,922121,1830500
2365,201,207,73575,4097,922328,2141300
2366,188,201,73387,4084,922529,2338600
2367,192,187,73195,4089,922716,1859100
2368,210,214,72985,4085,922930,1874500
2369,194,203,72791,4076,923133,1770100
2370,183,192,72608,4067,923325,1816000
2371,182,208,72426,4041,923533,1773700
2372,187,210,72239,4018,923743,1695800
2373,198,218,72041,3998,923961,2058900
2374,198,188,71843,4008,924149,1903100
2375,193,214,71650,3987,924363,1800900
2376,202,172,71448,4017,924535,1816400
2377,202,221,71246,3998,924756,1709600
2378,210,201,71036,4007,924957,1706500
2379,209,202,70827,4014,925159,1861400
2380,203,206,70624,4011,925365,1811300
2381,189,189,70435,4011,925554,2172800
2382,186,188,70249,4009,925742,1748800
2383,192,203,70057,3998,925945,1825200
2384,216,217,69841,3997,926162,1794900
2385,223,198,69618,4022,926360,1771600
2386,193,205,69425,4010,926565,1953100
2387,205,212,69220,4003,926777,1852900
2388,210,190,69010,4023,926967,1823000
2389,205,211,68805,4017,927178,1766300
2390,176,203,68629,3990,927381,1730300
2391,170,209,68459,3951,927590,1844700
2392,162,205,68297,3908,927795,1819200
2393,171,185,68126,3894,927980,1833000
2394,177,209,67949,3862,928189,1791700
2395,201,168,67748,3895,928357,1816800
2396,179,204,67569,3870,928561,1798700
2397,195,228,67374,3837,928789,1865400
2398,198,189,67176,3846,928978,1863600
2399,185,198,66991,3833,929176,1764800
2400,202,193,66789,3842,929369,1764100
2401,183,191,66606,3834,929560,1761000
2402,205,178,66401,3861,929738,1695800
2403,173,197,66228,3837,929935,1817500
2404,174,192,66054,3819,930127,1753600
2405,185,182,65869,3822,930309,1690000
2406,163,211,65706,3774,930520,1851100
2407,209,185,65497,3798,930705,2351600
2408,188,186,65309,3800,930891,1841000
2409,171,191,65138,3780,931082,1890900
2410,179,197,64959,3762,931279,1855900
2411,182,212,64777,3732,931491,1831700
2412,174,165,64603,3741,931656,1933500
2413,168,191,64435,3718,931847,1785200
2414,181,169,64254,3730,932016,1751600
2415,171,187,64083,3714,932203,1762200
2416,157,182,63926,3689,932385,1989700
2417,180,178,63746,3691,932563,2090200
2418,174,164,63572,3701,932727,1748300
2419,181,167,63391,3715,932894,1852800
2420,176,213,63215,3678,933107,1792400
2421,186,163,63029,3701,933270,1794300
2422,169,194,62860,3676,933464,1756400
2423,184,182,62676,3678,933646,1826600
2424,163,176,62513,3665,933822,1889400
2425,183,196,62330,3652,934018,1818000
2426,192,169,62138,3675,934187,2036700
2427,194,175,61944,3694,934362,1794200
2428,173,198,61771,3669,934560,1770000
2429,139,172,61632,3636,934732,1803400
2430,169,181,61463,3624,934913,1856100
2431,182,192,61281,3614,935105,2096200
2432,197,165,61084,3646,935270,2127500
2433,166,179,60918,3633,935449,2217400
2434,163,202,60755,3594,935651,1864300
2435,146,219,60609,3521,935870,1868700
2436,163,180,60446,3504,936050,1765900
2437,157,159,60289,3502,936209,1909100
2438,143,195,60146,3450,936404,1767400
2439,131,177,60015,3404,936581,1742400
2440,141,144,59874,3401,936725,1751800
2441,149,176,59725,3374,936901,1956200
2442,168,179,59557,3363,937080,2253200
2443,135,155,59422,3343,937235,1848100
2444,145,163,59277,3325,937398,1841200
2445,132,189,59145,3268,937587,1824300
2446,150,175,58995,3243,937762,1799100
2447,147,150,58848,3240,937912,1733900
2448,141,159,58707,3222,938071,1770300
2449,121,164,58586,3179,938235,1846900
2450,138,181,58448,3136,938416,1821900
2451,114,163,58334,3087,938579,1919900
2452,141,127,58193,3101,938706,1684100
2453,127,164,58066,3064,938870,1783100
2454,117,153,57949,3028,939023,1833000
2455,130,159,57819,2999,939182,2043500
2456,131,157,57688,2973,939339,2051300
2457,142,145,57546,2970,939484,2174500
2458,129,159,57417,2940,939643,1926600
2459,123,152,57294,2911,939795,1910200
2460,122,143,57172,2890,939938,1833000
2461,132,151,57040,2871,940089,1932500
2462,137,141,56903,2867,940230,1947900
2463,134,149,56769,2852,940379,1790400
2464,123,126,56646,2849,940505,1723700
2465,126,124,56520,2851,940629,2087100
2466,143,150,56377,2844,940779,1834700
2467,127,128,56250,2843,940907,1742700
2468,121,138,56129,2826,941045,1832900
2469,124,147,56005,2803,941192,1767300
2470,136,134,55869,2805,941326,1758200
2471,123,112,55746,2816,941438,1727400
2472,121,137,55625,2800,941575,1815300
2473,127,139,55498,2788,941714,1829800
2474,121,154,55377,2755,941868,1749000
2475,129,164,55248,2720,942032,1728200
2476,132,132,55116,2720,942164,1677900
2477,121,125,54995,2716,942289,1808900
2478,124,136,54871,2704,942425,1784700
2479,116,143,54755,2677,942568,1663500
2480,113,152,54642,2638,942720,1681500
2481,119,118,54523,2639,942838,1804500
2482,141,133,54382,2647,942971,1761600
2483,136,144,54246,2639,943115,1682500
2484,120,128,54126,2631,943243,1720400
2485,129,142,53997,2618,943385,1773200
2486,118,123,53879,2613,943508,1726100
2487,125,128,53754,2610,943636,1724200
2488,135,115,53619,2630,943751,1728100
2489,133,121,53486,2642,943872,1763400
2490,129,126,53357,2645,943998,1737100
2491,128,123,53229,2650,944121,1745400
2492,127,136,53102,2641,944257,1767500
2493,121,114,52981,2648,944371,1829500
2494,123,139,52858,2632,944510,1745300
2495,106,122,52752,2616,944632,1681200
2496,103,128,52649,2591,944760,1714200
2497,118,131,52531,2578,944891,1768700
2498,116,125,52415,2569,945016,1688600
2499,123,112,52292,2580,945128,1677600
2500,104,121,52188,2563,945249,2126800
2501,108,129,52080,2542,945378,1702700
2502,106,116,51974,2532,945494,1889500
2503,114,99,51860,2547,945593,1779600
2504,112,129,51748,2530,945722,1722900
2505,127,138,51621,2519,945860,1719800
2506,125,130,51496,2514,945990,1841900
2507,121,126,51375,2509,946116,1795100
2508,118,119,51257,2508,946235,1749100
2509,109,143,51148,2474,946378,1697200
2510,112,114,51036,2472,946492,1821000
2511,129,112,50907,2489,946604,1786000
2512,109,113,50798,2485,946717,1671700
2513,99,127,50699,2457,946844,1680800
2514,114,119,50585,2452,946963,1816000
2515,109,122,50476,2439,947085,1803700
2516,119,131,50357,2427,947216,1702900
2517,119,120,50238,2426,947336,1813700
2518,105,118,50133,2413,947454,1741100
2519,123,123,50010,2413,947577,1821900
2520,114,127,49896,2400,947704,1795900
2521,99,134,49797,2365,947838,1734100
2522,116,103,49681,2378,947941,1718800
2523,105,132,49576,2351,948073,1805000
2524,123,122,49453,2352,948195,1808500
2525,108,114,49345,2346,948309,1740200
2526,108,119,49237,2335,948428,1822700
2527,96,146,49141,2285,948574,1737000
2528,113,110,49028,2288,948684,1711000
2529,94,115,48934,2267,948799,1783800
2530,126,119,48808,2274,948918,1733700
2531,135,107,48673,2302,949025,1727000
2532,123,94,48550,2331,949119,1783100
2533,128,135,48422,2324,949254,1751900
2534,114,122,48308,2316,949376,1788300
2535,110,121,48198,2305,949497,1763600
2536,105,103,48093,2307,949600,1828200
2537,102,98,47991,2311,949698,1787400
2538,94,119,47897,2286,949817,1711500
2539,102,122,47795,2266,949939,1709400
2540,101,97,47694,2270,950036,1767900
2541,106,126,47588,2250,950162,1772600
2542,93,99,47495,2244,950261,1698000
2543,99,124,47396,2219,950385,1702200
2544,99,122,47297,2196,950507,1839800
2545,114,101,47183,2209,950608,1751800
2546,105,112,47078,2202,950720,1774700
2547,104,112,46974,2194,950832,1714800
2548,102,114,46872,2182,950946,1751000
2549,102,104,46770,2180,951050,1809700
2550,106,117,46664,2169,951167,1726600
2551,90,93,46574,2166,951260,1712100
2552,85,103,46489,2148,951363,1734300
2553,114,113,46375,2149,951476,1929700
2554,84,118,46291,2115,951594,1772300
2555,110,84,46181,2141,951678,1703100
2556,96,110,46085,2127,951788,1743400
2557,107,102,45978,2132,951890,1829600
2558,104,108,45874,2128,951998,1724600
2559,92,107,45782,2113,952105,1729300
2560,87,126,45695,2074,952231,1700700
2561,102,107,45593,2069,952338,1952100
2562,94,83,45499,2080,952421,1782400
2563,93,128,45406,2045,952549,2099600
2564,115,92,45291,2068,952641,2088300
2565,106,105,45185,2069,952746,2263900
2566,96,101,45089,2064,952847,1799200
2567,110,93,44979,2081,952940,1830800
2568,84,94,44895,2071,953034,1700300
2569,108,86,44787,2093,953120,1757300
2570,98,108,44689,2083,953228,1701500
2571,89,103,44600,2069,953331,1843500
2572,72,101,44528,2040,953432,1760600
2573,90,107,44438,2023,953539,1712800
2574,98,113,44340,2008,953652,1750700
2575,79,109,44261,1978,953761,1750100
2576,92,86,44169,1984,953847,1796800
2577,92,106,44077,1970,953953,1751000
2578,90,112,43987,1948,954065,1842500
2579,85,105,43902,1928,954170,1696600
2580,95,87,43807,1936,954257,1827200
2581,78,76,43729,1938,954333,1820500
2582,90,103,43639,1925,954436,1765300
2583,102,91,43537,1936,954527,1761100
2584,83,107,43454,1912,954634,1806600
2585,88,115,43366,1885,954749,1816000
2586,79,96,43287,1868,954845,1762600
2587,93,92,43194,1869,954937,1961100
2588,67,96,43127,1840,955033,1771500
2589,69,87,43058,1822,955120,1812000
2590,82,68,42976,1836,955188,1860300
2591,84,101,42892,1819,955289,1716200
2592,72,90,42820,1801,955379,1701100
2593,83,105,42737,1779,955484,1786900
2594,87,78,42650,1788,955562,1705300
2595,85,85,42565,1788,955647,1793200
2596,102,96,42463,1794,955743,1796600
2597,84,97,42379,1781,955840,1748200
2598,74,86,42305,1769,955926,1731600
2599,92,89,42213,1772,956015,1825800
2600,82,110,42131,1744,956125,1779000
2601,89,87,42042,1746,956212,1824500
2602,89,85,41953,1750,956297,1816100
2603,81,79,41872,1752,956376,1805300
2604,86,92,41786,1746,956468,1829600
2605,75,78,41711,1743,956546,1960400
2606,69,103,41642,1709,956649,1795900
2607,63,78,41579,1694,956727,1716300
2608,63,73,41516,1684,956800,1770700
2609,68,86,41448,1666,956886,1740800
2610,62,79,41386,1649,956965,1996300
2611,76,75,41310,1650,957040,1870900
2612,76,87,41234,1639,957127,2112300
2613,94,64,41140,1669,957191,1726000
2614,80,87,41060,1662,957278,1753100
2615,58,84,41002,1636,957362,1738800
2616,66,96,40936,1606,957458,1812500
2617,63,77,40873,1592,957535,1741800
2618,75,85,40798,1582,957620,1936700
2619,61,78,40737,1565,957698,1719100
2620,59,72,40678,1552,957770,1704200
2621,78,88,40600,1542,957858,1856300
2622,80,80,40520,1542,957938,1752300
2623,66,84,40454,1524,958022,1761000
2624,81,82,40373,1523,958104,1702700
2625,75,63,40298,1535,958167,1700600
2626,58,84,40240,1509,958251,1792300
2627,73,66,40167,1516,958317,1681900
2628,79,84,40088,1511,958401,1699700
2629,79,93,40009,1497,958494,1791900
2630,62,75,39947,1484,958569,1776500
2631,76,62,39871,1498,958631,1941200
2632,68,69,39803,1497,958700,1651000
2633,92,88,39711,1501,958788,1721400
2634,76,74,39635,1503,958862,1789100
2635,72,78,39563,1497,958940,1751800
2636,66,76,39497,1487,959016,1729300
2637,62,69,39435,1480,959085,1672200
2638,73,85,39362,1468,959170,1771600
2639,89,71,39273,1486,959241,1685300
2640,74,70,39199,1490,959311,1938200
2641,72,80,39127,1482,959391,1707500
2642,76,62,39051,1496,959453,1789400
2643,83,84,38968,1495,959537,1765700
2644,65,80,38903,1480,959617,1690000
2645,75,74,38828,1481,959691,1690500
2646,77,88,38751,1470,959779,1791300
2647,75,68,38676,1477,959847,1752000
2648,65,65,38611,1477,959912,1752600
2649,66,72,38545,1471,959984,1688900
2650,74,73,38471,1472,960057,1791700
2651,68,83,38403,1457,960140,1725900
2652,65,78,38338,1444,960218,1670200
2653,62,86,38276,1420,960304,1674800
2654,84,71,38192,1433,960375,1792900
2655,62,72,38130,1423,960447,1686200
2656,69,83,38061,1409,960530,1709300
2657,63,66,37998,1406,960596,1798400
2658,78,64,37920,1420,960660,1690500
2659,55,73,37865,1402,960733,1686800
2660,67,75,37798,1394,960808,1683600
2661,57,88,37741,1363,960896,1776400
2662,71,64,37670,1370,960960,1689500
2663,64,78,37606,1356,961038,1683100
2664,70,70,37536,1356,961108,1787500
2665,54,63,37482,1347,961171,1794000
2666,44,67,37438,1324,961238,1649000
2667,52,73,37386,1303,961311,1670600
2668,68,73,37318,1298,961384,1785500
2669,62,68,37256,1292,961452,1707100
2670,77,59,37179,1310,961511,1686400
2671,72,70,37107,1312,961581,1740600
2672,55,65,37052,1302,961646,1789600
2673,69,69,36983,1302,961715,1677500
2674,52,79,36931,1275,961794,1685800
2675,63,54,36868,1284,961848,2056400
2676,74,71,36794,1287,961919,1919100
2677,58,67,36736,1278,961986,1824800
2678,69,69,36667,1278,962055,1813900
2679,48,65,36619,1261,962120,1777900
2680,62,74,36557,1249,962194,1769400
2681,57,63,36500,1243,962257,1756100
2682,56,73,36444,1226,962330,1805400
2683,71,58,36373,1239,962388,2248200
2684,73,61,36300,1251,962449,2067800
2685,65,69,36235,1247,962518,1771200
2686,76,57,36159,1266,962575,1788000
2687,64,68,36095,1262,962643,1714300
2688,65,69,36030,1258,962712,1741600
2689,70,45,35960,1283,962757,1813800
2690,60,62,35900,1281,962819,1734600
2691,72,55,35828,1298,962874,2106000
2692,59,56,35769,1301,962930,1961100
2693,70,68,35699,1303,962998,1853600
2694,72,64,35627,1311,963062,1841600
2695,71,72,35556,1310,963134,1782900
2696,61,77,35495,1294,963211,1737300
2697,68,75,35427,1287,963286,1738200
2698,65,62,35362,1290,963348,2084300
2699,53,67,35309,1276,963415,1711500
2700,57,50,35252,1283,963465,1701100
2701,60,67,35192,1276,963532,1707300
2702,70,70,35122,1276,963602,1792700
2703,67,68,35055,1275,963670,1770800
2704,60,46,34995,1289,963716,1688300
2705,59,71,34936,1277,963787,1683300
2706,64,64,34872,1277,963851,1735300
2707,62,67,34810,1272,963918,1730100
2708,52,68,34758,1256,963986,1690000
2709,55,72,34703,1239,964058,1685000
2710,67,69,34636,1237,964127,1688200
2711,60,48,34576,1249,964175,1684000
2712,54,56,34522,1247,964231,1673500
2713,55,69,34467,1233,964300,1774500
2714,55,67,34412,1221,964367,1641000
2715,68,50,34344,1239,964417,1684300
2716,57,55,34287,1241,964472,1793600
2717,75,69,34212,1247,964541,1797100
2718,56,66,34156,1237,964607,1707600
2719,56,59,34100,1234,964666,1936000
2720,51,58,34049,1227,964724,1792300
2721,49,56,34000,1220,964780,1790600
2722,50,68,33950,1202,964848,1789700
2723,47,74,33903,1175,964922,1695600
2724,51,66,33852,1160,964988,1636200
2725,46,55,33806,1151,965043,1786100
2726,61,55,33745,1157,965098,1730500
2727,32,49,33713,1140,965147,1639500
2728,46,57,33667,1129,965204,1667000
2729,53,66,33614,1116,965270,1792300
2730,53,50,33561,1119,965320,1672200
2731,57,48,33504,1128,965368,1660900
2732,64,59,33440,1133,965427,1897300
2733,64,61,33376,1136,965488,1777000
2734,42,55,33334,1123,965543,1683100
2735,62,46,33272,1139,965589,1705700
2736,50,80,33222,1109,965669,2046200
2737,46,48,33176,1107,965717,1696200
2738,55,56,33121,1106,965773,1738100
2739,57,52,33064,1111,965825,1679800
2740,57,59,33007,1109,965884,1666800
2741,73,50,32934,1132,965934,1743800
2742,75,54,32859,1153,965988,1691300
2743,58,52,32801,1159,966040,1659400
2744,74,58,32727,1175,966098,1789900
2745,52,64,32675,1163,966162,1779300
2746,53,62,32622,1154,966224,1676300
2747,44,61,32578,1137,966285,1675500
2748,65,51,32513,1151,966336,1781900
2749,63,54,32450,1160,966390,1681300
2750,58,43,32392,1175,966433,1683100
2751,41,62,32351,1154,966495,1819100
2752,59,56,32292,1157,966551,1757500
2753,52,63,32240,1146,966614,1773700
2754,48,51,32192,1143,966665,1719500
2755,52,59,32140,1136,966724,1670800
2756,53,73,32087,1116,966797,1758600
2757,52,62,32035,1106,966859,1684000
2758,43,60,31992,1089,966919,1659200
2759,51,63,31941,1077,966982,1876400
2760,58,52,31883,1083,967034,1756300
2761,48,53,31835,1078,967087,1656600
2762,57,59,31778,1076,967146,1678200
2763,50,64,31728,1062,967210,1772600
2764,42,52,31686,1052,967262,1693500
2765,51,49,31635,1054,967311,1722500
2766,45,50,31590,1049,967361,1780700
2767,59,58,31531,1050,967419,1775500
2768,52,46,31479,1056,967465,1691600
2769,41,53,31438,1044,967518,1682600
2770,50,58,31388,1036,967576,1746100
2771,53,44,31335,1045,967620,1749200
2772,55,62,31280,1038,967682,1700800
2773,45,52,31235,1031,967734,1739400
2774,57,59,31178,1029,967793,1775600
2775,47,49,31131,1027,967842,1749700
2776,58,51,31073,1034,967893,1657400
2777,36,55,31037,1015,967948,1694600
2778,36,52,31001,999,968000,1767200
2779,42,46,30959,995,968046,1655600
2780,49,48,30910,996,968094,1682900
2781,49,44,30861,1001,968138,1801200
2782,44,48,30817,997,968186,1777100
2783,40,61,30777,976,968247,1685200
2784,47,53,30730,970,968300,1684700
2785,48,54,30682,964,968354,1793800
2786,55,48,30627,971,968402,1672200
2787,44,44,30583,971,968446,1684400
2788,46,41,30537,976,968487,1784500
2789,56,52,30481,980,968539,1786100
2790,43,50,30438,973,968589,1767100
2791,50,52,30388,971,968641,1678600
2792,49,46,30339,974,968687,2025400
2793,50,35,30289,989,968722,1794800
2794,56,56,30233,989,968778,2086600
2795,59,45,30174,1003,968823,2012900
2796,47,53,30127,997,968876,1797300
2797,41,47,30086,991,968923,1786700
2798,46,53,30040,984,968976,1685600
2799,56,47,29984,993,969023,2030100
2800,57,49,29927,1001,969072,1792600
2801,58,50,29869,1009,969122,1725200
2802,52,46,29817,1015,969168,1798600
2803,62,44,29755,1033,969212,1750200
2804,49,47,29706,1035,969259,1748400
2805,58,58,29648,1035,969317,1786700
2806,51,47,29597,1039,969364,1789400
2807,43,42,29554,1040,969406,2006700
2808,50,50,29504,1040,969456,1677300
2809,53,55,29451,1038,969511,1724600
2810,48,63,29403,1023,969574,1753500
2811,43,49,29360,1017,969623,1733400
2812,46,55,29314,1008,969678,1718900
2813,54,52,29260,1010,969730,1689400
2814,42,65,29218,987,969795,1785900
2815,44,53,29174,978,969848,1656200
2816,54,31,29120,1001,969879,1723400
2817,52,47,29068,1006,969926,1647000
2818,53,61,29015,998,969987,1794400
2819,41,53,28974,986,970040,1694000
2820,41,46,28933,981,970086,1662900
2821,39,44,28894,976,970130,1788400
2822,51,51,28843,976,970181,1763200
2823,57,53,28786,980,970234,1630700
2824,47,50,28739,977,970284,1654400
2825,55,48,28684,984,970332,2152300
2826,46,54,28638,976,970386,1675300
2827,41,50,28597,967,970436,1713900
2828,42,36,28555,973,970472,1704800
2829,57,54,28498,976,970526,1686100
2830,52,61,28446,967,970587,1675700
2831,45,50,28401,962,970637,1743200
2832,38,41,28363,959,970678,1689400
2833,44,52,28319,951,970730,1781900
2834,46,40,28273,957,970770,2383600
2835,39,42,28234,954,970812,1989700
2836,32,50,28202,936,970862,1792300
2837,52,51,28150,937,970913,1764300
2838,44,44,28106,937,970957,1667400
2839,32,55,28074,914,971012,1659200
2840,45,50,28029,909,971062,1906600
2841,59,64,27970,904,971126,2030200
2842,38,44,27932,898,971170,1814500
2843,44,48,27888,894,971218,1706900
2844,38,42,27850,890,971260,1706200
2845,37,44,27813,883,971304,1686400
2846,33,43,27780,873,971347,1887400
2847,37,40,27743,870,971387,2076300
2848,34,49,27709,855,971436,1691000
2849,30,39,27679,846,971475,1684400
2850,42,48,27637,840,971523,1963000
2851,32,35,27605,837,971558,2105500
2852,32,39,27573,830,971597,1794300
2853,33,43,27540,820,971640,1823400
2854,39,29,27501,830,971669,1772700
2855,53,41,27448,842,971710,1999600
2856,50,33,27398,859,971743,1856200
2857,42,40,27356,861,971783,1690600
2858,42,42,27314,861,971825,1697100
2859,37,58,27277,840,971883,1681000
2860,49,44,27228,845,971927,1683900
2861,44,45,27184,844,971972,1804100
2862,37,39,27147,842,972011,1669000
2863,26,45,27121,823,972056,1772200
2864,37,42,27084,818,972098,1801500
2865,36,36,27048,818,972134,1803300
2866,36,45,27012,809,972179,1855800
2867,35,51,26977,793,972230,1892300
2868,39,36,26938,796,972266,1835100
2869,40,39,26898,797,972305,1849500
2870,30,40,26868,787,972345,1832500
2871,40,31,26828,796,972376,1851200
2872,34,36,26794,794,972412,1817400
2873,42,48,26752,788,972460,1770600
2874,43,41,26709,790,972501,1794000
2875,43,34,26666,799,972535,1912300
2876,41,39,26625,801,972574,2101200
2877,41,33,26584,809,972607,1853900
2878,47,31,26537,825,972638,1790700
2879,45,31,26492,839,972669,1782700
2880,44,43,26448,840,972712,1836400
2881,45,43,26403,842,972755,1802700
2882,31,38,26372,835,972793,2800700
2883,36,40,26336,831,972833,3720000
2884,46,34,26290,843,972867,3307500
2885,33,39,26257,837,972906,2231300
2886,33,46,26224,824,972952,2169900
2887,45,45,26179,824,972997,1898100
2888,47,43,26132,828,973040,2053500
2889,35,20,26097,843,973060,2080600
2890,35,44,26062,834,973104,1963000
2891,33,43,26029,824,973147,1832000
2892,29,34,26000,819,973181,1805600
2893,33,44,25967,808,973225,1839800
2894,38,43,25929,803,973268,1828800
2895,30,42,25899,791,973310,1886600
2896,38,40,25861,789,973350,1822700
2897,42,39,25819,792,973389,2047500
2898,31,37,25788,786,973426,1880400
2899,39,42,25749,783,973468,1887200
2900,30,40,25719,773,973508,1832400
2901,36,39,25683,770,973547,1813900
2902,33,40,25650,763,973587,1811900
2903,35,39,25615,759,973626,1825100
2904,40,39,25575,760,973665,1874800
2905,40,29,25535,771,973694,1849800
2906,37,29,25498,779,973723,1898700
2907,28,34,25470,773,973757,1824600
2908,41,52,25429,762,973809,1806100
2909,34,41,25395,755,973850,1842800
2910,42,34,25353,763,973884,1842600
2911,27,43,25326,747,973927,1812400
2912,38,33,25288,752,973960,1790500
2913,33,39,25255,746,973999,1835500
2914,33,36,25222,743,974035,2066300
2915,27,47,25195,723,974082,2234000
2916,29,40,25166,712,974122,1886300
2917,22,26,25144,708,974148,1970900
2918,34,32,25110,710,974180,1872900
2919,25,32,25085,703,974212,1845800
2920,32,40,25053,695,974252,1918800
2921,28,30,25025,693,974282,1829900
2922,27,42,24998,678,974324,1860900
2923,31,44,24967,665,974368,2009800
2924,36,42,24931,659,974410,2164100
2925,40,45,24891,654,974455,1788200
2926,29,35,24862,648,974490,1822600
2927,35,26,24827,657,974516,1811700
2928,45,32,24782,670,974548,1843800
2929,42,24,24740,688,974572,1760100
2930,41,38,24699,691,974610,1960700
2931,38,36,24661,693,974646,1803900
2932,39,36,24622,696,974682,2168300
2933,41,40,24581,697,974722,1816100
2934,26,31,24555,692,974753,1762800
2935,34,29,24521,697,974782,1684200
2936,40,28,24481,709,974810,2051100
2937,33,42,24448,700,974852,1828500
2938,39,31,24409,708,974883,1788300
2939,39,31,24370,716,974914,1856900
2940,52,35,24318,733,974949,1835700
2941,44,35,24274,742,974984,1699300
2942,51,44,24223,749,975028,1834100
2943,40,35,24183,754,975063,1830400
2944,46,34,24137,766,975097,1765400
2945,45,33,24092,778,975130,2025200
2946,48,34,24044,792,975164,1728900
2947,37,43,24007,786,975207,1705300
2948,47,42,23960,791,975249,1898500
2949,36,38,23924,789,975287,1809300
2950,29,46,23895,772,975333,1690200
2951,38,45,23857,765,975378,1683900
2952,31,38,23826,758,975416,1773700
2953,36,45,23790,749,975461,1802700
2954,52,40,23738,761,975501,1823000
2955,34,34,23704,761,975535,1671900
2956,42,42,23662,761,975577,1803900
2957,36,40,23626,757,975617,1783100
2958,38,41,23588,754,975658,2018100
2959,25,48,23563,731,975706,1817000
2960,41,41,23522,731,975747,1803300
2961,32,42,23490,721,975789,1759600
2962,32,42,23458,711,975831,1825600
2963,29,35,23429,705,975866,1781200
2964,30,40,23399,695,975906,1942500
2965,32,33,23367,694,975939,1992800
2966,29,41,23338,682,975980,1839900
2967,28,28,23310,682,976008,1854100
2968,28,38,23282,672,976046,1868700
2969,29,43,23253,658,976089,1868600
2970,40,34,23213,664,976123,1733600
2971,37,17,23176,684,976140,1832600
2972,30,26,23146,688,976166,1842500
2973,28,42,23118,674,976208,1798500
2974,32,23,23086,683,976231,1782900
2975,32,35,23054,680,976266,1807200
2976,34,27,23020,687,976293,1832000
2977,31,31,22989,687,976324,1780100
2978,25,32,22964,680,976356,1774300
2979,20,36,22944,664,976392,1822200
2980,34,32,22910,666,976424,1770200
2981,34,31,22876,669,976455,1974000
2982,23,43,22853,649,976498,1962900
2983,19,35,22834,633,976533,2016700
2984,34,29,22800,638,976562,1828300
2985,24,37,22776,625,976599,1839100
2986,29,18,22747,636,976617,1813100
2987,31,31,22716,636,976648,1989900
2988,36,36,22680,636,976684,1859600
2989,37,33,22643,640,976717,1975300
2990,28,27,22615,641,976744,2022200
2991,33,24,22582,650,976768,1909400
2992,34,36,22548,648,976804,1834900
2993,29,34,22519,643,976838,1931500
2994,33,35,22486,641,976873,2172400
2995,26,25,22460,642,976898,2075400
2996,40,43,22420,639,976941,1918000
2997,45,32,22375,652,976973,1829000
2998,26,35,22349,643,977008,2154200
2999,44,40,22305,647,977048,1832100
3000,30,39,22275,638,977087,1788600
3001,34,29,22241,643,977116,1831100
3002,28,25,22213,646,977141,1865500
3003,43,30,22170,659,977171,1844700
3004,23,39,22147,643,977210,1889900
3005,34,41,22113,636,977251,1944400
3006,28,35,22085,629,977286,1922600
3007,33,30,22052,632,977316,1821400
3008,34,29,22018,637,977345,1719400
3009,29,38,21989,628,977383,1827700
3010,22,31,21967,619,977414,1829600
3011,32,21,21935,630,977435,1820700
3012,29,35,21906,624,977470,1803100
3013,33,38,21873,619,977508,1760600
3014,29,37,21844,611,977545,1927500
3015,29,24,21815,616,977569,1792600
3016,28,39,21787,605,977608,1791300
3017,33,29,21754,609,977637,2034000
3018,30,37,21724,602,977674,1858500
3019,32,38,21692,596,977712,1834300
3020,36,33,21656,599,977745,1836000
3021,23,33,21633,589,977778,1803900
3022,25,29,21608,585,977807,1993300
3023,33,23,21575,595,977830,1856900
3024,29,33,21546,591,977863,1829100
3025,40,24,21506,607,977887,1863100
3026,28,22,21478,613,977909,1858100
3027,26,29,21452,610,977938,1785100
3028,23,34,21429,599,977972,1809600
3029,32,28,21397,603,978000,1812700
3030,35,17,21362,621,978017,1828700
3031,27,35,21335,613,978052,2288100
3032,33,22,21302,624,978074,1750400
3033,33,21,21269,636,978095,1759800
3034,31,35,21238,632,978130,1827600
3035,34,27,21204,639,978157,1808800
3036,27,32,21177,634,978189,1729100
3037,29,28,21148,635,978217,1752200
3038,25,26,21123,634,978243,1800000
3039,31,27,21092,638,978270,1848300
3040,25,29,21067,634,978299,1789600
3041,31,24,21036,641,978323,1848400
3042,32,32,21004,641,978355,1939200
3043,20,33,20984,628,978388,1885900
3044,27,32,20957,623,978420,1846700
3045,13,33,20944,603,978453,2087600
3046,32,44,20912,591,978497,1882100
3047,34,34,20878,591,978531,2055000
3048,31,30,20847,592,978561,1726100
3049,20,20,20827,592,978581,2046900
3050,25,23,20802,594,978604,1785600
3051,21,24,20781,591,978628,1788400
3052,31,32,20750,590,978660,1838600
3053,29,23,20721,596,978683,1853800
3054,34,24,20687,606,978707,1804900
3055,31,22,20656,615,978729,2033600
3056,28,28,20628,615,978757,1833100
3057,28,38,20600,605,978795,1798200
3058,25,29,20575,601,978824,1814800
3059,31,31,20544,601,978855,1850700
3060,32,29,20512,604,978884,1822700
3061,29,26,20483,607,978910,1862600
3062,25,33,20458,599,978943,1903700
3063,23,34,20435,588,978977,1775600
3064,23,28,20412,583,979005,1935800
3065,29,26,20383,586,979031,1801500
3066,22,33,20361,575,979064,1854000
3067,14,27,20347,562,979091,2067100
3068,22,33,20325,551,979124,1822600
3069,22,31,20303,542,979155,1806700
3070,20,30,20283,532,979185,1852100
3071,27,32,20256,527,979217,1925900
3072,27,14,20229,540,979231,1811900
3073,27,21,20202,546,979252,1870800
3074,25,26,20177,545,979278,2029000
3075,27,30,20150,542,979308,2230400
3076,21,23,20129,540,979331,1850300
3077,22,25,20107,537,979356,1804000
3078,24,15,20083,546,979371,1804300
3079,18,34,20065,530,979405,1839800
3080,15,26,20050,519,979431,1901900
3081,12,28,20038,503,979459,1838000
3082,22,27,20016,498,979486,1863500
3083,19,23,19997,494,979509,1992500
3084,21,32,19976,483,979541,2723700
3085,19,17,19957,485,979558,1884500
3086,22,23,19935,484,979581,1816200
3087,17,32,19918,469,979613,1865600
3088,17,29,19901,457,979642,1923000
3089,15,13,19886,459,979655,1756100
3090,29,20,19857,468,979675,1896600
3091,20,26,19837,462,979701,1794300
3092,10,23,19827,449,979724,1791300
3093,20,17,19807,452,979741,1850300
3094,21,22,19786,451,979763,1997800
3095,20,27,19766,444,979790,1874800
3096,26,26,19740,444,979816,1905600
3097,24,25,19716,443,979841,1884200
3098,25,15,19691,453,979856,1768400
3099,30,22,19661,461,979878,1807500
3100,31,25,19630,467,979903,1795200
3101,22,17,19608,472,979920,1809100
3102,23,25,19585,470,979945,1832300
3103,26,20,19559,476,979965,1701400
3104,25,31,19534,470,979996,1799200
3105,33,31,19501,472,980027,2042300
3106,33,20,19468,485,980047,1826400
3107,27,22,19441,490,980069,1804000
3108,30,24,19411,496,980093,1840300
3109,26,22,19385,500,980115,1860200
3110,20,28,19365,492,980143,1866600
3111,18,22,19347,488,980165,1858600
3112,24,26,19323,486,980191,1846800
3113,30,18,19293,498,980209,2289800
3114,28,25,19265,501,980234,1841700
3115,19,27,19246,493,980261,1879800
3116,19,22,19227,490,980283,1981700
3117,25,30,19202,485,980313,1842500
3118,23,24,19179,484,980337,1768400
3119,15,26,19164,473,980363,1810800
3120,24,16,19140,481,980379,1825600
3121,26,20,19114,487,980399,1947300
3122,22,31,19092,478,980430,1841700
3123,23,23,19069,478,980453,1815000
3124,21,29,19048,470,980482,1844500
3125,21,29,19027,462,980511,1845100
3126,21,23,19006,460,980534,1808200
3127,23,14,18983,469,980548,1814900
3128,23,23,18960,469,980571,1805300
3129,21,23,18939,467,980594,1995400
3130,18,31,18921,454,980625,1747200
3131,12,27,18909,439,980652,1879200
3132,21,28,18888,432,980680,1846700
3133,16,21,18872,427,980701,1667000
3134,16,26,18856,417,980727,1760400
3135,16,25,18840,408,980752,1814200
3136,12,22,18828,398,980774,1701100
3137,23,18,18805,403,980792,1677300
3138,20,17,18785,406,980809,1829100
3139,23,16,18762,413,980825,1976100
3140,22,17,18740,418,980842,1648400
3141,18,20,18722,416,980862,2047700
3142,19,16,18703,419,980878,1791700
3143,23,19,18680,423,980897,1751600
3144,27,23,18653,427,980920,1730500
3145,16,22,18637,421,980942,1668600
3146,18,17,18619,422,980959,1816100
3147,15,20,18604,417,980979,1799500
3148,16,24,18588,409,981003,1760700
3149,16,30,18572,395,981033,1679800
3150,17,19,18555,393,981052,1993200
3151,17,25,18538,385,981077,1790200
3152,18,15,18520,388,981092,1752600
3153,28,24,18492,392,981116,1699700
3154,16,20,18476,388,981136,1688800
3155,18,16,18458,390,981152,1818700
3156,16,31,18442,375,981183,1697400
3157,24,30,18418,369,981213,1728400
3158,26,15,18392,380,981228,1666600
3159,16,16,18376,380,981244,1667900
3160,25,16,18351,389,981260,1727900
3161,24,22,18327,391,981282,1721800
3162,16,16,18311,391,981298,1787700
3163,22,21,18289,392,981319,1708400
3164,21,17,18268,396,981336,1700700
3165,23,19,18245,400,981355,1693300
3166,17,20,18228,397,981375,1771400
3167,22,16,18206,403,981391,1725700
3168,21,25,18185,399,981416,1700300
3169,20,18,18165,401,981434,1828200
3170,24,16,18141,409,981450,1764500
3171,18,18,18123,409,981468,1905400
3172,20,24,18103,405,981492,1775700
3173,22,18,18081,409,981510,1744200
3174,16,16,18065,409,981526,1759800
3175,24,22,18041,411,981548,1722300
3176,15,15,18026,411,981563,1703100
3177,15,21,18011,405,981584,1705200
3178,18,22,17993,401,981606,1797300
3179,8,21,17985,388,981627,1712700
3180,16,16,17969,388,981643,1743200
3181,12,16,17957,384,981659,1755200
3182,9,18,17948,375,981677,1809100
3183,14,23,17934,366,981700,1785400
3184,10,20,17924,356,981720,1781000
3185,12,20,17912,348,981740,1741600
3186,15,16,17897,347,981756,1718300
3187,10,21,17887,336,981777,1699500
3188,23,13,17864,346,981790,1938100
3189,20,17,17844,349,981807,1723900
3190,16,17,17828,348,981824,1738800
3191,13,14,17815,347,981838,1899300
3192,18,12,17797,353,981850,1840600
3193,8,15,17789,346,981865,1826100
3194,13,14,17776,345,981879,1997100
3195,13,16,17763,342,981895,1893000
3196,19,15,17744,346,981910,2261100
3197,12,10,17732,348,981920,1881400
3198,5,16,17727,337,981936,1873000
3199,11,18,17716,330,981954,1869700
3200,11,18,17705,323,981972,2099800
3201,14,21,17691,316,981993,1837500
3202,13,17,17678,312,982010,1873000
3203,13,18,17665,307,982028,2047100
3204,12,19,17653,300,982047,2039500
3205,21,14,17632,307,982061,1896300
3206,10,11,17622,306,982072,1851400
3207,18,11,17604,313,982083,2024700
3208,23,10,17581,326,982093,2104400
3209,17,19,17564,324,982112,1884400
3210,15,12,17549,327,982124,2323000
3211,14,13,17535,328,982137,2036300
3212,16,9,17519,335,982146,1821300
3213,16,19,17503,332,982165,1816900
3214,13,18,17490,327,982183,1847300
3215,17,15,17473,329,982198,1856800
3216,10,16,17463,323,982214,1846200
3217,17,11,17446,329,982225,1855600
3218,14,20,17432,323,982245,1820400
3219,23,22,17409,324,982267,1828600
3220,11,15,17398,320,982282,1887600
3221,19,18,17379,321,982300,1866300
3222,9,13,17370,317,982313,1831100
3223,14,21,17356,310,982334,1955400
3224,16,11,17340,315,982345,2050300
3225,9,18,17331,306,982363,1985800
3226,19,18,17312,307,982381,2030400
3227,14,15,17298,306,982396,1940900
3228,15,19,17283,302,982415,2060300
3229,12,19,17271,295,982434,1992300
3230,13,16,17258,292,982450,1997100
3231,10,15,17248,287,982465,2369000
3232,14,16,17234,285,982481,2094500
3233,20,10,17214,295,982491,2083500
3234,13,16,17201,292,982507,1935200
3235,13,20,17188,285,982527,1990800
3236,19,9,17169,295,982536,2207100
3237,17,9,17152,303,982545,2059900
3238,11,13,17141,301,982558,2130900
3239,18,16,17123,303,982574,2261400
3240,14,13,17109,304,982587,1979800
3241,11,12,17098,303,982599,1883400
3242,10,9,17088,304,982608,1909700
3243,13,21,17075,296,982629,1848800
3244,12,14,17063,294,982643,1882600
3245,13,16,17050,291,982659,1911500
3246,17,16,17033,292,982675,1951900
3247,11,14,17022,289,982689,1869500
3248,15,9,17007,295,982698,1927000
3249,19,14,16988,300,982712,1810500
3250,24,14,16964,310,982726,1811300
3251,17,15,16947,312,982741,1821300
3252,18,16,16929,314,982757,1885200
3253,14,19,16915,309,982776,1956100
3254,18,7,16897,320,982783,2006000
3255,15,22,16882,313,982805,2267100
3256,16,17,16866,312,982822,2146100
3257,10,15,16856,307,982837,1888500
3258,14,22,16842,299,982859,1888700
3259,13,13,16829,299,982872,2191500
3260,13,17,16816,295,982889,1888700
3261,16,9,16800,302,982898,1917800
3262,11,12,16789,301,982910,1824400
3263,15,14,16774,302,982924,1870800
3264,13,20,16761,295,982944,1969700
3265,13,10,16748,298,982954,2026300
3266,6,15,16742,289,982969,1855500
3267,13,13,16729,289,982982,1900400
3268,15,13,16714,291,982995,1900700
3269,7,14,16707,284,983009,1849100
3270,15,25,16692,274,983034,2021700
3271,13,12,16679,275,983046,1933300
3272,5,14,16674,266,983060,1881200
3273,10,10,16664,266,983070,1922000
3274,11,7,16653,270,983077,1843500
3275,11,12,16642,269,983089,2153500
3276,9,15,16633,263,983104,1889900
3277,8,13,16625,258,983117,1883800
3278,9,11,16616,256,983128,1923200
3279,4,12,16612,248,983140,1893300
3280,11,5,16601,254,983145,1840300
3281,12,9,16589,257,983154,1914400
3282,16,10,16573,263,983164,1802700
3283,9,27,16564,245,983191,1805200
3284,7,9,16557,243,983200,1777400
3285,9,10,16548,242,983210,1909000
3286,6,11,16542,237,983221,1862200
3287,9,12,16533,234,983233,1853700
3288,6,17,16527,223,983250,2175100
3289,7,10,16520,220,983260,1814900
3290,9,11,16511,218,983271,1850500
3291,7,10,16504,215,983281,1865700
3292,13,12,16491,216,983293,1811700
3293,7,10,16484,213,983303,1809300
3294,5,6,16479,212,983309,1823500
3295,4,11,16475,205,983320,1872200
3296,4,8,16471,201,983328,1969600
3297,6,8,16465,199,983336,1837600
3298,7,16,16458,190,983352,1861600
3299,5,6,16453,189,983358,1786600
3300,5,11,16448,183,983369,1763300
3301,5,10,16443,178,983379,1790600
3302,5,5,16438,178,983384,1889200
3303,5,9,16433,174,983393,1866800
3304,10,16,16423,168,983409,1777400
3305,8,8,16415,168,983417,1813400
3306,15,7,16400,176,983424,1847200
3307,3,8,16397,171,983432,1803100
3308,9,10,16388,170,983442,1799100
3309,6,6,16382,170,983448,1811500
3310,2,8,16380,164,983456,1803900
3311,4,5,16376,163,983461,2060400
3312,7,9,16369,161,983470,1801100
3313,6,7,16363,160,983477,1935500
3314,13,10,16350,163,983487,1824700
3315,7,8,16343,162,983495,1875600
3316,5,4,16338,163,983499,1797100
3317,6,7,16332,162,983506,1838300
3318,8,8,16324,162,983514,1840500
3319,3,7,16321,158,983521,1676300
3320,7,9,16314,156,983530,1769500
3321,8,6,16306,158,983536,1894800
3322,3,7,16303,154,983543,1822000
3323,7,9,16296,152,983552,1759000
3324,6,9,16290,149,983561,1777500
3325,5,6,16285,148,983567,1806900
3326,12,11,16273,149,983578,1841700
3327,11,7,16262,153,983585,1837300
3328,4,6,16258,151,983591,1724100
3329,5,5,16253,151,983596,1736400
3330,5,6,16248,150,983602,1805200
3331,6,10,16242,146,983612,1990500
3332,6,9,16236,143,983621,1688100
3333,6,7,16230,142,983628,1779600
3334,8,3,16222,147,983631,1779800
3335,8,11,16214,144,983642,1768800
3336,7,14,16207,137,983656,1752200
3337,3,9,16204,131,983665,1773200
3338,9,9,16195,131,983674,1774400
3339,3,9,16192,125,983683,1763300
3340,9,6,16183,128,983689,1775700
3341,10,4,16173,134,983693,1815600
3342,8,4,16165,138,983697,1770900
3343,4,8,16161,134,983705,1704500
3344,14,5,16147,143,983710,1691800
3345,10,10,16137,143,983720,1810200
3346,13,11,16124,145,983731,1696000
3347,10,4,16114,151,983735,1733500
3348,6,8,16108,149,983743,1648400
3349,10,7,16098,152,983750,1660600
3350,8,11,16090,149,983761,1748600
3351,4,4,16086,149,983765,1652200
3352,7,7,16079,149,983772,1795200
3353,7,9,16072,147,983781,1745700
3354,4,10,16068,141,983791,2224800
3355,1,8,16067,134,983799,1762700
3356,11,11,16056,134,983810,1777700
3357,5,9,16051,130,983819,1827600
3358,10,7,16041,133,983826,1789000
3359,5,8,16036,130,983834,1808900
3360,7,6,16029,131,983840,1833700
3361,11,4,16018,138,983844,1878800
3362,11,11,16007,138,983855,1852300
3363,10,8,15997,140,983863,1713400
3364,10,8,15987,142,983871,1800300
3365,3,7,15984,138,983878,1907900
3366,12,3,15972,147,983881,1778600
3367,12,5,15960,154,983886,1860100
3368,8,7,15952,155,983893,1810200
3369,6,10,15946,151,983903,1917500
3370,8,11,15938,148,983914,1848900
3371,11,9,15927,150,983923,1778900
3372,6,9,15921,147,983932,2461300
3373,8,7,15913,148,983939,1904400
3374,5,5,15908,148,983944,1988400
3375,7,10,15901,145,983954,1862100
3376,5,7,15896,143,983961,1826900
3377,3,4,15893,142,983965,1841000
3378,6,5,15887,143,983970,1829100
3379,5,6,15882,142,983976,1820000
3380,7,7,15875,142,983983,1787300
3381,1,7,15874,136,983990,2040300
3382,3,9,15871,130,983999,1822900
3383,2,5,15869,127,984004,1840400
3384,4,7,15865,124,984011,1993700
3385,5,3,15860,126,984014,1824000
3386,5,9,15855,122,984023,1823000
3387,4,4,15851,122,984027,1929200
3388,2,6,15849,118,984033,1798900
3389,4,6,15845,116,984039,1976200
3390,3,6,15842,113,984045,1894300
3391,3,7,15839,109,984052,1794600
3392,0,9,15839,100,984061,1853300
3393,3,7,15836,96,984068,2183200
3394,3,5,15833,94,984073,1855700
3395,3,6,15830,91,984079,2110300
3396,1,5,15829,87,984084,2044400
3397,1,4,15828,84,984088,1901800
3398,3,9,15825,78,984097,1835700
3399,2,3,15823,77,984100,1847300
3400,2,4,15821,75,984104,1795600
3401,2,4,15819,73,984108,1806100
3402,1,4,15818,70,984112,1943800
3403,2,6,15816,66,984118,1771300
3404,3,7,15813,62,984125,1809200
3405,2,0,15811,64,984125,1846300
3406,3,3,15808,64,984128,1828800
3407,4,4,15804,64,984132,1790000
3408,1,7,15803,58,984139,1813900
3409,2,3,15801,57,984142,1784200
3410,0,6,15801,51,984148,1856800
3411,1,5,15800,47,984153,1780900
3412,3,2,15797,48,984155,1785900
3413,3,3,15794,48,984158,1770400
3414,1,0,15793,49,984158,1842500
3415,2,3,15791,48,984161,1960300
3416,4,5,15787,47,984166,1788400
3417,1,5,15786,43,984171,2115200
3418,0,1,15786,42,984172,1818000
3419,1,4,15785,39,984176,1788900
3420,1,6,15784,34,984182,1839100
3421,0,1,15784,33,984183,1778200
3422,1,6,15783,28,984189,2061200
3423,1,0,15782,29,984189,1829300
3424,0,2,15782,27,984191,1825000
3425,0,1,15782,26,984192,2081400
3426,1,2,15781,25,984194,2044700
3427,0,1,15781,24,984195,1809300
3428,1,2,15780,23,984197,1823500
3429,1,1,15779,23,984198,1810400
3430,1,1,15778,23,984199,1964100
3431,0,2,15778,21,984201,2176100
3432,1,2,15777,20,984203,1960100
3433,0,1,15777,19,984204,1812700
3434,0,1,15777,18,984205,1841000
3435,1,1,15776,18,984206,1848800
3436,0,0,15776,18,984206,1815400
3437,0,1,15776,17,984207,1833200
3438,0,1,15776,16,984208,2014300
3439,0,0,15776,16,984208,1810000
3440,0,0,15776,16,984208,1814900
3441,0,0,15776,16,984208,1805900
3442,0,0,15776,16,984208,1853900
3443,1,0,15775,17,984208,1981900
3444,2,0,15773,19,984208,1808100
3445,0,1,15773,18,984209,2057400
3446,0,0,15773,18,984209,1920000
3447,0,2,15773,16,984211,1810100
3448,0,0,15773,16,984211,1888900
3449,0,0,15773,16,984211,1855800
3450,0,1,15773,15,984212,1834700
3451,0,1,15773,14,984213,1779500
3452,0,0,15773,14,984213,1826100
3453,0,2,15773,12,984215,1793900
3454,0,2,15773,10,984217,1771600
3455,1,0,15772,11,984217,1849200
3456,0,1,15772,10,984218,1830900
3457,1,0,15771,11,984218,1792500
3458,0,0,15771,11,984218,2113600
3459,1,0,15770,12,984218,1845900
3460,0,0,15770,12,984218,1850700
3461,1,0,15769,13,984218,1878800
3462,0,0,15769,13,984218,1820200
3463,0,1,15769,12,984219,1796200
3464,0,1,15769,11,984220,1925900
3465,0,0,15769,11,984220,1813300
3466,0,0,15769,11,984220,2303900
3467,0,2,15769,9,984222,1854100
3468,0,0,15769,9,984222,1852000
3469,0,1,15769,8,984223,1931200
3470,0,1,15769,7,984224,1859100
3471,0,0,15769,7,984224,1852100
3472,0,0,15769,7,984224,1809400
3473,0,0,15769,7,984224,1822200
3474,0,0,15769,7,984224,1760700
3475,0,0,15769,7,984224,1982300
3476,0,0,15769,7,984224,1809600
3477,0,0,15769,7,984224,1815000
3478,0,1,15769,6,984225,2115200
3479,0,1,15769,5,984226,1885100
3480,0,0,15769,5,984226,1856900
3481,0,1,15769,4,984227,1926300
3482,1,0,15768,5,984227,1874000
3483,1,0,15767,6,984227,1785800
3484,0,0,15767,6,984227,1770000
3485,0,0,15767,6,984227,1820200
3486,0,0,15767,6,984227,1838900
3487,0,0,15767,6,984227,1848900
3488,1,0,15766,7,984227,2060200
3489,0,0,15766,7,984227,1839600
3490,0,0,15766,7,984227,2089100
3491,0,1,15766,6,984228,1893600
3492,0,0,15766,6,984228,1831600
3493,0,0,15766,6,984228,1836800
3494,0,1,15766,5,984229,1886100
3495,0,0,15766,5,984229,1804700
3496,0,0,15766,5,984229,1837900
3497,0,0,15766,5,984229,1827600
3498,0,0,15766,5,984229,1791400
3499,0,0,15766,5,984229,1793600
3500,0,0,15766,5,984229,1824400
3501,0,0,15766,5,984229,1838600
3502,0,0,15766,5,984229,1986500
3503,0,1,15766,4,984230,2074400
3504,0,0,15766,4,984230,1881500
3505,0,0,15766,4,984230,1932300
3506,0,0,15766,4,984230,1928900
3507,0,0,15766,4,984230,1746800
3508,0,0,15766,4,984230,1777900
3509,0,0,15766,4,984230,1797100
3510,0,0,15766,4,984230,1715500
3511,0,1,15766,3,984231,1665200
3512,0,0,15766,3,984231,1760500
3513,0,0,15766,3,984231,1755500
3514,0,0,15766,3,984231,1746200
3515,0,0,15766,3,984231,1709900
3516,0,0,15766,3,984231,1983200
3517,0,0,15766,3,984231,2000000
3518,0,0,15766,3,984231,1805300
3519,0,0,15766,3,984231,1780800
3520,0,0,15766,3,984231,1686600
3521,0,0,15766,3,984231,1720900
3522,0,0,15766,3,984231,1807100
3523,0,0,15766,3,984231,1886300
3524,0,0,15766,3,984231,1746200
3525,0,0,15766,3,984231,1727800
3526,0,0,15766,3,984231,1720300
3527,0,0,15766,3,984231,1796600
3528,0,0,15766,3,984231,1778800
3529,0,0,15766,3,984231,1789600
3530,0,0,15766,3,984231,1802400
3531,0,1,15766,2,984232,1748500
3532,0,0,15766,2,984232,2252000
3533,0,0,15766,2,984232,1703900
3534,0,0,15766,2,984232,1728600
3535,0,0,15766,2,984232,1867400
3536,0,0,15766,2,984232,1930300
3537,0,1,15766,1,984233,1712500
3538,0,0,15766,1,984233,1777200
3539,0,0,15766,1,984233,1849000
3540,0,0,15766,1,984233,1758900
3541,0,0,15766,1,984233,1729100
3542,0,0,15766,1,984233,1662000
3543,0,0,15766,1,984233,1711200
3544,0,0,15766,1,984233,1762900
3545,0,0,15766,1,984233,1722900
3546,0,0,15766,1,984233,1734800
3547,0,0,15766,1,984233,1802000
3548,0,0,15766,1,984233,1826300
3549,0,0,15766,1,984233,2052600
3550,0,0,15766,1,984233,1802200
3551,0,0,15766,1,984233,1812000
3552,0,0,15766,1,984233,1778800
3553,0,0,15766,1,984233,1751700
3554,0,0,15766,1,984233,1783900
3555,0,0,15766,1,984233,1769200
3556,0,0,15766,1,984233,1784200
3557,0,0,15766,1,984233,1777800
3558,0,0,15766,1,984233,1741200
3559,0,0,15766,1,984233,1718300
3560,0,0,15766,1,984233,1926800
3561,0,0,15766,1,984233,1770900
3562,0,0,15766,1,984233,1727900
3563,0,0,15766,1,984233,1854200
3564,0,0,15766,1,984233,1811900
3565,0,0,15766,1,984233,1765100
3566,0,0,15766,1,984233,1745100
3567,0,0,15766,1,984233,1690100
3568,0,0,15766,1,984233,1854600
3569,0,0,15766,1,984233,1696400
3570,0,0,15766,1,984233,1735200
3571,0,0,15766,1,984233,1683800
3572,0,0,15766,1,984233,1928400
3573,0,0,15766,1,984233,1752600
3574,0,0,15766,1,984233,1830500
3575,0,0,15766,1,984233,1806900
3576,0,0,15766,1,984233,1908200
3577,0,0,15766,1,984233,1762400
3578,0,0,15766,1,984233,1766900
3579,0,0,15766,1,984233,1742800
3580,0,1,15766,0,984234,1756200
