Tick,NewlyInfected,NewlyRecovered,TotalSusceptible,TotalInfected,TotalRecovered,StepTimeNanos
0,2,1,999993,6,1,2097000
1,2,0,999991,8,1,1871200
2,1,0,999990,9,1,1771100
3,4,0,999986,13,1,1730000
4,2,1,999984,14,2,1743200
5,1,0,999983,15,2,1792900
6,5,0,999978,20,2,1813800
7,3,2,999975,21,4,1698700
8,4,1,999971,24,5,1694200
9,7,0,999964,31,5,1791100
10,5,1,999959,35,6,1791800
11,6,0,999953,41,6,1756300
12,13,1,999940,53,7,1749800
13,7,3,999933,57,10,1680700
14,6,3,999927,60,13,1671000
15,11,1,999916,70,14,1845300
16,3,4,999913,69,18,1786200
17,10,3,999903,76,21,1871300
18,17,4,999886,89,25,1819800
19,14,6,999872,97,31,1805500
20,13,6,999859,104,37,1779000
21,15,2,999844,117,39,1748300
22,15,7,999829,125,46,1652500
23,15,4,999814,136,50,1669000
24,15,12,999799,139,62,1799200
25,12,8,999787,143,70,1763100
26,9,10,999778,142,80,1750700
27,13,10,999765,145,90,1622700
28,17,12,999748,150,102,1658200
29,13,6,999735,157,108,1790400
30,16,5,999719,168,113,1708100
31,20,13,999699,175,126,1755100
32,15,8,999684,182,134,1980000
33,16,11,999668,187,145,1956200
34,12,10,999656,189,155,2086100
35,10,13,999646,186,168,1901600
36,16,7,999630,195,175,1689700
37,18,9,999612,204,184,1677200
38,19,6,999593,217,190,1792800
39,15,9,999578,223,199,1664200
40,16,5,999562,234,204,1701000
41,12,10,999550,236,214,1773400
42,18,12,999532,242,226,1652600
43,19,9,999513,252,235,1928400
44,28,13,999485,267,248,1677500
45,23,9,999462,281,257,1954500
46,28,19,999434,290,276,1817400
47,24,14,999410,300,290,1923100
48,21,20,999389,301,310,1797800
49,21,11,999368,311,321,1826400
50,17,18,999351,310,339,1725200
51,30,19,999321,321,358,1709000
52,23,17,999298,327,375,1704100
53,25,10,999273,342,385,1790800
54,31,18,999242,355,403,1802000
55,31,18,999211,368,421,1703700
56,19,26,999192,361,447,1743200
57,27,18,999165,370,465,1683900
58,20,17,999145,373,482,1658900
59,29,18,999116,384,500,1787000
60,37,21,999079,400,521,1712600
61,23,18,999056,405,539,1815200
62,27,15,999029,417,554,1793000
63,25,27,999004,415,581,1794200
64,33,27,998971,421,608,1751500
65,25,18,998946,428,626,1747200
66,30,15,998916,443,641,1692200
67,35,18,998881,460,659,1683900
68,26,30,998855,456,689,1659000
69,28,25,998827,459,714,1784600
70,44,25,998783,478,739,1788200
71,24,30,998759,472,769,1944700
72,33,27,998726,478,796,2011600
73,22,18,998704,482,814,1836000
74,23,22,998681,483,836,1764000
75,36,26,998645,493,862,1800600
76,32,20,998613,505,882,1816400
77,30,25,998583,510,907,1710600
78,37,33,998546,514,940,1930600
79,46,19,998500,541,959,1772600
80,35,38,998465,538,997,1910800
81,36,31,998429,543,1028,1703000
82,49,27,998380,565,1055,1700800
83,44,21,998336,588,1076,1661200
84,43,23,998293,608,1099,1673000
85,40,34,998253,614,1133,1824200
86,38,36,998215,616,1169,1994100
87,35,29,998180,622,1198,1886500
88,38,33,998142,627,1231,1757100
89,55,33,998087,649,1264,1798200
90,54,24,998033,679,1288,1798600
91,52,32,997981,699,1320,1794400
92,50,32,997931,717,1352,1743500
93,61,45,997870,733,1397,1736200
94,53,31,997817,755,1428,1686900
95,58,37,997759,776,1465,1687000
96,43,40,997716,779,1505,1759800
97,47,36,997669,790,1541,1817500
98,56,46,997613,800,1587,1832000
99,42,46,997571,796,1633,1800500
100,52,41,997519,807,1674,1786400
101,64,28,997455,843,1702,1848200
102,47,39,997408,851,1741,1760000
103,62,55,997346,858,1796,1882500
104,55,41,997291,872,1837,1782500
105,55,45,997236,882,1882,1799200
106,63,36,997173,909,1918,1688100
107,64,52,997109,921,1970,1927400
108,52,51,997057,922,2021,1685700
109,39,34,997018,927,2055,1730700
110,58,42,996960,943,2097,1718100
111,46,57,996914,932,2154,1868400
112,56,55,996858,933,2209,1769600
113,52,48,996806,937,2257,1839500
114,57,48,996749,946,2305,1760000
115,56,51,996693,951,2356,1821800
116,54,43,996639,962,2399,1788400
117,62,41,996577,983,2440,1902700
118,46,64,996531,965,2504,1845000
119,54,34,996477,985,2538,1905300
120,53,49,996424,989,2587,1918800
121,62,43,996362,1008,2630,1998900
122,43,48,996319,1003,2678,1874200
123,50,52,996269,1001,2730,1983600
124,49,57,996220,993,2787,2043100
125,52,43,996168,1002,2830,1974300
126,35,52,996133,985,2882,1966800
127,57,45,996076,997,2927,1975100
128,46,57,996030,986,2984,1782700
129,54,61,995976,979,3045,1811400
130,54,51,995922,982,3096,1738500
131,50,41,995872,991,3137,1937900
132,61,57,995811,995,3194,1830100
133,59,58,995752,996,3252,1748400
134,49,52,995703,993,3304,1776300
135,56,56,995647,993,3360,1732900
136,50,54,995597,989,3414,1678800
137,52,66,995545,975,3480,1691700
138,51,40,995494,986,3520,1744400
139,52,56,995442,982,3576,1749300
140,57,47,995385,992,3623,1768500
141,60,50,995325,1002,3673,1732000
142,72,51,995253,1023,3724,1772300
143,66,46,995187,1043,3770,1775700
144,49,44,995138,1048,3814,1768000
145,68,49,995070,1067,3863,1727200
146,58,38,995012,1087,3901,1821900
147,63,58,994949,1092,3959,1714200
148,60,42,994889,1110,4001,1738700
149,78,50,994811,1138,4051,1749300
150,57,56,994754,1139,4107,1911400
151,50,54,994704,1135,4161,1776800
152,70,62,994634,1143,4223,1864900
153,58,61,994576,1140,4284,1876800
154,61,46,994515,1155,4330,1703100
155,69,56,994446,1168,4386,2026200
156,71,66,994375,1173,4452,1702100
157,61,56,994314,1178,4508,1693100
158,65,57,994249,1186,4565,1861300
159,67,61,994182,1192,4626,2013400
160,70,56,994112,1206,4682,1686600
161,69,59,994043,1216,4741,1809400
162,77,59,993966,1234,4800,1797500
163,69,57,993897,1246,4857,1787200
164,60,60,993837,1246,4917,1712200
165,70,62,993767,1254,4979,1730800
166,71,59,993696,1266,5038,1746700
167,59,51,993637,1274,5089,1684800
168,73,66,993564,1281,5155,1694500
169,66,61,993498,1286,5216,1912800
170,88,63,993410,1311,5279,1945000
171,92,69,993318,1334,5348,1826800
172,90,70,993228,1354,5418,1813500
173,92,56,993136,1390,5474,1744500
174,90,63,993046,1417,5537,1720700
175,87,77,992959,1427,5614,1706900
176,82,70,992877,1439,5684,1931700
177,84,78,992793,1445,5762,1707100
178,81,72,992712,1454,5834,1801500
179,91,71,992621,1474,5905,1775200
180,101,68,992520,1507,5973,1801700
181,97,75,992423,1529,6048,1821300
182,88,76,992335,1541,6124,1778800
183,79,51,992256,1569,6175,1763400
184,84,67,992172,1586,6242,1691100
185,103,63,992069,1626,6305,1729600
186,84,76,991985,1634,6381,1724000
187,91,67,991894,1658,6448,1720600
188,87,61,991807,1684,6509,1812400
189,91,106,991716,1669,6615,2154100
190,99,81,991617,1687,6696,1742300
191,91,87,991526,1691,6783,1694200
192,94,90,991432,1695,6873,1784600
193,113,76,991319,1732,6949,1757100
194,98,86,991221,1744,7035,1712100
195,103,102,991118,1745,7137,1633300
196,90,93,991028,1742,7230,1684000
197,89,89,990939,1742,7319,1813700
198,99,98,990840,1743,7417,1773100
199,89,92,990751,1740,7509,1765000
200,97,90,990654,1747,7599,1695000
201,97,89,990557,1755,7688,1684000
202,94,84,990463,1765,7772,1792500
203,111,89,990352,1787,7861,1823300
204,86,89,990266,1784,7950,2029600
205,108,83,990158,1809,8033,1986400
206,116,98,990042,1827,8131,1827100
207,105,90,989937,1842,8221,1814100
208,115,94,989822,1863,8315,1812500
209,113,98,989709,1878,8413,1853100
210,116,85,989593,1909,8498,2010300
211,122,102,989471,1929,8600,1946200
212,108,94,989363,1943,8694,1847300
213,111,88,989252,1966,8782,1740500
214,110,87,989142,1989,8869,1932500
215,106,113,989036,1982,8982,2049000
216,114,97,988922,1999,9079,1842500
217,112,89,988810,2022,9168,2084500
218,102,101,988708,2023,9269,1744800
219,124,115,988584,2032,9384,1740200
220,121,108,988463,2045,9492,1839700
221,117,103,988346,2059,9595,1998100
222,127,106,988219,2080,9701,2017900
223,117,117,988102,2080,9818,1766000
224,131,117,987971,2094,9935,1760700
225,139,104,987832,2129,10039,1837200
226,117,114,987715,2132,10153,1797000
227,120,115,987595,2137,10268,1794200
228,115,119,987480,2133,10387,1770200
229,108,90,987372,2151,10477,1741900
230,125,127,987247,2149,10604,1754400
231,121,105,987126,2165,10709,1779700
232,131,122,986995,2174,10831,1827700
233,131,111,986864,2194,10942,1838500
234,122,103,986742,2213,11045,1769900
235,121,109,986621,2225,11154,1760900
236,122,130,986499,2217,11284,1745500
237,123,127,986376,2213,11411,1735200
238,123,111,986253,2225,11522,1712400
239,120,98,986133,2247,11620,1804400
240,123,106,986010,2264,11726,1827900
241,126,94,985884,2296,11820,1957100
242,110,102,985774,2304,11922,1739700
243,98,111,985676,2291,12033,1785600
244,102,111,985574,2282,12144,1676600
245,107,114,985467,2275,12258,1715000
246,118,110,985349,2283,12368,1725800
247,128,104,985221,2307,12472,1830800
248,106,133,985115,2280,12605,1816300
249,125,108,984990,2297,12713,1820500
250,127,122,984863,2302,12835,1821700
251,108,115,984755,2295,12950,1898100
252,118,109,984637,2304,13059,1779400
253,116,101,984521,2319,13160,1720900
254,132,120,984389,2331,13280,1684500
255,134,126,984255,2339,13406,1687300
256,136,129,984119,2346,13535,1839700
257,125,129,983994,2342,13664,1865500
258,121,101,983873,2362,13765,1825200
259,131,106,983742,2387,13871,1755800
260,142,110,983600,2419,13981,1779400
261,117,121,983483,2415,14102,1717400
262,120,122,983363,2413,14224,1724400
263,123,114,983240,2422,14338,1735400
264,127,117,983113,2432,14455,1811200
265,125,111,982988,2446,14566,1815000
266,124,113,982864,2457,14679,1927300
267,135,126,982729,2466,14805,1759000
268,113,135,982616,2444,14940,1733700
269,132,132,982484,2444,15072,1724600
270,119,132,982365,2431,15204,1726600
271,113,132,982252,2412,15336,1819400
272,137,109,982115,2440,15445,1816400
273,121,131,981994,2430,15576,1745400
274,132,123,981862,2439,15699,1779900
275,133,137,981729,2435,15836,1830800
276,133,101,981596,2467,15937,1883800
277,127,115,981469,2479,16052,1790700
278,143,131,981326,2491,16183,1771800
279,130,108,981196,2513,16291,1759800
280,139,112,981057,2540,16403,1771200
281,138,142,980919,2536,16545,1871800
282,132,131,980787,2537,16676,1833300
283,142,131,980645,2548,16807,1858700
284,141,140,980504,2549,16947,1837000
285,158,113,980346,2594,17060,1816000
286,118,148,980228,2564,17208,1780500
287,130,141,980098,2553,17349,1683200
288,138,144,979960,2547,17493,1802300
289,150,125,979810,2572,17618,1754100
290,127,138,979683,2561,17756,1765100
291,143,132,979540,2572,17888,1776400
292,148,126,979392,2594,18014,1905300
293,144,120,979248,2618,18134,1832900
294,149,132,979099,2635,18266,1838400
295,136,109,978963,2662,18375,1863000
296,152,130,978811,2684,18505,1851800
297,170,133,978641,2721,18638,1759900
298,172,121,978469,2772,18759,1681900
299,157,146,978312,2783,18905,1692100
300,144,156,978168,2771,19061,1908400
301,161,140,978007,2792,19201,1755100
302,150,150,977857,2792,19351,1895300
303,157,130,977700,2819,19481,1766200
304,160,147,977540,2832,19628,1826400
305,170,136,977370,2866,19764,1891000
306,168,126,977202,2908,19890,1746400
307,169,139,977033,2938,20029,1761800
308,163,158,976870,2943,20187,1739100
309,161,145,976709,2959,20332,1922100
310,175,164,976534,2970,20496,1838700
311,198,148,976336,3020,20644,1830700
312,170,147,976166,3043,20791,1830500
313,142,161,976024,3024,20952,1810400
314,185,175,975839,3034,21127,1789100
315,169,159,975670,3044,21286,1784000
316,191,146,975479,3089,21432,1759800
317,175,149,975304,3115,21581,1765600
318,160,146,975144,3129,21727,1828100
319,162,154,974982,3137,21881,1739400
320,172,150,974810,3159,22031,1830000
321,146,163,974664,3142,22194,1801900
322,145,140,974519,3147,22334,1741600
323,169,147,974350,3169,22481,1748300
324,158,133,974192,3194,22614,1734800
325,171,158,974021,3207,22772,1827400
326,169,164,973852,3212,22936,1743000
327,164,163,973688,3213,23099,1730400
328,185,166,973503,3232,23265,1782600
329,183,166,973320,3249,23431,1699500
330,182,153,973138,3278,23584,1694700
331,174,185,972964,3267,23769,1713800
332,178,140,972786,3305,23909,1919600
333,181,166,972605,3320,24075,1881800
334,181,169,972424,3332,24244,1711900
335,165,165,972259,3332,24409,1830100
336,198,155,972061,3375,24564,1734100
337,190,152,971871,3413,24716,2090700
338,184,174,971687,3423,24890,1777400
339,187,166,971500,3444,25056,1747100
340,205,189,971295,3460,25245,1686000
341,195,165,971100,3490,25410,1845400
342,185,196,970915,3479,25606,1906400
343,192,155,970723,3516,25761,1820100
344,195,173,970528,3538,25934,1892800
345,187,189,970341,3536,26123,1848800
346,208,183,970133,3561,26306,1856800
347,204,190,969929,3575,26496,1753200
348,200,180,969729,3595,26676,1792700
349,192,171,969537,3616,26847,1762300
350,183,159,969354,3640,27006,1766400
351,225,189,969129,3676,27195,1804400
352,196,189,968933,3683,27384,1842500
353,202,177,968731,3708,27561,1755200
354,187,192,968544,3703,27753,1779800
355,187,193,968357,3697,27946,1816400
356,205,175,968152,3727,28121,1752600
357,223,190,967929,3760,28311,1696100
358,197,204,967732,3753,28515,1845100
359,190,203,967542,3740,28718,1712400
360,180,181,967362,3739,28899,1894400
361,191,183,967171,3747,29082,1839300
362,196,191,966975,3752,29273,1780600
363,204,186,966771,3770,29459,1788800
364,208,165,966563,3813,29624,1760000
365,200,220,966363,3793,29844,1751400
366,186,179,966177,3800,30023,1968400
367,193,197,965984,3796,30220,1857000
368,206,191,965778,3811,30411,1766300
369,182,203,965596,3790,30614,1841900
370,206,199,965390,3797,30813,1833500
371,179,194,965211,3782,31007,1857000
372,208,202,965003,3788,31209,1787400
373,219,168,964784,3839,31377,1694400
374,212,195,964572,3856,31572,1980800
375,196,182,964376,3870,31754,1773800
376,215,200,964161,3885,31954,1757600
377,192,218,963969,3859,32172,1841600
378,201,212,963768,3848,32384,1844100
379,194,180,963574,3862,32564,1862500
380,199,202,963375,3859,32766,1819000
381,210,194,963165,3875,32960,1846200
382,199,183,962966,3891,33143,1984600
383,214,199,962752,3906,33342,1978100
384,185,202,962567,3889,33544,1893600
385,234,203,962333,3920,33747,1831100
386,210,187,962123,3943,33934,1919000
387,202,191,961921,3954,34125,1970000
388,222,174,961699,4002,34299,1822300
389,221,203,961478,4020,34502,1715600
390,223,177,961255,4066,34679,1832600
391,245,218,961010,4093,34897,1814900
392,230,206,960780,4117,35103,1853000
393,195,196,960585,4116,35299,1896200
394,232,193,960353,4155,35492,1856400
395,234,213,960119,4176,35705,1791200
396,219,223,959900,4172,35928,1751100
397,242,223,959658,4191,36151,2317000
398,219,199,959439,4211,36350,2005900
399,230,205,959209,4236,36555,1776700
400,220,220,958989,4236,36775,1784400
401,224,196,958765,4264,36971,1883500
402,211,193,958554,4282,37164,1849300
403,229,210,958325,4301,37374,1762400
404,235,204,958090,4332,37578,1773000
405,227,202,957863,4357,37780,1879100
406,220,223,957643,4354,38003,1806800
407,240,260,957403,4334,38263,1765700
408,218,237,957185,4315,38500,2057800
409,222,214,956963,4323,38714,1855000
410,218,210,956745,4331,38924,2059600
411,234,222,956511,4343,39146,2062500
412,217,205,956294,4355,39351,1762400
413,212,222,956082,4345,39573,1757500
414,233,215,955849,4363,39788,1861500
415,222,216,955627,4369,40004,1783500
416,243,211,955384,4401,40215,1947600
417,225,193,955159,4433,40408,1787000
418,235,226,954924,4442,40634,1812800
419,231,227,954693,4446,40861,1763000
420,253,231,954440,4468,41092,1767300
421,208,230,954232,4446,41322,1770100
422,230,241,954002,4435,41563,1876400
423,197,220,953805,4412,41783,1734400
424,222,216,953583,4418,41999,1799900
425,231,221,953352,4428,42220,1854800
426,213,245,953139,4396,42465,1769600
427,240,227,952899,4409,42692,1756100
428,225,205,952674,4429,42897,1888500
429,222,202,952452,4449,43099,2334900
430,238,212,952214,4475,43311,1840000
431,242,213,951972,4504,43524,1990600
432,236,210,951736,4530,43734,1739000
433,254,226,951482,4558,43960,1756600
434,241,237,951241,4562,44197,1868100
435,252,227,950989,4587,44424,1901200
436,243,211,950746,4619,44635,1859000
437,234,220,950512,4633,44855,1865800
438,233,208,950279,4658,45063,1781600
439,241,233,950038,4666,45296,1775200
440,255,236,949783,4685,45532,1758300
441,218,266,949565,4637,45798,1773000
442,225,246,949340,4616,46044,1829100
443,244,223,949096,4637,46267,1888900
444,251,234,948845,4654,46501,1868200
445,275,224,948570,4705,46725,1855200
446,248,238,948322,4715,46963,1866300
447,250,247,948072,4718,47210,1935300
448,260,228,947812,4750,47438,1855300
449,244,236,947568,4758,47674,1778600
450,262,267,947306,4753,47941,1778400
451,267,252,947039,4768,48193,1779000
452,254,258,946785,4764,48451,1762400
453,227,227,946558,4764,48678,1859200
454,251,249,946307,4766,48927,1758000
455,240,222,946067,4784,49149,1817200
456,232,252,945835,4764,49401,1783800
457,233,255,945602,4742,49656,1801000
458,251,215,945351,4778,49871,1726200
459,257,237,945094,4798,50108,1874100
460,248,216,944846,4830,50324,1871200
461,282,236,944564,4876,50560,1868200
462,242,272,944322,4846,50832,1878200
463,248,237,944074,4857,51069,1837500
464,247,261,943827,4843,51330,1784900
465,220,235,943607,4828,51565,1817600
466,271,254,943336,4845,51819,1771700
467,256,240,943080,4861,52059,1761700
468,254,224,942826,4891,52283,1833100
469,238,266,942588,4863,52549,1711600
470,231,244,942357,4850,52793,2291400
471,243,257,942114,4836,53050,2074000
472,247,265,941867,4818,53315,1934900
473,245,226,941622,4837,53541,1919100
474,229,251,941393,4815,53792,1876100
475,260,265,941133,4810,54057,1821500
476,246,258,940887,4798,54315,1912300
477,263,236,940624,4825,54551,1801900
478,258,249,940366,4834,54800,2017900
479,253,227,940113,4860,55027,1878900
480,263,249,939850,4874,55276,1856300
481,238,234,939612,4878,55510,1823100
482,244,222,939368,4900,55732,1814900
483,296,219,939072,4977,55951,1850600
484,217,232,938855,4962,56183,1891700
485,233,260,938622,4935,56443,1893600
486,264,242,938358,4957,56685,2039200
487,292,264,938066,4985,56949,2044000
488,271,285,937795,4971,57234,1866000
489,298,223,937497,5046,57457,1800000
490,269,249,937228,5066,57706,1865700
491,289,251,936939,5104,57957,1789500
492,262,252,936677,5114,58209,1901200
493,278,255,936399,5137,58464,1893400
494,269,261,936130,5145,58725,1890200
495,272,243,935858,5174,58968,1917600
496,293,244,935565,5223,59212,1842600
497,257,274,935308,5206,59486,1937400
498,291,265,935017,5232,59751,1845700
499,304,306,934713,5230,60057,1861800
500,263,281,934450,5212,60338,1801600
501,284,267,934166,5229,60605,1978700
502,261,264,933905,5226,60869,1807100
503,278,265,933627,5239,61134,1746100
504,266,276,933361,5229,61410,1733900
505,285,254,933076,5260,61664,1800800
506,278,255,932798,5283,61919,1807500
507,282,290,932516,5275,62209,1758600
508,293,244,932223,5324,62453,1781700
509,277,250,931946,5351,62703,1794100
510,261,270,931685,5342,62973,1871500
511,295,266,931390,5371,63239,1919600
512,266,270,931124,5367,63509,1896800
513,276,294,930848,5349,63803,1881000
514,266,272,930582,5343,64075,2010700
515,288,252,930294,5379,64327,1887600
516,282,289,930012,5372,64616,1873100
517,296,257,929716,5411,64873,1872900
518,297,266,929419,5442,65139,1803600
519,285,259,929134,5468,65398,1768100
520,314,263,928820,5519,65661,1915900
521,294,272,928526,5541,65933,1816100
522,304,246,928222,5599,66179,2095700
523,295,283,927927,5611,66462,1877200
524,299,287,927628,5623,66749,1776100
525,289,302,927339,5610,67051,1789500
526,275,289,927064,5596,67340,1739500
527,311,288,926753,5619,67628,1830300
528,290,263,926463,5646,67891,2009000
529,288,271,926175,5663,68162,1733500
530,312,279,925863,5696,68441,1794800
531,298,296,925565,5698,68737,1754900
532,289,274,925276,5713,69011,1840300
533,290,296,924986,5707,69307,1869300
534,308,259,924678,5756,69566,2188500
535,294,274,924384,5776,69840,1802200
536,287,297,924097,5766,70137,2269700
537,289,276,923808,5779,70413,2104400
538,274,265,923534,5788,70678,1778500
539,292,298,923242,5782,70976,2154300
540,293,288,922949,5787,71264,1920600
541,266,296,922683,5757,71560,1934700
542,309,317,922374,5749,71877,1879900
543,309,279,922065,5779,72156,2069100
544,310,270,921755,5819,72426,1867300
545,310,300,921445,5829,72726,1815200
546,317,321,921128,5825,73047,1866700
547,273,267,920855,5831,73314,1910900
548,296,314,920559,5813,73628,1900800
549,298,292,920261,5819,73920,1738400
550,289,266,919972,5842,74186,1851600
551,283,291,919689,5834,74477,1768800
552,319,261,919370,5892,74738,1908000
553,293,314,919077,5871,75052,1989400
554,323,281,918754,5913,75333,2023000
555,282,284,918472,5911,75617,1789200
556,306,290,918166,5927,75907,1812900
557,307,276,917859,5958,76183,1914500
558,307,294,917552,5971,76477,1918100
559,311,304,917241,5978,76781,2074700
560,294,326,916947,5946,77107,1947100
561,280,289,916667,5937,77396,1838500
562,288,301,916379,5924,77697,1794800
563,309,305,916070,5928,78002,1877200
564,307,308,915763,5927,78310,1860200
565,323,301,915440,5949,78611,1782900
566,319,275,915121,5993,78886,2008400
567,287,312,914834,5968,79198,1832500
568,321,307,914513,5982,79505,1986900
569,314,307,914199,5989,79812,1914000
570,311,275,913888,6025,80087,1811400
571,331,302,913557,6054,80389,1883600
572,320,294,913237,6080,80683,1770400
573,349,285,912888,6144,80968,1927000
574,319,303,912569,6160,81271,1917700
575,315,334,912254,6141,81605,1844400
576,299,319,911955,6121,81924,1759100
577,295,318,911660,6098,82242,1778900
578,314,302,911346,6110,82544,1769500
579,320,337,911026,6093,82881,1928900
580,342,302,910684,6133,83183,1918800
581,313,322,910371,6124,83505,1877500
582,314,305,910057,6133,83810,2148200
583,300,324,909757,6109,84134,1894400
584,335,299,909422,6145,84433,1814700
585,313,316,909109,6142,84749,2157200
586,325,330,908784,6137,85079,1906400
587,312,285,908472,6164,85364,1857100
588,313,329,908159,6148,85693,1950800
589,295,300,907864,6143,85993,1854300
590,305,306,907559,6142,86299,1815300
591,305,286,907254,6161,86585,1783600
592,325,308,906929,6178,86893,1833200
593,307,313,906622,6172,87206,2168800
594,283,306,906339,6149,87512,1843800
595,336,316,906003,6169,87828,1827900
596,322,333,905681,6158,88161,1879900
597,312,312,905369,6158,88473,1893800
598,324,321,905045,6161,88794,1770700
599,314,317,904731,6158,89111,1861300
600,313,283,904418,6188,89394,1780300
601,319,330,904099,6177,89724,1868100
602,326,294,903773,6209,90018,1824200
603,353,320,903420,6242,90338,1909300
604,312,341,903108,6213,90679,2238200
605,305,307,902803,6211,90986,1840200
606,315,307,902488,6219,91293,1821000
607,323,291,902165,6251,91584,2013100
608,336,310,901829,6277,91894,1833200
609,292,328,901537,6241,92222,1822400
610,341,323,901196,6259,92545,1776400
611,330,256,900866,6333,92801,1842000
612,344,329,900522,6348,93130,1838300
613,311,337,900211,6322,93467,1894300
614,325,330,899886,6317,93797,1860000
615,368,333,899518,6352,94130,1904100
616,339,297,899179,6394,94427,1980900
617,329,340,898850,6383,94767,1940400
618,350,307,898500,6426,95074,2142400
619,331,329,898169,6428,95403,1968300
620,335,337,897834,6426,95740,1853600
621,348,344,897486,6430,96084,1833600
622,339,340,897147,6429,96424,1931200
623,354,301,896793,6482,96725,1878300
624,337,326,896456,6493,97051,1780300
625,348,348,896108,6493,97399,1831700
626,364,297,895744,6560,97696,1903600
627,321,320,895423,6561,98016,1833300
628,330,312,895093,6579,98328,1840200
629,346,341,894747,6584,98669,1827500
630,359,353,894388,6590,99022,1888700
631,387,320,894001,6657,99342,1900800
632,345,328,893656,6674,99670,1931900
633,355,336,893301,6693,100006,2056100
634,340,304,892961,6729,100310,1847800
635,360,337,892601,6752,100647,1847100
636,359,327,892242,6784,100974,1890800
637,351,349,891891,6786,101323,1792000
638,333,344,891558,6775,101667,1820700
639,364,359,891194,6780,102026,1860300
640,359,362,890835,6777,102388,1812200
641,377,349,890458,6805,102737,1887900
642,352,283,890106,6874,103020,1777700
643,333,335,889773,6872,103355,1769800
644,360,336,889413,6896,103691,1817200
645,356,328,889057,6924,104019,1746000
646,329,334,888728,6919,104353,1747600
647,337,346,888391,6910,104699,1892200
648,331,380,888060,6861,105079,1862400
649,334,343,887726,6852,105422,1858600
650,367,321,887359,6898,105743,1862900
651,371,332,886988,6937,106075,2076500
652,341,355,886647,6923,106430,2033700
653,332,371,886315,6884,106801,1826200
654,321,342,885994,6863,107143,1809000
655,309,349,885685,6823,107492,1843000
656,342,340,885343,6825,107832,1821300
657,345,357,884998,6813,108189,1916500
658,334,319,884664,6828,108508,1870400
659,346,329,884318,6845,108837,1889000
660,356,376,883962,6825,109213,1923500
661,346,356,883616,6815,109569,1842200
662,340,354,883276,6801,109923,1838400
663,333,356,882943,6778,110279,1751000
664,339,332,882604,6785,110611,1883000
665,355,309,882249,6831,110920,1824500
666,356,334,881893,6853,111254,1891500
667,368,343,881525,6878,111597,1913700
668,341,348,881184,6871,111945,1780600
669,378,326,880806,6923,112271,1796600
670,360,342,880446,6941,112613,1776000
671,378,359,880068,6960,112972,2224600
672,387,351,879681,6996,113323,1899600
673,376,352,879305,7020,113675,1774500
674,370,358,878935,7032,114033,1944000
675,377,345,878558,7064,114378,1820900
676,374,337,878184,7101,114715,1971900
677,329,335,877855,7095,115050,1843400
678,370,368,877485,7097,115418,1766500
679,347,370,877138,7074,115788,1790600
680,356,354,876782,7076,116142,1803200
681,339,348,876443,7067,116490,1884200
682,366,351,876077,7082,116841,1898500
683,312,358,875765,7036,117199,1924400
684,350,339,875415,7047,117538,1864700
685,352,370,875063,7029,117908,1788900
686,352,371,874711,7010,118279,1814100
687,392,371,874319,7031,118650,1806600
688,378,367,873941,7042,119017,1900300
689,408,352,873533,7098,119369,1900800
690,377,349,873156,7126,119718,1879100
691,390,335,872766,7181,120053,1909200
692,389,369,872377,7201,120422,1819900
693,387,355,871990,7233,120777,1744600
694,361,355,871629,7239,121132,1787100
695,375,364,871254,7250,121496,1893800
696,391,368,870863,7273,121864,1999900
697,392,400,870471,7265,122264,2096100
698,394,373,870077,7286,122637,1912000
699,398,317,869679,7367,122954,1892700
700,342,375,869337,7334,123329,1806000
701,407,357,868930,7384,123686,1834800
702,381,327,868549,7438,124013,1788600
703,358,335,868191,7461,124348,2028500
704,401,374,867790,7488,124722,1917000
705,413,346,867377,7555,125068,1803700
706,435,381,866942,7609,125449,1918800
707,402,382,866540,7629,125831,1861900
708,397,411,866143,7615,126242,1814800
709,404,400,865739,7619,126642,1857900
710,383,394,865356,7608,127036,1999000
711,369,379,864987,7598,127415,1891000
712,383,366,864604,7615,127781,1831000
713,381,391,864223,7605,128172,1829000
714,358,339,863865,7624,128511,1975800
715,385,389,863480,7620,128900,1933200
716,380,397,863100,7603,129297,2105500
717,344,377,862756,7570,129674,2106800
718,412,351,862344,7631,130025,1841100
719,361,390,861983,7602,130415,1893000
720,384,425,861599,7561,130840,1925600
721,397,366,861202,7592,131206,1889700
722,397,387,860805,7602,131593,1914100
723,422,388,860383,7636,131981,1891400
724,416,394,859967,7658,132375,1814300
725,422,417,859545,7663,132792,1866400
726,384,374,859161,7673,133166,2029200
727,397,405,858764,7665,133571,1861800
728,400,389,858364,7676,133960,1857400
729,425,399,857939,7702,134359,1857900
730,373,382,857566,7693,134741,1910900
731,380,385,857186,7688,135126,1953600
732,378,377,856808,7689,135503,1921500
733,356,361,856452,7684,135864,1811500
734,388,406,856064,7666,136270,2012800
735,411,365,855653,7712,136635,1919400
736,389,384,855264,7717,137019,1896600
737,395,379,854869,7733,137398,1901000
738,380,424,854489,7689,137822,1914500
739,429,387,854060,7731,138209,1818900
740,374,390,853686,7715,138599,2003400
741,393,395,853293,7713,138994,1837500
742,394,373,852899,7734,139367,1926400
743,407,356,852492,7785,139723,1921600
744,390,401,852102,7774,140124,1978300
745,385,355,851717,7804,140479,1875900
746,417,383,851300,7838,140862,1920300
747,395,411,850905,7822,141273,1808600
748,404,423,850501,7803,141696,1826900
749,410,362,850091,7851,142058,1846400
750,410,404,849681,7857,142462,1836600
751,425,403,849256,7879,142865,1856800
752,410,388,848846,7901,143253,1915500
753,436,437,848410,7900,143690,1916300
754,373,437,848037,7836,144127,1907600
755,388,385,847649,7839,144512,1833500
756,389,383,847260,7845,144895,1798900
757,417,382,846843,7880,145277,1866400
758,401,423,846442,7858,145700,1847200
759,379,409,846063,7828,146109,1914100
760,365,401,845698,7792,146510,1898700
761,395,441,845303,7746,146951,1894900
762,423,422,844880,7747,147373,1921800
763,432,399,844448,7780,147772,1889500
764,404,378,844044,7806,148150,1910200
765,413,405,843631,7814,148555,1771200
766,409,391,843222,7832,148946,1860600
767,424,399,842798,7857,149345,1866100
768,437,439,842361,7855,149784,1905600
769,392,383,841969,7864,150167,1895700
770,404,370,841565,7898,150537,1838800
771,431,378,841134,7951,150915,1922600
772,437,401,840697,7987,151316,2011100
773,393,391,840304,7989,151707,1986200
774,421,415,839883,7995,152122,1918000
775,425,399,839458,8021,152521,1972100
776,439,374,839019,8086,152895,1899600
777,429,418,838590,8097,153313,1786200
778,434,392,838156,8139,153705,1879500
779,419,403,837737,8155,154108,1778000
780,408,381,837329,8182,154489,1941500
781,425,436,836904,8171,154925,1843600
782,399,396,836505,8174,155321,1923300
783,391,413,836114,8152,155734,1789700
784,403,422,835711,8133,156156,1823200
785,418,403,835293,8148,156559,1801300
786,421,401,834872,8168,156960,1799600
787,411,427,834461,8152,157387,1912300
788,427,433,834034,8146,157820,1912500
789,385,426,833649,8105,158246,1842600
790,385,424,833264,8066,158670,1900200
791,368,417,832896,8017,159087,1846700
792,401,401,832495,8017,159488,1767200
793,408,396,832087,8029,159884,1772900
794,385,367,831702,8047,160251,1867300
795,396,362,831306,8081,160613,1913300
796,425,388,830881,8118,161001,1894600
797,432,428,830449,8122,161429,1860900
798,407,418,830042,8111,161847,1797100
799,410,416,829632,8105,162263,1878000
800,388,409,829244,8084,162672,1843700
801,404,412,828840,8076,163084,1923700
802,387,402,828453,8061,163486,1915800
803,387,400,828066,8048,163886,1944200
804,398,413,827668,8033,164299,1982800
805,374,388,827294,8019,164687,1873600
806,399,388,826895,8030,165075,1939800
807,381,426,826514,7985,165501,2024800
808,410,385,826104,8010,165886,1875700
809,408,376,825696,8042,166262,1904800
810,385,396,825311,8031,166658,1926700
811,403,363,824908,8071,167021,1865500
812,430,422,824478,8079,167443,1829700
813,418,419,824060,8078,167862,2006300
814,432,396,823628,8114,168258,1808900
815,429,411,823199,8132,168669,2108400
816,397,392,822802,8137,169061,1898300
817,452,403,822350,8186,169464,1947800
818,457,426,821893,8217,169890,1927400
819,418,392,821475,8243,170282,1924700
820,454,432,821021,8265,170714,1915200
821,423,420,820598,8268,171134,1911100
822,421,386,820177,8303,171520,1893500
823,420,428,819757,8295,171948,1771200
824,468,411,819289,8352,172359,1841800
825,424,407,818865,8369,172766,1931200
826,444,401,818421,8412,173167,1888800
827,468,413,817953,8467,173580,1855200
828,387,404,817566,8450,173984,1989700
829,386,455,817180,8381,174439,1825400
830,426,410,816754,8397,174849,1944900
831,431,418,816323,8410,175267,1805000
832,420,447,815903,8383,175714,1917500
833,381,438,815522,8326,176152,1784200
834,393,390,815129,8329,176542,1816100
835,387,421,814742,8295,176963,1789400
836,392,375,814350,8312,177338,1920100
837,436,431,813914,8317,177769,1922800
838,378,445,813536,8250,178214,1910900
839,381,403,813155,8228,178617,2032400
840,401,378,812754,8251,178995,1801900
841,396,411,812358,8236,179406,1866400
842,367,407,811991,8196,179813,1785900
843,378,420,811613,8154,180233,1811500
844,382,375,811231,8161,180608,1896000
845,401,404,810830,8158,181012,2176800
846,400,425,810430,8133,181437,2107900
847,436,399,809994,8170,181836,1962800
848,421,391,809573,8200,182227,1936600
849,386,426,809187,8160,182653,1817300
850,378,436,808809,8102,183089,1977100
851,417,401,808392,8118,183490,1948500
852,402,405,807990,8115,183895,1922900
853,373,411,807617,8077,184306,1838100
854,415,425,807202,8067,184731,2021000
855,372,411,806830,8028,185142,1921700
856,440,413,806390,8055,185555,1804700
857,400,424,805990,8031,185979,1798000
858,393,392,805597,8032,186371,1809100
859,445,392,805152,8085,186763,1742800
860,395,436,804757,8044,187199,1935100
861,449,427,804308,8066,187626,1918100
862,401,428,803907,8039,188054,1900300
863,434,376,803473,8097,188430,1891200
864,390,418,803083,8069,188848,1759700
865,381,362,802702,8088,189210,1866700
866,404,400,802298,8092,189610,1819400
867,413,395,801885,8110,190005,1939000
868,370,415,801515,8065,190420,1916400
869,426,429,801089,8062,190849,1924100
870,409,389,800680,8082,191238,1930600
871,423,437,800257,8068,191675,1929500
872,402,425,799855,8045,192100,1853200
873,419,408,799436,8056,192508,1896200
874,371,425,799065,8002,192933,1871600
875,414,395,798651,8021,193328,1832600
876,391,418,798260,7994,193746,1804400
877,395,401,797865,7988,194147,1820800
878,412,420,797453,7980,194567,2008300
879,387,376,797066,7991,194943,1877200
880,443,407,796623,8027,195350,1927600
881,419,397,796204,8049,195747,2341300
882,376,390,795828,8035,196137,1972200
883,410,358,795418,8087,196495,1931000
884,401,396,795017,8092,196891,1942900
885,411,403,794606,8100,197294,1926500
886,409,402,794197,8107,197696,1927500
887,397,396,793800,8108,198092,1910500
888,425,374,793375,8159,198466,2121500
889,415,421,792960,8153,198887,1930600
890,396,393,792564,8156,199280,1887900
891,411,394,792153,8173,199674,1822400
892,402,393,791751,8182,200067,1816600
893,391,433,791360,8140,200500,1746200
894,417,406,790943,8151,200906,1775500
895,417,396,790526,8172,201302,1904700
896,434,404,790092,8202,201706,1831900
897,420,424,789672,8198,202130,1856800
898,433,403,789239,8228,202533,1882500
899,374,445,788865,8157,202978,1808100
900,404,368,788461,8193,203346,1801700
901,389,393,788072,8189,203739,1911500
902,392,413,787680,8168,204152,1801100
903,404,427,787276,8145,204579,1818400
904,404,387,786872,8162,204966,1933000
905,391,411,786481,8142,205377,1964300
906,390,405,786091,8127,205782,2032700
907,404,397,785687,8134,206179,1861200
908,435,414,785252,8155,206593,1848900
909,392,427,784860,8120,207020,1821900
910,400,427,784460,8093,207447,1811700
911,390,395,784070,8088,207842,1961200
912,422,403,783648,8107,208245,2269100
913,402,385,783246,8124,208630,2059500
914,422,410,782824,8136,209040,1805400
915,373,405,782451,8104,209445,1810400
916,396,443,782055,8057,209888,2070700
917,405,393,781650,8069,210281,1923800
918,448,391,781202,8126,210672,1884900
919,423,387,780779,8162,211059,1939200
920,403,430,780376,8135,211489,2169200
921,387,399,779989,8123,211888,2029200
922,416,382,779573,8157,212270,2054200
923,405,424,779168,8138,212694,1938200
924,412,404,778756,8146,213098,1851200
925,367,396,778389,8117,213494,1944600
926,406,400,777983,8123,213894,1923200
927,393,395,777590,8121,214289,1923700
928,393,435,777197,8079,214724,1901300
929,395,419,776802,8055,215143,1822800
930,411,389,776391,8077,215532,1849300
931,380,397,776011,8060,215929,1812600
932,409,401,775602,8068,216330,1745800
933,421,375,775181,8114,216705,1922400
934,398,418,774783,8094,217123,1917800
935,399,379,774384,8114,217502,1919000
936,381,420,774003,8075,217922,1896500
937,437,411,773566,8101,218333,1979800
938,389,403,773177,8087,218736,1842700
939,424,397,772753,8114,219133,1991900
940,428,408,772325,8134,219541,1995000
941,422,433,771903,8123,219974,1826300
942,408,412,771495,8119,220386,1831300
943,412,403,771083,8128,220789,1829200
944,415,405,770668,8138,221194,1773700
945,413,428,770255,8123,221622,2103000
946,397,384,769858,8136,222006,2022600
947,448,397,769410,8187,222403,1913800
948,392,412,769018,8167,222815,1931400
949,441,389,768577,8219,223204,1893700
950,449,419,768128,8249,223623,1931800
951,420,412,767708,8257,224035,1878200
952,389,438,767319,8208,224473,1882500
953,415,397,766904,8226,224870,1855100
954,434,418,766470,8242,225288,1813900
955,431,401,766039,8272,225689,1863700
956,414,382,765625,8304,226071,1920800
957,437,411,765188,8330,226482,1930000
958,407,429,764781,8308,226911,2127500
959,437,384,764344,8361,227295,1977100
960,401,432,763943,8330,227727,2116800
961,402,401,763541,8331,228128,1815200
962,393,404,763148,8320,228532,1937900
963,427,405,762721,8342,228937,1938500
964,444,393,762277,8393,229330,1858600
965,439,443,761838,8389,229773,1972800
966,443,393,761395,8439,230166,1909300
967,417,437,760978,8419,230603,1823000
968,421,390,760557,8450,230993,1806100
969,423,422,760134,8451,231415,1874000
970,438,408,759696,8481,231823,1833700
971,408,422,759288,8467,232245,1927100
972,391,434,758897,8424,232679,1893600
973,416,443,758481,8397,233122,2046000
974,458,399,758023,8456,233521,1918700
975,398,406,757625,8448,233927,1883300
976,443,382,757182,8509,234309,1872300
977,413,397,756769,8525,234706,1977700
978,396,441,756373,8480,235147,1879900
979,443,456,755930,8467,235603,1756300
980,430,441,755500,8456,236044,2018900
981,412,418,755088,8450,236462,1911100
982,424,439,754664,8435,236901,1845700
983,465,413,754199,8487,237314,1926900
984,438,435,753761,8490,237749,1949700
985,427,433,753334,8484,238182,1906000
986,440,419,752894,8505,238601,2129600
987,447,415,752447,8537,239016,1966900
988,412,438,752035,8511,239454,1844900
989,409,418,751626,8502,239872,1958000
990,413,412,751213,8503,240284,2192100
991,441,456,750772,8488,240740,1890500
992,437,427,750335,8498,241167,2040100
993,459,425,749876,8532,241592,2017000
994,438,458,749438,8512,242050,2037400
995,417,406,749021,8523,242456,1992400
996,414,405,748607,8532,242861,1892300
997,450,435,748157,8547,243296,1927700
998,424,406,747733,8565,243702,1965600
999,432,413,747301,8584,244115,1837100
1000,425,452,746876,8557,244567,1966000
1001,431,388,746445,8600,244955,1898200
1002,445,410,746000,8635,245365,1890500
1003,481,445,745519,8671,245810,1892100
1004,444,432,745075,8683,246242,1935000
1005,452,411,744623,8724,246653,1956700
1006,431,463,744192,8692,247116,1940800
1007,484,431,743708,8745,247547,1953100
1008,483,436,743225,8792,247983,1872500
1009,442,447,742783,8787,248430,1797900
1010,434,434,742349,8787,248864,2035400
1011,446,381,741903,8852,249245,1797100
1012,434,434,741469,8852,249679,1965700
1013,439,447,741030,8844,250126,1920700
1014,443,468,740587,8819,250594,2018200
1015,432,450,740155,8801,251044,1901400
1016,424,449,739731,8776,251493,1874200
1017,486,421,739245,8841,251914,1869200
1018,446,459,738799,8828,252373,1859500
1019,430,447,738369,8811,252820,2066200
1020,426,502,737943,8735,253322,2065300
1021,480,439,737463,8776,253761,1880000
1022,424,452,737039,8748,254213,1852200
1023,455,445,736584,8758,254658,1934600
1024,426,455,736158,8729,255113,1859900
1025,420,452,735738,8697,255565,1843000
1026,443,436,735295,8704,256001,1888100
1027,413,436,734882,8681,256437,2076800
1028,401,457,734481,8625,256894,1967900
1029,425,408,734056,8642,257302,1931300
1030,437,412,733619,8667,257714,1925500
1031,426,434,733193,8659,258148,1910200
1032,398,409,732795,8648,258557,2016200
1033,445,412,732350,8681,258969,1937800
1034,398,444,731952,8635,259413,1917700
1035,438,407,731514,8666,259820,1967800
1036,445,394,731069,8717,260214,1966600
1037,407,467,730662,8657,260681,1897200
1038,464,436,730198,8685,261117,1975200
1039,406,396,729792,8695,261513,1839300
1040,446,429,729346,8712,261942,1897700
1041,441,452,728905,8701,262394,1867200
1042,425,466,728480,8660,262860,1916200
1043,419,450,728061,8629,263310,1951900
1044,414,459,727647,8584,263769,1900000
1045,411,438,727236,8557,264207,1881200
1046,424,436,726812,8545,264643,1834400
1047,414,443,726398,8516,265086,2005500
1048,428,423,725970,8521,265509,1763100
1049,429,433,725541,8517,265942,1836500
1050,395,411,725146,8501,266353,1912400
1051,410,394,724736,8517,266747,1959900
1052,404,406,724332,8515,267153,2117000
1053,447,448,723885,8514,267601,1946500
1054,425,413,723460,8526,268014,1839000
1055,442,437,723018,8531,268451,1890200
1056,442,435,722576,8538,268886,1960400
1057,454,398,722122,8594,269284,2092700
1058,453,444,721669,8603,269728,2161200
1059,462,447,721207,8618,270175,1963700
1060,457,452,720750,8623,270627,2032700
1061,495,418,720255,8700,271045,2124100
1062,458,429,719797,8729,271474,1838300
1063,446,420,719351,8755,271894,1873900
1064,499,464,718852,8790,272358,1944900
1065,460,442,718392,8808,272800,2024700
1066,438,467,717954,8779,273267,1997400
1067,490,427,717464,8842,273694,2161000
1068,451,454,717013,8839,274148,1976700
1069,431,431,716582,8839,274579,1955500
1070,428,448,716154,8819,275027,1937000
1071,442,440,715712,8821,275467,1925100
1072,458,442,715254,8837,275909,1946300
1073,462,428,714792,8871,276337,2054900
1074,478,435,714314,8914,276772,1827900
1075,428,418,713886,8924,277190,1952700
1076,470,443,713416,8951,277633,1911400
1077,459,476,712957,8934,278109,1875800
1078,449,459,712508,8924,278568,1890000
1079,465,434,712043,8955,279002,1807700
1080,427,422,711616,8960,279424,1808800
1081,462,493,711154,8929,279917,1905100
1082,432,439,710722,8922,280356,1948300
1083,440,452,710282,8910,280808,1852900
1084,459,417,709823,8952,281225,1947000
1085,444,437,709379,8959,281662,1937200
1086,411,442,708968,8928,282104,1913700
1087,461,457,708507,8932,282561,1917000
1088,438,474,708069,8896,283035,1894200
1089,412,452,707657,8856,283487,2049500
1090,426,451,707231,8831,283938,1962000
1091,464,454,706767,8841,284392,1863500
1092,396,439,706371,8798,284831,1870500
1093,434,457,705937,8775,285288,1843900
1094,476,427,705461,8824,285715,1797600
1095,480,433,704981,8871,286148,1930700
1096,454,440,704527,8885,286588,1909000
1097,440,434,704087,8891,287022,1799300
1098,476,482,703611,8885,287504,1999600
1099,480,410,703131,8955,287914,1843200
1100,470,432,702661,8993,288346,1828100
1101,451,428,702210,9016,288774,1829000
1102,471,416,701739,9071,289190,1865000
1103,495,413,701244,9153,289603,2010400
1104,513,433,700731,9233,290036,1843000
1105,476,444,700255,9265,290480,1931700
1106,485,483,699770,9267,290963,1867900
1107,496,481,699274,9282,291444,1907300
1108,479,505,698795,9256,291949,2204000
1109,470,446,698325,9280,292395,1929200
1110,504,483,697821,9301,292878,1947700
1111,490,461,697331,9330,293339,1915000
1112,452,445,696879,9337,293784,1877100
1113,494,467,696385,9364,294251,2235200
1114,476,416,695909,9424,294667,2131000
1115,458,455,695451,9427,295122,2114200
1116,437,491,695014,9373,295613,2125800
1117,454,480,694560,9347,296093,2030300
1118,467,477,694093,9337,296570,2131700
1119,417,471,693676,9283,297041,1863300
1120,481,478,693195,9286,297519,1844600
1121,480,472,692715,9294,297991,1923600
1122,424,446,692291,9272,298437,1881100
1123,414,453,691877,9233,298890,1955400
1124,446,449,691431,9230,299339,2139300
1125,432,479,690999,9183,299818,1959100
1126,474,440,690525,9217,300258,1925000
1127,472,478,690053,9211,300736,1985600
1128,515,450,689538,9276,301186,2116900
1129,459,476,689079,9259,301662,1962800
1130,445,474,688634,9230,302136,1830400
1131,448,480,688186,9198,302616,1920100
1132,458,425,687728,9231,303041,1928500
1133,464,446,687264,9249,303487,1927200
1134,425,466,686839,9208,303953,1888000
1135,484,454,686355,9238,304407,1872500
1136,467,445,685888,9260,304852,1873900
1137,461,436,685427,9285,305288,1945500
1138,485,472,684942,9298,305760,1834700
1139,466,451,684476,9313,306211,1859500
1140,453,465,684023,9301,306676,1947200
1141,479,428,683544,9352,307104,1903700
1142,479,441,683065,9390,307545,1905000
1143,445,467,682620,9368,308012,1912900
1144,461,449,682159,9380,308461,1997000
1145,479,466,681680,9393,308927,1909300
1146,465,467,681215,9391,309394,1891000
1147,455,450,680760,9396,309844,1861800
1148,454,480,680306,9370,310324,1822000
1149,486,459,679820,9397,310783,1820300
1150,481,479,679339,9399,311262,1913500
1151,453,471,678886,9381,311733,1855600
1152,498,477,678388,9402,312210,1929600
1153,462,452,677926,9412,312662,2117300
1154,520,460,677406,9472,313122,2042800
1155,438,462,676968,9448,313584,1933700
1156,421,490,676547,9379,314074,1934100
1157,433,464,676114,9348,314538,2030800
1158,447,450,675667,9345,314988,1979800
1159,468,489,675199,9324,315477,1897300
1160,467,480,674732,9311,315957,1879700
1161,469,484,674263,9296,316441,2048100
1162,456,468,673807,9284,316909,1925300
1163,463,472,673344,9275,317381,1920600
1164,474,491,672870,9258,317872,1860900
1165,439,461,672431,9236,318333,1809800
1166,474,477,671957,9233,318810,2000200
1167,423,473,671534,9183,319283,1825300
1168,469,480,671065,9172,319763,1813500
1169,477,454,670588,9195,320217,2044000
1170,487,471,670101,9211,320688,1956500
1171,481,488,669620,9204,321176,2266600
1172,494,461,669126,9237,321637,8050300
1173,429,513,668697,9153,322150,2295600
1174,503,468,668194,9188,322618,2337200
1175,450,469,667744,9169,323087,2098200
1176,458,465,667286,9162,323552,2042600
1177,464,486,666822,9140,324038,1958200
1178,484,429,666338,9195,324467,1905500
1179,408,471,665930,9132,324938,1960000
1180,445,469,665485,9108,325407,2098600
1181,478,466,665007,9120,325873,2008400
1182,454,490,664553,9084,326363,2019600
1183,488,431,664065,9141,326794,1936300
1184,493,470,663572,9164,327264,1998700
1185,482,441,663090,9205,327705,2127900
1186,466,465,662624,9206,328170,2136400
1187,474,474,662150,9206,328644,2135000
1188,474,455,661676,9225,329099,2088900
1189,470,456,661206,9239,329555,2064600
1190,469,433,660737,9275,329988,2343400
1191,453,474,660284,9254,330462,1964600
1192,469,459,659815,9264,330921,1977400
1193,466,457,659349,9273,331378,1942900
1194,459,468,658890,9264,331846,1947900
1195,468,458,658422,9274,332304,1980600
1196,458,481,657964,9251,332785,2162600
1197,477,471,657487,9257,333256,1968000
1198,477,483,657010,9251,333739,1890200
1199,463,453,656547,9261,334192,1944700
1200,457,478,656090,9240,334670,1965500
1201,464,446,655626,9258,335116,1972400
1202,438,471,655188,9225,335587,1888500
1203,432,468,654756,9189,336055,1941400
1204,454,441,654302,9202,336496,2085100
1205,460,453,653842,9209,336949,1947000
1206,450,465,653392,9194,337414,1983100
1207,462,449,652930,9207,337863,1954700
1208,461,492,652469,9176,338355,1944400
1209,466,492,652003,9150,338847,1910400
1210,451,466,651552,9135,339313,2155000
1211,487,493,651065,9129,339806,2031400
1212,432,438,650633,9123,340244,1903200
1213,448,457,650185,9114,340701,1941000
1214,436,436,649749,9114,341137,1933700
1215,424,454,649325,9084,341591,1864600
1216,423,471,648902,9036,342062,2223200
1217,424,446,648478,9014,342508,1918800
1218,428,459,648050,8983,342967,1900700
1219,396,455,647654,8924,343422,2306200
1220,442,445,647212,8921,343867,2168200
1221,404,457,646808,8868,344324,2136400
1222,417,450,646391,8835,344774,2142400
1223,449,477,645942,8807,345251,1904300
1224,448,437,645494,8818,345688,2095300
1225,422,443,645072,8797,346131,1892000
1226,459,433,644613,8823,346564,1887900
1227,453,433,644160,8843,346997,1913600
1228,416,429,643744,8830,347426,1946700
1229,450,449,643294,8831,347875,1935200
1230,448,449,642846,8830,348324,1971000
1231,457,467,642389,8820,348791,1907500
1232,472,388,641917,8904,349179,2075900
1233,450,479,641467,8875,349658,2137400
1234,465,442,641002,8898,350100,2232700
1235,434,451,640568,8881,350551,2227800
1236,427,423,640141,8885,350974,2027300
1237,423,460,639718,8848,351434,2084300
1238,428,460,639290,8816,351894,1956300
1239,438,460,638852,8794,352354,1924800
1240,440,435,638412,8799,352789,2005900
1241,430,445,637982,8784,353234,1881200
1242,443,408,637539,8819,353642,1874200
1243,414,430,637125,8803,354072,1868900
1244,460,432,636665,8831,354504,1875700
1245,427,442,636238,8816,354946,2050200
1246,412,463,635826,8765,355409,1909200
1247,406,439,635420,8732,355848,1851700
1248,466,437,634954,8761,356285,1940000
1249,474,459,634480,8776,356744,1923600
1250,429,454,634051,8751,357198,1978700
1251,453,434,633598,8770,357632,2072400
1252,439,453,633159,8756,358085,1947000
1253,461,452,632698,8765,358537,1977300
1254,439,417,632259,8787,358954,1947100
1255,438,455,631821,8770,359409,1947500
1256,451,470,631370,8751,359879,1873600
1257,433,413,630937,8771,360292,2106600
1258,398,418,630539,8751,360710,1981200
1259,430,392,630109,8789,361102,2022400
1260,466,439,629643,8816,361541,2008900
1261,468,409,629175,8875,361950,1988400
1262,433,458,628742,8850,362408,1948200
1263,438,442,628304,8846,362850,2086500
1264,438,424,627866,8860,363274,1923200
1265,424,455,627442,8829,363729,1969400
1266,473,447,626969,8855,364176,2219300
1267,472,408,626497,8919,364584,2141000
1268,424,465,626073,8878,365049,1994800
1269,432,449,625641,8861,365498,1934400
1270,423,475,625218,8809,365973,2036700
1271,421,438,624797,8792,366411,2006300
1272,422,443,624375,8771,366854,1930800
1273,457,425,623918,8803,367279,1916000
1274,481,443,623437,8841,367722,1968300
1275,450,465,622987,8826,368187,1910600
1276,492,465,622495,8853,368652,1924300
1277,465,430,622030,8888,369082,2051200
1278,448,440,621582,8896,369522,1930500
1279,470,437,621112,8929,369959,1940400
1280,445,442,620667,8932,370401,1940900
1281,474,460,620193,8946,370861,1885700
1282,442,480,619751,8908,371341,1852600
1283,471,469,619280,8910,371810,1864500
1284,476,432,618804,8954,372242,1865700
1285,473,409,618331,9018,372651,1872900
1286,448,418,617883,9048,373069,1887900
1287,444,474,617439,9018,373543,1957200
1288,403,460,617036,8961,374003,1956400
1289,459,441,616577,8979,374444,1986900
1290,441,442,616136,8978,374886,2075200
1291,471,457,615665,8992,375343,1942000
1292,456,441,615209,9007,375784,1862200
1293,471,455,614738,9023,376239,1933400
1294,446,417,614292,9052,376656,1915900
1295,463,440,613829,9075,377096,1904400
1296,434,449,613395,9060,377545,1896600
1297,469,445,612926,9084,377990,1923300
1298,469,430,612457,9123,378420,2055000
1299,454,488,612003,9089,378908,1861300
1300,454,438,611549,9105,379346,1865400
1301,462,465,611087,9102,379811,1872300
1302,461,445,610626,9118,380256,1874100
1303,428,469,610198,9077,380725,1869600
1304,442,464,609756,9055,381189,1965700
1305,451,437,609305,9069,381626,1891300
1306,439,458,608866,9050,382084,1975100
1307,443,456,608423,9037,382540,1961800
1308,431,455,607992,9013,382995,1923400
1309,442,447,607550,9008,383442,1911100
1310,501,453,607049,9056,383895,1950300
1311,452,458,606597,9050,384353,2097000
1312,441,444,606156,9047,384797,2004500
1313,458,472,605698,9033,385269,2017600
1314,456,487,605242,9002,385756,2206200
1315,454,458,604788,8998,386214,2052500
1316,429,438,604359,8989,386652,1976200
1317,410,490,603949,8909,387142,1951400
1318,424,449,603525,8884,387591,1920200
1319,448,422,603077,8910,388013,1980800
1320,424,440,602653,8894,388453,1908200
1321,427,454,602226,8867,388907,1926400
1322,423,404,601803,8886,389311,1950900
1323,420,448,601383,8858,389759,1920600
1324,447,438,600936,8867,390197,1895300
1325,402,451,600534,8818,390648,1870300
1326,412,441,600122,8789,391089,2036600
1327,403,493,599719,8699,391582,1874700
1328,410,453,599309,8656,392035,1890300
1329,403,404,598906,8655,392439,2092200
1330,430,448,598476,8637,392887,1875500
1331,450,426,598026,8661,393313,1872200
1332,432,415,597594,8678,393728,1942300
1333,416,429,597178,8665,394157,1890800
1334,372,450,596806,8587,394607,1915400
1335,422,417,596384,8592,395024,1917800
1336,408,418,595976,8582,395442,1927600
1337,417,449,595559,8550,395891,1889000
1338,426,402,595133,8574,396293,1881100
1339,437,462,594696,8549,396755,1900200
1340,403,430,594293,8522,397185,1786700
1341,428,398,593865,8552,397583,1774700
1342,413,453,593452,8512,398036,1874600
1343,414,394,593038,8532,398430,1902900
1344,418,412,592620,8538,398842,1981000
1345,421,424,592199,8535,399266,1915000
1346,423,383,591776,8575,399649,1995100
1347,402,435,591374,8542,400084,1892600
1348,410,446,590964,8506,400530,2030700
1349,431,445,590533,8492,400975,1921000
1350,447,406,590086,8533,401381,1883500
1351,442,452,589644,8523,401833,1873900
1352,458,409,589186,8572,402242,1879900
1353,414,421,588772,8565,402663,1847400
1354,456,402,588316,8619,403065,1986600
1355,403,443,587913,8579,403508,1932600
1356,398,460,587515,8517,403968,1988800
1357,403,437,587112,8483,404405,1870400
1358,415,415,586697,8483,404820,1926800
1359,408,413,586289,8478,405233,1853800
1360,432,387,585857,8523,405620,1927000
1361,449,440,585408,8532,406060,2110800
1362,474,447,584934,8559,406507,1942700
1363,434,454,584500,8539,406961,2000200
1364,450,396,584050,8593,407357,1927400
1365,435,413,583615,8615,407770,1890600
1366,441,400,583174,8656,408170,2002300
1367,440,427,582734,8669,408597,1910200
1368,459,452,582275,8676,409049,1975900
1369,435,422,581840,8689,409471,2047200
1370,450,440,581390,8699,409911,1905800
1371,414,441,580976,8672,410352,1971400
1372,462,473,580514,8661,410825,1853700
1373,443,412,580071,8692,411237,2071900
1374,419,403,579652,8708,411640,1877600
1375,433,452,579219,8689,412092,1891800
1376,430,437,578789,8682,412529,1861100
1377,394,460,578395,8616,412989,2110600
1378,398,418,577997,8596,413407,1938300
1379,434,415,577563,8615,413822,1767100
1380,430,420,577133,8625,414242,1940100
1381,474,413,576659,8686,414655,1903000
1382,410,429,576249,8667,415084,1879200
1383,426,407,575823,8686,415491,1961400
1384,425,453,575398,8658,415944,1993000
1385,415,415,574983,8658,416359,2033100
1386,409,474,574574,8593,416833,1984500
1387,418,419,574156,8592,417252,1912200
1388,436,403,573720,8625,417655,2046100
1389,401,441,573319,8585,418096,1922100
1390,446,398,572873,8633,418494,2050900
1391,433,463,572440,8603,418957,2158900
1392,408,440,572032,8571,419397,1953200
1393,414,457,571618,8528,419854,1993600
1394,400,390,571218,8538,420244,1876300
1395,407,430,570811,8515,420674,1856400
1396,456,435,570355,8536,421109,1903300
1397,413,452,569942,8497,421561,1774500
1398,425,402,569517,8520,421963,1788300
1399,379,427,569138,8472,422390,1934900
1400,453,465,568685,8460,422855,1924700
1401,406,447,568279,8419,423302,1937700
1402,412,432,567867,8399,423734,1804000
1403,399,398,567468,8400,424132,2024100
1404,415,405,567053,8410,424537,1908400
1405,439,428,566614,8421,424965,1866600
1406,421,430,566193,8412,425395,1864400
1407,402,403,565791,8411,425798,1951700
1408,398,387,565393,8422,426185,1767000
1409,439,415,564954,8446,426600,1917400
1410,428,367,564526,8507,426967,1798600
1411,429,427,564097,8509,427394,1878100
1412,454,428,563643,8535,427822,1810800
1413,428,411,563215,8552,428233,1774200
1414,418,385,562797,8585,428618,1979000
1415,431,408,562366,8608,429026,1884000
1416,465,439,561901,8634,429465,1836100
1417,427,437,561474,8624,429902,1932300
1418,389,408,561085,8605,430310,1804500
1419,457,454,560628,8608,430764,1883000
1420,433,433,560195,8608,431197,1883200
1421,431,427,559764,8612,431624,1856300
1422,412,433,559352,8591,432057,1760000
1423,441,396,558911,8636,432453,1796800
1424,445,440,558466,8641,432893,1886900
1425,430,447,558036,8624,433340,1897600
1426,426,427,557610,8623,433767,1967600
1427,441,413,557169,8651,434180,1926000
1428,450,477,556719,8624,434657,2113000
1429,447,445,556272,8626,435102,1923300
1430,408,421,555864,8613,435523,1853300
1431,428,460,555436,8581,435983,2002000
1432,390,428,555046,8543,436411,2005600
1433,447,461,554599,8529,436872,1912700
1434,418,418,554181,8529,437290,1866100
1435,455,443,553726,8541,437733,1873500
1436,430,437,553296,8534,438170,1905000
1437,402,409,552894,8527,438579,1959700
1438,428,427,552466,8528,439006,1849700
1439,429,454,552037,8503,439460,1919100
1440,426,439,551611,8490,439899,1854700
1441,434,410,551177,8514,440309,1884100
1442,392,422,550785,8484,440731,1874300
1443,431,424,550354,8491,441155,1881600
1444,426,420,549928,8497,441575,1851700
1445,449,417,549479,8529,441992,1837300
1446,463,400,549016,8592,442392,1862100
1447,445,455,548571,8582,442847,1899900
1448,486,420,548085,8648,443267,1945700
1449,421,422,547664,8647,443689,1906800
1450,455,424,547209,8678,444113,1872400
1451,444,464,546765,8658,444577,1823700
1452,414,391,546351,8681,444968,1853900
1453,441,449,545910,8673,445417,1768000
1454,421,408,545489,8686,445825,1864200
1455,432,449,545057,8669,446274,1920000
1456,410,442,544647,8637,446716,1961000
1457,434,437,544213,8634,447153,1919400
1458,438,398,543775,8674,447551,1885100
1459,432,425,543343,8681,447976,2021300
1460,399,435,542944,8645,448411,2142100
1461,396,424,542548,8617,448835,1914700
1462,424,428,542124,8613,449263,1900300
1463,402,440,541722,8575,449703,1866800
1464,423,453,541299,8545,450156,1852100
1465,449,441,540850,8553,450597,1846600
1466,419,410,540431,8562,451007,1985300
1467,441,433,539990,8570,451440,1888300
1468,447,415,539543,8602,451855,1800000
1469,445,458,539098,8589,452313,1915700
1470,428,409,538670,8608,452722,1887500
1471,420,425,538250,8603,453147,1872300
1472,422,440,537828,8585,453587,1912600
1473,456,404,537372,8637,453991,1807600
1474,456,411,536916,8682,454402,1885200
1475,431,447,536485,8666,454849,2104300
1476,401,440,536084,8627,455289,1878800
1477,385,475,535699,8537,455764,1874400
1478,400,494,535299,8443,456258,1803600
1479,384,433,534915,8394,456691,2113000
1480,425,452,534490,8367,457143,1923000
1481,395,402,534095,8360,457545,1847700
1482,407,408,533688,8359,457953,1847400
1483,397,405,533291,8351,458358,1871100
1484,443,393,532848,8401,458751,1811600
1485,416,441,532432,8376,459192,1812200
1486,418,399,532014,8395,459591,2079000
1487,447,438,531567,8404,460029,1857200
1488,379,462,531188,8321,460491,1848100
1489,387,433,530801,8275,460924,1892200
1490,409,387,530392,8297,461311,1881200
1491,399,403,529993,8293,461714,1906900
1492,404,421,529589,8276,462135,1931800
1493,408,420,529181,8264,462555,1886500
1494,402,390,528779,8276,462945,1913900
1495,412,435,528367,8253,463380,1821800
1496,398,435,527969,8216,463815,1894000
1497,404,421,527565,8199,464236,1859000
1498,416,383,527149,8232,464619,2058800
1499,398,433,526751,8197,465052,1879500
1500,407,403,526344,8201,465455,2067300
1501,392,405,525952,8188,465860,2192700
1502,397,403,525555,8182,466263,1904200
1503,396,394,525159,8184,466657,1879500
1504,420,431,524739,8173,467088,1871000
1505,395,405,524344,8163,467493,1932200
1506,419,407,523925,8175,467900,1849000
1507,430,402,523495,8203,468302,2118500
1508,428,416,523067,8215,468718,2052900
1509,433,411,522634,8237,469129,1915500
1510,420,388,522214,8269,469517,1979000
1511,404,415,521810,8258,469932,2026800
1512,428,382,521382,8304,470314,1976200
1513,484,422,520898,8366,470736,2185500
1514,416,422,520482,8360,471158,1924000
1515,429,424,520053,8365,471582,1973800
1516,391,423,519662,8333,472005,1943300
1517,419,437,519243,8315,472442,1932000
1518,432,415,518811,8332,472857,1876100
1519,424,396,518387,8360,473253,1922800
1520,400,418,517987,8342,473671,1909700
1521,415,387,517572,8370,474058,1908200
1522,380,398,517192,8352,474456,1891400
1523,436,431,516756,8357,474887,1845700
1524,401,408,516355,8350,475295,1786000
1525,429,409,515926,8370,475704,1788300
1526,432,400,515494,8402,476104,1896000
1527,390,377,515104,8415,476481,1883500
1528,416,418,514688,8413,476899,2333400
1529,410,427,514278,8396,477326,2223800
1530,404,413,513874,8387,477739,1947300
1531,413,403,513461,8397,478142,2044500
1532,409,437,513052,8369,478579,1904300
1533,394,416,512658,8347,478995,1867400
1534,439,406,512219,8380,479401,1798600
1535,410,405,511809,8385,479806,1901900
1536,434,417,511375,8402,480223,1886600
1537,491,416,510884,8477,480639,1870900
1538,396,392,510488,8481,481031,1844200
1539,444,446,510044,8479,481477,1848600
1540,437,417,509607,8499,481894,1781400
1541,428,419,509179,8508,482313,1802500
1542,436,442,508743,8502,482755,1906500
1543,421,450,508322,8473,483205,1903200
1544,425,420,507897,8478,483625,1846300
1545,460,420,507437,8518,484045,1846100
1546,443,440,506994,8521,484485,1877900
1547,466,392,506528,8595,484877,1863400
1548,426,486,506102,8535,485363,1878600
1549,426,415,505676,8546,485778,1881700
1550,432,434,505244,8544,486212,1903000
1551,417,441,504827,8520,486653,2214400
1552,448,421,504379,8547,487074,2109000
1553,418,447,503961,8518,487521,2048300
1554,436,432,503525,8522,487953,1910300
1555,417,418,503108,8521,488371,1973100
1556,428,389,502680,8560,488760,1902100
1557,456,421,502224,8595,489181,1927900
1558,441,386,501783,8650,489567,1912600
1559,432,455,501351,8627,490022,1969700
1560,446,417,500905,8656,490439,1968400
1561,437,460,500468,8633,490899,1914300
1562,444,422,500024,8655,491321,2106300
1563,404,421,499620,8638,491742,1952900
1564,449,453,499171,8634,492195,1954800
1565,465,453,498706,8646,492648,1898600
1566,481,435,498225,8692,493083,1904000
1567,413,451,497812,8654,493534,1855000
1568,443,414,497369,8683,493948,2012600
1569,429,423,496940,8689,494371,1990300
1570,477,442,496463,8724,494813,1855800
1571,455,450,496008,8729,495263,1982300
1572,408,427,495600,8710,495690,1853100
1573,404,452,495196,8662,496142,1871900
1574,450,456,494746,8656,496598,1918000
1575,388,470,494358,8574,497068,2282100
1576,436,413,493922,8597,497481,1986200
1577,472,436,493450,8633,497917,1960800
1578,400,409,493050,8624,498326,1949700
1579,421,450,492629,8595,498776,1897600
1580,453,466,492176,8582,499242,1885500
1581,432,440,491744,8574,499682,2042300
1582,448,448,491296,8574,500130,1906700
1583,413,417,490883,8570,500547,1852300
1584,422,463,490461,8529,501010,1890900
1585,406,401,490055,8534,501411,1933700
1586,414,428,489641,8520,501839,1871400
1587,411,459,489230,8472,502298,1938100
1588,413,414,488817,8471,502712,2033300
1589,409,444,488408,8436,503156,1868900
1590,401,419,488007,8418,503575,1853600
1591,443,405,487564,8456,503980,1847600
1592,430,389,487134,8497,504369,1825500
1593,406,437,486728,8466,504806,1904400
1594,395,434,486333,8427,505240,1896500
1595,423,395,485910,8455,505635,1914500
1596,426,428,485484,8453,506063,1889800
1597,436,411,485048,8478,506474,1855300
1598,431,436,484617,8473,506910,1920100
1599,423,412,484194,8484,507322,1934200
1600,430,432,483764,8482,507754,1900600
1601,365,410,483399,8437,508164,1858100
1602,408,439,482991,8406,508603,1865500
1603,387,445,482604,8348,509048,1866900
1604,384,437,482220,8295,509485,1942500
1605,410,388,481810,8317,509873,1971800
1606,372,435,481438,8254,510308,1943700
1607,409,440,481029,8223,510748,1867200
1608,400,391,480629,8232,511139,1897600
1609,397,379,480232,8250,511518,1861000
1610,402,421,479830,8231,511939,1749800
1611,418,398,479412,8251,512337,2253600
1612,389,375,479023,8265,512712,1826000
1613,422,432,478601,8255,513144,1800800
1614,412,439,478189,8228,513583,1878200
1615,383,423,477806,8188,514006,1878300
1616,401,393,477405,8196,514399,1881500
1617,431,427,476974,8200,514826,1843700
1618,419,406,476555,8213,515232,1885900
1619,383,393,476172,8203,515625,1855600
1620,391,417,475781,8177,516042,1843000
1621,420,413,475361,8184,516455,1847600
1622,400,398,474961,8186,516853,1895300
1623,402,458,474559,8130,517311,1813100
1624,360,437,474199,8053,517748,1992100
1625,363,390,473836,8026,518138,1923100
1626,384,390,473452,8020,518528,1855000
1627,419,423,473033,8016,518951,1860800
1628,353,415,472680,7954,519366,1793500
1629,419,392,472261,7981,519758,1816200
1630,393,407,471868,7967,520165,1910900
1631,388,436,471480,7919,520601,1895200
1632,391,423,471089,7887,521024,1903800
1633,379,413,470710,7853,521437,1917300
1634,377,353,470333,7877,521790,1902400
1635,414,421,469919,7870,522211,1927400
1636,406,418,469513,7858,522629,1847400
1637,375,421,469138,7812,523050,1864800
1638,435,367,468703,7880,523417,1750900
1639,399,345,468304,7934,523762,1804600
1640,392,399,467912,7927,524161,1936500
1641,362,401,467550,7888,524562,1904300
1642,397,403,467153,7882,524965,1843800
1643,409,428,466744,7863,525393,1787700
1644,413,394,466331,7882,525787,1967900
1645,388,424,465943,7846,526211,1847100
1646,394,394,465549,7846,526605,1838400
1647,415,351,465134,7910,526956,1880900
1648,371,354,464763,7927,527310,1881700
1649,375,359,464388,7943,527669,1824800
1650,435,411,463953,7967,528080,1816300
1651,419,414,463534,7972,528494,1858300
1652,414,396,463120,7990,528890,1976900
1653,451,364,462669,8077,529254,1903400
1654,411,416,462258,8072,529670,1792300
1655,396,416,461862,8052,530086,1883000
1656,401,387,461461,8066,530473,2027300
1657,437,364,461024,8139,530837,1890700
1658,403,414,460621,8128,531251,1863400
1659,396,398,460225,8126,531649,1874100
1660,408,402,459817,8132,532051,1806800
1661,414,393,459403,8153,532444,1870800
1662,414,400,458989,8167,532844,1858400
1663,375,384,458614,8158,533228,1842200
1664,386,391,458228,8153,533619,1976800
1665,410,439,457818,8124,534058,1862000
1666,436,429,457382,8131,534487,1844900
1667,365,396,457017,8100,534883,1853600
1668,423,417,456594,8106,535300,1858600
1669,408,392,456186,8122,535692,2505600
1670,416,402,455770,8136,536094,2178200
1671,409,393,455361,8152,536487,2077300
1672,376,388,454985,8140,536875,2153300
1673,368,420,454617,8088,537295,2354900
1674,400,375,454217,8113,537670,1913100
1675,383,380,453834,8116,538050,1903600
1676,418,396,453416,8138,538446,2187700
1677,410,368,453006,8180,538814,1893700
1678,391,462,452615,8109,539276,2023700
1679,377,378,452238,8108,539654,1982400
1680,419,416,451819,8111,540070,1959500
1681,403,413,451416,8101,540483,1921000
1682,404,386,451012,8119,540869,2001600
1683,388,397,450624,8110,541266,1904500
1684,385,424,450239,8071,541690,2280300
1685,409,399,449830,8081,542089,1918500
1686,406,396,449424,8091,542485,1871400
1687,439,392,448985,8138,542877,1898100
1688,389,410,448596,8117,543287,1808800
1689,432,400,448164,8149,543687,2057000
1690,432,418,447732,8163,544105,1926600
1691,418,414,447314,8167,544519,1846300
1692,420,398,446894,8189,544917,2054400
1693,429,418,446465,8200,545335,2042100
1694,429,358,446036,8271,545693,2064500
1695,418,417,445618,8272,546110,1900200
1696,412,415,445206,8269,546525,1878200
1697,407,422,444799,8254,546947,1896900
1698,451,397,444348,8308,547344,1934900
1699,413,382,443935,8339,547726,1972100
1700,429,384,443506,8384,548110,1933300
1701,439,403,443067,8420,548513,1951500
1702,404,420,442663,8404,548933,2002700
1703,430,395,442233,8439,549328,1994300
1704,440,418,441793,8461,549746,1923300
1705,420,438,441373,8443,550184,1891100
1706,430,418,440943,8455,550602,1884100
1707,424,436,440519,8443,551038,1904300
1708,400,449,440119,8394,551487,1888500
1709,435,438,439684,8391,551925,1810600
1710,442,429,439242,8404,552354,1816200
1711,427,436,438815,8395,552790,1886300
1712,440,432,438375,8403,553222,1948700
1713,417,422,437958,8398,553644,1885200
1714,409,403,437549,8404,554047,1937900
1715,444,443,437105,8405,554490,1955700
1716,412,432,436693,8385,554922,1897800
1717,456,409,436237,8432,555331,1891800
1718,442,424,435795,8450,555755,1843900
1719,406,397,435389,8459,556152,1856900
1720,409,415,434980,8453,556567,1842200
1721,416,444,434564,8425,557011,1866600
1722,449,409,434115,8465,557420,1880400
1723,424,410,433691,8479,557830,1876600
1724,405,447,433286,8437,558277,1933800
1725,422,431,432864,8428,558708,1880100
1726,413,394,432451,8447,559102,1854400
1727,410,410,432041,8447,559512,1796300
1728,403,393,431638,8457,559905,1818000
1729,410,395,431228,8472,560300,1854900
1730,427,418,430801,8481,560718,1877900
1731,418,439,430383,8460,561157,1854600
1732,454,408,429929,8506,561565,1974100
1733,399,449,429530,8456,562014,1896400
1734,423,447,429107,8432,562461,1810300
1735,440,414,428667,8458,562875,1815700
1736,410,430,428257,8438,563305,1854500
1737,405,450,427852,8393,563755,1904200
1738,414,412,427438,8395,564167,2017300
1739,414,415,427024,8394,564582,1857300
1740,400,406,426624,8388,564988,1893300
1741,415,449,426209,8354,565437,1899100
1742,429,395,425780,8388,565832,1909000
1743,421,418,425359,8391,566250,1831100
1744,399,408,424960,8382,566658,1852700
1745,404,407,424556,8379,567065,1846300
1746,349,416,424207,8312,567481,1872400
1747,420,432,423787,8300,567913,2070700
1748,386,405,423401,8281,568318,2071300
1749,413,425,422988,8269,568743,1908800
1750,407,452,422581,8224,569195,1881000
1751,396,394,422185,8226,569589,1955500
1752,395,426,421790,8195,570015,1836900
1753,381,422,421409,8154,570437,1938500
1754,396,412,421013,8138,570849,1954100
1755,390,415,420623,8113,571264,1948700
1756,410,390,420213,8133,571654,1853800
1757,415,425,419798,8123,572079,1904000
1758,409,419,419389,8113,572498,1888400
1759,425,400,418964,8138,572898,1839200
1760,428,393,418536,8173,573291,1912800
1761,405,391,418131,8187,573682,1819700
1762,407,398,417724,8196,574080,1998000
1763,433,413,417291,8216,574493,2016200
1764,418,405,416873,8229,574898,2035700
1765,415,389,416458,8255,575287,1874200
1766,419,426,416039,8248,575713,1940900
1767,417,418,415622,8247,576131,1991700
1768,425,395,415197,8277,576526,2087400
1769,386,401,414811,8262,576927,1912200
1770,406,396,414405,8272,577323,1949200
1771,404,428,414001,8248,577751,1926800
1772,384,394,413617,8238,578145,2192700
1773,380,434,413237,8184,578579,1946800
1774,397,416,412840,8165,578995,2027100
1775,405,404,412435,8166,579399,1984600
1776,436,414,411999,8188,579813,2068800
1777,407,414,411592,8181,580227,2129500
1778,388,396,411204,8173,580623,1900200
1779,393,403,410811,8163,581026,1916600
1780,446,385,410365,8224,581411,1901800
1781,388,394,409977,8218,581805,2093600
1782,398,396,409579,8220,582201,1938400
1783,437,391,409142,8266,582592,1942000
1784,446,401,408696,8311,582993,1880200
1785,413,408,408283,8316,583401,2002800
1786,424,393,407859,8347,583794,1989500
1787,435,417,407424,8365,584211,1952600
1788,442,457,406982,8350,584668,1943200
1789,435,416,406547,8369,585084,1946500
1790,426,419,406121,8376,585503,1880300
1791,416,422,405705,8370,585925,1917200
1792,450,446,405255,8374,586371,1879300
1793,431,442,404824,8363,586813,1897600
1794,372,445,404452,8290,587258,1847100
1795,441,402,404011,8329,587660,2184100
1796,427,430,403584,8326,588090,1948400
1797,412,382,403172,8356,588472,1868700
1798,420,403,402752,8373,588875,1905300
1799,420,405,402332,8388,589280,1982900
1800,450,419,401882,8419,589699,1920400
1801,403,408,401479,8414,590107,1879900
1802,428,432,401051,8410,590539,1951700
1803,429,446,400622,8393,590985,1960200
1804,409,419,400213,8383,591404,1893800
1805,434,372,399779,8445,591776,1937300
1806,488,416,399291,8517,592192,2019000
1807,431,459,398860,8489,592651,1936100
1808,413,410,398447,8492,593061,2005600
1809,430,468,398017,8454,593529,1908300
1810,416,395,397601,8475,593924,1922600
1811,435,426,397166,8484,594350,2072900
1812,456,452,396710,8488,594802,1945900
1813,446,434,396264,8500,595236,2192900
1814,442,427,395822,8515,595663,2196900
1815,412,409,395410,8518,596072,2005100
1816,446,439,394964,8525,596511,1916400
1817,488,426,394476,8587,596937,1935600
1818,459,430,394017,8616,597367,1905200
1819,400,438,393617,8578,597805,2113500
1820,413,422,393204,8569,598227,2210200
1821,400,416,392804,8553,598643,1933500
1822,461,441,392343,8573,599084,1940700
1823,453,436,391890,8590,599520,2040700
1824,420,408,391470,8602,599928,1913700
1825,440,437,391030,8605,600365,1914100
1826,427,436,390603,8596,600801,1902200
1827,483,459,390120,8620,601260,1986900
1828,444,443,389676,8621,601703,1911100
1829,427,462,389249,8586,602165,1899900
1830,405,461,388844,8530,602626,1922700
1831,397,444,388447,8483,603070,1937000
1832,433,461,388014,8455,603531,1941900
1833,435,440,387579,8450,603971,2053100
1834,463,461,387116,8452,604432,2146700
1835,452,429,386664,8475,604861,2021300
1836,469,420,386195,8524,605281,1954600
1837,464,426,385731,8562,605707,1976000
1838,459,430,385272,8591,606137,2044400
1839,423,409,384849,8605,606546,2034000
1840,420,449,384429,8576,606995,2019900
1841,457,418,383972,8615,607413,1969800
1842,433,418,383539,8630,607831,2054600
1843,439,435,383100,8634,608266,1962200
1844,429,444,382671,8619,608710,2147200
1845,412,415,382259,8616,609125,1985500
1846,410,405,381849,8621,609530,1865700
1847,408,443,381441,8586,609973,1936000
1848,392,462,381049,8516,610435,1853200
1849,408,409,380641,8515,610844,2010200
1850,400,419,380241,8496,611263,1823800
1851,414,424,379827,8486,611687,1868900
1852,465,466,379362,8485,612153,1883400
1853,413,378,378949,8520,612531,2000200
1854,429,457,378520,8492,612988,1808100
1855,413,417,378107,8488,613405,1993200
1856,427,404,377680,8511,613809,1876800
1857,423,419,377257,8515,614228,1806000
1858,415,405,376842,8525,614633,2001100
1859,396,420,376446,8501,615053,2108700
1860,418,413,376028,8506,615466,1836200
1861,395,418,375633,8483,615884,1901800
1862,435,459,375198,8459,616343,2161800
1863,447,429,374751,8477,616772,1904400
1864,460,401,374291,8536,617173,1871800
1865,414,442,373877,8508,617615,1867200
1866,441,437,373436,8512,618052,1876400
1867,456,441,372980,8527,618493,1795400
1868,432,438,372548,8521,618931,1826400
1869,431,468,372117,8484,619399,1841000
1870,435,415,371682,8504,619814,1824600
1871,416,437,371266,8483,620251,2019700
1872,430,389,370836,8524,620640,2021400
1873,437,419,370399,8542,621059,2051000
1874,448,402,369951,8588,621461,1990000
1875,452,424,369499,8616,621885,1944600
1876,432,490,369067,8558,622375,1928000
1877,463,431,368604,8590,622806,1966200
1878,425,442,368179,8573,623248,1835400
1879,400,444,367779,8529,623692,1873300
1880,415,418,367364,8526,624110,1826700
1881,440,427,366924,8539,624537,2004800
1882,421,421,366503,8539,624958,1835900
1883,420,403,366083,8556,625361,1806000
1884,406,426,365677,8536,625787,1893800
1885,409,413,365268,8532,626200,1901800
1886,443,414,364825,8561,626614,1811900
1887,419,401,364406,8579,627015,2068500
1888,419,420,363987,8578,627435,1883100
1889,449,445,363538,8582,627880,1868500
1890,387,444,363151,8525,628324,1867800
1891,427,398,362724,8554,628722,1801000
1892,403,445,362321,8512,629167,1779800
1893,390,420,361931,8482,629587,2018300
1894,411,442,361520,8451,630029,2006200
1895,446,417,361074,8480,630446,1972000
1896,393,438,360681,8435,630884,1980700
1897,430,438,360251,8427,631322,1922400
1898,420,419,359831,8428,631741,1970200
1899,446,426,359385,8448,632167,1886900
1900,443,426,358942,8465,632593,1895000
1901,400,425,358542,8440,633018,2039000
1902,432,416,358110,8456,633434,1833200
1903,392,407,357718,8441,633841,1870900
1904,424,469,357294,8396,634310,1838800
1905,443,402,356851,8437,634712,1814400
1906,417,389,356434,8465,635101,1897300
1907,462,448,355972,8479,635549,1890700
1908,403,439,355569,8443,635988,2007200
1909,416,419,355153,8440,636407,1911700
1910,445,397,354708,8488,636804,2055900
1911,412,424,354296,8476,637228,1900700
1912,435,422,353861,8489,637650,1905500
1913,411,403,353450,8497,638053,1988600
1914,407,399,353043,8505,638452,1967400
1915,405,445,352638,8465,638897,1895700
1916,412,405,352226,8472,639302,1820700
1917,393,416,351833,8449,639718,1908800
1918,427,427,351406,8449,640145,1815200
1919,370,421,351036,8398,640566,1793700
1920,395,387,350641,8406,640953,1829600
1921,399,439,350242,8366,641392,1912000
1922,447,399,349795,8414,641791,1879500
1923,389,407,349406,8396,642198,1869200
1924,419,434,348987,8381,642632,1971700
1925,443,366,348544,8458,642998,1824500
1926,410,405,348134,8463,643403,1876000
1927,418,441,347716,8440,643844,1827200
1928,405,397,347311,8448,644241,1971800
1929,405,408,346906,8445,644649,1859700
1930,406,447,346500,8404,645096,2031100
1931,414,446,346086,8372,645542,1880400
1932,404,464,345682,8312,646006,1925400
1933,440,392,345242,8360,646398,2187300
1934,429,413,344813,8376,646811,1927600
1935,409,422,344404,8363,647233,1999000
1936,403,414,344001,8352,647647,1895400
1937,398,398,343603,8352,648045,1869800
1938,403,421,343200,8334,648466,1879300
1939,434,404,342766,8364,648870,1976500
1940,411,429,342355,8346,649299,1847000
1941,403,410,341952,8339,649709,1838100
1942,378,425,341574,8292,650134,2243400
1943,408,404,341166,8296,650538,2050400
1944,370,423,340796,8243,650961,1883200
1945,406,427,340390,8222,651388,1808800
1946,394,426,339996,8190,651814,1808200
1947,387,407,339609,8170,652221,1894500
1948,411,373,339198,8208,652594,1874300
1949,390,389,338808,8209,652983,1895600
1950,359,440,338449,8128,653423,1989000
1951,399,395,338050,8132,653818,1898400
1952,395,398,337655,8129,654216,1848700
1953,377,436,337278,8070,654652,1792700
1954,373,376,336905,8067,655028,1779700
1955,394,415,336511,8046,655443,1947400
1956,386,408,336125,8024,655851,1781900
1957,369,398,335756,7995,656249,1899800
1958,368,401,335388,7962,656650,2061500
1959,383,378,335005,7967,657028,2375100
1960,391,397,334614,7961,657425,2456300
1961,387,431,334227,7917,657856,1939700
1962,406,355,333821,7968,658211,1871200
1963,361,384,333460,7945,658595,1844000
1964,393,402,333067,7936,658997,1793700
1965,356,419,332711,7873,659416,2001400
1966,362,393,332349,7842,659809,1894200
1967,368,382,331981,7828,660191,1902600
1968,364,356,331617,7836,660547,1884300
1969,352,388,331265,7800,660935,1875500
1970,369,363,330896,7806,661298,1859300
1971,358,398,330538,7766,661696,1772000
1972,361,399,330177,7728,662095,1829500
1973,374,371,329803,7731,662466,1793300
1974,360,381,329443,7710,662847,1832800
1975,353,345,329090,7718,663192,2102500
1976,378,402,328712,7694,663594,1944700
1977,337,371,328375,7660,663965,1902100
1978,360,380,328015,7640,664345,1946100
1979,372,402,327643,7610,664747,1934800
1980,375,368,327268,7617,665115,1890200
1981,353,383,326915,7587,665498,1948300
1982,323,399,326592,7511,665897,1860700
1983,352,395,326240,7468,666292,1838700
1984,289,379,325951,7378,666671,1828800
1985,333,351,325618,7360,667022,1889300
1986,364,389,325254,7335,667411,1889100
1987,329,340,324925,7324,667751,1882200
1988,371,378,324554,7317,668129,1799600
1989,322,369,324232,7270,668498,1805600
1990,334,369,323898,7235,668867,1836700
1991,371,338,323527,7268,669205,1779600
1992,361,381,323166,7248,669586,1885700
1993,354,340,322812,7262,669926,1877700
1994,354,372,322458,7244,670298,1843700
1995,368,326,322090,7286,670624,1842900
1996,374,354,321716,7306,670978,1951300
1997,357,360,321359,7303,671338,1789700
1998,319,350,321040,7272,671688,1773000
1999,358,340,320682,7290,672028,1796000
2000,362,338,320320,7314,672366,1895000
2001,344,369,319976,7289,672735,1889700
2002,340,375,319636,7254,673110,1922800
2003,338,378,319298,7214,673488,1770500
2004,341,355,318957,7200,673843,1867100
2005,363,347,318594,7216,674190,1856400
2006,341,369,318253,7188,674559,1895700
2007,334,351,317919,7171,674910,1875700
2008,339,365,317580,7145,675275,1790100
2009,341,375,317239,7111,675650,1847700
2010,377,340,316862,7148,675990,1796700
2011,356,339,316506,7165,676329,1874900
2012,351,355,316155,7161,676684,2070800
2013,302,335,315853,7128,677019,1919400
2014,356,379,315497,7105,677398,1825200
2015,336,358,315161,7083,677756,1954700
2016,338,347,314823,7074,678103,2015700
2017,351,328,314472,7097,678431,2054100
2018,362,357,314110,7102,678788,2041600
2019,367,331,313743,7138,679119,2052700
2020,358,326,313385,7170,679445,1958000
2021,394,371,312991,7193,679816,2085900
2022,346,318,312645,7221,680134,2326400
2023,331,366,312314,7186,680500,2176200
2024,330,385,311984,7131,680885,1979400
2025,345,352,311639,7124,681237,1966500
2026,355,395,311284,7084,681632,1940500
2027,349,358,310935,7075,681990,1891600
2028,351,317,310584,7109,682307,1854800
2029,361,365,310223,7105,682672,1894700
2030,358,331,309865,7132,683003,1978300
2031,377,367,309488,7142,683370,2271300
2032,366,330,309122,7178,683700,1992500
2033,376,322,308746,7232,684022,1938100
2034,357,324,308389,7265,684346,1903600
2035,319,361,308070,7223,684707,1876700
2036,342,303,307728,7262,685010,1850000
2037,338,318,307390,7282,685328,2057000
2038,343,377,307047,7248,685705,1918000
2039,327,351,306720,7224,686056,1924700
2040,332,364,306388,7192,686420,1878000
2041,310,350,306078,7152,686770,1911800
2042,312,355,305766,7109,687125,1886500
2043,328,380,305438,7057,687505,1825200
2044,346,345,305092,7058,687850,1985800
2045,340,358,304752,7040,688208,2240900
2046,342,369,304410,7013,688577,1947900
2047,344,320,304066,7037,688897,2236300
2048,328,356,303738,7009,689253,1930100
2049,335,282,303403,7062,689535,2121200
2050,332,360,303071,7034,689895,1820900
2051,366,375,302705,7025,690270,1777200
2052,346,343,302359,7028,690613,1859300
2053,300,328,302059,7000,690941,1865700
2054,308,342,301751,6966,691283,1843900
2055,335,335,301416,6966,691618,1908000
2056,338,323,301078,6981,691941,1815100
2057,348,369,300730,6960,692310,1822700
2058,320,362,300410,6918,692672,1927900
2059,342,300,300068,6960,692972,1828700
2060,356,350,299712,6966,693322,1872100
2061,354,343,299358,6977,693665,1785500
2062,322,380,299036,6919,694045,1773200
2063,343,335,298693,6927,694380,1926900
2064,347,349,298346,6925,694729,1918000
2065,343,355,298003,6913,695084,1817700
2066,333,323,297670,6923,695407,1931600
2067,334,288,297336,6969,695695,1984900
2068,337,326,296999,6980,696021,1837500
2069,345,329,296654,6996,696350,2088800
2070,323,355,296331,6964,696705,1848500
2071,338,353,295993,6949,697058,1910200
2072,337,354,295656,6932,697412,1813300
2073,337,357,295319,6912,697769,1848400
2074,330,349,294989,6893,698118,2069700
2075,330,324,294659,6899,698442,2091700
2076,344,358,294315,6885,698800,2166300
2077,354,373,293961,6866,699173,1855900
2078,302,349,293659,6819,699522,1969800
2079,274,342,293385,6751,699864,1796500
2080,316,331,293069,6736,700195,1870300
2081,326,333,292743,6729,700528,1994800
2082,323,368,292420,6684,700896,2224500
2083,350,326,292070,6708,701222,1931700
2084,303,338,291767,6673,701560,1921100
2085,318,343,291449,6648,701903,1895800
2086,292,325,291157,6615,702228,1945400
2087,312,357,290845,6570,702585,2069700
2088,313,322,290532,6561,702907,1982200
2089,316,344,290216,6533,703251,1889700
2090,315,365,289901,6483,703616,1904000
2091,300,344,289601,6439,703960,1939900
2092,291,318,289310,6412,704278,2252400
2093,291,303,289019,6400,704581,2210300
2094,292,353,288727,6339,704934,1984400
2095,320,319,288407,6340,705253,1919100
2096,301,332,288106,6309,705585,1942200
2097,321,310,287785,6320,705895,1865900
2098,321,321,287464,6320,706216,1897700
2099,306,310,287158,6316,706526,1901700
2100,300,304,286858,6312,706830,1853600
2101,288,326,286570,6274,707156,1836900
2102,327,316,286243,6285,707472,1793400
2103,279,309,285964,6255,707781,2047000
2104,313,344,285651,6224,708125,1748500
2105,302,306,285349,6220,708431,1718100
2106,301,314,285048,6207,708745,1884600
2107,310,331,284738,6186,709076,1862200
2108,295,303,284443,6178,709379,2052800
2109,331,314,284112,6195,709693,1968100
2110,310,334,283802,6171,710027,1812200
2111,352,309,283450,6214,710336,2042700
2112,337,328,283113,6223,710664,1804000
2113,316,319,282797,6220,710983,1795800
2114,326,300,282471,6246,711283,1776400
2115,335,313,282136,6268,711596,1826400
2116,290,350,281846,6208,711946,2640700
2117,322,335,281524,6195,712281,2103800
2118,341,286,281183,6250,712567,1836200
2119,326,327,280857,6249,712894,1815500
2120,323,299,280534,6273,713193,1763900
2121,330,293,280204,6310,713486,1885000
2122,335,293,279869,6352,713779,1854100
2123,330,322,279539,6360,714101,1911600
2124,365,318,279174,6407,714419,1779100
2125,349,303,278825,6453,714722,1754500
2126,351,316,278474,6488,715038,1845600
2127,336,358,278138,6466,715396,1915800
2128,329,323,277809,6472,715719,1849200
2129,323,351,277486,6444,716070,1872100
2130,323,330,277163,6437,716400,1825800
2131,315,339,276848,6413,716739,1783900
2132,319,319,276529,6413,717058,1881200
2133,291,319,276238,6385,717377,1886300
2134,330,300,275908,6415,717677,1862500
2135,273,333,275635,6355,718010,2126800
2136,308,299,275327,6364,718309,1778300
2137,317,337,275010,6344,718646,1817400
2138,306,346,274704,6304,718992,1826700
2139,300,327,274404,6277,719319,1830900
2140,294,309,274110,6262,719628,1751400
2141,313,338,273797,6237,719966,1856100
2142,307,318,273490,6226,720284,1855800
2143,281,307,273209,6200,720591,1872700
2144,307,311,272902,6196,720902,1762900
2145,308,317,272594,6187,721219,1754800
2146,297,310,272297,6174,721529,1753800
2147,292,345,272005,6121,721874,1894700
2148,311,325,271694,6107,722199,1855000
2149,319,344,271375,6082,722543,1824300
2150,268,294,271107,6056,722837,2110900
2151,301,304,270806,6053,723141,1799400
2152,279,349,270527,5983,723490,1877600
2153,316,314,270211,5985,723804,1822200
2154,305,281,269906,6009,724085,1800400
2155,312,305,269594,6016,724390,1871200
2156,286,299,269308,6003,724689,1888200
2157,327,296,268981,6034,724985,1764800
2158,317,326,268664,6025,725311,1783800
2159,292,332,268372,5985,725643,1751200
2160,311,303,268061,5993,725946,1911400
2161,315,321,267746,5987,726267,1995900
2162,288,327,267458,5948,726594,1889600
2163,311,270,267147,5989,726864,1872900
2164,307,304,266840,5992,727168,2027400
2165,334,307,266506,6019,727475,1868500
2166,330,268,266176,6081,727743,1832100
2167,286,294,265890,6073,728037,1955600
2168,310,297,265580,6086,728334,1887600
2169,323,296,265257,6113,728630,1780600
2170,302,301,264955,6114,728931,1779600
2171,338,270,264617,6182,729201,1841400
2172,297,312,264320,6167,729513,2022800
2173,315,317,264005,6165,729830,1873600
2174,337,311,263668,6191,730141,1833700
2175,303,314,263365,6180,730455,1772900
2176,345,326,263020,6199,730781,1777200
2177,318,308,262702,6209,731089,2086400
2178,311,317,262391,6203,731406,1803600
2179,303,325,262088,6181,731731,1983000
2180,336,293,261752,6224,732024,1888400
2181,300,334,261452,6190,732358,1882800
2182,292,301,261160,6181,732659,1839000
2183,306,320,260854,6167,732979,1775500
2184,309,292,260545,6184,733271,1777800
2185,302,330,260243,6156,733601,2141000
2186,279,306,259964,6129,733907,1834200
2187,294,287,259670,6136,734194,1849400
2188,303,305,259367,6134,734499,1899800
2189,321,287,259046,6168,734786,1899900
2190,307,285,258739,6190,735071,1903800
2191,288,297,258451,6181,735368,1887400
2192,310,311,258141,6180,735679,1878700
2193,267,337,257874,6110,736016,1987700
2194,287,316,257587,6081,736332,1837800
2195,308,305,257279,6084,736637,1814700
2196,324,323,256955,6085,736960,2066400
2197,309,311,256646,6083,737271,1845000
2198,290,323,256356,6050,737594,1870200
2199,295,306,256061,6039,737900,1897100
2200,301,326,255760,6014,738226,1866300
2201,283,295,255477,6002,738521,1794600
2202,311,287,255166,6026,738808,2153800
2203,301,280,254865,6047,739088,1822100
2204,286,324,254579,6009,739412,1814600
2205,285,301,254294,5993,739713,1764900
2206,275,295,254019,5973,740008,1886600
2207,304,283,253715,5994,740291,1884800
2208,306,308,253409,5992,740599,1830600
2209,286,276,253123,6002,740875,1909800
2210,257,302,252866,5957,741177,1831300
2211,303,303,252563,5957,741480,1707800
2212,274,311,252289,5920,741791,1747600
2213,295,284,251994,5931,742075,1899300
2214,313,306,251681,5938,742381,1750300
2215,287,279,251394,5946,742660,1755000
2216,282,308,251112,5920,742968,1761100
2217,275,286,250837,5909,743254,1763900
2218,307,296,250530,5920,743550,1891500
2219,299,314,250231,5905,743864,1856000
2220,248,324,249983,5829,744188,1845300
2221,283,290,249700,5822,744478,2036900
2222,276,320,249424,5778,744798,1839100
2223,302,258,249122,5822,745056,1872500
2224,269,308,248853,5783,745364,2041100
2225,244,285,248609,5742,745649,2025900
2226,288,291,248321,5739,745940,1926900
2227,250,297,248071,5692,746237,1925800
2228,272,287,247799,5677,746524,1943600
2229,304,289,247495,5692,746813,1893000
2230,266,269,247229,5689,747082,2062400
2231,273,258,246956,5704,747340,1931900
2232,253,294,246703,5663,747634,1895000
2233,265,251,246438,5677,747885,1883300
2234,281,254,246157,5704,748139,1837500
2235,273,290,245884,5687,748429,1911900
2236,284,275,245600,5696,748704,1789200
2237,292,273,245308,5715,748977,1764700
2238,288,265,245020,5738,749242,1745500
2239,278,310,244742,5706,749552,1906400
2240,282,296,244460,5692,749848,1841300
2241,308,284,244152,5716,750132,1812100
2242,272,287,243880,5701,750419,1746400
2243,299,295,243581,5705,750714,1757500
2244,272,281,243309,5696,750995,1767500
2245,287,287,243022,5696,751282,1834300
2246,294,319,242728,5671,751601,1772100
2247,290,284,242438,5677,751885,1764400
2248,300,294,242138,5683,752179,1757000
2249,290,269,241848,5704,752448,1887800
2250,308,259,241540,5753,752707,1843900
2251,294,316,241246,5731,753023,1796600
2252,263,298,240983,5696,753321,1766900
2253,259,284,240724,5671,753605,1894500
2254,253,299,240471,5625,753904,1881900
2255,289,289,240182,5625,754193,1871900
2256,260,288,239922,5597,754481,1884200
2257,292,282,239630,5607,754763,1903100
2258,262,282,239368,5587,755045,1842000
2259,260,299,239108,5548,755344,2057400
2260,289,252,238819,5585,755596,1853500
2261,251,270,238568,5566,755866,1795500
2262,289,264,238279,5591,756130,1946800
2263,262,245,238017,5608,756375,2029400
2264,260,303,237757,5565,756678,1884400
2265,280,278,237477,5567,756956,1820400
2266,276,273,237201,5570,757229,1874200
2267,249,274,236952,5545,757503,1844000
2268,252,258,236700,5539,757761,2106100
2269,256,283,236444,5512,758044,1782900
2270,284,262,236160,5534,758306,1706900
2271,281,285,235879,5530,758591,1798200
2272,269,256,235610,5543,758847,1884600
2273,265,280,235345,5528,759127,1851100
2274,272,260,235073,5540,759387,1815300
2275,308,262,234765,5586,759649,1822800
2276,272,298,234493,5560,759947,1791700
2277,293,268,234200,5585,760215,1782900
2278,286,288,233914,5583,760503,1737800
2279,282,278,233632,5587,760781,1855700
2280,272,250,233360,5609,761031,1805900
2281,305,280,233055,5634,761311,1765200
2282,281,289,232774,5626,761600,1690800
2283,305,273,232469,5658,761873,2001600
2284,236,260,232233,5634,762133,1892200
2285,290,276,231943,5648,762409,1860400
2286,263,264,231680,5647,762673,2160700
2287,242,280,231438,5609,762953,1923800
2288,273,253,231165,5629,763206,1833500
2289,270,292,230895,5607,763498,1819700
2290,245,270,230650,5582,763768,1894300
2291,243,256,230407,5569,764024,1813300
2292,267,260,230140,5576,764284,1819700
2293,275,281,229865,5570,764565,1943000
2294,267,271,229598,5566,764836,1936200
2295,283,255,229315,5594,765091,2329300
2296,256,285,229059,5565,765376,1906200
2297,264,292,228795,5537,765668,1888200
2298,256,279,228539,5514,765947,1876900
2299,250,272,228289,5492,766219,1825700
2300,248,287,228041,5453,766506,1824000
2301,273,249,227768,5477,766755,1870500
2302,271,263,227497,5485,767018,1891900
2303,254,267,227243,5472,767285,1843100
2304,272,255,226971,5489,767540,1868000
2305,247,274,226724,5462,767814,1887000
2306,261,281,226463,5442,768095,1894500
2307,262,268,226201,5436,768363,1875500
2308,266,267,225935,5435,768630,1807500
2309,257,267,225678,5425,768897,1771500
2310,267,281,225411,5411,769178,1854900
2311,284,242,225127,5453,769420,1840800
2312,245,297,224882,5401,769717,1818700
2313,280,267,224602,5414,769984,1876700
2314,252,251,224350,5415,770235,1859500
2315,249,279,224101,5385,770514,1703400
2316,258,294,223843,5349,770808,1744000
2317,261,279,223582,5331,771087,1852000
2318,278,266,223304,5343,771353,1883100
2319,248,255,223056,5336,771608,1732700
2320,298,279,222758,5355,771887,1757100
2321,255,268,222503,5342,772155,1768100
2322,276,270,222227,5348,772425,1866600
2323,251,263,221976,5336,772688,1861000
2324,270,263,221706,5343,772951,1959800
2325,264,279,221442,5328,773230,1962700
2326,278,266,221164,5340,773496,1893700
2327,260,294,220904,5306,773790,1861300
2328,267,297,220637,5276,774087,1879300
2329,245,285,220392,5236,774372,1900300
2330,253,268,220139,5221,774640,1757400
2331,250,259,219889,5212,774899,1834400
2332,277,240,219612,5249,775139,1846200
2333,258,257,219354,5250,775396,1821000
2334,253,292,219101,5211,775688,1825500
2335,271,250,218830,5232,775938,1762200
2336,247,286,218583,5193,776224,2048900
2337,244,244,218339,5193,776468,1781700
2338,259,277,218080,5175,776745,1808700
2339,281,259,217799,5197,777004,1879700
2340,279,253,217520,5223,777257,1847300
2341,245,270,217275,5198,777527,1755900
2342,264,264,217011,5198,777791,1807200
2343,262,274,216749,5186,778065,1793400
2344,291,271,216458,5206,778336,1859900
2345,292,260,216166,5238,778596,1768800
2346,290,244,215876,5284,778840,1696700
2347,269,236,215607,5317,779076,1746800
2348,292,297,215315,5312,779373,1857400
2349,282,246,215033,5348,779619,1881500
2350,265,259,214768,5354,779878,1843800
2351,275,291,214493,5338,780169,1817100
2352,277,276,214216,5339,780445,1771300
2353,285,275,213931,5349,780720,1823100
2354,299,272,213632,5376,780992,1805600
2355,249,279,213383,5346,781271,1900200
2356,264,244,213119,5366,781515,1857200
2357,268,261,212851,5373,781776,1807500
2358,284,266,212567,5391,782042,1694900
2359,266,282,212301,5375,782324,1942700
2360,271,261,212030,5385,782585,1934000
2361,303,265,211727,5423,782850,1983200
2362,274,262,211453,5435,783112,1930900
2363,286,258,211167,5463,783370,1921700
2364,271,256,210896,5478,783626,1889000
2365,282,262,210614,5498,783888,1859700
2366,284,282,210330,5500,784170,1910800
2367,302,280,210028,5522,784450,1820000
2368,292,258,209736,5556,784708,1800500
2369,280,279,209456,5557,784987,1723200
2370,296,264,209160,5589,785251,1755500
2371,253,288,208907,5554,785539,1846400
2372,261,299,208646,5516,785838,1747400
2373,264,266,208382,5514,786104,1691500
2374,270,268,208112,5516,786372,1793900
2375,254,266,207858,5504,786638,1845400
2376,278,269,207580,5513,786907,1773700
2377,272,268,207308,5517,787175,1738100
2378,283,269,207025,5531,787444,1758400
2379,275,249,206750,5557,787693,2091000
2380,269,279,206481,5547,787972,1847600
2381,276,280,206205,5543,788252,1948900
2382,268,255,205937,5556,788507,1812900
2383,258,265,205679,5549,788772,1843300
2384,242,272,205437,5519,789044,1793600
2385,287,267,205150,5539,789311,1856200
2386,281,304,204869,5516,789615,1850300
2387,295,260,204574,5551,789875,1896600
2388,289,271,204285,5569,790146,7526400
2389,270,281,204015,5558,790427,2101000
2390,263,301,203752,5520,790728,1987900
2391,253,283,203499,5490,791011,1861600
2392,272,269,203227,5493,791280,1795400
2393,268,289,202959,5472,791569,1866400
2394,270,244,202689,5498,791813,1810100
2395,261,289,202428,5470,792102,1925300
2396,255,307,202173,5418,792409,1973500
2397,272,291,201901,5399,792700,1888400
2398,258,239,201643,5418,792939,2203000
2399,243,285,201400,5376,793224,2007100
2400,234,275,201166,5335,793499,1918800
2401,244,258,200922,5321,793757,1943400
2402,244,264,200678,5301,794021,1817900
2403,252,247,200426,5306,794268,1790200
2404,241,263,200185,5284,794531,1804500
2405,245,267,199940,5262,794798,1772600
2406,251,260,199689,5253,795058,1902000
2407,241,258,199448,5236,795316,1873900
2408,279,249,199169,5266,795565,1871200
2409,265,277,198904,5254,795842,1860600
2410,230,262,198674,5222,796104,1899300
2411,246,271,198428,5197,796375,1782800
2412,230,259,198198,5168,796634,1812100
2413,273,252,197925,5189,796886,1900900
2414,228,267,197697,5150,797153,1821400
2415,257,233,197440,5174,797386,1847000
2416,254,253,197186,5175,797639,1780700
2417,247,250,196939,5172,797889,1789300
2418,259,246,196680,5185,798135,1866400
2419,228,262,196452,5151,798397,1914700
2420,235,260,196217,5126,798657,1822700
2421,233,264,195984,5095,798921,1898800
2422,228,255,195756,5068,799176,1794900
2423,258,263,195498,5063,799439,1794500
2424,247,269,195251,5041,799708,1787800
2425,246,255,195005,5032,799963,2007700
2426,222,243,194783,5011,800206,2099000
2427,237,245,194546,5003,800451,2044300
2428,235,251,194311,4987,800702,1874200
2429,247,279,194064,4955,800981,1816700
2430,253,263,193811,4945,801244,1820000
2431,242,269,193569,4918,801513,2246800
2432,232,245,193337,4905,801758,1907900
2433,248,252,193089,4901,802010,1913200
2434,235,240,192854,4896,802250,1843000
2435,262,256,192592,4902,802506,1874000
2436,234,284,192358,4852,802790,1818000
2437,221,247,192137,4826,803037,1860300
2438,257,246,191880,4837,803283,2014400
2439,243,246,191637,4834,803529,1768400
2440,245,242,191392,4837,803771,1754700
2441,260,245,191132,4852,804016,1810900
2442,239,243,190893,4848,804259,2337000
2443,249,233,190644,4864,804492,1893300
2444,244,240,190400,4868,804732,1855800
2445,256,216,190144,4908,804948,1990700
2446,239,271,189905,4876,805219,1875900
2447,248,249,189657,4875,805468,1799600
2448,250,262,189407,4863,805730,1815600
2449,253,278,189154,4838,806008,1750500
2450,255,273,188899,4820,806281,1910600
2451,258,221,188641,4857,806502,1830300
2452,265,262,188376,4860,806764,1866200
2453,246,260,188130,4846,807024,1816900
2454,273,228,187857,4891,807252,2010500
2455,263,259,187594,4895,807511,1967900
2456,230,221,187364,4904,807732,2122700
2457,240,235,187124,4909,807967,1791200
2458,240,257,186884,4892,808224,1803800
2459,235,254,186649,4873,808478,1765800
2460,267,235,186382,4905,808713,1897200
2461,242,245,186140,4902,808958,1800200
2462,235,256,185905,4881,809214,1816600
2463,247,270,185658,4858,809484,1832800
2464,246,284,185412,4820,809768,1792500
2465,220,237,185192,4803,810005,1766300
2466,247,218,184945,4832,810223,1914400
2467,228,236,184717,4824,810459,1922400
2468,242,262,184475,4804,810721,1842200
2469,259,253,184216,4810,810974,1870400
2470,255,243,183961,4822,811217,1792600
2471,238,228,183723,4832,811445,1738900
2472,251,245,183472,4838,811690,1874900
2473,269,234,183203,4873,811924,1797000
2474,238,229,182965,4882,812153,1817200
2475,247,219,182718,4910,812372,2125700
2476,238,242,182480,4906,812614,1765600
2477,225,250,182255,4881,812864,1745300
2478,243,226,182012,4898,813090,1775400
2479,249,244,181763,4903,813334,1855900
2480,229,259,181534,4873,813593,1865300
2481,268,239,181266,4902,813832,1863800
2482,232,239,181034,4895,814071,1753000
2483,244,241,180790,4898,814312,2012200
2484,236,239,180554,4895,814551,1818600
2485,267,260,180287,4902,814811,1927900
2486,239,242,180048,4899,815053,1865300
2487,224,249,179824,4874,815302,1864600
2488,251,246,179573,4879,815548,1864400
2489,241,245,179332,4875,815793,1822200
2490,221,232,179111,4864,816025,1751000
2491,259,237,178852,4886,816262,1731100
2492,212,254,178640,4844,816516,1873300
2493,227,273,178413,4798,816789,1891000
2494,204,213,178209,4789,817002,1879200
2495,223,230,177986,4782,817232,1960100
2496,222,241,177764,4763,817473,1757000
2497,212,229,177552,4746,817702,1715700
2498,237,240,177315,4743,817942,1708700
2499,222,241,177093,4724,818183,1857400
2500,227,207,176866,4744,818390,1804600
2501,216,199,176650,4761,818589,1796600
2502,215,230,176435,4746,818819,1953100
2503,231,230,176204,4747,819049,2070300
2504,218,220,175986,4745,819269,1851900
2505,218,206,175768,4757,819475,1757400
2506,243,227,175525,4773,819702,1860800
2507,224,247,175301,4750,819949,1965800
2508,237,231,175064,4756,820180,1850000
2509,197,216,174867,4737,820396,1815300
2510,229,250,174638,4716,820646,1776200
2511,214,241,174424,4689,820887,1766800
2512,209,227,174215,4671,821114,1864000
2513,225,217,173990,4679,821331,1975900
2514,215,257,173775,4637,821588,1860700
2515,229,223,173546,4643,821811,1817300
2516,233,226,173313,4650,822037,1772500
2517,218,250,173095,4618,822287,1747300
2518,236,248,172859,4606,822535,1730600
2519,207,246,172652,4567,822781,1836200
2520,224,229,172428,4562,823010,1780500
2521,206,245,172222,4523,823255,1790000
2522,219,232,172003,4510,823487,1769200
2523,247,251,171756,4506,823738,1858300
2524,212,237,171544,4481,823975,1852200
2525,194,231,171350,4444,824206,1731400
2526,214,242,171136,4416,824448,1787100
2527,216,209,170920,4423,824657,1765400
2528,221,242,170699,4402,824899,1859800
2529,206,192,170493,4416,825091,1844600
2530,233,228,170260,4421,825319,1846200
2531,212,223,170048,4410,825542,1759900
2532,218,229,169830,4399,825771,1756000
2533,250,201,169580,4448,825972,1847000
2534,221,205,169359,4464,826177,1868100
2535,229,212,169130,4481,826389,1843900
2536,227,228,168903,4480,826617,1833000
2537,260,232,168643,4508,826849,1815900
2538,214,227,168429,4495,827076,1830700
2539,230,230,168199,4495,827306,1788300
2540,226,202,167973,4519,827508,1889700
2541,232,195,167741,4556,827703,1753500
2542,227,213,167514,4570,827916,1801600
2543,242,243,167272,4569,828159,1887100
2544,212,222,167060,4559,828381,1878100
2545,231,248,166829,4542,828629,2056400
2546,212,230,166617,4524,828859,1986200
2547,220,203,166397,4541,829062,1912900
2548,222,224,166175,4539,829286,1902500
2549,205,231,165970,4513,829517,1915400
2550,252,219,165718,4546,829736,1994500
2551,227,224,165491,4549,829960,1896400
2552,218,246,165273,4521,830206,1841300
2553,205,216,165068,4510,830422,1938300
2554,204,215,164864,4499,830637,1859900
2555,208,236,164656,4471,830873,1822400
2556,207,227,164449,4451,831100,1790300
2557,221,224,164228,4448,831324,1850900
2558,192,210,164036,4430,831534,1972000
2559,213,221,163823,4422,831755,2003400
2560,206,226,163617,4402,831981,2041000
2561,189,237,163428,4354,832218,1849400
2562,192,210,163236,4336,832428,1891900
2563,220,230,163016,4326,832658,1882000
2564,177,233,162839,4270,832891,1842800
2565,222,192,162617,4300,833083,1708600
2566,186,203,162431,4283,833286,1752500
2567,204,208,162227,4279,833494,1866800
2568,196,217,162031,4258,833711,1873800
2569,180,201,161851,4237,833912,1834200
2570,195,203,161656,4229,834115,1815500
2571,192,214,161464,4207,834329,1754500
2572,197,250,161267,4154,834579,1750600
2573,204,207,161063,4151,834786,1845900
2574,229,207,160834,4173,834993,1816100
2575,195,211,160639,4157,835204,1873600
2576,190,196,160449,4151,835400,1964900
2577,207,214,160242,4144,835614,1920300
2578,212,207,160030,4149,835821,1734500
2579,185,197,159845,4137,836018,1719600
2580,190,193,159655,4134,836211,1888900
2581,186,204,159469,4116,836415,1819000
2582,193,214,159276,4095,836629,1755000
2583,215,184,159061,4126,836813,1747800
2584,190,235,158871,4081,837048,1867500
2585,177,208,158694,4050,837256,1851700
2586,183,192,158511,4041,837448,1865000
2587,179,205,158332,4015,837653,1834500
2588,197,208,158135,4004,837861,1739300
2589,177,192,157958,3989,838053,1750900
2590,188,211,157770,3966,838264,1902900
2591,189,208,157581,3947,838472,1860400
2592,192,216,157389,3923,838688,1868000
2593,216,193,157173,3946,838881,1777200
2594,208,185,156965,3969,839066,1692000
2595,192,186,156773,3975,839252,1720200
2596,193,217,156580,3951,839469,1851800
2597,191,200,156389,3942,839669,1836200
2598,199,206,156190,3935,839875,1815300
2599,180,194,156010,3921,840069,1747100
2600,185,193,155825,3913,840262,1741100
2601,210,198,155615,3925,840460,1938600
2602,209,223,155406,3911,840683,1801600
2603,201,179,155205,3933,840862,1772000
2604,203,187,155002,3949,841049,1762400
2605,210,196,154792,3963,841245,1696300
2606,184,195,154608,3952,841440,1848400
2607,186,210,154422,3928,841650,1835300
2608,195,184,154227,3939,841834,1744300
2609,196,197,154031,3938,842031,1781000
2610,190,221,153841,3907,842252,1718100
2611,186,208,153655,3885,842460,1864900
2612,177,201,153478,3861,842661,1993200
2613,189,216,153289,3834,842877,1778300
2614,196,205,153093,3825,843082,1766400
2615,198,188,152895,3835,843270,1752700
2616,195,192,152700,3838,843462,1741100
2617,174,209,152526,3803,843671,1851900
2618,190,181,152336,3812,843852,1842800
2619,210,188,152126,3834,844040,1771300
2620,212,186,151914,3860,844226,1679400
2621,193,187,151721,3866,844413,1839000
2622,175,189,151546,3852,844602,1826100
2623,198,196,151348,3854,844798,1803300
2624,192,183,151156,3863,844981,1707200
2625,173,204,150983,3832,845185,1724100
2626,157,180,150826,3809,845365,2134300
2627,193,177,150633,3825,845542,1832200
2628,192,185,150441,3832,845727,1932300
2629,190,185,150251,3837,845912,1977200
2630,155,190,150096,3802,846102,1918200
2631,193,196,149903,3799,846298,1866200
2632,167,200,149736,3766,846498,1882800
2633,191,192,149545,3765,846690,1882000
2634,186,177,149359,3774,846867,1882400
2635,170,210,149189,3734,847077,1825300
2636,171,201,149018,3704,847278,1828200
2637,182,194,148836,3692,847472,1880400
2638,173,177,148663,3688,847649,1858200
2639,184,188,148479,3684,847837,1813900
2640,191,202,148288,3673,848039,1756900
2641,192,169,148096,3696,848208,1719900
2642,187,173,147909,3710,848381,1841600
2643,213,206,147696,3717,848587,1820900
2644,200,196,147496,3721,848783,2304900
2645,220,207,147276,3734,848990,1898300
2646,174,193,147102,3715,849183,1762200
2647,202,189,146900,3728,849372,1775000
2648,182,214,146718,3696,849586,1748200
2649,194,182,146524,3708,849768,1760400
2650,182,178,146342,3712,849946,1853400
2651,188,199,146154,3701,850145,1754800
2652,189,176,145965,3714,850321,1753400
2653,203,175,145762,3742,850496,1686800
2654,188,189,145574,3741,850685,1712000
2655,185,194,145389,3732,850879,1839800
2656,175,178,145214,3729,851057,1735400
2657,192,171,145022,3750,851228,1756000
2658,203,187,144819,3766,851415,1834800
2659,187,194,144632,3759,851609,1856000
2660,194,185,144438,3768,851794,1842600
2661,178,195,144260,3751,851989,1728400
2662,190,197,144070,3744,852186,1844900
2663,196,179,143874,3761,852365,1736100
2664,201,182,143673,3780,852547,1887400
2665,184,172,143489,3792,852719,1804100
2666,174,189,143315,3777,852908,1788900
2667,188,177,143127,3788,853085,1673600
2668,198,190,142929,3796,853275,1721400
2669,188,186,142741,3798,853461,1914400
2670,193,176,142548,3815,853637,1750300
2671,204,202,142344,3817,853839,1718600
2672,182,190,142162,3809,854029,1742800
2673,161,205,142001,3765,854234,1841900
2674,185,201,141816,3749,854435,1830500
2675,174,184,141642,3739,854619,1822000
2676,163,189,141479,3713,854808,1735800
2677,175,167,141304,3721,854975,1730100
2678,155,175,141149,3701,855150,1875700
2679,177,166,140972,3712,855316,1833800
2680,170,177,140802,3705,855493,1749600
2681,173,183,140629,3695,855676,1756300
2682,187,170,140442,3712,855846,1710100
2683,172,168,140270,3716,856014,1924500
2684,180,186,140090,3710,856200,1872500
2685,179,191,139911,3698,856391,1757400
2686,175,188,139736,3685,856579,1834000
2687,165,185,139571,3665,856764,1868600
2688,179,212,139392,3632,856976,2144000
2689,187,188,139205,3631,857164,1794100
2690,166,184,139039,3613,857348,1756400
2691,194,184,138845,3623,857532,1944000
2692,179,182,138666,3620,857714,1789400
2693,170,177,138496,3613,857891,1820900
2694,178,198,138318,3593,858089,1738400
2695,181,179,138137,3595,858268,1675200
2696,187,169,137950,3613,858437,1723900
2697,177,188,137773,3602,858625,1782700
2698,197,193,137576,3606,858818,1666700
2699,179,186,137397,3599,859004,1714200
2700,201,161,137196,3639,859165,1845200
2701,177,187,137019,3629,859352,1753500
2702,169,187,136850,3611,859539,1713200
2703,179,179,136671,3611,859718,1747800
2704,176,175,136495,3612,859893,1905200
2705,195,170,136300,3637,860063,1848600
2706,185,188,136115,3634,860251,1868300
2707,166,195,135949,3605,860446,1742200
2708,167,199,135782,3573,860645,1735700
2709,175,179,135607,3569,860824,1885600
2710,175,177,135432,3567,861001,1732300
2711,157,181,135275,3543,861182,1743400
2712,187,178,135088,3552,861360,1755100
2713,170,189,134918,3533,861549,1798300
2714,195,176,134723,3552,861725,1762000
2715,175,171,134548,3556,861896,1831400
2716,177,190,134371,3543,862086,1682300
2717,168,192,134203,3519,862278,1711700
2718,168,165,134035,3522,862443,1864500
2719,168,158,133867,3532,862601,1832000
2720,168,158,133699,3542,862759,1786200
2721,181,171,133518,3552,862930,1828800
2722,183,170,133335,3565,863100,1762900
2723,196,184,133139,3577,863284,2129000
2724,191,193,132948,3575,863477,1906600
2725,174,168,132774,3581,863645,1828200
2726,163,187,132611,3557,863832,1900500
2727,156,184,132455,3529,864016,1776800
2728,190,167,132265,3552,864183,1798000
2729,175,192,132090,3535,864375,1733800
2730,157,188,131933,3504,864563,1719100
2731,152,171,131781,3485,864734,1854100
2732,178,169,131603,3494,864903,1794400
2733,166,189,131437,3471,865092,1723900
2734,161,177,131276,3455,865269,1730300
2735,176,180,131100,3451,865449,1831800
2736,171,174,130929,3448,865623,1831000
2737,179,166,130750,3461,865789,1826500
2738,168,191,130582,3438,865980,1988300
2739,175,169,130407,3444,866149,1849900
2740,184,169,130223,3459,866318,1823400
2741,187,187,130036,3459,866505,1810500
2742,170,159,129866,3470,866664,1850100
2743,157,199,129709,3428,866863,2088200
2744,197,189,129512,3436,867052,1862700
2745,175,180,129337,3431,867232,1811700
2746,145,169,129192,3407,867401,1947800
2747,175,174,129017,3408,867575,1839200
2748,164,171,128853,3401,867746,1870400
2749,180,164,128673,3417,867910,1928000
2750,171,167,128502,3421,868077,1904000
2751,195,174,128307,3442,868251,1753600
2752,183,166,128124,3459,868417,1734800
2753,180,174,127944,3465,868591,1843000
2754,187,159,127757,3493,868750,1853700
2755,194,164,127563,3523,868914,1811200
2756,170,184,127393,3509,869098,1779800
2757,171,180,127222,3500,869278,1678100
2758,186,166,127036,3520,869444,1849900
2759,162,185,126874,3497,869629,1797900
2760,166,184,126708,3479,869813,1888400
2761,185,160,126523,3504,869973,1715500
2762,167,175,126356,3496,870148,1702500
2763,168,175,126188,3489,870323,2497900
2764,171,168,126017,3492,870491,1907300
2765,138,179,125879,3451,870670,1856200
2766,152,172,125727,3431,870842,1856800
2767,180,153,125547,3458,870995,1888000
2768,172,187,125375,3443,871182,1930700
2769,182,187,125193,3438,871369,1855800
2770,145,185,125048,3398,871554,1834100
2771,176,162,124872,3412,871716,2014400
2772,157,180,124715,3389,871896,2082200
2773,162,172,124553,3379,872068,1993900
2774,177,178,124376,3378,872246,1824400
2775,161,184,124215,3355,872430,1682200
2776,167,161,124048,3361,872591,1699100
2777,175,177,123873,3359,872768,1840500
2778,151,184,123722,3326,872952,1840100
2779,166,179,123556,3313,873131,1798700
2780,139,153,123417,3299,873284,1733500
2781,145,137,123272,3307,873421,1724900
2782,190,151,123082,3346,873572,1852900
2783,149,168,122933,3327,873740,1831000
2784,186,149,122747,3364,873889,1774400
2785,161,173,122586,3352,874062,1721400
2786,160,166,122426,3346,874228,1703600
2787,158,157,122268,3347,874385,1817300
2788,173,176,122095,3344,874561,1801000
2789,161,171,121934,3334,874732,1716600
2790,156,143,121778,3347,874875,1698900
2791,148,189,121630,3306,875064,1829100
2792,149,161,121481,3294,875225,1757000
2793,147,154,121334,3287,875379,1810300
2794,172,153,121162,3306,875532,1724400
2795,169,177,120993,3298,875709,1839300
2796,158,165,120835,3291,875874,1797900
2797,206,169,120629,3328,876043,2315500
2798,164,152,120465,3340,876195,1965500
2799,191,180,120274,3351,876375,1844300
2800,151,165,120123,3337,876540,1825000
2801,155,176,119968,3316,876716,1787500
2802,187,158,119781,3345,876874,1664300
2803,147,161,119634,3331,877035,1705900
2804,156,168,119478,3319,877203,1823400
2805,170,142,119308,3347,877345,1735100
2806,146,190,119162,3303,877535,1815300
2807,180,180,118982,3303,877715,1934600
2808,173,154,118809,3322,877869,1934600
2809,183,167,118626,3338,878036,2021700
2810,143,133,118483,3348,878169,1887800
2811,159,151,118324,3356,878320,2223400
2812,154,171,118170,3339,878491,1874600
2813,157,152,118013,3344,878643,1820400
2814,153,156,117860,3341,878799,1814400
2815,127,153,117733,3315,878952,1806200
2816,161,181,117572,3295,879133,1797600
2817,149,165,117423,3279,879298,1792600
2818,141,170,117282,3250,879468,1786700
2819,139,187,117143,3202,879655,1981500
2820,159,161,116984,3200,879816,2010700
2821,150,179,116834,3171,879995,1839400
2822,157,186,116677,3142,880181,2035200
2823,149,142,116528,3149,880323,1837400
2824,156,165,116372,3140,880488,1824400
2825,164,171,116208,3133,880659,1995800
2826,177,144,116031,3166,880803,1821300
2827,147,160,115884,3153,880963,1823000
2828,155,173,115729,3135,881136,2039400
2829,163,149,115566,3149,881285,1851700
2830,141,154,115425,3136,881439,1880000
2831,133,166,115292,3103,881605,1889100
2832,150,170,115142,3083,881775,1855100
2833,145,140,114997,3088,881915,1812800
2834,154,160,114843,3082,882075,1828800
2835,139,151,114704,3070,882226,1825800
2836,140,144,114564,3066,882370,1812100
2837,158,143,114406,3081,882513,1819800
2838,153,167,114253,3067,882680,1832000
2839,148,154,114105,3061,882834,1834500
2840,173,148,113932,3086,882982,1819100
2841,159,140,113773,3105,883122,1843800
2842,153,147,113620,3111,883269,1797900
2843,147,135,113473,3123,883404,1860300
2844,143,161,113330,3105,883565,1844900
2845,158,165,113172,3098,883730,1807300
2846,149,160,113023,3087,883890,1672200
2847,156,160,112867,3083,884050,2036200
2848,178,144,112689,3117,884194,1849500
2849,160,148,112529,3129,884342,1844600
2850,173,166,112356,3136,884508,1849000
2851,145,154,112211,3127,884662,1822200
2852,179,160,112032,3146,884822,1723800
2853,156,140,111876,3162,884962,1923300
2854,156,175,111720,3143,885137,1813300
2855,153,160,111567,3136,885297,1879400
2856,167,156,111400,3147,885453,1840000
2857,152,168,111248,3131,885621,1934700
2858,164,184,111084,3111,885805,1924200
2859,159,154,110925,3116,885959,1919500
2860,151,146,110774,3121,886105,1963500
2861,155,146,110619,3130,886251,1945800
2862,174,173,110445,3131,886424,2060800
2863,152,169,110293,3114,886593,1984600
2864,171,145,110122,3140,886738,1940200
2865,143,174,109979,3109,886912,1900500
2866,177,160,109802,3126,887072,1850400
2867,174,131,109628,3169,887203,1989300
2868,162,153,109466,3178,887356,1775800
2869,166,167,109300,3177,887523,1953800
2870,153,174,109147,3156,887697,1856000
2871,156,151,108991,3161,887848,1861800
2872,158,154,108833,3165,888002,1918400
2873,185,150,108648,3200,888152,1736200
2874,175,171,108473,3204,888323,1736300
2875,181,170,108292,3215,888493,1665900
2876,176,159,108116,3232,888652,1880600
2877,176,128,107940,3280,888780,1836700
2878,164,162,107776,3282,888942,1731800
2879,192,156,107584,3318,889098,1772900
2880,156,167,107428,3307,889265,1795900
2881,156,168,107272,3295,889433,1730600
2882,172,174,107100,3293,889607,1813500
2883,179,162,106921,3310,889769,1735100
2884,163,139,106758,3334,889908,1725300
2885,168,161,106590,3341,890069,1834200
2886,160,174,106430,3327,890243,1823700
2887,167,153,106263,3341,890396,2107800
2888,162,169,106101,3334,890565,1767000
2889,168,171,105933,3331,890736,1736900
2890,167,162,105766,3336,890898,1675900
2891,152,180,105614,3308,891078,1857800
2892,135,161,105479,3282,891239,1834700
2893,138,170,105341,3250,891409,1720000
2894,167,171,105174,3246,891580,1701100
2895,150,151,105024,3245,891731,1762100
2896,158,162,104866,3241,891893,1816300
2897,154,141,104712,3254,892034,2143200
2898,167,147,104545,3274,892181,2098300
2899,132,156,104413,3250,892337,1939900
2900,161,172,104252,3239,892509,2041200
2901,164,171,104088,3232,892680,1896300
2902,176,154,103912,3254,892834,1876300
2903,152,164,103760,3242,892998,1924100
2904,143,170,103617,3215,893168,1834600
2905,152,166,103465,3201,893334,1698000
2906,146,138,103319,3209,893472,1681200
2907,132,153,103187,3188,893625,1953500
2908,144,156,103043,3176,893781,1832800
2909,146,147,102897,3175,893928,1959300
2910,158,176,102739,3157,894104,1720700
2911,155,149,102584,3163,894253,1776700
2912,137,148,102447,3152,894401,1957600
2913,150,167,102297,3135,894568,1951500
2914,149,138,102148,3146,894706,1746700
2915,141,137,102007,3150,894843,1839700
2916,149,139,101858,3160,894982,1735500
2917,124,139,101734,3145,895121,1747700
2918,153,155,101581,3143,895276,1703200
2919,136,160,101445,3119,895436,1826000
2920,145,122,101300,3142,895558,1785200
2921,156,154,101144,3144,895712,1669600
2922,134,152,101010,3126,895864,1806500
2923,154,142,100856,3138,896006,1850300
2924,165,154,100691,3149,896160,1842800
2925,144,165,100547,3128,896325,1767600
2926,126,180,100421,3074,896505,1722100
2927,139,153,100282,3060,896658,1741400
2928,142,170,100140,3032,896828,1703500
2929,145,155,99995,3022,896983,1711600
2930,150,152,99845,3020,897135,1754300
2931,129,143,99716,3006,897278,1721000
2932,130,140,99586,2996,897418,1843000
2933,148,160,99438,2984,897578,1719800
2934,159,149,99279,2994,897727,1724200
2935,144,134,99135,3004,897861,1788100
2936,139,189,98996,2954,898050,1838900
2937,161,164,98835,2951,898214,1860400
2938,159,137,98676,2973,898351,1701700
2939,146,119,98530,3000,898470,1930200
2940,149,166,98381,2983,898636,1771800
2941,143,137,98238,2989,898773,1857200
2942,125,152,98113,2962,898925,1834000
2943,142,162,97971,2942,899087,1812400
2944,143,130,97828,2955,899217,1738700
2945,140,160,97688,2935,899377,1728000
2946,120,146,97568,2909,899523,2054600
2947,149,179,97419,2879,899702,1854600
2948,133,141,97286,2871,899843,1936400
2949,144,152,97142,2863,899995,1848500
2950,156,137,96986,2882,900132,1820200
2951,134,157,96852,2859,900289,1722900
2952,125,138,96727,2846,900427,1691900
2953,141,143,96586,2844,900570,1824000
2954,135,161,96451,2818,900731,1806500
2955,127,151,96324,2794,900882,1668000
2956,129,133,96195,2790,901015,1786400
2957,131,133,96064,2788,901148,1850700
2958,124,135,95940,2777,901283,1823000
2959,142,134,95798,2785,901417,1812000
2960,147,141,95651,2791,901558,1715500
2961,145,129,95506,2807,901687,1723000
2962,134,131,95372,2810,901818,1824200
2963,130,115,95242,2825,901933,1791400
2964,136,136,95106,2825,902069,1780600
2965,127,143,94979,2809,902212,1746200
2966,125,145,94854,2789,902357,1694700
2967,140,152,94714,2777,902509,1818600
2968,120,134,94594,2763,902643,1789100
2969,127,142,94467,2748,902785,1692700
2970,126,135,94341,2739,902920,1903900
2971,106,140,94235,2705,903060,1965700
2972,131,144,94104,2692,903204,1822300
2973,136,135,93968,2693,903339,1784200
2974,128,129,93840,2692,903468,1721300
2975,125,121,93715,2696,903589,1776700
2976,143,111,93572,2728,903700,1738700
2977,129,175,93443,2682,903875,1847900
2978,133,138,93310,2677,904013,1797300
2979,128,140,93182,2665,904153,1719300
2980,146,140,93036,2671,904293,1714800
2981,134,143,92902,2662,904436,1823700
2982,130,127,92772,2665,904563,1820600
2983,139,140,92633,2664,904703,1912100
2984,140,123,92493,2681,904826,1676700
2985,134,145,92359,2670,904971,1699700
2986,126,135,92233,2661,905106,1747200
2987,122,166,92111,2617,905272,1789100
2988,124,148,91987,2593,905420,1724800
2989,124,116,91863,2601,905536,1730300
2990,126,140,91737,2587,905676,1820600
2991,114,125,91623,2576,905801,2020900
2992,136,141,91487,2571,905942,1709800
2993,122,140,91365,2553,906082,1720800
2994,131,113,91234,2571,906195,1727400
2995,114,106,91120,2579,906301,1820700
2996,147,134,90973,2592,906435,1825100
2997,149,109,90824,2632,906544,1771000
2998,140,128,90684,2644,906672,1691700
2999,125,116,90559,2653,906788,1701200
3000,129,141,90430,2641,906929,1797100
3001,122,129,90308,2634,907058,1689400
3002,148,120,90160,2662,907178,1773500
3003,129,123,90031,2668,907301,1742200
3004,136,122,89895,2682,907423,1812400
3005,140,140,89755,2682,907563,1877500
3006,157,135,89598,2704,907698,1744700
3007,140,130,89458,2714,907828,1734600
3008,135,134,89323,2715,907962,1858900
3009,136,127,89187,2724,908089,2076900
3010,117,153,89070,2688,908242,1902200
3011,148,128,88922,2708,908370,1861900
3012,156,148,88766,2716,908518,1783600
3013,142,149,88624,2709,908667,1753000
3014,146,127,88478,2728,908794,1712600
3015,130,132,88348,2726,908926,1777600
3016,148,122,88200,2752,909048,1830200
3017,156,148,88044,2760,909196,1819500
3018,130,123,87914,2767,909319,1975000
3019,134,143,87780,2758,909462,1798400
3020,135,145,87645,2748,909607,1779100
3021,144,165,87501,2727,909772,1769100
3022,136,148,87365,2715,909920,1821500
3023,140,137,87225,2718,910057,1790900
3024,117,140,87108,2695,910197,1782100
3025,124,132,86984,2687,910329,1771300
3026,131,122,86853,2696,910451,1805100
3027,121,142,86732,2675,910593,1793500
3028,128,128,86604,2675,910721,1739700
3029,114,143,86490,2646,910864,1747700
3030,115,128,86375,2633,910992,1837100
3031,124,152,86251,2605,911144,1857300
3032,122,133,86129,2594,911277,1800400
3033,109,127,86020,2576,911404,1734000
3034,99,147,85921,2528,911551,1745500
3035,122,129,85799,2521,911680,1817600
3036,114,136,85685,2499,911816,1809200
3037,116,130,85569,2485,911946,1934000
3038,123,125,85446,2483,912071,1757300
3039,120,132,85326,2471,912203,1808000
3040,110,130,85216,2451,912333,1767900
3041,119,127,85097,2443,912460,1861000
3042,108,114,84989,2437,912574,1827000
3043,91,137,84898,2391,912711,1729600
3044,114,124,84784,2381,912835,2080000
3045,113,121,84671,2373,912956,1983900
3046,112,124,84559,2361,913080,1816200
3047,118,127,84441,2352,913207,1836100
3048,102,105,84339,2349,913312,1823400
3049,104,130,84235,2323,913442,1832500
3050,105,97,84130,2331,913539,1979400
3051,122,117,84008,2336,913656,2000700
3052,104,104,83904,2336,913760,2090100
3053,124,121,83780,2339,913881,2037900
3054,107,116,83673,2330,913997,1847400
3055,103,105,83570,2328,914102,1752600
3056,105,114,83465,2319,914216,1761100
3057,106,98,83359,2327,914314,1778300
3058,102,110,83257,2319,914424,1741100
3059,101,116,83156,2304,914540,1819800
3060,139,104,83017,2339,914644,1786400
3061,137,121,82880,2355,914765,1749000
3062,138,125,82742,2368,914890,1796900
3063,108,130,82634,2346,915020,1844900
3064,110,119,82524,2337,915139,1827100
3065,123,128,82401,2332,915267,1807900
3066,126,121,82275,2337,915388,1780600
3067,110,107,82165,2340,915495,1745400
3068,129,129,82036,2340,915624,1735500
3069,131,133,81905,2338,915757,1834600
3070,146,123,81759,2361,915880,1984500
3071,115,112,81644,2364,915992,1816400
3072,130,117,81514,2377,916109,1770900
3073,137,116,81377,2398,916225,1757300
3074,133,130,81244,2401,916355,1842700
3075,122,112,81122,2411,916467,1840900
3076,121,116,81001,2416,916583,1868900
3077,114,117,80887,2413,916700,1759300
3078,105,124,80782,2394,916824,1900500
3079,109,127,80673,2376,916951,1806000
3080,113,117,80560,2372,917068,1851900
3081,136,114,80424,2394,917182,1844000
3082,130,125,80294,2399,917307,1740200
3083,126,121,80168,2404,917428,1754000
3084,103,110,80065,2397,917538,1796400
3085,118,112,79947,2403,917650,1859600
3086,139,108,79808,2434,917758,1971200
3087,123,115,79685,2442,917873,1925800
3088,142,119,79543,2465,917992,1895500
3089,122,124,79421,2463,918116,1976500
3090,132,125,79289,2470,918241,1917400
3091,128,119,79161,2479,918360,1918000
3092,104,128,79057,2455,918488,2030300
3093,119,122,78938,2452,918610,1900600
3094,134,142,78804,2444,918752,2013800
3095,104,122,78700,2426,918874,1944300
3096,126,121,78574,2431,918995,1949100
3097,111,105,78463,2437,919100,2014300
3098,105,121,78358,2421,919221,1984100
3099,116,120,78242,2417,919341,2028900
3100,130,116,78112,2431,919457,2081600
3101,124,115,77988,2440,919572,2032800
3102,121,131,77867,2430,919703,2020000
3103,119,113,77748,2436,919816,1993200
3104,122,111,77626,2447,919927,1944600
3105,125,119,77501,2453,920046,1894300
3106,113,129,77388,2437,920175,1838500
3107,142,126,77246,2453,920301,1783700
3108,139,119,77107,2473,920420,1801300
3109,133,131,76974,2475,920551,1854100
3110,134,146,76840,2463,920697,1786900
3111,122,126,76718,2459,920823,1747000
3112,108,126,76610,2441,920949,1742600
3113,107,103,76503,2445,921052,1767000
3114,127,120,76376,2452,921172,1840100
3115,123,145,76253,2430,921317,1798700
3116,131,122,76122,2439,921439,1784400
3117,108,123,76014,2424,921562,1669000
3118,135,94,75879,2465,921656,1711700
3119,105,122,75774,2448,921778,1945700
3120,113,124,75661,2437,921902,1764300
3121,100,94,75561,2443,921996,1717800
3122,110,107,75451,2446,922103,1745300
3123,112,99,75339,2459,922202,1824900
3124,129,137,75210,2451,922339,1808400
3125,110,106,75100,2455,922445,1753200
3126,101,144,74999,2412,922589,1738600
3127,115,106,74884,2421,922695,1704300
3128,113,121,74771,2413,922816,1822900
3129,130,117,74641,2426,922933,1795500
3130,110,112,74531,2424,923045,1708600
3131,112,115,74419,2421,923160,1675600
3132,96,123,74323,2394,923283,1766400
3133,111,134,74212,2371,923417,1783400
3134,106,118,74106,2359,923535,1690400
3135,118,124,73988,2353,923659,1689300
3136,116,108,73872,2361,923767,1737300
3137,119,124,73753,2356,923891,1696800
3138,108,98,73645,2366,923989,1729700
3139,115,110,73530,2371,924099,1818400
3140,120,125,73410,2366,924224,1822400
3141,133,122,73277,2377,924346,1712400
3142,113,122,73164,2368,924468,1734600
3143,111,125,73053,2354,924593,1757100
3144,120,114,72933,2360,924707,1852200
3145,124,108,72809,2376,924815,1821700
3146,108,119,72701,2365,924934,1745200
3147,116,106,72585,2375,925040,1754100
3148,116,134,72469,2357,925174,1827800
3149,126,146,72343,2337,925320,1821500
3150,136,106,72207,2367,925426,1778500
3151,110,96,72097,2381,925522,1684800
3152,103,120,71994,2364,925642,1701500
3153,132,128,71862,2368,925770,1811400
3154,129,107,71733,2390,925877,1955600
3155,117,121,71616,2386,925998,1811500
3156,135,109,71481,2412,926107,1742800
3157,133,138,71348,2407,926245,1742800
3158,124,131,71224,2400,926376,1873600
3159,121,120,71103,2401,926496,2085500
3160,108,127,70995,2382,926623,1840600
3161,107,121,70888,2368,926744,1793100
3162,99,132,70789,2335,926876,1735800
3163,113,131,70676,2317,927007,1991900
3164,111,101,70565,2327,927108,1852000
3165,103,129,70462,2301,927237,1948000
3166,103,108,70359,2296,927345,1776100
3167,120,105,70239,2311,927450,1834000
3168,111,111,70128,2311,927561,1978900
3169,117,117,70011,2311,927678,1976400
3170,112,118,69899,2305,927796,1796200
3171,95,109,69804,2291,927905,1739200
3172,100,131,69704,2260,928036,1732400
3173,88,120,69616,2228,928156,1860400
3174,90,119,69526,2199,928275,1769900
3175,84,123,69442,2160,928398,1806500
3176,76,113,69366,2123,928511,1746000
3177,84,115,69282,2092,928626,1677300
3178,85,108,69197,2069,928734,1820900
3179,96,122,69101,2043,928856,1812200
3180,91,97,69010,2037,928953,1684100
3181,89,116,68921,2010,929069,1676900
3182,89,121,68832,1978,929190,1823300
3183,90,84,68742,1984,929274,1777300
3184,91,104,68651,1971,929378,1723100
3185,96,119,68555,1948,929497,1720100
3186,97,98,68458,1947,929595,1831200
3187,94,91,68364,1950,929686,1807000
3188,96,111,68268,1935,929797,1759900
3189,105,95,68163,1945,929892,2008600
3190,93,86,68070,1952,929978,1852600
3191,97,90,67973,1959,930068,2001900
3192,92,111,67881,1940,930179,2030100
3193,111,96,67770,1955,930275,1754800
3194,120,88,67650,1987,930363,1793100
3195,108,105,67542,1990,930468,1811600
3196,98,110,67444,1978,930578,1800300
3197,91,106,67353,1963,930684,1844700
3198,110,102,67243,1971,930786,2005900
3199,90,109,67153,1952,930895,1824100
3200,88,96,67065,1944,930991,1742800
3201,98,91,66967,1951,931082,1833800
3202,96,86,66871,1961,931168,1715300
3203,93,106,66778,1948,931274,1959000
3204,106,105,66672,1949,931379,1691400
3205,100,88,66572,1961,931467,1678100
3206,108,88,66464,1981,931555,1749700
3207,102,77,66362,2006,931632,1723600
3208,93,90,66269,2009,931722,1732100
3209,115,91,66154,2033,931813,1826500
3210,107,112,66047,2028,931925,1815600
3211,106,105,65941,2029,932030,1712300
3212,99,98,65842,2030,932128,1672000
3213,118,94,65724,2054,932222,1751900
3214,115,114,65609,2055,932336,1805700
3215,110,121,65499,2044,932457,1731100
3216,111,113,65388,2042,932570,1730900
3217,109,96,65279,2055,932666,1707700
3218,124,97,65155,2082,932763,1767800
3219,111,109,65044,2084,932872,1942300
3220,120,97,64924,2107,932969,1745000
3221,114,108,64810,2113,933077,1686100
3222,103,97,64707,2119,933174,1828500
3223,106,89,64601,2136,933263,1822400
3224,120,113,64481,2143,933376,1742200
3225,124,96,64357,2171,933472,1675400
3226,138,93,64219,2216,933565,1792300
3227,100,117,64119,2199,933682,1809600
3228,102,111,64017,2190,933793,1670600
3229,111,100,63906,2201,933893,1737800
3230,97,96,63809,2202,933989,2063100
3231,95,97,63714,2200,934086,1970200
3232,117,112,63597,2205,934198,2207900
3233,119,115,63478,2209,934313,1813100
3234,104,108,63374,2205,934421,1803300
3235,111,111,63263,2205,934532,1944300
3236,106,95,63157,2216,934627,1843500
3237,122,123,63035,2215,934750,1798700
3238,101,114,62934,2202,934864,1733100
3239,113,105,62821,2210,934969,1667400
3240,108,120,62713,2198,935089,1682400
3241,114,110,62599,2202,935199,1793100
3242,91,115,62508,2178,935314,1670400
3243,111,115,62397,2174,935429,1718100
3244,116,93,62281,2197,935522,1712900
3245,92,95,62189,2194,935617,1781500
3246,104,123,62085,2175,935740,1899000
3247,103,111,61982,2167,935851,1741000
3248,95,114,61887,2148,935965,1844800
3249,123,95,61764,2176,936060,1953400
3250,107,127,61657,2156,936187,1805200
3251,110,103,61547,2163,936290,1730900
3252,108,120,61439,2151,936410,1731100
3253,93,105,61346,2139,936515,1777900
3254,99,101,61247,2137,936616,1762800
3255,102,96,61145,2143,936712,1736400
3256,91,121,61054,2113,936833,1668200
3257,118,101,60936,2130,936934,1837900
3258,88,108,60848,2110,937042,1906600
3259,97,116,60751,2091,937158,1819000
3260,96,96,60655,2091,937254,1716500
3261,115,107,60540,2099,937361,1735400
3262,82,91,60458,2090,937452,1738000
3263,99,126,60359,2063,937578,1775300
3264,96,104,60263,2055,937682,1733900
3265,102,121,60161,2036,937803,1730300
3266,111,89,60050,2058,937892,2061000
3267,91,107,59959,2042,937999,1727100
3268,104,107,59855,2039,938106,1966300
3269,104,93,59751,2050,938199,1843700
3270,104,99,59647,2055,938298,1776100
3271,96,109,59551,2042,938407,1694500
3272,83,93,59468,2032,938500,1811100
3273,90,109,59378,2013,938609,1857000
3274,91,108,59287,1996,938717,1868100
3275,92,95,59195,1993,938812,1790600
3276,89,97,59106,1985,938909,1765200
3277,106,100,59000,1991,939009,1982700
3278,99,95,58901,1995,939104,1759200
3279,93,97,58808,1991,939201,1817200
3280,83,106,58725,1968,939307,1779000
3281,79,103,58646,1944,939410,1806200
3282,98,95,58548,1947,939505,1750700
3283,96,117,58452,1926,939622,1688200
3284,97,98,58355,1925,939720,1791000
3285,96,79,58259,1942,939799,1911500
3286,112,90,58147,1964,939889,1701800
3287,85,93,58062,1956,939982,1844900
3288,88,97,57974,1947,940079,1763700
3289,98,98,57876,1947,940177,1842000
3290,100,93,57776,1954,940270,1811400
3291,89,106,57687,1937,940376,1742200
3292,114,94,57573,1957,940470,1735700
3293,93,91,57480,1959,940561,1957500
3294,103,87,57377,1975,940648,2112000
3295,91,95,57286,1971,940743,1918800
3296,91,105,57195,1957,940848,1949000
3297,93,92,57102,1958,940940,2032600
3298,94,113,57008,1939,941053,1853100
3299,82,85,56926,1936,941138,1835100
3300,104,73,56822,1967,941211,1946900
3301,92,76,56730,1983,941287,1908400
3302,97,90,56633,1990,941377,1782100
3303,95,87,56538,1998,941464,1710800
3304,96,88,56442,2006,941552,1738000
3305,72,110,56370,1968,941662,1850100
3306,86,74,56284,1980,941736,1809500
3307,97,99,56187,1978,941835,1751500
3308,93,90,56094,1981,941925,1780100
3309,93,103,56001,1971,942028,1996800
3310,86,102,55915,1955,942130,1759300
3311,91,107,55824,1939,942237,2299900
3312,92,112,55732,1919,942349,1825600
3313,91,94,55641,1916,942443,1771800
3314,85,98,55556,1903,942541,1888200
3315,85,88,55471,1900,942629,1740800
3316,87,100,55384,1887,942729,1729000
3317,79,100,55305,1866,942829,2092800
3318,87,92,55218,1861,942921,1856800
3319,88,83,55130,1866,943004,1829800
3320,77,93,55053,1850,943097,1801400
3321,87,77,54966,1860,943174,1816200
3322,91,92,54875,1859,943266,1800600
3323,96,90,54779,1865,943356,1805400
3324,89,90,54690,1864,943446,1862700
3325,86,93,54604,1857,943539,1865600
3326,86,98,54518,1845,943637,1847100
3327,80,90,54438,1835,943727,1897500
3328,92,91,54346,1836,943818,1858400
3329,86,115,54260,1807,943933,1736300
3330,93,89,54167,1811,944022,1888700
3331,77,91,54090,1797,944113,1808200
3332,91,76,53999,1812,944189,1753200
3333,94,104,53905,1802,944293,1926600
3334,79,86,53826,1795,944379,1792200
3335,99,90,53727,1804,944469,1729700
3336,84,86,53643,1802,944555,2105000
3337,85,69,53558,1818,944624,1749300
3338,91,97,53467,1812,944721,1766400
3339,86,101,53381,1797,944822,1816700
3340,89,88,53292,1798,944910,1701000
3341,81,91,53211,1788,945001,1843400
3342,95,93,53116,1790,945094,1852400
3343,88,95,53028,1783,945189,1821800
3344,70,106,52958,1747,945295,1790900
3345,102,103,52856,1746,945398,1782600
3346,73,77,52783,1742,945475,1978100
3347,89,82,52694,1749,945557,1913400
3348,77,82,52617,1744,945639,1750600
3349,77,92,52540,1729,945731,1770700
3350,86,99,52454,1716,945830,1798600
3351,77,79,52377,1714,945909,1772800
3352,85,77,52292,1722,945986,1797700
3353,91,86,52201,1727,946072,1727300
3354,85,63,52116,1749,946135,1776200
3355,81,92,52035,1738,946227,1790200
3356,78,88,51957,1728,946315,1838600
3357,79,84,51878,1723,946399,1787700
3358,97,85,51781,1735,946484,1730400
3359,92,101,51689,1726,946585,1799000
3360,89,82,51600,1733,946667,1792100
3361,100,87,51500,1746,946754,1947000
3362,89,90,51411,1745,946844,1849300
3363,90,93,51321,1742,946937,1961900
3364,92,90,51229,1744,947027,2139600
3365,94,67,51135,1771,947094,2007200
3366,91,84,51044,1778,947178,2023500
3367,89,93,50955,1774,947271,1880900
3368,87,102,50868,1759,947373,1838700
3369,94,101,50774,1752,947474,1828700
3370,73,96,50701,1729,947570,1843500
3371,108,101,50593,1736,947671,2168000
3372,92,87,50501,1741,947758,1869400
3373,103,76,50398,1768,947834,1827000
3374,90,79,50308,1779,947913,1840900
3375,84,103,50224,1760,948016,1883100
3376,92,78,50132,1774,948094,1946300
3377,97,92,50035,1779,948186,1899500
3378,84,96,49951,1767,948282,1836000
3379,86,83,49865,1770,948365,1924000
3380,84,95,49781,1759,948460,1846800
3381,81,90,49700,1750,948550,1879900
3382,90,80,49610,1760,948630,1827500
3383,92,99,49518,1753,948729,1831600
3384,86,110,49432,1729,948839,1843600
3385,85,82,49347,1732,948921,1832200
3386,88,79,49259,1741,949000,1866000
3387,86,86,49173,1741,949086,1864000
3388,87,90,49086,1738,949176,1832000
3389,85,88,49001,1735,949264,1833000
3390,98,87,48903,1746,949351,1872800
3391,85,107,48818,1724,949458,1844900
3392,87,100,48731,1711,949558,1843400
3393,83,82,48648,1712,949640,1890600
3394,76,72,48572,1716,949712,1951500
3395,84,94,48488,1706,949806,1943600
3396,94,74,48394,1726,949880,1800400
3397,106,91,48288,1741,949971,1766500
3398,81,93,48207,1729,950064,1853100
3399,76,81,48131,1724,950145,1815500
3400,83,80,48048,1727,950225,1824500
3401,89,73,47959,1743,950298,1858600
3402,73,74,47886,1742,950372,1819900
3403,69,87,47817,1724,950459,1809500
3404,76,76,47741,1724,950535,1755700
3405,84,97,47657,1711,950632,1778800
3406,73,98,47584,1686,950730,1863900
3407,76,84,47508,1678,950814,1845900
3408,76,80,47432,1674,950894,1907700
3409,84,91,47348,1667,950985,1979100
3410,75,91,47273,1651,951076,1774800
3411,78,81,47195,1648,951157,1832400
3412,82,92,47113,1638,951249,1805600
3413,70,84,47043,1624,951333,1860100
3414,84,87,46959,1621,951420,1852600
3415,81,90,46878,1612,951510,1859400
3416,70,76,46808,1606,951586,1817800
3417,82,91,46726,1597,951677,1750200
3418,75,90,46651,1582,951767,1939900
3419,79,90,46572,1571,951857,1810100
3420,76,84,46496,1563,951941,1780800
3421,77,79,46419,1561,952020,1946300
3422,75,68,46344,1568,952088,1772100
3423,77,76,46267,1569,952164,1796700
3424,88,80,46179,1577,952244,1792700
3425,79,79,46100,1577,952323,1834100
3426,66,74,46034,1569,952397,1826500
3427,86,75,45948,1580,952472,1982900
3428,77,79,45871,1578,952551,1784700
3429,75,83,45796,1570,952634,1775200
3430,78,78,45718,1570,952712,1736500
3431,73,74,45645,1569,952786,1796400
3432,78,74,45567,1573,952860,1760300
3433,76,76,45491,1573,952936,1783600
3434,83,74,45408,1582,953010,1739700
3435,80,59,45328,1603,953069,1800100
3436,81,74,45247,1610,953143,1826200
3437,73,106,45174,1577,953249,1786600
3438,76,70,45098,1583,953319,1779600
3439,78,81,45020,1580,953400,1726100
3440,60,93,44960,1547,953493,1820100
3441,63,85,44897,1525,953578,1803600
3442,69,77,44828,1517,953655,1766800
3443,71,69,44757,1519,953724,1813700
3444,65,76,44692,1508,953800,1772200
3445,70,73,44622,1505,953873,1787100
3446,63,63,44559,1505,953936,1816000
3447,79,66,44480,1518,954002,2012100
3448,58,69,44422,1507,954071,1826000
3449,68,87,44354,1488,954158,1870900
3450,74,65,44280,1497,954223,1802400
3451,50,80,44230,1467,954303,1816500
3452,69,69,44161,1467,954372,1891800
3453,85,73,44076,1479,954445,1851100
3454,52,71,44024,1460,954516,1837900
3455,69,68,43955,1461,954584,1791700
3456,61,75,43894,1447,954659,1819100
3457,53,68,43841,1432,954727,1799600
3458,75,55,43766,1452,954782,1976800
3459,57,61,43709,1448,954843,1715800
3460,60,83,43649,1425,954926,1793700
3461,54,68,43595,1411,954994,1827600
3462,68,75,43527,1404,955069,1769400
3463,50,64,43477,1390,955133,1785600
3464,48,71,43429,1367,955204,1786100
3465,58,55,43371,1370,955259,2054700
3466,61,65,43310,1366,955324,1771900
3467,65,78,43245,1353,955402,1780000
3468,63,77,43182,1339,955479,1793300
3469,46,54,43136,1331,955533,1800000
3470,68,67,43068,1332,955600,1816000
3471,61,76,43007,1317,955676,1738900
3472,75,62,42932,1330,955738,1790800
3473,67,72,42865,1325,955810,1757600
3474,74,84,42791,1315,955894,1800000
3475,53,59,42738,1309,955953,1711800
3476,67,75,42671,1301,956028,1788000
3477,67,67,42604,1301,956095,1786200
3478,56,65,42548,1292,956160,1760400
3479,70,79,42478,1283,956239,1724200
3480,68,56,42410,1295,956295,1794900
3481,64,67,42346,1292,956362,1746500
3482,71,57,42275,1306,956419,1831200
3483,66,66,42209,1306,956485,1821500
3484,59,71,42150,1294,956556,1694800
3485,66,67,42084,1293,956623,2055000
3486,68,81,42016,1280,956704,1932500
3487,64,64,41952,1280,956768,2146300
3488,61,55,41891,1286,956823,1825800
3489,64,74,41827,1276,956897,1810900
3490,66,64,41761,1278,956961,1721100
3491,64,67,41697,1275,957028,1798000
3492,53,68,41644,1260,957096,1867000
3493,62,59,41582,1263,957155,1770700
3494,65,63,41517,1265,957218,1803300
3495,82,63,41435,1284,957281,2183200
3496,68,64,41367,1288,957345,1786400
3497,53,61,41314,1280,957406,1794100
3498,71,61,41243,1290,957467,1826100
3499,69,64,41174,1295,957531,1881900
3500,60,54,41114,1301,957585,1891300
3501,76,74,41038,1303,957659,1793400
3502,68,73,40970,1298,957732,1768300
3503,63,62,40907,1299,957794,1814500
3504,61,70,40846,1290,957864,1764100
3505,75,69,40771,1296,957933,1763700
3506,72,64,40699,1304,957997,1711700
3507,61,94,40638,1271,958091,1754800
3508,60,63,40578,1268,958154,1818000
3509,62,71,40516,1259,958225,1759500
3510,56,71,40460,1244,958296,1755200
3511,61,64,40399,1241,958360,1753600
3512,69,58,40330,1252,958418,1760100
3513,41,64,40289,1229,958482,1757600
3514,66,69,40223,1226,958551,1713000
3515,59,59,40164,1226,958610,1699200
3516,53,73,40111,1206,958683,1836600
3517,58,64,40053,1200,958747,1819800
3518,56,63,39997,1193,958810,1733000
3519,57,51,39940,1199,958861,1995600
3520,64,57,39876,1206,958918,1839400
3521,58,58,39818,1206,958976,1668600
3522,45,60,39773,1191,959036,1807800
3523,46,68,39727,1169,959104,1773900
3524,64,67,39663,1166,959171,1793700
3525,52,48,39611,1170,959219,1660200
3526,57,62,39554,1165,959281,1780500
3527,59,61,39495,1163,959342,1699900
3528,53,62,39442,1154,959404,1729600
3529,49,64,39393,1139,959468,1719500
3530,56,59,39337,1136,959527,1843500
3531,49,43,39288,1142,959570,1804000
3532,53,57,39235,1138,959627,1839500
3533,52,51,39183,1139,959678,1809100
3534,45,58,39138,1126,959736,2117900
3535,49,49,39089,1126,959785,1876600
3536,57,59,39032,1124,959844,1821400
3537,62,50,38970,1136,959894,1708600
3538,62,63,38908,1135,959957,1800600
3539,56,56,38852,1135,960013,1768300
3540,51,57,38801,1129,960070,1676200
3541,56,58,38745,1127,960128,1819700
3542,39,70,38706,1096,960198,1813300
3543,59,59,38647,1096,960257,1766900
3544,48,57,38599,1087,960314,1771700
3545,55,45,38544,1097,960359,1722600
3546,60,50,38484,1107,960409,1812800
3547,52,49,38432,1110,960458,1802200
3548,64,59,38368,1115,960517,1911000
3549,61,52,38307,1124,960569,1662500
3550,61,46,38246,1139,960615,1680100
3551,64,69,38182,1134,960684,1788500
3552,60,64,38122,1130,960748,1768700
3553,61,67,38061,1124,960815,1702900
3554,57,55,38004,1126,960870,1741800
3555,54,52,37950,1128,960922,1751800
3556,57,50,37893,1135,960972,1659900
3557,52,64,37841,1123,961036,1766100
3558,58,65,37783,1116,961101,1807000
3559,54,47,37729,1123,961148,1802100
3560,64,54,37665,1133,961202,1732900
3561,47,51,37618,1129,961253,1752200
3562,67,60,37551,1136,961313,1753700
3563,57,64,37494,1129,961377,1818000
3564,57,57,37437,1129,961434,1798100
3565,63,51,37374,1141,961485,1734700
3566,58,55,37316,1144,961540,1667200
3567,52,45,37264,1151,961585,1814300
3568,67,58,37197,1160,961643,1819600
3569,59,52,37138,1167,961695,1757400
3570,65,58,37073,1174,961753,1869300
3571,65,38,37008,1201,961791,1827700
3572,62,58,36946,1205,961849,1820800
3573,63,62,36883,1206,961911,1814900
3574,69,61,36814,1214,961972,1789500
3575,78,57,36736,1235,962029,1828700
3576,61,62,36675,1234,962091,1772900
3577,69,54,36606,1249,962145,2130400
3578,75,60,36531,1264,962205,1816500
3579,64,53,36467,1275,962258,1929100
3580,68,70,36399,1273,962328,1933800
3581,70,62,36329,1281,962390,1749300
3582,62,70,36267,1273,962460,1824100
3583,82,53,36185,1302,962513,1783300
3584,74,59,36111,1317,962572,1863800
3585,70,78,36041,1309,962650,1832100
3586,61,58,35980,1312,962708,2077000
3587,74,60,35906,1326,962768,2183900
3588,60,80,35846,1306,962848,1733500
3589,65,64,35781,1307,962912,1909600
3590,65,57,35716,1315,962969,1818000
3591,71,63,35645,1323,963032,1936500
3592,75,61,35570,1337,963093,2103200
3593,76,65,35494,1348,963158,1824200
3594,62,76,35432,1334,963234,1795200
3595,73,68,35359,1339,963302,1989600
3596,73,78,35286,1334,963380,2044200
3597,74,71,35212,1337,963451,1759500
3598,58,76,35154,1319,963527,2050500
3599,62,67,35092,1314,963594,1815800
3600,74,71,35018,1317,963665,1812000
3601,66,75,34952,1308,963740,1819300
3602,54,70,34898,1292,963810,1960800
3603,76,65,34822,1303,963875,1950100
3604,65,71,34757,1297,963946,1819000
3605,63,69,34694,1291,964015,2050100
3606,57,70,34637,1278,964085,1812500
3607,73,61,34564,1290,964146,1915000
3608,62,70,34502,1282,964216,1860100
3609,58,57,34444,1283,964273,1821300
3610,59,70,34385,1272,964343,1865500
3611,46,60,34339,1258,964403,2215200
3612,60,59,34279,1259,964462,2096200
3613,59,73,34220,1245,964535,1803000
3614,50,56,34170,1239,964591,1803000
3615,50,70,34120,1219,964661,1959800
3616,54,59,34066,1214,964720,1864800
3617,56,63,34010,1207,964783,1854300
3618,61,49,33949,1219,964832,1786200
3619,57,49,33892,1227,964881,1762800
3620,61,59,33831,1229,964940,1804300
3621,58,58,33773,1229,964998,1775400
3622,58,69,33715,1218,965067,1954500
3623,45,61,33670,1202,965128,2069700
3624,55,71,33615,1186,965199,1827900
3625,45,59,33570,1172,965258,2082800
3626,61,49,33509,1184,965307,1948100
3627,66,52,33443,1198,965359,1816100
3628,64,70,33379,1192,965429,1838800
3629,71,57,33308,1206,965486,1808300
3630,42,61,33266,1187,965547,1829600
3631,41,67,33225,1161,965614,2111400
3632,65,61,33160,1165,965675,1965400
3633,55,58,33105,1162,965733,1839600
3634,60,61,33045,1161,965794,1960100
3635,54,57,32991,1158,965851,2017300
3636,61,77,32930,1142,965928,1820900
3637,53,63,32877,1132,965991,1765300
3638,63,66,32814,1129,966057,1818400
3639,59,47,32755,1141,966104,2185700
3640,54,66,32701,1129,966170,2299600
3641,44,42,32657,1131,966212,1846100
3642,55,57,32602,1129,966269,1834000
3643,49,60,32553,1118,966329,1819600
3644,52,66,32501,1104,966395,1948200
3645,68,66,32433,1106,966461,1919800
3646,59,50,32374,1115,966511,1785200
3647,51,63,32323,1103,966574,1815500
3648,62,60,32261,1105,966634,2020100
3649,60,52,32201,1113,966686,2030600
3650,59,58,32142,1114,966744,1992600
3651,62,55,32080,1121,966799,1837600
3652,57,54,32023,1124,966853,2149500
3653,65,79,31958,1110,966932,1852300
3654,54,57,31904,1107,966989,1821100
3655,57,51,31847,1113,967040,1986100
3656,72,61,31775,1124,967101,1846200
3657,53,56,31722,1121,967157,1827000
3658,51,42,31671,1130,967199,1810900
3659,84,59,31587,1155,967258,1999700
3660,58,65,31529,1148,967323,1976800
3661,56,67,31473,1137,967390,1836200
3662,66,49,31407,1154,967439,1810000
3663,61,55,31346,1160,967494,1830300
3664,66,66,31280,1160,967560,2009000
3665,56,48,31224,1168,967608,1940000
3666,51,62,31173,1157,967670,2095700
3667,49,50,31124,1156,967720,2112500
3668,54,60,31070,1150,967780,1849900
3669,42,42,31028,1150,967822,1807600
3670,66,55,30962,1161,967877,2012900
3671,60,46,30902,1175,967923,1842300
3672,51,65,30851,1161,967988,1829000
3673,56,65,30795,1152,968053,1872400
3674,56,39,30739,1169,968092,2297300
3675,58,53,30681,1174,968145,2096500
3676,48,65,30633,1157,968210,2061000
3677,50,70,30583,1137,968280,1827400
3678,74,57,30509,1154,968337,1842100
3679,52,71,30457,1135,968408,1838700
3680,48,47,30409,1136,968455,2113800
3681,59,64,30350,1131,968519,1921000
3682,58,59,30292,1130,968578,1867000
3683,46,55,30246,1121,968633,2154200
3684,53,47,30193,1127,968680,2137600
3685,55,46,30138,1136,968726,1828400
3686,57,58,30081,1135,968784,1865700
3687,65,49,30016,1151,968833,1827100
3688,51,68,29965,1134,968901,2126000
3689,41,65,29924,1110,968966,1815600
3690,55,50,29869,1115,969016,1885300
3691,51,56,29818,1110,969072,2075400
3692,57,52,29761,1115,969124,1793800
3693,52,50,29709,1117,969174,1792500
3694,70,55,29639,1132,969229,1793500
3695,54,43,29585,1143,969272,1886800
3696,36,46,29549,1133,969318,1815500
3697,45,61,29504,1117,969379,2053000
3698,49,55,29455,1111,969434,1831300
3699,58,51,29397,1118,969485,1893500
3700,52,54,29345,1116,969539,1824200
3701,48,53,29297,1111,969592,1789200
3702,41,46,29256,1106,969638,2090100
3703,51,63,29205,1094,969701,2287000
3704,53,47,29152,1100,969748,1808200
3705,60,54,29092,1106,969802,1801400
3706,52,51,29040,1107,969853,2148600
3707,45,72,28995,1080,969925,2092800
3708,56,56,28939,1080,969981,2018900
3709,55,47,28884,1088,970028,1801900
3710,50,49,28834,1089,970077,1795500
3711,52,58,28782,1083,970135,2148400
3712,63,62,28719,1084,970197,2101600
3713,51,63,28668,1072,970260,2082800
3714,59,52,28609,1079,970312,1801700
3715,50,51,28559,1078,970363,1815700
3716,55,45,28504,1088,970408,1824500
3717,47,48,28457,1087,970456,1786400
3718,50,64,28407,1073,970520,1812600
3719,42,43,28365,1072,970563,1791700
3720,41,55,28324,1058,970618,1805100
3721,51,54,28273,1055,970672,1808900
3722,55,49,28218,1061,970721,1842600
3723,50,40,28168,1071,970761,2099000
3724,36,61,28132,1046,970822,1808600
3725,52,45,28080,1053,970867,1809300
3726,51,64,28029,1040,970931,1793300
3727,52,54,27977,1038,970985,1801600
3728,61,70,27916,1029,971055,1788700
3729,54,46,27862,1037,971101,1786700
3730,52,45,27810,1044,971146,1778500
3731,52,48,27758,1048,971194,1791000
3732,54,51,27704,1051,971245,1810500
3733,63,62,27641,1052,971307,1839800
3734,64,48,27577,1068,971355,1785200
3735,63,58,27514,1073,971413,1954400
3736,44,50,27470,1067,971463,1785300
3737,38,51,27432,1054,971514,1793400
3738,70,52,27362,1072,971566,1840900
3739,56,44,27306,1084,971610,1999200
3740,59,49,27247,1094,971659,1789600
3741,46,52,27201,1088,971711,1801000
3742,62,54,27139,1096,971765,1802000
3743,59,54,27080,1101,971819,2200700
3744,56,60,27024,1097,971879,1811600
3745,44,60,26980,1081,971939,1806800
3746,61,45,26919,1097,971984,2012000
3747,61,53,26858,1105,972037,1799700
3748,61,50,26797,1116,972087,1812100
3749,46,53,26751,1109,972140,1807000
3750,61,49,26690,1121,972189,1800900
3751,56,63,26634,1114,972252,2101100
3752,62,61,26572,1115,972313,1991600
3753,69,54,26503,1130,972367,1896600
3754,62,54,26441,1138,972421,1945200
3755,60,76,26381,1122,972497,2021600
3756,49,54,26332,1117,972551,1813100
3757,58,49,26274,1126,972600,1903200
3758,73,58,26201,1141,972658,2073200
3759,45,50,26156,1136,972708,1784600
3760,60,48,26096,1148,972756,1859900
3761,50,48,26046,1150,972804,1814600
3762,55,63,25991,1142,972867,1938100
3763,46,58,25945,1130,972925,1972000
3764,47,58,25898,1119,972983,1802800
3765,53,59,25845,1113,973042,1893100
3766,42,49,25803,1106,973091,1812700
3767,40,74,25763,1072,973165,1797200
3768,42,52,25721,1062,973217,1871600
3769,41,45,25680,1058,973262,1800600
3770,43,63,25637,1038,973325,2089200
3771,41,47,25596,1032,973372,1975200
3772,44,53,25552,1023,973425,1935800
3773,38,57,25514,1004,973482,1929800
3774,37,52,25477,989,973534,1793100
3775,47,45,25430,991,973579,1789200
3776,44,52,25386,983,973631,1808900
3777,42,34,25344,991,973665,1792600
3778,51,45,25293,997,973710,1791500
3779,37,46,25256,988,973756,1790300
3780,41,48,25215,981,973804,2114200
3781,32,53,25183,960,973857,1923100
3782,41,48,25142,953,973905,1811000
3783,38,52,25104,939,973957,1799100
3784,35,49,25069,925,974006,1931200
3785,37,55,25032,907,974061,1814000
3786,37,52,24995,892,974113,1787700
3787,36,45,24959,883,974158,1818600
3788,38,53,24921,868,974211,2033700
3789,52,32,24869,888,974243,1987200
3790,42,47,24827,883,974290,1810400
3791,40,51,24787,872,974341,1805200
3792,41,45,24746,868,974386,1836000
3793,48,39,24698,877,974425,1823200
3794,50,43,24648,884,974468,1828000
3795,41,46,24607,879,974514,1818400
3796,43,41,24564,881,974555,1879200
3797,53,53,24511,881,974608,1808800
3798,47,47,24464,881,974655,1800300
3799,48,59,24416,870,974714,1802500
3800,37,53,24379,854,974767,1792500
3801,40,37,24339,857,974804,1805300
3802,49,40,24290,866,974844,1755700
3803,39,38,24251,867,974882,1796900
3804,39,34,24212,872,974916,1856100
3805,40,39,24172,873,974955,1756000
3806,52,44,24120,881,974999,1798800
3807,46,43,24074,884,975042,2015600
3808,42,48,24032,878,975090,1977200
3809,44,26,23988,896,975116,1828100
3810,32,47,23956,881,975163,1811600
3811,36,36,23920,881,975199,2054500
3812,43,38,23877,886,975237,2086800
3813,42,32,23835,896,975269,1824400
3814,47,56,23788,887,975325,1824500
3815,38,39,23750,886,975364,2043600
3816,46,47,23704,885,975411,1986300
3817,37,48,23667,874,975459,1809600
3818,47,36,23620,885,975495,1794900
3819,40,47,23580,878,975542,1787500
3820,43,31,23537,890,975573,1921700
3821,35,31,23502,894,975604,1783900
3822,32,47,23470,879,975651,1752300
3823,48,39,23422,888,975690,1825100
3824,45,48,23377,885,975738,1983100
3825,42,39,23335,888,975777,2156400
3826,36,47,23299,877,975824,2089700
3827,34,46,23265,865,975870,1797200
3828,52,36,23213,881,975906,1826800
3829,46,49,23167,878,975955,1802000
3830,37,50,23130,865,976005,1793600
3831,33,41,23097,857,976046,1791000
3832,47,40,23050,864,976086,1796400
3833,39,47,23011,856,976133,1861500
3834,30,48,22981,838,976181,2128900
3835,54,34,22927,858,976215,1928000
3836,45,35,22882,868,976250,1791600
3837,46,42,22836,872,976292,1804900
3838,53,36,22783,889,976328,1788500
3839,45,46,22738,888,976374,1741900
3840,41,39,22697,890,976413,1795000
3841,42,47,22655,885,976460,1742700
3842,47,31,22608,901,976491,1789900
3843,43,44,22565,900,976535,1763800
3844,42,45,22523,897,976580,1753100
3845,40,63,22483,874,976643,1800500
3846,33,46,22450,861,976689,1807400
3847,42,40,22408,863,976729,1794000
3848,46,48,22362,861,976777,1963000
3849,42,38,22320,865,976815,1965700
3850,35,49,22285,851,976864,1999300
3851,29,37,22256,843,976901,1843000
3852,38,55,22218,826,976956,2307700
3853,47,40,22171,833,976996,1765000
3854,31,44,22140,820,977040,1892400
3855,39,42,22101,817,977082,1792800
3856,35,49,22066,803,977131,1985000
3857,44,36,22022,811,977167,1811200
3858,42,35,21980,818,977202,1915300
3859,33,35,21947,816,977237,1946300
3860,41,38,21906,819,977275,1816700
3861,37,39,21869,817,977314,1775100
3862,36,44,21833,809,977358,1794400
3863,32,56,21801,785,977414,1789400
3864,34,43,21767,776,977457,1824400
3865,43,42,21724,777,977499,2078100
3866,39,44,21685,772,977543,2059100
3867,38,40,21647,770,977583,2116900
3868,34,45,21613,759,977628,1816400
3869,38,32,21575,765,977660,2036000
3870,36,25,21539,776,977685,1799000
3871,40,48,21499,768,977733,1796600
3872,33,45,21466,756,977778,1834700
3873,33,37,21433,752,977815,1803700
3874,43,33,21390,762,977848,1786300
3875,38,46,21352,754,977894,1760500
3876,29,41,21323,742,977935,1791900
3877,50,41,21273,751,977976,2315800
3878,41,41,21232,751,978017,2069900
3879,40,37,21192,754,978054,1872800
3880,30,35,21162,749,978089,1840500
3881,48,34,21114,763,978123,1856000
3882,30,40,21084,753,978163,1797200
3883,36,32,21048,757,978195,2070200
3884,37,33,21011,761,978228,1757500
3885,34,33,20977,762,978261,1952100
3886,32,21,20945,773,978282,1772700
3887,35,32,20910,776,978314,1801500
3888,45,39,20865,782,978353,1775500
3889,27,36,20838,773,978389,1792200
3890,42,44,20796,771,978433,1796700
3891,47,43,20749,775,978476,1797800
3892,42,43,20707,774,978519,1793600
3893,43,52,20664,765,978571,1799800
3894,45,43,20619,767,978614,1755400
3895,45,39,20574,773,978653,1784600
3896,31,38,20543,766,978691,2011500
3897,38,34,20505,770,978725,1763300
3898,48,46,20457,772,978771,1911100
3899,33,38,20424,767,978809,1799400
3900,36,31,20388,772,978840,1797600
3901,47,38,20341,781,978878,1920300
3902,45,31,20296,795,978909,1772300
3903,36,41,20260,790,978950,1893200
3904,40,43,20220,787,978993,1784900
3905,40,39,20180,788,979032,1985800
3906,35,35,20145,788,979067,1977600
3907,37,48,20108,777,979115,1959300
3908,50,34,20058,793,979149,1774400
3909,41,38,20017,796,979187,2142300
3910,32,48,19985,780,979235,1876900
3911,43,45,19942,778,979280,1757400
3912,43,43,19899,778,979323,1807000
3913,43,35,19856,786,979358,1803100
3914,31,41,19825,776,979399,1790700
3915,38,41,19787,773,979440,1788900
3916,45,41,19742,777,979481,1791300
3917,28,30,19714,775,979511,1940700
3918,36,37,19678,774,979548,1757000
3919,42,30,19636,786,979578,1988700
3920,39,46,19597,779,979624,1794000
3921,30,26,19567,783,979650,2028400
3922,39,52,19528,770,979702,1975100
3923,33,36,19495,767,979738,1958100
3924,35,38,19460,764,979776,1848300
3925,34,42,19426,756,979818,1873200
3926,34,39,19392,751,979857,1912800
3927,31,49,19361,733,979906,1907700
3928,39,48,19322,724,979954,2093900
3929,31,42,19291,713,979996,1806900
3930,29,32,19262,710,980028,1855100
3931,23,46,19239,687,980074,1788900
3932,27,37,19212,677,980111,1786300
3933,29,38,19183,668,980149,1950500
3934,32,22,19151,678,980171,1950500
3935,31,31,19120,678,980202,1794200
3936,39,38,19081,679,980240,1774400
3937,35,46,19046,668,980286,2149700
3938,37,35,19009,670,980321,1789200
3939,36,31,18973,675,980352,2007600
3940,27,38,18946,664,980390,1791400
3941,31,23,18915,672,980413,1786700
3942,29,41,18886,660,980454,1789900
3943,32,34,18854,658,980488,1825000
3944,26,40,18828,644,980528,1907500
3945,25,36,18803,633,980564,1813700
3946,27,36,18776,624,980600,1883000
3947,31,31,18745,624,980631,1837400
3948,27,29,18718,622,980660,1766200
3949,35,37,18683,620,980697,1799300
3950,28,43,18655,605,980740,1797200
3951,29,29,18626,605,980769,2052000
3952,25,33,18601,597,980802,1995300
3953,31,23,18570,605,980825,1787600
3954,27,33,18543,599,980858,1904000
3955,22,31,18521,590,980889,1903200
3956,22,29,18499,583,980918,1828200
3957,24,36,18475,571,980954,1845800
3958,28,41,18447,558,980995,1792800
3959,25,25,18422,558,981020,1936500
3960,25,26,18397,557,981046,1791400
3961,27,23,18370,561,981069,1863400
3962,28,23,18342,566,981092,1859200
3963,27,24,18315,569,981116,1965300
3964,33,26,18282,576,981142,1906800
3965,33,23,18249,586,981165,1993700
3966,29,26,18220,589,981191,2197000
3967,34,29,18186,594,981220,1835800
3968,19,27,18167,586,981247,1831500
3969,27,31,18140,582,981278,1858100
3970,35,26,18105,591,981304,1799000
3971,30,29,18075,592,981333,1791300
3972,23,30,18052,585,981363,1802600
3973,26,26,18026,585,981389,1737400
3974,35,30,17991,590,981419,1791800
3975,27,29,17964,588,981448,1876800
3976,26,21,17938,593,981469,1996900
3977,33,23,17905,603,981492,1748300
3978,34,33,17871,604,981525,1800800
3979,28,29,17843,603,981554,2097500
3980,41,23,17802,621,981577,2108100
3981,28,32,17774,617,981609,1792000
3982,36,34,17738,619,981643,1812400
3983,41,30,17697,630,981673,1821100
3984,27,32,17670,625,981705,2057900
3985,29,33,17641,621,981738,1983300
3986,27,27,17614,621,981765,2031600
3987,30,30,17584,621,981795,1986400
3988,30,33,17554,618,981828,1799000
3989,29,36,17525,611,981864,1801000
3990,53,33,17472,631,981897,1926900
3991,32,22,17440,641,981919,1836000
3992,19,28,17421,632,981947,1796700
3993,21,31,17400,622,981978,2204200
3994,35,40,17365,617,982018,1840200
3995,30,33,17335,614,982051,1823500
3996,37,39,17298,612,982090,1940500
3997,26,39,17272,599,982129,1756700
3998,26,24,17246,601,982153,1933800
3999,28,34,17218,595,982187,1823000
4000,22,32,17196,585,982219,1743500
4001,27,44,17169,568,982263,1791700
4002,32,30,17137,570,982293,1755400
4003,23,32,17114,561,982325,1801100
4004,22,23,17092,560,982348,1800000
4005,27,30,17065,557,982378,1909500
4006,34,28,17031,563,982406,1957300
4007,18,35,17013,546,982441,2289900
4008,22,25,16991,543,982466,2040300
4009,24,28,16967,539,982494,1831800
4010,28,24,16939,543,982518,1843000
4011,23,25,16916,541,982543,2065200
4012,28,26,16888,543,982569,2039000
4013,21,25,16867,539,982594,1978400
4014,20,25,16847,534,982619,1735800
4015,18,28,16829,524,982647,1968900
4016,25,36,16804,513,982683,1961600
4017,19,24,16785,508,982707,1779700
4018,23,23,16762,508,982730,1940100
4019,14,27,16748,495,982757,1767700
4020,18,25,16730,488,982782,1798900
4021,19,19,16711,488,982801,1828300
4022,23,29,16688,482,982830,1801900
4023,26,16,16662,492,982846,1790500
4024,14,30,16648,476,982876,1724900
4025,30,18,16618,488,982894,1887100
4026,26,23,16592,491,982917,1938800
4027,36,20,16556,507,982937,1770600
4028,23,30,16533,500,982967,1810100
4029,24,24,16509,500,982991,1739700
4030,36,20,16473,516,983011,1789000
4031,26,30,16447,512,983041,1737100
4032,25,22,16422,515,983063,1873800
4033,25,36,16397,504,983099,1852800
4034,23,28,16374,499,983127,1988900
4035,27,21,16347,505,983148,1833100
4036,29,32,16318,502,983180,1806400
4037,27,28,16291,501,983208,1914400
4038,27,31,16264,497,983239,2197700
4039,31,23,16233,505,983262,1864500
4040,31,26,16202,510,983288,1821500
4041,32,24,16170,518,983312,2022800
4042,33,27,16137,524,983339,1993300
4043,25,28,16112,521,983367,1816600
4044,20,27,16092,514,983394,1734300
4045,31,30,16061,515,983424,1777400
4046,25,28,16036,512,983452,1807300
4047,18,25,16018,505,983477,1877200
4048,16,27,16002,494,983504,1842200
4049,19,21,15983,492,983525,1793600
4050,13,23,15970,482,983548,1793100
4051,13,25,15957,470,983573,1792900
4052,20,25,15937,465,983598,1837000
4053,16,25,15921,456,983623,1748800
4054,14,22,15907,448,983645,1720700
4055,19,21,15888,446,983666,1780100
4056,21,21,15867,446,983687,1829800
4057,18,28,15849,436,983715,2080000
4058,12,30,15837,418,983745,1988800
4059,12,19,15825,411,983764,1981700
4060,17,17,15808,411,983781,1941900
4061,17,19,15791,409,983800,1927000
4062,10,18,15781,401,983818,1819900
4063,12,23,15769,390,983841,1845200
4064,19,27,15750,382,983868,1896100
4065,12,16,15738,378,983884,1871600
4066,11,23,15727,366,983907,1856100
4067,22,26,15705,362,983933,1778400
4068,12,20,15693,354,983953,1750900
4069,10,24,15683,340,983977,1811100
4070,20,11,15663,349,983988,1818700
4071,14,20,15649,343,984008,2134800
4072,9,21,15640,331,984029,1798100
4073,17,18,15623,330,984047,1852400
4074,12,20,15611,322,984067,2197500
4075,13,11,15598,324,984078,1774200
4076,4,14,15594,314,984092,1829500
4077,11,21,15583,304,984113,1824400
4078,10,19,15573,295,984132,1840100
4079,11,17,15562,289,984149,1836300
4080,4,13,15558,280,984162,1818700
4081,9,15,15549,274,984177,1883800
4082,12,13,15537,273,984190,1821800
4083,13,15,15524,271,984205,1942100
4084,8,14,15516,265,984219,1761900
4085,15,10,15501,270,984229,1800400
4086,5,15,15496,260,984244,1813100
4087,11,10,15485,261,984254,1787100
4088,10,16,15475,255,984270,1816500
4089,6,10,15469,251,984280,1872000
4090,5,12,15464,244,984292,1872600
4091,8,14,15456,238,984306,1761300
4092,4,15,15452,227,984321,1982500
4093,6,13,15446,220,984334,1739900
4094,5,11,15441,214,984345,1972800
4095,5,11,15436,208,984356,1808800
4096,2,12,15434,198,984368,1802600
4097,3,11,15431,190,984379,1765400
4098,4,5,15427,189,984384,1893800
4099,2,8,15425,183,984392,1838500
4100,1,8,15424,176,984400,2045900
4101,4,5,15420,175,984405,1803600
4102,4,8,15416,171,984413,1728900
4103,2,9,15414,164,984422,1737300
4104,1,6,15413,159,984428,1929900
4105,3,9,15410,153,984437,1751500
4106,3,9,15407,147,984446,1724200
4107,3,10,15404,140,984456,2050500
4108,2,9,15402,133,984465,2003200
4109,2,6,15400,129,984471,1766600
4110,1,7,15399,123,984478,1740100
4111,2,7,15397,118,984485,2001900
4112,0,9,15397,109,984494,1741400
4113,1,3,15396,107,984497,1743700
4114,1,6,15395,102,984503,1730400
4115,0,5,15395,97,984508,1942900
4116,0,3,15395,94,984511,2233200
4117,1,7,15394,88,984518,1895700
4118,1,5,15393,84,984523,1885100
4119,0,4,15393,80,984527,2095200
4120,0,3,15393,77,984530,1887700
4121,0,5,15393,72,984535,1903500
4122,0,3,15393,69,984538,1827500
4123,0,4,15393,65,984542,1815500
4124,0,2,15393,63,984544,1738700
4125,1,2,15392,62,984546,1807800
4126,0,5,15392,57,984551,1731000
4127,1,2,15391,56,984553,1797300
4128,0,4,15391,52,984557,1808900
4129,0,1,15391,51,984558,2206200
4130,1,1,15390,51,984559,1817200
4131,0,0,15390,51,984559,1920800
4132,1,1,15389,51,984560,1863800
4133,0,3,15389,48,984563,1795500
4134,0,1,15389,47,984564,2012400
4135,0,5,15389,42,984569,2041600
4136,0,1,15389,41,984570,1890900
4137,0,1,15389,40,984571,2110000
4138,0,1,15389,39,984572,1721700
4139,0,1,15389,38,984573,1745800
4140,0,2,15389,36,984575,1988000
4141,0,1,15389,35,984576,1761000
4142,1,1,15388,35,984577,1791400
4143,0,1,15388,34,984578,1814300
4144,0,0,15388,34,984578,2190900
4145,0,2,15388,32,984580,2049000
4146,0,4,15388,28,984584,1912500
4147,0,0,15388,28,984584,1821900
4148,0,1,15388,27,984585,1747900
4149,0,0,15388,27,984585,1902100
4150,0,0,15388,27,984585,1823500
4151,0,2,15388,25,984587,1793500
4152,0,1,15388,24,984588,1812800
4153,0,1,15388,23,984589,1697200
4154,0,0,15388,23,984589,1909400
4155,0,1,15388,22,984590,1861100
4156,0,0,15388,22,984590,1845800
4157,0,1,15388,21,984591,1718800
4158,0,0,15388,21,984591,1795500
4159,0,1,15388,20,984592,1741800
4160,0,2,15388,18,984594,1856200
4161,0,1,15388,17,984595,1713600
4162,0,1,15388,16,984596,2054000
4163,0,1,15388,15,984597,1928600
4164,0,2,15388,13,984599,1787700
4165,0,0,15388,13,984599,2181200
4166,0,1,15388,12,984600,2027200
4167,0,0,15388,12,984600,1867100
4168,0,0,15388,12,984600,1810600
4169,0,1,15388,11,984601,1733800
4170,0,2,15388,9,984603,1829900
4171,0,0,15388,9,984603,2005700
4172,0,1,15388,8,984604,1843200
4173,0,0,15388,8,984604,1805300
4174,0,0,15388,8,984604,1942400
4175,0,0,15388,8,984604,1737200
4176,0,0,15388,8,984604,1714400
4177,0,0,15388,8,984604,2077200
4178,0,0,15388,8,984604,2003400
4179,0,0,15388,8,984604,1735600
4180,0,0,15388,8,984604,1966200
4181,0,0,15388,8,984604,1775800
4182,0,1,15388,7,984605,1790400
4183,0,2,15388,5,984607,1807100
4184,0,0,15388,5,984607,1793300
4185,0,1,15388,4,984608,1817400
4186,0,0,15388,4,984608,1770400
4187,0,0,15388,4,984608,1815800
4188,0,0,15388,4,984608,1811300
4189,0,0,15388,4,984608,1797800
4190,0,0,15388,4,984608,1782800
4191,0,0,15388,4,984608,1879500
4192,0,0,15388,4,984608,1759900
4193,0,0,15388,4,984608,1763400
4194,0,0,15388,4,984608,1748700
4195,0,0,15388,4,984608,1758500
4196,0,0,15388,4,984608,1773000
4197,0,0,15388,4,984608,1728400
4198,0,0,15388,4,984608,1741000
4199,0,1,15388,3,984609,1792000
4200,0,0,15388,3,984609,1795800
4201,0,0,15388,3,984609,1798100
4202,0,0,15388,3,984609,1771900
4203,0,0,15388,3,984609,1941700
4204,0,0,15388,3,984609,2048300
4205,0,0,15388,3,984609,1747000
4206,0,0,15388,3,984609,1727700
4207,0,0,15388,3,984609,1751800
4208,0,0,15388,3,984609,1833400
4209,0,0,15388,3,984609,1945200
4210,0,0,15388,3,984609,1843400
4211,0,0,15388,3,984609,1825700
4212,0,0,15388,3,984609,1757500
4213,0,0,15388,3,984609,1921700
4214,0,0,15388,3,984609,1792600
4215,0,0,15388,3,984609,1837000
4216,0,0,15388,3,984609,1854600
4217,0,0,15388,3,984609,1782000
4218,0,0,15388,3,984609,1805200
4219,0,0,15388,3,984609,1733600
4220,0,0,15388,3,984609,1748800
4221,0,0,15388,3,984609,1760300
4222,0,0,15388,3,984609,1755100
4223,0,0,15388,3,984609,1801800
4224,0,0,15388,3,984609,1761500
4225,0,1,15388,2,984610,1803700
4226,0,0,15388,2,984610,1786100
4227,0,0,15388,2,984610,1687100
4228,0,0,15388,2,984610,1787500
4229,0,0,15388,2,984610,1791800
4230,0,0,15388,2,984610,1781000
4231,0,0,15388,2,984610,2145000
4232,0,0,15388,2,984610,1980800
4233,0,0,15388,2,984610,1981100
4234,0,0,15388,2,984610,1816000
4235,0,0,15388,2,984610,1879900
4236,0,0,15388,2,984610,1735600
4237,0,0,15388,2,984610,2048800
4238,0,0,15388,2,984610,1791400
4239,0,0,15388,2,984610,1791500
4240,0,0,15388,2,984610,1784200
4241,0,0,15388,2,984610,1748500
4242,0,0,15388,2,984610,1969500
4243,0,0,15388,2,984610,1960400
4244,0,1,15388,1,984611,1775200
4245,0,0,15388,1,984611,1704700
4246,0,0,15388,1,984611,1790900
4247,0,0,15388,1,984611,1815500
4248,0,0,15388,1,984611,1818900
4249,0,0,15388,1,984611,1982900
4250,0,0,15388,1,984611,1874700
4251,0,0,15388,1,984611,1742900
4252,0,0,15388,1,984611,1822100
4253,0,0,15388,1,984611,1744900
4254,0,0,15388,1,984611,1833300
4255,0,0,15388,1,984611,2044700
4256,0,0,15388,1,984611,1873000
4257,0,0,15388,1,984611,2140700
4258,0,0,15388,1,984611,1929200
4259,0,0,15388,1,984611,1823300
4260,0,0,15388,1,984611,1807200
4261,0,0,15388,1,984611,1791700
4262,0,1,15388,0,984612,1786600
