Tick,NewlyInfected,NewlyRecovered,TotalSusceptible,TotalInfected,TotalRecovered,StepTimeNanos
0,1,1,999994,5,1,43840300
1,3,0,999991,8,1,12118200
2,4,1,999987,11,2,2481100
3,5,1,999982,15,3,2538200
4,4,0,999978,19,3,2509300
5,5,1,999973,23,4,2145100
6,4,1,999969,26,5,1932500
7,2,0,999967,28,5,2550500
8,6,4,999961,30,9,2394700
9,4,2,999957,32,11,2194900
10,6,1,999951,37,12,1816000
11,4,0,999947,41,12,2469800
12,6,1,999941,46,13,1737800
13,3,3,999938,46,16,1501800
14,4,3,999934,47,19,1579800
15,5,1,999929,51,20,2990900
16,8,4,999921,55,24,4933300
17,7,2,999914,60,26,9195900
18,5,3,999909,62,29,5981100
19,7,3,999902,66,32,3672700
20,9,3,999893,72,35,2434300
21,11,2,999882,81,37,3435100
22,9,4,999873,86,41,3837100
23,7,9,999866,84,50,2517900
24,6,2,999860,88,52,2551900
25,12,5,999848,95,57,2102600
26,10,2,999838,103,59,2146900
27,12,5,999826,110,64,5472800
28,6,5,999820,111,69,2100200
29,10,7,999810,114,76,2096200
30,13,6,999797,121,82,2133300
31,8,7,999789,122,89,2022800
32,11,7,999778,126,96,1884800
33,13,8,999765,131,104,1923500
34,9,8,999756,132,112,1844400
35,11,4,999745,139,116,2027200
36,11,6,999734,144,122,2021500
37,16,13,999718,147,135,1990500
38,12,6,999706,153,141,2102400
39,19,4,999687,168,145,1971700
40,21,5,999666,184,150,2197500
41,16,14,999650,186,164,1953300
42,14,6,999636,194,170,1970500
43,16,9,999620,201,179,1961300
44,14,9,999606,206,188,1961700
45,18,9,999588,215,197,1966600
46,14,10,999574,219,207,1894900
47,21,7,999553,233,214,2007200
48,12,15,999541,230,229,1946200
49,28,15,999513,243,244,1832400
50,17,15,999496,245,259,1810000
51,14,11,999482,248,270,1816500
52,19,10,999463,257,280,1919800
53,21,15,999442,263,295,1804000
54,19,9,999423,273,304,1806700
55,25,10,999398,288,314,1835200
56,27,14,999371,301,328,1817700
57,22,12,999349,311,340,2074300
58,29,15,999320,325,355,1813800
59,30,16,999290,339,371,1808200
60,21,9,999269,351,380,1811400
61,25,15,999244,361,395,1721800
62,26,15,999218,372,410,2063200
63,30,21,999188,381,431,1756400
64,20,18,999168,383,449,1775100
65,28,18,999140,393,467,1773300
66,34,14,999106,413,481,1792700
67,27,20,999079,420,501,1851000
68,36,22,999043,434,523,1862400
69,31,19,999012,446,542,1885000
70,33,26,998979,453,568,2316800
71,29,27,998950,455,595,2135800
72,30,24,998920,461,619,1948100
73,27,19,998893,469,638,1896600
74,35,16,998858,488,654,1898500
75,37,17,998821,508,671,1881600
76,36,21,998785,523,692,1819400
77,35,30,998750,528,722,2171600
78,45,26,998705,547,748,1853300
79,36,28,998669,555,776,1933200
80,41,30,998628,566,806,1881500
81,38,32,998590,572,838,2260700
82,45,23,998545,594,861,2018700
83,42,34,998503,602,895,1904800
84,32,31,998471,603,926,1982300
85,47,38,998424,612,964,1925900
86,33,29,998391,616,993,1858700
87,45,32,998346,629,1025,2025800
88,44,43,998302,630,1068,1859300
89,49,38,998253,641,1106,1991500
90,42,44,998211,639,1150,2024500
91,38,33,998173,644,1183,2061700
92,44,37,998129,651,1220,1903500
93,42,28,998087,665,1248,1930200
94,47,25,998040,687,1273,1953800
95,50,34,997990,703,1307,2219900
96,55,38,997935,720,1345,1934800
97,46,40,997889,726,1385,1866100
98,55,40,997834,741,1425,1941700
99,56,38,997778,759,1463,1860100
100,48,37,997730,770,1500,1927800
101,62,44,997668,788,1544,1968000
102,52,28,997616,812,1572,1876900
103,66,43,997550,835,1615,1970600
104,58,41,997492,852,1656,2147400
105,71,43,997421,880,1699,2081800
106,58,40,997363,898,1739,1843100
107,55,42,997308,911,1781,1795400
108,38,39,997270,910,1820,1908200
109,62,54,997208,918,1874,1888800
110,67,46,997141,939,1920,2156900
111,53,55,997088,937,1975,1851500
112,50,54,997038,933,2029,1839100
113,56,47,996982,942,2076,1877600
114,45,47,996937,940,2123,1975000
115,49,51,996888,938,2174,1849600
116,44,54,996844,928,2228,1870900
117,58,55,996786,931,2283,1881300
118,70,54,996716,947,2337,2251400
119,54,49,996662,952,2386,1951100
120,57,56,996605,953,2442,2155900
121,56,44,996549,965,2486,1865500
122,50,68,996499,947,2554,2035800
123,44,47,996455,944,2601,1815300
124,45,42,996410,947,2643,1874300
125,47,49,996363,945,2692,2265500
126,41,49,996322,937,2741,1915900
127,48,52,996274,933,2793,2033600
128,52,43,996222,942,2836,1810700
129,63,51,996159,954,2887,1882100
130,65,41,996094,978,2928,1967100
131,56,37,996038,997,2965,1903700
132,66,42,995972,1021,3007,1967300
133,58,48,995914,1031,3055,1966600
134,63,49,995851,1045,3104,1992200
135,60,39,995791,1066,3143,1904600
136,77,61,995714,1082,3204,1879400
137,66,63,995648,1085,3267,1969400
138,70,56,995578,1099,3323,1826000
139,76,51,995502,1124,3374,1929600
140,63,57,995439,1130,3431,1890200
141,65,58,995374,1137,3489,2053500
142,61,55,995313,1143,3544,1858900
143,61,39,995252,1165,3583,1940100
144,70,54,995182,1181,3637,1948900
145,72,60,995110,1193,3697,1857900
146,55,68,995055,1180,3765,1807500
147,68,60,994987,1188,3825,1793800
148,74,58,994913,1204,3883,1887500
149,78,65,994835,1217,3948,2045100
150,62,54,994773,1225,4002,1884200
151,76,58,994697,1243,4060,1917700
152,80,70,994617,1253,4130,1978200
153,82,54,994535,1281,4184,2180400
154,70,52,994465,1299,4236,1952700
155,73,64,994392,1308,4300,1846900
156,72,78,994320,1302,4378,2131100
157,72,80,994248,1294,4458,1925600
158,79,64,994169,1309,4522,1953600
159,67,59,994102,1317,4581,1958600
160,84,70,994018,1331,4651,1876500
161,82,63,993936,1350,4714,1906200
162,74,77,993862,1347,4791,1824300
163,71,75,993791,1343,4866,1849300
164,96,62,993695,1377,4928,1884900
165,71,78,993624,1370,5006,2002600
166,75,77,993549,1368,5083,1912400
167,72,78,993477,1362,5161,1826600
168,95,63,993382,1394,5224,1887000
169,90,59,993292,1425,5283,1822100
170,89,61,993203,1453,5344,1952600
171,95,55,993108,1493,5399,1964800
172,90,59,993018,1524,5458,1991200
173,89,75,992929,1538,5533,1922500
174,84,87,992845,1535,5620,1834700
175,80,71,992765,1544,5691,1815100
176,101,78,992664,1567,5769,2068400
177,83,73,992581,1577,5842,1906300
178,87,77,992494,1587,5919,1979600
179,79,83,992415,1583,6002,1952300
180,112,97,992303,1598,6099,1863600
181,99,88,992204,1609,6187,1952100
182,89,82,992115,1616,6269,1880800
183,91,88,992024,1619,6357,2185600
184,98,87,991926,1630,6444,1857500
185,85,89,991841,1626,6533,2207000
186,78,63,991763,1641,6596,1927300
187,94,75,991669,1660,6671,2242200
188,88,110,991581,1638,6781,1939700
189,93,75,991488,1656,6856,2143300
190,88,88,991400,1656,6944,1964300
191,95,88,991305,1663,7032,1849600
192,100,93,991205,1670,7125,2069600
193,92,79,991113,1683,7204,1829900
194,87,81,991026,1689,7285,1926500
195,92,81,990934,1700,7366,1891700
196,94,90,990840,1704,7456,1867500
197,83,75,990757,1712,7531,1853800
198,90,95,990667,1707,7626,1785800
199,92,86,990575,1713,7712,1794200
200,88,86,990487,1715,7798,2029600
201,88,83,990399,1720,7881,1799700
202,86,83,990313,1723,7964,1841700
203,84,112,990229,1695,8076,1927200
204,89,76,990140,1708,8152,1856900
205,88,70,990052,1726,8222,2453900
206,98,81,989954,1743,8303,2110100
207,107,82,989847,1768,8385,2246300
208,109,83,989738,1794,8468,1954900
209,105,96,989633,1803,8564,1804300
210,84,90,989549,1797,8654,1772900
211,100,80,989449,1817,8734,1790400
212,80,92,989369,1805,8826,1780100
213,107,88,989262,1824,8914,1941000
214,103,89,989159,1838,9003,1809400
215,100,95,989059,1843,9098,1868700
216,90,91,988969,1842,9189,1744400
217,96,105,988873,1833,9294,1748700
218,104,90,988769,1847,9384,1739500
219,102,96,988667,1853,9480,2134000
220,100,87,988567,1866,9567,1998600
221,100,89,988467,1877,9656,1739200
222,101,81,988366,1897,9737,1779700
223,84,92,988282,1889,9829,1759800
224,92,97,988190,1884,9926,1776400
225,90,84,988100,1890,10010,1798300
226,115,84,987985,1921,10094,1774000
227,95,106,987890,1910,10200,1784400
228,96,94,987794,1912,10294,1766600
229,95,85,987699,1922,10379,1744300
230,113,106,987586,1929,10485,1732900
231,114,94,987472,1949,10579,1719900
232,119,87,987353,1981,10666,1737100
233,109,110,987244,1980,10776,1731900
234,116,107,987128,1989,10883,1769800
235,105,88,987023,2006,10971,1731600
236,109,100,986914,2015,11071,1721000
237,111,103,986803,2023,11174,1709900
238,109,113,986694,2019,11287,1720200
239,102,94,986592,2027,11381,1844100
240,103,95,986489,2035,11476,1644600
241,112,80,986377,2067,11556,1656500
242,112,104,986265,2075,11660,1762800
243,123,100,986142,2098,11760,1909700
244,111,98,986031,2111,11858,1732800
245,114,101,985917,2124,11959,2023600
246,122,111,985795,2135,12070,1816300
247,117,110,985678,2142,12180,1793400
248,144,105,985534,2181,12285,1765000
249,115,104,985419,2192,12389,2081600
250,123,114,985296,2201,12503,2348800
251,130,109,985166,2222,12612,1949000
252,107,113,985059,2216,12725,2050700
253,118,110,984941,2224,12835,1824800
254,112,119,984829,2217,12954,1848000
255,122,104,984707,2235,13058,2104200
256,142,109,984565,2268,13167,2017100
257,118,107,984447,2279,13274,2004100
258,126,111,984321,2294,13385,2044100
259,122,130,984199,2286,13515,1821500
260,101,99,984098,2288,13614,1791400
261,125,117,983973,2296,13731,1775400
262,125,115,983848,2306,13846,1747800
263,122,112,983726,2316,13958,1732500
264,96,119,983630,2293,14077,1996300
265,137,133,983493,2297,14210,1909900
266,112,104,983381,2305,14314,1762900
267,119,132,983262,2292,14446,1756200
268,129,99,983133,2322,14545,1805000
269,130,114,983003,2338,14659,1748900
270,131,121,982872,2348,14780,1783000
271,136,105,982736,2379,14885,1899300
272,119,105,982617,2393,14990,2038700
273,148,125,982469,2416,15115,1999100
274,124,115,982345,2425,15230,1740500
275,114,133,982231,2406,15363,1729000
276,129,128,982102,2407,15491,2035000
277,113,113,981989,2407,15604,1775300
278,136,121,981853,2422,15725,1812300
279,133,127,981720,2428,15852,1953500
280,127,112,981593,2443,15964,1740500
281,138,119,981455,2462,16083,1972500
282,119,117,981336,2464,16200,1794100
283,117,100,981219,2481,16300,1864700
284,129,121,981090,2489,16421,1785200
285,128,134,980962,2483,16555,2067700
286,151,102,980811,2532,16657,1775000
287,148,120,980663,2560,16777,2148200
288,136,144,980527,2552,16921,1781200
289,145,106,980382,2591,17027,1781900
290,146,154,980236,2583,17181,1779700
291,146,135,980090,2594,17316,1776900
292,158,117,979932,2635,17433,1774500
293,138,115,979794,2658,17548,1771700
294,157,154,979637,2661,17702,2076400
295,153,147,979484,2667,17849,1960300
296,151,111,979333,2707,17960,1807500
297,141,129,979192,2719,18089,1785400
298,124,124,979068,2719,18213,1758900
299,153,130,978915,2742,18343,1751200
300,157,146,978758,2753,18489,1956100
301,133,136,978625,2750,18625,1846200
302,146,151,978479,2745,18776,1747900
303,161,145,978318,2761,18921,1811600
304,142,111,978176,2792,19032,1785600
305,149,145,978027,2796,19177,1781900
306,158,111,977869,2843,19288,1766400
307,154,129,977715,2868,19417,1785800
308,141,138,977574,2871,19555,1805600
309,137,122,977437,2886,19677,1891800
310,142,156,977295,2872,19833,1763300
311,144,127,977151,2889,19960,1759500
312,136,143,977015,2882,20103,1728700
313,144,145,976871,2881,20248,1973900
314,148,175,976723,2854,20423,1760900
315,129,126,976594,2857,20549,1745100
316,159,141,976435,2875,20690,1732300
317,161,140,976274,2896,20830,1743300
318,148,156,976126,2888,20986,1788300
319,158,158,975968,2888,21144,1706000
320,156,134,975812,2910,21278,1677500
321,161,162,975651,2909,21440,1917100
322,143,160,975508,2892,21600,1721300
323,162,144,975346,2910,21744,1735800
324,144,154,975202,2900,21898,1724800
325,146,136,975056,2910,22034,1885800
326,160,142,974896,2928,22176,1745000
327,138,151,974758,2915,22327,1999500
328,157,150,974601,2922,22477,2137400
329,167,146,974434,2943,22623,1789500
330,166,139,974268,2970,22762,1779200
331,174,146,974094,2998,22908,1796300
332,154,161,973940,2991,23069,1802100
333,139,163,973801,2967,23232,2007400
334,159,141,973642,2985,23373,1750300
335,150,145,973492,2990,23518,1731900
336,151,156,973341,2985,23674,1725400
337,140,127,973201,2998,23801,1725100
338,144,156,973057,2986,23957,2099600
339,157,153,972900,2990,24110,1726300
340,175,169,972725,2996,24279,2197200
341,183,152,972542,3027,24431,1836400
342,145,179,972397,2993,24610,1764000
343,155,138,972242,3010,24748,1805300
344,177,147,972065,3040,24895,1718000
345,150,143,971915,3047,25038,1810000
346,154,170,971761,3031,25208,1732900
347,142,147,971619,3026,25355,1918000
348,161,164,971458,3023,25519,1784100
349,158,149,971300,3032,25668,1773800
350,169,155,971131,3046,25823,1763300
351,179,167,970952,3058,25990,1987800
352,172,147,970780,3083,26137,1766000
353,164,164,970616,3083,26301,1773800
354,159,177,970457,3065,26478,1771800
355,175,158,970282,3082,26636,2371000
356,153,152,970129,3083,26788,1795800
357,167,142,969962,3108,26930,1762600
358,181,154,969781,3135,27084,1752200
359,168,169,969613,3134,27253,1792000
360,163,146,969450,3151,27399,1768100
361,169,160,969281,3160,27559,1789100
362,188,161,969093,3187,27720,2064000
363,171,164,968922,3194,27884,1928000
364,177,158,968745,3213,28042,2102500
365,179,159,968566,3233,28201,1824800
366,175,155,968391,3253,28356,1808200
367,167,142,968224,3278,28498,1783600
368,172,164,968052,3286,28662,1794600
369,171,175,967881,3282,28837,1814800
370,176,178,967705,3280,29015,1716300
371,163,152,967542,3291,29167,2077100
372,182,151,967360,3322,29318,1860600
373,174,159,967186,3337,29477,1885300
374,173,173,967013,3337,29650,2074600
375,169,170,966844,3336,29820,1837900
376,175,174,966669,3337,29994,2034900
377,192,165,966477,3364,30159,1860500
378,176,176,966301,3364,30335,1842500
379,172,139,966129,3397,30474,1924900
380,188,167,965941,3418,30641,1818000
381,179,158,965762,3439,30799,1816600
382,180,157,965582,3462,30956,2020000
383,210,185,965372,3487,31141,1815200
384,196,173,965176,3510,31314,1767000
385,172,197,965004,3485,31511,1769200
386,199,167,964805,3517,31678,1712900
387,182,184,964623,3515,31862,1691900
388,168,189,964455,3494,32051,1817400
389,193,195,964262,3492,32246,2052500
390,193,179,964069,3506,32425,1826300
391,176,186,963893,3496,32611,1988500
392,193,194,963700,3495,32805,1769000
393,189,173,963511,3511,32978,1756200
394,173,176,963338,3508,33154,1958400
395,196,173,963142,3531,33327,1807200
396,191,188,962951,3534,33515,1725700
397,189,158,962762,3565,33673,1776700
398,190,186,962572,3569,33859,1751300
399,174,184,962398,3559,34043,2097100
400,197,202,962201,3554,34245,1743300
401,183,153,962018,3584,34398,1712500
402,188,185,961830,3587,34583,1709900
403,206,173,961624,3620,34756,1817700
404,191,175,961433,3636,34931,1936600
405,186,178,961247,3644,35109,1814700
406,200,180,961047,3664,35289,2087800
407,189,179,960858,3674,35468,1753900
408,190,184,960668,3680,35652,2004900
409,178,180,960490,3678,35832,1804400
410,170,191,960320,3657,36023,1794600
411,206,180,960114,3683,36203,1837700
412,184,176,959930,3691,36379,1830400
413,209,172,959721,3728,36551,2065500
414,192,166,959529,3754,36717,1793000
415,220,194,959309,3780,36911,1796500
416,205,182,959104,3803,37093,1770700
417,229,208,958875,3824,37301,1768200
418,228,149,958647,3903,37450,1799700
419,219,227,958428,3895,37677,1954800
420,205,214,958223,3886,37891,2044800
421,223,205,958000,3904,38096,2117600
422,181,184,957819,3901,38280,1807200
423,189,167,957630,3923,38447,1773600
424,196,180,957434,3939,38627,1780500
425,207,194,957227,3952,38821,1750100
426,201,198,957026,3955,39019,2018000
427,205,186,956821,3974,39205,1775900
428,216,179,956605,4011,39384,1785500
429,206,197,956399,4020,39581,1770700
430,220,185,956179,4055,39766,1784300
431,237,196,955942,4096,39962,1744000
432,206,211,955736,4091,40173,1837600
433,205,216,955531,4080,40389,1742900
434,212,204,955319,4088,40593,1752500
435,214,212,955105,4090,40805,1789300
436,221,225,954884,4086,41030,1995600
437,213,217,954671,4082,41247,1912100
438,209,191,954462,4100,41438,2133600
439,213,195,954249,4118,41633,1863800
440,216,206,954033,4128,41839,1870700
441,230,217,953803,4141,42056,1854000
442,226,226,953577,4141,42282,1934100
443,200,227,953377,4114,42509,2032000
444,193,185,953184,4122,42694,1937900
445,210,232,952974,4100,42926,1888100
446,189,188,952785,4101,43114,1921900
447,171,174,952614,4098,43288,1931500
448,170,192,952444,4076,43480,1909000
449,198,216,952246,4058,43696,1907100
450,191,191,952055,4058,43887,1860400
451,194,198,951861,4054,44085,2030200
452,221,218,951640,4057,44303,1850200
453,187,198,951453,4046,44501,1815100
454,198,210,951255,4034,44711,1860100
455,190,214,951065,4010,44925,1843200
456,200,185,950865,4025,45110,1980900
457,199,246,950666,3978,45356,1855200
458,197,197,950469,3978,45553,1865800
459,203,203,950266,3978,45756,1823900
460,206,192,950060,3992,45948,1814200
461,204,204,949856,3992,46152,1829500
462,180,178,949676,3994,46330,1816700
463,188,209,949488,3973,46539,1810900
464,195,218,949293,3950,46757,1938500
465,190,184,949103,3956,46941,1781200
466,194,196,948909,3954,47137,2055100
467,226,204,948683,3976,47341,2044200
468,206,183,948477,3999,47524,1928500
469,198,229,948279,3968,47753,2327700
470,214,213,948065,3969,47966,2021700
471,219,187,947846,4001,48153,2146100
472,235,198,947611,4038,48351,1863600
473,251,209,947360,4080,48560,1848300
474,246,181,947114,4145,48741,1819800
475,226,195,946888,4176,48936,1832900
476,218,222,946670,4172,49158,1780900
477,210,228,946460,4154,49386,1822300
478,199,196,946261,4157,49582,1851200
479,242,212,946019,4187,49794,1811300
480,225,202,945794,4210,49996,1903100
481,210,216,945584,4204,50212,1850700
482,230,203,945354,4231,50415,1899100
483,229,228,945125,4232,50643,1898800
484,206,238,944919,4200,50881,1896400
485,220,240,944699,4180,51121,2000800
486,217,197,944482,4200,51318,1987900
487,220,196,944262,4224,51514,1978700
488,246,201,944016,4269,51715,1841500
489,209,199,943807,4279,51914,2043200
490,251,215,943556,4315,52129,2142200
491,219,218,943337,4316,52347,1971400
492,223,213,943114,4326,52560,2234100
493,237,195,942877,4368,52755,2119300
494,217,215,942660,4370,52970,1930000
495,211,194,942449,4387,53164,1905600
496,233,206,942216,4414,53370,1812200
497,213,220,942003,4407,53590,1891300
498,230,216,941773,4421,53806,1870800
499,266,208,941507,4479,54014,1807500
500,227,237,941280,4469,54251,2037300
501,264,227,941016,4506,54478,1938300
502,226,219,940790,4513,54697,2509500
503,239,243,940551,4509,54940,2045200
504,214,235,940337,4488,55175,1878800
505,228,238,940109,4478,55413,1863000
506,221,202,939888,4497,55615,1863100
507,218,228,939670,4487,55843,1883200
508,247,231,939423,4503,56074,2191100
509,242,208,939181,4537,56282,1820400
510,233,237,938948,4533,56519,1806000
511,238,207,938710,4564,56726,1809500
512,238,249,938472,4553,56975,2027100
513,255,243,938217,4565,57218,2432800
514,228,236,937989,4557,57454,1882800
515,238,233,937751,4562,57687,1903600
516,261,236,937490,4587,57923,1897000
517,202,257,937288,4532,58180,1894300
518,232,226,937056,4538,58406,1958800
519,217,246,936839,4509,58652,1899700
520,244,203,936595,4550,58855,1903600
521,236,248,936359,4538,59103,1880900
522,222,204,936137,4556,59307,1886400
523,237,257,935900,4536,59564,1963700
524,257,210,935643,4583,59774,1894400
525,254,213,935389,4624,59987,1790400
526,239,217,935150,4646,60204,1769700
527,254,238,934896,4662,60442,2029800
528,224,279,934672,4607,60721,1859500
529,226,232,934446,4601,60953,1958800
530,212,247,934234,4566,61200,1888300
531,250,220,933984,4596,61420,1909200
532,224,241,933760,4579,61661,1898100
533,234,225,933526,4588,61886,1889000
534,247,228,933279,4607,62114,1893800
535,243,230,933036,4620,62344,1813900
536,248,227,932788,4641,62571,1813400
537,230,236,932558,4635,62807,1771800
538,233,222,932325,4646,63029,1846000
539,253,247,932072,4652,63276,1946800
540,260,238,931812,4674,63514,2038000
541,232,220,931580,4686,63734,1843200
542,239,256,931341,4669,63990,1818000
543,249,245,931092,4673,64235,1908200
544,254,222,930838,4705,64457,1873200
545,228,212,930610,4721,64669,1949800
546,225,227,930385,4719,64896,1859100
547,239,237,930146,4721,65133,1836800
548,245,253,929901,4713,65386,1884100
549,255,230,929646,4738,65616,1848500
550,240,225,929406,4753,65841,1814300
551,251,240,929155,4764,66081,1831900
552,248,246,928907,4766,66327,2089900
553,257,242,928650,4781,66569,2032100
554,235,250,928415,4766,66819,1867100
555,238,222,928177,4782,67041,1870500
556,219,242,927958,4759,67283,1871600
557,247,219,927711,4787,67502,1882200
558,267,243,927444,4811,67745,1885900
559,253,236,927191,4828,67981,1889900
560,252,202,926939,4878,68183,1859800
561,232,210,926707,4900,68393,1891500
562,272,265,926435,4907,68658,1954600
563,222,236,926213,4893,68894,1889000
564,231,236,925982,4888,69130,1826400
565,240,235,925742,4893,69365,1806100
566,257,242,925485,4908,69607,2001300
567,255,249,925230,4914,69856,2154200
568,246,252,924984,4908,70108,1928700
569,235,240,924749,4903,70348,1804300
570,253,226,924496,4930,70574,2316100
571,258,242,924238,4946,70816,1797700
572,244,245,923994,4945,71061,1749200
573,268,286,923726,4927,71347,1729200
574,260,266,923466,4921,71613,1812300
575,258,240,923208,4939,71853,1994100
576,257,233,922951,4963,72086,1812600
577,280,248,922671,4995,72334,1777600
578,267,255,922404,5007,72589,1900200
579,279,252,922125,5034,72841,1829300
580,240,246,921885,5028,73087,1827900
581,244,260,921641,5012,73347,1845600
582,261,257,921380,5016,73604,2139900
583,250,256,921130,5010,73860,2324500
584,255,253,920875,5012,74113,2011100
585,265,249,920610,5028,74362,1885400
586,250,258,920360,5020,74620,2001600
587,267,261,920093,5026,74881,1899200
588,248,260,919845,5014,75141,1903900
589,290,264,919555,5040,75405,1779100
590,235,243,919320,5032,75648,1883200
591,256,249,919064,5039,75897,1782600
592,249,244,918815,5044,76141,2122700
593,264,243,918551,5065,76384,1833100
594,259,283,918292,5041,76667,1789200
595,267,227,918025,5081,76894,1749100
596,267,241,917758,5107,77135,1725300
597,280,269,917478,5118,77404,1725200
598,255,296,917223,5077,77700,1736000
599,244,257,916979,5064,77957,2032900
600,283,253,916696,5094,78210,1846800
601,271,265,916425,5100,78475,2005400
602,251,245,916174,5106,78720,1805700
603,260,233,915914,5133,78953,1983100
604,255,229,915659,5159,79182,1858600
605,278,260,915381,5177,79442,1874600
606,260,282,915121,5155,79724,1951100
607,250,285,914871,5120,80009,1812000
608,234,248,914637,5106,80257,1855400
609,222,265,914415,5063,80522,1889800
610,262,264,914153,5061,80786,1910000
611,262,253,913891,5070,81039,1893100
612,273,253,913618,5090,81292,1883100
613,283,242,913335,5131,81534,1891800
614,264,255,913071,5140,81789,1797500
615,297,260,912774,5177,82049,1899700
616,263,268,912511,5172,82317,1766300
617,309,272,912202,5209,82589,1827000
618,268,246,911934,5231,82835,1869300
619,264,272,911670,5223,83107,1759800
620,259,267,911411,5215,83374,1830600
621,291,265,911120,5241,83639,1896300
622,274,296,910846,5219,83935,1780300
623,285,274,910561,5230,84209,2150000
624,266,265,910295,5231,84474,1804900
625,269,272,910026,5228,84746,1825900
626,275,283,909751,5220,85029,1998300
627,296,251,909455,5265,85280,1807900
628,295,271,909160,5289,85551,2006100
629,274,256,908886,5307,85807,1840000
630,266,272,908620,5301,86079,1861400
631,281,234,908339,5348,86313,1919800
632,285,285,908054,5348,86598,1946800
633,301,253,907753,5396,86851,2229100
634,279,280,907474,5395,87131,1760900
635,278,252,907196,5421,87383,1732900
636,292,277,906904,5436,87660,1742100
637,279,285,906625,5430,87945,1753200
638,309,257,906316,5482,88202,1733900
639,288,275,906028,5495,88477,1949200
640,293,281,905735,5507,88758,1823300
641,273,253,905462,5527,89011,1831400
642,291,277,905171,5541,89288,1823200
643,294,257,904877,5578,89545,1834800
644,304,309,904573,5573,89854,1911300
645,262,304,904311,5531,90158,1762800
646,309,273,904002,5567,90431,1838900
647,304,276,903698,5595,90707,1795000
648,294,287,903404,5602,90994,2141700
649,271,300,903133,5573,91294,1812400
650,315,286,902818,5602,91580,1721900
651,282,284,902536,5600,91864,1936900
652,285,256,902251,5629,92120,1785800
653,263,300,901988,5592,92420,1747000
654,299,258,901689,5633,92678,1719500
655,326,267,901363,5692,92945,1795400
656,318,283,901045,5727,93228,1902700
657,288,304,900757,5711,93532,1798600
658,283,294,900474,5700,93826,2128500
659,306,270,900168,5736,94096,1889200
660,300,320,899868,5716,94416,2104200
661,293,301,899575,5708,94717,1888300
662,288,286,899287,5710,95003,1951400
663,278,290,899009,5698,95293,1888400
664,289,294,898720,5693,95587,1888700
665,269,291,898451,5671,95878,1816100
666,302,305,898149,5668,96183,1916900
667,299,286,897850,5681,96469,1797500
668,276,297,897574,5660,96766,1806100
669,271,282,897303,5649,97048,1892500
670,279,255,897024,5673,97303,1783600
671,266,288,896758,5651,97591,1920200
672,302,288,896456,5665,97879,2056500
673,303,283,896153,5685,98162,1817000
674,293,293,895860,5685,98455,1791900
675,309,281,895551,5713,98736,1827800
676,315,259,895236,5769,98995,1762000
677,305,280,894931,5794,99275,1738600
678,324,270,894607,5848,99545,1736900
679,305,283,894302,5870,99828,1925600
680,315,290,893987,5895,100118,1903200
681,286,293,893701,5888,100411,1900400
682,329,283,893372,5934,100694,2018700
683,293,281,893079,5946,100975,2051600
684,304,295,892775,5955,101270,2334000
685,320,313,892455,5962,101583,2074900
686,346,290,892109,6018,101873,2021300
687,313,351,891796,5980,102224,1910600
688,334,300,891462,6014,102524,1873200
689,320,315,891142,6019,102839,1904700
690,280,298,890862,6001,103137,2002100
691,314,320,890548,5995,103457,2018900
692,309,314,890239,5990,103771,1987700
693,308,262,889931,6036,104033,1922200
694,324,318,889607,6042,104351,1934800
695,332,309,889275,6065,104660,2030300
696,317,292,888958,6090,104952,1975100
697,336,297,888622,6129,105249,2413300
698,315,321,888307,6123,105570,1967400
699,328,277,887979,6174,105847,1949700
700,318,276,887661,6216,106123,2019800
701,319,299,887342,6236,106422,1987800
702,340,296,887002,6280,106718,2030100
703,330,330,886672,6280,107048,2029200
704,336,328,886336,6288,107376,2070700
705,340,282,885996,6346,107658,2120000
706,333,320,885663,6359,107978,2009200
707,319,316,885344,6362,108294,2079600
708,328,318,885016,6372,108612,1999300
709,336,318,884680,6390,108930,1964700
710,337,315,884343,6412,109245,1951300
711,339,349,884004,6402,109594,1994100
712,324,321,883680,6405,109915,2144000
713,334,304,883346,6435,110219,2099700
714,314,336,883032,6413,110555,2201500
715,329,323,882703,6419,110878,1939800
716,311,314,882392,6416,111192,2197900
717,339,314,882053,6441,111506,2036900
718,343,309,881710,6475,111815,2066200
719,314,317,881396,6472,112132,2007400
720,322,332,881074,6462,112464,1985000
721,320,315,880754,6467,112779,1987500
722,323,347,880431,6443,113126,1982300
723,327,330,880104,6440,113456,1932700
724,328,313,879776,6455,113769,2027400
725,305,325,879471,6435,114094,1963600
726,350,291,879121,6494,114385,1920100
727,387,326,878734,6555,114711,2023400
728,355,344,878379,6566,115055,1908300
729,334,335,878045,6565,115390,1920300
730,371,326,877674,6610,115716,2015400
731,356,340,877318,6626,116056,1945700
732,364,333,876954,6657,116389,2138900
733,320,323,876634,6654,116712,2042600
734,340,351,876294,6643,117063,2195000
735,326,340,875968,6629,117403,1948100
736,365,312,875603,6682,117715,1925200
737,372,341,875231,6713,118056,2090100
738,330,329,874901,6714,118385,2026000
739,329,312,874572,6731,118697,2033900
740,357,342,874215,6746,119039,2271200
741,367,346,873848,6767,119385,1922700
742,347,355,873501,6759,119740,1992900
743,333,347,873168,6745,120087,2087300
744,341,359,872827,6727,120446,2045800
745,361,328,872466,6760,120774,1969200
746,317,327,872149,6750,121101,1913300
747,324,318,871825,6756,121419,2207800
748,347,347,871478,6756,121766,1916400
749,338,338,871140,6756,122104,2227300
750,370,343,870770,6783,122447,1949300
751,371,355,870399,6799,122802,1976400
752,377,358,870022,6818,123160,2022200
753,352,353,869670,6817,123513,1938600
754,338,323,869332,6832,123836,2032200
755,343,326,868989,6849,124162,1981500
756,335,340,868654,6844,124502,1927100
757,329,352,868325,6821,124854,1955000
758,358,371,867967,6808,125225,1929100
759,356,334,867611,6830,125559,2025900
760,358,350,867253,6838,125909,2029200
761,356,350,866897,6844,126259,2031600
762,335,331,866562,6848,126590,2077900
763,353,341,866209,6860,126931,1916100
764,375,367,865834,6868,127298,1898800
765,343,347,865491,6864,127645,2177400
766,372,310,865119,6926,127955,2033800
767,373,360,864746,6939,128315,1985200
768,383,364,864363,6958,128679,1942700
769,346,317,864017,6987,128996,1910300
770,351,366,863666,6972,129362,1948000
771,398,371,863268,6999,129733,2102600
772,372,342,862896,7029,130075,1980300
773,361,319,862535,7071,130394,1973800
774,402,358,862133,7115,130752,2277500
775,339,328,861794,7126,131080,1995100
776,364,339,861430,7151,131419,1870700
777,361,305,861069,7207,131724,2162700
778,373,364,860696,7216,132088,1972600
779,342,341,860354,7217,132429,1889800
780,363,356,859991,7224,132785,2254600
781,350,376,859641,7198,133161,2031100
782,379,378,859262,7199,133539,1930100
783,372,353,858890,7218,133892,1962100
784,385,328,858505,7275,134220,1888800
785,369,372,858136,7272,134592,2229400
786,374,337,857762,7309,134929,2338100
787,352,365,857410,7296,135294,2458300
788,375,345,857035,7326,135639,2107400
789,329,381,856706,7274,136020,1907300
790,343,385,856363,7232,136405,1994900
791,362,392,856001,7202,136797,1925500
792,353,381,855648,7174,137178,1914700
793,342,357,855306,7159,137535,1896100
794,363,355,854943,7167,137890,1887900
795,362,354,854581,7175,138244,2080600
796,344,327,854237,7192,138571,2084400
797,364,385,853873,7171,138956,2333700
798,353,349,853520,7175,139305,1908900
799,341,334,853179,7182,139639,2146500
800,359,398,852820,7143,140037,2034100
801,358,364,852462,7137,140401,1947100
802,359,330,852103,7166,140731,2049100
803,345,356,851758,7155,141087,1939900
804,359,362,851399,7152,141449,2215600
805,347,336,851052,7163,141785,2034200
806,350,357,850702,7156,142142,1915900
807,354,400,850348,7110,142542,2030700
808,346,362,850002,7094,142904,2094700
809,366,349,849636,7111,143253,2098400
810,332,339,849304,7104,143592,1988600
811,346,346,848958,7104,143938,1904400
812,331,343,848627,7092,144281,2024200
813,346,331,848281,7107,144612,1995400
814,364,342,847917,7129,144954,1878000
815,347,353,847570,7123,145307,1936600
816,343,353,847227,7113,145660,2128100
817,353,332,846874,7134,145992,2096800
818,318,364,846556,7088,146356,2028300
819,350,366,846206,7072,146722,2037500
820,369,362,845837,7079,147084,1979400
821,318,374,845519,7023,147458,2027500
822,375,351,845144,7047,147809,2010400
823,369,299,844775,7117,148108,2281700
824,365,334,844410,7148,148442,1893900
825,386,380,844024,7154,148822,2007700
826,358,339,843666,7173,149161,21207100
827,375,382,843291,7166,149543,2279400
828,335,323,842956,7178,149866,2048000
829,352,352,842604,7178,150218,1983400
830,360,347,842244,7191,150565,1942600
831,376,355,841868,7212,150920,2245500
832,373,331,841495,7254,151251,1985300
833,365,348,841130,7271,151599,2261000
834,381,350,840749,7302,151949,1961800
835,375,379,840374,7298,152328,2260300
836,333,353,840041,7278,152681,1858100
837,370,388,839671,7260,153069,1808200
838,371,356,839300,7275,153425,1977500
839,394,372,838906,7297,153797,1862500
840,385,347,838521,7335,154144,1814000
841,369,361,838152,7343,154505,1837600
842,368,380,837784,7331,154885,1824300
843,376,364,837408,7343,155249,2013900
844,351,367,837057,7327,155616,2152300
845,354,356,836703,7325,155972,1825300
846,344,355,836359,7314,156327,1942700
847,396,388,835963,7322,156715,1948600
848,370,352,835593,7340,157067,1937100
849,361,382,835232,7319,157449,1819000
850,372,364,834860,7327,157813,2012000
851,377,342,834483,7362,158155,1833000
852,362,384,834121,7340,158539,1871000
853,341,375,833780,7306,158914,1978400
854,387,362,833393,7331,159276,1826100
855,357,407,833036,7281,159683,1842100
856,392,391,832644,7282,160074,1798800
857,346,389,832298,7239,160463,1928300
858,330,373,831968,7196,160836,1811000
859,367,340,831601,7223,161176,1806100
860,353,365,831248,7211,161541,1941600
861,375,349,830873,7237,161890,2041400
862,412,385,830461,7264,162275,2035700
863,381,368,830080,7277,162643,2140800
864,393,368,829687,7302,163011,2023400
865,387,377,829300,7312,163388,1884800
866,388,372,828912,7328,163760,1952600
867,360,383,828552,7305,164143,1921100
868,391,395,828161,7301,164538,1789500
869,387,354,827774,7334,164892,1784800
870,347,354,827427,7327,165246,1928500
871,371,345,827056,7353,165591,1906600
872,402,388,826654,7367,165979,1958400
873,364,373,826290,7358,166352,1816700
874,385,365,825905,7378,166717,1872800
875,379,367,825526,7390,167084,2030100
876,381,377,825145,7394,167461,1843800
877,374,371,824771,7397,167832,1956500
878,365,372,824406,7390,168204,1844200
879,356,369,824050,7377,168573,1798600
880,369,393,823681,7353,168966,2208700
881,381,362,823300,7372,169328,2213100
882,333,367,822967,7338,169695,1973900
883,365,365,822602,7338,170060,2060000
884,352,351,822250,7339,170411,2049500
885,373,354,821877,7358,170765,2007500
886,365,386,821512,7337,171151,1973400
887,366,396,821146,7307,171547,2016700
888,362,327,820784,7342,171874,1849000
889,365,351,820419,7356,172225,1991300
890,387,371,820032,7372,172596,1922800
891,375,365,819657,7382,172961,1838800
892,383,350,819274,7415,173311,1814400
893,372,401,818902,7386,173712,1803300
894,374,396,818528,7364,174108,1965300
895,402,326,818126,7440,174434,2046800
896,388,327,817738,7501,174761,1877500
897,408,378,817330,7531,175139,1817800
898,374,401,816956,7504,175540,1797400
899,357,396,816599,7465,175936,1864000
900,367,412,816232,7420,176348,1830400
901,376,370,815856,7426,176718,1965500
902,385,362,815471,7449,177080,1790400
903,370,374,815101,7445,177454,2109800
904,392,366,814709,7471,177820,2077300
905,376,363,814333,7484,178183,1992500
906,385,382,813948,7487,178565,1997200
907,373,363,813575,7497,178928,2102900
908,404,368,813171,7533,179296,1915800
909,402,372,812769,7563,179668,2101900
910,369,368,812400,7564,180036,2154900
911,353,406,812047,7511,180442,1923700
912,394,379,811653,7526,180821,1923600
913,382,352,811271,7556,181173,1923900
914,375,367,810896,7564,181540,2022400
915,360,389,810536,7535,181929,1909600
916,387,375,810149,7547,182304,1862200
917,389,356,809760,7580,182660,1879400
918,411,377,809349,7614,183037,2043800
919,383,389,808966,7608,183426,2008800
920,420,377,808546,7651,183803,1955100
921,377,374,808169,7654,184177,1941300
922,391,374,807778,7671,184551,1947300
923,413,390,807365,7694,184941,1960800
924,360,399,807005,7655,185340,1958000
925,382,400,806623,7637,185740,1963900
926,373,388,806250,7622,186128,1832400
927,378,408,805872,7592,186536,1912400
928,394,351,805478,7635,186887,1989100
929,388,382,805090,7641,187269,1825300
930,393,410,804697,7624,187679,1824900
931,430,363,804267,7691,188042,1799000
932,382,393,803885,7680,188435,1835600
933,399,422,803486,7657,188857,1864900
934,367,372,803119,7652,189229,1847900
935,362,358,802757,7656,189587,1941800
936,385,340,802372,7701,189927,1804500
937,370,390,802002,7681,190317,2141400
938,377,409,801625,7649,190726,1914800
939,393,382,801232,7660,191108,1815100
940,369,385,800863,7644,191493,1799600
941,375,377,800488,7642,191870,1801000
942,402,406,800086,7638,192276,1802700
943,393,390,799693,7641,192666,1823400
944,381,400,799312,7622,193066,1934900
945,373,382,798939,7613,193448,1930900
946,405,383,798534,7635,193831,1813800
947,408,373,798126,7670,194204,2241600
948,418,395,797708,7693,194599,1866500
949,378,401,797330,7670,195000,1857200
950,388,399,796942,7659,195399,2067800
951,395,412,796547,7642,195811,1844100
952,427,364,796120,7705,196175,1830600
953,385,398,795735,7692,196573,1828200
954,377,413,795358,7656,196986,1810000
955,424,359,794934,7721,197345,1933300
956,433,428,794501,7726,197773,1844600
957,414,404,794087,7736,198177,1837100
958,417,398,793670,7755,198575,1836700
959,429,384,793241,7800,198959,1813400
960,404,365,792837,7839,199324,1844700
961,388,386,792449,7841,199710,2108100
962,415,441,792034,7815,200151,2042100
963,391,412,791643,7794,200563,1886200
964,426,392,791217,7828,200955,1821600
965,403,375,790814,7856,201330,1871100
966,416,405,790398,7867,201735,1864600
967,402,398,789996,7871,202133,1871700
968,425,378,789571,7918,202511,1811800
969,423,410,789148,7931,202921,1953100
970,433,386,788715,7978,203307,1839400
971,419,368,788296,8029,203675,1985900
972,448,413,787848,8064,204088,1860500
973,426,401,787422,8089,204489,1873300
974,387,401,787035,8075,204890,1959000
975,407,428,786628,8054,205318,1998400
976,431,370,786197,8115,205688,1973200
977,428,367,785769,8176,206055,1823100
978,426,390,785343,8212,206445,1952700
979,391,403,784952,8200,206848,1947000
980,387,424,784565,8163,207272,1960000
981,388,406,784177,8145,207678,1920600
982,418,407,783759,8156,208085,1814900
983,427,414,783332,8169,208499,1971100
984,430,417,782902,8182,208916,1948800
985,433,432,782469,8183,209348,1854600
986,433,380,782036,8236,209728,1841500
987,456,444,781580,8248,210172,1888000
988,443,407,781137,8284,210579,1993700
989,409,409,780728,8284,210988,1883600
990,428,389,780300,8323,211377,1962300
991,433,454,779867,8302,211831,1839100
992,458,409,779409,8351,212240,1883700
993,433,395,778976,8389,212635,1993700
994,396,430,778580,8355,213065,2007000
995,396,433,778184,8318,213498,1911800
996,411,410,777773,8319,213908,1853900
997,475,421,777298,8373,214329,1838600
998,429,393,776869,8409,214722,1850800
999,411,445,776458,8375,215167,1878700
1000,430,405,776028,8400,215572,1857800
1001,456,443,775572,8413,216015,1864400
1002,390,445,775182,8358,216460,2008100
1003,425,438,774757,8345,216898,1892200
1004,445,397,774312,8393,217295,2055900
1005,420,410,773892,8403,217705,1966200
1006,389,442,773503,8350,218147,1993000
1007,443,440,773060,8353,218587,2132100
1008,435,415,772625,8373,219002,1919600
1009,421,431,772204,8363,219433,2189100
1010,448,397,771756,8414,219830,2036800
1011,446,411,771310,8449,220241,2132200
1012,403,443,770907,8409,220684,1919900
1013,423,394,770484,8438,221078,2111500
1014,440,402,770044,8476,221480,1991100
1015,450,444,769594,8482,221924,1934200
1016,458,395,769136,8545,222319,2047300
1017,458,455,768678,8548,222774,1885300
1018,409,452,768269,8505,223226,1980900
1019,433,435,767836,8503,223661,2002300
1020,444,453,767392,8494,224114,2001900
1021,420,419,766972,8495,224533,1992800
1022,416,420,766556,8491,224953,1870300
1023,430,430,766126,8491,225383,1942900
1024,395,453,765731,8433,225836,2054500
1025,447,434,765284,8446,226270,2440900
1026,417,411,764867,8452,226681,2110900
1027,398,435,764469,8415,227116,2156500
1028,437,398,764032,8454,227514,2106800
1029,417,446,763615,8425,227960,2133600
1030,441,421,763174,8445,228381,2155100
1031,418,406,762756,8457,228787,2278700
1032,443,414,762313,8486,229201,2147500
1033,408,376,761905,8518,229577,2097800
1034,432,411,761473,8539,229988,2144000
1035,451,429,761022,8561,230417,2103500
1036,388,434,760634,8515,230851,2050100
1037,426,425,760208,8516,231276,2286200
1038,430,419,759778,8527,231695,2090400
1039,459,367,759319,8619,232062,2237600
1040,437,399,758882,8657,232461,2063300
1041,473,430,758409,8700,232891,2072400
1042,429,453,757980,8676,233344,2151700
1043,452,428,757528,8700,233772,2081800
1044,457,440,757071,8717,234212,2410400
1045,430,432,756641,8715,234644,2185100
1046,455,429,756186,8741,235073,2552000
1047,447,436,755739,8752,235509,2174200
1048,463,456,755276,8759,235965,2233100
1049,461,437,754815,8783,236402,2126500
1050,435,420,754380,8798,236822,2308600
1051,486,456,753894,8828,237278,2187200
1052,430,418,753464,8840,237696,2034700
1053,495,406,752969,8929,238102,2044900
1054,471,452,752498,8948,238554,2071100
1055,422,472,752076,8898,239026,2044100
1056,499,491,751577,8906,239517,2198500
1057,458,434,751119,8930,239951,2047900
1058,437,428,750682,8939,240379,2037200
1059,465,420,750217,8984,240799,2404700
1060,445,470,749772,8959,241269,2007800
1061,468,419,749304,9008,241688,2076700
1062,449,446,748855,9011,242134,1969700
1063,450,461,748405,9000,242595,2075200
1064,479,403,747926,9076,242998,2152600
1065,451,481,747475,9046,243479,2270700
1066,450,441,747025,9055,243920,2096400
1067,448,446,746577,9057,244366,2018000
1068,446,435,746131,9068,244801,2061000
1069,448,422,745683,9094,245223,1995400
1070,470,444,745213,9120,245667,2019500
1071,510,475,744703,9155,246142,2145600
1072,475,468,744228,9162,246610,2083600
1073,445,429,743783,9178,247039,2107000
1074,475,495,743308,9158,247534,2045400
1075,445,454,742863,9149,247988,2014400
1076,456,454,742407,9151,248442,2101400
1077,468,451,741939,9168,248893,1928500
1078,407,450,741532,9125,249343,2074100
1079,459,467,741073,9117,249810,2026800
1080,450,459,740623,9108,250269,1931900
1081,461,445,740162,9124,250714,2112700
1082,473,461,739689,9136,251175,1975700
1083,446,449,739243,9133,251624,1947500
1084,490,466,738753,9157,252090,2073700
1085,499,473,738254,9183,252563,2028800
1086,451,458,737803,9176,253021,1996600
1087,451,462,737352,9165,253483,2006200
1088,465,435,736887,9195,253918,2069900
1089,476,478,736411,9193,254396,2259100
1090,443,462,735968,9174,254858,2184700
1091,456,465,735512,9165,255323,2082000
1092,454,451,735058,9168,255774,1975000
1093,429,440,734629,9157,256214,1956300
1094,487,454,734142,9190,256668,2212500
1095,462,475,733680,9177,257143,1990200
1096,444,453,733236,9168,257596,2034800
1097,431,462,732805,9137,258058,1905800
1098,478,460,732327,9155,258518,1950500
1099,472,450,731855,9177,258968,2020300
1100,451,404,731404,9224,259372,2014600
1101,493,451,730911,9266,259823,1966400
1102,428,394,730483,9300,260217,1979400
1103,456,453,730027,9303,260670,1977800
1104,465,484,729562,9284,261154,1945200
1105,485,463,729077,9306,261617,2037100
1106,488,453,728589,9341,262070,1945900
1107,434,461,728155,9314,262531,2436700
1108,479,442,727676,9351,262973,1975300
1109,465,470,727211,9346,263443,1979700
1110,485,486,726726,9345,263929,2028300
1111,501,470,726225,9376,264399,1990200
1112,500,438,725725,9438,264837,2091500
1113,482,458,725243,9462,265295,1957900
1114,469,482,724774,9449,265777,2079200
1115,499,443,724275,9505,266220,2071900
1116,483,432,723792,9556,266652,1952300
1117,503,478,723289,9581,267130,1979200
1118,449,511,722840,9519,267641,2087100
1119,493,512,722347,9500,268153,2339500
1120,445,480,721902,9465,268633,2077900
1121,518,450,721384,9533,269083,2355100
1122,473,523,720911,9483,269606,2077900
1123,525,488,720386,9520,270094,2296800
1124,484,471,719902,9533,270565,1992600
1125,483,498,719419,9518,271063,2013200
1126,492,485,718927,9525,271548,1961200
1127,505,512,718422,9518,272060,2242400
1128,510,476,717912,9552,272536,2028900
1129,473,492,717439,9533,273028,1999600
1130,496,500,716943,9529,273528,2054500
1131,500,469,716443,9560,273997,2013300
1132,515,467,715928,9608,274464,2006800
1133,501,464,715427,9645,274928,1938500
1134,533,440,714894,9738,275368,2032900
1135,493,470,714401,9761,275838,2221000
1136,489,467,713912,9783,276305,2083300
1137,505,481,713407,9807,276786,2231200
1138,528,487,712879,9848,277273,2242200
1139,477,518,712402,9807,277791,2064200
1140,482,515,711920,9774,278306,2107600
1141,500,493,711420,9781,278799,2087300
1142,504,470,710916,9815,279269,2054500
1143,500,521,710416,9794,279790,2012800
1144,468,493,709948,9769,280283,1983600
1145,488,486,709460,9771,280769,2140700
1146,477,502,708983,9746,281271,2091000
1147,478,492,708505,9732,281763,2491000
1148,495,516,708010,9711,282279,2071200
1149,491,479,707519,9723,282758,2074600
1150,494,508,707025,9709,283266,2104800
1151,472,507,706553,9674,283773,2027000
1152,463,469,706090,9668,284242,2029000
1153,491,452,705599,9707,284694,1997400
1154,486,469,705113,9724,285163,2591000
1155,471,485,704642,9710,285648,2066600
1156,488,460,704154,9738,286108,2019200
1157,451,500,703703,9689,286608,2022900
1158,479,496,703224,9672,287104,2027500
1159,480,482,702744,9670,287586,2012600
1160,483,485,702261,9668,288071,2129500
1161,492,462,701769,9698,288533,2026400
1162,460,511,701309,9647,289044,2006100
1163,438,466,700871,9619,289510,2053300
1164,458,485,700413,9592,289995,2081700
1165,494,504,699919,9582,290499,2159800
1166,496,444,699423,9634,290943,2017100
1167,525,494,698898,9665,291437,2010700
1168,451,492,698447,9624,291929,1955900
1169,477,486,697970,9615,292415,1893700
1170,454,513,697516,9556,292928,2006300
1171,484,482,697032,9558,293410,2069400
1172,459,482,696573,9535,293892,1926300
1173,453,461,696120,9527,294353,2042200
1174,516,493,695604,9550,294846,2173100
1175,468,466,695136,9552,295312,1929000
1176,472,455,694664,9569,295767,1905500
1177,478,466,694186,9581,296233,2041600
1178,497,501,693689,9577,296734,2126100
1179,468,483,693221,9562,297217,1948200
1180,492,504,692729,9550,297721,1916600
1181,524,463,692205,9611,298184,2000700
1182,469,482,691736,9598,298666,1890300
1183,541,487,691195,9652,299153,2298300
1184,500,478,690695,9674,299631,1956300
1185,543,453,690152,9764,300084,1919800
1186,465,480,689687,9749,300564,1927100
1187,535,531,689152,9753,301095,2118700
1188,545,538,688607,9760,301633,1919000
1189,519,483,688088,9796,302116,1935500
1190,498,483,687590,9811,302599,1931800
1191,526,453,687064,9884,303052,1890100
1192,545,497,686519,9932,303549,2054000
1193,539,466,685980,10005,304015,2059700
1194,513,512,685467,10006,304527,1914800
1195,548,502,684919,10052,305029,1974500
1196,543,515,684376,10080,305544,1935100
1197,508,500,683868,10088,306044,1923800
1198,507,547,683361,10048,306591,1882400
1199,547,495,682814,10100,307086,1857900
1200,506,477,682308,10129,307563,1994900
1201,507,507,681801,10129,308070,1940600
1202,481,526,681320,10084,308596,1963800
1203,517,482,680803,10119,309078,1882600
1204,484,534,680319,10069,309612,1940100
1205,526,529,679793,10066,310141,1934100
1206,504,475,679289,10095,310616,2207700
1207,476,517,678813,10054,311133,2001000
1208,503,531,678310,10026,311664,1943100
1209,504,480,677806,10050,312144,1983700
1210,533,487,677273,10096,312631,1902200
1211,508,488,676765,10116,313119,1882200
1212,502,524,676263,10094,313643,1908200
1213,510,472,675753,10132,314115,1902600
1214,505,523,675248,10114,314638,1944200
1215,472,470,674776,10116,315108,1909500
1216,513,514,674263,10115,315622,1883300
1217,496,477,673767,10134,316099,1863300
1218,512,530,673255,10116,316629,1889000
1219,540,508,672715,10148,317137,1945600
1220,499,532,672216,10115,317669,1896000
1221,469,463,671747,10121,318132,1967500
1222,506,539,671241,10088,318671,1947700
1223,533,515,670708,10106,319186,1896600
1224,514,500,670194,10120,319686,1953200
1225,520,463,669674,10177,320149,2023800
1226,511,529,669163,10159,320678,2072100
1227,472,550,668691,10081,321228,1860100
1228,555,529,668136,10107,321757,1867900
1229,510,500,667626,10117,322257,1869600
1230,508,516,667118,10109,322773,1836900
1231,493,522,666625,10080,323295,2185400
1232,501,495,666124,10086,323790,1878700
1233,526,500,665598,10112,324290,1906000
1234,515,487,665083,10140,324777,1943400
1235,531,528,664552,10143,325305,2090700
1236,547,523,664005,10167,325828,1907000
1237,537,509,663468,10195,326337,2072400
1238,495,537,662973,10153,326874,1908400
1239,521,501,662452,10173,327375,1908800
1240,529,471,661923,10231,327846,2006500
1241,547,472,661376,10306,328318,1995300
1242,527,508,660849,10325,328826,1977800
1243,555,527,660294,10353,329353,1930500
1244,556,532,659738,10377,329885,1915900
1245,532,481,659206,10428,330366,1930500
1246,584,549,658622,10463,330915,1949300
1247,548,511,658074,10500,331426,1971600
1248,522,538,657552,10484,331964,2088300
1249,543,496,657009,10531,332460,2121100
1250,568,505,656441,10594,332965,2005700
1251,545,564,655896,10575,333529,1964400
1252,557,523,655339,10609,334052,2023000
1253,561,520,654778,10650,334572,1968300
1254,534,543,654244,10641,335115,2005100
1255,537,526,653707,10652,335641,2103800
1256,543,529,653164,10666,336170,1925600
1257,571,554,652593,10683,336724,1893600
1258,584,553,652009,10714,337277,1904100
1259,580,559,651429,10735,337836,1895800
1260,543,521,650886,10757,338357,1872400
1261,546,528,650340,10775,338885,2077700
1262,538,558,649802,10755,339443,1952400
1263,542,512,649260,10785,339955,1970400
1264,553,524,648707,10814,340479,1940700
1265,570,547,648137,10837,341026,2055500
1266,517,534,647620,10820,341560,2304900
1267,550,540,647070,10830,342100,2099600
1268,569,553,646501,10846,342653,2270200
1269,572,541,645929,10877,343194,1938500
1270,556,581,645373,10852,343775,2145400
1271,563,543,644810,10872,344318,2156500
1272,551,556,644259,10867,344874,2128200
1273,568,534,643691,10901,345408,2082400
1274,518,544,643173,10875,345952,2141000
1275,531,547,642642,10859,346499,1909600
1276,550,537,642092,10872,347036,1895900
1277,548,614,641544,10806,347650,1951300
1278,530,566,641014,10770,348216,1890300
1279,522,536,640492,10756,348752,1915100
1280,551,526,639941,10781,349278,1883800
1281,530,535,639411,10776,349813,1873500
1282,552,576,638859,10752,350389,2054300
1283,559,516,638300,10795,350905,1999000
1284,556,567,637744,10784,351472,1882500
1285,551,523,637193,10812,351995,1973100
1286,536,552,636657,10796,352547,2129700
1287,551,508,636106,10839,353055,1906300
1288,496,520,635610,10815,353575,1886100
1289,533,511,635077,10837,354086,1870500
1290,559,514,634518,10882,354600,1969400
1291,543,581,633975,10844,355181,2106700
1292,507,580,633468,10771,355761,1914100
1293,555,542,632913,10784,356303,2043000
1294,540,518,632373,10806,356821,1897400
1295,559,541,631814,10824,357362,1893800
1296,547,556,631267,10815,357918,1928900
1297,548,524,630719,10839,358442,1917400
1298,531,519,630188,10851,358961,1889300
1299,545,521,629643,10875,359482,1864500
1300,557,556,629086,10876,360038,2179400
1301,562,522,628524,10916,360560,1920000
1302,584,554,627940,10946,361114,2108300
1303,524,550,627416,10920,361664,1879900
1304,513,517,626903,10916,362181,1909300
1305,576,501,626327,10991,362682,2172900
1306,533,512,625794,11012,363194,1965900
1307,547,530,625247,11029,363724,1938700
1308,564,563,624683,11030,364287,2002500
1309,577,513,624106,11094,364800,1914600
1310,558,575,623548,11077,365375,1957400
1311,528,542,623020,11063,365917,1931500
1312,536,589,622484,11010,366506,1916900
1313,542,545,621942,11007,367051,2050800
1314,530,564,621412,10973,367615,2057000
1315,540,513,620872,11000,368128,1962500
1316,559,595,620313,10964,368723,2016300
1317,525,539,619788,10950,369262,2116900
1318,558,534,619230,10974,369796,1995500
1319,549,527,618681,10996,370323,2035400
1320,575,561,618106,11010,370884,1990700
1321,586,556,617520,11040,371440,2131700
1322,553,577,616967,11016,372017,1965900
1323,544,535,616423,11025,372552,2127900
1324,538,584,615885,10979,373136,2000500
1325,584,498,615301,11065,373634,2089700
1326,522,525,614779,11062,374159,1937400
1327,543,561,614236,11044,374720,2131300
1328,532,568,613704,11008,375288,2026500
1329,526,562,613178,10972,375850,2215400
1330,576,532,612602,11016,376382,1990700
1331,582,473,612020,11125,376855,1944200
1332,542,579,611478,11088,377434,1859700
1333,590,543,610888,11135,377977,2106300
1334,573,530,610315,11178,378507,1930300
1335,543,569,609772,11152,379076,1903400
1336,626,586,609146,11192,379662,2116500
1337,556,561,608590,11187,380223,2100900
1338,549,534,608041,11202,380757,2036500
1339,602,588,607439,11216,381345,2161400
1340,610,582,606829,11244,381927,2077400
1341,562,585,606267,11221,382512,1940900
1342,517,592,605750,11146,383104,1893400
1343,580,535,605170,11191,383639,1912100
1344,571,564,604599,11198,384203,2059100
1345,594,530,604005,11262,384733,1967500
1346,608,583,603397,11287,385316,2280800
1347,600,538,602797,11349,385854,2049800
1348,547,570,602250,11326,386424,1916900
1349,585,539,601665,11372,386963,1885600
1350,603,571,601062,11404,387534,1916600
1351,642,556,600420,11490,388090,2105700
1352,591,581,599829,11500,388671,1912500
1353,567,594,599262,11473,389265,1921900
1354,627,583,598635,11517,389848,1919800
1355,571,588,598064,11500,390436,1918600
1356,593,555,597471,11538,390991,1887000
1357,610,548,596861,11600,391539,2092900
1358,609,562,596252,11647,392101,1922000
1359,562,625,595690,11584,392726,1926300
1360,558,600,595132,11542,393326,2095200
1361,604,568,594528,11578,393894,2273300
1362,566,531,593962,11613,394425,2035000
1363,585,588,593377,11610,395013,2174900
1364,552,591,592825,11571,395604,2116400
1365,554,591,592271,11534,396195,1925400
1366,562,555,591709,11541,396750,2001000
1367,584,553,591125,11572,397303,2103500
1368,577,536,590548,11613,397839,2001900
1369,586,566,589962,11633,398405,1935000
1370,584,601,589378,11616,399006,1977900
1371,578,576,588800,11618,399582,2123300
1372,575,608,588225,11585,400190,2250600
1373,571,550,587654,11606,400740,1976300
1374,587,584,587067,11609,401324,1985800
1375,569,575,586498,11603,401899,2186600
1376,612,556,585886,11659,402455,2223500
1377,629,556,585257,11732,403011,2053300
1378,596,624,584661,11704,403635,2110500
1379,609,584,584052,11729,404219,2008100
1380,599,584,583453,11744,404803,2086600
1381,622,588,582831,11778,405391,1987400
1382,611,584,582220,11805,405975,2053000
1383,601,601,581619,11805,406576,2173400
1384,585,539,581034,11851,407115,2059500
1385,534,560,580500,11825,407675,1972700
1386,598,603,579902,11820,408278,2028200
1387,581,560,579321,11841,408838,2161800
1388,584,610,578737,11815,409448,2107400
1389,559,606,578178,11768,410054,2118000
1390,580,593,577598,11755,410647,1999600
1391,586,580,577012,11761,411227,1945200
1392,577,553,576435,11785,411780,1946200
1393,600,649,575835,11736,412429,1928800
1394,578,596,575257,11718,413025,2020100
1395,580,587,574677,11711,413612,1986800
1396,565,600,574112,11676,414212,1974500
1397,581,556,573531,11701,414768,1987400
1398,640,554,572891,11787,415322,1976900
1399,605,584,572286,11808,415906,1978000
1400,607,533,571679,11882,416439,1914600
1401,563,595,571116,11850,417034,1993900
1402,613,585,570503,11878,417619,1997700
1403,624,589,569879,11913,418208,1985000
1404,584,632,569295,11865,418840,1950200
1405,577,586,568718,11856,419426,2154300
1406,566,560,568152,11862,419986,1959100
1407,566,630,567586,11798,420616,2149200
1408,559,582,567027,11775,421198,1972600
1409,594,542,566433,11827,421740,1926500
1410,585,579,565848,11833,422319,2054800
1411,572,569,565276,11836,422888,1957300
1412,569,631,564707,11774,423519,1968000
1413,566,578,564141,11762,424097,1984300
1414,594,557,563547,11799,424654,2289700
1415,587,564,562960,11822,425218,2126200
1416,578,577,562382,11823,425795,2027300
1417,559,555,561823,11827,426350,1923400
1418,584,593,561239,11818,426943,1980600
1419,569,578,560670,11809,427521,1965400
1420,575,608,560095,11776,428129,2013000
1421,561,613,559534,11724,428742,1904800
1422,581,590,558953,11715,429332,2109400
1423,570,592,558383,11693,429924,1961700
1424,624,589,557759,11728,430513,1995500
1425,605,580,557154,11753,431093,2114800
1426,580,585,556574,11748,431678,1925400
1427,564,592,556010,11720,432270,1943200
1428,599,562,555411,11757,432832,1951000
1429,640,581,554771,11816,433413,1926200
1430,679,594,554092,11901,434007,1920400
1431,594,582,553498,11913,434589,2119000
1432,630,567,552868,11976,435156,1934900
1433,619,622,552249,11973,435778,1873400
1434,584,629,551665,11928,436407,1946700
1435,664,618,551001,11974,437025,2072700
1436,618,610,550383,11982,437635,1986600
1437,629,617,549754,11994,438252,2184900
1438,606,584,549148,12016,438836,2136900
1439,643,582,548505,12077,439418,1958100
1440,624,606,547881,12095,440024,1970900
1441,612,617,547269,12090,440641,1982100
1442,629,614,546640,12105,441255,1985400
1443,632,608,546008,12129,441863,2010000
1444,639,578,545369,12190,442441,1967500
1445,598,639,544771,12149,443080,1980200
1446,616,611,544155,12154,443691,2087200
1447,637,603,543518,12188,444294,2080900
1448,618,585,542900,12221,444879,1927300
1449,635,615,542265,12241,445494,1975700
1450,631,612,541634,12260,446106,1968600
1451,644,671,540990,12233,446777,2032100
1452,627,613,540363,12247,447390,1979400
1453,611,633,539752,12225,448023,2055800
1454,607,637,539145,12195,448660,1962700
1455,580,618,538565,12157,449278,1996900
1456,618,610,537947,12165,449888,1963400
1457,643,608,537304,12200,450496,2001100
1458,624,616,536680,12208,451112,1964800
1459,610,615,536070,12203,451727,2181000
1460,593,599,535477,12197,452326,2081800
1461,614,614,534863,12197,452940,1955600
1462,614,636,534249,12175,453576,2208500
1463,598,609,533651,12164,454185,2004000
1464,663,656,532988,12171,454841,1972100
1465,605,619,532383,12157,455460,2067400
1466,616,610,531767,12163,456070,2208200
1467,619,639,531148,12143,456709,2036400
1468,641,579,530507,12205,457288,2099200
1469,605,597,529902,12213,457885,2102400
1470,608,613,529294,12208,458498,2038700
1471,633,614,528661,12227,459112,2000600
1472,634,636,528027,12225,459748,2164400
1473,615,582,527412,12258,460330,2154500
1474,672,593,526740,12337,460923,1940500
1475,639,622,526101,12354,461545,1975000
1476,637,627,525464,12364,462172,2098900
1477,645,601,524819,12408,462773,1953300
1478,623,596,524196,12435,463369,1920400
1479,630,639,523566,12426,464008,1954300
1480,603,601,522963,12428,464609,1933800
1481,633,661,522330,12400,465270,1971400
1482,636,576,521694,12460,465846,1934200
1483,603,612,521091,12451,466458,1939300
1484,588,631,520503,12408,467089,2121200
1485,614,606,519889,12416,467695,1952700
1486,606,636,519283,12386,468331,1944000
1487,633,613,518650,12406,468944,1947600
1488,624,639,518026,12391,469583,1950000
1489,605,635,517421,12361,470218,1949300
1490,589,639,516832,12311,470857,2069700
1491,631,638,516201,12304,471495,2195800
1492,561,591,515640,12274,472086,1984300
1493,637,624,515003,12287,472710,2022400
1494,579,591,514424,12275,473301,2130900
1495,655,618,513769,12312,473919,2106600
1496,624,637,513145,12299,474556,2000700
1497,603,595,512542,12307,475151,2352900
1498,635,610,511907,12332,475761,1962900
1499,632,581,511275,12383,476342,1945200
1500,637,646,510638,12374,476988,2166700
1501,612,613,510026,12373,477601,2050500
1502,625,639,509401,12359,478240,1973100
1503,615,653,508786,12321,478893,2060100
1504,649,612,508137,12358,479505,1915600
1505,642,643,507495,12357,480148,2084800
1506,629,604,506866,12382,480752,1920000
1507,634,647,506232,12369,481399,1910200
1508,668,628,505564,12409,482027,1925600
1509,645,636,504919,12418,482663,13426700
1510,623,604,504296,12437,483267,2368500
1511,639,631,503657,12445,483898,2312400
1512,643,628,503014,12460,484526,2049000
1513,619,611,502395,12468,485137,1976700
1514,671,619,501724,12520,485756,2065900
1515,635,571,501089,12584,486327,1984300
1516,619,648,500470,12555,486975,1963800
1517,640,681,499830,12514,487656,2031100
1518,631,664,499199,12481,488320,1957700
1519,657,641,498542,12497,488961,2148200
1520,645,610,497897,12532,489571,2257800
1521,671,602,497226,12601,490173,1991900
1522,648,670,496578,12579,490843,2250800
1523,637,646,495941,12570,491489,2407800
1524,647,653,495294,12564,492142,2406000
1525,627,637,494667,12554,492779,2136200
1526,625,620,494042,12559,493399,2112900
1527,632,619,493410,12572,494018,2063700
1528,626,639,492784,12559,494657,2241800
1529,652,645,492132,12566,495302,2262800
1530,626,646,491506,12546,495948,2070000
1531,637,598,490869,12585,496546,2209000
1532,645,623,490224,12607,497169,2322700
1533,626,648,489598,12585,497817,2117800
1534,634,639,488964,12580,498456,2291000
1535,595,601,488369,12574,499057,2104900
1536,619,582,487750,12611,499639,2089800
1537,595,648,487155,12558,500287,2135000
1538,595,646,486560,12507,500933,2060600
1539,611,619,485949,12499,501552,2021100
1540,608,690,485341,12417,502242,2011800
1541,629,612,484712,12434,502854,2083300
1542,622,620,484090,12436,503474,2092900
1543,630,593,483460,12473,504067,2043200
1544,596,602,482864,12467,504669,2027300
1545,653,618,482211,12502,505287,2069300
1546,592,628,481619,12466,505915,2046400
1547,642,674,480977,12434,506589,2042800
1548,641,603,480336,12472,507192,2095300
1549,626,584,479710,12514,507776,2204900
1550,678,606,479032,12586,508382,2042000
1551,637,618,478395,12605,509000,2043800
1552,643,624,477752,12624,509624,2240100
1553,639,658,477113,12605,510282,2105000
1554,648,615,476465,12638,510897,2093000
1555,639,614,475826,12663,511511,2110900
1556,677,650,475149,12690,512161,2168400
1557,649,636,474500,12703,512797,2001600
1558,620,647,473880,12676,513444,2198400
1559,632,676,473248,12632,514120,2170000
1560,689,579,472559,12742,514699,2018100
1561,675,668,471884,12749,515367,2157900
1562,689,678,471195,12760,516045,2009400
1563,620,684,470575,12696,516729,2069100
1564,689,632,469886,12753,517361,2062700
1565,663,626,469223,12790,517987,2013400
1566,670,599,468553,12861,518586,2172900
1567,664,689,467889,12836,519275,2022600
1568,647,613,467242,12870,519888,1974100
1569,630,648,466612,12852,520536,2067000
1570,648,625,465964,12875,521161,2154600
1571,694,663,465270,12906,521824,2218400
1572,653,694,464617,12865,522518,2006800
1573,656,666,463961,12855,523184,2063400
1574,668,637,463293,12886,523821,1982900
1575,694,668,462599,12912,524489,2057500
1576,666,666,461933,12912,525155,2057200
1577,645,626,461288,12931,525781,2087600
1578,637,646,460651,12922,526427,1990100
1579,669,664,459982,12927,527091,2261000
1580,645,667,459337,12905,527758,2026000
1581,691,625,458646,12971,528383,2070600
1582,670,650,457976,12991,529033,2046500
1583,687,636,457289,13042,529669,1952400
1584,680,683,456609,13039,530352,2032600
1585,641,646,455968,13034,530998,1978600
1586,666,660,455302,13040,531658,1983300
1587,708,669,454594,13079,532327,1955000
1588,647,626,453947,13100,532953,2286800
1589,676,646,453271,13130,533599,2003900
1590,675,670,452596,13135,534269,2035500
1591,682,677,451914,13140,534946,2302200
1592,608,652,451306,13096,535598,2120600
1593,646,621,450660,13121,536219,2145200
1594,613,665,450047,13069,536884,2016700
1595,661,684,449386,13046,537568,2052200
1596,675,677,448711,13044,538245,2039800
1597,685,618,448026,13111,538863,2005400
1598,700,643,447326,13168,539506,2053800
1599,647,664,446679,13151,540170,2063100
1600,676,647,446003,13180,540817,1995300
1601,708,718,445295,13170,541535,2235300
1602,671,646,444624,13195,542181,2499800
1603,613,688,444011,13120,542869,2061100
1604,638,669,443373,13089,543538,2008800
1605,677,625,442696,13141,544163,2226900
1606,615,674,442081,13082,544837,2342500
1607,652,635,441429,13099,545472,2530600
1608,638,616,440791,13121,546088,2020500
1609,682,665,440109,13138,546753,2019700
1610,684,682,439425,13140,547435,1967600
1611,667,667,438758,13140,548102,1965300
1612,693,682,438065,13151,548784,2134600
1613,663,655,437402,13159,549439,2188900
1614,648,594,436754,13213,550033,2175600
1615,694,688,436060,13219,550721,2048500
1616,662,669,435398,13212,551390,2043200
1617,650,684,434748,13178,552074,2319800
1618,703,614,434045,13267,552688,2220100
1619,629,676,433416,13220,553364,2027300
1620,660,662,432756,13218,554026,2114600
1621,663,675,432093,13206,554701,2259200
1622,679,726,431414,13159,555427,2260800
1623,662,648,430752,13173,556075,2372600
1624,666,643,430086,13196,556718,2118300
1625,653,669,429433,13180,557387,2029200
1626,666,671,428767,13175,558058,2076800
1627,625,730,428142,13070,558788,2091700
1628,668,634,427474,13104,559422,2075400
1629,610,626,426864,13088,560048,2155900
1630,614,648,426250,13054,560696,1989400
1631,631,642,425619,13043,561338,2045700
1632,625,640,424994,13028,561978,2238400
1633,639,596,424355,13071,562574,2118900
1634,642,638,423713,13075,563212,2072300
1635,668,621,423045,13122,563833,2090600
1636,625,708,422420,13039,564541,2150500
1637,585,615,421835,13009,565156,2145200
1638,636,700,421199,12945,565856,2098800
1639,609,665,420590,12889,566521,2009000
1640,635,642,419955,12882,567163,1986600
1641,600,662,419355,12820,567825,1894200
1642,622,665,418733,12777,568490,2126600
1643,596,615,418137,12758,569105,2012700
1644,626,598,417511,12786,569703,1948500
1645,642,693,416869,12735,570396,1967400
1646,632,626,416237,12741,571022,1930400
1647,668,635,415569,12774,571657,1952500
1648,634,673,414935,12735,572330,1968300
1649,652,606,414283,12781,572936,1913100
1650,678,661,413605,12798,573597,1927300
1651,665,684,412940,12779,574281,1939600
1652,636,605,412304,12810,574886,1970900
1653,604,640,411700,12774,575526,2008800
1654,624,601,411076,12797,576127,2005800
1655,629,622,410447,12804,576749,2169900
1656,610,642,409837,12772,577391,2074900
1657,669,634,409168,12807,578025,1983800
1658,631,610,408537,12828,578635,2027000
1659,615,623,407922,12820,579258,1927000
1660,635,645,407287,12810,579903,1940900
1661,638,683,406649,12765,580586,1952900
1662,607,648,406042,12724,581234,2093400
1663,661,593,405381,12792,581827,1929900
1664,652,647,404729,12797,582474,1991700
1665,654,654,404075,12797,583128,2009500
1666,674,602,403401,12869,583730,1986500
1667,603,656,402798,12816,584386,1920200
1668,619,610,402179,12825,584996,1957100
1669,630,663,401549,12792,585659,1970900
1670,644,611,400905,12825,586270,1990700
1671,601,621,400304,12805,586891,1994000
1672,627,617,399677,12815,587508,2075400
1673,696,674,398981,12837,588182,1957400
1674,630,639,398351,12828,588821,1935800
1675,651,641,397700,12838,589462,2071500
1676,690,681,397010,12847,590143,1932700
1677,606,663,396404,12790,590806,1991300
1678,600,670,395804,12720,591476,2149900
1679,610,625,395194,12705,592101,2068900
1680,616,662,394578,12659,592763,1896000
1681,605,606,393973,12658,593369,1879700
1682,606,633,393367,12631,594002,1967000
1683,637,635,392730,12633,594637,2083700
1684,617,660,392113,12590,595297,1962100
1685,617,638,391496,12569,595935,2006100
1686,639,635,390857,12573,596570,2202100
1687,646,636,390211,12583,597206,1975700
1688,634,630,389577,12587,597836,2045900
1689,609,635,388968,12561,598471,2075100
1690,611,565,388357,12607,599036,1961700
1691,605,618,387752,12594,599654,2160100
1692,640,671,387112,12563,600325,2066500
1693,574,622,386538,12515,600947,2099300
1694,633,635,385905,12513,601582,2102200
1695,606,579,385299,12540,602161,2099700
1696,578,618,384721,12500,602779,2110600
1697,634,624,384087,12510,603403,1980800
1698,600,618,383487,12492,604021,1956400
1699,559,600,382928,12451,604621,1926800
1700,590,611,382338,12430,605232,2004600
1701,600,634,381738,12396,605866,1912700
1702,646,582,381092,12460,606448,2106000
1703,583,599,380509,12444,607047,1980700
1704,654,605,379855,12493,607652,1973100
1705,599,679,379256,12413,608331,1961700
1706,588,617,378668,12384,608948,2299400
1707,592,625,378076,12351,609573,2194600
1708,585,624,377491,12312,610197,2099500
1709,606,605,376885,12313,610802,1942900
1710,598,654,376287,12257,611456,1947100
1711,575,600,375712,12232,612056,1924100
1712,573,631,375139,12174,612687,1903100
1713,608,627,374531,12155,613314,1903700
1714,561,571,373970,12145,613885,1920800
1715,598,629,373372,12114,614514,2124200
1716,634,602,372738,12146,615116,1979500
1717,593,648,372145,12091,615764,1917200
1718,555,572,371590,12074,616336,1862400
1719,595,554,370995,12115,616890,2183800
1720,642,598,370353,12159,617488,1983900
1721,570,630,369783,12099,618118,2050200
1722,569,625,369214,12043,618743,1952200
1723,602,642,368612,12003,619385,2062200
1724,618,606,367994,12015,619991,2065700
1725,631,572,367363,12074,620563,1893400
1726,606,634,366757,12046,621197,1976900
1727,600,610,366157,12036,621807,1944500
1728,613,621,365544,12028,622428,1928000
1729,606,612,364938,12022,623040,1948600
1730,608,636,364330,11994,623676,1964100
1731,621,570,363709,12045,624246,1989500
1732,637,594,363072,12088,624840,1964100
1733,633,631,362439,12090,625471,1955400
1734,646,623,361793,12113,626094,2101500
1735,635,587,361158,12161,626681,1963600
1736,626,574,360532,12213,627255,1966000
1737,612,650,359920,12175,627905,2028200
1738,606,569,359314,12212,628474,1970900
1739,627,614,358687,12225,629088,2045600
1740,630,580,358057,12275,629668,2014400
1741,596,627,357461,12244,630295,2018500
1742,614,651,356847,12207,630946,2125200
1743,586,625,356261,12168,631571,1941500
1744,625,617,355636,12176,632188,1933700
1745,604,636,355032,12144,632824,1916300
1746,608,612,354424,12140,633436,1980700
1747,651,621,353773,12170,634057,1949600
1748,662,611,353111,12221,634668,2111500
1749,652,631,352459,12242,635299,1982500
1750,602,612,351857,12232,635911,1872900
1751,630,615,351227,12247,636526,2015700
1752,619,646,350608,12220,637172,2124700
1753,601,666,350007,12155,637838,2067100
1754,628,593,349379,12190,638431,2161600
1755,622,572,348757,12240,639003,2035500
1756,573,569,348184,12244,639572,2105300
1757,562,657,347622,12149,640229,2082100
1758,627,589,346995,12187,640818,1970100
1759,592,621,346403,12158,641439,1955000
1760,577,628,345826,12107,642067,2267900
1761,594,578,345232,12123,642645,1993400
1762,595,633,344637,12085,643278,1954500
1763,624,616,344013,12093,643894,2010700
1764,582,634,343431,12041,644528,2044200
1765,585,612,342846,12014,645140,2075000
1766,595,621,342251,11988,645761,1962300
1767,594,613,341657,11969,646374,2102500
1768,608,616,341049,11961,646990,2013200
1769,584,586,340465,11959,647576,2023100
1770,581,594,339884,11946,648170,1936300
1771,599,644,339285,11901,648814,1941600
1772,602,609,338683,11894,649423,2280900
1773,581,572,338102,11903,649995,1952200
1774,623,597,337479,11929,650592,1873100
1775,551,576,336928,11904,651168,1869000
1776,593,555,336335,11942,651723,1945600
1777,607,612,335728,11937,652335,1991400
1778,596,578,335132,11955,652913,1927100
1779,658,582,334474,12031,653495,1934800
1780,584,584,333890,12031,654079,1949500
1781,625,653,333265,12003,654732,1941800
1782,606,608,332659,12001,655340,2087200
1783,605,596,332054,12010,655936,1955400
1784,613,593,331441,12030,656529,1978400
1785,635,635,330806,12030,657164,2212200
1786,595,622,330211,12003,657786,1973200
1787,643,562,329568,12084,658348,2159300
1788,611,606,328957,12089,658954,1965300
1789,618,610,328339,12097,659564,2013500
1790,631,599,327708,12129,660163,2123200
1791,600,620,327108,12109,660783,1936300
1792,588,594,326520,12103,661377,1976400
1793,588,605,325932,12086,661982,1973300
1794,597,591,325335,12092,662573,1952000
1795,621,605,324714,12108,663178,1946700
1796,632,570,324082,12170,663748,1967700
1797,607,610,323475,12167,664358,2005000
1798,648,625,322827,12190,664983,2093300
1799,591,583,322236,12198,665566,1934700
1800,664,615,321572,12247,666181,1982800
1801,622,620,320950,12249,666801,1959100
1802,607,655,320343,12201,667456,1943800
1803,639,593,319704,12247,668049,2069600
1804,568,652,319136,12163,668701,1941500
1805,607,550,318529,12220,669251,1938000
1806,599,580,317930,12239,669831,1942300
1807,612,628,317318,12223,670459,2096200
1808,656,623,316662,12256,671082,2108600
1809,630,610,316032,12276,671692,2124000
1810,618,619,315414,12275,672311,1948300
1811,571,606,314843,12240,672917,1955700
1812,598,621,314245,12217,673538,2032200
1813,605,592,313640,12230,674130,1970500
1814,615,589,313025,12256,674719,1966600
1815,671,615,312354,12312,675334,1972800
1816,605,634,311749,12283,675968,2023000
1817,590,674,311159,12199,676642,1965900
1818,592,619,310567,12172,677261,2000600
1819,577,644,309990,12105,677905,1981800
1820,597,577,309393,12125,678482,2159100
1821,611,586,308782,12150,679068,2180400
1822,561,596,308221,12115,679664,1961200
1823,628,589,307593,12154,680253,1926400
1824,586,605,307007,12135,680858,1983100
1825,556,574,306451,12117,681432,1941600
1826,572,604,305879,12085,682036,1874000
1827,605,583,305274,12107,682619,1948600
1828,604,560,304670,12151,683179,1939500
1829,619,615,304051,12155,683794,1935200
1830,624,610,303427,12169,684404,1952600
1831,614,600,302813,12183,685004,2026900
1832,579,595,302234,12167,685599,2166800
1833,639,584,301595,12222,686183,1956300
1834,612,631,300983,12203,686814,1995700
1835,608,590,300375,12221,687404,2043600
1836,651,642,299724,12230,688046,1938000
1837,623,625,299101,12228,688671,1893000
1838,575,580,298526,12223,689251,1910600
1839,667,630,297859,12260,689881,1950800
1840,627,634,297232,12253,690515,1926300
1841,630,583,296602,12300,691098,2101600
1842,690,615,295912,12375,691713,2006300
1843,633,604,295279,12404,692317,1949200
1844,597,636,294682,12365,692953,1961200
1845,634,634,294048,12365,693587,2091400
1846,655,628,293393,12392,694215,1945200
1847,633,602,292760,12423,694817,1950500
1848,587,633,292173,12377,695450,1989800
1849,585,594,291588,12368,696044,1965500
1850,619,613,290969,12374,696657,2085000
1851,587,634,290382,12327,697291,2017400
1852,614,584,289768,12357,697875,1971900
1853,582,615,289186,12324,698490,2051000
1854,618,600,288568,12342,699090,1961200
1855,630,580,287938,12392,699670,2141700
1856,647,628,287291,12411,700298,2270600
1857,593,608,286698,12396,700906,2083700
1858,602,609,286096,12389,701515,2051900
1859,589,648,285507,12330,702163,2198700
1860,579,590,284928,12319,702753,2079800
1861,638,655,284290,12302,703408,2050100
1862,620,613,283670,12309,704021,2249200
1863,607,594,283063,12322,704615,2102800
1864,603,640,282460,12285,705255,2007100
1865,637,619,281823,12303,705874,2011500
1866,637,621,281186,12319,706495,2035400
1867,597,646,280589,12270,707141,2112600
1868,596,610,279993,12256,707751,2103800
1869,624,600,279369,12280,708351,2057500
1870,633,609,278736,12304,708960,2091900
1871,609,645,278127,12268,709605,2125500
1872,637,625,277490,12280,710230,1968900
1873,641,616,276849,12305,710846,1983900
1874,644,584,276205,12365,711430,2171500
1875,614,621,275591,12358,712051,1994800
1876,637,612,274954,12383,712663,2007000
1877,603,655,274351,12331,713318,2039100
1878,609,587,273742,12353,713905,2080100
1879,664,647,273078,12370,714552,1974700
1880,634,591,272444,12413,715143,1995300
1881,629,620,271815,12422,715763,1951000
1882,644,631,271171,12435,716394,1995200
1883,606,620,270565,12421,717014,2043200
1884,586,661,269979,12346,717675,2137200
1885,592,617,269387,12321,718292,2236000
1886,614,590,268773,12345,718882,2027300
1887,645,607,268128,12383,719489,2138400
1888,648,657,267480,12374,720146,1982100
1889,575,606,266905,12343,720752,2078500
1890,590,638,266315,12295,721390,2027100
1891,642,633,265673,12304,722023,1966200
1892,613,623,265060,12294,722646,1947200
1893,580,583,264480,12291,723229,2029100
1894,654,605,263826,12340,723834,2016300
1895,593,608,263233,12325,724442,2068500
1896,594,612,262639,12307,725054,1969200
1897,581,634,262058,12254,725688,1968400
1898,623,656,261435,12221,726344,2054200
1899,628,578,260807,12271,726922,1974400
1900,621,620,260186,12272,727542,2024300
1901,631,605,259555,12298,728147,2022700
1902,594,647,258961,12245,728794,1978700
1903,659,649,258302,12255,729443,2152900
1904,596,584,257706,12267,730027,1985600
1905,605,610,257101,12262,730637,2087100
1906,666,632,256435,12296,731269,2187300
1907,638,613,255797,12321,731882,1986000
1908,604,594,255193,12331,732476,1967400
1909,647,602,254546,12376,733078,2211900
1910,618,594,253928,12400,733672,2019800
1911,623,610,253305,12413,734282,2047500
1912,620,624,252685,12409,734906,2223000
1913,593,611,252092,12391,735517,1983400
1914,629,643,251463,12377,736160,1963900
1915,644,606,250819,12415,736766,1996900
1916,596,662,250223,12349,737428,2300600
1917,592,579,249631,12362,738007,2015900
1918,612,610,249019,12364,738617,2175000
1919,639,598,248380,12405,739215,2046200
1920,629,635,247751,12399,739850,2132900
1921,650,622,247101,12427,740472,2346500
1922,605,588,246496,12444,741060,2034100
1923,654,620,245842,12478,741680,2088000
1924,629,590,245213,12517,742270,1982800
1925,655,659,244558,12513,742929,1984000
1926,595,565,243963,12543,743494,2189800
1927,628,579,243335,12592,744073,2069300
1928,613,633,242722,12572,744706,2023400
1929,615,650,242107,12537,745356,2129700
1930,607,606,241500,12538,745962,2043400
1931,647,634,240853,12551,746596,2049800
1932,630,635,240223,12546,747231,2095600
1933,604,607,239619,12543,747838,1987600
1934,668,597,238951,12614,748435,1987100
1935,649,609,238302,12654,749044,1955500
1936,613,694,237689,12573,749738,1965700
1937,619,625,237070,12567,750363,1974100
1938,543,638,236527,12472,751001,1914200
1939,599,591,235928,12480,751592,2084800
1940,620,632,235308,12468,752224,1988600
1941,576,622,234732,12422,752846,2024400
1942,617,618,234115,12421,753464,1990800
1943,634,615,233481,12440,754079,1979800
1944,591,661,232890,12370,754740,1942000
1945,568,611,232322,12327,755351,1944000
1946,626,609,231696,12344,755960,2060000
1947,631,609,231065,12366,756569,2141600
1948,624,612,230441,12378,757181,2006400
1949,590,647,229851,12321,757828,2086600
1950,615,563,229236,12373,758391,2097400
1951,588,585,228648,12376,758976,1978100
1952,577,612,228071,12341,759588,2082500
1953,595,652,227476,12284,760240,2172800
1954,608,621,226868,12271,760861,2118800
1955,583,635,226285,12219,761496,2016600
1956,587,604,225698,12202,762100,2163300
1957,572,587,225126,12187,762687,1967300
1958,590,576,224536,12201,763263,2045900
1959,582,619,223954,12164,763882,2210000
1960,555,611,223399,12108,764493,1948100
1961,553,627,222846,12034,765120,2001900
1962,559,625,222287,11968,765745,1941600
1963,534,630,221753,11872,766375,2088200
1964,569,577,221184,11864,766952,1913000
1965,554,545,220630,11873,767497,1917300
1966,549,621,220081,11801,768118,2099300
1967,571,597,219510,11775,768715,2006000
1968,531,565,218979,11741,769280,2175600
1969,576,600,218403,11717,769880,2346700
1970,521,541,217882,11697,770421,2458700
1971,571,625,217311,11643,771046,2214100
1972,591,601,216720,11633,771647,2195700
1973,554,592,216166,11595,772239,2246300
1974,579,558,215587,11616,772797,2149700
1975,511,591,215076,11536,773388,3367800
1976,569,541,214507,11564,773929,2186300
1977,639,589,213868,11614,774518,2147200
1978,562,600,213306,11576,775118,2041500
1979,575,564,212731,11587,775682,2223700
1980,549,586,212182,11550,776268,2155600
1981,569,610,211613,11509,776878,2100100
1982,530,564,211083,11475,777442,2969600
1983,538,551,210545,11462,777993,2136200
1984,522,631,210023,11353,778624,2183600
1985,573,556,209450,11370,779180,2290500
1986,562,588,208888,11344,779768,2056400
1987,558,558,208330,11344,780326,2057200
1988,581,574,207749,11351,780900,2048700
1989,528,515,207221,11364,781415,2387300
1990,559,549,206662,11374,781964,2039500
1991,559,570,206103,11363,782534,2061300
1992,537,559,205566,11341,783093,2280000
1993,550,586,205016,11305,783679,2039700
1994,524,587,204492,11242,784266,2048900
1995,551,554,203941,11239,784820,2104700
1996,549,541,203392,11247,785361,2149400
1997,554,580,202838,11221,785941,2128600
1998,558,564,202280,11215,786505,2162800
1999,495,537,201785,11173,787042,2102500
2000,550,556,201235,11167,787598,2163600
2001,524,558,200711,11133,788156,2066200
2002,536,599,200175,11070,788755,2192500
2003,535,526,199640,11079,789281,2134400
2004,544,532,199096,11091,789813,2190300
2005,544,550,198552,11085,790363,2129300
2006,578,586,197974,11077,790949,2158600
2007,554,552,197420,11079,791501,2067900
2008,552,540,196868,11091,792041,2108100
2009,548,519,196320,11120,792560,2003100
2010,553,588,195767,11085,793148,2519900
2011,553,553,195214,11085,793701,2145700
2012,547,538,194667,11094,794239,2175300
2013,532,573,194135,11053,794812,2089100
2014,513,558,193622,11008,795370,2069100
2015,538,558,193084,10988,795928,2252100
2016,564,577,192520,10975,796505,2199800
2017,494,566,192026,10903,797071,2168700
2018,521,537,191505,10887,797608,2305500
2019,519,552,190986,10854,798160,2069600
2020,494,524,190492,10824,798684,2293500
2021,458,542,190034,10740,799226,2117300
2022,501,540,189533,10701,799766,2137200
2023,523,568,189010,10656,800334,2129500
2024,505,526,188505,10635,800860,2069300
2025,466,528,188039,10573,801388,2094100
2026,525,514,187514,10584,801902,2074200
2027,530,496,186984,10618,802398,2069200
2028,469,536,186515,10551,802934,2077500
2029,480,567,186035,10464,803501,2072800
2030,492,532,185543,10424,804033,2091500
2031,469,498,185074,10395,804531,2329100
2032,452,530,184622,10317,805061,2139100
2033,471,531,184151,10257,805592,2134700
2034,511,489,183640,10279,806081,2121300
2035,488,512,183152,10255,806593,2067600
2036,487,498,182665,10244,807091,2240700
2037,486,518,182179,10212,807609,2058000
2038,473,537,181706,10148,808146,2307500
2039,479,524,181227,10103,808670,2093700
2040,434,538,180793,9999,809208,2112100
2041,436,522,180357,9913,809730,2070800
2042,473,540,179884,9846,810270,1991800
2043,442,516,179442,9772,810786,2087500
2044,441,507,179001,9706,811293,2131700
2045,459,502,178542,9663,811795,2052600
2046,429,483,178113,9609,812278,2121100
2047,449,481,177664,9577,812759,2077900
2048,468,460,177196,9585,813219,2104300
2049,450,486,176746,9549,813705,2089800
2050,453,484,176293,9518,814189,2012500
2051,419,486,175874,9451,814675,2041000
2052,435,488,175439,9398,815163,2033300
2053,408,451,175031,9355,815614,2124900
2054,458,505,174573,9308,816119,2198900
2055,469,520,174104,9257,816639,2127500
2056,435,487,173669,9205,817126,2104000
2057,424,443,173245,9186,817569,2094600
2058,430,456,172815,9160,818025,2041100
2059,441,468,172374,9133,818493,2137100
2060,411,450,171963,9094,818943,2119600
2061,417,417,171546,9094,819360,2079900
2062,430,465,171116,9059,819825,2130600
2063,459,494,170657,9024,820319,2145500
2064,407,431,170250,9000,820750,2108900
2065,431,426,169819,9005,821176,2097700
2066,428,448,169391,8985,821624,2035800
2067,414,457,168977,8942,822081,2119000
2068,427,481,168550,8888,822562,2090300
2069,455,449,168095,8894,823011,2072700
2070,452,419,167643,8927,823430,2065500
2071,458,480,167185,8905,823910,1947800
2072,437,472,166748,8870,824382,2100300
2073,446,414,166302,8902,824796,1892700
2074,402,430,165900,8874,825226,2034400
2075,412,481,165488,8805,825707,2094300
2076,419,437,165069,8787,826144,1995200
2077,436,456,164633,8767,826600,1963800
2078,413,436,164220,8744,827036,1949400
2079,403,423,163817,8724,827459,1863600
2080,385,469,163432,8640,827928,1879200
2081,417,424,163015,8633,828352,1923300
2082,402,455,162613,8580,828807,1821600
2083,396,428,162217,8548,829235,1854000
2084,403,465,161814,8486,829700,1912900
2085,439,412,161375,8513,830112,1902600
2086,405,448,160970,8470,830560,1946900
2087,382,393,160588,8459,830953,1852500
2088,398,382,160190,8475,831335,1932800
2089,394,390,159796,8479,831725,1912200
2090,396,404,159400,8471,832129,2057600
2091,405,431,158995,8445,832560,2069700
2092,360,423,158635,8382,832983,1845800
2093,400,406,158235,8376,833389,1970700
2094,404,395,157831,8385,833784,1973500
2095,385,431,157446,8339,834215,1895200
2096,423,403,157023,8359,834618,1811000
2097,413,423,156610,8349,835041,1751000
2098,387,442,156223,8294,835483,1997600
2099,396,438,155827,8252,835921,1955200
2100,406,404,155421,8254,836325,1984700
2101,386,427,155035,8213,836752,1951400
2102,354,409,154681,8158,837161,1965100
2103,389,405,154292,8142,837566,1942900
2104,383,412,153909,8113,837978,1871900
2105,404,408,153505,8109,838386,1941700
2106,400,464,153105,8045,838850,1937500
2107,412,420,152693,8037,839270,1962700
2108,386,380,152307,8043,839650,1885800
2109,353,378,151954,8018,840028,1922200
2110,390,382,151564,8026,840410,1884300
2111,385,381,151179,8030,840791,1874800
2112,393,411,150786,8012,841202,1879100
2113,389,403,150397,7998,841605,1880400
2114,369,406,150028,7961,842011,1978900
2115,364,420,149664,7905,842431,1948100
2116,371,400,149293,7876,842831,2168100
2117,347,427,148946,7796,843258,1933400
2118,359,413,148587,7742,843671,1894400
2119,353,375,148234,7720,844046,1928300
2120,388,372,147846,7736,844418,1854400
2121,396,369,147450,7763,844787,1943900
2122,373,363,147077,7773,845150,1930200
2123,379,363,146698,7789,845513,1907900
2124,385,394,146313,7780,845907,2212900
2125,362,380,145951,7762,846287,1931900
2126,371,442,145580,7691,846729,1934100
2127,399,362,145181,7728,847091,1906500
2128,362,345,144819,7745,847436,1821600
2129,357,385,144462,7717,847821,1808600
2130,371,399,144091,7689,848220,1809600
2131,389,389,143702,7689,848609,1912800
2132,360,391,143342,7658,849000,2279600
2133,368,380,142974,7646,849380,1867000
2134,380,348,142594,7678,849728,1844200
2135,392,387,142202,7683,850115,1819600
2136,374,428,141828,7629,850543,1923400
2137,348,415,141480,7562,850958,1932800
2138,385,357,141095,7590,851315,1895000
2139,374,392,140721,7572,851707,1916200
2140,357,380,140364,7549,852087,1938000
2141,366,377,139998,7538,852464,1902400
2142,348,362,139650,7524,852826,1860800
2143,370,390,139280,7504,853216,1893100
2144,346,383,138934,7467,853599,1886600
2145,376,342,138558,7501,853941,1876800
2146,370,391,138188,7480,854332,2031500
2147,338,369,137850,7449,854701,1967300
2148,379,387,137471,7441,855088,1967100
2149,324,382,137147,7383,855470,1836900
2150,341,381,136806,7343,855851,1940100
2151,339,357,136467,7325,856208,1888100
2152,336,327,136131,7334,856535,1913800
2153,347,388,135784,7293,856923,1915500
2154,326,333,135458,7286,857256,1841500
2155,331,354,135127,7263,857610,2047000
2156,313,389,134814,7187,857999,1876000
2157,319,354,134495,7152,858353,1860400
2158,340,350,134155,7142,858703,1870900
2159,358,335,133797,7165,859038,1856400
2160,328,354,133469,7139,859392,1828000
2161,358,348,133111,7149,859740,1857900
2162,316,381,132795,7084,860121,1913100
2163,308,360,132487,7032,860481,1834800
2164,329,342,132158,7019,860823,1902000
2165,326,380,131832,6965,861203,1953900
2166,319,336,131513,6948,861539,1913300
2167,357,362,131156,6943,861901,1940100
2168,321,328,130835,6936,862229,1922600
2169,304,356,130531,6884,862585,1890900
2170,304,304,130227,6884,862889,1918000
2171,299,370,129928,6813,863259,2006200
2172,336,360,129592,6789,863619,1971700
2173,326,349,129266,6766,863968,2241200
2174,344,339,128922,6771,864307,2004100
2175,319,350,128603,6740,864657,2073700
2176,329,343,128274,6726,865000,1876200
2177,313,351,127961,6688,865351,2020700
2178,325,323,127636,6690,865674,2001500
2179,343,337,127293,6696,866011,1891200
2180,326,306,126967,6716,866317,2124700
2181,328,324,126639,6720,866641,1896600
2182,302,351,126337,6671,866992,2014400
2183,299,342,126038,6628,867334,1849700
2184,297,338,125741,6587,867672,1937100
2185,320,329,125421,6578,868001,1873800
2186,287,329,125134,6536,868330,1939100
2187,317,309,124817,6544,868639,2530400
2188,293,317,124524,6520,868956,2044000
2189,291,333,124233,6478,869289,1939900
2190,281,327,123952,6432,869616,1929900
2191,320,292,123632,6460,869908,1888800
2192,284,318,123348,6426,870226,1894900
2193,276,323,123072,6379,870549,1931000
2194,309,336,122763,6352,870885,1846800
2195,300,324,122463,6328,871209,1915600
2196,290,318,122173,6300,871527,1947900
2197,295,329,121878,6266,871856,1910100
2198,309,322,121569,6253,872178,2055700
2199,298,285,121271,6266,872463,1894700
2200,288,313,120983,6241,872776,1871800
2201,293,309,120690,6225,873085,1850500
2202,283,300,120407,6208,873385,1853700
2203,305,288,120102,6225,873673,1883400
2204,300,280,119802,6245,873953,1928500
2205,347,305,119455,6287,874258,1865900
2206,288,316,119167,6259,874574,2112000
2207,287,309,118880,6237,874883,1913400
2208,289,302,118591,6224,875185,1901600
2209,301,285,118290,6240,875470,1970500
2210,291,319,117999,6212,875789,1934000
2211,282,298,117717,6196,876087,1919200
2212,303,337,117414,6162,876424,1976600
2213,284,332,117130,6114,876756,2162700
2214,291,277,116839,6128,877033,1916900
2215,281,291,116558,6118,877324,1911600
2216,277,326,116281,6069,877650,2076700
2217,277,311,116004,6035,877961,1893600
2218,310,295,115694,6050,878256,1919000
2219,279,302,115415,6027,878558,1825700
2220,316,327,115099,6016,878885,1938700
2221,301,298,114798,6019,879183,2023900
2222,329,284,114469,6064,879467,1858300
2223,284,305,114185,6043,879772,1931400
2224,290,289,113895,6044,880061,1877800
2225,269,296,113626,6017,880357,1956500
2226,306,296,113320,6027,880653,1821700
2227,297,316,113023,6008,880969,1891500
2228,314,270,112709,6052,881239,2196100
2229,272,286,112437,6038,881525,1895800
2230,311,284,112126,6065,881809,1873800
2231,258,288,111868,6035,882097,1877000
2232,298,286,111570,6047,882383,2004900
2233,317,315,111253,6049,882698,2129200
2234,286,296,110967,6039,882994,2032600
2235,295,307,110672,6027,883301,1877200
2236,281,306,110391,6002,883607,1894600
2237,268,298,110123,5972,883905,1869100
2238,274,299,109849,5947,884204,1832900
2239,294,312,109555,5929,884516,1717800
2240,301,290,109254,5940,884806,1860600
2241,310,326,108944,5924,885132,1884000
2242,278,296,108666,5906,885428,2174900
2243,271,320,108395,5857,885748,1882500
2244,272,300,108123,5829,886048,1921800
2245,295,296,107828,5828,886344,1823800
2246,298,302,107530,5824,886646,2212600
2247,289,273,107241,5840,886919,2015100
2248,305,305,106936,5840,887224,2111200
2249,296,323,106640,5813,887547,1949500
2250,294,286,106346,5821,887833,1883000
2251,279,286,106067,5814,888119,1901100
2252,302,284,105765,5832,888403,2346700
2253,271,292,105494,5811,888695,1951900
2254,305,281,105189,5835,888976,1917800
2255,303,265,104886,5873,889241,1945000
2256,271,288,104615,5856,889529,1939700
2257,309,283,104306,5882,889812,1836100
2258,282,281,104024,5883,890093,1791900
2259,278,282,103746,5879,890375,1756000
2260,291,304,103455,5866,890679,2051800
2261,293,283,103162,5876,890962,1833000
2262,275,277,102887,5874,891239,1845800
2263,265,317,102622,5822,891556,1794400
2264,298,290,102324,5830,891846,1833700
2265,300,299,102024,5831,892145,1786100
2266,290,291,101734,5830,892436,1762700
2267,280,271,101454,5839,892707,1760300
2268,269,274,101185,5834,892981,1816400
2269,304,273,100881,5865,893254,1931600
2270,264,323,100617,5806,893577,1797200
2271,273,270,100344,5809,893847,1880800
2272,281,299,100063,5791,894146,1756600
2273,268,309,99795,5750,894455,1824100
2274,294,258,99501,5786,894713,2092600
2275,268,299,99233,5755,895012,1855700
2276,278,313,98955,5720,895325,1916200
2277,284,297,98671,5707,895622,1891100
2278,259,272,98412,5694,895894,1866300
2279,248,272,98164,5670,896166,1905900
2280,257,284,97907,5643,896450,1866400
2281,262,297,97645,5608,896747,1838300
2282,286,284,97359,5610,897031,1738800
2283,302,304,97057,5608,897335,1744500
2284,305,282,96752,5631,897617,1948600
2285,261,279,96491,5613,897896,2057400
2286,257,259,96234,5611,898155,1896300
2287,283,300,95951,5594,898455,2278000
2288,262,266,95689,5590,898721,1875900
2289,275,269,95414,5596,898990,1849900
2290,255,309,95159,5542,899299,1866700
2291,290,283,94869,5549,899582,2012800
2292,269,277,94600,5541,899859,1904400
2293,253,264,94347,5530,900123,1781300
2294,240,246,94107,5524,900369,1756300
2295,271,304,93836,5491,900673,1691400
2296,277,263,93559,5505,900936,1733300
2297,277,306,93282,5476,901242,1854200
2298,303,274,92979,5505,901516,1738700
2299,278,276,92701,5507,901792,1732900
2300,241,255,92460,5493,902047,1817700
2301,259,278,92201,5474,902325,2144700
2302,286,273,91915,5487,902598,1966800
2303,253,261,91662,5479,902859,1994200
2304,256,267,91406,5468,903126,1925200
2305,258,278,91148,5448,903404,2169900
2306,274,269,90874,5453,903673,2048900
2307,297,295,90577,5455,903968,2107100
2308,255,317,90322,5393,904285,2036000
2309,287,257,90035,5423,904542,1790900
2310,266,257,89769,5432,904799,1734500
2311,277,249,89492,5460,905048,1947800
2312,274,242,89218,5492,905290,1921400
2313,274,268,88944,5498,905558,1979800
2314,282,304,88662,5476,905862,1898400
2315,288,269,88374,5495,906131,1936100
2316,287,283,88087,5499,906414,1830400
2317,278,257,87809,5520,906671,1825300
2318,312,281,87497,5551,906952,1848800
2319,278,272,87219,5557,907224,1976200
2320,281,280,86938,5558,907504,1949600
2321,286,289,86652,5555,907793,1964500
2322,261,266,86391,5550,908059,1902100
2323,251,311,86140,5490,908370,1972500
2324,264,305,85876,5449,908675,1894900
2325,272,265,85604,5456,908940,2154600
2326,238,275,85366,5419,909215,2057900
2327,248,245,85118,5422,909460,2047900
2328,286,271,84832,5437,909731,2014800
2329,283,263,84549,5457,909994,2007700
2330,241,308,84308,5390,910302,2179800
2331,261,282,84047,5369,910584,2100400
2332,260,297,83787,5332,910881,2134900
2333,241,255,83546,5318,911136,2039300
2334,259,286,83287,5291,911422,2009600
2335,248,248,83039,5291,911670,2050800
2336,282,258,82757,5315,911928,2030800
2337,256,249,82501,5322,912177,2046400
2338,251,259,82250,5314,912436,2010500
2339,226,272,82024,5268,912708,2187700
2340,252,269,81772,5251,912977,2071500
2341,231,260,81541,5222,913237,2059700
2342,259,245,81282,5236,913482,2008000
2343,253,243,81029,5246,913725,2021100
2344,264,265,80765,5245,913990,2061700
2345,269,244,80496,5270,914234,1956000
2346,230,253,80266,5247,914487,2043000
2347,243,265,80023,5225,914752,2122800
2348,242,239,79781,5228,914991,2212300
2349,245,262,79536,5211,915253,2259500
2350,247,278,79289,5180,915531,2185800
2351,235,267,79054,5148,915798,2084100
2352,270,257,78784,5161,916055,2126800
2353,242,249,78542,5154,916304,2293900
2354,261,265,78281,5150,916569,2305300
2355,240,270,78041,5120,916839,2338100
2356,259,268,77782,5111,917107,2306800
2357,238,225,77544,5124,917332,2184200
2358,249,249,77295,5124,917581,2067500
2359,257,263,77038,5118,917844,2143600
2360,258,272,76780,5104,918116,2095400
2361,252,270,76528,5086,918386,2395000
2362,228,258,76300,5056,918644,2189200
2363,238,268,76062,5026,918912,2177900
2364,231,269,75831,4988,919181,2102200
2365,223,250,75608,4961,919431,2013500
2366,238,253,75370,4946,919684,2038600
2367,243,248,75127,4941,919932,2031200
2368,244,227,74883,4958,920159,2031500
2369,259,255,74624,4962,920414,2155100
2370,240,256,74384,4946,920670,2027200
2371,249,267,74135,4928,920937,2015500
2372,231,262,73904,4897,921199,2060700
2373,243,259,73661,4881,921458,1997000
2374,242,249,73419,4874,921707,2053400
2375,237,209,73182,4902,921916,2068400
2376,240,227,72942,4915,922143,2126900
2377,235,230,72707,4920,922373,2113000
2378,242,250,72465,4912,922623,2006300
2379,213,231,72252,4894,922854,2099500
2380,220,225,72032,4889,923079,2012200
2381,235,240,71797,4884,923319,2045200
2382,225,232,71572,4877,923551,2160200
2383,218,246,71354,4849,923797,2024300
2384,238,228,71116,4859,924025,2031600
2385,237,226,70879,4870,924251,2048000
2386,261,241,70618,4890,924492,2078200
2387,240,240,70378,4890,924732,2085500
2388,206,256,70172,4840,924988,2025800
2389,213,260,69959,4793,925248,2040800
2390,232,249,69727,4776,925497,2038200
2391,202,237,69525,4741,925734,2101300
2392,229,238,69296,4732,925972,2096900
2393,226,228,69070,4730,926200,2021800
2394,239,259,68831,4710,926459,2072500
2395,263,247,68568,4726,926706,1980400
2396,232,250,68336,4708,926956,1978000
2397,229,228,68107,4709,927184,2082600
2398,234,244,67873,4699,927428,2102100
2399,225,265,67648,4659,927693,2048900
2400,230,229,67418,4660,927922,2019200
2401,244,215,67174,4689,928137,2173300
2402,226,244,66948,4671,928381,2065800
2403,246,211,66702,4706,928592,2050300
2404,208,226,66494,4688,928818,2027300
2405,213,209,66281,4692,929027,2057900
2406,222,225,66059,4689,929252,2071700
2407,230,256,65829,4663,929508,2139600
2408,189,220,65640,4632,929728,2091600
2409,190,237,65450,4585,929965,2104300
2410,196,226,65254,4555,930191,2035500
2411,206,245,65048,4516,930436,2056600
2412,253,228,64795,4541,930664,2067500
2413,237,234,64558,4544,930898,2071000
2414,216,256,64342,4504,931154,1962300
2415,204,215,64138,4493,931369,1990200
2416,196,198,63942,4491,931567,1964100
2417,213,223,63729,4481,931790,2243900
2418,245,219,63484,4507,932009,2084500
2419,195,238,63289,4464,932247,1994000
2420,198,211,63091,4451,932458,2089700
2421,212,229,62879,4434,932687,2052600
2422,224,207,62655,4451,932894,2002900
2423,194,220,62461,4425,933114,1882000
2424,207,223,62254,4409,933337,1862700
2425,195,198,62059,4406,933535,1943200
2426,196,223,61863,4379,933758,2005700
2427,184,227,61679,4336,933985,1989800
2428,172,247,61507,4261,934232,2045800
2429,200,197,61307,4264,934429,2190100
2430,195,215,61112,4244,934644,2029400
2431,210,186,60902,4268,934830,1993900
2432,182,243,60720,4207,935073,1974000
2433,178,212,60542,4173,935285,1980700
2434,186,219,60356,4140,935504,2007500
2435,182,215,60174,4107,935719,1866700
2436,167,242,60007,4032,935961,1954200
2437,178,187,59829,4023,936148,2059800
2438,174,205,59655,3992,936353,2038600
2439,172,193,59483,3971,936546,2167800
2440,163,183,59320,3951,936729,1918400
2441,169,173,59151,3947,936902,1909200
2442,179,193,58972,3933,937095,1972900
2443,169,170,58803,3932,937265,1970800
2444,145,202,58658,3875,937467,1885500
2445,161,189,58497,3847,937656,2011200
2446,161,197,58336,3811,937853,1833600
2447,169,195,58167,3785,938048,1928500
2448,170,201,57997,3754,938249,1863300
2449,155,189,57842,3720,938438,1869800
2450,158,181,57684,3697,938619,2121300
2451,171,181,57513,3687,938800,1945200
2452,159,183,57354,3663,938983,1865000
2453,158,170,57196,3651,939153,1929600
2454,158,147,57038,3662,939300,1816500
2455,144,203,56894,3603,939503,1980900
2456,159,190,56735,3572,939693,2028700
2457,138,163,56597,3547,939856,1984400
2458,163,182,56434,3528,940038,2009600
2459,136,183,56298,3481,940221,1905900
2460,166,173,56132,3474,940394,2070300
2461,155,173,55977,3456,940567,2072900
2462,157,169,55820,3444,940736,2265300
2463,152,192,55668,3404,940928,2077800
2464,148,166,55520,3386,941094,2034200
2465,134,173,55386,3347,941267,2021400
2466,152,144,55234,3355,941411,1915600
2467,151,172,55083,3334,941583,2017000
2468,146,141,54937,3339,941724,2045000
2469,161,180,54776,3320,941904,1961400
2470,127,173,54649,3274,942077,1972700
2471,155,176,54494,3253,942253,1789200
2472,127,173,54367,3207,942426,1878400
2473,140,150,54227,3197,942576,1955400
2474,149,154,54078,3192,942730,2143200
2475,134,145,53944,3181,942875,1992100
2476,160,169,53784,3172,943044,2261700
2477,137,162,53647,3147,943206,2025700
2478,120,140,53527,3127,943346,1966800
2479,148,150,53379,3125,943496,1886800
2480,133,173,53246,3085,943669,2109400
2481,153,166,53093,3072,943835,1848100
2482,143,173,52950,3042,944008,1776000
2483,134,174,52816,3002,944182,1974900
2484,118,143,52698,2977,944325,1947400
2485,124,157,52574,2944,944482,1797200
2486,140,154,52434,2930,944636,1761400
2487,134,127,52300,2937,944763,1705700
2488,124,163,52176,2898,944926,1908000
2489,134,147,52042,2885,945073,1838800
2490,123,141,51919,2867,945214,1790900
2491,140,153,51779,2854,945367,1718100
2492,110,132,51669,2832,945499,2096800
2493,115,126,51554,2821,945625,1894700
2494,110,132,51444,2799,945757,1849200
2495,120,143,51324,2776,945900,1958400
2496,113,148,51211,2741,946048,1802100
2497,108,139,51103,2710,946187,1869900
2498,110,121,50993,2699,946308,1952800
2499,113,123,50880,2689,946431,1902700
2500,120,126,50760,2683,946557,2054400
2501,106,139,50654,2650,946696,2342800
2502,107,141,50547,2616,946837,1987600
2503,113,133,50434,2596,946970,2054200
2504,108,131,50326,2573,947101,2084500
2505,92,139,50234,2526,947240,2038600
2506,106,121,50128,2511,947361,2142400
2507,127,130,50001,2508,947491,2040600
2508,102,120,49899,2490,947611,2027000
2509,98,140,49801,2448,947751,2035800
2510,111,115,49690,2444,947866,2127000
2511,98,129,49592,2413,947995,2009700
2512,93,136,49499,2370,948131,2286000
2513,106,112,49393,2364,948243,1968600
2514,99,117,49294,2346,948360,2119000
2515,110,131,49184,2325,948491,1955000
2516,86,135,49098,2276,948626,1972600
2517,117,104,48981,2289,948730,1943600
2518,102,122,48879,2269,948852,2003000
2519,102,118,48777,2253,948970,2006300
2520,107,93,48670,2267,949063,2058200
2521,115,108,48555,2274,949171,1940800
2522,91,107,48464,2258,949278,1988200
2523,110,102,48354,2266,949380,1974600
2524,105,110,48249,2261,949490,1946400
2525,104,124,48145,2241,949614,1984700
2526,113,114,48032,2240,949728,1975700
2527,103,110,47929,2233,949838,1916900
2528,110,103,47819,2240,949941,1929700
2529,116,121,47703,2235,950062,1947600
2530,101,103,47602,2233,950165,1929900
2531,112,102,47490,2243,950267,2093400
2532,110,113,47380,2240,950380,1928700
2533,117,104,47263,2253,950484,1923400
2534,108,115,47155,2246,950599,1966400
2535,104,88,47051,2262,950687,1906000
2536,88,110,46963,2240,950797,1879300
2537,102,101,46861,2241,950898,1959200
2538,89,128,46772,2202,951026,1849400
2539,107,108,46665,2201,951134,1756600
2540,84,108,46581,2177,951242,1882300
2541,113,118,46468,2172,951360,2073400
2542,94,109,46374,2157,951469,1964100
2543,116,114,46258,2159,951583,1752800
2544,105,93,46153,2171,951676,1733700
2545,101,112,46052,2160,951788,1846700
2546,102,114,45950,2148,951902,1985200
2547,111,102,45839,2157,952004,1816400
2548,101,118,45738,2140,952122,1833800
2549,90,89,45648,2141,952211,1694400
2550,114,122,45534,2133,952333,1699600
2551,89,99,45445,2123,952432,1772400
2552,94,102,45351,2115,952534,1758300
2553,87,114,45264,2088,952648,1795100
2554,109,97,45155,2100,952745,1701300
2555,100,100,45055,2100,952845,1843400
2556,92,115,44963,2077,952960,1802200
2557,102,101,44861,2078,953061,1750100
2558,93,89,44768,2082,953150,1755600
2559,80,97,44688,2065,953247,1757700
2560,93,103,44595,2055,953350,1817600
2561,93,110,44502,2038,953460,1760700
2562,88,121,44414,2005,953581,1701400
2563,95,100,44319,2000,953681,1761400
2564,97,107,44222,1990,953788,1869200
2565,99,100,44123,1989,953888,1942900
2566,81,81,44042,1989,953969,1940600
2567,91,107,43951,1973,954076,1907200
2568,89,80,43862,1982,954156,1751200
2569,100,104,43762,1978,954260,1721400
2570,96,92,43666,1982,954352,1828800
2571,99,100,43567,1981,954452,1812500
2572,78,95,43489,1964,954547,1783200
2573,90,98,43399,1956,954645,1734500
2574,90,95,43309,1951,954740,1991700
2575,77,91,43232,1937,954831,1764200
2576,85,95,43147,1927,954926,1767200
2577,87,105,43060,1909,955031,1856400
2578,75,99,42985,1885,955130,1757600
2579,73,100,42912,1858,955230,1767100
2580,76,88,42836,1846,955318,1775300
2581,90,94,42746,1842,955412,1758800
2582,89,77,42657,1854,955489,1828400
2583,89,107,42568,1836,955596,1700300
2584,86,81,42482,1841,955677,1637200
2585,95,100,42387,1836,955777,1844400
2586,83,93,42304,1826,955870,1745500
2587,77,86,42227,1817,955956,1665600
2588,99,73,42128,1843,956029,1688400
2589,79,96,42049,1826,956125,1810300
2590,85,91,41964,1820,956216,2055700
2591,80,95,41884,1805,956311,1945200
2592,81,84,41803,1802,956395,1779500
2593,84,87,41719,1799,956482,1695500
2594,79,88,41640,1790,956570,1707600
2595,75,76,41565,1789,956646,1817200
2596,68,89,41497,1768,956735,1814700
2597,82,90,41415,1760,956825,1700500
2598,71,88,41344,1743,956913,1732600
2599,88,79,41256,1752,956992,1719800
2600,87,77,41169,1762,957069,1881900
2601,82,82,41087,1762,957151,1900100
2602,73,90,41014,1745,957241,1711700
2603,76,71,40938,1750,957312,1694200
2604,87,87,40851,1750,957399,1888000
2605,88,117,40763,1721,957516,1810800
2606,69,97,40694,1693,957613,1691600
2607,77,95,40617,1675,957708,1780200
2608,91,78,40526,1688,957786,1795700
2609,62,79,40464,1671,957865,1848600
2610,75,77,40389,1669,957942,1809300
2611,79,89,40310,1659,958031,1860300
2612,77,99,40233,1637,958130,1773100
2613,93,69,40140,1661,958199,1765800
2614,79,91,40061,1649,958290,1811900
2615,86,79,39975,1656,958369,1807800
2616,69,102,39906,1623,958471,2189800
2617,83,84,39823,1622,958555,1984400
2618,73,70,39750,1625,958625,1796500
2619,80,72,39670,1633,958697,2131600
2620,74,66,39596,1641,958763,1842800
2621,73,70,39523,1644,958833,1763900
2622,72,70,39451,1646,958903,2051200
2623,78,87,39373,1637,958990,1843500
2624,70,80,39303,1627,959070,1765800
2625,73,73,39230,1627,959143,1991100
2626,72,62,39158,1637,959205,1910400
2627,83,65,39075,1655,959270,1861900
2628,83,90,38992,1648,959360,1966300
2629,84,79,38908,1653,959439,1781700
2630,61,91,38847,1623,959530,1755600
2631,65,90,38782,1598,959620,1744900
2632,71,64,38711,1605,959684,1732400
2633,77,89,38634,1593,959773,1748200
2634,82,94,38552,1581,959867,1931200
2635,85,69,38467,1597,959936,1750700
2636,71,81,38396,1587,960017,1751700
2637,67,81,38329,1573,960098,1798400
2638,72,71,38257,1574,960169,1797400
2639,72,79,38185,1567,960248,1792100
2640,75,80,38110,1562,960328,1841400
2641,61,70,38049,1553,960398,1891700
2642,64,88,37985,1529,960486,1671600
2643,64,74,37921,1519,960560,1797500
2644,62,76,37859,1505,960636,1810900
2645,60,66,37799,1499,960702,1739700
2646,61,76,37738,1484,960778,1634400
2647,67,76,37671,1475,960854,1717900
2648,56,98,37615,1433,960952,1716900
2649,71,64,37544,1440,961016,1626100
2650,67,80,37477,1427,961096,1685900
2651,73,72,37404,1428,961168,1954600
2652,70,77,37334,1421,961245,2132400
2653,66,62,37268,1425,961307,1788600
2654,73,65,37195,1433,961372,1862100
2655,69,68,37126,1434,961440,1967100
2656,57,70,37069,1421,961510,1937000
2657,68,64,37001,1425,961574,1975500
2658,58,73,36943,1410,961647,1871300
2659,67,58,36876,1419,961705,1835300
2660,61,66,36815,1414,961771,2197100
2661,54,83,36761,1385,961854,1946400
2662,72,69,36689,1388,961923,1909000
2663,53,76,36636,1365,961999,1998100
2664,50,57,36586,1358,962056,1902200
2665,67,65,36519,1360,962121,1906900
2666,65,72,36454,1353,962193,1973600
2667,60,85,36394,1328,962278,1953700
2668,60,49,36334,1339,962327,1868600
2669,62,56,36272,1345,962383,1920400
2670,58,67,36214,1336,962450,2015100
2671,50,57,36164,1329,962507,1956800
2672,64,76,36100,1317,962583,1917600
2673,66,67,36034,1316,962650,1974400
2674,51,65,35983,1302,962715,1853900
2675,54,61,35929,1295,962776,1902900
2676,60,67,35869,1288,962843,1941600
2677,59,73,35810,1274,962916,1870200
2678,53,66,35757,1261,962982,2145000
2679,62,55,35695,1268,963037,2077100
2680,49,55,35646,1262,963092,1902600
2681,58,49,35588,1271,963141,1891500
2682,63,54,35525,1280,963195,1844700
2683,57,55,35468,1282,963250,1876100
2684,60,45,35408,1297,963295,1855800
2685,59,68,35349,1288,963363,1847100
2686,47,65,35302,1270,963428,1817600
2687,53,73,35249,1250,963501,1838500
2688,61,65,35188,1246,963566,1907200
2689,62,57,35126,1251,963623,1858900
2690,60,65,35066,1246,963688,2019200
2691,67,68,34999,1245,963756,1877900
2692,54,67,34945,1232,963823,1902300
2693,67,64,34878,1235,963887,1709500
2694,64,74,34814,1225,963961,1744800
2695,51,63,34763,1213,964024,1811600
2696,56,61,34707,1208,964085,1827000
2697,53,60,34654,1201,964145,1796600
2698,51,61,34603,1191,964206,1702400
2699,44,60,34559,1175,964266,1876500
2700,52,82,34507,1145,964348,1846500
2701,57,47,34450,1155,964395,1809500
2702,47,70,34403,1132,964465,1833300
2703,49,55,34354,1126,964520,1802800
2704,46,62,34308,1110,964582,1712100
2705,48,56,34260,1102,964638,1892800
2706,39,60,34221,1081,964698,1807800
2707,41,56,34180,1066,964754,1789100
2708,37,57,34143,1046,964811,1844900
2709,46,53,34097,1039,964864,1765500
2710,51,40,34046,1050,964904,1787300
2711,47,57,33999,1040,964961,1823400
2712,45,48,33954,1037,965009,1759500
2713,44,55,33910,1026,965064,1802400
2714,46,51,33864,1021,965115,1756600
2715,59,51,33805,1029,965166,1719700
2716,54,61,33751,1022,965227,1780900
2717,49,49,33702,1022,965276,1789100
2718,56,59,33646,1019,965335,1790800
2719,59,63,33587,1015,965398,1739400
2720,42,44,33545,1013,965442,1786500
2721,45,50,33500,1008,965492,1782300
2722,56,42,33444,1022,965534,1809300
2723,50,63,33394,1009,965597,1796700
2724,49,74,33345,984,965671,1757700
2725,50,56,33295,978,965727,1935200
2726,55,39,33240,994,965766,1824100
2727,49,52,33191,991,965818,1785600
2728,57,59,33134,989,965877,1779100
2729,54,55,33080,988,965932,1794800
2730,49,52,33031,985,965984,1717800
2731,47,50,32984,982,966034,1988700
2732,57,51,32927,988,966085,1906100
2733,48,45,32879,991,966130,1896800
2734,46,43,32833,994,966173,1847100
2735,65,41,32768,1018,966214,1805000
2736,50,49,32718,1019,966263,1965000
2737,48,48,32670,1019,966311,1843600
2738,44,48,32626,1015,966359,2067700
2739,54,46,32572,1023,966405,1853400
2740,52,58,32520,1017,966463,1812600
2741,46,40,32474,1023,966503,1947700
2742,56,60,32418,1019,966563,1783500
2743,44,46,32374,1017,966609,1782300
2744,45,44,32329,1018,966653,1812200
2745,43,56,32286,1005,966709,1775900
2746,53,60,32233,998,966769,1875700
2747,59,52,32174,1005,966821,1963600
2748,58,58,32116,1005,966879,2000600
2749,63,46,32053,1022,966925,1927800
2750,48,52,32005,1018,966977,1890800
2751,55,49,31950,1024,967026,2077100
2752,65,55,31885,1034,967081,1854600
2753,52,55,31833,1031,967136,1800400
2754,46,39,31787,1038,967175,1857800
2755,40,49,31747,1029,967224,1886300
2756,50,51,31697,1028,967275,1851600
2757,48,64,31649,1012,967339,1903200
2758,49,63,31600,998,967402,2080000
2759,53,46,31547,1005,967448,1934600
2760,57,49,31490,1013,967497,1901600
2761,47,48,31443,1012,967545,1891700
2762,39,58,31404,993,967603,2068100
2763,37,55,31367,975,967658,1948000
2764,45,48,31322,972,967706,1931700
2765,49,56,31273,965,967762,1882800
2766,37,45,31236,957,967807,1765100
2767,48,57,31188,948,967864,1999800
2768,33,43,31155,938,967907,1794900
2769,47,43,31108,942,967950,1781900
2770,41,51,31067,932,968001,1759900
2771,34,42,31033,924,968043,1860200
2772,49,44,30984,929,968087,1760700
2773,42,39,30942,932,968126,1982800
2774,49,51,30893,930,968177,1824300
2775,41,51,30852,920,968228,1949600
2776,44,43,30808,921,968271,2128500
2777,44,47,30764,918,968318,1825100
2778,46,44,30718,920,968362,1805000
2779,44,51,30674,913,968413,1977800
2780,46,48,30628,911,968461,1738200
2781,51,44,30577,918,968505,1764600
2782,46,54,30531,910,968559,1787900
2783,50,49,30481,911,968608,1728600
2784,43,38,30438,916,968646,1712400
2785,48,53,30390,911,968699,1764200
2786,43,52,30347,902,968751,1890300
2787,33,56,30314,879,968807,1728900
2788,42,52,30272,869,968859,1871600
2789,46,41,30226,874,968900,1806600
2790,41,57,30185,858,968957,1749800
2791,43,40,30142,861,968997,1795300
2792,37,46,30105,852,969043,1915500
2793,42,38,30063,856,969081,1798500
2794,36,45,30027,847,969126,1964800
2795,52,39,29975,860,969165,1787400
2796,40,29,29935,871,969194,1822800
2797,44,49,29891,866,969243,1957000
2798,40,52,29851,854,969295,1790500
2799,47,40,29804,861,969335,1740300
2800,51,45,29753,867,969380,1923300
2801,46,43,29707,870,969423,1866100
2802,50,48,29657,872,969471,1783000
2803,56,59,29601,869,969530,1844200
2804,46,36,29555,879,969566,1805300
2805,35,39,29520,875,969605,1728800
2806,41,39,29479,877,969644,1836600
2807,48,43,29431,882,969687,2030500
2808,48,41,29383,889,969728,1742600
2809,43,44,29340,888,969772,1899400
2810,41,39,29299,890,969811,1768600
2811,42,50,29257,882,969861,1722000
2812,36,48,29221,870,969909,1771500
2813,42,42,29179,870,969951,1701700
2814,47,50,29132,867,970001,1693400
2815,49,47,29083,869,970048,1732100
2816,46,45,29037,870,970093,2019100
2817,44,41,28993,873,970134,1850700
2818,39,43,28954,869,970177,1806400
2819,49,43,28905,875,970220,1810900
2820,45,57,28860,863,970277,1771300
2821,40,53,28820,850,970330,1954900
2822,46,36,28774,860,970366,1743100
2823,50,38,28724,872,970404,1799800
2824,43,47,28681,868,970451,1785000
2825,45,39,28636,874,970490,1742700
2826,51,47,28585,878,970537,1737000
2827,50,37,28535,891,970574,1757100
2828,47,37,28488,901,970611,2071600
2829,55,46,28433,910,970657,2042800
2830,56,45,28377,921,970702,2097700
2831,45,37,28332,929,970739,1795100
2832,55,40,28277,944,970779,2055500
2833,48,54,28229,938,970833,1801700
2834,47,40,28182,945,970873,1859500
2835,34,41,28148,938,970914,1750400
2836,54,44,28094,948,970958,1820500
2837,49,41,28045,956,970999,2022900
2838,44,49,28001,951,971048,1768800
2839,53,48,27948,956,971096,1828500
2840,52,47,27896,961,971143,1887000
2841,44,46,27852,959,971189,1778500
2842,40,39,27812,960,971228,1759900
2843,64,49,27748,975,971277,1790600
2844,51,54,27697,972,971331,1736000
2845,49,37,27648,984,971368,2231600
2846,68,49,27580,1003,971417,1750200
2847,61,48,27519,1016,971465,1726000
2848,57,55,27462,1018,971520,1777300
2849,51,48,27411,1021,971568,2003300
2850,52,50,27359,1023,971618,1802200
2851,55,48,27304,1030,971666,1998000
2852,51,62,27253,1019,971728,1844700
2853,47,47,27206,1019,971775,1791200
2854,55,48,27151,1026,971823,1700100
2855,51,64,27100,1013,971887,1749100
2856,56,46,27044,1023,971933,1801300
2857,62,52,26982,1033,971985,1828400
2858,58,56,26924,1035,972041,1831100
2859,50,51,26874,1034,972092,1776100
2860,59,60,26815,1033,972152,1819800
2861,57,55,26758,1035,972207,1869900
2862,54,56,26704,1033,972263,1768200
2863,63,48,26641,1048,972311,1811500
2864,62,57,26579,1053,972368,1827400
2865,68,57,26511,1064,972425,1785900
2866,54,63,26457,1055,972488,2027100
2867,53,55,26404,1053,972543,1942600
2868,55,48,26349,1060,972591,1818600
2869,59,60,26290,1059,972651,1903200
2870,54,72,26236,1041,972723,1858200
2871,56,63,26180,1034,972786,1861300
2872,52,61,26128,1025,972847,1858900
2873,54,68,26074,1011,972915,1856700
2874,43,53,26031,1001,972968,2004400
2875,45,54,25986,992,973022,1946300
2876,40,58,25946,974,973080,2012400
2877,48,50,25898,972,973130,1913400
2878,38,43,25860,967,973173,1959000
2879,50,61,25810,956,973234,1868600
2880,45,49,25765,952,973283,1887400
2881,42,46,25723,948,973329,1916900
2882,47,45,25676,950,973374,1974700
2883,43,39,25633,954,973413,1954600
2884,44,45,25589,953,973458,1867900
2885,36,45,25553,944,973503,1843800
2886,47,46,25506,945,973549,1842800
2887,36,42,25470,939,973591,1833400
2888,47,43,25423,943,973634,1935300
2889,51,43,25372,951,973677,1870900
2890,46,41,25326,956,973718,1935000
2891,48,55,25278,949,973773,1831400
2892,49,36,25229,962,973809,1813900
2893,37,44,25192,955,973853,1700900
2894,43,45,25149,953,973898,1641100
2895,35,49,25114,939,973947,1808100
2896,45,55,25069,929,974002,1759400
2897,37,46,25032,920,974048,1639200
2898,43,53,24989,910,974101,1716800
2899,47,43,24942,914,974144,1807900
2900,42,39,24900,917,974183,1872500
2901,38,41,24862,914,974224,1722000
2902,45,50,24817,909,974274,1760100
2903,34,41,24783,902,974315,1829200
2904,40,46,24743,896,974361,2016000
2905,41,49,24702,888,974410,2034400
2906,29,51,24673,866,974461,1872500
2907,35,36,24638,865,974497,2068000
2908,38,29,24600,874,974526,1904900
2909,27,45,24573,856,974571,1805000
2910,40,50,24533,846,974621,1802400
2911,40,50,24493,836,974671,1709000
2912,39,48,24454,827,974719,1679700
2913,27,37,24427,817,974756,1802500
2914,29,33,24398,813,974789,1758000
2915,44,35,24354,822,974824,1686500
2916,38,39,24316,821,974863,1698800
2917,34,45,24282,810,974908,1837500
2918,37,30,24245,817,974938,1745400
2919,38,47,24207,808,974985,1686000
2920,22,43,24185,787,975028,1673900
2921,37,37,24148,787,975065,1783600
2922,35,43,24113,779,975108,1721400
2923,31,33,24082,777,975141,1679100
2924,32,39,24050,770,975180,1693000
2925,32,37,24018,765,975217,1677000
2926,32,32,23986,765,975249,1683200
2927,33,31,23953,767,975280,1667900
2928,30,35,23923,762,975315,1759700
2929,25,33,23898,754,975348,1617500
2930,42,33,23856,763,975381,1668200
2931,47,44,23809,766,975425,1777400
2932,33,40,23776,759,975465,1639100
2933,21,42,23755,738,975507,1726200
2934,23,33,23732,728,975540,1972800
2935,40,36,23692,732,975576,2057300
2936,27,33,23665,726,975609,1855600
2937,37,45,23628,718,975654,1816400
2938,29,35,23599,712,975689,1716100
2939,23,44,23576,691,975733,1949300
2940,30,35,23546,686,975768,1849700
2941,23,39,23523,670,975807,1862000
2942,34,32,23489,672,975839,2073800
2943,23,34,23466,661,975873,1818400
2944,26,29,23440,658,975902,1790300
2945,28,27,23412,659,975929,1731600
2946,29,31,23383,657,975960,1781100
2947,30,28,23353,659,975988,1674800
2948,31,36,23322,654,976024,1756200
2949,25,40,23297,639,976064,1826000
2950,28,26,23269,641,976090,1688200
2951,32,21,23237,652,976111,1839300
2952,37,31,23200,658,976142,1726900
2953,31,35,23169,654,976177,1705400
2954,38,39,23131,653,976216,1766700
2955,27,39,23104,641,976255,1681000
2956,31,32,23073,640,976287,1626700
2957,31,27,23042,644,976314,1683700
2958,39,29,23003,654,976343,1673000
2959,43,27,22960,670,976370,1665000
2960,34,38,22926,666,976408,1877400
2961,34,30,22892,670,976438,1718300
2962,42,28,22850,684,976466,1666600
2963,41,26,22809,699,976492,1677600
2964,35,27,22774,707,976519,1767200
2965,43,40,22731,710,976559,1679000
2966,58,32,22673,736,976591,1679800
2967,46,39,22627,743,976630,1782300
2968,45,43,22582,745,976673,1752500
2969,52,39,22530,758,976712,1781600
2970,32,48,22498,742,976760,1621300
2971,52,36,22446,758,976796,1787200
2972,48,33,22398,773,976829,1725000
2973,27,50,22371,750,976879,1675300
2974,43,31,22328,762,976910,1663000
2975,41,43,22287,760,976953,1934100
2976,27,37,22260,750,976990,1775700
2977,36,34,22224,752,977024,1813000
2978,34,32,22190,754,977056,1739300
2979,39,32,22151,761,977088,1716100
2980,40,37,22111,764,977125,1661900
2981,40,38,22071,766,977163,1710200
2982,45,33,22026,778,977196,1957400
2983,37,32,21989,783,977228,1682300
2984,29,40,21960,772,977268,1781700
2985,48,50,21912,770,977318,1680800
2986,43,40,21869,773,977358,1685900
2987,50,33,21819,790,977391,2067800
2988,34,36,21785,788,977427,1807600
2989,44,38,21741,794,977465,1805100
2990,45,34,21696,805,977499,1904900
2991,40,32,21656,813,977531,1622600
2992,45,35,21611,823,977566,1681300
2993,50,35,21561,838,977601,1827600
2994,43,46,21518,835,977647,1730800
2995,41,45,21477,831,977692,1849200
2996,48,32,21429,847,977724,1690100
2997,40,40,21389,847,977764,1684100
2998,42,33,21347,856,977797,1821400
2999,40,37,21307,859,977834,1685600
3000,44,32,21263,871,977866,1686500
3001,35,41,21228,865,977907,1786900
3002,44,40,21184,869,977947,1763300
3003,37,46,21147,860,977993,1727700
3004,49,49,21098,860,978042,1688600
3005,47,47,21051,860,978089,1681200
3006,43,54,21008,849,978143,1674900
3007,46,37,20962,858,978180,1663100
3008,35,44,20927,849,978224,1804400
3009,34,47,20893,836,978271,1889000
3010,38,31,20855,843,978302,1690200
3011,39,39,20816,843,978341,1684600
3012,28,43,20788,828,978384,1678700
3013,31,44,20757,815,978428,1958900
3014,48,52,20709,811,978480,1719300
3015,35,45,20674,801,978525,1731000
3016,36,45,20638,792,978570,1758100
3017,32,28,20606,796,978598,1804300
3018,30,35,20576,791,978633,1779200
3019,33,32,20543,792,978665,1695400
3020,30,38,20513,784,978703,1656900
3021,42,51,20471,775,978754,1798600
3022,35,42,20436,768,978796,1833100
3023,34,38,20402,764,978834,1923200
3024,31,40,20371,755,978874,1897100
3025,41,35,20330,761,978909,2049600
3026,22,40,20308,743,978949,1817100
3027,32,45,20276,730,978994,1806900
3028,38,32,20238,736,979026,1788300
3029,32,42,20206,726,979068,1749300
3030,30,46,20176,710,979114,1780200
3031,34,40,20142,704,979154,2043100
3032,38,44,20104,698,979198,1750700
3033,34,35,20070,697,979233,1734100
3034,34,44,20036,687,979277,1792900
3035,41,41,19995,687,979318,1791100
3036,31,37,19964,681,979355,1770700
3037,38,40,19926,679,979395,1620900
3038,22,48,19904,653,979443,1667500
3039,30,31,19874,652,979474,1842100
3040,33,30,19841,655,979504,1679100
3041,45,33,19796,667,979537,1680600
3042,25,35,19771,657,979572,1892700
3043,37,34,19734,660,979606,1785400
3044,23,26,19711,657,979632,1746400
3045,32,32,19679,657,979664,1674600
3046,32,32,19647,657,979696,1678800
3047,26,28,19621,655,979724,1768800
3048,30,30,19591,655,979754,1882300
3049,41,46,19550,650,979800,1813500
3050,27,32,19523,645,979832,1767100
3051,22,30,19501,637,979862,1776200
3052,22,28,19479,631,979890,1792200
3053,30,41,19449,620,979931,1818800
3054,26,27,19423,619,979958,1760800
3055,21,37,19402,603,979995,1782300
3056,34,30,19368,607,980025,1775300
3057,26,36,19342,597,980061,1870100
3058,28,25,19314,600,980086,1750200
3059,19,24,19295,595,980110,1771400
3060,27,32,19268,590,980142,1729500
3061,18,27,19250,581,980169,1702100
3062,22,30,19228,573,980199,1736900
3063,27,23,19201,577,980222,1689600
3064,31,22,19170,586,980244,1758300
3065,25,34,19145,577,980278,1712800
3066,25,28,19120,574,980306,1934800
3067,27,25,19093,576,980331,1682700
3068,24,30,19069,570,980361,1679600
3069,26,21,19043,575,980382,1880200
3070,37,18,19006,594,980400,1767700
3071,29,23,18977,600,980423,1667400
3072,23,34,18954,589,980457,1681000
3073,27,48,18927,568,980505,1790600
3074,26,28,18901,566,980533,1915400
3075,30,16,18871,580,980549,1680100
3076,17,34,18854,563,980583,1742000
3077,25,21,18829,567,980604,1794400
3078,21,26,18808,562,980630,1806100
3079,29,25,18779,566,980655,1721900
3080,23,27,18756,562,980682,1703500
3081,31,31,18725,562,980713,1665700
3082,29,31,18696,560,980744,1797600
3083,19,39,18677,540,980783,1721700
3084,17,28,18660,529,980811,1663000
3085,18,34,18642,513,980845,1792400
3086,21,24,18621,510,980869,1772000
3087,13,24,18608,499,980893,1668400
3088,28,29,18580,498,980922,1949600
3089,15,23,18565,490,980945,1838400
3090,19,32,18546,477,980977,1721200
3091,16,19,18530,474,980996,1785000
3092,20,25,18510,469,981021,1693100
3093,18,18,18492,469,981039,1719300
3094,23,16,18469,476,981055,1791800
3095,19,22,18450,473,981077,1959400
3096,22,25,18428,470,981102,1750500
3097,20,25,18408,465,981127,1674200
3098,23,20,18385,468,981147,1669400
3099,20,23,18365,465,981170,1853800
3100,23,26,18342,462,981196,1754600
3101,14,26,18328,450,981222,1669300
3102,26,32,18302,444,981254,1667700
3103,20,13,18282,451,981267,1698100
3104,24,21,18258,454,981288,1686700
3105,22,26,18236,450,981314,1676200
3106,22,26,18214,446,981340,1792000
3107,18,26,18196,438,981366,1730200
3108,22,27,18174,433,981393,1684800
3109,22,18,18152,437,981411,1757100
3110,17,25,18135,429,981436,1984500
3111,14,25,18121,418,981461,1744000
3112,8,19,18113,407,981480,1719400
3113,11,19,18102,399,981499,1617700
3114,19,22,18083,396,981521,1792500
3115,19,16,18064,399,981537,1758600
3116,11,28,18053,382,981565,1739400
3117,21,27,18032,376,981592,1658200
3118,12,19,18020,369,981611,1797800
3119,17,18,18003,368,981629,1736800
3120,13,20,17990,361,981649,1965500
3121,19,20,17971,360,981669,1944700
3122,12,16,17959,356,981685,1693800
3123,14,14,17945,356,981699,1697900
3124,16,16,17929,356,981715,1740100
3125,12,19,17917,349,981734,1690300
3126,14,26,17903,337,981760,1728800
3127,13,14,17890,336,981774,1917300
3128,18,12,17872,342,981786,1705600
3129,10,17,17862,335,981803,1764700
3130,13,17,17849,331,981820,1960500
3131,14,21,17835,324,981841,1915600
3132,16,14,17819,326,981855,1668600
3133,16,15,17803,327,981870,1764000
3134,14,15,17789,326,981885,1766300
3135,17,8,17772,335,981893,1675800
3136,18,12,17754,341,981905,1828000
3137,16,19,17738,338,981924,1883800
3138,11,12,17727,337,981936,1842800
3139,13,10,17714,340,981946,1753100
3140,12,17,17702,335,981963,1696700
3141,17,19,17685,333,981982,1681800
3142,14,14,17671,333,981996,1788600
3143,16,22,17655,327,982018,1750900
3144,16,10,17639,333,982028,1678600
3145,15,22,17624,326,982050,1929600
3146,15,23,17609,318,982073,1809400
3147,22,24,17587,316,982097,1737800
3148,23,17,17564,322,982114,1721100
3149,18,15,17546,325,982129,1672700
3150,13,11,17533,327,982140,1679300
3151,16,16,17517,327,982156,1742200
3152,14,12,17503,329,982168,1672100
3153,14,20,17489,323,982188,1708300
3154,20,11,17469,332,982199,1690100
3155,13,16,17456,329,982215,1986100
3156,14,13,17442,330,982228,1760800
3157,12,17,17430,325,982245,1729400
3158,11,16,17419,320,982261,1728900
3159,18,19,17401,319,982280,1804600
3160,13,16,17388,316,982296,1771700
3161,13,18,17375,311,982314,1928000
3162,18,15,17357,314,982329,1790200
3163,13,18,17344,309,982347,1749200
3164,14,13,17330,310,982360,1828400
3165,14,23,17316,301,982383,1828200
3166,10,15,17306,296,982398,2053500
3167,19,12,17287,303,982410,1932300
3168,17,14,17270,306,982424,1755700
3169,18,19,17252,305,982443,1726200
3170,17,16,17235,306,982459,2037700
3171,15,13,17220,308,982472,1826000
3172,14,13,17206,309,982485,1729000
3173,16,10,17190,315,982495,1778900
3174,15,13,17175,317,982508,1902700
3175,18,12,17157,323,982520,1713200
3176,17,23,17140,317,982543,1720700
3177,20,3,17120,334,982546,1921100
3178,15,14,17105,335,982560,1809200
3179,14,17,17091,332,982577,1803200
3180,17,15,17074,334,982592,1735200
3181,21,15,17053,340,982607,1924300
3182,21,14,17032,347,982621,1820000
3183,21,14,17011,354,982635,1714600
3184,16,24,16995,346,982659,1771100
3185,16,10,16979,352,982669,1776600
3186,13,17,16966,348,982686,1728400
3187,11,14,16955,345,982700,1813100
3188,16,18,16939,343,982718,1756900
3189,20,22,16919,341,982740,1691800
3190,16,12,16903,345,982752,1684700
3191,16,16,16887,345,982768,1793100
3192,20,13,16867,352,982781,1764200
3193,19,26,16848,345,982807,1612100
3194,21,26,16827,340,982833,1690300
3195,10,18,16817,332,982851,1792900
3196,16,26,16801,322,982877,1740500
3197,14,16,16787,320,982893,1703200
3198,16,20,16771,316,982913,1987800
3199,12,11,16759,317,982924,1806800
3200,9,14,16750,312,982938,1849700
3201,21,13,16729,320,982951,1844400
3202,19,14,16710,325,982965,1864800
3203,12,22,16698,315,982987,1719100
3204,16,13,16682,318,983000,1665300
3205,13,15,16669,316,983015,1723900
3206,11,24,16658,303,983039,1826000
3207,22,14,16636,311,983053,1797200
3208,14,10,16622,315,983063,1711200
3209,15,15,16607,315,983078,1684400
3210,14,16,16593,313,983094,1880900
3211,14,15,16579,312,983109,1673100
3212,11,18,16568,305,983127,1706000
3213,12,15,16556,302,983142,1675800
3214,12,10,16544,304,983152,1740200
3215,14,13,16530,305,983165,1687400
3216,18,11,16512,312,983176,1676600
3217,21,16,16491,317,983192,1740300
3218,16,15,16475,318,983207,1673000
3219,15,13,16460,320,983220,1612700
3220,18,13,16442,325,983233,1851700
3221,15,15,16427,325,983248,2075000
3222,26,13,16401,338,983261,1931000
3223,17,21,16384,334,983282,1825000
3224,17,12,16367,339,983294,1844700
3225,19,12,16348,346,983306,1780200
3226,16,22,16332,340,983328,1869800
3227,17,20,16315,337,983348,1863500
3228,18,21,16297,334,983369,1676200
3229,12,26,16285,320,983395,2009800
3230,12,16,16273,316,983411,1789000
3231,16,13,16257,319,983424,1682000
3232,9,11,16248,317,983435,1709800
3233,12,16,16236,313,983451,1990400
3234,14,16,16222,311,983467,1794200
3235,8,16,16214,303,983483,1733400
3236,15,12,16199,306,983495,2071900
3237,12,16,16187,302,983511,1686800
3238,14,18,16173,298,983529,1759600
3239,17,14,16156,301,983543,1704200
3240,14,7,16142,308,983550,1708400
3241,13,5,16129,316,983555,1710200
3242,14,13,16115,317,983568,1688400
3243,14,21,16101,310,983589,1760900
3244,6,14,16095,302,983603,1886700
3245,12,13,16083,301,983616,1684300
3246,19,16,16064,304,983632,1691800
3247,13,18,16051,299,983650,1662700
3248,21,13,16030,307,983663,1679100
3249,12,11,16018,308,983674,1614800
3250,11,19,16007,300,983693,1796600
3251,16,22,15991,294,983715,1730900
3252,7,13,15984,288,983728,1766300
3253,5,15,15979,278,983743,1792300
3254,11,11,15968,278,983754,1792300
3255,7,17,15961,268,983771,1771600
3256,13,9,15948,272,983780,1664700
3257,8,13,15940,267,983793,1664200
3258,12,12,15928,267,983805,1780600
3259,9,16,15919,260,983821,2050600
3260,7,18,15912,249,983839,1750200
3261,14,13,15898,250,983852,1899900
3262,5,9,15893,246,983861,1683600
3263,12,19,15881,239,983880,1806700
3264,13,13,15868,239,983893,1790200
3265,13,18,15855,234,983911,1720900
3266,15,11,15840,238,983922,1672100
3267,13,19,15827,232,983941,1876300
3268,7,8,15820,231,983949,1686300
3269,15,17,15805,229,983966,1705400
3270,15,11,15790,233,983977,1663100
3271,15,6,15775,242,983983,1789900
3272,11,8,15764,245,983991,1778600
3273,6,13,15758,238,984004,1665400
3274,5,10,15753,233,984014,1703100
3275,7,14,15746,226,984028,1932200
3276,10,14,15736,222,984042,2260000
3277,13,9,15723,226,984051,1875900
3278,8,14,15715,220,984065,1828300
3279,5,12,15710,213,984077,1701400
3280,14,14,15696,213,984091,1696300
3281,6,6,15690,213,984097,1689100
3282,7,8,15683,212,984105,1760400
3283,4,7,15679,209,984112,1864300
3284,8,15,15671,202,984127,1688900
3285,8,3,15663,207,984130,1682800
3286,7,8,15656,206,984138,1670100
3287,8,9,15648,205,984147,1675600
3288,8,14,15640,199,984161,1674400
3289,8,11,15632,196,984172,1684700
3290,9,10,15623,195,984182,1652800
3291,4,9,15619,190,984191,1677200
3292,4,7,15615,187,984198,1685600
3293,8,9,15607,186,984207,1773800
3294,4,4,15603,186,984211,1808600
3295,8,10,15595,184,984221,1901700
3296,5,9,15590,180,984230,1623600
3297,8,5,15582,183,984235,1792300
3298,5,10,15577,178,984245,1753200
3299,4,18,15573,164,984263,1674000
3300,5,15,15568,154,984278,1665600
3301,4,6,15564,152,984284,1777700
3302,4,9,15560,147,984293,1622600
3303,7,5,15553,149,984298,1733900
3304,7,3,15546,153,984301,1694200
3305,7,12,15539,148,984313,1722300
3306,5,11,15534,142,984324,1690100
3307,5,6,15529,141,984330,1713000
3308,9,9,15520,141,984339,1777000
3309,6,9,15514,138,984348,1708900
3310,4,7,15510,135,984355,1671900
3311,7,7,15503,135,984362,1825800
3312,6,6,15497,135,984368,1847000
3313,6,8,15491,133,984376,1774600
3314,9,8,15482,134,984384,1952000
3315,4,7,15478,131,984391,1691300
3316,3,4,15475,130,984395,1671000
3317,8,7,15467,131,984402,1881100
3318,5,9,15462,127,984411,1902900
3319,6,5,15456,128,984416,1693800
3320,9,6,15447,131,984422,1999700
3321,7,6,15440,132,984428,1727700
3322,3,5,15437,130,984433,2073300
3323,5,7,15432,128,984440,1997600
3324,5,3,15427,130,984443,1803200
3325,4,8,15423,126,984451,1915100
3326,3,5,15420,124,984456,1985200
3327,5,3,15415,126,984459,1794000
3328,3,3,15412,126,984462,1750200
3329,2,4,15410,124,984466,1681000
3330,1,4,15409,121,984470,1666800
3331,4,7,15405,118,984477,1779900
3332,4,9,15401,113,984486,1643900
3333,3,6,15398,110,984492,1662700
3334,2,7,15396,105,984499,1790400
3335,4,5,15392,104,984504,1681800
3336,2,5,15390,101,984509,1677900
3337,1,7,15389,95,984516,1910000
3338,1,7,15388,89,984523,1775600
3339,3,7,15385,85,984530,1863100
3340,4,5,15381,84,984535,1855900
3341,5,2,15376,87,984537,1701700
3342,1,8,15375,80,984545,1711800
3343,3,1,15372,82,984546,1788000
3344,3,4,15369,81,984550,1749700
3345,8,6,15361,83,984556,1671700
3346,2,5,15359,80,984561,1670100
3347,2,2,15357,80,984563,1822700
3348,1,2,15356,79,984565,1729900
3349,1,2,15355,78,984567,1669600
3350,1,2,15354,77,984569,1676200
3351,2,2,15352,77,984571,1913000
3352,2,3,15350,76,984574,1845300
3353,2,3,15348,75,984577,1776500
3354,0,2,15348,73,984579,1740900
3355,1,6,15347,68,984585,1670900
3356,1,4,15346,65,984589,1770100
3357,2,1,15344,66,984590,1686000
3358,2,4,15342,64,984594,1669300
3359,2,4,15340,62,984598,1889900
3360,1,5,15339,58,984603,2036600
3361,1,3,15338,56,984606,2026200
3362,1,4,15337,53,984610,1786200
3363,2,0,15335,55,984610,1756100
3364,1,3,15334,53,984613,1698500
3365,0,4,15334,49,984617,1668900
3366,1,6,15333,44,984623,1784300
3367,2,2,15331,44,984625,1723700
3368,1,4,15330,41,984629,1694200
3369,2,3,15328,40,984632,1683600
3370,1,1,15327,40,984633,1758000
3371,1,1,15326,40,984634,1676600
3372,3,4,15323,39,984638,1754700
3373,2,1,15321,40,984639,1766300
3374,0,4,15321,36,984643,1904000
3375,1,1,15320,36,984644,1853800
3376,0,2,15320,34,984646,1621500
3377,1,2,15319,33,984648,1663900
3378,0,3,15319,30,984651,1759200
3379,1,0,15318,31,984651,1613800
3380,0,1,15318,30,984652,1661400
3381,0,4,15318,26,984656,1800800
3382,0,1,15318,25,984657,1749900
3383,0,2,15318,23,984659,1952700
3384,0,3,15318,20,984662,1693400
3385,0,0,15318,20,984662,1690500
3386,0,0,15318,20,984662,1779100
3387,0,1,15318,19,984663,1719900
3388,0,3,15318,16,984666,1744600
3389,0,1,15318,15,984667,1810000
3390,0,0,15318,15,984667,1824300
3391,0,0,15318,15,984667,1696500
3392,0,0,15318,15,984667,1713000
3393,0,0,15318,15,984667,1708500
3394,0,1,15318,14,984668,1772800
3395,0,3,15318,11,984671,1754800
3396,0,0,15318,11,984671,1679200
3397,0,0,15318,11,984671,1788700
3398,0,1,15318,10,984672,1861600
3399,0,0,15318,10,984672,1769300
3400,0,1,15318,9,984673,1740700
3401,0,0,15318,9,984673,1702600
3402,0,0,15318,9,984673,1823000
3403,0,0,15318,9,984673,1768800
3404,0,0,15318,9,984673,1700400
3405,0,0,15318,9,984673,1718600
3406,0,0,15318,9,984673,1805500
3407,0,0,15318,9,984673,1811100
3408,0,0,15318,9,984673,1760300
3409,0,2,15318,7,984675,1709300
3410,0,2,15318,5,984677,1701500
3411,0,0,15318,5,984677,1776800
3412,0,0,15318,5,984677,1742300
3413,0,0,15318,5,984677,1737100
3414,0,0,15318,5,984677,1760400
3415,0,0,15318,5,984677,1741000
3416,0,0,15318,5,984677,1723900
3417,0,0,15318,5,984677,1744300
3418,0,0,15318,5,984677,1733400
3419,0,0,15318,5,984677,1826700
3420,0,0,15318,5,984677,1928200
3421,0,0,15318,5,984677,1786000
3422,0,1,15318,4,984678,1785100
3423,0,0,15318,4,984678,1744300
3424,0,0,15318,4,984678,1812400
3425,0,0,15318,4,984678,1916300
3426,0,0,15318,4,984678,1772500
3427,0,1,15318,3,984679,1812200
3428,0,0,15318,3,984679,1766800
3429,0,1,15318,2,984680,1709600
3430,0,0,15318,2,984680,1813800
3431,0,0,15318,2,984680,1713900
3432,0,0,15318,2,984680,1762400
3433,0,0,15318,2,984680,1868900
3434,0,0,15318,2,984680,1988100
3435,0,0,15318,2,984680,2020100
3436,0,1,15318,1,984681,1809900
3437,0,0,15318,1,984681,2229200
3438,0,0,15318,1,984681,1795500
3439,0,0,15318,1,984681,1871600
3440,0,0,15318,1,984681,1815400
3441,0,0,15318,1,984681,1871700
3442,0,0,15318,1,984681,1873000
3443,0,0,15318,1,984681,1810400
3444,0,0,15318,1,984681,1840900
3445,0,0,15318,1,984681,1854900
3446,0,0,15318,1,984681,2000100
3447,0,0,15318,1,984681,1842300
3448,0,0,15318,1,984681,2051700
3449,0,0,15318,1,984681,1925100
3450,0,0,15318,1,984681,1783600
3451,0,0,15318,1,984681,1758800
3452,0,0,15318,1,984681,1743200
3453,0,0,15318,1,984681,1718400
3454,0,0,15318,1,984681,1715000
3455,0,0,15318,1,984681,1810900
3456,0,0,15318,1,984681,1717400
3457,0,0,15318,1,984681,1801600
3458,0,0,15318,1,984681,1804100
3459,0,0,15318,1,984681,1840400
3460,0,0,15318,1,984681,1767900
3461,0,0,15318,1,984681,2038300
3462,0,0,15318,1,984681,2042900
3463,0,0,15318,1,984681,1784700
3464,0,0,15318,1,984681,1818000
3465,0,0,15318,1,984681,1756300
3466,0,0,15318,1,984681,1724800
3467,0,0,15318,1,984681,1754300
3468,0,0,15318,1,984681,1721900
3469,0,0,15318,1,984681,1758300
3470,0,0,15318,1,984681,1671700
3471,0,0,15318,1,984681,1778000
3472,0,0,15318,1,984681,1807400
3473,0,0,15318,1,984681,1721600
3474,0,0,15318,1,984681,1699300
3475,0,0,15318,1,984681,1747100
3476,0,0,15318,1,984681,1740200
3477,0,0,15318,1,984681,1804500
3478,0,0,15318,1,984681,1913100
3479,0,1,15318,0,984682,1705900
