Tick,NewlyInfected,NewlyRecovered,TotalSusceptible,TotalInfected,TotalRecovered,StepTimeNanos
0,2,0,999993,7,0,2283200
1,3,0,999990,10,0,1913300
2,3,0,999987,13,0,1817500
3,3,0,999984,16,0,1798700
4,7,0,999977,23,0,2634600
5,5,1,999972,27,1,1943700
6,3,0,999969,30,1,1919400
7,5,2,999964,33,3,1771700
8,4,4,999960,33,7,1780700
9,7,1,999953,39,8,1759800
10,4,2,999949,41,10,1997400
11,5,1,999944,45,11,1972700
12,13,2,999931,56,13,1840200
13,10,2,999921,64,15,1847900
14,10,4,999911,70,19,2001800
15,6,4,999905,72,23,3204600
16,13,5,999892,80,28,5455200
17,14,4,999878,90,32,2451200
18,12,3,999866,99,35,2562600
19,11,3,999855,107,38,2338200
20,15,7,999840,115,45,2014700
21,18,9,999822,124,54,2137500
22,10,6,999812,128,60,2108000
23,16,7,999796,137,67,1956400
24,18,7,999778,148,74,2116900
25,20,5,999758,163,79,2088600
26,15,9,999743,169,88,1887100
27,16,7,999727,178,95,1880700
28,13,8,999714,183,103,1773500
29,18,8,999696,193,111,1786500
30,21,10,999675,204,121,2833000
31,18,11,999657,211,132,1820000
32,19,14,999638,216,146,1833500
33,15,9,999623,222,155,1805000
34,13,15,999610,220,170,1794800
35,24,11,999586,233,181,1839300
36,17,9,999569,241,190,1780300
37,19,8,999550,252,198,1800300
38,28,7,999522,273,205,1809600
39,28,21,999494,280,226,1824600
40,20,11,999474,289,237,1753800
41,29,12,999445,306,249,1811300
42,18,17,999427,307,266,1820200
43,24,12,999403,319,278,1865000
44,26,14,999377,331,292,1741800
45,31,17,999346,345,309,1813100
46,34,12,999312,367,321,1841000
47,33,15,999279,385,336,1935100
48,25,16,999254,394,352,1785300
49,33,17,999221,410,369,1807400
50,36,14,999185,432,383,1801300
51,32,17,999153,447,400,1798400
52,28,26,999125,449,426,1793800
53,35,14,999090,470,440,1694800
54,30,30,999060,470,470,1810300
55,31,27,999029,474,497,1760800
56,30,28,998999,476,525,1710000
57,26,33,998973,469,558,1699500
58,35,21,998938,483,579,1685200
59,43,22,998895,504,601,1802100
60,38,32,998857,510,633,1921200
61,50,24,998807,536,657,1800700
62,48,20,998759,564,677,1834100
63,53,30,998706,587,707,1808900
64,35,29,998671,593,736,1719000
65,38,28,998633,603,764,1801800
66,46,32,998587,617,796,1700700
67,38,34,998549,621,830,1752600
68,37,29,998512,629,859,1771900
69,42,26,998470,645,885,1734800
70,33,32,998437,646,917,1716000
71,52,17,998385,681,934,1713000
72,37,37,998348,681,971,1806800
73,50,30,998298,701,1001,1791100
74,45,28,998253,718,1029,1901200
75,49,38,998204,729,1067,1785600
76,50,32,998154,747,1099,1830500
77,41,35,998113,753,1134,1838700
78,52,29,998061,776,1163,1794800
79,42,32,998019,786,1195,1776300
80,53,32,997966,807,1227,2062100
81,49,36,997917,820,1263,1733800
82,57,34,997860,843,1297,1808900
83,52,38,997808,857,1335,1699400
84,59,33,997749,883,1368,1774700
85,64,53,997685,894,1421,1780200
86,60,44,997625,910,1465,1772500
87,73,50,997552,933,1515,1735700
88,57,41,997495,949,1556,1700500
89,58,53,997437,954,1609,2000400
90,69,57,997368,966,1666,1828100
91,63,59,997305,970,1725,1953000
92,67,51,997238,986,1776,1762700
93,70,41,997168,1015,1817,1942500
94,65,50,997103,1030,1867,1822500
95,54,36,997049,1048,1903,1758900
96,67,48,996982,1067,1951,1832200
97,75,61,996907,1081,2012,1694800
98,49,57,996858,1073,2069,1997500
99,73,51,996785,1095,2120,1768900
100,67,60,996718,1102,2180,1786100
101,75,48,996643,1129,2228,1736500
102,72,46,996571,1155,2274,1831400
103,73,49,996498,1179,2323,1741400
104,76,62,996422,1193,2385,2043600
105,58,65,996364,1186,2450,1816400
106,62,62,996302,1186,2512,1799700
107,70,50,996232,1206,2562,1888700
108,68,60,996164,1214,2622,3547300
109,66,67,996098,1213,2689,4406300
110,66,66,996032,1213,2755,2878200
111,79,55,995953,1237,2810,2682800
112,77,56,995876,1258,2866,2277400
113,79,50,995797,1287,2916,2170100
114,81,65,995716,1303,2981,2041300
115,80,64,995636,1319,3045,2006900
116,83,63,995553,1339,3108,2053100
117,76,65,995477,1350,3173,1981500
118,77,77,995400,1350,3250,2170200
119,77,74,995323,1353,3324,1906600
120,90,75,995233,1368,3399,1932900
121,80,55,995153,1393,3454,1901700
122,85,61,995068,1417,3515,1863300
123,83,68,994985,1432,3583,1936600
124,73,80,994912,1425,3663,1792300
125,85,76,994827,1434,3739,1788700
126,96,68,994731,1462,3807,1768000
127,94,81,994637,1475,3888,1742200
128,85,82,994552,1478,3970,1736100
129,79,74,994473,1483,4044,1742800
130,95,78,994378,1500,4122,1834000
131,80,72,994298,1508,4194,1819900
132,83,80,994215,1511,4274,1806300
133,88,71,994127,1528,4345,1807200
134,84,93,994043,1519,4438,1745000
135,78,74,993965,1523,4512,1773000
136,72,83,993893,1512,4595,1700600
137,95,76,993798,1531,4671,1649200
138,87,84,993711,1534,4755,1693500
139,92,83,993619,1543,4838,1901400
140,68,69,993551,1542,4907,1878900
141,94,70,993457,1566,4977,1892100
142,80,69,993377,1577,5046,1833900
143,85,89,993292,1573,5135,1755100
144,90,84,993202,1579,5219,1824300
145,89,70,993113,1598,5289,1850700
146,88,76,993025,1610,5365,1810700
147,87,74,992938,1623,5439,1785900
148,92,80,992846,1635,5519,1832800
149,93,85,992753,1643,5604,1796100
150,80,92,992673,1631,5696,1735200
151,85,70,992588,1646,5766,1781900
152,94,102,992494,1638,5868,1779800
153,108,85,992386,1661,5953,1813200
154,108,83,992278,1686,6036,1858300
155,105,71,992173,1720,6107,1843000
156,106,90,992067,1736,6197,1795400
157,92,94,991975,1734,6291,1794800
158,93,84,991882,1743,6375,1776000
159,114,99,991768,1758,6474,1757700
160,115,101,991653,1772,6575,1791500
161,101,65,991552,1808,6640,1815600
162,98,81,991454,1825,6721,1831200
163,117,88,991337,1854,6809,1874700
164,104,87,991233,1871,6896,1809400
165,102,68,991131,1905,6964,1807500
166,113,87,991018,1931,7051,1948200
167,119,73,990899,1977,7124,1805500
168,96,97,990803,1976,7221,1757500
169,110,95,990693,1991,7316,1733200
170,114,94,990579,2011,7410,1856900
171,134,116,990445,2029,7526,1763900
172,94,119,990351,2004,7645,1752700
173,99,102,990252,2001,7747,1751300
174,110,119,990142,1992,7866,2004600
175,105,101,990037,1996,7967,1818200
176,104,100,989933,2000,8067,1828300
177,111,82,989822,2029,8149,1765800
178,115,90,989707,2054,8239,1831600
179,121,100,989586,2075,8339,1830100
180,103,112,989483,2066,8451,1832900
181,116,105,989367,2077,8556,1814800
182,117,93,989250,2101,8649,1769700
183,131,99,989119,2133,8748,1763600
184,125,116,988994,2142,8864,1787700
185,111,99,988883,2154,8963,1741700
186,126,102,988757,2178,9065,1906400
187,112,118,988645,2172,9183,1776600
188,121,106,988524,2187,9289,1749000
189,130,102,988394,2215,9391,2004700
190,118,118,988276,2215,9509,1827000
191,114,102,988162,2227,9611,1805000
192,115,121,988047,2221,9732,1805500
193,110,102,987937,2229,9834,1803200
194,123,123,987814,2229,9957,1873600
195,122,114,987692,2237,10071,1776100
196,130,91,987562,2276,10162,1810900
197,128,116,987434,2288,10278,1722600
198,107,117,987327,2278,10395,1751200
199,122,102,987205,2298,10497,1740200
200,140,112,987065,2326,10609,1775200
201,111,117,986954,2320,10726,1763600
202,125,124,986829,2321,10850,1823000
203,119,107,986710,2333,10957,1772600
204,125,114,986585,2344,11071,1910300
205,121,99,986464,2366,11170,1822200
206,110,119,986354,2357,11289,1843800
207,118,114,986236,2361,11403,1799000
208,131,100,986105,2392,11503,1765100
209,123,112,985982,2403,11615,1789100
210,123,97,985859,2429,11712,1743900
211,140,129,985719,2440,11841,1987700
212,129,117,985590,2452,11958,1713100
213,122,111,985468,2463,12069,1762300
214,126,122,985342,2467,12191,1752800
215,120,115,985222,2472,12306,1740000
216,144,137,985078,2479,12443,1735700
217,142,127,984936,2494,12570,1807700
218,147,114,984789,2527,12684,1832700
219,139,134,984650,2532,12818,1927800
220,145,120,984505,2557,12938,2110600
221,140,136,984365,2561,13074,1916300
222,168,132,984197,2597,13206,2208600
223,138,107,984059,2628,13313,1804500
224,152,156,983907,2624,13469,1720800
225,147,122,983760,2649,13591,1816800
226,138,140,983622,2647,13731,1815500
227,134,129,983488,2652,13860,1880400
228,145,121,983343,2676,13981,1698700
229,138,144,983205,2670,14125,1915200
230,168,116,983037,2722,14241,2262300
231,146,130,982891,2738,14371,2003900
232,137,138,982754,2737,14509,1814000
233,141,130,982613,2748,14639,1694800
234,154,139,982459,2763,14778,1830600
235,128,127,982331,2764,14905,1811400
236,133,142,982198,2755,15047,1844700
237,146,148,982052,2753,15195,1823800
238,142,134,981910,2761,15329,1807400
239,139,147,981771,2753,15476,1785200
240,164,133,981607,2784,15609,2129900
241,147,134,981460,2797,15743,1819000
242,155,135,981305,2817,15878,1963100
243,156,156,981149,2817,16034,1837800
244,153,158,980996,2812,16192,2319100
245,160,136,980836,2836,16328,1830400
246,158,137,980678,2857,16465,1750600
247,159,144,980519,2872,16609,1828000
248,153,139,980366,2886,16748,1813400
249,164,145,980202,2905,16893,1840800
250,152,151,980050,2906,17044,1909400
251,175,158,979875,2923,17202,1904300
252,148,145,979727,2926,17347,1761000
253,146,154,979581,2918,17501,1741500
254,157,156,979424,2919,17657,1729700
255,151,150,979273,2920,17807,1743400
256,164,160,979109,2924,17967,1752700
257,148,139,978961,2933,18106,1759400
258,153,152,978808,2934,18258,1745500
259,172,141,978636,2965,18399,1818100
260,169,158,978467,2976,18557,1791100
261,169,177,978298,2968,18734,1752800
262,181,149,978117,3000,18883,1756500
263,143,145,977974,2998,19028,1694800
264,186,159,977788,3025,19187,1702500
265,170,157,977618,3038,19344,1843600
266,184,156,977434,3066,19500,1865800
267,167,162,977267,3071,19662,1850100
268,173,165,977094,3079,19827,1877500
269,181,168,976913,3092,19995,1930100
270,163,152,976750,3103,20147,1855300
271,169,162,976581,3110,20309,1828200
272,171,155,976410,3126,20464,1803900
273,174,153,976236,3147,20617,1808200
274,160,163,976076,3144,20780,1773800
275,146,161,975930,3129,20941,1768000
276,176,140,975754,3165,21081,1779000
277,181,160,975573,3186,21241,1759100
278,184,162,975389,3208,21403,1830100
279,170,145,975219,3233,21548,1818500
280,192,175,975027,3250,21723,1833500
281,183,165,974844,3268,21888,1850500
282,186,158,974658,3296,22046,1927500
283,188,177,974470,3307,22223,1794900
284,186,159,974284,3334,22382,1778000
285,170,168,974114,3336,22550,1754100
286,154,160,973960,3330,22710,1789100
287,199,173,973761,3356,22883,1787800
288,192,151,973569,3397,23034,1765900
289,202,162,973367,3437,23196,1820900
290,182,179,973185,3440,23375,2015500
291,206,189,972979,3457,23564,1780000
292,199,169,972780,3487,23733,1824800
293,188,180,972592,3495,23913,1826000
294,184,191,972408,3488,24104,1833900
295,186,158,972222,3516,24262,1775700
296,205,177,972017,3544,24439,1728700
297,176,201,971841,3519,24640,1698800
298,178,184,971663,3513,24824,1818500
299,203,152,971460,3564,24976,1763500
300,198,165,971262,3597,25141,1832900
301,206,175,971056,3628,25316,1824700
302,197,186,970859,3639,25502,1828400
303,201,191,970658,3649,25693,1880300
304,164,173,970494,3640,25866,1810300
305,192,191,970302,3641,26057,1799400
306,217,171,970085,3687,26228,1778000
307,194,184,969891,3697,26412,1723500
308,195,173,969696,3719,26585,1701400
309,203,186,969493,3736,26771,1826100
310,204,189,969289,3751,26960,1852500
311,204,194,969085,3761,27154,2165600
312,191,184,968894,3768,27338,1846500
313,189,200,968705,3757,27538,2046300
314,213,168,968492,3802,27706,1789600
315,225,178,968267,3849,27884,1934100
316,177,163,968090,3863,28047,1795800
317,194,229,967896,3828,28276,1839400
318,210,203,967686,3835,28479,1769500
319,195,188,967491,3842,28667,1776700
320,219,185,967272,3876,28852,1859400
321,197,216,967075,3857,29068,1779100
322,174,195,966901,3836,29263,1717500
323,198,195,966703,3839,29458,1709200
324,198,186,966505,3851,29644,1836200
325,209,178,966296,3882,29822,1858100
326,208,191,966088,3899,30013,1830300
327,216,181,965872,3934,30194,1846000
328,207,200,965665,3941,30394,1800100
329,205,210,965460,3936,30604,1863100
330,212,205,965248,3943,30809,1850300
331,209,184,965039,3968,30993,1786900
332,205,192,964834,3981,31185,1764000
333,220,218,964614,3983,31403,1711000
334,192,209,964422,3966,31612,1829000
335,204,180,964218,3990,31792,1857900
336,211,190,964007,4011,31982,1830100
337,207,205,963800,4013,32187,1832000
338,216,247,963584,3982,32434,1846800
339,199,204,963385,3977,32638,1837100
340,204,189,963181,3992,32827,1789600
341,191,204,962990,3979,33031,1767100
342,225,227,962765,3977,33258,1788300
343,221,209,962544,3989,33467,1783100
344,217,199,962327,4007,33666,1831200
345,199,196,962128,4010,33862,1835100
346,218,219,961910,4009,34081,1867400
347,200,214,961710,3995,34295,1873500
348,214,202,961496,4007,34497,1862900
349,209,186,961287,4030,34683,1965700
350,213,201,961074,4042,34884,1879700
351,217,198,960857,4061,35082,1885500
352,215,187,960642,4089,35269,1820700
353,237,223,960405,4103,35492,1866800
354,233,183,960172,4153,35675,1823100
355,212,204,959960,4161,35879,1767900
356,232,211,959728,4182,36090,2003500
357,233,218,959495,4197,36308,1801500
358,233,227,959262,4203,36535,1777400
359,213,210,959049,4206,36745,1767900
360,230,230,958819,4206,36975,1833500
361,243,207,958576,4242,37182,1723700
362,235,217,958341,4260,37399,1862600
363,208,218,958133,4250,37617,1845600
364,219,224,957914,4245,37841,1870200
365,249,213,957665,4281,38054,1840400
366,226,197,957439,4310,38251,1865000
367,232,219,957207,4323,38470,1858000
368,256,186,956951,4393,38656,1764500
369,253,232,956698,4414,38888,1800800
370,258,221,956440,4451,39109,1783100
371,236,201,956204,4486,39310,2091200
372,242,189,955962,4539,39499,1917400
373,254,223,955708,4570,39722,1834500
374,240,235,955468,4575,39957,1830500
375,276,231,955192,4620,40188,1861900
376,294,246,954898,4668,40434,1831500
377,303,225,954595,4746,40659,1857800
378,280,245,954315,4781,40904,2199500
379,261,232,954054,4810,41136,2209800
380,258,253,953796,4815,41389,2026300
381,271,262,953525,4824,41651,2168100
382,245,247,953280,4822,41898,1851400
383,252,237,953028,4837,42135,1819000
384,278,224,952750,4891,42359,1858100
385,262,263,952488,4890,42622,1859600
386,255,230,952233,4915,42852,1875100
387,277,227,951956,4965,43079,2024800
388,255,254,951701,4966,43333,1836400
389,271,240,951430,4997,43573,1900800
390,265,250,951165,5012,43823,1821200
391,293,280,950872,5025,44103,1821500
392,240,266,950632,4999,44369,1809700
393,266,263,950366,5002,44632,1856100
394,260,250,950106,5012,44882,1951800
395,293,247,949813,5058,45129,1930400
396,283,264,949530,5077,45393,1863100
397,247,273,949283,5051,45666,1907700
398,256,253,949027,5054,45919,1825100
399,265,252,948762,5067,46171,1865400
400,260,259,948502,5068,46430,1871900
401,246,251,948256,5063,46681,1859500
402,283,232,947973,5114,46913,1801900
403,273,281,947700,5106,47194,1844500
404,260,274,947440,5092,47468,1875400
405,277,269,947163,5100,47737,1948800
406,264,253,946899,5111,47990,2120100
407,271,248,946628,5134,48238,1866700
408,300,271,946328,5163,48509,1889500
409,264,264,946064,5163,48773,1855100
410,254,268,945810,5149,49041,2152300
411,253,246,945557,5156,49287,2048700
412,251,244,945306,5163,49531,1870400
413,278,255,945028,5186,49786,1866200
414,265,264,944763,5187,50050,1805700
415,281,259,944482,5209,50309,1886300
416,293,257,944189,5245,50566,1849300
417,252,277,943937,5220,50843,1982400
418,281,239,943656,5262,51082,1895400
419,306,269,943350,5299,51351,1893500
420,255,283,943095,5271,51634,1806200
421,277,282,942818,5266,51916,1778500
422,255,279,942563,5242,52195,1799900
423,263,263,942300,5242,52458,1820800
424,279,252,942021,5269,52710,1801700
425,284,253,941737,5300,52963,1945100
426,270,278,941467,5292,53241,1817900
427,285,243,941182,5334,53484,1892600
428,271,276,940911,5329,53760,1833600
429,274,247,940637,5356,54007,1836400
430,271,283,940366,5344,54290,2057100
431,272,283,940094,5333,54573,2229000
432,286,290,939808,5329,54863,1870400
433,288,237,939520,5380,55100,1868400
434,291,246,939229,5425,55346,1749000
435,293,241,938936,5477,55587,1888800
436,291,261,938645,5507,55848,1869200
437,296,261,938349,5542,56109,1871000
438,308,241,938041,5609,56350,1850300
439,301,288,937740,5622,56638,1820000
440,320,270,937420,5672,56908,1791800
441,309,279,937111,5702,57187,1806500
442,302,309,936809,5695,57496,1796500
443,331,289,936478,5737,57785,1824100
444,320,275,936158,5782,58060,1868600
445,307,293,935851,5796,58353,1898400
446,323,307,935528,5812,58660,1875800
447,287,276,935241,5823,58936,1870300
448,297,314,934944,5806,59250,1884300
449,311,291,934633,5826,59541,1872100
450,304,286,934329,5844,59827,1828500
451,309,280,934020,5873,60107,1790500
452,312,312,933708,5873,60419,1884600
453,310,288,933398,5895,60707,1779200
454,312,283,933086,5924,60990,1755000
455,300,292,932786,5932,61282,1812500
456,306,300,932480,5938,61582,1879700
457,328,318,932152,5948,61900,1883100
458,275,305,931877,5918,62205,1941500
459,318,291,931559,5945,62496,1827100
460,297,313,931262,5929,62809,1841100
461,340,312,930922,5957,63121,1839900
462,289,277,930633,5969,63398,1813100
463,326,302,930307,5993,63700,1770700
464,300,307,930007,5986,64007,1768200
465,293,323,929714,5956,64330,1884300
466,316,310,929398,5962,64640,1885900
467,316,299,929082,5979,64939,1895200
468,296,298,928786,5977,65237,1885300
469,310,299,928476,5988,65536,2297600
470,318,300,928158,6006,65836,1895300
471,300,295,927858,6011,66131,1833200
472,289,324,927569,5976,66455,2068900
473,328,271,927241,6033,66726,2265200
474,352,320,926889,6065,67046,1999700
475,316,327,926573,6054,67373,1941000
476,295,283,926278,6066,67656,1901600
477,317,298,925961,6085,67954,1847500
478,340,290,925621,6135,68244,1901700
479,279,316,925342,6098,68560,1790100
480,317,326,925025,6089,68886,1816200
481,300,314,924725,6075,69200,1939000
482,323,306,924402,6092,69506,1864600
483,306,317,924096,6081,69823,1943300
484,321,278,923775,6124,70101,1827600
485,330,335,923445,6119,70436,1933800
486,337,289,923108,6167,70725,2103500
487,293,317,922815,6143,71042,1921600
488,312,318,922503,6137,71360,1834500
489,332,326,922171,6143,71686,1906000
490,309,307,921862,6145,71993,1801300
491,313,308,921549,6150,72301,1890000
492,333,325,921216,6158,72626,1863100
493,324,324,920892,6158,72950,1846600
494,333,298,920559,6193,73248,1783300
495,369,298,920190,6264,73546,1822900
496,318,291,919872,6291,73837,1778200
497,332,294,919540,6329,74131,1837100
498,342,296,919198,6375,74427,1904900
499,345,313,918853,6407,74740,1911000
500,323,340,918530,6390,75080,1857700
501,357,280,918173,6467,75360,1916600
502,389,339,917784,6517,75699,1848700
503,350,319,917434,6548,76018,2143400
504,361,347,917073,6562,76365,2106500
505,334,329,916739,6567,76694,1822400
506,376,333,916363,6610,77027,1907700
507,365,313,915998,6662,77340,1917800
508,344,327,915654,6679,77667,1896500
509,348,335,915306,6692,78002,1884800
510,370,349,914936,6713,78351,1845800
511,340,342,914596,6711,78693,1839000
512,336,351,914260,6696,79044,1866700
513,364,304,913896,6756,79348,2002900
514,329,321,913567,6764,79669,1817900
515,337,327,913230,6774,79996,2049000
516,356,351,912874,6779,80347,1817500
517,342,330,912532,6791,80677,1831800
518,302,352,912230,6741,81029,1803300
519,324,332,911906,6733,81361,1921100
520,350,292,911556,6791,81653,1935700
521,379,394,911177,6776,82047,1898600
522,320,384,910857,6712,82431,1918100
523,314,338,910543,6688,82769,1910900
524,343,357,910200,6674,83126,1899200
525,333,345,909867,6662,83471,1898800
526,316,354,909551,6624,83825,1888100
527,341,354,909210,6611,84179,1855100
528,338,333,908872,6616,84512,2335800
529,327,313,908545,6630,84825,1830000
530,364,349,908181,6645,85174,2112700
531,352,336,907829,6661,85510,1836700
532,362,321,907467,6702,85831,2109100
533,355,345,907112,6712,86176,2105100
534,327,334,906785,6705,86510,1857300
535,324,336,906461,6693,86846,1864100
536,376,372,906085,6697,87218,1888200
537,362,337,905723,6722,87555,1836600
538,324,350,905399,6696,87905,1885700
539,344,313,905055,6727,88218,1906600
540,363,364,904692,6726,88582,1909100
541,345,361,904347,6710,88943,1893400
542,366,336,903981,6740,89279,1852700
543,323,327,903658,6736,89606,1889700
544,342,305,903316,6773,89911,1830100
545,348,359,902968,6762,90270,1815000
546,359,331,902609,6790,90601,1755700
547,335,344,902274,6781,90945,1747100
548,331,404,901943,6708,91349,1912700
549,368,330,901575,6746,91679,1920200
550,364,321,901211,6789,92000,1938600
551,312,346,900899,6755,92346,2235500
552,337,330,900562,6762,92676,1809400
553,327,302,900235,6787,92978,1918400
554,337,335,899898,6789,93313,1893100
555,307,329,899591,6767,93642,1907700
556,317,325,899274,6759,93967,1890500
557,361,331,898913,6789,94298,1829300
558,348,326,898565,6811,94624,1849400
559,370,378,898195,6803,95002,1832300
560,393,338,897802,6858,95340,1861500
561,349,334,897453,6873,95674,1761700
562,393,358,897060,6908,96032,1782900
563,380,337,896680,6951,96369,1915400
564,385,366,896295,6970,96735,1922200
565,371,369,895924,6972,97104,1917400
566,375,333,895549,7014,97437,1883800
567,394,309,895155,7099,97746,1782000
568,370,366,894785,7103,98112,2227500
569,376,352,894409,7127,98464,2171100
570,360,365,894049,7122,98829,1942600
571,400,368,893649,7154,99197,1940200
572,385,397,893264,7142,99594,1928700
573,380,366,892884,7156,99960,1937700
574,368,366,892516,7158,100326,1920900
575,409,360,892107,7207,100686,1939300
576,369,355,891738,7221,101041,1852200
577,341,361,891397,7201,101402,1838100
578,387,363,891010,7225,101765,1889200
579,377,365,890633,7237,102130,1852900
580,372,367,890261,7242,102497,1792200
581,415,377,889846,7280,102874,1847800
582,340,343,889506,7277,103217,1823200
583,397,394,889109,7280,103611,1852000
584,381,386,888728,7275,103997,1922400
585,391,342,888337,7324,104339,2153900
586,366,358,887971,7332,104697,1977200
587,373,365,887598,7340,105062,2054000
588,431,341,887167,7430,105403,1985600
589,422,374,886745,7478,105777,1845600
590,409,383,886336,7504,106160,1851500
591,377,355,885959,7526,106515,1973700
592,357,397,885602,7486,106912,1945100
593,402,381,885200,7507,107293,1857100
594,402,362,884798,7547,107655,1926300
595,372,349,884426,7570,108004,1812200
596,409,396,884017,7583,108400,1879300
597,361,353,883656,7591,108753,2191900
598,375,353,883281,7613,109106,1943900
599,410,380,882871,7643,109486,1930700
600,401,369,882470,7675,109855,1844800
601,383,364,882087,7694,110219,1876200
602,421,385,881666,7730,110604,1904500
603,386,367,881280,7749,110971,1848700
604,369,381,880911,7737,111352,1760200
605,383,354,880528,7766,111706,1809600
606,414,386,880114,7794,112092,1934500
607,352,383,879762,7763,112475,2077600
608,395,416,879367,7742,112891,1927200
609,410,387,878957,7765,113278,1907000
610,377,343,878580,7799,113621,1847900
611,398,388,878182,7809,114009,1987400
612,414,402,877768,7821,114411,1950900
613,399,395,877369,7825,114806,1847200
614,406,356,876963,7875,115162,1953400
615,432,397,876531,7910,115559,2017400
616,399,386,876132,7923,115945,2057600
617,399,387,875733,7935,116332,2230700
618,382,413,875351,7904,116745,2123600
619,411,353,874940,7962,117098,2192600
620,400,417,874540,7945,117515,2147100
621,391,423,874149,7913,117938,2127600
622,386,400,873763,7899,118338,2150800
623,416,388,873347,7927,118726,2105600
624,407,388,872940,7946,119114,2336200
625,407,371,872533,7982,119485,2217800
626,415,417,872118,7980,119902,2078700
627,388,421,871730,7947,120323,2083800
628,393,410,871337,7930,120733,2006900
629,397,374,870940,7953,121107,2004800
630,393,363,870547,7983,121470,2137700
631,401,382,870146,8002,121852,2005500
632,377,396,869769,7983,122248,1959700
633,411,413,869358,7981,122661,2025200
634,379,388,868979,7972,123049,1952500
635,416,397,868563,7991,123446,2101000
636,409,384,868154,8016,123830,1941400
637,429,379,867725,8066,124209,1946400
638,382,370,867343,8078,124579,1939200
639,403,404,866940,8077,124983,2077200
640,426,414,866514,8089,125397,2001500
641,410,413,866104,8086,125810,2023300
642,412,383,865692,8115,126193,1985300
643,414,406,865278,8123,126599,2008100
644,430,373,864848,8180,126972,1947800
645,425,399,864423,8206,127371,1940500
646,404,404,864019,8206,127775,1922300
647,438,415,863581,8229,128190,1915500
648,429,396,863152,8262,128586,2210800
649,441,431,862711,8272,129017,1963400
650,447,407,862264,8312,129424,2249600
651,422,436,861842,8298,129860,2131100
652,450,420,861392,8328,130280,2020500
653,384,432,861008,8280,130712,1996000
654,443,447,860565,8276,131159,2133300
655,417,429,860148,8264,131588,1911600
656,451,427,859697,8288,132015,2156900
657,440,397,859257,8331,132412,2250600
658,399,414,858858,8316,132826,2682600
659,410,423,858448,8303,133249,2216700
660,430,417,858018,8316,133666,2432800
661,453,389,857565,8380,134055,5284600
662,427,383,857138,8424,134438,2554900
663,455,445,856683,8434,134883,6045800
664,431,438,856252,8427,135321,4147500
665,478,395,855774,8510,135716,3317000
666,437,458,855337,8489,136174,3012300
667,424,418,854913,8495,136592,2778300
668,421,446,854492,8470,137038,2642400
669,444,431,854048,8483,137469,2479700
670,439,371,853609,8551,137840,2583100
671,448,475,853161,8524,138315,2323200
672,454,449,852707,8529,138764,2392600
673,428,414,852279,8543,139178,2157800
674,429,451,851850,8521,139629,2198100
675,396,462,851454,8455,140091,2265300
676,439,413,851015,8481,140504,3304300
677,415,448,850600,8448,140952,2560800
678,426,383,850174,8491,141335,2406200
679,426,448,849748,8469,141783,2226900
680,430,469,849318,8430,142252,2251200
681,421,454,848897,8397,142706,2250400
682,435,421,848462,8411,143127,2345400
683,408,388,848054,8431,143515,2333800
684,401,401,847653,8431,143916,2350500
685,397,411,847256,8417,144327,2175000
686,433,408,846823,8442,144735,2207800
687,441,422,846382,8461,145157,2208000
688,420,427,845962,8454,145584,2144400
689,432,427,845530,8459,146011,2207000
690,402,406,845128,8455,146417,2174200
691,426,423,844702,8458,146840,2218100
692,456,414,844246,8500,147254,1949200
693,413,406,843833,8507,147660,1968300
694,423,483,843410,8447,148143,2154000
695,427,414,842983,8460,148557,2041500
696,422,435,842561,8447,148992,1994100
697,444,426,842117,8465,149418,1996900
698,438,452,841679,8451,149870,2063300
699,438,476,841241,8413,150346,2020300
700,436,391,840805,8458,150737,2173100
701,450,420,840355,8488,151157,2260200
702,448,419,839907,8517,151576,2132400
703,460,423,839447,8554,151999,2068400
704,452,428,838995,8578,152427,2018400
705,405,425,838590,8558,152852,1990500
706,443,414,838147,8587,153266,2076300
707,446,388,837701,8645,153654,2089000
708,432,465,837269,8612,154119,2036500
709,410,425,836859,8597,154544,2008500
710,463,423,836396,8637,154967,1965300
711,451,492,835945,8596,155459,1922600
712,459,433,835486,8622,155892,1952700
713,430,429,835056,8623,156321,2004900
714,453,404,834603,8672,156725,1935200
715,428,452,834175,8648,157177,1971900
716,482,421,833693,8709,157598,1963100
717,441,456,833252,8694,158054,2134300
718,460,448,832792,8706,158502,2172200
719,454,415,832338,8745,158917,1930200
720,459,437,831879,8767,159354,1932300
721,440,467,831439,8740,159821,1978100
722,474,453,830965,8761,160274,2082800
723,433,441,830532,8753,160715,1988300
724,452,458,830080,8747,161173,1904000
725,447,443,829633,8751,161616,2113500
726,455,417,829178,8789,162033,1922300
727,439,424,828739,8804,162457,1944700
728,476,427,828263,8853,162884,1987000
729,464,471,827799,8846,163355,2002900
730,464,420,827335,8890,163775,2142100
731,473,375,826862,8988,164150,2040600
732,458,472,826404,8974,164622,2020900
733,446,449,825958,8971,165071,2106600
734,442,447,825516,8966,165518,2007800
735,449,435,825067,8980,165953,1974800
736,429,449,824638,8960,166402,1993400
737,443,481,824195,8922,166883,1921200
738,470,420,823725,8972,167303,2069600
739,507,437,823218,9042,167740,2070100
740,476,447,822742,9071,168187,2027000
741,487,426,822255,9132,168613,1988500
742,514,476,821741,9170,169089,2015100
743,471,477,821270,9164,169566,2013500
744,490,468,820780,9186,170034,1936000
745,477,469,820303,9194,170503,1965700
746,527,474,819776,9247,170977,1993100
747,462,463,819314,9246,171440,1954300
748,476,478,818838,9244,171918,1996100
749,495,481,818343,9258,172399,2022300
750,488,430,817855,9316,172829,1970200
751,499,440,817356,9375,173269,1941400
752,523,444,816833,9454,173713,2020300
753,518,473,816315,9499,174186,2128800
754,534,494,815781,9539,174680,2008200
755,495,430,815286,9604,175110,1992100
756,512,495,814774,9621,175605,2013200
757,499,472,814275,9648,176077,2008400
758,489,486,813786,9651,176563,1907700
759,477,482,813309,9646,177045,1903000
760,473,501,812836,9618,177546,1970300
761,508,476,812328,9650,178022,2008500
762,481,465,811847,9666,178487,1948400
763,503,512,811344,9657,178999,1976900
764,478,464,810866,9671,179463,2034500
765,507,470,810359,9708,179933,2032100
766,514,468,809845,9754,180401,2205300
767,484,475,809361,9763,180876,2055800
768,497,490,808864,9770,181366,1997300
769,537,494,808327,9813,181860,1992000
770,472,480,807855,9805,182340,1987200
771,483,494,807372,9794,182834,1984900
772,518,504,806854,9808,183338,2178600
773,491,482,806363,9817,183820,1963600
774,498,501,805865,9814,184321,2135100
775,496,486,805369,9824,184807,1990000
776,490,498,804879,9816,185305,2025400
777,515,521,804364,9810,185826,1968000
778,520,499,803844,9831,186325,2033000
779,494,507,803350,9818,186832,1975600
780,471,508,802879,9781,187340,1982600
781,490,464,802389,9807,187804,1937800
782,495,501,801894,9801,188305,1937200
783,508,501,801386,9808,188806,2005100
784,514,460,800872,9862,189266,1985500
785,481,514,800391,9829,189780,2175900
786,485,516,799906,9798,190296,2034100
787,510,477,799396,9831,190773,2000600
788,499,509,798897,9821,191282,1980900
789,494,467,798403,9848,191749,1948400
790,529,516,797874,9861,192265,1967100
791,518,482,797356,9897,192747,2177200
792,507,519,796849,9885,193266,1973700
793,501,469,796348,9917,193735,2002400
794,488,516,795860,9889,194251,2075600
795,489,488,795371,9890,194739,2045800
796,474,510,794897,9854,195249,2005500
797,528,476,794369,9906,195725,2103800
798,507,508,793862,9905,196233,2076600
799,512,474,793350,9943,196707,2259400
800,484,449,792866,9978,197156,2089500
801,487,438,792379,10027,197594,2016200
802,491,534,791888,9984,198128,2035100
803,481,492,791407,9973,198620,2037300
804,529,503,790878,9999,199123,2088100
805,484,531,790394,9952,199654,2014000
806,493,513,789901,9932,200167,2093800
807,519,507,789382,9944,200674,1996300
808,479,518,788903,9905,201192,1960500
809,526,460,788377,9971,201652,1986500
810,482,515,787895,9938,202167,1951900
811,506,504,787389,9940,202671,1933100
812,502,533,786887,9909,203204,1945700
813,513,496,786374,9926,203700,1977800
814,522,493,785852,9955,204193,1977200
815,486,503,785366,9938,204696,1966500
816,498,519,784868,9917,205215,1950400
817,507,511,784361,9913,205726,1954400
818,505,475,783856,9943,206201,1993300
819,495,469,783361,9969,206670,1989000
820,487,482,782874,9974,207152,1970600
821,501,473,782373,10002,207625,2110000
822,523,493,781850,10032,208118,2037600
823,508,502,781342,10038,208620,1938300
824,509,490,780833,10057,209110,1932100
825,479,509,780354,10027,209619,2104900
826,526,553,779828,10000,210172,1954700
827,551,510,779277,10041,210682,1939900
828,513,490,778764,10064,211172,2012000
829,508,482,778256,10090,211654,1938900
830,525,520,777731,10095,212174,1895000
831,505,525,777226,10075,212699,1901400
832,537,495,776689,10117,213194,1999200
833,502,497,776187,10122,213691,2125600
834,510,526,775677,10106,214217,2176300
835,535,473,775142,10168,214690,2096000
836,505,486,774637,10187,215176,2066600
837,478,498,774159,10167,215674,2071700
838,531,493,773628,10205,216167,2088100
839,508,527,773120,10186,216694,2111100
840,470,490,772650,10166,217184,1950000
841,476,504,772174,10138,217688,2167300
842,551,477,771623,10212,218165,2437500
843,490,498,771133,10204,218663,2591200
844,500,518,770633,10186,219181,2510200
845,480,526,770153,10140,219707,2476700
846,544,548,769609,10136,220255,2076500
847,529,516,769080,10149,220771,1995500
848,518,526,768562,10141,221297,2000600
849,511,527,768051,10125,221824,2066400
850,535,524,767516,10136,222348,2025000
851,497,461,767019,10172,222809,5525200
852,496,556,766523,10112,223365,2278800
853,483,518,766040,10077,223883,2117400
854,501,450,765539,10128,224333,2107700
855,482,490,765057,10120,224823,2053000
856,463,503,764594,10080,225326,2492000
857,510,513,764084,10077,225839,2151300
858,502,512,763582,10067,226351,2083200
859,493,534,763089,10026,226885,2038500
860,511,469,762578,10068,227354,1997400
861,489,540,762089,10017,227894,2002200
862,490,538,761599,9969,228432,1976000
863,517,501,761082,9985,228933,1896700
864,487,504,760595,9968,229437,2027500
865,511,495,760084,9984,229932,2336400
866,484,485,759600,9983,230417,2200100
867,497,474,759103,10006,230891,2129900
868,482,483,758621,10005,231374,2054900
869,486,487,758135,10004,231861,2036500
870,484,514,757651,9974,232375,2082700
871,496,495,757155,9975,232870,1978700
872,466,478,756689,9963,233348,2109600
873,486,505,756203,9944,233853,1916200
874,506,486,755697,9964,234339,1888300
875,481,496,755216,9949,234835,2000300
876,508,498,754708,9959,235333,1987100
877,517,479,754191,9997,235812,1903600
878,540,507,753651,10030,236319,1982900
879,514,535,753137,10009,236854,1997300
880,484,530,752653,9963,237384,2032600
881,509,490,752144,9982,237874,1953000
882,444,496,751700,9930,238370,1986500
883,476,498,751224,9908,238868,1982000
884,477,524,750747,9861,239392,1997100
885,520,488,750227,9893,239880,1993700
886,507,475,749720,9925,240355,1963900
887,446,462,749274,9909,240817,1973800
888,473,513,748801,9869,241330,1966600
889,528,485,748273,9912,241815,2211000
890,493,493,747780,9912,242308,1894200
891,520,496,747260,9936,242804,1974800
892,558,473,746702,10021,243277,1959100
893,490,459,746212,10052,243736,1956700
894,509,506,745703,10055,244242,1958300
895,552,498,745151,10109,244740,2169900
896,583,518,744568,10174,245258,1978900
897,523,492,744045,10205,245750,1954500
898,476,497,743569,10184,246247,1969600
899,518,481,743051,10221,246728,1982900
900,536,547,742515,10210,247275,2009700
901,498,486,742017,10222,247761,1904200
902,523,511,741494,10234,248272,1969500
903,543,517,740951,10260,248789,2029700
904,497,494,740454,10263,249283,2110700
905,507,485,739947,10285,249768,1989700
906,465,508,739482,10242,250276,2023000
907,509,484,738973,10267,250760,1972300
908,515,528,738458,10254,251288,1961400
909,497,537,737961,10214,251825,1961700
910,472,494,737489,10192,252319,1954300
911,531,485,736958,10238,252804,1977400
912,492,537,736466,10193,253341,1995900
913,501,512,735965,10182,253853,1968900
914,506,481,735459,10207,254334,1954000
915,482,536,734977,10153,254870,1944400
916,517,504,734460,10166,255374,1915400
917,500,486,733960,10180,255860,1892600
918,493,524,733467,10149,256384,1875200
919,502,505,732965,10146,256889,2095100
920,511,501,732454,10156,257390,2052400
921,498,468,731956,10186,257858,1915200
922,506,502,731450,10190,258360,1878300
923,486,547,730964,10129,258907,1871900
924,493,496,730471,10126,259403,1858900
925,488,525,729983,10089,259928,1896800
926,499,497,729484,10091,260425,1868200
927,471,525,729013,10037,260950,2390500
928,483,497,728530,10023,261447,2072100
929,465,525,728065,9963,261972,2047200
930,514,456,727551,10021,262428,1879100
931,536,481,727015,10076,262909,1890000
932,489,513,726526,10052,263422,1870200
933,480,501,726046,10031,263923,1841800
934,504,479,725542,10056,264402,2013600
935,494,526,725048,10024,264928,2153600
936,469,485,724579,10008,265413,1877300
937,498,485,724081,10021,265898,1979200
938,498,464,723583,10055,266362,2125700
939,505,505,723078,10055,266867,1830700
940,471,540,722607,9986,267407,1966800
941,460,485,722147,9961,267892,1952900
942,481,520,721666,9922,268412,2021900
943,513,541,721153,9894,268953,2189000
944,444,505,720709,9833,269458,1909900
945,506,490,720203,9849,269948,1978000
946,499,475,719704,9873,270423,1945800
947,425,486,719279,9812,270909,1932500
948,494,442,718785,9864,271351,1949700
949,486,492,718299,9858,271843,1955700
950,516,475,717783,9899,272318,2145600
951,490,511,717293,9878,272829,1901300
952,509,480,716784,9907,273309,1978900
953,472,477,716312,9902,273786,1943400
954,485,476,715827,9911,274262,1978200
955,474,493,715353,9892,274755,2071100
956,473,485,714880,9880,275240,1954600
957,505,544,714375,9841,275784,1995900
958,480,456,713895,9865,276240,2009900
959,476,468,713419,9873,276708,1861500
960,481,459,712938,9895,277167,1977500
961,509,486,712429,9918,277653,2091500
962,467,510,711962,9875,278163,1952700
963,490,508,711472,9857,278671,1958600
964,489,481,710983,9865,279152,1869700
965,494,477,710489,9882,279629,1934000
966,494,517,709995,9859,280146,1884600
967,498,500,709497,9857,280646,2269300
968,487,461,709010,9883,281107,1919000
969,461,503,708549,9841,281610,1886700
970,503,470,708046,9874,282080,1833600
971,537,487,707509,9924,282567,1861000
972,490,517,707019,9897,283084,1845700
973,455,482,706564,9870,283566,1992300
974,520,510,706044,9880,284076,1986500
975,504,502,705540,9882,284578,1813700
976,501,485,705039,9898,285063,1912700
977,505,477,704534,9926,285540,1947300
978,491,529,704043,9888,286069,1926600
979,483,479,703560,9892,286548,1911000
980,508,502,703052,9898,287050,1891200
981,518,525,702534,9891,287575,1875400
982,511,440,702023,9962,288015,1839700
983,496,462,701527,9996,288477,1926700
984,504,478,701023,10022,288955,1877100
985,511,498,700512,10035,289453,1955800
986,463,520,700049,9978,289973,1996400
987,524,540,699525,9962,290513,1848700
988,484,468,699041,9978,290981,1974300
989,464,513,698577,9929,291494,1942700
990,454,505,698123,9878,291999,2153700
991,506,470,697617,9914,292469,1958500
992,514,531,697103,9897,293000,1920100
993,473,441,696630,9929,293441,1956400
994,502,513,696128,9918,293954,1927500
995,501,445,695627,9974,294399,1875200
996,489,481,695138,9982,294880,1902900
997,482,486,694656,9978,295366,1791700
998,491,502,694165,9967,295868,1855000
999,484,508,693681,9943,296376,1959000
1000,458,508,693223,9893,296884,2028400
1001,495,489,692728,9899,297373,1896900
1002,455,500,692273,9854,297873,1850800
1003,518,503,691755,9869,298376,1970500
1004,512,503,691243,9878,298879,2380800
1005,482,439,690761,9921,299318,1986200
1006,489,488,690272,9922,299806,1935200
1007,470,480,689802,9912,300286,1857900
1008,506,490,689296,9928,300776,1945200
1009,489,489,688807,9928,301265,1935100
1010,524,486,688283,9966,301751,2343100
1011,453,492,687830,9927,302243,2202400
1012,492,484,687338,9935,302727,2052400
1013,494,525,686844,9904,303252,2048100
1014,523,520,686321,9907,303772,2044600
1015,503,498,685818,9912,304270,2082700
1016,513,501,685305,9924,304771,1929500
1017,494,518,684811,9900,305289,1846600
1018,534,479,684277,9955,305768,1879300
1019,565,485,683712,10035,306253,1846500
1020,540,493,683172,10082,306746,1841500
1021,544,478,682628,10148,307224,1978200
1022,540,522,682088,10166,307746,2221600
1023,513,486,681575,10193,308232,2080400
1024,495,493,681080,10195,308725,1852400
1025,489,515,680591,10169,309240,1816400
1026,498,503,680093,10164,309743,1987200
1027,530,496,679563,10198,310239,1942100
1028,503,507,679060,10194,310746,1976700
1029,485,523,678575,10156,311269,1930700
1030,518,505,678057,10169,311774,1993600
1031,537,506,677520,10200,312280,1862400
1032,480,515,677040,10165,312795,2385900
1033,496,490,676544,10171,313285,2033700
1034,517,512,676027,10176,313797,1957900
1035,518,505,675509,10189,314302,1857100
1036,527,481,674982,10235,314783,1983600
1037,518,475,674464,10278,315258,1979700
1038,543,527,673921,10294,315785,2232300
1039,534,545,673387,10283,316330,1892500
1040,511,498,672876,10296,316828,1994200
1041,458,555,672418,10199,317383,1993600
1042,469,502,671949,10166,317885,1946200
1043,504,552,671445,10118,318437,1984600
1044,538,524,670907,10132,318961,1941000
1045,517,558,670390,10091,319519,1934500
1046,505,464,669885,10132,319983,1985900
1047,513,536,669372,10109,320519,1889300
1048,549,490,668823,10168,321009,1978200
1049,504,498,668319,10174,321507,1863800
1050,502,541,667817,10135,322048,1902400
1051,507,553,667310,10089,322601,1907600
1052,519,503,666791,10105,323104,1866700
1053,545,484,666246,10166,323588,1854900
1054,490,518,665756,10138,324106,1830900
1055,518,519,665238,10137,324625,1993800
1056,529,513,664709,10153,325138,1955400
1057,547,501,664162,10199,325639,1981300
1058,508,538,663654,10169,326177,1940200
1059,492,503,663162,10158,326680,1978100
1060,504,510,662658,10152,327190,1937000
1061,486,538,662172,10100,327728,1929800
1062,507,500,661665,10107,328228,2025800
1063,540,487,661125,10160,328715,1938900
1064,562,525,660563,10197,329240,2182900
1065,523,518,660040,10202,329758,1972900
1066,529,529,659511,10202,330287,1973000
1067,525,512,658986,10215,330799,1933100
1068,542,499,658444,10258,331298,1954800
1069,527,490,657917,10295,331788,1949600
1070,531,489,657386,10337,332277,1974400
1071,509,506,656877,10340,332783,1875200
1072,514,518,656363,10336,333301,1921500
1073,517,471,655846,10382,333772,2009100
1074,507,529,655339,10360,334301,1884500
1075,549,495,654790,10414,334796,1876200
1076,577,521,654213,10470,335317,1892600
1077,512,509,653701,10473,335826,1862400
1078,496,513,653205,10456,336339,1990900
1079,526,542,652679,10440,336881,2029900
1080,516,504,652163,10452,337385,1979700
1081,523,543,651640,10432,337928,2065100
1082,502,548,651138,10386,338476,1985900
1083,479,503,650659,10362,338979,1963200
1084,494,513,650165,10343,339492,1863900
1085,510,537,649655,10316,340029,1986800
1086,518,542,649137,10292,340571,1998500
1087,503,543,648634,10252,341114,1829400
1088,521,552,648113,10221,341666,1982700
1089,520,512,647593,10229,342178,1967400
1090,520,484,647073,10265,342662,1923800
1091,500,509,646573,10256,343171,2056500
1092,529,483,646044,10302,343654,2174700
1093,506,514,645538,10294,344168,1975300
1094,500,497,645038,10297,344665,2113100
1095,513,456,644525,10354,345121,2139200
1096,502,556,644023,10300,345677,2179900
1097,485,524,643538,10261,346201,1929300
1098,541,530,642997,10272,346731,1932600
1099,513,529,642484,10256,347260,1897900
1100,521,538,641963,10239,347798,1896200
1101,531,505,641432,10265,348303,1951000
1102,517,525,640915,10257,348828,2084100
1103,496,551,640419,10202,349379,2171600
1104,519,525,639900,10196,349904,1960200
1105,497,534,639403,10159,350438,1833600
1106,548,489,638855,10218,350927,1933200
1107,474,539,638381,10153,351466,1970500
1108,493,492,637888,10154,351958,1929200
1109,509,512,637379,10151,352470,1979600
1110,513,492,636866,10172,352962,2106100
1111,544,501,636322,10215,353463,1997900
1112,500,513,635822,10202,353976,1967200
1113,518,503,635304,10217,354479,1953600
1114,494,498,634810,10213,354977,1981700
1115,524,560,634286,10177,355537,1936800
1116,560,504,633726,10233,356041,2016100
1117,553,496,633173,10290,356537,2016200
1118,542,517,632631,10315,357054,1978900
1119,534,484,632097,10365,357538,1953700
1120,539,494,631558,10410,358032,1993700
1121,549,520,631009,10439,358552,2005000
1122,522,553,630487,10408,359105,1965200
1123,530,532,629957,10406,359637,1988400
1124,526,474,629431,10458,360111,1980900
1125,517,491,628914,10484,360602,1977800
1126,543,539,628371,10488,361141,2005600
1127,518,494,627853,10512,361635,1936900
1128,594,538,627259,10568,362173,1925400
1129,519,535,626740,10552,362708,1933900
1130,541,490,626199,10603,363198,1907800
1131,522,497,625677,10628,363695,1900100
1132,555,500,625122,10683,364195,1903400
1133,515,549,624607,10649,364744,2137200
1134,572,551,624035,10670,365295,1952100
1135,555,580,623480,10645,365875,2075800
1136,552,565,622928,10632,366440,1890500
1137,537,542,622391,10627,366982,2019300
1138,529,515,621862,10641,367497,1853600
1139,512,541,621350,10612,368038,1848500
1140,503,526,620847,10589,368564,1840600
1141,566,544,620281,10611,369108,2098000
1142,569,527,619712,10653,369635,2013600
1143,566,535,619146,10684,370170,2104000
1144,513,496,618633,10701,370666,2257200
1145,551,493,618082,10759,371159,2243600
1146,520,551,617562,10728,371710,2335100
1147,535,558,617027,10705,372268,2544700
1148,507,554,616520,10658,372822,2178900
1149,477,529,616043,10606,373351,2176600
1150,534,582,615509,10558,373933,2167300
1151,548,558,614961,10548,374491,2548700
1152,531,529,614430,10550,375020,2222600
1153,486,522,613944,10514,375542,2261300
1154,512,552,613432,10474,376094,2324500
1155,509,541,612923,10442,376635,2540200
1156,520,535,612403,10427,377170,2328700
1157,525,523,611878,10429,377693,2150000
1158,527,517,611351,10439,378210,2148500
1159,523,492,610828,10470,378702,2163500
1160,543,527,610285,10486,379229,2227300
1161,547,496,609738,10537,379725,2089800
1162,522,546,609216,10513,380271,2010600
1163,536,478,608680,10571,380749,1988800
1164,545,525,608135,10591,381274,1941300
1165,535,559,607600,10567,381833,1983400
1166,482,526,607118,10523,382359,1945200
1167,510,531,606608,10502,382890,1960500
1168,513,520,606095,10495,383410,1972200
1169,525,509,605570,10511,383919,1943900
1170,494,562,605076,10443,384481,2045200
1171,523,552,604553,10414,385033,1959800
1172,530,524,604023,10420,385557,1922600
1173,540,516,603483,10444,386073,1957700
1174,507,483,602976,10468,386556,1969800
1175,564,493,602412,10539,387049,2180900
1176,517,519,601895,10537,387568,1903600
1177,538,512,601357,10563,388080,1928600
1178,533,490,600824,10606,388570,1995700
1179,532,530,600292,10608,389100,2025100
1180,542,528,599750,10622,389628,2227400
1181,538,511,599212,10649,390139,1989400
1182,526,546,598686,10629,390685,14085400
1183,513,508,598173,10634,391193,2446700
1184,508,478,597665,10664,391671,2153300
1185,517,516,597148,10665,392187,2107600
1186,531,498,596617,10698,392685,1990900
1187,532,551,596085,10679,393236,2070900
1188,530,551,595555,10658,393787,2107700
1189,496,537,595059,10617,394324,2067800
1190,554,534,594505,10637,394858,2092800
1191,563,495,593942,10705,395353,2152200
1192,542,517,593400,10730,395870,2040800
1193,519,530,592881,10719,396400,2084200
1194,483,554,592398,10648,396954,2237200
1195,529,549,591869,10628,397503,2005400
1196,534,523,591335,10639,398026,2028200
1197,521,511,590814,10649,398537,2073200
1198,497,538,590317,10608,399075,2227900
1199,536,529,589781,10615,399604,2136400
1200,536,521,589245,10630,400125,1930900
1201,518,544,588727,10604,400669,2047300
1202,487,551,588240,10540,401220,2144400
1203,563,538,587677,10565,401758,2274200
1204,466,550,587211,10481,402308,2111900
1205,508,571,586703,10418,402879,2095200
1206,518,524,586185,10412,403403,2023300
1207,510,481,585675,10441,403884,1972000
1208,502,498,585173,10445,404382,2205400
1209,535,510,584638,10470,404892,2183100
1210,544,507,584094,10507,405399,2023700
1211,500,543,583594,10464,405942,1956700
1212,498,493,583096,10469,406435,2164400
1213,517,566,582579,10420,407001,2058900
1214,530,522,582049,10428,407523,2132800
1215,504,539,581545,10393,408062,2046400
1216,568,555,580977,10406,408617,2073300
1217,494,533,580483,10367,409150,2132100
1218,525,525,579958,10367,409675,2040400
1219,531,478,579427,10420,410153,2380000
1220,506,539,578921,10387,410692,2175400
1221,539,483,578382,10443,411175,2034700
1222,507,492,577875,10458,411667,2046100
1223,550,510,577325,10498,412177,2094300
1224,515,519,576810,10494,412696,2086700
1225,517,551,576293,10460,413247,2191900
1226,529,512,575764,10477,413759,2093300
1227,518,537,575246,10458,414296,2076500
1228,498,514,574748,10442,414810,1993200
1229,526,520,574222,10448,415330,2022300
1230,538,499,573684,10487,415829,2020100
1231,513,511,573171,10489,416340,2341600
1232,546,497,572625,10538,416837,2159100
1233,496,522,572129,10512,417359,2067400
1234,517,498,571612,10531,417857,2071400
1235,511,513,571101,10529,418370,2235600
1236,516,550,570585,10495,418920,2380000
1237,513,516,570072,10492,419436,2434000
1238,543,524,569529,10511,419960,2060200
1239,522,590,569007,10443,420550,2005600
1240,529,527,568478,10445,421077,2170300
1241,500,518,567978,10427,421595,2118800
1242,511,510,567467,10428,422105,1987600
1243,534,573,566933,10389,422678,2084000
1244,531,517,566402,10403,423195,2010900
1245,549,514,565853,10438,423709,2103200
1246,562,502,565291,10498,424211,2003000
1247,531,539,564760,10490,424750,2144100
1248,552,502,564208,10540,425252,2242200
1249,522,493,563686,10569,425745,1987100
1250,511,538,563175,10542,426283,1987400
1251,499,596,562676,10445,426879,2005800
1252,502,534,562174,10413,427413,1942800
1253,531,545,561643,10399,427958,2122000
1254,496,514,561147,10381,428472,2125500
1255,494,530,560653,10345,429002,2157900
1256,509,467,560144,10387,429469,1980500
1257,531,500,559613,10418,429969,1995000
1258,509,494,559104,10433,430463,1994100
1259,488,513,558616,10408,430976,1965700
1260,505,528,558111,10385,431504,2091300
1261,505,502,557606,10388,432006,1985200
1262,524,497,557082,10415,432503,2043800
1263,534,511,556548,10438,433014,2085800
1264,559,500,555989,10497,433514,2055000
1265,495,505,555494,10487,434019,2128800
1266,522,503,554972,10506,434522,2101500
1267,492,525,554480,10473,435047,2083100
1268,540,538,553940,10475,435585,2027900
1269,499,533,553441,10441,436118,1980700
1270,511,553,552930,10399,436671,2076000
1271,513,467,552417,10445,437138,2232300
1272,493,522,551924,10416,437660,2203500
1273,534,505,551390,10445,438165,2022300
1274,531,544,550859,10432,438709,2107500
1275,500,504,550359,10428,439213,2206000
1276,500,541,549859,10387,439754,1954800
1277,506,539,549353,10354,440293,2000800
1278,506,544,548847,10316,440837,2016000
1279,533,540,548314,10309,441377,2000900
1280,499,520,547815,10288,441897,2024600
1281,520,476,547295,10332,442373,2002700
1282,521,522,546774,10331,442895,2135700
1283,556,507,546218,10380,443402,2032900
1284,568,498,545650,10450,443900,2078400
1285,530,514,545120,10466,444414,2024300
1286,510,515,544610,10461,444929,2211000
1287,538,501,544072,10498,445430,2258700
1288,528,560,543544,10466,445990,2286900
1289,532,514,543012,10484,446504,2162000
1290,547,514,542465,10517,447018,2092100
1291,531,566,541934,10482,447584,2009300
1292,575,523,541359,10534,448107,1979400
1293,543,516,540816,10561,448623,2134100
1294,546,520,540270,10587,449143,2109500
1295,515,574,539755,10528,449717,2000100
1296,568,519,539187,10577,450236,1980300
1297,541,547,538646,10571,450783,2020700
1298,572,538,538074,10605,451321,2021200
1299,543,515,537531,10633,451836,1972100
1300,524,527,537007,10630,452363,1950100
1301,494,566,536513,10558,452929,1977000
1302,567,508,535946,10617,453437,1955200
1303,557,514,535389,10660,453951,1954600
1304,538,526,534851,10672,454477,1963600
1305,519,523,534332,10668,455000,2236500
1306,508,541,533824,10635,455541,1999900
1307,571,527,533253,10679,456068,2015200
1308,550,533,532703,10696,456601,2045600
1309,555,549,532148,10702,457150,2144100
1310,564,512,531584,10754,457662,2142400
1311,560,514,531024,10800,458176,1964100
1312,568,524,530456,10844,458700,1966100
1313,546,531,529910,10859,459231,1963500
1314,523,527,529387,10855,459758,2158000
1315,555,551,528832,10859,460309,1987200
1316,529,532,528303,10856,460841,2175900
1317,533,563,527770,10826,461404,2173500
1318,555,549,527215,10832,461953,2247700
1319,552,548,526663,10836,462501,2430700
1320,540,539,526123,10837,463040,4515900
1321,525,545,525598,10817,463585,2873900
1322,537,539,525061,10815,464124,6781100
1323,511,546,524550,10780,464670,3525500
1324,529,528,524021,10781,465198,3013500
1325,555,534,523466,10802,465732,2882900
1326,556,544,522910,10814,466276,2760600
1327,543,554,522367,10803,466830,2462000
1328,503,552,521864,10754,467382,3226300
1329,495,534,521369,10715,467916,2659700
1330,498,540,520871,10673,468456,2757600
1331,570,527,520301,10716,468983,2328900
1332,505,537,519796,10684,469520,2379000
1333,501,531,519295,10654,470051,2318000
1334,488,511,518807,10631,470562,5706000
1335,536,559,518271,10608,471121,2947900
1336,515,510,517756,10613,471631,2574300
1337,489,529,517267,10573,472160,2634400
1338,515,555,516752,10533,472715,3251900
1339,469,532,516283,10470,473247,3596200
1340,509,522,515774,10457,473769,2881600
1341,531,561,515243,10427,474330,3050900
1342,496,516,514747,10407,474846,2561800
1343,469,547,514278,10329,475393,2785900
1344,546,523,513732,10352,475916,3095600
1345,550,498,513182,10404,476414,2553900
1346,542,541,512640,10405,476955,2491800
1347,565,477,512075,10493,477432,2729500
1348,519,551,511556,10461,477983,3033900
1349,524,526,511032,10459,478509,3316300
1350,531,498,510501,10492,479007,2210400
1351,547,525,509954,10514,479532,2203300
1352,490,528,509464,10476,480060,2068700
1353,551,543,508913,10484,480603,2228800
1354,497,499,508416,10482,481102,7177700
1355,516,485,507900,10513,481587,3043400
1356,512,515,507388,10510,482102,2824200
1357,541,522,506847,10529,482624,2457600
1358,533,501,506314,10561,483125,2551500
1359,517,535,505797,10543,483660,2597700
1360,522,500,505275,10565,484160,2362800
1361,535,549,504740,10551,484709,2390000
1362,526,569,504214,10508,485278,2611100
1363,542,508,503672,10542,485786,2418600
1364,512,517,503160,10537,486303,2568500
1365,539,563,502621,10513,486866,2283500
1366,577,517,502044,10573,487383,2337000
1367,567,525,501477,10615,487908,2343000
1368,615,528,500862,10702,488436,2196500
1369,588,546,500274,10744,488982,2232300
1370,595,545,499679,10794,489527,2153500
1371,548,558,499131,10784,490085,2153400
1372,564,563,498567,10785,490648,2184500
1373,594,520,497973,10859,491168,2185700
1374,525,539,497448,10845,491707,2189600
1375,552,577,496896,10820,492284,2202900
1376,522,526,496374,10816,492810,1979800
1377,495,523,495879,10788,493333,2030200
1378,553,555,495326,10786,493888,2165800
1379,529,551,494797,10764,494439,2200600
1380,514,502,494283,10776,494941,2210300
1381,559,530,493724,10805,495471,2172000
1382,553,545,493171,10813,496016,2000500
1383,521,527,492650,10807,496543,2083300
1384,547,572,492103,10782,497115,2006100
1385,536,556,491567,10762,497671,2024100
1386,554,547,491013,10769,498218,2171100
1387,556,592,490457,10733,498810,2034500
1388,540,514,489917,10759,499324,2138400
1389,531,530,489386,10760,499854,1973900
1390,526,523,488860,10763,500377,1954100
1391,531,545,488329,10749,500922,1953900
1392,529,532,487800,10746,501454,1961700
1393,500,503,487300,10743,501957,2017500
1394,532,518,486768,10757,502475,2120000
1395,539,548,486229,10748,503023,1936300
1396,538,546,485691,10740,503569,1929900
1397,555,538,485136,10757,504107,2090400
1398,581,542,484555,10796,504649,2087900
1399,582,549,483973,10829,505198,2016800
1400,512,504,483461,10837,505702,1998800
1401,515,584,482946,10768,506286,2127000
1402,535,550,482411,10753,506836,1925300
1403,535,523,481876,10765,507359,1921700
1404,513,491,481363,10787,507850,2000200
1405,530,519,480833,10798,508369,1932900
1406,546,533,480287,10811,508902,1922300
1407,542,502,479745,10851,509404,1931000
1408,550,495,479195,10906,509899,2221200
1409,499,541,478696,10864,510440,2340100
1410,554,535,478142,10883,510975,2217500
1411,544,528,477598,10899,511503,1950200
1412,556,547,477042,10908,512050,1965300
1413,521,549,476521,10880,512599,2131200
1414,559,549,475962,10890,513148,1901400
1415,567,522,475395,10935,513670,1909600
1416,518,522,474877,10931,514192,1893600
1417,523,512,474354,10942,514704,1969800
1418,521,532,473833,10931,515236,2217400
1419,558,604,473275,10885,515840,2109200
1420,535,540,472740,10880,516380,2037700
1421,517,513,472223,10884,516893,2007800
1422,532,542,471691,10874,517435,1989100
1423,544,583,471147,10835,518018,1965800
1424,518,537,470629,10816,518555,1951800
1425,540,533,470089,10823,519088,1942900
1426,544,571,469545,10796,519659,1923700
1427,528,534,469017,10790,520193,1956500
1428,554,538,468463,10806,520731,2021900
1429,496,541,467967,10761,521272,1956200
1430,543,537,467424,10767,521809,1918000
1431,510,540,466914,10737,522349,1907800
1432,487,496,466427,10728,522845,1937600
1433,535,529,465892,10734,523374,1894600
1434,523,539,465369,10718,523913,1948900
1435,536,593,464833,10661,524506,1992400
1436,517,519,464316,10659,525025,2005900
1437,509,544,463807,10624,525569,1961300
1438,534,535,463273,10623,526104,1958300
1439,554,516,462719,10661,526620,1963700
1440,537,498,462182,10700,527118,1959000
1441,508,607,461674,10601,527725,1964800
1442,492,514,461182,10579,528239,1960400
1443,493,521,460689,10551,528760,2069400
1444,534,561,460155,10524,529321,2009400
1445,535,551,459620,10508,529872,1966500
1446,553,482,459067,10579,530354,2177000
1447,551,529,458516,10601,530883,1946200
1448,559,536,457957,10624,531419,1975600
1449,465,512,457492,10577,531931,1949200
1450,510,572,456982,10515,532503,2340400
1451,542,512,456440,10545,533015,1961400
1452,513,526,455927,10532,533541,2162000
1453,542,505,455385,10569,534046,2059800
1454,526,520,454859,10575,534566,2084900
1455,564,500,454295,10639,535066,1927700
1456,529,553,453766,10615,535619,2084100
1457,541,520,453225,10636,536139,1928600
1458,534,517,452691,10653,536656,1940900
1459,543,540,452148,10656,537196,1931700
1460,510,543,451638,10623,537739,1953100
1461,562,515,451076,10670,538254,1914400
1462,502,560,450574,10612,538814,1996700
1463,548,530,450026,10630,539344,1992200
1464,500,552,449526,10578,539896,1975200
1465,538,537,448988,10579,540433,2200600
1466,529,466,448459,10642,540899,2008400
1467,515,512,447944,10645,541411,1972300
1468,561,546,447383,10660,541957,1904700
1469,555,559,446828,10656,542516,2124500
1470,562,501,446266,10717,543017,2085400
1471,499,543,445767,10673,543560,2239900
1472,503,509,445264,10667,544069,1919000
1473,549,527,444715,10689,544596,2106800
1474,560,570,444155,10679,545166,2240200
1475,585,534,443570,10730,545700,2174300
1476,540,532,443030,10738,546232,2069300
1477,521,535,442509,10724,546767,2124300
1478,551,544,441958,10731,547311,1910900
1479,547,540,441411,10738,547851,1923900
1480,498,534,440913,10702,548385,2002600
1481,555,502,440358,10755,548887,1949900
1482,528,524,439830,10759,549411,1876000
1483,554,537,439276,10776,549948,2201400
1484,502,566,438774,10712,550514,1961600
1485,521,576,438253,10657,551090,1920900
1486,514,524,437739,10647,551614,1896600
1487,537,548,437202,10636,552162,1944800
1488,514,529,436688,10621,552691,2360200
1489,544,527,436144,10638,553218,2060600
1490,541,531,435603,10648,553749,1939200
1491,506,495,435097,10659,554244,2218600
1492,539,536,434558,10662,554780,1964800
1493,531,523,434027,10670,555303,2064600
1494,527,517,433500,10680,555820,1917500
1495,525,545,432975,10660,556365,1974200
1496,546,548,432429,10658,556913,1965200
1497,530,536,431899,10652,557449,1930300
1498,540,484,431359,10708,557933,1931400
1499,508,553,430851,10663,558486,2047600
1500,529,559,430322,10633,559045,1918900
1501,516,499,429806,10650,559544,1900700
1502,543,530,429263,10663,560074,1908800
1503,524,536,428739,10651,560610,1911000
1504,521,577,428218,10595,561187,1946500
1505,554,528,427664,10621,561715,1911600
1506,485,513,427179,10593,562228,1886600
1507,519,526,426660,10586,562754,1965200
1508,519,565,426141,10540,563319,1925500
1509,492,596,425649,10436,563915,2176200
1510,459,517,425190,10378,564432,2030600
1511,522,488,424668,10412,564920,2165100
1512,488,460,424180,10440,565380,2048300
1513,507,512,423673,10435,565892,1898100
1514,560,533,423113,10462,566425,1900500
1515,506,555,422607,10413,566980,1918600
1516,539,545,422068,10407,567525,1923700
1517,522,540,421546,10389,568065,1919100
1518,509,478,421037,10420,568543,2116000
1519,518,505,420519,10433,569048,1958100
1520,509,528,420010,10414,569576,1951300
1521,493,515,419517,10392,570091,1972700
1522,509,521,419008,10380,570612,1931800
1523,532,521,418476,10391,571133,1901300
1524,527,542,417949,10376,571675,1924000
1525,499,532,417450,10343,572207,1945300
1526,557,544,416893,10356,572751,1961000
1527,499,499,416394,10356,573250,1919200
1528,502,527,415892,10331,573777,1980000
1529,525,524,415367,10332,574301,1866800
1530,493,502,414874,10323,574803,1891000
1531,542,559,414332,10306,575362,1894600
1532,506,534,413826,10278,575896,1883900
1533,525,518,413301,10285,576414,2175000
1534,535,519,412766,10301,576933,1934400
1535,548,517,412218,10332,577450,1946600
1536,572,485,411646,10419,577935,1909300
1537,494,500,411152,10413,578435,1932300
1538,546,517,410606,10442,578952,1927200
1539,591,476,410015,10557,579428,2188200
1540,514,511,409501,10560,579939,1904800
1541,531,563,408970,10528,580502,2309600
1542,481,549,408489,10460,581051,1935400
1543,512,518,407977,10454,581569,1931200
1544,509,494,407468,10469,582063,1952600
1545,523,533,406945,10459,582596,1929100
1546,565,518,406380,10506,583114,1936900
1547,528,528,405852,10506,583642,1939400
1548,494,573,405358,10427,584215,1965400
1549,539,518,404819,10448,584733,1966000
1550,491,534,404328,10405,585267,1897400
1551,464,541,403864,10328,585808,1933400
1552,515,543,403349,10300,586351,1920900
1553,517,498,402832,10319,586849,1904100
1554,533,483,402299,10369,587332,1890400
1555,487,505,401812,10351,587837,2012000
1556,483,513,401329,10321,588350,1922000
1557,518,526,400811,10313,588876,2108300
1558,534,533,400277,10314,589409,1960900
1559,486,518,399791,10282,589927,2212500
1560,515,497,399276,10300,590424,1937100
1561,504,506,398772,10298,590930,1909600
1562,481,529,398291,10250,591459,1989600
1563,532,518,397759,10264,591977,1900800
1564,482,496,397277,10250,592473,1906400
1565,482,556,396795,10176,593029,1883900
1566,522,474,396273,10224,593503,1934100
1567,514,476,395759,10262,593979,1957400
1568,506,531,395253,10237,594510,1969800
1569,557,532,394696,10262,595042,2068900
1570,521,490,394175,10293,595532,1927600
1571,511,517,393664,10287,596049,1894400
1572,513,520,393151,10280,596569,1971200
1573,492,560,392659,10212,597129,1933800
1574,515,526,392144,10201,597655,1903300
1575,504,497,391640,10208,598152,1915800
1576,492,519,391148,10181,598671,1914800
1577,470,564,390678,10087,599235,1910300
1578,504,486,390174,10105,599721,1852500
1579,529,526,389645,10108,600247,1915700
1580,527,508,389118,10127,600755,1884600
1581,503,504,388615,10126,601259,1928500
1582,524,515,388091,10135,601774,1938600
1583,542,534,387549,10143,602308,2017700
1584,527,484,387022,10186,602792,1958100
1585,506,509,386516,10183,603301,1948900
1586,530,504,385986,10209,603805,1926400
1587,522,517,385464,10214,604322,1919800
1588,526,507,384938,10233,604829,1915700
1589,544,512,384394,10265,605341,1984600
1590,522,492,383872,10295,605833,2067000
1591,540,511,383332,10324,606344,2217900
1592,523,528,382809,10319,606872,2235100
1593,553,549,382256,10323,607421,2136900
1594,515,550,381741,10288,607971,1987100
1595,532,531,381209,10289,608502,1909500
1596,530,523,380679,10296,609025,2184800
1597,518,549,380161,10265,609574,1904200
1598,515,485,379646,10295,610059,1899200
1599,557,505,379089,10347,610564,2004100
1600,482,528,378607,10301,611092,1969200
1601,516,551,378091,10266,611643,2030300
1602,540,504,377551,10302,612147,1944400
1603,553,507,376998,10348,612654,1990000
1604,500,529,376498,10319,613183,1952300
1605,518,544,375980,10293,613727,1926900
1606,548,542,375432,10299,614269,1948600
1607,547,504,374885,10342,614773,2124600
1608,511,529,374374,10324,615302,1943900
1609,535,518,373839,10341,615820,1990900
1610,542,492,373297,10391,616312,1983400
1611,492,540,372805,10343,616852,1983700
1612,536,530,372269,10349,617382,2068100
1613,481,544,371788,10286,617926,2049000
1614,496,505,371292,10277,618431,2103100
1615,536,493,370756,10320,618924,2368800
1616,562,533,370194,10349,619457,2055100
1617,526,509,369668,10366,619966,2002400
1618,547,499,369121,10414,620465,2109400
1619,585,474,368536,10525,620939,1927800
1620,531,490,368005,10566,621429,1903700
1621,539,560,367466,10545,621989,1919200
1622,561,534,366905,10572,622523,1913800
1623,541,506,366364,10607,623029,1911700
1624,538,535,365826,10610,623564,1923900
1625,548,546,365278,10612,624110,1928300
1626,552,488,364726,10676,624598,1947300
1627,522,522,364204,10676,625120,1922400
1628,529,546,363675,10659,625666,1935300
1629,547,569,363128,10637,626235,2162800
1630,525,565,362603,10597,626800,1941300
1631,543,497,362060,10643,627297,1959200
1632,507,550,361553,10600,627847,2244300
1633,490,550,361063,10540,628397,2038400
1634,536,523,360527,10553,628920,1920200
1635,508,527,360019,10534,629447,1918600
1636,498,557,359521,10475,630004,1920600
1637,520,547,359001,10448,630551,1937900
1638,508,523,358493,10433,631074,1908300
1639,520,510,357973,10443,631584,1899000
1640,497,507,357476,10433,632091,1952500
1641,484,475,356992,10442,632566,2036300
1642,524,490,356468,10476,633056,2119800
1643,524,506,355944,10494,633562,1954900
1644,519,541,355425,10472,634103,1965800
1645,522,527,354903,10467,634630,1939900
1646,502,528,354401,10441,635158,1977600
1647,498,523,353903,10416,635681,2143300
1648,509,500,353394,10425,636181,1926500
1649,515,508,352879,10432,636689,1905000
1650,492,501,352387,10423,637190,1924200
1651,504,526,351883,10401,637716,1887500
1652,483,495,351400,10389,638211,1929700
1653,505,543,350895,10351,638754,1964100
1654,516,527,350379,10340,639281,1912500
1655,495,539,349884,10296,639820,2015800
1656,519,539,349365,10276,640359,2087600
1657,490,542,348875,10224,640901,1930500
1658,503,482,348372,10245,641383,1977000
1659,480,508,347892,10217,641891,1905500
1660,489,537,347403,10169,642428,1970700
1661,480,477,346923,10172,642905,1996900
1662,490,424,346433,10238,643329,2047900
1663,441,541,345992,10138,643870,1992000
1664,494,524,345498,10108,644394,1955200
1665,515,509,344983,10114,644903,1964700
1666,469,507,344514,10076,645410,1889000
1667,452,532,344062,9996,645942,2023400
1668,486,505,343576,9977,646447,1915400
1669,475,488,343101,9964,646935,1900900
1670,486,474,342615,9976,647409,1995500
1671,511,494,342104,9993,647903,1903800
1672,507,500,341597,10000,648403,1898900
1673,491,471,341106,10020,648874,2001800
1674,479,513,340627,9986,649387,1937300
1675,521,495,340106,10012,649882,1886000
1676,483,493,339623,10002,650375,1927500
1677,528,489,339095,10041,650864,1990900
1678,508,515,338587,10034,651379,1952600
1679,531,486,338056,10079,651865,1959600
1680,526,503,337530,10102,652368,1930700
1681,511,490,337019,10123,652858,2116400
1682,558,512,336461,10169,653370,1945100
1683,499,506,335962,10162,653876,1915900
1684,504,485,335458,10181,654361,1915300
1685,521,503,334937,10199,654864,1950100
1686,514,479,334423,10234,655343,1900600
1687,491,492,333932,10233,655835,1884200
1688,493,524,333439,10202,656359,1841800
1689,522,502,332917,10222,656861,1897400
1690,516,544,332401,10194,657405,1929700
1691,497,512,331904,10179,657917,1929300
1692,515,503,331389,10191,658420,1952900
1693,534,517,330855,10208,658937,1953100
1694,532,499,330323,10241,659436,1946800
1695,548,529,329775,10260,659965,1935100
1696,504,497,329271,10267,660462,2174300
1697,502,502,328769,10267,660964,1943900
1698,531,547,328238,10251,661511,2166400
1699,516,526,327722,10241,662037,1927300
1700,576,525,327146,10292,662562,1966700
1701,516,517,326630,10291,663079,1911800
1702,529,508,326101,10312,663587,1961700
1703,476,495,325625,10293,664082,2039200
1704,522,505,325103,10310,664587,1930300
1705,545,508,324558,10347,665095,1948500
1706,539,504,324019,10382,665599,1934900
1707,543,529,323476,10396,666128,2174900
1708,533,530,322943,10399,666658,2384700
1709,509,523,322434,10385,667181,2110800
1710,509,532,321925,10362,667713,1914400
1711,538,552,321387,10348,668265,2314800
1712,500,534,320887,10314,668799,1965000
1713,528,533,320359,10309,669332,1998900
1714,532,499,319827,10342,669831,2095100
1715,524,539,319303,10327,670370,1966000
1716,517,530,318786,10314,670900,1939600
1717,495,524,318291,10285,671424,1978800
1718,509,513,317782,10281,671937,2122100
1719,539,507,317243,10313,672444,1979600
1720,510,515,316733,10308,672959,1953200
1721,523,537,316210,10294,673496,1991000
1722,504,545,315706,10253,674041,2030500
1723,553,512,315153,10294,674553,2054100
1724,521,495,314632,10320,675048,2222500
1725,503,551,314129,10272,675599,2032800
1726,504,517,313625,10259,676116,2216400
1727,514,504,313111,10269,676620,2100500
1728,528,512,312583,10285,677132,2010600
1729,535,475,312048,10345,677607,2003300
1730,541,544,311507,10342,678151,2169400
1731,490,516,311017,10316,678667,2010900
1732,530,494,310487,10352,679161,2048500
1733,498,473,309989,10377,679634,1942100
1734,584,550,309405,10411,680184,1992100
1735,547,518,308858,10440,680702,1880100
1736,526,537,308332,10429,681239,1973400
1737,551,519,307781,10461,681758,1937500
1738,543,558,307238,10446,682316,2054300
1739,489,535,306749,10400,682851,1968800
1740,485,505,306264,10380,683356,1965600
1741,491,506,305773,10365,683862,1927100
1742,540,485,305233,10420,684347,1867900
1743,517,551,304716,10386,684898,1946400
1744,522,550,304194,10358,685448,1878300
1745,511,539,303683,10330,685987,1849300
1746,501,472,303182,10359,686459,2216700
1747,510,553,302672,10316,687012,1930200
1748,467,502,302205,10281,687514,1887800
1749,543,536,301662,10288,688050,1917100
1750,556,527,301106,10317,688577,1915400
1751,544,561,300562,10300,689138,1929000
1752,517,518,300045,10299,689656,1922500
1753,536,490,299509,10345,690146,1904100
1754,524,520,298985,10349,690666,2036200
1755,535,526,298450,10358,691192,1874800
1756,521,528,297929,10351,691720,1872900
1757,515,501,297414,10365,692221,1836200
1758,568,479,296846,10454,692700,1894500
1759,560,557,296286,10457,693257,1960500
1760,477,533,295809,10401,693790,1972900
1761,534,539,295275,10396,694329,1973000
1762,548,537,294727,10407,694866,2208400
1763,490,525,294237,10372,695391,2075500
1764,525,522,293712,10375,695913,2020700
1765,555,519,293157,10411,696432,1923300
1766,527,499,292630,10439,696931,2008400
1767,554,530,292076,10463,697461,1957800
1768,536,491,291540,10508,697952,1933800
1769,562,528,290978,10542,698480,1959500
1770,544,499,290434,10587,698979,1971000
1771,522,515,289912,10594,699494,1921300
1772,547,561,289365,10580,700055,1979400
1773,507,542,288858,10545,700597,1954800
1774,520,503,288338,10562,701100,1999900
1775,557,528,287781,10591,701628,2055500
1776,538,512,287243,10617,702140,1961400
1777,535,515,286708,10637,702655,2130500
1778,560,561,286148,10636,703216,2021000
1779,537,519,285611,10654,703735,2269600
1780,561,569,285050,10646,704304,2167000
1781,523,534,284527,10635,704838,1972800
1782,490,535,284037,10590,705373,1984500
1783,532,533,283505,10589,705906,2475800
1784,507,573,282998,10523,706479,2170700
1785,521,513,282477,10531,706992,2093300
1786,503,519,281974,10515,707511,2059300
1787,534,546,281440,10503,708057,2047700
1788,524,516,280916,10511,708573,2064700
1789,519,508,280397,10522,709081,2051600
1790,569,505,279828,10586,709586,15210500
1791,563,516,279265,10633,710102,2567800
1792,548,520,278717,10661,710622,2556000
1793,501,532,278216,10630,711154,2504500
1794,508,551,277708,10587,711705,2337400
1795,541,546,277167,10582,712251,2213600
1796,523,536,276644,10569,712787,2163400
1797,546,595,276098,10520,713382,2139900
1798,536,564,275562,10492,713946,2386200
1799,494,561,275068,10425,714507,2333800
1800,532,535,274536,10422,715042,2264600
1801,509,526,274027,10405,715568,2286100
1802,512,498,273515,10419,716066,2129000
1803,529,551,272986,10397,716617,2429100
1804,507,524,272479,10380,717141,2127900
1805,512,516,271967,10376,717657,2335900
1806,496,529,271471,10343,718186,2199300
1807,510,529,270961,10324,718715,2117500
1808,535,507,270426,10352,719222,2816100
1809,536,533,269890,10355,719755,2256100
1810,540,520,269350,10375,720275,2129600
1811,532,528,268818,10379,720803,2161200
1812,548,553,268270,10374,721356,2241400
1813,502,487,267768,10389,721843,2194500
1814,583,510,267185,10462,722353,2531400
1815,546,480,266639,10528,722833,2325500
1816,480,469,266159,10539,723302,2139300
1817,532,557,265627,10514,723859,2565000
1818,503,509,265124,10508,724368,2161300
1819,531,502,264593,10537,724870,2089100
1820,539,512,264054,10564,725382,2198200
1821,545,515,263509,10594,725897,2076600
1822,529,520,262980,10603,726417,2070200
1823,520,575,262460,10548,726992,2043000
1824,595,498,261865,10645,727490,2096600
1825,559,576,261306,10628,728066,2296800
1826,545,560,260761,10613,728626,2137400
1827,501,511,260260,10603,729137,2604100
1828,550,549,259710,10604,729686,2317000
1829,549,559,259161,10594,730245,2081000
1830,578,548,258583,10624,730793,2155800
1831,524,521,258059,10627,731314,2041600
1832,533,525,257526,10635,731839,2020300
1833,537,496,256989,10676,732335,1992700
1834,542,538,256447,10680,732873,2016800
1835,490,547,255957,10623,733420,2036100
1836,537,559,255420,10601,733979,2020200
1837,507,459,254913,10649,734438,2233000
1838,532,529,254381,10652,734967,2086600
1839,517,469,253864,10700,735436,2050000
1840,515,545,253349,10670,735981,2041200
1841,518,546,252831,10642,736527,2058700
1842,519,532,252312,10629,737059,2045300
1843,525,551,251787,10603,737610,2076900
1844,501,501,251286,10603,738111,2063800
1845,540,542,250746,10601,738653,2022300
1846,539,524,250207,10616,739177,2152500
1847,562,574,249645,10604,739751,2236500
1848,510,522,249135,10592,740273,2228500
1849,514,535,248621,10571,740808,2294500
1850,521,570,248100,10522,741378,2117300
1851,554,506,247546,10570,741884,2100100
1852,507,496,247039,10581,742380,2057500
1853,512,535,246527,10558,742915,2041700
1854,547,541,245980,10564,743456,2098900
1855,511,502,245469,10573,743958,2122200
1856,522,573,244947,10522,744531,2143300
1857,534,507,244413,10549,745038,2208400
1858,525,524,243888,10550,745562,2057300
1859,490,514,243398,10526,746076,2288400
1860,514,542,242884,10498,746618,2250100
1861,507,542,242377,10463,747160,2207800
1862,521,508,241856,10476,747668,2239200
1863,555,520,241301,10511,748188,2099400
1864,500,537,240801,10474,748725,2288200
1865,507,529,240294,10452,749254,2007800
1866,538,546,239756,10444,749800,2070800
1867,522,525,239234,10441,750325,2163600
1868,558,516,238676,10483,750841,2176100
1869,527,531,238149,10479,751372,2124500
1870,515,513,237634,10481,751885,2150200
1871,538,495,237096,10524,752380,2167400
1872,535,531,236561,10528,752911,2182500
1873,501,532,236060,10497,753443,2142500
1874,497,503,235563,10491,753946,2114400
1875,519,543,235044,10467,754489,2064500
1876,552,487,234492,10532,754976,2112400
1877,514,541,233978,10505,755517,2137400
1878,528,544,233450,10489,756061,2225700
1879,542,530,232908,10501,756591,2269100
1880,576,538,232332,10539,757129,2147500
1881,529,544,231803,10524,757673,2093500
1882,538,557,231265,10505,758230,2058800
1883,515,526,230750,10494,758756,2198800
1884,528,516,230222,10506,759272,2250700
1885,545,517,229677,10534,759789,2267500
1886,496,535,229181,10495,760324,2099100
1887,533,541,228648,10487,760865,2278400
1888,519,509,228129,10497,761374,2009000
1889,517,550,227612,10464,761924,2053600
1890,537,519,227075,10482,762443,2077800
1891,545,553,226530,10474,762996,2141800
1892,545,497,225985,10522,763493,2086800
1893,522,555,225463,10489,764048,2035700
1894,567,538,224896,10518,764586,2038700
1895,511,574,224385,10455,765160,2051200
1896,501,545,223884,10411,765705,2116500
1897,545,507,223339,10449,766212,2108500
1898,485,489,222854,10445,766701,2066400
1899,528,507,222326,10466,767208,2164500
1900,497,538,221829,10425,767746,2149600
1901,544,583,221285,10386,768329,2204500
1902,512,503,220773,10395,768832,2246900
1903,525,517,220248,10403,769349,2100800
1904,543,537,219705,10409,769886,2077800
1905,532,518,219173,10423,770404,2165900
1906,534,539,218639,10418,770943,2208900
1907,565,532,218074,10451,771475,2556100
1908,541,553,217533,10439,772028,2394500
1909,556,559,216977,10436,772587,2459300
1910,553,502,216424,10487,773089,2119900
1911,536,531,215888,10492,773620,2119500
1912,545,473,215343,10564,774093,2120300
1913,532,526,214811,10570,774619,2092900
1914,563,515,214248,10618,775134,2065000
1915,555,546,213693,10627,775680,2048100
1916,582,548,213111,10661,776228,2351100
1917,571,558,212540,10674,776786,2119800
1918,548,520,211992,10702,777306,2134900
1919,527,517,211465,10712,777823,2032500
1920,507,529,210958,10690,778352,2072900
1921,513,532,210445,10671,778884,2012600
1922,519,521,209926,10669,779405,1996900
1923,553,563,209373,10659,779968,1947900
1924,552,570,208821,10641,780538,2016300
1925,527,543,208294,10625,781081,1959400
1926,527,523,207767,10629,781604,2005600
1927,482,537,207285,10574,782141,1981100
1928,501,528,206784,10547,782669,1978300
1929,522,540,206262,10529,783209,1954500
1930,519,510,205743,10538,783719,2012400
1931,486,502,205257,10522,784221,2025400
1932,504,514,204753,10512,784735,2031400
1933,506,557,204247,10461,785292,1981700
1934,517,517,203730,10461,785809,1979100
1935,499,517,203231,10443,786326,1991500
1936,485,518,202746,10410,786844,2087700
1937,475,538,202271,10347,787382,1962600
1938,470,505,201801,10312,787887,1972900
1939,510,516,201291,10306,788403,2242600
1940,500,571,200791,10235,788974,2032100
1941,510,504,200281,10241,789478,2282100
1942,504,504,199777,10241,789982,2022900
1943,517,495,199260,10263,790477,2243300
1944,506,521,198754,10248,790998,2182400
1945,479,487,198275,10240,791485,2103600
1946,541,541,197734,10240,792026,2043500
1947,491,488,197243,10243,792514,2006300
1948,520,494,196723,10269,793008,1971200
1949,510,506,196213,10273,793514,2033200
1950,493,449,195720,10317,793963,2045100
1951,504,501,195216,10320,794464,2004600
1952,487,511,194729,10296,794975,1997900
1953,508,546,194221,10258,795521,2012300
1954,496,524,193725,10230,796045,2031600
1955,505,535,193220,10200,796580,2002400
1956,482,512,192738,10170,797092,1978500
1957,500,495,192238,10175,797587,1989100
1958,469,471,191769,10173,798058,2086200
1959,494,510,191275,10157,798568,2025400
1960,492,511,190783,10138,799079,2225300
1961,478,511,190305,10105,799590,1941900
1962,478,504,189827,10079,800094,1979200
1963,457,545,189370,9991,800639,1966800
1964,478,489,188892,9980,801128,1997900
1965,435,492,188457,9923,801620,1974600
1966,461,483,187996,9901,802103,2049900
1967,478,499,187518,9880,802602,2014900
1968,445,475,187073,9850,803077,1986400
1969,447,446,186626,9851,803523,1955500
1970,439,516,186187,9774,804039,2171600
1971,463,484,185724,9753,804523,1960300
1972,411,493,185313,9671,805016,1973500
1973,477,455,184836,9693,805471,2002500
1974,437,462,184399,9668,805933,2155100
1975,449,481,183950,9636,806414,1969700
1976,458,494,183492,9600,806908,1975600
1977,466,489,183026,9577,807397,1988300
1978,454,488,182572,9543,807885,1992000
1979,445,502,182127,9486,808387,1994600
1980,444,490,181683,9440,808877,1991600
1981,480,477,181203,9443,809354,2009700
1982,470,514,180733,9399,809868,2147200
1983,457,460,180276,9396,810328,2010800
1984,437,495,179839,9338,810823,1983800
1985,484,447,179355,9375,811270,1976800
1986,413,449,178942,9339,811719,2045100
1987,470,496,178472,9313,812215,2648300
1988,425,466,178047,9272,812681,2804800
1989,430,441,177617,9261,813122,2418200
1990,469,459,177148,9271,813581,2222500
1991,441,484,176707,9228,814065,2041200
1992,443,445,176264,9226,814510,2035600
1993,431,495,175833,9162,815005,2091400
1994,417,470,175416,9109,815475,2043500
1995,390,446,175026,9053,815921,5349800
1996,419,477,174607,8995,816398,2241600
1997,437,472,174170,8960,816870,2068400
1998,410,450,173760,8920,817320,2230900
1999,448,469,173312,8899,817789,2119400
2000,408,406,172904,8901,818195,2308700
2001,406,457,172498,8850,818652,2133300
2002,423,457,172075,8816,819109,2110800
2003,402,458,171673,8760,819567,2315300
2004,394,393,171279,8761,819960,2086700
2005,367,449,170912,8679,820409,2112300
2006,398,420,170514,8657,820829,2045300
2007,395,423,170119,8629,821252,2036600
2008,412,450,169707,8591,821702,1997700
2009,385,424,169322,8552,822126,2067900
2010,395,420,168927,8527,822546,2086500
2011,381,470,168546,8438,823016,2227000
2012,444,409,168102,8473,823425,2004200
2013,381,413,167721,8441,823838,1997200
2014,401,398,167320,8444,824236,1941000
2015,420,411,166900,8453,824647,2071900
2016,414,428,166486,8439,825075,2065800
2017,418,448,166068,8409,825523,2049300
2018,393,403,165675,8399,825926,1996500
2019,413,429,165262,8383,826355,2035800
2020,392,384,164870,8391,826739,2153300
2021,418,408,164452,8401,827147,2030700
2022,398,410,164054,8389,827557,2014500
2023,415,449,163639,8355,828006,1941700
2024,405,414,163234,8346,828420,1995600
2025,411,432,162823,8325,828852,1979200
2026,418,453,162405,8290,829305,1854700
2027,416,441,161989,8265,829746,1973300
2028,394,424,161595,8235,830170,1941200
2029,429,397,161166,8267,830567,1897600
2030,408,383,160758,8292,830950,1885000
2031,399,436,160359,8255,831386,3586800
2032,413,420,159946,8248,831806,1984500
2033,405,410,159541,8243,832216,1914400
2034,410,407,159131,8246,832623,2010100
2035,390,411,158741,8225,833034,1949400
2036,403,411,158338,8217,833445,1896000
2037,420,385,157918,8252,833830,1950200
2038,422,414,157496,8260,834244,1967000
2039,420,399,157076,8281,834643,1896100
2040,381,395,156695,8267,835038,1929700
2041,388,432,156307,8223,835470,1892200
2042,407,429,155900,8201,835899,1950600
2043,413,400,155487,8214,836299,1896800
2044,389,401,155098,8202,836700,1988100
2045,377,413,154721,8166,837113,1917500
2046,381,373,154340,8174,837486,1815000
2047,429,389,153911,8214,837875,1932100
2048,368,397,153543,8185,838272,1940900
2049,390,409,153153,8166,838681,1892100
2050,420,406,152733,8180,839087,1931500
2051,371,435,152362,8116,839522,1845200
2052,358,402,152004,8072,839924,1800200
2053,372,377,151632,8067,840301,1895200
2054,372,397,151260,8042,840698,1855400
2055,368,400,150892,8010,841098,2092700
2056,379,362,150513,8027,841460,1946400
2057,378,381,150135,8024,841841,1967200
2058,390,433,149745,7981,842274,2000300
2059,388,419,149357,7950,842693,2042100
2060,344,405,149013,7889,843098,1808400
2061,361,388,148652,7862,843486,1858300
2062,347,385,148305,7824,843871,1897900
2063,322,418,147983,7728,844289,1830300
2064,339,375,147644,7692,844664,1891800
2065,360,353,147284,7699,845017,1847300
2066,343,354,146941,7688,845371,1906000
2067,317,405,146624,7600,845776,1870600
2068,339,345,146285,7594,846121,2078700
2069,378,372,145907,7600,846493,1985200
2070,350,374,145557,7576,846867,1872800
2071,366,385,145191,7557,847252,2495800
2072,383,375,144808,7565,847627,2338300
2073,369,344,144439,7590,847971,2120200
2074,325,381,144114,7534,848352,1911500
2075,317,373,143797,7478,848725,1945100
2076,307,399,143490,7386,849124,1937800
2077,335,370,143155,7351,849494,2051900
2078,303,351,142852,7303,849845,1979100
2079,328,384,142524,7247,850229,1845800
2080,312,375,142212,7184,850604,1902500
2081,297,347,141915,7134,850951,1859400
2082,293,371,141622,7056,851322,1795200
2083,314,363,141308,7007,851685,1814900
2084,328,365,140980,6970,852050,1895800
2085,300,345,140680,6925,852395,1904900
2086,313,341,140367,6897,852736,1914500
2087,302,357,140065,6842,853093,1883200
2088,290,327,139775,6805,853420,2311600
2089,291,328,139484,6768,853748,1987500
2090,304,321,139180,6751,854069,2144900
2091,286,335,138894,6702,854404,1919300
2092,299,356,138595,6645,854760,1970700
2093,307,330,138288,6622,855090,1935500
2094,291,321,137997,6592,855411,1846500
2095,288,296,137709,6584,855707,1978500
2096,294,293,137415,6585,856000,1985500
2097,336,341,137079,6580,856341,1906300
2098,299,325,136780,6554,856666,1880500
2099,318,334,136462,6538,857000,2013700
2100,323,351,136139,6510,857351,1986100
2101,312,331,135827,6491,857682,2186400
2102,264,354,135563,6401,858036,1994800
2103,273,297,135290,6377,858333,1825400
2104,288,346,135002,6319,858679,1915600
2105,286,304,134716,6301,858983,1853000
2106,317,305,134399,6313,859288,1841000
2107,289,313,134110,6289,859601,1788200
2108,301,330,133809,6260,859931,1876400
2109,317,331,133492,6246,860262,1897700
2110,291,290,133201,6247,860552,1891600
2111,296,320,132905,6223,860872,1925800
2112,319,313,132586,6229,861185,2440800
2113,284,307,132302,6206,861492,2106600
2114,301,333,132001,6174,861825,2165100
2115,268,289,131733,6153,862114,2194700
2116,269,312,131464,6110,862426,2205100
2117,280,283,131184,6107,862709,1996400
2118,259,333,130925,6033,863042,1963600
2119,268,302,130657,5999,863344,1972300
2120,280,299,130377,5980,863643,1955000
2121,297,284,130080,5993,863927,2000000
2122,250,269,129830,5974,864196,2037800
2123,263,314,129567,5923,864510,2087800
2124,273,300,129294,5896,864810,2014200
2125,271,310,129023,5857,865120,2075200
2126,271,283,128752,5845,865403,2057100
2127,281,306,128471,5820,865709,1998100
2128,260,277,128211,5803,865986,2190800
2129,270,287,127941,5786,866273,1997700
2130,293,278,127648,5801,866551,1963400
2131,293,301,127355,5793,866852,1959500
2132,243,292,127112,5744,867144,1901600
2133,293,271,126819,5766,867415,1971700
2134,277,271,126542,5772,867686,1926500
2135,285,284,126257,5773,867970,2178200
2136,257,284,126000,5746,868254,2155800
2137,313,304,125687,5755,868558,2067600
2138,255,289,125432,5721,868847,2205500
2139,303,299,125129,5725,869146,1964400
2140,287,267,124842,5745,869413,2153500
2141,303,273,124539,5775,869686,1938900
2142,294,275,124245,5794,869961,2039900
2143,255,293,123990,5756,870254,1935500
2144,312,289,123678,5779,870543,2120000
2145,248,271,123430,5756,870814,2041300
2146,262,289,123168,5729,871103,2044500
2147,271,282,122897,5718,871385,2119400
2148,265,274,122632,5709,871659,2127000
2149,254,302,122378,5661,871961,2030100
2150,286,260,122092,5687,872221,1999800
2151,261,259,121831,5689,872480,2007600
2152,268,271,121563,5686,872751,1960300
2153,290,260,121273,5716,873011,1994000
2154,262,239,121011,5739,873250,2172500
2155,231,309,120780,5661,873559,2090300
2156,268,290,120512,5639,873849,2069800
2157,244,280,120268,5603,874129,2298000
2158,233,238,120035,5598,874367,2237600
2159,284,282,119751,5600,874649,2283500
2160,270,286,119481,5584,874935,2059900
2161,262,296,119219,5550,875231,1993900
2162,243,252,118976,5541,875483,2337700
2163,270,281,118706,5530,875764,2026600
2164,245,262,118461,5513,876026,2056600
2165,251,300,118210,5464,876326,2083600
2166,231,295,117979,5400,876621,2070500
2167,231,293,117748,5338,876914,2076200
2168,246,237,117502,5347,877151,2084000
2169,247,260,117255,5334,877411,2013400
2170,231,255,117024,5310,877666,2112700
2171,221,259,116803,5272,877925,2164700
2172,236,300,116567,5208,878225,2276300
2173,232,261,116335,5179,878486,2068700
2174,254,284,116081,5149,878770,2018700
2175,255,239,115826,5165,879009,2242600
2176,233,281,115593,5117,879290,2339900
2177,241,257,115352,5101,879547,2003800
2178,241,246,115111,5096,879793,1951300
2179,249,242,114862,5103,880035,1967700
2180,237,252,114625,5088,880287,1958200
2181,241,245,114384,5084,880532,1919000
2182,263,242,114121,5105,880774,1930600
2183,247,267,113874,5085,881041,1932600
2184,243,268,113631,5060,881309,1912600
2185,257,267,113374,5050,881576,1903300
2186,248,249,113126,5049,881825,2128400
2187,258,253,112868,5054,882078,1925800
2188,254,246,112614,5062,882324,1933800
2189,229,267,112385,5024,882591,2090000
2190,244,286,112141,4982,882877,1893300
2191,219,249,111922,4952,883126,1986700
2192,219,261,111703,4910,883387,1889200
2193,229,239,111474,4900,883626,1919900
2194,245,236,111229,4909,883862,1870400
2195,210,229,111019,4890,884091,1987300
2196,236,237,110783,4889,884328,1950300
2197,220,235,110563,4874,884563,1919400
2198,215,253,110348,4836,884816,1906200
2199,220,228,110128,4828,885044,1931300
2200,228,253,109900,4803,885297,1942200
2201,215,248,109685,4770,885545,1939400
2202,219,238,109466,4751,885783,1910900
2203,213,227,109253,4737,886010,2155600
2204,234,206,109019,4765,886216,2223200
2205,231,215,108788,4781,886431,1901800
2206,215,217,108573,4779,886648,1900100
2207,239,262,108334,4756,886910,1881500
2208,225,251,108109,4730,887161,1936000
2209,232,230,107877,4732,887391,1852900
2210,233,249,107644,4716,887640,1889800
2211,214,249,107430,4681,887889,1917400
2212,222,248,107208,4655,888137,1934400
2213,216,199,106992,4672,888336,1898900
2214,211,223,106781,4660,888559,1886200
2215,206,230,106575,4636,888789,1958500
2216,210,241,106365,4605,889030,1840600
2217,188,215,106177,4578,889245,1917700
2218,211,236,105966,4553,889481,1938500
2219,211,252,105755,4512,889733,2105800
2220,240,217,105515,4535,889950,1910600
2221,224,208,105291,4551,890158,1877500
2222,190,209,105101,4532,890367,1869800
2223,203,201,104898,4534,890568,1965100
2224,210,228,104688,4516,890796,1864000
2225,187,201,104501,4502,890997,1942300
2226,233,208,104268,4527,891205,1942300
2227,214,236,104054,4505,891441,1915500
2228,197,247,103857,4455,891688,1865200
2229,238,218,103619,4475,891906,1882800
2230,208,233,103411,4450,892139,1858600
2231,204,227,103207,4427,892366,1870400
2232,225,230,102982,4422,892596,1879900
2233,200,249,102782,4373,892845,1959200
2234,205,195,102577,4383,893040,1896500
2235,203,198,102374,4388,893238,2008000
2236,218,215,102156,4391,893453,1874400
2237,222,212,101934,4401,893665,1910700
2238,214,216,101720,4399,893881,2075100
2239,216,222,101504,4393,894103,1969800
2240,226,217,101278,4402,894320,2074700
2241,209,209,101069,4402,894529,1880700
2242,226,200,100843,4428,894729,1872100
2243,216,229,100627,4415,894958,1886700
2244,208,234,100419,4389,895192,1982300
2245,211,209,100208,4391,895401,1852500
2246,211,235,99997,4367,895636,1855200
2247,233,246,99764,4354,895882,1866300
2248,209,257,99555,4306,896139,2059700
2249,225,203,99330,4328,896342,1867400
2250,224,246,99106,4306,896588,1849600
2251,204,222,98902,4288,896810,1875800
2252,198,202,98704,4284,897012,1862000
2253,202,230,98502,4256,897242,1897000
2254,235,224,98267,4267,897466,1858000
2255,186,198,98081,4255,897664,1827800
2256,215,215,97866,4255,897879,1853500
2257,199,201,97667,4253,898080,1857900
2258,209,201,97458,4261,898281,1869800
2259,225,208,97233,4278,898489,1850500
2260,227,214,97006,4291,898703,1926600
2261,233,211,96773,4313,898914,1890500
2262,211,219,96562,4305,899133,1858200
2263,202,204,96360,4303,899337,1916300
2264,217,245,96143,4275,899582,1904900
2265,191,212,95952,4254,899794,1892800
2266,186,200,95766,4240,899994,1884900
2267,198,208,95568,4230,900202,1860900
2268,167,228,95401,4169,900430,1935000
2269,217,221,95184,4165,900651,1887200
2270,172,236,95012,4101,900887,1910500
2271,189,232,94823,4058,901119,1900100
2272,187,216,94636,4029,901335,1894300
2273,201,184,94435,4046,901519,1882300
2274,192,194,94243,4044,901713,1922500
2275,220,210,94023,4054,901923,1895900
2276,208,239,93815,4023,902162,1876400
2277,213,202,93602,4034,902364,1870200
2278,214,189,93388,4059,902553,1904900
2279,185,201,93203,4043,902754,1860400
2280,203,189,93000,4057,902943,1877600
2281,213,211,92787,4059,903154,1883400
2282,211,207,92576,4063,903361,1886800
2283,216,192,92360,4087,903553,1944500
2284,204,197,92156,4094,903750,1947800
2285,178,203,91978,4069,903953,2058700
2286,213,192,91765,4090,904145,1855900
2287,200,221,91565,4069,904366,1868500
2288,197,227,91368,4039,904593,1883200
2289,216,199,91152,4056,904792,1869800
2290,207,215,90945,4048,905007,1863200
2291,226,222,90719,4052,905229,1878000
2292,208,201,90511,4059,905430,1977100
2293,217,216,90294,4060,905646,2123000
2294,204,222,90090,4042,905868,1884400
2295,191,185,89899,4048,906053,2076900
2296,207,234,89692,4021,906287,2031100
2297,195,230,89497,3986,906517,2050400
2298,205,185,89292,4006,906702,2006100
2299,205,208,89087,4003,906910,2101300
2300,201,192,88886,4012,907102,1918900
2301,208,216,88678,4004,907318,2068100
2302,194,213,88484,3985,907531,2009800
2303,191,201,88293,3975,907732,1945700
2304,197,212,88096,3960,907944,2111300
2305,219,187,87877,3992,908131,2051800
2306,204,189,87673,4007,908320,1942000
2307,212,212,87461,4007,908532,1956500
2308,201,199,87260,4009,908731,2007200
2309,203,218,87057,3994,908949,1881800
2310,178,210,86879,3962,909159,1887400
2311,212,216,86667,3958,909375,1882000
2312,200,226,86467,3932,909601,1898500
2313,220,211,86247,3941,909812,1892500
2314,217,216,86030,3942,910028,1918800
2315,189,195,85841,3936,910223,1960500
2316,201,209,85640,3928,910432,1990100
2317,219,190,85421,3957,910622,1960400
2318,184,201,85237,3940,910823,1914000
2319,183,206,85054,3917,911029,1875600
2320,200,177,84854,3940,911206,1989800
2321,197,211,84657,3926,911417,1904400
2322,183,223,84474,3886,911640,1926300
2323,214,196,84260,3904,911836,1965100
2324,214,182,84046,3936,912018,2273300
2325,183,203,83863,3916,912221,1883100
2326,193,171,83670,3938,912392,1963600
2327,201,202,83469,3937,912594,1895200
2328,200,223,83269,3914,912817,1847100
2329,187,211,83082,3890,913028,2066600
2330,165,196,82917,3859,913224,1899800
2331,169,180,82748,3848,913404,1915300
2332,164,191,82584,3821,913595,1929300
2333,168,183,82416,3806,913778,1989600
2334,166,228,82250,3744,914006,1903500
2335,187,194,82063,3737,914200,1871900
2336,158,212,81905,3683,914412,1897800
2337,191,168,81714,3706,914580,1909500
2338,176,172,81538,3710,914752,2136400
2339,161,157,81377,3714,914909,1934300
2340,171,202,81206,3683,915111,1915800
2341,180,160,81026,3703,915271,2017800
2342,170,211,80856,3662,915482,1908100
2343,176,180,80680,3658,915662,2005600
2344,181,197,80499,3642,915859,1882400
2345,156,187,80343,3611,916046,1891600
2346,197,190,80146,3618,916236,1925200
2347,205,172,79941,3651,916408,2083100
2348,189,174,79752,3666,916582,1957100
2349,195,195,79557,3666,916777,1903300
2350,209,202,79348,3673,916979,1908100
2351,182,194,79166,3661,917173,2083800
2352,220,171,78946,3710,917344,2151800
2353,201,186,78745,3725,917530,1871600
2354,165,182,78580,3708,917712,1857600
2355,193,192,78387,3709,917904,1874100
2356,177,182,78210,3704,918086,1882900
2357,190,178,78020,3716,918264,1870900
2358,195,187,77825,3724,918451,1876100
2359,193,188,77632,3729,918639,2020100
2360,177,169,77455,3737,918808,1893600
2361,209,173,77246,3773,918981,1866100
2362,165,172,77081,3766,919153,1843800
2363,188,179,76893,3775,919332,1974100
2364,178,210,76715,3743,919542,1876400
2365,182,171,76533,3754,919713,1864400
2366,174,171,76359,3757,919884,1870800
2367,170,172,76189,3755,920056,1891100
2368,200,194,75989,3761,920250,1860600
2369,190,188,75799,3763,920438,1890400
2370,185,201,75614,3747,920639,1855300
2371,180,182,75434,3745,920821,1940800
2372,195,185,75239,3755,921006,1977400
2373,183,175,75056,3763,921181,2201200
2374,183,169,74873,3777,921350,2052800
2375,198,182,74675,3793,921532,2047800
2376,177,175,74498,3795,921707,2057600
2377,192,184,74306,3803,921891,2162600
2378,168,191,74138,3780,922082,1972000
2379,191,178,73947,3793,922260,2009300
2380,182,192,73765,3783,922452,1894200
2381,177,207,73588,3753,922659,1985300
2382,204,212,73384,3745,922871,1940000
2383,189,164,73195,3770,923035,1881800
2384,192,176,73003,3786,923211,1901900
2385,168,171,72835,3783,923382,1881100
2386,181,184,72654,3780,923566,1976600
2387,161,195,72493,3746,923761,2157000
2388,195,181,72298,3760,923942,1898400
2389,185,168,72113,3777,924110,1937100
2390,146,196,71967,3727,924306,1824400
2391,191,173,71776,3745,924479,1911500
2392,173,187,71603,3731,924666,1910200
2393,172,179,71431,3724,924845,2061000
2394,187,179,71244,3732,925024,1907500
2395,185,181,71059,3736,925205,2104600
2396,178,170,70881,3744,925375,1913000
2397,174,186,70707,3732,925561,1916100
2398,200,180,70507,3752,925741,1898000
2399,178,190,70329,3740,925931,2005000
2400,187,189,70142,3738,926120,1950700
2401,183,197,69959,3724,926317,2085800
2402,184,179,69775,3729,926496,2162800
2403,191,196,69584,3724,926692,2116300
2404,160,183,69424,3701,926875,2039300
2405,179,175,69245,3705,927050,2013600
2406,188,159,69057,3734,927209,2106500
2407,185,162,68872,3757,927371,2021300
2408,197,192,68675,3762,927563,2034200
2409,174,181,68501,3755,927744,2029700
2410,171,178,68330,3748,927922,2106900
2411,171,193,68159,3726,928115,2074600
2412,182,180,67977,3728,928295,2082000
2413,212,197,67765,3743,928492,2446000
2414,186,195,67579,3734,928687,2067000
2415,186,186,67393,3734,928873,1965200
2416,188,188,67205,3734,929061,1967800
2417,147,171,67058,3710,929232,2004000
2418,160,179,66898,3691,929411,2033200
2419,185,175,66713,3701,929586,1954800
2420,159,179,66554,3681,929765,1969200
2421,184,198,66370,3667,929963,1973500
2422,177,193,66193,3651,930156,1991500
2423,174,170,66019,3655,930326,2011400
2424,189,189,65830,3655,930515,1933400
2425,148,187,65682,3616,930702,1985100
2426,169,167,65513,3618,930869,1976200
2427,159,174,65354,3603,931043,1968900
2428,155,172,65199,3586,931215,1981500
2429,169,176,65030,3579,931391,1882700
2430,171,155,64859,3595,931546,1861900
2431,150,157,64709,3588,931703,1913700
2432,166,192,64543,3562,931895,1888700
2433,165,184,64378,3543,932079,1948900
2434,175,157,64203,3561,932236,1891900
2435,162,178,64041,3545,932414,1832300
2436,175,168,63866,3552,932582,1869400
2437,172,173,63694,3551,932755,1868500
2438,169,174,63525,3546,932929,1876700
2439,157,174,63368,3529,933103,1924000
2440,151,157,63217,3523,933260,1871300
2441,157,172,63060,3508,933432,1829600
2442,168,219,62892,3457,933651,1880000
2443,143,192,62749,3408,933843,1799200
2444,133,176,62616,3365,934019,1795900
2445,160,155,62456,3370,934174,1822100
2446,137,160,62319,3347,934334,1859300
2447,152,164,62167,3335,934498,1847300
2448,162,163,62005,3334,934661,1824400
2449,162,152,61843,3344,934813,1796300
2450,159,156,61684,3347,934969,1891500
2451,164,180,61520,3331,935149,1783900
2452,147,189,61373,3289,935338,1863200
2453,174,201,61199,3262,935539,1803800
2454,141,163,61058,3240,935702,1807000
2455,144,166,60914,3218,935868,1762500
2456,153,169,60761,3202,936037,1768900
2457,159,164,60602,3197,936201,1831300
2458,154,145,60448,3206,936346,1946300
2459,174,161,60274,3219,936507,1843000
2460,160,150,60114,3229,936657,1820500
2461,145,186,59969,3188,936843,1814000
2462,163,170,59806,3181,937013,1759600
2463,178,152,59628,3207,937165,1765700
2464,169,154,59459,3222,937319,1848500
2465,167,150,59292,3239,937469,1831400
2466,160,155,59132,3244,937624,1838800
2467,180,167,58952,3257,937791,1770800
2468,134,157,58818,3234,937948,1773500
2469,167,154,58651,3247,938102,1852700
2470,165,154,58486,3258,938256,1791500
2471,155,146,58331,3267,938402,1798300
2472,163,185,58168,3245,938587,1812700
2473,161,168,58007,3238,938755,1808600
2474,164,161,57843,3241,938916,1850100
2475,141,150,57702,3232,939066,1841900
2476,155,160,57547,3227,939226,2060600
2477,141,162,57406,3206,939388,1889800
2478,147,172,57259,3181,939560,2010200
2479,149,152,57110,3178,939712,1854900
2480,139,149,56971,3168,939861,1778300
2481,138,163,56833,3143,940024,1973100
2482,131,151,56702,3123,940175,1718000
2483,143,151,56559,3115,940326,1714400
2484,114,164,56445,3065,940490,1838600
2485,122,153,56323,3034,940643,1854900
2486,136,155,56187,3015,940798,2026100
2487,126,154,56061,2987,940952,1837300
2488,128,150,55933,2965,941102,1789000
2489,124,143,55809,2946,941245,1705200
2490,113,155,55696,2904,941400,1881400
2491,110,147,55586,2867,941547,1952100
2492,112,145,55474,2834,941692,1855700
2493,135,141,55339,2828,941833,1768300
2494,128,139,55211,2817,941972,1801500
2495,130,120,55081,2827,942092,1714900
2496,121,132,54960,2816,942224,1818500
2497,126,151,54834,2791,942375,1818200
2498,120,147,54714,2764,942522,1744700
2499,124,152,54590,2736,942674,1697400
2500,127,134,54463,2729,942808,1946800
2501,134,126,54329,2737,942934,1872900
2502,123,115,54206,2745,943049,1806400
2503,129,139,54077,2735,943188,1738300
2504,124,133,53953,2726,943321,1700800
2505,113,155,53840,2684,943476,1824600
2506,110,130,53730,2664,943606,1829800
2507,92,119,53638,2637,943725,1826100
2508,119,128,53519,2628,943853,1751100
2509,124,115,53395,2637,943968,1788400
2510,115,132,53280,2620,944100,1803100
2511,126,135,53154,2611,944235,2042700
2512,121,129,53033,2603,944364,1791100
2513,105,129,52928,2579,944493,1854600
2514,113,157,52815,2535,944650,1800000
2515,105,131,52710,2509,944781,1711800
2516,101,138,52609,2472,944919,1744000
2517,102,124,52507,2450,945043,1729000
2518,107,108,52400,2449,945151,1772900
2519,100,113,52300,2436,945264,1869700
2520,104,132,52196,2408,945396,1737300
2521,104,131,52092,2381,945527,1786500
2522,102,112,51990,2371,945639,1913800
2523,105,123,51885,2353,945762,1932300
2524,99,110,51786,2342,945872,1806800
2525,95,111,51691,2326,945983,2025600
2526,106,120,51585,2312,946103,1806200
2527,113,117,51472,2308,946220,1751400
2528,93,134,51379,2267,946354,1766400
2529,100,106,51279,2261,946460,1762100
2530,87,110,51192,2238,946570,1806000
2531,92,96,51100,2234,946666,2002000
2532,111,121,50989,2224,946787,1974600
2533,86,116,50903,2194,946903,1968000
2534,84,117,50819,2161,947020,1851200
2535,100,133,50719,2128,947153,1750400
2536,109,83,50610,2154,947236,1794500
2537,92,118,50518,2128,947354,1835300
2538,77,126,50441,2079,947480,1796000
2539,102,96,50339,2085,947576,1756900
2540,90,90,50249,2085,947666,1741300
2541,99,105,50150,2079,947771,2027500
2542,103,115,50047,2067,947886,1731500
2543,77,95,49970,2049,947981,1827500
2544,84,98,49886,2035,948079,1955600
2545,81,98,49805,2018,948177,1765000
2546,83,100,49722,2001,948277,1723600
2547,82,90,49640,1993,948367,1830700
2548,93,91,49547,1995,948458,1830700
2549,82,107,49465,1970,948565,1805100
2550,82,107,49383,1945,948672,1717900
2551,96,100,49287,1941,948772,1906900
2552,89,113,49198,1917,948885,1848900
2553,104,106,49094,1915,948991,1730000
2554,107,91,48987,1931,949082,1838900
2555,80,99,48907,1912,949181,1728700
2556,86,109,48821,1889,949290,1736400
2557,88,88,48733,1889,949378,1748000
2558,90,96,48643,1883,949474,1824900
2559,85,96,48558,1872,949570,1802900
2560,95,77,48463,1890,949647,1693300
2561,83,85,48380,1888,949732,1853300
2562,86,93,48294,1881,949825,1706000
2563,82,93,48212,1870,949918,1742600
2564,90,114,48122,1846,950032,1686400
2565,98,77,48024,1867,950109,1693500
2566,89,72,47935,1884,950181,1792800
2567,89,90,47846,1883,950271,1918000
2568,91,97,47755,1877,950368,1830000
2569,104,91,47651,1890,950459,1751000
2570,81,97,47570,1874,950556,1745400
2571,71,99,47499,1846,950655,1802800
2572,83,87,47416,1842,950742,1771900
2573,92,85,47324,1849,950827,1780500
2574,81,86,47243,1844,950913,1696500
2575,87,97,47156,1834,951010,1833700
2576,95,95,47061,1834,951105,1799100
2577,91,107,46970,1818,951212,1722900
2578,112,88,46858,1842,951300,1926600
2579,88,80,46770,1850,951380,1712700
2580,81,94,46689,1837,951474,1804800
2581,91,118,46598,1810,951592,1783800
2582,71,89,46527,1792,951681,1793300
2583,96,102,46431,1786,951783,1774300
2584,89,106,46342,1769,951889,2045900
2585,81,84,46261,1766,951973,2098100
2586,92,95,46169,1763,952068,2047500
2587,87,103,46082,1747,952171,2259700
2588,74,84,46008,1737,952255,1885100
2589,76,80,45932,1733,952335,1770600
2590,66,86,45866,1713,952421,1692300
2591,94,96,45772,1711,952517,1819300
2592,80,96,45692,1695,952613,1818900
2593,71,85,45621,1681,952698,1670500
2594,78,87,45543,1672,952785,1694200
2595,72,100,45471,1644,952885,1922600
2596,65,86,45406,1623,952971,1782800
2597,71,72,45335,1622,953043,1767200
2598,80,99,45255,1603,953142,1719000
2599,83,96,45172,1590,953238,1716000
2600,80,89,45092,1581,953327,1802700
2601,71,73,45021,1579,953400,1910300
2602,83,91,44938,1571,953491,1715900
2603,61,76,44877,1556,953567,1710900
2604,74,78,44803,1552,953645,2013400
2605,81,78,44722,1555,953723,2090600
2606,71,81,44651,1545,953804,1791400
2607,79,68,44572,1556,953872,1764400
2608,62,71,44510,1547,953943,1961500
2609,59,73,44451,1533,954016,1804900
2610,62,90,44389,1505,954106,1776400
2611,60,71,44329,1494,954177,1777800
2612,87,69,44242,1512,954246,2090100
2613,69,85,44173,1496,954331,1795800
2614,61,79,44112,1478,954410,1788500
2615,66,62,44046,1482,954472,1807100
2616,82,72,43964,1492,954544,1851700
2617,65,65,43899,1492,954609,1888300
2618,80,60,43819,1512,954669,1931700
2619,60,92,43759,1480,954761,1843900
2620,65,75,43694,1470,954836,1807300
2621,77,68,43617,1479,954904,1827000
2622,61,72,43556,1468,954976,1804000
2623,92,77,43464,1483,955053,1837500
2624,68,71,43396,1480,955124,1857000
2625,77,83,43319,1474,955207,1762400
2626,77,78,43242,1473,955285,1797800
2627,60,75,43182,1458,955360,1791900
2628,68,63,43114,1463,955423,1734200
2629,66,78,43048,1451,955501,1724600
2630,72,70,42976,1453,955571,1700900
2631,65,71,42911,1447,955642,1781300
2632,78,69,42833,1456,955711,1699700
2633,81,65,42752,1472,955776,1742500
2634,63,76,42689,1459,955852,1824300
2635,73,79,42616,1453,955931,1802600
2636,69,64,42547,1458,955995,1703900
2637,75,71,42472,1462,956066,1650800
2638,76,67,42396,1471,956133,1798900
2639,75,82,42321,1464,956215,1747500
2640,65,74,42256,1455,956289,1654300
2641,79,67,42177,1467,956356,1714100
2642,71,68,42106,1470,956424,1806600
2643,69,75,42037,1464,956499,1748500
2644,71,60,41966,1475,956559,1708800
2645,68,64,41898,1479,956623,1914800
2646,75,63,41823,1491,956686,1816600
2647,78,84,41745,1485,956770,1835600
2648,69,68,41676,1486,956838,1768000
2649,75,68,41601,1493,956906,1702800
2650,85,68,41516,1510,956974,1674900
2651,90,76,41426,1524,957050,1800200
2652,71,67,41355,1528,957117,1755700
2653,108,87,41247,1549,957204,1652400
2654,70,69,41177,1550,957273,1812100
2655,81,58,41096,1573,957331,1817600
2656,69,88,41027,1554,957419,1766600
2657,68,81,40959,1541,957500,1679500
2658,65,65,40894,1541,957565,1716700
2659,74,74,40820,1541,957639,1805700
2660,53,69,40767,1525,957708,1778100
2661,67,71,40700,1521,957779,1711400
2662,64,73,40636,1512,957852,1757400
2663,73,80,40563,1505,957932,1811800
2664,69,71,40494,1503,958003,1803000
2665,90,79,40404,1514,958082,1718100
2666,81,74,40323,1521,958156,1662200
2667,80,77,40243,1524,958233,1801200
2668,77,69,40166,1532,958302,1777900
2669,90,77,40076,1545,958379,1651800
2670,87,76,39989,1556,958455,1686800
2671,74,80,39915,1550,958535,1808200
2672,75,74,39840,1551,958609,1824300
2673,78,76,39762,1553,958685,1699500
2674,72,70,39690,1555,958755,1945900
2675,73,87,39617,1541,958842,1854400
2676,62,90,39555,1513,958932,1808300
2677,66,87,39489,1492,959019,1898200
2678,73,69,39416,1496,959088,1782900
2679,75,66,39341,1505,959154,1762200
2680,69,65,39272,1509,959219,1700600
2681,70,81,39202,1498,959300,1792800
2682,86,78,39116,1506,959378,1794900
2683,70,74,39046,1502,959452,1783600
2684,62,82,38984,1482,959534,1678000
2685,73,71,38911,1484,959605,1686300
2686,78,80,38833,1482,959685,1778900
2687,69,92,38764,1459,959777,1687900
2688,56,83,38708,1432,959860,1716600
2689,67,77,38641,1422,959937,1796100
2690,77,73,38564,1426,960010,1781600
2691,71,65,38493,1432,960075,1712700
2692,65,61,38428,1436,960136,1744900
2693,63,64,38365,1435,960200,1814700
2694,87,60,38278,1462,960260,1787700
2695,75,72,38203,1465,960332,1708400
2696,70,82,38133,1453,960414,1739600
2697,64,62,38069,1455,960476,1816800
2698,61,66,38008,1450,960542,1797900
2699,63,69,37945,1444,960611,1847400
2700,63,70,37882,1437,960681,1898300
2701,80,73,37802,1444,960754,1698800
2702,67,61,37735,1450,960815,1692800
2703,48,60,37687,1438,960875,1788900
2704,74,68,37613,1444,960943,1685300
2705,71,65,37542,1450,961008,1699000
2706,60,75,37482,1435,961083,1798100
2707,68,65,37414,1438,961148,1781200
2708,64,62,37350,1440,961210,1697100
2709,69,89,37281,1420,961299,1819400
2710,54,68,37227,1406,961367,1797000
2711,50,69,37177,1387,961436,1806500
2712,63,60,37114,1390,961496,1751200
2713,57,65,37057,1382,961561,1715700
2714,69,63,36988,1388,961624,1680500
2715,57,67,36931,1378,961691,1795400
2716,65,58,36866,1385,961749,1747900
2717,69,78,36797,1376,961827,1681100
2718,47,69,36750,1354,961896,2204400
2719,49,56,36701,1347,961952,1819000
2720,61,74,36640,1334,962026,1804000
2721,67,68,36573,1333,962094,1796200
2722,71,60,36502,1344,962154,1757800
2723,58,67,36444,1335,962221,1697900
2724,60,51,36384,1344,962272,1746000
2725,61,69,36323,1336,962341,1795500
2726,64,56,36259,1344,962397,1922500
2727,75,78,36184,1341,962475,1720700
2728,66,64,36118,1343,962539,1683900
2729,69,60,36049,1352,962599,1683100
2730,60,65,35989,1347,962664,1785200
2731,62,70,35927,1339,962734,1647400
2732,63,63,35864,1339,962797,1729700
2733,74,77,35790,1336,962874,1805300
2734,60,72,35730,1324,962946,1788500
2735,59,69,35671,1314,963015,1721800
2736,48,60,35623,1302,963075,1722700
2737,53,87,35570,1268,963162,1928200
2738,51,71,35519,1248,963233,1809300
2739,59,60,35460,1247,963293,1752400
2740,58,56,35402,1249,963349,1770100
2741,63,63,35339,1249,963412,1727600
2742,59,55,35280,1253,963467,1799200
2743,64,78,35216,1239,963545,1805100
2744,58,55,35158,1242,963600,1854400
2745,59,59,35099,1242,963659,1671200
2746,66,73,35033,1235,963732,1692300
2747,55,66,34978,1224,963798,1851000
2748,60,58,34918,1226,963856,1766000
2749,63,57,34855,1232,963913,1667000
2750,53,74,34802,1211,963987,1692500
2751,61,56,34741,1216,964043,1708200
2752,54,76,34687,1194,964119,1707900
2753,56,61,34631,1189,964180,1977900
2754,62,56,34569,1195,964236,1805900
2755,63,78,34506,1180,964314,1805000
2756,66,52,34440,1194,964366,1804500
2757,54,49,34386,1199,964415,1700500
2758,66,58,34320,1207,964473,1838400
2759,48,62,34272,1193,964535,1821700
2760,57,79,34215,1171,964614,1746900
2761,52,54,34163,1169,964668,2008600
2762,59,73,34104,1155,964741,1689200
2763,53,51,34051,1157,964792,1764400
2764,52,49,33999,1160,964841,1706900
2765,52,68,33947,1144,964909,1837700
2766,67,65,33880,1146,964974,1698500
2767,40,63,33840,1123,965037,1711100
2768,54,64,33786,1113,965101,1795400
2769,56,46,33730,1123,965147,1993500
2770,63,41,33667,1145,965188,2170300
2771,63,55,33604,1153,965243,2046500
2772,55,64,33549,1144,965307,1755300
2773,54,65,33495,1133,965372,1705700
2774,59,57,33436,1135,965429,1788800
2775,58,66,33378,1127,965495,1725700
2776,61,46,33317,1142,965541,1902600
2777,58,59,33259,1141,965600,1696200
2778,62,59,33197,1144,965659,1824500
2779,61,49,33136,1156,965708,1779200
2780,65,60,33071,1161,965768,1684400
2781,49,69,33022,1141,965837,1800800
2782,49,61,32973,1129,965898,1745700
2783,55,62,32918,1122,965960,1769400
2784,43,58,32875,1107,966018,1734400
2785,52,55,32823,1104,966073,1755800
2786,45,68,32778,1081,966141,1895700
2787,46,33,32732,1094,966174,2068800
2788,44,63,32688,1075,966237,1756000
2789,57,55,32631,1077,966292,1789000
2790,56,54,32575,1079,966346,1729400
2791,44,56,32531,1067,966402,1739100
2792,54,49,32477,1072,966451,1801000
2793,53,58,32424,1067,966509,1916100
2794,51,53,32373,1065,966562,1933600
2795,41,52,32332,1054,966614,1746300
2796,40,39,32292,1055,966653,1701200
2797,61,55,32231,1061,966708,1718400
2798,51,48,32180,1064,966756,1776600
2799,72,49,32108,1087,966805,1691500
2800,58,54,32050,1091,966859,1700700
2801,51,44,31999,1098,966903,1750800
2802,55,50,31944,1103,966953,1797500
2803,52,51,31892,1104,967004,1707600
2804,62,50,31830,1116,967054,1655200
2805,55,50,31775,1121,967104,1708100
2806,45,68,31730,1098,967172,1711700
2807,63,42,31667,1119,967214,1662500
2808,57,51,31610,1125,967265,1802800
2809,58,59,31552,1124,967324,1817000
2810,55,55,31497,1124,967379,1681900
2811,50,57,31447,1117,967436,1699600
2812,53,65,31394,1105,967501,1795800
2813,59,59,31335,1105,967560,1798600
2814,58,67,31277,1096,967627,1699000
2815,70,49,31207,1117,967676,1703800
2816,49,49,31158,1117,967725,1791800
2817,47,59,31111,1105,967784,1791100
2818,47,44,31064,1108,967828,1694300
2819,61,53,31003,1116,967881,1703200
2820,49,57,30954,1108,967938,1796100
2821,50,43,30904,1115,967981,1782400
2822,46,64,30858,1097,968045,1834000
2823,48,47,30810,1098,968092,1689500
2824,53,46,30757,1105,968138,1679100
2825,44,53,30713,1096,968191,1770800
2826,45,57,30668,1084,968248,1659400
2827,48,56,30620,1076,968304,1697700
2828,54,56,30566,1074,968360,1792200
2829,47,56,30519,1065,968416,1769500
2830,46,52,30473,1059,968468,1702400
2831,44,67,30429,1036,968535,1953900
2832,54,46,30375,1044,968581,1691000
2833,35,60,30340,1019,968641,1782400
2834,47,45,30293,1021,968686,1765200
2835,42,69,30251,994,968755,1905400
2836,38,52,30213,980,968807,1991200
2837,40,43,30173,977,968850,1778000
2838,33,46,30140,964,968896,1777700
2839,49,51,30091,962,968947,1819000
2840,44,42,30047,964,968989,1747100
2841,51,39,29996,976,969028,1740400
2842,41,51,29955,966,969079,1752400
2843,41,54,29914,953,969133,1738800
2844,56,53,29858,956,969186,1947900
2845,49,35,29809,970,969221,1753800
2846,56,48,29753,978,969269,1755800
2847,45,41,29708,982,969310,1752000
2848,47,53,29661,976,969363,1788300
2849,46,43,29615,979,969406,1873100
2850,46,53,29569,972,969459,1751800
2851,39,37,29530,974,969496,1737700
2852,52,52,29478,974,969548,1805900
2853,40,51,29438,963,969599,1803400
2854,36,49,29402,950,969648,1739100
2855,41,48,29361,943,969696,1761200
2856,41,35,29320,949,969731,1733600
2857,46,44,29274,951,969775,1922700
2858,37,49,29237,939,969824,1747200
2859,40,56,29197,923,969880,1739200
2860,46,39,29151,930,969919,1754600
2861,37,45,29114,922,969964,1728600
2862,46,40,29068,928,970004,1786500
2863,40,43,29028,925,970047,1729900
2864,37,35,28991,927,970082,1720800
2865,45,47,28946,925,970129,1667400
2866,42,37,28904,930,970166,1810200
2867,51,50,28853,931,970216,1710900
2868,46,55,28807,922,970271,1707000
2869,43,47,28764,918,970318,1815200
2870,35,42,28729,911,970360,1785900
2871,45,38,28684,918,970398,1710300
2872,44,47,28640,915,970445,1748800
2873,55,48,28585,922,970493,1810800
2874,37,31,28548,928,970524,1789800
2875,45,54,28503,919,970578,1836800
2876,52,45,28451,926,970623,1766500
2877,54,38,28397,942,970661,1774400
2878,48,41,28349,949,970702,1700100
2879,50,45,28299,954,970747,1760100
2880,52,40,28247,966,970787,1705100
2881,33,49,28214,950,970836,1699700
2882,44,38,28170,956,970874,1888800
2883,54,49,28116,961,970923,1807400
2884,49,60,28067,950,970983,1732300
2885,33,42,28034,941,971025,1670300
2886,51,45,27983,947,971070,1820300
2887,60,42,27923,965,971112,1803600
2888,45,43,27878,967,971155,1720800
2889,51,45,27827,973,971200,1677500
2890,45,39,27782,979,971239,1727800
2891,50,33,27732,996,971272,1787500
2892,43,43,27689,996,971315,1760300
2893,43,52,27646,987,971367,1788100
2894,44,71,27602,960,971438,1778400
2895,38,39,27564,959,971477,1833300
2896,45,65,27519,939,971542,1786400
2897,53,35,27466,957,971577,1788600
2898,56,48,27410,965,971625,1782900
2899,55,51,27355,969,971676,1978800
2900,43,47,27312,965,971723,2082900
2901,52,42,27260,975,971765,1801600
2902,47,55,27213,967,971820,1852100
2903,53,57,27160,963,971877,1793900
2904,40,40,27120,963,971917,1692400
2905,41,33,27079,971,971950,1694900
2906,51,48,27028,974,971998,1792900
2907,44,63,26984,955,972061,1802500
2908,56,42,26928,969,972103,1750900
2909,43,45,26885,967,972148,1779200
2910,60,52,26825,975,972200,1712500
2911,37,54,26788,958,972254,1808100
2912,51,48,26737,961,972302,1763300
2913,39,44,26698,956,972346,1699600
2914,40,35,26658,961,972381,1671400
2915,50,54,26608,957,972435,1816200
2916,44,51,26564,950,972486,1755000
2917,42,44,26522,948,972530,1681200
2918,47,45,26475,950,972575,1686100
2919,35,48,26440,937,972623,1797900
2920,49,39,26391,947,972662,1729400
2921,44,31,26347,960,972693,1719700
2922,49,48,26298,961,972741,1797400
2923,43,42,26255,962,972783,1694400
2924,49,49,26206,962,972832,1743400
2925,44,43,26162,963,972875,1710200
2926,48,44,26114,967,972919,1791800
2927,57,52,26057,972,972971,1831200
2928,50,48,26007,974,973019,1717900
2929,52,49,25955,977,973068,1698800
2930,48,45,25907,980,973113,1677000
2931,48,50,25859,978,973163,1766300
2932,51,41,25808,988,973204,1790900
2933,48,52,25760,984,973256,1677000
2934,52,47,25708,989,973303,1791200
2935,50,60,25658,979,973363,1785200
2936,42,47,25616,974,973410,1854200
2937,46,48,25570,972,973458,1703600
2938,50,44,25520,978,973502,1703400
2939,33,45,25487,966,973547,1776000
2940,42,39,25445,969,973586,1687900
2941,41,52,25404,958,973638,1698200
2942,37,54,25367,941,973692,1745600
2943,41,45,25326,937,973737,1759900
2944,48,45,25278,940,973782,1713100
2945,43,56,25235,927,973838,1698800
2946,48,34,25187,941,973872,1790700
2947,35,44,25152,932,973916,1755100
2948,37,45,25115,924,973961,1651000
2949,32,38,25083,918,973999,1878800
2950,47,44,25036,921,974043,1797400
2951,50,49,24986,922,974092,1812400
2952,42,38,24944,926,974130,1779300
2953,39,42,24905,923,974172,1713500
2954,35,39,24870,919,974211,1717800
2955,34,45,24836,908,974256,1753400
2956,34,53,24802,889,974309,1695900
2957,30,34,24772,885,974343,1751500
2958,37,36,24735,886,974379,1825700
2959,31,48,24704,869,974427,1825500
2960,36,40,24668,865,974467,1782600
2961,34,49,24634,850,974516,1725400
2962,37,40,24597,847,974556,1715100
2963,43,44,24554,846,974600,1692200
2964,40,42,24514,844,974642,1707300
2965,36,46,24478,834,974688,1678800
2966,40,33,24438,841,974721,1802200
2967,34,34,24404,841,974755,1778400
2968,41,35,24363,847,974790,1782100
2969,50,40,24313,857,974830,1742200
2970,50,36,24263,871,974866,1744200
2971,47,41,24216,877,974907,2283800
2972,47,44,24169,880,974951,1693700
2973,42,50,24127,872,975001,1789900
2974,48,42,24079,878,975043,1689000
2975,44,52,24035,870,975095,1696900
2976,55,49,23980,876,975144,1791300
2977,44,41,23936,879,975185,1782700
2978,45,45,23891,879,975230,1710800
2979,46,43,23845,882,975273,1680100
2980,55,44,23790,893,975317,1796300
2981,35,63,23755,865,975380,1782000
2982,38,46,23717,857,975426,1673600
2983,36,45,23681,848,975471,1744500
2984,28,22,23653,854,975493,1790700
2985,40,45,23613,849,975538,1777100
2986,30,44,23583,835,975582,1698700
2987,45,47,23538,833,975629,1700600
2988,39,36,23499,836,975665,1817200
2989,31,43,23468,824,975708,1715300
2990,37,40,23431,821,975748,1699800
2991,39,47,23392,813,975795,1740100
2992,43,48,23349,808,975843,2200700
2993,39,45,23310,802,975888,2123800
2994,32,40,23278,794,975928,1815200
2995,29,40,23249,783,975968,1684900
2996,46,43,23203,786,976011,1809500
2997,25,41,23178,770,976052,1765200
2998,27,37,23151,760,976089,1738400
2999,36,42,23115,754,976131,1810800
3000,32,32,23083,754,976163,1830400
3001,40,27,23043,767,976190,1752400
3002,25,41,23018,751,976231,1755500
3003,36,46,22982,741,976277,1756800
3004,30,45,22952,726,976322,1809800
3005,26,38,22926,714,976360,1815900
3006,26,45,22900,695,976405,1778800
3007,45,39,22855,701,976444,1800000
3008,32,45,22823,688,976489,1722400
3009,30,30,22793,688,976519,1806100
3010,25,38,22768,675,976557,1774800
3011,27,33,22741,669,976590,1786800
3012,23,31,22718,661,976621,1695100
3013,31,31,22687,661,976652,1787500
3014,26,33,22661,654,976685,1873500
3015,33,35,22628,652,976720,1764400
3016,26,29,22602,649,976749,1693100
3017,33,35,22569,647,976784,1706300
3018,24,31,22545,640,976815,1995000
3019,25,28,22520,637,976843,2223800
3020,18,35,22502,620,976878,1787000
3021,21,30,22481,611,976908,1806400
3022,24,35,22457,600,976943,1846100
3023,32,20,22425,612,976963,1710400
3024,28,29,22397,611,976992,1670000
3025,29,32,22368,608,977024,1789200
3026,35,30,22333,613,977054,1751600
3027,44,29,22289,628,977083,1671600
3028,44,36,22245,636,977119,1676100
3029,26,28,22219,634,977147,2299700
3030,36,31,22183,639,977178,1781700
3031,39,34,22144,644,977212,2078800
3032,27,34,22117,637,977246,1994800
3033,28,40,22089,625,977286,1818400
3034,27,26,22062,626,977312,1682900
3035,25,28,22037,623,977340,1711500
3036,38,29,21999,632,977369,1737000
3037,23,31,21976,624,977400,1794000
3038,38,26,21938,636,977426,1771000
3039,29,28,21909,637,977454,1696400
3040,40,33,21869,644,977487,1779000
3041,38,39,21831,643,977526,1738100
3042,34,25,21797,652,977551,1765200
3043,28,35,21769,645,977586,1741200
3044,36,40,21733,641,977626,1693400
3045,33,24,21700,650,977650,1827100
3046,31,33,21669,648,977683,1738400
3047,36,40,21633,644,977723,1773300
3048,35,37,21598,642,977760,1698400
3049,30,33,21568,639,977793,1835700
3050,38,30,21530,647,977823,1703700
3051,41,27,21489,661,977850,1702200
3052,32,29,21457,664,977879,1696200
3053,25,35,21432,654,977914,1801600
3054,34,29,21398,659,977943,1786700
3055,35,33,21363,661,977976,1710200
3056,30,36,21333,655,978012,1700700
3057,47,40,21286,662,978052,1805000
3058,37,33,21249,666,978085,2166000
3059,25,25,21224,666,978110,1814300
3060,40,36,21184,670,978146,1787200
3061,39,33,21145,676,978179,1727400
3062,37,25,21108,688,978204,1734800
3063,36,27,21072,697,978231,1815200
3064,38,28,21034,707,978259,1786000
3065,32,37,21002,702,978296,1707000
3066,28,32,20974,698,978328,1752600
3067,38,37,20936,699,978365,1710700
3068,34,31,20902,702,978396,1782700
3069,45,28,20857,719,978424,2042700
3070,44,38,20813,725,978462,1727700
3071,28,43,20785,710,978505,1748100
3072,34,24,20751,720,978529,1737800
3073,38,39,20713,719,978568,1722800
3074,29,47,20684,701,978615,1759500
3075,54,26,20630,729,978641,1734400
3076,32,37,20598,724,978678,1782700
3077,31,35,20567,720,978713,1805400
3078,29,36,20538,713,978749,1813500
3079,29,37,20509,705,978786,1720500
3080,24,30,20485,699,978816,1703800
3081,36,40,20449,695,978856,1706400
3082,28,39,20421,684,978895,1790000
3083,21,31,20400,674,978926,1716400
3084,35,29,20365,680,978955,1958800
3085,27,32,20338,675,978987,1804100
3086,32,38,20306,669,979025,1801900
3087,29,25,20277,673,979050,1773600
3088,29,26,20248,676,979076,1743800
3089,31,38,20217,669,979114,1716000
3090,26,34,20191,661,979148,1735800
3091,25,39,20166,647,979187,1743600
3092,25,29,20141,643,979216,1759200
3093,31,32,20110,642,979248,1717100
3094,27,36,20083,633,979284,1814300
3095,29,13,20054,649,979297,1862200
3096,15,30,20039,634,979327,1743500
3097,26,27,20013,633,979354,1693300
3098,35,29,19978,639,979383,1705400
3099,25,25,19953,639,979408,1935800
3100,35,36,19918,638,979444,1724000
3101,23,29,19895,632,979473,1931400
3102,29,40,19866,621,979513,1748800
3103,24,30,19842,615,979543,1712600
3104,22,23,19820,614,979566,1782600
3105,20,27,19800,607,979593,1724300
3106,19,27,19781,599,979620,1725500
3107,26,28,19755,597,979648,1810800
3108,27,28,19728,596,979676,1810200
3109,37,20,19691,613,979696,1769900
3110,29,29,19662,613,979725,1803400
3111,34,23,19628,624,979748,2175400
3112,26,35,19602,615,979783,1797500
3113,17,32,19585,600,979815,1722600
3114,25,38,19560,587,979853,1822900
3115,29,25,19531,591,979878,1740800
3116,23,38,19508,576,979916,1738700
3117,28,34,19480,570,979950,1744900
3118,27,29,19453,568,979979,1832600
3119,26,34,19427,560,980013,1865700
3120,21,28,19406,553,980041,2061200
3121,17,29,19389,541,980070,1785000
3122,34,30,19355,545,980100,1810000
3123,16,31,19339,530,980131,1968400
3124,15,35,19324,510,980166,1711600
3125,21,27,19303,504,980193,1898700
3126,23,22,19280,505,980215,1833400
3127,23,28,19257,500,980243,1728000
3128,21,23,19236,498,980266,1752000
3129,28,29,19208,497,980295,1773100
3130,31,32,19177,496,980327,1797100
3131,15,22,19162,489,980349,1806200
3132,26,20,19136,495,980369,1770900
3133,29,23,19107,501,980392,1706500
3134,17,23,19090,495,980415,1710300
3135,22,30,19068,487,980445,2040300
3136,29,25,19039,491,980470,1797600
3137,17,27,19022,481,980497,1776300
3138,18,29,19004,470,980526,1679800
3139,20,20,18984,470,980546,1704800
3140,25,21,18959,474,980567,1786700
3141,25,23,18934,476,980590,1782600
3142,19,27,18915,468,980617,1917800
3143,25,20,18890,473,980637,1713600
3144,27,22,18863,478,980659,1674500
3145,20,24,18843,474,980683,1732700
3146,25,19,18818,480,980702,1787000
3147,26,17,18792,489,980719,1656600
3148,25,24,18767,490,980743,1689000
3149,24,26,18743,488,980769,1765200
3150,24,22,18719,490,980791,1702700
3151,31,19,18688,502,980810,2037100
3152,17,25,18671,494,980835,1690500
3153,24,26,18647,492,980861,1786000
3154,22,18,18625,496,980879,1739500
3155,24,26,18601,494,980905,1739500
3156,25,17,18576,502,980922,1709000
3157,22,24,18554,500,980946,1789800
3158,30,28,18524,502,980974,1767800
3159,24,36,18500,490,981010,1697000
3160,20,20,18480,490,981030,1650700
3161,27,23,18453,494,981053,1852400
3162,23,32,18430,485,981085,1907600
3163,19,34,18411,470,981119,1854900
3164,29,18,18382,481,981137,1758500
3165,26,33,18356,474,981170,1737100
3166,22,21,18334,475,981191,1752500
3167,27,17,18307,485,981208,1907400
3168,24,22,18283,487,981230,1761500
3169,22,27,18261,482,981257,1788200
3170,25,20,18236,487,981277,1816800
3171,26,38,18210,475,981315,1746800
3172,25,24,18185,476,981339,1773500
3173,17,23,18168,470,981362,1769500
3174,27,22,18141,475,981384,1803800
3175,16,26,18125,465,981410,1891100
3176,22,21,18103,466,981431,1864500
3177,31,30,18072,467,981461,1825500
3178,23,12,18049,478,981473,1740100
3179,29,21,18020,486,981494,1717400
3180,21,22,17999,485,981516,1714400
3181,29,25,17970,489,981541,1810000
3182,24,22,17946,491,981563,1799700
3183,21,28,17925,484,981591,1678600
3184,22,24,17903,482,981615,1702300
3185,22,20,17881,484,981635,1803900
3186,19,29,17862,474,981664,1768500
3187,22,22,17840,474,981686,1730900
3188,23,26,17817,471,981712,1832400
3189,24,25,17793,470,981737,1790900
3190,19,29,17774,460,981766,1914200
3191,14,24,17760,450,981790,2053000
3192,16,29,17744,437,981819,1786700
3193,18,21,17726,434,981840,1700000
3194,21,22,17705,433,981862,1721500
3195,19,26,17686,426,981888,1793600
3196,14,19,17672,421,981907,1809100
3197,16,14,17656,423,981921,1740400
3198,8,24,17648,407,981945,1677600
3199,18,26,17630,399,981971,1696500
3200,13,18,17617,394,981989,1780200
3201,24,10,17593,408,981999,1700000
3202,18,16,17575,410,982015,1704100
3203,19,25,17556,404,982040,1785800
3204,14,29,17542,389,982069,1770700
3205,13,24,17529,378,982093,1811800
3206,14,17,17515,375,982110,1747500
3207,18,17,17497,376,982127,1790100
3208,17,16,17480,377,982143,1856700
3209,16,20,17464,373,982163,1792800
3210,25,17,17439,381,982180,1699600
3211,12,19,17427,374,982199,1675600
3212,11,25,17416,360,982224,1738300
3213,15,22,17401,353,982246,1759100
3214,14,20,17387,347,982266,1722700
3215,18,17,17369,348,982283,1717100
3216,15,26,17354,337,982309,1800400
3217,12,19,17342,330,982328,1737100
3218,17,19,17325,328,982347,1697900
3219,14,15,17311,327,982362,1727000
3220,12,20,17299,319,982382,1770800
3221,14,19,17285,314,982401,1784400
3222,11,10,17274,315,982411,1751900
3223,14,21,17260,308,982432,1695100
3224,19,15,17241,312,982447,1790200
3225,15,16,17226,311,982463,1743400
3226,15,18,17211,308,982481,1772400
3227,17,17,17194,308,982498,1675600
3228,21,11,17173,318,982509,1695500
3229,18,15,17155,321,982524,1673900
3230,12,14,17143,319,982538,1698000
3231,19,20,17124,318,982558,1903000
3232,20,13,17104,325,982571,1895200
3233,20,18,17084,327,982589,1769300
3234,20,14,17064,333,982603,1698000
3235,13,19,17051,327,982622,1716900
3236,15,17,17036,325,982639,1791900
3237,21,12,17015,334,982651,1760100
3238,15,20,17000,329,982671,1697000
3239,25,22,16975,332,982693,1712200
3240,20,21,16955,331,982714,1814400
3241,22,16,16933,337,982730,1718400
3242,21,21,16912,337,982751,1652800
3243,19,11,16893,345,982762,1669400
3244,20,14,16873,351,982776,1779600
3245,21,15,16852,357,982791,1672900
3246,22,15,16830,364,982806,1791600
3247,23,18,16807,369,982824,1789900
3248,20,18,16787,371,982842,1793500
3249,17,17,16770,371,982859,1700700
3250,21,24,16749,368,982883,1717300
3251,20,15,16729,373,982898,1798400
3252,15,18,16714,370,982916,1749400
3253,21,16,16693,375,982932,1692800
3254,20,18,16673,377,982950,1695500
3255,17,15,16656,379,982965,1787400
3256,17,21,16639,375,982986,1756300
3257,21,13,16618,383,982999,1898800
3258,15,19,16603,379,983018,1811800
3259,22,19,16581,382,983037,1721800
3260,22,23,16559,381,983060,1695800
3261,13,23,16546,371,983083,1666200
3262,18,17,16528,372,983100,1701300
3263,18,16,16510,374,983116,1790900
3264,22,17,16488,379,983133,1678200
3265,17,16,16471,380,983149,1700500
3266,24,30,16447,374,983179,1698200
3267,14,18,16433,370,983197,1994100
3268,13,20,16420,363,983217,1712200
3269,10,16,16410,357,983233,1770500
3270,17,20,16393,354,983253,1702800
3271,19,17,16374,356,983270,1703100
3272,23,15,16351,364,983285,1782100
3273,11,14,16340,361,983299,1703000
3274,11,23,16329,349,983322,1676100
3275,2,15,16327,336,983337,1791400
3276,15,17,16312,334,983354,1782600
3277,19,20,16293,333,983374,1683700
3278,18,11,16275,340,983385,1696100
3279,13,15,16262,338,983400,1787200
3280,12,16,16250,334,983416,1754500
3281,13,20,16237,327,983436,1710600
3282,14,12,16223,329,983448,1718200
3283,15,17,16208,327,983465,1788700
3284,17,23,16191,321,983488,1744200
3285,15,16,16176,320,983504,1720400
3286,19,18,16157,321,983522,1709300
3287,15,18,16142,318,983540,1782800
3288,10,12,16132,316,983552,1699100
3289,18,17,16114,317,983569,1662200
3290,10,14,16104,313,983583,1787000
3291,12,20,16092,305,983603,1789100
3292,9,10,16083,304,983613,1674500
3293,14,7,16069,311,983620,1675600
3294,11,13,16058,309,983633,1802800
3295,9,18,16049,300,983651,1717900
3296,14,18,16035,296,983669,1718700
3297,9,15,16026,290,983684,1704200
3298,11,16,16015,285,983700,1714900
3299,11,13,16004,283,983713,1699300
3300,11,15,15993,279,983728,1677500
3301,11,21,15982,269,983749,1935200
3302,11,11,15971,269,983760,2016800
3303,12,16,15959,265,983776,1745700
3304,8,14,15951,259,983790,1739800
3305,12,12,15939,259,983802,1671300
3306,17,15,15922,261,983817,1672500
3307,13,8,15909,266,983825,1784800
3308,17,11,15892,272,983836,1698800
3309,18,14,15874,276,983850,1759900
3310,16,10,15858,282,983860,1733300
3311,10,15,15848,277,983875,1760300
3312,10,8,15838,279,983883,1769700
3313,17,15,15821,281,983898,1703300
3314,12,14,15809,279,983912,1794900
3315,6,16,15803,269,983928,1749900
3316,9,15,15794,263,983943,1706700
3317,9,10,15785,262,983953,1715500
3318,5,12,15780,255,983965,1753100
3319,8,11,15772,252,983976,1771800
3320,9,11,15763,250,983987,1718100
3321,7,20,15756,237,984007,1682900
3322,7,13,15749,231,984020,1794200
3323,5,15,15744,221,984035,1787400
3324,8,15,15736,214,984050,1675100
3325,7,9,15729,212,984059,1705600
3326,7,7,15722,212,984066,1782000
3327,9,6,15713,215,984072,1736800
3328,6,19,15707,202,984091,1740800
3329,4,11,15703,195,984102,1711200
3330,4,9,15699,190,984111,1687400
3331,6,4,15693,192,984115,1679500
3332,6,8,15687,190,984123,1699800
3333,9,7,15678,192,984130,1990300
3334,9,13,15669,188,984143,1763800
3335,7,8,15662,187,984151,2066600
3336,7,14,15655,180,984165,1713200
3337,10,13,15645,177,984178,1799900
3338,11,10,15634,178,984188,1817900
3339,4,8,15630,174,984196,1703500
3340,5,13,15625,166,984209,1789400
3341,13,15,15612,164,984224,1746200
3342,12,6,15600,170,984230,1713000
3343,7,8,15593,169,984238,1701000
3344,4,10,15589,163,984248,1774600
3345,7,13,15582,157,984261,1877000
3346,7,12,15575,152,984273,1699400
3347,14,10,15561,156,984283,2012100
3348,12,6,15549,162,984289,1797500
3349,9,3,15540,168,984292,1794500
3350,10,10,15530,168,984302,1965100
3351,5,7,15525,166,984309,2050500
3352,7,10,15518,163,984319,1763700
3353,5,7,15513,161,984326,1696500
3354,5,7,15508,159,984333,1720400
3355,9,8,15499,160,984341,1804700
3356,6,10,15493,156,984351,1676800
3357,5,6,15488,155,984357,1694100
3358,9,11,15479,153,984368,1696300
3359,5,5,15474,153,984373,1804000
3360,9,11,15465,151,984384,1680400
3361,10,8,15455,153,984392,1750900
3362,2,10,15453,145,984402,2029100
3363,3,6,15450,142,984408,1737100
3364,6,4,15444,144,984412,1808300
3365,7,5,15437,146,984417,1722500
3366,2,7,15435,141,984424,1696600
3367,6,8,15429,139,984432,1677200
3368,8,6,15421,141,984438,1774700
3369,3,9,15418,135,984447,1665600
3370,5,8,15413,132,984455,1678300
3371,6,8,15407,130,984463,1717900
3372,1,5,15406,126,984468,1716600
3373,5,9,15401,122,984477,1762900
3374,5,3,15396,124,984480,1717300
3375,5,9,15391,120,984489,1742900
3376,9,7,15382,122,984496,1699400
3377,8,5,15374,125,984501,1721800
3378,4,6,15370,123,984507,1786200
3379,7,5,15363,125,984512,1778000
3380,8,6,15355,127,984518,1693500
3381,7,4,15348,130,984522,1657300
3382,6,8,15342,128,984530,1794100
3383,7,4,15335,131,984534,1810400
3384,7,3,15328,135,984537,1678700
3385,3,7,15325,131,984544,1676300
3386,10,9,15315,132,984553,1786900
3387,3,4,15312,131,984557,1758700
3388,3,5,15309,129,984562,1694300
3389,6,4,15303,131,984566,1762400
3390,4,7,15299,128,984573,1790400
3391,4,3,15295,129,984576,1777600
3392,10,6,15285,133,984582,2012400
3393,7,10,15278,130,984592,1733600
3394,4,5,15274,129,984597,1781400
3395,2,6,15272,125,984603,1739600
3396,2,5,15270,122,984608,1778300
3397,4,8,15266,118,984616,1696400
3398,4,8,15262,114,984624,1673000
3399,4,5,15258,113,984629,1912700
3400,8,3,15250,118,984632,1769900
3401,6,2,15244,122,984634,1777300
3402,5,12,15239,115,984646,1830200
3403,6,5,15233,116,984651,1756600
3404,3,7,15230,112,984658,1795800
3405,5,6,15225,111,984664,1774300
3406,8,1,15217,118,984665,1781800
3407,6,10,15211,114,984675,1754100
3408,6,2,15205,118,984677,1944900
3409,5,9,15200,114,984686,1820800
3410,3,6,15197,111,984692,1853900
3411,5,3,15192,113,984695,1905200
3412,4,10,15188,107,984705,1800600
3413,5,5,15183,107,984710,1963700
3414,3,3,15180,107,984713,1954300
3415,7,4,15173,110,984717,1950200
3416,6,5,15167,111,984722,1953000
3417,6,3,15161,114,984725,1810600
3418,4,4,15157,114,984729,1779500
3419,3,1,15154,116,984730,1802800
3420,4,5,15150,115,984735,1764000
3421,5,7,15145,113,984742,1728900
3422,5,4,15140,114,984746,1736400
3423,3,6,15137,111,984752,1798100
3424,6,3,15131,114,984755,1770400
3425,2,5,15129,111,984760,1732000
3426,2,7,15127,106,984767,1746500
3427,3,4,15124,105,984771,1770900
3428,5,6,15119,104,984777,1781800
3429,4,13,15115,95,984790,1952500
3430,1,9,15114,87,984799,1740300
3431,0,4,15114,83,984803,1751000
3432,4,3,15110,84,984806,1751300
3433,0,1,15110,83,984807,1752400
3434,5,4,15105,84,984811,1708100
3435,4,5,15101,83,984816,1702600
3436,4,2,15097,85,984818,1789300
3437,6,3,15091,88,984821,1767600
3438,5,1,15086,92,984822,1777200
3439,6,4,15080,94,984826,1700200
3440,2,2,15078,94,984828,1792900
3441,2,4,15076,92,984832,1793200
3442,3,7,15073,88,984839,1699100
3443,1,8,15072,81,984847,1754600
3444,3,3,15069,81,984850,1773900
3445,1,6,15068,76,984856,1780300
3446,4,1,15064,79,984857,1770700
3447,3,2,15061,80,984859,1684100
3448,3,2,15058,81,984861,1755900
3449,6,5,15052,82,984866,1775600
3450,3,5,15049,80,984871,1700700
3451,1,1,15048,80,984872,1702900
3452,2,4,15046,78,984876,1800300
3453,5,4,15041,79,984880,1795600
3454,2,3,15039,78,984883,1685100
3455,0,5,15039,73,984888,1939500
3456,3,2,15036,74,984890,1789100
3457,0,3,15036,71,984893,1781500
3458,1,3,15035,69,984896,1730300
3459,2,2,15033,69,984898,1692800
3460,2,4,15031,67,984902,1682200
3461,1,3,15030,65,984905,1759300
3462,0,3,15030,62,984908,1763300
3463,1,3,15029,60,984911,1752600
3464,1,4,15028,57,984915,1749600
3465,0,2,15028,55,984917,1802100
3466,1,4,15027,52,984921,1785700
3467,1,1,15026,52,984922,1768500
3468,0,1,15026,51,984923,1762700
3469,0,1,15026,50,984924,1773500
3470,0,2,15026,48,984926,1777200
3471,0,3,15026,45,984929,1751800
3472,0,1,15026,44,984930,1746900
3473,0,2,15026,42,984932,1711300
3474,0,1,15026,41,984933,1783500
3475,0,1,15026,40,984934,1747400
3476,0,4,15026,36,984938,1669800
3477,0,1,15026,35,984939,1679800
3478,0,4,15026,31,984943,1807000
3479,0,0,15026,31,984943,1680000
3480,0,2,15026,29,984945,1696900
3481,0,2,15026,27,984947,1789100
3482,0,1,15026,26,984948,1765300
3483,0,1,15026,25,984949,1813500
3484,0,3,15026,22,984952,1710200
3485,0,1,15026,21,984953,1797500
3486,0,0,15026,21,984953,1805700
3487,0,0,15026,21,984953,1755300
3488,0,1,15026,20,984954,1711700
3489,0,1,15026,19,984955,1676700
3490,0,4,15026,15,984959,1677800
3491,0,0,15026,15,984959,1696100
3492,0,0,15026,15,984959,1671000
3493,1,1,15025,15,984960,1771000
3494,0,2,15025,13,984962,1771000
3495,0,3,15025,10,984965,1737300
3496,0,2,15025,8,984967,1800000
3497,0,1,15025,7,984968,1681700
3498,0,0,15025,7,984968,1682500
3499,0,0,15025,7,984968,1703200
3500,0,0,15025,7,984968,1679600
3501,0,1,15025,6,984969,1760000
3502,0,0,15025,6,984969,1695700
3503,0,0,15025,6,984969,1670500
3504,0,1,15025,5,984970,1766700
3505,0,0,15025,5,984970,1697200
3506,0,0,15025,5,984970,1656700
3507,0,0,15025,5,984970,1826600
3508,0,0,15025,5,984970,1782900
3509,0,0,15025,5,984970,1656800
3510,0,0,15025,5,984970,1670700
3511,0,0,15025,5,984970,1785500
3512,0,0,15025,5,984970,1746900
3513,0,0,15025,5,984970,1700900
3514,0,0,15025,5,984970,1695600
3515,0,0,15025,5,984970,1918600
3516,0,0,15025,5,984970,2065100
3517,0,0,15025,5,984970,1761900
3518,0,0,15025,5,984970,1703900
3519,0,1,15025,4,984971,1696900
3520,0,0,15025,4,984971,1794300
3521,0,0,15025,4,984971,1785400
3522,0,0,15025,4,984971,1704900
3523,0,2,15025,2,984973,1688600
3524,0,0,15025,2,984973,1752500
3525,0,0,15025,2,984973,1711700
3526,0,0,15025,2,984973,1675500
3527,0,0,15025,2,984973,1708600
3528,0,0,15025,2,984973,1780500
3529,0,0,15025,2,984973,1695400
3530,0,0,15025,2,984973,1698100
3531,0,0,15025,2,984973,1786600
3532,0,0,15025,2,984973,1968200
3533,0,0,15025,2,984973,1745100
3534,0,0,15025,2,984973,1651200
3535,0,1,15025,1,984974,1673200
3536,0,0,15025,1,984974,1777900
3537,0,0,15025,1,984974,1764900
3538,0,0,15025,1,984974,1672900
3539,0,0,15025,1,984974,1672300
3540,0,0,15025,1,984974,1773900
3541,0,0,15025,1,984974,1738400
3542,0,0,15025,1,984974,1703200
3543,0,0,15025,1,984974,1790300
3544,0,0,15025,1,984974,2262400
3545,0,0,15025,1,984974,2176800
3546,0,0,15025,1,984974,1784300
3547,0,0,15025,1,984974,1786000
3548,0,0,15025,1,984974,1790000
3549,0,0,15025,1,984974,1712100
3550,0,0,15025,1,984974,1705200
3551,0,0,15025,1,984974,1786000
3552,0,0,15025,1,984974,1787100
3553,0,0,15025,1,984974,1712000
3554,0,0,15025,1,984974,1672700
3555,0,0,15025,1,984974,1800100
3556,0,0,15025,1,984974,1766200
3557,0,0,15025,1,984974,1680300
3558,0,0,15025,1,984974,1727900
3559,0,0,15025,1,984974,1717800
3560,0,0,15025,1,984974,1743100
3561,0,0,15025,1,984974,1709600
3562,0,0,15025,1,984974,1708700
3563,0,0,15025,1,984974,1722400
3564,0,0,15025,1,984974,1699700
3565,0,0,15025,1,984974,1699400
3566,0,0,15025,1,984974,1790400
3567,0,0,15025,1,984974,1783900
3568,0,1,15025,0,984975,1824600
