Tick,NewlyInfected,NewlyRecovered,TotalSusceptible,TotalInfected,TotalRecovered,StepTimeNanos
0,3,0,999992,8,0,2217200
1,1,0,999991,9,0,1844400
2,3,0,999988,12,0,1786800
3,1,2,999987,11,2,1904400
4,2,1,999985,12,3,1786400
5,5,1,999980,16,4,1782500
6,2,1,999978,17,5,1756500
7,7,2,999971,22,7,1719800
8,5,2,999966,25,9,1722300
9,3,1,999963,27,10,1789700
10,5,2,999958,30,12,1719100
11,2,1,999956,31,13,1705300
12,5,3,999951,33,16,1984500
13,2,3,999949,32,19,1798400
14,5,1,999944,36,20,1711400
15,6,1,999938,41,21,1893400
16,6,1,999932,46,22,1722000
17,4,2,999928,48,24,1789300
18,7,3,999921,52,27,1792400
19,9,3,999912,58,30,1791300
20,10,4,999902,64,34,1796900
21,10,4,999892,70,38,1709600
22,12,2,999880,80,40,1680400
23,7,5,999873,82,45,1833200
24,7,0,999866,89,45,1836400
25,12,7,999854,94,52,1890900
26,10,6,999844,98,58,2378500
27,16,3,999828,111,61,1875900
28,11,4,999817,118,65,1872600
29,10,4,999807,124,69,1877600
30,10,6,999797,128,75,2021800
31,10,3,999787,135,78,1937300
32,17,10,999770,142,88,1937400
33,7,7,999763,142,95,1780200
34,9,9,999754,142,104,1819400
35,13,5,999741,150,109,1723800
36,13,5,999728,158,114,1762500
37,16,10,999712,164,124,1769100
38,15,10,999697,169,134,1857700
39,15,9,999682,175,143,1934500
40,19,13,999663,181,156,1773800
41,31,8,999632,204,164,1771000
42,19,14,999613,209,178,1734900
43,19,8,999594,220,186,1694000
44,20,10,999574,230,196,1685400
45,18,10,999556,238,206,1724800
46,18,16,999538,240,222,1723200
47,21,13,999517,248,235,1688100
48,19,14,999498,253,249,1807800
49,15,12,999483,256,261,1945000
50,15,13,999468,258,274,1801000
51,17,18,999451,257,292,1826500
52,20,16,999431,261,308,1827400
53,24,15,999407,270,323,1804100
54,19,11,999388,278,334,1756000
55,20,13,999368,285,347,1729600
56,15,15,999353,285,362,1908300
57,21,16,999332,290,378,1743200
58,22,17,999310,295,395,1696100
59,14,14,999296,295,409,1720600
60,12,18,999284,289,427,1663800
61,23,11,999261,301,438,1786400
62,21,16,999240,306,454,1934100
63,26,15,999214,317,469,1695800
64,19,13,999195,323,482,1793700
65,27,18,999168,332,500,1788200
66,15,13,999153,334,513,1779200
67,22,22,999131,334,535,1771500
68,24,17,999107,341,552,1743200
69,31,13,999076,359,565,1699300
70,22,22,999054,359,587,1700800
71,30,15,999024,374,602,1680200
72,23,15,999001,382,617,1707600
73,28,24,998973,386,641,1790200
74,34,21,998939,399,662,1791900
75,23,22,998916,400,684,1810300
76,21,19,998895,402,703,1700600
77,29,23,998866,408,726,1742700
78,29,19,998837,418,745,1707300
79,26,21,998811,423,766,1718100
80,27,19,998784,431,785,1704000
81,32,21,998752,442,806,1687700
82,33,21,998719,454,827,1795600
83,35,20,998684,469,847,1707900
84,33,30,998651,472,877,1780900
85,39,25,998612,486,902,1762800
86,26,25,998586,487,927,1766100
87,24,21,998562,490,948,1872900
88,33,20,998529,503,968,1657500
89,32,19,998497,516,987,1665800
90,33,19,998464,530,1006,1792000
91,40,26,998424,544,1032,1790200
92,42,19,998382,567,1051,1714700
93,41,34,998341,574,1085,1722700
94,33,45,998308,562,1130,1872700
95,32,28,998276,566,1158,1762300
96,35,31,998241,570,1189,1802000
97,27,28,998214,569,1217,1745500
98,43,19,998171,593,1236,1997100
99,39,34,998132,598,1270,1744000
100,41,18,998091,621,1288,1697300
101,31,31,998060,621,1319,1747800
102,37,33,998023,625,1352,1737900
103,50,38,997973,637,1390,1944100
104,48,25,997925,660,1415,1938900
105,45,37,997880,668,1452,1768800
106,54,43,997826,679,1495,1751500
107,41,26,997785,694,1521,1828800
108,43,33,997742,704,1554,1727300
109,55,36,997687,723,1590,1760700
110,56,33,997631,746,1623,2043800
111,50,37,997581,759,1660,1903700
112,48,37,997533,770,1697,1792800
113,65,37,997468,798,1734,1748400
114,46,45,997422,799,1779,1751300
115,52,40,997370,811,1819,1733200
116,49,38,997321,822,1857,1849500
117,71,44,997250,849,1901,1855400
118,63,32,997187,880,1933,1753300
119,62,44,997125,898,1977,1745900
120,58,49,997067,907,2026,1756800
121,51,42,997016,916,2068,1726300
122,60,44,996956,932,2112,1769600
123,69,38,996887,963,2150,1770500
124,71,51,996816,983,2201,1773900
125,64,59,996752,988,2260,1721100
126,60,50,996692,998,2310,1773300
127,56,56,996636,998,2366,2013900
128,62,48,996574,1012,2414,2206700
129,49,47,996525,1014,2461,1740700
130,52,48,996473,1018,2509,1729500
131,65,59,996408,1024,2568,1839600
132,54,59,996354,1019,2627,1991900
133,65,47,996289,1037,2674,1708400
134,78,59,996211,1056,2733,1951400
135,55,52,996156,1059,2785,1768300
136,62,46,996094,1075,2831,1970500
137,66,56,996028,1085,2887,1869900
138,66,49,995962,1102,2936,1812900
139,78,57,995884,1123,2993,1840800
140,66,48,995818,1141,3041,1718100
141,59,69,995759,1131,3110,1735600
142,90,62,995669,1159,3172,1943800
143,72,58,995597,1173,3230,1735400
144,69,56,995528,1186,3286,1827300
145,84,69,995444,1201,3355,1841500
146,82,73,995362,1210,3428,1773200
147,59,69,995303,1200,3497,1911400
148,74,61,995229,1213,3558,1776200
149,67,66,995162,1214,3624,1743000
150,83,61,995079,1236,3685,1718400
151,71,49,995008,1258,3734,1733000
152,70,63,994938,1265,3797,1730800
153,80,62,994858,1283,3859,1719000
154,86,44,994772,1325,3903,1726900
155,75,60,994697,1340,3963,1805500
156,69,58,994628,1351,4021,1805100
157,95,75,994533,1371,4096,1717200
158,62,63,994471,1370,4159,1701800
159,78,66,994393,1382,4225,1775900
160,77,78,994316,1381,4303,1733000
161,82,69,994234,1394,4372,1673500
162,77,70,994157,1401,4442,1669500
163,74,70,994083,1405,4512,1814700
164,73,84,994010,1394,4596,1798600
165,80,82,993930,1392,4678,1800000
166,85,67,993845,1410,4745,1819800
167,83,82,993762,1411,4827,1819200
168,76,65,993686,1422,4892,1807700
169,63,72,993623,1413,4964,1777500
170,74,73,993549,1414,5037,2292100
171,75,68,993474,1421,5105,1755400
172,75,68,993399,1428,5173,1819900
173,76,53,993323,1451,5226,1743200
174,81,83,993242,1449,5309,1741200
175,77,65,993165,1461,5374,1793700
176,84,59,993081,1486,5433,1705800
177,74,77,993007,1483,5510,1703400
178,79,83,992928,1479,5593,1697400
179,88,58,992840,1509,5651,1798200
180,93,91,992747,1511,5742,1812600
181,74,76,992673,1509,5818,1806200
182,82,92,992591,1499,5910,1843900
183,92,73,992499,1518,5983,1706100
184,100,77,992399,1541,6060,1687200
185,75,79,992324,1537,6139,1721900
186,92,63,992232,1566,6202,1737600
187,95,82,992137,1579,6284,1712900
188,115,86,992022,1608,6370,1686000
189,88,63,991934,1633,6433,1691000
190,84,95,991850,1622,6528,1862100
191,92,80,991758,1634,6608,1838500
192,86,60,991672,1660,6668,1833400
193,93,89,991579,1664,6757,1832300
194,85,86,991494,1663,6843,1830300
195,92,80,991402,1675,6923,1700900
196,89,89,991313,1675,7012,1853400
197,90,69,991223,1696,7081,1802400
198,99,89,991124,1706,7170,1703700
199,89,98,991035,1697,7268,1685400
200,93,75,990942,1715,7343,1763200
201,113,85,990829,1743,7428,1810000
202,90,78,990739,1755,7506,1803200
203,113,79,990626,1789,7585,1806400
204,107,81,990519,1815,7666,1785200
205,101,97,990418,1819,7763,1924600
206,106,90,990312,1835,7853,2062400
207,97,102,990215,1830,7955,1820000
208,97,103,990118,1824,8058,1808300
209,96,92,990022,1828,8150,1789800
210,90,79,989932,1839,8229,1798300
211,89,97,989843,1831,8326,1813500
212,101,102,989742,1830,8428,1701100
213,103,83,989639,1850,8511,1698200
214,103,82,989536,1871,8593,1640900
215,98,88,989438,1881,8681,2033200
216,105,104,989333,1882,8785,1767600
217,93,98,989240,1877,8883,1988000
218,109,77,989131,1909,8960,1839300
219,105,81,989026,1933,9041,1825800
220,87,95,988939,1925,9136,1843500
221,106,105,988833,1926,9241,1877900
222,96,99,988737,1923,9340,1823600
223,92,92,988645,1923,9432,1730400
224,113,77,988532,1959,9509,1816900
225,82,92,988450,1949,9601,1803800
226,108,117,988342,1940,9718,1739200
227,113,98,988229,1955,9816,1713400
228,119,96,988110,1978,9912,1708300
229,108,99,988002,1987,10011,1675900
230,109,94,987893,2002,10105,1812400
231,110,103,987783,2009,10208,1925500
232,103,101,987680,2011,10309,1786000
233,91,97,987589,2005,10406,1814400
234,114,112,987475,2007,10518,1822300
235,133,104,987342,2036,10622,1807100
236,124,114,987218,2046,10736,1741000
237,148,107,987070,2087,10843,1897500
238,132,100,986938,2119,10943,1712800
239,117,112,986821,2124,11055,1773300
240,118,92,986703,2150,11147,1726900
241,129,101,986574,2178,11248,1704500
242,119,104,986455,2193,11352,1714600
243,119,116,986336,2196,11468,2032800
244,107,107,986229,2196,11575,1711500
245,121,98,986108,2219,11673,1823200
246,115,122,985993,2212,11795,1820100
247,130,122,985863,2220,11917,1874900
248,98,109,985765,2209,12026,1784100
249,121,115,985644,2215,12141,1770100
250,121,92,985523,2244,12233,1798200
251,115,102,985408,2257,12335,1795800
252,134,104,985274,2287,12439,1903700
253,135,103,985139,2319,12542,1782800
254,134,95,985005,2358,12637,1984300
255,143,110,984862,2391,12747,1822600
256,128,105,984734,2414,12852,1821700
257,125,139,984609,2400,12991,1805300
258,128,119,984481,2409,13110,1746300
259,131,104,984350,2436,13214,1869700
260,140,135,984210,2441,13349,1738500
261,133,129,984077,2445,13478,1837800
262,125,134,983952,2436,13612,1763900
263,128,126,983824,2438,13738,1749800
264,134,123,983690,2449,13861,1806600
265,126,117,983564,2458,13978,1785800
266,138,101,983426,2495,14079,1935800
267,136,133,983290,2498,14212,1764700
268,127,125,983163,2500,14337,1700300
269,132,133,983031,2499,14470,1733100
270,139,132,982892,2506,14602,1696000
271,159,142,982733,2523,14744,1821000
272,150,110,982583,2563,14854,1821500
273,155,120,982428,2598,14974,1735700
274,148,139,982280,2607,15113,1726100
275,140,144,982140,2603,15257,1783900
276,144,113,981996,2634,15370,1715700
277,148,147,981848,2635,15517,1760700
278,141,150,981707,2626,15667,1812300
279,141,138,981566,2629,15805,1739000
280,162,115,981404,2676,15920,1840600
281,154,128,981250,2702,16048,1840000
282,137,125,981113,2714,16173,1744500
283,139,141,980974,2712,16314,1758300
284,136,136,980838,2712,16450,1801000
285,138,127,980700,2723,16577,1778600
286,148,126,980552,2745,16703,1773300
287,157,159,980395,2743,16862,1835000
288,169,100,980226,2812,16962,1799700
289,164,137,980062,2839,17099,1787200
290,160,152,979902,2847,17251,2094900
291,140,152,979762,2835,17403,1953800
292,152,135,979610,2852,17538,1823400
293,158,142,979452,2868,17680,1780200
294,160,150,979292,2878,17830,1791100
295,165,154,979127,2889,17984,1789100
296,148,138,978979,2899,18122,1842200
297,164,132,978815,2931,18254,1984300
298,133,156,978682,2908,18410,1959300
299,144,153,978538,2899,18563,1758000
300,136,140,978402,2895,18703,1842100
301,157,134,978245,2918,18837,1878300
302,164,182,978081,2900,19019,1898600
303,171,153,977910,2918,19172,1956400
304,180,150,977730,2948,19322,1772000
305,172,138,977558,2982,19460,1839800
306,159,148,977399,2993,19608,2152200
307,161,155,977238,2999,19763,1872800
308,178,159,977060,3018,19922,2011400
309,189,153,976871,3054,20075,1761300
310,190,153,976681,3091,20228,1793500
311,199,140,976482,3150,20368,1775000
312,191,147,976291,3194,20515,1802100
313,199,175,976092,3218,20690,1787100
314,192,158,975900,3252,20848,1759600
315,188,151,975712,3289,20999,1799900
316,180,171,975532,3298,21170,1821400
317,185,163,975347,3320,21333,1771800
318,192,166,975155,3346,21499,1814400
319,202,189,974953,3359,21688,1804000
320,199,158,974754,3400,21846,1720000
321,189,157,974565,3432,22003,1785300
322,203,161,974362,3474,22164,1876000
323,224,169,974138,3529,22333,1783000
324,178,151,973960,3556,22484,1757900
325,208,134,973752,3630,22618,1804500
326,188,167,973564,3651,22785,1755100
327,187,203,973377,3635,22988,1771500
328,184,194,973193,3625,23182,1912400
329,186,202,973007,3609,23384,1857300
330,191,171,972816,3629,23555,1782200
331,190,197,972626,3622,23752,1707800
332,180,165,972446,3637,23917,1948300
333,205,181,972241,3661,24098,1772500
334,190,182,972051,3669,24280,1775400
335,213,180,971838,3702,24460,1825100
336,174,164,971664,3712,24624,1820500
337,211,202,971453,3721,24826,2075800
338,193,183,971260,3731,25009,1869700
339,178,209,971082,3700,25218,1775300
340,198,192,970884,3706,25410,1811900
341,206,192,970678,3720,25602,1769100
342,216,166,970462,3770,25768,1769800
343,186,205,970276,3751,25973,1755500
344,218,190,970058,3779,26163,2029000
345,199,190,969859,3788,26353,1786700
346,190,188,969669,3790,26541,1915500
347,219,194,969450,3815,26735,2097500
348,181,191,969269,3805,26926,1973700
349,200,204,969069,3801,27130,2081900
350,173,183,968896,3791,27313,2039100
351,172,183,968724,3780,27496,1774700
352,186,175,968538,3791,27671,1973100
353,205,170,968333,3826,27841,1832500
354,184,201,968149,3809,28042,1761100
355,183,189,967966,3803,28231,1789800
356,213,182,967753,3834,28413,1785300
357,210,189,967543,3855,28602,1758000
358,190,212,967353,3833,28814,1810500
359,199,208,967154,3824,29022,1977800
360,177,180,966977,3821,29202,1988700
361,180,176,966797,3825,29378,1882000
362,162,187,966635,3800,29565,1761000
363,182,210,966453,3772,29775,1810900
364,180,194,966273,3758,29969,1769600
365,200,197,966073,3761,30166,1729100
366,193,167,965880,3787,30333,2110400
367,187,185,965693,3789,30518,1772000
368,193,183,965500,3799,30701,2033100
369,188,185,965312,3802,30886,1884700
370,199,171,965113,3830,31057,1784400
371,211,176,964902,3865,31233,1949200
372,212,184,964690,3893,31417,1896200
373,186,197,964504,3882,31614,1885000
374,197,189,964307,3890,31803,1876000
375,208,210,964099,3888,32013,1820700
376,233,207,963866,3914,32220,1970300
377,218,187,963648,3945,32407,1867300
378,192,185,963456,3952,32592,1857200
379,244,179,963212,4017,32771,1915500
380,232,213,962980,4036,32984,1774400
381,211,198,962769,4049,33182,1751000
382,231,223,962538,4057,33405,1766100
383,233,231,962305,4059,33636,1781100
384,220,195,962085,4084,33831,1797100
385,217,195,961868,4106,34026,2063000
386,223,204,961645,4125,34230,2052500
387,224,206,961421,4143,34436,1752000
388,203,227,961218,4119,34663,1758100
389,234,177,960984,4176,34840,1790600
390,222,228,960762,4170,35068,1882400
391,225,192,960537,4203,35260,2175800
392,226,208,960311,4221,35468,1770700
393,217,202,960094,4236,35670,1772000
394,207,228,959887,4215,35898,2010100
395,224,206,959663,4233,36104,1878200
396,215,201,959448,4247,36305,1736500
397,213,187,959235,4273,36492,2242000
398,228,226,959007,4275,36718,1957800
399,219,225,958788,4269,36943,2055100
400,256,215,958532,4310,37158,1770600
401,212,233,958320,4289,37391,1722700
402,216,207,958104,4298,37598,1751900
403,209,224,957895,4283,37822,1745100
404,226,228,957669,4281,38050,1739300
405,243,202,957426,4322,38252,1690500
406,216,213,957210,4325,38465,1778400
407,222,230,956988,4317,38695,1854400
408,242,208,956746,4351,38903,1850400
409,234,192,956512,4393,39095,1845000
410,231,193,956281,4431,39288,1854800
411,209,233,956072,4407,39521,1893500
412,205,232,955867,4380,39753,1759000
413,238,232,955629,4386,39985,1812300
414,228,210,955401,4404,40195,1763500
415,210,233,955191,4381,40428,1687900
416,229,247,954962,4363,40675,1758200
417,244,227,954718,4380,40902,1815700
418,213,222,954505,4371,41124,1850600
419,210,237,954295,4344,41361,1802700
420,220,233,954075,4331,41594,1761900
421,225,217,953850,4339,41811,1741200
422,215,234,953635,4320,42045,1843000
423,212,220,953423,4312,42265,1770100
424,232,210,953191,4334,42475,1852900
425,249,209,952942,4374,42684,2130800
426,241,226,952701,4389,42910,2081900
427,220,212,952481,4397,43122,1735400
428,245,214,952236,4428,43336,1710900
429,222,231,952014,4419,43567,1758100
430,248,200,951766,4467,43767,1864500
431,212,235,951554,4444,44002,1831300
432,248,222,951306,4470,44224,1738200
433,245,208,951061,4507,44432,1691200
434,239,217,950822,4529,44649,1741900
435,224,239,950598,4514,44888,1850800
436,263,215,950335,4562,45103,1749400
437,247,227,950088,4582,45330,1845700
438,245,242,949843,4585,45572,1812500
439,248,234,949595,4599,45806,1779000
440,251,235,949344,4615,46041,1757900
441,255,224,949089,4646,46265,1749900
442,255,245,948834,4656,46510,1821800
443,242,243,948592,4655,46753,1851300
444,215,252,948377,4618,47005,1855800
445,215,244,948162,4589,47249,1851200
446,220,218,947942,4591,47467,1865000
447,241,266,947701,4566,47733,1908900
448,239,214,947462,4591,47947,1841300
449,239,208,947223,4622,48155,1845500
450,259,220,946964,4661,48375,1907000
451,278,224,946686,4715,48599,1743800
452,257,244,946429,4728,48843,1757000
453,265,255,946164,4738,49098,1781700
454,259,237,945905,4760,49335,1852900
455,245,244,945660,4761,49579,1909500
456,257,237,945403,4781,49816,1866300
457,266,247,945137,4800,50063,1865500
458,237,237,944900,4800,50300,1877300
459,264,206,944636,4858,50506,1856600
460,261,251,944375,4868,50757,1865400
461,253,232,944122,4889,50989,1899500
462,239,218,943883,4910,51207,1838100
463,283,229,943600,4964,51436,1788200
464,265,221,943335,5008,51657,1785000
465,232,262,943103,4978,51919,1810200
466,264,252,942839,4990,52171,1765500
467,286,247,942553,5029,52418,1764400
468,246,276,942307,4999,52694,1866600
469,258,234,942049,5023,52928,1761300
470,257,246,941792,5034,53174,1803300
471,276,231,941516,5079,53405,1766000
472,291,243,941225,5127,53648,1704500
473,281,238,940944,5170,53886,1827300
474,273,275,940671,5168,54161,1872700
475,312,246,940359,5234,54407,1870400
476,291,251,940068,5274,54658,1875300
477,269,252,939799,5291,54910,1862300
478,279,258,939520,5312,55168,2311200
479,252,262,939268,5302,55430,1896500
480,288,251,938980,5339,55681,1813400
481,281,290,938699,5330,55971,1874700
482,286,264,938413,5352,56235,1869700
483,286,227,938127,5411,56462,1859800
484,248,248,937879,5411,56710,1922000
485,258,293,937621,5376,57003,1850100
486,298,273,937323,5401,57276,1824400
487,287,237,937036,5451,57513,1947300
488,292,265,936744,5478,57778,1792600
489,287,265,936457,5500,58043,1714400
490,293,256,936164,5537,58299,1711400
491,270,276,935894,5531,58575,1799000
492,323,296,935571,5558,58871,1896500
493,283,298,935288,5543,59169,1894500
494,289,274,934999,5558,59443,2160300
495,289,263,934710,5584,59706,1996300
496,285,307,934425,5562,60013,1866400
497,285,303,934140,5544,60316,1906500
498,304,291,933836,5557,60607,1961100
499,257,298,933579,5516,60905,1772600
500,276,280,933303,5512,61185,1908600
501,289,294,933014,5507,61479,1875700
502,282,277,932732,5512,61756,1843700
503,269,266,932463,5515,62022,1810400
504,264,279,932199,5500,62301,1730200
505,298,307,931901,5491,62608,1720100
506,282,263,931619,5510,62871,1775000
507,297,281,931322,5526,63152,1882700
508,312,244,931010,5594,63396,1872600
509,292,262,930718,5624,63658,1862000
510,306,272,930412,5658,63930,1794500
511,278,288,930134,5648,64218,1751500
512,293,299,929841,5642,64517,2007900
513,266,298,929575,5610,64815,1847300
514,283,295,929292,5598,65110,1870700
515,274,279,929018,5593,65389,1916900
516,276,253,928742,5616,65642,1724700
517,263,275,928479,5604,65917,1775900
518,282,266,928197,5620,66183,1878800
519,291,271,927906,5640,66454,1875000
520,284,299,927622,5625,66753,1898200
521,297,284,927325,5638,67037,1853500
522,278,276,927047,5640,67313,1849000
523,267,272,926780,5635,67585,1743400
524,299,292,926481,5642,67877,1770200
525,291,290,926190,5643,68167,1766100
526,299,319,925891,5623,68486,1745600
527,303,265,925588,5661,68751,2185700
528,310,316,925278,5655,69067,2109900
529,317,260,924961,5712,69327,1781700
530,287,291,924674,5708,69618,1895600
531,318,278,924356,5748,69896,1947800
532,312,329,924044,5731,70225,2027500
533,298,262,923746,5767,70487,1867700
534,289,325,923457,5731,70812,1849400
535,283,275,923174,5739,71087,1881000
536,299,281,922875,5757,71368,2045400
537,296,312,922579,5741,71680,1761500
538,284,269,922295,5756,71949,1887600
539,304,284,921991,5776,72233,1865200
540,292,279,921699,5789,72512,1865000
541,252,297,921447,5744,72809,1831000
542,341,271,921106,5814,73080,1785000
543,313,286,920793,5841,73366,1742100
544,279,263,920514,5857,73629,1819900
545,319,278,920195,5898,73907,2264100
546,312,272,919883,5938,74179,1926200
547,299,300,919584,5937,74479,1843000
548,305,293,919279,5949,74772,1830600
549,322,259,918957,6012,75031,1885900
550,315,298,918642,6029,75329,2088300
551,301,353,918341,5977,75682,1804700
552,317,296,918024,5998,75978,1901600
553,315,285,917709,6028,76263,1849200
554,297,296,917412,6029,76559,1830000
555,316,285,917096,6060,76844,1880900
556,316,298,916780,6078,77142,2170400
557,303,351,916477,6030,77493,1932900
558,320,312,916157,6038,77805,1946200
559,322,328,915835,6032,78133,1861300
560,366,308,915469,6090,78441,1827100
561,316,327,915153,6079,78768,1837800
562,302,299,914851,6082,79067,1810400
563,300,281,914551,6101,79348,1737600
564,291,305,914260,6087,79653,1790800
565,320,303,913940,6104,79956,1866200
566,346,304,913594,6146,80260,1830100
567,318,350,913276,6114,80610,1884500
568,288,334,912988,6068,80944,1890400
569,292,277,912696,6083,81221,1773400
570,282,282,912414,6083,81503,1838400
571,290,329,912124,6044,81832,1767300
572,325,293,911799,6076,82125,1712700
573,300,309,911499,6067,82434,1724900
574,292,290,911207,6069,82724,1789700
575,314,306,910893,6077,83030,1795000
576,320,361,910573,6036,83391,1722700
577,315,270,910258,6081,83661,1956600
578,303,291,909955,6093,83952,1758100
579,272,305,909683,6060,84257,1783200
580,313,308,909370,6065,84565,1875100
581,307,297,909063,6075,84862,1872700
582,310,308,908753,6077,85170,1865300
583,299,330,908454,6046,85500,1808000
584,314,287,908140,6073,85787,1758800
585,296,297,907844,6072,86084,1778400
586,311,309,907533,6074,86393,1718900
587,312,291,907221,6095,86684,1879200
588,341,314,906880,6122,86998,1865600
589,321,314,906559,6129,87312,1940000
590,301,292,906258,6138,87604,1829100
591,299,320,905959,6117,87924,1794300
592,288,312,905671,6093,88236,1719800
593,309,323,905362,6079,88559,1734900
594,319,293,905043,6105,88852,1773500
595,311,315,904732,6101,89167,1847400
596,328,320,904404,6109,89487,1826900
597,308,299,904096,6118,89786,1834500
598,329,309,903767,6138,90095,1791400
599,319,297,903448,6160,90392,1787700
600,341,325,903107,6176,90717,1757400
601,315,294,902792,6197,91011,1735300
602,315,303,902477,6209,91314,1748700
603,336,296,902141,6249,91610,1770700
604,326,310,901815,6265,91920,1745800
605,324,296,901491,6293,92216,1727500
606,313,306,901178,6300,92522,1869600
607,358,331,900820,6327,92853,1905100
608,327,306,900493,6348,93159,1851800
609,321,290,900172,6379,93449,1855900
610,334,313,899838,6400,93762,2126900
611,345,299,899493,6446,94061,2153200
612,355,326,899138,6475,94387,1883000
613,329,332,898809,6472,94719,1871400
614,377,300,898432,6549,95019,1871100
615,361,339,898071,6571,95358,1776900
616,353,317,897718,6607,95675,1786300
617,337,332,897381,6612,96007,1736500
618,343,319,897038,6636,96326,1863800
619,366,335,896672,6667,96661,1879400
620,367,346,896305,6688,97007,1880400
621,348,335,895957,6701,97342,1778500
622,381,356,895576,6726,97698,1793200
623,375,326,895201,6775,98024,2251800
624,387,335,894814,6827,98359,1885400
625,390,352,894424,6865,98711,1869900
626,365,392,894059,6838,99103,1771100
627,377,320,893682,6895,99423,1773400
628,319,358,893363,6856,99781,1790000
629,375,343,892988,6888,100124,1847800
630,364,350,892624,6902,100474,1876600
631,343,382,892281,6863,100856,1875300
632,374,350,891907,6887,101206,1879000
633,382,334,891525,6935,101540,1864600
634,350,325,891175,6960,101865,1860100
635,372,335,890803,6997,102200,1764400
636,380,327,890423,7050,102527,1891400
637,374,349,890049,7075,102876,1801800
638,364,320,889685,7119,103196,1900500
639,386,357,889299,7148,103553,1796500
640,360,360,888939,7148,103913,1880600
641,349,376,888590,7121,104289,1858200
642,353,367,888237,7107,104656,1819700
643,356,333,887881,7130,104989,1796200
644,349,370,887532,7109,105359,1721600
645,348,329,887184,7128,105688,2099300
646,373,351,886811,7150,106039,1987800
647,379,348,886432,7181,106387,1800800
648,381,373,886051,7189,106760,1885700
649,314,340,885737,7163,107100,1876400
650,361,357,885376,7167,107457,1858900
651,354,341,885022,7180,107798,2036200
652,377,378,884645,7179,108176,2278800
653,346,385,884299,7140,108561,2225600
654,347,332,883952,7155,108893,1892100
655,320,349,883632,7126,109242,1800300
656,325,362,883307,7089,109604,1856000
657,372,401,882935,7060,110005,1897600
658,323,376,882612,7007,110381,1896800
659,387,362,882225,7032,110743,1795600
660,366,372,881859,7026,111115,1845500
661,343,357,881516,7012,111472,1730900
662,361,358,881155,7015,111830,1814700
663,371,387,880784,6999,112217,1875500
664,374,376,880410,6997,112593,1877700
665,383,362,880027,7018,112955,1876800
666,367,392,879660,6993,113347,2100800
667,369,362,879291,7000,113709,1962600
668,390,351,878901,7039,114060,1876000
669,372,351,878529,7060,114411,1910400
670,370,361,878159,7069,114772,1880900
671,397,365,877762,7101,115137,1893600
672,408,358,877354,7151,115495,1789400
673,377,359,876977,7169,115854,2103600
674,385,367,876592,7187,116221,1760500
675,399,334,876193,7252,116555,1951600
676,393,336,875800,7309,116891,1900800
677,368,355,875432,7322,117246,1838700
678,390,376,875042,7336,117622,1809600
679,372,371,874670,7337,117993,1886500
680,356,348,874314,7345,118341,2064600
681,353,359,873961,7339,118700,1887100
682,384,376,873577,7347,119076,2325600
683,401,375,873176,7373,119451,1911600
684,387,376,872789,7384,119827,1897300
685,378,397,872411,7365,120224,1886500
686,383,367,872028,7381,120591,1885100
687,379,381,871649,7379,120972,1864900
688,396,374,871253,7401,121346,1858700
689,380,373,870873,7408,121719,1782700
690,373,401,870500,7380,122120,1759300
691,361,344,870139,7397,122464,1751600
692,386,366,869753,7417,122830,1895600
693,397,360,869356,7454,123190,1778300
694,393,368,868963,7479,123558,1744200
695,407,367,868556,7519,123925,1778400
696,399,411,868157,7507,124336,1796600
697,398,358,867759,7547,124694,1876500
698,377,373,867382,7551,125067,1863600
699,413,364,866969,7600,125431,1909400
700,416,385,866553,7631,125816,1794100
701,398,380,866155,7649,126196,1812500
702,384,385,865771,7648,126581,1841600
703,405,372,865366,7681,126953,1906600
704,391,380,864975,7692,127333,1889600
705,405,412,864570,7685,127745,1955000
706,381,336,864189,7730,128081,2005200
707,394,404,863795,7720,128485,1972400
708,387,410,863408,7697,128895,1885400
709,420,393,862988,7724,129288,1906100
710,389,402,862599,7711,129690,1842700
711,370,377,862229,7704,130067,1925000
712,371,392,861858,7683,130459,1861000
713,395,385,861463,7693,130844,1813600
714,417,397,861046,7713,131241,1777300
715,389,364,860657,7738,131605,1896100
716,397,423,860260,7712,132028,1921500
717,392,379,859868,7725,132407,2114400
718,370,417,859498,7678,132824,2258900
719,435,355,859063,7758,133179,1898900
720,376,367,858687,7767,133546,1791900
721,406,361,858281,7812,133907,1893200
722,403,406,857878,7809,134313,1898500
723,387,351,857491,7845,134664,1762500
724,437,419,857054,7863,135083,1777900
725,398,387,856656,7874,135470,1776400
726,400,404,856256,7870,135874,1795300
727,401,415,855855,7856,136289,1903800
728,404,395,855451,7865,136684,1889700
729,428,437,855023,7856,137121,1878400
730,403,373,854620,7886,137494,1839800
731,400,380,854220,7906,137874,1870000
732,397,461,853823,7842,138335,1742200
733,402,386,853421,7858,138721,1753900
734,349,364,853072,7843,139085,1938300
735,384,409,852688,7818,139494,1889600
736,398,383,852290,7833,139877,1821600
737,406,357,851884,7882,140234,1765800
738,416,385,851468,7913,140619,1783600
739,372,401,851096,7884,141020,1929700
740,432,425,850664,7891,141445,1886600
741,417,386,850247,7922,141831,2260900
742,405,368,849842,7959,142199,1936600
743,387,397,849455,7949,142596,2057300
744,416,372,849039,7993,142968,1925000
745,388,410,848651,7971,143378,1861100
746,400,389,848251,7982,143767,1830600
747,432,425,847819,7989,144192,1896600
748,424,411,847395,8002,144603,1811200
749,431,417,846964,8016,145020,1774700
750,422,407,846542,8031,145427,1754600
751,423,373,846119,8081,145800,1755400
752,404,398,845715,8087,146198,1892300
753,441,421,845274,8107,146619,1884400
754,427,414,844847,8120,147033,1865600
755,391,404,844456,8107,147437,1803000
756,433,406,844023,8134,147843,1985400
757,423,379,843600,8178,148222,1890900
758,406,412,843194,8172,148634,1833600
759,406,377,842788,8201,149011,1910800
760,427,403,842361,8225,149414,1895900
761,421,377,841940,8269,149791,2010900
762,429,419,841511,8279,150210,1915800
763,441,389,841070,8331,150599,1905600
764,416,416,840654,8331,151015,1885100
765,418,421,840236,8328,151436,1762800
766,423,429,839813,8322,151865,1765100
767,412,435,839401,8299,152300,1807800
768,428,414,838973,8313,152714,1802400
769,459,407,838514,8365,153121,1860400
770,422,418,838092,8369,153539,1763500
771,433,413,837659,8389,153952,1799200
772,435,433,837224,8391,154385,1824400
773,439,416,836785,8414,154801,2269400
774,439,388,836346,8465,155189,1945100
775,446,455,835900,8456,155644,1866800
776,445,421,835455,8480,156065,1925700
777,424,422,835031,8482,156487,1980800
778,424,424,834607,8482,156911,1845900
779,435,405,834172,8512,157316,1850900
780,405,439,833767,8478,157755,1874300
781,427,414,833340,8491,158169,2036800
782,387,398,832953,8480,158567,1890100
783,445,421,832508,8504,158988,1883300
784,432,490,832076,8446,159478,1874900
785,429,430,831647,8445,159908,1807800
786,401,428,831246,8418,160336,1791400
787,401,397,830845,8422,160733,1888000
788,388,448,830457,8362,161181,2234300
789,388,424,830069,8326,161605,2170700
790,399,441,829670,8284,162046,1928100
791,403,417,829267,8270,162463,1778600
792,411,379,828856,8302,162842,1971700
793,425,408,828431,8319,163250,2089800
794,399,434,828032,8284,163684,1797400
795,394,381,827638,8297,164065,1881900
796,425,416,827213,8306,164481,1846900
797,418,430,826795,8294,164911,1926600
798,393,421,826402,8266,165332,1966800
799,396,403,826006,8259,165735,1912300
800,413,406,825593,8266,166141,1808800
801,421,396,825172,8291,166537,1811400
802,415,437,824757,8269,166974,1902300
803,379,422,824378,8226,167396,1926800
804,394,423,823984,8197,167819,1918700
805,420,404,823564,8213,168223,1882600
806,416,429,823148,8200,168652,1814600
807,421,390,822727,8231,169042,1865200
808,423,428,822304,8226,169470,1902500
809,402,410,821902,8218,169880,1819000
810,435,441,821467,8212,170321,1838500
811,421,401,821046,8232,170722,1956000
812,410,429,820636,8213,171151,1935300
813,395,395,820241,8213,171546,1938800
814,412,406,819829,8219,171952,1834300
815,410,427,819419,8202,172379,1856900
816,432,397,818987,8237,172776,1845400
817,442,400,818545,8279,173176,1836900
818,433,407,818112,8305,173583,1832100
819,418,389,817694,8334,173972,1918100
820,436,440,817258,8330,174412,1903300
821,448,457,816810,8321,174869,1948700
822,504,412,816306,8413,175281,1922500
823,472,436,815834,8449,175717,1884600
824,453,409,815381,8493,176126,1791300
825,429,438,814952,8484,176564,1798400
826,440,377,814512,8547,176941,1816200
827,431,427,814081,8551,177368,1916800
828,441,417,813640,8575,177785,1925600
829,446,408,813194,8613,178193,1890900
830,402,431,812792,8584,178624,1912200
831,443,463,812349,8564,179087,1920200
832,457,419,811892,8602,179506,1868800
833,431,409,811461,8624,179915,1807600
834,448,444,811013,8628,180359,1744100
835,419,440,810594,8607,180799,1842600
836,443,465,810151,8585,181264,1867900
837,465,442,809686,8608,181706,1878800
838,454,469,809232,8593,182175,1876900
839,415,441,808817,8567,182616,1819900
840,435,409,808382,8593,183025,1968200
841,415,411,807967,8597,183436,2017000
842,445,471,807522,8571,183907,1892000
843,443,431,807079,8583,184338,1907900
844,479,432,806600,8630,184770,1776700
845,503,406,806097,8727,185176,1846700
846,452,465,805645,8714,185641,2055300
847,430,465,805215,8679,186106,1924000
848,452,434,804763,8697,186540,1938500
849,474,432,804289,8739,186972,1823200
850,424,410,803865,8753,187382,1785200
851,460,452,803405,8761,187834,1817600
852,470,441,802935,8790,188275,1844100
853,429,405,802506,8814,188680,1915000
854,432,414,802074,8832,189094,1949300
855,447,425,801627,8854,189519,1837100
856,470,435,801157,8889,189954,1911900
857,425,436,800732,8878,190390,1831900
858,456,430,800276,8904,190820,1785800
859,460,502,799816,8862,191322,1866500
860,453,430,799363,8885,191752,1813000
861,422,448,798941,8859,192200,1943400
862,414,421,798527,8852,192621,1978100
863,425,441,798102,8836,193062,1838600
864,455,435,797647,8856,193497,1923300
865,436,419,797211,8873,193916,1898700
866,427,455,796784,8845,194371,1910600
867,448,416,796336,8877,194787,1883200
868,420,423,795916,8874,195210,1851100
869,426,446,795490,8854,195656,1820300
870,428,429,795062,8853,196085,1907300
871,426,428,794636,8851,196513,1870400
872,466,415,794170,8902,196928,1934600
873,430,398,793740,8934,197326,1846000
874,398,447,793342,8885,197773,1860800
875,414,447,792928,8852,198220,1837100
876,443,462,792485,8833,198682,1836400
877,438,448,792047,8823,199130,1844400
878,435,418,791612,8840,199548,1819300
879,450,470,791162,8820,200018,1889400
880,410,429,790752,8801,200447,1968900
881,474,411,790278,8864,200858,1885900
882,461,458,789817,8867,201316,1912600
883,458,426,789359,8899,201742,1849000
884,441,492,788918,8848,202234,1863000
885,413,445,788505,8816,202679,1843800
886,385,456,788120,8745,203135,1903900
887,441,435,787679,8751,203570,2099400
888,421,438,787258,8734,204008,1863200
889,447,394,786811,8787,204402,1849400
890,415,429,786396,8773,204831,1953300
891,397,426,785999,8744,205257,1878000
892,438,465,785561,8717,205722,1900200
893,416,475,785145,8658,206197,1960300
894,404,420,784741,8642,206617,1851000
895,407,456,784334,8593,207073,2063600
896,413,404,783921,8602,207477,1848700
897,438,439,783483,8601,207916,1832500
898,432,427,783051,8606,208343,1867300
899,415,433,782636,8588,208776,1824700
900,411,421,782225,8578,209197,1843600
901,414,422,781811,8570,209619,1858600
902,397,445,781414,8522,210064,1815400
903,394,408,781020,8508,210472,1849800
904,382,404,780638,8486,210876,1878200
905,407,398,780231,8495,211274,1841700
906,390,405,779841,8480,211679,1948800
907,402,413,779439,8469,212092,1944300
908,379,416,779060,8432,212508,1933400
909,407,399,778653,8440,212907,1910400
910,408,409,778245,8439,213316,1923800
911,443,419,777802,8463,213735,1878400
912,399,385,777403,8477,214120,1853800
913,405,425,776998,8457,214545,2051400
914,390,439,776608,8408,214984,1858400
915,385,416,776223,8377,215400,1906100
916,398,377,775825,8398,215777,1851600
917,412,422,775413,8388,216199,1971500
918,394,441,775019,8341,216640,1937700
919,384,408,774635,8317,217048,2180300
920,368,408,774267,8277,217456,1860400
921,399,397,773868,8279,217853,1954200
922,414,409,773454,8284,218262,1983100
923,421,413,773033,8292,218675,2080600
924,420,407,772613,8305,219082,1904500
925,381,430,772232,8256,219512,1969700
926,434,444,771798,8246,219956,1963800
927,434,417,771364,8263,220373,1818000
928,394,448,770970,8209,220821,1809900
929,373,432,770597,8150,221253,1830100
930,384,411,770213,8123,221664,1928500
931,401,383,769812,8141,222047,1822100
932,402,388,769410,8155,222435,1820200
933,418,412,768992,8161,222847,1949200
934,432,418,768560,8175,223265,1944700
935,394,431,768166,8138,223696,1965800
936,448,429,767718,8157,224125,1870400
937,411,379,767307,8189,224504,1927300
938,390,409,766917,8170,224913,1897200
939,435,421,766482,8184,225334,1834000
940,425,400,766057,8209,225734,1792700
941,425,388,765632,8246,226122,1805700
942,396,401,765236,8241,226523,1808600
943,414,435,764822,8220,226958,2065400
944,445,397,764377,8268,227355,1944700
945,410,394,763967,8284,227749,1889700
946,406,392,763561,8298,228141,1895800
947,416,415,763145,8299,228556,1822100
948,449,438,762696,8310,228994,1793200
949,446,420,762250,8336,229414,1750200
950,429,413,761821,8352,229827,1867900
951,429,397,761392,8384,230224,1920400
952,400,441,760992,8343,230665,1932600
953,393,430,760599,8306,231095,1874300
954,396,454,760203,8248,231549,2008400
955,427,392,759776,8283,231941,1886200
956,428,431,759348,8280,232372,1877300
957,420,446,758928,8254,232818,1834400
958,429,428,758499,8255,233246,1800000
959,430,425,758069,8260,233671,2081200
960,391,417,757678,8234,234088,2136300
961,442,409,757236,8267,234497,1821400
962,419,418,756817,8268,234915,1854200
963,429,413,756388,8284,235328,1866100
964,396,375,755992,8305,235703,2066100
965,424,424,755568,8305,236127,1936100
966,419,407,755149,8317,236534,1825800
967,424,407,754725,8334,236941,1855500
968,455,442,754270,8347,237383,1815300
969,401,393,753869,8355,237776,1832400
970,449,418,753420,8386,238194,1796100
971,441,431,752979,8396,238625,1840900
972,461,440,752518,8417,239065,1816500
973,443,393,752075,8467,239458,1923200
974,449,422,751626,8494,239880,1943400
975,416,414,751210,8496,240294,1918900
976,436,421,750774,8511,240715,1902100
977,418,448,750356,8481,241163,2135600
978,454,414,749902,8521,241577,1905500
979,439,412,749463,8548,241989,1878000
980,443,428,749020,8563,242417,1870000
981,457,455,748563,8565,242872,1746100
982,426,437,748137,8554,243309,1803400
983,452,420,747685,8586,243729,1902700
984,439,400,747246,8625,244129,1906700
985,463,406,746783,8682,244535,1989100
986,450,435,746333,8697,244970,1890300
987,443,423,745890,8717,245393,1870900
988,422,433,745468,8706,245826,1893100
989,419,419,745049,8706,246245,1840400
990,439,489,744610,8656,246734,1823800
991,475,439,744135,8692,247173,1777300
992,478,430,743657,8740,247603,1927100
993,458,409,743199,8789,248012,1952000
994,472,439,742727,8822,248451,2134200
995,420,413,742307,8829,248864,1915000
996,445,417,741862,8857,249281,1948300
997,433,442,741429,8848,249723,1915900
998,419,406,741010,8861,250129,1905500
999,433,417,740577,8877,250546,1761400
1000,476,452,740101,8901,250998,1814400
1001,442,454,739659,8889,251452,1862500
1002,461,408,739198,8942,251860,1857600
1003,465,441,738733,8966,252301,1789600
1004,467,423,738266,9010,252724,1863500
1005,432,464,737834,8978,253188,1910800
1006,459,450,737375,8987,253638,1889700
1007,452,434,736923,9005,254072,2002400
1008,435,454,736488,8986,254526,1751800
1009,440,481,736048,8945,255007,1793000
1010,470,436,735578,8979,255443,1860100
1011,424,461,735154,8942,255904,1949500
1012,428,467,734726,8903,256371,1984100
1013,418,436,734308,8885,256807,1931000
1014,431,435,733877,8881,257242,1890800
1015,401,446,733476,8836,257688,1820000
1016,419,424,733057,8831,258112,1806900
1017,442,410,732615,8863,258522,1813300
1018,426,401,732189,8888,258923,1825200
1019,446,435,731743,8899,259358,2132100
1020,431,437,731312,8893,259795,1844300
1021,448,460,730864,8881,260255,2091200
1022,427,469,730437,8839,260724,1826000
1023,444,422,729993,8861,261146,1940500
1024,438,424,729555,8875,261570,1861700
1025,467,437,729088,8905,262007,1908100
1026,448,427,728640,8926,262434,1870500
1027,456,445,728184,8937,262879,1805600
1028,440,477,727744,8900,263356,1904000
1029,422,433,727322,8889,263789,1825300
1030,452,414,726870,8927,264203,1920000
1031,459,444,726411,8942,264647,1911700
1032,424,444,725987,8922,265091,1944000
1033,437,428,725550,8931,265519,1977200
1034,422,448,725128,8905,265967,1903600
1035,439,460,724689,8884,266427,1895200
1036,428,415,724261,8897,266842,1866100
1037,444,457,723817,8884,267299,1817200
1038,412,450,723405,8846,267749,1735800
1039,450,428,722955,8868,268177,1853800
1040,423,447,722532,8844,268624,1936500
1041,459,443,722073,8860,269067,1927400
1042,405,411,721668,8854,269478,1964200
1043,387,467,721281,8774,269945,2222000
1044,435,411,720846,8798,270356,1826200
1045,460,459,720386,8799,270815,2125500
1046,454,480,719932,8773,271295,1986400
1047,418,429,719514,8762,271724,1961900
1048,449,430,719065,8781,272154,1935700
1049,485,441,718580,8825,272595,1913500
1050,454,435,718126,8844,273030,1840200
1051,429,436,717697,8837,273466,1991400
1052,464,425,717233,8876,273891,2053700
1053,415,423,716818,8868,274314,1924600
1054,461,448,716357,8881,274762,1786700
1055,433,418,715924,8896,275180,1763200
1056,432,467,715492,8861,275647,2150800
1057,437,446,715055,8852,276093,1904300
1058,423,406,714632,8869,276499,2027600
1059,460,454,714172,8875,276953,1846000
1060,411,409,713761,8877,277362,1932600
1061,430,462,713331,8845,277824,1854300
1062,401,428,712930,8818,278252,1894500
1063,409,438,712521,8789,278690,1894200
1064,447,459,712074,8777,279149,1837500
1065,438,438,711636,8777,279587,1854100
1066,424,451,711212,8750,280038,1749700
1067,428,457,710784,8721,280495,1966400
1068,446,435,710338,8732,280930,1939000
1069,432,443,709906,8721,281373,1865300
1070,447,442,709459,8726,281815,2031800
1071,450,425,709009,8751,282240,2176000
1072,423,430,708586,8744,282670,1918200
1073,409,453,708177,8700,283123,2034000
1074,442,408,707735,8734,283531,1890400
1075,417,435,707318,8716,283966,1930300
1076,444,401,706874,8759,284367,1912800
1077,437,456,706437,8740,284823,2138200
1078,474,484,705963,8730,285307,2070900
1079,459,427,705504,8762,285734,1930000
1080,421,428,705083,8755,286162,1888700
1081,403,443,704680,8715,286605,1914300
1082,433,386,704247,8762,286991,1919000
1083,427,461,703820,8728,287452,1853800
1084,431,472,703389,8687,287924,1808000
1085,435,420,702954,8702,288344,1978500
1086,454,447,702500,8709,288791,2168200
1087,437,452,702063,8694,289243,1920100
1088,428,428,701635,8694,289671,1893400
1089,439,429,701196,8704,290100,1916800
1090,438,409,700758,8733,290509,1865500
1091,450,396,700308,8787,290905,1883100
1092,454,430,699854,8811,291335,1966200
1093,448,439,699406,8820,291774,1928100
1094,476,430,698930,8866,292204,1918100
1095,476,441,698454,8901,292645,1933900
1096,454,441,698000,8914,293086,1864900
1097,535,442,697465,9007,293528,1879700
1098,445,457,697020,8995,293985,2028700
1099,436,478,696584,8953,294463,1948200
1100,456,428,696128,8981,294891,2096900
1101,439,428,695689,8992,295319,2016000
1102,469,449,695220,9012,295768,1982300
1103,495,440,694725,9067,296208,1910800
1104,452,503,694273,9016,296711,1892500
1105,480,470,693793,9026,297181,1862500
1106,472,494,693321,9004,297675,1857200
1107,458,447,692863,9015,298122,1772400
1108,469,456,692394,9028,298578,1907500
1109,454,424,691940,9058,299002,1955500
1110,423,406,691517,9075,299408,1930800
1111,492,488,691025,9079,299896,2026400
1112,494,468,690531,9105,300364,2108200
1113,492,460,690039,9137,300824,1935900
1114,473,466,689566,9144,301290,2044300
1115,445,439,689121,9150,301729,1931100
1116,437,468,688684,9119,302197,1909600
1117,468,449,688216,9138,302646,1915100
1118,455,472,687761,9121,303118,2043900
1119,471,458,687290,9134,303576,2226500
1120,497,425,686793,9206,304001,2079900
1121,461,485,686332,9182,304486,1867700
1122,478,504,685854,9156,304990,1902800
1123,479,410,685375,9225,305400,1916100
1124,471,472,684904,9224,305872,1941400
1125,466,472,684438,9218,306344,1857000
1126,456,443,683982,9231,306787,1903200
1127,465,443,683517,9253,307230,1875800
1128,487,468,683030,9272,307698,2064100
1129,475,455,682555,9292,308153,1864900
1130,468,484,682087,9276,308637,1836900
1131,491,500,681596,9267,309137,1845400
1132,503,504,681093,9266,309641,1951700
1133,493,473,680600,9286,310114,2320700
1134,484,468,680116,9302,310582,1885200
1135,462,444,679654,9320,311026,1771100
1136,473,484,679181,9309,311510,1924000
1137,456,431,678725,9334,311941,1930800
1138,492,469,678233,9357,312410,1907400
1139,516,454,677717,9419,312864,1845900
1140,472,491,677245,9400,313355,1905600
1141,503,437,676742,9466,313792,1822300
1142,477,469,676265,9474,314261,1956700
1143,480,485,675785,9469,314746,1852300
1144,516,497,675269,9488,315243,1856000
1145,459,484,674810,9463,315727,1934200
1146,498,492,674312,9469,316219,1936900
1147,474,477,673838,9466,316696,1922000
1148,446,489,673392,9423,317185,1919500
1149,450,457,672942,9416,317642,1977500
1150,453,440,672489,9429,318082,1883500
1151,491,512,671998,9408,318594,2176500
1152,467,509,671531,9366,319103,2114800
1153,430,477,671101,9319,319580,1901600
1154,463,404,670638,9378,319984,1933600
1155,427,426,670211,9379,320410,1968800
1156,407,442,669804,9344,320852,1915800
1157,459,473,669345,9330,321325,1843900
1158,467,466,668878,9331,321791,1994800
1159,427,445,668451,9313,322236,1942600
1160,416,483,668035,9246,322719,1871400
1161,445,481,667590,9210,323200,1851800
1162,443,473,667147,9180,323673,1836200
1163,476,469,666671,9187,324142,1946000
1164,468,444,666203,9211,324586,2044400
1165,466,465,665737,9212,325051,1946500
1166,443,480,665294,9175,325531,1905700
1167,466,469,664828,9172,326000,1907300
1168,471,460,664357,9183,326460,1903300
1169,461,467,663896,9177,326927,1860000
1170,448,474,663448,9151,327401,1843000
1171,455,461,662993,9145,327862,1976400
1172,463,489,662530,9119,328351,1883500
1173,473,454,662057,9138,328805,1842400
1174,426,433,661631,9131,329238,1822200
1175,441,431,661190,9141,329669,1859400
1176,484,430,660706,9195,330099,1914700
1177,458,477,660248,9176,330576,1896500
1178,501,433,659747,9244,331009,1852600
1179,460,451,659287,9253,331460,1845000
1180,475,435,658812,9293,331895,1837200
1181,465,479,658347,9279,332374,1836400
1182,412,444,657935,9247,332818,1783800
1183,450,426,657485,9271,333244,1910300
1184,459,473,657026,9257,333717,1875000
1185,462,473,656564,9246,334190,1856500
1186,518,501,656046,9263,334691,1969600
1187,461,463,655585,9261,335154,1843300
1188,473,456,655112,9278,335610,1837300
1189,473,452,654639,9299,336062,1857300
1190,442,452,654197,9289,336514,1782300
1191,498,465,653699,9322,336979,1871500
1192,449,473,653250,9298,337452,1902600
1193,488,447,652762,9339,337899,1947100
1194,459,459,652303,9339,338358,2150400
1195,446,458,651857,9327,338816,2173000
1196,478,449,651379,9356,339265,1909400
1197,484,446,650895,9394,339711,2028100
1198,524,475,650371,9443,340186,1873600
1199,505,454,649866,9494,340640,1869400
1200,467,476,649399,9485,341116,1985600
1201,475,506,648924,9454,341622,1864100
1202,441,496,648483,9399,342118,1854300
1203,446,502,648037,9343,342620,1839900
1204,452,538,647585,9257,343158,1848000
1205,450,460,647135,9247,343618,1793800
1206,485,453,646650,9279,344071,1911600
1207,476,484,646174,9271,344555,1874400
1208,463,480,645711,9254,345035,1995900
1209,448,461,645263,9241,345496,1809900
1210,417,449,644846,9209,345945,1764100
1211,433,472,644413,9170,346417,1778800
1212,399,470,644014,9099,346887,1908100
1213,457,448,643557,9108,347335,1934600
1214,447,433,643110,9122,347768,1802400
1215,474,455,642636,9141,348223,1992500
1216,473,456,642163,9158,348679,2025000
1217,483,456,641680,9185,349135,2008100
1218,455,453,641225,9187,349588,1934600
1219,458,485,640767,9160,350073,1999600
1220,423,480,640344,9103,350553,1880600
1221,401,493,639943,9011,351046,1822300
1222,442,434,639501,9019,351480,2051700
1223,475,479,639026,9015,351959,1792600
1224,465,493,638561,8987,352452,1784900
1225,465,441,638096,9011,352893,1987500
1226,435,471,637661,8975,353364,1934700
1227,446,458,637215,8963,353822,2017600
1228,435,448,636780,8950,354270,1934600
1229,441,437,636339,8954,354707,1948200
1230,448,427,635891,8975,355134,2069500
1231,470,459,635421,8986,355593,2064700
1232,453,440,634968,8999,356033,2177700
1233,439,451,634529,8987,356484,1963300
1234,446,448,634083,8985,356932,1897800
1235,466,463,633617,8988,357395,1915100
1236,449,453,633168,8984,357848,1937300
1237,474,444,632694,9014,358292,2118600
1238,427,456,632267,8985,358748,1916800
1239,457,443,631810,8999,359191,1949700
1240,465,434,631345,9030,359625,1923900
1241,420,452,630925,8998,360077,2104400
1242,459,462,630466,8995,360539,1899100
1243,477,489,629989,8983,361028,1870700
1244,448,431,629541,9000,361459,1890600
1245,468,471,629073,8997,361930,2375400
1246,432,451,628641,8978,362381,1943500
1247,428,445,628213,8961,362826,1956600
1248,436,462,627777,8935,363288,1929700
1249,466,490,627311,8911,363778,1925400
1250,409,461,626902,8859,364239,1887000
1251,437,436,626465,8860,364675,2161100
1252,453,441,626012,8872,365116,1919400
1253,435,435,625577,8872,365551,1842500
1254,430,426,625147,8876,365977,1851700
1255,421,440,624726,8857,366417,2023800
1256,462,483,624264,8836,366900,1778000
1257,441,463,623823,8814,367363,1845700
1258,435,444,623388,8805,367807,1832900
1259,437,440,622951,8802,368247,2276900
1260,422,438,622529,8786,368685,1918500
1261,435,440,622094,8781,369125,1968600
1262,432,422,621662,8791,369547,2103600
1263,416,435,621246,8772,369982,1914300
1264,420,489,620826,8703,370471,2130700
1265,454,431,620372,8726,370902,1861500
1266,435,444,619937,8717,371346,1874300
1267,462,469,619475,8710,371815,1849400
1268,448,422,619027,8736,372237,1952300
1269,454,437,618573,8753,372674,1920000
1270,411,427,618162,8737,373101,1776200
1271,424,453,617738,8708,373554,1973800
1272,412,457,617326,8663,374011,1819700
1273,434,399,616892,8698,374410,1834300
1274,479,430,616413,8747,374840,1836200
1275,434,459,615979,8722,375299,1833100
1276,424,431,615555,8715,375730,1916800
1277,464,457,615091,8722,376187,2077500
1278,418,434,614673,8706,376621,2146100
1279,404,424,614269,8686,377045,2127300
1280,436,411,613833,8711,377456,1909900
1281,443,475,613390,8679,377931,1852100
1282,427,438,612963,8668,378369,1899400
1283,452,437,612511,8683,378806,1968400
1284,462,465,612049,8680,379271,1883100
1285,430,450,611619,8660,379721,1913800
1286,425,436,611194,8649,380157,1850800
1287,441,434,610753,8656,380591,1868800
1288,443,442,610310,8657,381033,1781700
1289,447,390,609863,8714,381423,1841200
1290,438,434,609425,8718,381857,2123300
1291,432,406,608993,8744,382263,2091200
1292,494,432,608499,8806,382695,2039700
1293,467,445,608032,8828,383140,2057700
1294,481,451,607551,8858,383591,1991300
1295,451,419,607100,8890,384010,1874400
1296,492,440,606608,8942,384450,1787700
1297,448,452,606160,8938,384902,1906400
1298,485,463,605675,8960,385365,1930300
1299,445,431,605230,8974,385796,1831800
1300,475,481,604755,8968,386277,1858700
1301,427,466,604328,8929,386743,1980700
1302,434,438,603894,8925,387181,1873400
1303,450,433,603444,8942,387614,1880600
1304,404,441,603040,8905,388055,1855100
1305,413,430,602627,8888,388485,1855400
1306,421,410,602206,8899,388895,1911500
1307,435,440,601771,8894,389335,1921000
1308,441,451,601330,8884,389786,1918700
1309,447,475,600883,8856,390261,1898600
1310,408,511,600475,8753,390772,1875800
1311,415,428,600060,8740,391200,1902300
1312,418,403,599642,8755,391603,1836000
1313,422,435,599220,8742,392038,1773700
1314,439,425,598781,8756,392463,11083600
1315,439,445,598342,8750,392908,2239300
1316,465,444,597877,8771,393352,1938200
1317,472,442,597405,8801,393794,2101900
1318,424,422,596981,8803,394216,1863800
1319,467,421,596514,8849,394637,2052200
1320,471,422,596043,8898,395059,1886900
1321,399,406,595644,8891,395465,1862000
1322,414,464,595230,8841,395929,1949700
1323,423,498,594807,8766,396427,1915300
1324,418,438,594389,8746,396865,1950700
1325,415,449,593974,8712,397314,1963100
1326,413,431,593561,8694,397745,1905800
1327,414,480,593147,8628,398225,1913400
1328,436,410,592711,8654,398635,1974100
1329,439,469,592272,8624,399104,1977200
1330,431,434,591841,8621,399538,2074100
1331,409,472,591432,8558,400010,1975900
1332,432,393,591000,8597,400403,1942300
1333,436,408,590564,8625,400811,1917700
1334,385,447,590179,8563,401258,2017900
1335,421,402,589758,8582,401660,1923000
1336,401,434,589357,8549,402094,2246300
1337,460,432,588897,8577,402526,1948400
1338,400,420,588497,8557,402946,1947600
1339,452,396,588045,8613,403342,1924500
1340,400,390,587645,8623,403732,1928300
1341,441,460,587204,8604,404192,1869200
1342,432,436,586772,8600,404628,2025900
1343,432,408,586340,8624,405036,1841300
1344,408,431,585932,8601,405467,1859400
1345,434,439,585498,8596,405906,1798700
1346,423,437,585075,8582,406343,1928200
1347,448,460,584627,8570,406803,1919600
1348,444,406,584183,8608,407209,1916500
1349,405,459,583778,8554,407668,2134900
1350,427,418,583351,8563,408086,2073500
1351,427,443,582924,8547,408529,1931800
1352,427,410,582497,8564,408939,1961100
1353,429,430,582068,8563,409369,2223500
1354,412,466,581656,8509,409835,2170800
1355,438,440,581218,8507,410275,1945900
1356,415,413,580803,8509,410688,1856400
1357,434,439,580369,8504,411127,2009900
1358,408,452,579961,8460,411579,1949000
1359,405,415,579556,8450,411994,1976100
1360,398,420,579158,8428,412414,1951800
1361,433,435,578725,8426,412849,1842600
1362,386,426,578339,8386,413275,1941400
1363,396,421,577943,8361,413696,1957300
1364,388,411,577555,8338,414107,1939800
1365,439,413,577116,8364,414520,1910200
1366,398,438,576718,8324,414958,1853200
1367,409,415,576309,8318,415373,2019400
1368,410,382,575899,8346,415755,1878900
1369,421,422,575478,8345,416177,2088000
1370,411,422,575067,8334,416599,1885900
1371,454,395,574613,8393,416994,1841100
1372,415,409,574198,8399,417403,1768300
1373,383,397,573815,8385,417800,1861600
1374,422,412,573393,8395,418212,1908600
1375,361,404,573032,8352,418616,1936000
1376,416,391,572616,8377,419007,1889300
1377,442,385,572174,8434,419392,1985300
1378,422,396,571752,8460,419788,2180300
1379,427,429,571325,8458,420217,1929200
1380,401,467,570924,8392,420684,1906800
1381,431,407,570493,8416,421091,2094500
1382,428,393,570065,8451,421484,1928700
1383,447,399,569618,8499,421883,1880200
1384,377,434,569241,8442,422317,1842300
1385,439,452,568802,8429,422769,1860600
1386,414,400,568388,8443,423169,1999100
1387,387,446,568001,8384,423615,1786800
1388,400,398,567601,8386,424013,1768600
1389,380,416,567221,8350,424429,1898300
1390,395,408,566826,8337,424837,1908800
1391,420,427,566406,8330,425264,2001000
1392,405,382,566001,8353,425646,1913500
1393,413,447,565588,8319,426093,2353000
1394,409,398,565179,8330,426491,1908600
1395,418,461,564761,8287,426952,1950700
1396,394,409,564367,8272,427361,1936500
1397,440,378,563927,8334,427739,1901300
1398,400,388,563527,8346,428127,2192600
1399,415,419,563112,8342,428546,1926300
1400,416,414,562696,8344,428960,1912100
1401,420,434,562276,8330,429394,1875500
1402,447,403,561829,8374,429797,1863100
1403,435,450,561394,8359,430247,1800100
1404,427,411,560967,8375,430658,1766800
1405,407,428,560560,8354,431086,1776400
1406,376,410,560184,8320,431496,2146200
1407,446,405,559738,8361,431901,2050600
1408,436,385,559302,8412,432286,2047600
1409,402,391,558900,8423,432677,1950800
1410,415,453,558485,8385,433130,2041200
1411,422,438,558063,8369,433568,1907400
1412,469,450,557594,8388,434018,1878500
1413,373,397,557221,8364,434415,1872900
1414,415,407,556806,8372,434822,1906900
1415,412,388,556394,8396,435210,1850600
1416,400,421,555994,8375,435631,2001500
1417,442,406,555552,8411,436037,1911200
1418,439,436,555113,8414,436473,1837100
1419,429,418,554684,8425,436891,1780100
1420,455,408,554229,8472,437299,1790800
1421,458,425,553771,8505,437724,1941800
1422,440,443,553331,8502,438167,1908000
1423,417,417,552914,8502,438584,2036600
1424,440,416,552474,8526,439000,2140700
1425,450,458,552024,8518,439458,1925000
1426,415,412,551609,8521,439870,1928000
1427,419,441,551190,8499,440311,2183300
1428,432,475,550758,8456,440786,1941100
1429,421,434,550337,8443,441220,1955100
1430,438,457,549899,8424,441677,1930100
1431,430,442,549469,8412,442119,2183800
1432,431,399,549038,8444,442518,1985400
1433,442,459,548596,8427,442977,1970300
1434,396,431,548200,8392,443408,1915000
1435,405,440,547795,8357,443848,1902900
1436,400,420,547395,8337,444268,1782700
1437,431,444,546964,8324,444712,1997600
1438,408,425,546556,8307,445137,1849200
1439,430,405,546126,8332,445542,1867200
1440,414,423,545712,8323,445965,1856900
1441,383,408,545329,8298,446373,1870600
1442,399,391,544930,8306,446764,1921800
1443,392,403,544538,8295,447167,1842200
1444,413,394,544125,8314,447561,1920900
1445,403,431,543722,8286,447992,2002400
1446,443,385,543279,8344,448377,1886600
1447,403,432,542876,8315,448809,1847700
1448,402,420,542474,8297,449229,1789400
1449,378,403,542096,8272,449632,1874500
1450,420,421,541676,8271,450053,1844000
1451,422,425,541254,8268,450478,1890100
1452,401,414,540853,8255,450892,1919000
1453,427,419,540426,8263,451311,1895700
1454,400,398,540026,8265,451709,1835100
1455,434,402,539592,8297,452111,2008000
1456,389,452,539203,8234,452563,1873900
1457,419,393,538784,8260,452956,1878500
1458,382,421,538402,8221,453377,1873400
1459,387,412,538015,8196,453789,1875800
1460,409,400,537606,8205,454189,2252000
1461,447,402,537159,8250,454591,2120500
1462,410,384,536749,8276,454975,1980000
1463,444,429,536305,8291,455404,2030700
1464,428,408,535877,8311,455812,1970700
1465,406,363,535471,8354,456175,2149200
1466,423,424,535048,8353,456599,2005500
1467,370,397,534678,8326,456996,2218500
1468,413,441,534265,8298,457437,1931900
1469,408,386,533857,8320,457823,1939000
1470,380,383,533477,8317,458206,2112000
1471,426,435,533051,8308,458641,2081300
1472,429,416,532622,8321,459057,1972800
1473,420,403,532202,8338,459460,1904100
1474,425,412,531777,8351,459872,2042000
1475,412,426,531365,8337,460298,1955800
1476,375,388,530990,8324,460686,1918700
1477,388,397,530602,8315,461083,2190400
1478,393,376,530209,8332,461459,1919500
1479,440,417,529769,8355,461876,1929200
1480,432,421,529337,8366,462297,1886200
1481,369,406,528968,8329,462703,1890600
1482,433,414,528535,8348,463117,1866300
1483,419,417,528116,8350,463534,1878100
1484,392,411,527724,8331,463945,1882200
1485,428,432,527296,8327,464377,1827800
1486,387,439,526909,8275,464816,1903700
1487,390,397,526519,8268,465213,1906000
1488,392,401,526127,8259,465614,1960800
1489,390,433,525737,8216,466047,1951100
1490,407,412,525330,8211,466459,1936900
1491,415,410,524915,8216,466869,1910300
1492,404,383,524511,8237,467252,2110500
1493,390,397,524121,8230,467649,2075700
1494,388,362,523733,8256,468011,1900000
1495,389,408,523344,8237,468419,1936800
1496,426,409,522918,8254,468828,2096800
1497,387,445,522531,8196,469273,2057800
1498,409,385,522122,8220,469658,1956500
1499,405,379,521717,8246,470037,1949400
1500,394,408,521323,8232,470445,1920800
1501,381,423,520942,8190,470868,1890900
1502,406,422,520536,8174,471290,2021700
1503,405,419,520131,8160,471709,2058200
1504,410,386,519721,8184,472095,1939300
1505,411,428,519310,8167,472523,1885100
1506,417,432,518893,8152,472955,1889800
1507,400,430,518493,8122,473385,1840200
1508,430,377,518063,8175,473762,1855200
1509,426,393,517637,8208,474155,1881000
1510,377,409,517260,8176,474564,1844200
1511,412,411,516848,8177,474975,2000200
1512,421,379,516427,8219,475354,1857200
1513,443,411,515984,8251,475765,1907800
1514,424,387,515560,8288,476152,2026500
1515,441,424,515119,8305,476576,1931100
1516,436,405,514683,8336,476981,2170700
1517,445,448,514238,8333,477429,2145800
1518,454,401,513784,8386,477830,2009500
1519,467,402,513317,8451,478232,2188200
1520,442,403,512875,8490,478635,2146300
1521,431,430,512444,8491,479065,2052600
1522,455,410,511989,8536,479475,1864100
1523,442,409,511547,8569,479884,1849300
1524,422,443,511125,8548,480327,1867000
1525,390,416,510735,8522,480743,1830100
1526,420,415,510315,8527,481158,1921800
1527,420,454,509895,8493,481612,1967300
1528,454,477,509441,8470,482089,1921500
1529,421,430,509020,8461,482519,1990600
1530,431,419,508589,8473,482938,2456700
1531,407,466,508182,8414,483404,2280700
1532,421,424,507761,8411,483828,2244100
1533,452,394,507309,8469,484222,1912500
1534,413,448,506896,8434,484670,2074200
1535,453,422,506443,8465,485092,2051500
1536,408,431,506035,8442,485523,1857800
1537,455,400,505580,8497,485923,1976300
1538,451,422,505129,8526,486345,1908700
1539,448,400,504681,8574,486745,1919400
1540,411,431,504270,8554,487176,1874200
1541,459,457,503811,8556,487633,1848700
1542,452,441,503359,8567,488074,1909800
1543,459,421,502900,8605,488495,1927800
1544,449,410,502451,8644,488905,1893800
1545,432,421,502019,8655,489326,1858000
1546,387,439,501632,8603,489765,1861400
1547,462,428,501170,8637,490193,1785900
1548,411,454,500759,8594,490647,1830500
1549,419,408,500340,8605,491055,1833200
1550,418,423,499922,8600,491478,1803200
1551,451,447,499471,8604,491925,1915500
1552,415,418,499056,8601,492343,2194400
1553,423,442,498633,8582,492785,2076700
1554,410,463,498223,8529,493248,1927300
1555,402,400,497821,8531,493648,1788800
1556,415,399,497406,8547,494047,1871700
1557,417,379,496989,8585,494426,2162000
1558,428,406,496561,8607,494832,1880200
1559,413,439,496148,8581,495271,2184500
1560,390,471,495758,8500,495742,1954600
1561,413,426,495345,8487,496168,1996700
1562,394,435,494951,8446,496603,1976400
1563,405,385,494546,8466,496988,1909600
1564,434,414,494112,8486,497402,2050100
1565,395,456,493717,8425,497858,1913200
1566,391,419,493326,8397,498277,1884500
1567,423,420,492903,8400,498697,1927000
1568,456,434,492447,8422,499131,1870700
1569,410,429,492037,8403,499560,1874800
1570,419,398,491618,8424,499958,1783100
1571,418,394,491200,8448,500352,1913400
1572,407,437,490793,8418,500789,1853500
1573,397,444,490396,8371,501233,1891900
1574,446,459,489950,8358,501692,2070000
1575,416,437,489534,8337,502129,1989200
1576,422,395,489112,8364,502524,2095100
1577,422,379,488690,8407,502903,1917200
1578,425,388,488265,8444,503291,1902800
1579,436,419,487829,8461,503710,1869300
1580,391,390,487438,8462,504100,2057400
1581,418,419,487020,8461,504519,2158200
1582,455,425,486565,8491,504944,2109300
1583,454,426,486111,8519,505370,1852900
1584,437,430,485674,8526,505800,1851200
1585,445,433,485229,8538,506233,1997300
1586,402,450,484827,8490,506683,1808000
1587,418,435,484409,8473,507118,1854600
1588,442,403,483967,8512,507521,1823900
1589,411,427,483556,8496,507948,1877400
1590,451,399,483105,8548,508347,2053800
1591,423,456,482682,8515,508803,2222700
1592,435,412,482247,8538,509215,2159100
1593,427,411,481820,8554,509626,1899600
1594,398,397,481422,8555,510023,1968700
1595,421,431,481001,8545,510454,1924700
1596,402,427,480599,8520,510881,1899000
1597,427,419,480172,8528,511300,1870900
1598,405,440,479767,8493,511740,2055000
1599,369,426,479398,8436,512166,2047200
1600,394,417,479004,8413,512583,1971000
1601,375,422,478629,8366,513005,1910700
1602,414,411,478215,8369,513416,1886800
1603,396,406,477819,8359,513822,1988700
1604,417,454,477402,8322,514276,1892500
1605,439,419,476963,8342,514695,1895000
1606,379,410,476584,8311,515105,1910700
1607,421,432,476163,8300,515537,2024200
1608,419,434,475744,8285,515971,2001600
1609,421,441,475323,8265,516412,1978500
1610,424,392,474899,8297,516804,1989700
1611,428,423,474471,8302,517227,1865400
1612,459,447,474012,8314,517674,1913000
1613,408,411,473604,8311,518085,1824400
1614,418,405,473186,8324,518490,1815000
1615,440,423,472746,8341,518913,1812100
1616,436,393,472310,8384,519306,1818900
1617,430,413,471880,8401,519719,2031800
1618,424,435,471456,8390,520154,1890700
1619,419,398,471037,8411,520552,1837700
1620,412,395,470625,8428,520947,2012500
1621,408,403,470217,8433,521350,1858300
1622,425,438,469792,8420,521788,1901200
1623,372,405,469420,8387,522193,1842300
1624,394,441,469026,8340,522634,1811900
1625,461,416,468565,8385,523050,1851800
1626,383,385,468182,8383,523435,1985400
1627,418,406,467764,8395,523841,2027600
1628,427,399,467337,8423,524240,1930200
1629,406,421,466931,8408,524661,2078500
1630,406,421,466525,8393,525082,1897200
1631,403,432,466122,8364,525514,1940300
1632,441,411,465681,8394,525925,1936200
1633,399,415,465282,8378,526340,1952200
1634,415,443,464867,8350,526783,2097500
1635,402,402,464465,8350,527185,2019600
1636,426,419,464039,8357,527604,1969200
1637,421,426,463618,8352,528030,1889700
1638,403,427,463215,8328,528457,2050600
1639,432,390,462783,8370,528847,2000400
1640,464,429,462319,8405,529276,1971800
1641,435,433,461884,8407,529709,1952600
1642,399,435,461485,8371,530144,1960500
1643,439,431,461046,8379,530575,1913500
1644,393,434,460653,8338,531009,1902100
1645,368,450,460285,8256,531459,2066000
1646,399,397,459886,8258,531856,1856700
1647,405,403,459481,8260,532259,2025000
1648,380,395,459101,8245,532654,1914700
1649,383,405,458718,8223,533059,1850500
1650,383,423,458335,8183,533482,1843400
1651,392,428,457943,8147,533910,1909600
1652,415,403,457528,8159,534313,1914800
1653,387,392,457141,8154,534705,1918200
1654,374,434,456767,8094,535139,2024600
1655,391,406,456376,8079,535545,2467400
1656,411,407,455965,8083,535952,2143700
1657,391,392,455574,8082,536344,2053600
1658,437,451,455137,8068,536795,1935000
1659,438,400,454699,8106,537195,1806500
1660,420,389,454279,8137,537584,1904700
1661,402,424,453877,8115,538008,1954200
1662,440,407,453437,8148,538415,1887300
1663,414,371,453023,8191,538786,1991600
1664,428,382,452595,8237,539168,1956000
1665,421,396,452174,8262,539564,1985600
1666,447,414,451727,8295,539978,2356300
1667,408,420,451319,8283,540398,2037900
1668,357,379,450962,8261,540777,2016000
1669,415,410,450547,8266,541187,1887800
1670,421,421,450126,8266,541608,1851200
1671,425,435,449701,8256,542043,1912900
1672,415,413,449286,8258,542456,1870400
1673,409,391,448877,8276,542847,1953700
1674,427,420,448450,8283,543267,1906600
1675,419,425,448031,8277,543692,1977500
1676,372,429,447659,8220,544121,1874000
1677,421,426,447238,8215,544547,1981200
1678,415,408,446823,8222,544955,1961900
1679,393,411,446430,8204,545366,1902600
1680,365,400,446065,8169,545766,1862200
1681,400,411,445665,8158,546177,1875600
1682,400,420,445265,8138,546597,1842200
1683,412,418,444853,8132,547015,1851800
1684,413,413,444440,8132,547428,1921000
1685,400,412,444040,8120,547840,1873300
1686,387,406,443653,8101,548246,1943800
1687,409,387,443244,8123,548633,1915400
1688,369,384,442875,8108,549017,1962200
1689,408,405,442467,8111,549422,1998900
1690,396,433,442071,8074,549855,1889500
1691,394,392,441677,8076,550247,1900000
1692,381,423,441296,8034,550670,1918300
1693,371,387,440925,8018,551057,1880800
1694,393,370,440532,8041,551427,1910300
1695,401,382,440131,8060,551809,1965000
1696,418,397,439713,8081,552206,1835100
1697,424,379,439289,8126,552585,1934900
1698,411,377,438878,8160,552962,1855000
1699,465,379,438413,8246,553341,1890100
1700,414,461,437999,8199,553802,1937500
1701,393,456,437606,8136,554258,2315400
1702,387,395,437219,8128,554653,1933700
1703,391,403,436828,8116,555056,1874700
1704,440,421,436388,8135,555477,1875300
1705,420,437,435968,8118,555914,1899800
1706,375,390,435593,8103,556304,1897200
1707,404,367,435189,8140,556671,1861200
1708,403,388,434786,8155,557059,1835400
1709,399,426,434387,8128,557485,1848900
1710,419,425,433968,8122,557910,1849100
1711,432,432,433536,8122,558342,1929300
1712,444,378,433092,8188,558720,1873000
1713,408,426,432684,8170,559146,1892400
1714,419,398,432265,8191,559544,1864800
1715,414,373,431851,8232,559917,1849400
1716,421,395,431430,8258,560312,1745800
1717,420,394,431010,8284,560706,1898400
1718,455,425,430555,8314,561131,2049500
1719,446,447,430109,8313,561578,2059600
1720,418,393,429691,8338,561971,1805400
1721,422,418,429269,8342,562389,1850900
1722,412,446,428857,8308,562835,1882700
1723,441,433,428416,8316,563268,1878000
1724,446,423,427970,8339,563691,1939500
1725,452,412,427518,8379,564103,1888000
1726,442,442,427076,8379,564545,1877400
1727,454,454,426622,8379,564999,2004100
1728,441,432,426181,8388,565431,1852200
1729,433,450,425748,8371,565881,1865500
1730,493,457,425255,8407,566338,1844200
1731,459,413,424796,8453,566751,1874400
1732,426,405,424370,8474,567156,2105900
1733,412,421,423958,8465,567577,1958800
1734,449,407,423509,8507,567984,1978600
1735,401,417,423108,8491,568401,2186300
1736,433,418,422675,8506,568819,2273200
1737,417,400,422258,8523,569219,1898300
1738,429,451,421829,8501,569670,1902200
1739,403,447,421426,8457,570117,1893700
1740,440,411,420986,8486,570528,1952900
1741,421,431,420565,8476,570959,1893100
1742,431,393,420134,8514,571352,1886000
1743,427,426,419707,8515,571778,1920900
1744,422,419,419285,8518,572197,2058400
1745,415,420,418870,8513,572617,1912700
1746,415,438,418455,8490,573055,2330600
1747,438,436,418017,8492,573491,1900000
1748,432,440,417585,8484,573931,1942700
1749,400,404,417185,8480,574335,1889600
1750,414,410,416771,8484,574745,1889200
1751,418,432,416353,8470,575177,2006400
1752,433,407,415920,8496,575584,1975900
1753,415,399,415505,8512,575983,1870100
1754,424,387,415081,8549,576370,1884500
1755,425,442,414656,8532,576812,1891700
1756,408,427,414248,8513,577239,1949900
1757,387,452,413861,8448,577691,1795000
1758,431,435,413430,8444,578126,1799900
1759,411,408,413019,8447,578534,1948900
1760,421,406,412598,8462,578940,1900300
1761,400,429,412198,8433,579369,1897700
1762,410,408,411788,8435,579777,1888600
1763,424,428,411364,8431,580205,2009400
1764,394,428,410970,8397,580633,1934200
1765,419,396,410551,8420,581029,2092200
1766,447,394,410104,8473,581423,2169200
1767,432,412,409672,8493,581835,1938200
1768,424,400,409248,8517,582235,2009300
1769,397,431,408851,8483,582666,2019100
1770,430,413,408421,8500,583079,1909000
1771,371,411,408050,8460,583490,1940900
1772,426,404,407624,8482,583894,2017100
1773,414,424,407210,8472,584318,1906400
1774,431,449,406779,8454,584767,2035600
1775,413,388,406366,8479,585155,1897600
1776,412,406,405954,8485,585561,1878000
1777,445,439,405509,8491,586000,1808000
1778,438,428,405071,8501,586428,1803600
1779,394,416,404677,8479,586844,1747800
1780,391,398,404286,8472,587242,1878300
1781,424,420,403862,8476,587662,1904000
1782,418,394,403444,8500,588056,1900900
1783,438,425,403006,8513,588481,2033400
1784,445,414,402561,8544,588895,1990100
1785,424,387,402137,8581,589282,1960300
1786,435,428,401702,8588,589710,1912500
1787,467,419,401235,8636,590129,1888300
1788,418,393,400817,8661,590522,1868200
1789,442,453,400375,8650,590975,1880400
1790,422,414,399953,8658,591389,1871600
1791,417,459,399536,8616,591848,1900400
1792,449,458,399087,8607,592306,2017400
1793,416,469,398671,8554,592775,1871700
1794,399,425,398272,8528,593200,1870500
1795,440,412,397832,8556,593612,1885700
1796,396,449,397436,8503,594061,2157500
1797,425,400,397011,8528,594461,2040700
1798,419,424,396592,8523,594885,2008300
1799,429,413,396163,8539,595298,2485100
1800,404,424,395759,8519,595722,2081400
1801,411,414,395348,8516,596136,2014900
1802,419,410,394929,8525,596546,2019000
1803,407,391,394522,8541,596937,1942100
1804,426,435,394096,8532,597372,1891200
1805,435,404,393661,8563,597776,1893400
1806,444,411,393217,8596,598187,1943700
1807,419,451,392798,8564,598638,1924200
1808,449,389,392349,8624,599027,1882500
1809,419,431,391930,8612,599458,2151500
1810,409,486,391521,8535,599944,1891400
1811,417,434,391104,8518,600378,1901100
1812,384,433,390720,8469,600811,1861400
1813,407,438,390313,8438,601249,1924800
1814,419,410,389894,8447,601659,1867800
1815,410,421,389484,8436,602080,1979700
1816,426,434,389058,8428,602514,1914100
1817,453,424,388605,8457,602938,1848100
1818,441,400,388164,8498,603338,1870900
1819,412,399,387752,8511,603737,1876100
1820,421,456,387331,8476,604193,1990600
1821,462,425,386869,8513,604618,1849200
1822,395,401,386474,8507,605019,1959800
1823,437,458,386037,8486,605477,2227500
1824,419,436,385618,8469,605913,1973400
1825,444,434,385174,8479,606347,2188900
1826,415,412,384759,8482,606759,2315200
1827,389,401,384370,8470,607160,2147200
1828,386,432,383984,8424,607592,2052700
1829,413,443,383571,8394,608035,2172400
1830,384,413,383187,8365,608448,2274600
1831,380,417,382807,8328,608865,2126000
1832,410,412,382397,8326,609277,1955900
1833,407,437,381990,8296,609714,2096400
1834,387,369,381603,8314,610083,2159300
1835,397,401,381206,8310,610484,1967500
1836,386,430,380820,8266,610914,2009500
1837,384,427,380436,8223,611341,1954200
1838,392,418,380044,8197,611759,2338600
1839,394,453,379650,8138,612212,2327300
1840,395,417,379255,8116,612629,2065400
1841,404,383,378851,8137,613012,1979200
1842,390,394,378461,8133,613406,1921200
1843,405,444,378056,8094,613850,1978400
1844,415,425,377641,8084,614275,2249600
1845,414,431,377227,8067,614706,1929900
1846,417,424,376810,8060,615130,2032100
1847,376,446,376434,7990,615576,2078100
1848,430,391,376004,8029,615967,1959100
1849,421,375,375583,8075,616342,2039300
1850,375,386,375208,8064,616728,1944800
1851,420,399,374788,8085,617127,1989600
1852,423,409,374365,8099,617536,1894100
1853,422,430,373943,8091,617966,1933800
1854,417,424,373526,8084,618390,1989900
1855,440,408,373086,8116,618798,1944600
1856,422,407,372664,8131,619205,2032300
1857,396,381,372268,8146,619586,2080900
1858,429,403,371839,8172,619989,1860200
1859,383,377,371456,8178,620366,1902700
1860,428,425,371028,8181,620791,1903500
1861,429,411,370599,8199,621202,1922600
1862,432,370,370167,8261,621572,1942400
1863,422,412,369745,8271,621984,1939700
1864,429,431,369316,8269,622415,1975700
1865,409,374,368907,8304,622789,1917400
1866,455,394,368452,8365,623183,1908500
1867,435,414,368017,8386,623597,2140800
1868,403,403,367614,8386,624000,1980800
1869,407,383,367207,8410,624383,2057200
1870,399,428,366808,8381,624811,2366200
1871,403,397,366405,8387,625208,1966300
1872,427,414,365978,8400,625622,2117100
1873,428,410,365550,8418,626032,1877400
1874,391,419,365159,8390,626451,2111700
1875,424,443,364735,8371,626894,1875700
1876,413,430,364322,8354,627324,1953000
1877,436,404,363886,8386,627728,2230700
1878,408,449,363478,8345,628177,2280700
1879,433,395,363045,8383,628572,1937800
1880,400,426,362645,8357,628998,2186000
1881,388,414,362257,8331,629412,2180500
1882,409,412,361848,8328,629824,1956100
1883,387,384,361461,8331,630208,1981000
1884,443,404,361018,8370,630612,1992600
1885,405,451,360613,8324,631063,1913400
1886,413,417,360200,8320,631480,1964200
1887,420,436,359780,8304,631916,1931200
1888,427,356,359353,8375,632272,1944100
1889,417,398,358936,8394,632670,1938100
1890,403,427,358533,8370,633097,1918700
1891,435,379,358098,8426,633476,1947600
1892,432,441,357666,8417,633917,1971800
1893,445,436,357221,8426,634353,1933000
1894,413,469,356808,8370,634822,2037200
1895,419,439,356389,8350,635261,2122400
1896,396,450,355993,8296,635711,1992700
1897,402,427,355591,8271,636138,1815400
1898,405,411,355186,8265,636549,2057900
1899,416,381,354770,8300,636930,1986900
1900,430,416,354340,8314,637346,2003700
1901,438,397,353902,8355,637743,2087100
1902,400,428,353502,8327,638171,2000700
1903,410,425,353092,8312,638596,1974200
1904,414,422,352678,8304,639018,2081600
1905,444,421,352234,8327,639439,2026200
1906,437,436,351797,8328,639875,1994000
1907,419,442,351378,8305,640317,2156100
1908,430,419,350948,8316,640736,2059000
1909,423,405,350525,8334,641141,2025900
1910,397,407,350128,8324,641548,1972600
1911,424,423,349704,8325,641971,1991300
1912,404,412,349300,8317,642383,1906600
1913,404,388,348896,8333,642771,1915700
1914,399,412,348497,8320,643183,1973300
1915,418,446,348079,8292,643629,1871200
1916,408,409,347671,8291,644038,2284400
1917,418,408,347253,8301,644446,1945500
1918,394,414,346859,8281,644860,1909100
1919,392,387,346467,8286,645247,2051600
1920,420,430,346047,8276,645677,1918900
1921,397,399,345650,8274,646076,1941200
1922,392,436,345258,8230,646512,1873500
1923,415,440,344843,8205,646952,1930800
1924,421,424,344422,8202,647376,1832900
1925,431,443,343991,8190,647819,1886900
1926,395,381,343596,8204,648200,1861500
1927,413,432,343183,8185,648632,1806100
1928,370,361,342813,8194,648993,1810300
1929,376,413,342437,8157,649406,1773400
1930,398,404,342039,8151,649810,1922300
1931,382,404,341657,8129,650214,1808200
1932,405,433,341252,8101,650647,1911200
1933,376,399,340876,8078,651046,1848100
1934,404,375,340472,8107,651421,1808000
1935,356,422,340116,8041,651843,1907900
1936,405,395,339711,8051,652238,1816200
1937,399,413,339312,8037,652651,1935100
1938,375,422,338937,7990,653073,1867500
1939,369,405,338568,7954,653478,1910000
1940,358,419,338210,7893,653897,1876300
1941,350,384,337860,7859,654281,1768600
1942,347,413,337513,7793,654694,1813900
1943,350,398,337163,7745,655092,1897300
1944,370,392,336793,7723,655484,1810500
1945,384,370,336409,7737,655854,1900600
1946,353,356,336056,7734,656210,2182000
1947,343,384,335713,7693,656594,1922800
1948,341,404,335372,7630,656998,1853300
1949,370,378,335002,7622,657376,2047000
1950,346,341,334656,7627,657717,1859300
1951,339,404,334317,7562,658121,1911500
1952,342,357,333975,7547,658478,1938600
1953,374,378,333601,7543,658856,2396800
1954,381,371,333220,7553,659227,1919300
1955,360,406,332860,7507,659633,1952000
1956,332,371,332528,7468,660004,1860900
1957,374,380,332154,7462,660384,1864400
1958,383,349,331771,7496,660733,1856800
1959,333,359,331438,7470,661092,1864200
1960,388,364,331050,7494,661456,2094300
1961,382,390,330668,7486,661846,1920500
1962,366,372,330302,7480,662218,1777100
1963,363,372,329939,7471,662590,1835100
1964,368,336,329571,7503,662926,1909200
1965,358,381,329213,7480,663307,1891100
1966,369,353,328844,7496,663660,1914800
1967,359,367,328485,7488,664027,2011900
1968,359,381,328126,7466,664408,2241300
1969,378,370,327748,7474,664778,1959100
1970,384,360,327364,7498,665138,2007700
1971,397,406,326967,7489,665544,1989900
1972,361,363,326606,7487,665907,1930300
1973,375,355,326231,7507,666262,1959100
1974,324,366,325907,7465,666628,1936400
1975,401,397,325506,7469,667025,1880500
1976,390,388,325116,7471,667413,1926800
1977,391,371,324725,7491,667784,1812400
1978,359,392,324366,7458,668176,1848900
1979,375,353,323991,7480,668529,1976400
1980,358,375,323633,7463,668904,1866400
1981,341,350,323292,7454,669254,2001500
1982,357,415,322935,7396,669669,1851800
1983,346,373,322589,7369,670042,1938900
1984,364,340,322225,7393,670382,1873100
1985,400,339,321825,7454,670721,1774000
1986,353,367,321472,7440,671088,1880600
1987,317,386,321155,7371,671474,2053200
1988,372,403,320783,7340,671877,1821400
1989,332,378,320451,7294,672255,1798800
1990,359,318,320092,7335,672573,1747000
1991,360,376,319732,7319,672949,1837200
1992,359,363,319373,7315,673312,1840600
1993,348,380,319025,7283,673692,1775900
1994,357,330,318668,7310,674022,1933100
1995,356,387,318312,7279,674409,2031100
1996,313,380,317999,7212,674789,2077000
1997,366,369,317633,7209,675158,1791300
1998,352,368,317281,7193,675526,1872600
1999,335,382,316946,7146,675908,1812900
2000,390,377,316556,7159,676285,1907800
2001,353,401,316203,7111,676686,1913400
2002,334,371,315869,7074,677057,1944900
2003,317,361,315552,7030,677418,2047600
2004,385,342,315167,7073,677760,1796300
2005,361,342,314806,7092,678102,1851300
2006,319,380,314487,7031,678482,2112100
2007,359,363,314128,7027,678845,1837100
2008,353,369,313775,7011,679214,1808300
2009,344,390,313431,6965,679604,2086900
2010,345,379,313086,6931,679983,1824900
2011,323,344,312763,6910,680327,1867700
2012,332,360,312431,6882,680687,1752000
2013,355,357,312076,6880,681044,1884900
2014,334,330,311742,6884,681374,1759000
2015,333,351,311409,6866,681725,1804700
2016,352,301,311057,6917,682026,1810200
2017,337,343,310720,6911,682369,1865800
2018,335,372,310385,6874,682741,1842200
2019,288,330,310097,6832,683071,1792300
2020,354,345,309743,6841,683416,1772000
2021,313,370,309430,6784,683786,2024500
2022,336,348,309094,6772,684134,1773900
2023,345,325,308749,6792,684459,1735600
2024,327,335,308422,6784,684794,1927800
2025,338,373,308084,6749,685167,1916600
2026,343,314,307741,6778,685481,1979700
2027,336,345,307405,6769,685826,1804700
2028,346,341,307059,6774,686167,1879800
2029,328,321,306731,6781,686488,1885000
2030,319,340,306412,6760,686828,1954600
2031,346,314,306066,6792,687142,1821400
2032,337,347,305729,6782,687489,1759900
2033,349,337,305380,6794,687826,1896000
2034,355,341,305025,6808,688167,1901900
2035,359,315,304666,6852,688482,1982600
2036,352,352,304314,6852,688834,2163000
2037,360,322,303954,6890,689156,2017800
2038,311,357,303643,6844,689513,1948200
2039,339,379,303304,6804,689892,1884400
2040,340,349,302964,6795,690241,1803800
2041,341,338,302623,6798,690579,2069800
2042,355,367,302268,6786,690946,1897200
2043,356,329,301912,6813,691275,1852600
2044,328,332,301584,6809,691607,1871500
2045,339,334,301245,6814,691941,1790300
2046,330,356,300915,6788,692297,1787200
2047,357,341,300558,6804,692638,1874400
2048,352,332,300206,6824,692970,1892200
2049,312,350,299894,6786,693320,1876800
2050,337,342,299557,6781,693662,1779000
2051,343,315,299214,6809,693977,1713600
2052,322,374,298892,6757,694351,1781100
2053,344,341,298548,6760,694692,1797200
2054,347,320,298201,6787,695012,1840600
2055,339,360,297862,6766,695372,1760700
2056,352,339,297510,6779,695711,1778000
2057,328,333,297182,6774,696044,1905900
2058,311,343,296871,6742,696387,1883900
2059,323,313,296548,6752,696700,1826600
2060,332,319,296216,6765,697019,2055400
2061,334,330,295882,6769,697349,2064200
2062,344,341,295538,6772,697690,2007300
2063,323,349,295215,6746,698039,2022400
2064,357,353,294858,6750,698392,1952700
2065,325,324,294533,6751,698716,1983600
2066,308,330,294225,6729,699046,1901600
2067,316,317,293909,6728,699363,1923600
2068,298,342,293611,6684,699705,2009800
2069,309,302,293302,6691,700007,1871700
2070,320,341,292982,6670,700348,1897900
2071,319,340,292663,6649,700688,1872700
2072,332,331,292331,6650,701019,1856700
2073,295,367,292036,6578,701386,1874700
2074,305,327,291731,6556,701713,1916600
2075,315,325,291416,6546,702038,1894900
2076,329,339,291087,6536,702377,2123600
2077,341,323,290746,6554,702700,1867500
2078,350,318,290396,6586,703018,1963100
2079,334,324,290062,6596,703342,1872000
2080,311,335,289751,6572,703677,1906200
2081,314,352,289437,6534,704029,2163600
2082,326,341,289111,6519,704370,1860400
2083,304,325,288807,6498,704695,1878500
2084,321,349,288486,6470,705044,1918800
2085,325,331,288161,6464,705375,1900800
2086,348,337,287813,6475,705712,1791000
2087,328,329,287485,6474,706041,2050200
2088,323,312,287162,6485,706353,1988300
2089,325,338,286837,6472,706691,2011500
2090,324,321,286513,6475,707012,2185300
2091,335,326,286178,6484,707338,2011900
2092,330,326,285848,6488,707664,1943800
2093,303,321,285545,6470,707985,1948600
2094,315,334,285230,6451,708319,1917000
2095,309,322,284921,6438,708641,1850300
2096,331,329,284590,6440,708970,1871200
2097,341,311,284249,6470,709281,1794300
2098,327,329,283922,6468,709610,1883100
2099,317,311,283605,6474,709921,1877600
2100,336,333,283269,6477,710254,1865200
2101,297,328,282972,6446,710582,1883700
2102,331,324,282641,6453,710906,1945400
2103,311,316,282330,6448,711222,1990200
2104,322,329,282008,6441,711551,2171900
2105,327,340,281681,6428,711891,1911600
2106,327,334,281354,6421,712225,1895700
2107,328,314,281026,6435,712539,1924600
2108,303,278,280723,6460,712817,2120700
2109,328,333,280395,6455,713150,1961400
2110,320,324,280075,6451,713474,1902800
2111,325,314,279750,6462,713788,1958100
2112,322,329,279428,6455,714117,1991800
2113,331,299,279097,6487,714416,1947300
2114,339,361,278758,6465,714777,1906100
2115,278,349,278480,6394,715126,1905300
2116,287,326,278193,6355,715452,1914300
2117,341,332,277852,6364,715784,1956900
2118,294,299,277558,6359,716083,2056300
2119,312,328,277246,6343,716411,1964400
2120,306,309,276940,6340,716720,2159000
2121,336,333,276604,6343,717053,1883200
2122,292,340,276312,6295,717393,1905900
2123,325,321,275987,6299,717714,1915000
2124,300,319,275687,6280,718033,1839800
2125,318,317,275369,6281,718350,1863300
2126,315,301,275054,6295,718651,1886300
2127,310,337,274744,6268,718988,1898800
2128,317,332,274427,6253,719320,1898000
2129,288,333,274139,6208,719653,1883200
2130,325,305,273814,6228,719958,1993200
2131,298,319,273516,6207,720277,1921500
2132,298,346,273218,6159,720623,2027700
2133,281,306,272937,6134,720929,1979500
2134,298,310,272639,6122,721239,1941300
2135,311,293,272328,6140,721532,1857200
2136,309,311,272019,6138,721843,1892700
2137,292,325,271727,6105,722168,1971800
2138,295,290,271432,6110,722458,2087100
2139,313,271,271119,6152,722729,1955900
2140,290,301,270829,6141,723030,1868700
2141,296,305,270533,6132,723335,1933600
2142,296,315,270237,6113,723650,2157000
2143,303,313,269934,6103,723963,2118600
2144,291,304,269643,6090,724267,2151900
2145,303,321,269340,6072,724588,1979300
2146,254,316,269086,6010,724904,2058800
2147,294,289,268792,6015,725193,1943200
2148,308,289,268484,6034,725482,1929800
2149,295,325,268189,6004,725807,1956600
2150,289,306,267900,5987,726113,1892200
2151,265,281,267635,5971,726394,1883000
2152,297,299,267338,5969,726693,1821200
2153,276,291,267062,5954,726984,1903800
2154,315,311,266747,5958,727295,1908500
2155,293,288,266454,5963,727583,2361200
2156,290,315,266164,5938,727898,1863800
2157,328,265,265836,6001,728163,1907600
2158,271,321,265565,5951,728484,1850700
2159,273,285,265292,5939,728769,1888200
2160,277,266,265015,5950,729035,1858200
2161,309,293,264706,5966,729328,1737100
2162,326,337,264380,5955,729665,1800300
2163,292,303,264088,5944,729968,1832200
2164,263,322,263825,5885,730290,1824100
2165,315,299,263510,5901,730589,1897100
2166,285,342,263225,5844,730931,1720600
2167,298,314,262927,5828,731245,1945800
2168,260,306,262667,5782,731551,1926300
2169,270,278,262397,5774,731829,1936100
2170,272,329,262125,5717,732158,2048400
2171,307,293,261818,5731,732451,1917200
2172,313,291,261505,5753,732742,2372300
2173,278,304,261227,5727,733046,1883900
2174,275,311,260952,5691,733357,1793700
2175,304,268,260648,5727,733625,1755600
2176,277,289,260371,5715,733914,1965700
2177,282,259,260089,5738,734173,1781800
2178,302,259,259787,5781,734432,1784300
2179,272,270,259515,5783,734702,2042200
2180,295,261,259220,5817,734963,2107100
2181,256,296,258964,5777,735259,1958800
2182,276,275,258688,5778,735534,2044100
2183,282,314,258406,5746,735848,1769800
2184,298,274,258108,5770,736122,1809600
2185,295,273,257813,5792,736395,1770700
2186,277,279,257536,5790,736674,1876000
2187,297,300,257239,5787,736974,1869300
2188,267,271,256972,5783,737245,1860200
2189,299,289,256673,5793,737534,1765900
2190,278,279,256395,5792,737813,1768900
2191,293,283,256102,5802,738096,2007100
2192,302,300,255800,5804,738396,1885700
2193,270,271,255530,5803,738667,1878900
2194,287,323,255243,5767,738990,1882200
2195,267,288,254976,5746,739278,1874300
2196,301,292,254675,5755,739570,1802100
2197,281,291,254394,5745,739861,2215200
2198,259,301,254135,5703,740162,2090100
2199,286,275,253849,5714,740437,1938900
2200,277,268,253572,5723,740705,2118200
2201,303,304,253269,5722,741009,1923300
2202,280,271,252989,5731,741280,1867500
2203,269,282,252720,5718,741562,1842500
2204,286,268,252434,5736,741830,1887200
2205,270,282,252164,5724,742112,1766300
2206,272,263,251892,5733,742375,1701300
2207,253,289,251639,5697,742664,1884600
2208,282,295,251357,5684,742959,1854400
2209,268,278,251089,5674,743237,1807100
2210,265,282,250824,5657,743519,1743900
2211,295,291,250529,5661,743810,1801100
2212,286,280,250243,5667,744090,1896200
2213,290,288,249953,5669,744378,1825900
2214,287,289,249666,5667,744667,1853400
2215,277,287,249389,5657,744954,1774500
2216,262,313,249127,5606,745267,1819900
2217,237,301,248890,5542,745568,1771600
2218,266,260,248624,5548,745828,1790100
2219,264,270,248360,5542,746098,1862900
2220,255,284,248105,5513,746382,1818100
2221,270,273,247835,5510,746655,1805800
2222,276,266,247559,5520,746921,1713300
2223,268,278,247291,5510,747199,1878800
2224,292,286,246999,5516,747485,1917600
2225,286,280,246713,5522,747765,1887600
2226,317,253,246396,5586,748018,1964200
2227,287,273,246109,5600,748291,1901600
2228,277,281,245832,5596,748572,1823100
2229,261,281,245571,5576,748853,1753100
2230,282,297,245289,5561,749150,1822200
2231,285,298,245004,5548,749448,1772700
2232,257,257,244747,5548,749705,1761900
2233,265,278,244482,5535,749983,1821700
2234,261,269,244221,5527,750252,1756100
2235,271,283,243950,5515,750535,1739700
2236,258,261,243692,5512,750796,1768200
2237,258,290,243434,5480,751086,1777300
2238,247,263,243187,5464,751349,1902900
2239,265,270,242922,5459,751619,1775300
2240,276,269,242646,5466,751888,1756500
2241,285,264,242361,5487,752152,1849700
2242,284,272,242077,5499,752424,1827100
2243,262,297,241815,5464,752721,1755300
2244,268,285,241547,5447,753006,1776900
2245,259,301,241288,5405,753307,1992900
2246,264,258,241024,5411,753565,1885300
2247,276,259,240748,5428,753824,1777500
2248,244,283,240504,5389,754107,1869200
2249,265,280,240239,5374,754387,1754800
2250,264,234,239975,5404,754621,1837500
2251,272,270,239703,5406,754891,1890900
2252,304,288,239399,5422,755179,1769800
2253,283,279,239116,5426,755458,1877500
2254,289,290,238827,5425,755748,1814700
2255,278,263,238549,5440,756011,1803500
2256,277,282,238272,5435,756293,1767100
2257,283,289,237989,5429,756582,1773300
2258,269,268,237720,5430,756850,1879100
2259,274,250,237446,5454,757100,1806300
2260,313,242,237133,5525,757342,1769700
2261,273,287,236860,5511,757629,1782100
2262,304,265,236556,5550,757894,1764500
2263,299,270,236257,5579,758164,2109800
2264,308,284,235949,5603,758448,1754600
2265,275,265,235674,5613,758713,1887500
2266,280,275,235394,5618,758988,1785400
2267,273,257,235121,5634,759245,1750000
2268,266,299,234855,5601,759544,1708700
2269,276,278,234579,5599,759822,1869100
2270,267,282,234312,5584,760104,1914500
2271,306,265,234006,5625,760369,1791100
2272,258,288,233748,5595,760657,1943800
2273,280,267,233468,5608,760924,1829900
2274,254,288,233214,5574,761212,1796100
2275,303,301,232911,5576,761513,1815400
2276,274,311,232637,5539,761824,1969400
2277,267,292,232370,5514,762116,1882500
2278,256,273,232114,5497,762389,1894000
2279,249,264,231865,5482,762653,1770000
2280,262,285,231603,5459,762938,1841300
2281,270,265,231333,5464,763203,1823300
2282,258,285,231075,5437,763488,1736900
2283,232,289,230843,5380,763777,1916900
2284,263,257,230580,5386,764034,1791000
2285,230,263,230350,5353,764297,1776600
2286,272,260,230078,5365,764557,2004400
2287,285,258,229793,5392,764815,1760900
2288,240,286,229553,5346,765101,1787900
2289,286,275,229267,5357,765376,1886300
2290,261,235,229006,5383,765611,1925000
2291,242,284,228764,5341,765895,1906900
2292,286,250,228478,5377,766145,2212600
2293,253,262,228225,5368,766407,1883100
2294,277,265,227948,5380,766672,1935100
2295,253,271,227695,5362,766943,1996000
2296,257,285,227438,5334,767228,1825100
2297,279,276,227159,5337,767504,1877800
2298,264,302,226895,5299,767806,1846800
2299,276,263,226619,5312,768069,2027800
2300,301,262,226318,5351,768331,1825100
2301,269,249,226049,5371,768580,1846100
2302,293,259,225756,5405,768839,1857100
2303,276,258,225480,5423,769097,1834300
2304,260,254,225220,5429,769351,2100300
2305,276,300,224944,5405,769651,1836900
2306,285,270,224659,5420,769921,1859000
2307,270,254,224389,5436,770175,1826100
2308,260,281,224129,5415,770456,1854300
2309,270,269,223859,5416,770725,1827600
2310,253,260,223606,5409,770985,2061600
2311,296,275,223310,5430,771260,1840600
2312,225,298,223085,5357,771558,1862400
2313,259,267,222826,5349,771825,1818400
2314,249,257,222577,5341,772082,1922600
2315,241,254,222336,5328,772336,2114700
2316,225,292,222111,5261,772628,1870100
2317,264,257,221847,5268,772885,1848100
2318,226,248,221621,5246,773133,1754300
2319,237,242,221384,5241,773375,1785800
2320,226,262,221158,5205,773637,1764100
2321,248,263,220910,5190,773900,1900900
2322,279,253,220631,5216,774153,1981000
2323,251,260,220380,5207,774413,1880600
2324,273,264,220107,5216,774677,1829700
2325,247,272,219860,5191,774949,1783600
2326,233,267,219627,5157,775216,1765500
2327,263,261,219364,5159,775477,1904300
2328,254,252,219110,5161,775729,1862200
2329,256,256,218854,5161,775985,1918000
2330,273,292,218581,5142,776277,1875400
2331,260,242,218321,5160,776519,1751100
2332,254,257,218067,5157,776776,1757200
2333,243,250,217824,5150,777026,1753700
2334,254,238,217570,5166,777264,2010600
2335,262,274,217308,5154,777538,1861300
2336,259,248,217049,5165,777786,1829800
2337,232,252,216817,5145,778038,1754600
2338,265,261,216552,5149,778299,1754200
2339,232,249,216320,5132,778548,1871200
2340,218,256,216102,5094,778804,2103200
2341,264,259,215838,5099,779063,2185200
2342,277,251,215561,5125,779314,1871100
2343,287,249,215274,5163,779563,1824500
2344,243,256,215031,5150,779819,1891600
2345,284,244,214747,5190,780063,2027700
2346,240,231,214507,5199,780294,1867900
2347,257,244,214250,5212,780538,2123500
2348,251,246,213999,5217,780784,1862200
2349,249,254,213750,5212,781038,1881800
2350,279,270,213471,5221,781308,2036100
2351,281,259,213190,5243,781567,2002700
2352,280,272,212910,5251,781839,1852700
2353,283,285,212627,5249,782124,1942600
2354,252,240,212375,5261,782364,1908700
2355,290,278,212085,5273,782642,1870200
2356,263,267,211822,5269,782909,1856600
2357,291,236,211531,5324,783145,1856400
2358,259,287,211272,5296,783432,1868400
2359,282,249,210990,5329,783681,1913300
2360,295,251,210695,5373,783932,1807800
2361,266,281,210429,5358,784213,1985100
2362,283,265,210146,5376,784478,2277300
2363,264,227,209882,5413,784705,1913700
2364,255,281,209627,5387,784986,1801100
2365,279,270,209348,5396,785256,1824000
2366,270,247,209078,5419,785503,1807400
2367,279,250,208799,5448,785753,1781100
2368,250,267,208549,5431,786020,1808000
2369,266,275,208283,5422,786295,1925100
2370,278,260,208005,5440,786555,1881600
2371,248,284,207757,5404,786839,1878800
2372,259,268,207498,5395,787107,1761100
2373,244,277,207254,5362,787384,1768900
2374,288,252,206966,5398,787636,1752300
2375,296,270,206670,5424,787906,1862500
2376,294,262,206376,5456,788168,1865200
2377,271,253,206105,5474,788421,1774300
2378,251,244,205854,5481,788665,1762300
2379,246,286,205608,5441,788951,1771600
2380,236,277,205372,5400,789228,2077000
2381,260,256,205112,5404,789484,1784600
2382,259,289,204853,5374,789773,1871100
2383,276,266,204577,5384,790039,1853700
2384,260,263,204317,5381,790302,1764200
2385,264,280,204053,5365,790582,1698100
2386,249,254,203804,5360,790836,1855400
2387,251,269,203553,5342,791105,1862600
2388,271,268,203282,5345,791373,1837900
2389,274,273,203008,5346,791646,1854300
2390,265,255,202743,5356,791901,1781500
2391,256,280,202487,5332,792181,1773600
2392,223,290,202264,5265,792471,1885300
2393,239,258,202025,5246,792729,1919700
2394,246,260,201779,5232,792989,1802100
2395,258,252,201521,5238,793241,1846900
2396,227,279,201294,5186,793520,1770600
2397,258,263,201036,5181,793783,1726700
2398,252,235,200784,5198,794018,1858300
2399,265,266,200519,5197,794284,1866000
2400,262,276,200257,5183,794560,1846200
2401,255,262,200002,5176,794822,1718000
2402,249,245,199753,5180,795067,1727000
2403,245,255,199508,5170,795322,1860600
2404,258,246,199250,5182,795568,1891000
2405,260,258,198990,5184,795826,1830400
2406,245,272,198745,5157,796098,2205900
2407,269,261,198476,5165,796359,2102800
2408,252,245,198224,5172,796604,1893400
2409,259,251,197965,5180,796855,1864300
2410,288,286,197677,5182,797141,1835400
2411,267,261,197410,5188,797402,1753800
2412,258,260,197152,5186,797662,1755500
2413,245,264,196907,5167,797926,1856400
2414,244,248,196663,5163,798174,1918600
2415,244,253,196419,5154,798427,1800000
2416,231,278,196188,5107,798705,1828700
2417,240,224,195948,5123,798929,1726400
2418,259,255,195689,5127,799184,1730000
2419,265,266,195424,5126,799450,1752000
2420,280,235,195144,5171,799685,1946900
2421,237,258,194907,5150,799943,1825700
2422,261,245,194646,5166,800188,1778100
2423,239,241,194407,5164,800429,1760900
2424,274,238,194133,5200,800667,1855000
2425,285,229,193848,5256,800896,1861600
2426,247,254,193601,5249,801150,2039600
2427,267,251,193334,5265,801401,1873800
2428,257,247,193077,5275,801648,1829300
2429,260,275,192817,5260,801923,1783300
2430,278,239,192539,5299,802162,1775800
2431,251,260,192288,5290,802422,1946700
2432,262,266,192026,5286,802688,1867300
2433,274,255,191752,5305,802943,1874600
2434,264,281,191488,5288,803224,1988600
2435,283,243,191205,5328,803467,1869100
2436,277,270,190928,5335,803737,2041300
2437,253,274,190675,5314,804011,2076900
2438,257,256,190418,5315,804267,1928500
2439,253,264,190165,5304,804531,1888200
2440,259,250,189906,5313,804781,1984600
2441,242,252,189664,5303,805033,1923400
2442,274,259,189390,5318,805292,1793100
2443,273,255,189117,5336,805547,1762400
2444,229,239,188888,5326,805786,1825200
2445,263,280,188625,5309,806066,1930600
2446,272,265,188353,5316,806331,1867500
2447,249,279,188104,5286,806610,1900700
2448,242,257,187862,5271,806867,1727900
2449,277,268,187585,5280,807135,1845900
2450,251,245,187334,5286,807380,1971000
2451,256,241,187078,5301,807621,1864100
2452,269,264,186809,5306,807885,1893500
2453,236,265,186573,5277,808150,1864900
2454,229,235,186344,5271,808385,1887400
2455,280,264,186064,5287,808649,1886400
2456,256,290,185808,5253,808939,1810300
2457,272,272,185536,5253,809211,1772800
2458,261,249,185275,5265,809460,1751400
2459,254,233,185021,5286,809693,1866900
2460,230,283,184791,5233,809976,1864700
2461,243,246,184548,5230,810222,1992300
2462,265,247,184283,5248,810469,1812600
2463,270,259,184013,5259,810728,1814600
2464,258,252,183755,5265,810980,1782600
2465,250,279,183505,5236,811259,1763600
2466,272,272,183233,5236,811531,1869600
2467,245,255,182988,5226,811786,2138800
2468,262,270,182726,5218,812056,1821000
2469,249,291,182477,5176,812347,2140500
2470,257,264,182220,5169,812611,2098900
2471,241,248,181979,5162,812859,2062100
2472,269,232,181710,5199,813091,1758900
2473,227,264,181483,5162,813355,1865600
2474,232,299,181251,5095,813654,1827400
2475,239,261,181012,5073,813915,1723500
2476,264,250,180748,5087,814165,1937100
2477,230,259,180518,5058,814424,1788800
2478,256,268,180262,5046,814692,1862300
2479,275,270,179987,5051,814962,2157600
2480,246,256,179741,5041,815218,1748800
2481,269,253,179472,5057,815471,1826400
2482,250,284,179222,5023,815755,1756200
2483,238,272,178984,4989,816027,1797200
2484,228,273,178756,4944,816300,1860500
2485,228,238,178528,4934,816538,1879100
2486,254,238,178274,4950,816776,1861000
2487,245,264,178029,4931,817040,1840300
2488,240,247,177789,4924,817287,1753200
2489,252,240,177537,4936,817527,1739900
2490,281,241,177256,4976,817768,1745400
2491,280,243,176976,5013,818011,1859200
2492,240,252,176736,5001,818263,1805200
2493,265,259,176471,5007,818522,1741400
2494,236,224,176235,5019,818746,1760900
2495,245,237,175990,5027,818983,1880200
2496,227,228,175763,5026,819211,2051600
2497,235,255,175528,5006,819466,1870300
2498,228,253,175300,4981,819719,1891500
2499,241,229,175059,4993,819948,1829900
2500,224,251,174835,4966,820199,1819800
2501,249,255,174586,4960,820454,1838000
2502,260,247,174326,4973,820701,1717300
2503,282,254,174044,5001,820955,1885500
2504,277,268,173767,5010,821223,2078600
2505,267,239,173500,5038,821462,1813800
2506,230,232,173270,5036,821694,1853100
2507,232,267,173038,5001,821961,1766800
2508,263,243,172775,5021,822204,2087700
2509,247,235,172528,5033,822439,1844700
2510,258,247,172270,5044,822686,1778600
2511,235,274,172035,5005,822960,1803300
2512,261,268,171774,4998,823228,1871400
2513,203,240,171571,4961,823468,2303400
2514,204,229,171367,4936,823697,2057200
2515,252,245,171115,4943,823942,1871200
2516,263,232,170852,4974,824174,1747100
2517,258,268,170594,4964,824442,1867100
2518,258,250,170336,4972,824692,1832000
2519,245,253,170091,4964,824945,1721300
2520,234,244,169857,4954,825189,1821500
2521,234,252,169623,4936,825441,1877900
2522,233,224,169390,4945,825665,1866700
2523,235,251,169155,4929,825916,1873600
2524,208,233,168947,4904,826149,1820900
2525,214,232,168733,4886,826381,1749400
2526,240,265,168493,4861,826646,1767800
2527,224,259,168269,4826,826905,1797900
2528,262,244,168007,4844,827149,1870200
2529,211,233,167796,4822,827382,1822800
2530,226,262,167570,4786,827644,1847800
2531,217,250,167353,4753,827894,1710300
2532,226,233,167127,4746,828127,1768400
2533,205,248,166922,4703,828375,1790700
2534,195,252,166727,4646,828627,1834700
2535,211,252,166516,4605,828879,1691000
2536,247,240,166269,4612,829119,1892900
2537,208,205,166061,4615,829324,1827000
2538,209,215,165852,4609,829539,1894900
2539,225,230,165627,4604,829769,1761800
2540,222,233,165405,4593,830002,1800600
2541,231,221,165174,4603,830223,1785000
2542,222,245,164952,4580,830468,1762300
2543,218,246,164734,4552,830714,1872900
2544,232,237,164502,4547,830951,1865800
2545,230,239,164272,4538,831190,1817400
2546,202,218,164070,4522,831408,1741500
2547,226,200,163844,4548,831608,1841700
2548,231,224,163613,4555,831832,1748900
2549,250,236,163363,4569,832068,1881800
2550,237,241,163126,4565,832309,1867500
2551,250,248,162876,4567,832557,1779100
2552,240,244,162636,4563,832801,2044700
2553,213,236,162423,4540,833037,1762700
2554,223,220,162200,4543,833257,1756700
2555,207,242,161993,4508,833499,1908200
2556,206,227,161787,4487,833726,1738800
2557,212,221,161575,4478,833947,1790600
2558,202,219,161373,4461,834166,1727300
2559,205,200,161168,4466,834366,1744200
2560,197,214,160971,4449,834580,1876400
2561,212,215,160759,4446,834795,1847300
2562,216,244,160543,4418,835039,1790600
2563,196,207,160347,4407,835246,1672700
2564,212,203,160135,4416,835449,1737400
2565,212,215,159923,4413,835664,1764600
2566,255,212,159668,4456,835876,1753000
2567,230,211,159438,4475,836087,1752300
2568,223,214,159215,4484,836301,1751100
2569,228,214,158987,4498,836515,1866300
2570,207,218,158780,4487,836733,1857000
2571,196,229,158584,4454,836962,1943000
2572,245,239,158339,4460,837201,1809300
2573,214,220,158125,4454,837421,1822700
2574,206,222,157919,4438,837643,1769900
2575,190,244,157729,4384,837887,1900500
2576,224,236,157505,4372,838123,1862600
2577,229,218,157276,4383,838341,1849400
2578,208,214,157068,4377,838555,1793300
2579,205,211,156863,4371,838766,1731900
2580,227,243,156636,4355,839009,1811700
2581,222,214,156414,4363,839223,2064300
2582,217,218,156197,4362,839441,1984900
2583,185,215,156012,4332,839656,1955900
2584,237,197,155775,4372,839853,2090600
2585,198,244,155577,4326,840097,2060500
2586,200,227,155377,4299,840324,2245600
2587,226,241,155151,4284,840565,2047400
2588,233,212,154918,4305,840777,3391900
2589,221,214,154697,4312,840991,3260000
2590,204,236,154493,4280,841227,2815300
2591,216,227,154277,4269,841454,2202500
2592,221,231,154056,4259,841685,2215700
2593,190,212,153866,4237,841897,2053300
2594,222,225,153644,4234,842122,2039200
2595,198,202,153446,4230,842324,2046600
2596,231,192,153215,4269,842516,1974200
2597,236,222,152979,4283,842738,2011300
2598,204,203,152775,4284,842941,1943200
2599,203,225,152572,4262,843166,1933400
2600,208,199,152364,4271,843365,1990900
2601,232,244,152132,4259,843609,1948700
2602,209,216,151923,4252,843825,1934900
2603,233,234,151690,4251,844059,1961600
2604,212,202,151478,4261,844261,1994000
2605,220,214,151258,4267,844475,2019300
2606,212,199,151046,4280,844674,1869000
2607,214,234,150832,4260,844908,1744300
2608,208,201,150624,4267,845109,1788600
2609,210,234,150414,4243,845343,2290700
2610,205,194,150209,4254,845537,2027800
2611,193,209,150016,4238,845746,1928200
2612,211,208,149805,4241,845954,1893300
2613,224,197,149581,4268,846151,2120800
2614,197,242,149384,4223,846393,1920200
2615,213,201,149171,4235,846594,1753500
2616,229,199,148942,4265,846793,1860000
2617,218,218,148724,4265,847011,1858600
2618,232,204,148492,4293,847215,1817700
2619,218,217,148274,4294,847432,1689800
2620,222,201,148052,4315,847633,1740500
2621,217,222,147835,4310,847855,1858700
2622,199,196,147636,4313,848051,1839300
2623,197,238,147439,4272,848289,1919300
2624,218,223,147221,4267,848512,1725000
2625,210,193,147011,4284,848705,1735800
2626,197,191,146814,4290,848896,1753600
2627,209,229,146605,4270,849125,1952400
2628,216,209,146389,4277,849334,1908200
2629,241,212,146148,4306,849546,1917500
2630,214,207,145934,4313,849753,1850200
2631,212,222,145722,4303,849975,1887500
2632,193,208,145529,4288,850183,2087200
2633,189,223,145340,4254,850406,2038400
2634,207,226,145133,4235,850632,2169500
2635,220,220,144913,4235,850852,2304500
2636,213,209,144700,4239,851061,2085600
2637,183,215,144517,4207,851276,1962700
2638,203,214,144314,4196,851490,1959400
2639,208,222,144106,4182,851712,2013300
2640,209,210,143897,4181,851922,1916500
2641,188,226,143709,4143,852148,1902500
2642,205,194,143504,4154,852342,1898500
2643,184,204,143320,4134,852546,1756700
2644,196,195,143124,4135,852741,1938000
2645,181,187,142943,4129,852928,1695700
2646,207,197,142736,4139,853125,1802000
2647,200,192,142536,4147,853317,1863400
2648,210,186,142326,4171,853503,1859500
2649,214,222,142112,4163,853725,1893500
2650,203,214,141909,4152,853939,2063100
2651,215,212,141694,4155,854151,1876100
2652,218,243,141476,4130,854394,1758000
2653,221,199,141255,4152,854593,1928200
2654,190,211,141065,4131,854804,1767800
2655,185,220,140880,4096,855024,1748000
2656,197,215,140683,4078,855239,2407100
2657,195,209,140488,4064,855448,1889400
2658,195,207,140293,4052,855655,1889400
2659,174,186,140119,4040,855841,1732100
2660,188,223,139931,4005,856064,1827600
2661,196,178,139735,4023,856242,1727600
2662,182,198,139553,4007,856440,1986600
2663,173,197,139380,3983,856637,1854500
2664,213,203,139167,3993,856840,1851700
2665,199,188,138968,4004,857028,1847100
2666,193,198,138775,3999,857226,1854000
2667,197,183,138578,4013,857409,1938700
2668,207,215,138371,4005,857624,1759000
2669,218,214,138153,4009,857838,1735100
2670,194,209,137959,3994,858047,1808200
2671,209,202,137750,4001,858249,1861000
2672,201,206,137549,3996,858455,1881600
2673,196,199,137353,3993,858654,1775400
2674,192,200,137161,3985,858854,1753900
2675,179,194,136982,3970,859048,1665200
2676,187,168,136795,3989,859216,1726300
2677,179,190,136616,3978,859406,1847900
2678,200,195,136416,3983,859601,1671900
2679,216,205,136200,3994,859806,1721600
2680,176,197,136024,3973,860003,1863000
2681,196,214,135828,3955,860217,1898900
2682,206,192,135622,3969,860409,1905600
2683,204,206,135418,3967,860615,1892700
2684,192,195,135226,3964,860810,1835200
2685,193,187,135033,3970,860997,1859300
2686,169,199,134864,3940,861196,1831500
2687,193,204,134671,3929,861400,1890500
2688,184,175,134487,3938,861575,1841400
2689,194,216,134293,3916,861791,1851900
2690,178,199,134115,3895,861990,1980500
2691,191,206,133924,3880,862196,1905800
2692,186,190,133738,3876,862386,2063700
2693,171,212,133567,3835,862598,1921500
2694,174,207,133393,3802,862805,1900900
2695,182,187,133211,3797,862992,1807500
2696,163,192,133048,3768,863184,1818000
2697,190,195,132858,3763,863379,1873300
2698,182,172,132676,3773,863551,1879400
2699,179,194,132497,3758,863745,1895300
2700,177,190,132320,3745,863935,2296200
2701,162,164,132158,3743,864099,1990500
2702,189,187,131969,3745,864286,1931500
2703,203,162,131766,3786,864448,1934000
2704,178,177,131588,3787,864625,1904500
2705,178,188,131410,3777,864813,1842600
2706,188,170,131222,3795,864983,1846300
2707,159,184,131063,3770,865167,1754500
2708,177,167,130886,3780,865334,1930700
2709,175,198,130711,3757,865532,1798000
2710,174,202,130537,3729,865734,1877600
2711,183,182,130354,3730,865916,1804100
2712,181,214,130173,3697,866130,1853100
2713,190,205,129983,3682,866335,1817600
2714,189,194,129794,3677,866529,1984200
2715,167,203,129627,3641,866732,1798000
2716,197,192,129430,3646,866924,1780700
2717,152,154,129278,3644,867078,1900300
2718,196,189,129082,3651,867267,2086300
2719,203,191,128879,3663,867458,1735400
2720,195,185,128684,3673,867643,1839000
2721,190,181,128494,3682,867824,1750000
2722,184,153,128310,3713,867977,1754500
2723,205,174,128105,3744,868151,1746400
2724,183,191,127922,3736,868342,1803000
2725,201,193,127721,3744,868535,1831000
2726,203,191,127518,3756,868726,2117400
2727,177,198,127341,3735,868924,1798500
2728,162,182,127179,3715,869106,1764500
2729,185,185,126994,3715,869291,1736200
2730,164,170,126830,3709,869461,1868100
2731,165,164,126665,3710,869625,1854200
2732,186,169,126479,3727,869794,1771800
2733,175,193,126304,3709,869987,1752200
2734,178,192,126126,3695,870179,1732800
2735,182,188,125944,3689,870367,1867600
2736,180,169,125764,3700,870536,1858700
2737,176,197,125588,3679,870733,1776000
2738,194,214,125394,3659,870947,1868700
2739,166,190,125228,3635,871137,1864700
2740,172,172,125056,3635,871309,1855200
2741,190,201,124866,3624,871510,1937700
2742,158,184,124708,3598,871694,2268700
2743,171,179,124537,3590,871873,2331800
2744,167,204,124370,3553,872077,3156900
2745,155,182,124215,3526,872259,3621300
2746,156,174,124059,3508,872433,5038500
2747,169,158,123890,3519,872591,2666100
2748,163,184,123727,3498,872775,2373300
2749,167,166,123560,3499,872941,2481100
2750,185,188,123375,3496,873129,2286500
2751,169,188,123206,3477,873317,1978900
2752,164,185,123042,3456,873502,2376900
2753,188,153,122854,3491,873655,2168800
2754,148,151,122706,3488,873806,2378500
2755,184,173,122522,3499,873979,2332900
2756,197,183,122325,3513,874162,2152800
2757,184,185,122141,3512,874347,2260900
2758,180,181,121961,3511,874528,2359600
2759,160,187,121801,3484,874715,2075300
2760,184,187,121617,3481,874902,2517800
2761,177,172,121440,3486,875074,2372500
2762,180,182,121260,3484,875256,2361800
2763,168,146,121092,3506,875402,2128900
2764,179,174,120913,3511,875576,2009800
2765,154,192,120759,3473,875768,1993500
2766,190,186,120569,3477,875954,2750700
2767,178,166,120391,3489,876120,2273000
2768,157,171,120234,3475,876291,2229000
2769,176,176,120058,3475,876467,2426500
2770,148,165,119910,3458,876632,2191800
2771,183,163,119727,3478,876795,2251000
2772,181,163,119546,3496,876958,2199800
2773,191,183,119355,3504,877141,2127700
2774,187,179,119168,3512,877320,2009400
2775,178,180,118990,3510,877500,1910200
2776,164,165,118826,3509,877665,1818500
2777,168,170,118658,3507,877835,1888800
2778,173,179,118485,3501,878014,2058600
2779,164,176,118321,3489,878190,1852100
2780,187,202,118134,3474,878392,1796500
2781,183,184,117951,3473,878576,1978800
2782,172,186,117779,3459,878762,1756800
2783,169,165,117610,3463,878927,1786900
2784,180,170,117430,3473,879097,1811600
2785,177,171,117253,3479,879268,1764900
2786,173,175,117080,3477,879443,1978900
2787,191,181,116889,3487,879624,1765500
2788,170,202,116719,3455,879826,1856700
2789,162,186,116557,3431,880012,1754300
2790,172,170,116385,3433,880182,1786400
2791,176,191,116209,3418,880373,1835100
2792,177,168,116032,3427,880541,1886800
2793,180,150,115852,3457,880691,1794600
2794,167,148,115685,3476,880839,1837200
2795,158,168,115527,3466,881007,1787900
2796,154,147,115373,3473,881154,1732800
2797,154,179,115219,3448,881333,1659300
2798,165,174,115054,3439,881507,1853800
2799,174,168,114880,3445,881675,1808800
2800,195,170,114685,3470,881845,1870800
2801,171,170,114514,3471,882015,1921600
2802,168,177,114346,3462,882192,1803700
2803,151,166,114195,3447,882358,1755000
2804,150,192,114045,3405,882550,1936800
2805,153,159,113892,3399,882709,1904800
2806,139,174,113753,3364,882883,1824300
2807,157,176,113596,3345,883059,2002000
2808,133,153,113463,3325,883212,2239000
2809,148,174,113315,3299,883386,2808300
2810,141,179,113174,3261,883565,3952300
2811,145,148,113029,3258,883713,2419700
2812,172,155,112857,3275,883868,5230100
2813,149,143,112708,3281,884011,2737500
2814,142,169,112566,3254,884180,2720800
2815,119,165,112447,3208,884345,2747200
2816,160,153,112287,3215,884498,2856400
2817,154,157,112133,3212,884655,2371000
2818,141,150,111992,3203,884805,2542400
2819,157,153,111835,3207,884958,2228300
2820,145,149,111690,3203,885107,2121100
2821,138,170,111552,3171,885277,2320600
2822,157,151,111395,3177,885428,3149200
2823,157,173,111238,3161,885601,3139500
2824,149,148,111089,3162,885749,2687300
2825,151,165,110938,3148,885914,2359400
2826,143,142,110795,3149,886056,2322500
2827,148,168,110647,3129,886224,2487600
2828,147,163,110500,3113,886387,2492900
2829,176,136,110324,3153,886523,2127100
2830,146,172,110178,3127,886695,2271200
2831,156,163,110022,3120,886858,2159200
2832,162,145,109860,3137,887003,2238300
2833,163,179,109697,3121,887182,2530600
2834,174,143,109523,3152,887325,2148800
2835,179,165,109344,3166,887490,1999100
2836,146,159,109198,3153,887649,1963900
2837,155,168,109043,3140,887817,2327200
2838,159,151,108884,3148,887968,2039700
2839,150,150,108734,3148,888118,1928700
2840,190,154,108544,3184,888272,1860300
2841,175,181,108369,3178,888453,1885000
2842,167,161,108202,3184,888614,1829700
2843,157,174,108045,3167,888788,1849100
2844,133,161,107912,3139,888949,1858000
2845,148,152,107764,3135,889101,2025000
2846,139,167,107625,3107,889268,1864000
2847,144,154,107481,3097,889422,1898700
2848,171,129,107310,3139,889551,1908700
2849,148,139,107162,3148,889690,1972400
2850,145,193,107017,3100,889883,1869900
2851,178,150,106839,3128,890033,2036600
2852,133,164,106706,3097,890197,2047700
2853,128,159,106578,3066,890356,2261700
2854,150,151,106428,3065,890507,2199200
2855,158,147,106270,3076,890654,7825100
2856,151,156,106119,3071,890810,4524000
2857,146,136,105973,3081,890946,3609100
2858,140,161,105833,3060,891107,7993500
2859,162,155,105671,3067,891262,7110000
2860,166,146,105505,3087,891408,2867600
2861,132,153,105373,3066,891561,2255000
2862,146,158,105227,3054,891719,2566400
2863,151,166,105076,3039,891885,2625500
2864,166,158,104910,3047,892043,2858300
2865,151,136,104759,3062,892179,3015400
2866,166,170,104593,3058,892349,3402400
2867,155,157,104438,3056,892506,2885900
2868,167,159,104271,3064,892665,2837200
2869,153,147,104118,3070,892812,2403800
2870,162,150,103956,3082,892962,2565000
2871,168,166,103788,3084,893128,2302100
2872,152,159,103636,3077,893287,2206900
2873,163,163,103473,3077,893450,2312100
2874,154,155,103319,3076,893605,2336700
2875,157,160,103162,3073,893765,2163100
2876,151,161,103011,3063,893926,2077400
2877,191,160,102820,3094,894086,2030300
2878,142,158,102678,3078,894244,2064700
2879,149,151,102529,3076,894395,2058300
2880,156,175,102373,3057,894570,2070700
2881,149,156,102224,3050,894726,2166300
2882,166,145,102058,3071,894871,2126800
2883,147,169,101911,3049,895040,2044600
2884,133,152,101778,3030,895192,2044300
2885,149,181,101629,2998,895373,1941600
2886,147,145,101482,3000,895518,1926500
2887,133,147,101349,2986,895665,2197600
2888,152,142,101197,2996,895807,1986900
2889,138,155,101059,2979,895962,1915600
2890,148,136,100911,2991,896098,1930100
2891,151,152,100760,2990,896250,2107000
2892,157,161,100603,2986,896411,2121400
2893,143,156,100460,2973,896567,1915300
2894,158,161,100302,2970,896728,1886500
2895,152,167,100150,2955,896895,1878500
2896,153,140,99997,2968,897035,1895600
2897,140,156,99857,2952,897191,1893500
2898,162,170,99695,2944,897361,2022000
2899,165,136,99530,2973,897497,1963500
2900,149,134,99381,2988,897631,2141100
2901,150,141,99231,2997,897772,2376000
2902,153,171,99078,2979,897943,2212900
2903,165,163,98913,2981,898106,1940400
2904,179,154,98734,3006,898260,2130200
2905,146,147,98588,3005,898407,2105800
2906,166,131,98422,3040,898538,2264900
2907,165,148,98257,3057,898686,2062600
2908,156,162,98101,3051,898848,1948500
2909,165,142,97936,3074,898990,1916400
2910,177,140,97759,3111,899130,1878400
2911,138,179,97621,3070,899309,1899700
2912,156,164,97465,3062,899473,1942500
2913,146,158,97319,3050,899631,1903300
2914,130,160,97189,3020,899791,2132200
2915,119,170,97070,2969,899961,1994200
2916,138,144,96932,2963,900105,2241700
2917,145,152,96787,2956,900257,2374100
2918,140,129,96647,2967,900386,2222900
2919,147,145,96500,2969,900531,2339000
2920,132,154,96368,2947,900685,2706000
2921,142,155,96226,2934,900840,6755900
2922,140,159,96086,2915,900999,4646700
2923,142,132,95944,2925,901131,2922500
2924,152,144,95792,2933,901275,2674300
2925,158,160,95634,2931,901435,3218900
2926,151,138,95483,2944,901573,3003200
2927,154,143,95329,2955,901716,2302200
2928,148,174,95181,2929,901890,2537300
2929,144,144,95037,2929,902034,2161400
2930,153,139,94884,2943,902173,2135100
2931,143,140,94741,2946,902313,2110800
2932,148,133,94593,2961,902446,2369700
2933,140,137,94453,2964,902583,2366800
2934,153,139,94300,2978,902722,2072000
2935,160,156,94140,2982,902878,2228200
2936,148,143,93992,2987,903021,2156700
2937,161,142,93831,3006,903163,2451100
2938,139,151,93692,2994,903314,2144400
2939,180,160,93512,3014,903474,2786800
2940,157,168,93355,3003,903642,2422800
2941,167,157,93188,3013,903799,2104900
2942,151,169,93037,2995,903968,2501800
2943,148,139,92889,3004,904107,2142900
2944,155,153,92734,3006,904260,2404900
2945,202,157,92532,3051,904417,2016500
2946,160,141,92372,3070,904558,1982400
2947,136,151,92236,3055,904709,2031400
2948,152,156,92084,3051,904865,1919900
2949,165,156,91919,3060,905021,1924200
2950,158,156,91761,3062,905177,2084300
2951,153,171,91608,3044,905348,2055700
2952,150,156,91458,3038,905504,1929400
2953,127,151,91331,3014,905655,1871500
2954,132,149,91199,2997,905804,1884200
2955,148,147,91051,2998,905951,1877100
2956,138,138,90913,2998,906089,1892700
2957,132,139,90781,2991,906228,1875700
2958,143,157,90638,2977,906385,1866700
2959,123,141,90515,2959,906526,1860200
2960,129,139,90386,2949,906665,1950300
2961,150,157,90236,2942,906822,2192600
2962,133,166,90103,2909,906988,2124800
2963,117,143,89986,2883,907131,1930700
2964,149,130,89837,2902,907261,1935200
2965,140,150,89697,2892,907411,1859100
2966,145,131,89552,2906,907542,2279700
2967,156,148,89396,2914,907690,2045500
2968,148,150,89248,2912,907840,2546200
2969,158,122,89090,2948,907962,2234800
2970,146,143,88944,2951,908105,2127800
2971,141,142,88803,2950,908247,2007200
2972,140,157,88663,2933,908404,2056000
2973,163,137,88500,2959,908541,1978900
2974,130,147,88370,2942,908688,1949000
2975,145,167,88225,2920,908855,2019800
2976,141,158,88084,2903,909013,1967200
2977,168,138,87916,2933,909151,1962800
2978,146,141,87770,2938,909292,1879500
2979,158,152,87612,2944,909444,1893000
2980,171,158,87441,2957,909602,1890400
2981,128,150,87313,2935,909752,1900200
2982,143,141,87170,2937,909893,1876600
2983,141,128,87029,2950,910021,1908200
2984,162,145,86867,2967,910166,1895600
2985,152,147,86715,2972,910313,1892600
2986,131,124,86584,2979,910437,2342700
2987,161,164,86423,2976,910601,2699500
2988,152,143,86271,2985,910744,2388500
2989,148,153,86123,2980,910897,2481100
2990,148,148,85975,2980,911045,2267600
2991,146,134,85829,2992,911179,2087100
2992,142,146,85687,2988,911325,2000300
2993,152,168,85535,2972,911493,1985500
2994,142,149,85393,2965,911642,1914600
2995,138,144,85255,2959,911786,1986900
2996,129,172,85126,2916,911958,1918200
2997,131,163,84995,2884,912121,1968600
2998,133,124,84862,2893,912245,2962300
2999,128,161,84734,2860,912406,3099700
3000,141,156,84593,2845,912562,3111500
3001,142,156,84451,2831,912718,2003500
3002,121,148,84330,2804,912866,3566200
3003,122,129,84208,2797,912995,3078900
3004,143,135,84065,2805,913130,3251900
3005,113,143,83952,2775,913273,2678400
3006,123,132,83829,2766,913405,2302200
3007,107,113,83722,2760,913518,2638700
3008,130,146,83592,2744,913664,2606400
3009,140,144,83452,2740,913808,2451400
3010,119,131,83333,2728,913939,2608900
3011,113,131,83220,2710,914070,2457700
3012,140,144,83080,2706,914214,2035800
3013,112,137,82968,2681,914351,2076100
3014,138,118,82830,2701,914469,2109800
3015,129,139,82701,2691,914608,2270800
3016,122,133,82579,2680,914741,2362800
3017,144,125,82435,2699,914866,2155200
3018,150,139,82285,2710,915005,2128600
3019,139,157,82146,2692,915162,2009400
3020,134,137,82012,2689,915299,1932000
3021,138,138,81874,2689,915437,1957600
3022,152,131,81722,2710,915568,2281200
3023,122,135,81600,2697,915703,2179600
3024,130,127,81470,2700,915830,1953200
3025,146,139,81324,2707,915969,2228700
3026,120,138,81204,2689,916107,1964500
3027,148,122,81056,2715,916229,2156200
3028,128,134,80928,2709,916363,2090800
3029,147,145,80781,2711,916508,2175400
3030,137,140,80644,2708,916648,2061300
3031,113,126,80531,2695,916774,2059600
3032,141,143,80390,2693,916917,2019000
3033,134,138,80256,2689,917055,2449300
3034,125,115,80131,2699,917170,2026000
3035,124,138,80007,2685,917308,1924600
3036,115,147,79892,2653,917455,2168900
3037,131,131,79761,2653,917586,1937600
3038,109,132,79652,2630,917718,1923800
3039,140,128,79512,2642,917846,1996400
3040,118,118,79394,2642,917964,2026200
3041,115,123,79279,2634,918087,1956100
3042,144,134,79135,2644,918221,1929800
3043,120,151,79015,2613,918372,1923800
3044,120,142,78895,2591,918514,2218400
3045,113,115,78782,2589,918629,1952400
3046,133,121,78649,2601,918750,2250000
3047,132,132,78517,2601,918882,2140200
3048,116,120,78401,2597,919002,1987400
3049,134,137,78267,2594,919139,1986600
3050,122,136,78145,2580,919275,2074500
3051,112,149,78033,2543,919424,2151800
3052,120,116,77913,2547,919540,2207000
3053,127,151,77786,2523,919691,2017900
3054,127,113,77659,2537,919804,1976300
3055,139,118,77520,2558,919922,1913900
3056,121,99,77399,2580,920021,2307400
3057,126,126,77273,2580,920147,1835400
3058,129,141,77144,2568,920288,1834700
3059,115,136,77029,2547,920424,1860000
3060,118,131,76911,2534,920555,2110000
3061,136,145,76775,2525,920700,1913400
3062,130,124,76645,2531,920824,1834500
3063,115,139,76530,2507,920963,1883000
3064,114,122,76416,2499,921085,1808300
3065,110,126,76306,2483,921211,1823800
3066,121,115,76185,2489,921326,1810200
3067,125,126,76060,2488,921452,1782000
3068,121,117,75939,2492,921569,2031300
3069,129,116,75810,2505,921685,1891900
3070,125,120,75685,2510,921805,1798300
3071,126,115,75559,2521,921920,1844500
3072,140,126,75419,2535,922046,1730500
3073,118,135,75301,2518,922181,1673200
3074,124,132,75177,2510,922313,1870900
3075,125,125,75052,2510,922438,1842900
3076,101,120,74951,2491,922558,1808200
3077,125,131,74826,2485,922689,1793900
3078,109,136,74717,2458,922825,1783300
3079,104,107,74613,2455,922932,1833100
3080,105,117,74508,2443,923049,1860300
3081,109,127,74399,2425,923176,1822400
3082,109,126,74290,2408,923302,1779900
3083,115,109,74175,2414,923411,1721000
3084,103,118,74072,2399,923529,1727900
3085,123,106,73949,2416,923635,2269500
3086,125,109,73824,2432,923744,2050500
3087,115,112,73709,2435,923856,2039000
3088,110,119,73599,2426,923975,1820100
3089,114,115,73485,2425,924090,1829700
3090,130,116,73355,2439,924206,1878800
3091,105,132,73250,2412,924338,1836500
3092,115,107,73135,2420,924445,1716700
3093,104,121,73031,2403,924566,1732800
3094,103,108,72928,2398,924674,2004300
3095,125,117,72803,2406,924791,1958400
3096,109,123,72694,2392,924914,2031600
3097,130,138,72564,2384,925052,1930500
3098,117,123,72447,2378,925175,1864700
3099,122,103,72325,2397,925278,1864300
3100,119,93,72206,2423,925371,1923800
3101,143,136,72063,2430,925507,1989900
3102,93,114,71970,2409,925621,1879000
3103,130,108,71840,2431,925729,1868600
3104,117,133,71723,2415,925862,1848300
3105,127,120,71596,2422,925982,1883100
3106,119,123,71477,2418,926105,1791500
3107,100,120,71377,2398,926225,1823500
3108,134,127,71243,2405,926352,1776400
3109,125,119,71118,2411,926471,1810400
3110,119,140,70999,2390,926611,1862500
3111,129,128,70870,2391,926739,1909600
3112,147,113,70723,2425,926852,1891300
3113,106,107,70617,2424,926959,1880500
3114,124,127,70493,2421,927086,1792200
3115,139,136,70354,2424,927222,1801900
3116,129,126,70225,2427,927348,1813400
3117,134,132,70091,2429,927480,1735600
3118,115,124,69976,2420,927604,1780200
3119,122,112,69854,2430,927716,1858900
3120,129,113,69725,2446,927829,1835800
3121,108,110,69617,2444,927939,1797400
3122,124,120,69493,2448,928059,1664700
3123,118,126,69375,2440,928185,1689800
3124,133,137,69242,2436,928322,1846100
3125,128,121,69114,2443,928443,1807900
3126,123,115,68991,2451,928558,1735100
3127,122,109,68869,2464,928667,1723900
3128,120,123,68749,2461,928790,1848700
3129,123,116,68626,2468,928906,1832000
3130,117,117,68509,2468,929023,1801000
3131,121,136,68388,2453,929159,1751900
3132,117,128,68271,2442,929287,1665100
3133,109,117,68162,2434,929404,1855400
3134,100,108,68062,2426,929512,1818300
3135,121,113,67941,2434,929625,1904300
3136,123,121,67818,2436,929746,1741900
3137,131,124,67687,2443,929870,1700900
3138,99,114,67588,2428,929984,1856200
3139,111,112,67477,2427,930096,1861500
3140,107,139,67370,2395,930235,10699300
3141,108,134,67262,2369,930369,2123900
3142,97,97,67165,2369,930466,1888600
3143,93,110,67072,2352,930576,1691000
3144,127,111,66945,2368,930687,1815900
3145,112,120,66833,2360,930807,1864300
3146,105,121,66728,2344,930928,1815700
3147,108,123,66620,2329,931051,1918900
3148,116,108,66504,2337,931159,1858000
3149,111,105,66393,2343,931264,1749000
3150,110,127,66283,2326,931391,1727100
3151,125,112,66158,2339,931503,1873000
3152,117,111,66041,2345,931614,1710000
3153,96,122,65945,2319,931736,1729000
3154,135,102,65810,2352,931838,1733200
3155,100,119,65710,2333,931957,2118300
3156,108,110,65602,2331,932067,1919800
3157,104,124,65498,2311,932191,1890000
3158,109,105,65389,2315,932296,1873400
3159,113,120,65276,2308,932416,1829800
3160,104,123,65172,2289,932539,2046100
3161,101,123,65071,2267,932662,2162900
3162,121,114,64950,2274,932776,1879000
3163,109,128,64841,2255,932904,1819000
3164,97,109,64744,2243,933013,1916700
3165,121,109,64623,2255,933122,1786300
3166,116,109,64507,2262,933231,1746600
3167,113,111,64394,2264,933342,2057600
3168,99,113,64295,2250,933455,1755000
3169,118,140,64177,2228,933595,1839100
3170,98,127,64079,2199,933722,1956000
3171,113,94,63966,2218,933816,1730800
3172,106,129,63860,2195,933945,1755500
3173,104,122,63756,2177,934067,1875100
3174,117,109,63639,2185,934176,1876400
3175,113,109,63526,2189,934285,1808300
3176,93,114,63433,2168,934399,1794100
3177,97,106,63336,2159,934505,1675500
3178,105,97,63231,2167,934602,1681000
3179,109,104,63122,2172,934706,1839500
3180,103,117,63019,2158,934823,1744200
3181,95,111,62924,2142,934934,1790200
3182,103,117,62821,2128,935051,1730900
3183,88,103,62733,2113,935154,1876700
3184,110,113,62623,2110,935267,1852400
3185,119,100,62504,2129,935367,1699100
3186,122,110,62382,2141,935477,1751900
3187,107,91,62275,2157,935568,1671700
3188,130,94,62145,2193,935662,1841800
3189,107,122,62038,2178,935784,1939200
3190,120,112,61918,2186,935896,1748500
3191,102,113,61816,2175,936009,1682900
3192,101,101,61715,2175,936110,1805400
3193,91,109,61624,2157,936219,1849300
3194,108,110,61516,2155,936329,1750200
3195,92,105,61424,2142,936434,1729400
3196,98,100,61326,2140,936534,1724500
3197,120,118,61206,2142,936652,1855800
3198,105,111,61101,2136,936763,1789800
3199,110,95,60991,2151,936858,1742400
3200,116,109,60875,2158,936967,1743200
3201,112,111,60763,2159,937078,1785200
3202,112,112,60651,2159,937190,1861700
3203,129,112,60522,2176,937302,1823900
3204,116,124,60406,2168,937426,1776100
3205,104,111,60302,2161,937537,1700500
3206,113,110,60189,2164,937647,1802800
3207,91,103,60098,2152,937750,1834200
3208,97,114,60001,2135,937864,1784400
3209,119,115,59882,2139,937979,1678800
3210,108,107,59774,2140,938086,1809600
3211,86,101,59688,2125,938187,1805100
3212,117,102,59571,2140,938289,1942200
3213,92,113,59479,2119,938402,2078900
3214,99,112,59380,2106,938514,1821400
3215,110,109,59270,2107,938623,1788900
3216,104,95,59166,2116,938718,1738100
3217,93,109,59073,2100,938827,1662900
3218,101,94,58972,2107,938921,1828600
3219,102,99,58870,2110,939020,1777000
3220,88,116,58782,2082,939136,1656500
3221,87,112,58695,2057,939248,1676300
3222,111,113,58584,2055,939361,1824700
3223,118,109,58466,2064,939470,1692100
3224,100,111,58366,2053,939581,1704000
3225,89,83,58277,2059,939664,1765500
3226,91,101,58186,2049,939765,1777800
3227,96,99,58090,2046,939864,1737200
3228,107,114,57983,2039,939978,1729200
3229,90,91,57893,2038,940069,1772800
3230,96,92,57797,2042,940161,1817400
3231,125,103,57672,2064,940264,1767900
3232,98,111,57574,2051,940375,1733700
3233,113,116,57461,2048,940491,1809400
3234,108,92,57353,2064,940583,1677700
3235,113,98,57240,2079,940681,1763900
3236,89,94,57151,2074,940775,1666200
3237,99,109,57052,2064,940884,1675400
3238,109,111,56943,2062,940995,2100900
3239,106,92,56837,2076,941087,1851600
3240,101,107,56736,2070,941194,1766700
3241,109,100,56627,2079,941294,1744800
3242,113,97,56514,2095,941391,1812100
3243,113,121,56401,2087,941512,1856100
3244,92,99,56309,2080,941611,1718800
3245,113,106,56196,2087,941717,1723700
3246,97,109,56099,2075,941826,1762200
3247,90,100,56009,2065,941926,1794800
3248,92,98,55917,2059,942024,1902000
3249,105,104,55812,2060,942128,1887600
3250,105,110,55707,2055,942238,1742300
3251,100,99,55607,2056,942337,1798300
3252,102,110,55505,2048,942447,1721900
3253,107,88,55398,2067,942535,1796200
3254,91,117,55307,2041,942652,1826600
3255,100,101,55207,2040,942753,1677100
3256,96,115,55111,2021,942868,1999300
3257,96,101,55015,2016,942969,1765500
3258,102,108,54913,2010,943077,1763200
3259,87,121,54826,1976,943198,1758300
3260,101,93,54725,1984,943291,1779500
3261,83,91,54642,1976,943382,1727200
3262,91,97,54551,1970,943479,1919500
3263,96,107,54455,1959,943586,2119800
3264,88,115,54367,1932,943701,1728900
3265,101,87,54266,1946,943788,1856200
3266,78,90,54188,1934,943878,1844300
3267,89,97,54099,1926,943975,1840800
3268,113,101,53986,1938,944076,1762000
3269,93,97,53893,1934,944173,1751400
3270,94,95,53799,1933,944268,1853600
3271,91,92,53708,1932,944360,1827700
3272,102,79,53606,1955,944439,1897600
3273,105,98,53501,1962,944537,1845500
3274,88,93,53413,1957,944630,1796000
3275,111,90,53302,1978,944720,2009300
3276,109,98,53193,1989,944818,1773100
3277,92,92,53101,1989,944910,1767800
3278,109,96,52992,2002,945006,1777400
3279,125,110,52867,2017,945116,1796800
3280,100,125,52767,1992,945241,1812800
3281,129,89,52638,2032,945330,1762700
3282,111,103,52527,2040,945433,1864600
3283,89,84,52438,2045,945517,1844200
3284,129,114,52309,2060,945631,1994300
3285,106,110,52203,2056,945741,1771000
3286,100,96,52103,2060,945837,1794900
3287,107,109,51996,2058,945946,1757000
3288,91,111,51905,2038,946057,1808600
3289,95,94,51810,2039,946151,1861600
3290,108,105,51702,2042,946256,1751000
3291,108,94,51594,2056,946350,1804700
3292,107,112,51487,2051,946462,1764800
3293,105,101,51382,2055,946563,1819300
3294,100,107,51282,2048,946670,1770200
3295,105,104,51177,2049,946774,1747000
3296,103,108,51074,2044,946882,1750400
3297,102,100,50972,2046,946982,1784000
3298,98,113,50874,2031,947095,1835800
3299,107,107,50767,2031,947202,1831400
3300,99,87,50668,2043,947289,1841300
3301,116,106,50552,2053,947395,1819900
3302,102,94,50450,2061,947489,1811900
3303,95,101,50355,2055,947590,1805300
3304,103,110,50252,2048,947700,1854400
3305,84,99,50168,2033,947799,1827700
3306,110,111,50058,2032,947910,1791000
3307,100,106,49958,2026,948016,1808000
3308,92,106,49866,2012,948122,1736600
3309,103,108,49763,2007,948230,1880400
3310,99,96,49664,2010,948326,1854300
3311,92,82,49572,2020,948408,1914300
3312,93,95,49479,2018,948503,2033100
3313,93,99,49386,2012,948602,1883500
3314,96,119,49290,1989,948721,1864000
3315,77,113,49213,1953,948834,1862500
3316,85,102,49128,1936,948936,1785600
3317,96,82,49032,1950,949018,1873900
3318,102,101,48930,1951,949119,1807500
3319,100,86,48830,1965,949205,1825000
3320,93,93,48737,1965,949298,1819000
3321,102,83,48635,1984,949381,1730100
3322,91,91,48544,1984,949472,1736600
3323,89,97,48455,1976,949569,1864600
3324,104,92,48351,1988,949661,1849800
3325,88,97,48263,1979,949758,1739600
3326,102,100,48161,1981,949858,1993200
3327,95,113,48066,1963,949971,1873700
3328,87,100,47979,1950,950071,1876300
3329,71,73,47908,1948,950144,1850900
3330,92,87,47816,1953,950231,1909100
3331,84,81,47732,1956,950312,1832300
3332,78,103,47654,1931,950415,1836300
3333,74,104,47580,1901,950519,1951900
3334,104,87,47476,1918,950606,1850400
3335,104,74,47372,1948,950680,1817400
3336,76,107,47296,1917,950787,1788400
3337,69,99,47227,1887,950886,1824100
3338,83,88,47144,1882,950974,2236800
3339,83,98,47061,1867,951072,2061100
3340,77,104,46984,1840,951176,1866800
3341,102,93,46882,1849,951269,1854000
3342,78,73,46804,1854,951342,1854400
3343,91,88,46713,1857,951430,1971100
3344,89,86,46624,1860,951516,1829100
3345,91,97,46533,1854,951613,1845500
3346,96,93,46437,1857,951706,1859800
3347,81,101,46356,1837,951807,1825800
3348,104,112,46252,1829,951919,1867200
3349,93,106,46159,1816,952025,1859800
3350,79,97,46080,1798,952122,1880900
3351,82,86,45998,1794,952208,1842300
3352,94,112,45904,1776,952320,1836500
3353,82,85,45822,1773,952405,1811800
3354,64,86,45758,1751,952491,2006600
3355,88,87,45670,1752,952578,1859600
3356,102,85,45568,1769,952663,1835300
3357,85,84,45483,1770,952747,1840500
3358,81,82,45402,1769,952829,1813100
3359,76,89,45326,1756,952918,1780000
3360,100,80,45226,1776,952998,1778600
3361,84,93,45142,1767,953091,1774000
3362,81,76,45061,1772,953167,1773300
3363,89,87,44972,1774,953254,1821600
3364,85,96,44887,1763,953350,1767500
3365,98,97,44789,1764,953447,1768100
3366,95,94,44694,1765,953541,1750600
3367,94,92,44600,1767,953633,1957700
3368,92,81,44508,1778,953714,1762100
3369,79,105,44429,1752,953819,1799000
3370,79,83,44350,1748,953902,1670400
3371,86,82,44264,1752,953984,1671900
3372,73,81,44191,1744,954065,1839300
3373,87,94,44104,1737,954159,1701700
3374,69,86,44035,1720,954245,1670100
3375,91,85,43944,1726,954330,1838900
3376,91,94,43853,1723,954424,2020200
3377,81,77,43772,1727,954501,1722900
3378,67,85,43705,1709,954586,1902700
3379,77,85,43628,1701,954671,1718900
3380,88,90,43540,1699,954761,1743000
3381,87,71,43453,1715,954832,1838600
3382,83,94,43370,1704,954926,1822700
3383,81,85,43289,1700,955011,1826900
3384,66,84,43223,1682,955095,1730900
3385,74,83,43149,1673,955178,1897500
3386,83,81,43066,1675,955259,1859600
3387,75,83,42991,1667,955342,2378300
3388,85,76,42906,1676,955418,1835300
3389,68,96,42838,1648,955514,1795700
3390,81,85,42757,1644,955599,1842200
3391,56,92,42701,1608,955691,1807500
3392,73,81,42628,1600,955772,2103200
3393,76,73,42552,1603,955845,2095800
3394,89,91,42463,1601,955936,1835500
3395,83,68,42380,1616,956004,1799900
3396,78,75,42302,1619,956079,1719400
3397,81,88,42221,1612,956167,1771400
3398,67,81,42154,1598,956248,1835100
3399,75,74,42079,1599,956322,1828600
3400,80,70,41999,1609,956392,1793500
3401,74,80,41925,1603,956472,1670400
3402,71,80,41854,1594,956552,1779900
3403,81,85,41773,1590,956637,1814500
3404,64,77,41709,1577,956714,1784700
3405,88,81,41621,1584,956795,1679200
3406,80,74,41541,1590,956869,1737800
3407,75,85,41466,1580,956954,1825000
3408,79,77,41387,1582,957031,1979400
3409,89,61,41298,1610,957092,1776800
3410,87,71,41211,1626,957163,1753300
3411,87,63,41124,1650,957226,1734200
3412,83,84,41041,1649,957310,1661500
3413,90,79,40951,1660,957389,1804700
3414,74,88,40877,1646,957477,1714800
3415,67,71,40810,1642,957548,1667400
3416,71,90,40739,1623,957638,1834100
3417,76,93,40663,1606,957731,1802900
3418,91,85,40572,1612,957816,1712200
3419,75,79,40497,1608,957895,1694400
3420,58,82,40439,1584,957977,1802900
3421,76,82,40363,1578,958059,1732700
3422,68,82,40295,1564,958141,1905700
3423,68,70,40227,1562,958211,1742100
3424,70,79,40157,1553,958290,1743300
3425,67,72,40090,1548,958362,1831200
3426,81,82,40009,1547,958444,1738900
3427,62,77,39947,1532,958521,1723100
3428,82,77,39865,1537,958598,1991300
3429,76,76,39789,1537,958674,1834300
3430,72,76,39717,1533,958750,2149500
3431,63,75,39654,1521,958825,1921100
3432,83,69,39571,1535,958894,1944800
3433,63,81,39508,1517,958975,1926400
3434,73,78,39435,1512,959053,1886900
3435,81,79,39354,1514,959132,1841700
3436,69,91,39285,1492,959223,1913500
3437,63,68,39222,1487,959291,2023400
3438,49,68,39173,1468,959359,1955600
3439,62,77,39111,1453,959436,2084300
3440,73,73,39038,1453,959509,1943400
3441,77,68,38961,1462,959577,1874500
3442,69,76,38892,1455,959653,1992500
3443,70,78,38822,1447,959731,1963300
3444,72,77,38750,1442,959808,2009700
3445,84,56,38666,1470,959864,1925700
3446,66,86,38600,1450,959950,2019000
3447,70,88,38530,1432,960038,1862800
3448,77,81,38453,1428,960119,1849000
3449,59,71,38394,1416,960190,1783800
3450,63,75,38331,1404,960265,1799700
3451,72,84,38259,1392,960349,1899800
3452,76,72,38183,1396,960421,1879900
3453,74,65,38109,1405,960486,1869500
3454,68,79,38041,1394,960565,1895700
3455,57,64,37984,1387,960629,2013600
3456,85,79,37899,1393,960708,1839600
3457,68,65,37831,1396,960773,1807000
3458,62,67,37769,1391,960840,1862900
3459,82,66,37687,1407,960906,1815700
3460,66,73,37621,1400,960979,1872100
3461,70,76,37551,1394,961055,2041500
3462,66,53,37485,1407,961108,1810000
3463,67,62,37418,1412,961170,1799600
3464,75,72,37343,1415,961242,1794100
3465,74,69,37269,1420,961311,2026200
3466,68,62,37201,1426,961373,1856800
3467,63,80,37138,1409,961453,1852800
3468,70,65,37068,1414,961518,1900100
3469,78,75,36990,1417,961593,1843800
3470,65,58,36925,1424,961651,1782300
3471,68,79,36857,1413,961730,1796900
3472,65,68,36792,1410,961798,1740800
3473,71,60,36721,1421,961858,1943800
3474,66,64,36655,1423,961922,1829400
3475,82,83,36573,1422,962005,1863700
3476,62,70,36511,1414,962075,1830500
3477,72,80,36439,1406,962155,1752700
3478,73,68,36366,1411,962223,1824000
3479,76,70,36290,1417,962293,1816700
3480,67,65,36223,1419,962358,1748200
3481,81,77,36142,1423,962435,1817200
3482,75,92,36067,1406,962527,1821800
3483,65,75,36002,1396,962602,1796100
3484,66,70,35936,1392,962672,1869300
3485,67,59,35869,1400,962731,1882200
3486,82,75,35787,1407,962806,1980500
3487,77,70,35710,1414,962876,1774800
3488,66,80,35644,1400,962956,1791000
3489,70,63,35574,1407,963019,1780400
3490,62,71,35512,1398,963090,2033200
3491,62,73,35450,1387,963163,2051000
3492,55,57,35395,1385,963220,2035600
3493,72,67,35323,1390,963287,1864500
3494,71,71,35252,1390,963358,2035000
3495,70,73,35182,1387,963431,1865300
3496,78,76,35104,1389,963507,1880300
3497,72,64,35032,1397,963571,1829100
3498,79,76,34953,1400,963647,1852100
3499,73,68,34880,1405,963715,1819700
3500,67,68,34813,1404,963783,1927700
3501,64,65,34749,1403,963848,1835900
3502,80,67,34669,1416,963915,1845200
3503,80,77,34589,1419,963992,1751400
3504,64,73,34525,1410,964065,1835000
3505,76,81,34449,1405,964146,1743200
3506,57,72,34392,1390,964218,1880700
3507,66,71,34326,1385,964289,1798200
3508,70,80,34256,1375,964369,1818100
3509,72,70,34184,1377,964439,1834600
3510,69,58,34115,1388,964497,1829400
3511,67,59,34048,1396,964556,1994900
3512,58,76,33990,1378,964632,1931000
3513,60,74,33930,1364,964706,1817600
3514,43,65,33887,1342,964771,1854100
3515,58,64,33829,1336,964835,1867100
3516,66,53,33763,1349,964888,1756600
3517,56,63,33707,1342,964951,1840100
3518,68,60,33639,1350,965011,1895800
3519,65,76,33574,1339,965087,1849600
3520,70,64,33504,1345,965151,1809300
3521,54,74,33450,1325,965225,1844600
3522,54,62,33396,1317,965287,1811800
3523,62,76,33334,1303,965363,1838300
3524,50,69,33284,1284,965432,1872800
3525,74,65,33210,1293,965497,1836400
3526,49,74,33161,1268,965571,1811500
3527,56,72,33105,1252,965643,1791600
3528,59,63,33046,1248,965706,1769300
3529,50,67,32996,1231,965773,1751300
3530,58,53,32938,1236,965826,1881400
3531,71,68,32867,1239,965894,1876400
3532,69,73,32798,1235,965967,1802700
3533,52,61,32746,1226,966028,1769300
3534,61,60,32685,1227,966088,1791100
3535,52,60,32633,1219,966148,1804500
3536,58,60,32575,1217,966208,1868300
3537,64,56,32511,1225,966264,1860200
3538,48,68,32463,1205,966332,1822900
3539,70,64,32393,1211,966396,1969500
3540,56,75,32337,1192,966471,1821600
3541,42,53,32295,1181,966524,1870300
3542,62,61,32233,1182,966585,1867700
3543,64,46,32169,1200,966631,1901400
3544,59,59,32110,1200,966690,1803800
3545,51,54,32059,1197,966744,2029600
3546,51,64,32008,1184,966808,1808800
3547,71,70,31937,1185,966878,2018500
3548,46,83,31891,1148,966961,1870900
3549,53,51,31838,1150,967012,1907500
3550,55,70,31783,1135,967082,1851900
3551,48,62,31735,1121,967144,1819900
3552,51,47,31684,1125,967191,1819200
3553,59,57,31625,1127,967248,1843700
3554,48,56,31577,1119,967304,1862800
3555,53,54,31524,1118,967358,1872500
3556,60,49,31464,1129,967407,1878600
3557,51,57,31413,1123,967464,1925200
3558,65,43,31348,1145,967507,1878000
3559,46,49,31302,1142,967556,1902900
3560,53,54,31249,1141,967610,1991100
3561,56,46,31193,1151,967656,1869500
3562,43,53,31150,1141,967709,1941300
3563,59,60,31091,1140,967769,1840100
3564,53,60,31038,1133,967829,2220000
3565,47,56,30991,1124,967885,1839300
3566,48,48,30943,1124,967933,2068100
3567,60,59,30883,1125,967992,1881000
3568,47,63,30836,1109,968055,2037600
3569,45,53,30791,1101,968108,1879900
3570,44,56,30747,1089,968164,1950600
3571,53,59,30694,1083,968223,1998300
3572,56,56,30638,1083,968279,1901300
3573,52,53,30586,1082,968332,2045500
3574,44,50,30542,1076,968382,1900700
3575,51,42,30491,1085,968424,1964700
3576,47,54,30444,1078,968478,1919900
3577,41,52,30403,1067,968530,1916700
3578,56,51,30347,1072,968581,2155900
3579,48,72,30299,1048,968653,1871100
3580,58,60,30241,1046,968713,1816600
3581,64,47,30177,1063,968760,1897000
3582,57,70,30120,1050,968830,1833800
3583,60,46,30060,1064,968876,1822500
3584,51,49,30009,1066,968925,2151200
3585,48,42,29961,1072,968967,2082300
3586,50,52,29911,1070,969019,2035600
3587,67,53,29844,1084,969072,2010100
3588,55,48,29789,1091,969120,1924900
3589,41,48,29748,1084,969168,2023100
3590,43,49,29705,1078,969217,2286600
3591,53,50,29652,1081,969267,2086400
3592,44,59,29608,1066,969326,2103000
3593,38,57,29570,1047,969383,2020700
3594,50,51,29520,1046,969434,1900400
3595,54,43,29466,1057,969477,1983400
3596,56,55,29410,1058,969532,2003600
3597,49,43,29361,1064,969575,1914200
3598,47,58,29314,1053,969633,1923600
3599,56,55,29258,1054,969688,1929500
3600,43,48,29215,1049,969736,2034000
3601,49,55,29166,1043,969791,1916700
3602,46,52,29120,1037,969843,1880200
3603,36,52,29084,1021,969895,2048600
3604,42,37,29042,1026,969932,1895600
3605,49,54,28993,1021,969986,2018200
3606,44,59,28949,1006,970045,2101800
3607,55,41,28894,1020,970086,1886500
3608,51,55,28843,1016,970141,1900800
3609,55,49,28788,1022,970190,1875000
3610,61,53,28727,1030,970243,1881600
3611,52,49,28675,1033,970292,1907100
3612,62,55,28613,1040,970347,1892200
3613,63,65,28550,1038,970412,1868300
3614,56,51,28494,1043,970463,2207400
3615,41,45,28453,1039,970508,2877200
3616,63,52,28390,1050,970560,2781900
3617,47,53,28343,1044,970613,2019900
3618,57,47,28286,1054,970660,2035500
3619,54,55,28232,1053,970715,2237400
3620,45,58,28187,1040,970773,2499300
3621,49,57,28138,1032,970830,2493800
3622,54,44,28084,1042,970874,2053200
3623,48,55,28036,1035,970929,2283000
3624,45,43,27991,1037,970972,2165200
3625,46,42,27945,1041,971014,2090100
3626,36,53,27909,1024,971067,2117500
3627,49,51,27860,1022,971118,2016800
3628,44,58,27816,1008,971176,2267800
3629,35,37,27781,1006,971213,5305900
3630,44,47,27737,1003,971260,2241800
3631,48,48,27689,1003,971308,1944900
3632,52,45,27637,1010,971353,2127700
3633,38,59,27599,989,971412,2083300
3634,37,57,27562,969,971469,1971800
3635,51,57,27511,963,971526,2039100
3636,46,63,27465,946,971589,1963900
3637,59,63,27406,942,971652,1948400
3638,41,47,27365,936,971699,2010800
3639,43,56,27322,923,971755,1903300
3640,52,48,27270,927,971803,2203100
3641,54,36,27216,945,971839,2074400
3642,40,39,27176,946,971878,2012400
3643,49,52,27127,943,971930,2178200
3644,44,45,27083,942,971975,1974800
3645,42,44,27041,940,972019,1898600
3646,59,42,26982,957,972061,2168100
3647,46,49,26936,954,972110,1864200
3648,38,50,26898,942,972160,2057200
3649,41,46,26857,937,972206,1819500
3650,51,44,26806,944,972250,1834000
3651,34,38,26772,940,972288,2024500
3652,47,43,26725,944,972331,1865500
3653,44,62,26681,926,972393,1842500
3654,51,38,26630,939,972431,2017200
3655,46,42,26584,943,972473,1835400
3656,48,38,26536,953,972511,1887400
3657,51,42,26485,962,972553,2090600
3658,45,35,26440,972,972588,1854500
3659,52,52,26388,972,972640,1844700
3660,43,45,26345,970,972685,2049400
3661,31,38,26314,963,972723,2038300
3662,43,51,26271,955,972774,1964500
3663,43,51,26228,947,972825,2139000
3664,39,58,26189,928,972883,1834300
3665,39,48,26150,919,972931,1830100
3666,44,47,26106,916,972978,1835300
3667,53,43,26053,926,973021,1855200
3668,47,35,26006,938,973056,1835600
3669,39,43,25967,934,973099,1980900
3670,53,41,25914,946,973140,1856000
3671,61,40,25853,967,973180,1831300
3672,45,52,25808,960,973232,2037700
3673,42,34,25766,968,973266,2183700
3674,48,60,25718,956,973326,2043000
3675,49,49,25669,956,973375,1820100
3676,45,45,25624,956,973420,1847600
3677,48,49,25576,955,973469,2045300
3678,45,46,25531,954,973515,1848400
3679,59,43,25472,970,973558,1846600
3680,45,55,25427,960,973613,1934900
3681,53,50,25374,963,973663,2078100
3682,57,57,25317,963,973720,1999600
3683,49,46,25268,966,973766,2154000
3684,50,40,25218,976,973806,1849200
3685,54,42,25164,988,973848,2055900
3686,52,45,25112,995,973893,1841700
3687,60,50,25052,1005,973943,1790600
3688,52,48,25000,1009,973991,1945500
3689,65,66,24935,1008,974057,1926200
3690,55,46,24880,1017,974103,2033000
3691,44,39,24836,1022,974142,2165300
3692,40,54,24796,1008,974196,1824100
3693,66,52,24730,1022,974248,1868300
3694,61,54,24669,1029,974302,1816800
3695,61,43,24608,1047,974345,1803500
3696,53,62,24555,1038,974407,1827700
3697,62,49,24493,1051,974456,1813100
3698,44,48,24449,1047,974504,2081700
3699,51,54,24398,1044,974558,1804900
3700,71,49,24327,1066,974607,2112300
3701,51,56,24276,1061,974663,1808600
3702,54,63,24222,1052,974726,1814400
3703,59,53,24163,1058,974779,1814900
3704,60,53,24103,1065,974832,1843800
3705,60,61,24043,1064,974893,1807200
3706,42,48,24001,1058,974941,1820100
3707,52,52,23949,1058,974993,1812200
3708,49,36,23900,1071,975029,1893800
3709,53,57,23847,1067,975086,1748300
3710,58,45,23789,1080,975131,1875500
3711,47,68,23742,1059,975199,1791700
3712,50,45,23692,1064,975244,1798100
3713,48,48,23644,1064,975292,2004600
3714,51,65,23593,1050,975357,1804700
3715,55,37,23538,1068,975394,1809300
3716,51,50,23487,1069,975444,1798700
3717,49,55,23438,1063,975499,1813500
3718,47,62,23391,1048,975561,1761800
3719,49,41,23342,1056,975602,1809400
3720,49,48,23293,1057,975650,1806700
3721,56,48,23237,1065,975698,2025700
3722,44,65,23193,1044,975763,1817200
3723,53,54,23140,1043,975817,1807500
3724,48,52,23092,1039,975869,1901500
3725,60,60,23032,1039,975929,1762500
3726,50,45,22982,1044,975974,1883400
3727,43,45,22939,1042,976019,1996700
3728,39,35,22900,1046,976054,1767600
3729,53,45,22847,1054,976099,1824500
3730,48,63,22799,1039,976162,2028300
3731,38,53,22761,1024,976215,1805200
3732,38,45,22723,1017,976260,2001900
3733,42,48,22681,1011,976308,1808800
3734,43,60,22638,994,976368,1798600
3735,56,64,22582,986,976432,2016900
3736,52,43,22530,995,976475,1979100
3737,55,55,22475,995,976530,1983200
3738,42,39,22433,998,976569,1798400
3739,49,51,22384,996,976620,1829800
3740,53,68,22331,981,976688,1829800
3741,41,51,22290,971,976739,1805700
3742,41,47,22249,965,976786,1793600
3743,44,46,22205,963,976832,1797200
3744,34,48,22171,949,976880,1783800
3745,29,44,22142,934,976924,1968500
3746,62,55,22080,941,976979,1769200
3747,37,40,22043,938,977019,1881500
3748,52,44,21991,946,977063,1785400
3749,52,41,21939,957,977104,1808200
3750,40,51,21899,946,977155,1838700
3751,55,51,21844,950,977206,2040900
3752,45,47,21799,948,977253,1895900
3753,43,47,21756,944,977300,1837700
3754,37,45,21719,936,977345,1855800
3755,38,43,21681,931,977388,2032600
3756,41,50,21640,922,977438,2105500
3757,50,41,21590,931,977479,1817000
3758,40,48,21550,923,977527,1867900
3759,29,42,21521,910,977569,1797400
3760,36,45,21485,901,977614,1800500
3761,33,42,21452,892,977656,1997300
3762,46,52,21406,886,977708,1981300
3763,43,36,21363,893,977744,1850700
3764,41,54,21322,880,977798,1807000
3765,39,49,21283,870,977847,2110400
3766,36,59,21247,847,977906,1928800
3767,47,40,21200,854,977946,2118800
3768,53,57,21147,850,978003,1818200
3769,53,36,21094,867,978039,1820500
3770,43,50,21051,860,978089,1818800
3771,51,42,21000,869,978131,1784000
3772,42,36,20958,875,978167,1819900
3773,45,58,20913,862,978225,1794300
3774,41,45,20872,858,978270,1865200
3775,59,42,20813,875,978312,1851400
3776,49,30,20764,894,978342,2098700
3777,51,42,20713,903,978384,1974900
3778,53,37,20660,919,978421,2917100
3779,29,41,20631,907,978462,3063700
3780,39,52,20592,894,978514,2421800
3781,43,39,20549,898,978553,2351800
3782,41,36,20508,903,978589,2471100
3783,49,39,20459,913,978628,2202500
3784,34,56,20425,891,978684,2148500
3785,48,54,20377,885,978738,1941600
3786,34,37,20343,882,978775,1999500
3787,41,34,20302,889,978809,2009100
3788,41,50,20261,880,978859,1966300
3789,43,45,20218,878,978904,1913400
3790,43,30,20175,891,978934,1824200
3791,39,32,20136,898,978966,1831000
3792,50,58,20086,890,979024,1869000
3793,43,42,20043,891,979066,1975900
3794,42,57,20001,876,979123,2045800
3795,39,48,19962,867,979171,2264100
3796,51,34,19911,884,979205,2027400
3797,42,49,19869,877,979254,2105200
3798,42,47,19827,872,979301,2034800
3799,55,42,19772,885,979343,2144600
3800,62,48,19710,899,979391,2306500
3801,26,41,19684,884,979432,2078700
3802,54,45,19630,893,979477,1940700
3803,46,44,19584,895,979521,2119200
3804,35,40,19549,890,979561,2094000
3805,35,43,19514,882,979604,1897000
3806,47,47,19467,882,979651,1968500
3807,43,40,19424,885,979691,1908100
3808,46,51,19378,880,979742,2152100
3809,37,41,19341,876,979783,2055800
3810,43,36,19298,883,979819,1905800
3811,37,45,19261,875,979864,1852400
3812,39,42,19222,872,979906,1936200
3813,26,39,19196,859,979945,1972900
3814,36,51,19160,844,979996,2154800
3815,38,37,19122,845,980033,2176600
3816,34,48,19088,831,980081,2234500
3817,31,39,19057,823,980120,2012300
3818,32,47,19025,808,980167,1970700
3819,25,34,19000,799,980201,2032900
3820,29,34,18971,794,980235,1954700
3821,40,42,18931,792,980277,1922500
3822,33,41,18898,784,980318,1872000
3823,36,40,18862,780,980358,1824000
3824,40,40,18822,780,980398,1822700
3825,26,44,18796,762,980442,1836100
3826,40,34,18756,768,980476,1800800
3827,30,33,18726,765,980509,1805300
3828,40,39,18686,766,980548,1834300
3829,30,41,18656,755,980589,1870000
3830,34,43,18622,746,980632,2028700
3831,32,38,18590,740,980670,2985100
3832,39,34,18551,745,980704,3148100
3833,36,39,18515,742,980743,3380600
3834,35,42,18480,735,980785,2641200
3835,41,37,18439,739,980822,2606200
3836,31,45,18408,725,980867,2305000
3837,33,37,18375,721,980904,1996000
3838,40,38,18335,723,980942,2054400
3839,42,31,18293,734,980973,1938400
3840,37,33,18256,738,981006,2034800
3841,39,38,18217,739,981044,1982700
3842,30,49,18187,720,981093,1884600
3843,25,44,18162,701,981137,1908000
3844,30,38,18132,693,981175,2140600
3845,36,32,18096,697,981207,1892900
3846,29,34,18067,692,981241,1933900
3847,36,32,18031,696,981273,1940700
3848,36,24,17995,708,981297,2015700
3849,27,30,17968,705,981327,1898900
3850,31,30,17937,706,981357,1941400
3851,34,31,17903,709,981388,1844200
3852,37,32,17866,714,981420,1803100
3853,27,35,17839,706,981455,1949900
3854,43,37,17796,712,981492,1784400
3855,28,40,17768,700,981532,1739400
3856,36,30,17732,706,981562,1800200
3857,35,35,17697,706,981597,1813700
3858,29,42,17668,693,981639,1807800
3859,42,30,17626,705,981669,1821700
3860,36,43,17590,698,981712,2071500
3861,31,32,17559,697,981744,1836400
3862,34,33,17525,698,981777,2028900
3863,36,43,17489,691,981820,1818900
3864,26,35,17463,682,981855,1827900
3865,33,36,17430,679,981891,1763300
3866,37,31,17393,685,981922,1856200
3867,36,34,17357,687,981956,1844500
3868,36,42,17321,681,981998,1822800
3869,27,23,17294,685,982021,1825800
3870,28,30,17266,683,982051,1858200
3871,26,28,17240,681,982079,1945100
3872,40,45,17200,676,982124,1984800
3873,34,28,17166,682,982152,2110700
3874,41,35,17125,688,982187,1897100
3875,43,45,17082,686,982232,2118600
3876,34,46,17048,674,982278,2142400
3877,35,24,17013,685,982302,3641000
3878,32,35,16981,682,982337,3236000
3879,31,33,16950,680,982370,2419400
3880,25,27,16925,678,982397,2143100
3881,32,42,16893,668,982439,1920000
3882,31,42,16862,657,982481,2132100
3883,22,24,16840,655,982505,1906100
3884,31,34,16809,652,982539,1851600
3885,15,41,16794,626,982580,1861400
3886,21,24,16773,623,982604,2050200
3887,26,32,16747,617,982636,1995300
3888,27,28,16720,616,982664,1875700
3889,21,31,16699,606,982695,1824800
3890,32,23,16667,615,982718,1816600
3891,36,25,16631,626,982743,2094600
3892,34,21,16597,639,982764,1825400
3893,22,34,16575,627,982798,1790000
3894,28,34,16547,621,982832,1842100
3895,22,33,16525,610,982865,2006100
3896,27,34,16498,603,982899,1780000
3897,17,27,16481,593,982926,1861000
3898,23,23,16458,593,982949,2160500
3899,23,44,16435,572,982993,1767200
3900,21,28,16414,565,983021,1808500
3901,21,36,16393,550,983057,1812700
3902,24,29,16369,545,983086,1724400
3903,29,31,16340,543,983117,1802900
3904,21,26,16319,538,983143,1717000
3905,25,27,16294,536,983170,2027200
3906,29,26,16265,539,983196,2032100
3907,23,25,16242,537,983221,1737200
3908,21,21,16221,537,983242,2010700
3909,14,26,16207,525,983268,2126600
3910,15,23,16192,517,983291,1878300
3911,11,21,16181,507,983312,1846800
3912,21,31,16160,497,983343,2055000
3913,15,25,16145,487,983368,1942000
3914,25,34,16120,478,983402,1811000
3915,21,24,16099,475,983426,1830200
3916,29,30,16070,474,983456,1817100
3917,17,17,16053,474,983473,1921600
3918,16,22,16037,468,983495,1849800
3919,18,28,16019,458,983523,1754500
3920,17,28,16002,447,983551,2131400
3921,13,17,15989,443,983568,2010500
3922,12,19,15977,436,983587,2001000
3923,22,20,15955,438,983607,2085400
3924,22,27,15933,433,983634,1725900
3925,17,26,15916,424,983660,1820400
3926,15,21,15901,418,983681,1796100
3927,7,25,15894,400,983706,1791300
3928,15,21,15879,394,983727,1798000
3929,18,22,15861,390,983749,1838800
3930,15,22,15846,383,983771,1813500
3931,19,14,15827,388,983785,1916200
3932,23,28,15804,383,983813,1937300
3933,20,21,15784,382,983834,1770000
3934,9,18,15775,373,983852,1871400
3935,18,18,15757,373,983870,1931900
3936,17,25,15740,365,983895,1929400
3937,14,20,15726,359,983915,5198200
3938,24,26,15702,357,983941,3092000
3939,12,27,15690,342,983968,2297900
3940,14,26,15676,330,983994,2099200
3941,13,15,15663,328,984009,2077800
3942,13,19,15650,322,984028,2026800
3943,12,12,15638,322,984040,2116100
3944,14,13,15624,323,984053,1965800
3945,16,13,15608,326,984066,1832900
3946,14,14,15594,326,984080,2425600
3947,12,20,15582,318,984100,1929600
3948,10,14,15572,314,984114,1941700
3949,18,18,15554,314,984132,1906100
3950,17,16,15537,315,984148,1908700
3951,8,15,15529,308,984163,2127500
3952,10,20,15519,298,984183,1978800
3953,13,22,15506,289,984205,1991900
3954,9,13,15497,285,984218,1967700
3955,20,10,15477,295,984228,2045800
3956,16,21,15461,290,984249,1918400
3957,12,21,15449,281,984270,1735900
3958,13,13,15436,281,984283,1852400
3959,14,11,15422,284,984294,1798900
3960,18,12,15404,290,984306,1823500
3961,20,15,15384,295,984321,1940800
3962,10,7,15374,298,984328,1798400
3963,6,26,15368,278,984354,1709100
3964,8,9,15360,277,984363,1821800
3965,9,9,15351,277,984372,1829800
3966,6,9,15345,274,984381,1972200
3967,10,11,15335,273,984392,1805600
3968,12,19,15323,266,984411,1729600
3969,7,8,15316,265,984419,1881800
3970,9,13,15307,261,984432,1767100
3971,12,8,15295,265,984440,1869900
3972,6,16,15289,255,984456,1723700
3973,8,12,15281,251,984468,1802900
3974,7,15,15274,243,984483,1812800
3975,3,10,15271,236,984493,1858300
3976,9,8,15262,237,984501,1854500
3977,9,13,15253,233,984514,1850300
3978,10,14,15243,229,984528,1688700
3979,5,11,15238,223,984539,1833700
3980,4,12,15234,215,984551,1806600
3981,5,12,15229,208,984563,1803600
3982,8,8,15221,208,984571,1818500
3983,9,9,15212,208,984580,1825100
3984,11,8,15201,211,984588,1817500
3985,9,10,15192,210,984598,1800100
3986,2,16,15190,196,984614,1796000
3987,7,16,15183,187,984630,1790700
3988,2,11,15181,178,984641,1717200
3989,6,11,15175,173,984652,1813300
3990,5,9,15170,169,984661,1798200
3991,4,8,15166,165,984669,1790200
3992,6,6,15160,165,984675,1786500
3993,3,9,15157,159,984684,1935300
3994,6,11,15151,154,984695,1706300
3995,3,13,15148,144,984708,1979700
3996,6,10,15142,140,984718,1859400
3997,7,6,15135,141,984724,1800900
3998,5,8,15130,138,984732,1820500
3999,5,2,15125,141,984734,1809700
4000,3,6,15122,138,984740,1801800
4001,1,10,15121,129,984750,1821100
4002,0,4,15121,125,984754,1804200
4003,2,4,15119,123,984758,1854700
4004,1,3,15118,121,984761,1738000
4005,2,8,15116,115,984769,1863300
4006,0,5,15116,110,984774,2064100
4007,2,3,15114,109,984777,1810000
4008,2,6,15112,105,984783,1796800
4009,0,4,15112,101,984787,1765300
4010,3,4,15109,100,984791,1899700
4011,1,5,15108,96,984796,2063000
4012,1,2,15107,95,984798,1796100
4013,0,3,15107,92,984801,1784400
4014,3,6,15104,89,984807,1813300
4015,0,6,15104,83,984813,1770700
4016,0,0,15104,83,984813,1948500
4017,1,3,15103,81,984816,1802000
4018,1,5,15102,77,984821,1795800
4019,0,5,15102,72,984826,1985100
4020,0,4,15102,68,984830,1780800
4021,0,1,15102,67,984831,1995700
4022,0,4,15102,63,984835,2025200
4023,0,5,15102,58,984840,2147400
4024,0,1,15102,57,984841,1741700
4025,1,5,15101,53,984846,1716000
4026,0,4,15101,49,984850,1751400
4027,0,3,15101,46,984853,2011300
4028,1,2,15100,45,984855,1781900
4029,0,4,15100,41,984859,1809500
4030,1,0,15099,42,984859,2199500
4031,0,0,15099,42,984859,1956200
4032,0,3,15099,39,984862,1703500
4033,0,3,15099,36,984865,1787100
4034,0,3,15099,33,984868,1793600
4035,0,2,15099,31,984870,1815500
4036,0,0,15099,31,984870,1803100
4037,0,1,15099,30,984871,2074900
4038,0,2,15099,28,984873,2084600
4039,0,2,15099,26,984875,1850800
4040,0,3,15099,23,984878,1838300
4041,0,1,15099,22,984879,1796900
4042,0,1,15099,21,984880,1795400
4043,0,2,15099,19,984882,2083300
4044,0,0,15099,19,984882,2060000
4045,0,1,15099,18,984883,1820700
4046,0,1,15099,17,984884,1919500
4047,0,0,15099,17,984884,1946500
4048,0,1,15099,16,984885,2021300
4049,0,1,15099,15,984886,1825000
4050,0,1,15099,14,984887,1822100
4051,0,1,15099,13,984888,1824500
4052,0,0,15099,13,984888,1793000
4053,0,3,15099,10,984891,1797000
4054,0,0,15099,10,984891,1791900
4055,0,1,15099,9,984892,1821300
4056,0,0,15099,9,984892,1776500
4057,0,1,15099,8,984893,1921700
4058,0,0,15099,8,984893,1786900
4059,0,0,15099,8,984893,1792800
4060,0,1,15099,7,984894,2086400
4061,0,0,15099,7,984894,2189200
4062,0,1,15099,6,984895,2012000
4063,0,0,15099,6,984895,1760900
4064,0,0,15099,6,984895,1791100
4065,0,0,15099,6,984895,1808000
4066,0,0,15099,6,984895,1904500
4067,0,0,15099,6,984895,1948100
4068,0,0,15099,6,984895,1831500
4069,0,0,15099,6,984895,2175300
4070,0,0,15099,6,984895,1749800
4071,0,1,15099,5,984896,2372500
4072,0,1,15099,4,984897,2113500
4073,0,0,15099,4,984897,1890200
4074,0,0,15099,4,984897,2022300
4075,0,0,15099,4,984897,1802800
4076,0,0,15099,4,984897,1846000
4077,0,0,15099,4,984897,1963400
4078,0,0,15099,4,984897,1793500
4079,0,2,15099,2,984899,1798300
4080,0,0,15099,2,984899,1797800
4081,0,0,15099,2,984899,1753900
4082,0,0,15099,2,984899,1797800
4083,0,0,15099,2,984899,1810100
4084,0,0,15099,2,984899,1764900
4085,0,0,15099,2,984899,1810600
4086,0,0,15099,2,984899,1833600
4087,0,0,15099,2,984899,1739900
4088,0,0,15099,2,984899,1759900
4089,0,0,15099,2,984899,1816200
4090,0,0,15099,2,984899,1807500
4091,0,0,15099,2,984899,1828100
4092,0,0,15099,2,984899,1702500
4093,0,0,15099,2,984899,1800100
4094,0,0,15099,2,984899,1707400
4095,0,0,15099,2,984899,1851100
4096,0,0,15099,2,984899,2067100
4097,0,1,15099,1,984900,2826400
4098,0,0,15099,1,984900,2219900
4099,0,0,15099,1,984900,4075700
4100,0,0,15099,1,984900,2312700
4101,0,0,15099,1,984900,2173400
4102,0,0,15099,1,984900,1963800
4103,0,0,15099,1,984900,2265600
4104,0,0,15099,1,984900,1884600
4105,0,0,15099,1,984900,2966900
4106,0,0,15099,1,984900,1832400
4107,0,0,15099,1,984900,1908300
4108,0,0,15099,1,984900,1937300
4109,0,0,15099,1,984900,1822600
4110,0,0,15099,1,984900,1787700
4111,0,0,15099,1,984900,1968300
4112,0,0,15099,1,984900,2085000
4113,0,0,15099,1,984900,1822700
4114,0,0,15099,1,984900,2093400
4115,0,0,15099,1,984900,1965600
4116,0,0,15099,1,984900,1839000
4117,0,0,15099,1,984900,1847900
4118,0,0,15099,1,984900,1903000
4119,0,0,15099,1,984900,2032900
4120,0,0,15099,1,984900,1862300
4121,0,0,15099,1,984900,2104700
4122,0,0,15099,1,984900,2041800
4123,0,0,15099,1,984900,2162800
4124,0,0,15099,1,984900,1712800
4125,0,0,15099,1,984900,1839800
4126,0,0,15099,1,984900,1977400
4127,0,0,15099,1,984900,7571600
4128,0,0,15099,1,984900,2842300
4129,0,0,15099,1,984900,2427700
4130,0,1,15099,0,984901,2451400
