Tick,NewlyInfected,NewlyRecovered,TotalSusceptible,TotalInfected,TotalRecovered,StepTimeNanos
0,1,0,999994,6,0,2251700
1,1,0,999993,7,0,1875100
2,4,0,999989,11,0,1767800
3,3,0,999986,14,0,1791500
4,3,0,999983,17,0,1789800
5,2,0,999981,19,0,2160500
6,5,0,999976,24,0,1848400
7,4,2,999972,26,2,1678100
8,5,2,999967,29,4,2032600
9,5,2,999962,32,6,1974400
10,5,2,999957,35,8,1770600
11,4,2,999953,37,10,1989700
12,8,2,999945,43,12,1784700
13,5,2,999940,46,14,1740400
14,11,0,999929,57,14,1696900
15,10,4,999919,63,18,1681300
16,5,0,999914,68,18,1785400
17,14,5,999900,77,23,1763200
18,15,7,999885,85,30,2163800
19,11,6,999874,90,36,1885800
20,9,5,999865,94,41,1893800
21,6,8,999859,92,49,1793200
22,11,2,999848,101,51,1832600
23,17,6,999831,112,57,1970800
24,10,6,999821,116,63,1755500
25,12,8,999809,120,71,1781900
26,15,7,999794,128,78,1830700
27,9,5,999785,132,83,1808800
28,19,6,999766,145,89,1765100
29,14,9,999752,150,98,1789200
30,13,4,999739,159,102,1785900
31,16,4,999723,171,106,1904800
32,16,9,999707,178,115,2139500
33,23,12,999684,189,127,2291600
34,16,7,999668,198,134,1838900
35,14,8,999654,204,142,2250100
36,18,6,999636,216,148,1825900
37,17,13,999619,220,161,1809900
38,15,14,999604,221,175,1817000
39,25,13,999579,233,188,1765800
40,18,14,999561,237,202,1782200
41,21,11,999540,247,213,1755000
42,16,10,999524,253,223,1750700
43,23,8,999501,268,231,1851400
44,13,18,999488,263,249,1958000
45,22,14,999466,271,263,1841400
46,22,18,999444,275,281,1842200
47,10,16,999434,269,297,1836000
48,22,11,999412,280,308,2306500
49,17,16,999395,281,324,1823000
50,20,16,999375,285,340,1841300
51,23,18,999352,290,358,2348200
52,22,14,999330,298,372,1815900
53,22,15,999308,305,387,1852200
54,17,16,999291,306,403,1854300
55,19,7,999272,318,410,1767500
56,30,23,999242,325,433,1832300
57,30,18,999212,337,451,2007900
58,39,14,999173,362,465,1791500
59,27,26,999146,363,491,1988000
60,25,19,999121,369,510,1826300
61,26,19,999095,376,529,1787000
62,31,24,999064,383,553,1855000
63,32,18,999032,397,571,1968200
64,26,26,999006,397,597,1861300
65,27,18,998979,406,615,1852100
66,25,15,998954,416,630,2117800
67,36,22,998918,430,652,2020000
68,38,17,998880,451,669,1860000
69,26,25,998854,452,694,1751000
70,47,23,998807,476,717,1828700
71,35,24,998772,487,741,1829900
72,34,18,998738,503,759,1774800
73,41,25,998697,519,784,1767200
74,36,28,998661,527,812,1824100
75,38,28,998623,537,840,1811300
76,36,29,998587,544,869,1876700
77,31,36,998556,539,905,2179300
78,49,27,998507,561,932,1844700
79,46,27,998461,580,959,1861000
80,46,33,998415,593,992,1979300
81,47,32,998368,608,1024,1775300
82,52,35,998316,625,1059,1822400
83,48,37,998268,636,1096,1848800
84,54,30,998214,660,1126,1824100
85,49,27,998165,682,1153,1764000
86,44,26,998121,700,1179,1821300
87,49,39,998072,710,1218,2310700
88,49,35,998023,724,1253,2112900
89,45,23,997978,746,1276,2062500
90,45,32,997933,759,1308,2011300
91,50,32,997883,777,1340,1963600
92,55,39,997828,793,1379,1773900
93,37,52,997791,778,1431,1797300
94,49,46,997742,781,1477,1800500
95,50,32,997692,799,1509,1796900
96,44,44,997648,799,1553,1759600
97,48,33,997600,814,1586,1867000
98,36,41,997564,809,1627,1827500
99,58,41,997506,826,1668,1751500
100,52,30,997454,848,1698,1980100
101,61,35,997393,874,1733,1852800
102,52,28,997341,898,1761,1801100
103,62,45,997279,915,1806,1912900
104,51,52,997228,914,1858,1818800
105,44,65,997184,893,1923,1759200
106,71,45,997113,919,1968,1782800
107,55,43,997058,931,2011,1728300
108,58,48,997000,941,2059,1867000
109,55,46,996945,950,2105,2063500
110,61,45,996884,966,2150,1808200
111,71,52,996813,985,2202,1955500
112,85,40,996728,1030,2242,1819800
113,69,55,996659,1044,2297,1753700
114,73,48,996586,1069,2345,1744800
115,68,52,996518,1085,2397,1836600
116,65,63,996453,1087,2460,1773800
117,58,52,996395,1093,2512,1868400
118,68,62,996327,1099,2574,1893400
119,72,57,996255,1114,2631,1799300
120,60,46,996195,1128,2677,1726800
121,81,57,996114,1152,2734,1860100
122,77,47,996037,1182,2781,1816900
123,77,70,995960,1189,2851,1822700
124,67,66,995893,1190,2917,1841200
125,77,57,995816,1210,2974,1818800
126,63,56,995753,1217,3030,1796400
127,53,72,995700,1198,3102,2063900
128,77,57,995623,1218,3159,1821000
129,82,66,995541,1234,3225,1746200
130,62,57,995479,1239,3282,1943900
131,81,49,995398,1271,3331,1802900
132,79,60,995319,1290,3391,1791300
133,80,74,995239,1296,3465,1984400
134,76,55,995163,1317,3520,1856200
135,81,52,995082,1346,3572,1734000
136,89,67,994993,1368,3639,1816400
137,73,82,994920,1359,3721,1925100
138,95,68,994825,1386,3789,1834200
139,76,82,994749,1380,3871,1845100
140,82,70,994667,1392,3941,1819300
141,85,67,994582,1410,4008,1766800
142,86,73,994496,1423,4081,1886600
143,106,73,994390,1456,4154,2234700
144,96,74,994294,1478,4228,2073000
145,86,66,994208,1498,4294,1834400
146,98,77,994110,1519,4371,1717900
147,77,82,994033,1514,4453,1689800
148,85,91,993948,1508,4544,1745400
149,88,78,993860,1518,4622,1838100
150,92,92,993768,1518,4714,1815600
151,90,79,993678,1529,4793,1874600
152,85,87,993593,1527,4880,1951100
153,81,88,993512,1520,4968,1906400
154,90,75,993422,1535,5043,1827700
155,96,75,993326,1556,5118,2190000
156,97,89,993229,1564,5207,1940700
157,94,71,993135,1587,5278,1805500
158,88,69,993047,1606,5347,1873400
159,91,65,992956,1632,5412,1926300
160,101,76,992855,1657,5488,1904400
161,113,80,992742,1690,5568,1850200
162,104,87,992638,1707,5655,1844300
163,79,66,992559,1720,5721,1822100
164,90,80,992469,1730,5801,1821900
165,97,92,992372,1735,5893,1878100
166,91,84,992281,1742,5977,1862500
167,95,72,992186,1765,6049,1943800
168,99,104,992087,1760,6153,1943400
169,94,81,991993,1773,6234,1852300
170,111,98,991882,1786,6332,1802900
171,97,99,991785,1784,6431,2000300
172,98,92,991687,1790,6523,1957100
173,90,92,991597,1788,6615,1840200
174,99,92,991498,1795,6707,1727100
175,98,71,991400,1822,6778,1818600
176,105,91,991295,1836,6869,1759900
177,97,84,991198,1849,6953,1939100
178,101,81,991097,1869,7034,1744600
179,108,71,990989,1906,7105,1895000
180,108,91,990881,1923,7196,1748400
181,110,88,990771,1945,7284,1770700
182,119,95,990652,1969,7379,1787300
183,105,110,990547,1964,7489,2052900
184,137,97,990410,2004,7586,1932600
185,112,92,990298,2024,7678,1738900
186,114,109,990184,2029,7787,1732700
187,143,108,990041,2064,7895,1808800
188,120,107,989921,2077,8002,1832100
189,123,110,989798,2090,8112,1899700
190,122,96,989676,2116,8208,1826300
191,130,99,989546,2147,8307,2151200
192,130,114,989416,2163,8421,2019600
193,124,106,989292,2181,8527,2074800
194,123,105,989169,2199,8632,1985400
195,104,116,989065,2187,8748,1732700
196,140,148,988925,2179,8896,1770300
197,141,96,988784,2224,8992,1768100
198,126,126,988658,2224,9118,1833400
199,106,107,988552,2223,9225,1840500
200,140,84,988412,2279,9309,1775300
201,105,103,988307,2281,9412,1962500
202,122,124,988185,2279,9536,1934400
203,123,116,988062,2286,9652,1925600
204,130,112,987932,2304,9764,1785800
205,120,116,987812,2308,9880,1788800
206,97,98,987715,2307,9978,1753000
207,133,111,987582,2329,10089,1787600
208,121,124,987461,2326,10213,1780400
209,117,107,987344,2336,10320,1844100
210,105,129,987239,2312,10449,1837900
211,118,113,987121,2317,10562,1842800
212,135,125,986986,2327,10687,1864700
213,136,105,986850,2358,10792,1781500
214,130,116,986720,2372,10908,2099500
215,120,117,986600,2375,11025,1763400
216,140,122,986460,2393,11147,1769500
217,114,105,986346,2402,11252,1726200
218,135,123,986211,2414,11375,1828100
219,138,126,986073,2426,11501,1821800
220,142,111,985931,2457,11612,1770300
221,126,131,985805,2452,11743,1712700
222,126,124,985679,2454,11867,1760500
223,119,138,985560,2435,12005,1836200
224,115,128,985445,2422,12133,1801300
225,125,113,985320,2434,12246,1720800
226,99,125,985221,2408,12371,1840700
227,131,109,985090,2430,12480,1945200
228,126,121,984964,2435,12601,1720700
229,116,134,984848,2417,12735,1712500
230,128,107,984720,2438,12842,1710700
231,116,106,984604,2448,12948,1945500
232,140,134,984464,2454,13082,1883400
233,154,118,984310,2490,13200,2017700
234,156,126,984154,2520,13326,2044400
235,143,121,984011,2542,13447,1884900
236,140,148,983871,2534,13595,1801000
237,116,144,983755,2506,13739,1820500
238,147,124,983608,2529,13863,1762000
239,139,125,983469,2543,13988,1794000
240,157,139,983312,2561,14127,1820500
241,162,124,983150,2599,14251,1843600
242,147,135,983003,2611,14386,1836400
243,130,113,982873,2628,14499,1903400
244,145,143,982728,2630,14642,1773600
245,131,135,982597,2626,14777,1745500
246,143,122,982454,2647,14899,1955400
247,132,133,982322,2646,15032,1873700
248,145,143,982177,2648,15175,1782500
249,146,132,982031,2662,15307,1837400
250,131,130,981900,2663,15437,1876300
251,144,147,981756,2660,15584,1840300
252,154,129,981602,2685,15713,1791600
253,134,143,981468,2676,15856,1938300
254,134,153,981334,2657,16009,1780700
255,129,136,981205,2650,16145,1711000
256,144,138,981061,2656,16283,1826300
257,154,132,980907,2678,16415,1775700
258,142,120,980765,2700,16535,1777200
259,146,131,980619,2715,16666,1917300
260,115,134,980504,2696,16800,1782400
261,161,153,980343,2704,16953,1756000
262,142,154,980201,2692,17107,1841500
263,143,135,980058,2700,17242,1884900
264,146,148,979912,2698,17390,1819700
265,134,140,979778,2692,17530,1888400
266,148,123,979630,2717,17653,1776200
267,146,150,979484,2713,17803,1817700
268,167,125,979317,2755,17928,1773900
269,138,139,979179,2754,18067,1882300
270,133,147,979046,2740,18214,1800600
271,139,151,978907,2728,18365,1787500
272,131,128,978776,2731,18493,1834500
273,168,147,978608,2752,18640,1842700
274,140,146,978468,2746,18786,1793500
275,158,142,978310,2762,18928,1781600
276,155,142,978155,2775,19070,1806800
277,133,144,978022,2764,19214,2004700
278,138,137,977884,2765,19351,1773500
279,136,141,977748,2760,19492,1769600
280,160,133,977588,2787,19625,1899000
281,127,127,977461,2787,19752,1746100
282,146,142,977315,2791,19894,1757500
283,156,143,977159,2804,20037,1743700
284,146,139,977013,2811,20176,1834600
285,174,125,976839,2860,20301,1930400
286,151,149,976688,2862,20450,1790100
287,142,131,976546,2873,20581,1761900
288,155,157,976391,2871,20738,1744500
289,145,118,976246,2898,20856,1735800
290,154,143,976092,2909,20999,1808400
291,168,157,975924,2920,21156,1751800
292,165,136,975759,2949,21292,1753500
293,163,146,975596,2966,21438,1737200
294,171,153,975425,2984,21591,1922500
295,164,157,975261,2991,21748,1747000
296,177,146,975084,3022,21894,1687200
297,159,174,974925,3007,22068,1689200
298,139,153,974786,2993,22221,2047800
299,168,152,974618,3009,22373,1891400
300,161,140,974457,3030,22513,2039400
301,148,155,974309,3023,22668,1835800
302,170,166,974139,3027,22834,1714400
303,176,138,973963,3065,22972,1852100
304,146,158,973817,3053,23130,1722200
305,171,156,973646,3068,23286,1653600
306,168,132,973478,3104,23418,1815200
307,143,165,973335,3082,23583,1788400
308,154,144,973181,3092,23727,1664200
309,179,158,973002,3113,23885,1695100
310,159,146,972843,3126,24031,1837300
311,174,141,972669,3159,24172,1686500
312,152,149,972517,3162,24321,1764700
313,171,173,972346,3160,24494,1867400
314,184,158,972162,3186,24652,1899100
315,177,160,971985,3203,24812,1912900
316,170,155,971815,3218,24967,2052000
317,170,164,971645,3224,25131,1846200
318,177,179,971468,3222,25310,1800500
319,197,156,971271,3263,25466,1708300
320,194,149,971077,3308,25615,1837300
321,187,145,970890,3350,25760,1694100
322,193,171,970697,3372,25931,1826100
323,183,173,970514,3382,26104,1754400
324,207,164,970307,3425,26268,1787100
325,206,175,970101,3456,26443,1902300
326,177,190,969924,3443,26633,1835800
327,163,176,969761,3430,26809,1843700
328,171,164,969590,3437,26973,2176900
329,165,169,969425,3433,27142,1768000
330,180,181,969245,3432,27323,1826900
331,196,182,969049,3446,27505,1704700
332,175,176,968874,3445,27681,1715100
333,191,162,968683,3474,27843,1802100
334,177,172,968506,3479,28015,2401700
335,200,179,968306,3500,28194,2077800
336,180,179,968126,3501,28373,1758800
337,192,176,967934,3517,28549,1944400
338,194,182,967740,3529,28731,1728700
339,195,174,967545,3550,28905,1818400
340,189,177,967356,3562,29082,1783300
341,206,178,967150,3590,29260,1695400
342,200,177,966950,3613,29437,1889800
343,200,190,966750,3623,29627,1825600
344,195,182,966555,3636,29809,1822600
345,201,178,966354,3659,29987,1818800
346,189,137,966165,3711,30124,1724900
347,189,190,965976,3710,30314,1705000
348,194,193,965782,3711,30507,1858000
349,183,194,965599,3700,30701,1836800
350,156,161,965443,3695,30862,1780200
351,167,161,965276,3701,31023,1741500
352,168,194,965108,3675,31217,1731600
353,180,191,964928,3664,31408,2125400
354,190,173,964738,3681,31581,2269800
355,201,166,964537,3716,31747,1987300
356,183,165,964354,3734,31912,1953200
357,177,183,964177,3728,32095,1709600
358,187,175,963990,3740,32270,1714500
359,167,177,963823,3730,32447,1789700
360,189,169,963634,3750,32616,1713900
361,204,179,963430,3775,32795,1709100
362,218,172,963212,3821,32967,1880200
363,197,189,963015,3829,33156,1976300
364,196,183,962819,3842,33339,1868800
365,198,184,962621,3856,33523,1809000
366,178,224,962443,3810,33747,1735700
367,184,179,962259,3815,33926,1655600
368,211,158,962048,3868,34084,1837200
369,189,196,961859,3861,34280,1801500
370,178,183,961681,3856,34463,1758500
371,195,172,961486,3879,34635,1787500
372,169,176,961317,3872,34811,1789900
373,193,194,961124,3871,35005,1799900
374,185,177,960939,3879,35182,1799600
375,194,188,960745,3885,35370,1906200
376,212,218,960533,3879,35588,1789100
377,195,212,960338,3862,35800,1774000
378,187,204,960151,3845,36004,1835500
379,211,187,959940,3869,36191,1974700
380,198,176,959742,3891,36367,1799500
381,179,195,959563,3875,36562,1800000
382,195,204,959368,3866,36766,1813200
383,205,197,959163,3874,36963,1704200
384,196,219,958967,3851,37182,1817700
385,210,190,958757,3871,37372,1848200
386,223,194,958534,3900,37566,1955100
387,182,185,958352,3897,37751,1920900
388,208,192,958144,3913,37943,2369300
389,214,190,957930,3937,38133,2069600
390,219,205,957711,3951,38338,1718600
391,224,202,957487,3973,38540,1829800
392,222,232,957265,3963,38772,1827300
393,212,205,957053,3970,38977,1787300
394,205,206,956848,3969,39183,1731700
395,211,196,956637,3984,39379,1714500
396,208,217,956429,3975,39596,1937100
397,244,188,956185,4031,39784,1937800
398,230,203,955955,4058,39987,2195800
399,198,193,955757,4063,40180,1854000
400,227,236,955530,4054,40416,1795900
401,203,210,955327,4047,40626,1690800
402,214,196,955113,4065,40822,1691200
403,218,205,954895,4078,41027,1858600
404,215,220,954680,4073,41247,2093400
405,201,197,954479,4077,41444,1806700
406,222,189,954257,4110,41633,1823400
407,234,211,954023,4133,41844,1726300
408,245,200,953778,4178,42044,1738500
409,227,226,953551,4179,42270,1859400
410,237,212,953314,4204,42482,1860000
411,247,223,953067,4228,42705,1841400
412,222,205,952845,4245,42910,1871500
413,211,211,952634,4245,43121,1718500
414,194,216,952440,4223,43337,1775300
415,230,203,952210,4250,43540,1875000
416,226,210,951984,4266,43750,1843300
417,204,212,951780,4258,43962,1800800
418,211,219,951569,4250,44181,1724600
419,207,222,951362,4235,44403,1731300
420,234,190,951128,4279,44593,1773900
421,232,222,950896,4289,44815,1884400
422,229,226,950667,4292,45041,1834000
423,212,216,950455,4288,45257,1795000
424,218,201,950237,4305,45458,1730600
425,203,225,950034,4283,45683,1968700
426,211,230,949823,4264,45913,1863300
427,221,223,949602,4262,46136,1903300
428,216,213,949386,4265,46349,1854400
429,221,202,949165,4284,46551,1819400
430,197,222,948968,4259,46773,1728400
431,232,218,948736,4273,46991,1703000
432,212,215,948524,4270,47206,1862200
433,215,232,948309,4253,47438,1860600
434,220,200,948089,4273,47638,1985200
435,244,209,947845,4308,47847,1818000
436,244,219,947601,4333,48066,1722700
437,235,229,947366,4339,48295,1845800
438,214,221,947152,4332,48516,2058800
439,235,199,946917,4368,48715,2010500
440,227,209,946690,4386,48924,1850900
441,241,211,946449,4416,49135,1835200
442,248,257,946201,4407,49392,1908400
443,264,211,945937,4460,49603,1854600
444,273,228,945664,4505,49831,1836400
445,232,231,945432,4506,50062,1692700
446,251,232,945181,4525,50294,1763600
447,240,221,944941,4544,50515,1870200
448,236,222,944705,4558,50737,1833300
449,237,249,944468,4546,50986,1773200
450,244,216,944224,4574,51202,1720500
451,246,239,943978,4581,51441,2046000
452,222,192,943756,4611,51633,1859900
453,222,232,943534,4601,51865,1745400
454,208,229,943326,4580,52094,1954200
455,248,252,943078,4576,52346,1754800
456,262,238,942816,4600,52584,1754600
457,229,255,942587,4574,52839,1883400
458,247,233,942340,4588,53072,1998500
459,245,231,942095,4602,53303,1967700
460,230,213,941865,4619,53516,1769100
461,226,232,941639,4613,53748,1893400
462,266,242,941373,4637,53990,1858100
463,246,227,941127,4656,54217,1751200
464,245,238,940882,4663,54455,1888800
465,247,238,940635,4672,54693,1894400
466,249,217,940386,4704,54910,1874000
467,269,256,940117,4717,55166,1835600
468,238,237,939879,4718,55403,1841200
469,260,210,939619,4768,55613,1847100
470,253,258,939366,4763,55871,1842800
471,247,272,939119,4738,56143,1885400
472,262,212,938857,4788,56355,1854800
473,294,242,938563,4840,56597,1797200
474,260,263,938303,4837,56860,1837700
475,252,235,938051,4854,57095,1911200
476,246,233,937805,4867,57328,1799100
477,261,247,937544,4881,57575,1810800
478,262,255,937282,4888,57830,1793400
479,258,240,937024,4906,58070,1960000
480,279,260,936745,4925,58330,1809700
481,259,249,936486,4935,58579,1901200
482,262,273,936224,4924,58852,1867600
483,248,253,935976,4919,59105,1864300
484,283,232,935693,4970,59337,2013700
485,260,251,935433,4979,59588,1874600
486,271,252,935162,4998,59840,1849000
487,248,257,934914,4989,60097,1869500
488,280,267,934634,5002,60364,1856900
489,271,279,934363,4994,60643,1875700
490,299,226,934064,5067,60869,1830800
491,280,255,933784,5092,61124,2065600
492,282,264,933502,5110,61388,2185000
493,310,259,933192,5161,61647,1959800
494,256,264,932936,5153,61911,1892700
495,264,268,932672,5149,62179,2169900
496,248,291,932424,5106,62470,1925400
497,277,294,932147,5089,62764,1860100
498,273,231,931874,5131,62995,1744700
499,271,234,931603,5168,63229,2008400
500,256,259,931347,5165,63488,1830600
501,290,251,931057,5204,63739,1882900
502,269,265,930788,5208,64004,1836300
503,286,232,930502,5262,64236,1880800
504,260,237,930242,5285,64473,1844700
505,249,260,929993,5274,64733,1826200
506,272,261,929721,5285,64994,1838600
507,265,273,929456,5277,65267,1874500
508,252,246,929204,5283,65513,1793500
509,257,254,928947,5286,65767,1961100
510,229,256,928718,5259,66023,1739000
511,265,212,928453,5312,66235,1823600
512,261,259,928192,5314,66494,1837400
513,253,248,927939,5319,66742,1770300
514,236,258,927703,5297,67000,1840900
515,259,269,927444,5287,67269,1784600
516,268,283,927176,5272,67552,1887400
517,241,251,926935,5262,67803,1925600
518,267,256,926668,5273,68059,1898200
519,254,278,926414,5249,68337,1963200
520,257,279,926157,5227,68616,2041900
521,267,258,925890,5236,68874,1932600
522,243,245,925647,5234,69119,1910800
523,264,267,925383,5231,69386,1878100
524,276,258,925107,5249,69644,1878400
525,269,258,924838,5260,69902,2113300
526,272,278,924566,5254,70180,1919000
527,275,254,924291,5275,70434,2000500
528,293,264,923998,5304,70698,2009400
529,268,246,923730,5326,70944,1913300
530,257,256,923473,5327,71200,1903600
531,285,265,923188,5347,71465,1909000
532,301,262,922887,5386,71727,2109700
533,284,271,922603,5399,71998,2004600
534,267,252,922336,5414,72250,1896000
535,266,262,922070,5418,72512,1920300
536,290,294,921780,5414,72806,1939800
537,273,258,921507,5429,73064,1865500
538,286,282,921221,5433,73346,1936300
539,261,308,920960,5386,73654,1906400
540,248,235,920712,5399,73889,1917600
541,271,276,920441,5394,74165,2001800
542,240,262,920201,5372,74427,1913100
543,265,257,919936,5380,74684,1869900
544,276,246,919660,5410,74930,2173300
545,246,290,919414,5366,75220,1929400
546,282,257,919132,5391,75477,1890000
547,266,281,918866,5376,75758,1978000
548,279,271,918587,5384,76029,1953500
549,270,272,918317,5382,76301,1890100
550,283,248,918034,5417,76549,1936700
551,278,311,917756,5384,76860,2065600
552,273,275,917483,5382,77135,1914100
553,276,259,917207,5399,77394,2018300
554,261,259,916946,5401,77653,1867100
555,286,270,916660,5417,77923,2105200
556,294,254,916366,5457,78177,2100700
557,266,274,916100,5449,78451,1842800
558,265,258,915835,5456,78709,1912000
559,284,277,915551,5463,78986,1889600
560,250,268,915301,5445,79254,1909300
561,274,259,915027,5460,79513,2043100
562,286,251,914741,5495,79764,1939600
563,309,266,914432,5538,80030,2158000
564,332,314,914100,5556,80344,2000200
565,310,290,913790,5576,80634,1904400
566,262,284,913528,5554,80918,1912900
567,318,259,913210,5613,81177,2127300
568,311,282,912899,5642,81459,1979300
569,300,298,912599,5644,81757,1940100
570,281,293,912318,5632,82050,1873700
571,285,266,912033,5651,82316,1877100
572,279,281,911754,5649,82597,1921600
573,302,272,911452,5679,82869,1898300
574,297,269,911155,5707,83138,1879300
575,283,266,910872,5724,83404,1992500
576,316,306,910556,5734,83710,1907800
577,289,286,910267,5737,83996,1933100
578,280,256,909987,5761,84252,1968500
579,298,302,909689,5757,84554,2168400
580,291,297,909398,5751,84851,1909100
581,288,302,909110,5737,85153,1941300
582,297,291,908813,5743,85444,1892100
583,237,309,908576,5671,85753,2005000
584,279,284,908297,5666,86037,1958000
585,269,272,908028,5663,86309,1930800
586,274,275,907754,5662,86584,1925700
587,326,307,907428,5681,86891,1918100
588,269,269,907159,5681,87160,1943900
589,271,294,906888,5658,87454,1983100
590,282,309,906606,5631,87763,1932800
591,287,290,906319,5628,88053,2126000
592,264,282,906055,5610,88335,2007800
593,308,262,905747,5656,88597,2037100
594,300,312,905447,5644,88909,2000800
595,291,298,905156,5637,89207,1954000
596,272,278,904884,5631,89485,2044400
597,278,278,904606,5631,89763,2027700
598,280,324,904326,5587,90087,2145300
599,266,259,904060,5594,90346,1928900
600,278,284,903782,5588,90630,1946500
601,275,289,903507,5574,90919,1918000
602,245,276,903262,5543,91195,1891700
603,264,220,902998,5587,91415,2003100
604,267,287,902731,5567,91702,1898900
605,286,226,902445,5627,91928,1856400
606,289,290,902156,5626,92218,1965800
607,302,292,901854,5636,92510,1865000
608,268,273,901586,5631,92783,1928100
609,296,302,901290,5625,93085,1930800
610,281,287,901009,5619,93372,1852400
611,282,271,900727,5630,93643,1877400
612,298,291,900429,5637,93934,1875900
613,281,282,900148,5636,94216,1920600
614,275,291,899873,5620,94507,2037000
615,290,263,899583,5647,94770,1926600
616,304,308,899279,5643,95078,1926200
617,272,263,899007,5652,95341,2100900
618,304,288,898703,5668,95629,2074000
619,309,273,898394,5704,95902,2246500
620,294,282,898100,5716,96184,1955500
621,287,285,897813,5718,96469,1883200
622,306,271,897507,5753,96740,1867200
623,256,314,897251,5695,97054,1961800
624,284,270,896967,5709,97324,1884600
625,266,315,896701,5660,97639,1897600
626,273,288,896428,5645,97927,1921300
627,266,265,896162,5646,98192,1958900
628,285,271,895877,5660,98463,1984400
629,282,269,895595,5673,98732,2023300
630,288,312,895307,5649,99044,2052000
631,282,285,895025,5646,99329,2044800
632,299,265,894726,5680,99594,1913200
633,272,285,894454,5667,99879,2084100
634,294,267,894160,5694,100146,1900300
635,294,298,893866,5690,100444,1875900
636,332,289,893534,5733,100733,2325100
637,286,297,893248,5722,101030,2131500
638,312,262,892936,5772,101292,1953400
639,290,281,892646,5781,101573,2269600
640,313,279,892333,5815,101852,2066800
641,292,269,892041,5838,102121,2429300
642,322,259,891719,5901,102380,1925500
643,284,292,891435,5893,102672,1883700
644,295,325,891140,5863,102997,2139200
645,308,300,890832,5871,103297,1970700
646,334,283,890498,5922,103580,1894500
647,317,263,890181,5976,103843,1985200
648,293,309,889888,5960,104152,1893900
649,310,319,889578,5951,104471,1850200
650,304,270,889274,5985,104741,1916600
651,338,300,888936,6023,105041,1872700
652,300,280,888636,6043,105321,1902500
653,304,300,888332,6047,105621,2174700
654,329,319,888003,6057,105940,1942100
655,304,289,887699,6072,106229,1924500
656,284,303,887415,6053,106532,1985100
657,321,302,887094,6072,106834,1877600
658,303,349,886791,6026,107183,1901100
659,330,313,886461,6043,107496,1897000
660,301,287,886160,6057,107783,2059400
661,311,307,885849,6061,108090,2081000
662,322,280,885527,6103,108370,1901000
663,287,288,885240,6102,108658,1897000
664,310,298,884930,6114,108956,2131900
665,309,314,884621,6109,109270,1888700
666,318,313,884303,6114,109583,1901700
667,306,318,883997,6102,109901,1931500
668,285,310,883712,6077,110211,1945400
669,279,315,883433,6041,110526,2081600
670,306,294,883127,6053,110820,1902300
671,310,292,882817,6071,111112,1961600
672,304,296,882513,6079,111408,1876400
673,294,290,882219,6083,111698,1928600
674,298,323,881921,6058,112021,1899900
675,283,297,881638,6044,112318,2060100
676,284,304,881354,6024,112622,1987800
677,290,282,881064,6032,112904,2140900
678,296,309,880768,6019,113213,2092700
679,289,296,880479,6012,113509,1946900
680,343,320,880136,6035,113829,1918000
681,331,295,879805,6071,114124,1969200
682,306,333,879499,6044,114457,1922600
683,309,279,879190,6074,114736,2001600
684,310,306,878880,6078,115042,2050600
685,318,289,878562,6107,115331,1933300
686,330,304,878232,6133,115635,2104600
687,317,298,877915,6152,115933,1955900
688,297,293,877618,6156,116226,1946200
689,344,292,877274,6208,116518,2073300
690,309,294,876965,6223,116812,1970300
691,329,343,876636,6209,117155,2050600
692,327,295,876309,6241,117450,2425400
693,316,302,875993,6255,117752,2201000
694,337,309,875656,6283,118061,2054500
695,354,340,875302,6297,118401,1880900
696,306,323,874996,6280,118724,1899000
697,317,317,874679,6280,119041,1968100
698,307,322,874372,6265,119363,1968900
699,316,315,874056,6266,119678,1871500
700,291,331,873765,6226,120009,1990500
701,312,299,873453,6239,120308,2123200
702,317,314,873136,6242,120622,2254500
703,307,303,872829,6246,120925,1919700
704,347,295,872482,6298,121220,1930500
705,295,318,872187,6275,121538,1974300
706,322,305,871865,6292,121843,1882600
707,311,326,871554,6277,122169,1909700
708,360,321,871194,6316,122490,2010800
709,364,319,870830,6361,122809,1915000
710,350,334,870480,6377,123143,2045500
711,327,291,870153,6413,123434,1943600
712,345,326,869808,6432,123760,2035900
713,333,297,869475,6468,124057,2300800
714,351,322,869124,6497,124379,2189400
715,332,335,868792,6494,124714,2117800
716,328,343,868464,6479,125057,2022000
717,346,327,868118,6498,125384,1957800
718,323,318,867795,6503,125702,2230200
719,357,311,867438,6549,126013,2049500
720,329,332,867109,6546,126345,2012900
721,339,302,866770,6583,126647,2305500
722,331,347,866439,6567,126994,2142800
723,323,312,866116,6578,127306,1888500
724,346,284,865770,6640,127590,1959700
725,336,315,865434,6661,127905,1908600
726,354,338,865080,6677,128243,1921700
727,360,322,864720,6715,128565,1953700
728,339,346,864381,6708,128911,1882700
729,383,349,863998,6742,129260,2026700
730,339,340,863659,6741,129600,2108700
731,342,333,863317,6750,129933,1923400
732,364,337,862953,6777,130270,1898400
733,325,336,862628,6766,130606,1893100
734,322,347,862306,6741,130953,1841800
735,339,350,861967,6730,131303,2097000
736,334,359,861633,6705,131662,1921000
737,352,310,861281,6747,131972,2178700
738,319,322,860962,6744,132294,2351300
739,335,390,860627,6689,132684,1940500
740,334,343,860293,6680,133027,2154900
741,363,339,859930,6704,133366,1863100
742,335,346,859595,6693,133712,1865700
743,333,338,859262,6688,134050,1913900
744,338,334,858924,6692,134384,1890400
745,366,340,858558,6718,134724,2163200
746,338,325,858220,6731,135049,2074900
747,376,347,857844,6760,135396,2112700
748,330,325,857514,6765,135721,2070300
749,354,331,857160,6788,136052,1872000
750,346,339,856814,6795,136391,1833000
751,378,318,856436,6855,136709,1930100
752,351,333,856085,6873,137042,1925600
753,327,345,855758,6855,137387,1866100
754,367,316,855391,6906,137703,2369500
755,375,346,855016,6935,138049,1893800
756,381,374,854635,6942,138423,1867800
757,348,348,854287,6942,138771,1927400
758,383,360,853904,6965,139131,1882600
759,359,378,853545,6946,139509,1861200
760,344,331,853201,6959,139840,1759000
761,368,338,852833,6989,140178,1842800
762,324,354,852509,6959,140532,1877200
763,353,345,852156,6967,140877,1758500
764,374,377,851782,6964,141254,1850500
765,363,365,851419,6962,141619,1830400
766,325,330,851094,6957,141949,1906200
767,377,373,850717,6961,142322,1765300
768,353,382,850364,6932,142704,1771400
769,326,344,850038,6914,143048,1839100
770,339,365,849699,6888,143413,1977200
771,331,395,849368,6824,143808,1765900
772,329,334,849039,6819,144142,1928600
773,345,368,848694,6796,144510,1832800
774,387,297,848307,6886,144807,1863500
775,357,340,847950,6903,145147,1845100
776,372,331,847578,6944,145478,1885900
777,368,325,847210,6987,145803,1885800
778,365,366,846845,6986,146169,1936000
779,399,339,846446,7046,146508,1949100
780,361,354,846085,7053,146862,1837900
781,386,351,845699,7088,147213,1748800
782,394,347,845305,7135,147560,1938300
783,380,363,844925,7152,147923,1867600
784,375,377,844550,7150,148300,2110000
785,391,325,844159,7216,148625,2033200
786,350,336,843809,7230,148961,1973000
787,362,381,843447,7211,149342,2103200
788,349,347,843098,7213,149689,2026800
789,371,382,842727,7202,150071,2005400
790,369,354,842358,7217,150425,2072100
791,396,362,841962,7251,150787,1922900
792,368,314,841594,7305,151101,1941200
793,392,376,841202,7321,151477,1936600
794,364,394,840838,7291,151871,2009400
795,338,369,840500,7260,152240,2224800
796,336,343,840164,7253,152583,2053900
797,378,375,839786,7256,152958,2230700
798,363,337,839423,7282,153295,2059100
799,358,349,839065,7291,153644,2029500
800,368,399,838697,7260,154043,1973100
801,381,381,838316,7260,154424,1995300
802,382,351,837934,7291,154775,1963400
803,345,368,837589,7268,155143,2421500
804,336,372,837253,7232,155515,1992500
805,362,368,836891,7226,155883,1983600
806,336,368,836555,7194,156251,2159600
807,349,375,836206,7168,156626,1948800
808,350,352,835856,7166,156978,2005500
809,357,359,835499,7164,157337,2043900
810,369,368,835130,7165,157705,1959800
811,347,373,834783,7139,158078,2142500
812,331,363,834452,7107,158441,1998600
813,338,366,834114,7079,158807,1932100
814,365,343,833749,7101,159150,2055300
815,342,351,833407,7092,159501,1976400
816,341,337,833066,7096,159838,2264900
817,351,377,832715,7070,160215,2155600
818,327,332,832388,7065,160547,2125600
819,357,362,832031,7060,160909,2088900
820,370,354,831661,7076,161263,1962700
821,361,367,831300,7070,161630,1978800
822,371,359,830929,7082,161989,1898800
823,347,354,830582,7075,162343,1911500
824,346,368,830236,7053,162711,2343800
825,360,337,829876,7076,163048,2044200
826,366,368,829510,7074,163416,1956200
827,377,351,829133,7100,163767,1901200
828,342,369,828791,7073,164136,2104900
829,353,348,828438,7078,164484,1991400
830,348,304,828090,7122,164788,2261400
831,372,335,827718,7159,165123,2317900
832,372,337,827346,7194,165460,2316000
833,375,373,826971,7196,165833,1968000
834,430,386,826541,7240,166219,1971900
835,379,385,826162,7234,166604,2072500
836,378,347,825784,7265,166951,1947200
837,390,336,825394,7319,167287,2333400
838,387,367,825007,7339,167654,2001300
839,406,372,824601,7373,168026,1912200
840,378,373,824223,7378,168399,2460100
841,407,368,823816,7417,168767,1978500
842,423,358,823393,7482,169125,1920700
843,433,385,822960,7530,169510,2051900
844,351,359,822609,7522,169869,1947300
845,400,373,822209,7549,170242,2207100
846,394,370,821815,7573,170612,2059500
847,416,366,821399,7623,170978,2095100
848,418,382,820981,7659,171360,2286600
849,377,369,820604,7667,171729,1981900
850,384,364,820220,7687,172093,1954400
851,379,395,819841,7671,172488,2038800
852,379,386,819462,7664,172874,1988100
853,382,364,819080,7682,173238,2295100
854,390,358,818690,7714,173596,2025000
855,395,389,818295,7720,173985,1966400
856,410,375,817885,7755,174360,1984000
857,393,402,817492,7746,174762,1976700
858,370,357,817122,7759,175119,1950400
859,381,388,816741,7752,175507,1944300
860,408,378,816333,7782,175885,2017500
861,370,382,815963,7770,176267,2103900
862,369,412,815594,7727,176679,2088300
863,387,383,815207,7731,177062,2045100
864,356,385,814851,7702,177447,1931400
865,383,374,814468,7711,177821,2003700
866,376,368,814092,7719,178189,1892800
867,427,365,813665,7781,178554,1920600
868,400,385,813265,7796,178939,2016200
869,364,373,812901,7787,179312,1925400
870,393,395,812508,7785,179707,1935600
871,360,356,812148,7789,180063,2044600
872,420,390,811728,7819,180453,2175700
873,379,376,811349,7822,180829,2077300
874,360,409,810989,7773,181238,1963800
875,377,392,810612,7758,181630,2096300
876,371,413,810241,7716,182043,2029800
877,365,385,809876,7696,182428,1934000
878,373,361,809503,7708,182789,1919900
879,373,412,809130,7669,183201,1992400
880,366,358,808764,7677,183559,1928200
881,368,367,808396,7678,183926,2260800
882,398,385,807998,7691,184311,1951600
883,360,389,807638,7662,184700,1936100
884,350,357,807288,7655,185057,2162800
885,365,381,806923,7639,185438,2031700
886,355,370,806568,7624,185808,1957200
887,356,390,806212,7590,186198,2152500
888,367,349,805845,7608,186547,2196400
889,344,396,805501,7556,186943,2138000
890,379,386,805122,7549,187329,2027300
891,397,340,804725,7606,187669,1985200
892,398,401,804327,7603,188070,2131400
893,391,365,803936,7629,188435,1976300
894,383,382,803553,7630,188817,1957600
895,350,347,803203,7633,189164,2110400
896,365,371,802838,7627,189535,2002600
897,376,414,802462,7589,189949,1946800
898,363,371,802099,7581,190320,2002100
899,402,378,801697,7605,190698,1937400
900,360,383,801337,7582,191081,1931600
901,366,371,800971,7577,191452,1941700
902,402,358,800569,7621,191810,1916500
903,399,405,800170,7615,192215,2005900
904,380,382,799790,7613,192597,1917500
905,333,408,799457,7538,193005,1955700
906,347,349,799110,7536,193354,1958300
907,392,369,798718,7559,193723,1973400
908,360,394,798358,7525,194117,1900200
909,374,363,797984,7536,194480,1940800
910,379,363,797605,7552,194843,1890400
911,343,393,797262,7502,195236,1919200
912,337,393,796925,7446,195629,2047400
913,368,370,796557,7444,195999,1900900
914,360,364,796197,7440,196363,1916100
915,390,335,795807,7495,196698,2044400
916,373,386,795434,7482,197084,1873300
917,349,365,795085,7466,197449,1927400
918,390,382,794695,7474,197831,1944400
919,361,386,794334,7449,198217,1765900
920,377,328,793957,7498,198545,2144700
921,332,369,793625,7461,198914,1976700
922,358,382,793267,7437,199296,2021900
923,371,347,792896,7461,199643,1998800
924,366,349,792530,7478,199992,1787700
925,402,356,792128,7524,200348,1842900
926,375,348,791753,7551,200696,1835200
927,401,377,791352,7575,201073,1984000
928,391,368,790961,7598,201441,1783600
929,390,378,790571,7610,201819,1885100
930,380,375,790191,7615,202194,2225400
931,383,388,789808,7610,202582,1959800
932,378,393,789430,7595,202975,1837000
933,380,341,789050,7634,203316,1949200
934,380,352,788670,7662,203668,1875500
935,355,388,788315,7629,204056,1898700
936,365,391,787950,7603,204447,2071400
937,383,343,787567,7643,204790,1885600
938,391,386,787176,7648,205176,1832400
939,369,376,786807,7641,205552,1915300
940,398,362,786409,7677,205914,2157500
941,347,370,786062,7654,206284,1872900
942,394,385,785668,7663,206669,1878400
943,396,342,785272,7717,207011,1952700
944,364,399,784908,7682,207410,2038000
945,367,371,784541,7678,207781,1901600
946,368,409,784173,7637,208190,2116200
947,373,392,783800,7618,208582,1987800
948,353,404,783447,7567,208986,1941200
949,363,382,783084,7548,209368,1852700
950,356,367,782728,7537,209735,2056700
951,378,387,782350,7528,210122,1921700
952,362,392,781988,7498,210514,1937000
953,373,376,781615,7495,210890,1868800
954,332,386,781283,7441,211276,1975100
955,339,378,780944,7402,211654,1936100
956,343,381,780601,7364,212035,2489400
957,368,351,780233,7381,212386,2182500
958,371,343,779862,7409,212729,2067200
959,375,379,779487,7405,213108,2008000
960,362,379,779125,7388,213487,2051200
961,350,386,778775,7352,213873,2199700
962,324,351,778451,7325,214224,2048300
963,380,358,778071,7347,214582,2328400
964,379,341,777692,7385,214923,2354500
965,335,368,777357,7352,215291,1925300
966,353,363,777004,7342,215654,1940300
967,322,352,776682,7312,216006,2291600
968,363,353,776319,7322,216359,2262600
969,371,359,775948,7334,216718,1935800
970,338,348,775610,7324,217066,1964800
971,371,361,775239,7334,217427,1916100
972,385,352,774854,7367,217779,1892400
973,347,378,774507,7336,218157,1966600
974,374,367,774133,7343,218524,1930500
975,333,354,773800,7322,218878,1921500
976,329,372,773471,7279,219250,1998200
977,378,377,773093,7280,219627,2053100
978,341,354,772752,7267,219981,1905700
979,342,339,772410,7270,220320,2204200
980,350,371,772060,7249,220691,1909300
981,361,403,771699,7207,221094,2142600
982,369,359,771330,7217,221453,1921800
983,359,377,770971,7199,221830,1959200
984,316,363,770655,7152,222193,1987900
985,331,361,770324,7122,222554,1894100
986,355,355,769969,7122,222909,1913900
987,337,395,769632,7064,223304,1932400
988,320,338,769312,7046,223642,1904300
989,330,355,768982,7021,223997,1885100
990,299,364,768683,6956,224361,1921900
991,332,348,768351,6940,224709,1886000
992,343,341,768008,6942,225050,1962100
993,341,341,767667,6942,225391,1958700
994,378,340,767289,6980,225731,1926800
995,310,362,766979,6928,226093,2251600
996,345,369,766634,6904,226462,1968200
997,377,342,766257,6939,226804,1858700
998,302,341,765955,6900,227145,2117200
999,361,345,765594,6916,227490,2075200
1000,364,337,765230,6943,227827,1971000
1001,337,334,764893,6946,228161,1959300
1002,360,338,764533,6968,228499,1922600
1003,345,357,764188,6956,228856,1944100
1004,323,348,763865,6931,229204,3006000
1005,346,328,763519,6949,229532,2340600
1006,347,365,763172,6931,229897,2084700
1007,316,361,762856,6886,230258,2000500
1008,354,360,762502,6880,230618,2216600
1009,309,357,762193,6832,230975,1959400
1010,339,336,761854,6835,231311,1916900
1011,315,364,761539,6786,231675,1999800
1012,337,303,761202,6820,231978,1901500
1013,342,341,760860,6821,232319,1957800
1014,359,341,760501,6839,232660,2093500
1015,327,342,760174,6824,233002,1991100
1016,330,365,759844,6789,233367,1908500
1017,371,335,759473,6825,233702,1978300
1018,347,348,759126,6824,234050,1903500
1019,325,340,758801,6809,234390,1914800
1020,307,354,758494,6762,234744,2039100
1021,339,377,758155,6724,235121,1938300
1022,346,348,757809,6722,235469,2025600
1023,321,358,757488,6685,235827,1937200
1024,353,340,757135,6698,236167,2182000
1025,334,304,756801,6728,236471,1988600
1026,351,353,756450,6726,236824,1964900
1027,341,339,756109,6728,237163,1936700
1028,384,312,755725,6800,237475,1938800
1029,356,335,755369,6821,237810,1874800
1030,347,315,755022,6853,238125,2225300
1031,344,328,754678,6869,238453,1962900
1032,361,353,754317,6877,238806,1903000
1033,335,350,753982,6862,239156,1986500
1034,358,342,753624,6878,239498,2225500
1035,375,344,753249,6909,239842,1928000
1036,337,344,752912,6902,240186,1979300
1037,337,354,752575,6885,240540,1943300
1038,338,355,752237,6868,240895,2418600
1039,344,367,751893,6845,241262,1948000
1040,385,359,751508,6871,241621,1918900
1041,344,336,751164,6879,241957,1953900
1042,309,315,750855,6873,242272,1910600
1043,343,353,750512,6863,242625,1923800
1044,323,319,750189,6867,242944,2189700
1045,352,366,749837,6853,243310,2008400
1046,334,299,749503,6888,243609,1902000
1047,338,354,749165,6872,243963,2064500
1048,343,360,748822,6855,244323,1937500
1049,302,355,748520,6802,244678,1927700
1050,323,341,748197,6784,245019,1929100
1051,336,341,747861,6779,245360,1907000
1052,342,324,747519,6797,245684,2582600
1053,364,342,747155,6819,246026,1971000
1054,316,373,746839,6762,246399,1900300
1055,326,331,746513,6757,246730,2038000
1056,337,309,746176,6785,247039,1942200
1057,324,331,745852,6778,247370,2124500
1058,333,329,745519,6782,247699,1983100
1059,351,392,745168,6741,248091,1902400
1060,328,349,744840,6720,248440,1887000
1061,320,331,744520,6709,248771,2223900
1062,355,325,744165,6739,249096,1998300
1063,349,344,743816,6744,249440,1925300
1064,377,347,743439,6774,249787,1898300
1065,331,310,743108,6795,250097,1856200
1066,322,321,742786,6796,250418,1928800
1067,328,337,742458,6787,250755,1951500
1068,352,334,742106,6805,251089,1893400
1069,336,379,741770,6762,251468,1986600
1070,353,352,741417,6763,251820,1869700
1071,329,345,741088,6747,252165,1789800
1072,352,353,740736,6746,252518,1907900
1073,356,328,740380,6774,252846,1849300
1074,342,303,740038,6813,253149,1822300
1075,338,343,739700,6808,253492,1856100
1076,325,334,739375,6799,253826,1837400
1077,343,353,739032,6789,254179,1781600
1078,315,338,738717,6766,254517,1946100
1079,325,344,738392,6747,254861,1805900
1080,302,347,738090,6702,255208,1894500
1081,317,310,737773,6709,255518,1999500
1082,317,316,737456,6710,255834,1754400
1083,302,358,737154,6654,256192,1878000
1084,299,333,736855,6620,256525,2107900
1085,302,320,736553,6602,256845,1875500
1086,330,334,736223,6598,257179,2071100
1087,293,340,735930,6551,257519,1894200
1088,295,345,735635,6501,257864,2158800
1089,326,309,735309,6518,258173,1872100
1090,292,304,735017,6506,258477,1906800
1091,315,292,734702,6529,258769,1948900
1092,362,340,734340,6551,259109,1943400
1093,311,343,734029,6519,259452,1922800
1094,351,339,733678,6531,259791,1955500
1095,316,344,733362,6503,260135,1938400
1096,357,321,733005,6539,260456,1923800
1097,365,316,732640,6588,260772,1886800
1098,354,351,732286,6591,261123,2196400
1099,328,353,731958,6566,261476,1958300
1100,327,352,731631,6541,261828,1913600
1101,336,309,731295,6568,262137,2095400
1102,334,321,730961,6581,262458,2090300
1103,313,325,730648,6569,262783,2548100
1104,339,318,730309,6590,263101,1925700
1105,364,344,729945,6610,263445,1890600
1106,329,323,729616,6616,263768,1924400
1107,326,334,729290,6608,264102,1869500
1108,310,324,728980,6594,264426,1932400
1109,349,332,728631,6611,264758,2029600
1110,353,305,728278,6659,265063,2035800
1111,342,340,727936,6661,265403,1966300
1112,353,334,727583,6680,265737,1954900
1113,366,325,727217,6721,266062,2065400
1114,338,333,726879,6726,266395,2267900
1115,358,338,726521,6746,266733,1921200
1116,346,334,726175,6758,267067,1962700
1117,302,322,725873,6738,267389,2098000
1118,300,356,725573,6682,267745,2103300
1119,340,320,725233,6702,268065,2277700
1120,342,332,724891,6712,268397,1982300
1121,335,348,724556,6699,268745,1902800
1122,325,336,724231,6688,269081,1947500
1123,348,331,723883,6705,269412,1937700
1124,350,317,723533,6738,269729,1892800
1125,351,315,723182,6774,270044,2013200
1126,326,326,722856,6774,270370,1927500
1127,338,300,722518,6812,270670,1881100
1128,352,326,722166,6838,270996,1865000
1129,323,338,721843,6823,271334,1918200
1130,324,340,721519,6807,271674,1884200
1131,359,357,721160,6809,272031,2047200
1132,339,350,720821,6798,272381,2012100
1133,324,321,720497,6801,272702,1984300
1134,313,324,720184,6790,273026,2161800
1135,316,347,719868,6759,273373,1925400
1136,331,349,719537,6741,273722,1939500
1137,322,283,719215,6780,274005,1902000
1138,315,343,718900,6752,274348,1916100
1139,328,323,718572,6757,274671,1967000
1140,354,331,718218,6780,275002,1907300
1141,353,345,717865,6788,275347,1923100
1142,327,343,717538,6772,275690,1957800
1143,324,373,717214,6723,276063,2073200
1144,345,338,716869,6730,276401,1872200
1145,347,325,716522,6752,276726,1994900
1146,326,309,716196,6769,277035,1985400
1147,355,331,715841,6793,277366,1906000
1148,344,324,715497,6813,277690,2003600
1149,369,332,715128,6850,278022,1912900
1150,344,340,714784,6854,278362,1953200
1151,349,318,714435,6885,278680,1961600
1152,345,311,714090,6919,278991,1857500
1153,361,355,713729,6925,279346,1891900
1154,330,325,713399,6930,279671,1956200
1155,336,348,713063,6918,280019,1867100
1156,322,315,712741,6925,280334,2057400
1157,309,315,712432,6919,280649,1991900
1158,336,351,712096,6904,281000,1918400
1159,334,348,711762,6890,281348,1913600
1160,320,385,711442,6825,281733,1960300
1161,341,377,711101,6789,282110,1922000
1162,329,328,710772,6790,282438,2248700
1163,328,339,710444,6779,282777,1967100
1164,334,303,710110,6810,283080,2014700
1165,325,331,709785,6804,283411,1954600
1166,321,354,709464,6771,283765,1894200
1167,309,341,709155,6739,284106,1992400
1168,322,333,708833,6728,284439,1966100
1169,299,310,708534,6717,284749,1947600
1170,313,351,708221,6679,285100,1950000
1171,323,325,707898,6677,285425,2178300
1172,311,319,707587,6669,285744,1938100
1173,345,356,707242,6658,286100,2203600
1174,331,308,706911,6681,286408,2066400
1175,317,329,706594,6669,286737,1965700
1176,357,315,706237,6711,287052,1965100
1177,327,324,705910,6714,287376,1891400
1178,292,347,705618,6659,287723,2043700
1179,342,351,705276,6650,288074,2037100
1180,326,358,704950,6618,288432,2003900
1181,329,369,704621,6578,288801,1992000
1182,290,307,704331,6561,289108,2013100
1183,326,325,704005,6562,289433,1980600
1184,327,347,703678,6542,289780,2025100
1185,314,325,703364,6531,290105,2096400
1186,298,313,703066,6516,290418,1917200
1187,354,324,702712,6546,290742,2148100
1188,317,338,702395,6525,291080,2030400
1189,325,332,702070,6518,291412,1994300
1190,326,322,701744,6522,291734,2048100
1191,289,344,701455,6467,292078,2018800
1192,352,326,701103,6493,292404,1936500
1193,347,316,700756,6524,292720,1945200
1194,331,319,700425,6536,293039,1974000
1195,337,337,700088,6536,293376,2091400
1196,333,289,699755,6580,293665,2155400
1197,331,329,699424,6582,293994,2114000
1198,332,334,699092,6580,294328,2199700
1199,339,323,698753,6596,294651,2220800
1200,329,340,698424,6585,294991,2268800
1201,315,335,698109,6565,295326,1957800
1202,322,319,697787,6568,295645,1905100
1203,319,317,697468,6570,295962,1936800
1204,342,299,697126,6613,296261,1848200
1205,351,323,696775,6641,296584,2050800
1206,325,314,696450,6652,296898,2076600
1207,341,347,696109,6646,297245,2094400
1208,307,331,695802,6622,297576,1921500
1209,329,319,695473,6632,297895,1951800
1210,311,336,695162,6607,298231,1938400
1211,324,337,694838,6594,298568,2066400
1212,305,328,694533,6571,298896,1924500
1213,326,332,694207,6565,299228,1891900
1214,337,316,693870,6586,299544,1948100
1215,319,329,693551,6576,299873,2060200
1216,327,331,693224,6572,300204,1834300
1217,308,333,692916,6547,300537,1930700
1218,323,313,692593,6557,300850,1891200
1219,314,322,692279,6549,301172,1872500
1220,315,323,691964,6541,301495,1899400
1221,346,338,691618,6549,301833,1856800
1222,300,303,691318,6546,302136,1837600
1223,325,302,690993,6569,302438,1958200
1224,349,333,690644,6585,302771,1808200
1225,303,302,690341,6586,303073,2325300
1226,334,334,690007,6586,303407,1961700
1227,351,299,689656,6638,303706,1781500
1228,334,329,689322,6643,304035,1757100
1229,315,315,689007,6643,304350,2024400
1230,357,345,688650,6655,304695,1897100
1231,316,320,688334,6651,305015,1892500
1232,351,357,687983,6645,305372,1899500
1233,370,314,687613,6701,305686,1886600
1234,326,327,687287,6700,306013,2174300
1235,310,328,686977,6682,306341,2048600
1236,348,369,686629,6661,306710,1932000
1237,329,304,686300,6686,307014,1888100
1238,349,364,685951,6671,307378,1877100
1239,353,351,685598,6673,307729,1874300
1240,349,341,685249,6681,308070,1831200
1241,339,339,684910,6681,308409,1782700
1242,323,338,684587,6666,308747,1983000
1243,340,365,684247,6641,309112,1800000
1244,331,327,683916,6645,309439,1894600
1245,347,327,683569,6665,309766,1905100
1246,319,363,683250,6621,310129,1892100
1247,347,339,682903,6629,310468,1863800
1248,330,324,682573,6635,310792,1839300
1249,357,319,682216,6673,311111,1816600
1250,331,332,681885,6672,311443,1758700
1251,344,354,681541,6662,311797,1819400
1252,319,333,681222,6648,312130,1861800
1253,322,363,680900,6607,312493,2014800
1254,336,343,680564,6600,312836,1907400
1255,312,304,680252,6608,313140,1843400
1256,338,310,679914,6636,313450,1804300
1257,347,314,679567,6669,313764,1744300
1258,305,337,679262,6637,314101,1691400
1259,325,329,678937,6633,314430,1749200
1260,330,333,678607,6630,314763,1947500
1261,339,330,678268,6639,315093,1817400
1262,318,337,677950,6620,315430,1786100
1263,309,289,677641,6640,315719,1764700
1264,346,331,677295,6655,316050,1886100
1265,328,335,676967,6648,316385,1876100
1266,330,314,676637,6664,316699,1729000
1267,335,322,676302,6677,317021,1780300
1268,340,313,675962,6704,317334,1869000
1269,332,352,675630,6684,317686,2048700
1270,355,333,675275,6706,318019,1848300
1271,293,328,674982,6671,318347,1815900
1272,326,357,674656,6640,318704,1899700
1273,326,324,674330,6642,319028,1996400
1274,320,326,674010,6636,319354,1893300
1275,324,307,673686,6653,319661,1858200
1276,327,340,673359,6640,320001,1777500
1277,345,302,673014,6683,320303,1768100
1278,341,326,672673,6698,320629,1887300
1279,339,333,672334,6704,320962,1912300
1280,338,306,671996,6736,321268,1930700
1281,361,310,671635,6787,321578,2309800
1282,328,326,671307,6789,321904,2087500
1283,335,336,670972,6788,322240,1880800
1284,332,342,670640,6778,322582,1951600
1285,323,321,670317,6780,322903,1984500
1286,323,342,669994,6761,323245,1880700
1287,323,347,669671,6737,323592,1893100
1288,330,369,669341,6698,323961,1872100
1289,330,344,669011,6684,324305,1846600
1290,342,335,668669,6691,324640,1995300
1291,321,357,668348,6655,324997,1806300
1292,324,356,668024,6623,325353,1923000
1293,333,331,667691,6625,325684,1853100
1294,296,338,667395,6583,326022,1937200
1295,318,349,667077,6552,326371,2165300
1296,333,318,666744,6567,326689,1930900
1297,306,338,666438,6535,327027,1880200
1298,351,318,666087,6568,327345,1812400
1299,317,325,665770,6560,327670,1896900
1300,338,330,665432,6568,328000,2453900
1301,334,319,665098,6583,328319,1831600
1302,305,320,664793,6568,328639,1801100
1303,332,318,664461,6582,328957,1888800
1304,321,353,664140,6550,329310,1866000
1305,340,338,663800,6552,329648,1880900
1306,327,306,663473,6573,329954,1857000
1307,344,334,663129,6583,330288,1794700
1308,337,317,662792,6603,330605,1883400
1309,332,332,662460,6603,330937,1785900
1310,290,346,662170,6547,331283,1887700
1311,337,318,661833,6566,331601,1876900
1312,354,325,661479,6595,331926,1850500
1313,323,352,661156,6566,332278,1805900
1314,316,311,660840,6571,332589,1780100
1315,327,329,660513,6569,332918,1751900
1316,348,326,660165,6591,333244,1895900
1317,331,351,659834,6571,333595,1882500
1318,352,293,659482,6630,333888,1840900
1319,346,334,659136,6642,334222,1749000
1320,342,322,658794,6662,334544,1738500
1321,340,340,658454,6662,334884,1890100
1322,304,352,658150,6614,335236,1878500
1323,326,300,657824,6640,335536,1867900
1324,322,321,657502,6641,335857,1810400
1325,311,320,657191,6632,336177,1828600
1326,346,349,656845,6629,336526,1792300
1327,317,352,656528,6594,336878,1773100
1328,317,324,656211,6587,337202,1998800
1329,328,333,655883,6582,337535,1864000
1330,325,317,655558,6590,337852,2299600
1331,313,322,655245,6581,338174,1927600
1332,333,287,654912,6627,338461,1868400
1333,341,300,654571,6668,338761,1958600
1334,319,311,654252,6676,339072,1851500
1335,334,382,653918,6628,339454,1898500
1336,342,304,653576,6666,339758,1773100
1337,320,351,653256,6635,340109,1885400
1338,339,320,652917,6654,340429,1752500
1339,314,352,652603,6616,340781,1747700
1340,335,359,652268,6592,341140,1872500
1341,329,368,651939,6553,341508,1876200
1342,329,323,651610,6559,341831,1765800
1343,311,300,651299,6570,342131,1759600
1344,328,327,650971,6571,342458,1738600
1345,353,317,650618,6607,342775,1872900
1346,311,328,650307,6590,343103,1854400
1347,311,356,649996,6545,343459,1742600
1348,353,300,649643,6598,343759,1713300
1349,328,320,649315,6606,344079,1753900
1350,329,336,648986,6599,344415,1788500
1351,357,324,648629,6632,344739,1738900
1352,303,367,648326,6568,345106,1758400
1353,310,308,648016,6570,345414,1852900
1354,361,338,647655,6593,345752,1867100
1355,331,313,647324,6611,346065,1859500
1356,341,329,646983,6623,346394,2010000
1357,352,341,646631,6634,346735,1814500
1358,347,333,646284,6648,347068,2006100
1359,345,323,645939,6670,347391,1775300
1360,310,360,645629,6620,347751,1804800
1361,341,318,645288,6643,348069,1887100
1362,318,371,644970,6590,348440,2148000
1363,304,325,644666,6569,348765,2013600
1364,355,287,644311,6637,349052,2205200
1365,320,344,643991,6613,349396,1776000
1366,330,290,643661,6653,349686,1800500
1367,329,334,643332,6648,350020,1887100
1368,338,320,642994,6666,350340,1833800
1369,360,326,642634,6700,350666,1837600
1370,314,331,642320,6683,350997,1766000
1371,338,354,641982,6667,351351,1749600
1372,367,348,641615,6686,351699,1775300
1373,330,388,641285,6628,352087,1942500
1374,334,328,640951,6634,352415,1866400
1375,321,352,640630,6603,352767,2010400
1376,331,297,640299,6637,353064,1852000
1377,336,321,639963,6652,353385,1747300
1378,336,371,639627,6617,353756,1700300
1379,314,346,639313,6585,354102,1733300
1380,341,321,638972,6605,354423,1853300
1381,300,355,638672,6550,354778,1935700
1382,334,311,638338,6573,355089,1921400
1383,325,300,638013,6598,355389,1734000
1384,325,318,637688,6605,355707,1754500
1385,325,322,637363,6608,356029,1866200
1386,325,318,637038,6615,356347,1886400
1387,323,312,636715,6626,356659,1855300
1388,298,326,636417,6598,356985,2063300
1389,325,354,636092,6569,357339,1845700
1390,330,289,635762,6610,357628,1746400
1391,309,331,635453,6588,357959,1762300
1392,323,310,635130,6601,358269,1989300
1393,301,343,634829,6559,358612,1821900
1394,321,357,634508,6523,358969,1912900
1395,324,310,634184,6537,359279,1851900
1396,319,332,633865,6524,359611,1788400
1397,316,328,633549,6512,359939,1740500
1398,334,342,633215,6504,360281,1747800
1399,360,345,632855,6519,360626,1865600
1400,323,344,632532,6498,360970,2335700
1401,330,334,632202,6494,361304,2089100
1402,336,296,631866,6534,361600,1857400
1403,301,296,631565,6539,361896,2053600
1404,312,337,631253,6514,362233,1948600
1405,342,301,630911,6555,362534,1832700
1406,374,300,630537,6629,362834,1896200
1407,364,323,630173,6670,363157,1945100
1408,345,310,629828,6705,363467,2051400
1409,324,342,629504,6687,363809,1907300
1410,332,349,629172,6670,364158,1892000
1411,324,298,628848,6696,364456,1818700
1412,322,342,628526,6676,364798,1812000
1413,338,320,628188,6694,365118,1842700
1414,315,358,627873,6651,365476,1855800
1415,326,319,627547,6658,365795,1878800
1416,307,299,627240,6666,366094,1843100
1417,340,329,626900,6677,366423,2114100
1418,315,326,626585,6666,366749,1895600
1419,330,337,626255,6659,367086,1941200
1420,305,308,625950,6656,367394,1878200
1421,333,320,625617,6669,367714,1773400
1422,322,311,625295,6680,368025,1756100
1423,326,342,624969,6664,368367,1908000
1424,300,330,624669,6634,368697,1887800
1425,300,308,624369,6626,369005,1897900
1426,332,344,624037,6614,369349,1833000
1427,308,304,623729,6618,369653,1814500
1428,308,351,623421,6575,370004,1823400
1429,341,322,623080,6594,370326,1992800
1430,318,284,622762,6628,370610,1754100
1431,292,332,622470,6588,370942,1762700
1432,295,333,622175,6550,371275,2040500
1433,296,326,621879,6520,371601,1860200
1434,330,335,621549,6515,371936,1783600
1435,344,320,621205,6539,372256,1783200
1436,338,303,620867,6574,372559,1761800
1437,312,332,620555,6554,372891,1847400
1438,315,368,620240,6501,373259,1919700
1439,330,326,619910,6505,373585,1878000
1440,321,301,619589,6525,373886,1834800
1441,317,328,619272,6514,374214,2197900
1442,344,331,618928,6527,374545,1893800
1443,305,315,618623,6517,374860,1879600
1444,313,325,618310,6505,375185,1857900
1445,329,317,617981,6517,375502,1768600
1446,321,319,617660,6519,375821,1805200
1447,294,329,617366,6484,376150,1858500
1448,295,306,617071,6473,376456,1914400
1449,319,318,616752,6474,376774,1925400
1450,327,337,616425,6464,377111,1892800
1451,300,344,616125,6420,377455,1857800
1452,330,323,615795,6427,377778,1817800
1453,312,316,615483,6423,378094,1764000
1454,315,343,615168,6395,378437,1795900
1455,312,327,614856,6380,378764,1893500
1456,315,336,614541,6359,379100,1893800
1457,302,312,614239,6349,379412,1836100
1458,335,311,613904,6373,379723,1760700
1459,327,300,613577,6400,380023,1845000
1460,318,330,613259,6388,380353,1826100
1461,324,314,612935,6398,380667,1911700
1462,295,312,612640,6381,380979,1909400
1463,328,300,612312,6409,381279,1944300
1464,298,321,612014,6386,381600,1871200
1465,318,339,611696,6365,381939,1837300
1466,297,296,611399,6366,382235,1808500
1467,282,313,611117,6335,382548,2039600
1468,298,359,610819,6274,382907,2072500
1469,303,330,610516,6247,383237,1862000
1470,313,312,610203,6248,383549,1829900
1471,287,307,609916,6228,383856,1813000
1472,305,308,609611,6225,384164,1922300
1473,281,340,609330,6166,384504,2024600
1474,316,307,609014,6175,384811,1966700
1475,308,302,608706,6181,385113,2130800
1476,300,332,608406,6149,385445,1865400
1477,310,316,608096,6143,385761,1800700
1478,317,304,607779,6156,386065,1861900
1479,320,313,607459,6163,386378,1810900
1480,329,322,607130,6170,386700,1980900
1481,343,310,606787,6203,387010,1790400
1482,322,338,606465,6187,387348,1793700
1483,327,329,606138,6185,387677,1837400
1484,307,288,605831,6204,387965,1873200
1485,299,312,605532,6191,388277,1806600
1486,310,321,605222,6180,388598,1806000
1487,297,344,604925,6133,388942,1823400
1488,276,325,604649,6084,389267,1822100
1489,326,308,604323,6102,389575,1889300
1490,292,333,604031,6061,389908,1889900
1491,289,297,603742,6053,390205,1796100
1492,321,269,603421,6105,390474,1804800
1493,276,304,603145,6077,390778,1811600
1494,312,279,602833,6110,391057,1746700
1495,326,305,602507,6131,391362,1896200
1496,334,322,602173,6143,391684,1891900
1497,310,293,601863,6160,391977,1862800
1498,296,343,601567,6113,392320,1874600
1499,318,296,601249,6135,392616,1946700
1500,300,318,600949,6117,392934,2163400
1501,300,307,600649,6110,393241,1836400
1502,307,276,600342,6141,393517,1735100
1503,344,304,599998,6181,393821,1797000
1504,292,333,599706,6140,394154,1889600
1505,325,319,599381,6146,394473,1867800
1506,323,316,599058,6153,394789,1824300
1507,330,309,598728,6174,395098,1739200
1508,325,290,598403,6209,395388,1782100
1509,318,318,598085,6209,395706,1783300
1510,297,310,597788,6196,396016,1885800
1511,328,296,597460,6228,396312,1865100
1512,332,298,597128,6262,396610,1861200
1513,312,312,596816,6262,396922,1725800
1514,333,307,596483,6288,397229,1735100
1515,341,286,596142,6343,397515,1859500
1516,326,307,595816,6362,397822,1899900
1517,309,304,595507,6367,398126,1726900
1518,294,317,595213,6344,398443,1734500
1519,325,308,594888,6361,398751,1735000
1520,331,303,594557,6389,399054,1849200
1521,324,313,594233,6400,399367,2168300
1522,319,306,593914,6413,399673,2048900
1523,300,298,593614,6415,399971,1775000
1524,294,317,593320,6392,400288,1907600
1525,312,319,593008,6385,400607,1858100
1526,320,308,592688,6397,400915,1978200
1527,322,318,592366,6401,401233,1812300
1528,327,328,592039,6400,401561,1858100
1529,324,297,591715,6427,401858,1789700
1530,324,333,591391,6418,402191,1887100
1531,313,296,591078,6435,402487,1916900
1532,323,305,590755,6453,402792,1956300
1533,316,350,590439,6419,403142,2282800
1534,300,347,590139,6372,403489,2080700
1535,307,335,589832,6344,403824,1904500
1536,303,299,589529,6348,404123,1895600
1537,347,333,589182,6362,404456,1884200
1538,286,355,588896,6293,404811,2204800
1539,296,331,588600,6258,405142,1890000
1540,318,307,588282,6269,405449,1898400
1541,301,288,587981,6282,405737,2177700
1542,326,329,587655,6279,406066,1963200
1543,321,331,587334,6269,406397,2049600
1544,285,340,587049,6214,406737,1999600
1545,302,295,586747,6221,407032,1919700
1546,326,323,586421,6224,407355,1949400
1547,293,303,586128,6214,407658,2420600
1548,276,323,585852,6167,407981,2052300
1549,326,337,585526,6156,408318,2288700
1550,296,320,585230,6132,408638,2011500
1551,294,317,584936,6109,408955,1968600
1552,293,286,584643,6116,409241,2023900
1553,287,293,584356,6110,409534,1966000
1554,304,327,584052,6087,409861,1974400
1555,311,288,583741,6110,410149,2000900
1556,299,292,583442,6117,410441,1904100
1557,289,297,583153,6109,410738,2111100
1558,332,285,582821,6156,411023,1915600
1559,293,292,582528,6157,411315,1905700
1560,296,327,582232,6126,411642,1921300
1561,306,316,581926,6116,411958,1937200
1562,299,296,581627,6119,412254,1859800
1563,313,310,581314,6122,412564,1938700
1564,322,301,580992,6143,412865,1886200
1565,297,293,580695,6147,413158,1901400
1566,318,273,580377,6192,413431,2057000
1567,315,305,580062,6202,413736,1897200
1568,278,312,579784,6168,414048,1880600
1569,335,296,579449,6207,414344,1984200
1570,291,310,579158,6188,414654,1942300
1571,340,329,578818,6199,414983,1914900
1572,304,344,578514,6159,415327,1966800
1573,305,296,578209,6168,415623,1916400
1574,315,316,577894,6167,415939,1923200
1575,295,327,577599,6135,416266,1891200
1576,319,334,577280,6120,416600,1893800
1577,298,275,576982,6143,416875,2192200
1578,278,288,576704,6133,417163,1898100
1579,279,340,576425,6072,417503,1920300
1580,301,303,576124,6070,417806,2103900
1581,298,307,575826,6061,418113,1946400
1582,327,352,575499,6036,418465,1925000
1583,275,270,575224,6041,418735,2060600
1584,297,306,574927,6032,419041,1892800
1585,307,313,574620,6026,419354,1945500
1586,331,296,574289,6061,419650,1914000
1587,318,290,573971,6089,419940,1894200
1588,310,298,573661,6101,420238,2168400
1589,310,307,573351,6104,420545,1956100
1590,295,311,573056,6088,420856,1876100
1591,321,288,572735,6121,421144,2073500
1592,322,279,572413,6164,421423,1911000
1593,317,316,572096,6165,421739,1897600
1594,298,290,571798,6173,422029,1911100
1595,331,329,571467,6175,422358,1915800
1596,312,286,571155,6201,422644,1927300
1597,329,327,570826,6203,422971,1934000
1598,302,320,570524,6185,423291,1868100
1599,309,310,570215,6184,423601,1843400
1600,343,296,569872,6231,423897,2173500
1601,316,285,569556,6262,424182,1940700
1602,336,323,569220,6275,424505,1963400
1603,346,318,568874,6303,424823,1881900
1604,341,310,568533,6334,425133,1959800
1605,347,327,568186,6354,425460,1851900
1606,312,310,567874,6356,425770,1968200
1607,347,308,567527,6395,426078,1873400
1608,327,298,567200,6424,426376,1902700
1609,332,337,566868,6419,426713,1868900
1610,303,281,566565,6441,426994,2073600
1611,333,345,566232,6429,427339,2129100
1612,328,320,565904,6437,427659,2069700
1613,345,333,565559,6449,427992,1939900
1614,350,350,565209,6449,428342,1908200
1615,323,331,564886,6441,428673,2299300
1616,312,331,564574,6422,429004,1884400
1617,284,301,564290,6405,429305,1887800
1618,362,298,563928,6469,429603,1884600
1619,338,306,563590,6501,429909,1861000
1620,338,299,563252,6540,430208,2023100
1621,347,286,562905,6601,430494,2071700
1622,346,321,562559,6626,430815,1937700
1623,330,341,562229,6615,431156,1921800
1624,352,354,561877,6613,431510,1860900
1625,323,323,561554,6613,431833,1932000
1626,339,348,561215,6604,432181,1895000
1627,338,333,560877,6609,432514,1891100
1628,331,343,560546,6597,432857,1982500
1629,356,309,560190,6644,433166,1888800
1630,329,299,559861,6674,433465,1855700
1631,331,331,559530,6674,433796,1913200
1632,335,354,559195,6655,434150,1900300
1633,344,322,558851,6677,434472,1923700
1634,327,375,558524,6629,434847,1930700
1635,346,303,558178,6672,435150,1867200
1636,345,333,557833,6684,435483,1879200
1637,359,318,557474,6725,435801,2166400
1638,350,317,557124,6758,436118,1921300
1639,330,338,556794,6750,436456,1892000
1640,315,338,556479,6727,436794,1896500
1641,337,327,556142,6737,437121,1882000
1642,354,346,555788,6745,437467,1927600
1643,340,365,555448,6720,437832,1945800
1644,337,357,555111,6700,438189,1948400
1645,336,363,554775,6673,438552,2130600
1646,303,314,554472,6662,438866,1968500
1647,320,323,554152,6659,439189,1960200
1648,324,358,553828,6625,439547,1940200
1649,339,305,553489,6659,439852,1946300
1650,337,323,553152,6673,440175,1886000
1651,318,338,552834,6653,440513,1952900
1652,348,324,552486,6677,440837,1917900
1653,327,292,552159,6712,441129,1940500
1654,326,333,551833,6705,441462,1891400
1655,274,332,551559,6647,441794,1881400
1656,319,342,551240,6624,442136,1814400
1657,316,348,550924,6592,442484,1984000
1658,336,326,550588,6602,442810,1856000
1659,321,340,550267,6583,443150,1749400
1660,325,328,549942,6580,443478,1988700
1661,318,315,549624,6583,443793,1830000
1662,303,291,549321,6595,444084,1855200
1663,313,321,549008,6587,444405,1832800
1664,340,337,548668,6590,444742,1731100
1665,310,341,548358,6559,445083,1862300
1666,312,317,548046,6554,445400,1846700
1667,339,339,547707,6554,445739,1807200
1668,315,335,547392,6534,446074,1770200
1669,331,332,547061,6533,446406,1748400
1670,306,356,546755,6483,446762,1769300
1671,314,329,546441,6468,447091,1883200
1672,302,318,546139,6452,447409,1883900
1673,317,301,545822,6468,447710,1991200
1674,314,315,545508,6467,448025,2040100
1675,323,341,545185,6449,448366,2189000
1676,310,330,544875,6429,448696,1987500
1677,309,334,544566,6404,449030,2055100
1678,303,326,544263,6381,449356,1909500
1679,309,321,543954,6369,449677,1931300
1680,300,328,543654,6341,450005,1930600
1681,291,327,543363,6305,450332,1944000
1682,302,311,543061,6296,450643,1967900
1683,300,326,542761,6270,450969,1920700
1684,299,315,542462,6254,451284,2272800
1685,303,292,542159,6265,451576,1928900
1686,331,293,541828,6303,451869,1900500
1687,344,328,541484,6319,452197,1976000
1688,310,320,541174,6309,452517,1908400
1689,329,338,540845,6300,452855,2069100
1690,318,304,540527,6314,453159,1916000
1691,335,336,540192,6313,453495,1953100
1692,332,340,539860,6305,453835,2092700
1693,322,293,539538,6334,454128,1922900
1694,357,328,539181,6363,454456,1975500
1695,339,341,538842,6361,454797,1949100
1696,338,343,538504,6356,455140,1921300
1697,330,325,538174,6361,455465,2113100
1698,347,322,537827,6386,455787,1905100
1699,355,312,537472,6429,456099,1879700
1700,331,328,537141,6432,456427,2114800
1701,308,331,536833,6409,456758,1994600
1702,346,292,536487,6463,457050,2025800
1703,333,309,536154,6487,457359,1967400
1704,328,306,535826,6509,457665,2482700
1705,351,296,535475,6564,457961,2158800
1706,333,351,535142,6546,458312,1965700
1707,326,356,534816,6516,458668,2352900
1708,338,310,534478,6544,458978,2000300
1709,363,299,534115,6608,459277,1952100
1710,345,352,533770,6601,459629,2070600
1711,340,350,533430,6591,459979,2058200
1712,338,353,533092,6576,460332,2143200
1713,314,316,532778,6574,460648,2094900
1714,329,326,532449,6577,460974,2063000
1715,339,365,532110,6551,461339,2005200
1716,348,324,531762,6575,461663,1909800
1717,312,331,531450,6556,461994,1888300
1718,371,297,531079,6630,462291,1881400
1719,325,334,530754,6621,462625,1894100
1720,377,337,530377,6661,462962,1895600
1721,370,322,530007,6709,463284,2060000
1722,341,350,529666,6700,463634,2017300
1723,347,345,529319,6702,463979,1930200
1724,346,341,528973,6707,464320,1940100
1725,354,338,528619,6723,464658,1908900
1726,342,335,528277,6730,464993,1878700
1727,351,335,527926,6746,465328,1915200
1728,372,344,527554,6774,465672,1874200
1729,319,345,527235,6748,466017,1885000
1730,332,337,526903,6743,466354,1931200
1731,330,339,526573,6734,466693,1888000
1732,338,339,526235,6733,467032,1973500
1733,327,328,525908,6732,467360,1942100
1734,371,342,525537,6761,467702,1973000
1735,313,343,525224,6731,468045,1927100
1736,352,357,524872,6726,468402,1983600
1737,334,336,524538,6724,468738,2168200
1738,336,337,524202,6723,469075,2062100
1739,368,327,523834,6764,469402,1878600
1740,363,321,523471,6806,469723,1915300
1741,355,367,523116,6794,470090,2280000
1742,363,322,522753,6835,470412,1945400
1743,386,380,522367,6841,470792,1870400
1744,359,336,522008,6864,471128,2127700
1745,399,351,521609,6912,471479,1905600
1746,347,373,521262,6886,471852,2093900
1747,335,334,520927,6887,472186,1988500
1748,353,342,520574,6898,472528,1899600
1749,364,369,520210,6893,472897,2098100
1750,334,312,519876,6915,473209,1918000
1751,339,368,519537,6886,473577,1889900
1752,351,347,519186,6890,473924,2039600
1753,317,331,518869,6876,474255,1903000
1754,323,377,518546,6822,474632,1989000
1755,333,317,518213,6838,474949,1927500
1756,338,361,517875,6815,475310,1895700
1757,317,364,517558,6768,475674,2052700
1758,310,362,517248,6716,476036,1959300
1759,350,362,516898,6704,476398,1918100
1760,339,342,516559,6701,476740,1873600
1761,344,341,516215,6704,477081,1939200
1762,281,313,515934,6672,477394,1935100
1763,289,325,515645,6636,477719,1975000
1764,298,361,515347,6573,478080,2096100
1765,329,338,515018,6564,478418,2040800
1766,343,332,514675,6575,478750,1895000
1767,299,315,514376,6559,479065,2057400
1768,340,307,514036,6592,479372,1898000
1769,344,346,513692,6590,479718,1924800
1770,312,373,513380,6529,480091,1913100
1771,316,321,513064,6524,480412,1889500
1772,332,329,512732,6527,480741,1918800
1773,312,323,512420,6516,481064,1867000
1774,293,320,512127,6489,481384,1912700
1775,348,335,511779,6502,481719,1917800
1776,346,364,511433,6484,482083,1909600
1777,339,306,511094,6517,482389,1899400
1778,322,347,510772,6492,482736,1974400
1779,313,352,510459,6453,483088,1937200
1780,338,346,510121,6445,483434,1981400
1781,344,322,509777,6467,483756,1926600
1782,346,324,509431,6489,484080,1884700
1783,313,322,509118,6480,484402,1916200
1784,324,336,508794,6468,484738,7964400
1785,329,338,508465,6459,485076,2420600
1786,326,309,508139,6476,485385,2172900
1787,307,359,507832,6424,485744,2210200
1788,359,302,507473,6481,486046,2145100
1789,320,331,507153,6470,486377,1881900
1790,350,330,506803,6490,486707,2127900
1791,365,354,506438,6501,487061,2014700
1792,324,332,506114,6493,487393,1849000
1793,338,326,505776,6505,487719,1889700
1794,347,325,505429,6527,488044,1940800
1795,339,306,505090,6560,488350,1832600
1796,338,337,504752,6561,488687,1795500
1797,328,327,504424,6562,489014,2042000
1798,328,315,504096,6575,489329,1888700
1799,352,323,503744,6604,489652,1829100
1800,328,323,503416,6609,489975,2156600
1801,340,315,503076,6634,490290,1922600
1802,312,337,502764,6609,490627,1958000
1803,325,306,502439,6628,490933,1873200
1804,326,319,502113,6635,491252,1882600
1805,334,331,501779,6638,491583,2067500
1806,366,338,501413,6666,491921,1955400
1807,342,330,501071,6678,492251,1947500
1808,338,328,500733,6688,492579,2342200
1809,367,333,500366,6722,492912,2161600
1810,357,328,500009,6751,493240,2004900
1811,338,363,499671,6726,493603,2070800
1812,335,355,499336,6706,493958,2067800
1813,340,341,498996,6705,494299,2195600
1814,362,308,498634,6759,494607,2425600
1815,351,339,498283,6771,494946,2132300
1816,349,354,497934,6766,495300,2220700
1817,366,352,497568,6780,495652,2029600
1818,363,296,497205,6847,495948,2336800
1819,354,361,496851,6840,496309,2058400
1820,346,329,496505,6857,496638,2067200
1821,373,355,496132,6875,496993,2273700
1822,344,355,495788,6864,497348,2003900
1823,342,350,495446,6856,497698,2038200
1824,365,306,495081,6915,498004,2077600
1825,359,344,494722,6930,498348,1987700
1826,360,313,494362,6977,498661,2164600
1827,332,347,494030,6962,499008,2043200
1828,354,370,493676,6946,499378,1992700
1829,342,380,493334,6908,499758,2208900
1830,348,338,492986,6918,500096,1962100
1831,381,321,492605,6978,500417,2112400
1832,367,316,492238,7029,500733,1975100
1833,369,337,491869,7061,501070,1907400
1834,380,359,491489,7082,501429,2089800
1835,355,352,491134,7085,501781,1919700
1836,329,362,490805,7052,502143,1944100
1837,349,351,490456,7050,502494,2139800
1838,354,374,490102,7030,502868,1976300
1839,354,360,489748,7024,503228,1943900
1840,377,350,489371,7051,503578,2120800
1841,392,333,488979,7110,503911,1955900
1842,370,366,488609,7114,504277,1991500
1843,309,363,488300,7060,504640,2284000
1844,377,357,487923,7080,504997,2107800
1845,353,373,487570,7060,505370,2071700
1846,342,330,487228,7072,505700,1929100
1847,349,359,486879,7062,506059,1924900
1848,346,332,486533,7076,506391,2218600
1849,344,380,486189,7040,506771,1966900
1850,351,369,485838,7022,507140,2152600
1851,352,326,485486,7048,507466,1988400
1852,393,373,485093,7068,507839,1954400
1853,361,355,484732,7074,508194,2274600
1854,341,367,484391,7048,508561,2067200
1855,334,360,484057,7022,508921,1922500
1856,358,360,483699,7020,509281,2024800
1857,317,364,483382,6973,509645,1928600
1858,363,351,483019,6985,509996,2128900
1859,338,350,482681,6973,510346,1989700
1860,332,330,482349,6975,510676,1921600
1861,340,352,482009,6963,511028,1969000
1862,347,343,481662,6967,511371,2011600
1863,332,376,481330,6923,511747,1933500
1864,343,356,480987,6910,512103,2086200
1865,302,354,480685,6858,512457,1999900
1866,329,334,480356,6853,512791,1940600
1867,341,360,480015,6834,513151,1981000
1868,296,331,479719,6799,513482,1925500
1869,357,332,479362,6824,513814,1904900
1870,288,315,479074,6797,514129,2016800
1871,334,372,478740,6759,514501,1943100
1872,347,330,478393,6776,514831,1950200
1873,315,342,478078,6749,515173,1975500
1874,325,352,477753,6722,515525,1951900
1875,337,323,477416,6736,515848,1971000
1876,339,352,477077,6723,516200,1968900
1877,339,348,476738,6714,516548,1893400
1878,325,312,476413,6727,516860,2043900
1879,310,358,476103,6679,517218,1916400
1880,351,366,475752,6664,517584,1931000
1881,333,313,475419,6684,517897,2015000
1882,359,291,475060,6752,518188,2009600
1883,342,308,474718,6786,518496,1926400
1884,348,345,474370,6789,518841,2000000
1885,379,335,473991,6833,519176,1938400
1886,350,343,473641,6840,519519,1986200
1887,347,335,473294,6852,519854,1964500
1888,351,339,472943,6864,520193,1945200
1889,345,340,472598,6869,520533,1980600
1890,351,366,472247,6854,520899,2032800
1891,362,353,471885,6863,521252,1910500
1892,368,366,471517,6865,521618,2145200
1893,352,308,471165,6909,521926,1950900
1894,333,334,470832,6908,522260,2172300
1895,352,311,470480,6949,522571,1967100
1896,352,362,470128,6939,522933,1942500
1897,353,339,469775,6953,523272,1965800
1898,343,353,469432,6943,523625,2003000
1899,341,382,469091,6902,524007,1951000
1900,330,333,468761,6899,524340,1993200
1901,342,364,468419,6877,524704,2008200
1902,343,331,468076,6889,525035,1957700
1903,329,359,467747,6859,525394,2111100
1904,348,398,467399,6809,525792,1961100
1905,359,339,467040,6829,526131,1973700
1906,347,351,466693,6825,526482,2162000
1907,323,316,466370,6832,526798,1915400
1908,350,355,466020,6827,527153,1942100
1909,355,309,465665,6873,527462,2005300
1910,313,329,465352,6857,527791,1986000
1911,334,337,465018,6854,528128,2005300
1912,353,349,464665,6858,528477,1897800
1913,335,332,464330,6861,528809,1931800
1914,358,353,463972,6866,529162,2076000
1915,344,335,463628,6875,529497,1999800
1916,312,363,463316,6824,529860,1974400
1917,376,363,462940,6837,530223,2230500
1918,301,348,462639,6790,530571,2035400
1919,375,350,462264,6815,530921,2019600
1920,370,328,461894,6857,531249,2104900
1921,361,339,461533,6879,531588,2000600
1922,373,361,461160,6891,531949,2014200
1923,343,384,460817,6850,532333,2083200
1924,330,345,460487,6835,532678,1966200
1925,337,364,460150,6808,533042,2132800
1926,319,344,459831,6783,533386,1922000
1927,327,327,459504,6783,533713,1951000
1928,310,331,459194,6762,534044,1927100
1929,342,318,458852,6786,534362,1894400
1930,321,354,458531,6753,534716,1835000
1931,322,344,458209,6731,535060,1875600
1932,329,324,457880,6736,535384,1878100
1933,343,346,457537,6733,535730,1802000
1934,326,346,457211,6713,536076,1867000
1935,316,341,456895,6688,536417,1826300
1936,333,331,456562,6690,536748,1912900
1937,312,348,456250,6654,537096,2033100
1938,330,343,455920,6641,537439,1881600
1939,331,310,455589,6662,537749,1827700
1940,332,332,455257,6662,538081,1852400
1941,372,354,454885,6680,538435,1910400
1942,351,357,454534,6674,538792,1929200
1943,361,323,454173,6712,539115,1934000
1944,367,324,453806,6755,539439,1849600
1945,345,338,453461,6762,539777,1899300
1946,325,347,453136,6740,540124,1943800
1947,337,356,452799,6721,540480,1878300
1948,389,336,452410,6774,540816,1867200
1949,334,364,452076,6744,541180,1863100
1950,325,342,451751,6727,541522,1790100
1951,337,326,451414,6738,541848,2086400
1952,319,365,451095,6692,542213,1798300
1953,360,343,450735,6709,542556,2133500
1954,317,322,450418,6704,542878,1917800
1955,330,330,450088,6704,543208,1882500
1956,349,354,449739,6699,543562,1957400
1957,342,320,449397,6721,543882,1902100
1958,318,340,449079,6699,544222,1888200
1959,335,346,448744,6688,544568,1871600
1960,357,365,448387,6680,544933,1854000
1961,332,352,448055,6660,545285,2028200
1962,346,341,447709,6665,545626,2065600
1963,342,332,447367,6675,545958,1900500
1964,353,318,447014,6710,546276,1916200
1965,348,320,446666,6738,546596,1862200
1966,352,328,446314,6762,546924,2012100
1967,363,334,445951,6791,547258,1876900
1968,349,353,445602,6787,547611,1897000
1969,349,321,445253,6815,547932,2209100
1970,385,349,444868,6851,548281,1908500
1971,388,361,444480,6878,548642,1962300
1972,353,340,444127,6891,548982,1927400
1973,360,342,443767,6909,549324,1872700
1974,384,348,443383,6945,549672,2004900
1975,401,343,442982,7003,550015,1890900
1976,372,361,442610,7014,550376,1910800
1977,390,361,442220,7043,550737,2165800
1978,379,331,441841,7091,551068,1931500
1979,427,347,441414,7171,551415,1869000
1980,349,369,441065,7151,551784,1897600
1981,389,360,440676,7180,552144,1907200
1982,394,346,440282,7228,552490,1938000
1983,376,348,439906,7256,552838,1906800
1984,346,370,439560,7232,553208,2071100
1985,386,339,439174,7279,553547,1962800
1986,371,393,438803,7257,553940,1901300
1987,376,358,438427,7275,554298,1891400
1988,359,367,438068,7267,554665,1934700
1989,355,354,437713,7268,555019,1889000
1990,346,384,437367,7230,555403,1837900
1991,371,336,436996,7265,555739,1840500
1992,375,355,436621,7285,556094,1858300
1993,370,355,436251,7300,556449,1924800
1994,371,382,435880,7289,556831,1873800
1995,356,350,435524,7295,557181,1898100
1996,353,357,435171,7291,557538,1966100
1997,353,363,434818,7281,557901,1896300
1998,378,353,434440,7306,558254,1951100
1999,352,403,434088,7255,558657,1887800
2000,373,372,433715,7256,559029,1866100
2001,399,342,433316,7313,559371,1935100
2002,338,342,432978,7309,559713,2090400
2003,405,376,432573,7338,560089,1940200
2004,369,349,432204,7358,560438,1890400
2005,353,350,431851,7361,560788,1906000
2006,333,350,431518,7344,561138,1915600
2007,339,379,431179,7304,561517,1912800
2008,361,364,430818,7301,561881,1918200
2009,330,380,430488,7251,562261,1976000
2010,305,337,430183,7219,562598,1929400
2011,334,379,429849,7174,562977,1926900
2012,336,357,429513,7153,563334,1953100
2013,356,336,429157,7173,563670,1910900
2014,340,344,428817,7169,564014,2018600
2015,349,350,428468,7168,564364,1870200
2016,310,358,428158,7120,564722,1864400
2017,334,346,427824,7108,565068,2030500
2018,367,362,427457,7113,565430,1892000
2019,345,343,427112,7115,565773,1885300
2020,351,403,426761,7063,566176,2090500
2021,333,349,426428,7047,566525,1925900
2022,366,330,426062,7083,566855,1899800
2023,364,386,425698,7061,567241,1942600
2024,361,349,425337,7073,567590,2055400
2025,303,348,425034,7028,567938,2048500
2026,342,377,424692,6993,568315,1867700
2027,353,346,424339,7000,568661,1900900
2028,338,361,424001,6977,569022,1868600
2029,305,311,423696,6971,569333,1990900
2030,314,372,423382,6913,569705,1841500
2031,301,350,423081,6864,570055,1869300
2032,319,370,422762,6813,570425,1847700
2033,328,325,422434,6816,570750,2108200
2034,316,317,422118,6815,571067,1866800
2035,350,359,421768,6806,571426,1838300
2036,340,291,421428,6855,571717,1934600
2037,336,343,421092,6848,572060,1869300
2038,312,328,420780,6832,572388,1899700
2039,369,349,420411,6852,572737,2131400
2040,346,352,420065,6846,573089,1852900
2041,335,343,419730,6838,573432,1861700
2042,334,343,419396,6829,573775,1811700
2043,343,350,419053,6822,574125,1822900
2044,338,297,418715,6863,574422,1832000
2045,355,349,418360,6869,574771,1988400
2046,325,353,418035,6841,575124,1907500
2047,305,341,417730,6805,575465,1894700
2048,331,316,417399,6820,575781,1927600
2049,318,327,417081,6811,576108,1932100
2050,349,367,416732,6793,576475,1889200
2051,332,343,416400,6782,576818,1876800
2052,308,352,416092,6738,577170,2011300
2053,284,361,415808,6661,577531,1872000
2054,312,342,415496,6631,577873,1840400
2055,304,318,415192,6617,578191,1820200
2056,293,353,414899,6557,578544,1884200
2057,313,348,414586,6522,578892,1830700
2058,313,329,414273,6506,579221,2070600
2059,290,315,413983,6481,579536,1912200
2060,287,321,413696,6447,579857,1914100
2061,324,302,413372,6469,580159,1887300
2062,269,321,413103,6417,580480,1852700
2063,322,328,412781,6411,580808,2016400
2064,286,309,412495,6388,581117,2027200
2065,287,313,412208,6362,581430,2019200
2066,327,306,411881,6383,581736,2004200
2067,296,302,411585,6377,582038,1850600
2068,305,352,411280,6330,582390,1839900
2069,323,299,410957,6354,582689,1863300
2070,313,332,410644,6335,583021,1890500
2071,285,313,410359,6307,583334,1896600
2072,326,294,410033,6339,583628,1906100
2073,322,306,409711,6355,583934,1885700
2074,293,314,409418,6334,584248,1897200
2075,309,302,409109,6341,584550,2047900
2076,325,312,408784,6354,584862,1910900
2077,313,335,408471,6332,585197,2227300
2078,312,319,408159,6325,585516,1907700
2079,332,319,407827,6338,585835,1917600
2080,298,329,407529,6307,586164,1914600
2081,300,320,407229,6287,586484,1885400
2082,315,356,406914,6246,586840,1904000
2083,295,312,406619,6229,587152,1950300
2084,284,322,406335,6191,587474,1893800
2085,310,274,406025,6227,587748,1836100
2086,317,300,405708,6244,588048,1838700
2087,318,285,405390,6277,588333,1910000
2088,314,290,405076,6301,588623,1898700
2089,280,322,404796,6259,588945,1963800
2090,311,325,404485,6245,589270,1914800
2091,299,308,404186,6236,589578,1845100
2092,295,297,403891,6234,589875,1874500
2093,288,314,403603,6208,590189,1847900
2094,307,324,403296,6191,590513,1750900
2095,258,299,403038,6150,590812,2018600
2096,246,308,402792,6088,591120,1779600
2097,270,318,402522,6040,591438,1863600
2098,290,329,402232,6001,591767,1841200
2099,267,286,401965,5982,592053,1774800
2100,277,299,401688,5960,592352,1825500
2101,264,317,401424,5907,592669,1820600
2102,275,287,401149,5895,592956,2074000
2103,286,272,400863,5909,593228,2073000
2104,275,304,400588,5880,593532,2078000
2105,269,306,400319,5843,593838,2083900
2106,293,307,400026,5829,594145,1890700
2107,253,316,399773,5766,594461,1834000
2108,288,291,399485,5763,594752,1876900
2109,281,280,399204,5764,595032,1829200
2110,290,268,398914,5786,595300,1865700
2111,274,317,398640,5743,595617,1881400
2112,301,302,398339,5742,595919,1745300
2113,259,295,398080,5706,596214,1826700
2114,270,320,397810,5656,596534,1780100
2115,278,279,397532,5655,596813,1879700
2116,281,265,397251,5671,597078,2306900
2117,256,296,396995,5631,597374,1781200
2118,273,272,396722,5632,597646,1769500
2119,294,256,396428,5670,597902,1847000
2120,277,282,396151,5665,598184,1856300
2121,248,286,395903,5627,598470,1855700
2122,298,300,395605,5625,598770,1871400
2123,268,276,395337,5617,599046,1866500
2124,300,281,395037,5636,599327,1795100
2125,281,281,394756,5636,599608,1847600
2126,281,300,394475,5617,599908,1861900
2127,295,291,394180,5621,600199,1932900
2128,291,296,393889,5616,600495,1797100
2129,324,293,393565,5647,600788,1823800
2130,282,290,393283,5639,601078,2074400
2131,300,303,392983,5636,601381,1925800
2132,296,288,392687,5644,601669,1880700
2133,285,270,392402,5659,601939,1868600
2134,344,290,392058,5713,602229,1855700
2135,316,305,391742,5724,602534,1809200
2136,317,280,391425,5761,602814,1860500
2137,289,273,391136,5777,603087,1854300
2138,284,272,390852,5789,603359,1859600
2139,300,299,390552,5790,603658,1792300
2140,273,271,390279,5792,603929,1839700
2141,284,301,389995,5775,604230,1781700
2142,249,283,389746,5741,604513,1819600
2143,275,260,389471,5756,604773,1846000
2144,314,274,389157,5796,605047,2175000
2145,274,315,388883,5755,605362,2093300
2146,295,284,388588,5766,605646,1849900
2147,281,302,388307,5745,605948,1839000
2148,254,282,388053,5717,606230,1839600
2149,267,289,387786,5695,606519,1827300
2150,264,280,387522,5679,606799,1902200
2151,269,300,387253,5648,607099,1978300
2152,285,300,386968,5633,607399,1898800
2153,260,285,386708,5608,607684,1982200
2154,259,263,386449,5604,607947,1907300
2155,283,314,386166,5573,608261,2099100
2156,267,284,385899,5556,608545,1823300
2157,259,302,385640,5513,608847,1954800
2158,266,261,385374,5518,609108,1872400
2159,270,272,385104,5516,609380,1883700
2160,239,279,384865,5476,609659,1831800
2161,293,289,384572,5480,609948,1829500
2162,243,292,384329,5431,610240,1965000
2163,239,271,384090,5399,610511,1906500
2164,255,263,383835,5391,610774,1870900
2165,298,255,383537,5434,611029,1859300
2166,301,260,383236,5475,611289,1984800
2167,291,258,382945,5508,611547,1817700
2168,272,282,382673,5498,611829,1844600
2169,287,271,382386,5514,612100,1874400
2170,277,292,382109,5499,612392,1848100
2171,275,252,381834,5522,612644,1853900
2172,276,268,381558,5530,612912,1857100
2173,254,292,381304,5492,613204,1888900
2174,248,264,381056,5476,613468,1956200
2175,259,287,380797,5448,613755,1967100
2176,249,289,380548,5408,614044,1814500
2177,261,271,380287,5398,614315,1867500
2178,261,266,380026,5393,614581,1866300
2179,255,277,379771,5371,614858,1838900
2180,253,269,379518,5355,615127,1884300
2181,226,264,379292,5317,615391,1866600
2182,290,261,379002,5346,615652,1834400
2183,266,262,378736,5350,615914,1877000
2184,243,260,378493,5333,616174,1889100
2185,262,263,378231,5332,616437,1888000
2186,238,249,377993,5321,616686,1893000
2187,274,245,377719,5350,616931,1878900
2188,264,252,377455,5362,617183,1888300
2189,276,275,377179,5363,617458,1850200
2190,251,270,376928,5344,617728,1901200
2191,260,257,376668,5347,617985,1786600
2192,272,298,376396,5321,618283,1878300
2193,292,272,376104,5341,618555,1843000
2194,270,295,375834,5316,618850,1772400
2195,241,253,375593,5304,619103,1781200
2196,296,251,375297,5349,619354,1981000
2197,261,250,375036,5360,619604,1803800
2198,260,267,374776,5353,619871,1795100
2199,266,264,374510,5355,620135,1818300
2200,271,231,374239,5395,620366,1778700
2201,266,250,373973,5411,620616,1795400
2202,267,251,373706,5427,620867,1903300
2203,265,231,373441,5461,621098,1889900
2204,236,287,373205,5410,621385,1956500
2205,249,259,372956,5400,621644,2195500
2206,253,302,372703,5351,621946,1988400
2207,263,278,372440,5336,622224,1925900
2208,262,260,372178,5338,622484,1916800
2209,253,261,371925,5330,622745,2034100
2210,241,258,371684,5313,623003,1972100
2211,242,255,371442,5300,623258,1930100
2212,267,244,371175,5323,623502,1946600
2213,262,279,370913,5306,623781,1956000
2214,255,271,370658,5290,624052,1865600
2215,229,262,370429,5257,624314,1887900
2216,259,237,370170,5279,624551,1885000
2217,255,285,369915,5249,624836,1875000
2218,266,265,369649,5250,625101,1887400
2219,276,285,369373,5241,625386,1948600
2220,253,249,369120,5245,625635,2100000
2221,274,240,368846,5279,625875,2154100
2222,249,271,368597,5257,626146,2027200
2223,265,277,368332,5245,626423,1900200
2224,246,238,368086,5253,626661,1980400
2225,265,294,367821,5224,626955,1931500
2226,235,273,367586,5186,627228,1994500
2227,237,284,367349,5139,627512,1861700
2228,247,263,367102,5123,627775,1788800
2229,258,250,366844,5131,628025,1889100
2230,250,265,366594,5116,628290,1753800
2231,238,266,366356,5088,628556,1796600
2232,253,262,366103,5079,628818,1876500
2233,254,229,365849,5104,629047,1803500
2234,264,261,365585,5107,629308,1825900
2235,268,277,365317,5098,629585,2081200
2236,249,251,365068,5096,629836,1870700
2237,254,230,364814,5120,630066,1775000
2238,278,277,364536,5121,630343,1918500
2239,247,253,364289,5115,630596,1826500
2240,240,272,364049,5083,630868,2000600
2241,257,250,363792,5090,631118,1784400
2242,233,257,363559,5066,631375,1873000
2243,227,238,363332,5055,631613,1856400
2244,244,246,363088,5053,631859,1857100
2245,251,250,362837,5054,632109,1938700
2246,246,236,362591,5064,632345,1994800
2247,226,236,362365,5054,632581,1770400
2248,261,245,362104,5070,632826,2015500
2249,240,273,361864,5037,633099,1790500
2250,229,227,361635,5039,633326,1997200
2251,264,265,361371,5038,633591,2058800
2252,243,259,361128,5022,633850,1998700
2253,247,261,360881,5008,634111,1814400
2254,250,237,360631,5021,634348,1869600
2255,273,262,360358,5032,634610,1863400
2256,255,248,360103,5039,634858,1873100
2257,276,264,359827,5051,635122,1861400
2258,235,244,359592,5042,635366,1748700
2259,259,253,359333,5048,635619,1732000
2260,245,218,359088,5075,635837,1852500
2261,254,262,358834,5067,636099,1973400
2262,259,291,358575,5035,636390,1900600
2263,258,262,358317,5031,636652,1752200
2264,250,243,358067,5038,636895,1793000
2265,248,260,357819,5026,637155,1818600
2266,261,239,357558,5048,637394,1741200
2267,270,272,357288,5046,637666,2285800
2268,251,258,357037,5039,637924,1895100
2269,245,241,356792,5043,638165,1920400
2270,285,248,356507,5080,638413,1881900
2271,278,275,356229,5083,638688,1899700
2272,236,289,355993,5030,638977,1920900
2273,277,251,355716,5056,639228,1926700
2274,252,271,355464,5037,639499,1848900
2275,248,258,355216,5027,639757,1765900
2276,261,270,354955,5018,640027,1800000
2277,260,261,354695,5017,640288,1829700
2278,281,251,354414,5047,640539,1745800
2279,227,228,354187,5046,640767,1812500
2280,275,228,353912,5093,640995,1770300
2281,260,271,353652,5082,641266,1770500
2282,257,252,353395,5087,641518,1834700
2283,267,256,353128,5098,641774,1859100
2284,242,276,352886,5064,642050,1810000
2285,258,256,352628,5066,642306,1851000
2286,251,243,352377,5074,642549,1746500
2287,240,242,352137,5072,642791,1777700
2288,231,239,351906,5064,643030,1878200
2289,256,266,351650,5054,643296,1808200
2290,236,248,351414,5042,643544,1955000
2291,246,240,351168,5048,643784,2365300
2292,236,248,350932,5036,644032,1828700
2293,212,249,350720,4999,644281,1766400
2294,237,225,350483,5011,644506,1893800
2295,246,281,350237,4976,644787,1837900
2296,217,268,350020,4925,645055,1798700
2297,243,239,349777,4929,645294,1722500
2298,247,266,349530,4910,645560,1869900
2299,215,239,349315,4886,645799,1833600
2300,252,257,349063,4881,646056,1840600
2301,230,249,348833,4862,646305,1731400
2302,212,259,348621,4815,646564,1936700
2303,231,253,348390,4793,646817,1752400
2304,247,230,348143,4810,647047,1860400
2305,255,227,347888,4838,647274,1940200
2306,231,244,347657,4825,647518,1788600
2307,246,247,347411,4824,647765,1773600
2308,231,248,347180,4807,648013,1773900
2309,258,229,346922,4836,648242,1734600
2310,232,241,346690,4827,648483,1852100
2311,213,247,346477,4793,648730,1857300
2312,214,232,346263,4775,648962,1766200
2313,266,225,345997,4816,649187,1777600
2314,254,215,345743,4855,649402,1853800
2315,259,237,345484,4877,649639,1887000
2316,223,230,345261,4870,649869,1991700
2317,243,233,345018,4880,650102,1986300
2318,247,256,344771,4871,650358,1847600
2319,269,243,344502,4897,650601,1945600
2320,218,251,344284,4864,650852,1892700
2321,247,238,344037,4873,651090,1862500
2322,239,241,343798,4871,651331,1840200
2323,254,264,343544,4861,651595,1847600
2324,227,253,343317,4835,651848,1869300
2325,242,229,343075,4848,652077,1884700
2326,252,253,342823,4847,652330,2180800
2327,203,245,342620,4805,652575,1957000
2328,254,262,342366,4797,652837,1884200
2329,264,259,342102,4802,653096,1853100
2330,240,231,341862,4811,653327,1862000
2331,236,237,341626,4810,653564,1835800
2332,237,259,341389,4788,653823,1891200
2333,243,218,341146,4813,654041,1946600
2334,245,242,340901,4816,654283,1916000
2335,250,265,340651,4801,654548,2082800
2336,254,252,340397,4803,654800,2035600
2337,235,242,340162,4796,655042,2061800
2338,270,219,339892,4847,655261,2053600
2339,270,241,339622,4876,655502,1982400
2340,238,258,339384,4856,655760,1963300
2341,229,266,339155,4819,656026,2051400
2342,240,245,338915,4814,656271,1981000
2343,230,262,338685,4782,656533,1932200
2344,221,248,338464,4755,656781,2049100
2345,237,246,338227,4746,657027,1983400
2346,214,227,338013,4733,657254,1934600
2347,226,249,337787,4710,657503,1950300
2348,237,213,337550,4734,657716,1958700
2349,228,226,337322,4736,657942,2002100
2350,252,214,337070,4774,658156,1952200
2351,261,234,336809,4801,658390,1993900
2352,236,238,336573,4799,658628,1950700
2353,227,227,336346,4799,658855,1948800
2354,211,242,336135,4768,659097,1902400
2355,229,234,335906,4763,659331,2062300
2356,218,237,335688,4744,659568,1998300
2357,221,206,335467,4759,659774,1984800
2358,243,251,335224,4751,660025,2008500
2359,221,229,335003,4743,660254,1999200
2360,253,264,334750,4732,660518,2040600
2361,235,239,334515,4728,660757,2031100
2362,225,224,334290,4729,660981,1981600
2363,236,251,334054,4714,661232,1943500
2364,245,242,333809,4717,661474,1952100
2365,255,241,333554,4731,661715,1945600
2366,230,235,333324,4726,661950,2059600
2367,240,214,333084,4752,662164,1942600
2368,229,246,332855,4735,662410,1929400
2369,250,225,332605,4760,662635,1937100
2370,262,220,332343,4802,662855,1925700
2371,225,246,332118,4781,663101,1978400
2372,232,229,331886,4784,663330,2014500
2373,221,240,331665,4765,663570,2022300
2374,222,241,331443,4746,663811,2044000
2375,223,261,331220,4708,664072,2022200
2376,221,245,330999,4684,664317,2019700
2377,199,215,330800,4668,664532,2007000
2378,208,232,330592,4644,664764,2064700
2379,213,244,330379,4613,665008,1957300
2380,240,232,330139,4621,665240,2305300
2381,232,224,329907,4629,665464,2128400
2382,200,239,329707,4590,665703,1968300
2383,245,240,329462,4595,665943,2034100
2384,213,221,329249,4587,666164,1957200
2385,227,239,329022,4575,666403,1972600
2386,210,216,328812,4569,666619,1961800
2387,207,219,328605,4557,666838,1956900
2388,202,218,328403,4541,667056,2171500
2389,214,214,328189,4541,667270,1981100
2390,213,206,327976,4548,667476,1958500
2391,204,229,327772,4523,667705,1980600
2392,243,240,327529,4526,667945,2049100
2393,222,221,327307,4527,668166,1948200
2394,228,239,327079,4516,668405,1998400
2395,205,229,326874,4492,668634,1985800
2396,198,203,326676,4487,668837,2030100
2397,218,229,326458,4476,669066,2055100
2398,194,217,326264,4453,669283,1968200
2399,214,233,326050,4434,669516,2091700
2400,217,216,325833,4435,669732,2043000
2401,244,229,325589,4450,669961,1911900
2402,212,206,325377,4456,670167,1987500
2403,215,195,325162,4476,670362,1978700
2404,222,197,324940,4501,670559,2120200
2405,230,238,324710,4493,670797,1921300
2406,215,232,324495,4476,671029,1967300
2407,222,215,324273,4483,671244,1903900
2408,213,229,324060,4467,671473,1980800
2409,217,192,323843,4492,671665,1949000
2410,245,241,323598,4496,671906,2083200
2411,243,206,323355,4533,672112,2059600
2412,236,234,323119,4535,672346,1957100
2413,252,205,322867,4582,672551,1992800
2414,233,250,322634,4565,672801,1984900
2415,244,224,322390,4585,673025,1908900
2416,235,229,322155,4591,673254,2015200
2417,239,261,321916,4569,673515,1999300
2418,227,216,321689,4580,673731,1991300
2419,211,226,321478,4565,673957,2110000
2420,262,243,321216,4584,674200,1965900
2421,241,255,320975,4570,674455,2098100
2422,215,199,320760,4586,674654,1990400
2423,229,224,320531,4591,674878,1931100
2424,226,234,320305,4583,675112,1967100
2425,208,221,320097,4570,675333,1920500
2426,235,225,319862,4580,675558,2063500
2427,207,230,319655,4557,675788,2069800
2428,233,222,319422,4568,676010,1956200
2429,240,219,319182,4589,676229,2017200
2430,224,209,318958,4604,676438,1977300
2431,206,210,318752,4600,676648,1923100
2432,214,211,318538,4603,676859,2048800
2433,204,206,318334,4601,677065,2017000
2434,223,231,318111,4593,677296,2089500
2435,228,213,317883,4608,677509,2032800
2436,235,233,317648,4610,677742,2056100
2437,205,230,317443,4585,677972,1984200
2438,224,241,317219,4568,678213,2070400
2439,214,225,317005,4557,678438,2035800
2440,235,203,316770,4589,678641,1975900
2441,237,259,316533,4567,678900,1920600
2442,227,224,316306,4570,679124,1899200
2443,208,239,316098,4539,679363,1911300
2444,219,245,315879,4513,679608,1961100
2445,260,224,315619,4549,679832,1919100
2446,197,249,315422,4497,680081,1970300
2447,242,217,315180,4522,680298,1837700
2448,215,227,314965,4510,680525,1869000
2449,228,225,314737,4513,680750,1907800
2450,201,219,314536,4495,680969,1901600
2451,233,229,314303,4499,681198,2246800
2452,216,221,314087,4494,681419,2056000
2453,214,220,313873,4488,681639,1786400
2454,213,244,313660,4457,681883,1864600
2455,197,209,313463,4445,682092,2086300
2456,206,216,313257,4435,682308,1812500
2457,249,265,313008,4419,682573,2048500
2458,221,202,312787,4438,682775,1891500
2459,211,236,312576,4413,683011,2007000
2460,206,226,312370,4393,683237,1977600
2461,205,207,312165,4391,683444,1881700
2462,211,211,311954,4391,683655,1792600
2463,218,231,311736,4378,683886,1780900
2464,230,225,311506,4383,684111,1765700
2465,220,231,311286,4372,684342,1840200
2466,217,225,311069,4364,684567,1833400
2467,218,232,310851,4350,684799,1945200
2468,213,208,310638,4355,685007,1737700
2469,220,228,310418,4347,685235,1925100
2470,226,223,310192,4350,685458,1873400
2471,214,257,309978,4307,685715,1798000
2472,231,232,309747,4306,685947,1792600
2473,209,187,309538,4328,686134,1771900
2474,200,225,309338,4303,686359,1778100
2475,236,214,309102,4325,686573,1953200
2476,234,239,308868,4320,686812,1879900
2477,230,210,308638,4340,687022,1932900
2478,245,216,308393,4369,687238,2102000
2479,240,214,308153,4395,687452,1915300
2480,227,203,307926,4419,687655,1922100
2481,220,227,307706,4412,687882,2286200
2482,229,234,307477,4407,688116,1901700
2483,213,229,307264,4391,688345,1849100
2484,239,217,307025,4413,688562,1854100
2485,238,193,306787,4458,688755,1879100
2486,229,239,306558,4448,688994,1904700
2487,238,196,306320,4490,689190,1898500
2488,230,224,306090,4496,689414,1902100
2489,219,229,305871,4486,689643,1928800
2490,254,227,305617,4513,689870,1919400
2491,224,216,305393,4521,690086,2007700
2492,222,243,305171,4500,690329,1911800
2493,228,230,304943,4498,690559,1990000
2494,203,232,304740,4469,690791,1962600
2495,232,204,304508,4497,690995,2540600
2496,261,206,304247,4552,691201,2005100
2497,208,219,304039,4541,691420,1903600
2498,219,234,303820,4526,691654,1872300
2499,214,258,303606,4482,691912,1966100
2500,202,221,303404,4463,692133,1912800
2501,225,206,303179,4482,692339,1871000
2502,201,262,302978,4421,692601,2002300
2503,240,224,302738,4437,692825,1958800
2504,242,201,302496,4478,693026,1971300
2505,228,208,302268,4498,693234,1942100
2506,234,226,302034,4506,693460,2112500
2507,200,223,301834,4483,693683,2016100
2508,243,225,301591,4501,693908,1941700
2509,211,232,301380,4480,694140,1933700
2510,196,237,301184,4439,694377,1871500
2511,216,213,300968,4442,694590,1894400
2512,205,208,300763,4439,694798,1957400
2513,224,243,300539,4420,695041,1907400
2514,221,211,300318,4430,695252,1921100
2515,246,216,300072,4460,695468,1978400
2516,202,208,299870,4454,695676,1839200
2517,242,229,299628,4467,695905,1962400
2518,235,224,299393,4478,696129,1958500
2519,220,231,299173,4467,696360,1906900
2520,252,217,298921,4502,696577,1913500
2521,250,217,298671,4535,696794,1946800
2522,216,232,298455,4519,697026,1903300
2523,209,232,298246,4496,697258,1871000
2524,210,236,298036,4470,697494,1919900
2525,228,261,297808,4437,697755,1884500
2526,206,238,297602,4405,697993,1883200
2527,240,233,297362,4412,698226,1916800
2528,217,240,297145,4389,698466,1972300
2529,219,238,296926,4370,698704,2174900
2530,231,205,296695,4396,698909,1990400
2531,243,207,296452,4432,699116,2039400
2532,218,223,296234,4427,699339,2071300
2533,225,215,296009,4437,699554,1979300
2534,212,224,295797,4425,699778,1840900
2535,223,210,295574,4438,699988,2102600
2536,215,236,295359,4417,700224,1889500
2537,194,195,295165,4416,700419,2095300
2538,237,188,294928,4465,700607,2013800
2539,222,236,294706,4451,700843,1922600
2540,220,215,294486,4456,701058,2139700
2541,230,221,294256,4465,701279,1992000
2542,194,234,294062,4425,701513,1954700
2543,226,235,293836,4416,701748,1926500
2544,214,218,293622,4412,701966,1921200
2545,237,235,293385,4414,702201,2096000
2546,213,223,293172,4404,702424,1912300
2547,223,217,292949,4410,702641,1936800
2548,214,234,292735,4390,702875,1929600
2549,213,249,292522,4354,703124,1871300
2550,210,215,292312,4349,703339,1917400
2551,191,222,292121,4318,703561,1884000
2552,228,214,291893,4332,703775,1912100
2553,235,226,291658,4341,704001,1881600
2554,215,237,291443,4319,704238,1967400
2555,215,197,291228,4337,704435,1867600
2556,209,199,291019,4347,704634,1883900
2557,219,236,290800,4330,704870,2133500
2558,219,209,290581,4340,705079,1847900
2559,225,223,290356,4342,705302,1901700
2560,242,226,290114,4358,705528,1913500
2561,207,207,289907,4358,705735,1890700
2562,227,234,289680,4351,705969,1937400
2563,241,233,289439,4359,706202,2011000
2564,202,189,289237,4372,706391,2086800
2565,214,194,289023,4392,706585,1921600
2566,207,216,288816,4383,706801,1955900
2567,234,225,288582,4392,707026,1942000
2568,214,208,288368,4398,707234,1881100
2569,213,249,288155,4362,707483,1872200
2570,204,194,287951,4372,707677,2061700
2571,233,221,287718,4384,707898,1985000
2572,227,215,287491,4396,708113,1945900
2573,223,214,287268,4405,708327,1892700
2574,257,212,287011,4450,708539,2105300
2575,235,210,286776,4475,708749,1938900
2576,247,240,286529,4482,708989,1880600
2577,203,223,286326,4462,709212,1811400
2578,239,223,286087,4478,709435,1901400
2579,220,247,285867,4451,709682,2048100
2580,227,217,285640,4461,709899,2092900
2581,216,222,285424,4455,710121,2023700
2582,239,207,285185,4487,710328,1954500
2583,252,215,284933,4524,710543,1761700
2584,263,249,284670,4538,710792,1940500
2585,228,214,284442,4552,711006,2061700
2586,250,231,284192,4571,711237,1993700
2587,251,215,283941,4607,711452,1906500
2588,199,229,283742,4577,711681,1910700
2589,236,237,283506,4576,711918,1940900
2590,232,260,283274,4548,712178,1805900
2591,245,216,283029,4577,712394,2058400
2592,228,247,282801,4558,712641,1920700
2593,219,233,282582,4544,712874,1862700
2594,222,246,282360,4520,713120,1909300
2595,210,218,282150,4512,713338,1816200
2596,220,217,281930,4515,713555,2007400
2597,219,228,281711,4506,713783,1898100
2598,185,217,281526,4474,714000,1917000
2599,210,220,281316,4464,714220,1943900
2600,195,217,281121,4442,714437,1904800
2601,208,229,280913,4421,714666,1845700
2602,226,202,280687,4445,714868,2071000
2603,198,214,280489,4429,715082,1909400
2604,199,201,280290,4427,715283,1845600
2605,194,223,280096,4398,715506,1904300
2606,240,200,279856,4438,715706,2041400
2607,199,234,279657,4403,715940,1889400
2608,197,205,279460,4395,716145,1954200
2609,199,191,279261,4403,716336,1838400
2610,217,201,279044,4419,716537,1906100
2611,224,220,278820,4423,716757,1846400
2612,222,194,278598,4451,716951,1831800
2613,228,224,278370,4455,717175,1817400
2614,224,229,278146,4450,717404,2123400
2615,205,233,277941,4422,717637,1888200
2616,206,217,277735,4411,717854,1849000
2617,211,251,277524,4371,718105,2312400
2618,241,199,277283,4413,718304,1936300
2619,223,214,277060,4422,718518,1932600
2620,225,203,276835,4444,718721,1908300
2621,226,202,276609,4468,718923,1865300
2622,241,245,276368,4464,719168,1907800
2623,229,222,276139,4471,719390,1895200
2624,248,233,275891,4486,719623,1808500
2625,242,258,275649,4470,719881,1824700
2626,227,237,275422,4460,720118,1858800
2627,226,230,275196,4456,720348,1822600
2628,228,234,274968,4450,720582,1901800
2629,245,216,274723,4479,720798,1912300
2630,253,230,274470,4502,721028,1907900
2631,235,233,274235,4504,721261,1866600
2632,239,240,273996,4503,721501,2211700
2633,257,230,273739,4530,721731,1946900
2634,198,210,273541,4518,721941,1914600
2635,220,240,273321,4498,722181,2011600
2636,249,204,273072,4543,722385,1921900
2637,224,243,272848,4524,722628,1896500
2638,201,215,272647,4510,722843,1898900
2639,234,222,272413,4522,723065,1833100
2640,213,227,272200,4508,723292,1812200
2641,208,235,271992,4481,723527,1835200
2642,227,262,271765,4446,723789,1868500
2643,243,227,271522,4462,724016,2059800
2644,211,235,271311,4438,724251,1951900
2645,223,217,271088,4444,724468,1893500
2646,229,205,270859,4468,724673,1818100
2647,233,232,270626,4469,724905,1829100
2648,216,220,270410,4465,725125,1832800
2649,230,212,270180,4483,725337,1799900
2650,229,220,269951,4492,725557,1887600
2651,205,243,269746,4454,725800,1953200
2652,210,219,269536,4445,726019,1946300
2653,210,227,269326,4428,726246,2018400
2654,242,216,269084,4454,726462,1881400
2655,198,211,268886,4441,726673,1841600
2656,232,227,268654,4446,726900,1836800
2657,194,199,268460,4441,727099,1850000
2658,218,220,268242,4439,727319,1820100
2659,204,201,268038,4442,727520,1831500
2660,212,219,267826,4435,727739,1830200
2661,199,217,267627,4417,727956,1890600
2662,217,231,267410,4403,728187,1801800
2663,226,213,267184,4416,728400,1810700
2664,202,262,266982,4356,728662,1792600
2665,204,243,266778,4317,728905,1817000
2666,201,192,266577,4326,729097,1824700
2667,224,216,266353,4334,729313,1947300
2668,196,199,266157,4331,729512,1899200
2669,196,193,265961,4334,729705,1845200
2670,211,246,265750,4299,729951,2004900
2671,217,197,265533,4319,730148,1962900
2672,220,221,265313,4318,730369,1979300
2673,212,193,265101,4337,730562,1980100
2674,227,200,264874,4364,730762,1882200
2675,220,205,264654,4379,730967,1914800
2676,210,220,264444,4369,731187,1975200
2677,237,229,264207,4377,731416,2108700
2678,211,228,263996,4360,731644,2100300
2679,206,216,263790,4350,731860,1980500
2680,217,224,263573,4343,732084,1925200
2681,232,206,263341,4369,732290,1888000
2682,207,200,263134,4376,732490,1857500
2683,212,235,262922,4353,732725,1821200
2684,207,204,262715,4356,732929,2091000
2685,181,215,262534,4322,733144,1896600
2686,199,234,262335,4287,733378,1844900
2687,230,222,262105,4295,733600,1865000
2688,249,192,261856,4352,733792,1867500
2689,208,212,261648,4348,734004,1825700
2690,230,196,261418,4382,734200,1807900
2691,240,216,261178,4406,734416,1797500
2692,239,228,260939,4417,734644,1817300
2693,219,214,260720,4422,734858,1883700
2694,222,224,260498,4420,735082,1841900
2695,214,215,260284,4419,735297,1838700
2696,216,218,260068,4417,735515,1830300
2697,209,225,259859,4401,735740,1789900
2698,220,223,259639,4398,735963,1790600
2699,198,224,259441,4372,736187,1820700
2700,212,228,259229,4356,736415,1851000
2701,206,253,259023,4309,736668,1878200
2702,231,243,258792,4297,736911,1856000
2703,199,222,258593,4274,737133,1867900
2704,221,201,258372,4294,737334,1814600
2705,218,239,258154,4273,737573,1798000
2706,227,200,257927,4300,737773,1857600
2707,205,224,257722,4281,737997,1803800
2708,233,232,257489,4282,738229,1735500
2709,216,209,257273,4289,738438,1992700
2710,225,236,257048,4278,738674,1847800
2711,240,215,256808,4303,738889,1801200
2712,227,185,256581,4345,739074,1885600
2713,213,210,256368,4348,739284,1852100
2714,209,204,256159,4353,739488,1939000
2715,207,212,255952,4348,739700,1831800
2716,199,214,255753,4333,739914,1771600
2717,216,213,255537,4336,740127,1935300
2718,237,199,255300,4374,740326,1871700
2719,242,217,255058,4399,740543,1858800
2720,218,215,254840,4402,740758,1818800
2721,218,237,254622,4383,740995,1830000
2722,234,191,254388,4426,741186,1821000
2723,217,224,254171,4419,741410,1801400
2724,200,233,253971,4386,741643,1811600
2725,234,230,253737,4390,741873,1878500
2726,212,238,253525,4364,742111,1851700
2727,206,218,253319,4352,742329,1847800
2728,242,229,253077,4365,742558,1884800
2729,237,220,252840,4382,742778,1852600
2730,198,241,252642,4339,743019,1846500
2731,204,191,252438,4352,743210,1818700
2732,215,232,252223,4335,743442,1884700
2733,212,219,252011,4328,743661,2084800
2734,219,226,251792,4321,743887,1874800
2735,198,212,251594,4307,744099,2117100
2736,189,247,251405,4249,744346,1900500
2737,220,219,251185,4250,744565,1913500
2738,214,218,250971,4246,744783,1871800
2739,220,218,250751,4248,745001,1922300
2740,198,184,250553,4262,745185,1825600
2741,212,205,250341,4269,745390,1832200
2742,219,236,250122,4252,745626,1805400
2743,227,201,249895,4278,745827,1752600
2744,237,224,249658,4291,746051,1892800
2745,222,226,249436,4287,746277,1841900
2746,236,218,249200,4305,746495,1841400
2747,210,213,248990,4302,746708,1777900
2748,229,199,248761,4332,746907,1788900
2749,216,208,248545,4340,747115,1724500
2750,192,239,248353,4293,747354,1856200
2751,235,210,248118,4318,747564,1842100
2752,212,197,247906,4333,747761,1841100
2753,203,232,247703,4304,747993,1724400
2754,235,195,247468,4344,748188,1714700
2755,255,212,247213,4387,748400,1821500
2756,238,207,246975,4418,748607,1776600
2757,236,210,246739,4444,748817,1733200
2758,242,200,246497,4486,749017,1924300
2759,204,223,246293,4467,749240,1807900
2760,257,201,246036,4523,749441,1862300
2761,228,228,245808,4523,749669,1852900
2762,233,222,245575,4534,749891,2257000
2763,228,220,245347,4542,750111,1903300
2764,226,213,245121,4555,750324,1904900
2765,228,236,244893,4547,750560,1847600
2766,245,238,244648,4554,750798,1866600
2767,241,219,244407,4576,751017,1892500
2768,240,231,244167,4585,751248,1893900
2769,223,231,243944,4577,751479,1794900
2770,228,240,243716,4565,751719,1873200
2771,227,220,243489,4572,751939,1796000
2772,210,211,243279,4571,752150,1855600
2773,216,240,243063,4547,752390,1778100
2774,227,243,242836,4531,752633,1951100
2775,219,234,242617,4516,752867,1818800
2776,199,210,242418,4505,753077,1788300
2777,228,214,242190,4519,753291,1839000
2778,205,251,241985,4473,753542,1907700
2779,218,212,241767,4479,753754,1856500
2780,216,231,241551,4464,753985,1828300
2781,218,243,241333,4439,754228,1773700
2782,216,225,241117,4430,754453,1820900
2783,233,257,240884,4406,754710,2027600
2784,218,207,240666,4417,754917,1912600
2785,214,234,240452,4397,755151,2150900
2786,235,220,240217,4412,755371,1881300
2787,232,203,239985,4441,755574,2198700
2788,221,229,239764,4433,755803,1873000
2789,217,216,239547,4434,756019,1825200
2790,217,224,239330,4427,756243,1802500
2791,196,210,239134,4413,756453,1993500
2792,221,232,238913,4402,756685,1754900
2793,233,235,238680,4400,756920,1804600
2794,223,224,238457,4399,757144,2071300
2795,229,215,238228,4413,757359,1866500
2796,252,231,237976,4434,757590,1778600
2797,239,232,237737,4441,757822,1877500
2798,246,201,237491,4486,758023,1742600
2799,243,231,237248,4498,758254,1961300
2800,209,228,237039,4479,758482,1821900
2801,203,193,236836,4489,758675,1956200
2802,231,233,236605,4487,758908,1783000
2803,229,233,236376,4483,759141,1986700
2804,231,237,236145,4477,759378,1844100
2805,239,211,235906,4505,759589,1848200
2806,236,212,235670,4529,759801,1863200
2807,220,257,235450,4492,760058,1860800
2808,228,250,235222,4470,760308,1953100
2809,225,207,234997,4488,760515,1907800
2810,238,247,234759,4479,760762,1863500
2811,215,236,234544,4458,760998,1762100
2812,232,221,234312,4469,761219,1734900
2813,207,236,234105,4440,761455,1883600
2814,211,208,233894,4443,761663,1847500
2815,223,196,233671,4470,761859,1779900
2816,232,213,233439,4489,762072,1750100
2817,222,226,233217,4485,762298,1771500
2818,233,224,232984,4494,762522,1847200
2819,231,218,232753,4507,762740,1834300
2820,205,221,232548,4491,762961,1829800
2821,228,213,232320,4506,763174,1798300
2822,227,208,232093,4525,763382,1786100
2823,235,215,231858,4545,763597,1732500
2824,217,220,231641,4542,763817,1852600
2825,193,223,231448,4512,764040,1878700
2826,224,236,231224,4500,764276,1790300
2827,228,189,230996,4539,764465,1718100
2828,214,223,230782,4530,764688,1720800
2829,217,234,230565,4513,764922,1813500
2830,207,230,230358,4490,765152,1720000
2831,212,231,230146,4471,765383,1718900
2832,213,215,229933,4469,765598,2154400
2833,203,202,229730,4470,765800,2124700
2834,215,209,229515,4476,766009,2037100
2835,178,228,229337,4426,766237,1842600
2836,208,236,229129,4398,766473,1822300
2837,209,218,228920,4389,766691,1872100
2838,195,211,228725,4373,766902,1879400
2839,218,207,228507,4384,767109,1926300
2840,217,215,228290,4386,767324,1887500
2841,181,213,228109,4354,767537,1878400
2842,176,226,227933,4304,767763,2074100
2843,232,214,227701,4322,767977,1952900
2844,205,199,227496,4328,768176,2058300
2845,198,232,227298,4294,768408,1871100
2846,209,180,227089,4323,768588,1873500
2847,216,213,226873,4326,768801,1852000
2848,215,217,226658,4324,769018,1832200
2849,194,231,226464,4287,769249,1897000
2850,196,208,226268,4275,769457,1889600
2851,204,222,226064,4257,769679,2004000
2852,206,224,225858,4239,769903,1966900
2853,230,202,225628,4267,770105,1847600
2854,187,230,225441,4224,770335,1961000
2855,210,194,225231,4240,770529,1835200
2856,231,228,225000,4243,770757,1917400
2857,218,213,224782,4248,770970,1868900
2858,240,208,224542,4280,771178,1840400
2859,214,221,224328,4273,771399,1905900
2860,215,230,224113,4258,771629,1842600
2861,225,222,223888,4261,771851,1869100
2862,228,201,223660,4288,772052,1876300
2863,202,224,223458,4266,772276,1863500
2864,235,197,223223,4304,772473,2116000
2865,242,228,222981,4318,772701,1887900
2866,223,222,222758,4319,772923,1895600
2867,240,206,222518,4353,773129,1906700
2868,236,225,222282,4364,773354,2050900
2869,249,217,222033,4396,773571,1907500
2870,225,235,221808,4386,773806,1896900
2871,210,207,221598,4389,774013,1880300
2872,219,225,221379,4383,774238,1787400
2873,221,197,221158,4407,774435,1853000
2874,249,199,220909,4457,774634,1857000
2875,212,220,220697,4449,774854,1884300
2876,219,223,220478,4445,775077,1757100
2877,222,228,220256,4439,775305,1779700
2878,215,212,220041,4442,775517,1785700
2879,217,210,219824,4449,775727,1798300
2880,210,251,219614,4408,775978,1753800
2881,211,223,219403,4396,776201,1794300
2882,213,208,219190,4401,776409,1808700
2883,242,218,218948,4425,776627,2052400
2884,230,213,218718,4442,776840,1919500
2885,204,235,218514,4411,777075,2054600
2886,225,230,218289,4406,777305,1868700
2887,249,206,218040,4449,777511,1841500
2888,204,229,217836,4424,777740,1868100
2889,208,187,217628,4445,777927,1926600
2890,215,223,217413,4437,778150,1800100
2891,201,213,217212,4425,778363,1763900
2892,199,224,217013,4400,778587,1965500
2893,230,208,216783,4422,778795,1869900
2894,214,220,216569,4416,779015,1884100
2895,220,207,216349,4429,779222,2100700
2896,188,212,216161,4405,779434,1744500
2897,228,247,215933,4386,779681,1837200
2898,234,211,215699,4409,779892,1834100
2899,212,220,215487,4401,780112,1768300
2900,206,212,215281,4395,780324,1722600
2901,209,201,215072,4403,780525,1724300
2902,224,237,214848,4390,780762,1846800
2903,214,229,214634,4375,780991,1725500
2904,231,219,214403,4387,781210,1789500
2905,230,208,214173,4409,781418,1847100
2906,237,227,213936,4419,781645,1850600
2907,208,226,213728,4401,781871,1716300
2908,204,220,213524,4385,782091,1754800
2909,245,233,213279,4397,782324,1984300
2910,204,227,213075,4374,782551,1732800
2911,203,225,212872,4352,782776,1723300
2912,214,229,212658,4337,783005,1816400
2913,216,207,212442,4346,783212,1773600
2914,204,215,212238,4335,783427,1768500
2915,207,168,212031,4374,783595,1774700
2916,193,222,211838,4345,783817,1845900
2917,194,230,211644,4309,784047,1852000
2918,216,198,211428,4327,784245,1744800
2919,208,222,211220,4313,784467,1764000
2920,231,208,210989,4336,784675,1891800
2921,206,227,210783,4315,784902,1789800
2922,222,200,210561,4337,785102,1837700
2923,206,219,210355,4324,785321,1818900
2924,213,207,210142,4330,785528,1913400
2925,213,200,209929,4343,785728,1775800
2926,209,219,209720,4333,785947,1796500
2927,238,212,209482,4359,786159,1721500
2928,241,215,209241,4385,786374,1805900
2929,225,237,209016,4373,786611,1777400
2930,220,221,208796,4372,786832,1699700
2931,253,250,208543,4375,787082,1869400
2932,244,233,208299,4386,787315,1841400
2933,234,247,208065,4373,787562,1826000
2934,234,214,207831,4393,787776,1719200
2935,227,193,207604,4427,787969,1989800
2936,223,207,207381,4443,788176,1793400
2937,205,248,207176,4400,788424,1863100
2938,194,223,206982,4371,788647,1876200
2939,209,224,206773,4356,788871,1808300
2940,231,217,206542,4370,789088,1908300
2941,199,239,206343,4330,789327,1777300
2942,197,205,206146,4322,789532,1759900
2943,231,212,205915,4341,789744,2070900
2944,205,211,205710,4335,789955,1728600
2945,239,223,205471,4351,790178,1857900
2946,196,222,205275,4325,790400,1842800
2947,206,198,205069,4333,790598,1736200
2948,214,226,204855,4321,790824,2010600
2949,199,212,204656,4308,791036,1733500
2950,187,201,204469,4294,791237,1779000
2951,217,214,204252,4297,791451,2186700
2952,201,192,204051,4306,791643,1875100
2953,201,206,203850,4301,791849,1734000
2954,212,186,203638,4327,792035,1855500
2955,195,227,203443,4295,792262,1786500
2956,208,225,203235,4278,792487,1781100
2957,214,186,203021,4306,792673,1787800
2958,201,234,202820,4273,792907,1841300
2959,203,203,202617,4273,793110,1836300
2960,203,241,202414,4235,793351,1771300
2961,201,202,202213,4234,793553,1808100
2962,197,220,202016,4211,793773,1801800
2963,211,187,201805,4235,793960,1856600
2964,192,209,201613,4218,794169,2020400
2965,244,205,201369,4257,794374,1854700
2966,230,235,201139,4252,794609,1820600
2967,193,206,200946,4239,794815,1753700
2968,219,207,200727,4251,795022,1905000
2969,211,218,200516,4244,795240,1840200
2970,230,199,200286,4275,795439,1863700
2971,222,189,200064,4308,795628,1971000
2972,203,225,199861,4286,795853,1898400
2973,210,194,199651,4302,796047,1864400
2974,209,226,199442,4285,796273,1826200
2975,207,217,199235,4275,796490,1832200
2976,210,233,199025,4252,796723,1810600
2977,207,212,198818,4247,796935,1835300
2978,235,215,198583,4267,797150,1822100
2979,228,201,198355,4294,797351,1919300
2980,230,195,198125,4329,797546,1764200
2981,217,221,197908,4325,797767,1772800
2982,235,222,197673,4338,797989,1778700
2983,194,232,197479,4300,798221,1784200
2984,229,192,197250,4337,798413,1770000
2985,222,224,197028,4335,798637,1789400
2986,191,202,196837,4324,798839,1814800
2987,199,226,196638,4297,799065,1768500
2988,182,228,196456,4251,799293,1996500
2989,201,238,196255,4214,799531,1876400
2990,205,251,196050,4168,799782,1758400
2991,189,225,195861,4132,800007,2124500
2992,203,213,195658,4122,800220,1830000
2993,192,225,195466,4089,800445,1783300
2994,200,193,195266,4096,800638,1869700
2995,211,199,195055,4108,800837,1733500
2996,216,208,194839,4116,801045,1860700
2997,213,219,194626,4110,801264,1844900
2998,208,229,194418,4089,801493,1760300
2999,197,210,194221,4076,801703,1827600
3000,213,206,194008,4083,801909,2064300
3001,194,188,193814,4089,802097,2019500
3002,204,214,193610,4079,802311,1976200
3003,207,216,193403,4070,802527,2001700
3004,196,195,193207,4071,802722,1945400
3005,210,186,192997,4095,802908,1909800
3006,222,230,192775,4087,803138,1861900
3007,225,221,192550,4091,803359,1830700
3008,202,207,192348,4086,803566,1803300
3009,219,219,192129,4086,803785,1813100
3010,208,214,191921,4080,803999,1846100
3011,231,208,191690,4103,804207,1806400
3012,210,227,191480,4086,804434,1798300
3013,191,185,191289,4092,804619,1770600
3014,209,193,191080,4108,804812,1859300
3015,190,214,190890,4084,805026,1847000
3016,208,196,190682,4096,805222,1771500
3017,222,187,190460,4131,805409,1774400
3018,214,215,190246,4130,805624,1739200
3019,200,220,190046,4110,805844,1854200
3020,211,218,189835,4103,806062,1936900
3021,195,206,189640,4092,806268,1810800
3022,230,201,189410,4121,806469,1805800
3023,207,211,189203,4117,806680,1747100
3024,204,191,188999,4130,806871,1852900
3025,222,204,188777,4148,807075,1866100
3026,206,218,188571,4136,807293,1855000
3027,198,225,188373,4109,807518,1856900
3028,176,210,188197,4075,807728,1771100
3029,200,223,187997,4052,807951,1761800
3030,202,190,187795,4064,808141,1845000
3031,189,196,187606,4057,808337,1851500
3032,211,195,187395,4073,808532,1836100
3033,211,202,187184,4082,808734,1780900
3034,191,198,186993,4075,808932,1731100
3035,198,188,186795,4085,809120,1729500
3036,188,216,186607,4057,809336,1844100
3037,212,194,186395,4075,809530,1852100
3038,230,196,186165,4109,809726,1705900
3039,218,217,185947,4110,809943,1709400
3040,206,230,185741,4086,810173,1841900
3041,213,224,185528,4075,810397,1967200
3042,216,192,185312,4099,810589,1803000
3043,206,189,185106,4116,810778,1772000
3044,207,184,184899,4139,810962,1803700
3045,230,208,184669,4161,811170,1783200
3046,205,215,184464,4151,811385,1821100
3047,206,213,184258,4144,811598,1862000
3048,199,216,184059,4127,811814,1807000
3049,217,215,183842,4129,812029,1784800
3050,222,203,183620,4148,812232,1712400
3051,198,197,183422,4149,812429,1835900
3052,209,219,183213,4139,812648,1801600
3053,204,223,183009,4120,812871,1737500
3054,188,200,182821,4108,813071,1716700
3055,188,198,182633,4098,813269,1762900
3056,207,219,182426,4086,813488,1804400
3057,212,212,182214,4086,813700,1994700
3058,205,197,182009,4094,813897,1849000
3059,181,188,181828,4087,814085,2258700
3060,195,205,181633,4077,814290,2067200
3061,176,193,181457,4060,814483,2038200
3062,200,186,181257,4074,814669,1904400
3063,188,202,181069,4060,814871,1951200
3064,196,218,180873,4038,815089,1945100
3065,187,218,180686,4007,815307,1883000
3066,194,217,180492,3984,815524,2021100
3067,198,205,180294,3977,815729,2599500
3068,195,168,180099,4004,815897,2781500
3069,167,197,179932,3974,816094,2434900
3070,172,189,179760,3957,816283,2140600
3071,167,204,179593,3920,816487,8874000
3072,182,150,179411,3952,816637,5283500
3073,210,188,179201,3974,816825,2830200
3074,172,200,179029,3946,817025,2926600
3075,176,183,178853,3939,817208,2623700
3076,201,177,178652,3963,817385,3074300
3077,206,212,178446,3957,817597,2558900
3078,179,209,178267,3927,817806,2459700
3079,201,203,178066,3925,818009,2760800
3080,192,184,177874,3933,818193,2700800
3081,187,184,177687,3936,818377,2559600
3082,190,181,177497,3945,818558,2827500
3083,180,195,177317,3930,818753,2519600
3084,189,199,177128,3920,818952,2928300
3085,204,187,176924,3937,819139,7192600
3086,216,188,176708,3965,819327,4104400
3087,196,199,176512,3962,819526,2562700
3088,208,183,176304,3987,819709,2522100
3089,194,202,176110,3979,819911,2477500
3090,187,192,175923,3974,820103,2156700
3091,212,177,175711,4009,820280,2127200
3092,184,218,175527,3975,820498,2237600
3093,198,205,175329,3968,820703,2237100
3094,197,208,175132,3957,820911,2149800
3095,207,192,174925,3972,821103,2086900
3096,191,215,174734,3948,821318,2031100
3097,189,182,174545,3955,821500,1975200
3098,183,209,174362,3929,821709,1999400
3099,207,207,174155,3929,821916,1973800
3100,188,188,173967,3929,822104,1961600
3101,177,192,173790,3914,822296,1883700
3102,216,195,173574,3935,822491,1871600
3103,192,186,173382,3941,822677,2011600
3104,213,203,173169,3951,822880,1970600
3105,204,185,172965,3970,823065,1878500
3106,206,194,172759,3982,823259,2073600
3107,201,211,172558,3972,823470,1890900
3108,203,206,172355,3969,823676,1922000
3109,213,203,172142,3979,823879,1962300
3110,223,203,171919,3999,824082,2176300
3111,234,201,171685,4032,824283,2119700
3112,212,211,171473,4033,824494,1983800
3113,198,189,171275,4042,824683,1954900
3114,183,203,171092,4022,824886,1875100
3115,207,191,170885,4038,825077,1884700
3116,174,180,170711,4032,825257,2034100
3117,184,173,170527,4043,825430,1877500
3118,192,235,170335,4000,825665,1912800
3119,236,199,170099,4037,825864,1825700
3120,221,175,169878,4083,826039,1958600
3121,171,201,169707,4053,826240,1831300
3122,194,230,169513,4017,826470,1764700
3123,201,211,169312,4007,826681,2188200
3124,183,206,169129,3984,826887,1877100
3125,186,186,168943,3984,827073,1933200
3126,175,178,168768,3981,827251,1906300
3127,194,199,168574,3976,827450,1831100
3128,171,207,168403,3940,827657,1881900
3129,183,217,168220,3906,827874,1832700
3130,192,206,168028,3892,828080,1921400
3131,212,185,167816,3919,828265,2054000
3132,171,181,167645,3909,828446,1999700
3133,185,190,167460,3904,828636,1945800
3134,203,192,167257,3915,828828,1885400
3135,200,206,167057,3909,829034,1883500
3136,172,194,166885,3887,829228,1849600
3137,189,196,166696,3880,829424,1792500
3138,216,183,166480,3913,829607,1789700
3139,190,211,166290,3892,829818,1790800
3140,189,186,166101,3895,830004,2178300
3141,219,200,165882,3914,830204,1860700
3142,203,219,165679,3898,830423,1738300
3143,192,199,165487,3891,830622,1891400
3144,180,202,165307,3869,830824,1828100
3145,185,180,165122,3874,831004,2102800
3146,229,187,164893,3916,831191,2062800
3147,187,185,164706,3918,831376,1907500
3148,176,212,164530,3882,831588,2004300
3149,191,230,164339,3843,831818,1881800
3150,190,201,164149,3832,832019,2030500
3151,201,191,163948,3842,832210,1945100
3152,224,182,163724,3884,832392,1871500
3153,171,187,163553,3868,832579,1839200
3154,186,198,163367,3856,832777,1847400
3155,195,182,163172,3869,832959,1886400
3156,191,180,162981,3880,833139,1940000
3157,186,207,162795,3859,833346,1843500
3158,194,208,162601,3845,833554,1849900
3159,201,187,162400,3859,833741,1826800
3160,172,200,162228,3831,833941,1771400
3161,185,192,162043,3824,834133,1810500
3162,180,198,161863,3806,834331,1705800
3163,186,193,161677,3799,834524,1845400
3164,199,212,161478,3786,834736,1908200
3165,183,198,161295,3771,834934,1820000
3166,165,180,161130,3756,835114,2068000
3167,174,196,160956,3734,835310,1809300
3168,186,190,160770,3730,835500,1745300
3169,184,177,160586,3737,835677,1918500
3170,199,178,160387,3758,835855,1876400
3171,197,195,160190,3760,836050,1900200
3172,206,219,159984,3747,836269,1898700
3173,195,162,159789,3780,836431,1823500
3174,179,206,159610,3753,836637,1858300
3175,192,199,159418,3746,836836,1792200
3176,179,195,159239,3730,837031,1797100
3177,200,212,159039,3718,837243,1803700
3178,205,212,158834,3711,837455,1848600
3179,193,176,158641,3728,837631,1827800
3180,186,173,158455,3741,837804,1718400
3181,183,184,158272,3740,837988,2088000
3182,188,193,158084,3735,838181,1832100
3183,182,163,157902,3754,838344,1806700
3184,210,208,157692,3756,838552,1859600
3185,189,165,157503,3780,838717,1782600
3186,193,198,157310,3775,838915,1910900
3187,199,185,157111,3789,839100,1751400
3188,205,201,156906,3793,839301,1773500
3189,205,192,156701,3806,839493,1842400
3190,201,191,156500,3816,839684,1881700
3191,183,186,156317,3813,839870,1863400
3192,198,188,156119,3823,840058,1781500
3193,167,180,155952,3810,840238,1705600
3194,186,220,155766,3776,840458,1831900
3195,160,193,155606,3743,840651,1853000
3196,190,197,155416,3736,840848,1843000
3197,201,179,155215,3758,841027,1846500
3198,187,198,155028,3747,841225,1762500
3199,191,182,154837,3756,841407,1796800
3200,167,190,154670,3733,841597,1804200
3201,192,184,154478,3741,841781,1740200
3202,183,209,154295,3715,841990,1869400
3203,194,177,154101,3732,842167,1754400
3204,170,198,153931,3704,842365,1769900
3205,196,216,153735,3684,842581,1772700
3206,203,191,153532,3696,842772,1952400
3207,178,162,153354,3712,842934,1785900
3208,189,189,153165,3712,843123,1824500
3209,189,187,152976,3714,843310,1735600
3210,164,184,152812,3694,843494,1787300
3211,187,201,152625,3680,843695,1775400
3212,195,196,152430,3679,843891,1806800
3213,202,190,152228,3691,844081,1759700
3214,154,190,152074,3655,844271,1763000
3215,169,205,151905,3619,844476,1781100
3216,168,196,151737,3591,844672,1865300
3217,167,180,151570,3578,844852,1845500
3218,174,174,151396,3578,845026,1755900
3219,157,159,151239,3576,845185,1778200
3220,191,169,151048,3598,845354,1723100
3221,165,181,150883,3582,845535,1877400
3222,185,177,150698,3590,845712,1795100
3223,188,189,150510,3589,845901,1770600
3224,188,170,150322,3607,846071,1826800
3225,180,167,150142,3620,846238,1838000
3226,208,166,149934,3662,846404,2090500
3227,181,202,149753,3641,846606,1875500
3228,205,196,149548,3650,846802,1802300
3229,190,151,149358,3689,846953,2022600
3230,181,171,149177,3699,847124,1840000
3231,175,199,149002,3675,847323,1887100
3232,173,174,148829,3674,847497,1821000
3233,181,179,148648,3676,847676,1803100
3234,170,208,148478,3638,847884,1807200
3235,179,185,148299,3632,848069,2063000
3236,184,160,148115,3656,848229,1813200
3237,160,198,147955,3618,848427,1855400
3238,179,182,147776,3615,848609,1855100
3239,191,198,147585,3608,848807,2029000
3240,180,166,147405,3622,848973,2184500
3241,193,153,147212,3662,849126,2074300
3242,206,161,147006,3707,849287,1904400
3243,203,184,146803,3726,849471,1860800
3244,182,198,146621,3710,849669,1900600
3245,182,200,146439,3692,849869,1816900
3246,174,185,146265,3681,850054,1823900
3247,187,148,146078,3720,850202,1999400
3248,187,176,145891,3731,850378,1865300
3249,164,169,145727,3726,850547,1880100
3250,180,179,145547,3727,850726,1907400
3251,168,180,145379,3715,850906,1900300
3252,184,204,145195,3695,851110,1945300
3253,172,193,145023,3674,851303,1993100
3254,188,188,144835,3674,851491,1907700
3255,167,197,144668,3644,851688,2075900
3256,161,174,144507,3631,851862,2315600
3257,157,181,144350,3607,852043,2050000
3258,157,181,144193,3583,852224,1837100
3259,155,167,144038,3571,852391,1837000
3260,185,169,143853,3587,852560,1796000
3261,170,178,143683,3579,852738,1833300
3262,189,185,143494,3583,852923,1834700
3263,168,189,143326,3562,853112,2015500
3264,163,170,143163,3555,853282,1894800
3265,172,178,142991,3549,853460,1915300
3266,176,187,142815,3538,853647,1805000
3267,184,194,142631,3528,853841,1801700
3268,172,171,142459,3529,854012,1945600
3269,137,181,142322,3485,854193,1801100
3270,152,162,142170,3475,854355,1785300
3271,168,184,142002,3459,854539,1820600
3272,170,185,141832,3444,854724,1851800
3273,181,167,141651,3458,854891,1804700
3274,163,200,141488,3421,855091,1790900
3275,171,191,141317,3401,855282,1835400
3276,159,168,141158,3392,855450,1794700
3277,160,179,140998,3373,855629,1798000
3278,173,155,140825,3391,855784,1831400
3279,173,159,140652,3405,855943,1831300
3280,194,171,140458,3428,856114,1817100
3281,161,165,140297,3424,856279,1849600
3282,163,165,140134,3422,856444,1825000
3283,165,168,139969,3419,856612,1789600
3284,186,168,139783,3437,856780,1882300
3285,189,183,139594,3443,856963,1849000
3286,169,171,139425,3441,857134,1828600
3287,168,175,139257,3434,857309,1810100
3288,167,177,139090,3424,857486,1808700
3289,170,170,138920,3424,857656,1806100
3290,156,152,138764,3428,857808,1804700
3291,163,159,138601,3432,857967,1909200
3292,164,195,138437,3401,858162,1864500
3293,163,170,138274,3394,858332,1817200
3294,162,180,138112,3376,858512,1792200
3295,155,157,137957,3374,858669,1773700
3296,146,174,137811,3346,858843,1851100
3297,176,172,137635,3350,859015,1868600
3298,184,176,137451,3358,859191,1789200
3299,173,150,137278,3381,859341,1810200
3300,169,199,137109,3351,859540,1779300
3301,156,154,136953,3353,859694,1785000
3302,173,178,136780,3348,859872,1836700
3303,179,170,136601,3357,860042,1876000
3304,164,151,136437,3370,860193,1804500
3305,163,135,136274,3398,860328,1849900
3306,178,155,136096,3421,860483,1859800
3307,175,179,135921,3417,860662,1789600
3308,167,176,135754,3408,860838,1780800
3309,184,168,135570,3424,861006,1843800
3310,170,188,135400,3406,861194,1801800
3311,159,167,135241,3398,861361,1802000
3312,165,165,135076,3398,861526,1775600
3313,170,172,134906,3396,861698,1846800
3314,175,172,134731,3399,861870,1970100
3315,179,180,134552,3398,862050,1814300
3316,154,164,134398,3388,862214,1820500
3317,171,189,134227,3370,862403,1798100
3318,187,174,134040,3383,862577,1778100
3319,176,187,133864,3372,862764,1761700
3320,165,166,133699,3371,862930,1871300
3321,148,169,133551,3350,863099,1773400
3322,149,156,133402,3343,863255,1789900
3323,146,146,133256,3343,863401,1980800
3324,159,151,133097,3351,863552,1721400
3325,155,156,132942,3350,863708,1842700
3326,155,166,132787,3339,863874,1853700
3327,141,155,132646,3325,864029,1850200
3328,144,155,132502,3314,864184,1738600
3329,148,178,132354,3284,864362,1720600
3330,137,171,132217,3250,864533,1723100
3331,153,162,132064,3241,864695,1928600
3332,191,189,131873,3243,864884,1848400
3333,166,170,131707,3239,865054,1777200
3334,152,160,131555,3231,865214,1752700
3335,152,175,131403,3208,865389,1749900
3336,165,155,131238,3218,865544,1833900
3337,145,140,131093,3223,865684,1744800
3338,143,177,130950,3189,865861,1768200
3339,177,143,130773,3223,866004,1684200
3340,158,162,130615,3219,866166,1852200
3341,181,154,130434,3246,866320,1900500
3342,155,161,130279,3240,866481,1782700
3343,157,153,130122,3244,866634,1696500
3344,157,159,129965,3242,866793,1717500
3345,189,167,129776,3264,866960,1844600
3346,173,156,129603,3281,867116,1781200
3347,152,175,129451,3258,867291,1738200
3348,151,147,129300,3262,867438,1745700
3349,151,152,129149,3261,867590,1897600
3350,149,151,129000,3259,867741,1760600
3351,147,168,128853,3238,867909,2145300
3352,167,173,128686,3232,868082,1852200
3353,185,164,128501,3253,868246,1850700
3354,163,164,128338,3252,868410,1948900
3355,186,180,128152,3258,868590,1855700
3356,171,146,127981,3283,868736,1869500
3357,155,176,127826,3262,868912,1858600
3358,160,139,127666,3283,869051,1842400
3359,154,145,127512,3292,869196,1846300
3360,180,176,127332,3296,869372,1863600
3361,178,169,127154,3305,869541,1775800
3362,173,157,126981,3321,869698,1862100
3363,160,177,126821,3304,869875,1842100
3364,178,157,126643,3325,870032,2003600
3365,176,172,126467,3329,870204,1888100
3366,154,177,126313,3306,870381,1824800
3367,170,167,126143,3309,870548,1813200
3368,166,166,125977,3309,870714,1793100
3369,156,152,125821,3313,870866,1790500
3370,183,153,125638,3343,871019,1812000
3371,185,169,125453,3359,871188,1774000
3372,169,148,125284,3380,871336,1789200
3373,165,185,125119,3360,871521,1823700
3374,159,163,124960,3356,871684,1916600
3375,175,159,124785,3372,871843,1804400
3376,148,162,124637,3358,872005,1720100
3377,159,171,124478,3346,872176,1724900
3378,150,165,124328,3331,872341,1747400
3379,162,129,124166,3364,872470,1689100
3380,165,167,124001,3362,872637,1864300
3381,171,181,123830,3352,872818,2064600
3382,179,159,123651,3372,872977,1774900
3383,180,148,123471,3404,873125,1825500
3384,176,168,123295,3412,873293,1871900
3385,153,166,123142,3399,873459,1810900
3386,162,172,122980,3389,873631,1720600
3387,150,172,122830,3367,873803,1717100
3388,166,164,122664,3369,873967,1918100
3389,147,167,122517,3349,874134,1766700
3390,134,184,122383,3299,874318,1765700
3391,164,156,122219,3307,874474,1755700
3392,149,141,122070,3315,874615,1749400
3393,137,185,121933,3267,874800,1760600
3394,149,141,121784,3275,874941,1718900
3395,149,182,121635,3242,875123,1793500
3396,162,163,121473,3241,875286,1777700
3397,132,164,121341,3209,875450,1777900
3398,152,151,121189,3210,875601,1748600
3399,142,168,121047,3184,875769,1839100
3400,163,147,120884,3200,875916,1785700
3401,157,166,120727,3191,876082,1876900
3402,149,180,120578,3160,876262,1774100
3403,138,151,120440,3147,876413,1774000
3404,133,142,120307,3138,876555,1777400
3405,155,164,120152,3129,876719,1768200
3406,161,168,119991,3122,876887,2003600
3407,163,158,119828,3127,877045,1716200
3408,151,146,119677,3132,877191,1762600
3409,145,142,119532,3135,877333,1691000
3410,153,158,119379,3130,877491,1707700
3411,152,148,119227,3134,877639,1864800
3412,167,143,119060,3158,877782,1793700
3413,156,173,118904,3141,877955,1799900
3414,138,170,118766,3109,878125,1739200
3415,144,162,118622,3091,878287,1886500
3416,145,159,118477,3077,878446,2297000
3417,151,151,118326,3077,878597,2049100
3418,147,136,118179,3088,878733,1956600
3419,150,145,118029,3093,878878,1859600
3420,141,160,117888,3074,879038,2057200
3421,141,157,117747,3058,879195,2062000
3422,154,146,117593,3066,879341,1852900
3423,140,144,117453,3062,879485,1924200
3424,136,157,117317,3041,879642,1905500
3425,130,172,117187,2999,879814,1747200
3426,149,130,117038,3018,879944,1894700
3427,136,158,116902,2996,880102,1742400
3428,166,148,116736,3014,880250,1768900
3429,146,148,116590,3012,880398,1794000
3430,137,140,116453,3009,880538,1762500
3431,155,137,116298,3027,880675,1812200
3432,146,166,116152,3007,880841,1804100
3433,143,137,116009,3013,880978,2116700
3434,160,136,115849,3037,881114,1782000
3435,132,154,115717,3015,881268,2027900
3436,136,154,115581,2997,881422,1799300
3437,152,138,115429,3011,881560,1782200
3438,146,142,115283,3015,881702,1923600
3439,147,153,115136,3009,881855,1842500
3440,152,149,114984,3012,882004,1857100
3441,147,136,114837,3023,882140,1831500
3442,165,168,114672,3020,882308,1835400
3443,142,139,114530,3023,882447,1832700
3444,149,156,114381,3016,882603,1906900
3445,161,149,114220,3028,882752,2116900
3446,149,170,114071,3007,882922,2046300
3447,129,147,113942,2989,883069,1923900
3448,141,141,113801,2989,883210,1995400
3449,152,136,113649,3005,883346,1864200
3450,148,134,113501,3019,883480,1952000
3451,124,130,113377,3013,883610,1944300
3452,154,158,113223,3009,883768,2102000
3453,135,149,113088,2995,883917,3128000
3454,146,141,112942,3000,884058,2577100
3455,156,147,112786,3009,884205,3634700
3456,130,160,112656,2979,884365,2785000
3457,145,152,112511,2972,884517,2279800
3458,156,154,112355,2974,884671,2142800
3459,148,150,112207,2972,884821,2256800
3460,153,153,112054,2972,884974,2503700
3461,152,136,111902,2988,885110,2162100
3462,148,174,111754,2962,885284,2070000
3463,145,150,111609,2957,885434,1923500
3464,142,164,111467,2935,885598,1957900
3465,130,142,111337,2923,885740,1801900
3466,133,136,111204,2920,885876,1879200
3467,126,135,111078,2911,886011,1817900
3468,124,129,110954,2906,886140,1833300
3469,153,156,110801,2903,886296,1941000
3470,142,144,110659,2901,886440,1800800
3471,149,155,110510,2895,886595,1860800
3472,163,149,110347,2909,886744,2108900
3473,133,170,110214,2872,886914,1897300
3474,139,134,110075,2877,887048,1927100
3475,140,140,109935,2877,887188,2176100
3476,158,134,109777,2901,887322,2041700
3477,162,159,109615,2904,887481,2011000
3478,147,129,109468,2922,887610,1907200
3479,148,162,109320,2908,887772,2060600
3480,157,157,109163,2908,887929,1812600
3481,139,133,109024,2914,888062,1835100
3482,171,155,108853,2930,888217,1792000
3483,155,156,108698,2929,888373,1785100
3484,136,124,108562,2941,888497,1967600
3485,182,142,108380,2981,888639,1777700
3486,162,158,108218,2985,888797,1854400
3487,156,153,108062,2988,888950,1773200
3488,164,139,107898,3013,889089,1766100
3489,193,138,107705,3068,889227,1770300
3490,162,164,107543,3066,889391,1778100
3491,177,137,107366,3106,889528,1802800
3492,166,159,107200,3113,889687,1864100
3493,154,138,107046,3129,889825,1786700
3494,153,177,106893,3105,890002,2035500
3495,161,153,106732,3113,890155,2057100
3496,145,134,106587,3124,890289,1785000
3497,179,158,106408,3145,890447,1904200
3498,180,160,106228,3165,890607,1842700
3499,164,160,106064,3169,890767,1845100
3500,155,151,105909,3173,890918,1881200
3501,127,165,105782,3135,891083,1815500
3502,154,158,105628,3131,891241,1871900
3503,153,157,105475,3127,891398,1788800
3504,169,150,105306,3146,891548,1973200
3505,175,142,105131,3179,891690,2030200
3506,160,166,104971,3173,891856,1842200
3507,147,167,104824,3153,892023,1732500
3508,144,175,104680,3122,892198,1833600
3509,166,159,104514,3129,892357,1931300
3510,148,180,104366,3097,892537,1875700
3511,168,170,104198,3095,892707,1893300
3512,152,144,104046,3103,892851,1798900
3513,156,146,103890,3113,892997,1793500
3514,151,160,103739,3104,893157,2190200
3515,160,161,103579,3103,893318,1831600
3516,143,149,103436,3097,893467,1801300
3517,152,159,103284,3090,893626,1794000
3518,142,166,103142,3066,893792,1815400
3519,170,144,102972,3092,893936,1816500
3520,139,152,102833,3079,894088,1955300
3521,133,135,102700,3077,894223,1834600
3522,139,164,102561,3052,894387,1782700
3523,146,143,102415,3055,894530,1764800
3524,137,156,102278,3036,894686,1764000
3525,156,156,102122,3036,894842,2123100
3526,147,154,101975,3029,894996,1849500
3527,148,155,101827,3022,895151,1841100
3528,135,147,101692,3010,895298,1964700
3529,140,133,101552,3017,895431,1879700
3530,126,147,101426,2996,895578,1829200
3531,153,161,101273,2988,895739,1834700
3532,130,148,101143,2970,895887,1873800
3533,147,134,100996,2983,896021,1770100
3534,136,154,100860,2965,896175,1829900
3535,152,149,100708,2968,896324,1722200
3536,134,159,100574,2943,896483,1714900
3537,144,143,100430,2944,896626,1725300
3538,146,147,100284,2943,896773,1800800
3539,146,134,100138,2955,896907,1802800
3540,145,133,99993,2967,897040,1952500
3541,144,131,99849,2980,897171,1809400
3542,132,158,99717,2954,897329,1838300
3543,164,134,99553,2984,897463,1815300
3544,154,152,99399,2986,897615,1972600
3545,123,137,99276,2972,897752,1777200
3546,153,139,99123,2986,897891,1864700
3547,169,157,98954,2998,898048,2039100
3548,177,158,98777,3017,898206,2003200
3549,151,143,98626,3025,898349,1799800
3550,157,166,98469,3016,898515,1849100
3551,132,165,98337,2983,898680,1850300
3552,151,154,98186,2980,898834,1841700
3553,143,163,98043,2960,898997,1784000
3554,117,135,97926,2942,899132,1765900
3555,150,150,97776,2942,899282,1769300
3556,154,159,97622,2937,899441,1786800
3557,139,146,97483,2930,899587,1815400
3558,149,130,97334,2949,899717,1826700
3559,163,153,97171,2959,899870,1857900
3560,128,165,97043,2922,900035,1997600
3561,147,127,96896,2942,900162,1945600
3562,143,147,96753,2938,900309,1772800
3563,138,162,96615,2914,900471,2046300
3564,145,154,96470,2905,900625,1843800
3565,140,151,96330,2894,900776,2080000
3566,155,137,96175,2912,900913,2040600
3567,136,151,96039,2897,901064,1761600
3568,156,139,95883,2914,901203,1832500
3569,143,156,95740,2901,901359,1692500
3570,163,153,95577,2911,901512,1776400
3571,135,148,95442,2898,901660,1778100
3572,147,171,95295,2874,901831,1822300
3573,146,139,95149,2881,901970,1841200
3574,147,136,95002,2892,902106,1841500
3575,148,142,94854,2898,902248,1788600
3576,149,127,94705,2920,902375,1961300
3577,128,145,94577,2903,902520,1920500
3578,134,141,94443,2896,902661,1845500
3579,152,143,94291,2905,902804,2058300
3580,138,134,94153,2909,902938,1887900
3581,140,165,94013,2884,903103,1843100
3582,146,140,93867,2890,903243,1933100
3583,141,139,93726,2892,903382,1975600
3584,146,147,93580,2891,903529,1795700
3585,148,143,93432,2896,903672,1898300
3586,162,153,93270,2905,903825,1814000
3587,119,143,93151,2881,903968,1798200
3588,166,164,92985,2883,904132,2112400
3589,141,144,92844,2880,904276,1842100
3590,165,141,92679,2904,904417,1760100
3591,167,159,92512,2912,904576,1827400
3592,159,150,92353,2921,904726,1820200
3593,159,145,92194,2935,904871,2092700
3594,161,152,92033,2944,905023,1788600
3595,165,145,91868,2964,905168,1934500
3596,150,160,91718,2954,905328,1873800
3597,159,149,91559,2964,905477,2048900
3598,137,152,91422,2949,905629,1977300
3599,118,137,91304,2930,905766,1863800
3600,168,156,91136,2942,905922,1813300
3601,139,136,90997,2945,906058,1864300
3602,149,130,90848,2964,906188,1867400
3603,153,127,90695,2990,906315,2032800
3604,143,152,90552,2981,906467,1860100
3605,170,139,90382,3012,906606,1724700
3606,166,155,90216,3023,906761,2102300
3607,120,153,90096,2990,906914,1871900
3608,140,151,89956,2979,907065,1736000
3609,140,178,89816,2941,907243,1851800
3610,149,168,89667,2922,907411,1804700
3611,131,165,89536,2888,907576,1905100
3612,130,163,89406,2855,907739,1835800
3613,116,138,89290,2833,907877,1866400
3614,121,137,89169,2817,908014,1818600
3615,137,139,89032,2815,908153,1778600
3616,134,125,88898,2824,908278,1797700
3617,109,119,88789,2814,908397,1818000
3618,113,145,88676,2782,908542,1844000
3619,142,138,88534,2786,908680,1851700
3620,132,119,88402,2799,908799,1775200
3621,116,158,88286,2757,908957,1786900
3622,115,133,88171,2739,909090,1827500
3623,148,125,88023,2762,909215,1836800
3624,134,118,87889,2778,909333,1840900
3625,132,148,87757,2762,909481,1845800
3626,160,147,87597,2775,909628,1757900
3627,131,151,87466,2755,909779,1776200
3628,154,150,87312,2759,909929,1922300
3629,140,129,87172,2770,910058,1854100
3630,135,139,87037,2766,910197,1791900
3631,139,150,86898,2755,910347,1824200
3632,129,139,86769,2745,910486,1810400
3633,138,125,86631,2758,910611,1842300
3634,125,145,86506,2738,910756,1873400
3635,117,143,86389,2712,910899,1783400
3636,119,128,86270,2703,911027,1806700
3637,131,148,86139,2686,911175,1847300
3638,118,150,86021,2654,911325,1825200
3639,126,112,85895,2668,911437,1842400
3640,142,133,85753,2677,911570,1771500
3641,142,135,85611,2684,911705,1975800
3642,138,112,85473,2710,911817,1850000
3643,115,140,85358,2685,911957,2060100
3644,133,133,85225,2685,912090,1820000
3645,141,128,85084,2698,912218,2016000
3646,135,131,84949,2702,912349,1820100
3647,146,124,84803,2724,912473,1822700
3648,143,126,84660,2741,912599,1895400
3649,143,159,84517,2725,912758,1771300
3650,165,142,84352,2748,912900,1913100
3651,153,149,84199,2752,913049,2029700
3652,164,145,84035,2771,913194,1836100
3653,138,157,83897,2752,913351,1770800
3654,138,142,83759,2748,913493,2098500
3655,126,129,83633,2745,913622,2127800
3656,134,153,83499,2726,913775,1861900
3657,149,130,83350,2745,913905,1897200
3658,139,153,83211,2731,914058,1832100
3659,152,122,83059,2761,914180,1739400
3660,150,154,82909,2757,914334,1781700
3661,130,138,82779,2749,914472,1835100
3662,154,150,82625,2753,914622,1849300
3663,136,128,82489,2761,914750,1777400
3664,161,136,82328,2786,914886,1802000
3665,132,147,82196,2771,915033,1840900
3666,156,133,82040,2794,915166,1900100
3667,169,158,81871,2805,915324,1719500
3668,145,142,81726,2808,915466,1755300
3669,143,145,81583,2806,915611,1968400
3670,134,137,81449,2803,915748,1857600
3671,147,116,81302,2834,915864,1834100
3672,134,128,81168,2840,915992,1933800
3673,142,132,81026,2850,916124,2192200
3674,139,126,80887,2863,916250,1857600
3675,141,162,80746,2842,916412,1862100
3676,148,120,80598,2870,916532,1774500
3677,136,130,80462,2876,916662,1725100
3678,145,132,80317,2889,916794,1977700
3679,152,163,80165,2878,916957,1804800
3680,136,145,80029,2869,917102,1992400
3681,125,135,79904,2859,917237,1776000
3682,132,145,79772,2846,917382,1765200
3683,133,140,79639,2839,917522,1812100
3684,131,113,79508,2857,917635,1788600
3685,135,173,79373,2819,917808,1819900
3686,145,145,79228,2819,917953,1821200
3687,116,144,79112,2791,918097,1830800
3688,150,169,78962,2772,918266,2049300
3689,134,117,78828,2789,918383,2298200
3690,130,145,78698,2774,918528,2028200
3691,134,133,78564,2775,918661,1819000
3692,133,130,78431,2778,918791,1779700
3693,129,137,78302,2770,918928,1928300
3694,126,129,78176,2767,919057,1870900
3695,116,145,78060,2738,919202,1822500
3696,119,152,77941,2705,919354,1876200
3697,120,150,77821,2675,919504,1848300
3698,144,138,77677,2681,919642,1832500
3699,121,134,77556,2668,919776,2129000
3700,133,113,77423,2688,919889,1835000
3701,141,129,77282,2700,920018,1817200
3702,150,128,77132,2722,920146,1864400
3703,140,138,76992,2724,920284,1836900
3704,121,121,76871,2724,920405,1776200
3705,155,143,76716,2736,920548,1810600
3706,130,136,76586,2730,920684,1889800
3707,153,134,76433,2749,920818,1878700
3708,124,141,76309,2732,920959,1812800
3709,143,139,76166,2736,921098,1818400
3710,118,135,76048,2719,921233,1966400
3711,126,117,75922,2728,921350,1995400
3712,137,146,75785,2719,921496,2074300
3713,128,143,75657,2704,921639,1882800
3714,133,130,75524,2707,921769,1860700
3715,121,161,75403,2667,921930,1907800
3716,143,130,75260,2680,922060,2113500
3717,117,132,75143,2665,922192,1999900
3718,129,139,75014,2655,922331,1930100
3719,127,116,74887,2666,922447,2044500
3720,118,146,74769,2638,922593,1898100
3721,131,111,74638,2658,922704,1955800
3722,147,131,74491,2674,922835,1994500
3723,136,113,74355,2697,922948,2143300
3724,138,130,74217,2705,923078,1968900
3725,123,137,74094,2691,923215,2050300
3726,138,126,73956,2703,923341,1998700
3727,144,159,73812,2688,923500,1924700
3728,137,126,73675,2699,923626,1882100
3729,135,144,73540,2690,923770,1998700
3730,134,139,73406,2685,923909,2131300
3731,129,149,73277,2665,924058,2231100
3732,130,140,73147,2655,924198,2059900
3733,147,130,73000,2672,924328,1889300
3734,151,150,72849,2673,924478,1884600
3735,143,129,72706,2687,924607,1843400
3736,131,139,72575,2679,924746,1848200
3737,132,133,72443,2678,924879,1845000
3738,111,124,72332,2665,925003,1868500
3739,120,136,72212,2649,925139,1880200
3740,122,115,72090,2656,925254,2048100
3741,122,118,71968,2660,925372,1862400
3742,113,120,71855,2653,925492,1832400
3743,96,136,71759,2613,925628,2093000
3744,115,123,71644,2605,925751,1839700
3745,108,135,71536,2578,925886,1929400
3746,117,122,71419,2573,926008,1896300
3747,105,123,71314,2555,926131,1858400
3748,141,123,71173,2573,926254,2042500
3749,138,132,71035,2579,926386,1878900
3750,121,143,70914,2557,926529,1877300
3751,119,102,70795,2574,926631,1913700
3752,110,124,70685,2560,926755,1869700
3753,102,136,70583,2526,926891,1938000
3754,129,132,70454,2523,927023,1964700
3755,122,132,70332,2513,927155,1886000
3756,111,130,70221,2494,927285,1908900
3757,105,121,70116,2478,927406,1846500
3758,135,122,69981,2491,927528,2081000
3759,102,125,69879,2468,927653,1882500
3760,110,120,69769,2458,927773,1897100
3761,110,107,69659,2461,927880,2117000
3762,131,132,69528,2460,928012,1953600
3763,100,115,69428,2445,928127,1884600
3764,93,110,69335,2428,928237,1919800
3765,129,114,69206,2443,928351,1845900
3766,120,143,69086,2420,928494,1968700
3767,112,111,68974,2421,928605,1835300
3768,102,110,68872,2413,928715,2023100
3769,121,114,68751,2420,928829,1905500
3770,112,123,68639,2409,928952,1851100
3771,103,113,68536,2399,929065,1874100
3772,106,114,68430,2391,929179,1994200
3773,115,139,68315,2367,929318,1818000
3774,109,100,68206,2376,929418,2165900
3775,118,112,68088,2382,929530,1952200
3776,104,118,67984,2368,929648,1909600
3777,107,114,67877,2361,929762,1924900
3778,117,136,67760,2342,929898,2036600
3779,113,120,67647,2335,930018,1870300
3780,121,133,67526,2323,930151,1869500
3781,111,114,67415,2320,930265,2026800
3782,132,122,67283,2330,930387,1894100
3783,129,115,67154,2344,930502,1902800
3784,109,120,67045,2333,930622,1891700
3785,118,121,66927,2330,930743,1887700
3786,114,114,66813,2330,930857,2020500
3787,100,121,66713,2309,930978,1875600
3788,98,133,66615,2274,931111,2060400
3789,126,103,66489,2297,931214,1877200
3790,114,97,66375,2314,931311,1910600
3791,83,127,66292,2270,931438,1905900
3792,103,127,66189,2246,931565,1881400
3793,102,114,66087,2234,931679,1869100
3794,118,103,65969,2249,931782,1874600
3795,111,87,65858,2273,931869,2251900
3796,112,101,65746,2284,931970,1927400
3797,119,120,65627,2283,932090,1926700
3798,97,115,65530,2265,932205,1967600
3799,116,104,65414,2277,932309,2016800
3800,107,106,65307,2278,932415,2167600
3801,126,116,65181,2288,932531,2256600
3802,115,118,65066,2285,932649,2226500
3803,119,107,64947,2297,932756,2157100
3804,106,128,64841,2275,932884,1957400
3805,119,134,64722,2260,933018,2252900
3806,121,140,64601,2241,933158,2714100
3807,109,94,64492,2256,933252,2558300
3808,124,108,64368,2272,933360,2346400
3809,112,120,64256,2264,933480,2339500
3810,119,112,64137,2271,933592,2150700
3811,133,117,64004,2287,933709,2072800
3812,117,119,63887,2285,933828,2284400
3813,122,119,63765,2288,933947,1866100
3814,104,114,63661,2278,934061,1878400
3815,106,94,63555,2290,934155,2106300
3816,115,121,63440,2284,934276,1941000
3817,122,111,63318,2295,934387,1921300
3818,107,123,63211,2279,934510,1881700
3819,122,117,63089,2284,934627,1845800
3820,115,105,62974,2294,934732,1925300
3821,122,123,62852,2293,934855,2103600
3822,135,110,62717,2318,934965,2003800
3823,121,118,62596,2321,935083,2003000
3824,120,114,62476,2327,935197,1942500
3825,121,118,62355,2330,935315,1895600
3826,132,131,62223,2331,935446,1954100
3827,131,99,62092,2363,935545,1861100
3828,135,132,61957,2366,935677,2157500
3829,119,119,61838,2366,935796,1910000
3830,122,125,61716,2363,935921,1963400
3831,133,116,61583,2380,936037,1903300
3832,110,144,61473,2346,936181,2132300
3833,105,124,61368,2327,936305,1934900
3834,122,119,61246,2330,936424,1973900
3835,126,110,61120,2346,936534,1909900
3836,141,101,60979,2386,936635,1937600
3837,105,114,60874,2377,936749,1979000
3838,124,115,60750,2386,936864,1934400
3839,128,122,60622,2392,936986,2067400
3840,124,126,60498,2390,937112,1958500
3841,137,127,60361,2400,937239,1906400
3842,144,98,60217,2446,937337,1863000
3843,116,117,60101,2445,937454,2178400
3844,123,117,59978,2451,937571,1994000
3845,132,117,59846,2466,937688,1938900
3846,116,128,59730,2454,937816,1899200
3847,130,124,59600,2460,937940,1916400
3848,112,142,59488,2430,938082,1993700
3849,125,107,59363,2448,938189,1990600
3850,115,141,59248,2422,938330,1973300
3851,137,113,59111,2446,938443,1841100
3852,122,136,58989,2432,938579,2501200
3853,108,116,58881,2424,938695,1953100
3854,121,142,58760,2403,938837,2419300
3855,114,125,58646,2392,938962,1897700
3856,109,116,58537,2385,939078,1920500
3857,125,134,58412,2376,939212,1856600
3858,110,114,58302,2372,939326,1957400
3859,117,125,58185,2364,939451,1989400
3860,128,101,58057,2391,939552,1909000
3861,99,116,57958,2374,939668,1917800
3862,121,119,57837,2376,939787,1940300
3863,121,124,57716,2373,939911,1958500
3864,135,129,57581,2379,940040,2086700
3865,123,123,57458,2379,940163,2072200
3866,109,129,57349,2359,940292,1848000
3867,128,114,57221,2373,940406,2126200
3868,126,117,57095,2382,940523,2004800
3869,107,112,56988,2377,940635,1930800
3870,134,123,56854,2388,940758,2004100
3871,100,119,56754,2369,940877,1966700
3872,143,122,56611,2390,940999,1864500
3873,108,121,56503,2377,941120,2439300
3874,116,112,56387,2381,941232,1973100
3875,121,118,56266,2384,941350,2218400
3876,149,117,56117,2416,941467,1972700
3877,96,118,56021,2394,941585,2059400
3878,109,109,55912,2394,941694,1994400
3879,119,125,55793,2388,941819,2087200
3880,137,114,55656,2411,941933,2185900
3881,139,111,55517,2439,942044,2038300
3882,142,123,55375,2458,942167,1943900
3883,120,115,55255,2463,942282,1960500
3884,102,109,55153,2456,942391,1960000
3885,121,120,55032,2457,942511,1883700
3886,122,119,54910,2460,942630,1881300
3887,122,120,54788,2462,942750,2423600
3888,123,115,54665,2470,942865,2735600
3889,113,130,54552,2453,942995,1978400
3890,126,120,54426,2459,943115,2311100
3891,111,117,54315,2453,943232,1938800
3892,103,114,54212,2442,943346,2171000
3893,127,122,54085,2447,943468,1891800
3894,119,106,53966,2460,943574,1948200
3895,114,116,53852,2458,943690,1990200
3896,88,126,53764,2420,943816,1976300
3897,113,123,53651,2410,943939,1949900
3898,102,112,53549,2400,944051,1881700
3899,114,117,53435,2397,944168,2002400
3900,105,123,53330,2379,944291,1969600
3901,108,114,53222,2373,944405,2072600
3902,123,108,53099,2388,944513,2325600
3903,125,114,52974,2399,944627,2111700
3904,113,128,52861,2384,944755,2026600
3905,98,125,52763,2357,944880,2046700
3906,118,129,52645,2346,945009,1960700
3907,117,142,52528,2321,945151,2106200
3908,103,122,52425,2302,945273,2012100
3909,101,110,52324,2293,945383,2077700
3910,115,118,52209,2290,945501,1894100
3911,104,136,52105,2258,945637,1959600
3912,110,102,51995,2266,945739,1993100
3913,119,102,51876,2283,945841,2121800
3914,118,110,51758,2291,945951,2009400
3915,109,114,51649,2286,946065,1975600
3916,123,112,51526,2297,946177,2110900
3917,110,101,51416,2306,946278,2077700
3918,113,114,51303,2305,946392,1952100
3919,105,117,51198,2293,946509,2120800
3920,118,101,51080,2310,946610,1935700
3921,112,96,50968,2326,946706,2009100
3922,136,113,50832,2349,946819,2113100
3923,128,117,50704,2360,946936,1939200
3924,119,110,50585,2369,947046,2105400
3925,128,127,50457,2370,947173,2023100
3926,121,116,50336,2375,947289,2316000
3927,127,122,50209,2380,947411,1924000
3928,128,119,50081,2389,947530,1939100
3929,106,119,49975,2376,947649,1930800
3930,133,129,49842,2380,947778,2334300
3931,136,135,49706,2381,947913,2106600
3932,104,104,49602,2381,948017,2257700
3933,106,129,49496,2358,948146,1887100
3934,106,131,49390,2333,948277,2072700
3935,114,124,49276,2323,948401,2058500
3936,108,108,49168,2323,948509,2108600
3937,105,116,49063,2312,948625,1923100
3938,120,117,48943,2315,948742,1972900
3939,107,107,48836,2315,948849,1983400
3940,122,116,48714,2321,948965,2443500
3941,127,126,48587,2322,949091,1951500
3942,124,129,48463,2317,949220,2028800
3943,107,96,48356,2328,949316,1973000
3944,100,98,48256,2330,949414,2215800
3945,123,110,48133,2343,949524,1941700
3946,120,116,48013,2347,949640,1963300
3947,126,124,47887,2349,949764,2168200
3948,124,139,47763,2334,949903,1956200
3949,115,103,47648,2346,950006,2167300
3950,121,124,47527,2343,950130,1977700
3951,109,104,47418,2348,950234,2195700
3952,124,116,47294,2356,950350,1946800
3953,91,140,47203,2307,950490,1966900
3954,118,106,47085,2319,950596,1962200
3955,113,109,46972,2323,950705,2096700
3956,121,106,46851,2338,950811,2086100
3957,113,113,46738,2338,950924,2093800
3958,125,121,46613,2342,951045,2022200
3959,121,127,46492,2336,951172,2127900
3960,90,123,46402,2303,951295,2030100
3961,105,111,46297,2297,951406,2050400
3962,108,115,46189,2290,951521,1995000
3963,121,123,46068,2288,951644,2012600
3964,104,118,45964,2274,951762,1996800
3965,113,114,45851,2273,951876,1919700
3966,128,91,45723,2310,951967,1880700
3967,106,135,45617,2281,952102,1997600
3968,123,129,45494,2275,952231,2286700
3969,109,93,45385,2291,952324,2111900
3970,100,126,45285,2265,952450,2060700
3971,106,125,45179,2246,952575,1945800
3972,104,99,45075,2251,952674,1995400
3973,101,108,44974,2244,952782,1960800
3974,93,124,44881,2213,952906,1975700
3975,105,118,44776,2200,953024,2014400
3976,116,122,44660,2194,953146,2194500
3977,111,102,44549,2203,953248,1959200
3978,105,109,44444,2199,953357,2199300
3979,109,101,44335,2207,953458,1999900
3980,99,120,44236,2186,953578,2269300
3981,111,113,44125,2184,953691,2029100
3982,101,125,44024,2160,953816,2197200
3983,99,109,43925,2150,953925,1958600
3984,93,110,43832,2133,954035,2044800
3985,91,127,43741,2097,954162,1905200
3986,100,121,43641,2076,954283,2010500
3987,96,125,43545,2047,954408,1968400
3988,100,103,43445,2044,954511,1972300
3989,111,93,43334,2062,954604,2009600
3990,121,109,43213,2074,954713,1957300
3991,87,92,43126,2069,954805,2247900
3992,100,107,43026,2062,954912,2171300
3993,104,94,42922,2072,955006,2159500
3994,96,105,42826,2063,955111,2060700
3995,126,95,42700,2094,955206,1982100
3996,111,106,42589,2099,955312,2209600
3997,112,100,42477,2111,955412,1940800
3998,117,96,42360,2132,955508,2257800
3999,107,98,42253,2141,955606,1967700
4000,93,98,42160,2136,955704,2249800
4001,108,103,42052,2141,955807,2028600
4002,113,113,41939,2141,955920,1880100
4003,113,102,41826,2152,956022,2042700
4004,115,107,41711,2160,956129,2016400
4005,110,88,41601,2182,956217,2079400
4006,110,120,41491,2172,956337,1989500
4007,123,132,41368,2163,956469,2012900
4008,117,122,41251,2158,956591,2300900
4009,109,111,41142,2156,956702,2039700
4010,115,85,41027,2186,956787,1992600
4011,100,95,40927,2191,956882,2169700
4012,98,102,40829,2187,956984,2019800
4013,123,95,40706,2215,957079,2142300
4014,102,118,40604,2199,957197,1955700
4015,112,110,40492,2201,957307,2303700
4016,112,114,40380,2199,957421,2180500
4017,94,108,40286,2185,957529,2092800
4018,107,83,40179,2209,957612,2058100
4019,104,108,40075,2205,957720,2344600
4020,119,94,39956,2230,957814,4078900
4021,112,103,39844,2239,957917,1981400
4022,117,116,39727,2240,958033,1899500
4023,135,113,39592,2262,958146,1987100
4024,126,99,39466,2289,958245,2262400
4025,119,118,39347,2290,958363,2072800
4026,121,104,39226,2307,958467,2089500
4027,129,126,39097,2310,958593,2463400
4028,110,98,38987,2322,958691,2419200
4029,99,132,38888,2289,958823,2048800
4030,106,118,38782,2277,958941,2081300
4031,105,120,38677,2262,959061,1929100
4032,95,110,38582,2247,959171,1936300
4033,100,117,38482,2230,959288,2179600
4034,91,125,38391,2196,959413,2194400
4035,109,97,38282,2208,959510,8389900
4036,103,102,38179,2209,959612,2521900
4037,92,97,38087,2204,959709,2220900
4038,96,105,37991,2195,959814,2243800
4039,103,114,37888,2184,959928,1924500
4040,96,118,37792,2162,960046,1851200
4041,99,107,37693,2154,960153,2111800
4042,111,96,37582,2169,960249,2347400
4043,120,130,37462,2159,960379,2069700
4044,104,102,37358,2161,960481,2084600
4045,104,119,37254,2146,960600,2022400
4046,102,110,37152,2138,960710,2157500
4047,90,95,37062,2133,960805,1909300
4048,128,103,36934,2158,960908,1909000
4049,100,99,36834,2159,961007,2231200
4050,94,97,36740,2156,961104,1909200
4051,104,116,36636,2144,961220,1828600
4052,91,91,36545,2144,961311,2093000
4053,94,111,36451,2127,961422,2018300
4054,81,94,36370,2114,961516,2050700
4055,88,115,36282,2087,961631,2187500
4056,99,108,36183,2078,961739,1921400
4057,99,92,36084,2085,961831,2160000
4058,106,98,35978,2093,961929,2167800
4059,95,106,35883,2082,962035,1930900
4060,96,108,35787,2070,962143,1982600
4061,107,103,35680,2074,962246,1942200
4062,111,91,35569,2094,962337,2028800
4063,100,98,35469,2096,962435,2018300
4064,100,95,35369,2101,962530,2110500
4065,107,114,35262,2094,962644,1871300
4066,92,84,35170,2102,962728,1856000
4067,100,106,35070,2096,962834,1863600
4068,103,115,34967,2084,962949,1896000
4069,101,99,34866,2086,963048,1925900
4070,106,109,34760,2083,963157,1962300
4071,100,102,34660,2081,963259,1991200
4072,84,125,34576,2040,963384,1893700
4073,89,117,34487,2012,963501,1977900
4074,88,105,34399,1995,963606,1905800
4075,97,115,34302,1977,963721,2284100
4076,86,104,34216,1959,963825,2044900
4077,98,86,34118,1971,963911,2145700
4078,99,83,34019,1987,963994,1831400
4079,99,87,33920,1999,964081,1972800
4080,98,106,33822,1991,964187,1933100
4081,101,113,33721,1979,964300,1986200
4082,88,100,33633,1967,964400,1907300
4083,90,85,33543,1972,964485,1921600
4084,103,93,33440,1982,964578,1852900
4085,94,93,33346,1983,964671,1973900
4086,90,106,33256,1967,964777,2048900
4087,110,84,33146,1993,964861,2146500
4088,80,94,33066,1979,964955,1895600
4089,89,112,32977,1956,965067,1890000
4090,108,100,32869,1964,965167,1771400
4091,78,79,32791,1963,965246,1767000
4092,90,102,32701,1951,965348,1816800
4093,83,104,32618,1930,965452,1824800
4094,98,99,32520,1929,965551,1907600
4095,88,93,32432,1924,965644,1851200
4096,86,84,32346,1926,965728,1939400
4097,84,117,32262,1893,965845,1914200
4098,88,100,32174,1881,965945,1868000
4099,98,113,32076,1866,966058,1952300
4100,90,88,31986,1868,966146,1979500
4101,89,82,31897,1875,966228,1937200
4102,91,103,31806,1863,966331,1904600
4103,105,101,31701,1867,966432,2042600
4104,82,95,31619,1854,966527,1971000
4105,83,110,31536,1827,966637,2267600
4106,87,95,31449,1819,966732,1892000
4107,88,107,31361,1800,966839,1864800
4108,83,84,31278,1799,966923,1775300
4109,81,97,31197,1783,967020,1976300
4110,81,88,31116,1776,967108,1766100
4111,82,86,31034,1772,967194,1851400
4112,70,82,30964,1760,967276,1802900
4113,80,84,30884,1756,967360,1762800
4114,75,85,30809,1746,967445,1787500
4115,86,97,30723,1735,967542,1776100
4116,87,83,30636,1739,967625,1804800
4117,93,91,30543,1741,967716,2018100
4118,82,77,30461,1746,967793,1830400
4119,94,95,30367,1745,967888,1785400
4120,90,89,30277,1746,967977,2005600
4121,75,84,30202,1737,968061,1735900
4122,85,99,30117,1723,968160,1729700
4123,94,84,30023,1733,968244,1720400
4124,89,84,29934,1738,968328,1812300
4125,102,69,29832,1771,968397,2046500
4126,96,97,29736,1770,968494,1734000
4127,85,81,29651,1774,968575,1779000
4128,85,84,29566,1775,968659,1916300
4129,69,96,29497,1748,968755,2073700
4130,97,86,29400,1759,968841,1864200
4131,89,81,29311,1767,968922,1841300
4132,93,97,29218,1763,969019,1724300
4133,85,68,29133,1780,969087,1737200
4134,97,85,29036,1792,969172,1816500
4135,85,96,28951,1781,969268,1994600
4136,84,91,28867,1774,969359,1852300
4137,96,94,28771,1776,969453,1800600
4138,83,104,28688,1755,969557,1854500
4139,86,100,28602,1741,969657,1833800
4140,80,93,28522,1728,969750,1751200
4141,83,93,28439,1718,969843,1817700
4142,75,94,28364,1699,969937,1818200
4143,76,92,28288,1683,970029,2146800
4144,68,88,28220,1663,970117,1785400
4145,67,95,28153,1635,970212,1812000
4146,69,94,28084,1610,970306,1814700
4147,79,77,28005,1612,970383,1744100
4148,70,82,27935,1600,970465,1836200
4149,76,85,27859,1591,970550,1828000
4150,82,53,27777,1620,970603,1927900
4151,66,86,27711,1600,970689,1836800
4152,87,68,27624,1619,970757,1744000
4153,73,79,27551,1613,970836,1862400
4154,74,70,27477,1617,970906,2033000
4155,62,81,27415,1598,970987,1837600
4156,61,89,27354,1570,971076,2013700
4157,70,64,27284,1576,971140,2090100
4158,70,80,27214,1566,971220,2252900
4159,63,83,27151,1546,971303,1782600
4160,64,91,27087,1519,971394,1856800
4161,60,75,27027,1504,971469,1826000
4162,74,72,26953,1506,971541,1897400
4163,69,61,26884,1514,971602,1750500
4164,83,77,26801,1520,971679,1932600
4165,66,86,26735,1500,971765,1810300
4166,80,80,26655,1500,971845,1806900
4167,87,69,26568,1518,971914,1808800
4168,77,65,26491,1530,971979,1803800
4169,72,78,26419,1524,972057,1967700
4170,64,88,26355,1500,972145,1865800
4171,67,81,26288,1486,972226,1800400
4172,65,79,26223,1472,972305,1816500
4173,56,70,26167,1458,972375,2053600
4174,62,68,26105,1452,972443,1845200
4175,57,73,26048,1436,972516,2208900
4176,69,81,25979,1424,972597,2323000
4177,70,70,25909,1424,972667,1864300
4178,63,69,25846,1418,972736,1808900
4179,67,62,25779,1423,972798,1842400
4180,71,76,25708,1418,972874,1938900
4181,68,66,25640,1420,972940,1861000
4182,53,75,25587,1398,973015,1845300
4183,70,68,25517,1400,973083,1870000
4184,52,67,25465,1385,973150,1860300
4185,68,64,25397,1389,973214,1770000
4186,66,58,25331,1397,973272,1828000
4187,67,73,25264,1391,973345,1818800
4188,65,91,25199,1365,973436,2056800
4189,67,78,25132,1354,973514,1781900
4190,52,60,25080,1346,973574,1826100
4191,43,78,25037,1311,973652,1822800
4192,55,63,24982,1303,973715,1904800
4193,62,68,24920,1297,973783,1811700
4194,68,63,24852,1302,973846,1888200
4195,55,60,24797,1297,973906,1836200
4196,59,59,24738,1297,973965,1849100
4197,67,67,24671,1297,974032,1849300
4198,57,61,24614,1293,974093,2058800
4199,64,56,24550,1301,974149,1798900
4200,71,61,24479,1311,974210,1880500
4201,65,58,24414,1318,974268,1789800
4202,64,66,24350,1316,974334,1982200
4203,68,72,24282,1312,974406,2058200
4204,66,58,24216,1320,974464,1783200
4205,45,77,24171,1288,974541,2112300
4206,58,60,24113,1286,974601,1835000
4207,59,66,24054,1279,974667,1831800
4208,44,77,24010,1246,974744,1910700
4209,46,67,23964,1225,974811,1728500
4210,55,59,23909,1221,974870,1797000
4211,73,66,23836,1228,974936,2213200
4212,52,67,23784,1213,975003,1834200
4213,47,61,23737,1199,975064,1787400
4214,55,58,23682,1196,975122,2101200
4215,53,52,23629,1197,975174,1799400
4216,52,58,23577,1191,975232,1916500
4217,51,61,23526,1181,975293,1785500
4218,42,54,23484,1169,975347,1848900
4219,53,57,23431,1165,975404,1835600
4220,50,53,23381,1162,975457,1945500
4221,50,56,23331,1156,975513,1790700
4222,50,53,23281,1153,975566,1794800
4223,48,61,23233,1140,975627,1715600
4224,48,66,23185,1122,975693,1771700
4225,38,53,23147,1107,975746,1844300
4226,52,55,23095,1104,975801,1760800
4227,53,47,23042,1110,975848,1775200
4228,58,56,22984,1112,975904,1779000
4229,60,50,22924,1122,975954,2090700
4230,55,67,22869,1110,976021,1818500
4231,52,66,22817,1096,976087,1889600
4232,55,59,22762,1092,976146,1811500
4233,54,51,22708,1095,976197,1753300
4234,49,53,22659,1091,976250,1815800
4235,50,55,22609,1086,976305,1727200
4236,45,52,22564,1079,976357,1822800
4237,44,50,22520,1073,976407,1779300
4238,59,64,22461,1068,976471,1897700
4239,48,49,22413,1067,976520,1825700
4240,59,56,22354,1070,976576,1830700
4241,47,51,22307,1066,976627,2004400
4242,51,48,22256,1069,976675,1795900
4243,62,48,22194,1083,976723,1803200
4244,48,53,22146,1078,976776,2223200
4245,57,69,22089,1066,976845,1926200
4246,34,46,22055,1054,976891,2071600
4247,44,55,22011,1043,976946,2119100
4248,45,73,21966,1015,977019,1801300
4249,56,57,21910,1014,977076,2106700
4250,47,41,21863,1020,977117,1831100
4251,41,45,21822,1016,977162,1886800
4252,46,47,21776,1015,977209,1785000
4253,42,46,21734,1011,977255,1805500
4254,40,47,21694,1004,977302,1733300
4255,47,54,21647,997,977356,1974600
4256,39,48,21608,988,977404,1885800
4257,37,51,21571,974,977455,1783400
4258,35,53,21536,956,977508,1848200
4259,53,39,21483,970,977547,1823300
4260,43,64,21440,949,977611,1852100
4261,50,56,21390,943,977667,1859900
4262,58,44,21332,957,977711,1811300
4263,56,51,21276,962,977762,1792700
4264,44,50,21232,956,977812,1899200
4265,39,40,21193,955,977852,1744800
4266,45,55,21148,945,977907,1777200
4267,56,43,21092,958,977950,1804900
4268,42,42,21050,958,977992,1867700
4269,35,44,21015,949,978036,1791600
4270,40,32,20975,957,978068,1891600
4271,45,44,20930,958,978112,1834600
4272,37,52,20893,943,978164,1798700
4273,52,51,20841,944,978215,1811800
4274,52,44,20789,952,978259,1816700
4275,60,50,20729,962,978309,1816700
4276,41,58,20688,945,978367,1779500
4277,48,41,20640,952,978408,1788200
4278,30,40,20610,942,978448,1842500
4279,39,36,20571,945,978484,2019500
4280,34,39,20537,940,978523,1978900
4281,50,49,20487,941,978572,1987900
4282,45,54,20442,932,978626,1773800
4283,39,48,20403,923,978674,1884000
4284,41,41,20362,923,978715,1780300
4285,31,46,20331,908,978761,1805500
4286,36,52,20295,892,978813,1811900
4287,44,36,20251,900,978849,1975900
4288,35,40,20216,895,978889,1857900
4289,39,47,20177,887,978936,1844500
4290,33,44,20144,876,978980,1810000
4291,36,36,20108,876,979016,1841800
4292,42,37,20066,881,979053,1896700
4293,49,44,20017,886,979097,1934100
4294,32,46,19985,872,979143,1802200
4295,50,46,19935,876,979189,1905700
4296,45,41,19890,880,979230,1800800
4297,38,45,19852,873,979275,1807900
4298,32,49,19820,856,979324,1954600
4299,40,46,19780,850,979370,1793700
4300,32,41,19748,841,979411,1971100
4301,42,51,19706,832,979462,1863000
4302,36,47,19670,821,979509,1918600
4303,37,43,19633,815,979552,1962000
4304,26,47,19607,794,979599,1916600
4305,33,42,19574,785,979641,1824800
4306,38,30,19536,793,979671,1837900
4307,34,41,19502,786,979712,1705700
4308,38,35,19464,789,979747,1778200
4309,37,46,19427,780,979793,1824600
4310,35,35,19392,780,979828,1801200
4311,48,32,19344,796,979860,1748100
4312,40,41,19304,795,979901,1829600
4313,41,51,19263,785,979952,1840800
4314,38,40,19225,783,979992,1708000
4315,46,42,19179,787,980034,1817100
4316,38,41,19141,784,980075,1792600
4317,39,32,19102,791,980107,1799900
4318,34,44,19068,781,980151,1761100
4319,34,45,19034,770,980196,1794500
4320,34,44,19000,760,980240,1879900
4321,39,46,18961,753,980286,1880700
4322,32,38,18929,747,980324,1792000
4323,41,37,18888,751,980361,2161800
4324,35,32,18853,754,980393,1992200
4325,25,35,18828,744,980428,1976600
4326,33,41,18795,736,980469,1851700
4327,29,39,18766,726,980508,2073900
4328,42,34,18724,734,980542,1859900
4329,38,32,18686,740,980574,1769500
4330,26,31,18660,735,980605,1815900
4331,33,35,18627,733,980640,1810400
4332,24,24,18603,733,980664,1743500
4333,34,37,18569,730,980701,1833200
4334,33,43,18536,720,980744,1793300
4335,35,41,18501,714,980785,1983400
4336,38,34,18463,718,980819,1802200
4337,38,50,18425,706,980869,1812800
4338,28,49,18397,685,980918,1778500
4339,29,28,18368,686,980946,2124000
4340,31,29,18337,688,980975,1853100
4341,34,24,18303,698,980999,1912300
4342,30,42,18273,686,981041,1732600
4343,26,31,18247,681,981072,2280900
4344,26,35,18221,672,981107,2006800
4345,22,33,18199,661,981140,1960700
4346,26,30,18173,657,981170,2039500
4347,20,39,18153,638,981209,1752700
4348,25,36,18128,627,981245,2064600
4349,24,25,18104,626,981270,1842700
4350,36,28,18068,634,981298,1878700
4351,29,29,18039,634,981327,1789400
4352,31,40,18008,625,981367,1947300
4353,32,33,17976,624,981400,1697800
4354,23,26,17953,621,981426,1685400
4355,25,36,17928,610,981462,1697300
4356,28,27,17900,611,981489,1751300
4357,20,25,17880,606,981514,1859100
4358,31,31,17849,606,981545,1685800
4359,38,26,17811,618,981571,2010100
4360,31,31,17780,618,981602,1852900
4361,31,21,17749,628,981623,1782900
4362,33,16,17716,645,981639,1820900
4363,37,37,17679,645,981676,1754000
4364,26,35,17653,636,981711,1797100
4365,30,30,17623,636,981741,1816500
4366,31,29,17592,638,981770,1728200
4367,34,32,17558,640,981802,2008300
4368,25,26,17533,639,981828,1815400
4369,38,27,17495,650,981855,1797700
4370,35,32,17460,653,981887,1780300
4371,36,31,17424,658,981918,2012400
4372,28,33,17396,653,981951,1749700
4373,28,34,17368,647,981985,1794200
4374,40,33,17328,654,982018,1774400
4375,27,27,17301,654,982045,1802900
4376,24,26,17277,652,982071,1793300
4377,27,25,17250,654,982096,1762900
4378,31,33,17219,652,982129,1822300
4379,23,31,17196,644,982160,1699100
4380,32,37,17164,639,982197,1791300
4381,28,39,17136,628,982236,1825000
4382,28,28,17108,628,982264,2109600
4383,28,24,17080,632,982288,1868700
4384,21,38,17059,615,982326,1797900
4385,31,35,17028,611,982361,1987500
4386,29,28,16999,612,982389,1707700
4387,39,23,16960,628,982412,1828200
4388,23,26,16937,625,982438,1832600
4389,27,28,16910,624,982466,1802600
4390,30,27,16880,627,982493,1794500
4391,30,25,16850,632,982518,1844100
4392,25,38,16825,619,982556,1708900
4393,20,40,16805,599,982596,1834100
4394,25,39,16780,585,982635,1777400
4395,24,25,16756,584,982660,1819800
4396,32,24,16724,592,982684,1690000
4397,34,27,16690,599,982711,1813300
4398,25,22,16665,602,982733,1708700
4399,21,30,16644,593,982763,1754600
4400,32,20,16612,605,982783,1793300
4401,33,21,16579,617,982804,1777000
4402,30,35,16549,612,982839,1802600
4403,22,23,16527,611,982862,1803000
4404,32,20,16495,623,982882,1872900
4405,25,38,16470,610,982920,1819900
4406,24,37,16446,597,982957,1863300
4407,26,35,16420,588,982992,1863900
4408,20,25,16400,583,983017,1720700
4409,26,30,16374,579,983047,1793400
4410,27,28,16347,578,983075,1756000
4411,24,24,16323,578,983099,1805500
4412,23,34,16300,567,983133,1957300
4413,18,20,16282,565,983153,1792000
4414,16,42,16266,539,983195,1793900
4415,21,26,16245,534,983221,1786800
4416,24,23,16221,535,983244,1806500
4417,23,28,16198,530,983272,1782200
4418,23,28,16175,525,983300,1798500
4419,17,30,16158,512,983330,1772100
4420,19,26,16139,505,983356,1849300
4421,17,31,16122,491,983387,1718600
4422,21,18,16101,494,983405,1812900
4423,18,30,16083,482,983435,1776900
4424,25,31,16058,476,983466,1798900
4425,21,21,16037,476,983487,1798900
4426,15,16,16022,475,983503,1794400
4427,14,23,16008,466,983526,1795200
4428,16,23,15992,459,983549,1785300
4429,16,20,15976,455,983569,2064100
4430,19,29,15957,445,983598,1806800
4431,16,21,15941,440,983619,1800800
4432,17,21,15924,436,983640,1781700
4433,13,32,15911,417,983672,1783900
4434,17,25,15894,409,983697,1749400
4435,12,26,15882,395,983723,1794600
4436,11,25,15871,381,983748,1713400
4437,13,19,15858,375,983767,1796500
4438,7,21,15851,361,983788,1740100
4439,12,16,15839,357,983804,1799500
4440,19,24,15820,352,983828,1796000
4441,7,17,15813,342,983845,1784500
4442,9,14,15804,337,983859,1818200
4443,7,19,15797,325,983878,1919600
4444,11,11,15786,325,983889,1815300
4445,11,15,15775,321,983904,1828800
4446,11,13,15764,319,983917,2042300
4447,9,16,15755,312,983933,1853000
4448,10,13,15745,309,983946,1862100
4449,14,8,15731,315,983954,1985100
4450,10,13,15721,312,983967,1834100
4451,9,11,15712,310,983978,1764900
4452,7,16,15705,301,983994,1750300
4453,16,18,15689,299,984012,1812900
4454,4,13,15685,290,984025,1934100
4455,4,17,15681,277,984042,1748800
4456,9,14,15672,272,984056,1988500
4457,8,17,15664,263,984073,1793200
4458,7,12,15657,258,984085,1885600
4459,4,18,15653,244,984103,1797600
4460,10,6,15643,248,984109,1820000
4461,5,12,15638,241,984121,1758000
4462,7,7,15631,241,984128,1804100
4463,6,13,15625,234,984141,1961400
4464,2,11,15623,225,984152,1800000
4465,6,10,15617,221,984162,1800900
4466,7,18,15610,210,984180,1782800
4467,5,13,15605,202,984193,1802400
4468,4,15,15601,191,984208,1718100
4469,5,11,15596,185,984219,1785900
4470,5,11,15591,179,984230,1777600
4471,2,9,15589,172,984239,1785500
4472,6,7,15583,171,984246,1753000
4473,6,12,15577,165,984258,1782300
4474,6,10,15571,161,984268,1862900
4475,2,7,15569,156,984275,1730700
4476,7,11,15562,152,984286,1798600
4477,6,8,15556,150,984294,1797400
4478,6,7,15550,149,984301,1832200
4479,10,7,15540,152,984308,1777400
4480,6,11,15534,147,984319,1796400
4481,2,4,15532,145,984323,1785800
4482,2,4,15530,143,984327,1789600
4483,2,7,15528,138,984334,1792100
4484,4,7,15524,135,984341,1791900
4485,7,3,15517,139,984344,1803700
4486,1,9,15516,131,984353,2059800
4487,2,3,15514,130,984356,1788800
4488,5,8,15509,127,984364,1781500
4489,3,3,15506,127,984367,1791400
4490,2,8,15504,121,984375,1788800
4491,1,3,15503,119,984378,1792200
4492,1,8,15502,112,984386,2098300
4493,3,6,15499,109,984392,1837100
4494,1,7,15498,103,984399,1768900
4495,2,5,15496,100,984404,1842400
4496,2,6,15494,96,984410,1997400
4497,4,3,15490,97,984413,1740600
4498,1,6,15489,92,984419,1899800
4499,1,8,15488,85,984427,1780900
4500,2,5,15486,82,984432,2133500
4501,0,4,15486,78,984436,1813000
4502,1,4,15485,75,984440,1885000
4503,2,4,15483,73,984444,1862600
4504,2,6,15481,69,984450,2054900
4505,0,6,15481,63,984456,1758600
4506,1,4,15480,60,984460,1801900
4507,2,4,15478,58,984464,1817300
4508,0,3,15478,55,984467,1794300
4509,0,2,15478,53,984469,1850000
4510,2,3,15476,52,984472,1697000
4511,1,4,15475,49,984476,1770700
4512,1,3,15474,47,984479,1789500
4513,1,2,15473,46,984481,1829700
4514,0,3,15473,43,984484,1790800
4515,0,4,15473,39,984488,1740800
4516,1,2,15472,38,984490,1773300
4517,2,1,15470,39,984491,1755100
4518,1,2,15469,38,984493,1798400
4519,1,0,15468,39,984493,1793100
4520,0,4,15468,35,984497,1791900
4521,0,4,15468,31,984501,1995100
4522,0,1,15468,30,984502,1991300
4523,0,1,15468,29,984503,1754700
4524,0,0,15468,29,984503,1800600
4525,0,2,15468,27,984505,1755200
4526,0,1,15468,26,984506,1802700
4527,0,0,15468,26,984506,1803900
4528,1,2,15467,25,984508,1687300
4529,0,0,15467,25,984508,1978900
4530,0,1,15467,24,984509,2102100
4531,0,2,15467,22,984511,2083500
4532,0,0,15467,22,984511,1824100
4533,0,0,15467,22,984511,1823300
4534,0,1,15467,21,984512,1939300
4535,0,1,15467,20,984513,1775100
4536,0,3,15467,17,984516,1866000
4537,0,0,15467,17,984516,1842100
4538,0,0,15467,17,984516,1822100
4539,0,1,15467,16,984517,3767000
4540,0,1,15467,15,984518,2629800
4541,0,1,15467,14,984519,3090100
4542,0,0,15467,14,984519,2490300
4543,0,0,15467,14,984519,2205800
4544,0,0,15467,14,984519,2499500
4545,0,0,15467,14,984519,2917700
4546,0,1,15467,13,984520,2230900
4547,0,1,15467,12,984521,1995500
4548,0,0,15467,12,984521,1917300
4549,0,0,15467,12,984521,1876500
4550,0,0,15467,12,984521,2254900
4551,0,1,15467,11,984522,1944700
4552,0,0,15467,11,984522,2262200
4553,0,0,15467,11,984522,1909500
4554,0,2,15467,9,984524,1938200
4555,0,1,15467,8,984525,2167800
4556,0,0,15467,8,984525,1955100
4557,0,0,15467,8,984525,1943000
4558,0,0,15467,8,984525,1839700
4559,0,1,15467,7,984526,1926900
4560,0,0,15467,7,984526,1835100
4561,0,0,15467,7,984526,1934500
4562,0,0,15467,7,984526,2131300
4563,0,0,15467,7,984526,2140300
4564,0,1,15467,6,984527,1823400
4565,0,0,15467,6,984527,1960400
4566,0,1,15467,5,984528,1867500
4567,0,0,15467,5,984528,1803700
4568,0,0,15467,5,984528,1939700
4569,0,0,15467,5,984528,1780800
4570,0,2,15467,3,984530,1785500
4571,0,0,15467,3,984530,2144000
4572,0,0,15467,3,984530,2023300
4573,0,0,15467,3,984530,2024400
4574,0,0,15467,3,984530,2304800
4575,0,0,15467,3,984530,1774200
4576,0,0,15467,3,984530,1911500
4577,0,0,15467,3,984530,1841000
4578,0,0,15467,3,984530,1763300
4579,0,0,15467,3,984530,1796100
4580,0,0,15467,3,984530,2073700
4581,0,0,15467,3,984530,1830100
4582,0,0,15467,3,984530,1839300
4583,0,0,15467,3,984530,2140200
4584,0,0,15467,3,984530,2067500
4585,0,0,15467,3,984530,2265000
4586,0,0,15467,3,984530,1831200
4587,0,0,15467,3,984530,2087200
4588,0,0,15467,3,984530,1931600
4589,0,0,15467,3,984530,2066500
4590,0,0,15467,3,984530,1917900
4591,0,1,15467,2,984531,1878600
4592,0,0,15467,2,984531,1829700
4593,0,1,15467,1,984532,1903300
4594,0,0,15467,1,984532,1785900
4595,0,0,15467,1,984532,2061400
4596,0,0,15467,1,984532,2014400
4597,0,1,15467,0,984533,1831500
